data/working_set_collections/6091692-Cassins_Sparrow-M2/1990/albedo_avg.asc
NCOLS 265 
NROWS 230 
XLLCORNER -115.5625 
YLLCORNER 24.8333333333333 
CELLSIZE 0.0833333333333333 
NODATA_value -9999 
[rows 20 to 39 of 230, columns 176 to 219 of 265]
0.220950692892075 0.220189601182938 0.219428509473801 0.218828126788139 0.218709856271744 0.218591600656509 0.218473345041275 0.218355089426041 0.218236818909645 0.218118563294411 0.218000307679176 0.218226402997971 0.218567296862602 0.218908175826073 0.219249054789543 0.219589948654175 0.219930827617645 0.220271706581116 0.220589742064476 0.220839247107506 0.221088737249374 0.221338242292404 0.221587732434273 0.221837237477303 0.222086727619171 0.22233621776104 0.222388371825218 0.222374722361565 0.222361072897911 0.222347438335419 0.222333788871765 0.222320154309273 0.222306504845619 0.222455620765686 0.223093017935753 0.22373041510582 0.224367812275887 0.225005209445953 0.22564260661602 0.226280003786087 0.226917400956154 0.227020099759102 0.22694456577301 0.226869031786919
0.220877170562744 0.220205292105675 0.219533413648605 0.219006419181824 0.218914106488228 0.218821778893471 0.218729466199875 0.218637138605118 0.218544811010361 0.218452498316765 0.218360170722008 0.218541771173477 0.218814671039581 0.219087570905685 0.219360485672951 0.219633385539055 0.219906285405159 0.220179200172424 0.220472544431686 0.220827266573906 0.221181973814964 0.221536681056023 0.221891388297081 0.222246095538139 0.222600802779198 0.222955524921417 0.223253265023232 0.223532035946846 0.223810791969299 0.224089562892914 0.224368318915367 0.224647089838982 0.224925845861435 0.225240588188171 0.225663229823112 0.226085886359215 0.226508542895317 0.226931199431419 0.227353855967522 0.227776512503624 0.228199169039726 0.228254020214081 0.228186279535294 0.228118538856506
0.220803648233414 0.220220983028412 0.21963831782341 0.219184726476669 0.219118341803551 0.219051957130432 0.218985572457314 0.218919187784195 0.218852803111076 0.218786418437958 0.218720033764839 0.218857124447823 0.219062060117722 0.219266980886459 0.219471901655197 0.219676837325096 0.219881758093834 0.220086678862572 0.220355346798897 0.220815271139145 0.221275195479393 0.221735119819641 0.222195044159889 0.222654968500137 0.223114892840385 0.223574817180634 0.224118173122406 0.224689334630966 0.225260511040688 0.225831672549248 0.226402848958969 0.226974010467529 0.227545186877251 0.228025540709496 0.228233456611633 0.228441372513771 0.228649273514748 0.228857189416885 0.229065105319023 0.229273021221161 0.229480937123299 0.22948794066906 0.229427993297577 0.229368045926094
0.220730125904083 0.22023668885231 0.219743236899376 0.219363033771515 0.219322592020035 0.219282135367393 0.219241693615913 0.219201236963272 0.219160795211792 0.219120338559151 0.219079896807671 0.219172492623329 0.219309434294701 0.219446390867233 0.219583332538605 0.219720274209976 0.219857215881348 0.219994157552719 0.220238149166107 0.220803290605545 0.221368432044983 0.22193355858326 0.222498700022697 0.223063841462135 0.223628968000412 0.22419410943985 0.224983066320419 0.225846648216248 0.226710230112076 0.227573797106743 0.228437379002571 0.229300945997238 0.230164527893066 0.23081049323082 0.230803668498993 0.230796843767166 0.230790004134178 0.230783179402351 0.230776354670525 0.230769515037537 0.23076269030571 0.230721861124039 0.23066970705986 0.230617552995682
0.220464706420898 0.220059037208557 0.219653353095055 0.219352021813393 0.219363734126091 0.219375446438789 0.219387143850327 0.219398856163025 0.219410553574562 0.21942226588726 0.219433978199959 0.219518572092056 0.219627484679222 0.219736397266388 0.219845294952393 0.219954207539558 0.220063120126724 0.220172017812729 0.220402464270592 0.220997512340546 0.221592575311661 0.222187623381615 0.222782671451569 0.223377734422684 0.223972782492638 0.224567830562592 0.225419387221336 0.22635643184185 0.227293491363525 0.2282305508852 0.229167595505714 0.23010465502739 0.231041714549065 0.231711775064468 0.231580898165703 0.231450021266937 0.231319144368172 0.231188267469406 0.231057390570641 0.230926513671875 0.230795636773109 0.230705827474594 0.230629712343216 0.230553597211838
0.220007389783859 0.219688042998314 0.219368696212769 0.219151720404625 0.219241797924042 0.219331875443459 0.219421952962875 0.219512030482292 0.219602108001709 0.219692185521126 0.219782263040543 0.219895392656326 0.220016196370125 0.220137014985085 0.220257818698883 0.220378637313843 0.220499455928802 0.220620259642601 0.22084829211235 0.221397951245308 0.221947625279427 0.222497299313545 0.223046973347664 0.223596647381783 0.22414630651474 0.224695980548859 0.225427106022835 0.226218715310097 0.227010309696198 0.227801918983459 0.228593528270721 0.229385137557983 0.230176731944084 0.230729386210442 0.230565160512924 0.230400919914246 0.230236694216728 0.23007245361805 0.229908227920532 0.229744002223015 0.229579761624336 0.229439839720726 0.229308009147644 0.229176178574562
0.21955007314682 0.219317063689232 0.219084039330482 0.218951404094696 0.219119846820831 0.219288289546967 0.219456747174263 0.219625189900398 0.219793647527695 0.21996209025383 0.220130547881126 0.220272198319435 0.220404908061028 0.220537632703781 0.220670342445374 0.220803067088127 0.22093577682972 0.221068501472473 0.221294105052948 0.22179839015007 0.222302690148354 0.222806975245476 0.223311260342598 0.223815560340881 0.224319845438004 0.224824130535126 0.225434824824333 0.226080983877182 0.226727142930031 0.22737330198288 0.228019446134567 0.228665605187416 0.229311764240265 0.229746982455254 0.229549407958984 0.229351818561554 0.229154229164124 0.228956654667854 0.228759065270424 0.228561475872993 0.228363901376724 0.228173837065697 0.227986305952072 0.227798759937286
0.219092756509781 0.218946069478989 0.218799397349358 0.218751087784767 0.218997895717621 0.219244718551636 0.219491541385651 0.219738364219666 0.21998518705368 0.220232009887695 0.22047883272171 0.220649003982544 0.22079361975193 0.220938250422478 0.221082866191864 0.221227496862411 0.221372112631798 0.221516728401184 0.221739932894707 0.222198829054832 0.222657740116119 0.223116651177406 0.223575562238693 0.22403447329998 0.224493369460106 0.224952280521393 0.225442543625832 0.225943252444267 0.226443961262703 0.226944670081139 0.227445378899574 0.22794608771801 0.228446796536446 0.228764593601227 0.228533655405045 0.228302717208862 0.22807177901268 0.227840840816498 0.227609902620316 0.227378964424133 0.227148026227951 0.226907849311829 0.226664587855339 0.226421341300011
0.218635439872742 0.218575090169907 0.218514740467072 0.218550771474838 0.218875959515572 0.219201147556305 0.219526350498199 0.219851538538933 0.220176726579666 0.220501929521561 0.220827117562294 0.221025809645653 0.221182346343994 0.221338868141174 0.221495389938354 0.221651911735535 0.221808448433876 0.221964970231056 0.222185745835304 0.222599267959595 0.223012804985046 0.223426327109337 0.223839849233627 0.224253386259079 0.224666908383369 0.22508043050766 0.22545026242733 0.225805521011353 0.226160779595375 0.226516038179398 0.226871311664581 0.227226570248604 0.227581828832626 0.2277822047472 0.227517902851105 0.227253615856171 0.226989328861237 0.226725026965141 0.226460739970207 0.226196438074112 0.225932151079178 0.225641846656799 0.225342884659767 0.225043922662735
0.218178123235703 0.218204095959663 0.218230083584785 0.218350455164909 0.218754008412361 0.219157576560974 0.219561144709587 0.2199647128582 0.220368281006813 0.220771834254265 0.221175402402878 0.221402615308762 0.221571058034897 0.221739485859871 0.221907913684845 0.222076341509819 0.222244769334793 0.222413212060928 0.222631573677063 0.222999706864357 0.223367854952812 0.223736003041267 0.224104151129723 0.224472299218178 0.224840432405472 0.225208580493927 0.225457981228828 0.225667789578438 0.225877597928047 0.226087421178818 0.226297229528427 0.226507037878036 0.226716861128807 0.226799800992012 0.226502165198326 0.226204514503479 0.225906863808632 0.225609213113785 0.225311577320099 0.225013926625252 0.224716275930405 0.224375858902931 0.224021181464195 0.223666504025459
0.217934936285019 0.217907339334488 0.217879727482796 0.217975869774818 0.218443229794502 0.218910574913025 0.219377934932709 0.219845294952393 0.220312654972076 0.22078001499176 0.221247375011444 0.221550032496452 0.221797794103622 0.222045555710793 0.222293317317963 0.222541078925133 0.222788840532303 0.223036602139473 0.223293960094452 0.223580121994019 0.223866268992424 0.224152415990829 0.224438562989235 0.22472470998764 0.225010856986046 0.225297018885612 0.225427836179733 0.225506886839867 0.225585922598839 0.225664973258972 0.225744023919106 0.225823074579239 0.225902125239372 0.225889578461647 0.22560228407383 0.225314989686012 0.225027695298195 0.224740415811539 0.224453121423721 0.224165827035904 0.223878532648087 0.223474755883217 0.223032131791115 0.222589522600174
0.217905879020691 0.217684790492058 0.217463701963425 0.217427015304565 0.217943593859673 0.218460157513618 0.218976721167564 0.219493299722672 0.220009863376617 0.220526441931725 0.22104300558567 0.221468046307564 0.221862569451332 0.222257077693939 0.222651600837708 0.223046123981476 0.223440647125244 0.223835170269012 0.224172949790955 0.224340483546257 0.224508032202721 0.224675565958023 0.224843099713326 0.225010648369789 0.225178182125092 0.225345715880394 0.225359827280045 0.225322797894478 0.22528575360775 0.225248724222183 0.225211679935455 0.225174650549889 0.225137621164322 0.225051537156105 0.224818304181099 0.224585071206093 0.224351838231087 0.224118605256081 0.223885372281075 0.223652139306068 0.223418906331062 0.222938522696495 0.222375765442848 0.22181299328804
0.217876821756363 0.217462241649628 0.217047661542892 0.216878160834312 0.217443943023682 0.218009725213051 0.218575522303581 0.21914130449295 0.21970708668232 0.220272868871689 0.220838651061058 0.221386045217514 0.221927329897881 0.222468614578247 0.223009899258614 0.223551169037819 0.224092453718185 0.224633738398552 0.225051924586296 0.225100859999657 0.225149780511856 0.225198715925217 0.225247636437416 0.225296571850777 0.225345492362976 0.225394427776337 0.225291818380356 0.225138694047928 0.224985584616661 0.224832460284233 0.224679350852966 0.224526226520538 0.224373117089272 0.224213480949402 0.224034309387207 0.223855137825012 0.223675966262817 0.223496794700623 0.223317623138428 0.223138451576233 0.222959280014038 0.222402304410934 0.22171938419342 0.221036478877068
0.217847779393196 0.217239692807198 0.21663162112236 0.216329321265221 0.216944307088852 0.217559307813644 0.218174308538437 0.218789294362068 0.219404295086861 0.220019295811653 0.220634281635284 0.221304059028625 0.22199210524559 0.222680136561394 0.223368182778358 0.224056214094162 0.224744260311127 0.225432306528091 0.225930914282799 0.225861221551895 0.225791543722153 0.22572186589241 0.225652173161507 0.225582495331764 0.225512817502022 0.225443124771118 0.225223809480667 0.224954605102539 0.224685415625572 0.224416211247444 0.224147006869316 0.223877802491188 0.22360859811306 0.223375424742699 0.223250314593315 0.223125204443932 0.223000094294548 0.222874984145164 0.222749873995781 0.222624763846397 0.222499638795853 0.221866071224213 0.221063002943993 0.220259949564934
0.217818722128868 0.217017158865929 0.216215595602989 0.215780466794968 0.216444671154022 0.217108890414238 0.217773094773293 0.218437299132347 0.219101503491402 0.219765707850456 0.220429927110672 0.221222072839737 0.222056865692139 0.222891673445702 0.223726466298103 0.224561259150505 0.225396066904068 0.22623085975647 0.22680988907814 0.226621598005295 0.226433306932449 0.226245015859604 0.226056709885597 0.225868418812752 0.225680127739906 0.225491836667061 0.225155800580978 0.22477051615715 0.224385231733322 0.223999947309494 0.223614662885666 0.223229378461838 0.22284409403801 0.222537368535995 0.222466319799423 0.222395271062851 0.222324222326279 0.222253173589706 0.222182124853134 0.222111061215401 0.222040012478828 0.221329838037491 0.220406636595726 0.2194834202528
0.21778966486454 0.216794610023499 0.215799555182457 0.215231612324715 0.215945035219193 0.21665845811367 0.217371881008148 0.218085303902626 0.218798726797104 0.219512134790421 0.220225557684898 0.221140086650848 0.222121641039848 0.223103195428848 0.224084749817848 0.225066319108009 0.226047873497009 0.227029427886009 0.227688863873482 0.227381959557533 0.227075055241585 0.226768150925636 0.226461261510849 0.2261543571949 0.225847452878952 0.225540548563004 0.22508779168129 0.224586427211761 0.224085062742233 0.223583698272705 0.223082333803177 0.222580969333649 0.222079589962959 0.221699327230453 0.221682339906693 0.22166533768177 0.221648350358009 0.221631363034248 0.221614375710487 0.221597373485565 0.221580386161804 0.22079361975193 0.219750255346298 0.218706890940666
0.218042925000191 0.217013776302338 0.215984627604485 0.215391010046005 0.21610401570797 0.216817021369934 0.21753004193306 0.218243047595024 0.21895606815815 0.219669073820114 0.220382079482079 0.221302419900894 0.222291871905327 0.22328132390976 0.224270775914192 0.225260227918625 0.226249694824219 0.227239146828651 0.227898165583611 0.227565914392471 0.227233663201332 0.226901412010193 0.226569160819054 0.226236909627914 0.225904658436775 0.225572407245636 0.225080490112305 0.224535331130028 0.223990172147751 0.223445028066635 0.222899869084358 0.222354710102081 0.221809551119804 0.221394583582878 0.221370175480843 0.221345767378807 0.221321359276772 0.221296951174736 0.2212725430727 0.221248134970665 0.221223711967468 0.220384478569031 0.219273641705513 0.218162789940834
0.218578532338142 0.217674657702446 0.216770797967911 0.216258630156517 0.216921612620354 0.21758459508419 0.218247577548027 0.218910545110703 0.219573527574539 0.220236510038376 0.220899492502213 0.221709102392197 0.222567588090897 0.223426058888435 0.224284544587135 0.225143030285835 0.226001515984535 0.226860001683235 0.227437779307365 0.227173447608948 0.22690911591053 0.226644784212112 0.226380452513695 0.226116105914116 0.225851774215698 0.225587442517281 0.225133880972862 0.224617227911949 0.224100574851036 0.223583936691284 0.223067283630371 0.222550630569458 0.222033992409706 0.221623167395592 0.221529856324196 0.2214365452528 0.221343249082565 0.221249938011169 0.221156626939774 0.221063315868378 0.220970004796982 0.220102429389954 0.218976780772209 0.217851132154465
0.219114124774933 0.218335539102554 0.217556968331337 0.21712626516819 0.217739209532738 0.218352153897285 0.218965098261833 0.219578057527542 0.22019100189209 0.220803946256638 0.221416890621185 0.222115769982338 0.222843289375305 0.223570808768272 0.224298313260078 0.225025832653046 0.225753352046013 0.22648087143898 0.22697739303112 0.226780980825424 0.226584568619728 0.226388141512871 0.226191729307175 0.225995302200317 0.225798889994621 0.225602477788925 0.225187256932259 0.224699124693871 0.224210977554321 0.223722845315933 0.223234698176384 0.222746551036835 0.222258418798447 0.221851751208305 0.22168955206871 0.221527338027954 0.221365123987198 0.221202924847603 0.221040710806847 0.22087849676609 0.220716297626495 0.219820395112038 0.218679919838905 0.217539459466934
0.219649732112885 0.218996435403824 0.218343138694763 0.217993885278702 0.218556806445122 0.219119712710381 0.219682633876801 0.220245555043221 0.22080847620964 0.221371382474899 0.221934303641319 0.222522437572479 0.223118990659714 0.223715543746948 0.224312081933022 0.224908635020256 0.225505173206329 0.226101726293564 0.226517006754875 0.226388514041901 0.226260006427765 0.22613151371479 0.226003006100655 0.22587451338768 0.225746005773544 0.225617498159409 0.225240647792816 0.224781021475792 0.224321380257607 0.223861753940582 0.223402112722397 0.222942471504211 0.222482845187187 0.222080335021019 0.221849232912064 0.221618115901947 0.221387013792992 0.221155896782875 0.22092479467392 0.220693692564964 0.220462575554848 0.21953834593296 0.218383058905602 0.217227786779404
