data/working_set_collections/6091692-Cassins_Sparrow-M2/1990/albedo_avg.asc
NCOLS 265 
NROWS 230 
XLLCORNER -115.5625 
YLLCORNER 24.8333333333333 
CELLSIZE 0.0833333333333333 
NODATA_value -9999 
[rows 200 to 219 of 230, columns 88 to 131 of 265]
0.126507952809334 0.125838339328766 0.12575401365757 0.125669687986374 0.125585347414017 0.125501021742821 0.125416681170464 0.125332355499268 0.125248029828072 0.126781433820724 0.128854095935822 0.130926758050919 0.132999420166016 0.135072082281113 0.13714474439621 0.139217406511307 0.141653373837471 0.14517930150032 0.148705214262009 0.152231141924858 0.155757054686546 0.159282967448235 0.162808895111084 0.166334807872772 0.167779758572578 0.16853104531765 0.169282332062721 0.170033618807793 0.170784905552864 0.171536192297935 0.172287479043007 0.173335716128349 0.175274774432182 0.177213832736015 0.17915290594101 0.181091964244843 0.183031037449837 0.18497009575367 0.186909168958664 0.188261330127716 0.189417868852615 0.190574407577515 0.191730946302414 0.192887485027313
0.127012342214584 0.126210421323776 0.126026928424835 0.125843420624733 0.125659927725792 0.125476434826851 0.12529294192791 0.125109434127808 0.124925948679447 0.1262197047472 0.128005892038345 0.129792079329491 0.131578251719475 0.13336443901062 0.135150626301765 0.136936813592911 0.139192342758179 0.14285597205162 0.146519601345062 0.150183215737343 0.153846845030785 0.157510474324226 0.161174088716507 0.164837718009949 0.166425511240959 0.167321369051933 0.168217226862907 0.169113084673882 0.170008942484856 0.17090480029583 0.171800658106804 0.172987177968025 0.175045639276505 0.177104100584984 0.179162546992302 0.181221008300781 0.183279469609261 0.18533793091774 0.187396392226219 0.189028546214104 0.190518587827682 0.192008629441261 0.19349867105484 0.19498872756958
0.127516746520996 0.126582488417625 0.126299828290939 0.126017168164253 0.125734508037567 0.125451847910881 0.125169187784195 0.124886527657509 0.124603867530823 0.125657975673676 0.127157688140869 0.128657385706902 0.130157098174095 0.131656795740128 0.133156508207321 0.134656220674515 0.136731326580048 0.140532657504082 0.144333988428116 0.148135304450989 0.151936635375023 0.155737966299057 0.159539297223091 0.163340628147125 0.165071278810501 0.166111707687378 0.167152136564255 0.168192565441132 0.169232994318008 0.170273423194885 0.171313852071762 0.172638639807701 0.174816489219666 0.176994353532791 0.179172202944756 0.18135005235672 0.183527916669846 0.18570576608181 0.187883630394936 0.18979574739933 0.19161930680275 0.193442851305008 0.195266410708427 0.197089955210686
0.128021150827408 0.126954555511475 0.126572743058205 0.126190915703773 0.125809088349342 0.125427260994911 0.12504543364048 0.124663613736629 0.124281786382198 0.125096246600151 0.126309484243393 0.127522706985474 0.128735929727554 0.129949167370796 0.131162390112877 0.132375627756119 0.134270295500755 0.138209328055382 0.142148360610008 0.146087393164635 0.150026425719261 0.153965458273888 0.157904490828514 0.161843523383141 0.163717031478882 0.164902031421661 0.166087031364441 0.16727203130722 0.16845703125 0.16964203119278 0.170827031135559 0.172290101647377 0.174587354063988 0.176884606480598 0.179181858897209 0.18147911131382 0.183776348829269 0.18607360124588 0.188370853662491 0.190562963485718 0.192720025777817 0.194877088069916 0.197034135460854 0.199191197752953
0.128735914826393 0.127542957663536 0.12704211473465 0.126541286706924 0.126040443778038 0.125539600849152 0.125038757920265 0.124537922441959 0.124037079513073 0.124621249735355 0.125567093491554 0.126512944698334 0.127458781003952 0.128404632210732 0.12935046851635 0.130296319723129 0.131963402032852 0.13579423725605 0.139625072479248 0.143455907702446 0.147286742925644 0.151117578148842 0.15494841337204 0.158779248595238 0.160859748721123 0.162356823682785 0.163853883743286 0.165350943803787 0.166848003864288 0.168345078825951 0.169842138886452 0.171572804450989 0.174004286527634 0.176435768604279 0.178867250680923 0.181298732757568 0.183730199933052 0.186161682009697 0.188593164086342 0.191124469041824 0.193689048290253 0.196253627538681 0.198818206787109 0.201382786035538
0.129661053419113 0.128347679972649 0.127707973122597 0.127068266272545 0.126428559422493 0.125788867473602 0.12514916062355 0.124509453773499 0.123869746923447 0.124232985079288 0.124930538237095 0.125628083944321 0.126325637102127 0.127023190259933 0.12772074341774 0.128418296575546 0.129810646176338 0.133287370204926 0.136764109134674 0.140240848064423 0.143717586994171 0.14719432592392 0.150671064853668 0.154147803783417 0.156499445438385 0.158476054668427 0.160452678799629 0.162429288029671 0.164405912160873 0.166382521390915 0.168359145522118 0.170486748218536 0.173067286610603 0.175647839903831 0.178228378295898 0.180808916687965 0.183389469981194 0.18597000837326 0.188550561666489 0.191480278968811 0.194526389241219 0.197572514414787 0.200618624687195 0.203664734959602
0.130586192011833 0.129152402281761 0.128373831510544 0.127595260739326 0.126816689968109 0.126038119196892 0.125259548425674 0.124480985105038 0.12370241433382 0.123844720423222 0.124293975532055 0.124743238091469 0.125192493200302 0.125641748309135 0.12609101831913 0.126540273427963 0.127657875418663 0.130780518054962 0.1339031457901 0.137025788426399 0.140148431062698 0.143271073698997 0.146393701434135 0.149516344070435 0.152139127254486 0.154595300555229 0.157051473855972 0.159507647156715 0.161963805556297 0.16441997885704 0.166876152157784 0.169400677084923 0.172130286693573 0.174859896302223 0.177589505910873 0.180319115519524 0.183048725128174 0.185778334736824 0.188507944345474 0.191836088895798 0.195363745093346 0.198891386389732 0.202419027686119 0.205946683883667
0.131511330604553 0.129957124590874 0.129039689898491 0.128122255206108 0.127204820513725 0.126287385821342 0.12536995112896 0.124452516436577 0.123535081744194 0.123456448316574 0.123657412827015 0.123858384788036 0.124059349298477 0.124260313808918 0.124461278319359 0.12466225028038 0.125505104660988 0.128273651003838 0.131042182445526 0.133810728788376 0.136579275131226 0.139347806572914 0.142116352915764 0.144884884357452 0.147778823971748 0.150714546442032 0.153650268912315 0.156585991382599 0.159521713852882 0.162457436323166 0.165393158793449 0.16831462085247 0.171193301677704 0.174071967601776 0.17695064842701 0.179829314351082 0.182707995176315 0.185586676001549 0.188465341925621 0.192191898822784 0.196201086044312 0.200210258364677 0.204219445586205 0.208228632807732
0.132436469197273 0.130761846899986 0.129705548286438 0.12864924967289 0.127592951059341 0.126536652445793 0.125480353832245 0.124424047768116 0.123367749154568 0.123068183660507 0.123020857572556 0.122973531484604 0.122926205396652 0.122878879308701 0.122831553220749 0.122784227132797 0.123352341353893 0.125766783952713 0.128181219100952 0.130595669150352 0.133010104298592 0.135424554347992 0.137838989496231 0.140253439545631 0.143418505787849 0.146833777427673 0.150249063968658 0.153664335608482 0.157079607248306 0.160494893789291 0.163910165429115 0.167228564620018 0.170256301760674 0.173284038901329 0.176311776041985 0.17933951318264 0.182367250323296 0.185395002365112 0.188422739505768 0.192547708749771 0.197038426995277 0.201529145240784 0.20601986348629 0.210510581731796
0.133361622691154 0.131566569209099 0.130371406674385 0.129176244139671 0.127981066703796 0.126785904169083 0.125590741634369 0.124395579099655 0.123200416564941 0.12267991155386 0.122384294867516 0.122088678181171 0.121793061494827 0.121497437357903 0.121201820671558 0.120906203985214 0.121199578046799 0.123259916901588 0.125320270657539 0.127380609512329 0.129440948367119 0.13150130212307 0.13356164097786 0.135621979832649 0.13905818760395 0.142953023314476 0.146847859025002 0.150742679834366 0.154637515544891 0.158532351255417 0.162427172064781 0.166142508387566 0.169319301843643 0.172496110200882 0.175672918558121 0.178849712014198 0.182026520371437 0.185203328728676 0.188380122184753 0.192903518676758 0.197875767946243 0.202848017215729 0.207820266485214 0.2127925157547
0.134917214512825 0.133096739649773 0.131733730435371 0.130370736122131 0.12900772690773 0.127644717693329 0.126281708478928 0.124918706715107 0.123555704951286 0.122819475829601 0.122292183339596 0.12176488339901 0.121237590909004 0.120710290968418 0.120182991027832 0.119655698537827 0.119701460003853 0.121466413140297 0.123231366276741 0.124996319413185 0.126761272549629 0.128526225686073 0.130291178822517 0.132056131958961 0.135623827576637 0.139792457222939 0.143961071968079 0.148129686713219 0.15229831635952 0.15646693110466 0.1606355458498 0.164579823613167 0.167851075530052 0.171122327446938 0.174393579363823 0.177664831280708 0.180936098098755 0.18420735001564 0.187478601932526 0.1920166015625 0.196976855397224 0.201937109231949 0.206897363066673 0.211857616901398
0.137103259563446 0.135352373123169 0.133792549371719 0.13223272562027 0.13067290186882 0.129113078117371 0.127553254365921 0.125993430614471 0.124433599412441 0.123486876487732 0.122744515538216 0.122002154588699 0.121259793639183 0.120517432689667 0.11977507174015 0.119032710790634 0.118858009576797 0.120386272668839 0.12191454321146 0.123442806303501 0.124971076846123 0.126499339938164 0.128027617931366 0.129555881023407 0.13311542570591 0.1373520642519 0.14158870279789 0.145825356245041 0.150061994791031 0.154298633337021 0.158535271883011 0.162540525197983 0.1658516228199 0.169162705540657 0.172473803162575 0.175784885883331 0.179095968604088 0.182407066226006 0.185718148946762 0.189886957406998 0.194341689348221 0.198796406388283 0.203251123428345 0.207705840468407
0.139289304614067 0.137608006596565 0.135851368308067 0.134094715118408 0.13233807682991 0.130581423640251 0.128824785351753 0.127068147063255 0.125311493873596 0.124154269695282 0.123196847736835 0.122239418327808 0.121281996369362 0.120324574410915 0.119367145001888 0.118409723043442 0.118014551699162 0.11930613219738 0.120597712695599 0.121889293193817 0.123180881142616 0.124472461640835 0.125764042139053 0.127055630087852 0.130607023835182 0.134911686182022 0.139216348528862 0.143521010875702 0.147825673222542 0.152130335569382 0.156435012817383 0.16050124168396 0.163852155208588 0.167203083634377 0.170554012060165 0.173904925584793 0.177255854010582 0.180606782436371 0.183957695960999 0.187757328152657 0.191706508398056 0.195655703544617 0.199604883790016 0.203554078936577
0.141475349664688 0.139863640069962 0.137910172343254 0.135956704616547 0.134003251791 0.132049784064293 0.130096316337585 0.128142863512039 0.126189395785332 0.124821662902832 0.123649172484875 0.122476689517498 0.121304199099541 0.120131708681583 0.118959225714207 0.117786735296249 0.117171093821526 0.118225991725922 0.119280889630318 0.120335787534714 0.121390677988529 0.122445575892925 0.123500473797321 0.124555371701717 0.128098607063293 0.132471293210983 0.136843979358673 0.141216680407524 0.145589366555214 0.149962052702904 0.154334738850594 0.158461943268776 0.161852702498436 0.165243461728096 0.168634220957756 0.172024980187416 0.175415739417076 0.178806498646736 0.182197257876396 0.185627683997154 0.189071342349052 0.192515000700951 0.195958644151688 0.199402302503586
0.14366140961647 0.142119273543358 0.139968991279602 0.137818709015846 0.13566842675209 0.133518144488335 0.131367862224579 0.129217579960823 0.127067297697067 0.125489056110382 0.124101504683495 0.122713953256607 0.12132640182972 0.119938850402832 0.118551298975945 0.117163747549057 0.11632763594389 0.117145851254463 0.117964059114456 0.11878227442503 0.119600482285023 0.120418697595596 0.121236905455589 0.122055120766163 0.125590205192566 0.130030915141106 0.134471625089645 0.138912335038185 0.143353044986725 0.147793754935265 0.152234464883804 0.156422644853592 0.159853249788284 0.163283839821815 0.166714429855347 0.170145019888878 0.17357562482357 0.177006214857101 0.180436804890633 0.183498054742813 0.186436176300049 0.189374297857285 0.19231241941452 0.195250540971756
0.145847454667091 0.144374907016754 0.142027795314789 0.139680698513985 0.137333601713181 0.134986490011215 0.132639393210411 0.130292296409607 0.127945184707642 0.126156449317932 0.124553836882114 0.122951224446297 0.121348604559898 0.119745992124081 0.118143379688263 0.116540759801865 0.115484178066254 0.116065703332424 0.116647236049175 0.117228761315346 0.117810286581516 0.118391811847687 0.118973337113857 0.119554862380028 0.123081795871258 0.127590537071228 0.132099270820618 0.136608004570007 0.141116738319397 0.145625472068787 0.150134205818176 0.154383361339569 0.157853782176971 0.161324217915535 0.164794638752937 0.168265074491501 0.171735495328903 0.175205931067467 0.17867636680603 0.181368410587311 0.183800995349884 0.186233595013618 0.188666179776192 0.191098764538765
0.146816670894623 0.14558270573616 0.143202811479568 0.140822932124138 0.138443037867546 0.136063143610954 0.133683249354362 0.131303355097771 0.128923460841179 0.12702764570713 0.125293180346489 0.123558714985847 0.121824257075787 0.120089791715145 0.118355326354504 0.116620868444443 0.115415528416634 0.115797564387321 0.116179600358009 0.116561636328697 0.116943672299385 0.117325708270073 0.117707744240761 0.118089780211449 0.121527723968029 0.125984311103821 0.130440890789032 0.134897485375404 0.139354065060616 0.143810659646988 0.148267239332199 0.152473568916321 0.15592910349369 0.159384652972221 0.162840187549591 0.166295737028122 0.169751271605492 0.173206821084023 0.176662355661392 0.17902709543705 0.181028231978416 0.183029368519783 0.18503050506115 0.187031641602516
0.146569043397903 0.145742684602737 0.143494039773941 0.141245380043983 0.138996735215187 0.13674807548523 0.134499415755272 0.132250770926476 0.130002111196518 0.128102630376816 0.126319542527199 0.124536439776421 0.122753344476223 0.120970256626606 0.119187161326408 0.117404066026211 0.116121679544449 0.116341419517994 0.116561159491539 0.116780899465084 0.117000639438629 0.117220379412174 0.117440119385719 0.117659859359264 0.12092798948288 0.125212252140045 0.129496529698372 0.133780792355537 0.138065055012703 0.14234933257103 0.146633595228195 0.150693282485008 0.154079213738441 0.157465144991875 0.160851076245308 0.164237007498741 0.167622938752174 0.171008870005608 0.174394801259041 0.17647410929203 0.178117871284485 0.179761648178101 0.181405410170555 0.18304917216301
0.146321430802345 0.145902663469315 0.143785253167152 0.14166784286499 0.139550417661667 0.137433007359505 0.135315597057343 0.133198171854019 0.131080761551857 0.129177615046501 0.127345889806747 0.125514164566994 0.12368243932724 0.121850714087486 0.120018988847733 0.118187263607979 0.116827830672264 0.116885274648666 0.116942718625069 0.117000162601471 0.117057606577873 0.117115050554276 0.117172494530678 0.11722993850708 0.120328262448311 0.124440208077431 0.128552153706551 0.13266409933567 0.13677604496479 0.14088799059391 0.144999951124191 0.148912981152534 0.152229309082031 0.155545637011528 0.158861950039864 0.16217827796936 0.165494605898857 0.168810933828354 0.172127246856689 0.173921123147011 0.175207525491714 0.176493912935257 0.177780315279961 0.179066702723503
0.146073803305626 0.146062657237053 0.144076481461525 0.142090290784836 0.140104115009308 0.13811793923378 0.136131763458252 0.134145587682724 0.132159411907196 0.130252599716187 0.128372237086296 0.126491889357567 0.124611534178257 0.122731171548367 0.120850816369057 0.118970461189747 0.117533981800079 0.117429129779339 0.117324277758598 0.117219425737858 0.117114573717117 0.117009721696377 0.116904869675636 0.116800017654896 0.119728527963161 0.123668156564236 0.127607777714729 0.131547406315804 0.135487034916878 0.139426663517952 0.143366292119026 0.147132694721222 0.150379404425621 0.153626129031181 0.15687283873558 0.16011954843998 0.16336627304554 0.166612982749939 0.169859692454338 0.171368137001991 0.172297164797783 0.173226192593575 0.174155205488205 0.175084233283997
