data/working_set_collections/6091692-Cassins_Sparrow-M2/1990/albedo_avg.asc
NCOLS 265 
NROWS 230 
XLLCORNER -115.5625 
YLLCORNER 24.8333333333333 
CELLSIZE 0.0833333333333333 
NODATA_value -9999 
[rows 140 to 159 of 230, columns 132 to 175 of 265]
0.229944497346878 0.230749949812889 0.231364250183105 0.231405153870583 0.23144605755806 0.231486961245537 0.231527864933014 0.231568768620491 0.231609672307968 0.231650561094284 0.231512278318405 0.231314271688461 0.231116265058517 0.230918258428574 0.230720236897469 0.230522230267525 0.230324223637581 0.229964390397072 0.229119077324867 0.228273764252663 0.227428451180458 0.226583153009415 0.22573783993721 0.224892526865005 0.224047213792801 0.22394335269928 0.22408664226532 0.224229916930199 0.224373206496239 0.224516496062279 0.224659770727158 0.224803060293198 0.224055603146553 0.220635935664177 0.217216283082962 0.213796615600586 0.21037694811821 0.206957280635834 0.203537613153458 0.200117945671082 0.197963789105415 0.196231484413147 0.194499164819717 0.192766845226288
0.230700999498367 0.231143400073051 0.231525599956512 0.231727242469788 0.231928899884224 0.232130542397499 0.232332199811935 0.232533842325211 0.232735499739647 0.232937142252922 0.232839852571487 0.232642903923988 0.232445955276489 0.232249021530151 0.232052072882652 0.231855124235153 0.231658190488815 0.231265187263489 0.230284050107002 0.229302912950516 0.228321775794029 0.227340623736382 0.226359486579895 0.225378349423409 0.224397212266922 0.224262967705727 0.224411025643349 0.224559083580971 0.224707141518593 0.224855184555054 0.225003242492676 0.225151300430298 0.224413573741913 0.221018493175507 0.2176234126091 0.214228332042694 0.210833251476288 0.207438170909882 0.204043090343475 0.200648009777069 0.198354572057724 0.196428343653679 0.194502115249634 0.192575871944427
0.231457501649857 0.231536850333214 0.231686949729919 0.232049345970154 0.232411742210388 0.232774138450623 0.233136534690857 0.233498930931091 0.233861327171326 0.23422372341156 0.234167411923409 0.233971536159515 0.233775660395622 0.233579784631729 0.233383908867836 0.233188033103943 0.232992142438889 0.232565999031067 0.231449022889137 0.230332061648369 0.229215085506439 0.22809810936451 0.226981148123741 0.225864171981812 0.224747195839882 0.224582582712173 0.224735409021378 0.224888235330582 0.225041061639786 0.22519388794899 0.225346714258194 0.225499540567398 0.224771544337273 0.221401050686836 0.2180305570364 0.214660063385963 0.211289569735527 0.207919076085091 0.204548582434654 0.201178088784218 0.198745355010033 0.196625202894211 0.194505050778389 0.192384898662567
0.232214018702507 0.231930300593376 0.231848284602165 0.232371434569359 0.232894584536552 0.233417719602585 0.233940869569778 0.234464019536972 0.234987169504166 0.235510304570198 0.235494986176491 0.235300168395042 0.235105365514755 0.234910547733307 0.234715729951859 0.234520927071571 0.234326109290123 0.233866795897484 0.232613995671272 0.231361195445061 0.230108395218849 0.228855594992638 0.227602794766426 0.226349994540215 0.225097194314003 0.22490219771862 0.225059792399406 0.225217387080193 0.22537499666214 0.225532591342926 0.225690186023712 0.22584779560566 0.225129514932632 0.221783608198166 0.218437701463699 0.215091794729233 0.211745887994766 0.2083999812603 0.205054074525833 0.201708167791367 0.199136137962341 0.196822062134743 0.194508001208305 0.192193925380707
0.232907742261887 0.232467755675316 0.232295289635658 0.232925400137901 0.233555510640144 0.234185636043549 0.234815746545792 0.235445871949196 0.236075982451439 0.236706107854843 0.236675426363945 0.236424505710602 0.236173570156097 0.235922634601593 0.235671699047089 0.235420763492584 0.23516982793808 0.234670877456665 0.233427837491035 0.232184797525406 0.230941757559776 0.229698732495308 0.228455692529678 0.227212652564049 0.225969612598419 0.22571474313736 0.22578926384449 0.22586378455162 0.225938305258751 0.226012825965881 0.226087346673012 0.226161867380142 0.225377559661865 0.222016826272011 0.218656077980995 0.215295344591141 0.211934596300125 0.208573862910271 0.205213114619255 0.201852366328239 0.199222132563591 0.196835413575172 0.194448679685593 0.192061945796013
0.233538702130318 0.233149215579033 0.233027920126915 0.23371122777462 0.234394550323486 0.235077857971191 0.235761165618896 0.236444488167763 0.237127795815468 0.237811118364334 0.237708762288094 0.237344518303871 0.236980274319649 0.236616045236588 0.236251801252365 0.235887557268143 0.23552331328392 0.234978213906288 0.233890533447266 0.232802852988243 0.231715172529221 0.230627506971359 0.229539826512337 0.228452146053314 0.227364465594292 0.227020233869553 0.226923823356628 0.226827412843704 0.22673100233078 0.226634591817856 0.226538181304932 0.226441770792007 0.225515708327293 0.222100704908371 0.21868571639061 0.215270712971687 0.211855709552765 0.208440721035004 0.205025717616081 0.20161072909832 0.199003368616104 0.196665227413177 0.194327086210251 0.191988930106163
0.234169661998749 0.23383067548275 0.233760550618172 0.2344970703125 0.235233575105667 0.235970079898834 0.236706599593163 0.23744310438633 0.238179609179497 0.238916128873825 0.238742083311081 0.238264545798302 0.237786993384361 0.237309440970421 0.23683188855648 0.236354351043701 0.235876798629761 0.235285550355911 0.234353229403496 0.23342090845108 0.232488587498665 0.231556281447411 0.230623960494995 0.22969163954258 0.228759318590164 0.228325724601746 0.228058382868767 0.227791041135788 0.227523699402809 0.22725635766983 0.226989015936852 0.226721659302711 0.22565384209156 0.222184598445892 0.218715339899063 0.215246081352234 0.211776837706566 0.208307579159737 0.204838335514069 0.201369076967239 0.198784589767456 0.196495041251183 0.194205477833748 0.191915929317474
0.23480062186718 0.234512135386467 0.234493181109428 0.235282897949219 0.236072599887848 0.236862301826477 0.237652018666267 0.238441720604897 0.239231422543526 0.240021139383316 0.23977541923523 0.239184558391571 0.238593712449074 0.238002851605415 0.237411990761757 0.236821129918098 0.236230283975601 0.235592901706696 0.234815940260887 0.234038978815079 0.23326201736927 0.232485041022301 0.231708079576492 0.230931118130684 0.230154156684875 0.229631215333939 0.229192942380905 0.228754669427872 0.228316396474838 0.227878123521805 0.227439850568771 0.227001562714577 0.225791990756989 0.222268477082253 0.218744963407516 0.215221464633942 0.211697950959206 0.20817443728447 0.204650938510895 0.201127424836159 0.198565825819969 0.196324855089188 0.194083884358406 0.191842928528786
0.235431581735611 0.235193595290184 0.235225826501846 0.236068725585938 0.236911624670029 0.237754538655281 0.238597437739372 0.239440336823463 0.240283235907555 0.241126149892807 0.240808755159378 0.240104585886002 0.239400416612625 0.23869626224041 0.237992092967033 0.237287923693657 0.236583769321442 0.235900238156319 0.235278636217117 0.234657034277916 0.234035432338715 0.233413815498352 0.232792213559151 0.232170611619949 0.231549009680748 0.230936706066132 0.230327501893044 0.229718297719955 0.229109093546867 0.228499889373779 0.22789067029953 0.227281466126442 0.225930124521255 0.222352355718613 0.218774601817131 0.215196833014488 0.211619064211845 0.208041310310364 0.204463541507721 0.200885772705078 0.198347046971321 0.196154668927193 0.193962290883064 0.191769912838936
0.236062541604042 0.235875055193901 0.235958456993103 0.236854553222656 0.237750664353371 0.238646760582924 0.239542856812477 0.24043895304203 0.241335049271584 0.242231160402298 0.241842076182365 0.241024598479271 0.240207135677338 0.239389657974243 0.23857219517231 0.237754717469215 0.236937239766121 0.236207574605942 0.235741332173347 0.235275089740753 0.234808847308159 0.234342589974403 0.233876347541809 0.233410105109215 0.23294386267662 0.232242196798325 0.231462061405182 0.230681926012039 0.229901790618896 0.229121640324593 0.22834150493145 0.227561369538307 0.226068258285522 0.222436249256134 0.218804225325584 0.215172201395035 0.211540192365646 0.207908168435097 0.204276144504547 0.200644135475159 0.198128283023834 0.195984497666359 0.193840697407722 0.191696912050247
0.233751326799393 0.233511134982109 0.233552381396294 0.234437867999077 0.235323369503021 0.236208871006966 0.237094357609749 0.237979859113693 0.238865360617638 0.239750847220421 0.239622965455055 0.239157304167747 0.238691627979279 0.23822595179081 0.237760290503502 0.237294614315033 0.236828938126564 0.236368700861931 0.235924735665321 0.235480770468712 0.235036790370941 0.234592825174332 0.234148859977722 0.233704894781113 0.233260929584503 0.232400998473167 0.231402397155762 0.230403810739517 0.229405224323273 0.228406637907028 0.227408051490784 0.226409465074539 0.224755078554153 0.221133306622505 0.217511549592018 0.213889792561531 0.210268020629883 0.206646263599396 0.203024491667747 0.19940273463726 0.196986883878708 0.194972991943359 0.192959100008011 0.190945222973824
0.228497952222824 0.22810186445713 0.228007569909096 0.228818669915199 0.229629769921303 0.230440855026245 0.231251955032349 0.232063040137291 0.232874140143394 0.233685240149498 0.234151437878609 0.234502673149109 0.234853908419609 0.235205143690109 0.235556393861771 0.235907629132271 0.236258864402771 0.236383602023125 0.235828831791878 0.235274061560631 0.234719291329384 0.234164521098137 0.23360975086689 0.233054980635643 0.232500210404396 0.231413096189499 0.230148538947105 0.228883966803551 0.227619409561157 0.226354852318764 0.22509029507637 0.223825722932816 0.221990555524826 0.218443557620049 0.214896559715271 0.211349576711655 0.207802578806877 0.2042555809021 0.200708582997322 0.197161585092545 0.194922834634781 0.193120181560516 0.191317513585091 0.189514845609665
0.223244562745094 0.222692593932152 0.222462773323059 0.223199471831322 0.223936155438423 0.224672853946686 0.225409537553787 0.22614623606205 0.226882919669151 0.227619618177414 0.228679895401001 0.22984804213047 0.23101618885994 0.232184335589409 0.233352482318878 0.234520629048347 0.235688775777817 0.236398503184319 0.235732927918434 0.23506735265255 0.234401777386665 0.233736217021942 0.233070641756058 0.232405066490173 0.231739491224289 0.230425208806992 0.228894665837288 0.227364137768745 0.225833594799042 0.224303066730499 0.222772523760796 0.221241995692253 0.219226032495499 0.215753808617592 0.212281584739685 0.208809360861778 0.20533712208271 0.201864898204803 0.198392674326897 0.194920435547829 0.192858800292015 0.191267371177673 0.18967592716217 0.188084483146667
0.217991188168526 0.217283308506012 0.216917976737022 0.217580258846283 0.218242555856705 0.218904837965965 0.219567134976387 0.220229417085648 0.220891714096069 0.22155399620533 0.223208367824554 0.225193411111832 0.22717846930027 0.229163527488708 0.231148585677147 0.233133643865585 0.235118702054024 0.236413404345512 0.235637024044991 0.234860643744469 0.234084278345108 0.233307898044586 0.232531532645226 0.231755152344704 0.230978786945343 0.229437306523323 0.22764079272747 0.225844293832779 0.224047780036926 0.222251281142235 0.220454767346382 0.218658268451691 0.216461509466171 0.213064059615135 0.209666594862938 0.206269130110741 0.202871680259705 0.199474215507507 0.19607675075531 0.192679300904274 0.190794765949249 0.189414545893669 0.188034325838089 0.18665412068367
0.212737813591957 0.211874037981033 0.211373180150986 0.211961060762405 0.212548941373825 0.213136836886406 0.213724717497826 0.214312613010406 0.214900493621826 0.215488374233246 0.217736825346947 0.220538794994354 0.223340749740601 0.226142719388008 0.228944689035416 0.231746658682823 0.23454861342907 0.236428290605545 0.235541120171547 0.234653949737549 0.23376676440239 0.232879593968391 0.231992423534393 0.231105238199234 0.230218067765236 0.228449404239655 0.226386934518814 0.224324449896812 0.222261965274811 0.22019949555397 0.218137010931969 0.216074526309967 0.213697001338005 0.210374310612679 0.207051619887352 0.203728914260864 0.200406223535538 0.197083532810211 0.193760842084885 0.190438151359558 0.188730731606483 0.187561735510826 0.186392739415169 0.185223743319511
0.207484439015388 0.206464752554893 0.205828368663788 0.206341862678528 0.206855341792107 0.207368820905685 0.207882314920425 0.208395794034004 0.208909273147583 0.209422767162323 0.212265282869339 0.215884163975716 0.219503030180931 0.223121911287308 0.226740792393684 0.2303596585989 0.233978539705276 0.236443191766739 0.235445216298103 0.234447240829468 0.233449265360832 0.232451289892197 0.2314532995224 0.230455324053764 0.229457348585129 0.227461516857147 0.225133061408997 0.222804605960846 0.220476150512695 0.218147709965706 0.215819254517555 0.213490799069405 0.210932478308678 0.207684546709061 0.204436630010605 0.201188698410988 0.197940781712532 0.194692850112915 0.191444933414459 0.188197001814842 0.186666697263718 0.185708925127983 0.184751152992249 0.183793380856514
0.203671663999557 0.202503696084023 0.201730504631996 0.20214156806469 0.202552646398544 0.202963709831238 0.203374788165092 0.203785866498947 0.204196929931641 0.204608008265495 0.207675740122795 0.211629033088684 0.215582311153412 0.219535604119301 0.22348889708519 0.227442175149918 0.231395468115807 0.234115555882454 0.233136057853699 0.232156544923782 0.231177046895027 0.230197533965111 0.229218021035194 0.228238523006439 0.227259010076523 0.225216880440712 0.222820535302162 0.220424190163612 0.218027845025063 0.215631484985352 0.213235139846802 0.210838794708252 0.208246409893036 0.20506589114666 0.201885357499123 0.198704838752747 0.195524320006371 0.192343801259995 0.189163282513618 0.185982763767242 0.184591293334961 0.183796182274818 0.183001056313515 0.182205945253372
0.201299503445625 0.19999086856842 0.199079558253288 0.199360206723213 0.199640855193138 0.199921503663063 0.200202152132988 0.200482800602913 0.200763463973999 0.201044112443924 0.203968182206154 0.207773387432098 0.211578592658043 0.215383797883987 0.219189003109932 0.222994208335876 0.226799413561821 0.22944538295269 0.228613629937172 0.227781862020493 0.226950109004974 0.226118341088295 0.225286588072777 0.224454820156097 0.223623067140579 0.221715494990349 0.21944934129715 0.217183172702789 0.21491701900959 0.21265085041523 0.210384681820869 0.20811852812767 0.205638781189919 0.202518299221992 0.199397817254066 0.19627733528614 0.193156853318214 0.190036371350288 0.186915889382362 0.183795407414436 0.182504519820213 0.181823506951332 0.18114247918129 0.180461466312408
0.198927342891693 0.197478026151657 0.196428596973419 0.196578830480576 0.196729063987732 0.196879297494888 0.197029516100883 0.19717974960804 0.197329983115196 0.197480216622353 0.200260609388351 0.203917741775513 0.207574859261513 0.211231991648674 0.214889124035835 0.218546241521835 0.222203373908997 0.224775210022926 0.224091202020645 0.223407179117203 0.222723171114922 0.222039148211479 0.221355140209198 0.220671117305756 0.219987109303474 0.218214124441147 0.216078147292137 0.213942170143127 0.211806192994118 0.209670215845108 0.207534238696098 0.205398261547089 0.203031167387962 0.199970722198486 0.19691027700901 0.193849831819534 0.190789386630058 0.187728941440582 0.184668511152267 0.181608065962791 0.180417761206627 0.179850831627846 0.179283902049065 0.178716972470284
0.196555182337761 0.194965198636055 0.193777650594711 0.193797469139099 0.193817272782326 0.193837076425552 0.19385689496994 0.193876698613167 0.193896502256393 0.193916320800781 0.19655305147171 0.200062096118927 0.203571140766144 0.207080185413361 0.210589230060577 0.214098274707794 0.217607319355011 0.220105037093163 0.219568774104118 0.219032496213913 0.218496233224869 0.217959955334663 0.217423692345619 0.216887429356575 0.21635115146637 0.214712738990784 0.212706953287125 0.210701152682304 0.208695366978645 0.206689566373825 0.204683780670166 0.202677980065346 0.200423538684845 0.197423130273819 0.194422736763954 0.191422328352928 0.188421919941902 0.185421526432037 0.182421118021011 0.179420709609985 0.178330987691879 0.177878156304359 0.17742532491684 0.176972478628159
