data/working_set_collections/6091692-Cassins_Sparrow-M2/1990/cldtot_avg.asc
NCOLS 265 
NROWS 230 
XLLCORNER -115.5625 
YLLCORNER 24.8333333333333 
CELLSIZE 0.0833333333333333 
NODATA_value -9999 
[rows 20 to 39 of 230, columns 176 to 219 of 265]
0.455602198839188 0.455706179141998 0.455810189247131 0.455930769443512 0.456101059913635 0.456271380186081 0.456441670656204 0.45661199092865 0.456782281398773 0.456952601671219 0.457122921943665 0.457523435354233 0.458000719547272 0.458477973937988 0.458955258131027 0.459432512521744 0.459909796714783 0.460387051105499 0.460890233516693 0.461471140384674 0.462052047252655 0.462632954120636 0.463213860988617 0.463794767856598 0.464375674724579 0.46495658159256 0.465453505516052 0.465922474861145 0.466391444206238 0.466860413551331 0.467329382896423 0.467798352241516 0.468267321586609 0.468835204839706 0.469699829816818 0.470564484596252 0.471429109573364 0.472293734550476 0.47315838932991 0.474023014307022 0.474887639284134 0.47528287768364 0.475521683692932 0.475760459899902
0.454622983932495 0.454749047756195 0.454875141382217 0.455008655786514 0.455164432525635 0.455320239067078 0.455476015806198 0.455631822347641 0.455787599086761 0.455943405628204 0.456099182367325 0.456508904695511 0.457003265619278 0.457497596740723 0.45799195766449 0.458486318588257 0.458980679512024 0.459475040435791 0.459987103939056 0.460552364587784 0.461117595434189 0.461682856082916 0.462248086929321 0.462813347578049 0.463378578424454 0.463943839073181 0.464497298002243 0.465046852827072 0.465596407651901 0.466145932674408 0.466695487499237 0.467245042324066 0.467794567346573 0.468384623527527 0.469096213579178 0.469807803630829 0.47051939368248 0.471230983734131 0.471942573785782 0.472654163837433 0.473365724086761 0.473816454410553 0.474180221557617 0.474543958902359
0.453643769025803 0.453791946172714 0.453940093517303 0.454086542129517 0.454227834939957 0.454369097948074 0.454510360956192 0.454651653766632 0.45479291677475 0.454934179782867 0.455075442790985 0.455494344234467 0.456005781888962 0.456517249345779 0.457028687000275 0.45754012465477 0.458051562309265 0.45856299996376 0.45908397436142 0.459633558988571 0.460183173418045 0.460732758045197 0.461282342672348 0.4618319272995 0.462381511926651 0.462931096553802 0.463541090488434 0.464171200990677 0.464801341295242 0.465431451797485 0.466061562299728 0.466691702604294 0.467321813106537 0.467934042215347 0.468492597341537 0.469051122665405 0.469609677791595 0.470168203115463 0.470726758241653 0.471285283565521 0.471843838691711 0.472350001335144 0.472838759422302 0.473327487707138
0.45266455411911 0.452834814786911 0.453005075454712 0.453164458274841 0.453291207551956 0.453417956829071 0.453544706106186 0.453671455383301 0.453798234462738 0.453924983739853 0.454051733016968 0.454479813575745 0.455008327960968 0.455536872148514 0.456065386533737 0.456593930721283 0.457122445106506 0.457650989294052 0.458180844783783 0.458714783191681 0.459248721599579 0.459782660007477 0.460316568613052 0.46085050702095 0.461384445428848 0.461918383836746 0.462584882974625 0.463295578956604 0.464006274938583 0.464716970920563 0.465427666902542 0.466138362884521 0.466849058866501 0.467483460903168 0.467888951301575 0.468294441699982 0.468699932098389 0.469105452299118 0.469510942697525 0.469916433095932 0.470321923494339 0.470883578062057 0.471497297286987 0.472110986709595
0.451530873775482 0.45173317193985 0.451935440301895 0.452124834060669 0.452275574207306 0.45242628455162 0.452576994895935 0.452727735042572 0.452878445386887 0.453029185533524 0.453179895877838 0.453601866960526 0.454114228487015 0.454626590013504 0.455138951539993 0.455651313066483 0.456163704395294 0.456676065921783 0.457187443971634 0.457695811986923 0.458204180002213 0.458712548017502 0.459220916032791 0.45972928404808 0.460237681865692 0.460746049880981 0.461414724588394 0.462136834859848 0.462858945131302 0.463581085205078 0.464303195476532 0.465025305747986 0.46574741601944 0.466373324394226 0.466710567474365 0.467047810554504 0.467385053634644 0.467722296714783 0.4680595099926 0.468396753072739 0.468733996152878 0.469338864088058 0.470032930374146 0.470727026462555
0.450242757797241 0.450487017631531 0.450731247663498 0.450967729091644 0.451180905103683 0.451394081115723 0.451607257127762 0.451820433139801 0.45203360915184 0.452246785163879 0.452459961175919 0.452860474586487 0.45332345366478 0.45378640294075 0.454249382019043 0.454712331295013 0.455175310373306 0.455638259649277 0.456103712320328 0.456576615571976 0.457049548625946 0.457522451877594 0.457995384931564 0.458468288183212 0.45894119143486 0.459414124488831 0.460030615329742 0.460694998502731 0.46135938167572 0.462023764848709 0.462688148021698 0.463352531194687 0.464016914367676 0.464603632688522 0.464957416057587 0.465311199426651 0.465664982795715 0.466018736362457 0.466372519731522 0.466726303100586 0.46708008646965 0.467715889215469 0.468445718288422 0.469175547361374
0.448954641819 0.449240863323212 0.449527055025101 0.44981062412262 0.450086236000061 0.450361877679825 0.450637519359589 0.45091313123703 0.451188772916794 0.451464384794235 0.451740026473999 0.45211911201477 0.452532649040222 0.452946215867996 0.45335978269577 0.453773349523544 0.454186916351318 0.45460045337677 0.455020010471344 0.455457448959351 0.45589491724968 0.456332355737686 0.456769824028015 0.457207262516022 0.457644730806351 0.45808219909668 0.458646535873413 0.459253162145615 0.459859818220139 0.460466474294662 0.461073100566864 0.461679756641388 0.46228638291359 0.462833940982819 0.463204264640808 0.463574588298798 0.463944882154465 0.464315205812454 0.464685529470444 0.465055853128433 0.4654261469841 0.46609291434288 0.466858506202698 0.467624098062515
0.447666525840759 0.44799467921257 0.448322862386703 0.448653489351273 0.448991596698761 0.449329674243927 0.449667751789093 0.450005829334259 0.450343906879425 0.450682014226913 0.451020091772079 0.451377719640732 0.451741874217987 0.452106028795242 0.452470183372498 0.452834367752075 0.45319852232933 0.453562676906586 0.453936278820038 0.454338282346725 0.454740285873413 0.455142259597778 0.455544263124466 0.455946266651154 0.456348270177841 0.456750273704529 0.457262426614761 0.45781135559082 0.458360254764557 0.458909153938293 0.45945805311203 0.460006952285767 0.460555881261826 0.461064249277115 0.46145111322403 0.461837977170944 0.462224811315536 0.462611675262451 0.462998539209366 0.463385373353958 0.463772237300873 0.464469969272614 0.465271294116974 0.466072618961334
0.446378409862518 0.446748524904251 0.447118669748306 0.447496384382248 0.447896927595139 0.448297470808029 0.44869801402092 0.449098527431488 0.449499070644379 0.449899613857269 0.45030015707016 0.450636357069016 0.450951099395752 0.451265871524811 0.451580613851547 0.451895356178284 0.452210128307343 0.452524870634079 0.452852576971054 0.4532191157341 0.453585654497147 0.453952193260193 0.454318732023239 0.454685270786285 0.455051809549332 0.455418348312378 0.455878347158432 0.456369519233704 0.456860691308975 0.457351833581924 0.457843005657196 0.458334177732468 0.458825349807739 0.459294557571411 0.459697961807251 0.460101366043091 0.460504740476608 0.460908144712448 0.461311519145966 0.461714923381805 0.462118327617645 0.462846994400024 0.46368408203125 0.464521169662476
0.445090293884277 0.445502370595932 0.445914447307587 0.446339279413223 0.446802258491516 0.447265267372131 0.447728246450424 0.448191255331039 0.448654234409332 0.449117213487625 0.44958022236824 0.449894964694977 0.450160324573517 0.450425684452057 0.450691014528275 0.450956374406815 0.451221734285355 0.451487064361572 0.451768845319748 0.452099919319153 0.45243102312088 0.452762097120285 0.45309317111969 0.453424245119095 0.4537553191185 0.454086393117905 0.45449423789978 0.454927682876587 0.455361098051071 0.455794543027878 0.456227958202362 0.456661403179169 0.457094818353653 0.457524865865707 0.457944810390472 0.458364754915237 0.45878466963768 0.459204614162445 0.459624528884888 0.460044473409653 0.460464388132095 0.461224019527435 0.462096869945526 0.462969690561295
0.443712204694748 0.444116592407227 0.444520980119705 0.444949924945831 0.445452392101288 0.445954889059067 0.446457386016846 0.446959853172302 0.447462350130081 0.44796484708786 0.448467314243317 0.448796272277832 0.449067384004593 0.449338495731354 0.449609607458115 0.449880719184875 0.450151830911636 0.450422942638397 0.450704783201218 0.451018899679184 0.451332986354828 0.451647102832794 0.451961189508438 0.452275305986404 0.452589392662048 0.452903479337692 0.453285694122314 0.453690618276596 0.454095512628555 0.454500436782837 0.454905331134796 0.455310255289078 0.455715149641037 0.456130862236023 0.456578999757767 0.457027107477188 0.45747521519661 0.457923352718353 0.458371460437775 0.458819568157196 0.45926770567894 0.460024237632751 0.460883587598801 0.461742907762527
0.442244172096252 0.442591220140457 0.442938268184662 0.44332829117775 0.443847328424454 0.444366335868835 0.44488537311554 0.445404410362244 0.445923417806625 0.446442455053329 0.446961492300034 0.447340250015259 0.447672307491302 0.448004335165024 0.448336362838745 0.448668390512466 0.44900044798851 0.449332475662231 0.449660390615463 0.449975997209549 0.450291603803635 0.450607180595398 0.450922787189484 0.451238393783569 0.451554000377655 0.451869606971741 0.452252686023712 0.452658295631409 0.453063905239105 0.453469514846802 0.453875124454498 0.454280734062195 0.454686343669891 0.455112546682358 0.455600500106812 0.456088453531265 0.456576406955719 0.457064360380173 0.457552313804626 0.45804026722908 0.458528220653534 0.459247648715973 0.460044234991074 0.460840791463852
0.440776139497757 0.441065847873688 0.441355526447296 0.44170668721199 0.442242234945297 0.442777812480927 0.443313360214233 0.443848937749863 0.444384515285492 0.444920063018799 0.445455640554428 0.445884257555008 0.44627720117569 0.446670174598694 0.447063118219376 0.44745609164238 0.447849035263062 0.448242008686066 0.448615998029709 0.448933094739914 0.449250191450119 0.449567288160324 0.449884384870529 0.450201481580734 0.450518608093262 0.450835704803467 0.451219707727432 0.451626002788544 0.452032297849655 0.452438622713089 0.4528449177742 0.453251212835312 0.453657507896423 0.45409420132637 0.454622000455856 0.455149799585342 0.455677568912506 0.456205368041992 0.456733167171478 0.457260966300964 0.45778876543045 0.458471059799194 0.459204882383347 0.459938704967499
0.439308136701584 0.439540445804596 0.43977278470993 0.440085053443909 0.440637171268463 0.441189259290695 0.44174137711525 0.442293465137482 0.442845582962036 0.443397700786591 0.443949788808823 0.444428235292435 0.444882124662399 0.445335984230042 0.445789873600006 0.446243762969971 0.446697652339935 0.4471515417099 0.447571605443954 0.447890192270279 0.448208808898926 0.44852739572525 0.448845982551575 0.449164599180222 0.449483186006546 0.449801802635193 0.45018669962883 0.450593709945679 0.451000690460205 0.451407700777054 0.451814711093903 0.452221691608429 0.452628701925278 0.453075855970383 0.453643500804901 0.454211115837097 0.454778760671616 0.455346375703812 0.45591402053833 0.456481665372849 0.457049280405045 0.457694470882416 0.45836552977562 0.459036588668823
0.437840104103088 0.438015073537827 0.438190042972565 0.438463449478149 0.439032077789307 0.439600735902786 0.440169364213943 0.440738022327423 0.44130665063858 0.44187530875206 0.442443937063217 0.442972213029861 0.443487018346786 0.444001823663712 0.444516628980637 0.445031434297562 0.445546269416809 0.446061074733734 0.446527183055878 0.446847289800644 0.44716739654541 0.447487503290176 0.447807610034943 0.448127686977386 0.448447793722153 0.448767900466919 0.449153691530228 0.449561387300491 0.449969083070755 0.450376778841019 0.450784474611282 0.451192200183868 0.451599895954132 0.452057540416718 0.452665001153946 0.453272461891174 0.453879922628403 0.454487413167953 0.455094873905182 0.45570233464241 0.456309825181961 0.456917881965637 0.457526177167892 0.458134472370148
0.436372071504593 0.436489701271057 0.436607301235199 0.436841815710068 0.437427014112473 0.438012182712555 0.43859738111496 0.439182549715042 0.439767748117447 0.440352916717529 0.440938115119934 0.441516190767288 0.442091941833496 0.442667663097382 0.443243384361267 0.443819135427475 0.44439485669136 0.444970607757568 0.445482790470123 0.445804387331009 0.446125984191895 0.44644758105278 0.446769207715988 0.447090804576874 0.447412401437759 0.447733998298645 0.448120683431625 0.448529094457626 0.448937475681305 0.449345886707306 0.449754267930984 0.450162678956985 0.450571060180664 0.45103919506073 0.451686501502991 0.452333807945251 0.452981114387512 0.453628420829773 0.454275727272034 0.454923033714294 0.455570340156555 0.456141322851181 0.456686824560165 0.457232356071472
0.435078352689743 0.435155481100082 0.435232609510422 0.435443103313446 0.436053782701492 0.436664432287216 0.43727508187294 0.437885761260986 0.43849641084671 0.439107060432434 0.43971773982048 0.440322071313858 0.440924346446991 0.441526591777802 0.442128866910934 0.442731112241745 0.443333387374878 0.443935632705688 0.444468885660172 0.444795101881027 0.445121318101883 0.445447534322739 0.445773780345917 0.446099996566772 0.446426212787628 0.446752429008484 0.447138160467148 0.4475437104702 0.447949260473251 0.448354840278625 0.448760390281677 0.449165940284729 0.449571520090103 0.450041979551315 0.450707137584686 0.45137232542038 0.452037513256073 0.452702671289444 0.453367859125137 0.454033017158508 0.454698204994202 0.455278009176254 0.455829352140427 0.456380695104599
0.433958917856216 0.434012413024902 0.434065908193588 0.434267282485962 0.434912353754044 0.435557425022125 0.436202526092529 0.436847597360611 0.437492668628693 0.438137739896774 0.438782811164856 0.439389854669571 0.439984261989594 0.440578639507294 0.441173017024994 0.441767424345016 0.442361801862717 0.442956179380417 0.443485468626022 0.443819433450699 0.444153398275375 0.444487363100052 0.444821298122406 0.445155262947083 0.445489227771759 0.445823192596436 0.44620606303215 0.446605265140533 0.447004467248917 0.447403639554977 0.447802841663361 0.448202013969421 0.448601216077805 0.449065864086151 0.449726939201355 0.450388014316559 0.451049089431763 0.451710164546967 0.45237123966217 0.453032314777374 0.453693389892578 0.454328000545502 0.454953759908676 0.455579519271851
0.43283948302269 0.432869344949722 0.432899206876755 0.433091461658478 0.433770954608917 0.434450447559357 0.435129940509796 0.435809433460236 0.436488926410675 0.437168419361115 0.437847882509232 0.438457667827606 0.439044177532196 0.439630687236786 0.440217196941376 0.440803706645966 0.441390216350555 0.441976726055145 0.442502051591873 0.442843735218048 0.443185448646545 0.443527162075043 0.443868845701218 0.444210559129715 0.44455224275589 0.444893956184387 0.445273995399475 0.445666819810867 0.44605964422226 0.446452468633652 0.446845293045044 0.447238087654114 0.447630912065506 0.448089778423309 0.448746740818024 0.44940373301506 0.450060695409775 0.450717657804489 0.451374650001526 0.45203161239624 0.452688574790955 0.453377962112427 0.454078137874603 0.45477831363678
0.431720048189163 0.431726276874542 0.431732505559921 0.431915640830994 0.432629555463791 0.433343470096588 0.434057354927063 0.43477126955986 0.435485184192657 0.436199069023132 0.43691298365593 0.437525451183319 0.438104093074799 0.438682734966278 0.439261376857758 0.439840018749237 0.440418660640717 0.440997302532196 0.441518634557724 0.44186806678772 0.442217499017715 0.442566961050034 0.442916393280029 0.443265825510025 0.443615287542343 0.443964719772339 0.4443419277668 0.444728374481201 0.445114821195602 0.445501267910004 0.445887714624405 0.446274191141129 0.44666063785553 0.447113692760468 0.447766542434692 0.44841942191124 0.449072301387787 0.449725180864334 0.450378030538559 0.451030910015106 0.451683789491653 0.452427953481674 0.453202545642853 0.453977137804031
