data/working_set_collections/6091692-Cassins_Sparrow-M2/1990/cldtot_avg.asc
NCOLS 265 
NROWS 230 
XLLCORNER -115.5625 
YLLCORNER 24.8333333333333 
CELLSIZE 0.0833333333333333 
NODATA_value -9999 
[rows 0 to 19 of 230, columns 132 to 175 of 265]
0.479955047369003 0.481045454740524 0.482250243425369 0.483798295259476 0.48534631729126 0.486894369125366 0.48844239115715 0.489990413188934 0.491538465023041 0.493086487054825 0.489735424518585 0.484751313924789 0.479767203330994 0.474783062934875 0.46979895234108 0.464814841747284 0.459830731153488 0.456731915473938 0.459289014339447 0.461846113204956 0.464403212070465 0.466960310935974 0.469517409801483 0.472074508666992 0.474631607532501 0.473893076181412 0.472056031227112 0.470218986272812 0.468381941318512 0.46654486656189 0.46470782160759 0.46287077665329 0.46181458234787 0.46310093998909 0.464387267827988 0.465673625469208 0.466959983110428 0.468246340751648 0.469532698392868 0.470819026231766 0.471372544765472 0.471681743860245 0.471990942955017 0.472300142049789
0.476425379514694 0.477193027734756 0.478124022483826 0.479545086622238 0.480966180562973 0.482387244701385 0.48380833864212 0.485229402780533 0.486650496721268 0.48807156085968 0.485243648290634 0.480999410152435 0.476755172014236 0.472510933876038 0.468266695737839 0.46402245759964 0.459778219461441 0.457168996334076 0.459464818239212 0.461760640144348 0.464056491851807 0.466352313756943 0.468648135662079 0.470943957567215 0.473239779472351 0.472566872835159 0.470904409885406 0.469241946935654 0.467579483985901 0.465917021036148 0.464254558086395 0.462592095136642 0.461670190095901 0.462969928979874 0.464269667863846 0.465569406747818 0.46686914563179 0.468168884515762 0.469468623399734 0.470768362283707 0.471183061599731 0.471302717924118 0.471422374248505 0.471542030572891
0.472895711660385 0.473340600728989 0.47399777173996 0.475291877985001 0.476586014032364 0.477880150079727 0.479174256324768 0.480468392372131 0.481762528419495 0.483056634664536 0.480751901865005 0.477247536182404 0.473743170499802 0.4702388048172 0.466734439134598 0.463230073451996 0.459725707769394 0.457606077194214 0.459640651941299 0.461675196886063 0.463709741830826 0.465744286775589 0.467778861522675 0.469813406467438 0.471847951412201 0.471240699291229 0.469752818346024 0.468264937400818 0.466777056455612 0.465289175510406 0.463801294565201 0.462313413619995 0.461525768041611 0.462838917970657 0.464152038097382 0.465465188026428 0.466778308153152 0.468091458082199 0.469404578208923 0.470717698335648 0.47099357843399 0.470923691987991 0.470853805541992 0.470783919095993
0.469366073608398 0.469488143920898 0.469871520996094 0.471038699150085 0.472205877304077 0.473373025655746 0.474540203809738 0.47570738196373 0.476874560117722 0.478041738271713 0.476260155439377 0.473495662212372 0.470731168985367 0.467966675758362 0.465202182531357 0.462437689304352 0.459673225879669 0.458043158054352 0.459816455841064 0.461589723825455 0.463363021612167 0.465136289596558 0.466909557580948 0.46868285536766 0.470456123352051 0.469914495944977 0.468601197004318 0.46728789806366 0.465974599123001 0.464661300182343 0.463348001241684 0.462034702301025 0.461381375789642 0.462707906961441 0.464034408330917 0.465360939502716 0.466687470674515 0.468014001846313 0.469340533018112 0.470667034387589 0.47080409526825 0.470544666051865 0.47028523683548 0.470025807619095
0.465836405754089 0.465635716915131 0.465745270252228 0.466785490512848 0.467825710773468 0.468865931034088 0.469906151294708 0.470946371555328 0.471986591815948 0.473026812076569 0.471768409013748 0.46974378824234 0.467719167470932 0.465694546699524 0.463669925928116 0.461645305156708 0.459620714187622 0.45848023891449 0.459992259740829 0.461504250764847 0.463016271591187 0.464528292417526 0.466040283441544 0.467552304267883 0.469064325094223 0.468588292598724 0.467449575662613 0.466310858726501 0.46517214179039 0.464033454656601 0.46289473772049 0.461756020784378 0.461236983537674 0.462576895952225 0.463916808366776 0.465256720781326 0.466596633195877 0.467936545610428 0.469276458024979 0.470616370439529 0.470614641904831 0.470165640115738 0.469716668128967 0.469267696142197
0.46230673789978 0.461783289909363 0.461619019508362 0.46253228187561 0.463445574045181 0.46435883641243 0.465272098779678 0.466185361146927 0.467098623514175 0.468011885881424 0.467276632785797 0.465991914272308 0.464707165956497 0.463422417640686 0.462137669324875 0.460852950811386 0.459568202495575 0.458917319774628 0.460168063640594 0.461418807506561 0.462669551372528 0.463920265436172 0.465171009302139 0.466421753168106 0.467672497034073 0.467262089252472 0.466297954320908 0.465333819389343 0.464369714260101 0.463405579328537 0.462441444396973 0.461477339267731 0.461092561483383 0.462445884943008 0.463799178600311 0.465152502059937 0.466505795717239 0.467859119176865 0.469212412834167 0.47056570649147 0.47042515873909 0.469786643981934 0.469148099422455 0.468509584665298
0.460890859365463 0.460178047418594 0.45983549952507 0.460603713989258 0.461371898651123 0.462140113115311 0.462908327579498 0.463676512241364 0.464444726705551 0.465212941169739 0.464766889810562 0.463916122913361 0.463065326213837 0.462214559316635 0.461363762617111 0.460512965917587 0.459662199020386 0.459286034107208 0.460333794355392 0.461381524801254 0.462429255247116 0.4634770154953 0.464524745941162 0.465572476387024 0.466620236635208 0.466270714998245 0.465455442667007 0.46464017033577 0.463824898004532 0.463009625673294 0.462194353342056 0.461379081010818 0.461088448762894 0.462371706962585 0.463654965162277 0.464938223361969 0.466221451759338 0.46750470995903 0.468787968158722 0.470071226358414 0.469905227422714 0.469256162643433 0.468607068061829 0.467958003282547
0.461588770151138 0.460819989442825 0.46039468050003 0.460999697446823 0.461604744195938 0.462209790945053 0.462814837694168 0.463419884443283 0.464024901390076 0.464629948139191 0.464239150285721 0.463516414165497 0.462793678045273 0.462070941925049 0.461348176002502 0.460625439882278 0.459902703762054 0.459586411714554 0.460489422082901 0.461392432451248 0.462295442819595 0.463198453187943 0.46410146355629 0.465004503726959 0.465907514095306 0.465614140033722 0.46492201089859 0.464229851961136 0.463537722826004 0.462845593690872 0.462153434753418 0.461461305618286 0.461224615573883 0.462354362010956 0.463484138250351 0.464613884687424 0.465743631124496 0.466873377561569 0.468003123998642 0.469132900238037 0.469054847955704 0.468574225902557 0.468093574047089 0.467612951993942
0.462286680936813 0.461461931467056 0.460953831672668 0.461395710706711 0.461837589740753 0.462279468774796 0.462721347808838 0.46316322684288 0.463605105876923 0.464046984910965 0.46371141076088 0.463116735219955 0.462522029876709 0.461927324533463 0.461332619190216 0.46073791384697 0.460143208503723 0.459886759519577 0.46064504981041 0.461403340101242 0.462161630392075 0.462919920682907 0.46367821097374 0.464436501264572 0.465194791555405 0.464957594871521 0.464388579130173 0.463819563388824 0.463250547647476 0.462681531906128 0.46211251616478 0.461543500423431 0.461360782384872 0.462337046861649 0.463313311338425 0.464289546012878 0.465265810489655 0.466242045164108 0.467218309640884 0.46819457411766 0.468204468488693 0.467892289161682 0.467580080032349 0.467267870903015
0.462984591722488 0.462103873491287 0.461513012647629 0.461791723966599 0.462070435285568 0.462349146604538 0.462627857923508 0.462906569242477 0.463185280561447 0.463463991880417 0.463183671236038 0.462717026472092 0.462250351905823 0.461783707141876 0.461317032575607 0.460850387811661 0.460383713245392 0.4601871073246 0.460800677537918 0.461414247751236 0.462027817964554 0.462641388177872 0.463254928588867 0.463868498802185 0.464482069015503 0.46430104970932 0.463855147361755 0.463409274816513 0.462963372468948 0.462517470121384 0.462071597576141 0.461625695228577 0.461496978998184 0.462319731712341 0.463142484426498 0.463965237140656 0.46478796005249 0.465610712766647 0.466433465480804 0.467256218194962 0.467354089021683 0.467210352420807 0.467066586017609 0.46692281961441
0.463682502508163 0.462745815515518 0.462072193622589 0.462187737226486 0.462303280830383 0.46241882443428 0.4625343978405 0.462649941444397 0.462765485048294 0.462881028652191 0.462655961513519 0.462317317724228 0.461978703737259 0.46164008975029 0.461301475763321 0.46096283197403 0.460624217987061 0.460487455129623 0.460956305265427 0.46142515540123 0.461894005537033 0.462362825870514 0.462831676006317 0.46330052614212 0.463769346475601 0.463644504547119 0.463321715593338 0.462998956441879 0.462676197290421 0.462353438138962 0.462030678987503 0.461707890033722 0.461633145809174 0.462302386760712 0.46297162771225 0.46364089846611 0.464310139417648 0.464979380369186 0.465648651123047 0.466317892074585 0.466503709554672 0.466528415679932 0.466553092002869 0.466577768325806
0.464380413293839 0.463387757539749 0.462631374597549 0.462583750486374 0.462536126375198 0.462488532066345 0.46244090795517 0.462393283843994 0.462345659732819 0.462298065423965 0.462128221988678 0.461917638778687 0.461707055568695 0.461496472358704 0.461285889148712 0.461075305938721 0.460864722728729 0.460787832736969 0.461111932992935 0.461436063051224 0.46176016330719 0.462084293365479 0.462408393621445 0.462732523679733 0.463056653738022 0.462987929582596 0.462788313627243 0.462588667869568 0.462389022111893 0.462189376354218 0.461989730596542 0.46179011464119 0.461769312620163 0.462285071611404 0.462800800800323 0.463316559791565 0.463832318782806 0.464348077774048 0.464863806962967 0.465379565954208 0.465653330087662 0.465846478939056 0.466039597988129 0.466232717037201
0.464583367109299 0.463687479496002 0.462976634502411 0.462820827960968 0.462665021419525 0.462509214878082 0.462353408336639 0.462197601795197 0.462041765451431 0.461885958909988 0.461696356534958 0.461495459079742 0.461294561624527 0.461093693971634 0.460892796516418 0.460691899061203 0.46049103140831 0.460405766963959 0.460667490959167 0.460929185152054 0.461190909147263 0.461452603340149 0.461714327335358 0.461976021528244 0.462237745523453 0.462190687656403 0.462040722370148 0.46189072728157 0.461740761995316 0.461590766906738 0.461440801620483 0.461290836334229 0.461286395788193 0.461718618869781 0.46215084195137 0.462583065032959 0.463015288114548 0.463447511196136 0.463879734277725 0.464311957359314 0.464613735675812 0.464872032403946 0.46513032913208 0.465388625860214
0.464291334152222 0.4636450111866 0.463108032941818 0.462898999452591 0.462689965963364 0.462480902671814 0.462271869182587 0.462062835693359 0.461853802204132 0.461644768714905 0.461360365152359 0.461050808429718 0.460741251707077 0.460431724786758 0.460122168064117 0.459812641143799 0.459503084421158 0.459341317415237 0.459622949361801 0.459904551506042 0.460186183452606 0.46046781539917 0.460749417543411 0.461031049489975 0.461312651634216 0.461252719163895 0.461078941822052 0.460905164480209 0.460731387138367 0.460557609796524 0.460383832454681 0.460210055112839 0.460184395313263 0.460603058338165 0.46102175116539 0.461440414190292 0.461859077215195 0.462277740240097 0.462696403264999 0.463115066289902 0.4633848965168 0.4636050760746 0.463825285434723 0.464045494794846
0.463999301195145 0.463602542877197 0.463239401578903 0.462977141141891 0.46271488070488 0.462452620267868 0.462190359830856 0.461928099393845 0.461665838956833 0.461403578519821 0.461024343967438 0.460606157779694 0.460187941789627 0.459769755601883 0.459351539611816 0.458933353424072 0.458515137434006 0.458276867866516 0.458578407764435 0.458879947662354 0.45918145775795 0.459482997655869 0.459784507751465 0.460086047649384 0.46038755774498 0.460314780473709 0.460117191076279 0.459919631481171 0.45972204208374 0.45952445268631 0.459326893091202 0.459129303693771 0.459082394838333 0.459487527608871 0.459892630577087 0.460297733545303 0.460702866315842 0.461107969284058 0.461513072252274 0.46191817522049 0.462156057357788 0.462338149547577 0.462520271539688 0.462702363729477
0.463707268238068 0.463560074567795 0.463370770215988 0.463055282831192 0.462739795446396 0.462424337863922 0.462108850479126 0.46179336309433 0.461477875709534 0.461162388324738 0.460688352584839 0.460161507129669 0.4596346616745 0.459107786417007 0.458580940961838 0.458054065704346 0.457527220249176 0.457212418317795 0.457533866167068 0.457855314016342 0.458176732063293 0.458498179912567 0.458819627761841 0.459141045808792 0.459462493658066 0.459376811981201 0.459155440330505 0.45893406867981 0.458712697029114 0.458491295576096 0.4582699239254 0.458048552274704 0.457980424165726 0.458371967077255 0.458763509988785 0.459155082702637 0.459546625614166 0.459938198328018 0.460329741239548 0.4607213139534 0.460927188396454 0.461071223020554 0.461215227842331 0.461359232664108
0.463415235280991 0.46351757645607 0.463502168655396 0.463133454322815 0.462764739990234 0.462396025657654 0.462027311325073 0.461658596992493 0.461289882659912 0.460921168327332 0.46035236120224 0.459716856479645 0.45908135175705 0.458445817232132 0.457810312509537 0.457174807786942 0.456539273262024 0.456147968769073 0.456489324569702 0.456830680370331 0.457172006368637 0.457513362169266 0.457854717969894 0.458196043968201 0.458537399768829 0.458438843488693 0.458193689584732 0.457948505878448 0.457703322172165 0.457458138465881 0.45721298456192 0.456967800855637 0.456878423690796 0.457256406545639 0.457634419202805 0.458012402057648 0.458390414714813 0.458768427371979 0.459146410226822 0.459524422883987 0.459698349237442 0.459804266691208 0.459910213947296 0.460016131401062
0.463123232126236 0.463475108146667 0.46363353729248 0.463211596012115 0.46278965473175 0.462367743253708 0.461945801973343 0.461523860692978 0.461101919412613 0.460679978132248 0.460016369819641 0.45927220582962 0.4585280418396 0.457783848047256 0.457039684057236 0.456295520067215 0.455551356077194 0.455083519220352 0.455444782972336 0.455806046724319 0.456167310476303 0.456528544425964 0.456889808177948 0.457251071929932 0.457612305879593 0.457500904798508 0.457231909036636 0.456962943077087 0.456693977117538 0.456424981355667 0.456156015396118 0.455887049436569 0.455776423215866 0.456140875816345 0.456505298614502 0.456869751214981 0.45723420381546 0.457598656415939 0.457963079214096 0.458327531814575 0.45846951007843 0.458537340164185 0.458605170249939 0.458673000335693
0.462254256010056 0.462571442127228 0.462701231241226 0.462268710136414 0.461836189031601 0.461403697729111 0.460971176624298 0.460538655519485 0.460106164216995 0.459673643112183 0.458991885185242 0.458227038383484 0.457462191581726 0.456697344779968 0.45593249797821 0.455167651176453 0.454402804374695 0.453910797834396 0.454237401485443 0.45456400513649 0.454890608787537 0.455217212438583 0.45554381608963 0.455870419740677 0.456197023391724 0.456128686666489 0.455928713083267 0.455728739500046 0.455528765916824 0.455328792333603 0.455128818750381 0.45492884516716 0.454862117767334 0.455195128917694 0.455528140068054 0.455861151218414 0.456194162368774 0.456527173519135 0.456860184669495 0.457193195819855 0.457321316003799 0.457381129264832 0.457440972328186 0.457500785589218
0.460808336734772 0.460806608200073 0.460705190896988 0.460304766893387 0.459904313087463 0.459503889083862 0.459103465080261 0.458703011274338 0.458302587270737 0.457902163267136 0.457278877496719 0.456581354141235 0.455883800983429 0.455186247825623 0.454488724470139 0.453791171312332 0.453093618154526 0.452629804611206 0.452867209911346 0.453104585409164 0.453341960906982 0.453579366207123 0.453816741704941 0.454054117202759 0.454291492700577 0.454322218894958 0.45428404211998 0.454245895147324 0.454207718372345 0.454169541597366 0.454131364822388 0.454093188047409 0.4541355073452 0.454419195652008 0.454702883958817 0.454986602067947 0.455270290374756 0.455554008483887 0.455837696790695 0.456121385097504 0.45625376701355 0.456335663795471 0.456417590379715 0.456499487161636
