data/working_set_collections/6091692-Cassins_Sparrow-M2/1990/cldtot_avg.asc
NCOLS 265 
NROWS 230 
XLLCORNER -115.5625 
YLLCORNER 24.8333333333333 
CELLSIZE 0.0833333333333333 
NODATA_value -9999 
[rows 20 to 39 of 230, columns 44 to 87 of 265]
0.479350864887238 0.479499995708466 0.479649126529694 0.479798257350922 0.47994738817215 0.480096518993378 0.480245649814606 0.480394780635834 0.480069071054459 0.47958505153656 0.479101032018661 0.478617012500763 0.478133022785187 0.477649003267288 0.47716498374939 0.476057708263397 0.473080605268478 0.47010350227356 0.467126399278641 0.464149296283722 0.461172223091125 0.458195120096207 0.455218017101288 0.456271320581436 0.458668053150177 0.46106481552124 0.463461577892303 0.465858340263367 0.46825510263443 0.470651835203171 0.472344368696213 0.471924185752869 0.471503973007202 0.471083790063858 0.470663607120514 0.470243394374847 0.469823211431503 0.469403028488159 0.470106571912766 0.47118467092514 0.472262799739838 0.473340898752213 0.47441902756691 0.475497126579285
0.474450677633286 0.474983513355255 0.475516378879547 0.476049214601517 0.476582080125809 0.477114915847778 0.47764778137207 0.47818061709404 0.477909028530121 0.477369278669357 0.476829528808594 0.476289808750153 0.475750058889389 0.475210309028625 0.474670588970184 0.47368773818016 0.471375674009323 0.469063580036163 0.466751515865326 0.464439421892166 0.462127357721329 0.459815263748169 0.457503199577332 0.458503067493439 0.460606932640076 0.462710797786713 0.46481466293335 0.466918498277664 0.469022363424301 0.471126228570938 0.472622036933899 0.472293704748154 0.471965372562408 0.471637040376663 0.471308708190918 0.47098034620285 0.470652014017105 0.47032368183136 0.470691472291946 0.471291273832321 0.471891075372696 0.472490876913071 0.473090708255768 0.473690509796143
0.469550490379333 0.470467060804367 0.471383631229401 0.472300201654434 0.473216742277145 0.474133312702179 0.475049883127213 0.475966453552246 0.475748986005783 0.475153505802155 0.474558055400848 0.47396257519722 0.473367094993591 0.472771644592285 0.472176164388657 0.471317797899246 0.469670742750168 0.46802368760109 0.466376602649689 0.46472954750061 0.463082492351532 0.461435437202454 0.459788382053375 0.460734844207764 0.462545782327652 0.464356750249863 0.466167718172073 0.467978686094284 0.469789654016495 0.471600621938705 0.472899705171585 0.472663223743439 0.472426742315292 0.472190260887146 0.471953779459 0.471717298030853 0.471480816602707 0.471244335174561 0.471276342868805 0.47139784693718 0.471519351005554 0.471640855073929 0.471762359142303 0.471883863210678
0.464650303125381 0.465950608253479 0.467250883579254 0.468551158905029 0.469851434230804 0.47115170955658 0.472451984882355 0.473752290010452 0.473588943481445 0.472937762737274 0.472286552190781 0.471635341644287 0.470984160900116 0.470332950353622 0.469681739807129 0.468947857618332 0.467965811491013 0.466983765363693 0.466001719236374 0.465019673109055 0.464037626981735 0.463055610656738 0.462073564529419 0.462966591119766 0.464484661817551 0.466002732515335 0.46752080321312 0.469038873910904 0.470556914806366 0.47207498550415 0.473177373409271 0.473032772541046 0.472888141870499 0.472743511199951 0.472598880529404 0.472454249858856 0.472309648990631 0.472165018320084 0.471861243247986 0.47150444984436 0.471147656440735 0.470790833234787 0.470434039831161 0.470077246427536
0.4620001912117 0.463426321744919 0.464852422475815 0.466278553009033 0.467704683542252 0.469130784273148 0.470556914806366 0.471983045339584 0.471738547086716 0.470937192440033 0.47013583779335 0.46933451294899 0.468533158302307 0.467731803655624 0.466930449008942 0.466194301843643 0.465653777122498 0.465113252401352 0.464572727680206 0.464032202959061 0.463491678237915 0.462951153516769 0.462410628795624 0.463368713855743 0.464826285839081 0.466283887624741 0.4677414894104 0.46919909119606 0.47065669298172 0.472114264965057 0.473209947347641 0.473219901323318 0.473229825496674 0.473239779472351 0.473249703645706 0.473259627819061 0.473269581794739 0.473279505968094 0.472894847393036 0.472378641366959 0.471862435340881 0.471346229314804 0.470830023288727 0.47031381726265
0.461600124835968 0.462894201278687 0.464188277721405 0.465482383966446 0.466776460409164 0.468070536851883 0.469364613294601 0.470658719539642 0.470197796821594 0.469151884317398 0.46810594201088 0.467060029506683 0.466014117002487 0.464968174695969 0.463922262191772 0.463057190179825 0.462734699249268 0.462412178516388 0.462089657783508 0.461767166852951 0.461444646120071 0.461122125387192 0.460799634456635 0.46194115281105 0.463570713996887 0.465200245380402 0.466829806566238 0.468459367752075 0.47008889913559 0.471718460321426 0.472997426986694 0.473224639892578 0.47345182299614 0.473679035902023 0.473906248807907 0.474133431911469 0.474360644817352 0.474587857723236 0.474377125501633 0.474020421504974 0.473663717508316 0.47330704331398 0.472950339317322 0.472593635320663
0.461200058460236 0.462362110614777 0.463524132966995 0.464686185121536 0.465848237276077 0.467010289430618 0.468172341585159 0.4693343937397 0.46865701675415 0.467366546392441 0.466076046228409 0.464785546064377 0.463495075702667 0.462204575538635 0.460914075374603 0.459920078516006 0.459815591573715 0.459711104631424 0.45960658788681 0.459502100944519 0.459397614002228 0.459293097257614 0.459188610315323 0.46051362156868 0.462315112352371 0.464116632938385 0.465918123722076 0.46771964430809 0.469521135091782 0.471322655677795 0.472784876823425 0.473229348659515 0.473673820495605 0.474118292331696 0.474562764167786 0.475007236003876 0.475451707839966 0.475896179676056 0.47585940361023 0.47566220164299 0.475465029478073 0.475267827510834 0.475070625543594 0.474873453378677
0.460799992084503 0.461829990148544 0.462860018014908 0.463890016078949 0.46492001414299 0.465950042009354 0.466980040073395 0.468010067939758 0.467116266489029 0.465581208467484 0.464046150445938 0.462511092424393 0.460976034402847 0.45944094657898 0.457905888557434 0.456782966852188 0.456896483898163 0.457010000944138 0.457123517990112 0.457237035036087 0.457350552082062 0.457464069128036 0.457577586174011 0.459086060523987 0.461059540510178 0.463032990694046 0.465006440877914 0.466979920864105 0.468953371047974 0.470926821231842 0.472572356462479 0.473234087228775 0.473895817995071 0.47455757856369 0.475219309329987 0.475881040096283 0.476542770862579 0.477204501628876 0.477341681718826 0.477304011583328 0.477266311645508 0.477228611707687 0.477190941572189 0.477153241634369
0.460399925708771 0.461297899484634 0.462195873260498 0.463093847036362 0.463991820812225 0.464889794588089 0.465787768363953 0.466685742139816 0.465575516223907 0.463795870542526 0.462016254663467 0.460236608982086 0.458456963300705 0.456677347421646 0.454897701740265 0.45364585518837 0.453977406024933 0.454308927059174 0.454640448093414 0.454971998929977 0.455303519964218 0.455635040998459 0.455966591835022 0.457658529281616 0.459803938865662 0.461949348449707 0.464094758033752 0.46624019742012 0.468385607004166 0.470531016588211 0.472359836101532 0.473238825798035 0.47411784529686 0.474996834993362 0.475875824689865 0.47675484418869 0.477633833885193 0.478512853384018 0.478823959827423 0.478945791721344 0.479067593812943 0.479189425706863 0.479311227798462 0.479433059692383
0.459999829530716 0.460765779018402 0.461531728506088 0.462297648191452 0.463063597679138 0.463829547166824 0.464595466852188 0.465361416339874 0.464034736156464 0.462010532617569 0.459986329078674 0.45796212553978 0.455937922000885 0.45391371846199 0.451889514923096 0.450508743524551 0.45105829834938 0.45160785317421 0.452157378196716 0.452706933021545 0.453256487846375 0.453806012868881 0.45435556769371 0.456230968236923 0.458548337221146 0.460865706205368 0.46318307518959 0.465500444173813 0.467817813158035 0.470135182142258 0.472147285938263 0.473243564367294 0.474339842796326 0.475436091423035 0.476532369852066 0.477628648281097 0.478724926710129 0.479821175336838 0.48030623793602 0.48058757185936 0.4808689057827 0.481150209903717 0.481431543827057 0.481712877750397
0.459547430276871 0.460172742605209 0.46079808473587 0.461423397064209 0.462048709392548 0.462674051523209 0.463299363851547 0.463924676179886 0.462791502475739 0.461072146892548 0.459352791309357 0.457633435726166 0.455914109945297 0.454194754362106 0.452475398778915 0.451287776231766 0.451695322990417 0.452102869749069 0.452510416507721 0.452917963266373 0.453325510025024 0.453733056783676 0.454140603542328 0.455899447202682 0.458108693361282 0.460317939519882 0.462527185678482 0.464736431837082 0.466945677995682 0.469154924154282 0.471111744642258 0.472311228513718 0.4735107421875 0.47471022605896 0.47590970993042 0.47710919380188 0.478308707475662 0.479508191347122 0.480046331882477 0.480363994836807 0.48068168759346 0.48099935054779 0.481317043304443 0.481634706258774
0.459042698144913 0.459518820047379 0.459994941949844 0.46047106385231 0.460947185754776 0.461423307657242 0.461899429559708 0.462375551462173 0.46184578537941 0.460980713367462 0.460115611553192 0.459250539541245 0.458385467529297 0.457520395517349 0.456655323505402 0.455982893705368 0.455888450145721 0.455793976783752 0.455699533224106 0.455605059862137 0.45551061630249 0.455416172742844 0.455321699380875 0.456663876771927 0.458484947681427 0.460305988788605 0.462127059698105 0.463948100805283 0.465769171714783 0.46759021282196 0.469253182411194 0.470441848039627 0.47163051366806 0.472819179296494 0.474007874727249 0.475196540355682 0.476385205984116 0.477573871612549 0.478044182062149 0.478275060653687 0.478505939245224 0.478736817836761 0.478967696428299 0.479198575019836
0.458537936210632 0.458864867687225 0.459191799163818 0.459518730640411 0.459845662117004 0.460172563791275 0.460499495267868 0.460826426744461 0.460900068283081 0.460889250040054 0.46087846159935 0.460867643356323 0.460856854915619 0.460846036672592 0.460835248231888 0.46067801117897 0.460081547498703 0.459485113620758 0.458888649940491 0.458292186260223 0.457695722579956 0.457099258899689 0.456502795219421 0.457428336143494 0.458861202001572 0.46029406785965 0.461726933717728 0.463159799575806 0.464592665433884 0.466025501489639 0.46739462018013 0.468572467565536 0.469750314950943 0.47092816233635 0.472106009721756 0.473283857107162 0.474461704492569 0.475639551877975 0.476042062044144 0.476186156272888 0.47633022069931 0.476474314928055 0.476618379354477 0.476762473583221
0.458033204078674 0.458210915327072 0.458388656377792 0.458566397428513 0.45874410867691 0.458921849727631 0.459099560976028 0.459277302026749 0.45995432138443 0.460797786712646 0.461641281843185 0.462484747171402 0.463328212499619 0.464171677827835 0.465015172958374 0.465373158454895 0.464274674654007 0.463176220655441 0.462077766656876 0.460979282855988 0.459880828857422 0.458782374858856 0.45768392086029 0.45819279551506 0.459237456321716 0.460282117128372 0.46132680773735 0.462371468544006 0.463416129350662 0.464460790157318 0.465536057949066 0.466703087091446 0.467870116233826 0.469037145376205 0.470204144716263 0.471371173858643 0.472538203001022 0.473705232143402 0.474039942026138 0.474097222089767 0.474154502153397 0.474211782217026 0.474269062280655 0.474326342344284
0.457528471946716 0.457556992769241 0.457585513591766 0.457614034414291 0.457642585039139 0.457671105861664 0.457699626684189 0.457728147506714 0.459008604288101 0.460706353187561 0.462404102087021 0.464101850986481 0.465799599885941 0.4674973487854 0.46919509768486 0.470068275928497 0.468467801809311 0.466867357492447 0.46526688337326 0.463666409254074 0.462065935134888 0.460465461015701 0.458865016698837 0.458957254886627 0.459613710641861 0.460270196199417 0.460926681756973 0.461583137512207 0.462239623069763 0.462896108627319 0.463677495718002 0.464833706617355 0.465989887714386 0.467146098613739 0.468302309513092 0.469458490610123 0.470614701509476 0.471770912408829 0.472037822008133 0.472008287906647 0.471978783607483 0.471949249505997 0.471919745206833 0.471890240907669
0.457023710012436 0.456903040409088 0.45678237080574 0.456661701202393 0.456541031599045 0.456420361995697 0.456299692392349 0.456179022789001 0.458062887191772 0.460614889860153 0.463166922330856 0.465718954801559 0.46827095746994 0.470822989940643 0.473375022411346 0.4747633934021 0.472660928964615 0.47055846452713 0.468456000089645 0.466353535652161 0.464251041412354 0.462148576974869 0.460046112537384 0.459721714258194 0.459989994764328 0.460258275270462 0.460526555776596 0.46079483628273 0.461063116788864 0.461331397294998 0.461818933486938 0.462964326143265 0.464109688997269 0.465255081653595 0.466400444507599 0.467545837163925 0.468691200017929 0.469836592674255 0.470035701990128 0.469919383525848 0.469803065061569 0.46968674659729 0.469570428133011 0.469454109668732
0.454700738191605 0.454868584871292 0.45503643155098 0.455204278230667 0.455372154712677 0.455540001392365 0.455707848072052 0.45587569475174 0.457727342844009 0.460140258073807 0.462553143501282 0.464966028928757 0.467378944158554 0.469791829586029 0.472204744815826 0.473520129919052 0.471542954444885 0.469565778970718 0.467588603496552 0.465611428022385 0.463634252548218 0.461657077074051 0.459679901599884 0.459245979785919 0.459326505661011 0.45940700173378 0.459487527608871 0.459568053483963 0.459648549556732 0.459729075431824 0.460052669048309 0.461105525493622 0.462158381938934 0.463211208581924 0.464264065027237 0.465316921472549 0.466369777917862 0.467422604560852 0.467682927846909 0.467679083347321 0.46767520904541 0.4676713347435 0.467667490243912 0.467663615942001
0.450559496879578 0.451453596353531 0.452347695827484 0.453241795301437 0.454135894775391 0.455029994249344 0.455924093723297 0.45681819319725 0.458002001047134 0.459282398223877 0.460562765598297 0.461843132972717 0.46312353014946 0.46440389752388 0.465684294700623 0.46633842587471 0.4651138484478 0.463889271020889 0.462664693593979 0.461440116167068 0.460215538740158 0.458990931510925 0.457766354084015 0.457530111074448 0.457623273134232 0.457716464996338 0.457809627056122 0.457902789115906 0.457995980978012 0.458089143037796 0.458378702402115 0.459257304668427 0.460135936737061 0.461014539003372 0.461893141269684 0.462771773338318 0.46365037560463 0.464529007673264 0.464979529380798 0.465287387371063 0.465595215559006 0.465903073549271 0.466210901737213 0.466518759727478
0.446418255567551 0.44803860783577 0.449658960103989 0.451279282569885 0.452899634838104 0.454519987106323 0.456140339374542 0.457760691642761 0.458276659250259 0.458424538373947 0.458572387695312 0.458720237016678 0.458868116140366 0.459015965461731 0.459163844585419 0.45915675163269 0.458684742450714 0.45821276307106 0.457740783691406 0.457268804311752 0.456796795129776 0.456324815750122 0.455852836370468 0.455814212560654 0.455920040607452 0.456025898456573 0.456131726503372 0.456237554550171 0.456343412399292 0.456449240446091 0.456704705953598 0.457409083843231 0.458113491535187 0.45881786942482 0.459522247314453 0.460226625204086 0.46093100309372 0.461635380983353 0.46227616071701 0.462895691394806 0.463515251874924 0.464134782552719 0.464754343032837 0.465373873710632
0.442277014255524 0.444623619318008 0.446970194578171 0.449316799640656 0.45166340470314 0.454009979963303 0.456356585025787 0.45870316028595 0.458551317453384 0.457566678524017 0.456582009792328 0.455597341060638 0.454612702131271 0.453628033399582 0.452643394470215 0.451975047588348 0.452255666255951 0.452536255121231 0.452816873788834 0.453097492456436 0.453378081321716 0.453658699989319 0.453939318656921 0.454098343849182 0.454216837882996 0.454335331916809 0.454453825950623 0.454572319984436 0.45469081401825 0.454809308052063 0.455030739307404 0.455560892820358 0.456091016530991 0.456621170043945 0.4571513235569 0.457681477069855 0.458211630582809 0.458741784095764 0.4595727622509 0.460503995418549 0.461435258388519 0.46236652135849 0.463297754526138 0.464229017496109
