data/working_set_collections/6091692-Cassins_Sparrow-M2/1990/echange_avg.asc
NCOLS 265 
NROWS 230 
XLLCORNER -115.5625 
YLLCORNER 24.8333333333333 
CELLSIZE 0.0833333333333333 
NODATA_value -9999 
[rows 57 to 75 of 230, columns 132 to 175 of 265]
0.192671865224838 0.202908217906952 0.211305990815163 0.214188054203987 0.217070117592812 0.219952180981636 0.22283424437046 0.225716307759285 0.228598356246948 0.231480419635773 0.232543051242828 0.232999190688133 0.233455330133438 0.233911484479904 0.234367623925209 0.234823763370514 0.23527991771698 0.234803944826126 0.231531649827957 0.228259354829788 0.224987059831619 0.221714749932289 0.21844245493412 0.215170159935951 0.211897864937782 0.209606111049652 0.207641214132309 0.205676317214966 0.203711405396461 0.201746508479118 0.199781611561775 0.197816699743271 0.196680009365082 0.198027893900871 0.199375778436661 0.20072366297245 0.202071562409401 0.20341944694519 0.20476733148098 0.206115230917931 0.20564466714859 0.204567953944206 0.203491255640984 0.2024145424366
0.207025796175003 0.214856505393982 0.221235230565071 0.223258018493652 0.225280806422234 0.227303594350815 0.229326367378235 0.231349155306816 0.233371943235397 0.235394731163979 0.23626646399498 0.23675449192524 0.23724253475666 0.23773056268692 0.23821859061718 0.238706633448601 0.23919466137886 0.238773688673973 0.235625669360161 0.232477650046349 0.229329630732536 0.226181596517563 0.223033577203751 0.219885557889938 0.216737538576126 0.214392691850662 0.212315559387207 0.210238441824913 0.208161324262619 0.206084191799164 0.20400707423687 0.201929941773415 0.200685858726501 0.201940894126892 0.203195914626122 0.204450950026512 0.205705970525742 0.206961005926132 0.208216041326523 0.209471061825752 0.208592981100082 0.207003846764565 0.205414727330208 0.203825607895851
0.221379727125168 0.226804792881012 0.231164455413818 0.232327967882156 0.233491480350494 0.234654992818832 0.23581850528717 0.236982017755508 0.238145530223846 0.239309042692184 0.23998986184597 0.240509793162346 0.241029724478722 0.241549640893936 0.242069572210312 0.242589503526688 0.243109419941902 0.24274343252182 0.239719688892365 0.236695945262909 0.233672201633453 0.230648443102837 0.227624699473381 0.224600955843925 0.22157721221447 0.219179272651672 0.216989919543266 0.21480056643486 0.212611228227615 0.210421875119209 0.208232536911964 0.206043183803558 0.204691722989082 0.205853894352913 0.207016050815582 0.208178222179413 0.209340393543243 0.210502564907074 0.211664736270905 0.212826907634735 0.211541295051575 0.209439754486084 0.207338213920593 0.205236673355103
0.233290076255798 0.238102480769157 0.241808235645294 0.242194101214409 0.242579951882362 0.242965802550316 0.243351668119431 0.243737518787384 0.244123369455338 0.244509235024452 0.244545146822929 0.244464412331581 0.244383677840233 0.244302943348885 0.244222193956375 0.244141459465027 0.244060724973679 0.24331571161747 0.240577876567841 0.23784002661705 0.23510217666626 0.232364326715469 0.22962649166584 0.22688864171505 0.224150791764259 0.221858784556389 0.219715386629105 0.21757198870182 0.215428590774536 0.213285192847252 0.211141794919968 0.208998396992683 0.207644760608673 0.208660393953323 0.209676042199135 0.210691675543785 0.211707308888435 0.212722957134247 0.213738590478897 0.214754238724709 0.213349059224129 0.211136937141418 0.208924815058708 0.206712692975998
0.242756858468056 0.248749569058418 0.253166556358337 0.252856373786926 0.252546191215515 0.252236008644104 0.251925826072693 0.251615673303604 0.251305490732193 0.250995308160782 0.249932289123535 0.248618334531784 0.247304379940033 0.245990440249443 0.244676485657692 0.243362531065941 0.242048591375351 0.240490540862083 0.238200217485428 0.235909894108772 0.233619570732117 0.231329247355461 0.229038938879967 0.226748615503311 0.224458292126656 0.222431242465973 0.220491960644722 0.218552693724632 0.216613411903381 0.21467413008213 0.21273484826088 0.210795566439629 0.209544971585274 0.210360407829285 0.211175858974457 0.211991295218468 0.212806731462479 0.213622182607651 0.214437618851662 0.215253069996834 0.214016273617744 0.212095409631729 0.210174545645714 0.208253681659698
0.252223640680313 0.25939667224884 0.264524877071381 0.263518661260605 0.262512445449829 0.261506229639053 0.260500013828278 0.259493798017502 0.258487582206726 0.25748136639595 0.255319446325302 0.252772271633148 0.250225096940994 0.247677937150002 0.245130777359009 0.242583602666855 0.240036442875862 0.237665370106697 0.235822573304176 0.233979776501656 0.232136964797974 0.230294167995453 0.228451371192932 0.226608574390411 0.224765777587891 0.223003715276718 0.221268549561501 0.219533383846283 0.217798233032227 0.216063067317009 0.214327901601791 0.212592750787735 0.211445182561874 0.212060421705246 0.212675675749779 0.21329091489315 0.213906154036522 0.214521408081055 0.215136647224426 0.215751886367798 0.214683502912521 0.21305388212204 0.211424276232719 0.209794670343399
0.261690437793732 0.270043760538101 0.275883197784424 0.274180948734283 0.272478699684143 0.270776450634003 0.269074201583862 0.2673719227314 0.265669673681259 0.263967424631119 0.260706573724747 0.256926208734512 0.253145813941956 0.24936543405056 0.245585054159164 0.241804674267769 0.238024294376373 0.23484018445015 0.233444914221764 0.232049643993378 0.230654373764992 0.229259088635445 0.227863818407059 0.226468548178673 0.225073277950287 0.223576173186302 0.222045123577118 0.220514088869095 0.218983039259911 0.217452004551888 0.215920954942703 0.21438992023468 0.213345393538475 0.213760450482368 0.214175492525101 0.214590534567833 0.215005576610565 0.215420633554459 0.215835675597191 0.216250717639923 0.215350717306137 0.214012369513512 0.212674021720886 0.2113356590271
0.271157205104828 0.280690848827362 0.287241518497467 0.284843236207962 0.282444953918457 0.28004664182663 0.277648359537125 0.27525007724762 0.272851794958115 0.270453482866287 0.266093730926514 0.261080116033554 0.256066530942917 0.25105294585228 0.246039345860481 0.241025745868683 0.236012145876884 0.232015013694763 0.231067270040512 0.2301195114851 0.229171767830849 0.228224009275436 0.227276265621185 0.226328521966934 0.225380763411522 0.224148631095886 0.222821712493896 0.221494793891907 0.220167860388756 0.218840941786766 0.217514023184776 0.216187089681625 0.215245619416237 0.21546046435833 0.215675309300423 0.215890154242516 0.216104999184608 0.216319859027863 0.216534703969955 0.216749548912048 0.216017931699753 0.214970842003822 0.213923752307892 0.2128766477108
0.280624002218246 0.291337966918945 0.29859983921051 0.295505523681641 0.292411208152771 0.289316862821579 0.286222547292709 0.283128201961517 0.280033886432648 0.276939541101456 0.271480858325958 0.265234053134918 0.258987247943878 0.252740442752838 0.246493622660637 0.240246817469597 0.233999997377396 0.229189842939377 0.228689610958099 0.228189393877983 0.227689161896706 0.227188929915428 0.226688712835312 0.226188480854034 0.225688263773918 0.224721103906631 0.223598286509514 0.222475484013557 0.221352681517601 0.220229879021645 0.219107076525688 0.217984274029732 0.217145830392838 0.217160478234291 0.217175126075745 0.217189773917198 0.217204421758652 0.217219069600105 0.21723373234272 0.217248380184174 0.21668516099453 0.215929314494133 0.215173482894897 0.214417636394501
0.276857733726501 0.290126621723175 0.299398303031921 0.296678394079208 0.293958485126495 0.291238576173782 0.288518667221069 0.285798758268356 0.283078819513321 0.280358910560608 0.274129003286362 0.266729086637497 0.259329169988632 0.251929223537445 0.24452930688858 0.237129390239716 0.229729473590851 0.224185779690742 0.224210813641548 0.224235847592354 0.22426088154316 0.224285915493965 0.224310949444771 0.224335983395576 0.224361017346382 0.223975732922554 0.223453655838966 0.22293159365654 0.222409531474113 0.221887454390526 0.221365392208099 0.220843315124512 0.220395788550377 0.220171883702278 0.219947963953018 0.219724044203758 0.21950013935566 0.2192762196064 0.219052314758301 0.218828395009041 0.21837343275547 0.217841446399689 0.217309460043907 0.216777473688126
0.259858429431915 0.277056813240051 0.289636880159378 0.288361817598343 0.28708678483963 0.285811752080917 0.284536719322205 0.283261686563492 0.281986624002457 0.280711591243744 0.274038136005402 0.26556521654129 0.257092267274857 0.248619347810745 0.240146413445473 0.2316734790802 0.223200544714928 0.217002853751183 0.217630878090858 0.218258902430534 0.218886941671371 0.219514966011047 0.220143005251884 0.22077102959156 0.221399053931236 0.221912533044815 0.222387820482254 0.222863107919693 0.223338395357132 0.22381366789341 0.224288955330849 0.224764242768288 0.224995493888855 0.22449466586113 0.223993822932243 0.223492980003357 0.222992137074471 0.222491294145584 0.221990466117859 0.221489623188972 0.221082761883736 0.220707222819328 0.220331683754921 0.219956144690514
0.242859125137329 0.26398703455925 0.279875427484512 0.2800452709198 0.280215114355087 0.280384927988052 0.28055477142334 0.280724614858627 0.280894428491592 0.28106427192688 0.273947268724442 0.264401346445084 0.254855394363403 0.245309442281723 0.235763505101204 0.226217553019524 0.216671615839005 0.209819912910461 0.211050942540169 0.212281957268715 0.213512986898422 0.21474401652813 0.215975046157837 0.217206075787544 0.21843709051609 0.219849333167076 0.22132197022438 0.222794607281685 0.224267244338989 0.225739896297455 0.227212533354759 0.228685170412064 0.229595214128494 0.228817448019981 0.228039667010307 0.227261900901794 0.226484134793282 0.225706368684769 0.224928602576256 0.224150836467743 0.22379207611084 0.223572984337807 0.223353892564774 0.223134815692902
0.225859820842743 0.250917255878448 0.270114004611969 0.271728724241257 0.273343414068222 0.27495813369751 0.276572823524475 0.278187543153763 0.279802232980728 0.281416952610016 0.273856401443481 0.263237446546555 0.252618491649628 0.241999551653862 0.231380596756935 0.220761641860008 0.210142686963081 0.20263697206974 0.204470992088318 0.206305027008057 0.208139047026634 0.209973067045212 0.211807087063789 0.213641107082367 0.215475142002106 0.217786133289337 0.220256134867668 0.222726121544838 0.225196108222008 0.227666109800339 0.230136096477509 0.23260609805584 0.234194919466972 0.233140230178833 0.232085525989532 0.231030836701393 0.229976147413254 0.228921443223953 0.227866753935814 0.226812064647675 0.226501405239105 0.226438760757446 0.226376116275787 0.226313471794128
0.208860531449318 0.237847477197647 0.260352581739426 0.263412147760391 0.266471743583679 0.269531309604645 0.272590905427933 0.275650471448898 0.278710037469864 0.281769633293152 0.273765563964844 0.262073576450348 0.250381618738174 0.238689661026001 0.226997688412666 0.215305715799332 0.203613758087158 0.195454031229019 0.197891056537628 0.200328081846237 0.202765092253685 0.205202117562294 0.207639127969742 0.210076153278351 0.21251317858696 0.215722933411598 0.219190284609795 0.222657635807991 0.226124972105026 0.229592323303223 0.233059674501419 0.236527025699615 0.23879462480545 0.237463012337685 0.236131384968758 0.234799757599831 0.233468145132065 0.232136517763138 0.230804905295372 0.229473277926445 0.229210719466209 0.229304537177086 0.229398339986801 0.229492142796516
0.191861227154732 0.224777683615685 0.25059112906456 0.255095601081848 0.259600043296814 0.26410448551178 0.268608957529068 0.273113399744034 0.277617841959 0.282122313976288 0.273674696683884 0.260909706354141 0.24814473092556 0.235379755496979 0.222614780068398 0.209849804639816 0.197084829211235 0.188271105289459 0.191311120986938 0.194351136684418 0.197391152381897 0.200431168079376 0.203471183776855 0.206511199474335 0.209551215171814 0.213659733533859 0.218124434351921 0.222589135169983 0.227053835988045 0.231518551707268 0.23598325252533 0.240447953343391 0.243394330143929 0.241785794496536 0.240177243947983 0.238568693399429 0.236960142850876 0.235351592302322 0.233743041753769 0.232134491205215 0.231920048594475 0.232170298695564 0.232420563697815 0.232670813798904
0.186631828546524 0.221010074019432 0.247864753007889 0.252148747444153 0.256432771682739 0.260716766119003 0.265000760555267 0.269284754991531 0.273568779230118 0.277852773666382 0.269326001405716 0.256528973579407 0.243731945753098 0.230934917926788 0.218137890100479 0.20534086227417 0.192543834447861 0.183702036738396 0.186725929379463 0.189749836921692 0.192773744463921 0.195797637104988 0.198821544647217 0.201845437288284 0.204869344830513 0.209588840603828 0.214873552322388 0.220158249139786 0.225442945957184 0.230727657675743 0.236012354493141 0.241297051310539 0.244867086410522 0.2432931214571 0.241719156503677 0.240145206451416 0.238571241497993 0.236997276544571 0.235423311591148 0.233849346637726 0.233714893460274 0.234060257673264 0.234405636787415 0.234751001000404
0.193172335624695 0.226544633507729 0.252173393964767 0.25457164645195 0.25696986913681 0.259368091821671 0.261766344308853 0.264164566993713 0.266562789678574 0.268961042165756 0.260719507932663 0.248931378126144 0.237143248319626 0.225355133414268 0.21356700360775 0.201778888702393 0.189990758895874 0.18174684047699 0.184135511517525 0.186524197459221 0.188912868499756 0.191301554441452 0.193690225481987 0.196078896522522 0.198467582464218 0.203510254621506 0.209437608718872 0.215364947915077 0.221292302012444 0.22721965610981 0.233146995306015 0.239074349403381 0.243212893605232 0.241985023021698 0.240757152438164 0.239529296755791 0.238301426172256 0.237073570489883 0.235845699906349 0.234617829322815 0.234595239162445 0.234974399209023 0.2353535592556 0.235732719302177
0.199712842702866 0.232079192996025 0.256482064723969 0.256994515657425 0.257506996393204 0.25801944732666 0.258531898260117 0.259044349193573 0.259556829929352 0.260069280862808 0.252112984657288 0.241333767771721 0.230554550886154 0.219775334000587 0.208996117115021 0.198216900229454 0.187437698245049 0.179791644215584 0.181545093655586 0.183298543095589 0.185052007436752 0.186805456876755 0.188558906316757 0.19031235575676 0.192065820097923 0.197431668639183 0.204001665115356 0.21057166159153 0.217141658067703 0.223711639642715 0.230281636118889 0.236851632595062 0.241558685898781 0.240676924586296 0.23979514837265 0.238913387060165 0.238031625747681 0.237149849534035 0.23626808822155 0.235386326909065 0.235475584864616 0.235888540744781 0.236301481723785 0.23671443760395
0.206253349781036 0.23761373758316 0.260790705680847 0.259417414665222 0.258044093847275 0.256670773029327 0.255297482013702 0.253924161195755 0.252550840377808 0.251177549362183 0.243506476283073 0.233736172318459 0.223965868353844 0.214195549488068 0.204425245523453 0.194654926657677 0.184884622693062 0.177836447954178 0.178954675793648 0.180072903633118 0.181191131472588 0.182309359312057 0.183427587151527 0.184545814990997 0.185664042830467 0.19135308265686 0.198565721511841 0.205778360366821 0.212990999221802 0.220203638076782 0.227416276931763 0.234628915786743 0.239904478192329 0.239368811249733 0.238833144307137 0.23829747736454 0.237761810421944 0.237226143479347 0.236690476536751 0.236154809594154 0.236355945467949 0.23680268228054 0.237249419093132 0.237696155905724
