data/working_set_collections/6091692-Cassins_Sparrow-M2/1990/echange_avg.asc
NCOLS 265 
NROWS 230 
XLLCORNER -115.5625 
YLLCORNER 24.8333333333333 
CELLSIZE 0.0833333333333333 
NODATA_value -9999 
[rows 171 to 189 of 230, columns 44 to 87 of 265]
-0.035539161413908 -0.0247510578483343 -0.013962953351438 -0.00317484908737242 0.00761325471103191 0.0184013582766056 0.0291894637048244 0.039977565407753 0.0423967391252518 0.0420262664556503 0.0416557937860489 0.0412853248417377 0.0409148521721363 0.0405443795025349 0.0401739068329334 0.0411751009523869 0.046291284263134 0.0514074675738811 0.056523647159338 0.0616398304700851 0.0667560175061226 0.0718721970915794 0.0769883841276169 0.0913949236273766 0.108898259699345 0.126401588320732 0.1439049243927 0.161408245563507 0.178911581635475 0.196414917707443 0.206810489296913 0.19588278234005 0.184955090284348 0.174027383327484 0.163099691271782 0.152171984314919 0.141244292259216 0.130316585302353 0.123960539698601 0.119128368794918 0.114296205341816 0.109464034438133 0.104631863534451 0.0997997000813484
-0.0448974817991257 -0.0320723727345467 -0.0192472655326128 -0.0064221560023725 0.00640295306220651 0.0192280616611242 0.0320531688630581 0.0448782779276371 0.0480432212352753 0.0479881092905998 0.0479329973459244 0.0478778816759586 0.0478227697312832 0.0477676577866077 0.0477125458419323 0.0491540059447289 0.0550851970911026 0.0610163882374763 0.0669475793838501 0.0728787705302238 0.0788099616765976 0.0847411528229713 0.0906723439693451 0.105111889541149 0.122387550771236 0.139663204550743 0.15693886578083 0.174214527010918 0.191490188241005 0.208765834569931 0.219264984130859 0.209434598684311 0.199604213237762 0.189773812890053 0.179943427443504 0.170113041996956 0.160282641649246 0.150452256202698 0.14128103852272 0.132329538464546 0.123378045856953 0.114426553249359 0.105475060641766 0.0965235605835915
-0.0542558021843433 -0.0393936894834042 -0.024531576782465 -0.00966946221888065 0.00519265094771981 0.0200547650456429 0.034916877746582 0.0497789904475212 0.0536897033452988 0.0539499521255493 0.0542101971805096 0.0544704422354698 0.0547306872904301 0.0549909360706806 0.0552511811256409 0.0571329146623611 0.0638791173696518 0.0706253126263618 0.0773715153336525 0.0841177105903625 0.0908639132976532 0.0976101160049438 0.104356311261654 0.118828848004341 0.135876834392548 0.152924820780754 0.169972807168961 0.187020793557167 0.204068779945374 0.22111676633358 0.231719478964806 0.222986400127411 0.214253321290016 0.205520242452621 0.196787163615227 0.188054084777832 0.179320991039276 0.170587912201881 0.158601522445679 0.145530715584755 0.13245989382267 0.119389072060585 0.1063182502985 0.0932474285364151
-0.05945585668087 -0.0426890142261982 -0.0259221736341715 -0.00915533024817705 0.00761151220649481 0.0243783537298441 0.0411451980471611 0.057912040501833 0.0623350813984871 0.0626435279846191 0.0629519745707512 0.0632604137063026 0.0635688602924347 0.0638773068785667 0.0641857460141182 0.0661281049251556 0.0729722157120705 0.0798163339495659 0.0866604447364807 0.0935045555233955 0.10034866631031 0.107192777097225 0.11403688788414 0.128097221255302 0.14456295967102 0.1610287129879 0.177494451403618 0.193960189819336 0.210425928235054 0.226891681551933 0.237314194440842 0.22960701584816 0.221899852156639 0.214192673563957 0.206485509872437 0.198778331279755 0.191071152687073 0.183363988995552 0.170213937759399 0.155249610543251 0.140285283327103 0.125320941209793 0.110356613993645 0.0953922793269157
-0.0604976452887058 -0.0419583506882191 -0.0234190542250872 -0.00487975962460041 0.0136595359072089 0.0321988314390182 0.050738126039505 0.0692774206399918 0.0739793553948402 0.0740688368678093 0.0741583183407784 0.0742477998137474 0.0743372812867165 0.0744267627596855 0.0745162442326546 0.0761395841836929 0.0823645144701004 0.0885894373059273 0.0948143675923347 0.101039290428162 0.107264220714569 0.113489143550396 0.119714066386223 0.132917001843452 0.148445919156075 0.163974851369858 0.179503783583641 0.195032715797424 0.210561633110046 0.22609056532383 0.236049100756645 0.229296430945396 0.222543776035309 0.215791121125221 0.209038451313972 0.202285796403885 0.195533126592636 0.188780471682549 0.176118284463882 0.161486253142357 0.146854221820831 0.132222190499306 0.1175901517272 0.102958120405674
-0.0615394338965416 -0.0412276834249496 -0.020915936678648 -0.000604188535362482 0.0197075586766005 0.0400193072855473 0.0603310540318489 0.0806428045034409 0.0856236293911934 0.0854941457509995 0.0853646695613861 0.0852351859211922 0.0851057022809982 0.0849762260913849 0.084846742451191 0.0861510634422302 0.0917568057775497 0.0973625481128693 0.102968290448189 0.108574032783508 0.114179767668247 0.119785510003567 0.125391244888306 0.137736767530441 0.15232889354229 0.166921004652977 0.181513115763664 0.196105226874352 0.2106973528862 0.225289463996887 0.234784007072449 0.228985860943794 0.223187699913979 0.217389553785324 0.21159140765667 0.205793246626854 0.199995100498199 0.194196954369545 0.182022616267204 0.167722880840302 0.153423145413399 0.139123424887657 0.124823689460754 0.110523954033852
-0.0625812187790871 -0.0404970198869705 -0.0184128191322088 0.0036713823210448 0.0257555823773146 0.0478397831320763 0.0699239820241928 0.09200818836689 0.0972679033875465 0.0969194620847702 0.0965710133314133 0.0962225720286369 0.09587412327528 0.0955256819725037 0.0951772406697273 0.0961625427007675 0.101149097084999 0.106135658919811 0.111122213304043 0.116108767688274 0.121095322072506 0.126081883907318 0.13106843829155 0.142556548118591 0.156211853027344 0.169867143034935 0.183522447943687 0.19717775285244 0.210833057761192 0.224488347768784 0.233518913388252 0.228675276041031 0.22383163869381 0.218988001346588 0.214144349098206 0.209300711750984 0.204457074403763 0.199613437056541 0.187926948070526 0.173959523439407 0.159992083907127 0.146024659276009 0.132057219743729 0.11808979511261
-0.0636230111122131 -0.0397663526237011 -0.0159096997231245 0.00794695317745209 0.0318036079406738 0.0556602589786053 0.0795169174671173 0.103373564779758 0.1089121773839 0.10834477096796 0.107777364552021 0.107209958136082 0.106642551720142 0.106075145304203 0.105507738888264 0.106174021959305 0.110541395843029 0.114908762276173 0.119276136159897 0.12364350259304 0.128010869026184 0.132378250360489 0.136745616793633 0.147376328706741 0.160094812512398 0.172813296318054 0.185531780123711 0.198250263929367 0.210968762636185 0.223687246441841 0.232253819704056 0.228364691138268 0.224475562572479 0.220586434006691 0.216697305440903 0.212808176875114 0.208919048309326 0.205029919743538 0.193831279873848 0.180196151137352 0.166561022400856 0.15292589366436 0.139290764927864 0.125655636191368
-0.0646647959947586 -0.039035689085722 -0.0134065821766853 0.0122225238010287 0.0378516316413879 0.0634807348251343 0.0891098454594612 0.114738948643208 0.120556451380253 0.119770079851151 0.118983708322048 0.118197344243526 0.117410972714424 0.116624601185322 0.115838229656219 0.116185501217842 0.119933687150478 0.123681873083115 0.12743005156517 0.131178244948387 0.134926423430443 0.13867461681366 0.142422795295715 0.15219609439373 0.163977771997452 0.175759449601173 0.187541112303734 0.199322789907455 0.211104467511177 0.222886130213737 0.23098874092102 0.228054121136665 0.22511950135231 0.222184881567955 0.2192502617836 0.216315641999245 0.21338102221489 0.210446402430534 0.199735626578331 0.186432793736458 0.173129960894585 0.159827128052711 0.146524295210838 0.133221477270126
-0.0690799057483673 -0.0432364009320736 -0.0173928961157799 0.00845060870051384 0.0342941135168076 0.0601376183331013 0.085981123149395 0.111824631690979 0.117961786687374 0.117530152201653 0.117098525166512 0.116666898131371 0.11623527109623 0.115803636610508 0.115372009575367 0.116235122084618 0.120982475578785 0.125729829072952 0.130477175116539 0.135224521160126 0.139971867203712 0.14471922814846 0.149466574192047 0.158474877476692 0.168903514742851 0.179332137107849 0.189760759472847 0.200189381837845 0.210618019104004 0.221046641469002 0.228035315871239 0.224704161286354 0.221373006701469 0.218041852116585 0.2147106975317 0.211379557847977 0.208048403263092 0.204717248678207 0.194641605019569 0.182317793369293 0.169993996620178 0.157670199871063 0.145346388220787 0.133022591471672
-0.0768683403730392 -0.0523684918880463 -0.0278686434030533 -0.00336879189126194 0.0211310591548681 0.0456309095025063 0.0701307579874992 0.0946306064724922 0.101128183305264 0.101624995470047 0.10212180763483 0.102618627250195 0.103115439414978 0.103612251579762 0.104109063744545 0.106322892010212 0.113687753677368 0.121052622795105 0.128417477011681 0.135782346129417 0.143147215247154 0.15051206946373 0.157876938581467 0.166212663054466 0.174872010946274 0.183531358838081 0.192190706729889 0.200850054621696 0.209509402513504 0.218168750405312 0.223393589258194 0.218314856290817 0.213236123323441 0.208157375454903 0.203078642487526 0.197999909520149 0.192921176552773 0.187842443585396 0.178549230098724 0.167851179838181 0.157153129577637 0.146455079317093 0.135757029056549 0.125058978796005
-0.0846567824482918 -0.0615005828440189 -0.0383443869650364 -0.015188192948699 0.00796800293028355 0.0311241988092661 0.0542803928256035 0.077436588704586 0.0842945799231529 0.0857198387384415 0.08714509755373 0.088570348918438 0.0899956077337265 0.091420866549015 0.092846117913723 0.0964106619358063 0.106393039226532 0.116375416517258 0.126357793807983 0.136340171098709 0.146322548389435 0.156304925680161 0.166287302970886 0.17395044863224 0.180840522050858 0.187730595469475 0.194620668888092 0.201510727405548 0.208400800824165 0.215290874242783 0.218751847743988 0.211925536394119 0.20509922504425 0.198272898793221 0.191446587443352 0.184620276093483 0.177793964743614 0.170967653393745 0.162456855177879 0.153384551405907 0.144312262535095 0.135239973664284 0.126167684793472 0.1170953810215
-0.0924452170729637 -0.0706326737999916 -0.0488201342523098 -0.027007594704628 -0.00519505329430103 0.0166174881160259 0.0384300276637077 0.0602425672113895 0.0674609765410423 0.0698146820068359 0.072168380022049 0.074522078037262 0.076875776052475 0.0792294815182686 0.0815831795334816 0.08649842441082 0.0990983173251152 0.11169821023941 0.124298103153706 0.136897996068001 0.149497881531715 0.162097781896591 0.174697667360306 0.181688234210014 0.186809033155441 0.191929817199707 0.197050616145134 0.2021714001894 0.207292199134827 0.212412998080254 0.214110106229782 0.205536216497421 0.19696232676506 0.188388422131538 0.179814532399178 0.171240642666817 0.162666752934456 0.154092848300934 0.146364480257034 0.138917937874794 0.131471395492554 0.124024860560894 0.116578318178654 0.109131783246994
-9999 -0.0797647684812546 -0.0592958815395832 -0.0388269945979118 -0.0183581095188856 0.00211077649146318 0.022579662501812 0.0430485494434834 0.050627376884222 0.0539095215499401 0.0571916624903679 0.060473807156086 0.063755951821804 0.0670380890369415 0.0703202337026596 0.0765861943364143 0.0918035954236984 0.107021003961563 0.122238412499428 0.137455821037292 0.152673229575157 0.167890623211861 0.183108031749725 0.189426019787788 0.192777544260025 0.1961290538311 0.199480563402176 0.202832072973251 0.206183597445488 0.209535107016563 0.209468379616737 0.199146896600723 0.18882542848587 0.178503960371017 0.168182477355003 0.15786100924015 0.147539526224136 0.137218058109283 0.130272105336189 0.124451316893101 0.118630535900593 0.112809747457504 0.106988966464996 0.101168178021908
-9999 -9999 -0.0697716251015663 -0.0506463944911957 -0.031521163880825 -0.012395934201777 0.00672929687425494 0.0258545279502869 0.0337937735021114 0.0380043610930443 0.0422149449586868 0.0464255325496197 0.0506361201405525 0.0548467040061951 0.0590572915971279 0.0666739568114281 0.0845088809728622 0.102343797683716 0.12017872184515 0.138013646006584 0.155848562717438 0.173683479428291 0.191518396139145 0.197163805365562 0.198746040463448 0.200328275561333 0.201910510659218 0.203492745757103 0.205074980854988 0.206657230854034 0.204826638102531 0.192757576704025 0.18068853020668 0.168619483709335 0.156550422310829 0.144481375813484 0.132412314414978 0.120343260467052 0.114179722964764 0.109984695911407 0.105789668858051 0.101594634354115 0.0973996073007584 0.0932045802474022
-9999 -9999 -9999 -0.055404782295227 -0.0378001928329468 -0.0201956070959568 -0.00259102042764425 0.0150135662406683 0.0233146771788597 0.0285146273672581 0.0337145775556564 0.0389145314693451 0.0441144816577435 0.0493144318461418 0.0545143857598305 0.0630310922861099 0.0814980715513229 0.0999650582671165 0.11843203753233 0.136899024248123 0.155366003513336 0.173832982778549 0.192299962043762 0.198400363326073 0.200378581881523 0.202356785535812 0.204334989190102 0.206313207745552 0.208291411399841 0.210269629955292 0.20868793129921 0.196426495909691 0.184165060520172 0.171903625130653 0.159642189741135 0.147380754351616 0.135119318962097 0.122857883572578 0.116060853004456 0.111085295677185 0.106109730899334 0.101134173572063 0.0961586087942123 0.0911830514669418
-9999 -9999 -9999 -9999 -9999 -0.0212882421910763 -0.0053812894038856 0.0105256643146276 0.0191900823265314 0.0254403222352266 0.0316905602812767 0.0379408001899719 0.0441910400986671 0.0504412800073624 0.0566915161907673 0.0656575933098793 0.0827711820602417 0.0998847708106041 0.116998359560966 0.134111940860748 0.151225537061691 0.168339118361473 0.185452714562416 0.193135693669319 0.197675123810768 0.202214568853378 0.206753998994827 0.211293444037437 0.215832889080048 0.220372319221497 0.221052244305611 0.210153624415398 0.199255019426346 0.188356399536133 0.17745777964592 0.166559159755707 0.155660539865494 0.144761919975281 0.135915488004684 0.127753108739853 0.119590729475021 0.11142835021019 0.103265970945358 0.0951035916805267
-9999 -9999 -9999 -9999 -9999 -9999 -0.00817155838012695 0.006037762388587 0.0150654874742031 0.02236601524055 0.0296665411442518 0.0369670689105988 0.0442675948143005 0.0515681244432926 0.0588686503469944 0.0682840943336487 0.0840442925691605 0.0998044833540916 0.115564681589603 0.131324872374535 0.147085070610046 0.162845268845558 0.17860546708107 0.187871009111404 0.194971680641174 0.202072352170944 0.209173008799553 0.216273680329323 0.223374351859093 0.230475023388863 0.233416572213173 0.223880767822266 0.214344963431358 0.204809173941612 0.195273369550705 0.185737565159798 0.17620176076889 0.166665971279144 0.155770123004913 0.144420921802521 0.133071720600128 0.121722526848316 0.110373333096504 0.0990241393446922
-9999 -9999 -9999 -9999 -9999 -9999 -9999 0.0015498602297157 0.0109408935531974 0.0192917082458735 0.0276425238698721 0.0359933376312256 0.0443441532552242 0.0526949688792229 0.0610457845032215 0.0709105953574181 0.0853173956274986 0.0997242033481598 0.11413100361824 0.128537803888321 0.142944604158401 0.157351419329643 0.171758219599724 0.182606339454651 0.19226823747158 0.20193013548851 0.211592018604279 0.221253916621208 0.230915814638138 0.240577712655067 0.245780885219574 0.237607911229134 0.229434922337532 0.22126193344593 0.21308895945549 0.204915970563889 0.196742996573448 0.188570007681847 0.175624758005142 0.161088734865189 0.146552726626396 0.132016703486443 0.11748069524765 0.102944679558277
