data/working_set_collections/6091692-Cassins_Sparrow-M2/1990/echange_avg.asc
NCOLS 265 
NROWS 230 
XLLCORNER -115.5625 
YLLCORNER 24.8333333333333 
CELLSIZE 0.0833333333333333 
NODATA_value -9999 
[rows 133 to 151 of 230, columns 88 to 131 of 265]
0.0887217223644257 0.0889472514390945 0.0977857783436775 0.10662429779768 0.115462824702263 0.124301344156265 0.133139863610268 0.14197838306427 0.150816917419434 0.158543109893799 0.165898516774178 0.173253938555717 0.180609345436096 0.187964767217636 0.195320188999176 0.202675595879555 0.211729884147644 0.22588075697422 0.240031644701958 0.254182517528534 0.268333405256271 0.282484292984009 0.296635180711746 0.310786068439484 0.287301450967789 0.251271694898605 0.215241953730583 0.1792121976614 0.143182441592216 0.107152685523033 0.0711229294538498 0.0431667044758797 0.0394310727715492 0.0356954410672188 0.0319598093628883 0.0282241776585579 0.0244885459542274 0.020752914249897 0.0170172844082117 0.0305009856820107 0.0497244633734226 0.0689479410648346 0.0881714224815369 0.107394903898239
0.126223415136337 0.12903767824173 0.13311904668808 0.137200400233269 0.141281768679619 0.145363122224808 0.149444475769997 0.153525844216347 0.157607197761536 0.163950771093369 0.171048417687416 0.178146064281464 0.185243710875511 0.192341357469559 0.199439004063606 0.206536650657654 0.214937180280685 0.22724637389183 0.239555567502975 0.25186476111412 0.264173954725266 0.276483148336411 0.288792341947556 0.301101535558701 0.278487592935562 0.24423260986805 0.209977641701698 0.175722658634186 0.141467675566673 0.107212692499161 0.0729577094316483 0.0462740175426006 0.0423041880130768 0.0383343547582626 0.0343645252287388 0.0303946938365698 0.0264248624444008 0.0224550310522318 0.0184851996600628 0.031436376273632 0.0500278919935226 0.0686194002628326 0.0872109159827232 0.105802431702614
0.16372512280941 0.169128119945526 0.168452307581902 0.167776510119438 0.167100697755814 0.16642490029335 0.165749087929726 0.165073290467262 0.164397478103638 0.169358432292938 0.176198318600655 0.18303819000721 0.189878076314926 0.196717947721481 0.203557819128036 0.210397705435753 0.218144476413727 0.228611990809441 0.239079490303993 0.249546989798546 0.26001450419426 0.270482003688812 0.280949503183365 0.291417002677917 0.269673734903336 0.237193524837494 0.204713314771652 0.172233119606972 0.13975290954113 0.107272699475288 0.0747924968600273 0.0493813306093216 0.0451773032546043 0.0409732721745968 0.0367692410945892 0.0325652100145817 0.0283611789345741 0.0241571478545666 0.019953116774559 0.0323717705905437 0.0503313168883324 0.0682908594608307 0.0862504094839096 0.104209959506989
0.201226815581322 0.209218546748161 0.203785583376884 0.198352605104446 0.19291964173317 0.187486678361893 0.182053700089455 0.176620736718178 0.171187773346901 0.174766108393669 0.181348219513893 0.187930315732956 0.19451242685318 0.201094537973404 0.207676649093628 0.214258745312691 0.221351787447929 0.22997759282589 0.238603413105011 0.247229233384132 0.255855053663254 0.264480859041214 0.273106664419174 0.281732469797134 0.260859876871109 0.230154424905777 0.199449002742767 0.168743565678596 0.138038143515587 0.107332706451416 0.0766272768378258 0.0524886474013329 0.0480504147708416 0.0436121858656406 0.0391739569604397 0.0347357243299484 0.0302974935621023 0.0258592627942562 0.0214210320264101 0.0333071611821651 0.0506347417831421 0.0679623261094093 0.085289902985096 0.102617487311363
0.238728508353233 0.249308973550797 0.239118844270706 0.228928714990616 0.218738585710526 0.208548441529274 0.198358312249184 0.188168182969093 0.177978053689003 0.180173769593239 0.18649810552597 0.192822456359863 0.199146792292595 0.205471128225327 0.211795464158058 0.21811980009079 0.224559083580971 0.2313432097435 0.238127335906029 0.244911462068558 0.251695573329926 0.258479714393616 0.265263825654984 0.272047966718674 0.25204598903656 0.223115339875221 0.194184690713882 0.165254026651382 0.136323377490044 0.107392713427544 0.0784620642662048 0.0555959604680538 0.0509235300123692 0.0462510995566845 0.0415786691009998 0.0369062386453152 0.0322338081896305 0.027561379596591 0.0228889491409063 0.0342425517737865 0.0509381666779518 0.0676337853074074 0.0843293964862823 0.101025007665157
0.250244528055191 0.261549651622772 0.248918130993843 0.236286610364914 0.223655074834824 0.211023554205894 0.198392033576965 0.185760512948036 0.173128977417946 0.174134701490402 0.179686188697815 0.185237661004066 0.190789133310318 0.19634060561657 0.201892077922821 0.207443550229073 0.213061809539795 0.218880414962769 0.224699005484581 0.230517596006393 0.236336201429367 0.24215479195118 0.247973397374153 0.253791987895966 0.235578283667564 0.209353789687157 0.18312931060791 0.156904831528664 0.130680352449417 0.10445586591959 0.0782313793897629 0.0575470216572285 0.053483035415411 0.0494190454483032 0.0453550554811954 0.041291069239378 0.0372270792722702 0.0331630893051624 0.029099103063345 0.039653729647398 0.0550812259316444 0.0705087259411812 0.0859362185001373 0.101363718509674
0.235774889588356 0.245940566062927 0.233183428645134 0.22042627632618 0.207669138908386 0.194911986589432 0.182154849171638 0.169397711753845 0.156640559434891 0.15664891898632 0.160912424325943 0.165175944566727 0.16943946480751 0.173702970147133 0.177966490387917 0.1822300106287 0.186859950423241 0.192589193582535 0.198318421840668 0.204047650098801 0.209776893258095 0.215506121516228 0.221235349774361 0.226964578032494 0.211456716060638 0.188869804143906 0.166282892227173 0.14369598031044 0.121109060943127 0.0985221490263939 0.0759352371096611 0.0583418272435665 0.0557289235293865 0.0531160198152065 0.0505031123757362 0.0478902086615562 0.045277301222086 0.042664397507906 0.040051493793726 0.0495406873524189 0.06306391954422 0.0765871480107307 0.0901103764772415 0.103633604943752
0.22130523622036 0.230331480503082 0.217448711395264 0.204565957188606 0.191683188080788 0.17880043387413 0.165917664766312 0.153034895658493 0.140152141451836 0.139163121581078 0.142138674855232 0.145114228129387 0.148089796304703 0.151065349578857 0.154040902853012 0.157016471028328 0.160658106207848 0.166297972202301 0.171937838196754 0.177577704191208 0.183217570185661 0.188857436180115 0.194497317075729 0.200137183070183 0.187335133552551 0.168385803699493 0.149436458945274 0.130487114191055 0.111537776887417 0.0925884395837784 0.0736390948295593 0.0591366365551949 0.057974811643362 0.0568129904568195 0.055651169270277 0.0544893480837345 0.053327526897192 0.0521657057106495 0.0510038807988167 0.0594276450574398 0.0710466057062149 0.0826655700802803 0.0942845270037651 0.10590348392725
0.206835582852364 0.214722394943237 0.201714009046555 0.188705623149872 0.17569725215435 0.162688866257668 0.149680480360985 0.136672094464302 0.1236637160182 0.121677316725254 0.123364917933941 0.125052526593208 0.126740112900734 0.128427714109421 0.130115315318108 0.131802916526794 0.134456247091293 0.140006750822067 0.145557254552841 0.151107758283615 0.156658262014389 0.162208765745163 0.167759269475937 0.173309773206711 0.163213565945625 0.147901803255081 0.132590025663376 0.117278262972832 0.101966492831707 0.0866547226905823 0.0713429525494576 0.0599314421415329 0.0602207034826279 0.0605099648237228 0.0607992261648178 0.0610884875059128 0.0613777488470078 0.0616670101881027 0.0619562715291977 0.069314606487751 0.0790292993187904 0.0887439921498299 0.0984586775302887 0.108173370361328
0.192365929484367 0.199113309383392 0.185979306697845 0.172845304012299 0.159711301326752 0.146577298641205 0.133443295955658 0.120309293270111 0.107175290584564 0.104191526770592 0.10459116846323 0.104990810155869 0.105390444397926 0.105790086090565 0.106189727783203 0.106589369475842 0.108254387974739 0.113715529441833 0.119176670908928 0.124637804925442 0.130098953843117 0.13556008040905 0.141021221876144 0.146482363343239 0.139091998338699 0.127417802810669 0.115743607282639 0.104069404304028 0.0923952087759972 0.0807210132479668 0.0690468102693558 0.0607262477278709 0.0624665915966034 0.0642069354653358 0.0659472793340683 0.0676876306533813 0.0694279745221138 0.0711683183908463 0.0729086622595787 0.0792015641927719 0.0870119854807854 0.0948224142193794 0.102632835507393 0.110443256795406
0.177896276116371 0.183504223823547 0.170244604349136 0.156984984874725 0.143725350499153 0.130465731024742 0.117206111550331 0.10394649207592 0.0906868726015091 0.0867057293653488 0.0858174115419388 0.0849290937185287 0.0840407758951187 0.0831524580717087 0.0822641402482986 0.0813758224248886 0.0820525288581848 0.0874243080615997 0.092796079814434 0.098167859017849 0.103539638221264 0.108911409974098 0.114283189177513 0.119654960930347 0.114970438182354 0.106933809816837 0.0988971814513206 0.090860553085804 0.0828239247202873 0.0747872963547707 0.066750667989254 0.061521053314209 0.0647124797105789 0.0679039135575294 0.0710953399538994 0.0742867663502693 0.0774781927466393 0.0806696265935898 0.0838610529899597 0.0890885218977928 0.0949946790933609 0.100900836288929 0.106806986033916 0.112713143229485
0.170114398002625 0.175387889146805 0.163044705986977 0.150701522827148 0.13835833966732 0.126015171408653 0.113671988248825 0.101328812539577 0.0889856293797493 0.0841002017259598 0.0817006826400757 0.0793011710047722 0.0769016519188881 0.0745021402835846 0.0721026286482811 0.069703109562397 0.0692400708794594 0.0745864734053612 0.0799328684806824 0.0852792710065842 0.0906256660819054 0.0959720686078072 0.101318463683128 0.10666486620903 0.103516116738319 0.0975356623530388 0.0915552005171776 0.0855747386813164 0.0795942768454552 0.0736138224601746 0.0676333606243134 0.0639969035983086 0.0673924386501312 0.0707879811525345 0.0741835236549377 0.077579066157341 0.0809746012091637 0.0843701437115669 0.0877656862139702 0.0922934412956238 0.0971986055374146 0.102103769779205 0.107008926570415 0.111914090812206
0.169020265340805 0.174764305353165 0.164379626512527 0.15399494767189 0.143610268831253 0.133225589990616 0.122840918600559 0.112456247210503 0.102071568369865 0.096374936401844 0.0922409817576408 0.0881070345640182 0.0839730799198151 0.0798391327261925 0.0757051780819893 0.0715712234377861 0.0698170140385628 0.0752020254731178 0.0805870294570923 0.0859720408916473 0.0913570523262024 0.0967420563101768 0.102127067744732 0.107512079179287 0.104729056358337 0.0992233604192734 0.0937176644802094 0.0882119759917259 0.0827062800526619 0.0772005841135979 0.0716948881745338 0.0681537836790085 0.0705064684152603 0.0728591457009315 0.0752118304371834 0.0775645151734352 0.0799171924591064 0.0822698771953583 0.0846225619316101 0.0888163149356842 0.0936237648129463 0.0984312072396278 0.10323865711689 0.108046099543571
0.167926132678986 0.174140706658363 0.165714547038078 0.157288372516632 0.148862197995186 0.14043602347374 0.132009848952293 0.123583681881428 0.115157507359982 0.108649671077728 0.102781280875206 0.0969128981232643 0.091044507920742 0.0851761177182198 0.0793077275156975 0.0734393447637558 0.0703939571976662 0.0758175775408745 0.0812411978840828 0.0866648107767105 0.0920884311199188 0.0975120514631271 0.102935671806335 0.108359292149544 0.105941995978355 0.100911065936089 0.0958801358938217 0.0908492058515549 0.085818275809288 0.0807873457670212 0.0757564157247543 0.072310671210289 0.0736204907298088 0.0749303176999092 0.0762401446700096 0.0775499641895294 0.0788597911596298 0.0801696106791496 0.08147943764925 0.0853391885757446 0.0900489240884781 0.094758652150631 0.0994683802127838 0.104178115725517
0.166832014918327 0.173517122864723 0.167049452662468 0.160581782460213 0.154114127159119 0.147646456956863 0.141178786754608 0.134711116552353 0.128243446350098 0.120924405753613 0.113321579992771 0.10571876168251 0.098115935921669 0.0905131101608276 0.0829102843999863 0.0753074586391449 0.0709709003567696 0.0764331296086311 0.0818953588604927 0.0873575881123543 0.0928198173642159 0.0982820466160774 0.103744275867939 0.109206505119801 0.107154935598373 0.102598771452904 0.0980425998568535 0.0934864357113838 0.0889302715659142 0.0843741074204445 0.0798179358243942 0.0764675512909889 0.0767345204949379 0.0770014822483063 0.0772684514522552 0.0775354132056236 0.0778023824095726 0.078069344162941 0.07833631336689 0.081862062215805 0.0864740833640099 0.0910860970616341 0.0956981107592583 0.100310124456882
0.165737882256508 0.172893539071083 0.168384373188019 0.163875207304955 0.15936604142189 0.154856875538826 0.150347709655762 0.145838543772697 0.141329377889633 0.133199140429497 0.123861879110336 0.114524617791176 0.105187356472015 0.0958500951528549 0.0865128338336945 0.077175572514534 0.0715478360652924 0.0770486742258072 0.0825495198369026 0.0880503579974174 0.0935511961579323 0.0990520343184471 0.104552872478962 0.110053718090057 0.108367875218391 0.104286469519138 0.100205071270466 0.0961236730217934 0.0920422673225403 0.0879608690738678 0.0838794633746147 0.0806244388222694 0.079848550260067 0.0790726542472839 0.0782967582345009 0.0775208696722984 0.0767449736595154 0.0759690776467323 0.0751931890845299 0.0783849433064461 0.0828992426395416 0.0874135419726372 0.0919278413057327 0.0964421406388283
0.164643749594688 0.172269955277443 0.16971929371357 0.167168632149696 0.164617970585823 0.16206730902195 0.159516647458076 0.156965985894203 0.15441532433033 0.145473882555962 0.134402185678482 0.123330481350422 0.112258784472942 0.101187087595463 0.0901153907179832 0.0790436938405037 0.0721247792243958 0.0776642262935638 0.0832036808133125 0.0887431278824806 0.0942825824022293 0.0998220294713974 0.105361476540565 0.110900931060314 0.109580814838409 0.105974175035954 0.102367535233498 0.0987609028816223 0.0951542630791664 0.0915476307272911 0.0879409909248352 0.08478132635355 0.0829625725746155 0.081143818795681 0.0793250724673271 0.0775063186883926 0.0756875649094582 0.0738688185811043 0.0720500648021698 0.0749078169465065 0.0793243944644928 0.0837409794330597 0.0881575644016266 0.0925741493701935
0.15910978615284 0.166513681411743 0.165305286645889 0.164096891880035 0.162888497114182 0.161680102348328 0.160471707582474 0.15926331281662 0.158054918050766 0.149133682250977 0.137641474604607 0.126149281859398 0.11465709656477 0.10316489636898 0.0916727036237717 0.0801805108785629 0.072861835360527 0.0780637040734291 0.0832655653357506 0.0884674340486526 0.0936693027615547 0.0988711714744568 0.104073040187359 0.10927490144968 0.108031027019024 0.104638561606407 0.101246103644371 0.0978536382317543 0.0944611728191376 0.0910687148571014 0.0876762494444847 0.0845456570386887 0.0822006687521935 0.0798556804656982 0.077510692179203 0.0751657038927078 0.0728207156062126 0.0704757273197174 0.0681307390332222 0.0703830048441887 0.0741676837205887 0.0779523625969887 0.0817370414733887 0.0855217278003693
0.1491359770298 0.155624717473984 0.155142351984978 0.154659986495972 0.154177635908127 0.153695270419121 0.153212904930115 0.152730539441109 0.152248173952103 0.14417852461338 0.133579775691032 0.122981034219265 0.112382285296917 0.101783536374569 0.0911847874522209 0.0805860385298729 0.0737590044736862 0.0782470926642418 0.0827351808547974 0.0872232764959335 0.0917113646864891 0.0961994603276253 0.100687548518181 0.105175644159317 0.103718504309654 0.100279629230499 0.0968407541513443 0.0934018790721893 0.0899630039930344 0.0865241289138794 0.0830852463841438 0.0799174383282661 0.0775628387928009 0.0752082318067551 0.0728536322712898 0.070499025285244 0.0681444257497787 0.0657898187637329 0.0634352192282677 0.0648105069994926 0.0674290955066681 0.0700476840138435 0.072666272521019 0.0752848610281944
