data/working_set_collections/6091692-Cassins_Sparrow-M2/1990/eflux_avg.asc
NCOLS 265 
NROWS 230 
XLLCORNER -115.5625 
YLLCORNER 24.8333333333333 
CELLSIZE 0.0833333333333333 
NODATA_value -9999 
[rows 120 to 139 of 230, columns 0 to 45 of 265]
12.8049335479736 12.5610733032227 12.3172130584717 12.0733528137207 11.8294925689697 11.5856323242188 11.3417720794678 11.6359558105469 12.1094884872437 12.5830202102661 13.0565528869629 13.5300846099854 14.0036163330078 14.4771490097046 14.9038486480713 15.1900539398193 15.4762582778931 15.7624626159668 16.0486679077148 16.3348712921143 16.6210765838623 16.9072799682617 17.1791744232178 17.4462985992432 17.7134227752686 17.9805450439453 18.2476692199707 18.5147933959961 18.7819156646729 19.266731262207 20.4046173095703 21.5425052642822 22.6803913116455 23.8182792663574 24.9561653137207 26.0940532684326 27.2319393157959 28.4473247528076 29.6885433197021 30.929759979248 32.1709785461426 33.4121971130371 34.6534156799316 35.8946304321289 37.1430206298828 38.4129219055176
14.1729640960693 13.678581237793 13.1841983795166 12.6898155212402 12.1954326629639 11.7010498046875 11.2066669464111 11.4170932769775 11.8624544143677 12.3078165054321 12.7531785964966 13.1985397338867 13.6439018249512 14.0892639160156 14.4886674880981 14.7501955032349 15.0117244720459 15.2732524871826 15.5347814559937 15.7963094711304 16.0578384399414 16.3193664550781 16.5910167694092 16.8660411834717 17.1410655975342 17.4160900115967 17.6911144256592 17.966136932373 18.2411613464355 18.7166328430176 19.7934474945068 20.8702602386475 21.9470748901367 23.0238876342773 24.1007022857666 25.1775169372559 26.2543296813965 27.4193286895752 28.6137237548828 29.8081169128418 31.0025119781494 32.196907043457 33.391300201416 34.585693359375 35.8163719177246 37.1559066772461
15.5409955978394 14.7960901260376 14.0511846542358 13.3062791824341 12.5613737106323 11.8164682388306 11.0715627670288 11.1982297897339 11.615421295166 12.0326128005981 12.4498043060303 12.8669958114624 13.2841873168945 13.7013788223267 14.0734853744507 14.3103380203247 14.5471906661987 14.7840433120728 15.0208959579468 15.2577486038208 15.4946012496948 15.7314529418945 16.0028591156006 16.2857837677002 16.5687084197998 16.8516330718994 17.134557723999 17.4174823760986 17.7004070281982 18.1665363311768 19.1822757720947 20.1980171203613 21.2137584686279 22.2294979095459 23.2452392578125 24.2609806060791 25.2767200469971 26.3913326263428 27.5389041900635 28.6864738464355 29.8340435028076 30.9816150665283 32.1291847229004 33.2767562866211 34.4897232055664 35.8988952636719
16.9090270996094 15.9135990142822 14.9181709289551 13.9227418899536 12.9273138046265 11.9318857192993 10.9364576339722 10.9793663024902 11.3683881759644 11.7574090957642 12.146430015564 12.5354509353638 12.9244728088379 13.3134937286377 13.6583032608032 13.8704805374146 14.0826568603516 14.2948331832886 14.5070095062256 14.7191867828369 14.9313631057739 15.1435394287109 15.4147024154663 15.705527305603 15.9963521957397 16.2871780395508 16.5780029296875 16.8688278198242 17.1596527099609 17.6164379119873 18.5711059570312 19.5257720947266 20.4804401397705 21.4351081848145 22.3897762298584 23.3444442749023 24.2991104125977 25.363338470459 26.4640846252441 27.5648307800293 28.6655769348145 29.7663230895996 30.8670692443848 31.9678173065186 33.1630783081055 34.6418800354004
18.2770576477051 17.0311069488525 15.78515625 14.5392055511475 13.2932548522949 12.0473041534424 10.8013534545898 10.7605037689209 11.1213541030884 11.4822053909302 11.8430557250977 12.2039070129395 12.5647573471069 12.9256086349487 13.2431221008301 13.4306221008301 13.6181230545044 13.8056240081787 13.9931240081787 14.180624961853 14.368124961853 14.5556259155273 14.8265447616577 15.1252708435059 15.4239959716797 15.7227210998535 16.0214462280273 16.3201713562012 16.618896484375 17.0663394927979 17.9599342346191 18.8535289764404 19.7471237182617 20.640718460083 21.5343132019043 22.4279079437256 23.3215026855469 24.3353424072266 25.3892650604248 26.443187713623 27.4971103668213 28.5510330200195 29.6049556732178 30.658878326416 31.8364295959473 33.3848648071289
19.6450901031494 18.1486167907715 16.6521415710449 15.1556692123413 13.6591949462891 12.1627216339111 10.6662483215332 10.5416402816772 10.8743209838867 11.2070016860962 11.5396814346313 11.8723621368408 12.2050428390503 12.5377235412598 12.8279399871826 12.9907646179199 13.1535892486572 13.3164138793945 13.4792385101318 13.6420631408691 13.8048877716064 13.9677124023438 14.2383880615234 14.5450134277344 14.8516397476196 15.1582651138306 15.4648904800415 15.7715167999268 16.0781421661377 16.516242980957 17.3487644195557 18.1812858581543 19.0138072967529 19.8463287353516 20.6788501739502 21.5113716125488 22.3438930511475 23.3073463439941 24.3144454956055 25.3215446472168 26.3286437988281 27.3357410430908 28.3428401947021 29.3499393463135 30.5097808837891 32.1278533935547
20.7846336364746 19.083984375 17.3833351135254 15.6826868057251 13.9820375442505 12.2813892364502 10.5807399749756 10.3891735076904 10.7006349563599 11.0120964050293 11.3235578536987 11.6350183486938 11.9464797973633 12.2579412460327 12.5286684036255 12.6771945953369 12.825719833374 12.9742460250854 13.1227712631226 13.271297454834 13.4198226928711 13.5683488845825 13.8371725082397 14.1460971832275 14.455020904541 14.7639446258545 15.072868347168 15.3817920684814 15.6907167434692 16.1201438903809 16.9110851287842 17.7020263671875 18.4929676055908 19.2839088439941 20.0748500823975 20.8657894134521 21.6567306518555 22.5844097137451 23.5576667785645 24.5309257507324 25.5041828155518 26.4774398803711 27.4506988525391 28.4239559173584 29.5590324401855 31.1795654296875
21.6956901550293 19.8372135162354 17.9787368774414 16.1202583312988 14.2617816925049 12.4033050537109 10.544828414917 10.3031034469604 10.6002969741821 10.8974895477295 11.1946830749512 11.4918756484985 11.7890691757202 12.0862617492676 12.3453073501587 12.4899110794067 12.6345157623291 12.7791194915771 12.9237232208252 13.0683269500732 13.2129306793213 13.3575344085693 13.6229000091553 13.9285202026367 14.2341403961182 14.5397596359253 14.8453798294067 15.1509990692139 15.4566192626953 15.8780469894409 16.646900177002 17.4157524108887 18.184606552124 18.9534587860107 19.7223110198975 20.4911651611328 21.2600173950195 22.1665306091309 23.1189308166504 24.0713291168213 25.0237293243408 25.9761276245117 26.9285278320312 27.8809280395508 28.9841823577881 30.5400085449219
22.606746673584 20.5904426574707 18.5741367340088 16.5578308105469 14.5415267944336 12.5252208709717 10.5089159011841 10.2170333862305 10.4999580383301 10.782883644104 11.0658082962036 11.3487329483032 11.6316576004028 11.9145822525024 12.1619462966919 12.3026285171509 12.4433107376099 12.5839929580688 12.7246742248535 12.8653564453125 13.0060386657715 13.1467208862305 13.4086275100708 13.7109432220459 14.013258934021 14.3155746459961 14.6178903579712 14.9202060699463 15.2225217819214 15.635950088501 16.3827152252197 17.1294803619385 17.8762454986572 18.6230087280273 19.3697738647461 20.1165390014648 20.8633041381836 21.7486515045166 22.6801929473877 23.6117343902588 24.5432758331299 25.4748153686523 26.4063568115234 27.3378982543945 28.4093341827393 29.9004516601562
23.5178031921387 21.3436698913574 19.1695365905762 16.9954032897949 14.821270942688 12.6471376419067 10.4730043411255 10.1309633255005 10.3996200561523 10.6682767868042 10.9369335174561 11.2055902481079 11.4742469787598 11.7429027557373 11.9785852432251 12.115345954895 12.2521057128906 12.3888664245605 12.5256261825562 12.6623868942261 12.7991466522217 12.9359064102173 13.1943550109863 13.4933671951294 13.7923784255981 14.0913896560669 14.39040184021 14.6894130706787 14.9884243011475 15.3938522338867 16.1185283660889 16.8432064056396 17.5678825378418 18.2925605773926 19.0172367095947 19.7419147491455 20.4665908813477 21.3307723999023 22.241455078125 23.1521377563477 24.0628204345703 24.9735050201416 25.8841876983643 26.7948703765869 27.8344841003418 29.260892868042
24.4288597106934 22.0968990325928 19.7649383544922 17.432975769043 15.1010150909424 12.7690534591675 10.4370927810669 10.0448932647705 10.2992820739746 10.5536699295044 10.8080587387085 11.0624465942383 11.3168354034424 11.5712242126465 11.7952251434326 11.9280633926392 12.0609016418457 12.1937398910522 12.3265781402588 12.4594163894653 12.5922546386719 12.7250928878784 12.9800825119019 13.2757902145386 13.5714979171753 13.8672046661377 14.1629123687744 14.4586200714111 14.7543268203735 15.1517543792725 15.8543434143066 16.5569324493408 17.259521484375 17.9621105194092 18.6646995544434 19.3672885894775 20.0698776245117 20.9128932952881 21.8027172088623 22.6925430297852 23.5823669433594 24.4721927642822 25.3620166778564 26.2518405914307 27.259635925293 28.6213359832764
25.339916229248 22.8501281738281 20.3603382110596 17.870548248291 15.3807592391968 12.8909702301025 10.401180267334 9.95882320404053 10.1989431381226 10.4390640258789 10.6791839599609 10.919303894043 11.159423828125 11.3995447158813 11.6118640899658 11.740779876709 11.8696966171265 11.9986133575439 12.1275291442871 12.2564458847046 12.3853626251221 12.5142793655396 12.7658100128174 13.0582132339478 13.3506164550781 13.6430196762085 13.9354228973389 14.2278261184692 14.5202293395996 14.9096574783325 15.5901584625244 16.270658493042 16.9511604309082 17.6316604614258 18.312162399292 18.9926624298096 19.6731643676758 20.4950141906738 21.3639812469482 22.232946395874 23.1019134521484 23.9708805084229 24.8398456573486 25.708812713623 26.6847858428955 27.9817790985107
24.8354244232178 22.4242172241211 20.013011932373 17.6018047332764 15.190598487854 12.7793912887573 10.368185043335 9.93910789489746 10.1707410812378 10.4023742675781 10.6340074539185 10.8656406402588 11.0972738265991 11.3289070129395 11.5390291213989 11.6846179962158 11.8302068710327 11.9757957458496 12.1213846206665 12.2669734954834 12.4125623703003 12.5581512451172 12.8146142959595 13.1080350875854 13.4014558792114 13.6948766708374 13.9882974624634 14.2817182540894 14.5751390457153 14.9631547927856 15.6349544525146 16.306755065918 16.9785556793213 17.650354385376 18.3221549987793 18.9939556121826 19.6657543182373 20.4761638641357 21.3327770233154 22.1893882751465 23.0460014343262 23.9026126861572 24.7592258453369 25.6158390045166 26.5632381439209 27.7830009460449
22.9153823852539 20.8191699981689 18.7229557037354 16.6267433166504 14.5305309295654 12.4343185424805 10.3381061553955 9.98574829101562 10.214674949646 10.4436025619507 10.6725301742554 10.9014568328857 11.1303844451904 11.3593120574951 11.5767211914062 11.7595767974854 11.9424324035645 12.1252880096436 12.3081426620483 12.4909982681274 12.6738538742065 12.8567094802856 13.1264934539795 13.425253868103 13.7240142822266 14.0227746963501 14.3215341567993 14.6202945709229 14.9190549850464 15.3122463226318 15.988733291626 16.6652183532715 17.3417053222656 18.0181922912598 18.6946773529053 19.3711643218994 20.0476512908936 20.8563442230225 21.7091064453125 22.5618686676025 23.4146308898926 24.2673931121826 25.1201553344727 25.9729175567627 26.8949909210205 28.0250015258789
20.9953384399414 19.2141208648682 17.4329013824463 15.6516828536987 13.8704643249512 12.0892448425293 10.3080263137817 10.0323877334595 10.2586088180542 10.4848308563232 10.711051940918 10.9372730255127 11.1634950637817 11.3897161483765 11.6144123077393 11.8345346450806 12.0546569824219 12.2747793197632 12.4949016571045 12.7150239944458 12.9351463317871 13.1552686691284 13.4383735656738 13.7424726486206 14.0465726852417 14.3506717681885 14.6547718048096 14.9588708877563 15.2629709243774 15.6613388061523 16.3425102233887 17.0236835479736 17.7048568725586 18.3860282897949 19.0672016143799 19.7483730316162 20.4295463562012 21.2365226745605 22.0854358673096 22.93434715271 23.783260345459 24.6321716308594 25.4810848236084 26.3299961090088 27.2267436981201 28.2670021057129
19.0752964019775 17.6090717315674 16.1428470611572 14.6766223907471 13.2103967666626 11.7441720962524 10.2779474258423 10.0790271759033 10.3025426864624 10.5260581970215 10.7495737075806 10.9730892181396 11.1966047286987 11.4201202392578 11.6521043777466 11.9094934463501 12.1668825149536 12.4242715835571 12.6816596984863 12.9390487670898 13.1964378356934 13.4538269042969 13.7502527236938 14.0596923828125 14.3691310882568 14.6785697937012 14.9880084991455 15.2974481582642 15.6068868637085 16.0104312896729 16.6962890625 17.3821487426758 18.0680065155029 18.7538642883301 19.4397239685059 20.125581741333 20.8114414215088 21.6167030334473 22.4617652893066 23.3068256378174 24.1518878936768 24.9969501495361 25.8420124053955 26.6870746612549 27.5584983825684 28.5090026855469
17.1552543640137 16.0040225982666 14.8527927398682 13.7015609741211 12.5503301620483 11.3990993499756 10.2478675842285 10.1256675720215 10.3464765548706 10.567286491394 10.7880964279175 11.0089063644409 11.22971534729 11.4505252838135 11.6897964477539 11.9844522476196 12.279107093811 12.5737628936768 12.8684186935425 13.1630744934082 13.4577293395996 13.7523851394653 14.0621328353882 14.3769111633301 14.691689491272 15.0064678192139 15.3212461471558 15.6360244750977 15.9508028030396 16.3595218658447 17.0500679016113 17.7406120300293 18.4311561584473 19.1217021942139 19.8122463226318 20.5027923583984 21.1933364868164 21.9968814849854 22.8380928039551 23.6793060302734 24.5205173492432 25.3617305755615 26.2029418945312 27.044153213501 27.890251159668 28.7510032653809
15.2352123260498 14.3989744186401 13.5627374649048 12.7265005111694 11.8902635574341 11.0540256500244 10.2177886962891 10.1723070144653 10.3904113769531 10.6085147857666 10.8266181945801 11.0447225570679 11.2628259658813 11.4809293746948 11.7274885177612 12.0594100952148 12.3913326263428 12.7232551574707 13.0551767349243 13.3870992660522 13.7190217971802 14.0509433746338 14.3740129470825 14.6941299438477 15.0142478942871 15.3343658447266 15.6544828414917 15.9746007919312 16.2947177886963 16.7086143493652 17.403844833374 18.0990772247314 18.7943077087402 19.489538192749 20.1847686767578 20.8800010681152 21.575231552124 22.3770599365234 23.2144222259521 24.0517845153809 24.8891468048096 25.7265090942383 26.563871383667 27.4012336730957 28.2220039367676 28.9930038452148
14.3798475265503 13.7450866699219 13.1103248596191 12.4755630493164 11.8408012390137 11.2060403823853 10.5712785720825 10.5801219940186 10.8035001754761 11.0268783569336 11.2502565383911 11.4736347198486 11.6970119476318 11.9203901290894 12.1710577011108 12.5035915374756 12.8361263275146 13.1686601638794 13.5011949539185 13.8337287902832 14.1662635803223 14.498797416687 14.8247699737549 15.1485548019409 15.4723405838013 15.7961254119873 16.1199111938477 16.4436950683594 16.7674808502197 17.1843452453613 17.8804454803467 18.5765476226807 19.272647857666 19.9687480926514 20.6648502349854 21.3609504699707 22.0570526123047 22.8574638366699 23.6926460266113 24.5278301239014 25.3630123138428 26.1981945037842 27.0333786010742 27.8685607910156 28.6661548614502 29.350980758667
14.5891618728638 14.0423583984375 13.4955539703369 12.9487495422363 12.4019460678101 11.8551416397095 11.3083372116089 11.3491106033325 11.5857439041138 11.8223762512207 12.059009552002 12.2956418991089 12.5322742462158 12.7689075469971 13.020504951477 13.3169965744019 13.6134881973267 13.9099798202515 14.2064714431763 14.5029640197754 14.7994556427002 15.095947265625 15.4144058227539 15.7401866912842 16.0659675598145 16.3917484283447 16.717529296875 17.0433101654053 17.3690910339355 17.786714553833 18.4798698425293 19.173023223877 19.8661785125732 20.5593338012695 21.2524871826172 21.9456424713135 22.6387977600098 23.4380912780762 24.2727661132812 25.1074409484863 25.9421138763428 26.7767887115479 27.6114635467529 28.446138381958 29.2227020263672 29.8249340057373
