data/working_set_collections/6091692-Cassins_Sparrow-M2/1990/eflux_avg.asc
NCOLS 265 
NROWS 230 
XLLCORNER -115.5625 
YLLCORNER 24.8333333333333 
CELLSIZE 0.0833333333333333 
NODATA_value -9999 
[rows 120 to 139 of 230, columns 184 to 229 of 265]
50.925853729248 51.8399772644043 52.7540969848633 53.7476081848145 54.767578125 55.7875518798828 56.8075256347656 57.8274993896484 58.847469329834 59.8674430847168 60.8916473388672 61.928539276123 62.9654350280762 64.002326965332 65.0392227172852 66.0761184692383 67.1130142211914 68.14990234375 68.438362121582 68.4773483276367 68.5163269042969 68.555305480957 68.5942840576172 68.6332702636719 68.672248840332 68.7765502929688 69.0768356323242 69.3771133422852 69.6773910522461 69.977668762207 70.277946472168 70.5782241821289 70.8785095214844 72.241325378418 73.9583129882812 75.6753082275391 77.3923034667969 79.1092987060547 80.8262939453125 82.5432891845703 84.0220336914062 84.7860412597656 85.550048828125 86.3140563964844 87.0780639648438 87.8420715332031
51.1191062927246 52.0264053344727 52.9337043762207 53.9198608398438 54.9323081970215 55.9447555541992 56.9571990966797 57.9696464538574 58.9820938110352 59.9945373535156 61.0123329162598 62.0461769104004 63.0800170898438 64.1138610839844 65.147705078125 66.1815490722656 67.2153854370117 68.2492294311523 68.5248260498047 68.5476684570312 68.5705032348633 68.5933456420898 68.6161880493164 68.639030456543 68.6618728637695 68.733154296875 68.9497451782227 69.1663436889648 69.3829345703125 69.5995330810547 69.8161239624023 70.0327224731445 70.2493133544922 71.6198959350586 73.3751449584961 75.1303939819336 76.8856430053711 78.6408920288086 80.3961410522461 82.1513824462891 83.649284362793 84.3751220703125 85.100959777832 85.8268051147461 86.5526428222656 87.2784881591797
51.3123626708984 52.2128372192383 53.1133117675781 54.0921173095703 55.097038269043 56.1019554138184 57.106876373291 58.1117973327637 59.1167144775391 60.1216354370117 61.1330223083496 62.1638107299805 63.1946029663086 64.2253952026367 65.2561874389648 66.2869720458984 67.3177642822266 68.3485565185547 68.6112823486328 68.6179885864258 68.6246871948242 68.6313934326172 68.6380920410156 68.6447982788086 68.651496887207 68.6897506713867 68.8226623535156 68.9555740356445 69.0884857177734 69.2213897705078 69.3543014526367 69.4872131347656 69.6201248168945 70.9984741210938 72.7919769287109 74.5854797363281 76.3789749145508 78.172477722168 79.9659805297852 81.7594833374023 83.2765274047852 83.9642028808594 84.6518783569336 85.3395538330078 86.027229309082 86.7148971557617
51.505615234375 52.3992652893066 53.2929153442383 54.2643737792969 55.2617683410645 56.2591590881348 57.2565536499023 58.2539443969727 59.251335144043 60.2487297058105 61.2537078857422 62.2814483642578 63.3091888427734 64.3369293212891 65.3646621704102 66.3924026489258 67.4201431274414 68.447883605957 68.6977386474609 68.6883010864258 68.6788711547852 68.66943359375 68.6599960327148 68.6505584716797 68.6411209106445 68.646354675293 68.6955795288086 68.7448043823242 68.7940292358398 68.8432540893555 68.8924789428711 68.9417037963867 68.9909286499023 70.3770523071289 72.2088088989258 74.0405578613281 75.872314453125 77.7040710449219 79.5358200073242 81.3675765991211 82.9037704467773 83.5532760620117 84.2027893066406 84.852294921875 85.5018081665039 86.1513137817383
51.6988677978516 52.5856971740723 53.4725227355957 54.4366302490234 55.4264945983887 56.4163627624512 57.4062271118164 58.3960914611816 59.3859596252441 60.3758239746094 61.374397277832 62.3990821838379 63.423770904541 64.4484558105469 65.47314453125 66.4978332519531 67.5225219726562 68.5472106933594 68.7842025756836 68.7586212158203 68.7330474853516 68.7074737548828 68.6819000244141 68.6563262939453 68.6307525634766 68.6029510498047 68.5684967041016 68.5340347290039 68.4995727539062 68.4651184082031 68.4306564331055 68.3961944580078 68.3617401123047 69.7556304931641 71.6256332397461 73.4956436157227 75.3656539916992 77.2356567382812 79.1056671142578 80.9756774902344 82.5310134887695 83.1423568725586 83.7537002563477 84.3650436401367 84.9763870239258 85.5877304077148
51.8921203613281 52.7721252441406 53.6521301269531 54.60888671875 55.5912246704102 56.5735626220703 57.5559043884277 58.5382423400879 59.520580291748 60.5029220581055 61.4950828552246 62.5167198181152 63.5383567810059 64.5599899291992 65.5816268920898 66.6032638549805 67.6249008178711 68.6465377807617 68.8706588745117 68.8289413452148 68.7872314453125 68.7455139160156 68.7038040161133 68.6620864868164 68.6203765869141 68.5595550537109 68.44140625 68.3232650756836 68.2051239013672 68.0869750976562 67.9688339233398 67.8506927490234 67.7325439453125 69.1342086791992 71.0424652099609 72.9507293701172 74.8589859008789 76.7672500610352 78.6755065917969 80.5837707519531 82.1582565307617 82.7314376831055 83.3046112060547 83.8777923583984 84.4509658813477 85.0241394042969
52.0996360778809 52.9813613891602 53.8630867004395 54.8175201416016 55.7961921691895 56.7748641967773 57.7535362243652 58.7322082519531 59.710880279541 60.6895523071289 61.6740264892578 62.675910949707 63.6777954101562 64.6796798706055 65.6815643310547 66.6834487915039 67.6853332519531 68.6872177124023 68.8811645507812 68.805793762207 68.7304229736328 68.6550521850586 68.5796890258789 68.5043182373047 68.4289474487305 68.3335876464844 68.1782455444336 68.0229110717773 67.8675689697266 67.7122344970703 67.5569000244141 67.4015579223633 67.246223449707 68.6348571777344 70.5381469726562 72.4414443969727 74.3447341918945 76.2480316162109 78.1513214111328 80.0546112060547 81.6246719360352 82.1950149536133 82.7653579711914 83.3357009887695 83.9060516357422 84.4763946533203
52.3214111328125 53.2133979797363 54.1053848266602 55.0625305175781 56.0413970947266 57.020263671875 57.9991264343262 58.9779930114746 59.9568557739258 60.9357223510742 61.9112281799316 62.8766632080078 63.8420944213867 64.8075256347656 65.7729568481445 66.738395690918 67.7038269042969 68.6692581176758 68.8157119750977 68.6891708374023 68.562629699707 68.4360885620117 68.3095474243164 68.1830062866211 68.0564651489258 67.925048828125 67.7790069580078 67.6329650878906 67.486930847168 67.3408889770508 67.1948471069336 67.0488052368164 66.9027633666992 68.2575836181641 70.1126861572266 71.9677886962891 73.8228912353516 75.6780014038086 77.5331039428711 79.3882064819336 80.9302444458008 81.5330963134766 82.1359405517578 82.7387847900391 83.3416366577148 83.9444808959961
52.5431900024414 53.4454383850098 54.3476867675781 55.307544708252 56.2866020202637 57.2656593322754 58.2447166442871 59.2237777709961 60.2028350830078 61.1818923950195 62.1484298706055 63.0774116516113 64.0063934326172 64.9353713989258 65.8643569946289 66.7933349609375 67.7223205566406 68.6512985229492 68.7502593994141 68.5725479125977 68.3948364257812 68.2171173095703 68.0394058227539 67.8616943359375 67.6839828491211 67.5165100097656 67.379768371582 67.2430267333984 67.1062850952148 66.9695434570312 66.8327941894531 66.6960525512695 66.5593109130859 67.8803100585938 69.6872253417969 71.494140625 73.3010559082031 75.1079711914062 76.9148864746094 78.721794128418 80.2358169555664 80.8711700439453 81.5065231323242 82.1418685913086 82.7772216796875 83.4125747680664
52.764965057373 53.6774787902832 54.5899887084961 55.5525550842285 56.5318069458008 57.511058807373 58.4903106689453 59.4695587158203 60.4488105773926 61.4280624389648 62.3856315612793 63.2781600952148 64.1706924438477 65.0632171630859 65.9557495117188 66.8482818603516 67.7408065795898 68.6333389282227 68.6848068237305 68.455924987793 68.2270355224609 67.9981536865234 67.7692718505859 67.5403823852539 67.3115005493164 67.1079788208008 66.9805297851562 66.8530883789062 66.7256393432617 66.5981903076172 66.4707489013672 66.3432998657227 66.2158584594727 67.5030364990234 69.2617645263672 71.0204925537109 72.7792129516602 74.5379409790039 76.2966613769531 78.0553894042969 79.5413970947266 80.2092514038086 80.8771057128906 81.5449523925781 82.2128067016602 82.8806610107422
52.986743927002 53.9095191955566 54.8322906494141 55.7975692749023 56.7770118713379 57.7564544677734 58.7359008789062 59.7153434753418 60.6947860717773 61.6742324829102 62.6228332519531 63.4789123535156 64.3349914550781 65.1910705566406 66.0471420288086 66.9032211303711 67.7593002319336 68.6153793334961 68.6193542480469 68.3393020629883 68.0592422485352 67.7791900634766 67.4991302490234 67.2190780639648 66.9390182495117 66.6994400024414 66.5812911987305 66.4631423950195 66.3449935913086 66.2268447875977 66.1086959838867 65.9905471801758 65.8723983764648 67.1257629394531 68.8363037109375 70.5468368530273 72.2573699951172 73.9679107666016 75.6784439086914 77.3889770507812 78.8469696044922 79.5473251342773 80.2476806640625 80.9480361938477 81.6483917236328 82.348747253418
53.2085189819336 54.1415557861328 55.074592590332 56.0425796508789 57.022216796875 58.0018539428711 58.9814910888672 59.9611282348633 60.9407653808594 61.9204025268555 62.860034942627 63.6796607971191 64.4992904663086 65.3189163208008 66.138542175293 66.9581680297852 67.7777938842773 68.5974197387695 68.5539016723633 68.2226791381836 67.8914489746094 67.5602188110352 67.2289962768555 66.8977661132812 66.566535949707 66.290901184082 66.1820526123047 66.0732040405273 65.9643478393555 65.8554992675781 65.7466506958008 65.6377944946289 65.5289459228516 66.7484970092773 68.4108428955078 70.0731887817383 71.7355346679688 73.3978805541992 75.0602264404297 76.7225723266602 78.1525497436523 78.8854064941406 79.6182632446289 80.3511199951172 81.083984375 81.8168411254883
53.3464164733887 54.2880477905273 55.229679107666 56.2009696960449 57.1821441650391 58.1633224487305 59.1444969177246 60.1256713867188 61.1068458557129 62.0880241394043 63.007926940918 63.744026184082 64.4801254272461 65.2162170410156 65.9523162841797 66.6884155273438 67.4245071411133 68.1606063842773 68.1119003295898 67.8015899658203 67.4912796020508 67.1809692382812 66.8706588745117 66.5603485107422 66.2500381469727 65.9995803833008 65.9286880493164 65.8577880859375 65.7868957519531 65.7159957885742 65.6451034545898 65.5742034912109 65.5033111572266 66.6709671020508 68.2514801025391 69.8319931030273 71.4124984741211 72.9930114746094 74.5735244750977 76.1540374755859 77.5318984985352 78.3018341064453 79.0717620849609 79.8416976928711 80.6116256713867 81.3815612792969
53.4004325866699 54.3489952087402 55.2975540161133 56.2727394104004 57.2567977905273 58.2408561706543 59.2249183654785 60.2089767456055 61.1930351257324 62.1770973205566 63.0665130615234 63.672004699707 64.2774963378906 64.8829879760742 65.4884719848633 66.0939636230469 66.6994552612305 67.3049468994141 67.293342590332 67.0760345458984 66.8587341308594 66.6414337158203 66.4241256713867 66.2068252563477 65.9895172119141 65.8254699707031 65.8211898803711 65.8169021606445 65.8126220703125 65.8083343505859 65.8040542602539 65.7997665405273 65.7954864501953 66.8931884765625 68.3582153320312 69.8232498168945 71.2882766723633 72.753303527832 74.2183380126953 75.6833648681641 76.9850311279297 77.7966079711914 78.6081848144531 79.4197540283203 80.231330871582 81.0429077148438
53.4544525146484 54.4099388122559 55.3654251098633 56.3445053100586 57.3314514160156 58.3183937072754 59.3053398132324 60.2922821044922 61.279224395752 62.266170501709 63.1250991821289 63.599983215332 64.0748672485352 64.5497512817383 65.0246353149414 65.4995193481445 65.9744033813477 66.4492874145508 66.4747848510742 66.3504867553711 66.226188659668 66.1018905639648 65.9775924682617 65.8533020019531 65.72900390625 65.6513595581055 65.7136917114258 65.7760162353516 65.8383483886719 65.9006729125977 65.963005065918 66.0253372192383 66.0876617431641 67.1154098510742 68.464958190918 69.8145065307617 71.1640548706055 72.5136032104492 73.863151550293 75.2126998901367 76.4381637573242 77.2913818359375 78.1445999145508 78.9978179931641 79.8510360717773 80.7042541503906
53.5084686279297 54.4708824157715 55.4333000183105 56.4162750244141 57.4061012268066 58.3959312438965 59.3857574462891 60.3755874633789 61.3654136657715 62.3552436828613 63.1836853027344 63.527961730957 63.8722381591797 64.2165145874023 64.560791015625 64.9050674438477 65.2493438720703 65.5936279296875 65.6562271118164 65.6249389648438 65.5936431884766 65.5623550415039 65.5310668945312 65.4997711181641 65.4684829711914 65.4772491455078 65.6061935424805 65.7351303100586 65.8640747070312 65.9930191040039 66.121955871582 66.2509002685547 66.3798370361328 67.3376235961914 68.5716934204102 69.8057632446289 71.0398254394531 72.2738952636719 73.5079650878906 74.7420272827148 75.8912963867188 76.7861557006836 77.6810150146484 78.5758819580078 79.4707412719727 80.3656005859375
53.5624847412109 54.5318298339844 55.5011711120605 56.4880409240723 57.4807548522949 58.4734687805176 59.466178894043 60.4588928222656 61.451602935791 62.4443168640137 63.2422676086426 63.455940246582 63.6696090698242 63.8832817077637 64.0969543457031 64.3106231689453 64.5242919921875 64.7379608154297 64.8376693725586 64.8993835449219 64.9610977172852 65.022819519043 65.0845336914062 65.1462478637695 65.2079696655273 65.3031387329102 65.4986953735352 65.6942520141602 65.8898010253906 66.0853576660156 66.2809066772461 66.4764633178711 66.6720199584961 67.5598449707031 68.6784286499023 69.7970199584961 70.9156036376953 72.0341873168945 73.1527786254883 74.2713623046875 75.3444290161133 76.2809295654297 77.2174377441406 78.153938293457 79.090446472168 80.0269470214844
53.6165008544922 54.5927734375 55.5690460205078 56.5598106384277 57.5554084777832 58.5510025024414 59.5466003417969 60.5421981811523 61.5377922058105 62.533390045166 63.300853729248 63.383918762207 63.466983795166 63.5500450134277 63.6331100463867 63.7161750793457 63.7992362976074 63.8823013305664 64.0191116333008 64.1738357543945 64.3285598754883 64.4832763671875 64.6380004882812 64.792724609375 64.9474487304688 65.1290283203125 65.3911972045898 65.6533660888672 65.91552734375 66.1776962280273 66.4398651123047 66.7020263671875 66.9641952514648 67.7820663452148 68.7851715087891 69.7882766723633 70.7913818359375 71.7944869995117 72.7975921630859 73.8006973266602 74.7975616455078 75.7757034301758 76.7538528442383 77.7320022583008 78.7101440429688 79.6882934570312
53.6168746948242 54.6031532287598 55.5894317626953 56.5845565795898 57.5826301574707 58.5807075500488 59.5787811279297 60.5768547058105 61.5749282836914 62.5730018615723 63.3281326293945 63.354419708252 63.3807106018066 63.4070014953613 63.4332885742188 63.4595794677734 63.4858665466309 63.5121574401855 63.6717681884766 63.8758201599121 64.0798721313477 64.2839279174805 64.4879760742188 64.6920318603516 64.8960876464844 65.1253280639648 65.4301452636719 65.7349548339844 66.0397720336914 66.3445816040039 66.6493988037109 66.954216003418 67.2590255737305 68.0167388916016 68.925422668457 69.8341064453125 70.7427825927734 71.6514663696289 72.5601501464844 73.4688262939453 74.3998107910156 75.3976898193359 76.3955612182617 77.393440246582 78.3913192749023 79.3891983032227
53.563606262207 54.5629692077637 55.5623321533203 56.5622825622559 57.562427520752 58.562572479248 59.5627174377441 60.5628623962402 61.5630111694336 62.5631561279297 63.3241004943848 63.3674468994141 63.4107933044434 63.4541397094727 63.4974899291992 63.5408363342285 63.5841827392578 63.6275291442871 63.7956428527832 64.0053482055664 64.2150573730469 64.4247589111328 64.6344680786133 64.8441696166992 65.0538787841797 65.2920303344727 65.6155242919922 65.9390258789062 66.2625198364258 66.5860214233398 66.9095153808594 67.2330169677734 67.556510925293 68.2638778686523 69.0991897583008 69.9345092773438 70.7698211669922 71.6051330566406 72.4404525756836 73.275764465332 74.1511764526367 75.1468734741211 76.1425704956055 77.1382675170898 78.1339569091797 79.1296539306641
