data/working_set_collections/6091692-Cassins_Sparrow-M2/1990/eflux_avg.asc
NCOLS 265 
NROWS 230 
XLLCORNER -115.5625 
YLLCORNER 24.8333333333333 
CELLSIZE 0.0833333333333333 
NODATA_value -9999 
[rows 60 to 79 of 230, columns 184 to 229 of 265]
47.1239204406738 47.6093521118164 48.094783782959 48.6185646057129 49.1551322937012 49.6916961669922 50.2282638549805 50.7648315429688 51.3013954162598 51.837963104248 52.4013900756836 53.0454063415527 53.6894226074219 54.3334350585938 54.9774513244629 55.621467590332 56.2654800415039 56.909496307373 57.174919128418 57.3141441345215 57.4533653259277 57.5925903320312 57.7318153381348 57.8710403442383 58.0102653503418 58.1557312011719 58.3199234008789 58.4841156005859 58.648307800293 58.8125 58.976692199707 59.1408843994141 59.3050765991211 59.728157043457 60.2375297546387 60.7469062805176 61.2562828063965 61.7656555175781 62.275032043457 62.7844047546387 63.2616195678711 63.6423454284668 64.0230712890625 64.4037933349609 64.7845230102539 65.1652450561523
46.833683013916 47.3257713317871 47.8178634643555 48.3457794189453 48.8856430053711 49.4255065917969 49.9653663635254 50.5052299499512 51.0450897216797 51.5849533081055 52.1509056091309 52.7951354980469 53.4393653869629 54.0835914611816 54.7278213500977 55.3720512390137 56.0162811279297 56.6605110168457 56.9024238586426 57.0102348327637 57.1180458068848 57.2258529663086 57.3336639404297 57.4414749145508 57.5492820739746 57.6764221191406 57.8615379333496 58.0466537475586 58.2317695617676 58.4168853759766 58.6020050048828 58.7871208190918 58.9722366333008 59.4166259765625 59.947437286377 60.4782485961914 61.0090637207031 61.5398750305176 62.070686340332 62.6015014648438 63.1040916442871 63.5220260620117 63.9399604797363 64.3578948974609 64.7758255004883 65.1937637329102
46.5434417724609 47.0421943664551 47.540943145752 48.072998046875 48.616153717041 49.1593132019043 49.7024688720703 50.2456283569336 50.7887840270996 51.3319435119629 51.9004211425781 52.544864654541 53.1893081665039 53.8337516784668 54.4781951904297 55.1226387023926 55.7670783996582 56.4115219116211 56.6299285888672 56.7063255310059 56.7827224731445 56.8591156005859 56.9355125427246 57.011905670166 57.0883026123047 57.1971092224121 57.403148651123 57.6091918945312 57.8152313232422 58.0212745666504 58.2273139953613 58.4333572387695 58.6393966674805 59.105094909668 59.6573448181152 60.2095947265625 60.7618446350098 61.314094543457 61.8663444519043 62.4185943603516 62.9465675354004 63.4017066955566 63.8568496704102 64.3119888305664 64.7671279907227 65.2222747802734
46.2532043457031 46.7586135864258 47.2640228271484 47.8002128601074 48.3466682434082 48.8931198120117 49.4395713806152 49.986026763916 50.5324783325195 51.078929901123 51.6499366760254 52.2945938110352 52.9392509460449 53.5839080810547 54.2285652160645 54.8732223510742 55.517879486084 56.1625366210938 56.3574371337891 56.402416229248 56.4473991394043 56.4923782348633 56.5373573303223 56.5823402404785 56.6273193359375 56.7177963256836 56.9447631835938 57.1717262268066 57.3986930847168 57.625659942627 57.8526268005371 58.07958984375 58.3065567016602 58.7935638427734 59.3672523498535 59.9409370422363 60.5146255493164 61.0883140563965 61.6619987487793 62.2356872558594 62.7890396118164 63.2813873291016 63.773738861084 64.2660903930664 64.7584381103516 65.2507858276367
45.9629669189453 46.4750328063965 46.9871025085449 47.5274314880371 48.0771789550781 48.6269264221191 49.1766738891602 49.7264251708984 50.2761726379395 50.8259201049805 51.3994483947754 52.0443229675293 52.6891937255859 53.3340644836426 53.9789352416992 54.6238059997559 55.2686805725098 55.9135513305664 56.0849418640137 56.0985069274902 56.1120758056641 56.1256408691406 56.1392059326172 56.1527709960938 56.1663360595703 56.2384834289551 56.4863739013672 56.7342643737793 56.9821548461914 57.2300453186035 57.4779357910156 57.7258262634277 57.9737167358398 58.4820327758789 59.0771598815918 59.6722831726074 60.267406463623 60.8625335693359 61.4576568603516 62.0527801513672 62.6315155029297 63.1610717773438 63.6906280517578 64.2201843261719 64.7497406005859 65.279296875
45.6727256774902 46.1914558410645 46.7101821899414 47.2546463012695 47.807689666748 48.3607330322266 48.9137763977051 49.4668235778809 50.0198669433594 50.5729103088379 51.1489639282227 51.7940483093262 52.439136505127 53.0842208862305 53.7293090820312 54.3743934631348 55.0194778442383 55.6645660400391 55.8124504089355 55.7946014404297 55.7767524719238 55.758903503418 55.7410545349121 55.723201751709 55.7053527832031 55.7591705322266 56.0279846191406 56.296802520752 56.565616607666 56.8344306945801 57.1032485961914 57.3720626831055 57.6408767700195 58.1705017089844 58.7870635986328 59.4036254882812 60.0201873779297 60.6367492675781 61.2533111572266 61.869873046875 62.4739875793457 63.0407524108887 63.6075172424316 64.1742782592773 64.7410430908203 65.3078079223633
45.3361701965332 45.8614196777344 46.3866653442383 46.9379844665527 47.497989654541 48.0579948425293 48.6180000305176 49.1780090332031 49.7380142211914 50.2980194091797 50.8765869140625 51.5108299255371 52.1450729370117 52.7793159484863 53.4135589599609 54.0478057861328 54.6820487976074 55.316291809082 55.4546203613281 55.4276466369629 55.4006690979004 55.3736953735352 55.3467178344727 55.3197441101074 55.2927665710449 55.3437728881836 55.6287269592285 55.9136772155762 56.1986274719238 56.4835777282715 56.7685279846191 57.0534820556641 57.3384323120117 57.8882102966309 58.5262680053711 59.1643218994141 59.802375793457 60.4404335021973 61.0784873962402 61.7165412902832 62.3444671630859 62.9420013427734 63.5395317077637 64.1370697021484 64.7345962524414 65.3321304321289
44.953296661377 45.4849243164062 46.0165557861328 46.5774383544922 47.1480751037598 47.7187118530273 48.2893447875977 48.8599815368652 49.4306182861328 50.0012550354004 50.5823173522949 51.1946601867676 51.8070068359375 52.4193496704102 53.0316963195801 53.6440391540527 54.2563858032227 54.8687286376953 55.0114555358887 54.9976425170898 54.983829498291 54.9700164794922 54.9562034606934 54.9423904418945 54.9285774230957 54.9922943115234 55.2885894775391 55.584888458252 55.8811874389648 56.1774864196777 56.4737854003906 56.7700805664062 57.0663795471191 57.6351585388184 58.2947616577148 58.9543647766113 59.6139717102051 60.2735748291016 60.933177947998 61.5927810668945 62.2429504394531 62.8648147583008 63.4866790771484 64.1085433959961 64.7304000854492 65.3522644042969
44.5704193115234 45.1084327697754 45.6464424133301 46.2168960571289 46.7981605529785 47.3794250488281 47.9606895446777 48.5419578552246 49.1232223510742 49.7044868469238 50.2880477905273 50.8784942626953 51.4689407348633 52.059383392334 52.649829864502 53.2402763366699 53.8307228088379 54.4211692810059 54.5682907104492 54.5676422119141 54.5669898986816 54.5663414001465 54.5656890869141 54.5650405883789 54.5643882751465 54.640811920166 54.9484558105469 55.256103515625 55.5637474060059 55.871395111084 56.1790390014648 56.4866828918457 56.7943305969238 57.3821067810059 58.0632591247559 58.7444114685059 59.4255638122559 60.1067161560059 60.7878684997559 61.4690208435059 62.1414337158203 62.7876281738281 63.4338226318359 64.0800170898438 64.7262115478516 65.3723983764648
44.1875457763672 44.7319374084473 45.2763328552246 45.8563499450684 46.4482460021973 47.0401420593262 47.6320343017578 48.2239303588867 48.8158264160156 49.4077186584473 49.9937782287598 50.5623245239258 51.1308708190918 51.6994209289551 52.2679672241211 52.8365135192871 53.4050598144531 53.9736061096191 54.125129699707 54.137638092041 54.1501502990723 54.1626625061035 54.1751747131348 54.187686920166 54.2001991271973 54.2893295288086 54.6083221435547 54.9273147583008 55.2463073730469 55.565299987793 55.8842926025391 56.2032852172852 56.5222778320312 57.1290512084961 57.8317527770996 58.5344543457031 59.2371559143066 59.9398612976074 60.6425628662109 61.3452644348145 62.0399208068848 62.7104415893555 63.3809661865234 64.0514907836914 64.7220153808594 65.3925323486328
43.8046722412109 44.3554458618164 44.9062194824219 45.4958076477051 46.098331451416 46.700855255127 47.3033790588379 47.9059028625488 48.5084266662598 49.110954284668 49.6995086669922 50.2461547851562 50.7928047180176 51.3394546508789 51.886100769043 52.4327507019043 52.9793968200684 53.5260467529297 53.6819648742676 53.7076377868652 53.7333106994629 53.7589874267578 53.7846603393555 53.8103332519531 53.836009979248 53.9378509521484 54.2681884765625 54.5985298156738 54.9288673400879 55.2592086791992 55.5895462036133 55.9198875427246 56.2502250671387 56.8759994506836 57.6002502441406 58.3245010375977 59.0487518310547 59.7730026245117 60.4972534179688 61.2215042114258 61.938404083252 62.6332588195801 63.3281097412109 64.0229644775391 64.7178192138672 65.4126663208008
43.4217948913574 43.9789505004883 44.5361061096191 45.1352615356445 45.7484169006348 46.3615684509277 46.974723815918 47.5878791809082 48.2010307312012 48.8141860961914 49.4052391052246 49.929988861084 50.4547386169434 50.9794883728027 51.5042381286621 52.0289878845215 52.5537338256836 53.078483581543 53.2388000488281 53.2776374816895 53.3164710998535 53.3553085327148 53.3941459655762 53.4329833984375 53.4718208312988 53.586368560791 53.9280548095703 54.2697410583496 54.6114273071289 54.9531135559082 55.2947998046875 55.6364898681641 55.9781761169434 56.6229476928711 57.3687477111816 58.1145439147949 58.8603439331055 59.606143951416 60.3519439697266 61.0977439880371 61.8368873596191 62.5560722351074 63.2752532958984 63.9944381713867 64.713623046875 65.4328002929688
43.053092956543 43.6078872680664 44.1626815795898 44.7731781005859 45.4022369384766 46.0312957763672 46.6603584289551 47.2894172668457 47.9184799194336 48.5475387573242 49.1480484008789 49.6628952026367 50.1777458190918 50.6925926208496 51.2074432373047 51.7222938537598 52.2371406555176 52.7519912719727 52.9153518676758 52.9615478515625 53.0077438354492 53.0539398193359 53.1001358032227 53.1463317871094 53.1925277709961 53.3192367553711 53.6874923706055 54.0557441711426 54.4239959716797 54.7922477722168 55.1604995727539 55.528751373291 55.8970031738281 56.5527038574219 57.3042221069336 58.0557403564453 58.807258605957 59.5587730407715 60.3102912902832 61.0618095397949 61.8124465942383 62.560432434082 63.308422088623 64.0564117431641 64.8043975830078 65.5523834228516
42.6985549926758 43.2422485351562 43.7859420776367 44.4095497131348 45.0597915649414 45.7100372314453 46.3602828979492 47.0105247497559 47.6607704162598 48.3110122680664 48.9279327392578 49.444881439209 49.9618263244629 50.4787750244141 50.9957237243652 51.5126686096191 52.0296173095703 52.5465621948242 52.7116165161133 52.7593688964844 52.8071212768555 52.8548736572266 52.9026298522949 52.950382232666 52.9981346130371 53.1364593505859 53.5464973449707 53.9565315246582 54.3665657043457 54.7766036987305 55.186637878418 55.5966758728027 56.0067100524902 56.6652717590332 57.4066772460938 58.1480827331543 58.8894882202148 59.6308937072754 60.3722953796387 61.1137008666992 61.8650703430176 62.6463394165039 63.4276084899902 64.2088775634766 64.9901504516602 65.7714157104492
42.3440208435059 42.8766136169434 43.4092025756836 44.0459213256836 44.7173500061035 45.3887786865234 46.0602035522461 46.731632232666 47.4030609130859 48.0744857788086 48.707820892334 49.226863861084 49.7459106445312 50.2649536132812 50.7840003967285 51.3030471801758 51.8220901489258 52.341136932373 52.5078811645508 52.5571899414062 52.606502532959 52.6558113098145 52.7051239013672 52.7544326782227 52.8037414550781 52.9536819458008 53.4055023193359 53.8573188781738 54.309139251709 54.7609596252441 55.2127799987793 55.6646003723145 56.1164169311523 56.7778434753418 57.5091323852539 58.2404251098633 58.9717178344727 59.703010559082 60.4342994689941 61.1655921936035 61.9176979064941 62.732250213623 63.5467987060547 64.3613510131836 65.175895690918 65.9904479980469
41.9894866943359 42.5109748840332 43.0324630737305 43.6822967529297 44.3749046325684 45.0675163269043 45.7601280212402 46.4527397155762 47.1453514099121 47.837963104248 48.4877052307129 49.0088500976562 49.5299911499023 50.0511360168457 50.5722808837891 51.0934219360352 51.6145668029785 52.1357078552246 52.3041458129883 52.3550148010254 52.4058799743652 52.4567489624023 52.5076141357422 52.5584831237793 52.6093521118164 52.7709007263184 53.2645072937012 53.7581100463867 54.2517127990723 54.7453155517578 55.2389183044434 55.7325210571289 56.2261238098145 56.8904113769531 57.6115913391113 58.3327674865723 59.0539474487305 59.7751274108887 60.4963073730469 61.2174835205078 61.9703254699707 62.8181571960449 63.6659889221191 64.5138168334961 65.3616485595703 66.2094802856445
41.634952545166 42.1453399658203 42.6557273864746 43.3186683654785 44.0324630737305 44.7462577819824 45.4600524902344 46.1738471984863 46.8876419067383 47.6014366149902 48.2675933837891 48.7908325195312 49.3140754699707 49.8373146057129 50.3605575561523 50.8838005065918 51.407039642334 51.9302825927734 52.1004104614258 52.1528358459473 52.2052612304688 52.257682800293 52.3101081848145 52.3625335693359 52.4149589538574 52.5881233215332 53.1235122680664 53.6588973999023 54.1942863464355 54.7296714782715 55.2650604248047 55.8004455566406 56.3358345031738 57.0029792785645 57.7140464782715 58.4251136779785 59.1361770629883 59.8472442626953 60.5583114624023 61.2693748474121 62.0229530334473 62.9040641784668 63.7851753234863 64.6662902832031 65.5474014282227 66.4285125732422
41.2804145812988 41.7797012329102 42.2789878845215 42.9550399780273 43.6900177001953 44.4249992370605 45.1599769592285 45.8949546813965 46.6299324035645 47.3649101257324 48.047477722168 48.5728187561035 49.0981559753418 49.6234970092773 50.1488380432129 50.6741752624512 51.1995162963867 51.724853515625 51.8966751098633 51.9506568908691 52.004638671875 52.0586204528809 52.1126022338867 52.1665840148926 52.2205657958984 52.405345916748 52.9825172424316 53.5596885681152 54.1368560791016 54.7140274047852 55.2911987304688 55.8683700561523 56.4455413818359 57.1155471801758 57.8165016174316 58.5174560546875 59.2184066772461 59.919361114502 60.6203155517578 61.3212699890137 62.0755805969238 62.9899749755859 63.9043655395508 64.8187561035156 65.733154296875 66.6475448608398
41.020191192627 41.4997024536133 41.9792137145996 42.668140411377 43.4268684387207 44.1855964660645 44.9443244934082 45.703052520752 46.4617805480957 47.2205085754395 47.9285316467285 48.484432220459 49.0403366088867 49.5962371826172 50.1521415710449 50.7080421447754 51.2639465332031 51.8198471069336 51.9997138977051 52.0542373657227 52.1087608337402 52.1632804870605 52.2178039550781 52.2723274230957 52.326847076416 52.5194320678711 53.1261978149414 53.7329635620117 54.339729309082 54.9464950561523 55.5532608032227 56.160026550293 56.7667922973633 57.4465370178223 58.1506118774414 58.8546867370605 59.5587615966797 60.2628364562988 60.9669075012207 61.6709823608398 62.4283142089844 63.3454208374023 64.2625274658203 65.1796340942383 66.0967407226562 67.0138473510742
40.8542823791504 41.305347442627 41.7564125061035 42.4579620361328 43.2430076599121 44.0280532836914 44.8130950927734 45.5981407165527 46.383186340332 47.1682319641113 47.9107475280762 48.5256767272949 49.1406097412109 49.7555389404297 50.3704719543457 50.9854011535645 51.6003303527832 52.2152633666992 52.4095306396484 52.4635772705078 52.5176200866699 52.5716667175293 52.6257133483887 52.679759979248 52.7338066101074 52.9303817749023 53.5545539855957 54.1787261962891 54.8028984069824 55.4270706176758 56.0512428283691 56.6754150390625 57.2995872497559 57.9959526062012 58.716381072998 59.4368095397949 60.1572341918945 60.8776626586914 61.5980911254883 62.3185195922852 63.0811538696289 63.9704093933105 64.8596572875977 65.7489166259766 66.6381683349609 67.5274200439453
