data/working_set_collections/6091692-Cassins_Sparrow-M2/1990/eflux_avg.asc
NCOLS 265 
NROWS 230 
XLLCORNER -115.5625 
YLLCORNER 24.8333333333333 
CELLSIZE 0.0833333333333333 
NODATA_value -9999 
[rows 120 to 139 of 230, columns 138 to 183 of 265]
30.3656215667725 30.5331039428711 30.7005863189697 30.8680686950684 31.149543762207 31.4690170288086 31.7884922027588 32.1079635620117 32.4274406433105 32.7469139099121 33.0663871765137 33.3936614990234 33.7443466186523 34.095027923584 34.4457092285156 34.7963943481445 35.1470756530762 35.4977569580078 35.8484420776367 36.1682205200195 36.4776992797852 36.7871742248535 37.0966529846191 37.4061317443848 37.7156105041504 38.025089263916 38.3332786560059 38.6376152038574 38.941951751709 39.2462882995605 39.5506248474121 39.8549613952637 40.159294128418 40.4636306762695 41.0984153747559 41.8433494567871 42.5882835388184 43.3332176208496 44.0781517028809 44.8230857849121 45.5680160522461 46.3552474975586 47.2693710327148 48.1834907531738 49.0976104736328 50.0117340087891
30.0859107971191 30.2242565155029 30.3626041412354 30.5009517669678 30.7788486480713 31.1032619476318 31.4276752471924 31.7520904541016 32.0765037536621 32.4009170532227 32.7253303527832 33.0595893859863 33.4233779907227 33.787166595459 34.150951385498 34.5147399902344 34.8785285949707 35.242317199707 35.6061058044434 35.9546813964844 36.2981872558594 36.6416931152344 36.9851951599121 37.3287010192871 37.6722068786621 38.0157127380371 38.3513946533203 38.6636009216309 38.9758110046387 39.2880172729492 39.6002235412598 39.9124298095703 40.2246360778809 40.5368461608887 41.1889877319336 41.9544410705566 42.7198905944824 43.4853439331055 44.2507972717285 45.0162506103516 45.7817039489746 46.5826187133789 47.4899139404297 48.3972129821777 49.3045120239258 50.2118110656738
29.8061981201172 29.9154090881348 30.024621963501 30.1338329315186 30.4081516265869 30.7375068664551 31.0668601989746 31.3962154388428 31.7255687713623 32.0549240112305 32.38427734375 32.7255172729492 33.102409362793 33.4793014526367 33.8561935424805 34.2330894470215 34.6099815368652 34.986873626709 35.36376953125 35.7411422729492 36.1186752319336 36.496208190918 36.8737411499023 37.2512741088867 37.6288070678711 38.0063400268555 38.3695106506348 38.6895866394043 39.0096664428711 39.3297462463379 39.6498222351074 39.9699020385742 40.289981842041 40.6100578308105 41.2795562744141 42.0655288696289 42.8515014648438 43.6374740600586 44.4234466552734 45.209415435791 45.9953880310059 46.809986114502 47.7104606628418 48.6109352111816 49.5114097595215 50.4118843078613
29.5264854431152 29.6065616607666 29.6866397857666 29.766716003418 30.0374565124512 30.3717498779297 30.7060451507568 31.0403385162354 31.3746337890625 31.708927154541 32.0432205200195 32.3914413452148 32.7814407348633 33.1714401245117 33.5614395141602 33.9514350891113 34.3414344787598 34.7314338684082 35.1214294433594 35.5276031494141 35.9391632080078 36.3507232666016 36.7622833251953 37.1738433837891 37.5854072570801 37.9969673156738 38.387622833252 38.7155723571777 39.0435218811035 39.3714752197266 39.6994247436523 40.0273742675781 40.3553237915039 40.6832733154297 41.3701286315918 42.1766204833984 42.9831085205078 43.7896003723145 44.5960922241211 45.4025840759277 46.2090759277344 47.0373573303223 47.9310073852539 48.8246574401855 49.7183113098145 50.6119613647461
29.2467727661133 29.2977161407471 29.3486576080322 29.3995990753174 29.6667594909668 30.0059947967529 30.3452301025391 30.6844635009766 31.0236988067627 31.3629322052002 31.7021675109863 32.0573692321777 32.4604721069336 32.8635749816895 33.2666816711426 33.6697845458984 34.0728874206543 34.4759902954102 34.879093170166 35.3140602111816 35.759651184082 36.2052383422852 36.6508255004883 37.0964164733887 37.5420036315918 37.9875907897949 38.4057388305664 38.7415618896484 39.0773811340332 39.413200378418 39.7490234375 40.0848426818848 40.4206657409668 40.7564849853516 41.4606971740723 42.2877082824707 43.1147193908691 43.9417304992676 44.768741607666 45.5957489013672 46.4227600097656 47.2647247314453 48.151554107666 49.0383834838867 49.9252090454102 50.8120384216309
28.96706199646 28.9888687133789 29.0106754302979 29.0324821472168 29.2960643768311 29.6402397155762 29.9844131469727 30.3285884857178 30.6727638244629 31.0169372558594 31.3611125946045 31.723295211792 32.1395034790039 32.5557136535645 32.971923828125 33.3881301879883 33.8043403625488 34.2205505371094 34.6367568969727 35.1005210876465 35.5801391601562 36.0597534179688 36.5393714904785 37.018985748291 37.4986038208008 37.9782180786133 38.4238548278809 38.7675476074219 39.1112365722656 39.4549293518066 39.7986221313477 40.1423149108887 40.4860076904297 40.8297004699707 41.55126953125 42.3987998962402 43.2463264465332 44.0938568115234 44.9413871765137 45.7889175415039 46.6364479064941 47.4920959472656 48.3721008300781 49.2521057128906 50.1321105957031 51.0121154785156
28.8187503814697 28.8118362426758 28.8049240112305 28.7980098724365 29.0533714294434 29.3961582183838 29.7389450073242 30.0817317962646 30.4245185852051 30.7673053741455 31.1100921630859 31.4727516174316 31.8950290679932 32.3173065185547 32.7395858764648 33.1618614196777 33.5841369628906 34.0064163208008 34.4286918640137 34.9241905212402 35.4440956115723 35.9640007019043 36.4839019775391 37.0038070678711 37.5237121582031 38.0436134338379 38.5200805664062 38.8662261962891 39.2123718261719 39.5585174560547 39.9046669006348 40.2508125305176 40.5969581604004 40.9431037902832 41.6737365722656 42.532527923584 43.3913192749023 44.2501106262207 45.1089019775391 45.9676933288574 46.826488494873 47.6910133361816 48.5727348327637 49.454460144043 50.3361854553223 51.2179107666016
28.8018398284912 28.766622543335 28.7314033508301 28.6961841583252 28.9386825561523 29.273754119873 29.6088237762451 29.9438953399658 30.2789649963379 30.6140365600586 30.9491062164307 31.305736541748 31.7270450592041 32.1483535766602 32.5696640014648 32.9909744262695 33.412281036377 33.8335914611816 34.2549018859863 34.7850685119629 35.3515205383301 35.9179725646973 36.4844245910645 37.0508766174316 37.6173286437988 38.183780670166 38.6944160461426 39.0376014709473 39.3807830810547 39.7239685058594 40.0671539306641 40.4103355407715 40.7535209655762 41.0967025756836 41.8280982971191 42.6888961791992 43.5496940612793 44.4104881286621 45.2712860107422 46.1320838928223 46.9928817749023 47.8614768981934 48.7534637451172 49.645450592041 50.5374374389648 51.4294242858887
28.7849311828613 28.7214069366455 28.6578826904297 28.5943603515625 28.8239936828613 29.1513481140137 29.478702545166 29.8060569763184 30.1334114074707 30.460765838623 30.7881202697754 31.1387214660645 31.5590629577637 31.9794025421143 32.3997421264648 32.8200836181641 33.2404251098633 33.6607666015625 34.0811080932617 34.6459426879883 35.2589454650879 35.8719444274902 36.4849433898926 37.0979461669922 37.7109451293945 38.3239479064941 38.8687515258789 39.2089729309082 39.5491943359375 39.8894157409668 40.2296371459961 40.5698585510254 40.9100799560547 41.250301361084 41.9824600219727 42.8452644348145 43.708065032959 44.5708694458008 45.4336700439453 46.2964744567871 47.1592788696289 48.0319404602051 48.9341926574707 49.8364410400391 50.7386894226074 51.640941619873
28.7680206298828 28.6761913299561 28.5843639373779 28.4925346374512 28.7093048095703 29.0289440155029 29.3485813140869 29.6682205200195 29.9878578186035 30.3074970245361 30.6271343231201 30.9717063903809 31.3910789489746 31.8104515075684 32.2298240661621 32.6491966247559 33.0685691833496 33.4879417419434 33.9073143005371 34.5068168640137 35.1663665771484 35.8259162902832 36.485466003418 37.1450157165527 37.8045654296875 38.4641151428223 39.0430908203125 39.3803482055664 39.7176094055176 40.0548667907715 40.3921241760254 40.7293853759766 41.0666427612305 41.4039001464844 42.1368217468262 43.0016288757324 43.8664398193359 44.7312469482422 45.5960540771484 46.460865020752 47.3256721496582 48.2024078369141 49.114917755127 50.0274314880371 50.93994140625 51.8524551391602
28.7511100769043 28.6309776306152 28.5108432769775 28.3907089233398 28.5946159362793 28.9065380096436 29.2184600830078 29.5303821563721 29.8423042297363 30.1542263031006 30.4661483764648 30.8046913146973 31.2230949401855 31.6414985656738 32.0599021911621 32.4783096313477 32.8967132568359 33.3151168823242 33.7335205078125 34.3676948547363 35.0737915039062 35.7798881530762 36.4859886169434 37.1920852661133 37.8981819152832 38.6042785644531 39.2174263000488 39.5517234802246 39.8860206604004 40.2203140258789 40.5546112060547 40.8889083862305 41.2232055664062 41.5574989318848 42.2911834716797 43.1579971313477 44.0248107910156 44.8916244506836 45.7584419250488 46.6252555847168 47.4920692443848 48.3728713989258 49.2956466674805 50.2184219360352 51.1411933898926 52.0639686584473
28.7342014312744 28.5857620239258 28.4373226165771 28.2888832092285 28.4799270629883 28.7841339111328 29.0883388519287 29.3925457000732 29.6967506408691 30.0009574890137 30.3051624298096 30.6376762390137 31.0551109313965 31.4725475311279 31.8899841308594 32.3074188232422 32.724853515625 33.1422920227051 33.5597267150879 34.2285690307617 34.9812164306641 35.7338638305664 36.4865074157715 37.2391548156738 37.9917984008789 38.7444458007812 39.3917655944824 39.7230987548828 40.0544319152832 40.3857650756836 40.717098236084 41.0484313964844 41.3797645568848 41.7110977172852 42.4455451965332 43.3143653869629 44.1831855773926 45.0520057678223 45.920825958252 46.7896423339844 47.6584625244141 48.5433387756348 49.476375579834 50.4094085693359 51.3424453735352 52.2754821777344
28.7237339019775 28.5448265075684 28.3659172058105 28.1870079040527 28.3644065856934 28.6605758666992 28.9567432403564 29.2529106140137 29.5490798950195 29.8452472686768 30.1414165496826 30.4711952209473 30.9018039703369 31.3324146270752 31.7630252838135 32.1936340332031 32.6242446899414 33.0548553466797 33.485466003418 34.1790008544922 34.9601821899414 35.7413635253906 36.5225410461426 37.3037223815918 38.084903717041 38.866081237793 39.5325164794922 39.8547096252441 40.1769027709961 40.499095916748 40.8212890625 41.1434783935547 41.4656715393066 41.7878646850586 42.521858215332 43.3931159973145 44.2643737792969 45.1356315612793 46.0068893432617 46.8781471252441 47.7494049072266 48.6382598876953 49.579891204834 50.5215225219727 51.4631538391113 52.40478515625
28.7197113037109 28.5081691741943 28.2966251373291 28.0850830078125 28.2480545043945 28.5358638763428 28.823673248291 29.1114807128906 29.3992900848389 29.6870994567871 29.9749088287354 30.305248260498 30.7631740570068 31.2211017608643 31.679027557373 32.1369552612305 32.5948829650879 33.052806854248 33.5107345581055 34.2189903259277 35.0106925964355 35.8023910522461 36.5940895080566 37.3857917785645 38.177490234375 38.9691886901855 39.6396827697754 39.9465560913086 40.2534294128418 40.5603065490723 40.8671798706055 41.1740531921387 41.4809265136719 41.7877998352051 42.5201187133789 43.3942489624023 44.2683792114258 45.142505645752 46.0166358947754 46.8907661437988 47.7648963928223 48.6576347351074 49.6061935424805 50.5547561645508 51.5033149719238 52.4518737792969
28.7156887054443 28.4715118408203 28.2273349761963 27.9831581115723 28.1317005157471 28.4111518859863 28.690601348877 28.9700508117676 29.2495021820068 29.5289516448975 29.8084011077881 30.1393013000488 30.6245441436768 31.1097869873047 31.5950298309326 32.0802726745605 32.5655174255371 33.0507621765137 33.536003112793 34.2589797973633 35.0611991882324 35.8634185791016 36.6656379699707 37.4678573608398 38.270076751709 39.0722961425781 39.7468490600586 40.0384063720703 40.3299598693848 40.6215171813965 40.9130706787109 41.2046279907227 41.4961814880371 41.7877388000488 42.5183753967285 43.395378112793 44.2723808288574 45.1493835449219 46.0263862609863 46.9033851623535 47.780387878418 48.6770133972168 49.6324996948242 50.5879859924316 51.5434761047363 52.4989624023438
28.7116641998291 28.4348545074463 28.1580429077148 27.881233215332 28.0153484344482 28.2864398956299 28.5575313568115 28.8286209106445 29.0997123718262 29.3708038330078 29.6418952941895 29.9733543395996 30.4859142303467 30.9984741210938 31.5110340118408 32.0235939025879 32.5361557006836 33.048713684082 33.5612754821777 34.2989692687988 35.1117057800293 35.924446105957 36.7371864318848 37.5499267578125 38.362663269043 39.1754035949707 39.8540191650391 40.1302528381348 40.4064903259277 40.6827278137207 40.9589614868164 41.2351989746094 41.5114364624023 41.7876739501953 42.5166358947754 43.3965110778809 44.2763862609863 45.1562576293945 46.0361328125 46.9160041809082 47.7958793640137 48.6963882446289 49.658805847168 50.6212196350098 51.5836372375488 52.5460510253906
28.7076416015625 28.3981971740723 28.088752746582 27.7793083190918 27.8989963531494 28.1617279052734 28.4244594573975 28.6871910095215 28.9499244689941 29.2126560211182 29.4753875732422 29.8074054718018 30.347282409668 30.8871593475342 31.4270362854004 31.9669132232666 32.5067901611328 33.0466651916504 33.5865440368652 34.3389587402344 35.1622161865234 35.9854736328125 36.8087348937988 37.6319923400879 38.4552536010742 39.2785110473633 39.9611854553223 40.2221031188965 40.4830207824707 40.7439384460449 41.0048561096191 41.2657737731934 41.5266914367676 41.7876091003418 42.5148963928223 43.3976440429688 44.280387878418 45.1631317138672 46.0458793640137 46.9286231994629 47.8113708496094 48.7157669067383 49.6851081848145 50.6544532775879 51.6237983703613 52.5931396484375
28.7036170959473 28.3615398406982 28.0194606781006 27.6773834228516 27.782642364502 28.037015914917 28.291389465332 28.5457611083984 28.8001346588135 29.0545082092285 29.3088817596436 29.6414585113525 30.2086524963379 30.7758464813232 31.3430404663086 31.9102325439453 32.477424621582 33.044620513916 33.6118125915527 34.3789443969727 35.2127227783203 36.046501159668 36.8802833557129 37.7140617370605 38.5478401184082 39.3816184997559 40.0683517456055 40.3139495849609 40.5595512390137 40.8051490783691 41.0507469177246 41.2963447570801 41.5419464111328 41.7875442504883 42.5131568908691 43.3987731933594 44.2843933105469 45.1700096130371 46.0556259155273 46.9412422180176 47.8268623352051 48.7351417541504 49.7114143371582 50.687686920166 51.6639595031738 52.6402282714844
28.7023334503174 28.3531188964844 28.00390625 27.654691696167 27.7428913116455 27.9768962860107 28.210901260376 28.4449081420898 28.6789131164551 28.9129180908203 29.1469230651855 29.4697647094727 30.0591220855713 30.6484775543213 31.2378330230713 31.8271903991699 32.4165458679199 33.0059013366699 33.5952568054199 34.3657455444336 35.1966133117676 36.0274772644043 36.8583450317383 37.689208984375 38.5200729370117 39.3509407043457 40.0300140380859 40.2537155151367 40.4774169921875 40.7011184692383 40.9248199462891 41.1485214233398 41.3722229003906 41.5959243774414 42.3305549621582 43.2354965209961 44.140438079834 45.0453834533691 45.950325012207 46.8552665710449 47.7602081298828 48.6854858398438 49.6717643737793 50.6580429077148 51.6443214416504 52.6305961608887
28.7037887573242 28.3729362487793 28.042085647583 27.7112350463867 27.7797431945801 27.9813709259033 28.1829986572266 28.3846282958984 28.5862560272217 28.7878837585449 28.9895133972168 29.2923259735107 29.8986892700195 30.505054473877 31.1114196777344 31.7177848815918 32.3241500854492 32.9305152893066 33.5368804931641 34.2993583679199 35.1138801574707 35.9283981323242 36.742919921875 37.5574378967285 38.371955871582 39.1864776611328 39.8461723327637 40.0413970947266 40.2366218566895 40.4318466186523 40.6270713806152 40.8222961425781 41.017520904541 41.2127456665039 41.9670944213867 42.9078140258789 43.8485336303711 44.7892532348633 45.7299728393555 46.6706924438477 47.6114120483398 48.5667953491211 49.5661582946777 50.5655212402344 51.5648803710938 52.5642433166504
