data/working_set_collections/6091692-Cassins_Sparrow-M2/1990/evland_avg.asc
NCOLS 265 
NROWS 230 
XLLCORNER -115.5625 
YLLCORNER 24.8333333333333 
CELLSIZE 0.0833333333333333 
NODATA_value -9999 
[rows 18 to 35 of 230, columns 164 to 204 of 265]
1.46795609907713e-05 1.46832544487552e-05 1.46869479067391e-05 1.4690641364723e-05 1.46943339132122e-05 1.46980273711961e-05 1.470172082918e-05 1.47054142871639e-05 1.4757679309696e-05 1.48261342474143e-05 1.48945900946273e-05 1.49630459418404e-05 1.50315017890534e-05 1.50999567267718e-05 1.51684125739848e-05 1.52776046888903e-05 1.55090092448518e-05 1.57404138008133e-05 1.59718183567747e-05 1.62032210937468e-05 1.64346256497083e-05 1.66660302056698e-05 1.68974347616313e-05 1.7086082152673e-05 1.72604795807274e-05 1.74348770087818e-05 1.76092726178467e-05 1.77836700459011e-05 1.79580674739555e-05 1.81324630830204e-05 1.82879266503733e-05 1.83865886356216e-05 1.84852524398593e-05 1.85839144251077e-05 1.8682576410356e-05 1.87812383956043e-05 1.88799003808526e-05 1.89785641850904e-05 1.91002727660816e-05 1.92296665773029e-05 1.93590585695347e-05
1.46691454574466e-05 1.46637776197167e-05 1.46584106914815e-05 1.46530428537517e-05 1.46476759255165e-05 1.46423089972814e-05 1.46369411595515e-05 1.46315742313163e-05 1.46894562931266e-05 1.47684222611133e-05 1.48473882291e-05 1.49263532875921e-05 1.50053192555788e-05 1.50842852235655e-05 1.51632502820576e-05 1.52794873429229e-05 1.55075358634349e-05 1.57355843839468e-05 1.59636329044588e-05 1.61916814249707e-05 1.64197299454827e-05 1.6647780284984e-05 1.6875828805496e-05 1.70620933204191e-05 1.72344316524686e-05 1.74067681655288e-05 1.75791064975783e-05 1.77514430106385e-05 1.7923781342688e-05 1.80961196747376e-05 1.82485819095746e-05 1.83414213097421e-05 1.84342588909203e-05 1.85270982910879e-05 1.86199376912555e-05 1.8712777091423e-05 1.88056146726012e-05 1.88984540727688e-05 1.90342143469024e-05 1.91842791537056e-05 1.93343457794981e-05
1.46587290146272e-05 1.46443017001729e-05 1.4629873476224e-05 1.46154452522751e-05 1.46010179378209e-05 1.45865897138719e-05 1.45721623994177e-05 1.45577341754688e-05 1.46212341860519e-05 1.47107102748123e-05 1.4800185454078e-05 1.48896615428384e-05 1.49791376315989e-05 1.50686128108646e-05 1.5158088899625e-05 1.52813681779662e-05 1.5506062482018e-05 1.57307549670804e-05 1.59554492711322e-05 1.61801417561946e-05 1.64048360602465e-05 1.66295285453089e-05 1.68542228493607e-05 1.70381044881651e-05 1.72083837242099e-05 1.73786611412652e-05 1.75489385583205e-05 1.77192177943652e-05 1.78894952114206e-05 1.80597744474653e-05 1.82092371687759e-05 1.82962521648733e-05 1.83832671609707e-05 1.84702839760575e-05 1.8557298972155e-05 1.86443139682524e-05 1.87313289643498e-05 1.88183457794366e-05 1.89681541087339e-05 1.91388935490977e-05 1.93096348084509e-05
1.46483134813025e-05 1.46248248711345e-05 1.46013362609665e-05 1.45778476507985e-05 1.45543599501252e-05 1.45308713399572e-05 1.45073827297892e-05 1.44838941196213e-05 1.45530120789772e-05 1.46529973790166e-05 1.47529835885507e-05 1.48529697980848e-05 1.49529550981242e-05 1.50529413076583e-05 1.51529275171924e-05 1.52832508319989e-05 1.55045891006012e-05 1.57259273692034e-05 1.59472656378057e-05 1.61686020874185e-05 1.63899403560208e-05 1.66112786246231e-05 1.68326168932253e-05 1.70141156559112e-05 1.71823339769617e-05 1.73505541170016e-05 1.75187724380521e-05 1.76869907591026e-05 1.78552108991425e-05 1.80234292201931e-05 1.81698924279772e-05 1.82510830200044e-05 1.83322754310211e-05 1.84134678420378e-05 1.84946602530545e-05 1.85758526640711e-05 1.86570432560984e-05 1.87382356671151e-05 1.89020938705653e-05 1.90935079444898e-05 1.92849220184144e-05
1.46378970384831e-05 1.4605348042096e-05 1.4572799045709e-05 1.45402500493219e-05 1.45077010529349e-05 1.44751520565478e-05 1.44426030601608e-05 1.44100540637737e-05 1.44847890624078e-05 1.45952853927156e-05 1.47057808135287e-05 1.48162771438365e-05 1.49267734741443e-05 1.50372688949574e-05 1.51477652252652e-05 1.52851334860316e-05 1.55031157191843e-05 1.5721097952337e-05 1.59390801854897e-05 1.61570642376319e-05 1.63750464707846e-05 1.65930287039373e-05 1.681101093709e-05 1.69901268236572e-05 1.71562860487029e-05 1.73224452737486e-05 1.74886063177837e-05 1.76547655428294e-05 1.78209247678751e-05 1.79870839929208e-05 1.81305458681891e-05 1.8205915694125e-05 1.82812837010715e-05 1.8356651708018e-05 1.8432021533954e-05 1.85073895409005e-05 1.8582757547847e-05 1.86581273737829e-05 1.88360354513861e-05 1.9048122339882e-05 1.92602110473672e-05
1.46274805956637e-05 1.45858712130575e-05 1.45442618304514e-05 1.45026524478453e-05 1.44610430652392e-05 1.44194336826331e-05 1.4377824300027e-05 1.43362149174209e-05 1.44165669553331e-05 1.45375724969199e-05 1.46585789480014e-05 1.47795853990829e-05 1.49005909406696e-05 1.50215973917511e-05 1.51426038428326e-05 1.52870143210748e-05 1.55016423377674e-05 1.57162685354706e-05 1.59308965521632e-05 1.61455245688558e-05 1.63601507665589e-05 1.65747787832515e-05 1.67894049809547e-05 1.69661379914032e-05 1.71302381204441e-05 1.7294338249485e-05 1.74584383785259e-05 1.76225385075668e-05 1.77866386366077e-05 1.7950740584638e-05 1.80912011273904e-05 1.81607465492561e-05 1.82302919711219e-05 1.82998373929877e-05 1.83693828148535e-05 1.84389264177298e-05 1.85084718395956e-05 1.85780172614614e-05 1.87699752132175e-05 1.90027367352741e-05 1.92354982573306e-05
1.46381544254837e-05 1.45925932883983e-05 1.45470330608077e-05 1.45014719237224e-05 1.44559116961318e-05 1.44103514685412e-05 1.43647903314559e-05 1.43192301038653e-05 1.44038285725401e-05 1.45318126669736e-05 1.46597976709018e-05 1.47877826748299e-05 1.49157676787581e-05 1.50437517731916e-05 1.51717367771198e-05 1.53219443745911e-05 1.55388170242077e-05 1.57556896738242e-05 1.59725623234408e-05 1.61894349730574e-05 1.64063076226739e-05 1.66231802722905e-05 1.68400547408964e-05 1.70204293681309e-05 1.71886385942344e-05 1.73568478203379e-05 1.75250570464414e-05 1.76932662725449e-05 1.78614773176378e-05 1.80296865437413e-05 1.81748000613879e-05 1.82506282726536e-05 1.83264583029086e-05 1.84022865141742e-05 1.84781147254398e-05 1.85539429367054e-05 1.86297729669604e-05 1.87056011782261e-05 1.88942849490559e-05 1.91205890587298e-05 1.93468913494144e-05
1.46699167089537e-05 1.46255142681184e-05 1.45811118272832e-05 1.45367093864479e-05 1.44923069456127e-05 1.44479045047774e-05 1.44035020639421e-05 1.43590996231069e-05 1.44465739140287e-05 1.45780059028766e-05 1.47094378917245e-05 1.48408698805724e-05 1.49723018694203e-05 1.51037338582682e-05 1.52351658471161e-05 1.53899200086016e-05 1.56146397785051e-05 1.58393595484085e-05 1.60640774993226e-05 1.62887972692261e-05 1.65135170391295e-05 1.6738236809033e-05 1.69629565789364e-05 1.71530009538401e-05 1.7331489289063e-05 1.75099758052966e-05 1.76884623215301e-05 1.78669488377636e-05 1.80454353539972e-05 1.82239236892201e-05 1.83813426701818e-05 1.84755626833066e-05 1.85697808774421e-05 1.8664000890567e-05 1.87582190847024e-05 1.88524390978273e-05 1.89466591109522e-05 1.90408773050876e-05 1.92089664778905e-05 1.94016774912598e-05 1.9594388504629e-05
1.47016789924237e-05 1.46584352478385e-05 1.46151905937586e-05 1.45719468491734e-05 1.45287031045882e-05 1.44854584505083e-05 1.44422147059231e-05 1.43989700518432e-05 1.44893183460226e-05 1.4624198229285e-05 1.47590772030526e-05 1.48939561768202e-05 1.50288360600825e-05 1.51637150338502e-05 1.52985940076178e-05 1.54578956426121e-05 1.56904607138131e-05 1.59230276040034e-05 1.61555944941938e-05 1.63881595653947e-05 1.66207264555851e-05 1.68532933457755e-05 1.70858584169764e-05 1.72855743585387e-05 1.74743381649023e-05 1.76631019712659e-05 1.78518675966188e-05 1.80406314029824e-05 1.8229395209346e-05 1.84181608346989e-05 1.85878852789756e-05 1.87004952749703e-05 1.8813105270965e-05 1.89257152669597e-05 1.90383252629545e-05 1.91509334399598e-05 1.92635434359545e-05 1.93761534319492e-05 1.95236461877357e-05 1.96827659237897e-05 1.98418856598437e-05
1.47334412758937e-05 1.46913562275586e-05 1.46492702697287e-05 1.46071843118989e-05 1.4565098354069e-05 1.45230123962392e-05 1.44809264384094e-05 1.44388404805795e-05 1.45320636875113e-05 1.46703905556933e-05 1.48087174238754e-05 1.49470433825627e-05 1.50853702507447e-05 1.52236962094321e-05 1.53620221681194e-05 1.55258712766226e-05 1.57662834681105e-05 1.60066974785877e-05 1.62471096700756e-05 1.64875236805528e-05 1.67279358720407e-05 1.69683480635285e-05 1.72087620740058e-05 1.7418145944248e-05 1.7617188859731e-05 1.78162299562246e-05 1.80152710527182e-05 1.82143139682012e-05 1.84133550646948e-05 1.86123961611884e-05 1.87944278877694e-05 1.8925427866634e-05 1.9056429664488e-05 1.91874296433525e-05 1.93184296222171e-05 1.94494296010816e-05 1.95804295799462e-05 1.97114295588108e-05 1.98383258975809e-05 1.99638543563196e-05 2.00893828150583e-05
1.47652044688584e-05 1.47242762977839e-05 1.46833490362042e-05 1.46424208651297e-05 1.46014936035499e-05 1.45605663419701e-05 1.45196381708956e-05 1.44787109093159e-05 1.45748090289999e-05 1.47165828821016e-05 1.48583567352034e-05 1.50001305883052e-05 1.5141904441407e-05 1.52836782945087e-05 1.54254521476105e-05 1.55938469106331e-05 1.58421062224079e-05 1.60903655341826e-05 1.63386266649468e-05 1.65868859767215e-05 1.68351452884963e-05 1.7083404600271e-05 1.73316639120458e-05 1.75507193489466e-05 1.77600377355702e-05 1.79693579411833e-05 1.81786763278069e-05 1.83879947144305e-05 1.85973149200436e-05 1.88066333066672e-05 1.90009704965632e-05 1.91503622772871e-05 1.92997522390215e-05 1.94491440197453e-05 1.95985339814797e-05 1.97479257622035e-05 1.98973157239379e-05 2.00467056856724e-05 2.01530074264156e-05 2.0244944607839e-05 2.03368817892624e-05
1.47969667523284e-05 1.4757197277504e-05 1.47174278026796e-05 1.46776583278552e-05 1.46378888530307e-05 1.45981193782063e-05 1.45583508128766e-05 1.45185813380522e-05 1.46175543704885e-05 1.476277520851e-05 1.49079960465315e-05 1.50532177940477e-05 1.51984386320692e-05 1.53436594700906e-05 1.54888803081121e-05 1.56618225446437e-05 1.59179289767053e-05 1.61740354087669e-05 1.64301418408286e-05 1.66862482728902e-05 1.69423547049519e-05 1.71984611370135e-05 1.74545675690752e-05 1.76832909346558e-05 1.79028884303989e-05 1.81224841071526e-05 1.83420816028956e-05 1.85616772796493e-05 1.87812747753924e-05 1.9000870452146e-05 1.92075131053571e-05 1.93752948689507e-05 1.95430766325444e-05 1.97108583961381e-05 1.98786383407423e-05 2.0046420104336e-05 2.02142018679297e-05 2.03819818125339e-05 2.04676871362608e-05 2.05260330403689e-05 2.05843789444771e-05
1.48603112393175e-05 1.4821203876636e-05 1.47820956044598e-05 1.47429882417782e-05 1.47038808790967e-05 1.46647735164152e-05 1.46256661537336e-05 1.45865587910521e-05 1.46891297845286e-05 1.48389271998894e-05 1.49887237057555e-05 1.51385211211164e-05 1.52883185364772e-05 1.5438115951838e-05 1.55879133671988e-05 1.57642680278514e-05 1.6020298062358e-05 1.62763262778753e-05 1.6532356312382e-05 1.67883845278993e-05 1.70444127434166e-05 1.73004427779233e-05 1.75564709934406e-05 1.77888596226694e-05 1.80133665708127e-05 1.82378735189559e-05 1.84623822860885e-05 1.86868892342318e-05 1.8911396182375e-05 1.91359049495077e-05 1.93505966308294e-05 1.95358461496653e-05 1.97210956685012e-05 1.99063433683477e-05 2.00915928871837e-05 2.02768424060196e-05 2.04620901058661e-05 2.0647339624702e-05 2.07162847800646e-05 2.074645999528e-05 2.07766370294848e-05
1.4955237020331e-05 1.49162951856852e-05 1.48773533510393e-05 1.48384115163935e-05 1.47994696817477e-05 1.47605269376072e-05 1.47215851029614e-05 1.46826432683156e-05 1.47895343616256e-05 1.49450370372506e-05 1.51005397128756e-05 1.52560423885006e-05 1.5411544154631e-05 1.55670477397507e-05 1.5722549505881e-05 1.59011833602563e-05 1.61492116603767e-05 1.63972399604972e-05 1.66452664416283e-05 1.68932947417488e-05 1.71413230418693e-05 1.73893495230004e-05 1.76373778231209e-05 1.7867423593998e-05 1.80914757947903e-05 1.83155261765933e-05 1.85395783773856e-05 1.8763630578178e-05 1.89876827789703e-05 1.92117349797627e-05 1.94302210729802e-05 1.96320161194308e-05 1.98338093468919e-05 2.00356025743531e-05 2.02373976208037e-05 2.04391908482648e-05 2.0640984075726e-05 2.08427773031872e-05 2.08987985388376e-05 2.09062272915617e-05 2.09136560442857e-05
1.50501637108391e-05 1.5011387404229e-05 1.49726101881242e-05 1.49338338815141e-05 1.48950575749041e-05 1.4856281268294e-05 1.48175040521892e-05 1.47787277455791e-05 1.48899398482172e-05 1.50511477841064e-05 1.52123557199957e-05 1.53735636558849e-05 1.55347715917742e-05 1.56959795276634e-05 1.58571874635527e-05 1.60381005116506e-05 1.62781252583954e-05 1.65181518241297e-05 1.6758178389864e-05 1.69982049555983e-05 1.72382315213326e-05 1.74782580870669e-05 1.77182846528012e-05 1.79459875653265e-05 1.81695831997786e-05 1.83931788342306e-05 1.86167762876721e-05 1.88403719221242e-05 1.90639675565762e-05 1.92875650100177e-05 1.9509845515131e-05 1.97281842702068e-05 1.99465230252827e-05 2.01648617803585e-05 2.03832005354343e-05 2.06015392905101e-05 2.08198780455859e-05 2.10382168006618e-05 2.10813122976106e-05 2.10659927688539e-05 2.10506750590866e-05
1.51450904013473e-05 1.51064787132782e-05 1.50678679347038e-05 1.50292571561295e-05 1.49906454680604e-05 1.4952034689486e-05 1.49134239109117e-05 1.48748122228426e-05 1.49903444253141e-05 1.51572576214676e-05 1.53241708176211e-05 1.54910849232692e-05 1.5657997209928e-05 1.58249113155762e-05 1.59918236022349e-05 1.61750158440555e-05 1.64070406754036e-05 1.66390655067516e-05 1.68710903380997e-05 1.71031151694478e-05 1.73351400007959e-05 1.7567164832144e-05 1.77991896634921e-05 1.80245515366551e-05 1.82476924237562e-05 1.84708333108574e-05 1.86939723789692e-05 1.89171132660704e-05 1.91402541531716e-05 1.93633932212833e-05 1.95894699572818e-05 1.98243542399723e-05 2.00592367036734e-05 2.02941209863639e-05 2.05290034500649e-05 2.07638877327554e-05 2.09987701964565e-05 2.12336544791469e-05 2.12638260563836e-05 2.12257600651355e-05 2.11876940738875e-05
1.52400161823607e-05 1.52015709318221e-05 1.51631256812834e-05 1.51246795212501e-05 1.50862342707114e-05 1.50477881106781e-05 1.50093428601394e-05 1.49708967001061e-05 1.50907499119057e-05 1.52633674588287e-05 1.54359859152464e-05 1.56086043716641e-05 1.57812246470712e-05 1.59538431034889e-05 1.61264615599066e-05 1.63119311764603e-05 1.65359542734222e-05 1.67599773703841e-05 1.69840022863355e-05 1.72080253832974e-05 1.74320484802593e-05 1.76560733962106e-05 1.78800964931725e-05 1.81031155079836e-05 1.83257998287445e-05 1.85484859684948e-05 1.87711702892557e-05 1.89938546100166e-05 1.92165389307775e-05 1.94392232515384e-05 1.96690943994327e-05 1.99205223907484e-05 2.01719503820641e-05 2.04233801923692e-05 2.06748081836849e-05 2.09262361750007e-05 2.11776641663164e-05 2.14290921576321e-05 2.14463398151565e-05 2.13855255424278e-05 2.13247130886884e-05
1.53349428728689e-05 1.52966622408712e-05 1.52583825183683e-05 1.52201027958654e-05 1.51818221638678e-05 1.51435424413648e-05 1.51052618093672e-05 1.50669820868643e-05 1.51911544890027e-05 1.53694782056846e-05 1.55478028318612e-05 1.57261256390484e-05 1.5904450265225e-05 1.60827748914016e-05 1.62610976985889e-05 1.64488465088652e-05 1.66648678714409e-05 1.68808910530061e-05 1.70969142345712e-05 1.73129355971469e-05 1.7528958778712e-05 1.77449801412877e-05 1.79610033228528e-05 1.81816794793122e-05 1.84039090527222e-05 1.86261386261322e-05 1.88483663805528e-05 1.90705959539628e-05 1.92928255273728e-05 1.95150532817934e-05 1.97487188415835e-05 2.00166923605138e-05 2.02846658794442e-05 2.05526375793852e-05 2.08206110983156e-05 2.10885846172459e-05 2.13565581361763e-05 2.16245298361173e-05 2.16288535739295e-05 2.15452928387094e-05 2.14617321034893e-05
