data/working_set_collections/6091692-Cassins_Sparrow-M2/1990/evland_avg.asc
NCOLS 265 
NROWS 230 
XLLCORNER -115.5625 
YLLCORNER 24.8333333333333 
CELLSIZE 0.0833333333333333 
NODATA_value -9999 
[rows 144 to 161 of 230, columns 82 to 122 of 265]
1.06034631244256e-05 1.04932032627403e-05 1.03829434010549e-05 1.02726826298749e-05 1.01624227681896e-05 1.00521629065042e-05 9.9419021353242e-06 9.8466380222817e-06 9.79635933617828e-06 9.74608065007487e-06 9.69580196397146e-06 9.64552327786805e-06 9.59524459176464e-06 9.54496590566123e-06 9.49468721955782e-06 9.4523575171479e-06 9.41267626330955e-06 9.3729959189659e-06 9.33331557462225e-06 9.2936352302786e-06 9.25395397644024e-06 9.21427363209659e-06 9.2129430413479e-06 9.32665989239467e-06 9.44037765293615e-06 9.55409541347763e-06 9.6678131740191e-06 9.78153002506588e-06 9.89524778560735e-06 1.00089655461488e-05 1.01433615782298e-05 1.02846515801502e-05 1.04259415820707e-05 1.05672306744964e-05 1.07085206764168e-05 1.08498097688425e-05 1.0991099770763e-05 1.11151630335371e-05 1.11875497168512e-05 1.12599364001653e-05 1.13323221739847e-05
1.0623275557009e-05 1.05017488749581e-05 1.03802212834125e-05 1.02586936918669e-05 1.0137167009816e-05 1.00156394182704e-05 9.89411182672484e-06 9.79013930191286e-06 9.73882924881764e-06 9.68752010521712e-06 9.6362100521219e-06 9.58490090852138e-06 9.53359085542616e-06 9.48228171182564e-06 9.43097165873041e-06 9.39444998948602e-06 9.36285778152524e-06 9.33126557356445e-06 9.29967336560367e-06 9.26808024814818e-06 9.2364880401874e-06 9.20489583222661e-06 9.20759066502796e-06 9.31314752961043e-06 9.4187034846982e-06 9.52426034928067e-06 9.62981721386313e-06 9.7353731689509e-06 9.84093003353337e-06 9.94648598862113e-06 1.00745855888817e-05 1.02101994343684e-05 1.03458132798551e-05 1.0481426215847e-05 1.06170400613337e-05 1.07526539068203e-05 1.08882668428123e-05 1.10083874460543e-05 1.10820283225621e-05 1.115566919907e-05 1.12293091660831e-05
1.06430879895925e-05 1.05102935776813e-05 1.03774991657701e-05 1.0244704753859e-05 1.01119103419478e-05 9.97911593003664e-06 9.84632151812548e-06 9.73364058154402e-06 9.68130007095169e-06 9.62895956035936e-06 9.57661904976703e-06 9.5242785391747e-06 9.47193802858237e-06 9.41959660849534e-06 9.36725609790301e-06 9.33654337131884e-06 9.31303929974092e-06 9.2895343186683e-06 9.26603024709038e-06 9.24252617551247e-06 9.21902210393455e-06 9.19551803235663e-06 9.20223919820273e-06 9.29963425733149e-06 9.39703022595495e-06 9.49442528508371e-06 9.59182034421246e-06 9.68921631283592e-06 9.78661137196468e-06 9.88400734058814e-06 1.00058095995337e-05 1.01357472885866e-05 1.02656849776395e-05 1.03956217571977e-05 1.05255594462506e-05 1.06554971353034e-05 1.07854348243563e-05 1.09016118585714e-05 1.0976506928273e-05 1.10514019979746e-05 1.11262970676762e-05
1.06629004221759e-05 1.05188391898992e-05 1.03747770481277e-05 1.0230715815851e-05 1.00866545835743e-05 9.94259244180284e-06 9.79853120952612e-06 9.67714186117519e-06 9.62376998359105e-06 9.57039901550161e-06 9.51702713791747e-06 9.46365616982803e-06 9.41028429224389e-06 9.35691241465975e-06 9.30354144657031e-06 9.27863584365696e-06 9.26321990846191e-06 9.24780397326685e-06 9.2323880380718e-06 9.21697210287675e-06 9.2015561676817e-06 9.18614023248665e-06 9.1968868218828e-06 9.28612098505255e-06 9.375356057717e-06 9.46459022088675e-06 9.5538243840565e-06 9.64305945672095e-06 9.7322936198907e-06 9.82152869255515e-06 9.93703270069091e-06 1.006129423331e-05 1.01855566754239e-05 1.0309818208043e-05 1.04340797406621e-05 1.05583412732813e-05 1.06826028059004e-05 1.07948362710886e-05 1.08709855339839e-05 1.09471347968793e-05 1.10232840597746e-05
1.06827128547593e-05 1.05273838926223e-05 1.03720549304853e-05 1.0216726877843e-05 1.0061397915706e-05 9.90606895356905e-06 9.75074090092676e-06 9.62064314080635e-06 9.5662408057251e-06 9.51183847064385e-06 9.4574361355626e-06 9.40303289098665e-06 9.3486305559054e-06 9.29422822082415e-06 9.2398258857429e-06 9.22072922548978e-06 9.21340142667759e-06 9.20607362786541e-06 9.19874582905322e-06 9.19141803024104e-06 9.18409023142885e-06 9.17676243261667e-06 9.19153444556287e-06 9.27260862226831e-06 9.35368188947905e-06 9.43475515668979e-06 9.51582842390053e-06 9.59690260060597e-06 9.67797586781671e-06 9.75904913502745e-06 9.86825671134284e-06 9.9868420875282e-06 1.01054283732083e-05 1.02240137493936e-05 1.0342599125579e-05 1.04611845017644e-05 1.05797698779497e-05 1.06880606836057e-05 1.07654641396948e-05 1.08428675957839e-05 1.0920271051873e-05
1.07025252873427e-05 1.05359295048402e-05 1.03693337223376e-05 1.02027379398351e-05 1.00361412478378e-05 9.86954546533525e-06 9.7029496828327e-06 9.56414442043751e-06 9.50871162785916e-06 9.4532779257861e-06 9.39784422371304e-06 9.34241052163998e-06 9.28697772906162e-06 9.23154402698856e-06 9.1761103249155e-06 9.1628226073226e-06 9.16358294489328e-06 9.16434328246396e-06 9.16510362003464e-06 9.16586395760532e-06 9.16662429517601e-06 9.16738463274669e-06 9.18618297873763e-06 9.25909534998937e-06 9.3320077212411e-06 9.40492009249283e-06 9.47783246374456e-06 9.55074483499629e-06 9.62365811574273e-06 9.69657048699446e-06 9.79948072199477e-06 9.91238994174637e-06 1.00253000709927e-05 1.01382092907443e-05 1.02511185104959e-05 1.03640286397422e-05 1.04769378594938e-05 1.05812841866282e-05 1.0659941835911e-05 1.07386003946885e-05 1.08172580439714e-05
1.07419346022652e-05 1.05706158137764e-05 1.03992961157928e-05 1.0227977327304e-05 1.00566585388151e-05 9.88533975032624e-06 9.71402096183738e-06 9.57128213485703e-06 9.51428592088632e-06 9.45728970691562e-06 9.40029349294491e-06 9.3432972789742e-06 9.2863019744982e-06 9.2293057605275e-06 9.17230954655679e-06 9.1629290182027e-06 9.16942008188926e-06 9.17591205507051e-06 9.18240311875707e-06 9.18889509193832e-06 9.19538615562487e-06 9.20187812880613e-06 9.22440995054785e-06 9.29506495594978e-06 9.36571996135172e-06 9.43637496675365e-06 9.50702906266088e-06 9.57768406806281e-06 9.64833907346474e-06 9.71899407886667e-06 9.8225827969145e-06 9.93714911601273e-06 1.00517163446057e-05 1.01662835731986e-05 1.02808498922968e-05 1.03954171208898e-05 1.0509983439988e-05 1.06154884633725e-05 1.06938086901209e-05 1.07721289168694e-05 1.08504491436179e-05
1.08009398900322e-05 1.06314419099363e-05 1.04619439298403e-05 1.02924459497444e-05 1.01229479696485e-05 9.95344998955261e-06 9.7839520094567e-06 9.64205628406489e-06 9.582965503796e-06 9.52387472352711e-06 9.46478485275293e-06 9.40569407248404e-06 9.34660329221515e-06 9.28751251194626e-06 9.22842264117207e-06 9.2210493676248e-06 9.23091465665493e-06 9.24077994568506e-06 9.2506461442099e-06 9.26051143324003e-06 9.27037672227016e-06 9.28024292079499e-06 9.30621717998292e-06 9.38051744014956e-06 9.4548177003162e-06 9.52911796048284e-06 9.60341822064947e-06 9.67771939031081e-06 9.75201965047745e-06 9.82631991064409e-06 9.93756293610204e-06 1.0061120519822e-05 1.0184678103542e-05 1.03082356872619e-05 1.04317923614872e-05 1.05553499452071e-05 1.06789075289271e-05 1.07906735138386e-05 1.08670647023246e-05 1.09434549813159e-05 1.10198461698019e-05
1.08599460872938e-05 1.06922689155908e-05 1.05245926533826e-05 1.03569154816796e-05 1.01892383099766e-05 1.00215611382737e-05 9.85388396657072e-06 9.71282952377805e-06 9.65164508670568e-06 9.59045974013861e-06 9.52927530306624e-06 9.46808995649917e-06 9.4069055194268e-06 9.34572017285973e-06 9.28453573578736e-06 9.2791688075522e-06 9.29240923142061e-06 9.30564874579431e-06 9.31888826016802e-06 9.33212777454173e-06 9.34536819841014e-06 9.35860771278385e-06 9.38802349992329e-06 9.46596992434934e-06 9.54391543928068e-06 9.62186186370673e-06 9.69980828813277e-06 9.77775380306412e-06 9.85570022749016e-06 9.9336457424215e-06 1.00525430752896e-05 1.01850919236313e-05 1.03176398624782e-05 1.04501878013252e-05 1.05827357401722e-05 1.07152836790192e-05 1.08478316178662e-05 1.096585765481e-05 1.10403198050335e-05 1.11147810457624e-05 1.11892431959859e-05
1.09189522845554e-05 1.07530959212454e-05 1.05872404674301e-05 1.04213841041201e-05 1.02555277408101e-05 1.00896713775001e-05 9.92381592368474e-06 9.78360367298592e-06 9.72032466961537e-06 9.65704475675011e-06 9.59376575337956e-06 9.530486750009e-06 9.46720683714375e-06 9.4039278337732e-06 9.34064883040264e-06 9.33728915697429e-06 9.35390289669158e-06 9.37051663640887e-06 9.38713037612615e-06 9.40374502533814e-06 9.42035876505543e-06 9.43697250477271e-06 9.46983072935836e-06 9.55142240854912e-06 9.63301408773987e-06 9.71460576693062e-06 9.79619744612137e-06 9.87778912531212e-06 9.95938080450287e-06 1.00409715741989e-05 1.01675241239718e-05 1.03090624179458e-05 1.04506007119198e-05 1.05921399153885e-05 1.07336782093626e-05 1.08752174128313e-05 1.10167557068053e-05 1.1141042705276e-05 1.12135749077424e-05 1.12861071102088e-05 1.13586393126752e-05
1.0977958481817e-05 1.08139229269e-05 1.06498882814776e-05 1.04858527265606e-05 1.03218180811382e-05 1.01577825262211e-05 9.99374697130406e-06 9.85437782219378e-06 9.78900425252505e-06 9.72362977336161e-06 9.65825620369287e-06 9.59288263402414e-06 9.5275090643554e-06 9.46213549468666e-06 9.39676192501793e-06 9.39540950639639e-06 9.41539747145725e-06 9.43538543651812e-06 9.45537340157898e-06 9.47536136663985e-06 9.49534933170071e-06 9.51533729676157e-06 9.55163795879344e-06 9.63687489274889e-06 9.72211182670435e-06 9.80734876065981e-06 9.89258660410997e-06 9.97782353806542e-06 1.00630604720209e-05 1.0148298315471e-05 1.02825042631594e-05 1.04330338217551e-05 1.05835624708561e-05 1.07340920294519e-05 1.08846215880476e-05 1.10351502371486e-05 1.11856797957444e-05 1.13162268462474e-05 1.13868300104514e-05 1.14574331746553e-05 1.15280363388592e-05
1.10369646790787e-05 1.08747499325546e-05 1.07125360955251e-05 1.0550321349001e-05 1.03881075119716e-05 1.02258936749422e-05 1.00636789284181e-05 9.92515106190694e-06 9.85768292594003e-06 9.79021478997311e-06 9.72274756350089e-06 9.65527942753397e-06 9.58781129156705e-06 9.52034315560013e-06 9.45287501963321e-06 9.45352985581849e-06 9.47689113672823e-06 9.50025332713267e-06 9.52361551753711e-06 9.54697770794155e-06 9.57033989834599e-06 9.59370208875043e-06 9.6334442787338e-06 9.72232737694867e-06 9.81121047516353e-06 9.9000926638837e-06 9.98897576209856e-06 1.00778588603134e-05 1.01667410490336e-05 1.02556241472485e-05 1.03974844023469e-05 1.05570043160697e-05 1.07165242297924e-05 1.08760441435152e-05 1.10355640572379e-05 1.11950839709607e-05 1.13546038846835e-05 1.14914118967135e-05 1.15600851131603e-05 1.16287592391018e-05 1.16974324555486e-05
1.12122752398136e-05 1.10499904621975e-05 1.08877056845813e-05 1.07254218164599e-05 1.05631370388437e-05 1.04008522612276e-05 1.02385674836114e-05 1.00982724688947e-05 1.0023944923887e-05 9.94961737887934e-06 9.87528983387165e-06 9.80096137936926e-06 9.72663383436156e-06 9.65230628935387e-06 9.57797874434618e-06 9.5785489975242e-06 9.60408488026587e-06 9.62962167250225e-06 9.65515755524393e-06 9.68069434748031e-06 9.70623023022199e-06 9.73176702245837e-06 9.77404761215439e-06 9.86656323220814e-06 9.95907885226188e-06 1.00515944723156e-05 1.01441100923694e-05 1.02366257124231e-05 1.03291422419716e-05 1.04216578620253e-05 1.0562886018306e-05 1.07203522929922e-05 1.08778185676783e-05 1.10352848423645e-05 1.11927511170506e-05 1.13502173917368e-05 1.15076827569283e-05 1.16419978439808e-05 1.17068557301536e-05 1.17717145258212e-05 1.1836572411994e-05
1.15038901640219e-05 1.13396445158287e-05 1.11753979581408e-05 1.10111523099476e-05 1.08469057522598e-05 1.06826601040666e-05 1.05184135463787e-05 1.03737411336624e-05 1.02877884273767e-05 1.02018357210909e-05 1.01158839242999e-05 1.00299312180141e-05 9.94397851172835e-06 9.85802580544259e-06 9.77207309915684e-06 9.77046784100821e-06 9.79697870207019e-06 9.82348865363747e-06 9.84999951469945e-06 9.87650946626673e-06 9.9030203273287e-06 9.92953118839068e-06 9.97344795905519e-06 1.0069583368022e-05 1.01657187769888e-05 1.02618550954503e-05 1.03579905044171e-05 1.04541268228786e-05 1.05502622318454e-05 1.06463985503069e-05 1.0778708201542e-05 1.0923076843028e-05 1.10674445750192e-05 1.12118132165051e-05 1.1356181857991e-05 1.15005495899823e-05 1.16449182314682e-05 1.17679837785545e-05 1.18271418614313e-05 1.18862990348134e-05 1.19454562081955e-05
1.17955059977248e-05 1.16292976599652e-05 1.14630902317003e-05 1.12968828034354e-05 1.11306753751705e-05 1.09644670374109e-05 1.0798259609146e-05 1.06492097984301e-05 1.05516319308663e-05 1.04540549727972e-05 1.03564771052334e-05 1.02589001471642e-05 1.01613222796004e-05 1.00637453215313e-05 9.9661674539675e-06 9.96238668449223e-06 9.98987161437981e-06 1.00173565442674e-05 1.00448405646603e-05 1.00723254945478e-05 1.00998104244354e-05 1.0127295354323e-05 1.01728473964613e-05 1.02726035038359e-05 1.03723596112104e-05 1.04721148090903e-05 1.05718709164648e-05 1.06716270238394e-05 1.0771383131214e-05 1.08711392385885e-05 1.0994530384778e-05 1.11258013930637e-05 1.12570714918547e-05 1.13883425001404e-05 1.15196125989314e-05 1.16508826977224e-05 1.17821537060081e-05 1.18939706226229e-05 1.19474270832143e-05 1.20008835438057e-05 1.20543400043971e-05
1.20871209219331e-05 1.19189517135965e-05 1.17507825052598e-05 1.15826132969232e-05 1.14144440885866e-05 1.124627488025e-05 1.10781056719134e-05 1.09246784631978e-05 1.08154763438506e-05 1.07062742245034e-05 1.05970711956616e-05 1.04878690763144e-05 1.03786669569672e-05 1.026946483762e-05 1.01602627182729e-05 1.0154306437471e-05 1.01827645266894e-05 1.02112235254026e-05 1.02396825241158e-05 1.0268141522829e-05 1.02966005215421e-05 1.03250595202553e-05 1.03722468338674e-05 1.04756236396497e-05 1.05789995359373e-05 1.06823754322249e-05 1.07857513285126e-05 1.08891272248002e-05 1.09925040305825e-05 1.10958799268701e-05 1.12103534775088e-05 1.13285259430995e-05 1.14466984086903e-05 1.1564870874281e-05 1.16830433398718e-05 1.18012158054626e-05 1.19193882710533e-05 1.20199565571966e-05 1.20677123049973e-05 1.2115468052798e-05 1.21632238005986e-05
1.23787358461414e-05 1.22086057672277e-05 1.20384747788194e-05 1.1868343790411e-05 1.16982137114974e-05 1.1528082723089e-05 1.13579517346807e-05 1.12001471279655e-05 1.10793198473402e-05 1.0958492566715e-05 1.08376652860898e-05 1.07168380054645e-05 1.0596011634334e-05 1.04751843537088e-05 1.03543570730835e-05 1.0346225280955e-05 1.03756583484937e-05 1.04050914160325e-05 1.04345244835713e-05 1.04639575511101e-05 1.04933906186488e-05 1.05228236861876e-05 1.05716471807682e-05 1.06786428659689e-05 1.07856394606642e-05 1.08926360553596e-05 1.09996317405603e-05 1.11066283352557e-05 1.12136240204563e-05 1.13206206151517e-05 1.14261756607448e-05 1.15312504931353e-05 1.16363253255258e-05 1.17413992484217e-05 1.18464740808122e-05 1.19515489132027e-05 1.20566237455932e-05 1.2145943401265e-05 1.21879984362749e-05 1.22300525617902e-05 1.22721075968002e-05
1.26703516798443e-05 1.24982589113642e-05 1.23261670523789e-05 1.21540742838988e-05 1.19819824249134e-05 1.18098896564334e-05 1.1637797797448e-05 1.14756157927332e-05 1.13431633508299e-05 1.12107118184213e-05 1.1078259376518e-05 1.09458078441094e-05 1.08133554022061e-05 1.06809038697975e-05 1.05484514278942e-05 1.0538144124439e-05 1.05685512608034e-05 1.05989583971677e-05 1.06293655335321e-05 1.06597726698965e-05 1.06901798062609e-05 1.07205878521199e-05 1.07710466181743e-05 1.08816630017827e-05 1.09922793853912e-05 1.11028957689996e-05 1.1213512152608e-05 1.13241285362164e-05 1.14347449198249e-05 1.15453613034333e-05 1.16419978439808e-05 1.17339750431711e-05 1.18259513328667e-05 1.1917928532057e-05 1.20099048217526e-05 1.21018820209429e-05 1.21938583106385e-05 1.22719302453334e-05 1.23082836580579e-05 1.23446370707825e-05 1.23809913930018e-05
