data/working_set_collections/6091692-Cassins_Sparrow-M2/1990/evland_avg.asc
NCOLS 265 
NROWS 230 
XLLCORNER -115.5625 
YLLCORNER 24.8333333333333 
CELLSIZE 0.0833333333333333 
NODATA_value -9999 
[rows 0 to 17 of 230, columns 41 to 81 of 265]
1.23856298159808e-05 1.2785120816261e-05 1.31846118165413e-05 1.36129692691611e-05 1.41279233503155e-05 1.46428783409647e-05 1.51578333316138e-05 1.56727892317576e-05 1.61877433129121e-05 1.67026992130559e-05 1.72176532942103e-05 1.73509379237657e-05 1.73570006154478e-05 1.73630633071298e-05 1.73691241798224e-05 1.73751868715044e-05 1.73812495631864e-05 1.7387310435879e-05 1.74259293999057e-05 1.75622189999558e-05 1.76985086000059e-05 1.78347963810666e-05 1.79710859811166e-05 1.81073755811667e-05 1.82436651812168e-05 1.83799529622775e-05 1.81253781192936e-05 1.77405127033126e-05 1.73556491063209e-05 1.69707855093293e-05 1.65859219123377e-05 1.62010564963566e-05 1.5816192899365e-05 1.5389678083011e-05 1.4838208699075e-05 1.42867393151391e-05 1.37352708406979e-05 1.3183801456762e-05 1.26323329823208e-05 1.20808645078796e-05 1.15293951239437e-05
1.2231800610607e-05 1.2644875823753e-05 1.30579519463936e-05 1.35032769321697e-05 1.40453539643204e-05 1.45874309964711e-05 1.51295080286218e-05 1.56715850607725e-05 1.62136620929232e-05 1.67557391250739e-05 1.72978161572246e-05 1.73983080458129e-05 1.73516054928768e-05 1.73049011209514e-05 1.72581985680154e-05 1.72114960150793e-05 1.71647916431539e-05 1.71180890902178e-05 1.71178544405848e-05 1.72570235008607e-05 1.73961925611366e-05 1.7535359802423e-05 1.76745288626989e-05 1.78136979229748e-05 1.79528669832507e-05 1.80920360435266e-05 1.78430036612554e-05 1.74645701918053e-05 1.70861367223551e-05 1.67077050718945e-05 1.63292716024444e-05 1.59508381329942e-05 1.55724046635441e-05 1.51554140757071e-05 1.46227512232144e-05 1.40900883707218e-05 1.35574255182291e-05 1.30247617562418e-05 1.24920989037491e-05 1.19594360512565e-05 1.14267731987638e-05
1.20779714052333e-05 1.25046317407396e-05 1.29312911667512e-05 1.3393585504673e-05 1.39627845783252e-05 1.45319836519775e-05 1.51011827256298e-05 1.56703827087767e-05 1.62395808729343e-05 1.68087808560813e-05 1.73779790202389e-05 1.744567816786e-05 1.73462085513165e-05 1.72467407537624e-05 1.71472729562083e-05 1.70478033396648e-05 1.69483355421107e-05 1.68488677445566e-05 1.68097776622744e-05 1.69518261827761e-05 1.70938747032778e-05 1.72359232237795e-05 1.73779717442812e-05 1.75200220837723e-05 1.7662070604274e-05 1.78041191247758e-05 1.75606292032171e-05 1.71886276802979e-05 1.68166243383894e-05 1.64446228154702e-05 1.6072621292551e-05 1.57006197696319e-05 1.53286164277233e-05 1.49211509778979e-05 1.44072937473538e-05 1.38934365168097e-05 1.33795792862657e-05 1.28657220557216e-05 1.23518648251775e-05 1.18380075946334e-05 1.13241503640893e-05
1.19241431093542e-05 1.23643867482315e-05 1.28046312966035e-05 1.32838940771762e-05 1.38802151923301e-05 1.44765363074839e-05 1.50728574226378e-05 1.56691785377916e-05 1.62654996529454e-05 1.68618207680993e-05 1.74581418832531e-05 1.74930464709178e-05 1.73408134287456e-05 1.71885803865734e-05 1.70363455254119e-05 1.68841124832397e-05 1.67318794410676e-05 1.6579644579906e-05 1.65017027029535e-05 1.6646630683681e-05 1.67915586644085e-05 1.6936486645136e-05 1.70814164448529e-05 1.72263444255805e-05 1.7371272406308e-05 1.75162003870355e-05 1.72782547451789e-05 1.69126833498012e-05 1.6547113773413e-05 1.61815423780354e-05 1.58159709826577e-05 1.54503995872801e-05 1.50848291013972e-05 1.46868878800888e-05 1.41918362714932e-05 1.36967855723924e-05 1.32017339637969e-05 1.27066823552013e-05 1.22116316561005e-05 1.1716580047505e-05 1.12215284389094e-05
1.17703139039804e-05 1.22241426652181e-05 1.26779705169611e-05 1.31742026496795e-05 1.37976458063349e-05 1.44210889629903e-05 1.50445321196457e-05 1.56679761857959e-05 1.62914184329566e-05 1.69148624991067e-05 1.75383047462674e-05 1.75404165929649e-05 1.73354183061747e-05 1.71304182003951e-05 1.69254199136049e-05 1.67204216268146e-05 1.6515421521035e-05 1.63104232342448e-05 1.61936259246431e-05 1.63414351845859e-05 1.64892426255392e-05 1.66370500664925e-05 1.67848593264353e-05 1.69326667673886e-05 1.70804760273313e-05 1.72282834682846e-05 1.69958802871406e-05 1.66367408382939e-05 1.62776013894472e-05 1.59184619406005e-05 1.55593206727644e-05 1.52001812239178e-05 1.48410408655764e-05 1.44526247822796e-05 1.39763797051273e-05 1.35001337184804e-05 1.30238886413281e-05 1.25476426546811e-05 1.20713975775288e-05 1.15951515908819e-05 1.11189065137296e-05
1.16164846986067e-05 1.208389767271e-05 1.25513106468134e-05 1.30645112221828e-05 1.37150764203398e-05 1.43656416184967e-05 1.50162068166537e-05 1.56667720148107e-05 1.63173372129677e-05 1.69679024111247e-05 1.76184676092817e-05 1.7587786715012e-05 1.73300213646144e-05 1.70722578332061e-05 1.68144943017978e-05 1.65567289514001e-05 1.62989654199919e-05 1.60412018885836e-05 1.58855509653222e-05 1.60362378665013e-05 1.61869265866699e-05 1.6337613487849e-05 1.64883022080176e-05 1.66389909281861e-05 1.67896778293652e-05 1.69403665495338e-05 1.67135058291024e-05 1.63607983267866e-05 1.60080890054815e-05 1.56553796841763e-05 1.53026703628711e-05 1.49499619510607e-05 1.45972535392502e-05 1.42183616844704e-05 1.37609222292667e-05 1.3303482774063e-05 1.28460424093646e-05 1.23886029541609e-05 1.19311634989572e-05 1.14737240437535e-05 1.10162845885498e-05
1.16305554911378e-05 1.21051280075335e-05 1.25797014334239e-05 1.30989328681608e-05 1.37521419674158e-05 1.44053501571761e-05 1.50585592564312e-05 1.57117683556862e-05 1.63649765454466e-05 1.70181847352069e-05 1.76713947439566e-05 1.76245775946882e-05 1.73444204847328e-05 1.70642633747775e-05 1.67841062648222e-05 1.65039491548669e-05 1.62237902259221e-05 1.59436331159668e-05 1.57630838657496e-05 1.5881358194747e-05 1.59996325237444e-05 1.61179086717311e-05 1.62361830007285e-05 1.63544573297258e-05 1.64727316587232e-05 1.659100780671e-05 1.63717650139006e-05 1.60400159074925e-05 1.57082686200738e-05 1.53765195136657e-05 1.5044772226247e-05 1.47130231198389e-05 1.43812749229255e-05 1.40233978527249e-05 1.35871341626626e-05 1.31508695631055e-05 1.27146049635485e-05 1.22783412734861e-05 1.18420766739291e-05 1.14058129838668e-05 1.09695483843097e-05
1.18125253720791e-05 1.22878336696886e-05 1.2763141967298e-05 1.32774666781188e-05 1.39088406285737e-05 1.45402145790285e-05 1.51715885294834e-05 1.5802963389433e-05 1.64343364303932e-05 1.70657094713533e-05 1.76970843313029e-05 1.76507928699721e-05 1.73786138475407e-05 1.71064348251093e-05 1.68342558026779e-05 1.65620767802466e-05 1.62898977578152e-05 1.60177187353838e-05 1.58262264449149e-05 1.58767961693229e-05 1.59273640747415e-05 1.59779319801601e-05 1.6028501704568e-05 1.60790696099866e-05 1.61296375154052e-05 1.61802072398132e-05 1.59706560225459e-05 1.56743972183904e-05 1.53781384142349e-05 1.50818814290687e-05 1.47856235344079e-05 1.44893647302524e-05 1.41931068355916e-05 1.38677341965376e-05 1.34550145958201e-05 1.30422949951026e-05 1.26295763038797e-05 1.22168567031622e-05 1.18041371024447e-05 1.13914184112218e-05 1.09786988105043e-05
1.19944952530204e-05 1.24705393318436e-05 1.29465834106668e-05 1.34560013975715e-05 1.40655401992262e-05 1.46750790008809e-05 1.52846187120304e-05 1.58941566041904e-05 1.65036963153398e-05 1.71132342074998e-05 1.77227739186492e-05 1.7677008145256e-05 1.74128072103485e-05 1.71486080944305e-05 1.68844071595231e-05 1.66202062246157e-05 1.63560052897083e-05 1.60918043548008e-05 1.58893708430696e-05 1.58722323249094e-05 1.58550956257386e-05 1.58379571075784e-05 1.58208185894182e-05 1.58036818902474e-05 1.57865433720872e-05 1.57694066729164e-05 1.55695452122018e-05 1.53087785292882e-05 1.50480100273853e-05 1.47872424349771e-05 1.45264748425689e-05 1.42657063406659e-05 1.40049387482577e-05 1.37120696308557e-05 1.33228950289777e-05 1.29337213365943e-05 1.25445467347163e-05 1.21553721328382e-05 1.17661984404549e-05 1.13770238385769e-05 1.09878492366988e-05
1.21764651339618e-05 1.26532449939987e-05 1.31300248540356e-05 1.36345361170243e-05 1.42222397698788e-05 1.48099434227333e-05 1.53976470755879e-05 1.59853516379371e-05 1.65730562002864e-05 1.71607589436462e-05 1.77484635059955e-05 1.77032234205399e-05 1.74470005731564e-05 1.71907795447623e-05 1.69345566973789e-05 1.66783356689848e-05 1.64221128216013e-05 1.61658917932073e-05 1.59525134222349e-05 1.58676702994853e-05 1.57828253577463e-05 1.56979822349967e-05 1.56131372932578e-05 1.55282941705082e-05 1.54434492287692e-05 1.53586061060196e-05 1.51684362208471e-05 1.49431589306914e-05 1.47178807310411e-05 1.44926034408854e-05 1.42673261507298e-05 1.40420479510794e-05 1.38167706609238e-05 1.35564050651737e-05 1.31907763716299e-05 1.28251467685914e-05 1.24595171655528e-05 1.2093888472009e-05 1.17282588689704e-05 1.13626292659319e-05 1.09970005723881e-05
1.23584350149031e-05 1.28359506561537e-05 1.33134662974044e-05 1.38130699269823e-05 1.43789393405314e-05 1.49448078445857e-05 1.55106772581348e-05 1.60765466716839e-05 1.6642416085233e-05 1.72082836797927e-05 1.77741530933417e-05 1.77294386958238e-05 1.74811939359643e-05 1.72329509950941e-05 1.6984708054224e-05 1.67364632943645e-05 1.64882203534944e-05 1.62399774126243e-05 1.60156560014002e-05 1.58631064550718e-05 1.57105569087435e-05 1.55580055434257e-05 1.54054559970973e-05 1.52529055412742e-05 1.51003550854512e-05 1.49478046296281e-05 1.47673263199977e-05 1.45775393320946e-05 1.43877523441915e-05 1.41979644467938e-05 1.40081774588907e-05 1.3818389561493e-05 1.36286025735899e-05 1.34007414089865e-05 1.30586568047875e-05 1.27165722005884e-05 1.23744875963894e-05 1.2032403901685e-05 1.1690319297486e-05 1.13482346932869e-05 1.10061509985826e-05
1.25404048958444e-05 1.30186563183088e-05 1.34969077407732e-05 1.3991604646435e-05 1.45356389111839e-05 1.50796722664381e-05 1.56237074406818e-05 1.61677417054307e-05 1.67117759701796e-05 1.72558084159391e-05 1.7799842680688e-05 1.77556539711077e-05 1.75153872987721e-05 1.7275122445426e-05 1.70348575920798e-05 1.67945927387336e-05 1.65543278853875e-05 1.63140630320413e-05 1.60788003995549e-05 1.58585426106583e-05 1.56382866407512e-05 1.5418030670844e-05 1.51977737914422e-05 1.49775169120403e-05 1.47572609421331e-05 1.45370040627313e-05 1.4366217328643e-05 1.42119197334978e-05 1.40576230478473e-05 1.39033254527021e-05 1.37490287670516e-05 1.35947311719065e-05 1.3440434486256e-05 1.32450768433046e-05 1.2926537237945e-05 1.26079976325855e-05 1.22894589367206e-05 1.19709193313611e-05 1.16523797260015e-05 1.13338410301367e-05 1.10153014247771e-05
1.27373177747359e-05 1.32127870529075e-05 1.36882563310792e-05 1.41707396323909e-05 1.46742650031229e-05 1.51777903738548e-05 1.56813166540815e-05 1.6184840205824e-05 1.6688365576556e-05 1.71918909472879e-05 1.76954163180199e-05 1.76520170498407e-05 1.74263077497017e-05 1.72005984495627e-05 1.69748891494237e-05 1.67491798492847e-05 1.65234705491457e-05 1.62977612490067e-05 1.60607160069048e-05 1.57896593009355e-05 1.55186025949661e-05 1.52475458889967e-05 1.49764882735326e-05 1.47054315675632e-05 1.44343748615938e-05 1.41633181556244e-05 1.39917765409336e-05 1.38534060170059e-05 1.37150364025729e-05 1.35766658786451e-05 1.34382962642121e-05 1.32999257402844e-05 1.31615561258513e-05 1.29834634208237e-05 1.26862023535068e-05 1.23889403766952e-05 1.20916793093784e-05 1.17944182420615e-05 1.14971571747446e-05 1.11998951979331e-05 1.09026341306162e-05
1.29491727420827e-05 1.34183437694446e-05 1.38875138873118e-05 1.43504767038394e-05 1.47948194353376e-05 1.52391621668357e-05 1.56835048983339e-05 1.61278458108427e-05 1.65721885423409e-05 1.70165312738391e-05 1.74608740053372e-05 1.74185279320227e-05 1.72139516507741e-05 1.70093771885149e-05 1.68048009072663e-05 1.66002264450071e-05 1.63956501637585e-05 1.619107388251e-05 1.59614046424394e-05 1.56564547069138e-05 1.53515029523987e-05 1.50465511978837e-05 1.47416003528633e-05 1.44366485983483e-05 1.41316977533279e-05 1.38267469083075e-05 1.36440039568697e-05 1.3501998182619e-05 1.33599914988736e-05 1.32179857246228e-05 1.30759799503721e-05 1.29339732666267e-05 1.2791967492376e-05 1.26159002320492e-05 1.23376503324835e-05 1.20594004329178e-05 1.1781150533352e-05 1.15028997242916e-05 1.12246498247259e-05 1.09463999251602e-05 1.06681500255945e-05
1.31610286189243e-05 1.3623899576487e-05 1.40867705340497e-05 1.45302137752878e-05 1.49153738675523e-05 1.5300533050322e-05 1.56856931425864e-05 1.60708514158614e-05 1.64560115081258e-05 1.68411716003902e-05 1.72263298736652e-05 1.71850388142047e-05 1.7001597370836e-05 1.68181541084778e-05 1.6634712665109e-05 1.64512712217402e-05 1.62678297783714e-05 1.60843865160132e-05 1.58620950969635e-05 1.55232482939027e-05 1.51844033098314e-05 1.48455574162654e-05 1.45067115226993e-05 1.4167866538628e-05 1.3829020645062e-05 1.34901747514959e-05 1.32962322823005e-05 1.31505894387374e-05 1.3004947504669e-05 1.28593055706006e-05 1.27136636365321e-05 1.2568020792969e-05 1.24223788589006e-05 1.22483379527694e-05 1.19890983114601e-05 1.17298595796456e-05 1.1470620847831e-05 1.12113821160165e-05 1.09521433842019e-05 1.06929046523874e-05 1.04336650110781e-05
1.33728835862712e-05 1.38294562930241e-05 1.42860280902823e-05 1.47099508467363e-05 1.50359273902723e-05 1.53619039338082e-05 1.56878813868389e-05 1.60138570208801e-05 1.63398344739107e-05 1.6665810107952e-05 1.69917875609826e-05 1.69515496963868e-05 1.67892412719084e-05 1.662693284743e-05 1.64646244229516e-05 1.63023159984732e-05 1.61400075739948e-05 1.59776991495164e-05 1.57627837324981e-05 1.53900436998811e-05 1.50173036672641e-05 1.46445636346471e-05 1.42718236020301e-05 1.38990835694131e-05 1.3526343536796e-05 1.3153603504179e-05 1.29484596982365e-05 1.27991816043505e-05 1.26499035104644e-05 1.25006254165783e-05 1.23513464131975e-05 1.22020683193114e-05 1.20527902254253e-05 1.18807747639949e-05 1.16405471999315e-05 1.14003196358681e-05 1.11600920718047e-05 1.09198635982466e-05 1.06796360341832e-05 1.04394084701198e-05 1.01991809060564e-05
1.35847394631128e-05 1.40350121000665e-05 1.44852847370203e-05 1.48896879181848e-05 1.5156481822487e-05 1.54232748172944e-05 1.56900696310913e-05 1.59568626258988e-05 1.62236574396957e-05 1.64904504345031e-05 1.67572434293106e-05 1.67180605785688e-05 1.65768869919702e-05 1.64357115863822e-05 1.62945361807942e-05 1.61533625941956e-05 1.60121871886076e-05 1.58710117830196e-05 1.56634723680327e-05 1.52568381963647e-05 1.48502040246967e-05 1.4443568943534e-05 1.40369347718661e-05 1.36303006001981e-05 1.32236664285301e-05 1.28170322568621e-05 1.26006871141726e-05 1.24477728604688e-05 1.2294858606765e-05 1.21419443530613e-05 1.19890300993575e-05 1.18361158456537e-05 1.16832015919499e-05 1.15132115752203e-05 1.12919951789081e-05 1.10707787825959e-05 1.08495623862837e-05 1.06283459899714e-05 1.04071295936592e-05 1.0185913197347e-05 9.96469680103473e-06
1.37965944304597e-05 1.42405688166036e-05 1.46845422932529e-05 1.50694249896333e-05 1.5277035345207e-05 1.54846475197701e-05 1.56922578753438e-05 1.58998682309175e-05 1.61074785864912e-05 1.63150907610543e-05 1.6522701116628e-05 1.64845732797403e-05 1.63645308930427e-05 1.62444903253345e-05 1.61244479386369e-05 1.60044073709287e-05 1.58843668032205e-05 1.57643244165229e-05 1.55641610035673e-05 1.51236326928483e-05 1.46831043821294e-05 1.42425751619157e-05 1.38020468511968e-05 1.33615176309831e-05 1.29209893202642e-05 1.24804601000505e-05 1.22529154396034e-05 1.20963650260819e-05 1.19398146125604e-05 1.1783264199039e-05 1.16267137855175e-05 1.1470163371996e-05 1.13136129584746e-05 1.11456492959405e-05 1.09434440673795e-05 1.07412388388184e-05 1.05390336102573e-05 1.03368274722015e-05 1.01346222436405e-05 9.93241701507941e-06 9.73021178651834e-06
