data/working_set_collections/6091692-Cassins_Sparrow-M2/1990/evland_avg.asc
NCOLS 265 
NROWS 230 
XLLCORNER -115.5625 
YLLCORNER 24.8333333333333 
CELLSIZE 0.0833333333333333 
NODATA_value -9999 
[rows 180 to 197 of 230, columns 164 to 204 of 265]
1.26579243442393e-05 1.25786345961387e-05 1.24993439385435e-05 1.24200541904429e-05 1.23407635328476e-05 1.22614737847471e-05 1.21821840366465e-05 1.21028933790512e-05 1.24940361274639e-05 1.30419903143775e-05 1.35899435917963e-05 1.41378968692152e-05 1.46858510561287e-05 1.52338043335476e-05 1.57817576109665e-05 1.6317388144671e-05 1.6816045899759e-05 1.73147036548471e-05 1.78133614099352e-05 1.83120191650232e-05 1.88106787391007e-05 1.93093364941888e-05 1.98079942492768e-05 2.01840157387778e-05 2.05191590794129e-05 2.0854302420048e-05 2.11894439416938e-05 2.15245872823289e-05 2.1859730622964e-05 2.21948739635991e-05 2.25241201405879e-05 2.28356802836061e-05 2.31472404266242e-05 2.34587987506529e-05 2.37703588936711e-05 2.40819190366892e-05 2.43934791797074e-05 2.47050375037361e-05 2.47035895881709e-05 2.45978026214289e-05 2.44920174736762e-05
1.27187704492826e-05 1.26333507068921e-05 1.25479300550069e-05 1.24625103126164e-05 1.23770905702258e-05 1.22916699183406e-05 1.22062501759501e-05 1.21208304335596e-05 1.2494462680479e-05 1.30211119540036e-05 1.35477612275281e-05 1.40744105010526e-05 1.46010597745772e-05 1.51277090481017e-05 1.56543592311209e-05 1.6167405192391e-05 1.66396421263926e-05 1.71118790603941e-05 1.75841159943957e-05 1.80563529283972e-05 1.85285916813882e-05 1.90008286153898e-05 1.94730655493913e-05 1.98364941752516e-05 2.01636521524051e-05 2.04908101295587e-05 2.08179681067122e-05 2.11451260838658e-05 2.14722840610193e-05 2.17994438571623e-05 2.21245827560779e-05 2.24436662392691e-05 2.27627497224603e-05 2.30818332056515e-05 2.34009166888427e-05 2.37200001720339e-05 2.40390836552251e-05 2.43581671384163e-05 2.43591293838108e-05 2.42540500039468e-05 2.41489724430721e-05
1.27796165543259e-05 1.26880668176454e-05 1.25965161714703e-05 1.25049664347898e-05 1.24134166981094e-05 1.23218669614289e-05 1.22303172247484e-05 1.21387665785733e-05 1.24948883239995e-05 1.30002335936297e-05 1.35055788632599e-05 1.40109232233954e-05 1.45162684930256e-05 1.50216137626558e-05 1.5526959032286e-05 1.6017422240111e-05 1.64632383530261e-05 1.69090544659412e-05 1.73548705788562e-05 1.78006885107607e-05 1.82465046236757e-05 1.86923207365908e-05 1.91381368495058e-05 1.94889707927359e-05 1.98081452253973e-05 2.01273178390693e-05 2.04464922717307e-05 2.07656648854027e-05 2.1084839318064e-05 2.14040137507254e-05 2.17250453715678e-05 2.20516521949321e-05 2.23782590182964e-05 2.27048676606501e-05 2.30314744840143e-05 2.33580813073786e-05 2.36846881307429e-05 2.40112967730965e-05 2.40146691794507e-05 2.39102973864647e-05 2.38059255934786e-05
1.28404626593692e-05 1.27427829283988e-05 1.26451031974284e-05 1.25474225569633e-05 1.24497428259929e-05 1.23520630950225e-05 1.2254383364052e-05 1.21567036330816e-05 1.24953139675199e-05 1.29793552332558e-05 1.34633955894969e-05 1.39474368552328e-05 1.44314781209687e-05 1.49155184772098e-05 1.5399558833451e-05 1.58674392878311e-05 1.62868345796596e-05 1.67062298714882e-05 1.71256251633167e-05 1.75450222741347e-05 1.79644175659632e-05 1.83838128577918e-05 1.88032081496203e-05 1.91414492292097e-05 1.94526382983895e-05 1.97638273675693e-05 2.00750164367491e-05 2.0386205505929e-05 2.06973927561194e-05 2.10085818252992e-05 2.13255061680684e-05 2.16596381505951e-05 2.19937701331219e-05 2.23279002966592e-05 2.2662032279186e-05 2.29961624427233e-05 2.333029442525e-05 2.36644245887874e-05 2.36702089750906e-05 2.35665447689826e-05 2.34628805628745e-05
1.29013087644125e-05 1.27974990391522e-05 1.26936893138918e-05 1.25898795886314e-05 1.24860698633711e-05 1.2382259228616e-05 1.22784495033557e-05 1.21746397780953e-05 1.2495740520535e-05 1.29584768728819e-05 1.34212132252287e-05 1.38839504870703e-05 1.43466868394171e-05 1.48094231917639e-05 1.52721604536055e-05 1.57174563355511e-05 1.61104308062932e-05 1.65034052770352e-05 1.68963815667666e-05 1.72893560375087e-05 1.76823305082507e-05 1.80753049789928e-05 1.84682794497348e-05 1.8793925846694e-05 1.90971313713817e-05 1.94003350770799e-05 1.97035387827782e-05 2.00067443074659e-05 2.03099480131641e-05 2.06131517188624e-05 2.09259687835583e-05 2.12676241062582e-05 2.1609279428958e-05 2.19509347516578e-05 2.22925882553682e-05 2.2634243578068e-05 2.29758989007678e-05 2.33175542234676e-05 2.33257487707306e-05 2.32227921515005e-05 2.3119833713281e-05
1.29621548694558e-05 1.28522151499055e-05 1.27422754303552e-05 1.26323357108049e-05 1.25223959912546e-05 1.24124562717043e-05 1.2302516552154e-05 1.21925768326037e-05 1.24961661640555e-05 1.2937598512508e-05 1.33790308609605e-05 1.3820463209413e-05 1.42618955578655e-05 1.4703327906318e-05 1.51447611642652e-05 1.55674733832711e-05 1.59340270329267e-05 1.63005806825822e-05 1.66671361512272e-05 1.70336898008827e-05 1.74002434505383e-05 1.77667971001938e-05 1.81333507498493e-05 1.84464042831678e-05 1.87416244443739e-05 1.90368427865906e-05 1.93320629477967e-05 1.96272831090027e-05 1.99225014512194e-05 2.02177216124255e-05 2.05264313990483e-05 2.08756100619212e-05 2.12247887247941e-05 2.15739673876669e-05 2.19231460505398e-05 2.22723247134127e-05 2.26215033762855e-05 2.29706820391584e-05 2.29812903853599e-05 2.28790395340184e-05 2.27767886826769e-05
1.30039061332354e-05 1.2894143765152e-05 1.27843813970685e-05 1.26746181194903e-05 1.25648557514069e-05 1.24550933833234e-05 1.23453310152399e-05 1.22355686471565e-05 1.25211308841244e-05 1.29384679894429e-05 1.3355806004256e-05 1.37731431095744e-05 1.41904802148929e-05 1.46078173202113e-05 1.50251553350245e-05 1.54240387928439e-05 1.57675603986718e-05 1.61110801855102e-05 1.64546017913381e-05 1.67981233971659e-05 1.71416450029938e-05 1.74851666088216e-05 1.78286882146494e-05 1.81336090463446e-05 1.84256641659886e-05 1.87177211046219e-05 1.90097762242658e-05 1.93018313439097e-05 1.95938864635536e-05 1.98859415831976e-05 2.01978600671282e-05 2.0569359548972e-05 2.09408608498052e-05 2.1312360331649e-05 2.16838616324821e-05 2.20553611143259e-05 2.24268624151591e-05 2.27983618970029e-05 2.28066655836301e-05 2.26939027925255e-05 2.25811418204103e-05
1.30265625557513e-05 1.29232839753968e-05 1.28200063045369e-05 1.27167277241824e-05 1.26134500533226e-05 1.25101714729681e-05 1.24068938021082e-05 1.23036152217537e-05 1.25706346807419e-05 1.29610862131813e-05 1.33515377456206e-05 1.37419883685652e-05 1.41324399010045e-05 1.45228914334439e-05 1.49133429658832e-05 1.52871507452801e-05 1.56110272655496e-05 1.59349037858192e-05 1.62587803060887e-05 1.65826586453477e-05 1.69065351656172e-05 1.72304116858868e-05 1.75542882061563e-05 1.7855541955214e-05 1.81492541742045e-05 1.84429663931951e-05 1.87366767931962e-05 1.90303890121868e-05 1.93241012311773e-05 1.96178134501679e-05 1.99402529688086e-05 2.03488725674106e-05 2.07574921660125e-05 2.11661135836039e-05 2.15747331822058e-05 2.19833527808078e-05 2.23919723794097e-05 2.28005919780117e-05 2.280187800352e-05 2.26673855650006e-05 2.25328931264812e-05
1.30492189782672e-05 1.29524250951363e-05 1.28556312120054e-05 1.27588373288745e-05 1.26620434457436e-05 1.25652504721074e-05 1.24684565889766e-05 1.23716627058457e-05 1.26201384773594e-05 1.2983703527425e-05 1.33472694869852e-05 1.37108345370507e-05 1.40744004966109e-05 1.44379655466764e-05 1.48015305967419e-05 1.51502636072109e-05 1.54544959514169e-05 1.57587273861282e-05 1.60629606398288e-05 1.63671920745401e-05 1.66714235092513e-05 1.6975656762952e-05 1.72798881976632e-05 1.75774730450939e-05 1.78728423634311e-05 1.81682116817683e-05 1.84635791811161e-05 1.87589484994533e-05 1.9054315998801e-05 1.93496853171382e-05 1.96826476894785e-05 2.01283855858492e-05 2.05741253012093e-05 2.10198650165694e-05 2.14656047319295e-05 2.19113444472896e-05 2.23570841626497e-05 2.28028238780098e-05 2.27970904234098e-05 2.26408665184863e-05 2.24846426135628e-05
1.3071875400783e-05 1.29815662148758e-05 1.28912561194738e-05 1.28009469335666e-05 1.27106377476593e-05 1.26203285617521e-05 1.25300193758449e-05 1.24397101899376e-05 1.26696422739769e-05 1.30063217511633e-05 1.33430012283497e-05 1.36796807055362e-05 1.40163601827226e-05 1.4353039659909e-05 1.46897191370954e-05 1.50133755596471e-05 1.52979628182948e-05 1.55825509864371e-05 1.58671391545795e-05 1.61517273227219e-05 1.64363136718748e-05 1.67209018400172e-05 1.70054900081595e-05 1.72994059539633e-05 1.75964305526577e-05 1.78934551513521e-05 1.81904815690359e-05 1.84875061677303e-05 1.87845325854141e-05 1.90815571841085e-05 1.94250405911589e-05 1.99079004232772e-05 2.0390758436406e-05 2.08736182685243e-05 2.13564762816532e-05 2.18393361137714e-05 2.23221941269003e-05 2.28050539590186e-05 2.27923028432997e-05 2.26143492909614e-05 2.24363939196337e-05
1.30945318232989e-05 1.30107064251206e-05 1.2926881936437e-05 1.28430565382587e-05 1.27592320495751e-05 1.26754066513968e-05 1.25915821627132e-05 1.25077567645349e-05 1.27191460705944e-05 1.3028939065407e-05 1.33387329697143e-05 1.36485259645269e-05 1.39583198688342e-05 1.42681137731415e-05 1.45779067679541e-05 1.4876488421578e-05 1.5141431504162e-05 1.54063745867461e-05 1.56713176693302e-05 1.59362607519142e-05 1.62012038344983e-05 1.64661469170824e-05 1.67310899996664e-05 1.70213370438432e-05 1.73200187418843e-05 1.76187004399253e-05 1.79173821379663e-05 1.82160656549968e-05 1.85147473530378e-05 1.88134290510789e-05 1.91674353118287e-05 1.96874134417158e-05 2.02073915716028e-05 2.07273697014898e-05 2.12473478313768e-05 2.17673277802533e-05 2.22873059101403e-05 2.28072840400273e-05 2.27875152631896e-05 2.25878302444471e-05 2.23881452257046e-05
1.31171882458148e-05 1.30398475448601e-05 1.29625068439054e-05 1.28851661429508e-05 1.28078254419961e-05 1.27304847410414e-05 1.26531449495815e-05 1.25758042486268e-05 1.27686498672119e-05 1.30515572891454e-05 1.33344647110789e-05 1.36173721330124e-05 1.39002795549459e-05 1.41831878863741e-05 1.44660953083076e-05 1.47396003740141e-05 1.49848992805346e-05 1.52301981870551e-05 1.54754961840808e-05 1.5720796000096e-05 1.59660939971218e-05 1.62113919941476e-05 1.64566918101627e-05 1.67432699527126e-05 1.70436087501002e-05 1.73439457284985e-05 1.76442845258862e-05 1.79446233232738e-05 1.82449621206615e-05 1.85452990990598e-05 1.89098282135092e-05 1.94669264601544e-05 2.00240247067995e-05 2.05811229534447e-05 2.11382212000899e-05 2.16953176277457e-05 2.22524158743909e-05 2.2809514121036e-05 2.27827276830794e-05 2.25613111979328e-05 2.23398965317756e-05
1.31288452394074e-05 1.30584103317233e-05 1.29879754240392e-05 1.29175405163551e-05 1.2847105608671e-05 1.27766707009869e-05 1.27062357933028e-05 1.26358008856187e-05 1.28127621792373e-05 1.30721900859498e-05 1.33316170831677e-05 1.35910440803855e-05 1.3850471987098e-05 1.41098989843158e-05 1.43693259815336e-05 1.46219472298981e-05 1.48541485032183e-05 1.50863506860333e-05 1.53185519593535e-05 1.55507532326737e-05 1.57829563249834e-05 1.60151575983036e-05 1.62473588716239e-05 1.6537183910259e-05 1.68462174769957e-05 1.71552492247429e-05 1.74642827914795e-05 1.77733145392267e-05 1.80823481059633e-05 1.83913798537105e-05 1.87649638974108e-05 1.93321975530125e-05 1.98994312086143e-05 2.0466664864216e-05 2.10338985198177e-05 2.16011321754195e-05 2.21683658310212e-05 2.2735599486623e-05 2.27122000069357e-05 2.24919222091557e-05 2.22716444113757e-05
1.31295028040768e-05 1.30663947857101e-05 1.30032867673435e-05 1.29401787489769e-05 1.28770707306103e-05 1.28139627122437e-05 1.27508556033717e-05 1.26877475850051e-05 1.285148482566e-05 1.30908374558203e-05 1.33301900859806e-05 1.35695427161409e-05 1.38088953463011e-05 1.40482479764614e-05 1.42876006066217e-05 1.45235289892298e-05 1.47491809912026e-05 1.49748329931754e-05 1.52004849951481e-05 1.54261379066156e-05 1.56517889990937e-05 1.58774419105612e-05 1.61030948220287e-05 1.6403080735472e-05 1.67278449225705e-05 1.7052609109669e-05 1.73773751157569e-05 1.77021393028554e-05 1.80269034899538e-05 1.83516694960417e-05 1.87328387255548e-05 1.92832249013009e-05 1.9833611077047e-05 2.0383997252793e-05 2.09343834285391e-05 2.14847677852958e-05 2.20351539610419e-05 2.2585540136788e-05 2.25759322347585e-05 2.23796596401371e-05 2.21833870455157e-05
1.31301603687461e-05 1.3074379239697e-05 1.30185981106479e-05 1.29628178910934e-05 1.29070367620443e-05 1.28512556329952e-05 1.2795474503946e-05 1.27396942843916e-05 1.28902074720827e-05 1.31094848256907e-05 1.33287630887935e-05 1.35480413518962e-05 1.3767319614999e-05 1.39865978781017e-05 1.42058752317098e-05 1.44251098390669e-05 1.46442125696922e-05 1.48633153003175e-05 1.50824180309428e-05 1.53015207615681e-05 1.55206234921934e-05 1.57397262228187e-05 1.5958828953444e-05 1.6268977560685e-05 1.66094741871348e-05 1.69499708135845e-05 1.72904674400343e-05 1.7630964066484e-05 1.79714606929338e-05 1.83119573193835e-05 1.87007135536987e-05 1.92342522495892e-05 1.97677909454796e-05 2.03013296413701e-05 2.08348665182712e-05 2.13684052141616e-05 2.19019439100521e-05 2.24354807869531e-05 2.24396662815707e-05 2.22673988901079e-05 2.20951314986451e-05
1.31308179334155e-05 1.30823636936839e-05 1.30339103634469e-05 1.29854561237153e-05 1.29370018839836e-05 1.28885485537467e-05 1.2840094314015e-05 1.27916400742834e-05 1.29289292090107e-05 1.31281331050559e-05 1.33273360916064e-05 1.35265399876516e-05 1.37257429742021e-05 1.39249468702474e-05 1.41241507662926e-05 1.43266915983986e-05 1.45392441481818e-05 1.47517976074596e-05 1.49643510667374e-05 1.51769045260153e-05 1.53894579852931e-05 1.56020105350763e-05 1.58145649038488e-05 1.6134874385898e-05 1.6491103451699e-05 1.68473306985106e-05 1.72035597643116e-05 1.75597888301127e-05 1.79160178959137e-05 1.82722451427253e-05 1.86685902008321e-05 1.91852795978775e-05 1.97019708139123e-05 2.02186602109578e-05 2.07353514269926e-05 2.1252040824038e-05 2.17687320400728e-05 2.22854214371182e-05 2.23033985093934e-05 2.21551363210892e-05 2.2006874132785e-05
1.31314754980849e-05 1.30903490571654e-05 1.30492217067513e-05 1.30080952658318e-05 1.29669679154176e-05 1.29258405650035e-05 1.2884714124084e-05 1.28435867736698e-05 1.29676518554334e-05 1.31467804749263e-05 1.33259090944193e-05 1.3505038623407e-05 1.36841672429e-05 1.3863295862393e-05 1.40424253913807e-05 1.42282724482357e-05 1.4434276636166e-05 1.46402799146017e-05 1.48462841025321e-05 1.50522873809678e-05 1.52582915688981e-05 1.54642948473338e-05 1.56702990352642e-05 1.6000771211111e-05 1.63727308972739e-05 1.67446924024262e-05 1.7116652088589e-05 1.74886135937413e-05 1.78605732799042e-05 1.82325347850565e-05 1.86364650289761e-05 1.91363087651553e-05 1.9636150682345e-05 2.01359925995348e-05 2.0635836335714e-05 2.11356782529037e-05 2.16355201700935e-05 2.21353620872833e-05 2.21671307372162e-05 2.204287557106e-05 2.19186185859144e-05
1.3132133972249e-05 1.30983335111523e-05 1.30645339595503e-05 1.30307334984536e-05 1.29969330373569e-05 1.2963133485755e-05 1.29293330246583e-05 1.28955334730563e-05 1.3006374501856e-05 1.31654287542915e-05 1.3324483006727e-05 1.34835372591624e-05 1.36425915115979e-05 1.38016457640333e-05 1.39607000164688e-05 1.41298542075674e-05 1.43293082146556e-05 1.45287622217438e-05 1.47282171383267e-05 1.49276711454149e-05 1.51271251525031e-05 1.53265791595913e-05 1.5526034985669e-05 1.5866668036324e-05 1.62543601618381e-05 1.66420522873523e-05 1.70297444128664e-05 1.741743835737e-05 1.78051304828841e-05 1.81928226083983e-05 1.86043416761095e-05 1.90873361134436e-05 1.95703305507777e-05 2.00533249881119e-05 2.0536319425446e-05 2.10193138627801e-05 2.15023083001142e-05 2.19853027374484e-05 2.20308647840284e-05 2.19306130020414e-05 2.18303630390437e-05
