data/working_set_collections/6091692-Cassins_Sparrow-M2/1990/evpintr_avg.asc
NCOLS 265 
NROWS 230 
XLLCORNER -115.5625 
YLLCORNER 24.8333333333333 
CELLSIZE 0.0833333333333333 
NODATA_value -9999 
[rows 40 to 59 of 230, columns 138 to 183 of 265]
3.50627493858337 3.42835736274719 3.35043978691101 3.27252221107483 3.26802325248718 3.28799748420715 3.30797171592712 3.32794570922852 3.34791994094849 3.36789393424988 3.38786816596985 3.40744113922119 3.42581009864807 3.44417929649353 3.46254849433899 3.48091769218445 3.49928689002991 3.51765584945679 3.53602504730225 3.52881121635437 3.51306939125061 3.49732756614685 3.48158597946167 3.46584415435791 3.45010256767273 3.43436074256897 3.4261302947998 3.44043374061584 3.45473718643188 3.46904063224792 3.48334407806396 3.49764752388 3.51195096969604 3.52625441551208 3.55131459236145 3.57996034622192 3.6086061000824 3.63725161552429 3.66589736938477 3.69454312324524 3.72318887710571 3.75223898887634 3.78250241279602 3.81276607513428 3.84302949905396 3.87329292297363
3.49161696434021 3.40497374534607 3.31833052635193 3.23168730735779 3.22551155090332 3.24615836143494 3.26680541038513 3.28745222091675 3.30809903144836 3.32874584197998 3.3493926525116 3.37050437927246 3.39301037788391 3.41551637649536 3.43802237510681 3.46052813529968 3.48303413391113 3.50554013252258 3.52804613113403 3.52348685264587 3.50990557670593 3.49632453918457 3.48274350166321 3.46916222572327 3.4555811882019 3.44200015068054 3.4355149269104 3.45031833648682 3.46512174606323 3.47992515563965 3.49472832679749 3.5095317363739 3.52433514595032 3.53913855552673 3.56476640701294 3.59400248527527 3.6232385635376 3.65247440338135 3.68171048164368 3.71094655990601 3.74018263816833 3.76918911933899 3.79750728607178 3.82582545280457 3.85414338111877 3.88246154785156
3.47677373886108 3.38610911369324 3.29544448852539 3.20477986335754 3.19842100143433 3.22016382217407 3.24190664291382 3.26364946365356 3.28539228439331 3.30713510513306 3.32887816429138 3.35172748565674 3.37789702415466 3.40406656265259 3.43023610115051 3.45640563964844 3.48257517814636 3.50874471664429 3.53491425514221 3.53295278549194 3.52161407470703 3.51027536392212 3.49893689155579 3.48759818077087 3.47625946998596 3.46492099761963 3.46008086204529 3.47473621368408 3.48939156532288 3.50404691696167 3.51870226860046 3.53335762023926 3.54801297187805 3.56266832351685 3.58738446235657 3.61545395851135 3.64352369308472 3.67159342765808 3.69966292381287 3.72773265838623 3.7558023929596 3.78349709510803 3.81006693840027 3.83663702011108 3.8632071018219 3.88977694511414
3.461745262146 3.3717634677887 3.28178191184998 3.19180011749268 3.18675136566162 3.2100133895874 3.23327565193176 3.25653767585754 3.2797999382019 3.30306196212769 3.32632422447205 3.3511106967926 3.38047051429749 3.40983033180237 3.43919038772583 3.46855020523071 3.4979100227356 3.52726984024048 3.55662965774536 3.55720901489258 3.54819464683533 3.53918051719666 3.5301661491394 3.52115178108215 3.51213765144348 3.50312328338623 3.49982762336731 3.51368713378906 3.52754640579224 3.54140591621399 3.55526542663574 3.5691249370575 3.58298444747925 3.59684371948242 3.61916851997375 3.64431500434875 3.66946172714233 3.69460821151733 3.71975469589233 3.74490118026733 3.77004790306091 3.79516243934631 3.82018184661865 3.84520101547241 3.87022042274475 3.89523959159851
3.44671678543091 3.35741782188416 3.26811909675598 3.17882037162781 3.17508172988892 3.19986319541931 3.22464466094971 3.24942588806152 3.27420735359192 3.29898881912231 3.32377028465271 3.35049390792847 3.38304400444031 3.41559433937073 3.44814443588257 3.48069453239441 3.51324462890625 3.54579472541809 3.57834506034851 3.58146500587463 3.57477521896362 3.56808543205261 3.56139540672302 3.55470561981201 3.548015832901 3.54132580757141 3.53957438468933 3.55263781547546 3.56570148468018 3.57876515388489 3.59182858467102 3.60489225387573 3.61795568466187 3.63101935386658 3.65095281600952 3.67317628860474 3.69539952278137 3.71762299537659 3.7398464679718 3.76206994056702 3.78429317474365 3.80682802200317 3.83029651641846 3.85376501083374 3.8772337436676 3.90070223808289
3.43168807029724 3.34307217597961 3.25445628166199 3.16584038734436 3.16341209411621 3.18971276283264 3.21601343154907 3.24231433868408 3.26861500740051 3.29491567611694 3.32121634483337 3.34987711906433 3.38561749458313 3.42135810852051 3.45709848403931 3.49283885955811 3.52857947349548 3.56431984901428 3.60006022453308 3.60572123527527 3.60135579109192 3.59699034690857 3.59262490272522 3.58825922012329 3.58389377593994 3.57952833175659 3.57932114601135 3.59158873558044 3.60385656356812 3.61612415313721 3.6283917427063 3.64065957069397 3.65292716026306 3.66519474983215 3.68273687362671 3.70203733444214 3.72133755683899 3.74063777923584 3.75993824005127 3.77923846244812 3.79853868484497 3.81849336624146 3.84041118621826 3.86232924461365 3.88424706459045 3.90616488456726
3.41665959358215 3.32872676849365 3.24079370498657 3.15286064147949 3.15174245834351 3.17956256866455 3.20738244056702 3.23520255088806 3.26302242279053 3.29084253311157 3.31866264343262 3.3492603302002 3.38819098472595 3.42712187767029 3.46605253219604 3.50498342514038 3.54391407966614 3.58284497261047 3.62177562713623 3.6299774646759 3.62793636322021 3.62589526176453 3.62385416030884 3.62181305885315 3.61977195739746 3.61773085594177 3.61906790733337 3.63053965568542 3.64201140403748 3.65348315238953 3.66495513916016 3.67642688751221 3.68789863586426 3.69937038421631 3.71452116966248 3.73089838027954 3.74727559089661 3.76365280151367 3.78002977371216 3.79640698432922 3.81278419494629 3.83015894889832 3.85052609443665 3.87089323997498 3.89126038551331 3.91162753105164
3.40163111686707 3.31438112258911 3.22713088989258 3.13988089561462 3.1400728225708 3.16941213607788 3.19875144958496 3.22809076309204 3.25743007659912 3.2867693901062 3.31610870361328 3.34864330291748 3.39076447486877 3.43288564682007 3.47500658035278 3.51712775230408 3.55924892425537 3.60136985778809 3.64349102973938 3.65423369407654 3.65451693534851 3.65480017662048 3.65508341789246 3.65536665916443 3.65565013885498 3.65593338012695 3.6588146686554 3.6694905757904 3.68016648292542 3.69084239006042 3.70151829719543 3.71219420433044 3.72287011146545 3.73354601860046 3.74630546569824 3.75975942611694 3.77321362495422 3.78666758537292 3.80012154579163 3.81357574462891 3.82702970504761 3.8418242931366 3.86064076423645 3.8794572353363 3.89827370643616 3.91708993911743
3.40855717658997 3.32351136207581 3.23846530914307 3.15341949462891 3.15321755409241 3.18129682540894 3.20937609672546 3.23745536804199 3.26553463935852 3.29361414909363 3.32169342041016 3.35344576835632 3.39621782302856 3.43898987770081 3.48176193237305 3.52453398704529 3.56730604171753 3.61007785797119 3.65284991264343 3.66525673866272 3.66754150390625 3.66982650756836 3.67211127281189 3.674396276474 3.67668104171753 3.67896580696106 3.6831750869751 3.69315671920776 3.70313835144043 3.7131199836731 3.72310161590576 3.73308324813843 3.74306511878967 3.75304675102234 3.76412606239319 3.77557158470154 3.78701686859131 3.79846215248108 3.80990767478943 3.8213529586792 3.83279848098755 3.84551930427551 3.86206698417664 3.87861490249634 3.89516258239746 3.91171026229858
3.43743777275085 3.35611748695374 3.27479696273804 3.19347667694092 3.19117665290833 3.21521663665771 3.2392566204071 3.26329660415649 3.28733658790588 3.31137657165527 3.33541655540466 3.36366748809814 3.40455102920532 3.44543480873108 3.48631834983826 3.52720189094543 3.56808543205261 3.60896897315979 3.64985275268555 3.66304636001587 3.66701006889343 3.670973777771 3.67493748664856 3.67890119552612 3.68286490440369 3.68682861328125 3.69214868545532 3.70153784751892 3.71092700958252 3.72031617164612 3.72970533370972 3.73909449577332 3.74848365783691 3.75787281990051 3.76798343658447 3.77833461761475 3.78868579864502 3.79903674125671 3.80938792228699 3.81973910331726 3.83009028434753 3.84124398231506 3.85480499267578 3.8683660030365 3.88192701339722 3.89548802375793
3.46631836891174 3.38872337341309 3.31112861633301 3.23353385925293 3.22913551330566 3.24913620948792 3.26913714408875 3.289137840271 3.30913853645325 3.3291392326355 3.34913992881775 3.37388920783997 3.41288447380066 3.45187950134277 3.49087476730347 3.52986979484558 3.56886506080627 3.60786008834839 3.64685535430908 3.66083598136902 3.66647863388062 3.67212128639221 3.67776370048523 3.68340635299683 3.68904900550842 3.69469141960144 3.70112252235413 3.70991921424866 3.71871590614319 3.72751235961914 3.73630905151367 3.74510550498962 3.75390219688416 3.76269888877869 3.77184057235718 3.78109765052795 3.79035449028015 3.79961133003235 3.80886840820312 3.81812524795532 3.82738208770752 3.83696842193604 3.84754276275635 3.85811710357666 3.86869144439697 3.87926578521729
3.49519896507263 3.42132949829102 3.34746026992798 3.27359080314636 3.26709461212158 3.28305602073669 3.29901742935181 3.31497883796692 3.33094024658203 3.34690189361572 3.36286330223083 3.38411092758179 3.42121767997742 3.45832443237305 3.49543118476868 3.53253793716431 3.56964468955994 3.60675120353699 3.64385795593262 3.65862584114075 3.6659471988678 3.67326855659485 3.68059015274048 3.68791151046753 3.69523286819458 3.70255422592163 3.71009635925293 3.71830058097839 3.72650456428528 3.73470854759216 3.74291276931763 3.75111675262451 3.7593207359314 3.76752495765686 3.77569794654846 3.78386068344116 3.79202318191528 3.80018591880798 3.80834865570068 3.81651139259338 3.82467412948608 3.83269286155701 3.84028053283691 3.84786820411682 3.85545587539673 3.86304354667664
3.52407956123352 3.45393562316895 3.38379192352295 3.31364798545837 3.3050537109375 3.31697583198547 3.32889795303345 3.34082007408142 3.35274219512939 3.36466431617737 3.37658643722534 3.39433264732361 3.42955088615417 3.46476936340332 3.49998760223389 3.53520584106445 3.57042407989502 3.60564231872559 3.64086079597473 3.6564154624939 3.66541576385498 3.67441606521606 3.68341636657715 3.69241666793823 3.70141673088074 3.71041703224182 3.71907019615173 3.72668170928955 3.73429322242737 3.74190473556519 3.749516248703 3.7571280002594 3.76473951339722 3.77235102653503 3.77955508232117 3.78662371635437 3.79369211196899 3.80076050758362 3.80782890319824 3.81489753723145 3.82196593284607 3.82841753959656 3.83301854133606 3.83761954307556 3.84222054481506 3.84682130813599
3.55296015739441 3.48654174804688 3.42012333869934 3.35370516777039 3.34301257133484 3.35089540481567 3.35877847671509 3.36666131019592 3.37454414367676 3.38242697715759 3.39030981063843 3.40455436706543 3.43788433074951 3.47121405601501 3.5045440196991 3.5378737449646 3.57120370864868 3.60453343391418 3.63786339759827 3.65420532226562 3.66488432884216 3.6755633354187 3.68624258041382 3.69692158699036 3.70760083198547 3.71827983856201 3.72804403305054 3.73506307601929 3.74208211898804 3.74910092353821 3.75611996650696 3.76313900947571 3.77015805244446 3.77717709541321 3.78341245651245 3.78938674926758 3.79536080360413 3.80133509635925 3.80730938911438 3.81328344345093 3.81925773620605 3.82414197921753 3.82575631141663 3.82737064361572 3.82898497581482 3.83059930801392
3.56347918510437 3.49780607223511 3.43213295936584 3.36645984649658 3.35372543334961 3.35863709449768 3.36354875564575 3.3684606552124 3.37337231636047 3.37828397750854 3.38319563865662 3.39499402046204 3.4274525642395 3.45991086959839 3.49236941337585 3.52482795715332 3.55728626251221 3.58974480628967 3.62220311164856 3.63861346244812 3.64967465400696 3.66073560714722 3.67179656028748 3.68285775184631 3.69391870498657 3.70497989654541 3.71498370170593 3.7218165397644 3.72864937782288 3.73548221588135 3.74231505393982 3.74914765357971 3.75598049163818 3.76281332969666 3.76886415481567 3.77465438842773 3.7804446220398 3.78623485565186 3.79202485084534 3.7978150844574 3.80360531806946 3.80831861495972 3.80980110168457 3.811283826828 3.81276631355286 3.81424903869629
3.5556366443634 3.48772859573364 3.41982054710388 3.35191249847412 3.33719205856323 3.34020066261292 3.3432092666626 3.34621810913086 3.34922671318054 3.3522355556488 3.35524415969849 3.36565160751343 3.39825582504272 3.43085980415344 3.46346378326416 3.49606776237488 3.52867197990417 3.56127595901489 3.59387993812561 3.60964059829712 3.61978650093079 3.62993264198303 3.6400785446167 3.65022468566895 3.66037082672119 3.67051672935486 3.6798894405365 3.68694233894348 3.69399523735046 3.70104837417603 3.70810127258301 3.71515417098999 3.72220706939697 3.72925996780396 3.73591041564941 3.74242687225342 3.74894309043884 3.75545954704285 3.76197576522827 3.76849222183228 3.7750084400177 3.78094720840454 3.78515315055847 3.78935885429382 3.79356479644775 3.79777073860168
3.54779386520386 3.4776508808136 3.40750789642334 3.33736491203308 3.32065844535828 3.32176423072815 3.32286977767944 3.32397556304932 3.32508111000061 3.32618689537048 3.32729268074036 3.33630919456482 3.36905884742737 3.40180850028992 3.43455815315247 3.46730780601501 3.50005745887756 3.53280711174011 3.56555676460266 3.58066749572754 3.58989858627319 3.59912967681885 3.60836052894592 3.61759161949158 3.62682271003723 3.63605380058289 3.64479517936707 3.65206837654114 3.65934133529663 3.66661429405212 3.6738874912262 3.68116044998169 3.68843340873718 3.69570660591125 3.70295667648315 3.71019911766052 3.71744179725647 3.72468423843384 3.73192667961121 3.73916912078857 3.74641180038452 3.75357580184937 3.76050496101379 3.76743412017822 3.77436327934265 3.7812922000885
3.53995132446289 3.46757340431213 3.39519548416138 3.32281756401062 3.3041250705719 3.30332779884338 3.30253028869629 3.30173301696777 3.30093574523926 3.30013847351074 3.29934096336365 3.30696678161621 3.33986210823059 3.37275743484497 3.40565252304077 3.43854784965515 3.47144317626953 3.50433826446533 3.53723359107971 3.55169439315796 3.56001043319702 3.56832647323608 3.57664251327515 3.58495855331421 3.59327459335327 3.60159063339233 3.60970091819763 3.61719417572021 3.6246874332428 3.6321804523468 3.63967370986938 3.64716672897339 3.65465998649597 3.66215324401855 3.67000293731689 3.67797160148621 3.68594026565552 3.69390892982483 3.70187759399414 3.70984625816345 3.71781492233276 3.72620463371277 3.7358570098877 3.74550914764404 3.75516152381897 3.7648138999939
3.53210854530334 3.45749568939209 3.38288283348083 3.30826997756958 3.28759145736694 3.28489112854004 3.28219079971313 3.27949047088623 3.27679014205933 3.27408981323242 3.27138948440552 3.2776243686676 3.31066536903381 3.34370613098145 3.37674713134766 3.40978789329529 3.44282865524292 3.47586965560913 3.50891041755676 3.52272152900696 3.53012251853943 3.5375235080719 3.54492449760437 3.55232548713684 3.55972647666931 3.56712770462036 3.5746066570282 3.58231997489929 3.59003329277039 3.59774661064148 3.60545992851257 3.61317324638367 3.62088656425476 3.62859988212585 3.63704919815063 3.64574408531189 3.65443897247314 3.66313362121582 3.67182850837708 3.68052339553833 3.68921804428101 3.69883322715759 3.71120882034302 3.72358441352844 3.73596000671387 3.74833559989929
3.52426600456238 3.44741821289062 3.37057042121887 3.29372262954712 3.27105808258057 3.26645469665527 3.26185131072998 3.25724792480469 3.25264477729797 3.24804139137268 3.24343800544739 3.24828195571899 3.28146839141846 3.3146550655365 3.34784150123596 3.38102793693542 3.41421437263489 3.44740080833435 3.48058724403381 3.49374842643738 3.50023436546326 3.50672054290771 3.51320648193359 3.51969242095947 3.52617859840393 3.53266453742981 3.53951239585876 3.54744577407837 3.55537939071655 3.56331276893616 3.57124614715576 3.57917952537537 3.58711290359497 3.59504628181458 3.60409545898438 3.61351633071899 3.62293744087219 3.63235831260681 3.64177942276001 3.65120029449463 3.66062140464783 3.67146182060242 3.68656063079834 3.70165967941284 3.71675848960876 3.73185729980469
