data/working_set_collections/6091692-Cassins_Sparrow-M2/1990/evpintr_avg.asc
NCOLS 265 
NROWS 230 
XLLCORNER -115.5625 
YLLCORNER 24.8333333333333 
CELLSIZE 0.0833333333333333 
NODATA_value -9999 
[rows 0 to 19 of 230, columns 138 to 183 of 265]
4.90190315246582 5.12922191619873 5.35654020309448 5.58385896682739 5.55569076538086 5.44235992431641 5.32902956008911 5.21569871902466 5.1023678779602 4.98903751373291 4.87570667266846 4.72800302505493 4.47717905044556 4.22635507583618 3.97553110122681 3.72470712661743 3.47388339042664 3.22305941581726 2.97223544120789 2.91594099998474 2.92448997497559 2.93303871154785 2.9415876865387 2.95013642311096 2.95868539810181 2.96723413467407 2.97994375228882 3.00513553619385 3.03032732009888 3.05551910400391 3.08071112632751 3.10590291023254 3.13109469413757 3.1562864780426 3.18579459190369 3.21674156188965 3.24768853187561 3.27863550186157 3.30958223342896 3.34052920341492 3.37147617340088 3.40535950660706 3.44805145263672 3.49074363708496 3.53343558311462 3.57612776756287
4.6954517364502 4.91735982894897 5.13926839828491 5.36117649078369 5.34186172485352 5.24213886260986 5.14241647720337 5.04269361495972 4.94297122955322 4.84324836730957 4.74352550506592 4.60915327072144 4.37083101272583 4.13250923156738 3.89418721199036 3.65586519241333 3.41754341125488 3.17922139167786 2.94089937210083 2.89137578010559 2.90478515625 2.91819453239441 2.93160390853882 2.94501328468323 2.95842266082764 2.97183179855347 2.9885585308075 3.0152370929718 3.04191565513611 3.06859421730042 3.09527254104614 3.12195110321045 3.14862966537476 3.17530822753906 3.20780944824219 3.24225187301636 3.27669405937195 3.31113648414612 3.34557867050171 3.3800208568573 3.41446328163147 3.45080542564392 3.49284791946411 3.5348904132843 3.57693266868591 3.6189751625061
4.48900032043457 4.70549821853638 4.92199611663818 5.13849401473999 5.12803268432617 5.04191780090332 4.95580339431763 4.86968851089478 4.78357410430908 4.69745922088623 4.61134433746338 4.49030351638794 4.26448345184326 4.03866338729858 3.81284332275391 3.58702349662781 3.36120343208313 3.13538336753845 2.90956330299377 2.86681056022644 2.88508033752441 2.90335035324097 2.92162013053894 2.93988990783691 2.95815968513489 2.97642946243286 2.99717330932617 3.02533841133118 3.05350375175476 3.08166909217834 3.10983419418335 3.13799953460693 3.16616487503052 3.19432997703552 3.22982454299927 3.26776218414307 3.30569982528687 3.34363722801208 3.38157486915588 3.41951251029968 3.45745015144348 3.49625158309937 3.5376443862915 3.57903718948364 3.62042999267578 3.66182279586792
4.28254890441895 4.49363660812378 4.70472431182861 4.91581201553345 4.91420364379883 4.84169721603394 4.76919031143188 4.69668340682983 4.62417697906494 4.55167007446289 4.47916316986084 4.37145376205444 4.15813589096069 3.94481754302979 3.73149967193604 3.51818156242371 3.30486345291138 3.09154534339905 2.87822723388672 2.84224534034729 2.86537575721741 2.88850593566895 2.91163635253906 2.9347665309906 2.95789694786072 2.98102712631226 3.00578784942627 3.03543996810913 3.06509184837341 3.09474396705627 3.12439584732056 3.15404796600342 3.1836998462677 3.21335196495056 3.25183963775635 3.29327249526978 3.3347053527832 3.37613821029663 3.41757130622864 3.45900416374207 3.50043702125549 3.54169750213623 3.58244061470032 3.62318396568298 3.66392707824707 3.70467019081116
4.07609748840332 4.28177452087402 4.48745203018188 4.69312953948975 4.70037460327148 4.64147615432739 4.58257722854614 4.52367830276489 4.4647798538208 4.40588092803955 4.3469820022583 4.25260400772095 4.05178785324097 3.85097193717957 3.65015578269958 3.4493396282196 3.24852347373962 3.04770731925964 2.84689116477966 2.81768012046814 2.84567093849182 2.8736617565155 2.90165257453918 2.92964315414429 2.95763397216797 2.98562479019165 3.01440262794495 3.04554128646851 3.07667994499207 3.1078188419342 3.13895750045776 3.17009615898132 3.20123505592346 3.23237371444702 3.27385449409485 3.31878280639648 3.36371111869812 3.40863919258118 3.45356750488281 3.49849581718445 3.54342412948608 3.58714365959167 3.62723708152771 3.66733074188232 3.70742416381836 3.74751758575439
3.86964583396912 4.06991291046143 4.27018022537231 4.47044706344604 4.48654556274414 4.44125509262085 4.3959641456604 4.35067319869995 4.30538272857666 4.26009178161621 4.21480083465576 4.13375425338745 3.9454402923584 3.75712609291077 3.56881189346313 3.3804976940155 3.19218349456787 3.00386929512024 2.81555509567261 2.79311490058899 2.82596611976624 2.85881733894348 2.89166879653931 2.92452001571655 2.9573712348938 2.99022245407104 3.02301716804504 3.05564284324646 3.0882682800293 3.12089371681213 3.15351915359497 3.18614459037781 3.21877002716064 3.25139570236206 3.29586958885193 3.34429311752319 3.39271664619446 3.44114017486572 3.48956394195557 3.53798747062683 3.5864109992981 3.63258957862854 3.6720335483551 3.71147751808167 3.75092124938965 3.79036521911621
3.73209309577942 3.92368221282959 4.11527109146118 4.30685997009277 4.32867860794067 4.29390716552734 4.25913572311401 4.22436428070068 4.18959283828735 4.15482139587402 4.12004995346069 4.05051517486572 3.87669062614441 3.70286583900452 3.5290412902832 3.35521674156189 3.18139219284058 3.00756764411926 2.83374309539795 2.81551074981689 2.84914231300354 2.88277411460876 2.91640591621399 2.95003747940063 2.98366928100586 3.0173008441925 3.05059361457825 3.08286952972412 3.11514568328857 3.14742159843445 3.17969751358032 3.2119734287262 3.24424934387207 3.27652525901794 3.32209157943726 3.37208771705627 3.42208409309387 3.47208023071289 3.52207636833191 3.57207274436951 3.62206888198853 3.66937971115112 3.7086341381073 3.74788880348206 3.78714323043823 3.82639789581299
3.66343903541565 3.84308218955994 4.02272510528564 4.20236825942993 4.22677373886108 4.19943284988403 4.17209196090698 4.14475107192993 4.11741018295288 4.09006929397583 4.06272840499878 4.0028862953186 3.845538854599 3.68819165229797 3.53084444999695 3.37349700927734 3.21614980697632 3.05880260467529 2.90145540237427 2.88486766815186 2.91519975662231 2.94553184509277 2.97586393356323 3.00619602203369 3.03652811050415 3.06686019897461 3.09713172912598 3.12722206115723 3.1573121547699 3.18740224838257 3.21749258041382 3.24758267402649 3.27767276763916 3.30776309967041 3.35252022743225 3.40216660499573 3.45181274414062 3.5014591217041 3.551105260849 3.60075163841248 3.65039777755737 3.69751381874084 3.73703932762146 3.77656483650208 3.81609034538269 3.85561561584473
3.59478497505188 3.76248216629028 3.93017959594727 4.09787654876709 4.12486839294434 4.10495805740356 4.08504819869995 4.06513786315918 4.04522752761841 4.0253176689148 4.00540733337402 3.9552571773529 3.81438708305359 3.67351722717285 3.53264737129211 3.39177751541138 3.25090742111206 3.11003756523132 2.96916770935059 2.95422458648682 2.98125696182251 3.00828957557678 3.03532195091248 3.06235456466675 3.08938694000244 3.11641955375671 3.14366984367371 3.17157435417175 3.19947862625122 3.22738313674927 3.25528740882874 3.28319191932678 3.31109619140625 3.3390007019043 3.38294911384583 3.4322452545166 3.48154163360596 3.53083801269531 3.58013415336609 3.62943053245544 3.6787269115448 3.72564816474915 3.76544451713562 3.8052408695221 3.84503722190857 3.88483357429504
3.52613091468811 3.68188238143921 3.83763360977173 3.99338507652283 4.02296304702759 4.01048374176025 3.99800419807434 3.98552465438843 3.97304511070251 3.9605655670166 3.94808602333069 3.90762805938721 3.78323554992676 3.65884280204773 3.53445029258728 3.41005778312683 3.2856650352478 3.16127252578735 3.03687977790833 3.0235812664032 3.0473141670227 3.07104706764221 3.09477996826172 3.11851286888123 3.14224576950073 3.16597867012024 3.19020795822144 3.21592664718628 3.24164533615112 3.26736378669739 3.29308247566223 3.31880116462708 3.34451985359192 3.37023830413818 3.41337776184082 3.46232414245605 3.51127052307129 3.56021666526794 3.60916304588318 3.65810942649841 3.70705580711365 3.75378227233887 3.7938494682312 3.83391690254211 3.87398409843445 3.91405129432678
3.45747685432434 3.60128235816956 3.74508786201477 3.88889336585999 3.921058177948 3.91600918769836 3.91096019744873 3.90591144561768 3.90086245536804 3.89581346511841 3.89076471328735 3.85999917984009 3.75208377838135 3.64416861534119 3.53625321388245 3.42833805084229 3.32042264938354 3.21250748634338 3.10459208488464 3.09293818473816 3.11337161064148 3.13380479812622 3.15423822402954 3.17467141151428 3.19510459899902 3.21553802490234 3.23674607276917 3.26027894020081 3.28381180763245 3.30734467506409 3.33087754249573 3.35441040992737 3.37794327735901 3.40147614479065 3.44380640983582 3.49240279197693 3.54099917411804 3.58959555625916 3.63819193840027 3.68678832054138 3.7353847026825 3.78191661834717 3.82225465774536 3.86259269714355 3.90293097496033 3.94326901435852
3.38882279396057 3.5206823348999 3.65254211425781 3.78440165519714 3.81915283203125 3.82153463363647 3.8239164352417 3.82629823684692 3.82867980003357 3.83106160163879 3.83344340324402 3.81237006187439 3.72093224525452 3.62949419021606 3.53805613517761 3.44661831855774 3.35518026351929 3.26374244689941 3.17230439186096 3.16229510307312 3.17942881584167 3.19656252861023 3.21369624137878 3.23082995414734 3.24796366691589 3.26509737968445 3.28328442573547 3.30463147163391 3.32597851753235 3.34732556343079 3.36867260932922 3.39001965522766 3.4113667011261 3.43271374702454 3.47423529624939 3.52248167991638 3.57072806358337 3.61897444725037 3.66722083091736 3.71546721458435 3.76371359825134 3.81005072593689 3.85065984725952 3.89126873016357 3.93187785148621 3.97248697280884
3.33432722091675 3.45304489135742 3.5717625617981 3.69048023223877 3.72628331184387 3.73444867134094 3.74261379241943 3.75077891349792 3.75894403457642 3.76710915565491 3.7752742767334 3.76269292831421 3.6878719329834 3.61305069923401 3.5382297039032 3.46340870857239 3.38858771324158 3.31376671791077 3.23894548416138 3.22995281219482 3.2429027557373 3.25585269927979 3.26880240440369 3.28175234794617 3.29470229148865 3.30765223503113 3.32213473320007 3.34121465682983 3.36029481887817 3.37937498092651 3.39845490455627 3.41753506660461 3.43661499023438 3.45569515228271 3.49593114852905 3.54321932792664 3.59050750732422 3.63779544830322 3.68508362770081 3.73237180709839 3.77965974807739 3.8252534866333 3.86576366424561 3.90627408027649 3.94678425788879 3.98729467391968
3.29399013519287 3.39836955070496 3.50274920463562 3.60712885856628 3.64244961738586 3.65475082397461 3.66705226898193 3.67935347557068 3.691654920578 3.70395612716675 3.71625733375549 3.71096730232239 3.65290284156799 3.5948383808136 3.53677368164062 3.47870922088623 3.42064476013184 3.36258029937744 3.30451583862305 3.29591107368469 3.30379319190979 3.31167507171631 3.31955695152283 3.32743906974792 3.33532094955444 3.34320282936096 3.35329747200012 3.37002921104431 3.3867609500885 3.40349292755127 3.42022466659546 3.43695664405823 3.45368838310242 3.47042036056519 3.50889444351196 3.55461573600769 3.600337266922 3.6460587978363 3.69178009033203 3.73750162124634 3.78322315216064 3.82752466201782 3.86756658554077 3.90760850906372 3.94765043258667 3.98769235610962
3.25365281105042 3.34369444847107 3.43373584747314 3.52377724647522 3.55861592292786 3.57505321502686 3.59149074554443 3.60792827606201 3.62436556816101 3.64080309867859 3.65724062919617 3.65924167633057 3.61793375015259 3.57662582397461 3.53531789779663 3.49400997161865 3.4527018070221 3.41139388084412 3.37008595466614 3.36186957359314 3.36468362808228 3.36749744415283 3.37031149864197 3.3731255531311 3.37593960762024 3.37875366210938 3.38445997238159 3.39884376525879 3.41322731971741 3.42761087417603 3.44199466705322 3.45637822151184 3.47076177597046 3.48514533042908 3.52185750007629 3.56601238250732 3.61016702651978 3.65432190895081 3.69847679138184 3.74263167381287 3.7867865562439 3.82979607582092 3.86936950683594 3.90894293785095 3.94851660728455 3.98809003829956
3.21331572532654 3.2890191078186 3.36472249031067 3.44042587280273 3.47478199005127 3.4953556060791 3.51592922210693 3.53650283813477 3.5570764541626 3.57765007019043 3.59822368621826 3.60751605033875 3.58296465873718 3.55841326713562 3.53386187553406 3.5093104839325 3.48475909233093 3.46020770072937 3.43565607070923 3.42782783508301 3.42557406425476 3.42332005500793 3.42106604576111 3.41881227493286 3.41655826568604 3.41430425643921 3.41562271118164 3.42765808105469 3.43969345092773 3.45172905921936 3.46376442909241 3.47579979896545 3.4878351688385 3.49987053871155 3.53482055664062 3.57740879058838 3.61999702453613 3.66258525848389 3.70517349243164 3.74776148796082 3.79034972190857 3.83206725120544 3.8711724281311 3.91027760505676 3.94938278198242 3.9884877204895
3.17297863960266 3.23434400558472 3.29570937156677 3.35707449913025 3.39094829559326 3.41565799713135 3.44036769866943 3.4650776386261 3.48978734016418 3.51449704170227 3.53920698165894 3.55579042434692 3.54799556732178 3.54020071029663 3.53240585327148 3.52461099624634 3.51681613922119 3.50902128219604 3.5012264251709 3.49378633499146 3.48646426200867 3.47914242744446 3.47182059288025 3.46449875831604 3.45717692375183 3.44985508918762 3.44678544998169 3.45647263526917 3.46615982055664 3.47584700584412 3.48553419113159 3.49522137641907 3.50490856170654 3.51459574699402 3.54778361320496 3.58880519866943 3.62982678413391 3.67084836959839 3.71186995506287 3.75289154052734 3.79391312599182 3.83433842658997 3.87297534942627 3.91161203384399 3.95024871826172 3.98888564109802
3.13264155387878 3.17966866493225 3.2266960144043 3.27372312545776 3.30711436271667 3.33596038818359 3.36480641365051 3.39365220069885 3.42249822616577 3.45134425163269 3.48019003868103 3.50406503677368 3.51302671432495 3.52198815345764 3.53094983100891 3.53991150856018 3.54887318611145 3.55783486366272 3.56679654121399 3.55974459648132 3.54735469818115 3.53496503829956 3.52257513999939 3.51018524169922 3.49779558181763 3.48540568351746 3.47794795036316 3.48528695106506 3.49262595176697 3.49996495246887 3.50730395317078 3.51464295387268 3.52198195457458 3.52932095527649 3.56074690818787 3.60020184516907 3.63965678215027 3.67911171913147 3.71856665611267 3.75802159309387 3.79747653007507 3.83660984039307 3.87477803230286 3.91294646263123 3.9511148929596 3.98928332328796
3.13192510604858 3.1696286201477 3.2073323726654 3.24503612518311 3.2770459651947 3.30715823173523 3.33727025985718 3.36738228797913 3.39749431610107 3.4276065826416 3.45771861076355 3.48441052436829 3.50084185600281 3.51727294921875 3.53370428085327 3.55013561248779 3.56656694412231 3.58299803733826 3.59942936897278 3.59255456924438 3.57791090011597 3.56326746940613 3.54862380027771 3.53398036956787 3.51933670043945 3.50469326972961 3.49528098106384 3.50156259536743 3.50784420967102 3.51412558555603 3.52040719985962 3.52668881416321 3.5329704284668 3.53925204277039 3.56889796257019 3.60633206367493 3.64376592636108 3.68120002746582 3.71863389015198 3.75606799125671 3.79350209236145 3.83095908164978 3.86848568916321 3.90601229667664 3.94353890419006 3.98106551170349
3.17082929611206 3.20422387123108 3.23761868476868 3.2710132598877 3.30074310302734 3.32925128936768 3.35775947570801 3.38626766204834 3.41477608680725 3.44328427314758 3.47179245948792 3.49682712554932 3.51144099235535 3.52605509757996 3.54066896438599 3.55528283119202 3.56989693641663 3.58451080322266 3.59912467002869 3.59221601486206 3.57813286781311 3.56404972076416 3.54996681213379 3.53588366508484 3.52180051803589 3.50771760940552 3.49878406524658 3.50529909133911 3.51181411743164 3.51832914352417 3.5248441696167 3.53135919570923 3.53787422180176 3.54438924789429 3.57223701477051 3.60719585418701 3.64215469360352 3.67711329460144 3.71207213401794 3.74703097343445 3.78198981285095 3.81738662719727 3.85409808158875 3.89080953598022 3.92752075195312 3.9642322063446
