data/working_set_collections/6091692-Cassins_Sparrow-M2/1990/evpintr_avg.asc
NCOLS 265 
NROWS 230 
XLLCORNER -115.5625 
YLLCORNER 24.8333333333333 
CELLSIZE 0.0833333333333333 
NODATA_value -9999 
[rows 140 to 159 of 230, columns 184 to 229 of 265]
3.4314455986023 3.50522136688232 3.57899689674377 3.65112352371216 3.72270059585571 3.79427766799927 3.86585474014282 3.9374315738678 4.00900888442993 4.08058547973633 4.15526819229126 4.23926782608032 4.32326698303223 4.40726613998413 4.49126577377319 4.5752649307251 4.65926456451416 4.74326372146606 4.78606176376343 4.81512594223022 4.84419012069702 4.87325429916382 4.90231847763062 4.93138265609741 4.96044683456421 4.99400901794434 5.04106378555298 5.08811855316162 5.13517332077026 5.18222808837891 5.22928285598755 5.27633762359619 5.32339239120483 5.38559246063232 5.45284128189087 5.52008962631226 5.58733797073364 5.65458631515503 5.72183465957642 5.78908348083496 5.85990953445435 5.94146966934204 6.02302980422974 6.10458993911743 6.18615055084229 6.26771068572998
3.4363431930542 3.51109433174133 3.58584523200989 3.65803694725037 3.72937560081482 3.80071425437927 3.87205266952515 3.9433913230896 4.01472997665405 4.08606863021851 4.15979719161987 4.24069547653198 4.32159423828125 4.40249300003052 4.48339128494263 4.56429004669189 4.645188331604 4.72608709335327 4.76973295211792 4.8009614944458 4.83219003677368 4.86341857910156 4.89464712142944 4.92587566375732 4.9571042060852 4.9932107925415 5.0439510345459 5.09469127655029 5.14543151855469 5.19617223739624 5.24691247940063 5.29765272140503 5.34839296340942 5.41292095184326 5.48204517364502 5.55116939544678 5.62029361724854 5.68941736221313 5.75854158401489 5.82766580581665 5.9011549949646 5.98774003982544 6.07432460784912 6.1609091758728 6.24749422073364 6.33407878875732
3.4412407875061 3.51696729660034 3.59269380569458 3.66495037078857 3.73605060577393 3.80715084075928 3.87825083732605 3.9493510723114 4.02045106887817 4.09155130386353 4.16432571411133 4.2421236038208 4.31992149353027 4.39771938323975 4.47551679611206 4.55331468582153 4.63111257553101 4.70891046524048 4.75340461730957 4.78679752349854 4.8201904296875 4.85358333587646 4.88697624206543 4.92036914825439 4.95376205444336 4.99241304397583 5.04683876037598 5.10126447677612 5.15569019317627 5.21011590957642 5.26454162597656 5.31896734237671 5.37339305877686 5.4402494430542 5.51124906539917 5.5822491645813 5.65324878692627 5.7242488861084 5.79524850845337 5.86624813079834 5.94240045547485 6.03400993347168 6.12561893463135 6.21722841262817 6.308837890625 6.40044689178467
3.44613838195801 3.52284026145935 3.59954214096069 3.67186379432678 3.74272561073303 3.8135871887207 3.88444900512695 3.9553108215332 4.02617263793945 4.09703397750854 4.16885471343994 4.24355173110962 4.3182487487793 4.39294576644897 4.46764278411865 4.54233932495117 4.61703634262085 4.69173336029053 4.73707580566406 4.77263307571411 4.80819034576416 4.84374761581421 4.87930488586426 4.91486215591431 4.95041942596436 4.99161529541016 5.04972648620605 5.10783767700195 5.16594886779785 5.22405958175659 5.28217077255249 5.34028196334839 5.39839315414429 5.46757793426514 5.54045343399048 5.61332893371582 5.68620443344116 5.7590799331665 5.83195543289185 5.90483093261719 5.98364591598511 6.08027982711792 6.17691373825073 6.27354764938354 6.37018156051636 6.46681547164917
3.45222783088684 3.52930569648743 3.60638356208801 3.67847943305969 3.74891448020935 3.81934952735901 3.88978457450867 3.9602198600769 4.03065490722656 4.10108995437622 4.17205715179443 4.24462032318115 4.31718397140503 4.38974714279175 4.46231031417847 4.53487396240234 4.60743713378906 4.68000030517578 4.72585582733154 4.76280832290649 4.79976081848145 4.83671379089355 4.87366628646851 4.91061878204346 4.94757127761841 4.99060249328613 5.05186891555786 5.11313533782959 5.17440176010132 5.23566818237305 5.29693412780762 5.35820055007935 5.41946697235107 5.49061679840088 5.56506061553955 5.63950490951538 5.71394872665405 5.78839254379272 5.86283683776855 5.93728065490723 6.01868343353271 6.12096166610718 6.22323989868164 6.3255181312561 6.42779636383057 6.53007459640503
3.4595091342926 3.53636384010315 3.6132185459137 3.6847972869873 3.75461745262146 3.82443761825562 3.89425778388977 3.96407794952393 4.03389835357666 4.10371828079224 4.1739330291748 4.24532985687256 4.31672668457031 4.38812351226807 4.45952033996582 4.53091764450073 4.60231447219849 4.67371129989624 4.71974468231201 4.75732374191284 4.79490232467651 4.83248138427734 4.87005996704102 4.90763902664185 4.94521760940552 4.98937463760376 5.0532660484314 5.11715745925903 5.18104887008667 5.24494028091431 5.30883169174194 5.37272310256958 5.43661451339722 5.50936651229858 5.5850715637207 5.66077661514282 5.7364821434021 5.81218719482422 5.88789224624634 5.96359777450562 6.04751205444336 6.15605449676514 6.26459741592407 6.37313985824585 6.48168230056763 6.5902247428894
3.46679043769836 3.54342174530029 3.6200532913208 3.69111514091492 3.76032042503357 3.82952570915222 3.89873099327087 3.96793627738953 4.03714179992676 4.10634708404541 4.17580842971802 4.24603891372681 4.31626987457275 4.38650035858154 4.45673084259033 4.52696132659912 4.59719181060791 4.6674222946167 4.71363353729248 4.75183868408203 4.79004383087158 4.82824897766113 4.86645412445068 4.90465927124023 4.94286441802979 4.98814725875854 5.05466365814209 5.12118005752563 5.18769645690918 5.25421285629272 5.32072925567627 5.38724565505981 5.45376205444336 5.52811622619629 5.60508251190186 5.68204879760742 5.75901556015015 5.83598184585571 5.91294813156128 5.989914894104 6.07634115219116 6.19114780426025 6.3059549331665 6.4207615852356 6.53556823730469 6.65037536621094
3.47407150268555 3.55047988891602 3.6268880367279 3.69743275642395 3.76602339744568 3.83461380004883 3.90320420265198 3.97179460525513 4.04038524627686 4.10897541046143 4.17768430709839 4.24674844741821 4.31581258773804 4.38487672805786 4.45394086837769 4.52300500869751 4.59206914901733 4.66113328933716 4.70752239227295 4.74635410308838 4.78518533706665 4.82401657104492 4.86284780502319 4.90167903900146 4.94051074981689 4.98691940307617 5.05606079101562 5.12520217895508 5.19434404373169 5.26348543167114 5.3326268196106 5.40176820755005 5.4709095954895 5.54686594009399 5.62509346008301 5.70332098007202 5.78154850006104 5.85977649688721 5.93800401687622 6.01623153686523 6.10517024993896 6.22624111175537 6.34731245040894 6.46838331222534 6.58945465087891 6.71052551269531
3.48135280609131 3.55753779411316 3.63372278213501 3.70375061035156 3.77172613143921 3.83970189094543 3.90767741203308 3.97565293312073 4.04362869262695 4.1116042137146 4.17956018447876 4.24745798110962 4.31535530090332 4.38325309753418 4.45115089416504 4.5190486907959 4.58694648742676 4.65484380722046 4.70141172409058 4.74086904525757 4.78032684326172 4.81978416442871 4.85924196243286 4.89869928359985 4.938157081604 4.98569202423096 5.05745840072632 5.12922477722168 5.20099115371704 5.2727575302124 5.34452438354492 5.41629076004028 5.48805713653564 5.56561517715454 5.64510440826416 5.72459316253662 5.80408191680908 5.8835711479187 5.96305990219116 6.04254865646362 6.13399934768677 6.26133441925049 6.38866996765137 6.51600503921509 6.64334058761597 6.77067565917969
3.48863410949707 3.5645956993103 3.64055752754211 3.71006846427917 3.77742910385132 3.84478974342346 3.91215062141418 3.97951126098633 4.04687213897705 4.11423254013062 4.18143606185913 4.24816703796387 4.31489849090576 4.38162994384766 4.44836091995239 4.51509237289429 4.58182334899902 4.64855480194092 4.69530057907104 4.73538446426392 4.77546834945679 4.8155517578125 4.85563564300537 4.89571952819824 4.93580341339111 4.98446416854858 5.05885553359985 5.13324737548828 5.20763874053955 5.28203010559082 5.35642147064209 5.43081331253052 5.50520467758179 5.58436489105225 5.66511535644531 5.74586534500122 5.82661533355713 5.90736532211304 5.9881157875061 6.06886577606201 6.16282796859741 6.2964277267456 6.4300274848938 6.56362676620483 6.69722652435303 6.83082628250122
3.50427937507629 3.58133888244629 3.65839838981628 3.72856545448303 3.79643511772156 3.8643045425415 3.93217420578003 4.00004386901855 4.06791353225708 4.13578319549561 4.20311832427979 4.2688512802124 4.33458423614502 4.40031671524048 4.4660496711731 4.53178215026855 4.59751510620117 4.66324758529663 4.7096643447876 4.74964284896851 4.78962087631226 4.82959890365601 4.86957693099976 4.90955495834351 4.94953346252441 4.99877023696899 5.07578468322754 5.15279865264893 5.22981309890747 5.30682706832886 5.3838415145874 5.46085548400879 5.53786993026733 5.61748933792114 5.6979775428772 5.77846574783325 5.85895395278931 5.93944215774536 6.01992988586426 6.10041809082031 6.19528532028198 6.3332896232605 6.47129392623901 6.60929822921753 6.74730253219604 6.88530683517456
3.52828860282898 3.60776686668396 3.68724513053894 3.75924158096313 3.82874393463135 3.89824628829956 3.96774864196777 4.03725099563599 4.1067533493042 4.17625570297241 4.24460792541504 4.30951023101807 4.37441205978394 4.43931436538696 4.50421619415283 4.56911849975586 4.63402080535889 4.69892263412476 4.74450349807739 4.78364419937134 4.82278442382812 4.86192512512207 4.90106534957886 4.9402060508728 4.97934627532959 5.02861022949219 5.10824489593506 5.18787956237793 5.2675142288208 5.34714889526367 5.42678356170654 5.50641822814941 5.58605289459229 5.66498899459839 5.74369192123413 5.82239484786987 5.90109729766846 5.9798002243042 6.05850315093994 6.13720607757568 6.23137092590332 6.37192010879517 6.51246976852417 6.65301942825317 6.79356861114502 6.93411827087402
3.55229806900024 3.63419508934021 3.71609210968018 3.78991770744324 3.86105275154114 3.93218779563904 4.00332307815552 4.07445812225342 4.14559316635132 4.21672821044922 4.28609704971313 4.35016870498657 4.41424036026001 4.47831201553345 4.54238319396973 4.60645484924316 4.6705265045166 4.73459768295288 4.77934265136719 4.81764554977417 4.85594844818115 4.89425134658813 4.93255424499512 4.97085666656494 5.00915956497192 5.05845069885254 5.14070558547974 5.22296094894409 5.30521583557129 5.38747072219849 5.46972608566284 5.55198097229004 5.6342363357544 5.71248817443848 5.78940582275391 5.86632347106934 5.94324111938477 6.0201587677002 6.09707641601562 6.17399406433105 6.2674560546875 6.41055059432983 6.55364561080933 6.69674015045166 6.83983469009399 6.98292970657349
3.57630729675293 3.66062307357788 3.74493885040283 3.82059383392334 3.89336156845093 3.96612930297852 4.0388970375061 4.11166477203369 4.18443298339844 4.25720071792603 4.32758665084839 4.39082765579224 4.45406818389893 4.51730918884277 4.58055019378662 4.64379119873047 4.70703220367432 4.77027273178101 4.81418180465698 4.851646900177 4.88911247253418 4.9265775680542 4.96404266357422 5.00150775909424 5.03897285461426 5.08829069137573 5.17316627502441 5.2580418586731 5.34291696548462 5.4277925491333 5.51266813278198 5.59754371643066 5.68241930007935 5.75998735427856 5.83511972427368 5.91025257110596 5.98538494110107 6.06051731109619 6.13564968109131 6.21078205108643 6.30354166030884 6.44918155670166 6.59482145309448 6.74046087265015 6.88610076904297 7.03174066543579
3.60031676292419 3.68705129623413 3.77378582954407 3.85126996040344 3.92567038536072 4.00007104873657 4.07447147369385 4.14887189865112 4.2232723236084 4.29767322540283 4.36907577514648 4.43148612976074 4.493896484375 4.55630683898926 4.61871719360352 4.68112754821777 4.74353742599487 4.80594778060913 4.84902095794678 4.88564872741699 4.92227602005005 4.95890378952026 4.99553108215332 5.03215837478638 5.06878614425659 5.11813068389893 5.20562648773193 5.2931227684021 5.38061857223511 5.46811437606812 5.55561065673828 5.64310646057129 5.7306022644043 5.80748653411865 5.88083410263062 5.95418119430542 6.02752828598022 6.10087585449219 6.17422294616699 6.2475700378418 6.33962678909302 6.48781204223633 6.63599681854248 6.78418207168579 6.93236684799194 7.08055210113525
3.62432599067688 3.7134792804718 3.8026328086853 3.88194608688354 3.95797920227051 4.03401231765747 4.11004590988159 4.18607902526855 4.26211214065552 4.33814573287964 4.41056537628174 4.47214508056641 4.53372478485107 4.59530448913574 4.65688419342041 4.71846342086792 4.78004312515259 4.84162282943726 4.88386011123657 4.91965007781982 4.95544004440308 4.99123001098633 5.02701950073242 5.06280946731567 5.09859943389893 5.14797067642212 5.23808717727661 5.3282036781311 5.4183201789856 5.50843620300293 5.59855270385742 5.68866920471191 5.77878522872925 5.8549861907959 5.92654800415039 5.99811029434204 6.06967210769653 6.14123439788818 6.21279621124268 6.28435850143433 6.37571239471436 6.526442527771 6.67717266082764 6.82790279388428 6.97863292694092 7.12936353683472
3.65361618995667 3.74596548080444 3.8383150100708 3.9196469783783 3.99730658531189 4.0749659538269 4.1526255607605 4.23028516769409 4.30794477462769 4.38560438156128 4.45886564254761 4.51893091201782 4.5789966583252 4.63906240463257 4.69912767410278 4.75919342041016 4.81925916671753 4.87932443618774 4.9212064743042 4.95702743530273 4.99284839630127 5.0286693572998 5.06449031829834 5.10031127929688 5.13613271713257 5.18582057952881 5.27710914611816 5.36839818954468 5.45968723297119 5.55097579956055 5.64226484298706 5.73355388641357 5.82484245300293 5.90080976486206 5.97166967391968 6.0425295829773 6.11338949203491 6.18424940109253 6.25510931015015 6.32596921920776 6.41828489303589 6.57496786117554 6.73165130615234 6.88833475112915 7.0450177192688 7.2017011642456
3.68818712234497 3.78450989723206 3.88083267211914 3.96437311172485 4.04365253448486 4.12293195724487 4.20221138000488 4.28149080276489 4.36077070236206 4.44005012512207 4.51397657394409 4.57184457778931 4.62971258163452 4.68758058547974 4.74544858932495 4.80331659317017 4.86118459701538 4.9190526008606 4.96106052398682 4.99778127670288 5.03450202941895 5.07122278213501 5.10794401168823 5.1446647644043 5.18138551712036 5.23167943954468 5.32269287109375 5.41370677947998 5.50472021102905 5.59573364257812 5.6867470741272 5.77776050567627 5.86877393722534 5.94495820999146 6.01619863510132 6.08743953704834 6.15868043899536 6.22992134094238 6.30116176605225 6.37240266799927 6.46734428405762 6.63338851928711 6.7994327545166 6.96547698974609 7.13152122497559 7.29756546020508
3.7227578163147 3.82305407524109 3.92335033416748 4.00909900665283 4.08999824523926 4.17089796066284 4.25179719924927 4.33269643783569 4.41359615325928 4.4944953918457 4.56908750534058 4.62475824356079 4.68042850494385 4.73609924316406 4.79176950454712 4.84744024276733 4.90311050415039 4.95878124237061 5.00091409683228 5.03853511810303 5.07615566253662 5.11377620697021 5.15139722824097 5.18901777267456 5.22663879394531 5.2775387763977 5.36827659606934 5.45901489257812 5.54975318908691 5.64049100875854 5.73122930526733 5.82196712493896 5.91270542144775 5.98910617828369 6.06072807312012 6.13234949111938 6.20397138595581 6.27559280395508 6.3472146987915 6.41883659362793 6.5164041519165 6.69180917739868 6.86721420288086 7.04261922836304 7.21802425384521 7.39342975616455
3.757328748703 3.8615984916687 3.9658682346344 4.05382490158081 4.13634443283081 4.21886348724365 4.30138301849365 4.38390207290649 4.46642160415649 4.54894113540649 4.62419843673706 4.67767143249512 4.73114442825317 4.78461742401123 4.83809041976929 4.89156341552734 4.9450364112854 4.99850940704346 5.04076814651489 5.07928848266602 5.1178092956543 5.15632963180542 5.1948504447937 5.23337125778198 5.27189159393311 5.32339811325073 5.41386079788208 5.50432348251343 5.59478616714478 5.68524885177612 5.77571153640747 5.86617422103882 5.95663690567017 6.03325414657593 6.10525703430176 6.17725944519043 6.24926233291626 6.32126474380493 6.39326763153076 6.46527004241943 6.56546354293823 6.7502293586731 6.93499565124512 7.11976146697998 7.304527759552 7.48929357528687
