data/working_set_collections/6091692-Cassins_Sparrow-M2/1990/ghland_avg.asc
NCOLS 265 
NROWS 230 
XLLCORNER -115.5625 
YLLCORNER 24.8333333333333 
CELLSIZE 0.0833333333333333 
NODATA_value -9999 
[rows 190 to 208 of 230, columns 44 to 87 of 265]
-9999 -9999 -9999 -9999 -9999 -9999 -9999 -9999 0.00679850904271007 0.016025498509407 0.0252524875104427 0.0344794765114784 0.0437064655125141 0.0529334545135498 0.0621604435145855 0.072381429374218 0.0855844169855118 0.0987874045968056 0.111990392208099 0.125193387269974 0.138396367430687 0.151599362492561 0.164802342653275 0.177239209413528 0.189420685172081 0.201602175831795 0.213783651590347 0.225965142250061 0.238146632909775 0.250328123569489 0.257780104875565 0.251043677330017 0.24430724978447 0.237570807337761 0.230834364891052 0.224097937345505 0.217361494898796 0.210625052452087 0.195642486214638 0.177911192178726 0.160179898142815 0.142448619008064 0.124717332422733 0.106986038386822
-9999 -9999 -9999 -9999 -9999 -9999 -9999 -9999 -9999 0.0136376973241568 0.023748654872179 0.0338596142828465 0.0439705699682236 0.054081529378891 0.0641924887895584 0.0747436285018921 0.0866153314709663 0.0984870344400406 0.110358729958534 0.122230432927608 0.134102135896683 0.145973831415176 0.15784552693367 0.171873152256012 0.186619400978088 0.201365649700165 0.216111898422241 0.230858162045479 0.245604410767555 0.260350674390793 0.270069867372513 0.264707922935486 0.259345978498459 0.253984034061432 0.248622104525566 0.243260160088539 0.237898215651512 0.232536286115646 0.215504974126816 0.194583863019943 0.173662766814232 0.15274167060852 0.131820559501648 0.110899463295937
-9999 -9999 -9999 -9999 -9999 -9999 -9999 -9999 -9999 -9999 0.0339081808924675 0.0436607636511326 0.0534133426845074 0.0631659254431725 0.0729185044765472 0.0828390046954155 0.0932632312178612 0.103687465190887 0.114111699163914 0.12453593313694 0.134960159659386 0.145384401082993 0.155808627605438 0.170179292559624 0.185865446925163 0.201551586389542 0.21723772585392 0.23292388021946 0.248610019683838 0.264296174049377 0.274988383054733 0.270698845386505 0.266409277915955 0.262119710445404 0.257830142974854 0.253540575504303 0.249251022934914 0.244961470365524 0.226518779993057 0.203358396887779 0.18019799888134 0.157037600874901 0.133877217769623 0.110716819763184
-9999 -9999 -9999 -9999 -9999 -9999 -9999 -9999 -9999 -9999 -9999 -9999 -9999 -9999 -9999 0.096667543053627 0.105528123676777 0.114388704299927 0.123249292373657 0.132109880447388 0.140970453619957 0.149831041693687 0.158691629767418 0.172157645225525 0.187158808112144 0.202159970998764 0.217161133885384 0.232162311673164 0.247163474559784 0.262164652347565 0.272535681724548 0.26901638507843 0.265497088432312 0.261977791786194 0.258458495140076 0.254939198493958 0.251419901847839 0.247900620102882 0.228683918714523 0.204234763979912 0.179785594344139 0.155336439609528 0.130887284874916 0.106438115239143
-9999 -9999 -9999 -9999 -9999 -9999 -9999 -9999 -9999 -9999 -9999 -9999 -9999 -9999 -9999 0.110496081411839 0.117793016135693 0.125089943408966 0.13238687813282 0.139683812856674 0.146980747580528 0.154277682304382 0.161574617028236 0.174135997891426 0.188452184200287 0.202768370509148 0.217084541916847 0.231400728225708 0.245716914534569 0.26003310084343 0.270082980394363 0.267333954572678 0.264584928750992 0.261835902929306 0.259086847305298 0.256337821483612 0.253588795661926 0.25083976984024 0.230849057435989 0.205111131072044 0.179373204708099 0.153635278344154 0.127897337079048 0.102159418165684
-9999 -9999 -9999 -9999 -9999 -9999 -9999 -9999 -9999 -9999 -9999 -9999 -9999 -9999 -9999 0.12432461977005 0.130057901144028 0.135791197419167 0.141524478793144 0.147257760167122 0.1529910415411 0.158724337816238 0.164457619190216 0.176114335656166 0.189745545387268 0.20337675511837 0.217007949948311 0.230639159679413 0.244270369410515 0.257901579141617 0.267630279064178 0.265651524066925 0.263672739267349 0.261693984270096 0.25971519947052 0.257736444473267 0.255757659673691 0.253778904676437 0.233014196157455 0.205987498164177 0.178960800170898 0.15193410217762 0.124907411634922 0.0978807136416435
-9999 -9999 -9999 -9999 -9999 -9999 -9999 -9999 -9999 -9999 -9999 -9999 -9999 -9999 -9999 0.138153165578842 0.142322793602943 0.146492436528206 0.150662064552307 0.15483170747757 0.159001350402832 0.163170978426933 0.167340621352196 0.178092688322067 0.19103892147541 0.203985139727592 0.216931357979774 0.229877591133118 0.2428238093853 0.255770027637482 0.265177577733994 0.26396906375885 0.262760579586029 0.261552065610886 0.260343551635742 0.259135067462921 0.257926553487778 0.256718039512634 0.235179334878922 0.20686386525631 0.178548395633698 0.150232940912247 0.121917471289635 0.0936020091176033
-9999 -9999 -9999 -9999 -9999 -9999 -9999 -9999 -9999 -9999 -9999 -9999 -9999 -9999 -9999 0.151981711387634 0.154587686061859 0.157193675637245 0.159799665212631 0.162405654788017 0.165011644363403 0.167617619037628 0.170223608613014 0.180071040987968 0.192332282662392 0.204593524336815 0.216854766011238 0.229116022586823 0.241377264261246 0.253638505935669 0.262724876403809 0.262286633253098 0.261848390102386 0.261410146951675 0.260971903800964 0.260533690452576 0.260095447301865 0.259657204151154 0.237344458699226 0.207740232348442 0.178136005997658 0.148531764745712 0.118927538394928 0.0893233045935631
-9999 -9999 -9999 -9999 -9999 -9999 -9999 -9999 -9999 -9999 -9999 -9999 -9999 -9999 -9999 -9999 0.141565069556236 0.142803236842155 0.144041389226913 0.145279556512833 0.146517723798752 0.147755891084671 0.14899405837059 0.158536180853844 0.170846313238144 0.183156430721283 0.195466548204422 0.207776680588722 0.220086798071861 0.232396930456161 0.241959348320961 0.243278697133064 0.244598045945168 0.24591737985611 0.247236728668213 0.248556077480316 0.249875411391258 0.2511947453022 0.229881346225739 0.201023682951927 0.172166004776955 0.143308341503143 0.114450678229332 0.08559300750494
-9999 -9999 -9999 -9999 -9999 -9999 -9999 -9999 -9999 -9999 -9999 -9999 -9999 -9999 -9999 -9999 -9999 0.103321097791195 0.103387266397476 0.103453435003757 0.103519596159458 0.103585764765739 0.103651933372021 0.113488122820854 0.126580983400345 0.139673843979836 0.152766704559326 0.165859580039978 0.178952440619469 0.192045301198959 0.202881008386612 0.20694525539875 0.211009502410889 0.215073749423027 0.219137996435165 0.223202243447304 0.227266490459442 0.23133073747158 0.212789967656136 0.186714202165604 0.160638421773911 0.134562656283379 0.108486890792847 0.0824111178517342
-9999 -9999 -9999 -9999 -9999 -9999 -9999 -9999 -9999 -9999 -9999 -9999 -9999 -9999 -9999 -9999 -9999 -9999 0.0627331361174583 0.0616273023188114 0.0605214722454548 0.0594156421720982 0.0583098120987415 0.0684400573372841 0.0823156610131264 0.0961912646889687 0.11006686091423 0.123942464590073 0.137818068265915 0.151693671941757 0.163802668452263 0.170611813664436 0.17742095887661 0.184230104088783 0.191039249300957 0.197848409414291 0.204657554626465 0.211466699838638 0.195698589086533 0.17240472137928 0.149110838770866 0.125816971063614 0.102523095905781 0.0792292281985283
-9999 -9999 -9999 -9999 -9999 -9999 -9999 -9999 -9999 -9999 -9999 -9999 -9999 -9999 -9999 -9999 -9999 -9999 -9999 0.0198011752218008 0.0175233483314514 0.0152455205097795 0.0129676926881075 0.023391991853714 0.0380503349006176 0.0527086779475212 0.0673670172691345 0.0820253640413284 0.0966837033629417 0.111342042684555 0.124724313616753 0.134278371930122 0.143832415342331 0.153386473655701 0.162940517067909 0.172494575381279 0.182048618793488 0.191602677106857 0.17860721051693 0.158095225691795 0.137583255767822 0.117071285843849 0.0965593084692955 0.0760473385453224
-9999 -9999 -9999 -9999 -9999 -9999 -9999 -9999 -9999 -9999 -9999 -9999 -9999 -9999 -9999 -9999 -9999 -9999 -9999 -9999 -9999 -0.0289246030151844 -0.0323744267225266 -0.021656071767211 -0.00621498981490731 0.00922609213739634 0.0246671736240387 0.0401082560420036 0.0555493384599686 0.0709904208779335 0.0856459736824036 0.0979449227452278 0.110243879258633 0.122542828321457 0.134841784834862 0.147140741348267 0.159439697861671 0.171738654375076 0.161515831947327 0.143785744905472 0.126055672764778 0.108325600624084 0.0905955210328102 0.072865441441536
-9999 -9999 -9999 -9999 -9999 -9999 -9999 -9999 -9999 -9999 -9999 -9999 -9999 -9999 -9999 -9999 -9999 -9999 -9999 -9999 -9999 -9999 -0.0777165442705154 -0.0667041391134262 -0.0504803135991096 -0.0342564918100834 -0.0180326718837023 -0.00180884939618409 0.0144149726256728 0.0306387934833765 0.0465676262974739 0.0616114810109138 0.0766553357243538 0.0916991904377937 0.106743052601814 0.121786907315254 0.136830762028694 0.151874616742134 0.144424453377724 0.129476264119148 0.114528089761734 0.0995799154043198 0.0846317335963249 0.0696835517883301
-0.0599848851561546 -9999 -9999 -9999 -9999 -9999 -9999 -9999 -9999 -9999 -9999 -9999 -9999 -9999 -9999 -9999 -9999 -9999 -9999 -9999 -9999 -9999 -9999 -0.0776783302426338 -0.0617594681680202 -0.0458406023681164 -0.0299217365682125 -0.0140028716996312 0.00191599386744201 0.017834858968854 0.0339858345687389 0.0508331470191479 0.0676804557442665 0.0845277681946754 0.101375080645084 0.118222385644913 0.135069698095322 0.151917010545731 0.146224960684776 0.133019775152206 0.119814604520798 0.106609426438808 0.0934042483568192 0.0801990777254105
-0.0522640161216259 -0.0434749349951744 -0.0346858538687229 -9999 -9999 -9999 -9999 -9999 -9999 -9999 -9999 -9999 -9999 -9999 -9999 -9999 -9999 -9999 -9999 -9999 -9999 -9999 -9999 -9999 -0.0400524474680424 -0.0255262348800898 -0.0110000222921371 0.00352619006298482 0.0180524028837681 0.0325786136090755 0.047900602221489 0.0656099170446396 0.0833192393183708 0.101028554141521 0.118737868964672 0.136447191238403 0.154156506061554 0.171865820884705 0.166917338967323 0.154416278004646 0.141915217041969 0.129414141178131 0.116913080215454 0.104412011802197
-0.0445431433618069 -0.0342226438224316 -0.0239021442830563 -0.0135816466063261 -9999 -9999 -9999 -9999 -9999 -9999 -9999 -9999 -9999 -9999 -9999 -9999 -9999 -9999 -9999 -9999 -9999 -9999 -9999 -9999 -9999 -0.00521186785772443 0.00792169198393822 0.0210552513599396 0.0341888107359409 0.0473223701119423 0.061815369874239 0.0803866907954216 0.0989580154418945 0.117529340088367 0.13610066473484 0.154671981930733 0.173243299126625 0.191814631223679 0.187609732151031 0.175812780857086 0.16401581466198 0.152218863368034 0.140421897172928 0.128624945878983
-0.0368222706019878 -0.0249703526496887 -0.0131184365600348 -0.00126651977188885 -9999 -9999 -9999 -9999 -9999 -9999 -9999 -9999 -9999 -9999 -9999 -9999 -9999 -9999 -9999 -9999 -9999 -9999 -9999 -9999 -9999 -9999 0.0268434062600136 0.0385843142867088 0.0503252185881138 0.062066126614809 0.075730137526989 0.0951634645462036 0.114596791565418 0.134030118584633 0.153463453054428 0.172896772623062 0.192330107092857 0.211763426661491 0.20830212533474 0.197209268808365 0.186116427183151 0.175023570656776 0.163930729031563 0.152837872505188
-0.0291013978421688 -0.015718063339591 -0.00233472813852131 0.0110486065968871 -9999 -9999 -9999 -9999 -9999 -9999 -9999 -9999 -9999 -9999 -9999 -9999 -9999 -9999 -9999 -9999 -9999 -9999 -9999 -9999 -9999 -9999 -9999 -9999 -9999 -9999 0.0896449089050293 0.109940238296986 0.130235567688942 0.150530904531479 0.170826241374016 0.191121578216553 0.211416900157928 0.231712237000465 0.228994518518448 0.218605771660805 0.208217039704323 0.19782829284668 0.187439545989037 0.177050814032555
