data/working_set_collections/6091692-Cassins_Sparrow-M2/1990/ghland_avg.asc
NCOLS 265 
NROWS 230 
XLLCORNER -115.5625 
YLLCORNER 24.8333333333333 
CELLSIZE 0.0833333333333333 
NODATA_value -9999 
[rows 114 to 132 of 230, columns 44 to 87 of 265]
0.127144768834114 0.0958074405789375 0.064470112323761 0.0331327877938747 0.00179546035360545 -0.029541864991188 -0.0608791932463646 -0.0922165140509605 -0.0931035652756691 -0.0838405266404152 -0.0745774880051613 -0.0653144493699074 -0.0560514070093632 -0.046788364648819 -0.0375253260135651 -0.029454879462719 -0.0249622128903866 -0.0204695481806993 -0.0159768834710121 -0.0114842178300023 -0.00699155265465379 -0.00249888747930527 0.00199377769604325 0.00833327695727348 0.0152883874252439 0.0222434978932142 0.0291986092925072 0.036153718829155 0.0431088283658028 0.0500639416277409 0.0562838427722454 0.0602981187403202 0.0643123909831047 0.0683266669511795 0.0723409429192543 0.0763552188873291 0.0803694948554039 0.0843837708234787 0.0816746428608894 0.0767243802547455 0.0717741176486015 0.0668238550424576 0.0618735961616039 0.05692333355546
0.127042233943939 0.103341661393642 0.0796410962939262 0.05594053119421 0.0322399660944939 0.00853939726948738 -0.015161169692874 -0.0388617366552353 -0.041363812983036 -0.0367997251451015 -0.0322356410324574 -0.0276715531945229 -0.0231074672192335 -0.0185433812439442 -0.0139792952686548 -0.0103762298822403 -0.00965622626245022 -0.00893622357398272 -0.00821621995419264 -0.00749621726572514 -0.00677621411159635 -0.00605621095746756 -0.00533620780333877 -0.00173758529126644 0.00282057723961771 0.00737873977050185 0.0119369020685554 0.0164950657635927 0.0210532266646624 0.0256113894283772 0.0304643996059895 0.0362019464373589 0.0419394969940186 0.047677043825388 0.0534145943820477 0.059152141213417 0.0648896917700768 0.0706272423267365 0.0692374631762505 0.0654719173908234 0.0617063641548157 0.0579408146440983 0.0541752688586712 0.0504097193479538
0.126939699053764 0.110875889658928 0.0948120802640915 0.0787482783198357 0.0626844689249992 0.0466206595301628 0.0305568538606167 0.0144930453971028 0.0103759421035647 0.0102410744875669 0.0101062068715692 0.00997133925557137 0.009836470708251 0.00970160309225321 0.00956673547625542 0.00870241969823837 0.00564976083114743 0.0025971014983952 -0.000455557485111058 -0.00350821646861732 -0.0065608755685389 -0.00961353443562984 -0.0126661937683821 -0.0118084475398064 -0.00964723341166973 -0.00748601881787181 -0.00532480422407389 -0.00316358963027596 -0.00100237526930869 0.00115883932448924 0.00464495550841093 0.0121057769283652 0.019566597416997 0.0270274188369513 0.0344882383942604 0.0419490598142147 0.049409881234169 0.0568707026541233 0.0568002797663212 0.0542194470763206 0.0516386106610298 0.049057774245739 0.0464769378304482 0.0438961051404476
0.126837164163589 0.118410117924213 0.109983071684837 0.101556017994881 0.0931289717555046 0.0847019255161285 0.0762748718261719 0.0678478255867958 0.0621156990528107 0.0572818778455257 0.0524480529129505 0.0476142317056656 0.0427804104983807 0.0379465892910957 0.0331127643585205 0.027781069278717 0.0209557469934225 0.0141304265707731 0.00730510521680117 0.000479784124763682 -0.00634553702548146 -0.0131708579137921 -0.0199961792677641 -0.0218793097883463 -0.0221150442957878 -0.0223507769405842 -0.0225865114480257 -0.0228222440928221 -0.0230579786002636 -0.02329371124506 -0.0211744885891676 -0.0119903944432735 -0.00280630099587142 0.0063777924515307 0.0155618861317635 0.0247459802776575 0.0339300744235516 0.0431141667068005 0.0443631000816822 0.0429669767618179 0.0415708534419537 0.0401747338473797 0.0387786105275154 0.0373824909329414
0.126734629273415 0.125944346189499 0.125154048204422 0.124363765120506 0.12357347458601 0.122783184051514 0.121992900967598 0.121202610433102 0.113855451345444 0.104322679340839 0.0947898998856544 0.0852571278810501 0.0757243484258652 0.0661915689706802 0.0566587969660759 0.0468597188591957 0.0362617336213589 0.0256637521088123 0.0150657678022981 0.00446778489276767 -0.00613019848242402 -0.0167281813919544 -0.0273261647671461 -0.0319501720368862 -0.0345828533172607 -0.0372155345976353 -0.0398482158780098 -0.0424808971583843 -0.0451135821640491 -0.0477462634444237 -0.0469939336180687 -0.0360865667462349 -0.0251791998744011 -0.0142718330025673 -0.00336446706205606 0.00754289887845516 0.018450265750289 0.0293576307594776 0.0319259166717529 0.0317145064473152 0.0315030999481678 0.0312916897237301 0.0310802832245827 0.0308688748627901
0.12663209438324 0.133478567004204 0.140325039625168 0.147171512246132 0.154017984867096 0.160864442586899 0.167710915207863 0.174557387828827 0.165595203638077 0.151363477110863 0.137131750583649 0.122900016605854 0.10866829007864 0.0944365561008453 0.0802048295736313 0.0659383684396744 0.0515677221119404 0.0371970757842064 0.0228264313191175 0.00845578592270613 -0.00591485993936658 -0.0202855058014393 -0.0346561521291733 -0.0420210361480713 -0.047050666064024 -0.0520802959799767 -0.057109922170639 -0.0621395520865917 -0.0671691820025444 -0.0721988156437874 -0.0728133767843246 -0.060182735323906 -0.0475520975887775 -0.0349214598536491 -0.0222908202558756 -0.00966018158942461 0.00297045684419572 0.0156010957434773 0.0194887351244688 0.0204620398581028 0.0214353445917368 0.0224086493253708 0.0233819559216499 0.0243552606552839
0.137875840067863 0.148426219820976 0.158976599574089 0.169526994228363 0.180077373981476 0.190627753734589 0.201178148388863 0.211728528141975 0.201588451862335 0.184551551938057 0.167514652013779 0.1504777520895 0.133440852165222 0.116403952240944 0.0993670523166656 0.0825344920158386 0.0663149654865265 0.0500954315066338 0.0338759012520313 0.0176563709974289 0.0014368403935805 -0.014782689511776 -0.0310022197663784 -0.0401117317378521 -0.0468512326478958 -0.0535907372832298 -0.0603302381932735 -0.0670697391033173 -0.0738092437386513 -0.0805487483739853 -0.0826120302081108 -0.0706466510891914 -0.0586812756955624 -0.046715896576643 -0.0347505174577236 -0.0227851383388042 -0.01081976108253 0.00114561768714339 0.0058017848059535 0.00802154839038849 0.0102413110435009 0.0124610746279359 0.0146808372810483 0.0169006008654833
0.160465836524963 0.170787289738655 0.181108742952347 0.1914302110672 0.201751664280891 0.212073117494583 0.222394570708275 0.232716023921967 0.221835166215897 0.20388688147068 0.185938596725464 0.167990311980247 0.150042027235031 0.132093742489815 0.114145465195179 0.0966480895876884 0.0805034562945366 0.0643588155508041 0.048214178532362 0.0320695415139198 0.0159249026328325 -0.000219735156861134 -0.0163643732666969 -0.0262222588062286 -0.0339845605194569 -0.0417468622326851 -0.0495091639459133 -0.0572714656591415 -0.0650337710976601 -0.072796069085598 -0.0763899013400078 -0.0674783140420914 -0.0585667304694653 -0.0496551431715488 -0.0407435595989227 -0.0318319723010063 -0.0229203868657351 -0.0140088023617864 -0.00913493148982525 -0.00560696609318256 -0.00207900046370924 0.00144896516576409 0.00497693102806807 0.00850489642471075
0.183055847883224 0.193148374557495 0.203240901231766 0.213333413004875 0.223425939679146 0.233518466353416 0.243610993027687 0.253703504800797 0.242081895470619 0.223222225904465 0.20436255633831 0.185502886772156 0.166643217206001 0.147783547639847 0.128923878073692 0.110761694610119 0.0946919471025467 0.0786221995949745 0.0625524595379829 0.0464827120304108 0.0304129645228386 0.0143432198092341 -0.00172652571927756 -0.0123327877372503 -0.0211178883910179 -0.0299029890447855 -0.0386880896985531 -0.0474731884896755 -0.0562582910060883 -0.0650433897972107 -0.0701677650213242 -0.0643099769949913 -0.0584521852433681 -0.0525943897664547 -0.0467365980148315 -0.0408788062632084 -0.0350210145115852 -0.0291632227599621 -0.0240716487169266 -0.0192354805767536 -0.0143993124365807 -0.0095631442964077 -0.00472697615623474 0.00010919197666226
0.205645859241486 0.215509444475174 0.225373044610023 0.235236629843712 0.245100229978561 0.25496381521225 0.264827400445938 0.274691015481949 0.262328624725342 0.242557555437088 0.222786501049995 0.203015461564064 0.183244407176971 0.163473352789879 0.143702298402786 0.124875292181969 0.108880437910557 0.0928855836391449 0.0768907368183136 0.0608958788216114 0.0449010282754898 0.0289061740040779 0.0129113215953112 0.00155668391380459 -0.00825121533125639 -0.0180591139942408 -0.0278670135885477 -0.0376749150454998 -0.0474828109145164 -0.0572907105088234 -0.0639456361532211 -0.0611416362226009 -0.058337640017271 -0.0555336400866508 -0.0527296401560307 -0.0499256402254105 -0.0471216402947903 -0.0443176440894604 -0.0390083640813828 -0.0328639931976795 -0.0267196241766214 -0.0205752532929182 -0.0144308833405375 -0.00828651245683432
0.228235855698586 0.237870514392853 0.247505187988281 0.25713986158371 0.266774505376816 0.276409178972244 0.28604382276535 0.295678496360779 0.282575339078903 0.261892884969711 0.241210460662842 0.220528021454811 0.19984558224678 0.17916314303875 0.158480703830719 0.138988897204399 0.123068928718567 0.107148967683315 0.0912290140986443 0.0753090530633926 0.0593890883028507 0.0434691309928894 0.0275491680949926 0.0154461553320289 0.00461545726284385 -0.00621524080634117 -0.0170459393411875 -0.0278766360133886 -0.0387073345482349 -0.0495380312204361 -0.0577235035598278 -0.0579732991755009 -0.0582230910658836 -0.0584728866815567 -0.0587226822972298 -0.0589724741876125 -0.0592222698032856 -0.0594720616936684 -0.0539450831711292 -0.0464925095438957 -0.0390399359166622 -0.0315873622894287 -0.0241347905248404 -0.0166822168976068
0.250825852155685 0.260231584310532 0.269637316465378 0.279043048620224 0.28844878077507 0.297854512929916 0.307260245084763 0.316665977239609 0.302822053432465 0.281228244304657 0.259634405374527 0.238040596246719 0.216446772217751 0.194852948188782 0.173259124159813 0.153102487325668 0.137257426977158 0.121412359178066 0.105567291378975 0.0897222235798836 0.0738771483302116 0.0580320842564106 0.0421870164573193 0.0293356273323298 0.0174821298569441 0.00562863284721971 -0.00622486369684339 -0.0180783607065678 -0.0299318563193083 -0.0417853556573391 -0.0515013746917248 -0.0548049621284008 -0.0581085458397865 -0.0614121332764626 -0.0647157207131386 -0.0680193081498146 -0.0713228955864906 -0.0746264830231667 -0.0688817948102951 -0.0601210221648216 -0.0513602457940578 -0.0425994731485844 -0.0338386967778206 -0.025077922269702
0.249764397740364 0.259822398424149 0.269880414009094 0.27993842959404 0.289996445178986 0.300054460763931 0.310112476348877 0.320170491933823 0.306498527526855 0.284916520118713 0.263334512710571 0.241752535104752 0.22017052769661 0.198588535189629 0.177006542682648 0.157287821173668 0.143158942461014 0.12903006374836 0.114901177585125 0.100772298872471 0.0866434127092361 0.0725145265460014 0.0583856478333473 0.0464944802224636 0.03534921631217 0.0242039561271667 0.0130586931481957 0.00191343133337796 -0.00923183094710112 -0.020377092063427 -0.0300431065261364 -0.0352713763713837 -0.0404996424913406 -0.0457279123365879 -0.0509561821818352 -0.0561844483017921 -0.0614127181470394 -0.0666409879922867 -0.0621535927057266 -0.0544276461005211 -0.0467016994953156 -0.03897575289011 -0.0312498062849045 -0.0235238596796989
0.225051447749138 0.236642971634865 0.248234480619431 0.259826004505157 0.271417498588562 0.283009022474289 0.294600516557693 0.30619204044342 0.293604701757431 0.272957742214203 0.252310782670975 0.231663838028908 0.21101687848568 0.190369918942451 0.169722974300385 0.151544898748398 0.140773490071297 0.130002096295357 0.119230687618256 0.108459278941154 0.0976878702640533 0.0869164690375328 0.0761450603604317 0.0669227167963982 0.0582167208194733 0.0495107248425484 0.0408047325909138 0.0320987403392792 0.0233927443623543 0.0146867502480745 0.00665129534900188 0.000627456873189658 -0.00539638195186853 -0.0114202201366425 -0.017444059252739 -0.0234678983688354 -0.0294917356222868 -0.0355155766010284 -0.0337604694068432 -0.0294123813509941 -0.025064293295145 -0.0207162071019411 -0.016368119046092 -0.0120200319215655
0.200338512659073 0.213463515043259 0.226588532328606 0.239713534712791 0.252838551998138 0.265963554382324 0.27908855676651 0.292213588953018 0.280710905790329 0.260998964309692 0.241287067532539 0.221575140953064 0.20186322927475 0.182151317596436 0.16243939101696 0.145801976323128 0.138388052582741 0.130974113941193 0.123560190200806 0.116146259009838 0.108732335269451 0.101318404078484 0.093904472887516 0.0873509496450424 0.0810842216014862 0.0748175010085106 0.0685507729649544 0.0622840449213982 0.0560173206031322 0.049750592559576 0.0433456972241402 0.0365262888371944 0.0297068804502487 0.022887472063303 0.0160680636763573 0.00924865435808897 0.0024292457383126 -0.00439016288146377 -0.0053673442453146 -0.00439711613580585 -0.00342688802629709 -0.00245665991678834 -0.00148643180727959 -0.000516203814186156
0.175625577569008 0.190284073352814 0.204942584037781 0.219601094722748 0.234259590506554 0.248918101191521 0.263576596975327 0.278235107660294 0.267817080020905 0.249040201306343 0.230263322591782 0.211486458778381 0.19270958006382 0.173932701349258 0.155155822634697 0.140059053897858 0.136002600193024 0.13194614648819 0.127889692783356 0.123833246529102 0.119776792824268 0.115720339119434 0.111663892865181 0.107779182493687 0.10395172983408 0.100124269723892 0.0962968096137047 0.0924693495035172 0.0886418968439102 0.0848144367337227 0.0800400972366333 0.0724251195788383 0.0648101419210434 0.0571951642632484 0.0495801866054535 0.0419652052223682 0.0343502275645733 0.0267352480441332 0.023025780916214 0.020618150010705 0.0182105172425508 0.0158028863370419 0.0133952554315329 0.0109876245260239
0.150912627577782 0.167104631662369 0.183296635746956 0.199488639831543 0.21568064391613 0.231872648000717 0.248064652085304 0.264256656169891 0.254923284053802 0.237081438302994 0.219239592552185 0.201397761702538 0.183555915951729 0.165714085102081 0.147872239351273 0.134316116571426 0.133617147803307 0.132918179035187 0.132219195365906 0.131520226597786 0.130821257829666 0.130122274160385 0.129423305392265 0.128207415342331 0.126819223165512 0.125431045889854 0.124042853713036 0.122654661536217 0.121266469359398 0.11987828463316 0.116734504699707 0.108323954045773 0.0999134033918381 0.0915028527379036 0.0830923095345497 0.0746817588806152 0.0662712082266808 0.0578606612980366 0.0514189042150974 0.0456334166228771 0.0398479253053665 0.0340624339878559 0.0282769426703453 0.0224914513528347
0.126199692487717 0.143925189971924 0.161650687456131 0.179376184940338 0.197101682424545 0.214827194809914 0.232552692294121 0.250278174877167 0.242029458284378 0.225122660398483 0.208215862512589 0.191309064626694 0.174402266740799 0.157495468854904 0.140588670969009 0.128573194146156 0.131231695413589 0.133890196681023 0.136548697948456 0.13920721411705 0.141865715384483 0.144524216651917 0.14718271791935 0.148635655641556 0.149686738848686 0.150737807154655 0.151788890361786 0.152839973568916 0.153891041874886 0.154942125082016 0.15342889726162 0.144222781062126 0.135016664862633 0.125810548663139 0.116604432463646 0.107398308813572 0.0981921926140785 0.0889860764145851 0.0798120275139809 0.0706486776471138 0.061485331505537 0.05232198163867 0.0431586317718029 0.0339952819049358
0.110825225710869 0.129664152860641 0.148503080010414 0.167342022061348 0.186180949211121 0.205019876360893 0.223858803510666 0.242697730660439 0.234677329659462 0.217703834176064 0.200730323791504 0.183756828308105 0.166783317923546 0.149809807538986 0.132836312055588 0.121108449995518 0.125117525458336 0.129126608371735 0.133135691285133 0.137144774198532 0.14115384221077 0.145162925124168 0.149172008037567 0.15244172513485 0.155465006828308 0.158488273620605 0.161511555314064 0.164534822106361 0.16755810379982 0.170581370592117 0.170547798275948 0.161343649029732 0.152139499783516 0.1429353505373 0.133731201291084 0.124527052044868 0.115322902798653 0.106118761003017 0.0976147428154945 0.0893441066145897 0.0810734704136848 0.0728028267621994 0.0645321905612946 0.0562615543603897
