data/working_set_collections/6091692-Cassins_Sparrow-M2/1990/ghland_avg.asc
NCOLS 265 
NROWS 230 
XLLCORNER -115.5625 
YLLCORNER 24.8333333333333 
CELLSIZE 0.0833333333333333 
NODATA_value -9999 
[rows 76 to 94 of 230, columns 132 to 175 of 265]
0.20446865260601 0.237324804067612 0.261221259832382 0.258238643407822 0.255256026983261 0.252273440361023 0.249290809035301 0.246308207511902 0.243325591087341 0.240342989563942 0.233000680804253 0.224205151200294 0.215409621596336 0.206614106893539 0.197818577289581 0.189023047685623 0.180227518081665 0.173696026206017 0.173956662416458 0.174217313528061 0.174477949738503 0.174738600850105 0.174999237060547 0.175259873270988 0.175520524382591 0.181176468729973 0.188630849123001 0.196085229516029 0.203539609909058 0.210993990302086 0.218448355793953 0.225902736186981 0.231456086039543 0.231306359171867 0.231156632304192 0.231006890535355 0.230857163667679 0.230707436800003 0.230557695031166 0.23040796816349 0.230700746178627 0.231141045689583 0.231581330299377 0.232021629810333
0.210387468338013 0.242467299103737 0.265316903591156 0.260475903749466 0.255634903907776 0.250793904066086 0.245952889323235 0.241111874580383 0.236270874738693 0.231429874897003 0.224373877048492 0.216579556465149 0.208785235881805 0.200990915298462 0.193196579813957 0.185402259230614 0.17760793864727 0.171666726469994 0.171284824609756 0.170902922749519 0.170521020889282 0.170139119029045 0.169757217168808 0.169375315308571 0.168993413448334 0.174979269504547 0.183087691664696 0.191196113824844 0.199304535984993 0.207412958145142 0.21552138030529 0.223629802465439 0.229764431715012 0.229977667331696 0.230190917849541 0.230404168367386 0.230617418885231 0.230830669403076 0.23104390501976 0.231257155537605 0.231680616736412 0.232174158096313 0.232667684555054 0.233161225914955
0.211533948779106 0.241693794727325 0.262800812721252 0.256749421358109 0.250698029994965 0.244646638631821 0.238595247268677 0.232543855905533 0.226492464542389 0.220441073179245 0.214097827672958 0.207657292485237 0.201216757297516 0.194776222109795 0.188335686922073 0.181895166635513 0.175454631447792 0.170442879199982 0.169717475771904 0.168992072343826 0.168266668915749 0.167541265487671 0.166815862059593 0.166090458631516 0.165365055203438 0.171319529414177 0.179500609636307 0.187681704759598 0.195862784981728 0.204043880105019 0.212224960327148 0.220406055450439 0.226704031229019 0.227352678775787 0.228001311421394 0.228649958968163 0.229298606514931 0.229947239160538 0.230595886707306 0.231244534254074 0.232077911496162 0.232972875237465 0.233867824077606 0.234762787818909
0.207908093929291 0.235004290938377 0.253672987222672 0.247059226036072 0.240445449948311 0.23383167386055 0.22721791267395 0.220604136586189 0.213990360498428 0.207376584410667 0.20217253267765 0.19743837416172 0.19270421564579 0.187970042228699 0.183235883712769 0.178501725196838 0.173767566680908 0.170024484395981 0.169254615902901 0.168484762310982 0.167714893817902 0.166945025324821 0.166175171732903 0.165405303239822 0.164635434746742 0.170197263360023 0.177869632840157 0.185542017221451 0.193214386701584 0.200886756181717 0.208559140563011 0.216231510043144 0.222274914383888 0.22343136370182 0.224587813019753 0.225744262337685 0.226900711655617 0.22805717587471 0.229213625192642 0.230370074510574 0.231892615556717 0.233537182211876 0.235181763768196 0.236826330423355
0.204282239079475 0.228314787149429 0.244545161724091 0.237369015812874 0.230192855000496 0.223016709089279 0.215840563178062 0.208664417266846 0.201488256454468 0.194312110543251 0.190247237682343 0.187219440937042 0.184191659092903 0.181163877248764 0.178136095404625 0.175108298659325 0.172080516815186 0.16960608959198 0.168791770935059 0.167977452278137 0.167163118720055 0.166348800063133 0.165534466505051 0.164720147848129 0.163905829191208 0.169074982404709 0.176238656044006 0.183402314782143 0.19056598842144 0.197729647159576 0.204893305897713 0.21205697953701 0.217845797538757 0.219510048627853 0.221174314618111 0.222838580608368 0.224502831697464 0.226167097687721 0.227831363677979 0.229495614767075 0.231707319617271 0.234101504087448 0.236495688557625 0.238889873027802
0.200656399130821 0.221625283360481 0.235417321324348 0.227678805589676 0.219940274953842 0.212201744318008 0.204463213682175 0.196724683046341 0.188986167311668 0.181247636675835 0.178321942687035 0.177000522613525 0.175679117441177 0.174357697367668 0.17303629219532 0.171714872121811 0.170393452048302 0.16918770968914 0.168328911066055 0.167470127344131 0.166611343622208 0.165752559900284 0.16489377617836 0.164034992456436 0.163176208734512 0.167952716350555 0.174607679247856 0.181262627243996 0.187917575240135 0.194572538137436 0.201227486133575 0.207882434129715 0.213416665792465 0.215588748455048 0.217760816216469 0.21993288397789 0.222104951739311 0.224277019500732 0.226449102163315 0.228621169924736 0.231522038578987 0.23466582596302 0.237809628248215 0.240953430533409
0.197030544281006 0.214935794472694 0.226289495825768 0.217988595366478 0.209687680006027 0.201386779546738 0.193085864186287 0.184784963726997 0.176484063267708 0.168183147907257 0.166396647691727 0.166781604290009 0.16716656088829 0.167551517486572 0.167936488986015 0.168321445584297 0.168706402182579 0.168769314885139 0.167866066098213 0.166962817311287 0.166059568524361 0.165156319737434 0.164253070950508 0.163349837064743 0.162446588277817 0.166830450296402 0.172976687550545 0.179122939705849 0.185269176959991 0.191415414214134 0.197561666369438 0.203707903623581 0.208987548947334 0.211667433381081 0.214347317814827 0.217027187347412 0.219707071781158 0.222386956214905 0.22506682574749 0.227746710181236 0.231336742639542 0.235230147838593 0.239123553037643 0.243016973137856
0.19340468943119 0.208246290683746 0.217161655426025 0.20829838514328 0.199435099959373 0.190571814775467 0.18170852959156 0.172845244407654 0.163981959223747 0.155118674039841 0.154471352696419 0.156562685966492 0.158654019236565 0.160745352506638 0.16283668577671 0.164928019046783 0.167019352316856 0.168350920081139 0.16740320622921 0.166455507278442 0.165507793426514 0.164560094475746 0.163612380623817 0.162664666771889 0.161716967821121 0.165708184242249 0.171345710754395 0.176983237266541 0.182620778679848 0.188258305191994 0.19389583170414 0.199533358216286 0.204558432102203 0.207746118307114 0.210933804512024 0.214121505618095 0.217309191823006 0.220496878027916 0.223684564232826 0.226872250437737 0.231151446700096 0.235794469714165 0.240437492728233 0.245080515742302
0.193891331553459 0.207058772444725 0.214563682675362 0.205081030726433 0.195598378777504 0.186115726828575 0.176633074879646 0.167150422930717 0.157667770981789 0.14818511903286 0.147834450006485 0.150527805089951 0.153221145272255 0.155914485454559 0.158607825636864 0.161301165819168 0.163994506001472 0.165842473506927 0.165154337882996 0.164466202259064 0.163778066635132 0.163089916110039 0.162401780486107 0.161713644862175 0.161025509238243 0.164831876754761 0.170136407017708 0.175440937280655 0.180745467543602 0.186049997806549 0.191354528069496 0.196659058332443 0.201431274414062 0.204606577754021 0.207781881093979 0.210957184433937 0.214132487773895 0.217307776212692 0.22048307955265 0.223658382892609 0.228415668010712 0.233700275421143 0.238984882831573 0.244269490242004
0.198490455746651 0.211373224854469 0.218495547771454 0.208336532115936 0.198177516460419 0.188018515706062 0.177859500050545 0.167700499296188 0.157541483640671 0.147382467985153 0.146485954523087 0.148676946759224 0.150867938995361 0.153058916330338 0.155249908566475 0.157440900802612 0.159631878137589 0.161243990063667 0.161119446158409 0.160994902253151 0.160870373249054 0.160745829343796 0.160621285438538 0.160496741533279 0.160372212529182 0.164201512932777 0.169348746538162 0.174495995044708 0.179643243551254 0.184790477156639 0.189937725663185 0.195084974169731 0.199606075882912 0.202248796820641 0.204891517758369 0.207534238696098 0.210176944732666 0.212819665670395 0.215462386608124 0.218105107545853 0.223129406571388 0.228947564959526 0.234765723347664 0.240583881735802
0.203089579939842 0.215687677264214 0.222427412867546 0.21159203350544 0.200756669044495 0.18992130458355 0.179085940122604 0.168250575661659 0.157415196299553 0.146579831838608 0.145137459039688 0.146826103329659 0.148514732718468 0.150203362107277 0.151891991496086 0.153580620884895 0.155269250273705 0.156645491719246 0.157084554433823 0.157523617148399 0.157962679862976 0.158401727676392 0.158840790390968 0.159279853105545 0.159718915820122 0.163571149110794 0.168561100959778 0.173551052808762 0.178541019558907 0.18353097140789 0.188520923256874 0.193510890007019 0.197780892252922 0.19989101588726 0.20200115442276 0.20411129295826 0.206221416592598 0.208331555128098 0.210441678762436 0.212551817297935 0.217843130230904 0.22419485449791 0.230546563863754 0.236898273229599
0.207688719034195 0.220002129673958 0.226359263062477 0.214847549796104 0.203335821628571 0.191824093461037 0.180312365293503 0.168800637125969 0.157288923859596 0.145777195692062 0.14378896355629 0.144975244998932 0.146161526441574 0.147347807884216 0.148534074425697 0.14972035586834 0.150906637310982 0.152047008275986 0.153049662709236 0.154052317142487 0.155054971575737 0.156057640910149 0.157060295343399 0.158062949776649 0.1590656042099 0.162940785288811 0.167773455381393 0.172606125473976 0.177438795566559 0.182271465659142 0.187104135751724 0.191936805844307 0.195955693721771 0.197533249855042 0.199110791087151 0.20068833231926 0.20226588845253 0.203843429684639 0.205420985817909 0.206998527050018 0.21255686879158 0.219442144036293 0.226327404379845 0.233212679624557
0.212287843227386 0.224316596984863 0.230291128158569 0.218103051185608 0.205914974212646 0.193726882338524 0.181538805365562 0.16935071349144 0.157162636518478 0.144974559545517 0.142440468072891 0.143124401569366 0.14380832016468 0.144492238759995 0.145176157355309 0.145860090851784 0.146544009447098 0.147448509931564 0.14901477098465 0.150581032037735 0.152147278189659 0.153713539242744 0.15527980029583 0.156846061348915 0.158412307500839 0.162310421466827 0.166985794901848 0.171661183238029 0.176336571574211 0.181011959910393 0.185687333345413 0.190362721681595 0.194130510091782 0.195175468921661 0.196220427751541 0.197265386581421 0.198310360312462 0.199355319142342 0.200400277972221 0.201445236802101 0.207270607352257 0.214689418673515 0.222108244895935 0.229527071118355
0.216886967420578 0.228631049394608 0.234222993254662 0.221358552575111 0.208494111895561 0.195629671216011 0.182765230536461 0.169900789856911 0.157036349177361 0.14417190849781 0.141091972589493 0.14127354323864 0.141455113887787 0.141636684536934 0.14181824028492 0.141999810934067 0.142181381583214 0.142850026488304 0.144979879260063 0.147109732031822 0.149239584803581 0.151369452476501 0.15349930524826 0.15562915802002 0.157759010791779 0.161680057644844 0.166198149323463 0.170716255903244 0.175234347581863 0.179752439260483 0.184270545840263 0.188788637518883 0.192305311560631 0.192817687988281 0.193330064415932 0.193842440843582 0.194354817271233 0.194867193698883 0.195379585027695 0.195891961455345 0.201984331011772 0.209936708211899 0.217889085412025 0.225841462612152
0.224148139357567 0.234585791826248 0.239108011126518 0.225883945822716 0.212659865617752 0.19943580031395 0.186211720108986 0.172987654805183 0.15976357460022 0.146539509296417 0.143071874976158 0.142856374382973 0.142640873789787 0.142425373196602 0.142209887504578 0.141994386911392 0.141778886318207 0.142197266221046 0.1445172727108 0.146837279200554 0.149157300591469 0.151477307081223 0.153797313570976 0.15611732006073 0.158437326550484 0.162128195166588 0.166276022791862 0.170423835515976 0.174571663141251 0.178719475865364 0.182867303490639 0.187015116214752 0.190249413251877 0.190743118524551 0.191236823797226 0.191730543971062 0.192224249243736 0.192717954516411 0.193211659789085 0.19370536506176 0.199658066034317 0.2074304074049 0.215202763676643 0.222975105047226
0.234071388840675 0.242180839180946 0.244946181774139 0.231679201126099 0.218412220478058 0.205145239830017 0.191878274083138 0.178611293435097 0.165344312787056 0.152077332139015 0.148380145430565 0.147872880101204 0.147365599870682 0.146858334541321 0.14635106921196 0.145843788981438 0.145336523652077 0.145490258932114 0.147626966238022 0.149763688445091 0.151900395750999 0.154037117958069 0.156173825263977 0.158310547471046 0.160447254776955 0.16365484893322 0.167219400405884 0.170783951878548 0.174348503351212 0.177913054823875 0.181477606296539 0.185042157769203 0.187962800264359 0.188951760530472 0.189940720796585 0.190929666161537 0.19191862642765 0.192907571792603 0.193896532058716 0.194885477423668 0.200291767716408 0.207170516252518 0.214049249887466 0.220927983522415
0.243994623422623 0.249775871634483 0.250784337520599 0.237474456429482 0.224164575338364 0.210854694247246 0.197544813156128 0.18423493206501 0.170925050973892 0.157615169882774 0.153688415884972 0.152889370918274 0.152090325951576 0.15129129588604 0.150492250919342 0.149693205952644 0.148894160985947 0.14878323674202 0.150736659765244 0.152690082788467 0.154643505811691 0.156596928834915 0.158550351858139 0.160503774881363 0.162457197904587 0.165181502699852 0.168162792921066 0.171144068241119 0.174125343561172 0.177106633782387 0.18008790910244 0.183069184422493 0.185676202178001 0.187160402536392 0.188644602894783 0.190128803253174 0.191613003611565 0.193097203969955 0.194581389427185 0.196065589785576 0.20092548429966 0.206910610198975 0.21289573609829 0.218880861997604
0.253917843103409 0.257370918989182 0.256622493267059 0.243269711732864 0.229916930198669 0.216564148664474 0.203211352229118 0.189858570694923 0.176505789160728 0.163152992725372 0.158996686339378 0.157905876636505 0.156815066933632 0.155724242329597 0.154633432626724 0.153542622923851 0.152451798319817 0.152076229453087 0.153846353292465 0.155616477131844 0.157386615872383 0.159156739711761 0.16092686355114 0.162696987390518 0.164467126131058 0.166708156466484 0.169106170535088 0.171504184603691 0.173902198672295 0.176300197839737 0.17869821190834 0.181096225976944 0.183389589190483 0.185369044542313 0.187348484992981 0.189327925443649 0.191307380795479 0.193286821246147 0.195266261696815 0.197245702147484 0.201559200882912 0.206650719046593 0.211742222309113 0.216833740472794
0.263841092586517 0.264965951442719 0.262460678815842 0.249064981937408 0.235669285058975 0.222273588180542 0.20887790620327 0.195482209324837 0.182086527347565 0.168690830469131 0.164304971694946 0.162922382354736 0.161539793014526 0.160157203674316 0.158774614334106 0.157392024993896 0.156009435653687 0.155369207262993 0.156956046819687 0.15854287147522 0.160129711031914 0.161716550588608 0.163303375244141 0.164890214800835 0.166477054357529 0.168234810233116 0.17004956305027 0.171864300966263 0.173679038882256 0.175493776798248 0.177308514714241 0.179123267531395 0.181102991104126 0.183577686548233 0.186052367091179 0.188527062535286 0.191001743078232 0.193476438522339 0.195951133966446 0.198425814509392 0.202192917466164 0.20639081299305 0.210588723421097 0.214786618947983
