data/working_set_collections/6091692-Cassins_Sparrow-M2/1990/gwetroot_avg.asc
NCOLS 265 
NROWS 230 
XLLCORNER -115.5625 
YLLCORNER 24.8333333333333 
CELLSIZE 0.0833333333333333 
NODATA_value -9999 
[rows 140 to 159 of 230, columns 0 to 43 of 265]
0.398416757583618 0.409329682588577 0.420242637395859 0.431155562400818 0.442068517208099 0.452981442213058 0.463894367218018 0.463911920785904 0.460297644138336 0.456683367490768 0.453069090843201 0.449454814195633 0.445840537548065 0.44222629070282 0.437889754772186 0.431386411190033 0.42488306760788 0.418379753828049 0.411876410245895 0.405373096466064 0.398869752883911 0.39236643910408 0.390912711620331 0.391142189502716 0.391371637582779 0.391601115465164 0.391830593347549 0.392060071229935 0.392289519309998 0.392863661050797 0.394471824169159 0.396079957485199 0.397688090801239 0.399296253919601 0.400904387235641 0.402512520551682 0.404120683670044 0.406032472848892 0.408045500516891 0.410058528184891 0.41207155585289 0.414084583520889 0.416097611188889 0.418110638856888
0.404906302690506 0.415020138025284 0.425133973360062 0.43524780869484 0.445361614227295 0.455475449562073 0.465589284896851 0.465567857027054 0.462167978286743 0.458768129348755 0.455368250608444 0.451968401670456 0.448568522930145 0.445168673992157 0.440939277410507 0.434221267700195 0.427503257989883 0.420785278081894 0.414067268371582 0.40734925866127 0.400631248950958 0.393913269042969 0.392333298921585 0.3924660384655 0.392598748207092 0.392731487751007 0.3928641974926 0.392996937036514 0.393129676580429 0.393636345863342 0.395264834165573 0.396893322467804 0.398521810770035 0.400150299072266 0.401778787374496 0.403407275676727 0.405035763978958 0.406992703676224 0.409059107303619 0.411125510931015 0.413191914558411 0.415258347988129 0.417324751615524 0.41939115524292
0.411395847797394 0.42071059346199 0.430025309324265 0.439340025186539 0.448654741048813 0.457969486713409 0.467284202575684 0.467223793268204 0.464038342237473 0.460852891206741 0.45766744017601 0.454481989145279 0.451296508312225 0.448111057281494 0.443988800048828 0.437056124210358 0.430123448371887 0.423190772533417 0.416258096694946 0.409325420856476 0.402392745018005 0.395460069179535 0.393753916025162 0.393789887428284 0.393825858831406 0.39386186003685 0.393897831439972 0.393933832645416 0.393969804048538 0.394409000873566 0.396057844161987 0.397706687450409 0.399355530738831 0.40100434422493 0.402653187513351 0.404302030801773 0.405950874090195 0.407952934503555 0.410072714090347 0.412192523479462 0.414312303066254 0.416432082653046 0.41855189204216 0.420671671628952
0.417885422706604 0.426401019096375 0.434916645288467 0.44343227148056 0.451947867870331 0.460463494062424 0.468979120254517 0.468879729509354 0.46590867638588 0.462937653064728 0.459966599941254 0.45699554681778 0.454024493694305 0.451053470373154 0.447038352489471 0.43989098072052 0.432743638753891 0.425596296787262 0.418448954820633 0.411301612854004 0.404154241085052 0.397006899118423 0.395174503326416 0.395113736391068 0.395052969455719 0.394992232322693 0.394931465387344 0.394870698451996 0.394809931516647 0.395181655883789 0.396850854158401 0.398520052433014 0.400189220905304 0.401858419179916 0.403527587652206 0.405196785926819 0.406865984201431 0.408913165330887 0.411086320877075 0.413259506225586 0.415432661771774 0.417605847120285 0.419779002666473 0.421952188014984
0.42446506023407 0.432134091854095 0.439803093671799 0.447472125291824 0.45514115691185 0.462810158729553 0.470479190349579 0.470401555299759 0.467741698026657 0.465081810951233 0.462421953678131 0.459762096405029 0.457102239131927 0.454442381858826 0.450687944889069 0.44364982843399 0.436611711978912 0.429573595523834 0.422535508871078 0.415497392416 0.408459275960922 0.401421159505844 0.399377822875977 0.39899942278862 0.398621022701263 0.398242622613907 0.39786422252655 0.397485822439194 0.397107392549515 0.397194743156433 0.398679226636887 0.400163739919662 0.401648253202438 0.403132766485214 0.40461727976799 0.406101793050766 0.407586306333542 0.409604519605637 0.411800593137741 0.413996696472168 0.416192799806595 0.418388903141022 0.420585006475449 0.422781109809875
0.431134790182114 0.437909722328186 0.444684654474258 0.451459616422653 0.458234548568726 0.465009480714798 0.471784442663193 0.471789240837097 0.469537317752838 0.467285424470901 0.465033531188965 0.462781608104706 0.460529714822769 0.45827779173851 0.454937607049942 0.448332637548447 0.441727668046951 0.435122698545456 0.428517729043961 0.421912759542465 0.41530779004097 0.408702820539474 0.406363874673843 0.405446916818619 0.404529988765717 0.403613030910492 0.40269610285759 0.401779145002365 0.40086218714714 0.400448203086853 0.401542991399765 0.402637809514999 0.403732627630234 0.404827445745468 0.405922263860703 0.407017052173615 0.408111870288849 0.410026997327805 0.412215560674667 0.41440412402153 0.416592687368393 0.418781250715256 0.420969814062119 0.423158377408981
0.437804520130157 0.443685382604599 0.44956624507904 0.455447107553482 0.461327970027924 0.467208832502365 0.473089665174484 0.473176926374435 0.471332967281342 0.46948903799057 0.467645078897476 0.465801119804382 0.463957160711288 0.462113231420517 0.459187299013138 0.453015476465225 0.446843653917313 0.440671801567078 0.434499979019165 0.428328156471252 0.42215633392334 0.415984511375427 0.41334992647171 0.41189444065094 0.41043895483017 0.408983469009399 0.407527983188629 0.406072497367859 0.404616981744766 0.403701663017273 0.404406756162643 0.405111879110336 0.405817002058029 0.4065220952034 0.407227218151093 0.407932311296463 0.408637434244156 0.410449475049973 0.412630528211594 0.414811551570892 0.416992574930191 0.419173628091812 0.421354651451111 0.42353567481041
0.444474250078201 0.44946101307869 0.4544478058815 0.459434598684311 0.464421361684799 0.46940815448761 0.474394917488098 0.474564611911774 0.473128616809845 -9999 0.470256626605988 -9999 -9999 0.465948641300201 0.463436961174011 0.457698285579681 0.451959609985352 0.446220904588699 0.44048222899437 0.43474355340004 0.429004848003387 0.423266172409058 0.420335978269577 0.418341934680939 0.416347920894623 0.414353877305984 0.412359863519669 0.41036581993103 0.408371806144714 0.406955122947693 0.407270520925522 0.407585948705673 0.407901346683502 0.408216774463654 0.408532172441483 0.408847600221634 0.409162998199463 0.410871982574463 0.413045465946198 0.415218979120255 0.417392492294312 0.419565975666046 0.421739488840103 0.423912972211838
0.451143980026245 0.455236673355103 0.45932936668396 0.463422060012817 0.467514783143997 0.471607476472855 0.475700169801712 0.475952327251434 0.474924266338348 -9999 -9999 -9999 -9999 -9999 0.467686653137207 0.462381094694138 0.45707556605339 0.451770007610321 0.446464478969574 0.441158920526505 0.435853391885757 0.430547833442688 0.427322030067444 0.42478945851326 0.422256886959076 0.419724315404892 0.417191743850708 0.414659172296524 0.41212660074234 0.410208582878113 0.4101342856884 0.41006001830101 0.409985721111298 0.409911423921585 0.409837156534195 0.409762859344482 0.40968856215477 0.411294460296631 0.413460433483124 0.415626406669617 0.41779237985611 0.419958353042603 0.422124296426773 0.424290269613266
0.457813709974289 0.461012333631516 0.464210957288742 0.467409551143646 0.470608174800873 0.473806798458099 0.477005422115326 0.477340012788773 0.476719915866852 -9999 -9999 -9999 -9999 -9999 -9999 -9999 0.462191522121429 0.457319110631943 0.452446728944778 -9999 -9999 0.437829524278641 0.434308081865311 0.431236952543259 0.428165853023529 0.425094723701477 0.422023624181747 0.418952494859695 0.415881395339966 0.413462042808533 0.412998050451279 0.412534058094025 0.412070095539093 0.411606103181839 0.411142110824585 0.410678118467331 0.410214126110077 0.411716967821121 0.41387540102005 0.416033834218979 0.418192267417908 0.420350700616837 0.422509133815765 0.424667567014694
0.457954466342926 0.460135787725449 0.462317109107971 0.464498430490494 0.466679781675339 0.468861103057861 0.471042424440384 0.471332550048828 0.470992296934128 -9999 -9999 -9999 -9999 -9999 -9999 -9999 -9999 -9999 -9999 -9999 -9999 -9999 0.441460937261581 0.438044667243958 0.434628367424011 0.431212097406387 0.427795797586441 0.424379497766495 0.420963227748871 0.418149769306183 0.417144805192947 0.416139870882034 0.415134906768799 0.414129942655563 0.41312500834465 0.412120044231415 0.411115080118179 0.41238796710968 0.41442009806633 0.41645222902298 0.418484389781952 0.420516520738602 0.422548681497574 0.424580812454224
0.451566249132156 0.452607065439224 0.453647881746292 0.454688727855682 0.45572954416275 0.45677039027214 0.457811206579208 0.457929968833923 0.457741379737854 -9999 -9999 -9999 -9999 -9999 -9999 -9999 -9999 -9999 -9999 -9999 -9999 -9999 -9999 0.445212543010712 0.441644459962845 0.438076376914978 0.434508293867111 0.430940210819244 0.427372127771378 0.424271762371063 0.422574579715729 0.420877367258072 0.419180184602737 0.417483001947403 0.415785819292068 0.414088636636734 0.412391424179077 0.413307458162308 0.415094554424286 0.416881650686264 0.418668746948242 0.42045584321022 0.422242909669876 0.424030005931854
0.445178002119064 0.445078343153 0.444978684186935 0.444878995418549 0.444779336452484 0.44467967748642 0.444579988718033 0.444527387619019 0.44449046254158 -9999 -9999 -9999 -9999 -9999 -9999 -9999 -9999 -9999 -9999 -9999 -9999 -9999 -9999 -9999 -9999 0.444940656423569 0.441220760345459 0.437500894069672 0.433780997991562 0.430393725633621 0.428004324436188 0.425614893436432 0.423225462436676 0.42083603143692 0.418446630239487 0.416057199239731 0.413667768239975 0.414226949214935 0.415769010782242 0.417311042547226 0.41885307431221 0.420395135879517 0.421937167644501 0.423479229211807
0.438789784908295 0.437549620866776 0.436309456825256 0.435069292783737 0.433829098939896 0.432588934898376 0.431348770856857 0.431124806404114 0.431239545345306 -9999 -9999 -9999 -9999 -9999 -9999 -9999 -9999 -9999 -9999 -9999 -9999 -9999 -9999 -9999 -9999 -9999 -9999 -9999 -9999 0.436515718698502 0.433434069156647 0.430352419614792 0.427270740270615 0.42418909072876 0.421107441186905 0.41802579164505 0.414944112300873 0.415146440267563 0.416443437337875 0.417740434408188 0.4190374314785 0.420334428548813 0.421631425619125 0.422928422689438
0.432401567697525 0.430020898580551 0.427640229463577 0.425259560346603 0.42287889122963 0.420498222112656 0.418117552995682 0.417722195386887 0.417988628149033 -9999 -9999 -9999 -9999 -9999 -9999 -9999 -9999 -9999 -9999 -9999 -9999 -9999 -9999 -9999 -9999 -9999 -9999 -9999 -9999 0.442637711763382 0.438863813877106 0.435089915990829 0.431316018104553 0.427542150020599 0.423768252134323 0.419994354248047 0.416220456361771 0.416065961122513 0.417117893695831 0.418169856071472 0.419221788644791 0.420273721218109 0.42132568359375 0.422377616167068
0.426013320684433 0.422492176294327 0.418971002101898 0.41544982790947 0.411928683519363 0.408407509326935 0.404886335134506 0.404319614171982 0.404737710952759 -9999 -9999 -9999 -9999 -9999 -9999 -9999 -9999 -9999 -9999 -9999 -9999 -9999 -9999 -9999 -9999 -9999 -9999 -9999 -9999 0.44875967502594 0.444293558597565 0.439827442169189 0.435361295938492 0.430895179510117 0.426429063081741 0.421962946653366 0.417496800422668 0.41698545217514 0.417792350053787 0.418599247932434 0.419406145811081 0.420213013887405 0.421019911766052 0.421826809644699
0.422344118356705 0.41901233792305 0.415680587291718 0.412348806858063 0.40901705622673 0.405685275793076 0.402353525161743 0.401440799236298 0.401334434747696 0.401228070259094 -9999 -9999 -9999 -9999 -9999 -9999 -9999 -9999 -9999 -9999 -9999 -9999 -9999 -9999 -9999 -9999 -9999 -9999 -9999 0.453698694705963 0.448698163032532 0.4436976313591 0.438697099685669 0.433696568012238 0.428696066141129 0.423695534467697 0.418695002794266 0.417890280485153 0.418484181165695 0.419078081846237 0.419671982526779 0.420265853404999 0.420859754085541 0.421453654766083
0.421393930912018 0.419581443071365 0.417768985033035 0.415956497192383 0.41414400935173 0.4123315513134 0.410519063472748 0.409085720777512 0.407778769731522 0.406471818685532 -9999 -9999 -9999 -9999 -9999 -9999 -9999 -9999 -9999 -9999 -9999 -9999 -9999 -9999 -9999 -9999 -9999 -9999 -9999 0.457454711198807 0.452077597379684 0.446700513362885 0.441323399543762 0.435946315526962 0.430569231510162 0.42519211769104 0.41981503367424 0.418780475854874 0.419193416833878 0.419606357812881 0.420019298791885 0.420432239770889 0.420845180749893 0.421258121728897
0.420443713665009 0.420150548219681 0.419857352972031 0.419564187526703 0.419270992279053 0.418977797031403 0.418684631586075 0.416730672121048 0.414223104715347 0.411715567111969 0.409208029508591 -9999 -9999 -9999 -9999 -9999 -9999 -9999 -9999 -9999 -9999 -9999 -9999 -9999 -9999 -9999 -9999 -9999 -9999 0.46121072769165 0.45545706152916 0.449703395366669 0.443949729204178 0.438196063041687 0.432442396879196 0.426688730716705 0.420935064554214 0.419670641422272 0.419902622699738 0.420134603977203 0.420366615056992 0.420598596334457 0.420830577611923 0.421062588691711
0.419493526220322 0.420719653367996 0.421945750713348 0.423171848058701 0.424397975206375 0.425624072551727 0.426850169897079 0.424375593662262 0.420667469501495 0.416959315538406 0.41325119137764 0.409543037414551 -9999 -9999 -9999 -9999 -9999 -9999 -9999 -9999 -9999 -9999 -9999 -9999 -9999 -9999 -9999 -9999 -9999 0.464966744184494 0.458836495876312 0.452706277370453 0.446576029062271 0.440445780754089 0.43431556224823 0.428185313940048 0.422055095434189 0.42056080698967 0.42061185836792 0.420662879943848 0.420713931322098 0.420764952898026 0.420816004276276 0.420867055654526
