data/working_set_collections/6091692-Cassins_Sparrow-M2/1990/gwetroot_avg.asc
NCOLS 265 
NROWS 230 
XLLCORNER -115.5625 
YLLCORNER 24.8333333333333 
CELLSIZE 0.0833333333333333 
NODATA_value -9999 
[rows 20 to 39 of 230, columns 88 to 131 of 265]
0.429419726133347 0.429810523986816 0.429206252098083 0.428601980209351 0.427997708320618 0.427393436431885 0.426789164543152 0.426184892654419 0.425580620765686 0.42537784576416 0.425308883190155 0.42523992061615 0.425170958042145 0.42510199546814 0.425033003091812 0.424964040517807 0.425409436225891 0.427397906780243 0.429386377334595 0.431374818086624 0.433363288640976 0.435351759195328 0.437340199947357 0.439328670501709 0.436805307865143 0.432778000831604 0.428750723600388 0.424723416566849 0.420696139335632 0.416668832302094 0.412641525268555 0.409158438444138 0.407307982444763 0.405457526445389 0.403607070446014 0.40175661444664 0.399906158447266 0.398055702447891 0.396205246448517 0.394521147012711 0.392892509698868 0.391263872385025 0.389635235071182 0.388006567955017
0.425622284412384 0.426001697778702 0.425959646701813 0.425917595624924 0.425875544548035 0.425833493471146 0.425791442394257 0.425749391317368 0.425707340240479 0.425782740116119 0.425897240638733 0.426011770963669 0.426126301288605 0.426240831613541 0.426355332136154 0.42646986246109 0.427071243524551 0.429133236408234 0.431195199489594 0.433257162570953 0.435319155454636 0.437381118535995 0.439443081617355 0.441505074501038 0.439027309417725 0.435036271810532 0.431045264005661 0.42705425620079 0.423063218593597 0.419072210788727 0.415081202983856 0.411534637212753 0.409321367740631 0.407108098268509 0.404894828796387 0.402681559324265 0.400468289852142 0.39825502038002 0.39604178071022 0.394152373075485 0.392370909452438 0.390589475631714 0.388808012008667 0.38702654838562
0.421824842691422 0.422192841768265 0.42271301150322 0.423233211040497 0.423753380775452 0.424273550510406 0.424793720245361 0.425313889980316 0.425834059715271 0.426187604665756 0.426485627889633 0.42678365111351 0.427081644535065 0.427379667758942 0.427677661180496 0.427975684404373 0.428733050823212 0.430868536233902 0.433004021644592 0.435139507055283 0.437274992465973 0.439410477876663 0.441545963287354 0.443681448698044 0.441249281167984 0.437294542789459 0.433339804410934 0.42938506603241 0.425430327653885 0.42147558927536 0.417520850896835 0.413910806179047 0.411334723234177 0.408758640289307 0.406182557344437 0.403606504201889 0.401030421257019 0.398454338312149 0.395878285169601 0.393783569335938 0.391849309206009 0.38991504907608 0.387980788946152 0.386046558618546
0.418027400970459 0.41838401556015 0.419466406106949 0.420548796653748 0.421631187200546 0.422713607549667 0.423795998096466 0.424878388643265 0.425960779190063 0.426592499017715 0.427074015140533 0.427555501461029 0.428036987781525 0.428518503904343 0.428999990224838 0.429481506347656 0.430394858121872 0.432603865861893 0.434812873601913 0.437021851539612 0.439230859279633 0.441439867019653 0.443648874759674 0.445857852697372 0.443471282720566 0.439552813768387 0.435634344816208 0.431715905666351 0.427797436714172 0.423878997564316 0.419960528612137 0.41628697514534 0.413348078727722 0.410409212112427 0.407470315694809 0.404531419277191 0.401592552661896 0.398653656244278 0.395714789628983 0.39341476559639 0.391327708959579 0.389240652322769 0.387153595685959 0.385066539049149
0.415880292654037 0.416398227214813 0.418361634016037 0.420325070619583 0.422288477420807 0.424251914024353 0.426215350627899 0.428178757429123 0.430142194032669 0.43080198764801 0.431027263402939 0.431252509355545 0.431477785110474 0.43170303106308 0.431928306818008 0.432153582572937 0.43289777636528 0.435198873281479 0.437499940395355 0.439801037311554 0.44210210442543 0.444403201341629 0.446704268455505 0.449005365371704 0.446618229150772 0.442668318748474 0.438718438148499 0.434768557548523 0.430818647146225 0.426868766546249 0.422918856143951 0.419139742851257 0.415872871875763 0.412606000900269 0.409339159727097 0.406072288751602 0.402805417776108 0.399538576602936 0.396271705627441 0.393791109323502 0.391572594642639 0.389354079961777 0.387135535478592 0.38491702079773
0.415383517742157 0.416235476732254 0.419398725032806 0.422561973333359 0.425725251436234 0.428888499736786 0.432051777839661 0.435215026140213 0.438378274440765 0.438816070556641 0.438345372676849 0.437874674797058 0.437404006719589 0.436933308839798 0.436462610960007 0.435991913080215 0.436241835355759 0.43865355849266 0.441065281629562 0.443477034568787 0.445888757705688 0.448300510644913 0.450712233781815 0.453123956918716 0.450690120458603 0.446641087532043 0.442592054605484 0.438543021678925 0.434493958950043 0.430444926023483 0.426395893096924 0.422469109296799 0.418909102678299 0.415349096059799 0.411789089441299 0.4082290828228 0.404669046401978 0.401109039783478 0.397549033164978 0.394912570714951 0.392583936452866 0.390255302190781 0.387926667928696 0.385598033666611
0.414886742830276 0.416072726249695 0.420435816049576 0.424798905849457 0.429161995649338 0.433525085449219 0.4378881752491 0.442251265048981 0.446614384651184 0.446830153465271 0.445663511753082 0.444496840238571 0.443330198526382 0.442163556814194 0.440996915102005 0.439830243587494 0.439585864543915 0.442108243703842 0.44463062286377 0.447153031826019 0.449675410985947 0.452197790145874 0.454720199108124 0.457242578268051 0.454762041568756 0.450613856315613 0.44646567106247 0.442317485809326 0.43816927075386 0.434021085500717 0.429872900247574 0.42579847574234 0.421945333480835 0.418092161417007 0.414239019155502 0.410385847091675 0.40653270483017 0.402679532766342 0.398826390504837 0.3960340321064 0.393595278263092 0.391156554222107 0.388717800378799 0.386279046535492
0.414389967918396 0.415909975767136 0.421472907066345 0.427035838365555 0.432598769664764 0.438161700963974 0.443724602460861 0.449287533760071 0.45485046505928 0.454844236373901 0.452981621026993 0.451119035482407 0.449256420135498 0.44739380478859 0.445531189441681 0.443668603897095 0.442929893732071 0.445562928915024 0.448195964097977 0.450829029083252 0.453462064266205 0.456095099449158 0.458728134632111 0.461361169815063 0.458833932876587 0.45458659529686 0.450339257717133 0.446091949939728 0.441844612360001 0.437597274780273 0.433349937200546 0.429127842187881 0.424981534481049 0.420835256576538 0.416688948869705 0.412542641162872 0.408396333456039 0.404250025749207 0.400103718042374 0.397155493497849 0.394606649875641 0.392057776451111 0.389508932828903 0.386960089206696
0.413893193006516 0.415747255086899 0.422509998083115 0.429272770881653 0.436035513877869 0.442798286676407 0.449561029672623 0.456323802471161 0.463086545467377 0.462858319282532 0.460299760103226 0.45774120092392 0.455182641744614 0.452624052762985 0.450065493583679 0.447506934404373 0.446273922920227 0.449017614126205 0.451761305332184 0.454504996538162 0.457248717546463 0.459992408752441 0.46273609995842 0.465479791164398 0.46290585398674 0.458559364080429 0.454212874174118 0.449866414070129 0.445519924163818 0.441173434257507 0.436826944351196 0.432457238435745 0.428017765283585 0.423578321933746 0.419138878583908 0.414699405431747 0.410259962081909 0.405820488929749 0.40138104557991 0.398276954889297 0.395617991685867 0.392959028482437 0.390300065279007 0.387641102075577
0.413396447896957 0.41558450460434 0.423547089099884 0.431509673595428 0.439472287893295 0.44743487238884 0.455397456884384 0.463360041379929 0.471322655677795 0.470872402191162 0.467617869377136 0.464363366365433 0.461108833551407 0.457854330539703 0.454599797725677 0.451345264911652 0.449617952108383 0.452472299337387 0.455326646566391 0.458180993795395 0.461035341024399 0.463889688253403 0.466744035482407 0.46959838271141 0.466977745294571 0.462532132863998 0.458086490631104 0.453640878200531 0.449195235967636 0.444749593734741 0.440303981304169 0.435786604881287 0.431053996086121 0.426321387290955 0.421588808298111 0.416856199502945 0.412123590707779 0.407390981912613 0.402658373117447 0.399398416280746 0.396629333496094 0.393860250711441 0.391091197729111 0.388322114944458
0.414283394813538 0.416410058736801 0.424945086240768 0.433480113744736 0.442015141248703 0.45055016875267 0.459085196256638 0.467620223760605 0.476155251264572 0.475477159023285 0.471728026866913 0.467978894710541 0.464229792356491 0.460480660200119 0.456731557846069 0.452982425689697 0.450890243053436 0.453768908977509 0.456647574901581 0.459526240825653 0.462404906749725 0.465283542871475 0.468162208795547 0.47104087471962 0.468494087457657 0.464138805866241 0.459783524274826 0.455428242683411 0.451072961091995 0.44671767950058 0.442362397909164 0.43788006901741 0.43301659822464 0.42815312743187 0.423289656639099 0.418426185846329 0.413562715053558 0.408699244260788 0.403835773468018 0.400515377521515 0.397709310054779 0.394903242588043 0.392097175121307 0.389291137456894
0.416554063558578 0.418223947286606 0.42670401930809 0.435184061527252 0.443664103746414 0.452144175767899 0.460624217987061 0.469104260206223 0.477584332227707 0.476672559976578 0.472630202770233 0.468587845563889 0.464545488357544 0.460503101348877 0.456460744142532 0.452418386936188 0.450090765953064 0.452907413244247 0.455724060535431 0.458540707826614 0.461357325315475 0.464173972606659 0.466990619897842 0.469807267189026 0.467454850673676 0.463379412889481 0.459303975105286 0.455228537321091 0.451153129339218 0.447077691555023 0.443002253770828 0.438737660646439 0.433905601501465 0.429073542356491 0.424241483211517 0.419409424066544 0.41457736492157 0.409745305776596 0.404913246631622 0.401627779006958 0.398857891559601 0.396087974309921 0.393318057060242 0.390548169612885
0.418824732303619 0.42003783583641 0.42846292257309 0.436888009309769 0.445313096046448 0.453738152980804 0.462163239717484 0.470588326454163 0.479013413190842 0.477867960929871 0.473532378673553 0.469196766614914 0.464861154556274 0.460525542497635 0.456189960241318 0.451854348182678 0.449291288852692 0.452045917510986 0.454800546169281 0.457555145025253 0.460309773683548 0.463064402341843 0.465819031000137 0.46857362985611 0.466415613889694 0.46262001991272 0.458824425935745 0.455028861761093 0.451233267784119 0.447437673807144 0.44364207983017 0.439595252275467 0.43479460477829 0.42999392747879 0.425193279981613 0.420392632484436 0.415591984987259 0.410791337490082 0.405990689992905 0.402740210294724 0.4000064432621 0.397272706031799 0.394538938999176 0.391805201768875
0.42109540104866 0.421851724386215 0.430221825838089 0.438591957092285 0.446962058544159 0.455332159996033 0.463702261447906 0.472072392702103 0.480442494153976 0.479063391685486 0.474434524774551 0.469805687665939 0.465176850557327 0.460548013448715 0.455919146537781 0.451290309429169 0.448491811752319 0.451184421777725 0.453877031803131 0.456569612026215 0.45926222205162 0.461954832077026 0.46464741230011 0.467340022325516 0.465376377105713 0.461860626935959 0.458344876766205 0.454829156398773 0.451313406229019 0.447797685861588 0.444281935691833 0.440452814102173 0.435683578252792 0.430914342403412 0.426145106554031 0.421375870704651 0.41660663485527 0.411837369203568 0.407068133354187 0.403852641582489 0.401155024766922 0.398457437753677 0.39575982093811 0.393062233924866
0.423366069793701 0.42366561293602 0.431980758905411 0.440295875072479 0.44861102104187 0.456926167011261 0.465241312980652 0.47355642914772 0.481871575117111 0.480258792638779 0.475336700677872 0.470414608716965 0.46549254655838 0.460570454597473 0.455648362636566 0.450726270675659 0.447692334651947 0.450322926044464 0.452953517436981 0.455584079027176 0.458214670419693 0.460845232009888 0.463475823402405 0.466106414794922 0.464337140321732 0.461101233959198 0.457865357398987 0.454629451036453 0.451393574476242 0.448157668113708 0.444921791553497 0.441310405731201 0.436572581529617 0.431834757328033 0.427096903324127 0.422359079122543 0.41762125492096 0.412883430719376 0.408145606517792 0.404965043067932 0.402303606271744 0.399642139673233 0.396980702877045 0.394319266080856
0.425636738538742 0.425479501485825 0.43373966217041 0.441999822854996 0.450259983539581 0.458520174026489 0.466780334711075 0.47504049539566 0.483300656080246 0.481454193592072 0.476238876581192 0.471023559570312 0.465808212757111 0.460592895746231 0.455377548933029 0.45016223192215 0.446892857551575 0.449461430311203 0.452030003070831 0.454598546028137 0.457167118787766 0.459735661745071 0.4623042345047 0.464872777462006 0.46329790353775 0.460341840982437 0.457385808229446 0.454429745674133 0.451473712921143 0.448517680168152 0.445561617612839 0.44216799736023 0.43746155500412 0.432755142450333 0.428048729896545 0.423342317342758 0.418635874986649 0.413929462432861 0.409223049879074 0.406077474355698 0.403452187776566 0.400826871395111 0.398201584815979 0.395576298236847
0.427254974842072 0.426665931940079 0.434204816818237 0.441743701696396 0.449282586574554 0.456821471452713 0.464360356330872 0.47189924120903 0.479438126087189 0.477808386087418 0.473122447729111 0.468436479568481 0.463750541210175 0.459064602851868 0.454378664493561 0.449692726135254 0.446827173233032 0.449422806501389 0.452018439769745 0.454614102840424 0.45720973610878 0.459805369377136 0.462401002645493 0.464996635913849 0.463411629199982 0.460433036088943 0.457454472780228 0.454475909471512 0.451497316360474 0.448518753051758 0.44554015994072 0.442129909992218 0.437424570322037 0.432719230651855 0.428013890981674 0.423308551311493 0.418603211641312 0.41389787197113 0.409192532300949 0.405676394701004 0.402556657791138 0.399436920881271 0.396317183971405 0.393197447061539
0.428220808506012 0.427224963903427 0.433376222848892 0.43952751159668 0.445678800344467 0.451830089092255 0.457981377840042 0.464132636785507 0.470283925533295 0.469321310520172 0.465987384319305 0.462653458118439 0.459319531917572 0.455985605716705 0.452651679515839 0.449317753314972 0.44749528169632 0.450207084417343 0.452918887138367 0.455630719661713 0.458342522382736 0.46105432510376 0.463766157627106 0.466477960348129 0.464678317308426 0.461374819278717 0.458071351051331 0.454767882823944 0.451464384794235 0.448160916566849 0.44485741853714 0.441196173429489 0.436461597681046 0.43172699213028 0.426992416381836 0.42225781083107 0.417523235082626 0.412788659334183 0.408054053783417 0.403761833906174 0.399617075920105 0.395472288131714 0.391327500343323 0.387182742357254
0.429186642169952 0.427783966064453 0.43254765868187 0.437311321496964 0.44207501411438 0.446838706731796 0.45160236954689 0.456366062164307 0.461129754781723 0.460834234952927 0.4588523209095 0.456870436668396 0.45488852262497 0.452906608581543 0.450924694538116 0.448942810297012 0.448163360357285 0.450991362333298 0.453819334506989 0.456647336483002 0.459475338459015 0.462303310632706 0.465131312608719 0.46795928478241 0.46594500541687 0.462316602468491 0.458688229322433 0.455059856176376 0.451431453227997 0.44780308008194 0.44417467713356 0.44026243686676 0.435498595237732 0.430734753608704 0.425970941781998 0.421207100152969 0.416443258523941 0.411679416894913 0.406915605068207 0.401847273111343 0.39667746424675 0.391507655382156 0.386337846517563 0.381168037652969
0.43015244603157 0.428342968225479 0.431719064712524 0.435095131397247 0.438471227884293 0.441847294569016 0.445223391056061 0.448599487543106 0.451975554227829 0.452347159385681 0.451717287302017 0.451087385416031 0.450457513332367 0.449827611446381 0.449197739362717 0.44856783747673 0.448831468820572 0.451775640249252 0.45471978187561 0.457663953304291 0.460608124732971 0.463552296161652 0.466496467590332 0.46944060921669 0.467211693525314 0.463258385658264 0.459305107593536 0.455351829528809 0.451398521661758 0.447445243597031 0.44349193572998 0.439328700304031 0.434535622596741 0.42974254488945 0.424949437379837 0.420156359672546 0.415363281965256 0.410570204257965 0.405777126550674 0.399932712316513 0.393737852573395 0.387543022632599 0.381348162889481 0.375153303146362
