data/working_set_collections/6091692-Cassins_Sparrow-M2/1990/gwetroot_avg.asc
NCOLS 265 
NROWS 230 
XLLCORNER -115.5625 
YLLCORNER 24.8333333333333 
CELLSIZE 0.0833333333333333 
NODATA_value -9999 
[rows 80 to 99 of 230, columns 132 to 175 of 265]
0.453503310680389 0.455654263496399 0.458189368247986 0.461876809597015 0.465564280748367 0.469251751899719 0.472939193248749 0.476626664400101 0.480314135551453 0.484001606702805 0.481673717498779 0.477340757846832 0.473007768392563 0.468674808740616 0.464341819286346 0.460008859634399 0.455675899982452 0.451214283704758 0.446366727352142 0.441519200801849 0.436671644449234 0.431824117898941 0.426976561546326 0.422129034996033 0.417281478643417 0.411397874355316 0.405168861150742 0.398939877748489 0.392710894346237 0.386481910943985 0.380252927541733 0.374023944139481 0.368972063064575 0.367451578378677 0.36593109369278 0.364410609006882 0.362890094518661 0.361369609832764 0.359849125146866 0.358328640460968 0.358396023511887 0.358992755413055 0.359589457511902 0.360186159610748
0.450348198413849 0.451299905776978 0.452998101711273 0.456935793161392 0.460873514413834 0.464811205863953 0.468748927116394 0.472686618566513 0.476624310016632 0.480562031269073 0.479234963655472 0.476152956485748 0.473070949316025 0.469988942146301 0.466906934976578 0.463824927806854 0.460742920637131 0.456964254379272 0.451095640659332 0.445227056741714 0.439358443021774 0.433489859104156 0.427621245384216 0.421752661466599 0.415884047746658 0.410540580749512 0.405372142791748 0.400203675031662 0.395035237073898 0.389866799116135 0.384698361158371 0.379529923200607 0.375228077173233 0.373526066541672 0.37182405591011 0.370122045278549 0.368420004844666 0.366717994213104 0.365015983581543 0.363313972949982 0.363239884376526 0.363708436489105 0.364176988601685 0.364645540714264
0.447193115949631 0.446945548057556 0.447806835174561 0.451994776725769 0.4561827480793 0.460370689630508 0.464558631181717 0.468746572732925 0.472934514284134 0.477122455835342 0.476796180009842 0.474965125322342 0.473134100437164 0.471303045749664 0.469472020864487 0.467640966176987 0.465809941291809 0.462714225053787 0.455824583768845 0.44893491268158 0.442045241594315 0.435155600309372 0.428265929222107 0.421376287937164 0.414486616849899 0.409683287143707 0.405575394630432 0.401467472314835 0.397359579801559 0.393251687288284 0.389143794775009 0.385035902261734 0.381484091281891 0.379600554704666 0.377717018127441 0.375833481550217 0.373949944972992 0.372066378593445 0.37018284201622 0.368299305438995 0.368083715438843 0.368424117565155 0.368764519691467 0.36910492181778
0.44403800368309 0.442591160535812 0.44261559844017 0.447053760290146 0.451491951942444 0.455930143594742 0.46036833524704 0.464806526899338 0.469244718551636 0.473682910203934 0.474357396364212 0.473777323961258 0.473197251558304 0.47261717915535 0.472037106752396 0.471457034349442 0.470876961946487 0.468464225530624 0.460553497076035 0.452642768621445 0.444732069969177 0.436821341514587 0.428910613059998 0.420999884605408 0.41308918595314 0.408825993537903 0.405778646469116 0.40273129940033 0.399683922529221 0.396636575460434 0.393589228391647 0.390541881322861 0.387740105390549 0.38567504286766 0.383609980344772 0.381544917821884 0.379479855298996 0.377414792776108 0.375349700450897 0.373284637928009 0.372927576303482 0.373139798641205 0.37335205078125 0.373564302921295
0.440718740224838 0.438453078269958 0.43773627281189 0.441665977239609 0.445595681667328 0.449525386095047 0.453455090522766 0.457384824752808 0.461314529180527 0.465244233608246 0.466195523738861 0.466154038906097 0.466112524271011 0.466071009635925 0.466029495000839 0.465988010168076 0.46594649553299 0.464036881923676 0.456522941589355 0.449008971452713 0.441495031118393 0.433981090784073 0.426467150449753 0.41895318031311 0.41143923997879 0.407629430294037 0.405054360628128 0.402479261159897 0.399904161691666 0.397329062223434 0.394753992557526 0.392178893089294 0.389757513999939 0.387797266244888 0.385837018489838 0.383876770734787 0.381916522979736 0.379956275224686 0.377996027469635 0.376035779714584 0.37564143538475 0.375769019126892 0.375896602869034 0.376024186611176
0.437235355377197 0.434531301259995 0.433168858289719 0.435831397771835 0.43849390745163 0.441156417131424 0.443818926811218 0.446481436491013 0.449143975973129 0.451806485652924 0.452310621738434 0.45209527015686 0.451879918575287 0.451664596796036 0.451449245214462 0.451233893632889 0.451018571853638 0.449432224035263 0.443732887506485 0.438033521175385 0.432334184646606 0.426634848117828 0.42093551158905 0.41523614525795 0.409536808729172 0.406093627214432 0.403402507305145 0.400711387395859 0.398020267486572 0.395329147577286 0.392638027667999 0.389946907758713 0.387536317110062 0.38596722483635 0.384398132562637 0.382829070091248 0.381259977817535 0.379690915346146 0.378121823072433 0.376552760601044 0.376225292682648 0.376311719417572 0.376398146152496 0.376484572887421
0.433751970529556 0.430609494447708 0.42860147356987 0.42999678850174 0.431392103433609 0.432787448167801 0.43418276309967 0.43557807803154 0.436973422765732 0.438368737697601 0.438425689935684 0.438036501407623 0.437647342681885 0.437258154153824 0.436868965625763 0.436479806900024 0.436090618371964 0.434827566146851 0.430942833423615 0.427058070898056 0.42317333817482 0.419288605451584 0.415403872728348 0.411519110202789 0.407634377479553 0.404557824134827 0.401750683784485 0.398943543434143 0.396136373281479 0.393329232931137 0.390522092580795 0.387714952230453 0.385315090417862 0.384137183427811 0.382959276437759 0.381781369447708 0.380603432655334 0.379425525665283 0.378247618675232 0.377069711685181 0.376809179782867 0.376854449510574 0.376899689435959 0.376944959163666
0.430268555879593 0.426687687635422 0.424034088850021 0.424162209033966 0.424290329217911 0.424418449401855 0.424546599388123 0.424674719572067 0.424802839756012 0.424930989742279 0.424540758132935 0.423977732658386 0.42341473698616 0.422851711511612 0.422288715839386 0.42172572016716 0.421162694692612 0.420222908258438 0.418152779340744 0.416082620620728 0.414012491703033 0.411942362785339 0.409872233867645 0.407802075147629 0.405731946229935 0.403022021055222 0.400098860263824 0.397175669670105 0.394252508878708 0.391329318284988 0.388406127691269 0.385482966899872 0.383093893527985 0.382307142019272 0.381520390510559 0.380733639001846 0.379946917295456 0.379160165786743 0.37837341427803 0.377586662769318 0.377393037080765 0.377397149801254 0.377401232719421 0.377405345439911
0.426785171031952 0.422765910625458 0.41946667432785 0.418327629566193 0.417188555002213 0.416049480438232 0.414910435676575 0.413771361112595 0.412632286548615 0.411493211984634 0.410655826330185 0.409918993711472 0.409182131290436 0.408445298671722 0.407708466053009 0.406971603631973 0.40623477101326 0.405618250370026 0.405362725257874 0.405107170343399 0.404851645231247 0.404596120119095 0.404340595006943 0.404085040092468 0.403829514980316 0.401486217975616 0.398447006940842 0.395407825708389 0.392368614673615 0.38932940363884 0.386290192604065 0.38325098156929 0.380872696638107 0.380477100610733 0.380081534385681 0.379685938358307 0.379290372133255 0.378894776105881 0.378499209880829 0.378103613853455 0.377976924180984 0.377939850091934 0.377902805805206 0.377865731716156
0.423301756381989 0.418844103813171 0.414899289608002 0.412493020296097 0.410086780786514 0.407680511474609 0.405274242162704 0.402868002653122 0.400461733341217 0.398055464029312 0.396770894527435 0.395860224962234 0.394949555397034 0.39403885602951 0.39312818646431 0.392217516899109 0.391306817531586 0.391013592481613 0.392572671175003 0.394131720066071 0.39569079875946 0.39724987745285 0.39880895614624 0.400368005037308 0.401927083730698 0.399950414896011 0.396795183420181 0.393639951944351 0.390484720468521 0.387329488992691 0.384174257516861 0.381018996238708 0.378651469945908 0.378647059202194 0.378642648458481 0.378638237714767 0.378633826971054 0.378629416227341 0.378624975681305 0.378620564937592 0.378560811281204 0.378482580184937 0.378404349088669 0.378326117992401
0.421197086572647 0.416665822267532 0.412490606307983 0.409383594989777 0.40627658367157 0.403169572353363 0.400062561035156 0.396955549716949 0.393848538398743 0.390741527080536 0.38922193646431 0.388231515884399 0.387241065502167 0.386250615119934 0.385260194540024 0.384269744157791 0.383279293775558 0.38310906291008 0.385399460792542 0.387689858675003 0.389980256557465 0.392270624637604 0.394561022520065 0.396851420402527 0.399141818284988 0.39748951792717 0.394523024559021 0.39155650138855 0.388589978218079 0.38562348484993 0.382656961679459 0.37969046831131 0.377507030963898 0.377672791481018 0.377838581800461 0.378004372119904 0.378170162439346 0.378335952758789 0.378501743078232 0.378667533397675 0.378681838512421 0.378645658493042 0.378609478473663 0.378573298454285
0.420471131801605 0.416231036186218 0.412240654230118 0.40899932384491 0.405757993459702 0.402516692876816 0.399275362491608 0.3960340321064 0.392792701721191 0.389551371335983 0.388008952140808 0.387032836675644 0.386056691408157 0.385080575942993 0.384104430675507 0.383128315210342 0.382152169942856 0.381904691457748 0.383843123912811 0.385781556367874 0.387719988822937 0.389658421278 0.391596853733063 0.393535286188126 0.395473718643188 0.394103527069092 0.391630500555038 0.389157474040985 0.386684417724609 0.384211391210556 0.381738364696503 0.379265308380127 0.37743929028511 0.377554327249527 0.377669364213943 0.37778440117836 0.377899408340454 0.378014445304871 0.378129482269287 0.378244519233704 0.378340065479279 0.378429144620895 0.378518223762512 0.378607273101807
0.419745177030563 0.415796279907227 0.41199067234993 0.408615052700043 0.405239403247833 0.401863783597946 0.398488134145737 0.39511251449585 0.39173686504364 0.388361245393753 0.386795967817307 0.385834157466888 0.384872317314148 0.38391050696373 0.382948696613312 0.381986856460571 0.381025046110153 0.380700290203094 0.382286757230759 0.383873254060745 0.385459721088409 0.387046188116074 0.388632655143738 0.390219122171402 0.391805589199066 0.390717536211014 0.388737976551056 0.386758416891098 0.38477885723114 0.382799297571182 0.380819737911224 0.378840178251266 0.377371579408646 0.377435863018036 0.377500116825104 0.377564400434494 0.377628654241562 0.377692937850952 0.37775719165802 0.37782147526741 0.377998292446136 0.378212630748749 0.378426939249039 0.378641277551651
0.419019222259521 0.415361493825912 0.411740720272064 0.408230781555176 0.404720842838287 0.401210874319077 0.397700935602188 0.3941909968853 0.390681058168411 0.3871710896492 0.385582983493805 0.384635478258133 0.383687973022461 0.382740437984467 0.381792932748795 0.380845427513123 0.379897922277451 0.379495918750763 0.380730420351028 0.381964921951294 0.383199453353882 0.384433954954147 0.385668456554413 0.386902958154678 0.388137489557266 0.387331545352936 0.385845452547073 0.384359389543533 0.382873296737671 0.381387233734131 0.379901140928268 0.378415048122406 0.377303868532181 0.377317368984222 0.377330899238586 0.377344399690628 0.37735790014267 0.377371430397034 0.377384930849075 0.377398431301117 0.377656519412994 0.37799608707428 0.378335684537888 0.378675252199173
0.41829326748848 0.414926737546921 0.411490768194199 0.407846510410309 0.404202252626419 0.400557994842529 0.39691373705864 0.39326947927475 0.38962522149086 0.38598096370697 0.384369999170303 0.383436799049377 0.382503598928452 0.381570398807526 0.3806371986866 0.379703998565674 0.378770798444748 0.378291517496109 0.379174083471298 0.380056619644165 0.380939185619354 0.381821721792221 0.38270428776741 0.383586823940277 0.384469360113144 0.383945554494858 0.382952958345413 0.381960332393646 0.380967736244202 0.379975140094757 0.378982543945312 0.377989917993546 0.377236157655716 0.377198904752731 0.377161651849747 0.377124398946762 0.3770871758461 0.377049922943115 0.377012670040131 0.376975417137146 0.37731471657753 0.377779573202133 0.378244400024414 0.378709226846695
0.417567312717438 0.414491951465607 0.411240786314011 0.407462239265442 0.403683662414551 0.39990508556366 0.396126538515091 0.3923479616642 0.388569384813309 0.38479083776474 0.383157014846802 0.382238119840622 0.381319224834442 0.380400329828262 0.379481434822083 0.378562569618225 0.377643674612045 0.377087146043777 0.377617716789246 0.378148317337036 0.378678917884827 0.379209488630295 0.379740089178085 0.380270659923553 0.380801260471344 0.38055956363678 0.380060434341431 0.379561305046082 0.379062175750732 0.378563046455383 0.378063917160034 0.377564787864685 0.377168446779251 0.37708044052124 0.376992434263229 0.376904428005219 0.376816421747208 0.376728415489197 0.376640379428864 0.376552373170853 0.376972943544388 0.377563029527664 0.378153145313263 0.378743231296539
0.415530025959015 0.412529647350311 0.40935805439949 0.405672937631607 0.401987820863724 0.398302674293518 0.394617557525635 0.390932410955429 0.387247294187546 0.38356214761734 0.381679862737656 0.380398541688919 0.37911719083786 0.377835869789124 0.376554518938065 0.375273197889328 0.373991847038269 0.373252958059311 0.374141335487366 0.375029742717743 0.375918120145798 0.376806527376175 0.377694934606552 0.378583312034607 0.379471719264984 0.379409283399582 0.379029929637909 0.378650546073914 0.378271192312241 0.377891808748245 0.377512454986572 0.377133101224899 0.376848936080933 0.37685039639473 0.376851856708527 0.376853317022324 0.376854777336121 0.376856237649918 0.376857697963715 0.376859158277512 0.377662092447281 0.378732204437256 0.379802286624908 0.380872398614883
0.412181377410889 0.40903976559639 0.405842572450638 0.402478635311127 0.399114698171616 0.395750731229782 0.392386794090271 0.38902285695076 0.385658919811249 0.382294982671738 0.379938572645187 0.377918034791946 0.375897496938705 0.373876959085464 0.371856421232224 0.369835883378983 0.367815345525742 0.366788923740387 0.368744909763336 0.370700865983963 0.372656852006912 0.374612808227539 0.376568794250488 0.378524750471115 0.380480736494064 0.380494743585587 0.379861414432526 0.379228085279465 0.378594785928726 0.377961456775665 0.377328127622604 0.376694828271866 0.37627762556076 0.376508772373199 0.376739919185638 0.3769710958004 0.377202242612839 0.377433389425278 0.377664566040039 0.377895712852478 0.379382163286209 0.381287008523941 0.383191883563995 0.38509675860405
0.408832758665085 0.405549913644791 0.402327060699463 0.399284332990646 0.396241575479507 0.393198817968369 0.39015606045723 0.387113302946091 0.384070545434952 0.381027787923813 0.378197282552719 0.375437557697296 0.372677803039551 0.369918078184128 0.367158323526382 0.36439859867096 0.361638844013214 0.360324919223785 0.363348484039307 0.366372019052505 0.369395554065704 0.372419118881226 0.375442653894424 0.378466218709946 0.381489753723145 0.381580173969269 0.380692899227142 0.379805624485016 0.378918379545212 0.378031104803085 0.377143830060959 0.376256555318832 0.375706315040588 0.376167148351669 0.376628011465073 0.377088874578476 0.377549707889557 0.37801057100296 0.378471404314041 0.378932267427444 0.381102204322815 0.383841842412949 0.386581480503082 0.389321118593216
0.405484110116959 0.402060031890869 0.39881157875061 0.396090000867844 0.393368452787399 0.390646874904633 0.387925297021866 0.385203748941422 0.382482171058655 0.379760593175888 0.376456022262573 0.372957050800323 0.369458109140396 0.365959167480469 0.362460225820541 0.358961284160614 0.355462342500687 0.353860914707184 0.357952028512955 0.362043172121048 0.366134285926819 0.37022539973259 0.374316513538361 0.378407657146454 0.382498770952225 0.382665634155273 0.381524413824081 0.380383193492889 0.379241943359375 0.378100723028183 0.376959502696991 0.375818282365799 0.375135004520416 0.375825554132462 0.376516103744507 0.377206653356552 0.377897202968597 0.37858772277832 0.379278272390366 0.379968822002411 0.382822275161743 0.386396676301956 0.389971077442169 0.393545478582382
