data/working_set_collections/6091692-Cassins_Sparrow-M2/1990/gwetprof_avg.asc
NCOLS 265 
NROWS 230 
XLLCORNER -115.5625 
YLLCORNER 24.8333333333333 
CELLSIZE 0.0833333333333333 
NODATA_value -9999 
[rows 0 to 19 of 230, columns 176 to 219 of 265]
0.522417783737183 0.524055004119873 0.525692224502563 0.526905417442322 0.526846468448639 0.526787579059601 0.526728689670563 0.526669800281525 0.526610910892487 0.526551961898804 0.526493072509766 0.521524012088776 0.514918148517609 0.508312284946442 0.501706480979919 0.495100647211075 0.48849481344223 0.481888979673386 0.476140052080154 0.472961813211441 0.469783574342728 0.466605335474014 0.463427096605301 0.460248857736588 0.457070618867874 0.453892379999161 0.453111290931702 0.453129261732101 0.453147232532501 0.453165203332901 0.453183174133301 0.453201144933701 0.4532191157341 0.453852623701096 0.456332623958588 0.45881262421608 0.461292624473572 0.463772624731064 0.466252654790878 0.46873265504837 0.471212655305862 0.473216116428375 0.475060701370239 0.476905286312103
0.516424775123596 0.519695580005646 0.522966384887695 0.525473356246948 0.525688827037811 0.525904357433319 0.526119828224182 0.52633535861969 0.526550829410553 0.526766300201416 0.526981830596924 0.521943926811218 0.515154957771301 0.50836592912674 0.501576900482178 0.494787931442261 0.487998902797699 0.48120990395546 0.47530123591423 0.472033590078354 0.468765914440155 0.465498268604279 0.46223059296608 0.458962947130203 0.455695271492004 0.452427625656128 0.451864689588547 0.45220336318016 0.452542006969452 0.452880650758743 0.453219324350357 0.453557968139648 0.453896641731262 0.454736649990082 0.457080721855164 0.459424823522568 0.46176889538765 0.464112997055054 0.466457068920135 0.46880117058754 0.471145242452621 0.472959578037262 0.474597305059433 0.476235061883926
0.510431826114655 0.515336215496063 0.520240604877472 0.524041295051575 0.524531185626984 0.525021076202393 0.525510966777802 0.52600085735321 0.526490747928619 0.526980638504028 0.527470529079437 0.522363901138306 0.515391707420349 0.508419513702393 0.501447379589081 0.494475185871124 0.48750302195549 0.480530858039856 0.474462449550629 0.471105366945267 0.467748284339905 0.464391201734543 0.461034119129181 0.457677036523819 0.454319953918457 0.450962871313095 0.450618118047714 0.451277434825897 0.451936781406403 0.452596127986908 0.453255474567413 0.453914791345596 0.454574137926102 0.455620676279068 0.457828849554062 0.460037022829056 0.462245166301727 0.464453339576721 0.466661512851715 0.468869656324387 0.47107782959938 0.472703039646149 0.474133938550949 0.47556483745575
0.504438877105713 0.510976850986481 0.517514765262604 0.522609293460846 0.523373544216156 0.524137854576111 0.524902105331421 0.525666415691376 0.526430666446686 0.527194976806641 0.527959287166595 0.522783815860748 0.515628516674042 0.50847315788269 0.501317799091339 0.49416247010231 0.487007141113281 0.47985178232193 0.473623663187027 0.470177173614502 0.466730654239655 0.46328416466713 0.459837645292282 0.456391155719757 0.45294463634491 0.449498116970062 0.449371516704559 0.450351536273956 0.451331555843353 0.45231157541275 0.453291594982147 0.454271614551544 0.455251634120941 0.456504702568054 0.458576947450638 0.460649192333221 0.462721437215805 0.464793682098389 0.466865926980972 0.468938171863556 0.47101041674614 0.472446501255035 0.473670572042465 0.474894613027573
0.498445928096771 0.506617426872253 0.514788925647736 0.521177232265472 0.522215902805328 0.523254573345184 0.524293303489685 0.525331974029541 0.526370644569397 0.527409315109253 0.528447985649109 0.523203790187836 0.51586526632309 0.508526742458344 0.501188278198242 0.493849754333496 0.48651123046875 0.479172736406326 0.472784876823425 0.469248950481415 0.465713024139404 0.462177097797394 0.458641171455383 0.455105245113373 0.451569318771362 0.448033392429352 0.448124915361404 0.449425637722015 0.450726330280304 0.452027022838593 0.453327745199203 0.454628437757492 0.455929160118103 0.457388758659363 0.459325075149536 0.46126139163971 0.463197708129883 0.465134054422379 0.467070370912552 0.469006687402725 0.470943003892899 0.472189992666245 0.473207175731659 0.474224388599396
0.492452949285507 0.502258062362671 0.512063145637512 0.519745230674744 0.521058261394501 0.522371351718903 0.523684442043304 0.524997472763062 0.526310563087463 0.527623653411865 0.528936684131622 0.523623704910278 0.516102075576782 0.508580386638641 0.5010586977005 0.493537038564682 0.486015349626541 0.478493690490723 0.471946090459824 0.468320727348328 0.464695394039154 0.461070030927658 0.457444697618484 0.453819334506989 0.450194001197815 0.446568638086319 0.446878343820572 0.448499739170074 0.450121104717255 0.451742500066757 0.453363865613937 0.45498526096344 0.456606656312943 0.458272784948349 0.460073202848434 0.461873590946198 0.463673979043961 0.465474396944046 0.467274785041809 0.469075202941895 0.470875591039658 0.471933454275131 0.472743809223175 0.473554134368896
0.477018177509308 0.487062364816666 0.497106552124023 0.505220890045166 0.507545530796051 0.509870231151581 0.512194871902466 0.514519572257996 0.516844213008881 0.51916891336441 0.521493554115295 0.517197728157043 0.510695040225983 0.504192352294922 0.497689694166183 0.491187036037445 0.484684348106384 0.478181660175323 0.472361862659454 0.468590766191483 0.464819639921188 0.461048513650894 0.4572773873806 0.453506290912628 0.449735164642334 0.44596403837204 0.446148961782455 0.447652548551559 0.449156135320663 0.450659722089767 0.452163308858871 0.453666895627975 0.455170482397079 0.456763029098511 0.458622545003891 0.460482031106949 0.462341547012329 0.464201033115387 0.466060549020767 0.467920035123825 0.469779551029205 0.470773488283157 0.471478939056396 0.472184360027313
0.452141553163528 0.461030393838882 0.469919234514236 0.477604240179062 0.481677711009979 0.485751181840897 0.489824682474136 0.493898153305054 0.497971624135971 0.502045094966888 0.506118595600128 0.503925800323486 0.499644309282303 0.495362788438797 0.491081267595291 0.486799746751785 0.482518225908279 0.478236705064774 0.474032253026962 0.470059007406235 0.466085761785507 0.462112545967102 0.458139300346375 0.454166054725647 0.450192809104919 0.446219593286514 0.445936769247055 0.44688406586647 0.447831362485886 0.448778688907623 0.449725985527039 0.450673282146454 0.451620608568192 0.452859491109848 0.454973101615906 0.457086741924286 0.459200352430344 0.461313992738724 0.463427603244781 0.465541243553162 0.467654854059219 0.468710124492645 0.469412565231323 0.470115035772324
0.427264928817749 0.434998422861099 0.442731916904449 0.449987590312958 0.455809861421585 0.461632162332535 0.467454463243484 0.473276734352112 0.479099035263062 0.484921306371689 0.490743607282639 0.490653902292252 0.488593548536301 0.48653319478035 0.484472811222076 0.482412457466125 0.480352103710175 0.478291720151901 0.475702613592148 0.471527248620987 0.467351913452148 0.463176548480988 0.459001183509827 0.454825848340988 0.450650483369827 0.446475118398666 0.445724546909332 0.446115583181381 0.44650661945343 0.446897655725479 0.447288662195206 0.447679698467255 0.448070734739304 0.448955953121185 0.451323688030243 0.453691452741623 0.456059187650681 0.458426922559738 0.460794687271118 0.463162422180176 0.465530186891556 0.466646730899811 0.467346221208572 0.468045711517334
0.402388334274292 0.408966451883316 0.41554456949234 0.422370940446854 0.429942041635513 0.437513142824173 0.445084244012833 0.452655345201492 0.46022641658783 0.467797517776489 0.475368618965149 0.477382004261017 0.477542787790298 0.47770357131958 0.477864384651184 0.478025168180466 0.47818598151207 0.478346765041351 0.477373003959656 0.472995519638062 0.468618035316467 0.464240580797195 0.459863096475601 0.455485612154007 0.451108157634735 0.446730673313141 0.445512354373932 0.445347130298615 0.445181876420975 0.445016622543335 0.444851368665695 0.444686114788055 0.444520860910416 0.4450523853302 0.44767427444458 0.450296133756638 0.452918022871017 0.455539882183075 0.458161741495132 0.460783630609512 0.46340548992157 0.464583337306976 0.465279877185822 0.465976387262344
0.377511709928513 0.382934480905533 0.388357251882553 0.39475429058075 0.404074192047119 0.413394123315811 0.422714024782181 0.43203392624855 0.44135382771492 0.45067372918129 0.459993630647659 0.46411007642746 0.466492027044296 0.468873977661133 0.471255928277969 0.473637878894806 0.476019829511642 0.478401780128479 0.479043364524841 0.474463760852814 0.469884186983109 0.465304583311081 0.460724979639053 0.456145405769348 0.451565802097321 0.446986228227615 0.445300161838531 0.444578647613525 0.443857103586197 0.443135589361191 0.442414045333862 0.441692531108856 0.440970987081528 0.441148847341537 0.444024831056595 0.446900844573975 0.449776828289032 0.452652841806412 0.455528825521469 0.458404809236526 0.461280822753906 0.462519973516464 0.463213503360748 0.463907063007355
0.352635085582733 0.35690250992775 0.361169904470444 0.367137670516968 0.378206372261047 0.389275074005127 0.400343805551529 0.411412507295609 0.42248123884201 0.43354994058609 0.44461864233017 0.450838148593903 0.455441266298294 0.460044384002686 0.464647501707077 0.469250619411469 0.473853707313538 0.478456825017929 0.480713725090027 0.475932031869888 0.471150308847427 0.466368615627289 0.461586892604828 0.456805169582367 0.452023476362228 0.447241753339767 0.445087969303131 0.443810164928436 0.442532360553741 0.441254556179047 0.439976751804352 0.438698947429657 0.437421143054962 0.437245309352875 0.440375417470932 0.443505525588989 0.446635663509369 0.449765771627426 0.452895879745483 0.456026017665863 0.45915612578392 0.46045657992363 0.461147159337997 0.461837738752365
0.329640865325928 0.332920014858246 0.336199134588242 0.341640084981918 0.353566467761993 0.365492850542068 0.377419233322144 0.389345586299896 0.401271969079971 0.413198351860046 0.425124734640121 0.432420134544373 0.438171863555908 0.443923592567444 0.449675351381302 0.455427080392838 0.461178809404373 0.466930538415909 0.470080465078354 0.46542501449585 0.460769563913345 0.456114113330841 0.451458662748337 0.446803212165833 0.442147761583328 0.437492311000824 0.435681134462357 0.434818089008331 0.433955013751984 0.433091968297958 0.432228922843933 0.431365847587585 0.43050280213356 0.430827051401138 0.434713184833527 0.438599348068237 0.442485511302948 0.446371674537659 0.450257837772369 0.45414400100708 0.458030164241791 0.459600955247879 0.460399955511093 0.461198955774307
0.308529049158096 0.310986965894699 0.313444882631302 0.318261563777924 0.330154478549957 0.342047363519669 0.353940278291702 0.365833193063736 0.377726078033447 0.389618992805481 0.401511907577515 0.408856004476547 0.414683818817139 0.42051163315773 0.426339477300644 0.432167291641235 0.437995105981827 0.443822950124741 0.447143614292145 0.442942768335342 0.438741952180862 0.434541136026382 0.430340319871902 0.426139503717422 0.42193865776062 0.41773784160614 0.41707968711853 0.417602390050888 0.418125122785568 0.418647825717926 0.419170558452606 0.419693261384964 0.420215994119644 0.421894043684006 0.427038162946701 0.432182312011719 0.437326431274414 0.442470550537109 0.447614669799805 0.4527587890625 0.457902908325195 0.45995306968689 0.460971921682358 0.461990773677826
0.287417203187943 0.289053916931152 0.290690660476685 0.294883042573929 0.306742489337921 0.318601906299591 0.330461353063583 0.342320770025253 0.354180216789246 0.366039633750916 0.377899050712585 0.3852918446064 0.391195774078369 0.397099673748016 0.403003603219986 0.408907502889633 0.414811432361603 0.42071533203125 0.424206733703613 0.420460551977158 0.41671434044838 0.412968158721924 0.409221947193146 0.40547576546669 0.401729583740234 0.397983372211456 0.398478209972382 0.400386691093445 0.40229520201683 0.404203683137894 0.406112194061279 0.408020675182343 0.409929186105728 0.412961065769196 0.419363141059875 0.425765246152878 0.432167321443558 0.43856942653656 0.44497150182724 0.45137357711792 0.457775682210922 0.460305213928223 0.461543887853622 0.462782561779022
0.266305387020111 0.267120897769928 0.267936408519745 0.271504551172256 0.283330500125885 0.295156449079514 0.306982398033142 0.318808346986771 0.330634325742722 0.34246027469635 0.354286223649979 0.361727714538574 0.3677077293396 0.373687714338303 0.379667729139328 0.385647743940353 0.391627728939056 0.397607743740082 0.401269853115082 0.39797830581665 0.394686728715897 0.391395181417465 0.388103604316711 0.38481205701828 0.381520479917526 0.378228932619095 0.379876732826233 0.383170992136002 0.386465281248093 0.389759540557861 0.393053829669952 0.396348088979721 0.399642378091812 0.404028087854385 0.41168811917305 0.419348180294037 0.427008241415024 0.434668272733688 0.442328333854675 0.449988394975662 0.457648426294327 0.460657328367233 0.462115854024887 0.463574349880219
0.245193555951118 0.245187863707542 0.245182171463966 0.248126029968262 0.259918510913849 0.271710991859436 0.283503472805023 0.29529595375061 0.307088434696198 0.318880915641785 0.330673396587372 0.338163584470749 0.34421968460083 0.350275754928589 0.35633185505867 0.362387955188751 0.368444055318832 0.374500155448914 0.37833297252655 0.375496059656143 0.372659116983414 0.369822174310684 0.366985261440277 0.364148318767548 0.36131140589714 0.358474463224411 0.361275255680084 0.365955322980881 0.370635360479355 0.375315397977829 0.379995465278625 0.3846755027771 0.389355540275574 0.395095080137253 0.404013097286224 0.412931114435196 0.421849131584167 0.430767148733139 0.439685165882111 0.448603183031082 0.457521200180054 0.461009472608566 0.462687820196152 0.464366167783737
0.224081724882126 0.223254829645157 0.222427934408188 0.224747508764267 0.236506521701813 0.248265519738197 0.260024517774582 0.271783530712128 0.283542543649673 0.295301556587219 0.307060539722443 0.314599454402924 0.320731639862061 0.326863795518875 0.332995980978012 0.339128166437149 0.345260351896286 0.351392537355423 0.355396121740341 0.353013813495636 0.350631505250931 0.348249197006226 0.34586688876152 0.343484610319138 0.341102302074432 0.338719993829727 0.342673778533936 0.348739624023438 0.354805439710617 0.360871255397797 0.366937100887299 0.373002916574478 0.379068732261658 0.386162102222443 0.396338075399399 0.406514048576355 0.416690051555634 0.42686602473259 0.437041997909546 0.447217971086502 0.457393944263458 0.461361587047577 0.463259756565094 0.465157955884933
0.213525056838989 0.212457984685898 0.211390912532806 0.213371858000755 0.224496811628342 0.235621765255928 0.246746718883514 0.25787165760994 0.268996626138687 0.280121564865112 0.29124653339386 0.298442512750626 0.304328829050064 0.310215175151825 0.316101491451263 0.321987807750702 0.32787412405014 0.333760470151901 0.337664783000946 0.33562308549881 0.333581387996674 0.33153972029686 0.329498022794724 0.327456325292587 0.325414627790451 0.323372930288315 0.328542798757553 0.336116462945938 0.343690156936646 0.351263850927353 0.358837515115738 0.366411209106445 0.373984903097153 0.382369011640549 0.39318436384201 0.403999745845795 0.414815127849579 0.425630509853363 0.436445891857147 0.447261273860931 0.458076655864716 0.462365925312042 0.464479863643646 0.46659380197525
0.21352356672287 0.212797343730927 0.212071120738983 0.213999032974243 0.223889365792274 0.233779698610306 0.243670016527176 0.253560334444046 0.263450682163239 0.273341000080109 0.283231317996979 0.289692789316177 0.295011311769485 0.300329834222794 0.305648326873779 0.310966849327087 0.316285371780396 0.321603864431381 0.325138986110687 0.323323875665665 0.321508795022964 0.319693684577942 0.317878603935242 0.316063493490219 0.314248383045197 0.312433302402496 0.31888222694397 0.328085869550705 0.337289482355118 0.346493124961853 0.355696737766266 0.364900380373001 0.374103993177414 0.383715778589249 0.394551992416382 0.405388206243515 0.416224420070648 0.427060633897781 0.437896847724915 0.448733061552048 0.459569275379181 0.464022517204285 0.466348111629486 0.46867373585701
