data/working_set_collections/6091692-Cassins_Sparrow-M2/1990/gwetprof_avg.asc
NCOLS 265 
NROWS 230 
XLLCORNER -115.5625 
YLLCORNER 24.8333333333333 
CELLSIZE 0.0833333333333333 
NODATA_value -9999 
[rows 40 to 59 of 230, columns 44 to 87 of 265]
0.523624420166016 0.528259575366974 0.532894670963287 0.537529826164246 0.542164981365204 0.546800136566162 0.55143529176712 0.556070446968079 0.552602231502533 0.546432912349701 0.540263593196869 0.534094274044037 0.527924954891205 0.521755635738373 0.515586376190186 0.50817745923996 0.497049957513809 0.485922396183014 0.474794864654541 0.463667333126068 0.452539801597595 0.441412270069122 0.430284738540649 0.430535435676575 0.43457892537117 0.438622385263443 0.442665845155716 0.446709334850311 0.450752794742584 0.454796254634857 0.45758044719696 0.456586748361588 0.455593079328537 0.454599380493164 0.453605711460114 0.452612012624741 0.451618313789368 0.450624644756317 0.448326528072357 0.445593625307083 0.442860722541809 0.440127789974213 0.437394887208939 0.434661984443665
0.518531501293182 0.524137318134308 0.529743134975433 0.535349011421204 0.540954828262329 0.546560645103455 0.55216646194458 0.557772278785706 0.555333256721497 0.550212621688843 0.545092046260834 0.53997141122818 0.534850776195526 0.529730200767517 0.524609565734863 0.517535328865051 0.50460010766983 0.491664916276932 0.478729695081711 0.465794503688812 0.452859282493591 0.439924091100693 0.426988869905472 0.427210748195648 0.431818336248398 0.436425894498825 0.441033452749252 0.445641040802002 0.450248599052429 0.454856187105179 0.458094835281372 0.457226783037186 0.456358760595322 0.455490708351135 0.454622656106949 0.453754603862762 0.452886551618576 0.45201849937439 0.449774891138077 0.447072774171829 0.444370657205582 0.441668510437012 0.438966393470764 0.436264276504517
0.512229859828949 0.518474161624908 0.524718463420868 0.530962765216827 0.537207067012787 0.543451368808746 0.549695670604706 0.555939972400665 0.554112792015076 0.549595177173615 0.545077562332153 0.540559887886047 0.536042273044586 0.531524658203125 0.527007043361664 0.520163416862488 0.506341874599457 0.492520302534103 0.47869873046875 0.464877158403397 0.451055616140366 0.437234044075012 0.423412501811981 0.423448890447617 0.4281045794487 0.432760298252106 0.437415987253189 0.442071676254272 0.446727395057678 0.451383084058762 0.454759538173676 0.454298257827759 0.453836977481842 0.453375667333603 0.452914386987686 0.452453106641769 0.45199179649353 0.451530516147614 0.44951331615448 0.446977496147156 0.444441676139832 0.441905826330185 0.439370006322861 0.436834186315536
0.504719436168671 0.511270046234131 0.517820596694946 0.524371206760406 0.530921757221222 0.537472307682037 0.544022917747498 0.550573468208313 0.54894083738327 0.544580519199371 0.540220141410828 0.535859763622284 0.531499445438385 0.527139067649841 0.522778689861298 0.516061782836914 0.502275168895721 0.488488584756851 0.474701970815659 0.460915386676788 0.447128772735596 0.433342158794403 0.419555574655533 0.419249802827835 0.423437684774399 0.42762553691864 0.431813418865204 0.436001271009445 0.440189152956009 0.44437700510025 0.447574555873871 0.447801142930984 0.448027729988098 0.448254317045212 0.448480904102325 0.448707491159439 0.448934078216553 0.449160665273666 0.447541773319244 0.44530776143074 0.443073749542236 0.440839737653732 0.438605725765228 0.436371713876724
0.497209042310715 0.504065930843353 0.510922729969025 0.517779588699341 0.524636447429657 0.531493306159973 0.538350164890289 0.545207023620605 0.543768882751465 0.539565801620483 0.535362720489502 0.53115963935852 0.526956558227539 0.522753477096558 0.518550395965576 0.51196014881134 0.498208522796631 0.484456866979599 0.470705211162567 0.456953585147858 0.443201929330826 0.429450273513794 0.415698647499084 0.415050745010376 0.418770790100098 0.422490805387497 0.426210850477219 0.429930865764618 0.43365091085434 0.437370926141739 0.440389573574066 0.44130402803421 0.442218482494354 0.443132966756821 0.444047421216965 0.444961875677109 0.445876330137253 0.446790784597397 0.445570260286331 0.443638056516647 0.441705852746964 0.43977364897728 0.437841445207596 0.435909241437912
0.489698648452759 0.496861755847931 0.504024922847748 0.51118803024292 0.518351137638092 0.525514304637909 0.532677412033081 0.539840519428253 0.538596928119659 0.53455114364624 0.530505299568176 0.526459515094757 0.522413671016693 0.518367886543274 0.51432204246521 0.507858514785767 0.494141846895218 0.480425149202347 0.466708451509476 0.452991783618927 0.439275085926056 0.425558388233185 0.411841720342636 0.410851687192917 0.414103865623474 0.417356073856354 0.420608282089233 0.423860460519791 0.42711266875267 0.43036487698555 0.433204591274261 0.434806942939758 0.436409264802933 0.438011586666107 0.439613938331604 0.441216260194778 0.442818582057953 0.44442093372345 0.443598717451096 0.441968321800232 0.440337955951691 0.438707560300827 0.437077164649963 0.435446798801422
0.48218822479248 0.489657640457153 0.497127026319504 0.504596471786499 0.512065827846527 0.5195352435112 0.527004659175873 0.534474074840546 0.533425033092499 0.529536485671997 0.525647938251495 0.521759390830994 0.517870843410492 0.51398229598999 0.510093748569489 0.503756880760193 0.490075170993805 0.476393431425095 0.462711721658707 0.449029982089996 0.435348242521286 0.421666502952576 0.407984763383865 0.406652629375458 0.409436970949173 0.412221342325211 0.415005713701248 0.417790055274963 0.420574426651001 0.423358798027039 0.426019608974457 0.428309828042984 0.430600017309189 0.432890236377716 0.435180425643921 0.437470644712448 0.439760863780975 0.44205105304718 0.44162717461586 0.440298616886139 0.438970029354095 0.437641471624374 0.436312884092331 0.43498432636261
0.474677830934525 0.482453495264053 0.490229189395905 0.498004853725433 0.505780518054962 0.513556241989136 0.521331906318665 0.529107570648193 0.528253078460693 0.524521768093109 0.52079051733017 0.51705926656723 0.513327956199646 0.509596705436707 0.505865454673767 0.499655276536942 0.486008495092392 0.472361713647842 0.458714962005615 0.445068180561066 0.431421399116516 0.417774617671967 0.404127836227417 0.402453541755676 0.404770076274872 0.407086610794067 0.409403145313263 0.411719650030136 0.414036184549332 0.416352719068527 0.418834626674652 0.42181271314621 0.424790799617767 0.427768856287003 0.43074694275856 0.433725029230118 0.436703115701675 0.439681202173233 0.439655631780624 0.438628882169724 0.437602132558823 0.436575382947922 0.435548603534698 0.434521853923798
0.468963861465454 0.477343708276749 0.485723555088043 0.494103401899338 0.502483248710632 0.510863065719604 0.519242942333221 0.527622759342194 0.526140332221985 0.521370410919189 0.516600489616394 0.511830568313599 0.507060647010803 0.502290725708008 0.497520804405212 0.490819692611694 0.478325068950653 0.465830415487289 0.453335791826248 0.440841168165207 0.428346514701843 0.415851891040802 0.403357267379761 0.40223091840744 0.404893964529037 0.407557040452957 0.410220116376877 0.412883192300797 0.415546268224716 0.418209344148636 0.42105221748352 0.424434512853622 0.427816808223724 0.431199103593826 0.434581398963928 0.43796369433403 0.441345989704132 0.444728285074234 0.44440034031868 0.442835628986359 0.441270917654037 0.439706236124039 0.438141524791718 0.436576843261719
0.465046316385269 0.474328219890594 0.48361012339592 0.492892026901245 0.502173900604248 0.511455833911896 0.520737707614899 0.530019640922546 0.527086734771729 0.520082235336304 0.513077795505524 0.506073296070099 0.499068796634674 0.492064327001572 0.485059827566147 0.477250158786774 0.467024832963943 0.456799536943436 0.446574240922928 0.436348915100098 0.42612361907959 0.415898323059082 0.405673027038574 0.405984669923782 0.409808665513992 0.413632661104202 0.417456656694412 0.421280652284622 0.425104647874832 0.428928643465042 0.43267235159874 0.436175227165222 0.439678072929382 0.443180918693542 0.446683764457703 0.450186610221863 0.453689485788345 0.457192331552505 0.455861240625381 0.452918857336044 0.449976444244385 0.447034031152725 0.444091647863388 0.441149234771729
0.461128801107407 0.471312761306763 0.481496721506119 0.491680651903152 0.501864612102509 0.512048602104187 0.522232532501221 0.532416462898254 0.528033196926117 0.518794119358063 0.509555101394653 0.500316023826599 0.491076976060867 0.481837928295135 0.472598880529404 0.463680595159531 0.455724626779556 0.447768658399582 0.439812690019608 0.431856691837311 0.423900723457336 0.415944755077362 0.407988756895065 0.409738451242447 0.414723366498947 0.41970831155777 0.42469322681427 0.42967814207077 0.43466305732727 0.439647972583771 0.444292515516281 0.4479159116745 0.45153933763504 0.455162733793259 0.458786159753799 0.462409555912018 0.466032981872559 0.469656378030777 0.467322140932083 0.463002055883408 0.45868194103241 0.454361855983734 0.450041741132736 0.445721656084061
0.457211285829544 0.468297272920609 0.479383289813995 0.490469306707382 0.501555323600769 0.512641310691833 0.523727357387543 0.534813344478607 0.528979659080505 0.517506003379822 0.506032407283783 0.494558781385422 0.483085155487061 0.471611559391022 0.46013793349266 0.45011106133461 0.444424420595169 0.438737779855728 0.433051109313965 0.427364468574524 0.421677827835083 0.41599115729332 0.410304516553879 0.413492232561111 0.419638067483902 0.425783932209015 0.431929767131805 0.438075602054596 0.444221436977386 0.450367271900177 0.4559126496315 0.459656625986099 0.463400602340698 0.467144548892975 0.470888525247574 0.474632501602173 0.478376448154449 0.482120424509048 0.478783071041107 0.473085254430771 0.467387467622757 0.461689680814743 0.455991864204407 0.450294077396393
0.453293740749359 0.465281814336777 0.477269858121872 0.48925793170929 0.501245975494385 0.513234078884125 0.52522212266922 0.537210166454315 0.529926061630249 0.516217887401581 0.502509713172913 0.488801538944244 0.475093334913254 0.461385160684586 0.447676986455917 0.436541527509689 0.43312418460846 0.429706871509552 0.426289558410645 0.422872245311737 0.41945493221283 0.4160375893116 0.412620276212692 0.417246013879776 0.424552798271179 0.43185955286026 0.439166307449341 0.446473062038422 0.453779846429825 0.461086601018906 0.467532813549042 0.471397340297699 0.475261867046356 0.479126363992691 0.482990890741348 0.486855417490005 0.490719944238663 0.49458447098732 0.490243971347809 0.483168482780457 0.476092964410782 0.46901747584343 0.461941987276077 0.454866468906403
0.449376225471497 0.462266325950623 0.475156456232071 0.488046586513519 0.500936686992645 0.513826787471771 0.526716947555542 0.539607048034668 0.530872523784637 0.51492977142334 0.498987019062042 0.483044266700745 0.467101514339447 0.451158791780472 0.435216039419174 0.422971963882446 0.421823978424072 0.420675992965698 0.419528007507324 0.41838002204895 0.417232006788254 0.41608402132988 0.414936035871506 0.420999795198441 0.429467499256134 0.437935173511505 0.446402847766876 0.45487055182457 0.463338226079941 0.471805930137634 0.479152947664261 0.483138024806976 0.487123101949692 0.49110820889473 0.495093286037445 0.49907836318016 0.503063440322876 0.507048547267914 0.50170487165451 0.49325168132782 0.484798491001129 0.476345300674438 0.467892080545425 0.459438890218735
0.445052653551102 0.457589119672775 0.470125585794449 0.4826620221138 0.495198488235474 0.507734954357147 0.520271420478821 0.532807886600494 0.523842096328735 0.50770890712738 0.49157577753067 0.475442588329315 0.459309428930283 0.44317626953125 0.427043080329895 0.414983004331589 0.415142208337784 0.415301412343979 0.415460616350174 0.415619820356369 0.415779024362564 0.415938228368759 0.416097432374954 0.422927439212799 0.431981027126312 0.441034644842148 0.450088232755661 0.459141820669174 0.468195408582687 0.477249026298523 0.485097944736481 0.489332914352417 0.493567883968353 0.497802823781967 0.502037823200226 0.506272733211517 0.510507702827454 0.51474267244339 0.509205937385559 0.500411927700043 0.491617947816849 0.482823967933655 0.474029958248138 0.465235978364944
0.440323084592819 0.451250165700912 0.462177246809006 0.473104327917099 0.484031409025192 0.494958490133286 0.505885601043701 0.516812682151794 0.508834838867188 0.49455538392067 0.480275958776474 0.465996503829956 0.451717048883438 0.43743759393692 0.423158168792725 0.412574648857117 0.413078904151917 0.413583189249039 0.414087444543839 0.414591699838638 0.41509598493576 0.41560024023056 0.416104525327682 0.423028945922852 0.432093441486359 0.441157937049866 0.450222432613373 0.45928692817688 0.468351423740387 0.477415889501572 0.485367804765701 0.489981979131699 0.494596123695374 0.499210298061371 0.503824472427368 0.508438587188721 0.513052761554718 0.517666935920715 0.51274710893631 0.504649221897125 0.496551334857941 0.488453477621078 0.480355620384216 0.472257763147354
0.435593485832214 0.444911181926727 0.454228907823563 0.463546603918076 0.472864329814911 0.482182025909424 0.491499751806259 0.500817477703094 0.49382758140564 0.481401860713959 0.468976140022278 0.456550389528275 0.444124668836594 0.431698948144913 0.419273227453232 0.410166263580322 0.411015599966049 0.411864936351776 0.412714272737503 0.41356360912323 0.414412915706635 0.415262252092361 0.416111588478088 0.423130482435226 0.432205855846405 0.441281229257584 0.450356632471085 0.459432005882263 0.468507409095764 0.477582782506943 0.485637664794922 0.490631014108658 0.495624393224716 0.500617742538452 0.50561112165451 0.510604500770569 0.515597820281982 0.520591199398041 0.516288220882416 0.508886516094208 0.501484751701355 0.494083017110825 0.486681252717972 0.479279518127441
0.43086388707161 0.438572227954865 0.44628056883812 0.453988909721375 0.461697220802307 0.469405561685562 0.477113902568817 0.484822243452072 0.478820323944092 0.468248307704926 0.457676321268082 0.447104305028915 0.436532288789749 0.425960302352905 0.415388286113739 0.407757878303528 0.408952295780182 0.410146683454514 0.411341071128845 0.412535488605499 0.413729876279831 0.414924263954163 0.416118681430817 0.423231989145279 0.432318270206451 0.441404551267624 0.450490832328796 0.459577113389969 0.468663394451141 0.477749675512314 0.485907524824142 0.491280078887939 0.496652632951736 0.502025187015533 0.507397770881653 0.512770354747772 0.518142879009247 0.523515462875366 0.519829392433167 0.513123750686646 0.506418168544769 0.499712526798248 0.49300691485405 0.486301273107529
0.426134288311005 0.432233273983002 0.438332229852676 0.444431185722351 0.450530141592026 0.4566290974617 0.462728083133698 0.468827039003372 0.463813066482544 0.455094784498215 0.446376502513885 0.437658220529556 0.428939938545227 0.420221626758575 0.411503344774246 0.405349493026733 0.406888961791992 0.408428430557251 0.40996789932251 0.411507368087769 0.413046807050705 0.414586275815964 0.416125744581223 0.423333495855331 0.432430654764175 0.441527843475342 0.450625032186508 0.459722191095352 0.468819379806519 0.477916538715363 0.486177384853363 0.491929143667221 0.497680902481079 0.50343269109726 0.509184420108795 0.514936208724976 0.520687937736511 0.526439726352692 0.523370563983917 0.517361044883728 0.511351525783539 0.505342066287994 0.499332547187805 0.493323057889938
0.421404719352722 0.425894290208817 0.430383890867233 0.434873461723328 0.439363062381744 0.443852663040161 0.448342233896255 0.452831834554672 0.448805809020996 0.441941231489182 0.435076683759689 0.428212106227875 0.421347558498383 0.414482980966568 0.407618433237076 0.402941137552261 0.404825657606125 0.406710177659988 0.408594697713852 0.410479247570038 0.412363767623901 0.414248287677765 0.416132807731628 0.423435002565384 0.432543069124222 0.44165113568306 0.45075923204422 0.459867298603058 0.468975365161896 0.478083431720734 0.486447215080261 0.49257817864418 0.498709172010422 0.504840135574341 0.510971069335938 0.517102062702179 0.52323305606842 0.529363989830017 0.526911675930023 0.521598339080811 0.516284942626953 0.510971546173096 0.505658209323883 0.500344812870026
