data/working_set_collections/6091692-Cassins_Sparrow-M2/1990/gwetprof_avg.asc
NCOLS 265 
NROWS 230 
XLLCORNER -115.5625 
YLLCORNER 24.8333333333333 
CELLSIZE 0.0833333333333333 
NODATA_value -9999 
[rows 60 to 79 of 230, columns 44 to 87 of 265]
0.423454970121384 0.426405102014542 0.4293552339077 0.432305365800858 0.435255497694016 0.438205629587173 0.441155761480331 0.444105893373489 0.440380841493607 0.434430718421936 0.428480565547943 0.422530442476273 0.416580319404602 0.410630196332932 0.404680073261261 0.400695592164993 0.402608036994934 0.404520511627197 0.406432956457138 0.408345401287079 0.410257875919342 0.412170320749283 0.414082795381546 0.421427965164185 0.430584073066711 0.439740180969238 0.448896288871765 0.458052396774292 0.467208504676819 0.476364612579346 0.484726399183273 0.490705281496048 0.496684163808823 0.50266307592392 0.50864189863205 0.514620780944824 0.520599663257599 0.526578545570374 0.524940252304077 0.520762801170349 0.516585409641266 0.512408018112183 0.508230626583099 0.504053235054016
0.432285070419312 0.433765649795532 0.435246258974075 0.436726868152618 0.438207447528839 0.439688056707382 0.441168636083603 0.442649245262146 0.438538163900375 0.432563185691833 0.426588207483292 0.42061322927475 0.414638251066208 0.408663272857666 0.402688294649124 0.398612886667252 0.400236129760742 0.401859372854233 0.403482645750046 0.405105888843536 0.406729131937027 0.408352375030518 0.409975618124008 0.417312413454056 0.426553696393967 0.435794949531555 0.445036232471466 0.454277515411377 0.463518798351288 0.472760081291199 0.481014907360077 0.486310422420502 0.491605937480927 0.496901422739029 0.502196907997131 0.507492423057556 0.512787938117981 0.518083453178406 0.517456114292145 0.514854550361633 0.512252986431122 0.50965142250061 0.507049858570099 0.504448235034943
0.441115170717239 0.441126227378845 0.441137284040451 0.441148340702057 0.441159397363663 0.441170454025269 0.441181510686874 0.441192597150803 0.436695486307144 0.430695652961731 0.424695819616318 0.418696016073227 0.412696182727814 0.4066963493824 0.40069654583931 0.39653018116951 0.39786422252655 0.399198263883591 0.400532305240631 0.401866346597672 0.403200387954712 0.404534429311752 0.405868470668793 0.413196831941605 0.4225232899189 0.431849747896194 0.441176205873489 0.450502663850784 0.459829092025757 0.469155550003052 0.47730341553688 0.481915563344955 0.486527681350708 0.491139799356461 0.495751947164536 0.500364065170288 0.504976212978363 0.509588301181793 0.509972035884857 0.508946299552917 0.507920563220978 0.506894826889038 0.505869030952454 0.504843294620514
0.449945271015167 0.448486804962158 0.447028309106827 0.445569843053818 0.444111377000809 0.442652881145477 0.441194415092468 0.439735919237137 0.434852808713913 0.428828120231628 0.422803461551666 0.416778773069382 0.41075411438942 0.404729425907135 0.398704767227173 0.394447475671768 0.395492315292358 0.396537154912949 0.397581964731216 0.398626804351807 0.399671643972397 0.400716483592987 0.401761323213577 0.409081250429153 0.418492883443832 0.427904516458511 0.43731614947319 0.446727782487869 0.456139415502548 0.465551018714905 0.473591953516006 0.477520704269409 0.481449455022812 0.485378205776215 0.489306926727295 0.493235677480698 0.4971644282341 0.501093208789825 0.50248795747757 0.503038048744202 0.503588080406189 0.504138171672821 0.504688262939453 0.505238354206085
0.458775371313095 0.455847352743149 0.452919334173203 0.449991345405579 0.447063326835632 0.444135308265686 0.44120728969574 0.438279271125793 0.433010131120682 0.426960617303848 0.420911073684692 0.414861559867859 0.408812046051025 0.40276250243187 0.396712988615036 0.392364770174026 0.393120378255844 0.393876016139984 0.394631654024124 0.395387291908264 0.396142929792404 0.396898537874222 0.397654175758362 0.404965698719025 0.414462476968765 0.423959285020828 0.433456093072891 0.442952901124954 0.452449709177017 0.46194651722908 0.46988046169281 0.47312581539154 0.476371198892593 0.479616582393646 0.482861936092377 0.48610731959343 0.489352703094482 0.492598056793213 0.49500384926796 0.497129738330841 0.499255657196045 0.501381576061249 0.503507494926453 0.505633413791656
0.467605471611023 0.463207930326462 0.458810389041901 0.454412817955017 0.450015276670456 0.445617705583572 0.441220164299011 0.43682262301445 0.431167453527451 0.425093084573746 0.419018715620041 0.412944346666336 0.406869977712631 0.400795608758926 0.394721239805222 0.390282064676285 0.390748471021652 0.391214907169342 0.39168131351471 0.392147749662399 0.392614185810089 0.393080592155457 0.393547028303146 0.400850117206573 0.41043210029602 0.420014083385468 0.429596036672592 0.439178019762039 0.448760002851486 0.458341985940933 0.466168969869614 0.468730956315994 0.471292942762375 0.473854959011078 0.476416945457458 0.478978961706161 0.481540948152542 0.484102934598923 0.48751974105835 0.491221487522125 0.494923233985901 0.498624950647354 0.502326726913452 0.506028413772583
0.473423898220062 0.468113869428635 0.462803840637207 0.457493841648102 0.452183812856674 0.446873784065247 0.441563785076141 0.436253756284714 0.43035614490509 0.424262702465057 0.418169260025024 0.412075817584991 0.405982345342636 0.399888902902603 0.39379546046257 0.389424443244934 0.390220791101456 0.3910171687603 0.391813516616821 0.392609864473343 0.393406212329865 0.394202560186386 0.394998908042908 0.402002215385437 0.41107451915741 0.42014679312706 0.429219096899033 0.438291370868683 0.447363674640656 0.456435948610306 0.463973671197891 0.46690759062767 0.469841510057449 0.472775459289551 0.47570937871933 0.478643298149109 0.481577217578888 0.484511166810989 0.487896412611008 0.491432070732117 0.494967758655548 0.498503416776657 0.502039074897766 0.505574762821198
0.476230591535568 0.470565170049667 0.464899748563766 0.459234356880188 0.453568935394287 0.447903513908386 0.442238092422485 0.436572670936584 0.430576264858246 0.424469500780106 0.418362736701965 0.412255972623825 0.406149208545685 0.400042444467545 0.393935680389404 0.389791965484619 0.391537368297577 0.393282771110535 0.395028173923492 0.396773606538773 0.39851900935173 0.400264412164688 0.402009844779968 0.408421993255615 0.416389733552933 0.42435747385025 0.432325214147568 0.440292954444885 0.448260694742203 0.45622843503952 0.46329453587532 0.467655718326569 0.472016870975494 0.476378053426743 0.480739206075668 0.485100388526917 0.489461541175842 0.49382272362709 0.496133804321289 0.497761517763138 0.499389261007309 0.501016974449158 0.502644717693329 0.504272401332855
0.479037284851074 0.4730164706707 0.466995656490326 0.460974842309952 0.4549540579319 0.448933243751526 0.442912429571152 0.436891615390778 0.430796355009079 0.424676269292831 0.418556213378906 0.412436127662659 0.406316041946411 0.400195956230164 0.394075900316238 0.390159457921982 0.392853915691376 0.395548403263092 0.398242861032486 0.400937348604202 0.403631806373596 0.406326293945312 0.409020751714706 0.414841771125793 0.421704947948456 0.428568154573441 0.435431361198425 0.442294538021088 0.449157744646072 0.456020921468735 0.462615430355072 0.468403816223145 0.474192231893539 0.479980647563934 0.485769063234329 0.491557449102402 0.497345864772797 0.503134250640869 0.504371225833893 0.504090964794159 0.50381076335907 0.503530502319336 0.503250300884247 0.502970039844513
0.48184397816658 0.475467771291733 0.469091564416885 0.462715357542038 0.456339150667191 0.449962973594666 0.443586766719818 0.437210559844971 0.431016445159912 0.42488306760788 0.418749690055847 0.412616282701492 0.40648290514946 0.400349497795105 0.394216120243073 0.390526950359344 0.394170492887497 0.397814005613327 0.40145754814148 0.405101090669632 0.408744603395462 0.412388145923615 0.416031688451767 0.421261548995972 0.427020192146301 0.432778835296631 0.43853747844696 0.44429612159729 0.45005476474762 0.455813407897949 0.461936295032501 0.469151943922043 0.476367592811584 0.483583241701126 0.490798890590668 0.498014539480209 0.505230188369751 0.512445867061615 0.512608587741852 0.510420441627502 0.508232235908508 0.506044089794159 0.503855884075165 0.501667678356171
0.484650671482086 0.477919071912766 0.471187472343445 0.464455872774124 0.457724273204803 0.450992673635483 0.444261074066162 0.437529474496841 0.431236565113068 0.425089865922928 0.418943136930466 0.412796437740326 0.406649738550186 0.400503039360046 0.394356340169907 0.390894442796707 0.395487040281296 0.400079637765884 0.404672235250473 0.409264832735062 0.41385743021965 0.418449997901917 0.423042595386505 0.42768132686615 0.432335406541824 0.436989516019821 0.441643595695496 0.446297705173492 0.450951784849167 0.455605894327164 0.461257189512253 0.469900071620941 0.47854295372963 0.487185835838318 0.495828747749329 0.504471600055695 0.513114511966705 0.521757423877716 0.520846009254456 0.516749858856201 0.512653768062592 0.508557617664337 0.504461467266083 0.500365316867828
0.487457394599915 0.480370402336121 0.473283380270004 0.46619638800621 0.459109395742416 0.452022403478622 0.444935411214828 0.437848418951035 0.431456655263901 0.425296634435654 0.419136613607407 0.41297659277916 0.406816601753235 0.400656580924988 0.394496560096741 0.391261965036392 0.396803617477417 0.402345269918442 0.407886922359467 0.413428574800491 0.418970227241516 0.424511879682541 0.430053532123566 0.434101104736328 0.43765065073967 0.441200196743011 0.444749742746353 0.448299288749695 0.451848834753036 0.455398380756378 0.460578054189682 0.47064819931984 0.480718314647675 0.490788459777832 0.50085860490799 0.510928690433502 0.52099883556366 0.531068980693817 0.529083430767059 0.523079335689545 0.51707524061203 0.511071145534515 0.505067050457001 0.499062955379486
0.483329862356186 0.476170927286148 0.46901199221611 0.461853057146072 0.454694122076035 0.447535187005997 0.440376251935959 0.433217316865921 0.427450567483902 0.422147899866104 0.416845232248306 0.411542564630508 0.406239897012711 0.400937229394913 0.395634561777115 0.392989605665207 0.398317724466324 0.403645843267441 0.40897399187088 0.414302110671997 0.419630229473114 0.424958378076553 0.43028649687767 0.433780133724213 0.436662256717682 0.439544379711151 0.442426532506943 0.445308655500412 0.448190778493881 0.45107290148735 0.455761611461639 0.46586999297142 0.475978374481201 0.486086755990982 0.496195167303085 0.506303548812866 0.51641196012497 0.526520311832428 0.524483263492584 0.518397748470306 0.512312173843384 0.506226658821106 0.500141084194183 0.494055569171906
0.472268134355545 0.465320706367493 0.45837327837944 0.451425850391388 0.444478422403336 0.437530994415283 0.430583566427231 0.423636138439178 0.419218301773071 0.415643632411957 0.412068992853165 0.40849432349205 0.404919683933258 0.401345014572144 0.397770375013351 0.396077364683151 0.400029391050339 0.403981417417526 0.407933443784714 0.411885470151901 0.415837496519089 0.419789493083954 0.423741519451141 0.426718413829803 0.429370254278183 0.432022124528885 0.434673964977264 0.437325805425644 0.439977645874023 0.442629486322403 0.44680780172348 0.455565482378006 0.464323133230209 0.473080813884735 0.481838494539261 0.490596145391464 0.49935382604599 0.508111476898193 0.507045567035675 0.502705097198486 0.498364597558975 0.494024097919464 0.489683598279953 0.485343128442764
0.461206436157227 0.45447051525116 0.447734594345093 0.440998673439026 0.434262752532959 0.427526831626892 0.420790910720825 0.414054989814758 0.410986036062241 0.409139394760132 0.407292753458023 0.405446082353592 0.403599441051483 0.401752799749374 0.399906158447266 0.399165153503418 0.401741057634354 0.404316991567612 0.406892895698547 0.409468799829483 0.412044733762741 0.414620637893677 0.417196542024612 0.419656693935394 0.422078281641006 0.424499839544296 0.426921397447586 0.429342955350876 0.431764513254166 0.434186071157455 0.437853991985321 0.445260941982269 0.452667891979218 0.460074871778488 0.467481821775436 0.474888771772385 0.482295721769333 0.489702671766281 0.489607840776443 0.487012416124344 0.484416991472244 0.481821537017822 0.479226112365723 0.476630687713623
0.450144708156586 0.443620294332504 0.437095880508423 0.430571466684341 0.42404705286026 0.417522639036179 0.41099825501442 0.404473841190338 0.40275377035141 0.402635127305984 0.402516484260559 0.402397871017456 0.402279227972031 0.402160584926605 0.402041971683502 0.402252942323685 0.403452754020691 0.404652535915375 0.405852347612381 0.407052159309387 0.408251971006393 0.4094517827034 0.410651594400406 0.412595003843307 0.414786279201508 0.416977554559708 0.419168829917908 0.421360105276108 0.423551380634308 0.42574268579483 0.428900182247162 0.434956431388855 0.441012650728226 0.447068899869919 0.453125149011612 0.459181368350983 0.465237617492676 0.471293836832047 0.472170114517212 0.471319735050201 0.470469385385513 0.469619005918503 0.468768626451492 0.467918246984482
0.439082980155945 0.432770073413849 0.426457166671753 0.420144289731979 0.413831382989883 0.407518476247787 0.401205569505692 0.394892662763596 0.394521474838257 0.396130859851837 0.397740244865417 0.399349629878998 0.400959014892578 0.402568370103836 0.404177755117416 0.405340731143951 0.405164420604706 0.40498811006546 0.404811799526215 0.404635518789291 0.404459208250046 0.4042828977108 0.404106616973877 0.405533283948898 0.407494276762009 0.409455269575119 0.411416262388229 0.41337725520134 0.415338277816772 0.417299270629883 0.419946402311325 0.424651920795441 0.429357439279556 0.434062957763672 0.438768476247787 0.443473994731903 0.448179513216019 0.452885031700134 0.454732418060303 0.455627083778381 0.456521779298782 0.457416445016861 0.45831111073494 0.459205806255341
0.428021252155304 0.421919852495193 0.415818482637405 0.409717082977295 0.403615683317184 0.397514313459396 0.391412913799286 0.385311514139175 0.386289209127426 0.38962659239769 0.392964005470276 0.39630138874054 0.399638772010803 0.402976155281067 0.406313568353653 0.408428490161896 0.406876087188721 0.405323684215546 0.403771281242371 0.402218848466873 0.400666445493698 0.399114042520523 0.397561639547348 0.398471564054489 0.40020227432251 0.40193298459053 0.403663694858551 0.405394434928894 0.407125145196915 0.408855855464935 0.410992592573166 0.414347380399704 0.417702198028564 0.421056985855103 0.424411803483963 0.427766591310501 0.431121408939362 0.4344761967659 0.437294691801071 0.439934432506561 0.442574173212051 0.445213884115219 0.447853624820709 0.450493365526199
0.420092582702637 0.414733827114105 0.409375101327896 0.404016375541687 0.398657649755478 0.393298894166946 0.387940168380737 0.382581442594528 0.38415315747261 0.38803505897522 0.391916930675507 0.395798832178116 0.399680703878403 0.40356257557869 0.407444477081299 0.409778386354446 0.407468318939209 0.405158281326294 0.402848243713379 0.400538176298141 0.398228138685226 0.395918101072311 0.393608033657074 0.394696176052094 0.396917045116425 0.399137914180756 0.401358753442764 0.403579622507095 0.405800491571426 0.408021330833435 0.410296469926834 0.41273432970047 0.415172189474106 0.417610049247742 0.420047909021378 0.422485768795013 0.424923628568649 0.427361488342285 0.43033093214035 0.433477580547333 0.436624228954315 0.439770877361298 0.44291752576828 0.446064174175262
0.415296941995621 0.411211997270584 0.40712708234787 0.403042137622833 0.398957222700119 0.394872277975082 0.390787363052368 0.386702418327332 0.388113349676132 0.391356199979782 0.394599050283432 0.397841930389404 0.401084780693054 0.404327630996704 0.407570511102676 0.409390330314636 0.406941115856171 0.404491901397705 0.40204268693924 0.399593472480774 0.397144258022308 0.394695043563843 0.392245829105377 0.394207119941711 0.397638559341431 0.40106999874115 0.404501438140869 0.407932877540588 0.411364316940308 0.414795756340027 0.417858004570007 0.419812709093094 0.42176741361618 0.423722118139267 0.425676822662354 0.427631497383118 0.429586201906204 0.431540906429291 0.43384113907814 0.436256557703018 0.438671976327896 0.441087394952774 0.443502813577652 0.44591823220253
