data/working_set_collections/6091692-Cassins_Sparrow-M2/1990/gwetroot_avg.asc
NCOLS 265 
NROWS 230 
XLLCORNER -115.5625 
YLLCORNER 24.8333333333333 
CELLSIZE 0.0833333333333333 
NODATA_value -9999 
[rows 100 to 119 of 230, columns 0 to 43 of 265]
0.397516399621964 0.398877024650574 0.400237649679184 0.401598274707794 0.402958899736404 0.404319554567337 0.405680179595947 0.410316824913025 0.416045486927032 0.42177414894104 0.427502781152725 0.433231443166733 0.43896010518074 0.444688767194748 0.448679357767105 0.447455674409866 0.44623202085495 0.445008337497711 0.443784683942795 0.442561000585556 0.44133734703064 0.440113693475723 0.434530675411224 0.427494555711746 0.420458436012268 0.413422346115112 0.406386226415634 0.399350106716156 0.392313987016678 0.387388706207275 0.388795882463455 0.390203058719635 0.391610234975815 0.393017411231995 0.394424587488174 0.395831763744354 0.397238940000534 0.400433570146561 0.40422397851944 0.408014416694641 0.411804854869843 0.415595263242722 0.419385701417923 0.423176139593124
0.398026257753372 0.399443238973618 0.40086019039154 0.402277171611786 0.403694123029709 0.405111104249954 0.406528055667877 0.41060733795166 0.415574073791504 0.420540809631348 0.425507545471191 0.430474281311035 0.435441017150879 0.440407752990723 0.443967550992966 0.443306446075439 0.442645370960236 0.441984266042709 0.441323190927505 0.440662086009979 0.440001010894775 0.439339935779572 0.433864146471024 0.426783502101898 0.41970282793045 0.412622183561325 0.405541509389877 0.39846083521843 0.391380190849304 0.386493444442749 0.388188511133194 0.389883548021317 0.391578584909439 0.393273651599884 0.394968688488007 0.396663725376129 0.398358792066574 0.401908993721008 0.406077593564987 0.410246163606644 0.414414763450623 0.418583363294601 0.42275196313858 0.426920562982559
0.398650825023651 0.399951219558716 0.401251643896103 0.40255206823349 0.403852462768555 0.405152887105942 0.406453281641006 0.409941136837006 0.41415810585022 0.418375074863434 0.42259207367897 0.426809042692184 0.431026011705399 0.435243010520935 0.438329935073853 0.438026756048203 0.437723577022552 0.437420397996902 0.43711718916893 0.43681401014328 0.43651083111763 0.43620765209198 0.431130141019821 0.424461156129837 0.417792201042175 0.411123216152191 0.404454231262207 0.397785276174545 0.391116291284561 0.386603146791458 0.388557374477386 0.390511631965637 0.392465889453888 0.394420146942139 0.396374374628067 0.398328632116318 0.400282889604568 0.404561519622803 0.40961492061615 0.414668351411819 0.419721782207489 0.424775183200836 0.429828613996506 0.434882044792175
0.399390071630478 0.400401026010513 0.401412010192871 0.402422964572906 0.403433918952942 0.4044449031353 0.405455857515335 0.408318132162094 0.411797523498535 0.415276914834976 0.418756306171417 0.422235697507858 0.425715059041977 0.429194450378418 0.431766510009766 0.431616544723511 0.431466609239578 0.431316673755646 0.431166708469391 0.431016772985458 0.430866807699203 0.430716872215271 0.426328599452972 0.420527547597885 0.41472652554512 0.408925473690033 0.403124421834946 0.397323399782181 0.391522347927094 0.387717753648758 0.389902532100677 0.392087310552597 0.394272118806839 0.396456897258759 0.398641675710678 0.400826454162598 0.403011232614517 0.408391118049622 0.414836019277573 0.421280920505524 0.427725851535797 0.434170752763748 0.440615653991699 0.447060585021973
0.400129318237305 0.400850832462311 0.401572346687317 0.402293890714645 0.403015404939651 0.403736919164658 0.404458433389664 0.406695157289505 0.409436941146851 0.412178754806519 0.414920538663864 0.41766232252121 0.420404106378555 0.423145920038223 0.425203084945679 0.425206363201141 0.425209641456604 0.425212949514389 0.425216227769852 0.425219506025314 0.425222784280777 0.425226092338562 0.421527057886124 0.416593968868256 0.411660850048065 0.406727731227875 0.401794612407684 0.396861493587494 0.391928404569626 0.38883239030838 0.391247689723969 0.393663018941879 0.396078318357468 0.398493647575378 0.400908946990967 0.403324276208878 0.405739575624466 0.41222071647644 0.420057117938995 0.42789351940155 0.435729920864105 0.44356632232666 0.451402723789215 0.45923912525177
0.400868564844131 0.401300638914108 0.401732712984085 0.402164787054062 0.402596861124039 0.403028935194016 0.403461009263992 0.405072182416916 0.407076388597488 0.409080564975739 0.411084771156311 0.413088977336884 0.415093183517456 0.417097359895706 0.418639659881592 0.418796181678772 0.418952703475952 0.419109225273132 0.419265747070312 0.419422268867493 0.419578790664673 0.419735312461853 0.416725546121597 0.412660360336304 0.40859517455101 0.404529988765717 0.400464802980423 0.396399617195129 0.392334431409836 0.38994699716568 0.39259284734726 0.395238697528839 0.397884547710419 0.400530397891998 0.403176248073578 0.405822098255157 0.408467948436737 0.416050314903259 0.425278216600418 0.434506088495255 0.443733990192413 0.45296186208725 0.462189763784409 0.471417665481567
0.401607811450958 0.401750445365906 0.401893079280853 0.402035713195801 0.402178317308426 0.402320951223373 0.402463585138321 0.403449177742004 0.404715806245804 0.405982404947281 0.407249003648758 0.408515632152557 0.409782230854034 0.411048829555511 0.412076234817505 0.41238597035408 0.412695735692978 0.413005501031876 0.413315236568451 0.413625001907349 0.413934767246246 0.414244532585144 0.411924004554749 0.408726751804352 0.405529499053955 0.402332246303558 0.399134993553162 0.395937740802765 0.392740488052368 0.391061633825302 0.393938004970551 0.396814376115799 0.39969077706337 0.402567148208618 0.405443519353867 0.408319920301437 0.411196291446686 0.419879913330078 0.430499285459518 0.441118687391281 0.451738059520721 0.462357431650162 0.472976803779602 0.483596205711365
0.402347058057785 0.402200251817703 0.402053415775299 0.401906609535217 0.401759803295135 0.401612967252731 0.40146616101265 0.401826202869415 0.402355223894119 0.402884244918823 0.403413236141205 0.403942257165909 0.404471278190613 0.405000299215317 0.405512809753418 0.405975788831711 0.406438767910004 0.406901776790619 0.407364755868912 0.407827764749527 0.40829074382782 0.408753722906113 0.407122492790222 0.404793173074722 0.4024638235569 0.4001345038414 0.3978051841259 0.395475834608078 0.393146514892578 0.392176240682602 0.395283162593842 0.398390084505081 0.401496976613998 0.404603898525238 0.407710820436478 0.410817742347717 0.413924634456635 0.423709511756897 0.435720384120941 0.447731256484985 0.45974212884903 0.471753001213074 0.483763873577118 0.495774745941162
0.401800602674484 0.40150597691536 0.401211351156235 0.400916695594788 0.400622069835663 0.400327444076538 0.400032788515091 0.400084644556046 0.400252014398575 0.400419354438782 0.400586694478989 0.400754064321518 0.400921404361725 0.401088744401932 0.401361793279648 0.401951879262924 0.402541935443878 0.403132021427155 0.403722077608109 0.404312163591385 0.404902249574661 0.405492305755615 0.404424250125885 0.402803480625153 0.401182681322098 0.399561911821365 0.397941142320633 0.3963203728199 0.394699573516846 0.394449174404144 0.398309886455536 0.40217062830925 0.406031340360641 0.409892052412033 0.413752764463425 0.417613506317139 0.42147421836853 0.431525737047195 0.443640828132629 0.455755949020386 0.467871069908142 0.479986190795898 0.492101311683655 0.504216432571411
0.399968475103378 0.399667650461197 0.399366825819016 0.399066001176834 0.398765176534653 0.398464351892471 0.39816352725029 0.398224532604218 0.398406147956848 0.398587763309479 0.398769378662109 0.39895099401474 0.399132609367371 0.399314224720001 0.399623215198517 0.400314211845398 0.401005208492279 0.401696234941483 0.402387231588364 0.403078228235245 0.403769254684448 0.404460251331329 0.403829306364059 0.402757704257965 0.401686102151871 0.400614500045776 0.399542897939682 0.398471266031265 0.397399663925171 0.397880405187607 0.403018206357956 0.408156007528305 0.413293808698654 0.418431609869003 0.423569411039352 0.428707212209702 0.433845013380051 0.443328529596329 0.454260647296906 0.465192764997482 0.476124882698059 0.487057000398636 0.497989118099213 0.508921265602112
0.39813631772995 0.397829294204712 0.397522300481796 0.397215276956558 0.396908283233643 0.396601259708405 0.396294265985489 0.39636442065239 0.396560311317444 0.396756172180176 0.39695206284523 0.397147953510284 0.397343844175339 0.397539705038071 0.397884607315063 0.398676544427872 0.39946848154068 0.400260448455811 0.401052385568619 0.401844322681427 0.402636259794235 0.403428196907043 0.403234362602234 0.402711927890778 0.402189493179321 0.401667058467865 0.401144623756409 0.400622189044952 0.400099754333496 0.401311665773392 0.407726526260376 0.414141416549683 0.420556277036667 0.426971167325974 0.433386027812958 0.439800918102264 0.446215778589249 0.455131351947784 0.464880466461182 0.474629580974579 0.484378695487976 0.494127839803696 0.50387692451477 0.513626098632812
0.396304160356522 0.395990967750549 0.395677775144577 0.395364582538605 0.39505136013031 0.394738167524338 0.394424974918365 0.394504278898239 0.394714444875717 0.394924581050873 0.395134747028351 0.395344883203506 0.395555049180984 0.39576518535614 0.396146029233932 0.397038906812668 0.397931784391403 0.398824632167816 0.399717509746552 0.400610387325287 0.401503264904022 0.402396142482758 0.402639418840408 0.40266615152359 0.402692884206772 0.402719616889954 0.402746379375458 0.40277311205864 0.402799844741821 0.404742896556854 0.412434846162796 0.420126795768738 0.42781874537468 0.435510724782944 0.443202674388885 0.450894623994827 0.458586573600769 0.466934144496918 0.475500285625458 0.484066396951675 0.492632538080215 0.501198649406433 0.509764790534973 0.518330872058868
0.394472002983093 0.394152611494064 0.393833249807358 0.393513858318329 0.3931944668293 0.392875075340271 0.392555713653564 0.392644166946411 0.39286857843399 0.393093019723892 0.393317431211472 0.393541842699051 0.39376625418663 0.39399066567421 0.394407451152802 0.395401239395142 0.396395057439804 0.397388845682144 0.398382663726807 0.399376451969147 0.400370270013809 0.401364088058472 0.402044475078583 0.402620375156403 0.403196275234222 0.403772205114365 0.404348105192184 0.404924035072327 0.405499935150146 0.408174127340317 0.417143166065216 0.426112204790115 0.435081243515015 0.444050252437592 0.453019291162491 0.46198832988739 0.470957368612289 0.478736966848373 0.486120104789734 0.493503212928772 0.50088632106781 0.508269488811493 0.515652596950531 0.523035705089569
0.392639845609665 0.392314285039902 0.391988724470139 0.391663134098053 0.39133757352829 0.391012012958527 0.390686422586441 0.390784054994583 0.391022741794586 0.391261428594589 0.391500115394592 0.391738772392273 0.391977459192276 0.392216145992279 0.392668843269348 0.393763601779938 0.394858330488205 0.395953059196472 0.397047817707062 0.398142546415329 0.399237275123596 0.400332003831863 0.401449501514435 0.402574598789215 0.403699696063995 0.404824763536453 0.405949860811234 0.407074958086014 0.408200025558472 0.411605358123779 0.421851485967636 0.432097584009171 0.442343711853027 0.452589809894562 0.462835937738419 0.473082035779953 0.48332816362381 0.490539789199829 0.496739894151688 0.502940058708191 0.509140133857727 0.515340268611908 0.521540403366089 0.52774053812027
0.391396582126617 0.391041487455368 0.390686422586441 0.390331327915192 0.389976233243942 0.389621168375015 0.389266073703766 0.389385879039764 0.389663964509964 0.389942049980164 0.390220135450363 0.390498220920563 0.390776306390762 0.391054391860962 0.391542017459869 0.392658293247223 0.393774569034576 0.39489084482193 0.396007120609283 0.397123366594315 0.398239642381668 0.399355918169022 0.400659561157227 0.402025669813156 0.403391778469086 0.404757887125015 0.406123995780945 0.407490104436874 0.408856213092804 0.412435859441757 0.422656148672104 0.432876437902451 0.443096697330475 0.453316986560822 0.463537275791168 0.473757565021515 0.483977854251862 0.490874469280243 0.496663182973862 0.50245189666748 0.508240640163422 0.514029324054718 0.519818067550659 0.525606751441956
0.390742182731628 0.390334248542786 0.389926344156265 0.389518409967422 0.389110505580902 0.388702571392059 0.388294667005539 0.388449639081955 0.388792276382446 0.389134913682938 0.389477521181107 0.389820158481598 0.390162765979767 0.390505403280258 0.391026973724365 0.392085373401642 0.393143773078918 0.394202172756195 0.395260572433472 0.396318972110748 0.397377371788025 0.398435771465302 0.399674594402313 0.400973588228226 0.402272552251816 0.403571546077728 0.404870510101318 0.406169474124908 0.407468467950821 0.410665601491928 0.419557154178619 0.428448706865311 0.437340259552002 0.446231812238693 0.455123364925385 0.464014917612076 0.472906470298767 0.479741036891937 0.485889911651611 0.492038816213608 0.498187720775604 0.504336595535278 0.510485529899597 0.516634404659271
0.390087783336639 0.389627009630203 0.38916626572609 0.388705521821976 0.38824474811554 0.387784004211426 0.38732323050499 0.387513428926468 0.387920588254929 0.388327747583389 0.38873490691185 0.389142066240311 0.389549225568771 0.389956414699554 0.390511900186539 0.391512423753738 0.39251297712326 0.39351350069046 0.39451402425766 0.395514577627182 0.396515101194382 0.397515624761581 0.398689657449722 0.399921506643295 0.401153326034546 0.402385175228119 0.403617024421692 0.404848873615265 0.406080722808838 0.408895313739777 0.416458129882812 0.424020975828171 0.431583791971207 0.439146608114243 0.446709424257278 0.454272270202637 0.461835086345673 0.468607604503632 0.475116670131683 0.481625735759735 0.488134801387787 0.494643867015839 0.50115293264389 0.507661998271942
0.38943338394165 0.388919800519943 0.388406187295914 0.387892603874207 0.387379020452499 0.38686540722847 0.386351823806763 0.386577188968658 0.387048900127411 0.387520611286163 0.387992292642593 0.388464003801346 0.388935714960098 0.389407396316528 0.389996856451035 0.390939503908157 0.391882181167603 0.392824828624725 0.393767505884171 0.394710153341293 0.395652830600739 0.396595478057861 0.397704690694809 0.398869395256042 0.400034129619598 0.401198834180832 0.402363568544388 0.403528273105621 0.404692977666855 0.407125055789948 0.413359135389328 0.419593244791031 0.425827324390411 0.432061433792114 0.438295513391495 0.444529622793198 0.450763702392578 0.457474172115326 0.464343398809433 0.471212655305862 0.478081911802292 0.484951138496399 0.491820394992828 0.498689651489258
0.388778984546661 0.388212561607361 0.387646108865738 0.387079685926437 0.386513262987137 0.385946840047836 0.385380417108536 0.385640978813171 0.386177211999893 0.386713445186615 0.387249678373337 0.387785941362381 0.388322174549103 0.388858407735825 0.389481782913208 0.390366584062576 0.391251355409622 0.39213615655899 0.393020957708359 0.393905758857727 0.394790560007095 0.395675331354141 0.396719723939896 0.397817313671112 0.398914903402328 0.400012493133545 0.401110082864761 0.402207672595978 0.403305262327194 0.405354768037796 0.410260140895844 0.415165513753891 0.420070856809616 0.424976229667664 0.429881602525711 0.434786945581436 0.439692318439484 0.44634073972702 0.453570157289505 0.46079957485199 0.468028992414474 0.475258409976959 0.482487857341766 0.489717274904251
0.388124585151672 0.387505322694778 0.386886060237885 0.386266797780991 0.385647505521774 0.38502824306488 0.384408980607986 0.384704738855362 0.385305523872375 0.385906308889389 0.38650706410408 0.387107849121094 0.387708634138107 0.388309419155121 0.388966709375381 0.389793634414673 0.390620559453964 0.391447484493256 0.392274409532547 0.393101334571838 0.39392825961113 0.394755184650421 0.395734757184982 0.396765232086182 0.397795677185059 0.398826152086258 0.399856597185135 0.400887042284012 0.401917517185211 0.403584510087967 0.407161146402359 0.410737782716751 0.414314419031143 0.417891055345535 0.421467661857605 0.425044298171997 0.428620934486389 0.435207307338715 0.442796885967255 0.450386494398117 0.45797610282898 0.46556568145752 0.473155289888382 0.480744898319244
