data/working_set_collections/6091692-Cassins_Sparrow-M2/1990/gwetprof_avg.asc
NCOLS 265 
NROWS 230 
XLLCORNER -115.5625 
YLLCORNER 24.8333333333333 
CELLSIZE 0.0833333333333333 
NODATA_value -9999 
[rows 140 to 159 of 230, columns 132 to 175 of 265]
0.388308882713318 0.386586487293243 0.38364788889885 0.377060651779175 0.370473444461823 0.36388623714447 0.357299029827118 0.350711792707443 0.344124585390091 0.337537378072739 0.332164645195007 0.32719674706459 0.322228848934174 0.317260921001434 0.312293022871017 0.307325124740601 0.302357226610184 0.300227433443069 0.306611955165863 0.312996476888657 0.319381028413773 0.325765550136566 0.33215007185936 0.338534593582153 0.344919145107269 0.352707862854004 0.360964626073837 0.369221389293671 0.377478182315826 0.38573494553566 0.393991738557816 0.402248501777649 0.408740103244781 0.409936130046844 0.411132156848907 0.412328213453293 0.413524240255356 0.414720296859741 0.415916323661804 0.417112350463867 0.42181059718132 0.427676200866699 0.433541834354401 0.439407467842102
0.387957721948624 0.386394500732422 0.383698582649231 0.37760454416275 0.371510475873947 0.365416437387466 0.359322369098663 0.353228330612183 0.34713426232338 0.341040194034576 0.3357113301754 0.330637544393539 0.325563728809357 0.320489943027496 0.315416127443314 0.310342341661453 0.30526852607727 0.303145468235016 0.309874624013901 0.316603779792786 0.323332935571671 0.330062091350555 0.33679124712944 0.343520402908325 0.35024955868721 0.35729056596756 0.364435523748398 0.371580451726913 0.378725409507751 0.38587036728859 0.393015325069427 0.400160282850266 0.406093716621399 0.408392608165741 0.410691499710083 0.412990391254425 0.415289252996445 0.417588144540787 0.419887036085129 0.422185927629471 0.428201079368591 0.435454964637756 0.442708879709244 0.449962764978409
0.387606531381607 0.386202543973923 0.383749306201935 0.378148406744003 0.372547507286072 0.36694660782814 0.361345738172531 0.3557448387146 0.350143939256668 0.344543039798737 0.339258044958115 0.334078341722488 0.328898638486862 0.323718935251236 0.31853923201561 0.313359528779984 0.308179825544357 0.306063503026962 0.313137292861938 0.320211052894592 0.327284842729568 0.334358632564545 0.341432392597198 0.348506182432175 0.355579972267151 0.361873269081116 0.367906391620636 0.373939514160156 0.379972666501999 0.386005789041519 0.392038911581039 0.398072063922882 0.403447329998016 0.406849086284637 0.410250812768936 0.413652539253235 0.417054295539856 0.420456022024155 0.423857778310776 0.427259504795074 0.434591561555862 0.443233758211136 0.451875925064087 0.460518091917038
0.387255370616913 0.386010557413101 0.383800029754639 0.378692299127579 0.373584538698196 0.368476808071136 0.363369077444077 0.358261346817017 0.353153616189957 0.348045885562897 0.342804729938507 0.337519139051437 0.332233548164368 0.326947927474976 0.321662336587906 0.316376745700836 0.311091125011444 0.308981537818909 0.316399931907654 0.323818355798721 0.331236749887466 0.338655173778534 0.346073567867279 0.353491961956024 0.360910385847092 0.366455972194672 0.371377289295197 0.376298576593399 0.381219893693924 0.386141210794449 0.391062527894974 0.395983844995499 0.400800973176956 0.405305564403534 0.409810125827789 0.414314717054367 0.418819308280945 0.423323899507523 0.4278284907341 0.432333081960678 0.440982073545456 0.451012521982193 0.46104297041893 0.471073418855667
0.387522757053375 0.38631796836853 0.384270429611206 0.379694610834122 0.375118762254715 0.370542943477631 0.365967094898224 0.36139127612114 0.356815427541733 0.352239608764648 0.347172915935516 0.341942608356476 0.336712300777435 0.331481993198395 0.326251685619354 0.321021348237991 0.315791040658951 0.313598990440369 0.320521742105484 0.327444463968277 0.334367215633392 0.341289937496185 0.348212689161301 0.355135411024094 0.362058162689209 0.367160469293594 0.371656000614166 0.376151531934738 0.38064706325531 0.385142594575882 0.389638125896454 0.394133657217026 0.398836582899094 0.404161751270294 0.409486919641495 0.414812058210373 0.420137226581573 0.425462394952774 0.430787563323975 0.436112701892853 0.445740789175034 0.456803172826767 0.4678655564785 0.478927910327911
0.388408750295639 0.38712477684021 0.385160535573959 0.381155341863632 0.377150148153305 0.3731449842453 0.369139790534973 0.365134596824646 0.361129432916641 0.357124239206314 0.35236257314682 0.347348749637604 0.342334896326065 0.337321072816849 0.332307249307632 0.327293395996094 0.322279572486877 0.319915890693665 0.325502663850784 0.331089437007904 0.336676210165024 0.342262983322144 0.347849756479263 0.353436499834061 0.35902327299118 0.363986819982529 0.36874258518219 0.373498380184174 0.378254145383835 0.383009940385818 0.38776570558548 0.392521500587463 0.397554188966751 0.403417646884918 0.409281104803085 0.415144562721252 0.421008050441742 0.426871508359909 0.432734966278076 0.438598424196243 0.448867738246918 0.460605710744858 0.472343653440475 0.484081596136093
0.38929471373558 0.38793158531189 0.38605061173439 0.382616072893143 0.379181534051895 0.37574702501297 0.372312486171722 0.368877947330475 0.365443408489227 0.36200886964798 0.357552230358124 0.352754861116409 0.347957521677017 0.343160152435303 0.338362812995911 0.333565443754196 0.328768104314804 0.32623279094696 0.330483585596085 0.334734410047531 0.338985204696655 0.343235999345779 0.347486793994904 0.35173761844635 0.355988413095474 0.360813140869141 0.365829169750214 0.370845198631287 0.37586122751236 0.380877286195755 0.385893315076828 0.390909343957901 0.396271824836731 0.402673572301865 0.409075319766998 0.415477097034454 0.421878844499588 0.428280591964722 0.434682369232178 0.441084116697311 0.451994717121124 0.464408248662949 0.476821780204773 0.489235281944275
0.390180706977844 0.388738393783569 0.386940717697144 0.384076833724976 0.381212949752808 0.378349035978317 0.375485152006149 0.372621268033981 0.369757384061813 0.366893500089645 0.362741887569427 0.358161002397537 0.353580117225647 0.348999261856079 0.344418376684189 0.339837491512299 0.335256636142731 0.332549691200256 0.335464507341385 0.338379353284836 0.341294199228287 0.344209015369415 0.347123861312866 0.350038707256317 0.352953523397446 0.357639461755753 0.362915754318237 0.368192046880722 0.373468339443207 0.378744602203369 0.384020894765854 0.389297187328339 0.394989430904388 0.401929467916489 0.408869534730911 0.415809601545334 0.422749668359756 0.429689705371857 0.436629772186279 0.443569839000702 0.455121666193008 0.468210786581039 0.481299877166748 0.494388967752457
0.391066700220108 0.389545232057571 0.387830793857574 0.385537564754486 0.383244335651398 0.380951076745987 0.378657847642899 0.37636461853981 0.374071359634399 0.371778130531311 0.367931514978409 0.363567143678665 0.359202742576599 0.354838341474533 0.350473940372467 0.346109539270401 0.341745167970657 0.338866591453552 0.340445458889008 0.342024326324463 0.343603193759918 0.345182061195374 0.346760928630829 0.348339796066284 0.34991866350174 0.354465782642365 0.360002338886261 0.365538865327835 0.371075421571732 0.376611948013306 0.382148504257202 0.387685030698776 0.393707036972046 0.401185393333435 0.408663749694824 0.416142106056213 0.423620462417603 0.431098818778992 0.438577175140381 0.44605553150177 0.458248615264893 0.472013294696808 0.485777974128723 0.499542653560638
0.391952663660049 0.390352040529251 0.388720899820328 0.386998295783997 0.385275721549988 0.383553117513657 0.381830543279648 0.380107939243317 0.378385365009308 0.376662760972977 0.373121172189713 0.368973255157471 0.364825338125229 0.360677421092987 0.356529504060745 0.352381587028503 0.348233669996262 0.345183461904526 0.345426380634308 0.345669269561768 0.34591218829155 0.346155077219009 0.346397995948792 0.346640884876251 0.346883803606033 0.351292103528976 0.357088923454285 0.36288571357727 0.368682503700256 0.374479293823242 0.380276083946228 0.386072903871536 0.392424643039703 0.400441318750381 0.408457964658737 0.416474610567093 0.424491256475449 0.432507932186127 0.440524578094482 0.448541224002838 0.461375594139099 0.475815832614899 0.490256100893021 0.504696369171143
0.397383511066437 0.395732194185257 0.394032567739487 0.392188131809235 0.39034366607666 0.388499230146408 0.386654764413834 0.384810328483582 0.382965862751007 0.381121426820755 0.377759873867035 0.373892605304718 0.370025366544724 0.366158097982407 0.36229082942009 0.358423590660095 0.354556322097778 0.351705402135849 0.35190349817276 0.352101564407349 0.35229966044426 0.352497756481171 0.352695852518082 0.35289391875267 0.353092014789581 0.357457399368286 0.363211870193481 0.368966341018677 0.374720811843872 0.380475282669067 0.386229753494263 0.391984224319458 0.398319572210312 0.406397610902786 0.414475649595261 0.422553688287735 0.430631726980209 0.438709765672684 0.446787804365158 0.454865843057632 0.468023329973221 0.482873976230621 0.497724622488022 0.512575268745422
0.407359212636948 0.405685693025589 0.403765827417374 0.401107013225555 0.398448199033737 0.395789384841919 0.393130570650101 0.390471756458282 0.387812942266464 0.385154128074646 0.381847590208054 0.378325164318085 0.374802768230438 0.371280342340469 0.3677579164505 0.364235490560532 0.360713064670563 0.358432352542877 0.359876781702042 0.361321210861206 0.36276564002037 0.364210069179535 0.365654498338699 0.367098927497864 0.368543356657028 0.372961640357971 0.378371208906174 0.383780777454376 0.389190346002579 0.394599914550781 0.400009453296661 0.405419021844864 0.411391824483871 0.419054329395294 0.426716834306717 0.43437933921814 0.442041873931885 0.449704378843307 0.45736688375473 0.465029388666153 0.478191882371902 0.493187725543976 0.508183598518372 0.523179411888123
0.417334914207458 0.415639191865921 0.413499087095261 0.410025894641876 0.406552731990814 0.40307953953743 0.399606347084045 0.396133184432983 0.392659991979599 0.389186799526215 0.385935336351395 0.382757753133774 0.379580169916153 0.376402586698532 0.373225003480911 0.370047390460968 0.366869807243347 0.365159332752228 0.367850095033646 0.370540857315063 0.373231619596481 0.375922381877899 0.378613144159317 0.381303936243057 0.383994698524475 0.388465881347656 0.393530547618866 0.398595213890076 0.403659850358963 0.408724516630173 0.413789182901382 0.418853849172592 0.424464076757431 0.431711047887802 0.438958019018173 0.446205019950867 0.453451991081238 0.460698962211609 0.46794593334198 0.475192904472351 0.488360434770584 0.50350147485733 0.518642544746399 0.533783555030823
0.427310615777969 0.425592690706253 0.423232346773148 0.418944776058197 0.414657235145569 0.410369694232941 0.406082153320312 0.401794612407684 0.397507041692734 0.393219500780106 0.390023052692413 0.38719031214714 0.384357571601868 0.381524801254272 0.378692060709 0.375859320163727 0.373026579618454 0.371886283159256 0.375823378562927 0.379760503768921 0.383697599172592 0.387634694576263 0.391571819782257 0.395508915185928 0.399446040391922 0.403970122337341 0.408689886331558 0.413409620523453 0.41812938451767 0.422849148511887 0.427568912506104 0.432288646697998 0.437536329030991 0.44436776638031 0.451199233531952 0.458030670881271 0.464862108230591 0.47169354557991 0.47852498292923 0.485356450080872 0.498528987169266 0.513815224170685 0.529101490974426 0.544387698173523
0.437286347150803 0.435546189546585 0.432965576648712 0.42786368727684 0.422761768102646 0.417659848928452 0.412557929754257 0.407456010580063 0.402354121208191 0.397252202033997 0.394110798835754 0.391622871160507 0.389134973287582 0.386647045612335 0.38415914773941 0.381671220064163 0.379183322191238 0.378613233566284 0.383796691894531 0.388980150222778 0.394163578748703 0.39934703707695 0.404530465602875 0.409713923931122 0.414897352457047 0.419474363327026 0.42384922504425 0.428224056959152 0.432598918676376 0.4369737803936 0.441348612308502 0.445723474025726 0.45060858130455 0.457024484872818 0.463440418243408 0.469856321811676 0.476272225379944 0.482688128948212 0.489104062318802 0.49551996588707 0.508697509765625 0.524128973484039 0.539560437202454 0.554991841316223
0.447262048721313 0.445499688386917 0.442698836326599 0.436782568693161 0.4308662712574 0.424950003623962 0.419033735990524 0.413117438554764 0.407201170921326 0.401284903287888 0.398198515176773 0.396055430173874 0.393912374973297 0.391769289970398 0.389626204967499 0.387483149766922 0.385340064764023 0.385340213775635 0.391770005226135 0.398199766874313 0.404629558324814 0.411059349775314 0.417489141225815 0.423918902873993 0.430348694324493 0.434978604316711 0.439008563756943 0.443038493394852 0.447068452835083 0.451098382472992 0.455128341913223 0.459158271551132 0.46368083357811 0.469681203365326 0.475681602954865 0.481681972742081 0.487682342529297 0.493682742118835 0.499683111906052 0.505683481693268 0.518866062164307 0.534442722797394 0.550019383430481 0.565595984458923
0.454269796609879 0.452357679605484 0.449451893568039 0.443565040826797 0.437678188085556 0.431791365146637 0.425904512405396 0.420017689466476 0.414130836725235 0.408244013786316 0.405490309000015 0.403780966997147 0.402071624994278 0.400362312793732 0.398652970790863 0.396943628787994 0.395234316587448 0.395629853010178 0.402340024709702 0.409050166606903 0.415760338306427 0.422470480203629 0.429180651903152 0.435890793800354 0.442600965499878 0.447033613920212 0.450707077980042 0.454380571842194 0.458054035902023 0.461727499961853 0.465400993824005 0.469074457883835 0.473241865634918 0.478890985250473 0.484540104866028 0.490189224481583 0.495838344097137 0.501487493515015 0.507136583328247 0.512785732746124 0.525943577289581 0.541604340076447 0.557265102863312 0.572925806045532
0.45830962061882 0.456120193004608 0.453224718570709 0.44821110367775 0.443197518587112 0.438183933496475 0.433170318603516 0.428156733512878 0.423143148422241 0.418129563331604 0.415986150503159 0.414799451828003 0.41361278295517 0.412426084280014 0.411239415407181 0.410052746534348 0.408866047859192 0.409482181072235 0.41550675034523 0.421531319618225 0.42755588889122 0.433580458164215 0.439604997634888 0.445629566907883 0.451654136180878 0.455639362335205 0.458944827318192 0.462250262498856 0.46555569767952 0.468861132860184 0.47216659784317 0.475472033023834 0.479291647672653 0.484653800725937 0.490015953779221 0.495378077030182 0.500740230083466 0.506102383136749 0.511464536190033 0.516826689243317 0.529930055141449 0.545613765716553 0.561297535896301 0.57698130607605
0.462349414825439 0.45988267660141 0.45699754357338 0.452857196331024 0.448716849088669 0.444576501846313 0.440436154603958 0.43629577755928 0.432155430316925 0.42801508307457 0.426481992006302 0.425817936658859 0.425153911113739 0.424489885568619 0.423825860023499 0.423161834478378 0.422497779130936 0.423334509134293 0.428673475980759 0.434012442827225 0.439351439476013 0.444690406322479 0.450029373168945 0.455368369817734 0.4607073366642 0.464245140552521 0.467182546854019 0.470119953155518 0.473057359457016 0.475994765758514 0.478932201862335 0.481869608163834 0.485341459512711 0.490416616201401 0.495491772890091 0.500566959381104 0.505642116069794 0.510717272758484 0.515792429447174 0.520867645740509 0.533916473388672 0.549623250961304 0.565330028533936 0.581036806106567
0.466389238834381 0.463645190000534 0.46077036857605 0.457503259181976 0.454236149787903 0.450969040393829 0.447701960802078 0.444434851408005 0.441167742013931 0.437900632619858 0.436977833509445 0.436836451292038 0.436695069074631 0.436553686857224 0.436412304639816 0.436270922422409 0.436129540205002 0.43718683719635 0.44184023141861 0.446493595838547 0.451146990060806 0.455800354480743 0.460453748703003 0.465107142925262 0.4697605073452 0.472850888967514 0.475420266389847 0.47798964381218 0.480559021234512 0.483128398656845 0.485697776079178 0.488267153501511 0.491391241550446 0.496179431676865 0.500967621803284 0.505755841732025 0.510544002056122 0.515332162380219 0.52012038230896 0.524908542633057 0.53790295124054 0.553632736206055 0.56936252117157 0.58509224653244
