data/working_set_collections/6091692-Cassins_Sparrow-M2/1990/lwgnt_avg.asc
NCOLS 265 
NROWS 230 
XLLCORNER -115.5625 
YLLCORNER 24.8333333333333 
CELLSIZE 0.0833333333333333 
NODATA_value -9999 
[rows 20 to 39 of 230, columns 132 to 175 of 265]
-90.8603134155273 -90.4993362426758 -90.1795806884766 -89.9835052490234 -89.7874374389648 -89.5913619995117 -89.3952865600586 -89.1992111206055 -89.0031356811523 -88.8070678710938 -88.6013259887695 -88.3923645019531 -88.1834030151367 -87.9744415283203 -87.7654800415039 -87.5565185546875 -87.3475570678711 -87.1168594360352 -86.8209457397461 -86.5250244140625 -86.2291107177734 -85.9331893920898 -85.6372756958008 -85.3413619995117 -85.0454406738281 -84.8202896118164 -84.6187210083008 -84.4171600341797 -84.2155914306641 -84.0140228271484 -83.8124618530273 -83.6108932495117 -83.4181594848633 -83.2519302368164 -83.0857009887695 -82.9194717407227 -82.7532424926758 -82.5870132446289 -82.420783996582 -82.2545547485352 -82.0381698608398 -81.8050765991211 -81.5719833374023 -81.3388900756836
-91.1495361328125 -90.8078460693359 -90.4952545166016 -90.2699508666992 -90.0446395874023 -89.8193359375 -89.5940246582031 -89.3687210083008 -89.1434173583984 -88.9181060791016 -88.6975860595703 -88.4786605834961 -88.2597351074219 -88.0408096313477 -87.8218841552734 -87.6029586791992 -87.384033203125 -87.1498413085938 -86.8698501586914 -86.5898666381836 -86.3098831176758 -86.0298919677734 -85.7499084472656 -85.4699172973633 -85.1899337768555 -84.9587631225586 -84.7438659667969 -84.5289764404297 -84.314079284668 -84.0991821289062 -83.8842849731445 -83.6693954467773 -83.4690017700195 -83.3121185302734 -83.1552352905273 -82.9983520507812 -82.8414688110352 -82.6845779418945 -82.5276947021484 -82.3708114624023 -82.1517791748047 -81.9120254516602 -81.6722717285156 -81.4325256347656
-91.4387588500977 -91.1163558959961 -90.8109283447266 -90.5563888549805 -90.3018493652344 -90.0473098754883 -89.7927703857422 -89.5382308959961 -89.28369140625 -89.0291519165039 -88.7938461303711 -88.5649566650391 -88.336067199707 -88.107177734375 -87.878288269043 -87.6493911743164 -87.4205017089844 -87.1828231811523 -86.9187622070312 -86.6547088623047 -86.3906478881836 -86.126594543457 -85.8625335693359 -85.5984802246094 -85.3344192504883 -85.0972366333008 -84.869010925293 -84.6407928466797 -84.4125671386719 -84.1843414306641 -83.9561157226562 -83.7278900146484 -83.5198364257812 -83.3722991943359 -83.2247619628906 -83.0772247314453 -82.9296875 -82.7821502685547 -82.6346130371094 -82.4870758056641 -82.265380859375 -82.0189743041992 -81.7725601196289 -81.5261535644531
-91.7279739379883 -91.4248733520508 -91.1266021728516 -90.8428268432617 -90.5590515136719 -90.2752838134766 -89.9915084838867 -89.7077407836914 -89.4239654541016 -89.1401901245117 -88.8901062011719 -88.651252746582 -88.4123992919922 -88.1735458374023 -87.934684753418 -87.6958312988281 -87.4569778442383 -87.2158050537109 -86.9676742553711 -86.7195510864258 -86.4714202880859 -86.2232894897461 -85.9751663208008 -85.7270355224609 -85.4789047241211 -85.235710144043 -84.9941558837891 -84.7526016235352 -84.5110549926758 -84.2695007324219 -84.027946472168 -83.7863922119141 -83.5706787109375 -83.432487487793 -83.2942962646484 -83.1561050415039 -83.0179138183594 -82.8797225952148 -82.7415313720703 -82.6033401489258 -82.3789901733398 -82.1259155273438 -81.8728485107422 -81.6197814941406
-91.9137725830078 -91.6347198486328 -91.3528671264648 -91.0626068115234 -90.7723388671875 -90.4820785522461 -90.1918106079102 -89.9015502929688 -89.6112823486328 -89.3210220336914 -89.0603179931641 -88.8094635009766 -88.5586166381836 -88.3077697753906 -88.0569152832031 -87.8060684204102 -87.5552139282227 -87.3063354492188 -87.0633850097656 -86.820426940918 -86.5774688720703 -86.3345108032227 -86.0915603637695 -85.8486022949219 -85.6056442260742 -85.3571395874023 -85.1067886352539 -84.8564300537109 -84.6060791015625 -84.3557205200195 -84.1053695678711 -83.8550109863281 -83.6340484619141 -83.5012664794922 -83.3684844970703 -83.2357025146484 -83.102912902832 -82.9701309204102 -82.8373489379883 -82.7045669555664 -82.4758834838867 -82.2152404785156 -81.95458984375 -81.6939468383789
-91.9961395263672 -91.7459182739258 -91.4897384643555 -91.2157287597656 -90.9417114257812 -90.6676940917969 -90.393684387207 -90.1196670532227 -89.8456497192383 -89.5716400146484 -89.3044738769531 -89.0395965576172 -88.7747192382812 -88.5098495483398 -88.2449722290039 -87.980094909668 -87.715217590332 -87.4544219970703 -87.2058792114258 -86.9573364257812 -86.7087936401367 -86.4602584838867 -86.2117156982422 -85.9631729125977 -85.7146301269531 -85.4615249633789 -85.2068939208984 -84.952262878418 -84.697639465332 -84.4430084228516 -84.1883773803711 -83.9337539672852 -83.7099533081055 -83.5786361694336 -83.4473266601562 -83.3160095214844 -83.184700012207 -83.0533828735352 -82.9220733642578 -82.7907562255859 -82.5560760498047 -82.2869338989258 -82.0177917480469 -81.748649597168
-92.0785064697266 -91.8571090698242 -91.6266098022461 -91.3688430786133 -91.111083984375 -90.8533172607422 -90.5955505371094 -90.3377838134766 -90.0800170898438 -89.8222503662109 -89.5486373901367 -89.2697296142578 -88.9908294677734 -88.7119293212891 -88.4330215454102 -88.1541213989258 -87.8752136230469 -87.6025085449219 -87.3483810424805 -87.0942535400391 -86.8401260375977 -86.5859985351562 -86.3318710327148 -86.0777435302734 -85.823616027832 -85.5659027099609 -85.3070068359375 -85.0481033325195 -84.7891998291016 -84.5302963256836 -84.2713928222656 -84.0124893188477 -83.7858581542969 -83.6560134887695 -83.5261688232422 -83.3963241577148 -83.2664794921875 -83.1366348266602 -83.0067901611328 -82.8769454956055 -82.6362609863281 -82.3586273193359 -82.0809860229492 -81.803352355957
-92.1608734130859 -91.9682998657227 -91.7634811401367 -91.5219650268555 -91.2804489135742 -91.038932800293 -90.7974166870117 -90.5559005737305 -90.3143844604492 -90.072868347168 -89.7927932739258 -89.4998626708984 -89.2069320678711 -88.9140090942383 -88.6210784912109 -88.3281478881836 -88.0352172851562 -87.7505950927734 -87.4908828735352 -87.2311630249023 -86.9714508056641 -86.7117385864258 -86.4520263671875 -86.1923141479492 -85.9326019287109 -85.6702880859375 -85.407112121582 -85.1439361572266 -84.8807601928711 -84.6175842285156 -84.3544082641602 -84.0912322998047 -83.8617553710938 -83.7333831787109 -83.6050109863281 -83.4766387939453 -83.348258972168 -83.2198867797852 -83.0915145874023 -82.9631423950195 -82.7164459228516 -82.4303207397461 -82.1441879272461 -81.8580551147461
-92.2432479858398 -92.0794906616211 -91.9003524780273 -91.6750869750977 -91.449821472168 -91.2245559692383 -90.9992828369141 -90.7740173339844 -90.5487518310547 -90.323486328125 -90.0369491577148 -89.7299957275391 -89.4230422973633 -89.1160888671875 -88.8091278076172 -88.5021743774414 -88.1952209472656 -87.8986740112305 -87.6333770751953 -87.3680801391602 -87.102783203125 -86.8374786376953 -86.5721817016602 -86.306884765625 -86.0415878295898 -85.7746734619141 -85.5072250366211 -85.2397689819336 -84.9723205566406 -84.7048721313477 -84.4374237060547 -84.1699752807617 -83.9376602172852 -83.8107528686523 -83.6838531494141 -83.5569458007812 -83.430046081543 -83.3031387329102 -83.1762390136719 -83.0493316650391 -82.7966384887695 -82.5020141601562 -82.207389831543 -81.9127578735352
-92.3256149291992 -92.1906814575195 -92.037223815918 -91.8282089233398 -91.6191864013672 -91.4101715087891 -91.2011566162109 -90.9921340942383 -90.7831192016602 -90.574104309082 -90.2811126708984 -89.9601287841797 -89.6391448974609 -89.3181686401367 -88.997184753418 -88.6762008666992 -88.3552169799805 -88.046760559082 -87.77587890625 -87.5049896240234 -87.2341079711914 -86.9632263183594 -86.6923370361328 -86.4214553833008 -86.1505661010742 -85.8790588378906 -85.6073303222656 -85.3356094360352 -85.0638809204102 -84.7921600341797 -84.5204391479492 -84.2487106323242 -84.0135650634766 -83.8881301879883 -83.7626953125 -83.6372604370117 -83.5118255615234 -83.3863906860352 -83.2609558105469 -83.1355209350586 -82.876823425293 -82.5737075805664 -82.2705841064453 -81.9674606323242
-92.3509521484375 -92.2188949584961 -92.0722351074219 -91.8817520141602 -91.6912612915039 -91.5007781982422 -91.3102951049805 -91.1198043823242 -90.9293212890625 -90.7388381958008 -90.4498443603516 -90.1280136108398 -89.8061828613281 -89.4843597412109 -89.1625289916992 -88.8406982421875 -88.5188674926758 -88.2082366943359 -87.9311676025391 -87.6540985107422 -87.3770370483398 -87.099967956543 -86.8228988647461 -86.5458374023438 -86.2687683105469 -85.9905853271484 -85.712028503418 -85.4334716796875 -85.154914855957 -84.8763580322266 -84.5978012084961 -84.3192443847656 -84.0774078369141 -83.9457473754883 -83.814094543457 -83.6824340820312 -83.5507736206055 -83.4191131591797 -83.2874526977539 -83.1557922363281 -82.8961563110352 -82.5938720703125 -82.2915802001953 -81.9892959594727
-92.3192520141602 -92.1641387939453 -92.0053787231445 -91.8357086181641 -91.6660385131836 -91.4963684082031 -91.3267059326172 -91.1570358276367 -90.9873657226562 -90.8176956176758 -90.5431518554688 -90.2336578369141 -89.9241561889648 -89.6146621704102 -89.3051681518555 -88.9956665039062 -88.6861724853516 -88.3830871582031 -88.0992431640625 -87.8153991699219 -87.5315551757812 -87.2477111816406 -86.9638671875 -86.6800231933594 -86.3961791992188 -86.109260559082 -85.8213119506836 -85.5333633422852 -85.2454147338867 -84.9574661254883 -84.6695175170898 -84.3815689086914 -84.1292114257812 -83.9836273193359 -83.8380432128906 -83.6924591064453 -83.546875 -83.4012985229492 -83.2557144165039 -83.1101303100586 -82.8546371459961 -82.5625076293945 -82.270378112793 -81.9782485961914
-92.2875595092773 -92.109375 -91.9385299682617 -91.7896728515625 -91.6408233642578 -91.4919662475586 -91.3431091308594 -91.1942596435547 -91.0454025268555 -90.8965530395508 -90.6364669799805 -90.3393020629883 -90.0421371459961 -89.7449722290039 -89.4478073120117 -89.1506423950195 -88.8534774780273 -88.5579452514648 -88.2673263549805 -87.9766998291016 -87.6860809326172 -87.3954620361328 -87.1048355102539 -86.8142166137695 -86.5235977172852 -86.2279357910156 -85.9305953979492 -85.6332473754883 -85.3359069824219 -85.0385665893555 -84.7412261962891 -84.4438858032227 -84.1810073852539 -84.0214996337891 -83.8619995117188 -83.7024917602539 -83.5429840087891 -83.3834838867188 -83.2239761352539 -83.0644760131836 -82.813117980957 -82.5311508178711 -82.2491760253906 -81.9672088623047
-92.255859375 -92.0546188354492 -91.8716735839844 -91.7436370849609 -91.6156005859375 -91.4875564575195 -91.3595199584961 -91.2314834594727 -91.1034469604492 -90.9754104614258 -90.7297744750977 -90.444938659668 -90.1601104736328 -89.8752746582031 -89.5904388427734 -89.3056106567383 -89.0207748413086 -88.7328033447266 -88.4354019165039 -88.1380004882812 -87.8406066894531 -87.5432052612305 -87.2458038330078 -86.9484024047852 -86.651008605957 -86.3466033935547 -86.0398712158203 -85.7331390380859 -85.4264068603516 -85.1196746826172 -84.8129425048828 -84.5062103271484 -84.2328033447266 -84.0593719482422 -83.8859481811523 -83.7125244140625 -83.5390930175781 -83.3656692504883 -83.1922378540039 -83.0188140869141 -82.771598815918 -82.4997863769531 -82.2279739379883 -81.9561614990234
-92.2241668701172 -91.9998550415039 -91.8048248291016 -91.6976013183594 -91.5903778076172 -91.483154296875 -91.3759307861328 -91.2687072753906 -91.1614837646484 -91.0542602539062 -90.8230819702148 -90.5505828857422 -90.2780838012695 -90.0055770874023 -89.7330780029297 -89.460578918457 -89.1880798339844 -88.9076538085938 -88.6034774780273 -88.2993011474609 -87.9951248168945 -87.6909484863281 -87.3867721557617 -87.0825958251953 -86.7784194946289 -86.4652786254883 -86.1491546630859 -85.8330307006836 -85.5169067382812 -85.2007827758789 -84.8846588134766 -84.5685272216797 -84.2845993041992 -84.0972518920898 -83.9098968505859 -83.7225494384766 -83.5352020263672 -83.3478546142578 -83.1605072021484 -82.9731521606445 -82.7300796508789 -82.4684219360352 -82.2067718505859 -81.9451141357422
-92.1924667358398 -91.9450988769531 -91.7379684448242 -91.6515579223633 -91.5651550292969 -91.4787445068359 -91.3923416137695 -91.3059310913086 -91.2195281982422 -91.1331176757812 -90.916389465332 -90.6562271118164 -90.3960571289062 -90.1358871459961 -89.8757171630859 -89.6155471801758 -89.3553771972656 -89.0825119018555 -88.7715606689453 -88.4606018066406 -88.1496505737305 -87.8386993408203 -87.5277404785156 -87.2167892456055 -86.9058303833008 -86.5839538574219 -86.2584381103516 -85.9329223632812 -85.6074066162109 -85.2818832397461 -84.9563674926758 -84.6308517456055 -84.3363952636719 -84.135124206543 -83.9338531494141 -83.7325820922852 -83.5313110351562 -83.3300399780273 -83.1287689208984 -82.9274978637695 -82.6885528564453 -82.4370651245117 -82.1855697631836 -81.9340744018555
-92.2555389404297 -91.9904556274414 -91.7741546630859 -91.7041854858398 -91.6342163085938 -91.5642471313477 -91.4942779541016 -91.4243087768555 -91.3543395996094 -91.2843704223633 -91.0768737792969 -90.8235473632812 -90.5702209472656 -90.3168869018555 -90.0635604858398 -89.8102264404297 -89.5569000244141 -89.2843780517578 -88.9542846679688 -88.6241912841797 -88.2940902709961 -87.963996887207 -87.633903503418 -87.3038101196289 -86.9737167358398 -86.6492919921875 -86.3267593383789 -86.0042343139648 -85.6817016601562 -85.3591690063477 -85.0366439819336 -84.714111328125 -84.417236328125 -84.1973342895508 -83.977424621582 -83.7575149536133 -83.5376129150391 -83.3177032470703 -83.0978012084961 -82.8778915405273 -82.6355285644531 -82.3856735229492 -82.1358184814453 -81.8859710693359
-92.4133758544922 -92.1359405517578 -91.9133911132812 -91.8554763793945 -91.7975616455078 -91.7396545410156 -91.6817398071289 -91.6238250732422 -91.56591796875 -91.5080032348633 -91.3045349121094 -91.0525512695312 -90.8005752563477 -90.5485916137695 -90.2966079711914 -90.0446243286133 -89.7926406860352 -89.5132522583008 -89.1516571044922 -88.7900543212891 -88.4284591674805 -88.0668563842773 -87.7052612304688 -87.3436584472656 -86.982063293457 -86.6612930297852 -86.3541259765625 -86.0469665527344 -85.7397994995117 -85.4326400756836 -85.1254806518555 -84.8183135986328 -84.5271301269531 -84.2838745117188 -84.0406188964844 -83.79736328125 -83.5541076660156 -83.3108520507812 -83.0675964355469 -82.8243408203125 -82.5709838867188 -82.3142547607422 -82.0575256347656 -81.8008041381836
-92.5712051391602 -92.2814254760742 -92.052619934082 -92.0067672729492 -91.9609069824219 -91.9150543212891 -91.8692016601562 -91.8233489990234 -91.7774963378906 -91.7316360473633 -91.5321960449219 -91.2815628051758 -91.0309219360352 -90.7802886962891 -90.529655456543 -90.2790145874023 -90.0283813476562 -89.7421264648438 -89.3490219116211 -88.955924987793 -88.5628204345703 -88.1697158813477 -87.7766189575195 -87.3835144042969 -86.9904098510742 -86.6732864379883 -86.3814926147461 -86.0896987915039 -85.7979049682617 -85.506103515625 -85.2143096923828 -84.9225158691406 -84.6370162963867 -84.3704147338867 -84.1038131713867 -83.8372039794922 -83.5706024169922 -83.3040008544922 -83.0373916625977 -82.7707901000977 -82.5064392089844 -82.2428359985352 -81.9792327880859 -81.7156372070312
-92.7290420532227 -92.4269027709961 -92.1918487548828 -92.1580505371094 -92.1242599487305 -92.090461730957 -92.0566635131836 -92.0228652954102 -91.9890670776367 -91.9552764892578 -91.7598571777344 -91.5105667114258 -91.2612762451172 -91.0119857788086 -90.7627029418945 -90.5134124755859 -90.2641220092773 -89.9710006713867 -89.5463943481445 -89.1217880249023 -88.6971817016602 -88.272575378418 -87.8479690551758 -87.4233627319336 -86.9987564086914 -86.6852874755859 -86.4088592529297 -86.1324310302734 -85.8560028076172 -85.5795745849609 -85.3031463623047 -85.0267181396484 -84.7469100952148 -84.4569549560547 -84.1669998168945 -83.8770523071289 -83.5870971679688 -83.2971420288086 -83.007194519043 -82.7172393798828 -82.44189453125 -82.1714172363281 -81.9009399414062 -81.6304702758789
