data/working_set_collections/6091692-Cassins_Sparrow-M2/1990/lwgnt_avg.asc
NCOLS 265 
NROWS 230 
XLLCORNER -115.5625 
YLLCORNER 24.8333333333333 
CELLSIZE 0.0833333333333333 
NODATA_value -9999 
[rows 80 to 99 of 230, columns 0 to 43 of 265]
-109.200836181641 -108.858520507812 -108.516212463379 -108.173896789551 -107.831581115723 -107.489265441895 -107.146949768066 -106.89111328125 -106.664100646973 -106.437088012695 -106.210075378418 -105.983062744141 -105.756057739258 -105.52904510498 -105.298149108887 -105.055610656738 -104.81307220459 -104.570541381836 -104.328002929688 -104.085464477539 -103.842926025391 -103.600387573242 -103.10555267334 -102.526611328125 -101.947677612305 -101.368743896484 -100.78980255127 -100.210868835449 -99.6319274902344 -99.2352905273438 -99.3855514526367 -99.5358123779297 -99.6860656738281 -99.8363265991211 -99.9865875244141 -100.136848449707 -100.287101745605 -100.595664978027 -100.956985473633 -101.318313598633 -101.679634094238 -102.040962219238 -102.402290344238 -102.763610839844
-109.41242980957 -109.067718505859 -108.723014831543 -108.378303527832 -108.033592224121 -107.688888549805 -107.344177246094 -107.090713500977 -106.867668151855 -106.64461517334 -106.421562194824 -106.198516845703 -105.975463867188 -105.752410888672 -105.535804748535 -105.338508605957 -105.141212463379 -104.943916320801 -104.746620178223 -104.549324035645 -104.352027893066 -104.154731750488 -103.738456726074 -103.24919128418 -102.759925842285 -102.270660400391 -101.781394958496 -101.292129516602 -100.802864074707 -100.445724487305 -100.484970092773 -100.524215698242 -100.563461303711 -100.60270690918 -100.641952514648 -100.681198120117 -100.720443725586 -100.95832824707 -101.262428283691 -101.566528320312 -101.870635986328 -102.174736022949 -102.47883605957 -102.782936096191
-109.624015808105 -109.276916503906 -108.929817199707 -108.582710266113 -108.235610961914 -107.888511657715 -107.541412353516 -107.290313720703 -107.071228027344 -106.852142333984 -106.63304901123 -106.413963317871 -106.194869995117 -105.975784301758 -105.773452758789 -105.621398925781 -105.469345092773 -105.317291259766 -105.165237426758 -105.01318359375 -104.861129760742 -104.709075927734 -104.371368408203 -103.971771240234 -103.572174072266 -103.172576904297 -102.772987365723 -102.373390197754 -101.973793029785 -101.656150817871 -101.58438873291 -101.512619018555 -101.440849304199 -101.369087219238 -101.297317504883 -101.225547790527 -101.153778076172 -101.320999145508 -101.56787109375 -101.814750671387 -102.061630249023 -102.308502197266 -102.555381774902 -102.802261352539
-109.835609436035 -109.486114501953 -109.136619567871 -108.787124633789 -108.437629699707 -108.088134765625 -107.738639831543 -107.489921569824 -107.274787902832 -107.059661865234 -106.844535827637 -106.629409790039 -106.414283752441 -106.199150085449 -106.011100769043 -105.904289245605 -105.797477722168 -105.69066619873 -105.583854675293 -105.477043151855 -105.370231628418 -105.26342010498 -105.004272460938 -104.694351196289 -104.384422302246 -104.074501037598 -103.764572143555 -103.454650878906 -103.144721984863 -102.866584777832 -102.683807373047 -102.501022338867 -102.318244934082 -102.135459899902 -101.952682495117 -101.769897460938 -101.587120056152 -101.683662414551 -101.873313903809 -102.062973022461 -102.252624511719 -102.442276000977 -102.631927490234 -102.821586608887
-109.949966430664 -109.618469238281 -109.286972045898 -108.955474853516 -108.623977661133 -108.29248046875 -107.960983276367 -107.71671295166 -107.501518249512 -107.286323547363 -107.071128845215 -106.855934143066 -106.640739440918 -106.42554473877 -106.240173339844 -106.14427947998 -106.048385620117 -105.952491760254 -105.856597900391 -105.760704040527 -105.664810180664 -105.568923950195 -105.344345092773 -105.076873779297 -104.809410095215 -104.541938781738 -104.274475097656 -104.00700378418 -103.739532470703 -103.478729248047 -103.237922668457 -102.997108459473 -102.756301879883 -102.515495300293 -102.274681091309 -102.033874511719 -101.793060302734 -101.844856262207 -101.994186401367 -102.143516540527 -102.292846679688 -102.442176818848 -102.591506958008 -102.740837097168
-109.967094421387 -109.673988342285 -109.380882263184 -109.087776184082 -108.79467010498 -108.501564025879 -108.208457946777 -107.970710754395 -107.751411437988 -107.532119750977 -107.312828063965 -107.093536376953 -106.874244689941 -106.65495300293 -106.460655212402 -106.341361999512 -106.222061157227 -106.102760314941 -105.983467102051 -105.864166259766 -105.744873046875 -105.62557220459 -105.391578674316 -105.119354248047 -104.847129821777 -104.574905395508 -104.302673339844 -104.030448913574 -103.758224487305 -103.49259185791 -103.246734619141 -103.000885009766 -102.755027770996 -102.509170532227 -102.263320922852 -102.017463684082 -101.771614074707 -101.804580688477 -101.930480957031 -102.05638885498 -102.18229675293 -102.308197021484 -102.434104919434 -102.560012817383
-109.984222412109 -109.729507446289 -109.474784851074 -109.220069885254 -108.965354919434 -108.710639953613 -108.455924987793 -108.224700927734 -108.001312255859 -107.77791595459 -107.554527282715 -107.33113861084 -107.107749938965 -106.88436126709 -106.681137084961 -106.538436889648 -106.395736694336 -106.253036499023 -106.110328674316 -105.967628479004 -105.824928283691 -105.682228088379 -105.438812255859 -105.161827087402 -104.88484954834 -104.607864379883 -104.330879211426 -104.053894042969 -103.776916503906 -103.506454467773 -103.255554199219 -103.004653930664 -102.753753662109 -102.502853393555 -102.251960754395 -102.00106048584 -101.750160217285 -101.764297485352 -101.866775512695 -101.969261169434 -102.071746826172 -102.174224853516 -102.276710510254 -102.379188537598
-110.001350402832 -109.785018920898 -109.568695068359 -109.35237121582 -109.136039733887 -108.919715881348 -108.703392028809 -108.478691101074 -108.251205444336 -108.023719787598 -107.796226501465 -107.568740844727 -107.341255187988 -107.11376953125 -106.901626586914 -106.73551940918 -106.569412231445 -106.403305053711 -106.237197875977 -106.071090698242 -105.904983520508 -105.738876342773 -105.486045837402 -105.204307556152 -104.922561645508 -104.640823364258 -104.359085083008 -104.077346801758 -103.795600891113 -103.520309448242 -103.264366149902 -103.008422851562 -102.752479553223 -102.496536254883 -102.240592956543 -101.984649658203 -101.728706359863 -101.724014282227 -101.803077697754 -101.882133483887 -101.96118927002 -102.040252685547 -102.11930847168 -102.198371887207
-110.01847076416 -109.840538024902 -109.66259765625 -109.484664916992 -109.306732177734 -109.128791809082 -108.950859069824 -108.732681274414 -108.501098632812 -108.269515991211 -108.037925720215 -107.806343078613 -107.574760437012 -107.343170166016 -107.122108459473 -106.932594299316 -106.743087768555 -106.553573608398 -106.364067077637 -106.17455291748 -105.985038757324 -105.795532226562 -105.533279418945 -105.246780395508 -104.96028137207 -104.673789978027 -104.38729095459 -104.100791931152 -103.814292907715 -103.534172058105 -103.27318572998 -103.012199401855 -102.751205444336 -102.490219116211 -102.229232788086 -101.968246459961 -101.707260131836 -101.683738708496 -101.739372253418 -101.79500579834 -101.850639343262 -101.906272888184 -101.9619140625 -102.017547607422
-110.035598754883 -109.896057128906 -109.756507873535 -109.616958618164 -109.477416992188 -109.337867736816 -109.19832611084 -108.986671447754 -108.750991821289 -108.515312194824 -108.279624938965 -108.0439453125 -107.808265686035 -107.572578430176 -107.342590332031 -107.129676818848 -106.916763305664 -106.703842163086 -106.490928649902 -106.278015136719 -106.065101623535 -105.852180480957 -105.580513000488 -105.289260864258 -104.998001098633 -104.706748962402 -104.415489196777 -104.124237060547 -103.832984924316 -103.548034667969 -103.281997680664 -103.015968322754 -102.749931335449 -102.483901977539 -102.217872619629 -101.951835632324 -101.685806274414 -101.643455505371 -101.675666809082 -101.707878112793 -101.740089416504 -101.772300720215 -101.804512023926 -101.836723327637
-110.061042785645 -109.984817504883 -109.908584594727 -109.832359313965 -109.756126403809 -109.679901123047 -109.603668212891 -109.387298583984 -109.124221801758 -108.861137390137 -108.598052978516 -108.334976196289 -108.071891784668 -107.808807373047 -107.552474975586 -107.316383361816 -107.080284118652 -106.844192504883 -106.608100891113 -106.372001647949 -106.13591003418 -105.89981842041 -105.622550964355 -105.331558227539 -105.040565490723 -104.749580383301 -104.458587646484 -104.167602539062 -103.876609802246 -103.589729309082 -103.31519317627 -103.040649414062 -102.766105651855 -102.491561889648 -102.217025756836 -101.942481994629 -101.667938232422 -101.625373840332 -101.660140991211 -101.69490814209 -101.729667663574 -101.764434814453 -101.799194335938 -101.833961486816
-110.094802856445 -110.106819152832 -110.118835449219 -110.130851745605 -110.142868041992 -110.154884338379 -110.166900634766 -109.934562683105 -109.620780944824 -109.306999206543 -108.993209838867 -108.679428100586 -108.365646362305 -108.051856994629 -107.751762390137 -107.492713928223 -107.233665466309 -106.974617004395 -106.71556854248 -106.456520080566 -106.197471618652 -105.938423156738 -105.659385681152 -105.373680114746 -105.087982177734 -104.802284240723 -104.516578674316 -104.230880737305 -103.945175170898 -103.659271240234 -103.372756958008 -103.086242675781 -102.799728393555 -102.513206481934 -102.226692199707 -101.94017791748 -101.653663635254 -101.629501342773 -101.692794799805 -101.756088256836 -101.819374084473 -101.882667541504 -101.945960998535 -102.009246826172
-110.128562927246 -110.228820800781 -110.329078674316 -110.429344177246 -110.529602050781 -110.629859924316 -110.730125427246 -110.481826782227 -110.117340087891 -109.752853393555 -109.388366699219 -109.023880004883 -108.659393310547 -108.294906616211 -107.951042175293 -107.669044494629 -107.38703918457 -107.105041503906 -106.823036193848 -106.541038513184 -106.259033203125 -105.977027893066 -105.696220397949 -105.415809631348 -105.135398864746 -104.85498046875 -104.574569702148 -104.294158935547 -104.013748168945 -103.728813171387 -103.430320739746 -103.1318359375 -102.833343505859 -102.534851074219 -102.236366271973 -101.937873840332 -101.639381408691 -101.633628845215 -101.725448608398 -101.817260742188 -101.909080505371 -102.000900268555 -102.092720031738 -102.184539794922
-110.162322998047 -110.35082244873 -110.539329528809 -110.727836608887 -110.916343688965 -111.104843139648 -111.293350219727 -111.029083251953 -110.613899230957 -110.198707580566 -109.78352355957 -109.36833190918 -108.953147888184 -108.537963867188 -108.150329589844 -107.845375061035 -107.540420532227 -107.235466003418 -106.930503845215 -106.625549316406 -106.320594787598 -106.015640258789 -105.733055114746 -105.457931518555 -105.182807922363 -104.907684326172 -104.63256072998 -104.357437133789 -104.082313537598 -103.798355102539 -103.487892150879 -103.177429199219 -102.866958618164 -102.556495666504 -102.246032714844 -101.935569763184 -101.625106811523 -101.637748718262 -101.758094787598 -101.878440856934 -101.998794555664 -102.119140625 -102.239486694336 -102.359832763672
-110.196075439453 -110.472831726074 -110.749580383301 -111.026329040527 -111.303077697754 -111.57982635498 -111.856575012207 -111.576347351074 -111.110458374023 -110.644569396973 -110.178680419922 -109.712791442871 -109.24690246582 -108.78101348877 -108.349617004395 -108.021705627441 -107.693794250488 -107.36589050293 -107.037979125977 -106.710067749023 -106.38215637207 -106.054244995117 -105.769897460938 -105.500061035156 -105.230224609375 -104.960388183594 -104.690551757812 -104.420715332031 -104.15087890625 -103.867897033691 -103.545455932617 -103.223014831543 -102.900581359863 -102.578140258789 -102.255706787109 -101.933265686035 -101.610824584961 -101.641876220703 -101.790748596191 -101.93962097168 -102.088500976562 -102.237373352051 -102.386245727539 -102.535125732422
-110.229835510254 -110.594833374023 -110.959823608398 -111.324821472168 -111.689811706543 -112.054809570312 -112.419799804688 -112.123611450195 -111.60701751709 -111.090423583984 -110.573837280273 -110.057243347168 -109.540649414062 -109.024063110352 -108.548896789551 -108.198036193848 -107.847175598145 -107.496307373047 -107.145446777344 -106.794586181641 -106.443717956543 -106.09285736084 -105.806732177734 -105.542182922363 -105.277633666992 -105.013092041016 -104.748542785645 -104.483993530273 -104.219444274902 -103.937431335449 -103.603019714355 -103.268608093262 -102.934196472168 -102.599784851074 -102.26537322998 -101.930961608887 -101.596549987793 -101.64599609375 -101.823402404785 -102.000801086426 -102.178207397461 -102.355606079102 -102.533012390137 -102.710418701172
-110.180549621582 -110.553314208984 -110.926078796387 -111.298843383789 -111.671607971191 -112.044380187988 -112.417144775391 -112.125297546387 -111.611915588379 -111.098533630371 -110.585151672363 -110.071769714355 -109.558387756348 -109.04500579834 -108.570442199707 -108.212303161621 -107.854164123535 -107.496032714844 -107.137893676758 -106.779754638672 -106.421615600586 -106.063484191895 -105.783279418945 -105.52904510498 -105.27481842041 -105.020584106445 -104.766357421875 -104.512130737305 -104.25789642334 -103.982635498047 -103.644264221191 -103.305892944336 -102.96752166748 -102.629150390625 -102.29077911377 -101.952407836914 -101.614036560059 -101.649871826172 -101.810447692871 -101.971015930176 -102.131591796875 -102.292167663574 -102.452743530273 -102.613311767578
-110.048210144043 -110.348274230957 -110.648338317871 -110.948402404785 -111.248466491699 -111.548530578613 -111.848594665527 -111.581420898438 -111.125160217285 -110.668899536133 -110.21263885498 -109.756378173828 -109.300117492676 -108.843856811523 -108.41423034668 -108.064498901367 -107.714775085449 -107.365043640137 -107.015312194824 -106.665580749512 -106.315856933594 -105.966125488281 -105.699531555176 -105.460647583008 -105.22176361084 -104.982879638672 -104.743995666504 -104.505111694336 -104.266227722168 -104.003486633301 -103.669174194336 -103.334854125977 -103.000541687012 -102.666229248047 -102.331909179688 -101.997596740723 -101.663276672363 -101.65348815918 -101.751876831055 -101.85026550293 -101.948654174805 -102.04704284668 -102.145431518555 -102.24382019043
-109.915870666504 -110.14323425293 -110.370597839355 -110.597961425781 -110.825325012207 -111.052688598633 -111.280052185059 -111.037536621094 -110.638397216797 -110.2392578125 -109.840118408203 -109.440986633301 -109.041847229004 -108.642707824707 -108.258026123047 -107.916702270508 -107.575378417969 -107.23405456543 -106.892730712891 -106.551414489746 -106.210090637207 -105.868766784668 -105.615783691406 -105.392250061035 -105.16870880127 -104.945175170898 -104.721633911133 -104.498100280762 -104.274559020996 -104.024345397949 -103.69408416748 -103.363822937012 -103.033561706543 -102.703308105469 -102.373046875 -102.042785644531 -101.712524414062 -101.657112121582 -101.693313598633 -101.729515075684 -101.765724182129 -101.80192565918 -101.83812713623 -101.874328613281
-109.783531188965 -109.938186645508 -110.092849731445 -110.247512817383 -110.40217590332 -110.556838989258 -110.711502075195 -110.49365234375 -110.151641845703 -109.809623718262 -109.46760559082 -109.125587463379 -108.783569335938 -108.441558837891 -108.10181427002 -107.768898010254 -107.435981750488 -107.103073120117 -106.770156860352 -106.437240600586 -106.10432434082 -105.771408081055 -105.532035827637 -105.323844909668 -105.115653991699 -104.90746307373 -104.699272155762 -104.491081237793 -104.282890319824 -104.045196533203 -103.718994140625 -103.392791748047 -103.066589355469 -102.740379333496 -102.414176940918 -102.08797454834 -101.761772155762 -101.660736083984 -101.634750366211 -101.608764648438 -101.582786560059 -101.556800842285 -101.530822753906 -101.504837036133
