data/working_set_collections/6091692-Cassins_Sparrow-M2/1990/lwgnt_avg.asc
NCOLS 265 
NROWS 230 
XLLCORNER -115.5625 
YLLCORNER 24.8333333333333 
CELLSIZE 0.0833333333333333 
NODATA_value -9999 
[rows 40 to 59 of 230, columns 132 to 175 of 265]
-92.8868789672852 -92.5723876953125 -92.3310775756836 -92.3093414306641 -92.2876052856445 -92.2658615112305 -92.2441253662109 -92.2223892211914 -92.2006454467773 -92.1789093017578 -91.9875183105469 -91.7395782470703 -91.4916305541992 -91.2436904907227 -90.9957504272461 -90.747802734375 -90.4998626708984 -90.1998748779297 -89.743766784668 -89.2876586914062 -88.8315505981445 -88.3754348754883 -87.9193267822266 -87.4632186889648 -87.0071105957031 -86.6972885131836 -86.4362258911133 -86.175163269043 -85.9141006469727 -85.6530380249023 -85.391975402832 -85.1309204101562 -84.8567962646484 -84.5434951782227 -84.2301940917969 -83.9168930053711 -83.6035919189453 -83.2902908325195 -82.9769897460938 -82.663688659668 -82.3773498535156 -82.0999984741211 -81.8226470947266 -81.5453033447266
-93.0447082519531 -92.7178649902344 -92.4703140258789 -92.4606323242188 -92.4509506225586 -92.4412689208984 -92.4315872192383 -92.4219055175781 -92.412223815918 -92.4025421142578 -92.2151794433594 -91.9685821533203 -91.7219848632812 -91.4753875732422 -91.2287902832031 -90.9822006225586 -90.7356033325195 -90.4287490844727 -89.9411392211914 -89.4535217285156 -88.9659118652344 -88.4782943725586 -87.9906845092773 -87.5030746459961 -87.0154571533203 -86.7092819213867 -86.4635925292969 -86.2178955078125 -85.9721984863281 -85.7265090942383 -85.4808120727539 -85.2351150512695 -84.966682434082 -84.6300354003906 -84.2933883666992 -83.9567413330078 -83.6200866699219 -83.2834396362305 -82.9467926025391 -82.6101379394531 -82.3128128051758 -82.0285873413086 -81.7443618774414 -81.4601364135742
-93.1604461669922 -92.8256530761719 -92.5765151977539 -92.5843811035156 -92.5922393798828 -92.6001052856445 -92.6079635620117 -92.6158218383789 -92.6236877441406 -92.6315460205078 -92.4424591064453 -92.1877212524414 -91.932975769043 -91.6782379150391 -91.4235000610352 -91.1687545776367 -90.9140167236328 -90.5986175537109 -90.1012420654297 -89.6038665771484 -89.1064834594727 -88.6091079711914 -88.1117324829102 -87.6143569946289 -87.1169738769531 -86.8110198974609 -86.5688705444336 -86.3267211914062 -86.0845718383789 -85.8424224853516 -85.6002731323242 -85.3581237792969 -85.0895080566406 -84.7414627075195 -84.3934173583984 -84.0453720092773 -83.6973342895508 -83.3492889404297 -83.0012435913086 -82.6531982421875 -82.3475494384766 -82.0560302734375 -81.7645034790039 -81.4729843139648
-93.2340927124023 -92.8957366943359 -92.6496963500977 -92.6805877685547 -92.7114715576172 -92.7423629760742 -92.7732543945312 -92.8041381835938 -92.8350296020508 -92.8659133911133 -92.6693572998047 -92.3969802856445 -92.1246109008789 -91.8522338867188 -91.5798568725586 -91.307487487793 -91.0351104736328 -90.7094802856445 -90.2240753173828 -89.7386779785156 -89.2532730102539 -88.7678680419922 -88.282470703125 -87.7970657348633 -87.3116607666016 -87.0024948120117 -86.752067565918 -86.5016403198242 -86.251220703125 -86.0007934570312 -85.7503662109375 -85.4999465942383 -85.2252502441406 -84.8777694702148 -84.5302886962891 -84.1828079223633 -83.835319519043 -83.4878387451172 -83.1403579711914 -82.7928771972656 -82.481575012207 -82.1823348999023 -81.8830947875977 -81.5838623046875
-93.307731628418 -92.9658279418945 -92.7228775024414 -92.7767944335938 -92.8307113647461 -92.8846206665039 -92.9385375976562 -92.9924545288086 -93.0463714599609 -93.1002807617188 -92.8962554931641 -92.6062469482422 -92.3162384033203 -92.0262298583984 -91.7362213134766 -91.4462127685547 -91.1562042236328 -90.8203430175781 -90.3469161987305 -89.8734893798828 -89.4000625610352 -88.9266357421875 -88.4532089233398 -87.9797821044922 -87.5063552856445 -87.1939697265625 -86.9352645874023 -86.6765670776367 -86.4178619384766 -86.1591644287109 -85.9004592895508 -85.6417617797852 -85.3610000610352 -85.0140838623047 -84.6671600341797 -84.3202362060547 -83.9733123779297 -83.6263885498047 -83.2794723510742 -82.9325485229492 -82.6156005859375 -82.3086395263672 -82.0016860961914 -81.6947326660156
-93.3813705444336 -93.0359115600586 -92.7960586547852 -92.8730010986328 -92.9499435424805 -93.0268859863281 -93.1038284301758 -93.1807708740234 -93.2577133178711 -93.3346557617188 -93.1231536865234 -92.8155136108398 -92.5078659057617 -92.2002258300781 -91.8925857543945 -91.5849380493164 -91.2772979736328 -90.9311981201172 -90.4697494506836 -90.00830078125 -89.5468444824219 -89.0853958129883 -88.6239395141602 -88.1624908447266 -87.701042175293 -87.3854446411133 -87.1184616088867 -86.8514862060547 -86.5845108032227 -86.3175277709961 -86.0505523681641 -85.783576965332 -85.4967498779297 -85.150390625 -84.8040313720703 -84.4576644897461 -84.1113052368164 -83.7649459838867 -83.4185791015625 -83.0722198486328 -82.749626159668 -82.4349517822266 -82.1202774047852 -81.8056030273438
-93.4550094604492 -93.1060028076172 -92.8692398071289 -92.9692077636719 -93.0691757202148 -93.1691436767578 -93.2691116333008 -93.3690795898438 -93.4690551757812 -93.5690231323242 -93.3500518798828 -93.0247802734375 -92.6995010375977 -92.3742218017578 -92.048942565918 -91.7236633300781 -91.3983917236328 -91.0420608520508 -90.5925827026367 -90.1431121826172 -89.6936340332031 -89.2441558837891 -88.794677734375 -88.3451995849609 -87.8957290649414 -87.5769195556641 -87.3016662597656 -87.0264053344727 -86.7511520385742 -86.4758987426758 -86.2006454467773 -85.9253921508789 -85.6324996948242 -85.2866973876953 -84.9408950805664 -84.5950927734375 -84.2492980957031 -83.9034957885742 -83.5576934814453 -83.2118911743164 -82.8836517333984 -82.5612564086914 -82.2388687133789 -81.9164810180664
-93.5286483764648 -93.1760864257812 -92.9424209594727 -93.0654144287109 -93.1884078979492 -93.311408996582 -93.4344024658203 -93.5573959350586 -93.6803970336914 -93.8033905029297 -93.5769577026367 -93.2340393066406 -92.8911285400391 -92.5482177734375 -92.2053070068359 -91.8623962402344 -91.5194778442383 -91.1529235839844 -90.7154235839844 -90.2779235839844 -89.8404159545898 -89.4029159545898 -88.9654159545898 -88.5279159545898 -88.0904159545898 -87.7683944702148 -87.48486328125 -87.2013320922852 -86.9178009033203 -86.6342697143555 -86.3507385253906 -86.0672073364258 -85.7682495117188 -85.4230117797852 -85.077766418457 -84.7325286865234 -84.3872833251953 -84.0420455932617 -83.6968078613281 -83.3515625 -83.0176696777344 -82.6875686645508 -82.3574600219727 -82.0273513793945
-93.8025283813477 -93.4507293701172 -93.2131042480469 -93.3179779052734 -93.4228515625 -93.5277252197266 -93.6325912475586 -93.7374649047852 -93.8423385620117 -93.9472122192383 -93.7123413085938 -93.3642196655273 -93.0161056518555 -92.6679840087891 -92.3198623657227 -91.9717407226562 -91.6236190795898 -91.2550659179688 -90.8251800537109 -90.3953018188477 -89.9654159545898 -89.5355377197266 -89.1056594848633 -88.6757736206055 -88.2458953857422 -87.9190673828125 -87.626594543457 -87.3341217041016 -87.0416488647461 -86.7491760253906 -86.4567031860352 -86.1642303466797 -85.8596420288086 -85.5186996459961 -85.1777572631836 -84.8368148803711 -84.4958724975586 -84.1549301147461 -83.8139877319336 -83.4730453491211 -83.1366653442383 -82.8018035888672 -82.4669418334961 -82.132080078125
-94.2766494750977 -93.929931640625 -93.6812896728516 -93.7268905639648 -93.7724914550781 -93.8180923461914 -93.8636932373047 -93.909294128418 -93.9548950195312 -94.0004959106445 -93.756217956543 -93.4153213500977 -93.0744171142578 -92.733512878418 -92.3926162719727 -92.0517120361328 -91.7108154296875 -91.3484802246094 -90.9218673706055 -90.495246887207 -90.0686340332031 -89.6420211791992 -89.2154006958008 -88.7887878417969 -88.3621673583984 -88.0289535522461 -87.7268676757812 -87.4247894287109 -87.1227035522461 -86.8206253051758 -86.5185394287109 -86.2164535522461 -85.9066696166992 -85.5737609863281 -85.2408599853516 -84.9079513549805 -84.5750503540039 -84.2421417236328 -83.9092407226562 -83.5763320922852 -83.2406158447266 -82.9039688110352 -82.5673141479492 -82.2306671142578
-94.7507705688477 -94.4091339111328 -94.1494827270508 -94.1358108520508 -94.1221389770508 -94.1084671020508 -94.0947875976562 -94.0811157226562 -94.0674438476562 -94.0537719726562 -93.8000946044922 -93.4664154052734 -93.1327285766602 -92.7990493774414 -92.4653701782227 -92.1316833496094 -91.7980041503906 -91.4419021606445 -91.0185546875 -90.5951995849609 -90.1718521118164 -89.7484970092773 -89.3251419067383 -88.9017944335938 -88.4784393310547 -88.1388320922852 -87.8271408081055 -87.5154495239258 -87.2037582397461 -86.8920669555664 -86.5803756713867 -86.268684387207 -85.9536972045898 -85.6288299560547 -85.3039627075195 -84.9790954589844 -84.6542282104492 -84.3293609619141 -84.0044937133789 -83.6796188354492 -83.3445739746094 -83.0061340332031 -82.6676940917969 -82.3292541503906
-95.2248992919922 -94.8883285522461 -94.6176681518555 -94.5447235107422 -94.4717788696289 -94.3988342285156 -94.3258895874023 -94.2529449462891 -94.1800003051758 -94.1070556640625 -93.8439712524414 -93.5175094604492 -93.191047668457 -92.8645858764648 -92.5381164550781 -92.2116546630859 -91.8851928710938 -91.5353240966797 -91.115234375 -90.6951522827148 -90.2750625610352 -89.8549728393555 -89.4348907470703 -89.0148010253906 -88.5947113037109 -88.2487182617188 -87.9274139404297 -87.6061172485352 -87.2848129272461 -86.9635162353516 -86.6422119140625 -86.320915222168 -86.000732421875 -85.6838989257812 -85.3670654296875 -85.0502395629883 -84.7334060668945 -84.4165725708008 -84.099739074707 -83.7829132080078 -83.4485321044922 -83.1082992553711 -82.7680740356445 -82.4278411865234
-95.6990203857422 -95.3675308227539 -95.0858612060547 -94.9536437988281 -94.8214263916016 -94.689208984375 -94.5569915771484 -94.4247741699219 -94.2925567626953 -94.1603393554688 -93.8878479003906 -93.568603515625 -93.2493591308594 -92.9301147460938 -92.6108703613281 -92.2916259765625 -91.9723815917969 -91.6287460327148 -91.2119216918945 -90.7950973510742 -90.3782806396484 -89.9614562988281 -89.5446319580078 -89.1278076171875 -88.7109909057617 -88.3585968017578 -88.0276870727539 -87.69677734375 -87.3658676147461 -87.0349578857422 -86.7040481567383 -86.3731384277344 -86.0477600097656 -85.7389678955078 -85.4301681518555 -85.1213760375977 -84.8125839233398 -84.503791809082 -84.1949920654297 -83.8861999511719 -83.552490234375 -83.2104644775391 -82.8684463500977 -82.5264282226562
-96.1731414794922 -95.8467254638672 -95.5540466308594 -95.3625564575195 -95.1710662841797 -94.9795761108398 -94.7880859375 -94.5965957641602 -94.4051055908203 -94.2136154174805 -93.9317245483398 -93.6196975708008 -93.3076705932617 -92.9956512451172 -92.6836242675781 -92.3715972900391 -92.0595703125 -91.72216796875 -91.3086090087891 -90.8950500488281 -90.4814910888672 -90.0679321289062 -89.6543807983398 -89.2408218383789 -88.827262878418 -88.4684829711914 -88.1279678344727 -87.7874450683594 -87.4469223022461 -87.1064071655273 -86.7658843994141 -86.4253692626953 -86.0947875976562 -85.7940292358398 -85.493278503418 -85.1925201416016 -84.8917617797852 -84.5910034179688 -84.2902450561523 -83.9894866943359 -83.6564407348633 -83.3126373291016 -82.9688262939453 -82.6250152587891
-96.380973815918 -96.0647811889648 -95.7744979858398 -95.5619430541992 -95.3493881225586 -95.1368255615234 -94.9242706298828 -94.7117156982422 -94.499153137207 -94.2865982055664 -94.0007553100586 -93.6904830932617 -93.3802032470703 -93.0699310302734 -92.7596588134766 -92.4493865966797 -92.1391067504883 -91.8049392700195 -91.3990707397461 -90.9932022094727 -90.5873336791992 -90.1814651489258 -89.7755966186523 -89.3697280883789 -88.9638595581055 -88.6020660400391 -88.2549591064453 -87.9078598022461 -87.5607528686523 -87.2136459350586 -86.8665466308594 -86.5194396972656 -86.1856842041016 -85.8919830322266 -85.5982818603516 -85.3045806884766 -85.010871887207 -84.717170715332 -84.423469543457 -84.129768371582 -83.7964324951172 -83.4498977661133 -83.1033554077148 -82.7568130493164
-96.3225250244141 -96.0216979980469 -95.7472152709961 -95.5517959594727 -95.3563766479492 -95.1609573364258 -94.9655380249023 -94.7701263427734 -94.57470703125 -94.3792877197266 -94.0949401855469 -93.7809448242188 -93.4669570922852 -93.152961730957 -92.8389739990234 -92.5249862670898 -92.2109909057617 -91.8770599365234 -91.4833068847656 -91.0895538330078 -90.69580078125 -90.3020477294922 -89.9082946777344 -89.5145416259766 -89.1207885742188 -88.7593536376953 -88.4086837768555 -88.0580215454102 -87.7073516845703 -87.356689453125 -87.0060272216797 -86.6553573608398 -86.3204498291016 -86.0328216552734 -85.7451858520508 -85.4575576782227 -85.169921875 -84.8822937011719 -84.5946578979492 -84.3070297241211 -83.9724578857422 -83.6222457885742 -83.2720413208008 -82.9218292236328
-96.2640838623047 -95.9786071777344 -95.7199325561523 -95.5416488647461 -95.3633728027344 -95.1850891113281 -95.0068130493164 -94.8285293579102 -94.6502532958984 -94.4719696044922 -94.1891174316406 -93.8714141845703 -93.5537033081055 -93.2360000610352 -92.9182891845703 -92.6005783081055 -92.2828750610352 -91.9491806030273 -91.5675430297852 -91.185905456543 -90.8042678833008 -90.4226303100586 -90.0409927368164 -89.6593551635742 -89.277717590332 -88.916633605957 -88.5624084472656 -88.2081832885742 -87.8539581298828 -87.4997253417969 -87.1455001831055 -86.7912750244141 -86.4552154541016 -86.1736526489258 -85.89208984375 -85.6105346679688 -85.328971862793 -85.0474090576172 -84.7658462524414 -84.4842910766602 -84.1484832763672 -83.7946014404297 -83.4407196044922 -83.0868377685547
-96.2056350708008 -95.9355163574219 -95.6926498413086 -95.5315093994141 -95.3703689575195 -95.2092208862305 -95.0480804443359 -94.8869400024414 -94.7257995605469 -94.5646591186523 -94.2833023071289 -93.9618759155273 -93.6404571533203 -93.3190307617188 -92.9976043701172 -92.6761779785156 -92.3547592163086 -92.0213088989258 -91.6517791748047 -91.2822570800781 -90.9127349853516 -90.543212890625 -90.1736907958984 -89.8041687011719 -89.4346389770508 -89.0739212036133 -88.7161331176758 -88.3583450317383 -88.0005569458008 -87.6427688598633 -87.2849807739258 -86.9271926879883 -86.5899810791016 -86.3144912719727 -86.0390014648438 -85.7635116577148 -85.4880218505859 -85.212532043457 -84.9370422363281 -84.6615524291992 -84.3245086669922 -83.9669570922852 -83.6094055175781 -83.2518463134766
-96.1471862792969 -95.8924331665039 -95.6653671264648 -95.5213623046875 -95.3773574829102 -95.2333602905273 -95.08935546875 -94.9453506469727 -94.8013458251953 -94.657341003418 -94.3774871826172 -94.0523452758789 -93.7272033691406 -93.4020614624023 -93.0769195556641 -92.7517776489258 -92.4266357421875 -92.0934295654297 -91.7360229492188 -91.3786087036133 -91.0212020874023 -90.6637954711914 -90.3063888549805 -89.948974609375 -89.5915679931641 -89.231201171875 -88.8698577880859 -88.5085067749023 -88.1471557617188 -87.7858047485352 -87.4244613647461 -87.0631103515625 -86.724739074707 -86.455322265625 -86.185905456543 -85.9164886474609 -85.6470718383789 -85.3776473999023 -85.1082305908203 -84.8388137817383 -84.5005416870117 -84.1393127441406 -83.7780838012695 -83.416862487793
-96.088737487793 -95.8493423461914 -95.6380844116211 -95.5112152099609 -95.3843536376953 -95.2574920654297 -95.1306228637695 -95.0037612915039 -94.8768920898438 -94.7500305175781 -94.4716720581055 -94.1428146362305 -93.8139572143555 -93.4850921630859 -93.1562347412109 -92.8273773193359 -92.4985198974609 -92.1655502319336 -91.8202590942383 -91.474967956543 -91.1296691894531 -90.7843780517578 -90.439079284668 -90.0937881469727 -89.7484970092773 -89.3884887695312 -89.0235748291016 -88.6586685180664 -88.2937545776367 -87.9288482666016 -87.5639343261719 -87.1990280151367 -86.859504699707 -86.5961608886719 -86.3328094482422 -86.069465637207 -85.8061141967773 -85.5427703857422 -85.2794189453125 -85.0160751342773 -84.6765670776367 -84.3116683959961 -83.9467697143555 -83.5818710327148
