data/working_set_collections/6091692-Cassins_Sparrow-M2/1990/prectotcorr_avg.asc
NCOLS 265 
NROWS 230 
XLLCORNER -115.5625 
YLLCORNER 24.8333333333333 
CELLSIZE 0.0833333333333333 
NODATA_value -9999 
[rows 180 to 197 of 230, columns 41 to 81 of 265]
-9999 9.77599574980559e-06 1.01085324786254e-05 1.04921145975823e-05 1.10288374344236e-05 1.1565560271265e-05 1.21022821986116e-05 1.2639005035453e-05 1.31757278722944e-05 1.3712449799641e-05 1.42491726364824e-05 1.42785647767596e-05 1.41388463816838e-05 1.39991270771134e-05 1.38594086820376e-05 1.37196902869618e-05 1.35799718918861e-05 1.34402534968103e-05 1.35090895128087e-05 1.42035896715242e-05 1.48980889207451e-05 1.55925881699659e-05 1.62870874191867e-05 1.69815866684075e-05 1.76760877366178e-05 1.83705869858386e-05 1.87650584848598e-05 1.90595201274846e-05 1.93539817701094e-05 1.96484434127342e-05 1.99429068743484e-05 2.02373685169732e-05 2.0531830159598e-05 2.07861921808217e-05 2.09202535188524e-05 2.10543130378937e-05 2.11883743759245e-05 2.13224357139552e-05 2.14564970519859e-05 2.15905583900167e-05 2.1724617909058e-05
-9999 9.4835468189558e-06 9.80015465756878e-06 1.0174540875596e-05 1.07222622318659e-05 1.12699835881358e-05 1.18177049444057e-05 1.23654263006756e-05 1.29131476569455e-05 1.34608690132154e-05 1.40085903694853e-05 1.40750616992591e-05 1.39811163535342e-05 1.38871700983145e-05 1.37932247525896e-05 1.36992794068647e-05 1.36053340611397e-05 1.35113887154148e-05 1.36102053147624e-05 1.42873059303383e-05 1.49644065459142e-05 1.56415080709849e-05 1.63186086865608e-05 1.69957093021367e-05 1.76728099177126e-05 1.83499105332885e-05 1.87741734407609e-05 1.91141552932095e-05 1.94541389646474e-05 1.97941226360854e-05 2.01341063075233e-05 2.04740881599719e-05 2.08140718314098e-05 2.11140995816095e-05 2.12942595680943e-05 2.14744195545791e-05 2.16545795410639e-05 2.18347395275487e-05 2.20148995140335e-05 2.21950595005183e-05 2.2375219487003e-05
-9999 -9999 9.49177683651214e-06 9.85696624411503e-06 1.04156861198135e-05 1.09744069050066e-05 1.15331267807051e-05 1.20918466564035e-05 1.26505674415966e-05 1.32092873172951e-05 1.37680081024882e-05 1.38715586217586e-05 1.38233863253845e-05 1.37752131195157e-05 1.37270408231416e-05 1.36788685267675e-05 1.36306962303934e-05 1.35825239340193e-05 1.37113202072214e-05 1.43710221891524e-05 1.50307241710834e-05 1.56904261530144e-05 1.63501281349454e-05 1.70098301168764e-05 1.76695320988074e-05 1.83292340807384e-05 1.87832883966621e-05 1.91687922779238e-05 1.95542961591855e-05 1.99398000404472e-05 2.03253057406982e-05 2.07108096219599e-05 2.10963135032216e-05 2.14420069823973e-05 2.16682656173361e-05 2.1894524252275e-05 2.21207828872139e-05 2.23470415221527e-05 2.25733001570916e-05 2.27995606110198e-05 2.30258192459587e-05
-9999 -9999 -9999 9.53939161263406e-06 1.01091109172557e-05 1.06788302218774e-05 1.12485486170044e-05 1.18182679216261e-05 1.23879872262478e-05 1.29577065308695e-05 1.35274249259965e-05 1.36680555442581e-05 1.36656562972348e-05 1.36632561407168e-05 1.36608568936936e-05 1.36584576466703e-05 1.3656058399647e-05 1.36536591526237e-05 1.38124350996804e-05 1.44547384479665e-05 1.50970417962526e-05 1.5739344235044e-05 1.638164758333e-05 1.70239509316161e-05 1.76662542799022e-05 1.83085576281883e-05 1.87924033525633e-05 1.92234292626381e-05 1.96544533537235e-05 2.00854792637983e-05 2.05165051738732e-05 2.09475292649586e-05 2.13785551750334e-05 2.17699143831851e-05 2.2042271666578e-05 2.23146289499709e-05 2.25869880523533e-05 2.28593453357462e-05 2.31317026191391e-05 2.34040617215214e-05 2.36764190049144e-05
-9999 -9999 -9999 -9999 9.80253571469802e-06 1.03832535387482e-05 1.09639713627985e-05 1.15446891868487e-05 1.21254070108989e-05 1.27061248349492e-05 1.32868426589994e-05 1.34645524667576e-05 1.35079262690851e-05 1.3551299161918e-05 1.35946729642455e-05 1.36380467665731e-05 1.36814205689006e-05 1.37247934617335e-05 1.39135499921395e-05 1.45384547067806e-05 1.51633594214218e-05 1.57882641360629e-05 1.64131688507041e-05 1.70380735653453e-05 1.76629782799864e-05 1.82878829946276e-05 1.88015183084644e-05 1.9278064428363e-05 1.97546105482616e-05 2.02311584871495e-05 2.07077046070481e-05 2.11842507269466e-05 2.16607968468452e-05 2.20978217839729e-05 2.24162777158199e-05 2.27347354666563e-05 2.30531913985033e-05 2.33716491493396e-05 2.36901050811866e-05 2.4008562832023e-05 2.432701876387e-05
-9999 -9999 -9999 -9999 -9999 1.00876768556191e-05 1.06793931990978e-05 1.12711104520713e-05 1.18628267955501e-05 1.24545440485235e-05 1.30462603920023e-05 1.32610493892571e-05 1.33501962409355e-05 1.34393421831192e-05 1.35284890347975e-05 1.36176358864759e-05 1.37067818286596e-05 1.3795928680338e-05 1.40146648845985e-05 1.46221709655947e-05 1.5229677046591e-05 1.58371822180925e-05 1.64446882990887e-05 1.7052194380085e-05 1.76597004610812e-05 1.82672065420775e-05 1.88106332643656e-05 1.93327014130773e-05 1.9854769561789e-05 2.03768358915113e-05 2.0898904040223e-05 2.14209721889347e-05 2.1943038518657e-05 2.24257291847607e-05 2.27902837650618e-05 2.31548401643522e-05 2.35193965636427e-05 2.38839511439437e-05 2.42485075432342e-05 2.46130639425246e-05 2.49776185228257e-05
-9999 -9999 -9999 -9999 -9999 -9999 1.03973889054032e-05 1.09834991235402e-05 1.15696084321826e-05 1.21557186503196e-05 1.27418279589619e-05 1.29704139908426e-05 1.30798243844765e-05 1.31892356876051e-05 1.32986469907337e-05 1.34080573843676e-05 1.35174686874961e-05 1.362687908113e-05 1.38605337269837e-05 1.44669165820233e-05 1.50732994370628e-05 1.56796832015971e-05 1.62860651471419e-05 1.68924489116762e-05 1.74988326762104e-05 1.81052146217553e-05 1.86785073310602e-05 1.92407715076115e-05 1.98030338651733e-05 2.03652980417246e-05 2.09275603992864e-05 2.14898245758377e-05 2.20520869333996e-05 2.25743824557867e-05 2.29767756536603e-05 2.33791688515339e-05 2.37815620494075e-05 2.41839552472811e-05 2.45863466261653e-05 2.49887398240389e-05 2.53911330219125e-05
-9999 -9999 -9999 -9999 -9999 -9999 -9999 -9999 1.12457519207965e-05 1.18096486403374e-05 1.2373546269373e-05 1.25926453620195e-05 1.26968125186977e-05 1.28009787658812e-05 1.29051459225593e-05 1.30093121697428e-05 1.31134793264209e-05 1.32176464830991e-05 1.34511556098005e-05 1.40726915560663e-05 1.46942275023321e-05 1.53157634485979e-05 1.59372993948637e-05 1.65588353411295e-05 1.71803712873952e-05 1.7801907233661e-05 1.84051423275378e-05 1.90022747119656e-05 1.95994089153828e-05 2.01965412998106e-05 2.07936755032279e-05 2.13908078876557e-05 2.19879420910729e-05 2.25437834160402e-05 2.29757515626261e-05 2.3407719709212e-05 2.38396878557978e-05 2.42716560023837e-05 2.47036241489695e-05 2.51355922955554e-05 2.55675604421413e-05
-9999 -9999 -9999 -9999 -9999 -9999 -9999 -9999 -9999 1.14635795398499e-05 1.20052636702894e-05 1.22148767331964e-05 1.23137997434242e-05 1.24127218441572e-05 1.25116448543849e-05 1.26105678646127e-05 1.27094899653457e-05 1.28084129755734e-05 1.30417765831226e-05 1.36784665301093e-05 1.43151555676013e-05 1.49518446050934e-05 1.55885336425854e-05 1.62252235895721e-05 1.68619117175695e-05 1.74986016645562e-05 1.81317755050259e-05 1.87637797353091e-05 1.93957821466029e-05 2.00277863768861e-05 2.06597906071693e-05 2.12917930184631e-05 2.19237972487463e-05 2.25131843762938e-05 2.29747292905813e-05 2.34362723858794e-05 2.38978154811775e-05 2.43593585764756e-05 2.48209016717738e-05 2.52824465860613e-05 2.57439896813594e-05
-9999 -9999 -9999 -9999 -9999 -9999 -9999 -9999 -9999 -9999 1.16369819807005e-05 1.18371081043733e-05 1.19307869681506e-05 1.20244649224333e-05 1.21181437862106e-05 1.22118226499879e-05 1.23055006042705e-05 1.23991794680478e-05 1.26323984659393e-05 1.32842405946576e-05 1.39360827233759e-05 1.45879257615888e-05 1.52397678903071e-05 1.58916100190254e-05 1.65434521477437e-05 1.71952942764619e-05 1.78584105015034e-05 1.85252829396632e-05 1.91921571968123e-05 1.98590314539615e-05 2.05259038921213e-05 2.11927781492705e-05 2.18596505874302e-05 2.24825871555367e-05 2.29737051995471e-05 2.34648232435575e-05 2.39559431065572e-05 2.44470611505676e-05 2.4938179194578e-05 2.54292990575777e-05 2.59204171015881e-05
-9999 -9999 -9999 -9999 -9999 -9999 -9999 -9999 -9999 -9999 -9999 1.14593394755502e-05 1.15477741928771e-05 1.1636208910204e-05 1.17246427180362e-05 1.18130774353631e-05 1.19015112431953e-05 1.19899459605222e-05 1.22230203487561e-05 1.28900155687006e-05 1.35570107886451e-05 1.42240060085896e-05 1.48910012285342e-05 1.55579964484787e-05 1.62249925779179e-05 1.68919868883677e-05 1.75850436789915e-05 1.82867879630066e-05 1.89885304280324e-05 1.96902747120475e-05 2.03920189960627e-05 2.10937632800778e-05 2.17955057451036e-05 2.24519881157903e-05 2.29726811085129e-05 2.34933759202249e-05 2.40140689129476e-05 2.45347637246596e-05 2.50554567173822e-05 2.55761515290942e-05 2.60968463408062e-05
-9999 -9999 -9999 -9999 -9999 -9999 -9999 -9999 -9999 -9999 -9999 -9999 1.11647614176036e-05 1.12479519884801e-05 1.13311416498618e-05 1.14143322207383e-05 1.14975227916148e-05 1.15807124529965e-05 1.18136422315729e-05 1.24957905427436e-05 1.31779388539144e-05 1.38600871650851e-05 1.45422354762559e-05 1.52243837874266e-05 1.59065311891027e-05 1.65886795002734e-05 1.73116768564796e-05 1.80482911673607e-05 1.87849054782419e-05 1.9521519789123e-05 2.02581322810147e-05 2.09947465918958e-05 2.17313609027769e-05 2.24213890760439e-05 2.29716588364681e-05 2.3521926777903e-05 2.40721965383273e-05 2.46224662987515e-05 2.51727342401864e-05 2.57230040006107e-05 2.62732737610349e-05
-9999 -9999 -9999 -9999 -9999 -9999 -9999 -9999 -9999 -9999 -9999 -9999 -9999 1.08862377601326e-05 1.09718366729794e-05 1.10574355858262e-05 1.11430335891782e-05 1.1228632502025e-05 1.14637505248538e-05 1.21474258776288e-05 1.28311012304039e-05 1.35147765831789e-05 1.41984528454486e-05 1.48821281982237e-05 1.55658035509987e-05 1.62494798132684e-05 1.69863524206448e-05 1.7740956536727e-05 1.84955606528092e-05 1.92501647688914e-05 2.00047688849736e-05 2.07593730010558e-05 2.1513977117138e-05 2.22230373765342e-05 2.27954624278937e-05 2.33678874792531e-05 2.39403125306126e-05 2.4512737581972e-05 2.50851626333315e-05 2.5657587684691e-05 2.62300145550398e-05
-9999 -9999 -9999 -9999 -9999 -9999 -9999 -9999 -9999 -9999 -9999 -9999 -9999 -9999 -9999 -9999 -9999 -9999 1.11733443191042e-05 1.18449215733563e-05 1.25164988276083e-05 1.31880760818603e-05 1.38596533361124e-05 1.45312305903644e-05 1.52028078446165e-05 1.58743841893738e-05 1.6609064914519e-05 1.73647804331267e-05 1.81204959517345e-05 1.88762114703422e-05 1.963192698895e-05 2.03876425075578e-05 2.11433562071761e-05 2.18569330172613e-05 2.24440955207683e-05 2.30312580242753e-05 2.36184187087929e-05 2.42055812122999e-05 2.47927418968175e-05 2.53799044003244e-05 2.5967065084842e-05
-9999 -9999 -9999 -9999 -9999 -9999 -9999 -9999 -9999 -9999 -9999 -9999 -9999 -9999 -9999 -9999 -9999 -9999 1.08829381133546e-05 1.15424172690837e-05 1.22018964248127e-05 1.28613746710471e-05 1.35208538267761e-05 1.41803329825052e-05 1.48398112287396e-05 1.54992903844686e-05 1.62317792273825e-05 1.69886061485158e-05 1.77454312506597e-05 1.85022581717931e-05 1.9259083273937e-05 2.00159101950703e-05 2.07727352972142e-05 2.14908304769779e-05 2.2092728613643e-05 2.26946267503081e-05 2.32965248869732e-05 2.38984230236383e-05 2.45003211603034e-05 2.51022192969685e-05 2.57041174336337e-05
-9999 -9999 -9999 -9999 -9999 -9999 -9999 -9999 -9999 -9999 -9999 -9999 -9999 -9999 -9999 -9999 -9999 -9999 1.05925328170997e-05 1.12399129648111e-05 1.18872931125225e-05 1.25346741697285e-05 1.31820543174399e-05 1.38294344651513e-05 1.44768155223574e-05 1.51241956700687e-05 1.5854493540246e-05 1.66124300449155e-05 1.7370366549585e-05 1.81283048732439e-05 1.88862413779134e-05 1.96441778825829e-05 2.04021143872524e-05 2.1124726117705e-05 2.17413617065176e-05 2.23579954763409e-05 2.29746310651535e-05 2.35912648349768e-05 2.42079004237894e-05 2.48245341936126e-05 2.54411697824253e-05
-9999 -9999 -9999 -9999 -9999 -9999 -9999 -9999 -9999 -9999 -9999 -9999 -9999 -9999 -9999 -9999 -9999 -9999 1.03021266113501e-05 1.09374086605385e-05 1.15726907097269e-05 1.22079727589153e-05 1.28432548081037e-05 1.34785368572921e-05 1.41138189064804e-05 1.47491009556688e-05 1.54772078531096e-05 1.62362557603046e-05 1.69953036674997e-05 1.77543515746947e-05 1.85133994818898e-05 1.92724455700954e-05 2.00314934772905e-05 2.07586235774215e-05 2.13899947993923e-05 2.20213660213631e-05 2.26527372433338e-05 2.32841084653046e-05 2.39154796872754e-05 2.45468509092461e-05 2.51782221312169e-05
-9999 -9999 -9999 -9999 -9999 -9999 -9999 -9999 -9999 -9999 -9999 -9999 -9999 -9999 -9999 -9999 -9999 -9999 1.00117204056005e-05 1.06349043562659e-05 1.12580883069313e-05 1.1881271348102e-05 1.25044552987674e-05 1.31276392494328e-05 1.37508232000982e-05 1.43740071507636e-05 1.50999221659731e-05 1.58600796567043e-05 1.6620238966425e-05 1.73803982761456e-05 1.81405557668768e-05 1.89007150765974e-05 1.96608725673286e-05 2.03925192181487e-05 2.10386260732776e-05 2.16847347473959e-05 2.23308416025247e-05 2.2976950276643e-05 2.36230571317719e-05 2.42691658058902e-05 2.49152744800085e-05
