data/working_set_collections/6091692-Cassins_Sparrow-M2/1990/prectotcorr_avg.asc
NCOLS 265 
NROWS 230 
XLLCORNER -115.5625 
YLLCORNER 24.8333333333333 
CELLSIZE 0.0833333333333333 
NODATA_value -9999 
[rows 54 to 71 of 230, columns 0 to 40 of 265]
9.32675538933836e-06 9.51014226302505e-06 9.69352913671173e-06 9.87691601039842e-06 1.00603028840851e-05 1.02436906672665e-05 1.04270775409532e-05 1.03824750112835e-05 1.02618760138284e-05 1.01412779258681e-05 1.0020678928413e-05 9.90007993095787e-06 9.77948184299748e-06 9.65888284554239e-06 9.55174982664175e-06 9.48501292441506e-06 9.41827602218837e-06 9.35153911996167e-06 9.28480221773498e-06 9.21806531550828e-06 9.15132841328159e-06 9.0845915110549e-06 9.15635337150889e-06 9.27428118302487e-06 9.39220899454085e-06 9.51013589656213e-06 9.62806370807812e-06 9.7459915195941e-06 9.86391933111008e-06 1.00245479188743e-05 1.03132797448779e-05 1.06020106613869e-05 1.08907424873905e-05 1.11794743133942e-05 1.14682052299031e-05 1.17569370559067e-05 1.20456688819104e-05 1.24070411402499e-05 1.27926268760348e-05 1.31782126118196e-05 1.35637983476045e-05
9.01397652341984e-06 9.20512957236497e-06 9.39628353080479e-06 9.58743657974992e-06 9.77858962869504e-06 9.96974358713487e-06 1.016089663608e-05 1.01477662610705e-05 1.00665411082446e-05 9.98531686491333e-06 9.90409171208739e-06 9.82286655926146e-06 9.74164231593022e-06 9.66041716310428e-06 9.58461714617442e-06 9.52508980844868e-06 9.46556247072294e-06 9.4060351329972e-06 9.34650779527146e-06 9.28698136704043e-06 9.22745402931469e-06 9.16792669158895e-06 9.23963034438202e-06 9.35507796384627e-06 9.47052467381582e-06 9.58597229328007e-06 9.70141991274431e-06 9.81686753220856e-06 9.93231424217811e-06 1.00890802059439e-05 1.0369802112109e-05 1.06505240182742e-05 1.09312459244393e-05 1.12119678306044e-05 1.14926897367695e-05 1.17734116429347e-05 1.20541335490998e-05 1.23743320727954e-05 1.27076900753309e-05 1.30410480778664e-05 1.3374406080402e-05
8.70119765750133e-06 8.90011779119959e-06 9.09903701540316e-06 9.29795714910142e-06 9.49687637330499e-06 9.69579650700325e-06 9.89471573120682e-06 9.91305751085747e-06 9.87120620266069e-06 9.82935580395861e-06 9.78750449576182e-06 9.74565409705974e-06 9.70380278886296e-06 9.66195239016088e-06 9.61748446570709e-06 9.56516669248231e-06 9.51284891925752e-06 9.46053205552744e-06 9.40821428230265e-06 9.35589650907787e-06 9.30357873585308e-06 9.251261872123e-06 9.32290731725516e-06 9.43587474466767e-06 9.54884126258548e-06 9.661808689998e-06 9.77477520791581e-06 9.88774263532832e-06 1.00007100627408e-05 1.01536134025082e-05 1.04263253888348e-05 1.06990373751614e-05 1.0971749361488e-05 1.12444613478146e-05 1.1517174243636e-05 1.17898862299626e-05 1.20625982162892e-05 1.23416239148355e-05 1.26227541841217e-05 1.2903884453408e-05 1.31850147226942e-05
8.38841970107751e-06 8.59510510053951e-06 8.80179140949622e-06 9.00847680895822e-06 9.21516311791493e-06 9.42184851737693e-06 9.62853482633363e-06 9.67834876064444e-06 9.67587129707681e-06 9.67339474300388e-06 9.67091727943625e-06 9.66844072536333e-06 9.6659632617957e-06 9.66348670772277e-06 9.65035178523976e-06 9.60524357651593e-06 9.5601362772868e-06 9.51502806856297e-06 9.46991985983914e-06 9.42481256061001e-06 9.37970435188618e-06 9.33459614316234e-06 9.4061842901283e-06 9.51667152548907e-06 9.62715785135515e-06 9.73764508671593e-06 9.84813141258201e-06 9.95861773844808e-06 1.00691049738089e-05 1.02181456895778e-05 1.04828477560659e-05 1.07475507320487e-05 1.10122527985368e-05 1.12769557745196e-05 1.15416578410077e-05 1.18063608169905e-05 1.20710628834786e-05 1.23089157568756e-05 1.25378182929126e-05 1.27667199194548e-05 1.29956224554917e-05
8.07564083515899e-06 8.29009331937414e-06 8.50454489409458e-06 8.71899737830972e-06 8.93344986252487e-06 9.14790143724531e-06 9.36235392146045e-06 9.44364001043141e-06 9.48053639149293e-06 9.51743368204916e-06 9.55433006311068e-06 9.59122735366691e-06 9.62812464422313e-06 9.66502102528466e-06 9.68321910477243e-06 9.64532137004426e-06 9.60742272582138e-06 9.5695240815985e-06 9.53162634687033e-06 9.49372770264745e-06 9.45582996791927e-06 9.41793132369639e-06 9.48946126300143e-06 9.59746830631047e-06 9.70547444012482e-06 9.81348057393916e-06 9.9214876172482e-06 1.00294937510625e-05 1.01374998848769e-05 1.02826779766474e-05 1.05393710327917e-05 1.0796064088936e-05 1.10527562355855e-05 1.13094492917298e-05 1.15661423478741e-05 1.18228354040184e-05 1.20795284601627e-05 1.22762066894211e-05 1.24528814922087e-05 1.26295562949963e-05 1.28062301882892e-05
7.76286196924048e-06 7.98508062871406e-06 8.20729928818764e-06 8.42951794766122e-06 8.65173660713481e-06 8.87395435711369e-06 9.09617301658727e-06 9.20893126021838e-06 9.28520148590906e-06 9.36147262109444e-06 9.43774284678511e-06 9.51401398197049e-06 9.59028511715587e-06 9.66655534284655e-06 9.7160864243051e-06 9.68539825407788e-06 9.65470917435596e-06 9.62402100412874e-06 9.59333192440681e-06 9.56264375417959e-06 9.53195467445767e-06 9.50126650423044e-06 9.57273914536927e-06 9.67826508713188e-06 9.78379102889448e-06 9.88931697065709e-06 9.9948429124197e-06 1.01003688541823e-05 1.02058957054396e-05 1.03472111732117e-05 1.05958943095175e-05 1.08445774458232e-05 1.1093260582129e-05 1.13419437184348e-05 1.15906268547405e-05 1.18393099910463e-05 1.20879931273521e-05 1.22434985314612e-05 1.23679456009995e-05 1.24923917610431e-05 1.26168388305814e-05
7.48607408240787e-06 7.72012117522536e-06 7.9541678132955e-06 8.18821445136564e-06 8.42226199893048e-06 8.65630863700062e-06 8.89035527507076e-06 9.0273979367339e-06 9.13210624275962e-06 9.23681454878533e-06 9.34152285481105e-06 9.44623116083676e-06 9.55093946686247e-06 9.65564777288819e-06 9.72760790318716e-06 9.70132441580063e-06 9.67504092841409e-06 9.64875744102756e-06 9.62247486313572e-06 9.59619137574919e-06 9.56990788836265e-06 9.54362440097611e-06 9.61342266236898e-06 9.71524877968477e-06 9.81707398750586e-06 9.91889919532696e-06 1.00207253126428e-05 1.01225505204638e-05 1.02243757282849e-05 1.03619540823274e-05 1.06067882370553e-05 1.08516223917832e-05 1.1096456546511e-05 1.13412907012389e-05 1.15861257654615e-05 1.18309599201893e-05 1.20757940749172e-05 1.22055162137258e-05 1.22968676805613e-05 1.2388218237902e-05 1.24795697047375e-05
7.24527581041912e-06 7.49521313991863e-06 7.74515046941815e-06 7.99508779891767e-06 8.24502603791188e-06 8.4949633674114e-06 8.74490069691092e-06 8.89904185896739e-06 9.02125066204462e-06 9.14346037461655e-06 9.26566917769378e-06 9.38787798077101e-06 9.51008769334294e-06 9.63229649642017e-06 9.71778263192391e-06 9.6930998552125e-06 9.66841798799578e-06 9.64373521128437e-06 9.61905334406765e-06 9.59437056735624e-06 9.56968779064482e-06 9.54500592342811e-06 9.61151363298995e-06 9.70841847447446e-06 9.80532331595896e-06 9.90222815744346e-06 9.99913299892796e-06 1.00960369309178e-05 1.01929417724023e-05 1.03269076134893e-05 1.05720537248999e-05 1.08171998363105e-05 1.1062345947721e-05 1.13074929686263e-05 1.15526390800369e-05 1.17977851914475e-05 1.20429313028581e-05 1.21622597362148e-05 1.22396477308939e-05 1.23170357255731e-05 1.23944237202522e-05
7.00447708368301e-06 7.27030555935926e-06 7.53613358028815e-06 7.8019620559644e-06 8.06779007689329e-06 8.33361809782218e-06 8.59944611875108e-06 8.77068578120088e-06 8.91039599082433e-06 9.05010529095307e-06 9.18981550057651e-06 9.32952571019996e-06 9.4692350103287e-06 9.60894521995215e-06 9.70795736066066e-06 9.68487620411906e-06 9.66179413808277e-06 9.63871298154118e-06 9.61563182499958e-06 9.59254975896329e-06 9.56946860242169e-06 9.5463874458801e-06 9.60960460361093e-06 9.70158816926414e-06 9.79357264441205e-06 9.88555621006526e-06 9.97754068521317e-06 1.00695242508664e-05 1.01615078165196e-05 1.02918602351565e-05 1.05373192127445e-05 1.07827772808378e-05 1.1028235348931e-05 1.1273694326519e-05 1.15191523946123e-05 1.17646104627056e-05 1.20100694402936e-05 1.2119002349209e-05 1.21824277812266e-05 1.22458523037494e-05 1.2309277735767e-05
6.76367881169426e-06 7.04539752405253e-06 7.32711669115815e-06 7.60883540351642e-06 7.89055411587469e-06 8.17227282823296e-06 8.45399154059123e-06 8.64232970343437e-06 8.79954041010933e-06 8.95675111678429e-06 9.11396182345925e-06 9.27117253013421e-06 9.42838323680917e-06 9.58559394348413e-06 9.6981320893974e-06 9.67665164353093e-06 9.65517119766446e-06 9.63369075179799e-06 9.61221030593151e-06 9.59072986006504e-06 9.56924941419857e-06 9.54776805883739e-06 9.60769557423191e-06 9.69475877354853e-06 9.78182197286515e-06 9.86888517218176e-06 9.95594837149838e-06 1.0043011570815e-05 1.01300738606369e-05 1.02568137663184e-05 1.05025847005891e-05 1.07483547253651e-05 1.09941256596358e-05 1.12398956844117e-05 1.14856657091877e-05 1.17314366434584e-05 1.19772066682344e-05 1.2075745871698e-05 1.21252078315592e-05 1.21746697914205e-05 1.22241317512817e-05
6.52288053970551e-06 6.82048994349316e-06 7.1180993472808e-06 7.41570875106845e-06 7.7133181548561e-06 8.01092755864374e-06 8.30853696243139e-06 8.51397362566786e-06 8.68868482939433e-06 8.86339694261551e-06 9.03810814634198e-06 9.21281935006846e-06 9.38753146328963e-06 9.56224266701611e-06 9.68830681813415e-06 9.6684270829428e-06 9.64854734775145e-06 9.6286685220548e-06 9.60878878686344e-06 9.58890905167209e-06 9.56902931648074e-06 9.54914958128938e-06 9.60578654485289e-06 9.68792846833821e-06 9.77007130131824e-06 9.85221322480356e-06 9.93435605778359e-06 1.00164979812689e-05 1.00986399047542e-05 1.02217672974803e-05 1.04678501884337e-05 1.07139321698924e-05 1.09600150608458e-05 1.12060970423045e-05 1.14521799332579e-05 1.16982619147166e-05 1.194434480567e-05 1.2032489394187e-05 1.20679878818919e-05 1.21034872790915e-05 1.21389857667964e-05
6.28208226771676e-06 6.59558236293378e-06 6.90908245815081e-06 7.22258255336783e-06 7.53608264858485e-06 7.84958228905452e-06 8.16308238427155e-06 8.38561663840665e-06 8.57782924867934e-06 8.77004185895203e-06 8.96225446922472e-06 9.15446707949741e-06 9.3466796897701e-06 9.53889230004279e-06 9.6784815468709e-06 9.66020343184937e-06 9.64192440733314e-06 9.6236453828169e-06 9.60536726779537e-06 9.58708824327914e-06 9.56881012825761e-06 9.55053110374138e-06 9.60387751547387e-06 9.6810990726226e-06 9.75832062977133e-06 9.83554218692007e-06 9.9127637440688e-06 9.98998530121753e-06 1.00672059488716e-05 1.01867208286421e-05 1.04331156762782e-05 1.06795096144197e-05 1.09259044620558e-05 1.11722984001972e-05 1.14186932478333e-05 1.16650871859747e-05 1.19114820336108e-05 1.1989232916676e-05 1.20107679322246e-05 1.20323038572678e-05 1.20538397823111e-05
6.13842212260352e-06 6.46319267616491e-06 6.78796368447365e-06 7.1127346927824e-06 7.43750524634379e-06 7.76227625465253e-06 8.08704680821393e-06 8.32411933515687e-06 8.53195888339542e-06 8.73979752213927e-06 8.94763707037782e-06 9.15547661861638e-06 9.36331525736023e-06 9.57115480559878e-06 9.72417910816148e-06 9.71275949268602e-06 9.70133987721056e-06 9.6899202617351e-06 9.67850064625964e-06 9.66708103078417e-06 9.65566141530871e-06 9.64424179983325e-06 9.70059863902861e-06 9.77954914560542e-06 9.85849874268752e-06 9.93744833976962e-06 1.00163988463464e-05 1.00953484434285e-05 1.01742980405106e-05 1.02918502307148e-05 1.0525207471801e-05 1.07585656223819e-05 1.09919228634681e-05 1.12252801045543e-05 1.14586382551352e-05 1.16919954962214e-05 1.19253536468023e-05 1.19819787869346e-05 1.19796941362438e-05 1.19774085760582e-05 1.19751230158727e-05
6.09189964961843e-06 6.42332133793388e-06 6.7547434809967e-06 7.08616516931215e-06 7.41758731237496e-06 7.74900854594307e-06 8.08043114375323e-06 8.32947989692912e-06 8.55107191455318e-06 8.77266393217724e-06 8.9942559498013e-06 9.21584796742536e-06 9.43743907555472e-06 9.65903109317878e-06 9.82539950200589e-06 9.82609708444215e-06 9.82679375738371e-06 9.82749133981997e-06 9.82818892225623e-06 9.82888559519779e-06 9.82958317763405e-06 9.83028076007031e-06 9.89595082501182e-06 9.98327777779195e-06 1.00706056400668e-05 1.01579335023416e-05 1.02452604551218e-05 1.03325883173966e-05 1.04199161796714e-05 1.05371545942035e-05 1.07441264844965e-05 1.09510983747896e-05 1.11580702650826e-05 1.13650421553757e-05 1.15720140456688e-05 1.17789859359618e-05 1.19859578262549e-05 1.20107279144577e-05 1.19747646749602e-05 1.1938800525968e-05 1.19028363769758e-05
6.04537717663334e-06 6.38345045445021e-06 6.72152327751974e-06 7.05959610058926e-06 7.39766892365878e-06 7.73574174672831e-06 8.07381456979783e-06 8.33484136819607e-06 8.57018585520564e-06 8.80553034221521e-06 9.04087482922478e-06 9.27621931623435e-06 9.51156289374921e-06 9.74690738075878e-06 9.92661989585031e-06 9.93943376670359e-06 9.95224854705157e-06 9.96506241790485e-06 9.97787719825283e-06 9.99069106910611e-06 1.00035058494541e-05 1.00163197203074e-05 1.00913021015003e-05 1.01870073194732e-05 1.02827125374461e-05 1.03784177554189e-05 1.04741229733918e-05 1.05698281913646e-05 1.06655334093375e-05 1.07824589576921e-05 1.09630445876974e-05 1.11436311271973e-05 1.13242176666972e-05 1.15048042061972e-05 1.16853898362024e-05 1.18659763757023e-05 1.20465629152022e-05 1.20394779514754e-05 1.19698352136766e-05 1.19001924758777e-05 1.18305506475735e-05
5.9988551583956e-06 6.34357911621919e-06 6.68830261929543e-06 7.03302657711902e-06 7.37775053494261e-06 7.72247403801885e-06 8.06719799584243e-06 8.34020192996832e-06 8.5892988863634e-06 8.83839584275847e-06 9.08749279915355e-06 9.33659066504333e-06 9.58568762143841e-06 9.83478457783349e-06 1.00278402896947e-05 1.00527713584597e-05 1.00777024272247e-05 1.01026334959897e-05 1.01275654742494e-05 1.01524965430144e-05 1.01774276117794e-05 1.02023586805444e-05 1.02866542874835e-05 1.03907368611544e-05 1.04948194348253e-05 1.05989020084962e-05 1.07029854916618e-05 1.08070680653327e-05 1.09111506390036e-05 1.10277633211808e-05 1.11819636003929e-05 1.13361647890997e-05 1.14903650683118e-05 1.16445653475239e-05 1.17987665362307e-05 1.19529668154428e-05 1.21071680041496e-05 1.20682270789985e-05 1.1964905752393e-05 1.18615844257874e-05 1.17582640086766e-05
5.95233268541051e-06 6.30370777798817e-06 6.65508241581847e-06 7.00645750839612e-06 7.35783214622643e-06 7.70920723880408e-06 8.06058233138174e-06 8.34556249174057e-06 8.60841282701585e-06 8.87126225279644e-06 9.13411167857703e-06 9.39696201385232e-06 9.6598114396329e-06 9.92266086541349e-06 1.01290606835391e-05 1.01661089502159e-05 1.02031572168926e-05 1.02402054835693e-05 1.0277253750246e-05 1.03143020169227e-05 1.03513502835995e-05 1.03883985502762e-05 1.04820055639721e-05 1.05944664028357e-05 1.07069263322046e-05 1.08193871710682e-05 1.09318471004372e-05 1.10443079393008e-05 1.11567687781644e-05 1.12730676846695e-05 1.14008826130885e-05 1.15286975415074e-05 1.16565124699264e-05 1.17843273983453e-05 1.19121423267643e-05 1.20399572551833e-05 1.21677721836022e-05 1.20969762065215e-05 1.19599762911093e-05 1.18229763756972e-05 1.16859773697797e-05
5.90581066717277e-06 6.26383643975714e-06 6.62186221234151e-06 6.97988798492588e-06 7.33791375751025e-06 7.69593953009462e-06 8.05396575742634e-06 8.35092396300752e-06 8.62752585817361e-06 8.90412866283441e-06 9.1807305580005e-06 9.4573333626613e-06 9.7339352578274e-06 1.00105371529935e-05 1.02302801678888e-05 1.02794456324773e-05 1.03286110970657e-05 1.03777765616542e-05 1.04269420262426e-05 1.04761065813364e-05 1.05252720459248e-05 1.05744375105132e-05 1.06773577499553e-05 1.07981959445169e-05 1.09190332295839e-05 1.10398714241455e-05 1.11607096187072e-05 1.12815478132688e-05 1.14023860078305e-05 1.15183720481582e-05 1.1619801625784e-05 1.17212302939151e-05 1.1822659871541e-05 1.19240894491668e-05 1.20255181172979e-05 1.21269476949237e-05 1.22283772725496e-05 1.21257253340445e-05 1.19550468298257e-05 1.17843683256069e-05 1.16136907308828e-05
