data/working_set_collections/6091692-Cassins_Sparrow-M2/1990/prectotcorr_avg.asc
NCOLS 265 
NROWS 230 
XLLCORNER -115.5625 
YLLCORNER 24.8333333333333 
CELLSIZE 0.0833333333333333 
NODATA_value -9999 
[rows 144 to 161 of 230, columns 41 to 81 of 265]
1.31056185637135e-05 1.3493907317752e-05 1.38821960717905e-05 1.4201226804289e-05 1.43124825626728e-05 1.44237392305513e-05 1.45349949889351e-05 1.46462507473188e-05 1.47575065057026e-05 1.48687631735811e-05 1.49800189319649e-05 1.4981421372795e-05 1.49462057379424e-05 1.49109910125844e-05 1.48757753777318e-05 1.48405606523738e-05 1.48053450175212e-05 1.47701302921632e-05 1.47106138683739e-05 1.45781932587852e-05 1.44457735586911e-05 1.43133538585971e-05 1.41809341585031e-05 1.40485135489143e-05 1.39160938488203e-05 1.37836741487263e-05 1.36725593620213e-05 1.35685468194424e-05 1.34645342768636e-05 1.33605217342847e-05 1.32565091917058e-05 1.3152496649127e-05 1.30484841065481e-05 1.29363224914414e-05 1.27997145682457e-05 1.266310664505e-05 1.25264987218543e-05 1.23898907986586e-05 1.22532828754629e-05 1.21166740427725e-05 1.19800661195768e-05
1.31957212943234e-05 1.35870750455069e-05 1.39784278871957e-05 1.43002062031883e-05 1.44132582136081e-05 1.45263102240278e-05 1.46393631439423e-05 1.47524151543621e-05 1.48654671647819e-05 1.49785191752017e-05 1.50915720951161e-05 1.51036356328405e-05 1.50820369526627e-05 1.5060438272485e-05 1.50388395923073e-05 1.50172409121296e-05 1.49956422319519e-05 1.49740435517742e-05 1.49232209878392e-05 1.4784726772632e-05 1.46462325574248e-05 1.45077383422176e-05 1.43692441270105e-05 1.42307499118033e-05 1.40922556965961e-05 1.39537614813889e-05 1.3835781828675e-05 1.37246406666236e-05 1.36134985950775e-05 1.35023574330262e-05 1.33912162709748e-05 1.32800741994288e-05 1.31689330373774e-05 1.30481503219926e-05 1.28984429466072e-05 1.27487355712219e-05 1.25990272863419e-05 1.24493199109565e-05 1.22996125355712e-05 1.21499051601859e-05 1.20001977848005e-05
1.32858231154387e-05 1.36802418637672e-05 1.40746597026009e-05 1.43991846925928e-05 1.45140338645433e-05 1.46288821269991e-05 1.47437303894549e-05 1.48585795614053e-05 1.49734278238611e-05 1.50882760863169e-05 1.52031243487727e-05 1.52258498928859e-05 1.52178681673831e-05 1.52098855323857e-05 1.52019038068829e-05 1.51939211718854e-05 1.51859394463827e-05 1.51779568113852e-05 1.51358281073044e-05 1.49912593769841e-05 1.48466915561585e-05 1.47021228258382e-05 1.45575540955178e-05 1.44129853651975e-05 1.42684175443719e-05 1.41238488140516e-05 1.39990042953286e-05 1.38807336043101e-05 1.37624638227862e-05 1.36441931317677e-05 1.35259224407491e-05 1.34076526592253e-05 1.32893819682067e-05 1.31599781525438e-05 1.29971704154741e-05 1.28343635878991e-05 1.26715567603242e-05 1.25087499327492e-05 1.23459431051742e-05 1.21831362775993e-05 1.20203294500243e-05
1.33759258460486e-05 1.37734086820274e-05 1.41708906085114e-05 1.44981640914921e-05 1.46148086059839e-05 1.47314540299703e-05 1.48480985444621e-05 1.49647430589539e-05 1.50813884829404e-05 1.51980329974322e-05 1.53146775119239e-05 1.5348065062426e-05 1.53536984726088e-05 1.5359333701781e-05 1.53649671119638e-05 1.5370602341136e-05 1.53762357513187e-05 1.53818709804909e-05 1.53484361362644e-05 1.51977928908309e-05 1.50471496453974e-05 1.48965073094587e-05 1.47458640640252e-05 1.45952217280865e-05 1.4444578482653e-05 1.42939361467143e-05 1.41622258524876e-05 1.40368274514913e-05 1.39114281410002e-05 1.37860288305092e-05 1.36606295200181e-05 1.35352302095271e-05 1.34098318085307e-05 1.3271805983095e-05 1.30958987938357e-05 1.29199925140711e-05 1.27440862343065e-05 1.25681799545418e-05 1.23922736747772e-05 1.22163664855179e-05 1.20404602057533e-05
1.34660276671639e-05 1.38665755002876e-05 1.42671224239166e-05 1.45971434903913e-05 1.47155842569191e-05 1.48340250234469e-05 1.49524666994694e-05 1.50709074659972e-05 1.51893482325249e-05 1.53077889990527e-05 1.54262306750752e-05 1.54702793224715e-05 1.54895296873292e-05 1.55087800521869e-05 1.5528032236034e-05 1.55472826008918e-05 1.55665329657495e-05 1.55857833306072e-05 1.55610432557296e-05 1.54043264046777e-05 1.52476086441311e-05 1.50908917930792e-05 1.49341749420273e-05 1.47774571814807e-05 1.46207403304288e-05 1.44640234793769e-05 1.43254483191413e-05 1.41929203891777e-05 1.40603924592142e-05 1.39278645292507e-05 1.37953365992871e-05 1.36628086693236e-05 1.353028073936e-05 1.33836329041515e-05 1.31946271721972e-05 1.3005621440243e-05 1.28166157082887e-05 1.26276099763345e-05 1.24386033348856e-05 1.22495976029313e-05 1.20605918709771e-05
1.35561303977738e-05 1.39597423185478e-05 1.43633542393218e-05 1.46961219797959e-05 1.48163599078543e-05 1.49365969264181e-05 1.50568339449819e-05 1.51770718730404e-05 1.52973079821095e-05 1.54175468196627e-05 1.55377838382265e-05 1.55924935825169e-05 1.56253609020496e-05 1.56582282215822e-05 1.56910955411149e-05 1.57239628606476e-05 1.57568301801803e-05 1.57896974997129e-05 1.57736503751948e-05 1.56108580995351e-05 1.54480676428648e-05 1.5285275367205e-05 1.51224849105347e-05 1.49596935443697e-05 1.47969021782046e-05 1.46341108120396e-05 1.4488670785795e-05 1.43490133268642e-05 1.42093567774282e-05 1.40697002279921e-05 1.39300436785561e-05 1.37903871291201e-05 1.36507296701893e-05 1.34954607347026e-05 1.32933555505588e-05 1.30912503664149e-05 1.2889145182271e-05 1.26870390886324e-05 1.24849339044886e-05 1.22828287203447e-05 1.20807226267061e-05
1.35515028887312e-05 1.39560670504579e-05 1.436063030269e-05 1.46971751746605e-05 1.48296658153413e-05 1.49621555465274e-05 1.50946452777134e-05 1.52271359183942e-05 1.53596247400856e-05 1.5492116290261e-05 1.56246060214471e-05 1.56841797434026e-05 1.57194499479374e-05 1.57547183334827e-05 1.57899885380175e-05 1.58252569235628e-05 1.58605271280976e-05 1.58957973326324e-05 1.58827006089268e-05 1.57245121954475e-05 1.55663237819681e-05 1.54081335494993e-05 1.52499442265253e-05 1.50917558130459e-05 1.49335664900718e-05 1.47753771670978e-05 1.46230313475826e-05 1.44726345752133e-05 1.43222368933493e-05 1.41718392114853e-05 1.40214415296214e-05 1.38710447572521e-05 1.37206470753881e-05 1.35559221234871e-05 1.33482135424856e-05 1.31405049614841e-05 1.29327963804826e-05 1.27250877994811e-05 1.25173801279743e-05 1.23096715469728e-05 1.21019629659713e-05
1.34521469590254e-05 1.3855549696018e-05 1.42589515235159e-05 1.46003030749853e-05 1.47555019793799e-05 1.49107017932693e-05 1.50659006976639e-05 1.52210996020585e-05 1.53762994159479e-05 1.55314974108478e-05 1.56866972247371e-05 1.57453396241181e-05 1.57717968249926e-05 1.57982540258672e-05 1.58247112267418e-05 1.58511684276164e-05 1.58776256284909e-05 1.59040828293655e-05 1.58881975949043e-05 1.57452868734254e-05 1.56023761519464e-05 1.54594654304674e-05 1.53165547089884e-05 1.51736430780147e-05 1.50307323565357e-05 1.48878216350568e-05 1.47285318234935e-05 1.45637814057409e-05 1.43990318974829e-05 1.42342814797303e-05 1.40695319714723e-05 1.39047815537197e-05 1.3740031135967e-05 1.35650152515154e-05 1.3359200238483e-05 1.31533861349453e-05 1.29475711219129e-05 1.27417561088805e-05 1.25359410958481e-05 1.23301260828157e-05 1.2124311979278e-05
1.33527901198249e-05 1.37550314320833e-05 1.41572727443418e-05 1.450343097531e-05 1.46813390529132e-05 1.48592471305165e-05 1.50371552081197e-05 1.52150632857229e-05 1.53929722728208e-05 1.5570880350424e-05 1.57487884280272e-05 1.58064995048335e-05 1.58241437020479e-05 1.58417878992623e-05 1.58594339154661e-05 1.58770781126805e-05 1.58947223098949e-05 1.59123683260987e-05 1.58936927618925e-05 1.57660597324139e-05 1.56384285219247e-05 1.5510795492446e-05 1.53831642819569e-05 1.52555312524782e-05 1.51278991324943e-05 1.50002670125104e-05 1.48340313899098e-05 1.46549291457632e-05 1.44758269016165e-05 1.42967237479752e-05 1.41176215038286e-05 1.39385183501872e-05 1.37594161060406e-05 1.35741092890385e-05 1.33701878439751e-05 1.31662663989118e-05 1.29623449538485e-05 1.27584244182799e-05 1.25545029732166e-05 1.23505815281533e-05 1.214666008309e-05
1.32534341901192e-05 1.36545140776434e-05 1.40555939651676e-05 1.44065588756348e-05 1.46071761264466e-05 1.48077933772583e-05 1.50084106280701e-05 1.52090278788819e-05 1.54096451296937e-05 1.56102614710107e-05 1.58108796313172e-05 1.58676575665595e-05 1.58764905791031e-05 1.58853235916467e-05 1.5894154785201e-05 1.59029877977446e-05 1.59118208102882e-05 1.59206520038424e-05 1.58991879288806e-05 1.57868344103917e-05 1.56744808919029e-05 1.55621273734141e-05 1.54497738549253e-05 1.53374185174471e-05 1.5225065908453e-05 1.51127114804694e-05 1.49395318658208e-05 1.47460768857854e-05 1.45526219057501e-05 1.43591660162201e-05 1.41657110361848e-05 1.39722560561495e-05 1.37788010761142e-05 1.35832024170668e-05 1.33811745399726e-05 1.3179147572373e-05 1.29771196952788e-05 1.27750918181846e-05 1.25730639410904e-05 1.23710369734908e-05 1.21690090963966e-05
1.31540773509187e-05 1.35539967232035e-05 1.39539151859935e-05 1.43096858664649e-05 1.45330122904852e-05 1.47563387145055e-05 1.49796651385259e-05 1.52029915625462e-05 1.54263179865666e-05 1.56496444105869e-05 1.58729708346073e-05 1.59288174472749e-05 1.59288374561584e-05 1.59288574650418e-05 1.59288774739252e-05 1.59288974828087e-05 1.59289174916921e-05 1.59289375005756e-05 1.59046849148581e-05 1.58076090883696e-05 1.57105332618812e-05 1.56134574353928e-05 1.55163834278937e-05 1.54193076014053e-05 1.53222317749169e-05 1.52251568579231e-05 1.5045031432237e-05 1.4837223716313e-05 1.4629416000389e-05 1.4421608284465e-05 1.4213800568541e-05 1.40059928526171e-05 1.37981851366931e-05 1.35922964545898e-05 1.33921621454647e-05 1.31920278363395e-05 1.29918935272144e-05 1.2791760127584e-05 1.25916258184589e-05 1.23914915093337e-05 1.21913581097033e-05
1.30547214212129e-05 1.34534793687635e-05 1.38522364068194e-05 1.42128137667896e-05 1.44588493640185e-05 1.47048849612474e-05 1.49509205584764e-05 1.51969552462106e-05 1.54429908434395e-05 1.56890273501631e-05 1.59350620378973e-05 1.59899773279903e-05 1.59811843332136e-05 1.59723931574263e-05 1.59636001626495e-05 1.59548089868622e-05 1.59460159920854e-05 1.59372229973087e-05 1.59101800818462e-05 1.58283837663475e-05 1.57465856318595e-05 1.56647893163608e-05 1.55829930008622e-05 1.55011948663741e-05 1.54193985508755e-05 1.53376022353768e-05 1.5150531908148e-05 1.49283714563353e-05 1.47062110045226e-05 1.448405055271e-05 1.4261891010392e-05 1.40397305585793e-05 1.38175701067667e-05 1.36013895826181e-05 1.34031488414621e-05 1.32049090098008e-05 1.30066682686447e-05 1.28084275274887e-05 1.26101876958273e-05 1.24119469546713e-05 1.22137062135153e-05
1.29283207570552e-05 1.33246412588051e-05 1.37209608510602e-05 1.40844476845814e-05 1.43494362419005e-05 1.4614423889725e-05 1.48794124470442e-05 1.51444000948686e-05 1.54093886521878e-05 1.56743772095069e-05 1.59393639478367e-05 1.59904338943306e-05 1.59701958182268e-05 1.59499577421229e-05 1.59297214850085e-05 1.59094834089046e-05 1.58892453328008e-05 1.58690090756863e-05 1.5839474144741e-05 1.57820431923028e-05 1.57246140588541e-05 1.56671849254053e-05 1.56097557919566e-05 1.55523266585078e-05 1.54948957060697e-05 1.54374665726209e-05 1.52599150169408e-05 1.50423229570151e-05 1.48247308970895e-05 1.46071379276691e-05 1.43895458677434e-05 1.41719538078178e-05 1.39543608383974e-05 1.3741491784458e-05 1.35427926579723e-05 1.33440926219919e-05 1.31453934955061e-05 1.29466934595257e-05 1.27479934235453e-05 1.25492942970595e-05 1.23505942610791e-05
1.27748762679403e-05 1.31674823933281e-05 1.35600876092212e-05 1.39245876198402e-05 1.42047720146365e-05 1.44849564094329e-05 1.47651408042293e-05 1.50453251990257e-05 1.53255095938221e-05 1.56056939886184e-05 1.58858783834148e-05 1.59301871462958e-05 1.58958719111979e-05 1.58615566761e-05 1.58272396220127e-05 1.57929243869148e-05 1.57586091518169e-05 1.5724293916719e-05 1.56925634655636e-05 1.56685910042142e-05 1.56446167238755e-05 1.56206442625262e-05 1.55966718011769e-05 1.55726993398275e-05 1.55487250594888e-05 1.55247525981395e-05 1.53731816681102e-05 1.51790773088578e-05 1.49849738591001e-05 1.47908704093425e-05 1.45967660500901e-05 1.44026626003324e-05 1.420855824108e-05 1.40126030601095e-05 1.38110908665112e-05 1.36095795824076e-05 1.3408068298304e-05 1.32065570142004e-05 1.30050448206021e-05 1.28035335364984e-05 1.26020222523948e-05
1.26214326883201e-05 1.30103235278511e-05 1.33992143673822e-05 1.37647284645936e-05 1.40601086968672e-05 1.43554889291408e-05 1.46508700709091e-05 1.49462503031828e-05 1.52416305354564e-05 1.553701076773e-05 1.5832392818993e-05 1.58699422172504e-05 1.5821548004169e-05 1.57731537910877e-05 1.57247595780063e-05 1.5676365364925e-05 1.56279711518437e-05 1.55795787577517e-05 1.55456527863862e-05 1.55551369971363e-05 1.55646212078864e-05 1.55741035996471e-05 1.55835878103971e-05 1.55930720211472e-05 1.56025544129079e-05 1.5612038623658e-05 1.54864483192796e-05 1.53158325701952e-05 1.51452177306055e-05 1.49746019815211e-05 1.48039862324367e-05 1.4633371392847e-05 1.44627556437626e-05 1.42837134262663e-05 1.40793899845448e-05 1.38750665428233e-05 1.36707431011018e-05 1.34664196593803e-05 1.32620962176588e-05 1.30577727759373e-05 1.28534493342158e-05
1.24679881992051e-05 1.28531646623742e-05 1.32383411255432e-05 1.36048683998524e-05 1.39154453790979e-05 1.42260214488488e-05 1.45365984280943e-05 1.48471754073398e-05 1.51577523865853e-05 1.54683293658309e-05 1.57789054355817e-05 1.58096954692155e-05 1.57472240971401e-05 1.56847509060754e-05 1.5622279534e-05 1.55598063429352e-05 1.54973349708598e-05 1.5434861779795e-05 1.53987439261982e-05 1.54416829900583e-05 1.54846238729078e-05 1.55275647557573e-05 1.55705038196174e-05 1.5613444702467e-05 1.56563837663271e-05 1.56993246491766e-05 1.5599714970449e-05 1.54525878315326e-05 1.53054606926162e-05 1.51583335536998e-05 1.50112073242781e-05 1.48640801853617e-05 1.47169530464453e-05 1.45548247019178e-05 1.43476891025784e-05 1.41405535032391e-05 1.39334188133944e-05 1.3726283214055e-05 1.35191476147156e-05 1.33120120153762e-05 1.31048773255316e-05
1.23145437100902e-05 1.26960057968972e-05 1.30774678837042e-05 1.34450083351112e-05 1.37707811518339e-05 1.40965548780514e-05 1.44223276947741e-05 1.47481005114969e-05 1.50738733282196e-05 1.53996461449424e-05 1.57254198711598e-05 1.57494505401701e-05 1.56729001901112e-05 1.55963498400524e-05 1.55197994899936e-05 1.54432473209454e-05 1.53666969708866e-05 1.52901466208277e-05 1.52518332470208e-05 1.53282308019698e-05 1.54046265379293e-05 1.54810240928782e-05 1.55574198288377e-05 1.56338173837867e-05 1.57102131197462e-05 1.57866106746951e-05 1.57129816216184e-05 1.558934309287e-05 1.54657045641216e-05 1.53420660353731e-05 1.52184275066247e-05 1.50947889778763e-05 1.49711513586226e-05 1.48259350680746e-05 1.46159882206121e-05 1.44060404636548e-05 1.41960936161922e-05 1.39861467687297e-05 1.37761990117724e-05 1.35662521643098e-05 1.33563044073526e-05
1.21610992209753e-05 1.25388469314203e-05 1.29165955513599e-05 1.328514827037e-05 1.36261178340646e-05 1.39670873977593e-05 1.43080560519593e-05 1.4649025615654e-05 1.49899951793486e-05 1.53309647430433e-05 1.56719324877486e-05 1.56892037921352e-05 1.55985762830824e-05 1.55079469550401e-05 1.54173176269978e-05 1.53266882989556e-05 1.52360607899027e-05 1.51454314618604e-05 1.51049234773382e-05 1.52147767948918e-05 1.53246292029507e-05 1.54344834299991e-05 1.5544335838058e-05 1.56541900651064e-05 1.57640424731653e-05 1.58738967002137e-05 1.58262464537984e-05 1.57260983542074e-05 1.56259484356269e-05 1.55257985170465e-05 1.54256485984661e-05 1.53254986798856e-05 1.52253487613052e-05 1.50970463437261e-05 1.48842873386457e-05 1.46715283335652e-05 1.44587684189901e-05 1.42460094139096e-05 1.40332504088292e-05 1.38204914037487e-05 1.36077323986683e-05
