data/working_set_collections/6091692-Cassins_Sparrow-M2/1990/prectotcorr_avg.asc
NCOLS 265 
NROWS 230 
XLLCORNER -115.5625 
YLLCORNER 24.8333333333333 
CELLSIZE 0.0833333333333333 
NODATA_value -9999 
[rows 36 to 53 of 230, columns 0 to 40 of 265]
1.21732264233287e-05 1.17263098218245e-05 1.12793923108256e-05 1.08324757093214e-05 1.03855581983225e-05 9.93864159681834e-06 9.49172499531414e-06 9.06366676645121e-06 8.64189496496692e-06 8.22012316348264e-06 7.79835136199836e-06 7.37657910576672e-06 6.95480730428244e-06 6.53303550279816e-06 6.21556273472379e-06 6.21098797637387e-06 6.2064127632766e-06 6.20183800492669e-06 6.19726324657677e-06 6.1926880334795e-06 6.18811327512958e-06 6.18353851677966e-06 6.31972397968639e-06 6.50282936476287e-06 6.68593520458671e-06 6.86904104441055e-06 7.05214642948704e-06 7.23525226931088e-06 7.41835810913472e-06 7.70534734328976e-06 8.30398857942782e-06 8.90263072506059e-06 9.50127196119865e-06 1.00999131973367e-05 1.06985553429695e-05 1.12971965791075e-05 1.18958378152456e-05 1.25469168779091e-05 1.32154746097513e-05 1.38840323415934e-05 1.45525909829303e-05
1.2082022294635e-05 1.16646042442881e-05 1.12471852844465e-05 1.08297672340996e-05 1.0412348274258e-05 9.99493022391107e-06 9.57751126406947e-06 9.14245174499229e-06 8.70151052367873e-06 8.26057021185989e-06 7.81962899054633e-06 7.37868867872749e-06 6.93774791216129e-06 6.49680714559508e-06 6.16557963439845e-06 6.16349279880524e-06 6.16140596321202e-06 6.1593191276188e-06 6.15723229202558e-06 6.15514545643236e-06 6.15305862083915e-06 6.15097178524593e-06 6.30227123110672e-06 6.50469928586972e-06 6.70712779538007e-06 6.90955630489043e-06 7.11198481440078e-06 7.31441286916379e-06 7.51684137867414e-06 7.81939252192387e-06 8.42231111164438e-06 9.02522970136488e-06 9.62814920058008e-06 1.02310677903006e-05 1.08339863800211e-05 1.14369058792363e-05 1.20398244689568e-05 1.26804252431612e-05 1.33335870486917e-05 1.39867488542222e-05 1.46399106597528e-05
1.19908181659412e-05 1.16028986667516e-05 1.12149782580673e-05 1.08270587588777e-05 1.04391383501934e-05 1.00512188510038e-05 9.6632984423195e-06 9.22123672353337e-06 8.76112699188525e-06 8.30101726023713e-06 7.84090752858901e-06 7.3807977969409e-06 6.92068806529278e-06 6.46057878839201e-06 6.11559653407312e-06 6.11599807598395e-06 6.11639916314743e-06 6.11680025031092e-06 6.1172013374744e-06 6.11760242463788e-06 6.11800351180136e-06 6.1184050537122e-06 6.28481848252704e-06 6.50656966172392e-06 6.72832038617344e-06 6.95007156537031e-06 7.17182274456718e-06 7.39357392376405e-06 7.61532464821357e-06 7.93343679106329e-06 8.54063364386093e-06 9.14782958716387e-06 9.75502643996151e-06 1.03622223832645e-05 1.09694183265674e-05 1.1576615179365e-05 1.2183811122668e-05 1.28139345179079e-05 1.34517003971268e-05 1.40894653668511e-05 1.472723124607e-05
1.18996149467421e-05 1.15411930892151e-05 1.11827712316881e-05 1.08243502836558e-05 1.04659284261288e-05 1.01075065686018e-05 9.74908562056953e-06 9.30002079257974e-06 8.82074255059706e-06 8.34146430861438e-06 7.86218606663169e-06 7.38290736990166e-06 6.90362867317162e-06 6.42435043118894e-06 6.06561388849514e-06 6.06850289841532e-06 6.0713919083355e-06 6.07428137300303e-06 6.07717038292321e-06 6.08005984759075e-06 6.08294885751093e-06 6.08583832217846e-06 6.26736573394737e-06 6.50843958283076e-06 6.74951343171415e-06 6.99058682585019e-06 7.23166067473358e-06 7.47273452361696e-06 7.71380837250035e-06 8.0474819696974e-06 8.65895526658278e-06 9.27042947296286e-06 9.88190276984824e-06 1.04933769762283e-05 1.11048502731137e-05 1.17163244794938e-05 1.23277977763792e-05 1.29474437926547e-05 1.35698128360673e-05 1.41921818794799e-05 1.48145518323872e-05
1.18084108180483e-05 1.14794875116786e-05 1.11505642053089e-05 1.08216418084339e-05 1.04927185020642e-05 1.01637951956945e-05 9.83487188932486e-06 9.37880577112082e-06 8.88035901880357e-06 8.38191135699162e-06 7.88346369517967e-06 7.38501648811507e-06 6.88656928105047e-06 6.38812207398587e-06 6.0156307881698e-06 6.02100772084668e-06 6.02638510827092e-06 6.03176249569515e-06 6.03713942837203e-06 6.04251681579626e-06 6.04789420322049e-06 6.05327159064473e-06 6.2499129853677e-06 6.51030950393761e-06 6.77070602250751e-06 7.03110254107742e-06 7.29149860489997e-06 7.55189512346988e-06 7.81229209678713e-06 8.16152714833152e-06 8.77727779879933e-06 9.39302935876185e-06 1.00087800092297e-05 1.06245315691922e-05 1.124028221966e-05 1.18560337796225e-05 1.24717844300903e-05 1.30809521579067e-05 1.36879252750077e-05 1.42948983921087e-05 1.49018715092097e-05
1.17172066893545e-05 1.14177819341421e-05 1.11183571789297e-05 1.0818933333212e-05 1.05195085779997e-05 1.02200838227873e-05 9.92065906757489e-06 9.4575907496619e-06 8.93997457751539e-06 8.42235840536887e-06 7.90474223322235e-06 7.38712606107583e-06 6.86950988892931e-06 6.35189326203545e-06 5.96564768784447e-06 5.9735129980254e-06 5.98137830820633e-06 5.98924361838726e-06 5.9971089285682e-06 6.00497423874913e-06 6.01283954893006e-06 6.02070485911099e-06 6.23246023678803e-06 6.51217942504445e-06 6.79189861330087e-06 7.0716178015573e-06 7.35133698981372e-06 7.63105617807014e-06 7.91077491157921e-06 8.27557141747093e-06 8.89560033101588e-06 9.51562833506614e-06 1.01356572486111e-05 1.07556861621561e-05 1.13757141662063e-05 1.19957430797513e-05 1.26157710838015e-05 1.32144614326535e-05 1.38060377139482e-05 1.43976149047376e-05 1.4989192095527e-05
1.15951161205885e-05 1.13316591523471e-05 1.10682030936005e-05 1.08047470348538e-05 1.05412909761071e-05 1.02778340078657e-05 1.00143779491191e-05 9.5669056463521e-06 9.05809429241344e-06 8.54928293847479e-06 8.04047158453614e-06 7.53166068534483e-06 7.02284933140618e-06 6.51403797746752e-06 6.1324149100983e-06 6.13235670243739e-06 6.13229849477648e-06 6.13224028711556e-06 6.13218207945465e-06 6.13212387179374e-06 6.13206611888018e-06 6.13200791121926e-06 6.34327489024145e-06 6.624983598158e-06 6.90669230607455e-06 7.1884010139911e-06 7.47010972190765e-06 7.75181888457155e-06 8.0335275924881e-06 8.39776566863293e-06 9.0095927589573e-06 9.62142075877637e-06 1.02332478491007e-05 1.08450758489198e-05 1.14569029392442e-05 1.20687309390632e-05 1.26805580293876e-05 1.32658060465474e-05 1.38421937663225e-05 1.44185814860975e-05 1.49949692058726e-05
1.14421382022556e-05 1.12211200757883e-05 1.10001019493211e-05 1.07790829133592e-05 1.05580647868919e-05 1.03370466604247e-05 1.01160285339574e-05 9.7067495516967e-06 9.23471725400304e-06 8.76268495630939e-06 8.29065265861573e-06 7.81862036092207e-06 7.34658806322841e-06 6.8745553107874e-06 6.51593290967867e-06 6.49753974357736e-06 6.47914657747606e-06 6.46075341137475e-06 6.44236024527345e-06 6.42396707917214e-06 6.40557391307084e-06 6.38718074696953e-06 6.58235603623325e-06 6.84872156853089e-06 7.11508664608118e-06 7.38145217837882e-06 7.64781725592911e-06 7.91418278822675e-06 8.1805483205244e-06 8.52810899232281e-06 9.11925690161297e-06 9.71040481090313e-06 1.03015527201933e-05 1.08927006294834e-05 1.14838485387736e-05 1.20749964480638e-05 1.26661443573539e-05 1.32349859995884e-05 1.37963925226359e-05 1.43577981361886e-05 1.49192046592361e-05
1.12891602839227e-05 1.11105800897349e-05 1.09319998955471e-05 1.07534197013592e-05 1.05748395071714e-05 1.03962593129836e-05 1.02176791187958e-05 9.84659436653601e-06 9.41134112508735e-06 8.97608697414398e-06 8.54083373269532e-06 8.10558049124666e-06 7.67032634030329e-06 7.23507309885463e-06 6.89945090925903e-06 6.86272278471733e-06 6.82599420542829e-06 6.78926608088659e-06 6.7525379563449e-06 6.7158098318032e-06 6.6790817072615e-06 6.64235312797246e-06 6.8214376369724e-06 7.07245953890379e-06 7.32348144083517e-06 7.57450334276655e-06 7.82552524469793e-06 8.07654669188196e-06 8.32756904856069e-06 8.6584523160127e-06 9.22892104426865e-06 9.79938886302989e-06 1.03698575912858e-05 1.09403254100471e-05 1.1510794138303e-05 1.20812619570643e-05 1.26517306853202e-05 1.32041659526294e-05 1.37505903694546e-05 1.42970156957745e-05 1.48434401125996e-05
1.11361823655898e-05 1.10000401036814e-05 1.0863897841773e-05 1.07277564893593e-05 1.05916142274509e-05 1.04554719655425e-05 1.03193306131288e-05 9.98643918137532e-06 9.58796408667695e-06 9.18948899197858e-06 8.79101480677491e-06 8.39253971207654e-06 7.99406552687287e-06 7.5955904321745e-06 7.28296845409204e-06 7.22790537110996e-06 7.17284228812787e-06 7.11777920514578e-06 7.06271566741634e-06 7.00765258443425e-06 6.95258950145217e-06 6.89752596372273e-06 7.06051923771156e-06 7.29619750927668e-06 7.5318757808418e-06 7.76755405240692e-06 8.00323323346674e-06 8.23891150503187e-06 8.47458977659699e-06 8.78879563970258e-06 9.33858427742962e-06 9.88837291515665e-06 1.04381615528837e-05 1.09879511001054e-05 1.15377397378325e-05 1.20875283755595e-05 1.26373170132865e-05 1.31733468151651e-05 1.3704789125768e-05 1.42362323458656e-05 1.47676746564684e-05
1.09832044472569e-05 1.08895001176279e-05 1.07957966974936e-05 1.07020923678647e-05 1.06083889477304e-05 1.05146846181015e-05 1.04209811979672e-05 1.01262830867199e-05 9.76458704826655e-06 9.40289191930788e-06 9.0411958808545e-06 8.67949984240113e-06 8.31780380394775e-06 7.95610776549438e-06 7.6664864536724e-06 7.59308841224993e-06 7.5196899160801e-06 7.44629187465762e-06 7.37289383323514e-06 7.29949533706531e-06 7.22609729564283e-06 7.152698799473e-06 7.29960083845071e-06 7.51993547964958e-06 7.74027012084844e-06 7.96060521679465e-06 8.18094031274086e-06 8.40127540868707e-06 8.62161050463328e-06 8.91913896339247e-06 9.44824842008529e-06 9.97735696728341e-06 1.05064664239762e-05 1.10355758806691e-05 1.15646853373619e-05 1.209379388456e-05 1.26229033412528e-05 1.31425267682062e-05 1.36589878820814e-05 1.41754489959567e-05 1.4691910109832e-05
1.0830226528924e-05 1.07789601315744e-05 1.07276946437196e-05 1.06764291558648e-05 1.06251636680099e-05 1.05738972706604e-05 1.05226317828055e-05 1.02661279015592e-05 9.94121091935085e-06 9.61629393714247e-06 9.29137695493409e-06 8.96645997272572e-06 8.64154208102264e-06 8.31662509881426e-06 8.05000399850542e-06 7.9582714533899e-06 7.86653799877968e-06 7.77480454416946e-06 7.68307108955923e-06 7.59133808969636e-06 7.49960508983349e-06 7.40787163522327e-06 7.53868198444252e-06 7.74367345002247e-06 7.94866537034977e-06 8.15365638118237e-06 8.35864830150967e-06 8.56363931234227e-06 8.76863123266958e-06 9.04948228708236e-06 9.55791165324626e-06 1.00663419289049e-05 1.05747712950688e-05 1.10832006612327e-05 1.15916300273966e-05 1.21000603030552e-05 1.26084896692191e-05 1.31117067212472e-05 1.36131866383948e-05 1.41146656460478e-05 1.46161455631955e-05
1.06478546513245e-05 1.0635269973136e-05 1.06226862044423e-05 1.06101024357486e-05 1.05975177575601e-05 1.05849339888664e-05 1.05723502201727e-05 1.03496977317263e-05 1.00570241556852e-05 9.76434967014939e-06 9.47167609410826e-06 9.17900160857243e-06 8.88632803253131e-06 8.59365354699548e-06 8.34955972095486e-06 8.25120514491573e-06 8.1528514783713e-06 8.05449690233218e-06 7.95614323578775e-06 7.85778865974862e-06 7.75943408370949e-06 7.66108041716507e-06 7.7795975812478e-06 7.97040411271155e-06 8.16121155367e-06 8.35201808513375e-06 8.5428255260922e-06 8.73363296705065e-06 8.9244394985144e-06 9.18778914638096e-06 9.66876632446656e-06 1.01497435025522e-05 1.06307206806378e-05 1.11116978587233e-05 1.15926750368089e-05 1.20736522148945e-05 1.25546293929801e-05 1.30402213471825e-05 1.3527353075915e-05 1.40144838951528e-05 1.45016156238853e-05
1.04360888144583e-05 1.04584296423127e-05 1.04807713796617e-05 1.05031122075161e-05 1.05254530353704e-05 1.05477938632248e-05 1.05701346910791e-05 1.03769943962106e-05 1.01120276667643e-05 9.84706093731802e-06 9.582093298377e-06 9.31712656893069e-06 9.05215892998967e-06 8.78719220054336e-06 8.56515180203132e-06 8.47189039632212e-06 8.37862990010763e-06 8.28536849439843e-06 8.19210799818393e-06 8.09884659247473e-06 8.00558609626023e-06 7.91232469055103e-06 8.0223453551298e-06 8.20012792246416e-06 8.37790958030382e-06 8.55569123814348e-06 8.73347289598314e-06 8.9112545538228e-06 9.08903621166246e-06 9.334060450783e-06 9.78081243374618e-06 1.02275635072147e-05 1.06743154901778e-05 1.11210665636463e-05 1.15678185466095e-05 1.2014569620078e-05 1.24613216030411e-05 1.29280715555069e-05 1.34014881041367e-05 1.38749046527664e-05 1.43483202919015e-05
1.02243238870869e-05 1.02815893114894e-05 1.03388556453865e-05 1.03961219792836e-05 1.04533874036861e-05 1.05106537375832e-05 1.05679200714803e-05 1.0404291060695e-05 1.01670311778435e-05 9.92977129499195e-06 9.69251141214045e-06 9.45525061979424e-06 9.21799073694274e-06 8.98073085409123e-06 8.78074388310779e-06 8.69257564772852e-06 8.60440832184395e-06 8.51624008646468e-06 8.42807276058011e-06 8.33990452520084e-06 8.25173719931627e-06 8.163568963937e-06 8.2650940385065e-06 8.42985082272207e-06 8.59460760693764e-06 8.75936348165851e-06 8.92412026587408e-06 9.08887705008965e-06 9.25363292481052e-06 9.48033175518503e-06 9.89285763353109e-06 1.03053835118772e-05 1.07179093902232e-05 1.1130436178064e-05 1.154296205641e-05 1.19554879347561e-05 1.23680138131022e-05 1.28159208543366e-05 1.32756231323583e-05 1.37353245008853e-05 1.41950258694123e-05
1.00125580502208e-05 1.0104748980666e-05 1.01969399111113e-05 1.02891317510512e-05 1.03813226814964e-05 1.04735136119416e-05 1.05657054518815e-05 1.04315877251793e-05 1.02220346889226e-05 1.00124816526659e-05 9.80292861640919e-06 9.5933755801525e-06 9.3838225438958e-06 9.17426950763911e-06 8.99633596418425e-06 8.91326089913491e-06 8.83018674358027e-06 8.74711167853093e-06 8.66403752297629e-06 8.58096245792694e-06 8.4978883023723e-06 8.41481323732296e-06 8.50784272188321e-06 8.65957463247469e-06 8.81130563357146e-06 8.96303663466824e-06 9.11476763576502e-06 9.2664986368618e-06 9.41822963795858e-06 9.62660305958707e-06 1.00049037428107e-05 1.03832044260344e-05 1.07615041997633e-05 1.11398048829869e-05 1.15181046567159e-05 1.18964053399395e-05 1.22747060231632e-05 1.2703771062661e-05 1.31497572510852e-05 1.35957443490042e-05 1.40417314469232e-05
9.80079221335473e-06 9.92790864984272e-06 1.00550250863307e-05 1.01821415228187e-05 1.03092579593067e-05 1.04363734863e-05 1.0563489922788e-05 1.04588843896636e-05 1.02770382000017e-05 1.00951920103398e-05 9.91334582067793e-06 9.73149963101605e-06 9.54965344135417e-06 9.36780725169228e-06 9.21192804526072e-06 9.1339461505413e-06 9.05596516531659e-06 8.97798327059718e-06 8.90000228537247e-06 8.82202039065305e-06 8.74403940542834e-06 8.66605751070892e-06 8.75059140525991e-06 8.8892975327326e-06 9.02800366020529e-06 9.16670887818327e-06 9.30541500565596e-06 9.44412113312865e-06 9.58282635110663e-06 9.7728743639891e-06 1.01169489425956e-05 1.04610244306969e-05 1.08050990093034e-05 1.11491735879099e-05 1.14932481665164e-05 1.18373227451229e-05 1.21813982332242e-05 1.25916203614906e-05 1.30238922793069e-05 1.34561641971231e-05 1.38884361149394e-05
9.58902728598332e-06 9.7510683190194e-06 9.91310935205547e-06 1.00751512945862e-05 1.02371923276223e-05 1.03992342701531e-05 1.05612753031892e-05 1.04861810541479e-05 1.03320417110808e-05 1.01779032775084e-05 1.00237639344414e-05 9.8696245913743e-06 9.71548524830723e-06 9.56134590524016e-06 9.42752012633719e-06 9.3546314019477e-06 9.28174358705292e-06 9.20885486266343e-06 9.13596704776864e-06 9.06307832337916e-06 8.99019050848437e-06 8.91730178409489e-06 8.99334008863661e-06 9.11902043299051e-06 9.24470168683911e-06 9.370382031193e-06 9.4960623755469e-06 9.62174271990079e-06 9.74742306425469e-06 9.91914566839114e-06 1.02289950518752e-05 1.05388444353594e-05 1.08486938188435e-05 1.11585422928329e-05 1.1468391676317e-05 1.17782410598011e-05 1.20880904432852e-05 1.2479470569815e-05 1.28980273075285e-05 1.33165849547368e-05 1.37351416924503e-05
