data/working_set_collections/6091692-Cassins_Sparrow-M2/1990/prmc_avg.asc
NCOLS 265 
NROWS 230 
XLLCORNER -115.5625 
YLLCORNER 24.8333333333333 
CELLSIZE 0.0833333333333333 
NODATA_value -9999 
[rows 40 to 59 of 230, columns 44 to 87 of 265]
0.222927615046501 0.226517707109451 0.230107799172401 0.233697891235352 0.237287983298302 0.240878075361252 0.244468167424202 0.248058259487152 0.246684908866882 0.243657097220421 0.240629270672798 0.237601444125175 0.234573617577553 0.231545805931091 0.228517979383469 0.224923312664032 0.219628095626831 0.21433287858963 0.209037661552429 0.203742459416389 0.198447242379189 0.193152025341988 0.187856808304787 0.188030928373337 0.190028131008148 0.192025348544121 0.194022566080093 0.196019783616066 0.198017001152039 0.200014218688011 0.201251089572906 0.200206950306892 0.199162796139717 0.198118656873703 0.197074517607689 0.196030363440514 0.1949862241745 0.193942084908485 0.19241763651371 0.190733104944229 0.189048573374748 0.187364026904106 0.185679495334625 0.183994948863983
0.21960486471653 0.223778903484344 0.227952927350998 0.232126966118813 0.236300989985466 0.240475028753281 0.244649067521095 0.248823091387749 0.248009696602821 0.245533838868141 0.2430579662323 0.24058210849762 0.238106235861778 0.235630378127098 0.233154505491257 0.229764446616173 0.223631829023361 0.21749921143055 0.211366578936577 0.205233961343765 0.199101343750954 0.192968711256981 0.186836093664169 0.187015295028687 0.189298436045647 0.191581577062607 0.193864718079567 0.196147859096527 0.198431000113487 0.200714141130447 0.202179551124573 0.201191782951355 0.200204014778137 0.199216246604919 0.198228493332863 0.197240725159645 0.196252956986427 0.19526518881321 0.19377239048481 0.192111253738403 0.190450102090836 0.188788965344429 0.187127813696861 0.185466676950455
0.216780826449394 0.221244856715202 0.225708872079849 0.230172902345657 0.234636917710304 0.239100947976112 0.243564963340759 0.248028993606567 0.247521325945854 0.245356440544128 0.243191555142403 0.241026669740677 0.238861784338951 0.236696884036064 0.234531998634338 0.23127207159996 0.224726974964142 0.218181878328323 0.211636796593666 0.205091699957848 0.198546603322029 0.192001521587372 0.185456424951553 0.185549944639206 0.187856316566467 0.19016270339489 0.192469075322151 0.194775462150574 0.197081834077835 0.199388220906258 0.200929164886475 0.200173825025558 0.199418470263481 0.198663115501404 0.197907775640488 0.19715242087841 0.196397066116333 0.195641726255417 0.194291979074478 0.192744106054306 0.191196218132973 0.189648345112801 0.188100472092628 0.186552599072456
0.214455500245094 0.218915566802025 0.223375633358955 0.227835685014725 0.232295751571655 0.236755818128586 0.241215869784355 0.245675936341286 0.24521978199482 0.243124902248383 0.241030007600784 0.238935127854347 0.23684024810791 0.234745353460312 0.232650473713875 0.229446157813072 0.222913533449173 0.216380909085274 0.209848299622536 0.203315675258636 0.196783050894737 0.190250441431999 0.1837178170681 0.183634862303734 0.185701802372932 0.18776872754097 0.189835667610168 0.191902607679367 0.193969532847404 0.196036472916603 0.197499945759773 0.19715304672718 0.196806162595749 0.196459263563156 0.196112364530563 0.195765465497971 0.195418566465378 0.195071682333946 0.193976402282715 0.192631661891937 0.19128692150116 0.189942181110382 0.188597440719604 0.187252715229988
0.212130188941956 0.216586276888847 0.2210423797369 0.225498482584953 0.229954585433006 0.234410688281059 0.238866776227951 0.243322879076004 0.242918238043785 0.240893363952637 0.238868474960327 0.236843600869179 0.234818711876869 0.23279382288456 0.230768948793411 0.227620244026184 0.221100091934204 0.214579954743385 0.208059802651405 0.201539650559425 0.195019498467445 0.188499361276627 0.181979209184647 0.181719779968262 0.183547273278236 0.185374766588211 0.187202244997025 0.189029738306999 0.190857231616974 0.192684710025787 0.194070726633072 0.194132283329964 0.194193840026855 0.194255396723747 0.194316953420639 0.194378525018692 0.194440081715584 0.194501638412476 0.193660825490952 0.192519217729568 0.191377624869347 0.190236017107964 0.189094424247742 0.187952816486359
0.209804862737656 0.214257001876831 0.218709141016006 0.223161280155182 0.227613419294357 0.232065558433533 0.236517682671547 0.240969821810722 0.240616708993912 0.238661825656891 0.23670694231987 0.234752058982849 0.232797175645828 0.230842292308807 0.228887408971786 0.225794330239296 0.219286665320396 0.212778985500336 0.206271305680275 0.199763625860214 0.193255946040154 0.186748281121254 0.180240601301193 0.179804712533951 0.181392759084702 0.182980790734291 0.184568837285042 0.186156883835793 0.187744915485382 0.189332962036133 0.190641507506371 0.191111519932747 0.191581532359123 0.1920515447855 0.192521557211876 0.192991569638252 0.193461582064629 0.193931594491005 0.193345248699188 0.192406788468361 0.191468328237534 0.190529868006706 0.189591392874718 0.18865293264389
0.207479536533356 0.211927711963654 0.216375887393951 0.220824062824249 0.225272238254547 0.229720428586006 0.234168604016304 0.238616779446602 0.238315165042877 0.236430287361145 0.234545394778252 0.232660517096519 0.230775639414787 0.228890761733055 0.227005884051323 0.223968431353569 0.217473223805428 0.210978016257286 0.204482808709145 0.197987601161003 0.191492393612862 0.184997200965881 0.17850199341774 0.177889630198479 0.179238229990005 0.180586829781532 0.181935429573059 0.183284014463425 0.184632614254951 0.185981214046478 0.187212273478508 0.188090741634369 0.18896920979023 0.189847677946091 0.190726146101952 0.191604614257812 0.192483082413673 0.193361550569534 0.193029671907425 0.192294344305992 0.191559031605721 0.190823704004288 0.190088376402855 0.189353048801422
0.205154210329056 0.209598422050476 0.214042648673058 0.218486860394478 0.222931072115898 0.22737529873848 0.2318195104599 0.23626372218132 0.236013621091843 0.234198734164238 0.232383862137794 0.230568990111351 0.228754103183746 0.226939231157303 0.225124359130859 0.222142517566681 0.215659782290459 0.209177047014236 0.202694311738014 0.196211576461792 0.18972884118557 0.183246120810509 0.176763385534286 0.175974562764168 0.177083715796471 0.178192853927612 0.179302006959915 0.180411159992218 0.181520313024521 0.182629466056824 0.183783054351807 0.185069978237152 0.186356902122498 0.187643826007843 0.188930734992027 0.190217658877373 0.191504582762718 0.192791506648064 0.192714095115662 0.192181915044785 0.191649720072746 0.191117540001869 0.190585345029831 0.190053164958954
0.203201040625572 0.207826510071754 0.212451979517937 0.217077448964119 0.221702918410301 0.226328402757645 0.230953872203827 0.235579341650009 0.23500768840313 0.232703655958176 0.230399638414383 0.228095605969429 0.225791588425636 0.223487555980682 0.22118353843689 0.217972651124001 0.212041214108467 0.206109777092934 0.2001783400774 0.194246917963028 0.188315480947495 0.182384043931961 0.176452606916428 0.175919085741043 0.177184879779816 0.178450658917427 0.1797164529562 0.180982246994972 0.182248026132584 0.183513820171356 0.184843182563782 0.186363279819489 0.187883377075195 0.189403474330902 0.190923571586609 0.192443668842316 0.193963766098022 0.195483863353729 0.195292487740517 0.194530621170998 0.193768754601479 0.19300688803196 0.19224502146244 0.191483154892921
0.201620012521744 0.206611961126328 0.211603909730911 0.216595843434334 0.221587792038918 0.226579740643501 0.231571674346924 0.236563622951508 0.235297366976738 0.231945037841797 0.228592723608017 0.225240394473076 0.221888065338135 0.218535751104355 0.215183421969414 0.211458846926689 0.206617534160614 0.201776221394539 0.196934908628464 0.192093595862389 0.187252283096313 0.182410970330238 0.177569657564163 0.177723214030266 0.179541721940041 0.181360229849815 0.183178752660751 0.184997260570526 0.186815783381462 0.188634291291237 0.190392673015594 0.191970661282539 0.193548664450645 0.19512665271759 0.196704640984535 0.198282644152641 0.199860632419586 0.201438620686531 0.20076484978199 0.199340477585793 0.197916105389595 0.196491748094559 0.195067375898361 0.193643003702164
0.200038999319077 0.205397412180901 0.210755825042725 0.216114237904549 0.221472665667534 0.226831078529358 0.232189491391182 0.237547904253006 0.235587045550346 0.231186419725418 0.226785808801651 0.222385182976723 0.217984557151794 0.213583931326866 0.209183320403099 0.204945057630539 0.201193854212761 0.197442665696144 0.193691477179527 0.189940273761749 0.186189085245132 0.182437896728516 0.178686693310738 0.179527327418327 0.181898564100266 0.184269800782204 0.186641052365303 0.189012289047241 0.191383525729179 0.193754762411118 0.195942163467407 0.197578057646751 0.199213936924934 0.200849831104279 0.202485710382462 0.204121604561806 0.20575749874115 0.207393378019333 0.206237196922302 0.204150334000587 0.202063471078873 0.199976593255997 0.197889730334282 0.195802867412567
0.198457971215248 0.204182863235474 0.209907755255699 0.215632647275925 0.221357524394989 0.227082416415215 0.23280730843544 0.238532200455666 0.235876724123955 0.230427801609039 0.224978879094124 0.21952997148037 0.214081048965454 0.208632126450539 0.203183203935623 0.198431253433228 0.195770174264908 0.193109109997749 0.19044803082943 0.187786966562271 0.185125887393951 0.182464823126793 0.179803743958473 0.18133145570755 0.184255421161652 0.187179386615753 0.190103337168694 0.193027302622795 0.195951268076897 0.198875233530998 0.20149165391922 0.203185439109802 0.204879224300385 0.206572994589806 0.208266779780388 0.20996056497097 0.211654350161552 0.213348135352135 0.211709558963776 0.208960190415382 0.206210821866989 0.203461453318596 0.200712084770203 0.197962716221809
0.196876958012581 0.202968314290047 0.209059670567513 0.21515104174614 0.221242398023605 0.227333754301071 0.233425125479698 0.239516481757164 0.236166402697563 0.229669183492661 0.223171964287758 0.216674745082855 0.210177525877953 0.20368030667305 0.197183087468147 0.191917449235916 0.190346494317055 0.188775539398193 0.187204599380493 0.185633644461632 0.184062704443932 0.18249174952507 0.180920794606209 0.183135583996773 0.186612263321877 0.190088957548141 0.193565636873245 0.19704233109951 0.200519010424614 0.203995704650879 0.207041144371033 0.208792820572853 0.210544496774673 0.212296172976494 0.214047849178314 0.215799540281296 0.217551216483116 0.219302892684937 0.217181921005249 0.213770046830177 0.210358172655106 0.206946313381195 0.203534439206123 0.200122579932213
0.195295929908752 0.20175376534462 0.208211600780487 0.214669436216354 0.221127271652222 0.227585092186928 0.234042927622795 0.240500763058662 0.236456081271172 0.228910565376282 0.221365049481392 0.213819533586502 0.206274017691612 0.198728501796722 0.191182985901833 0.185403645038605 0.184922814369202 0.184441983699799 0.183961153030396 0.183480337262154 0.182999506592751 0.182518675923347 0.182037845253944 0.184939697384834 0.188969120383263 0.19299852848053 0.197027936577797 0.201057344675064 0.205086767673492 0.20911617577076 0.212590619921684 0.214400202035904 0.216209769248962 0.218019351363182 0.219828933477402 0.22163850069046 0.22344808280468 0.225257650017738 0.222654268145561 0.218579903244972 0.214505538344383 0.210431173443794 0.206356793642044 0.202282428741455
0.193576693534851 0.199802249670029 0.206027805805206 0.212253376841545 0.218478932976723 0.2247044891119 0.230930060148239 0.237155616283417 0.232997819781303 0.225378915667534 0.217759996652603 0.210141092538834 0.202522173523903 0.194903269410133 0.187284350395203 0.181606709957123 0.181752860546112 0.181899011135101 0.182045161724091 0.18219131231308 0.182337462902069 0.182483613491058 0.182629764080048 0.18589548766613 0.190201073884964 0.194506660103798 0.198812246322632 0.203117832541466 0.2074234187603 0.211729004979134 0.215440735220909 0.217370912432671 0.219301089644432 0.221231266856194 0.223161458969116 0.225091636180878 0.227021813392639 0.228951990604401 0.226259008049965 0.222024962306023 0.217790931463242 0.213556885719299 0.209322839975357 0.205088809132576
0.191719233989716 0.197113782167435 0.202508315443993 0.207902863621712 0.213297411799431 0.218691945075989 0.224086493253708 0.229481041431427 0.225791618227959 0.219074219465256 0.212356820702553 0.20563942193985 0.198922008275986 0.192204609513283 0.18548721075058 0.180526658892632 0.180836632847786 0.181146621704102 0.181456610560417 0.181766584515572 0.182076573371887 0.182386562228203 0.182696551084518 0.186002939939499 0.190308153629303 0.194613367319107 0.19891856610775 0.203223779797554 0.207528993487358 0.211834192276001 0.215591475367546 0.217704966664314 0.219818457961082 0.221931949257851 0.224045440554619 0.226158916950226 0.228272408246994 0.230385899543762 0.227996110916138 0.224105224013329 0.220214352011681 0.216323465108871 0.212432578206062 0.208541691303253
0.18986177444458 0.19442529976368 0.198988825082779 0.203552350401878 0.208115875720978 0.212679401040077 0.217242926359177 0.221806451678276 0.218585416674614 0.212769523262978 0.206953629851341 0.201137736439705 0.195321843028069 0.189505949616432 0.183690056204796 0.179446592926979 0.179920420050621 0.180394232273102 0.180868059396744 0.181341871619225 0.181815683841705 0.182289510965347 0.182763323187828 0.186110407114029 0.190415233373642 0.194720059633255 0.199024900794029 0.203329727053642 0.207634553313255 0.21193939447403 0.215742215514183 0.218039005994797 0.220335811376572 0.222632616758347 0.224929422140121 0.227226212620735 0.22952301800251 0.231819823384285 0.229733228683472 0.226185500621796 0.22263777256012 0.219090044498444 0.215542316436768 0.211994588375092
0.188004314899445 0.191736832261086 0.195469334721565 0.199201837182045 0.202934354543686 0.206666857004166 0.210399359464645 0.214131876826286 0.211379215121269 0.206464827060699 0.20155043900013 0.196636065840721 0.191721677780151 0.186807304620743 0.181892916560173 0.178366541862488 0.179004192352295 0.179641842842102 0.180279493331909 0.180917143821716 0.181554794311523 0.182192444801331 0.182830110192299 0.186217859387398 0.190522313117981 0.194826766848564 0.199131220579147 0.203435674309731 0.207740128040314 0.212044581770897 0.21589295566082 0.21837306022644 0.220853179693222 0.223333284258842 0.225813403725624 0.228293508291245 0.230773627758026 0.233253732323647 0.231470331549644 0.228265762329102 0.225061193108559 0.221856608986855 0.218652039766312 0.215447470545769
0.186146855354309 0.18904834985733 0.191949844360352 0.194851323962212 0.197752818465233 0.200654312968254 0.203555792570114 0.206457287073135 0.204172998666763 0.200160130858421 0.196147263050079 0.192134395241737 0.188121512532234 0.184108644723892 0.18009577691555 0.177286490797997 0.178087964653969 0.178889453411102 0.179690942168236 0.180492430925369 0.181293919682503 0.182095393538475 0.182896882295609 0.186325311660767 0.19062939286232 0.194933459162712 0.199237540364265 0.203541621565819 0.207845702767372 0.212149769067764 0.216043680906296 0.218707114458084 0.221370533108711 0.224033951759338 0.226697385311127 0.229360803961754 0.232024222612381 0.234687641263008 0.233207434415817 0.230346024036407 0.227484613656998 0.224623188376427 0.221761777997017 0.218900352716446
0.184289410710335 0.186359882354736 0.188430353999138 0.190500825643539 0.192571297287941 0.194641768932343 0.196712240576744 0.198782712221146 0.196966797113419 0.193855434656143 0.190744072198868 0.187632709741592 0.184521347284317 0.181409984827042 0.178298622369766 0.176206424832344 0.177171751856804 0.178137063980103 0.179102391004562 0.180067703127861 0.181033030152321 0.18199834227562 0.182963669300079 0.186432763934135 0.190736472606659 0.195040166378021 0.199343860149384 0.203647568821907 0.207951262593269 0.212254971265793 0.216194421052933 0.219041153788567 0.2218878865242 0.224734619259834 0.227581366896629 0.230428099632263 0.233274832367897 0.236121565103531 0.234944552183151 0.232426285743713 0.229908034205437 0.227389767765999 0.224871501326561 0.222353249788284
