data/working_set_collections/6091692-Cassins_Sparrow-M2/1990/prmc_avg.asc
NCOLS 265 
NROWS 230 
XLLCORNER -115.5625 
YLLCORNER 24.8333333333333 
CELLSIZE 0.0833333333333333 
NODATA_value -9999 
[rows 200 to 219 of 230, columns 88 to 131 of 265]
0.229173019528389 0.229785338044167 0.229788511991501 0.229791685938835 0.229794844985008 0.229798018932343 0.229801192879677 0.229804366827011 0.229807540774345 0.229761928319931 0.229700043797493 0.229638174176216 0.229576289653778 0.22951440513134 0.229452535510063 0.229390650987625 0.22870846092701 0.226165294647217 0.223622128367424 0.221078962087631 0.218535795807838 0.215992629528046 0.213449478149414 0.210906311869621 0.209183156490326 0.207733348011971 0.206283539533615 0.20483373105526 0.203383922576904 0.201934114098549 0.200484305620193 0.199758425354958 0.201204389333725 0.202650353312492 0.20409631729126 0.205542281270027 0.206988230347633 0.208434194326401 0.209880158305168 0.210967808961868 0.211936011910439 0.21290422976017 0.21387243270874 0.214840650558472
0.22883228957653 0.229667499661446 0.230045065283775 0.230422630906105 0.230800196528435 0.231177762150764 0.231555327773094 0.231932893395424 0.232310459017754 0.231917381286621 0.23126745223999 0.230617508292198 0.229967564344406 0.229317620396614 0.228667676448822 0.228017747402191 0.226974368095398 0.22475066781044 0.222526967525482 0.220303282141685 0.218079581856728 0.21585588157177 0.213632196187973 0.211408495903015 0.209579423069954 0.207881882786751 0.206184342503548 0.204486802220345 0.202789261937141 0.201091721653938 0.199394181370735 0.198468819260597 0.199860036373138 0.20125125348568 0.20264245569706 0.204033672809601 0.205424875020981 0.206816092133522 0.208207294344902 0.209628582000732 0.211059883236885 0.212491184473038 0.21392248570919 0.215353801846504
0.228491544723511 0.229549646377563 0.230301603674889 0.231053575873375 0.2318055331707 0.232557490468025 0.23330944776535 0.234061405062675 0.234813362360001 0.234072849154472 0.232834845781326 0.23159684240818 0.230358839035034 0.229120835661888 0.227882832288742 0.226644828915596 0.225240260362625 0.223336040973663 0.22143180668354 0.219527587294579 0.217623353004456 0.215719133615494 0.213814914226532 0.211910679936409 0.209975674748421 0.20803040266037 0.206085130572319 0.204139858484268 0.202194601297379 0.200249329209328 0.198304057121277 0.197179213166237 0.198515683412552 0.199852138757706 0.20118859410286 0.202525064349174 0.203861519694328 0.205197989940643 0.206534445285797 0.208289355039597 0.210183754563332 0.212078154087067 0.213972553610802 0.215866953134537
0.228150814771652 0.229431807994843 0.230558156967163 0.231684520840645 0.232810869812965 0.233937218785286 0.235063582658768 0.236189931631088 0.237316280603409 0.236228317022324 0.234402254223824 0.232576176524162 0.230750113725662 0.228924050927162 0.227097973227501 0.225271910429001 0.223506167531013 0.221921414136887 0.220336645841599 0.218751892447472 0.217167139053345 0.215582385659218 0.213997632265091 0.212412863969803 0.210371926426888 0.20817893743515 0.205985933542252 0.203792929649353 0.201599925756454 0.199406936764717 0.197213932871819 0.195889607071877 0.197171315550804 0.198453038930893 0.199734747409821 0.201016455888748 0.202298164367676 0.203579872846603 0.204861581325531 0.206950128078461 0.209307625889778 0.211665123701096 0.214022606611252 0.216380104422569
0.227390974760056 0.228782922029495 0.230267748236656 0.231752574443817 0.233237415552139 0.2347222417593 0.236207082867622 0.237691909074783 0.239176735281944 0.238001212477684 0.235938891768456 0.233876585960388 0.23181426525116 0.229751944541931 0.227689638733864 0.225627318024635 0.22367499768734 0.222052678465843 0.220430359244347 0.21880804002285 0.217185720801353 0.215563386678696 0.213941067457199 0.212318748235703 0.210335105657578 0.208231016993523 0.206126928329468 0.204022854566574 0.201918765902519 0.199814677238464 0.19771058857441 0.196351319551468 0.197226509451866 0.198101699352264 0.198976904153824 0.199852094054222 0.20072728395462 0.201602473855019 0.202477663755417 0.204570591449738 0.207069411873817 0.209568232297897 0.212067067623138 0.214565888047218
0.226212024688721 0.22760297358036 0.229430377483368 0.231257766485214 0.233085155487061 0.234912559390068 0.236739948391914 0.238567337393761 0.240394726395607 0.239391520619392 0.237444773316383 0.235498040914536 0.233551293611526 0.231604546308517 0.229657799005508 0.227711066603661 0.225746765732765 0.223729848861694 0.221712931990623 0.219696015119553 0.217679083347321 0.21566216647625 0.213645249605179 0.211628332734108 0.20986519753933 0.20818667113781 0.20650814473629 0.20482961833477 0.203151077032089 0.201472550630569 0.19979402422905 0.198564350605011 0.198681250214577 0.198798164725304 0.198915064334869 0.199031963944435 0.199148878455162 0.199265778064728 0.199382677674294 0.201150715351105 0.20346911251545 0.205787509679794 0.2081059217453 0.210424318909645
0.225033074617386 0.226423040032387 0.228592991828918 0.23076294362545 0.232932910323143 0.235102862119675 0.237272813916206 0.239442765712738 0.241612732410431 0.240781828761101 0.238950669765472 0.237119495868683 0.235288321971893 0.233457148075104 0.231625974178314 0.229794800281525 0.227818548679352 0.225407019257545 0.2229955047369 0.220583990216255 0.218172460794449 0.215760946273804 0.213349416851997 0.210937902331352 0.209395289421082 0.208142325282097 0.206889346241951 0.205636382102966 0.20438340306282 0.203130424022675 0.20187745988369 0.200777381658554 0.200135990977287 0.199494615197182 0.198853224515915 0.198211848735809 0.197570458054543 0.196929082274437 0.19628769159317 0.197730839252472 0.199868813157082 0.202006787061691 0.204144775867462 0.206282749772072
0.223854124546051 0.225243106484413 0.22775562107563 0.230268135666847 0.232780650258064 0.235293164849281 0.237805679440498 0.240318208932877 0.242830723524094 0.24217215180397 0.2404565513134 0.23874095082283 0.23702535033226 0.23530974984169 0.23359414935112 0.23187854886055 0.229890316724777 0.227084189653397 0.224278077483177 0.221471950411797 0.218665838241577 0.215859711170197 0.213053598999977 0.210247471928596 0.208925381302834 0.208097964525223 0.207270547747612 0.206443145871162 0.205615729093552 0.204788312315941 0.20396089553833 0.202990412712097 0.201590731739998 0.20019106566906 0.198791399598122 0.197391718626022 0.195992052555084 0.194592371582985 0.193192705512047 0.194310948252678 0.196268513798714 0.198226064443588 0.200183615088463 0.202141180634499
0.222675174474716 0.22406317293644 0.226918250322342 0.229773327708244 0.232628405094147 0.235483482480049 0.238338559865952 0.241193637251854 0.244048714637756 0.243562459945679 0.241962432861328 0.240362405776978 0.238762378692627 0.237162351608276 0.235562309622765 0.233962282538414 0.231962084770203 0.228761374950409 0.225560650229454 0.222359925508499 0.219159215688705 0.215958490967751 0.212757781147957 0.209557056427002 0.208455488085747 0.20805361866951 0.207651764154434 0.207249909639359 0.206848040223122 0.206446185708046 0.20604433119297 0.20520344376564 0.203045472502708 0.200887516140938 0.198729559779167 0.196571603417397 0.194413647055626 0.192255675792694 0.190097719430923 0.190891072154045 0.192668214440346 0.194445341825485 0.196222469210625 0.197999611496925
0.22149620950222 0.222883224487305 0.226080864667892 0.22927850484848 0.232476145029068 0.235673785209656 0.238871425390244 0.242069065570831 0.245266705751419 0.244952768087387 0.243468314409256 0.241983860731125 0.240499407052994 0.239014938473701 0.23753048479557 0.236046031117439 0.234033852815628 0.23043854534626 0.226843222975731 0.223247900605202 0.219652578234673 0.216057270765305 0.212461948394775 0.208866626024246 0.207985579967499 0.208009272813797 0.208032965660095 0.208056673407555 0.208080366253853 0.208104059100151 0.208127751946449 0.207416474819183 0.204500213265419 0.201583966612816 0.198667719960213 0.19575147330761 0.192835226655006 0.189918980002403 0.1870027333498 0.187471196055412 0.189067915081978 0.190664619207382 0.192261323332787 0.193858027458191
0.221212148666382 0.222556710243225 0.226157739758492 0.229758784174919 0.233359813690186 0.236960843205452 0.24056188762188 0.244162917137146 0.247763946652412 0.247516915202141 0.245987176895142 0.244457438588142 0.242927700281143 0.241397961974144 0.239868238568306 0.238338500261307 0.236209541559219 0.232282906770706 0.228356286883354 0.224429666996002 0.220503032207489 0.216576412320137 0.212649777531624 0.208723157644272 0.208060279488564 0.208485305309296 0.208910331130028 0.20933535695076 0.209760397672653 0.210185423493385 0.210610449314117 0.210058510303497 0.206575617194176 0.203092724084854 0.199609830975533 0.196126937866211 0.192644044756889 0.189161151647568 0.185678273439407 0.185795947909355 0.187113806605339 0.188431680202484 0.189749538898468 0.191067397594452
0.22182297706604 0.223083600401878 0.227148860692978 0.231214135885239 0.235279396176338 0.239344671368599 0.243409931659698 0.247475191950798 0.251540452241898 0.251254886388779 0.249519020318985 0.247783154249191 0.246047288179398 0.244311422109604 0.24257555603981 0.240839689970016 0.238489136099815 0.23429448902607 0.230099841952324 0.225905209779739 0.221710562705994 0.217515915632248 0.213321283459663 0.209126636385918 0.20867957174778 0.209481716156006 0.210283860564232 0.211085990071297 0.211888134479523 0.212690278887749 0.213492408394814 0.213129550218582 0.209271654486656 0.205413773655891 0.201555877923965 0.19769798219204 0.193840101361275 0.189982205629349 0.186124324798584 0.185865297913551 0.186805903911591 0.18774650990963 0.188687115907669 0.189627721905708
0.222433790564537 0.223610490560532 0.228139996528625 0.232669487595558 0.237198978662491 0.241728484630585 0.246257975697517 0.25078746676445 0.255316972732544 0.254992842674255 0.253050863742828 0.251108855009079 0.249166861176491 0.247224867343903 0.245282873511314 0.243340879678726 0.240768730640411 0.236306071281433 0.231843411922455 0.227380752563477 0.222918093204498 0.21845543384552 0.213992774486542 0.209530115127563 0.209298878908157 0.210478127002716 0.211657375097275 0.212836623191833 0.214015871286392 0.215195119380951 0.21637436747551 0.216200590133667 0.211967691779137 0.207734808325768 0.203501924872398 0.199269041419029 0.19503615796566 0.19080325961113 0.186570376157761 0.185934662818909 0.186498001217842 0.187061354517937 0.18762469291687 0.188188046216965
0.223044618964195 0.224137395620346 0.229131117463112 0.234124839305878 0.239118576049805 0.24411229789257 0.249106019735336 0.254099756479263 0.25909349322319 0.258730828762054 0.256582707166672 0.254434585571289 0.252286463975906 0.250138312578201 0.24799020588398 0.245842084288597 0.243048325181007 0.238317638635635 0.233586966991425 0.228856295347214 0.224125623703003 0.219394937157631 0.21466426551342 0.209933593869209 0.209918186068535 0.211474552750587 0.213030904531479 0.21458725631237 0.216143622994423 0.217699974775314 0.219256326556206 0.219271630048752 0.214663743972778 0.210055857896805 0.205447971820831 0.200840085744858 0.196232199668884 0.191624313592911 0.187016427516937 0.186004027724266 0.186190113425255 0.186376184225082 0.186562269926071 0.18674835562706
0.223655447363853 0.224664285778999 0.230122238397598 0.235580205917358 0.241038158535957 0.246496111154556 0.251954078674316 0.257412016391754 0.262869983911514 0.262468785047531 0.260114520788193 0.257760286331177 0.255406022071838 0.253051787614822 0.250697523355484 0.248343273997307 0.245327919721603 0.240329220890999 0.235330522060394 0.230331838130951 0.225333139300346 0.220334455370903 0.215335756540298 0.210337072610855 0.210537493228912 0.212470963597298 0.214404419064522 0.216337889432907 0.218271359801292 0.220204830169678 0.222138285636902 0.222342669963837 0.217359781265259 0.212376907467842 0.207394018769264 0.202411130070686 0.19742825627327 0.192445367574692 0.187462493777275 0.186073377728462 0.185882210731506 0.185691028833389 0.185499846935272 0.185308679938316
0.22426626086235 0.225191175937653 0.231113374233246 0.237035557627678 0.24295774102211 0.248879939317703 0.254802107810974 0.260724306106567 0.266646504402161 0.266206741333008 0.263646364212036 0.261085987091064 0.258525609970093 0.255965232849121 0.253404855728149 0.250844478607178 0.247607514262199 0.242340803146362 0.237074092030525 0.231807380914688 0.226540669798851 0.221273958683014 0.216007247567177 0.210740551352501 0.21115680038929 0.213467374444008 0.215777948498726 0.218088522553444 0.220399096608162 0.22270967066288 0.225020244717598 0.225413709878922 0.2200558334589 0.214697942137718 0.209340065717697 0.203982189297676 0.198624297976494 0.193266421556473 0.187908545136452 0.18614274263382 0.185574308037758 0.185005873441696 0.184437423944473 0.183868989348412
0.222988575696945 0.223705857992172 0.230055034160614 0.236404195427895 0.242753371596336 0.249102547764778 0.255451709032059 0.2618008852005 0.268150061368942 0.267839819192886 0.265309780836105 0.262779712677002 0.260249674320221 0.25771963596344 0.255189567804337 0.252659529447556 0.24946203827858 0.244262218475342 0.239062398672104 0.233862578868866 0.228662759065628 0.22346293926239 0.218263119459152 0.213063299655914 0.213395729660988 0.215572252869606 0.217748776078224 0.219925284385681 0.222101807594299 0.224278315901756 0.226454839110374 0.226725354790688 0.221277892589569 0.215830415487289 0.210382953286171 0.204935476183891 0.199488013982773 0.194040551781654 0.188593074679375 0.186642780900002 0.185858219861984 0.185073658823967 0.18428909778595 0.183504521846771
0.219822376966476 0.220208302140236 0.226947218179703 0.23368613421917 0.240425050258636 0.247163966298103 0.25390288233757 0.260641783475876 0.267380714416504 0.267367988824844 0.265104740858078 0.262841492891312 0.260578215122223 0.258314967155457 0.25605171918869 0.253788441419601 0.250891506671906 0.246093481779099 0.241295456886292 0.236497431993484 0.231699407100677 0.22690138220787 0.222103372216225 0.217305347323418 0.217254310846329 0.218785598874092 0.220316886901855 0.221848174929619 0.223379477858543 0.224910765886307 0.22644205391407 0.226277619600296 0.221025973558426 0.215774327516556 0.210522681474686 0.205271035432816 0.200019389390945 0.194767743349075 0.189516097307205 0.187573507428169 0.186733946204185 0.185894399881363 0.185054838657379 0.184215277433395
0.216656178236008 0.216710761189461 0.223839417099953 0.230968073010445 0.238096728920937 0.245225384831429 0.252354025840759 0.259482681751251 0.266611337661743 0.266896158456802 0.264899700880051 0.262903243303299 0.260906755924225 0.258910298347473 0.256913840770721 0.25491738319397 0.252320975065231 0.247924745082855 0.243528515100479 0.239132285118103 0.234736055135727 0.230339840054512 0.225943610072136 0.22154738008976 0.221112877130508 0.221998944878578 0.222885012626648 0.223771080374718 0.224657148122787 0.225543200969696 0.226429268717766 0.225829869508743 0.220774039626122 0.215718224644661 0.210662394762039 0.205606579780579 0.200550749897957 0.195494920015335 0.190439105033875 0.188504233956337 0.187609687447548 0.186715126037598 0.185820579528809 0.18492603302002
0.213489979505539 0.213213205337524 0.220731601119041 0.228249996900558 0.235768407583237 0.243286803364754 0.250805199146271 0.258323609828949 0.265841990709305 0.26642432808876 0.264694660902023 0.262964993715286 0.261235326528549 0.25950562953949 0.257775962352753 0.256046295166016 0.253750413656235 0.249755993485451 0.245761573314667 0.241767138242722 0.237772703170776 0.233778282999992 0.229783847928047 0.225789427757263 0.224971443414688 0.225212290883064 0.225453123450279 0.225693970918655 0.22593480348587 0.226175650954247 0.226416498422623 0.225382119417191 0.220522120594978 0.215662121772766 0.210802122950554 0.205942124128342 0.201082110404968 0.196222111582756 0.191362112760544 0.189434960484505 0.188485413789749 0.187535867094994 0.186586320400238 0.185636773705482
