data/working_set_collections/6091692-Cassins_Sparrow-M2/1990/prmc_avg.asc
NCOLS 265 
NROWS 230 
XLLCORNER -115.5625 
YLLCORNER 24.8333333333333 
CELLSIZE 0.0833333333333333 
NODATA_value -9999 
[rows 60 to 79 of 230, columns 0 to 43 of 265]
0.160982668399811 0.161743924021721 0.162505179643631 0.16326642036438 0.16402767598629 0.1647889316082 0.165550172328949 0.166241407394409 0.166909292340279 0.167577162384987 0.168245047330856 0.168912932276726 0.169580817222595 0.170248702168465 0.170711517333984 0.170559093356133 0.170406654477119 0.170254230499268 0.170101806521416 0.169949382543564 0.169796958565712 0.16964453458786 0.173171669244766 0.177925333380699 0.182678997516632 0.187432661652565 0.192186325788498 0.196940004825592 0.201693668961525 0.204719215631485 0.202560409903526 0.200401604175568 0.198242798447609 0.19608399271965 0.193925186991692 0.191766381263733 0.189607575535774 0.188681110739708 0.188165426254272 0.187649741768837 0.187134057283401 0.186618372797966 0.186102688312531 0.185587003827095
0.16013565659523 0.160946220159531 0.161756783723831 0.162567347288132 0.163377895951271 0.164188459515572 0.164999023079872 0.165735691785812 0.166447728872299 0.167159751057625 0.167871788144112 0.168583825230598 0.169295862317085 0.170007899403572 0.170506864786148 0.170366615056992 0.170226380228996 0.17008613049984 0.169945880770683 0.169805645942688 0.169665396213531 0.169525161385536 0.172439500689507 0.176372051239014 0.18030458688736 0.184237122535706 0.188169673085213 0.192102208733559 0.196034759283066 0.198549196124077 0.196809336543083 0.19506947696209 0.193329617381096 0.191589772701263 0.18984991312027 0.188110053539276 0.186370193958282 0.186312392354012 0.186815276741982 0.18731814622879 0.18782103061676 0.18832391500473 0.1888267993927 0.189329668879509
0.159288659691811 0.16014851629734 0.161008387804031 0.161868259310722 0.162728130817413 0.163588002324104 0.164447858929634 0.165229976177216 0.165986150503159 0.166742339730263 0.167498528957367 0.168254718184471 0.169010907411575 0.169767081737518 0.170302212238312 0.170174151659012 0.170046091079712 0.169918030500412 0.169789969921112 0.169661909341812 0.169533848762512 0.169405773282051 0.171707332134247 0.174818754196167 0.177930161356926 0.181041583418846 0.184153005480766 0.187264427542686 0.190375849604607 0.192379176616669 0.191058278083801 0.189737364649773 0.188416451215744 0.187095537781715 0.185774624347687 0.184453710913658 0.183132812380791 0.183943659067154 0.185465112328529 0.186986565589905 0.188508003950119 0.190029457211494 0.191550895571709 0.193072348833084
0.15844164788723 0.159350827336311 0.160259991884232 0.161169171333313 0.162078350782394 0.162987530231476 0.163896709680557 0.164724260568619 0.165524587035179 0.166324928402901 0.167125269770622 0.167925611138344 0.168725937604904 0.169526278972626 0.170097559690475 0.169981688261032 0.169865801930428 0.169749930500984 0.16963404417038 0.169518157839775 0.169402286410332 0.169286400079727 0.170975163578987 0.17326545715332 0.175555750727654 0.177846044301987 0.18013633787632 0.182426646351814 0.184716939926147 0.186209172010422 0.185307204723358 0.184405237436295 0.183503270149231 0.182601317763329 0.181699350476265 0.180797383189201 0.179895415902138 0.181574940681458 0.184114947915077 0.186654970049858 0.189194977283478 0.191734999418259 0.194275006651878 0.196815028786659
0.157594636082649 0.158553123474121 0.159511610865593 0.160470098257065 0.161428585648537 0.162387073040009 0.16334556043148 0.164218544960022 0.1650630235672 0.165907517075539 0.166752010583878 0.167596489191055 0.168440982699394 0.169285476207733 0.169892907142639 0.169789209961891 0.169685512781143 0.169581815600395 0.169478118419647 0.169374421238899 0.169270724058151 0.169167026877403 0.170242980122566 0.171712160110474 0.17318132519722 0.174650505185127 0.176119685173035 0.177588850259781 0.179058030247688 0.180039152503014 0.179556131362915 0.179073125123978 0.178590103983879 0.178107082843781 0.177624061703682 0.177141040563583 0.176658034324646 0.1792062073946 0.182764798402786 0.186323374509811 0.189881950616837 0.193440541625023 0.196999117732048 0.200557693839073
0.156747624278069 0.157755419611931 0.158763214945793 0.159771010279655 0.160778805613518 0.16178660094738 0.162794396281242 0.163712829351425 0.16460146009922 0.165490105748177 0.166378751397133 0.167267382144928 0.168156027793884 0.169044658541679 0.169688269495964 0.169596746563911 0.16950523853302 0.169413715600967 0.169322192668915 0.169230684638023 0.169139161705971 0.169047653675079 0.169510811567307 0.170158863067627 0.170806914567947 0.171454966068268 0.172103017568588 0.172751069068909 0.173399120569229 0.173869147896767 0.173805072903633 0.1737409979105 0.173676922917366 0.173612862825394 0.17354878783226 0.173484712839127 0.173420637845993 0.176837489008904 0.181414633989334 0.185991778969765 0.190568923950195 0.195146083831787 0.199723228812218 0.204300373792648
0.156326845288277 0.157360404729843 0.158393979072571 0.159427538514137 0.160461112856865 0.161494672298431 0.162528246641159 0.163475573062897 0.164394170045853 0.165312767028809 0.166231364011765 0.16714996099472 0.168068557977676 0.168987154960632 0.16965614259243 0.16957625746727 0.169496387243271 0.169416502118111 0.16933661699295 0.169256746768951 0.169176861643791 0.169096976518631 0.169250950217247 0.169482886791229 0.16971480846405 0.169946730136871 0.170178651809692 0.170410573482513 0.170642495155334 0.170889973640442 0.171184077858925 0.171478182077408 0.171772301197052 0.172066405415535 0.172360509634018 0.172654628753662 0.172948732972145 0.176791176199913 0.181816413998604 0.186841651797295 0.191866874694824 0.196892112493515 0.201917335391045 0.206942573189735
0.156332269310951 0.157368078827858 0.158403873443604 0.15943968296051 0.160475477576256 0.161511272192001 0.162547081708908 0.163506805896759 0.164441168308258 0.165375515818596 0.166309878230095 0.167244240641594 0.168178603053093 0.169112965464592 0.169796541333199 0.169727757573128 0.169658958911896 0.169590175151825 0.169521391391754 0.169452607631683 0.169383808970451 0.169315025210381 0.16946342587471 0.169684216380119 0.169905006885529 0.170125797390938 0.170346587896347 0.170567378401756 0.170788168907166 0.171101629734039 0.171693161129951 0.172284677624702 0.172876209020615 0.173467725515366 0.174059256911278 0.174650773406029 0.17524228990078 0.179067298769951 0.183970138430595 0.188872963190079 0.193775802850723 0.198678627610207 0.203581467270851 0.208484292030334
0.156337708234787 0.157375738024712 0.158413782715797 0.159451812505722 0.160489857196808 0.161527886986732 0.162565916776657 0.16353802382946 0.164488151669502 0.165438279509544 0.166388392448425 0.167338520288467 0.16828864812851 0.169238775968552 0.169936940073967 0.169879242777824 0.169821545481682 0.169763848185539 0.169706150889397 0.169648453593254 0.169590771198273 0.16953307390213 0.169675886631012 0.169885545969009 0.170095205307007 0.170304849743843 0.17051450908184 0.170724168419838 0.170933827757835 0.171313300728798 0.172202244400978 0.173091173171997 0.173980116844177 0.174869045615196 0.175757989287376 0.176646918058395 0.177535861730576 0.181343421339989 0.186123847961426 0.190904289484024 0.195684716105461 0.200465157628059 0.205245584249496 0.210026025772095
0.156343147158623 0.157383412122726 0.15842367708683 0.159463956952095 0.160504221916199 0.161544486880302 0.162584766745567 0.163569241762161 0.164535135030746 0.165501028299332 0.166466906666756 0.167432799935341 0.168398693203926 0.16936457157135 0.170077338814735 0.170030742883682 0.169984132051468 0.169937521219254 0.1698909252882 0.169844314455986 0.169797718524933 0.169751107692719 0.169888347387314 0.170086875557899 0.170285403728485 0.17048391699791 0.170682445168495 0.17088095843792 0.171079486608505 0.171524971723557 0.172711312770844 0.173897668719292 0.17508402466774 0.176270365715027 0.177456721663475 0.178643077611923 0.17982941865921 0.183619543910027 0.188277572393417 0.192935600876808 0.19759364426136 0.202251672744751 0.206909701228142 0.211567744612694
0.156348586082458 0.157391086220741 0.158433586359024 0.159476086497307 0.16051858663559 0.161561101675034 0.162603601813316 0.163600459694862 0.164582118391991 0.165563777089119 0.166545420885086 0.167527079582214 0.168508723378181 0.16949038207531 0.170217737555504 0.170182228088379 0.170146718621254 0.170111209154129 0.170075684785843 0.170040175318718 0.170004665851593 0.169969156384468 0.170100823044777 0.17028820514679 0.170475587248802 0.170662984251976 0.170850366353989 0.171037763357162 0.171225145459175 0.171736627817154 0.17322039604187 0.174704164266586 0.176187932491302 0.177671700716019 0.179155454039574 0.18063922226429 0.182122990489006 0.185895651578903 0.190431296825409 0.194966927170753 0.199502557516098 0.204038202762604 0.208573833107948 0.213109463453293
0.156354010105133 0.157398745417595 0.158443495631218 0.15948823094368 0.160532966256142 0.161577701568604 0.162622436881065 0.163631692528725 0.164629101753235 0.165626525878906 0.166623935103416 0.167621344327927 0.168618768453598 0.169616177678108 0.170358136296272 0.170333713293076 0.17030930519104 0.170284882187843 0.170260459184647 0.17023603618145 0.170211613178253 0.170187190175056 0.170313283801079 0.17048953473568 0.17066578567028 0.170842051506042 0.171018302440643 0.171194553375244 0.171370804309845 0.171948298811913 0.173729479312897 0.175510659813881 0.177291840314865 0.179073020815849 0.180854201316833 0.182635381817818 0.184416562318802 0.188171774148941 0.192585006356239 0.196998253464699 0.201411485671997 0.205824717879295 0.210237950086594 0.214651182293892
0.156424432992935 0.15746995806694 0.158515483140945 0.159561008214951 0.160606548190117 0.161652073264122 0.162697598338127 0.163700059056282 0.164688155055046 0.16567625105381 0.166664361953735 0.167652457952499 0.168640553951263 0.169628649950027 0.170371800661087 0.170380055904388 0.17038831114769 0.170396581292152 0.170404836535454 0.170413091778755 0.170421361923218 0.170429617166519 0.170718789100647 0.171101599931717 0.171484410762787 0.171867221593857 0.172250032424927 0.172632843255997 0.173015654087067 0.173717558383942 0.175376728177071 0.1770358979702 0.178695067763329 0.180354237556458 0.182013407349586 0.183672577142715 0.185331746935844 0.188776701688766 0.19281692802906 0.196857154369354 0.200897365808487 0.204937592148781 0.208977818489075 0.213018029928207
0.156559824943542 0.157604694366455 0.158649578690529 0.159694448113441 0.160739317536354 0.161784201860428 0.16282907128334 0.163805574178696 0.164759278297424 0.165712982416153 0.166666686534882 0.16762039065361 0.168574094772339 0.169527798891068 0.170258700847626 0.170321226119995 0.170383766293526 0.170446291565895 0.170508831739426 0.170571357011795 0.170633882284164 0.170696422457695 0.171317338943481 0.172124400734901 0.172931462526321 0.17373850941658 0.174545571208 0.175352618098259 0.176159679889679 0.177044406533241 0.178162142634392 0.179279878735542 0.180397614836693 0.181515365839005 0.182633101940155 0.183750838041306 0.184868574142456 0.187710449099541 0.191127046942711 0.19454362988472 0.19796022772789 0.201376810669899 0.204793408513069 0.208210006356239
0.15669521689415 0.15773943066597 0.158783659338951 0.159827888011932 0.160872101783752 0.161916330456734 0.162960544228554 0.163911089301109 0.164830386638641 0.165749698877335 0.166669011116028 0.16758830845356 0.168507620692253 0.169426932930946 0.170145615935326 0.170262411236763 0.1703792065382 0.170496016740799 0.170612812042236 0.170729622244835 0.170846417546272 0.170963227748871 0.171915903687477 0.173147201538086 0.174378499388695 0.175609797239304 0.176841109991074 0.178072407841682 0.179303705692291 0.180371254682541 0.180947571992874 0.181523874402046 0.182100176811218 0.18267647922039 0.183252781629562 0.183829084038734 0.184405401349068 0.186644196510315 0.1894371509552 0.192230120301247 0.195023074746132 0.197816044092178 0.200609013438225 0.20340196788311
0.156830608844757 0.157874181866646 0.158917739987373 0.159961313009262 0.161004886031151 0.16204845905304 0.163092017173767 0.164016604423523 0.16490150988102 0.165786415338516 0.166671335697174 0.167556241154671 0.168441161513329 0.169326066970825 0.170032516121864 0.170203596353531 0.170374661684036 0.170545741915703 0.170716807246208 0.170887887477875 0.17105895280838 0.171230033040047 0.172514453530312 0.17417000234127 0.175825551152229 0.177481099963188 0.179136633872986 0.180792182683945 0.182447731494904 0.183698117733002 0.183732986450195 0.183767855167389 0.183802723884583 0.183837607502937 0.183872476220131 0.183907344937325 0.183942213654518 0.185577943921089 0.187747269868851 0.189916610717773 0.192085936665535 0.194255277514458 0.196424603462219 0.198593929409981
0.156966000795364 0.158008918166161 0.159051835536957 0.160094752907753 0.161137670278549 0.162180587649345 0.163223505020142 0.164122119545937 0.164972633123398 0.165823146700859 0.16667366027832 0.167524173855782 0.168374687433243 0.169225201010704 0.169919431209564 0.170144766569138 0.170370116829872 0.170595452189445 0.17082080245018 0.171046137809753 0.171271488070488 0.171496823430061 0.173113003373146 0.175192803144455 0.177272588014603 0.179352387785912 0.181432172656059 0.183511972427368 0.185591757297516 0.187024965882301 0.186518400907516 0.186011850833893 0.185505285859108 0.184998720884323 0.184492170810699 0.183985605835915 0.18347904086113 0.184511676430702 0.186057388782501 0.187603086233139 0.189148798584938 0.190694496035576 0.192240193486214 0.193785905838013
0.157101392745972 0.158143654465675 0.159185916185379 0.160228177905083 0.161270439624786 0.162312716245651 0.163354977965355 0.16422763466835 0.165043741464615 0.165859863162041 0.166675984859467 0.167492106556892 0.168308228254318 0.169124335050583 0.169806331396103 0.170085951685905 0.170365557074547 0.170645177364349 0.170924782752991 0.171204403042793 0.171484023332596 0.171763628721237 0.173711568117142 0.176215603947639 0.178719639778137 0.181223675608635 0.183727711439133 0.18623174726963 0.188735783100128 0.190351814031601 0.189303830265999 0.188255831599236 0.187207832932472 0.18615984916687 0.185111850500107 0.184063866734505 0.183015868067741 0.183445423841476 0.184367492794991 0.185289576649666 0.18621164560318 0.187133729457855 0.188055798411369 0.188977867364883
0.157476291060448 0.158512458205223 0.159548625349998 0.160584792494774 0.161620944738388 0.162657111883163 0.163693279027939 0.164514988660812 0.165265202522278 0.166015431284904 0.16676564514637 0.167515859007835 0.168266087770462 0.169016301631927 0.169646188616753 0.169915050268173 0.170183926820755 0.170452788472176 0.170721650123596 0.170990526676178 0.171259388327599 0.17152826488018 0.173463404178619 0.175953954458237 0.178444519639015 0.180935084819794 0.183425650000572 0.185916215181351 0.188406780362129 0.189987316727638 0.188837751746178 0.187688186764717 0.186538621783257 0.185389056801796 0.184239491820335 0.183089926838875 0.181940361857414 0.182069137692451 0.182624027132988 0.183178901672363 0.1837337911129 0.184288665652275 0.184843555092812 0.185398444533348
0.158090695738792 0.159115314483643 0.160139933228493 0.161164566874504 0.162189185619354 0.163213804364204 0.164238423109055 0.164984181523323 0.165637001395226 0.166289821267128 0.16694264113903 0.167595461010933 0.168248280882835 0.168901100754738 0.169438987970352 0.169632092118263 0.169825196266174 0.170018300414085 0.170211404561996 0.170404508709908 0.170597612857819 0.17079071700573 0.172368511557579 0.174407884478569 0.176447257399559 0.178486630320549 0.180525988340378 0.182565361261368 0.184604734182358 0.185931444168091 0.185120180249214 0.184308901429176 0.1834976375103 0.182686358690262 0.181875079870224 0.181063815951347 0.18025253713131 0.180382817983627 0.18082694709301 0.181271076202393 0.181715205311775 0.182159349322319 0.182603478431702 0.183047607541084
