data/working_set_collections/6091692-Cassins_Sparrow-M2/1990/qinfil_avg.asc
NCOLS 265 
NROWS 230 
XLLCORNER -115.5625 
YLLCORNER 24.8333333333333 
CELLSIZE 0.0833333333333333 
NODATA_value -9999 
[rows 72 to 89 of 230, columns 205 to 245 of 265]
1.96885848708916e-05 1.96847613551654e-05 1.96809396584285e-05 1.96771179616917e-05 1.97070803551469e-05 1.98383913811995e-05 1.9969702407252e-05 2.0101015252294e-05 2.02323262783466e-05 2.03636391233886e-05 2.04949501494411e-05 2.06262611754937e-05 2.08650999411475e-05 2.11397818929981e-05 2.14144620258594e-05 2.168914397771e-05 2.19638241105713e-05 2.22385060624219e-05 2.25131861952832e-05 2.28033914027037e-05 2.3140171833802e-05 2.34769504459109e-05 2.38137308770092e-05 2.41505113081075e-05 2.44872899202164e-05 2.48240703513147e-05 2.51608489634236e-05 2.54944825428538e-05 2.58270683843875e-05 2.61596542259213e-05 2.64922382484656e-05 2.68248240899993e-05 2.71574081125436e-05 2.74899939540774e-05 2.77757753792685e-05 2.79211435554316e-05 2.80665117315948e-05 2.8211879907758e-05 2.83572480839211e-05 2.85026162600843e-05 2.86479844362475e-05
1.96485852939077e-05 1.96466371562565e-05 1.96446890186053e-05 1.96427426999435e-05 1.9677290765685e-05 1.98213292605942e-05 1.99653677555034e-05 2.01094062504126e-05 2.02534447453218e-05 2.03974814212415e-05 2.05415199161507e-05 2.06855584110599e-05 2.09268509934191e-05 2.12005634239176e-05 2.14742740354268e-05 2.17479846469359e-05 2.20216970774345e-05 2.22954076889437e-05 2.25691183004528e-05 2.28618464461761e-05 2.32116235565627e-05 2.35614024859387e-05 2.39111795963254e-05 2.4260956706712e-05 2.46107338170987e-05 2.49605127464747e-05 2.53102898568613e-05 2.56529692705953e-05 2.59932821791153e-05 2.63335950876353e-05 2.66739079961553e-05 2.70142227236647e-05 2.73545356321847e-05 2.76948485407047e-05 2.79791765933624e-05 2.80955446214648e-05 2.8211916287546e-05 2.83282843156485e-05 2.84446541627403e-05 2.85610240098322e-05 2.8677393856924e-05
1.96085857169237e-05 1.96085129573476e-05 1.96084401977714e-05 1.96083674381953e-05 1.96475029952126e-05 1.9804267139989e-05 1.99610331037547e-05 2.01177972485311e-05 2.02745613933075e-05 2.04313255380839e-05 2.05880896828603e-05 2.07448556466261e-05 2.09886020456906e-05 2.12613431358477e-05 2.15340860449942e-05 2.18068271351513e-05 2.20795682253083e-05 2.23523093154654e-05 2.26250504056225e-05 2.29203014896484e-05 2.32830770983128e-05 2.36458527069772e-05 2.40086283156415e-05 2.43714039243059e-05 2.47341795329703e-05 2.50969551416347e-05 2.54597307502991e-05 2.58114541793475e-05 2.61594959738431e-05 2.65075377683388e-05 2.68555795628345e-05 2.72036195383407e-05 2.75516613328364e-05 2.7899703127332e-05 2.81825759884669e-05 2.82699475064874e-05 2.83573190245079e-05 2.84446905425284e-05 2.85320620605489e-05 2.86194335785694e-05 2.870680509659e-05
1.95685861399397e-05 1.95703869394492e-05 1.95721895579481e-05 1.95739903574577e-05 1.96177152247401e-05 1.97872068383731e-05 1.99566966330167e-05 2.01261882466497e-05 2.02956780412933e-05 2.04651696549263e-05 2.06346612685593e-05 2.08041510632029e-05 2.10503530979622e-05 2.13221246667672e-05 2.15938962355722e-05 2.18656678043772e-05 2.21374393731821e-05 2.24092109419871e-05 2.26809843297815e-05 2.29787565331208e-05 2.33545288210735e-05 2.37303029280156e-05 2.41060770349577e-05 2.44818493229104e-05 2.48576234298525e-05 2.52333957178053e-05 2.56091698247474e-05 2.5969940907089e-05 2.6325709768571e-05 2.66814804490423e-05 2.70372493105242e-05 2.73930181720061e-05 2.77487888524774e-05 2.81045577139594e-05 2.83859772025608e-05 2.84443503915099e-05 2.85027235804591e-05 2.85610967694083e-05 2.86194699583575e-05 2.86778431473067e-05 2.87362145172665e-05
1.95285865629558e-05 1.95322627405403e-05 1.95359389181249e-05 1.95396150957095e-05 1.95879274542676e-05 1.97701447177678e-05 1.9952361981268e-05 2.01345792447682e-05 2.03167965082685e-05 2.04990137717687e-05 2.06812310352689e-05 2.08634482987691e-05 2.11121041502338e-05 2.13829061976867e-05 2.16537082451396e-05 2.19245102925925e-05 2.21953123400453e-05 2.24661143874982e-05 2.27369164349511e-05 2.30372097576037e-05 2.34259823628236e-05 2.3814753149054e-05 2.42035239352845e-05 2.45922965405043e-05 2.49810673267348e-05 2.53698381129652e-05 2.57586107181851e-05 2.61284258158412e-05 2.64919235632988e-05 2.68554213107564e-05 2.72189190582139e-05 2.75824168056715e-05 2.79459145531291e-05 2.83094123005867e-05 2.85893784166547e-05 2.86187532765325e-05 2.86481281364104e-05 2.86775029962882e-05 2.87068760371767e-05 2.87362508970546e-05 2.87656257569324e-05
1.94885869859718e-05 1.94941385416314e-05 1.94996882783016e-05 1.95052398339612e-05 1.95581396837952e-05 1.97530825971626e-05 1.994802551053e-05 2.01429702428868e-05 2.03379131562542e-05 2.0532857888611e-05 2.07278008019784e-05 2.09227437153459e-05 2.11738552025054e-05 2.14436859096168e-05 2.17135184357176e-05 2.19833509618184e-05 2.22531834879192e-05 2.252301601402e-05 2.27928485401208e-05 2.30956648010761e-05 2.34974340855842e-05 2.38992033700924e-05 2.43009726546006e-05 2.47027419391088e-05 2.5104511223617e-05 2.55062805081252e-05 2.59080497926334e-05 2.62869125435827e-05 2.66581373580266e-05 2.70293639914598e-05 2.74005888059037e-05 2.77718154393369e-05 2.81430420727702e-05 2.8514266887214e-05 2.87927796307486e-05 2.87931561615551e-05 2.87935326923616e-05 2.87939074041788e-05 2.87942839349853e-05 2.87946604657918e-05 2.8795035177609e-05
1.9549024727894e-05 1.9553212041501e-05 1.95573993551079e-05 1.95615848497255e-05 1.96167948161019e-05 1.98250709217973e-05 2.00333488464821e-05 2.02416249521775e-05 2.04499010578729e-05 2.06581771635683e-05 2.08664550882531e-05 2.10747311939485e-05 2.13293751585297e-05 2.15994768950623e-05 2.18695768126054e-05 2.21396767301485e-05 2.2409778466681e-05 2.26798783842241e-05 2.29499801207567e-05 2.32537804549793e-05 2.36586838582298e-05 2.40635872614803e-05 2.44684906647308e-05 2.48733940679813e-05 2.52782974712318e-05 2.56831990554929e-05 2.60881024587434e-05 2.64669379248517e-05 2.68370840785792e-05 2.72072302323068e-05 2.75773763860343e-05 2.79475225397618e-05 2.83176686934894e-05 2.86878148472169e-05 2.89606723526958e-05 2.89416639134288e-05 2.89226554741617e-05 2.89036470348947e-05 2.88846385956276e-05 2.88656301563606e-05 2.88466217170935e-05
1.97099016077118e-05 1.97094850591384e-05 1.9709068510565e-05 1.97086519619916e-05 1.97638946701773e-05 1.99861115106614e-05 2.02083265321562e-05 2.04305433726404e-05 2.06527602131246e-05 2.08749752346193e-05 2.10971920751035e-05 2.13194089155877e-05 2.15786676562857e-05 2.18502755160443e-05 2.21218815568136e-05 2.23934875975829e-05 2.26650954573415e-05 2.29367014981108e-05 2.32083093578694e-05 2.35115567193134e-05 2.39097298617708e-05 2.43079030042281e-05 2.47060761466855e-05 2.51042492891429e-05 2.55024224316003e-05 2.59005955740577e-05 2.6298768716515e-05 2.66685055976268e-05 2.70287637249567e-05 2.73890218522865e-05 2.77492799796164e-05 2.81095381069463e-05 2.84697962342761e-05 2.8830054361606e-05 2.90930529445177e-05 2.90642747131642e-05 2.90354964818107e-05 2.90067182504572e-05 2.89779382001143e-05 2.89491599687608e-05 2.89203817374073e-05
1.98707784875296e-05 1.98657598957652e-05 1.98607394850114e-05 1.98557208932471e-05 1.99109945242526e-05 2.01471502805362e-05 2.03833060368197e-05 2.06194617931033e-05 2.08556175493868e-05 2.10917733056704e-05 2.13279308809433e-05 2.15640866372269e-05 2.18279601540416e-05 2.2101072318037e-05 2.23741863010218e-05 2.26472984650172e-05 2.2920412448002e-05 2.31935264309868e-05 2.34666385949822e-05 2.37693348026369e-05 2.41607776843011e-05 2.45522205659654e-05 2.49436634476297e-05 2.53351063292939e-05 2.57265473919688e-05 2.6117990273633e-05 2.65094331552973e-05 2.68700714514125e-05 2.72204433713341e-05 2.75708134722663e-05 2.79211835731985e-05 2.82715536741307e-05 2.86219237750629e-05 2.89722938759951e-05 2.9225435355329e-05 2.91868855128996e-05 2.91483374894597e-05 2.91097894660197e-05 2.90712396235904e-05 2.90326916001504e-05 2.89941417577211e-05
2.00316553673474e-05 2.00220329134027e-05 2.00124104594579e-05 2.00027880055131e-05 2.0058094378328e-05 2.03081890504109e-05 2.05582855414832e-05 2.08083802135661e-05 2.10584767046385e-05 2.13085713767214e-05 2.15586678677937e-05 2.18087625398766e-05 2.20772526517976e-05 2.23518709390191e-05 2.26264910452301e-05 2.29011093324516e-05 2.31757294386625e-05 2.34503495448735e-05 2.3724967832095e-05 2.4027111066971e-05 2.44118236878421e-05 2.47965363087133e-05 2.51812489295844e-05 2.55659615504555e-05 2.59506741713267e-05 2.63353867921978e-05 2.6720099413069e-05 2.70716391241876e-05 2.74121211987222e-05 2.77526032732567e-05 2.80930871667806e-05 2.84335692413151e-05 2.87740513158496e-05 2.91145333903842e-05 2.93578159471508e-05 2.93094981316244e-05 2.92611784971086e-05 2.92128588625928e-05 2.91645410470665e-05 2.91162214125507e-05 2.90679035970243e-05
2.01925322471652e-05 2.01783059310401e-05 2.01640814339044e-05 2.01498551177792e-05 2.02051942324033e-05 2.0469229639275e-05 2.07332650461467e-05 2.09973004530184e-05 2.12613358598901e-05 2.15253694477724e-05 2.17894048546441e-05 2.20534402615158e-05 2.23265433305642e-05 2.26026695600012e-05 2.28787957894383e-05 2.3154920199886e-05 2.3431046429323e-05 2.37071726587601e-05 2.39832988881972e-05 2.42848873313051e-05 2.46628696913831e-05 2.50408520514611e-05 2.54188344115391e-05 2.57968167716172e-05 2.61747991316952e-05 2.65527814917732e-05 2.69307638518512e-05 2.72732067969628e-05 2.76038008450996e-05 2.79343948932365e-05 2.82649907603627e-05 2.85955848084996e-05 2.89261788566364e-05 2.92567747237626e-05 2.94901983579621e-05 2.94321089313598e-05 2.93740195047576e-05 2.93159300781554e-05 2.92578424705425e-05 2.91997530439403e-05 2.91416636173381e-05
2.0353409126983e-05 2.03345807676669e-05 2.03157505893614e-05 2.02969222300453e-05 2.03522940864787e-05 2.06302684091497e-05 2.09082445508102e-05 2.11862188734813e-05 2.14641931961523e-05 2.17421675188234e-05 2.20201436604839e-05 2.2298117983155e-05 2.25758358283201e-05 2.28534681809833e-05 2.31311005336465e-05 2.34087310673203e-05 2.36863634199835e-05 2.39639957726467e-05 2.42416281253099e-05 2.45426654146286e-05 2.49139175139135e-05 2.52851696131984e-05 2.56564217124833e-05 2.60276738117682e-05 2.63989259110531e-05 2.6770178010338e-05 2.71414301096229e-05 2.74747726507485e-05 2.77954804914771e-05 2.81161865132162e-05 2.84368943539448e-05 2.8757600375684e-05 2.90783063974231e-05 2.93990142381517e-05 2.96225789497839e-05 2.95547197310952e-05 2.94868605124066e-05 2.94190012937179e-05 2.93511420750292e-05 2.92832828563405e-05 2.92154236376518e-05
2.05198866751743e-05 2.04958341782913e-05 2.04717816814082e-05 2.04477291845251e-05 2.05020951398183e-05 2.07917128136614e-05 2.1081332306494e-05 2.13709517993266e-05 2.16605712921591e-05 2.19501889660023e-05 2.22398084588349e-05 2.25294279516675e-05 2.28150165639818e-05 2.30992627621163e-05 2.33835089602508e-05 2.36677551583853e-05 2.39520013565198e-05 2.42362475546543e-05 2.45204937527888e-05 2.48237975029042e-05 2.51842775469413e-05 2.55447575909784e-05 2.59052394540049e-05 2.6265719498042e-05 2.66261995420791e-05 2.69866795861162e-05 2.73471614491427e-05 2.766854413494e-05 2.79768955806503e-05 2.82852470263606e-05 2.85935984720709e-05 2.89019499177812e-05 2.92103013634915e-05 2.95186528092017e-05 2.97309870802565e-05 2.9655268008355e-05 2.95795489364536e-05 2.95038298645522e-05 2.94281107926508e-05 2.93523917207494e-05 2.9276672648848e-05
2.06919630727498e-05 2.06620661629131e-05 2.06321710720658e-05 2.06022759812186e-05 2.06545955734327e-05 2.09535628528101e-05 2.12525301321875e-05 2.15514974115649e-05 2.18504665099317e-05 2.21494337893091e-05 2.24484010686865e-05 2.27473683480639e-05 2.30440855375491e-05 2.33400533034001e-05 2.3636021069251e-05 2.39319888351019e-05 2.42279566009529e-05 2.45239243668038e-05 2.48198921326548e-05 2.51282854151214e-05 2.54739534284454e-05 2.581961962278e-05 2.6165287636104e-05 2.65109556494281e-05 2.68566218437627e-05 2.72022898570867e-05 2.75479578704108e-05 2.78545212495374e-05 2.81480479316087e-05 2.84415764326695e-05 2.87351049337303e-05 2.90286334347911e-05 2.93221619358519e-05 2.96156886179233e-05 2.98154191114008e-05 2.97337501251604e-05 2.96520829579094e-05 2.95704157906584e-05 2.9488746804418e-05 2.9407079637167e-05 2.93254106509266e-05
2.08640394703252e-05 2.08282999665244e-05 2.07925604627235e-05 2.0756822777912e-05 2.08070978260366e-05 2.11154128919588e-05 2.14237297768705e-05 2.17320448427927e-05 2.20403617277043e-05 2.23486767936265e-05 2.26569918595487e-05 2.29653087444603e-05 2.32731545111164e-05 2.35808438446838e-05 2.38885349972406e-05 2.4196224330808e-05 2.45039136643754e-05 2.48116029979428e-05 2.51192923315102e-05 2.54327733273385e-05 2.57636274909601e-05 2.60944816545816e-05 2.64253376371926e-05 2.67561918008141e-05 2.70870459644357e-05 2.74179001280572e-05 2.77487542916788e-05 2.80404965451453e-05 2.83192021015566e-05 2.85979058389785e-05 2.88766113953898e-05 2.91553169518011e-05 2.9434020689223e-05 2.97127262456343e-05 2.98998511425452e-05 2.98122340609552e-05 2.97246169793652e-05 2.96369998977752e-05 2.95493828161852e-05 2.94617657345952e-05 2.93741486530052e-05
2.10361158679007e-05 2.09945337701356e-05 2.09529516723705e-05 2.09113695746055e-05 2.09595982596511e-05 2.12772629311075e-05 2.1594927602564e-05 2.19125922740204e-05 2.22302569454769e-05 2.25479197979439e-05 2.28655844694003e-05 2.31832491408568e-05 2.35022234846838e-05 2.3821636204957e-05 2.41410471062409e-05 2.44604580075247e-05 2.4779870727798e-05 2.50992816290818e-05 2.54186925303657e-05 2.57372612395557e-05 2.60533033724641e-05 2.63693436863832e-05 2.66853858192917e-05 2.70014279522002e-05 2.73174682661192e-05 2.76335103990277e-05 2.79495507129468e-05 2.82264736597426e-05 2.8490354452515e-05 2.87542370642768e-05 2.90181178570492e-05 2.92819986498216e-05 2.95458812615834e-05 2.98097620543558e-05 2.99842831736896e-05 2.98907161777606e-05 2.9797151000821e-05 2.97035858238814e-05 2.96100188279524e-05 2.95164536510129e-05 2.94228866550839e-05
2.12081922654761e-05 2.11607675737469e-05 2.11133410630282e-05 2.1065916371299e-05 2.1112100512255e-05 2.14391129702562e-05 2.17661254282575e-05 2.20931378862588e-05 2.24201521632494e-05 2.27471646212507e-05 2.3074177079252e-05 2.34011895372532e-05 2.37312924582511e-05 2.40624267462408e-05 2.43935592152411e-05 2.47246935032308e-05 2.50558259722311e-05 2.53869602602208e-05 2.57180927292211e-05 2.60417491517728e-05 2.63429774349788e-05 2.66442057181848e-05 2.69454340013908e-05 2.72466622845968e-05 2.75478905678028e-05 2.78491188510088e-05 2.81503471342148e-05 2.84124489553506e-05 2.86615068034735e-05 2.89105664705858e-05 2.91596243187087e-05 2.94086821668316e-05 2.96577418339439e-05 2.99067996820668e-05 3.0068715204834e-05 2.99692001135554e-05 2.98696850222768e-05 2.97701699309982e-05 2.96706548397196e-05 2.95711397484411e-05 2.94716246571625e-05
2.13802686630515e-05 2.13269995583687e-05 2.12737304536859e-05 2.12204631679924e-05 2.12646009458695e-05 2.1600963009405e-05 2.1937323253951e-05 2.22736853174865e-05 2.2610047381022e-05 2.29464076255681e-05 2.32827696891036e-05 2.36191299336497e-05 2.39603614318185e-05 2.43032172875246e-05 2.46460731432308e-05 2.49889271799475e-05 2.53317830356536e-05 2.56746370723704e-05 2.60174929280765e-05 2.63462388829794e-05 2.66326533164829e-05 2.69190677499864e-05 2.72054840024794e-05 2.74918984359829e-05 2.77783146884758e-05 2.80647291219793e-05 2.83511453744723e-05 2.85984242509585e-05 2.88326609734213e-05 2.90668958768947e-05 2.93011307803681e-05 2.95353656838415e-05 2.97696005873149e-05 3.00038373097777e-05 3.01531472359784e-05 3.00476822303608e-05 2.99422190437326e-05 2.98367558571044e-05 2.97312908514868e-05 2.96258276648587e-05 2.95203626592411e-05
