data/working_set_collections/6091692-Cassins_Sparrow-M2/1990/qinfil_avg.asc
NCOLS 265 
NROWS 230 
XLLCORNER -115.5625 
YLLCORNER 24.8333333333333 
CELLSIZE 0.0833333333333333 
NODATA_value -9999 
[rows 108 to 125 of 230, columns 205 to 245 of 265]
2.63814290519804e-05 2.65573999058688e-05 2.67333707597572e-05 2.69093416136457e-05 2.71019052888732e-05 2.73442510660971e-05 2.75865968433209e-05 2.78289426205447e-05 2.80712883977685e-05 2.83136341749923e-05 2.85559799522161e-05 2.87983275484294e-05 2.91424548777286e-05 2.95205118163722e-05 2.98985669360263e-05 3.02766220556805e-05 3.06546789943241e-05 3.10327341139782e-05 3.14107892336324e-05 3.17393642035313e-05 3.19194805342704e-05 3.20996005029883e-05 3.22797204717062e-05 3.24598404404242e-05 3.26399640471209e-05 3.28200840158388e-05 3.30002003465779e-05 3.30759976350237e-05 3.31170158460736e-05 3.31580340571236e-05 3.31990522681735e-05 3.32400741172023e-05 3.32810923282523e-05 3.33221105393022e-05 3.32991839968599e-05 3.30844231939409e-05 3.2869658753043e-05 3.26548943121452e-05 3.24401335092261e-05 3.22253690683283e-05 3.20106046274304e-05
2.6449382858118e-05 2.66085608018329e-05 2.67677387455478e-05 2.69269166892627e-05 2.7105767003377e-05 2.73436344286893e-05 2.75815000350121e-05 2.78193674603244e-05 2.80572348856367e-05 2.82951004919596e-05 2.85329679172719e-05 2.87708353425842e-05 2.91358701360878e-05 2.95432946586516e-05 2.99507191812154e-05 3.03581437037792e-05 3.0765568226343e-05 3.11729927489068e-05 3.15804172714707e-05 3.19347745971754e-05 3.21299194183666e-05 3.23250678775366e-05 3.25202163367067e-05 3.27153647958767e-05 3.29105132550467e-05 3.31056580762379e-05 3.33008065354079e-05 3.3354910556227e-05 3.33619973389432e-05 3.33690804836806e-05 3.33761672663968e-05 3.3383254049113e-05 3.33903408318292e-05 3.33974276145454e-05 3.33526295435149e-05 3.31521732732654e-05 3.29517170030158e-05 3.27512607327662e-05 3.25508044625167e-05 3.23503481922671e-05 3.21498919220176e-05
2.65173366642557e-05 2.66597216977971e-05 2.68021067313384e-05 2.69444917648798e-05 2.71096287178807e-05 2.7343015972292e-05 2.75764032267034e-05 2.78097923001042e-05 2.80431795545155e-05 2.82765668089269e-05 2.85099558823276e-05 2.8743343136739e-05 2.91292853944469e-05 2.95660793199204e-05 3.00028714264045e-05 3.04396653518779e-05 3.0876457458362e-05 3.13132513838354e-05 3.17500453093089e-05 3.21301849908195e-05 3.23403583024628e-05 3.2550535252085e-05 3.27607122017071e-05 3.29708855133504e-05 3.31810624629725e-05 3.33912357746158e-05 3.36014127242379e-05 3.36338234774303e-05 3.36069751938339e-05 3.35801305482164e-05 3.35532822646201e-05 3.35264376190025e-05 3.34995893354062e-05 3.34727446897887e-05 3.34060714521911e-05 3.32199233525898e-05 3.30337752529886e-05 3.28476271533873e-05 3.26614754158072e-05 3.2475327316206e-05 3.22891792166047e-05
2.65852904703934e-05 2.67108844127506e-05 2.68364765361184e-05 2.69620686594862e-05 2.71134904323844e-05 2.73423993348842e-05 2.75713082373841e-05 2.78002171398839e-05 2.80291260423837e-05 2.82580331258941e-05 2.8486942028394e-05 2.87158509308938e-05 2.91227006528061e-05 2.95888621621998e-05 3.00550254905829e-05 3.05211869999766e-05 3.09873503283598e-05 3.14535100187641e-05 3.19196733471472e-05 3.23255953844637e-05 3.25507971865591e-05 3.27760026266333e-05 3.30012044287287e-05 3.32264098688029e-05 3.34516116708983e-05 3.36768134729937e-05 3.39020189130679e-05 3.39127363986336e-05 3.38519566867035e-05 3.37911769747734e-05 3.37303972628433e-05 3.36696175509132e-05 3.3608841476962e-05 3.35480617650319e-05 3.34595169988461e-05 3.32876734319143e-05 3.31158335029613e-05 3.29439899360295e-05 3.27721500070766e-05 3.26003064401448e-05 3.24284665111918e-05
2.66532460955204e-05 2.67620453087147e-05 2.6870844521909e-05 2.69796437351033e-05 2.71173521468882e-05 2.7341780878487e-05 2.75662114290753e-05 2.77906401606742e-05 2.80150707112625e-05 2.82394994428614e-05 2.84639299934497e-05 2.8688360544038e-05 2.91161159111653e-05 2.96116468234686e-05 3.0107177735772e-05 3.06027068290859e-05 3.10982395603787e-05 3.15937686536927e-05 3.20893013849854e-05 3.25210057781078e-05 3.27612360706553e-05 3.30014700011816e-05 3.32417002937291e-05 3.34819305862766e-05 3.37221608788241e-05 3.39623911713716e-05 3.42026251018979e-05 3.41916493198369e-05 3.40969345415942e-05 3.40022234013304e-05 3.39075122610666e-05 3.38128011208028e-05 3.37180899805389e-05 3.36233788402751e-05 3.35129589075223e-05 3.33554271492176e-05 3.31978917529341e-05 3.30403563566506e-05 3.28828209603671e-05 3.27252855640836e-05 3.25677538057789e-05
2.67211999016581e-05 2.68132062046789e-05 2.69052125076996e-05 2.69972206297098e-05 2.71212138613919e-05 2.73411642410792e-05 2.75611146207666e-05 2.7781065000454e-05 2.80010153801413e-05 2.82209657598287e-05 2.84409179585055e-05 2.86608683381928e-05 2.91095311695244e-05 2.9634429665748e-05 3.0159329980961e-05 3.06842302961741e-05 3.12091287923977e-05 3.17340272886213e-05 3.22589294228237e-05 3.27164161717519e-05 3.29716749547515e-05 3.32269337377511e-05 3.34821925207507e-05 3.37374513037503e-05 3.39927100867499e-05 3.42479688697495e-05 3.4503227652749e-05 3.44705622410402e-05 3.43419160344638e-05 3.42132734658662e-05 3.40846272592898e-05 3.39559846906923e-05 3.38273384841159e-05 3.36986922775395e-05 3.35664044541772e-05 3.3423177228542e-05 3.32799500029068e-05 3.31367227772716e-05 3.29934919136576e-05 3.28502646880224e-05 3.27070374623872e-05
2.67379455181072e-05 2.68159583356464e-05 2.68939711531857e-05 2.6971983970725e-05 2.70832060778048e-05 2.72940542345168e-05 2.75049042102182e-05 2.77157523669302e-05 2.79266023426317e-05 2.81374523183331e-05 2.83483004750451e-05 2.85591504507465e-05 2.90252919512568e-05 2.95765312330332e-05 3.01277705148095e-05 3.06790097965859e-05 3.12302472593728e-05 3.17814883601386e-05 3.23327258229256e-05 3.28125970554538e-05 3.30783586832695e-05 3.33441239490639e-05 3.36098855768796e-05 3.38756508426741e-05 3.41414124704897e-05 3.44071777362842e-05 3.46729393640999e-05 3.46223132510204e-05 3.44662257703021e-05 3.4310134651605e-05 3.4154043532908e-05 3.39979560521897e-05 3.38418649334926e-05 3.36857738147955e-05 3.35345430357847e-05 3.33978859998751e-05 3.32612253259867e-05 3.31245682900771e-05 3.29879112541676e-05 3.2851254218258e-05 3.27145935443696e-05
2.67034811258782e-05 2.67702980636386e-05 2.68371168203885e-05 2.69039337581489e-05 2.70033287961269e-05 2.72004526777891e-05 2.73975783784408e-05 2.75947040790925e-05 2.77918297797441e-05 2.79889554803958e-05 2.81860793620581e-05 2.83832050627097e-05 2.88633982563624e-05 2.94379478873452e-05 3.0012497518328e-05 3.05870489683002e-05 3.1161598599283e-05 3.17361482302658e-05 3.23106978612486e-05 3.28095447912347e-05 3.30812872562092e-05 3.33530333591625e-05 3.36247794621158e-05 3.38965219270904e-05 3.41682680300437e-05 3.44400104950182e-05 3.47117565979715e-05 3.46469059877563e-05 3.44698601111304e-05 3.42928105965257e-05 3.41157647198997e-05 3.3938715205295e-05 3.37616693286691e-05 3.35846198140644e-05 3.34173782903235e-05 3.32795534632169e-05 3.31417249981314e-05 3.30039001710247e-05 3.28660717059392e-05 3.27282468788326e-05 3.25904220517259e-05
2.66690167336492e-05 2.67246396106202e-05 2.67802624875912e-05 2.68358835455729e-05 2.6923451514449e-05 2.71068529400509e-05 2.72902543656528e-05 2.74736557912547e-05 2.76570572168566e-05 2.78404586424585e-05 2.80238600680605e-05 2.82072614936624e-05 2.87015063804574e-05 2.92993663606467e-05 2.98972263408359e-05 3.04950863210252e-05 3.10929463012144e-05 3.16908044624142e-05 3.22886662615929e-05 3.28064925270155e-05 3.30842158291489e-05 3.33619427692611e-05 3.36396697093733e-05 3.39173966494855e-05 3.41951199516188e-05 3.4472846891731e-05 3.47505738318432e-05 3.46715023624711e-05 3.44734944519587e-05 3.42754901794251e-05 3.40774822689127e-05 3.38794779963791e-05 3.36814700858667e-05 3.34834658133332e-05 3.33002135448623e-05 3.31612172885798e-05 3.3022224670276e-05 3.28832284139935e-05 3.27442357956897e-05 3.26052395394072e-05 3.24662469211034e-05
2.66345541604096e-05 2.66789811576018e-05 2.6723408154794e-05 2.67678351519862e-05 2.68435742327711e-05 2.70132513833232e-05 2.71829285338754e-05 2.73526075034169e-05 2.75222846539691e-05 2.76919618045213e-05 2.78616389550734e-05 2.80313161056256e-05 2.85396145045524e-05 2.91607830149587e-05 2.97819533443544e-05 3.04031236737501e-05 3.10242940031458e-05 3.16454643325415e-05 3.22666346619371e-05 3.28034402627964e-05 3.30871444020886e-05 3.33708521793596e-05 3.36545599566307e-05 3.39382677339017e-05 3.42219755111728e-05 3.45056832884438e-05 3.47893910657149e-05 3.4696095099207e-05 3.4477128792787e-05 3.42581661243457e-05 3.40392034559045e-05 3.38202371494845e-05 3.36012744810432e-05 3.3382311812602e-05 3.31830487994011e-05 3.30428847519215e-05 3.29027207044419e-05 3.27625602949411e-05 3.26223962474614e-05 3.24822358379606e-05 3.2342071790481e-05
2.66000897681806e-05 2.6633320885594e-05 2.66665538219968e-05 2.66997849394102e-05 2.67636969510932e-05 2.69196498265956e-05 2.70756045210874e-05 2.72315573965898e-05 2.73875120910816e-05 2.7543464966584e-05 2.76994178420864e-05 2.78553725365782e-05 2.83777208096581e-05 2.90222014882602e-05 2.96666821668623e-05 3.03111628454644e-05 3.09556417050771e-05 3.16001242026687e-05 3.22446030622814e-05 3.28003843605984e-05 3.30900729750283e-05 3.33797615894582e-05 3.36694502038881e-05 3.3959138818318e-05 3.42488274327479e-05 3.45385160471778e-05 3.48282046616077e-05 3.4720687835943e-05 3.44807667715941e-05 3.42408420692664e-05 3.40009210049175e-05 3.37609999405686e-05 3.35210788762197e-05 3.32811578118708e-05 3.306588405394e-05 3.29245522152632e-05 3.27832203765865e-05 3.26418885379098e-05 3.25005603372119e-05 3.23592284985352e-05 3.22178966598585e-05
2.65656253759516e-05 2.65876624325756e-05 2.66096994891996e-05 2.66317347268341e-05 2.66838196694152e-05 2.68260500888573e-05 2.696827868931e-05 2.7110509108752e-05 2.72527395281941e-05 2.73949681286467e-05 2.75371985480888e-05 2.76794271485414e-05 2.82158289337531e-05 2.88836199615616e-05 2.95514091703808e-05 3.02192001981894e-05 3.08869930449873e-05 3.15547804348171e-05 3.22225714626256e-05 3.27973320963793e-05 3.3093001547968e-05 3.33886746375356e-05 3.36843440891244e-05 3.39800135407131e-05 3.42756829923019e-05 3.45713524438906e-05 3.48670218954794e-05 3.47452805726789e-05 3.44844011124223e-05 3.42235216521658e-05 3.39626421919093e-05 3.37017627316527e-05 3.34408832713962e-05 3.31800001731608e-05 3.29487156705e-05 3.2806219678605e-05 3.26637200487312e-05 3.25212204188574e-05 3.23787207889836e-05 3.22362211591098e-05 3.20937215292361e-05
2.65689432126237e-05 2.65826256509172e-05 2.65963080892107e-05 2.66099905275041e-05 2.66493534581969e-05 2.67657542281086e-05 2.68821549980203e-05 2.6998555767932e-05 2.71149565378437e-05 2.72313573077554e-05 2.73477580776671e-05 2.74641588475788e-05 2.80076710623689e-05 2.86935573967639e-05 2.93794419121696e-05 3.00653264275752e-05 3.07512127619702e-05 3.14370954583865e-05 3.21229817927815e-05 3.27112829836551e-05 3.3006836019922e-05 3.3302389056189e-05 3.35979420924559e-05 3.38934951287229e-05 3.41890481649898e-05 3.44846012012567e-05 3.47801542375237e-05 3.46593915310223e-05 3.43998581229243e-05 3.41403210768476e-05 3.38807840307709e-05 3.3621250622673e-05 3.33617135765962e-05 3.31021801684983e-05 3.28693240589928e-05 3.27165180351585e-05 3.25637120113242e-05 3.24109023495112e-05 3.22580963256769e-05 3.21052866638638e-05 3.19524806400295e-05
2.6610039640218e-05 2.66182105406187e-05 2.66263814410195e-05 2.66345523414202e-05 2.66602964984486e-05 2.67387640633387e-05 2.68172298092395e-05 2.68956955551403e-05 2.69741631200304e-05 2.70526288659312e-05 2.71310964308213e-05 2.72095621767221e-05 2.77532508334843e-05 2.84520137938671e-05 2.91507767542498e-05 2.98495397146326e-05 3.05483044940047e-05 3.1247065635398e-05 3.19458304147702e-05 3.2542237022426e-05 3.28315727529116e-05 3.3120912121376e-05 3.34102514898404e-05 3.36995872203261e-05 3.39889265887905e-05 3.42782659572549e-05 3.45676016877405e-05 3.44630207109731e-05 3.42271305271424e-05 3.39912439812906e-05 3.375535379746e-05 3.35194672516081e-05 3.32835770677775e-05 3.30476868839469e-05 3.28277092194185e-05 3.26554509229027e-05 3.24831962643657e-05 3.23109379678499e-05 3.21386833093129e-05 3.19664250127971e-05 3.17941703542601e-05
2.66511360678123e-05 2.66537936113309e-05 2.66564529738389e-05 2.66591123363469e-05 2.66712395387003e-05 2.67117720795795e-05 2.67523046204587e-05 2.6792837161338e-05 2.68333697022172e-05 2.68739022430964e-05 2.69144347839756e-05 2.69549673248548e-05 2.74988306045998e-05 2.82104720099596e-05 2.89221134153195e-05 2.96337530016899e-05 3.03453944070498e-05 3.10570358124096e-05 3.176867539878e-05 3.2373187423218e-05 3.265631312388e-05 3.29394351865631e-05 3.32225572492462e-05 3.35056793119293e-05 3.37888050125912e-05 3.40719270752743e-05 3.43550491379574e-05 3.42666498909239e-05 3.40544065693393e-05 3.38421668857336e-05 3.36299235641491e-05 3.34176802425645e-05 3.32054405589588e-05 3.29931972373743e-05 3.27860907418653e-05 3.25943838106468e-05 3.24026805174071e-05 3.22109735861886e-05 3.20192702929489e-05 3.18275669997092e-05 3.16358600684907e-05
2.66922324954066e-05 2.66893785010325e-05 2.66865263256477e-05 2.6683674150263e-05 2.66821843979415e-05 2.66847819148097e-05 2.6687379431678e-05 2.66899787675356e-05 2.66925762844039e-05 2.66951756202616e-05 2.66977731371298e-05 2.67003706539981e-05 2.72444103757152e-05 2.79689284070628e-05 2.86934482573997e-05 2.94179681077367e-05 3.01424861390842e-05 3.08670059894212e-05 3.15915240207687e-05 3.22041414619889e-05 3.24810498568695e-05 3.27579582517501e-05 3.30348666466307e-05 3.33117750415113e-05 3.35886834363919e-05 3.38655918312725e-05 3.41425002261531e-05 3.40702790708747e-05 3.38816826115362e-05 3.36930897901766e-05 3.35044933308382e-05 3.33158968714997e-05 3.31273040501401e-05 3.29387075908016e-05 3.27444722643122e-05 3.2533316698391e-05 3.23221647704486e-05 3.21110128425062e-05 3.1899857276585e-05 3.16887053486425e-05 3.14775497827213e-05
2.6733328923001e-05 2.6724963390734e-05 2.67165996774565e-05 2.67082341451896e-05 2.66931274381932e-05 2.66577917500399e-05 2.66224560618866e-05 2.65871185547439e-05 2.65517828665907e-05 2.65164471784374e-05 2.64811114902841e-05 2.64457758021308e-05 2.69899901468307e-05 2.77273866231553e-05 2.846478309948e-05 2.9202181394794e-05 2.99395778711187e-05 3.06769761664327e-05 3.14143726427574e-05 3.2035091862781e-05 3.23057865898591e-05 3.25764813169371e-05 3.28471724060364e-05 3.31178671331145e-05 3.33885582222138e-05 3.36592529492918e-05 3.39299476763699e-05 3.38739082508255e-05 3.37089586537331e-05 3.35440090566408e-05 3.33790630975273e-05 3.32141135004349e-05 3.30491639033426e-05 3.2884217944229e-05 3.27028537867591e-05 3.2472253224114e-05 3.224164902349e-05 3.20110484608449e-05 3.1780444260221e-05 3.15498436975759e-05 3.13192394969519e-05
2.67744253505953e-05 2.67605482804356e-05 2.6746671210276e-05 2.67327959591057e-05 2.67040704784449e-05 2.66307997662807e-05 2.65575308731059e-05 2.64842601609416e-05 2.64109894487774e-05 2.63377205556026e-05 2.62644498434383e-05 2.61911809502635e-05 2.67355699179461e-05 2.74858448392479e-05 2.82361197605496e-05 2.89863946818514e-05 2.97366696031531e-05 3.04869445244549e-05 3.1237221264746e-05 3.18660459015518e-05 3.21305233228486e-05 3.23950007441454e-05 3.26594818034209e-05 3.29239592247177e-05 3.31884366460145e-05 3.34529140673112e-05 3.37173951265868e-05 3.36775374307763e-05 3.353623469593e-05 3.33949319610838e-05 3.32536328642163e-05 3.31123301293701e-05 3.29710273945238e-05 3.28297246596776e-05 3.2661235309206e-05 3.24111861118581e-05 3.21611332765315e-05 3.19110840791836e-05 3.1661031243857e-05 3.14109820465092e-05 3.11609292111825e-05
