data/working_set_collections/6091692-Cassins_Sparrow-M2/1990/qinfil_avg.asc
NCOLS 265 
NROWS 230 
XLLCORNER -115.5625 
YLLCORNER 24.8333333333333 
CELLSIZE 0.0833333333333333 
NODATA_value -9999 
[rows 180 to 197 of 230, columns 205 to 245 of 265]
2.26979773287894e-05 2.25772764679277e-05 2.24565774260554e-05 2.23358765651938e-05 2.23141742026201e-05 2.25894709728891e-05 2.28647659241688e-05 2.31400608754484e-05 2.3415355826728e-05 2.36906525969971e-05 2.39659475482767e-05 2.42412424995564e-05 2.47690222749952e-05 2.53809612331679e-05 2.59929001913406e-05 2.66048409685027e-05 2.72167799266754e-05 2.78287188848481e-05 2.84406596620101e-05 2.89913714368595e-05 2.93584016617388e-05 2.97254300676286e-05 3.00924602925079e-05 3.04594905173872e-05 3.0826518923277e-05 3.11935509671457e-05 3.15605793730356e-05 3.19577229674906e-05 3.23649037454743e-05 3.2772084523458e-05 3.31792653014418e-05 3.35864460794255e-05 3.39936268574093e-05 3.4400807635393e-05 3.48335852322634e-05 3.53431460098363e-05 3.58527104253881e-05 3.63622748409398e-05 3.68718356185127e-05 -9999 -9999
2.23653041757643e-05 2.22467879211763e-05 2.21282716665883e-05 2.20097572309896e-05 2.19992980419192e-05 2.23130100494018e-05 2.26267238758737e-05 2.29404377023457e-05 2.32541497098282e-05 2.35678635363001e-05 2.38815755437827e-05 2.41952893702546e-05 2.47335610765731e-05 2.53466841968475e-05 2.59598073171219e-05 2.65729304373963e-05 2.71860535576707e-05 2.77991766779451e-05 2.84122997982195e-05 2.89561921817949e-05 2.92923941742629e-05 2.96285961667309e-05 2.99647981591988e-05 3.03010001516668e-05 3.06372021441348e-05 3.09734059555922e-05 3.13096061290707e-05 3.16358928103e-05 3.19588689308148e-05 3.22818486893084e-05 3.26048248098232e-05 3.29278045683168e-05 3.32507806888316e-05 3.35737604473252e-05 3.39887592417654e-05 3.46798260579817e-05 3.53708965121768e-05 -9999 -9999 -9999 -9999
2.20326292037498e-05 2.19162993744249e-05 2.17999677261105e-05 2.16836360777961e-05 2.1684420062229e-05 2.20365509449039e-05 2.23886818275787e-05 2.27408127102535e-05 2.30929435929283e-05 2.34450744756032e-05 2.3797205358278e-05 2.41493362409528e-05 2.4698099878151e-05 2.53124053415377e-05 2.59267126239138e-05 2.65410199062899e-05 2.7155327188666e-05 2.77696326520527e-05 2.83839399344288e-05 2.89210147457197e-05 2.92263885057764e-05 2.95317622658331e-05 2.98371360258898e-05 3.01425116049359e-05 3.04478853649925e-05 3.07532609440386e-05 3.10586328851059e-05 3.13140590151306e-05 3.15528341161553e-05 3.17916092171799e-05 3.20303843182046e-05 3.22691630572081e-05 3.25079381582327e-05 3.27467132592574e-05 3.31439368892461e-05 -9999 -9999 -9999 -9999 -9999 -9999
2.16999560507247e-05 2.1585809008684e-05 2.14716637856327e-05 2.1357516743592e-05 2.13695439015282e-05 2.1760091840406e-05 2.21506397792837e-05 2.25411895371508e-05 2.29317374760285e-05 2.33222854149062e-05 2.37128351727733e-05 2.41033831116511e-05 2.46626386797288e-05 2.52781283052173e-05 2.58936197496951e-05 2.65091093751835e-05 2.71246008196613e-05 2.77400904451497e-05 2.83555818896275e-05 2.88858354906552e-05 2.91603828372899e-05 2.94349283649353e-05 2.97094757115701e-05 2.99840212392155e-05 3.02585685858503e-05 3.05331159324851e-05 3.08076596411411e-05 3.09922288579401e-05 3.11467993014958e-05 3.13013733830303e-05 3.14559474645648e-05 3.16105179081205e-05 3.1765091989655e-05 -9999 -9999 -9999 -9999 -9999 -9999 -9999 -9999
2.13672828976996e-05 2.12553204619326e-05 2.11433580261655e-05 2.10313955903985e-05 2.1054665921838e-05 2.1483632735908e-05 2.19125977309886e-05 2.23415645450586e-05 2.27705313591287e-05 2.31994963542093e-05 2.36284631682793e-05 2.40574299823493e-05 2.46271774813067e-05 2.52438512688968e-05 2.5860525056487e-05 2.64771988440771e-05 2.70938726316672e-05 2.77105482382467e-05 2.83272220258368e-05 2.88506562355906e-05 2.90943753498141e-05 2.93380944640376e-05 2.95818135782611e-05 2.98255326924846e-05 3.00692499877186e-05 -9999 -9999 3.06703950627707e-05 3.07407644868363e-05 3.08111375488807e-05 3.08815069729462e-05 -9999 -9999 -9999 -9999 -9999 -9999 -9999 -9999 -9999 -9999
2.10346097446745e-05 2.09248319151811e-05 2.08150540856877e-05 2.07052762561943e-05 2.07397897611372e-05 2.12071736314101e-05 2.1674557501683e-05 2.21419413719559e-05 2.26093252422288e-05 2.30767091125017e-05 2.35440929827746e-05 2.40114768530475e-05 2.45917162828846e-05 2.52095742325764e-05 2.58274321822682e-05 2.64452883129707e-05 2.70631462626625e-05 2.76810042123543e-05 2.82988621620461e-05 2.88154787995154e-05 2.90283696813276e-05 2.92412605631398e-05 2.9454151444952e-05 2.96670423267642e-05 -9999 -9999 -9999 -9999 3.03347314911662e-05 -9999 -9999 -9999 -9999 -9999 -9999 -9999 -9999 -9999 -9999 -9999 -9999
2.08481233130442e-05 2.07285793294432e-05 2.06090371648315e-05 2.04894950002199e-05 2.05224514502333e-05 2.1012903744122e-05 2.15033560380107e-05 2.19938101508887e-05 2.24842624447774e-05 2.29747147386661e-05 2.34651670325547e-05 2.39556211454328e-05 2.45344708673656e-05 2.51427882176358e-05 2.57511055679061e-05 2.63594210991869e-05 2.69677384494571e-05 2.75760539807379e-05 2.81843713310082e-05 2.86921913357219e-05 2.88985193037661e-05 2.91048490907997e-05 2.93111770588439e-05 2.95175068458775e-05 2.97238348139217e-05 -9999 -9999 -9999 -9999 -9999 -9999 -9999 -9999 -9999 -9999 -9999 -9999 -9999 -9999 -9999 -9999
2.08078236028086e-05 2.06665663426975e-05 2.05253090825863e-05 2.03840518224752e-05 2.04026509891264e-05 2.09008248930331e-05 2.13989969779504e-05 2.18971708818572e-05 2.23953429667745e-05 2.28935168706812e-05 2.33916889555985e-05 2.38898628595052e-05 2.44554430537391e-05 2.50434950430645e-05 2.56315452134004e-05 2.62195953837363e-05 2.68076473730616e-05 2.73956975433975e-05 2.79837477137335e-05 2.84807956631994e-05 2.87048278551083e-05 2.89288600470172e-05 2.91528922389261e-05 2.93769244308351e-05 -9999 -9999 -9999 -9999 -9999 -9999 -9999 -9999 -9999 -9999 -9999 -9999 -9999 -9999 -9999 -9999 -9999
2.07675238925731e-05 2.06045515369624e-05 2.04415810003411e-05 2.02786086447304e-05 2.02828523470089e-05 2.07887460419443e-05 2.12946379178902e-05 2.18005316128256e-05 2.23064253077609e-05 2.28123190026963e-05 2.33182108786423e-05 2.38241045735776e-05 2.43764170591021e-05 2.49442018684931e-05 2.55119866778841e-05 2.60797714872751e-05 2.66475562966662e-05 2.72153411060572e-05 2.77831259154482e-05 2.82693981716875e-05 2.85111345874611e-05 -9999 -9999 2.9236343834782e-05 -9999 -9999 -9999 -9999 -9999 -9999 -9999 -9999 -9999 -9999 -9999 -9999 -9999 -9999 -9999 -9999 -9999
2.07272260013269e-05 2.05425385502167e-05 2.03578510991065e-05 2.01731654669857e-05 2.01630537048914e-05 2.06766671908554e-05 2.11902806768194e-05 2.17038941627834e-05 2.2217505829758e-05 2.2731119315722e-05 2.3244732801686e-05 2.37583462876501e-05 2.42973892454756e-05 2.48449086939218e-05 2.53924263233785e-05 2.59399457718246e-05 2.64874652202707e-05 2.70349846687168e-05 2.75825022981735e-05 2.8058002499165e-05 2.8317441319814e-05 2.85768819594523e-05 -9999 -9999 -9999 -9999 -9999 -9999 -9999 -9999 -9999 -9999 -9999 -9999 -9999 -9999 -9999 -9999 -9999 -9999 -9999
2.06869262910914e-05 2.0480525563471e-05 2.02741230168613e-05 2.00677222892409e-05 2.00432550627738e-05 2.05645883397665e-05 2.10859216167592e-05 2.16072548937518e-05 2.21285881707445e-05 2.26499214477371e-05 2.31712547247298e-05 2.36925880017225e-05 2.42183614318492e-05 2.47456155193504e-05 2.52728677878622e-05 2.5800120056374e-05 2.63273741438752e-05 -9999 -9999 2.78466068266425e-05 -9999 -9999 -9999 -9999 -9999 -9999 -9999 -9999 -9999 -9999 -9999 -9999 -9999 -9999 -9999 -9999 -9999 -9999 -9999 -9999 -9999
2.06466265808558e-05 2.04185107577359e-05 2.01903949346161e-05 1.99622791114962e-05 1.99234546016669e-05 2.04525094886776e-05 2.09815625566989e-05 2.15106156247202e-05 2.20396686927415e-05 2.25687235797523e-05 2.30977766477736e-05 2.36268297157949e-05 2.41393336182227e-05 2.46463205257896e-05 2.51533092523459e-05 2.56602961599128e-05 2.61672830674797e-05 -9999 -9999 -9999 -9999 -9999 -9999 -9999 -9999 -9999 -9999 -9999 -9999 -9999 -9999 -9999 -9999 -9999 -9999 -9999 -9999 -9999 -9999 -9999 -9999
2.06028889806475e-05 2.03765321202809e-05 2.01501770789037e-05 1.99238220375264e-05 1.98852048924891e-05 2.040980689344e-05 2.09344088943908e-05 2.14590090763522e-05 2.19836110773031e-05 2.25082130782539e-05 2.30328132602153e-05 2.35574152611662e-05 2.39961555053014e-05 2.44062739511719e-05 2.48163923970424e-05 2.52265108429128e-05 2.56366292887833e-05 -9999 -9999 -9999 -9999 -9999 -9999 -9999 -9999 -9999 -9999 -9999 -9999 -9999 -9999 -9999 -9999 -9999 -9999 -9999 -9999 -9999 -9999 -9999 -9999
2.05557098524878e-05 2.03545896511059e-05 2.01534712687135e-05 1.99523510673316e-05 1.99285059352405e-05 2.0436482373043e-05 2.09444588108454e-05 2.14524370676372e-05 2.19604135054396e-05 2.24683899432421e-05 2.29763663810445e-05 2.34843446378363e-05 2.37888234551065e-05 2.40254721575184e-05 2.42621190409409e-05 2.44987659243634e-05 -9999 -9999 -9999 -9999 -9999 -9999 -9999 -9999 -9999 -9999 -9999 -9999 -9999 -9999 -9999 -9999 -9999 -9999 -9999 -9999 -9999 -9999 -9999 -9999 -9999
2.05085325433174e-05 2.0332647181931e-05 2.01567636395339e-05 1.99808800971368e-05 1.99718051590025e-05 2.0463157852646e-05 2.09545105462894e-05 2.14458632399328e-05 2.19372159335762e-05 2.24285686272196e-05 2.29199195018737e-05 2.34112721955171e-05 2.35814932239009e-05 2.36446685448755e-05 -9999 -9999 -9999 -9999 -9999 -9999 -9999 -9999 -9999 -9999 -9999 -9999 -9999 -9999 -9999 -9999 -9999 -9999 -9999 -9999 -9999 -9999 -9999 -9999 -9999 -9999 -9999
2.04613534151576e-05 2.0310704712756e-05 2.01600578293437e-05 2.0009409126942e-05 2.0015106201754e-05 2.0489833332249e-05 2.09645622817334e-05 2.14392894122284e-05 2.19140165427234e-05 2.23887454922078e-05 2.28634726227028e-05 2.33382015721872e-05 2.33741611737059e-05 2.32638667512219e-05 -9999 -9999 -9999 -9999 -9999 -9999 -9999 -9999 -9999 -9999 -9999 -9999 -9999 -9999 -9999 -9999 -9999 -9999 -9999 -9999 -9999 -9999 -9999 -9999 -9999 -9999 -9999
2.04141742869979e-05 2.0288762243581e-05 2.01633502001641e-05 2.00379381567473e-05 2.0058405425516e-05 2.0516508811852e-05 2.0974612198188e-05 2.1432715584524e-05 2.189081897086e-05 2.2348922357196e-05 2.2807025743532e-05 2.3265129129868e-05 2.31668309425004e-05 2.28830649575684e-05 -9999 2.23155311687151e-05 -9999 -9999 -9999 -9999 -9999 -9999 -9999 -9999 -9999 -9999 -9999 -9999 -9999 -9999 -9999 -9999 -9999 -9999 -9999 -9999 -9999 -9999 -9999 -9999 -9999
2.03669969778275e-05 2.0266819774406e-05 2.0166644389974e-05 2.00664690055419e-05 2.01017064682674e-05 2.0543184291455e-05 2.0984663933632e-05 2.14261417568196e-05 2.18676213989966e-05 2.23091010411736e-05 2.27505788643612e-05 2.31920585065382e-05 2.29594988923054e-05 2.25022613449255e-05 -9999 -9999 -9999 -9999 -9999 -9999 -9999 -9999 -9999 -9999 -9999 -9999 -9999 -9999 -9999 -9999 -9999 -9999 -9999 -9999 -9999 -9999 -9999 -9999 -9999 -9999 -9999
