data/working_set_collections/6091692-Cassins_Sparrow-M2/1990/qinfil_avg.asc
NCOLS 265 
NROWS 230 
XLLCORNER -115.5625 
YLLCORNER 24.8333333333333 
CELLSIZE 0.0833333333333333 
NODATA_value -9999 
[rows 90 to 107 of 230, columns 205 to 245 of 265]
2.15656364161987e-05 2.15461004700046e-05 2.15265645238105e-05 2.15070285776164e-05 2.15777345147217e-05 2.19191642827354e-05 2.22605940507492e-05 2.2602023818763e-05 2.29434535867767e-05 2.32848833547905e-05 2.36263149417937e-05 2.39677447098074e-05 2.43052727455506e-05 2.46414983848808e-05 2.49777258432005e-05 2.53139514825307e-05 2.56501789408503e-05 2.59864063991699e-05 2.63226320385002e-05 2.66419756371761e-05 2.69106731138891e-05 2.71793687716126e-05 2.74480662483256e-05 2.77167619060492e-05 2.79854593827622e-05 2.82541550404858e-05 2.85228506982094e-05 2.87605871562846e-05 2.89880008494947e-05 2.92154163616942e-05 2.94428300549043e-05 2.96702437481144e-05 2.9897659260314e-05 3.01250729535241e-05 3.02670341625344e-05 3.0152636099956e-05 3.00382380373776e-05 2.99238399747992e-05 2.98094400932314e-05 2.9695042030653e-05 2.95806439680746e-05
2.17642937059281e-05 2.18180666706758e-05 2.18718396354234e-05 2.1925612600171e-05 2.20514975808328e-05 2.23937167902477e-05 2.27359359996626e-05 2.30781552090775e-05 2.34203744184924e-05 2.37625936279073e-05 2.41048128373222e-05 2.44470320467371e-05 2.47660227614688e-05 2.50772700383095e-05 2.53885191341396e-05 2.56997664109804e-05 2.60110155068105e-05 2.63222627836512e-05 2.6633510060492e-05 2.69289648713311e-05 2.71770368271973e-05 2.74251087830635e-05 2.76731807389297e-05 2.79212526947958e-05 2.8169324650662e-05 2.84173966065282e-05 2.86654685623944e-05 2.88989322143607e-05 2.91275300696725e-05 2.93561261059949e-05 2.95847221423173e-05 2.98133181786397e-05 3.00419142149622e-05 3.02705102512846e-05 3.04103778034914e-05 3.02840599033516e-05 3.01577420032118e-05 3.00314222840825e-05 2.99051043839427e-05 2.97787846648134e-05 2.96524667646736e-05
2.1962952814647e-05 2.20900328713469e-05 2.22171147470362e-05 2.23441966227256e-05 2.25252588279545e-05 2.28682674787706e-05 2.32112761295866e-05 2.35542847804027e-05 2.38972934312187e-05 2.42403020820348e-05 2.45833107328508e-05 2.49263193836669e-05 2.52267727773869e-05 2.55130416917382e-05 2.57993124250788e-05 2.60855813394301e-05 2.63718502537813e-05 2.66581191681325e-05 2.69443899014732e-05 2.72159541054862e-05 2.74434005405055e-05 2.76708469755249e-05 2.78982952295337e-05 2.81257416645531e-05 2.83531899185618e-05 2.85806363535812e-05 2.880808460759e-05 2.90372790914262e-05 2.92670574708609e-05 2.94968358502956e-05 2.97266142297303e-05 2.9956392609165e-05 3.01861709885998e-05 3.04159475490451e-05 3.05537214444485e-05 3.04154837067472e-05 3.02772441500565e-05 3.01390064123552e-05 3.00007668556646e-05 2.98625291179633e-05 2.97242895612726e-05
2.21616101043765e-05 2.23620008910075e-05 2.25623898586491e-05 2.27627806452801e-05 2.29990218940657e-05 2.33428199862828e-05 2.36866180785e-05 2.40304161707172e-05 2.4374212443945e-05 2.47180105361622e-05 2.50618086283794e-05 2.54056049016071e-05 2.56875227933051e-05 2.59488133451669e-05 2.6210105716018e-05 2.64713962678798e-05 2.67326868197415e-05 2.69939773716033e-05 2.7255267923465e-05 2.75029415206518e-05 2.77097642538138e-05 2.79165869869757e-05 2.81234097201377e-05 2.83302324532997e-05 2.85370551864617e-05 2.87438779196236e-05 2.89507006527856e-05 2.91756259684917e-05 2.94065866910387e-05 2.96375455945963e-05 2.98685063171433e-05 3.0099465220701e-05 3.0330425943248e-05 3.0561386665795e-05 3.06970650854055e-05 3.05469075101428e-05 3.03967481158907e-05 3.02465887216385e-05 3.00964311463758e-05 2.99462717521237e-05 2.97961123578716e-05
2.23602692130953e-05 2.26339670916786e-05 2.29076667892514e-05 2.31813646678347e-05 2.34727849601768e-05 2.38173724937951e-05 2.41619600274134e-05 2.45065457420424e-05 2.48511332756607e-05 2.51957189902896e-05 2.55403065239079e-05 2.58848922385368e-05 2.61482728092233e-05 2.63845849985955e-05 2.66208971879678e-05 2.685720937734e-05 2.70935215667123e-05 2.73298337560846e-05 2.75661459454568e-05 2.77899307548068e-05 2.7976127967122e-05 2.81623269984266e-05 2.83485242107417e-05 2.85347214230569e-05 2.87209204543615e-05 2.89071176666766e-05 2.90933166979812e-05 2.93139728455571e-05 2.95461140922271e-05 2.9778255338897e-05 3.00103984045563e-05 3.02425396512263e-05 3.04746808978962e-05 3.07068221445661e-05 3.08404087263625e-05 3.0678329494549e-05 3.05162520817248e-05 3.03541728499113e-05 3.01920936180977e-05 3.00300143862842e-05 2.98679351544706e-05
2.25589265028248e-05 2.29059351113392e-05 2.32529419008642e-05 2.35999486903893e-05 2.39465480262879e-05 2.42919250013074e-05 2.46373001573374e-05 2.49826771323569e-05 2.5328052288387e-05 2.5673427444417e-05 2.60188044194365e-05 2.63641795754666e-05 2.66090246441308e-05 2.68203584710136e-05 2.7031690478907e-05 2.72430243057897e-05 2.74543581326725e-05 2.76656919595553e-05 2.7877025786438e-05 2.80769181699725e-05 2.82424916804302e-05 2.8408065190888e-05 2.85736387013458e-05 2.87392122118035e-05 2.89047857222613e-05 2.90703592327191e-05 2.92359327431768e-05 2.94523197226226e-05 2.96856433124049e-05 2.99189669021871e-05 3.01522904919693e-05 3.03856140817516e-05 3.06189358525444e-05 3.0852261261316e-05 3.09837523673195e-05 3.0809755116934e-05 3.06357542285696e-05 3.0461756978184e-05 3.02877560898196e-05 3.01137570204446e-05 2.99397579510696e-05
2.28118515224196e-05 2.31861231441144e-05 2.35603947658092e-05 2.3934666387504e-05 2.43011363636469e-05 2.46442014031345e-05 2.49872664426221e-05 2.53303314821096e-05 2.56733947026078e-05 2.60164597420953e-05 2.63595247815829e-05 2.67025898210704e-05 2.6942225304083e-05 2.71473872999195e-05 2.73525474767666e-05 2.75577076536138e-05 2.77628678304609e-05 2.79680298262974e-05 2.81731900031446e-05 2.83642548311036e-05 2.85130354313878e-05 2.86618142126827e-05 2.88105929939775e-05 2.89593735942617e-05 2.91081523755565e-05 2.92569311568514e-05 2.94057117571356e-05 2.96150301437592e-05 2.98445302178152e-05 3.00740284728818e-05 3.03035285469377e-05 3.05330286209937e-05 3.07625268760603e-05 3.09920251311269e-05 3.11203475575894e-05 3.09451388602611e-05 3.07699301629327e-05 3.05947214656044e-05 3.0419512768276e-05 3.02443040709477e-05 3.00690953736193e-05
2.3119040633901e-05 2.34745330089936e-05 2.38300253840862e-05 2.41855177591788e-05 2.45365499722539e-05 2.48742035182659e-05 2.52118570642779e-05 2.55495087913005e-05 2.58871623373125e-05 2.62248158833245e-05 2.65624676103471e-05 2.69001211563591e-05 2.71478802460479e-05 2.73656733043026e-05 2.75834663625574e-05 2.78012612398015e-05 2.80190542980563e-05 2.8236847356311e-05 2.84546422335552e-05 2.86519407382002e-05 2.87877574010054e-05 2.89235722448211e-05 2.90593889076263e-05 2.91952055704314e-05 2.93310204142472e-05 2.94668370770523e-05 2.96026519208681e-05 2.98021077469457e-05 3.00227766274475e-05 3.02434455079492e-05 3.0464114388451e-05 3.06847832689527e-05 3.09054521494545e-05 3.11261210299563e-05 3.12501942971721e-05 3.10844880004879e-05 3.09187780658249e-05 3.07530717691407e-05 3.05873618344776e-05 3.0421653718804e-05 3.02559456031304e-05
2.34262315643718e-05 2.37629446928622e-05 2.40996578213526e-05 2.44363691308536e-05 2.47719635808608e-05 2.51042056333972e-05 2.54364458669443e-05 2.57686879194807e-05 2.61009281530278e-05 2.64331702055642e-05 2.67654104391113e-05 2.70976524916478e-05 2.73535333690234e-05 2.75839593086857e-05 2.78143870673375e-05 2.80448130069999e-05 2.82752389466623e-05 2.85056667053141e-05 2.87360926449765e-05 2.89396266452968e-05 2.90624793706229e-05 2.9185332095949e-05 2.93081830022857e-05 2.94310357276117e-05 2.95538884529378e-05 2.96767411782639e-05 2.979959390359e-05 2.99891853501322e-05 3.02010230370797e-05 3.04128625430167e-05 3.06246984109748e-05 3.08365379169118e-05 3.10483774228487e-05 3.12602132908069e-05 3.13800410367548e-05 3.12238335027359e-05 3.1067625968717e-05 3.09114184346981e-05 3.07552109006792e-05 3.05990033666603e-05 3.04427958326414e-05
2.37334224948427e-05 2.40513545577414e-05 2.43692884396296e-05 2.46872205025284e-05 2.50073790084571e-05 2.53342077485286e-05 2.56610364886001e-05 2.5987867047661e-05 2.63146957877325e-05 2.6641524527804e-05 2.69683550868649e-05 2.72951838269364e-05 2.75591864919988e-05 2.78022453130689e-05 2.80453059531283e-05 2.82883647741983e-05 2.85314254142577e-05 2.87744860543171e-05 2.90175448753871e-05 2.92273125523934e-05 2.93372013402404e-05 2.94470901280874e-05 2.95569789159345e-05 2.96668677037815e-05 2.97767564916285e-05 2.98866452794755e-05 2.99965340673225e-05 3.01762629533187e-05 3.0379269446712e-05 3.05822795780841e-05 3.07852860714775e-05 3.09882925648708e-05 3.11912990582641e-05 3.13943091896363e-05 3.15098877763376e-05 3.1363179004984e-05 3.12164738716092e-05 3.10697651002556e-05 3.09230599668808e-05 3.07763511955272e-05 3.06296460621525e-05
2.40406116063241e-05 2.433976624161e-05 2.46389190579066e-05 2.49380718742032e-05 2.5242792617064e-05 2.55642098636599e-05 2.58856271102559e-05 2.62070443568518e-05 2.65284616034478e-05 2.68498806690332e-05 2.71712979156291e-05 2.74927151622251e-05 2.77648396149743e-05 2.80205331364414e-05 2.8276224838919e-05 2.8531918360386e-05 2.87876118818531e-05 2.90433035843307e-05 2.92989971057978e-05 2.951499845949e-05 2.9611923309858e-05 2.97088481602259e-05 2.98057748295832e-05 2.99026996799512e-05 2.99996245303191e-05 3.00965511996765e-05 3.01934760500444e-05 3.03633405565051e-05 3.05575158563443e-05 3.07516929751728e-05 3.09458700940013e-05 3.11400472128298e-05 3.13342243316583e-05 3.15284014504869e-05 3.16397345159203e-05 3.15025281452108e-05 3.13653217745014e-05 3.12281154037919e-05 3.10909090330824e-05 3.0953702662373e-05 3.08164962916635e-05
2.43478025367949e-05 2.46281761064893e-05 2.49085496761836e-05 2.5188923245878e-05 2.54782062256709e-05 2.57942119787913e-05 2.61102177319117e-05 2.64262234850321e-05 2.67422292381525e-05 2.70582349912729e-05 2.73742407443933e-05 2.76902464975137e-05 2.79704927379498e-05 2.82388191408245e-05 2.85071455436992e-05 2.87754701275844e-05 2.90437965304591e-05 2.93121229333337e-05 2.9580447517219e-05 2.98026825475972e-05 2.98866452794755e-05 2.99706080113538e-05 3.00545689242426e-05 3.01385316561209e-05 3.02224925690098e-05 3.0306455300888e-05 3.03904162137769e-05 3.05504181596916e-05 3.07357622659765e-05 3.09211100102402e-05 3.11064577545039e-05 3.12918018607888e-05 3.14771496050525e-05 3.16624973493163e-05 3.1769581255503e-05 3.16418736474589e-05 3.15141696773935e-05 3.13864620693494e-05 3.1258758099284e-05 3.11310504912399e-05 3.10033465211745e-05
2.46552353928564e-05 2.49190015892964e-05 2.51827677857364e-05 2.54465339821763e-05 2.57212504948257e-05 2.60288252320606e-05 2.63363981503062e-05 2.66439728875412e-05 2.69515458057867e-05 2.72591205430217e-05 2.75666934612673e-05 2.78742681985023e-05 2.81626889773179e-05 2.84447251033271e-05 2.87267612293363e-05 2.90087973553455e-05 2.9290835300344e-05 2.95728714263532e-05 2.98549075523624e-05 3.00877873087302e-05 3.01731943181949e-05 3.02586013276596e-05 3.03440083371243e-05 3.04294171655783e-05 3.0514824175043e-05 3.06002330034971e-05 3.06856381939724e-05 3.0835006327834e-05 3.10056893795263e-05 3.11763760691974e-05 3.13470627588686e-05 3.15177494485397e-05 3.1688432500232e-05 3.18591191899031e-05 3.19543323712423e-05 3.18231323035434e-05 3.16919285978656e-05 3.15607248921879e-05 3.14295248244889e-05 3.12983211188111e-05 3.11671210511122e-05
2.4962911993498e-05 2.5212240871042e-05 2.5461569748586e-05 2.57109004451195e-05 2.59719272435177e-05 2.6268049623468e-05 2.65641701844288e-05 2.6860292564379e-05 2.71564131253399e-05 2.74525355052901e-05 2.7748656066251e-05 2.80447784462012e-05 2.83414265140891e-05 2.86382510239491e-05 2.89350755338091e-05 2.92319000436692e-05 2.95287245535292e-05 2.98255508823786e-05 3.01223753922386e-05 3.03703091049101e-05 3.04715704260161e-05 3.05728317471221e-05 3.06740948872175e-05 3.07753543893341e-05 3.08766175294295e-05 3.09778806695249e-05 3.10791401716415e-05 3.12171032419428e-05 3.13672971969936e-05 3.15174911520444e-05 3.16676851070952e-05 3.18178827001248e-05 3.19680766551755e-05 3.21182706102263e-05 3.21939915011171e-05 3.20462968375068e-05 3.18986021738965e-05 3.17509075102862e-05 3.16032092086971e-05 3.14555145450868e-05 3.13078198814765e-05
2.52705867751502e-05 2.55054801527876e-05 2.57403735304251e-05 2.59752669080626e-05 2.62226058111992e-05 2.65072740148753e-05 2.67919422185514e-05 2.70766122412169e-05 2.73612804448931e-05 2.76459504675586e-05 2.79306186712347e-05 2.82152868749108e-05 2.85201640508603e-05 2.88317769445712e-05 2.9143389838282e-05 2.94550027319929e-05 2.97666156257037e-05 3.00782285194146e-05 3.03898414131254e-05 3.06528309010901e-05 3.07699483528268e-05 3.08870621665847e-05 3.10041796183214e-05 3.11212934320793e-05 3.1238410883816e-05 3.13555283355527e-05 3.14726421493106e-05 3.15992001560517e-05 3.17289050144609e-05 3.18586062348913e-05 3.19883110933006e-05 3.21180159517098e-05 3.22477171721403e-05 3.23774220305495e-05 3.24336542689707e-05 3.2269465009449e-05 3.21052757499274e-05 3.19410864904057e-05 3.17768972308841e-05 3.16127079713624e-05 3.14485187118407e-05
2.55782615568023e-05 2.57987194345333e-05 2.60191773122642e-05 2.62396351899952e-05 2.64732825598912e-05 2.67464984062826e-05 2.7019714252674e-05 2.72929319180548e-05 2.75661477644462e-05 2.7839365429827e-05 2.81125812762184e-05 2.83857971226098e-05 2.8698903406621e-05 2.90253028651932e-05 2.93517041427549e-05 2.96781054203166e-05 3.00045066978782e-05 3.03309079754399e-05 3.06573092530016e-05 3.093535269727e-05 3.1068324460648e-05 3.12012925860472e-05 3.13342643494252e-05 3.14672324748244e-05 3.16002042382024e-05 3.17331760015804e-05 3.18661441269796e-05 3.19812970701605e-05 3.20905091939494e-05 3.21997213177383e-05 3.2308937079506e-05 3.24181492032949e-05 3.25273613270838e-05 3.26365734508727e-05 3.26733133988455e-05 3.24926295434125e-05 3.23119456879795e-05 3.21312654705252e-05 3.19505816150922e-05 3.17698977596592e-05 3.1589217542205e-05
2.58859381574439e-05 2.60919587162789e-05 2.62979810941033e-05 2.65040016529383e-05 2.67239593085833e-05 2.698572279769e-05 2.72474862867966e-05 2.75092515948927e-05 2.77710150839994e-05 2.8032778573106e-05 2.82945438812021e-05 2.85563073703088e-05 2.88776409433922e-05 2.92188306048047e-05 2.95600184472278e-05 2.99012081086403e-05 3.02423977700528e-05 3.05835856124759e-05 3.09247770928778e-05 3.12178744934499e-05 3.13667005684692e-05 3.15155230055097e-05 3.16643490805291e-05 3.18131715175696e-05 3.19619975925889e-05 3.21108236676082e-05 3.22596461046487e-05 3.23633939842694e-05 3.24521170114167e-05 3.25408364005852e-05 3.26295594277326e-05 3.271828245488e-05 3.28070054820273e-05 3.28957248711959e-05 3.29129725287203e-05 3.27157977153547e-05 3.25186192640103e-05 3.23214444506448e-05 3.21242659993004e-05 3.19270911859348e-05 3.17299163725693e-05
2.61936129390961e-05 2.63851979980245e-05 2.6576783056953e-05 2.67683699348709e-05 2.69746360572753e-05 2.72249471890973e-05 2.74752601399086e-05 2.77255712717306e-05 2.79758824035525e-05 2.82261935353745e-05 2.84765064861858e-05 2.87268176180078e-05 2.90563784801634e-05 2.94123565254267e-05 2.97683327517007e-05 3.0124310796964e-05 3.04802888422273e-05 3.08362650685012e-05 3.1192244932754e-05 3.15003962896299e-05 3.16650766762905e-05 3.18297534249723e-05 3.19944338116329e-05 3.21591105603147e-05 3.23237909469754e-05 3.2488471333636e-05 3.26531480823178e-05 3.27454908983782e-05 3.28137211909052e-05 3.2881955121411e-05 3.2950185413938e-05 3.3018415706465e-05 3.3086645998992e-05 3.3154876291519e-05 3.31526316585951e-05 3.29389622493181e-05 3.27252928400412e-05 3.25116234307643e-05 3.22979540214874e-05 3.20842846122105e-05 3.18706152029335e-05
