data/working_set_collections/6091692-Cassins_Sparrow-M2/1990/rzmc_avg.asc
NCOLS 265 
NROWS 230 
XLLCORNER -115.5625 
YLLCORNER 24.8333333333333 
CELLSIZE 0.0833333333333333 
NODATA_value -9999 
[rows 80 to 99 of 230, columns 176 to 219 of 265]
0.156826689839363 0.157094031572342 0.15736135840416 0.157864183187485 0.159073457121849 0.160282716155052 0.161491990089417 0.162701264023781 0.163910537958145 0.165119796991348 0.166329070925713 0.167917713522911 0.169632822275162 0.171347931027412 0.173063024878502 0.174778133630753 0.176493242383003 0.178208336234093 0.179965510964394 0.181848883628845 0.183732241392136 0.185615614056587 0.187498986721039 0.189382344484329 0.191265717148781 0.193149089813232 0.19330233335495 0.192878872156143 0.192455396056175 0.192031934857368 0.191608473658562 0.191185012459755 0.190761536359787 0.190785869956017 0.192153543233871 0.193521216511726 0.194888889789581 0.196256563067436 0.197624251246452 0.198991924524307 0.200359597802162 0.20123128592968 0.201937630772591 0.202643990516663
0.15895813703537 0.159167587757111 0.159377038478851 0.159782573580742 0.16077633202076 0.161770090460777 0.162763848900795 0.163757592439651 0.164751350879669 0.165745109319687 0.166738867759705 0.168124303221703 0.169640302658081 0.17115630209446 0.172672301530838 0.174188300967216 0.175704300403595 0.177220299839973 0.178768590092659 0.180413737893105 0.18205888569355 0.183704033493996 0.185349181294441 0.186994329094887 0.188639476895332 0.190284624695778 0.190464213490486 0.190155282616615 0.189846366643906 0.189537435770035 0.189228519797325 0.188919588923454 0.188610672950745 0.188723623752594 0.190102234482765 0.191480860114098 0.192859470844269 0.19423808157444 0.195616692304611 0.196995303034782 0.198373913764954 0.199400991201401 0.200310885906219 0.201220780611038
0.161089569330215 0.161241143941879 0.161392718553543 0.161700963973999 0.16247920691967 0.163257449865341 0.164035692811012 0.164813935756683 0.165592178702354 0.166370421648026 0.167148664593697 0.168330892920494 0.169647797942162 0.170964688062668 0.172281578183174 0.17359846830368 0.174915373325348 0.176232263445854 0.177571669220924 0.178978592157364 0.180385515093803 0.181792438030243 0.183199375867844 0.184606298804283 0.186013221740723 0.187420144677162 0.187626093626022 0.187431707978249 0.187237322330475 0.187042951583862 0.186848565936089 0.186654180288315 0.186459794640541 0.186661392450333 0.18805094063282 0.189440488815308 0.190830036997795 0.192219585180283 0.19360913336277 0.194998681545258 0.196388229727745 0.197570696473122 0.198684126138687 0.199797555804253
0.163221016526222 0.163314700126648 0.163408398628235 0.163619354367256 0.164182081818581 0.164744809269905 0.16530753672123 0.165870279073715 0.16643300652504 0.166995733976364 0.167558461427689 0.168537482619286 0.169655278325081 0.170773074030876 0.17189085483551 0.173008650541306 0.17412643134594 0.175244227051735 0.176374733448029 0.177543446421623 0.178712144494057 0.179880857467651 0.181049570441246 0.18221826851368 0.183386981487274 0.184555679559708 0.184787973761559 0.184708133339882 0.184628292918205 0.184548452496529 0.184468612074852 0.184388771653175 0.184308916330338 0.184599161148071 0.185999646782875 0.187400132417679 0.188800603151321 0.190201088786125 0.191601574420929 0.193002060055733 0.194402545690536 0.195740386843681 0.197057366371155 0.198374345898628
0.164378330111504 0.164434090256691 0.164489850401878 0.164643719792366 0.165091916918755 0.165540128946304 0.165988326072693 0.166436538100243 0.166884735226631 0.16733293235302 0.167781144380569 0.168644174933434 0.169645488262177 0.17064680159092 0.171648114919662 0.172649428248405 0.173650741577148 0.174652054905891 0.175678372383118 0.176779687404633 0.177881002426147 0.178982317447662 0.180083632469177 0.181184947490692 0.182286262512207 0.183387577533722 0.183645620942116 0.183622568845749 0.183599516749382 0.183576464653015 0.183553427457809 0.183530375361443 0.183507323265076 0.183837667107582 0.18522821366787 0.186618745326996 0.188009276986122 0.189399808645248 0.190790355205536 0.192180886864662 0.193571418523788 0.195040509104729 0.196535781025887 0.198031052947044
0.164561524987221 0.164599299430847 0.164637073874474 0.164774060249329 0.165208727121353 0.165643393993378 0.166078045964241 0.166512712836266 0.16694737970829 0.167382031679153 0.167816698551178 0.168650969862938 0.16961844265461 0.17058590054512 0.171553373336792 0.172520846128464 0.173488318920135 0.174455776810646 0.175482571125031 0.176687330007553 0.177892073988914 0.179096832871437 0.180301576852798 0.18150632083416 0.182711079716682 0.183915823698044 0.184199020266533 0.18417501449585 0.184151008725166 0.184127002954483 0.1841029971838 0.184079006314278 0.184055000543594 0.184376925230026 0.185736626386642 0.18709634244442 0.188456043601036 0.189815744757652 0.19117546081543 0.192535161972046 0.193894863128662 0.195471033453941 0.197119355201721 0.198767676949501
0.164744734764099 0.164764508605003 0.164784297347069 0.164904400706291 0.165325522422791 0.16574664413929 0.166167765855789 0.166588887572289 0.167010009288788 0.167431131005287 0.167852252721786 0.168657749891281 0.169591382145882 0.170524999499321 0.171458631753922 0.172392249107361 0.173325881361961 0.174259498715401 0.175286769866943 0.176594957709312 0.177903145551682 0.179211333394051 0.18051952123642 0.181827709078789 0.183135896921158 0.184444084763527 0.184752404689789 0.18472746014595 0.184702500700951 0.184677541255951 0.184652581810951 0.184627622365952 0.184602677822113 0.184916168451309 0.186245054006577 0.187573924660683 0.18890281021595 0.190231680870056 0.191560566425323 0.19288943707943 0.194218322634697 0.195901557803154 0.197702929377556 0.199504300951958
0.164927929639816 0.16492971777916 0.164931520819664 0.165034756064415 0.165442332625389 0.165849909186363 0.166257500648499 0.166665077209473 0.167072653770447 0.167480230331421 0.167887806892395 0.168664544820786 0.169564321637154 0.170464098453522 0.171363890171051 0.172263666987419 0.173163443803787 0.174063220620155 0.175090968608856 0.176502585411072 0.177914217114449 0.179325833916664 0.180737465620041 0.182149082422256 0.183560714125633 0.184972330927849 0.185305804014206 0.185279905796051 0.185253992676735 0.185228079557419 0.185202166438103 0.185176253318787 0.185150355100632 0.185455426573753 0.186753481626511 0.188051521778107 0.189349576830864 0.19064761698246 0.191945672035217 0.193243712186813 0.194541767239571 0.196332082152367 0.19828650355339 0.200240924954414
0.165111124515533 0.165094926953316 0.165078729391098 0.165165096521378 0.165559142827988 0.165953174233437 0.166347220540047 0.166741251945496 0.167135298252106 0.167529329657555 0.167923375964165 0.168671324849129 0.169537261128426 0.170403197407722 0.171269133687019 0.172135069966316 0.173001006245613 0.17386694252491 0.174895167350769 0.176410228013992 0.177925288677216 0.179440349340439 0.180955410003662 0.182470470666885 0.183985531330109 0.185500591993332 0.185859203338623 0.185832336544991 0.185805484652519 0.185778617858887 0.185751751065254 0.185724884271622 0.185698017477989 0.185994684696198 0.187261894345284 0.188529118895531 0.189796343445778 0.191063553094864 0.192330777645111 0.193597987294197 0.194865211844444 0.19676262140274 0.198870077729225 0.200977548956871
0.165294334292412 0.165260136127472 0.165225952863693 0.16529543697834 0.165675938129425 0.16605643928051 0.166436940431595 0.16681744158268 0.167197927832603 0.167578428983688 0.167958930134773 0.168678119778633 0.169510215520859 0.170342296361923 0.171174392104149 0.172006487846375 0.1728385835886 0.173670664429665 0.174699366092682 0.176317855715752 0.177936360239983 0.179554849863052 0.181173354387283 0.182791844010353 0.184410348534584 0.186028838157654 0.18641260266304 0.186384782195091 0.186356961727142 0.186329156160355 0.186301335692406 0.186273515224457 0.186245694756508 0.18653392791748 0.187770321965218 0.189006716012955 0.190243095159531 0.191479489207268 0.192715883255005 0.193952277302742 0.195188656449318 0.197193145751953 0.19945365190506 0.201714172959328
0.165425390005112 0.165410548448563 0.165395721793175 0.165483772754669 0.165880486369133 0.166277199983597 0.166673913598061 0.167070627212524 0.167467340826988 0.167864054441452 0.168260753154755 0.168968543410301 0.169780015945435 0.170591488480568 0.171402961015701 0.172214448451996 0.173025920987129 0.173837393522263 0.174849316477776 0.176462605595589 0.178075879812241 0.179689168930054 0.181302443146706 0.182915732264519 0.184529006481171 0.186142295598984 0.186601459980011 0.186675921082497 0.186750382184982 0.186824843287468 0.186899304389954 0.186973765492439 0.187048226594925 0.187414705753326 0.188657253980637 0.189899802207947 0.191142350435257 0.192384898662567 0.193627431988716 0.194869980216026 0.196112528443336 0.19817166030407 0.200502991676331 0.20283430814743
0.165504291653633 0.165546163916588 0.165588036179543 0.165730103850365 0.166172787547112 0.166615471243858 0.167058140039444 0.167500823736191 0.167943507432938 0.168386191129684 0.168828874826431 0.169542595744133 0.170346692204475 0.171150773763657 0.171954855322838 0.17275895178318 0.173563033342361 0.174367114901543 0.175345033407211 0.176844447851181 0.178343862295151 0.17984327673912 0.18134269118309 0.182842120528221 0.184341534972191 0.185840949416161 0.186425775289536 0.186705753207207 0.186985716223717 0.187265694141388 0.187545657157898 0.187825635075569 0.18810561299324 0.188637003302574 0.189922690391541 0.191208377480507 0.192494064569473 0.193779766559601 0.195065453648567 0.196351140737534 0.1976368278265 0.199698179960251 0.202018082141876 0.204337984323502
0.165583208203316 0.165681764483452 0.165780335664749 0.16597643494606 0.166465073823929 0.166953727602959 0.167442381381989 0.167931020259857 0.168419674038887 0.168908327817917 0.169396981596947 0.170116662979126 0.170913353562355 0.171710059046745 0.172506749629974 0.173303440213203 0.174100145697594 0.174896836280823 0.175840750336647 0.177226305007935 0.178611844778061 0.179997399449348 0.181382954120636 0.182768493890762 0.18415404856205 0.185539603233337 0.18625009059906 0.186735585331917 0.187221065163612 0.187706544995308 0.188192024827003 0.188677504658699 0.189162984490395 0.189859300851822 0.191188141703606 0.192516967654228 0.193845793604851 0.195174619555473 0.196503460407257 0.19783228635788 0.199161112308502 0.201224684715271 0.203533172607422 0.205841645598412
0.165662109851837 0.165817379951477 0.165972650051117 0.166222751140594 0.166757375001907 0.167291983962059 0.167826607823372 0.168361231684685 0.168895840644836 0.169430464506149 0.169965088367462 0.170690715312958 0.171480029821396 0.172269329428673 0.173058643937111 0.173847943544388 0.174637258052826 0.175426572561264 0.176336467266083 0.177608147263527 0.178879827260971 0.180151522159576 0.181423202157021 0.182694882154465 0.183966562151909 0.185238242149353 0.186074420809746 0.186765402555466 0.187456399202347 0.188147395849228 0.188838377594948 0.189529374241829 0.19022037088871 0.191081613302231 0.19245357811451 0.193825542926788 0.195197522640228 0.196569487452507 0.197941467165947 0.199313431978226 0.200685411691666 0.202751204371452 0.205048263072968 0.207345321774483
0.16574102640152 0.165952995419502 0.166164949536324 0.16646908223629 0.167049661278725 0.167630255222321 0.168210834264755 0.168791428208351 0.169372022151947 0.169952601194382 0.170533195137978 0.171264782547951 0.172046691179276 0.172828614711761 0.173610538244247 0.174392446875572 0.175174370408058 0.175956293940544 0.176832184195518 0.17799000442028 0.179147809743881 0.180305629968643 0.181463450193405 0.182621270418167 0.183779090642929 0.18493689596653 0.18589873611927 0.186795234680176 0.187691733241081 0.188588246703148 0.189484745264053 0.190381243824959 0.191277757287025 0.192303910851479 0.193719014525414 0.19513413310051 0.196549251675606 0.197964355349541 0.199379473924637 0.200794592499733 0.202209696173668 0.204277709126472 0.206563353538513 0.208848983049393
0.165819928050041 0.166088595986366 0.166357263922691 0.166715398430824 0.167341962456703 0.167968511581421 0.1685950756073 0.169221624732018 0.169848188757896 0.170474737882614 0.171101301908493 0.171838834881783 0.172613367438316 0.17338789999485 0.174162432551384 0.174936950206757 0.17571148276329 0.176486015319824 0.177327901124954 0.178371846675873 0.179415807127953 0.180459752678871 0.18150369822979 0.18254765868187 0.183591604232788 0.184635549783707 0.185723051428795 0.186825066804886 0.187927082180977 0.189029097557068 0.190131098031998 0.191233113408089 0.19233512878418 0.193526208400726 0.194984465837479 0.196442723274231 0.197900965809822 0.199359223246574 0.200817480683327 0.202275738120079 0.203733995556831 0.205804213881493 0.208078444004059 0.210352659225464
0.167038470506668 0.167531237006187 0.168024003505707 0.168557837605476 0.16921491920948 0.169872000813484 0.170529067516327 0.171186149120331 0.171843230724335 0.172500297427177 0.173157379031181 0.173768922686577 0.174365296959877 0.174961671233177 0.175558045506477 0.176154419779778 0.176750794053078 0.177347168326378 0.178043678402901 0.179040595889091 0.180037528276443 0.181034445762634 0.182031378149986 0.183028295636177 0.184025228023529 0.18502214550972 0.18616284430027 0.18735146522522 0.188540086150169 0.189728707075119 0.190917328000069 0.192105948925018 0.193294569849968 0.194549396634102 0.196002826094627 0.197456255555153 0.198909685015678 0.200363099575043 0.201816529035568 0.203269958496094 0.204723387956619 0.207131326198578 0.209857419133186 0.212583512067795
0.1693966537714 0.170280903577805 0.17116516828537 0.171996399760246 0.172668546438217 0.173340693116188 0.174012839794159 0.17468498647213 0.175357133150101 0.176029279828072 0.176701426506042 0.177055045962334 0.177302494645119 0.177549943327904 0.177797392010689 0.178044840693474 0.178292289376259 0.178539738059044 0.178979501128197 0.179996252059937 0.181012988090515 0.182029739022255 0.183046475052834 0.184063211083412 0.185079962015152 0.186096698045731 0.187218129634857 0.1883744597435 0.189530774950981 0.190687105059624 0.191843435168266 0.192999750375748 0.19415608048439 0.195373475551605 0.196774110198021 0.198174729943275 0.199575364589691 0.200975999236107 0.202376618981361 0.203777253627777 0.205177888274193 0.208259001374245 0.211900293827057 0.215541571378708
0.171754822134972 0.173030585050583 0.174306347966194 0.175434961915016 0.176122188568115 0.176809400320053 0.177496612071991 0.178183823823929 0.178871050477028 0.179558262228966 0.180245473980904 0.18034116923809 0.18023969233036 0.18013821542263 0.1800367385149 0.17993526160717 0.17983378469944 0.17973230779171 0.179915338754654 0.18095189332962 0.181988462805748 0.183025017380714 0.184061571955681 0.185098126530647 0.186134696006775 0.187171250581741 0.188273414969444 0.189397439360619 0.190521463751793 0.191645488142967 0.192769527435303 0.193893551826477 0.195017576217651 0.196197554469109 0.197545394301414 0.198893219232559 0.200241059064865 0.20158888399601 0.202936723828316 0.20428454875946 0.205632388591766 0.209386691451073 0.213943153619766 0.21849961578846
0.174112990498543 0.1757802516222 0.177447512745857 0.178873524069786 0.179575815796852 0.180278092622757 0.180980384349823 0.181682676076889 0.182384952902794 0.18308724462986 0.183789521455765 0.183627292513847 0.183176890015602 0.182726487517357 0.182276085019112 0.181825682520866 0.181375280022621 0.180924877524376 0.180851176381111 0.181907549500465 0.18296392261982 0.184020295739174 0.185076668858528 0.186133041977882 0.187189415097237 0.188245803117752 0.18932868540287 0.190420418977737 0.191512152552605 0.192603886127472 0.193695619702339 0.194787353277206 0.195879086852074 0.197021648287773 0.198316678404808 0.199611708521843 0.200906738638878 0.202201783657074 0.203496813774109 0.204791843891144 0.206086874008179 0.210514381527901 0.215986028313637 0.221457675099373
