data/working_set_collections/6091692-Cassins_Sparrow-M2/1990/rzmc_avg.asc
NCOLS 265 
NROWS 230 
XLLCORNER -115.5625 
YLLCORNER 24.8333333333333 
CELLSIZE 0.0833333333333333 
NODATA_value -9999 
[rows 140 to 159 of 230, columns 176 to 219 of 265]
0.187290117144585 0.189516454935074 0.191742792725563 0.192962884902954 0.191164314746857 0.189365729689598 0.187567159533501 0.185768574476242 0.183970004320145 0.182171419262886 0.180372849106789 0.180885046720505 0.182167500257492 0.183449953794479 0.184732392430305 0.186014845967293 0.18729729950428 0.188579753041267 0.190544545650482 0.194556325674057 0.198568105697632 0.202579885721207 0.206591665744781 0.210603460669518 0.214615240693092 0.218627020716667 0.22306402027607 0.227642744779587 0.232221484184265 0.236800223588943 0.241378948092461 0.245957687497139 0.250536412000656 0.255892515182495 0.263580679893494 0.271268874406815 0.278957039117813 0.286645203828812 0.294333398342133 0.302021563053131 0.30970972776413 0.312663793563843 0.314039796590805 0.31541582942009
0.193344682455063 0.196180984377861 0.19901730120182 0.200432434678078 0.197584077715874 0.194735735654831 0.191887378692627 0.189039036631584 0.18619067966938 0.183342322707176 0.180493980646133 0.180733799934387 0.182003021240234 0.18327222764492 0.184541448950768 0.185810670256615 0.187079876661301 0.188349097967148 0.190600499510765 0.195798441767693 0.20099638402462 0.206194341182709 0.211392283439636 0.216590225696564 0.221788167953491 0.226986110210419 0.231743544340134 0.236354142427444 0.240964740514755 0.245575338602066 0.250185936689377 0.254796534776688 0.259407132863998 0.264452278614044 0.270801037549973 0.277149796485901 0.283498555421829 0.289847314357758 0.296196073293686 0.302544832229614 0.308893591165543 0.311540067195892 0.312952429056168 0.314364790916443
0.199399247765541 0.202845528721809 0.206291809678078 0.207901984453201 0.204003855586052 0.200105726718903 0.196207597851753 0.192309483885765 0.188411355018616 0.184513226151466 0.180615097284317 0.18058255314827 0.181838542222977 0.183094516396523 0.18435050547123 0.185606479644775 0.186862468719482 0.188118442893028 0.190656453371048 0.197040557861328 0.203424677252769 0.20980878174305 0.21619288623333 0.22257699072361 0.22896109521389 0.235345214605331 0.240423083305359 0.245065540075302 0.249708011746407 0.254350483417511 0.258992940187454 0.263635396957397 0.268277853727341 0.273012042045593 0.278021395206451 0.283030718564987 0.288040071725845 0.293049424886703 0.298058778047562 0.303068101406097 0.308077454566956 0.31041631102562 0.311865031719208 0.313313722610474
0.205453798174858 0.209510058164597 0.213566318154335 0.215371534228325 0.21042363345623 0.205475732684135 0.200527831912041 0.195579931139946 0.190632030367851 0.185684129595757 0.180736228823662 0.180431306362152 0.181674063205719 0.182916805148125 0.18415954709053 0.185402303934097 0.186645045876503 0.187887787818909 0.190712422132492 0.198282688856125 0.205852955579758 0.21342322230339 0.220993489027023 0.228563770651817 0.23613403737545 0.243704304099083 0.249102622270584 0.25377693772316 0.258451253175735 0.263125598430634 0.267799913883209 0.272474259138107 0.277148574590683 0.281571805477142 0.285241723060608 0.288911670446396 0.292581588029861 0.296251535415649 0.299921452999115 0.303591370582581 0.307261317968369 0.309292584657669 0.310777634382248 0.312262684106827
0.210062712430954 0.214562013745308 0.219061300158501 0.22103026509285 0.215408250689507 0.209786236286163 0.20416422188282 0.198542207479477 0.192920193076134 0.187298178672791 0.181676164269447 0.181267812848091 0.182597324252129 0.183926850557327 0.185256376862526 0.186585903167725 0.187915414571762 0.189244940876961 0.192218631505966 0.200124844908714 0.208031043410301 0.215937241911888 0.223843440413475 0.231749638915062 0.239655837416649 0.247562035918236 0.2532117664814 0.258109331130981 0.263006925582886 0.267904490232468 0.27280205488205 0.277699619531631 0.282597184181213 0.286982834339142 0.289832651615143 0.292682468891144 0.295532286167145 0.298382103443146 0.301231920719147 0.304081737995148 0.306931555271149 0.308495193719864 0.309630125761032 0.3107650578022
0.213225990533829 0.218001380562782 0.222776770591736 0.224878206849098 0.218957737088203 0.213037267327309 0.207116797566414 0.201196327805519 0.195275858044624 0.18935538828373 0.183434918522835 0.183092042803764 0.184608355164528 0.186124667525291 0.187640979886055 0.189157292246819 0.190673604607582 0.192189916968346 0.195175126194954 0.202567026019096 0.209958925843239 0.217350825667381 0.224742725491524 0.232134625315666 0.239526525139809 0.246918424963951 0.252750545740128 0.258062750101089 0.263374924659729 0.268687129020691 0.273999333381653 0.279311537742615 0.284623712301254 0.289245128631592 0.291794121265411 0.294343143701553 0.296892136335373 0.299441128969193 0.301990151405334 0.304539144039154 0.307088136672974 0.308024168014526 0.30842250585556 0.308820873498917
0.216389253735542 0.221440747380257 0.226492241024971 0.228726133704185 0.2225072234869 0.216288298368454 0.210069373250008 0.203850448131561 0.197631523013115 0.19141261279583 0.185193687677383 0.184916272759438 0.186619371175766 0.188322469592094 0.190025582909584 0.191728681325912 0.193431779742241 0.195134878158569 0.19813160598278 0.205009207129478 0.211886793375015 0.218764394521713 0.225641995668411 0.232519596815109 0.239397197961807 0.246274799108505 0.252289324998856 0.258016139268875 0.263742953538895 0.269469797611237 0.275196611881256 0.280923426151276 0.286650270223618 0.291507422924042 0.293755620718002 0.29600378870964 0.298251986503601 0.300500184297562 0.302748382091522 0.30499655008316 0.307244747877121 0.307553112506866 0.307214885950089 0.306876659393311
0.219552531838417 0.224880129098892 0.230207726359367 0.232574075460434 0.226056694984436 0.219539329409599 0.213021948933601 0.206504568457603 0.199987187981606 0.193469822406769 0.186952441930771 0.186740517616272 0.188630402088165 0.190520286560059 0.192410171031952 0.194300070405006 0.1961899548769 0.198079839348793 0.201088085770607 0.207451388239861 0.213814675807953 0.220177978277206 0.22654128074646 0.232904583215714 0.239267885684967 0.245631173253059 0.251828104257584 0.257969528436661 0.26411098241806 0.27025243639946 0.276393890380859 0.282535344362259 0.288676798343658 0.293769717216492 0.295717090368271 0.29766446352005 0.299611836671829 0.301559239625931 0.30350661277771 0.305453985929489 0.307401359081268 0.307082086801529 0.306007266044617 0.304932445287704
0.222715795040131 0.228319495916367 0.233923196792603 0.236422017216682 0.229606181383133 0.222790345549583 0.215974524617195 0.209158688783646 0.202342852950096 0.195527032017708 0.188711196184158 0.188564747571945 0.190641418099403 0.192718103528023 0.194794774055481 0.1968714594841 0.198948130011559 0.201024800539017 0.204044565558434 0.209893569350243 0.21574255824089 0.2215915620327 0.227440565824509 0.233289554715157 0.239138558506966 0.244987562298775 0.251366853713989 0.257922947406769 0.264479011297226 0.271035104990005 0.277591168880463 0.28414723277092 0.290703326463699 0.296032011508942 0.297678589820862 0.29932513833046 0.30097171664238 0.302618265151978 0.304264843463898 0.305911391973495 0.307557970285416 0.306611061096191 0.304799646139145 0.302988231182098
0.225879058241844 0.231758862733841 0.237638667225838 0.24026994407177 0.23315566778183 0.226041376590729 0.218927100300789 0.211812809109688 0.204698517918587 0.197584241628647 0.190469950437546 0.190388977527618 0.192652449011803 0.194915920495987 0.19717937707901 0.199442848563194 0.201706305146217 0.203969776630402 0.20700104534626 0.212335750460625 0.217670440673828 0.223005145788193 0.228339836001396 0.233674541115761 0.239009246230125 0.244343936443329 0.250905632972717 0.257876336574554 0.264847040176392 0.271817743778229 0.278788447380066 0.285759150981903 0.29272985458374 0.298294305801392 0.29964005947113 0.300985813140869 0.302331566810608 0.303677320480347 0.305023074150085 0.306368798017502 0.307714551687241 0.306140005588531 0.303592026233673 0.301044046878815
0.230027362704277 0.236072912812233 0.242118462920189 0.244963526725769 0.238207101821899 0.231450691819191 0.224694281816483 0.217937871813774 0.211181446909904 0.204425036907196 0.197668626904488 0.197550609707832 0.199645385146141 0.20174016058445 0.20383495092392 0.205929726362228 0.208024501800537 0.210119292140007 0.212859988212585 0.217538490891457 0.222216978669167 0.226895481348038 0.231573969125748 0.236252471804619 0.240930959582329 0.2456094622612 0.252002328634262 0.258966654539108 0.265930980443954 0.272895306348801 0.279859632253647 0.286823958158493 0.293788284063339 0.299308627843857 0.300497025251389 0.301685392856598 0.30287379026413 0.304062187671661 0.305250555276871 0.306438952684402 0.307627350091934 0.305630922317505 0.302572876214981 0.299514830112457
0.235160663723946 0.24126161634922 0.247362568974495 0.250502735376358 0.244760513305664 0.239018306136131 0.233276084065437 0.227533861994743 0.221791639924049 0.216049417853355 0.210307210683823 0.210049614310265 0.21162024140358 0.213190853595734 0.214761480689049 0.216332107782364 0.217902719974518 0.219473347067833 0.221621409058571 0.225501790642738 0.229382187128067 0.233262568712234 0.237142950296402 0.241023346781731 0.244903728365898 0.248784124851227 0.254656940698624 0.261193871498108 0.267730832099915 0.274267762899399 0.280804723501205 0.28734165430069 0.293878614902496 0.299074947834015 0.300249427556992 0.301423907279968 0.302598387002945 0.303772866725922 0.304947346448898 0.306121826171875 0.307296305894852 0.305083751678467 0.301742166280746 0.298400580883026
0.240293979644775 0.246450334787369 0.252606689929962 0.256041944026947 0.251313924789429 0.24658590555191 0.241857886314392 0.237129852175713 0.232401832938194 0.227673813700676 0.222945779561996 0.222548633813858 0.223595097661018 0.224641546607018 0.225688010454178 0.226734474301338 0.227780938148499 0.228827401995659 0.230382815003395 0.233465105295181 0.236547380685806 0.239629656076431 0.242711946368217 0.245794221758842 0.248876497149467 0.251958787441254 0.257311522960663 0.263421088457108 0.269530653953552 0.275640219449997 0.281749814748764 0.287859380245209 0.293968945741653 0.298841267824173 0.300001829862595 0.301162421703339 0.30232298374176 0.303483575582504 0.304644137620926 0.30580472946167 0.306965291500092 0.304536610841751 0.300911486148834 0.297286361455917
0.245427295565605 0.251639038324356 0.257850795984268 0.261581152677536 0.257867336273193 0.254153519868851 0.250439673662186 0.246725857257843 0.243012025952339 0.239298194646835 0.235584363341331 0.23504763841629 0.235569939017296 0.236092239618301 0.236614555120468 0.237136855721474 0.237659156322479 0.238181456923485 0.23914423584938 0.241428405046463 0.243712574243546 0.245996743440628 0.248280927538872 0.250565081834793 0.252849280834198 0.255133450031281 0.259966135025024 0.265648305416107 0.271330505609512 0.277012705802917 0.282694876194 0.288377076387405 0.294059276580811 0.298607587814331 0.29975426197052 0.300900906324387 0.302047580480576 0.303194254636765 0.304340928792953 0.305487602949142 0.306634247303009 0.303989440202713 0.300080806016922 0.296172142028809
0.250560611486435 0.256827771663666 0.263094931840897 0.267120391130447 0.264420747756958 0.261721104383469 0.259021490812302 0.256321847438812 0.253622204065323 0.250922590494156 0.248222947120667 0.247546643018723 0.247544795274734 0.247542932629585 0.247541084885597 0.247539237141609 0.24753737449646 0.247535526752472 0.247905641794205 0.249391704797745 0.250877767801285 0.252363830804825 0.253849893808365 0.255335956811905 0.256822049617767 0.258308112621307 0.262620717287064 0.267875552177429 0.273130357265472 0.278385162353516 0.283639967441559 0.288894802331924 0.294149607419968 0.298373907804489 0.299506664276123 0.300639420747757 0.301772177219391 0.302904933691025 0.304037719964981 0.305170476436615 0.306303232908249 0.303442299365997 0.299250096082687 0.2950579226017
0.255693912506104 0.262016475200653 0.268339037895203 0.272659599781036 0.270974159240723 0.269288718700409 0.267603278160095 0.265917837619781 0.264232397079468 0.262546956539154 0.26086151599884 0.260045647621155 0.259519636631012 0.258993625640869 0.258467614650726 0.257941603660583 0.257415592670441 0.256889581680298 0.256667047739029 0.257355004549026 0.258042961359024 0.258730918169022 0.259418874979019 0.260106831789017 0.260794818401337 0.261482775211334 0.265275329351425 0.270102769136429 0.274930208921432 0.279757618904114 0.284585058689117 0.289412498474121 0.294239938259125 0.298140227794647 0.299259066581726 0.300377935171127 0.301496773958206 0.302615642547607 0.303734481334686 0.304853349924088 0.305972188711166 0.302895128726959 0.298419415950775 0.293943703174591
0.259172171354294 0.265521705150604 0.271871238946915 0.276378035545349 0.275356531143188 0.274335026741028 0.27331355214119 0.272292047739029 0.271270543336868 0.270249038934708 0.269227564334869 0.26843586564064 0.267720818519592 0.267005741596222 0.266290664672852 0.265575617551804 0.264860540628433 0.264145463705063 0.263616055250168 0.263643652200699 0.26367124915123 0.263698816299438 0.263726413249969 0.2637540102005 0.263781577348709 0.26380917429924 0.26723575592041 0.271795332431793 0.276354879140854 0.280914455652237 0.28547403216362 0.290033608675003 0.294593185186386 0.298282653093338 0.299361765384674 0.300440847873688 0.301519960165024 0.30259907245636 0.303678184747696 0.304757297039032 0.305836409330368 0.302653402090073 0.298049688339233 0.293446004390717
0.260995417833328 0.267343491315842 0.273691594600677 0.278275698423386 0.277567893266678 0.276860058307648 0.27615225315094 0.275444447994232 0.274736642837524 0.274028837680817 0.273321002721786 0.272717297077179 0.272148281335831 0.271579265594482 0.271010249853134 0.270441234111786 0.269872218370438 0.269303202629089 0.268752664327621 0.268257617950439 0.267762571573257 0.267267525196075 0.266772478818893 0.266277432441711 0.265782386064529 0.265287339687347 0.268501996994019 0.2729532122612 0.277404457330704 0.281855672597885 0.286306917667389 0.29075813293457 0.295209378004074 0.298801183700562 0.299814701080322 0.300828218460083 0.301841735839844 0.302855253219604 0.303868770599365 0.304882287979126 0.305895805358887 0.302717089653015 0.298140972852707 0.293564826250076
0.26281863451004 0.269165277481079 0.275511920452118 0.280173361301422 0.279779225587845 0.279385089874268 0.278990983963013 0.278596848249435 0.278202712535858 0.277808606624603 0.277414470911026 0.276998728513718 0.276575744152069 0.276152789592743 0.275729805231094 0.275306850671768 0.27488386631012 0.274460911750793 0.273889273405075 0.27287158370018 0.271853893995285 0.27083620429039 0.269818544387817 0.268800854682922 0.267783164978027 0.266765475273132 0.269768238067627 0.274111121892929 0.278454005718231 0.282796889543533 0.287139773368835 0.291482657194138 0.29582554101944 0.299319684505463 0.30026763677597 0.301215559244156 0.302163481712341 0.303111433982849 0.304059356451035 0.305007308721542 0.305955231189728 0.302780777215958 0.298232227563858 0.293683648109436
0.264641880989075 0.270987063646317 0.277332246303558 0.282070994377136 0.281990557909012 0.281910121440887 0.281829684972763 0.281749248504639 0.281668812036514 0.28158837556839 0.281507939100266 0.281280130147934 0.281003206968307 0.280726313591003 0.280449390411377 0.28017246723175 0.279895544052124 0.279618620872498 0.279025852680206 0.277485549449921 0.275945216417313 0.274404913187027 0.272864580154419 0.271324276924133 0.269783943891525 0.26824364066124 0.271034479141235 0.275269001722336 0.279503554105759 0.283738106489182 0.287972629070282 0.292207181453705 0.296441733837128 0.299838215112686 0.300720572471619 0.301602900028229 0.302485257387161 0.303367614746094 0.304249942302704 0.305132299661636 0.306014657020569 0.3028444647789 0.298323482275009 0.293802469968796
