data/working_set_collections/6091692-Cassins_Sparrow-M2/1990/rzmc_avg.asc
NCOLS 265 
NROWS 230 
XLLCORNER -115.5625 
YLLCORNER 24.8333333333333 
CELLSIZE 0.0833333333333333 
NODATA_value -9999 
[rows 20 to 39 of 230, columns 44 to 87 of 265]
0.213419660925865 0.211885005235672 0.210350349545479 0.208815678954124 0.207281023263931 0.205746367573738 0.204211711883545 0.202677041292191 0.203458815813065 0.205012738704681 0.206566646695137 0.208120569586754 0.209674492478371 0.211228400468826 0.212782323360443 0.213831543922424 0.213366657495499 0.212901771068573 0.212436884641647 0.211971998214722 0.211507111787796 0.21104222536087 0.210577353835106 0.207960814237595 0.204627051949501 0.201293289661407 0.197959527373314 0.19462576508522 0.191292002797127 0.187958240509033 0.185143440961838 0.183885529637337 0.182627603411674 0.181369677186012 0.180111765861511 0.178853839635849 0.177595913410187 0.176338002085686 0.1761554479599 0.176331341266632 0.176507249474525 0.176683142781258 0.176859050989151 0.177034944295883
0.220410063862801 0.21813303232193 0.215856000781059 0.213578954339027 0.211301922798157 0.209024891257286 0.206747859716415 0.204470813274384 0.204395785927773 0.205054745078087 0.205713719129562 0.206372678279877 0.207031652331352 0.207690611481667 0.208349585533142 0.208688527345657 0.208067402243614 0.207446277141571 0.206825152039528 0.206204026937485 0.205582901835442 0.204961776733398 0.204340666532516 0.202081695199013 0.199276775121689 0.196471869945526 0.193666949868202 0.190862029790878 0.188057124614716 0.185252204537392 0.182868972420692 0.181750789284706 0.180632591247559 0.179514408111572 0.178396210074425 0.177278026938438 0.176159828901291 0.175041645765305 0.174852669239044 0.174973458051682 0.175094231963158 0.175215005874634 0.17533577978611 0.175456553697586
0.227400466799736 0.224381059408188 0.221361637115479 0.21834222972393 0.215322822332382 0.212303414940834 0.209284007549286 0.206264600157738 0.20533275604248 0.205096766352654 0.204860791563988 0.204624801874161 0.204388812184334 0.204152837395668 0.203916847705841 0.20354551076889 0.20276814699173 0.201990783214569 0.201213419437408 0.200436055660248 0.199658691883087 0.198881328105927 0.198103964328766 0.196202576160431 0.193926513195038 0.191650450229645 0.18937437236309 0.187098309397697 0.184822246432304 0.18254616856575 0.180594503879547 0.179616048932076 0.178637593984604 0.177659124135971 0.176680669188499 0.175702214241028 0.174723744392395 0.173745289444923 0.17354990541935 0.17361555993557 0.17368121445179 0.173746854066849 0.173812508583069 0.173878163099289
0.23439085483551 0.230629071593285 0.226867288351059 0.223105505108833 0.219343721866608 0.215581938624382 0.211820155382156 0.208058372139931 0.206269726157188 0.20513878762722 0.204007849097252 0.202876910567284 0.201745986938477 0.200615048408508 0.19948410987854 0.198402509093285 0.197468906641006 0.196535304188728 0.19560170173645 0.194668099284172 0.193734496831894 0.192800879478455 0.191867277026176 0.19032347202301 0.188576251268387 0.186829015612602 0.185081794857979 0.183334574103355 0.181587353348732 0.179840132594109 0.178320035338402 0.177481308579445 0.176642581820488 0.175803855061531 0.174965113401413 0.174126386642456 0.173287659883499 0.172448933124542 0.172247141599655 0.172257661819458 0.172268196940422 0.172278717160225 0.172289237380028 0.172299757599831
0.237396910786629 0.233504459261894 0.22961200773716 0.225719556212425 0.221827104687691 0.217934653162956 0.214042201638222 0.210149735212326 0.207880556583405 0.206152454018593 0.204424351453781 0.202696248888969 0.200968146324158 0.199240043759346 0.197511941194534 0.195929333567619 0.194783225655556 0.193637102842331 0.192490994930267 0.191344887018204 0.19019877910614 0.189052671194077 0.187906548380852 0.186561018228531 0.185149028897285 0.183737024664879 0.182325020432472 0.180913031101227 0.17950102686882 0.178089022636414 0.176843240857124 0.176096066832542 0.175348907709122 0.174601748585701 0.17385458946228 0.17310743033886 0.172360256314278 0.171613097190857 0.171421959996223 0.171416163444519 0.171410351991653 0.171404555439949 0.171398743987083 0.171392947435379
0.236418604850769 0.233007192611694 0.22959578037262 0.226184368133545 0.22277295589447 0.219361543655396 0.215950131416321 0.212538719177246 0.210165247321129 0.208137765526772 0.206110268831253 0.204082787036896 0.202055305242538 0.20002780854702 0.198000326752663 0.196125984191895 0.194711104035378 0.193296208977699 0.191881328821182 0.190466448664665 0.189051553606987 0.18763667345047 0.186221778392792 0.184915259480476 0.183644860982895 0.182374447584152 0.181104049086571 0.179833650588989 0.178563252091408 0.177292838692665 0.176164105534554 0.175460338592529 0.174756586551666 0.174052834510803 0.173349067568779 0.172645315527916 0.171941548585892 0.171237796545029 0.171074360609055 0.17109103500843 0.171107709407806 0.171124368906021 0.171141043305397 0.171157717704773
0.235440313816071 0.232509940862656 0.22957955300808 0.226649180054665 0.22371880710125 0.220788434147835 0.21785806119442 0.214927688241005 0.212449938058853 0.21012307703495 0.207796201109886 0.205469325184822 0.203142464160919 0.200815588235855 0.198488712310791 0.196322649717331 0.194638982415199 0.192955315113068 0.191271662712097 0.189587995409966 0.187904328107834 0.186220675706863 0.184537008404732 0.183269485831261 0.182140678167343 0.181011885404587 0.179883077740669 0.178754270076752 0.177625462412834 0.176496669650078 0.175484970211983 0.174824610352516 0.174164265394211 0.173503905534744 0.172843545675278 0.172183200716972 0.171522840857506 0.170862480998039 0.170726761221886 0.170765906572342 0.170805051922798 0.170844197273254 0.170883342623711 0.170922487974167
0.234462007880211 0.232012674212456 0.229563340544701 0.227114006876945 0.22466467320919 0.222215339541435 0.21976600587368 0.217316657304764 0.214734643697739 0.212108388543129 0.209482133388519 0.20685587823391 0.2042296230793 0.20160336792469 0.198977112770081 0.196519300341606 0.194566860795021 0.192614436149597 0.190661996603012 0.188709557056427 0.186757117509842 0.184804677963257 0.182852238416672 0.181623727083206 0.180636510252953 0.17964930832386 0.178662106394768 0.177674889564514 0.176687687635422 0.175700485706329 0.174805834889412 0.174188882112503 0.173571944236755 0.172954991459846 0.172338038682938 0.171721085906029 0.17110413312912 0.170487180352211 0.170379161834717 0.170440778136253 0.170502409338951 0.170564025640488 0.170625641942024 0.170687258243561
0.233483701944351 0.231515407562256 0.229547113180161 0.227578818798065 0.22561052441597 0.223642230033875 0.221673935651779 0.219705641269684 0.217019334435463 0.214093700051308 0.211168050765991 0.208242416381836 0.205316781997681 0.202391132712364 0.199465498328209 0.196715965867043 0.194494754076004 0.192273542284966 0.190052315592766 0.187831103801727 0.185609892010689 0.18338868021965 0.181167468428612 0.17997795343399 0.179132342338562 0.178286731243134 0.177441120147705 0.176595523953438 0.175749912858009 0.174904301762581 0.174126699566841 0.17355315387249 0.172979608178139 0.172406062483788 0.171832516789436 0.171258971095085 0.170685425400734 0.170111879706383 0.170031562447548 0.170115649700165 0.170199751853943 0.17028383910656 0.170367941260338 0.170452043414116
0.232505410909653 0.231018155813217 0.22953088581562 0.228043630719185 0.226556375622749 0.225069120526314 0.223581865429878 0.222094610333443 0.219304025173187 0.216079011559486 0.212853983044624 0.209628954529762 0.206403940916061 0.203178912401199 0.199953883886337 0.196912616491318 0.194422632455826 0.191932648420334 0.189442649483681 0.186952665448189 0.184462666511536 0.181972682476044 0.179482683539391 0.178332179784775 0.177628174424171 0.176924154162407 0.176220148801804 0.1755161434412 0.174812123179436 0.174108117818832 0.173447579145432 0.172917425632477 0.172387287020683 0.17185714840889 0.171326994895935 0.170796856284142 0.170266717672348 0.169736564159393 0.169683963060379 0.169790536165237 0.169897094368935 0.170003667473793 0.170110240578651 0.17021681368351
0.232672303915024 0.2316033244133 0.230534344911575 0.229465365409851 0.228396385908127 0.227327406406403 0.226258426904678 0.225189447402954 0.222203776240349 0.218579187989235 0.214954614639282 0.21133004128933 0.207705453038216 0.204080879688263 0.20045630633831 0.197116762399673 0.194632306694984 0.192147865891457 0.189663425087929 0.187178984284401 0.184694543480873 0.182210102677345 0.179725661873817 0.178742453455925 0.178259655833244 0.177776858210564 0.177294045686722 0.176811248064041 0.17632845044136 0.17584565281868 0.175337791442871 0.174754753708839 0.174171715974808 0.173588678240776 0.173005640506744 0.172422587871552 0.17183955013752 0.171256512403488 0.171069547533989 0.171014606952667 0.170959666371346 0.170904740691185 0.170849800109863 0.170794859528542
0.233984395861626 0.233270928263664 0.232557460665703 0.231844007968903 0.231130540370941 0.23041707277298 0.229703605175018 0.228990137577057 0.225718557834625 0.221594244241714 0.217469945549965 0.213345646858215 0.209221333265305 0.205097034573555 0.200972735881805 0.197328358888626 0.195123791694641 0.192919224500656 0.190714657306671 0.188510075211525 0.18630550801754 0.184100940823555 0.18189637362957 0.181208744645119 0.181026771664619 0.18084479868412 0.180662825703621 0.180480852723122 0.180298879742622 0.180116906762123 0.179797366261482 0.179065138101578 0.178332895040512 0.177600651979446 0.176868423819542 0.176136180758476 0.175403937697411 0.174671709537506 0.174188330769539 0.173787891864777 0.173387467861176 0.172987043857574 0.172586604952812 0.172186180949211
0.235296487808228 0.234938532114029 0.234580591320992 0.234222635626793 0.233864694833755 0.233506739139557 0.233148783445358 0.232790842652321 0.229233339428902 0.224609300494194 0.219985276460648 0.215361252427101 0.210737213492393 0.206113189458847 0.201489165425301 0.19753997027874 0.195615276694298 0.193690568208694 0.191765874624252 0.18984118103981 0.187916472554207 0.185991778969765 0.184067085385323 0.183675050735474 0.183793902397156 0.183912754058838 0.18403160572052 0.184150457382202 0.184269309043884 0.184388160705566 0.184256941080093 0.183375507593155 0.182494074106216 0.181612640619278 0.180731207132339 0.179849773645401 0.178968325257301 0.178086891770363 0.177307099103928 0.176561176776886 0.175815269351006 0.175069347023964 0.174323424696922 0.173577517271042
0.236608579754829 0.236606150865555 0.236603707075119 0.236601278185844 0.236598834395409 0.236596405506134 0.236593976616859 0.236591532826424 0.232748121023178 0.227624356746674 0.22250060737133 0.217376857995987 0.212253108620644 0.207129344344139 0.202005594968796 0.197751566767693 0.196106746792793 0.194461926817894 0.192817091941833 0.191172271966934 0.189527451992035 0.187882617115974 0.186237797141075 0.186141341924667 0.186561033129692 0.186980709433556 0.187400385737419 0.187820062041283 0.188239738345146 0.18865941464901 0.188716515898705 0.187685891985893 0.186655253171921 0.185624614357948 0.184593990445137 0.183563351631165 0.182532727718353 0.181502088904381 0.180425867438316 0.179334461688995 0.178243055939674 0.177151650190353 0.176060244441032 0.174968838691711
0.237920671701431 0.23827375471592 0.238626837730408 0.238979905843735 0.239332988858223 0.239686071872711 0.240039154887199 0.240392237901688 0.236262902617455 0.230639412999153 0.225015938282013 0.219392463564873 0.213768988847733 0.208145499229431 0.202522024512291 0.197963178157806 0.19659823179245 0.195233270525932 0.193868324160576 0.192503362894058 0.191138416528702 0.189773455262184 0.188408508896828 0.188607648015022 0.189328148961067 0.190048649907112 0.190769165754318 0.191489666700363 0.192210167646408 0.192930683493614 0.193176090717316 0.19199626147747 0.190816432237625 0.18963660299778 0.188456773757935 0.187276944518089 0.186097115278244 0.184917286038399 0.183544650673866 0.182107746601105 0.180670857429504 0.179233953356743 0.177797064185143 0.176360160112381
0.239232763648033 0.239941358566284 0.240649953484535 0.241358548402786 0.242067143321037 0.242775738239288 0.243484333157539 0.24419292807579 0.239777684211731 0.233654469251633 0.227531269192696 0.221408069133759 0.215284869074821 0.209161669015884 0.203038454055786 0.19817478954792 0.197089701890945 0.196004629135132 0.194919541478157 0.193834468722343 0.192749381065369 0.191664293408394 0.19057922065258 0.191073954105377 0.192095279693604 0.19311660528183 0.194137945771217 0.195159271359444 0.19618059694767 0.197201937437057 0.197635680437088 0.196306645870209 0.194977611303329 0.193648591637611 0.192319557070732 0.190990522503853 0.189661502838135 0.188332468271255 0.186663419008255 0.184881031513214 0.183098644018173 0.181316256523132 0.179533869028091 0.177751496434212
0.238338559865952 0.239506155252457 0.240673750638962 0.241841346025467 0.243008956313133 0.244176551699638 0.245344147086143 0.24651175737381 0.242262378334999 0.236207336187363 0.230152294039726 0.224097266793251 0.218042224645615 0.211987182497978 0.205932155251503 0.201041519641876 0.199644133448601 0.198246747255325 0.19684936106205 0.195451974868774 0.194054588675499 0.192657202482224 0.191259816288948 0.191887095570564 0.193189263343811 0.194491431117058 0.195793598890305 0.197095766663551 0.198397934436798 0.199700102210045 0.200333446264267 0.19896037876606 0.197587296366692 0.196214213967323 0.194841131567955 0.193468049168587 0.192094966769218 0.19072188436985 0.188903197646141 0.186935991048813 0.184968769550323 0.183001548051834 0.181034326553345 0.179067105054855
0.235238045454025 0.236968129873276 0.238698229193687 0.240428328514099 0.24215841293335 0.243888512253761 0.245618596673012 0.247348695993423 0.243716984987259 0.238297998905182 0.232879027724266 0.227460041642189 0.222041070461273 0.216622084379196 0.211203098297119 0.206563398241997 0.204261526465416 0.201959654688835 0.199657797813416 0.197355926036835 0.195054054260254 0.192752182483673 0.190450310707092 0.191047102212906 0.192610114812851 0.194173127412796 0.195736140012741 0.197299152612686 0.198862165212631 0.200425177812576 0.201269432902336 0.199957445263863 0.198645457625389 0.197333484888077 0.196021497249603 0.19470950961113 0.193397521972656 0.192085534334183 0.190263986587524 0.188272595405579 0.186281204223633 0.184289798140526 0.18229840695858 0.180307000875473
0.232137531042099 0.234430119395256 0.236722707748413 0.23901529610157 0.241307884454727 0.243600472807884 0.245893061161041 0.248185649514198 0.245171591639519 0.240388676524162 0.235605746507645 0.230822831392288 0.226039901375771 0.221256986260414 0.216474056243896 0.212085276842117 0.208878919482231 0.205672577023506 0.20246621966362 0.199259862303734 0.196053504943848 0.192847147583961 0.189640805125237 0.190207108855247 0.192030966281891 0.193854823708534 0.195678681135178 0.197502538561821 0.199326381087303 0.201150238513947 0.202205419540405 0.200954526662827 0.199703633785248 0.198452740907669 0.19720184803009 0.195950970053673 0.194700077176094 0.193449184298515 0.191624775528908 0.189609214663506 0.187593638896942 0.185578063130379 0.183562487363815 0.181546911597252
0.229037016630173 0.231892094016075 0.234747171401978 0.237602263689041 0.240457341074944 0.243312418460846 0.24616751074791 0.249022588133812 0.24662621319294 0.242479339241982 0.238332480192184 0.234185606241226 0.230038747191429 0.225891873240471 0.221745014190674 0.217607155442238 0.213496312499046 0.209385484457016 0.205274641513824 0.201163798570633 0.197052970528603 0.192942127585411 0.18883128464222 0.189367100596428 0.19145180284977 0.193536505103111 0.195621207356453 0.197705909609795 0.199790611863136 0.201875314116478 0.203141391277313 0.20195160806179 0.200761809945107 0.199572011828423 0.198382213711739 0.197192415595055 0.196002632379532 0.194812834262848 0.192985564470291 0.190945819020271 0.188906073570251 0.18686631321907 0.184826567769051 0.18278680741787
