data/working_set_collections/6091692-Cassins_Sparrow-M2/1990/speed_avg.asc
NCOLS 265 
NROWS 230 
XLLCORNER -115.5625 
YLLCORNER 24.8333333333333 
CELLSIZE 0.0833333333333333 
NODATA_value -9999 
[rows 200 to 219 of 230, columns 46 to 91 of 265]
-9999 -9999 -9999 -9999 -9999 -9999 -9999 -9999 -9999 -9999 -9999 -9999 -9999 -9999 -9999 -9999 4.82886171340942 4.7952094078064 4.76155757904053 4.72790575027466 4.69425344467163 4.64905166625977 4.59999942779541 4.55094718933105 4.5018949508667 4.45284271240234 4.40379047393799 4.35473823547363 4.30528450012207 4.25462627410889 4.20396852493286 4.15331077575684 4.10265254974365 4.05199480056763 4.00133657455444 3.95067882537842 3.91692543029785 3.88880681991577 3.86068844795227 3.83256983757019 3.80445122718811 3.77633261680603 3.74821400642395 3.74174213409424 3.80020976066589 3.85867762565613
-9999 -9999 -9999 -9999 -9999 -9999 -9999 -9999 -9999 -9999 -9999 -9999 -9999 -9999 -9999 -9999 -9999 4.80043315887451 4.76687669754028 4.73332023620605 4.69976377487183 4.65461778640747 4.60560846328735 4.55659914016724 4.50758981704712 4.45858097076416 4.40957164764404 4.36056232452393 4.31124877929688 4.26102209091187 4.21079587936401 4.160569190979 4.11034297943115 4.06011629104614 4.00988960266113 3.95966339111328 3.92292904853821 3.89069223403931 3.8584554195404 3.8262186050415 3.7939817905426 3.7617449760437 3.7295081615448 3.71703815460205 3.76386785507202 3.81069755554199
-9999 -9999 -9999 -9999 -9999 -9999 -9999 -9999 -9999 -9999 -9999 -9999 -9999 -9999 -9999 -9999 -9999 -9999 -9999 4.73873472213745 4.70527410507202 4.66018390655518 4.61121797561646 4.56225156784058 4.5132851600647 4.46431922912598 4.4153528213501 4.36638641357422 4.31721305847168 4.26741790771484 4.21762275695801 4.16782808303833 4.11803293228149 4.06823778152466 4.01844263076782 3.96864771842957 3.92893266677856 3.89257764816284 3.85622262954712 3.8198676109314 3.78351259231567 3.74715757369995 3.71080255508423 3.69233417510986 3.72752571105957 3.76271748542786
-9999 -9999 -9999 -9999 -9999 -9999 -9999 -9999 -9999 -9999 -9999 -9999 -9999 -9999 -9999 -9999 -9999 -9999 -9999 -9999 4.71078395843506 4.66575050354004 4.6168270111084 4.56790399551392 4.51898050308228 4.47005748748779 4.42113399505615 4.37221097946167 4.32317733764648 4.27381372451782 4.22445011138916 4.1750864982605 4.12572288513184 4.07635927200317 4.02699565887451 3.97763228416443 3.93493628501892 3.89446306228638 3.85398983955383 3.81351661682129 3.77304315567017 3.73256993293762 3.69209671020508 3.66763019561768 3.6911838054657 3.71473741531372
-9999 -9999 -9999 -9999 -9999 -9999 -9999 -9999 -9999 -9999 -9999 -9999 -9999 -9999 -9999 -9999 -9999 -9999 -9999 -9999 -9999 4.67038536071777 4.6227593421936 4.57513380050659 4.52750778198242 4.47988224029541 4.43225622177124 4.38463068008423 4.3369779586792 4.28924560546875 4.2415132522583 4.19378089904785 4.1460485458374 4.09831619262695 4.05058431625366 4.00285196304321 3.9594578742981 3.91751027107239 3.8755624294281 3.83361482620239 3.79166698455811 3.7497193813324 3.70777153968811 3.67937731742859 3.69164395332336 3.70391058921814
4.89023637771606 -9999 -9999 -9999 -9999 -9999 -9999 -9999 -9999 -9999 -9999 -9999 -9999 -9999 -9999 -9999 -9999 -9999 -9999 -9999 -9999 -9999 4.62901496887207 4.5839409828186 4.5388674736023 4.49379348754883 4.44871950149536 4.40364551544189 4.35861492156982 4.31371355056763 4.26881217956543 4.22391128540039 4.17900991439819 4.13410902023315 4.08920764923096 4.04430675506592 4.00249719619751 3.9617190361023 3.9209406375885 3.88016223907471 3.83938384056091 3.79860544204712 3.75782704353333 3.72757577896118 3.72890639305115 3.73023700714111
4.82332181930542 4.84039068222046 -9999 -9999 -9999 -9999 -9999 -9999 -9999 -9999 -9999 -9999 -9999 -9999 -9999 -9999 -9999 -9999 -9999 -9999 -9999 -9999 -9999 4.59274864196777 4.55022668838501 4.50770473480225 4.46518230438232 4.42266035079956 4.38025140762329 4.3381814956665 4.29611158370972 4.25404119491577 4.21197128295898 4.1699013710022 4.12783145904541 4.08576107025146 4.04553699493408 4.00592803955078 3.9663188457489 3.92670965194702 3.88710045814514 3.84749150276184 3.80788230895996 3.77577424049377 3.76616883277893 3.75656342506409
4.75640773773193 4.78716611862183 -9999 -9999 -9999 -9999 -9999 -9999 -9999 -9999 -9999 -9999 -9999 -9999 -9999 -9999 -9999 -9999 -9999 -9999 -9999 -9999 -9999 -9999 4.56158590316772 4.52161598205566 4.48164558410645 4.44167566299438 4.40188837051392 4.36264944076538 4.32341051101685 4.28417158126831 4.24493265151978 4.20569372177124 4.1664547920227 4.12721586227417 4.0885763168335 4.05013656616211 4.01169681549072 3.97325706481934 3.93481731414795 3.89637756347656 3.85793781280518 3.82397246360779 3.80343127250671 3.78288984298706
4.68949317932129 4.73394203186035 -9999 -9999 -9999 -9999 -9999 -9999 -9999 -9999 -9999 -9999 -9999 -9999 -9999 -9999 -9999 -9999 -9999 -9999 -9999 -9999 -9999 -9999 -9999 -9999 -9999 -9999 4.42352485656738 4.38711738586426 4.35070943832397 4.31430149078369 4.27789402008057 4.24148607254028 4.20507860183716 4.16867065429688 4.13161611557007 4.0943455696106 4.05707502365112 4.01980447769165 3.98253417015076 3.94526362419128 3.90799307823181 3.87217092514038 3.8406937122345 3.80921626091003
4.62257862091064 4.68071746826172 4.73885631561279 -9999 -9999 -9999 -9999 -9999 -9999 -9999 -9999 -9999 -9999 -9999 -9999 -9999 -9999 -9999 -9999 -9999 -9999 -9999 -9999 -9999 -9999 -9999 -9999 -9999 4.44516181945801 4.41158485412598 4.3780083656311 4.34443187713623 4.31085538864136 4.27727890014648 4.24370193481445 4.21012544631958 4.17465543746948 4.13855409622192 4.10245323181152 4.06635189056396 4.03025102615356 3.99414968490601 3.95804858207703 3.92036938667297 3.8779559135437 3.83554267883301
4.59144496917725 4.65166139602661 4.71187829971313 4.7720947265625 -9999 -9999 -9999 -9999 -9999 -9999 -9999 -9999 -9999 -9999 -9999 -9999 -9999 -9999 -9999 -9999 -9999 -9999 -9999 -9999 -9999 -9999 -9999 -9999 4.47093391418457 4.4394006729126 4.40786743164062 4.37633419036865 4.34480094909668 4.31326770782471 4.28173446655273 4.25020170211792 4.21609783172607 4.1811375617981 4.14617729187012 4.11121702194214 4.076256275177 4.04129600524902 4.00633573532104 3.96804904937744 3.91978335380554 3.87151765823364
4.59609222412109 4.64677381515503 4.69745588302612 4.74813795089722 4.79882001876831 -9999 -9999 -9999 -9999 -9999 -9999 -9999 -9999 -9999 -9999 -9999 -9999 -9999 -9999 -9999 -9999 -9999 -9999 -9999 -9999 -9999 -9999 -9999 4.50084114074707 4.47056341171265 4.44028615951538 4.41000843048096 4.37973117828369 4.34945392608643 4.319176197052 4.28889894485474 4.25594329833984 4.22209548950195 4.1882472038269 4.15439939498901 4.12055110931396 4.08670330047607 4.05285501480103 4.01521015167236 3.96617555618286 3.91714096069336
4.60073900222778 4.64188623428345 4.68303346633911 4.72418069839478 4.76532793045044 -9999 -9999 -9999 -9999 -9999 -9999 -9999 -9999 -9999 -9999 -9999 -9999 -9999 -9999 -9999 -9999 -9999 -9999 -9999 -9999 -9999 -9999 -9999 4.53074836730957 4.50172662734985 4.47270488739014 4.44368314743042 4.4146614074707 4.38563966751099 4.35661792755127 4.32759618759155 4.29578876495361 4.26305294036865 4.23031711578369 4.19758129119873 4.16484594345093 4.13211011886597 4.09937429428101 4.06237173080444 4.01256799697876 3.96276426315308
4.60538625717163 4.63699865341187 4.66861152648926 4.70022392272949 4.73183631896973 -9999 -9999 -9999 -9999 -9999 -9999 -9999 -9999 -9999 -9999 -9999 -9999 -9999 -9999 -9999 -9999 -9999 -9999 -9999 -9999 -9999 -9999 -9999 4.56065607070923 4.53288984298706 4.50512361526489 4.47735738754272 4.44959163665771 4.42182540893555 4.39405918121338 4.36629343032837 4.33563423156738 4.30401086807251 4.27238702774048 4.24076366424561 4.20914030075073 4.17751693725586 4.14589357376099 4.10953283309937 4.05896043777466 4.00838756561279
4.61003351211548 4.63211107254028 4.65418910980225 4.67626714706421 4.69834470748901 -9999 -9999 -9999 -9999 -9999 -9999 -9999 -9999 -9999 -9999 -9999 -9999 -9999 -9999 -9999 -9999 -9999 -9999 -9999 -9999 -9999 -9999 4.60652446746826 4.59056329727173 4.56405305862427 4.53754234313965 4.51103210449219 4.48452186584473 4.45801115036011 4.43150091171265 4.40499067306519 4.37547969818115 4.34496831893921 4.31445741653442 4.28394603729248 4.2534351348877 4.22292375564575 4.19241285324097 4.15669393539429 4.1053524017334 4.05401134490967
4.61468076705933 4.62722396850586 4.63976669311523 4.65230989456177 4.6648530960083 -9999 -9999 4.68169832229614 -9999 -9999 -9999 -9999 -9999 -9999 -9999 -9999 -9999 -9999 -9999 -9999 -9999 -9999 -9999 -9999 -9999 -9999 4.64033985137939 4.63259363174438 4.62047052383423 4.59521579742432 4.5699610710144 4.54470634460449 4.51945161819458 4.49419689178467 4.46894264221191 4.443687915802 4.41532468795776 4.38592624664307 4.35652732849121 4.32712841033936 4.2977294921875 4.26833057403564 4.23893213272095 4.20385503768921 4.1517448425293 4.09963464736938
4.62052011489868 4.6259274482727 4.63133525848389 4.63674306869507 4.64215040206909 -9999 -9999 -9999 -9999 -9999 -9999 -9999 -9999 -9999 -9999 -9999 -9999 -9999 -9999 -9999 -9999 -9999 -9999 -9999 -9999 -9999 4.65277004241943 4.64923334121704 4.64085388183594 4.61794471740723 4.59503507614136 4.57212591171265 4.54921674728394 4.52630710601807 4.50339794158936 4.48048830032349 4.45148277282715 4.42044448852539 4.38940668106079 4.35836839675903 4.32733058929443 4.29629230499268 4.26525449752808 4.22903823852539 4.17728900909424 4.12553977966309
4.62755155563354 4.6282229423523 4.62889432907104 4.6295657157898 4.63023710250854 -9999 4.63589763641357 -9999 -9999 -9999 -9999 -9999 -9999 -9999 -9999 -9999 -9999 -9999 -9999 -9999 -9999 -9999 -9999 -9999 -9999 -9999 -9999 4.65644407272339 4.65171337127686 4.63223886489868 4.61276483535767 4.59329032897949 4.57381582260132 4.5543417930603 4.53486728668213 4.51539278030396 4.48395252227783 4.4485239982605 4.41309499740601 4.37766599655151 4.34223747253418 4.30680847167969 4.2713794708252 4.23224353790283 4.18198537826538 4.13172674179077
4.63458347320557 4.63051843643188 4.62645387649536 4.62238883972168 4.61832427978516 -9999 -9999 -9999 -9999 -9999 -9999 -9999 -9999 -9999 -9999 -9999 -9999 -9999 -9999 -9999 -9999 -9999 -9999 -9999 -9999 -9999 -9999 -9999 4.66257286071777 4.6465334892273 4.63049411773682 4.61445474624634 4.59841537475586 4.58237600326538 4.5663366317749 4.55029726028442 4.51642274856567 4.47660303115845 4.43678331375122 4.39696407318115 4.35714435577393 4.3173246383667 4.27750492095947 4.23544836044312 4.18668127059937 4.13791418075562
4.64161491394043 4.63281393051147 4.62401294708252 4.61521196365356 4.60641098022461 4.5976095199585 4.60407018661499 -9999 -9999 -9999 -9999 -9999 -9999 -9999 -9999 -9999 -9999 -9999 -9999 -9999 -9999 -9999 -9999 -9999 -9999 -9999 -9999 -9999 -9999 4.66082763671875 4.64822340011597 4.63561916351318 4.62301445007324 4.61041021347046 4.59780597686768 4.58520174026489 4.54889249801636 4.50468254089355 4.46047210693359 4.41626167297363 4.37205123901367 4.32784080505371 4.28363037109375 4.23865365982056 4.19137763977051 4.1441011428833
