data/working_set_collections/6091692-Cassins_Sparrow-M2/1990/speed_avg.asc
NCOLS 265 
NROWS 230 
XLLCORNER -115.5625 
YLLCORNER 24.8333333333333 
CELLSIZE 0.0833333333333333 
NODATA_value -9999 
[rows 160 to 179 of 230, columns 92 to 137 of 265]
5.83504819869995 5.78897047042847 5.74289274215698 5.6968150138855 5.65073728561401 5.63577365875244 5.63118124008179 5.62658834457397 5.62199592590332 5.61740350723267 5.61281108856201 5.60821866989136 5.61110639572144 5.63643646240234 5.66176652908325 5.68709659576416 5.71242666244507 5.73775672912598 5.76308631896973 5.78841638565063 5.78520917892456 5.77248907089233 5.75976896286011 5.74704885482788 5.73432874679565 5.72160863876343 5.7088885307312 5.69109344482422 5.65807294845581 5.6250524520874 5.59203195571899 5.55901145935059 5.52599096298218 5.49296998977661 5.4599494934082 5.50990533828735 5.58752012252808 5.66513442993164 5.7427487373352 5.82036352157593 5.89797782897949 5.97559261322021 6.0516619682312 6.12309694290161 6.19453191757202 6.26596641540527
5.8049578666687 5.76064205169678 5.71632623672485 5.67201089859009 5.62769508361816 5.61617612838745 5.6155891418457 5.61500215530396 5.61441564559937 5.61382865905762 5.61324167251587 5.61265516281128 5.61895704269409 5.64592456817627 5.67289209365845 5.69985961914062 5.7268271446228 5.75379467010498 5.78076219558716 5.80772972106934 5.80098390579224 5.7829999923706 5.76501655578613 5.7470326423645 5.72904872894287 5.7110652923584 5.69308137893677 5.6699914932251 5.63158273696899 5.59317350387573 5.55476474761963 5.51635551452637 5.47794628143311 5.439537525177 5.40112829208374 5.44917106628418 5.52603054046631 5.60289001464844 5.67974948883057 5.7566089630127 5.83346843719482 5.91032791137695 5.98737192153931 6.06497049331665 6.14256858825684 6.22016668319702
5.76977825164795 5.7311053276062 5.69243240356445 5.65375995635986 5.61508703231812 5.60799884796143 5.6114387512207 5.61487865447998 5.61831855773926 5.62175846099854 5.62519788742065 5.62863779067993 5.63763093948364 5.66328239440918 5.68893384933472 5.71458530426025 5.74023675918579 5.76588869094849 5.79154014587402 5.81719160079956 5.8072395324707 5.78541994094849 5.76359987258911 5.7417802810669 5.71996021270752 5.6981406211853 5.67632055282593 5.64951229095459 5.6077389717102 5.56596565246582 5.52419233322144 5.48241853713989 5.44064521789551 5.39887189865112 5.35709857940674 5.40023994445801 5.47168684005737 5.54313325881958 5.61458015441895 5.68602657318115 5.75747346878052 5.82891988754272 5.902419090271 5.98207569122314 6.06173229217529 6.14138889312744
5.72950839996338 5.70035982131958 5.67121076583862 5.64206218719482 5.61291313171387 5.61124181747437 5.61872911453247 5.62621688842773 5.633704662323 5.6411919593811 5.64867973327637 5.65616750717163 5.66712856292725 5.68851041793823 5.70989274978638 5.73127460479736 5.75265645980835 5.77403831481934 5.79542016983032 5.81680250167847 5.80397653579712 5.77974796295166 5.75551986694336 5.7312912940979 5.70706272125244 5.68283462524414 5.65860605239868 5.62965631484985 5.58654260635376 5.54342842102051 5.50031471252441 5.45720100402832 5.41408729553223 5.37097311019897 5.32785940170288 5.36311292648315 5.42448902130127 5.48586463928223 5.54724073410034 5.60861682891846 5.66999292373657 5.73136854171753 5.79680299758911 5.87441301345825 5.95202302932739 6.02963304519653
5.68923902511597 5.66961431503296 5.64998912811279 5.63036441802979 5.61073923110962 5.61448431015015 5.6260199546814 5.63755512237549 5.64909076690674 5.66062593460083 5.67216157913208 5.68369674682617 5.69662618637085 5.71373891830444 5.73085117340088 5.74796342849731 5.76507616043091 5.78218841552734 5.79930067062378 5.81641340255737 5.80071353912354 5.77407646179199 5.74743938446045 5.72080230712891 5.69416522979736 5.66752862930298 5.64089155197144 5.60980033874512 5.56534576416016 5.52089166641235 5.47643756866455 5.43198299407959 5.38752889633179 5.34307479858398 5.29862022399902 5.3259859085083 5.37729120254517 5.42859649658203 5.4799017906189 5.5312066078186 5.58251190185547 5.63381719589233 5.69118690490723 5.76675033569336 5.84231328964233 5.91787672042847
5.64896965026855 5.63886833190918 5.62876749038696 5.61866664886475 5.60856533050537 5.61772727966309 5.63331031799316 5.6488938331604 5.66447687149048 5.68005990982056 5.69564294815063 5.71122598648071 5.72612428665161 5.7389669418335 5.75180959701538 5.76465272903442 5.77749538421631 5.79033851623535 5.80318117141724 5.81602382659912 5.79745054244995 5.76840496063232 5.7393593788147 5.71031379699707 5.68126821517944 5.65222263336182 5.62317657470703 5.58994388580322 5.54414939880371 5.49835443496704 5.45255994796753 5.40676546096802 5.36097097396851 5.31517601013184 5.26938152313232 5.28885889053345 5.33009338378906 5.37132787704468 5.41256237030029 5.45379686355591 5.49503135681152 5.53626585006714 5.58557081222534 5.65908765792847 5.73260402679443 5.8061203956604
5.60870027542114 5.60812282562256 5.60754585266113 5.60696840286255 5.60639142990112 5.62097024917603 5.64060115814209 5.66023206710815 5.67986297607422 5.69949388504028 5.71912479400635 5.73875570297241 5.75562191009521 5.76419544219971 5.77276849746704 5.78134155273438 5.78991508483887 5.7984881401062 5.80706167221069 5.81563472747803 5.79418754577637 5.76273345947266 5.73127889633179 5.69982481002808 5.66837072372437 5.6369161605835 5.60546207427979 5.57008790969849 5.52295255661011 5.47581768035889 5.42868280410767 5.38154745101929 5.33441257476807 5.28727769851685 5.24014234542847 5.25173139572144 5.28289556503296 5.31405925750732 5.34522294998169 5.37638711929321 5.40755081176758 5.43871450424194 5.47995519638062 5.55142498016357 5.62289476394653 5.69436454772949
5.56843042373657 5.57737731933594 5.5863242149353 5.59527063369751 5.60421752929688 5.62421321868896 5.64789199829102 5.67157030105591 5.69524908065796 5.71892786026001 5.7426061630249 5.76628494262695 5.78511953353882 5.78942346572876 5.79372692108154 5.79803085327148 5.80233430862427 5.80663824081421 5.81094169616699 5.81524562835693 5.79092454910278 5.75706148147583 5.72319889068604 5.68933582305908 5.65547323226929 5.62161016464233 5.58774757385254 5.55023145675659 5.50175619125366 5.45328092575073 5.40480518341064 5.35632991790771 5.30785417556763 5.2593789100647 5.21090364456177 5.21460437774658 5.23569774627686 5.25679063796997 5.27788400650024 5.29897689819336 5.32007026672363 5.34116315841675 5.37433910369873 5.44376230239868 5.51318502426147 5.58260822296143
5.52601337432861 5.54564762115479 5.56528186798096 5.58491611480713 5.6045503616333 5.63127422332764 5.66036081314087 5.6894474029541 5.71853399276733 5.74762058258057 5.7767071723938 5.80579376220703 5.82693481445312 5.82424068450928 5.82154655456543 5.81885242462158 5.81615829467773 5.81346416473389 5.81077003479004 5.80807590484619 5.77871179580688 5.7404580116272 5.70220422744751 5.66395044326782 5.62569665908813 5.58744287490845 5.54918909072876 5.50851392745972 5.46057367324829 5.41263294219971 5.36469268798828 5.31675243377686 5.26881170272827 5.22087144851685 5.17293119430542 5.17266321182251 5.18828630447388 5.20390939712524 5.21953296661377 5.23515605926514 5.2507791519165 5.26640224456787 5.29414081573486 5.35822534561157 5.42230987548828 5.48639440536499
5.48144769668579 5.51293325424194 5.5444188117981 5.57590484619141 5.60739040374756 5.64215278625488 5.67800760269165 5.71386241912842 5.74971723556519 5.78557205200195 5.82142686843872 5.85728168487549 5.88106775283813 5.86864709854126 5.85622692108154 5.84380674362183 5.83138608932495 5.81896591186523 5.80654573440552 5.7941255569458 5.75754976272583 5.71292304992676 5.66829586029053 5.6236686706543 5.57904148101807 5.53441429138184 5.48978757858276 5.44493436813354 5.39940452575684 5.35387468338013 5.30834484100342 5.26281499862671 5.21728467941284 5.17175483703613 5.12622499465942 5.12590789794922 5.14066171646118 5.1554160118103 5.17016983032227 5.18492364883423 5.19967746734619 5.21443128585815 5.23936033248901 5.29481410980225 5.35026836395264 5.40572214126587
5.43688201904297 5.4802188873291 5.52355623245239 5.56689310073853 5.61022996902466 5.65303182601929 5.69565486907959 5.73827743530273 5.78090047836304 5.82352352142334 5.86614656448364 5.90876960754395 5.93520021438599 5.9130539894104 5.89090728759766 5.86876058578491 5.84661436080933 5.82446765899658 5.802321434021 5.78017473220825 5.73638820648193 5.68538761138916 5.63438701629639 5.58338689804077 5.532386302948 5.48138570785522 5.43038558959961 5.38135528564453 5.33823585510254 5.29511642456055 5.25199699401855 5.20887756347656 5.16575813293457 5.12263870239258 5.07951879501343 5.07915258407593 5.09303712844849 5.1069221496582 5.12080669403076 5.13469123840332 5.14857578277588 5.1624608039856 5.18457984924316 5.23140335083008 5.27822637557983 5.32504987716675
5.39231634140015 5.44750499725342 5.50269317626953 5.5578818321228 5.61307001113892 5.66391038894653 5.71330165863037 5.76269292831421 5.81208419799805 5.86147546768188 5.91086626052856 5.9602575302124 5.98933267593384 5.95746040344238 5.92558765411377 5.89371490478516 5.86184215545654 5.82996988296509 5.79809713363647 5.76622438430786 5.71522617340088 5.65785217285156 5.6004786491394 5.54310464859009 5.48573112487793 5.42835712432861 5.37098360061646 5.31777620315552 5.27706718444824 5.23635816574097 5.19564914703369 5.15494012832642 5.11423110961914 5.07352209091187 5.03281307220459 5.03239727020264 5.04541254043579 5.0584282875061 5.07144355773926 5.08445882797241 5.09747457504272 5.11048984527588 5.12979984283447 5.16799211502075 5.20618486404419 5.24437761306763
5.34775114059448 5.41479063034058 5.48183059692383 5.54887008666992 5.61590957641602 5.67478942871094 5.73094844818115 5.78710794448853 5.8432674407959 5.89942693710327 5.95558643341064 6.01174545288086 6.04346561431885 6.00186681747437 5.96026802062988 5.9186692237854 5.87707042694092 5.83547163009644 5.79387283325195 5.75227403640747 5.69406414031982 5.63031721115112 5.56656980514526 5.50282287597656 5.43907594680786 5.375328540802 5.3115816116333 5.25419664382935 5.21589803695679 5.17759990692139 5.13930130004883 5.10100269317627 5.06270408630371 5.02440547943115 4.98610687255859 4.98564195632935 4.9977879524231 5.009934425354 5.02208042144775 5.03422689437866 5.04637289047241 5.05851888656616 5.07501935958862 5.10458135604858 5.13414335250854 5.16370534896851
5.30318546295166 5.38207674026489 5.46096754074097 5.53985834121704 5.61874961853027 5.68566799163818 5.74859571456909 5.8115234375 5.87445068359375 5.93737840652466 6.00030612945557 6.06323385238647 6.0975980758667 6.04627323150635 5.994948387146 5.94362354278564 5.89229822158813 5.84097337722778 5.78964853286743 5.73832368850708 5.67290210723877 5.60278177261353 5.53266143798828 5.46254110336304 5.39242076873779 5.32229995727539 5.25217962265015 5.19061756134033 5.15472936630249 5.11884117126465 5.08295345306396 5.04706525802612 5.01117706298828 4.97528886795044 4.93940114974976 4.93888664245605 4.9501633644104 4.9614405632019 4.97271728515625 4.98399448394775 4.9952712059021 5.0065484046936 5.02023887634277 5.04117059707642 5.0621018409729 5.08303356170654
5.25255107879639 5.34133863449097 5.43012619018555 5.51891326904297 5.60770082473755 5.68197393417358 5.75140905380249 5.82084369659424 5.89027881622314 5.95971393585205 6.0291485786438 6.0985836982727 6.13613653182983 6.07804346084595 6.01995038986206 5.96185731887817 5.90376377105713 5.84567070007324 5.78757762908936 5.72948455810547 5.65707588195801 5.57989549636841 5.50271511077881 5.42553472518921 5.34835433959961 5.27117395401001 5.19399356842041 5.1284499168396 5.097815990448 5.06718254089355 5.03654861450195 5.00591468811035 4.97528076171875 4.94464683532715 4.91401290893555 4.91974210739136 4.93759250640869 4.95544242858887 4.97329235076904 4.99114274978638 5.00899267196655 5.02684307098389 5.04348421096802 5.05649948120117 5.06951522827148 5.08253049850464
5.19584798812866 5.29257678985596 5.38930559158325 5.48603439331055 5.582763671875 5.66370677947998 5.73938846588135 5.81506967544556 5.89075136184692 5.96643304824829 6.0421142578125 6.11779594421387 6.15908098220825 6.09717750549316 6.03527402877808 5.97337055206299 5.9114670753479 5.84956359863281 5.78766012191772 5.72575664520264 5.64658546447754 5.56165838241577 5.47673177719116 5.39180469512939 5.30687761306763 5.22195053100586 5.13702344894409 5.06769418716431 5.04515838623047 5.02262258529663 5.00008678436279 4.97755098342896 4.95501518249512 4.93247890472412 4.90994310379028 4.92820835113525 4.96007442474365 4.99194002151489 5.02380561828613 5.05567121505737 5.08753681182861 5.11940288543701 5.14475536346436 5.15056943893433 5.15638303756714 5.16219711303711
5.13914442062378 5.24381494522095 5.34848546981812 5.45315599441528 5.55782604217529 5.64544010162354 5.7273678779602 5.80929613113403 5.8912239074707 5.97315216064453 6.0550799369812 6.13700819015503 6.18202590942383 6.11631202697754 6.05059814453125 5.98488426208496 5.91917037963867 5.85345649719238 5.78774261474609 5.7220287322998 5.63609504699707 5.54342174530029 5.45074796676636 5.35807418823242 5.26540088653564 5.17272710800171 5.08005332946777 5.00693893432617 4.99250078201294 4.97806310653687 4.96362495422363 4.94918727874756 4.93474912643433 4.92031145095825 4.90587329864502 4.93667507171631 4.98255634307861 5.02843761444092 5.07431888580322 5.12020015716553 5.16608142852783 5.21196269989014 5.24602651596069 5.24463891983032 5.24325132369995 5.24186372756958
5.08244132995605 5.19505310058594 5.30766487121582 5.42027711868286 5.53288888931274 5.62717294692993 5.71534729003906 5.80352210998535 5.89169645309448 5.97987127304077 6.0680456161499 6.15622043609619 6.20497035980225 6.13544607162476 6.06592178344727 5.99639749526978 5.92687368392944 5.85734939575195 5.78782510757446 5.71830081939697 5.6256046295166 5.52518463134766 5.42476415634155 5.32434415817261 5.2239236831665 5.12350368499756 5.02308320999146 4.94618320465088 4.93984317779541 4.93350315093994 4.92716312408447 4.92082357406616 4.91448354721069 4.90814352035522 4.90180349349976 4.9451413154602 5.00503826141357 5.06493520736694 5.12483167648315 5.18472862243652 5.24462556838989 5.30452251434326 5.34729766845703 5.33870840072632 5.33011913299561 5.32153034210205
5.02573776245117 5.14629125595093 5.26684474945068 5.38739824295044 5.5079517364502 5.60890579223633 5.70332717895508 5.79774808883667 5.89216899871826 5.98659038543701 6.0810112953186 6.17543268203735 6.22791481018066 6.15458011627197 6.08124589920044 6.00791120529175 5.93457651138306 5.86124229431152 5.78790760040283 5.7145733833313 5.61511421203613 5.50694751739502 5.39878082275391 5.29061365127563 5.18244695663452 5.07427978515625 4.96611309051514 4.88542747497559 4.88718557357788 4.88894367218018 4.89070177078247 4.89245986938477 4.8942174911499 4.8959755897522 4.89773368835449 4.9536075592041 5.02752017974854 5.10143232345581 5.17534494400024 5.24925756454468 5.32316970825195 5.39708232879639 5.44856882095337 5.43277835845947 5.41698741912842 5.40119695663452
4.96903467178345 5.09752941131592 5.22602462768555 5.35451936721802 5.48301410675049 5.59063863754272 5.69130659103394 5.79197406768799 5.89264154434204 5.99330949783325 6.0939769744873 6.19464492797852 6.25085926055908 6.17371463775635 6.09656953811646 6.01942491531372 5.94227981567383 5.86513519287109 5.7879900932312 5.71084547042847 5.60462427139282 5.48871040344238 5.3727970123291 5.25688362121582 5.14096975326538 5.0250563621521 4.90914297103882 4.82467174530029 4.83452796936035 4.84438371658325 4.85423994064331 4.86409616470337 4.87395191192627 4.88380813598633 4.89366388320923 4.962073802948 5.0500020980835 5.13792991638184 5.22585821151733 5.31378602981567 5.40171384811401 5.48964214324951 5.54983997344971 5.52684783935547 5.50385570526123 5.48086309432983
