data/working_set_collections/6091692-Cassins_Sparrow-M2/1990/speed_avg.asc
NCOLS 265 
NROWS 230 
XLLCORNER -115.5625 
YLLCORNER 24.8333333333333 
CELLSIZE 0.0833333333333333 
NODATA_value -9999 
[rows 0 to 19 of 230, columns 46 to 91 of 265]
5.34090137481689 5.30642080307007 5.2719407081604 5.23746061325073 5.20298051834106 5.16849994659424 5.10876846313477 5.04062032699585 4.97247171401978 4.9043231010437 4.83617448806763 4.76802587509155 4.69987773895264 4.6535210609436 4.67254018783569 4.69155931472778 4.71057844161987 4.72959756851196 4.74861669540405 4.7676362991333 4.78665542602539 4.92689657211304 5.10754585266113 5.28819465637207 5.46884346008301 5.64949226379395 5.83014154434204 6.01079034805298 6.15900707244873 6.20992660522461 6.26084661483765 6.31176662445068 6.36268615722656 6.4136061668396 6.46452569961548 6.51544570922852 6.4186520576477 6.27262115478516 6.12658977508545 5.9805588722229 5.83452749252319 5.68849658966064 5.54246520996094 5.42333126068115 5.38488817214966 5.34644508361816
5.40200471878052 5.3455810546875 5.28915786743164 5.23273420333862 5.17631053924561 5.11988687515259 5.0499529838562 4.9755163192749 4.90107917785645 4.82664203643799 4.75220537185669 4.67776823043823 4.60333108901978 4.55614233016968 4.59069728851318 4.62525224685669 4.6598072052002 4.6943621635437 4.72891759872437 4.76347255706787 4.79802751541138 4.94478511810303 5.12894344329834 5.31310176849365 5.49726057052612 5.68141889572144 5.86557722091675 6.04973554611206 6.19665670394897 6.23186445236206 6.2670726776123 6.30228090286255 6.33748912811279 6.37269735336304 6.40790510177612 6.44311332702637 6.35114622116089 6.21678686141968 6.08242797851562 5.94806861877441 5.81370973587036 5.67935037612915 5.54499101638794 5.4400691986084 5.42345857620239 5.40684795379639
5.4631085395813 5.38474130630493 5.30637454986572 5.22800731658936 5.14964056015015 5.07127332687378 4.99113750457764 4.9104118347168 4.82968664169312 4.74896097183228 4.66823577880859 4.58751010894775 4.50678491592407 4.45876359939575 4.50885438919067 4.5589451789856 4.60903596878052 4.6591272354126 4.70921802520752 4.75930881500244 4.80939960479736 4.96267318725586 5.1503415107727 5.33800935745239 5.52567720413208 5.71334505081177 5.90101289749146 6.0886812210083 6.23430633544922 6.25380277633667 6.27329921722412 6.29279565811157 6.31229209899902 6.33178853988647 6.35128498077393 6.37078142166138 6.28363990783691 6.16095304489136 6.03826570510864 5.91557884216309 5.79289150238037 5.67020416259766 5.5475172996521 5.45680713653564 5.46202898025513 5.46725082397461
5.52421236038208 5.42390155792236 5.3235912322998 5.22328090667725 5.12297058105469 5.02265977859497 4.93232202529907 4.84530782699585 4.75829410552979 4.67128038406372 4.5842661857605 4.49725246429443 4.41023826599121 4.36138486862183 4.42701148986816 4.4926381111145 4.55826473236084 4.62389183044434 4.68951845169067 4.75514507293701 4.82077169418335 4.98056173324585 5.17173910140991 5.36291646957397 5.55409383773804 5.74527168273926 5.93644905090332 6.12762641906738 6.2719554901123 6.27574062347412 6.27952527999878 6.28330993652344 6.2870945930481 6.29087972640991 6.29466438293457 6.29844903945923 6.2161340713501 6.10511875152588 5.99410390853882 5.8830885887146 5.77207326889038 5.66105842590332 5.5500431060791 5.47354555130005 5.50059986114502 5.52765369415283
5.5853157043457 5.4630618095398 5.34080839157104 5.21855449676514 5.09630060195923 4.97404670715332 4.87350654602051 4.7802038192749 4.68690156936646 4.59359931945801 4.5002965927124 4.40699434280396 4.31369209289551 4.2640061378479 4.34516859054565 4.42633104324341 4.50749349594116 4.58865642547607 4.66981887817383 4.75098133087158 4.83214426040649 4.99844980239868 5.19313716888428 5.38782405853271 5.58251094818115 5.77719783782959 5.97188472747803 6.16657161712646 6.30960512161255 6.29767847061157 6.28575134277344 6.27382469177246 6.26189756393433 6.24997091293335 6.23804378509521 6.22611713409424 6.14862775802612 6.04928493499756 5.94994163513184 5.85059833526611 5.75125551223755 5.65191221237183 5.5525689125061 5.4902834892273 5.53917026519775 5.58805704116821
5.64641952514648 5.50222206115723 5.35802507400513 5.21382761001587 5.06963062286377 4.92543315887451 4.81469058990479 4.71509981155396 4.61550903320312 4.5159182548523 4.41632747650146 4.31673669815063 4.2171459197998 4.16662740707397 4.26332569122314 4.36002397537231 4.45672273635864 4.55342102050781 4.65011930465698 4.74681806564331 4.84351634979248 5.01633834838867 5.21453475952148 5.4127311706543 5.61092758178711 5.80912399291992 6.00732088088989 6.2055172920227 6.34725475311279 6.31961631774902 6.29197788238525 6.26433897018433 6.23670053482056 6.20906209945679 6.18142318725586 6.15378475189209 6.08112192153931 5.99345064163208 5.90577936172485 5.81810855865479 5.73043727874756 5.64276599884033 5.55509519577026 5.50702142715454 5.57774066925049 5.64845991134644
5.6420841217041 5.48970556259155 5.33732652664185 5.1849479675293 5.03256940841675 4.8801908493042 4.76881694793701 4.67111158370972 4.57340669631958 4.47570133209229 4.37799596786499 4.2802906036377 4.1825852394104 4.13519382476807 4.23874187469482 4.34229040145874 4.44583892822266 4.54938745498657 4.65293598175049 4.7564845085144 4.86003303527832 5.03609943389893 5.23633861541748 5.43657779693604 5.63681697845459 5.83705615997314 6.0372953414917 6.23753452301025 6.37985229492188 6.3484058380127 6.31695938110352 6.28551292419434 6.254065990448 6.22261953353882 6.19117307662964 6.15972661972046 6.09083604812622 6.00946426391602 5.92809247970581 5.8467206954956 5.76534938812256 5.68397760391235 5.60260581970215 5.56289911270142 5.64818811416626 5.73347663879395
5.57230949401855 5.42551136016846 5.27871322631836 5.13191509246826 4.98511695861816 4.83831882476807 4.73588514328003 4.64823961257935 4.56059408187866 4.47294855117798 4.38530254364014 4.29765701293945 4.21001148223877 4.16970539093018 4.27141809463501 4.37313079833984 4.47484350204468 4.57655620574951 4.67826890945435 4.77998161315918 4.88169431686401 5.0577335357666 5.25854873657227 5.45936393737793 5.66017913818359 5.86099433898926 6.06180953979492 6.26262426376343 6.40739822387695 6.38404703140259 6.36069631576538 6.33734560012817 6.31399440765381 6.2906436920166 6.26729249954224 6.24394178390503 6.17777061462402 6.09732580184937 6.01688051223755 5.93643569946289 5.85599088668823 5.77554607391357 5.69510126113892 5.65791654586792 5.75051164627075 5.84310722351074
5.50253438949585 5.36131715774536 5.22009992599487 5.07888221740723 4.93766498565674 4.79644727706909 4.70295333862305 4.62536764144897 4.54778146743774 4.47019529342651 4.39260911941528 4.31502342224121 4.23743724822998 4.20421695709229 4.30409383773804 4.40397071838379 4.50384759902954 4.60372447967529 4.70360136032104 4.8034782409668 4.90335559844971 5.07936811447144 5.28075885772705 5.48215007781982 5.68354082107544 5.88493204116821 6.08632326126099 6.2877140045166 6.43494367599487 6.41968822479248 6.40443325042725 6.38917827606201 6.37392282485962 6.35866785049438 6.34341239929199 6.32815742492676 6.26470470428467 6.18518686294556 6.10566902160645 6.02615070343018 5.94663286209106 5.8671145439148 5.78759670257568 5.75293350219727 5.8528356552124 5.95273780822754
5.4327597618103 5.29712295532227 5.16148614883423 5.02584934234619 4.89021253585815 4.75457572937012 4.67002153396606 4.60249519348145 4.53496885299683 4.46744251251221 4.39991617202759 4.33238935470581 4.26486301422119 4.23872852325439 4.33676958084106 4.43481063842773 4.53285217285156 4.63089323043823 4.7289342880249 4.82697534561157 4.92501640319824 5.10100221633911 5.30296897888184 5.50493621826172 5.70690298080444 5.90886974334717 6.11083698272705 6.31280374526978 6.46248912811279 6.45532989501953 6.44817018508911 6.44101095199585 6.43385124206543 6.42669153213501 6.41953229904175 6.41237258911133 6.35163927078247 6.27304792404175 6.19445705413818 6.11586570739746 6.03727436065674 5.95868301391602 5.88009214401245 5.84795093536377 5.95515966415405 6.06236839294434
5.36298513412476 5.23292875289917 5.10287284851074 4.97281646728516 4.84276056289673 4.71270418167114 4.63709020614624 4.57962322235107 4.52215623855591 4.4646897315979 4.40722274780273 4.34975576400757 4.29228925704956 4.2732400894165 4.36944580078125 4.46565103530884 4.56185626983643 4.65806150436401 4.75426721572876 4.85047245025635 4.94667768478394 5.12263631820679 5.32517910003662 5.52772188186646 5.73026514053345 5.93280792236328 6.13535070419312 6.33789348602295 6.49003505706787 6.49097108840942 6.49190711975098 6.49284315109253 6.49377965927124 6.49471569061279 6.49565172195435 6.49658823013306 6.43857383728027 6.3609094619751 6.28324508666992 6.20558071136475 6.12791633605957 6.0502519607544 5.97258758544922 5.94296789169312 6.0574836730957 6.17199897766113
5.29321050643921 5.16873502731323 5.0442590713501 4.91978359222412 4.79530811309814 4.67083263397217 4.60415840148926 4.55675077438354 4.50934362411499 4.46193647384644 4.41452932357788 4.36712217330933 4.31971502304077 4.30775213241577 4.40212154388428 4.49649095535278 4.59086084365845 4.68523025512695 4.77959966659546 4.87396955490112 4.96833896636963 5.14427042007446 5.34738922119141 5.55050802230835 5.75362682342529 5.95674562454224 6.15986442565918 6.36298322677612 6.51758050918579 6.52661228179932 6.53564405441284 6.54467582702637 6.55370807647705 6.56273984909058 6.5717716217041 6.58080339431763 6.52550840377808 6.44877052307129 6.37203311920166 6.29529571533203 6.21855783462524 6.14182043075562 6.06508255004883 6.03798532485962 6.15980768203735 6.28163003921509
5.19429540634155 5.08320903778076 4.97212219238281 4.86103582382202 4.74994897842407 4.63886260986328 4.58619213104248 4.55299377441406 4.5197958946228 4.48659753799438 4.45339918136597 4.42020082473755 4.38700294494629 4.38535404205322 4.47835350036621 4.5713529586792 4.66435289382935 4.75735235214233 4.85035181045532 4.94335126876831 5.03635120391846 5.20376443862915 5.39598226547241 5.58820009231567 5.78041791915894 5.9726357460022 6.16485357284546 6.35707139968872 6.50732946395874 6.53170871734619 6.55608797073364 6.58046722412109 6.60484647750854 6.62922525405884 6.65360450744629 6.67798376083374 6.63060712814331 6.55931186676025 6.4880166053772 6.41672134399414 6.34542608261108 6.27413082122803 6.20283555984497 6.178307056427 6.29407930374146 6.40985155105591
5.06624031066895 4.97635126113892 4.88646173477173 4.7965726852417 4.70668315887451 4.61679410934448 4.58319187164307 4.56835174560547 4.55351209640503 4.53867197036743 4.52383232116699 4.50899267196655 4.49415254592896 4.50604629516602 4.59814167022705 4.69023704528809 4.78233242034912 4.87442779541016 4.96652317047119 5.05861854553223 5.15071392059326 5.30111789703369 5.47095775604248 5.64079761505127 5.81063795089722 5.98047780990601 6.1503176689148 6.32015752792358 6.45928239822388 6.50626039505005 6.55323839187622 6.60021638870239 6.64719438552856 6.6941728591919 6.74115085601807 6.78812885284424 6.75387048721313 6.69253301620483 6.63119554519653 6.56985807418823 6.50852060317993 6.44718313217163 6.38584566116333 6.36393404006958 6.46029949188232 6.55666494369507
4.93818521499634 4.86949348449707 4.80080127716064 4.73210954666138 4.66341733932495 4.59472560882568 4.58019113540649 4.58370971679688 4.58722829818726 4.59074687957764 4.59426546096802 4.5977840423584 4.60130262374878 4.62673902511597 4.71793031692505 4.80912113189697 4.90031242370605 4.99150371551514 5.08269453048706 5.17388582229614 5.26507711410522 5.39847135543823 5.54593372344971 5.69339561462402 5.84085750579834 5.98831987380981 6.13578176498413 6.2832441329956 6.41123485565186 6.48081207275391 6.5503888130188 6.61996603012085 6.68954277038574 6.75911998748779 6.82869720458984 6.89827394485474 6.87713384628296 6.82575416564941 6.77437448501587 6.72299480438232 6.67161512374878 6.62023544311523 6.56885576248169 6.549560546875 6.62651920318604 6.70347785949707
4.81013011932373 4.76263570785522 4.71514081954956 4.66764640808105 4.62015151977539 4.57265710830688 4.57719087600708 4.59906768798828 4.62094449996948 4.64282178878784 4.66469860076904 4.68657541275024 4.70845222473145 4.74743175506592 4.83771848678589 4.92800521850586 5.01829242706299 5.10857915878296 5.19886636734009 5.28915309906006 5.37943983078003 5.49582481384277 5.62090921401978 5.74599313735962 5.87107753753662 5.99616193771362 6.12124586105347 6.24633026123047 6.36318731307983 6.4553632736206 6.54753923416138 6.63971519470215 6.73189115524292 6.82406711578369 6.91624307632446 7.00841903686523 7.00039672851562 6.95897483825684 6.91755294799805 6.87613105773926 6.83470916748047 6.79328775405884 6.75186586380005 6.73518705368042 6.79273891448975 6.85029077529907
4.68207502365112 4.65577793121338 4.62948036193848 4.60318326950073 4.57688570022583 4.55058860778809 4.57419061660767 4.61442565917969 4.65466117858887 4.69489622116089 4.73513174057007 4.77536678314209 4.81560182571411 4.86812400817871 4.95750665664673 5.04688930511475 5.13627243041992 5.22565507888794 5.31503772735596 5.40442037582397 5.49380302429199 5.59317827224731 5.69588470458984 5.79859113693237 5.9012975692749 6.00400400161743 6.10671043395996 6.20941638946533 6.31514024734497 6.42991495132446 6.54468965530396 6.6594648361206 6.7742395401001 6.88901472091675 7.00378942489624 7.11856460571289 7.12366008758545 7.09219598770142 7.06073188781738 7.02926778793335 6.99780368804932 6.96633958816528 6.93487548828125 6.920814037323 6.95895910263062 6.99710416793823
4.55401992797852 4.54892015457153 4.54381990432739 4.53872013092041 4.53361988067627 4.52852010726929 4.57119035720825 4.62978363037109 4.68837738037109 4.74697113037109 4.80556440353394 4.86415815353394 4.92275190353394 4.98881673812866 5.07729530334473 5.16577339172363 5.2542519569397 5.34273052215576 5.43120908737183 5.51968765258789 5.60816621780396 5.69053220748901 5.77086067199707 5.85118913650513 5.93151760101318 6.01184606552124 6.0921745300293 6.17250299453735 6.26709270477295 6.40446662902832 6.54184055328369 6.6792140007019 6.81658792495728 6.95396184921265 7.09133577346802 7.22870969772339 7.24692344665527 7.225417137146 7.20391082763672 7.18240451812744 7.16089820861816 7.13939189910889 7.11788558959961 7.10644054412842 7.12517881393433 7.14391708374023
4.50556945800781 4.51961088180542 4.53365182876587 4.54769325256348 4.56173467636108 4.57577610015869 4.62968158721924 4.69687557220459 4.76406955718994 4.83126354217529 4.89845752716064 4.965651512146 5.03284549713135 5.10424947738647 5.1882848739624 5.27231979370117 5.3563551902771 5.44039011001587 5.52442502975464 5.60846042633057 5.69249534606934 5.7630410194397 5.8290901184082 5.89513921737671 5.96118783950806 6.02723693847656 6.09328603744507 6.15933513641357 6.24548196792603 6.39192295074463 6.53836345672607 6.68480396270752 6.83124494552612 6.97768545150757 7.12412595748901 7.27056694030762 7.29741477966309 7.28439807891846 7.27138185501099 7.25836515426636 7.24534845352173 7.23233222961426 7.21931552886963 7.21216726303101 7.22262191772461 7.23307657241821
4.53672313690186 4.56785011291504 4.59897661209106 4.63010311126709 4.66123008728027 4.6923565864563 4.7496657371521 4.81570196151733 4.88173818588257 4.9477744102478 5.01381063461304 5.07984685897827 5.14588308334351 5.21442317962646 5.29047584533691 5.36652851104736 5.44258069992065 5.5186333656311 5.59468603134155 5.670738697052 5.74679136276245 5.81070518493652 5.8705735206604 5.93044137954712 5.99030923843384 6.05017757415771 6.11004543304443 6.16991329193115 6.2503080368042 6.39228343963623 6.53425884246826 6.67623424530029 6.81820964813232 6.96018505096436 7.10216045379639 7.24413585662842 7.27513360977173 7.2691388130188 7.26314449310303 7.2571496963501 7.25115489959717 7.2451605796814 7.23916578292847 7.23799324035645 7.25128746032715 7.26458168029785
