data/working_set_collections/6091692-Cassins_Sparrow-M2/1990/swgnt_avg.asc
NCOLS 265 
NROWS 230 
XLLCORNER -115.5625 
YLLCORNER 24.8333333333333 
CELLSIZE 0.0833333333333333 
NODATA_value -9999 
[rows 160 to 179 of 230, columns 0 to 45 of 265]
220.359909057617 218.695388793945 217.030853271484 215.366333007812 213.701797485352 212.03727722168 210.372741699219 212.05305480957 214.848297119141 217.643539428711 220.43879699707 223.234039306641 -9999 -9999 -9999 -9999 -9999 -9999 -9999 -9999 -9999 -9999 -9999 -9999 -9999 -9999 -9999 -9999 -9999 -9999 210.257873535156 208.45703125 206.656173706055 204.855331420898 203.054473876953 201.253631591797 199.452789306641 198.957824707031 198.898162841797 198.838485717773 198.778823852539 198.719161987305 198.659484863281 198.599822998047 198.657791137695 199.068634033203
221.298034667969 219.688659667969 218.07926940918 216.46989440918 214.860504150391 213.251129150391 211.641738891602 213.199722290039 215.813507080078 218.427291870117 221.041076660156 223.654846191406 -9999 -9999 -9999 -9999 -9999 -9999 -9999 -9999 -9999 -9999 -9999 -9999 -9999 -9999 -9999 -9999 -9999 -9999 -9999 209.982376098633 207.979522705078 205.976654052734 203.97380065918 201.970947265625 199.968078613281 199.372985839844 199.247131347656 199.121292114258 198.99543762207 198.869598388672 198.743743896484 198.617904663086 198.613998413086 198.975936889648
221.862777709961 220.333953857422 218.805145263672 217.276321411133 215.747512817383 214.218688964844 212.689880371094 214.136840820312 216.575729370117 219.014617919922 221.453521728516 223.89241027832 -9999 -9999 -9999 -9999 -9999 -9999 -9999 -9999 -9999 -9999 -9999 -9999 -9999 -9999 -9999 -9999 -9999 -9999 -9999 -9999 209.356704711914 207.185195922852 205.013671875 202.842163085938 200.670639038086 199.972579956055 199.765686035156 199.558776855469 199.351867675781 199.144973754883 198.938064575195 198.731155395508 198.657272338867 198.982406616211
222.054107666016 220.631286621094 219.208450317383 217.785629272461 216.362808227539 214.939987182617 213.517166137695 214.864395141602 217.134963989258 219.405548095703 221.676132202148 223.946701049805 -9999 -9999 -9999 -9999 -9999 -9999 -9999 -9999 -9999 -9999 -9999 -9999 -9999 -9999 -9999 -9999 -9999 -9999 -9999 -9999 210.787750244141 208.480926513672 206.174118041992 203.867294311523 201.560470581055 200.756637573242 200.453796386719 200.150955200195 199.848114013672 199.545272827148 199.242446899414 198.939605712891 198.787582397461 199.088027954102
222.24543762207 220.928604125977 219.611770629883 218.294937133789 216.978103637695 215.661270141602 214.344436645508 215.591934204102 217.694198608398 219.796463012695 221.898742675781 224.001007080078 -9999 -9999 -9999 -9999 -9999 -9999 -9999 -9999 -9999 -9999 -9999 -9999 -9999 -9999 -9999 -9999 -9999 -9999 -9999 -9999 212.218795776367 209.776672363281 207.334548950195 204.89241027832 202.450286865234 201.540679931641 201.141906738281 200.743133544922 200.344360351562 199.945587158203 199.546813964844 199.148040771484 198.917907714844 199.193649291992
222.436767578125 221.225921630859 220.015090942383 218.804244995117 217.593399047852 216.382568359375 215.171722412109 216.319473266602 218.253433227539 220.187393188477 222.121353149414 224.055313110352 -9999 -9999 -9999 -9999 -9999 -9999 -9999 -9999 -9999 -9999 -9999 -9999 -9999 -9999 -9999 -9999 -9999 -9999 -9999 -9999 213.649841308594 211.072418212891 208.494979858398 205.917541503906 203.340103149414 202.324722290039 201.830017089844 201.335311889648 200.840606689453 200.345901489258 199.851196289062 199.356491088867 199.048217773438 199.299270629883
222.62809753418 221.523254394531 220.418395996094 219.313552856445 218.208709716797 217.103851318359 215.999008178711 217.047027587891 218.81266784668 220.578323364258 222.343963623047 224.109603881836 -9999 -9999 -9999 -9999 -9999 -9999 -9999 -9999 -9999 -9999 -9999 -9999 -9999 -9999 -9999 -9999 -9999 -9999 -9999 -9999 215.08088684082 212.368148803711 209.655410766602 206.942672729492 204.229934692383 203.108764648438 202.518127441406 201.927490234375 201.336853027344 200.746215820312 200.155563354492 199.564926147461 199.17854309082 199.404891967773
222.819427490234 221.820571899414 220.821716308594 219.822860717773 218.824005126953 217.825149536133 216.826293945312 217.774566650391 219.37190246582 220.96923828125 222.56657409668 224.163909912109 -9999 -9999 -9999 -9999 -9999 -9999 -9999 -9999 -9999 -9999 -9999 -9999 -9999 -9999 -9999 -9999 -9999 -9999 -9999 -9999 -9999 213.66389465332 210.815841674805 207.967803955078 205.119750976562 203.892807006836 203.206237792969 202.519668579102 201.833099365234 201.146514892578 200.459945678711 199.773376464844 199.308853149414 199.510513305664
223.753753662109 222.777236938477 221.800720214844 220.824188232422 219.847671508789 218.871154785156 217.894622802734 218.63525390625 219.948257446289 221.261260986328 222.574264526367 223.887268066406 225.200271606445 226.513275146484 -9999 -9999 -9999 -9999 -9999 -9999 -9999 -9999 -9999 -9999 -9999 -9999 -9999 -9999 -9999 -9999 -9999 -9999 -9999 -9999 211.959289550781 209.105209350586 206.251129150391 204.864532470703 203.967102050781 203.069671630859 202.172241210938 201.274810791016 200.377380371094 199.479949951172 198.860427856445 199.074645996094
225.431076049805 224.39323425293 223.355392456055 222.31755065918 221.279708862305 220.24186706543 219.204025268555 219.629058837891 220.541717529297 221.454360961914 222.36701965332 223.279678344727 224.192337036133 225.10498046875 225.970169067383 -9999 -9999 -9999 -9999 -9999 -9999 -9999 -9999 -9999 -9999 -9999 -9999 -9999 -9999 -9999 -9999 -9999 -9999 -9999 -9999 210.354904174805 207.624053955078 206.02392578125 204.800720214844 203.577514648438 202.354293823242 201.131088256836 199.907867431641 198.684661865234 197.833251953125 198.097290039062
227.1083984375 226.009246826172 224.910079956055 223.810913085938 222.711761474609 221.612594604492 220.513427734375 220.622863769531 221.135177612305 221.647476196289 222.159790039062 222.672088623047 223.184387207031 223.696701049805 224.28108215332 225.081680297852 225.882293701172 -9999 -9999 -9999 -9999 -9999 -9999 -9999 -9999 -9999 -9999 -9999 -9999 -9999 -9999 -9999 -9999 -9999 -9999 211.604598999023 208.996978759766 207.183334350586 205.634338378906 204.085342407227 202.536346435547 200.987350463867 199.438354492188 197.889373779297 196.806091308594 197.119934082031
228.785720825195 227.625244140625 226.464767456055 225.304275512695 224.143798828125 222.983306884766 221.822830200195 221.616668701172 221.728637695312 221.840591430664 221.952545166016 222.064498901367 222.176452636719 222.28840637207 222.591979980469 223.470397949219 224.348815917969 225.227233886719 -9999 -9999 -9999 -9999 -9999 -9999 -9999 -9999 -9999 -9999 -9999 -9999 -9999 -9999 -9999 -9999 -9999 -9999 210.369903564453 208.342727661133 206.467956542969 204.593185424805 202.718399047852 200.843627929688 198.968856811523 197.09407043457 195.778915405273 196.142578125
-9999 229.241241455078 228.019439697266 226.797637939453 225.575836181641 224.354034423828 223.132232666016 222.610488891602 222.32209777832 222.03369140625 221.745300292969 221.456909179688 221.168518066406 220.880126953125 220.902893066406 221.859115600586 222.815338134766 223.771560668945 224.727783203125 225.684005737305 -9999 -9999 -9999 -9999 -9999 -9999 -9999 -9999 -9999 -9999 -9999 -9999 -9999 -9999 -9999 -9999 211.742828369141 209.50212097168 207.301574707031 205.101013183594 202.900451660156 200.699905395508 198.49934387207 196.298782348633 194.751739501953 195.165222167969
-9999 -9999 -9999 228.291000366211 227.007873535156 225.724746704102 224.441635131836 223.604293823242 222.915557861328 222.226806640625 221.538070678711 220.849319458008 220.160583496094 219.47184753418 219.213790893555 220.247833251953 221.281860351562 222.315887451172 223.34992980957 224.38395690918 225.417999267578 -9999 -9999 227.32421875 227.674896240234 228.025573730469 -9999 -9999 -9999 -9999 -9999 -9999 -9999 -9999 -9999 -9999 213.115753173828 210.661529541016 208.135192871094 205.608856201172 203.082504272461 200.556167602539 198.029830932617 195.503494262695 193.724563598633 194.187866210938
-9999 -9999 -9999 -9999 228.309051513672 227.119445800781 225.929824829102 224.925094604492 223.981994628906 223.038879394531 222.095779418945 221.15266418457 220.209564208984 219.266448974609 218.791244506836 219.7197265625 220.648223876953 221.576705932617 222.50520324707 223.433685302734 224.362182617188 -9999 -9999 226.447677612305 226.976181030273 227.504684448242 228.033203125 -9999 -9999 -9999 -9999 -9999 -9999 -9999 -9999 -9999 -9999 211.862060546875 209.094528198242 206.326995849609 203.559478759766 200.791946411133 198.0244140625 195.256896972656 193.280822753906 193.679138183594
-9999 -9999 -9999 -9999 -9999 -9999 -9999 226.572906494141 225.521408081055 224.469924926758 223.418426513672 222.366943359375 221.315444946289 220.263961791992 219.635238647461 220.274826049805 220.914428710938 221.554016113281 222.193618774414 222.833206176758 223.472793579102 224.112396240234 224.774963378906 225.445205688477 226.115447998047 226.785675048828 227.455917358398 228.126159667969 228.79638671875 -9999 -9999 -9999 -9999 -9999 -9999 -9999 -9999 -9999 210.179595947266 207.255462646484 204.331344604492 201.4072265625 198.483093261719 195.558975219727 193.420516967773 193.639053344727
-9999 -9999 -9999 -9999 -9999 -9999 -9999 -9999 227.060836791992 225.900955200195 224.741088867188 223.581207275391 222.421340942383 221.261459350586 220.479232788086 220.829925537109 221.180633544922 221.531326293945 221.882019042969 222.232727050781 222.583419799805 222.934112548828 223.630767822266 224.442733764648 -9999 226.066665649414 226.878631591797 227.69059753418 228.502563476562 228.696365356445 -9999 -9999 -9999 -9999 -9999 -9999 -9999 214.345367431641 211.2646484375 208.183929443359 205.103210449219 202.022491455078 198.941772460938 195.861053466797 193.560211181641 193.598968505859
-9999 -9999 -9999 -9999 -9999 -9999 -9999 -9999 -9999 227.331985473633 226.063735961914 224.795471191406 223.527221679688 222.25895690918 221.323226928711 221.385025024414 221.446823120117 221.508636474609 221.570434570312 221.632232666016 221.694046020508 221.755844116211 222.486572265625 223.44026184082 -9999 -9999 226.301361083984 227.25505065918 228.208755493164 228.560394287109 -9999 -9999 -9999 -9999 -9999 -9999 218.378646850586 215.587036132812 212.349716186523 209.112396240234 205.875076293945 202.637771606445 199.400451660156 196.163131713867 193.699890136719 193.558883666992
-9999 -9999 -9999 -9999 -9999 -9999 -9999 -9999 -9999 -9999 -9999 226.009750366211 224.633102416992 223.256469726562 222.167221069336 221.940124511719 221.713027954102 221.485931396484 221.258850097656 221.031753540039 220.804656982422 220.577575683594 221.342361450195 222.437789916992 -9999 -9999 -9999 226.81950378418 227.914932250977 -9999 -9999 -9999 -9999 -9999 -9999 220.934524536133 219.68620300293 216.828689575195 213.434768676758 210.040863037109 206.646957397461 203.253036499023 199.859130859375 196.465209960938 193.839584350586 193.518798828125
-9999 -9999 -9999 -9999 -9999 -9999 -9999 -9999 -9999 -9999 -9999 -9999 225.738998413086 224.253967285156 223.011199951172 222.495223999023 221.979232788086 221.463241577148 220.947265625 220.431274414062 219.915283203125 219.399291992188 220.198165893555 221.435317993164 222.672485351562 223.909637451172 -9999 -9999 -9999 -9999 -9999 -9999 -9999 -9999 -9999 222.035858154297 220.993759155273 218.070343017578 214.519836425781 210.969329833984 -9999 203.868316650391 200.317810058594 196.767303466797 193.979278564453 193.478713989258
