data/working_set_collections/6091692-Cassins_Sparrow-M2/1990/swgnt_avg.asc
NCOLS 265 
NROWS 230 
XLLCORNER -115.5625 
YLLCORNER 24.8333333333333 
CELLSIZE 0.0833333333333333 
NODATA_value -9999 
[rows 80 to 99 of 230, columns 184 to 229 of 265]
175.953063964844 175.831466674805 175.709854125977 175.54216003418 175.359085083008 175.176010131836 174.992950439453 174.809875488281 174.626800537109 174.443725585938 174.216918945312 173.858871459961 173.500823974609 173.142776489258 172.784729003906 172.426696777344 172.068649291992 171.710601806641 171.389724731445 171.081237792969 170.772750854492 170.464263916016 170.155776977539 169.847290039062 169.538803100586 169.255676269531 169.048614501953 168.841552734375 168.634490966797 168.427429199219 168.220367431641 168.013290405273 167.806228637695 167.662857055664 167.540710449219 167.418548583984 167.296401977539 167.174255371094 167.052108764648 166.929962158203 166.763488769531 166.464080810547 166.164672851562 165.865264892578 165.565856933594 165.266448974609
176.390029907227 176.278305053711 176.166580200195 175.996032714844 175.805877685547 175.61572265625 175.425582885742 175.235427856445 175.045272827148 174.855117797852 174.617294311523 174.236511230469 173.855712890625 173.47492980957 173.094131469727 172.713348388672 172.332565307617 171.951766967773 171.633972167969 171.337173461914 171.040390014648 170.743591308594 170.446792602539 170.149993896484 169.853210449219 169.571487426758 169.334991455078 169.098510742188 168.862014770508 168.625534057617 168.389038085938 168.152542114258 167.916061401367 167.778610229492 167.674179077148 167.569747924805 167.465316772461 167.360885620117 167.256454467773 167.152008056641 167.000473022461 166.707565307617 166.414657592773 166.121765136719 165.828857421875 165.53596496582
176.827011108398 176.725158691406 176.623306274414 176.449920654297 176.252685546875 176.055450439453 175.858215332031 175.66096496582 175.463729858398 175.266494750977 175.017684936523 174.614151000977 174.21061706543 173.807083129883 173.403533935547 173 172.596466064453 172.192932128906 171.878219604492 171.593124389648 171.308013916016 171.022918701172 170.737808227539 170.452713012695 170.167602539062 169.887298583984 169.621383666992 169.35546875 169.089553833008 168.823638916016 168.557708740234 168.291793823242 168.02587890625 167.89436340332 167.807647705078 167.720932006836 167.634216308594 167.547500610352 167.460784912109 167.374069213867 167.237442016602 166.951049804688 166.664657592773 166.378265380859 166.091873168945 165.805465698242
177.263977050781 177.171997070312 177.080032348633 176.903793334961 176.699478149414 176.495162963867 176.29084777832 176.086517333984 175.882202148438 175.677886962891 175.418075561523 174.991790771484 174.565505981445 174.139221191406 173.712936401367 173.286666870117 172.860382080078 172.434097290039 172.122467041016 171.849060058594 171.575653076172 171.30224609375 171.028823852539 170.755416870117 170.482009887695 170.203109741211 169.907775878906 169.612426757812 169.317077636719 169.021743774414 168.72639465332 168.431045532227 168.135696411133 168.010116577148 167.941116333008 167.872131347656 167.803131103516 167.734130859375 167.665130615234 167.596130371094 167.474411010742 167.194534301758 166.914642333984 166.634750366211 166.354873657227 166.074981689453
177.538040161133 177.449157714844 177.360275268555 177.189010620117 176.990280151367 176.791564941406 176.592834472656 176.394119262695 176.195388793945 175.996673583984 175.738159179688 175.30029296875 174.862426757812 174.424560546875 173.986679077148 173.548812866211 173.110946655273 172.673080444336 172.340225219727 172.042358398438 171.744506835938 171.446655273438 171.148788452148 170.850936889648 170.553070068359 170.255554199219 169.959030151367 169.662506103516 169.365997314453 169.069473266602 168.77294921875 168.476425170898 168.179901123047 168.076644897461 168.037796020508 167.998931884766 167.960083007812 167.921234130859 167.882385253906 167.843536376953 167.74885559082 167.486663818359 167.224472045898 166.962280273438 166.700103759766 166.437911987305
177.649230957031 177.556625366211 177.464019775391 177.305541992188 177.125091552734 176.944641113281 176.764205932617 176.583755493164 176.403305053711 176.222869873047 175.977951049805 175.539657592773 175.101364135742 174.663070678711 174.22477722168 173.786468505859 173.348175048828 172.909881591797 172.531478881836 172.173034667969 171.814590454102 171.456146240234 171.097702026367 170.7392578125 170.380813598633 170.044616699219 169.775177001953 169.505722045898 169.236282348633 168.966827392578 168.697387695312 168.427947998047 168.158493041992 168.093933105469 168.09765625 168.101379394531 168.105102539062 168.108825683594 168.112548828125 168.116271972656 168.060745239258 167.827438354492 167.594146728516 167.36083984375 167.127548217773 166.894256591797
177.760406494141 177.664093017578 177.567764282227 177.422058105469 177.259902954102 177.097732543945 176.935562133789 176.773391723633 176.611221313477 176.44905090332 176.217742919922 175.779022216797 175.340301513672 174.901580810547 174.462860107422 174.024124145508 173.585403442383 173.146682739258 172.722732543945 172.303695678711 171.884674072266 171.465637207031 171.046600341797 170.627578735352 170.208541870117 169.833679199219 169.59130859375 169.348937988281 169.106567382812 168.864196777344 168.621826171875 168.379455566406 168.137084960938 168.111221313477 168.157516479492 168.203811645508 168.250122070312 168.296417236328 168.342712402344 168.389007568359 168.372634887695 168.168228149414 167.963821411133 167.759414672852 167.55500793457 167.3505859375
177.87158203125 177.771545410156 177.671524047852 177.538589477539 177.39469909668 177.25080871582 177.106918334961 176.963027954102 176.819137573242 176.675247192383 176.457550048828 176.01838684082 175.579238891602 175.140090942383 174.700942993164 174.261779785156 173.822631835938 173.383483886719 172.913986206055 172.434371948242 171.954742431641 171.475128173828 170.995513916016 170.515899658203 170.036270141602 169.622741699219 169.407440185547 169.192153930664 168.976852416992 168.761566162109 168.546264648438 168.330978393555 168.115676879883 168.128509521484 168.217376708984 168.306259155273 168.395126342773 168.484008789062 168.572875976562 168.661758422852 168.684524536133 168.509002685547 168.33349609375 168.157974243164 167.982452392578 167.806930541992
177.982757568359 177.879013061523 177.775268554688 177.655120849609 177.529510498047 177.403900146484 177.278289794922 177.15266418457 177.027053833008 176.901443481445 176.697341918945 176.257751464844 175.818176269531 175.378601074219 174.939025878906 174.499450683594 174.059860229492 173.62028503418 173.105239868164 172.565032958984 172.024826049805 171.484619140625 170.944412231445 170.404220581055 169.864013671875 169.411804199219 169.223587036133 169.035369873047 168.847137451172 168.658920288086 168.470703125 168.282485961914 168.094268798828 168.145797729492 168.277252197266 168.40869140625 168.540145874023 168.671600341797 168.803039550781 168.934494018555 168.99641418457 168.849792480469 168.703155517578 168.556533813477 168.409912109375 168.263275146484
178.093933105469 177.986480712891 177.879013061523 177.77165222168 177.664321899414 177.556976318359 177.449645996094 177.342300415039 177.234970092773 177.127639770508 176.937133789062 176.497131347656 176.057113647461 175.617111206055 175.177108764648 174.737106323242 174.297088623047 173.857086181641 173.296493530273 172.695693969727 172.094909667969 171.494110107422 170.893325805664 170.292526245117 169.691741943359 169.200866699219 169.03971862793 168.878570556641 168.717437744141 168.556289672852 168.395141601562 168.234008789062 168.072860717773 168.1630859375 168.337112426758 168.511138916016 168.685165405273 168.859176635742 169.033203125 169.207229614258 169.308319091797 169.190567016602 169.072830200195 168.955093383789 168.837356567383 168.719619750977
178.437789916992 178.320541381836 178.203277587891 178.086547851562 177.970001220703 177.853439331055 177.736877441406 177.620330810547 177.503768920898 177.387222290039 177.189651489258 176.749053955078 176.308471679688 175.867874145508 175.427291870117 174.986694335938 174.546112060547 174.105514526367 173.525573730469 172.899200439453 172.272811889648 171.646438598633 171.020050048828 170.393676757812 169.767288208008 169.264114379883 169.130508422852 168.996917724609 168.863311767578 168.729721069336 168.596130371094 168.462524414062 168.32893371582 168.436553955078 168.624572753906 168.812591552734 169.000610351562 169.188629150391 169.376647949219 169.564682006836 169.677795410156 169.566223144531 169.454650878906 169.343078613281 169.231506347656 169.119918823242
179.014312744141 178.88117980957 178.748062133789 178.599822998047 178.446548461914 178.293273925781 178.139999389648 177.986724853516 177.833465576172 177.680191040039 177.454895019531 177.013565063477 176.572235107422 176.130905151367 175.689559936523 175.248229980469 174.806900024414 174.365570068359 173.792510986328 173.175537109375 172.558563232422 171.941589355469 171.324615478516 170.707641601562 170.090667724609 169.601547241211 169.495971679688 169.390380859375 169.284805297852 169.179229736328 169.073638916016 168.968063354492 168.862487792969 168.966171264648 169.139617919922 169.313049316406 169.48649597168 169.659942626953 169.833389282227 170.006820678711 170.104873657227 169.976745605469 169.848602294922 169.720474243164 169.592330932617 169.464202880859
179.590835571289 179.441833496094 179.292831420898 179.113098144531 178.923110961914 178.733108520508 178.543121337891 178.353134155273 178.163146972656 177.973159790039 177.720138549805 177.278076171875 176.835998535156 176.393920898438 175.951843261719 175.509765625 175.067687988281 174.625625610352 174.059432983398 173.451858520508 172.844299316406 172.236740112305 171.629165649414 171.021606445312 170.414047241211 169.938980102539 169.861419677734 169.78385925293 169.706283569336 169.628723144531 169.551162719727 169.473602294922 169.396026611328 169.495788574219 169.654647827148 169.813522338867 169.972381591797 170.131256103516 170.290115356445 170.448974609375 170.531951904297 170.387252807617 170.242553710938 170.097869873047 169.953170776367 169.808471679688
180.167358398438 180.002487182617 179.837615966797 179.626373291016 179.399658203125 179.172958374023 178.946243286133 178.719543457031 178.492828369141 178.266128540039 177.985397338867 177.542572021484 177.099761962891 176.656936645508 176.214126586914 175.771301269531 175.328491210938 174.885665893555 174.326354980469 173.72819519043 173.130035400391 172.531890869141 171.933731079102 171.335571289062 170.737426757812 170.276412963867 170.226867675781 170.177322387695 170.127777099609 170.078231811523 170.028686523438 169.979125976562 169.929580688477 170.025405883789 170.169692993164 170.313980102539 170.458267211914 170.602554321289 170.746841430664 170.891128540039 170.959030151367 170.797775268555 170.636520385742 170.475250244141 170.313995361328 170.152740478516
180.743881225586 180.563140869141 180.382400512695 180.139633178711 179.876220703125 179.61279296875 179.349365234375 179.0859375 178.822525024414 178.559097290039 178.250640869141 177.807083129883 177.363525390625 176.919967651367 176.47639465332 176.032836914062 175.589279174805 175.145721435547 174.593276977539 174.004531860352 173.415786743164 172.827041625977 172.238296508789 171.649536132812 171.060791015625 170.613845825195 170.592315673828 170.570785522461 170.549255371094 170.527725219727 170.506195068359 170.484664916992 170.463134765625 170.555038452148 170.68473815918 170.814453125 170.944152832031 171.073867797852 171.203582763672 171.333282470703 171.386108398438 171.208297729492 171.030471801758 170.852645874023 170.674835205078 170.497009277344
181.320404052734 181.123794555664 180.927169799805 180.652908325195 180.352767944336 180.052627563477 179.752487182617 179.452346801758 179.152206420898 178.852066040039 178.515884399414 178.071578979492 177.627288818359 177.182983398438 176.738677978516 176.294372558594 175.850082397461 175.405776977539 174.860198974609 174.280868530273 173.701522827148 173.122192382812 172.542846679688 171.963516235352 171.384170532227 170.951293945312 170.957778930664 170.964263916016 170.970748901367 170.977233886719 170.98371887207 170.990203857422 170.996688842773 171.084655761719 171.199783325195 171.314910888672 171.430038452148 171.545181274414 171.660308837891 171.775436401367 171.813186645508 171.618804931641 171.424423217773 171.230041503906 171.035659790039 170.841278076172
181.611511230469 181.406478881836 181.201446533203 180.906326293945 180.581161499023 180.256011962891 179.930862426758 179.605712890625 179.280563354492 178.955413818359 178.598693847656 178.147262573242 177.695831298828 177.244415283203 176.792984008789 176.341552734375 175.89013671875 175.438705444336 174.911209106445 174.358352661133 173.80549621582 173.252655029297 172.699798583984 172.146942138672 171.594085693359 171.188522338867 171.224807739258 171.261093139648 171.297378540039 171.33366394043 171.369964599609 171.40625 171.442535400391 171.522811889648 171.617736816406 171.712677001953 171.8076171875 171.902542114258 171.997482299805 172.092407226562 172.11051940918 171.898162841797 171.685791015625 171.473434448242 171.26106262207 171.048706054688
181.6171875 181.411193847656 181.205200195312 180.899871826172 180.561416625977 180.222946166992 179.884490966797 179.546035766602 179.207580566406 178.869125366211 178.499053955078 178.034118652344 177.569183349609 177.104248046875 176.639312744141 176.174377441406 175.709442138672 175.244506835938 174.746307373047 174.237014770508 173.727722167969 173.21842956543 172.709136962891 172.199844360352 171.690551757812 171.325546264648 171.393432617188 171.461303710938 171.529174804688 171.597045898438 171.664932250977 171.732803344727 171.800674438477 171.869491577148 171.938613891602 172.007736206055 172.076858520508 172.145965576172 172.215087890625 172.284210205078 172.278106689453 172.046340942383 171.814575195312 171.582809448242 171.351043701172 171.119262695312
181.622863769531 181.415908813477 181.208969116211 180.893417358398 180.541656494141 180.189895629883 179.838134765625 179.486373901367 179.134613037109 178.782852172852 178.3994140625 177.920974731445 177.442535400391 176.964080810547 176.485641479492 176.007202148438 175.528762817383 175.050308227539 174.581405639648 174.115676879883 173.649948120117 173.184204101562 172.718475341797 172.252746582031 171.787017822266 171.462585449219 171.562042236328 171.661499023438 171.760971069336 171.860427856445 171.959899902344 172.059356689453 172.158813476562 172.216171264648 172.259475708008 172.302780151367 172.346099853516 172.389404296875 172.432708740234 172.476013183594 172.445709228516 172.194534301758 171.943359375 171.692184448242 171.441009521484 171.189834594727
181.628540039062 181.420639038086 181.212738037109 180.886962890625 180.521896362305 180.156829833984 179.791763305664 179.426696777344 179.061630249023 178.696563720703 178.299774169922 177.807830810547 177.315872192383 176.823928833008 176.331970214844 175.840026855469 175.348068237305 174.85612487793 174.41650390625 173.994323730469 173.572158813477 173.149993896484 172.727813720703 172.305648803711 171.88346862793 171.599609375 171.730667114258 171.861709594727 171.992767333984 172.123809814453 172.254867553711 172.38591003418 172.516967773438 172.562850952148 172.580337524414 172.597839355469 172.615341186523 172.632827758789 172.650329589844 172.667816162109 172.613296508789 172.342712402344 172.072128295898 171.801559448242 171.530975341797 171.260391235352
