data/working_set_collections/6091692-Cassins_Sparrow-M2/1990/swgnt_avg.asc
NCOLS 265 
NROWS 230 
XLLCORNER -115.5625 
YLLCORNER 24.8333333333333 
CELLSIZE 0.0833333333333333 
NODATA_value -9999 
[rows 200 to 219 of 230, columns 138 to 183 of 265]
199.453338623047 198.88117980957 198.309020996094 197.736862182617 197.456985473633 197.274520874023 197.092071533203 196.909622192383 196.727172851562 196.544723510742 196.362274169922 196.379318237305 196.994842529297 197.610382080078 198.225921630859 198.841445922852 199.456985473633 200.072509765625 200.688049316406 200.603668212891 200.285995483398 199.968322753906 199.650634765625 199.332962036133 199.015289306641 198.697601318359 198.311630249023 197.720779418945 197.129928588867 196.539093017578 195.9482421875 195.357391357422 194.766540527344 194.175689697266 194.114028930664 194.228775024414 194.343521118164 194.458267211914 194.573013305664 194.687759399414 194.802505493164 194.810882568359 194.500091552734 194.189315795898 193.878540039062 193.567764282227
198.442581176758 197.783813476562 197.125061035156 196.46630859375 196.334716796875 196.378860473633 196.423004150391 196.467147827148 196.511291503906 196.555435180664 196.599578857422 196.780792236328 197.37321472168 197.965637207031 198.558059692383 199.150482177734 199.742904663086 200.335327148438 200.927749633789 200.797012329102 200.425216674805 200.053421020508 199.681625366211 199.309829711914 198.938034057617 198.56623840332 198.157806396484 197.639465332031 197.121124267578 196.602783203125 196.084442138672 195.566101074219 195.047760009766 194.529418945312 194.523544311523 194.688491821289 194.853424072266 195.018371582031 195.183319091797 195.348266601562 195.513198852539 195.546310424805 195.183898925781 194.821487426758 194.459075927734 194.096664428711
197.43180847168 196.686462402344 195.941101074219 195.195755004883 195.212463378906 195.483200073242 195.753936767578 196.024673461914 196.29541015625 196.566146850586 196.836883544922 197.182250976562 197.751571655273 198.320877075195 198.890197753906 199.459503173828 200.028823852539 200.598129272461 201.167434692383 200.990341186523 200.564422607422 200.13850402832 199.712600708008 199.286682128906 198.860778808594 198.434860229492 198.003967285156 197.558135986328 197.1123046875 196.666473388672 196.220642089844 195.774826049805 195.328994750977 194.883163452148 194.933059692383 195.148193359375 195.363342285156 195.578475952148 195.79362487793 196.008758544922 196.223892211914 196.28173828125 195.867691040039 195.453643798828 195.039596557617 194.625549316406
196.421035766602 195.589096069336 194.757141113281 193.925201416016 194.090209960938 194.587539672852 195.084869384766 195.58219909668 196.079528808594 196.576858520508 197.074188232422 197.583724975586 198.129928588867 198.676132202148 199.22233581543 199.768539428711 200.314727783203 200.860931396484 201.407135009766 201.183670043945 200.703628540039 200.223602294922 199.743576049805 199.263549804688 198.783508300781 198.303482055664 197.850128173828 197.476806640625 197.103500366211 196.730178833008 196.356857299805 195.983535766602 195.610214233398 195.236892700195 195.342575073242 195.60791015625 195.873245239258 196.138580322266 196.403915405273 196.669250488281 196.934585571289 197.017181396484 196.551498413086 196.085815429688 195.620132446289 195.154449462891
195.603210449219 194.729232788086 193.855255126953 192.98127746582 193.258438110352 193.919311523438 194.580169677734 195.24104309082 195.901901245117 196.562774658203 197.2236328125 197.846710205078 198.356369018555 198.866027832031 199.375701904297 199.885360717773 200.39501953125 200.904678344727 201.414352416992 201.192108154297 200.725891113281 200.259689331055 199.793472290039 199.327255249023 198.861053466797 198.394836425781 197.963073730469 197.634674072266 197.306259155273 196.977844238281 196.649444580078 196.321029663086 195.992630004883 195.664215087891 195.764770507812 196.00830078125 196.251831054688 196.495361328125 196.738891601562 196.982421875 197.225952148438 197.301986694336 196.875534057617 196.449081420898 196.022613525391 195.596160888672
194.978332519531 194.106903076172 193.235458374023 192.364013671875 192.717163085938 193.478515625 194.239868164062 195.001205444336 195.762557983398 196.523910522461 197.285247802734 197.97119140625 198.430892944336 198.890594482422 199.350280761719 199.809982299805 200.269683837891 200.729385375977 201.189086914062 201.015655517578 200.631195068359 200.24674987793 199.862289428711 199.477828979492 199.093368530273 198.708908081055 198.342788696289 198.031692504883 197.720596313477 197.40950012207 197.098403930664 196.787307739258 196.476211547852 196.165115356445 196.199645996094 196.349365234375 196.499084472656 196.648803710938 196.798538208008 196.948257446289 197.09797668457 197.136184692383 196.839813232422 196.543441772461 196.2470703125 195.950698852539
194.353454589844 193.484558105469 192.615661621094 191.74674987793 192.175903320312 193.037734985352 193.899551391602 194.761383056641 195.62321472168 196.485046386719 197.346862792969 198.095672607422 198.505401611328 198.915145874023 199.32487487793 199.734603881836 200.144348144531 200.554077148438 200.963806152344 200.839218139648 200.536514282227 200.233810424805 199.931106567383 199.628387451172 199.32568359375 199.022979736328 198.722503662109 198.428726196289 198.134948730469 197.841156005859 197.547378540039 197.253601074219 196.959808349609 196.666030883789 196.634521484375 196.6904296875 196.746353149414 196.802261352539 196.858169555664 196.914093017578 196.970001220703 196.970367431641 196.804077148438 196.637786865234 196.47151184082 196.305221557617
193.728576660156 192.862213134766 191.995849609375 191.129486083984 191.634628295898 192.596939086914 193.55924987793 194.521560668945 195.483871459961 196.446182250977 197.408477783203 198.220153808594 198.579925537109 198.939697265625 199.299468994141 199.659240722656 200.018997192383 200.378768920898 200.738540649414 200.66276550293 200.441818237305 200.22087097168 199.999908447266 199.778961181641 199.558013916016 199.337051391602 199.102233886719 198.825759887695 198.549285888672 198.272811889648 197.996337890625 197.719879150391 197.443405151367 197.166931152344 197.069396972656 197.031494140625 196.993606567383 196.955718994141 196.917816162109 196.879928588867 196.842025756836 196.804550170898 196.768356323242 196.732147216797 196.695953369141 196.659744262695
193.103698730469 192.239868164062 191.376052856445 190.512222290039 191.093353271484 192.156143188477 193.218933105469 194.281723022461 195.344512939453 196.407302856445 197.470092773438 198.344650268555 198.654449462891 198.964248657227 199.274063110352 199.583862304688 199.893661499023 200.203475952148 200.513275146484 200.486328125 200.347122192383 200.207931518555 200.068725585938 199.929534912109 199.790328979492 199.651138305664 199.481948852539 199.222793579102 198.963623046875 198.704467773438 198.4453125 198.186157226562 197.927001953125 197.667846679688 197.504272460938 197.372573852539 197.240859985352 197.109161376953 196.977462768555 196.845764160156 196.714050292969 196.638748168945 196.732620239258 196.826507568359 196.920394897461 197.014266967773
192.478820800781 191.617538452148 190.756240844727 189.894958496094 190.552093505859 191.715362548828 192.878631591797 194.041900634766 195.205169677734 196.368438720703 197.531707763672 198.469131469727 198.728973388672 198.988800048828 199.248641967773 199.508483886719 199.768325805664 200.028167724609 200.288009643555 200.309875488281 200.25244140625 200.19499206543 200.137542724609 200.080093383789 200.022659301758 199.965209960938 199.861663818359 199.619812011719 199.377975463867 199.136123657227 198.894287109375 198.652435302734 198.410583496094 198.168746948242 197.939147949219 197.713638305664 197.488128662109 197.262619018555 197.037109375 196.811584472656 196.586074829102 196.472930908203 196.696899414062 196.920867919922 197.144836425781 197.368804931641
192.713653564453 191.829574584961 190.945495605469 190.061416625977 190.633026123047 191.689880371094 192.746719360352 193.803558349609 194.860397338867 195.917236328125 196.974075317383 197.835220336914 198.109313964844 198.383392333984 198.657485961914 198.931579589844 199.205657958984 199.479751586914 199.753845214844 199.820327758789 199.817596435547 199.814880371094 199.812164306641 199.809448242188 199.806716918945 199.804000854492 199.760482788086 199.59455871582 199.428619384766 199.2626953125 199.096771240234 198.93083190918 198.764907836914 198.598983764648 198.37353515625 198.128234863281 197.882949829102 197.637664794922 197.392379760742 197.147094726562 196.901809692383 196.783538818359 197.046295166016 197.309066772461 197.571823120117 197.834594726562
193.808212280273 192.876007080078 191.943817138672 191.011611938477 191.336181640625 192.079681396484 192.823181152344 193.566680908203 194.310180664062 195.053680419922 195.797164916992 196.442932128906 196.795486450195 197.148025512695 197.500579833984 197.853118896484 198.205673217773 198.558227539062 198.910766601562 199.017639160156 199.042617797852 199.067611694336 199.092590332031 199.117568969727 199.142547607422 199.167526245117 199.178405761719 199.147003173828 199.115585327148 199.084182739258 199.052764892578 199.021362304688 198.989944458008 198.958541870117 198.807418823242 198.61637878418 198.425354003906 198.234329223633 198.04328918457 197.852264404297 197.661239624023 197.570526123047 197.780807495117 197.991088867188 198.201370239258 198.411651611328
194.902755737305 193.922439575195 192.942123413086 191.961807250977 192.039337158203 192.469497680664 192.899658203125 193.329803466797 193.759963989258 194.19010925293 194.620269775391 195.050643920898 195.481643676758 195.912658691406 196.343673706055 196.774673461914 197.205688476562 197.636703491211 198.06770324707 198.214965820312 198.267654418945 198.320327758789 198.373001098633 198.425689697266 198.478363037109 198.531051635742 198.596328735352 198.699447631836 198.802551269531 198.905654907227 199.008773803711 199.111877441406 199.214981079102 199.318099975586 199.241287231445 199.104522705078 198.967742919922 198.830978393555 198.694213867188 198.557434082031 198.420669555664 198.357528686523 198.515319824219 198.673126220703 198.830917358398 198.988708496094
195.997314453125 194.968872070312 193.9404296875 192.912002563477 192.742492675781 192.859313964844 192.976119995117 193.092926025391 193.209747314453 193.326553344727 193.443374633789 193.658340454102 194.167816162109 194.677291870117 195.186752319336 195.696228027344 196.205703735352 196.71516418457 197.224639892578 197.412292480469 197.49267578125 197.573043823242 197.653427124023 197.733810424805 197.814193725586 197.894561767578 198.014251708984 198.251892089844 198.489517211914 198.727142333984 198.964767456055 199.202392578125 199.440032958984 199.677658081055 199.675170898438 199.592666625977 199.510147094727 199.427627563477 199.345123291016 199.262603759766 199.180099487305 199.14453125 199.249847412109 199.35514831543 199.460464477539 199.565765380859
197.091857910156 196.01530456543 194.938751220703 193.862182617188 193.445648193359 193.249114990234 193.052581787109 192.856063842773 192.659530639648 192.462997436523 192.266464233398 192.266052246094 192.853988647461 193.441909790039 194.029846191406 194.617782592773 195.205703735352 195.793640136719 196.381576538086 196.609619140625 196.717697143555 196.825775146484 196.933853149414 197.041931152344 197.150009155273 197.258087158203 197.432189941406 197.804336547852 198.176483154297 198.548629760742 198.920776367188 199.292922973633 199.665069580078 200.037216186523 200.10905456543 200.080795288086 200.052551269531 200.024291992188 199.996032714844 199.9677734375 199.939529418945 199.931533813477 199.984359741211 200.037185668945 200.089996337891 200.142822265625
198.186401367188 197.061737060547 195.937057495117 194.812377929688 194.148803710938 193.638931274414 193.129058837891 192.619186401367 192.109313964844 191.59944152832 191.089569091797 190.873764038086 191.540145874023 192.20654296875 192.872940063477 193.539321899414 194.205718994141 194.872116088867 195.538513183594 195.806945800781 195.942718505859 196.078491210938 196.214279174805 196.350051879883 196.485824584961 196.621612548828 196.850112915039 197.356781005859 197.863433837891 198.370101928711 198.876770019531 199.383438110352 199.890106201172 200.396774291992 200.542938232422 200.568939208984 200.594940185547 200.620941162109 200.646942138672 200.672943115234 200.698959350586 200.718536376953 200.718872070312 200.719207763672 200.719543457031 200.719879150391
199.416763305664 198.303833007812 197.190902709961 196.077972412109 195.266311645508 194.555068969727 193.843811035156 193.132568359375 192.421325683594 191.710083007812 190.998840332031 190.626525878906 191.270965576172 191.915405273438 192.559860229492 193.204299926758 193.848739624023 194.493179321289 195.137634277344 195.439529418945 195.627243041992 195.81494140625 196.002655029297 196.190368652344 196.378082275391 196.565795898438 196.852249145508 197.434936523438 198.017623901367 198.600311279297 199.182998657227 199.765686035156 200.348358154297 200.931045532227 201.138397216797 201.220642089844 201.302886962891 201.385131835938 201.467376708984 201.549621582031 201.631866455078 201.681030273438 201.630950927734 201.580871582031 201.530792236328 201.480712890625
200.782928466797 199.741607666016 198.700286865234 197.658966064453 196.798156738281 195.997512817383 195.196868896484 194.396224975586 193.595581054688 192.794952392578 191.99430847168 191.524353027344 192.046432495117 192.568511962891 193.090606689453 193.612686157227 194.134765625 194.656860351562 195.178939819336 195.507369995117 195.771255493164 196.035125732422 196.299011230469 196.562896728516 196.826766967773 197.09065246582 197.438613891602 198.038818359375 198.639022827148 199.239227294922 199.839431762695 200.439636230469 201.039840698242 201.640045166016 201.895446777344 202.035919189453 202.176391601562 202.316848754883 202.457321166992 202.597793579102 202.738250732422 202.819000244141 202.720581054688 202.622177124023 202.52375793457 202.425338745117
202.14909362793 201.179382324219 200.209671020508 199.239959716797 198.330001831055 197.439956665039 196.549926757812 195.659881591797 194.76985168457 193.879806518555 192.989761352539 192.422164916992 192.821899414062 193.221618652344 193.621353149414 194.021072387695 194.420806884766 194.820526123047 195.220260620117 195.575225830078 195.915267944336 196.255310058594 196.595367431641 196.935409545898 197.275466918945 197.615509033203 198.024978637695 198.642700195312 199.26042175293 199.878158569336 200.495880126953 201.11360168457 201.731323242188 202.349060058594 202.652496337891 202.851196289062 203.049880981445 203.248580932617 203.447265625 203.645950317383 203.844650268555 203.956970214844 203.81022644043 203.663467407227 203.516723632812 203.369964599609
203.515258789062 202.617156982422 201.719055175781 200.820953369141 199.861846923828 198.882415771484 197.902969360352 196.923538208008 195.944107055664 194.964660644531 193.985229492188 193.31999206543 193.597366333008 193.874725341797 194.152099609375 194.429458618164 194.706832885742 194.984191894531 195.261566162109 195.64306640625 196.059280395508 196.475494384766 196.891723632812 197.30793762207 197.724151611328 198.140365600586 198.611343383789 199.24658203125 199.8818359375 200.517074584961 201.152313232422 201.787567138672 202.422805786133 203.058059692383 203.409545898438 203.666473388672 203.923385620117 204.180297851562 204.437210083008 204.694122314453 204.951034545898 205.094955444336 204.899856567383 204.704772949219 204.509674072266 204.314590454102
