data/working_set_collections/6091692-Cassins_Sparrow-M2/1990/swgnt_avg.asc
NCOLS 265 
NROWS 230 
XLLCORNER -115.5625 
YLLCORNER 24.8333333333333 
CELLSIZE 0.0833333333333333 
NODATA_value -9999 
[rows 160 to 179 of 230, columns 138 to 183 of 265]
199.507278442383 199.394241333008 199.281204223633 199.168167114258 198.451553344727 197.533752441406 196.615951538086 195.698150634766 194.780349731445 193.862548828125 192.944747924805 192.239379882812 192.171310424805 192.103240966797 192.035171508789 191.967102050781 191.899032592773 191.830963134766 191.762893676758 191.780685424805 191.827087402344 191.873489379883 191.919906616211 191.96630859375 192.012710571289 192.059127807617 192.143966674805 192.344085693359 192.544204711914 192.744323730469 192.944442749023 193.144561767578 193.344680786133 193.544799804688 193.473892211914 193.312637329102 193.1513671875 192.990112304688 192.828857421875 192.667602539062 192.50634765625 192.391403198242 192.41535949707 192.439315795898 192.463287353516 192.487243652344
200.322174072266 200.231338500977 200.140502929688 200.049682617188 199.346618652344 198.439498901367 197.532363891602 196.625244140625 195.718109130859 194.810989379883 193.903854370117 193.197387695312 193.092880249023 192.988372802734 192.883880615234 192.779373168945 192.674880981445 192.570373535156 192.465866088867 192.446838378906 192.456283569336 192.465728759766 192.475189208984 192.484634399414 192.494094848633 192.503540039062 192.556396484375 192.739456176758 192.922515869141 193.105575561523 193.288635253906 193.4716796875 193.654739379883 193.837799072266 193.764785766602 193.606414794922 193.448028564453 193.289657592773 193.131286621094 192.972900390625 192.814529418945 192.706939697266 192.751708984375 192.796463012695 192.841232299805 192.885986328125
200.772445678711 200.674285888672 200.576126098633 200.477951049805 199.808700561523 198.949096679688 198.089477539062 197.229873657227 196.370254516602 195.510650634766 194.651031494141 193.971771240234 193.833602905273 193.695419311523 193.557250976562 193.419067382812 193.280899047852 193.142715454102 193.004531860352 192.913299560547 192.83772277832 192.762130737305 192.686538696289 192.610961914062 192.535369873047 192.459777832031 192.452835083008 192.651809692383 192.850784301758 193.049758911133 193.248733520508 193.447708129883 193.646682739258 193.845657348633 193.803771972656 193.681594848633 193.55940246582 193.437225341797 193.315048217773 193.19287109375 193.070678710938 192.991592407227 193.041748046875 193.091918945312 193.142074584961 193.192245483398
200.85807800293 200.723052978516 200.588027954102 200.453002929688 199.837799072266 199.062545776367 198.287292480469 197.51203918457 196.736785888672 195.961532592773 195.186279296875 194.562561035156 194.393463134766 194.224380493164 194.055282592773 193.886184692383 193.717086791992 193.547988891602 193.378890991211 193.180084228516 192.971389770508 192.762680053711 192.553970336914 192.345260620117 192.136566162109 191.927856445312 191.833297729492 192.081161499023 192.329025268555 192.576904296875 192.824768066406 193.072647094727 193.320510864258 193.568374633789 193.590850830078 193.538177490234 193.485504150391 193.432830810547 193.380157470703 193.327484130859 193.274810791016 193.245346069336 193.285507202148 193.32568359375 193.365844726562 193.406021118164
200.943725585938 200.771820068359 200.59992980957 200.428039550781 199.866897583008 199.175994873047 198.485107421875 197.794219970703 197.103317260742 196.41242980957 195.721527099609 195.153350830078 194.953338623047 194.753326416016 194.553314208984 194.353286743164 194.153274536133 193.953262329102 193.75325012207 193.446884155273 193.105056762695 192.763229370117 192.421401977539 192.079574584961 191.737747192383 191.395919799805 191.213745117188 191.510513305664 191.807281494141 192.104034423828 192.400802612305 192.697570800781 192.994338989258 193.291091918945 193.377914428711 193.394744873047 193.411590576172 193.428421020508 193.445251464844 193.462097167969 193.478927612305 193.499099731445 193.529266357422 193.559448242188 193.589614868164 193.61979675293
201.029357910156 200.820602416992 200.611846923828 200.403076171875 199.89599609375 199.289459228516 198.682922363281 198.076385498047 197.469848632812 196.863311767578 196.256774902344 195.744140625 195.513214111328 195.282272338867 195.051345825195 194.820404052734 194.589477539062 194.358535766602 194.12760925293 193.713668823242 193.238723754883 192.763778686523 192.288833618164 191.813888549805 191.338943481445 190.863998413086 190.594192504883 190.939865112305 191.285522460938 191.63117980957 191.976837158203 192.322494506836 192.668151855469 193.013809204102 193.164978027344 193.251327514648 193.337677001953 193.424011230469 193.510360717773 193.596710205078 193.683044433594 193.752853393555 193.773025512695 193.793212890625 193.813385009766 193.833572387695
201.115005493164 200.869369506836 200.623748779297 200.378128051758 199.925079345703 199.402908325195 198.880737304688 198.358551025391 197.836380004883 197.314208984375 196.792022705078 196.334930419922 196.07307434082 195.811218261719 195.549377441406 195.287521362305 195.025665283203 194.763809204102 194.501953125 193.980453491211 193.37239074707 192.764312744141 192.15625 191.548187255859 190.940124511719 190.332061767578 189.974655151367 190.369201660156 190.763763427734 191.158309936523 191.552871704102 191.947418212891 192.341979980469 192.736526489258 192.952056884766 193.10791015625 193.263763427734 193.419616699219 193.575469970703 193.731323242188 193.887176513672 194.006607055664 194.016784667969 194.026977539062 194.037155151367 194.047348022461
201.200637817383 200.918151855469 200.635650634766 200.353164672852 199.954177856445 199.516357421875 199.078552246094 198.640731811523 198.202911376953 197.765090942383 197.327270507812 196.925720214844 196.632949829102 196.340179443359 196.047409057617 195.754638671875 195.461853027344 195.169082641602 194.876312255859 194.24723815918 193.506057739258 192.764862060547 192.023681640625 191.282501220703 190.541320800781 189.80012512207 189.355102539062 189.798553466797 190.242004394531 190.685455322266 191.12890625 191.572341918945 192.01579284668 192.459243774414 192.739120483398 192.964492797852 193.189849853516 193.41520690918 193.640579223633 193.865936279297 194.091293334961 194.260360717773 194.260543823242 194.2607421875 194.260925292969 194.261108398438
201.262435913086 200.961669921875 200.660903930664 200.360137939453 200.005523681641 199.632965087891 199.26042175293 198.88786315918 198.51530456543 198.14274597168 197.77018737793 197.417526245117 197.124572753906 196.831619262695 196.538650512695 196.245697021484 195.952743530273 195.659790039062 195.366821289062 194.706909179688 193.924667358398 193.142425537109 192.36018371582 191.577941894531 190.795700073242 190.013458251953 189.527145385742 189.928649902344 190.330139160156 190.731643676758 191.133148193359 191.534637451172 191.936141967773 192.337631225586 192.620727539062 192.864334106445 193.107955932617 193.3515625 193.595169067383 193.838790893555 194.082397460938 194.261962890625 194.249374389648 194.236770629883 194.224182128906 194.21159362793
201.300399780273 200.999954223633 200.699493408203 200.399032592773 200.079132080078 199.752731323242 199.426330566406 199.099945068359 198.773544311523 198.447158813477 198.120758056641 197.810363769531 197.547958374023 197.285537719727 197.023132324219 196.760726928711 196.498321533203 196.235900878906 195.973495483398 195.359466552734 194.628219604492 193.896987915039 193.165756225586 192.434509277344 191.703277587891 190.972030639648 190.490783691406 190.759490966797 191.028182983398 191.296890258789 191.56559753418 191.83430480957 192.103012084961 192.371704101562 192.59684753418 192.80744934082 193.018051147461 193.228668212891 193.439270019531 193.649887084961 193.860488891602 194.011413574219 193.983245849609 193.955093383789 193.92692565918 193.898773193359
201.338363647461 201.038223266602 200.738082885742 200.437927246094 200.152725219727 199.872497558594 199.592254638672 199.312026977539 199.031799316406 198.751571655273 198.471328735352 198.203201293945 197.971328735352 197.739471435547 197.507614135742 197.275756835938 197.043884277344 196.812026977539 196.580169677734 196.012023925781 195.331787109375 194.651550292969 193.971313476562 193.291076660156 192.610855102539 191.930618286133 191.45442199707 191.59033203125 191.726226806641 191.86213684082 191.998046875 192.13395690918 192.269866943359 192.405776977539 192.572952270508 192.750564575195 192.928161621094 193.105773925781 193.28337097168 193.460983276367 193.638580322266 193.760848999023 193.717132568359 193.673400878906 193.629684448242 193.585952758789
201.376327514648 201.07649230957 200.776657104492 200.476837158203 200.226318359375 199.992248535156 199.758178710938 199.524108886719 199.2900390625 199.055969238281 198.821914672852 198.59602355957 198.394714355469 198.193405151367 197.992080688477 197.790771484375 197.589462280273 197.388153076172 197.186828613281 196.664581298828 196.035354614258 195.406112670898 194.776885986328 194.147659301758 193.518417358398 192.889190673828 192.418045043945 192.421157836914 192.424270629883 192.427398681641 192.430511474609 192.433624267578 192.436737060547 192.439849853516 192.549072265625 192.69367980957 192.838272094727 192.982879638672 193.127471923828 193.272079467773 193.41667175293 193.510299682617 193.45100402832 193.391708374023 193.332427978516 193.273132324219
201.414291381836 201.114776611328 200.815246582031 200.515731811523 200.299926757812 200.112014770508 199.924102783203 199.736206054688 199.548294067383 199.360382080078 199.172485351562 198.988861083984 198.818099975586 198.647323608398 198.4765625 198.305801391602 198.135040283203 197.964263916016 197.793502807617 197.317138671875 196.738906860352 196.160690307617 195.582458496094 195.00422668457 194.425994873047 193.847778320312 193.381683349609 193.251998901367 193.122314453125 192.992645263672 192.86296081543 192.733276367188 192.603607177734 192.473922729492 192.525192260742 192.636795043945 192.748382568359 192.859985351562 192.971572875977 193.083160400391 193.194763183594 193.259750366211 193.18489074707 193.11003112793 193.035171508789 192.960311889648
201.452255249023 201.153045654297 200.85383605957 200.554626464844 200.373519897461 200.231781005859 200.090026855469 199.948287963867 199.806549072266 199.664794921875 199.523056030273 199.381698608398 199.241470336914 199.101257324219 198.961044311523 198.820831298828 198.680603027344 198.540390014648 198.400177001953 197.969696044922 197.442474365234 196.915252685547 196.388031005859 195.860794067383 195.333572387695 194.806350708008 194.345306396484 194.08283996582 193.820358276367 193.557891845703 193.29541015625 193.032943725586 192.770462036133 192.507995605469 192.501312255859 192.57991027832 192.658493041992 192.737091064453 192.815673828125 192.894256591797 192.972854614258 193.009185791016 192.918762207031 192.828338623047 192.737915039062 192.647491455078
201.616683959961 201.363021850586 201.109375 200.855712890625 200.676986694336 200.523254394531 200.369506835938 200.215774536133 200.062042236328 199.908294677734 199.75456237793 199.618209838867 199.533996582031 199.449798583984 199.365600585938 199.281402587891 199.197204589844 199.113006591797 199.028793334961 198.653839111328 198.181976318359 197.710113525391 197.238235473633 196.766372680664 196.294494628906 195.822631835938 195.380401611328 195.027145385742 194.673873901367 194.320617675781 193.967346191406 193.614074707031 193.260818481445 192.90754699707 192.80744934082 192.791748046875 192.77604675293 192.760330200195 192.74462890625 192.728912353516 192.71321105957 192.678207397461 192.585342407227 192.492477416992 192.399612426758 192.306732177734
201.907577514648 201.744720458984 201.581848144531 201.418975830078 201.210342407227 200.986450195312 200.762557983398 200.538665771484 200.31477355957 200.090881347656 199.866989135742 199.698394775391 199.695678710938 199.692962646484 199.690246582031 199.687530517578 199.684814453125 199.682098388672 199.679382324219 199.369583129883 198.957412719727 198.545257568359 198.133087158203 197.720932006836 197.30876159668 196.896606445312 196.486968994141 196.084915161133 195.682861328125 195.280807495117 194.878753662109 194.476699829102 194.074645996094 193.672592163086 193.443618774414 193.272323608398 193.101028442383 192.929733276367 192.758438110352 192.587142944336 192.41584777832 192.266815185547 192.184631347656 192.102432250977 192.020248413086 191.938064575195
202.198471069336 202.126403808594 202.054321289062 201.982238769531 201.743698120117 201.449645996094 201.155609130859 200.861557006836 200.567520141602 200.273468017578 199.979431152344 199.778579711914 199.857360839844 199.936126708984 200.014892578125 200.093658447266 200.172424316406 200.251190185547 200.329971313477 200.085311889648 199.732864379883 199.380401611328 199.027938842773 198.675491333008 198.323028564453 197.970581054688 197.593521118164 197.142684936523 196.691848754883 196.240997314453 195.790161132812 195.339324951172 194.888488769531 194.437652587891 194.079772949219 193.752883911133 193.426010131836 193.09912109375 192.772232055664 192.445358276367 192.118469238281 191.855422973633 191.783920288086 191.71240234375 191.640884399414 191.569381713867
202.489364624023 202.508087158203 202.526794433594 202.545516967773 202.277038574219 201.912841796875 201.548645019531 201.184448242188 200.820251464844 200.4560546875 200.091857910156 199.858779907227 200.019027709961 200.179275512695 200.339538574219 200.499786376953 200.660049438477 200.820297241211 200.980545043945 200.801055908203 200.50830078125 200.215545654297 199.922805786133 199.63005065918 199.337295532227 199.044555664062 198.700073242188 198.200454711914 197.700820922852 197.201202392578 196.701568603516 196.201950073242 195.70231628418 195.202697753906 194.715927124023 194.233459472656 193.750991821289 193.268508911133 192.786041259766 192.303573608398 191.821090698242 191.444030761719 191.383193969727 191.322357177734 191.261535644531 191.200698852539
202.780258178711 202.889770507812 202.999282836914 203.108779907227 202.810394287109 202.376052856445 201.941696166992 201.507339477539 201.072998046875 200.638641357422 200.204299926758 199.93896484375 200.180709838867 200.422439575195 200.664184570312 200.905914306641 201.147659301758 201.389389038086 201.631134033203 201.516784667969 201.283737182617 201.050689697266 200.817657470703 200.584609985352 200.3515625 200.118530273438 199.806640625 199.258224487305 198.709808349609 198.161392211914 197.612976074219 197.064575195312 196.516159057617 195.967742919922 195.352096557617 194.71403503418 194.075973510742 193.437911987305 192.799850463867 192.16178894043 191.523727416992 191.032638549805 190.982482910156 190.932327270508 190.882171630859 190.832015991211
203.071151733398 203.271453857422 203.471755981445 203.67204284668 203.34375 202.839248657227 202.334747314453 201.830230712891 201.325729370117 200.821228027344 200.31672668457 200.019165039062 200.342376708984 200.665603637695 200.988830566406 201.312042236328 201.635269165039 201.95849609375 202.281707763672 202.232513427734 202.059188842773 201.885848999023 201.712509155273 201.539169311523 201.365829467773 201.192504882812 200.913192749023 200.315994262695 199.718795776367 199.121597290039 198.524398803711 197.927185058594 197.329986572266 196.732788085938 195.988250732422 195.194610595703 194.400955200195 193.607299804688 192.813659667969 192.020004272461 191.226348876953 190.621246337891 190.581771850586 190.542282104492 190.502807617188 190.463333129883
