data/working_set_collections/6091692-Cassins_Sparrow-M2/1990/tautot_avg.asc
NCOLS 265 
NROWS 230 
XLLCORNER -115.5625 
YLLCORNER 24.8333333333333 
CELLSIZE 0.0833333333333333 
NODATA_value -9999 
[rows 80 to 99 of 230, columns 46 to 91 of 265]
8.83303165435791 8.70687484741211 8.58071804046631 8.45456027984619 8.32840347290039 8.20224666595459 8.14076805114746 8.10085010528564 8.06093120574951 8.02101230621338 7.9810938835144 7.94117546081543 7.90125703811646 7.87935304641724 7.91149377822876 7.94363498687744 7.97577571868896 8.00791645050049 8.04005718231201 8.07219791412354 8.10433959960938 8.14498329162598 8.18846130371094 8.2319393157959 8.27541732788086 8.31889629364014 8.3623743057251 8.40585231781006 8.47781658172607 8.6352367401123 8.79265785217285 8.9500789642334 9.10750007629395 9.26492118835449 9.42234230041504 9.57976341247559 9.81686687469482 10.0805311203003 10.3441953659058 10.6078586578369 10.8715229034424 11.1351871490479 11.3988513946533 11.5948877334595 11.5880403518677 11.5811929702759
8.68964385986328 8.56973552703857 8.44982624053955 8.32991790771484 8.21000957489014 8.09010028839111 8.05331802368164 8.04424381256104 8.03517055511475 8.02609634399414 8.01702213287354 8.00794887542725 7.99887466430664 7.99372434616089 8.00034618377686 8.00696754455566 8.01358890533447 8.02021026611328 8.02683162689209 8.03345394134521 8.04007530212402 8.06999683380127 8.10768604278564 8.1453742980957 8.18306255340576 8.22075176239014 8.2584400177002 8.29612922668457 8.36223602294922 8.51359844207764 8.66496086120605 8.81632232666016 8.96768474578857 9.11904716491699 9.27040958404541 9.42177104949951 9.63170528411865 9.86116313934326 10.0906209945679 10.3200788497925 10.5495376586914 10.778995513916 11.0084533691406 11.1844167709351 11.199896812439 11.2153778076172
8.54625606536865 8.43259525299072 8.31893539428711 8.20527458190918 8.09161472320557 7.9779543876648 7.96586751937866 7.98763799667358 8.00940895080566 8.03117942810059 8.05295085906982 8.07472133636475 8.09649181365967 8.1080961227417 8.08919811248779 8.07030010223389 8.05140209197998 8.03250408172607 8.01360702514648 7.99470853805542 7.97581100463867 7.99501085281372 8.02690982818604 8.05880928039551 8.09070873260498 8.12260723114014 8.15450668334961 8.18640613555908 8.24665641784668 8.39195919036865 8.53726291656494 8.68256568908691 8.8278694152832 8.97317314147949 9.11847591400146 9.26377964019775 9.44654369354248 9.64179611206055 9.8370475769043 10.032299041748 10.2275514602661 10.4228029251099 10.6180543899536 10.7739458084106 10.8117542266846 10.8495616912842
8.40286731719971 8.29545593261719 8.18804359436035 8.08063220977783 7.973219871521 7.86580801010132 7.87841701507568 7.93103265762329 7.98364782333374 8.03626346588135 8.0888786315918 8.14149475097656 8.19410991668701 8.22246742248535 8.17805004119873 8.13363265991211 8.08921527862549 8.04479885101318 8.00038146972656 7.95596408843994 7.91154670715332 7.92002487182617 7.94613409042358 7.97224378585815 7.99835348129272 8.02446365356445 8.05057334899902 8.07668304443359 8.13107585906982 8.27032089233398 8.40956497192383 8.54881000518799 8.68805408477783 8.82729816436768 8.96654319763184 9.10578727722168 9.26138305664062 9.42242813110352 9.58347415924072 9.74451923370361 9.90556526184082 10.066611289978 10.2276563644409 10.3634748458862 10.4236106872559 10.4837465286255
8.37543678283691 8.27691745758057 8.17839813232422 8.07987785339355 7.98135900497437 7.88283920288086 7.90740346908569 7.97299575805664 8.03858757019043 8.10417938232422 8.16977119445801 8.23536396026611 8.3009557723999 8.33735084533691 8.28615665435791 8.23496150970459 8.18376636505127 8.13257217407227 8.08137702941895 8.03018188476562 7.97898721694946 7.98376321792603 8.00719547271729 8.0306282043457 8.05406093597412 8.07749366760254 8.10092639923096 8.12435817718506 8.17273712158203 8.29595470428467 8.41917324066162 8.54239082336426 8.6656084060669 8.78882598876953 8.91204357147217 9.0352611541748 9.16644477844238 9.30028438568115 9.4341230392456 9.56796169281006 9.70180130004883 9.83563995361328 9.96947956085205 10.0889387130737 10.1652603149414 10.2415809631348
8.46396255493164 8.37697982788086 8.28999710083008 8.20301342010498 8.1160306930542 8.02904796600342 8.05282783508301 8.11352729797363 8.17422771453857 8.23492813110352 8.29562854766846 8.3563289642334 8.41702938079834 8.4527473449707 8.4135160446167 8.37428569793701 8.33505535125732 8.29582500457764 8.25659370422363 8.21736335754395 8.17813301086426 8.18622589111328 8.2100944519043 8.233962059021 8.2578296661377 8.28169822692871 8.30556583404541 8.32943344116211 8.3716402053833 8.46886348724365 8.56608581542969 8.66330909729004 8.76053237915039 8.85775470733643 8.95497798919678 9.05220127105713 9.16173076629639 9.27536296844482 9.38899517059326 9.50262641906738 9.61625862121582 9.72989082336426 9.8435230255127 9.95033836364746 10.0367021560669 10.1230669021606
8.55248832702637 8.47704219818115 8.40159606933594 8.32614898681641 8.25070285797119 8.17525672912598 8.19825172424316 8.25405979156494 8.30986881256104 8.36567687988281 8.42148590087891 8.477294921875 8.53310298919678 8.56814289093018 8.5408763885498 8.51360988616943 8.48634433746338 8.45907783508301 8.43181133270264 8.40454483032227 8.3772783279419 8.3886890411377 8.41299247741699 8.43729591369629 8.46159934997559 8.48590183258057 8.51020526885986 8.53450870513916 8.57054328918457 8.64177131652832 8.71299934387207 8.78422737121582 8.85545635223389 8.92668437957764 8.99791240692139 9.06914043426514 9.15701580047607 9.2504415512085 9.3438663482666 9.43729114532471 9.53071689605713 9.62414169311523 9.71756649017334 9.81173801422119 9.9081449508667 10.0045518875122
8.64101505279541 8.57710456848145 8.5131950378418 8.44928455352783 8.38537502288818 8.32146453857422 8.343674659729 8.39459228515625 8.44550895690918 8.49642562866211 8.54734325408936 8.59825992584229 8.64917659759521 8.68353939056396 8.66823673248291 8.65293502807617 8.63763236999512 8.62233066558838 8.60702800750732 8.59172630310059 8.57642364501953 8.59115219116211 8.615891456604 8.64062976837158 8.66536808013916 8.69010639190674 8.71484565734863 8.73958396911621 8.76944637298584 8.81467914581299 8.85991287231445 8.90514659881592 8.95037937164307 8.99561309814453 9.040846824646 9.08607959747314 9.15230178833008 9.22552013397217 9.29873847961426 9.37195587158203 9.44517421722412 9.51839256286621 9.5916109085083 9.6731367111206 9.7795877456665 9.88603782653809
8.72954082489014 8.67716693878174 8.62479400634766 8.57242012023926 8.52004718780518 8.46767330169678 8.48909854888916 8.53512382507324 8.58114910125732 8.62717437744141 8.67319965362549 8.71922492980957 8.76525020599365 8.79893493652344 8.79559707641602 8.79225921630859 8.78892135620117 8.78558349609375 8.78224563598633 8.77890777587891 8.77556991577148 8.79361534118652 8.8187894821167 8.84396362304688 8.86913681030273 8.89431095123291 8.91948509216309 8.94465923309326 8.96834945678711 8.98758792877197 9.00682640075684 9.0260648727417 9.04530334472656 9.06454181671143 9.0837812423706 9.10301971435547 9.14758777618408 9.20059871673584 9.2536096572876 9.30662059783936 9.35963249206543 9.41264343261719 9.46565437316895 9.53453636169434 9.65102958679199 9.76752281188965
8.81806659698486 8.77723026275635 8.73639297485352 8.69555568695068 8.65471839904785 8.61388206481934 8.63452243804932 8.67565631866455 8.71679019927979 8.7579231262207 8.79905700683594 8.84019088745117 8.88132476806641 8.91433143615723 8.92295742034912 8.93158340454102 8.94021034240723 8.94883632659912 8.95746231079102 8.96608924865723 8.97471523284912 8.99607849121094 9.0216875076294 9.04729747772217 9.07290649414062 9.09851551055908 9.12412452697754 9.149733543396 9.16725158691406 9.16049575805664 9.15373992919922 9.14698314666748 9.14022731781006 9.13347148895264 9.1267147064209 9.11995887756348 9.14287281036377 9.17567729949951 9.20848178863525 9.24128532409668 9.27408981323242 9.30689430236816 9.33969879150391 9.39593601226807 9.5224723815918 9.64900875091553
8.87479591369629 8.83277893066406 8.79076194763184 8.74874496459961 8.70672798156738 8.66471099853516 8.68705749511719 8.73085975646973 8.77466106414795 8.81846237182617 8.8622636795044 8.90606498718262 8.94986724853516 8.98716449737549 9.00495147705078 9.02273750305176 9.04052448272705 9.05831146240234 9.07609748840332 9.09388446807861 9.11167144775391 9.14148807525635 9.17531585693359 9.20914363861084 9.24297142028809 9.27679920196533 9.31062698364258 9.34445476531982 9.36434364318848 9.34241676330566 9.32048892974854 9.29856204986572 9.27663421630859 9.25470733642578 9.23277950286865 9.21085262298584 9.21878528594971 9.23667049407959 9.25455665588379 9.27244281768799 9.29032897949219 9.30821514129639 9.32610130310059 9.37019538879395 9.49291706085205 9.61563777923584
8.8997278213501 8.8438138961792 8.78790092468262 8.73198699951172 8.67607402801514 8.62016105651855 8.64670372009277 8.70073318481445 8.75476169586182 8.8087911605835 8.86282062530518 8.91684913635254 8.97087860107422 9.01743602752686 9.041579246521 9.06572151184082 9.08986473083496 9.1140079498291 9.13815116882324 9.16229438781738 9.18643760681152 9.22984504699707 9.2796745300293 9.32950401306152 9.37933349609375 9.42916297912598 9.4789924621582 9.52882194519043 9.55962562561035 9.53334999084473 9.50707530975342 9.48079967498779 9.45452499389648 9.42824935913086 9.40197467803955 9.37569904327393 9.37532234191895 9.38357925415039 9.39183616638184 9.40009212493896 9.40834903717041 9.41660499572754 9.42486190795898 9.4573163986206 9.56236362457275 9.6674108505249
8.92465877532959 8.85484981536865 8.7850399017334 8.71522998809814 8.64542007446289 8.57561016082764 8.60634994506836 8.67060661315918 8.73486328125 8.79911994934082 8.86337661743164 8.92763328552246 8.99188995361328 9.04770660400391 9.0782060623169 9.10870552062988 9.13920497894287 9.16970443725586 9.20020389556885 9.23070430755615 9.26120376586914 9.31820201873779 9.384033203125 9.44986438751221 9.51569557189941 9.58152675628662 9.64735794067383 9.71318912506104 9.75490665435791 9.72428321838379 9.69366073608398 9.66303825378418 9.63241481781006 9.60179233551025 9.57116889953613 9.54054641723633 9.5318603515625 9.53048801422119 9.52911472320557 9.52774143218994 9.52636909484863 9.52499580383301 9.52362251281738 9.54443645477295 9.63181018829346 9.71918392181396
8.9495906829834 8.86588478088379 8.78217887878418 8.69847202301025 8.61476612091064 8.53106021881104 8.56599712371826 8.64048099517822 8.71496486663818 8.78944873809814 8.8639326095581 8.93841648101807 9.01290035247803 9.07797813415527 9.11483383178711 9.15168952941895 9.18854522705078 9.22540187835693 9.26225757598877 9.2991132736206 9.33596992492676 9.4065580368042 9.48839092254639 9.57022380828857 9.65205669403076 9.73388957977295 9.81572246551514 9.89755535125732 9.95018768310547 9.91521739959717 9.88024616241455 9.84527587890625 9.81030559539795 9.77533435821533 9.74036407470703 9.70539283752441 9.68839836120605 9.67739582061768 9.6663932800293 9.65539073944092 9.64438819885254 9.63338565826416 9.62238311767578 9.63155651092529 9.70125675201416 9.77095699310303
8.97452259063721 8.87691974639893 8.77931785583496 8.68171501159668 8.5841121673584 8.48651027679443 8.52564334869385 8.61035442352295 8.69506645202637 8.77977752685547 8.86448860168457 8.94920063018799 9.03391170501709 9.10824871063232 9.15146160125732 9.19467353820801 9.23788642883301 9.28109836578369 9.32431125640869 9.36752319335938 9.41073608398438 9.49491500854492 9.59274959564209 9.69058418273926 9.78841876983643 9.88625335693359 9.98408794403076 10.0819225311279 10.145468711853 10.1061506271362 10.0668325424194 10.0275135040283 9.98819541931152 9.94887733459473 9.90955829620361 9.87024021148682 9.84493637084961 9.82430458068848 9.80367279052734 9.7830400466919 9.76240825653076 9.74177646636963 9.7211446762085 9.71867656707764 9.77070331573486 9.82273006439209
8.99945449829102 8.88795566558838 8.77645683288574 8.6649580001831 8.55345821380615 8.44195938110352 8.48528957366943 8.58022785186768 8.67516708374023 8.77010631561279 8.86504554748535 8.95998477935791 9.05492305755615 9.13852024078369 9.18808841705322 9.23765754699707 9.28722667694092 9.33679485321045 9.3863639831543 9.43593311309814 9.48550224304199 9.58327102661133 9.69710731506348 9.81094455718994 9.92478084564209 10.0386171340942 10.1524534225464 10.2662897109985 10.3407506942749 10.2970838546753 10.25341796875 10.2097520828247 10.1660852432251 10.1224193572998 10.0787534713745 10.0350866317749 10.0014743804932 9.97121238708496 9.94095134735107 9.91068935394287 9.88042831420898 9.85016632080078 9.8199052810669 9.8057975769043 9.84014987945557 9.87450313568115
9.14845657348633 9.02140617370605 8.8943567276001 8.76730728149414 8.64025688171387 8.51320743560791 8.54855728149414 8.63803958892822 8.72752285003662 8.81700611114502 8.90648937225342 8.9959716796875 9.0854549407959 9.16631507873535 9.22130393981934 9.27629375457764 9.33128261566162 9.38627243041992 9.44126224517822 9.49625110626221 9.55124092102051 9.65475940704346 9.77445411682129 9.89414978027344 10.0138444900513 10.1335391998291 10.2532339096069 10.3729295730591 10.452919960022 10.4137992858887 10.3746776580811 10.3355569839478 10.2964363098145 10.2573146820068 10.2181940078735 10.1790723800659 10.1445446014404 10.1115474700928 10.0785503387451 10.0455522537231 10.0125551223755 9.97955799102783 9.94656085968018 9.92930221557617 9.95925712585449 9.98921298980713
9.42152881622314 9.27727317810059 9.13301849365234 8.98876285552979 8.84450721740723 8.70025253295898 8.71544647216797 8.78378963470459 8.85213279724121 8.92047691345215 8.98882007598877 9.05716323852539 9.12550735473633 9.1916332244873 9.25110721588135 9.31058120727539 9.37005615234375 9.42953014373779 9.48900413513184 9.54847812652588 9.60795211791992 9.70937919616699 9.82478904724121 9.94019985198975 10.0556106567383 10.1710205078125 10.286431312561 10.4018421173096 10.4819793701172 10.456295967102 10.4306125640869 10.4049291610718 10.3792457580566 10.3535633087158 10.3278799057007 10.3021965026855 10.2741460800171 10.245306968689 10.2164678573608 10.1876287460327 10.1587896347046 10.1299505233765 10.1011114120483 10.0891914367676 10.1280250549316 10.16685962677
9.69460105895996 9.53314018249512 9.37167930603027 9.21021842956543 9.04875755310059 8.88729763031006 8.88233470916748 8.92953872680664 8.9767427444458 9.02394676208496 9.07115077972412 9.11835479736328 9.16555881500244 9.21695232391357 9.28091049194336 9.34486961364746 9.40882873535156 9.47278690338135 9.53674602508545 9.60070514678955 9.66466426849365 9.76399803161621 9.87512397766113 9.98624992370605 10.097375869751 10.2085018157959 10.3196287155151 10.4307546615601 10.5110378265381 10.4987926483154 10.4865465164185 10.4743013381958 10.4620561599731 10.4498109817505 10.4375658035278 10.4253206253052 10.4037485122681 10.3790674209595 10.3543863296509 10.3297052383423 10.3050241470337 10.2803440093994 10.2556629180908 10.2490797042847 10.2967929840088 10.3445062637329
9.96767330169678 9.78900718688965 9.61034107208252 9.43167495727539 9.25300884246826 9.07434272766113 9.04922389984131 9.07528877258301 9.10135364532471 9.12741756439209 9.15348243713379 9.17954635620117 9.20561122894287 9.24227046966553 9.31071376800537 9.37915802001953 9.44760131835938 9.51604461669922 9.58448791503906 9.65293216705322 9.72137546539307 9.81861782073975 9.92545890808105 10.0323009490967 10.139142036438 10.2459840774536 10.3528251647949 10.4596672058105 10.540096282959 10.5412883758545 10.5424814224243 10.5436735153198 10.5448665618896 10.5460596084595 10.547251701355 10.5484447479248 10.5333499908447 10.51282787323 10.4923048019409 10.4717817306519 10.4512586593628 10.430736541748 10.410213470459 10.4089689254761 10.4655609130859 10.5221519470215
