data/working_set_collections/6091692-Cassins_Sparrow-M2/1990/tautot_avg.asc
NCOLS 265 
NROWS 230 
XLLCORNER -115.5625 
YLLCORNER 24.8333333333333 
CELLSIZE 0.0833333333333333 
NODATA_value -9999 
[rows 120 to 139 of 230, columns 46 to 91 of 265]
9.93347835540771 10.0911350250244 10.2487916946411 10.4064483642578 10.5641050338745 10.7217617034912 10.8767824172974 11.0309238433838 11.1850652694702 11.3392066955566 11.4933490753174 11.6474905014038 11.8016319274902 11.9362392425537 12.0122413635254 12.0882434844971 12.1642456054688 12.2402486801147 12.3162508010864 12.3922529220581 12.4682550430298 12.5767393112183 12.6960496902466 12.8153610229492 12.9346714019775 13.0539827346802 13.1732931137085 13.2926044464111 13.3703346252441 13.3233222961426 13.2763109207153 13.2292985916138 13.1822862625122 13.135274887085 13.0882625579834 13.0412511825562 12.9564685821533 12.8590965270996 12.7617244720459 12.6643524169922 12.5669803619385 12.4696073532104 12.3722352981567 12.3103551864624 12.3549489974976 12.399543762207
9.72142124176025 9.89094161987305 10.0604610443115 10.22998046875 10.3994998931885 10.569019317627 10.7324390411377 10.8938264846802 11.0552129745483 11.2165994644165 11.377986907959 11.5393733978271 11.7007608413696 11.8426675796509 11.9261341094971 12.0096006393433 12.0930681228638 12.17653465271 12.2600011825562 12.3434677124023 12.4269351959229 12.5387134552002 12.6599283218384 12.7811441421509 12.9023590087891 13.0235748291016 13.1447906494141 13.2660055160522 13.3490781784058 13.317723274231 13.2863683700562 13.255012512207 13.2236576080322 13.1923027038574 13.1609477996826 13.1295928955078 13.0569543838501 12.9705562591553 12.8841581344604 12.7977590560913 12.7113609313965 12.6249618530273 12.5385637283325 12.4809503555298 12.5096912384033 12.5384330749512
9.50936508178711 9.69074726104736 9.87213039398193 10.0535125732422 10.2348947525024 10.4162769317627 10.5880966186523 10.7567281723022 10.9253606796265 11.0939922332764 11.2626247406006 11.4312572479248 11.5998888015747 11.749095916748 11.8400268554688 11.9309587478638 12.0218896865845 12.1128206253052 12.2037525177002 12.2946834564209 12.3856143951416 12.5006875991821 12.6238069534302 12.7469272613525 12.8700475692749 12.993166923523 13.1162872314453 13.2394065856934 13.3278226852417 13.3121242523193 13.296425819397 13.2807273864746 13.2650289535522 13.2493305206299 13.2336320877075 13.2179346084595 13.1574411392212 13.0820159912109 13.0065908432007 12.9311666488647 12.8557415008545 12.7803163528442 12.704891204834 12.6515455245972 12.6644344329834 12.6773233413696
9.29730892181396 9.490553855896 9.68379974365234 9.87704467773438 10.0702896118164 10.2635345458984 10.4437532424927 10.6196308135986 10.7955083847046 10.9713850021362 11.1472625732422 11.3231401443481 11.4990177154541 11.6555242538452 11.7539196014404 11.85231590271 11.9507112503052 12.0491075515747 12.1475028991699 12.2458982467651 12.3442945480347 12.4626617431641 12.5876865386963 12.7127103805542 12.8377351760864 12.9627599716187 13.0877838134766 13.2128086090088 13.3065662384033 13.3065252304077 13.3064832687378 13.3064422607422 13.3064002990723 13.3063592910767 13.3063173294067 13.3062763214111 13.257926940918 13.1934757232666 13.1290245056152 13.0645732879639 13.0001220703125 12.9356708526611 12.8712196350098 12.8221397399902 12.8191766738892 12.8162126541138
9.08525276184082 9.29036045074463 9.49546813964844 9.70057678222656 9.90568447113037 10.1107921600342 10.2994108200073 10.482533454895 10.6656560897827 10.8487777709961 11.0319004058838 11.2150230407715 11.3981456756592 11.5619525909424 11.6678133010864 11.7736730575562 11.8795337677002 11.9853935241699 12.0912532806396 12.1971139907837 12.3029737472534 12.424635887146 12.5515651702881 12.6784934997559 12.805422782898 12.93235206604 13.0592813491821 13.1862096786499 13.2853107452393 13.3009262084961 13.3165407180786 13.3321561813354 13.3477716445923 13.3633871078491 13.379002571106 13.3946180343628 13.3584127426147 13.3049354553223 13.2514581680298 13.197979927063 13.1445026397705 13.091025352478 13.0375471115112 12.9927349090576 12.9739189147949 12.9551029205322
8.87319660186768 9.09016704559326 9.30713748931885 9.52410793304443 9.74107933044434 9.95804977416992 10.1550674438477 10.3454351425171 10.5358028411865 10.726170539856 10.9165391921997 11.1069068908691 11.2972745895386 11.4683809280396 11.5817060470581 11.6950302124023 11.8083553314209 11.9216794967651 12.0350046157837 12.1483287811279 12.2616539001465 12.3866100311279 12.5154438018799 12.6442775726318 12.7731103897095 12.9019441604614 13.0307779312134 13.1596117019653 13.2640542984009 13.2953262329102 13.3265991210938 13.357871055603 13.3891429901123 13.4204149246216 13.4516868591309 13.4829597473145 13.4588994979858 13.4163951873779 13.37389087677 13.3313875198364 13.2888832092285 13.2463788986206 13.203875541687 13.163330078125 13.1286611557007 13.0939922332764
8.74913597106934 8.96670532226562 9.1842737197876 9.40184307098389 9.61941146850586 9.83698081970215 10.0373306274414 10.2319412231445 10.4265518188477 10.6211633682251 10.8157739639282 11.0103845596313 11.2049951553345 11.3798637390137 11.4955034255981 11.6111431121826 11.7267827987671 11.8424234390259 11.9580631256104 12.0737028121948 12.1893434524536 12.308443069458 12.4286966323853 12.5489501953125 12.6692037582397 12.789457321167 12.9097108840942 13.0299644470215 13.130368232727 13.1712236404419 13.2120780944824 13.252932548523 13.2937870025635 13.3346424102783 13.3754968643188 13.4163513183594 13.4120283126831 13.3926458358765 13.3732633590698 13.3538808822632 13.3344993591309 13.3151168823242 13.2957344055176 13.2661619186401 13.2060194015503 13.1458759307861
8.71307182312012 8.9199743270874 9.12687683105469 9.33377933502197 9.54068183898926 9.74758529663086 9.94619941711426 10.142050743103 10.3379030227661 10.5337543487549 10.7296056747437 10.9254570007324 11.1213092803955 11.2963991165161 11.4092054367065 11.522011756897 11.6348171234131 11.7476234436035 11.8604297637939 11.9732360839844 12.0860414505005 12.1901350021362 12.2913246154785 12.3925132751465 12.4937019348145 12.5948915481567 12.6960802078247 12.797269821167 12.8842525482178 12.9286155700684 12.9729785919189 13.0173416137695 13.0617046356201 13.1060676574707 13.1504306793213 13.1947937011719 13.2178001403809 13.2336874008179 13.2495746612549 13.2654619216919 13.2813491821289 13.2972364425659 13.3131237030029 13.3012294769287 13.2059917449951 13.1107530593872
8.67700672149658 8.87324333190918 9.06947994232178 9.26571655273438 9.46195316314697 9.65818977355957 9.85506820678711 10.0521602630615 10.2492532730103 10.4463453292847 10.6434383392334 10.8405303955078 11.0376224517822 11.2129354476929 11.3229074478149 11.432879447937 11.5428514480591 11.6528244018555 11.7627964019775 11.8727684020996 11.9827404022217 12.0718269348145 12.1539516448975 12.2360763549805 12.3182010650635 12.4003257751465 12.4824504852295 12.5645751953125 12.6381359100342 12.6860074996948 12.7338790893555 12.7817506790161 12.8296222686768 12.8774938583374 12.925365447998 12.9732370376587 13.0235719680786 13.0747289657593 13.1258859634399 13.1770429611206 13.2281999588013 13.2793569564819 13.3305139541626 13.3362979888916 13.2059640884399 13.0756301879883
8.64094161987305 8.82651233673096 9.01208305358887 9.19765281677246 9.38322353363037 9.56879425048828 9.76393699645996 9.96226978302002 10.1606035232544 10.3589363098145 10.5572700500488 10.7556037902832 10.9539365768433 11.1294708251953 11.2366094589233 11.3437480926514 11.4508857727051 11.5580244064331 11.6651630401611 11.7723007202148 11.8794393539429 11.9535188674927 12.0165786743164 12.0796394348145 12.1426992416382 12.2057600021362 12.26881980896 12.3318796157837 12.3920202255249 12.4434003829956 12.494779586792 12.5461597442627 12.5975399017334 12.6489200592041 12.7002992630005 12.7516794204712 12.8293447494507 12.9157705307007 13.002197265625 13.0886240005493 13.1750507354736 13.2614765167236 13.347903251648 13.3713665008545 13.2059373855591 13.0405073165894
8.60487651824951 8.77978134155273 8.95468521118164 9.12959003448486 9.30449390411377 9.47939872741699 9.67280578613281 9.87237930297852 10.0719537734985 10.2715282440186 10.4711017608643 10.6706762313843 10.8702507019043 11.0460071563721 11.1503114700317 11.2546157836914 11.3589200973511 11.4632244110107 11.5675287246704 11.6718330383301 11.7761373519897 11.8352108001709 11.8792066574097 11.9232025146484 11.9671974182129 12.0111932754517 12.0551891326904 12.0991849899292 12.1459035873413 12.2007923126221 12.2556810379028 12.3105688095093 12.36545753479 12.4203453063965 12.4752340316772 12.5301218032837 12.6351165771484 12.7568120956421 12.8785085678101 13.000205039978 13.1219005584717 13.2435970306396 13.3652935028076 13.4064340591431 13.2059097290039 13.0053853988647
8.56881237030029 8.73305034637451 8.89728832244873 9.06152629852295 9.22576522827148 9.3900032043457 9.58167362213135 9.78248882293701 9.98330402374268 10.1841192245483 10.384934425354 10.5857496261597 10.786563873291 10.9625434875488 11.0640134811401 11.1654844284058 11.2669544219971 11.3684253692627 11.469895362854 11.5713663101196 11.6728363037109 11.7169027328491 11.7418336868286 11.7667646408081 11.7916965484619 11.8166275024414 11.8415584564209 11.8664903640747 11.899787902832 11.9581842422485 12.0165815353394 12.0749778747559 12.1333742141724 12.1917715072632 12.2501678466797 12.3085651397705 12.4408884048462 12.5978536605835 12.7548198699951 12.9117860794067 13.068751335144 13.2257175445557 13.382682800293 13.441502571106 13.2058820724487 12.9702625274658
8.58618927001953 8.74231243133545 8.89843559265137 9.0545597076416 9.21068286895752 9.36680603027344 9.55655384063721 9.7575101852417 9.95846557617188 10.1594219207764 10.3603773117065 10.5613327026367 10.7622890472412 10.9365501403809 11.0307292938232 11.1249094009399 11.2190885543823 11.3132677078247 11.4074468612671 11.5016260147095 11.5958051681519 11.624005317688 11.6302127838135 11.636420249939 11.6426286697388 11.6488361358643 11.6550436019897 11.6612510681152 11.6814966201782 11.743857383728 11.8062191009521 11.868579864502 11.9309406280518 11.9933013916016 12.0556621551514 12.1180229187012 12.2561864852905 12.4196176528931 12.5830488204956 12.7464799880981 12.909912109375 13.0733432769775 13.2367744445801 13.2989740371704 13.0574808120728 12.8159866333008
8.65700817108154 8.80756759643555 8.95812797546387 9.10868835449219 9.25924873352051 9.40980911254883 9.59744644165039 9.79744243621826 9.99743843078613 10.1974353790283 10.3974313735962 10.5974283218384 10.7974243164062 10.9680290222168 11.0504598617554 11.1328907012939 11.2153215408325 11.2977514266968 11.3801822662354 11.4626131057739 11.5450429916382 11.5565195083618 11.5443439483643 11.5321683883667 11.5199937820435 11.5078182220459 11.4956426620483 11.4834680557251 11.4910316467285 11.5578117370605 11.6245927810669 11.6913738250732 11.7581539154053 11.8249349594116 11.891716003418 11.95849609375 12.0810108184814 12.2221040725708 12.3631963729858 12.5042886734009 12.6453819274902 12.7864742279053 12.9275665283203 12.9788503646851 12.7607049942017 12.5425596237183
8.72782707214355 8.87282371520996 9.01782035827637 9.16281700134277 9.30781364440918 9.4528112411499 9.63833808898926 9.83737468719482 10.0364122390747 10.2354488372803 10.4344863891602 10.6335229873657 10.8325595855713 10.9995079040527 11.0701904296875 11.140872001648 11.2115535736084 11.2822360992432 11.3529176712036 11.4235992431641 11.4942817687988 11.4890336990356 11.458475112915 11.4279174804688 11.3973588943481 11.3668003082275 11.3362426757812 11.3056840896606 11.3005657196045 11.3717660903931 11.4429664611816 11.5141677856445 11.5853681564331 11.6565685272217 11.7277688980103 11.7989702224731 11.9058351516724 12.0245895385742 12.1433439254761 12.2620973587036 12.3808517456055 12.4996061325073 12.6183595657349 12.6587257385254 12.4639282226562 12.2691316604614
8.79864597320557 8.93807888031006 9.07751274108887 9.21694564819336 9.35637950897217 9.49581336975098 9.67922973632812 9.87730693817139 10.075385093689 10.2734622955322 10.4715404510498 10.6696176528931 10.8676958084106 11.0309867858887 11.0899200439453 11.148853302002 11.2077865600586 11.2667198181152 11.3256530761719 11.3845863342285 11.4435195922852 11.4215469360352 11.3726062774658 11.3236656188965 11.2747240066528 11.2257833480835 11.1768417358398 11.1279010772705 11.1100997924805 11.1857204437256 11.2613410949707 11.3369617462158 11.4125823974609 11.4882020950317 11.5638227462769 11.639443397522 11.7306604385376 11.8270750045776 11.923490524292 12.0199060440063 12.1163215637207 12.2127370834351 12.3091526031494 12.33860206604 12.1671524047852 11.9957036972046
8.86946487426758 9.00333499908447 9.13720512390137 9.27107524871826 9.40494537353516 9.53881549835205 9.72012138366699 9.91724014282227 10.1143579483032 10.3114767074585 10.5085945129395 10.7057132720947 10.9028310775757 11.0624656677246 11.1096506118774 11.1568355560303 11.2040195465088 11.2512044906616 11.2983894348145 11.345573425293 11.3927583694458 11.354061126709 11.2867374420166 11.2194137573242 11.1520891189575 11.0847654342651 11.0174417495728 10.9501171112061 10.9196348190308 10.9996747970581 11.0797147750854 11.1597557067871 11.2397956848145 11.3198366165161 11.3998765945435 11.4799165725708 11.5554847717285 11.6295614242554 11.7036380767822 11.7777147293091 11.8517913818359 11.9258680343628 11.9999446868896 12.0184774398804 11.8703765869141 11.7222757339478
8.94028377532959 9.06859016418457 9.19689655303955 9.32520389556885 9.45351028442383 9.58181762695312 9.76101303100586 9.95717239379883 10.1533308029175 10.3494901657104 10.5456485748291 10.7418079376221 10.9379663467407 11.0939445495605 11.1293811798096 11.1648168563843 11.200252532959 11.235689163208 11.2711248397827 11.3065605163574 11.3419961929321 11.2865753173828 11.2008686065674 11.115161895752 11.0294542312622 10.9437475204468 10.8580408096313 10.7723340988159 10.7291688919067 10.8136291503906 10.8980894088745 10.9825496673584 11.0670099258423 11.1514701843262 11.2359304428101 11.3203907012939 11.3803091049194 11.4320468902588 11.4837856292725 11.5355234146118 11.5872611999512 11.6389999389648 11.6907377243042 11.6983528137207 11.573600769043 11.4488487243652
9.05245685577393 9.17761325836182 9.30276966094971 9.4279260635376 9.55308246612549 9.67823886871338 9.85146141052246 10.0407066345215 10.2299518585205 10.4191970825195 10.6084423065186 10.7976875305176 10.9869327545166 11.1356630325317 11.1628465652466 11.1900310516357 11.2172145843506 11.2443990707397 11.2715826034546 11.2987670898438 11.3259515762329 11.2674694061279 11.1804313659668 11.09339427948 11.0063562393188 10.919319152832 10.8322820663452 10.7452440261841 10.6980590820312 10.7704296112061 10.8428001403809 10.9151706695557 10.9875411987305 11.0599117279053 11.1322822570801 11.2046527862549 11.2470970153809 11.2795658111572 11.3120336532593 11.3445024490356 11.376971244812 11.4094390869141 11.4419078826904 11.4386968612671 11.3284473419189 11.2181978225708
9.20598602294922 9.33040428161621 9.4548225402832 9.57924175262451 9.7036600112915 9.8280782699585 9.99146556854248 10.1678428649902 10.344220161438 10.5205974578857 10.6969747543335 10.8733520507812 11.049729347229 11.1876192092896 11.2100486755371 11.2324771881104 11.2549066543579 11.2773351669312 11.2997636795044 11.322193145752 11.3446216583252 11.29674243927 11.2254266738892 11.1541109085083 11.0827951431274 11.0114793777466 10.9401636123657 10.8688478469849 10.82630443573 10.8700761795044 10.9138469696045 10.9576187133789 11.0013904571533 11.0451622009277 11.0889329910278 11.1327047348022 11.1558485031128 11.172116279602 11.1883840560913 11.2046518325806 11.2209205627441 11.2371883392334 11.2534561157227 11.2395086288452 11.1349172592163 11.0303249359131
