data/working_set_collections/6091692-Cassins_Sparrow-M2/1990/tautot_avg.asc
NCOLS 265 
NROWS 230 
XLLCORNER -115.5625 
YLLCORNER 24.8333333333333 
CELLSIZE 0.0833333333333333 
NODATA_value -9999 
[rows 80 to 99 of 230, columns 184 to 229 of 265]
10.4941110610962 10.5507669448853 10.6074237823486 10.6882410049438 10.7771110534668 10.8659811019897 10.9548511505127 11.0437211990356 11.1325912475586 11.2214612960815 11.3192672729492 11.4438819885254 11.5684967041016 11.6931114196777 11.8177251815796 11.9423398971558 12.0669546127319 12.1915693283081 12.3291864395142 12.471137046814 12.6130886077881 12.7550401687622 12.896990776062 13.0389423370361 13.1808929443359 13.3339281082153 13.5202150344849 13.7065010070801 13.8927879333496 14.0790748596191 14.2653608322144 14.4516477584839 14.6379337310791 14.8166456222534 14.9928312301636 15.169017791748 15.3452033996582 15.5213899612427 15.6975755691528 15.873761177063 16.0400047302246 16.1764144897461 16.3128261566162 16.4492359161377 16.5856456756592 16.7220573425293
10.4423761367798 10.4946041107178 10.5468311309814 10.6288223266602 10.7207336425781 10.8126449584961 10.9045572280884 10.9964685440063 11.0883798599243 11.1802921295166 11.2803106307983 11.40465259552 11.5289936065674 11.6533355712891 11.7776775360107 11.9020185470581 12.0263605117798 12.1507024765015 12.2859344482422 12.4247970581055 12.5636587142944 12.7025213241577 12.841383934021 12.98024559021 13.1191082000732 13.2719163894653 13.4665641784668 13.6612119674683 13.8558588027954 14.0505065917969 14.2451543807983 14.4398012161255 14.634449005127 14.8237323760986 15.011227607727 15.1987237930298 15.3862190246582 15.5737142562866 15.761209487915 15.9487056732178 16.1232223510742 16.2587985992432 16.3943767547607 16.5299549102783 16.6655330657959 16.8011093139648
10.3906421661377 10.438440322876 10.4862384796143 10.5694026947021 10.6643562316895 10.7593088150024 10.8542623519897 10.949215888977 11.04416847229 11.1391220092773 11.2413539886475 11.3654232025146 11.4894914627075 11.6135606765747 11.7376289367676 11.8616981506348 11.9857664108276 12.1098356246948 12.2426824569702 12.3784561157227 12.5142297744751 12.6500024795532 12.7857761383057 12.9215497970581 13.0573234558105 13.2099056243896 13.4129133224487 13.6159219741821 13.8189306259155 14.0219383239746 14.224946975708 14.4279556274414 14.6309642791748 14.8308200836182 15.0296249389648 15.2284297943115 15.4272346496582 15.6260395050049 15.8248443603516 16.0236492156982 16.2064399719238 16.3411846160889 16.4759292602539 16.6106739044189 16.745418548584 16.880163192749
10.3389072418213 10.3822765350342 10.4256458282471 10.5099840164185 10.6079788208008 10.7059736251831 10.8039684295654 10.9019632339478 10.9999580383301 11.0979528427124 11.2023973464966 11.326192855835 11.4499893188477 11.573784828186 11.6975803375244 11.8213768005371 11.9451723098755 12.0689678192139 12.1994304656982 12.3321151733398 12.4647998809814 12.597484588623 12.7301692962646 12.8628540039062 12.9955377578735 13.1478939056396 13.359263420105 13.570631980896 13.7820014953613 13.9933710098267 14.204740524292 14.416109085083 14.6274785995483 14.8379068374634 15.0480213165283 15.2581357955933 15.4682502746582 15.6783638000488 15.8884782791138 16.0985927581787 16.2896575927734 16.4235687255859 16.5574798583984 16.6913928985596 16.8253040313721 16.9592151641846
10.34996509552 10.392331123352 10.4346961975098 10.5197048187256 10.6189279556274 10.7181510925293 10.8173742294312 10.916597366333 11.0158205032349 11.115044593811 11.2195959091187 11.3401346206665 11.46067237854 11.5812101364136 11.7017488479614 11.822286605835 11.9428243637085 12.0633630752563 12.1951999664307 12.3308038711548 12.4664068222046 12.6020107269287 12.7376136779785 12.8732175827026 13.0088214874268 13.163628578186 13.3760452270508 13.5884628295898 13.8008794784546 14.0132970809937 14.2257137298584 14.4381313323975 14.6505479812622 14.8643283843994 15.0785627365112 15.292797088623 15.5070304870605 15.7212648391724 15.9354991912842 16.1497325897217 16.3443870544434 16.4802989959717 16.6162090301514 16.7521209716797 16.8880310058594 17.0239429473877
10.4238147735596 10.468602180481 10.5133905410767 10.5985660552979 10.6972045898438 10.7958431243896 10.8944816589355 10.9931201934814 11.0917587280273 11.1903972625732 11.2929496765137 11.4072456359863 11.5215406417847 11.6358366012573 11.7501316070557 11.8644275665283 11.9787225723267 12.0930185317993 12.2299900054932 12.3745203018188 12.5190505981445 12.6635808944702 12.8081121444702 12.9526424407959 13.0971727371216 13.2571086883545 13.4632606506348 13.669412612915 13.8755645751953 14.0817165374756 14.2878684997559 14.4940204620361 14.7001724243164 14.910083770752 15.1212482452393 15.3324127197266 15.5435771942139 15.7547416687012 15.9659061431885 16.1770706176758 16.3706302642822 16.5113735198975 16.6521167755127 16.7928581237793 16.9336013793945 17.0743446350098
10.4976644515991 10.5448741912842 10.5920839309692 10.6774272918701 10.7754812240601 10.87353515625 10.9715890884399 11.0696430206299 11.1676969528198 11.2657499313354 11.366304397583 11.4743566513062 11.5824098587036 11.6904630661011 11.7985153198242 11.9065685272217 12.0146217346191 12.1226739883423 12.2647800445557 12.4182376861572 12.5716953277588 12.725152015686 12.8786096572876 13.0320663452148 13.1855239868164 13.350588798523 13.5504760742188 13.7503623962402 13.950249671936 14.1501369476318 14.3500232696533 14.5499105453491 14.7497978210449 14.9558401107788 15.1639347076416 15.3720293045044 15.5801239013672 15.78821849823 15.9963130950928 16.2044086456299 16.3968734741211 16.5424480438232 16.6880226135254 16.8335971832275 16.9791717529297 17.1247463226318
10.5715131759644 10.6211462020874 10.6707782745361 10.7562885284424 10.8537578582764 10.951226234436 11.04869556427 11.146164894104 11.243634223938 11.341103553772 11.439658164978 11.5414686203003 11.6432781219482 11.7450885772705 11.8468990325928 11.948709487915 12.0505199432373 12.1523294448853 12.2995700836182 12.4619550704956 12.6243391036987 12.7867231369019 12.949107170105 13.1114912033081 13.2738752365112 13.4440689086914 13.6376905441284 13.8313121795654 14.0249347686768 14.2185564041138 14.4121780395508 14.6057996749878 14.7994222640991 15.0015954971313 15.2066211700439 15.4116458892822 15.6166706085205 15.8216953277588 16.0267200469971 16.2317447662354 16.4231147766113 16.573522567749 16.7239284515381 16.8743362426758 17.0247421264648 17.1751499176025
10.6453628540039 10.6974172592163 10.749472618103 10.8351497650146 10.9320335388184 11.0289182662964 11.1258029937744 11.2226877212524 11.3195724487305 11.4164562225342 11.513011932373 11.6085796356201 11.7041473388672 11.7997150421143 11.8952827453613 11.9908504486084 12.0864181518555 12.1819858551025 12.334361076355 12.5056715011597 12.6769828796387 12.8482933044434 13.0196046829224 13.1909160614014 13.3622264862061 13.5375490188599 13.7249059677124 13.9122629165649 14.0996189117432 14.2869758605957 14.4743328094482 14.6616897583008 14.8490467071533 15.0473518371582 15.249306678772 15.4512615203857 15.6532173156738 15.8551721572876 16.0571269989014 16.2590827941895 16.4493579864502 16.6045970916748 16.7598361968994 16.9150733947754 17.0703125 17.2255516052246
10.7192125320435 10.7736892700195 10.8281660079956 10.9140100479126 11.0103101730347 11.1066102981567 11.2029104232788 11.2992095947266 11.3955097198486 11.4918098449707 11.5863656997681 11.6756906509399 11.7650156021118 11.854341506958 11.9436664581299 12.0329914093018 12.1223163604736 12.2116413116455 12.3691511154175 12.549388885498 12.7296266555786 12.9098644256592 13.0901021957397 13.2703399658203 13.4505777359009 13.6310291290283 13.8121213912964 13.9932126998901 14.1743040084839 14.355396270752 14.5364875793457 14.7175788879395 14.8986711502075 15.0931072235107 15.2919931411743 15.4908781051636 15.6897640228271 15.8886489868164 16.0875339508057 16.2864189147949 16.4756011962891 16.6356716156006 16.7957420349121 16.9558124542236 17.1158828735352 17.2759532928467
10.7846755981445 10.8436899185181 10.9027042388916 10.9914617538452 11.0901346206665 11.1888074874878 11.2874794006348 11.3861522674561 11.4848251342773 11.5834970474243 11.6800832748413 11.7704076766968 11.8607320785522 11.951057434082 12.0413818359375 12.1317071914673 12.2220315933228 12.3123559951782 12.4652338027954 12.6389627456665 12.8126907348633 12.9864196777344 13.1601476669312 13.3338766098022 13.5076055526733 13.683219909668 13.8644952774048 14.0457696914673 14.2270441055298 14.4083194732666 14.5895938873291 14.7708683013916 14.9521436691284 15.1461133956909 15.3443145751953 15.5425157546997 15.7407169342041 15.9389190673828 16.1371192932129 16.3353214263916 16.5246543884277 16.6873798370361 16.8501033782959 17.0128288269043 17.1755542755127 17.3382797241211
10.8417530059814 10.9074192047119 10.9730854034424 11.0675039291382 11.1715068817139 11.2755088806152 11.3795118331909 11.4835138320923 11.587516784668 11.6915197372437 11.7941627502441 11.8927297592163 11.9912967681885 12.0898628234863 12.1884298324585 12.2869968414307 12.3855638504028 12.484130859375 12.6226091384888 12.7743921279907 12.9261751174927 13.0779581069946 13.2297420501709 13.3815250396729 13.5333080291748 13.6941213607788 13.8820276260376 14.0699338912964 14.2578401565552 14.4457454681396 14.6336517333984 14.8215579986572 15.009464263916 15.2063684463501 15.406270980835 15.6061744689941 15.8060779571533 16.0059814453125 16.2058849334717 16.4057884216309 16.5965156555176 16.7597198486328 16.9229221343994 17.086124420166 17.2493286132812 17.4125308990479
10.8988304138184 10.9711484909058 11.0434675216675 11.1435461044312 11.2528791427612 11.362211227417 11.4715433120728 11.5808763504028 11.6902084350586 11.7995414733887 11.9082431793213 12.0150518417358 12.1218605041504 12.2286691665649 12.3354778289795 12.4422874450684 12.5490961074829 12.6559047698975 12.7799844741821 12.9098224639893 13.0396604537964 13.1694974899292 13.2993354797363 13.4291725158691 13.5590105056763 13.7050228118896 13.8995599746704 14.0940980911255 14.2886352539062 14.483172416687 14.6777095794678 14.8722476959229 15.0667848587036 15.266622543335 15.4682283401489 15.6698331832886 15.8714380264282 16.0730438232422 16.2746486663818 16.4762535095215 16.6683788299561 16.8320598602295 16.9957408905029 17.1594219207764 17.3231029510498 17.4867839813232
10.955906867981 11.0348777770996 11.1138486862183 11.2195882797241 11.3342504501343 11.4489135742188 11.5635757446289 11.6782379150391 11.7929010391235 11.9075632095337 12.0223226547241 12.1373739242554 12.2524242401123 12.3674755096436 12.4825258255005 12.5975770950317 12.712628364563 12.8276786804199 12.9373607635498 13.0452527999878 13.1531448364258 13.2610368728638 13.3689289093018 13.4768209457397 13.5847129821777 13.7159242630005 13.9170932769775 14.1182613372803 14.3194303512573 14.5205993652344 14.7217683792114 14.9229364395142 15.1241054534912 15.3268775939941 15.5301847457886 15.733491897583 15.9367990493774 16.1401062011719 16.343412399292 16.5467205047607 16.7402400970459 16.9043998718262 17.0685577392578 17.2327175140381 17.3968753814697 17.56103515625
11.0129842758179 11.0986070632935 11.184229850769 11.2956304550171 11.4156227111816 11.5356149673462 11.6556081771851 11.7756004333496 11.8955926895142 12.015585899353 12.1364030838013 12.2596960067749 12.3829889297485 12.5062818527222 12.6295747756958 12.7528667449951 12.8761596679688 12.9994525909424 13.0947360992432 13.180682182312 13.2666292190552 13.352575302124 13.4385223388672 13.5244693756104 13.6104154586792 13.7268257141113 13.9346256256104 14.1424255371094 14.3502254486084 14.5580263137817 14.7658262252808 14.9736261367798 15.1814260482788 15.3871326446533 15.5921421051025 15.7971506118774 16.0021591186523 16.2071685791016 16.4121780395508 16.6171855926514 16.8121032714844 16.9767398834229 17.1413764953613 17.3060131072998 17.4706497192383 17.6352863311768
11.0700616836548 11.1623363494873 11.2546119689941 11.3716726303101 11.496994972229 11.622317314148 11.7476396560669 11.8729619979858 11.9982852935791 12.123607635498 12.2504835128784 12.3820180892944 12.5135526657104 12.6450872421265 12.7766227722168 12.9081573486328 13.0396919250488 13.1712274551392 13.2521114349365 13.3161125183105 13.3801136016846 13.4441146850586 13.5081157684326 13.5721168518066 13.6361179351807 13.7377271652222 13.9521579742432 14.1665897369385 14.3810214996338 14.5954523086548 14.8098840713501 15.0243158340454 15.2387466430664 15.4473876953125 15.6540985107422 15.8608093261719 16.0675201416016 16.2742309570312 16.4809417724609 16.6876525878906 16.8839645385742 17.0490798950195 17.2141933441162 17.3793087005615 17.5444240570068 17.7095375061035
11.1516466140747 11.2463989257812 11.3411502838135 11.4588890075684 11.5842895507812 11.7096910476685 11.8350915908813 11.9604930877686 12.0858936309814 12.2112941741943 12.3397760391235 12.4774980545044 12.6152210235596 12.7529430389404 12.8906660079956 13.0283880233765 13.1661109924316 13.3038330078125 13.3833436965942 13.4434509277344 13.5035572052002 13.563663482666 13.6237707138062 13.683876991272 13.7439832687378 13.8430166244507 14.0588274002075 14.2746381759644 14.4904489517212 14.7062587738037 14.9220695495605 15.1378803253174 15.3536911010742 15.5602350234985 15.7636890411377 15.9671430587769 16.170597076416 16.3740520477295 16.5775051116943 16.7809600830078 16.9745864868164 17.1387271881104 17.3028697967529 17.4670104980469 17.6311531066895 17.7952938079834
11.2577409744263 11.3507928848267 11.4438457489014 11.557279586792 11.6775074005127 11.7977352142334 11.9179630279541 12.0381908416748 12.1584186553955 12.2786464691162 12.4042816162109 12.5461378097534 12.6879930496216 12.8298492431641 12.9717044830322 13.1135606765747 13.2554159164429 13.3972721099854 13.4884328842163 13.5626964569092 13.6369590759277 13.7112226486206 13.7854862213135 13.859748840332 13.9340124130249 14.0426940917969 14.2546319961548 14.4665699005127 14.6785078048706 14.8904457092285 15.1023836135864 15.3143215179443 15.5262594223022 15.7256736755371 15.9209127426147 16.1161518096924 16.3113918304443 16.5066299438477 16.7018699645996 16.8971080780029 17.0839672088623 17.2456855773926 17.4074020385742 17.5691204071045 17.7308368682861 17.8925533294678
11.3638343811035 11.4551877975464 11.5465412139893 11.6556701660156 11.7707252502441 11.8857803344727 12.0008344650269 12.1158895492554 12.2309446334839 12.3459987640381 12.4687871932983 12.6147766113281 12.7607650756836 12.9067544937134 13.0527439117432 13.1987323760986 13.3447217941284 13.4907102584839 13.5935230255127 13.681941986084 13.7703619003296 13.8587818145752 13.9472007751465 14.0356206893921 14.1240406036377 14.2423715591431 14.450436592102 14.658501625061 14.86656665802 15.0746326446533 15.2826976776123 15.4907627105713 15.6988277435303 15.8911123275757 16.0781364440918 16.2651615142822 16.452184677124 16.6392097473145 16.8262329101562 17.0132579803467 17.1933479309082 17.3526420593262 17.5119342803955 17.6712284088135 17.8305206298828 17.9898147583008
11.4699277877808 11.5595827102661 11.6492366790771 11.7540616989136 11.8639430999756 11.9738245010376 12.0837068557739 12.1935882568359 12.303469657898 12.41335105896 12.5332927703857 12.6834154129028 12.8335380554199 12.9836597442627 13.1337823867798 13.2839050292969 13.4340267181396 13.5841493606567 13.6986122131348 13.8011884689331 13.9037637710571 14.0063400268555 14.1089162826538 14.2114925384521 14.3140687942505 14.4420490264893 14.6462411880493 14.8504343032837 15.0546264648438 15.2588186264038 15.4630107879639 15.6672039031982 15.8713960647583 16.0565509796143 16.2353610992432 16.4141693115234 16.5929775238037 16.7717876434326 16.9505958557129 17.1294059753418 17.3027305603027 17.4595985412598 17.6164684295654 17.7733364105225 17.9302062988281 18.0870742797852
