data/working_set_collections/6091692-Cassins_Sparrow-M2/1990/ts_avg.asc
NCOLS 265 
NROWS 230 
XLLCORNER -115.5625 
YLLCORNER 24.8333333333333 
CELLSIZE 0.0833333333333333 
NODATA_value -9999 
[rows 60 to 79 of 230, columns 138 to 183 of 265]
283.534790039062 283.696075439453 283.857360839844 284.018646240234 284.107208251953 284.171508789062 284.235809326172 284.300140380859 284.364440917969 284.428771972656 284.493072509766 284.550018310547 284.584869384766 284.619720458984 284.654571533203 284.689422607422 284.724273681641 284.759124755859 284.793975830078 284.834686279297 284.877349853516 284.920013427734 284.962677001953 285.005340576172 285.048004150391 285.090667724609 285.136260986328 285.190704345703 285.2451171875 285.299560546875 285.35400390625 285.408416748047 285.462860107422 285.517303466797 285.542449951172 285.557861328125 285.5732421875 285.588653564453 285.604064941406 285.619445800781 285.634857177734 285.650085449219 285.664764404297 285.679473876953 285.694183349609 285.708862304688
283.841949462891 283.989807128906 284.137664794922 284.285522460938 284.365295410156 284.422424316406 284.479522705078 284.536651611328 284.59375 284.650848388672 284.707977294922 284.757995605469 284.786773681641 284.815521240234 284.844299316406 284.873077392578 284.90185546875 284.930633544922 284.959381103516 284.991851806641 285.025512695312 285.059204101562 285.092895507812 285.126586914062 285.160247802734 285.193939208984 285.232788085938 285.287200927734 285.341583251953 285.395965576172 285.450347900391 285.504760742188 285.559143066406 285.613525390625 285.638824462891 285.654418945312 285.670043945312 285.685638427734 285.701232910156 285.716857910156 285.732452392578 285.74755859375 285.761138916016 285.774749755859 285.788330078125 285.801940917969
284.149108886719 284.283538818359 284.417938232422 284.552368164062 284.623413085938 284.673309326172 284.723236083984 284.773132324219 284.823059082031 284.872955322266 284.922882080078 284.965972900391 284.988647460938 285.011352539062 285.034027099609 285.056732177734 285.079406738281 285.102111816406 285.124786376953 285.148986816406 285.173706054688 285.198394775391 285.223114013672 285.247802734375 285.272521972656 285.297210693359 285.329345703125 285.383697509766 285.438018798828 285.492370605469 285.546722412109 285.60107421875 285.655426025391 285.709777832031 285.735198974609 285.751007080078 285.766815185547 285.782623291016 285.798431396484 285.814239501953 285.830047607422 285.845001220703 285.857513427734 285.870025634766 285.882507324219 285.89501953125
284.456268310547 284.577239990234 284.6982421875 284.819244384766 284.881500244141 284.924224853516 284.966918945312 285.009643554688 285.052337646484 285.095062255859 285.137756347656 285.173950195312 285.190551757812 285.207153320312 285.223754882812 285.240386962891 285.256988525391 285.273590087891 285.290191650391 285.30615234375 285.321868896484 285.337585449219 285.353332519531 285.369049072266 285.384765625 285.400512695312 285.425872802734 285.480194091797 285.534484863281 285.588806152344 285.643096923828 285.697387695312 285.751708984375 285.805999755859 285.831573486328 285.847595214844 285.863586425781 285.879608154297 285.895629882812 285.91162109375 285.927642822266 285.942474365234 285.953887939453 285.965270996094 285.976684570312 285.988067626953
284.763427734375 284.870971679688 284.978546142578 285.086090087891 285.139617919922 285.175109863281 285.210632324219 285.246154785156 285.281646728516 285.317169189453 285.352661132812 285.381927490234 285.392456054688 285.402984619141 285.413482666016 285.424011230469 285.434539794922 285.445068359375 285.455596923828 285.463287353516 285.470031738281 285.476776123047 285.483551025391 285.490295410156 285.497039794922 285.503784179688 285.522430419922 285.576690673828 285.630950927734 285.685211181641 285.739471435547 285.793731689453 285.847991943359 285.902252197266 285.927978515625 285.944183349609 285.960388183594 285.976593017578 285.992797851562 286.009002685547 286.025207519531 286.039947509766 286.050262451172 286.060546875 286.070861816406 286.081146240234
285.070587158203 285.164703369141 285.258819580078 285.352966308594 285.397705078125 285.426025390625 285.454345703125 285.482635498047 285.510955810547 285.539245605469 285.567565917969 285.589904785156 285.594329833984 285.598785400391 285.603240966797 285.607666015625 285.612121582031 285.616546630859 285.621002197266 285.620422363281 285.618194580078 285.615966796875 285.61376953125 285.611541748047 285.609313964844 285.607086181641 285.618957519531 285.673187255859 285.727386474609 285.781616210938 285.835845947266 285.890045166016 285.944274902344 285.998474121094 286.024353027344 286.040740966797 286.057159423828 286.073577880859 286.089996337891 286.106414794922 286.122802734375 286.137420654297 286.146606445312 286.155822753906 286.165008544922 286.174224853516
285.316772460938 285.405731201172 285.494689941406 285.583679199219 285.622711181641 285.645141601562 285.667572021484 285.690002441406 285.712432861328 285.73486328125 285.757293701172 285.773773193359 285.772399902344 285.771057128906 285.769714355469 285.768371582031 285.766998291016 285.765655517578 285.764312744141 285.760406494141 285.755676269531 285.750915527344 285.746185302734 285.741424560547 285.736663818359 285.73193359375 285.741180419922 285.792358398438 285.843566894531 285.894744873047 285.945953369141 285.997131347656 286.04833984375 286.099517822266 286.12353515625 286.138488769531 286.153472900391 286.168426513672 286.183380126953 286.198333740234 286.213317871094 286.226318359375 286.233459472656 286.240600585938 286.247741699219 286.2548828125
285.501983642578 285.594055175781 285.686126708984 285.778228759766 285.814636230469 285.832489013672 285.850372314453 285.868225097656 285.886077880859 285.903961181641 285.921813964844 285.933502197266 285.926635742188 285.919799804688 285.912933349609 285.906097412109 285.899230957031 285.892395019531 285.885528564453 285.883209228516 285.882415771484 285.881591796875 285.880798339844 285.879974365234 285.879150390625 285.878356933594 285.889038085938 285.934234619141 285.979431152344 286.024597167969 286.069793701172 286.114990234375 286.160186767578 286.205383300781 286.225555419922 286.237426757812 286.249267578125 286.261138916016 286.272979736328 286.284851074219 286.296722412109 286.306640625 286.310760498047 286.314910888672 286.319030761719 286.323181152344
285.687194824219 285.782379150391 285.877563476562 285.972778320312 286.006561279297 286.019836425781 286.033142089844 286.046447753906 286.059753417969 286.073059082031 286.086334228516 286.093231201172 286.080871582031 286.068542480469 286.056182861328 286.043823242188 286.031463623047 286.019134521484 286.006774902344 286.006042480469 286.009155273438 286.012268066406 286.015411376953 286.018524169922 286.021636962891 286.024780273438 286.036926269531 286.076110839844 286.115295410156 286.154479980469 286.193664550781 286.232849121094 286.272033691406 286.311218261719 286.327575683594 286.336334228516 286.345092773438 286.353851318359 286.362609863281 286.371368408203 286.380096435547 286.386962890625 286.388092041016 286.389190673828 286.390319824219 286.391448974609
285.872406005859 285.970703125 286.069030761719 286.167327880859 286.198455810547 286.207183837891 286.215942382812 286.224670410156 286.2333984375 286.242156982422 286.250885009766 286.252960205078 286.235107421875 286.217254638672 286.199401855469 286.181549072266 286.163696289062 286.145843505859 286.127990722656 286.128845214844 286.135894775391 286.142944335938 286.150024414062 286.157073974609 286.164123535156 286.171203613281 286.184783935547 286.217956542969 286.251159667969 286.284332275391 286.317504882812 286.350708007812 286.383880615234 286.417053222656 286.429595947266 286.435241699219 286.440887451172 286.446563720703 286.452209472656 286.457855224609 286.463500976562 286.46728515625 286.465393066406 286.463500976562 286.461608886719 286.459716796875
286.0576171875 286.159027099609 286.260467529297 286.361877441406 286.390380859375 286.39453125 286.398712158203 286.402893066406 286.407073974609 286.411254882812 286.415405273438 286.412719726562 286.389343261719 286.365997314453 286.342651367188 286.319305419922 286.295959472656 286.272583007812 286.249237060547 286.251647949219 286.262634277344 286.273651123047 286.284637451172 286.295623779297 286.306610107422 286.317626953125 286.332672119141 286.359832763672 286.387023925781 286.414184570312 286.441375732422 286.468536376953 286.495727539062 286.522918701172 286.531616210938 286.534149169922 286.536712646484 286.539276123047 286.541809082031 286.544372558594 286.546905517578 286.547607421875 286.542694091797 286.537811279297 286.532897949219 286.527984619141
286.242797851562 286.347351074219 286.451904296875 286.556427001953 286.582275390625 286.581878662109 286.581512451172 286.581115722656 286.580718994141 286.580352783203 286.579956054688 286.572448730469 286.543579101562 286.514739990234 286.485900878906 286.45703125 286.428192138672 286.399322509766 286.370483398438 286.374450683594 286.389373779297 286.404327392578 286.419250488281 286.434173583984 286.449096679688 286.464050292969 286.480529785156 286.501708984375 286.522888183594 286.544067382812 286.565216064453 286.586395263672 286.607574462891 286.628753662109 286.633636474609 286.633087158203 286.632537841797 286.631988525391 286.631408691406 286.630859375 286.630310058594 286.6279296875 286.620025634766 286.612091064453 286.604187011719 286.596282958984
286.284149169922 286.394989013672 286.505828857422 286.616668701172 286.642333984375 286.6396484375 286.636932373047 286.634216308594 286.631530761719 286.628814697266 286.626098632812 286.617828369141 286.592803955078 286.567779541016 286.542785644531 286.517761230469 286.492736816406 286.467712402344 286.442687988281 286.452209472656 286.473205566406 286.494201660156 286.515197753906 286.536224365234 286.557220458984 286.578216552734 286.598358154297 286.615905761719 286.633422851562 286.650970458984 286.668487548828 286.68603515625 286.703552246094 286.721099853516 286.723358154297 286.720520019531 286.717681884766 286.714874267578 286.712036132812 286.709197998047 286.706359863281 286.701965332031 286.692932128906 286.683868408203 286.6748046875 286.665771484375
286.181579589844 286.301910400391 286.422241210938 286.542572021484 286.570587158203 286.567810058594 286.565002441406 286.562225341797 286.559448242188 286.556671142578 286.553894042969 286.548858642578 286.536987304688 286.525146484375 286.513305664062 286.50146484375 286.489624023438 286.477752685547 286.465911865234 286.48486328125 286.514068603516 286.543304443359 286.572509765625 286.601715087891 286.630950927734 286.66015625 286.686126708984 286.702392578125 286.718658447266 286.734924316406 286.751190185547 286.767425537109 286.78369140625 286.799957275391 286.800811767578 286.796508789062 286.792205810547 286.787933349609 286.783630371094 286.779357910156 286.775054931641 286.769744873047 286.761444091797 286.753112792969 286.744812011719 286.736480712891
286.079040527344 286.208862304688 286.338684082031 286.468505859375 286.498809814453 286.495941162109 286.493103027344 286.490234375 286.487396240234 286.484527587891 286.481689453125 286.479858398438 286.481201171875 286.482513427734 286.483825683594 286.485168457031 286.486480712891 286.48779296875 286.489135742188 286.517547607422 286.554962158203 286.592376708984 286.629821777344 286.667236328125 286.704681396484 286.742095947266 286.77392578125 286.788909912109 286.803894042969 286.818878173828 286.833862304688 286.848846435547 286.863830566406 286.878814697266 286.878234863281 286.872497558594 286.866729736328 286.860992431641 286.855255126953 286.849487304688 286.84375 286.837524414062 286.829956054688 286.822357177734 286.814788818359 286.807189941406
285.976501464844 286.115783691406 286.255096435547 286.394409179688 286.427032470703 286.424102783203 286.421173095703 286.418243408203 286.415313720703 286.412384033203 286.409454345703 286.410888671875 286.425384521484 286.439880371094 286.454376220703 286.468872070312 286.483367919922 286.497863769531 286.512359619141 286.550201416016 286.595855712891 286.641479492188 286.687133789062 286.732757568359 286.778411865234 286.824035644531 286.861694335938 286.875396728516 286.889129638672 286.90283203125 286.916534423828 286.930236816406 286.943939208984 286.957641601562 286.955688476562 286.948455810547 286.941253662109 286.934051513672 286.926849365234 286.919647216797 286.912445068359 286.905303955078 286.898468017578 286.891632080078 286.884765625 286.8779296875
285.873931884766 286.022735595703 286.171539306641 286.3203125 286.355255126953 286.352264404297 286.349243164062 286.346252441406 286.34326171875 286.340240478516 286.337249755859 286.341918945312 286.369567871094 286.397247314453 286.424896240234 286.452575683594 286.480224609375 286.507904052734 286.535552978516 286.582855224609 286.63671875 286.690582275391 286.744415283203 286.798278808594 286.852142333984 286.905975341797 286.949493408203 286.9619140625 286.974334716797 286.986785888672 286.999206542969 287.011627197266 287.024078369141 287.036499023438 287.033111572266 287.024444580078 287.015777587891 287.007110595703 286.998443603516 286.989776611328 286.981109619141 286.973083496094 286.966979980469 286.960876464844 286.954742431641 286.948638916016
285.771392822266 285.9296875 286.087951660156 286.246215820312 286.283477783203 286.280426025391 286.27734375 286.274261474609 286.271179199219 286.268096923828 286.265045166016 286.27294921875 286.313781738281 286.354614257812 286.395446777344 286.436279296875 286.477111816406 286.517944335938 286.558776855469 286.615539550781 286.677612304688 286.739654541016 286.801727294922 286.863800048828 286.925872802734 286.987915039062 287.037261962891 287.048431396484 287.0595703125 287.070739746094 287.081878662109 287.093048095703 287.104187011719 287.115356445312 287.110565185547 287.100433349609 287.090301513672 287.080169677734 287.070068359375 287.059936523438 287.0498046875 287.040863037109 287.035491943359 287.030120849609 287.024749755859 287.019348144531
285.588439941406 285.756652832031 285.924865722656 286.093109130859 286.145660400391 286.159637451172 286.173614501953 286.187622070312 286.201599121094 286.215606689453 286.229583740234 286.252685546875 286.303070068359 286.353454589844 286.403839111328 286.454254150391 286.504638671875 286.555023193359 286.605407714844 286.666595458984 286.731384277344 286.796173095703 286.860961914062 286.925750732422 286.990539550781 287.055358886719 287.106842041016 287.118408203125 287.130004882812 287.141571044922 287.153167724609 287.164733886719 287.176330566406 287.187896728516 287.185974121094 287.179565429688 287.173126220703 287.166687011719 287.160278320312 287.153839111328 287.147399902344 287.142211914062 287.140777587891 287.139312744141 287.137847900391 287.136383056641
285.325042724609 285.503692626953 285.682312011719 285.860931396484 285.941741943359 285.989929199219 286.038116455078 286.086334228516 286.134521484375 286.182708740234 286.230926513672 286.281158447266 286.337463378906 286.393798828125 286.450134277344 286.506469726562 286.562805175781 286.619110107422 286.675445556641 286.736053466797 286.798095703125 286.860107421875 286.922149658203 286.984191894531 287.046203613281 287.108245849609 287.158203125 287.171905517578 287.185607910156 287.199340820312 287.213043212891 287.226745605469 287.240447998047 287.254150390625 287.259399414062 287.261810302734 287.264251708984 287.266662597656 287.269073486328 287.271514892578 287.27392578125 287.277160644531 287.282775878906 287.288452148438 287.294067382812 287.299743652344
