data/working_set_collections/6091692-Cassins_Sparrow-M2/1990/ts_avg.asc
NCOLS 265 
NROWS 230 
XLLCORNER -115.5625 
YLLCORNER 24.8333333333333 
CELLSIZE 0.0833333333333333 
NODATA_value -9999 
[rows 120 to 139 of 230, columns 0 to 45 of 265]
294.019378662109 294.21728515625 294.415191650391 294.613098144531 294.81103515625 295.008941650391 295.206848144531 295.300506591797 295.359405517578 295.418334960938 295.477233886719 295.5361328125 295.595062255859 295.653961181641 295.654418945312 295.4794921875 295.304534912109 295.129608154297 294.954681396484 294.779724121094 294.604797363281 294.429870605469 294.249542236328 294.067443847656 293.885345458984 293.703216552734 293.521118164062 293.338989257812 293.156890869141 292.991607666016 292.876861572266 292.762115478516 292.647338867188 292.532592773438 292.417816162109 292.303070068359 292.188323974609 292.046142578125 291.894866943359 291.743591308594 291.59228515625 291.441009521484 291.289703369141 291.138427734375 290.901672363281 290.408477783203
294.177215576172 294.36328125 294.549346923828 294.735412597656 294.921478271484 295.107543945312 295.293609619141 295.377838134766 295.428131103516 295.478393554688 295.528686523438 295.578979492188 295.629241943359 295.679534912109 295.675445556641 295.508270263672 295.341094970703 295.173919677734 295.006713867188 294.839538574219 294.67236328125 294.505187988281 294.361724853516 294.226135253906 294.090545654297 293.954986572266 293.819396972656 293.683807373047 293.548248291016 293.423095703125 293.329193115234 293.235290527344 293.141387939453 293.047485351562 292.953582763672 292.859680175781 292.765777587891 292.632781982422 292.486785888672 292.340789794922 292.194793701172 292.048767089844 291.902770996094 291.756774902344 291.527252197266 291.047210693359
294.335052490234 294.50927734375 294.683502197266 294.857727050781 295.031951904297 295.206176757812 295.380401611328 295.455169677734 295.496826171875 295.538482666016 295.580139160156 295.621795654297 295.663452148438 295.705108642578 295.696472167969 295.537048339844 295.377624511719 295.218200683594 295.058776855469 294.899353027344 294.739929199219 294.580505371094 294.473876953125 294.384826660156 294.295776367188 294.206726074219 294.11767578125 294.028625488281 293.939575195312 293.854553222656 293.781494140625 293.708435058594 293.635406494141 293.562347412109 293.489318847656 293.416259765625 293.343231201172 293.219421386719 293.078704833984 292.93798828125 292.797271728516 292.656555175781 292.515838623047 292.375122070312 292.15283203125 291.685943603516
294.492919921875 294.6552734375 294.817657470703 294.980041503906 295.142425537109 295.304779052734 295.467163085938 295.532531738281 295.565551757812 295.598571777344 295.631591796875 295.664611816406 295.697631835938 295.730651855469 295.717498779297 295.565856933594 295.414184570312 295.262512207031 295.11083984375 294.959167480469 294.807495117188 294.655822753906 294.586029052734 294.543518066406 294.501007080078 294.458465576172 294.415954589844 294.373443603516 294.330932617188 294.286010742188 294.233795166016 294.181610107422 294.129425048828 294.077239990234 294.025054931641 293.972869873047 293.920684814453 293.806060791016 293.670623779297 293.535186767578 293.399749755859 293.264312744141 293.128875732422 292.993438720703 292.778442382812 292.324676513672
294.650756835938 294.80126953125 294.951812744141 295.102355957031 295.252868652344 295.403411865234 295.553924560547 295.60986328125 295.634246826172 295.658660888672 295.683044433594 295.707427978516 295.731842041016 295.756225585938 295.738555908203 295.594635009766 295.450714111328 295.306793212891 295.162902832031 295.018981933594 294.875061035156 294.731140136719 294.698181152344 294.702209472656 294.706207275391 294.710235595703 294.714233398438 294.71826171875 294.722290039062 294.717468261719 294.686126708984 294.65478515625 294.623474121094 294.592132568359 294.560791015625 294.529479980469 294.498138427734 294.392700195312 294.262542724609 294.132385253906 294.002258300781 293.872100830078 293.741943359375 293.611785888672 293.404022216797 292.963409423828
294.80859375 294.947265625 295.085968017578 295.224639892578 295.363342285156 295.502014160156 295.640716552734 295.687194824219 295.702972412109 295.718719482422 295.734497070312 295.750274658203 295.766021728516 295.781799316406 295.759582519531 295.623413085938 295.487274169922 295.351104736328 295.214935302734 295.078796386719 294.942626953125 294.806488037109 294.810333251953 294.860900878906 294.911437988281 294.961975097656 295.012542724609 295.063079833984 295.113616943359 295.14892578125 295.138427734375 295.127960205078 295.117492675781 295.107025146484 295.096557617188 295.086059570312 295.075592041016 294.979339599609 294.854461669922 294.729583740234 294.604736328125 294.479858398438 294.355010986328 294.230133056641 294.029602050781 293.602172851562
295.005950927734 295.122283935547 295.238586425781 295.354888916016 295.47119140625 295.587524414062 295.703826904297 295.745544433594 295.762390136719 295.779235839844 295.796081542969 295.812927246094 295.829772949219 295.846618652344 295.828674316406 295.706329345703 295.583984375 295.461639404297 295.339294433594 295.216949462891 295.094604492188 294.972259521484 294.993133544922 295.061767578125 295.13037109375 295.199005126953 295.267639160156 295.336242675781 295.404876708984 295.452880859375 295.438995361328 295.425109863281 295.411224365234 295.397338867188 295.383453369141 295.369567871094 295.355682373047 295.265258789062 295.149353027344 295.033447265625 294.917541503906 294.801635742188 294.685729980469 294.56982421875 294.381561279297 293.976257324219
295.242858886719 295.326263427734 295.40966796875 295.493072509766 295.576477050781 295.659881591797 295.743286132812 295.784881591797 295.8125 295.840148925781 295.867797851562 295.895446777344 295.923095703125 295.950744628906 295.945831298828 295.843353271484 295.740875244141 295.638397216797 295.535919189453 295.433441162109 295.330963134766 295.228485107422 295.246551513672 295.304809570312 295.363067626953 295.421295166016 295.479553222656 295.537811279297 295.596038818359 295.629333496094 295.587768554688 295.546203613281 295.504638671875 295.463073730469 295.421508789062 295.379943847656 295.33837890625 295.250518798828 295.147247314453 295.0439453125 294.940673828125 294.83740234375 294.734130859375 294.630828857422 294.459838867188 294.085662841797
295.479736328125 295.530242919922 295.580749511719 295.631256103516 295.681732177734 295.732238769531 295.782745361328 295.824188232422 295.862640380859 295.901092529297 295.939514160156 295.977966308594 296.016387939453 296.054840087891 296.063018798828 295.980407714844 295.897796630859 295.815185546875 295.732574462891 295.649932861328 295.567321777344 295.484710693359 295.499969482422 295.5478515625 295.595733642578 295.643585205078 295.691467285156 295.739349365234 295.787231445312 295.805816650391 295.736572265625 295.667327880859 295.598052978516 295.52880859375 295.459564208984 295.390319824219 295.321044921875 295.235748291016 295.145111083984 295.054473876953 294.963806152344 294.873168945312 294.782531738281 294.691864013672 294.538116455078 294.195098876953
295.716644287109 295.734222412109 295.751831054688 295.769409179688 295.787017822266 295.804626464844 295.822204589844 295.863525390625 295.912780761719 295.962005615234 296.01123046875 296.060485839844 296.109710693359 296.158935546875 296.18017578125 296.117431640625 296.0546875 295.991943359375 295.92919921875 295.866455078125 295.8037109375 295.740966796875 295.753387451172 295.790893554688 295.828399658203 295.865905761719 295.903381347656 295.940887451172 295.978393554688 295.982299804688 295.885345458984 295.788421630859 295.691497802734 295.594543457031 295.497619628906 295.400665283203 295.303741455078 295.221008300781 295.142974853516 295.064971923828 294.986938476562 294.908935546875 294.830902099609 294.752899169922 294.616424560547 294.304534912109
295.953521728516 295.938232421875 295.922912597656 295.907592773438 295.892303466797 295.876983642578 295.861663818359 295.902862548828 295.962890625 296.022918701172 296.082946777344 296.142974853516 296.203033447266 296.263061523438 296.29736328125 296.254486083984 296.211578369141 296.168701171875 296.125823974609 296.082946777344 296.040069580078 295.997192382812 296.006805419922 296.033935546875 296.061065673828 296.088195800781 296.115325927734 296.142425537109 296.169555664062 296.158752441406 296.034149169922 295.909515380859 295.784912109375 295.660278320312 295.535675048828 295.411041259766 295.286437988281 295.206237792969 295.140869140625 295.075469970703 295.010070800781 294.944702148438 294.879302978516 294.813934326172 294.694702148438 294.413970947266
296.1904296875 296.142211914062 296.093994140625 296.045776367188 295.99755859375 295.949340820312 295.901123046875 295.942199707031 296.013031005859 296.083862304688 296.154663085938 296.225494384766 296.296325683594 296.367156982422 296.414520263672 296.391510009766 296.368499755859 296.345489501953 296.322479248047 296.299438476562 296.276428222656 296.25341796875 296.260223388672 296.276977539062 296.293731689453 296.310485839844 296.327239990234 296.343994140625 296.360748291016 296.335235595703 296.182922363281 296.030639648438 295.878326416016 295.726013183594 295.57373046875 295.421417236328 295.269134521484 295.191467285156 295.138732910156 295.085968017578 295.033203125 294.98046875 294.927703857422 294.874938964844 294.772979736328 294.523376464844
296.288635253906 296.234893798828 296.18115234375 296.127380371094 296.073638916016 296.019897460938 295.966156005859 295.999481201172 296.061828613281 296.124176025391 296.186553955078 296.248901367188 296.311248779297 296.373626708984 296.416625976562 296.401672363281 296.38671875 296.371734619141 296.356781005859 296.341796875 296.326843261719 296.311859130859 296.318389892578 296.332061767578 296.345733642578 296.359405517578 296.373077392578 296.386779785156 296.400451660156 296.368835449219 296.201416015625 296.033996582031 295.866577148438 295.699157714844 295.53173828125 295.364318847656 295.196899414062 295.123077392578 295.080474853516 295.037872314453 294.995239257812 294.95263671875 294.910034179688 294.867401123047 294.779266357422 294.554565429688
296.248168945312 296.216278076172 296.184356689453 296.152435302734 296.120544433594 296.088623046875 296.056701660156 296.07470703125 296.109313964844 296.143951416016 296.178558349609 296.213165283203 296.247802734375 296.282409667969 296.3037109375 296.284973144531 296.266235351562 296.247497558594 296.228759765625 296.210021972656 296.191284179688 296.172546386719 296.181274414062 296.199188232422 296.217071533203 296.234985351562 296.252899169922 296.270782470703 296.288696289062 296.259613037109 296.089630126953 295.919677734375 295.749694824219 295.579711914062 295.409729003906 295.23974609375 295.069763183594 295.001068115234 294.966094970703 294.93115234375 294.896179199219 294.861206054688 294.826263427734 294.791290283203 294.713562011719 294.507507324219
296.207702636719 296.197631835938 296.187561035156 296.177490234375 296.167419433594 296.157348632812 296.147277832031 296.149932861328 296.156799316406 296.163696289062 296.170562744141 296.177459716797 296.184326171875 296.191223144531 296.190765380859 296.168243408203 296.145721435547 296.123229980469 296.100708007812 296.078216552734 296.055694580078 296.033203125 296.044158935547 296.066284179688 296.088409423828 296.110534667969 296.132690429688 296.154815673828 296.176940917969 296.150390625 295.977874755859 295.805328369141 295.632781982422 295.460266113281 295.287719726562 295.115173339844 294.942657470703 294.879028320312 294.851715087891 294.824401855469 294.797088623047 294.769805908203 294.742492675781 294.715179443359 294.647827148438 294.460418701172
296.167236328125 296.179016113281 296.190765380859 296.202545166016 296.214324951172 296.22607421875 296.237854003906 296.225158691406 296.204284667969 296.183441162109 296.16259765625 296.141723632812 296.120880126953 296.100036621094 296.077819824219 296.051544189453 296.025268554688 295.998962402344 295.972686767578 295.946411132812 295.920135498047 295.893859863281 295.907043457031 295.933410644531 295.959747314453 295.986114501953 296.012481689453 296.038818359375 296.065185546875 296.041168212891 295.866088867188 295.690979003906 295.515899658203 295.340789794922 295.165710449219 294.990600585938 294.815521240234 294.757019042969 294.737335205078 294.717681884766 294.698028564453 294.678375244141 294.658721923828 294.639068603516 294.582122802734 294.413360595703
296.126770019531 296.160400390625 296.194000244141 296.227600097656 296.261199951172 296.294799804688 296.328430175781 296.300384521484 296.251800537109 296.203186035156 296.154602050781 296.106018066406 296.057403564453 296.008819580078 295.964874267578 295.934814453125 295.90478515625 295.874725341797 295.844665527344 295.814636230469 295.784576416016 295.754516601562 295.769958496094 295.800537109375 295.831115722656 295.861694335938 295.892272949219 295.9228515625 295.953430175781 295.931945800781 295.754302978516 295.576629638672 295.398986816406 295.221343994141 295.043701171875 294.866058349609 294.688385009766 294.634979248047 294.622955322266 294.610961914062 294.598968505859 294.586944580078 294.574951171875 294.562927246094 294.516418457031 294.366302490234
296.086303710938 296.141754150391 296.197204589844 296.252655029297 296.30810546875 296.363555908203 296.418975830078 296.375610351562 296.299285888672 296.222930908203 296.146606445312 296.070281982422 295.993957519531 295.917633056641 295.851928710938 295.818115234375 295.784301757812 295.750457763672 295.716644287109 295.682830810547 295.649017333984 295.615173339844 295.632843017578 295.667633056641 295.702453613281 295.737243652344 295.772064208984 295.806854248047 295.841674804688 295.822723388672 295.642517089844 295.462310791016 295.282104492188 295.101898193359 294.921691894531 294.741485595703 294.561279296875 294.512939453125 294.508605957031 294.504241943359 294.499877929688 294.495544433594 294.491180419922 294.48681640625 294.45068359375 294.319213867188
295.927124023438 296.018890380859 296.110687255859 296.202453613281 296.294250488281 296.386016845703 296.477783203125 296.427856445312 296.330657958984 296.233459472656 296.136260986328 296.0390625 295.941864013672 295.844665527344 295.764434814453 295.735107421875 295.705749511719 295.676422119141 295.647094726562 295.617767333984 295.588439941406 295.55908203125 295.575805664062 295.607849121094 295.639892578125 295.671936035156 295.703979492188 295.736022949219 295.76806640625 295.747222900391 295.567749023438 295.388275146484 295.208770751953 295.029296875 294.849822998047 294.670349121094 294.490844726562 294.436889648438 294.424743652344 294.41259765625 294.400482177734 294.388336181641 294.376190185547 294.364074707031 294.323913574219 294.199676513672
295.649200439453 295.791809082031 295.934417724609 296.077026367188 296.219635009766 296.362243652344 296.504852294922 296.457092285156 296.345886230469 296.234710693359 296.123504638672 296.012298583984 295.901123046875 295.789916992188 295.702362060547 295.685791015625 295.669189453125 295.652587890625 295.636016845703 295.619415283203 295.602844238281 295.586242675781 295.598815917969 295.621124267578 295.643432617188 295.665710449219 295.688018798828 295.710327148438 295.732604980469 295.705474853516 295.529998779297 295.354522705078 295.179046630859 295.003570556641 294.828094482422 294.652618408203 294.477142333984 294.406768798828 294.371429443359 294.336090087891 294.300720214844 294.265380859375 294.230041503906 294.194671630859 294.136077880859 294.007629394531
