data/working_set_collections/6091692-Cassins_Sparrow-M2/1990/ts_avg.asc
NCOLS 265 
NROWS 230 
XLLCORNER -115.5625 
YLLCORNER 24.8333333333333 
CELLSIZE 0.0833333333333333 
NODATA_value -9999 
[rows 60 to 79 of 230, columns 184 to 229 of 265]
285.723571777344 285.738250732422 285.752960205078 285.758026123047 285.759887695312 285.761749267578 285.763610839844 285.765472412109 285.767333984375 285.769195556641 285.767364501953 285.754486083984 285.741607666016 285.728729248047 285.715850830078 285.702972412109 285.690093994141 285.677215576172 285.684906005859 285.699462890625 285.713989257812 285.728546142578 285.743072509766 285.757629394531 285.772155761719 285.782836914062 285.781951904297 285.781036376953 285.780151367188 285.779235839844 285.778350830078 285.777435302734 285.776550292969 285.759643554688 285.737457275391 285.715240478516 285.693023681641 285.670837402344 285.648620605469 285.626403808594 285.600433349609 285.563110351562 285.525787353516 285.488464355469 285.451141357422 285.413818359375
285.815521240234 285.829132080078 285.842742919922 285.845764160156 285.845306396484 285.844818115234 285.844360351562 285.843872070312 285.843414306641 285.842926025391 285.838806152344 285.823760986328 285.808715820312 285.793670654297 285.778625488281 285.763580322266 285.748504638672 285.733459472656 285.740814208984 285.755615234375 285.770416259766 285.785217285156 285.800018310547 285.814819335938 285.829620361328 285.840850830078 285.841430664062 285.842010498047 285.842559814453 285.843139648438 285.843719482422 285.844268798828 285.844848632812 285.825042724609 285.798461914062 285.771881103516 285.745269775391 285.718688964844 285.692108154297 285.665496826172 285.636352539062 285.599456787109 285.562530517578 285.525634765625 285.488739013672 285.451843261719
285.907501220703 285.920013427734 285.932495117188 285.933532714844 285.930725097656 285.927917480469 285.925109863281 285.922302246094 285.919494628906 285.916687011719 285.910278320312 285.893035888672 285.875823974609 285.858612060547 285.841369628906 285.824157714844 285.806945800781 285.789703369141 285.796691894531 285.811767578125 285.826812744141 285.841888427734 285.85693359375 285.872009277344 285.887054443359 285.898864746094 285.900909423828 285.902954101562 285.904998779297 285.907043457031 285.909057617188 285.911102294922 285.913146972656 285.890441894531 285.859466552734 285.828491210938 285.797515869141 285.766540527344 285.735565185547 285.70458984375 285.672271728516 285.635772705078 285.599304199219 285.562835693359 285.526336669922 285.489868164062
285.999481201172 286.010864257812 286.022277832031 286.021270751953 286.016143798828 286.010986328125 286.005859375 286.000701904297 285.995574951172 285.990417480469 285.981719970703 285.962341308594 285.942932128906 285.923553466797 285.904144287109 285.884765625 285.865356445312 285.845977783203 285.852600097656 285.867919921875 285.883239746094 285.898559570312 285.913879394531 285.92919921875 285.944519042969 285.956878662109 285.960388183594 285.963897705078 285.967407226562 285.970916748047 285.974426269531 285.977935791016 285.9814453125 285.955810546875 285.920471191406 285.885101318359 285.849761962891 285.814392089844 285.779052734375 285.743713378906 285.708160400391 285.672119140625 285.636077880859 285.600006103516 285.56396484375 285.527893066406
286.091461181641 286.101745605469 286.112060546875 286.109008789062 286.101531982422 286.094085693359 286.086608886719 286.079132080078 286.071655273438 286.064178466797 286.053192138672 286.031616210938 286.010040283203 285.988464355469 285.966918945312 285.945343017578 285.923767089844 285.902221679688 285.908508300781 285.924072265625 285.939666748047 285.955230712891 285.970825195312 285.986389160156 286.001983642578 286.014892578125 286.019897460938 286.024871826172 286.029846191406 286.034820556641 286.039794921875 286.044799804688 286.049774169922 286.021209716797 285.981475830078 285.941741943359 285.902008056641 285.862274169922 285.822540283203 285.782806396484 285.744079589844 285.708465576172 285.672821044922 285.63720703125 285.6015625 285.565948486328
286.183410644531 286.192626953125 286.201812744141 286.19677734375 286.186950683594 286.177154541016 286.167358398438 286.157531738281 286.147735595703 286.137908935547 286.124633789062 286.100891113281 286.0771484375 286.053405761719 286.029663085938 286.005950927734 285.982208251953 285.958465576172 285.964416503906 285.980255126953 285.996063232422 286.011901855469 286.027740478516 286.043579101562 286.059417724609 286.072906494141 286.079376220703 286.085815429688 286.092254638672 286.098724365234 286.105163574219 286.111633300781 286.118072509766 286.086608886719 286.04248046875 285.998352050781 285.954254150391 285.910125732422 285.865997314453 285.821899414062 285.779998779297 285.744781494141 285.709594726562 285.674377441406 285.63916015625 285.603973388672
286.262023925781 286.269195556641 286.276336669922 286.269287109375 286.257537841797 286.245758056641 286.234008789062 286.222229003906 286.210479736328 286.198699951172 286.183837890625 286.159606933594 286.135375976562 286.111114501953 286.086883544922 286.062652587891 286.038421630859 286.014190673828 286.020935058594 286.037963867188 286.054992675781 286.072052001953 286.089080810547 286.106140136719 286.123168945312 286.137451171875 286.143371582031 286.149291992188 286.155212402344 286.1611328125 286.167053222656 286.172973632812 286.178924560547 286.146942138672 286.102325439453 286.057739257812 286.013122558594 285.968536376953 285.923919677734 285.879333496094 285.837066650391 285.801788330078 285.766540527344 285.731262207031 285.696014404297 285.660736083984
286.327301025391 286.331420898438 286.335571289062 286.326599121094 286.313262939453 286.299896240234 286.286560058594 286.273223876953 286.259887695312 286.246520996094 286.230773925781 286.207702636719 286.184661865234 286.16162109375 286.138580322266 286.115539550781 286.092468261719 286.069427490234 286.078063964844 286.097259521484 286.116455078125 286.135650634766 286.154846191406 286.174041748047 286.193237304688 286.208465576172 286.211883544922 286.215270996094 286.218688964844 286.222076416016 286.225494384766 286.228881835938 286.232299804688 286.202239990234 286.161041259766 286.119873046875 286.078674316406 286.037475585938 285.996307373047 285.955108642578 285.915252685547 285.879455566406 285.843658447266 285.807861328125 285.772064208984 285.736236572266
286.392578125 286.393676757812 286.394805908203 286.383911132812 286.368988037109 286.354064941406 286.339141845703 286.32421875 286.309295654297 286.294372558594 286.277709960938 286.255828857422 286.233978271484 286.212097167969 286.190246582031 286.168395996094 286.146514892578 286.124664306641 286.135192871094 286.156555175781 286.177886962891 286.199249267578 286.220581054688 286.241912841797 286.263275146484 286.279510498047 286.280364990234 286.28125 286.282135009766 286.283020019531 286.283905029297 286.284790039062 286.285675048828 286.257537841797 286.219757080078 286.182006835938 286.144226074219 286.1064453125 286.068664550781 286.030883789062 285.993469238281 285.957122802734 285.920776367188 285.884429931641 285.848083496094 285.811767578125
286.457824707031 286.455932617188 286.454040527344 286.441192626953 286.424682617188 286.408203125 286.391693115234 286.375183105469 286.358673095703 286.342193603516 286.324645996094 286.303955078125 286.283294677734 286.262603759766 286.241912841797 286.221252441406 286.200561523438 286.179901123047 286.192352294922 286.215850830078 286.239349365234 286.262817382812 286.286315917969 286.309814453125 286.333312988281 286.350524902344 286.348876953125 286.347259521484 286.345611572266 286.343963623047 286.342315673828 286.340667724609 286.339050292969 286.312866210938 286.278503417969 286.244110107422 286.209747314453 286.175384521484 286.141021728516 286.106658935547 286.071655273438 286.034790039062 285.997894287109 285.961029052734 285.924133300781 285.887268066406
286.523101806641 286.518188476562 286.513275146484 286.498504638672 286.480407714844 286.462341308594 286.444244384766 286.426177978516 286.408081054688 286.390014648438 286.37158203125 286.352081298828 286.332580566406 286.313110351562 286.293609619141 286.274108886719 286.254608154297 286.235107421875 286.249481201172 286.275115966797 286.30078125 286.326416015625 286.352081298828 286.377716064453 286.403350830078 286.421569824219 286.417388916016 286.413238525391 286.409057617188 286.404907226562 286.400726318359 286.396575927734 286.392425537109 286.3681640625 286.337219238281 286.306243896484 286.275299072266 286.244354248047 286.21337890625 286.182434082031 286.149871826172 286.112457275391 286.075042724609 286.03759765625 286.000183105469 285.962768554688
286.588348388672 286.580444335938 286.572540283203 286.555816650391 286.5361328125 286.516479492188 286.496826171875 286.477172851562 286.457489013672 286.437835693359 286.418518066406 286.400207519531 286.381896972656 286.363586425781 286.345275878906 286.326965332031 286.308654785156 286.290344238281 286.306610107422 286.334411621094 286.362213134766 286.390014648438 286.417816162109 286.445617675781 286.473419189453 286.492584228516 286.485900878906 286.479217529297 286.472534179688 286.465850830078 286.459167480469 286.452484130859 286.44580078125 286.423461914062 286.395935058594 286.368377685547 286.340850830078 286.313293457031 286.285766601562 286.258209228516 286.228088378906 286.190124511719 286.152160644531 286.114196777344 286.076232910156 286.038269042969
286.656707763672 286.647674560547 286.638610839844 286.621459960938 286.601593017578 286.581756591797 286.561889648438 286.542053222656 286.522186279297 286.502349853516 286.483306884766 286.466705322266 286.450103759766 286.433502197266 286.416900634766 286.400299072266 286.383697509766 286.367095947266 286.384216308594 286.41259765625 286.440979003906 286.469360351562 286.497741699219 286.526123046875 286.554473876953 286.573913574219 286.566467285156 286.558990478516 286.551544189453 286.544097900391 286.536651611328 286.529174804688 286.521728515625 286.499450683594 286.472198486328 286.444976806641 286.417724609375 286.390502929688 286.363250732422 286.336029052734 286.305999755859 286.267700195312 286.229370117188 286.191070556641 286.152740478516 286.114410400391
286.728179931641 286.719848632812 286.711517333984 286.695465087891 286.676818847656 286.658142089844 286.639495849609 286.620849609375 286.602172851562 286.583526611328 286.565948486328 286.551574707031 286.537200927734 286.522827148438 286.508453369141 286.494110107422 286.479736328125 286.465362548828 286.482299804688 286.509674072266 286.537048339844 286.564453125 286.591827392578 286.619201660156 286.646606445312 286.66552734375 286.659057617188 286.652587890625 286.646118164062 286.6396484375 286.633178710938 286.626708984375 286.620239257812 286.596099853516 286.566040039062 286.536010742188 286.505981445312 286.475921630859 286.445892333984 286.415832519531 286.383697509766 286.345184326172 286.306701660156 286.268188476562 286.229705810547 286.191192626953
286.799621582031 286.792022705078 286.784454345703 286.769470214844 286.752014160156 286.734558105469 286.717102050781 286.699645996094 286.682189941406 286.664733886719 286.648590087891 286.636444091797 286.624328613281 286.612182617188 286.600036621094 286.587890625 286.575744628906 286.563598632812 286.580383300781 286.606750488281 286.633148193359 286.659545898438 286.685913085938 286.712310791016 286.738708496094 286.757110595703 286.751647949219 286.746154785156 286.740692138672 286.735198974609 286.729705810547 286.724243164062 286.71875 286.692749023438 286.659912109375 286.627044677734 286.594207763672 286.561370849609 286.528503417969 286.495666503906 286.461364746094 286.422668457031 286.384002685547 286.345336914062 286.306640625 286.267974853516
286.871063232422 286.864227294922 286.857360839844 286.843475341797 286.827209472656 286.810943603516 286.794677734375 286.778442382812 286.762176513672 286.745910644531 286.731231689453 286.721343994141 286.71142578125 286.701507568359 286.691589355469 286.681701660156 286.671783447266 286.661865234375 286.678436279297 286.703826904297 286.729217529297 286.754608154297 286.780029296875 286.805419921875 286.830810546875 286.848724365234 286.84423828125 286.839752197266 286.835235595703 286.830749511719 286.826263427734 286.82177734375 286.817260742188 286.789398193359 286.753753662109 286.718109130859 286.682434082031 286.646789550781 286.611145019531 286.575500488281 286.539031982422 286.500183105469 286.461303710938 286.422454833984 286.383605957031 286.344757080078
286.942535400391 286.936401367188 286.930297851562 286.91748046875 286.902404785156 286.887359619141 286.872283935547 286.857208251953 286.842163085938 286.827087402344 286.813873291016 286.806213378906 286.798522949219 286.790832519531 286.783172607422 286.775482177734 286.767822265625 286.760131835938 286.776519775391 286.800903320312 286.825317382812 286.849700927734 286.874114990234 286.898498535156 286.922912597656 286.940338134766 286.936828613281 286.933319091797 286.929809570312 286.926300048828 286.922790527344 286.919281005859 286.915771484375 286.886077880859 286.847595214844 286.809143066406 286.770690917969 286.732238769531 286.693756103516 286.655303955078 286.61669921875 286.577667236328 286.538635253906 286.499603271484 286.460571289062 286.421508789062
287.013977050781 287.008605957031 287.003204345703 286.991485595703 286.977600097656 286.963745117188 286.949890136719 286.936004638672 286.922149658203 286.908294677734 286.896514892578 286.891082763672 286.885620117188 286.880187988281 286.874725341797 286.869293212891 286.863830566406 286.8583984375 286.874572753906 286.897979736328 286.92138671875 286.944793701172 286.968200683594 286.991607666016 287.015014648438 287.031951904297 287.029418945312 287.026885986328 287.024383544922 287.021850585938 287.019348144531 287.016815185547 287.014312744141 286.982727050781 286.941467285156 286.900177001953 286.858917236328 286.817657470703 286.776397705078 286.735137939453 286.694366455078 286.655151367188 286.615936279297 286.576721191406 286.537506103516 286.498291015625
287.134918212891 287.133453369141 287.132019042969 287.121063232422 287.106994628906 287.092895507812 287.078796386719 287.064727783203 287.050628662109 287.036529541016 287.024444580078 287.018249511719 287.012084960938 287.005920410156 286.999755859375 286.993560791016 286.987396240234 286.981231689453 286.996398925781 287.018646240234 287.040924072266 287.063201904297 287.085479736328 287.107727050781 287.130004882812 287.145477294922 287.140625 287.1357421875 287.130859375 287.1259765625 287.12109375 287.116241455078 287.111358642578 287.077972412109 287.035064697266 286.992156982422 286.949249267578 286.906372070312 286.863464355469 286.820556640625 286.778717041016 286.740051269531 286.701385498047 286.662719726562 286.624053955078 286.585388183594
287.305358886719 287.31103515625 287.316680908203 287.306274414062 287.29052734375 287.274810791016 287.259063720703 287.243316650391 287.227600097656 287.211853027344 287.197601318359 287.187744140625 287.177886962891 287.168060302734 287.158203125 287.148345947266 287.138519287109 287.128662109375 287.141937255859 287.162933349609 287.183929443359 287.204925537109 287.225921630859 287.246887207031 287.267883300781 287.281005859375 287.270416259766 287.259826660156 287.249267578125 287.238677978516 287.228118896484 287.217529296875 287.206939697266 287.171783447266 287.12841796875 287.085052490234 287.041687011719 286.998321533203 286.954956054688 286.911590576172 286.869720458984 286.832336425781 286.794952392578 286.757598876953 286.72021484375 286.682830810547
