data/working_set_collections/6091692-Cassins_Sparrow-M2/1990/tsat_avg.asc
NCOLS 265 
NROWS 230 
XLLCORNER -115.5625 
YLLCORNER 24.8333333333333 
CELLSIZE 0.0833333333333333 
NODATA_value -9999 
[rows 80 to 99 of 230, columns 92 to 137 of 265]
278.773590087891 278.573577880859 278.373565673828 278.173553466797 277.973571777344 277.856475830078 277.766998291016 277.677551269531 277.588073730469 277.498596191406 277.409149169922 277.319671630859 277.253143310547 277.255310058594 277.257507324219 277.259704589844 277.261901855469 277.264068603516 277.266265869141 277.268463134766 277.429260253906 277.642944335938 277.856628417969 278.0703125 278.283966064453 278.497650146484 278.711334228516 278.882904052734 278.928070068359 278.973236083984 279.018432617188 279.063598632812 279.108795166016 279.153961181641 279.199127197266 279.566864013672 280.042114257812 280.517364501953 280.992614746094 281.467864990234 281.943115234375 282.418365478516 282.804809570312 282.924835205078 283.044891357422 283.164947509766
279.539764404297 279.345794677734 279.151824951172 278.957824707031 278.763854980469 278.62109375 278.495391845703 278.369689941406 278.244018554688 278.118316650391 277.992614746094 277.866912841797 277.751739501953 277.668060302734 277.584350585938 277.500671386719 277.4169921875 277.333282470703 277.249603271484 277.165924072266 277.313629150391 277.538482666016 277.763366699219 277.988220214844 278.213073730469 278.437927246094 278.662780761719 278.840759277344 278.878051757812 278.915344238281 278.95263671875 278.989929199219 279.027221679688 279.064514160156 279.101806640625 279.450042724609 279.901947021484 280.353820800781 280.805725097656 281.257629394531 281.709503173828 282.161407470703 282.531280517578 282.655181884766 282.779052734375 282.902923583984
280.305969238281 280.118011474609 279.930053710938 279.742095947266 279.554138183594 279.385711669922 279.223785400391 279.061859130859 278.899932861328 278.738006591797 278.576080322266 278.414184570312 278.250335693359 278.080780029297 277.911193847656 277.741638183594 277.572082519531 277.402496337891 277.232940673828 277.063385009766 277.197998046875 277.434051513672 277.670104980469 277.906127929688 278.142181396484 278.378204345703 278.6142578125 278.798645019531 278.828033447266 278.857452392578 278.886840820312 278.916259765625 278.945678710938 278.975067138672 279.004486083984 279.333221435547 279.761779785156 280.190307617188 280.618835449219 281.047393798828 281.475921630859 281.904449462891 282.257781982422 282.385498046875 282.51318359375 282.640899658203
281.072174072266 280.890228271484 280.708282470703 280.5263671875 280.344421386719 280.150329589844 279.952178955078 279.754028320312 279.555877685547 279.357727050781 279.159576416016 278.96142578125 278.748931884766 278.493499755859 278.238067626953 277.982604980469 277.727172851562 277.471710205078 277.216278076172 276.960815429688 277.082397460938 277.32958984375 277.576812744141 277.824035644531 278.071258544922 278.318481445312 278.565704345703 278.756500244141 278.778015136719 278.799560546875 278.821075439453 278.842590332031 278.864105224609 278.885620117188 278.907165527344 279.216430664062 279.621612548828 280.026763916016 280.431945800781 280.837127685547 281.242309570312 281.647491455078 281.984252929688 282.115814208984 282.247344970703 282.378875732422
281.536468505859 281.360809326172 281.185150146484 281.009490966797 280.833831787109 280.624786376953 280.404632568359 280.184448242188 279.964263916016 279.744079589844 279.523895263672 279.303741455078 279.069458007812 278.792907714844 278.516357421875 278.239807128906 277.963287353516 277.686737060547 277.410186767578 277.133636474609 277.237518310547 277.468231201172 277.698913574219 277.929626464844 278.160339355469 278.391021728516 278.621734619141 278.799285888672 278.8173828125 278.835510253906 278.853607177734 278.871704101562 278.889801025391 278.907928466797 278.926025390625 279.223052978516 279.613037109375 280.003021240234 280.393035888672 280.783020019531 281.173004150391 281.563018798828 281.887054443359 282.013305664062 282.139556884766 282.265808105469
281.698852539062 281.529724121094 281.360626220703 281.191528320312 281.022430419922 280.809143066406 280.581146240234 280.353118896484 280.125122070312 279.897125244141 279.669128417969 279.441101074219 279.211883544922 278.97900390625 278.746154785156 278.513275146484 278.280395507812 278.047515869141 277.814666748047 277.581787109375 277.663421630859 277.849914550781 278.036376953125 278.222869873047 278.409362792969 278.595825195312 278.782318115234 278.926971435547 278.946136474609 278.965301513672 278.984466552734 279.003601074219 279.022766113281 279.041931152344 279.061096191406 279.353118896484 279.736083984375 280.119079589844 280.502044677734 280.885040283203 281.268005371094 281.650970458984 281.966186523438 282.078033447266 282.189880371094 282.301727294922
281.861206054688 281.698669433594 281.536102294922 281.373565673828 281.210998535156 280.993499755859 280.757659912109 280.521820068359 280.285980224609 280.050140380859 279.814331054688 279.578491210938 279.354309082031 279.165100097656 278.975921630859 278.786712646484 278.597534179688 278.408325195312 278.219146728516 278.029937744141 278.089324951172 278.231597900391 278.373870849609 278.51611328125 278.658386230469 278.800628662109 278.942901611328 279.054656982422 279.074859619141 279.095092773438 279.115295410156 279.135528564453 279.155731201172 279.175964355469 279.196166992188 279.483184814453 279.859161376953 280.235107421875 280.611083984375 280.987030029297 281.363006591797 281.738952636719 282.045288085938 282.142730712891 282.240173339844 282.337615966797
282.023590087891 281.867584228516 281.711578369141 281.555572509766 281.399566650391 281.177825927734 280.934173583984 280.690521240234 280.446838378906 280.203186035156 279.959533691406 279.715850830078 279.496734619141 279.351226806641 279.205688476562 279.060180664062 278.914642333984 278.769134521484 278.623596191406 278.478088378906 278.515228271484 278.61328125 278.711334228516 278.809356689453 278.907409667969 279.005462646484 279.103485107422 279.182342529297 279.20361328125 279.224884033203 279.246154785156 279.267425537109 279.288696289062 279.309967041016 279.331237792969 279.61328125 279.982208251953 280.351165771484 280.720092773438 281.089050292969 281.457977294922 281.826934814453 282.124389648438 282.207427978516 282.290466308594 282.373504638672
282.185974121094 282.036499023438 281.887054443359 281.737609863281 281.588165283203 281.362182617188 281.110687255859 280.859191894531 280.607696533203 280.356231689453 280.104736328125 279.853240966797 279.63916015625 279.537322998047 279.435455322266 279.333618164062 279.231781005859 279.129943847656 279.028076171875 278.926239013672 278.941131591797 278.994964599609 279.048797607422 279.102600097656 279.156433105469 279.210266113281 279.264068603516 279.310028076172 279.332336425781 279.354675292969 279.377014160156 279.399322509766 279.421661376953 279.443969726562 279.46630859375 279.743347167969 280.105255126953 280.467193603516 280.829132080078 281.191040039062 281.552978515625 281.914916992188 282.203521728516 282.272155761719 282.340789794922 282.409423828125
282.348327636719 282.205444335938 282.062530517578 281.919647216797 281.776733398438 281.546508789062 281.287200927734 281.027893066406 280.7685546875 280.509246826172 280.249938964844 279.990600585938 279.781585693359 279.723419189453 279.665252685547 279.607086181641 279.548889160156 279.49072265625 279.432556152344 279.374389648438 279.367065429688 279.376647949219 279.386260986328 279.395843505859 279.405456542969 279.415069580078 279.424652099609 279.437713623047 279.461090087891 279.484466552734 279.507843017578 279.53125 279.554626464844 279.578002929688 279.601379394531 279.873413085938 280.228332519531 280.583221435547 280.938140869141 281.293060302734 281.647979736328 282.002899169922 282.282623291016 282.336853027344 282.391082763672 282.4453125
282.398986816406 282.265258789062 282.131561279297 281.997833251953 281.864135742188 281.640228271484 281.386291503906 281.132354736328 280.87841796875 280.624481201172 280.370544433594 280.116577148438 279.915893554688 279.874969482422 279.834045410156 279.793090820312 279.752166748047 279.711242675781 279.670318603516 279.629364013672 279.605712890625 279.587829589844 279.569946289062 279.552032470703 279.534149169922 279.516265869141 279.498352050781 279.494812011719 279.534332275391 279.573822021484 279.613311767578 279.65283203125 279.692321777344 279.731842041016 279.771331787109 280.042083740234 280.389923095703 280.737762451172 281.085601806641 281.433441162109 281.78125 282.129089355469 282.403991699219 282.460052490234 282.516143798828 282.572204589844
282.337890625 282.216003417969 282.094116210938 281.972229003906 281.850311279297 281.643341064453 281.407958984375 281.172607421875 280.937255859375 280.701873779297 280.466522216797 280.231170654297 280.042114257812 279.991973876953 279.941833496094 279.891723632812 279.841583251953 279.791442871094 279.741302490234 279.691162109375 279.657135009766 279.628479003906 279.599822998047 279.571166992188 279.54248046875 279.513824462891 279.485168457031 279.481353759766 279.552032470703 279.622711181641 279.693420410156 279.764099121094 279.834808349609 279.905487060547 279.976196289062 280.249389648438 280.590057373047 280.930755615234 281.271453857422 281.612152099609 281.952850341797 282.293548583984 282.567596435547 282.641754150391 282.715911865234 282.790069580078
282.276794433594 282.166748046875 282.056671142578 281.946594238281 281.836517333984 281.646423339844 281.429626464844 281.212860107422 280.996063232422 280.779296875 280.562530517578 280.345733642578 280.168304443359 280.108978271484 280.049652099609 279.990325927734 279.930969238281 279.871643066406 279.812316894531 279.752990722656 279.708557128906 279.669128417969 279.629699707031 279.590270996094 279.550842285156 279.511413574219 279.471984863281 279.467864990234 279.569763183594 279.671630859375 279.773498535156 279.875396728516 279.977264404297 280.079162597656 280.181030273438 280.456665039062 280.790222167969 281.123779296875 281.457336425781 281.790863037109 282.124420166016 282.457977294922 282.731201171875 282.823455810547 282.915710449219 283.007934570312
282.215728759766 282.117462158203 282.019226074219 281.920959472656 281.822723388672 281.649505615234 281.451293945312 281.253112792969 281.054901123047 280.856719970703 280.658508300781 280.460296630859 280.294525146484 280.225982666016 280.157470703125 280.088928222656 280.020385742188 279.951843261719 279.883331298828 279.814788818359 279.760009765625 279.709808349609 279.659606933594 279.609375 279.559173583984 279.508972167969 279.458770751953 279.454406738281 279.587463378906 279.720520019531 279.853607177734 279.986663818359 280.119750976562 280.252807617188 280.385864257812 280.663940429688 280.990356445312 281.316772460938 281.643188476562 281.969604492188 282.296020507812 282.622436523438 282.894805908203 283.005157470703 283.115478515625 283.225799560547
282.154632568359 282.068206787109 281.981781005859 281.895324707031 281.808898925781 281.652587890625 281.472961425781 281.293365478516 281.113739013672 280.934112548828 280.754486083984 280.574890136719 280.420745849609 280.342987060547 280.265258789062 280.187530517578 280.109802246094 280.032073974609 279.954315185547 279.876586914062 279.811431884766 279.750457763672 279.689483642578 279.628509521484 279.567535400391 279.506561279297 279.445587158203 279.44091796875 279.605163574219 279.769439697266 279.933685302734 280.097961425781 280.26220703125 280.426452636719 280.590728759766 280.871246337891 281.190521240234 281.509765625 281.829040527344 282.148315429688 282.467590332031 282.786865234375 283.058410644531 283.186828613281 283.315246582031 283.443664550781
282.093536376953 282.018951416016 281.9443359375 281.869720458984 281.795104980469 281.655670166016 281.49462890625 281.333587646484 281.172576904297 281.011535644531 280.850494384766 280.689453125 280.546936035156 280.460021972656 280.373077392578 280.2861328125 280.199188232422 280.112274169922 280.025329589844 279.938385009766 279.862854003906 279.791107177734 279.719360351562 279.647613525391 279.575866699219 279.504150390625 279.432403564453 279.427459716797 279.622894287109 279.818328857422 280.013793945312 280.209228515625 280.404663085938 280.600128173828 280.795562744141 281.078521728516 281.390655517578 281.702789306641 282.014923095703 282.327056884766 282.639190673828 282.951324462891 283.222045898438 283.368530273438 283.515045166016 283.661529541016
282.013305664062 281.947540283203 281.881774902344 281.816009521484 281.750244140625 281.644744873047 281.525970458984 281.407196044922 281.288452148438 281.169677734375 281.050903320312 280.932159423828 280.821228027344 280.733795166016 280.646392822266 280.558959960938 280.471557617188 280.384124755859 280.296722412109 280.209289550781 280.127380371094 280.047302246094 279.967193603516 279.887115478516 279.807037353516 279.726959228516 279.646881103516 279.639251708984 279.848999023438 280.058746337891 280.268493652344 280.478271484375 280.688018798828 280.897766113281 281.107513427734 281.387512207031 281.690887451172 281.994262695312 282.297668457031 282.601043701172 282.904449462891 283.207824707031 283.473022460938 283.623596191406 283.774139404297 283.924713134766
281.913909912109 281.854034423828 281.794128417969 281.734222412109 281.674346923828 281.619750976562 281.566955566406 281.51416015625 281.461364746094 281.408569335938 281.355773925781 281.302947998047 281.243560791016 281.164367675781 281.085205078125 281.006011962891 280.926818847656 280.84765625 280.768463134766 280.689270019531 280.60498046875 280.518981933594 280.432983398438 280.346984863281 280.260986328125 280.175018310547 280.089019775391 280.076324462891 280.283508300781 280.490661621094 280.697875976562 280.905029296875 281.112243652344 281.319396972656 281.526611328125 281.798187255859 282.091217041016 282.384246826172 282.677307128906 282.970336914062 283.263397216797 283.556427001953 283.811370849609 283.951965332031 284.092590332031 284.233215332031
281.814514160156 281.760498046875 281.706481933594 281.652465820312 281.598419189453 281.594787597656 281.607940673828 281.621124267578 281.63427734375 281.647430419922 281.660614013672 281.673767089844 281.665893554688 281.594970703125 281.524017333984 281.453063964844 281.382110595703 281.311157226562 281.240203857422 281.169250488281 281.082580566406 280.990692138672 280.898773193359 280.806884765625 280.714965820312 280.623046875 280.531158447266 280.513366699219 280.717987060547 280.922607421875 281.127227783203 281.331817626953 281.536437988281 281.741058349609 281.945678710938 282.208831787109 282.491546630859 282.774230957031 283.056945800781 283.339630126953 283.622314453125 283.905029296875 284.149719238281 284.280364990234 284.411041259766 284.541717529297
281.715148925781 281.6669921875 281.618835449219 281.570678710938 281.522521972656 281.56982421875 281.648956298828 281.728088378906 281.807189941406 281.886322021484 281.965454101562 282.044586181641 282.088256835938 282.025543212891 281.962829589844 281.900115966797 281.83740234375 281.774688720703 281.711975097656 281.649261474609 281.560211181641 281.46240234375 281.364562988281 281.266754150391 281.1689453125 281.071105957031 280.973297119141 280.950439453125 281.152496337891 281.354522705078 281.556579589844 281.758605957031 281.960662841797 282.162689208984 282.36474609375 282.619506835938 282.891876220703 283.164215087891 283.436553955078 283.708923339844 283.981262207031 284.253601074219 284.488067626953 284.608764648438 284.7294921875 284.850189208984
