data/working_set_collections/6091692-Cassins_Sparrow-M2/1990/tsat_avg.asc
NCOLS 265 
NROWS 230 
XLLCORNER -115.5625 
YLLCORNER 24.8333333333333 
CELLSIZE 0.0833333333333333 
NODATA_value -9999 
[rows 40 to 59 of 230, columns 92 to 137 of 265]
279.354736328125 279.185424804688 279.016082763672 278.846771240234 278.677459716797 278.492889404297 278.303253173828 278.113616943359 277.923980712891 277.734313964844 277.544677734375 277.355041503906 277.132568359375 276.811676025391 276.490753173828 276.169830322266 275.848937988281 275.528015136719 275.207122802734 274.886199951172 274.973541259766 275.196990966797 275.420440673828 275.643890380859 275.867340087891 276.090789794922 276.314239501953 276.641052246094 277.277923583984 277.914825439453 278.551696777344 279.188598632812 279.825469970703 280.462341308594 281.099243164062 281.372192382812 281.523834228516 281.675506591797 281.8271484375 281.978790283203 282.130432128906 282.282104492188 282.400756835938 282.420471191406 282.440155029297 282.459869384766
279.436798095703 279.247833251953 279.058868408203 278.869903564453 278.680938720703 278.506622314453 278.337158203125 278.167694091797 277.998260498047 277.828796386719 277.659362792969 277.489898681641 277.273223876953 276.914855957031 276.556518554688 276.198181152344 275.839813232422 275.481475830078 275.123138427734 274.764770507812 274.841186523438 275.0625 275.283813476562 275.505096435547 275.726409912109 275.947723388672 276.169036865234 276.507781982422 277.198791503906 277.889831542969 278.580841064453 279.271850585938 279.962890625 280.653900146484 281.344909667969 281.631408691406 281.783050537109 281.934692382812 282.086334228516 282.237976074219 282.389617919922 282.541259765625 282.656616210938 282.6630859375 282.669555664062 282.676025390625
279.367218017578 279.154052734375 278.940887451172 278.727722167969 278.514556884766 278.353881835938 278.210754394531 278.067596435547 277.924438476562 277.781280517578 277.638122558594 277.494995117188 277.296173095703 276.930450439453 276.564727783203 276.199005126953 275.833282470703 275.467559814453 275.101837158203 274.736083984375 274.805908203125 275.020874023438 275.235870361328 275.450836181641 275.665832519531 275.880828857422 276.095794677734 276.437133789062 277.157592773438 277.878021240234 278.598449707031 279.318878173828 280.039337158203 280.759765625 281.480194091797 281.773010253906 281.923248291016 282.073516845703 282.223785400391 282.3740234375 282.524291992188 282.674560546875 282.787750244141 282.789825439453 282.791870117188 282.7939453125
279.14599609375 278.904052734375 278.662139892578 278.420196533203 278.178253173828 278.034729003906 277.923980712891 277.813262939453 277.702514648438 277.591766357422 277.481018066406 277.370300292969 277.201477050781 276.858428955078 276.515380859375 276.172332763672 275.829284667969 275.486236572266 275.143188476562 274.800140380859 274.867736816406 275.072204589844 275.276641845703 275.481109619141 275.685577392578 275.890045166016 276.094512939453 276.429138183594 277.154266357422 277.87939453125 278.604522705078 279.329681396484 280.054809570312 280.779937744141 281.505065917969 281.796966552734 281.944488525391 282.091979980469 282.239471435547 282.386962890625 282.534454345703 282.681945800781 282.794189453125 282.800689697266 282.807159423828 282.813629150391
278.924743652344 278.654052734375 278.383361816406 278.112670898438 277.841979980469 277.715576171875 277.637237548828 277.558898925781 277.480590820312 277.402252197266 277.323944091797 277.24560546875 277.106781005859 276.786407470703 276.466033935547 276.145660400391 275.825286865234 275.504943847656 275.1845703125 274.864196777344 274.929565429688 275.123504638672 275.317443847656 275.511383056641 275.705322265625 275.899261474609 276.093200683594 276.421112060547 277.150939941406 277.880798339844 278.610626220703 279.340454101562 280.070281982422 280.800109863281 281.529937744141 281.820953369141 281.965698242188 282.110412597656 282.255157470703 282.39990234375 282.544616699219 282.689361572266 282.800628662109 282.8115234375 282.822418212891 282.833312988281
278.703521728516 278.404052734375 278.104614257812 277.805145263672 277.505706787109 277.396392822266 277.350494384766 277.304565429688 277.258666992188 277.212738037109 277.166839599609 277.120910644531 277.012054443359 276.714385986328 276.416687011719 276.118988037109 275.821319580078 275.523620605469 275.225952148438 274.928253173828 274.991394042969 275.1748046875 275.358245849609 275.541656494141 275.725067138672 275.908477783203 276.091918945312 276.413116455078 277.147644042969 277.882171630859 278.61669921875 279.351226806641 280.085754394531 280.820281982422 281.554840087891 281.844940185547 281.986907958984 282.128875732422 282.270843505859 282.412841796875 282.554809570312 282.69677734375 282.807067871094 282.822387695312 282.837707519531 282.852996826172
278.482299804688 278.154052734375 277.825836181641 277.497619628906 277.169403076172 277.077239990234 277.063720703125 277.050231933594 277.036743164062 277.023223876953 277.009735107422 276.996246337891 276.917358398438 276.642333984375 276.367340087891 276.092346191406 275.817321777344 275.542327880859 275.267303466797 274.992309570312 275.05322265625 275.226135253906 275.399017333984 275.571929931641 275.744812011719 275.917724609375 276.090606689453 276.405090332031 277.144317626953 277.883544921875 278.622772216797 279.362030029297 280.101257324219 280.840484619141 281.579711914062 281.868927001953 282.008117675781 282.147338867188 282.286560058594 282.425750732422 282.564971923828 282.704193115234 282.813507080078 282.833251953125 282.852966308594 282.872711181641
278.261047363281 277.904083251953 277.547088623047 277.190093994141 276.833129882812 276.758056640625 276.776977539062 276.7958984375 276.814819335938 276.833709716797 276.852630615234 276.871551513672 276.822662353516 276.5703125 276.317993164062 276.065673828125 275.813323974609 275.561004638672 275.308685302734 275.056365966797 275.115051269531 275.277435302734 275.439819335938 275.602203369141 275.764556884766 275.926940917969 276.089324951172 276.397094726562 277.141021728516 277.884948730469 278.628875732422 279.372802734375 280.116729736328 280.860656738281 281.604583740234 281.892913818359 282.029357910156 282.165802001953 282.30224609375 282.438690185547 282.575134277344 282.711578369141 282.819946289062 282.844085693359 282.868255615234 282.892395019531
278.236236572266 277.873352050781 277.510498046875 277.147644042969 276.784790039062 276.70556640625 276.720886230469 276.736206054688 276.751556396484 276.766876220703 276.782196044922 276.797515869141 276.742858886719 276.478179931641 276.213500976562 275.948822021484 275.684143066406 275.419464111328 275.154815673828 274.89013671875 274.954895019531 275.129455566406 275.304016113281 275.478576660156 275.653137207031 275.827728271484 276.002288818359 276.320037841797 277.067443847656 277.814819335938 278.562194824219 279.3095703125 280.056945800781 280.804351806641 281.551727294922 281.840759277344 281.977020263672 282.113250732422 282.24951171875 282.385772705078 282.522003173828 282.658264160156 282.766876220703 282.792602539062 282.818328857422 282.844024658203
278.407806396484 278.061950683594 277.716094970703 277.370239257812 277.024383544922 276.919738769531 276.895477294922 276.871215820312 276.846954345703 276.822692871094 276.798431396484 276.774169921875 276.677947998047 276.365905761719 276.053863525391 275.741821289062 275.429779052734 275.117706298828 274.8056640625 274.493621826172 274.572723388672 274.782165527344 274.991638183594 275.201110839844 275.410552978516 275.620025634766 275.829498291016 276.173980712891 276.923583984375 277.673187255859 278.422760009766 279.17236328125 279.921936035156 280.671539306641 281.421112060547 281.712493896484 281.851104736328 281.98974609375 282.128356933594 282.266967773438 282.405609130859 282.544219970703 282.654296875 282.678741455078 282.703186035156 282.727661132812
278.579376220703 278.250518798828 277.921691894531 277.592834472656 277.263977050781 277.133880615234 277.070037841797 277.006195068359 276.942352294922 276.878509521484 276.814636230469 276.750793457031 276.613067626953 276.253631591797 275.894226074219 275.534790039062 275.175384521484 274.815948486328 274.45654296875 274.097106933594 274.190521240234 274.434906005859 274.679260253906 274.923614501953 275.167999267578 275.412353515625 275.656707763672 276.027923583984 276.779724121094 277.531524658203 278.283325195312 279.035125732422 279.786926269531 280.538726806641 281.29052734375 281.584228515625 281.725219726562 281.8662109375 282.007202148438 282.148193359375 282.289184570312 282.43017578125 282.541717529297 282.564880371094 282.588073730469 282.611267089844
278.750946044922 278.439117431641 278.127258300781 277.8154296875 277.503570556641 277.348052978516 277.244598388672 277.141174316406 277.037750244141 276.934295654297 276.830871582031 276.727447509766 276.548156738281 276.141387939453 275.734588623047 275.327789306641 274.920989990234 274.514190673828 274.107391357422 273.700622558594 273.808349609375 274.087615966797 274.366882324219 274.646148681641 274.925415039062 275.204650878906 275.483917236328 275.881866455078 276.635894775391 277.389892578125 278.143890380859 278.897918701172 279.651916503906 280.405914306641 281.159942626953 281.455963134766 281.599304199219 281.74267578125 281.886047363281 282.029388427734 282.172760009766 282.316131591797 282.429138183594 282.451049804688 282.472961425781 282.494873046875
278.922546386719 278.627685546875 278.332855224609 278.038024902344 277.743194580078 277.562194824219 277.419189453125 277.276153564453 277.133148193359 276.990112304688 276.847106933594 276.704071044922 276.483276367188 276.029113769531 275.574951171875 275.120758056641 274.666595458984 274.212432861328 273.758270263672 273.304107666016 273.426177978516 273.740325927734 274.054504394531 274.36865234375 274.682830810547 274.996978759766 275.311126708984 275.735809326172 276.492034912109 277.248260498047 278.004455566406 278.760681152344 279.516906738281 280.273101806641 281.029327392578 281.327697753906 281.473419189453 281.619140625 281.764892578125 281.910614013672 282.056335449219 282.202087402344 282.316528320312 282.337188720703 282.357849121094 282.378479003906
279.094116210938 278.816284179688 278.538452148438 278.260620117188 277.982788085938 277.7763671875 277.59375 277.411163330078 277.228546142578 277.045928955078 276.863342285156 276.680725097656 276.418395996094 275.916839599609 275.415313720703 274.913757324219 274.412231445312 273.910675048828 273.409149169922 272.907592773438 273.044006347656 273.39306640625 273.742126464844 274.091186523438 274.440246582031 274.789306640625 275.138366699219 275.589752197266 276.348175048828 277.106597900391 277.865020751953 278.623443603516 279.381866455078 280.140319824219 280.898742675781 281.199401855469 281.347503662109 281.495635986328 281.643737792969 281.791839599609 281.93994140625 282.088043212891 282.203948974609 282.223327636719 282.242706298828 282.262084960938
279.122283935547 278.851257324219 278.580230712891 278.309204101562 278.038177490234 277.792114257812 277.554382324219 277.316650390625 277.078918457031 276.841186523438 276.603424072266 276.365692138672 276.069610595703 275.598510742188 275.127410888672 274.656341552734 274.185241699219 273.714141845703 273.243041992188 272.771942138672 272.935028076172 273.309509277344 273.683990478516 274.058471679688 274.432952880859 274.807434082031 275.181915283203 275.643157958984 276.364715576172 277.086273193359 277.807830810547 278.529388427734 279.250946044922 279.972503662109 280.694061279297 280.994934082031 281.155517578125 281.316131591797 281.476745605469 281.637359619141 281.797973632812 281.958557128906 282.086456298828 282.116241455078 282.14599609375 282.175750732422
279.007049560547 278.732635498047 278.458221435547 278.183807373047 277.909362792969 277.609466552734 277.301055908203 276.992645263672 276.684234619141 276.375823974609 276.067413330078 275.759002685547 275.436981201172 275.074157714844 274.711303710938 274.348480224609 273.985656738281 273.622802734375 273.259979248047 272.897125244141 273.099243164062 273.489685058594 273.880096435547 274.270538330078 274.660980224609 275.051422119141 275.441833496094 275.896057128906 276.541687011719 277.187286376953 277.832916259766 278.478515625 279.124145507812 279.769744873047 280.415344238281 280.714202880859 280.8974609375 281.080688476562 281.263946533203 281.447204589844 281.630432128906 281.813690185547 281.964080810547 282.015869140625 282.067657470703 282.119476318359
278.891815185547 278.614013671875 278.336181640625 278.058380126953 277.780578613281 277.426788330078 277.047729492188 276.668640136719 276.28955078125 275.910491943359 275.531402587891 275.152313232422 274.804351806641 274.549774169922 274.295196533203 274.040618896484 273.786041259766 273.531463623047 273.276885986328 273.022308349609 273.263458251953 273.669860839844 274.076232910156 274.482604980469 274.889007568359 275.295379638672 275.701751708984 276.148956298828 276.718627929688 277.288299560547 277.857971191406 278.427642822266 278.997314453125 279.566955566406 280.136627197266 280.433471679688 280.639373779297 280.845245361328 281.051147460938 281.257049560547 281.462921142578 281.668823242188 281.841705322266 281.91552734375 281.989349365234 282.063171386719
278.776580810547 278.495361328125 278.214172363281 277.932952880859 277.651763916016 277.244140625 276.794403076172 276.344635009766 275.894897460938 275.445129394531 274.995391845703 274.545623779297 274.171722412109 274.025421142578 273.879089355469 273.732788085938 273.586456298828 273.440155029297 273.293823242188 273.147521972656 273.427673339844 273.850006103516 274.272338867188 274.694671630859 275.117004394531 275.539337158203 275.961669921875 276.40185546875 276.895568847656 277.389312744141 277.883026123047 278.376739501953 278.870483398438 279.364196777344 279.85791015625 280.152740478516 280.381286621094 280.609802246094 280.838348388672 281.06689453125 281.29541015625 281.523956298828 281.719299316406 281.815155029297 281.911041259766 282.006896972656
278.661346435547 278.376739501953 278.092163085938 277.807556152344 277.52294921875 277.061492919922 276.541076660156 276.020629882812 275.500213623047 274.979797363281 274.459350585938 273.938934326172 273.539093017578 273.501037597656 273.462982177734 273.424926757812 273.386871337891 273.348815917969 273.310760498047 273.272705078125 273.591888427734 274.030181884766 274.468475341797 274.90673828125 275.345031738281 275.783325195312 276.221588134766 276.654754638672 277.072540283203 277.490295410156 277.908081054688 278.325866699219 278.74365234375 279.161437988281 279.579193115234 279.872039794922 280.123199462891 280.374389648438 280.625549316406 280.876708984375 281.127899169922 281.379058837891 281.596923828125 281.714813232422 281.832702636719 281.950592041016
278.546112060547 278.258117675781 277.970123291016 277.68212890625 277.394134521484 276.878814697266 276.287719726562 275.696624755859 275.105529785156 274.514434814453 273.92333984375 273.332244873047 272.906494140625 272.976684570312 273.046875 273.117095947266 273.187286376953 273.257507324219 273.327697753906 273.397888183594 273.756134033203 274.210357666016 274.664581298828 275.118804931641 275.573059082031 276.027282714844 276.481506347656 276.907653808594 277.249481201172 277.59130859375 277.933135986328 278.274993896484 278.616821289062 278.958648681641 279.300476074219 279.59130859375 279.865112304688 280.138946533203 280.412750244141 280.686553955078 280.960388183594 281.234191894531 281.474548339844 281.614471435547 281.75439453125 281.894317626953
