data/working_set_collections/6091692-Cassins_Sparrow-M2/1990/tsat_avg.asc
NCOLS 265 
NROWS 230 
XLLCORNER -115.5625 
YLLCORNER 24.8333333333333 
CELLSIZE 0.0833333333333333 
NODATA_value -9999 
[rows 60 to 79 of 230, columns 184 to 229 of 265]
284.166900634766 284.192352294922 284.217803955078 284.237030029297 284.254211425781 284.271392822266 284.28857421875 284.305725097656 284.322906494141 284.340087890625 284.354827880859 284.362274169922 284.369720458984 284.377166748047 284.384613037109 284.392059326172 284.399505615234 284.406951904297 284.425994873047 284.448913574219 284.471832275391 284.494750976562 284.517639160156 284.540557861328 284.5634765625 284.583892822266 284.596801757812 284.609710693359 284.622619628906 284.635528564453 284.648468017578 284.661376953125 284.674285888672 284.667022705078 284.653045654297 284.639068603516 284.625091552734 284.611114501953 284.597137451172 284.583160400391 284.568939208984 284.554107666016 284.539245605469 284.524383544922 284.509521484375 284.494659423828
284.232727050781 284.257293701172 284.281860351562 284.299591064453 284.315032958984 284.330474853516 284.345916748047 284.361358642578 284.376800537109 284.392242431641 284.405242919922 284.410858154297 284.416473388672 284.422088623047 284.427734375 284.433349609375 284.43896484375 284.444580078125 284.462677001953 284.484893798828 284.507110595703 284.529357910156 284.551574707031 284.573822021484 284.596038818359 284.616363525391 284.630950927734 284.645538330078 284.660125732422 284.674713134766 284.689270019531 284.703857421875 284.718444824219 284.710266113281 284.694458007812 284.678680419922 284.662902832031 284.647094726562 284.631317138672 284.615539550781 284.600067138672 284.585662841797 284.571228027344 284.556823730469 284.542388916016 284.527984619141
284.298553466797 284.322235107422 284.345916748047 284.362121582031 284.375854492188 284.389556884766 284.403259277344 284.4169921875 284.430694580078 284.444396972656 284.455627441406 284.459442138672 284.463226318359 284.467041015625 284.470825195312 284.474609375 284.478424072266 284.482208251953 284.499328613281 284.520874023438 284.542419433594 284.56396484375 284.585510253906 284.607055664062 284.628601074219 284.648834228516 284.665100097656 284.681335449219 284.697601318359 284.7138671875 284.730102539062 284.746368408203 284.762634277344 284.753479003906 284.735900878906 284.718292236328 284.70068359375 284.68310546875 284.665496826172 284.647888183594 284.631195068359 284.617218017578 284.603240966797 284.589263916016 284.575286865234 284.561309814453
284.364379882812 284.387176513672 284.410003662109 284.424682617188 284.436676025391 284.448638916016 284.460632324219 284.472595214844 284.484588623047 284.496551513672 284.506042480469 284.508026123047 284.509979248047 284.511962890625 284.513916015625 284.515899658203 284.517883300781 284.519836425781 284.535980224609 284.556854248047 284.577728271484 284.598571777344 284.619445800781 284.640319824219 284.661163330078 284.681304931641 284.69921875 284.717163085938 284.735076904297 284.753021240234 284.770935058594 284.788879394531 284.806793212891 284.796722412109 284.777313232422 284.757904052734 284.738494873047 284.719085693359 284.699676513672 284.680267333984 284.662322998047 284.648803710938 284.63525390625 284.621704101562 284.608184814453 284.594635009766
284.430206298828 284.452117919922 284.474060058594 284.487243652344 284.497467041016 284.507720947266 284.517974853516 284.528228759766 284.538482666016 284.548706054688 284.556427001953 284.556579589844 284.556732177734 284.556884765625 284.557037353516 284.557189941406 284.557342529297 284.557495117188 284.572662353516 284.592834472656 284.613006591797 284.633209228516 284.653381347656 284.673553466797 284.693756103516 284.713775634766 284.733367919922 284.752990722656 284.772583007812 284.792175292969 284.811767578125 284.831359863281 284.850982666016 284.839965820312 284.818725585938 284.797515869141 284.776306152344 284.755096435547 284.733856201172 284.712646484375 284.693450927734 284.680358886719 284.667266845703 284.654144287109 284.641052246094 284.627960205078
284.496002197266 284.517059326172 284.538116455078 284.549774169922 284.558288574219 284.566802978516 284.575317382812 284.583831787109 284.592346191406 284.600860595703 284.606842041016 284.605163574219 284.603485107422 284.601806640625 284.600128173828 284.598449707031 284.596801757812 284.595123291016 284.609313964844 284.628814697266 284.648315429688 284.667816162109 284.687316894531 284.706817626953 284.726318359375 284.746246337891 284.767517089844 284.788787841797 284.81005859375 284.831329345703 284.852600097656 284.873870849609 284.895141601562 284.883178710938 284.860168457031 284.837127685547 284.814117431641 284.791076660156 284.768035888672 284.745025634766 284.724578857422 284.7119140625 284.699279785156 284.686614990234 284.673950195312 284.661285400391
284.549438476562 284.568878173828 284.588287353516 284.5986328125 284.60595703125 284.613250732422 284.620574951172 284.627899169922 284.635223388672 284.642547607422 284.647552490234 284.645629882812 284.643676757812 284.641754150391 284.639831542969 284.637908935547 284.635986328125 284.634063720703 284.648773193359 284.669006347656 284.689270019531 284.709533691406 284.729797363281 284.750061035156 284.770294189453 284.790802001953 284.811950683594 284.833129882812 284.854278564453 284.875457763672 284.896636962891 284.917785644531 284.93896484375 284.92724609375 284.904602050781 284.881927490234 284.859283447266 284.836608886719 284.81396484375 284.791290283203 284.771362304688 284.759643554688 284.747924804688 284.736206054688 284.724487304688 284.712768554688
284.590484619141 284.607513427734 284.62451171875 284.633758544922 284.640411376953 284.647064208984 284.653747558594 284.660400390625 284.667053222656 284.673706054688 284.678558349609 284.677947998047 284.677337646484 284.676727294922 284.676116943359 284.675506591797 284.674896240234 284.674285888672 284.690979003906 284.713439941406 284.735900878906 284.758361816406 284.780822753906 284.803283691406 284.825744628906 284.847412109375 284.86669921875 284.885986328125 284.9052734375 284.924560546875 284.94384765625 284.963134765625 284.982421875 284.972137451172 284.952026367188 284.931915283203 284.911804199219 284.891693115234 284.87158203125 284.851470947266 284.833801269531 284.823547363281 284.813262939453 284.802978515625 284.792724609375 284.782440185547
284.631530761719 284.646148681641 284.660736083984 284.668914794922 284.674896240234 284.680908203125 284.686889648438 284.692901611328 284.698883056641 284.704895019531 284.709564208984 284.710266113281 284.710968017578 284.711700439453 284.71240234375 284.713104248047 284.713836669922 284.714538574219 284.733215332031 284.757873535156 284.782531738281 284.807189941406 284.831848144531 284.856506347656 284.881195068359 284.904022216797 284.921447753906 284.938842773438 284.956237792969 284.9736328125 284.991058349609 285.008453369141 285.025848388672 285.017028808594 284.999450683594 284.981903076172 284.964324951172 284.946746826172 284.92919921875 284.91162109375 284.896240234375 284.887420654297 284.878601074219 284.869750976562 284.860931396484 284.852111816406
284.672546386719 284.684783935547 284.696990966797 284.704040527344 284.709381103516 284.714721679688 284.720031738281 284.725372314453 284.730712890625 284.736053466797 284.740570068359 284.742584228516 284.74462890625 284.746643066406 284.748687744141 284.750732421875 284.752746582031 284.754791259766 284.775421142578 284.802307128906 284.829162597656 284.856018066406 284.882904052734 284.909759521484 284.936614990234 284.960632324219 284.976165771484 284.99169921875 285.007202148438 285.022735595703 285.038269042969 285.053771972656 285.069305419922 285.061920166016 285.046905517578 285.031890869141 285.016845703125 285.001831054688 284.98681640625 284.971801757812 284.958679199219 284.951293945312 284.943908691406 284.9365234375 284.929138183594 284.921752929688
284.713592529297 284.723419189453 284.733215332031 284.739166259766 284.743865966797 284.74853515625 284.753204345703 284.757873535156 284.762542724609 284.767211914062 284.771575927734 284.77490234375 284.778259277344 284.781616210938 284.784973144531 284.788330078125 284.791687011719 284.795013427734 284.817657470703 284.846740722656 284.875793457031 284.904846191406 284.933929443359 284.962982177734 284.992065429688 285.017272949219 285.030914306641 285.044555664062 285.058197021484 285.071838378906 285.085479736328 285.09912109375 285.112762451172 285.106811523438 285.094329833984 285.081848144531 285.069396972656 285.056915283203 285.04443359375 285.031951904297 285.021118164062 285.015197753906 285.009246826172 285.003295898438 284.997375488281 284.991424560547
284.754638671875 284.762054443359 284.769439697266 284.774322509766 284.7783203125 284.782348632812 284.786346435547 284.790374755859 284.794372558594 284.798400878906 284.802581787109 284.807250976562 284.811920166016 284.816589355469 284.821258544922 284.825927734375 284.830596923828 284.835266113281 284.859893798828 284.891143798828 284.922424316406 284.953674316406 284.984954833984 285.016235351562 285.047485351562 285.073883056641 285.085632324219 285.097412109375 285.109161376953 285.120910644531 285.132690429688 285.144439697266 285.156188964844 285.151702880859 285.141784667969 285.1318359375 285.121917724609 285.111999511719 285.10205078125 285.092132568359 285.083557128906 285.079071044922 285.074584960938 285.070068359375 285.065582275391 285.061096191406
284.805145263672 284.811553955078 284.817962646484 284.822692871094 284.826843261719 284.830993652344 284.835144042969 284.839263916016 284.843414306641 284.847564697266 284.852294921875 284.858642578125 284.865020751953 284.871398925781 284.877746582031 284.884124755859 284.890502929688 284.896850585938 284.922637939453 284.954925537109 284.987182617188 285.019439697266 285.051696777344 285.083984375 285.116241455078 285.143310546875 285.154754638672 285.166229248047 285.177673339844 285.189147949219 285.200592041016 285.212066650391 285.223541259766 285.219329833984 285.209899902344 285.200500488281 285.191070556641 285.181671142578 285.172241210938 285.162811279297 285.154846191406 285.151153564453 285.1474609375 285.143768310547 285.140075683594 285.136383056641
284.865112304688 284.871948242188 284.878753662109 284.88427734375 284.889373779297 284.894439697266 284.899536132812 284.904602050781 284.909698486328 284.914764404297 284.920684814453 284.929138183594 284.937591552734 284.946014404297 284.954467773438 284.962921142578 284.971343994141 284.979797363281 285.005950927734 285.037994384766 285.070068359375 285.102111816406 285.134185791016 285.166229248047 285.198272705078 285.225524902344 285.238250732422 285.251007080078 285.263763427734 285.276489257812 285.289245605469 285.301971435547 285.314727783203 285.309722900391 285.298767089844 285.287811279297 285.27685546875 285.265930175781 285.254974365234 285.244049072266 285.234954833984 285.231414794922 285.227905273438 285.224365234375 285.220855712891 285.217346191406
284.925079345703 284.932312011719 284.939544677734 284.945892333984 284.951904296875 284.957916259766 284.963928222656 284.969940185547 284.975952148438 284.981964111328 284.989105224609 284.999633789062 285.010131835938 285.020660400391 285.031188964844 285.041687011719 285.052215576172 285.062744140625 285.089263916016 285.12109375 285.152954101562 285.184783935547 285.216644287109 285.248504638672 285.280334472656 285.307739257812 285.321746826172 285.335784912109 285.349822998047 285.363830566406 285.377868652344 285.391906738281 285.405944824219 285.400085449219 285.387603759766 285.375152587891 285.362670898438 285.350189208984 285.337707519531 285.325256347656 285.315063476562 285.311706542969 285.308349609375 285.304992675781 285.301635742188 285.298278808594
284.985046386719 284.992706298828 285.000366210938 285.007476806641 285.014434814453 285.021362304688 285.0283203125 285.035247802734 285.042205810547 285.049163818359 285.057525634766 285.070098876953 285.082702636719 285.095306396484 285.107879638672 285.120483398438 285.133087158203 285.145690917969 285.172546386719 285.204193115234 285.23583984375 285.267486572266 285.299102783203 285.330749511719 285.362396240234 285.389953613281 285.405242919922 285.420562744141 285.435882568359 285.451202392578 285.466522216797 285.481811523438 285.497131347656 285.490447998047 285.476470947266 285.462463378906 285.448455810547 285.434448242188 285.420471191406 285.406463623047 285.395172119141 285.391967773438 285.388793945312 285.385589599609 285.382415771484 285.379211425781
285.045013427734 285.053070068359 285.061157226562 285.069061279297 285.076965332031 285.084838867188 285.092712402344 285.1005859375 285.108459472656 285.116333007812 285.125915527344 285.140594482422 285.1552734375 285.169921875 285.184600830078 285.199279785156 285.213958740234 285.228637695312 285.255859375 285.287292480469 285.318725585938 285.350158691406 285.381591796875 285.412994384766 285.444427490234 285.47216796875 285.48876953125 285.505340576172 285.521942138672 285.538543701172 285.555145263672 285.571746826172 285.588348388672 285.580841064453 285.565307617188 285.549774169922 285.534240722656 285.518737792969 285.503204345703 285.487670898438 285.475280761719 285.472259521484 285.46923828125 285.466217041016 285.463195800781 285.460174560547
285.10498046875 285.113464355469 285.121948242188 285.130676269531 285.139495849609 285.148284912109 285.157104492188 285.165924072266 285.174713134766 285.183532714844 285.1943359375 285.211090087891 285.227813720703 285.244567871094 285.261322021484 285.278076171875 285.294830322266 285.311553955078 285.339172363281 285.370391845703 285.401611328125 285.432830810547 285.464050292969 285.495269775391 285.526489257812 285.554382324219 285.572265625 285.590148925781 285.608001708984 285.625885009766 285.643768310547 285.661651611328 285.679534912109 285.671203613281 285.654174804688 285.637115478516 285.620056152344 285.602996826172 285.5859375 285.568878173828 285.555389404297 285.552520751953 285.549682617188 285.546813964844 285.543975830078 285.541107177734
285.208160400391 285.220153808594 285.232177734375 285.242126464844 285.251373291016 285.260589599609 285.269836425781 285.279083251953 285.288330078125 285.297546386719 285.308654785156 285.325378417969 285.342071533203 285.358795166016 285.37548828125 285.392181396484 285.408905029297 285.425598144531 285.452575683594 285.482940673828 285.513336181641 285.543731689453 285.574127197266 285.6044921875 285.634887695312 285.661743164062 285.678070068359 285.694396972656 285.710723876953 285.72705078125 285.743377685547 285.759704589844 285.776031494141 285.766418457031 285.748138427734 285.729888916016 285.711608886719 285.693328857422 285.675048828125 285.656799316406 285.642547607422 285.640441894531 285.638336181641 285.63623046875 285.634124755859 285.632019042969
285.3544921875 285.373199462891 285.391876220703 285.403411865234 285.41259765625 285.421752929688 285.430908203125 285.440093994141 285.449249267578 285.458404541016 285.468933105469 285.483459472656 285.498016357422 285.512542724609 285.527099609375 285.541625976562 285.556182861328 285.570739746094 285.596069335938 285.625 285.653930664062 285.682861328125 285.711761474609 285.740692138672 285.769622802734 285.794311523438 285.806243896484 285.818176269531 285.830108642578 285.842041015625 285.853973388672 285.865905761719 285.877838134766 285.866455078125 285.847259521484 285.828094482422 285.808898925781 285.789733886719 285.770568847656 285.751373291016 285.736785888672 285.735992431641 285.735229492188 285.734436035156 285.733642578125 285.732849121094
