data/working_set_collections/6091692-Cassins_Sparrow-M2/1990/wchange_avg.asc
NCOLS 265 
NROWS 230 
XLLCORNER -115.5625 
YLLCORNER 24.8333333333333 
CELLSIZE 0.0833333333333333 
NODATA_value -9999 
[rows 198 to 215 of 230, columns 82 to 122 of 265]
2.1792514459662e-08 2.11094306479254e-08 2.04263486125456e-08 1.97432665771657e-08 1.90601827654291e-08 1.83771007300493e-08 1.76940186946695e-08 1.94853799762029e-09 -5.89841349096787e-08 -1.19916805374487e-07 -1.80849482944723e-07 -2.41782146304104e-07 -3.02714823874339e-07 -3.63647501444575e-07 -4.24580150593101e-07 -5.1269660161779e-07 -6.09874348356243e-07 -7.07052095094696e-07 -8.0422978498973e-07 -9.01407531728182e-07 -9.98585278466635e-07 -1.09576296836167e-06 -1.16651858661498e-06 -1.15800776256947e-06 -1.14949705221079e-06 -1.14098634185211e-06 -1.1324755178066e-06 -1.12396480744792e-06 -1.1154539834024e-06 -1.10694327304373e-06 -1.04335458672722e-06 -9.61406726673886e-07 -8.79458866620553e-07 -7.97510949723801e-07 -7.15563089670468e-07 -6.33615229617135e-07 -5.51667312720383e-07 -4.81900713111827e-07 -4.48677923259311e-07 -4.15455161828504e-07 -3.82232371975988e-07
9.25083742941979e-09 8.57929638442556e-09 7.90775445125291e-09 7.23621296216947e-09 6.56467147308604e-09 5.8931299840026e-09 5.22158849491916e-09 -8.49324521823291e-09 -6.13379498304312e-08 -1.14182661548057e-07 -1.67027366160255e-07 -2.19872077877881e-07 -2.72716789595506e-07 -3.25561501313132e-07 -3.78406213030757e-07 -4.60439991911699e-07 -5.52203459847078e-07 -6.43966984625877e-07 -7.35730452561256e-07 -8.27493920496636e-07 -9.19257388432015e-07 -1.01102091321081e-06 -1.08064273263153e-06 -1.08383960650826e-06 -1.08703659407183e-06 -1.09023346794856e-06 -1.09343045551213e-06 -1.09662732938887e-06 -1.0998242032656e-06 -1.10302119082917e-06 -1.04483831364632e-06 -9.66195557339233e-07 -8.87552801032143e-07 -8.08910044725053e-07 -7.30267288417963e-07 -6.51624588954292e-07 -5.72981832647201e-07 -5.06085257256927e-07 -4.74427253038812e-07 -4.42769220398986e-07 -4.11111216180871e-07
-3.29083871264402e-09 -3.95083921134187e-09 -4.61083971003973e-09 -5.27083976464837e-09 -5.93084026334623e-09 -6.59084076204408e-09 -7.25084126074194e-09 -1.89350277679523e-08 -6.3691771856611e-08 -1.08448517721627e-07 -1.53205263586642e-07 -1.97962009451658e-07 -2.42718755316673e-07 -2.87475501181689e-07 -3.32232247046704e-07 -4.08183353783897e-07 -4.94532628181332e-07 -5.80881817313639e-07 -6.67231063289364e-07 -7.5358030926509e-07 -8.39929555240815e-07 -9.2627880121654e-07 -9.94766878648079e-07 -1.00967145044706e-06 -1.02457602224604e-06 -1.03948070773185e-06 -1.05438527953083e-06 -1.06928985132981e-06 -1.08419442312879e-06 -1.09909910861461e-06 -1.04632204056543e-06 -9.70984388004581e-07 -8.95646792287152e-07 -8.20309139726305e-07 -7.44971544008877e-07 -6.69633948291448e-07 -5.94296295730601e-07 -5.30269801402028e-07 -5.00176554396603e-07 -4.70083307391178e-07 -4.39990088807463e-07
-1.58325157428862e-08 -1.64809748071093e-08 -1.71294338713324e-08 -1.77778929355554e-08 -1.84263519997785e-08 -1.90748110640016e-08 -1.97232701282246e-08 -2.93768103176717e-08 -6.60455938827909e-08 -1.02714373895196e-07 -1.39383161013029e-07 -1.76051941025435e-07 -2.1272072103784e-07 -2.49389501050246e-07 -2.86058281062651e-07 -3.55926715656096e-07 -4.36861739672167e-07 -5.1779670684482e-07 -5.98731730860891e-07 -6.79666698033543e-07 -7.60601722049614e-07 -8.41536689222266e-07 -9.08891024664626e-07 -9.35503294385853e-07 -9.6211556410708e-07 -9.88727833828307e-07 -1.01534010354953e-06 -1.0419524869576e-06 -1.06856475667882e-06 -1.09517702640005e-06 -1.0478056537977e-06 -9.75773218669929e-07 -9.03740726698743e-07 -8.31708234727557e-07 -7.59675742756372e-07 -6.87643250785186e-07 -6.15610815657419e-07 -5.5445428870371e-07 -5.25925827332685e-07 -4.9739736596166e-07 -4.68868933012345e-07
-2.837419188495e-08 -2.90111099587875e-08 -2.9648028032625e-08 -3.02849443301056e-08 -3.09218641803e-08 -3.15587804777806e-08 -3.21957003279749e-08 -3.98185946437479e-08 -6.83994088035433e-08 -9.69802300687661e-08 -1.25561044228562e-07 -1.54141872599212e-07 -1.82722686759007e-07 -2.11303500918802e-07 -2.39884315078598e-07 -3.03670105950005e-07 -3.79190851163003e-07 -4.54711596376001e-07 -5.30232341588999e-07 -6.05753143645416e-07 -6.81273888858414e-07 -7.56794634071412e-07 -8.23015170681174e-07 -8.61335138324648e-07 -8.99655105968122e-07 -9.37975073611597e-07 -9.76295041255071e-07 -1.01461500889855e-06 -1.05293497654202e-06 -1.09125494418549e-06 -1.0492893807168e-06 -9.80562049335276e-07 -9.11834661110333e-07 -8.43107329728809e-07 -7.74379998347285e-07 -7.05652610122343e-07 -6.36925278740819e-07 -5.7863883284881e-07 -5.51675157112186e-07 -5.24711481375562e-07 -4.97747805638937e-07
-4.09158680270139e-08 -4.15412451104658e-08 -4.21666221939176e-08 -4.27919992773695e-08 -4.34173763608214e-08 -4.40427534442733e-08 -4.46681305277252e-08 -5.02603754171105e-08 -7.07532308297232e-08 -9.12460862423359e-08 -1.11738941654949e-07 -1.32231804172989e-07 -1.52724652480174e-07 -1.73217514998214e-07 -1.93710363305399e-07 -2.51413467822204e-07 -3.21519962653838e-07 -3.91626485907182e-07 -4.61733009160525e-07 -5.31839532413869e-07 -6.01945998823794e-07 -6.72052522077138e-07 -7.37139316697721e-07 -7.87166982263443e-07 -8.37194647829165e-07 -8.87222256551468e-07 -9.37249922117189e-07 -9.87277530839492e-07 -1.03730519640521e-06 -1.08733286197094e-06 -1.0507731076359e-06 -9.85350880000624e-07 -9.19928652365343e-07 -8.54506424730062e-07 -7.8908419709478e-07 -7.23661969459499e-07 -6.58239741824218e-07 -6.02823376993911e-07 -5.77424486891687e-07 -5.52025539946044e-07 -5.2662664984382e-07
-4.81525361806234e-08 -4.82363411435927e-08 -4.83201425538482e-08 -4.84039439641037e-08 -4.84877453743593e-08 -4.85715467846148e-08 -4.86553481948704e-08 -5.2522253213283e-08 -6.77384690561667e-08 -8.29546848990503e-08 -9.8170900741934e-08 -1.13387116584818e-07 -1.28603332427701e-07 -1.43819548270585e-07 -1.59035764113469e-07 -2.11817535955561e-07 -2.77121159797389e-07 -3.42424783639217e-07 -4.07728407481045e-07 -4.73032031322873e-07 -5.38335655164701e-07 -6.0363925058482e-07 -6.66571907004254e-07 -7.22391632734798e-07 -7.7821141530876e-07 -8.34031141039304e-07 -8.89850866769848e-07 -9.4567064934381e-07 -1.00149043191777e-06 -1.0573101008049e-06 -1.02650722055841e-06 -9.66830157267395e-07 -9.07153093976376e-07 -8.47476030685357e-07 -7.87798967394338e-07 -7.28121904103318e-07 -6.68444840812299e-07 -6.1785618754584e-07 -5.945328780399e-07 -5.71209568533959e-07 -5.47886259028019e-07
-5.00842034512061e-08 -4.90963962818114e-08 -4.81085891124167e-08 -4.71207819430219e-08 -4.61329747736272e-08 -4.51451676042325e-08 -4.41573604348378e-08 -4.66042280322654e-08 -5.93551270355874e-08 -7.21060260389095e-08 -8.48569214895178e-08 -9.76078240455536e-08 -1.10358719496162e-07 -1.2310961494677e-07 -1.35860517502806e-07 -1.84882310350076e-07 -2.45994385750237e-07 -3.07106461150397e-07 -3.68218564972267e-07 -4.29330640372427e-07 -4.90442744194297e-07 -5.51554819594458e-07 -6.11312941600772e-07 -6.6700920342555e-07 -7.22705465250328e-07 -7.78401727075106e-07 -8.34097988899885e-07 -8.89794250724663e-07 -9.45490512549441e-07 -1.00118677437422e-06 -9.76491946858005e-07 -9.24999994822429e-07 -8.73508099630271e-07 -8.22016204438114e-07 -7.70524309245957e-07 -7.190324140538e-07 -6.67540518861642e-07 -6.23737321348017e-07 -6.03000444243662e-07 -5.82263510295888e-07 -5.61526576348115e-07
-5.20158671690751e-08 -4.99564514200301e-08 -4.78970356709851e-08 -4.58376163692265e-08 -4.37782006201815e-08 -4.17187848711364e-08 -3.96593691220914e-08 -4.06862028512478e-08 -5.09717850150082e-08 -6.12573671787686e-08 -7.1542949342529e-08 -8.18285315062894e-08 -9.21141136700498e-08 -1.0239969583381e-07 -1.12685277997571e-07 -1.57947084744592e-07 -2.14867625913939e-07 -2.71788167083287e-07 -3.28708722463489e-07 -3.85629249421982e-07 -4.42549804802184e-07 -4.99470331760676e-07 -5.56053919353872e-07 -6.11626717272884e-07 -6.67199515191896e-07 -7.2277225626749e-07 -7.78345054186502e-07 -8.33917852105515e-07 -8.89490593181108e-07 -9.4506339110012e-07 -9.26476559470757e-07 -8.83169832377462e-07 -8.39863105284167e-07 -7.96556321347452e-07 -7.53249594254157e-07 -7.09942867160862e-07 -6.66636140067567e-07 -6.29618455150194e-07 -6.11467953604006e-07 -5.93317452057818e-07 -5.75166893668211e-07
-5.39475308869442e-08 -5.08165065582489e-08 -4.76854822295536e-08 -4.45544543481446e-08 -4.14234300194494e-08 -3.82924021380404e-08 -3.51613778093451e-08 -3.47681741175165e-08 -4.25884394417153e-08 -5.04087047659141e-08 -5.82289736428265e-08 -6.60492389670253e-08 -7.38695007385104e-08 -8.16897696154228e-08 -8.95100384923353e-08 -1.31011859139107e-07 -1.83740851866787e-07 -2.36469858805322e-07 -2.89198851533001e-07 -3.41927858471536e-07 -3.9465686541007e-07 -4.47385872348605e-07 -5.0079495395039e-07 -5.56244231120218e-07 -6.11693565133464e-07 -6.67142842303292e-07 -7.2259211947312e-07 -7.78041453486367e-07 -8.33490730656195e-07 -8.88940064669441e-07 -8.76461172083509e-07 -8.41339613089076e-07 -8.06218054094643e-07 -7.7109649510021e-07 -7.35974936105777e-07 -7.00853377111343e-07 -6.6573181811691e-07 -6.35499588952371e-07 -6.19935462964349e-07 -6.04371336976328e-07 -5.88807267831726e-07
-5.58791981575268e-08 -5.16765616964676e-08 -4.74739252354084e-08 -4.32712923270628e-08 -3.90686558660036e-08 -3.48660229576581e-08 -3.06633864965988e-08 -2.8850148936499e-08 -3.42050974211361e-08 -3.95600459057732e-08 -4.49149943904104e-08 -5.02699464277612e-08 -5.56248949123983e-08 -6.09798433970354e-08 -6.63347918816726e-08 -1.04076626428196e-07 -1.5261409203049e-07 -2.01151550527356e-07 -2.49689009024223e-07 -2.98226495942799e-07 -3.46763954439666e-07 -3.95301412936533e-07 -4.45535960125198e-07 -5.0086180181097e-07 -5.56187615075032e-07 -6.11513428339094e-07 -6.66839241603157e-07 -7.22165054867219e-07 -7.77490868131281e-07 -8.32816681395343e-07 -8.2644584153968e-07 -7.99509450644109e-07 -7.72573059748538e-07 -7.45636668852967e-07 -7.18700277957396e-07 -6.91763830218406e-07 -6.64827439322835e-07 -6.41380722754548e-07 -6.28403029168112e-07 -6.15425278738257e-07 -6.02447585151822e-07
-5.78108618753959e-08 -5.25366168346864e-08 -4.72623717939769e-08 -4.1988130305981e-08 -3.67138852652715e-08 -3.1439640224562e-08 -2.61653969602094e-08 -2.29321219791245e-08 -2.58217536242e-08 -2.87113870456324e-08 -3.16010186907079e-08 -3.44906503357834e-08 -3.73802855335725e-08 -4.0269917178648e-08 -4.31595488237235e-08 -7.71414008227111e-08 -1.21487317983338e-07 -1.65833242249391e-07 -2.10179166515445e-07 -2.54525104992354e-07 -2.98871015047553e-07 -3.43216953524461e-07 -3.90276966300007e-07 -4.45479315658304e-07 -5.006816650166e-07 -5.55883957531478e-07 -6.11086306889774e-07 -6.66288656248071e-07 -7.21491005606367e-07 -7.76693298121245e-07 -7.76430510995851e-07 -7.57679231355723e-07 -7.38928008559014e-07 -7.20176785762305e-07 -7.01425562965596e-07 -6.82674340168887e-07 -6.63923117372178e-07 -6.47261856556725e-07 -6.36870538528456e-07 -6.26479220500187e-07 -6.16087902471918e-07
-5.33350608122873e-08 -4.80718682638326e-08 -4.28086721626642e-08 -3.75454796142094e-08 -3.22822870657546e-08 -2.70190945172999e-08 -2.17559001924883e-08 -1.82578929752708e-08 -2.00554453044788e-08 -2.18529976336868e-08 -2.36505499628947e-08 -2.54481005157459e-08 -2.72456528449538e-08 -2.90432051741618e-08 -3.0840755727013e-08 -6.19208861962761e-08 -1.02761880782509e-07 -1.43602875368742e-07 -1.84443877060403e-07 -2.25284864541209e-07 -2.66125852022014e-07 -3.06966853713675e-07 -3.51109832763541e-07 -4.05158715466314e-07 -4.59207598169087e-07 -5.13256509293569e-07 -5.67305391996342e-07 -6.21354274699115e-07 -6.75403157401888e-07 -7.29452040104661e-07 -7.34143156932987e-07 -7.22381685136497e-07 -7.10620213340007e-07 -6.98858741543518e-07 -6.87097269747028e-07 -6.75335797950538e-07 -6.63574326154048e-07 -6.52822620850202e-07 -6.45100215024286e-07 -6.37377752354951e-07 -6.29655289685616e-07
-4.24517949682013e-08 -3.82823124311926e-08 -3.4112829894184e-08 -2.99433473571753e-08 -2.57738630438098e-08 -2.1604382283158e-08 -1.74348997461493e-08 -1.48274637012946e-08 -1.69061706856155e-08 -1.89848776699364e-08 -2.10635846542573e-08 -2.31422916385782e-08 -2.52209986228991e-08 -2.72997056072199e-08 -2.93784125915408e-08 -5.84150932070315e-08 -9.643776621715e-08 -1.34460435674555e-07 -1.72483112237387e-07 -2.10505788800219e-07 -2.48528465363052e-07 -2.86551141925884e-07 -3.28034502672381e-07 -3.79899972813291e-07 -4.31765471375911e-07 -4.83630969938531e-07 -5.35496440079442e-07 -5.87361910220352e-07 -6.39227380361262e-07 -6.91092850502173e-07 -6.99583893037925e-07 -6.9361681198643e-07 -6.87649674091517e-07 -6.81682536196604e-07 -6.75715398301691e-07 -6.69748317250196e-07 -6.63781179355283e-07 -6.58063072478399e-07 -6.53091944968764e-07 -6.48120874302549e-07 -6.43149746792915e-07
-3.15685255714016e-08 -2.84927548221958e-08 -2.54169840729901e-08 -2.23412115474275e-08 -1.92654407982218e-08 -1.61896682726592e-08 -1.31138975234535e-08 -1.13970344273184e-08 -1.37568969549307e-08 -1.61167594825429e-08 -1.84766211219767e-08 -2.08364827614105e-08 -2.31963444008443e-08 -2.55562060402781e-08 -2.79160694560687e-08 -5.49092966650733e-08 -9.01136516517909e-08 -1.25317995980367e-07 -1.60522347414371e-07 -1.95726698848375e-07 -2.30931050282379e-07 -2.66135401716383e-07 -3.0495920100293e-07 -3.54641258581978e-07 -4.04323344582735e-07 -4.54005402161783e-07 -5.03687488162541e-07 -5.53369545741589e-07 -6.03051603320637e-07 -6.52733717743104e-07 -6.65024629142863e-07 -6.64851881992945e-07 -6.64679077999608e-07 -6.6450633084969e-07 -6.64333526856353e-07 -6.64160779706435e-07 -6.63988032556517e-07 -6.63303467263177e-07 -6.61083731756662e-07 -6.58863939406729e-07 -6.56644203900214e-07
-2.06852597273155e-08 -1.87031989895559e-08 -1.67211382517962e-08 -1.47390775140366e-08 -1.27570176644554e-08 -1.07749569266957e-08 -8.79289618893608e-09 -7.96660515334224e-09 -1.06076223360674e-08 -1.32486395187925e-08 -1.58896558133392e-08 -1.85306738842428e-08 -2.11716901787895e-08 -2.38127082496931e-08 -2.64537245442398e-08 -5.14035036758287e-08 -8.37895299810043e-08 -1.16175563391607e-07 -1.4856159680221e-07 -1.80947623107386e-07 -2.13333649412561e-07 -2.45719689928592e-07 -2.8188387091177e-07 -3.29382544350665e-07 -3.7688118936785e-07 -4.24379862806745e-07 -4.7187853624564e-07 -5.19377181262826e-07 -5.6687588312343e-07 -6.14374528140615e-07 -6.30465365247801e-07 -6.36086951999459e-07 -6.41708538751118e-07 -6.47330125502776e-07 -6.52951655411016e-07 -6.58573242162674e-07 -6.64194828914333e-07 -6.68543918891373e-07 -6.6907551854456e-07 -6.69607061354327e-07 -6.70138661007513e-07
-9.8019921068726e-09 -8.91364226873748e-09 -8.02529331878077e-09 -7.13694348064564e-09 -6.24859408659972e-09 -5.3602442484646e-09 -4.47189485441868e-09 -4.53617587936606e-09 -7.45834771720411e-09 -1.03805204432206e-08 -1.33026922810586e-08 -1.62248650070751e-08 -1.91470359567347e-08 -2.20692086827512e-08 -2.49913814087677e-08 -4.78977071338704e-08 -7.74654154156451e-08 -1.0703312369742e-07 -1.36600831979194e-07 -1.66168547366397e-07 -1.95736248542744e-07 -2.25303963929946e-07 -2.58808569242319e-07 -3.04123801697642e-07 -3.49439062574675e-07 -3.94754323451707e-07 -4.40069584328739e-07 -4.85384816784062e-07 -5.30700106082804e-07 -5.76015338538127e-07 -5.95906101352739e-07 -6.07322022005974e-07 -6.18737942659209e-07 -6.30153863312444e-07 -6.41569783965679e-07 -6.52985761462332e-07 -6.64401682115567e-07 -6.73784313676151e-07 -6.77067248489038e-07 -6.80350183301925e-07 -6.83633118114813e-07
1.08127484743648e-09 8.75913452880184e-10 6.70552113835043e-10 4.65190747034328e-10 2.59829380233612e-10 5.44680169023426e-11 -1.50893339490032e-10 -1.10574616130066e-09 -4.30907354243004e-09 -7.51240047947022e-09 -1.07157278605996e-08 -1.3919055241729e-08 -1.71223835110368e-08 -2.03257091158093e-08 -2.35290364969387e-08 -4.43919105919122e-08 -7.11413008502859e-08 -9.78906911086597e-08 -1.24640081367033e-07 -1.51389471625407e-07 -1.78138847672926e-07 -2.048882379313e-07 -2.35733239151159e-07 -2.78865087466329e-07 -3.21996935781499e-07 -3.65128784096669e-07 -4.08260632411839e-07 -4.51392480727009e-07 -4.94524329042179e-07 -5.37656148935639e-07 -5.61346837457677e-07 -5.78557092012488e-07 -5.95767403410719e-07 -6.1297765796553e-07 -6.30187912520341e-07 -6.47398223918572e-07 -6.64608478473383e-07 -6.79024765304348e-07 -6.85059035276936e-07 -6.91093305249524e-07 -6.97127575222112e-07
