data/working_set_collections/6091692-Cassins_Sparrow-M2/1990/wchange_avg.asc
NCOLS 265 
NROWS 230 
XLLCORNER -115.5625 
YLLCORNER 24.8333333333333 
CELLSIZE 0.0833333333333333 
NODATA_value -9999 
[rows 0 to 17 of 230, columns 205 to 245 of 265]
3.66357767234149e-07 3.28432150809022e-07 2.90506534383894e-07 2.52580917958767e-07 2.28039198191254e-07 2.43649139974877e-07 2.59259053336791e-07 2.74868966698705e-07 2.90478908482328e-07 3.06088821844241e-07 3.21698763627865e-07 3.37308676989778e-07 3.70118073078629e-07 4.08660611128653e-07 4.47203149178677e-07 4.8574571565041e-07 5.24288225278724e-07 5.62830791750457e-07 6.01373301378771e-07 6.36193078662473e-07 6.59844488382078e-07 6.83495841258264e-07 7.07147250977869e-07 7.30798660697474e-07 7.5445001357366e-07 7.78101423293265e-07 8.0175283301287e-07 8.27557698812598e-07 8.540803833057e-07 8.80603067798802e-07 9.07125752291904e-07 9.33648436785006e-07 9.60171178121527e-07 9.86693862614629e-07 1.00116915291437e-06 9.79502488007711e-07 9.57835709414212e-07 9.36169044507551e-07 9.14502322757471e-07 8.92835601007391e-07 8.71168879257311e-07
3.54873350261187e-07 3.20956416999252e-07 2.87039483737317e-07 2.53122550475382e-07 2.32760527296705e-07 2.53063234367801e-07 2.73365969860606e-07 2.93668676931702e-07 3.13971384002798e-07 3.34274091073894e-07 3.54576826566699e-07 3.74879533637795e-07 3.99739178646996e-07 4.26117793494996e-07 4.52496408342995e-07 4.78875051612704e-07 5.05253638038994e-07 5.31632281308703e-07 5.58010924578412e-07 5.8309922223998e-07 6.04316596763965e-07 6.2553397128795e-07 6.46751345811936e-07 6.6796877717934e-07 6.89186151703325e-07 7.1040352622731e-07 7.31620900751295e-07 7.58100668463157e-07 7.86334567237645e-07 8.14568466012133e-07 8.42802307943202e-07 8.7103620671769e-07 8.99270105492178e-07 9.27504004266666e-07 9.44436919780856e-07 9.27467112887825e-07 9.10497305994795e-07 8.93527499101765e-07 8.76557692208735e-07 8.59587828472286e-07 8.42618021579256e-07
3.43388961709934e-07 3.13480683189482e-07 2.8357243309074e-07 2.53664182991997e-07 2.37481856402155e-07 2.62477357182433e-07 2.87472857962712e-07 3.1246835874299e-07 3.37463859523268e-07 3.62459388725256e-07 3.87454889505534e-07 4.12450390285812e-07 4.29360284215363e-07 4.43574975861338e-07 4.57789695929023e-07 4.72004387574998e-07 4.86219107642683e-07 5.00433770866948e-07 5.14648490934633e-07 5.30005365817487e-07 5.48788705145853e-07 5.67572101317637e-07 5.86355497489421e-07 6.05138836817787e-07 6.23922232989571e-07 6.42705629161355e-07 6.61488968489721e-07 6.88643638113717e-07 7.18588751169591e-07 7.48533807382046e-07 7.7847892043792e-07 8.08423976650374e-07 8.38369032862829e-07 8.68314145918703e-07 8.87704743490758e-07 8.75431794611359e-07 8.63158902575378e-07 8.50885953695979e-07 8.3861300481658e-07 8.26340112780599e-07 8.140671639012e-07
3.31904544736972e-07 3.06004977801422e-07 2.80105382444162e-07 2.54205815508612e-07 2.42203185507606e-07 2.71891479997066e-07 3.01579774486527e-07 3.31268068975987e-07 3.60956363465448e-07 3.90644657954908e-07 4.20332952444369e-07 4.50021246933829e-07 4.5898138978373e-07 4.61032158227681e-07 4.63082955093341e-07 4.65133723537292e-07 4.67184520402952e-07 4.69235288846903e-07 4.71286057290854e-07 4.76911509394995e-07 4.93260870371159e-07 5.09610231347324e-07 5.25959592323488e-07 5.42308953299653e-07 5.58658314275817e-07 5.75007732095401e-07 5.91357093071565e-07 6.19186607764277e-07 6.50842878258118e-07 6.82499205595377e-07 7.14155476089218e-07 7.45811746583058e-07 7.77468017076899e-07 8.09124287570739e-07 8.30972510357242e-07 8.23396476334892e-07 8.15820442312543e-07 8.08244408290193e-07 8.00668374267843e-07 7.93092340245494e-07 7.85516363066563e-07
3.20420156185719e-07 2.98529243991652e-07 2.76638331797585e-07 2.54747419603518e-07 2.46924514613056e-07 2.81305602811699e-07 3.15686691010342e-07 3.50067750787275e-07 3.84448838985918e-07 4.18829927184561e-07 4.53211015383204e-07 4.87592103581846e-07 4.88602495352097e-07 4.78489369015733e-07 4.6837621425766e-07 4.58263087921296e-07 4.48149933163222e-07 4.38036778405149e-07 4.27923652068785e-07 4.23817624550793e-07 4.37733007174756e-07 4.51648361377011e-07 4.65563715579265e-07 4.79479069781519e-07 4.93394452405482e-07 5.07309778186027e-07 5.2122516080999e-07 5.49729577414837e-07 5.83097062190063e-07 6.1646454696529e-07 6.49832031740516e-07 6.83199516515742e-07 7.16567001290969e-07 7.49934429222776e-07 7.74240277223726e-07 7.71361158058426e-07 7.68482038893126e-07 7.65602862884407e-07 7.62723743719107e-07 7.59844624553807e-07 7.56965505388507e-07
3.08935739212757e-07 2.91053510181882e-07 2.73171281151008e-07 2.55289052120133e-07 2.51645843718507e-07 2.90719725626332e-07 3.29793579112447e-07 3.68867461020272e-07 4.07941314506388e-07 4.47015196414213e-07 4.86089049900329e-07 5.25162931808154e-07 5.18223600920464e-07 4.95946551382076e-07 4.73669473421978e-07 4.5139242388359e-07 4.29115345923492e-07 4.06838296385104e-07 3.84561218425006e-07 3.707237681283e-07 3.82205115556644e-07 3.93686491406697e-07 4.05167838835041e-07 4.16649186263385e-07 4.28130533691728e-07 4.39611881120072e-07 4.51093256970125e-07 4.80272603908816e-07 5.15351246122009e-07 5.50429945178621e-07 5.85508587391814e-07 6.20587286448426e-07 6.5566592866162e-07 6.90744627718232e-07 7.17508044090209e-07 7.19325839781959e-07 7.2114357863029e-07 7.2296137432204e-07 7.24779113170371e-07 7.26596852018702e-07 7.28414647710451e-07
3.02219518744096e-07 2.87340611748732e-07 2.72461704753368e-07 2.57582797758005e-07 2.56144289778604e-07 2.95026922003672e-07 3.3390955422874e-07 3.72792186453808e-07 4.11674818678875e-07 4.50557479325653e-07 4.89440083129011e-07 5.28322743775789e-07 5.18480135269783e-07 4.92395770379517e-07 4.6631140548925e-07 4.40227040598984e-07 4.14142675708717e-07 3.8805833924016e-07 3.61973974349894e-07 3.44981458511029e-07 3.55264546669787e-07 3.65547606406835e-07 3.75830666143884e-07 3.86113754302642e-07 3.9639681403969e-07 4.06679902198448e-07 4.16962961935496e-07 4.45039347596321e-07 4.79046832424501e-07 5.13054317252681e-07 5.47061802080862e-07 5.81069286909042e-07 6.15076771737222e-07 6.49084256565402e-07 6.75648891501623e-07 6.7988491991855e-07 6.84121005178895e-07 6.8835709043924e-07 6.92593118856166e-07 6.96829204116511e-07 7.01065289376857e-07
3.00271494779736e-07 2.87390577113911e-07 2.74509631026376e-07 2.61628684938842e-07 2.60419824371638e-07 2.94227220365428e-07 3.28034587937509e-07 3.61841983931299e-07 3.9564935150338e-07 4.2945674749717e-07 4.6326414349096e-07 4.9707153948475e-07 4.89372098400054e-07 4.67837054429765e-07 4.46302010459476e-07 4.24766966489187e-07 4.03231922518899e-07 3.8169687854861e-07 3.60161834578321e-07 3.46590695698978e-07 3.56911215249056e-07 3.67231734799134e-07 3.77552254349212e-07 3.87872773899289e-07 3.98193293449367e-07 4.08513812999445e-07 4.18834332549523e-07 4.44029893742481e-07 4.74183792675831e-07 5.0433772003089e-07 5.34491618964239e-07 5.64645517897588e-07 5.94799473674357e-07 6.24953372607706e-07 6.48662762614549e-07 6.53038512155035e-07 6.57414261695521e-07 6.61790068079426e-07 6.66165817619913e-07 6.70541624003818e-07 6.74917373544304e-07
2.98323470815376e-07 2.8744051405738e-07 2.76557528877674e-07 2.65674572119678e-07 2.64695387386382e-07 2.93427518727185e-07 3.22159621646279e-07 3.50891752987081e-07 3.79623884327884e-07 4.08356015668687e-07 4.3708814700949e-07 4.65820278350293e-07 4.60264033108615e-07 4.43278310058304e-07 4.26292587007993e-07 4.09306863957681e-07 3.9232116932908e-07 3.75335446278768e-07 3.58349723228457e-07 3.48199932886928e-07 3.58557883828325e-07 3.68915863191432e-07 3.7927381413283e-07 3.89631793495937e-07 3.99989744437335e-07 4.10347723800442e-07 4.20705674741839e-07 4.43020411466932e-07 4.6932075292716e-07 4.95621122809098e-07 5.21921435847617e-07 5.48221805729554e-07 5.74522118768073e-07 6.0082248865001e-07 6.21676633727475e-07 6.26192104391521e-07 6.30707575055567e-07 6.35223045719613e-07 6.39738516383659e-07 6.44253987047705e-07 6.4876951455517e-07
2.96375446851016e-07 2.87490451000849e-07 2.78605455150682e-07 2.69720459300515e-07 2.68970921979417e-07 2.92627788667232e-07 3.16284683776757e-07 3.39941550464573e-07 3.63598417152389e-07 3.87255312261914e-07 4.10912178949729e-07 4.34569045637545e-07 4.31155967817176e-07 4.18719594108552e-07 4.06283191978218e-07 3.93846789847885e-07 3.81410387717551e-07 3.68974014008927e-07 3.56537611878593e-07 3.49809170074877e-07 3.60204580829304e-07 3.70599991583731e-07 3.80995402338158e-07 3.91390813092585e-07 4.01786223847012e-07 4.12181606179729e-07 4.22577016934156e-07 4.42010957613093e-07 4.64457741600199e-07 4.86904525587306e-07 5.09351252730994e-07 5.31798036718101e-07 5.54244820705208e-07 5.76691604692314e-07 5.94690447996982e-07 5.99345639784588e-07 6.04000831572193e-07 6.08656023359799e-07 6.13311215147405e-07 6.17966406935011e-07 6.22621598722617e-07
2.94427422886656e-07 2.87540387944318e-07 2.80653353001981e-07 2.73766346481352e-07 2.73246456572451e-07 2.91828087028989e-07 3.10409717485527e-07 3.28991347942065e-07 3.47572949976893e-07 3.66154580433431e-07 3.84736210889969e-07 4.03317812924797e-07 4.02047930947447e-07 3.94160849737091e-07 3.86273768526735e-07 3.78386715738088e-07 3.70499634527732e-07 3.62612553317376e-07 3.5472550052873e-07 3.51418407262827e-07 3.61851249408573e-07 3.7228411997603e-07 3.82716962121776e-07 3.93149804267523e-07 4.03582674834979e-07 4.14015516980726e-07 4.24448387548182e-07 4.41001503759253e-07 4.59594701851529e-07 4.78187928365514e-07 4.9678112645779e-07 5.15374324550066e-07 5.33967522642342e-07 5.52560720734618e-07 5.67704319109907e-07 5.72499232021073e-07 5.77294144932239e-07 5.82089057843405e-07 5.86883913911151e-07 5.91678826822317e-07 5.96473739733483e-07
2.92479398922296e-07 2.87590353309497e-07 2.82701279274988e-07 2.7781220524048e-07 2.77522019587195e-07 2.91028385390746e-07 3.04534751194296e-07 3.18041116997847e-07 3.31547482801398e-07 3.45053848604948e-07 3.58560214408499e-07 3.72066580212049e-07 3.72939865656008e-07 3.69602133787339e-07 3.66264373496961e-07 3.62926613206582e-07 3.59588881337913e-07 3.56251121047535e-07 3.52913360757157e-07 3.53027616029067e-07 3.63497917987843e-07 3.73968219946619e-07 3.84438521905395e-07 3.94908823864171e-07 4.05379125822947e-07 4.15849427781723e-07 4.26319729740499e-07 4.39992049905413e-07 4.54731662102859e-07 4.69471302722013e-07 4.84210943341168e-07 4.98950555538613e-07 5.13690224579477e-07 5.28429836776922e-07 5.40718190222833e-07 5.45652824257559e-07 5.50587401448865e-07 5.55522035483591e-07 5.60456612674898e-07 5.65391246709623e-07 5.7032582390093e-07
2.94505497322461e-07 2.8969091658837e-07 2.84876307432569e-07 2.80061726698477e-07 2.79066000530293e-07 2.89526838059828e-07 2.99987675589364e-07 3.10448513118899e-07 3.20909350648435e-07 3.3137021659968e-07 3.41831054129216e-07 3.52291891658751e-07 3.5500792705534e-07 3.55142333319236e-07 3.55276739583132e-07 3.55411174268738e-07 3.55545580532635e-07 3.5568001521824e-07 3.55814421482137e-07 3.58508600584173e-07 3.68882012935501e-07 3.79255425286829e-07 3.89628837638156e-07 4.00002278411193e-07 4.10375690762521e-07 4.20749103113849e-07 4.31122543886886e-07 4.42648456555617e-07 4.54558545470718e-07 4.66468662807529e-07 4.7837875172263e-07 4.90288869059441e-07 5.02198929552833e-07 5.14109046889644e-07 5.24169706750399e-07 5.28681994182989e-07 5.33194338458998e-07 5.37706682735006e-07 5.42218970167596e-07 5.46731314443605e-07 5.51243658719613e-07
3.00505746508861e-07 2.93842106202646e-07 2.87178494318141e-07 2.80514854011926e-07 2.77878399401743e-07 2.87323445036236e-07 2.96768490670729e-07 3.06213536305222e-07 3.15658581939715e-07 3.25103627574208e-07 3.34548673208701e-07 3.43993718843194e-07 3.48252058302023e-07 3.50781476754491e-07 3.53310923628669e-07 3.55840342081137e-07 3.58369788955315e-07 3.60899207407783e-07 3.63428654281961e-07 3.67861275663017e-07 3.78003477408129e-07 3.8814570757495e-07 3.98287909320061e-07 4.08430111065172e-07 4.18572341231993e-07 4.28714542977104e-07 4.38856773143925e-07 4.48970752131572e-07 4.59075351955107e-07 4.69179951778642e-07 4.79284551602177e-07 4.89389151425712e-07 4.99493751249247e-07 5.09598351072782e-07 5.18058811849187e-07 5.21586855484202e-07 5.25114899119217e-07 5.2864299959765e-07 5.32171043232665e-07 5.3569908686768e-07 5.39227187346114e-07
3.06505995695261e-07 2.97993324238632e-07 2.89480652782004e-07 2.80967981325375e-07 2.76690798273194e-07 2.85120052012644e-07 2.93549305752094e-07 3.01978559491545e-07 3.10407813230995e-07 3.18837038548736e-07 3.27266292288186e-07 3.35695546027637e-07 3.41496189548707e-07 3.46420648611456e-07 3.51345079252496e-07 3.56269538315246e-07 3.61193968956286e-07 3.66118428019035e-07 3.71042858660076e-07 3.77213950741861e-07 3.87124970302466e-07 3.97035961441361e-07 4.06946981001965e-07 4.1685797214086e-07 4.26768991701465e-07 4.3667998284036e-07 4.46591002400964e-07 4.55293076129237e-07 4.63592158439496e-07 4.71891240749756e-07 4.80190351481724e-07 4.88489433791983e-07 4.96788516102242e-07 5.05087598412501e-07 5.11947860104556e-07 5.14491659941996e-07 5.17035516622855e-07 5.19579316460295e-07 5.22123116297735e-07 5.24666916135175e-07 5.27210715972615e-07
3.12506244881661e-07 3.02144542274618e-07 2.91782839667576e-07 2.81421137060534e-07 2.75503225566354e-07 2.82916658989052e-07 2.9033012083346e-07 2.97743582677867e-07 3.05157016100566e-07 3.12570477944973e-07 3.19983911367672e-07 3.27397373212079e-07 3.3474032079539e-07 3.42059792046712e-07 3.49379263298033e-07 3.56698706127645e-07 3.64018177378966e-07 3.71337620208578e-07 3.786570914599e-07 3.86566625820706e-07 3.96246434775094e-07 4.05926243729482e-07 4.15606024262161e-07 4.25285833216549e-07 4.34965642170937e-07 4.44645422703616e-07 4.54325231658004e-07 4.61615371705193e-07 4.68108964923886e-07 4.74602558142578e-07 4.81096151361271e-07 4.87589716158254e-07 4.94083337798656e-07 5.0057690259564e-07 5.05836965203343e-07 5.07396521243209e-07 5.08956077283074e-07 5.10515633322939e-07 5.12075132519385e-07 5.1363468855925e-07 5.15194244599115e-07
3.18506465646351e-07 3.06295731888895e-07 2.94084998131439e-07 2.81874264373982e-07 2.74315624437804e-07 2.8071326596546e-07 2.87110935914825e-07 2.93508577442481e-07 2.99906247391846e-07 3.06303888919501e-07 3.12701558868866e-07 3.19099200396522e-07 3.27984480463783e-07 3.37698935481967e-07 3.4741341892186e-07 3.57127902361754e-07 3.66842357379937e-07 3.76556840819831e-07 3.86271324259724e-07 3.95919329321259e-07 4.05367899247722e-07 4.14816497595893e-07 4.24265095944065e-07 4.33713694292237e-07 4.43162264218699e-07 4.52610862566871e-07 4.62059460915043e-07 4.67937667281149e-07 4.72625742986565e-07 4.77313847113692e-07 4.82001951240818e-07 4.86689998524525e-07 4.91378102651652e-07 4.96066206778778e-07 4.99726070302131e-07 5.00301382544421e-07 5.00876637943293e-07 5.01451893342164e-07 5.02027205584454e-07 5.02602460983326e-07 5.03177773225616e-07
3.24506714832751e-07 3.10446949924881e-07 2.96387156595301e-07 2.82327391687431e-07 2.73128023309255e-07 2.78509872941868e-07 2.8389175099619e-07 2.89273600628803e-07 2.94655450261416e-07 3.00037328315739e-07 3.05419177948352e-07 3.10801027580965e-07 3.21228611710467e-07 3.33338107338932e-07 3.45447602967397e-07 3.57557070174153e-07 3.69666565802618e-07 3.81776061431083e-07 3.93885528637838e-07 4.05272004400103e-07 4.14489392142059e-07 4.23706779884014e-07 4.3292413920426e-07 4.42141526946216e-07 4.51358914688171e-07 4.60576302430127e-07 4.69793690172082e-07 4.74259962857104e-07 4.77142577892664e-07 4.80025164506515e-07 4.82907751120365e-07 4.85790337734215e-07 4.88672867504647e-07 4.91555454118497e-07 4.93615175400919e-07 4.93206187002215e-07 4.92797198603512e-07 4.92388210204808e-07 4.91979221806105e-07 4.9157029025082e-07 4.91161301852117e-07
