data/working_set_collections/6091692-Cassins_Sparrow-M2/1990/wchange_avg.asc
NCOLS 265 
NROWS 230 
XLLCORNER -115.5625 
YLLCORNER 24.8333333333333 
CELLSIZE 0.0833333333333333 
NODATA_value -9999 
[rows 54 to 71 of 230, columns 205 to 245 of 265]
4.19057613498808e-07 3.94145530435708e-07 3.69233418950898e-07 3.44321307466089e-07 3.19141776117249e-07 2.9315984306777e-07 2.6717793844e-07 2.4119600539052e-07 2.15214086551896e-07 1.89232167713271e-07 1.63250248874647e-07 1.37268330036022e-07 1.17873199201313e-07 1.00673673841811e-07 8.34741413768825e-08 6.6274616017381e-08 4.90750906578796e-08 3.18755617456645e-08 1.46760354979847e-08 -7.54918738632426e-10 -1.0880152778725e-08 -2.1005385875128e-08 -3.11306216360663e-08 -4.12558556206477e-08 -5.13810860525155e-08 -6.15063200370969e-08 -7.16315540216783e-08 -6.4589663395509e-08 -5.18253990833273e-08 -3.90611312184319e-08 -2.62968669062502e-08 -1.35326008177117e-08 -7.68334562639694e-10 1.19959313593654e-08 2.6603540703718e-08 4.67411815918695e-08 6.68788260327347e-08 8.70164669208862e-08 1.07154107809038e-07 1.27291755802617e-07 1.47429389585341e-07
4.11652024467912e-07 3.87160127957031e-07 3.6266823144615e-07 3.3817630651356e-07 3.13944667595933e-07 2.9049374461465e-07 2.67042850055077e-07 2.43591927073794e-07 2.20141032514221e-07 1.96690123743792e-07 1.73239214973364e-07 1.49788306202936e-07 1.31629008137679e-07 1.15233582675955e-07 9.88381501088043e-08 8.24427246470805e-08 6.60472920799293e-08 4.96518666182055e-08 3.32564376037681e-08 1.84405575254232e-08 8.3633233671776e-09 -1.71391034697876e-09 -1.17911440611351e-08 -2.18683773312023e-08 -3.19456106012694e-08 -4.20228474240503e-08 -5.21000806941174e-08 -4.49284094372615e-08 -3.20071009696221e-08 -1.90857960546964e-08 -6.16448891932464e-09 6.75681777195791e-09 1.96781240191513e-08 3.25994307104338e-08 4.75215706785548e-08 6.84462051481205e-08 8.93708431703999e-08 1.10295481192679e-07 1.31220119214959e-07 1.52144764342665e-07 1.73069395259517e-07
4.04246435437017e-07 3.80174725478355e-07 3.56103015519693e-07 3.32031305561031e-07 3.08747559074618e-07 2.87827646161531e-07 2.66907761670154e-07 2.45987877178777e-07 2.25067978476545e-07 2.04148079774313e-07 1.83228181072081e-07 1.62308296580704e-07 1.45384817074046e-07 1.297934915101e-07 1.14202158840726e-07 9.86108332767799e-08 8.30195006074064e-08 6.74281679380329e-08 5.1836838821373e-08 3.76360347331683e-08 2.76068004012586e-08 1.75775660693489e-08 7.54833173743918e-09 -2.48090215038133e-09 -1.25101360382018e-08 -2.25393694819331e-08 -3.25686038138429e-08 -2.52671519263004e-08 -1.21888055204522e-08 8.89541773574365e-10 1.39678890676009e-08 2.70462354734491e-08 4.01245827674757e-08 5.32029282851454e-08 6.84395971006779e-08 9.01512322570852e-08 1.11862867413492e-07 1.335745025699e-07 1.5528613062088e-07 1.76997772882714e-07 1.98709400933694e-07
3.96840846406121e-07 3.73189322999679e-07 3.49537828014945e-07 3.25886304608503e-07 3.03550450553303e-07 2.85161547708412e-07 2.66772673285232e-07 2.48383798862051e-07 2.2999492443887e-07 2.11606035804834e-07 1.93217161381654e-07 1.74828272747618e-07 1.59140640221267e-07 1.44353407449671e-07 1.29566174678075e-07 1.14778941906479e-07 9.99917091348834e-08 8.52044763632875e-08 7.04172435916917e-08 5.68315101645567e-08 4.68502747708044e-08 3.68690429297658e-08 2.68878075360135e-08 1.6906573918618e-08 6.92533941304418e-09 -3.05589442639587e-09 -1.30371287099251e-08 -5.60589619169605e-09 7.62949170507454e-09 2.08648796018451e-08 3.41002674986157e-08 4.73356536190295e-08 6.05710397394432e-08 7.3806425859857e-08 8.93576270755148e-08 1.1185625936605e-07 1.34354891656585e-07 1.56853516841693e-07 1.79352142026801e-07 2.01850781422763e-07 2.24349406607871e-07
3.89435257375226e-07 3.66203948942712e-07 3.42972612088488e-07 3.19741303655974e-07 2.98353342031987e-07 2.82495477677003e-07 2.66637613322018e-07 2.50779720545324e-07 2.34921870401195e-07 2.19063991835355e-07 2.03206127480371e-07 1.87348263125386e-07 1.72896449157633e-07 1.58913309178388e-07 1.44930183409997e-07 1.30947043430751e-07 1.16963910556933e-07 1.02980777683115e-07 8.89976448092966e-08 7.6026985595945e-08 6.60937544694207e-08 5.6160516237469e-08 4.62272851109446e-08 3.62940504317066e-08 2.63608157524686e-08 1.64275810732306e-08 6.49434728217102e-09 1.40553595429083e-08 2.74477880424229e-08 4.08402165419375e-08 5.42326432650952e-08 6.76250735409667e-08 8.10175038168381e-08 9.44099269872822e-08 1.10275657050352e-07 1.33561286475015e-07 1.5684690879425e-07 1.80132531113486e-07 2.03418153432722e-07 2.26703789962812e-07 2.49989398071193e-07
3.8202966834433e-07 3.59218546464035e-07 3.3640742458374e-07 3.13596274281736e-07 2.93156233510672e-07 2.79829379223884e-07 2.66502524937096e-07 2.53175670650307e-07 2.39848816363519e-07 2.26521962076731e-07 2.13195107789943e-07 1.99868253503155e-07 1.86652258094e-07 1.73473225117959e-07 1.60294192141919e-07 1.47115159165878e-07 1.33936111978983e-07 1.20757079002942e-07 1.07578046026902e-07 9.52224610273333e-08 8.53372270626096e-08 7.54519930978859e-08 6.55667591331621e-08 5.56815251684384e-08 4.57962912037146e-08 3.59110572389909e-08 2.60258232742672e-08 3.37166170538694e-08 4.72660843797712e-08 6.0815551705673e-08 7.43650190315748e-08 8.79144934629039e-08 1.01463960788806e-07 1.15013428114707e-07 1.31193687025188e-07 1.55266306478552e-07 1.79338925931916e-07 2.03411545385279e-07 2.27484179049497e-07 2.51556798502861e-07 2.75629417956225e-07
3.67700124570547e-07 3.4608862620189e-07 3.24477099411524e-07 3.02865572621158e-07 2.83984860516284e-07 2.73296535624468e-07 2.6260823915436e-07 2.51919914262544e-07 2.41231589370727e-07 2.3054329290062e-07 2.19854982219658e-07 2.09166671538696e-07 1.97410642499563e-07 1.85298716814941e-07 1.7318679113032e-07 1.61074879656553e-07 1.48962953971932e-07 1.3685102828731e-07 1.24739102602689e-07 1.13275142155089e-07 1.03755084523982e-07 9.42350268928749e-08 8.47149692617677e-08 7.51949045252331e-08 6.5674846894126e-08 5.61547892630188e-08 4.66347280791979e-08 5.50276695321372e-08 6.93916035743314e-08 8.37555447219529e-08 9.81194858695744e-08 1.12483419911769e-07 1.26847353953963e-07 1.41211302207012e-07 1.5830144661777e-07 1.83570236345076e-07 2.08839011861528e-07 2.34107801588834e-07 2.59376577105286e-07 2.84645352621737e-07 3.09914156559898e-07
3.46446654475585e-07 3.26814159734568e-07 3.0718163657184e-07 2.87549141830823e-07 2.70839194627115e-07 2.62896975300464e-07 2.54954727552104e-07 2.47012479803743e-07 2.39070232055383e-07 2.31127998517877e-07 2.23185750769517e-07 2.15243517232011e-07 2.05171602374321e-07 1.94389812691043e-07 1.83608008796909e-07 1.72826204902776e-07 1.62044415219498e-07 1.51262611325365e-07 1.40480807431231e-07 1.30185028979213e-07 1.21347326853538e-07 1.12509617622436e-07 1.03671908391334e-07 9.4834199160232e-08 8.59964899291299e-08 7.71587806980278e-08 6.83210714669258e-08 7.79885169777117e-08 9.38243545078876e-08 1.09660192038064e-07 1.25496029568239e-07 1.41331867098415e-07 1.57167704628591e-07 1.73003542158767e-07 1.91598942933524e-07 2.18473047652878e-07 2.45347166583088e-07 2.72221285513297e-07 2.99095376021796e-07 3.25969494952005e-07 3.52843613882214e-07
3.25193184380623e-07 3.07539693267245e-07 2.89886202153866e-07 2.72232711040488e-07 2.57693557159655e-07 2.52497386554751e-07 2.47301215949847e-07 2.42105045344942e-07 2.36908874740038e-07 2.31712704135134e-07 2.2651653353023e-07 2.21320362925326e-07 2.1293256224908e-07 2.03480894356289e-07 1.94029212252644e-07 1.84577544359854e-07 1.75125862256209e-07 1.65674194363419e-07 1.56222512259774e-07 1.47094922908764e-07 1.38939554972239e-07 1.3078420124657e-07 1.226288475209e-07 1.14473486689803e-07 1.06318125858706e-07 9.81627650276096e-08 9.00074041965127e-08 1.00949364423286e-07 1.18257105441444e-07 1.35564832248747e-07 1.52872573266905e-07 1.70180300074207e-07 1.87488041092365e-07 2.04795782110523e-07 2.24896439249278e-07 2.53375873171535e-07 2.81855307093792e-07 3.1033474101605e-07 3.38814203360016e-07 3.67293637282273e-07 3.9577307120453e-07
3.03939714285661e-07 2.88265226799922e-07 2.72590767735892e-07 2.56916308671862e-07 2.44547919692195e-07 2.42097826230747e-07 2.3964770434759e-07 2.37197610886142e-07 2.34747517424694e-07 2.32297409752391e-07 2.29847316290943e-07 2.2739720861864e-07 2.20693522123838e-07 2.12571976021536e-07 2.04450429919234e-07 1.96328869606077e-07 1.88207323503775e-07 1.80085777401473e-07 1.71964231299171e-07 1.6400480262746e-07 1.56531797301795e-07 1.49058791976131e-07 1.41585786650467e-07 1.34112767113947e-07 1.26639761788283e-07 1.19166756462619e-07 1.11693744031527e-07 1.23910211868861e-07 1.42689856375e-07 1.61469486670285e-07 1.8024911696557e-07 1.99028747260854e-07 2.17808377556139e-07 2.36588007851424e-07 2.58193921354177e-07 2.88278698690192e-07 3.18363476026207e-07 3.48448224940512e-07 3.78533002276527e-07 4.08617751190832e-07 4.38702528526846e-07
2.826862441907e-07 2.68990788754309e-07 2.55295333317918e-07 2.41599877881526e-07 2.31402282224735e-07 2.31698251695889e-07 2.31994221167042e-07 2.32290190638196e-07 2.32586160109349e-07 2.32882129580503e-07 2.33178099051656e-07 2.3347406852281e-07 2.28454481998597e-07 2.21663057686783e-07 2.14871633374969e-07 2.08080209063155e-07 2.01288784751341e-07 1.94497360439527e-07 1.87705936127713e-07 1.80914696557011e-07 1.74124039631351e-07 1.67333382705692e-07 1.60542725780033e-07 1.53752054643519e-07 1.4696139771786e-07 1.401707407922e-07 1.33380083866541e-07 1.46871059314435e-07 1.67122593097702e-07 1.87374126880968e-07 2.07625660664235e-07 2.27877194447501e-07 2.48128714019913e-07 2.68380262014034e-07 2.91491431880786e-07 3.23181524208849e-07 3.54871616536911e-07 3.86561708864974e-07 4.18251801193037e-07 4.499418935211e-07 4.81632014270872e-07
2.61432745674028e-07 2.49716322286986e-07 2.37999884689089e-07 2.26283447091191e-07 2.18256630546421e-07 2.2129867716103e-07 2.24340709564785e-07 2.27382756179395e-07 2.3042478858315e-07 2.3346683519776e-07 2.36508867601515e-07 2.39550928426979e-07 2.36215441873355e-07 2.30754153562884e-07 2.25292851041559e-07 2.19831548520233e-07 2.14370245998907e-07 2.08908943477581e-07 2.03447640956256e-07 1.97824590486562e-07 1.91716281960908e-07 1.85607973435253e-07 1.79499664909599e-07 1.7339134217309e-07 1.67283033647436e-07 1.61174725121782e-07 1.55066416596128e-07 1.69831920970864e-07 1.91555344031258e-07 2.13278781302506e-07 2.350022043629e-07 2.56725627423293e-07 2.78449050483687e-07 3.0017250196579e-07 3.24788913985685e-07 3.58084349727505e-07 3.91379757047616e-07 4.24675192789437e-07 4.57970600109547e-07 4.91266007429658e-07 5.24561471593188e-07
2.49791270334754e-07 2.40067379309039e-07 2.30343502494179e-07 2.20619611468464e-07 2.14105810414367e-07 2.1722227927512e-07 2.20338733925018e-07 2.23455202785772e-07 2.2657165743567e-07 2.29688126296423e-07 2.32804580946322e-07 2.35921049807075e-07 2.33791084269797e-07 2.29912302529556e-07 2.2603353500017e-07 2.22154753259929e-07 2.18275985730543e-07 2.14397203990302e-07 2.10518422250061e-07 2.06575137440268e-07 2.02438315000109e-07 1.98301478349094e-07 1.94164655908935e-07 1.90027833468775e-07 1.85891011028616e-07 1.81754174377602e-07 1.77617351937442e-07 1.94435358480405e-07 2.18238298543838e-07 2.42041238607271e-07 2.65844192881559e-07 2.89647147155847e-07 3.13450073008426e-07 3.37253027282713e-07 3.63676633696741e-07 3.97962168108279e-07 4.32247730941526e-07 4.66533293774773e-07 5.00818828186311e-07 5.35104391019559e-07 5.69389953852806e-07
2.47761789751166e-07 2.40043988242178e-07 2.32326186733189e-07 2.24608371013346e-07 2.18949821828573e-07 2.19469058038158e-07 2.19988294247742e-07 2.20507530457326e-07 2.2102676666691e-07 2.21546002876494e-07 2.22065239086078e-07 2.22584475295662e-07 2.21181394977066e-07 2.19137547219361e-07 2.17093685250802e-07 2.15049837493098e-07 2.13005989735393e-07 2.10962141977689e-07 2.08918294219984e-07 2.07166351628985e-07 2.06290138748955e-07 2.05413925868925e-07 2.04537712988895e-07 2.0366151431972e-07 2.0278530143969e-07 2.0190908855966e-07 2.0103287567963e-07 2.20681386053911e-07 2.47171470846297e-07 2.73661527216973e-07 3.00151612009358e-07 3.26641696801744e-07 3.53131781594129e-07 3.79621866386515e-07 4.08154534170535e-07 4.42815036194588e-07 4.77475509796932e-07 5.12136011820985e-07 5.46796457001619e-07 5.81456959025672e-07 6.16117461049726e-07
2.45732337589288e-07 2.40020597175317e-07 2.34308856761345e-07 2.28597130558228e-07 2.2379383324278e-07 2.21715836801195e-07 2.19637854570465e-07 2.1755985812888e-07 2.15481861687294e-07 2.13403879456564e-07 2.11325883014979e-07 2.09247886573394e-07 2.0857169147348e-07 2.08362777698312e-07 2.08153849712289e-07 2.07944935937121e-07 2.07736007951098e-07 2.07527079965075e-07 2.07318166189907e-07 2.07757565817701e-07 2.10141976708655e-07 2.12526373388755e-07 2.14910784279709e-07 2.17295180959809e-07 2.19679591850763e-07 2.22063988530863e-07 2.24448399421817e-07 2.46927413627418e-07 2.76104628937901e-07 3.05281844248384e-07 3.34459059558867e-07 3.6363627486935e-07 3.92813490179833e-07 4.21990705490316e-07 4.52632463066038e-07 4.87667875859188e-07 5.22703317074047e-07 5.57738701445487e-07 5.92774142660346e-07 6.27809527031786e-07 6.62844968246645e-07
2.43702857005701e-07 2.39997206108455e-07 2.36291541000355e-07 2.3258589010311e-07 2.28637844656987e-07 2.23962629775087e-07 2.19287400682333e-07 2.14612185800434e-07 2.09936970918534e-07 2.0526174182578e-07 2.0058652694388e-07 1.9591131206198e-07 1.9596200218075e-07 1.97588008177263e-07 1.99214014173776e-07 2.0084002017029e-07 2.02466026166803e-07 2.04092032163317e-07 2.0571803815983e-07 2.08348794217272e-07 2.13993800457501e-07 2.19638820908585e-07 2.25283841359669e-07 2.30928861810753e-07 2.36573882261837e-07 2.42218902712921e-07 2.4786390895315e-07 2.73173441200925e-07 3.05037787029505e-07 3.36902132858086e-07 3.68766478686666e-07 4.00630824515247e-07 4.32495170343827e-07 4.64359516172408e-07 4.97110363539832e-07 5.32520743945497e-07 5.67931067507743e-07 6.03341447913408e-07 6.38751771475654e-07 6.74162151881319e-07 7.09572475443565e-07
2.41673376422114e-07 2.39973786619885e-07 2.38274225239365e-07 2.36574649647991e-07 2.33481856071194e-07 2.26209408538125e-07 2.18936961005056e-07 2.11664513471987e-07 2.04392065938919e-07 1.9711961840585e-07 1.89847170872781e-07 1.82574723339712e-07 1.83352312888019e-07 1.86813238656214e-07 1.90274178635264e-07 1.93735104403459e-07 1.97196030171654e-07 2.00656970150703e-07 2.04117895918898e-07 2.08940008405989e-07 2.17845638417202e-07 2.26751268428416e-07 2.35656898439629e-07 2.44562528450842e-07 2.53468158462056e-07 2.62373816894979e-07 2.71279446906192e-07 2.99419468774431e-07 3.33970945121109e-07 3.68522421467787e-07 4.03073897814465e-07 4.37625402582853e-07 4.72176878929531e-07 5.06728383697919e-07 5.41588292435335e-07 5.77373555188387e-07 6.13158874784858e-07 6.4894413753791e-07 6.84729457134381e-07 7.20514719887433e-07 7.56299982640485e-07
2.39643895838526e-07 2.39950395553024e-07 2.40256895267521e-07 2.40563394982019e-07 2.38325867485401e-07 2.28456187301163e-07 2.18586521327779e-07 2.08716841143541e-07 1.98847175170158e-07 1.8897749498592e-07 1.79107814801682e-07 1.69238148828299e-07 1.70742623595288e-07 1.76038483346019e-07 1.81334343096751e-07 1.86630188636627e-07 1.91926048387359e-07 1.9722190813809e-07 2.02517767888821e-07 2.09531222594705e-07 2.21697476376903e-07 2.33863715948246e-07 2.46029969730444e-07 2.58196223512641e-07 2.70362448873129e-07 2.82528702655327e-07 2.94694956437525e-07 3.25665496347938e-07 3.62904103212713e-07 4.00142710077489e-07 4.37381345363974e-07 4.7461995222875e-07 5.11858559093525e-07 5.4909719438001e-07 5.86066221330839e-07 6.22226423274697e-07 6.58386625218554e-07 6.94546884005831e-07 7.30707085949689e-07 7.66867287893547e-07 8.03027489837405e-07
