data/working_set_collections/6091692-Cassins_Sparrow-M2/1990/wchange_avg.asc
NCOLS 265 
NROWS 230 
XLLCORNER -115.5625 
YLLCORNER 24.8333333333333 
CELLSIZE 0.0833333333333333 
NODATA_value -9999 
[rows 72 to 89 of 230, columns 41 to 81 of 265]
5.96270410824218e-07 5.57370640308363e-07 5.18470926635928e-07 4.82187260786304e-07 4.53751823670245e-07 4.25316386554186e-07 3.96880949438128e-07 3.68445512322069e-07 3.4001007520601e-07 3.11574609668241e-07 2.83139172552183e-07 2.81269194601919e-07 2.8825434128521e-07 2.95239516390211e-07 3.02224663073503e-07 3.09209838178504e-07 3.16194984861795e-07 3.23180159966796e-07 3.28897556300944e-07 3.30811644744244e-07 3.32725733187544e-07 3.34639821630844e-07 3.36553910074144e-07 3.38467970095735e-07 3.40382058539035e-07 3.42296146982335e-07 3.66693598152779e-07 3.98585484617797e-07 4.30477342661106e-07 4.62369229126125e-07 4.94261144012853e-07 5.26152973634453e-07 5.58044860099471e-07 5.88391515066178e-07 6.14102475537948e-07 6.39813379166299e-07 6.65524339638068e-07 6.91235300109838e-07 7.16946203738189e-07 7.42657164209959e-07 7.6836806783831e-07
5.70703662106098e-07 5.31869602582447e-07 4.93035486215376e-07 4.5730632791674e-07 4.3089181644973e-07 4.0447730498272e-07 3.78062765094e-07 3.5164825362699e-07 3.2523374215998e-07 2.9881923069297e-07 2.7240471922596e-07 2.70232504817614e-07 2.76141037147681e-07 2.82049597899459e-07 2.87958130229526e-07 2.93866662559594e-07 2.99775223311372e-07 3.05683755641439e-07 3.10965248218054e-07 3.14365536269179e-07 3.17765824320304e-07 3.21166112371429e-07 3.24566400422555e-07 3.2796668847368e-07 3.31366976524805e-07 3.3476726457593e-07 3.58847756842806e-07 3.89821622093223e-07 4.20795487343639e-07 4.51769352594056e-07 4.82743189422763e-07 5.1371705467318e-07 5.44690919923596e-07 5.74041507661605e-07 5.98522149175551e-07 6.23002847532916e-07 6.47483489046863e-07 6.71964130560809e-07 6.96444828918175e-07 7.20925470432121e-07 7.45406111946068e-07
5.45136970231397e-07 5.06368508013111e-07 4.67600074216534e-07 4.32425366625466e-07 4.08031780807505e-07 3.83638194989544e-07 3.59244609171583e-07 3.34851023353622e-07 3.10457437535661e-07 2.86063851717699e-07 2.61670265899738e-07 2.59195815033308e-07 2.64027733010153e-07 2.68859650986997e-07 2.7369159738555e-07 2.78523515362394e-07 2.83355433339239e-07 2.88187351316083e-07 2.93032940135163e-07 2.97919427794113e-07 3.02805915453064e-07 3.07692403112014e-07 3.12578919192674e-07 3.17465406851625e-07 3.22351894510575e-07 3.27238410591235e-07 3.51001915532834e-07 3.81057759568648e-07 4.11113603604463e-07 4.41169447640277e-07 4.71225291676092e-07 5.01281135711906e-07 5.31336979747721e-07 5.59691500257031e-07 5.82941879656573e-07 6.06192259056115e-07 6.29442638455657e-07 6.52693017855199e-07 6.75943397254741e-07 6.99193776654283e-07 7.22444212897244e-07
5.19570221513277e-07 4.80867470287194e-07 4.42164662217692e-07 4.07544405334193e-07 3.8517174516528e-07 3.62799084996368e-07 3.40426424827456e-07 3.18053764658544e-07 2.95681104489631e-07 2.73308444320719e-07 2.50935784151807e-07 2.48159125249003e-07 2.51914428872624e-07 2.55669732496244e-07 2.59425036119865e-07 2.63180339743485e-07 2.66935671788815e-07 2.70690975412435e-07 2.75100632052272e-07 2.81473319319048e-07 2.87846035007533e-07 2.94218722274309e-07 3.00591409541084e-07 3.0696412522957e-07 3.13336812496345e-07 3.19709528184831e-07 3.43156074222861e-07 3.72293897044074e-07 4.01431719865286e-07 4.30569542686499e-07 4.5970739392942e-07 4.88845216750633e-07 5.17983039571845e-07 5.45341436009039e-07 5.67361553294177e-07 5.89381670579314e-07 6.11401787864452e-07 6.33421905149589e-07 6.55442022434727e-07 6.77462139719864e-07 6.99482257005002e-07
4.94003529638576e-07 4.55366375717858e-07 4.16729221797141e-07 3.82663444042919e-07 3.62311709523055e-07 3.41959975003192e-07 3.21608268905038e-07 3.01256534385175e-07 2.80904799865311e-07 2.60553065345448e-07 2.40201330825585e-07 2.37122421253844e-07 2.39801124735095e-07 2.42479814005492e-07 2.45158503275889e-07 2.47837192546285e-07 2.50515881816682e-07 2.53194571087079e-07 2.57168323969381e-07 2.65027210843982e-07 2.72886126140293e-07 2.80745013014894e-07 2.88603928311204e-07 2.96462843607515e-07 3.04321730482116e-07 3.12180645778426e-07 3.35310232912889e-07 3.63530034519499e-07 3.9174983612611e-07 4.19969666154429e-07 4.4818946776104e-07 4.7640929778936e-07 5.0462909939597e-07 5.30991428604466e-07 5.51781283775199e-07 5.72571082102513e-07 5.93360937273246e-07 6.14150792443979e-07 6.34940590771294e-07 6.55730445942027e-07 6.7652030111276e-07
4.68436809342165e-07 4.29865309570232e-07 3.91293809798299e-07 3.57782482751645e-07 3.39451673880831e-07 3.21120893431726e-07 3.02790084560911e-07 2.84459275690097e-07 2.66128466819282e-07 2.47797686370177e-07 2.29466877499362e-07 2.26085731469539e-07 2.27687806386712e-07 2.29289881303885e-07 2.30891956221058e-07 2.32494031138231e-07 2.34096106055404e-07 2.35698180972577e-07 2.3923601588649e-07 2.48581102368917e-07 2.57926217273052e-07 2.67271332177188e-07 2.76616447081324e-07 2.8596153356375e-07 2.95306648467886e-07 3.04651763372021e-07 3.27464391602916e-07 3.54766171994925e-07 3.82067980808642e-07 4.09369761200651e-07 4.36671570014369e-07 4.63973350406377e-07 4.91275159220095e-07 5.16641421199893e-07 5.36200957412802e-07 5.55760550469131e-07 5.75320086682041e-07 5.94879679738369e-07 6.14439215951279e-07 6.33998752164189e-07 6.53558345220517e-07
4.43045564679778e-07 4.05716008344825e-07 3.68386480431582e-07 3.36198326067461e-07 3.19434320772416e-07 3.02670343899081e-07 2.85906338604036e-07 2.69142333308992e-07 2.52378328013947e-07 2.35614336929757e-07 2.18850345845567e-07 2.15294591043858e-07 2.16141572195738e-07 2.16988567558474e-07 2.17835562921209e-07 2.1868254407309e-07 2.19529539435825e-07 2.20376520587706e-07 2.23470536298009e-07 2.33305598840161e-07 2.43140647171458e-07 2.52975723924465e-07 2.62810772255762e-07 2.72645849008768e-07 2.82480897340065e-07 2.92315974093071e-07 3.13542614094331e-07 3.38566451318911e-07 3.63590288543492e-07 3.88614125768072e-07 4.13637962992652e-07 4.38661771795523e-07 4.63685609020104e-07 4.87462443743425e-07 5.07498327806388e-07 5.27534211869352e-07 5.47570095932315e-07 5.67605979995278e-07 5.87641864058241e-07 6.07677748121205e-07 6.27713632184168e-07
4.17829795651414e-07 3.82918500463347e-07 3.4800723369699e-07 3.17910973990365e-07 3.02259650197811e-07 2.86608326405258e-07 2.70957002612704e-07 2.5530567882015e-07 2.39654383449306e-07 2.24003059656752e-07 2.08351735864198e-07 2.04748985765946e-07 2.05162422162175e-07 2.05575872769259e-07 2.05989309165489e-07 2.06402745561718e-07 2.06816181957947e-07 2.07229618354177e-07 2.09871885203938e-07 2.19200657625152e-07 2.28529430046365e-07 2.37858202467578e-07 2.47186960677936e-07 2.5651573309915e-07 2.65844505520363e-07 2.75173277941576e-07 2.93544900387133e-07 3.1493084406975e-07 3.36316759330657e-07 3.57702703013274e-07 3.79088618274181e-07 4.00474561956798e-07 4.21860477217706e-07 4.4345463834361e-07 4.65673423377666e-07 4.87892236833432e-07 5.10111021867488e-07 5.32329806901544e-07 5.545485919356e-07 5.76767376969656e-07 5.98986218847131e-07
3.92613998201341e-07 3.60121021003579e-07 3.27628015384107e-07 2.9962359349156e-07 2.85084951201497e-07 2.70546337333144e-07 2.56007695043081e-07 2.41469052753018e-07 2.26930410462955e-07 2.12391782383747e-07 1.97853140093684e-07 1.94203394698889e-07 1.94183286339467e-07 1.9416316376919e-07 1.94143055409768e-07 1.94122947050346e-07 1.94102824480069e-07 1.94082716120647e-07 1.96273248320722e-07 2.05095730620997e-07 2.13918198710417e-07 2.22740681010691e-07 2.31563149100111e-07 2.40385617189531e-07 2.49208113700661e-07 2.58030581790081e-07 2.73547215101644e-07 2.91295236820588e-07 3.09043258539532e-07 3.26791280258476e-07 3.4453930197742e-07 3.62287323696364e-07 3.80035345415308e-07 3.99446776100376e-07 4.23848490527234e-07 4.48250204954093e-07 4.72651919380951e-07 4.97053633807809e-07 5.21455319812958e-07 5.45857062661526e-07 5.70258748666674e-07
3.67398229172977e-07 3.37323513122101e-07 3.07248768649515e-07 2.81336241414465e-07 2.67910280626893e-07 2.54484319839321e-07 2.41058359051749e-07 2.27632412475032e-07 2.1420645168746e-07 2.00780490899888e-07 1.87354530112316e-07 1.83657803631831e-07 1.83204136305903e-07 1.82750468979975e-07 1.82296801654047e-07 1.81843134328119e-07 1.81389467002191e-07 1.80935813887118e-07 1.82674611437506e-07 1.90990789405987e-07 1.99306967374469e-07 2.07623159553805e-07 2.15939337522286e-07 2.24255529701622e-07 2.32571707670104e-07 2.40887885638585e-07 2.53549529816155e-07 2.67659629571426e-07 2.81769757748407e-07 2.95879857503678e-07 3.09989985680659e-07 3.2410008543593e-07 3.38210213612911e-07 3.55438942278852e-07 3.82023557676803e-07 4.08608201496463e-07 4.35192816894414e-07 4.61777432292365e-07 4.88362047690316e-07 5.14946691509977e-07 5.41531335329637e-07
3.42182460144613e-07 3.14526005240623e-07 2.86869521914923e-07 2.6304886091566e-07 2.50735581630579e-07 2.38422302345498e-07 2.26109037271272e-07 2.1379575798619e-07 2.01482492911964e-07 1.89169213626883e-07 1.76855934341802e-07 1.7311219835392e-07 1.7222498627234e-07 1.71337774190761e-07 1.70450547898326e-07 1.69563335816747e-07 1.68676123735167e-07 1.67788897442733e-07 1.69075960343434e-07 1.76885848190977e-07 1.84695750249375e-07 1.92505638096918e-07 2.00315525944461e-07 2.08125413792004e-07 2.15935301639547e-07 2.23745203697945e-07 2.33551830319811e-07 2.44024022322264e-07 2.54496228535572e-07 2.6496843474888e-07 2.75440640962188e-07 2.85912847175496e-07 2.96385053388803e-07 3.11431108457327e-07 3.4019865324808e-07 3.68966169617124e-07 3.97733714407877e-07 4.26501259198631e-07 4.55268803989384e-07 4.84036320358427e-07 5.12803865149181e-07
3.16966691116249e-07 2.91728497359145e-07 2.6649030360204e-07 2.44761508838565e-07 2.33560911055974e-07 2.22360313273384e-07 2.11159715490794e-07 1.99959117708204e-07 1.88758519925614e-07 1.77557922143023e-07 1.66357324360433e-07 1.62566607286863e-07 1.61245836238777e-07 1.59925065190691e-07 1.58604294142606e-07 1.57283537305375e-07 1.55962766257289e-07 1.54641995209204e-07 1.55477323460218e-07 1.62780921186823e-07 1.70084518913427e-07 1.77388116640032e-07 1.84691714366636e-07 1.9199531209324e-07 1.99298909819845e-07 2.0660250754645e-07 2.13554130823468e-07 2.20388429283958e-07 2.27222727744447e-07 2.34057026204937e-07 2.40891324665427e-07 2.47725637336771e-07 2.54559921586406e-07 2.67423274635803e-07 2.98373720397649e-07 3.29324166159495e-07 3.60274611921341e-07 3.91225057683187e-07 4.22175531866742e-07 4.53125977628588e-07 4.84076394968724e-07
3.02205222624252e-07 2.78098042372221e-07 2.5399086212019e-07 2.33392370319052e-07 2.23320014924866e-07 2.13247673741535e-07 2.03175318347348e-07 1.93102962953162e-07 1.83030607558976e-07 1.72958266375645e-07 1.62885910981458e-07 1.59130593146983e-07 1.57480954499079e-07 1.55831301640319e-07 1.54181662992414e-07 1.52532024344509e-07 1.5088237148575e-07 1.49232732837845e-07 1.49722609421588e-07 1.56631060121981e-07 1.63539510822375e-07 1.70447961522768e-07 1.77356412223162e-07 1.84264862923555e-07 1.91173313623949e-07 1.98081764324343e-07 2.03113202701388e-07 2.07518979777888e-07 2.11924742643532e-07 2.16330519720032e-07 2.20736296796531e-07 2.25142059662176e-07 2.29547836738675e-07 2.40343155155642e-07 2.70307140226578e-07 3.00271096875804e-07 3.30235081946739e-07 3.60199067017675e-07 3.90163023666901e-07 4.20127008737836e-07 4.50090993808772e-07
2.97898083090331e-07 2.73634640279852e-07 2.49371197469372e-07 2.28941473778832e-07 2.20012921658963e-07 2.11084383749949e-07 2.02155845840934e-07 1.93227293721066e-07 1.84298755812051e-07 1.75370217903037e-07 1.66441665783168e-07 1.62804155934282e-07 1.60930312631535e-07 1.59056483539644e-07 1.57182640236897e-07 1.5530879693415e-07 1.53434967842259e-07 1.51561124539512e-07 1.51811860860107e-07 1.58436293418163e-07 1.65060740187073e-07 1.71685186955983e-07 1.78309619514039e-07 1.84934066282949e-07 1.91558513051859e-07 1.9818295982077e-07 2.02229031742718e-07 2.054156595932e-07 2.08602287443682e-07 2.11788915294164e-07 2.14975543144647e-07 2.18162170995129e-07 2.21348798845611e-07 2.3019079264941e-07 2.55998912734867e-07 2.8180701860947e-07 3.07615124484073e-07 3.33423230358676e-07 3.59231336233279e-07 3.85039442107882e-07 4.10847547982485e-07
2.9359094355641e-07 2.69171238187482e-07 2.44751532818555e-07 2.24490563027757e-07 2.1670582839306e-07 2.08921093758363e-07 2.01136359123666e-07 1.93351638699824e-07 1.85566904065126e-07 1.77782169430429e-07 1.69997434795732e-07 1.6647771872158e-07 1.64379684974847e-07 1.62281651228113e-07 1.6018361748138e-07 1.58085583734646e-07 1.55987549987913e-07 1.53889516241179e-07 1.53901098087772e-07 1.60241526714344e-07 1.66581969551771e-07 1.72922398178343e-07 1.7926284101577e-07 1.85603269642343e-07 1.9194371247977e-07 1.98284155317197e-07 2.01344874994902e-07 2.03312353619367e-07 2.05279832243832e-07 2.07247310868297e-07 2.09214789492762e-07 2.11182268117227e-07 2.13149746741692e-07 2.20038430143177e-07 2.41690656821447e-07 2.63342911921427e-07 2.84995138599697e-07 3.06647393699677e-07 3.28299620377948e-07 3.49951875477927e-07 3.71604102156198e-07
2.89283804022489e-07 2.64707836095113e-07 2.40131868167737e-07 2.20039666487537e-07 2.13398735127157e-07 2.06757817977632e-07 2.00116886617252e-07 1.93475969467727e-07 1.86835038107347e-07 1.80194120957822e-07 1.73553189597442e-07 1.70151281508879e-07 1.67829057318158e-07 1.65506818916583e-07 1.63184594725863e-07 1.60862370535142e-07 1.58540132133567e-07 1.56217907942846e-07 1.55990335315437e-07 1.62046760010526e-07 1.68103198916469e-07 1.74159623611558e-07 1.80216048306647e-07 1.86272487212591e-07 1.9232891190768e-07 1.98385336602769e-07 2.00460704036232e-07 2.01209033434679e-07 2.01957377043982e-07 2.0270570644243e-07 2.03454035840878e-07 2.0420237945018e-07 2.04950708848628e-07 2.09886053426089e-07 2.27382429329737e-07 2.44878805233384e-07 2.62375181137031e-07 2.79871557040678e-07 2.97367904522616e-07 3.14864280426264e-07 3.32360656329911e-07
2.84976664488568e-07 2.60244434002743e-07 2.35512203516919e-07 2.15588755736462e-07 2.10091641861254e-07 2.04594527986046e-07 1.99097414110838e-07 1.9360030023563e-07 1.88103186360422e-07 1.82606072485214e-07 1.77108958610006e-07 1.73824858507032e-07 1.7127842966147e-07 1.68732000815908e-07 1.66185571970345e-07 1.63639143124783e-07 1.61092714279221e-07 1.58546285433658e-07 1.58079572543102e-07 1.63851993306707e-07 1.69624428281168e-07 1.75396849044773e-07 1.81169269808379e-07 1.86941690571985e-07 1.9271411133559e-07 1.98486532099196e-07 1.99576533077561e-07 1.99105727460847e-07 1.98634907633277e-07 1.98164102016563e-07 1.97693296399848e-07 1.97222476572279e-07 1.96751670955564e-07 1.99733690919857e-07 2.13074187627171e-07 2.26414698545341e-07 2.39755195252656e-07 2.5309572038168e-07 2.66436217088994e-07 2.79776713796309e-07 2.93117210503624e-07
2.80669524954646e-07 2.55781031910374e-07 2.30892553076956e-07 2.11137859196242e-07 2.06784548595351e-07 2.02431252205315e-07 1.98077941604424e-07 1.93724631003533e-07 1.89371320402643e-07 1.85018024012606e-07 1.80664713411716e-07 1.77498421294331e-07 1.74727802004782e-07 1.71957168504377e-07 1.69186549214828e-07 1.66415929925279e-07 1.63645296424875e-07 1.60874677135325e-07 1.60168809770767e-07 1.65657226602889e-07 1.71145643435011e-07 1.76634060267133e-07 1.82122477099256e-07 1.87610893931378e-07 1.930993107635e-07 1.98587727595623e-07 1.98692376329745e-07 1.97002407276159e-07 1.95312452433427e-07 1.93622497590695e-07 1.91932542747963e-07 1.90242587905232e-07 1.88552618851645e-07 1.89581314202769e-07 1.98765960135461e-07 2.07950591857298e-07 2.17135237789989e-07 2.26319869511826e-07 2.35504501233663e-07 2.44689147166355e-07 2.53873793099046e-07
