resources/Exp000_Example-Run/Run01_M2/TimeSeries/1995/model_set/cldtot_avg.asc
NCOLS 265 
NROWS 230 
XLLCORNER -115.5625 
YLLCORNER 24.8333333333333 
CELLSIZE 0.0833333333333333 
NODATA_value -9999 
[rows 40 to 59 of 230, columns 220 to 263 of 265]
0.449653893709183 0.450264066457748 0.450874239206314 0.45148441195488 0.452133506536484 0.452899396419525 0.453665286302567 0.454431176185608 0.455197036266327 0.455962926149368 0.45672881603241 0.457494705915451 0.458109736442566 0.458674490451813 0.459239214658737 0.459803938865662 0.460368692874908 0.460933417081833 0.46149817109108 0.462151318788528 0.463069647550583 0.46398800611496 0.464906364679337 0.465824693441391 0.466743052005768 0.467661410570145 0.468579739332199 0.469341307878494 0.470050632953644 0.470759928226471 0.47146925330162 0.472178548574448 0.472887873649597 0.473597168922424 0.474193006753922 0.474448382854462 0.474703758955002 0.474959164857864 0.475214540958405 0.475469917058945 0.475725293159485 0.475980669260025 0.476421505212784 0.476924180984497
0.448150604963303 0.448830634355545 0.449510663747787 0.450190722942352 0.450908780097961 0.451741009950638 0.452573239803314 0.453405439853668 0.454237669706345 0.455069899559021 0.455902099609375 0.456734329462051 0.457339525222778 0.457869052886963 0.458398580551147 0.458928108215332 0.459457665681839 0.459987193346024 0.460516721010208 0.46114444732666 0.462066769599915 0.462989091873169 0.463911414146423 0.464833736419678 0.465756058692932 0.466678351163864 0.467600673437119 0.468359977006912 0.469064891338348 0.469769835472107 0.470474749803543 0.471179693937302 0.471884608268738 0.472589552402496 0.473189890384674 0.473476499319077 0.473763108253479 0.474049687385559 0.474336296319962 0.474622905254364 0.474909484386444 0.475196093320847 0.475697636604309 0.476270794868469
0.446689814329147 0.447376787662506 0.448063760995865 0.448750734329224 0.449486434459686 0.450368255376816 0.451250046491623 0.452131867408752 0.453013688325882 0.453895509243011 0.454777330160141 0.455659121274948 0.45626375079155 0.456775993108749 0.457288235425949 0.457800477743149 0.458312720060349 0.458824932575226 0.459337174892426 0.459951400756836 0.460871636867523 0.46179187297821 0.462712109088898 0.463632345199585 0.464552581310272 0.46547281742096 0.466393053531647 0.467161685228348 0.467879772186279 0.468597859144211 0.469315946102142 0.470034033060074 0.470752120018005 0.471470206975937 0.472086250782013 0.472396075725555 0.47270593047142 0.473015785217285 0.47332563996315 0.473635494709015 0.47394534945488 0.474255204200745 0.474797934293747 0.475418299436569
0.445271581411362 0.445902556180954 0.446533530950546 0.447164505720139 0.447866410017014 0.448781073093414 0.449695736169815 0.450610429048538 0.451525092124939 0.452439785003662 0.453354448080063 0.454269140958786 0.454882442951202 0.45539528131485 0.45590814948082 0.456420987844467 0.456933856010437 0.457446694374084 0.457959562540054 0.458572208881378 0.459484308958054 0.460396409034729 0.461308509111404 0.462220579385757 0.463132679462433 0.464044779539108 0.464956879615784 0.465746492147446 0.466495245695114 0.467244029045105 0.467992812395096 0.468741595745087 0.469490379095078 0.470239132642746 0.470881998538971 0.471207141876221 0.47153228521347 0.47185742855072 0.47218257188797 0.47250771522522 0.47283285856247 0.473158001899719 0.47372242808342 0.47436660528183
0.443853348493576 0.444428324699402 0.445003271102905 0.445578247308731 0.446246355772018 0.447193920612335 0.44814145565033 0.449088990688324 0.450036525726318 0.450984060764313 0.451931595802307 0.452879130840302 0.453501105308533 0.45401456952095 0.45452806353569 0.455041527748108 0.455554991960526 0.456068456172943 0.456581920385361 0.45719301700592 0.458096981048584 0.459000915288925 0.459904879331589 0.46080881357193 0.461712777614594 0.462616741657257 0.463520675897598 0.464331269264221 0.465110749006271 0.465890198945999 0.466669678688049 0.4674491584301 0.468228608369827 0.469008088111877 0.469677776098251 0.470018208026886 0.470358639955521 0.470699071884155 0.47103950381279 0.471379935741425 0.471720367670059 0.472060799598694 0.472646921873093 0.473314940929413
0.44243511557579 0.442954063415527 0.443473041057587 0.443992018699646 0.444626331329346 0.445606738328934 0.446587145328522 0.447567522525787 0.448547929525375 0.449528336524963 0.450508743524551 0.451489120721817 0.452119797468185 0.452633887529373 0.453147947788239 0.453662037849426 0.454176127910614 0.454690217971802 0.45520430803299 0.455813825130463 0.456709623336792 0.457605451345444 0.458501249551773 0.459397077560425 0.460292875766754 0.461188703775406 0.462084501981735 0.462916076183319 0.463726222515106 0.464536398649216 0.465346544981003 0.46615669131279 0.466966867446899 0.467777013778687 0.468473553657532 0.468829274177551 0.469184994697571 0.46954071521759 0.46989643573761 0.470252156257629 0.470607876777649 0.470963597297668 0.471571415662766 0.472263276576996
0.441016852855682 0.441479831933975 0.441942811012268 0.442405760288239 0.443006306886673 0.444019556045532 0.445032835006714 0.446046084165573 0.447059363126755 0.448072612285614 0.449085861444473 0.450099140405655 0.450738459825516 0.451253175735474 0.451767861843109 0.452282577753067 0.452797263860703 0.45331197977066 0.453826665878296 0.454434603452682 0.455322295427322 0.45620995759964 0.457097619771957 0.457985311746597 0.458872973918915 0.459760636091232 0.460648328065872 0.461500883102417 0.462341725826263 0.46318256855011 0.464023411273956 0.464864253997803 0.465705096721649 0.466545939445496 0.467269331216812 0.467640340328217 0.468011349439621 0.468382358551025 0.46875336766243 0.469124376773834 0.469495385885239 0.469866394996643 0.470495909452438 0.471211612224579
0.439598619937897 0.440005600452423 0.440412551164627 0.440819531679153 0.441386282444 0.442432403564453 0.443478524684906 0.444524645805359 0.445570766925812 0.446616888046265 0.447663009166718 0.44870913028717 0.449357151985168 0.449872463941574 0.45038777589798 0.450903087854385 0.451418399810791 0.451933741569519 0.452449053525925 0.453055411577225 0.45393493771553 0.454814463853836 0.455694019794464 0.45657354593277 0.457453072071075 0.458332598209381 0.459212124347687 0.460085660219193 0.460957199335098 0.461828738451004 0.46270027756691 0.463571816682816 0.464443355798721 0.465314894914627 0.466065108776093 0.466451406478882 0.466837704181671 0.46722400188446 0.46761029958725 0.467996597290039 0.468382894992828 0.468769192695618 0.469420403242111 0.470159947872162
0.438241750001907 0.438628315925598 0.439014911651611 0.439401477575302 0.439953833818436 0.441003441810608 0.44205304980278 0.443102657794952 0.444152265787125 0.445201843976974 0.446251451969147 0.447301059961319 0.447964936494827 0.448500245809555 0.44903552532196 0.449570834636688 0.450106114149094 0.450641423463821 0.451176702976227 0.451791971921921 0.452647179365158 0.453502386808395 0.454357624053955 0.455212831497192 0.45606803894043 0.456923246383667 0.457778453826904 0.45867383480072 0.459582626819611 0.460491418838501 0.461400210857391 0.462309002876282 0.463217794895172 0.464126586914062 0.464906990528107 0.465302228927612 0.465697437524796 0.466092675924301 0.466487884521484 0.46688312292099 0.467278361320496 0.467673569917679 0.468318819999695 0.469047397375107
0.436946213245392 0.437348037958145 0.437749862670898 0.438151657581329 0.438708961009979 0.439732670783997 0.440756380558014 0.441780090332031 0.442803800106049 0.443827509880066 0.444851219654083 0.445874929428101 0.446561843156815 0.447136491537094 0.447711110115051 0.448285758495331 0.44886040687561 0.449435025453568 0.450009673833847 0.450644314289093 0.451459020376205 0.452273726463318 0.45308843255043 0.453903138637543 0.454717844724655 0.455532550811768 0.45634725689888 0.457265406847 0.4582180082798 0.459170639514923 0.460123240947723 0.461075842380524 0.462028473615646 0.462981075048447 0.463795006275177 0.464192777872086 0.464590579271317 0.464988350868225 0.465386152267456 0.465783923864365 0.466181725263596 0.466579526662827 0.467191129922867 0.467874020338058
0.435650706291199 0.436067759990692 0.436484813690186 0.436901837587357 0.437464088201523 0.438461899757385 0.43945974111557 0.440457552671432 0.441455364227295 0.442453175783157 0.44345098733902 0.444448828697205 0.445158749818802 0.445772737264633 0.446386724710464 0.447000682353973 0.447614669799805 0.448228657245636 0.448842614889145 0.449496656656265 0.450270861387253 0.45104506611824 0.451819270849228 0.452593475580215 0.453367680311203 0.454141855239868 0.454916059970856 0.455856949090958 0.45685338973999 0.457849830389023 0.458846271038055 0.459842711687088 0.460839122533798 0.461835563182831 0.462682992219925 0.463083356618881 0.463483691215515 0.463884055614471 0.464284390211105 0.464684754610062 0.465085119009018 0.465485453605652 0.466063439846039 0.46670064330101
0.434355169534683 0.434787452220917 0.43521973490715 0.435652017593384 0.436219215393066 0.437191158533096 0.438163071870804 0.439134985208511 0.440106928348541 0.441078841686249 0.442050784826279 0.443022698163986 0.443755656480789 0.444408982992172 0.445062309503555 0.445715636014938 0.446368932723999 0.447022259235382 0.447675585746765 0.448348999023438 0.4490827023983 0.449816405773163 0.450550079345703 0.451283782720566 0.452017486095428 0.452751189470291 0.453484892845154 0.454448491334915 0.45548877120018 0.456529021263123 0.457569271326065 0.45860955119133 0.459649801254272 0.460690051317215 0.461570978164673 0.461973905563354 0.462376832962036 0.462779730558395 0.463182657957077 0.463585555553436 0.463988482952118 0.4643914103508 0.464935749769211 0.465527266263962
0.43305966258049 0.433507174253464 0.433954685926437 0.434402197599411 0.43497434258461 0.435920387506485 0.436866402626038 0.437812447547913 0.438758492469788 0.43970450758934 0.440650552511215 0.441596567630768 0.442352563142776 0.443045228719711 0.443737894296646 0.444430559873581 0.445123225450516 0.445815891027451 0.446508556604385 0.44720134139061 0.447894543409348 0.448587715625763 0.449280917644501 0.449974119663239 0.450667291879654 0.451360493898392 0.45205369591713 0.453040063381195 0.454124122858047 0.455208212137222 0.456292301416397 0.457376390695572 0.458460479974747 0.459544539451599 0.460458993911743 0.460864454507828 0.461269944906235 0.461675435304642 0.462080895900726 0.462486386299133 0.462891846895218 0.463297337293625 0.463808089494705 0.464353889226913
0.431764125823975 0.432226896286011 0.432689636945724 0.433152377605438 0.433729499578476 0.434649616479874 0.435569763183594 0.436489909887314 0.437410026788712 0.438330173492432 0.439250320196152 0.440170437097549 0.440949469804764 0.44168147444725 0.442413479089737 0.443145483732224 0.44387748837471 0.444609493017197 0.445341497659683 0.446053683757782 0.446706354618073 0.447359055280685 0.448011755943298 0.448664426803589 0.449317127466202 0.449969798326492 0.450622498989105 0.451631605625153 0.452759504318237 0.453887403011322 0.455015331506729 0.456143230199814 0.457271128892899 0.458399027585983 0.459346979856491 0.459755033254623 0.460163056850433 0.460571110248566 0.460979163646698 0.461387187242508 0.46179524064064 0.462203294038773 0.462680399417877 0.463180512189865
0.430474311113358 0.430942684412003 0.431411057710648 0.43187940120697 0.432457387447357 0.43336421251297 0.434271037578583 0.435177862644196 0.436084687709808 0.436991542577744 0.437898367643356 0.438805192708969 0.439578264951706 0.440306752920151 0.441035240888596 0.44176372885704 0.442492216825485 0.44322070479393 0.443949192762375 0.444660574197769 0.445320755243301 0.445980906486511 0.446641057729721 0.447301208972931 0.447961390018463 0.448621541261673 0.449281692504883 0.450287878513336 0.45140939950943 0.452530890703201 0.453652411699295 0.454773932695389 0.45589542388916 0.457016944885254 0.45796349644661 0.458385229110718 0.458806931972504 0.459228664636612 0.45965039730072 0.460072100162506 0.460493832826614 0.4609155356884 0.46139594912529 0.461895883083344
0.429190218448639 0.429654568433762 0.430118918418884 0.430583268404007 0.431158035993576 0.432064145803452 0.432970255613327 0.433876365423203 0.434782475233078 0.435688585042953 0.436594694852829 0.437500804662704 0.438238888978958 0.438921004533768 0.439603120088577 0.440285235643387 0.440967351198196 0.441649466753006 0.442331582307816 0.443022072315216 0.443737655878067 0.44445326924324 0.445168882608414 0.445884466171265 0.446600079536438 0.447315692901611 0.448031276464462 0.449008852243423 0.450073748826981 0.45113867521286 0.452203571796417 0.453268468379974 0.454333364963531 0.455398261547089 0.456308573484421 0.456755071878433 0.457201570272446 0.45764809846878 0.458094596862793 0.458541095256805 0.45898762345314 0.459434121847153 0.459954708814621 0.460500001907349
0.42790612578392 0.428366482257843 0.428826808929443 0.429287135601044 0.429858714342117 0.430764108896255 0.431669473648071 0.43257486820221 0.433480232954025 0.434385627508163 0.435291022062302 0.436196386814117 0.436899542808533 0.437535285949707 0.438171029090881 0.438806772232056 0.439442485570908 0.440078228712082 0.440713971853256 0.441383540630341 0.442154586315155 0.44292563199997 0.443696677684784 0.444467723369598 0.445238769054413 0.446009814739227 0.446780860424042 0.447729855775833 0.448738127946854 0.449746429920197 0.450754731893539 0.45176300406456 0.452771306037903 0.453779578208923 0.45465362071991 0.455124914646149 0.455596208572388 0.456067532300949 0.456538826227188 0.457010120153427 0.457481414079666 0.457952708005905 0.458513498306274 0.459104120731354
0.426622033119202 0.427078366279602 0.42753466963768 0.427990972995758 0.428559392690659 0.429464042186737 0.430368691682816 0.431273370981216 0.432178020477295 0.433082669973373 0.433987349271774 0.434891998767853 0.435560196638107 0.436149537563324 0.436738908290863 0.437328279018402 0.437917649745941 0.438506990671158 0.439096361398697 0.439745008945465 0.440571516752243 0.441397994756699 0.442224502563477 0.443050980567932 0.44387748837471 0.444703966379166 0.445530444383621 0.44645082950592 0.447402507066727 0.448354184627533 0.449305862188339 0.450257539749146 0.451209217309952 0.452160894870758 0.452998697757721 0.453494787216187 0.45399084687233 0.454486936330795 0.454983025789261 0.455479115247726 0.455975204706192 0.456471294164658 0.457072287797928 0.457708239555359
0.425337940454483 0.425790250301361 0.426242560148239 0.426694840192795 0.427260041236877 0.428163975477219 0.42906790971756 0.429971843957901 0.430875808000565 0.431779742240906 0.432683676481247 0.433587610721588 0.43422082066536 0.434763818979263 0.435306817293167 0.435849785804749 0.436392784118652 0.436935782432556 0.437478750944138 0.43810647726059 0.438988417387009 0.439870357513428 0.440752297639847 0.441634237766266 0.442516177892685 0.443398118019104 0.444280058145523 0.44517183303833 0.4460668861866 0.446961969137192 0.447857022285461 0.448752105236053 0.449647158384323 0.450542241334915 0.45134374499321 0.451864629983902 0.452385485172272 0.452906370162964 0.453427255153656 0.453948110342026 0.454468995332718 0.45498988032341 0.455631077289581 0.456312358379364
0.424053847789764 0.42450213432312 0.424950420856476 0.425398707389832 0.425960719585419 0.426863938570023 0.427767127752304 0.428670346736908 0.429573565721512 0.430476784706116 0.43138000369072 0.432283192873001 0.432881474494934 0.433378100395203 0.433874696493149 0.434371322393417 0.434867918491364 0.435364544391632 0.435861170291901 0.436467975378036 0.437405347824097 0.438342720270157 0.439280122518539 0.4402174949646 0.44115486741066 0.44209223985672 0.443029642105103 0.443892806768417 0.444731265306473 0.445569723844528 0.446408182382584 0.447246640920639 0.448085099458694 0.44892355799675 0.449688822031021 0.450234472751617 0.450780123472214 0.451325803995132 0.451871454715729 0.452417135238647 0.452962785959244 0.453508466482162 0.454189866781235 0.454916477203369
