resources/Exp000_Example-Run/Run01_M2/TimeSeries/1995/model_set/cldtot_avg.asc
NCOLS 265 
NROWS 230 
XLLCORNER -115.5625 
YLLCORNER 24.8333333333333 
CELLSIZE 0.0833333333333333 
NODATA_value -9999 
[rows 80 to 99 of 230, columns 0 to 43 of 265]
0.330378860235214 0.330610036849976 0.330841213464737 0.331072390079498 0.33130356669426 0.331534743309021 0.331765919923782 0.3320352435112 0.3323173224926 0.332599371671677 0.332881420850754 0.333163470029831 0.33344554901123 0.333727598190308 0.334218502044678 0.335335910320282 0.336453318595886 0.33757072687149 0.338688164949417 0.339805573225021 0.340922981500626 0.34204038977623 0.343597680330276 0.345301568508148 0.34700545668602 0.348709315061569 0.350413203239441 0.352117091417313 0.353820979595184 0.355098247528076 0.355095654726028 0.355093061923981 0.355090469121933 0.355087876319885 0.355085283517838 0.35508269071579 0.35508006811142 0.354640871286392 0.354056119918823 0.353471398353577 0.352886646986008 0.352301895618439 0.351717174053192 0.351132422685623
0.326081126928329 0.326499968767166 0.326918810606003 0.327337682247162 0.327756524085999 0.328175365924835 0.328594207763672 0.32861801981926 0.328510135412216 0.328402280807495 0.328294396400452 0.328186511993408 0.328078627586365 0.327970772981644 0.328078925609589 0.328835189342499 0.329591453075409 0.330347716808319 0.331103980541229 0.331860244274139 0.33261650800705 0.33337277173996 0.334940135478973 0.336777865886688 0.338615596294403 0.340453326702118 0.342291057109833 0.344128787517548 0.345966517925262 0.347516059875488 0.348201036453247 0.348886013031006 0.349570989608765 0.350255966186523 0.350940942764282 0.351625889539719 0.352310866117477 0.351957947015762 0.351259052753448 0.350560158491135 0.349861264228821 0.349162369966507 0.348463505506516 0.347764611244202
0.321783393621445 0.322389900684357 0.322996437549591 0.323602944612503 0.324209481477737 0.324816018342972 0.325422525405884 0.325200796127319 0.324702978134155 0.324205189943314 0.32370737195015 0.323209553956985 0.322711735963821 0.322213917970657 0.3219393491745 0.322334468364716 0.322729587554932 0.323124676942825 0.323519796133041 0.323914915323257 0.324310034513474 0.32470515370369 0.326282620429993 0.328254193067551 0.330225765705109 0.332197338342667 0.334168910980225 0.336140483617783 0.338112056255341 0.3399338722229 0.341306418180466 0.342678964138031 0.344051510095596 0.345424026250839 0.346796572208405 0.34816911816597 0.349541664123535 0.349275022745132 0.348461985588074 0.347648948431015 0.346835911273956 0.346022844314575 0.345209807157516 0.344396770000458
0.31748566031456 0.31827986240387 0.319074034690857 0.319868236780167 0.320662438869476 0.321456640958786 0.322250843048096 0.321783572435379 0.320895820856094 0.32000806927681 0.319120347499847 0.318232595920563 0.317344844341278 0.316457092761993 0.31579977273941 0.315833747386932 0.315867692232132 0.315901666879654 0.315935641527176 0.315969586372375 0.316003561019897 0.316037535667419 0.31762507557869 0.319730490446091 0.321835905313492 0.323941320180893 0.326046735048294 0.328152149915695 0.330257564783096 0.33235165476799 0.334411770105362 0.336471885442734 0.338532000780106 0.340592116117477 0.342652231454849 0.344712346792221 0.346772462129593 0.346592098474503 0.345664918422699 0.344737708568573 0.343810528516769 0.342883318662643 0.34195613861084 0.341028958559036
0.315801173448563 0.316431730985641 0.317062318325043 0.317692905664444 0.318323463201523 0.318954050540924 0.319584637880325 0.318959206342697 0.317915081977844 0.316870987415314 0.315826892852783 0.31478276848793 0.3137386739254 0.312694579362869 0.311940014362335 0.312054187059402 0.312168329954147 0.312282502651215 0.31239664554596 0.312510818243027 0.312624961137772 0.312739104032516 0.314272701740265 0.31627944111824 0.318286180496216 0.320292919874191 0.322299659252167 0.324306428432465 0.32631316781044 0.328413158655167 0.330793023109436 0.333172887563705 0.335552722215652 0.337932586669922 0.340312421321869 0.342692285776138 0.345072150230408 0.34494212269783 0.343975454568863 0.343008816242218 0.342042148113251 0.341075509786606 0.340108871459961 0.339142203330994
0.316729933023453 0.316845595836639 0.316961258649826 0.317076921463013 0.317192584276199 0.317308247089386 0.317423909902573 0.316727668046951 0.315760761499405 0.314793884754181 0.313827008008957 0.312860131263733 0.311893224716187 0.310926347970963 0.310360103845596 0.310995787382126 0.311631470918655 0.312267184257507 0.312902867794037 0.313538551330566 0.314174234867096 0.314809918403625 0.316225498914719 0.317901045084 0.319576591253281 0.321252137422562 0.322927683591843 0.324603229761124 0.326278775930405 0.32811838388443 0.330450147390366 0.332781881093979 0.335113644599915 0.33744540810585 0.339777171611786 0.342108935117722 0.344440698623657 0.344325065612793 0.34339365363121 0.342462241649628 0.341530799865723 0.34059938788414 0.339667975902557 0.338736563920975
0.317658692598343 0.317259430885315 0.316860198974609 0.316460937261581 0.316061675548553 0.315662443637848 0.31526318192482 0.314496129751205 0.313606470823288 0.312716782093048 0.311827123165131 0.310937464237213 0.310047805309296 0.309158116579056 0.308780193328857 0.309937417507172 0.311094641685486 0.3122518658638 0.313409090042114 0.314566314220428 0.315723538398743 0.316880762577057 0.318178325891495 0.319522649049759 0.320867002010345 0.322211354970932 0.323555707931519 0.324900060892105 0.326244413852692 0.327823579311371 0.330107241868973 0.332390904426575 0.334674566984177 0.336958229541779 0.33924189209938 0.341525554656982 0.343809217214584 0.343708008527756 0.342811822891235 0.341915637254715 0.341019451618195 0.340123265981674 0.339227080345154 0.338330924510956
0.318587452173233 0.317673295736313 0.31675910949707 0.31584495306015 0.31493079662323 0.31401664018631 0.313102453947067 0.31226459145546 0.311452150344849 0.310639709234238 0.309827238321304 0.309014797210693 0.308202356100082 0.307389914989471 0.307200253009796 0.308879017829895 0.310557782649994 0.312236547470093 0.313915282487869 0.315594047307968 0.317272812128067 0.318951576948166 0.320131123065948 0.321144253015518 0.32215741276741 0.323170572519302 0.324183732271194 0.325196862220764 0.326210021972656 0.327528774738312 0.32976433634758 0.331999927759171 0.334235489368439 0.336471050977707 0.338706642389297 0.340942203998566 0.343177765607834 0.343090951442719 0.342230021953583 0.341369062662125 0.340508103370667 0.339647173881531 0.338786214590073 0.337925255298615
0.319516211748123 0.318087130784988 0.316658049821854 0.315228968858719 0.313799887895584 0.312370836734772 0.310941755771637 0.310033053159714 0.309297829866409 0.308562606573105 0.3078273832798 0.307092130184174 0.306356906890869 0.305621683597565 0.305620342493057 0.307820618152618 0.310020923614502 0.312221199274063 0.314421504735947 0.31662181019783 0.318822085857391 0.321022391319275 0.322083920240402 0.3227658867836 0.323447823524475 0.324129790067673 0.324811726808548 0.325493693351746 0.326175659894943 0.327233970165253 0.32942146062851 0.331608951091766 0.333796411752701 0.335983902215958 0.338171362876892 0.340358853340149 0.342546314001083 0.342473894357681 0.341648191213608 0.340822488069534 0.339996755123138 0.339171051979065 0.338345319032669 0.337519615888596
0.320444971323013 0.318500965833664 0.316556990146637 0.314612984657288 0.312669008970261 0.310725003480911 0.308781027793884 0.307801514863968 0.30714350938797 0.306485503911972 0.305827498435974 0.305169492959976 0.304511487483978 0.30385348200798 0.304040402173996 0.306762248277664 0.30948406457901 0.312205880880356 0.314927726984024 0.31764954328537 0.320371359586716 0.323093205690384 0.324036717414856 0.324387490749359 0.32473823428154 0.325089007616043 0.325439751148224 0.325790524482727 0.326141268014908 0.326939195394516 0.329078555107117 0.33121794462204 0.333357334136963 0.335496723651886 0.337636113166809 0.33977547287941 0.341914862394333 0.341856867074966 0.341066360473633 0.340275883674622 0.33948540687561 0.338694930076599 0.337904453277588 0.337113946676254
0.319068163633347 0.316706657409668 0.314345180988312 0.311983674764633 0.309622168540955 0.307260662317276 0.30489918589592 0.304020673036575 0.303636521100998 0.303252339363098 0.302868187427521 0.302484005689621 0.302099853754044 0.301715672016144 0.302149295806885 0.305036187171936 0.30792310833931 0.310809999704361 0.313696920871735 0.316583812236786 0.31947073340416 0.322357624769211 0.3233363032341 0.323678910732269 0.324021518230438 0.324364125728607 0.324706763029099 0.325049370527267 0.325391978025436 0.326144337654114 0.328126013278961 0.330107659101486 0.332089334726334 0.334071010351181 0.336052656173706 0.338034331798553 0.340016007423401 0.340024322271347 0.339374870061874 0.338725447654724 0.338075995445251 0.337426543235779 0.336777120828629 0.336127668619156
0.315385818481445 0.312704235315323 0.310022622346878 0.307341009378433 0.304659396409988 0.301977783441544 0.299296170473099 0.298690497875214 0.298776805400848 0.298863112926483 0.298949420452118 0.299035727977753 0.299122035503387 0.299208343029022 0.299946933984756 0.302642464637756 0.305337995290756 0.308033525943756 0.310729086399078 0.313424617052078 0.316120147705078 0.318815678358078 0.319982677698135 0.320640206336975 0.321297705173492 0.32195520401001 0.32261273264885 0.323270231485367 0.323927730321884 0.324849456548691 0.326563775539398 0.328278094530106 0.329992413520813 0.33170673251152 0.333421051502228 0.335135370492935 0.336849689483643 0.336976319551468 0.336573719978333 0.336171120405197 0.335768520832062 0.335365921258926 0.334963321685791 0.334560722112656
0.311703503131866 0.308701783418655 0.305700063705444 0.302698343992233 0.299696624279022 0.296694904565811 0.2936931848526 0.293360352516174 0.293917119503021 0.294473886489868 0.295030653476715 0.295587450265884 0.296144217252731 0.296700984239578 0.297744601964951 0.300248771905899 0.302752912044525 0.305257081985474 0.3077612221241 0.310265392065048 0.312769562005997 0.315273702144623 0.31662905216217 0.317601472139359 0.318573892116547 0.319546282291412 0.3205187022686 0.321491122245789 0.322463512420654 0.323554575443268 0.325001537799835 0.326448529958725 0.327895492315292 0.32934245467186 0.33078944683075 0.332236409187317 0.333683371543884 0.333928316831589 0.333772569894791 0.333616822957993 0.333461046218872 0.333305299282074 0.333149552345276 0.332993805408478
0.308021157979965 0.304699331521988 0.301377505064011 0.298055678606033 0.294733852148056 0.291412025690079 0.288090199232101 0.288030177354813 0.289057433605194 0.290084660053253 0.291111916303635 0.292139142751694 0.293166399002075 0.294193625450134 0.295542269945145 0.297855049371719 0.300167828798294 0.302480608224869 0.304793387651443 0.307106196880341 0.309418976306915 0.31173175573349 0.313275426626205 0.314562737941742 0.315850049257278 0.317137360572815 0.318424671888351 0.319711983203888 0.320999294519424 0.322259694337845 0.323439300060272 0.324618935585022 0.325798571109772 0.326978206634521 0.328157812356949 0.329337447881699 0.330517083406448 0.33088031411171 0.330971390008926 0.331062495708466 0.331153601408005 0.331244677305222 0.331335783004761 0.331426858901978
0.304338812828064 0.30069687962532 0.297054946422577 0.293413013219833 0.28977108001709 0.286129146814346 0.282487213611603 0.282700031995773 0.284197717905045 0.285695433616638 0.287193149328232 0.288690865039825 0.290188580751419 0.29168626666069 0.293339908123016 0.29546132683754 0.297582745552063 0.299704164266586 0.301825553178787 0.303946971893311 0.306068390607834 0.308189809322357 0.30992180109024 0.311524033546448 0.313126236200333 0.314728438854218 0.316330641508102 0.31793287396431 0.319535076618195 0.320964813232422 0.321877092123032 0.322789371013641 0.323701649904251 0.324613928794861 0.325526207685471 0.32643848657608 0.32735076546669 0.32783231139183 0.328170239925385 0.328508168458939 0.328846126794815 0.329184055328369 0.329521983861923 0.3298599421978
0.300656467676163 0.296694427728653 0.292732387781143 0.288770347833633 0.284808307886124 0.280846267938614 0.276884227991104 0.277369856834412 0.279338032007217 0.281306207180023 0.283274382352829 0.285242557525635 0.287210762500763 0.289178937673569 0.29113757610321 0.29306760430336 0.294997662305832 0.296927690505981 0.298857718706131 0.300787776708603 0.302717804908752 0.304647833108902 0.306568175554276 0.308485299348831 0.310402423143387 0.31231951713562 0.314236640930176 0.316153734922409 0.318070858716965 0.319669902324677 0.320314854383469 0.320959776639938 0.32160472869873 0.3222496509552 0.322894603013992 0.323539525270462 0.324184477329254 0.324784308671951 0.325369089841843 0.325953871011734 0.326538652181625 0.327123433351517 0.327708214521408 0.328292995691299
0.298784255981445 0.294978559017181 0.291172862052917 0.287367165088654 0.283561438322067 0.279755741357803 0.275950044393539 0.276383846998215 0.278230786323547 0.28007772564888 0.281924664974213 0.283771604299545 0.2856185734272 0.287465512752533 0.289323836565018 0.291216284036636 0.293108731508255 0.295001178979874 0.296893626451492 0.298786073923111 0.30067852139473 0.302570998668671 0.304579108953476 0.306625813245773 0.308672517538071 0.310719192028046 0.312765896320343 0.31481260061264 0.316859304904938 0.318521440029144 0.31903001666069 0.319538593292236 0.32004714012146 0.320555716753006 0.32106426358223 0.321572840213776 0.322081387042999 0.322898536920547 0.323818534612656 0.324738532304764 0.325658529996872 0.32657852768898 0.327498525381088 0.328418523073196
0.298722147941589 0.295549243688583 0.292376339435577 0.289203405380249 0.286030501127243 0.282857596874237 0.279684662818909 0.279741942882538 0.280875951051712 0.282009959220886 0.28314396739006 0.284277975559235 0.285411983728409 0.286545991897583 0.287898689508438 0.289907336235046 0.291915982961655 0.293924629688263 0.295933276414871 0.29794192314148 0.299950569868088 0.301959216594696 0.303954601287842 0.305945575237274 0.307936549186707 0.309927493333817 0.311918467283249 0.313909441232681 0.315900415182114 0.317519426345825 0.318022578954697 0.318525731563568 0.319028913974762 0.319532066583633 0.320035219192505 0.320538371801376 0.321041524410248 0.322175025939941 0.323518604040146 0.32486218214035 0.326205760240555 0.327549338340759 0.328892916440964 0.330236494541168
0.298660069704056 0.296119928359985 0.293579816818237 0.291039675474167 0.288499563932419 0.285959422588348 0.283419281244278 0.283100068569183 0.283521145582199 0.283942222595215 0.284363299608231 0.284784376621246 0.28520542383194 0.285626500844955 0.286473512649536 0.288598358631134 0.290723204612732 0.29284805059433 0.294972896575928 0.297097742557526 0.299222588539124 0.301347434520721 0.303330093622208 0.305265337228775 0.30720055103302 0.309135794639587 0.311071038246155 0.313006281852722 0.31494152545929 0.316517382860184 0.317015141248703 0.317512899637222 0.318010658025742 0.318508416414261 0.31900617480278 0.319503933191299 0.320001691579819 0.321451485157013 0.323218673467636 0.324985831975937 0.326752990484238 0.328520148992538 0.330287307500839 0.332054495811462
0.2985979616642 0.296690613031387 0.294783294200897 0.292875945568085 0.290968596935272 0.28906124830246 0.28715392947197 0.286458194255829 0.286166310310364 0.285874456167221 0.285582602024078 0.285290747880936 0.284998863935471 0.284707009792328 0.285048365592957 0.287289410829544 0.289530456066132 0.291771501302719 0.294012546539307 0.296253591775894 0.298494637012482 0.300735682249069 0.302705585956573 0.304585069417953 0.306464582681656 0.308344095945358 0.310223609209061 0.312103122472763 0.313982635736465 0.315515339374542 0.316007703542709 0.316500067710876 0.316992402076721 0.317484766244888 0.317977130413055 0.3184694647789 0.318961828947067 0.320727974176407 0.322918713092804 0.325109481811523 0.327300220727921 0.329490959644318 0.331681728363037 0.333872467279434
