resources/Exp000_Example-Run/Run01_M2/TimeSeries/1995/model_set/cldtot_avg.asc
NCOLS 265 
NROWS 230 
XLLCORNER -115.5625 
YLLCORNER 24.8333333333333 
CELLSIZE 0.0833333333333333 
NODATA_value -9999 
[rows 20 to 39 of 230, columns 220 to 263 of 265]
0.476551055908203 0.476512730121613 0.4764743745327 0.476436018943787 0.4764564037323 0.476653009653091 0.476849615573883 0.477046221494675 0.477242797613144 0.477439403533936 0.477636009454727 0.477832615375519 0.478382289409637 0.479049682617188 0.479717075824738 0.480384469032288 0.481051862239838 0.481719255447388 0.482386648654938 0.482985824346542 0.483380377292633 0.483774930238724 0.484169483184814 0.484564036130905 0.484958589076996 0.485353142023087 0.485747694969177 0.485978990793228 0.486155837774277 0.486332684755325 0.486509561538696 0.486686408519745 0.486863255500793 0.487040132284164 0.487309962511063 0.487858772277832 0.488407582044601 0.488956391811371 0.48950520157814 0.49005401134491 0.490602821111679 0.491151630878448 0.49160447716713 0.492025285959244
0.475597023963928 0.475674539804459 0.475752055644989 0.475829571485519 0.475922614336014 0.476062327623367 0.476202040910721 0.476341754198074 0.476481437683105 0.476621150970459 0.476760864257812 0.476900577545166 0.477438539266586 0.478109240531921 0.478779971599579 0.479450672864914 0.480121374130249 0.480792105197906 0.481462806463242 0.482064962387085 0.482461452484131 0.482857972383499 0.483254462480545 0.483650952577591 0.484047472476959 0.484443962574005 0.484840452671051 0.485047578811646 0.4851915538311 0.485335528850555 0.48547950387001 0.485623508691788 0.485767483711243 0.485911458730698 0.486150234937668 0.486673384904861 0.487196534872055 0.487719684839249 0.488242834806442 0.488765984773636 0.489289134740829 0.489812284708023 0.49024298787117 0.490642845630646
0.474642992019653 0.474836379289627 0.475029736757278 0.47522309422493 0.475388824939728 0.475471645593643 0.475554466247559 0.475637286901474 0.475720107555389 0.475802898406982 0.475885719060898 0.475968539714813 0.476494759321213 0.477168798446655 0.477842837572098 0.47851687669754 0.479190915822983 0.479864954948425 0.480538994073868 0.48114413022995 0.481542557477951 0.481941014528275 0.482339441776276 0.482737898826599 0.4831363260746 0.483534783124924 0.483933210372925 0.484116166830063 0.484227269887924 0.484338372945786 0.484449476003647 0.484560579061508 0.484671711921692 0.484782814979553 0.484990507364273 0.485487997531891 0.485985487699509 0.486482977867126 0.486980468034744 0.487477958202362 0.48797544836998 0.488472938537598 0.488881498575211 0.48926043510437
0.473688960075378 0.473998188972473 0.474307417869568 0.474616646766663 0.474855035543442 0.474880963563919 0.474906891584396 0.474932819604874 0.474958747625351 0.474984645843506 0.475010573863983 0.47503650188446 0.475551009178162 0.476228356361389 0.476905733346939 0.477583080530167 0.478260427713394 0.478937804698944 0.479615151882172 0.480223268270493 0.480623662471771 0.48102405667305 0.481424421072006 0.481824815273285 0.482225209474564 0.48262557387352 0.483025968074799 0.48318475484848 0.483262985944748 0.483341217041016 0.483419448137283 0.483497679233551 0.483575910329819 0.483654141426086 0.483830779790878 0.48430261015892 0.484774440526962 0.485246270895004 0.485718101263046 0.486189931631088 0.48666176199913 0.487133592367172 0.487520039081573 0.487877994775772
0.472508549690247 0.472888767719269 0.473268985748291 0.473649233579636 0.47393923997879 0.473958522081375 0.47397780418396 0.473997116088867 0.474016398191452 0.474035680294037 0.474054992198944 0.474074274301529 0.474584341049194 0.475257962942123 0.475931614637375 0.476605236530304 0.477278888225555 0.477952510118484 0.478626161813736 0.479239881038666 0.479673802852631 0.480107754468918 0.480541706085205 0.48097562789917 0.481409579515457 0.481843531131744 0.482277452945709 0.482438892126083 0.48250949382782 0.482580125331879 0.482650727033615 0.482721328735352 0.482791930437088 0.482862532138824 0.483023375272751 0.483454972505569 0.483886569738388 0.484318137168884 0.484749734401703 0.485181331634521 0.485612899065018 0.486044496297836 0.486402422189713 0.486735761165619
0.471101701259613 0.471508085727692 0.47191447019577 0.472320854663849 0.472641378641129 0.472704291343689 0.472767233848572 0.472830146551132 0.472893089056015 0.472956001758575 0.473018944263458 0.473081856966019 0.473594754934311 0.474257618188858 0.474920481443405 0.475583374500275 0.476246237754822 0.476909101009369 0.477571964263916 0.478193908929825 0.478693008422852 0.479192137718201 0.479691237211227 0.480190336704254 0.480689465999603 0.48118856549263 0.481687664985657 0.481878608465195 0.481966853141785 0.482055068016052 0.48214328289032 0.482231497764587 0.482319742441177 0.482407957315445 0.482568293809891 0.482945054769516 0.483321815729141 0.483698576688766 0.484075337648392 0.484452098608017 0.484828859567642 0.485205620527267 0.485528647899628 0.48583373427391
0.46969485282898 0.470127403736115 0.470559924840927 0.470992475748062 0.471343517303467 0.471450090408325 0.471556633710861 0.47166320681572 0.471769779920578 0.471876323223114 0.471982896327972 0.472089469432831 0.472605168819427 0.473257273435593 0.473909378051758 0.474561482667923 0.475213587284088 0.475865691900253 0.476517796516418 0.477147936820984 0.477712213993073 0.478276491165161 0.47884076833725 0.479405045509338 0.479969322681427 0.480533629655838 0.481097906827927 0.481318354606628 0.481424182653427 0.481530010700226 0.481635868549347 0.481741696596146 0.481847524642944 0.481953382492065 0.482113242149353 0.482435166835785 0.482757091522217 0.483079016208649 0.483400970697403 0.483722895383835 0.484044820070267 0.484366774559021 0.484654873609543 0.48493167757988
0.468288004398346 0.468746691942215 0.469205409288406 0.469664096832275 0.470045685768127 0.470195859670639 0.470346063375473 0.470496267080307 0.470646440982819 0.470796644687653 0.470946848392487 0.471097052097321 0.471615582704544 0.472256928682327 0.47289827466011 0.473539590835571 0.474180936813354 0.474822282791138 0.475463628768921 0.476101994514465 0.476731419563293 0.477360874414444 0.477990329265594 0.478619754314423 0.479249209165573 0.479878664016724 0.480508118867874 0.48075807094574 0.48088151216507 0.481004983186722 0.481128424406052 0.481251865625381 0.481375336647034 0.481498777866364 0.481658160686493 0.481925249099731 0.482192367315292 0.482459485530853 0.482726573944092 0.482993692159653 0.483260780572891 0.483527898788452 0.483781099319458 0.484029620885849
0.466881155967712 0.467366009950638 0.467850863933563 0.468335717916489 0.468747824430466 0.468941658735275 0.469135493040085 0.469329297542572 0.469523131847382 0.469716966152191 0.469910800457001 0.47010463476181 0.470626026391983 0.471256583929062 0.471887141466141 0.472517728805542 0.473148286342621 0.473778873682022 0.474409431219101 0.475056022405624 0.475750625133514 0.476445257663727 0.477139860391617 0.477834492921829 0.478529095649719 0.479223698377609 0.479918330907822 0.480197787284851 0.480338841676712 0.480479925870895 0.480620980262756 0.48076206445694 0.480903118848801 0.481044203042984 0.481203079223633 0.481415361166 0.481627643108368 0.481839925050735 0.482052206993103 0.482264488935471 0.482476770877838 0.482689052820206 0.482907325029373 0.483127593994141
0.465474307537079 0.465985327959061 0.466496348381042 0.467007339000702 0.467449963092804 0.467687427997589 0.467924892902374 0.468162357807159 0.468399822711945 0.46863728761673 0.468874752521515 0.4691122174263 0.4696364402771 0.470256239175797 0.470876038074493 0.47149583697319 0.472115635871887 0.472735464572906 0.473355263471603 0.474010050296783 0.474769830703735 0.475529611110687 0.476289421319962 0.477049201726913 0.477808982133865 0.478568762540817 0.479328542947769 0.479637503623962 0.479796200990677 0.479954868555069 0.480113565921783 0.480272233486176 0.48043093085289 0.480589628219604 0.480747997760773 0.480905443429947 0.481062889099121 0.481220364570618 0.481377810239792 0.481535255908966 0.481692731380463 0.481850177049637 0.482033550739288 0.48222553730011
0.46407487988472 0.464579939842224 0.465084999799728 0.465590059757233 0.466038018465042 0.466314643621445 0.466591268777847 0.46686789393425 0.467144519090652 0.467421144247055 0.467697769403458 0.46797439455986 0.468511134386063 0.469134628772736 0.469758123159409 0.470381587743759 0.471005082130432 0.471628576517105 0.472252041101456 0.472920000553131 0.473721385002136 0.474522769451141 0.475324124097824 0.476125508546829 0.476926892995834 0.47772827744484 0.478529632091522 0.478890717029572 0.479104995727539 0.479319274425507 0.479533553123474 0.479747861623764 0.479962140321732 0.480176419019699 0.480369329452515 0.480498105287552 0.480626881122589 0.480755656957626 0.480884462594986 0.481013238430023 0.48114201426506 0.481270790100098 0.481436848640442 0.481615334749222
0.462682843208313 0.463149875402451 0.463616877794266 0.464083880186081 0.464511960744858 0.46482327580452 0.465134561061859 0.465445876121521 0.465757191181183 0.466068506240845 0.466379821300507 0.466691136360168 0.467250168323517 0.467891752719879 0.468533366918564 0.469174981117249 0.469816595315933 0.470458179712296 0.47109979391098 0.471785843372345 0.472605258226395 0.473424643278122 0.474244028329849 0.475063443183899 0.475882828235626 0.476702243089676 0.477521628141403 0.477957367897034 0.478265255689621 0.478573113679886 0.478881001472473 0.479188859462738 0.479496747255325 0.47980460524559 0.480067074298859 0.480193346738815 0.48031958937645 0.480445861816406 0.48057210445404 0.480698376893997 0.480824619531631 0.480950891971588 0.481117248535156 0.481296956539154
0.461290836334229 0.461719781160355 0.462148725986481 0.462577670812607 0.462985903024673 0.463331878185272 0.463677883148193 0.464023888111115 0.464369863271713 0.464715868234634 0.465061873197556 0.465407878160477 0.465989172458649 0.466648906469345 0.467308640480042 0.467968344688416 0.468628078699112 0.469287812709808 0.469947546720505 0.470651715993881 0.471489131450653 0.472326546907425 0.473163962364197 0.474001377820969 0.474838763475418 0.47567617893219 0.476513594388962 0.477024048566818 0.477425515651703 0.477826982736588 0.47822842001915 0.478629887104034 0.479031354188919 0.479432821273804 0.479764848947525 0.479888588190079 0.48001229763031 0.480136036872864 0.480259776115417 0.480383515357971 0.480507254600525 0.480630993843079 0.480797648429871 0.480978608131409
0.459898799657822 0.460289686918259 0.460680603981018 0.461071491241455 0.461459815502167 0.461840510368347 0.462221205234528 0.462601870298386 0.462982565164566 0.463363230228424 0.463743925094604 0.464124619960785 0.46472817659378 0.465406030416489 0.466083884239197 0.466761738061905 0.467439591884613 0.468117445707321 0.468795299530029 0.469517558813095 0.470373004674911 0.471228420734406 0.472083866596222 0.472939282655716 0.473794728517532 0.474650144577026 0.475505590438843 0.476090729236603 0.476585775613785 0.477080821990967 0.477575868368149 0.478070914745331 0.478565961122513 0.479061007499695 0.479462593793869 0.47958379983902 0.479705005884171 0.479826241731644 0.479947447776794 0.480068653821945 0.480189859867096 0.480311095714569 0.480478048324585 0.480660229921341
0.458506762981415 0.458859622478485 0.459212452173233 0.459565281867981 0.459933757781982 0.460349142551422 0.460764497518539 0.461179882287979 0.461595237255096 0.462010622024536 0.462425976991653 0.462841361761093 0.463467180728912 0.464163154363632 0.464859127998352 0.465555131435394 0.466251105070114 0.466947078704834 0.467643052339554 0.468383401632309 0.469256848096848 0.470130324363708 0.471003770828247 0.471877217292786 0.472750663757324 0.473624110221863 0.474497556686401 0.475157409906387 0.475746035575867 0.476334661245346 0.476923316717148 0.477511942386627 0.478100568056107 0.478689193725586 0.479160338640213 0.479279041290283 0.479397743940353 0.479516416788101 0.479635119438171 0.479753792285919 0.479872494935989 0.479991167783737 0.480158418416977 0.480341881513596
0.45711475610733 0.457429528236389 0.457744300365448 0.458059102296829 0.458407700061798 0.458857744932175 0.459307819604874 0.45975786447525 0.460207909345627 0.460657984018326 0.461108028888702 0.461558103561401 0.462206184864044 0.462920278310776 0.46363440155983 0.464348495006561 0.465062618255615 0.465776711702347 0.466490805149078 0.467249274253845 0.468140721321106 0.469032198190689 0.469923675060272 0.470815151929855 0.471706598997116 0.472598075866699 0.473489552736282 0.474224090576172 0.474906295537949 0.475588530302048 0.476270735263824 0.476952970027924 0.4776351749897 0.478317409753799 0.478858113288879 0.478974282741547 0.479090452194214 0.479206591844559 0.479322761297226 0.479438930749893 0.47955510020256 0.479671269655228 0.479838818311691 0.480023503303528
0.455667078495026 0.45599776506424 0.456328481435776 0.45665916800499 0.457032322883606 0.45753288269043 0.458033442497253 0.458534002304077 0.459034562110901 0.459535151720047 0.460035711526871 0.460536271333694 0.461190581321716 0.461896151304245 0.462601721286774 0.46330726146698 0.464012831449509 0.464718401432037 0.465423971414566 0.466178745031357 0.467081218957901 0.467983692884445 0.468886137008667 0.469788610935211 0.470691084861755 0.4715935587883 0.472496002912521 0.473266750574112 0.473993569612503 0.474720388650894 0.475447207689285 0.476174026727676 0.476900845766068 0.477627694606781 0.478205442428589 0.478335946798325 0.47846645116806 0.478596985340118 0.478727489709854 0.47885799407959 0.478988528251648 0.479119032621384 0.47931706905365 0.479537636041641
0.454163789749146 0.454564362764359 0.454964905977249 0.455365478992462 0.455807596445084 0.456374496221542 0.456941395998001 0.45750829577446 0.458075195550919 0.458642095327377 0.459208995103836 0.459775894880295 0.460420370101929 0.461090743541718 0.461761087179184 0.46243143081665 0.463101804256439 0.463772147893906 0.464442521333694 0.465171903371811 0.466078341007233 0.466984778642654 0.467891216278076 0.468797624111176 0.469704061746597 0.470610499382019 0.471516937017441 0.472285389900208 0.473007827997208 0.473730266094208 0.47445273399353 0.47517517209053 0.47589761018753 0.476620048284531 0.477202326059341 0.477364063262939 0.477525800466537 0.477687507867813 0.477849245071411 0.478010982275009 0.478172719478607 0.478334456682205 0.478593200445175 0.478884279727936
0.452660501003265 0.453130930662155 0.453601360321045 0.454071789979935 0.454582899808884 0.455216139554977 0.455849349498749 0.456482589244843 0.457115799188614 0.457749038934708 0.458382278680801 0.459015488624573 0.459650158882141 0.460285305976868 0.460920453071594 0.461555600166321 0.46219077706337 0.462825924158096 0.463461071252823 0.464165031909943 0.465075433254242 0.465985834598541 0.466896265745163 0.467806667089462 0.468717068433762 0.469627469778061 0.47053787112236 0.471304029226303 0.472022086381912 0.472740173339844 0.473458230495453 0.474176287651062 0.474894374608994 0.475612431764603 0.476199209690094 0.476392179727554 0.476585119962692 0.47677806019783 0.476971000432968 0.477163970470428 0.477356910705566 0.477549850940704 0.477869302034378 0.478230893611908
0.451157182455063 0.451697498559952 0.452237784862518 0.452778100967407 0.453358203172684 0.45405775308609 0.454757302999496 0.455456882715225 0.456156432628632 0.456855982542038 0.457555532455444 0.458255112171173 0.458879947662354 0.45947989821434 0.460079848766327 0.460679769515991 0.461279720067978 0.461879670619965 0.462479621171951 0.463158160448074 0.464072555303574 0.46498692035675 0.46590131521225 0.466815680265427 0.467730045318604 0.468644440174103 0.46955880522728 0.470322668552399 0.471036374568939 0.471750050783157 0.472463726997375 0.473177433013916 0.473891109228134 0.474604815244675 0.475196123123169 0.475420266389847 0.475644439458847 0.475868612527847 0.476092785596848 0.476316928863525 0.476541101932526 0.476765275001526 0.477145403623581 0.477577537298203
