resources/Exp000_Example-Run/Run01_M2/TimeSeries/1995/model_set/cldtot_avg.asc
NCOLS 265 
NROWS 230 
XLLCORNER -115.5625 
YLLCORNER 24.8333333333333 
CELLSIZE 0.0833333333333333 
NODATA_value -9999 
[rows 140 to 159 of 230, columns 88 to 131 of 265]
0.32317516207695 0.323295176029205 0.322166293859482 0.321037411689758 0.319908529520035 0.318779647350311 0.317650765180588 0.316521883010864 0.315392971038818 0.315468072891235 0.315944522619247 0.316420942544937 0.316897362470627 0.317373782396317 0.317850232124329 0.318326652050018 0.318359881639481 0.317063480615616 0.315767109394073 0.314470738172531 0.313174337148666 0.311877965927124 0.310581564903259 0.309285193681717 0.310442090034485 0.312416732311249 0.314391404390335 0.316366046667099 0.318340718746185 0.320315361022949 0.322290003299713 0.323617517948151 0.323003530502319 0.32238957285881 0.321775585412979 0.321161597967148 0.320547640323639 0.319933652877808 0.319319695234299 0.318719565868378 0.318124055862427 0.317528575658798 0.316933065652847 0.316337585449219
0.322086483240128 0.322210788726807 0.321053057909012 0.319895297288895 0.318737536668777 0.31757977604866 0.316422015428543 0.315264254808426 0.314106494188309 0.314324826002121 0.315001845359802 0.315678894519806 0.316355913877487 0.317032933235168 0.31770995259285 0.318386971950531 0.318548560142517 0.317163705825806 0.315778881311417 0.314394056797028 0.313009202480316 0.311624377965927 0.310239553451538 0.308854728937149 0.309928804636002 0.311822563409805 0.313716292381287 0.315610021352768 0.317503780126572 0.319397509098053 0.321291238069534 0.322556644678116 0.321936964988708 0.321317315101624 0.320697665214539 0.320077985525131 0.319458335638046 0.318838655948639 0.318219006061554 0.317741215229034 0.317310720682144 0.316880226135254 0.316449731588364 0.316019237041473
0.320997774600983 0.32112643122673 0.31993979215622 0.318753182888031 0.31756654381752 0.316379904747009 0.315193295478821 0.31400665640831 0.312820017337799 0.313181579113007 0.314059197902679 0.314936816692352 0.315814435482025 0.31669208407402 0.317569702863693 0.318447321653366 0.318737208843231 0.317263931035995 0.31579065322876 0.314317375421524 0.312844097614288 0.311370819807053 0.309897512197495 0.308424234390259 0.309415549039841 0.311228364706039 0.313041180372238 0.314854025840759 0.316666841506958 0.318479657173157 0.320292502641678 0.321495771408081 0.32087042927742 0.320245057344437 0.319619715213776 0.318994373083115 0.318369030952454 0.317743688821793 0.317118316888809 0.316762864589691 0.316497385501862 0.316231906414032 0.31596639752388 0.31570091843605
0.31990909576416 0.320042043924332 0.31882655620575 0.317611038684845 0.316395550966263 0.315180033445358 0.313964545726776 0.312749058008194 0.311533540487289 0.312038332223892 0.313116550445557 0.314194768667221 0.315272986888885 0.31635120511055 0.317429423332214 0.318507641553879 0.318925887346268 0.317364156246185 0.315802425146103 0.31424069404602 0.312678962945938 0.311117231845856 0.309555500745773 0.307993769645691 0.308902263641357 0.310634166002274 0.312366098165512 0.314098000526428 0.315829902887344 0.31756180524826 0.319293737411499 0.320434898138046 0.319803863763809 0.319172829389572 0.318541795015335 0.317910760641098 0.317279726266861 0.316648691892624 0.316017657518387 0.315784513950348 0.315684050321579 0.315583556890488 0.315483063459396 0.315382599830627
0.319742113351822 0.319781631231308 0.318540543317795 0.317299425601959 0.316058307886124 0.31481721997261 0.313576102256775 0.312335014343262 0.311093896627426 0.311609447002411 0.312710523605347 0.313811600208282 0.314912676811218 0.316013783216476 0.317114859819412 0.318215936422348 0.318664491176605 0.317155361175537 0.315646260976791 0.314137160778046 0.3126280605793 0.311118960380554 0.309609830379486 0.30810073018074 0.308932602405548 0.310544788837433 0.312156975269318 0.313769161701202 0.31538137793541 0.316993564367294 0.318605750799179 0.319670230150223 0.319091618061066 0.318512976169586 0.317934364080429 0.31735572218895 0.316777110099792 0.316198468208313 0.315619856119156 0.315456867218018 0.31543242931366 0.315407991409302 0.315383553504944 0.315359115600586
0.320496827363968 0.320345193147659 0.319081753492355 0.317818313837051 0.316554874181747 0.315291434526443 0.31402799487114 0.312764555215836 0.311501115560532 0.31189489364624 0.31284111738205 0.313787341117859 0.314733535051346 0.315679758787155 0.316625982522964 0.317572176456451 0.317952990531921 0.316637575626373 0.315322190523148 0.3140067756176 0.312691360712051 0.311375975608826 0.310060560703278 0.30874514579773 0.309506565332413 0.310960233211517 0.3124138712883 0.313867539167404 0.315321207046509 0.316774874925613 0.318228542804718 0.319201767444611 0.318733632564545 0.318265527486801 0.317797392606735 0.317329287528992 0.316861182451248 0.316393047571182 0.315924942493439 0.315779894590378 0.315742522478104 0.315705180168152 0.315667808055878 0.315630465745926
0.321251571178436 0.320908725261688 0.319622933864594 0.318337172269821 0.317051410675049 0.315765619277954 0.314479857683182 0.313194066286087 0.311908304691315 0.312180370092392 0.312971711158752 0.313763052225113 0.314554393291473 0.315345734357834 0.316137075424194 0.316928416490555 0.31724151968956 0.31611979007721 0.314998090267181 0.313876390457153 0.312754690647125 0.311632990837097 0.310511291027069 0.309389591217041 0.310080498456955 0.311375647783279 0.312670767307281 0.313965916633606 0.31526106595993 0.316556185483932 0.317851334810257 0.318733274936676 0.318375676870346 0.318018078804016 0.317660450935364 0.317302852869034 0.316945254802704 0.316587626934052 0.316230028867722 0.316102921962738 0.31605264544487 0.316002368927002 0.315952092409134 0.315901815891266
0.322006314992905 0.321472257375717 0.320164144039154 0.318856030702591 0.31754794716835 0.316239833831787 0.314931720495224 0.313623607158661 0.312315493822098 0.312465816736221 0.313102304935455 0.313738763332367 0.314375251531601 0.315011709928513 0.315648198127747 0.316284656524658 0.316530019044876 0.315602034330368 0.314674019813538 0.313746005296707 0.312818020582199 0.311890006065369 0.310961991548538 0.31003400683403 0.31065446138382 0.311791062355042 0.312927693128586 0.314064294099808 0.31520089507103 0.316337525844574 0.317474126815796 0.318264812231064 0.318017721176147 0.317770600318909 0.317523509263992 0.317276418209076 0.317029297351837 0.316782206296921 0.316535115242004 0.316425949335098 0.316362738609314 0.316299557685852 0.31623637676239 0.316173195838928
0.322761058807373 0.322035789489746 0.320705354213715 0.319374918937683 0.318044483661652 0.316714018583298 0.315383583307266 0.314053148031235 0.312722712755203 0.312751293182373 0.313232898712158 0.313714504241943 0.314196109771729 0.314677715301514 0.315159320831299 0.315640926361084 0.315818548202515 0.315084248781204 0.314349919557571 0.313615620136261 0.312881320714951 0.31214702129364 0.31141272187233 0.310678422451019 0.311228394508362 0.312206476926804 0.313184589147568 0.31416267156601 0.315140753984451 0.316118836402893 0.317096918821335 0.317796349525452 0.317659735679626 0.317523151636124 0.317386567592621 0.317249983549118 0.317113369703293 0.31697678565979 0.316840201616287 0.316748976707458 0.31667286157608 0.316596746444702 0.316520661115646 0.316444545984268
0.323515772819519 0.322599351406097 0.321246564388275 0.319893777370453 0.318541020154953 0.317188233137131 0.315835446119308 0.314482688903809 0.313129901885986 0.313036769628525 0.313363492488861 0.313690215349197 0.314016968011856 0.314343690872192 0.314670413732529 0.314997166395187 0.315107047557831 0.31456646323204 0.314025849103928 0.313485234975815 0.312944650650024 0.312404036521912 0.311863452196121 0.311322838068008 0.311802357435226 0.312621921300888 0.31344148516655 0.314261049032211 0.315080583095551 0.315900146961212 0.316719710826874 0.317327857017517 0.317301779985428 0.317275702953339 0.317249625921249 0.317223519086838 0.317197442054749 0.317171365022659 0.31714528799057 0.317072004079819 0.316982954740524 0.316893935203552 0.31680491566658 0.316715896129608
0.323797881603241 0.322805762290955 0.321586102247238 0.320366412401199 0.319146752357483 0.317927092313766 0.31670743227005 0.315487772226334 0.314268082380295 0.314018219709396 0.31409165263176 0.314165055751801 0.314238458871841 0.314311891794205 0.314385294914246 0.314458698034286 0.314443171024323 0.314160823822021 0.313878446817398 0.313596099615097 0.313313722610474 0.313031375408173 0.312749028205872 0.312466651201248 0.312881678342819 0.313529133796692 0.314176589250565 0.31482407450676 0.315471529960632 0.316119015216827 0.3167664706707 0.317267805337906 0.317330777645111 0.317393749952316 0.317456752061844 0.317519724369049 0.317582696676254 0.31764566898346 0.317708641290665 0.317695558071136 0.317657142877579 0.317618697881699 0.317580282688141 0.317541837692261
0.323607325553894 0.32265505194664 0.321723937988281 0.320792824029922 0.319861710071564 0.318930596113205 0.317999511957169 0.31706839799881 0.316137284040451 0.315695732831955 0.315417379140854 0.31513899564743 0.314860641956329 0.314582288265228 0.314303934574127 0.314025580883026 0.31382691860199 0.313867330551147 0.313907742500305 0.313948184251785 0.313988596200943 0.314029037952423 0.314069449901581 0.314109861850739 0.314466327428818 0.314928144216537 0.315389961004257 0.315851747989655 0.316313564777374 0.316775381565094 0.317237168550491 0.317616194486618 0.317746758460999 0.317877352237701 0.318007916212082 0.318138509988785 0.318269103765488 0.318399667739868 0.318530261516571 0.318619668483734 0.318695336580276 0.318771034479141 0.318846702575684 0.318922370672226
0.323416769504547 0.322504341602325 0.321861803531647 0.321219235658646 0.320576667785645 0.319934129714966 0.319291561841965 0.318649023771286 0.318006455898285 0.317373216152191 0.316743105649948 0.316112965345383 0.315482825040817 0.314852684736252 0.314222574234009 0.313592433929443 0.313210636377335 0.313573837280273 0.313937038183212 0.314300268888474 0.314663469791412 0.315026670694351 0.31538987159729 0.315753102302551 0.316051006317139 0.316327154636383 0.316603302955627 0.316879451274872 0.317155599594116 0.317431747913361 0.317707896232605 0.317964553833008 0.318162739276886 0.318360924720764 0.318559110164642 0.31875729560852 0.318955510854721 0.319153696298599 0.319351881742477 0.319543778896332 0.319733560085297 0.319923341274261 0.320113122463226 0.320302933454514
0.3232262134552 0.322353631258011 0.32199963927269 0.321645647287369 0.321291625499725 0.320937633514404 0.320583641529083 0.320229649543762 0.319875657558441 0.31905072927475 0.31806880235672 0.317086905241013 0.316105008125305 0.315123111009598 0.314141184091568 0.313159286975861 0.312594354152679 0.313280344009399 0.313966363668442 0.314652353525162 0.315338343381882 0.316024333238602 0.316710323095322 0.317396312952042 0.31763568520546 0.317726165056229 0.317816644906998 0.317907154560089 0.317997634410858 0.318088114261627 0.318178594112396 0.318312913179398 0.318578720092773 0.318844527006149 0.319110304117203 0.319376111030579 0.319641917943954 0.319907695055008 0.320173501968384 0.320467859506607 0.320771753787994 0.321075677871704 0.321379572153091 0.321683466434479
0.323035657405853 0.322202920913696 0.322137475013733 0.32207202911377 0.322006613016129 0.321941167116165 0.321875721216202 0.321810275316238 0.321744829416275 0.320728212594986 0.319394528865814 0.318060845136642 0.316727191209793 0.315393507480621 0.31405982375145 0.3127261698246 0.311978101730347 0.312986880540848 0.313995659351349 0.31500443816185 0.316013187170029 0.31702196598053 0.318030744791031 0.319039523601532 0.319220334291458 0.319125175476074 0.31903001666069 0.318934828042984 0.3188396692276 0.318744480609894 0.31864932179451 0.31866130232811 0.318994700908661 0.319328099489212 0.319661498069763 0.319994896650314 0.320328325033188 0.320661723613739 0.32099512219429 0.321391969919205 0.321809977293015 0.322227984666824 0.322645992040634 0.323063999414444
0.322845101356506 0.322052210569382 0.322275340557098 0.322498440742493 0.322721570730209 0.322944670915604 0.32316780090332 0.323390901088715 0.323614001274109 0.322405695915222 0.320720255374908 0.319034814834595 0.317349374294281 0.315663903951645 0.313978463411331 0.312293022871017 0.311361819505692 0.312693387269974 0.314024955034256 0.315356492996216 0.316688060760498 0.31801962852478 0.319351196289062 0.320682764053345 0.320805013179779 0.32052418589592 0.320243358612061 0.319962531328201 0.319681704044342 0.31940084695816 0.319120019674301 0.3190096616745 0.319410681724548 0.319811671972275 0.320212692022324 0.320613712072372 0.321014732122421 0.321415722370148 0.321816742420197 0.322316080331802 0.322848200798035 0.323380321264267 0.323912411928177 0.324444532394409
0.323827683925629 0.323039948940277 0.32335290312767 0.323665857315063 0.323978811502457 0.32429176568985 0.324604719877243 0.324917674064636 0.325230628252029 0.323923468589783 0.322076261043549 0.320229053497314 0.31838184595108 0.316534668207169 0.314687460660934 0.3128402531147 0.311813682317734 0.31324902176857 0.314684331417084 0.31611967086792 0.317555010318756 0.31899031996727 0.320425659418106 0.321860998868942 0.321971327066422 0.321639984846115 0.321308642625809 0.320977300405502 0.320645958185196 0.32031461596489 0.319983273744583 0.31982609629631 0.320191472768784 0.320556819438934 0.320922195911407 0.321287572383881 0.321652919054031 0.322018295526505 0.322383671998978 0.322930872440338 0.323538661003113 0.32414647936821 0.324754267930984 0.325362086296082
0.32598340511322 0.325166136026382 0.325370192527771 0.325574278831482 0.32577833533287 0.325982421636581 0.326186507940292 0.326390564441681 0.326594650745392 0.325281471014023 0.323462545871735 0.321643590927124 0.319824665784836 0.318005740642548 0.316186785697937 0.314367860555649 0.313333690166473 0.314653754234314 0.315973848104477 0.317293912172318 0.31861400604248 0.319934099912643 0.321254163980484 0.322574257850647 0.322719246149063 0.322472542524338 0.322225838899612 0.321979135274887 0.321732431650162 0.321485728025436 0.321239024400711 0.321110606193542 0.321337074041367 0.321563541889191 0.321790009737015 0.322016477584839 0.322242945432663 0.322469413280487 0.322695881128311 0.32323631644249 0.323881387710571 0.324526488780975 0.325171560049057 0.325816631317139
0.328139126300812 0.327292293310165 0.327387481927872 0.3274827003479 0.327577888965607 0.327673077583313 0.327768266201019 0.327863484621048 0.327958673238754 0.326639473438263 0.324848800897598 0.323058128356934 0.321267485618591 0.319476813077927 0.317686140537262 0.315895467996597 0.314853698015213 0.31605851650238 0.317263334989548 0.318468183279037 0.319673001766205 0.320877850055695 0.322082668542862 0.323287516832352 0.323467165231705 0.32330510020256 0.323143035173416 0.322980970144272 0.322818905115128 0.322656840085983 0.322494775056839 0.322395116090775 0.32248267531395 0.322570264339447 0.322657823562622 0.32274541258812 0.322832971811295 0.322920560836792 0.323008120059967 0.323541790246964 0.324224144220352 0.324906498193741 0.32558885216713 0.326271206140518
0.330294817686081 0.329418480396271 0.329404801130295 0.329391121864319 0.32937741279602 0.329363733530045 0.329350054264069 0.329336374998093 0.329322695732117 0.327997475862503 0.326235085725784 0.324472695589066 0.322710275650024 0.320947885513306 0.319185495376587 0.317423075437546 0.31637367606163 0.317463278770447 0.318552851676941 0.319642424583435 0.320732027292252 0.321821600198746 0.32291117310524 0.324000775814056 0.324215084314346 0.324137657880783 0.32406023144722 0.323982805013657 0.323905378580093 0.32382795214653 0.323750525712967 0.323679596185684 0.323628276586533 0.323576956987381 0.323525637388229 0.323474317789078 0.323422998189926 0.323371678590775 0.323320358991623 0.323847234249115 0.324566870927811 0.325286507606506 0.32600611448288 0.326725751161575
