resources/Exp000_Example-Run/Run01_M2/TimeSeries/1995/model_set/lai_avg.asc
NCOLS 265 
NROWS 230 
XLLCORNER -115.5625 
YLLCORNER 24.8333333333333 
CELLSIZE 0.0833333333333333 
NODATA_value -9999 
[rows 80 to 99 of 230, columns 45 to 89 of 265]
0.706457853317261 0.68677294254303 0.667088091373444 0.647403180599213 0.627718269824982 0.608033359050751 0.588348507881165 0.573957741260529 0.561331748962402 0.548705756664276 0.536079704761505 0.523453712463379 0.510827660560608 0.498201668262482 0.491641104221344 0.503276884555817 0.514912664890289 0.526548445224762 0.53818416595459 0.549819946289062 0.561455726623535 0.573091506958008 0.599485278129578 0.63079833984375 0.662111461162567 0.693424582481384 0.724737644195557 0.756050765514374 0.787363886833191 0.826014459133148 0.88667756319046 0.947340607643127 1.00800371170044 1.06866681575775 1.12932991981506 1.18999302387238 1.25065612792969 1.2875075340271 1.31642186641693 1.34533619880676 1.3742504119873 1.40316474437714 1.43207907676697 1.46099328994751 1.48525726795197
0.690432190895081 0.670453369617462 0.650474607944489 0.63049578666687 0.610516965389252 0.590538203716278 0.57055938243866 0.558453023433685 0.548970818519592 0.539488613605499 0.530006468296051 0.520524263381958 0.511042058467865 0.501559853553772 0.497235894203186 0.508386671543121 0.519537448883057 0.530688226222992 0.541839003562927 0.552989780902863 0.564140558242798 0.575291275978088 0.599758267402649 0.628663957118988 0.657569587230682 0.686475276947021 0.715380966663361 0.7442866563797 0.773192346096039 0.808420181274414 0.862614452838898 0.916808724403381 0.971002995967865 1.02519726753235 1.07939159870148 1.13358581066132 1.18778014183044 1.22141659259796 1.24820029735565 1.27498412132263 1.30176794528961 1.3285516500473 1.35533547401428 1.38211929798126 1.40485608577728
0.6744065284729 0.654133856296539 0.633861124515533 0.613588392734528 0.593315660953522 0.573042988777161 0.552770256996155 0.542948305606842 0.536609947681427 0.530271530151367 0.523933172225952 0.517594814300537 0.511256396770477 0.504918038845062 0.502830684185028 0.513496458530426 0.524162232875824 0.534828007221222 0.54549378156662 0.556159555912018 0.566825330257416 0.577491104602814 0.60003125667572 0.626529514789581 0.653027772903442 0.679526031017303 0.706024289131165 0.732522547245026 0.759020805358887 0.79082590341568 0.838551342487335 0.886276841163635 0.93400228023529 0.981727778911591 1.02945327758789 1.07717871665955 1.1249041557312 1.15532553195953 1.17997884750366 1.2046320438385 1.22928535938263 1.25393867492676 1.2785918712616 1.30324518680573 1.3244549036026
0.658380925655365 0.637814283370972 0.617247641086578 0.596680998802185 0.576114416122437 0.555547773838043 0.53498113155365 0.527443587779999 0.524249017238617 0.521054446697235 0.517859876155853 0.514665365219116 0.511470794677734 0.508276224136353 0.508425533771515 0.518606305122375 0.528787076473236 0.538967847824097 0.549148619174957 0.559329390525818 0.569510161876678 0.579690933227539 0.600304245948792 0.624395072460175 0.648485898971558 0.672576785087585 0.696667611598969 0.720758438110352 0.744849324226379 0.773231565952301 0.814488232135773 0.855744898319244 0.897001564502716 0.938258230686188 0.979514896869659 1.02077150344849 1.06202816963196 1.08923447132111 1.11175727844238 1.13428008556366 1.15680277347565 1.17932558059692 1.2018483877182 1.22437119483948 1.24405372142792
0.643972396850586 0.623293399810791 0.602614462375641 0.581935465335846 0.561256468296051 0.540577471256256 0.519898474216461 0.514326512813568 0.513790190219879 0.51325386762619 0.512717545032501 0.512181222438812 0.511644899845123 0.511108577251434 0.513133227825165 0.522840857505798 0.532548427581787 0.542256057262421 0.551963686943054 0.561671316623688 0.571378886699677 0.58108651638031 0.599610567092896 0.621073424816132 0.642536342144012 0.663999199867249 0.685462057590485 0.706924974918365 0.728387832641602 0.752834320068359 0.786231756210327 0.81962913274765 0.853026509284973 0.886423885822296 0.919821262359619 0.953218638896942 0.98661607503891 1.00997495651245 1.02998781204224 1.05000054836273 1.07001340389252 1.09002614021301 1.1100389957428 1.13005173206329 1.14805865287781
0.631181120872498 0.610571324825287 0.589961528778076 0.569351732730865 0.548741936683655 0.528132140636444 0.507522344589233 0.503597140312195 0.505233466625214 0.506869792938232 0.508506119251251 0.51014244556427 0.511778771877289 0.513415098190308 0.516953885555267 0.526200175285339 0.535446465015411 0.544692754745483 0.553939044475555 0.563185334205627 0.5724316239357 0.581677913665771 0.597950279712677 0.616564631462097 0.635178983211517 0.653793334960938 0.672407746315002 0.691022098064423 0.709636449813843 0.72963410615921 0.753781795501709 0.777929425239563 0.802077054977417 0.826224684715271 0.85037237405777 0.874520003795624 0.898667633533478 0.917547047138214 0.934670388698578 0.951793730258942 0.968917012214661 0.986040353775024 1.00316369533539 1.02028703689575 1.03646957874298
0.618389785289764 0.597849190235138 0.577308595180511 0.556768000125885 0.536227405071259 0.515686810016632 0.495146214962006 0.492867767810822 0.496676743030548 0.500485718250275 0.504294693470001 0.508103668689728 0.51191258430481 0.515721559524536 0.52077454328537 0.52955949306488 0.538344502449036 0.547129452228546 0.555914402008057 0.564699411392212 0.573484361171722 0.582269310951233 0.596289992332458 0.612055838108063 0.627821683883667 0.643587529659271 0.659353375434875 0.67511922121048 0.690885066986084 0.706433892250061 0.721331834793091 0.736229717731476 0.751127600669861 0.766025543212891 0.780923426151276 0.795821368694305 0.81071925163269 0.825119137763977 0.839352965354919 0.853586852550507 0.867820680141449 0.882054567337036 0.896288394927979 0.910522282123566 0.924880504608154
0.605598449707031 0.585127055644989 0.564655661582947 0.544184267520905 0.523712873458862 0.50324147939682 0.482770055532455 0.482138425111771 0.488120019435883 0.494101643562317 0.500083267688751 0.506064832210541 0.512046456336975 0.518028080463409 0.524595201015472 0.532918870449066 0.541242480278015 0.549566149711609 0.557889819145203 0.566213428974152 0.574537098407745 0.582860767841339 0.594629645347595 0.607546985149384 0.620464324951172 0.63338166475296 0.646299004554749 0.659216344356537 0.67213362455368 0.683233678340912 0.688881874084473 0.694530010223389 0.70017820596695 0.705826342105865 0.711474537849426 0.717122673988342 0.722770869731903 0.73269122838974 0.744035601615906 0.755379974842072 0.766724348068237 0.778068780899048 0.789413154125214 0.800757527351379 0.813291490077972
0.592807114124298 0.57240492105484 0.552002727985382 0.531600534915924 0.511198341846466 0.490796118974686 0.470393896102905 0.471409052610397 0.479563295841217 0.487717568874359 0.495871812105179 0.504026055335999 0.512180328369141 0.520334541797638 0.528415858745575 0.536278188228607 0.544140517711639 0.552002847194672 0.559865176677704 0.567727506160736 0.575589835643768 0.5834521651268 0.592969357967377 0.603038191795349 0.613106966018677 0.623175799846649 0.633244633674622 0.643313467502594 0.653382241725922 0.660033464431763 0.656431913375854 0.652830302715302 0.649228751659393 0.645627200603485 0.642025589942932 0.638424038887024 0.634822487831116 0.640263259410858 0.648718178272247 0.657173097133636 0.665628015995026 0.674082934856415 0.682537853717804 0.690992772579193 0.70170247554779
0.58001583814621 0.559682786464691 0.539349794387817 0.519016802310944 0.498683780431747 0.478350758552551 0.458017766475677 0.460679680109024 0.471006572246552 0.481333464384079 0.491660386323929 0.501987278461456 0.512314200401306 0.522641062736511 0.532236516475677 0.539637506008148 0.547038495540619 0.554439544677734 0.561840534210205 0.56924158334732 0.576642572879791 0.584043562412262 0.591309070587158 0.59852933883667 0.605749666690826 0.612969934940338 0.620190262794495 0.627410531044006 0.634630858898163 0.636833250522614 0.623981952667236 0.611130654811859 0.598279297351837 0.58542799949646 0.572576701641083 0.559725403785706 0.546874105930328 0.547835350036621 0.553400814533234 0.558966219425201 0.564531683921814 0.570097148418427 0.575662612915039 0.581228077411652 0.590113401412964
0.593628644943237 0.574235916137695 0.554843246936798 0.535450577735901 0.516057848930359 0.496665179729462 0.477272510528564 0.477685540914536 0.484700500965118 0.491715431213379 0.498730391263962 0.505745351314545 0.512760281562805 0.51977527141571 0.526951551437378 0.534611940383911 0.5422722697258 0.549932658672333 0.557592988014221 0.565253376960754 0.572913706302643 0.580574095249176 0.587368369102478 0.593873977661133 0.600379586219788 0.606885194778442 0.613390803337097 0.619896411895752 0.626402020454407 0.627110242843628 0.610426366329193 0.593742549419403 0.577058672904968 0.560374796390533 0.543690919876099 0.527007043361664 0.510323166847229 0.509012758731842 0.512826859951019 0.516640961170197 0.520455062389374 0.524269104003906 0.528083205223083 0.531897306442261 0.539266705513
0.633645534515381 0.616064310073853 0.598483085632324 0.580901861190796 0.563320577144623 0.545739352703094 0.528158128261566 0.522426664829254 0.520645022392273 0.518863439559937 0.5170818567276 0.515300273895264 0.513518691062927 0.511737108230591 0.512561023235321 0.521201372146606 0.529841780662537 0.538482129573822 0.547122538089752 0.555762887001038 0.564403235912323 0.573043644428253 0.581147313117981 0.589072048664093 0.596996784210205 0.604921519756317 0.612846255302429 0.620770990848541 0.628695726394653 0.630864500999451 0.615765273571014 0.600665986537933 0.585566759109497 0.570467531681061 0.55536824464798 0.540269017219543 0.525169789791107 0.523795604705811 0.526996433734894 0.530197203159332 0.533398032188416 0.536598861217499 0.539799690246582 0.543000519275665 0.549162268638611
0.673662424087524 0.657892644405365 0.642122864723206 0.626353085041046 0.610583305358887 0.594813525676727 0.579043745994568 0.56716775894165 0.556589603424072 0.546011447906494 0.535433351993561 0.524855196475983 0.514277100563049 0.503698945045471 0.498170465230942 0.507790863513947 0.517411231994629 0.527031660079956 0.536652028560638 0.546272397041321 0.555892825126648 0.56551319360733 0.574926197528839 0.584270119667053 0.593613982200623 0.602957844734192 0.612301707267761 0.621645569801331 0.630989491939545 0.634618699550629 0.621104121208191 0.607589483261108 0.594074845314026 0.580560207366943 0.567045629024506 0.553530991077423 0.540016353130341 0.538578391075134 0.541165947914124 0.543753504753113 0.546341061592102 0.548928618431091 0.551516175270081 0.554103791713715 0.559057831764221
0.713679373264313 0.699721038341522 0.685762703418732 0.671804368495941 0.657846033573151 0.643887758255005 0.629929423332214 0.611908853054047 0.592534184455872 0.573159515857697 0.553784847259521 0.534410178661346 0.515035510063171 0.495660811662674 0.483779907226562 0.494380325078964 0.504980742931366 0.515581130981445 0.526181578636169 0.536781966686249 0.547382354736328 0.557982802391052 0.568705141544342 0.579468131065369 0.59023118019104 0.600994169712067 0.611757159233093 0.622520208358765 0.633283197879791 0.638372957706451 0.626442968845367 0.614512979984283 0.602582931518555 0.590652942657471 0.578722953796387 0.566792964935303 0.554862976074219 0.553361177444458 0.555335462093353 0.557309806346893 0.559284090995789 0.561258375644684 0.563232719898224 0.565207004547119 0.568953454494476
0.753696262836456 0.74154943227768 0.729402542114258 0.717255651950836 0.705108761787415 0.692961931228638 0.680815041065216 0.656649947166443 0.628478705883026 0.600307524204254 0.572136282920837 0.543965101242065 0.515793859958649 0.487622678279877 0.469389379024506 0.480969786643982 0.492550224065781 0.504130661487579 0.515711069107056 0.527291476726532 0.538871943950653 0.550452351570129 0.562484085559845 0.574666202068329 0.586848378181458 0.599030494689941 0.611212611198425 0.623394787311554 0.635576903820038 0.642127215862274 0.631781816482544 0.621436417102814 0.611091077327728 0.600745677947998 0.590400338172913 0.580054938793182 0.569709539413452 0.568143963813782 0.569505035877228 0.570866048336029 0.572227120399475 0.573588132858276 0.574949204921722 0.576310217380524 0.578849017620087
0.793713212013245 0.783377766609192 0.773042380809784 0.762706935405731 0.752371490001678 0.74203610420227 0.731700658798218 0.701391041278839 0.664423286914825 0.627455532550812 0.590487778186798 0.553520023822784 0.516552269458771 0.479584544897079 0.454998821020126 0.467559278011322 0.480119705200195 0.492680162191391 0.505240619182587 0.51780104637146 0.530361473560333 0.542921900749207 0.556262969970703 0.569864273071289 0.58346551656723 0.597066819667816 0.610668122768402 0.624269366264343 0.637870669364929 0.645881414413452 0.63712066411972 0.628359913825989 0.619599163532257 0.610838413238525 0.602077662944794 0.593316912651062 0.58455616235733 0.58292680978775 0.583674550056458 0.58442234992981 0.585170149803162 0.585917890071869 0.586665689945221 0.587413430213928 0.588744640350342
0.831041932106018 0.822627365589142 0.814212739467621 0.805798172950745 0.797383606433868 0.788969039916992 0.780554473400116 0.744586884975433 0.69943505525589 0.654283165931702 0.609131276607513 0.563979387283325 0.518827497959137 0.473675608634949 0.443172693252563 0.456616580486298 0.470060467720032 0.483504354953766 0.496948271989822 0.510392129421234 0.523836016654968 0.537279963493347 0.551846981048584 0.5667884349823 0.581729888916016 0.596671283245087 0.611612737178802 0.626554191112518 0.641495585441589 0.65094393491745 0.643912971019745 0.636882066726685 0.62985110282898 0.622820138931274 0.615789175033569 0.608758211135864 0.601727247238159 0.599805951118469 0.599587798118591 0.599369704723358 0.59915155172348 0.598933458328247 0.598715305328369 0.598497211933136 0.598401486873627
0.865682423114777 0.85929811000824 0.852913737297058 0.846529424190521 0.840145111083984 0.833760738372803 0.827376425266266 0.786237597465515 0.73351401090622 0.680790364742279 0.628066778182983 0.575343191623688 0.522619545459747 0.469895958900452 0.433910936117172 0.448141723871231 0.46237251162529 0.476603269577026 0.490834057331085 0.505064845085144 0.519295632839203 0.533526420593262 0.549236059188843 0.565438687801361 0.581641316413879 0.597843945026398 0.614046573638916 0.63024914264679 0.646451771259308 0.657314777374268 0.652158796787262 0.647002816200256 0.641846835613251 0.636690855026245 0.63153487443924 0.626378893852234 0.621222913265228 0.618781447410583 0.617244780063629 0.615708112716675 0.61417144536972 0.612634778022766 0.611098170280457 0.609561502933502 0.607819676399231
0.90032297372818 0.895968854427338 0.891614735126495 0.887260675430298 0.882906556129456 0.878552436828613 0.874198317527771 0.827888309955597 0.767592966556549 0.707297623157501 0.647002279758453 0.586706936359406 0.526411592960358 0.466116279363632 0.424649178981781 0.439666867256165 0.454684525728226 0.469702184200287 0.48471987247467 0.499737530946732 0.514755189418793 0.529772877693176 0.546625137329102 0.564088940620422 0.581552743911743 0.599016547203064 0.616480350494385 0.633944153785706 0.651407957077026 0.66368556022644 0.660404562950134 0.657123565673828 0.653842568397522 0.650561571121216 0.64728057384491 0.643999576568604 0.640718579292297 0.637756884098053 0.634901702404022 0.632046520709991 0.629191339015961 0.62633615732193 0.623480975627899 0.620625793933868 0.61723780632019
0.934963524341583 0.93263965845108 0.930315732955933 0.92799186706543 0.925668001174927 0.923344135284424 0.921020269393921 0.869539022445679 0.801671922206879 0.733804881572723 0.665937781333923 0.598070740699768 0.530203640460968 0.462336599826813 0.41538742184639 0.431191980838776 0.446996539831161 0.462801098823547 0.478605657815933 0.494410216808319 0.510214805603027 0.526019334793091 0.54401421546936 0.562739193439484 0.581464231014252 0.600189208984375 0.618914186954498 0.637639164924622 0.656364142894745 0.670056402683258 0.668650388717651 0.6672443151474 0.665838301181793 0.664432287216187 0.66302627325058 0.661620199680328 0.660214185714722 0.656732380390167 0.65255868434906 0.648384928703308 0.644211232662201 0.640037477016449 0.635863780975342 0.631690084934235 0.626655995845795
