resources/Exp000_Example-Run/Run01_M2/TimeSeries/1995/model_set/lai_avg.asc
NCOLS 265 
NROWS 230 
XLLCORNER -115.5625 
YLLCORNER 24.8333333333333 
CELLSIZE 0.0833333333333333 
NODATA_value -9999 
[rows 60 to 79 of 230, columns 0 to 44 of 265]
0.569000363349915 0.576828420162201 0.584656417369843 0.592484474182129 0.60031247138977 0.608140528202057 0.615968585014343 0.621484041213989 0.6262286901474 0.63097333908081 0.635717988014221 0.640462636947632 0.645207285881042 0.649951934814453 0.6484614610672 0.628265678882599 0.608069896697998 0.587874114513397 0.567678332328796 0.547482490539551 0.52728670835495 0.507090926170349 0.514978051185608 0.532226085662842 0.54947417974472 0.566722214221954 0.583970308303833 0.601218402385712 0.618466436862946 0.639193534851074 0.670357704162598 0.701521873474121 0.732686042785645 0.763850212097168 0.795014381408691 0.826178550720215 0.857342720031738 0.885984241962433 0.913784861564636 0.941585540771484 0.969386160373688 0.997186839580536 1.02498745918274 1.05278813838959 1.0741058588028
0.56337958574295 0.572323381900787 0.581267178058624 0.590210974216461 0.599154770374298 0.608098566532135 0.617042362689972 0.623783886432648 0.62979131937027 0.635798811912537 0.641806244850159 0.647813677787781 0.653821110725403 0.65982860326767 0.659370720386505 0.639516949653625 0.619663178920746 0.599809348583221 0.579955577850342 0.560101807117462 0.540248036384583 0.520394206047058 0.529576182365417 0.54843670129776 0.567297279834747 0.58615779876709 0.605018317699432 0.62387889623642 0.642739415168762 0.665210425853729 0.698512971401215 0.7318155169487 0.76511800289154 0.798420548439026 0.831723093986511 0.865025639533997 0.898328185081482 0.921419739723206 0.94110769033432 0.96079558134079 0.980483531951904 1.00017142295837 1.01985931396484 1.0395473241806 1.0542014837265
0.557758748531342 0.567818343639374 0.577877879142761 0.587937474250793 0.597997009754181 0.608056604862213 0.618116140365601 0.626083731651306 0.633354008197784 0.640624225139618 0.647894501686096 0.65516471862793 0.662434995174408 0.669705212116241 0.67027997970581 0.650768220424652 0.631256401538849 0.61174464225769 0.592232882976532 0.572721064090729 0.55320930480957 0.533697545528412 0.544174313545227 0.564647316932678 0.585120320320129 0.605593323707581 0.626066327095032 0.646539330482483 0.667012333869934 0.691227316856384 0.726668238639832 0.762109160423279 0.797550022602081 0.832990944385529 0.868431806564331 0.903872728347778 0.939313650131226 0.956855237483978 0.968430459499359 0.98000568151474 0.991580843925476 1.00315606594086 1.01473128795624 1.02630650997162 1.0342972278595
0.552137911319733 0.563313245773315 0.574488639831543 0.585663974285126 0.596839308738708 0.608014643192291 0.619189977645874 0.628383576869965 0.636916637420654 0.645449697971344 0.653982758522034 0.662515819072723 0.671048820018768 0.679581880569458 0.681189239025116 0.662019431591034 0.642849683761597 0.623679935932159 0.604510128498077 0.58534038066864 0.566170573234558 0.547000825405121 0.558772504329681 0.580857932567596 0.602943420410156 0.625028908252716 0.647114396095276 0.669199824333191 0.691285312175751 0.717244207859039 0.754823505878448 0.792402744293213 0.829982042312622 0.867561280727386 0.905140578746796 0.94271981716156 0.980299115180969 0.992290794849396 0.995753228664398 0.999215722084045 1.00267815589905 1.00614070892334 1.00960314273834 1.01306557655334 1.0143928527832
0.546517133712769 0.558808207511902 0.57109934091568 0.583390474319458 0.595681548118591 0.607972681522369 0.620263755321503 0.630683422088623 0.640479266643524 0.65027517080307 0.660071015357971 0.669866859912872 0.679662704467773 0.689458549022675 0.692098498344421 0.67327070236206 0.654442965984344 0.635615170001984 0.616787433624268 0.597959637641907 0.579131901264191 0.56030410528183 0.573370635509491 0.597068548202515 0.620766520500183 0.644464433193207 0.668162405490875 0.691860318183899 0.715558290481567 0.743261158466339 0.782978773117065 0.822696387767792 0.862414002418518 0.902131676673889 0.941849291324615 0.981566905975342 1.02128458023071 1.02772629261017 1.02307605743408 1.018425822258 1.01377558708191 1.00912535190582 1.00447499752045 0.999824821949005 0.994488418102264
0.54089629650116 0.554303169250488 0.567710041999817 0.581116914749146 0.594523847103119 0.607930719852448 0.621337592601776 0.632983267307281 0.644041955471039 0.655100584030151 0.666159272193909 0.677217900753021 0.688276529312134 0.699335217475891 0.703007757663727 0.684521973133087 0.666036248207092 0.647550463676453 0.629064679145813 0.610578954219818 0.592093169689178 0.573607444763184 0.5879687666893 0.613279163837433 0.63858962059021 0.663900017738342 0.689210414886475 0.714520812034607 0.739831209182739 0.769278049468994 0.811134040355682 0.852990031242371 0.894846022129059 0.936702013015747 0.978558003902435 1.02041399478912 1.06227004528046 1.06316184997559 1.05039882659912 1.03763580322266 1.02487289905548 1.01210987567902 0.999346911907196 0.986583948135376 0.974584102630615
0.534554958343506 0.548465549945831 0.562376081943512 0.576286673545837 0.590197205543518 0.604107797145844 0.618018329143524 0.630525529384613 0.642564952373505 0.654604315757751 0.666643738746643 0.67868310213089 0.690722525119781 0.702761888504028 0.707607865333557 0.690873384475708 0.674138963222504 0.657404541969299 0.640670120716095 0.623935699462891 0.607201218605042 0.590466797351837 0.60590785741806 0.632073998451233 0.65824019908905 0.684406399726868 0.71057254076004 0.736738741397858 0.762904942035675 0.793023884296417 0.835001051425934 0.876978278160095 0.918955445289612 0.960932672023773 1.00290989875793 1.04488706588745 1.08686423301697 1.08370161056519 1.0654923915863 1.04728317260742 1.02907395362854 1.01086473464966 0.992655456066132 0.97444623708725 0.957935929298401
0.527493119239807 0.541295289993286 0.555097460746765 0.568899631500244 0.582701802253723 0.596503913402557 0.610306084156036 0.623310208320618 0.636048257350922 0.64878636598587 0.661524415016174 0.674262523651123 0.687000572681427 0.699738621711731 0.705898761749268 0.692324995994568 0.678751170635223 0.665177404880524 0.651603639125824 0.638029873371124 0.624456107616425 0.61088228225708 0.627187788486481 0.653453052043915 0.679718315601349 0.705983579158783 0.732248842716217 0.758514106273651 0.784779369831085 0.814498662948608 0.854579865932465 0.894661128520966 0.934742331504822 0.974823594093323 1.01490485668182 1.05498600006104 1.09506726264954 1.08934581279755 1.06835675239563 1.04736769199371 1.02637875080109 1.00538969039917 0.984400629997253 0.963411569595337 0.944544017314911
0.520431280136108 0.534125089645386 0.547818839550018 0.561512589454651 0.575206339359283 0.588900089263916 0.602593839168549 0.616094827651978 0.629531621932983 0.642968356609344 0.65640515089035 0.669841885566711 0.683278620243073 0.696715414524078 0.704189658164978 0.693776547908783 0.683363437652588 0.672950327396393 0.662537157535553 0.652124047279358 0.641710937023163 0.631297767162323 0.648467779159546 0.674832105636597 0.701196491718292 0.727560818195343 0.753925144672394 0.780289530754089 0.80665385723114 0.8359734416008 0.874158680438995 0.912343978881836 0.950529217720032 0.988714516162872 1.02689969539642 1.06508505344391 1.1032702922821 1.09499001502991 1.07122111320496 1.04745233058929 1.02368342876434 0.999914586544037 0.97614574432373 0.952376961708069 0.931152105331421
0.51336944103241 0.526954829692841 0.540540158748627 0.554125547409058 0.567710876464844 0.581296265125275 0.594881594181061 0.608879506587982 0.6230149269104 0.637150406837463 0.651285827159882 0.6654212474823 0.679556727409363 0.693692147731781 0.702480614185333 0.695228099822998 0.687975645065308 0.680723190307617 0.673470675945282 0.666218221187592 0.658965766429901 0.651713252067566 0.669747710227966 0.696211159229279 0.722674608230591 0.749138057231903 0.77560144662857 0.802064895629883 0.828528344631195 0.857448220252991 0.893737494945526 0.930026829242706 0.966316103935242 1.00260543823242 1.03889465332031 1.07518398761749 1.11147332191467 1.10063409805298 1.07408547401428 1.04753684997559 1.02098822593689 0.994439542293549 0.967890918254852 0.941342294216156 0.917760133743286
0.506307661533356 0.519784569740295 0.53326153755188 0.546738505363464 0.560215413570404 0.573692381381989 0.587169349193573 0.601664185523987 0.616498291492462 0.631332397460938 0.646166503429413 0.661000669002533 0.675834774971008 0.690668880939484 0.700771510601044 0.696679711341858 0.692587852478027 0.688496053218842 0.684404253959656 0.680312395095825 0.676220595836639 0.672128796577454 0.691027700901031 0.71759021282196 0.744152724742889 0.770715236663818 0.797277748584747 0.823840260505676 0.850402772426605 0.878922998905182 0.913316309452057 0.947709679603577 0.982102990150452 1.01649630069733 1.0508896112442 1.08528292179108 1.11967623233795 1.10627830028534 1.07694983482361 1.04762136936188 1.01829302310944 0.98896449804306 0.959636092185974 0.930307626724243 0.904368221759796
0.499245792627335 0.512614369392395 0.525982916355133 0.539351463317871 0.552720010280609 0.566088557243347 0.579457104206085 0.594448804855347 0.609981596469879 0.625514447689056 0.641047239303589 0.656580030918121 0.672112822532654 0.687645614147186 0.699062466621399 0.698131263256073 0.697200119495392 0.696268916130066 0.695337772369385 0.694406628608704 0.693475425243378 0.692544281482697 0.712307691574097 0.738969266414642 0.765630841255188 0.792292475700378 0.818954050540924 0.84561562538147 0.87227725982666 0.900397777557373 0.932895123958588 0.965392529964447 0.997889876365662 1.03038716316223 1.06288456916809 1.09538197517395 1.12787926197052 1.1119225025177 1.07981419563293 1.04770600795746 1.01559770107269 0.983489453792572 0.951381206512451 0.919273018836975 0.890976309776306
0.491267591714859 0.50472217798233 0.518176794052124 0.531631410121918 0.545085966587067 0.55854058265686 0.571995198726654 0.587614953517914 0.603956401348114 0.620297789573669 0.63663923740387 0.65298068523407 0.66932213306427 0.68566358089447 0.698423027992249 0.700436353683472 0.70244973897934 0.704463124275208 0.706476449966431 0.708489835262299 0.710503160953522 0.71251654624939 0.733018517494202 0.75968337059021 0.786348223686218 0.813013017177582 0.83967787027359 0.866342723369598 0.893007576465607 0.920728147029877 0.951615989208221 0.982503831386566 1.01339161396027 1.04427945613861 1.07516729831696 1.1060551404953 1.13694298267365 1.11807477474213 1.08262133598328 1.04716777801514 1.011714220047 0.976260721683502 0.940807163715363 0.905353665351868 0.874379634857178
0.482372969388962 0.496108084917068 0.509843230247498 0.523578345775604 0.537313461303711 0.551048576831818 0.564783692359924 0.581162452697754 0.598422527313232 0.615682601928711 0.632942616939545 0.650202691555023 0.667462706565857 0.684722781181335 0.698853254318237 0.703595042228699 0.708336770534515 0.713078558444977 0.717820346355438 0.722562074661255 0.727303862571716 0.732045650482178 0.753160238265991 0.779732525348663 0.806304752826691 0.832876980304718 0.85944926738739 0.886021494865417 0.912593722343445 0.939914107322693 0.969478845596313 0.999043643474579 1.02860832214355 1.05817317962646 1.08773791790009 1.11730265617371 1.14686739444733 1.1247353553772 1.08537113666534 1.0460067987442 1.00664246082306 0.967278242111206 0.927913963794708 0.88854968547821 0.854578256607056
0.473478376865387 0.487494021654129 0.501509606838226 0.515525281429291 0.52954089641571 0.54355651140213 0.55757212638855 0.574710011482239 0.592888712882996 0.611067354679108 0.62924599647522 0.647424638271332 0.665603339672089 0.683781981468201 0.699283480644226 0.706753671169281 0.714223861694336 0.721693992614746 0.729164183139801 0.736634373664856 0.744104504585266 0.751574695110321 0.773301959037781 0.799781620502472 0.826261281967163 0.852740943431854 0.879220604896545 0.905700266361237 0.932179927825928 0.959100067615509 0.98734176158905 1.01558339595795 1.04382503032684 1.07206678390503 1.10030841827393 1.12855005264282 1.15679180622101 1.13139593601227 1.08812081813812 1.04484581947327 1.00157082080841 0.95829576253891 0.915020704269409 0.871745645999908 0.834776878356934
0.464583784341812 0.478879928588867 0.493176072835922 0.507472217082977 0.52176833152771 0.536064445972443 0.55036062002182 0.568257570266724 0.587354838848114 0.606452107429504 0.625549376010895 0.644646644592285 0.663743913173676 0.682841181755066 0.69971376657486 0.709912300109863 0.720110893249512 0.73030948638916 0.740508079528809 0.750706613063812 0.760905206203461 0.771103799343109 0.793443739414215 0.819830775260925 0.84621787071228 0.87260490655899 0.898991942405701 0.925379037857056 0.951766073703766 0.978286027908325 1.0052045583725 1.03212320804596 1.05904185771942 1.08596038818359 1.11287903785706 1.13979756832123 1.16671621799469 1.13805651664734 1.09087061882019 1.04368484020233 0.996499061584473 0.949313282966614 0.90212744474411 0.854941666126251 0.814975500106812
0.455689191818237 0.470265835523605 0.484842479228973 0.499419122934341 0.51399576663971 0.5285724401474 0.543149054050446 0.561805129051208 0.581821024417877 0.601836860179901 0.62185275554657 0.641868591308594 0.661884486675262 0.681900322437286 0.700143992900848 0.71307098865509 0.725997924804688 0.73892492055893 0.751851916313171 0.764778912067413 0.777705907821655 0.790632843971252 0.813585460186005 0.839879930019379 0.866174399852753 0.892468869686127 0.918763339519501 0.945057809352875 0.971352279186249 0.997471988201141 1.02306747436523 1.04866302013397 1.07425856590271 1.09985399246216 1.1254495382309 1.15104508399963 1.17664062976837 1.14471697807312 1.09362041950226 1.0425238609314 0.99142736196518 0.940330803394318 0.889234185218811 0.838137626647949 0.79517412185669
0.446794599294662 0.461651742458344 0.476508915424347 0.491366058588028 0.506223201751709 0.521080374717712 0.535937547683716 0.555352687835693 0.576287150382996 0.597221612930298 0.618156135082245 0.639090597629547 0.660025060176849 0.680959522724152 0.700574219226837 0.716229617595673 0.731885015964508 0.747540414333344 0.763195753097534 0.77885115146637 0.794506549835205 0.81016194820404 0.833727180957794 0.859929084777832 0.886130928993225 0.912332832813263 0.938534677028656 0.964736580848694 0.990938425064087 1.01665794849396 1.04093039035797 1.06520283222198 1.089475274086 1.11374771595001 1.13802015781403 1.16229248046875 1.18656492233276 1.15137755870819 1.09637022018433 1.04136288166046 0.986355602741241 0.931348264217377 0.876340985298157 0.821333646774292 0.775372743606567
0.441081255674362 0.455225944519043 0.469370633363724 0.483515322208405 0.497660011053085 0.511804699897766 0.525949418544769 0.544846296310425 0.565327227115631 0.585808157920837 0.606289088726044 0.62677001953125 0.647250950336456 0.667731940746307 0.687519729137421 0.705228269100189 0.722936809062958 0.740645349025726 0.758353888988495 0.776062428951263 0.793770968914032 0.8114795088768 0.835862100124359 0.862469434738159 0.889076709747314 0.91568398475647 0.94229131937027 0.968898594379425 0.99550586938858 1.02140247821808 1.04516708850861 1.06893157958984 1.09269618988037 1.11646068096161 1.14022529125214 1.16398978233337 1.1877543926239 1.15056395530701 1.09305536746979 1.03554666042328 0.978038012981415 0.920529305934906 0.863020658493042 0.805512011051178 0.757606208324432
0.438549190759659 0.450988441705704 0.463427662849426 0.475866913795471 0.488306164741516 0.500745415687561 0.513184607028961 0.530285894870758 0.548941135406494 0.567596435546875 0.586251676082611 0.604906976222992 0.623562216758728 0.642217516899109 0.660980582237244 0.680067002773285 0.699153423309326 0.718239843845367 0.737326264381409 0.75641268491745 0.775499105453491 0.794585525989532 0.8199902176857 0.847500920295715 0.875011682510376 0.902522444725037 0.930033206939697 0.957543909549713 0.985054671764374 1.01170563697815 1.03577756881714 1.05984938144684 1.08392131328583 1.10799312591553 1.13206505775452 1.15613687038422 1.18020868301392 1.14227628707886 1.08367562294006 1.02507507801056 0.96647447347641 0.907873868942261 0.849273264408112 0.790672659873962 0.74187445640564
