resources/Exp000_Example-Run/Run01_M2/TimeSeries/1995/model_set/lai_avg.asc
NCOLS 265 
NROWS 230 
XLLCORNER -115.5625 
YLLCORNER 24.8333333333333 
CELLSIZE 0.0833333333333333 
NODATA_value -9999 
[rows 40 to 59 of 230, columns 180 to 224 of 265]
0.978413283824921 0.991265714168549 1.00411808490753 1.01697051525116 1.02982294559479 1.04267537593842 1.05552780628204 1.06802189350128 1.08039665222168 1.09277129173279 1.1051459312439 1.117520570755 1.1298953294754 1.14226996898651 1.15239429473877 1.15576779842377 1.15914130210876 1.16251480579376 1.16588842868805 1.16926193237305 1.17263543605804 1.17600893974304 1.17979907989502 1.18372821807861 1.18765723705292 1.19158625602722 1.19551539421082 1.19944441318512 1.20337355136871 1.20775425434113 1.21349012851715 1.21922588348389 1.22496175765991 1.23069751262665 1.23643338680267 1.24216914176941 1.24790501594543 1.24745404720306 1.24494087696075 1.24242770671844 1.23991441726685 1.23740124702454 1.23488807678223 1.23237490653992 1.23202550411224
0.986657917499542 0.999481379985809 1.01230490207672 1.02512836456299 1.03795182704926 1.05077528953552 1.06359875202179 1.07596611976624 1.0881814956665 1.10039675235748 1.11261212825775 1.12482750415802 1.137042760849 1.14925813674927 1.15911090373993 1.16187596321106 1.16464102268219 1.16740608215332 1.17017126083374 1.17293632030487 1.175701379776 1.17846643924713 1.18167567253113 1.18503284454346 1.18839001655579 1.19174718856812 1.19510436058044 1.19846153259277 1.2018187046051 1.20558035373688 1.21055555343628 1.21553063392639 1.22050583362579 1.2254810333252 1.23045611381531 1.23543131351471 1.24040639400482 1.23957622051239 1.23681092262268 1.23404574394226 1.23128044605255 1.22851514816284 1.22574985027313 1.22298455238342 1.22246515750885
0.987612068653107 0.99993360042572 1.01225507259369 1.02457666397095 1.03689813613892 1.04921960830688 1.06154108047485 1.07344615459442 1.08521246910095 1.09697878360748 1.10874509811401 1.12051141262054 1.13227760791779 1.14404392242432 1.15358221530914 1.15643632411957 1.15929043292999 1.16214466094971 1.16499876976013 1.16785287857056 1.17070698738098 1.1735612154007 1.17678284645081 1.18012702465057 1.18347120285034 1.1868155002594 1.19015967845917 1.19350385665894 1.1968480348587 1.20060348510742 1.20559239387512 1.21058130264282 1.21557033061981 1.22055923938751 1.2255482673645 1.2305371761322 1.23552620410919 1.234738945961 1.23202621936798 1.22931361198425 1.22660088539124 1.22388827800751 1.22117555141449 1.21846282482147 1.21798062324524
0.981275856494904 0.992622375488281 1.00396883487701 1.01531529426575 1.02666175365448 1.0380083322525 1.04935479164124 1.06046211719513 1.07148957252502 1.08251714706421 1.09354472160339 1.10457229614258 1.11559987068176 1.12662744522095 1.1358083486557 1.13944900035858 1.14308965206146 1.14673030376434 1.15037095546722 1.1540116071701 1.15765237808228 1.16129302978516 1.16512072086334 1.16901087760925 1.17290103435516 1.17679119110107 1.18068134784698 1.18457138538361 1.18846154212952 1.19282352924347 1.19860076904297 1.20437800884247 1.21015524864197 1.21593248844147 1.22170972824097 1.22748696804047 1.23326420783997 1.23294198513031 1.23058664798737 1.22823119163513 1.22587585449219 1.22352051734924 1.2211651802063 1.21880972385406 1.21857213973999
0.9749396443367 0.985311150550842 0.995682597160339 1.00605404376984 1.01642549037933 1.02679693698883 1.03716838359833 1.04747796058655 1.05776679515839 1.06805562973022 1.07834446430206 1.0886332988739 1.09892213344574 1.10921096801758 1.11803436279297 1.12246155738831 1.12688875198364 1.13131606578827 1.13574326038361 1.14017045497894 1.14459764957428 1.14902484416962 1.15345871448517 1.15789473056793 1.1623307466507 1.16676688194275 1.17120289802551 1.17563903331757 1.18007504940033 1.18504357337952 1.19160902500153 1.19817459583282 1.20474016666412 1.21130561828613 1.21787118911743 1.22443675994873 1.23100221157074 1.23114502429962 1.22914695739746 1.2271488904953 1.22515082359314 1.22315275669098 1.22115468978882 1.21915662288666 1.21916365623474
0.968603432178497 0.977999866008759 0.987396359443665 0.996792793273926 1.00618922710419 1.01558566093445 1.02498209476471 1.03449380397797 1.04404389858246 1.05359399318695 1.06314408779144 1.07269430160522 1.08224439620972 1.09179449081421 1.10026049613953 1.10547423362732 1.11068797111511 1.11590170860291 1.1211154460907 1.12632918357849 1.13154292106628 1.13675665855408 1.1417965888977 1.14677858352661 1.15176057815552 1.15674257278442 1.16172456741333 1.16670656204224 1.17168855667114 1.17726349830627 1.18461740016937 1.19197118282318 1.19932496547699 1.20667886734009 1.2140326499939 1.2213864326477 1.2287403345108 1.22934818267822 1.22770738601685 1.22606658935547 1.22442579269409 1.22278499603271 1.22114431858063 1.21950352191925 1.2197550535202
0.962267220020294 0.97068864107132 0.979110062122345 0.98753148317337 0.995952904224396 1.00437426567078 1.0127956867218 1.02150964736938 1.03032100200653 1.03913247585297 1.04794383049011 1.05675518512726 1.06556665897369 1.07437801361084 1.08248662948608 1.08848690986633 1.09448719024658 1.10048735141754 1.10648763179779 1.11248791217804 1.11848819255829 1.12448847293854 1.13013446331024 1.13566243648529 1.14119040966034 1.1467182636261 1.15224623680115 1.1577742099762 1.16330206394196 1.16948354244232 1.17762565612793 1.18576776981354 1.19390988349915 1.20205199718475 1.21019411087036 1.21833622455597 1.22647833824158 1.22755122184753 1.22626781463623 1.22498428821564 1.22370076179504 1.22241735458374 1.22113382816315 1.21985030174255 1.22034657001495
0.955931007862091 0.963377416133881 0.97082382440567 0.97827023267746 0.985716581344604 0.993162989616394 1.00060939788818 1.0085254907608 1.0165981054306 1.02467083930969 1.03274345397949 1.04081618785858 1.04888880252838 1.05696153640747 1.06471276283264 1.07149946689606 1.07828629016876 1.08507311344147 1.09185993671417 1.09864664077759 1.10543346405029 1.112220287323 1.11847233772278 1.12454628944397 1.13062012195587 1.13669395446777 1.14276790618896 1.14884173870087 1.15491569042206 1.16170358657837 1.17063403129578 1.17956447601318 1.1884948015213 1.19742524623871 1.20635557174683 1.21528601646423 1.22421634197235 1.22575438022614 1.22482812404633 1.22390198707581 1.222975730896 1.22204959392548 1.22112345695496 1.22019720077515 1.2209380865097
0.948373913764954 0.954699277877808 0.961024701595306 0.96735006570816 0.973675429821014 0.980000793933868 0.986326217651367 0.993317663669586 1.00053119659424 1.00774478912354 1.01495826244354 1.02217173576355 1.02938532829285 1.03659880161285 1.04393589496613 1.05164349079132 1.05935096740723 1.06705856323242 1.07476603984833 1.08247363567352 1.09018123149872 1.09788870811462 1.10490930080414 1.11170089244843 1.11849236488342 1.12528395652771 1.13207542896271 1.13886702060699 1.14565861225128 1.15320718288422 1.16302716732025 1.17284727096558 1.18266725540161 1.19248723983765 1.20230722427368 1.21212720870972 1.22194731235504 1.22400140762329 1.22346711158752 1.22293269634247 1.22239828109741 1.22186386585236 1.2213294506073 1.22079503536224 1.22181725502014
0.939595937728882 0.944654285907745 0.949712693691254 0.954771041870117 0.959829390048981 0.964887797832489 0.969946146011353 0.975886225700378 0.982120156288147 0.98835414648056 0.994588077068329 1.00082206726074 1.00705599784851 1.01328992843628 1.02015602588654 1.02891862392426 1.03768122196198 1.04644370079041 1.05520629882812 1.06396877765656 1.07273137569427 1.0814938545227 1.08944523334503 1.09712612628937 1.10480713844299 1.11248803138733 1.12016904354095 1.12784993648529 1.13553082942963 1.14399433135986 1.15480530261993 1.16561627388 1.17642712593079 1.18723809719086 1.19804906845093 1.208860039711 1.21967101097107 1.22229254245758 1.22218441963196 1.22207641601562 1.22196817398071 1.22186017036438 1.22175192832947 1.22164392471313 1.22298419475555
0.93081796169281 0.934609293937683 0.938400685787201 0.942192018032074 0.945983409881592 0.949774742126465 0.953566133975983 0.958454728126526 0.963709115982056 0.968963503837585 0.974217891693115 0.979472279548645 0.984726667404175 0.989981055259705 0.996376276016235 1.00619375705719 1.01601135730743 1.02582883834839 1.03564643859863 1.04546391963959 1.05528151988983 1.06509900093079 1.07398116588593 1.0825514793396 1.09112191200256 1.09969222545624 1.10826253890991 1.11683285236359 1.12540316581726 1.13478147983551 1.14658331871033 1.15838515758514 1.17018711566925 1.18198895454407 1.19379091262817 1.20559275150299 1.2173947095871 1.22058379650116 1.22090184688568 1.22122001647949 1.2215381860733 1.22185635566711 1.22217452526093 1.22249269485474 1.22415113449097
0.922039985656738 0.924564301967621 0.927088677883148 0.929613053798676 0.932137370109558 0.934661746025085 0.937186062335968 0.941023290157318 0.945298075675964 0.949572920799255 0.953847765922546 0.958122551441193 0.962397396564484 0.96667218208313 0.97259646654129 0.983469009399414 0.994341492652893 1.00521409511566 1.01608657836914 1.02695918083191 1.03783166408539 1.04870414733887 1.05851709842682 1.06797683238983 1.07743656635284 1.08689630031586 1.09635603427887 1.10581576824188 1.1152755022049 1.12556850910187 1.13836133480072 1.15115416049957 1.16394698619843 1.17673981189728 1.18953263759613 1.20232558250427 1.21511840820312 1.21887493133545 1.2196192741394 1.22036373615265 1.22110819816589 1.22185266017914 1.22259700298309 1.22334146499634 1.22531807422638
0.913262009620667 0.914519309997559 0.915776669979095 0.917034029960632 0.918291330337524 0.919548690319061 0.920806050300598 0.923591792583466 0.926887035369873 0.930182337760925 0.933477580547333 0.93677282333374 0.940068066120148 0.943363308906555 0.948816657066345 0.960744142532349 0.972671687602997 0.984599232673645 0.996526777744293 1.00845432281494 1.02038180828094 1.03230929374695 1.04305303096771 1.05340218544006 1.06375133991241 1.07410049438477 1.08444964885712 1.09479868412018 1.10514783859253 1.11635565757751 1.1301394701004 1.143923163414 1.15770697593689 1.17149078845978 1.18527448177338 1.19905829429626 1.21284210681915 1.21716606616974 1.21833670139313 1.21950745582581 1.22067809104919 1.22184884548187 1.22301959991455 1.22419023513794 1.22648501396179
0.904484033584595 0.904474318027496 0.904464662075043 0.904455006122589 0.904445350170135 0.904435694217682 0.904425978660583 0.906160354614258 0.908476054668427 0.91079169511795 0.913107395172119 0.915423095226288 0.917738735675812 0.92005443572998 0.9250368475914 0.938019335269928 0.951001882553101 0.963984370231628 0.976966917514801 0.989949464797974 1.0029319524765 1.01591444015503 1.02758896350861 1.0388275384903 1.05006611347198 1.06130456924438 1.07254314422607 1.08378159999847 1.09502017498016 1.10714280605316 1.1219174861908 1.13669216632843 1.15146684646606 1.16624164581299 1.18101632595062 1.19579100608826 1.21056580543518 1.21545720100403 1.21705412864685 1.21865117549896 1.22024810314178 1.2218451499939 1.22344207763672 1.22503912448883 1.2276519536972
0.897239089012146 0.896854877471924 0.896470665931702 0.89608645439148 0.895702242851257 0.895318031311035 0.894933819770813 0.896427094936371 0.89854621887207 0.90066534280777 0.902784466743469 0.904903650283813 0.907022774219513 0.909141898155212 0.914176642894745 0.927958309650421 0.941739976406097 0.955521702766418 0.969303369522095 0.983085036277771 0.996866703033447 1.01064836978912 1.02292907238007 1.03470933437347 1.04648971557617 1.05827009677887 1.07005035877228 1.08183073997498 1.09361112117767 1.10626971721649 1.12156331539154 1.1368567943573 1.15215027332306 1.16744387149811 1.18273735046387 1.19803082942963 1.21332442760468 1.21833276748657 1.21991288661957 1.22149288654327 1.22307288646698 1.22465288639069 1.22623288631439 1.22781300544739 1.23036396503448
0.89152729511261 0.891660988330841 0.891794681549072 0.891928374767303 0.892062067985535 0.892195761203766 0.892329454421997 0.89439207315445 0.897097647190094 0.899803280830383 0.902508854866028 0.905214488506317 0.907920122146606 0.910625696182251 0.916236162185669 0.930561125278473 0.944886088371277 0.959211051464081 0.973536014556885 0.987860977649689 1.00218594074249 1.01651096343994 1.02907311916351 1.04104769229889 1.05302226543427 1.06499683856964 1.07697141170502 1.08894610404968 1.10092067718506 1.11373662948608 1.12907683849335 1.14441704750061 1.15975725650787 1.17509734630585 1.19043755531311 1.20577776432037 1.22111797332764 1.22579288482666 1.2269127368927 1.22803258895874 1.22915244102478 1.23027229309082 1.23139214515686 1.2325119972229 1.23462128639221
0.885815441608429 0.886467039585114 0.887118637561798 0.887770235538483 0.888421833515167 0.889073431491852 0.889725029468536 0.892356991767883 0.895649075508118 0.898941159248352 0.902233242988586 0.905525386333466 0.9088174700737 0.912109553813934 0.918295681476593 0.933163940906525 0.948032200336456 0.962900459766388 0.97776871919632 0.992636978626251 1.00750517845154 1.02237343788147 1.03521716594696 1.0473860502243 1.05955481529236 1.0717236995697 1.08389246463776 1.0960613489151 1.10823011398315 1.12120354175568 1.13659036159515 1.15197718143463 1.1673641204834 1.18275094032288 1.19813787937164 1.21352469921112 1.2289115190506 1.23325300216675 1.23391270637512 1.23457229137421 1.23523199558258 1.23589169979095 1.23655128479004 1.23721098899841 1.23887848854065
0.880103588104248 0.881273150444031 0.882442653179169 0.883612155914307 0.884781658649445 0.885951161384583 0.88712066411972 0.890321969985962 0.894200563430786 0.898079097270966 0.901957631111145 0.905836224555969 0.909714758396149 0.913593351840973 0.920355141162872 0.935766696929932 0.951178252696991 0.96658980846405 0.98200136423111 0.997412919998169 1.01282453536987 1.02823603153229 1.04136121273041 1.05372428894043 1.06608736515045 1.07845044136047 1.0908135175705 1.10317659378052 1.11553966999054 1.12867033481598 1.14410388469696 1.15953743457794 1.17497098445892 1.1904045343399 1.20583808422089 1.22127163410187 1.23670518398285 1.24071311950684 1.24091255664825 1.24111211299896 1.24131155014038 1.2415109872818 1.24171054363251 1.24190998077393 1.24313580989838
0.874391794204712 0.876079201698303 0.877766609191895 0.879454016685486 0.881141483783722 0.882828891277313 0.884516298770905 0.88828694820404 0.89275199174881 0.897217035293579 0.901682019233704 0.906147062778473 0.910612106323242 0.915077149868011 0.922414660453796 0.938369512557983 0.95432436466217 0.970279216766357 0.986234068870544 1.00218892097473 1.01814377307892 1.03409862518311 1.04750537872314 1.06006264686584 1.07261991500854 1.08517730236053 1.09773457050323 1.11029195785522 1.12284922599792 1.13613724708557 1.15161740779877 1.16709768772125 1.18257784843445 1.19805812835693 1.21353828907013 1.22901844978333 1.24449872970581 1.24817323684692 1.24791252613068 1.24765181541443 1.24739110469818 1.24713039398193 1.24686968326569 1.24660897254944 1.24739301204681
0.868679940700531 0.870885252952576 0.873090624809265 0.87529593706131 0.877501249313354 0.879706621170044 0.881911933422089 0.886251926422119 0.891303420066833 0.896354913711548 0.901406407356262 0.906457960605621 0.911509454250336 0.91656094789505 0.924474120140076 0.94097226858139 0.957470417022705 0.97396856546402 0.990466713905334 1.00696492195129 1.02346301078796 1.03996121883392 1.05364942550659 1.06640100479126 1.07915246486664 1.09190404415131 1.10465562343597 1.11740720272064 1.13015878200531 1.14360415935516 1.15913105010986 1.17465794086456 1.19018483161926 1.20571160316467 1.22123849391937 1.23676538467407 1.25229227542877 1.25563335418701 1.2549124956131 1.2541915178299 1.25347065925598 1.25274980068207 1.25202882289886 1.25130796432495 1.25165021419525
