data/working_set_collections/6091692-Cassins_Sparrow-M2/1985/albedo_avg.asc
NCOLS 265 
NROWS 230 
XLLCORNER -115.5625 
YLLCORNER 24.8333333333333 
CELLSIZE 0.0833333333333333 
NODATA_value -9999 
[rows 200 to 219 of 230, columns 88 to 131 of 265]
0.127523750066757 0.126847922801971 0.126761585474014 0.126675248146057 0.1265889108181 0.126502573490143 0.126416236162186 0.126329898834229 0.126243561506271 0.127762645483017 0.129816874861717 0.131871119141579 0.133925348520279 0.135979577898979 0.138033807277679 0.14008803665638 0.142504781484604 0.146009027957916 0.14951328933239 0.153017550706863 0.156521797180176 0.160026058554649 0.163530319929123 0.167034566402435 0.168469473719597 0.169214591383934 0.169959709048271 0.170704811811447 0.171449929475784 0.172195047140121 0.172940164804459 0.173986226320267 0.175935134291649 0.177884042263031 0.179832950234413 0.181781858205795 0.183730766177177 0.18567967414856 0.187628582119942 0.189010635018349 0.190203726291656 0.191396817564964 0.192589908838272 0.19378300011158
0.128021240234375 0.127211406826973 0.127024084329605 0.126836776733398 0.126649469137192 0.126462146639824 0.126274839043617 0.126087531447411 0.125900208950043 0.127177849411964 0.128943800926208 0.130709767341614 0.132475718855858 0.134241670370102 0.136007621884346 0.137773588299751 0.140008509159088 0.143650338053703 0.14729218184948 0.150934010744095 0.15457583963871 0.158217683434486 0.161859512329102 0.165501341223717 0.167079478502274 0.167969718575478 0.168859958648682 0.169750198721886 0.170640453696251 0.171530693769455 0.172420933842659 0.173605307936668 0.175672128796577 0.177738949656487 0.179805770516396 0.181872591376305 0.183939397335052 0.186006218194962 0.188073039054871 0.189734041690826 0.191259786486626 0.192785531282425 0.194311276078224 0.195837005972862
0.128518730401993 0.127574875950813 0.127286583185196 0.12699830532074 0.126710012555122 0.126421719789505 0.126133441925049 0.125845149159431 0.125556856393814 0.126593053340912 0.1280707269907 0.129548415541649 0.131026089191437 0.132503777742386 0.133981451392174 0.135459125041962 0.137512236833572 0.14129164814949 0.145071059465408 0.148850470781326 0.152629882097244 0.156409293413162 0.16018870472908 0.163968116044998 0.165689498186111 0.166724860668182 0.167760223150253 0.168795585632324 0.169830963015556 0.170866325497627 0.171901687979698 0.17322438955307 0.175409123301506 0.177593857049942 0.179778575897217 0.181963309645653 0.184148028492928 0.186332762241364 0.188517481088638 0.190457463264465 0.192315846681595 0.194174244999886 0.196032628417015 0.197891011834145
0.129016235470772 0.127938345074654 0.127549082040787 0.12715981900692 0.126770555973053 0.126381292939186 0.125992029905319 0.125602781772614 0.125213518738747 0.126008257269859 0.127197653055191 0.128387063741684 0.129576459527016 0.130765870213509 0.131955280900002 0.133144676685333 0.135015979409218 0.138932973146439 0.142849951982498 0.146766945719719 0.150683924555779 0.154600918292999 0.15851791203022 0.16243489086628 0.164299502968788 0.165480002760887 0.166660487651825 0.167840972542763 0.169021472334862 0.1702019572258 0.171382457017899 0.172843471169472 0.175146117806435 0.177448749542236 0.179751381278038 0.182054027915001 0.184356659650803 0.186659291386604 0.188961938023567 0.191180869936943 0.193371906876564 0.195562943816185 0.197753980755806 0.199945017695427
0.129727363586426 0.128521680831909 0.128011092543602 0.127500504255295 0.126989915966988 0.12647932767868 0.125968724489212 0.125458136200905 0.124947547912598 0.125510290265083 0.126430809497833 0.127351328730583 0.128271847963333 0.129192367196083 0.130112886428833 0.131033405661583 0.132676169276237 0.136485725641251 0.140295267105103 0.144104808568954 0.147914350032806 0.15172390639782 0.155533447861671 0.159342989325523 0.16141465306282 0.162907004356384 0.164399370551109 0.165891721844673 0.167384088039398 0.168876439332962 0.170368805527687 0.172096937894821 0.174532368779182 0.176967814564705 0.179403245449066 0.181838691234589 0.18427412211895 0.186709567904472 0.189144998788834 0.191702261567116 0.194300144910812 0.196898028254509 0.199495896697044 0.202093780040741
0.130652144551277 0.12932488322258 0.128672614693642 0.128020346164703 0.127368062734604 0.126715794205666 0.126063525676727 0.125411242246628 0.12475897371769 0.125099167227745 0.125770196318626 0.126441210508347 0.127112239599228 0.127783253788948 0.128454267978668 0.12912529706955 0.130492836236954 0.133949920535088 0.13740698993206 0.140864074230194 0.144321158528328 0.147778242826462 0.151235327124596 0.15469241142273 0.157034903764725 0.159005880355835 0.160976856946945 0.162947833538055 0.164918795228004 0.166889771819115 0.168860748410225 0.170984759926796 0.173567891120911 0.176151022315025 0.17873415350914 0.181317284703255 0.183900415897369 0.186483547091484 0.189066678285599 0.192021653056145 0.19510056078434 0.198179468512535 0.20125837624073 0.204337298870087
0.131576925516129 0.130128085613251 0.129334136843681 0.128540173172951 0.127746224403381 0.126952260732651 0.126158311963081 0.125364348292351 0.124570392072201 0.124688051640987 0.125109568238258 0.12553109228611 0.125952616333961 0.126374140381813 0.126795664429665 0.127217188477516 0.128309488296509 0.131414115428925 0.134518727660179 0.137623354792595 0.140727967023849 0.143832579255104 0.14693720638752 0.150041818618774 0.15265516936779 0.155104756355286 0.157554343342781 0.160003930330276 0.162453517317772 0.164903104305267 0.167352691292763 0.169872581958771 0.172603413462639 0.175334244966507 0.178065061569214 0.180795893073082 0.183526709675789 0.186257541179657 0.188988357782364 0.192341029644012 0.195900976657867 0.199460908770561 0.203020855784416 0.206580802798271
0.13250170648098 0.130931288003922 0.12999564409256 0.129060015082359 0.128124371170998 0.127188727259636 0.126253098249435 0.125317454338074 0.124381817877293 0.124276928603649 0.124448955059052 0.124620981514454 0.124793007969856 0.124965034425259 0.125137060880661 0.125309079885483 0.126126140356064 0.1288782954216 0.131630465388298 0.134382620453835 0.137134775519371 0.139886930584908 0.142639085650444 0.145391240715981 0.148275434970856 0.151203632354736 0.154131829738617 0.157060027122498 0.159988239407539 0.16291643679142 0.165844634175301 0.168760418891907 0.171638935804367 0.174517452716827 0.177395969629288 0.180274486541748 0.183153003454208 0.186031520366669 0.188910037279129 0.19266040623188 0.196701377630234 0.200742363929749 0.204783335328102 0.208824321627617
0.133426502346992 0.131734490394592 0.130657166242599 0.129579842090607 0.128502532839775 0.127425208687782 0.126347884535789 0.125270560383797 0.124193243682384 0.123865805566311 0.123788334429264 0.123710863292217 0.12363339215517 0.123555921018124 0.123478449881077 0.12340097874403 0.1239427998662 0.126342490315437 0.128742188215256 0.131141886115074 0.133541584014893 0.13594126701355 0.138340964913368 0.140740662813187 0.143895700573921 0.147302508354187 0.150709316134453 0.15411613881588 0.157522946596146 0.160929769277573 0.164336577057838 0.167648240923882 0.170674458146095 0.173700660467148 0.176726877689362 0.179753094911575 0.182779297232628 0.185805514454842 0.188831731677055 0.192979782819748 0.197501793503761 0.202023804187775 0.206545814871788 0.211067825555801
0.134351283311844 0.132537692785263 0.131318688392639 0.130099684000015 0.128880679607391 0.127661675214767 0.126442670822144 0.12522366642952 0.124004662036896 0.123454689979553 0.123127721250057 0.122800752520561 0.122473783791065 0.122146815061569 0.121819846332073 0.121492877602577 0.121759459376335 0.123806692659855 0.125853925943375 0.127901151776314 0.129948377609253 0.131995618343353 0.134042844176292 0.136090070009232 0.139515951275826 0.143401384353638 0.14728681743145 0.151172235608101 0.155057668685913 0.158943101763725 0.162828519940376 0.166536077857018 0.169709980487823 0.172883883118629 0.176057785749435 0.179231688380241 0.182405591011047 0.185579508543015 0.18875341117382 0.193299159407616 0.198302209377289 0.203305244445801 0.208308294415474 0.213311344385147
0.135905295610428 0.134065940976143 0.132677346467972 0.13128873705864 0.129900142550468 0.128511548042297 0.127122953534126 0.125734359025955 0.124345757067204 0.123578958213329 0.123019427061081 0.122459895908833 0.121900372207165 0.121340841054916 0.120781309902668 0.12022177875042 0.120240278542042 0.121992856264114 0.123745426535606 0.12549801170826 0.127250581979752 0.129003152251244 0.130755737423897 0.132508307695389 0.136065989732742 0.140225350856781 0.144384726881981 0.148544102907181 0.152703478932381 0.156862854957581 0.16102223098278 0.164958760142326 0.168226733803749 0.171494707465172 0.174762681126595 0.178030654788017 0.18129862844944 0.184566602110863 0.187834575772285 0.192393481731415 0.1973827034235 0.202371940016747 0.207361161708832 0.212350383400917
0.138088554143906 0.136319234967232 0.134733125567436 0.133147031068802 0.131560921669006 0.129974827170372 0.128388717770576 0.126802623271942 0.125216513872147 0.1242386251688 0.123463466763496 0.122688315808773 0.121913157403469 0.121137998998165 0.120362848043442 0.119587689638138 0.119385257363319 0.120900988578796 0.122416712343693 0.12393244355917 0.125448167324066 0.126963898539543 0.12847962975502 0.129995346069336 0.133545771241188 0.137774422764778 0.142003074288368 0.14623174071312 0.15046039223671 0.1546890437603 0.15891769528389 0.162916287779808 0.166224703192711 0.169533118605614 0.172841548919678 0.176149964332581 0.179458379745483 0.182766795158386 0.186075210571289 0.190262734889984 0.194743305444717 0.19922386109829 0.203704416751862 0.208184987306595
0.140271812677383 0.138572528958321 0.136788919568062 0.135005310177803 0.133221700787544 0.131438091397285 0.129654482007027 0.127870887517929 0.12608727812767 0.124898284673691 0.123907506465912 0.122916728258133 0.121925942599773 0.120935164391994 0.119944386184216 0.118953600525856 0.118530236184597 0.119809120893478 0.121087998151779 0.12236687541008 0.123645752668381 0.124924637377262 0.126203507184982 0.127482399344444 0.131025567650795 0.135323494672775 0.139621436595917 0.143919363617897 0.148217290639877 0.152515232563019 0.156813159584999 0.160873830318451 0.164222687482834 0.167571544647217 0.170920416712761 0.174269273877144 0.177618131041527 0.18096698820591 0.184315845370293 0.188131988048553 0.192103892564774 0.196075782179832 0.200047686696053 0.204019576311111
0.142455071210861 0.14082582294941 0.138844713568687 0.136863589286804 0.134882479906082 0.13290137052536 0.130920261144638 0.128939151763916 0.126958027482033 0.125557944178581 0.124351546168327 0.123145140707493 0.121938735246658 0.120732329785824 0.119525924324989 0.118319518864155 0.117675222456455 0.11871725320816 0.119759283959866 0.120801314711571 0.121843345463276 0.122885376214981 0.123927406966686 0.124969437718391 0.128505349159241 0.132872566580772 0.137239784002304 0.141606986522675 0.145974203944206 0.150341421365738 0.15470863878727 0.158831372857094 0.162220671772957 0.16560997068882 0.168999284505844 0.172388583421707 0.17577788233757 0.179167196154594 0.182556495070457 0.186001241207123 0.18946447968483 0.192927703261375 0.196390941739082 0.199854165315628
0.1446383446455 0.143079116940498 0.140900492668152 0.138721883296967 0.13654325902462 0.134364649653435 0.132186025381088 0.130007416009903 0.127828791737556 0.126217618584633 0.124795585870743 0.123373553156853 0.121951520442963 0.120529487729073 0.119107455015182 0.117685429751873 0.116820201277733 0.117625385522842 0.118430562317371 0.119235746562481 0.12004093080759 0.1208461150527 0.12165129929781 0.122456483542919 0.125985145568848 0.13042163848877 0.134858131408691 0.139294624328613 0.143731117248535 0.148167610168457 0.152604103088379 0.156788900494576 0.16021865606308 0.163648396730423 0.167078152298927 0.17050789296627 0.173937648534775 0.177367389202118 0.180797129869461 0.183870494365692 0.186825066804886 0.189779624342918 0.192734196782112 0.195688769221306
0.146821603178978 0.145332410931587 0.142956286668777 0.140580162405968 0.138204038143158 0.135827913880348 0.133451789617538 0.13107568025589 0.12869955599308 0.126877278089523 0.125239625573158 0.123601965606213 0.121964305639267 0.120326653122902 0.118688993155956 0.117051340639591 0.11596518009901 0.116533517837524 0.117101848125458 0.117670185863972 0.118238516151905 0.118806853890419 0.119375191628933 0.119943521916866 0.123464934527874 0.127970710396767 0.132476478815079 0.136982247233391 0.141488030552864 0.145993798971176 0.150499567389488 0.154746443033218 0.158216640353203 0.161686822772026 0.16515702009201 0.168627202510834 0.172097399830818 0.175567582249641 0.179037779569626 0.181739747524261 0.184185653924942 0.186631560325623 0.189077451825142 0.191523358225822
0.147779047489166 0.146529227495193 0.144120886921883 0.141712531447411 0.1393041908741 0.136895835399628 0.134487494826317 0.132079154253006 0.129670798778534 0.127741992473602 0.125973030924797 0.124204061925411 0.122435092926025 0.12066612392664 0.118897162377834 0.117128193378448 0.11589340865612 0.116261169314384 0.116628929972649 0.116996683180332 0.117364443838596 0.11773220449686 0.118099965155125 0.118467718362808 0.121900744736195 0.126355513930321 0.130810290575027 0.135265067219734 0.139719843864441 0.144174620509148 0.148629382252693 0.152834311127663 0.156289711594582 0.159745112061501 0.16320051252842 0.166655912995338 0.170111313462257 0.173566713929176 0.177022114396095 0.17939504981041 0.181407168507576 0.183419272303581 0.185431376099586 0.187443494796753
0.147510707378387 0.146669581532478 0.144394293427467 0.142119005322456 0.139843717217445 0.137568414211273 0.135293126106262 0.133017838001251 0.13074254989624 0.12881176173687 0.126995801925659 0.125179842114449 0.123363874852657 0.121547915041447 0.119731955230236 0.117915995419025 0.116604886949062 0.116808339953423 0.117011800408363 0.117215253412724 0.117418706417084 0.117622159421444 0.117825619876385 0.118029072880745 0.121292561292648 0.125576063990593 0.129859566688538 0.134143054485321 0.138426557183266 0.14271005988121 0.146993562579155 0.151052534580231 0.154437899589539 0.157823279500008 0.161208659410477 0.164594039320946 0.167979404330254 0.171364784240723 0.174750164151192 0.176836401224136 0.178489595651627 0.180142775177956 0.181795969605446 0.183449164032936
0.147242352366447 0.146809935569763 0.144667699933052 0.142525464296341 0.14038322865963 0.138240993022919 0.136098772287369 0.133956536650658 0.131814301013947 0.129881516098976 0.128018572926521 0.126155614852905 0.124292656779289 0.122429706156254 0.120566748082638 0.118703797459602 0.117316365242004 0.117355518043041 0.117394670844078 0.117433816194534 0.117472968995571 0.117512121796608 0.117551274597645 0.117590427398682 0.120684377849102 0.124796606600285 0.128908827900887 0.133021056652069 0.137133285403252 0.141245514154434 0.145357728004456 0.149270743131638 0.152586087584496 0.155901446938515 0.159216791391373 0.162532150745392 0.16584749519825 0.169162854552269 0.172478199005127 0.174277752637863 0.175572022795677 0.176866292953491 0.178160563111305 0.179454833269119
0.146973997354507 0.146950289607048 0.144941106438637 0.142931938171387 0.140922755002975 0.138913571834564 0.136904403567314 0.134895220398903 0.132886037230492 0.130951285362244 0.129041343927383 0.127131387591362 0.125221446156502 0.12331148982048 0.12140154093504 0.119491592049599 0.118027843534946 0.117902688682079 0.117777541279793 0.117652386426926 0.117527231574059 0.117402084171772 0.117276929318905 0.117151774466038 0.120076201856136 0.124017149209976 0.127958104014397 0.131899058818817 0.135839998722076 0.139780953526497 0.143721908330917 0.147488951683044 0.150734275579453 0.153979614377022 0.15722493827343 0.160470262169838 0.163715586066246 0.166960924863815 0.170206248760223 0.171719089150429 0.172654449939728 0.173589795827866 0.174525156617165 0.175460502505302
