data/working_set_collections/6091692-Cassins_Sparrow-M2/1985/albedo_avg.asc
NCOLS 265 
NROWS 230 
XLLCORNER -115.5625 
YLLCORNER 24.8333333333333 
CELLSIZE 0.0833333333333333 
NODATA_value -9999 
[rows 120 to 139 of 230, columns 176 to 219 of 265]
0.195108294487 0.192846313118935 0.190584316849709 0.188879773020744 0.188847616314888 0.188815459609032 0.188783302903175 0.188751146197319 0.188718989491463 0.188686817884445 0.188654661178589 0.189574956893921 0.19081275165081 0.192050531506538 0.193288311362267 0.194526091217995 0.195763885974884 0.197001665830612 0.198055922985077 0.198559612035751 0.199063301086426 0.199566975235939 0.200070664286613 0.200574353337288 0.201078042387962 0.201581731438637 0.201079770922661 0.200242608785629 0.199405431747437 0.198568254709244 0.197731092572212 0.196893915534019 0.196056753396988 0.195045992732048 0.193514481186867 0.191982984542847 0.190451472997665 0.188919961452484 0.187388449907303 0.185856953263283 0.184325441718102 0.18261381983757 0.180842146277428 0.179070487618446
0.194320842623711 0.191990405321121 0.189659953117371 0.187944814562798 0.188075587153435 0.188206374645233 0.18833714723587 0.188467934727669 0.188598707318306 0.188729494810104 0.188860267400742 0.18968865275383 0.19074958562851 0.191810503602028 0.192871421575546 0.193932354450226 0.194993272423744 0.196054190397263 0.196912229061127 0.197161555290222 0.197410881519318 0.197660207748413 0.197909533977509 0.198158875107765 0.198408201336861 0.198657527565956 0.198130577802658 0.197344854474068 0.196559146046638 0.195773422718048 0.194987699389458 0.194201990962029 0.193416267633438 0.192535102367401 0.191367581486702 0.190200045704842 0.189032524824142 0.187864989042282 0.186697468161583 0.185529932379723 0.184362411499023 0.182750150561333 0.180989652872086 0.179229155182838
0.193533390760422 0.191134497523308 0.188735589385033 0.18700984120369 0.187303557991982 0.187597289681435 0.187891006469727 0.188184723258018 0.18847844004631 0.188772156834602 0.189065873622894 0.189802348613739 0.190686419606209 0.191570475697517 0.192454546689987 0.193338602781296 0.194222673773766 0.195106729865074 0.195768520236015 0.195763498544693 0.195758461952209 0.195753440260887 0.195748403668404 0.195743381977081 0.195738345384598 0.195733323693275 0.195181369781494 0.194447115063667 0.193712845444679 0.192978590726852 0.192244321107864 0.191510066390038 0.19077579677105 0.190024212002754 0.189220666885376 0.188417121767998 0.18761357665062 0.18681001663208 0.186006471514702 0.185202926397324 0.184399381279945 0.182886481285095 0.181137159466743 0.179387822747231
0.192745938897133 0.190278589725494 0.187811225652695 0.186074882745743 0.186531543731689 0.186988189816475 0.187444850802422 0.187901511788368 0.188358157873154 0.1888148188591 0.189271479845047 0.189916044473648 0.190623253583908 0.191330447793007 0.192037656903267 0.192744866013527 0.193452060222626 0.194159269332886 0.194624826312065 0.194365441799164 0.194106057286263 0.1938466578722 0.193587273359299 0.193327888846397 0.193068504333496 0.192809119820595 0.192232176661491 0.191549360752106 0.190866559743881 0.190183743834496 0.189500942826271 0.188818141818047 0.188135325908661 0.187513336539268 0.187073767185211 0.186634197831154 0.186194628477097 0.185755044221878 0.185315474867821 0.184875905513763 0.184436336159706 0.183022826910019 0.18128465116024 0.179546490311623
0.191958487033844 0.189422681927681 0.186886876821518 0.185139909386635 0.185759514570236 0.186379104852676 0.186998695135117 0.187618300318718 0.188237890601158 0.188857480883598 0.1894770860672 0.190029740333557 0.190560087561607 0.191090419888496 0.191620767116547 0.192151114344597 0.192681461572647 0.193211793899536 0.193481117486954 0.192967385053635 0.192453637719154 0.191939890384674 0.191426143050194 0.190912410616875 0.190398663282394 0.189884915947914 0.189282968640327 0.188651621341705 0.188020259141922 0.1873889118433 0.186757564544678 0.186126202344894 0.185494855046272 0.185002446174622 0.184926852583885 0.184851258993149 0.184775665402412 0.184700086712837 0.184624493122101 0.184548899531364 0.184473305940628 0.183159157633781 0.181432157754898 0.179705157876015
0.191171035170555 0.188566774129868 0.18596251308918 0.184204950928688 0.184987485408783 0.185770019888878 0.186552554368973 0.187335088849068 0.188117623329163 0.188900157809258 0.189682692289352 0.190143436193466 0.190496921539307 0.190850391983986 0.191203877329826 0.191557362675667 0.191910848021507 0.192264333367348 0.192337423563004 0.191569328308105 0.190801218152046 0.190033122897148 0.189265012741089 0.188496917486191 0.187728822231293 0.186960712075233 0.186333760619164 0.185753867030144 0.185173973441124 0.184594079852104 0.184014171361923 0.183434277772903 0.182854384183884 0.182491555809975 0.182779937982559 0.183068335056305 0.183356717228889 0.183645114302635 0.18393349647522 0.184221893548965 0.18451027572155 0.183295488357544 0.181579664349556 0.179863825440407
0.190774381160736 0.188249722123146 0.185725063085556 0.184048175811768 0.184914633631706 0.185781076550484 0.186647519469261 0.1875139772892 0.188380420207977 0.189246878027916 0.190113320946693 0.190456315875053 0.190624818205833 0.190793335437775 0.190961852669716 0.191130355000496 0.191298872232437 0.191467374563217 0.191332593560219 0.190287962555885 0.189243331551552 0.188198685646057 0.187154054641724 0.18610942363739 0.185064777731895 0.184020146727562 0.183388993144035 0.182895660400391 0.182402342557907 0.181909009814262 0.181415677070618 0.180922344326973 0.180429026484489 0.180204674601555 0.180787235498428 0.181369796395302 0.181952372193336 0.18253493309021 0.183117493987083 0.183700069785118 0.184282630681992 0.183166265487671 0.181483581662178 0.179800897836685
0.190768539905548 0.188471540808678 0.186174526810646 0.184669613838196 0.185540959239006 0.186412289738655 0.187283635139465 0.188154965639114 0.189026311039925 0.189897641539574 0.190768986940384 0.19096839427948 0.19094380736351 0.190919235348701 0.190894663333893 0.190870076417923 0.190845504403114 0.190820932388306 0.190466657280922 0.189123302698135 0.18777996301651 0.186436608433723 0.185093268752098 0.183749914169312 0.182406559586525 0.1810632199049 0.180448636412621 0.180077001452446 0.17970535159111 0.179333701729774 0.1789620667696 0.178590416908264 0.178218767046928 0.17814177274704 0.17894871532917 0.179755657911301 0.180562600493431 0.181369543075562 0.182176485657692 0.182983428239822 0.183790370821953 0.18277145922184 0.181143924593925 0.179516389966011
0.19076269865036 0.188693344593048 0.186624005436897 0.185291051864624 0.186167284846306 0.187043502926826 0.187919735908508 0.18879596889019 0.189672186970711 0.190548419952393 0.191424652934074 0.191480457782745 0.191262796521187 0.191045135259628 0.19082747399807 0.190609812736511 0.190392136573792 0.190174475312233 0.189600721001625 0.187958657741547 0.186316594481468 0.18467453122139 0.183032467961311 0.181390404701233 0.179748341441154 0.178106278181076 0.177508294582367 0.17725832760334 0.177008375525475 0.176758408546448 0.176508456468582 0.176258489489555 0.176008522510529 0.176078885793686 0.177110210061073 0.1781415194273 0.179172843694687 0.180204167962074 0.1812354773283 0.182266801595688 0.183298125863075 0.182376652956009 0.180804282426834 0.179231896996498
0.190756857395172 0.18891516327858 0.187073469161987 0.185912489891052 0.186793595552444 0.187674716114998 0.188555836677551 0.189436957240105 0.190318077802658 0.191199198365211 0.192080318927765 0.191992536187172 0.191581785678864 0.191171035170555 0.190760284662247 0.190349534153938 0.18993878364563 0.189528033137321 0.188734769821167 0.186793997883797 0.184853225946426 0.182912454009056 0.180971667170525 0.179030895233154 0.177090123295784 0.175149351358414 0.174567952752113 0.174439668655396 0.174311384558678 0.174183115363121 0.174054831266403 0.173926562070847 0.173798277974129 0.174015998840332 0.175271689891815 0.176527380943298 0.177783086895943 0.179038777947426 0.180294468998909 0.181550160050392 0.182805866003036 0.181981861591339 0.180464625358582 0.178947389125824
0.190751016139984 0.189136981964111 0.187522947788239 0.186533913016319 0.187419921159744 0.188305929303169 0.189191937446594 0.19007796049118 0.190963968634605 0.19184997677803 0.192735984921455 0.192504599690437 0.19190077483654 0.191296935081482 0.190693095326424 0.190089255571365 0.189485415816307 0.188881576061249 0.18786883354187 0.185629338026047 0.183389857411385 0.181150361895561 0.178910881280899 0.176671385765076 0.174431905150414 0.17219240963459 0.171627596020699 0.171621009707451 0.171614408493042 0.171607807278633 0.171601220965385 0.171594619750977 0.171588033437729 0.171953096985817 0.173433169722557 0.174913242459297 0.176393315196037 0.177873387932777 0.179353460669518 0.180833533406258 0.182313606142998 0.181587055325508 0.180124968290329 0.17866288125515
0.190745174884796 0.189358785748482 0.187972411513329 0.187155351042747 0.188046246767044 0.188937142491341 0.189828053116798 0.190718948841095 0.191609844565392 0.192500740289688 0.193391650915146 0.193016678094864 0.192219749093056 0.191422834992409 0.190625905990601 0.189828976988792 0.189032062888145 0.188235133886337 0.187002882361412 0.184464693069458 0.181926488876343 0.179388284683228 0.176850080490112 0.174311891198158 0.171773687005043 0.169235482811928 0.168687254190445 0.168802335858345 0.168917432427406 0.169032514095306 0.169147610664368 0.169262692332268 0.169377788901329 0.169890210032463 0.17159466445446 0.173299103975296 0.175003558397293 0.17670801281929 0.178412452340126 0.180116906762123 0.181821346282959 0.181192263960838 0.179785311222076 0.178378373384476
0.191012158989906 0.189740568399429 0.188468977808952 0.187701910734177 0.188448458909988 0.1891950070858 0.189941540360451 0.190688088536263 0.191434636712074 0.192181184887886 0.192927718162537 0.192449778318405 0.191563680768013 0.190677583217621 0.189791485667229 0.188905373215675 0.188019275665283 0.187133178114891 0.185823634266853 0.183243781328201 0.180663928389549 0.178084075450897 0.175504222512245 0.172924369573593 0.170344516634941 0.167764663696289 0.167253643274307 0.167432233691216 0.167610824108124 0.167789414525032 0.16796800494194 0.168146595358849 0.168325170874596 0.168892174959183 0.170624390244484 0.172356620430946 0.174088835716248 0.17582106590271 0.177553281188011 0.179285511374474 0.181017726659775 0.180489659309387 0.179208174347878 0.177926674485207
0.191551983356476 0.190282315015793 0.189012631773949 0.188173606991768 0.188626542687416 0.189079493284225 0.189532428979874 0.189985379576683 0.190438315272331 0.190891265869141 0.19134421646595 0.190803915262222 0.189932554960251 0.189061179757118 0.188189819455147 0.187318459153175 0.186447083950043 0.185575723648071 0.184331074357033 0.181966632604599 0.179602190852165 0.177237749099731 0.174873307347298 0.172508850693703 0.170144408941269 0.167779967188835 0.167326778173447 0.167510688304901 0.167694583535194 0.167878493666649 0.168062403798103 0.168246299028397 0.168430209159851 0.168958991765976 0.170522376894951 0.172085776925087 0.173649162054062 0.175212562084198 0.176775947213173 0.178339347243309 0.179902732372284 0.179479271173477 0.178393542766571 0.177307799458504
0.192091807723045 0.190824046730995 0.189556285738945 0.188645288348198 0.188804641366005 0.188963979482651 0.189123317599297 0.189282670617104 0.189442008733749 0.189601361751556 0.189760699868202 0.189158052206039 0.188301429152489 0.187444791197777 0.186588153243065 0.185731530189514 0.184874892234802 0.18401825428009 0.182838529348373 0.180689483880997 0.178540453314781 0.176391407847404 0.174242377281189 0.172093331813812 0.169944301247597 0.167795270681381 0.167399913072586 0.167589142918587 0.167778357863426 0.167967587709427 0.168156802654266 0.168346017599106 0.168535247445107 0.169025793671608 0.170420363545418 0.171814918518066 0.173209488391876 0.174604058265686 0.175998613238335 0.177393183112144 0.178787738084793 0.178468897938728 0.177578896284103 0.17668890953064
0.192631632089615 0.191365778446198 0.190099939703941 0.189116984605789 0.188982725143433 0.188848465681076 0.188714206218719 0.188579961657524 0.188445702195168 0.188311442732811 0.188177183270454 0.187512204051018 0.186670303344727 0.185828402638435 0.184986501932144 0.184144601225853 0.183302700519562 0.182460799813271 0.181345969438553 0.179412335157394 0.177478700876236 0.175545081496239 0.17361144721508 0.171677827835083 0.169744193553925 0.167810559272766 0.167473062872887 0.167667597532272 0.167862132191658 0.168056666851044 0.168251201510429 0.168445736169815 0.168640270829201 0.169092610478401 0.170318350195885 0.171544075012207 0.172769814729691 0.173995554447174 0.175221279263496 0.17644701898098 0.177672743797302 0.177458509802818 0.176764264702797 0.176070034503937
0.193171456456184 0.191907525062561 0.190643593668938 0.189588665962219 0.18916080892086 0.188732951879501 0.188305094838142 0.187877237796783 0.187449380755424 0.187021523714066 0.186593666672707 0.185866340994835 0.185039162635803 0.184211999177933 0.183384835720062 0.182557672262192 0.181730508804321 0.18090333044529 0.179853409528732 0.178135186433792 0.176416963338852 0.174698740243912 0.172980517148972 0.171262308955193 0.169544085860252 0.167825862765312 0.167546197772026 0.167746052145958 0.16794590651989 0.168145745992661 0.168345600366592 0.168545454740524 0.168745309114456 0.169159427285194 0.17021632194519 0.171273231506348 0.172330141067505 0.173387035727501 0.174443945288658 0.175500854849815 0.176557764410973 0.176448121666908 0.17594963312149 0.175451144576073
0.193711280822754 0.192449256777763 0.191187247633934 0.19006036221981 0.189338907599449 0.188617452979088 0.187895983457565 0.187174528837204 0.186453074216843 0.185731619596481 0.18501016497612 0.184220477938652 0.183408036828041 0.182595610618591 0.18178316950798 0.180970743298531 0.18015830218792 0.17934587597847 0.178360849618912 0.17685803771019 0.175355225801468 0.173852413892746 0.172349601984024 0.170846790075302 0.16934397816658 0.167841166257858 0.167619332671165 0.167824506759644 0.16802966594696 0.168234840035439 0.168439999222755 0.168645173311234 0.16885033249855 0.169226229190826 0.170114308595657 0.171002388000488 0.171890467405319 0.172778531908989 0.17366661131382 0.174554690718651 0.175442770123482 0.175437733530998 0.175135001540184 0.17483226954937
0.193765848875046 0.192405417561531 0.191044986248016 0.189812168478966 0.188962176442146 0.188112184405327 0.187262192368507 0.186412215232849 0.18556222319603 0.18471223115921 0.183862239122391 0.183064118027687 0.182283297181129 0.181502461433411 0.180721625685692 0.179940789937973 0.179159969091415 0.178379133343697 0.177479535341263 0.176223620772362 0.174967721104622 0.173711806535721 0.172455906867981 0.171200007200241 0.16994409263134 0.1686881929636 0.168471619486809 0.168601498007774 0.168731361627579 0.168861240148544 0.16899111866951 0.169120997190475 0.169250875711441 0.169515803456306 0.170185953378677 0.170856103301048 0.171526238322258 0.172196388244629 0.172866538167 0.17353667318821 0.17420682311058 0.174312472343445 0.174229964613914 0.174147441983223
0.19333516061306 0.191775992512703 0.190216824412346 0.188844084739685 0.188030630350113 0.187217175960541 0.186403721570969 0.185590282082558 0.184776827692986 0.183963373303413 0.183149918913841 0.182397276163101 0.181664913892746 0.180932551622391 0.180200189352036 0.17946782708168 0.178735464811325 0.17800310254097 0.177209451794624 0.176231950521469 0.175254449248314 0.174276947975159 0.173299446702003 0.172321945428848 0.171344444155693 0.170366942882538 0.170103058218956 0.17007702589035 0.170050993561745 0.1700249761343 0.169998943805695 0.16997292637825 0.169946894049644 0.170028150081635 0.17043125629425 0.170834377408028 0.171237483620644 0.171640604734421 0.172043710947037 0.172446817159653 0.17284993827343 0.173072338104248 0.173234507441521 0.173396676778793
