data/working_set_collections/6091692-Cassins_Sparrow-M2/1985/albedo_avg.asc
NCOLS 265 
NROWS 230 
XLLCORNER -115.5625 
YLLCORNER 24.8333333333333 
CELLSIZE 0.0833333333333333 
NODATA_value -9999 
[rows 160 to 179 of 230, columns 44 to 87 of 265]
0.198571011424065 0.196166515350342 0.193762004375458 0.191357493400574 0.18895298242569 0.186548471450806 0.184143975377083 0.181739464402199 0.178354099392891 0.174641773104668 0.170929461717606 0.167217135429382 0.163504809141159 0.159792497754097 0.156080171465874 0.153177082538605 0.152701675891876 0.152226269245148 0.151750862598419 0.151275455951691 0.150800049304962 0.150324642658234 0.149849236011505 0.149837881326675 0.14998123049736 0.150124564766884 0.150267899036407 0.150411248207092 0.150554582476616 0.15069791674614 0.151176422834396 0.152660399675369 0.154144376516342 0.155628353357315 0.157112330198288 0.158596307039261 0.160080283880234 0.161564260721207 0.164932057261467 0.168927788734436 0.172923520207405 0.176919266581535 0.180914998054504 0.184910729527473
0.199261590838432 0.197140827775002 0.195020064711571 0.19289930164814 0.190778538584709 0.188657775521278 0.186537012457848 0.184416249394417 0.180649936199188 0.176335111260414 0.17202028632164 0.167705461382866 0.163390621542931 0.159075796604156 0.154760971665382 0.151334121823311 0.150571197271347 0.149808272719383 0.149045348167419 0.148282423615456 0.147519499063492 0.146756574511528 0.145993649959564 0.14611054956913 0.146520704030991 0.146930873394012 0.147341027855873 0.147751197218895 0.148161351680756 0.148571521043777 0.149080917239189 0.149888023734093 0.150695130228996 0.1515022367239 0.152309343218803 0.153116449713707 0.153923556208611 0.154730662703514 0.158106833696365 0.162339374423027 0.166571915149689 0.17080445587635 0.175036996603012 0.179269537329674
0.199391961097717 0.197485238313675 0.195578530430794 0.193671822547913 0.191765114665031 0.189858391880989 0.187951683998108 0.186044976115227 0.182172790169716 0.177645429968834 0.173118084669113 0.168590739369392 0.16406337916851 0.15953603386879 0.155008688569069 0.15136481821537 0.150371372699738 0.149377942085266 0.148384496569633 0.147391065955162 0.146397620439529 0.145404189825058 0.144410744309425 0.144494116306305 0.144936412572861 0.145378723740578 0.145821020007133 0.146263316273689 0.146705627441406 0.147147923707962 0.147543340921402 0.147798120975494 0.148052886128426 0.148307651281357 0.148562431335449 0.14881719648838 0.149071961641312 0.149326741695404 0.152561187744141 0.156788855791092 0.161016538739204 0.165244221687317 0.169471889734268 0.173699572682381
0.19896212220192 0.197199761867523 0.195437401533127 0.193675056099892 0.191912695765495 0.190150335431099 0.188387989997864 0.186625629663467 0.182922631502151 0.178572744131088 0.174222856760025 0.169872969388962 0.165523082017899 0.161173194646835 0.156823307275772 0.153269156813622 0.152102202177048 0.150935262441635 0.149768307805061 0.148601353168488 0.147434413433075 0.146267458796501 0.145100504159927 0.144988596439362 0.145228356122971 0.14546811580658 0.145707875490189 0.145947635173798 0.146187394857407 0.146427169442177 0.146563723683357 0.146390691399574 0.146217659115791 0.146044626832008 0.145871594548225 0.145698562264442 0.14552552998066 0.145352497696877 0.14829508960247 0.152276247739792 0.156257390975952 0.160238534212112 0.164219677448273 0.168200835585594
0.198532268404961 0.19691427052021 0.19529627263546 0.19367827475071 0.192060276865959 0.190442278981209 0.188824281096458 0.187206283211708 0.183672472834587 0.179500043392181 0.175327613949776 0.171155199408531 0.166982769966125 0.162810355424881 0.158637925982475 0.155173495411873 0.153833031654358 0.152492567896843 0.151152119040489 0.149811655282974 0.148471191525459 0.147130727767944 0.145790264010429 0.145483061671257 0.145520284771919 0.145557507872581 0.145594730973244 0.145631954073906 0.145669177174568 0.14570640027523 0.145584106445312 0.144983276724815 0.144382432103157 0.14378160238266 0.143180757761002 0.142579928040504 0.141979083418846 0.141378253698349 0.144029006361961 0.147763624787331 0.1514982432127 0.155232861638069 0.158967465162277 0.162702083587646
0.198102429509163 0.196628794074059 0.195155143737793 0.193681508302689 0.192207872867584 0.190734222531319 0.189260587096214 0.187786936759949 0.184422314167023 0.180427342653275 0.176432386040688 0.172437429428101 0.168442472815514 0.164447516202927 0.16045255959034 0.157077834010124 0.155563861131668 0.154049888253212 0.152535915374756 0.1510219424963 0.149507969617844 0.147993996739388 0.146480023860931 0.145977541804314 0.145812228322029 0.145646914839745 0.145481586456299 0.145316272974014 0.14515095949173 0.144985631108284 0.144604489207268 0.143575847148895 0.142547205090523 0.14151856303215 0.140489935874939 0.139461293816566 0.138432651758194 0.137404009699821 0.139762923121452 0.143251001834869 0.146739080548286 0.150227174162865 0.153715252876282 0.15720334649086
0.197672590613365 0.196343302726746 0.195014029741287 0.193684741854668 0.192355453968048 0.191026166081429 0.189696878194809 0.188367590308189 0.185172155499458 0.181354656815529 0.177537158131599 0.17371965944767 0.169902160763741 0.166084676980972 0.162267178297043 0.158982187509537 0.157294705510139 0.155607208609581 0.153919726610184 0.152232244610786 0.150544762611389 0.148857280611992 0.147169783711433 0.14647202193737 0.146104171872139 0.145736306905746 0.145368441939354 0.145000591874123 0.14463272690773 0.144264876842499 0.143624871969223 0.142168432474136 0.140711978077888 0.139255538582802 0.137799099087715 0.136342659592628 0.134886205196381 0.133429765701294 0.135496824979782 0.138738378882408 0.141979932785034 0.14522148668766 0.148463040590286 0.151704609394073
0.197242751717567 0.196057826280594 0.19487290084362 0.193687960505486 0.192503035068512 0.191318109631538 0.190133184194565 0.18894824385643 0.185921996831894 0.182281956076622 0.178641930222511 0.175001889467239 0.171361863613129 0.167721837759018 0.164081797003746 0.160886526107788 0.15902553498745 0.15716452896595 0.155303537845612 0.153442531824112 0.151581540703773 0.149720549583435 0.147859543561935 0.146966502070427 0.146396100521088 0.145825698971748 0.145255297422409 0.144684910774231 0.144114509224892 0.143544107675552 0.142645254731178 0.140761002898216 0.138876751065254 0.136992514133453 0.135108262300491 0.13322402536869 0.131339773535728 0.129455521702766 0.131230741739273 0.134225755929947 0.137220785021782 0.140215814113617 0.143210843205452 0.146205857396126
0.19944953918457 0.198175251483917 0.196900963783264 0.195626676082611 0.194352388381958 0.193078100681305 0.191803812980652 0.190529525279999 0.187515527009964 0.183921620249748 0.180327713489532 0.176733806729317 0.173139899969101 0.169545993208885 0.165952086448669 0.162746042013168 0.160703584551811 0.158661127090454 0.156618669629097 0.15457621216774 0.152533754706383 0.150491297245026 0.148448839783669 0.147354960441589 0.146577283740044 0.145799592137337 0.145021915435791 0.144244238734245 0.1434665620327 0.142688870429993 0.141594216227531 0.139548644423485 0.137503072619438 0.135457500815392 0.133411929011345 0.131366357207298 0.129320785403252 0.127275213599205 0.128781154751778 0.131470918655396 0.134160697460175 0.136850461363792 0.139540240168571 0.142230004072189
0.204292953014374 0.202695593237877 0.20109823346138 0.199500873684883 0.197903513908386 0.196306154131889 0.194708794355392 0.193111434578896 0.189952746033669 0.186273634433746 0.182594507932663 0.178915396332741 0.175236269831657 0.171557143330574 0.167878031730652 0.164560720324516 0.162328854203224 0.160096988081932 0.15786512196064 0.155633255839348 0.153401389718056 0.151169523596764 0.148937657475471 0.147637411952019 0.146647706627846 0.145658001303673 0.1446682959795 0.143678590655327 0.142688885331154 0.141699180006981 0.140471786260605 0.138531371951103 0.13659094274044 0.134650528430939 0.132710099220276 0.130769684910774 0.128829255700111 0.126888826489449 0.128148078918457 0.130473867058754 0.132799655199051 0.135125458240509 0.137451246380806 0.139777034521103
0.209136351943016 0.207215920090675 0.205295488238335 0.203375056385994 0.201454624533653 0.199534192681313 0.197613760828972 0.195693328976631 0.192389965057373 0.188625633716583 0.184861302375793 0.181096971035004 0.177332639694214 0.173568308353424 0.169803977012634 0.166375413537025 0.163954123854637 0.16153284907341 0.159111574292183 0.156690299510956 0.154269024729729 0.15184773504734 0.149426460266113 0.147919848561287 0.146718114614487 0.145516395568848 0.144314661622047 0.143112927675247 0.141911208629608 0.140709474682808 0.139349356293678 0.13751408457756 0.135678812861443 0.133843541145325 0.132008269429207 0.130172997713089 0.128337725996971 0.126502454280853 0.127514988183975 0.129476815462112 0.131438627839088 0.133400440216064 0.13536225259304 0.137324079871178
0.21397976577282 0.211736261844635 0.20949275791645 0.207249253988266 0.205005750060081 0.202762246131897 0.200518727302551 0.198275223374367 0.194827198982239 0.190977647900581 0.187128096818924 0.183278560638428 0.17942900955677 0.175579473376274 0.171729922294617 0.168190091848373 0.165579408407211 0.162968710064888 0.160358026623726 0.157747343182564 0.155136659741402 0.152525961399078 0.149915277957916 0.148202285170555 0.146788537502289 0.145374789834023 0.143961027264595 0.142547279596329 0.141133531928062 0.139719769358635 0.138226926326752 0.136496812105179 0.134766682982445 0.133036553859711 0.131306439638138 0.129576310515404 0.12784618139267 0.126116067171097 0.126881912350655 0.12847974896431 0.130077585577965 0.13167542219162 0.133273273706436 0.134871110320091
0.218823179602623 0.216256603598595 0.213690027594566 0.211123436689377 0.208556860685349 0.20599028468132 0.203423708677292 0.200857132673264 0.197264418005943 0.193329662084579 0.189394906163216 0.185460150241852 0.181525379419327 0.177590623497963 0.173655867576599 0.170004770159721 0.167204678058624 0.164404585957527 0.161604478955269 0.158804386854172 0.156004294753075 0.153204187750816 0.150404095649719 0.148484736680984 0.146858960390091 0.145233184099197 0.143607407808304 0.14198163151741 0.140355855226517 0.138730078935623 0.137104496359825 0.135479524731636 0.133854553103447 0.132229581475258 0.130604609847069 0.128979623317719 0.127354651689529 0.12572968006134 0.126248836517334 0.127482697367668 0.128716558218002 0.129950419068336 0.131184279918671 0.132418140769005
0.223666593432426 0.220776930451393 0.217887282371521 0.214997634291649 0.212107986211777 0.209218338131905 0.206328675150871 0.203439027070999 0.199701637029648 0.195681676268578 0.191661700606346 0.187641724944115 0.183621764183044 0.179601788520813 0.175581812858582 0.171819463372231 0.168829947710037 0.165840446949005 0.162850931286812 0.15986143052578 0.156871929764748 0.153882414102554 0.150892913341522 0.148767173290253 0.146929383277893 0.145091578364372 0.143253773450851 0.141415983438492 0.139578178524971 0.13774037361145 0.135982066392899 0.134462237358093 0.132942423224449 0.131422594189644 0.129902765154839 0.128382951021194 0.126863121986389 0.125343292951584 0.125615760684013 0.126485630869865 0.127355515956879 0.128225401043892 0.129095286130905 0.129965171217918
0.225732505321503 0.223049402236938 0.220366314053535 0.217683210968971 0.215000122785568 0.212317034602165 0.209633931517601 0.206950843334198 0.203124091029167 0.198916137218475 0.194708183407784 0.190500229597092 0.1862922757864 0.182084307074547 0.177876353263855 0.173918470740318 0.170710772275925 0.167503088712692 0.164295390248299 0.161087706685066 0.157880008220673 0.15467232465744 0.151464626193047 0.149125620722771 0.147076189517975 0.145026743412018 0.142977297306061 0.140927851200104 0.138878405094147 0.136828973889351 0.134945720434189 0.133561030030251 0.132176339626312 0.130791649222374 0.129406958818436 0.128022283315659 0.12663759291172 0.125252902507782 0.125425487756729 0.126117154955864 0.126808822154999 0.127500489354134 0.128192156553268 0.128883823752403
0.225020915269852 0.22307400405407 0.221127092838287 0.219180181622505 0.217233285307884 0.215286374092102 0.21333946287632 0.211392551660538 0.207531794905663 0.203033074736595 0.198534354567528 0.194035649299622 0.189536929130554 0.185038208961487 0.180539503693581 0.176301792263985 0.172847151756287 0.169392496347427 0.165937855839729 0.16248320043087 0.159028559923172 0.155573904514313 0.152119264006615 0.149560078978539 0.147299364209175 0.145038664340973 0.142777964472771 0.140517264604568 0.138256549835205 0.135995849967003 0.133995428681374 0.132775872945786 0.131556317210197 0.130336746573448 0.12911719083786 0.127897620201111 0.126678064465523 0.125458493828773 0.125678017735481 0.12637722492218 0.127076432108879 0.127775654196739 0.128474861383438 0.129174068570137
0.224309325218201 0.223098605871201 0.2218878865242 0.220677152276039 0.219466432929039 0.218255713582039 0.217044994235039 0.215834259986877 0.211939483880997 0.207149997353554 0.202360525727272 0.19757105410099 0.192781582474709 0.187992110848427 0.183202639222145 0.178685128688812 0.174983516335487 0.171281918883324 0.167580306529999 0.163878709077835 0.16017709672451 0.156475499272346 0.152773886919022 0.149994522333145 0.147522553801537 0.145050585269928 0.142578631639481 0.140106663107872 0.137634694576263 0.135162740945816 0.13304515182972 0.13199071586132 0.130936279892921 0.129881843924522 0.128827407956123 0.127772971987724 0.126718536019325 0.125664100050926 0.125930547714233 0.126637309789658 0.127344056963921 0.128050819039345 0.128757566213608 0.129464328289032
0.223597750067711 0.223123207688332 0.222648665308952 0.222174137830734 0.221699595451355 0.221225053071976 0.220750510692596 0.220275983214378 0.216347172856331 0.211266934871674 0.206186696887016 0.20110647380352 0.196026235818863 0.190946012735367 0.18586577475071 0.18106846511364 0.177119895815849 0.17317134141922 0.169222772121429 0.1652742177248 0.16132564842701 0.15737709403038 0.15342852473259 0.150428965687752 0.147745743393898 0.145062521100044 0.14237929880619 0.139696076512337 0.137012839317322 0.134329617023468 0.132094874978065 0.131205558776855 0.130316257476807 0.129426941275597 0.128537625074387 0.127648308873177 0.126759007573128 0.125869691371918 0.126183092594147 0.126897379755974 0.127611681818962 0.12832598388195 0.129040285944939 0.129754588007927
0.22288616001606 0.223147809505463 0.223409458994865 0.223671108484268 0.22393274307251 0.224194392561913 0.224456042051315 0.224717691540718 0.220754861831665 0.215383872389793 0.210012882947922 0.20464189350605 0.199270889163017 0.193899899721146 0.188528910279274 0.183451786637306 0.179256275296211 0.175060749053955 0.17086523771286 0.166669711470604 0.162474200129509 0.158278673887253 0.154083162546158 0.150863409042358 0.147968932986259 0.145074442028999 0.1421799659729 0.13928547501564 0.13639098405838 0.133496508002281 0.131144598126411 0.130420416593552 0.129696220159531 0.128972038626671 0.12824784219265 0.12752366065979 0.12679947912693 0.126075282692909 0.126435622572899 0.127157464623451 0.127879306674004 0.128601148724556 0.129322990775108 0.130044832825661
0.222174569964409 0.223172411322594 0.224170237779617 0.225168079137802 0.226165905594826 0.227163746953011 0.228161573410034 0.229159399867058 0.225162550806999 0.219500795006752 0.213839054107666 0.208177298307419 0.202515557408333 0.196853801608086 0.191192045807838 0.185835123062134 0.181392639875412 0.176950171589851 0.17250768840313 0.168065220117569 0.163622736930847 0.159180268645287 0.154737785458565 0.151297867298126 0.148192122578621 0.145086377859116 0.14198063313961 0.138874888420105 0.1357691437006 0.132663398981094 0.130194321274757 0.129635259509087 0.129076197743416 0.128517135977745 0.127958074212074 0.127399012446404 0.126839950680733 0.126280888915062 0.126688152551651 0.127417549490929 0.128146931529045 0.128876313567162 0.129605710506439 0.130335092544556
