data/working_set_collections/6091692-Cassins_Sparrow-M2/1985/cldtot_avg.asc
NCOLS 265 
NROWS 230 
XLLCORNER -115.5625 
YLLCORNER 24.8333333333333 
CELLSIZE 0.0833333333333333 
NODATA_value -9999 
[rows 80 to 99 of 230, columns 0 to 43 of 265]
0.327468425035477 0.328492552042007 0.329516708850861 0.330540835857391 0.331564962863922 0.332589089870453 0.333613216876984 0.334260553121567 0.334782302379608 0.335304021835327 0.335825771093369 0.33634752035141 0.336869239807129 0.33739098906517 0.338227093219757 0.34000638127327 0.341785669326782 0.343564927577972 0.345344215631485 0.347123503684998 0.348902761936188 0.3506820499897 0.352868854999542 0.355191498994827 0.357514172792435 0.35983681678772 0.362159460783005 0.364482134580612 0.366804778575897 0.368636399507523 0.368994861841202 0.369353324174881 0.36971178650856 0.370070248842239 0.370428711175919 0.370787173509598 0.371145635843277 0.370966732501984 0.370608687400818 0.370250672101974 0.369892627000809 0.369534611701965 0.3691765666008 0.368818551301956
0.324176073074341 0.325341731309891 0.326507419347763 0.327673077583313 0.328838735818863 0.330004423856735 0.331170082092285 0.331573307514191 0.331722348928452 0.331871390342712 0.332020431756973 0.332169473171234 0.332318514585495 0.332467555999756 0.332951605319977 0.334440618753433 0.33592963218689 0.337418645620346 0.338907659053802 0.340396672487259 0.341885715723038 0.343374729156494 0.345544338226318 0.34794083237648 0.350337326526642 0.352733820676804 0.355130314826965 0.357526808977127 0.359923303127289 0.361962974071503 0.362932294607162 0.3639015853405 0.364870876073837 0.365840196609497 0.366809487342834 0.367778778076172 0.368748068809509 0.368683040142059 0.368273198604584 0.367863357067108 0.367453515529633 0.367043673992157 0.366633862257004 0.366224020719528
0.320883691310883 0.322190910577774 0.323498129844666 0.324805319309235 0.326112538576126 0.327419757843018 0.328726947307587 0.328886032104492 0.328662365674973 0.328438729047775 0.328215092420578 0.327991425991058 0.327767789363861 0.327544152736664 0.327676087617874 0.328874856233597 0.330073624849319 0.33127236366272 0.332471132278442 0.333669871091843 0.334868639707565 0.336067378520966 0.338219821453094 0.340690165758133 0.343160480260849 0.345630824565887 0.348101139068604 0.350571483373642 0.353041797876358 0.355289578437805 0.356869727373123 0.358449846506119 0.360029995441437 0.361610144376755 0.36319026350975 0.364770412445068 0.366350531578064 0.366399347782135 0.365937680006027 0.365476042032242 0.365014404058456 0.364552766084671 0.364091128110886 0.3636294901371
0.317591339349747 0.319040089845657 0.320488840341568 0.321937590837479 0.323386341333389 0.324835062026978 0.326283812522888 0.326198756694794 0.325602412223816 0.325006067752838 0.324409753084183 0.323813408613205 0.323217064142227 0.322620719671249 0.322400599718094 0.32330909371376 0.324217587709427 0.325126081705093 0.32603457570076 0.326943069696426 0.327851563692093 0.328760057687759 0.330895304679871 0.333439469337463 0.335983633995056 0.338527828454971 0.341071993112564 0.343616157770157 0.34616032242775 0.348616182804108 0.350807160139084 0.35299813747406 0.355189114809036 0.35738006234169 0.359571039676666 0.361762017011642 0.363952994346619 0.364115655422211 0.363602191209793 0.363088756799698 0.36257529258728 0.362061828374863 0.361548393964767 0.36103492975235
0.316606819629669 0.317911714315414 0.31921660900116 0.320521503686905 0.32182639837265 0.323131293058395 0.324436187744141 0.324207216501236 0.323466926813126 0.322726666927338 0.321986377239227 0.321246117353439 0.320505827665329 0.319765567779541 0.319460779428482 0.320462495088577 0.32146418094635 0.322465896606445 0.323467582464218 0.324469298124313 0.325470983982086 0.326472699642181 0.328547418117523 0.33097979426384 0.333412170410156 0.335844576358795 0.338276952505112 0.340709328651428 0.343141734600067 0.345587223768234 0.348072081804276 0.350556939840317 0.353041797876358 0.355526655912399 0.358011513948441 0.360496371984482 0.362981230020523 0.363225847482681 0.362723708152771 0.362221539020538 0.361719399690628 0.361217260360718 0.360715121030807 0.360212981700897
0.317930191755295 0.318805813789368 0.319681465625763 0.320557117462158 0.321432769298553 0.322308421134949 0.323184043169022 0.322911381721497 0.322255909442902 0.321600466966629 0.320945024490356 0.320289582014084 0.319634109735489 0.318978667259216 0.318856656551361 0.320335030555725 0.321813404560089 0.323291778564453 0.324770152568817 0.326248526573181 0.327726900577545 0.329205274581909 0.331176102161407 0.333311080932617 0.335446059703827 0.337581068277359 0.339716047048569 0.341851025819778 0.343986004590988 0.346202701330185 0.348664492368698 0.351126283407211 0.353588074445724 0.356049865484238 0.358511656522751 0.360973477363586 0.3634352684021 0.363729923963547 0.363302201032639 0.36287447810173 0.362446755170822 0.362019032239914 0.361591309309006 0.361163586378098
0.319253534078598 0.319699943065643 0.320146322250366 0.320592731237411 0.321039110422134 0.32148551940918 0.321931928396225 0.321615546941757 0.321044921875 0.320474296808243 0.319903641939163 0.319333016872406 0.318762391805649 0.318191766738892 0.318252563476562 0.320207595825195 0.32216265797615 0.324117690324783 0.326072722673416 0.328027784824371 0.329982817173004 0.331937849521637 0.333804816007614 0.335642397403717 0.33747997879982 0.339317560195923 0.341155141592026 0.342992722988129 0.344830304384232 0.346818149089813 0.349256902933121 0.351695626974106 0.354134351015091 0.356573104858398 0.359011828899384 0.361450552940369 0.363889276981354 0.364234000444412 0.363880693912506 0.363527417182922 0.363174110651016 0.36282080411911 0.362467527389526 0.36211422085762
0.320576876401901 0.320594042539597 0.32061117887497 0.320628345012665 0.320645481348038 0.320662617683411 0.320679783821106 0.320319712162018 0.319833904504776 0.319348096847534 0.318862289190292 0.318376481533051 0.317890673875809 0.317404866218567 0.317648440599442 0.320080161094666 0.32251188158989 0.324943602085114 0.327375292778015 0.329807013273239 0.332238733768463 0.334670454263687 0.336433500051498 0.337973684072495 0.339513868093491 0.341054052114487 0.342594236135483 0.344134390354156 0.345674574375153 0.347433626651764 0.349849313497543 0.352264970541 0.354680627584457 0.357096314430237 0.359511971473694 0.361927658319473 0.36434331536293 0.364738076925278 0.364459216594696 0.364180326461792 0.36390146613121 0.363622575998306 0.363343715667725 0.363064825534821
0.321900248527527 0.32148814201355 0.321076035499573 0.320663928985596 0.320251852273941 0.319839745759964 0.319427639245987 0.319023877382278 0.318622887134552 0.318221896886826 0.317820936441422 0.317419946193695 0.317018955945969 0.316617965698242 0.317044317722321 0.319952726364136 0.322861105203629 0.325769484043121 0.328677862882614 0.331586271524429 0.334494650363922 0.337403029203415 0.339062213897705 0.340305000543594 0.341547757387161 0.342790544033051 0.34403333067894 0.345276087522507 0.346518874168396 0.348049104213715 0.350441694259644 0.352834314107895 0.355226904153824 0.357619524002075 0.360012143850327 0.362404733896255 0.364797353744507 0.365242153406143 0.365037709474564 0.364833265542984 0.364628791809082 0.364424347877502 0.364219903945923 0.364015460014343
0.32322359085083 0.322382241487503 0.321540892124176 0.320699542760849 0.319858193397522 0.319016844034195 0.318175494670868 0.317728042602539 0.31741189956665 0.317095726728439 0.316779553890228 0.31646341085434 0.316147238016129 0.315831065177917 0.316440224647522 0.319825261831284 0.323210328817368 0.326595395803452 0.329980432987213 0.333365499973297 0.336750566959381 0.340135633945465 0.341690927743912 0.342636287212372 0.343581676483154 0.344527035951614 0.345472395420074 0.346417784690857 0.347363144159317 0.348664581775665 0.351034104824066 0.353403657674789 0.355773210525513 0.358142733573914 0.360512286424637 0.36288183927536 0.365251362323761 0.365746229887009 0.365616202354431 0.365486174821854 0.365356147289276 0.365226119756699 0.365096092224121 0.364966064691544
0.322164684534073 0.32097339630127 0.319782078266144 0.31859079003334 0.317399471998215 0.316208183765411 0.315016895532608 0.3147092461586 0.314696192741394 0.314683109521866 0.31467005610466 0.314656972885132 0.314643889665604 0.314630836248398 0.31550332903862 0.319032460451126 0.322561591863632 0.326090723276138 0.329619854688644 0.33314898610115 0.336678117513657 0.340207248926163 0.341813296079636 0.342778354883194 0.343743413686752 0.344708472490311 0.345673531293869 0.346638590097427 0.347603648900986 0.348891228437424 0.351146459579468 0.353401660919189 0.355656892061234 0.357912123203278 0.360167324542999 0.362422555685043 0.364677786827087 0.365254133939743 0.365270853042603 0.365287572145462 0.365304291248322 0.365321010351181 0.36533772945404 0.3653544485569
0.318723529577255 0.317261576652527 0.315799593925476 0.314337641000748 0.312875688076019 0.311413735151291 0.30995175242424 0.309967488050461 0.310475796461105 0.310984075069427 0.311492383480072 0.312000662088394 0.312508970499039 0.313017249107361 0.314233630895615 0.317574232816696 0.320914834737778 0.324255466461182 0.327596068382263 0.330936670303345 0.334277272224426 0.337617874145508 0.339429408311844 0.340731203556061 0.3420330286026 0.343334853649139 0.344636678695679 0.345938503742218 0.347240298986435 0.348729074001312 0.350778728723526 0.352828353643417 0.354878008365631 0.356927633285522 0.358977288007736 0.361026912927628 0.363076567649841 0.363765805959702 0.364001601934433 0.364237397909164 0.364473193883896 0.364708989858627 0.364944785833359 0.36518058180809
0.315282374620438 0.313549757003784 0.311817109584808 0.310084491968155 0.308351874351501 0.306619256734848 0.304886639118195 0.305225729942322 0.306255400180817 0.307285040616989 0.308314710855484 0.309344381093979 0.310374021530151 0.311403691768646 0.312963962554932 0.316116034984589 0.319268107414246 0.322420209646225 0.325572282075882 0.328724354505539 0.331876456737518 0.335028529167175 0.33704549074173 0.338684052228928 0.340322643518448 0.341961234807968 0.343599826097488 0.345238417387009 0.346876978874207 0.348566949367523 0.350410997867584 0.352255046367645 0.354099124670029 0.35594317317009 0.357787221670151 0.359631270170212 0.361475348472595 0.362277507781982 0.362732380628586 0.363187253475189 0.363642126321793 0.364096999168396 0.364551872014999 0.365006744861603
0.311841189861298 0.309837907552719 0.307834655046463 0.305831372737885 0.303828090429306 0.301824808120728 0.299821525812149 0.300483971834183 0.302035003900528 0.303586006164551 0.305137038230896 0.306688070297241 0.308239102363586 0.309790104627609 0.311694264411926 0.314657837152481 0.317621380090714 0.320584952831268 0.323548495769501 0.326512068510056 0.329475611448288 0.33243915438652 0.334661573171616 0.336636930704117 0.338612258434296 0.340587615966797 0.342562973499298 0.344538301229477 0.346513658761978 0.348404794931412 0.350043267011642 0.351681739091873 0.353320211172104 0.354958683252335 0.356597155332565 0.358235657215118 0.359874129295349 0.360789209604263 0.361463159322739 0.362137109041214 0.362811058759689 0.363484978675842 0.364158928394318 0.364832878112793
0.30840003490448 0.306126087903976 0.303852170705795 0.301578223705292 0.299304276704788 0.297030329704285 0.294756412506104 0.295742213726044 0.297814607620239 0.299886971712112 0.301959365606308 0.304031759500504 0.306104153394699 0.308176547288895 0.310424596071243 0.313199609518051 0.315974652767181 0.318749696016312 0.32152470946312 0.32429975271225 0.327074766159058 0.329849809408188 0.332277655601501 0.334589779376984 0.336901873350143 0.339213997125626 0.341526120901108 0.343838214874268 0.34615033864975 0.3482426404953 0.349675536155701 0.351108431816101 0.352541327476501 0.353974223136902 0.355407118797302 0.356840014457703 0.358272910118103 0.359300881624222 0.360193908214569 0.361086934804916 0.361979961395264 0.362872987985611 0.363766014575958 0.364659041166306
0.304958879947662 0.302414268255234 0.299869686365128 0.297325074672699 0.294780492782593 0.292235881090164 0.289691269397736 0.291000455617905 0.293594211339951 0.296187967061996 0.29878169298172 0.301375448703766 0.303969204425812 0.306562960147858 0.309154897928238 0.311741411685944 0.314327925443649 0.316914439201355 0.319500923156738 0.322087436914444 0.32467395067215 0.327260464429855 0.329893738031387 0.33254262804985 0.335191488265991 0.337840378284454 0.340489268302917 0.343138128519058 0.345787018537521 0.348080515861511 0.349307805299759 0.350535124540329 0.351762443780899 0.352989763021469 0.354217052459717 0.355444371700287 0.356671690940857 0.357812583446503 0.358924686908722 0.360036790370941 0.36114889383316 0.36226099729538 0.363373070955276 0.364485174417496
0.303181260824203 0.300826579332352 0.2984718978405 0.296117216348648 0.293762534856796 0.291407853364944 0.289053171873093 0.290377378463745 0.292927861213684 0.295478343963623 0.298028826713562 0.300579309463501 0.30312979221344 0.305680274963379 0.308238714933395 0.310820996761322 0.313403248786926 0.315985530614853 0.318567782640457 0.321150064468384 0.32373234629631 0.326314598321915 0.329049050807953 0.331834197044373 0.334619373083115 0.337404549121857 0.340189695358276 0.342974871397018 0.34576004743576 0.348132371902466 0.349266171455383 0.350400000810623 0.351533830165863 0.35266762971878 0.35380145907402 0.354935258626938 0.356069087982178 0.35742250084877 0.358849078416824 0.360275685787201 0.361702263355255 0.363128870725632 0.364555448293686 0.365982055664062
0.303067207336426 0.30136302113533 0.299658834934235 0.297954648733139 0.296250462532043 0.294546276330948 0.292842090129852 0.293873012065887 0.295815587043762 0.297758162021637 0.299700766801834 0.301643341779709 0.303585916757584 0.305528521537781 0.307676017284393 0.310438334941864 0.313200652599335 0.315962970256805 0.318725287914276 0.321487605571747 0.324249923229218 0.327012240886688 0.329743564128876 0.332464545965195 0.335185497999191 0.33790647983551 0.340627461671829 0.343348443508148 0.346069425344467 0.348398238420486 0.349550664424896 0.350703060626984 0.351855486631393 0.353007882833481 0.354160279035568 0.355312705039978 0.356465101242065 0.358130604028702 0.359967112541199 0.361803621053696 0.363640129566193 0.36547663807869 0.367313146591187 0.369149655103683
0.302953153848648 0.301899462938309 0.300845772027969 0.29979208111763 0.298738420009613 0.297684729099274 0.296631038188934 0.297368615865707 0.29870331287384 0.300037980079651 0.301372677087784 0.302707374095917 0.304042041301727 0.30537673830986 0.307113349437714 0.310055702924728 0.312998086214066 0.31594043970108 0.318882793188095 0.321825176477432 0.324767529964447 0.327709883451462 0.330438077449799 0.333094865083694 0.33575165271759 0.338408440351486 0.341065227985382 0.343722015619278 0.346378803253174 0.348664134740829 0.349835127592087 0.351006120443344 0.352177113294601 0.353348135948181 0.354519128799438 0.355690121650696 0.356861114501953 0.358838707208633 0.361085116863251 0.36333155632019 0.365577965974808 0.367824405431747 0.370070844888687 0.372317254543304
0.30283910036087 0.302435904741287 0.302032738924026 0.301629543304443 0.30122634768486 0.300823152065277 0.300419956445694 0.30086424946785 0.301591038703918 0.302317827939987 0.303044587373734 0.303771376609802 0.304498165845871 0.30522495508194 0.306550651788712 0.309673070907593 0.312795490026474 0.315917879343033 0.319040298461914 0.322162717580795 0.325285136699677 0.328407555818558 0.331132590770721 0.333725184202194 0.336317777633667 0.33891037106514 0.341502964496613 0.344095557928085 0.346688151359558 0.34893000125885 0.350119590759277 0.351309180259705 0.352498769760132 0.353688359260559 0.354877948760986 0.356067568063736 0.357257157564163 0.359546810388565 0.362203150987625 0.364859491586685 0.367515832185745 0.370172172784805 0.372828513383865 0.375484853982925
