data/working_set_collections/6091692-Cassins_Sparrow-M2/1985/cldtot_avg.asc
NCOLS 265 
NROWS 230 
XLLCORNER -115.5625 
YLLCORNER 24.8333333333333 
CELLSIZE 0.0833333333333333 
NODATA_value -9999 
[rows 80 to 99 of 230, columns 220 to 263 of 265]
0.426287174224854 0.427152097225189 0.428017020225525 0.428881943225861 0.429819077253342 0.430972903966904 0.432126760482788 0.43328058719635 0.434434413909912 0.435588240623474 0.436742097139359 0.437895923852921 0.438674718141556 0.439328521490097 0.439982295036316 0.440636098384857 0.441289901733398 0.441943675279617 0.442597478628159 0.443329572677612 0.444296687841415 0.445263773202896 0.446230858564377 0.44719797372818 0.448165059089661 0.449132144451141 0.450099259614944 0.451120615005493 0.452160030603409 0.453199476003647 0.454238921403885 0.455278337001801 0.456317782402039 0.457357227802277 0.458348393440247 0.459194749593735 0.4600410759449 0.460887432098389 0.461733788251877 0.462580144405365 0.463426470756531 0.464272826910019 0.465342819690704 0.466487377882004
0.42569637298584 0.426636070013046 0.427575767040253 0.428515493869781 0.429514169692993 0.430689841508865 0.43186554312706 0.433041214942932 0.434216886758804 0.435392558574677 0.436568230390549 0.437743932008743 0.438559770584106 0.439255654811859 0.439951568841934 0.440647482872009 0.441343367099762 0.442039281129837 0.44273516535759 0.443495273590088 0.444447964429855 0.445400685071945 0.446353375911713 0.447306096553802 0.44825878739357 0.449211478233337 0.450164198875427 0.451232552528381 0.452339440584183 0.453446328639984 0.454553216695786 0.455660104751587 0.456767022609711 0.457873910665512 0.458915114402771 0.459759205579758 0.460603296756744 0.461447387933731 0.462291479110718 0.463135570287704 0.463979661464691 0.464823752641678 0.465834468603134 0.466900736093521
0.425105571746826 0.426120042800903 0.427134543657303 0.428149044513702 0.429209291934967 0.430406808853149 0.431604325771332 0.432801842689514 0.433999359607697 0.435196876525879 0.436394393444061 0.437591910362244 0.438444793224335 0.439182817935944 0.439920842647552 0.440658837556839 0.441396862268448 0.442134857177734 0.442872881889343 0.443660974502563 0.444599270820618 0.445537596940994 0.446475893259048 0.447414219379425 0.448352515697479 0.449290841817856 0.45022913813591 0.45134449005127 0.452518820762634 0.453693181276321 0.454867541790009 0.456041872501373 0.45721623301506 0.458390593528748 0.459481805562973 0.460323661565781 0.461165487766266 0.462007343769073 0.462849169969559 0.463691025972366 0.464532852172852 0.465374708175659 0.466326117515564 0.467314094305038
0.424514770507812 0.425604045391083 0.426693320274353 0.427782595157623 0.428904384374619 0.430123746395111 0.431343108415604 0.432562470436096 0.433781832456589 0.435001194477081 0.436220556497574 0.437439918518066 0.438329845666885 0.439109981060028 0.439890086650848 0.440670222043991 0.441450327634811 0.442230463027954 0.443010568618774 0.443826645612717 0.44475057721138 0.445674479007721 0.446598410606384 0.447522342205048 0.448446244001389 0.449370175600052 0.450294077396393 0.451456427574158 0.452698230743408 0.453940033912659 0.455181837081909 0.45642364025116 0.457665473222733 0.458907276391983 0.460048526525497 0.460888117551804 0.46172770857811 0.462567299604416 0.4634068608284 0.464246451854706 0.465086042881012 0.465925633907318 0.466817796230316 0.467727452516556
0.423895746469498 0.424998641014099 0.426101565361023 0.427204489707947 0.428345888853073 0.429602742195129 0.430859595537186 0.432116478681564 0.433373332023621 0.434630215167999 0.435887068510056 0.437143921852112 0.438085407018661 0.438921749591827 0.439758092164993 0.440594434738159 0.441430777311325 0.442267119884491 0.443103462457657 0.443965643644333 0.444905370473862 0.445845067501068 0.446784794330597 0.447724491357803 0.44866418838501 0.449603915214539 0.450543612241745 0.451709270477295 0.452950239181519 0.454191207885742 0.455432176589966 0.456673145294189 0.457914113998413 0.459155052900314 0.460290610790253 0.461109936237335 0.461929231882095 0.462748557329178 0.463567852973938 0.46438717842102 0.465206474065781 0.466025799512863 0.466843396425247 0.467660397291183
0.423248469829559 0.424303889274597 0.425359278917313 0.42641469836235 0.427533775568008 0.428843796253204 0.430153846740723 0.431463867425919 0.432773888111115 0.434083938598633 0.435393959283829 0.436703979969025 0.437711507081985 0.438618183135986 0.439524829387665 0.440431505441666 0.441338181495667 0.442244857549667 0.443151533603668 0.444077968597412 0.445063650608063 0.446049332618713 0.447035014629364 0.448020696640015 0.449006378650665 0.449992060661316 0.450977742671967 0.452103018760681 0.453274846076965 0.45444667339325 0.455618500709534 0.456790328025818 0.457962155342102 0.459133982658386 0.460208117961884 0.460989117622375 0.461770117282867 0.462551116943359 0.463332116603851 0.464113146066666 0.464894145727158 0.46567514538765 0.466402947902679 0.467112988233566
0.422601193189621 0.423609107732773 0.424617022275925 0.425624936819077 0.426721692085266 0.428084880113602 0.429448068141937 0.430811256170273 0.432174444198608 0.433537632226944 0.434900850057602 0.436264038085938 0.437337577342987 0.438314586877823 0.439291596412659 0.440268605947495 0.441245585680008 0.442222595214844 0.44319960474968 0.444190263748169 0.445221930742264 0.446253567934036 0.447285234928131 0.448316872119904 0.449348539113998 0.450380176305771 0.451411843299866 0.452496767044067 0.453599452972412 0.454702138900757 0.455804854631424 0.456907540559769 0.458010226488113 0.459112912416458 0.460125595331192 0.460868299007416 0.46161100268364 0.462353706359863 0.463096410036087 0.463839113712311 0.464581787586212 0.465324491262436 0.465962499380112 0.466565579175949
0.421953916549683 0.422914326190948 0.423874765634537 0.424835175275803 0.425909578800201 0.427325934171677 0.428742289543152 0.430158644914627 0.431575000286102 0.432991355657578 0.434407711029053 0.43582409620285 0.436963677406311 0.438011020421982 0.43905833363533 0.440105676651001 0.441153019666672 0.44220033288002 0.443247675895691 0.444302588701248 0.445380210876465 0.446457833051682 0.447535455226898 0.448613077402115 0.449690699577332 0.450768321752548 0.451845943927765 0.452890515327454 0.453924059867859 0.454957634210587 0.455991178750992 0.457024723291397 0.458058267831802 0.45909184217453 0.460043102502823 0.460747480392456 0.461451888084412 0.462156265974045 0.462860673666 0.463565081357956 0.464269459247589 0.464973866939545 0.465522050857544 0.466018170118332
0.421306639909744 0.422219574451447 0.423132479190826 0.424045413732529 0.425097465515137 0.426566988229752 0.428036510944366 0.429506033658981 0.430975556373596 0.432445079088211 0.433914601802826 0.435384124517441 0.436589747667313 0.437707424163818 0.438825100660324 0.439942747354507 0.441060423851013 0.442178070545197 0.443295747041702 0.444414883852005 0.445538491010666 0.446662068367004 0.447785675525665 0.448909282684326 0.450032860040665 0.451156467199326 0.452280074357986 0.45328426361084 0.454248696565628 0.455213099718094 0.45617750287056 0.457141935825348 0.458106338977814 0.45907074213028 0.459960579872131 0.460626691579819 0.461292773485184 0.461958855390549 0.462624937295914 0.463291019201279 0.463957130908966 0.464623212814331 0.465081602334976 0.465470761060715
0.420659363269806 0.421524792909622 0.422390222549438 0.423255652189255 0.424285382032394 0.425808072090149 0.427330762147903 0.428853452205658 0.43037611246109 0.431898802518845 0.433421492576599 0.434944182634354 0.436215847730637 0.437403827905655 0.438591837882996 0.439779818058014 0.440967828035355 0.442155808210373 0.443343818187714 0.444527208805084 0.445696771144867 0.44686633348465 0.448035895824432 0.449205458164215 0.45037505030632 0.451544612646103 0.452714174985886 0.453678011894226 0.454573303461075 0.455468565225601 0.45636385679245 0.457259118556976 0.458154410123825 0.459049671888351 0.459878087043762 0.460505872964859 0.461133658885956 0.461761444807053 0.462389230728149 0.463016986846924 0.463644772768021 0.464272558689117 0.464641153812408 0.464923352003098
0.420401513576508 0.421256333589554 0.4221111536026 0.422965973615646 0.423997163772583 0.425557404756546 0.427117645740509 0.428677886724472 0.430238157510757 0.43179839849472 0.433358639478683 0.434918910264969 0.436227828264236 0.437452971935272 0.438678115606308 0.439903289079666 0.441128432750702 0.442353576421738 0.443578720092773 0.444799065589905 0.446005016565323 0.447210937738419 0.448416858911514 0.44962278008461 0.450828701257706 0.452034652233124 0.45324057340622 0.454230517148972 0.455148488283157 0.456066429615021 0.456984400749207 0.45790234208107 0.458820313215256 0.459738254547119 0.460596799850464 0.461277097463608 0.461957365274429 0.462637662887573 0.463317930698395 0.463998228311539 0.46467849612236 0.465358793735504 0.465647846460342 0.465806514024734
0.420533090829849 0.421414196491241 0.422295302152634 0.423176407814026 0.424232810735703 0.425815016031265 0.427397221326828 0.428979426622391 0.430561631917953 0.432143867015839 0.433726072311401 0.435308277606964 0.436625689268112 0.437854826450348 0.439083963632584 0.440313100814819 0.441542237997055 0.442771375179291 0.444000512361526 0.445230513811111 0.446463197469711 0.447695881128311 0.448928534984589 0.450161218643188 0.451393902301788 0.452626556158066 0.453859239816666 0.454941749572754 0.455974221229553 0.457006692886353 0.458039134740829 0.459071606397629 0.460104078054428 0.461136519908905 0.462116777896881 0.462940365076065 0.463763922452927 0.464587509632111 0.465411096811295 0.466234683990479 0.467058271169662 0.467881858348846 0.468101680278778 0.468120247125626
0.420664638280869 0.421572059392929 0.422479450702667 0.423386842012405 0.4244684278965 0.426072627305984 0.427676796913147 0.429280966520309 0.430885136127472 0.432489305734634 0.434093475341797 0.435697644948959 0.437023550271988 0.438256651163101 0.439489781856537 0.440722912549973 0.441956043243408 0.443189144134521 0.444422274827957 0.445661962032318 0.446921408176422 0.448180824518204 0.449440240859985 0.450699657201767 0.451959073543549 0.45321848988533 0.454477906227112 0.455652981996536 0.456799954175949 0.457946926355362 0.459093898534775 0.460240870714188 0.461387813091278 0.462534785270691 0.463636726140976 0.4646036028862 0.465570509433746 0.46653738617897 0.467504262924194 0.468471139669418 0.469438046216965 0.470404922962189 0.470555514097214 0.470433980226517
0.42079621553421 0.421729922294617 0.422663599252701 0.423597276210785 0.424704074859619 0.426330208778381 0.427956342697144 0.429582506418228 0.43120864033699 0.432834774255753 0.434460908174515 0.436087042093277 0.437421411275864 0.438658505678177 0.439895629882812 0.441132724285126 0.442369848489761 0.443606942892075 0.444844037294388 0.446093410253525 0.447379589080811 0.448665767908096 0.44995191693306 0.451238095760345 0.452524244785309 0.453810423612595 0.45509660243988 0.456364244222641 0.457625716924667 0.458887159824371 0.460148632526398 0.461410105228424 0.46267157793045 0.463933050632477 0.465156704187393 0.466266870498657 0.467377066612244 0.46848726272583 0.469597429037094 0.470707625150681 0.471817821264267 0.472927987575531 0.473009347915649 0.47274774312973
0.420927792787552 0.421887755393982 0.422847747802734 0.423807710409164 0.424939721822739 0.426587820053101 0.428235918283463 0.429884016513824 0.431532114744186 0.433180212974548 0.43482831120491 0.436476409435272 0.437819272279739 0.439060360193253 0.440301448106766 0.441542536020279 0.442783623933792 0.444024741649628 0.445265829563141 0.446524888277054 0.447837799787521 0.449150711297989 0.450463622808456 0.451776534318924 0.453089445829391 0.454402357339859 0.455715268850327 0.457075476646423 0.458451449871063 0.459827423095703 0.461203396320343 0.462579369544983 0.463955342769623 0.465331315994263 0.466676652431488 0.467930138111115 0.469183623790741 0.470437109470367 0.471690595149994 0.47294408082962 0.474197566509247 0.475451052188873 0.475463181734085 0.475061476230621
0.421059370040894 0.42204561829567 0.423031896352768 0.424018144607544 0.425175368785858 0.42684543132782 0.428515493869781 0.430185556411743 0.431855618953705 0.433525681495667 0.435195744037628 0.43686580657959 0.438217133283615 0.439462214708328 0.440707266330719 0.441952347755432 0.443197429180145 0.444442510604858 0.445687592029572 0.44695633649826 0.44829598069191 0.449635654687881 0.450975298881531 0.452314972877502 0.453654617071152 0.454994291067123 0.456333935260773 0.457786709070206 0.459277182817459 0.460767656564713 0.462258130311966 0.463748604059219 0.465239077806473 0.466729551553726 0.468196600675583 0.469593405723572 0.470990180969238 0.472386986017227 0.473783761262894 0.475180566310883 0.476577341556549 0.477974146604538 0.477916985750198 0.477375209331512
0.421572655439377 0.422566682100296 0.423560738563538 0.424554765224457 0.425711989402771 0.427358776330948 0.429005563259125 0.430652350187302 0.432299137115479 0.433945924043655 0.435592710971832 0.437239497900009 0.438574552536011 0.439805686473846 0.44103679060936 0.442267924547195 0.443499058485031 0.444730192422867 0.445961326360703 0.447218507528305 0.448553830385208 0.449889153242111 0.451224476099014 0.45255982875824 0.453895151615143 0.455230474472046 0.456565797328949 0.457959562540054 0.459372818470001 0.460786074399948 0.462199300527573 0.46361255645752 0.465025812387466 0.466439038515091 0.467846482992172 0.469236522912979 0.470626533031464 0.47201657295227 0.473406583070755 0.474796622991562 0.476186633110046 0.477576673030853 0.477522134780884 0.476986080408096
0.422467648983002 0.423450946807861 0.424434244632721 0.425417542457581 0.426549583673477 0.428127855062485 0.429706156253815 0.431284427642822 0.43286269903183 0.434440970420837 0.436019241809845 0.437597543001175 0.438891530036926 0.440090775489807 0.441290020942688 0.442489266395569 0.44368851184845 0.444887727499008 0.446086972951889 0.447311401367188 0.448611319065094 0.449911236763 0.451211154460907 0.452511072158813 0.45381098985672 0.455110937356949 0.456410855054855 0.457594037055969 0.458738327026367 0.459882616996765 0.461026906967163 0.462171196937561 0.463315486907959 0.464459776878357 0.465626269578934 0.466859489679337 0.468092679977417 0.469325870275497 0.470559060573578 0.471792280673981 0.473025470972061 0.474258661270142 0.474278569221497 0.473894029855728
0.423362672328949 0.424335211515427 0.425307780504227 0.426280319690704 0.427387177944183 0.428896933794022 0.430406719446182 0.43191647529602 0.433426260948181 0.434936016798019 0.43644580245018 0.437955558300018 0.439208537340164 0.440375864505768 0.441543221473694 0.44271057844162 0.443877935409546 0.445045292377472 0.446212649345398 0.44740429520607 0.44866880774498 0.44993332028389 0.4511978328228 0.45246234536171 0.45372685790062 0.454991370439529 0.456255882978439 0.457228511571884 0.458103835582733 0.458979159593582 0.459854483604431 0.460729837417603 0.461605161428452 0.462480485439301 0.463406056165695 0.464482426643372 0.465558797121048 0.466635167598724 0.467711538076401 0.468787908554077 0.469864279031754 0.47094064950943 0.471035003662109 0.47080197930336
0.424257695674896 0.425219506025314 0.42618128657341 0.427143096923828 0.42822477221489 0.429666042327881 0.43110728263855 0.432548552751541 0.433989822864532 0.435431063175201 0.436872333288193 0.438313603401184 0.43952551484108 0.440660983324051 0.441796451807022 0.442931920289993 0.444067388772964 0.445202857255936 0.446338325738907 0.447497189044952 0.448726296424866 0.449955403804779 0.451184511184692 0.452413618564606 0.453642725944519 0.454871833324432 0.456100940704346 0.456862986087799 0.457469344139099 0.458075731992722 0.458682090044022 0.459288448095322 0.459894835948944 0.460501194000244 0.461185872554779 0.462105393409729 0.463024944067001 0.463944494724274 0.464864015579224 0.465783566236496 0.466703116893768 0.467622667551041 0.4677914083004 0.467709928750992
