data/working_set_collections/6091692-Cassins_Sparrow-M2/1985/cldtot_avg.asc
NCOLS 265 
NROWS 230 
XLLCORNER -115.5625 
YLLCORNER 24.8333333333333 
CELLSIZE 0.0833333333333333 
NODATA_value -9999 
[rows 160 to 179 of 230, columns 88 to 131 of 265]
0.379570871591568 0.378824949264526 0.378988116979599 0.379151284694672 0.379314422607422 0.379477590322495 0.379640758037567 0.379803895950317 0.37996706366539 0.37881788611412 0.377231270074844 0.375644624233246 0.37405800819397 0.372471392154694 0.370884776115417 0.369298130273819 0.368429660797119 0.369715601205826 0.371001541614532 0.372287482023239 0.373573422431946 0.37485933303833 0.376145273447037 0.377431213855743 0.377982407808304 0.378288716077805 0.378594994544983 0.378901273012161 0.37920755147934 0.379513829946518 0.379820138216019 0.38017201423645 0.380660742521286 0.381149500608444 0.38163822889328 0.382126957178116 0.382615685462952 0.383104413747787 0.383593142032623 0.38476625084877 0.38616743683815 0.387568652629852 0.388969868421555 0.390371054410934
0.382519125938416 0.381726086139679 0.381769448518753 0.381812810897827 0.381856173276901 0.381899535655975 0.381942898035049 0.381986260414124 0.382029622793198 0.380894690752029 0.379366993904114 0.377839297056198 0.376311600208282 0.374783903360367 0.373256206512451 0.371728509664536 0.370872020721436 0.372029185295105 0.373186349868774 0.374343544244766 0.375500708818436 0.376657873392105 0.377815037965775 0.378972202539444 0.379538387060165 0.379907578229904 0.380276739597321 0.380645930767059 0.381015121936798 0.381384283304214 0.381753474473953 0.382120251655579 0.382479786872864 0.382839351892471 0.383198916912079 0.383558452129364 0.383918017148972 0.384277582168579 0.384637147188187 0.38582718372345 0.387294054031372 0.388760954141617 0.390227824449539 0.391694694757462
0.385755360126495 0.385009288787842 0.384879559278488 0.384749829769135 0.384620130062103 0.38449040055275 0.384360671043396 0.384230941534042 0.384101241827011 0.383015871047974 0.381611943244934 0.380208015441895 0.378804087638855 0.377400159835815 0.375996232032776 0.374592304229736 0.373810112476349 0.374893248081207 0.375976383686066 0.377059489488602 0.37814262509346 0.379225730895996 0.380308866500854 0.38139197230339 0.38188025355339 0.382170230150223 0.382460176944733 0.382750153541565 0.383040130138397 0.38333010673523 0.383620083332062 0.383913636207581 0.384217947721481 0.38452222943306 0.38482654094696 0.385130852460861 0.385435163974762 0.38573944568634 0.386043757200241 0.387176185846329 0.388584673404694 0.389993131160736 0.391401618719101 0.392810076475143
0.389279514551163 0.388674527406693 0.388318449258804 0.387962371110916 0.387606263160706 0.387250185012817 0.386894077062607 0.386537998914719 0.38618192076683 0.385181397199631 0.383966088294983 0.382750779390335 0.381535470485687 0.380320131778717 0.379104822874069 0.377889513969421 0.377243965864182 0.37830775976181 0.379371553659439 0.380435347557068 0.381499141454697 0.382562935352325 0.383626729249954 0.384690523147583 0.385007977485657 0.385076642036438 0.385145306587219 0.385213971138 0.385282635688782 0.385351300239563 0.385419964790344 0.385552227497101 0.385875195264816 0.386198163032532 0.386521130800247 0.386844098567963 0.387167066335678 0.387490034103394 0.387813001871109 0.388813257217407 0.39003923535347 0.391265243291855 0.392491221427917 0.393717229366302
0.392803698778152 0.392339795827866 0.39175733923912 0.391174882650375 0.39059242606163 0.390009969472885 0.38942751288414 0.388845056295395 0.38826259970665 0.38734695315361 0.386320233345032 0.385293543338776 0.38426685333252 0.383240133523941 0.382213443517685 0.381186723709106 0.380677819252014 0.381722271442413 0.382766753435135 0.383811205625534 0.384855687618256 0.385900139808655 0.386944591999054 0.387989073991776 0.388135701417923 0.387983053922653 0.387830406427383 0.387677788734436 0.387525141239166 0.387372493743896 0.387219846248627 0.387190788984299 0.387532442808151 0.387874066829681 0.388215720653534 0.388557344675064 0.388898998498917 0.389240622520447 0.389582276344299 0.390450328588486 0.391493827104568 0.392537325620651 0.393580853939056 0.394624352455139
0.39632785320282 0.396005034446716 0.395196229219437 0.394387394189835 0.393578559160233 0.39276972413063 0.391960918903351 0.391152083873749 0.390343248844147 0.389512479305267 0.388674408197403 0.387836307287216 0.386998236179352 0.386160135269165 0.385322034358978 0.384483963251114 0.384111672639847 0.385136812925339 0.386161923408508 0.387187063694 0.388212203979492 0.389237344264984 0.390262484550476 0.391287595033646 0.391263425350189 0.390889465808868 0.39051553606987 0.390141576528549 0.389767646789551 0.38939368724823 0.389019757509232 0.388829350471497 0.389189660549164 0.389549970626831 0.389910280704498 0.390270620584488 0.390630930662155 0.390991240739822 0.39135155081749 0.392087370157242 0.392948418855667 0.39380943775177 0.394670456647873 0.395531475543976
0.39985203742981 0.399670302867889 0.39863508939743 0.397599905729294 0.396564722061157 0.395529508590698 0.394494324922562 0.393459141254425 0.392423927783966 0.391678035259247 0.391028553247452 0.390379071235657 0.389729619026184 0.389080137014389 0.388430655002594 0.387781172990799 0.387545526027679 0.388551324605942 0.389557123184204 0.390562921762466 0.391568720340729 0.392574548721313 0.393580347299576 0.394586145877838 0.394391149282455 0.393795907497406 0.393200635910034 0.392605394124985 0.392010152339935 0.391414880752563 0.390819638967514 0.390467941761017 0.390846908092499 0.391225904226303 0.391604870557785 0.391983866691589 0.392362833023071 0.392741829156876 0.393120795488358 0.39372444152832 0.394402980804443 0.395081520080566 0.395760059356689 0.396438598632812
0.403376221656799 0.40333554148674 0.402073979377747 0.400812417268753 0.39955085515976 0.398289293050766 0.397027730941772 0.395766168832779 0.394504606723785 0.393843591213226 0.393382728099823 0.39292186498642 0.392461001873016 0.392000138759613 0.39153927564621 0.391078412532806 0.390979379415512 0.391965836286545 0.3929523229599 0.393938779830933 0.394925266504288 0.39591172337532 0.396898210048676 0.397884696722031 0.397518873214722 0.396702319383621 0.395885765552521 0.39506921172142 0.394252628087997 0.393436074256897 0.392619520425797 0.392106503248215 0.392504155635834 0.392901808023453 0.393299460411072 0.393697112798691 0.39409476518631 0.394492417573929 0.394890069961548 0.395361512899399 0.395857572555542 0.396353632211685 0.396849691867828 0.397345751523972
0.40687295794487 0.407049804925919 0.405711263418198 0.404372751712799 0.403034210205078 0.401695668697357 0.400357156991959 0.399018615484238 0.397680103778839 0.397059351205826 0.396677851676941 0.396296352148056 0.395914852619171 0.395533353090286 0.395151853561401 0.394770354032516 0.394703239202499 0.395579278469086 0.396455347537994 0.397331386804581 0.398207426071167 0.399083465337753 0.399959534406662 0.400835573673248 0.400308668613434 0.399314135313034 0.398319602012634 0.397325068712234 0.396330505609512 0.395335972309113 0.394341439008713 0.39369547367096 0.394095331430435 0.394495159387589 0.394895017147064 0.395294845104218 0.395694673061371 0.396094530820847 0.396494358778 0.3968246281147 0.397131711244583 0.397438764572144 0.397745847702026 0.398052930831909
0.410342246294022 0.41081303358078 0.409546941518784 0.408280849456787 0.407014757394791 0.405748665332794 0.404482573270798 0.403216481208801 0.401950389146805 0.401325315237045 0.400913953781128 0.400502562522888 0.400091171264648 0.399679780006409 0.399268418550491 0.398857027292252 0.398717135190964 0.399391651153564 0.400066167116165 0.400740712881088 0.401415228843689 0.402089774608612 0.402764290571213 0.403438806533813 0.402760565280914 0.401631355285645 0.400502145290375 0.399372965097427 0.398243755102158 0.397114545106888 0.39598536491394 0.395234853029251 0.395620405673981 0.39600595831871 0.39639151096344 0.39677706360817 0.397162616252899 0.397548168897629 0.397933721542358 0.398113816976547 0.398225396871567 0.398336976766586 0.398448556661606 0.398560136556625
0.413811564445496 0.414576292037964 0.413382649421692 0.412188977003098 0.410995304584503 0.409801661968231 0.408607989549637 0.407414317131042 0.40622067451477 0.405591309070587 0.405150026082993 0.40470877289772 0.404267519712448 0.403826236724854 0.403384983539581 0.402943700551987 0.402731001377106 0.403204023838043 0.403677016496658 0.404150038957596 0.404623031616211 0.405096054077148 0.405569046735764 0.406042069196701 0.405212432146072 0.403948575258255 0.402684718370438 0.40142086148262 0.40015697479248 0.398893117904663 0.397629261016846 0.39677420258522 0.397145479917526 0.39751672744751 0.397888004779816 0.398259282112122 0.398630559444427 0.399001806974411 0.399373084306717 0.399402976036072 0.39931908249855 0.399235159158707 0.399151265621185 0.399067342281342
0.41728088259697 0.418339550495148 0.417218327522278 0.416097104549408 0.414975881576538 0.413854628801346 0.412733405828476 0.411612182855606 0.410490959882736 0.409857273101807 0.40938612818718 0.408914983272552 0.408443838357925 0.407972693443298 0.407501548528671 0.407030373811722 0.40674489736557 0.407016396522522 0.407287865877151 0.407559365034103 0.407830834388733 0.408102333545685 0.408373802900314 0.408645302057266 0.40766429901123 0.406265765428543 0.404867261648178 0.403468757867813 0.402070224285126 0.400671720504761 0.399273186922073 0.39831355214119 0.398670554161072 0.399027526378632 0.399384498596191 0.399741500616074 0.400098472833633 0.400455474853516 0.400812447071075 0.400692135095596 0.400412738323212 0.400133371353149 0.399853974580765 0.39957457780838
0.420750170946121 0.422102808952332 0.421054005622864 0.420005202293396 0.418956428766251 0.417907625436783 0.416858822107315 0.41581004858017 0.414761245250702 0.414123266935349 0.413622230291367 0.413121193647385 0.412620157003403 0.412119120359421 0.411618113517761 0.411117076873779 0.410758793354034 0.410828739404678 0.410898715257645 0.410968691110611 0.411038637161255 0.411108613014221 0.411178588867188 0.411248534917831 0.410116165876389 0.408582985401154 0.407049804925919 0.405516654253006 0.403983473777771 0.402450293302536 0.400917112827301 0.399852931499481 0.400195628404617 0.400538325309753 0.40088102221489 0.401223719120026 0.401566416025162 0.401909112930298 0.402251809835434 0.401981323957443 0.401506423950195 0.40103155374527 0.400556683540344 0.400081783533096
0.424219489097595 0.425866067409515 0.42488968372345 0.423913329839706 0.422936975955963 0.42196062207222 0.420984238386154 0.420007884502411 0.419031530618668 0.41838926076889 0.417858332395554 0.417327404022217 0.416796505451202 0.416265577077866 0.415734678506851 0.415203750133514 0.414772659540176 0.414641112089157 0.414509564638138 0.414378017187119 0.414246439933777 0.414114892482758 0.413983345031738 0.413851797580719 0.412568032741547 0.410900205373764 0.409232378005981 0.407564550638199 0.405896693468094 0.404228866100311 0.402561038732529 0.40139228105545 0.401720702648163 0.402049094438553 0.402377516031265 0.402705937623978 0.403034329414368 0.40336275100708 0.403691172599792 0.403270483016968 0.402600109577179 0.40192973613739 0.401259392499924 0.400589019060135
0.426537781953812 0.428387343883514 0.427510499954224 0.42663362622261 0.42575678229332 0.424879908561707 0.424003064632416 0.423126190900803 0.422249346971512 0.421660631895065 0.421167969703674 0.420675307512283 0.420182645320892 0.419689983129501 0.41919732093811 0.418704658746719 0.418261677026749 0.417967647314072 0.417673617601395 0.417379587888718 0.417085558176041 0.416791528463364 0.416497498750687 0.41620346903801 0.414816707372665 0.413065731525421 0.411314725875854 0.40956375002861 0.407812744379044 0.406061768531799 0.404310792684555 0.403067499399185 0.403347343206406 0.403627187013626 0.403907001018524 0.404186844825745 0.404466688632965 0.404746532440186 0.405026376247406 0.404616147279739 0.403975933790207 0.403335690498352 0.40269547700882 0.402055263519287
0.427705109119415 0.429666697978973 0.428916424512863 0.428166121244431 0.42741584777832 0.426665544509888 0.425915271043777 0.425164967775345 0.424414694309235 0.423937410116196 0.423551142215729 0.423164904117584 0.422778636217117 0.42239236831665 0.422006100416183 0.421619832515717 0.421225756406784 0.4208083152771 0.420390844345093 0.419973373413086 0.419555932283401 0.419138461351395 0.41872102022171 0.418303549289703 0.416862189769745 0.415079563856125 0.413296908140182 0.41151425242424 0.40973162651062 0.407948970794678 0.406166315078735 0.404878586530685 0.405075579881668 0.405272543430328 0.405469506978989 0.405666500329971 0.405863463878632 0.406060457229614 0.406257420778275 0.406018316745758 0.405633866786957 0.405249416828156 0.404864966869354 0.404480516910553
0.428872406482697 0.430946052074432 0.430322349071503 0.429698616266251 0.429074913263321 0.428451180458069 0.427827477455139 0.427203744649887 0.426580041646957 0.426214218139648 0.425934344530106 0.425654470920563 0.42537459731102 0.425094723701477 0.424814850091934 0.424535006284714 0.424189865589142 0.423648983240128 0.423108100891113 0.422567188739777 0.422026306390762 0.421485424041748 0.420944541692734 0.420403629541397 0.418907701969147 0.417093396186829 0.41527909040451 0.413464784622192 0.411650478839874 0.409836173057556 0.408021867275238 0.406689673662186 0.406803786754608 0.406917899847031 0.407032012939453 0.407146126031876 0.407260239124298 0.407374382019043 0.407488495111465 0.407420486211777 0.407291829586029 0.407163143157959 0.407034456729889 0.406905770301819
0.430039703845978 0.432225406169891 0.431728273630142 0.431231111288071 0.430733978748322 0.43023681640625 0.429739683866501 0.429242521524429 0.42874538898468 0.428490996360779 0.42831751704216 0.428144037723541 0.427970558404922 0.427797108888626 0.427623629570007 0.427450150251389 0.4271539747715 0.426489651203156 0.425825327634811 0.425161004066467 0.424496680498123 0.423832356929779 0.423168063163757 0.422503739595413 0.420953184366226 0.419107228517532 0.417261272668839 0.415415316820145 0.413569331169128 0.411723375320435 0.409877419471741 0.408500760793686 0.408532023429871 0.408563286066055 0.408594518899918 0.408625781536102 0.408657044172287 0.408688277006149 0.408719539642334 0.408822685480118 0.408949762582779 0.409076869487762 0.409203946590424 0.409331023693085
0.431207031011581 0.43350476026535 0.433134198188782 0.432763606309891 0.432393044233322 0.432022452354431 0.431651890277863 0.431281298398972 0.430910736322403 0.430767774581909 0.430700689554214 0.430633634328842 0.430566549301147 0.430499464273453 0.430432379245758 0.430365324020386 0.430118083953857 0.429330319166183 0.428542584180832 0.427754819393158 0.426967084407806 0.426179319620132 0.425391584634781 0.424603819847107 0.422998666763306 0.421121060848236 0.419243425130844 0.417365819215775 0.415488213300705 0.413610577583313 0.411732971668243 0.410311847925186 0.410260260105133 0.410208642482758 0.410157024860382 0.410105437040329 0.410053819417953 0.410002201795578 0.409950584173203 0.410224854946136 0.410607695579529 0.410990566015244 0.411373436450958 0.411756306886673
0.432374328374863 0.434784114360809 0.434540122747421 0.434296101331711 0.434052109718323 0.433808088302612 0.433564096689224 0.433320075273514 0.433076083660126 0.43304455280304 0.433083891868591 0.433123201131821 0.43316251039505 0.433201849460602 0.433241158723831 0.433280467987061 0.433082163333893 0.432170987129211 0.43125981092453 0.430348634719849 0.429437458515167 0.428526282310486 0.427615106105804 0.426703929901123 0.425044178962708 0.42313489317894 0.421225607395172 0.419316351413727 0.417407065629959 0.415497779846191 0.413588523864746 0.412122935056686 0.411988466978073 0.41185399889946 0.411719530820847 0.411585062742233 0.41145059466362 0.411316126585007 0.411181658506393 0.411627024412155 0.412265658378601 0.412904292345047 0.413542926311493 0.414181560277939
