data/working_set_collections/6091692-Cassins_Sparrow-M2/1985/echange_avg.asc
NCOLS 265 
NROWS 230 
XLLCORNER -115.5625 
YLLCORNER 24.8333333333333 
CELLSIZE 0.0833333333333333 
NODATA_value -9999 
[rows 38 to 56 of 230, columns 172 to 214 of 265]
0.0111631099134684 0.0121982265263796 0.0132333440706134 0.0142684606835246 0.0153035782277584 0.0163386948406696 0.0173738114535809 0.0179480817168951 0.0171398092061281 0.0163315385580063 0.0155232660472393 0.0147149944677949 0.0139067228883505 0.0130984503775835 0.0122901787981391 0.00987306050956249 0.00691965920850635 0.00396625837311149 0.00101285777054727 -0.00194054306484759 -0.00489394413307309 -0.00784734450280666 -0.0108705358579755 -0.0141030959784985 -0.017335657030344 -0.0205682162195444 -0.02380077727139 -0.0270333364605904 -0.0302658975124359 -0.0334984585642815 -0.0352899953722954 -0.0366011932492256 -0.0379123911261559 -0.0392235890030861 -0.0405347868800163 -0.0418459847569466 -0.0431571826338768 -0.0447942428290844 -0.0474089048802853 -0.0500235632061958 -0.0526382215321064 -0.055252879858017 -0.0578675419092178
0.0095543498173356 0.0106034940108657 0.0116526382043958 0.0127017833292484 0.0137509275227785 0.0148000726476312 0.0158492177724838 0.0164783280342817 0.015847334638238 0.0152163431048393 0.0145853506401181 0.0139543581753969 0.0133233657106757 0.0126923732459545 0.0120613807812333 0.00965848844498396 0.00666496297344565 0.0036714372690767 0.000677911390084773 -0.00231561437249184 -0.00530914030969143 -0.00830266624689102 -0.011444503441453 -0.0150312734767795 -0.0186180435121059 -0.022204814478755 -0.0257915854454041 -0.0293783564120531 -0.0329651273787022 -0.0365518964827061 -0.0387148186564445 -0.0404031276702881 -0.0420914329588413 -0.0437797419726849 -0.0454680472612381 -0.0471563562750816 -0.0488446615636349 -0.0507197491824627 -0.0531551651656628 -0.0555905848741531 -0.0580260045826435 -0.0604614242911339 -0.062896840274334
0.00794558878988028 0.00900876149535179 0.0100719332695007 0.0111351050436497 0.0121982777491212 0.0132614495232701 0.0143246212974191 0.0150085724890232 0.0145548600703478 0.0141011467203498 0.0136474343016744 0.0131937218829989 0.0127400094643235 0.0122862961143255 0.0118325836956501 0.009443917311728 0.00641026673838496 0.00337661569938064 0.000342965009622276 -0.00269068568013608 -0.00572433648630977 -0.0087579870596528 -0.0120184700936079 -0.0159594509750605 -0.019900431856513 -0.0238414127379656 -0.0277823936194181 -0.0317233726382256 -0.0356643535196781 -0.0396053344011307 -0.0421396419405937 -0.0442050620913506 -0.0462704785168171 -0.0483358949422836 -0.0504013113677502 -0.0524667277932167 -0.0545321442186832 -0.0566452518105507 -0.0589014291763306 -0.0611576065421104 -0.0634137839078903 -0.0656699612736702 -0.0679261386394501
0.00633682915940881 0.00741402851417661 0.00849122833460569 0.00956842768937349 0.0106456270441413 0.0117228273302317 0.0128000266849995 0.0135388178750873 0.013262384571135 0.0129859512671828 0.0127095188945532 0.012433085590601 0.0121566522866488 0.0118802189826965 0.0116037856787443 0.00922934617847204 0.00615557003766298 0.00308179436251521 8.01864825916709e-06 -0.00306575698778033 -0.0061395326629281 -0.00921330880373716 -0.0125924376770854 -0.016887629404664 -0.0211828202009201 -0.0254780109971762 -0.0297732017934322 -0.0340683944523335 -0.0383635833859444 -0.0426587760448456 -0.0455644689500332 -0.0480069927871227 -0.0504495203495026 -0.0528920479118824 -0.0553345717489719 -0.0577770993113518 -0.0602196268737316 -0.062570758163929 -0.0646476894617081 -0.0667246282100677 -0.0688015669584274 -0.0708785057067871 -0.0729554444551468
0.00243292911909521 0.00362067809328437 0.00480842683464289 0.00599617557600141 0.00718392431735992 0.00837167352437973 0.00955942180007696 0.0104390745982528 0.0103944353759289 0.0103497970849276 0.0103051587939262 0.0102605205029249 0.0102158822119236 0.0101712439209223 0.010126605629921 0.0078963078558445 0.00493745692074299 0.00197860598564148 -0.000980244833044708 -0.00393909588456154 -0.00689794681966305 -0.00985679775476456 -0.0131687745451927 -0.0175401289016008 -0.0219114851206541 -0.0262828394770622 -0.0306541956961155 -0.0350255519151688 -0.0393969044089317 -0.043768260627985 -0.0468827895820141 -0.0495783761143684 -0.0522739589214325 -0.0549695454537868 -0.0576651319861412 -0.0603607147932053 -0.0630562976002693 -0.0656240805983543 -0.0678084269165993 -0.0699927732348442 -0.0721771270036697 -0.0743614733219147 -0.0765458196401596
-0.00376611039973795 -0.00237129046581686 -0.0009764707647264 0.000418349052779377 0.00181316887028515 0.00320798857137561 0.00460280850529671 0.00570934126153588 0.00595101295039058 0.00619268463924527 0.00643435586243868 0.00667602755129337 0.00691769924014807 0.00715937092900276 0.00740104261785746 0.00544480327516794 0.00275592692196369 6.70506633468904e-05 -0.00262182555161417 -0.00531070167198777 -0.00799957849085331 -0.0106884548440576 -0.0137474797666073 -0.0179169531911612 -0.022086426615715 -0.026255901902914 -0.0304253753274679 -0.0345948487520218 -0.0387643240392208 -0.0429337956011295 -0.046094611287117 -0.0489192046225071 -0.0517437979578972 -0.0545683912932873 -0.0573929846286774 -0.0602175779640675 -0.0630421712994576 -0.0658052191138268 -0.0683836340904236 -0.0709620416164398 -0.0735404565930367 -0.0761188715696335 -0.0786972865462303
-0.00996514968574047 -0.00836325902491808 -0.00676136836409569 -0.0051594777032733 -0.00355758680962026 -0.00195569591596723 -0.000353805196937174 0.000979608274064958 0.00150758994277567 0.00203557149507105 0.00256355316378176 0.00309153459966183 0.00361951626837254 0.00414749793708324 0.00467547960579395 0.00299329869449139 0.000574396981392056 -0.00184450461529195 -0.0042634061537683 -0.00668230792507529 -0.009101209230721 -0.011520111002028 -0.0143261859193444 -0.0182937774807215 -0.0222613699734211 -0.0262289624661207 -0.0301965549588203 -0.0341641455888748 -0.0381317399442196 -0.0420993305742741 -0.0453064292669296 -0.0482600331306458 -0.0512136332690716 -0.0541672334074974 -0.0571208372712135 -0.0600744374096394 -0.0630280375480652 -0.0659863576292992 -0.0689588338136673 -0.071931317448616 -0.0749037936329842 -0.0778762698173523 -0.0808487460017204
-0.0161641892045736 -0.0143552273511887 -0.0125462664291263 -0.0107373045757413 -0.00892834272235632 -0.00711938086897135 -0.00531041901558638 -0.00375012471340597 -0.00293583306483924 -0.00212154141627252 -0.00130724988412112 -0.000492958293762058 0.000321333296597004 0.00113562494516373 0.00194991647731513 0.000541794113814831 -0.00160713295917958 -0.00375606003217399 -0.00590498698875308 -0.00805391371250153 -0.0102028409019113 -0.012351768091321 -0.014904891140759 -0.0186706017702818 -0.022436311468482 -0.0262020230293274 -0.0299677327275276 -0.0337334424257278 -0.0374991558492184 -0.0412648655474186 -0.0445182509720325 -0.0476008616387844 -0.050683468580246 -0.0537660792469978 -0.0568486899137497 -0.0599313005805016 -0.0630139112472534 -0.0661675035953522 -0.0695340409874916 -0.0729005858302116 -0.0762671232223511 -0.0796336680650711 -0.0830002054572105
-0.0223632287234068 -0.0203471966087818 -0.0183311644941568 -0.0163151305168867 -0.0142990984022617 -0.0122830653563142 -0.0102670323103666 -0.00847985781729221 -0.00737925618886948 -0.00627865456044674 -0.005178052932024 -0.00407745130360126 -0.00297684967517853 -0.00187624816317111 -0.000775646534748375 -0.00190971046686172 -0.00378866284154356 -0.00566761521622539 -0.00754656782373786 -0.00942551996558905 -0.0113044725731015 -0.013183425180614 -0.0154835963621736 -0.0190474260598421 -0.0226112548261881 -0.0261750835925341 -0.02973891235888 -0.0333027429878712 -0.0368665717542171 -0.0404304005205631 -0.0437300689518452 -0.0469416901469231 -0.0501533076167107 -0.0533649250864983 -0.0565765425562859 -0.0597881600260735 -0.062999777495861 -0.0663486421108246 -0.0701092481613159 -0.0738698542118073 -0.0776304602622986 -0.0813910588622093 -0.0851516649127007
-0.02856226824224 -0.026339165866375 -0.0241160616278648 -0.0218929573893547 -0.0196698531508446 -0.0174467507749796 -0.0152236465364695 -0.0132095906883478 -0.0118226790800691 -0.0104357674717903 -0.00904885586351156 -0.00766194425523281 -0.00627503264695406 -0.00488812103867531 -0.00350120943039656 -0.00436121504753828 -0.00597019260749221 -0.00757917063310742 -0.00918814819306135 -0.0107971262186766 -0.0124061042442918 -0.014015082269907 -0.0160623025149107 -0.0194242503494024 -0.022786196321249 -0.0261481441557407 -0.0295100919902325 -0.0328720398247242 -0.0362339876592159 -0.0395959354937077 -0.0429418906569481 -0.0462825186550617 -0.0496231429278851 -0.0529637709259987 -0.056304395198822 -0.0596450231969357 -0.0629856511950493 -0.0665297880768776 -0.0706844553351402 -0.0748391225934029 -0.0789937898516655 -0.0831484571099281 -0.0873031243681908
-0.0321763306856155 -0.0298775006085634 -0.0275786723941565 -0.0252798441797495 -0.0229810159653425 -0.0206821877509356 -0.0183833595365286 -0.0162869859486818 -0.0147979743778706 -0.0133089637383819 -0.0118199530988932 -0.0103309415280819 -0.0088419308885932 -0.0073529202491045 -0.00586390914395452 -0.00648522330448031 -0.00780997890979052 -0.009134734980762 -0.0104594901204109 -0.0117842461913824 -0.0131090013310313 -0.0144337574020028 -0.0162007119506598 -0.0192942600697279 -0.0223878100514412 -0.0254813581705093 -0.0285749081522226 -0.0316684581339359 -0.0347620062530041 -0.0378555543720722 -0.0411732718348503 -0.0445657074451447 -0.047958143055439 -0.0513505786657333 -0.054743018001318 -0.0581354536116123 -0.0615278892219067 -0.0651433765888214 -0.069428026676178 -0.073712669312954 -0.0779973119497299 -0.0822819620370865 -0.0865666046738625
-0.0332054123282433 -0.0309622045606375 -0.0287189986556768 -0.0264757908880711 -0.0242325849831104 -0.0219893790781498 -0.019746171310544 -0.0177120417356491 -0.0163051430135965 -0.0148982433602214 -0.0134913437068462 -0.0120844440534711 -0.0106775444000959 -0.00927064474672079 -0.00786374602466822 -0.00828173570334911 -0.00930802151560783 -0.0103343073278666 -0.0113605931401253 -0.012386878952384 -0.0134131656959653 -0.014439451508224 -0.0158988237380981 -0.0186574589461088 -0.0214160922914743 -0.024174727499485 -0.0269333627074957 -0.0296919960528612 -0.0324506312608719 -0.0352092646062374 -0.0384242087602615 -0.0417912602424622 -0.0451583079993725 -0.0485253557562828 -0.0518924072384834 -0.0552594549953938 -0.0586265027523041 -0.0621894262731075 -0.0663399621844292 -0.0704904943704605 -0.0746410340070724 -0.0787915661931038 -0.0829421058297157
-0.034234493970871 -0.0320469066500664 -0.0298593230545521 -0.0276717394590378 -0.0254841540008783 -0.023296570405364 -0.0211089849472046 -0.0191370993852615 -0.0178123116493225 -0.0164875239133835 -0.0151627352461219 -0.0138379465788603 -0.0125131588429213 -0.0111883701756597 -0.00986358243972063 -0.0100782476365566 -0.0108060631901026 -0.0115338796749711 -0.0122616961598396 -0.0129895126447082 -0.0137173291295767 -0.0144451456144452 -0.0155969373881817 -0.0180206578224897 -0.0204443763941526 -0.0228680968284607 -0.0252918154001236 -0.0277155339717865 -0.0301392544060946 -0.0325629748404026 -0.0356751494109631 -0.0390168130397797 -0.042358472943306 -0.0457001328468323 -0.0490417964756489 -0.0523834563791752 -0.0557251200079918 -0.0592354722321033 -0.0632518976926804 -0.0672683194279671 -0.0712847486138344 -0.0753011777997017 -0.0793175995349884
-0.0352635756134987 -0.0331316106021404 -0.0309996493160725 -0.0288676861673594 -0.0267357230186462 -0.0246037598699331 -0.0224717985838652 -0.020562157034874 -0.0193194802850485 -0.018076803535223 -0.0168341249227524 -0.0155914491042495 -0.014348772354424 -0.0131060956045985 -0.011863418854773 -0.0118747595697641 -0.0123041057959199 -0.0127334529533982 -0.013162799179554 -0.0135921463370323 -0.0140214925631881 -0.0144508397206664 -0.0152950501069427 -0.0173838548362255 -0.0194726604968309 -0.0215614642947912 -0.0236502680927515 -0.0257390737533569 -0.0278278775513172 -0.0299166832119226 -0.0329260900616646 -0.0362423621118069 -0.0395586378872395 -0.0428749099373817 -0.0461911857128143 -0.0495074577629566 -0.0528237335383892 -0.0562815181910992 -0.0601638332009315 -0.0640461519360542 -0.0679284632205963 -0.071810781955719 -0.0756931006908417
-0.0362926572561264 -0.0342163145542145 -0.0321399755775928 -0.0300636328756809 -0.0279872920364141 -0.0259109511971474 -0.0238346103578806 -0.0219872128218412 -0.0208266470581293 -0.0196660831570625 -0.0185055173933506 -0.0173449516296387 -0.0161843858659267 -0.0150238201022148 -0.0138632552698255 -0.0136712715029716 -0.0138021484017372 -0.0139330253005028 -0.0140639021992683 -0.0141947790980339 -0.0143256559967995 -0.014456532895565 -0.0149931637570262 -0.0167470537126064 -0.0185009427368641 -0.0202548336237669 -0.0220087226480246 -0.0237626116722822 -0.025516502559185 -0.0272703915834427 -0.030177028849721 -0.0334679149091244 -0.0367588028311729 -0.0400496870279312 -0.0433405749499798 -0.046631459146738 -0.0499223470687866 -0.053327564150095 -0.0570757687091827 -0.0608239769935608 -0.0645721852779388 -0.0683203861117363 -0.0720685943961143
-0.0373217388987541 -0.0353010185062885 -0.0332802981138229 -0.0312595814466476 -0.029238861054182 -0.0272181425243616 -0.0251974239945412 -0.0234122704714537 -0.0223338156938553 -0.0212553627789021 -0.0201769080013037 -0.0190984532237053 -0.0180200003087521 -0.0169415455311537 -0.0158630907535553 -0.0154677834361792 -0.0153001910075545 -0.0151325976476073 -0.0149650052189827 -0.0147974127903581 -0.0146298203617334 -0.0144622270017862 -0.0146912764757872 -0.0161102507263422 -0.0175292268395424 -0.0189482010900974 -0.0203671753406525 -0.0217861514538527 -0.0232051257044077 -0.0246240999549627 -0.0274279695004225 -0.0306934677064419 -0.0339589677751064 -0.0372244641184807 -0.0404899641871452 -0.0437554642558098 -0.047020960599184 -0.0503736101090908 -0.0539877079427242 -0.0576018020510674 -0.0612158998847008 -0.0648299977183342 -0.0684440955519676
-0.0373502820730209 -0.0355078801512718 -0.0336654745042324 -0.031823068857193 -0.0299806669354439 -0.0281382631510496 -0.0262958575040102 -0.0247254110872746 -0.0239708349108696 -0.0232162587344646 -0.0224616806954145 -0.0217071045190096 -0.0209525283426046 -0.0201979521661997 -0.0194433759897947 -0.0190939903259277 -0.0188796687871218 -0.0186653472483158 -0.0184510257095098 -0.0182367041707039 -0.0180223826318979 -0.017808061093092 -0.0179652012884617 -0.0192367285490036 -0.0205082558095455 -0.0217797830700874 -0.0230513103306293 -0.0243228375911713 -0.0255943648517132 -0.0268658921122551 -0.0294772442430258 -0.0325352065265179 -0.0355931669473648 -0.0386511273682117 -0.0417090877890587 -0.0447670482099056 -0.0478250086307526 -0.0509662218391895 -0.054357185959816 -0.0577481538057327 -0.0611391216516495 -0.0645300894975662 -0.067921057343483
-0.0363782942295074 -0.0348368957638741 -0.033295501023531 -0.0317541025578976 -0.0302127078175545 -0.0286713112145662 -0.027129914611578 -0.0259266346693039 -0.0257377028465271 -0.0255487691611052 -0.0253598373383284 -0.0251709055155516 -0.0249819718301296 -0.0247930400073528 -0.024604108184576 -0.0245498921722174 -0.0245405826717615 -0.0245312713086605 -0.0245219618082047 -0.0245126523077488 -0.0245033428072929 -0.0244940333068371 -0.0248149372637272 -0.0261264834553003 -0.0274380315095186 -0.0287495777010918 -0.0300611257553101 -0.0313726738095284 -0.0326842181384563 -0.0339957661926746 -0.036324854940176 -0.038993127644062 -0.0416614003479481 -0.0443296693265438 -0.0469979420304298 -0.0496662147343159 -0.0523344837129116 -0.0551053956151009 -0.0581842139363289 -0.0612630359828472 -0.0643418580293655 -0.0674206763505936 -0.0704994946718216
-0.0354063026607037 -0.0341659151017666 -0.0329255275428295 -0.0316851362586021 -0.0304447486996651 -0.029204361140728 -0.0279639717191458 -0.0271278582513332 -0.0275045707821846 -0.0278812814503908 -0.0282579939812422 -0.0286347046494484 -0.0290114171802998 -0.029388127848506 -0.0297648385167122 -0.030005794018507 -0.0302014946937561 -0.0303971972316504 -0.0305928997695446 -0.0307886004447937 -0.030984302982688 -0.0311800055205822 -0.0316646732389927 -0.0330162383615971 -0.0343678072094917 -0.0357193723320961 -0.0370709411799908 -0.0384225063025951 -0.0397740714251995 -0.0411256402730942 -0.0431724674999714 -0.0454510524868965 -0.0477296337485313 -0.0500082150101662 -0.0522867999970913 -0.0545653812587261 -0.056843962520361 -0.0592445693910122 -0.0620112419128418 -0.0647779107093811 -0.067544586956501 -0.0703112632036209 -0.0730779320001602
