data/working_set_collections/6091692-Cassins_Sparrow-M2/1985/echange_avg.asc
NCOLS 265 
NROWS 230 
XLLCORNER -115.5625 
YLLCORNER 24.8333333333333 
CELLSIZE 0.0833333333333333 
NODATA_value -9999 
[rows 38 to 56 of 230, columns 86 to 128 of 265]
0.218153327703476 0.219550788402557 0.2209482640028 0.222930386662483 0.226666510105133 0.230402633547783 0.234138756990433 0.237874880433083 0.241611003875732 0.245347127318382 0.249083250761032 0.245878234505653 0.240359514951706 0.234840795397758 0.22932206094265 0.223803341388702 0.218284621834755 0.212765902280807 0.208337530493736 0.207180231809616 0.206022933125496 0.204865634441376 0.203708335757256 0.202551037073135 0.201393738389015 0.200236424803734 0.193626999855042 0.185200199484825 0.176773399114609 0.168346598744392 0.159919798374176 0.15149299800396 0.143066197633743 0.136231675744057 0.134173929691315 0.132116198539734 0.130058467388153 0.128000721335411 0.12594299018383 0.123885259032249 0.121827520430088 0.117983035743237 0.113542966544628
0.220745027065277 0.221592754125595 0.222440466284752 0.224026411771774 0.227826967835426 0.23162753880024 0.235428109765053 0.239228680729866 0.243029251694679 0.246829822659492 0.250630378723145 0.247916504740715 0.243031159043312 0.238145798444748 0.233260437846184 0.22837507724762 0.223489731550217 0.218604370951653 0.214282929897308 0.211653247475624 0.209023579955101 0.206393897533417 0.203764215111732 0.201134547591209 0.198504865169525 0.195875182747841 0.18891116976738 0.180502355098724 0.17209355533123 0.163684740662575 0.155275940895081 0.146867126226425 0.138458326458931 0.131446436047554 0.128625333309174 0.125804230570793 0.122983135282993 0.120162032544613 0.117340929806232 0.114519827067852 0.111698724329472 0.107964634895325 0.103926211595535
0.223336726427078 0.223634704947472 0.223932683467865 0.225122421979904 0.228987440466881 0.232852458953857 0.236717462539673 0.240582481026649 0.244447499513626 0.248312518000603 0.252177536487579 0.249954789876938 0.245702803134918 0.241450801491737 0.237198814749718 0.232946828007698 0.228694826364517 0.224442839622498 0.22022832930088 0.216126278042793 0.212024226784706 0.207922160625458 0.203820109367371 0.199718058109283 0.195616006851196 0.191513955593109 0.184195324778557 0.175804510712624 0.16741369664669 0.159022882580757 0.150632068514824 0.142241254448891 0.133850440382957 0.126661211252213 0.123076744377613 0.119492270052433 0.115907803177834 0.112323336303234 0.108738869428635 0.105154402554035 0.101569935679436 0.0979462340474129 0.0943094566464424
0.225928425788879 0.225676655769348 0.225424900650978 0.226218447089195 0.230147898197174 0.234077364206314 0.238006830215454 0.241936281323433 0.245865747332573 0.249795213341713 0.253724664449692 0.251993060112 0.248374447226524 0.244755819439888 0.241137191653252 0.237518563866615 0.233899936079979 0.230281308293343 0.226173728704453 0.220599293708801 0.21502485871315 0.20945043861866 0.203876003623009 0.198301568627357 0.192727133631706 0.187152713537216 0.179479479789734 0.171106666326523 0.162733837962151 0.15436102449894 0.145988196134567 0.137615382671356 0.129242554306984 0.12187597900629 0.117528147995472 0.113180309534073 0.108832478523254 0.104484640061855 0.100136809051037 0.0957889780402184 0.0914411395788193 0.087927833199501 0.0846927016973495
0.225609838962555 0.225221619009972 0.224833399057388 0.225557520985603 0.229618698358536 0.233679860830307 0.237741023302078 0.241802200675011 0.245863363146782 0.249924525618553 0.253985702991486 0.252790093421936 0.249842241406441 0.246894389390945 0.24394653737545 0.240998685359955 0.23805083334446 0.235102981328964 0.231169819831848 0.22428072988987 0.217391639947891 0.210502550005913 0.203613460063934 0.196724370121956 0.189835265278816 0.182946175336838 0.174613103270531 0.165798708796501 0.156984314322472 0.148169919848442 0.139355510473251 0.130541115999222 0.121726714074612 0.113887511193752 0.108973890542984 0.104060269892216 0.0991466492414474 0.0942330285906792 0.0893194079399109 0.084405779838562 0.0794921591877937 0.0760806649923325 0.0731698870658875
0.222380980849266 0.222269579768181 0.222158193588257 0.223139673471451 0.227399811148643 0.231659933924675 0.235920071601868 0.24018020927906 0.244440332055092 0.248700469732285 0.252960592508316 0.252345889806747 0.25010621547699 0.247866541147232 0.245626881718636 0.243387222290039 0.241147547960281 0.238907888531685 0.23521663248539 0.227170586585999 0.219124555587769 0.211078509688377 0.203032478690147 0.194986432790756 0.186940401792526 0.178894370794296 0.169596195220947 0.15988065302372 0.150165110826492 0.140449568629265 0.130734011530876 0.121018469333649 0.111302927136421 0.102695807814598 0.0974139794707298 0.0921321511268616 0.0868503153324127 0.0815684869885445 0.0762866586446762 0.071004830300808 0.0657229945063591 0.0624047368764877 0.0597410015761852
0.219152107834816 0.21931754052639 0.219482973217964 0.220721825957298 0.225180923938751 0.229640021920204 0.234099119901657 0.238558202981949 0.243017300963402 0.247476398944855 0.251935482025146 0.251901656389236 0.250370174646378 0.24883870780468 0.247307226061821 0.245775744318962 0.244244262576103 0.242712780833244 0.23926343023777 0.230060443282127 0.220857456326485 0.211654484272003 0.20245149731636 0.193248510360718 0.184045538306236 0.174842551350594 0.164579287171364 0.153962597250938 0.143345907330513 0.132729217410088 0.122112520039082 0.111495822668076 0.10087913274765 0.0915041044354439 0.0858540683984756 0.0802040249109268 0.0745539888739586 0.0689039528369904 0.0632539093494415 0.0576038733124733 0.0519538335502148 0.048728808760643 0.0463121198117733
0.215923249721527 0.216365501284599 0.216807767748833 0.218303978443146 0.222962036728859 0.227620095014572 0.232278153300285 0.236936211585999 0.241594284772873 0.246252343058586 0.250910401344299 0.251457452774048 0.250634133815765 0.249810859560966 0.248987555503845 0.248164266347885 0.247340977191925 0.246517673134804 0.24331022799015 0.232950299978256 0.222590371966362 0.212230443954468 0.201870515942574 0.191510587930679 0.181150659918785 0.170790731906891 0.15956237912178 0.148044541478157 0.136526703834534 0.12500886619091 0.113491021096706 0.101973183453083 0.0904553458094597 0.0803124010562897 0.0742941573262215 0.0682759061455727 0.0622576586902142 0.0562394112348557 0.0502211637794971 0.0442029163241386 0.0381846688687801 0.035052876919508 0.0328832343220711
0.212694376707077 0.21341347694397 0.214132562279701 0.215886130928993 0.220743149518967 0.225600183010101 0.230457201600075 0.235314220190048 0.240171253681183 0.245028272271156 0.24988529086113 0.251013219356537 0.250898122787476 0.250782996416092 0.250667899847031 0.250552803277969 0.250437676906586 0.250322580337524 0.247357025742531 0.235840156674385 0.224323287606239 0.212806403636932 0.201289534568787 0.189772665500641 0.178255796432495 0.166738927364349 0.154545471072197 0.142126485705376 0.129707500338554 0.117288507521152 0.104869522154331 0.0924505367875099 0.0800315514206886 0.0691206976771355 0.0627342388033867 0.0563477873802185 0.0499613285064697 0.0435748733580112 0.0371884182095528 0.0308019611984491 0.0244155041873455 0.021376945078373 0.0194543525576591
0.209465518593788 0.210461437702179 0.211457341909409 0.213468283414841 0.218524277210236 0.223580256104469 0.228636249899864 0.233692228794098 0.238748222589493 0.243804216384888 0.248860195279121 0.250569015741348 0.251162081956863 0.251755148172379 0.252348244190216 0.252941310405731 0.253534406423569 0.254127472639084 0.251403838396072 0.238730013370514 0.226056188344955 0.213382378220558 0.200708553195 0.188034743070602 0.175360918045044 0.162687107920647 0.149528548121452 0.136208415031433 0.122888289391994 0.109568156301975 0.096248023211956 0.0829278901219368 0.0696077570319176 0.0579289942979813 0.0511743314564228 0.044419664889574 0.0376650020480156 0.0309103354811668 0.0241556707769632 0.0174010060727596 0.010646341368556 0.00770101509988308 0.00602546939626336
0.204816833138466 0.205587133765221 0.206357434391975 0.208205819129944 0.213288471102715 0.218371108174324 0.223453760147095 0.228536397218704 0.233619049191475 0.238701686263084 0.243784323334694 0.24592462182045 0.247084140777588 0.248243659734726 0.249403178691864 0.250562697649002 0.25172221660614 0.252881735563278 0.249825045466423 0.234119758009911 0.218414485454559 0.202709197998047 0.187003910541534 0.171298623085022 0.15559333562851 0.139888048171997 0.126385658979416 0.113617561757565 0.100849471986294 0.0880813747644424 0.0753132775425911 0.0625451803207397 0.0497770830988884 0.0388172119855881 0.0332820229232311 0.027746831998229 0.0222116410732269 0.01667645201087 0.0111412610858679 0.00560607016086578 7.08796578692272e-05 -0.00235313875600696 -0.00374009972438216
0.19874832034111 0.198790580034256 0.198832824826241 0.200098752975464 0.205035746097565 0.209972739219666 0.214909732341766 0.219846725463867 0.224783703684807 0.229720696806908 0.234657689929008 0.237080097198486 0.23866431415081 0.240248516201973 0.241832718253136 0.24341693520546 0.245001137256622 0.246585354208946 0.242620691657066 0.222009420394897 0.201398134231567 0.180786862969398 0.16017559170723 0.139564320445061 0.118953041732311 0.0983417630195618 0.0851167887449265 0.0743539109826088 0.0635910332202911 0.0528281554579735 0.0420652776956558 0.0313023999333382 0.0205395203083754 0.0117853535339236 0.00905732065439224 0.00632928730919957 0.0036012539640069 0.000873220735229552 -0.0018548124935478 -0.00458284560590982 -0.0073108789511025 -0.00878551602363586 -0.00984235480427742
0.192679822444916 0.19199401140213 0.191308200359344 0.191991686820984 0.196783021092415 0.201574355363846 0.206365704536438 0.211157038807869 0.2159483730793 0.220739722251892 0.225531056523323 0.228235572576523 0.230244472622871 0.23225337266922 0.234262272715569 0.236271172761917 0.238280072808266 0.240288972854614 0.23541633784771 0.209899067878723 0.184381797909737 0.158864542841911 0.133347272872925 0.107830010354519 0.0823127403855324 0.0567954778671265 0.0438479147851467 0.0350902564823627 0.0263325963169336 0.0175749361515045 0.00881727691739798 5.96176614635624e-05 -0.00869804248213768 -0.0152465058490634 -0.0151673816144466 -0.0150882573798299 -0.0150091340765357 -0.0149300098419189 -0.0148508856073022 -0.0147717613726854 -0.0146926371380687 -0.0152178937569261 -0.0159446094185114
0.18661130964756 0.185197457671165 0.18378359079361 0.183884605765343 0.188530296087265 0.193175986409187 0.19782167673111 0.202467367053032 0.207113042473793 0.211758732795715 0.216404423117638 0.219391033053398 0.221824631094933 0.224258229136467 0.22669181227684 0.229125410318375 0.231558993458748 0.233992591500282 0.228211969137192 0.197788715362549 0.167365461587906 0.136942207813263 0.10651895403862 0.076095700263977 0.0456724427640438 0.0152491889894009 0.00257904385216534 -0.00417339755222201 -0.0109258387237787 -0.0176782812923193 -0.0244307219982147 -0.0311831627041101 -0.0379356034100056 -0.0422783643007278 -0.0393920838832855 -0.0365058034658432 -0.0336195230484009 -0.0307332407683134 -0.0278469584882259 -0.0249606780707836 -0.0220743957906961 -0.0216502714902163 -0.0220468640327454
0.180542811751366 0.17840088903904 0.176258966326714 0.175777539610863 0.180277571082115 0.184777617454529 0.189277648925781 0.193777680397034 0.198277711868286 0.202777743339539 0.207277789711952 0.210546508431435 0.213404789566994 0.216263070702553 0.219121351838112 0.221979647874832 0.224837929010391 0.22769621014595 0.221007615327835 0.185678362846375 0.150349125266075 0.115019880235195 0.0796906352043152 0.0443613901734352 0.00903214514255524 -0.0262970998883247 -0.0386898294091225 -0.0434370525181293 -0.0481842756271362 -0.0529314987361431 -0.05767872184515 -0.0624259449541569 -0.0671731680631638 -0.06931022554636 -0.0636167898774147 -0.0579233467578888 -0.0522299073636532 -0.0465364716947079 -0.0408430323004723 -0.0351495929062366 -0.0294561553746462 -0.0280826482921839 -0.0281491205096245
0.17447429895401 0.171604335308075 0.168734356760979 0.167670473456383 0.172024846076965 0.176379233598709 0.180733621120453 0.185087993741035 0.189442381262779 0.193796768784523 0.198151141405106 0.20170196890831 0.204984948039055 0.2082679271698 0.211550906300545 0.21483388543129 0.218116849660873 0.221399828791618 0.213803261518478 0.173568025231361 0.133332788944244 0.0930975526571274 0.0528623163700104 0.0126270810142159 -0.0276081543415785 -0.06784338504076 -0.0799586996436119 -0.0827007070183754 -0.0854427069425583 -0.0881847143173218 -0.0909267216920853 -0.0936687216162682 -0.0964107289910316 -0.0963420867919922 -0.0878414884209633 -0.0793408900499344 -0.0708402991294861 -0.0623397007584572 -0.0538391061127186 -0.0453385077416897 -0.0368379130959511 -0.0345150269567966 -0.0342513732612133
0.165525123476982 0.161823987960815 0.15812286734581 0.156557440757751 0.161399096250534 0.166240751743317 0.171082407236099 0.175924062728882 0.180765733122826 0.185607388615608 0.190449044108391 0.193591341376305 0.196167185902596 0.198743030428886 0.201318874955177 0.203894719481468 0.206470549106598 0.209046393632889 0.201374545693398 0.162959605455399 0.124544657766819 0.08612971752882 0.0477147772908211 0.00929983425885439 -0.0291151069104671 -0.0675300508737564 -0.0783802270889282 -0.0800421461462975 -0.0817040652036667 -0.0833659917116165 -0.0850279107689857 -0.086689829826355 -0.0883517488837242 -0.0874869301915169 -0.0790418684482574 -0.070596806704998 -0.0621517412364483 -0.0537066832184792 -0.0452616214752197 -0.0368165597319603 -0.0283714979887009 -0.0263118743896484 -0.0263807307928801
0.153695270419121 0.149059891700745 0.144424498081207 0.142438426613808 0.148400291800499 0.15436215698719 0.160324022173882 0.166285887360573 0.172247752547264 0.178209602832794 0.184171468019485 0.186214596033096 0.186951488256454 0.187688365578651 0.18842525780201 0.189162135124207 0.189899027347565 0.190635904669762 0.183721482753754 0.153853118419647 0.12398474663496 0.0941163823008537 0.0642480179667473 0.0343796499073505 0.00451128277927637 -0.0253570843487978 -0.0339544042944908 -0.0354613773524761 -0.0369683466851711 -0.0384753197431564 -0.0399822890758514 -0.0414892621338367 -0.042996235191822 -0.0427447520196438 -0.0372179187834263 -0.0316910818219185 -0.026164248585701 -0.0206374134868383 -0.0151105774566531 -0.00958374235779047 -0.00405690772458911 -0.00347319315187633 -0.00453718565404415
0.141865402460098 0.136295780539513 0.130726143717766 0.128319427371025 0.135401502251625 0.142483562231064 0.149565637111664 0.156647697091103 0.163729771971703 0.170811831951141 0.177893906831741 0.178837865591049 0.177735790610313 0.176633715629578 0.175531640648842 0.174429565668106 0.17332749068737 0.172225415706635 0.16606841981411 0.144746631383896 0.123424835503101 0.102103047072887 0.0807812586426735 0.059459462761879 0.038137674331665 0.0168158821761608 0.010471417568624 0.00911939609795809 0.00776737369596958 0.00641535129398108 0.00506332889199257 0.00371130695566535 0.00235928478650749 0.00199742033146322 0.00460602901875973 0.00721463793888688 0.00982324685901403 0.0124318553134799 0.0150404646992683 0.0176490731537342 0.0202576816082001 0.0193654876202345 0.0173063594847918
