data/working_set_collections/6091692-Cassins_Sparrow-M2/1985/echange_avg.asc
NCOLS 265 
NROWS 230 
XLLCORNER -115.5625 
YLLCORNER 24.8333333333333 
CELLSIZE 0.0833333333333333 
NODATA_value -9999 
[rows 171 to 189 of 230, columns 43 to 85 of 265]
0.0954673290252686 0.0911953970789909 0.0953445136547089 0.0994936302304268 0.103642739355564 0.107791855931282 0.111940965056419 0.116090081632137 0.120239198207855 0.121213667094707 0.121129922568798 0.121046178042889 0.120962433516979 0.12087868899107 0.12079494446516 0.120711199939251 0.120981685817242 0.122314855456352 0.123648032546043 0.124981202185154 0.126314371824265 0.127647548913956 0.128980711102486 0.130313888192177 0.136442333459854 0.144169226288795 0.151896104216576 0.159622982144356 0.167349860072136 0.175076737999916 0.182803630828857 0.185818091034889 0.174695327877998 0.163572564721107 0.152449801564217 0.141327038407326 0.130204275250435 0.119081512093544 0.107958748936653 0.0985608026385307 0.0897377952933311 0.0809147953987122 0.0720917880535126
0.0919881239533424 0.08751330524683 0.0923882126808167 0.0972631201148033 0.10213802754879 0.107012934982777 0.111887834966183 0.116762742400169 0.121637649834156 0.122998230159283 0.123187363147736 0.123376503586769 0.123565644025803 0.123754777014256 0.123943917453289 0.124133050441742 0.124769352376461 0.126747131347656 0.128724902868271 0.130702689290047 0.132680475711823 0.134658247232437 0.136636033654213 0.138613805174828 0.144986763596535 0.15282478928566 0.160662800073624 0.168500825762749 0.176338851451874 0.184176862239838 0.192014887928963 0.195300355553627 0.184928223490715 0.174556091427803 0.16418394446373 0.153811812400818 0.143439665436745 0.133067533373833 0.12269539386034 0.111644431948662 0.100367188453674 0.0890899524092674 0.0778127163648605
0.0885089263319969 0.083831213414669 0.0894319117069244 0.0950326099991798 0.100633308291435 0.106234006583691 0.111834704875946 0.117435403168201 0.123036101460457 0.124782793223858 0.125244811177254 0.125706821680069 0.126168847084045 0.126630857586861 0.127092882990837 0.127554893493652 0.1285570114851 0.13117940723896 0.13380178809166 0.13642418384552 0.139046564698219 0.14166896045208 0.144291341304779 0.14691373705864 0.153531193733215 0.161480352282524 0.169429510831833 0.177378669381142 0.18532782793045 0.193276986479759 0.201226145029068 0.204782620072365 0.195161119103432 0.185539603233337 0.175918087363243 0.166296571493149 0.156675055623055 0.147053554654121 0.137432038784027 0.124728053808212 0.110996581614017 0.0972651094198227 0.0835336372256279
0.0855249464511871 0.0809174105525017 0.0871511846780777 0.0933849513530731 0.0996187254786491 0.105852492153645 0.112086266279221 0.118320032954216 0.124553807079792 0.126682922244072 0.127443820238113 0.128204718232155 0.128965616226196 0.129726514220238 0.130487412214279 0.131248310208321 0.132490918040276 0.135178625583649 0.137866348028183 0.140554055571556 0.143241763114929 0.145929470658302 0.148617193102837 0.15130490064621 0.157916128635406 0.165835201740265 0.173754259943962 0.18167333304882 0.189592406153679 0.197511464357376 0.205430537462234 0.209153547883034 0.200288355350494 0.191423162817955 0.182557985186577 0.173692792654037 0.164827600121498 0.155962407588959 0.147097229957581 0.133742392063141 0.118891015648842 0.104039631783962 0.0891882553696632
0.0830361843109131 0.0787718966603279 0.0855460166931152 0.0923201441764832 0.0990942642092705 0.105868384242058 0.112642511725426 0.119416631758213 0.126190751791 0.128698617219925 0.129784405231476 0.130870178341866 0.131955966353416 0.133041739463806 0.134127527475357 0.135213300585747 0.136571079492569 0.138744816184044 0.14091856777668 0.143092304468155 0.145266056060791 0.147439807653427 0.149613544344902 0.151787295937538 0.158141553401947 0.16588930785656 0.173637062311172 0.181384816765785 0.189132571220398 0.196880325675011 0.204628080129623 0.208413109183311 0.200309947133064 0.192206785082817 0.18410362303257 0.176000460982323 0.167897284030914 0.159794121980667 0.15169095993042 0.138687446713448 0.124050483107567 0.109413519501686 0.0947765558958054
0.080547422170639 0.0766263827681541 0.0839408561587334 0.0912553295493126 0.0985698029398918 0.105884276330471 0.11319874972105 0.12051323056221 0.127827703952789 0.130714312195778 0.132124975323677 0.133535638451576 0.134946301579475 0.136356964707375 0.137767627835274 0.139178290963173 0.140651226043701 0.142311006784439 0.143970787525177 0.145630568265915 0.147290349006653 0.148950129747391 0.150609910488129 0.152269691228867 0.158366963267326 0.165943413972855 0.173519849777222 0.18109630048275 0.188672751188278 0.196249186992645 0.203825637698174 0.20767268538475 0.200331538915634 0.192990392446518 0.185649260878563 0.178308114409447 0.170966982841492 0.163625836372375 0.156284689903259 0.143632501363754 0.129209950566292 0.11478740721941 0.100364863872528
0.078058660030365 0.0744808688759804 0.0823356956243515 0.0901905223727226 0.0980453491210938 0.105900175869465 0.113754995167255 0.121609821915627 0.129464656114578 0.132730007171631 0.134465560317039 0.136201098561287 0.137936636805534 0.139672189950943 0.14140772819519 0.143143266439438 0.144731387495995 0.145877197384834 0.147023007273674 0.148168832063675 0.149314641952515 0.150460451841354 0.151606276631355 0.152752086520195 0.158592388033867 0.165997520089149 0.173402652144432 0.180807784199715 0.188212916254997 0.19561804831028 0.203023180365562 0.206932246685028 0.200353130698204 0.19377401471138 0.187194898724556 0.180615782737732 0.174036666750908 0.167457550764084 0.16087843477726 0.148577556014061 0.134369418025017 0.120161294937134 0.10595316439867
0.0755698978900909 0.0723353549838066 0.0807305350899696 0.0891257077455521 0.0975208878517151 0.105916067957878 0.114311240613461 0.122706420719624 0.131101593375206 0.134745717048645 0.136806130409241 0.138866558670998 0.140926986932755 0.142987415194511 0.145047828555107 0.147108256816864 0.148811534047127 0.14944338798523 0.150075241923332 0.150707080960274 0.151338934898376 0.151970788836479 0.152602627873421 0.153234481811523 0.158817812800407 0.166051626205444 0.173285454511642 0.180519267916679 0.187753081321716 0.194986909627914 0.202220723032951 0.206191822886467 0.200374722480774 0.194557636976242 0.188740536570549 0.182923451066017 0.177106350660324 0.171289265155792 0.165472164750099 0.153522610664368 0.139528900384903 0.125535190105438 0.111541472375393
0.0730811357498169 0.0701898410916328 0.0791253745555878 0.0880609005689621 0.0969964265823364 0.105931960046291 0.114867486059666 0.123803019523621 0.132738545536995 0.136761412024498 0.139146715402603 0.141532018780708 0.143917322158813 0.146302625536919 0.148687943816185 0.15107324719429 0.15289169549942 0.153009578585625 0.153127461671829 0.153245344758034 0.153363227844238 0.153481110930443 0.153598994016647 0.153716877102852 0.159043237566948 0.166105732321739 0.173168241977692 0.180230751633644 0.187293261289597 0.194355770945549 0.20141826570034 0.205451384186745 0.200396314263344 0.195341244339943 0.190286174416542 0.185231104493141 0.18017603456974 0.175120964646339 0.170065894722939 0.158467665314674 0.144688367843628 0.130909070372581 0.117129772901535
0.0673615485429764 0.0641532093286514 0.073355995118618 0.0825587809085846 0.0917615592479706 0.100964345037937 0.110167130827904 0.11936991661787 0.128572702407837 0.132887899875641 0.135573908686638 0.138259917497635 0.140945911407471 0.143631920218468 0.146317929029465 0.149003937840462 0.15121066570282 0.151979550719261 0.152748435735703 0.153517335653305 0.154286220669746 0.155055120587349 0.15582400560379 0.156592890620232 0.161610901355743 0.168045297265053 0.174479678273201 0.180914059281349 0.187348440289497 0.193782836198807 0.200217217206955 0.203750222921371 0.19857907295227 0.19340792298317 0.18823678791523 0.183065637946129 0.177894487977028 0.172723352909088 0.167552202939987 0.156402200460434 0.143259257078171 0.130116298794746 0.116973347961903
0.0584111362695694 0.0542254559695721 0.063422404229641 0.072619341313839 0.0818162858486176 0.0910132303833961 0.100210174918175 0.109407119452953 0.118604063987732 0.123125188052654 0.126087710261345 0.129050239920616 0.132012754678726 0.134975284337997 0.137937813997269 0.140900328755379 0.143768444657326 0.146353304386139 0.148938179016113 0.151523053646088 0.154107913374901 0.156692788004875 0.15927766263485 0.161862522363663 0.166520833969116 0.171870291233063 0.177219748497009 0.182569190859795 0.187918648123741 0.193268105387688 0.198617562651634 0.201088324189186 0.194922998547554 0.188757672905922 0.182592362165451 0.176427036523819 0.170261710882187 0.164096400141716 0.157931074500084 0.147326231002808 0.13524155318737 0.123156875371933 0.111072190105915
0.0494607239961624 0.044297706335783 0.0534888058900833 0.0626799091696739 0.0718710124492645 0.0810621157288551 0.0902532190084457 0.0994443222880363 0.108635425567627 0.113362483680248 0.116601519286633 0.119840562343597 0.123079605400562 0.126318648457527 0.129557684063911 0.132796719670296 0.136326223611832 0.140727072954178 0.145127922296524 0.14952877163887 0.153929606080055 0.158330455422401 0.162731304764748 0.167132154107094 0.171430766582489 0.175695285201073 0.179959803819656 0.184224337339401 0.188488855957985 0.192753374576569 0.197017893195152 0.19842641055584 0.191266924142838 0.184107422828674 0.176947936415672 0.169788435101509 0.162628933787346 0.155469447374344 0.148309946060181 0.138250261545181 0.12722384929657 0.116197444498539 0.105171032249928
-9999 0.0343699529767036 0.0435552150011063 0.0527404770255089 0.0619257390499115 0.0711110010743141 0.0802962630987167 0.0894815251231194 0.098666787147522 0.103599771857262 0.10711532831192 0.110630884766579 0.114146441221237 0.117662005126476 0.121177561581135 0.124693118035793 0.128883987665176 0.135100826621056 0.141317650675774 0.147534474730492 0.153751313686371 0.159968137741089 0.166184961795807 0.172401800751686 0.176340699195862 0.179520279169083 0.182699874043465 0.185879468917847 0.189059063792229 0.19223864376545 0.195418238639832 0.195764511823654 0.187610849738121 0.179457172751427 0.171303495764732 0.163149833679199 0.154996156692505 0.146842479705811 0.138688817620277 0.129174292087555 0.11920615285635 0.109238013625145 0.0992698818445206
-9999 -9999 0.0336216203868389 0.0428010411560535 0.0519804619252682 0.0611598826944828 0.0703393071889877 0.0795187279582024 0.088698148727417 0.093837060034275 0.0976291373372078 0.10142120718956 0.105213284492493 0.109005361795425 0.112797439098358 0.116589516401291 0.121441774070263 0.129474580287933 0.137507393956184 0.145540192723274 0.153573006391525 0.161605805158615 0.169638618826866 0.177671432495117 0.181250616908073 0.183345288038254 0.185439944267273 0.187534600496292 0.189629256725311 0.191723927855492 0.193818584084511 0.193102613091469 0.183954760432243 0.174806922674179 0.165659070014954 0.156511232256889 0.147363379597664 0.138215526938438 0.129067689180374 0.120098322629929 0.11118845641613 0.102278590202332 0.093368723988533
-9999 -9999 -9999 0.0328616090118885 0.0420351885259151 0.0512087680399418 0.0603823475539684 0.0695559307932854 0.078729510307312 0.0840743482112885 0.0881429389119148 0.0922115370631218 0.0962801277637482 0.100348718464375 0.104417316615582 0.108485907316208 0.113999553024769 0.123848333954811 0.133697122335434 0.143545910716057 0.15339469909668 0.163243487477303 0.173092275857925 0.182941064238548 0.186160549521446 0.187170282006264 0.188180014491081 0.189189732074738 0.190199464559555 0.191209197044373 0.19221892952919 0.190440714359283 0.180298686027527 0.170156672596931 0.160014644265175 0.149872630834579 0.139730602502823 0.129588574171066 0.11944655328989 0.111022353172302 0.10317075997591 0.0953191593289375 0.0874675661325455
-9999 -9999 -9999 -9999 0.0368085540831089 0.0455792173743248 0.0543498769402504 0.063120536506176 0.0718912035226822 0.0775954648852348 0.0822776034474373 0.0869597345590591 0.0916418731212616 0.0963240042328835 0.101006135344505 0.105688273906708 0.111805237829685 0.12222670763731 0.132648169994354 0.143069639801979 0.153491094708443 0.163912564516068 0.174334034323692 0.184755489230156 0.188134849071503 0.189166828989983 0.190198808908463 0.191230788826942 0.192262768745422 0.193294748663902 0.194326728582382 0.192521080374718 0.182202577590942 0.171884074807167 0.161565572023392 0.151247069239616 0.140928566455841 0.130610063672066 0.12029155343771 0.11161232739687 0.103479519486427 0.0953467190265656 0.0872139111161232
-9999 -9999 -9999 -9999 -9999 -9999 0.0522418953478336 0.0602125599980354 0.0681832283735275 0.0744004175066948 0.080033116042614 0.0856658145785332 0.0912985131144524 0.0969312116503716 0.102563910186291 0.10819660872221 0.114858835935593 0.124609678983688 0.134360522031784 0.14411136507988 0.153862208127975 0.163613051176071 0.173363894224167 0.183114737272263 0.187173500657082 0.189334914088249 0.191496327519417 0.193657740950584 0.195819154381752 0.19798056781292 0.200141981244087 0.199343726038933 0.18966643512249 0.179989144206047 0.170311853289604 0.160634562373161 0.150957271456718 0.141279980540276 0.131602689623833 0.121868245303631 0.112114749848843 0.102361254394054 0.0926077589392662
-9999 -9999 -9999 -9999 -9999 -9999 -9999 0.0573045797646046 0.0644752532243729 0.0712053626775742 0.0777886286377907 0.0843718871474266 0.0909551531076431 0.097538411617279 0.104121677577496 0.110704936087132 0.117912441492081 0.126992657780647 0.136072874069214 0.145153105258942 0.154233321547508 0.163313537836075 0.172393754124641 0.181473985314369 0.186212167143822 0.189503014087677 0.192793861031532 0.196084707975388 0.199375554919243 0.202666401863098 0.205957233905792 0.206166356801987 0.197130277752876 0.188094198703766 0.179058119654655 0.170022055506706 0.160985976457596 0.151949897408485 0.142913818359375 0.132124155759811 0.120749972760677 0.109375789761543 0.0980016067624092
-9999 -9999 -9999 -9999 -9999 -9999 -9999 -9999 0.0607672743499279 0.0680103152990341 0.0755441412329674 0.0830779671669006 0.0906117931008339 0.0981456190347672 0.1056794449687 0.113213270902634 0.120966039597988 0.129375636577606 0.137785241007805 0.146194830536842 0.154604434967041 0.163014024496078 0.171423628926277 0.179833218455315 0.185250833630562 0.189671099185944 0.194091379642487 0.19851166009903 0.202931940555573 0.207352221012115 0.211772501468658 0.212988987565041 0.204594135284424 0.196199268102646 0.187804400920868 0.17940953373909 0.171014681458473 0.162619814276695 0.154224947094917 0.142380073666573 0.129385203123093 0.116390325129032 0.103395454585552
