data/working_set_collections/6091692-Cassins_Sparrow-M2/1985/echange_avg.asc
NCOLS 265 
NROWS 230 
XLLCORNER -115.5625 
YLLCORNER 24.8333333333333 
CELLSIZE 0.0833333333333333 
NODATA_value -9999 
[rows 57 to 75 of 230, columns 0 to 42 of 265]
0.193944647908211 0.196890026330948 0.199835404753685 0.202780783176422 0.205726161599159 0.208671540021896 0.211616918444633 0.207472562789917 0.200964942574501 0.194457337260246 0.187949731945992 0.181442111730576 0.174934506416321 0.168426901102066 0.162986949086189 0.160750031471252 0.158513098955154 0.156276181340218 0.15403924882412 0.151802331209183 0.149565413594246 0.147328481078148 0.145272329449654 0.143276453018188 0.141280561685562 0.139284685254097 0.137288793921471 0.135292902588844 0.133297026157379 0.13131782412529 0.129388719797134 0.127459600567818 0.125530496239662 0.123601384460926 0.12167227268219 0.119743153452873 0.117814041674137 0.11343439668417 0.108237892389297 0.103041395545006 0.0978448987007141 0.0926484018564224 0.0874518975615501
0.198156416416168 0.201460480690002 0.204764544963837 0.208068609237671 0.211372688412666 0.214676752686501 0.217980816960335 0.213552370667458 0.206546410918236 0.199540466070175 0.192534521222115 0.185528561472893 0.178522616624832 0.17151665687561 0.165506035089493 0.162481352686882 0.159456685185432 0.156432002782822 0.153407335281372 0.150382652878761 0.147357985377312 0.144333317875862 0.142188772559166 0.140337601304054 0.138486430048943 0.136635258793831 0.134784087538719 0.132932916283607 0.131081745028496 0.129101544618607 0.126734241843224 0.124366946518421 0.121999643743038 0.119632340967655 0.117265045642853 0.11489774286747 0.112530447542667 0.10822681337595 0.10327772796154 0.0983286425471306 0.0933795645833015 0.0884304791688919 0.0834813937544823
0.202368170022964 0.206030935049057 0.209693685173988 0.21335643529892 0.217019200325012 0.220681950449944 0.224344700574875 0.219632178544998 0.212127879261971 0.204623594880104 0.197119310498238 0.18961501121521 0.182110726833344 0.174606427550316 0.168025106191635 0.164212688803673 0.160400256514549 0.156587839126587 0.152775406837463 0.148962989449501 0.145150572061539 0.141338139772415 0.139105200767517 0.137398734688759 0.135692283511162 0.133985832333565 0.132279381155968 0.130572915077209 0.128866463899612 0.126885250210762 0.124079763889313 0.121274277567863 0.118468791246414 0.115663304924965 0.112857818603516 0.110052332282066 0.107246845960617 0.10301923006773 0.0983175560832024 0.0936158895492554 0.0889142230153084 0.0842125564813614 0.0795108899474144
0.208493709564209 0.21232545375824 0.216157212853432 0.219988957047462 0.223820716142654 0.227652460336685 0.231484219431877 0.226374730467796 0.218284830451012 0.210194915533066 0.202105015516281 0.194015115499496 0.185925215482712 0.177835315465927 0.170651808381081 0.16618749499321 0.161723181605339 0.157258868217468 0.152794554829597 0.148330256342888 0.143865942955017 0.139401629567146 0.136886462569237 0.135021030902863 0.133155584335327 0.131290137767792 0.129424691200256 0.127559259533882 0.125693812966347 0.123369142413139 0.119666822254658 0.115964494645596 0.112262174487114 0.108559846878052 0.10485751926899 0.101155199110508 0.0974528715014458 0.0933406129479408 0.0890917032957077 0.0848427936434746 0.0805938839912415 0.0763449743390083 0.0720960646867752
0.216533005237579 0.220344066619873 0.224155113101006 0.227966174483299 0.231777235865593 0.235588282346725 0.239399343729019 0.233780011534691 0.225017234683037 0.216254442930222 0.207491666078568 0.198728874325752 0.189966097474098 0.181203305721283 0.173386141657829 0.168405801057816 0.163425460457802 0.158445119857788 0.153464779257774 0.148484438657761 0.143504112958908 0.138523772358894 0.135532587766647 0.133204445242882 0.130876317620277 0.128548175096512 0.126220047473907 0.123891904950142 0.121563769876957 0.118553213775158 0.113495402038097 0.108437590301037 0.103379778563976 0.0983219593763351 0.0932641476392746 0.088206335902214 0.0831485241651535 0.0791909620165825 0.075600154697895 0.0720093473792076 0.0684185400605202 0.0648277327418327 0.0612369291484356
0.22457230091095 0.228362664580345 0.232153028249741 0.235943391919136 0.23973374068737 0.243524104356766 0.247314468026161 0.241185307502747 0.231749638915062 0.222313970327377 0.212878301739693 0.203442648053169 0.194006979465485 0.1845713108778 0.176120474934578 0.170624107122421 0.165127739310265 0.159631371498108 0.154135003685951 0.148638635873795 0.143142268061638 0.137645915150642 0.134178698062897 0.131387874484062 0.128597036004066 0.125806212425232 0.123015388846397 0.120224557816982 0.117433734238148 0.113737285137177 0.107323989272118 0.100910685956478 0.0944973826408386 0.0880840793251991 0.0816707760095596 0.0752574726939201 0.0688441693782806 0.0650413185358047 0.0621086098253727 0.0591759048402309 0.0562431998550892 0.0533104948699474 0.0503777898848057
0.232611611485481 0.236381262540817 0.240150928497314 0.243920594453812 0.247690260410309 0.251459926366806 0.255229592323303 0.248590603470802 0.238482043147087 0.228373497724533 0.218264952301979 0.208156406879425 0.198047861456871 0.187939316034317 0.178854793310165 0.172842413187027 0.166830018162727 0.160817623138428 0.154805228114128 0.148792833089828 0.142780438065529 0.136768043041229 0.132824808359146 0.129571288824081 0.126317769289017 0.123064257204533 0.119810737669468 0.116557218134403 0.113303698599339 0.108921356499195 0.101152569055557 0.0933837741613388 0.085614986717701 0.0778461918234825 0.0700774043798447 0.0623086094856262 0.0545398183166981 0.0508916676044464 0.0486170649528503 0.046342458575964 0.0440678559243679 0.0417932532727718 0.0395186506211758
0.240650907158852 0.244399875402451 0.24814884364605 0.251897811889648 0.255646765232086 0.259395748376846 0.263144701719284 0.255995899438858 0.245214462280273 0.234433025121689 0.223651602864265 0.212870165705681 0.202088743448257 0.191307306289673 0.181589126586914 0.175060704350471 0.16853229701519 0.162003874778748 0.155475452542305 0.148947030305862 0.14241860806942 0.135890185832977 0.131470918655396 0.127754718065262 0.124038502573967 0.120322294533253 0.116606079041958 0.112889871001244 0.109173662960529 0.104105427861214 0.0949811488389969 0.0858568698167801 0.0767325907945633 0.0676083043217659 0.0584840252995491 0.0493597462773323 0.0402354635298252 0.0367420203983784 0.0351255163550377 0.0335090160369873 0.0318925157189369 0.0302760135382414 0.0286595113575459
0.248690202832222 0.252418488264084 0.256146758794785 0.259875029325485 0.263603299856186 0.267331570386887 0.271059840917587 0.263401180505753 0.251946866512299 0.240492552518845 0.229038238525391 0.217583924531937 0.206129625439644 0.19467531144619 0.184323459863663 0.177279010415077 0.170234560966492 0.163190126419067 0.156145676970482 0.149101227521896 0.142056778073311 0.135012328624725 0.130117043852806 0.125938132405281 0.121759235858917 0.117580331861973 0.113401427865028 0.109222523868084 0.10504361987114 0.0992894992232323 0.0888097360730171 0.0783299654722214 0.0678501948714256 0.0573704242706299 0.0468906536698341 0.0364108830690384 0.0259311124682426 0.0225923713296652 0.0216339714825153 0.0206755716353655 0.0197171717882156 0.0187587719410658 0.0178003720939159
0.251625835895538 0.256017744541168 0.260409623384476 0.264801532030106 0.269193410873413 0.273585319519043 0.27797719836235 0.270491480827332 0.259046524763107 0.247601598501205 0.236156657338142 0.224711701273918 0.213266760110855 0.201821818947792 0.191424041986465 0.184167727828026 0.176911413669586 0.169655099511147 0.162398785352707 0.155142471194267 0.147886157035828 0.140629842877388 0.135314658284187 0.130646497011185 0.125978335738182 0.12131018191576 0.116642028093338 0.111973874270916 0.107305712997913 0.10124135017395 0.0909883454442024 0.0807353481650352 0.0704823434352875 0.06022934243083 0.0499763414263725 0.0397233404219151 0.0294703375548124 0.0270618684589863 0.0272682439535856 0.0274746213108301 0.0276809968054295 0.0278873723000288 0.0280937496572733
0.249457806348801 0.255197644233704 0.260937482118607 0.26667732000351 0.272417157888412 0.278156995773315 0.283896833658218 0.277266800403595 0.266513466835022 0.255760133266449 0.245006829500198 0.234253495931625 0.223500177264214 0.212746858596802 0.202890858054161 0.195726841688156 0.188562825322151 0.181398808956146 0.174234792590141 0.167070776224136 0.159906759858131 0.152742743492126 0.147063761949539 0.141879796981812 0.136695817112923 0.131511852145195 0.126327887177467 0.121143914759159 0.115959942340851 0.109960973262787 0.101516991853714 0.0930730178952217 0.0846290439367294 0.0761850625276566 0.0677410885691643 0.059297114610672 0.0508531369268894 0.0501505136489868 0.052028339356184 0.0539061650633812 0.0557839907705784 0.0576618164777756 0.0595396421849728
0.247289761900902 0.254377543926239 0.261465311050415 0.268553107976913 0.275640875101089 0.282728642225266 0.289816439151764 0.284042090177536 0.273980408906937 0.263918697834015 0.253856986761093 0.243795290589333 0.233733594417572 0.223671898245811 0.214357689023018 0.207285970449448 0.200214236974716 0.193142518401146 0.186070799827576 0.178999081254005 0.171927362680435 0.164855644106865 0.158812865614891 0.153113082051277 0.147413298487663 0.141713514924049 0.136013731360435 0.130313947796822 0.124614171683788 0.118680588901043 0.112045638263226 0.105410687625408 0.0987757369875908 0.0921407863497734 0.085505835711956 0.0788708850741386 0.0722359344363213 0.073239155113697 0.0767884328961372 0.0803377106785774 0.083886981010437 0.0874362587928772 0.0909855365753174
0.245121732354164 0.253557443618774 0.261993169784546 0.270428895950317 0.278864592313766 0.287300318479538 0.295736044645309 0.290817409753799 0.281447321176529 0.272077232599258 0.26270717382431 0.25333708524704 0.24396701157093 0.23459692299366 0.225824505090714 0.218845084309578 0.211865663528442 0.204886227846146 0.19790680706501 0.190927386283875 0.183947965502739 0.176968529820442 0.170561984181404 0.164346382021904 0.158130779862404 0.151915192604065 0.145699590444565 0.139483988285065 0.133268401026726 0.12740021944046 0.122574292123318 0.117748364806175 0.112922437489033 0.10809651017189 0.103270590305328 0.0984446629881859 0.0936187356710434 0.0963277965784073 0.1015485227108 0.106769248843193 0.111989974975586 0.117210701107979 0.122431427240372
0.242953702807426 0.25273734331131 0.262521028518677 0.272304683923721 0.282088339328766 0.29187199473381 0.301655650138855 0.297592729330063 0.288914263248444 0.280235797166824 0.271557331085205 0.262878865003586 0.254200428724289 0.24552196264267 0.23729133605957 0.230404198169708 0.223517075181007 0.216629952192307 0.209742814302444 0.202855691313744 0.195968553423882 0.189081430435181 0.182311087846756 0.175579681992531 0.168848261237144 0.162116855382919 0.155385449528694 0.148654028773308 0.141922622919083 0.136119842529297 0.133102938532829 0.130086034536362 0.127069130539894 0.124052233994007 0.12103533744812 0.118018433451653 0.115001536905766 0.119416445493698 0.126308619976044 0.133200794458389 0.140092968940735 0.14698514342308 0.153877317905426
0.240785658359528 0.251917272806168 0.263048857450485 0.274180471897125 0.285312056541443 0.296443670988083 0.3075752556324 0.304368019104004 0.296381175518036 0.28839436173439 0.280407518148422 0.272420674562454 0.264433830976486 0.256446987390518 0.248758152127266 0.241963326931 0.235168486833572 0.228373661637306 0.221578821539879 0.214783996343613 0.207989156246185 0.201194331049919 0.194060206413269 0.186812981963158 0.179565742611885 0.172318518161774 0.165071293711662 0.157824069261551 0.15057684481144 0.144839450716972 0.14363157749176 0.142423704266548 0.141215831041336 0.140007957816124 0.138800084590912 0.1375922113657 0.136384338140488 0.142505079507828 0.151068717241287 0.159632340073586 0.168195962905884 0.176759585738182 0.18532320857048
0.239136293530464 0.25000187754631 0.260867446660995 0.271733045578003 0.282598614692688 0.293464183807373 0.30432978272438 0.301074922084808 0.293113261461258 0.285151571035385 0.277189910411835 0.269228249788284 0.261266589164734 0.253304898738861 0.245833769440651 0.2398342192173 0.233834683895111 0.227835133671761 0.221835598349571 0.215836048126221 0.209836512804031 0.203836962580681 0.196906596422195 0.189665943384171 0.182425290346146 0.175184637308121 0.167943984270096 0.160703346133232 0.153462693095207 0.148195594549179 0.148849174380302 0.149502769112587 0.15015634894371 0.150809928774834 0.151463508605957 0.15211708843708 0.152770668268204 0.159999847412109 0.169420883059502 0.178841918706894 0.188262939453125 0.197683975100517 0.20710501074791
0.238005593419075 0.246991202235222 0.255976796150208 0.264962404966354 0.273948013782501 0.282933592796326 0.291919201612473 0.287713378667831 0.279110431671143 0.270507484674454 0.261904537677765 0.253301590681076 0.244698658585548 0.23609571158886 0.228518173098564 0.224016919732094 0.219515651464462 0.215014398097992 0.21051312983036 0.20601187646389 0.201510608196259 0.197009354829788 0.190850272774696 0.184138581156731 0.177426904439926 0.17071521282196 0.164003521203995 0.15729184448719 0.150580152869225 0.146188259124756 0.148755729198456 0.151323199272156 0.153890669345856 0.156458139419556 0.159025609493256 0.161593079566956 0.164160549640656 0.171900719404221 0.181365117430687 0.190829515457153 0.20029391348362 0.209758311510086 0.219222724437714
0.236874908208847 0.243980526924133 0.25108614563942 0.258191764354706 0.265297383069992 0.272403001785278 0.279508620500565 0.274351865053177 0.26510763168335 0.255863398313522 0.246619179844856 0.23737496137619 0.228130728006363 0.218886494636536 0.211202591657639 0.208199605345726 0.205196633934975 0.202193647623062 0.199190676212311 0.196187689900398 0.193184703588486 0.190181732177734 0.184793949127197 0.178611218929291 0.172428503632545 0.166245773434639 0.160063058137894 0.153880342841148 0.147697612643242 0.144180908799171 0.148662269115448 0.153143629431725 0.157624989748001 0.162106350064278 0.166587710380554 0.171069070696831 0.175550431013107 0.183801591396332 0.193309366703033 0.202817127108574 0.212324887514114 0.221832662820816 0.231340423226357
0.235744208097458 0.240969851613045 0.246195495128632 0.251421123743057 0.256646782159805 0.261872410774231 0.267098039388657 0.2609903216362 0.251104831695557 0.241219311952591 0.231333807110786 0.221448302268982 0.211562797427177 0.201677292585373 0.193886995315552 0.192382290959358 0.190877601504326 0.189372897148132 0.1878682076931 0.186363503336906 0.184858813881874 0.183354109525681 0.178737625479698 0.173083871603012 0.167430102825165 0.161776348948479 0.156122595071793 0.150468841195107 0.144815072417259 0.142173573374748 0.148568823933601 0.154964074492455 0.161359310150146 0.167754560709 0.174149811267853 0.180545061826706 0.186940312385559 0.195702463388443 0.205253601074219 0.214804738759995 0.224355861544609 0.233906999230385 0.243458122014999
