data/working_set_collections/6091692-Cassins_Sparrow-M2/1985/eflux_avg.asc
NCOLS 265 
NROWS 230 
XLLCORNER -115.5625 
YLLCORNER 24.8333333333333 
CELLSIZE 0.0833333333333333 
NODATA_value -9999 
[rows 80 to 99 of 230, columns 138 to 183 of 265]
34.0924224853516 33.9802474975586 33.8680763244629 33.7559013366699 33.786449432373 33.864574432373 33.9426956176758 34.0208206176758 34.0989418029785 34.1770629882812 34.2551879882812 34.3510704040527 34.5002326965332 34.6493988037109 34.7985610961914 34.9477233886719 35.0968894958496 35.2460517883301 35.3952178955078 35.5309066772461 35.662109375 35.7933082580566 35.9245109558105 36.0557098388672 36.1869087219238 36.3181114196777 36.4424133300781 36.5460319519043 36.6496505737305 36.7532691955566 36.8568878173828 36.960506439209 37.0641212463379 37.1677398681641 37.569751739502 38.0712280273438 38.5727043151855 39.0741844177246 39.5756607055664 40.0771369934082 40.57861328125 41.1927261352539 42.1447372436523 43.0967483520508 44.0487632751465 45.0007743835449
34.6505317687988 34.5507278442383 34.4509201049805 34.3511123657227 34.3644485473633 34.4154968261719 34.4665451049805 34.5175933837891 34.5686416625977 34.6196899414062 34.6707382202148 34.7386360168457 34.8570861816406 34.9755363464355 35.0939826965332 35.2124328613281 35.3308792114258 35.4493293762207 35.5677757263184 35.7019958496094 35.8414764404297 35.98095703125 36.1204376220703 36.2599143981934 36.3993949890137 36.538875579834 36.6681747436523 36.7669448852539 36.8657112121582 36.9644775390625 37.0632476806641 37.1620140075684 37.2607841491699 37.3595504760742 37.7849731445312 38.319278717041 38.8535842895508 39.3878898620605 39.9221954345703 40.4565010070801 40.9908065795898 41.6346588134766 42.6071510314941 43.5796432495117 44.5521354675293 45.5246276855469
35.2086448669434 35.1212043762207 35.033763885498 34.9463233947754 34.9424438476562 34.9664192199707 34.9903945922852 35.0143661499023 35.0383415222168 35.0623168945312 35.0862922668457 35.1262054443359 35.213939666748 35.3016700744629 35.389404296875 35.4771385192871 35.564868927002 35.6526031494141 35.7403373718262 35.8730888366699 36.0208473205566 36.1686058044434 36.3163604736328 36.4641189575195 36.6118774414062 36.759635925293 36.8939361572266 36.9878540039062 37.0817718505859 37.1756896972656 37.2696075439453 37.363525390625 37.4574432373047 37.5513610839844 38.0001945495605 38.567325592041 39.1344604492188 39.7015953063965 40.2687301635742 40.835865020752 41.4029998779297 42.0765914916992 43.0695648193359 44.0625381469727 45.0555114746094 46.0484848022461
35.7667579650879 35.6916847229004 35.6166076660156 35.5415344238281 35.5204391479492 35.5173416137695 35.5142402648926 35.5111427307129 35.5080413818359 35.5049438476562 35.5018424987793 35.5137748718262 35.5707931518555 35.6278076171875 35.6848258972168 35.7418441772461 35.7988624572754 35.8558769226074 35.9128952026367 36.0441780090332 36.2002143859863 36.3562507629395 36.5122909545898 36.668327331543 36.8243637084961 36.9804000854492 37.1196937561035 37.2087631225586 37.2978324890137 37.3869018554688 37.4759674072266 37.5650367736816 37.6541061401367 37.7431755065918 38.2154121398926 38.8153762817383 39.415340423584 40.0153007507324 40.6152648925781 41.2152290344238 41.8151893615723 42.5185279846191 43.5319786071777 44.5454330444336 45.5588836669922 46.572338104248
36.1519927978516 36.0746917724609 35.9973907470703 35.9200859069824 35.8827018737793 35.8586235046387 35.8345413208008 35.8104629516602 35.7863845825195 35.7623023986816 35.738224029541 35.7325210571289 35.7819519042969 35.8313865661621 35.8808174133301 35.930248260498 35.9796829223633 36.0291137695312 36.0785446166992 36.2235908508301 36.400505065918 36.5774192810059 36.754337310791 36.9312515258789 37.1081695556641 37.285083770752 37.4373779296875 37.515811920166 37.5942459106445 37.672679901123 37.7511138916016 37.8295478820801 37.9079780578613 37.9864120483398 38.4839668273926 39.1212310791016 39.7584953308105 40.3957557678223 41.0330200195312 41.670280456543 42.307544708252 43.037425994873 44.0451583862305 45.0528907775879 46.0606231689453 47.0683555603027
36.3643455505371 36.2702255249023 36.1761054992676 36.0819854736328 36.0292320251465 35.9902648925781 35.9512977600098 35.9123306274414 35.873363494873 35.8343963623047 35.7954292297363 35.7824478149414 35.8474235534668 35.9124031066895 35.9773788452148 36.0423545837402 36.1073303222656 36.1723098754883 36.2372856140137 36.4113235473633 36.6217193603516 36.8321113586426 37.0425071716309 37.2528991699219 37.4632949829102 37.6736869812012 37.8469848632812 37.9090003967285 37.9710121154785 38.0330276489258 38.0950393676758 38.1570510864258 38.219066619873 38.281078338623 38.8058586120605 39.4848899841309 40.1639251708984 40.8429565429688 41.5219917297363 42.2010231018066 42.8800582885742 43.6332855224609 44.6090965270996 45.5849113464355 46.5607223510742 47.5365333557129
36.5766983032227 36.4657592773438 36.3548240661621 36.2438850402832 36.1757621765137 36.1219062805176 36.0680541992188 36.0141983032227 35.9603462219238 35.9064903259277 35.8526382446289 35.8323745727539 35.9128952026367 35.9934196472168 36.0739402770996 36.1544609069824 36.2349815368652 36.315502166748 36.3960227966309 36.5990600585938 36.8429298400879 37.0868034362793 37.3306732177734 37.5745468139648 37.8184204101562 38.0622901916504 38.256591796875 38.3021850585938 38.3477783203125 38.3933715820312 38.43896484375 38.4845581054688 38.5301513671875 38.5757446289062 39.1277465820312 39.8485488891602 40.5693550109863 41.2901573181152 42.0109634399414 42.7317657470703 43.4525718688965 44.2291488647461 45.173038482666 46.1169281005859 47.0608215332031 48.004711151123
36.7890510559082 36.6612968444824 36.5335426330566 36.4057846069336 36.3222923278809 36.2535514831543 36.1848068237305 36.1160659790039 36.0473251342773 35.9785842895508 35.9098434448242 35.8823013305664 35.9783668518066 36.0744361877441 36.1705017089844 36.2665672302246 36.3626327514648 36.4586982727051 36.5547637939453 36.786792755127 37.0641441345215 37.3414916992188 37.6188430786133 37.8961944580078 38.1735458374023 38.4508934020996 38.6661987304688 38.6953735351562 38.7245445251465 38.753719329834 38.7828941345215 38.8120651245117 38.8412399291992 38.8704109191895 39.449634552002 40.2122116088867 40.9747848510742 41.737361907959 42.4999351501465 43.262508392334 44.0250854492188 44.825008392334 45.7369804382324 46.6489486694336 47.560920715332 48.4728927612305
37.0014038085938 36.8568305969238 36.7122573852539 36.567684173584 36.468822479248 36.3851928710938 36.3015632629395 36.2179336547852 36.1343078613281 36.0506782531738 35.9670486450195 35.9322280883789 36.0438385009766 36.1554489135742 36.2670593261719 36.3786697387695 36.4902801513672 36.6018905639648 36.7135009765625 36.9745254516602 37.2853546142578 37.5961837768555 37.9070129394531 38.2178421020508 38.5286712646484 38.8394966125488 39.0758094787598 39.0885620117188 39.1013145446777 39.1140670776367 39.1268196105957 39.1395721435547 39.1523246765137 39.1650772094727 39.7715263366699 40.575870513916 41.3802146911621 42.1845626831055 42.9889068603516 43.7932548522949 44.597599029541 45.4208717346191 46.3009223937988 47.1809692382812 48.0610198974609 48.9410705566406
37.2137565612793 37.0523681640625 36.8909759521484 36.7295837402344 36.6153526306152 36.5168342590332 36.4183197021484 36.3198013305664 36.2212867736816 36.1227722167969 36.0242538452148 35.9821586608887 36.1093101501465 36.2364654541016 36.3636207580566 36.4907760620117 36.6179313659668 36.7450866699219 36.872241973877 37.1622619628906 37.5065689086914 37.8508758544922 38.195182800293 38.5394897460938 38.8837966918945 39.228099822998 39.4854164123535 39.481746673584 39.4780807495117 39.4744110107422 39.4707450866699 39.4670791625977 39.4634094238281 39.4597434997559 40.0934143066406 40.9395294189453 41.7856483459473 42.631763458252 43.4778785705566 44.3239974975586 45.1701126098633 46.016731262207 46.864860534668 47.7129898071289 48.5611190795898 49.4092483520508
37.3665313720703 37.1826820373535 36.9988288879395 36.8149757385254 36.6964874267578 36.5997848510742 36.5030822753906 36.406379699707 36.3096771240234 36.2129745483398 36.1162757873535 36.0780448913574 36.2152404785156 36.3524360656738 36.489631652832 36.6268272399902 36.7640228271484 36.9012184143066 37.0384140014648 37.3375549316406 37.690673828125 38.0437965393066 38.3969192504883 38.7500381469727 39.1031608581543 39.4562835693359 39.7268409729004 39.7497138977051 39.7725868225098 39.7954597473145 39.8183326721191 39.8412055969238 39.8640785217285 39.8869514465332 40.5186805725098 41.3533630371094 42.188045501709 43.0227279663086 43.8574104309082 44.6920890808105 45.5267715454102 46.3565444946289 47.1715850830078 47.9866256713867 48.8016700744629 49.6167106628418
37.4597282409668 37.2477722167969 37.035816192627 36.823860168457 36.712230682373 36.6340446472168 36.5558547973633 36.477668762207 36.3994789123535 36.3212928771973 36.243106842041 36.219898223877 36.361629486084 36.503360748291 36.645092010498 36.7868232727051 36.9285545349121 37.0702857971191 37.2120170593262 37.5004043579102 37.8376770019531 38.1749496459961 38.5122222900391 38.849494934082 39.186767578125 39.524040222168 39.8000907897949 39.892463684082 39.9848365783691 40.0772094726562 40.1695861816406 40.2619590759277 40.3543319702148 40.446704864502 41.0473289489746 41.8173713684082 42.5874137878418 43.3574523925781 44.1274948120117 44.8975372314453 45.6675758361816 46.4403038024902 47.2210922241211 48.0018768310547 48.7826652526855 49.5634498596191
37.5529251098633 37.3128662109375 37.0728034973145 36.8327445983887 36.7279739379883 36.6683006286621 36.6086273193359 36.5489540100098 36.4892845153809 36.4296112060547 36.3699378967285 36.3617477416992 36.5080146789551 36.6542816162109 36.8005485534668 36.9468154907227 37.0930862426758 37.2393531799316 37.3856201171875 37.6632537841797 37.984676361084 38.3061027526855 38.6275253295898 38.9489517211914 39.2703742980957 39.5918006896973 39.8733367919922 40.0352096557617 40.1970863342285 40.358959197998 40.5208358764648 40.6827087402344 40.8445854187012 41.0064582824707 41.5759773254395 42.281379699707 42.9867820739746 43.6921806335449 44.3975830078125 45.1029815673828 45.8083839416504 46.5240669250488 47.2705993652344 48.0171279907227 48.7636604309082 49.5101928710938
37.6461219787598 37.3779563903809 37.1097946166992 36.8416290283203 36.7437171936035 36.7025604248047 36.6613998413086 36.6202430725098 36.5790863037109 36.5379257202148 36.496768951416 36.5036010742188 36.6544036865234 36.8052062988281 36.9560089111328 37.1068115234375 37.2576141357422 37.4084167480469 37.5592231750488 37.8261032104492 38.1316795349121 38.437255859375 38.7428321838379 39.0484046936035 39.3539810180664 39.6595573425293 39.9465827941895 40.1779594421387 40.4093360900879 40.6407089233398 40.8720855712891 41.1034622192383 41.3348388671875 41.5662117004395 42.1046257019043 42.7453880310059 43.3861465454102 44.0269088745117 44.667667388916 45.3084297180176 45.9491882324219 46.6078262329102 47.3201026916504 48.0323791503906 48.7446556091309 49.4569320678711
37.7393188476562 37.4430503845215 37.1467819213867 36.850513458252 36.759464263916 36.7368202209473 36.7141761779785 36.6915321350098 36.668888092041 36.6462440490723 36.6236000061035 36.645450592041 36.8007888793945 36.956127166748 37.1114692687988 37.2668075561523 37.4221458435059 37.5774841308594 37.7328224182129 37.9889526367188 38.2786827087402 38.5684089660645 38.8581352233887 39.1478614807129 39.4375877380371 39.7273178100586 40.0198287963867 40.3207054138184 40.62158203125 40.9224586486816 41.2233352661133 41.5242118835449 41.8250885009766 42.1259651184082 42.6332740783691 43.2093963623047 43.785514831543 44.3616333007812 44.9377555847168 45.5138740539551 46.0899925231934 46.6915893554688 47.3696098327637 48.0476303100586 48.7256507873535 49.4036750793457
37.8325157165527 37.5081405639648 37.1837692260742 36.8593978881836 36.7752075195312 36.7710762023926 36.7669486999512 36.7628173828125 36.7586898803711 36.7545585632324 36.750431060791 36.7873001098633 36.9471778869629 37.1070518493652 37.2669258117676 37.4268035888672 37.5866775512695 37.7465515136719 37.9064254760742 38.1518058776855 38.4256820678711 38.6995620727539 38.9734382629395 39.2473182678223 39.5211944580078 39.7950744628906 40.0930786132812 40.4634552001953 40.8338317871094 41.2042121887207 41.5745887756348 41.9449653625488 42.3153419494629 42.6857223510742 43.161922454834 43.6734046936035 44.1848831176758 44.696361541748 45.2078399658203 45.7193222045898 46.2308006286621 46.7753524780273 47.419116973877 48.0628814697266 48.7066497802734 49.350414276123
38.0453758239746 37.7358474731445 37.4263153076172 37.1167869567871 37.0439414978027 37.049991607666 37.0560417175293 37.0620918273926 37.0681419372559 37.0741920471191 37.0802421569824 37.1271705627441 37.2967300415039 37.4662895202637 37.6358489990234 37.8054084777832 37.974967956543 38.1445274353027 38.3140869140625 38.5546073913574 38.8187828063965 39.0829544067383 39.3471298217773 39.6113014221191 39.8754730224609 40.1396484375 40.4389572143555 40.843677520752 41.2483940124512 41.6531143188477 42.0578308105469 42.4625511169434 42.8672676086426 43.2719879150391 43.7258110046387 44.1960029602051 44.6661987304688 45.1363906860352 45.6065826416016 46.0767784118652 46.5469703674316 47.0551681518555 47.6773834228516 48.2995986938477 48.9218139648438 49.5440254211426
38.3779067993164 38.126163482666 37.8744239807129 37.6226844787598 37.5656700134277 37.5735626220703 37.5814590454102 37.5893516540527 37.5972442626953 37.6051406860352 37.6130332946777 37.6650543212891 37.8494453430176 38.0338401794434 38.2182350158691 38.4026260375977 38.5870208740234 38.7714157104492 38.955810546875 39.1973648071289 39.4579772949219 39.7185897827148 39.9792022705078 40.2398147583008 40.5004234313965 40.7610359191895 41.0574684143066 41.461368560791 41.8652687072754 42.2691688537598 42.6730651855469 43.0769653320312 43.4808654785156 43.884765625 44.3249359130859 44.7771987915039 45.2294578552246 45.6817207336426 46.1339836120605 46.5862426757812 47.0385055541992 47.5310440063477 48.1444091796875 48.7577781677246 49.3711433410645 49.9845085144043
38.7104339599609 38.5164833068848 38.3225326538086 38.1285820007324 38.0873985290527 38.0971336364746 38.1068725585938 38.1166114807129 38.126350402832 38.1360893249512 38.145824432373 38.202938079834 38.4021644592285 38.601390838623 38.8006210327148 38.9998474121094 39.1990737915039 39.3983001708984 39.5975303649902 39.8401222229004 40.0971755981445 40.3542251586914 40.6112747192383 40.8683242797852 41.125373840332 41.3824234008789 41.6759834289551 42.0790634155273 42.4821434020996 42.8852233886719 43.2883033752441 43.6913833618164 44.0944633483887 44.4975433349609 44.9240608215332 45.3583908081055 45.7927207946777 46.22705078125 46.6613807678223 47.0957107543945 47.5300407409668 48.0069198608398 48.6114387512207 49.2159576416016 49.8204765319824 50.4249954223633
39.0429611206055 38.9067993164062 38.770637512207 38.6344795227051 38.6091232299805 38.6207084655762 38.6322898864746 38.643871307373 38.6554527282715 38.6670341491699 38.6786193847656 38.7408218383789 38.9548835754395 39.1689414978027 39.3830032348633 39.5970649719238 39.8111267089844 40.0251884460449 40.2392501831055 40.4828834533691 40.7363700866699 40.989860534668 41.2433471679688 41.4968376159668 41.7503242492676 42.0038146972656 42.2944946289062 42.6967544555664 43.0990142822266 43.501277923584 43.9035377502441 44.3057975769043 44.7080574035645 45.1103210449219 45.5231857299805 45.939582824707 46.3559837341309 46.7723808288574 47.188777923584 47.6051788330078 48.0215759277344 48.482795715332 49.0784645080566 49.6741371154785 50.2698059082031 50.865478515625
