data/working_set_collections/6091692-Cassins_Sparrow-M2/1985/eflux_avg.asc
NCOLS 265 
NROWS 230 
XLLCORNER -115.5625 
YLLCORNER 24.8333333333333 
CELLSIZE 0.0833333333333333 
NODATA_value -9999 
[rows 140 to 159 of 230, columns 46 to 91 of 265]
26.8544292449951 27.4311199188232 28.0078105926514 28.5845012664795 29.1611938476562 29.7378845214844 29.8325138092041 29.7664566040039 29.7003993988037 29.6343402862549 29.5682830810547 29.5022258758545 29.4361686706543 29.4423847198486 29.6654243469238 29.8884620666504 30.1115016937256 30.3345394134521 30.5575790405273 30.7806167602539 31.0036563873291 31.0274467468262 30.9848213195801 30.942195892334 30.8995723724365 30.8569469451904 30.8143215179443 30.7716960906982 30.7409801483154 30.7459945678711 30.7510089874268 30.7560234069824 30.7610378265381 30.7660522460938 30.7710666656494 30.7760810852051 30.697681427002 30.5914764404297 30.4852733612061 30.3790683746338 30.2728633880615 30.1666584014893 30.060453414917 29.9091300964355 29.6224460601807 29.3357601165771
27.4767036437988 28.0033493041992 28.5299949645996 29.056640625 29.5832862854004 30.1099319458008 30.2062091827393 30.159029006958 30.1118507385254 30.0646724700928 30.0174922943115 29.9703140258789 29.9231338500977 29.9374237060547 30.136116027832 30.334810256958 30.5335025787354 30.7321968078613 30.9308891296387 31.1295833587646 31.328275680542 31.3348770141602 31.2774467468262 31.2200164794922 31.1625862121582 31.1051559448242 31.0477256774902 30.9902954101562 30.9275894165039 30.8490543365479 30.7705211639404 30.6919860839844 30.6134510040283 30.5349178314209 30.4563827514648 30.3778476715088 30.2504138946533 30.1066818237305 29.962947845459 29.8192157745361 29.6754817962646 29.5317497253418 29.3880157470703 29.2199420928955 28.9788398742676 28.7377395629883
28.0989761352539 28.5755767822266 29.0521774291992 29.5287780761719 30.0053787231445 30.4819793701172 30.5799045562744 30.5516033172607 30.5233020782471 30.495002746582 30.4667015075684 30.4384002685547 30.4101009368896 30.4324626922607 30.6068096160889 30.781156539917 30.9555053710938 31.1298522949219 31.30419921875 31.4785480499268 31.6528949737549 31.6423053741455 31.5700702667236 31.4978351593018 31.4256000518799 31.353364944458 31.2811298370361 31.2088947296143 31.1141986846924 30.9521141052246 30.7900314331055 30.6279487609863 30.4658641815186 30.3037815093994 30.1416969299316 29.9796142578125 29.8031463623047 29.6218852996826 29.4406242370605 29.2593631744385 29.0781021118164 28.8968410491943 28.7155780792236 28.5307540893555 28.3352355957031 28.1397190093994
28.7212505340576 29.1478061676025 29.5743618011475 30.0009174346924 30.4274711608887 30.8540267944336 30.9535999298096 30.9441776275635 30.9347553253174 30.9253330230713 30.9159107208252 30.9064884185791 30.897066116333 30.9274997711182 31.0775032043457 31.2275047302246 31.3775062561035 31.5275077819824 31.67751121521 31.8275127410889 31.9775142669678 31.9497356414795 31.8626956939697 31.77565574646 31.6886157989502 31.6015758514404 31.5145359039307 31.4274959564209 31.3008079528809 31.0551738739014 30.8095417022705 30.5639095306396 30.3182773590088 30.0726451873779 29.8270130157471 29.5813808441162 29.3558788299561 29.1370906829834 28.9183006286621 28.6995105743408 28.4807205200195 28.2619304656982 28.043140411377 27.8415660858154 27.6916313171387 27.5416965484619
29.2374172210693 29.6403255462646 30.0432319641113 30.446138381958 30.8490467071533 31.251953125 31.3539352416992 31.3556079864502 31.3572788238525 31.3589515686035 31.3606243133545 31.3622970581055 31.3639698028564 31.4016819000244 31.547513961792 31.6933460235596 31.8391780853271 31.9850082397461 32.1308403015137 32.2766723632812 32.4225044250488 32.3854560852051 32.2874450683594 32.1894378662109 32.0914306640625 31.9934196472168 31.8954105377197 31.7974014282227 31.6474418640137 31.3416290283203 31.035816192627 30.7300033569336 30.4241905212402 30.1183776855469 29.8125667572021 29.5067539215088 29.2367401123047 28.9786586761475 28.7205791473389 28.4624977111816 28.204418182373 27.9463367462158 27.6882572174072 27.4617118835449 27.3297786712646 27.1978454589844
29.6474781036377 30.0531330108643 30.4587898254395 30.8644466400146 31.2701015472412 31.6757583618164 31.7809104919434 31.7858924865723 31.7908763885498 31.7958602905273 31.8008441925049 31.8058261871338 31.8108100891113 31.8550071716309 32.0168418884277 32.1786804199219 32.3405151367188 32.5023536682129 32.6641883850098 32.8260269165039 32.9878616333008 32.9494667053223 32.8443260192871 32.7391815185547 32.6340408325195 32.5289001464844 32.4237594604492 32.3186149597168 32.1541023254395 31.8114795684814 31.4688549041748 31.1262302398682 30.7836055755615 30.4409809112549 30.0983581542969 29.7557334899902 29.4457263946533 29.1465930938721 28.8474597930908 28.5483264923096 28.2491912841797 27.9500579833984 27.6509246826172 27.3911952972412 27.2496795654297 27.1081638336182
30.0575389862061 30.4659423828125 30.8743476867676 31.2827529907227 31.6911582946777 32.0995635986328 32.2078857421875 32.216178894043 32.2244720458984 32.2327690124512 32.2410621643066 32.2493553161621 32.2576522827148 32.3083305358887 32.4861755371094 32.6640167236328 32.8418579101562 33.0196990966797 33.1975402832031 33.3753814697266 33.55322265625 33.5134773254395 33.4012031555176 33.2889289855957 33.1766548156738 33.064380645752 32.9521026611328 32.8398284912109 32.6607666015625 32.2813301086426 31.9018936157227 31.5224571228027 31.1430206298828 30.7635841369629 30.3841495513916 30.0047130584717 29.6547145843506 29.3145275115967 28.9743404388428 28.6341533660889 28.293966293335 27.9537792205811 27.6135921478271 27.3206768035889 27.1695785522461 27.0184803009033
30.4675979614258 30.8787517547607 31.2899055480957 31.7010593414307 32.1122131347656 32.5233688354492 32.6348609924316 32.6464653015137 32.6580696105957 32.669677734375 32.681282043457 32.6928863525391 32.7044906616211 32.7616577148438 32.9555053710938 33.1493492126465 33.3431968688965 33.5370407104492 33.7308883666992 33.9247360229492 34.118579864502 34.0774879455566 33.958080291748 33.8386726379395 33.7192649841309 33.5998573303223 33.4804496765137 33.3610458374023 33.1674270629883 32.7511787414551 32.3349304199219 31.9186840057373 31.5024356842041 31.0861873626709 30.6699409484863 30.2536926269531 29.8637008666992 29.4824600219727 29.1012210845947 28.7199802398682 28.3387413024902 27.9575004577637 27.5762596130371 27.2501602172852 27.0894794464111 26.9287986755371
30.8776588439941 31.291561126709 31.7054634094238 32.1193656921387 32.5332679748535 32.9471702575684 33.0618362426758 33.0767517089844 33.091667175293 33.1065826416016 33.1215019226074 33.136417388916 33.1513328552246 33.2149810791016 33.4248352050781 33.6346855163574 33.8445358276367 34.054386138916 34.2642364501953 34.4740905761719 34.6839408874512 34.6414985656738 34.5149574279785 34.3884162902832 34.2618789672852 34.1353378295898 34.0087966918945 33.8822593688965 33.6740875244141 33.2210273742676 32.7679710388184 32.3149108886719 31.8618507385254 31.4087905883789 30.9557323455811 30.5026721954346 30.0726871490479 29.6503944396973 29.2281017303467 28.8058090209961 28.3835144042969 27.9612216949463 27.5389289855957 27.1796436309814 27.0093803405762 26.8391170501709
31.2877197265625 31.7043704986572 32.121021270752 32.5376739501953 32.9543266296387 33.3709754943848 33.4888114929199 33.5070381164551 33.5252647399902 33.5434913635254 33.5617179870605 33.5799446105957 33.5981750488281 33.6683082580566 33.8941650390625 34.1200180053711 34.345874786377 34.5717315673828 34.7975883483887 35.0234413146973 35.2492980957031 35.205509185791 35.071834564209 34.9381637573242 34.8044891357422 34.6708183288574 34.5371437072754 34.4034729003906 34.1807479858398 33.6908798217773 33.2010078430176 32.7111358642578 32.221263885498 31.7313938140869 31.2415237426758 30.751651763916 30.2816753387451 29.8183288574219 29.3549823760986 28.8916358947754 28.4282894134521 27.9649429321289 27.5015964508057 27.1091251373291 26.9292793273926 26.7494335174561
31.5304889678955 31.9680252075195 32.4055595397949 32.8430976867676 33.280632019043 33.7181663513184 33.8302116394043 33.8337631225586 33.8373107910156 33.8408584594727 33.844409942627 33.847957611084 33.851505279541 33.9158630371094 34.1626510620117 34.4094390869141 34.6562232971191 34.9030113220215 35.1497955322266 35.3965835571289 35.6433715820312 35.5938301086426 35.4455146789551 35.2971992492676 35.1488838195801 35.0005683898926 34.8522567749023 34.7039413452148 34.4693412780762 33.9758987426758 33.4824562072754 32.989013671875 32.4955711364746 32.0021286010742 31.5086879730225 31.0152454376221 30.5417060852051 30.0748023986816 29.6078987121582 29.1409950256348 28.6740913391113 28.2071876525879 27.7402839660645 27.3409214019775 27.1441879272461 26.947452545166
31.6059684753418 32.0825233459473 32.5590782165527 33.0356330871582 33.5121879577637 33.9887428283691 34.0860443115234 34.0569229125977 34.0278053283691 33.9986877441406 33.9695701599121 33.9404487609863 33.9113311767578 33.9576530456543 34.230297088623 34.5029373168945 34.7755813598633 35.048225402832 35.3208656311035 35.5935096740723 35.866153717041 35.8064651489258 35.6359977722168 35.4655303955078 35.2950630187988 35.1245956420898 34.9541282653809 34.7836608886719 34.539867401123 34.0760955810547 33.6123199462891 33.1485481262207 32.6847724914551 32.2210006713867 31.7572250366211 31.2934513092041 30.852783203125 30.4198188781738 29.986852645874 29.5538864135742 29.120922088623 28.6879558563232 28.2549915313721 27.8750343322754 27.6541023254395 27.4331684112549
31.6814498901367 32.1970252990723 32.7125968933105 33.2281723022461 33.7437477111816 34.2593193054199 34.3418731689453 34.280086517334 34.2182998657227 34.1565132141113 34.0947303771973 34.0329437255859 33.9711570739746 33.999439239502 34.2979393005371 34.5964393615723 34.8949394226074 35.1934394836426 35.4919395446777 35.7904357910156 36.0889358520508 36.0190963745117 35.8264770507812 35.633861541748 35.4412422180176 35.2486228942871 35.0560035705566 34.8633842468262 34.6103935241699 34.1762886047363 33.7421836853027 33.3080787658691 32.8739738464355 32.439868927002 32.0057601928711 31.5716571807861 31.1638603210449 30.7648334503174 30.3658065795898 29.9667797088623 29.5677528381348 29.1687240600586 28.7696971893311 28.4091453552246 28.1640167236328 27.9188861846924
31.756929397583 32.3115234375 32.8661155700684 33.420711517334 33.9753036499023 34.5298957824707 34.5977058410645 34.5032501220703 34.4087982177734 34.3143424987793 34.2198867797852 34.1254348754883 34.0309791564941 34.0412292480469 34.3655853271484 34.68994140625 35.0142974853516 35.3386535644531 35.6630096435547 35.9873657226562 36.3117179870605 36.2317314147949 36.016960144043 35.802188873291 35.5874176025391 35.3726501464844 35.1578788757324 34.9431076049805 34.6809196472168 34.276481628418 33.8720474243164 33.4676094055176 33.0631713867188 32.6587371826172 32.2542991638184 31.8498630523682 31.4749374389648 31.1098480224609 30.744758605957 30.3796710968018 30.0145816802979 29.6494941711426 29.2844047546387 28.9432563781738 28.6739311218262 28.4046039581299
31.8324089050293 32.4260215759277 33.0196342468262 33.6132469177246 34.206859588623 34.8004722595215 34.8535346984863 34.7264137268066 34.599292755127 34.4721717834473 34.3450469970703 34.2179260253906 34.0908050537109 34.0830192565918 34.4332313537598 34.7834434509277 35.1336555480957 35.4838676452637 35.8340797424316 36.1842918395996 36.5345039367676 36.4443626403809 36.2074432373047 35.9705200195312 35.7335968017578 35.4966735839844 35.2597503662109 35.0228309631348 34.7514457702637 34.3766784667969 34.0019073486328 33.627140045166 33.2523727416992 32.8776054382324 32.5028381347656 32.1280670166016 31.7860126495361 31.4548625946045 31.1237125396729 30.7925624847412 30.4614124298096 30.1302623748779 29.7991123199463 29.4773693084717 29.1838455200195 28.8903217315674
31.9078903198242 32.5405235290527 33.173152923584 33.8057861328125 34.438419342041 35.0710487365723 35.1093673706055 34.949577331543 34.7897872924805 34.629997253418 34.4702072143555 34.3104209899902 34.1506309509277 34.1248054504395 34.5008735656738 34.8769416809082 35.2530097961426 35.6290817260742 36.0051498413086 36.381217956543 36.7572860717773 36.6569976806641 36.3979225158691 36.1388473510742 35.8797760009766 35.6207008361816 35.3616256713867 35.1025505065918 34.8219718933105 34.4768714904785 34.1317710876465 33.7866706848145 33.4415740966797 33.0964736938477 32.7513732910156 32.4062728881836 32.0970916748047 31.7998790740967 31.5026664733887 31.2054538726807 30.9082431793213 30.6110305786133 30.3138198852539 30.0114803314209 29.6937599182129 29.3760395050049
31.8535671234131 32.5156326293945 33.1776962280273 33.8397598266602 34.5018272399902 35.163890838623 35.1878814697266 34.9991798400879 34.810474395752 34.6217727661133 34.4330711364746 34.2443656921387 34.0556640625 34.0131645202637 34.4092712402344 34.8053741455078 35.2014808654785 35.5975875854492 35.9936943054199 36.3898010253906 36.7859077453613 36.6952018737793 36.4422302246094 36.1892585754395 35.9362831115723 35.6833114624023 35.4303359985352 35.1773643493652 34.9178123474121 34.6385307312012 34.359245300293 34.079963684082 33.8006782531738 33.5213928222656 33.2421112060547 32.9628257751465 32.7048110961914 32.4538841247559 32.2029571533203 31.9520320892334 31.7011051177979 31.4501781463623 31.1992530822754 30.9217643737793 30.5645961761475 30.207426071167
31.6694393157959 32.3513526916504 33.0332641601562 33.7151756286621 34.397087097168 35.0789985656738 35.0890808105469 34.8752174377441 34.6613540649414 34.4474945068359 34.2336311340332 34.0197677612305 33.805908203125 33.7480926513672 34.1584167480469 34.5687408447266 34.9790649414062 35.3893890380859 35.7997131347656 36.2100410461426 36.6203651428223 36.5589828491211 36.3403625488281 36.1217422485352 35.9031257629395 35.6845054626465 35.4658889770508 35.2472686767578 35.0389747619629 34.8616523742676 34.6843299865723 34.5070114135742 34.3296890258789 34.1523666381836 33.9750442504883 33.797721862793 33.6091728210449 33.416877746582 33.2245864868164 33.0322914123535 32.8400001525879 32.647705078125 32.4554138183594 32.2082252502441 31.7963542938232 31.3844833374023
31.4853115081787 32.187068939209 32.8888282775879 33.5905876159668 34.2923469543457 34.9941062927246 34.9902801513672 34.7512588500977 34.5122375488281 34.2732162475586 34.0341911315918 33.7951698303223 33.5561485290527 33.4830169677734 33.9075622558594 34.332103729248 34.756649017334 35.1811904907227 35.6057357788086 36.0302772521973 36.4548225402832 36.4227600097656 36.2384948730469 36.0542297363281 35.8699645996094 35.6856994628906 35.5014381408691 35.3171730041504 35.1601333618164 35.084774017334 35.0094146728516 34.9340553283691 34.858699798584 34.7833404541016 34.7079811096191 34.6326217651367 34.5135345458984 34.3798751831055 34.2462158203125 34.1125526428223 33.9788932800293 33.8452339172363 33.7115707397461 33.4946823120117 33.0281105041504 32.5615386962891
31.3011837005615 32.0227890014648 32.7443962097168 33.4660034179688 34.1876068115234 34.9092140197754 34.8914794921875 34.6273002624512 34.3631172180176 34.098934173584 33.8347549438477 33.5705718994141 33.3063926696777 33.217945098877 33.6567077636719 34.0954704284668 34.5342330932617 34.9729919433594 35.4117546081543 35.8505172729492 36.2892799377441 36.2865371704102 36.1366271972656 35.9867172241211 35.8368072509766 35.686897277832 35.5369873046875 35.387077331543 35.2812957763672 35.3078994750977 35.3345031738281 35.3611030578613 35.3877067565918 35.4143104553223 35.4409141540527 35.4675178527832 35.4179000854492 35.3428726196289 35.2678451538086 35.192813873291 35.1177864074707 35.0427589416504 34.9677314758301 34.7811431884766 34.2598686218262 33.738597869873
