data/working_set_collections/6091692-Cassins_Sparrow-M2/1985/eflux_avg.asc
NCOLS 265 
NROWS 230 
XLLCORNER -115.5625 
YLLCORNER 24.8333333333333 
CELLSIZE 0.0833333333333333 
NODATA_value -9999 
[rows 200 to 219 of 230, columns 92 to 137 of 265]
60.6252517700195 60.7239112854004 60.8225708007812 60.9212303161621 61.019889831543 60.6546897888184 60.1348686218262 59.615047454834 59.0952301025391 58.5754089355469 58.0555877685547 57.5357666015625 56.8761520385742 55.7971382141113 54.7181282043457 53.6391181945801 52.5601043701172 51.4810943603516 50.4020843505859 49.3230743408203 48.1711273193359 46.9948692321777 45.8186111450195 44.6423530578613 43.4660949707031 42.2898406982422 41.113582611084 40.1115341186523 39.6321182250977 39.152702331543 38.6732864379883 38.1938705444336 37.7144546508789 37.2350387573242 36.7556266784668 36.3551063537598 35.9808883666992 35.6066703796387 35.2324485778809 34.8582305908203 34.4840126037598 34.1097946166992 33.6898880004883 33.1329154968262 32.5759429931641 32.018970489502
60.4300575256348 60.554615020752 60.6791763305664 60.8037376403809 60.928295135498 60.6266212463379 60.1828651428223 59.7391090393066 59.295352935791 58.8515930175781 58.4078369140625 57.9640808105469 57.3740615844727 56.3452491760254 55.3164367675781 54.2876243591309 53.2588119506836 52.2299995422363 51.2011871337891 50.1723747253418 48.9876136779785 47.7508659362793 46.5141220092773 45.2773780822754 44.0406303405762 42.8038864135742 41.5671424865723 40.5219535827637 40.0514335632324 39.5809173583984 39.1103973388672 38.6398773193359 38.169361114502 37.6988410949707 37.2283210754395 36.8458862304688 36.492805480957 36.1397285461426 35.7866516113281 35.4335746765137 35.0804977416992 34.7274208068848 34.3158073425293 33.728588104248 33.1413688659668 32.5541534423828
60.23486328125 60.3853225708008 60.5357856750488 60.6862449645996 60.8367042541504 60.5985527038574 60.2308578491211 59.863166809082 59.495475769043 59.1277809143066 58.7600898742676 58.3923950195312 57.8719749450684 56.8933601379395 55.9147453308105 54.9361305236816 53.9575157165527 52.9789047241211 52.0002899169922 51.0216751098633 49.8040962219238 48.5068664550781 47.2096328735352 45.9123992919922 44.6151695251465 43.3179359436035 42.0207023620605 40.932373046875 40.4707527160645 40.0091285705566 39.5475082397461 39.0858840942383 38.6242637634277 38.1626434326172 37.7010192871094 37.3366622924805 37.0047264099121 36.6727905273438 36.3408546447754 36.008918762207 35.6769790649414 35.345043182373 34.9417266845703 34.3242607116699 33.7067985534668 33.0893325805664
60.0396690368652 60.2160301208496 60.392391204834 60.5687522888184 60.7451133728027 60.570484161377 60.2788543701172 59.9872245788574 59.6955986022949 59.4039688110352 59.1123390197754 58.8207092285156 58.3698844909668 57.4414672851562 56.513053894043 55.5846366882324 54.6562232971191 53.7278060913086 52.7993927001953 51.8709754943848 50.6205825805664 49.2628631591797 47.905143737793 46.5474243164062 45.1897048950195 43.8319854736328 42.4742660522461 41.3427925109863 40.8900680541992 40.4373435974121 39.984619140625 39.5318908691406 39.0791664123535 38.6264419555664 38.1737174987793 37.8274383544922 37.5166435241699 37.2058486938477 36.8950538635254 36.5842590332031 36.2734642028809 35.9626693725586 35.5676460266113 34.9199333190918 34.2722244262695 33.62451171875
59.5246315002441 59.7162780761719 59.9079246520996 60.0995750427246 60.2912216186523 60.1784439086914 59.9641914367676 59.7499351501465 59.5356826782227 59.3214302062988 59.1071739196777 58.8929214477539 58.5102424621582 57.6222915649414 56.7343444824219 55.8463935852051 54.9584426879883 54.0704917907715 53.1825408935547 52.2945899963379 51.0339736938477 49.6491317749023 48.264289855957 46.8794479370117 45.4946060180664 44.1097640991211 42.7249221801758 41.5771026611328 41.1403465270996 40.7035942077637 40.2668418884277 39.8300857543945 39.3933334350586 38.9565773010254 38.5198249816895 38.1973342895508 37.9129333496094 37.6285285949707 37.3441276550293 37.0597267150879 36.7753219604492 36.4909210205078 36.1107139587402 35.4430885314941 34.7754669189453 34.1078453063965
58.6897506713867 58.8860702514648 59.082389831543 59.2787094116211 59.4750289916992 59.4224319458008 59.286865234375 59.1512985229492 59.0157318115234 58.8801651000977 58.7445983886719 58.6090316772461 58.2930488586426 57.4358329772949 56.57861328125 55.7213935852051 54.8641777038574 54.0069580078125 53.1497421264648 52.2925224304199 51.0442695617676 49.6656684875488 48.2870712280273 46.9084701538086 45.5298728942871 44.1512718200684 42.7726745605469 41.6352996826172 41.2215919494629 40.8078842163086 40.3941764831543 39.98046875 39.5667610168457 39.1530532836914 38.7393455505371 38.4463500976562 38.1935920715332 37.9408302307129 37.6880722045898 37.4353141784668 37.1825561523438 36.9297981262207 36.570930480957 35.8937301635742 35.2165260314941 34.5393257141113
57.8548698425293 58.0558624267578 58.2568511962891 58.4578437805176 58.6588325500488 58.6664199829102 58.6095390319824 58.5526580810547 58.4957809448242 58.4388999938965 58.3820190429688 58.325138092041 58.075855255127 57.2493705749512 56.4228858947754 55.5963973999023 54.7699127197266 53.9434242248535 53.1169395446777 52.2904510498047 51.0545654296875 49.6822090148926 48.3098526000977 46.9374961853027 45.5651397705078 44.1927833557129 42.820426940918 41.6934928894043 41.3028335571289 40.9121704101562 40.5215110778809 40.1308479309082 39.7401885986328 39.3495254516602 38.9588623046875 38.6953620910645 38.4742469787598 38.2531318664551 38.0320205688477 37.810905456543 37.5897903442383 37.3686752319336 37.0311470031738 36.344367980957 35.6575889587402 34.9708099365234
57.0199890136719 57.2256507873535 57.4313125610352 57.6369743347168 57.8426399230957 57.9104080200195 57.9322166442871 57.9540214538574 57.9758262634277 57.9976348876953 58.0194396972656 58.0412483215332 57.8586616516113 57.0629081726074 56.2671546936035 55.4714012145996 54.6756477355957 53.8798904418945 53.0841369628906 52.2883834838867 51.0648574829102 49.6987457275391 48.332633972168 46.9665184020996 45.6004066467285 44.2342910766602 42.8681793212891 41.7516899108887 41.3840751647949 41.0164604187012 40.6488456726074 40.2812309265137 39.9136123657227 39.5459976196289 39.1783828735352 38.9443778991699 38.7549057006836 38.5654335021973 38.3759651184082 38.1864929199219 37.9970245361328 37.8075523376465 37.4913597106934 36.7950057983398 36.0986480712891 35.4022941589355
56.1851081848145 56.3954429626465 56.6057777404785 56.8161087036133 57.0264434814453 57.1543960571289 57.2548904418945 57.3553848266602 57.4558753967285 57.5563697814941 57.6568641662598 57.7573547363281 57.6414680480957 56.8764457702637 56.1114234924316 55.3464012145996 54.5813789367676 53.8163566589355 53.0513343811035 52.2863121032715 51.0751533508301 49.7152824401855 48.3554153442383 46.9955444335938 45.6356735229492 44.2758026123047 42.9159317016602 41.809886932373 41.4653167724609 41.1207504272461 40.776180267334 40.4316101074219 40.0870399475098 39.7424697875977 39.3979034423828 39.1933898925781 39.0355644226074 38.8777351379395 38.7199096679688 38.562084197998 38.4042587280273 38.2464294433594 37.9515762329102 37.2456436157227 36.5397109985352 35.8337783813477
55.3502311706543 55.5652351379395 55.7802391052246 55.9952430725098 56.2102508544922 56.3983840942383 56.577564239502 56.7567443847656 56.9359245300293 57.115104675293 57.2942848205566 57.4734649658203 57.4242782592773 56.6899871826172 55.955696105957 55.2214050292969 54.4871139526367 53.7528228759766 53.0185356140137 52.2842445373535 51.08544921875 49.7318229675293 48.3781967163086 47.0245666503906 45.6709403991699 44.3173141479492 42.9636840820312 41.8680839538574 41.5465621948242 41.2250366210938 40.9035148620605 40.5819892883301 40.2604675292969 39.9389457702637 39.6174201965332 39.4424018859863 39.316219329834 39.1900367736816 39.0638542175293 38.937671661377 38.8114891052246 38.6853065490723 38.411792755127 37.6962814331055 36.980770111084 36.2652587890625
54.5177803039551 54.7284355163574 54.9390869140625 55.1497383117676 55.3603935241699 55.5936012268066 55.8343315124512 56.0750617980957 56.315788269043 56.5565185546875 56.797248840332 57.0379791259766 57.0417709350586 56.3347587585449 55.6277465820312 54.9207344055176 54.2137184143066 53.506706237793 52.7996940612793 52.0926818847656 50.9169044494629 49.5848731994629 48.2528419494629 46.9208068847656 45.5887756347656 44.2567443847656 42.9247131347656 41.8514213562012 41.5543556213379 41.2572898864746 40.9602241516113 40.663158416748 40.3660926818848 40.0690231323242 39.7719573974609 39.6144905090332 39.5035552978516 39.3926200866699 39.2816848754883 39.1707496643066 39.059814453125 38.9488792419434 38.6838798522949 37.9566917419434 37.2295036315918 36.5023155212402
53.6877670288086 53.8850402832031 54.0823173522949 54.2795944213867 54.4768714904785 54.740047454834 55.0251884460449 55.3103294372559 55.5954704284668 55.8806114196777 56.1657562255859 56.4508972167969 56.493953704834 55.8107643127441 55.1275749206543 54.4443855285645 53.7611961364746 53.0780067443848 52.3948173522949 51.7116279602051 50.5695152282715 49.2744331359863 47.9793472290039 46.6842651367188 45.3891830444336 44.0940971374512 42.799015045166 41.7599029541016 41.4887046813965 41.2175064086914 40.9463081359863 40.6751098632812 40.4039115905762 40.1327133178711 39.861515045166 39.7096519470215 39.5975685119629 39.4854850769043 39.3734016418457 39.2613143920898 39.1492309570312 39.0371475219727 38.7678451538086 38.0268783569336 37.2859115600586 36.5449485778809
52.8577499389648 53.0416488647461 53.2255516052246 53.4094505310059 53.5933494567871 53.8864898681641 54.2160453796387 54.5456008911133 54.8751525878906 55.2047080993652 55.5342597961426 55.8638153076172 55.9461364746094 55.2867698669434 54.6274032592773 53.9680366516113 53.3086700439453 52.6493034362793 51.9899368286133 51.3305702209473 50.2221298217773 48.9639930725098 47.7058563232422 46.4477233886719 45.1895866394043 43.9314498901367 42.6733169555664 41.6683807373047 41.4230499267578 41.1777229309082 40.9323921203613 40.6870613098145 40.4417304992676 40.1963996887207 39.9510688781738 39.8048133850098 39.691577911377 39.5783462524414 39.4651145935059 39.3518829345703 39.2386474609375 39.125415802002 38.851806640625 38.0970649719238 37.3423194885254 36.5875778198242
52.0277328491211 52.1982574462891 52.368782043457 52.539306640625 52.709831237793 53.0329360961914 53.4069023132324 53.7808685302734 54.1548347473145 54.5288009643555 54.9027671813965 55.2767333984375 55.3983192443848 54.7627792358398 54.1272354125977 53.4916915893555 52.8561477661133 52.2206039428711 51.5850601196289 50.9495162963867 49.8747406005859 48.6535530090332 47.4323654174805 46.2111778259277 44.989990234375 43.7688064575195 42.5476188659668 41.5768623352051 41.3573989868164 41.1379356384277 40.9184761047363 40.6990127563477 40.479549407959 40.2600860595703 40.0406265258789 39.899974822998 39.7855911254883 39.6712112426758 39.556827545166 39.4424476623535 39.3280639648438 39.2136840820312 38.9357681274414 38.1672477722168 37.3987274169922 36.6302108764648
51.1977157592773 51.354866027832 51.5120124816895 51.6691627502441 51.8263092041016 52.1793823242188 52.5977592468262 53.0161361694336 53.4345169067383 53.8528938293457 54.2712707519531 54.6896514892578 54.8505058288574 54.2387847900391 53.6270637512207 53.0153427124023 52.403621673584 51.7919006347656 51.1801834106445 50.5684623718262 49.5273513793945 48.3431129455566 47.1588745117188 45.9746360778809 44.790397644043 43.6061592102051 42.4219207763672 41.4853439331055 41.291748046875 41.0981521606445 40.9045600891113 40.7109642028809 40.5173683166504 40.3237762451172 40.1301803588867 39.9951324462891 39.8796043395996 39.7640724182129 39.6485443115234 39.5330123901367 39.41748046875 39.3019523620605 39.0197296142578 38.237434387207 37.455135345459 36.6728401184082
50.3676986694336 50.511474609375 50.6552467346191 50.7990188598633 50.9427909851074 51.3258247375488 51.7886161804199 52.251407623291 52.7141990661621 53.1769866943359 53.639778137207 54.1025695800781 54.3026885986328 53.7147903442383 53.1268920898438 52.5389938354492 51.951099395752 51.3632011413574 50.7753028869629 50.1874046325684 49.1799659729004 48.0326728820801 46.885383605957 45.738094329834 44.5908012390137 43.4435119628906 42.2962226867676 41.3938217163086 41.2260971069336 41.0583686828613 40.8906440734863 40.7229156494141 40.5551872253418 40.3874626159668 40.2197341918945 40.0902938842773 39.9736137390137 39.8569374084473 39.7402572631836 39.6235771179199 39.5068969726562 39.3902206420898 39.1036911010742 38.3076171875 37.5115432739258 36.7154731750488
49.8861923217773 50.0198402404785 50.1534881591797 50.2871360778809 50.420783996582 50.8111228942871 51.2870254516602 51.7629280090332 52.2388305664062 52.7147331237793 53.1906356811523 53.6665344238281 53.8792877197266 53.3025970458984 52.725902557373 52.1492080688477 51.5725173950195 50.9958229064941 50.4191284179688 49.8424339294434 48.8593482971191 47.740795135498 46.622241973877 45.5036888122559 44.3851356506348 43.2665824890137 42.1480293273926 41.2695693969727 41.1113891601562 40.9532051086426 40.7950210571289 40.6368408203125 40.4786567687988 40.3204727172852 40.1622924804688 40.0349426269531 39.9178695678711 39.8007965087891 39.683723449707 39.566650390625 39.449577331543 39.3325080871582 39.0517539978027 38.279956817627 37.5081596374512 36.7363586425781
49.7531929016113 49.8799667358398 50.0067443847656 50.1335182189941 50.2602958679199 50.6352729797363 51.0929870605469 51.5507011413574 52.0084114074707 52.4661254882812 52.9238395690918 53.3815536499023 53.5803108215332 53.0022010803223 52.4240913391113 51.8459854125977 51.2678756713867 50.6897659301758 50.1116561889648 49.5335464477539 48.565502166748 47.4674758911133 46.3694496154785 45.2714233398438 44.173397064209 43.0753707885742 41.9773445129395 41.1125869750977 40.947624206543 40.7826614379883 40.6176986694336 40.4527359008789 40.2877731323242 40.1228103637695 39.9578475952148 39.8290748596191 39.7123641967773 39.5956573486328 39.478946685791 39.3622360229492 39.2455253601074 39.1288146972656 38.8639144897461 38.1544456481934 37.4449768066406 36.7355079650879
49.6201934814453 49.7400932312012 49.8599967956543 49.9799003601074 50.0998039245605 50.4594230651855 50.8989486694336 51.3384742736816 51.7779960632324 52.2175216674805 52.6570434570312 53.0965690612793 53.2813301086426 52.7018051147461 52.1222839355469 51.5427589416504 50.9632339477539 50.3837089538574 49.8041839599609 49.2246627807617 48.271656036377 47.1941566467285 46.1166572570801 45.0391578674316 43.9616584777832 42.8841590881348 41.8066596984863 40.9556007385254 40.7838592529297 40.612117767334 40.4403762817383 40.2686309814453 40.0968894958496 39.9251480102539 39.7534065246582 39.6232109069824 39.5068626403809 39.3905143737793 39.2741661071777 39.1578178405762 39.0414695739746 38.925121307373 38.6760749816895 38.0289344787598 37.3817939758301 36.7346534729004
49.487190246582 49.6002235412598 49.7132530212402 49.826286315918 49.9393157958984 50.2835731506348 50.7049102783203 51.1262435913086 51.5475807189941 51.9689140319824 52.390251159668 52.8115844726562 52.9823532104492 52.4014129638672 51.8204727172852 51.2395324707031 50.6585922241211 50.0776519775391 49.496711730957 48.9157752990723 47.9778099060059 46.9208374023438 45.8638648986816 44.8068923950195 43.7499198913574 42.6929473876953 41.6359748840332 40.7986145019531 40.6200942993164 40.4415740966797 40.2630500793457 40.084529876709 39.906005859375 39.7274856567383 39.5489654541016 39.4173431396484 39.3013572692871 39.1853713989258 39.0693855285645 38.9533996582031 38.8374137878418 38.7214279174805 38.4882354736328 37.9034233093262 37.3186111450195 36.7337989807129
