data/working_set_collections/6091692-Cassins_Sparrow-M2/1985/eflux_avg.asc
NCOLS 265 
NROWS 230 
XLLCORNER -115.5625 
YLLCORNER 24.8333333333333 
CELLSIZE 0.0833333333333333 
NODATA_value -9999 
[rows 100 to 119 of 230, columns 0 to 45 of 265]
12.5171413421631 12.713547706604 12.9099540710449 13.1063604354858 13.3027667999268 13.499174118042 13.6955804824829 13.9873361587524 14.3108749389648 14.6344137191772 14.9579524993896 15.281491279602 15.6050300598145 15.9285688400269 16.2433662414551 16.5319328308105 16.8205013275146 17.1090698242188 17.3976383209229 17.6862049102783 17.9747734069824 18.2633419036865 18.819673538208 19.4652614593506 20.1108474731445 20.7564334869385 21.4020195007324 22.047607421875 22.6931934356689 23.422887802124 24.4049053192139 25.3869209289551 26.3689384460449 27.3509559631348 28.332971572876 29.3149890899658 30.2970066070557 30.515604019165 30.4797267913818 30.4438514709473 30.4079761505127 30.3720989227295 30.3362236022949 30.3003482818604 30.1749229431152 29.7808570861816
12.7627515792847 12.9487504959106 13.1347503662109 13.3207502365112 13.5067491531372 13.6927490234375 13.8787488937378 14.0460596084595 14.2071409225464 14.3682222366333 14.5293035507202 14.6903848648071 14.851466178894 15.012547492981 15.249026298523 15.7116975784302 16.1743679046631 16.6370391845703 17.0997104644775 17.5623798370361 18.0250511169434 18.4877223968506 19.0999393463135 19.7620048522949 20.4240684509277 21.0861339569092 21.7481994628906 22.4102649688721 23.0723304748535 23.8246059417725 24.8475131988525 25.870418548584 26.8933258056641 27.9162311553955 28.939136505127 29.962043762207 30.9849491119385 31.3021659851074 31.3841533660889 31.4661388397217 31.5481262207031 31.6301116943359 31.7120971679688 31.7940845489502 31.7656993865967 31.4062042236328
13.0304574966431 13.193377494812 13.356297492981 13.5192184448242 13.6821384429932 13.8450584411621 14.0079784393311 14.1103897094727 14.1926317214966 14.2748737335205 14.3571157455444 14.4393577575684 14.5215997695923 14.6038417816162 14.803750038147 15.3566589355469 15.9095668792725 16.462474822998 17.0153846740723 17.5682926177979 18.1212005615234 18.6741104125977 19.3151245117188 19.9855060577393 20.6558895111084 21.3262729644775 21.996654510498 22.6670379638672 23.3374214172363 24.1067142486572 25.1727352142334 26.2387580871582 27.304780960083 28.3708038330078 29.436824798584 30.5028476715088 31.5688705444336 31.9678173065186 32.1444053649902 32.3209953308105 32.4975814819336 32.6741714477539 32.850757598877 33.0273475646973 33.0906181335449 32.8139381408691
13.3202600479126 13.4474287033081 13.5745973587036 13.7017650604248 13.8289337158203 13.9561023712158 14.0832710266113 14.1803283691406 14.2673482894897 14.3543691635132 14.4413890838623 14.5284099578857 14.6154308319092 14.7024507522583 14.9075365066528 15.466817855835 16.0260982513428 16.5853805541992 17.144660949707 17.7039413452148 18.2632236480713 18.8225040435791 19.4652290344238 20.1357688903809 20.8063068389893 21.4768466949463 22.1473865509033 22.8179244995117 23.4884643554688 24.2692108154297 25.3805751800537 26.4919414520264 27.6033058166504 28.714672088623 29.8260364532471 30.9374027252197 32.0487670898438 32.5125579833984 32.7604866027832 33.008415222168 33.25634765625 33.5042762756348 33.7522048950195 34.0001373291016 34.1496810913086 34.0040664672852
13.6100635528564 13.7014799118042 13.792896270752 13.8843126296997 13.9757299423218 14.0671463012695 14.1585626602173 14.2502660751343 14.3420648574829 14.4338636398315 14.5256633758545 14.6174621582031 14.7092609405518 14.8010597229004 15.0113229751587 15.576976776123 16.1426296234131 16.7082843780518 17.2739372253418 17.8395919799805 18.4052448272705 18.9708995819092 19.6153335571289 20.2860298156738 20.9567260742188 21.627420425415 22.29811668396 22.9688129425049 23.6395072937012 24.4317073822021 25.588415145874 26.7451229095459 27.9018306732178 29.0585403442383 30.2152481079102 31.371955871582 32.5286636352539 33.0572967529297 33.3765678405762 33.6958389282227 34.0151100158691 34.3343811035156 34.6536521911621 34.9729232788086 35.208740234375 35.1941947937012
13.899866104126 13.9555311203003 14.0111951828003 14.0668601989746 14.1225252151489 14.1781902313232 14.2338542938232 14.3202037811279 14.4167814254761 14.5133590698242 14.6099367141724 14.7065143585205 14.8030920028687 14.8996686935425 15.1151084899902 15.6871356964111 16.2591609954834 16.8311882019043 17.4032154083252 17.9752407073975 18.5472679138184 19.1192932128906 19.7654399871826 20.4362907409668 21.1071434020996 21.7779960632324 22.4488468170166 23.1196994781494 23.7905521392822 24.5942039489746 25.7962551116943 26.9983062744141 28.2003574371338 29.4024085998535 30.6044578552246 31.8065090179443 33.0085601806641 33.6020355224609 33.9926452636719 34.3832588195801 34.7738723754883 35.1644859313965 35.5550994873047 35.9457130432129 36.2678031921387 36.3843231201172
14.1896686553955 14.2095813751221 14.229495048523 14.2494077682495 14.2693204879761 14.289234161377 14.3091468811035 14.3901424407959 14.4914979934692 14.5928544998169 14.6942100524902 14.7955665588379 14.8969221115112 14.9982786178589 15.2188949584961 15.7972936630249 16.3756923675537 16.9540920257568 17.53249168396 18.1108894348145 18.6892890930176 19.2676887512207 19.9155445098877 20.5865535736084 21.2575607299805 21.9285697937012 22.5995788574219 23.2705860137939 23.9415950775146 24.7567005157471 26.004093170166 27.2514877319336 28.4988822937012 29.7462749481201 30.9936695098877 32.2410621643066 33.4884567260742 34.1467704772949 34.6087265014648 35.0706825256348 35.5326385498047 35.9945907592773 36.4565467834473 36.9185028076172 37.3268623352051 37.5744514465332
14.479471206665 14.4636325836182 14.4477939605713 14.4319553375244 14.4161167144775 14.4002780914307 14.3844385147095 14.4600801467896 14.5662145614624 14.6723489761353 14.7784833908081 14.8846187591553 14.9907531738281 15.096887588501 15.322681427002 15.907452583313 16.492223739624 17.0769958496094 17.6617679595947 18.2465400695801 18.8313121795654 19.4160823822021 20.0656490325928 20.7368144989014 21.40797996521 22.0791435241699 22.7503089904785 23.4214744567871 24.0926380157471 24.9191970825195 26.2119331359863 27.5046710968018 28.7974071502686 30.0901432037354 31.3828811645508 32.6756172180176 33.9683532714844 34.6915092468262 35.2248077392578 35.7581024169922 36.2914009094238 36.8246955871582 37.3579940795898 37.8912887573242 38.3859252929688 38.764575958252
14.3914022445679 14.3565282821655 14.3216543197632 14.2867813110352 14.2519073486328 14.2170333862305 14.1821603775024 14.2758197784424 14.4123239517212 14.5488271713257 14.6853313446045 14.8218355178833 14.9583396911621 15.0948438644409 15.3426818847656 15.9245252609253 16.506368637085 17.0882110595703 17.6700534820557 18.2518978118896 18.833740234375 19.4155826568604 20.0509796142578 20.7042274475098 21.3574752807617 22.0107231140137 22.6639709472656 23.3172168731689 23.9704647064209 24.7897281646729 26.1070404052734 27.4243507385254 28.741662979126 30.0589752197266 31.3762855529785 32.6935958862305 34.0109100341797 34.7927742004395 35.3961601257324 35.9995422363281 36.6029281616211 37.2063102722168 37.8096961975098 38.4130783081055 38.9763717651367 39.4193840026855
13.9254598617554 13.8882675170898 13.8510761260986 13.8138847351074 13.7766933441162 13.739501953125 13.7023105621338 13.8373603820801 14.0298252105713 14.2222890853882 14.4147529602051 14.6072177886963 14.7996816635132 14.9921464920044 15.2788982391357 15.8485107421875 16.4181232452393 16.9877376556396 17.5573501586914 18.1269626617432 18.6965751647949 19.2661895751953 19.8715343475342 20.488790512085 21.1060485839844 21.7233047485352 22.3405609130859 22.9578189849854 23.5750751495361 24.3682975769043 25.6894149780273 27.0105323791504 28.3316497802734 29.6527671813965 30.9738845825195 32.2950019836426 33.6161193847656 34.4505615234375 35.1227798461914 35.7949981689453 36.4672164916992 37.1394348144531 37.811653137207 38.4838714599609 39.098201751709 39.5388679504395
13.4595174789429 13.4200077056885 13.3804979324341 13.340989112854 13.3014793395996 13.2619695663452 13.2224607467651 13.3989009857178 13.6473264694214 13.8957509994507 14.14417552948 14.3926000595093 14.6410245895386 14.8894491195679 15.2151136398315 15.7724962234497 16.3298797607422 16.8872623443604 17.4446449279785 18.0020294189453 18.5594120025635 19.1167945861816 19.6920890808105 20.2733554840088 20.854621887207 21.4358863830566 22.0171527862549 22.5984191894531 23.1796836853027 23.9468650817871 25.2717876434326 26.5967121124268 27.9216346740723 29.2465591430664 30.5714836120605 31.8964061737061 33.2213287353516 34.1083488464355 34.8494033813477 35.5904541015625 36.3315086364746 37.0725593566895 37.8136138916016 38.5546646118164 39.2200355529785 39.6583518981934
12.9935750961304 12.9517469406128 12.9099197387695 12.8680925369263 12.826265335083 12.7844381332397 12.7426099777222 12.9604425430298 13.2648277282715 13.5692119598389 13.8735971450806 14.1779823303223 14.482367515564 14.7867527008057 15.1513290405273 15.6964826583862 16.2416343688965 16.7867889404297 17.3319416046143 17.8770942687988 18.4222469329834 18.967399597168 19.5126438140869 20.0579204559326 20.6031951904297 21.1484699249268 21.6937446594238 22.2390193939209 22.784294128418 23.5254325866699 24.8541622161865 26.1828918457031 27.5116214752197 28.8403511047363 30.1690807342529 31.4978103637695 32.8265419006348 33.7661399841309 34.5760269165039 35.385913848877 36.19580078125 37.005687713623 37.8155708312988 38.6254577636719 39.3418655395508 39.7778396606445
12.5276327133179 12.4834871292114 12.439341545105 12.3951969146729 12.3510513305664 12.30690574646 12.2627601623535 12.5219831466675 12.8823289871216 13.2426738739014 13.6030187606812 13.9633646011353 14.323709487915 14.6840553283691 15.0875453948975 15.6204681396484 16.1533908843994 16.6863136291504 17.2192363739014 17.7521591186523 18.285083770752 18.8180065155029 19.3332004547119 19.8424835205078 20.3517684936523 20.8610515594482 21.3703346252441 21.8796195983887 22.3889026641846 23.1040000915527 24.4365367889404 25.7690715789795 27.1016082763672 28.4341449737549 29.7666797637939 31.0992164611816 32.4317512512207 33.4239273071289 34.3026466369629 35.1813697814941 36.0600891113281 36.9388122558594 37.8175315856934 38.6962509155273 39.4636993408203 39.8973236083984
12.0616903305054 12.0152263641357 11.9687633514404 11.9223003387451 11.8758373260498 11.8293743133545 11.7829103469849 12.0835237503052 12.4998302459717 12.9161357879639 13.3324413299561 13.7487468719482 14.1650524139404 14.5813579559326 15.0237607955933 15.5444536209106 16.0651473999023 16.5858402252197 17.1065330505371 17.6272258758545 18.1479187011719 18.6686115264893 19.1537551879883 19.6270484924316 20.1003398895264 20.5736331939697 21.0469264984131 21.5202198028564 21.9935131072998 22.6825675964355 24.0189094543457 25.3552532196045 26.6915950775146 28.0279369354248 29.364278793335 30.7006206512451 32.0369644165039 33.081714630127 34.0292701721191 34.9768257141113 35.9243812561035 36.8719367980957 37.8194923400879 38.7670440673828 39.5855331420898 40.0168075561523
11.6330280303955 11.5848293304443 11.5366306304932 11.488431930542 11.4402332305908 11.3920345306396 11.3438358306885 11.6708240509033 12.122875213623 12.5749254226685 13.0269765853882 13.4790267944336 13.9310779571533 14.3831281661987 14.8467035293579 15.3448495864868 15.84299659729 16.3411426544189 16.8392906188965 17.3374366760254 17.8355827331543 18.3337306976318 18.7847270965576 19.220006942749 19.6552886962891 20.0905685424805 20.5258502960205 20.9611301422119 21.3964099884033 22.0489196777344 23.3531112670898 24.6573047637939 25.9614963531494 27.2656898498535 28.569881439209 29.8740749359131 31.1782665252686 32.2472915649414 33.2379264831543 34.2285652160645 35.2192001342773 36.2098350524902 37.2004699707031 38.1911087036133 39.0543632507324 39.535472869873
11.2416467666626 11.1922950744629 11.1429433822632 11.0935916900635 11.0442399978638 10.9948883056641 10.9455366134644 11.2838830947876 11.7514638900757 12.2190446853638 12.6866245269775 13.1542053222656 13.6217851638794 14.0893659591675 14.5563716888428 15.021656036377 15.4869403839111 15.9522247314453 16.4175090789795 16.8827934265137 17.3480777740479 17.813362121582 18.2261180877686 18.6213645935059 19.0166091918945 19.4118556976318 19.8071022033691 20.2023487091064 20.5975952148438 21.203052520752 22.4391403198242 23.6752281188965 24.9113140106201 26.1474018096924 27.3834896087646 28.6195774078369 29.8556652069092 30.9206581115723 31.9286212921143 32.9365844726562 33.9445495605469 34.9525108337402 35.9604759216309 36.9684371948242 37.870189666748 38.4533157348633
10.8502655029297 10.7997608184814 10.7492551803589 10.6987504959106 10.6482458114624 10.5977411270142 10.5472364425659 10.8969430923462 11.3800525665283 11.8631629943848 12.3462734222412 12.8293828964233 13.3124933242798 13.7956027984619 14.266040802002 14.6984624862671 15.1308841705322 15.5633058547974 15.9957275390625 16.428150177002 16.8605709075928 17.2929935455322 17.6675071716309 18.0227203369141 18.3779315948486 18.7331447601318 19.0883560180664 19.4435691833496 19.7987804412842 20.3571853637695 21.52516746521 22.693151473999 23.8611335754395 25.0291156768799 26.1970977783203 27.3650798797607 28.5330619812012 29.5940265655518 30.6193161010742 31.6446075439453 32.6698951721191 33.6951866149902 34.7204780578613 35.7457695007324 36.6860198974609 37.3711585998535
10.4588842391968 10.4072256088257 10.3555679321289 10.3039102554321 10.2522525787354 10.2005949020386 10.1489362716675 10.5100021362305 11.0086421966553 11.5072813034058 12.0059213638306 12.5045614242554 13.0032005310059 13.5018405914307 13.9757099151611 14.3752689361572 14.7748289108276 15.1743879318237 15.5739469528198 15.9735059738159 16.3730640411377 16.7726249694824 17.1088981628418 17.4240760803223 17.7392539978027 18.0544319152832 18.3696098327637 18.6847877502441 18.9999656677246 19.5113201141357 20.6111965179443 21.7110748291016 22.8109512329102 23.9108276367188 25.010705947876 26.1105823516846 27.2104606628418 28.2673931121826 29.3100109100342 30.3526287078857 31.3952465057373 32.4378623962402 33.4804801940918 34.5230979919434 35.5018501281738 36.2890014648438
10.0675020217896 10.0146913528442 9.96188068389893 9.90907001495361 9.85625839233398 9.80344772338867 9.75063705444336 10.1230611801147 10.6372308731079 11.1514005661011 11.6655693054199 12.1797389984131 12.6939086914062 13.2080783843994 13.6853790283203 14.0520763397217 14.4187726974487 14.7854690551758 15.1521654129028 15.5188617706299 15.8855590820312 16.252254486084 16.5502872467041 16.8254318237305 17.1005764007568 17.3757190704346 17.6508636474609 17.9260082244873 18.201150894165 18.6654529571533 19.6972255706787 20.7289962768555 21.7607688903809 22.7925415039062 23.8243141174316 24.856086730957 25.8878574371338 26.9407596588135 28.0007038116455 29.0606498718262 30.1205940246582 31.1805381774902 32.2404823303223 33.3004302978516 34.3176765441895 35.2068405151367
9.67612075805664 9.62215709686279 9.56819343566895 9.51422882080078 9.46026515960693 9.40630149841309 9.35233688354492 9.73612022399902 10.2658195495605 10.7955188751221 11.3252182006836 11.8549175262451 12.3846158981323 12.9143152236938 13.3950481414795 13.7288827896118 14.0627164840698 14.3965501785278 14.7303848266602 15.0642185211182 15.3980522155762 15.7318868637085 15.9916772842407 16.2267875671387 16.4618968963623 16.6970081329346 16.9321174621582 17.1672267913818 17.4023380279541 17.8195858001709 18.7832527160645 19.746919631958 20.7105884552002 21.6742553710938 22.6379222869873 23.6015892028809 24.5652561187744 25.6141262054443 26.6913986206055 27.7686710357666 28.8459434509277 29.9232158660889 31.0004863739014 32.0777587890625 33.1335067749023 34.124683380127
