data/working_set_collections/6091692-Cassins_Sparrow-M2/1985/evland_avg.asc
NCOLS 265 
NROWS 230 
XLLCORNER -115.5625 
YLLCORNER 24.8333333333333 
CELLSIZE 0.0833333333333333 
NODATA_value -9999 
[rows 162 to 179 of 230, columns 41 to 81 of 265]
1.07837049654336e-05 1.11276904135593e-05 1.14716749521904e-05 1.18069956442923e-05 1.2116324796807e-05 1.24256539493217e-05 1.27349840113311e-05 1.30443131638458e-05 1.33536423163605e-05 1.36629714688752e-05 1.39723006213899e-05 1.39528438012348e-05 1.38237919600215e-05 1.36947401188081e-05 1.35656882775947e-05 1.34366364363814e-05 1.3307584595168e-05 1.31785318444599e-05 1.31298156702542e-05 1.33221055875765e-05 1.35143955048989e-05 1.37066854222212e-05 1.38989762490382e-05 1.40912661663606e-05 1.42835560836829e-05 1.44758460010053e-05 1.45054755193996e-05 1.44808855111478e-05 1.44562945934013e-05 1.44317045851494e-05 1.44071136674029e-05 1.4382523659151e-05 1.43579327414045e-05 1.43743700391497e-05 1.45138910738751e-05 1.46534111991059e-05 1.47929313243367e-05 1.49324523590622e-05 1.50719724842929e-05 1.52114926095237e-05 1.53510136442492e-05
1.06276584119769e-05 1.09769498521928e-05 1.13262412924087e-05 1.16638639156008e-05 1.1966479178227e-05 1.22690944408532e-05 1.25717087939847e-05 1.28743240566109e-05 1.31769384097424e-05 1.34795536723686e-05 1.37821689349948e-05 1.37664010253502e-05 1.36445059979451e-05 1.352261097054e-05 1.34007150336402e-05 1.3278820006235e-05 1.31569249788299e-05 1.30350299514248e-05 1.2991675248486e-05 1.31839424284408e-05 1.33762086989009e-05 1.3568474969361e-05 1.37607421493158e-05 1.39530084197759e-05 1.41452755997307e-05 1.43375418701908e-05 1.43878132803366e-05 1.43907527672127e-05 1.43936913445941e-05 1.43966308314702e-05 1.43995703183464e-05 1.44025098052225e-05 1.44054492920986e-05 1.4452980394708e-05 1.46342872540117e-05 1.48155941133155e-05 1.49969009726192e-05 1.51782078319229e-05 1.53595137817319e-05 1.55408215505304e-05 1.57221275003394e-05
1.04716109490255e-05 1.08262102003209e-05 1.11808085421217e-05 1.1520733096404e-05 1.1816633559647e-05 1.211253402289e-05 1.2408434486133e-05 1.27043349493761e-05 1.30002354126191e-05 1.32961358758621e-05 1.35920363391051e-05 1.35799573399709e-05 1.3465219126374e-05 1.33504809127771e-05 1.32357426991803e-05 1.31210044855834e-05 1.30062662719865e-05 1.28915280583897e-05 1.28535348267178e-05 1.30457783598104e-05 1.32380218929029e-05 1.34302645165008e-05 1.36225080495933e-05 1.38147515826859e-05 1.40069951157784e-05 1.41992377393763e-05 1.42701501317788e-05 1.43006200232776e-05 1.43310890052817e-05 1.43615579872858e-05 1.43920269692899e-05 1.4422495951294e-05 1.44529649332981e-05 1.45315898407716e-05 1.47546834341483e-05 1.49777761180303e-05 1.5200869711407e-05 1.5423962395289e-05 1.56470559886657e-05 1.58701495820424e-05 1.6093243175419e-05
1.03155643955688e-05 1.06754696389544e-05 1.10353757918347e-05 1.13776013677125e-05 1.16667870315723e-05 1.19559736049268e-05 1.22451592687867e-05 1.25343458421412e-05 1.2823531506001e-05 1.31127180793555e-05 1.34019046527101e-05 1.33935145640862e-05 1.32859331642976e-05 1.3178351764509e-05 1.30707703647204e-05 1.29631889649318e-05 1.28556075651431e-05 1.27480261653545e-05 1.27153944049496e-05 1.29076142911799e-05 1.30998341774102e-05 1.32920540636405e-05 1.34842739498708e-05 1.36764938361011e-05 1.38687137223314e-05 1.40609336085618e-05 1.41524878927157e-05 1.42104863698478e-05 1.42684857564745e-05 1.43264842336066e-05 1.43844836202334e-05 1.44424820973654e-05 1.45004805744975e-05 1.461020019633e-05 1.48750796142849e-05 1.51399590322399e-05 1.54048393596895e-05 1.56697187776444e-05 1.59345981955994e-05 1.61994776135543e-05 1.64643570315093e-05
1.01595169326174e-05 1.05247299870825e-05 1.0889942132053e-05 1.1234469639021e-05 1.15169414129923e-05 1.17994131869636e-05 1.2081884960935e-05 1.23643567349063e-05 1.26468285088777e-05 1.2929300282849e-05 1.32117720568203e-05 1.32070717882016e-05 1.31066472022212e-05 1.30062226162408e-05 1.29057971207658e-05 1.28053725347854e-05 1.27049479488051e-05 1.26045233628247e-05 1.25772539831814e-05 1.27694511320442e-05 1.29616473714123e-05 1.31538436107803e-05 1.33460407596431e-05 1.35382369990111e-05 1.37304332383792e-05 1.39226294777473e-05 1.40348256536527e-05 1.41203536259127e-05 1.42058825076674e-05 1.42914113894221e-05 1.43769393616822e-05 1.44624682434369e-05 1.45479971251916e-05 1.46888096423936e-05 1.49954757944215e-05 1.53021428559441e-05 1.56088080984773e-05 1.59154733410105e-05 1.62221404025331e-05 1.65288056450663e-05 1.68354727065889e-05
1.00034703791607e-05 1.0373989425716e-05 1.0744509381766e-05 1.10913379103295e-05 1.13670957944123e-05 1.16428527690005e-05 1.19186106530833e-05 1.21943676276715e-05 1.24701255117543e-05 1.27458824863425e-05 1.30216394609306e-05 1.30206281028222e-05 1.29273603306501e-05 1.2834092558478e-05 1.27408247863059e-05 1.26475570141338e-05 1.25542892419617e-05 1.24610214697896e-05 1.24391135614133e-05 1.26312870634138e-05 1.28234605654143e-05 1.30156331579201e-05 1.32078066599206e-05 1.33999792524264e-05 1.35921527544269e-05 1.37843262564274e-05 1.39171625050949e-05 1.40302208819776e-05 1.41432792588603e-05 1.4256337635743e-05 1.43693960126257e-05 1.44824543895083e-05 1.4595512766391e-05 1.47674199979519e-05 1.51158719745581e-05 1.54643239511643e-05 1.58127768372651e-05 1.6161229723366e-05 1.65096826094668e-05 1.68581336765783e-05 1.72065865626791e-05
9.80456206889357e-06 1.01820869531366e-05 1.05596109278849e-05 1.09115007944638e-05 1.11864883365342e-05 1.14614758786047e-05 1.17364634206751e-05 1.20114509627456e-05 1.2286438504816e-05 1.25614260468865e-05 1.28364135889569e-05 1.28412693811697e-05 1.27560824694228e-05 1.2670895557676e-05 1.25857086459291e-05 1.25005208246876e-05 1.24153339129407e-05 1.23301470011938e-05 1.23169666039757e-05 1.25198057503439e-05 1.27226458062069e-05 1.29254849525751e-05 1.3128325008438e-05 1.33311641548062e-05 1.35340033011744e-05 1.37368433570373e-05 1.38946752485936e-05 1.40375050250441e-05 1.41803348014946e-05 1.43231645779451e-05 1.44659943543957e-05 1.46088232213515e-05 1.4751652997802e-05 1.49504121509381e-05 1.53169603436254e-05 1.56835085363127e-05 1.60500567290001e-05 1.64166049216874e-05 1.67831531143747e-05 1.71497013070621e-05 1.75162494997494e-05
9.56279382080538e-06 9.94902075035498e-06 1.03352476799046e-05 1.06949592009187e-05 1.09751208583475e-05 1.12552825157763e-05 1.15354441732052e-05 1.1815605830634e-05 1.20957683975575e-05 1.23759300549864e-05 1.26560917124152e-05 1.2668995623244e-05 1.25928127090447e-05 1.25166297948454e-05 1.24404477901408e-05 1.23642648759414e-05 1.22880819617421e-05 1.22118999570375e-05 1.22108112918795e-05 1.24350071928347e-05 1.265920309379e-05 1.28833989947452e-05 1.31075948957005e-05 1.33317907966557e-05 1.35559866976109e-05 1.37801825985662e-05 1.3967362974654e-05 1.41422051456175e-05 1.43170482260757e-05 1.44918903970392e-05 1.46667325680028e-05 1.4841575648461e-05 1.50164178194245e-05 1.52377879203414e-05 1.55987418111181e-05 1.59596947924001e-05 1.63206477736821e-05 1.66816007549642e-05 1.70425555552356e-05 1.74035085365176e-05 1.77644615177996e-05
9.32102466322249e-06 9.71595454757335e-06 1.01108844319242e-05 1.04784166978789e-05 1.07637524706661e-05 1.1049089152948e-05 1.13344249257352e-05 1.16197616080171e-05 1.19050982902991e-05 1.21904340630863e-05 1.24757707453682e-05 1.24967209558235e-05 1.24295429486665e-05 1.23623649415094e-05 1.22951869343524e-05 1.22280089271953e-05 1.21608300105436e-05 1.20936520033865e-05 1.2104656889278e-05 1.23502086353255e-05 1.25957603813731e-05 1.28413130369154e-05 1.30868647829629e-05 1.33324165290105e-05 1.35779691845528e-05 1.38235209306004e-05 1.40400507007143e-05 1.42469061756856e-05 1.44537616506568e-05 1.4660617125628e-05 1.48674716911046e-05 1.50743271660758e-05 1.52811826410471e-05 1.55251636897447e-05 1.58805214596214e-05 1.62358810484875e-05 1.65912388183642e-05 1.69465984072303e-05 1.73019561771071e-05 1.76573139469838e-05 1.80126735358499e-05
9.07925550563959e-06 9.48288834479172e-06 9.88652209343854e-06 1.0261874194839e-05 1.05523849924793e-05 1.08428957901197e-05 1.113340658776e-05 1.14239173854003e-05 1.17144281830406e-05 1.20049389806809e-05 1.22954497783212e-05 1.23244471978978e-05 1.22662731882883e-05 1.22080991786788e-05 1.2149926078564e-05 1.20917520689545e-05 1.20335789688397e-05 1.19754049592302e-05 1.19985015771817e-05 1.22654100778163e-05 1.25323185784509e-05 1.27992270790855e-05 1.30661346702254e-05 1.333304317086e-05 1.35999516714946e-05 1.38668601721292e-05 1.41127384267747e-05 1.4351606296259e-05 1.45904750752379e-05 1.48293429447222e-05 1.50682108142064e-05 1.53070795931853e-05 1.55459474626696e-05 1.58125403686427e-05 1.61623029271141e-05 1.65120673045749e-05 1.68618298630463e-05 1.72115942405071e-05 1.75613567989785e-05 1.79111211764393e-05 1.82608837349107e-05
8.8374872575514e-06 9.24982305150479e-06 9.66215884545818e-06 1.00453316917992e-05 1.03410166047979e-05 1.06367024272913e-05 1.093238734029e-05 1.12280722532887e-05 1.15237580757821e-05 1.18194429887808e-05 1.21151279017795e-05 1.21521725304774e-05 1.21030034279102e-05 1.20538343253429e-05 1.20046652227757e-05 1.19554961202084e-05 1.19063270176412e-05 1.18571579150739e-05 1.18923471745802e-05 1.21806115203071e-05 1.24688758660341e-05 1.27571411212557e-05 1.30454054669826e-05 1.33336698127096e-05 1.36219341584365e-05 1.39101985041634e-05 1.41854261528351e-05 1.44563073263271e-05 1.47271875903243e-05 1.49980687638163e-05 1.52689499373082e-05 1.55398320202949e-05 1.58107122842921e-05 1.60999152285513e-05 1.64440843946068e-05 1.67882517416729e-05 1.71324209077284e-05 1.74765900737839e-05 1.782075742085e-05 1.81649265869055e-05 1.8509095752961e-05
8.59571809996851e-06 9.01675684872316e-06 9.43779559747782e-06 9.8287891887594e-06 1.01296491266112e-05 1.0430509064463e-05 1.073136809282e-05 1.10322280306718e-05 1.13330879685236e-05 1.16339469968807e-05 1.19348069347325e-05 1.1979897863057e-05 1.1939733667532e-05 1.18995685625123e-05 1.18594043669873e-05 1.18192392619676e-05 1.17790750664426e-05 1.17389108709176e-05 1.1786191862484e-05 1.20958129627979e-05 1.24054340631119e-05 1.27150542539312e-05 1.30246753542451e-05 1.33342964545591e-05 1.36439166453783e-05 1.39535377456923e-05 1.42581138788955e-05 1.45610074469005e-05 1.48639010149054e-05 1.51667954924051e-05 1.54696899699047e-05 1.5772582628415e-05 1.60754771059146e-05 1.63872919074493e-05 1.672586404311e-05 1.70644379977603e-05 1.74030119524105e-05 1.77415859070607e-05 1.80801598617109e-05 1.84187338163611e-05 1.87573059520219e-05
8.31366014608648e-06 8.74126089911442e-06 9.16886074264767e-06 9.57004795054672e-06 9.89199634204851e-06 1.02139447335503e-05 1.05358931250521e-05 1.08578406070592e-05 1.1179788998561e-05 1.15017373900628e-05 1.18236857815646e-05 1.18698008009233e-05 1.18239713629009e-05 1.17781428343733e-05 1.17323133963509e-05 1.16864848678233e-05 1.16406563392957e-05 1.15948269012733e-05 1.16491064545698e-05 1.20037102533388e-05 1.23583140521077e-05 1.27129178508767e-05 1.30675216496456e-05 1.34221254484146e-05 1.37767292471835e-05 1.41313330459525e-05 1.44629584610811e-05 1.47869250213262e-05 1.51108915815712e-05 1.54348581418162e-05 1.57588237925665e-05 1.60827912623063e-05 1.64067569130566e-05 1.67306861840189e-05 1.70545026776381e-05 1.73783191712573e-05 1.77021356648766e-05 1.80259503395064e-05 1.83497668331256e-05 1.86735833267448e-05 1.89973998203641e-05
7.99131339590531e-06 8.42333429318387e-06 8.85535519046243e-06 9.26910797716118e-06 9.62805916060461e-06 9.98700943455333e-06 1.03459606179968e-05 1.07049118014402e-05 1.10638620753889e-05 1.14228132588323e-05 1.17817644422757e-05 1.18218804345815e-05 1.17557183330064e-05 1.16895562314312e-05 1.16233932203613e-05 1.15572311187861e-05 1.1491069017211e-05 1.14249069156358e-05 1.14810891318484e-05 1.1904302482435e-05 1.23275158330216e-05 1.27507291836082e-05 1.31739425341948e-05 1.35971567942761e-05 1.40203701448627e-05 1.44435834954493e-05 1.47999608088867e-05 1.51340591401095e-05 1.54681583808269e-05 1.5802255802555e-05 1.61363550432725e-05 1.647045428399e-05 1.68045535247074e-05 1.71300998772494e-05 1.74299966602121e-05 1.77298934431747e-05 1.80297902261373e-05 1.83296851901105e-05 1.86295819730731e-05 1.89294787560357e-05 1.92293737200089e-05
7.66896664572414e-06 8.10540768725332e-06 8.5418487287825e-06 8.96816800377565e-06 9.3641219791607e-06 9.76007504505105e-06 1.01560290204361e-05 1.05519820863265e-05 1.09479360617115e-05 1.13438891276019e-05 1.17398431029869e-05 1.17739591587451e-05 1.16874643936171e-05 1.16009687189944e-05 1.15144730443717e-05 1.14279782792437e-05 1.1341482604621e-05 1.1254987839493e-05 1.1313071809127e-05 1.18048947115312e-05 1.22967185234302e-05 1.27885414258344e-05 1.32803643282386e-05 1.37721881401376e-05 1.42640110425418e-05 1.47558339449461e-05 1.51369631566922e-05 1.54811932588927e-05 1.5825424270588e-05 1.61696552822832e-05 1.65138862939784e-05 1.68581173056737e-05 1.72023483173689e-05 1.75295153894695e-05 1.7805490642786e-05 1.8081467715092e-05 1.8357444787398e-05 1.86334200407146e-05 1.89093971130205e-05 1.91853723663371e-05 1.94613494386431e-05
7.34661944079562e-06 7.78748108132277e-06 8.22834226710256e-06 8.66722803039011e-06 9.10018388822209e-06 9.53314065554878e-06 9.96609651338076e-06 1.03990523712127e-05 1.08320091385394e-05 1.12649649963714e-05 1.16979208542034e-05 1.17260387924034e-05 1.16192104542279e-05 1.15123821160523e-05 1.14055537778768e-05 1.12987245302065e-05 1.1191896192031e-05 1.10850678538554e-05 1.11450544864056e-05 1.17054878501222e-05 1.2265920304344e-05 1.28263536680606e-05 1.33867861222825e-05 1.39472194859991e-05 1.4507651940221e-05 1.50680853039376e-05 1.54739645950031e-05 1.58283291966654e-05 1.61826919793384e-05 1.65370547620114e-05 1.68914175446844e-05 1.72457803273574e-05 1.76001431100303e-05 1.79289290827e-05 1.81809864443494e-05 1.84330419870093e-05 1.86850993486587e-05 1.89371548913186e-05 1.91892104339786e-05 1.94412677956279e-05 1.96933233382879e-05
7.02427269061445e-06 7.46955447539221e-06 7.91483671491733e-06 8.36628805700457e-06 8.83624670677818e-06 9.3062053565518e-06 9.77616491582012e-06 1.02461235655937e-05 1.07160822153674e-05 1.1186040865141e-05 1.16559995149146e-05 1.16781184260617e-05 1.15509565148386e-05 1.14237946036155e-05 1.12966336018872e-05 1.11694716906641e-05 1.1042309779441e-05 1.09151478682179e-05 1.09770371636841e-05 1.16060800792184e-05 1.22351229947526e-05 1.28641650007921e-05 1.34932079163264e-05 1.41222508318606e-05 1.47512928379001e-05 1.53803357534343e-05 1.58109669428086e-05 1.61754633154487e-05 1.65399578690995e-05 1.69044524227502e-05 1.72689487953903e-05 1.7633443349041e-05 1.79979397216812e-05 1.83283445949201e-05 1.85564804269234e-05 1.87846162589267e-05 1.90127539099194e-05 1.92408897419227e-05 1.9469025573926e-05 1.96971614059294e-05 1.99252972379327e-05
6.70192594043328e-06 7.15162832420901e-06 7.60133070798474e-06 8.06534808361903e-06 8.57230952533428e-06 9.07927096704952e-06 9.58623240876477e-06 1.009319385048e-05 1.06001552921953e-05 1.11071167339105e-05 1.16140781756258e-05 1.163019805972e-05 1.14827025754494e-05 1.13352080006734e-05 1.11877134258975e-05 1.10402179416269e-05 1.0892723366851e-05 1.07452278825804e-05 1.08090198409627e-05 1.15066723083146e-05 1.22043247756665e-05 1.29019772430183e-05 1.35996297103702e-05 1.42972821777221e-05 1.4994934645074e-05 1.56925871124258e-05 1.61479692906141e-05 1.6522597434232e-05 1.68972255778499e-05 1.72718519024784e-05 1.76464800460963e-05 1.80211063707247e-05 1.83957345143426e-05 1.87277582881507e-05 1.89319744094973e-05 1.9136190530844e-05 1.93404084711801e-05 1.95446245925268e-05 1.97488407138735e-05 1.99530568352202e-05 2.01572729565669e-05
