data/working_set_collections/6091692-Cassins_Sparrow-M2/1985/evland_avg.asc
NCOLS 265 
NROWS 230 
XLLCORNER -115.5625 
YLLCORNER 24.8333333333333 
CELLSIZE 0.0833333333333333 
NODATA_value -9999 
[rows 36 to 53 of 230, columns 41 to 81 of 265]
1.29730578919407e-05 1.34122155941441e-05 1.38513732963474e-05 1.41883856485947e-05 1.42189619509736e-05 1.42495373438578e-05 1.4280112736742e-05 1.43106890391209e-05 1.43412644320051e-05 1.43718398248893e-05 1.44024161272682e-05 1.45069343489013e-05 1.46361016959418e-05 1.47652681334876e-05 1.48944345710333e-05 1.50236019180738e-05 1.51527683556196e-05 1.52819357026601e-05 1.52652737597236e-05 1.48111312228139e-05 1.43569886859041e-05 1.39028461489943e-05 1.34487027025898e-05 1.299456016568e-05 1.25404176287702e-05 1.20862741823657e-05 1.16786477519781e-05 1.12865263872663e-05 1.08944059320493e-05 1.05022845673375e-05 1.01101632026257e-05 9.71804183791392e-06 9.32592047320213e-06 8.99488622962963e-06 8.84710971149616e-06 8.69933410285739e-06 8.55155849421863e-06 8.40378197608516e-06 8.25600636744639e-06 8.10823075880762e-06 7.96045424067415e-06
1.29202535390505e-05 1.33476687551592e-05 1.3775083971268e-05 1.41095242724987e-05 1.41650371006108e-05 1.42205499287229e-05 1.42760636663297e-05 1.43315764944418e-05 1.43870893225539e-05 1.44426030601608e-05 1.44981158882729e-05 1.45876329042949e-05 1.46884840432904e-05 1.47893360917806e-05 1.48901872307761e-05 1.49910383697716e-05 1.50918904182618e-05 1.51927415572572e-05 1.51543044921709e-05 1.46980037243338e-05 1.4241702047002e-05 1.37854003696702e-05 1.33290996018331e-05 1.28727979245014e-05 1.24164971566643e-05 1.19601954793325e-05 1.15692446343019e-05 1.12000770968734e-05 1.0830909559445e-05 1.04617420220166e-05 1.00925753940828e-05 9.72340785665438e-06 9.35424031922594e-06 9.04992521100212e-06 8.94016739039216e-06 8.8304086602875e-06 8.72065083967755e-06 8.61089301906759e-06 8.50113519845763e-06 8.39137646835297e-06 8.28161864774302e-06
1.28674500956549e-05 1.32831219161744e-05 1.36987946461886e-05 1.40306619869079e-05 1.4111112250248e-05 1.41915634230827e-05 1.42720136864227e-05 1.43524639497628e-05 1.44329151225975e-05 1.45133653859375e-05 1.45938156492775e-05 1.46683305501938e-05 1.47408673001337e-05 1.48134031405789e-05 1.48859389810241e-05 1.4958475730964e-05 1.50310115714092e-05 1.51035483213491e-05 1.50433352246182e-05 1.45848753163591e-05 1.41264154081e-05 1.36679554998409e-05 1.32094955915818e-05 1.27510356833227e-05 1.22925757750636e-05 1.18341158668045e-05 1.14598415166256e-05 1.11136278064805e-05 1.07674140963354e-05 1.04212003861903e-05 1.00749866760452e-05 9.72877296590013e-06 9.38255925575504e-06 9.10496419237461e-06 9.03322415979346e-06 8.96148412721232e-06 8.88974409463117e-06 8.81800315255532e-06 8.74626311997417e-06 8.67452308739303e-06 8.60278305481188e-06
1.28146457427647e-05 1.32185750771896e-05 1.36225053211092e-05 1.39517997013172e-05 1.40571873998852e-05 1.41625760079478e-05 1.42679637065157e-05 1.43733523145784e-05 1.44787400131463e-05 1.45841277117142e-05 1.46895163197769e-05 1.47490291055874e-05 1.47932496474823e-05 1.48374710988719e-05 1.48816916407668e-05 1.49259121826617e-05 1.49701336340513e-05 1.50143541759462e-05 1.49323659570655e-05 1.44717469083844e-05 1.4011128769198e-05 1.35505106300116e-05 1.30898924908252e-05 1.2629273442144e-05 1.21686553029576e-05 1.17080371637712e-05 1.13504374894546e-05 1.10271776065929e-05 1.07039177237311e-05 1.03806587503641e-05 1.00573988675023e-05 9.7341389846406e-06 9.41087910177885e-06 9.1600031737471e-06 9.12628092919476e-06 9.09255868464243e-06 9.05883644009009e-06 9.02511419553775e-06 8.99139195098542e-06 8.95766970643308e-06 8.92394746188074e-06
1.27618413898745e-05 1.31540291476995e-05 1.35462159960298e-05 1.38729374157265e-05 1.4003263459017e-05 1.41335885928129e-05 1.42639146361034e-05 1.43942397698993e-05 1.45245649036951e-05 1.46548909469857e-05 1.47852160807815e-05 1.48297267514863e-05 1.48456329043256e-05 1.48615381476702e-05 1.48774443005095e-05 1.48933495438541e-05 1.49092556966934e-05 1.4925160940038e-05 1.48213957800181e-05 1.43586194099043e-05 1.38958421302959e-05 1.34330657601822e-05 1.29702884805738e-05 1.25075121104601e-05 1.20447348308517e-05 1.15819575512432e-05 1.12410343717784e-05 1.09407283162e-05 1.06404222606216e-05 1.03401162050432e-05 1.00398101494648e-05 9.73950409388635e-06 9.43919803830795e-06 9.21504306461429e-06 9.21933860809077e-06 9.22363415156724e-06 9.22792969504371e-06 9.23222432902548e-06 9.23651987250196e-06 9.24081541597843e-06 9.2451109594549e-06
1.27090370369842e-05 1.30894823087147e-05 1.34699266709504e-05 1.37940760396305e-05 1.39493386086542e-05 1.4104601177678e-05 1.42598646561964e-05 1.44151272252202e-05 1.45703907037387e-05 1.47256532727624e-05 1.48809167512809e-05 1.49104253068799e-05 1.48980152516742e-05 1.48856061059632e-05 1.48731960507575e-05 1.48607869050466e-05 1.48483768498409e-05 1.48359677041299e-05 1.47104265124653e-05 1.42454910019296e-05 1.37805554913939e-05 1.33156199808582e-05 1.28506853798172e-05 1.23857498692814e-05 1.19208143587457e-05 1.145587884821e-05 1.11316303446074e-05 1.0854279025807e-05 1.0576926797512e-05 1.02995745692169e-05 1.00222223409219e-05 9.74487011262681e-06 9.46751788433176e-06 9.27008204598678e-06 9.31239537749207e-06 9.35470870899735e-06 9.39702204050263e-06 9.43933537200792e-06 9.4816487035132e-06 9.52396203501849e-06 9.56627536652377e-06
1.26470895338571e-05 1.30198859551456e-05 1.33926814669394e-05 1.37079769046977e-05 1.38507721203496e-05 1.39935682454961e-05 1.4136363461148e-05 1.42791586767999e-05 1.44219548019464e-05 1.45647500175983e-05 1.47075452332501e-05 1.47210366776562e-05 1.46914253491559e-05 1.46618149301503e-05 1.463220360165e-05 1.46025931826443e-05 1.45729827636387e-05 1.45433714351384e-05 1.44096311487374e-05 1.39635021696449e-05 1.35173731905525e-05 1.307124421146e-05 1.26251152323675e-05 1.21789853437804e-05 1.17328563646879e-05 1.12867273855954e-05 1.09937382148928e-05 1.07517944343272e-05 1.05098515632562e-05 1.02679086921853e-05 1.00259649116197e-05 9.78402204054873e-06 9.5420791694778e-06 9.38027460506419e-06 9.45888768910663e-06 9.53749986365438e-06 9.61611294769682e-06 9.69472512224456e-06 9.77333729679231e-06 9.85195038083475e-06 9.93056255538249e-06
1.2575998880493e-05 1.29452391774976e-05 1.33144794745021e-05 1.3614640920423e-05 1.37075639941031e-05 1.38004870677833e-05 1.38934110509581e-05 1.39863341246382e-05 1.40792571983184e-05 1.41721802719985e-05 1.42651033456787e-05 1.42615608638152e-05 1.42258631967707e-05 1.41901655297261e-05 1.41544669531868e-05 1.41187692861422e-05 1.40830716190976e-05 1.40473730425583e-05 1.39190105983289e-05 1.35126520035556e-05 1.31062943182769e-05 1.26999366329983e-05 1.2293578038225e-05 1.18872203529463e-05 1.1480861758173e-05 1.10745040728943e-05 1.08273552541505e-05 1.06332763607497e-05 1.0439197467349e-05 1.02451185739483e-05 1.00510396805475e-05 9.85696078714682e-06 9.66288189374609e-06 9.54562165134121e-06 9.65881463343976e-06 9.77200761553831e-06 9.88520059763687e-06 9.99839357973542e-06 1.01115874713287e-05 1.02247804534272e-05 1.03379734355258e-05
1.25049082271289e-05 1.28705933093443e-05 1.32362783915596e-05 1.35213049361482e-05 1.35643558678566e-05 1.36074067995651e-05 1.36504577312735e-05 1.36935086629819e-05 1.37365595946903e-05 1.37796105263988e-05 1.38226614581072e-05 1.3802085959469e-05 1.37603001348907e-05 1.37185152198072e-05 1.36767303047236e-05 1.36349453896401e-05 1.35931604745565e-05 1.35513755594729e-05 1.34283900479204e-05 1.30618027469609e-05 1.26952154460014e-05 1.23286281450419e-05 1.19620417535771e-05 1.15954544526176e-05 1.1228867151658e-05 1.08622807601932e-05 1.06609732029028e-05 1.05147582871723e-05 1.03685433714418e-05 1.0222329365206e-05 1.00761144494754e-05 9.9298995337449e-06 9.78368552750908e-06 9.71096778812353e-06 9.85874157777289e-06 1.00065153674223e-05 1.01542891570716e-05 1.0302062946721e-05 1.04498367363703e-05 1.05976105260197e-05 1.07453843156691e-05
1.24338166642701e-05 1.27959465316962e-05 1.31580773086171e-05 1.34279689518735e-05 1.34211477416102e-05 1.34143265313469e-05 1.34075053210836e-05 1.34006841108203e-05 1.3393862900557e-05 1.3387040780799e-05 1.33802195705357e-05 1.3342610145628e-05 1.32947379825055e-05 1.32468658193829e-05 1.31989936562604e-05 1.31511214931379e-05 1.31032493300154e-05 1.30553771668929e-05 1.29377685880172e-05 1.26109525808715e-05 1.22841365737258e-05 1.19573205665802e-05 1.16305045594345e-05 1.13036885522888e-05 1.09768725451431e-05 1.06500565379974e-05 1.04945902421605e-05 1.03962402135949e-05 1.02978892755345e-05 1.01995392469689e-05 1.01011892184033e-05 1.0002838280343e-05 9.90448825177737e-06 9.87631392490584e-06 1.0058668522106e-05 1.02410231193062e-05 1.04233777165064e-05 1.06057314042118e-05 1.0788086001412e-05 1.09704405986122e-05 1.11527951958124e-05
1.2362726010906e-05 1.27213006635429e-05 1.30798753161798e-05 1.33346338770934e-05 1.32779396153637e-05 1.32212462631287e-05 1.31645529108937e-05 1.3107858649164e-05 1.3051165296929e-05 1.29944710351992e-05 1.29377776829642e-05 1.28831352412817e-05 1.28291758301202e-05 1.27752164189587e-05 1.27212570077972e-05 1.26672975966358e-05 1.26133381854743e-05 1.25593787743128e-05 1.24471480376087e-05 1.21601033242769e-05 1.18730577014503e-05 1.15860129881185e-05 1.12989682747866e-05 1.10119235614548e-05 1.07248788481229e-05 1.04378332252963e-05 1.03282072814181e-05 1.02777212305227e-05 1.02272351796273e-05 1.01767491287319e-05 1.01262630778365e-05 1.00757770269411e-05 1.00252909760457e-05 1.00416600616882e-05 1.02585954664391e-05 1.04755308711901e-05 1.06924653664464e-05 1.09094007711974e-05 1.11263361759484e-05 1.13432706712047e-05 1.15602060759556e-05
1.22916344480473e-05 1.26466547953896e-05 1.30016742332373e-05 1.32412978928187e-05 1.31347314891173e-05 1.30281659949105e-05 1.29215995912091e-05 1.28150340970024e-05 1.27084676933009e-05 1.26019021990942e-05 1.24953357953927e-05 1.24236594274407e-05 1.23636127682403e-05 1.23035661090398e-05 1.22435203593341e-05 1.21834737001336e-05 1.21234270409332e-05 1.20633803817327e-05 1.19565274872002e-05 1.17092531581875e-05 1.14619797386695e-05 1.12147054096567e-05 1.09674319901387e-05 1.0720157661126e-05 1.0472884241608e-05 1.02256099125952e-05 1.01618252301705e-05 1.01592031569453e-05 1.01565819932148e-05 1.01539599199896e-05 1.01513378467644e-05 1.01487157735392e-05 1.01460946098086e-05 1.02070071079652e-05 1.04585224107723e-05 1.07100386230741e-05 1.09615539258812e-05 1.12130692286883e-05 1.146458544099e-05 1.17161007437971e-05 1.19676169560989e-05
1.21893135656137e-05 1.25418764582719e-05 1.289443935093e-05 1.31316282931948e-05 1.30226944747847e-05 1.29137597468798e-05 1.28048259284697e-05 1.26958912005648e-05 1.25869573821547e-05 1.24780226542498e-05 1.23690888358396e-05 1.22778610602836e-05 1.21925359053421e-05 1.21072107504006e-05 1.2021885595459e-05 1.19365604405175e-05 1.1851235285576e-05 1.17659101306344e-05 1.16463761514751e-05 1.14242120616836e-05 1.12020488813869e-05 1.09798847915954e-05 1.07577216112986e-05 1.05355584310018e-05 1.03133943412104e-05 1.00912311609136e-05 1.00585430118372e-05 1.0089012903336e-05 1.01194827948348e-05 1.01499526863336e-05 1.01804234873271e-05 1.02108933788259e-05 1.02413632703247e-05 1.03319407571689e-05 1.06028410300496e-05 1.08737413029303e-05 1.1144641575811e-05 1.14155418486916e-05 1.16864412120776e-05 1.19573414849583e-05 1.2228241757839e-05
1.2055761544616e-05 1.24069665616844e-05 1.27581715787528e-05 1.30056259877165e-05 1.29418276628712e-05 1.2878029338026e-05 1.2814230103686e-05 1.27504317788407e-05 1.26866334539955e-05 1.26228342196555e-05 1.25590358948102e-05 1.24457401398104e-05 1.2315944331931e-05 1.21861494335462e-05 1.20563545351615e-05 1.19265587272821e-05 1.17967638288974e-05 1.16669689305127e-05 1.15166940304334e-05 1.13049800347653e-05 1.10932660390972e-05 1.08815520434291e-05 1.0669838047761e-05 1.04581240520929e-05 1.02464109659195e-05 1.00346969702514e-05 1.00183606264181e-05 1.00671504696948e-05 1.01159403129714e-05 1.01647292467533e-05 1.02135190900299e-05 1.02623089333065e-05 1.03110987765831e-05 1.04164628282888e-05 1.06915513242711e-05 1.09666398202535e-05 1.12417283162358e-05 1.15168168122182e-05 1.17919043987058e-05 1.20669928946882e-05 1.23420813906705e-05
1.19222104331129e-05 1.22720575745916e-05 1.26219038065756e-05 1.28796236822382e-05 1.28609608509578e-05 1.28422980196774e-05 1.2823635188397e-05 1.28049714476219e-05 1.27863086163416e-05 1.27676457850612e-05 1.27489829537808e-05 1.26136183098424e-05 1.24393527585198e-05 1.22650881166919e-05 1.20908225653693e-05 1.19165570140467e-05 1.17422923722188e-05 1.15680268208962e-05 1.13870119093917e-05 1.1185748007847e-05 1.09844831968076e-05 1.07832192952628e-05 1.05819553937181e-05 1.03806905826787e-05 1.01794266811339e-05 9.97816277958918e-06 9.97817824099911e-06 1.00452880360535e-05 1.01123969216133e-05 1.0179505807173e-05 1.02466156022274e-05 1.03137244877871e-05 1.03808342828415e-05 1.05009858089034e-05 1.07802616184927e-05 1.10595383375767e-05 1.13388150566607e-05 1.161809086625e-05 1.1897367585334e-05 1.2176644304418e-05 1.2455921023502e-05
1.17886593216099e-05 1.21371476780041e-05 1.24856360343983e-05 1.27536213767598e-05 1.27800940390443e-05 1.28065667013288e-05 1.28330393636134e-05 1.28595120258979e-05 1.28859846881824e-05 1.29124573504669e-05 1.29389300127514e-05 1.27814964798745e-05 1.25627611851087e-05 1.23440258903429e-05 1.21252905955771e-05 1.19065553008113e-05 1.16878200060455e-05 1.14690847112797e-05 1.125732978835e-05 1.1066515071434e-05 1.08757012640126e-05 1.06848865470965e-05 1.04940718301805e-05 1.03032571132644e-05 1.01124423963483e-05 9.92162767943228e-06 9.93799585558008e-06 1.00234246929176e-05 1.01088535302551e-05 1.01942823675927e-05 1.02797121144249e-05 1.03651409517624e-05 1.04505697891e-05 1.05855078800232e-05 1.08689719127142e-05 1.11524368548999e-05 1.14359017970855e-05 1.17193658297765e-05 1.20028307719622e-05 1.22862957141479e-05 1.25697597468388e-05
1.16551073006121e-05 1.20022377814166e-05 1.23493682622211e-05 1.26276190712815e-05 1.26992272271309e-05 1.27708353829803e-05 1.28424435388297e-05 1.29140526041738e-05 1.29856607600232e-05 1.30572689158726e-05 1.31288770717219e-05 1.29493755594012e-05 1.26861705211923e-05 1.24229645734886e-05 1.21597595352796e-05 1.18965544970706e-05 1.16333485493669e-05 1.13701435111579e-05 1.11276476673083e-05 1.09472830445156e-05 1.07669184217229e-05 1.05865528894356e-05 1.04061882666429e-05 1.02258236438502e-05 1.00454581115628e-05 9.86509348877007e-06 9.89781347016105e-06 1.00015622592764e-05 1.01053110483917e-05 1.02090589280124e-05 1.03128077171277e-05 1.04165565062431e-05 1.05203052953584e-05 1.06700299511431e-05 1.09576822069357e-05 1.12453353722231e-05 1.15329885375104e-05 1.1820640793303e-05 1.21082939585904e-05 1.2395946214383e-05 1.26835993796703e-05
1.15215561891091e-05 1.18673287943238e-05 1.22131004900439e-05 1.25016158563085e-05 1.26183604152175e-05 1.27351040646317e-05 1.28518486235407e-05 1.2968592272955e-05 1.3085336831864e-05 1.32020804812782e-05 1.33188250401872e-05 1.31172537294333e-05 1.28095789477811e-05 1.25019032566343e-05 1.21942275654874e-05 1.18865527838352e-05 1.15788770926883e-05 1.12712014015415e-05 1.09979664557613e-05 1.08280510175973e-05 1.06581355794333e-05 1.04882201412693e-05 1.03183047031052e-05 1.01483901744359e-05 9.97847473627189e-06 9.80855929810787e-06 9.85763108474202e-06 9.97969982563518e-06 1.01017676570336e-05 1.02238354884321e-05 1.03459042293252e-05 1.04679720607237e-05 1.05900408016169e-05 1.07545520222629e-05 1.10463925011572e-05 1.13382338895462e-05 1.16300743684405e-05 1.19219157568295e-05 1.22137571452186e-05 1.25055976241129e-05 1.27974390125019e-05
