data/working_set_collections/6091692-Cassins_Sparrow-M2/1985/evland_avg.asc
NCOLS 265 
NROWS 230 
XLLCORNER -115.5625 
YLLCORNER 24.8333333333333 
CELLSIZE 0.0833333333333333 
NODATA_value -9999 
[rows 144 to 161 of 230, columns 164 to 204 of 265]
1.63554741448024e-05 1.63886725204065e-05 1.64218690770213e-05 1.64550674526254e-05 1.64882640092401e-05 1.65214623848442e-05 1.65546589414589e-05 1.65878554980736e-05 1.6815180060803e-05 1.7107213352574e-05 1.73992448253557e-05 1.76912781171268e-05 1.79833114088979e-05 1.82753428816795e-05 1.85673761734506e-05 1.88456688192673e-05 1.90827395272208e-05 1.9319808416185e-05 1.95568791241385e-05 1.9793949832092e-05 2.00310205400456e-05 2.02680912479991e-05 2.05051619559526e-05 2.0715975551866e-05 2.09180398087483e-05 2.11201040656306e-05 2.13221665035235e-05 2.15242307604058e-05 2.17262931982987e-05 2.1928357455181e-05 2.21154823520919e-05 2.22577891690889e-05 2.24000959860859e-05 2.2542402803083e-05 2.26847078010906e-05 2.28270146180876e-05 2.29693214350846e-05 2.31116282520816e-05 2.32227066589985e-05 2.33233749895589e-05 2.342404150113e-05
1.61905554705299e-05 1.62189971888438e-05 1.62474389071576e-05 1.62758824444609e-05 1.63043241627747e-05 1.63327658810886e-05 1.63612094183918e-05 1.63896511367057e-05 1.66258068929892e-05 1.69312006619293e-05 1.72365944308694e-05 1.75419881998096e-05 1.78473819687497e-05 1.81527757376898e-05 1.84581695066299e-05 1.87478817679221e-05 1.89905513252597e-05 1.92332208825974e-05 1.9475890439935e-05 1.97185581782833e-05 1.99612277356209e-05 2.02038972929586e-05 2.04465668502962e-05 2.06576096388744e-05 2.08581113838591e-05 2.10586131288437e-05 2.12591148738284e-05 2.1459616618813e-05 2.16601165448083e-05 2.18606182897929e-05 2.20528618228855e-05 2.22203270823229e-05 2.23877923417604e-05 2.25552576011978e-05 2.27227228606353e-05 2.28901881200727e-05 2.30576533795102e-05 2.32251186389476e-05 2.33275732171023e-05 2.34083545365138e-05 2.34891376749147e-05
1.60256349772681e-05 1.6049321857281e-05 1.6073008737294e-05 1.60966974362964e-05 1.61203843163094e-05 1.61440711963223e-05 1.61677598953247e-05 1.61914467753377e-05 1.64364337251754e-05 1.6755189790274e-05 1.70739440363832e-05 1.73926982824923e-05 1.77114543475909e-05 1.80302085937001e-05 1.83489628398092e-05 1.86500965355663e-05 1.8898364942288e-05 1.91466315300204e-05 1.93948999367421e-05 1.96431683434639e-05 1.98914349311963e-05 2.0139703337918e-05 2.03879717446398e-05 2.05992419068934e-05 2.07981829589698e-05 2.09971221920568e-05 2.11960614251439e-05 2.13950006582309e-05 2.15939398913179e-05 2.17928809433943e-05 2.1990241293679e-05 2.21828649955569e-05 2.23754886974348e-05 2.25681123993127e-05 2.276073792018e-05 2.29533616220579e-05 2.31459853239357e-05 2.33386090258136e-05 2.34324379562167e-05 2.34933359024581e-05 2.35542338486994e-05
1.58607144840062e-05 1.58796465257183e-05 1.58985785674304e-05 1.59175124281319e-05 1.5936444469844e-05 1.59553765115561e-05 1.59743085532682e-05 1.59932424139697e-05 1.62470623763511e-05 1.65791770996293e-05 1.69112936418969e-05 1.72434101841645e-05 1.75755249074427e-05 1.79076414497104e-05 1.8239757991978e-05 1.85523113032104e-05 1.88061767403269e-05 1.90600439964328e-05 1.93139094335493e-05 1.95677766896551e-05 1.98216421267716e-05 2.00755093828775e-05 2.03293766389834e-05 2.05408759939019e-05 2.07382527150912e-05 2.093563125527e-05 2.11330079764593e-05 2.13303865166381e-05 2.15277650568169e-05 2.17251417780062e-05 2.19276207644725e-05 2.21454029087909e-05 2.23631868720986e-05 2.25809690164169e-05 2.27987511607353e-05 2.30165333050536e-05 2.32343172683613e-05 2.34520994126797e-05 2.35373045143206e-05 2.35783172684023e-05 2.36193300224841e-05
1.56957939907443e-05 1.57099711941555e-05 1.57241483975668e-05 1.57383274199674e-05 1.57525046233786e-05 1.57666818267899e-05 1.57808590302011e-05 1.57950362336123e-05 1.60576892085373e-05 1.6403166227974e-05 1.67486432474107e-05 1.70941202668473e-05 1.7439597286284e-05 1.77850743057206e-05 1.81305513251573e-05 1.84545242518652e-05 1.87139903573552e-05 1.89734546438558e-05 1.92329207493458e-05 1.94923850358464e-05 1.97518511413364e-05 2.0011315427837e-05 2.0270781533327e-05 2.04825082619209e-05 2.0678324290202e-05 2.08741403184831e-05 2.10699563467642e-05 2.12657723750453e-05 2.14615884033265e-05 2.16574026126182e-05 2.18650002352661e-05 2.21079408220248e-05 2.2350883227773e-05 2.25938238145318e-05 2.283676622028e-05 2.30797068070387e-05 2.33226473937975e-05 2.35655897995457e-05 2.36421710724244e-05 2.36632986343466e-05 2.36844261962688e-05
1.55308734974824e-05 1.55402958625928e-05 1.55497182277031e-05 1.55591405928135e-05 1.55685647769133e-05 1.55779871420236e-05 1.5587409507134e-05 1.55968318722444e-05 1.58683160407236e-05 1.62271535373293e-05 1.65859928529244e-05 1.69448303495301e-05 1.73036678461358e-05 1.76625071617309e-05 1.80213446583366e-05 1.83567390195094e-05 1.86218021553941e-05 1.88868671102682e-05 1.91519302461529e-05 1.9416995201027e-05 1.96820583369117e-05 1.99471214727964e-05 2.02121864276705e-05 2.04241423489293e-05 2.06183958653128e-05 2.08126493816962e-05 2.10069028980797e-05 2.12011564144632e-05 2.13954117498361e-05 2.15896652662195e-05 2.18023797060596e-05 2.20704805542482e-05 2.23385795834474e-05 2.2606680431636e-05 2.28747794608353e-05 2.31428803090239e-05 2.34109793382231e-05 2.36790801864117e-05 2.37470376305282e-05 2.37482800002908e-05 2.37495223700535e-05
1.53636865434237e-05 1.5370913388324e-05 1.53781420522137e-05 1.53853707161034e-05 1.53925975610036e-05 1.53998262248933e-05 1.5407054888783e-05 1.54142817336833e-05 1.56920305016683e-05 1.60599520313554e-05 1.64278735610424e-05 1.67957969097188e-05 1.71637184394058e-05 1.75316399690928e-05 1.78995614987798e-05 1.82434141606791e-05 1.85150529432576e-05 1.87866935448255e-05 1.90583341463935e-05 1.9329972928972e-05 1.96016135305399e-05 1.98732523131184e-05 2.01448929146864e-05 2.0362243958516e-05 2.05614996957593e-05 2.07607554330025e-05 2.09600111702457e-05 2.11592669074889e-05 2.13585226447321e-05 2.15577783819754e-05 2.17771103052655e-05 2.20566689677071e-05 2.23362258111592e-05 2.26157844736008e-05 2.28953431360424e-05 2.31749017984839e-05 2.34544604609255e-05 2.3734019123367e-05 2.37949498114176e-05 2.37830063269939e-05 2.37710628425702e-05
1.51942313095788e-05 1.52018246808439e-05 1.52094189616037e-05 1.52170123328688e-05 1.52246057041339e-05 1.52321999848937e-05 1.52397933561588e-05 1.52473876369186e-05 1.55288325913716e-05 1.59015617100522e-05 1.62742890097434e-05 1.6647018128424e-05 1.70197472471045e-05 1.73924745467957e-05 1.77652036654763e-05 1.81145478563849e-05 1.83937409019563e-05 1.86729357665172e-05 1.89521288120886e-05 1.92313218576601e-05 1.95105149032315e-05 1.9789707948803e-05 2.00689028133638e-05 2.02968167286599e-05 2.05076376005309e-05 2.07184584724018e-05 2.09292811632622e-05 2.11401020351332e-05 2.13509229070041e-05 2.15617455978645e-05 2.17891902138945e-05 2.20665060624015e-05 2.23438219109084e-05 2.26211395784048e-05 2.28984554269118e-05 2.31757712754188e-05 2.34530889429152e-05 2.37304047914222e-05 2.37859112530714e-05 2.37674794334453e-05 2.37490476138191e-05
1.50247760757338e-05 1.5032735063869e-05 1.5040694961499e-05 1.50486548591289e-05 1.50566138472641e-05 1.5064573744894e-05 1.50725336425239e-05 1.50804926306591e-05 1.53656346810749e-05 1.57431695697596e-05 1.61207044584444e-05 1.64982393471291e-05 1.68757742358139e-05 1.7253310943488e-05 1.76308458321728e-05 1.79856833710801e-05 1.82724306796445e-05 1.85591761692194e-05 1.88459234777838e-05 1.91326707863482e-05 1.94194180949125e-05 1.97061654034769e-05 1.99929108930519e-05 2.02313894988038e-05 2.04537755053025e-05 2.06761633307906e-05 2.08985493372893e-05 2.11209371627774e-05 2.13433231692761e-05 2.15657109947642e-05 2.18012701225234e-05 2.20763449760852e-05 2.23514198296471e-05 2.26264928642195e-05 2.29015677177813e-05 2.31766425713431e-05 2.34517174249049e-05 2.37267922784667e-05 2.37768708757358e-05 2.37519507209072e-05 2.37270305660786e-05
1.48553208418889e-05 1.48636463563889e-05 1.4871971870889e-05 1.48802964758943e-05 1.48886219903943e-05 1.48969475048943e-05 1.49052730193944e-05 1.49135985338944e-05 1.52024358612834e-05 1.55847774294671e-05 1.59671199071454e-05 1.63494623848237e-05 1.67318030435126e-05 1.7114145521191e-05 1.74964861798799e-05 1.78568188857753e-05 1.81511186383432e-05 1.84454183909111e-05 1.87397199624684e-05 1.90340197150363e-05 1.93283194676042e-05 1.96226210391615e-05 1.99169207917294e-05 2.01659604499582e-05 2.03999134100741e-05 2.06338663701899e-05 2.08678193303058e-05 2.11017722904216e-05 2.13357252505375e-05 2.1569676391664e-05 2.18133500311524e-05 2.20861820707796e-05 2.23590159293963e-05 2.26318479690235e-05 2.29046800086508e-05 2.31775138672674e-05 2.34503459068947e-05 2.37231779465219e-05 2.37678304984001e-05 2.37364238273585e-05 2.37050153373275e-05
1.4685865608044e-05 1.46945567394141e-05 1.47032478707843e-05 1.47119390021544e-05 1.47206301335245e-05 1.47293212648947e-05 1.47380133057595e-05 1.47467044371297e-05 1.50392379509867e-05 1.54263871081639e-05 1.58135353558464e-05 1.62006836035289e-05 1.65878318512114e-05 1.69749800988939e-05 1.73621283465764e-05 1.77279525814811e-05 1.80298065970419e-05 1.83316606126027e-05 1.86335146281635e-05 1.89353686437244e-05 1.92372226592852e-05 1.9539076674846e-05 1.98409306904068e-05 2.01005332201021e-05 2.03460513148457e-05 2.05915694095893e-05 2.08370875043329e-05 2.10826055990765e-05 2.13281255128095e-05 2.15736436075531e-05 2.18254299397813e-05 2.20960209844634e-05 2.23666120291455e-05 2.26372030738275e-05 2.29077922995202e-05 2.31783833442023e-05 2.34489743888844e-05 2.37195654335665e-05 2.37587919400539e-05 2.37208951148205e-05 2.3682998289587e-05
1.4516410374199e-05 1.45254671224393e-05 1.45345247801743e-05 1.45435815284145e-05 1.45526382766548e-05 1.45616959343897e-05 1.457075268263e-05 1.45798094308702e-05 1.487604004069e-05 1.52679949678713e-05 1.56599508045474e-05 1.60519048222341e-05 1.64438606589101e-05 1.68358146765968e-05 1.72277705132728e-05 1.75990880961763e-05 1.79084945557406e-05 1.82179028342944e-05 1.85273092938587e-05 1.88367175724125e-05 1.91461240319768e-05 1.94555323105305e-05 1.97649387700949e-05 2.00351041712565e-05 2.02921892196173e-05 2.05492724489886e-05 2.08063574973494e-05 2.10634407267207e-05 2.13205257750815e-05 2.15776090044528e-05 2.18375098484103e-05 2.21058580791578e-05 2.23742081288947e-05 2.26425563596422e-05 2.29109064093791e-05 2.31792546401266e-05 2.34476028708741e-05 2.3715952920611e-05 2.37497515627183e-05 2.37053664022824e-05 2.36609830608359e-05
1.43869237945182e-05 1.43954275699798e-05 1.44039313454414e-05 1.44124360303977e-05 1.44209398058592e-05 1.44294435813208e-05 1.44379482662771e-05 1.44464520417387e-05 1.47466280395747e-05 1.51440272020409e-05 1.55414272740018e-05 1.59388273459626e-05 1.63362255989341e-05 1.6733625670895e-05 1.71310257428559e-05 1.7509770259494e-05 1.78325517481426e-05 1.81553350557806e-05 1.84781165444292e-05 1.88008980330778e-05 1.91236795217264e-05 1.94464628293645e-05 1.97692443180131e-05 2.0052257241332e-05 2.03220151888672e-05 2.05917731364025e-05 2.08615292649483e-05 2.11312872124836e-05 2.14010451600188e-05 2.16708031075541e-05 2.19378871406661e-05 2.21969567064662e-05 2.24560262722662e-05 2.27150958380662e-05 2.29741654038662e-05 2.32332331506768e-05 2.34923027164768e-05 2.37513722822769e-05 2.37781350733712e-05 2.37274616665673e-05 2.36767900787527e-05
1.42974049595068e-05 1.43044371725409e-05 1.4311469385575e-05 1.43185015986091e-05 1.43255338116433e-05 1.43325669341721e-05 1.43395991472062e-05 1.43466313602403e-05 1.46510010381462e-05 1.50544829011778e-05 1.54579647642095e-05 1.58614475367358e-05 1.62649303092621e-05 1.66684112627991e-05 1.70718940353254e-05 1.74600008904235e-05 1.78019781742478e-05 1.8143955458072e-05 1.84859327418962e-05 1.88279100257205e-05 1.91698873095447e-05 1.95118664123584e-05 1.98538436961826e-05 2.0151990611339e-05 2.04355292225955e-05 2.0719067833852e-05 2.10026064451085e-05 2.12861450563651e-05 2.15696836676216e-05 2.18532222788781e-05 2.21265636355383e-05 2.23693150473991e-05 2.261206645926e-05 2.28548178711208e-05 2.3097571101971e-05 2.33403225138318e-05 2.35830739256926e-05 2.38258253375534e-05 2.38439424720127e-05 2.37871809076751e-05 2.37304193433374e-05
1.42078861244954e-05 1.42134467751021e-05 1.42190074257087e-05 1.42245680763153e-05 1.4230128726922e-05 1.42356893775286e-05 1.42412500281353e-05 1.42468097692472e-05 1.45553740367177e-05 1.49649386003148e-05 1.53745040734066e-05 1.57840695464984e-05 1.61936332006007e-05 1.66031986736925e-05 1.70127641467843e-05 1.74102315213531e-05 1.7771404600353e-05 1.81325776793528e-05 1.84937507583527e-05 1.88549238373525e-05 1.92160969163524e-05 1.95772699953523e-05 1.99384430743521e-05 2.02517258003354e-05 2.05490450753132e-05 2.0846364350291e-05 2.11436836252687e-05 2.14410029002465e-05 2.17383221752243e-05 2.20356414502021e-05 2.23152401304105e-05 2.25416733883321e-05 2.27681084652431e-05 2.29945417231647e-05 2.32209768000757e-05 2.34474100579973e-05 2.36738433159189e-05 2.39002783928299e-05 2.39097480516648e-05 2.38468983297935e-05 2.37840486079222e-05
1.41183681989787e-05 1.41224572871579e-05 1.41265454658424e-05 1.41306345540215e-05 1.4134722732706e-05 1.41388118208852e-05 1.41429009090643e-05 1.41469890877488e-05 1.44597470352892e-05 1.48753952089464e-05 1.52910415636143e-05 1.57066897372715e-05 1.61223379109288e-05 1.6537986084586e-05 1.69536324392539e-05 1.73604603332933e-05 1.77408292074688e-05 1.81211980816443e-05 1.85015669558197e-05 1.88819358299952e-05 1.92623047041707e-05 1.96426735783461e-05 2.00230424525216e-05 2.03514591703424e-05 2.06625591090415e-05 2.09736590477405e-05 2.1284760805429e-05 2.1595860744128e-05 2.1906960682827e-05 2.22180606215261e-05 2.25039148062933e-05 2.27140317292651e-05 2.29241486522369e-05 2.31342655752087e-05 2.33443824981805e-05 2.35544976021629e-05 2.37646145251347e-05 2.39747314481065e-05 2.39755554503063e-05 2.39066157519119e-05 2.38376760535175e-05
1.40288493639673e-05 1.4031466889719e-05 1.4034083505976e-05 1.4036700122233e-05 1.40393176479847e-05 1.40419342642417e-05 1.40445517899934e-05 1.40471684062504e-05 1.43641200338607e-05 1.47858509080834e-05 1.52075808728114e-05 1.56293117470341e-05 1.60510408022674e-05 1.64727716764901e-05 1.68945025507128e-05 1.73106909642229e-05 1.7710255633574e-05 1.81098203029251e-05 1.85093831532868e-05 1.89089478226379e-05 1.9308512491989e-05 1.970807716134e-05 2.01076418306911e-05 2.04511925403494e-05 2.07760749617592e-05 2.11009555641795e-05 2.14258361665998e-05 2.17507185880095e-05 2.20755991904298e-05 2.24004797928501e-05 2.26925913011655e-05 2.28863900701981e-05 2.30801888392307e-05 2.32739876082633e-05 2.34677881962853e-05 2.36615869653178e-05 2.38553857343504e-05 2.4049184503383e-05 2.40413628489478e-05 2.39663349930197e-05 2.38913053181022e-05
1.39393314384506e-05 1.39404764922801e-05 1.39416215461097e-05 1.39427665999392e-05 1.39439116537687e-05 1.39450567075983e-05 1.39462026709225e-05 1.3947347724752e-05 1.42684930324322e-05 1.46963066072203e-05 1.51241192725138e-05 1.55519319378072e-05 1.59797455125954e-05 1.64075590873836e-05 1.68353708431823e-05 1.72609215951525e-05 1.76796802406898e-05 1.80984407052165e-05 1.85172011697432e-05 1.89359598152805e-05 1.93547202798072e-05 1.97734807443339e-05 2.01922393898712e-05 2.05509277293459e-05 2.08895889954874e-05 2.12282520806184e-05 2.156691334676e-05 2.1905576431891e-05 2.22442376980325e-05 2.25829007831635e-05 2.28812677960377e-05 2.30587484111311e-05 2.32362308452139e-05 2.34137114603072e-05 2.359119389439e-05 2.37686745094834e-05 2.39461551245768e-05 2.41236375586595e-05 2.41071702475892e-05 2.40260524151381e-05 2.3944934582687e-05
