data/working_set_collections/6091692-Cassins_Sparrow-M2/1985/evland_avg.asc
NCOLS 265 
NROWS 230 
XLLCORNER -115.5625 
YLLCORNER 24.8333333333333 
CELLSIZE 0.0833333333333333 
NODATA_value -9999 
[rows 90 to 107 of 230, columns 41 to 81 of 265]
9.08056063053664e-06 8.7888565758476e-06 8.49715252115857e-06 8.24473590910202e-06 8.11017889645882e-06 7.97562279331032e-06 7.84106578066712e-06 7.70650967751862e-06 7.57195311962278e-06 7.43739656172693e-06 7.30284000383108e-06 7.22132335795322e-06 7.15748592483578e-06 7.09364894646569e-06 7.0298119680956e-06 6.96597453497816e-06 6.90213755660807e-06 6.83830057823798e-06 6.83389134792378e-06 7.00776672601933e-06 7.18164255886222e-06 7.35551793695777e-06 7.52939331505331e-06 7.70326914789621e-06 7.87714452599175e-06 8.0510199040873e-06 8.15232397144428e-06 8.2294382082182e-06 8.30655244499212e-06 8.38366668176604e-06 8.46078091853997e-06 8.53789515531389e-06 8.61500939208781e-06 8.7152902779053e-06 8.88507202034816e-06 9.05485376279103e-06 9.22463459573919e-06 9.39441633818205e-06 9.56419808062492e-06 9.73397891357308e-06 9.90376065601595e-06
9.24793494050391e-06 8.96764322533272e-06 8.68735151016153e-06 8.43953421281185e-06 8.28914016892668e-06 8.1387452155468e-06 7.98835117166163e-06 7.83795712777646e-06 7.68756217439659e-06 7.53716813051142e-06 7.3867736318789e-06 7.30918191038654e-06 7.25585778127424e-06 7.2025341069093e-06 7.149209977797e-06 7.0958858486847e-06 7.04256217431976e-06 6.98923804520746e-06 6.99030033501913e-06 7.15452233635006e-06 7.31874433768098e-06 7.48296633901191e-06 7.64718788559549e-06 7.81140988692641e-06 7.97563188825734e-06 8.13985388958827e-06 8.2451879279688e-06 8.33089325169567e-06 8.41659766592784e-06 8.50230298965471e-06 8.58800740388688e-06 8.67371272761375e-06 8.75941805134062e-06 8.86233738128794e-06 9.01690236787545e-06 9.17146644496825e-06 9.32603052206105e-06 9.48059550864855e-06 9.63515958574135e-06 9.78972457232885e-06 9.94428864942165e-06
9.41531015996588e-06 9.14643078431254e-06 8.8775504991645e-06 8.63433251652168e-06 8.46810053189984e-06 8.30186854727799e-06 8.13563565316144e-06 7.9694036685396e-06 7.80317168391775e-06 7.63693878980121e-06 7.47070680517936e-06 7.39704046281986e-06 7.35422963771271e-06 7.31141881260555e-06 7.2686079874984e-06 7.22579716239125e-06 7.18298633728409e-06 7.14017551217694e-06 7.14670977686183e-06 7.30127794668078e-06 7.45584611649974e-06 7.61041474106605e-06 7.76498291088501e-06 7.91955153545132e-06 8.07412016001763e-06 8.22868787508924e-06 8.33805188449332e-06 8.43234738567844e-06 8.52664288686356e-06 8.62093838804867e-06 8.71523479872849e-06 8.8095302999136e-06 8.90382580109872e-06 9.00938448467059e-06 9.14873180590803e-06 9.28807912714547e-06 9.4274264483829e-06 9.56677467911504e-06 9.70612200035248e-06 9.84546932158992e-06 9.98481664282735e-06
9.58268537942786e-06 9.32521743379766e-06 9.06775039766217e-06 8.82913172972621e-06 8.6470618043677e-06 8.46499096951447e-06 8.28292104415596e-06 8.10085111879744e-06 7.91878028394422e-06 7.7367103585857e-06 7.55463997847983e-06 7.48489947000053e-06 7.45260149415117e-06 7.42030397304916e-06 7.38800645194715e-06 7.35570847609779e-06 7.32341095499578e-06 7.29111343389377e-06 7.30311876395717e-06 7.44803355701151e-06 7.59294835006585e-06 7.73786268837284e-06 7.88277793617453e-06 8.02769227448152e-06 8.17260752228322e-06 8.3175218605902e-06 8.43091584101785e-06 8.53380242915591e-06 8.63668810779927e-06 8.73957469593734e-06 8.8424612840754e-06 8.94534696271876e-06 9.04823355085682e-06 9.15643067855854e-06 9.28056124394061e-06 9.40469180932269e-06 9.52882237470476e-06 9.65295294008683e-06 9.77708350546891e-06 9.90121407085098e-06 1.00253446362331e-05
9.75006059888983e-06 9.50400499277748e-06 9.25794938666513e-06 9.02393003343605e-06 8.82602216734085e-06 8.62811430124566e-06 8.43020552565577e-06 8.23229765956057e-06 8.03438979346538e-06 7.83648192737019e-06 7.63857315178029e-06 7.57275802243385e-06 7.55097335058963e-06 7.52918913349276e-06 7.50740446164855e-06 7.48561978980433e-06 7.46383557270747e-06 7.44205090086325e-06 7.45952775105252e-06 7.59478916734224e-06 7.73005012888461e-06 7.86531109042699e-06 8.00057296146406e-06 8.13583392300643e-06 8.2710948845488e-06 8.40635675558588e-06 8.52377979754237e-06 8.63525656313868e-06 8.74673332873499e-06 8.858211003826e-06 8.96968776942231e-06 9.08116453501862e-06 9.19264221010963e-06 9.30347778194118e-06 9.4123915914679e-06 9.52130540099461e-06 9.63021830102662e-06 9.73913211055333e-06 9.84804592008004e-06 9.95695972960675e-06 1.00658735391335e-05
9.9174358183518e-06 9.6827925517573e-06 9.4481483756681e-06 9.21872924664058e-06 9.00498253031401e-06 8.79123672348214e-06 8.57749091665028e-06 8.36374510981841e-06 8.14999839349184e-06 7.93625258665998e-06 7.72250677982811e-06 7.66061657486716e-06 7.64934520702809e-06 7.63807383918902e-06 7.62680247134995e-06 7.61553110351088e-06 7.6042597356718e-06 7.59298836783273e-06 7.61593673814787e-06 7.74154432292562e-06 7.86715190770337e-06 7.99275949248113e-06 8.11836798675358e-06 8.24397557153134e-06 8.36958315630909e-06 8.49519074108684e-06 8.6166437540669e-06 8.73671069712145e-06 8.85677854967071e-06 8.97684640221996e-06 9.09691425476922e-06 9.21698210731847e-06 9.33704995986773e-06 9.45052488532383e-06 9.54422102950048e-06 9.63791808317183e-06 9.73161513684317e-06 9.82531128101982e-06 9.91900833469117e-06 1.00127044788678e-05 1.01064015325392e-05
1.0254670996801e-05 1.00493771242327e-05 9.84408325166442e-06 9.63649381446885e-06 9.42201859288616e-06 9.20754246180877e-06 8.99306724022608e-06 8.77859110914869e-06 8.564115887566e-06 8.34964066598332e-06 8.13516453490593e-06 8.05403124104487e-06 8.01734495325945e-06 7.98065866547404e-06 7.94397328718333e-06 7.90728699939791e-06 7.8706007116125e-06 7.83391442382708e-06 7.8330513133551e-06 7.93965591583401e-06 8.04626051831292e-06 8.15286512079183e-06 8.25947063276544e-06 8.36607523524435e-06 8.47267983772326e-06 8.57928444020217e-06 8.69949963089311e-06 8.8242513811565e-06 8.94900222192518e-06 9.07375397218857e-06 9.19850572245196e-06 9.32325747271534e-06 9.44800922297873e-06 9.56343410507543e-06 9.65087929216679e-06 9.73832447925815e-06 9.82577057584422e-06 9.91321576293558e-06 1.00006609500269e-05 1.00881061371183e-05 1.01755522337044e-05
1.07617652247427e-05 1.06037596196984e-05 1.04457540146541e-05 1.02772255559103e-05 1.00771285360679e-05 9.87703151622554e-06 9.67693449638318e-06 9.47683747654082e-06 9.27674136619316e-06 9.0766443463508e-06 8.87654732650844e-06 8.75300156621961e-06 8.65497258928372e-06 8.55694361234782e-06 8.45891554490663e-06 8.36088656797074e-06 8.26285759103484e-06 8.16482952359365e-06 8.11087102192687e-06 8.18912303657271e-06 8.26737596071325e-06 8.34562797535909e-06 8.42388089949964e-06 8.50213291414548e-06 8.58038583828602e-06 8.65863785293186e-06 8.77234742802102e-06 8.89787588675972e-06 9.02340525499312e-06 9.14893371373182e-06 9.27446217247052e-06 9.39999063120922e-06 9.52551908994792e-06 9.64220544119598e-06 9.73236546997214e-06 9.82252549874829e-06 9.91268552752445e-06 1.00028455563006e-05 1.00930046755821e-05 1.01831647043582e-05 1.02733247331344e-05
1.12688594526844e-05 1.11581421151641e-05 1.10474247776438e-05 1.09179572973517e-05 1.07322393887443e-05 1.05465205706423e-05 1.0360802662035e-05 1.0175083843933e-05 9.98936593532562e-06 9.80364802671829e-06 9.61792920861626e-06 9.45197189139435e-06 9.29260022530798e-06 9.13322855922161e-06 8.97385780262994e-06 8.81448613654356e-06 8.65511537995189e-06 8.49574371386552e-06 8.38869073049864e-06 8.43859106680611e-06 8.48849049361888e-06 8.53839082992636e-06 8.58829116623383e-06 8.6381915025413e-06 8.68809183884878e-06 8.73799217515625e-06 8.84519613464363e-06 8.97150130185764e-06 9.09780737856636e-06 9.22411254578037e-06 9.35041862248909e-06 9.4767237897031e-06 9.60302986641182e-06 9.72097768681124e-06 9.81385164777748e-06 9.90672560874373e-06 9.99960047920467e-06 1.00924744401709e-05 1.01853493106319e-05 1.02782232715981e-05 1.03710981420591e-05
1.17759536806261e-05 1.17125246106298e-05 1.16490955406334e-05 1.15586890387931e-05 1.13873493319261e-05 1.12160096250591e-05 1.10446699181921e-05 1.08733302113251e-05 1.07019914139528e-05 1.05306517070858e-05 1.03593120002188e-05 1.01509413070744e-05 9.93022786133224e-06 9.70951441559009e-06 9.48880006035324e-06 9.26808661461109e-06 9.04737225937424e-06 8.82665881363209e-06 8.66651043907041e-06 8.68805818754481e-06 8.70960593601922e-06 8.73115368449362e-06 8.75270143296802e-06 8.77425009093713e-06 8.79579783941153e-06 8.81734558788594e-06 8.91804393177154e-06 9.04512671695556e-06 9.1722095021396e-06 9.29929228732362e-06 9.42637507250765e-06 9.55345694819698e-06 9.68053973338101e-06 9.79974902293179e-06 9.89533782558283e-06 9.99092662823386e-06 1.00865154308849e-05 1.01821042335359e-05 1.0277693036187e-05 1.0373281838838e-05 1.0468870641489e-05
1.22830479085678e-05 1.22669071060955e-05 1.22507663036231e-05 1.21994207802345e-05 1.20424592751078e-05 1.18854986794759e-05 1.17285380838439e-05 1.15715765787172e-05 1.14146159830852e-05 1.12576553874533e-05 1.11006947918213e-05 1.08499116322491e-05 1.05678554973565e-05 1.02857993624639e-05 1.00037423180765e-05 9.72168618318392e-06 9.43963004829129e-06 9.15757300390396e-06 8.94433014764218e-06 8.93752530828351e-06 8.93072137841955e-06 8.92391653906088e-06 8.91711260919692e-06 8.91030776983825e-06 8.90350383997429e-06 8.89669900061563e-06 8.99089263839414e-06 9.11875213205349e-06 9.24661162571283e-06 9.37447111937217e-06 9.50233061303152e-06 9.63019010669086e-06 9.7580496003502e-06 9.87852035905235e-06 9.97682400338817e-06 1.00751267382293e-05 1.01734303825651e-05 1.0271734026901e-05 1.03700367617421e-05 1.04683404060779e-05 1.05666440504137e-05
1.27901421365095e-05 1.28212896015611e-05 1.28524370666128e-05 1.28401525216759e-05 1.26975701277843e-05 1.25549877338926e-05 1.2412405340001e-05 1.22698229461093e-05 1.21272414617124e-05 1.19846590678208e-05 1.18420766739291e-05 1.15488819574239e-05 1.12054831333808e-05 1.08620843093377e-05 1.05186845757999e-05 1.01752857517567e-05 9.83188692771364e-06 9.48848810367053e-06 9.22214985621395e-06 9.18699242902221e-06 9.15183591132518e-06 9.11667939362815e-06 9.08152287593111e-06 9.04636635823408e-06 9.01120984053705e-06 8.97605241334531e-06 9.06374134501675e-06 9.19237754715141e-06 9.32101374928607e-06 9.44965086091543e-06 9.57828706305008e-06 9.70692417467944e-06 9.8355603768141e-06 9.9572916951729e-06 1.00583101811935e-05 1.01593277577194e-05 1.02603453342454e-05 1.03613629107713e-05 1.04623813967919e-05 1.05633989733178e-05 1.06644165498437e-05
1.32105487864465e-05 1.32793156808475e-05 1.33480816657539e-05 1.33720795929548e-05 1.32617678900715e-05 1.31514570966829e-05 1.30411453937995e-05 1.29308346004109e-05 1.28205228975276e-05 1.27102121041389e-05 1.25999004012556e-05 1.22812289191643e-05 1.18931029646774e-05 1.15049770101905e-05 1.11168519651983e-05 1.07287260107114e-05 1.03406009657192e-05 9.95247501123231e-06 9.64455284702126e-06 9.57723932515364e-06 9.50992489379132e-06 9.4426113719237e-06 9.37529785005609e-06 9.30798432818847e-06 9.24067080632085e-06 9.17335728445323e-06 9.24824325920781e-06 9.37053027882939e-06 9.49281638895627e-06 9.61510249908315e-06 9.73738951870473e-06 9.85967562883161e-06 9.98196173895849e-06 1.00977676993352e-05 1.01941323009669e-05 1.02904969025985e-05 1.03868615042302e-05 1.04832261058618e-05 1.05795907074935e-05 1.06759553091251e-05 1.07723199107568e-05
1.35442669488839e-05 1.36409835249651e-05 1.37377010105411e-05 1.37952019940712e-05 1.37350534714642e-05 1.36749058583518e-05 1.36147573357448e-05 1.35546097226324e-05 1.34944612000254e-05 1.3434313586913e-05 1.3374165064306e-05 1.30469516079756e-05 1.26307149912464e-05 1.22144792840118e-05 1.17982435767772e-05 1.13820069600479e-05 1.09657712528133e-05 1.0549534636084e-05 1.02115391200641e-05 1.01082641776884e-05 1.0004988325818e-05 9.90171338344226e-06 9.79843844106654e-06 9.69516258919612e-06 9.5918876468204e-06 9.48861270444468e-06 9.54440019995673e-06 9.65320941759273e-06 9.76201863522874e-06 9.87082785286475e-06 9.97963707050076e-06 1.00884462881368e-05 1.01972555057728e-05 1.02999483715394e-05 1.03842921816977e-05 1.0468635991856e-05 1.05529798020143e-05 1.06373236121726e-05 1.07216665128362e-05 1.08060103229946e-05 1.08903541331529e-05
1.38779842018266e-05 1.40026522785774e-05 1.41273203553283e-05 1.42183243951877e-05 1.42083399623516e-05 1.41983546200208e-05 1.41883701871848e-05 1.4178384844854e-05 1.41684004120179e-05 1.41584150696872e-05 1.41484306368511e-05 1.3812674296787e-05 1.336832792731e-05 1.29239806483383e-05 1.24796342788613e-05 1.20352879093844e-05 1.15909415399074e-05 1.11465951704304e-05 1.0778525393107e-05 1.06392890302232e-05 1.05000517578446e-05 1.03608153949608e-05 1.02215781225823e-05 1.00823417596985e-05 9.94310448731994e-06 9.80386812443612e-06 9.84055805020034e-06 9.93588946585078e-06 1.00312217909959e-05 1.01265532066463e-05 1.02218855317915e-05 1.03172169474419e-05 1.04125492725871e-05 1.05021290437435e-05 1.05744520624285e-05 1.06467741716187e-05 1.07190971903037e-05 1.07914202089887e-05 1.0863742318179e-05 1.0936065336864e-05 1.1008388355549e-05
1.42117023642641e-05 1.43643210321898e-05 1.45169387906208e-05 1.46414467963041e-05 1.46816255437443e-05 1.47218033816898e-05 1.476198212913e-05 1.48021599670756e-05 1.48423387145158e-05 1.48825165524613e-05 1.49226952999015e-05 1.45783969855984e-05 1.4105939953879e-05 1.36334829221596e-05 1.31610258904402e-05 1.26885688587208e-05 1.22161118270014e-05 1.17436547952821e-05 1.13455116661498e-05 1.11703138827579e-05 1.09951151898713e-05 1.08199164969847e-05 1.06447187135927e-05 1.04695200207061e-05 1.02943213278195e-05 1.01191235444276e-05 1.01367149909493e-05 1.02185695141088e-05 1.03004240372684e-05 1.03822785604279e-05 1.04641330835875e-05 1.05459885162418e-05 1.06278430394013e-05 1.07043097159476e-05 1.07646110336646e-05 1.08249132608762e-05 1.08852145785931e-05 1.09455168058048e-05 1.10058181235217e-05 1.10661203507334e-05 1.1126422577945e-05
1.45454205267015e-05 1.47259888763074e-05 1.4906558135408e-05 1.50645701069152e-05 1.5154911125137e-05 1.52452530528535e-05 1.53355940710753e-05 1.54259359987918e-05 1.55162779265083e-05 1.56066180352354e-05 1.5696959962952e-05 1.53441196744097e-05 1.4843551980448e-05 1.43429842864862e-05 1.38424175020191e-05 1.33418498080573e-05 1.28412821140955e-05 1.23407144201337e-05 1.19124988486874e-05 1.17013387352927e-05 1.14901786218979e-05 1.12790185085032e-05 1.10678583951085e-05 1.08566982817138e-05 1.0645538168319e-05 1.04343780549243e-05 1.04328719316982e-05 1.05012486528722e-05 1.05696262835409e-05 1.06380039142095e-05 1.07063815448782e-05 1.07747591755469e-05 1.08431368062156e-05 1.0906489478657e-05 1.09547709143953e-05 1.1003051440639e-05 1.10513328763773e-05 1.10996134026209e-05 1.11478948383592e-05 1.11961753646028e-05 1.12444558908464e-05
1.48791386891389e-05 1.50876576299197e-05 1.52961765707005e-05 1.54876925080316e-05 1.56281967065297e-05 1.57687009050278e-05 1.59092069225153e-05 1.60497111210134e-05 1.61902153195115e-05 1.63307195180096e-05 1.64712255354971e-05 1.61098432727158e-05 1.55811649165116e-05 1.50524865603074e-05 1.45238082041033e-05 1.39951298478991e-05 1.34664524011896e-05 1.29377740449854e-05 1.24794851217302e-05 1.22323635878274e-05 1.19852420539246e-05 1.17381205200218e-05 1.14909989861189e-05 1.12438774522161e-05 1.09967550088186e-05 1.07496334749158e-05 1.07290288724471e-05 1.07839287011302e-05 1.0838829439308e-05 1.08937292679911e-05 1.09486290966743e-05 1.10035298348521e-05 1.10584296635352e-05 1.11086701508611e-05 1.11449298856314e-05 1.11811905298964e-05 1.12174502646667e-05 1.1253709999437e-05 1.1289970643702e-05 1.13262303784722e-05 1.13624901132425e-05
