data/working_set_collections/6091692-Cassins_Sparrow-M2/1985/evpintr_avg.asc
NCOLS 265 
NROWS 230 
XLLCORNER -115.5625 
YLLCORNER 24.8333333333333 
CELLSIZE 0.0833333333333333 
NODATA_value -9999 
[rows 120 to 139 of 230, columns 184 to 229 of 265]
3.36435651779175 3.38686490058899 3.40937304496765 3.44013428688049 3.47364664077759 3.50715899467468 3.54067134857178 3.57418370246887 3.60769581794739 3.64120817184448 3.68132185935974 3.74123907089233 3.80115652084351 3.86107397079468 3.92099118232727 3.98090863227844 4.04082584381104 4.10074329376221 4.1524395942688 4.2013955116272 4.2503514289856 4.29930734634399 4.34826326370239 4.39721870422363 4.44617462158203 4.50026178359985 4.56974267959595 4.63922309875488 4.70870351791382 4.77818441390991 4.84766483306885 4.91714572906494 4.98662614822388 5.05840921401978 5.13095951080322 5.20350980758667 5.27605962753296 5.34860992431641 5.42116022109985 5.4937105178833 5.57889223098755 5.70196914672852 5.82504606246948 5.94812297821045 6.07119989395142 6.19427680969238
3.35453939437866 3.37670683860779 3.39887428283691 3.42918658256531 3.46221375465393 3.49524092674255 3.5282678604126 3.56129503250122 3.59432220458984 3.62734937667847 3.66756129264832 3.72932839393616 3.79109525680542 3.85286235809326 3.91462922096252 3.97639608383179 4.03816318511963 4.09993028640747 4.15211868286133 4.20111465454102 4.2501106262207 4.29910659790039 4.34810256958008 4.39709854125977 4.44609451293945 4.50026893615723 4.56997919082642 4.63968944549561 4.7093997001648 4.77910995483398 4.84882020950317 4.91853046417236 4.98824071884155 5.05814981460571 5.12812519073486 5.19810056686401 5.26807546615601 5.33805084228516 5.40802621841431 5.4780011177063 5.55835437774658 5.66984033584595 5.78132629394531 5.89281225204468 6.0042986869812 6.11578464508057
3.344722032547 3.36654877662659 3.38837575912476 3.41823887825012 3.45078063011169 3.48332262039185 3.515864610672 3.54840660095215 3.58094835281372 3.61349034309387 3.65380096435547 3.7174174785614 3.78103399276733 3.84465074539185 3.90826725959778 3.97188377380371 4.03550004959106 4.09911680221558 4.15179777145386 4.20083379745483 4.24986982345581 4.29890584945679 4.34794187545776 4.39697790145874 4.44601392745972 4.5002760887146 4.57021570205688 4.64015579223633 4.71009588241577 4.78003549575806 4.8499755859375 4.91991567611694 4.98985576629639 5.05789089202881 5.1252908706665 5.19269132614136 5.26009130477905 5.32749176025391 5.3948917388916 5.46229219436646 5.53781604766846 5.63771104812622 5.73760652542114 5.83750200271606 5.93739700317383 6.03729248046875
3.33490467071533 3.35639071464539 3.37787699699402 3.40729093551636 3.43934774398804 3.47140455245972 3.5034613609314 3.5355179309845 3.56757473945618 3.59963154792786 3.64004063606262 3.70550680160522 3.77097296714783 3.83643889427185 3.90190505981445 3.96737122535706 4.03283739089966 4.09830331802368 4.15147733688354 4.20055294036865 4.24962902069092 4.29870510101318 4.34778118133545 4.39685726165771 4.44593334197998 4.50028276443481 4.57045269012451 4.64062213897705 4.71079158782959 4.78096151351929 4.85113096237183 4.92130041122437 4.99147033691406 5.05763149261475 5.12245655059814 5.1872820854187 5.2521071434021 5.3169322013855 5.38175773620605 5.44658279418945 5.51727771759033 5.60558223724365 5.69388675689697 5.78219127655029 5.87049579620361 5.95879983901978
3.32508754730225 3.34623289108276 3.36737823486328 3.39634323120117 3.42791485786438 3.45948624610901 3.49105787277222 3.52262949943542 3.55420112609863 3.58577251434326 3.62628030776978 3.69359588623047 3.76091170310974 3.82822728157043 3.89554309844971 3.96285891532898 4.03017473220825 4.09749031066895 4.15115642547607 4.20027256011963 4.24938869476318 4.29850482940674 4.34762096405029 4.39673709869385 4.4458532333374 4.50028991699219 4.57068920135498 4.64108848571777 4.71148777008057 4.78188705444336 4.85228633880615 4.92268562316895 4.99308490753174 5.05737209320068 5.11962223052979 5.18187284469604 5.24412298202515 5.30637311935425 5.36862325668335 5.43087339401245 5.49673938751221 5.57345294952393 5.6501669883728 5.72688055038452 5.80359411239624 5.88030767440796
3.31527018547058 3.33607482910156 3.35687947273254 3.38539528846741 3.41648173332214 3.44756817817688 3.47865462303162 3.50974082946777 3.54082727432251 3.57191371917725 3.61251974105835 3.68168520927429 3.75085043907166 3.82001566886902 3.88918113708496 3.95834636688232 4.02751159667969 4.09667682647705 4.1508355140686 4.19999170303345 4.24914789199829 4.29830408096313 4.34746026992798 4.39661645889282 4.44577264785767 4.50029706954956 4.57092571258545 4.6415548324585 4.71218347549438 4.78281259536743 4.85344171524048 4.92407035827637 4.99469947814941 5.05711317062378 5.11678838729858 5.17646360397339 5.23613882064819 5.295814037323 5.35548877716064 5.41516399383545 5.47620153427124 5.54132413864136 5.60644721984863 5.67156982421875 5.73669290542603 5.80181550979614
3.31085515022278 3.33263325691223 3.35441112518311 3.38400101661682 3.41619443893433 3.44838809967041 3.48058176040649 3.51277542114258 3.54496884346008 3.57716250419617 3.61893105506897 3.68942499160767 3.75991868972778 3.8304123878479 3.90090608596802 3.97139978408813 4.04189348220825 4.11238718032837 4.16609287261963 4.21420192718506 4.26231145858765 4.31042098999023 4.35853052139282 4.40663957595825 4.45474910736084 4.50820446014404 4.57769775390625 4.6471905708313 4.71668386459351 4.78617715835571 4.85566997528076 4.92516326904297 4.99465656280518 5.05594253540039 5.11449289321899 5.1730432510376 5.23159408569336 5.29014444351196 5.34869480133057 5.40724563598633 5.46592235565186 5.52497863769531 5.58403491973877 5.64309120178223 5.70214748382568 5.76120376586914
3.31184267997742 3.33590817451477 3.35997343063354 3.39215970039368 3.42705297470093 3.46194624900818 3.49683928489685 3.5317325592041 3.56662583351135 3.6015191078186 3.64551424980164 3.71681523323059 3.78811597824097 3.85941696166992 3.93071794509888 4.00201892852783 4.07331991195679 4.14462089538574 4.19692802429199 4.24290370941162 4.28887939453125 4.33485555648804 4.38083124160767 4.4268069267273 4.47278308868408 4.52401304244995 4.59100484848022 4.6579966545105 4.72498846054077 4.79198026657104 4.85897207260132 4.92596387863159 4.99295568466187 5.05386066436768 5.11273670196533 5.17161273956299 5.23048877716064 5.28936529159546 5.34824132919312 5.40711736679077 5.46590280532837 5.52441692352295 5.58293104171753 5.64144515991211 5.69995927810669 5.75847291946411
3.31283020973206 3.33918309211731 3.36553573608398 3.40031862258911 3.43791151046753 3.47550415992737 3.51309704780579 3.5506899356842 3.58828282356262 3.62587547302246 3.67209720611572 3.74420547485352 3.81631350517273 3.88842177391052 3.96052980422974 4.03263807296753 4.10474634170532 4.17685461044312 4.22776317596436 4.27160549163818 4.31544780731201 4.35929012298584 4.40313196182251 4.44697427749634 4.49081659317017 4.5398211479187 4.60431146621704 4.66880226135254 4.73329257965088 4.79778337478638 4.86227369308472 4.92676448822021 4.99125480651855 5.05177879333496 5.11098051071167 5.17018222808838 5.22938394546509 5.2885856628418 5.34778738021851 5.40698909759521 5.46588325500488 5.52385520935059 5.58182668685913 5.63979864120483 5.69777059555054 5.75574207305908
3.31381773948669 3.34245800971985 3.37109804153442 3.40847754478455 3.44876980781555 3.48906230926514 3.52935481071472 3.56964731216431 3.60993957519531 3.6502320766449 3.69868016242981 3.77159571647644 3.84451103210449 3.91742634773254 3.99034190177917 4.06325721740723 4.13617277145386 4.20908784866333 4.25859832763672 4.30030727386475 4.34201574325562 4.38372421264648 4.42543315887451 4.46714162826538 4.50885057449341 4.55562925338745 4.61761856079102 4.67960786819458 4.74159717559814 4.80358648300171 4.86557531356812 4.92756462097168 4.98955392837524 5.04969692230225 5.10922431945801 5.16875171661377 5.22827911376953 5.28780603408813 5.3473334312439 5.40686082839966 5.4658637046814 5.52329349517822 5.58072280883789 5.63815212249756 5.69558191299438 5.75301122665405
3.31480526924133 3.34573268890381 3.37666034698486 3.4166362285614 3.45962834358215 3.5026204586029 3.54561233520508 3.58860445022583 3.63159656524658 3.67458844184875 3.72526335716248 3.79898595809937 3.87270855903625 3.94643115997314 4.02015352249146 4.09387636184692 4.16759920120239 4.2413215637207 4.28943347930908 4.32900857925415 4.36858367919922 4.40815877914429 4.44773387908936 4.48730897903442 4.52688407897949 4.5714373588562 4.63092565536499 4.69041347503662 4.74990129470825 4.80938959121704 4.86887741088867 4.9283652305603 4.98785305023193 5.04761505126953 5.10746812820435 5.167320728302 5.22717380523682 5.28702688217163 5.34687995910645 5.4067325592041 5.46584415435791 5.5227313041687 5.57961893081665 5.63650608062744 5.69339323043823 5.75028038024902
3.31579256057739 3.34900760650635 3.3822226524353 3.42479515075684 3.47048687934875 3.51617860794067 3.56187009811401 3.60756182670593 3.65325331687927 3.69894504547119 3.75184631347656 3.82637619972229 3.90090608596802 3.97543573379517 4.04996585845947 4.12449550628662 4.19902515411377 4.27355527877808 4.32026863098145 4.35771036148071 4.39515209197998 4.43259334564209 4.47003507614136 4.50747632980347 4.54491806030273 4.58724594116211 4.64423227310181 4.70121908187866 4.75820589065552 4.81519222259521 4.87217903137207 4.92916584014893 4.98615264892578 5.04553318023682 5.10571146011353 5.16589021682739 5.22606897354126 5.28624725341797 5.34642601013184 5.4066047668457 5.46582460403442 5.52216958999634 5.57851457595825 5.63485956192017 5.69120454788208 5.74754953384399
3.31891369819641 3.35429382324219 3.38967394828796 3.43456363677979 3.48262286186218 3.53068232536316 3.57874155044556 3.62680101394653 3.67486047744751 3.72291970252991 3.77771162986755 3.85270071029663 3.92768979072571 4.00267887115479 4.07766819000244 4.15265703201294 4.2276463508606 4.30263519287109 4.34813594818115 4.38380718231201 4.41947841644287 4.45514917373657 4.49082040786743 4.52649164199829 4.56216287612915 4.602370262146 4.65618705749512 4.71000337600708 4.7638201713562 4.81763648986816 4.87145328521729 4.92526960372925 4.97908639907837 5.03741931915283 5.0972580909729 5.15709686279297 5.21693515777588 5.27677392959595 5.33661270141602 5.39645147323608 5.45552539825439 5.51230525970459 5.56908512115479 5.62586450576782 5.68264436721802 5.73942422866821
3.32416796684265 3.36159110069275 3.39901423454285 3.44594144821167 3.49603652954102 3.54613184928894 3.59622693061829 3.64632225036621 3.69641757011414 3.74651265144348 3.80285906791687 3.87795948982239 3.9530599117279 4.02816009521484 4.10326051712036 4.17836093902588 4.2534613609314 4.32856178283691 4.37303495407104 4.40729904174805 4.44156265258789 4.47582674026489 4.51009082794189 4.5443549156189 4.5786190032959 4.61681127548218 4.66678905487061 4.71676683425903 4.7667441368103 4.81672191619873 4.86669921875 4.91667699813843 4.96665477752686 5.02327394485474 5.08210706710815 5.14094018936157 5.19977331161499 5.25860691070557 5.31744003295898 5.3762731552124 5.43494606018066 5.4931378364563 5.55132961273193 5.60952091217041 5.66771268844604 5.72590446472168
3.32942223548889 3.36888837814331 3.40835428237915 3.45731925964355 3.50945019721985 3.56158137321472 3.61371231079102 3.66584348678589 3.71797442436218 3.77010560035706 3.82800674438477 3.90321826934814 3.9784300327301 4.05364179611206 4.12885332107544 4.20406484603882 4.2792763710022 4.35448789596558 4.39793348312378 4.43079042434692 4.46364736557007 4.49650430679321 4.52936124801636 4.5622181892395 4.59507513046265 4.63125276565552 4.67739105224609 4.72352981567383 4.76966857910156 4.81580686569214 4.86194562911987 4.90808439254761 4.95422267913818 5.00912857055664 5.06695604324341 5.12478399276733 5.1826114654541 5.24043941497803 5.29826736450195 5.35609483718872 5.41436672210693 5.47397041320801 5.53357410430908 5.59317779541016 5.65278100967407 5.71238470077515
3.33467650413513 3.37618565559387 3.41769456863403 3.46869707107544 3.52286386489868 3.5770308971405 3.63119769096375 3.68536472320557 3.73953151702881 3.79369854927063 3.85315442085266 3.92847728729248 4.00379991531372 4.07912302017212 4.15444612503052 4.22976875305176 4.30509185791016 4.3804144859314 4.42283248901367 4.45428228378296 4.48573207855225 4.51718187332153 4.54863166809082 4.58008146286011 4.61153125762939 4.6456937789917 4.68799304962158 4.73029279708862 4.77259254455566 4.8148922920227 4.85719203948975 4.89949178695679 4.94179105758667 4.99498271942139 5.05180501937866 5.10862731933594 5.16544961929321 5.22227239608765 5.27909469604492 5.3359169960022 5.3937873840332 5.45480298995972 5.51581859588623 5.57683420181274 5.6378493309021 5.69886493682861
3.33993101119995 3.38348293304443 3.42703485488892 3.48007488250732 3.53627753257751 3.59248042106628 3.64868307113647 3.70488595962524 3.76108860969543 3.81729125976562 3.87830185890198 3.95373606681824 4.02917003631592 4.10460424423218 4.18003845214844 4.2554726600647 4.33090686798096 4.40634107589722 4.44773149490356 4.47777414321899 4.50781679153442 4.53785943984985 4.56790208816528 4.59794473648071 4.62798738479614 4.66013479232788 4.69859552383423 4.73705625534058 4.77551698684692 4.81397724151611 4.85243797302246 4.89089870452881 4.92935943603516 4.98083734512329 5.03665447235107 5.0924711227417 5.14828777313232 5.20410490036011 5.25992155075073 5.31573867797852 5.37320804595947 5.43563556671143 5.49806308746338 5.56049060821533 5.62291812896729 5.68534517288208
3.34518527984619 3.390780210495 3.43637490272522 3.49145269393921 3.54969120025635 3.60792994499207 3.6661684513092 3.72440695762634 3.78264570236206 3.8408842086792 3.90344953536987 3.97899484634399 4.05454015731812 4.13008594512939 4.20563125610352 4.28117656707764 4.35672187805176 4.43226718902588 4.47263050079346 4.50126600265503 4.5299015045166 4.55853700637817 4.58717250823975 4.61580801010132 4.64444351196289 4.67457580566406 4.70919752120972 4.74381923675537 4.77844095230103 4.81306266784668 4.84768438339233 4.88230609893799 4.91692781448364 4.9666919708252 5.02150344848633 5.07631492614746 5.13112592697144 5.18593740463257 5.2407488822937 5.29556035995483 5.35262870788574 5.41646814346313 5.48030757904053 5.54414701461792 5.60798645019531 5.67182540893555
3.34543681144714 3.39189052581787 3.43834447860718 3.49428749084473 3.55339336395264 3.61249947547913 3.67160558700562 3.7307116985321 3.78981757164001 3.8489236831665 3.91199254989624 3.9869499206543 4.06190729141235 4.13686418533325 4.21182155609131 4.28677892684937 4.36173629760742 4.43669366836548 4.47686767578125 4.50544738769531 4.53402709960938 4.56260681152344 4.59118700027466 4.61976671218872 4.64834642410278 4.67836141586304 4.71268177032471 4.74700212478638 4.7813229560852 4.81564331054688 4.84996366500854 4.88428401947021 4.91860485076904 4.96833276748657 5.02319717407227 5.0780611038208 5.13292551040649 5.18778944015503 5.24265336990356 5.29751777648926 5.3555269241333 5.42297029495239 5.49041366577148 5.55785703659058 5.62530040740967 5.69274377822876
3.34068512916565 3.38681411743164 3.43294310569763 3.4885790348053 3.54738426208496 3.60618925094604 3.66499423980713 3.72379946708679 3.78260445594788 3.84140968322754 3.90393090248108 3.97760057449341 4.05127048492432 4.12494039535522 4.19860982894897 4.27227973937988 4.34594964981079 4.41961908340454 4.46044301986694 4.490318775177 4.5201940536499 4.5500693321228 4.57994508743286 4.60982036590576 4.63969564437866 4.6714916229248 4.7090482711792 4.74660539627075 4.7841625213623 4.8217191696167 4.85927629470825 4.89683294296265 4.9343900680542 4.98576068878174 5.04173564910889 5.09771060943604 5.15368556976318 5.20966053009033 5.26563549041748 5.32161045074463 5.38190174102783 5.45514106750488 5.52838087081909 5.60162019729614 5.67486000061035 5.7480993270874
