data/working_set_collections/6091692-Cassins_Sparrow-M2/1985/evpintr_avg.asc
NCOLS 265 
NROWS 230 
XLLCORNER -115.5625 
YLLCORNER 24.8333333333333 
CELLSIZE 0.0833333333333333 
NODATA_value -9999 
[rows 160 to 179 of 230, columns 184 to 229 of 265]
3.49603843688965 3.57955932617188 3.6630802154541 3.74990081787109 3.83782148361206 3.92574191093445 4.01366233825684 4.1015830039978 4.18950366973877 4.27742385864258 4.35998678207397 4.42647552490234 4.49296474456787 4.5594539642334 4.62594270706177 4.6924319267273 4.75892114639282 4.82541036605835 4.86928844451904 4.90563011169434 4.94197177886963 4.97831344604492 5.01465511322021 5.05099678039551 5.0873384475708 5.13404130935669 5.21182680130005 5.28961229324341 5.36739826202393 5.44518375396729 5.52296924591064 5.600754737854 5.67854022979736 5.7452883720398 5.80835676193237 5.87142515182495 5.93449354171753 5.99756193161011 6.06063079833984 6.12369918823242 6.21557521820068 6.393874168396 6.57217264175415 6.75047159194946 6.92877054214478 7.10706901550293
3.53004860877991 3.61898970603943 3.70793056488037 3.79819059371948 3.88889026641846 3.97958970069885 4.07028961181641 4.16098880767822 4.2516884803772 4.34238815307617 4.42640686035156 4.4903826713562 4.554358959198 4.61833477020264 4.68231058120728 4.74628639221191 4.81026268005371 4.87423849105835 4.91820955276489 4.95551204681396 4.99281454086304 5.03011703491211 5.06741952896118 5.10472249984741 5.14202499389648 5.18920612335205 5.2660231590271 5.34283971786499 5.41965675354004 5.49647378921509 5.57329082489014 5.65010786056519 5.72692441940308 5.79283142089844 5.85510158538818 5.91737222671509 5.97964239120483 6.04191255569458 6.10418272018433 6.16645288467407 6.25960445404053 6.44539976119995 6.63119506835938 6.8169903755188 7.00278568267822 7.18858098983765
3.58175587654114 3.67765259742737 3.77354955673218 3.8678617477417 3.96164608001709 4.05543041229248 4.14921426773071 4.2429986000061 4.33678293228149 4.43056726455688 4.51542806625366 4.5735182762146 4.63160848617554 4.68969917297363 4.74778938293457 4.80587959289551 4.8639702796936 4.92206048965454 4.96510648727417 5.00313806533813 5.0411696434021 5.07920074462891 5.11723232269287 5.15526390075684 5.1932954788208 5.24051332473755 5.31528997421265 5.39006662368774 5.46484375 5.5396203994751 5.6143970489502 5.68917417526245 5.76395082473755 5.8290901184082 5.89101648330688 5.95294284820557 6.01486968994141 6.07679605484009 6.13872289657593 6.20064926147461 6.2929277420044 6.47626161575317 6.65959548950195 6.84292936325073 7.02626323699951 7.20959758758545
3.65116024017334 3.75554847717285 3.85993695259094 3.9589147567749 4.05608892440796 4.15326356887817 4.25043773651123 4.34761190414429 4.4447865486145 4.54196071624756 4.62704944610596 4.67588186264038 4.7247142791748 4.77354669570923 4.82237911224365 4.87121152877808 4.9200439453125 4.96887636184692 5.00998020172119 5.048508644104 5.08703708648682 5.12556505203247 5.16409349441528 5.20262145996094 5.24114990234375 5.28796243667603 5.35962772369385 5.43129301071167 5.50295829772949 5.57462358474731 5.64628887176514 5.71795415878296 5.78961944580078 5.85406351089478 5.91610097885132 5.97813844680786 6.04017543792725 6.10221290588379 6.16425037384033 6.22628736495972 6.31554412841797 6.48645925521851 6.65737438201904 6.82828903198242 6.99920415878296 7.17011880874634
3.72056460380554 3.83344459533691 3.94632434844971 4.04996776580811 4.15053224563599 4.25109624862671 4.35166072845459 4.45222520828247 4.55278968811035 4.65335416793823 4.73867130279541 4.77824544906616 4.81782007217407 4.85739421844482 4.89696884155273 4.93654298782349 4.9761176109314 5.01569175720215 5.05485439300537 5.09387922286987 5.13290452957153 5.17192935943604 5.2109546661377 5.2499794960022 5.2890043258667 5.3354115486145 5.40396547317505 5.4725193977356 5.54107284545898 5.60962677001953 5.67818021774292 5.74673414230347 5.81528759002686 5.87903738021851 5.94118547439575 6.003333568573 6.06548166275024 6.12762975692749 6.18977785110474 6.25192594528198 6.3381609916687 6.49665689468384 6.65515279769897 6.81364870071411 6.97214460372925 7.13064050674438
3.78996896743774 3.9113404750824 4.03271150588989 4.14102029800415 4.24497509002686 4.3489294052124 4.45288419723511 4.55683851242065 4.66079330444336 4.76474761962891 4.8502926826477 4.88060903549194 4.91092538833618 4.94124174118042 4.97155857086182 5.00187492370605 5.03219127655029 5.06250762939453 5.09972810745239 5.13924980163574 5.17877197265625 5.2182936668396 5.25781536102295 5.29733753204346 5.33685922622681 5.38286113739014 5.44830322265625 5.51374530792236 5.57918739318848 5.64462995529175 5.71007204055786 5.77551412582397 5.84095621109009 5.90401077270508 5.96626996994019 6.02852869033813 6.09078788757324 6.15304660797119 6.21530532836914 6.27756452560425 6.36077785491943 6.50685453414917 6.65293121337891 6.7990083694458 6.94508504867554 7.09116220474243
3.85937333106995 3.98923635482788 4.11909914016724 4.23207330703735 4.33941793441772 4.4467625617981 4.55410718917847 4.66145181655884 4.76879644393921 4.87614107131958 4.96191453933716 4.98297262191772 5.00403118133545 5.02508974075317 5.04614782333374 5.06720638275146 5.08826494216919 5.10932350158691 5.14460182189941 5.18462038040161 5.22463941574097 5.26465797424316 5.30467653274536 5.34469509124756 5.38471364974976 5.43031024932861 5.49264097213745 5.55497169494629 5.61730241775513 5.67963314056396 5.74196338653564 5.80429410934448 5.86662483215332 5.92898464202881 5.99135446548462 6.05372381210327 6.11609363555908 6.17846345901489 6.2408332824707 6.30320262908936 6.38339424133301 6.5170521736145 6.650710105896 6.78436803817749 6.91802597045898 7.05168342590332
3.92877769470215 4.06713199615479 4.20548677444458 4.32312631607056 4.43386125564575 4.54459571838379 4.65533065795898 4.76606512069702 4.87680006027222 4.98753499984741 5.07353591918945 5.08533620834351 5.09713697433472 5.10893726348877 5.12073755264282 5.13253831863403 5.14433860778809 5.15613889694214 5.18947553634644 5.22999095916748 5.27050685882568 5.31102228164673 5.35153770446777 5.39205312728882 5.43256855010986 5.47775983810425 5.53697872161865 5.59619808197021 5.65541696548462 5.71463584899902 5.77385520935059 5.83307409286499 5.8922929763794 5.95395851135254 6.01643896102905 6.07891941070557 6.14139986038208 6.20388031005859 6.26636075973511 6.32884120941162 6.40601110458374 6.52724981307983 6.64848852157593 6.76972770690918 6.89096641540527 7.01220512390137
3.97585391998291 4.1196231842041 4.26339292526245 4.38336849212646 4.49541282653809 4.60745763778687 4.71950197219849 4.83154630661011 4.94359111785889 5.05563545227051 5.14114618301392 5.14705657958984 5.15296649932861 5.15887641906738 5.16478633880615 5.17069625854492 5.17660665512085 5.18251657485962 5.21304559707642 5.25178050994873 5.2905158996582 5.32925128936768 5.36798667907715 5.40672159194946 5.44545698165894 5.4891414642334 5.54767370223999 5.60620594024658 5.66473817825317 5.72326993942261 5.7818021774292 5.84033441543579 5.89886665344238 5.96101570129395 6.02436971664429 6.08772420883179 6.15107870101929 6.21443319320679 6.27778768539429 6.34114217758179 6.41615962982178 6.52616596221924 6.63617277145386 6.74617910385132 6.85618591308594 6.9661922454834
4.00060176849365 4.14670991897583 4.29281806945801 4.41280031204224 4.5240740776062 4.63534784317017 4.74662160873413 4.85789585113525 4.96916961669922 5.08044338226318 5.1647458076477 5.16813278198242 5.17151975631714 5.17490720748901 5.17829418182373 5.18168163299561 5.18506860733032 5.18845558166504 5.21531105041504 5.24998903274536 5.28466701507568 5.31934547424316 5.35402345657349 5.38870143890381 5.42337942123413 5.46445560455322 5.52472543716431 5.58499526977539 5.64526510238647 5.70553493499756 5.7658052444458 5.82607507705688 5.88634490966797 5.95015621185303 6.01514768600464 6.08013916015625 6.14513111114502 6.21012258529663 6.27511405944824 6.34010601043701 6.41383981704712 6.51380062103271 6.61376190185547 6.71372270584106 6.81368398666382 6.91364479064941
4.02535009384155 4.17379665374756 4.32224273681641 4.44223213195801 4.55273532867432 4.66323852539062 4.77374172210693 4.88424491882324 4.99474811553955 5.10525131225586 5.18834495544434 5.189208984375 5.19007349014282 5.19093799591064 5.19180202484131 5.19266653060913 5.1935305595398 5.19439506530762 5.21757698059082 5.24819755554199 5.27881860733032 5.30943918228149 5.34006023406982 5.37068128585815 5.40130186080933 5.43976974487305 5.50177717208862 5.56378507614136 5.62579250335693 5.68780040740967 5.74980783462524 5.81181573867798 5.87382316589355 5.93929672241211 6.00592565536499 6.07255411148071 6.13918304443359 6.20581197738647 6.27244091033936 6.33906984329224 6.41152000427246 6.50143575668335 6.59135103225708 6.68126630783081 6.7711820602417 6.86109733581543
4.0500979423523 4.20088291168213 4.35166788101196 4.47166347503662 4.58139610290527 4.69112873077393 4.80086135864258 4.91059398651123 5.02032661437988 5.13005924224854 5.21194410324097 5.21028566360474 5.20862674713135 5.20696830749512 5.20530986785889 5.20365142822266 5.20199298858643 5.20033407211304 5.21984243392944 5.24640607833862 5.2729697227478 5.29953336715698 5.32609701156616 5.35266065597534 5.37922430038452 5.41508340835571 5.47882890701294 5.54257440567017 5.60631990432739 5.67006540298462 5.73381042480469 5.79755592346191 5.86130142211914 5.92843723297119 5.99670314788818 6.06496953964233 6.13323545455933 6.20150136947632 6.26976728439331 6.3380331993103 6.4092001914978 6.48907041549683 6.56894016265869 6.64881038665771 6.72868013381958 6.80854988098145
4.0748462677002 4.22796964645386 4.38109302520752 4.50109529495239 4.61005735397339 4.71901941299438 4.82798099517822 4.93694305419922 5.04590511322021 5.15486717224121 5.2355432510376 5.23136186599731 5.22718048095703 5.22299909591675 5.21881771087646 5.21463632583618 5.2104549407959 5.20627355575562 5.22210788726807 5.24461460113525 5.26712083816528 5.28962755203247 5.3121337890625 5.33464050292969 5.35714673995972 5.39039754867554 5.45588064193726 5.52136373519897 5.58684730529785 5.65233039855957 5.71781349182129 5.78329658508301 5.84877967834473 5.91757774353027 5.98748111724854 6.0573844909668 6.1272873878479 6.19719076156616 6.26709365844727 6.33699703216553 6.40688037872314 6.4767050743103 6.5465292930603 6.61635398864746 6.68617820739746 6.75600290298462
4.09959411621094 4.25505590438843 4.41051816940308 4.53052711486816 4.63871812820435 4.74690961837769 4.85510110855103 4.96329212188721 5.07148361206055 5.17967510223389 5.25914239883423 5.25243806838989 5.24573421478271 5.23902988433838 5.23232555389404 5.22562122344971 5.21891689300537 5.21221303939819 5.22437381744385 5.24282312393188 5.26127243041992 5.27972173690796 5.298171043396 5.31662034988403 5.33506917953491 5.36571168899536 5.43293237686157 5.50015354156494 5.56737422943115 5.63459539413452 5.70181608200073 5.7690372467041 5.83625793457031 5.90671873092651 5.97825908660889 6.04979944229126 6.12133979797363 6.19288015365601 6.26442050933838 6.33596086502075 6.40456056594849 6.46433973312378 6.52411842346191 6.58389759063721 6.64367628097534 6.70345544815063
4.06581497192383 4.21609544754028 4.36637544631958 4.48313617706299 4.58872365951538 4.69431066513062 4.79989814758301 4.90548515319824 5.01107263565063 5.11666011810303 5.19459009170532 5.1895489692688 5.18450784683228 5.17946672439575 5.17442560195923 5.1693844795227 5.16434288024902 5.1593017578125 5.17025136947632 5.18653059005737 5.20281028747559 5.21908950805664 5.23536920547485 5.25164890289307 5.26792812347412 5.29804515838623 5.36967372894287 5.44130277633667 5.51293182373047 5.58456039428711 5.65618944168091 5.72781848907471 5.79944705963135 5.87003374099731 5.94027280807495 6.01051187515259 6.08075094223022 6.15099048614502 6.22122955322266 6.29146862030029 6.35732412338257 6.4100284576416 6.46273279190063 6.51543712615967 6.5681414604187 6.62084579467773
3.97350883483887 4.11108732223511 4.24866580963135 4.35892248153687 4.46007251739502 4.56122255325317 4.66237211227417 4.76352214813232 4.86467218399048 4.96582174301147 5.04188632965088 5.04269409179688 5.04350185394287 5.04430961608887 5.04511737823486 5.04592514038086 5.04673290252686 5.04754066467285 5.05974054336548 5.07573795318604 5.09173488616943 5.10773181915283 5.12372922897339 5.13972616195679 5.15572309494019 5.18739795684814 5.26610469818115 5.34481191635132 5.42351865768433 5.50222587585449 5.58093309402466 5.65963983535767 5.73834705352783 5.80752325057983 5.87352275848389 5.93952226638794 6.00552177429199 6.07152128219604 6.1375207901001 6.20352029800415 6.26517009735107 6.31377077102661 6.36237144470215 6.41097211837769 6.45957279205322 6.50817346572876
3.88120269775391 4.00607919692993 4.13095569610596 4.2347092628479 4.33142185211182 4.42813396453857 4.52484655380249 4.62155914306641 4.71827125549316 4.81498384475708 4.88918209075928 4.89583921432495 4.90249586105347 4.90915250778198 4.91580963134766 4.92246627807617 4.92912292480469 4.93578004837036 4.9492301940918 4.96494483947754 4.98065948486328 4.99637413024902 5.01208877563477 5.02780342102051 5.04351806640625 5.07675075531006 5.16253566741943 5.24832105636597 5.33410596847534 5.41989135742188 5.50567626953125 5.59146165847778 5.67724704742432 5.74501323699951 5.80677270889282 5.86853265762329 5.93029260635376 5.99205255508423 6.05381202697754 6.11557197570801 6.17301607131958 6.21751308441162 6.26201057434082 6.30650758743286 6.3510046005249 6.39550161361694
3.78889656066895 3.90107131004333 4.01324605941772 4.11049604415894 4.20277070999146 4.29504585266113 4.38732099533081 4.47959566116333 4.57187080383301 4.66414594650269 4.73647832870483 4.74898433685303 4.76148986816406 4.77399587631226 4.78650140762329 4.79900741577148 4.81151294708252 4.82401895523071 4.83871936798096 4.85415172576904 4.86958408355713 4.88501644134521 4.9004487991333 4.91588115692139 4.93131351470947 4.96610355377197 5.05896663665771 5.15183019638062 5.24469327926636 5.33755683898926 5.430419921875 5.5232834815979 5.61614656448364 5.68250274658203 5.74002265930176 5.79754304885864 5.85506343841553 5.91258335113525 5.97010374069214 6.02762365341187 6.08086252212524 6.12125587463379 6.16164922714233 6.20204257965088 6.24243593215942 6.28282928466797
3.69659066200256 3.79606318473816 3.89553594589233 3.98628234863281 4.07412004470825 4.16195726394653 4.24979496002197 4.33763265609741 4.42547035217285 4.51330757141113 4.58377456665039 4.6021294593811 4.62048387527466 4.63883876800537 4.65719366073608 4.67554807662964 4.69390296936035 4.71225786209106 4.72820901870728 4.74335861206055 4.75850868225098 4.77365875244141 4.78880834579468 4.80395841598511 4.81910848617554 4.85545635223389 4.955397605896 5.05533933639526 5.15528059005737 5.25522184371948 5.35516357421875 5.45510482788086 5.55504655838013 5.61999225616455 5.67327308654785 5.72655344009399 5.77983379364014 5.83311462402344 5.88639497756958 5.93967580795288 5.98870849609375 6.0249981880188 6.06128787994385 6.09757804870605 6.1338677406311 6.17015743255615
3.6042845249176 3.69105529785156 3.77782607078552 3.86206889152527 3.94546914100647 4.02886915206909 4.11226940155029 4.19566917419434 4.27906942367554 4.36246967315674 4.43107080459595 4.45527458190918 4.47947788238525 4.50368165969849 4.52788543701172 4.55208921432495 4.57629299163818 4.60049676895142 4.61769819259644 4.63256597518921 4.64743328094482 4.6623010635376 4.67716836929321 4.69203567504883 4.7069034576416 4.7448091506958 4.85182857513428 4.95884799957275 5.06586790084839 5.17288732528687 5.2799072265625 5.38692665100098 5.49394655227661 5.55748176574707 5.60652303695679 5.65556383132935 5.7046046257019 5.75364542007446 5.80268669128418 5.85172748565674 5.89655447006226 5.92874097824097 5.96092700958252 5.99311304092407 6.02529907226562 6.05748558044434
