data/working_set_collections/6091692-Cassins_Sparrow-M2/1985/evpintr_avg.asc
NCOLS 265 
NROWS 230 
XLLCORNER -115.5625 
YLLCORNER 24.8333333333333 
CELLSIZE 0.0833333333333333 
NODATA_value -9999 
[rows 20 to 39 of 230, columns 138 to 183 of 265]
2.89664959907532 2.93030047416687 2.96395134925842 2.9976019859314 3.02260398864746 3.04472327232361 3.06684231758118 3.08896160125732 3.11108064651489 3.13319993019104 3.15531897544861 3.1733980178833 3.17935633659363 3.18531465530396 3.19127297401428 3.19723129272461 3.20318961143494 3.20914793014526 3.21510624885559 3.20915937423706 3.19924402236938 3.18932843208313 3.17941308021545 3.16949772834778 3.1595823764801 3.14966678619385 3.14396643638611 3.15091133117676 3.15785598754883 3.16480088233948 3.17174577713013 3.1786904335022 3.18563532829285 3.19257998466492 3.22222471237183 3.25943613052368 3.29664754867554 3.33385896682739 3.37107038497925 3.40828156471252 3.44549298286438 3.48442459106445 3.52851605415344 3.57260775566101 3.61669945716858 3.66079092025757
2.93156909942627 2.96184754371643 2.99212574958801 3.02240419387817 3.04525923728943 3.06563973426819 3.08602046966553 3.10640096664429 3.12678146362305 3.14716219902039 3.16754269599915 3.18393492698669 3.18836140632629 3.19278812408447 3.19721484184265 3.20164155960083 3.20606803894043 3.21049475669861 3.21492147445679 3.20942497253418 3.20062065124512 3.19181656837463 3.18301224708557 3.17420816421509 3.16540384292603 3.15659976005554 3.15194082260132 3.15971803665161 3.1674952507019 3.1752724647522 3.18304967880249 3.19082689285278 3.19860410690308 3.20638132095337 3.23439121246338 3.26914501190186 3.30389881134033 3.33865261077881 3.37340641021729 3.40816044807434 3.44291424751282 3.47975206375122 3.52284169197083 3.56593132019043 3.60902094841003 3.65211057662964
2.96648859977722 2.99339461326599 3.02030038833618 3.04720640182495 3.0679144859314 3.08655643463135 3.1051983833313 3.12384033203125 3.14248251914978 3.16112446784973 3.17976641654968 3.19447159767151 3.19736671447754 3.20026159286499 3.20315670967102 3.20605158805847 3.2089467048645 3.21184158325195 3.21473670005798 3.2096905708313 3.20199751853943 3.19430446624756 3.18661141395569 3.17891836166382 3.17122554779053 3.16353249549866 3.15991497039795 3.16852474212646 3.17713451385498 3.18574404716492 3.19435381889343 3.20296335220337 3.21157312393188 3.22018265724182 3.24655747413635 3.27885365486145 3.31115007400513 3.34344625473022 3.3757426738739 3.40803909301758 3.44033527374268 3.47507953643799 3.51716709136963 3.55925464630127 3.60134243965149 3.64342999458313
3.0014078617096 3.02494144439697 3.04847502708435 3.07200860977173 3.09056973457336 3.10747313499451 3.12437653541565 3.14127993583679 3.15818333625793 3.17508673667908 3.19199013710022 3.2050085067749 3.2063717842102 3.20773506164551 3.20909857749939 3.21046185493469 3.21182513237 3.2131884098053 3.2145516872406 3.20995616912842 3.20337438583374 3.19679260253906 3.19021058082581 3.18362879753113 3.17704701423645 3.17046523094177 3.16788935661316 3.17733144760132 3.18677353858948 3.19621562957764 3.2056577205658 3.21509981155396 3.22454190254211 3.23398399353027 3.25872373580933 3.28856253623962 3.31840133666992 3.34824013710022 3.37807893753052 3.40791773796082 3.43775653839111 3.47040700912476 3.51149249076843 3.55257821083069 3.59366369247437 3.63474941253662
3.03706455230713 3.0574426651001 3.07782077789307 3.09819889068604 3.11406350135803 3.1284236907959 3.14278364181519 3.15714383125305 3.17150378227234 3.1858639717102 3.20022392272949 3.21094346046448 3.2107412815094 3.21053910255432 3.21033692359924 3.21013474464417 3.20993256568909 3.20973038673401 3.20952820777893 3.20517301559448 3.19943332672119 3.1936936378479 3.18795418739319 3.1822144985199 3.17647480964661 3.17073535919189 3.16888427734375 3.17869925498962 3.18851447105408 3.19832944869995 3.20814442634583 3.21795964241028 3.22777462005615 3.23758959770203 3.26109981536865 3.28917479515076 3.31724977493286 3.34532475471497 3.37339973449707 3.40147471427917 3.42954993247986 3.46082234382629 3.50168752670288 3.54255270957947 3.58341789245605 3.62428307533264
3.07345819473267 3.09089779853821 3.10833764076233 3.12577724456787 3.13839626312256 3.14940810203552 3.16042017936707 3.17143201828003 3.18244409561157 3.19345617294312 3.20446801185608 3.21227669715881 3.21047520637512 3.20867371559143 3.20687222480774 3.20507073402405 3.20326924324036 3.20146775245667 3.19966626167297 3.19534111022949 3.19017457962036 3.18500828742981 3.17984175682068 3.17467546463013 3.169508934021 3.16434264183044 3.1628999710083 3.17262840270996 3.1823570728302 3.19208550453186 3.20181393623352 3.21154260635376 3.22127103805542 3.23099970817566 3.25368547439575 3.28069043159485 3.30769538879395 3.33470034599304 3.36170530319214 3.38871049880981 3.41571545600891 3.44632577896118 3.48775196075439 3.52917814254761 3.5706045627594 3.61203074455261
3.10985159873962 3.12435293197632 3.13885426521301 3.15335559844971 3.16272878646851 3.17039275169373 3.17805671691895 3.18572044372559 3.19338440895081 3.20104813575745 3.20871210098267 3.21360993385315 3.21020913124084 3.20680832862854 3.20340728759766 3.20000648498535 3.19660568237305 3.19320487976074 3.18980407714844 3.18550896644592 3.18091583251953 3.17632269859314 3.17172956466675 3.16713643074036 3.16254305839539 3.15794992446899 3.15691566467285 3.1665575504303 3.17619967460632 3.18584156036377 3.19548344612122 3.20512557029724 3.21476745605469 3.22440958023071 3.24627137184143 3.27220630645752 3.29814124107361 3.3240761756897 3.35001111030579 3.37594604492188 3.40188097953796 3.43182897567749 3.47381639480591 3.51580381393433 3.55779099464417 3.59977841377258
3.14624524116516 3.15780806541443 3.16937112808228 3.18093395233154 3.18706154823303 3.19137716293335 3.19569301605225 3.20000886917114 3.20432472229004 3.20864033699036 3.21295619010925 3.21494293212891 3.20994281768799 3.20494270324707 3.19994258880615 3.19494247436523 3.18994235992432 3.1849422454834 3.17994213104248 3.17567706108093 3.1716570854187 3.16763710975647 3.16361713409424 3.15959715843201 3.15557718276978 3.15155720710754 3.15093111991882 3.16048669815063 3.17004203796387 3.17959761619568 3.18915319442749 3.19870853424072 3.20826411247253 3.21781945228577 3.23885703086853 3.26372194290161 3.28858685493469 3.31345176696777 3.33831667900085 3.36318159103394 3.38804650306702 3.4173321723938 3.45988082885742 3.50242924690247 3.54497766494751 3.58752608299255
3.1826388835907 3.19126343727112 3.19988775253296 3.20851230621338 3.21139407157898 3.21236181259155 3.21332955360413 3.2142972946167 3.21526479721069 3.21623253822327 3.21720027923584 3.21627616882324 3.20967674255371 3.20307731628418 3.19647789001465 3.18987846374512 3.18327879905701 3.17667937278748 3.17007994651794 3.16584515571594 3.16239833831787 3.1589515209198 3.15550494194031 3.15205812454224 3.14861130714417 3.14516472816467 3.14494681358337 3.15441584587097 3.16388463973999 3.17335367202759 3.18282270431519 3.1922914981842 3.2017605304718 3.21122932434082 3.23144268989563 3.2552375793457 3.27903246879578 3.30282735824585 3.32662224769592 3.350417137146 3.37421202659607 3.40283560752869 3.44594502449036 3.48905467987061 3.53216433525085 3.5752739906311
3.21903252601624 3.22471857070923 3.23040461540222 3.23609042167664 3.23572683334351 3.23334622383118 3.23096585273743 3.22858548164368 3.22620511054993 3.22382473945618 3.22144436836243 3.21760940551758 3.20941066741943 3.20121169090271 3.19301295280457 3.18481421470642 3.17661547660828 3.16841673851013 3.16021800041199 3.15601301193237 3.15313959121704 3.15026617050171 3.1473925113678 3.14451909065247 3.14164543151855 3.13877201080322 3.13896250724792 3.14834499359131 3.15772724151611 3.1671097278595 3.17649221420288 3.18587446212769 3.19525694847107 3.20463943481445 3.22402858734131 3.24675345420837 3.26947832107544 3.29220294952393 3.31492781639099 3.33765268325806 3.36037755012512 3.388338804245 3.43200945854187 3.47568011283875 3.5193510055542 3.56302165985107
3.24445843696594 3.24520421028137 3.2459499835968 3.24669575691223 3.24414396286011 3.24049305915833 3.23684215545654 3.23319125175476 3.22954058647156 3.22588968276978 3.22223877906799 3.21758675575256 3.20993185043335 3.20227670669556 3.19462180137634 3.18696665763855 3.17931175231934 3.17165660858154 3.16400170326233 3.1595470905304 3.15615916252136 3.15277147293091 3.14938354492188 3.14599561691284 3.14260792732239 3.13921999931335 3.13896989822388 3.14813280105591 3.15729546546936 3.16645836830139 3.17562127113342 3.18478417396545 3.19394683837891 3.20310974121094 3.22242522239685 3.24512505531311 3.26782464981079 3.29052448272705 3.31322407722473 3.33592391014099 3.35862350463867 3.38663506507874 3.43058252334595 3.47452974319458 3.51847696304321 3.56242418289185
3.25891709327698 3.25272059440613 3.24652409553528 3.24032759666443 3.23664569854736 3.23380208015442 3.23095846176147 3.22811460494995 3.22527098655701 3.22242712974548 3.21958351135254 3.21620869636536 3.21124053001404 3.20627236366272 3.20130395889282 3.1963357925415 3.19136762619019 3.18639945983887 3.18143129348755 3.17644691467285 3.17145705223083 3.1664674282074 3.16147780418396 3.15648794174194 3.15149831771851 3.14650869369507 3.14496898651123 3.15377926826477 3.16258955001831 3.17139983177185 3.18020987510681 3.18902015686035 3.19783043861389 3.20664072036743 3.22663307189941 3.25035262107849 3.27407193183899 3.29779148101807 3.32151103019714 3.34523057937622 3.3689501285553 3.39772462844849 3.44166374206543 3.48560309410095 3.52954244613647 3.573481798172
3.27337551116943 3.26023697853088 3.24709820747375 3.2339596748352 3.2291476726532 3.22711110115051 3.22507452964783 3.22303795814514 3.22100138664246 3.21896481513977 3.21692824363708 3.21483063697815 3.21254920959473 3.2102677822113 3.20798635482788 3.20570492744446 3.20342350006104 3.20114207267761 3.19886064529419 3.19334673881531 3.18675518035889 3.18016362190247 3.17357206344604 3.16698050498962 3.16038870811462 3.1537971496582 3.15096807479858 3.15942573547363 3.16788339614868 3.17634105682373 3.18479871749878 3.19325637817383 3.20171403884888 3.21017169952393 3.2308406829834 3.25557994842529 3.28031945228577 3.30505871772766 3.32979798316956 3.35453724861145 3.37927651405334 3.40881395339966 3.45274519920349 3.4966766834259 3.54060792922974 3.58453917503357
3.28783392906189 3.26775312423706 3.24767255783081 3.22759175300598 3.22164940834045 3.22042012214661 3.21919059753418 3.21796131134033 3.2167317867279 3.21550250053406 3.21427321434021 3.21345233917236 3.21385788917542 3.21426320075989 3.21466851234436 3.21507406234741 3.21547937393188 3.21588492393494 3.21629023551941 3.21024656295776 3.20205307006836 3.19385957717896 3.18566608428955 3.17747282981873 3.16927933692932 3.16108584403992 3.15696716308594 3.1650722026825 3.17317724227905 3.18128228187561 3.18938755989075 3.1974925994873 3.20559763908386 3.21370267868042 3.23504829406738 3.26080751419067 3.28656673431396 3.31232571601868 3.33808493614197 3.36384391784668 3.38960313796997 3.41990327835083 3.46382665634155 3.50775003433228 3.551673412323 3.59559655189514
3.30229234695435 3.27526950836182 3.24824666976929 3.22122383117676 3.21415138244629 3.2137291431427 3.21330690383911 3.21288466453552 3.21246242523193 3.21204018592834 3.21161794662476 3.21207427978516 3.2151665687561 3.21825861930847 3.22135090827942 3.22444319725037 3.22753524780273 3.23062753677368 3.23371982574463 3.22714638710022 3.21735095977783 3.20755577087402 3.19776034355164 3.18796515464783 3.17816972732544 3.16837453842163 3.16296625137329 3.17071866989136 3.17847108840942 3.18622374534607 3.19397616386414 3.20172882080078 3.20948123931885 3.21723365783691 3.23925614356995 3.26603507995605 3.29281401634216 3.31959295272827 3.34637188911438 3.37315082550049 3.3999297618866 3.43099284172058 3.47490811347961 3.51882338523865 3.56273889541626 3.60665416717529
3.3167507648468 3.28278589248657 3.24882078170776 3.21485567092896 3.20665311813354 3.20703816413879 3.20742297172546 3.20780801773071 3.20819282531738 3.20857787132263 3.2089626789093 3.21069622039795 3.21647524833679 3.22225403785706 3.2280330657959 3.23381209373474 3.23959112167358 3.24537014961243 3.25114917755127 3.24404621124268 3.2326488494873 3.22125172615051 3.20985460281372 3.19845747947693 3.18706035614014 3.17566323280334 3.16896533966064 3.17636513710022 3.18376517295837 3.19116497039795 3.1985650062561 3.20596480369568 3.21336483955383 3.22076463699341 3.24346375465393 3.27126240730286 3.29906129837036 3.32685995101929 3.35465884208679 3.38245749473572 3.41025614738464 3.44208216667175 3.48598957061768 3.5298969745636 3.57380414009094 3.61771154403687
3.324373960495 3.28313422203064 3.24189448356628 3.20065474510193 3.19136738777161 3.19273042678833 3.19409370422363 3.19545698165894 3.19682002067566 3.19818329811096 3.19954657554626 3.20255088806152 3.21047925949097 3.21840739250183 3.22633576393127 3.23426389694214 3.24219226837158 3.25012040138245 3.25804877281189 3.25096583366394 3.23887944221497 3.22679305076599 3.21470665931702 3.20262002944946 3.19053363800049 3.17844724655151 3.17128419876099 3.17889094352722 3.18649792671204 3.19410490989685 3.20171165466309 3.2093186378479 3.21692562103271 3.22453236579895 3.24814987182617 3.27710390090942 3.30605792999268 3.33501219749451 3.36396622657776 3.39292025566101 3.42187452316284 3.45430469512939 3.49716329574585 3.54002213478088 3.58288073539734 3.62573957443237
3.32516169548035 3.2763147354126 3.22746801376343 3.17862105369568 3.16829371452332 3.17080640792847 3.17331910133362 3.17583155632019 3.17834424972534 3.18085694313049 3.18336939811707 3.18763899803162 3.19717884063721 3.2067186832428 3.21625852584839 3.22579836845398 3.23533821105957 3.24487829208374 3.25441813468933 3.24790573120117 3.23604249954224 3.22417950630188 3.21231627464294 3.20045328140259 3.18859004974365 3.17672681808472 3.16992282867432 3.17829632759094 3.18666982650757 3.19504332542419 3.20341658592224 3.21179008483887 3.22016358375549 3.22853684425354 3.25331401824951 3.2835590839386 3.31380414962769 3.34404921531677 3.37429404258728 3.40453910827637 3.43478417396545 3.46766042709351 3.50842976570129 3.54919910430908 3.58996844291687 3.63073778152466
3.3259494304657 3.26949524879456 3.21304130554199 3.15658736228943 3.1452202796936 3.1488823890686 3.15254426002502 3.15620636940002 3.15986847877502 3.16353034973145 3.16719245910645 3.17272686958313 3.18387842178345 3.19502973556519 3.2061812877655 3.21733283996582 3.22848439216614 3.23963594436646 3.25078749656677 3.24484539031982 3.23320555686951 3.22156572341919 3.20992612838745 3.19828629493713 3.18664646148682 3.1750066280365 3.16856169700623 3.17770171165466 3.1868417263031 3.19598150253296 3.2051215171814 3.21426153182983 3.22340130805969 3.23254132270813 3.25847840309143 3.29001426696777 3.32155013084412 3.35308623313904 3.38462209701538 3.41615796089172 3.44769406318665 3.48101592063904 3.51969599723816 3.55837607383728 3.5970561504364 3.63573622703552
3.32673692703247 3.26267576217651 3.19861459732056 3.1345534324646 3.12214684486389 3.12695813179016 3.13176965713501 3.13658118247986 3.14139246940613 3.14620399475098 3.15101528167725 3.15781474113464 3.17057776451111 3.18334102630615 3.19610404968262 3.20886731147766 3.2216305732727 3.23439359664917 3.24715685844421 3.24178528785706 3.23036885261536 3.21895217895508 3.20753574371338 3.19611930847168 3.1847026348114 3.1732861995697 3.16720056533813 3.1771068572998 3.18701338768005 3.1969199180603 3.20682644844055 3.2167329788208 3.22663927078247 3.23654580116272 3.26364254951477 3.29646944999695 3.32929635047913 3.3621232509613 3.39495015144348 3.42777705192566 3.46060371398926 3.49437165260315 3.53096222877502 3.56755304336548 3.60414385795593 3.64073443412781
