data/working_set_collections/6091692-Cassins_Sparrow-M2/1985/evpintr_avg.asc
NCOLS 265 
NROWS 230 
XLLCORNER -115.5625 
YLLCORNER 24.8333333333333 
CELLSIZE 0.0833333333333333 
NODATA_value -9999 
[rows 20 to 39 of 230, columns 92 to 137 of 265]
1.75211727619171 1.72940742969513 1.70669770240784 1.68398785591125 1.66127800941467 1.71991467475891 1.80566668510437 1.89141869544983 1.97717070579529 2.06292271614075 2.14867472648621 2.23442673683167 2.31353831291199 2.37272787094116 2.43191766738892 2.49110722541809 2.55029678344727 2.60948657989502 2.66867613792419 2.72786569595337 2.78117609024048 2.83252692222595 2.88387751579285 2.93522834777832 2.98657894134521 3.03792977333069 3.08928036689758 3.12313151359558 3.10448360443115 3.08583569526672 3.0671877861023 3.04853987693787 3.02989196777344 3.01124405860901 2.99259614944458 2.96450424194336 2.9332640171051 2.90202403068542 2.87078404426575 2.83954405784607 2.80830383300781 2.77706384658813 2.76204657554626 2.79569721221924 2.82934808731079 2.86299896240234
1.69682383537292 1.6858137845993 1.67480385303497 1.66379392147064 1.65278387069702 1.72557103633881 1.82629036903381 1.92700982093811 2.02772927284241 2.1284487247467 2.229168176651 2.3298876285553 2.42110109329224 2.48379731178284 2.54649329185486 2.60918927192688 2.67188549041748 2.7345814704895 2.79727745056152 2.85997343063354 2.90203738212585 2.93722414970398 2.97241067886353 3.00759720802307 3.0427839756012 3.07797050476074 3.11315703392029 3.13515019416809 3.11756300926208 3.09997582435608 3.08238863945007 3.06480145454407 3.04721426963806 3.02962708473206 3.01203989982605 2.98716735839844 2.95986652374268 2.93256545066833 2.90526461601257 2.87796354293823 2.85066270828247 2.82336163520813 2.8104555606842 2.84073400497437 2.87101221084595 2.90129065513611
1.64153027534485 1.64222013950348 1.64291000366211 1.64359986782074 1.64428973197937 1.73122727870941 1.84691417217255 1.96260106563568 2.07828783988953 2.19397473335266 2.3096616268158 2.42534828186035 2.52866411209106 2.59486651420593 2.6610689163208 2.72727155685425 2.79347395896912 2.85967636108398 2.92587876319885 2.99208116531372 3.02289867401123 3.04192137718201 3.0609438419342 3.0799663066864 3.0989887714386 3.1180112361908 3.13703393936157 3.14716911315918 3.1306426525116 3.11411619186401 3.09758973121643 3.08106327056885 3.06453657150269 3.0480101108551 3.03148365020752 3.0098307132721 2.98646879196167 2.96310687065125 2.9397451877594 2.91638326644897 2.89302134513855 2.86965942382812 2.85886454582214 2.88577055931091 2.91267657279968 2.93958258628845
1.58623683452606 1.59862649440765 1.61101627349854 1.62340593338013 1.63579559326172 1.73688364028931 1.86753797531128 1.99819219112396 2.12884640693665 2.25950074195862 2.39015483856201 2.52080917358398 2.63622713088989 2.70593595504761 2.77564477920532 2.84535360336304 2.91506242752075 2.98477125167847 3.05448007583618 3.12418913841248 3.14375996589661 3.14661836624146 3.14947700500488 3.15233540534973 3.15519380569458 3.15805220603943 3.16091060638428 3.15918803215027 3.14372229576111 3.12825632095337 3.11279058456421 3.09732484817505 3.08185911178589 3.06639337539673 3.05092740058899 3.03249406814575 3.01307129859924 2.99364852905273 2.97422575950623 2.95480298995972 2.93538022041321 2.9159574508667 2.90727353096008 2.93080711364746 2.95434069633484 2.97787427902222
1.56470775604248 1.589510679245 1.61431360244751 1.63911652565002 1.66391944885254 1.78063273429871 1.92798292636871 2.07533311843872 2.22268319129944 2.37003326416016 2.51738357543945 2.66473364830017 2.79276919364929 2.8628613948822 2.93295359611511 3.00304579734802 3.07313799858093 3.14323019981384 3.21332216262817 3.28341436386108 3.28858423233032 3.27211332321167 3.25564217567444 3.23917126655579 3.22270035743713 3.2062292098999 3.18975830078125 3.17363524436951 3.15855550765991 3.1434760093689 3.1283962726593 3.11331677436829 3.09823727607727 3.08315753936768 3.06807804107666 3.05292296409607 3.03774285316467 3.02256274223328 3.00738263130188 2.99220252037048 2.97702240943909 2.96184229850769 2.95555186271667 2.97592997550964 2.99630808830261 3.01668620109558
1.57694280147552 1.61487245559692 1.65280210971832 1.69073176383972 1.72866129875183 1.8624746799469 2.02824926376343 2.19402360916138 2.35979819297791 2.52557277679443 2.69134712219238 2.85712170600891 2.99829077720642 3.0656430721283 3.13299560546875 3.20034790039062 3.26770043373108 3.33505272865295 3.40240502357483 3.46975755691528 3.4573712348938 3.41840553283691 3.37943983078003 3.34047412872314 3.30150842666626 3.26254272460938 3.22357702255249 3.19051074981689 3.17514276504517 3.15977478027344 3.14440703392029 3.12903904914856 3.11367106437683 3.09830331802368 3.08293533325195 3.0711178779602 3.06048393249512 3.04985022544861 3.03921627998352 3.02858233451843 3.01794862747192 3.00731468200684 3.00369906425476 3.02113890647888 3.03857851028442 3.05601835250854
1.58917796611786 1.64023435115814 1.69129061698914 1.74234688282013 1.79340326786041 1.9443165063858 2.12851548194885 2.31271433830261 2.49691319465637 2.68111205101013 2.86531090736389 3.04951000213623 3.20381212234497 3.26842474937439 3.33303737640381 3.39765000343323 3.46226263046265 3.52687525749207 3.59148788452148 3.6561005115509 3.62615847587585 3.56469798088074 3.50323748588562 3.4417769908905 3.38031649589539 3.31885600090027 3.25739550590515 3.20738625526428 3.19173002243042 3.17607378959656 3.1604175567627 3.14476132392883 3.12910509109497 3.11344885826111 3.09779262542725 3.08931279182434 3.08322525024414 3.07713747024536 3.07104992866516 3.06496214866638 3.05887460708618 3.0527868270874 3.05184650421143 3.06634783744812 3.08084917068481 3.09535026550293
1.60141313076019 1.66559612751007 1.72977912425995 1.79396212100983 1.8581451177597 2.02615833282471 2.22878170013428 2.43140482902527 2.63402819633484 2.83665156364441 3.0392746925354 3.24189805984497 3.4093337059021 3.47120666503906 3.53307938575745 3.59495234489441 3.65682506561279 3.71869802474976 3.78057074546814 3.8424437046051 3.79494547843933 3.71099019050598 3.62703514099121 3.54307985305786 3.45912456512451 3.37516951560974 3.29121422767639 3.22426176071167 3.2083170413971 3.1923725605011 3.1764280796051 3.16048359870911 3.14453887939453 3.12859439849854 3.11264991760254 3.10750770568848 3.10596632957458 3.10442495346069 3.10288333892822 3.10134196281433 3.09980058670044 3.09825921058655 3.09999370574951 3.11155676841736 3.12311959266663 3.13468241691589
1.61364829540253 1.69095802307129 1.76826763153076 1.84557735919952 1.922886967659 2.1080002784729 2.3290479183197 2.5500955581665 2.77114319801331 2.99219083786011 3.21323847770691 3.43428611755371 3.61485528945923 3.67398834228516 3.73312139511108 3.79225444793701 3.85138750076294 3.91052055358887 3.9696536064148 4.02878665924072 3.96373248100281 3.8572826385498 3.75083255767822 3.64438271522522 3.53793287277222 3.43148279190063 3.32503294944763 3.24113726615906 3.22490429878235 3.20867156982422 3.19243860244751 3.1762056350708 3.15997290611267 3.14373993873596 3.12750720977783 3.12570261955261 3.12870740890503 3.13171219825745 3.13471698760986 3.13772177696228 3.1407265663147 3.14373135566711 3.14814114570618 3.15676546096802 3.16539001464844 3.17401432991028
1.62588346004486 1.71631979942322 1.80675613880157 1.89719247817993 1.98762893676758 2.18984198570251 2.42931413650513 2.66878604888916 2.90825819969177 3.14773035049438 3.38720226287842 3.62667441368103 3.82037663459778 3.87677001953125 3.93316340446472 3.98955655097961 4.04594993591309 4.10234308242798 4.15873670578003 4.21512985229492 4.13251972198486 4.00357484817505 3.87463021278381 3.74568557739258 3.61674094200134 3.48779630661011 3.35885143280029 3.25801277160645 3.2414915561676 3.22497034072876 3.20844912528992 3.19192790985107 3.17540693283081 3.15888571739197 3.14236450195312 3.14389753341675 3.15144848823547 3.1589994430542 3.1665506362915 3.17410159111023 3.18165254592896 3.18920373916626 3.19628834724426 3.20197439193726 3.20766043663025 3.21334648132324
1.70347619056702 1.80429244041443 1.90510869026184 2.00592494010925 2.10674118995667 2.3189742565155 2.56834650039673 2.81771850585938 3.0670907497406 3.31646275520325 3.56583476066589 3.81520700454712 4.01655673980713 4.07384014129639 4.13112306594849 4.18840646743774 4.24568939208984 4.3029727935791 4.3602557182312 4.41753911972046 4.33070659637451 4.19583606719971 4.06096506118774 3.92609429359436 3.79122352600098 3.65635275840759 3.52148175239563 3.41468191146851 3.392094373703 3.3695068359375 3.346919298172 3.32433176040649 3.30174398422241 3.27915644645691 3.25656890869141 3.24995875358582 3.2486743927002 3.24739003181458 3.24610567092896 3.24482131004333 3.24353694915771 3.2422525882721 3.2414755821228 3.24222135543823 3.24296712875366 3.24371290206909
1.84642660617828 1.95487594604492 2.06332540512085 2.1717746257782 2.28022384643555 2.49539709091187 2.74614500999451 2.99689269065857 3.24764060974121 3.49838829040527 3.74913620948792 3.99988389015198 4.2033953666687 4.26519823074341 4.32700061798096 4.38880348205566 4.45060586929321 4.51240873336792 4.57421159744263 4.63601398468018 4.55829334259033 4.43406534194946 4.30983686447144 4.18560886383057 4.06138038635254 3.93715214729309 3.81292390823364 3.71114468574524 3.67671275138855 3.64228081703186 3.60784864425659 3.5734167098999 3.53898477554321 3.50455284118652 3.47012066841125 3.44388675689697 3.42038512229919 3.39688372612 3.3733823299408 3.34988069534302 3.32637929916382 3.30287790298462 3.28370261192322 3.27750635147095 3.2713098526001 3.26511335372925
1.98937702178955 2.10545945167542 2.22154188156128 2.33762431144714 2.45370674133301 2.67181992530823 2.92394351959229 3.17606687545776 3.42819046974182 3.68031406402588 3.93243741989136 4.18456077575684 4.39023399353027 4.45655632019043 4.52287864685059 4.58920049667358 4.65552282333374 4.72184467315674 4.78816699981689 4.85448932647705 4.78588056564331 4.67229461669922 4.55870914459229 4.44512319564819 4.3315372467041 4.21795177459717 4.10436582565308 4.00760746002197 3.9613311290741 3.91505479812622 3.86877822875977 3.82250189781189 3.77622532844543 3.72994899749756 3.6836724281311 3.63781452178955 3.59209585189819 3.54637742042542 3.50065898895264 3.45494031906128 3.4092218875885 3.36350321769714 3.32592964172363 3.31279110908508 3.29965257644653 3.28651404380798
2.13232755661011 2.25604295730591 2.37975835800171 2.50347399711609 2.62718939781189 2.84824275970459 3.10174179077148 3.35524106025696 3.60874032974243 3.8622395992279 4.11573886871338 4.36923789978027 4.57707262039185 4.64791440963745 4.71875619888306 4.7895975112915 4.86043930053711 4.93128108978271 5.00212240219116 5.07296419143677 5.01346731185913 4.91052389144897 4.80758094787598 4.70463752746582 4.60169458389282 4.49875116348267 4.39580821990967 4.30407047271729 4.24594974517822 4.187828540802 4.12970781326294 4.07158708572388 4.01346588134766 3.95534515380859 3.89722418785095 3.83174228668213 3.76380681991577 3.69587111473083 3.6279354095459 3.55999994277954 3.4920642375946 3.42412877082825 3.36815690994263 3.3480761051178 3.32799530029297 3.30791473388672
2.27527785301208 2.4066264629364 2.53797507286072 2.66932368278503 2.80067205429077 3.02466535568237 3.27954030036926 3.53441524505615 3.78929018974304 4.04416513442993 4.2990403175354 4.55391502380371 4.76391172409058 4.83927249908447 4.91463375091553 4.98999500274658 5.06535577774048 5.14071702957153 5.21607828140259 5.29143953323364 5.24105405807495 5.14875364303589 5.05645275115967 4.96415233612061 4.87185144424438 4.77955102920532 4.6872501373291 4.6005334854126 4.53056812286377 4.46060276031494 4.39063739776611 4.32067203521729 4.25070667266846 4.18074131011963 4.1107759475708 4.02567005157471 3.93551754951477 3.84536480903625 3.75521206855774 3.6650595664978 3.57490682601929 3.48475408554077 3.41038393974304 3.38336110115051 3.3563380241394 3.32931518554688
2.41822838783264 2.55720996856689 2.69619154930115 2.8351731300354 2.97415494918823 3.20108819007874 3.45733880996704 3.71358942985535 3.96984004974365 4.22609090805054 4.48234128952026 4.73859214782715 4.95075035095215 5.03063058853149 5.110511302948 5.1903920173645 5.27027273178101 5.35015344619751 5.43003368377686 5.50991439819336 5.46864080429077 5.38698291778564 5.30532455444336 5.22366666793823 5.14200830459595 5.06035041809082 4.97869205474854 4.89699602127075 4.81518650054932 4.73337650299072 4.65156698226929 4.56975698471069 4.48794746398926 4.40613746643066 4.32432794570923 4.21959781646729 4.10722827911377 3.99485850334167 3.88248872756958 3.77011895179749 3.65774917602539 3.5453794002533 3.45261096954346 3.41864585876465 3.38468098640442 3.35071587562561
2.59190487861633 2.73748373985291 2.8830623626709 3.02864122390747 3.17421984672546 3.40159201622009 3.65622854232788 3.91086506843567 4.16550159454346 4.42013835906982 4.67477464675903 4.9294114112854 5.14097309112549 5.22331142425537 5.30564975738525 5.38798809051514 5.47032642364502 5.5526647567749 5.63500308990479 5.71734142303467 5.68087673187256 5.60481119155884 5.52874565124512 5.4526801109314 5.37661457061768 5.30054903030396 5.22448348999023 5.14453029632568 5.05291509628296 4.96129941940308 4.86968374252319 4.77806806564331 4.68645238876343 4.5948371887207 4.50322151184082 4.38224983215332 4.25149345397949 4.12073659896851 3.9899799823761 3.85922336578369 3.72846674919128 3.59771013259888 3.48933267593384 3.44809293746948 3.40685319900513 3.36561369895935
2.79630780220032 2.94744753837585 3.09858751296997 3.24972724914551 3.40086722373962 3.62617659568787 3.8762092590332 4.12624216079712 4.37627458572388 4.62630748748779 4.87633991241455 5.12637281417847 5.33458089828491 5.4173150062561 5.5000491142273 5.58278322219849 5.66551733016968 5.74825143814087 5.83098554611206 5.91371965408325 5.877760887146 5.80223798751831 5.72671556472778 5.6511926651001 5.57566976547241 5.50014686584473 5.42462396621704 5.34313631057739 5.24375343322754 5.14437055587769 5.04498815536499 4.94560527801514 4.84622240066528 4.74683952331543 4.64745712280273 4.51362609863281 4.36831283569336 4.22299957275391 4.0776858329773 3.93237257003784 3.78705906867981 3.64174580574036 3.52054905891418 3.47170209884644 3.42285537719727 3.37400841712952
3.00071048736572 3.15741157531738 3.31411242485046 3.47081351280212 3.62751460075378 3.85076141357422 4.09618997573853 4.34161901473999 4.5870475769043 4.83247661590576 5.07790517807007 5.32333421707153 5.52818822860718 5.61131811141968 5.69444799423218 5.77757787704468 5.86070823669434 5.94383811950684 6.02696800231934 6.11009788513184 6.07464551925659 5.99966526031494 5.92468500137329 5.8497052192688 5.77472496032715 5.6997447013855 5.62476444244385 5.54174184799194 5.43459224700928 5.32744216918945 5.22029209136963 5.11314249038696 5.00599241256714 4.89884233474731 4.79169273376465 4.6450023651123 4.48513221740723 4.32526206970215 4.16539192199707 4.00552177429199 3.84565162658691 3.68578147888184 3.55176520347595 3.49531126022339 3.43885731697083 3.38240337371826
3.20511341094971 3.36737537384033 3.52963757514954 3.69189977645874 3.85416173934937 4.07534599304199 4.31617069244385 4.55699586868286 4.79782056808472 5.03864574432373 5.27947044372559 5.5202956199646 5.72179555892944 5.80532121658325 5.88884735107422 5.97237300872803 6.05589914321899 6.1394248008728 6.22295045852661 6.30647659301758 6.27152967453003 6.19709253311157 6.12265491485596 6.04821729660034 5.97378015518188 5.89934253692627 5.82490491867065 5.74034786224365 5.62543058395386 5.51051330566406 5.39559650421143 5.28067922592163 5.16576242446899 5.0508451461792 4.9359278678894 4.7763786315918 4.60195159912109 4.42752456665039 4.25309801101685 4.07867097854614 3.90424394607544 3.72981715202332 3.5829815864563 3.51892042160034 3.45485925674438 3.39079809188843
