data/working_set_collections/6091692-Cassins_Sparrow-M2/1985/evpsoil_avg.asc
NCOLS 265 
NROWS 230 
XLLCORNER -115.5625 
YLLCORNER 24.8333333333333 
CELLSIZE 0.0833333333333333 
NODATA_value -9999 
[rows 140 to 159 of 230, columns 46 to 91 of 265]
25.1609306335449 25.6552085876465 26.1494884490967 26.6437683105469 27.1380462646484 27.6323261260986 27.6281719207764 27.4578723907471 27.2875728607178 27.1172733306885 26.9469738006592 26.7766742706299 26.6063747406006 26.5249328613281 26.7100582122803 26.8951835632324 27.0803089141846 27.2654361724854 27.4505615234375 27.6356868743896 27.8208141326904 27.8446102142334 27.8146286010742 27.7846488952637 27.7546691894531 27.7246875762939 27.6947078704834 27.6647281646729 27.6488285064697 27.6751708984375 27.7015132904053 27.727855682373 27.7541980743408 27.7805404663086 27.8068828582764 27.8332252502441 27.7947845458984 27.7347469329834 27.674711227417 27.614673614502 27.5546379089355 27.4946002960205 27.4345645904541 27.3284168243408 27.0839405059814 26.8394641876221
25.7252044677734 26.1662750244141 26.6073455810547 27.0484161376953 27.4894866943359 27.9305572509766 27.9276428222656 27.7767333984375 27.6258220672607 27.4749126434326 27.3240032196045 27.1730937957764 27.0221824645996 26.9499492645264 27.1137409210205 27.2775344848633 27.4413261413574 27.6051197052002 27.7689113616943 27.9327049255371 28.0964965820312 28.1062564849854 28.0646743774414 28.0230903625488 27.9815082550049 27.9399242401123 27.8983421325684 27.8567581176758 27.8141078948975 27.7682571411133 27.7224063873291 27.6765556335449 27.6307048797607 27.5848541259766 27.5390033721924 27.4931526184082 27.4126682281494 27.3206405639648 27.2286109924316 27.1365833282471 27.0445556640625 26.9525279998779 26.8605003356934 26.7419242858887 26.5437049865723 26.3454856872559
26.2894802093506 26.6773414611816 27.0652046203613 27.4530658721924 27.8409271240234 28.2287883758545 28.2271137237549 28.0955944061279 27.9640731811523 27.8325538635254 27.7010326385498 27.5695114135742 27.4379920959473 27.3749656677246 27.5174255371094 27.6598834991455 27.8023433685303 27.944803237915 28.0872611999512 28.2297210693359 28.3721809387207 28.3679046630859 28.3147201538086 28.2615337371826 28.2083473205566 28.1551609039307 28.1019744873047 28.0487880706787 27.9793872833252 27.8613433837891 27.7432994842529 27.6252555847168 27.507209777832 27.3891658782959 27.2711219787598 27.1530780792236 27.0305519104004 26.9065322875977 26.7825126647949 26.6584930419922 26.5344753265381 26.4104557037354 26.2864360809326 26.1554317474365 26.0034694671631 25.8515071868896
26.8537559509277 27.1884078979492 27.5230617523193 27.8577156066895 28.1923675537109 28.5270214080811 28.5265865325928 28.4144554138184 28.3023242950439 28.1901931762695 28.0780620574951 27.9659309387207 27.8537998199463 27.7999820709229 27.9211082458496 28.0422344207764 28.1633605957031 28.2844867706299 28.4056129455566 28.5267372131348 28.6478633880615 28.6295528411865 28.5647640228271 28.4999752044678 28.4351863861084 28.370397567749 28.3056087493896 28.2408199310303 28.1446685791016 27.9544296264648 27.7641925811768 27.57395362854 27.383716583252 27.1934795379639 27.0032405853271 26.8130035400391 26.6484355926514 26.4924240112305 26.3364143371582 26.1804027557373 26.024393081665 25.8683834075928 25.7123718261719 25.5689373016357 25.4632320404053 25.3575286865234
27.3092975616455 27.6160430908203 27.9227905273438 28.2295379638672 28.536283493042 28.8430309295654 28.8457069396973 28.7470264434814 28.6483459472656 28.5496654510498 28.450984954834 28.3523044586182 28.2536220550537 28.2085723876953 28.3244113922119 28.4402503967285 28.5560874938965 28.6719264984131 28.7877655029297 28.9036045074463 29.0194435119629 28.9944362640381 28.9224815368652 28.850528717041 28.7785739898682 28.7066192626953 28.6346645355225 28.5627098083496 28.4483489990234 28.2067623138428 27.9651775360107 27.7235927581787 27.4820079803467 27.2404232025146 26.998836517334 26.757251739502 26.5548553466797 26.3655204772949 26.1761856079102 25.986852645874 25.7975177764893 25.6081829071045 25.4188499450684 25.255895614624 25.172082901001 25.0882720947266
27.6561050415039 27.9602470397949 28.2643909454346 28.5685329437256 28.8726749420166 29.1768188476562 29.184476852417 29.0933074951172 29.0021381378174 28.9109687805176 28.8197994232178 28.728630065918 28.6374607086182 28.6007328033447 28.727331161499 28.8539295196533 28.9805278778076 29.1071243286133 29.2337226867676 29.3603210449219 29.4869174957275 29.4625549316406 29.3878726959229 29.3131904602051 29.2385082244873 29.1638259887695 29.0891437530518 29.014461517334 28.8904285430908 28.6183414459229 28.3462562561035 28.0741691589355 27.8020839691162 27.5299968719482 27.2579116821289 26.9858245849609 26.7498111724854 26.5258197784424 26.301830291748 26.0778388977051 25.8538494110107 25.6298580169678 25.4058685302734 25.2163047790527 25.1300201416016 25.043737411499
28.0029125213623 28.3044509887695 28.6059894561768 28.907527923584 29.2090682983398 29.5106067657471 29.5232467651367 29.4395904541016 29.3559322357178 29.272274017334 29.1886157989502 29.1049575805664 29.0212993621826 28.9928951263428 29.1302528381348 29.2676086425781 29.4049663543701 29.5423221588135 29.6796798706055 29.8170356750488 29.9543933868408 29.9306755065918 29.8532638549805 29.7758541107178 29.6984443664551 29.6210327148438 29.5436229705811 29.4662132263184 29.3325080871582 29.0299205780029 28.7273349761963 28.424747467041 28.1221599578857 27.8195724487305 27.5169849395752 27.2143993377686 26.944766998291 26.6861190795898 26.4274730682373 26.1688270568848 25.9101791381836 25.6515331268311 25.3928871154785 25.1767120361328 25.0879592895508 24.9992046356201
28.3497200012207 28.6486549377441 28.9475898742676 29.246524810791 29.5454597473145 29.8443946838379 29.8620185852051 29.7858715057373 29.7097244262695 29.6335773468018 29.557430267334 29.4812850952148 29.4051380157471 29.3850574493408 29.5331726074219 29.6812877655029 29.8294048309326 29.9775199890137 30.1256370544434 30.2737522125244 30.4218692779541 30.3987941741943 30.3186550140381 30.2385177612305 30.1583786010742 30.0782413482666 29.9981021881104 29.9179649353027 29.7745895385742 29.441499710083 29.1084117889404 28.7753238677979 28.4422359466553 28.1091480255127 27.7760601043701 27.4429721832275 27.1397228240967 26.8464202880859 26.5531158447266 26.2598133087158 25.9665107727051 25.6732082366943 25.3799057006836 25.1371212005615 25.0458965301514 24.9546699523926
28.6965274810791 28.9928588867188 29.2891902923584 29.5855197906494 29.8818511962891 30.1781826019287 30.2007884979248 30.132152557373 30.0635166168213 29.9948825836182 29.9262466430664 29.8576107025146 29.7889766693115 29.7772178649902 29.936092376709 30.0949687957764 30.2538433074951 30.4127178192139 30.5715942382812 30.73046875 30.8893432617188 30.8669128417969 30.7840461730957 30.7011795043945 30.618314743042 30.5354480743408 30.4525814056396 30.3697166442871 30.2166690826416 29.8530788421631 29.4894905090332 29.1259021759033 28.7623119354248 28.3987236022949 28.0351333618164 27.6715450286865 27.3346786499023 27.0067195892334 26.6787605285645 26.3508014678955 26.0228424072266 25.6948833465576 25.3669242858887 25.0975303649902 25.003833770752 24.910135269165
29.0433349609375 29.3370628356934 29.6307888031006 29.9245166778564 30.2182426452637 30.5119705200195 30.5395584106445 30.4784355163574 30.4173107147217 30.3561859130859 30.2950630187988 30.2339382171631 30.1728134155273 30.1693801879883 30.3390140533447 30.5086479187012 30.6782817840576 30.8479156494141 31.0175495147705 31.1871852874756 31.356819152832 31.3350315093994 31.2494373321533 31.1638431549072 31.0782489776611 30.992654800415 30.9070606231689 30.8214664459229 30.658748626709 30.2646579742432 29.870569229126 29.4764785766602 29.0823879241943 28.6882991790771 28.2942085266113 27.9001178741455 27.529634475708 27.1670188903809 26.8044033050537 26.4417877197266 26.0791721343994 25.7165584564209 25.3539428710938 25.0579395294189 24.9617710113525 24.8656024932861
29.2585983276367 29.5693473815918 29.8800964355469 30.190845489502 30.501594543457 30.8123435974121 30.8315906524658 30.7536697387695 30.6757507324219 30.5978298187256 30.5199108123779 30.4419898986816 30.364070892334 30.3521671295166 30.5383148193359 30.7244625091553 30.9106101989746 31.0967578887939 31.2829036712646 31.469051361084 31.6551990509033 31.6276931762695 31.5289688110352 31.4302444458008 31.3315200805664 31.2327976226807 31.1340732574463 31.0353488922119 30.8612995147705 30.4612731933594 30.0612468719482 29.6612205505371 29.2611923217773 28.8611660003662 28.4611396789551 28.0611133575439 27.6899700164795 27.3284511566162 26.9669342041016 26.6054172515869 26.2439002990723 25.882381439209 25.5208644866943 25.2239761352539 25.1209774017334 25.0179767608643
29.3423194885254 29.6897163391113 30.0371112823486 30.3845081329346 30.7319049835205 31.0792999267578 31.07688331604 30.9578590393066 30.8388366699219 30.7198143005371 30.6007919311523 30.4817695617676 30.3627452850342 30.3255825042725 30.5339965820312 30.7424125671387 30.9508266448975 31.1592407226562 31.367654800415 31.5760707855225 31.7844848632812 31.7448959350586 31.6226406097412 31.5003833770752 31.3781280517578 31.2558727264404 31.1336154937744 31.011360168457 30.8243179321289 30.4429206848145 30.0615234375 29.6801242828369 29.2987270355225 28.9173278808594 28.5359306335449 28.1545333862305 27.8156833648682 27.4910182952881 27.166353225708 26.8416881561279 26.5170211791992 26.1923561096191 25.8676910400391 25.5956439971924 25.4814510345459 25.3672580718994
29.4260406494141 29.8100833892822 30.194128036499 30.5781707763672 30.962215423584 31.3462581634521 31.3221740722656 31.1620502471924 31.0019245147705 30.8417987823486 30.6816730499268 30.5215473175049 30.361421585083 30.2989978790283 30.5296802520752 30.7603607177734 30.9910430908203 31.2217254638672 31.4524059295654 31.6830883026123 31.9137706756592 31.8621006011963 31.7163124084473 31.5705242156982 31.4247360229492 31.2789478302002 31.1331596374512 30.9873714447021 30.7873382568359 30.4245681762695 30.0618000030518 29.6990299224854 29.3362598419189 28.9734897613525 28.6107215881348 28.2479515075684 27.9413986206055 27.65358543396 27.3657722473145 27.0779571533203 26.7901439666748 26.5023307800293 26.2145175933838 25.9673099517822 25.841926574707 25.7165412902832
29.5097618103027 29.9304523468018 30.3511428833008 30.7718334197998 31.1925258636475 31.6132164001465 31.5674667358398 31.3662395477295 31.1650104522705 30.9637813568115 30.7625541687012 30.5613250732422 30.3600959777832 30.2724132537842 30.5253620147705 30.7783107757568 31.0312595367432 31.2842082977295 31.5371570587158 31.7901077270508 32.0430564880371 31.9793033599854 31.8099822998047 31.6406631469727 31.4713439941406 31.30202293396 31.1327037811279 30.9633827209473 30.750358581543 30.4062175750732 30.0620765686035 29.7179355621338 29.3737926483154 29.0296516418457 28.685510635376 28.3413696289062 28.0671138763428 27.8161525726318 27.5651893615723 27.3142280578613 27.0632667541504 26.8123054504395 26.5613422393799 26.3389778137207 26.2024002075195 26.0658226013184
29.5934810638428 30.0508193969727 30.5081577301025 30.9654960632324 31.4228343963623 31.8801727294922 31.8127593994141 31.5704288482666 31.3280963897705 31.085765838623 30.8434352874756 30.6011028289795 30.358772277832 30.2458267211914 30.5210437774658 30.7962608337402 31.071475982666 31.3466930389404 31.6219081878662 31.8971252441406 32.1723403930664 32.096508026123 31.9036540985107 31.7108020782471 31.5179500579834 31.3250980377197 31.1322460174561 30.9393939971924 30.7133769989014 30.3878650665283 30.0623531341553 29.7368392944336 29.4113273620605 29.0858135223389 28.7603015899658 28.4347896575928 28.1928291320801 27.9787178039551 27.7646083831787 27.5504989624023 27.336389541626 27.122278213501 26.9081687927246 26.7106437683105 26.562873840332 26.4151058197021
29.6772022247314 30.1711883544922 30.6651744842529 31.1591606140137 31.6531448364258 32.1471328735352 32.0580520629883 31.7746181488037 31.4911842346191 31.2077503204346 30.92431640625 30.6408805847168 30.3574466705322 30.2192420959473 30.5167255401611 30.814208984375 31.1116924285889 31.4091758728027 31.7066593170166 32.0041427612305 32.301628112793 32.2137107849121 31.9973258972168 31.7809429168701 31.5645580291748 31.3481750488281 31.1317901611328 30.9154071807861 30.6763973236084 30.3695125579834 30.062629699707 29.755744934082 29.448860168457 29.141975402832 28.8350925445557 28.5282077789307 28.3185424804688 28.141284942627 27.9640274047852 27.7867698669434 27.6095104217529 27.4322528839111 27.2549953460693 27.082311630249 26.9233493804932 26.7643871307373
29.6495246887207 30.1748332977295 30.7001438140869 31.2254524230957 31.7507610321045 32.2760696411133 32.1662368774414 31.8446922302246 31.5231456756592 31.2015991210938 30.8800525665283 30.5585060119629 30.2369594573975 30.0739631652832 30.3866138458252 30.6992664337158 31.0119171142578 31.3245697021484 31.6372203826904 31.9498729705811 32.262523651123 32.1732559204102 31.9500160217285 31.7267761230469 31.5035362243652 31.2802963256836 31.0570545196533 30.8338146209717 30.5974445343018 30.321683883667 30.0459251403809 29.7701644897461 29.4944038391113 29.2186431884766 28.9428844451904 28.6671237945557 28.5040035247803 28.3784313201904 28.2528591156006 28.1272869110107 28.0017147064209 27.8761405944824 27.7505683898926 27.6154937744141 27.4519119262695 27.288330078125
29.5104503631592 30.0617580413818 30.6130676269531 31.1643753051758 31.7156829833984 32.2669906616211 32.1373176574707 31.7806491851807 31.4239807128906 31.0673122406006 30.7106437683105 30.3539772033691 29.9973087310791 29.8099880218506 30.130708694458 30.4514293670654 30.7721500396729 31.0928707122803 31.4135913848877 31.7343120574951 32.0550308227539 31.9751472473145 31.7617263793945 31.5483055114746 31.3348846435547 31.1214618682861 30.9080410003662 30.6946201324463 30.4765186309814 30.2443790435791 30.0122394561768 29.7800979614258 29.5479583740234 29.3158187866211 29.0836772918701 28.8515377044678 28.7492122650146 28.6901588439941 28.6311054229736 28.5720520019531 28.5129985809326 28.4539432525635 28.394889831543 28.3101921081543 28.1485614776611 27.9869327545166
29.3713760375977 29.9486827850342 30.5259895324707 31.1032981872559 31.6806049346924 32.2579116821289 32.1083984375 31.7166061401367 31.3248176574707 30.9330272674561 30.5412368774414 30.1494464874268 29.7576560974121 29.5460109710693 29.8748016357422 30.203592300415 30.5323810577393 30.8611717224121 31.1899604797363 31.5187511444092 31.847541809082 31.7770366668701 31.5734348297119 31.3698329925537 31.1662311553955 30.9626293182373 30.7590274810791 30.5554256439209 30.3555946350098 30.1670742034912 29.9785537719727 29.7900333404541 29.6015129089355 29.412992477417 29.2244720458984 29.0359516143799 28.9944190979004 29.0018844604492 29.009349822998 29.0168151855469 29.0242805480957 29.0317459106445 29.0392112731934 29.0048904418945 28.8452129364014 28.6855354309082
29.2322998046875 29.8356075286865 30.4389133453369 31.0422191619873 31.6455268859863 32.2488327026367 32.079475402832 31.6525650024414 31.2256526947021 30.7987403869629 30.3718299865723 29.944917678833 29.5180053710938 29.2820358276367 29.618896484375 29.9557552337646 30.2926139831543 30.6294727325439 30.9663314819336 31.3031902313232 31.6400489807129 31.5789279937744 31.3851451873779 31.1913623809814 30.997579574585 30.8037967681885 30.610013961792 30.4162311553955 30.2346687316895 30.0897674560547 29.9448680877686 29.7999668121338 29.655065536499 29.5101661682129 29.3652648925781 29.2203636169434 29.2396278381348 29.3136119842529 29.3875961303711 29.4615802764893 29.5355644226074 29.6095485687256 29.6835327148438 29.6995906829834 29.5418643951416 29.3841361999512
