data/working_set_collections/6091692-Cassins_Sparrow-M2/1985/evpsoil_avg.asc
NCOLS 265 
NROWS 230 
XLLCORNER -115.5625 
YLLCORNER 24.8333333333333 
CELLSIZE 0.0833333333333333 
NODATA_value -9999 
[rows 120 to 139 of 230, columns 138 to 183 of 265]
31.9665813446045 32.1054000854492 32.2442207336426 32.3830375671387 32.0978813171387 31.6713981628418 31.2449169158936 30.8184337615967 30.3919506072998 29.9654674530029 29.5389842987061 29.266809463501 29.4575595855713 29.6483116149902 29.8390617370605 30.0298118591309 30.2205638885498 30.4113140106201 30.6020641326904 30.7939910888672 30.9863109588623 31.1786289215088 31.3709468841553 31.5632667541504 31.7555847167969 31.947904586792 32.0952224731445 32.1075477600098 32.119873046875 32.132194519043 32.1445198059082 32.1568412780762 32.1691665649414 32.1814880371094 32.2635917663574 32.3689498901367 32.474308013916 32.5796661376953 32.6850280761719 32.7903861999512 32.8957443237305 32.9954032897949 33.0779609680176 33.160514831543 33.2430686950684 33.325626373291
31.753568649292 31.8520584106445 31.9505481719971 32.0490379333496 31.7781524658203 31.3841457366943 30.9901371002197 30.5961284637451 30.2021198272705 29.8081111907959 29.4141025543213 29.159122467041 29.3212280273438 29.4833335876465 29.6454391479492 29.807544708252 29.9696502685547 30.1317558288574 30.2938613891602 30.5578689575195 30.855842590332 31.1538143157959 31.4517879486084 31.7497615814209 32.0477333068848 32.3457069396973 32.555233001709 32.4994125366211 32.4435920715332 32.387767791748 32.3319473266602 32.2761268615723 32.2203063964844 32.1644859313965 32.2248306274414 32.323902130127 32.4229698181152 32.5220375061035 32.6211090087891 32.7201766967773 32.8192443847656 32.9161605834961 33.0066184997559 33.0970726013184 33.1875267028809 33.2779846191406
31.5405559539795 31.5987148284912 31.6568756103516 31.7150344848633 31.458423614502 31.0968914031982 30.7353572845459 30.3738231658936 30.0122890472412 29.6507568359375 29.2892227172852 29.0514373779297 29.1848983764648 29.3183574676514 29.4518184661865 29.5852794647217 29.7187385559082 29.8521995544434 29.9856605529785 30.3217468261719 30.7253742218018 31.1290016174316 31.5326290130615 31.9362564086914 32.3398857116699 32.7435111999512 33.0152397155762 32.8912734985352 32.7673072814941 32.6433448791504 32.5193786621094 32.3954124450684 32.2714462280273 32.1474800109863 32.1860733032227 32.2788505554199 32.3716316223145 32.4644088745117 32.5571899414062 32.6499671936035 32.742748260498 32.8369216918945 32.9352760314941 33.0336303710938 33.1319847106934 33.230339050293
31.327543258667 31.3453731536865 31.3632030487061 31.3810329437256 31.1386947631836 30.8096370697021 30.4805774688721 30.151517868042 29.8224601745605 29.4934005737305 29.1643409729004 28.9437503814697 29.0485668182373 29.1533813476562 29.2581958770752 29.3630123138428 29.4678268432617 29.5726432800293 29.6774578094482 30.0856227874756 30.5949058532715 31.1041870117188 31.6134700775146 32.1227531433105 32.6320343017578 33.1413154602051 33.4752502441406 33.2831382751465 33.0910263061523 32.8989181518555 32.7068061828613 32.5146942138672 32.3225860595703 32.1304740905762 32.1473121643066 32.2338027954102 32.3202896118164 32.4067802429199 32.4932708740234 32.5797576904297 32.6662483215332 32.7576789855957 32.8639335632324 32.9701881408691 33.0764427185059 33.1826972961426
31.1145305633545 31.0920295715332 31.0695304870605 31.0470294952393 30.8189678192139 30.5223827362061 30.2257976531982 29.9292144775391 29.6326293945312 29.3360443115234 29.0394611358643 28.8360652923584 28.9122352600098 28.9884052276611 29.0645751953125 29.1407451629639 29.2169151306152 29.2930850982666 29.369255065918 29.8495006561279 30.4644374847412 31.0793743133545 31.6943092346191 32.3092460632324 32.9241828918457 33.539119720459 33.9352569580078 33.6750030517578 33.4147453308105 33.1544914245605 32.8942375183105 32.6339797973633 32.3737258911133 32.113468170166 32.1085548400879 32.1887550354004 32.2689514160156 32.3491516113281 32.4293518066406 32.5095481872559 32.5897483825684 32.6784362792969 32.7925910949707 32.9067459106445 33.0209007263184 33.1350555419922
30.901517868042 30.8386878967285 30.775857925415 30.7130279541016 30.4992389678955 30.23512840271 29.9710178375244 29.7069091796875 29.442798614502 29.178689956665 28.9145793914795 28.7283782958984 28.7759037017822 28.823429107666 28.8709526062012 28.918478012085 28.9660034179688 29.0135288238525 29.0610523223877 29.6133785247803 30.3339691162109 31.0545597076416 31.7751502990723 32.4957427978516 33.2163314819336 33.9369239807129 34.3952674865723 34.0668678283691 33.7384643554688 33.4100646972656 33.0816650390625 32.7532653808594 32.4248657226562 32.0964622497559 32.0697937011719 32.1437034606934 32.2176132202148 32.2915229797363 32.3654327392578 32.439338684082 32.5132484436035 32.599193572998 32.721248626709 32.8433036804199 32.9653549194336 33.0874099731445
30.8101654052734 30.718822479248 30.6274795532227 30.5361347198486 30.3233070373535 30.0699825286865 29.8166580200195 29.5633354187012 29.3100109100342 29.0566864013672 28.8033638000488 28.6158695220947 28.6258659362793 28.6358623504639 28.6458587646484 28.655855178833 28.6658515930176 28.6758480072021 28.6858444213867 29.3175048828125 30.1563854217529 30.995267868042 31.8341484069824 32.6730308532715 33.5119094848633 34.3507919311523 34.8797836303711 34.4791069030762 34.0784301757812 33.6777572631836 33.2770805358887 32.8764038085938 32.4757270812988 32.0750503540039 32.0285491943359 32.1001052856445 32.1716613769531 32.2432174682617 32.3147735595703 32.3863296508789 32.4578895568848 32.5428581237793 32.6680641174316 32.7932739257812 32.9184799194336 33.0436897277832
30.8404750823975 30.7324352264404 30.6243934631348 30.5163536071777 30.2911720275879 30.0269451141357 29.7627182006836 29.4984912872314 29.2342643737793 28.9700374603271 28.705810546875 28.4985370635986 28.462121963501 28.4257049560547 28.389289855957 28.3528747558594 28.3164596557617 28.2800445556641 28.2436294555664 28.9618797302246 29.9316883087158 30.901496887207 31.8713035583496 32.8411102294922 33.810920715332 34.7807273864746 35.3888130187988 34.9117279052734 34.4346466064453 33.9575614929199 33.4804763793945 33.0033950805664 32.526309967041 32.0492286682129 31.9848117828369 32.0579528808594 32.1310958862305 32.2042388916016 32.2773818969727 32.3505249023438 32.4236640930176 32.5094261169434 32.6330413818359 32.7566566467285 32.8802757263184 33.0038909912109
30.8707847595215 30.7460460662842 30.6213073730469 30.4965705871582 30.2590389251709 29.983907699585 29.7087783813477 29.4336490631104 29.1585178375244 28.8833885192871 28.6082572937012 28.3812046051025 28.298376083374 28.2155494689941 28.1327228546143 28.0498943328857 27.9670677185059 27.884241104126 27.8014125823975 28.6062564849854 29.7069911956787 30.8077259063721 31.9084587097168 33.0091934204102 34.1099281311035 35.2106628417969 35.8978385925293 35.3443489074707 34.7908592224121 34.2373657226562 33.6838760375977 33.1303863525391 32.5768966674805 32.0234031677246 31.9410762786865 32.0158042907715 32.0905342102051 32.1652603149414 32.2399864196777 32.3147163391113 32.3894424438477 32.4759941101074 32.5980186462402 32.720043182373 32.8420677185059 32.9640922546387
30.9010944366455 30.7596588134766 30.6182231903076 30.4767875671387 30.2269039154053 29.9408702850342 29.6548385620117 29.3688049316406 29.0827713012695 28.7967395782471 28.510705947876 28.2638702392578 28.1346321105957 28.005392074585 27.8761539459229 27.7469139099121 27.61767578125 27.4884357452393 27.3591976165771 28.2506332397461 29.4822940826416 30.7139549255371 31.9456157684326 33.1772766113281 34.408935546875 35.6405982971191 36.406867980957 35.776969909668 35.1470718383789 34.5171737670898 33.8872756958008 33.2573776245117 32.6274795532227 31.9975814819336 31.8973407745361 31.973653793335 32.0499687194824 32.1262817382812 32.2025947570801 32.2789077758789 32.3552207946777 32.4425621032715 32.5629959106445 32.6834259033203 32.8038597106934 32.9242935180664
30.9314022064209 30.7732696533203 30.6151371002197 30.4570045471191 30.1947689056396 29.8978328704834 29.6008968353271 29.3039608001709 29.0070247650146 28.7100887298584 28.4131526947021 28.1465377807617 27.9708881378174 27.7952365875244 27.6195850372314 27.4439353942871 27.2682838439941 27.0926322937012 26.9169807434082 27.8950099945068 29.2575969696045 30.6201839447021 31.9827709197998 33.3453559875488 34.7079429626465 36.0705299377441 36.9158973693848 36.2095909118652 35.5032844543457 34.7969779968262 34.0906753540039 33.3843688964844 32.6780624389648 31.9717578887939 31.8536052703857 31.9315052032471 32.0094032287598 32.0873031616211 32.1651992797852 32.2430992126465 32.3209991455078 32.4091339111328 32.5279731750488 32.6468124389648 32.7656517028809 32.8844909667969
30.9617118835449 30.7868824005127 30.6120529174805 30.4372215270996 30.1626358032227 29.8547973632812 29.5469570159912 29.2391185760498 28.9312782287598 28.6234397888184 28.315601348877 28.0292053222656 27.8071422576904 27.5850791931152 27.3630180358887 27.1409549713135 26.9188919067383 26.6968288421631 26.4747657775879 27.5393848419189 29.0328979492188 30.5264129638672 32.0199241638184 33.5134391784668 35.0069541931152 36.5004653930664 37.4249229431152 36.6422119140625 35.8594970703125 35.0767860412598 34.2940711975098 33.511360168457 32.7286491394043 31.9459342956543 31.8098697662354 31.8893547058105 31.9688377380371 32.0483245849609 32.1278076171875 32.2072906494141 32.2867774963379 32.3757019042969 32.4929504394531 32.6101951599121 32.7274436950684 32.8446922302246
30.8832054138184 30.6834735870361 30.4837436676025 30.2840118408203 30.0061836242676 29.7023239135742 29.3984642028809 29.0946044921875 28.7907447814941 28.4868850708008 28.1830253601074 27.9067802429199 27.7133750915527 27.5199699401855 27.3265628814697 27.1331577301025 26.9397525787354 26.7463474273682 26.552942276001 27.6228828430176 29.1139392852783 30.6049957275391 32.0960540771484 33.5871086120605 35.0781669616699 36.569221496582 37.4895324707031 36.6976051330566 35.9056739807129 35.1137466430664 34.3218193054199 33.5298919677734 32.7379608154297 31.9460334777832 31.8063316345215 31.8840370178223 31.9617443084717 32.0394515991211 32.1171569824219 32.1948623657227 32.2725677490234 32.3589019775391 32.4711112976074 32.5833206176758 32.6955299377441 32.8077430725098
30.6958847045898 30.4630470275879 30.2302093505859 29.997371673584 29.725414276123 29.4404163360596 29.1554203033447 28.8704223632812 28.5854244232178 28.3004264831543 28.0154285430908 27.779260635376 27.689582824707 27.5999031066895 27.5102252960205 27.4205455780029 27.330867767334 27.241189956665 27.1515102386475 28.1455020904541 29.5007190704346 30.8559341430664 32.2111511230469 33.5663642883301 34.9215812683105 36.276798248291 37.1097221374512 36.3757705688477 35.6418151855469 34.9078636169434 34.1739120483398 33.4399604797363 32.7060089111328 31.9720554351807 31.8429908752441 31.9155540466309 31.9881191253662 32.0606842041016 32.1332473754883 32.2058143615723 32.278377532959 32.3587341308594 32.462459564209 32.5661849975586 32.6699104309082 32.7736358642578
30.5085620880127 30.242618560791 29.976676940918 29.7107334136963 29.4446449279785 29.1785106658936 28.91237449646 28.6462383270264 28.3801021575928 28.1139659881592 27.8478317260742 27.651741027832 27.6657886505127 27.679838180542 27.6938858032227 27.7079334259033 27.7219829559326 27.7360305786133 27.7500782012939 28.6681213378906 29.8874969482422 31.1068725585938 32.3262481689453 33.5456237792969 34.7649993896484 35.9843711853027 36.7299118041992 36.0539321899414 35.3779563903809 34.7019805908203 34.0260047912598 33.3500289916992 32.6740531921387 31.9980754852295 31.8796482086182 31.9470710754395 32.0144958496094 32.081916809082 32.149341583252 32.2167625427246 32.2841873168945 32.3585624694824 32.4538078308105 32.5490493774414 32.6442909240723 32.7395324707031
30.3212413787842 30.0221920013428 29.7231426239014 29.4240951538086 29.1638774871826 28.9166030883789 28.6693286895752 28.4220542907715 28.1747817993164 27.9275074005127 27.680233001709 27.5242214202881 27.641996383667 27.7597713470459 27.8775463104248 27.9953212738037 28.1130962371826 28.2308712005615 28.3486461639404 29.1907424926758 30.2742767333984 31.3578109741211 32.4413452148438 33.5248794555664 34.6084136962891 35.6919479370117 36.35009765625 35.7320976257324 35.1140975952148 34.4960975646973 33.8780975341797 33.2600975036621 32.6420974731445 32.024097442627 31.9163074493408 31.978588104248 32.0408706665039 32.1031532287598 32.1654319763184 32.2277145385742 32.2899932861328 32.3583946228027 32.4451522827148 32.5319137573242 32.6186714172363 32.7054290771484
30.133918762207 29.8017654418945 29.4696102142334 29.1374549865723 28.8831081390381 28.6546955108643 28.4262847900391 28.1978721618652 27.9694595336914 27.7410488128662 27.5126361846924 27.3967018127441 27.6182041168213 27.8397064208984 28.0612087249756 28.2827091217041 28.5042114257812 28.7257137298584 28.9472160339355 29.7133617401123 30.6610546112061 31.6087493896484 32.5564422607422 33.5041351318359 34.451831817627 35.3995246887207 35.970287322998 35.4102630615234 34.8502388000488 34.2902145385742 33.7301902770996 33.170166015625 32.6101417541504 32.0501174926758 31.9529666900635 32.0101051330566 32.0672454833984 32.1243858337402 32.181526184082 32.2386627197266 32.2958030700684 32.358226776123 32.4365005493164 32.5147743225098 32.5930519104004 32.6713256835938
29.9465980529785 29.5813369750977 29.2160758972168 28.8508167266846 28.6023387908936 28.3927879333496 28.1832389831543 27.9736881256104 27.764139175415 27.5545883178711 27.3450393676758 27.2691841125488 27.5944118499756 27.9196395874023 28.2448692321777 28.5700969696045 28.8953266143799 29.2205543518066 29.545783996582 30.2359809875488 31.0478343963623 31.8596858978271 32.6715393066406 33.4833946228027 34.2952461242676 35.1071014404297 35.5904769897461 35.0884284973145 34.5863800048828 34.0843315124512 33.5822830200195 33.0802345275879 32.5781860351562 32.0761375427246 31.9896259307861 32.0416221618652 32.093620300293 32.1456184387207 32.1976165771484 32.2496147155762 32.3016128540039 32.3580589294434 32.427848815918 32.4976387023926 32.5674285888672 32.6372222900391
29.7141857147217 29.3537940979004 28.9934043884277 28.6330127716064 28.4079132080078 28.2279090881348 28.0479068756104 27.8679027557373 27.6879005432129 27.5078964233398 27.3278942108154 27.2888278961182 27.6725673675537 28.0563087463379 28.4400482177734 28.8237895965576 29.2075290679932 29.5912704467773 29.9750099182129 30.5901260375977 31.2823657989502 31.9746074676514 32.6668472290039 33.3590888977051 34.0513305664062 34.7435684204102 35.1531219482422 34.7146186828613 34.2761116027832 33.8376083374023 33.3991012573242 32.9605979919434 32.5220909118652 32.0835876464844 32.0163269042969 32.0728149414062 32.1293067932129 32.1857948303223 32.2422866821289 32.2987747192383 32.3552665710449 32.4107933044434 32.4634323120117 32.5160713195801 32.5687065124512 32.6213455200195
29.4366855621338 29.1191387176514 28.8015918731689 28.4840450286865 28.2998294830322 28.1600589752197 28.0202884674072 27.8805160522461 27.7407455444336 27.6009731292725 27.46120262146 27.4556331634521 27.8526706695557 28.2497081756592 28.6467456817627 29.0437831878662 29.4408206939697 29.8378582000732 30.2348957061768 30.7757968902588 31.364652633667 31.9535102844238 32.542366027832 33.1312217712402 33.7200775146484 34.3089332580566 34.6582260131836 34.2888298034668 33.9194374084473 33.5500411987305 33.1806449890137 32.8112487792969 32.4418525695801 32.0724601745605 32.0330696105957 32.103687286377 32.1743011474609 32.2449150085449 32.3155288696289 32.3861465454102 32.4567604064941 32.5164260864258 32.5432472229004 32.5700645446777 32.5968856811523 32.6237030029297
