data/working_set_collections/6091692-Cassins_Sparrow-M2/1985/evpsoil_avg.asc
NCOLS 265 
NROWS 230 
XLLCORNER -115.5625 
YLLCORNER 24.8333333333333 
CELLSIZE 0.0833333333333333 
NODATA_value -9999 
[rows 180 to 199 of 230, columns 184 to 229 of 265]
32.2902641296387 32.6286125183105 32.9669609069824 33.1775741577148 33.3456115722656 33.5136489868164 33.6816825866699 33.8497200012207 34.0177574157715 34.1857948303223 34.4040145874023 34.7727966308594 35.1415786743164 35.5103569030762 35.8791389465332 36.247917175293 36.61669921875 36.985481262207 36.9275054931641 36.7272758483887 36.5270500183105 36.3268203735352 36.1265907287598 35.9263648986816 35.7261352539062 35.6371154785156 35.881721496582 36.1263236999512 36.3709297180176 36.6155319213867 36.8601341247559 37.1047401428223 37.3493423461914 37.740650177002 38.1808547973633 38.6210632324219 39.0612678527832 39.5014724731445 39.9416809082031 40.3818855285645 40.7247772216797 40.7757263183594 40.8266754150391 40.8776245117188 40.9285736083984 40.9795188903809
32.1907730102539 32.5306167602539 32.8704605102539 33.076587677002 33.2381439208984 33.3997001647949 33.5612525939941 33.7228088378906 33.8843650817871 34.0459175109863 34.2564811706543 34.614070892334 34.9716567993164 35.3292465209961 35.6868324279785 36.0444183349609 36.4020080566406 36.759593963623 36.7128067016602 36.5312232971191 36.3496437072754 36.1680603027344 35.9864768981934 35.8048973083496 35.6233139038086 35.552375793457 35.8133773803711 36.0743751525879 36.3353729248047 36.5963745117188 36.8573722839355 37.1183700561523 37.3793678283691 37.7238502502441 38.0961570739746 38.4684638977051 38.8407707214355 39.213077545166 39.5853843688965 39.957691192627 40.2645416259766 40.3750152587891 40.4854888916016 40.5959625244141 40.7064361572266 40.8169097900391
32.0912857055664 32.4326248168945 32.7739639282227 32.9756011962891 33.1306762695312 33.2857513427734 33.4408226013184 33.5958976745605 33.7509689331055 33.9060440063477 34.1089477539062 34.4553413391113 34.8017349243164 35.1481323242188 35.4945259094238 35.8409194946289 36.1873168945312 36.5337104797363 36.4981079101562 36.3351707458496 36.172233581543 36.0093002319336 35.846363067627 35.6834259033203 35.5204925537109 35.4676361083984 35.7450332641602 36.0224266052246 36.2998199462891 36.5772132873535 36.854606628418 37.1319999694824 37.4093933105469 37.7070503234863 38.0114593505859 38.3158645629883 38.6202735900879 38.9246826171875 39.2290878295898 39.5334968566895 39.8043022155762 39.9743041992188 40.1443023681641 40.3143005371094 40.4842987060547 40.6543006896973
31.9917964935303 32.3346290588379 32.6774635314941 32.8746185302734 33.0232086181641 33.1717987060547 33.3203926086426 33.4689826965332 33.6175765991211 33.7661666870117 33.9614105224609 34.2966156005859 34.6318168640137 34.9670181274414 35.3022193908691 35.6374206542969 35.9726257324219 36.3078269958496 36.2834091186523 36.1391181945801 35.9948272705078 35.8505401611328 35.7062492370605 35.5619583129883 35.417667388916 35.3829002380371 35.6766891479492 35.9704780578613 36.2642669677734 36.5580558776855 36.8518447875977 37.1456336975098 37.4394226074219 37.6902503967285 37.9267578125 38.1632690429688 38.3997764587402 38.6362838745117 38.8727951049805 39.109302520752 39.344066619873 39.5735893249512 39.8031158447266 40.0326385498047 40.2621650695801 40.4916877746582
31.8923072814941 32.2366371154785 32.5809669494629 32.7736320495605 32.9157409667969 33.0578498840332 33.1999626159668 33.3420715332031 33.4841804504395 33.626293182373 33.8138771057129 34.1378860473633 34.4618949890137 34.7859039306641 35.1099128723145 35.4339218139648 35.7579307556152 36.0819396972656 36.0687103271484 35.9430656433105 35.8174209594727 35.691780090332 35.5661354064941 35.4404907226562 35.3148460388184 35.2981605529785 35.6083450317383 35.9185256958008 36.2287101745605 36.5388946533203 36.8490791320801 37.1592636108398 37.4694480895996 37.6734504699707 37.8420600891113 38.010669708252 38.1792793273926 38.3478889465332 38.5164985656738 38.6851081848145 38.8838272094727 39.1728782653809 39.4619293212891 39.7509803771973 40.0400276184082 40.3290786743164
31.792818069458 32.1386413574219 32.4844665527344 32.6726455688477 32.8082733154297 32.9439010620117 33.079532623291 33.215160369873 33.3507881164551 33.4864158630371 33.6663436889648 33.9791603088379 34.2919769287109 34.6047897338867 34.9176063537598 35.2304229736328 35.5432395935059 35.8560562133789 35.8540115356445 35.747013092041 35.6400146484375 35.5330200195312 35.4260215759277 35.3190231323242 35.2120246887207 35.2134208679199 35.5400009155273 35.8665771484375 36.1931571960449 36.5197372436523 36.8463134765625 37.1728935241699 37.4994735717773 37.6566505432129 37.7573623657227 37.8580703735352 37.9587821960449 38.0594940185547 38.1602020263672 38.260913848877 38.4235916137695 38.7721672058105 39.1207427978516 39.4693183898926 39.8178939819336 -9999
31.6935806274414 32.0349159240723 32.3762550354004 32.5629730224609 32.6981544494629 32.8333320617676 32.9685134887695 33.1036949157715 33.2388763427734 33.3740577697754 33.5541381835938 33.8689270019531 34.1837120056152 34.4985008239746 34.8132858276367 35.1280746459961 35.4428634643555 35.7576484680176 35.7602653503418 35.6588249206543 35.5573844909668 35.4559440612793 35.3545036315918 35.2530632019043 35.1516227722168 35.1561088562012 35.4783706665039 35.8006362915039 36.1228981018066 36.4451599121094 36.7674255371094 37.0896873474121 37.4119491577148 37.5660552978516 37.6641082763672 37.7621612548828 37.8602180480957 37.9582710266113 38.056324005127 38.1543769836426 38.318675994873 38.6817092895508 39.0447463989258 39.4077796936035 39.7708168029785 40.1338500976562
31.594596862793 31.9254608154297 32.2563247680664 32.4446144104004 32.5853805541992 32.726146697998 32.8669128417969 33.0076789855957 33.1484451293945 33.2892112731934 33.4772644042969 33.807186126709 34.1371078491211 34.4670295715332 34.7969512939453 35.1268730163574 35.4567947387695 35.7867164611816 35.787467956543 35.6784973144531 35.5695266723633 35.4605560302734 35.3515853881836 35.2426147460938 35.1336441040039 35.1262245178223 35.4234619140625 35.7206993103027 36.017936706543 36.3151741027832 36.6124076843262 36.9096450805664 37.2068824768066 37.401668548584 37.5623054504395 37.7229423522949 37.8835830688477 38.0442199707031 38.2048568725586 38.3654937744141 38.5690803527832 38.9015083312988 39.2339363098145 39.5663681030273 39.898796081543 -9999
31.4956130981445 31.8160037994385 32.1363945007324 32.3262557983398 32.4726066589355 32.6189575195312 32.765308380127 32.9116592407227 33.0580101013184 33.2043647766113 33.400390625 33.7454490661621 34.090503692627 34.4355583190918 34.7806167602539 35.1256713867188 35.4707298278809 35.8157844543457 35.8146743774414 35.6981735229492 35.581672668457 35.4651718139648 35.3486709594727 35.2321662902832 35.115665435791 35.0963439941406 35.3685531616211 35.6407623291016 35.912971496582 36.1851844787598 36.4573936462402 36.7296028137207 37.0018119812012 37.2372817993164 37.4605026245117 37.683723449707 37.9069480895996 38.1301689147949 38.3533897399902 38.5766105651855 38.8194847106934 39.1213073730469 -9999 -9999 40.0267791748047 -9999
31.3966293334961 31.7065467834473 32.0164642333984 32.2078971862793 32.3598327636719 32.5117683410645 32.6637077331543 32.8156433105469 32.9675788879395 33.1195182800293 33.3235168457031 33.683708190918 34.0438995361328 34.4040908813477 34.7642822265625 35.1244735717773 35.4846649169922 35.844856262207 35.8418769836426 35.717845916748 35.5938148498535 35.469783782959 35.3457527160645 35.2217216491699 35.0976867675781 35.0664596557617 35.3136444091797 35.5608253479004 35.8080101013184 36.0551948547363 36.302375793457 36.549560546875 36.796745300293 37.0728950500488 37.358699798584 37.6445045471191 37.9303131103516 38.2161178588867 38.5019226074219 38.7877311706543 39.0698890686035 39.3411064147949 39.6123237609863 -9999 -9999 -9999
31.297643661499 31.5970897674561 31.8965339660645 32.0895385742188 32.2470588684082 32.4045829772949 32.5621032714844 32.7196273803711 32.8771476745605 33.0346717834473 33.2466430664062 33.6219673156738 33.9972953796387 34.3726196289062 34.7479476928711 35.1232719421387 35.4985961914062 35.8739242553711 35.869083404541 35.7375221252441 35.60595703125 35.4743957519531 35.3428344726562 35.2112731933594 35.0797080993652 35.0365791320801 35.2587356567383 35.4808921813965 35.7030487060547 35.9252052307129 36.1473617553711 36.3695182800293 36.5916748046875 36.9085083007812 37.2568969726562 37.6052894592285 37.9536781311035 38.3020668029785 -9999 -9999 39.3202934265137 -9999 -9999 -9999 -9999 -9999
31.1986598968506 31.4876327514648 31.7766036987305 31.9711780548096 32.1342849731445 32.2973937988281 32.4605026245117 32.623607635498 32.7867164611816 32.9498252868652 33.1697692871094 33.560230255127 33.9506912231445 34.3411521911621 34.7316093444824 35.1220703125 35.5125312805176 35.9029922485352 35.8962860107422 35.757194519043 35.6181030273438 35.4790077209473 35.339916229248 35.2008247375488 35.0617294311523 35.0066947937012 35.2038230895996 35.4009552001953 35.598087310791 35.7952156066895 35.9923477172852 36.1894760131836 36.3866081237793 36.7441215515137 37.1550941467285 37.5660705566406 37.9770431518555 38.3880157470703 -9999 -9999 -9999 -9999 -9999 -9999 -9999 -9999
31.0205783843994 31.2859077453613 31.5512351989746 31.7560348510742 31.9406566619873 32.1252784729004 32.3099021911621 32.4945220947266 32.6791458129883 32.8637657165527 33.1053161621094 33.5176391601562 33.9299621582031 34.34228515625 34.7546081542969 35.1669311523438 35.5792579650879 35.9915809631348 35.9848861694336 35.8385162353516 35.6921501159668 35.545783996582 35.3994140625 35.2530479431152 35.1066818237305 35.0374717712402 35.1997299194336 35.3619918823242 35.5242500305176 35.6865119934082 35.8487739562988 36.0110321044922 36.1732940673828 36.5521659851074 37.0032386779785 37.4543151855469 37.905387878418 38.3564605712891 -9999 -9999 -9999 -9999 -9999 -9999 -9999 -9999
30.7633991241455 30.9919147491455 31.2204303741455 31.4441089630127 31.6661739349365 31.8882389068604 32.1103057861328 32.3323707580566 32.5544357299805 32.7765007019043 33.053279876709 33.4941940307617 33.9351119995117 34.3760261535645 34.8169403076172 35.2578582763672 35.6987724304199 36.1396865844727 36.1348762512207 35.9814910888672 35.8281059265137 35.6747169494629 35.5213317871094 35.3679466247559 35.2145576477051 35.12890625 35.246452331543 35.3639984130859 35.4815483093262 35.5990943908691 35.7166404724121 35.8341903686523 35.9517364501953 36.3326416015625 36.8013305664062 37.2700233459473 37.738712310791 -9999 -9999 -9999 -9999 -9999 -9999 -9999 -9999 -9999
30.5062198638916 30.6979217529297 30.8896255493164 31.1321811676025 31.3916912078857 31.6511993408203 31.9107074737549 32.1702156066895 32.4297256469727 32.6892356872559 33.0012435913086 33.4707527160645 33.940258026123 34.4097671508789 34.8792724609375 35.3487815856934 35.8182907104492 36.2877960205078 36.2848701477051 36.1244621276855 35.9640579223633 35.803653717041 35.6432456970215 35.4828414916992 35.322437286377 35.2203407287598 35.2931747436523 35.3660087585449 35.4388427734375 35.5116767883301 35.5845108032227 35.6573448181152 35.7301788330078 36.1131172180176 36.599422454834 -9999 -9999 -9999 -9999 -9999 -9999 -9999 -9999 -9999 -9999 -9999
30.2490406036377 30.4039306640625 30.5588188171387 30.820255279541 31.117208480835 31.4141597747803 31.7111110687256 32.0080642700195 32.3050155639648 32.6019668579102 32.9492073059082 33.4473075866699 33.9454078674316 34.4435081481934 34.9416046142578 35.4397048950195 35.9378051757812 36.435905456543 36.4348602294922 36.2674369812012 36.1000137329102 35.9325866699219 35.7651634216309 35.5977401733398 35.4303131103516 35.3117752075195 35.3398971557617 35.3680191040039 35.3961372375488 35.424259185791 35.4523811340332 35.4804992675781 35.5086212158203 35.8935928344727 36.397518157959 -9999 -9999 -9999 -9999 -9999 -9999 -9999 -9999 -9999 -9999 -9999
29.9918613433838 30.1099376678467 30.2280139923096 30.5083293914795 30.8427238464355 31.1771202087402 31.5115146636963 31.845911026001 32.180305480957 32.5147018432617 32.8971710205078 33.4238624572754 33.950553894043 34.4772453308105 35.0039367675781 35.5306282043457 36.0573196411133 36.5840110778809 36.5848541259766 36.4104080200195 36.2359657287598 36.0615234375 35.887077331543 35.7126350402832 35.5381927490234 35.4032096862793 35.3866195678711 35.3700256347656 35.3534317016602 35.336841583252 35.3202476501465 35.3036575317383 35.2870635986328 35.6740684509277 36.1956100463867 -9999 37.2386856079102 -9999 -9999 -9999 -9999 -9999 -9999 -9999 -9999 -9999
29.7346820831299 29.8159446716309 29.8972072601318 30.1964015960693 30.5682411193848 30.9400806427002 31.311918258667 31.6837577819824 32.0555953979492 32.4274368286133 32.8451347351074 33.4004211425781 33.9557037353516 34.510986328125 35.0662689208984 35.6215553283691 36.1768379211426 36.732120513916 36.7348442077637 36.5533828735352 36.3719215393066 36.1904563903809 36.0089950561523 35.8275337219238 35.646068572998 35.4946479797363 35.4333419799805 35.3720359802246 35.3107299804688 35.2494239807129 35.188117980957 35.1268119812012 35.0655059814453 35.4545440673828 35.9937019348145 -9999 -9999 -9999 -9999 -9999 -9999 -9999 -9999 -9999 -9999 -9999
29.7525672912598 29.7995643615723 29.8465633392334 30.1449203491211 30.5270652770996 30.9092082977295 31.2913513183594 31.6734943389893 32.0556373596191 32.4377822875977 32.8485870361328 33.3453788757324 33.842170715332 34.3389625549316 34.8357543945312 35.3325462341309 35.8293418884277 36.3261337280273 36.2683525085449 36.0257148742676 35.7830772399902 35.5404396057129 35.2978019714355 35.0551605224609 34.8125228881836 34.6022300720215 34.4889717102051 34.3757095336914 34.262451171875 34.1491889953613 34.0359306335449 33.9226684570312 33.8094100952148 34.305835723877 35.0054931640625 35.705150604248 -9999 -9999 -9999 -9999 -9999 -9999 -9999 -9999 -9999 -9999
30.0455131530762 30.0607986450195 30.0760822296143 30.3538856506348 30.7191944122314 31.0845031738281 31.4498119354248 31.8151206970215 32.1804313659668 32.5457382202148 32.9075241088867 33.2587432861328 33.6099586486816 33.9611778259277 34.3123931884766 34.6636123657227 35.0148277282715 35.3660469055176 35.1853713989258 34.8274040222168 34.4694328308105 34.1114654541016 33.7534942626953 33.3955268859863 33.0375556945801 32.7259635925293 32.5535087585449 32.3810539245605 32.2085952758789 32.0361404418945 31.8636837005615 31.6912288665771 31.5187721252441 32.2279396057129 33.2309837341309 -9999 -9999 -9999 -9999 -9999 -9999 -9999 -9999 -9999 -9999 -9999
