data/working_set_collections/6091692-Cassins_Sparrow-M2/1985/ghland_avg.asc
NCOLS 265 
NROWS 230 
XLLCORNER -115.5625 
YLLCORNER 24.8333333333333 
CELLSIZE 0.0833333333333333 
NODATA_value -9999 
[rows 38 to 56 of 230, columns 43 to 85 of 265]
-0.0250024050474167 -0.0408715344965458 -0.0397255942225456 -0.0385796502232552 -0.0374337062239647 -0.0362877659499645 -0.0351418219506741 -0.0339958816766739 -0.0328499376773834 -0.0356833525002003 -0.0398432202637196 -0.0440030880272388 -0.0481629520654678 -0.0523228198289871 -0.0564826875925064 -0.0606425516307354 -0.0616930760443211 -0.053415559232235 -0.0451380461454391 -0.0368605330586433 -0.0285830162465572 -0.0203055031597614 -0.0120279882103205 -0.00375047326087952 0.0107344705611467 0.0272885579615831 0.0438426434993744 0.0603967308998108 0.0769508183002472 0.0935049057006836 0.11005899310112 0.122969850897789 0.124951042234898 0.126932233572006 0.128913417458534 0.130894601345062 0.132875800132751 0.134856984019279 0.136838167905807 0.137575089931488 0.13789726793766 0.138219445943832 0.138541609048843
-0.0126932030543685 -0.0266246367245913 -0.0272189546376467 -0.0278132744133472 -0.0284075941890478 -0.0290019139647484 -0.029596233740449 -0.0301905535161495 -0.0307848732918501 -0.0311832446604967 -0.0315162986516953 -0.0318493545055389 -0.0321824103593826 -0.032515462487936 -0.0328485183417797 -0.0331815741956234 -0.031854972243309 -0.0255494024604559 -0.0192438345402479 -0.0129382647573948 -0.00663269497454166 -0.000327125308103859 0.0059784441255033 0.0122840134426951 0.0248918328434229 0.0396004021167755 0.054308969527483 0.0690175369381905 0.0837261080741882 0.098434679210186 0.113143242895603 0.124724335968494 0.126922979950905 0.129121616482735 0.131320267915726 0.133518904447556 0.135717555880547 0.137916192412376 0.140114843845367 0.140627503395081 0.140578165650368 0.140528827905655 0.140479490160942
-0.000384000770282 -0.012377736158669 -0.0147123178467155 -0.0170469004660845 -0.0193814821541309 -0.0217160638421774 -0.0240506455302238 -0.0263852272182703 -0.0287198089063168 -0.0266831368207932 -0.0231893807649612 -0.0196956228464842 -0.0162018649280071 -0.0127081088721752 -0.00921435188502073 -0.00572059489786625 -0.00201687077060342 0.00231675361283123 0.00665037799626589 0.0109840026125312 0.0153176272287965 0.0196512509137392 0.0239848755300045 0.0283185001462698 0.0390491932630539 0.0519122444093227 0.0647752955555916 0.0776383429765701 0.0905013978481293 0.103364445269108 0.116227500140667 0.126478806138039 0.128894910216331 0.131311014294624 0.133727118372917 0.136143207550049 0.138559311628342 0.140975415706635 0.143391519784927 0.143679901957512 0.143259048461914 0.142838209867477 0.14241735637188
0.0119252009317279 0.0018691630102694 -0.00220568105578423 -0.00628052512183785 -0.0103553691878915 -0.0144302127882838 -0.0185050573199987 -0.0225799009203911 -0.0266547445207834 -0.0221830289810896 -0.0148624600842595 -0.00754189118742943 -0.000221322290599346 0.00709924660623074 0.0144198155030608 0.0217403843998909 0.0278212316334248 0.0301829110831022 0.0325445905327797 0.034906268119812 0.0372679494321346 0.0396296270191669 0.0419913083314896 0.0443529859185219 0.05320655554533 0.06422408670187 0.0752416178584099 0.0862591564655304 0.0972766876220703 0.10829421877861 0.11931174993515 0.128233283758163 0.130866840481758 0.133500397205353 0.136133953928947 0.138767510652542 0.141401067376137 0.144034624099731 0.146668180823326 0.146732300519943 0.145939946174622 0.1451475918293 0.144355222582817
0.0189768020063639 0.0102854054421186 0.00584387499839067 0.00140234478749335 -0.00303918565623462 -0.00748071586713195 -0.0119222467765212 -0.0163637772202492 -0.0208053067326546 -0.0144929569214582 -0.00459597958251834 0.00530099729076028 0.0151979746297002 0.0250949524343014 0.0349919274449348 0.0448889061808586 0.0525873824954033 0.0536903589963913 0.054793331772089 0.055896308273077 0.056999284774065 0.0581022575497627 0.0592052340507507 0.0603082105517387 0.0675648078322411 0.0768726170063019 0.0861804261803627 0.0954882353544235 0.104796051979065 0.114103861153126 0.123411670327187 0.130850911140442 0.132684469223022 0.134518012404442 0.136351570487022 0.138185113668442 0.140018671751022 0.141852229833603 0.143685773015022 0.143147736787796 0.141819164156914 0.140490591526031 0.139162018895149
0.0207708049565554 0.01287099160254 0.00943635031580925 0.00600170949473977 0.002567068208009 -0.000867572845891118 -0.00430221389979124 -0.00773685518652201 -0.0111714964732528 -0.00361292017623782 0.00761006120592356 0.0188330430537462 0.0300560239702463 0.0412790067493916 0.0525019876658916 0.063724972307682 0.0722815841436386 0.0728390961885452 0.0733966082334518 0.0739541202783585 0.0745116323232651 0.0750691443681717 0.0756266489624977 0.0761841610074043 0.0821239501237869 0.0898578390479088 0.09759172052145 0.105325601994991 0.113059483468533 0.120793364942074 0.128527253866196 0.134331688284874 0.134347766637802 0.134363859891891 0.13437993824482 0.134396031498909 0.134412109851837 0.134428203105927 0.134444281458855 0.132926195859909 0.130896702408791 0.128867208957672 0.126837730407715
0.0225648060441017 0.0154565768316388 0.0130288256332278 0.0106010735034943 0.00817332230508327 0.00574557017534971 0.00331781851127744 0.00089006673078984 -0.00153768493328243 0.0072671165689826 0.0198161024600267 0.0323650874197483 0.044914074242115 0.0574630610644817 0.0700120478868484 0.0825610309839249 0.0919757857918739 0.0919878333806992 0.0919998809695244 0.0920119285583496 0.0920239761471748 0.0920360237360001 0.0920480713248253 0.0920601189136505 0.0966830998659134 0.102843053638935 0.109003007411957 0.115162961184978 0.121322922408581 0.127482876181602 0.133642837405205 0.137812450528145 0.136011078953743 0.13420969247818 0.132408306002617 0.130606934428215 0.128805547952652 0.12700417637825 0.125202789902687 0.122704647481441 0.119974240660667 0.117243841290474 0.1145134344697
0.0243588071316481 0.0180421639233828 0.0166213009506464 0.01520043797791 0.0137795759364963 0.0123587129637599 0.0109378509223461 0.00951698888093233 0.00809612590819597 0.0181471537798643 0.0320221446454525 0.0458971336483955 0.0597721226513386 0.0736471116542816 0.087522104382515 0.101397097110748 0.111669987440109 0.111136570572853 0.110603153705597 0.110069736838341 0.109536319971085 0.109002903103828 0.108469493687153 0.107936076819897 0.111242242157459 0.115828268229961 0.120414301753044 0.125000327825546 0.129586353898048 0.134172379970551 0.138758406043053 0.141293227672577 0.137674376368523 0.134055525064468 0.130436688661575 0.126817837357521 0.123198993504047 0.119580149650574 0.115961298346519 0.112483099102974 0.109051786363125 0.105620466172695 0.102189145982265
0.0261528082191944 0.020627748221159 0.0202137753367424 0.0197998024523258 0.0193858295679092 0.0189718566834927 0.0185578837990761 0.0181439109146595 0.0177299380302429 0.0290271900594234 0.0442281849682331 0.0594291798770428 0.0746301710605621 0.0898311659693718 0.105032160878181 0.120233155786991 0.131364181637764 0.130285307765007 0.129206418991089 0.128127545118332 0.127048671245575 0.125969782471657 0.1248909085989 0.123812027275562 0.125801384449005 0.128813490271568 0.13182558119297 0.134837687015533 0.137849792838097 0.14086189866066 0.143873989582062 0.144773989915848 0.139337673783302 0.133901372551918 0.128465056419373 0.123028747737408 0.117592431604862 0.112156122922897 0.106719806790352 0.102261558175087 0.0981293246150017 0.0939970910549164 0.0898648574948311
0.0279468093067408 0.0232133343815804 0.0238062515854836 0.0243991669267416 0.0249920841306448 0.0255849994719028 0.026177916675806 0.0267708320170641 0.0273637473583221 0.0399072282016277 0.0564342252910137 0.07296122610569 0.089488223195076 0.106015220284462 0.122542224824429 0.139069214463234 0.15105839073658 0.149434044957161 0.147809699177742 0.146185353398323 0.144561007618904 0.142936676740646 0.141312330961227 0.139687985181808 0.140360534191132 0.141798704862595 0.143236875534058 0.144675046205521 0.146113231778145 0.147551402449608 0.148989573121071 0.14825476706028 0.141000986099243 0.133747205138206 0.12649342417717 0.119239650666714 0.111985869705677 0.104732096195221 0.0974783152341843 0.0920400097966194 0.0872068628668785 0.0823737159371376 0.0775405690073967
0.0287087075412273 0.0237594395875931 0.023928290233016 0.0240971390157938 0.0242659877985716 0.0244348365813494 0.0246036853641272 0.0247725341469049 0.0249413829296827 0.0394822917878628 0.058813888579607 0.0781454816460609 0.0974770784378052 0.116808675229549 0.136140272021294 0.155471861362457 0.16909085214138 0.165571972727776 0.162053108215332 0.158534243702888 0.155015364289284 0.15149649977684 0.147977635264397 0.144458755850792 0.143994152545929 0.144547626376152 0.145101100206375 0.145654574036598 0.146208062767982 0.146761536598206 0.147315010428429 0.145814999938011 0.138154566287994 0.130494132637978 0.1228336840868 0.115173250436783 0.107512809336185 0.0998523682355881 0.0921919271349907 0.0864476636052132 0.0813421308994293 0.0762365907430649 0.0711310505867004
0.028438501060009 0.0222660657018423 0.0205798912793398 0.0188937168568373 0.0172075424343348 0.0155213670805097 0.0138351926580071 0.0121490173041821 0.0104628428816795 0.0277523882687092 0.0513671711087227 0.0749819576740265 0.0985967442393303 0.122211523354053 0.145826309919357 0.16944108903408 0.185461565852165 0.178699105978012 0.171936646103859 0.165174201130867 0.158411741256714 0.151649281382561 0.144886821508408 0.138124361634254 0.136702254414558 0.137060254812241 0.137418270111084 0.137776270508766 0.13813428580761 0.138492286205292 0.138850301504135 0.137454733252525 0.130798429250717 0.12414213269949 0.117485836148262 0.110829532146454 0.104173235595226 0.0975169390439987 0.0908606424927711 0.0854845121502876 0.0805351138114929 0.0755857154726982 0.0706363171339035
0.0281682964414358 0.0207726918160915 0.0172314941883087 0.0136902946978807 0.0101490961387753 0.00660789804533124 0.00306669948622584 -0.000474499101983383 -0.00401569763198495 0.0160224828869104 0.0439204573631287 0.071818433701992 0.0997164025902748 0.127614378929138 0.155512347817421 0.183410331606865 0.201832294464111 0.191826239228249 0.181820198893547 0.171814143657684 0.161808103322983 0.15180204808712 0.141796007752419 0.131789952516556 0.129410356283188 0.129572883248329 0.129735425114632 0.129897966980934 0.130060508847237 0.130223050713539 0.130385592579842 0.129094451665878 0.12344229221344 0.117790140211582 0.112137980759144 0.106485821306705 0.100833661854267 0.0951815098524094 0.089529350399971 0.0845213606953621 0.0797280967235565 0.0749348402023315 0.070141576230526
0.0278980899602175 0.0192793179303408 0.0138830952346325 0.00848687253892422 0.00309065077453852 -0.00230557145550847 -0.00770179368555546 -0.0130980154499412 -0.0184942372143269 0.00429257797077298 0.0364737398922443 0.068654902279377 0.1008360683918 0.133017227053642 0.165198385715485 0.197379559278488 0.218203008174896 0.204953372478485 0.191703736782074 0.178454101085663 0.165204465389252 0.151954829692841 0.138705193996429 0.125455558300018 0.122118450701237 0.122085519134998 0.12205258756876 0.122019663453102 0.121986731886864 0.121953800320625 0.121920876204967 0.120734177529812 0.116086155176163 0.111438140273094 0.106790125370026 0.102142110466957 0.0974940955638885 0.09284608066082 0.0881980583071709 0.0835582166910172 0.0789210870862007 0.0742839574813843 0.0696468353271484
0.0276278853416443 0.0177859421819448 0.0105346972122788 0.00328345107845962 -0.00396779458969831 -0.0112190404906869 -0.018470287322998 -0.0257215332239866 -0.0329727791249752 -0.00743732647970319 0.0290270242840052 0.0654913783073425 0.101955726742744 0.138420075178146 0.174884423613548 0.211348786950111 0.234573736786842 0.218080505728722 0.201587289571762 0.185094058513641 0.168600827455521 0.152107611298561 0.13561438024044 0.1191211566329 0.114826545119286 0.114598147571087 0.114369750022888 0.114141352474689 0.113912954926491 0.113684557378292 0.113456159830093 0.112373895943165 0.108730018138885 0.105086147785187 0.101442269980907 0.0977983996272087 0.0941545218229294 0.0905106514692307 0.0868667736649513 0.0825950652360916 0.0781140699982643 0.0736330822110176 0.0691520944237709
0.027357678860426 0.0162925682961941 0.00718629918992519 -0.00191997061483562 -0.0110262399539351 -0.0201325099915266 -0.0292387790977955 -0.0383450500667095 -0.0474513210356236 -0.0191672313958406 0.021580308675766 0.0623278506100178 0.10307539254427 0.14382292330265 0.184570476412773 0.225318014621735 0.250944465398788 0.231207638978958 0.211470827460289 0.19173401594162 0.171997204422951 0.15226037800312 0.132523566484451 0.112786754965782 0.107534646987915 0.107110783457756 0.106686912477016 0.106263048946857 0.105839185416698 0.105415314435959 0.1049914509058 0.104013621807098 0.101373888552189 0.0987341552972794 0.0960944220423698 0.0934546813368797 0.0908149480819702 0.0881752148270607 0.0855354815721512 0.0816319137811661 0.0773070603609085 0.0729822069406509 0.0686573535203934
0.0274441577494144 0.016161909326911 0.00672571361064911 -0.00271048094145954 -0.0121466759592295 -0.0215828698128462 -0.031019065529108 -0.0404552593827248 -0.0498914532363415 -0.0206771939992905 0.0214205533266068 0.063518300652504 0.105616047978401 0.147713795304298 0.189811542630196 0.231909289956093 0.258493572473526 0.238537549972534 0.21858149766922 0.198625460267067 0.178669407963753 0.1587133705616 0.138757318258286 0.118801280856133 0.112826883792877 0.111513033509254 0.110199183225632 0.108885332942009 0.107571490108967 0.106257639825344 0.104943789541721 0.103345088660717 0.100891835987568 0.0984385833144188 0.0959853231906891 0.09353207051754 0.0910788178443909 0.0886255651712418 0.086172305047512 0.0819774940609932 0.0772021561861038 0.0724268183112144 0.0676514804363251
0.0278873182833195 0.0173939615488052 0.00915294140577316 0.00091192004038021 -0.00732910120859742 -0.0155701218172908 -0.0238111428916454 -0.0320521630346775 -0.0402931869029999 -0.0119672119617462 0.0285477600991726 0.0690627321600914 0.10957770049572 0.150092676281929 0.190607652068138 0.231122612953186 0.257221102714539 0.240070208907127 0.222919300198555 0.205768376588821 0.188617467880249 0.171466559171677 0.154315650463104 0.137164726853371 0.130703240633011 0.127804905176163 0.124906554818153 0.122008211910725 0.119109869003296 0.116211518645287 0.113313175737858 0.110368311405182 0.107283867895603 0.104199431836605 0.101114995777607 0.0980305522680283 0.0949461162090302 0.091861680150032 0.0887772440910339 0.0836317986249924 0.0777993649244308 0.0719669237732887 0.0661344826221466
0.0283304806798697 0.0186260156333447 0.0115801682695746 0.00453432137146592 -0.00251152622513473 -0.00955737382173538 -0.0166032202541828 -0.0236490685492754 -0.030694916844368 -0.00325723085552454 0.0356749668717384 0.0746071636676788 0.113539360463619 0.15247155725956 0.191403746604919 0.23033595085144 0.255948632955551 0.241602867841721 0.227257087826729 0.212911307811737 0.198565527796745 0.184219747781754 0.169873967766762 0.15552818775177 0.148579612374306 0.144096776843071 0.139613926410675 0.13513109087944 0.130648240447044 0.12616540491581 0.121682561933994 0.117391526699066 0.113675907254219 0.109960287809372 0.106244660913944 0.102529041469097 0.09881342202425 0.0950977951288223 0.0913821756839752 0.0852861106395721 0.0783965662121773 0.0715070217847824 0.0646174773573875
