data/working_set_collections/6091692-Cassins_Sparrow-M2/1985/ghland_avg.asc
NCOLS 265 
NROWS 230 
XLLCORNER -115.5625 
YLLCORNER 24.8333333333333 
CELLSIZE 0.0833333333333333 
NODATA_value -9999 
[rows 57 to 75 of 230, columns 86 to 128 of 265]
0.0551538281142712 0.0472071804106236 0.0392605327069759 0.0316911563277245 0.0252536050975323 0.0188160520046949 0.0123785007745028 0.00594094814732671 -0.000496604305226356 -0.0069341566413641 -0.0133717088028789 -0.0304095596075058 -0.050980843603611 -0.0715521275997162 -0.0921234115958214 -0.112694688141346 -0.133265972137451 -0.153837263584137 -0.167835503816605 -0.162114605307579 -0.156393721699715 -0.150672823190689 -0.144951939582825 -0.139231041073799 -0.133510157465935 -0.127789258956909 -0.11500358581543 -0.0998629704117775 -0.0847223624587059 -0.0695817470550537 -0.0544411391019821 -0.0393005274236202 -0.0241599176079035 -0.0114468326792121 -0.00601633125916123 -0.000585829315241426 0.00484467251226306 0.0102751739323139 0.0157056767493486 0.0211361777037382 0.0265666805207729 0.0262563265860081 0.0240323562175035
0.0525797232985497 0.043575968593359 0.0345722176134586 0.0267382394522429 0.0224135871976614 0.0180889349430799 0.0137642826884985 0.00943963043391705 0.00511497817933559 0.000790325982961804 -0.00353432632982731 -0.0245281253010035 -0.0510783083736897 -0.077628493309021 -0.104178674519062 -0.130728855729103 -0.157279044389725 -0.183829218149185 -0.199345484375954 -0.181760013103485 -0.164174526929855 -0.146589055657387 -0.129003569483757 -0.111418098211288 -0.0938326194882393 -0.0762471407651901 -0.0603470951318741 -0.0450088568031788 -0.0296706184744835 -0.0143323820084333 0.00100585573818535 0.0163440927863121 0.0316823311150074 0.0434581935405731 0.0445469282567501 0.0456356629729271 0.0467243976891041 0.0478131324052811 0.0489018671214581 0.049990601837635 0.051079336553812 0.0489484742283821 0.0457444116473198
0.0500056147575378 0.0399447605013847 0.0298839025199413 0.0217853225767612 0.0195735692977905 0.017361817881465 0.0151500655338168 0.0129383131861687 0.0107265608385205 0.00851480849087238 0.00630305660888553 -0.0186466928571463 -0.0511757731437683 -0.0837048590183258 -0.116233937442303 -0.14876301586628 -0.181292101740837 -0.213821187615395 -0.230855479836464 -0.20140540599823 -0.171955347061157 -0.142505273222923 -0.113055214285851 -0.0836051478981972 -0.0541550852358341 -0.0247050188481808 -0.00569060491397977 0.00984525866806507 0.0253811236470938 0.0409169867634773 0.056452851742506 0.0719887167215347 0.0875245779752731 0.0983632206916809 0.095110185444355 0.0918571576476097 0.0886041224002838 0.0853510871529579 0.0820980593562126 0.0788450241088867 0.0755919963121414 0.0716406181454659 0.0674564689397812
0.0511124841868877 0.0422965958714485 0.0334807075560093 0.0262014959007502 0.0235323179513216 0.0208631418645382 0.0181939639151096 0.0155247878283262 0.0128556098788977 0.0101864328607917 0.0075172558426857 -0.0169069655239582 -0.0485828667879105 -0.080258771777153 -0.111934669315815 -0.143610566854477 -0.175286471843719 -0.206962376832962 -0.222514405846596 -0.189694821834564 -0.156875237822533 -0.12405564635992 -0.091236062347889 -0.0584164746105671 -0.0255968868732452 0.00722270039841533 0.0268669091165066 0.0421193242073059 0.0573717392981052 0.0726241543889046 0.0878765657544136 0.103128984570503 0.118381395936012 0.128324761986732 0.122341006994247 0.116357244551182 0.110373482108116 0.10438971966505 0.0984059646725655 0.0924222022294998 0.0864384397864342 0.0815987288951874 0.0771403759717941
0.0559003241360188 0.0506314747035503 0.0453626289963722 0.0399867631494999 0.0342898331582546 0.0285929068922997 0.0228959806263447 0.0171990524977446 0.0115021262317896 0.00580519903451204 0.00010827204096131 -0.0193089433014393 -0.0432995855808258 -0.0672902315855026 -0.0912808775901794 -0.115271523594856 -0.139262169599533 -0.16325281560421 -0.17432227730751 -0.146628245711327 -0.118934199213982 -0.0912401527166367 -0.0635461136698723 -0.0358520671725273 -0.00815802626311779 0.0195360165089369 0.0373254455626011 0.0518133342266083 0.0663012266159058 0.0807891190052032 0.0952770113945007 0.109764896333218 0.124252788722515 0.13334284722805 0.126239389181137 0.119135938584805 0.112032480537891 0.104929029941559 0.0978255718946457 0.0907221212983131 0.0836186632514 0.0788227990269661 0.0747961327433586
0.0606881640851498 0.0589663572609425 0.0572445504367352 0.0537720285356045 0.0450473502278328 0.0363226719200611 0.0275979954749346 0.018873319029808 0.0101486425846815 0.00142396509181708 -0.00730071170255542 -0.0217109210789204 -0.0380163080990314 -0.0543216951191425 -0.0706270784139633 -0.0869324654340744 -0.103237852454185 -0.119543239474297 -0.126130148768425 -0.103561654686928 -0.0809931606054306 -0.0584246590733528 -0.0358561612665653 -0.0132876643911004 0.00928083341568708 0.0318493321537971 0.0477839820086956 0.0615073479712009 0.0752307176589966 0.0889540836215019 0.102677449584007 0.116400815546513 0.130124181509018 0.138360917568207 0.130137771368027 0.121914625167847 0.113691478967667 0.105468332767487 0.0972451865673065 0.0890220403671265 0.0807988941669464 0.0760468691587448 0.0724518820643425
0.0654760003089905 0.0673012360930443 0.0691264718770981 0.0675572901964188 0.055804867297411 0.0440524406731129 0.0323000103235245 0.0205475855618715 0.00879515800625086 -0.00295726885087788 -0.0147096961736679 -0.0241128988564014 -0.0327330268919468 -0.0413531549274921 -0.0499732829630375 -0.0585934147238731 -0.0672135427594185 -0.0758336707949638 -0.0779380276799202 -0.0604950748383999 -0.0430521219968796 -0.0256091672927141 -0.00816621351987123 0.00927674025297165 0.026719693094492 0.0441626459360123 0.0582425184547901 0.0712013617157936 0.0841602012515068 0.0971190482378006 0.110077887773514 0.123036727309227 0.13599556684494 0.143379002809525 0.134036153554916 0.124693319201469 0.115350477397442 0.106007643043995 0.0966648012399673 0.0873219594359398 0.0779791250824928 0.0732709392905235 0.070107638835907
0.0702638402581215 0.0756361186504364 0.0810083970427513 0.0813425555825233 0.0665623843669891 0.0517822057008743 0.0370020270347595 0.0222218502312899 0.00744167389348149 -0.00733850290998816 -0.0221186801791191 -0.0265148766338825 -0.0274497475475073 -0.028384618461132 -0.0293194893747568 -0.0302543602883816 -0.0311892312020063 -0.0321241021156311 -0.0297459028661251 -0.0174284931272268 -0.00511108338832855 0.00720632588490844 0.019523736089468 0.0318411439657211 0.0441585555672646 0.0564759634435177 0.0687010511755943 0.080895371735096 0.0930896922945976 0.105284012854099 0.11747832596302 0.129672646522522 0.141866967082024 0.148397073149681 0.137934535741806 0.127472013235092 0.117009475827217 0.106546945869923 0.0960844159126282 0.0856218859553337 0.0751593485474586 0.0704950094223022 0.0677633956074715
0.0750516802072525 0.0839710012078285 0.092890314757824 0.0951278209686279 0.077319897711277 0.0595119707286358 0.0417040437459946 0.0238961167633533 0.00608818978071213 -0.0117197372019291 -0.0295276641845703 -0.0289168544113636 -0.0221664682030678 -0.0154160810634494 -0.00866569392383099 -0.00191530690062791 0.00483508035540581 0.0115854674950242 0.0184462238103151 0.0256380885839462 0.0328299552202225 0.0400218181312084 0.0472136847674847 0.0544055476784706 0.0615974143147469 0.0687892809510231 0.0791595876216888 0.0905893892049789 0.102019183337688 0.113448977470398 0.124878771603107 0.136308565735817 0.147738352417946 0.153415143489838 0.141832917928696 0.130250692367554 0.118668474256992 0.10708624869585 0.095504030585289 0.083921805024147 0.0723395794630051 0.067719079554081 0.065419152379036
0.0681624040007591 0.0769525840878487 0.0857427567243576 0.0869310796260834 0.065313845872879 0.0436966083943844 0.02207937464118 0.000462139869341627 -0.0211550947278738 -0.0427723303437233 -0.0643895640969276 -0.0597147010266781 -0.0462758056819439 -0.0328369103372097 -0.0193980149924755 -0.0059591201134026 0.00747977523133159 0.0209186710417271 0.0326303206384182 0.0391602404415607 0.045690156519413 0.0522200763225555 0.0587499924004078 0.06527990847826 0.0718098282814026 0.0783397480845451 0.087290994822979 0.0970493629574776 0.106807723641396 0.116566091775894 0.126324459910393 0.13608281314373 0.145841181278229 0.149993434548378 0.137327343225479 0.124661259353161 0.111995175480843 0.0993290916085243 0.0866630002856255 0.0739969164133072 0.0613308288156986 0.0573237016797066 0.0562028922140598
0.0495960079133511 0.0545808598399162 0.0595657117664814 0.0567523241043091 0.0305442232638597 0.00433612242341042 -0.0218719784170389 -0.0480800792574883 -0.0742881819605827 -0.100496284663677 -0.126704379916191 -0.118908420205116 -0.0997777655720711 -0.0806471109390259 -0.0615164563059807 -0.0423858016729355 -0.0232551451772451 -0.00412449147552252 0.0128063913434744 0.0231379587203264 0.0334695242345333 0.0438010916113853 0.0541326589882374 0.0644642263650894 0.0747957974672318 0.0851273611187935 0.0930952727794647 0.100275307893753 0.107455335557461 0.114635363221169 0.121815390884876 0.128995418548584 0.136175453662872 0.138131946325302 0.124417819082737 0.110703699290752 0.0969895794987679 0.0832754597067833 0.0695613399147987 0.0558472163975239 0.0421330966055393 0.0393088757991791 0.0401146225631237
0.0310296081006527 0.0322091355919838 0.0333886668086052 0.0265735704451799 -0.00422539748251438 -0.0350243635475636 -0.0658233314752579 -0.0966223031282425 -0.127421259880066 -0.158220231533051 -0.189019203186035 -0.178102135658264 -0.153279721736908 -0.128457307815552 -0.103634893894196 -0.0788124799728394 -0.0539900660514832 -0.0291676539927721 -0.007017538882792 0.00711567793041468 0.0212488938122988 0.0353821106255054 0.0495153293013573 0.0636485442519188 0.0777817592024803 0.0919149816036224 0.0988995507359505 0.103501245379448 0.108102940022945 0.112704634666443 0.11730632930994 0.121908016502857 0.126509711146355 0.126270443201065 0.111508287489414 0.096746139228344 0.0819839835166931 0.0672218278050423 0.0524596720933914 0.0376975163817406 0.0229353625327349 0.0212940499186516 0.0240263529121876
0.0124632101505995 0.00983741506934166 0.00721161952242255 -0.00360518507659435 -0.0389950200915337 -0.0743848532438278 -0.109774686396122 -0.145164519548416 -0.180554360151291 -0.215944185853004 -0.251334011554718 -0.237295851111412 -0.206781670451164 -0.176267504692078 -0.145753338932991 -0.115239158272743 -0.084724985063076 -0.0542108155786991 -0.0268414691090584 -0.00890660285949707 0.00902826339006424 0.0269631296396255 0.0448979958891869 0.0628328621387482 0.0807677283883095 0.0987025946378708 0.104703828692436 0.106727190315723 0.10875054448843 0.110773906111717 0.112797260284424 0.114820621907711 0.116843976080418 0.114408947527409 0.0985987633466721 0.0827885717153549 0.0669783875346184 0.0511681959033012 0.0353580079972744 0.0195478182286024 0.00373763078823686 0.00327922566793859 0.0079380813986063
-0.00610318779945374 -0.012534306384623 -0.0189654249697924 -0.0337839387357235 -0.0737646371126175 -0.113745339214802 -0.153726041316986 -0.19370673596859 -0.233687445521355 -0.273668140172958 -0.313648849725723 -0.29648956656456 -0.260283619165421 -0.224077701568604 -0.187871769070625 -0.151665836572647 -0.115459911525249 -0.0792539790272713 -0.0466654002666473 -0.0249288845807314 -0.00319236796349287 0.0185441486537457 0.0402806624770164 0.0620171800255775 0.0837536975741386 0.1054902151227 0.110508106648922 0.109953127801418 0.109398148953915 0.108843177556992 0.108288198709488 0.107733219861984 0.107178241014481 0.102547451853752 0.0856892317533493 0.0688310116529465 0.0519727878272533 0.0351145640015602 0.0182563420385122 0.00139812065754086 -0.0154601009562612 -0.0147355990484357 -0.0081501891836524
-0.024669585749507 -0.0349060297012329 -0.0451424717903137 -0.0639626979827881 -0.108534261584282 -0.153105825185776 -0.19767738878727 -0.242248952388763 -0.286820530891418 -0.331392079591751 -0.375963658094406 -0.355683267116547 -0.313785582780838 -0.271887898445129 -0.229990214109421 -0.188092514872551 -0.146194830536842 -0.104297138750553 -0.0664893314242363 -0.0409511663019657 -0.01541299931705 0.0101251667365432 0.0356633327901363 0.0612014979124069 0.0867396593093872 0.112277828156948 0.116312384605408 0.113179072737694 0.11004576086998 0.106912449002266 0.103779129683971 0.100645817816257 0.0975125059485435 0.0906859561800957 0.0727797001600266 0.0548734441399574 0.0369671881198883 0.0190609339624643 0.00115467817522585 -0.0167515780776739 -0.0346578322350979 -0.0327504239976406 -0.0242384597659111
-0.0296645574271679 -0.0426265001296997 -0.0555884465575218 -0.0763587430119514 -0.120554089546204 -0.164749428629875 -0.208944782614708 -0.25314012169838 -0.297335475683212 -0.341530829668045 -0.385726183652878 -0.364984035491943 -0.322596102952957 -0.280208140611649 -0.237820193171501 -0.195432230830193 -0.153044283390045 -0.110656328499317 -0.0723520666360855 -0.0462988913059235 -0.0202457159757614 0.00580745935440063 0.0318606346845627 0.0579138100147247 0.0839669853448868 0.110020160675049 0.113648392260075 0.109801635146141 0.105954878032207 0.102108128368855 0.098261371254921 0.0944146141409874 0.0905678644776344 0.0831477716565132 0.0650076940655708 0.0468676052987576 0.0287275221198797 0.0105874380096793 -0.00755264610052109 -0.0256927292793989 -0.0438328124582767 -0.041462853550911 -0.0322562120854855
-0.0210881009697914 -0.0356957241892815 -0.0503033474087715 -0.0709720775485039 -0.109824120998383 -0.148676171898842 -0.18752820789814 -0.226380258798599 -0.265232294797897 -0.304084330797195 -0.342936396598816 -0.32439187169075 -0.286715149879456 -0.249038413167 -0.211361706256866 -0.173684984445572 -0.136008262634277 -0.0983315408229828 -0.0642536133527756 -0.0409720689058304 -0.0176905207335949 0.00559102650731802 0.0288725737482309 0.0521541200578213 0.0754356682300568 0.098717212677002 0.102516122162342 0.0998208224773407 0.0971255153417587 0.0944302156567574 0.091734915971756 0.089039608836174 0.0863443091511726 0.0799329057335854 0.062373198568821 0.0448134914040565 0.0272537842392921 0.00969407800585032 -0.00786562915891409 -0.0254253372550011 -0.0429850444197655 -0.0408728905022144 -0.0322034507989883
-0.0125116445124149 -0.0287649482488632 -0.0450182519853115 -0.0655854120850563 -0.0990941524505615 -0.132602900266647 -0.166111633181572 -0.199620380997658 -0.233129113912582 -0.266637861728668 -0.300146609544754 -0.283799678087234 -0.250834196805954 -0.217868700623512 -0.184903219342232 -0.15193772315979 -0.11897224187851 -0.0860067531466484 -0.0561551600694656 -0.035645242780447 -0.0151353245601058 0.0053745936602354 0.025884510949254 0.0463944301009178 0.0669043436646461 0.0874142646789551 0.0913838595151901 0.0898400023579597 0.08829615265131 0.0867523029446602 0.0852084532380104 0.0836646035313606 0.0821207538247108 0.0767180398106575 0.0597387067973614 0.0427593775093555 0.0257800463587046 0.00880071707069874 -0.00817861314862967 -0.0251579433679581 -0.0421372726559639 -0.0402829274535179 -0.0321506895124912
-0.00393518852069974 -0.0218341704457998 -0.0397331528365612 -0.060198750346899 -0.0883641839027405 -0.116529628634453 -0.144695058465004 -0.172860503196716 -0.201025933027267 -0.22919137775898 -0.257356822490692 -0.243207484483719 -0.214953228831291 -0.186698973178864 -0.158444732427597 -0.130190476775169 -0.101936221122742 -0.073681965470314 -0.0480567067861557 -0.0303184166550636 -0.0125801274552941 0.00515816081315279 0.0228964500129223 0.0406347364187241 0.0583730265498161 0.0761113166809082 0.0802515894174576 0.0798591896891594 0.0794667974114418 0.0790743976831436 0.0786819979548454 0.0782895982265472 0.0778972059488297 0.073503166437149 0.0571042150259018 0.0407052636146545 0.024306308478117 0.00790735613554716 -0.00849159620702267 -0.0248905494809151 -0.0412895008921623 -0.0396929606795311 -0.0320979245007038
