data/working_set_collections/6091692-Cassins_Sparrow-M2/1985/ghland_avg.asc
NCOLS 265 
NROWS 230 
XLLCORNER -115.5625 
YLLCORNER 24.8333333333333 
CELLSIZE 0.0833333333333333 
NODATA_value -9999 
[rows 114 to 132 of 230, columns 215 to 257 of 265]
-0.149526119232178 -0.147275909781456 -0.147838577628136 -0.149338886141777 -0.150839179754257 -0.152339473366737 -0.153839766979218 -0.155340075492859 -0.156840369105339 -0.158104926347733 -0.158662304282188 -0.159219682216644 -0.159777045249939 -0.160334423184395 -0.16089178621769 -0.161449164152145 -0.162006542086601 -0.163373872637749 -0.165011197328568 -0.166648522019386 -0.168285846710205 -0.169923171401024 -0.171560496091843 -0.173197820782661 -0.174780681729317 -0.176200181245804 -0.177619680762291 -0.179039180278778 -0.180458664894104 -0.181878164410591 -0.183297663927078 -0.184717163443565 -0.1870928555727 -0.189787283539772 -0.192481696605682 -0.195176124572754 -0.197870552539825 -0.200564965605736 -0.203259393572807 -0.204036995768547 -0.199064150452614 -0.194091320037842 -0.189118474721909
-0.150983914732933 -0.149085029959679 -0.149482652544975 -0.150645792484283 -0.15180891752243 -0.152972042560577 -0.154135182499886 -0.155298307538033 -0.15646143257618 -0.157522544264793 -0.158277601003647 -0.1590326577425 -0.159787714481354 -0.160542771220207 -0.161297827959061 -0.162052884697914 -0.162807941436768 -0.163785308599472 -0.164836779236794 -0.165888249874115 -0.166939720511436 -0.167991206049919 -0.169042676687241 -0.170094147324562 -0.171116873621941 -0.172053381800652 -0.172989875078201 -0.173926368355751 -0.174862876534462 -0.175799369812012 -0.176735863089561 -0.177672356367111 -0.179793193936348 -0.182308793067932 -0.184824392199516 -0.187340006232262 -0.189855605363846 -0.19237120449543 -0.194886818528175 -0.195799842476845 -0.191905125975609 -0.188010424375534 -0.184115722775459
-0.15244172513485 -0.150894150137901 -0.151126727461815 -0.15195269882679 -0.152778655290604 -0.153604626655579 -0.154430583119392 -0.155256539583206 -0.156082510948181 -0.156940162181854 -0.157892897725105 -0.158845648169518 -0.159798383712769 -0.16075111925602 -0.161703854799271 -0.162656590342522 -0.163609325885773 -0.164196729660034 -0.16466236114502 -0.165127977728844 -0.165593609213829 -0.166059225797653 -0.166524857282639 -0.166990488767624 -0.167453080415726 -0.167906567454338 -0.168360069394112 -0.168813571333885 -0.169267073273659 -0.169720560312271 -0.170174062252045 -0.170627564191818 -0.172493532299995 -0.174830317497253 -0.17716708779335 -0.179503872990608 -0.181840658187866 -0.184177443385124 -0.186514228582382 -0.187562674283981 -0.184746101498604 -0.181929543614388 -0.17911297082901
-0.153899520635605 -0.152703270316124 -0.152770802378654 -0.153259605169296 -0.153748393058777 -0.154237195849419 -0.154725983738899 -0.155214786529541 -0.155703574419022 -0.156357780098915 -0.157508209347725 -0.158658623695374 -0.159809038043022 -0.160959467291832 -0.162109881639481 -0.16326031088829 -0.164410725235939 -0.164608165621758 -0.164487943053246 -0.164367720484734 -0.164247497916222 -0.164127260446548 -0.164007037878036 -0.163886815309525 -0.16378927230835 -0.163759768009186 -0.163730263710022 -0.163700774312019 -0.163671270012856 -0.163641765713692 -0.163612261414528 -0.163582772016525 -0.165193855762482 -0.167351827025414 -0.169509798288345 -0.171667754650116 -0.173825725913048 -0.175983682274818 -0.17814165353775 -0.179325520992279 -0.177587077021599 -0.17584864795208 -0.174110218882561
-0.155357331037521 -0.154512390494347 -0.154414877295494 -0.154566511511803 -0.154718145728111 -0.154869765043259 -0.155021399259567 -0.155173018574715 -0.155324652791023 -0.155775398015976 -0.157123506069183 -0.15847159922123 -0.159819707274437 -0.161167815327644 -0.162515923380852 -0.163864031434059 -0.165212124586105 -0.165019601583481 -0.164313524961472 -0.163607448339462 -0.162901371717453 -0.162195295095444 -0.161489218473434 -0.160783141851425 -0.160125464200974 -0.159612968564034 -0.159100472927094 -0.158587962388992 -0.158075466752052 -0.157562971115112 -0.157050460577011 -0.156537964940071 -0.157894194126129 -0.159873351454735 -0.161852493882179 -0.163831636309624 -0.165810778737068 -0.167789921164513 -0.169769063591957 -0.171088352799416 -0.170428052544594 -0.169767767190933 -0.169107466936111
-0.156815141439438 -0.156321510672569 -0.156058952212334 -0.155873417854309 -0.155687883496284 -0.155502334237099 -0.155316799879074 -0.15513126552105 -0.154945716261864 -0.155193015933037 -0.156738802790642 -0.158284589648247 -0.159830376505852 -0.161376163363457 -0.162921950221062 -0.164467737078667 -0.166013523936272 -0.165431037545204 -0.164139106869698 -0.162847176194191 -0.161555260419846 -0.160263329744339 -0.158971399068832 -0.157679483294487 -0.156461656093597 -0.155466169118881 -0.154470667243004 -0.153475165367126 -0.152479663491249 -0.151484161615372 -0.150488659739494 -0.149493172764778 -0.150594532489777 -0.152394860982895 -0.154195189476013 -0.155995517969131 -0.157795831561089 -0.159596160054207 -0.161396488547325 -0.162851199507713 -0.163269028067589 -0.163686871528625 -0.164104714989662
-0.155990108847618 -0.15572315454483 -0.15547987818718 -0.155244499444962 -0.155009120702744 -0.154773741960526 -0.154538363218307 -0.154302969574928 -0.15406759083271 -0.154271990060806 -0.155795693397522 -0.157319396734238 -0.158843100070953 -0.160366803407669 -0.161890506744385 -0.163414224982262 -0.164937928318977 -0.164077386260033 -0.162422105669975 -0.160766825079918 -0.159111544489861 -0.157456263899803 -0.155800983309746 -0.154145687818527 -0.152573794126511 -0.151252076029778 -0.149930343031883 -0.148608610033989 -0.147286877036095 -0.145965158939362 -0.144643425941467 -0.143321692943573 -0.144207745790482 -0.145829722285271 -0.14745169878006 -0.149073675274849 -0.150695666670799 -0.152317643165588 -0.153939619660378 -0.155389860272408 -0.156324923038483 -0.157259970903397 -0.158195018768311
-0.152882263064384 -0.152717307209969 -0.152677655220032 -0.15267975628376 -0.152681857347488 -0.152683958411217 -0.152686059474945 -0.152688175439835 -0.152690276503563 -0.153012320399284 -0.154294177889824 -0.155576035380363 -0.156857892870903 -0.158139750361443 -0.159421607851982 -0.160703465342522 -0.161985322833061 -0.160958662629128 -0.159162521362305 -0.157366380095482 -0.155570223927498 -0.153774082660675 -0.151977941393852 -0.150181785225868 -0.148461878299713 -0.146970689296722 -0.145479500293732 -0.143988311290741 -0.14249712228775 -0.14100593328476 -0.139514744281769 -0.138023540377617 -0.138733834028244 -0.140177935361862 -0.14162203669548 -0.143066138029099 -0.144510254263878 -0.145954355597496 -0.147398456931114 -0.148704379796982 -0.149595722556114 -0.150487050414085 -0.151378393173218
-0.149774417281151 -0.149711459875107 -0.149875417351723 -0.150115013122559 -0.150354593992233 -0.150594189763069 -0.150833770632744 -0.15107336640358 -0.151312947273254 -0.151752650737762 -0.152792662382126 -0.153832659125328 -0.154872670769691 -0.155912682414055 -0.156952694058418 -0.157992705702782 -0.159032702445984 -0.157839953899384 -0.155902937054634 -0.153965935111046 -0.152028918266296 -0.150091901421547 -0.148154899477959 -0.146217882633209 -0.144349962472916 -0.142689317464828 -0.14102865755558 -0.139368012547493 -0.137707352638245 -0.136046707630157 -0.134386047720909 -0.132725402712822 -0.133259907364845 -0.134526148438454 -0.135792374610901 -0.137058600783348 -0.138324841856956 -0.139591068029404 -0.140857294201851 -0.142018884420395 -0.142866507172585 -0.143714144825935 -0.144561767578125
-0.146666586399078 -0.146705627441406 -0.147073194384575 -0.147550269961357 -0.148027330636978 -0.14850440621376 -0.148981481790543 -0.149458557367325 -0.149935632944107 -0.150492981076241 -0.151291131973267 -0.152089297771454 -0.152887463569641 -0.153685614466667 -0.154483780264854 -0.155281946063042 -0.156080096960068 -0.154721230268478 -0.152643352746964 -0.150565475225449 -0.148487612605095 -0.14640973508358 -0.144331857562065 -0.14225398004055 -0.140238046646118 -0.138407930731773 -0.136577814817429 -0.134747698903084 -0.132917582988739 -0.131087481975555 -0.129257366061211 -0.127427250146866 -0.127785995602608 -0.128874346613884 -0.129962712526321 -0.131051063537598 -0.132139429450035 -0.133227780461311 -0.134316146373749 -0.135333389043808 -0.136137306690216 -0.136941224336624 -0.137745141983032
-0.143558740615845 -0.143699780106544 -0.144270956516266 -0.144985511898994 -0.145700082182884 -0.146414637565613 -0.147129192948341 -0.14784374833107 -0.148558303713799 -0.149233311414719 -0.149789616465569 -0.15034593641758 -0.15090224146843 -0.151458561420441 -0.152014866471291 -0.152571186423302 -0.153127491474152 -0.151602521538734 -0.149383768439293 -0.147165030241013 -0.144946292042732 -0.142727553844452 -0.140508815646172 -0.138290077447891 -0.136126115918159 -0.134126543998718 -0.132126972079277 -0.130127400159836 -0.128127828240395 -0.126128256320953 -0.124128676950932 -0.12212910503149 -0.12231207638979 -0.123222559690475 -0.124133042991161 -0.125043526291847 -0.125954017043114 -0.126864492893219 -0.127774983644485 -0.128647893667221 -0.129408106207848 -0.130168318748474 -0.130928516387939
-0.140450894832611 -0.140693932771683 -0.141468733549118 -0.142420768737793 -0.143372818827629 -0.144324854016304 -0.14527690410614 -0.146228939294815 -0.147180989384651 -0.147973641753197 -0.14828810095787 -0.148602560162544 -0.148917034268379 -0.149231493473053 -0.149545952677727 -0.149860426783562 -0.150174885988235 -0.148483797907829 -0.146124199032784 -0.143764585256577 -0.141404986381531 -0.139045372605324 -0.136685773730278 -0.134326159954071 -0.132014200091362 -0.129845172166824 -0.127676129341125 -0.125507101416588 -0.123338058590889 -0.121169023215771 -0.118999987840652 -0.116830952465534 -0.116838157176971 -0.117570765316486 -0.118303380906582 -0.119035989046097 -0.119768604636192 -0.120501212775707 -0.121233820915222 -0.121962405741215 -0.122678898274899 -0.123395398259163 -0.124111890792847
-0.137705817818642 -0.138092130422592 -0.13901050388813 -0.140106216073036 -0.141201943159103 -0.142297655344009 -0.143393367528915 -0.144489079713821 -0.145584806799889 -0.146441236138344 -0.146579831838608 -0.146718442440033 -0.146857038140297 -0.146995633840561 -0.147134244441986 -0.14727284014225 -0.147411435842514 -0.145724773406982 -0.143429696559906 -0.14113461971283 -0.138839542865753 -0.136544451117516 -0.134249374270439 -0.131954297423363 -0.129708781838417 -0.127611994743347 -0.125515207648277 -0.123418413102627 -0.121321618556976 -0.119224831461906 -0.117128036916256 -0.115031242370605 -0.114958211779594 -0.11555977165699 -0.116161324083805 -0.11676287651062 -0.117364436388016 -0.117965988814831 -0.118567541241646 -0.11914799362421 -0.119665145874023 -0.120182290673256 -0.120699442923069
-0.135323494672775 -0.135894387960434 -0.136896297335625 -0.138041868805885 -0.139187440276146 -0.140333026647568 -0.141478598117828 -0.142624169588089 -0.143769755959511 -0.144636109471321 -0.144664838910103 -0.144693553447723 -0.144722267985344 -0.144750997424126 -0.144779711961746 -0.144808426499367 -0.144837141036987 -0.143325448036194 -0.141300290822983 -0.139275118708611 -0.137249961495399 -0.135224789381027 -0.133199632167816 -0.131174460053444 -0.129209876060486 -0.127427041530609 -0.125644192099571 -0.123861350119114 -0.122078500688076 -0.120295658707619 -0.118512816727161 -0.116729974746704 -0.116672247648239 -0.117189563810825 -0.117706879973412 -0.118224196135998 -0.118741504848003 -0.11925882101059 -0.119776137173176 -0.120204664766788 -0.120366834104061 -0.120529003441334 -0.120691172778606
-0.13294118642807 -0.133696630597115 -0.134782075881958 -0.135977506637573 -0.13717295229435 -0.138368383049965 -0.139563828706741 -0.140759259462357 -0.141954705119133 -0.142830982804298 -0.142749831080437 -0.142668664455414 -0.142587497830391 -0.142506346106529 -0.142425179481506 -0.142344012856483 -0.142262861132622 -0.140926122665405 -0.13917088508606 -0.137415632605553 -0.135660380125046 -0.133905127644539 -0.132149875164032 -0.130394622683525 -0.128710970282555 -0.12724207341671 -0.125773176550865 -0.12430427968502 -0.122835382819176 -0.121366493403912 -0.119897596538067 -0.118428699672222 -0.118386283516884 -0.118819355964661 -0.119252435863018 -0.119685508310795 -0.120118580758572 -0.120551660656929 -0.120984733104706 -0.121261335909367 -0.121068522334099 -0.120875708758831 -0.120682895183563
-0.130558878183365 -0.131498888134956 -0.132667854428291 -0.133913159370422 -0.135158464312553 -0.136403754353523 -0.137649059295654 -0.138894349336624 -0.140139654278755 -0.141025871038437 -0.140834823250771 -0.140643775463104 -0.140452742576599 -0.140261694788933 -0.140070647001266 -0.139879614114761 -0.139688566327095 -0.138526812195778 -0.137041464447975 -0.135556131601334 -0.134070798754692 -0.132585465908051 -0.131100133061409 -0.129614800214767 -0.128212049603462 -0.127057105302811 -0.125902161002159 -0.124747216701508 -0.123592264950275 -0.122437320649624 -0.121282376348972 -0.12012742459774 -0.120100319385529 -0.120449155569077 -0.120797991752625 -0.121146820485592 -0.12149565666914 -0.121844492852688 -0.122193329036236 -0.122318007051945 -0.121770218014717 -0.121222421526909 -0.120674625039101
-0.128176555037498 -0.129301130771637 -0.130553647875786 -0.13184879720211 -0.133143961429596 -0.134439125657082 -0.135734289884567 -0.137029439210892 -0.138324603438377 -0.139220744371414 -0.138919815421104 -0.138618901371956 -0.138317972421646 -0.138017043471336 -0.137716129422188 -0.137415200471878 -0.137114271521568 -0.136127486824989 -0.134912058711052 -0.133696645498276 -0.132481217384338 -0.131265804171562 -0.130050376057625 -0.128834962844849 -0.127713143825531 -0.126872152090073 -0.126031145453453 -0.125190153717995 -0.124349154531956 -0.123508155345917 -0.122667156159878 -0.121826156973839 -0.121814355254173 -0.122078947722912 -0.12234354019165 -0.12260814011097 -0.122872732579708 -0.123137332499027 -0.123401924967766 -0.123374678194523 -0.122471906244755 -0.121569126844406 -0.120666354894638
-0.125794246792793 -0.127103373408318 -0.128439426422119 -0.129784449934959 -0.1311294734478 -0.13247449696064 -0.133819505572319 -0.135164529085159 -0.136509552598 -0.137415617704391 -0.137004807591438 -0.136594012379646 -0.136183202266693 -0.135772407054901 -0.135361596941948 -0.134950786828995 -0.134539991617203 -0.133728161454201 -0.132782652974129 -0.131837144494057 -0.130891636013985 -0.129946142435074 -0.129000633955002 -0.12805512547493 -0.1272142380476 -0.126687183976173 -0.126160129904747 -0.125633090734482 -0.125106036663055 -0.124578982591629 -0.124051935970783 -0.123524881899357 -0.123528383672237 -0.123708739876747 -0.123889096081257 -0.124069452285767 -0.124249808490276 -0.124430164694786 -0.124610520899296 -0.124431349337101 -0.123173594474792 -0.121915839612484 -0.120658084750175
-0.124072909355164 -0.125500068068504 -0.126835510134697 -0.128140389919281 -0.129445254802704 -0.130750134587288 -0.132054999470711 -0.133359864354134 -0.134664744138718 -0.135526776313782 -0.135060280561447 -0.134593784809113 -0.134127289056778 -0.133660808205605 -0.13319431245327 -0.132727816700935 -0.132261320948601 -0.131548941135406 -0.130754590034485 -0.129960224032402 -0.12916587293148 -0.128371521830559 -0.127577170729637 -0.126782819628716 -0.126088052988052 -0.125692054629326 -0.125296041369438 -0.124900043010712 -0.124504044651985 -0.124108038842678 -0.123712033033371 -0.123316034674644 -0.123412430286407 -0.123672962188721 -0.123933494091034 -0.124194025993347 -0.12445455789566 -0.124715089797974 -0.124975621700287 -0.124820783734322 -0.123419836163521 -0.12201888859272 -0.1206179484725
