data/working_set_collections/6091692-Cassins_Sparrow-M2/1985/ghland_avg.asc
NCOLS 265 
NROWS 230 
XLLCORNER -115.5625 
YLLCORNER 24.8333333333333 
CELLSIZE 0.0833333333333333 
NODATA_value -9999 
[rows 38 to 56 of 230, columns 0 to 42 of 265]
0.111385002732277 0.113311626017094 0.11523824930191 0.117164865136147 0.119091488420963 0.12101811170578 0.122944734990597 0.13042277097702 0.139751270413399 0.149079769849777 0.158408269286156 0.167736783623695 0.177065283060074 0.186393782496452 0.193773090839386 0.19530476629734 0.196836441755295 0.19836813211441 0.199899807572365 0.20143149793148 0.202963173389435 0.204494848847389 0.20124763250351 0.196407437324524 0.191567242145538 0.186727046966553 0.181886851787567 0.177046656608582 0.172206476330757 0.166970387101173 0.160546630620956 0.154122874140739 0.147699117660522 0.141275346279144 0.134851589798927 0.12842783331871 0.122004076838493 0.104242525994778 0.0827017053961754 0.0611608810722828 0.0396200604736805 0.0180792380124331 -0.00346158351749182
0.114300206303596 0.116160154342651 0.118020102381706 0.119880042970181 0.121739991009235 0.12359993904829 0.125459879636765 0.13343571126461 0.143450170755386 0.153464630246162 0.163479089736938 0.173493549227715 0.183508008718491 0.193522483110428 0.201207742094994 0.201905444264412 0.20260314643383 0.203300848603249 0.203998565673828 0.204696267843246 0.205393970012665 0.206091672182083 0.202401161193848 0.197247922420502 0.192094668745995 0.186941429972649 0.181788176298141 0.176634937524796 0.17148169875145 0.16574127972126 0.158239379525185 0.150737479329109 0.143235564231873 0.135733664035797 0.128231763839722 0.120729856193066 0.11322794854641 0.0975696220993996 0.0791924819350243 0.0608153454959393 0.0424382090568542 0.0240610726177692 0.00568393478170037
0.117215409874916 0.119008682668209 0.120801948010921 0.122595220804214 0.124388486146927 0.1261817663908 0.127975031733513 0.136448666453362 0.147149071097374 0.157849490642548 0.168549910187721 0.179250329732895 0.189950749278069 0.200651168823242 0.208642408251762 0.208506137132645 0.208369866013527 0.208233579993248 0.20809730887413 0.207961037755013 0.207824751734734 0.207688480615616 0.203554689884186 0.198088392615318 0.192622095346451 0.187155798077583 0.181689500808716 0.17622321844101 0.170756921172142 0.164512187242508 0.155932128429413 0.147352084517479 0.138772025704384 0.13019198179245 0.121611922979355 0.11303187161684 0.104451820254326 0.0908967182040215 0.0756832659244537 0.060469813644886 0.0452563613653183 0.0300429072231054 0.0148294530808926
0.120130613446236 0.121857210993767 0.123583801090717 0.125310391187668 0.127036988735199 0.12876358628273 0.130490183830261 0.139461606740952 0.150847986340523 0.162234351038933 0.173620730638504 0.185007110238075 0.196393474936485 0.207779854536057 0.216077074408531 0.215106815099716 0.214136570692062 0.213166311383247 0.212196052074432 0.211225792765617 0.210255548357964 0.209285289049149 0.204708218574524 0.198928862810135 0.193149521946907 0.187370181083679 0.18159082531929 0.175811484456062 0.170032143592834 0.163283079862595 0.153624877333641 0.143966689705849 0.134308487176895 0.124650292098522 0.114992089569569 0.105333894491196 0.0956756994128227 0.0842238217592239 0.0721740499138832 0.0601242817938328 0.048074509948492 0.0360247418284416 0.023974971845746
0.121386371552944 0.122991271317005 0.124596163630486 0.126201063394547 0.127805963158607 0.129410862922668 0.131015762686729 0.139733701944351 0.150822669267654 0.161911621689796 0.173000574111938 0.184089541435242 0.195178493857384 0.206267446279526 0.214312627911568 0.213226482272148 0.21214035153389 0.21105420589447 0.209968060255051 0.208881914615631 0.207795768976212 0.206709623336792 0.202189892530441 0.196525618433952 0.190861359238625 0.185197085142136 0.179532811045647 0.173868551850319 0.16820427775383 0.161397740244865 0.151164382696152 0.140931040048599 0.130697682499886 0.120464332401752 0.110230974853039 0.0999976247549057 0.0897642746567726 0.0796249210834503 0.0695169046521187 0.0594088807702065 0.0493008606135845 0.0391928404569626 0.0290848221629858
0.120982676744461 0.122410856187344 0.123839043080807 0.12526723742485 0.126695424318314 0.128123596310616 0.129551783204079 0.13726495206356 0.147073119878769 0.156881287693977 0.166689455509186 0.176497623324394 0.186305776238441 0.19611394405365 0.203349083662033 0.20286513864994 0.202381208539009 0.201897263526917 0.201413318514824 0.200929373502731 0.2004454433918 0.199961498379707 0.195999711751938 0.190878644585609 0.185757592320442 0.180636525154114 0.175515457987785 0.170394405722618 0.16527333855629 0.158856153488159 0.148550644516945 0.138245135545731 0.127939611673355 0.117634102702141 0.107328586280346 0.097023069858551 0.0867175534367561 0.0771000236272812 0.0677118226885796 0.0583236180245876 0.0489354133605957 0.0395472124218941 0.0301590077579021
0.120578981935978 0.121830448508263 0.123081922531128 0.124333396553993 0.125584870576859 0.126836344599724 0.128087818622589 0.134796217083931 0.143323585391045 0.151850953698158 0.160378322005272 0.168905705213547 0.17743307352066 0.185960441827774 0.192385539412498 0.192503795027733 0.192622065544128 0.192740321159363 0.192858576774597 0.192976847290993 0.193095102906227 0.193213358521461 0.189809530973434 0.185231685638428 0.18065382540226 0.176075965166092 0.171498104929924 0.166920244693756 0.162342399358749 0.156314581632614 0.145936906337738 0.135559231042862 0.125181540846825 0.114803873002529 0.104426190257072 0.0940485149621964 0.0836708396673203 0.0745751261711121 0.0659067407250404 0.0572383515536785 0.0485699661076069 0.0399015806615353 0.0312331914901733
0.120175279676914 0.121250040829182 0.122324801981449 0.123399563133717 0.124474324285984 0.125549077987671 0.126623839139938 0.13232746720314 0.13957405090332 0.146820619702339 0.154067203402519 0.161313787102699 0.168560355901718 0.175806939601898 0.181421995162964 0.182142451405525 0.182862922549248 0.183583378791809 0.184303849935532 0.185024306178093 0.185744777321815 0.186465233564377 0.183619365096092 0.179584711790085 0.175550058484077 0.17151540517807 0.167480751872063 0.163446098566055 0.159411445260048 0.153772994875908 0.14332315325737 0.132873326539993 0.122423477470875 0.111973635852337 0.10152380168438 0.0910739600658417 0.0806241184473038 0.0720502287149429 0.0641016587615013 0.0561530888080597 0.0482045188546181 0.0402559489011765 0.0323073789477348
0.119771584868431 0.120669633150101 0.12156768143177 0.12246572971344 0.123363770544529 0.124261818826199 0.125159859657288 0.12985871732235 0.135824501514435 0.14179028570652 0.147756069898605 0.153721868991852 0.159687653183937 0.165653437376022 0.170458436012268 0.171781107783318 0.173103779554367 0.174426436424255 0.175749108195305 0.177071765065193 0.178394436836243 0.179717108607292 0.177429184317589 0.173937737941742 0.170446291565895 0.166954845190048 0.163463398814201 0.159971952438354 0.156480506062508 0.151231423020363 0.140709415078163 0.130187422037125 0.119665414094925 0.109143406152725 0.0986214056611061 0.088099405169487 0.0775773972272873 0.0695253312587738 0.0622965805232525 0.0550678260624409 0.0478390716016293 0.0406103171408176 0.033381562680006
0.119367890059948 0.12008922547102 0.120810560882092 0.121531888842583 0.122253224253654 0.122974559664726 0.123695887625217 0.127389967441559 0.132074967026711 0.136759951710701 0.141444951295853 0.146129950881004 0.150814935564995 0.155499935150146 0.159494891762733 0.16141976416111 0.163344636559486 0.165269494056702 0.167194366455078 0.169119238853455 0.17104409635067 0.172968968749046 0.171239003539085 0.168290764093399 0.165342524647713 0.162394285202026 0.15944604575634 0.156497806310654 0.153549566864967 0.148689836263657 0.138095676898956 0.127501502633095 0.116907343268394 0.106313176453114 0.0957190096378326 0.0851248502731323 0.0745306834578514 0.0670004338026047 0.0604914985597134 0.0539825595915318 0.0474736243486404 0.0409646853804588 0.0344557464122772
0.119571909308434 0.119872033596039 0.120172165334225 0.120472297072411 0.120772428810596 0.121072553098202 0.121372684836388 0.124131917953491 0.127710863947868 0.131289795041084 0.1348687261343 0.138447657227516 0.142026603221893 0.145605534315109 0.148921892046928 0.151450484991074 0.153979077935219 0.156507670879364 0.159036263823509 0.161564856767654 0.164093464612961 0.166622057557106 0.165291830897331 0.162675321102142 0.160058826208115 0.157442316412926 0.154825821518898 0.152209311723709 0.149592816829681 0.14516381919384 0.135297358036041 0.125430911779404 0.115564450621605 0.105697996914387 0.0958315432071686 0.0859650820493698 0.0760986283421516 0.0686405375599861 0.0619852319359779 0.0553299263119698 0.0486746206879616 0.0420193150639534 0.0353640131652355
0.120383627712727 0.120018064975739 0.11965250223875 0.119286939501762 0.118921376764774 0.118555814027786 0.118190251290798 0.120084568858147 0.122732184827328 0.125379800796509 0.128027409315109 0.13067501783371 0.13332262635231 0.135970249772072 0.138739421963692 0.141873270273209 0.145007118582726 0.148140966892242 0.151274815201759 0.154408663511276 0.157542511820793 0.16067636013031 0.159587636590004 0.157091408967972 0.15459518134594 0.152098938822746 0.149602711200714 0.147106483578682 0.144610241055489 0.140653356909752 0.13231448829174 0.123975604772568 0.115636736154556 0.107297860085964 0.0989589914679527 0.0906201153993607 0.0822812467813492 0.0744456350803375 0.0667777806520462 0.0591099224984646 0.0514420680701733 0.0437742136418819 0.0361063554883003
0.1211953535676 0.120164096355438 0.119132839143276 0.118101581931114 0.117070324718952 0.116039074957371 0.115007817745209 0.116037219762802 0.117753505706787 0.119469799101353 0.121186085045338 0.122902378439903 0.124618664383888 0.126334950327873 0.128556951880455 0.132296040654182 0.136035144329071 0.13977424800396 0.143513351678848 0.147252455353737 0.150991544127464 0.154730647802353 0.153883457183838 0.151507496833801 0.149131536483765 0.146755576133728 0.14437960088253 0.142003640532494 0.139627680182457 0.136142894625664 0.129331603646278 0.122520312666893 0.115709021687508 0.108897730708122 0.102086439728737 0.0952751487493515 0.0884638577699661 0.0802507326006889 0.0715703293681145 0.0628899186849594 0.054209515452385 0.0455291084945202 0.0368487015366554
0.122007071971893 0.120310127735138 0.118613176047802 0.116916224360466 0.115219280123711 0.113522328436375 0.111825384199619 0.111989870667458 0.112774834036827 0.113559797406197 0.114344768226147 0.115129731595516 0.115914694964886 0.116699665784836 0.118374474346638 0.122718833386898 0.127063184976578 0.131407544016838 0.135751888155937 0.140096247196198 0.144440591335297 0.148784950375557 0.148179262876511 0.145923584699631 0.14366789162159 0.141412198543549 0.139156505465508 0.136900812387466 0.134645119309425 0.131632417440414 0.126348719000816 0.121065013110638 0.115781299769878 0.1104975938797 0.105213887989521 0.0999301820993423 0.0946464762091637 0.0860558301210403 0.0763628706336021 0.0666699185967445 0.0569769591093063 0.0472840033471584 0.0375910475850105
0.122818797826767 0.120456159114838 0.118093512952328 0.115730874240398 0.113368228077888 0.111005589365959 0.108642943203449 0.107942514121532 0.107796162366867 0.107649803161621 0.107503443956375 0.10735709220171 0.107210732996464 0.107064373791218 0.108192004263401 0.113141611218452 0.118091218173504 0.123040825128555 0.127990424633026 0.132940039038658 0.137889638543129 0.142839252948761 0.142475083470345 0.140339657664299 0.138204246759415 0.136068820953369 0.133933395147324 0.131797984242439 0.129662558436394 0.127121955156326 0.123365834355354 0.119609713554382 0.11585358530283 0.112097464501858 0.108341336250305 0.104585215449333 0.100829087197781 0.0918609276413918 0.0811554193496704 0.0704499110579491 0.059744406491518 0.0490388981997967 0.0383333936333656
0.123630523681641 0.120602183043957 0.117573849856853 0.11454551666975 0.111517183482647 0.108488842844963 0.10546050965786 0.103895165026188 0.102817483246326 0.101739808917046 0.100662127137184 0.0995844453573227 0.0985067635774612 0.0974290817975998 0.0980095416307449 0.103564396500587 0.10911925137043 0.114674113690853 0.120228968560696 0.125783830881119 0.131338685750961 0.136893540620804 0.136770904064178 0.134755745530128 0.13274060189724 0.13072544336319 0.128710299730301 0.126695141196251 0.124679990112782 0.122611492872238 0.120382949709892 0.118154413998127 0.115925870835781 0.113697327673435 0.111468784511089 0.109240241348743 0.107011705636978 0.0976660251617432 0.0859479680657387 0.0742299109697342 0.0625118538737297 0.0507937930524349 0.0390757359564304
0.127107530832291 0.124110326170921 0.121113121509552 0.118115916848183 0.115118712186813 0.112121507525444 0.109124302864075 0.106916964054108 0.104972921311855 0.103028871119022 0.101084820926189 0.0991407707333565 0.0971967279911041 0.0952526777982712 0.0951416343450546 0.100529618561268 0.1059175953269 0.111305579543114 0.116693556308746 0.12208154052496 0.127469524741173 0.132857501506805 0.132787600159645 0.130898416042328 0.129009231925011 0.127120032906532 0.125230848789215 0.123341664671898 0.121452473104 0.11962616443634 0.117988482117653 0.116350792348385 0.114713110029697 0.11307542771101 0.111437745392323 0.109800063073635 0.108162380754948 0.0988297611474991 0.0869321599602699 0.0750345587730408 0.0631369575858116 0.0512393563985825 0.0393417589366436
0.133249834179878 0.130980581045151 0.128711327910423 0.126442074775696 0.124172829091549 0.121903575956821 0.119634322822094 0.117007911205292 0.114262454211712 0.111516997218132 0.108771532773972 0.106026075780392 0.103280611336231 0.100535154342651 0.0995883047580719 0.104037277400494 0.108486250042915 0.112935222685337 0.117384195327759 0.121833167970181 0.126282140612602 0.130731120705605 0.130525201559067 0.128767669200897 0.127010136842728 0.125252604484558 0.123495064675808 0.121737532317638 0.119979999959469 0.118165962398052 0.116182409226894 0.114198863506317 0.112215310335159 0.110231764614582 0.108248211443424 0.106264665722847 0.104281112551689 0.0953521281480789 0.0841079950332642 0.0728638544678688 0.061619721353054 0.0503755882382393 0.0391314551234245
0.139392137527466 0.13785083591938 0.136309549212456 0.13476824760437 0.133226945996284 0.131685644388199 0.130144342780113 0.127098858356476 0.123551994562149 0.120005123317242 0.116458244621754 0.112911373376846 0.109364502131939 0.105817630887032 0.104034967720509 0.107544936239719 0.11105489730835 0.11456486582756 0.118074834346771 0.121584795415401 0.125094756484032 0.128604725003242 0.128262802958488 0.126636922359467 0.125011041760445 0.123385168612003 0.121759288012981 0.120133399963379 0.118507519364357 0.116705760359764 0.114376343786716 0.112046927213669 0.109717510640621 0.107388094067574 0.105058684945107 0.102729268372059 0.100399851799011 0.0918744951486588 0.0812838301062584 0.0706931576132774 0.0601024888455868 0.0495118200778961 0.0389211475849152
