data/working_set_collections/6091692-Cassins_Sparrow-M2/1985/gwetroot_avg.asc
NCOLS 265 
NROWS 230 
XLLCORNER -115.5625 
YLLCORNER 24.8333333333333 
CELLSIZE 0.0833333333333333 
NODATA_value -9999 
[rows 200 to 219 of 230, columns 176 to 219 of 265]
0.449332535266876 0.441181719303131 0.433030903339386 0.427160412073135 0.428130984306335 0.429101556539536 0.430072128772736 0.431042701005936 0.432013273239136 0.432983845472336 0.433954417705536 0.447816580533981 0.465975910425186 0.484135270118713 0.502294600009918 0.520453989505768 0.538613319396973 0.556772708892822 0.56813257932663 0.559094071388245 0.550055623054504 0.541017115116119 0.531978666782379 0.522940158843994 0.513901650905609 0.504863202571869 0.494176089763641 0.482939422130585 0.471702754497528 0.460466086864471 0.449229419231415 0.437992751598358 0.426756083965302 0.420995116233826 0.431661128997803 0.44232714176178 0.452993154525757 0.463659167289734 0.474325180053711 0.484991192817688 -9999 -9999 0.529470026493073 -9999
0.453841388225555 0.445877969264984 0.437914550304413 0.431705057621002 0.430757313966751 0.4298095703125 0.428861826658249 0.427914083003998 0.426966339349747 0.426018595695496 0.425070852041245 0.43884751200676 0.457532346248627 0.476217180490494 0.494901984930038 0.513586819171906 0.53227162361145 0.550956428050995 0.562344372272491 0.551841616630554 0.541338860988617 0.53083610534668 0.520333349704742 0.509830594062805 0.499327808618546 0.488825052976608 0.475522667169571 0.461287081241608 0.447051495313644 0.432815909385681 0.418580323457718 0.404344737529755 0.390109151601791 0.381772458553314 0.39113250374794 0.400492548942566 0.409852594137192 0.419212639331818 0.428572654724121 0.437932699918747 0.447292745113373 -9999 -9999 -9999
0.458350241184235 0.450574219226837 0.442798227071762 0.436249703168869 0.433383643627167 0.430517584085464 0.427651524543762 0.42478546500206 0.421919405460358 0.419053345918655 0.416187286376953 0.42987847328186 0.449088782072067 0.468299061059952 0.487509340047836 0.506719648838043 0.525929927825928 0.545140206813812 0.556556165218353 0.544589161872864 0.53262209892273 0.520655035972595 0.508688032627106 0.496720999479294 0.484753966331482 0.47278693318367 0.456869274377823 0.439634770154953 0.422400236129761 0.405165731906891 0.387931227684021 0.370696693658829 0.353462189435959 0.342549830675125 0.350603878498077 0.358657956123352 0.366712033748627 0.374766081571579 0.382820159196854 0.390874236822128 0.398928284645081 0.423575311899185 -9999 -9999
0.462859094142914 0.455270498991013 0.447681874036789 0.440794318914413 0.43600994348526 0.431225597858429 0.426441222429276 0.421656847000122 0.416872471570969 0.412088096141815 0.407303720712662 0.420909434556961 0.440645188093185 0.46038094162941 0.480116695165634 0.499852478504181 0.519588232040405 0.53932398557663 0.550767958164215 0.537336647510529 0.523905336856842 0.510474026203156 0.497042715549469 0.483611404895782 0.470180094242096 0.456748783588409 0.438215881586075 0.417982429265976 0.397749006748199 0.377515554428101 0.357282102108002 0.337048679590225 0.316815227270126 0.303327172994614 0.310075283050537 0.316823363304138 0.323571473360062 0.330319553613663 0.337067663669586 0.343815743923187 0.350563824176788 0.379526913166046 0.415894985198975 -9999
0.467509508132935 0.460217356681824 0.452925205230713 0.44593146443367 0.439833045005798 0.433734655380249 0.427636235952377 0.421537816524506 0.415439397096634 0.409340977668762 0.40324255824089 0.416578263044357 0.436391979455948 0.456205695867538 0.476019412279129 0.495833158493042 0.515646874904633 0.535460591316223 0.546814858913422 0.532790660858154 0.518766522407532 0.504742383956909 0.490718215703964 0.476694047451019 0.462669909000397 0.448645740747452 0.429427236318588 0.408477246761322 0.387527287006378 0.366577327251434 0.34562736749649 0.324677407741547 0.303727447986603 0.289421290159225 0.29504656791687 0.300671845674515 0.306297153234482 0.311922430992126 0.317547708749771 0.323173016309738 0.328798294067383 0.357350945472717 0.394263803958893 -9999
0.472301512956619 0.465414822101593 0.458528161048889 0.451661109924316 0.444852918386459 0.438044756650925 0.431236565113068 0.424428373575211 0.417620211839676 0.410812020301819 0.404003828763962 0.416884928941727 0.436329126358032 0.455773323774338 0.475217491388321 0.494661688804626 0.51410585641861 0.533550083637238 0.544696807861328 0.530951261520386 0.517205655574799 0.503460109233856 0.489714503288269 0.475968927145004 0.46222335100174 0.448477774858475 0.430503338575363 0.411119252443314 0.391735136508942 0.372351050376892 0.352966964244843 0.333582878112793 0.314198791980743 0.300832152366638 0.305517792701721 0.310203433036804 0.314889073371887 0.31957471370697 0.324260354042053 0.328945994377136 0.333631634712219 0.357039630413055 0.388525068759918 -9999
0.477093487977982 0.470612317323685 0.464131116867065 0.457390755414963 0.44987279176712 0.4423548579216 0.434836894273758 0.427318960428238 0.419801026582718 0.412283062934875 0.404765129089355 0.417191624641418 0.436266273260117 0.455340921878815 0.474415570497513 0.493490219116211 0.512564897537231 0.531639516353607 0.542578756809235 0.529111802577972 0.515644788742065 0.502177834510803 0.488710820674896 0.475243836641312 0.461776822805405 0.44830983877182 0.431579440832138 0.413761228322983 0.395943015813828 0.378124803304672 0.360306590795517 0.342488378286362 0.324670165777206 0.312242984771729 0.31598898768425 0.319734990596771 0.323480993509293 0.327226996421814 0.330972999334335 0.334719002246857 0.338465005159378 -9999 0.382291913032532 -9999
0.481885492801666 0.475809782743454 0.469734102487564 0.463120400905609 0.454892694950104 0.446664959192276 0.438437253236771 0.430209547281265 0.421981811523438 0.413754105567932 0.405526399612427 0.417498290538788 0.436203420162201 0.454908549785614 0.473613649606705 0.492318779230118 0.511023879051208 0.529729008674622 0.540460765361786 0.527272343635559 0.514083921909332 0.500895500183105 0.487707108259201 0.474518716335297 0.46133029460907 0.448141902685165 0.432655543088913 0.416403204202652 0.400150865316391 0.38389852643013 0.367646187543869 0.351393848657608 0.335141509771347 0.323653846979141 0.326460212469101 0.329266577959061 0.332072913646698 0.334879279136658 0.337685644626617 0.340492010116577 0.343298375606537 0.356383979320526 -9999 -9999
0.486677497625351 0.481007277965546 0.47533705830574 0.468850046396255 0.459912568330765 0.450975060462952 0.442037582397461 0.43310010433197 0.42416262626648 0.415225148200989 0.406287670135498 0.41780498623848 0.436140567064285 0.454476147890091 0.472811728715897 0.491147309541702 0.50948292016983 0.527818500995636 0.538342714309692 0.525432884693146 0.512523055076599 0.499613255262375 0.486703425645828 0.473793596029282 0.460883766412735 0.447973936796188 0.433731645345688 0.419045180082321 0.404358714818954 0.389672249555588 0.374985784292221 0.360299319028854 0.345612853765488 0.335064709186554 0.33693140745163 0.338798135519028 0.340664863586426 0.342531561851501 0.3443982899189 0.346265017986298 0.348131716251373 0.356038421392441 0.368062674999237 -9999
0.491469472646713 0.486204773187637 0.480940043926239 0.474579691886902 0.464932441711426 0.45528519153595 0.445637941360474 0.435990691184998 0.426343441009521 0.416696190834045 0.407048940658569 0.418111652135849 0.43607771396637 0.454043745994568 0.472009807825089 0.489975869655609 0.507941901683807 0.525907933712006 0.536224663257599 0.523593425750732 0.510962188243866 0.498330950737 0.485699713230133 0.473068475723267 0.4604372382164 0.447806000709534 0.434807747602463 0.42168715596199 0.408566564321518 0.395445972681046 0.382325410842896 0.369204819202423 0.356084227561951 0.346475541591644 0.347402632236481 0.348329693078995 0.349256783723831 0.350183844566345 0.351110935211182 0.352037996053696 0.352965086698532 0.355680167675018 0.359892159700394 0.36565500497818
0.489719122648239 0.484281927347183 0.47884476184845 0.472416609525681 0.463015526533127 0.453614443540573 0.444213390350342 0.434812307357788 0.425411224365234 0.416010141372681 0.406609058380127 0.417411535978317 0.434948533773422 0.452485501766205 0.47002249956131 0.487559497356415 0.50509649515152 0.52263343334198 0.533175706863403 0.522733747959137 0.512291848659515 0.501849889755249 0.491407960653305 0.480966031551361 0.470524102449417 0.460082143545151 0.447442173957825 0.434069514274597 0.420696824789047 0.40732416510582 0.393951505422592 0.380578845739365 0.367206156253815 0.357200741767883 0.357297092676163 0.357393443584442 0.357489794492722 0.357586145401001 0.35768249630928 0.35777884721756 0.357875198125839 0.36005288362503 0.363705605268478 0.368703246116638
0.481426388025284 0.475238800048828 0.469051241874695 0.462360829114914 0.45416185259819 0.445962876081467 0.437763929367065 0.429564952850342 0.421365976333618 0.413167029619217 0.404968053102493 0.415704607963562 0.432752996683121 0.449801415205002 0.466849803924561 0.483898192644119 0.500946581363678 0.517994999885559 0.529195785522461 0.522853910923004 0.516511976718903 0.510170102119446 0.503828167915344 0.497486263513565 0.491144359111786 0.484802424907684 0.471634924411774 0.456192225217819 0.440749526023865 0.42530682682991 0.409864097833633 0.394421398639679 0.378978699445724 0.367240309715271 0.36661484837532 0.36598938703537 0.365363925695419 0.364738464355469 0.364113003015518 0.363487541675568 0.362862080335617 0.368920147418976 0.378963679075241 0.391777843236923
0.473133653402328 0.466195672750473 0.45925772190094 0.452305018901825 0.445308178663254 0.43831130862236 0.431314468383789 0.424317598342896 0.417320758104324 0.410323888063431 0.40332704782486 0.413997679948807 0.430557489395142 0.447117298841476 0.463677108287811 0.480236917734146 0.496796727180481 0.513356506824493 0.525215923786163 0.522974014282227 0.52073210477829 0.518490254878998 0.516248345375061 0.514006495475769 0.511764585971832 0.50952273607254 0.495827674865723 0.478314936161041 0.46080219745636 0.443289458751678 0.425776720046997 0.408263981342316 0.390751212835312 0.377279847860336 0.375932574272156 0.374585300683975 0.373238027095795 0.371890783309937 0.370543509721756 0.369196236133575 0.367848962545395 0.377473533153534 0.392848044633865 0.4112648665905
0.464840918779373 0.45715257525444 0.449464201927185 0.442249238491058 0.436454504728317 0.430659741163254 0.424865007400513 0.419070273637772 0.413275510072708 0.407480776309967 0.401686042547226 0.412290751934052 0.428361982107162 0.444433182477951 0.460504412651062 0.476575613021851 0.492646843194962 0.508718073368073 0.521236002445221 0.523094117641449 0.524952292442322 0.52681040763855 0.528668582439423 0.530526697635651 0.532384872436523 0.534242987632751 0.520020425319672 0.500437676906586 0.480854868888855 0.461272090673447 0.441689312458038 0.42210653424263 0.402523756027222 0.387319386005402 0.385250329971313 0.383181244134903 0.381112158298492 0.379043072462082 0.376973986625671 0.374904900789261 0.372835844755173 0.385729432106018 0.405536204576492 0.427940636873245
0.456548184156418 0.448109447956085 0.43967068195343 0.432193458080292 0.427600830793381 0.423008173704147 0.418415546417236 0.413822919130325 0.409230291843414 0.404637664556503 0.400045037269592 0.410583823919296 0.426166445016861 0.441749095916748 0.457331717014313 0.472914338111877 0.488496959209442 0.504079580307007 0.517256081104279 0.523214280605316 0.529172420501709 0.535130620002747 0.541088759899139 0.547046899795532 0.55300509929657 0.558963239192963 0.544213175773621 0.522560358047485 0.50090754032135 0.479254752397537 0.457601934671402 0.435949116945267 0.414296299219131 0.397358953952789 0.394568055868149 0.391777157783508 0.38898628950119 0.38619539141655 0.383404493331909 0.380613595247269 0.377822697162628 0.393703043460846 0.417176395654678 0.442372560501099
0.448255479335785 0.43906632065773 0.429877161979675 0.422137647867203 0.418747127056122 0.415356606245041 0.41196608543396 0.408575564622879 0.405185043811798 0.401794523000717 0.398404002189636 0.408876895904541 0.423970937728882 0.439064979553223 0.454159021377563 0.469253033399582 0.484347075223923 0.499441117048264 0.513276159763336 0.523334383964539 0.533392548561096 0.543450772762299 0.553508937358856 0.563567161560059 0.573625326156616 0.583683550357819 0.56840592622757 0.54468309879303 0.520960211753845 0.497237384319305 0.473514527082443 0.449791669845581 0.426068812608719 0.407398492097855 0.403885781764984 0.400373101234436 0.396860390901566 0.393347680568695 0.389835000038147 0.386322289705276 0.382809579372406 0.401408642530441 0.427893280982971 0.454985022544861
0.448059111833572 0.439300090074539 0.430541098117828 0.423190176486969 0.420063555240631 0.416936904191971 0.413810282945633 0.410683661699295 0.407557010650635 0.404430389404297 0.401303768157959 0.411093324422836 0.425188302993774 0.439283281564713 0.453378260135651 0.467473238706589 0.481568217277527 0.495663195848465 0.509097635746002 0.520550608634949 0.53200352191925 0.543456435203552 0.554909348487854 0.566362261772156 0.577815175056458 0.589268088340759 0.57475608587265 0.551589071750641 0.528422117233276 0.505255103111267 0.482088088989258 0.458921104669571 0.435754090547562 0.417624205350876 0.414605587720871 0.411586970090866 0.408568352460861 0.405549734830856 0.402531117200851 0.399512499570847 0.396493881940842 0.415725439786911 0.442373722791672 0.469022005796432
0.455959111452103 0.448810815811157 0.441662490367889 0.435351014137268 0.431550055742264 0.42774909734726 0.423948109149933 0.420147150754929 0.416346192359924 0.41254523396492 0.408744275569916 0.417233109474182 0.429818570613861 0.44240403175354 0.454989492893219 0.467574924230576 0.480160385370255 0.492745846509933 0.504720509052277 0.514862895011902 0.525005221366882 0.535147547721863 0.545289933681488 0.555432260036469 0.565574645996094 0.575716972351074 0.563263595104218 0.543278396129608 0.523293137550354 0.5033078789711 0.483322620391846 0.463337361812592 0.44335213303566 0.428036034107208 0.426727414131165 0.425418764352798 0.424110144376755 0.422801524400711 0.421492874622345 0.420184254646301 0.418875634670258 0.436846077442169 0.461242854595184 0.485639661550522
0.463859140872955 0.458321511745453 0.45278388261795 0.447511851787567 0.443036556243896 0.438561260700226 0.434085965156555 0.429610669612885 0.425135374069214 0.420660078525543 0.416184782981873 0.423372894525528 0.434448838233948 0.445524752140045 0.456600695848465 0.467676639556885 0.478752553462982 0.489828497171402 0.500343382358551 0.509175181388855 0.518006920814514 0.526838719844818 0.535670518875122 0.544502258300781 0.553334057331085 0.562165856361389 0.55177116394043 0.534967660903931 0.518164157867432 0.501360654830933 0.484557151794434 0.467753648757935 0.450950145721436 0.438447862863541 0.438849240541458 0.439250588417053 0.439651936292648 0.440053284168243 0.440454632043839 0.440856009721756 0.441257357597351 0.457966685295105 0.480112016201019 0.502257347106934
0.471759140491486 0.467832207679749 0.463905274868011 0.459672689437866 0.454523056745529 0.449373424053192 0.444223791360855 0.439074158668518 0.433924525976181 0.428774923086166 0.423625290393829 0.429512679576874 0.439079105854034 0.448645502328873 0.458211898803711 0.467778325080872 0.47734472155571 0.48691114783287 0.495966255664825 0.503487467765808 0.511008679866791 0.518529891967773 0.526051044464111 0.533572256565094 0.541093468666077 0.548614680767059 0.540278673171997 0.526656925678253 0.513035178184509 0.499413430690765 0.485791683197021 0.472169935703278 0.458548188209534 0.448859721422195 0.450971037149429 0.453082382678986 0.455193728208542 0.457305073738098 0.459416419267654 0.461527734994888 0.463639080524445 0.479087293148041 0.498981148004532 0.518875002861023
