data/working_set_collections/6091692-Cassins_Sparrow-M2/1985/gwetroot_avg.asc
NCOLS 265 
NROWS 230 
XLLCORNER -115.5625 
YLLCORNER 24.8333333333333 
CELLSIZE 0.0833333333333333 
NODATA_value -9999 
[rows 100 to 119 of 230, columns 132 to 175 of 265]
0.413736015558243 0.409940183162689 0.40653133392334 0.404283583164215 0.40203583240509 0.399788051843643 0.397540301084518 0.395292550325394 0.393044769763947 0.390797019004822 0.386813372373581 0.382251054048538 0.377688765525818 0.373126477003098 0.368564188480377 0.364001870155334 0.359439581632614 0.357225060462952 0.362053900957108 0.366882711648941 0.371711522340775 0.376540333032608 0.381369143724442 0.386197984218597 0.391026794910431 0.391297429800034 0.390048682689667 0.388799905776978 0.387551158666611 0.386302411556244 0.385053634643555 0.383804887533188 0.383243590593338 0.384744644165039 0.386245727539062 0.387746781110764 0.389247864484787 0.39074894785881 0.392250001430511 0.393751084804535 0.398382216691971 0.404056757688522 0.409731268882751 0.415405780076981
0.411824434995651 0.407789945602417 0.404264360666275 0.40226548910141 0.400266587734222 0.398267716169357 0.396268844604492 0.394269973039627 0.392271101474762 0.390272229909897 0.385897189378738 0.380730092525482 0.375563025474548 0.370395928621292 0.365228831768036 0.360061764717102 0.354894667863846 0.352490276098251 0.358373939990997 0.364257633686066 0.370141297578812 0.376024961471558 0.381908655166626 0.387792319059372 0.393675982952118 0.393984377384186 0.392434298992157 0.390884220600128 0.389334142208099 0.387784093618393 0.386234015226364 0.384683936834335 0.383943378925323 0.385631382465363 0.387319356203079 0.389007359743118 0.390695363283157 0.392383337020874 0.394071340560913 0.39575931429863 0.40106850862503 0.407584756612778 0.414101004600525 0.420617252588272
0.410168409347534 0.406147956848145 0.402717918157578 0.401059091091156 0.399400264024734 0.397741436958313 0.396082609891891 0.39442378282547 0.392764955759048 0.391106128692627 0.386937618255615 0.381932586431503 0.376927524805069 0.371922463178635 0.366917431354523 0.361912369728088 0.356907337903976 0.354585140943527 0.360311537981033 0.366037935018539 0.371764332056046 0.377490729093552 0.383217126131058 0.388943523168564 0.39466992020607 0.394992172718048 0.393513023853302 0.392033874988556 0.390554755926132 0.389075607061386 0.38759645819664 0.386117339134216 0.385448902845383 0.387212604284286 0.38897630572319 0.390740007162094 0.392503708600998 0.394267380237579 0.396031081676483 0.397794783115387 0.40348008275032 0.410472601652145 0.41746512055397 0.424457609653473
0.408767879009247 0.405014187097549 0.40189203619957 0.400664418935776 0.399436801671982 0.398209184408188 0.396981567144394 0.3957539498806 0.394526332616806 0.393298715353012 0.389934659004211 0.385858476161957 0.381782293319702 0.377706110477448 0.373629927635193 0.369553744792938 0.365477561950684 0.363509684801102 0.367866665124893 0.372223645448685 0.376580625772476 0.380937606096268 0.385294586420059 0.389651566743851 0.394008547067642 0.39432081580162 0.393284857273102 0.392248898744583 0.391212940216064 0.390176981687546 0.389140993356705 0.388105034828186 0.387760132551193 0.389488309621811 0.391216516494751 0.392944693565369 0.394672900438309 0.396401077508926 0.398129284381866 0.399857491254807 0.405616998672485 0.412720292806625 0.419823586940765 0.426926851272583
0.407367378473282 0.403880447149277 0.401066154241562 0.400269746780396 0.399473339319229 0.398676931858063 0.397880524396896 0.39708411693573 0.396287709474564 0.395491302013397 0.39293172955513 0.389784395694733 0.386637091636658 0.38348975777626 0.380342453718185 0.377195119857788 0.374047785997391 0.372434198856354 0.375421762466431 0.378409326076508 0.381396889686584 0.384384453296661 0.387372046709061 0.390359610319138 0.393347173929214 0.393649458885193 0.393056690692902 0.392463892698288 0.391871124505997 0.391278326511383 0.390685558319092 0.390092760324478 0.390071332454681 0.391764044761658 0.393456727266312 0.395149409770966 0.39684209227562 0.398534804582596 0.40022748708725 0.401920169591904 0.407753884792328 0.414967954158783 0.422182023525238 0.429396092891693
0.405966848134995 0.402746677398682 0.400240242481232 0.399875074625015 0.399509876966476 0.399144679307938 0.398779481649399 0.39841428399086 0.398049116134644 0.397683918476105 0.395928770303726 0.393710315227509 0.391491860151291 0.389273405075073 0.387054949998856 0.384836494922638 0.38261803984642 0.381358742713928 0.38297688961029 0.384595036506653 0.386213183403015 0.387831330299377 0.38944947719574 0.391067653894424 0.392685800790787 0.392978131771088 0.392828524112701 0.392678916454315 0.392529308795929 0.392379701137543 0.392230093479156 0.39208048582077 0.392382562160492 0.394039750099182 0.395696938037872 0.397354125976562 0.399011313915253 0.400668501853943 0.402325659990311 0.403982847929001 0.409890800714493 0.417215645313263 0.424540489912033 0.431865334510803
0.40456634759903 0.401612937450409 0.399414360523224 0.399480372667313 0.399546414613724 0.399612426757812 0.399678438901901 0.399744480848312 0.399810492992401 0.39987650513649 0.398925811052322 0.397636234760284 0.396346628665924 0.395057052373886 0.393767446279526 0.392477869987488 0.391188263893127 0.39028325676918 0.390531986951828 0.390780746936798 0.391029477119446 0.391278207302094 0.391526937484741 0.391775667667389 0.392024427652359 0.39230677485466 0.392600357532501 0.39289391040802 0.393187493085861 0.39348104596138 0.393774628639221 0.394068211317062 0.394693791866302 0.396315485239029 0.397937148809433 0.399558842182159 0.401180505752563 0.40280219912529 0.404423862695694 0.40604555606842 0.412027686834335 0.419463336467743 0.426898956298828 0.434334576129913
0.403165817260742 0.400479167699814 0.398588478565216 0.399085700511932 0.399582952260971 0.400080174207687 0.400577396154404 0.401074647903442 0.401571869850159 0.402069121599197 0.401922881603241 0.40156215429306 0.40120142698288 0.400840699672699 0.400479972362518 0.400119245052338 0.399758517742157 0.399207800626755 0.398087114095688 0.396966427564621 0.395845741033554 0.39472508430481 0.393604397773743 0.392483711242676 0.391363054513931 0.391635447740555 0.392372190952301 0.393108934164047 0.393845677375793 0.39458242058754 0.395319163799286 0.396055907011032 0.397005021572113 0.398591190576553 0.400177359580994 0.401763528585434 0.403349727392197 0.404935896396637 0.406522065401077 0.408108234405518 0.414164572954178 0.4217109978199 0.429257422685623 0.436803817749023
0.401483088731766 0.399040907621384 0.397414267063141 0.398234277963638 0.399054259061813 0.399874240159988 0.400694221258163 0.401514232158661 0.402334213256836 0.403154194355011 0.403330743312836 0.403292775154114 0.403254806995392 0.40321683883667 0.403178870677948 0.403140932321548 0.403102964162827 0.402662426233292 0.40101420879364 0.399365961551666 0.397717744112015 0.396069496870041 0.394421279430389 0.392773032188416 0.391124814748764 0.391430020332336 0.392386376857758 0.393342733383179 0.3942990899086 0.395255446434021 0.396211802959442 0.397168189287186 0.398240208625793 0.399659335613251 0.401078432798386 0.402497559785843 0.403916656970978 0.405335783958435 0.40675488114357 0.408174008131027 0.413746565580368 0.420703649520874 0.42766073346138 0.434617787599564
0.399518102407455 0.397298157215118 0.395891755819321 0.396926045417786 0.397960335016251 0.398994624614716 0.400028914213181 0.401063203811646 0.40209749341011 0.403131783008575 0.403149396181107 0.402828097343445 0.402506798505783 0.402185499668121 0.401864230632782 0.40154293179512 0.401221632957458 0.400647193193436 0.399313271045685 0.397979348897934 0.396645426750183 0.395311504602432 0.393977582454681 0.392643660306931 0.39130973815918 0.39169055223465 0.392642945051193 0.393595367670059 0.394547760486603 0.395500153303146 0.396452575922012 0.397404968738556 0.398399412631989 0.399519890546799 0.400640368461609 0.401760876178741 0.402881354093552 0.404001861810684 0.405122339725494 0.406242817640305 0.410773664712906 0.416441261768341 0.422108858823776 0.427776455879211
0.397553116083145 0.395555406808853 0.394369274377823 0.395617842674255 0.39686644077301 0.398115038871765 0.39936363697052 0.400612205266953 0.401860803365707 0.403109401464462 0.4029680788517 0.402363449335098 0.401758819818497 0.401154190301895 0.400549560785294 0.399944931268692 0.39934030175209 0.398631930351257 0.397612303495407 0.396592706441879 0.395573079586029 0.394553482532501 0.393533855676651 0.392514258623123 0.391494631767273 0.39195105433464 0.392899513244629 0.393847972154617 0.394796431064606 0.395744860172272 0.39669331908226 0.397641777992249 0.398558586835861 0.399380445480347 0.400202304124832 0.40102419257164 0.401846051216125 0.402667939662933 0.403489798307419 0.404311656951904 0.407800734043121 0.412178874015808 0.416557013988495 0.420935153961182
0.395588129758835 0.393812656402588 0.392846763134003 0.394309639930725 0.39577254652977 0.397235423326492 0.398698329925537 0.40016120672226 0.401624083518982 0.403086990118027 0.402786731719971 0.401898771524429 0.401010811328888 0.400122851133347 0.399234890937805 0.398346930742264 0.397458970546722 0.396616667509079 0.395911365747452 0.395206063985825 0.394500762224197 0.39379546046257 0.393090158700943 0.392384856939316 0.391679555177689 0.392211586236954 0.393156081438065 0.394100576639175 0.395045071840286 0.395989567041397 0.396934062242508 0.397878587245941 0.398717761039734 0.399241000413895 0.399764269590378 0.400287508964539 0.400810748338699 0.40133398771286 0.401857256889343 0.402380496263504 0.404827803373337 0.407916486263275 0.411005139350891 0.414093822240829
0.393623143434525 0.392069876194 0.391324251890182 0.393001437187195 0.394678622484207 0.39635580778122 0.398033022880554 0.399710208177567 0.401387393474579 0.403064578771591 0.402605414390564 0.401434123516083 0.400262832641602 0.39909154176712 0.397920221090317 0.396748930215836 0.395577639341354 0.394601434469223 0.394210427999496 0.39381942152977 0.393428444862366 0.393037438392639 0.392646431922913 0.392255455255508 0.391864448785782 0.392472118139267 0.3934126496315 0.394353210926056 0.395293742418289 0.396234273910522 0.397174835205078 0.398115366697311 0.398876935243607 0.399101555347443 0.399326205253601 0.399550825357437 0.399775445461273 0.400000065565109 0.400224715471268 0.400449335575104 0.401854902505875 0.403654098510742 0.40545329451561 0.407252490520477
0.391658157110214 0.390327125787735 0.389801740646362 0.391693234443665 0.393584728240967 0.395476222038269 0.397367715835571 0.399259179830551 0.401150673627853 0.403042167425156 0.402424067258835 0.400969445705414 0.399514824151993 0.398060202598572 0.396605581045151 0.39515095949173 0.393696308135986 0.392586171627045 0.392509490251541 0.392432808876038 0.392356127500534 0.392279416322708 0.392202734947205 0.392126053571701 0.392049372196198 0.392732620239258 0.393669217824936 0.394605815410614 0.395542412996292 0.396478980779648 0.397415578365326 0.398352175951004 0.399036109447479 0.398962110280991 0.398888140916824 0.398814141750336 0.398740142583847 0.398666143417358 0.398592174053192 0.398518174886703 0.39888197183609 0.399391710758209 0.399901449680328 0.400411158800125
0.389603495597839 0.388260215520859 0.387703448534012 0.389506369829178 0.391309320926666 0.393112242221832 0.394915163516998 0.396718084812164 0.39852100610733 0.400323927402496 0.399642914533615 0.398133903741837 0.39662492275238 0.395115911960602 0.393606930971146 0.392097920179367 0.390588939189911 0.389549016952515 0.389916330575943 0.390283614397049 0.390650928020477 0.391018211841583 0.391385495662689 0.391752809286118 0.392120093107224 0.392907798290253 0.393835633993149 0.394763469696045 0.395691275596619 0.396619111299515 0.397546947002411 0.398474782705307 0.399119079113007 0.398912817239761 0.398706525564194 0.398500263690948 0.398294001817703 0.398087710142136 0.39788144826889 0.397675186395645 0.397500932216644 0.397337377071381 0.397173792123795 0.397010236978531
0.387459188699722 0.385869085788727 0.385029375553131 0.386440873146057 0.387852370738983 0.389263868331909 0.390675365924835 0.392086863517761 0.393498331308365 0.394909828901291 0.39426189661026 0.392927497625351 0.391593098640442 0.390258699655533 0.388924300670624 0.387589901685715 0.386255502700806 0.385489940643311 0.38643091917038 0.387371867895126 0.388312846422195 0.389253795146942 0.390194743871689 0.391135722398758 0.392076671123505 0.392997622489929 0.393911868333817 0.394826143980026 0.395740389823914 0.396654665470123 0.397568911314011 0.39848318696022 0.399125814437866 0.39895361661911 0.398781418800354 0.398609191179276 0.398436993360519 0.398264795541763 0.398092567920685 0.397920370101929 0.397711783647537 0.397491097450256 0.397270381450653 0.397049695253372
0.385314851999283 0.383477985858917 0.382355332374573 0.383375376462936 0.384395450353622 0.385415494441986 0.386435568332672 0.387455642223358 0.388475686311722 0.389495760202408 0.388880908489227 0.387721091508865 0.386561304330826 0.385401487350464 0.384241670370102 0.383081883192062 0.3819220662117 0.381430864334106 0.382945507764816 0.384460121393204 0.385974764823914 0.387489378452301 0.389003992080688 0.390518635511398 0.392033249139786 0.393087446689606 0.393988132476807 0.394888818264008 0.395789504051208 0.396690219640732 0.397590905427933 0.398491591215134 0.399132579565048 0.398994415998459 0.398856282234192 0.398718148469925 0.398579984903336 0.398441851139069 0.398303687572479 0.398165553808212 0.39792263507843 0.397644817829132 0.397366970777512 0.397089153528214
0.383170545101166 0.381086856126785 0.379681259393692 0.380309879779816 0.380938500165939 0.381567150354385 0.382195770740509 0.382824391126633 0.383453041315079 0.384081661701202 0.383499920368195 0.38251468539238 0.381529480218887 0.380544275045395 0.379559069871902 0.378573834896088 0.377588629722595 0.377371788024902 0.379460096359253 0.381548374891281 0.383636683225632 0.38572496175766 0.387813240289688 0.389901548624039 0.391989827156067 0.39317724108696 0.394064366817474 0.394951492547989 0.395838618278503 0.396725744009018 0.397612869739532 0.398499995470047 0.399139314889908 0.39903524518013 0.39893114566803 0.398827075958252 0.398722976446152 0.398618906736374 0.398514807224274 0.398410737514496 0.398133486509323 0.397798538208008 0.39746356010437 0.397128611803055
0.381026238203049 0.378695756196976 0.377007186412811 0.377244383096695 0.377481579780579 0.377718776464462 0.377955973148346 0.37819316983223 0.378430366516113 0.378667563199997 0.37811890244484 0.377308279275894 0.376497685909271 0.375687062740326 0.374876439571381 0.374065816402435 0.37325519323349 0.373312711715698 0.37597468495369 0.378636628389359 0.38129860162735 0.383960545063019 0.386622488498688 0.389284461736679 0.391946405172348 0.393267065286636 0.394140630960464 0.39501416683197 0.395887732505798 0.396761298179626 0.397634863853455 0.39850839972496 0.39914608001709 0.399076044559479 0.39900603890419 0.398936003446579 0.39886599779129 0.398795962333679 0.39872595667839 0.398655921220779 0.398344337940216 0.397952258586884 0.397560149431229 0.397168070077896
0.378881901502609 0.376304626464844 0.374333113431931 0.374178886413574 0.374024659395218 0.373870402574539 0.373716175556183 0.373561948537827 0.37340772151947 0.373253494501114 0.372737914323807 0.372101902961731 0.371465861797333 0.370829850435257 0.370193809270859 0.369557797908783 0.368921756744385 0.369253635406494 0.372489273548126 0.375724881887436 0.378960520029068 0.382196128368378 0.385431736707687 0.388667374849319 0.391902983188629 0.393356889486313 0.394216865301132 0.395076870918274 0.395936846733093 0.396796822547913 0.397656828165054 0.398516803979874 0.399152815341949 0.399116843938828 0.399080902338028 0.399044930934906 0.399008989334106 0.398973017930984 0.398937076330185 0.398901104927063 0.398555189371109 0.398105978965759 0.397656738758087 0.397207528352737
