data/working_set_collections/6091692-Cassins_Sparrow-M2/1985/gwetroot_avg.asc
NCOLS 265 
NROWS 230 
XLLCORNER -115.5625 
YLLCORNER 24.8333333333333 
CELLSIZE 0.0833333333333333 
NODATA_value -9999 
[rows 120 to 139 of 230, columns 176 to 219 of 265]
0.396405845880508 0.39594104886055 0.395476251840591 0.395294010639191 0.395959377288818 0.396624773740768 0.397290140390396 0.397955536842346 0.398620903491974 0.399286299943924 0.399951666593552 0.401657491922379 0.403710156679153 0.405762821435928 0.407815486192703 0.409868121147156 0.411920785903931 0.413973450660706 0.416173368692398 0.418815046548843 0.421456754207611 0.424098432064056 0.426740139722824 0.429381817579269 0.432023525238037 0.434665203094482 0.43629989027977 0.437598913908005 0.438897967338562 0.440196990966797 0.441496014595032 0.442795038223267 0.444094061851501 0.448967128992081 0.464562267065048 0.480157405138016 0.495752543210983 0.511347711086273 0.526942849159241 0.542537987232208 0.558133125305176 0.564165472984314 0.567010223865509 0.569855034351349
0.395718693733215 0.395279884338379 0.394841074943542 0.394681483507156 0.395359516143799 0.396037518978119 0.396715551614761 0.397393584251404 0.398071616888046 0.398749649524689 0.399427652359009 0.40108785033226 0.403075397014618 0.405062943696976 0.407050520181656 0.409038066864014 0.411025613546371 0.413013190031052 0.41519483923912 0.417958855628967 0.420722872018814 0.423486888408661 0.426250904798508 0.429014921188354 0.431778937578201 0.434542953968048 0.436215281486511 0.437523692846298 0.438832104206085 0.440140515565872 0.441448926925659 0.442757338285446 0.444065749645233 0.449418485164642 0.46690422296524 0.484389930963516 0.501875698566437 0.519361436367035 0.536847114562988 0.554332852363586 0.571818590164185 0.57818192243576 0.580837845802307 0.583493709564209
0.3950315117836 0.394618690013885 0.394205898046494 0.394068956375122 0.394759625196457 0.395450294017792 0.396140962839127 0.396831631660461 0.397522300481796 0.398212969303131 0.398903667926788 0.400518178939819 0.402440637350082 0.404363095760345 0.406285554170609 0.408208012580872 0.410130470991135 0.412052929401398 0.414216339588165 0.417102694511414 0.41998901963234 0.422875374555588 0.425761699676514 0.428648054599762 0.431534379720688 0.434420704841614 0.43613064289093 0.437448441982269 0.438766241073608 0.440084010362625 0.441401809453964 0.442719608545303 0.444037407636642 0.449869811534882 0.46924614906311 0.488622486591339 0.507998824119568 0.527375161647797 0.546751439571381 0.566127777099609 0.585504114627838 0.592198431491852 0.59466540813446 0.597132384777069
0.394344329833984 0.393957525491714 0.393570691347122 0.393456429243088 0.394159734249115 0.394863069057465 0.395566374063492 0.396269708871841 0.396973013877869 0.397676318883896 0.398379653692245 0.399948507547379 0.401805847883224 0.403663218021393 0.405520588159561 0.407377928495407 0.409235298633575 0.411092668771744 0.41323783993721 0.416246503591537 0.419255167245865 0.422263830900192 0.42527249455452 0.428281158208847 0.431289821863174 0.434298485517502 0.436046034097672 0.43737319111824 0.438700377941132 0.4400275349617 0.441354721784592 0.44268187880516 0.444009065628052 0.450321167707443 0.47158807516098 0.49285501241684 0.514121949672699 0.535388886928558 0.556655764579773 0.577922701835632 0.599189639091492 0.606214940547943 0.608492970466614 0.610771059989929
0.393657147884369 0.393296331167221 0.392935514450073 0.392843902111053 0.393559843301773 0.394275814294815 0.394991785287857 0.395707756280899 0.396423727273941 0.397139668464661 0.397855639457703 0.399378836154938 0.401171088218689 0.402963370084763 0.404755622148514 0.406547874212265 0.408340156078339 0.41013240814209 0.412259340286255 0.415390342473984 0.41852131485939 0.421652287244797 0.424783289432526 0.427914261817932 0.431045264005661 0.434176236391068 0.43596139550209 0.437297940254211 0.438634514808655 0.439971059560776 0.441307604312897 0.442644149065018 0.443980723619461 0.450772523880005 0.473930031061172 0.49708753824234 0.52024507522583 0.54340261220932 0.566560089588165 0.589717626571655 0.612875163555145 0.62023138999939 0.622320592403412 0.624409735202789
0.392969965934753 0.392635136842728 0.392300337553024 0.392231374979019 0.392959982156754 0.393688589334488 0.394417196512222 0.395145803689957 0.395874410867691 0.396603018045425 0.39733162522316 0.398809164762497 0.400536328554153 0.40226349234581 0.403990656137466 0.405717819929123 0.407444983720779 0.409172147512436 0.4112808406353 0.414534151554108 0.417787462472916 0.421040773391724 0.424294084310532 0.427547365427017 0.430800676345825 0.434053987264633 0.435876756906509 0.437222689390182 0.438568651676178 0.439914584159851 0.441260516643524 0.442606449127197 0.44395238161087 0.451223850250244 0.476271957159042 0.501320064067841 0.526368200778961 0.551416337490082 0.576464414596558 0.601512551307678 0.626560628414154 0.634247899055481 0.636148154735565 0.638048470020294
0.392471849918365 0.392202764749527 0.391933709383011 0.391917586326599 0.392660290002823 0.393402993679047 0.394145727157593 0.394888430833817 0.395631164312363 0.396373867988586 0.39711657166481 0.398581832647324 0.400287926197052 0.401994049549103 0.403700143098831 0.40540623664856 0.407112330198288 0.408818453550339 0.41093048453331 0.41426032781601 0.417590171098709 0.420920014381409 0.424249857664108 0.427579700946808 0.430909544229507 0.434239387512207 0.436189353466034 0.437679350376129 0.439169347286224 0.440659373998642 0.442149370908737 0.443639367818832 0.445129364728928 0.45274144411087 0.478719800710678 0.504698157310486 0.530676484107971 0.556654870510101 0.582633197307587 0.608611524105072 0.634589910507202 0.642728269100189 0.64492005109787 0.647111773490906
0.392162770032883 0.391999214887619 0.391835629940033 0.391902536153793 0.392660826444626 0.393419086933136 0.394177377223969 0.394935667514801 0.395693928003311 0.396452218294144 0.397210508584976 0.39869686961174 0.400425940752029 0.402155011892319 0.403884083032608 0.405613154172897 0.407342225313187 0.409071296453476 0.411208242177963 0.414568841457367 0.417929440736771 0.421290040016174 0.424650639295578 0.428011238574982 0.431371867656708 0.434732466936111 0.436899185180664 0.438667923212051 0.440436661243439 0.442205429077148 0.443974167108536 0.445742934942245 0.447511672973633 0.455325305461884 0.481273531913757 0.507221758365631 0.533169984817505 0.559118211269379 0.585066437721252 0.611014664173126 0.636962890625 0.645672619342804 0.648636221885681 0.651599764823914
0.391853719949722 0.391795635223389 0.391737580299377 0.391887485980988 0.392661333084106 0.393435180187225 0.394209027290344 0.394982874393463 0.395756721496582 0.396530568599701 0.39730441570282 0.398811906576157 0.400563925504684 0.402315974235535 0.404068022966385 0.405820041894913 0.407572090625763 0.409324139356613 0.411485999822617 0.414877355098724 0.418268710374832 0.42166006565094 0.42505145072937 0.428442806005478 0.431834161281586 0.435225516557693 0.437608987092972 0.439656496047974 0.441703975200653 0.443751484155655 0.445798993110657 0.447846472263336 0.449893981218338 0.457909137010574 0.483827233314514 0.509745359420776 0.535663425922394 0.561581552028656 0.587499678134918 0.613417744636536 0.639335870742798 0.648616969585419 0.652352333068848 0.656087756156921
0.39154464006424 0.391592085361481 0.391639530658722 0.391872435808182 0.392661869525909 0.393451273441315 0.39424067735672 0.395030081272125 0.39581948518753 0.396608918905258 0.397398322820663 0.398926913738251 0.400701940059662 0.402476936578751 0.404251933097839 0.40602695941925 0.407801955938339 0.409576952457428 0.41176375746727 0.415185868740082 0.418607980012894 0.422030091285706 0.42545223236084 0.428874343633652 0.432296454906464 0.435718566179276 0.43831878900528 0.440645039081573 0.442971289157867 0.445297539234161 0.447623789310455 0.449950039386749 0.452276289463043 0.460492968559265 0.486380964517593 0.512268960475922 0.538156926631927 0.564044892787933 0.589932918548584 0.61582088470459 0.641708850860596 0.651561260223389 0.656068503856659 0.660575747489929
0.391235560178757 0.39138850569725 0.391541451215744 0.391857415437698 0.39266237616539 0.393467366695404 0.394272327423096 0.395077288150787 0.395882278680801 0.396687239408493 0.397492229938507 0.399041950702667 0.400839924812317 0.402637898921967 0.404435873031616 0.406233847141266 0.408031821250916 0.409829795360565 0.412041515111923 0.415494382381439 0.418947249650955 0.422400146722794 0.42585301399231 0.429305881261826 0.432758748531342 0.43621164560318 0.439028590917587 0.441633611917496 0.444238603115082 0.446843594312668 0.449448615312576 0.452053606510162 0.454658597707748 0.463076800107956 0.48893466591835 0.514792561531067 0.540650427341461 0.566508293151855 0.59236615896225 0.618224024772644 0.644081890583038 0.654505610466003 0.65978467464447 0.665063738822937
0.390926510095596 0.391184955835342 0.391443401575089 0.391842365264893 0.392662912607193 0.393483430147171 0.394303977489471 0.395124524831772 0.395945072174072 0.39676558971405 0.397586137056351 0.399156987667084 0.400977939367294 0.402798861265182 0.404619812965393 0.406440764665604 0.408261716365814 0.410082638263702 0.412319272756577 0.415802896022797 0.419286519289017 0.422770172357559 0.426253795623779 0.429737418889999 0.433221071958542 0.436704695224762 0.439738422632217 0.442622154951096 0.445505917072296 0.448389649391174 0.451273411512375 0.454157173633575 0.457040905952454 0.465660661458969 0.491488397121429 0.517316162586212 0.54314386844635 0.568971633911133 0.594799339771271 0.620627105236053 0.646454870700836 0.657449960708618 0.663500845432281 0.669551730155945
0.390960842370987 0.391288608312607 0.391616374254227 0.392065227031708 0.392877399921417 0.393689602613449 0.394501775503159 0.395313948392868 0.3961261510849 0.396938323974609 0.397750496864319 0.399392247200012 0.401310533285141 0.403228789567947 0.405147045850754 0.407065331935883 0.408983588218689 0.410901844501495 0.413197457790375 0.416625082492828 0.420052707195282 0.423480331897736 0.426907956600189 0.430335581302643 0.433763206005096 0.43719083070755 0.440636783838272 0.444088846445084 0.447540909051895 0.450992971658707 0.454445034265518 0.45789709687233 0.461349159479141 0.470317095518112 0.495832651853561 0.521348237991333 0.546863794326782 0.572379350662231 0.597894966602325 0.623410522937775 0.648926079273224 0.659899652004242 0.666025936603546 0.672152161598206
0.391338586807251 0.391699492931366 0.392060369253159 0.392526000738144 0.393305897712708 0.394085824489594 0.394865721464157 0.395645618438721 0.396425545215607 0.39720544219017 0.397985339164734 0.399747788906097 0.401837706565857 0.403927654027939 0.406017601490021 0.408107548952103 0.410197496414185 0.412287414073944 0.41467610001564 0.417960941791534 0.421245813369751 0.424530655145645 0.427815526723862 0.431100368499756 0.43438521027565 0.437670081853867 0.441723734140396 0.44603368639946 0.450343608856201 0.454653531312943 0.458963453769684 0.463273406028748 0.467583328485489 0.477046102285385 0.501967489719391 0.526888787746429 0.551810145378113 0.576731503009796 0.60165286064148 0.626574218273163 0.651495575904846 0.66185474395752 0.667359888553619 0.672865033149719
0.391716361045837 0.392110347747803 0.39250436425209 0.39298677444458 0.393734395503998 0.394482046365738 0.395229667425156 0.395977288484573 0.396724909543991 0.397472560405731 0.398220181465149 0.40010330080986 0.402364909648895 0.40462651848793 0.406888157129288 0.409149765968323 0.411411374807358 0.413672983646393 0.416154742240906 0.41929680109024 0.422438889741898 0.425580978393555 0.428723067045212 0.431865155696869 0.435007244348526 0.438149303197861 0.44281068444252 0.447978496551514 0.453146308660507 0.458314090967178 0.463481903076172 0.468649715185165 0.473817497491837 0.48377513885498 0.508102297782898 0.532429397106171 0.556756556034088 0.581083655357361 0.605410754680634 0.629737913608551 0.654065012931824 0.663809835910797 0.668693900108337 0.673577904701233
0.392094105482101 0.392521232366562 0.392948359251022 0.393447548151016 0.394162893295288 0.394878268241882 0.395593613386154 0.396308958530426 0.397024303674698 0.39773964881897 0.398455023765564 0.400458812713623 0.402892112731934 0.405325412750244 0.407758682966232 0.410191982984543 0.412625283002853 0.415058553218842 0.417633354663849 0.420632660388947 0.423631995916367 0.426631301641464 0.429630607366562 0.43262991309166 0.43562924861908 0.438628554344177 0.443897634744644 0.449923306703568 0.455948978662491 0.461974650621414 0.468000322580338 0.474025994539261 0.480051696300507 0.490504175424576 0.51423704624176 0.537970006465912 0.561702907085419 0.585435807704926 0.609168708324432 0.632901608943939 0.656634509563446 0.665764927864075 0.670027852058411 0.674290835857391
0.392471849918365 0.392932116985321 0.393392354249954 0.393908321857452 0.394591391086578 0.395274490118027 0.395957559347153 0.396640628576279 0.397323697805405 0.398006767034531 0.398689836263657 0.400814354419708 0.403419315814972 0.406024277210236 0.408629238605499 0.411234200000763 0.413839161396027 0.41644412279129 0.419111996889114 0.421968549489975 0.424825072288513 0.427681624889374 0.430538147687912 0.433394700288773 0.436251252889633 0.439107775688171 0.444984585046768 0.451868116855621 0.458751678466797 0.46563521027565 0.472518771886826 0.479402303695679 0.486285865306854 0.497233182191849 0.520371854305267 0.543510556221008 0.566649258136749 0.58978796005249 0.612926602363586 0.636065304279327 0.659204006195068 0.667720019817352 0.671361863613129 0.675003707408905
0.39284959435463 0.39334300160408 0.393836379051208 0.394369095563889 0.395019888877869 0.395670711994171 0.396321505308151 0.396972298622131 0.397623091936111 0.398273885250092 0.398924678564072 0.401169866323471 0.40394651889801 0.406723141670227 0.409499794244766 0.412276417016983 0.415053069591522 0.417829692363739 0.42059063911438 0.423304408788681 0.426018178462982 0.428731948137283 0.431445717811584 0.434159487485886 0.436873257160187 0.439587026834488 0.446071535348892 0.453812956809998 0.461554378271103 0.469295769929886 0.477037191390991 0.484778612852097 0.492520034313202 0.503962218761444 0.526506662368774 0.54905116558075 0.57159560918808 0.59414005279541 0.616684556007385 0.639228999614716 0.661773443222046 0.66967511177063 0.672695875167847 0.675716578960419
0.399674445390701 0.400834053754807 0.401993662118912 0.402737706899643 0.402235060930252 0.401732444763184 0.401229798793793 0.400727182626724 0.400224536657333 0.399721920490265 0.399219274520874 0.401164382696152 0.40392541885376 0.406686455011368 0.409447461366653 0.412208497524261 0.41496953368187 0.417730569839478 0.420779049396515 0.42468985915184 0.428600698709488 0.432511508464813 0.436422348022461 0.440333157777786 0.444243997335434 0.448154807090759 0.455301195383072 0.463526099920273 0.471751004457474 0.479975908994675 0.488200813531876 0.496425718069077 0.504650592803955 0.516054689884186 0.536996424198151 0.557938158512115 0.578879952430725 0.59982168674469 0.620763421058655 0.64170515537262 0.662646889686584 0.669938147068024 0.672679245471954 0.675420343875885
0.412946403026581 0.415405303239822 0.417864233255386 0.419014096260071 0.416236877441406 0.413459688425064 0.4106824696064 0.407905250787735 0.405128061771393 0.402350842952728 0.399573624134064 0.400797933340073 0.403356045484543 0.405914187431335 0.408472299575806 0.411030441522598 0.413588583469391 0.416146695613861 0.419677227735519 0.426124930381775 0.43257263302803 0.439020335674286 0.445468038320541 0.451915740966797 0.458363443613052 0.464811146259308 0.47267359495163 0.48100757598877 0.489341586828232 0.497675567865372 0.506009578704834 0.514343559741974 0.522677540779114 0.533510684967041 0.551841199398041 0.570171654224396 0.588502168655396 0.606832683086395 0.625163197517395 0.643493711948395 0.66182416677475 0.668509066104889 0.671312034130096 0.674115002155304
