data/working_set_collections/6091692-Cassins_Sparrow-M2/1985/gwetprof_avg.asc
NCOLS 265 
NROWS 230 
XLLCORNER -115.5625 
YLLCORNER 24.8333333333333 
CELLSIZE 0.0833333333333333 
NODATA_value -9999 
[rows 0 to 19 of 230, columns 44 to 87 of 265]
0.476643711328506 0.475974172353745 0.475304633378983 0.474635094404221 0.473965555429459 0.473296016454697 0.472626477479935 0.471956938505173 0.473252058029175 0.475202053785324 0.477152079343796 0.479102075099945 0.481052070856094 0.483002096414566 0.484952092170715 0.487370252609253 0.491192907094955 0.495015531778336 0.498838186264038 0.502660810947418 0.506483495235443 0.510306119918823 0.514128744602203 0.512895703315735 0.509977400302887 0.507059156894684 0.504140853881836 0.501222550868988 0.498304277658463 0.495386004447937 0.492242604494095 0.488423883914948 0.4846051633358 0.480786442756653 0.476967722177505 0.473149001598358 0.469330281019211 0.465511560440063 0.464647382497787 0.464768052101135 0.464888691902161 0.465009361505508 0.465130031108856 0.465250670909882
0.474345922470093 0.474368155002594 0.474390387535095 0.474412620067596 0.474434852600098 0.474457085132599 0.474479347467422 0.474501579999924 0.475401312112808 0.476593524217606 0.477785736322403 0.478977978229523 0.48017019033432 0.48136243224144 0.482554644346237 0.484311521053314 0.487762361764908 0.491213172674179 0.494664013385773 0.498114824295044 0.501565635204315 0.505016446113586 0.508467316627502 0.506946504116058 0.503768563270569 0.500590562820435 0.4974125623703 0.494234591722488 0.491056591272354 0.487878620624542 0.484547555446625 0.48075720667839 0.476966887712479 0.473176538944244 0.469386219978333 0.465595901012421 0.461805552244186 0.458015233278275 0.456836432218552 0.456528156995773 0.456219881772995 0.455911606550217 0.455603331327438 0.455295026302338
0.472048133611679 0.472762137651443 0.473476141691208 0.474190175533295 0.474904179573059 0.475618183612823 0.476332187652588 0.477046221494675 0.477550536394119 0.477984994649887 0.478419423103333 0.4788538813591 0.479288309812546 0.479722768068314 0.480157196521759 0.481252789497375 0.484331786632538 0.487410813570023 0.490489810705185 0.493568807840347 0.496647834777832 0.499726831912994 0.502805829048157 0.500997304916382 0.497559636831284 0.494121968746185 0.490684270858765 0.487246602773666 0.483808904886246 0.480371236801147 0.476852476596832 0.473090529441833 0.469328612089157 0.465566664934158 0.46180471777916 0.458042770624161 0.454280823469162 0.450518876314163 0.449025481939316 0.448288261890411 0.447551041841507 0.446813821792603 0.446076601743698 0.445339411497116
0.469750344753265 0.471156120300293 0.472561925649643 0.473967701196671 0.475373476743698 0.476779282093048 0.478185057640076 0.479590833187103 0.479699790477753 0.479376435279846 0.479053109884262 0.478729784488678 0.478406429290771 0.478083103895187 0.477759778499603 0.478194057941437 0.48090124130249 0.483608424663544 0.48631563782692 0.489022821187973 0.491730004549026 0.49443718791008 0.497144371271133 0.495048135519028 0.491350769996643 0.487653374671936 0.483956009149551 0.480258613824844 0.476561218500137 0.472863852977753 0.469157427549362 0.465423882007599 0.461690306663513 0.45795676112175 0.454223215579987 0.450489640235901 0.446756094694138 0.443022549152374 0.44121453166008 0.440048366785049 0.438882231712341 0.437716066837311 0.43654990196228 0.435383766889572
0.467452555894852 0.469550132751465 0.471647679805756 0.473745256662369 0.47584280371666 0.47794035077095 0.480037927627563 0.482135474681854 0.481849044561386 0.480767905712128 0.479686796665192 0.478605687618256 0.477524548768997 0.476443439722061 0.475362330675125 0.475135326385498 0.477470695972443 0.479806065559387 0.482141435146332 0.484476804733276 0.486812174320221 0.489147543907166 0.49148291349411 0.489098966121674 0.48514187335968 0.481184780597687 0.477227717638016 0.473270624876022 0.469313532114029 0.465356469154358 0.46146234869957 0.457757204771042 0.454052031040192 0.450346857309341 0.446641683578491 0.442936539649963 0.439231365919113 0.435526192188263 0.433403581380844 0.43180850148201 0.430213391780853 0.428618311882019 0.427023202180862 0.425428122282028
0.46515479683876 0.467944115400314 0.470733463764191 0.473522782325745 0.476312100887299 0.479101449251175 0.481890767812729 0.484680116176605 0.483998268842697 0.482159376144409 0.480320483446121 0.478481590747833 0.476642668247223 0.474803775548935 0.472964882850647 0.472076594829559 0.474040150642395 0.476003706455231 0.477967262268066 0.479930818080902 0.481894373893738 0.483857929706573 0.485821485519409 0.483149766921997 0.478932976722717 0.47471621632576 0.47049942612648 0.4662826359272 0.462065845727921 0.457849085330963 0.4537672996521 0.450090527534485 0.446413725614548 0.442736953496933 0.439060181379318 0.435383409261703 0.431706637144089 0.428029865026474 0.425592631101608 0.423568606376648 0.421544581651688 0.419520556926727 0.417496502399445 0.415472477674484
0.468427568674088 0.471018135547638 0.473608702421188 0.476199269294739 0.478789836168289 0.48138040304184 0.48397096991539 0.48656153678894 0.485823154449463 0.483975112438202 0.482127070426941 0.48027902841568 0.478430986404419 0.476582944393158 0.474734902381897 0.473807126283646 0.475640177726746 0.477473199367523 0.479306250810623 0.481139272451401 0.482972323894501 0.484805345535278 0.486638367176056 0.483507692813873 0.478722453117371 0.473937183618546 0.469151943922043 0.46436670422554 0.459581434726715 0.454796195030212 0.450358808040619 0.446964979171753 0.443571180105209 0.440177351236343 0.4367835521698 0.433389723300934 0.42999592423439 0.426602125167847 0.424025028944016 0.421720176935196 0.419415324926376 0.417110472917557 0.414805620908737 0.41250079870224
0.477270931005478 0.478772193193436 0.480273455381393 0.481774717569351 0.483275979757309 0.484777212142944 0.486278474330902 0.48777973651886 0.487323641777039 0.486215114593506 0.485106557607651 0.483998030424118 0.482889503240585 0.48178094625473 0.480672419071198 0.480326950550079 0.482270777225494 0.484214574098587 0.486158400774002 0.488102197647095 0.49004602432251 0.491989850997925 0.493933647871017 0.490172743797302 0.484510242938995 0.478847771883011 0.473185271024704 0.46752279996872 0.461860299110413 0.456197798252106 0.451236873865128 0.448380589485168 0.445524334907532 0.442668050527573 0.439811795949936 0.436955511569977 0.434099227190018 0.431242972612381 0.428700745105743 0.426263183355331 0.423825651407242 0.421388119459152 0.418950587511063 0.416513025760651
0.486114293336868 0.486526250839233 0.486938178539276 0.487350136041641 0.487762093544006 0.488174051046371 0.488586008548737 0.488997966051102 0.488824158906937 0.48845511674881 0.488086074590683 0.487717032432556 0.487347990274429 0.486978948116302 0.486609905958176 0.486846774816513 0.488901376724243 0.490955948829651 0.493010550737381 0.495065152645111 0.497119724750519 0.499174326658249 0.501228928565979 0.496837764978409 0.490298062562943 0.483758330345154 0.477218598127365 0.470678865909576 0.46413916349411 0.457599431276321 0.452114939689636 0.449796229600906 0.447477489709854 0.445158749818802 0.44284000992775 0.440521270036697 0.438202559947968 0.435883820056915 0.433376461267471 0.430806219577789 0.428235977888107 0.425665736198425 0.423095524311066 0.420525282621384
0.494957655668259 0.494280278682709 0.493602931499481 0.492925584316254 0.492248237133026 0.491570860147476 0.490893512964249 0.490216165781021 0.490324676036835 0.490695118904114 0.491065591573715 0.491436034440994 0.491806477308273 0.492176949977875 0.492547392845154 0.493366599082947 0.495531976222992 0.497697323560715 0.49986270070076 0.502028107643127 0.504193425178528 0.506358802318573 0.508524179458618 0.50350284576416 0.496085852384567 0.488668888807297 0.481251925230026 0.473834961652756 0.466417998075485 0.459001064300537 0.452993035316467 0.451211839914322 0.449430644512177 0.447649449110031 0.445868253707886 0.44408705830574 0.442305862903595 0.44052466750145 0.438052177429199 0.435349255800247 0.432646304368973 0.429943382740021 0.427240461111069 0.424537539482117
0.503800988197327 0.502034366130829 0.500267684459686 0.498501032590866 0.496734350919724 0.494967699050903 0.493201017379761 0.491434365510941 0.49182516336441 0.492935121059418 0.494045078754425 0.495155036449432 0.49626499414444 0.497374951839447 0.498484909534454 0.499886393547058 0.502162575721741 0.504438698291779 0.506714880466461 0.508991003036499 0.511267185211182 0.51354330778122 0.515819489955902 0.510167837142944 0.501873672008514 0.49357944726944 0.485285252332687 0.476991057395935 0.468696862459183 0.46040266752243 0.453871101140976 0.452627450227737 0.451383799314499 0.45014014840126 0.448896497488022 0.447652816772461 0.446409165859222 0.445165514945984 0.442727893590927 0.439892262220383 0.437056630849838 0.434221029281616 0.431385397911072 0.428549766540527
0.512644350528717 0.509788393974304 0.506932437419891 0.504076480865479 0.501220464706421 0.498364508152008 0.495508551597595 0.49265256524086 0.493325680494308 0.495175123214722 0.497024595737457 0.49887403845787 0.500723481178284 0.502572953701019 0.504422426223755 0.506406247615814 0.50879317522049 0.511180102825165 0.51356703042984 0.515953958034515 0.518340885639191 0.520727813243866 0.523114740848541 0.516832888126373 0.507661461830139 0.498490035533905 0.489318579435349 0.480147153139114 0.47097572684288 0.461804300546646 0.454749196767807 0.454043060541153 0.453336954116821 0.45263084769249 0.451924711465836 0.451218605041504 0.450512498617172 0.449806362390518 0.447403609752655 0.444435298442841 0.441466957330704 0.438498646020889 0.435530334711075 0.43256202340126
0.515569031238556 0.512252151966095 0.508935272693634 0.505618393421173 0.502301454544067 0.498984605073929 0.495667695999146 0.492350816726685 0.493329972028732 0.495741158723831 0.49815234541893 0.500563561916351 0.50297474861145 0.505385935306549 0.507797122001648 0.510195434093475 0.512555122375488 0.514914751052856 0.517274439334869 0.519634127616882 0.521993815898895 0.524353444576263 0.526713132858276 0.52011650800705 0.510534405708313 0.500952363014221 0.491370260715485 0.48178818821907 0.472206085920334 0.46262401342392 0.455256342887878 0.454531937837601 0.453807532787323 0.453083127737045 0.452358722686768 0.45163431763649 0.450909912586212 0.450185507535934 0.448022037744522 0.445378869771957 0.442735701799393 0.44009256362915 0.437449395656586 0.434806257486343
0.512575030326843 0.509425580501556 0.506276190280914 0.503126740455627 0.499977350234985 0.496827930212021 0.493678510189056 0.490529090166092 0.491838097572327 0.494633257389069 0.497428387403488 0.500223577022552 0.503018736839294 0.505813896656036 0.508609056472778 0.511254012584686 0.513448357582092 0.515642762184143 0.517837166786194 0.5200315117836 0.522225916385651 0.524420320987701 0.526614665985107 0.520018696784973 0.510492563247681 0.500966370105743 0.491440266370773 0.481914103031158 0.472387969493866 0.462861835956573 0.455392599105835 0.454094052314758 0.452795535326004 0.45149701833725 0.450198471546173 0.448899954557419 0.447601407766342 0.446302890777588 0.444583147764206 0.442723006010056 0.440862864255905 0.439002722501755 0.437142580747604 0.435282438993454
0.509581029415131 0.506599068641663 0.503617107868195 0.500635147094727 0.497653186321259 0.494671255350113 0.491689294576645 0.488707333803177 0.490346193313599 0.493525326251984 0.496704459190369 0.499883562326431 0.503062725067139 0.506241798400879 0.509420931339264 0.512312591075897 0.514341652393341 0.51637077331543 0.518399834632874 0.520428955554962 0.522458016872406 0.524487137794495 0.526516199111938 0.519920825958252 0.510450661182404 0.50098043680191 0.49151024222374 0.482040047645569 0.472569853067398 0.463099658489227 0.455528825521469 0.453656196594238 0.451783537864685 0.449910879135132 0.448038250207901 0.446165591478348 0.444292932748795 0.442420303821564 0.441144287586212 0.440067172050476 0.438990026712418 0.437912911176682 0.436835765838623 0.435758650302887
0.506586968898773 0.503772497177124 0.500958025455475 0.498143523931503 0.495329052209854 0.492514580488205 0.489700078964233 0.486885607242584 0.488854289054871 0.492417395114899 0.495980501174927 0.499543577432632 0.503106653690338 0.506669759750366 0.510232865810394 0.513371109962463 0.51523494720459 0.517098724842072 0.518962562084198 0.52082633972168 0.522690176963806 0.524553954601288 0.526417791843414 0.519823014736176 0.510408759117126 0.500994503498077 0.491580247879028 0.482165992259979 0.47275173664093 0.463337451219559 0.455665081739426 0.453218311071396 0.450771540403366 0.448324769735336 0.445877999067307 0.443431228399277 0.440984457731247 0.438537687063217 0.437705427408218 0.437411308288574 0.43711718916893 0.436823070049286 0.436528950929642 0.43623486161232
0.503592967987061 0.50094598531723 0.498298943042755 0.495651930570602 0.49300491809845 0.490357905626297 0.487710893154144 0.485063880681992 0.487362414598465 0.491309463977814 0.495256543159485 0.499203592538834 0.503150641918182 0.507097721099854 0.511044800281525 0.514429688453674 0.516128242015839 0.517826735973358 0.519525229930878 0.521223783493042 0.522922277450562 0.524620771408081 0.526319324970245 0.519725203514099 0.510366857051849 0.501008570194244 0.491650253534317 0.482291907072067 0.47293359041214 0.463575273752213 0.45580130815506 0.452780425548553 0.449759542942047 0.446738660335541 0.443717777729034 0.440696865320206 0.437675982713699 0.434655100107193 0.434266537427902 0.434755444526672 0.435244351625443 0.435733258724213 0.436222165822983 0.436711043119431
0.500598967075348 0.498119413852692 0.495639860630035 0.493160307407379 0.490680783987045 0.488201230764389 0.485721677541733 0.483242124319077 0.485870510339737 0.490201532840729 0.494532585144043 0.498863607645035 0.503194630146027 0.507525682449341 0.51185667514801 0.515488266944885 0.517021477222443 0.518554747104645 0.520087957382202 0.52162116765976 0.523154377937317 0.524687647819519 0.526220858097076 0.519627392292023 0.510325014591217 0.501022636890411 0.491720229387283 0.482417851686478 0.473115473985672 0.463813096284866 0.455937564373016 0.452342569828033 0.448747545480728 0.445152521133423 0.44155752658844 0.437962502241135 0.434367507696152 0.430772483348846 0.430827677249908 0.43209958076477 0.433371514081955 0.434643417596817 0.435915350914001 0.437187254428864
0.505983471870422 0.502934873104095 0.499886214733124 0.496837615966797 0.493788987398148 0.490740358829498 0.487691730260849 0.484643131494522 0.486661851406097 0.490369707345963 0.494077563285828 0.497785419225693 0.501493275165558 0.505201101303101 0.508908987045288 0.511995077133179 0.513216018676758 0.514436900615692 0.515657842159271 0.51687878370285 0.518099725246429 0.519320607185364 0.520541548728943 0.514211118221283 0.505363583564758 0.496516048908234 0.487668514251709 0.478820979595184 0.46997344493866 0.461125910282135 0.453569293022156 0.449885368347168 0.44620144367218 0.442517518997192 0.438833594322205 0.435149669647217 0.431465744972229 0.427781820297241 0.428026437759399 0.429580599069595 0.431134760379791 0.432688921689987 0.434243083000183 0.435797214508057
0.519746482372284 0.515392243862152 0.51103800535202 0.506683766841888 0.502329528331757 0.497975319623947 0.493621081113815 0.489266842603683 0.489736407995224 0.49181392788887 0.493891447782516 0.495968997478485 0.498046517372131 0.500124037265778 0.502201557159424 0.503950119018555 0.504711747169495 0.50547331571579 0.50623494386673 0.50699657201767 0.50775820016861 0.508519768714905 0.509281396865845 0.503476440906525 0.495482683181763 0.487488895654678 0.479495108127594 0.47150132060051 0.463507533073425 0.455513745546341 0.448696494102478 0.445408850908279 0.442121237516403 0.438833594322205 0.435545951128006 0.43225833773613 0.428970694541931 0.425683051347733 0.42586287856102 0.427198499441147 0.428534090518951 0.429869711399078 0.431205332279205 0.432540953159332
