data/working_set_collections/6091692-Cassins_Sparrow-M2/1985/gwetprof_avg.asc
NCOLS 265 
NROWS 230 
XLLCORNER -115.5625 
YLLCORNER 24.8333333333333 
CELLSIZE 0.0833333333333333 
NODATA_value -9999 
[rows 60 to 79 of 230, columns 44 to 87 of 265]
0.41668301820755 0.420238196849823 0.423793345689774 0.427348524332047 0.430903702974319 0.43445885181427 0.438014030456543 0.441569179296494 0.438229322433472 0.432591110467911 0.426952928304672 0.421314716339111 0.41567650437355 0.41003829240799 0.404400080442429 0.400727927684784 0.402953892946243 0.405179858207703 0.40740579366684 0.409631758928299 0.411857724189758 0.414083689451218 0.416309654712677 0.423539310693741 0.432436853647232 0.441334396600723 0.450231969356537 0.459129512310028 0.468027055263519 0.476924628019333 0.48517581820488 0.491488009691238 0.497800201177597 0.504112362861633 0.510424554347992 0.516736745834351 0.523048937320709 0.529361069202423 0.527946710586548 0.523956835269928 0.519966959953308 0.515977084636688 0.511987209320068 0.507997274398804
0.426784336566925 0.428763806819916 0.430743277072906 0.432722747325897 0.434702217578888 0.436681687831879 0.438661158084869 0.44064062833786 0.436828672885895 0.431086242198944 0.425343811511993 0.419601380825043 0.413858950138092 0.408116549253464 0.402374118566513 0.398548990488052 0.400475800037384 0.402402579784393 0.404329389333725 0.406256198883057 0.408183008432388 0.410109788179398 0.412036597728729 0.419275879859924 0.428286015987396 0.437296122312546 0.446306228637695 0.455316364765167 0.464326471090317 0.473336577415466 0.481492340564728 0.487084984779358 0.492677628993988 0.498270273208618 0.503862917423248 0.509455561637878 0.515048205852509 0.520640850067139 0.520148575305939 0.517627954483032 0.515107333660126 0.512586712837219 0.510066092014313 0.507545471191406
0.4368856549263 0.437289446592331 0.437693208456039 0.438096970319748 0.438500761985779 0.438904523849487 0.439308285713196 0.439712077379227 0.435428023338318 0.429581373929977 0.423734724521637 0.417888075113297 0.412041425704956 0.406194776296616 0.400348126888275 0.396370053291321 0.397997707128525 0.399625331163406 0.40125298500061 0.402880609035492 0.404508262872696 0.4061359167099 0.407763540744781 0.41501247882843 0.424135148525238 0.433257818222046 0.442380517721176 0.451503187417984 0.460625857114792 0.469748556613922 0.477808833122253 0.482681959867477 0.487555056810379 0.492428183555603 0.497301310300827 0.502174437046051 0.507047533988953 0.511920630931854 0.512350380420685 0.511299014091492 0.510247707366943 0.50919634103775 0.508144974708557 0.507093608379364
0.446987003087997 0.445815056562424 0.444643139839172 0.443471223115921 0.442299276590347 0.441127359867096 0.439955443143845 0.438783496618271 0.434027373790741 0.428076505661011 0.42212563753128 0.41617476940155 0.410223871469498 0.404273003339767 0.398322135210037 0.394191116094589 0.395519584417343 0.396848082542419 0.398176580667496 0.39950504899025 0.400833547115326 0.40216201543808 0.403490513563156 0.410749047994614 0.419984310865402 0.429219543933868 0.438454777002335 0.447690039873123 0.456925272941589 0.466160506010056 0.474125325679779 0.478278905153275 0.482432514429092 0.486586093902588 0.490739673376083 0.494893252849579 0.499046832323074 0.50320041179657 0.504552245140076 0.504970133304596 0.505388021469116 0.505805969238281 0.506223857402802 0.506641745567322
0.457088321447372 0.454340696334839 0.451593071222305 0.448845446109772 0.446097820997238 0.443350195884705 0.440602570772171 0.437854945659637 0.432626724243164 0.426571607589722 0.420516520738602 0.414461433887482 0.408406347036362 0.402351260185242 0.396296173334122 0.392012178897858 0.393041491508484 0.394070833921432 0.395100146532059 0.396129488945007 0.397158801555634 0.398188143968582 0.399217456579208 0.40648564696312 0.415833443403244 0.425181239843369 0.434529066085815 0.44387686252594 0.453224658966064 0.462572485208511 0.470441848039627 0.473875880241394 0.477309942245483 0.480744004249573 0.48417803645134 0.487612098455429 0.491046130657196 0.494480192661285 0.496754080057144 0.4986412525177 0.500528395175934 0.502415597438812 0.504302740097046 0.50618988275528
0.467189639806747 0.462866336107254 0.458543002605438 0.454219669103622 0.449896335601807 0.445573031902313 0.441249698400497 0.436926364898682 0.431226044893265 0.425066739320755 0.418907433748245 0.412748128175735 0.406588792800903 0.400429487228394 0.394270181655884 0.389833241701126 0.390563398599625 0.391293585300446 0.392023742198944 0.392753899097443 0.393484085798264 0.394214242696762 0.394944399595261 0.402222245931625 0.411682605743408 0.421142965555191 0.430603325366974 0.440063685178757 0.449524074792862 0.458984434604645 0.466758340597153 0.469472855329514 0.472187370061874 0.474901884794235 0.477616429328918 0.480330944061279 0.48304545879364 0.485759973526001 0.488955914974213 0.492312341928482 0.495668768882751 0.499025195837021 0.50238162279129 0.505738019943237
0.473811894655228 0.468506723642349 0.463201582431793 0.457896411418915 0.452591240406036 0.447286069393158 0.441980928182602 0.436675757169724 0.43067654967308 0.424445956945419 0.418215394020081 0.411984831094742 0.405754268169403 0.399523675441742 0.393293112516403 0.388877809047699 0.389908343553543 0.390938878059387 0.391969412565231 0.392999947071075 0.394030451774597 0.395060986280441 0.396091520786285 0.403114587068558 0.412135154008865 0.421155750751495 0.430176347494125 0.439196914434433 0.448217511177063 0.457238078117371 0.464779585599899 0.467883884906769 0.470988154411316 0.474092423915863 0.477196723222733 0.48030099272728 0.483405262231827 0.486509561538696 0.489693760871887 0.49290457367897 0.496115416288376 0.499326258897781 0.502537071704865 0.50574791431427
0.476955056190491 0.471261918544769 0.465568780899048 0.459875643253326 0.454182505607605 0.448489367961884 0.442796230316162 0.437103092670441 0.430978149175644 0.424709290266037 0.41844043135643 0.412171572446823 0.405902713537216 0.399633824825287 0.39336496591568 0.389145940542221 0.391076326370239 0.39300674200058 0.39493715763092 0.396867543458939 0.398797959089279 0.400728344917297 0.402658760547638 0.409162700176239 0.41719114780426 0.425219625234604 0.433248072862625 0.441276520490646 0.449304968118668 0.457333415746689 0.464505612850189 0.469108939170837 0.473712265491486 0.478315591812134 0.482918947935104 0.487522274255753 0.492125600576401 0.496728926897049 0.498967558145523 0.500417947769165 0.501868367195129 0.503318786621094 0.504769146442413 0.506219565868378
0.480098247528076 0.474017113447189 0.467936009168625 0.461854875087738 0.455773770809174 0.449692636728287 0.443611532449722 0.437530428171158 0.43127977848053 0.424972623586655 0.41866546869278 0.412358313798904 0.406051158905029 0.399744004011154 0.393436849117279 0.389414042234421 0.392244309186935 0.395074605941772 0.397904872894287 0.400735169649124 0.403565436601639 0.406395733356476 0.40922600030899 0.41521081328392 0.422247141599655 0.42928346991539 0.436319798231125 0.44335612654686 0.450392454862595 0.457428753376007 0.464231610298157 0.470333993434906 0.476436376571655 0.482538759708405 0.488641172647476 0.494743555784225 0.500845909118652 0.506948351860046 0.508241415023804 0.507931351661682 0.507621288299561 0.507311284542084 0.507001221179962 0.506691157817841
0.483241409063339 0.476772308349609 0.470303237438202 0.463834136724472 0.457365036010742 0.450895935297012 0.444426834583282 0.437957733869553 0.431581377983093 0.42523592710495 0.418890476226807 0.412545025348663 0.406199604272842 0.399854153394699 0.393508702516556 0.38968214392662 0.393412292003632 0.397142469882965 0.400872617959976 0.40460279583931 0.408332943916321 0.412063091993332 0.415793269872665 0.421258956193924 0.42730313539505 0.433347344398499 0.439391523599625 0.445435732603073 0.451479911804199 0.457524120807648 0.463957607746124 0.471559047698975 0.479160487651825 0.486761927604675 0.494363397359848 0.501964807510376 0.509566247463226 0.517167687416077 0.517515182495117 0.515444755554199 0.513374269008636 0.511303782463074 0.509233295917511 0.507162809371948
0.486384600400925 0.479527503252029 0.472670435905457 0.465813368558884 0.458956301212311 0.452099233865738 0.445242136716843 0.43838506937027 0.431883007287979 0.425499260425568 0.419115513563156 0.412731766700745 0.406348019838333 0.399964302778244 0.393580555915833 0.38995024561882 0.39458030462265 0.399210333824158 0.403840363025665 0.408470392227173 0.41310042142868 0.41773048043251 0.422360509634018 0.427307069301605 0.432359129190445 0.437411189079285 0.442463248968124 0.447515308856964 0.452567398548126 0.457619458436966 0.463683605194092 0.472784101963043 0.481884598731995 0.490985095500946 0.500085592269897 0.509186089038849 0.5182865858078 0.527387082576752 0.526789009571075 0.522958099842072 0.519127190113068 0.515296280384064 0.511465311050415 0.507634401321411
0.489527761936188 0.482282698154449 0.475037664175034 0.467792600393295 0.460547566413879 0.453302502632141 0.446057438850403 0.438812404870987 0.432184606790543 0.425762563943863 0.419340550899506 0.412918508052826 0.406496465206146 0.400074452161789 0.393652409315109 0.390218377113342 0.395748287439346 0.40127819776535 0.406808108091354 0.412338018417358 0.417867928743362 0.423397839069366 0.42892774939537 0.433355182409286 0.43741512298584 0.441475063562393 0.445534974336624 0.449594914913177 0.453654855489731 0.457714796066284 0.463409632444382 0.474009186029434 0.484608739614487 0.495208293199539 0.505807816982269 0.516407370567322 0.527006924152374 0.537606477737427 0.536062836647034 0.530471503734589 0.524880111217499 0.519288778305054 0.513697385787964 0.508106052875519
0.485355824232101 0.478020548820496 0.470685303211212 0.463350057601929 0.456014782190323 0.448679536581039 0.441344290971756 0.43400901556015 0.428011298179626 0.4224593937397 0.416907489299774 0.411355584859848 0.405803680419922 0.400251775979996 0.39469987154007 0.391858696937561 0.39714965224266 0.402440577745438 0.407731533050537 0.413022488355637 0.418313413858414 0.423604369163513 0.428895324468613 0.432805418968201 0.436255216598511 0.439705014228821 0.443154841661453 0.446604639291763 0.450054466724396 0.453504264354706 0.458756357431412 0.469415336847305 0.480074316263199 0.490733295679092 0.501392304897308 0.512051284313202 0.522710263729095 0.533369243144989 0.531891047954559 0.5263671875 0.520843327045441 0.515319466590881 0.509795606136322 0.504271745681763
0.473868727684021 0.466741055250168 0.459613382816315 0.452485680580139 0.445358008146286 0.43823030591011 0.431102633476257 0.423974931240082 0.419363021850586 0.415589660406113 0.411816328763962 0.408042997121811 0.40426966547966 0.400496304035187 0.396722972393036 0.394871234893799 0.39878436923027 0.402697503566742 0.406610637903214 0.410523772239685 0.414436906576157 0.418350040912628 0.4222631752491 0.425657719373703 0.428879410028458 0.432101100683212 0.435322791337967 0.438544481992722 0.441766172647476 0.444987863302231 0.449723839759827 0.459002614021301 0.468281418085098 0.477560192346573 0.486838966608047 0.496117740869522 0.505396544933319 0.514675319194794 0.514273703098297 0.510645270347595 0.507016837596893 0.503388404846191 0.499760001897812 0.49613156914711
0.462381660938263 0.45546156167984 0.448541432619095 0.441621333360672 0.434701204299927 0.427781105041504 0.420860975980759 0.413940846920013 0.410714745521545 0.408719956874847 0.406725198030472 0.404730409383774 0.402735620737076 0.400740832090378 0.398746073246002 0.397883802652359 0.400419116020203 0.402954459190369 0.405489772558212 0.408025085926056 0.4105603992939 0.413095742464066 0.415631055831909 0.418510049581528 0.421503633260727 0.424497216939926 0.427490770816803 0.430484354496002 0.433477908372879 0.436471492052078 0.440691322088242 0.448589891195297 0.456488490104675 0.464387059211731 0.472285658121109 0.480184227228165 0.488082826137543 0.495981395244598 0.49665629863739 0.494923323392868 0.493190348148346 0.491457343101501 0.489724367856979 0.487991392612457
0.450894594192505 0.44418203830719 0.437469512224197 0.430756956338882 0.424044400453568 0.417331874370575 0.41061931848526 0.403906792402267 0.402066469192505 0.401850253343582 0.401634037494659 0.401417821645737 0.401201605796814 0.400985360145569 0.400769144296646 0.400896370410919 0.402053862810135 0.403211385011673 0.404368877410889 0.405526399612427 0.406683892011642 0.407841414213181 0.408998906612396 0.411362379789352 0.414127826690674 0.416893303394318 0.419658750295639 0.42242419719696 0.425189644098282 0.427955090999603 0.431658804416656 0.438177168369293 0.444695562124252 0.451213955879211 0.457732319831848 0.464250713586807 0.470769107341766 0.477287501096725 0.479038923978806 0.479201376438141 0.479363828897476 0.479526281356812 0.479688763618469 0.479851216077805
0.439407527446747 0.432902544736862 0.426397562026978 0.419892579317093 0.413387626409531 0.406882643699646 0.400377660989761 0.393872708082199 0.393418222665787 0.394980549812317 0.396542876958847 0.3981052339077 0.39966756105423 0.40122988820076 0.402792245149612 0.403908908367157 0.403688609600067 0.403468310832977 0.403248012065887 0.403027713298798 0.402807384729385 0.402587085962296 0.402366787195206 0.404214709997177 0.406752049922943 0.409289389848709 0.411826699972153 0.414364039897919 0.416901379823685 0.419438719749451 0.422626256942749 0.427764445543289 0.432902634143829 0.43804082274437 0.44317901134491 0.44831719994545 0.45345538854599 0.45859357714653 0.461421549320221 0.463479429483414 0.465537339448929 0.467595219612122 0.469653129577637 0.471711039543152
0.427920430898666 0.421623051166534 0.41532564163208 0.409028232097626 0.402730822563171 0.396433413028717 0.390136033296585 0.383838623762131 0.384769946336746 0.388110846281052 0.391451746225357 0.394792646169662 0.398133516311646 0.401474416255951 0.404815316200256 0.406921476125717 0.405323356389999 0.403725236654282 0.402127116918564 0.400528997182846 0.398930877447128 0.397332787513733 0.395734667778015 0.397067040205002 0.39937624335289 0.401685476303101 0.403994679450989 0.406303912401199 0.408613115549088 0.410922318696976 0.413593739271164 0.417351722717285 0.421109706163406 0.42486771941185 0.428625702857971 0.432383686304092 0.436141669750214 0.439899653196335 0.443804174661636 0.447757512331009 0.451710850000381 0.455664157867432 0.459617495536804 0.463570833206177
0.419505387544632 0.413997530937195 0.40848970413208 0.402981877326965 0.397474020719528 0.391966193914413 0.386458337306976 0.380950510501862 0.382505863904953 0.386415630578995 0.390325367450714 0.394235134124756 0.398144870996475 0.402054637670517 0.405964374542236 0.408317506313324 0.406000703573227 0.403683930635452 0.401367157697678 0.399050384759903 0.396733611822128 0.394416809082031 0.392100036144257 0.393578082323074 0.396321088075638 0.399064064025879 0.401807069778442 0.404550045728683 0.407293021678925 0.410036027431488 0.412801325321198 0.415633499622345 0.418465703725815 0.421297907829285 0.424130082130432 0.426962286233902 0.429794490337372 0.432626664638519 0.436685830354691 0.441153973340988 0.445622116327286 0.450090259313583 0.454558402299881 0.459026545286179
0.414162337779999 0.410026043653488 0.4058897793293 0.401753485202789 0.397617220878601 0.39348092675209 0.389344662427902 0.385208368301392 0.386625975370407 0.389894872903824 0.393163800239563 0.39643269777298 0.399701595306396 0.402970492839813 0.40623939037323 0.408096998929977 0.405720710754395 0.403344422578812 0.400968104600906 0.398591816425323 0.396215528249741 0.393839240074158 0.391462951898575 0.393747866153717 0.397586524486542 0.401425182819366 0.405263841152191 0.409102499485016 0.412941157817841 0.416779816150665 0.420248985290527 0.422609806060791 0.424970597028732 0.427331387996674 0.429692208766937 0.432052999734879 0.43441379070282 0.436774611473083 0.440066546201706 0.443668872117996 0.447271198034286 0.450873523950577 0.454475849866867 0.458078145980835
