data/working_set_collections/6091692-Cassins_Sparrow-M2/1985/gwetroot_avg.asc
NCOLS 265 
NROWS 230 
XLLCORNER -115.5625 
YLLCORNER 24.8333333333333 
CELLSIZE 0.0833333333333333 
NODATA_value -9999 
[rows 0 to 19 of 230, columns 220 to 263 of 265]
0.434630751609802 0.435597658157349 0.436564594507217 0.437531530857086 0.438727468252182 0.440610438585281 0.442493408918381 0.44437637925148 0.446259349584579 0.448142319917679 0.450025290250778 0.4519082903862 0.453324198722839 0.454584449529648 0.455844700336456 0.457104951143265 0.458365201950073 0.459625422954559 0.460885673761368 0.462019830942154 0.462775766849518 0.463531702756882 0.464287608861923 0.465043544769287 0.465799450874329 0.466555386781693 0.467311292886734 0.468601018190384 0.470068633556366 0.471536248922348 0.473003894090652 0.474471509456635 0.475939154624939 0.477406769990921 0.480594873428345 0.488944441080093 0.49729397892952 0.505643546581268 0.513993084430695 0.522342681884766 0.530692219734192 0.539041757583618 0.54864376783371 0.558663189411163
0.433609813451767 0.434529155492783 0.435448497533798 0.436367839574814 0.437613040208817 0.439835757017136 0.442058503627777 0.444281220436096 0.446503937244415 0.448726683855057 0.450949400663376 0.453172147274017 0.45485320687294 0.456353724002838 0.457854241132736 0.459354758262634 0.460855275392532 0.46235579252243 0.463856309652328 0.465152978897095 0.465838104486465 0.466523259878159 0.467208385467529 0.4678935110569 0.468578636646271 0.469263762235641 0.469948887825012 0.470977753400803 0.472121179103851 0.4732646048069 0.474408030509949 0.475551456212997 0.476694881916046 0.477838307619095 0.48047748208046 0.487603813409805 0.494730144739151 0.501856446266174 0.50898277759552 0.516109108924866 0.523235440254211 0.530361771583557 0.539284288883209 0.548805475234985
0.432588875293732 0.433460652828217 0.434332400560379 0.435204148292542 0.436498612165451 0.43906107544899 0.441623568534851 0.444186061620712 0.446748554706573 0.449311047792435 0.451873511075974 0.454436004161835 0.456382215023041 0.458122998476028 0.459863811731339 0.461604595184326 0.463345378637314 0.465086162090302 0.466826945543289 0.468286126852036 0.468900471925735 0.469514816999435 0.470129132270813 0.470743477344513 0.471357822418213 0.471972167491913 0.47258648276329 0.473354488611221 0.474173724651337 0.474992960691452 0.475812196731567 0.476631432771683 0.477450639009476 0.478269875049591 0.480360060930252 0.486263185739517 0.49216628074646 0.498069375753403 0.503972470760345 0.509875595569611 0.515778660774231 0.521681785583496 0.529924809932709 0.538947761058807
0.431567937135696 0.432392120361328 0.43321630358696 0.434040486812592 0.435384184122086 0.438286423683167 0.441188663244247 0.444090902805328 0.446993142366409 0.44989538192749 0.452797621488571 0.455699861049652 0.457911223173141 0.459892302751541 0.461873352527618 0.463854402303696 0.465835481882095 0.467816531658173 0.46979758143425 0.471419274806976 0.471962809562683 0.472506374120712 0.473049908876419 0.473593443632126 0.474137008190155 0.474680542945862 0.475224077701569 0.475731253623962 0.476226270198822 0.476721316576004 0.477216333150864 0.477711379528046 0.478206396102905 0.478701442480087 0.480242669582367 0.484922558069229 0.489602416753769 0.494282305240631 0.498962163925171 0.503642082214355 0.508321940898895 0.513001799583435 0.520565330982208 0.529090046882629
0.430547028779984 0.431323617696762 0.432100206613541 0.432876795530319 0.43426975607872 0.437511742115021 0.440753757953644 0.443995743989944 0.447237730026245 0.450479745864868 0.453721731901169 0.456963747739792 0.459440231323242 0.461661577224731 0.463882893323898 0.466104239225388 0.468325555324554 0.470546901226044 0.472768217325211 0.474552422761917 0.475025177001953 0.475497931241989 0.475970685482025 0.476443439722061 0.476916193962097 0.477388948202133 0.477861702442169 0.478107988834381 0.478278815746307 0.478449672460556 0.478620499372482 0.478791326284409 0.478962153196335 0.479132980108261 0.480125278234482 0.483581930398941 0.4870385825634 0.49049523472786 0.493951857089996 0.497408509254456 0.500865161418915 0.504321813583374 0.511205852031708 0.519232392311096
0.429526090621948 0.430255115032196 0.430984109640121 0.431713134050369 0.433155328035355 0.436737090349197 0.440318822860718 0.443900585174561 0.447482347488403 0.451064079999924 0.454645842313766 0.458227604627609 0.460969239473343 0.463430851697922 0.465892463922501 0.468354046344757 0.470815658569336 0.473277270793915 0.475738853216171 0.477685570716858 0.478087514638901 0.478489488363266 0.478891432285309 0.479293406009674 0.479695349931717 0.480097323656082 0.480499297380447 0.480484753847122 0.480331391096115 0.480177998542786 0.480024635791779 0.479871273040771 0.479717910289764 0.479564547538757 0.480007857084274 0.482241302728653 0.484474718570709 0.486708134412766 0.488941550254822 0.4911749958992 0.493408411741257 0.495641827583313 0.501846373081207 0.509374678134918
0.428450793027878 0.429192632436752 0.429934471845627 0.430676311254501 0.432064294815063 0.435390681028366 0.438717067241669 0.442043453454971 0.445369839668274 0.448696225881577 0.452022612094879 0.455348998308182 0.457557857036591 0.459394216537476 0.461230546236038 0.463066905736923 0.464903235435486 0.466739594936371 0.468575924634933 0.470198690891266 0.471180707216263 0.47216272354126 0.473144739866257 0.474126756191254 0.475108772516251 0.476090788841248 0.477072805166245 0.477552890777588 0.477865666151047 0.478178411722183 0.47849115729332 0.478803932666779 0.479116678237915 0.479429453611374 0.480077594518661 0.48173189163208 0.483386188745499 0.485040485858917 0.486694812774658 0.488349109888077 0.490003407001495 0.491657704114914 0.497235417366028 0.504120886325836
0.42732110619545 0.428136199712753 0.428951293230057 0.42976638674736 0.430996686220169 0.433472573757172 0.435948491096497 0.438424378633499 0.440900266170502 0.443376153707504 0.445852041244507 0.448327928781509 0.449206084012985 0.449551641941071 0.449897199869156 0.450242757797241 0.450588315725327 0.450933903455734 0.45127946138382 0.452091842889786 0.454304784536362 0.456517696380615 0.458730608224869 0.460943520069122 0.463156461715698 0.465369373559952 0.467582285404205 0.469312429428101 0.470881640911102 0.472450852394104 0.474020063877106 0.47558930516243 0.477158516645432 0.478727728128433 0.480334460735321 0.482053726911545 0.483773022890091 0.485492289066315 0.487211585044861 0.488930851221085 0.490650147199631 0.492369413375854 0.497372895479202 0.50347113609314
0.426191449165344 0.427079796791077 0.427968144416809 0.428856462240219 0.429929077625275 0.431554466485977 0.433179885149002 0.434805274009705 0.436430662870407 0.438056081533432 0.439681470394135 0.441306859254837 0.44085431098938 0.439709067344666 0.438563853502274 0.437418639659882 0.436273396015167 0.435128182172775 0.433982968330383 0.433984994888306 0.437428832054138 0.440872639417648 0.444316476583481 0.447760283946991 0.451204121112823 0.454647928476334 0.458091765642166 0.461071968078613 0.46389764547348 0.466723322868347 0.469548970460892 0.472374647855759 0.475200325250626 0.478026002645493 0.480591326951981 0.482375591993332 0.484159827232361 0.485944092273712 0.487728357315063 0.489512622356415 0.491296887397766 0.493081152439117 0.497510403394699 0.502821326255798
0.425061792135239 0.426023364067078 0.426984965801239 0.427946537733078 0.42886146903038 0.429636389017105 0.430411279201508 0.431186199188232 0.431961089372635 0.432735979557037 0.433510899543762 0.434285789728165 0.432502537965775 0.429866522550583 0.427230507135391 0.4245944917202 0.421958476305008 0.419322490692139 0.416686475276947 0.415878146886826 0.420552879571915 0.425227612257004 0.429902344942093 0.43457704782486 0.439251780509949 0.443926513195038 0.448601245880127 0.452831506729126 0.456913650035858 0.460995763540268 0.465077877044678 0.46916002035141 0.47324213385582 0.477324277162552 0.480848163366318 0.482697427272797 0.484546661376953 0.48639589548111 0.488245129585266 0.490094393491745 0.491943627595901 0.493792861700058 0.497647911310196 0.502171516418457
0.423932105302811 0.424966961145401 0.426001787185669 0.427036613225937 0.427793860435486 0.427718281745911 0.427642673254013 0.427567094564438 0.427491515874863 0.427415907382965 0.42734032869339 0.427264750003815 0.424150735139847 0.420023947954178 0.415897160768509 0.41177037358284 0.407643586397171 0.40351676940918 0.399389982223511 0.397771298885345 0.403676927089691 0.409582555294037 0.415488183498383 0.421393811702728 0.427299439907074 0.43320506811142 0.439110696315765 0.444591045379639 0.449929624795914 0.455268204212189 0.460606783628464 0.465945392847061 0.471283972263336 0.476622551679611 0.481105029582977 0.483019262552261 0.484933465719223 0.486847698688507 0.488761931657791 0.490676134824753 0.492590367794037 0.494504600763321 0.49778538942337 0.501521706581116
0.422802448272705 0.423910528421402 0.425018608570099 0.426126688718796 0.426726251840591 0.425800174474716 0.424874067306519 0.423947989940643 0.423021912574768 0.422095835208893 0.421169757843018 0.420243680477142 0.415798962116241 0.410181403160095 0.404563814401627 0.398946225643158 0.393328666687012 0.387711077928543 0.382093489170074 0.379664450883865 0.386800974607468 0.393937528133392 0.401074051856995 0.408210575580597 0.415347129106522 0.422483652830124 0.429620176553726 0.436350584030151 0.442945629358292 0.449540674686432 0.45613569021225 0.46273073554039 0.46932578086853 0.475920826196671 0.481361895799637 0.483341097831726 0.485320299863815 0.487299501895905 0.489278703927994 0.491257905960083 0.493237107992172 0.495216310024261 0.497922897338867 0.500871956348419
0.423149138689041 0.424326211214066 0.425503313541412 0.426680386066437 0.427279591560364 0.426145106554031 0.425010651350021 0.423876166343689 0.422741711139679 0.421607226133347 0.420472770929337 0.419338285923004 0.414442747831345 0.408293515443802 0.402144283056259 0.395995050668716 0.389845818281174 0.383696585893631 0.377547353506088 0.374840021133423 0.382458359003067 0.390076726675034 0.397695094347 0.405313462018967 0.412931799888611 0.420550167560577 0.428168535232544 0.43516680598259 0.441958427429199 0.448750019073486 0.455541610717773 0.462333202362061 0.46912482380867 0.475916415452957 0.481518030166626 0.48354971408844 0.485581427812576 0.48761311173439 0.489644795656204 0.491676509380341 0.493708193302155 0.495739877223969 0.498172760009766 0.500739336013794
0.424972176551819 0.426214009523392 0.427455842494965 0.428697675466537 0.429453879594803 0.428753107786179 0.428052365779877 0.427351593971252 0.426650851964951 0.425950080156326 0.425249338150024 0.4245485663414 0.420082062482834 0.41436031460762 0.408638566732407 0.402916818857193 0.397195041179657 0.391473293304443 0.38575154542923 0.383298009634018 0.390649110078812 0.398000210523605 0.405351310968399 0.412702411413193 0.420053541660309 0.427404642105103 0.434755742549896 0.441039711236954 0.446967989206314 0.452896267175674 0.458824515342712 0.464752793312073 0.470681071281433 0.476609319448471 0.481573462486267 0.483645141124725 0.485716849565506 0.487788528203964 0.489860236644745 0.491931915283203 0.494003623723984 0.496075302362442 0.498534977436066 0.50112396478653
0.426795244216919 0.428101807832718 0.429408401250839 0.430714964866638 0.431628167629242 0.431361109018326 0.431094080209732 0.430827021598816 0.430559992790222 0.430292963981628 0.430025905370712 0.429758876562119 0.425721406936646 0.420427113771439 0.415132850408554 0.409838557243347 0.404544293880463 0.399250000715256 0.393955737352371 0.391755968332291 0.398839831352234 0.405923694372177 0.413007527589798 0.420091390609741 0.427175253629684 0.434259086847305 0.441342949867249 0.446912616491318 0.451977550983429 0.45704248547554 0.462107419967651 0.467172384262085 0.472237318754196 0.477302253246307 0.481628865003586 0.483740568161011 0.485852271318436 0.487963944673538 0.490075647830963 0.492187350988388 0.494299054145813 0.496410727500916 0.498897194862366 0.50150853395462
0.428618282079697 0.429989606142044 0.431360930204391 0.432732284069061 0.433802455663681 0.433969110250473 0.434135794639587 0.434302479028702 0.434469133615494 0.434635818004608 0.434802502393723 0.434969156980515 0.431360721588135 0.426493912935257 0.421627134084702 0.416760325431824 0.411893516778946 0.407026708126068 0.40215989947319 0.400213956832886 0.407030552625656 0.413847148418427 0.420663774013519 0.42748036980629 0.43429696559906 0.44111356139183 0.447930157184601 0.452785521745682 0.456987142562866 0.461188733577728 0.465390354394913 0.469591945409775 0.473793566226959 0.477995157241821 0.481684297323227 0.483835995197296 0.485987693071365 0.488139390945435 0.490291088819504 0.492442786693573 0.494594484567642 0.496746182441711 0.499259412288666 0.501893162727356
0.430441319942474 0.43187740445137 0.433313488960266 0.434749573469162 0.435976713895798 0.43657711148262 0.437177509069443 0.437777906656265 0.438378274440765 0.438978672027588 0.43957906961441 0.440179467201233 0.437000066041946 0.432560741901398 0.428121417760849 0.4236820936203 0.419242739677429 0.41480341553688 0.410364091396332 0.408671945333481 0.415221303701401 0.421770632266998 0.428319990634918 0.434869349002838 0.441418677568436 0.447968035936356 0.454517394304276 0.458658427000046 0.461996704339981 0.465334981679916 0.468673259019852 0.472011536359787 0.475349813699722 0.478688091039658 0.481739699840546 0.483931392431259 0.486123114824295 0.488314807415009 0.490506500005722 0.492698192596436 0.494889885187149 0.497081607580185 0.499621629714966 0.502277731895447
0.432264357805252 0.433765202760696 0.435266017913818 0.436766862869263 0.438151001930237 0.439185112714767 0.440219223499298 0.441253334283829 0.442287445068359 0.443321526050568 0.444355636835098 0.445389747619629 0.442639380693436 0.438627541065216 0.434615701436996 0.430603832006454 0.426591992378235 0.422580152750015 0.418568283319473 0.417129933834076 0.423412024974823 0.42969411611557 0.435976207256317 0.442258298397064 0.448540389537811 0.454822510480881 0.461104601621628 0.46453133225441 0.467006266117096 0.469481229782104 0.471956163644791 0.474431097507477 0.476906061172485 0.479380995035172 0.481795132160187 0.484026819467545 0.486258536577225 0.488490223884583 0.490721940994263 0.49295362830162 0.495185315608978 0.497417032718658 0.499983847141266 0.502662360668182
0.434638857841492 0.436267852783203 0.437896847724915 0.439525842666626 0.441212326288223 0.443071305751801 0.444930285215378 0.446789264678955 0.448648244142532 0.45050722360611 0.452366203069687 0.454225182533264 0.452275156974792 0.44905549287796 0.445835798978806 0.442616134881973 0.439396440982819 0.436176776885986 0.432957082986832 0.431813210248947 0.436896741390228 0.441980242729187 0.447063773870468 0.452147305011749 0.45723083615303 0.462314337491989 0.46739786863327 0.470140993595123 0.472103983163834 0.474066972732544 0.476029962301254 0.477992951869965 0.479955941438675 0.481918931007385 0.483885884284973 0.485864758491516 0.487843602895737 0.48982247710228 0.4918013215065 0.493780195713043 0.495759040117264 0.497737914323807 0.500852465629578 0.504345595836639
0.437564790248871 0.439385384321213 0.441205948591232 0.443026512861252 0.445160716772079 0.448235720396042 0.451310724020004 0.454385727643967 0.457460731267929 0.460535734891891 0.463610738515854 0.466685742139816 0.465907365083694 0.463844567537308 0.461781740188599 0.459718942642212 0.457656115293503 0.455593317747116 0.453530490398407 0.452721804380417 0.455675423145294 0.458629041910172 0.461582690477371 0.464536309242249 0.467489928007126 0.470443576574326 0.473397195339203 0.475487411022186 0.477289825677872 0.479092240333557 0.480894654989243 0.482697069644928 0.484499484300613 0.486301898956299 0.48801201581955 0.489445179700851 0.490878343582153 0.492311537265778 0.493744701147079 0.495177894830704 0.496611058712006 0.498044222593307 0.502227544784546 0.507327556610107
