data/working_set_collections/6091692-Cassins_Sparrow-M2/1985/gwetprof_avg.asc
NCOLS 265 
NROWS 230 
XLLCORNER -115.5625 
YLLCORNER 24.8333333333333 
CELLSIZE 0.0833333333333333 
NODATA_value -9999 
[rows 180 to 199 of 230, columns 44 to 87 of 265]
0.45903941988945 0.452584832906723 0.446130216121674 0.439675629138947 0.43322104215622 0.426766455173492 0.420311868190765 0.413857281208038 0.411408841609955 0.410295844078064 0.409182816743851 0.408069789409637 0.406956762075424 0.405843764543533 0.40473073720932 0.403644055128098 0.402636379003525 0.401628702878952 0.400621026754379 0.399613350629807 0.398605674505234 0.397597998380661 0.396590322256088 0.396619617938995 0.396994531154633 0.397369474172592 0.397744417190552 0.398119330406189 0.398494273424149 0.398869216442108 0.399771809577942 0.40225750207901 0.404743194580078 0.407228857278824 0.409714549779892 0.412200212478638 0.414685904979706 0.417171567678452 0.421462148427963 0.426354318857193 0.431246519088745 0.436138689517975 0.441030889749527 0.445923060178757
0.460983127355576 0.454377740621567 0.447772324085236 0.441166907548904 0.434561491012573 0.427956074476242 0.421350687742233 0.414745271205902 0.413388282060623 0.413780808448792 0.41417333483696 0.414565831422806 0.414958357810974 0.415350884199142 0.415743380784988 0.415399849414825 0.412848144769669 0.410296410322189 0.407744705677032 0.405193001031876 0.402641296386719 0.400089591741562 0.397537857294083 0.397285312414169 0.397799164056778 0.398312985897064 0.398826837539673 0.399340659379959 0.399854511022568 0.400368332862854 0.401517778635025 0.404573976993561 0.407630175352097 0.410686373710632 0.413742572069168 0.416798800230026 0.419854998588562 0.422911196947098 0.427103161811829 0.431673735380173 0.436244279146194 0.440814852714539 0.44538539648056 0.449955940246582
0.462926864624023 0.456170618534088 0.449414402246475 0.442658185958862 0.435901939868927 0.429145723581314 0.422389477491379 0.415633261203766 0.415367752313614 0.417265802621841 0.419163852930069 0.421061903238297 0.422959953546524 0.424858003854752 0.426756054162979 0.427155643701553 0.423059910535812 0.418964147567749 0.414868414402008 0.410772651433945 0.406676918268204 0.40258115530014 0.398485422134399 0.397951036691666 0.398603767156601 0.399256497621536 0.399909257888794 0.400561988353729 0.401214718818665 0.401867479085922 0.403263717889786 0.406890451908112 0.410517156124115 0.414143890142441 0.417770624160767 0.421397358179092 0.425024092197418 0.428650826215744 0.432744204998016 0.43699312210083 0.441242069005966 0.44549098610878 0.449739903211594 0.45398885011673
0.464870572090149 0.457963526248932 0.451056480407715 0.444149434566498 0.437242388725281 0.430335342884064 0.423428297042847 0.41652125120163 0.417347192764282 0.420750766992569 0.424154341220856 0.427557945251465 0.430961519479752 0.434365123510361 0.437768697738647 0.438911437988281 0.433271676301956 0.427631884813309 0.421992093324661 0.416352301836014 0.410712510347366 0.405072748661041 0.399432957172394 0.39861673116684 0.399408400058746 0.400200039148331 0.400991678237915 0.401783317327499 0.402574956417084 0.403366595506668 0.405009657144547 0.40920689702034 0.413404166698456 0.417601406574249 0.421798676252365 0.425995945930481 0.430193185806274 0.43439045548439 0.438385248184204 0.44231253862381 0.446239829063416 0.450167119503021 0.454094439744949 0.458021730184555
-9999 0.459756433963776 0.452698588371277 0.445640712976456 0.438582837581635 0.431524991989136 0.424467116594315 0.417409241199493 0.419326633214951 0.424235731363297 0.429144859313965 0.434053987264633 0.438963115215302 0.44387224316597 0.448781371116638 0.450667232275009 0.443483412265778 0.436299592256546 0.429115772247314 0.421931952238083 0.414748132228851 0.40756431221962 0.400380492210388 0.399282455444336 0.400213003158569 0.401143550872803 0.402074098587036 0.40300464630127 0.403935194015503 0.404865741729736 0.406755596399307 0.411523371934891 0.416291147470474 0.42105895280838 0.425826728343964 0.430594503879547 0.435362279415131 0.440130054950714 0.444026261568069 0.447631925344467 0.451237618923187 0.454843282699585 0.458448946475983 0.46205461025238
-9999 -9999 0.454340666532516 0.447131961584091 0.439923286437988 0.432714611291885 0.425505936145782 0.418297231197357 0.421306073665619 0.427720725536346 0.434135377407074 0.440550029277802 0.446964710950851 0.453379362821579 0.459794014692307 0.462423056364059 0.453695178031921 0.444967329502106 0.43623948097229 0.427511602640152 0.418783754110336 0.410055905580521 0.401328057050705 0.399948179721832 0.401017606258392 0.402087062597275 0.403156518936157 0.40422597527504 0.405295431613922 0.406364858150482 0.408501535654068 0.413839846849442 0.419178158044815 0.424516469240189 0.42985475063324 0.435193061828613 0.440531373023987 0.44586968421936 0.449667304754257 0.452951341867447 0.456235378980637 0.459519416093826 0.462803453207016 0.466087520122528
-9999 -9999 -9999 0.448515504598618 0.442340165376663 0.436164855957031 0.429989546537399 0.423814207315445 0.427187532186508 0.433743715286255 0.440299898386002 0.446856081485748 0.453412264585495 0.459968447685242 0.466524630784988 0.469206213951111 0.460263967514038 0.451321721076965 0.442379504442215 0.433437258005142 0.424495011568069 0.415552794933319 0.406610548496246 0.404816061258316 0.40540412068367 0.405992180109024 0.4065802693367 0.407168328762054 0.407756388187408 0.408344477415085 0.410318702459335 0.416451424360275 0.422584146261215 0.428716868162155 0.434849619865417 0.440982341766357 0.447115063667297 0.453247785568237 0.456807315349579 0.459509074687958 0.462210863828659 0.46491265296936 0.467614442110062 0.470316201448441
-9999 -9999 -9999 -9999 -9999 0.441875725984573 0.437917947769165 0.433960199356079 0.436971008777618 0.442304700613022 0.447638392448425 0.452972084283829 0.458305805921555 0.463639497756958 0.468973189592361 0.471016705036163 0.463189750909805 0.455362796783447 0.447535842657089 0.439708888530731 0.431881934404373 0.424054980278015 0.416228026151657 0.413886100053787 0.413372486829758 0.412858903408051 0.412345319986343 0.411831706762314 0.411318123340607 0.410804510116577 0.412207096815109 0.419358134269714 0.426509171724319 0.433660209178925 0.44081124663353 0.447962284088135 0.45511332154274 0.462264358997345 0.465446293354034 0.467305183410645 0.469164073467255 0.471022963523865 0.472881823778152 0.474740713834763
-9999 -9999 -9999 -9999 -9999 -9999 0.445846378803253 0.444106161594391 0.446754515171051 0.450865715742111 0.454976916313171 0.459088116884232 0.463199317455292 0.467310518026352 0.471421748399734 0.472827225923538 0.466115564107895 0.459403872489929 0.452692210674286 0.44598051905632 0.439268857240677 0.432557195425034 0.425845503807068 0.422956138849258 0.421340882778168 0.419725626707077 0.418110370635986 0.416495114564896 0.414879828691483 0.413264572620392 0.414095461368561 0.422264814376831 0.430434167385101 0.438603520393372 0.446772903203964 0.454942256212234 0.463111609220505 0.471280962228775 0.47408527135849 0.475101262331009 0.476117253303528 0.477133244276047 0.478149235248566 0.479165226221085
-9999 -9999 -9999 -9999 -9999 -9999 -9999 0.454252123832703 0.456537991762161 0.459426701068878 0.462315440177917 0.465204149484634 0.468092858791351 0.470981568098068 0.473870307207108 0.474637746810913 0.469041347503662 0.463444948196411 0.45784854888916 0.452252179384232 0.446655780076981 0.44105938076973 0.435462981462479 0.432026207447052 0.429309278726578 0.426592350006104 0.423875421285629 0.421158492565155 0.418441563844681 0.415724635124207 0.415983855724335 0.42517152428627 0.434359192848206 0.443546861410141 0.452734529972076 0.461922198534012 0.471109867095947 0.480297535657883 0.482724279165268 0.482897371053696 0.483070462942123 0.483243554830551 0.483416646718979 0.483589738607407
-9999 -9999 -9999 -9999 -9999 -9999 -9999 -9999 0.466321498155594 0.467987716197968 0.469653934240341 0.471320182085037 0.472986400127411 0.474652618169785 0.476318866014481 0.476448237895966 0.471967130899429 0.467486023902893 0.463004916906357 0.458523809909821 0.454042702913284 0.449561566114426 0.445080459117889 0.441096246242523 0.437277644872665 0.43345907330513 0.429640471935272 0.425821870565414 0.422003269195557 0.418184697628021 0.417872250080109 0.428078234195709 0.43828421831131 0.44849020242691 0.458696156740189 0.468902140855789 0.47910812497139 0.48931410908699 0.491363257169724 0.49069344997406 0.490023642778397 0.489353865385056 0.488684058189392 0.488014250993729
-9999 -9999 -9999 -9999 -9999 -9999 -9999 -9999 -9999 0.476548701524734 0.476992458105087 0.477436184883118 0.47787994146347 0.478323668241501 0.478767395019531 0.47825875878334 0.474892914295197 0.471527099609375 0.468161255121231 0.46479544043541 0.461429595947266 0.458063781261444 0.4546979367733 0.450166285037994 0.445246040821075 0.440325766801834 0.435405522584915 0.430485278367996 0.425565004348755 0.420644760131836 0.41976061463356 0.430984914302826 0.442209213972092 0.453433513641357 0.464657813310623 0.475882112979889 0.487106412649155 0.49833071231842 0.500002264976501 0.498489558696747 0.496976852416992 0.495464146137238 0.493951439857483 0.492438763380051
-9999 -9999 -9999 -9999 -9999 -9999 -9999 -9999 -9999 -9999 0.479939073324203 0.479832798242569 0.479726523160934 0.4796202480793 0.479513943195343 0.478753626346588 0.476031064987183 0.4733085334301 0.470586001873016 0.467863470315933 0.46514093875885 0.462418407201767 0.459695875644684 0.455051243305206 0.449765920639038 0.444480627775192 0.439195305109024 0.433909982442856 0.428624659776688 0.423339366912842 0.422263085842133 0.433813899755478 0.445364743471146 0.456915557384491 0.468466401100159 0.480017244815826 0.491568058729172 0.503118872642517 0.504771590232849 0.503124892711639 0.50147819519043 0.499831527471542 0.498184829950333 0.496538132429123
-9999 -9999 -9999 -9999 -9999 -9999 -9999 -9999 -9999 -9999 -9999 -9999 -9999 -9999 -9999 0.477932810783386 0.475381582975388 0.472830355167389 0.47027912735939 0.467727929353714 0.465176701545715 0.462625473737717 0.460074245929718 0.455751121044159 0.450837343931198 0.445923566818237 0.441009819507599 0.436096042394638 0.431182265281677 0.426268517971039 0.425379574298859 0.436565160751343 0.447750747203827 0.458936363458633 0.470121949911118 0.481307536363602 0.492493122816086 0.503678739070892 0.505671262741089 0.504599511623383 0.503527760505676 0.502455949783325 0.501384198665619 0.500312447547913
-9999 -9999 -9999 -9999 -9999 -9999 -9999 -9999 -9999 -9999 -9999 -9999 -9999 -9999 -9999 0.477112025022507 0.474732100963593 0.472352176904678 0.469972282648087 0.467592358589172 0.465212434530258 0.462832510471344 0.460452616214752 0.456450968980789 0.451908737421036 0.447366535663605 0.442824304103851 0.43828210234642 0.433739870786667 0.429197669029236 0.428496092557907 0.439316421747208 0.450136780738831 0.460957139730453 0.471777498722076 0.482597827911377 0.493418186903 0.504238545894623 0.506570994853973 0.506074130535126 0.505577266216278 0.50508040189743 0.504583537578583 0.50408673286438
-9999 -9999 -9999 -9999 -9999 -9999 -9999 -9999 -9999 -9999 -9999 -9999 -9999 -9999 -9999 0.476291239261627 0.474082618951797 0.47187402844429 0.46966540813446 0.467456787824631 0.465248197317123 0.463039577007294 0.460830986499786 0.457150816917419 0.452980160713196 0.44880947470665 0.444638818502426 0.44046813249588 0.436297476291656 0.432126820087433 0.431612581014633 0.442067682743073 0.452522814273834 0.462977916002274 0.473433017730713 0.483888149261475 0.494343250989914 0.504798352718353 0.507470667362213 0.507548749446869 0.507626831531525 0.507704854011536 0.507782936096191 0.507860958576202
-9999 -9999 -9999 -9999 -9999 -9999 -9999 -9999 -9999 -9999 -9999 -9999 -9999 -9999 -9999 0.475470423698425 0.473433136940002 0.47139585018158 0.469358533620834 0.467321246862411 0.465283930301666 0.463246643543243 0.461209356784821 0.457850694656372 0.454051554203033 0.450252443552017 0.446453332901001 0.442654192447662 0.438855081796646 0.43505597114563 0.434729069471359 0.444818943738937 0.454908818006516 0.464998692274094 0.475088566541672 0.48517844080925 0.495268315076828 0.505358219146729 0.508370399475098 0.509023368358612 0.509676337242126 0.510329306125641 0.510982275009155 0.51163524389267
-9999 -9999 -9999 -9999 -9999 -9999 -9999 -9999 -9999 -9999 -9999 -9999 -9999 -9999 -9999 0.474649637937546 0.472783654928207 0.470917671918869 0.469051659107208 0.46718567609787 0.465319693088531 0.463453710079193 0.461587727069855 0.458550542593002 0.455122977495193 0.451695382595062 0.448267817497253 0.444840252399445 0.441412687301636 0.437985122203827 0.437845587730408 0.447570204734802 0.457294851541519 0.467019468545914 0.476744115352631 0.486468762159348 0.496193379163742 0.505918025970459 0.509270071983337 0.510497987270355 0.511725842952728 0.512953758239746 0.514181673526764 0.515409529209137
-9999 -9999 -9999 -9999 -9999 -9999 -9999 -9999 -9999 -9999 -9999 -9999 -9999 -9999 -9999 -9999 0.473136752843857 0.471673965454102 0.470211207866669 0.468748420476913 0.467285633087158 0.465822875499725 0.46436008810997 0.46195650100708 0.459239274263382 0.456522077322006 0.453804850578308 0.451087653636932 0.448370426893234 0.445653229951859 0.445746541023254 0.454271465539932 0.462796360254288 0.471321284770966 0.479846209287643 0.488371104001999 0.496896028518677 0.505420923233032 0.508766055107117 0.510384619235992 0.512003123760223 0.513621687889099 0.515240252017975 0.516858756542206
-9999 -9999 -9999 -9999 -9999 -9999 -9999 -9999 -9999 -9999 -9999 -9999 -9999 -9999 -9999 -9999 -9999 0.4736647605896 0.472837120294571 0.47200945019722 0.471181809902191 0.47035413980484 0.469526499509811 0.468068569898605 0.466400504112244 0.464732468128204 0.463064432144165 0.461396396160126 0.459728360176086 0.458060324192047 0.458431959152222 0.464922666549683 0.471413373947144 0.477904111146927 0.484394818544388 0.490885525941849 0.49737623333931 0.503866970539093 0.506858348846436 0.508683264255524 0.510508179664612 0.5123330950737 0.514158010482788 0.515982925891876
