data/working_set_collections/6091692-Cassins_Sparrow-M2/1985/lwgnt_avg.asc
NCOLS 265 
NROWS 230 
XLLCORNER -115.5625 
YLLCORNER 24.8333333333333 
CELLSIZE 0.0833333333333333 
NODATA_value -9999 
[rows 0 to 19 of 230, columns 132 to 175 of 265]
-88.0981674194336 -87.6980895996094 -87.3143005371094 -86.9793930053711 -86.6444778442383 -86.3095703125 -85.9746627807617 -85.6397552490234 -85.3048477172852 -84.9699325561523 -85.2483139038086 -85.7311172485352 -86.2139282226562 -86.6967315673828 -87.1795425415039 -87.6623458862305 -88.145149230957 -88.3403091430664 -87.6725158691406 -87.0047225952148 -86.3369369506836 -85.6691436767578 -85.001350402832 -84.3335571289062 -83.6657638549805 -83.4309539794922 -83.3404693603516 -83.2499847412109 -83.1595001220703 -83.0690155029297 -82.9785308837891 -82.8880462646484 -82.7643585205078 -82.5410766601562 -82.3177947998047 -82.0945129394531 -81.8712310791016 -81.64794921875 -81.4246673583984 -81.2013854980469 -80.9167098999023 -80.6115646362305 -80.3064117431641 -80.0012664794922
-88.7669219970703 -88.40380859375 -88.0553588867188 -87.7508926391602 -87.4464263916016 -87.141960144043 -86.8375015258789 -86.5330352783203 -86.2285690307617 -85.9241027832031 -86.1141662597656 -86.4690780639648 -86.8239822387695 -87.1788940429688 -87.5337982177734 -87.8887023925781 -88.2436141967773 -88.3512420654297 -87.7170333862305 -87.0828247070312 -86.448616027832 -85.8144073486328 -85.1801986694336 -84.5459899902344 -83.9117813110352 -83.6912078857422 -83.608512878418 -83.5258255004883 -83.4431304931641 -83.3604431152344 -83.2777481079102 -83.1950607299805 -83.0712356567383 -82.8240127563477 -82.5767822265625 -82.3295593261719 -82.0823364257812 -81.8351058959961 -81.5878829956055 -81.3406600952148 -81.0580291748047 -80.7635955810547 -80.4691619873047 -80.1747283935547
-89.435676574707 -89.1095275878906 -88.7964172363281 -88.5223922729492 -88.2483749389648 -87.9743576049805 -87.7003326416016 -87.4263153076172 -87.1522903442383 -86.8782730102539 -86.9800262451172 -87.20703125 -87.4340438842773 -87.6610488891602 -87.888053894043 -88.1150665283203 -88.3420715332031 -88.362174987793 -87.7615509033203 -87.1609191894531 -86.5602951049805 -85.9596710205078 -85.3590393066406 -84.758415222168 -84.1577911376953 -83.9514617919922 -83.8765640258789 -83.8016662597656 -83.7267684936523 -83.6518707275391 -83.5769729614258 -83.5020751953125 -83.3781127929688 -83.1069412231445 -82.8357696533203 -82.5646057128906 -82.2934341430664 -82.0222702026367 -81.7510986328125 -81.4799270629883 -81.199348449707 -80.9156265258789 -80.6319046020508 -80.3481826782227
-90.1044235229492 -89.8152465820312 -89.5374755859375 -89.2938995361328 -89.0503234863281 -88.8067474365234 -88.5631713867188 -88.3195953369141 -88.0760192871094 -87.8324432373047 -87.8458786010742 -87.9449920654297 -88.0440979003906 -88.1432037353516 -88.242317199707 -88.341423034668 -88.4405364990234 -88.3731079101562 -87.8060607910156 -87.2390213012695 -86.6719741821289 -86.1049346923828 -85.5378875732422 -84.9708480834961 -84.4038009643555 -84.2117156982422 -84.1446075439453 -84.077507019043 -84.0104064941406 -83.9432983398438 -83.8761978149414 -83.8090896606445 -83.6849822998047 -83.3898696899414 -83.0947570800781 -82.7996520996094 -82.5045394897461 -82.2094268798828 -81.9143142700195 -81.6192016601562 -81.3406677246094 -81.0676574707031 -80.7946472167969 -80.5216445922852
-90.7731781005859 -90.5209655761719 -90.2785339355469 -90.0653991699219 -89.8522644042969 -89.6391372680664 -89.4260025024414 -89.2128753662109 -88.9997406005859 -88.7866058349609 -88.7117309570312 -88.6829452514648 -88.6541519165039 -88.6253662109375 -88.5965728759766 -88.5677871704102 -88.5389938354492 -88.3840408325195 -87.8505783081055 -87.3171157836914 -86.7836608886719 -86.2501983642578 -85.7167358398438 -85.1832733154297 -84.6498184204102 -84.4719696044922 -84.4126586914062 -84.3533477783203 -84.2940368652344 -84.2347259521484 -84.1754150390625 -84.1161041259766 -83.9918594360352 -83.6728057861328 -83.3537521362305 -83.0346908569336 -82.7156372070312 -82.3965835571289 -82.077522277832 -81.7584686279297 -81.4819869995117 -81.2196884155273 -80.9573974609375 -80.6950988769531
-91.4419250488281 -91.226692199707 -91.0195922851562 -90.8368988037109 -90.6542129516602 -90.4715270996094 -90.2888412475586 -90.1061553955078 -89.9234619140625 -89.7407760620117 -89.5775909423828 -89.4208984375 -89.2642135620117 -89.1075210571289 -88.9508361816406 -88.7941436767578 -88.6374588012695 -88.3949737548828 -87.8950958251953 -87.3952178955078 -86.8953399658203 -86.3954620361328 -85.8955841064453 -85.3957061767578 -84.8958282470703 -84.7322235107422 -84.6807022094727 -84.6291885375977 -84.5776748657227 -84.5261535644531 -84.4746398925781 -84.4231262207031 -84.2987365722656 -83.9557342529297 -83.6127395629883 -83.2697372436523 -82.9267349243164 -82.583740234375 -82.2407379150391 -81.8977355957031 -81.6233062744141 -81.3717193603516 -81.1201400756836 -80.8685607910156
-91.8271331787109 -91.6304550170898 -91.4403381347656 -91.2699508666992 -91.0995559692383 -90.9291687011719 -90.7587738037109 -90.5883865356445 -90.4179992675781 -90.2476043701172 -90.0356750488281 -89.8099060058594 -89.5841293334961 -89.3583526611328 -89.1325836181641 -88.9068069458008 -88.6810302734375 -88.3938446044922 -87.9224014282227 -87.4509658813477 -86.9795303344727 -86.5080947875977 -86.0366592407227 -85.5652160644531 -85.0937805175781 -84.9306564331055 -84.8703002929688 -84.809944152832 -84.7495880126953 -84.6892318725586 -84.6288833618164 -84.5685272216797 -84.4380035400391 -84.0969619750977 -83.7559280395508 -83.4148864746094 -83.0738525390625 -82.7328109741211 -82.3917770385742 -82.0507354736328 -81.7781219482422 -81.5283050537109 -81.2784881591797 -81.028678894043
-91.9288024902344 -91.7322540283203 -91.5407867431641 -91.3645477294922 -91.1883010864258 -91.0120620727539 -90.8358154296875 -90.6595764160156 -90.4833374023438 -90.3070907592773 -90.0859985351562 -89.8499526977539 -89.6139068603516 -89.3778610229492 -89.1418151855469 -88.9057693481445 -88.6697235107422 -88.3806533813477 -87.9325103759766 -87.4843673706055 -87.0362319946289 -86.5880889892578 -86.1399536132812 -85.6918106079102 -85.2436752319336 -85.067268371582 -84.9814453125 -84.8956146240234 -84.8097915649414 -84.7239685058594 -84.6381378173828 -84.5523147583008 -84.4096527099609 -84.0964813232422 -83.783317565918 -83.4701461791992 -83.1569747924805 -82.8438034057617 -82.530632019043 -82.2174682617188 -81.9464263916016 -81.6894378662109 -81.4324493408203 -81.1754531860352
-92.0304718017578 -91.8340606689453 -91.6412353515625 -91.4591445922852 -91.2770462036133 -91.0949554443359 -90.9128570556641 -90.7307662963867 -90.5486755371094 -90.3665771484375 -90.1363143920898 -89.8899993896484 -89.6436767578125 -89.3973617553711 -89.1510467529297 -88.9047241210938 -88.6584091186523 -88.3674621582031 -87.9426193237305 -87.5177764892578 -87.0929336547852 -86.6680908203125 -86.2432479858398 -85.8184051513672 -85.3935623168945 -85.2038803100586 -85.0925827026367 -84.9812850952148 -84.8699951171875 -84.7586975097656 -84.6473999023438 -84.5361022949219 -84.3813095092773 -84.0960006713867 -83.8106994628906 -83.5253982543945 -83.2400970458984 -82.9547958374023 -82.6694946289062 -82.3841934204102 -82.1147384643555 -81.8505706787109 -81.5864028930664 -81.3222351074219
-92.1321334838867 -91.9358673095703 -91.7416839599609 -91.5537338256836 -91.3657913208008 -91.177848815918 -90.9898986816406 -90.8019561767578 -90.614013671875 -90.4260635375977 -90.186637878418 -89.930046081543 -89.673454284668 -89.416862487793 -89.1602783203125 -88.9036865234375 -88.6470947265625 -88.3542633056641 -87.9527206420898 -87.5511779785156 -87.1496353149414 -86.7480926513672 -86.3465423583984 -85.9449996948242 -85.54345703125 -85.3404922485352 -85.203727722168 -85.0669631958008 -84.9301910400391 -84.7934265136719 -84.6566619873047 -84.519889831543 -84.3529586791992 -84.0955276489258 -83.8380889892578 -83.5806579589844 -83.3232269287109 -83.065788269043 -82.8083572387695 -82.5509185791016 -82.2830505371094 -82.0117034912109 -81.7403564453125 -81.4690093994141
-92.2338027954102 -92.0376739501953 -91.8421249389648 -91.6483306884766 -91.4545364379883 -91.2607421875 -91.0669403076172 -90.8731460571289 -90.6793518066406 -90.4855499267578 -90.2369537353516 -89.9700927734375 -89.7032318115234 -89.4363708496094 -89.1695098876953 -88.9026489257812 -88.6357803344727 -88.3410720825195 -87.9628295898438 -87.5845794677734 -87.2063369750977 -86.8280868530273 -86.4498443603516 -86.0715942382812 -85.6933441162109 -85.4771041870117 -85.3148727416992 -85.1526336669922 -84.9903945922852 -84.8281555175781 -84.6659164428711 -84.5036849975586 -84.3246154785156 -84.0950469970703 -83.865478515625 -83.6359100341797 -83.4063491821289 -83.1767807006836 -82.9472122192383 -82.7176513671875 -82.4513626098633 -82.1728363037109 -81.8943176269531 -81.6157913208008
-92.3354644775391 -92.1394805908203 -91.9425735473633 -91.7429275512695 -91.5432815551758 -91.3436279296875 -91.1439819335938 -90.9443359375 -90.7446899414062 -90.545036315918 -90.2872772216797 -90.010139465332 -89.7330093383789 -89.4558715820312 -89.1787414550781 -88.9016036987305 -88.6244735717773 -88.327880859375 -87.9729309082031 -87.6179809570312 -87.2630386352539 -86.908088684082 -86.5531387329102 -86.1981887817383 -85.8432388305664 -85.6137237548828 -85.4260101318359 -85.2383041381836 -85.0505981445312 -84.8628845214844 -84.675178527832 -84.4874725341797 -84.2962646484375 -84.0945663452148 -83.8928680419922 -83.6911697387695 -83.4894714355469 -83.2877731323242 -83.0860748291016 -82.8843765258789 -82.6196746826172 -82.3339691162109 -82.0482711791992 -81.762565612793
-92.3905944824219 -92.1752395629883 -91.9639892578125 -91.7650451660156 -91.5661087036133 -91.3671722412109 -91.1682357788086 -90.9692993164062 -90.7703552246094 -90.571418762207 -90.3143310546875 -90.0378646850586 -89.7613906860352 -89.4849243164062 -89.2084579467773 -88.9319839477539 -88.655517578125 -88.3628616333008 -88.0216445922852 -87.6804275512695 -87.3392105102539 -86.9979934692383 -86.6567764282227 -86.315559387207 -85.9743423461914 -85.7414398193359 -85.5446548461914 -85.3478622436523 -85.1510696411133 -84.9542770385742 -84.7574844360352 -84.5606918334961 -84.3660583496094 -84.1778945922852 -83.9897308349609 -83.8015670776367 -83.6134033203125 -83.4252395629883 -83.2370758056641 -83.0489120483398 -82.7873992919922 -82.5014343261719 -82.2154693603516 -81.9295043945312
-92.3991851806641 -92.1449508666992 -91.906364440918 -91.7146987915039 -91.5230255126953 -91.3313598632812 -91.1396942138672 -90.9480285644531 -90.7563629150391 -90.5646896362305 -90.3181228637695 -90.0532608032227 -89.7883911132812 -89.5235214233398 -89.2586517333984 -88.9937896728516 -88.7289199829102 -88.4460067749023 -88.1089553833008 -87.7719039916992 -87.4348526000977 -87.0978088378906 -86.7607574462891 -86.4237060546875 -86.0866546630859 -85.8602752685547 -85.670783996582 -85.4813003540039 -85.2918090820312 -85.1023254394531 -84.9128341674805 -84.7233428955078 -84.5339889526367 -84.3450241088867 -84.1560668945312 -83.9671020507812 -83.7781372070312 -83.5891799926758 -83.4002151489258 -83.2112503051758 -82.9545288085938 -82.6752166748047 -82.3959045410156 -82.1165924072266
-92.4077758789062 -92.1146697998047 -91.8487396240234 -91.6643447875977 -91.4799423217773 -91.2955474853516 -91.1111526489258 -90.9267578125 -90.7423629760742 -90.5579681396484 -90.3219146728516 -90.0686492919922 -89.8153839111328 -89.5621185302734 -89.3088531494141 -89.0555877685547 -88.8023223876953 -88.5291519165039 -88.1962738037109 -87.8633880615234 -87.5305023193359 -87.1976165771484 -86.8647384643555 -86.531852722168 -86.1989669799805 -85.9791107177734 -85.7969207763672 -85.6147384643555 -85.4325561523438 -85.2503662109375 -85.0681838989258 -84.8860015869141 -84.7019195556641 -84.5121612548828 -84.3224029541016 -84.1326370239258 -83.9428787231445 -83.7531204223633 -83.5633544921875 -83.3735961914062 -83.1216583251953 -82.8489990234375 -82.5763397216797 -82.3036804199219
-92.4163665771484 -92.0843811035156 -91.7911148071289 -91.6139907836914 -91.4368667602539 -91.2597351074219 -91.0826110839844 -90.9054870605469 -90.7283630371094 -90.5512390136719 -90.3257064819336 -90.0840454101562 -89.8423843383789 -89.600715637207 -89.3590545654297 -89.1173934936523 -88.8757247924805 -88.6122970581055 -88.2835845947266 -87.9548645019531 -87.6261520385742 -87.2974319458008 -86.9687118530273 -86.6399993896484 -86.311279296875 -86.0979385375977 -85.9230575561523 -85.748176574707 -85.5732955932617 -85.3984146118164 -85.2235336303711 -85.0486526489258 -84.8698501586914 -84.6792907714844 -84.4887313842773 -84.2981719970703 -84.1076126098633 -83.9170532226562 -83.7264938354492 -83.5359344482422 -83.2887878417969 -83.0227813720703 -82.7567749023438 -82.4907684326172
-92.4249572753906 -92.0541000366211 -91.7334899902344 -91.5636367797852 -91.3937835693359 -91.2239303588867 -91.054069519043 -90.8842163085938 -90.7143630981445 -90.5445098876953 -90.3294982910156 -90.0994415283203 -89.8693771362305 -89.6393127441406 -89.4092559814453 -89.1791915893555 -88.9491271972656 -88.6954498291016 -88.3708953857422 -88.0463485717773 -87.721794128418 -87.3972473144531 -87.0726928710938 -86.7481460571289 -86.4235916137695 -86.2167739868164 -86.0491943359375 -85.8816146850586 -85.7140426635742 -85.5464630126953 -85.3788833618164 -85.211311340332 -85.0377883911133 -84.8464279174805 -84.6550674438477 -84.4637145996094 -84.2723541259766 -84.0809936523438 -83.8896408081055 -83.6982803344727 -83.455924987793 -83.1965637207031 -82.9372100830078 -82.6778564453125
-92.4335479736328 -92.023811340332 -91.6758651733398 -91.5132827758789 -91.350700378418 -91.188117980957 -91.0255355834961 -90.8629531860352 -90.7003631591797 -90.5377807617188 -90.3332901000977 -90.1148300170898 -89.896369934082 -89.6779098510742 -89.4594573974609 -89.2409973144531 -89.0225372314453 -88.7785949707031 -88.4582138061523 -88.137825012207 -87.8174438476562 -87.4970626831055 -87.1766738891602 -86.8562927246094 -86.5359115600586 -86.3356094360352 -86.1753311157227 -86.0150604248047 -85.8547821044922 -85.6945114135742 -85.5342330932617 -85.3739624023438 -85.2057189941406 -85.013557434082 -84.821403503418 -84.6292495727539 -84.4370880126953 -84.2449340820312 -84.0527801513672 -83.8606185913086 -83.6230545043945 -83.3703460693359 -83.1176452636719 -82.8649444580078
-92.5663223266602 -92.1459655761719 -91.7869033813477 -91.6117324829102 -91.4365539550781 -91.2613830566406 -91.0862045288086 -90.9110260009766 -90.7358551025391 -90.560676574707 -90.3548202514648 -90.1387329101562 -89.9226455688477 -89.7065582275391 -89.4904632568359 -89.2743759155273 -89.0582885742188 -88.8187866210938 -88.5090179443359 -88.1992492675781 -87.8894805908203 -87.5797119140625 -87.2699432373047 -86.9601745605469 -86.6504058837891 -86.4508438110352 -86.2880172729492 -86.1251907348633 -85.9623641967773 -85.7995376586914 -85.6367034912109 -85.473876953125 -85.3046875 -85.1164016723633 -84.9281158447266 -84.7398300170898 -84.5515441894531 -84.3632583618164 -84.1749725341797 -83.986686706543 -83.7507476806641 -83.4989166259766 -83.2470855712891 -82.9952545166016
-92.8232803344727 -92.4205551147461 -92.0666046142578 -91.8589782714844 -91.6513442993164 -91.443717956543 -91.2360916137695 -91.0284576416016 -90.8208312988281 -90.6131973266602 -90.3940811157227 -90.1711349487305 -89.9481887817383 -89.7252426147461 -89.5022964477539 -89.2793502807617 -89.0564041137695 -88.8160171508789 -88.5233154296875 -88.2306137084961 -87.9379119873047 -87.6452026367188 -87.3525009155273 -87.0597991943359 -86.7670974731445 -86.5624923706055 -86.3872528076172 -86.2120132446289 -86.0367736816406 -85.8615341186523 -85.6862945556641 -85.5110549926758 -85.3346939086914 -85.1549453735352 -84.9752044677734 -84.7954559326172 -84.6157150268555 -84.4359664916992 -84.2562255859375 -84.0764770507812 -83.838996887207 -83.5822601318359 -83.3255233764648 -83.0687942504883
