data/working_set_collections/6091692-Cassins_Sparrow-M2/1985/lwgnt_avg.asc
NCOLS 265 
NROWS 230 
XLLCORNER -115.5625 
YLLCORNER 24.8333333333333 
CELLSIZE 0.0833333333333333 
NODATA_value -9999 
[rows 20 to 39 of 230, columns 44 to 87 of 265]
-81.7613296508789 -81.599983215332 -81.4386291503906 -81.2772827148438 -81.1159362792969 -80.95458984375 -80.7932434082031 -80.6318969726562 -80.7394866943359 -80.9367218017578 -81.1339569091797 -81.3311920166016 -81.528434753418 -81.7256698608398 -81.9229049682617 -82.3685760498047 -83.5595397949219 -84.7505035400391 -85.9414672851562 -87.132438659668 -88.3234024047852 -89.5143661499023 -90.7053298950195 -91.0611267089844 -91.1385345458984 -91.2159423828125 -91.2933502197266 -91.3707580566406 -91.4481658935547 -91.5255737304688 -91.7081909179688 -92.2064666748047 -92.7047424316406 -93.2030181884766 -93.7012939453125 -94.1995697021484 -94.6978454589844 -95.1961212158203 -95.2375869750977 -95.1267776489258 -95.0159683227539 -94.9051666259766 -94.7943572998047 -94.6835479736328
-82.8008728027344 -82.6807022094727 -82.5605316162109 -82.4403686523438 -82.320198059082 -82.2000274658203 -82.0798645019531 -81.9596939086914 -82.0414047241211 -82.1904144287109 -82.3394241333008 -82.4884338378906 -82.6374435424805 -82.7864532470703 -82.9354629516602 -83.321533203125 -84.4188003540039 -85.5160675048828 -86.6133346557617 -87.7106018066406 -88.8078689575195 -89.9051361083984 -91.0024032592773 -91.3650512695312 -91.4828186035156 -91.6005935668945 -91.7183685302734 -91.8361358642578 -91.9539108276367 -92.0716857910156 -92.2630004882812 -92.6749725341797 -93.0869369506836 -93.4989013671875 -93.9108657836914 -94.3228378295898 -94.7348022460938 -95.1467666625977 -95.1947402954102 -95.1213836669922 -95.0480270385742 -94.9746704101562 -94.9013137817383 -94.8279571533203
-83.8404083251953 -83.7614212036133 -83.6824340820312 -83.6034469604492 -83.5244598388672 -83.4454727172852 -83.3664779663086 -83.2874908447266 -83.3433303833008 -83.4441146850586 -83.5448913574219 -83.6456756591797 -83.746452331543 -83.8472366333008 -83.9480209350586 -84.2744979858398 -85.2780609130859 -86.2816314697266 -87.2852020263672 -88.2887725830078 -89.2923355102539 -90.2959060668945 -91.2994766235352 -91.6689682006836 -91.8271102905273 -91.9852447509766 -92.1433792114258 -92.3015213012695 -92.4596557617188 -92.617790222168 -92.8178100585938 -93.1434707641602 -93.469123840332 -93.7947845458984 -94.1204376220703 -94.4460983276367 -94.7717514038086 -95.097412109375 -95.1518936157227 -95.1159896850586 -95.0800857543945 -95.0441741943359 -95.0082702636719 -94.9723663330078
-84.8799514770508 -84.8421478271484 -84.8043365478516 -84.7665252685547 -84.7287216186523 -84.6909103393555 -84.6530990600586 -84.6152954101562 -84.6452560424805 -84.6978073120117 -84.750358581543 -84.8029174804688 -84.85546875 -84.9080200195312 -84.9605712890625 -85.2274551391602 -86.1373291015625 -87.0471954345703 -87.9570693969727 -88.8669357299805 -89.7768096923828 -90.6866760253906 -91.596549987793 -91.9728927612305 -92.1713943481445 -92.3698959350586 -92.5683975219727 -92.7668991088867 -92.9654006958008 -93.1639022827148 -93.3726196289062 -93.6119689941406 -93.851318359375 -94.0906600952148 -94.3300094604492 -94.5693588256836 -94.808708190918 -95.0480575561523 -95.1090469360352 -95.110595703125 -95.1121368408203 -95.1136856079102 -95.1152267456055 -95.1167755126953
-85.1123733520508 -85.1501770019531 -85.1879806518555 -85.2257766723633 -85.2635803222656 -85.301383972168 -85.3391876220703 -85.3769836425781 -85.4551162719727 -85.5466842651367 -85.6382598876953 -85.7298278808594 -85.821403503418 -85.9129791259766 -86.0045471191406 -86.2833023071289 -87.1235961914062 -87.9638900756836 -88.8041839599609 -89.6444778442383 -90.4847793579102 -91.3250732421875 -92.1653671264648 -92.5253143310547 -92.7251434326172 -92.9249725341797 -93.1248016357422 -93.3246307373047 -93.5244522094727 -93.7242813110352 -93.9186401367188 -94.0965805053711 -94.2745132446289 -94.4524536132812 -94.6303939819336 -94.8083267211914 -94.9862670898438 -95.1642074584961 -95.2068557739258 -95.2044067382812 -95.2019653320312 -95.1995239257812 -95.1970748901367 -95.1946334838867
-84.5376739501953 -84.6855163574219 -84.8333587646484 -84.981201171875 -85.1290435791016 -85.2768859863281 -85.4247283935547 -85.5725708007812 -85.7729110717773 -85.9907531738281 -86.2085876464844 -86.4264221191406 -86.6442642211914 -86.8620986938477 -87.0799331665039 -87.442024230957 -88.2368698120117 -89.0317153930664 -89.8265609741211 -90.6213989257812 -91.4162445068359 -92.2110900878906 -93.0059356689453 -93.3262329101562 -93.4883499145508 -93.6504669189453 -93.8125839233398 -93.9747009277344 -94.1368179321289 -94.2989349365234 -94.4558715820312 -94.597297668457 -94.7387237548828 -94.8801498413086 -95.0215759277344 -95.1630020141602 -95.3044281005859 -95.4458541870117 -95.4453048706055 -95.3974304199219 -95.3495559692383 -95.3016891479492 -95.2538146972656 -95.205940246582
-83.9629821777344 -84.2208633422852 -84.4787445068359 -84.7366333007812 -84.994514465332 -85.2523956298828 -85.5102767944336 -85.7681655883789 -86.0907135009766 -86.434814453125 -86.7789154052734 -87.1230163574219 -87.4671249389648 -87.8112258911133 -88.1553268432617 -88.6007537841797 -89.3501434326172 -90.0995407104492 -90.8489303588867 -91.5983200073242 -92.3477172851562 -93.0971069335938 -93.8465042114258 -94.1271514892578 -94.2515563964844 -94.3759613037109 -94.5003662109375 -94.6247711181641 -94.7491760253906 -94.8735809326172 -94.9931106567383 -95.0980224609375 -95.2029418945312 -95.3078536987305 -95.4127655029297 -95.5176773071289 -95.6225967407227 -95.7275085449219 -95.6837615966797 -95.5904541015625 -95.4971542358398 -95.4038543701172 -95.310546875 -95.2172470092773
-83.3882827758789 -83.7562026977539 -84.1241302490234 -84.492057800293 -84.859977722168 -85.2279052734375 -85.5958251953125 -85.963752746582 -86.4085083007812 -86.8788757324219 -87.3492431640625 -87.8196105957031 -88.2899780273438 -88.7603454589844 -89.230712890625 -89.7594757080078 -90.4634170532227 -91.1673583984375 -91.8712997436523 -92.5752410888672 -93.279182434082 -93.9831237792969 -94.6870651245117 -94.9280700683594 -95.014762878418 -95.1014556884766 -95.1881484985352 -95.2748413085938 -95.3615341186523 -95.4482269287109 -95.5303421020508 -95.598747253418 -95.6671524047852 -95.7355499267578 -95.803955078125 -95.8723526000977 -95.9407577514648 -96.009162902832 -95.9222106933594 -95.7834777832031 -95.6447448730469 -95.5060195922852 -95.3672866821289 -95.2285537719727
-82.8135833740234 -83.2915496826172 -83.7695159912109 -84.2474822998047 -84.7254409790039 -85.2034072875977 -85.6813735961914 -86.1593399047852 -86.7263031005859 -87.3229370117188 -87.9195709228516 -88.5162048339844 -89.1128387451172 -89.70947265625 -90.3061065673828 -90.9182052612305 -91.5766906738281 -92.2351837158203 -92.8936767578125 -93.5521621704102 -94.2106552124023 -94.8691482543945 -95.5276336669922 -95.7289962768555 -95.7779769897461 -95.8269500732422 -95.8759307861328 -95.9249114990234 -95.9738922119141 -96.0228729248047 -96.0675811767578 -96.0994720458984 -96.1313629150391 -96.1632537841797 -96.1951446533203 -96.2270355224609 -96.2589263916016 -96.2908172607422 -96.1606674194336 -95.9765014648438 -95.7923431396484 -95.6081848144531 -95.4240188598633 -95.239860534668
-82.238883972168 -82.8268890380859 -83.4148941040039 -84.0029067993164 -84.5909118652344 -85.1789169311523 -85.7669219970703 -86.3549270629883 -87.0441055297852 -87.7670059204102 -88.4898986816406 -89.2127990722656 -89.9356994628906 -90.6585998535156 -91.3814926147461 -92.0769271850586 -92.6899642944336 -93.3030090332031 -93.9160461425781 -94.5290832519531 -95.1421279907227 -95.7551651000977 -96.3682022094727 -96.529914855957 -96.5411834716797 -96.5524520874023 -96.5637130737305 -96.5749816894531 -96.5862503051758 -96.5975189208984 -96.6048126220703 -96.6001892089844 -96.595573425293 -96.590950012207 -96.5863265991211 -96.5817108154297 -96.5770874023438 -96.5724639892578 -96.3991165161133 -96.1695251464844 -95.9399337768555 -95.7103500366211 -95.4807586669922 -95.2511672973633
-82.3150939941406 -82.8800888061523 -83.4450759887695 -84.0100708007812 -84.575065612793 -85.1400527954102 -85.7050476074219 -86.2700347900391 -86.9621276855469 -87.6965789794922 -88.4310302734375 -89.1654815673828 -89.8999328613281 -90.6343841552734 -91.3688354492188 -92.0787963867188 -92.7153091430664 -93.3518218994141 -93.9883346557617 -94.6248474121094 -95.261360168457 -95.8978805541992 -96.5343933105469 -96.7214813232422 -96.7587585449219 -96.7960433959961 -96.8333206176758 -96.87060546875 -96.9078826904297 -96.9451675415039 -96.9635696411133 -96.9253463745117 -96.8871154785156 -96.8488922119141 -96.8106689453125 -96.7724380493164 -96.7342147827148 -96.6959915161133 -96.5014038085938 -96.2547073364258 -96.0080032348633 -95.7612991333008 -95.5146026611328 -95.2678985595703
-83.0422210693359 -83.4511413574219 -83.8600616455078 -84.2689819335938 -84.6779022216797 -85.0868225097656 -85.4957504272461 -85.904670715332 -86.4803695678711 -87.1116561889648 -87.7429504394531 -88.3742446899414 -89.0055313110352 -89.6368255615234 -90.2681198120117 -90.9238128662109 -91.6527252197266 -92.3816375732422 -93.1105499267578 -93.8394622802734 -94.5683746337891 -95.2972869873047 -96.0261993408203 -96.3036880493164 -96.4307098388672 -96.557731628418 -96.6847534179688 -96.8117752075195 -96.9387893676758 -97.0658111572266 -97.1438522338867 -97.0749282836914 -97.0060043334961 -96.9370803833008 -96.8681564331055 -96.7992324829102 -96.7303085327148 -96.6613845825195 -96.467529296875 -96.2320404052734 -95.9965438842773 -95.7610473632812 -95.5255584716797 -95.2900619506836
-83.7693405151367 -84.0221939086914 -84.2750396728516 -84.5278930664062 -84.7807464599609 -85.0335922241211 -85.2864456176758 -85.5392990112305 -85.9986114501953 -86.526741027832 -87.0548706054688 -87.5830078125 -88.1111373901367 -88.6392669677734 -89.1674041748047 -89.7688293457031 -90.5901412963867 -91.4114456176758 -92.2327575683594 -93.054069519043 -93.8753814697266 -94.6966934204102 -95.5179977416992 -95.8859024047852 -96.1026611328125 -96.3194198608398 -96.5361785888672 -96.7529373168945 -96.9697036743164 -97.1864624023438 -97.3241271972656 -97.2245025634766 -97.124885559082 -97.025260925293 -96.9256439208984 -96.8260192871094 -96.7263946533203 -96.6267776489258 -96.4336547851562 -96.2093658447266 -95.9850845336914 -95.7607955932617 -95.536506652832 -95.3122253417969
-84.4964599609375 -84.5932388305664 -84.6900253295898 -84.7868041992188 -84.8835830688477 -84.9803695678711 -85.0771484375 -85.1739273071289 -85.5168533325195 -85.9418258666992 -86.3667984008789 -86.7917709350586 -87.2167434692383 -87.641716003418 -88.0666885375977 -88.6138381958008 -89.5275497436523 -90.4412612915039 -91.3549728393555 -92.2686767578125 -93.1823883056641 -94.0960998535156 -95.0098037719727 -95.4681091308594 -95.7746124267578 -96.0811080932617 -96.3876113891602 -96.6941070556641 -97.0006103515625 -97.3071060180664 -97.5044021606445 -97.3740844726562 -97.243766784668 -97.1134490966797 -96.9831314086914 -96.8528060913086 -96.7224884033203 -96.592170715332 -96.3997802734375 -96.1866989135742 -95.9736251831055 -95.7605438232422 -95.5474624633789 -95.3343811035156
-85.2235794067383 -85.1642913818359 -85.1050033569336 -85.0457153320312 -84.9864273071289 -84.9271392822266 -84.8678512573242 -84.8085632324219 -85.0350952148438 -85.3569107055664 -85.6787185668945 -86.0005340576172 -86.3223419189453 -86.644157409668 -86.9659729003906 -87.458854675293 -88.4649658203125 -89.4710693359375 -90.477180480957 -91.4832916259766 -92.4893951416016 -93.4955062866211 -94.5016098022461 -95.0503158569336 -95.4465560913086 -95.8427963256836 -96.2390365600586 -96.6352767944336 -97.0315170288086 -97.4277572631836 -97.684684753418 -97.5236663818359 -97.3626480102539 -97.2016296386719 -97.0406112670898 -96.8796005249023 -96.7185821533203 -96.5575637817383 -96.3659057617188 -96.1640319824219 -95.962158203125 -95.7602920532227 -95.5584182739258 -95.3565444946289
-85.9506988525391 -85.7353439331055 -85.5199813842773 -85.3046264648438 -85.0892639160156 -84.873908996582 -84.6585464477539 -84.4431915283203 -84.553337097168 -84.7719955444336 -84.9906463623047 -85.2092971801758 -85.4279479980469 -85.646598815918 -85.8652572631836 -86.3038711547852 -87.4023742675781 -88.5008850097656 -89.5993881225586 -90.6978988647461 -91.7964019775391 -92.8949127197266 -93.9934158325195 -94.6325302124023 -95.1185073852539 -95.6044845581055 -96.0904693603516 -96.5764465332031 -97.0624237060547 -97.5484085083008 -97.8649597167969 -97.6732482910156 -97.4815292358398 -97.2898178100586 -97.0980987548828 -96.9063873291016 -96.7146682739258 -96.5229568481445 -96.33203125 -96.1413650512695 -95.9506988525391 -95.7600402832031 -95.5693740844727 -95.3787078857422
-86.8472213745117 -86.4416427612305 -86.0360641479492 -85.630485534668 -85.2249069213867 -84.8193283081055 -84.4137420654297 -84.0081634521484 -84.0740737915039 -84.2971496582031 -84.5202178955078 -84.743293762207 -84.9663619995117 -85.1894378662109 -85.4125061035156 -85.8624038696289 -86.9927673339844 -88.1231307983398 -89.2534942626953 -90.3838653564453 -91.5142288208008 -92.6445922851562 -93.7749557495117 -94.4513931274414 -94.9765167236328 -95.5016479492188 -96.0267715454102 -96.5518951416016 -97.0770263671875 -97.6021499633789 -97.9468002319336 -97.7500381469727 -97.5532760620117 -97.3565139770508 -97.1597442626953 -96.9629821777344 -96.7662200927734 -96.5694580078125 -96.3752975463867 -96.182014465332 -95.9887237548828 -95.7954406738281 -95.6021499633789 -95.4088668823242
-87.9131393432617 -87.2831878662109 -86.6532363891602 -86.0232849121094 -85.3933334350586 -84.7633895874023 -84.1334381103516 -83.5034866333008 -83.5973052978516 -83.932373046875 -84.267448425293 -84.6025161743164 -84.9375839233398 -85.2726593017578 -85.6077270507812 -86.1344528198242 -87.2361373901367 -88.3378143310547 -89.4394989013672 -90.5411834716797 -91.6428680419922 -92.7445449829102 -93.8462295532227 -94.5069122314453 -95.0205917358398 -95.5342712402344 -96.0479507446289 -96.5616302490234 -97.075309753418 -97.5889892578125 -97.9302062988281 -97.7540435791016 -97.577880859375 -97.4017181396484 -97.2255554199219 -97.0493927001953 -96.8732223510742 -96.6970596313477 -96.4957122802734 -96.2859725952148 -96.0762329101562 -95.8664932250977 -95.6567535400391 -95.4470138549805
-88.9790496826172 -88.1247329711914 -87.2704086303711 -86.4160919189453 -85.561767578125 -84.7074508666992 -83.8531265258789 -82.9988098144531 -83.1205291748047 -83.5676040649414 -84.0146713256836 -84.4617385864258 -84.9088134765625 -85.3558807373047 -85.8029479980469 -86.4065017700195 -87.4794998168945 -88.5525054931641 -89.6255035400391 -90.6985015869141 -91.7714996337891 -92.8445053100586 -93.9175033569336 -94.5624313354492 -95.0646591186523 -95.56689453125 -96.0691299438477 -96.5713653564453 -97.0735931396484 -97.5758285522461 -97.9136123657227 -97.7580490112305 -97.6024856567383 -97.4469223022461 -97.2913589477539 -97.1357955932617 -96.9802322387695 -96.8246688842773 -96.6161346435547 -96.3899383544922 -96.1637496948242 -95.9375534057617 -95.7113571166992 -95.4851684570312
-90.0449676513672 -88.9662780761719 -87.8875885009766 -86.8088912963867 -85.7302017211914 -84.6515121459961 -83.5728225708008 -82.4941329956055 -82.6437606811523 -83.2028274536133 -83.7618942260742 -84.3209686279297 -84.8800354003906 -85.4391021728516 -85.9981689453125 -86.6785507202148 -87.7228698730469 -88.7671890258789 -89.8115081787109 -90.8558197021484 -91.9001388549805 -92.9444580078125 -93.9887771606445 -94.6179428100586 -95.1087341308594 -95.5995178222656 -96.0903091430664 -96.5810928344727 -97.0718841552734 -97.5626678466797 -97.8970184326172 -97.7620544433594 -97.6270904541016 -97.4921264648438 -97.3571624755859 -97.2221984863281 -97.0872344970703 -96.9522705078125 -96.7365493774414 -96.4939041137695 -96.2512588500977 -96.0086135864258 -95.7659606933594 -95.5233154296875
