data/working_set_collections/6091692-Cassins_Sparrow-M2/1985/lwgnt_avg.asc
NCOLS 265 
NROWS 230 
XLLCORNER -115.5625 
YLLCORNER 24.8333333333333 
CELLSIZE 0.0833333333333333 
NODATA_value -9999 
[rows 40 to 59 of 230, columns 0 to 43 of 265]
-95.5185317993164 -95.8124084472656 -96.1062850952148 -96.4001617431641 -96.6940383911133 -96.987922668457 -97.2817993164062 -97.7380218505859 -98.2483596801758 -98.7586975097656 -99.2690353393555 -99.7793731689453 -100.289710998535 -100.800048828125 -101.069221496582 -100.614929199219 -100.160636901855 -99.7063446044922 -99.2520523071289 -98.7977600097656 -98.3434677124023 -97.8891754150391 -97.6857376098633 -97.5659103393555 -97.4460906982422 -97.3262710571289 -97.2064514160156 -97.0866317749023 -96.9668045043945 -96.8747634887695 -96.8660430908203 -96.8573303222656 -96.8486099243164 -96.8398895263672 -96.831169128418 -96.8224563598633 -96.8137359619141 -96.2740631103516 -95.5574111938477 -94.8407592773438 -94.1240997314453 -93.4074478149414 -92.6907958984375 -91.9741363525391
-95.8191604614258 -96.1150131225586 -96.4108581542969 -96.7067108154297 -97.0025634765625 -97.2984161376953 -97.5942611694336 -98.0381240844727 -98.5313262939453 -99.0245208740234 -99.5177230834961 -100.010917663574 -100.504119873047 -100.99732208252 -101.264747619629 -100.854873657227 -100.44499206543 -100.035118103027 -99.6252365112305 -99.2153625488281 -98.8054809570312 -98.3956069946289 -98.1893920898438 -98.0510635375977 -97.9127349853516 -97.7744064331055 -97.6360778808594 -97.4977493286133 -97.3594207763672 -97.2245941162109 -97.1002655029297 -96.9759368896484 -96.8516082763672 -96.7272796630859 -96.6029510498047 -96.4786148071289 -96.3542861938477 -95.9467544555664 -95.4448089599609 -94.94287109375 -94.4409332275391 -93.9389877319336 -93.4370498657227 -92.9351119995117
-96.1691284179688 -96.4541091918945 -96.7390899658203 -97.0240707397461 -97.3090515136719 -97.5940322875977 -97.8790130615234 -98.3056259155273 -98.7794570922852 -99.2532806396484 -99.7271041870117 -100.20093536377 -100.674758911133 -101.148582458496 -101.410949707031 -101.038917541504 -100.666893005371 -100.294868469238 -99.9228439331055 -99.5508193969727 -99.1787872314453 -98.8067626953125 -98.5999603271484 -98.4482345581055 -98.2965087890625 -98.144775390625 -97.993049621582 -97.8413238525391 -97.6895980834961 -97.5266494750977 -97.3300476074219 -97.1334457397461 -96.9368438720703 -96.7402420043945 -96.5436477661133 -96.3470458984375 -96.1504440307617 -95.8175659179688 -95.4392623901367 -95.0609664916992 -94.6826629638672 -94.3043594360352 -93.9260635375977 -93.5477600097656
-96.5684432983398 -96.8297119140625 -97.0909729003906 -97.3522415161133 -97.6135101318359 -97.8747787475586 -98.1360473632812 -98.54052734375 -98.9927444458008 -99.4449691772461 -99.8971862792969 -100.349403381348 -100.801620483398 -101.253845214844 -101.507820129395 -101.167083740234 -100.826347351074 -100.48560333252 -100.144866943359 -99.8041305541992 -99.4633865356445 -99.1226501464844 -98.9174499511719 -98.7574310302734 -98.597412109375 -98.4373931884766 -98.2773742675781 -98.1173553466797 -97.9573364257812 -97.7809371948242 -97.5554046630859 -97.3298721313477 -97.1043319702148 -96.8787994384766 -96.6532669067383 -96.4277267456055 -96.2021942138672 -95.8865051269531 -95.540771484375 -95.1950378417969 -94.8492965698242 -94.5035629272461 -94.157829284668 -93.8120880126953
-96.9677505493164 -97.2053070068359 -97.4428634643555 -97.680419921875 -97.91796875 -98.1555252075195 -98.3930816650391 -98.7754287719727 -99.2060394287109 -99.6366500854492 -100.067260742188 -100.49787902832 -100.928489685059 -101.359100341797 -101.604698181152 -101.29524230957 -100.985794067383 -100.676345825195 -100.366889953613 -100.057441711426 -99.7479858398438 -99.4385375976562 -99.2349395751953 -99.0666275024414 -98.898323059082 -98.7300109863281 -98.5616989135742 -98.3933868408203 -98.2250747680664 -98.0352249145508 -97.78076171875 -97.5262908935547 -97.2718200683594 -97.0173492431641 -96.7628860473633 -96.508415222168 -96.2539443969727 -95.955451965332 -95.6422805786133 -95.3291091918945 -95.0159378051758 -94.702766418457 -94.3895950317383 -94.0764236450195
-97.3670654296875 -97.5809020996094 -97.7947463989258 -98.0085906982422 -98.2224273681641 -98.4362716674805 -98.6501159667969 -99.0103302001953 -99.4193344116211 -99.8283386230469 -100.237342834473 -100.646347045898 -101.055351257324 -101.46435546875 -101.701568603516 -101.423408508301 -101.145240783691 -100.867080688477 -100.588912963867 -100.310752868652 -100.032585144043 -99.7544250488281 -99.5524291992188 -99.3758316040039 -99.1992263793945 -99.0226287841797 -98.8460235595703 -98.6694183349609 -98.4928207397461 -98.2895202636719 -98.0061111450195 -97.7227096557617 -97.4393081665039 -97.1559066772461 -96.8725051879883 -96.5890960693359 -96.3056945800781 -96.0243911743164 -95.743782043457 -95.4631805419922 -95.1825714111328 -94.9019622802734 -94.6213607788086 -94.3407516479492
-97.7663726806641 -97.9565048217773 -98.1466293334961 -98.3367614746094 -98.5268859863281 -98.7170181274414 -98.9071502685547 -99.245231628418 -99.6326293945312 -100.020027160645 -100.407424926758 -100.794822692871 -101.182220458984 -101.569618225098 -101.798446655273 -101.551567077637 -101.304695129395 -101.057815551758 -100.810943603516 -100.564064025879 -100.317184448242 -100.0703125 -99.8699188232422 -99.6850280761719 -99.5001373291016 -99.3152389526367 -99.1303482055664 -98.9454574584961 -98.7605590820312 -98.5438079833984 -98.2314682006836 -97.9191360473633 -97.6067962646484 -97.2944564819336 -96.9821243286133 -96.6697845458984 -96.3574447631836 -96.0933303833008 -95.8452911376953 -95.5972442626953 -95.3492050170898 -95.1011657714844 -94.8531265258789 -94.6050796508789
-98.1656875610352 -98.3320999145508 -98.4985198974609 -98.6649322509766 -98.8313522338867 -98.9977645874023 -99.164176940918 -99.4801254272461 -99.8459167480469 -100.211708068848 -100.577499389648 -100.943290710449 -101.30908203125 -101.674873352051 -101.895317077637 -101.679733276367 -101.464141845703 -101.248550415039 -101.03296661377 -100.817375183105 -100.601783752441 -100.386199951172 -100.18741607666 -99.9942245483398 -99.8010406494141 -99.6078567504883 -99.4146728515625 -99.2214889526367 -99.0283050537109 -98.798095703125 -98.4568252563477 -98.1155548095703 -97.774284362793 -97.4330139160156 -97.0917434692383 -96.7504653930664 -96.4091949462891 -96.1622695922852 -95.9467926025391 -95.731315612793 -95.5158386230469 -95.3003616333008 -95.0848846435547 -94.8694076538086
-98.604850769043 -98.737190246582 -98.8695297241211 -99.0018692016602 -99.1342086791992 -99.2665481567383 -99.3988876342773 -99.6788864135742 -100.008110046387 -100.337333679199 -100.666557312012 -100.995780944824 -101.325004577637 -101.654228210449 -101.856155395508 -101.676193237305 -101.496238708496 -101.316276550293 -101.13631439209 -100.956352233887 -100.776390075684 -100.596435546875 -100.404525756836 -100.208641052246 -100.012748718262 -99.8168640136719 -99.620979309082 -99.4250869750977 -99.2292022705078 -98.9960479736328 -98.6510696411133 -98.3060989379883 -97.9611282348633 -97.6161575317383 -97.2711868286133 -96.9262161254883 -96.5812454223633 -96.3441009521484 -96.1428909301758 -95.9416809082031 -95.740478515625 -95.5392684936523 -95.3380661010742 -95.1368560791016
-99.0838775634766 -99.1717758178711 -99.2596740722656 -99.3475723266602 -99.4354705810547 -99.5233688354492 -99.6112670898438 -99.8415145874023 -100.119209289551 -100.396903991699 -100.674598693848 -100.952293395996 -101.229988098145 -101.507682800293 -101.680953979492 -101.540962219238 -101.400970458984 -101.26097869873 -101.120986938477 -100.980995178223 -100.841003417969 -100.701011657715 -100.521263122559 -100.328262329102 -100.135261535645 -99.9422607421875 -99.7492599487305 -99.5562591552734 -99.3632583618164 -99.1376495361328 -98.8142166137695 -98.4907760620117 -98.1673431396484 -97.8439025878906 -97.5204696655273 -97.1970291137695 -96.8735885620117 -96.6388092041016 -96.4335784912109 -96.2283401489258 -96.0231094360352 -95.8178787231445 -95.6126480102539 -95.4074172973633
-99.5629043579102 -99.6063613891602 -99.6498184204102 -99.6932754516602 -99.7367324829102 -99.7801895141602 -99.8236465454102 -100.004135131836 -100.23030090332 -100.456466674805 -100.682632446289 -100.908805847168 -101.134971618652 -101.361137390137 -101.505752563477 -101.405731201172 -101.305709838867 -101.205688476562 -101.105659484863 -101.005638122559 -100.905616760254 -100.805587768555 -100.638000488281 -100.447883605957 -100.257774353027 -100.067657470703 -99.8775482177734 -99.6874313354492 -99.4973220825195 -99.2792587280273 -98.9773559570312 -98.6754531860352 -98.3735504150391 -98.071647644043 -97.7697448730469 -97.4678421020508 -97.1659393310547 -96.9335174560547 -96.7242584228516 -96.515007019043 -96.3057479858398 -96.0964889526367 -95.8872299194336 -95.6779708862305
-100.041931152344 -100.040946960449 -100.039962768555 -100.03897857666 -100.037994384766 -100.037010192871 -100.036026000977 -100.166763305664 -100.341400146484 -100.516036987305 -100.690673828125 -100.865310668945 -101.039947509766 -101.21459197998 -101.330551147461 -101.270500183105 -101.210441589355 -101.150390625 -101.09033203125 -101.030281066895 -100.970222473145 -100.910171508789 -100.754737854004 -100.567512512207 -100.38028717041 -100.193061828613 -100.005828857422 -99.818603515625 -99.6313781738281 -99.4208679199219 -99.140495300293 -98.8601303100586 -98.5797576904297 -98.2993927001953 -98.0190200805664 -97.738655090332 -97.4582824707031 -97.2282257080078 -97.0149459838867 -96.8016662597656 -96.58837890625 -96.3750991821289 -96.1618118286133 -95.9485321044922
-100.520957946777 -100.475532531738 -100.430107116699 -100.38468170166 -100.339256286621 -100.293830871582 -100.248405456543 -100.329383850098 -100.452491760254 -100.57559967041 -100.698715209961 -100.821823120117 -100.944931030273 -101.06803894043 -101.155349731445 -101.135269165039 -101.115180969238 -101.095092773438 -101.075012207031 -101.05492401123 -101.03483581543 -101.014747619629 -100.871475219727 -100.687133789062 -100.502792358398 -100.318458557129 -100.134117126465 -99.9497756958008 -99.7654418945312 -99.5624771118164 -99.3036422729492 -99.044807434082 -98.7859725952148 -98.5271377563477 -98.2683029174805 -98.0094680786133 -97.7506332397461 -97.5229415893555 -97.3056335449219 -97.0883255004883 -96.8710174560547 -96.6537094116211 -96.4364013671875 -96.2190933227539
-100.999977111816 -100.910118103027 -100.820251464844 -100.73038482666 -100.640518188477 -100.550651550293 -100.460784912109 -100.492004394531 -100.563591003418 -100.63516998291 -100.706748962402 -100.778335571289 -100.849914550781 -100.921493530273 -100.98014831543 -101.000030517578 -101.019920349121 -101.03980255127 -101.059684753418 -101.079566955566 -101.099449157715 -101.119331359863 -100.988212585449 -100.806762695312 -100.625305175781 -100.443855285645 -100.262405395508 -100.080947875977 -99.8994979858398 -99.7040863037109 -99.4667816162109 -99.2294769287109 -98.9921798706055 -98.7548751831055 -98.517578125 -98.2802734375 -98.0429763793945 -97.8176498413086 -97.5963134765625 -97.3749847412109 -97.1536483764648 -96.9323196411133 -96.7109832763672 -96.4896469116211
-101.469581604004 -101.359748840332 -101.24991607666 -101.140083312988 -101.030242919922 -100.92041015625 -100.810577392578 -100.801834106445 -100.826797485352 -100.851753234863 -100.876708984375 -100.901672363281 -100.926628112793 -100.951583862305 -100.980827331543 -101.022911071777 -101.064994812012 -101.107078552246 -101.14916229248 -101.191246032715 -101.233329772949 -101.275421142578 -101.153114318848 -100.976020812988 -100.798927307129 -100.62183380127 -100.44474029541 -100.267646789551 -100.090545654297 -99.9001312255859 -99.6697235107422 -99.439323425293 -99.2089233398438 -98.9785232543945 -98.7481231689453 -98.5177230834961 -98.2873229980469 -98.0618286132812 -97.8379745483398 -97.6141204833984 -97.390266418457 -97.1664123535156 -96.9425582885742 -96.7187042236328
-101.929763793945 -101.824432373047 -101.719100952148 -101.61376953125 -101.508438110352 -101.403106689453 -101.297775268555 -101.25887298584 -101.242118835449 -101.225357055664 -101.208595275879 -101.191833496094 -101.175071716309 -101.158309936523 -101.157371520996 -101.203895568848 -101.250411987305 -101.296936035156 -101.343452453613 -101.38996887207 -101.436492919922 -101.483009338379 -101.366195678711 -101.194923400879 -101.023658752441 -100.852394104004 -100.681129455566 -100.509857177734 -100.338592529297 -100.150611877441 -99.9124755859375 -99.6743392944336 -99.4362030029297 -99.1980743408203 -98.9599380493164 -98.7218017578125 -98.4836654663086 -98.2554779052734 -98.0306091308594 -97.8057327270508 -97.5808639526367 -97.3559951782227 -97.1311187744141 -96.90625
-102.389938354492 -102.289115905762 -102.188285827637 -102.087463378906 -101.986633300781 -101.885803222656 -101.784980773926 -101.715911865234 -101.657432556152 -101.59895324707 -101.540473937988 -101.482002258301 -101.423522949219 -101.365043640137 -101.333923339844 -101.384872436523 -101.435829162598 -101.486785888672 -101.537742614746 -101.58869934082 -101.6396484375 -101.690605163574 -101.57926940918 -101.41382598877 -101.248390197754 -101.082954406738 -100.917510986328 -100.752075195312 -100.586639404297 -100.401092529297 -100.155227661133 -99.9093551635742 -99.6634902954102 -99.4176177978516 -99.1717529296875 -98.9258804321289 -98.6800155639648 -98.4491271972656 -98.2232437133789 -97.9973526000977 -97.7714614868164 -97.5455780029297 -97.3196868896484 -97.0937957763672
-102.850120544434 -102.753799438477 -102.657470703125 -102.561149597168 -102.464828491211 -102.368507385254 -102.272178649902 -102.172950744629 -102.07275390625 -101.972557067871 -101.872360229492 -101.772163391113 -101.671966552734 -101.571769714355 -101.510467529297 -101.565856933594 -101.621246337891 -101.676643371582 -101.732032775879 -101.787422180176 -101.842811584473 -101.89820098877 -101.792343139648 -101.63272857666 -101.473121643066 -101.313514709473 -101.153900146484 -100.994293212891 -100.834686279297 -100.651573181152 -100.397972106934 -100.144371032715 -99.8907699584961 -99.6371688842773 -99.3835601806641 -99.1299591064453 -98.8763580322266 -98.6427764892578 -98.4158706665039 -98.18896484375 -97.9620590209961 -97.7351531982422 -97.5082473754883 -97.2813415527344
-103.31029510498 -103.218475341797 -103.126655578613 -103.034843444824 -102.943023681641 -102.851203918457 -102.759384155273 -102.629989624023 -102.488075256348 -102.346160888672 -102.204246520996 -102.062324523926 -101.92041015625 -101.778495788574 -101.687019348145 -101.746841430664 -101.806671142578 -101.866493225098 -101.926315307617 -101.986145019531 -102.045967102051 -102.105796813965 -102.005416870117 -101.851631164551 -101.697853088379 -101.544075012207 -101.390289306641 -101.236511230469 -101.082725524902 -100.902061462402 -100.640724182129 -100.379386901855 -100.118049621582 -99.8567123413086 -99.5953750610352 -99.3340377807617 -99.0727005004883 -98.83642578125 -98.6085052490234 -98.3805847167969 -98.1526565551758 -97.9247360229492 -97.6968154907227 -97.4688873291016
-103.770477294922 -103.683158874512 -103.595848083496 -103.508529663086 -103.421211242676 -103.33390045166 -103.24658203125 -103.087028503418 -102.903396606445 -102.719757080078 -102.536125183105 -102.352493286133 -102.16886138916 -101.985221862793 -101.863563537598 -101.927825927734 -101.992088317871 -102.056350708008 -102.12060546875 -102.184867858887 -102.249130249023 -102.31339263916 -102.218490600586 -102.070541381836 -101.922584533691 -101.774635314941 -101.626678466797 -101.478729248047 -101.330772399902 -101.152542114258 -100.88346862793 -100.614402770996 -100.345329284668 -100.076263427734 -99.8071899414062 -99.5381164550781 -99.2690505981445 -99.0300750732422 -98.801139831543 -98.5721969604492 -98.3432540893555 -98.1143188476562 -97.8853759765625 -97.6564407348633
