data/working_set_collections/6091692-Cassins_Sparrow-M2/1985/lwgnt_avg.asc
NCOLS 265 
NROWS 230 
XLLCORNER -115.5625 
YLLCORNER 24.8333333333333 
CELLSIZE 0.0833333333333333 
NODATA_value -9999 
[rows 140 to 159 of 230, columns 176 to 219 of 265]
-86.5723419189453 -86.2614059448242 -85.9504699707031 -85.6394577026367 -85.3282089233398 -85.0169677734375 -84.7057189941406 -84.3944778442383 -84.0832290649414 -83.7719802856445 -83.4607391357422 -83.1577529907227 -82.8575210571289 -82.5572891235352 -82.2570571899414 -81.9568252563477 -81.6565856933594 -81.3563537597656 -81.0659713745117 -80.8051376342773 -80.5442962646484 -80.2834548950195 -80.0226211547852 -79.7617797851562 -79.5009460449219 -79.240104675293 -78.957145690918 -78.6668090820312 -78.3764724731445 -78.0861358642578 -77.7958068847656 -77.5054702758789 -77.2151336669922 -76.8992080688477 -76.5065002441406 -76.1137924194336 -75.7210845947266 -75.3283767700195 -74.9356689453125 -74.5429611206055 -74.1502532958984 -73.7450942993164 -73.3357849121094 -72.9264678955078
-86.5172119140625 -86.1981506347656 -85.8790969848633 -85.561653137207 -85.2490386962891 -84.9364242553711 -84.6238098144531 -84.3111953735352 -83.9985809326172 -83.6859664916992 -83.3733520507812 -83.072395324707 -82.7753219604492 -82.4782562255859 -82.1811828613281 -81.8841094970703 -81.587043762207 -81.2899703979492 -80.9964370727539 -80.7135162353516 -80.4305877685547 -80.1476669311523 -79.86474609375 -79.5818176269531 -79.2988967895508 -79.0159759521484 -78.7350158691406 -78.454704284668 -78.1744003295898 -77.8940887451172 -77.6137847900391 -77.3334732055664 -77.0531692504883 -76.7498168945312 -76.3773498535156 -76.0048904418945 -75.6324234008789 -75.2599563598633 -74.8874893188477 -74.515022277832 -74.1425628662109 -73.7399291992188 -73.3272399902344 -72.91455078125
-86.4620742797852 -86.1349029541016 -85.8077239990234 -85.4838409423828 -85.1698608398438 -84.8558807373047 -84.5418930053711 -84.227912902832 -83.913932800293 -83.5999450683594 -83.2859649658203 -82.9870376586914 -82.6931304931641 -82.3992156982422 -82.1053085327148 -81.8114013671875 -81.5174942016602 -81.2235794067383 -80.9269027709961 -80.6218948364258 -80.3168869018555 -80.0118789672852 -79.7068710327148 -79.4018630981445 -79.0968551635742 -78.7918472290039 -78.5128860473633 -78.2425994873047 -77.9723205566406 -77.7020416259766 -77.4317626953125 -77.1614761352539 -76.8911972045898 -76.6004333496094 -76.2482070922852 -75.8959808349609 -75.5437622070312 -75.191535949707 -74.8393096923828 -74.4870910644531 -74.1348648071289 -73.7347564697266 -73.3186950683594 -72.9026336669922
-86.4069442749023 -86.071647644043 -85.7363510131836 -85.4060363769531 -85.0906829833984 -84.7753372192383 -84.4599838256836 -84.1446304321289 -83.8292770385742 -83.5139312744141 -83.1985778808594 -82.9016799926758 -82.6109313964844 -82.320182800293 -82.0294342041016 -81.7386932373047 -81.4479446411133 -81.1571960449219 -80.8573608398438 -80.5302734375 -80.2031784057617 -79.8760833740234 -79.5489959716797 -79.2219009399414 -78.8948059082031 -78.5677185058594 -78.2907485961914 -78.0305023193359 -77.7702484130859 -77.5099945068359 -77.2497406005859 -76.9894866943359 -76.7292327880859 -76.451042175293 -76.1190643310547 -75.7870788574219 -75.4551010131836 -75.1231155395508 -74.791130065918 -74.4591522216797 -74.1271667480469 -73.7295913696289 -73.3101501464844 -72.8907089233398
-86.3808212280273 -86.0391464233398 -85.6974716186523 -85.3628387451172 -85.0493392944336 -84.7358322143555 -84.4223327636719 -84.1088333129883 -83.7953262329102 -83.4818267822266 -83.1683197021484 -82.8723297119141 -82.5821685791016 -82.2920150756836 -82.0018539428711 -81.7116928100586 -81.4215393066406 -81.1313781738281 -80.8276977539062 -80.4834594726562 -80.1392288208008 -79.7949905395508 -79.4507522583008 -79.1065139770508 -78.7622756958008 -78.4180374145508 -78.1431579589844 -77.8913955688477 -77.6396331787109 -77.3878707885742 -77.1361083984375 -76.8843460083008 -76.6325836181641 -76.3618621826172 -76.0342483520508 -75.7066421508789 -75.379035949707 -75.0514297485352 -74.7238159179688 -74.3962097167969 -74.068603515625 -73.6736450195312 -73.256233215332 -72.8388214111328
-86.3837127685547 -86.0373992919922 -85.6910934448242 -85.354248046875 -85.0458145141602 -84.7373809814453 -84.4289398193359 -84.1205062866211 -83.8120727539062 -83.5036392211914 -83.1952056884766 -82.8989868164062 -82.6068420410156 -82.3147048950195 -82.0225601196289 -81.7304153442383 -81.4382705688477 -81.1461334228516 -80.8379135131836 -80.4814682006836 -80.1250305175781 -79.7685852050781 -79.4121398925781 -79.0556945800781 -78.6992568969727 -78.3428115844727 -78.0700988769531 -77.8252868652344 -77.5804824829102 -77.3356781005859 -77.0908660888672 -76.846061706543 -76.6012573242188 -76.332878112793 -75.9937744140625 -75.654670715332 -75.3155670166016 -74.9764709472656 -74.6373672485352 -74.2982635498047 -73.9591598510742 -73.5669097900391 -73.1569366455078 -72.7469635009766
-86.386604309082 -86.0356521606445 -85.6847076416016 -85.3456573486328 -85.0422897338867 -84.7389221191406 -84.4355545043945 -84.1321868896484 -83.8288192749023 -83.5254516601562 -83.2220840454102 -82.9256439208984 -82.6315155029297 -82.3373947143555 -82.0432662963867 -81.749137878418 -81.4550094604492 -81.1608810424805 -80.8481292724609 -80.4794769287109 -80.1108322143555 -79.7421798706055 -79.37353515625 -79.0048828125 -78.63623046875 -78.2675857543945 -77.9970321655273 -77.7591857910156 -77.5213317871094 -77.2834854125977 -77.0456314086914 -76.8077774047852 -76.5699310302734 -76.3038940429688 -75.9533004760742 -75.6026992797852 -75.2521057128906 -74.9015121459961 -74.550910949707 -74.2003173828125 -73.849723815918 -73.4601745605469 -73.0576400756836 -72.6551132202148
-86.3894958496094 -86.0339126586914 -85.6783294677734 -85.3370666503906 -85.0387649536133 -84.7404632568359 -84.4421615600586 -84.1438598632812 -83.8455581665039 -83.5472640991211 -83.2489624023438 -82.9523010253906 -82.6561889648438 -82.3600845336914 -82.0639724731445 -81.7678604125977 -81.4717483520508 -81.1756362915039 -80.8583374023438 -80.4774856567383 -80.0966339111328 -79.7157745361328 -79.3349227905273 -78.9540710449219 -78.5732116699219 -78.1923599243164 -77.9239730834961 -77.6930770874023 -77.4621810913086 -77.2312850952148 -77.0003967285156 -76.7695007324219 -76.5386047363281 -76.2749099731445 -75.9128189086914 -75.5507278442383 -75.1886444091797 -74.8265533447266 -74.4644622802734 -74.1023712158203 -73.7402801513672 -73.3534393310547 -72.9583511352539 -72.5632553100586
-86.3923873901367 -86.0321655273438 -85.6719436645508 -85.3284759521484 -85.0352401733398 -84.7420043945312 -84.4487762451172 -84.1555404663086 -83.8623046875 -83.5690765380859 -83.2758407592773 -82.9789581298828 -82.6808624267578 -82.3827743530273 -82.0846786499023 -81.7865829467773 -81.4884872436523 -81.1903915405273 -80.8685531616211 -80.4754943847656 -80.0824356079102 -79.6893768310547 -79.2963104248047 -78.9032516479492 -78.5101928710938 -78.1171340942383 -77.8509140014648 -77.6269760131836 -77.4030303955078 -77.1790924072266 -76.9551544189453 -76.7312164306641 -76.5072784423828 -76.2459259033203 -75.8723449707031 -75.4987564086914 -75.1251754760742 -74.751594543457 -74.3780136108398 -74.0044250488281 -73.6308441162109 -73.2467041015625 -72.8590545654297 -72.4713973999023
-86.3952789306641 -86.0304183959961 -85.6655654907227 -85.3198776245117 -85.0317153930664 -84.7435455322266 -84.4553833007812 -84.1672210693359 -83.8790512084961 -83.5908889770508 -83.3027191162109 -83.005615234375 -82.7055358886719 -82.4054641723633 -82.1053848266602 -81.805305480957 -81.5052261352539 -81.2051467895508 -80.8787689208984 -80.473503112793 -80.0682373046875 -79.662971496582 -79.2577056884766 -78.8524398803711 -78.4471740722656 -78.0419082641602 -77.7778549194336 -77.5608673095703 -77.3438873291016 -77.1268997192383 -76.9099197387695 -76.6929321289062 -76.4759521484375 -76.2169418334961 -75.8318634033203 -75.4467849731445 -75.0617141723633 -74.6766357421875 -74.2915573120117 -73.9064788818359 -73.5214080810547 -73.1399765014648 -72.7597579956055 -72.3795394897461
-86.336799621582 -85.9677200317383 -85.5986328125 -85.2507858276367 -84.9666366577148 -84.682487487793 -84.3983459472656 -84.1141967773438 -83.8300476074219 -83.5458984375 -83.2617568969727 -82.9655990600586 -82.6654357910156 -82.3652725219727 -82.0651092529297 -81.7649459838867 -81.4647827148438 -81.1646194458008 -80.8385543823242 -80.4347839355469 -80.0310211181641 -79.6272506713867 -79.2234878540039 -78.8197174072266 -78.4159545898438 -78.0121841430664 -77.7452087402344 -77.5238265991211 -77.3024520874023 -77.0810699462891 -76.8596954345703 -76.638313293457 -76.4169311523438 -76.1531600952148 -75.7621994018555 -75.3712310791016 -74.9802703857422 -74.5893096923828 -74.1983413696289 -73.8073806762695 -73.4164199829102 -73.0393981933594 -72.6670303344727 -72.2946548461914
-86.2169494628906 -85.8440551757812 -85.4711532592773 -85.1211853027344 -84.8400039672852 -84.5588302612305 -84.2776565551758 -83.9964752197266 -83.7153015136719 -83.4341201782227 -83.152946472168 -82.8588943481445 -82.560546875 -82.2621994018555 -81.9638519287109 -81.6655044555664 -81.3671569824219 -81.0688095092773 -80.7479019165039 -80.3593444824219 -79.9707794189453 -79.5822143554688 -79.1936569213867 -78.8050918579102 -78.4165344238281 -78.0279693603516 -77.7529830932617 -77.5158615112305 -77.2787322998047 -77.0416107177734 -76.8044815063477 -76.5673599243164 -76.3302307128906 -76.0545806884766 -75.6633377075195 -75.2720947265625 -74.8808517456055 -74.4896087646484 -74.0983657836914 -73.7071304321289 -73.3158874511719 -72.9449844360352 -72.5808639526367 -72.2167434692383
-86.0971069335938 -85.7203903198242 -85.3436737060547 -84.991584777832 -84.71337890625 -84.435173034668 -84.1569671630859 -83.8787536621094 -83.6005477905273 -83.3223419189453 -83.0441360473633 -82.7521896362305 -82.4556579589844 -82.1591262817383 -81.8625946044922 -81.5660629272461 -81.26953125 -80.9729995727539 -80.6572570800781 -80.2838973999023 -79.9105453491211 -79.5371856689453 -79.1638259887695 -78.7904663085938 -78.417106628418 -78.0437545776367 -77.7607574462891 -77.5078887939453 -77.255012512207 -77.0021438598633 -76.7492752075195 -76.4963989257812 -76.2435302734375 -75.9559936523438 -75.5644760131836 -75.1729507446289 -74.7814331054688 -74.3899154663086 -73.9983901977539 -73.6068725585938 -73.2153549194336 -72.8505706787109 -72.4946975708008 -72.1388320922852
-85.9772567749023 -85.5967254638672 -85.216194152832 -84.8619842529297 -84.5867462158203 -84.3115081787109 -84.0362701416016 -83.7610397338867 -83.4858016967773 -83.210563659668 -82.9353256225586 -82.6454849243164 -82.3507690429688 -82.0560531616211 -81.7613372802734 -81.4666213989258 -81.1719055175781 -80.8771896362305 -80.5666122436523 -80.2084579467773 -79.8503036499023 -79.4921493530273 -79.1339950561523 -78.7758407592773 -78.4176864624023 -78.0595321655273 -77.7685317993164 -77.4999160766602 -77.2313003540039 -76.9626770019531 -76.6940612792969 -76.4254455566406 -76.1568298339844 -75.8574142456055 -75.4656143188477 -75.0738143920898 -74.682014465332 -74.2902145385742 -73.8984146118164 -73.5066146850586 -73.1148147583008 -72.7561569213867 -72.4085388183594 -72.060920715332
-85.8574066162109 -85.4730606079102 -85.0887145996094 -84.7323837280273 -84.4601135253906 -84.1878509521484 -83.9155807495117 -83.6433181762695 -83.3710479736328 -83.0987854003906 -82.8265151977539 -82.5387802124023 -82.2458801269531 -81.9529800415039 -81.6600799560547 -81.3671798706055 -81.0742797851562 -80.781379699707 -80.475959777832 -80.1330108642578 -79.7900619506836 -79.4471130371094 -79.1041641235352 -78.7612152099609 -78.4182662963867 -78.0753173828125 -77.7763061523438 -77.491943359375 -77.2075805664062 -76.9232177734375 -76.6388549804688 -76.3544921875 -76.0701217651367 -75.7588348388672 -75.3667526245117 -74.9746780395508 -74.5825958251953 -74.1905212402344 -73.7984390258789 -73.406364440918 -73.0142822265625 -72.661735534668 -72.3223724365234 -71.9830093383789
-85.7375640869141 -85.3493957519531 -84.9612274169922 -84.602783203125 -84.3334884643555 -84.0641860961914 -83.7948913574219 -83.5255966186523 -83.2563018798828 -82.9870071411133 -82.7177124023438 -82.4320755004883 -82.1409912109375 -81.8499069213867 -81.5588226318359 -81.2677383422852 -80.9766540527344 -80.6855697631836 -80.3853149414062 -80.0575714111328 -79.7298278808594 -79.4020843505859 -79.0743408203125 -78.7465896606445 -78.4188461303711 -78.0911026000977 -77.7840805053711 -77.4839706420898 -77.1838607788086 -76.8837509155273 -76.5836410522461 -76.2835311889648 -75.9834213256836 -75.6602478027344 -75.2678909301758 -74.8755340576172 -74.4831771850586 -74.0908203125 -73.6984634399414 -73.3061065673828 -72.9137496948242 -72.5673217773438 -72.2362060546875 -71.9050979614258
-85.6367340087891 -85.2422332763672 -84.8477325439453 -84.4840698242188 -84.2129135131836 -83.9417495727539 -83.6705932617188 -83.3994369506836 -83.1282730102539 -82.8571166992188 -82.5859603881836 -82.2959442138672 -81.9996490478516 -81.7033462524414 -81.4070510864258 -81.1107559204102 -80.814453125 -80.5181579589844 -80.2164535522461 -79.8985290527344 -79.5805969238281 -79.2626724243164 -78.9447479248047 -78.6268157958984 -78.3088912963867 -77.990966796875 -77.6869964599609 -77.3876800537109 -77.0883636474609 -76.7890472412109 -76.4897308349609 -76.1904144287109 -75.8910980224609 -75.5680694580078 -75.1738967895508 -74.7797241210938 -74.3855438232422 -73.9913711547852 -73.5971984863281 -73.2030258178711 -72.8088531494141 -72.4680862426758 -72.1451263427734 -71.8221588134766
-85.5549163818359 -85.1515655517578 -84.7482147216797 -84.3762435913086 -84.098388671875 -83.8205337524414 -83.5426788330078 -83.2648239135742 -82.9869766235352 -82.7091217041016 -82.431266784668 -82.1303939819336 -81.8218536376953 -81.513313293457 -81.2047729492188 -80.8962326049805 -80.5876922607422 -80.2791519165039 -79.9693756103516 -79.655876159668 -79.3423843383789 -79.0288848876953 -78.7153930664062 -78.4018936157227 -78.0883941650391 -77.77490234375 -77.4850387573242 -77.2030563354492 -76.9210815429688 -76.6390991210938 -76.3571166992188 -76.0751342773438 -75.7931518554688 -75.4822845458984 -75.0847549438477 -74.6872329711914 -74.2897033691406 -73.8921737670898 -73.4946517944336 -73.0971221923828 -72.699592590332 -72.3640289306641 -72.0491180419922 -71.7342071533203
-85.4731063842773 -85.060905456543 -84.6487045288086 -84.2684173583984 -83.9838638305664 -83.6993179321289 -83.4147720336914 -83.1302185058594 -82.8456726074219 -82.5611267089844 -82.2765731811523 -81.9648513793945 -81.6440658569336 -81.3232803344727 -81.0025024414062 -80.6817169189453 -80.3609313964844 -80.0401458740234 -79.722297668457 -79.4132308959961 -79.1041641235352 -78.7950973510742 -78.4860382080078 -78.1769714355469 -77.8679046630859 -77.558837890625 -77.283088684082 -77.018440246582 -76.753791809082 -76.489143371582 -76.2245025634766 -75.9598541259766 -75.6952056884766 -75.3964996337891 -74.9956207275391 -74.5947418212891 -74.1938552856445 -73.7929763793945 -73.3920974731445 -72.9912185668945 -72.59033203125 -72.2599716186523 -71.9531097412109 -71.6462478637695
-85.3912963867188 -84.9702453613281 -84.549186706543 -84.1605911254883 -83.8693466186523 -83.5781021118164 -83.2868576049805 -82.9956130981445 -82.7043685913086 -82.4131240844727 -82.1218795776367 -81.7993011474609 -81.4662780761719 -81.1332473754883 -80.8002243041992 -80.4671936035156 -80.1341705322266 -79.8011474609375 -79.4752197265625 -79.1705856323242 -78.8659515380859 -78.5613174438477 -78.2566833496094 -77.9520492553711 -77.6474151611328 -77.3427810668945 -77.0811309814453 -76.8338241577148 -76.5865097045898 -76.3391952514648 -76.0918807983398 -75.8445739746094 -75.5972595214844 -75.3107147216797 -74.9064788818359 -74.5022506713867 -74.098014831543 -73.6937789916992 -73.2895431518555 -72.8853073120117 -72.4810791015625 -72.1559143066406 -71.8571014404297 -71.5582962036133
