data/working_set_collections/6091692-Cassins_Sparrow-M2/1985/prectotcorr_avg.asc
NCOLS 265 
NROWS 230 
XLLCORNER -115.5625 
YLLCORNER 24.8333333333333 
CELLSIZE 0.0833333333333333 
NODATA_value -9999 
[rows 36 to 53 of 230, columns 205 to 245 of 265]
2.10179186979076e-05 2.09980589715997e-05 2.09781974263024e-05 2.09583376999944e-05 2.09833942790283e-05 2.11431961361086e-05 2.13029961741995e-05 2.14627980312798e-05 2.16225998883601e-05 2.17824017454404e-05 2.19422036025207e-05 2.21020054596011e-05 2.22741782636149e-05 2.24504728976171e-05 2.26267693506088e-05 2.28030658036005e-05 2.29793604376027e-05 2.31556568905944e-05 2.33319533435861e-05 2.35052229982102e-05 2.36694195336895e-05 2.38336160691688e-05 2.39978126046481e-05 2.41620091401273e-05 2.43262056756066e-05 2.44904022110859e-05 2.46545987465652e-05 2.48447831836529e-05 2.50436332862591e-05 2.5242481569876e-05 2.54413298534928e-05 2.56401781371096e-05 2.58390264207264e-05 2.60378747043433e-05 2.62010435108095e-05 2.62571757048136e-05 2.63133078988176e-05 2.63694382738322e-05 2.64255704678362e-05 2.64817026618402e-05 2.65378330368549e-05
2.10021225939272e-05 2.10179678106215e-05 2.10338148463052e-05 2.10496600629995e-05 2.10987218451919e-05 2.12474278669106e-05 2.13961338886293e-05 2.15448417293373e-05 2.1693547751056e-05 2.18422537727747e-05 2.19909597944934e-05 2.21396658162121e-05 2.23208062379854e-05 2.2512756913784e-05 2.27047075895825e-05 2.28966582653811e-05 2.30886089411797e-05 2.32805596169783e-05 2.34725102927769e-05 2.36583146033809e-05 2.38256798184011e-05 2.39930468524108e-05 2.41604138864204e-05 2.43277809204301e-05 2.44951479544397e-05 2.466251316946e-05 2.48298802034697e-05 2.5013923732331e-05 2.52035260928096e-05 2.53931266342988e-05 2.55827289947774e-05 2.5772331355256e-05 2.59619318967452e-05 2.61515342572238e-05 2.63066958723357e-05 2.63585352513473e-05 2.6410374630359e-05 2.64622140093707e-05 2.65140533883823e-05 2.6565892767394e-05 2.66177321464056e-05
2.09863264899468e-05 2.10378784686327e-05 2.10894304473186e-05 2.11409824260045e-05 2.12140494113555e-05 2.1351661416702e-05 2.1489271603059e-05 2.16268836084055e-05 2.17644956137519e-05 2.1902105800109e-05 2.20397178054554e-05 2.21773279918125e-05 2.23674342123559e-05 2.25750409299508e-05 2.27826458285563e-05 2.29902507271618e-05 2.31978556257673e-05 2.34054605243728e-05 2.36130672419677e-05 2.38114043895621e-05 2.39819419221021e-05 2.41524776356528e-05 2.43230151681928e-05 2.44935508817434e-05 2.46640884142835e-05 2.48346259468235e-05 2.50051616603741e-05 2.51830624620197e-05 2.53634188993601e-05 2.55437735177111e-05 2.57241281360621e-05 2.59044845734024e-05 2.60848391917534e-05 2.62651956290938e-05 2.64123482338618e-05 2.64598947978811e-05 2.65074431808898e-05 2.65549897449091e-05 2.66025381279178e-05 2.66500846919371e-05 2.66976312559564e-05
2.09705303859664e-05 2.10577891266439e-05 2.11450478673214e-05 2.12323066079989e-05 2.13293787965085e-05 2.14558949664934e-05 2.15824111364782e-05 2.17089254874736e-05 2.18354416574584e-05 2.19619578274433e-05 2.20884739974281e-05 2.22149901674129e-05 2.24140640057158e-05 2.26373231271282e-05 2.286058406753e-05 2.30838431889424e-05 2.33071041293442e-05 2.35303632507566e-05 2.3753622372169e-05 2.39644941757433e-05 2.41382022068137e-05 2.43119084188947e-05 2.44856164499652e-05 2.46593226620462e-05 2.48330288741272e-05 2.50067369051976e-05 2.51804431172786e-05 2.53522011917084e-05 2.55233117059106e-05 2.56944204011234e-05 2.58655290963361e-05 2.60366377915489e-05 2.62077464867616e-05 2.63788551819744e-05 2.6518000595388e-05 2.65612561634043e-05 2.66045099124312e-05 2.66477654804476e-05 2.66910210484639e-05 2.67342766164802e-05 2.67775321844965e-05
2.09547361009754e-05 2.10776997846551e-05 2.12006634683348e-05 2.13236289710039e-05 2.14447063626722e-05 2.15601266972953e-05 2.16755488509079e-05 2.17909691855311e-05 2.19063895201543e-05 2.20218098547775e-05 2.21372301894007e-05 2.22526505240239e-05 2.24606919800863e-05 2.2699607143295e-05 2.29385223065037e-05 2.31774356507231e-05 2.34163508139318e-05 2.36552659771405e-05 2.38941793213598e-05 2.41175857809139e-05 2.42944624915253e-05 2.44713392021367e-05 2.46482177317375e-05 2.48250944423489e-05 2.50019711529603e-05 2.51788478635717e-05 2.53557245741831e-05 2.55213417403866e-05 2.56832045124611e-05 2.58450654655462e-05 2.60069282376207e-05 2.61687910096953e-05 2.63306519627804e-05 2.64925147348549e-05 2.66236529569142e-05 2.66626157099381e-05 2.67015784629621e-05 2.6740541215986e-05 2.677950396901e-05 2.68184667220339e-05 2.68574312940473e-05
2.0938939996995e-05 2.10976104426663e-05 2.12562808883376e-05 2.14149513340089e-05 2.15600357478252e-05 2.16643602470867e-05 2.17686865653377e-05 2.18730110645993e-05 2.19773355638608e-05 2.20816618821118e-05 2.21859863813734e-05 2.22903126996243e-05 2.25073199544568e-05 2.27618893404724e-05 2.30164587264881e-05 2.32710281125037e-05 2.35255974985193e-05 2.3780166884535e-05 2.40347362705506e-05 2.42706755670952e-05 2.44507227762369e-05 2.46307699853787e-05 2.48108171945205e-05 2.49908644036623e-05 2.5170911612804e-05 2.53509606409352e-05 2.5531007850077e-05 2.56904804700753e-05 2.58430973190116e-05 2.59957123489585e-05 2.61483273789054e-05 2.63009442278417e-05 2.64535592577886e-05 2.66061761067249e-05 2.67293053184403e-05 2.67639752564719e-05 2.67986470134929e-05 2.68333169515245e-05 2.68679887085455e-05 2.6902658646577e-05 2.6937330403598e-05
2.09429763344815e-05 2.11200185731286e-05 2.12970626307651e-05 2.14741066884017e-05 2.1634115910274e-05 2.17430224438431e-05 2.18519271584228e-05 2.19608318730025e-05 2.20697384065716e-05 2.21786431211513e-05 2.22875478357309e-05 2.23964543693e-05 2.26193296839483e-05 2.28801945922896e-05 2.31410595006309e-05 2.34019244089723e-05 2.3662791136303e-05 2.39236560446443e-05 2.41845209529856e-05 2.44248494709609e-05 2.46035706368275e-05 2.47822899837047e-05 2.49610111495713e-05 2.51397304964485e-05 2.53184516623151e-05 2.54971710091922e-05 2.56758903560694e-05 2.58283689618111e-05 2.59720982285216e-05 2.61158293142216e-05 2.62595585809322e-05 2.64032878476428e-05 2.65470189333428e-05 2.66907482000533e-05 2.68076728389133e-05 2.68441854132107e-05 2.68806998064974e-05 2.69172123807948e-05 2.69537249550922e-05 2.69902375293896e-05 2.70267501036869e-05
2.09668432944454e-05 2.11449278140208e-05 2.13230123335961e-05 2.15010968531715e-05 2.16669504879974e-05 2.1796111468575e-05 2.19252724491525e-05 2.20544316107407e-05 2.21835925913183e-05 2.23127535718959e-05 2.24419145524735e-05 2.2571075533051e-05 2.27967175305821e-05 2.30545192607678e-05 2.3312322809943e-05 2.35701245401287e-05 2.38279262703145e-05 2.40857298194896e-05 2.43435315496754e-05 2.45801074925112e-05 2.47530042543076e-05 2.49258991971146e-05 2.50987959589111e-05 2.52716909017181e-05 2.54445858445251e-05 2.56174826063216e-05 2.57903775491286e-05 2.59350053966045e-05 2.60702090599807e-05 2.62054145423463e-05 2.63406200247118e-05 2.6475823688088e-05 2.66110291704535e-05 2.67462328338297e-05 2.68587591563119e-05 2.69032479991438e-05 2.69477368419757e-05 2.69922238658182e-05 2.70367127086502e-05 2.70812015514821e-05 2.7125690394314e-05
2.09907102544094e-05 2.11698352359235e-05 2.13489602174377e-05 2.15280870179413e-05 2.16997850657208e-05 2.18492004933069e-05 2.19986159208929e-05 2.2148031348479e-05 2.22974485950544e-05 2.24468640226405e-05 2.25962794502266e-05 2.2745696696802e-05 2.29741053772159e-05 2.32288439292461e-05 2.34835843002656e-05 2.37383246712852e-05 2.39930632233154e-05 2.4247803594335e-05 2.45025439653546e-05 2.47353655140614e-05 2.49024378717877e-05 2.50695084105246e-05 2.52365789492615e-05 2.54036513069877e-05 2.55707218457246e-05 2.57377923844615e-05 2.59048647421878e-05 2.6041641831398e-05 2.61683217104292e-05 2.62950015894603e-05 2.6421679649502e-05 2.65483595285332e-05 2.66750394075643e-05 2.68017192865955e-05 2.6909843654721e-05 2.69623087660875e-05 2.7014773877454e-05 2.70672371698311e-05 2.71197022811975e-05 2.71721655735746e-05 2.72246306849411e-05
2.10145772143733e-05 2.11947426578263e-05 2.13749099202687e-05 2.15550753637217e-05 2.17326178244548e-05 2.19022895180387e-05 2.20719612116227e-05 2.22416329052066e-05 2.24113027798012e-05 2.25809744733851e-05 2.27506461669691e-05 2.29203160415636e-05 2.31514932238497e-05 2.34031704167137e-05 2.36548457905883e-05 2.39065229834523e-05 2.41582001763163e-05 2.44098773691803e-05 2.46615545620443e-05 2.48906235356117e-05 2.50518714892678e-05 2.52131176239345e-05 2.53743637586012e-05 2.55356117122574e-05 2.56968578469241e-05 2.58581039815908e-05 2.6019351935247e-05 2.61482782661915e-05 2.62664325418882e-05 2.63845868175849e-05 2.65027410932817e-05 2.66208953689784e-05 2.67390496446751e-05 2.68572039203718e-05 2.69609299721196e-05 2.70213695330312e-05 2.70818109129323e-05 2.71422504738439e-05 2.72026900347555e-05 2.72631314146565e-05 2.73235709755681e-05
2.10384441743372e-05 2.12196518987184e-05 2.14008578041103e-05 2.15820655284915e-05 2.17654524021782e-05 2.19553785427706e-05 2.21453046833631e-05 2.23352326429449e-05 2.25251587835373e-05 2.27150849241298e-05 2.29050110647222e-05 2.30949372053146e-05 2.33288810704835e-05 2.35774950851919e-05 2.38261090999003e-05 2.40747231146088e-05 2.43233371293172e-05 2.45719511440257e-05 2.48205651587341e-05 2.50458815571619e-05 2.52013051067479e-05 2.53567268373445e-05 2.5512148567941e-05 2.56675702985376e-05 2.58229938481236e-05 2.59784155787202e-05 2.61338373093167e-05 2.6254914700985e-05 2.63645433733473e-05 2.6474173864699e-05 2.65838025370613e-05 2.66934312094236e-05 2.68030598817859e-05 2.69126903731376e-05 2.70120162895182e-05 2.70804321189644e-05 2.71488479484105e-05 2.72172637778567e-05 2.72856796073029e-05 2.7354095436749e-05 2.74225112661952e-05
2.10623111343011e-05 2.12445593206212e-05 2.14268075069413e-05 2.16090556932613e-05 2.17982869799016e-05 2.20084675675025e-05 2.22186499740928e-05 2.24288323806832e-05 2.26390129682841e-05 2.28491953748744e-05 2.30593777814647e-05 2.32695583690656e-05 2.35062689171173e-05 2.37518197536701e-05 2.3997370590223e-05 2.42429232457653e-05 2.44884740823181e-05 2.4734024918871e-05 2.49795775744133e-05 2.52011395787122e-05 2.5350738724228e-05 2.55003360507544e-05 2.56499333772808e-05 2.57995307038072e-05 2.59491280303337e-05 2.60987271758495e-05 2.62483245023759e-05 2.63615511357784e-05 2.64626560237957e-05 2.65637590928236e-05 2.66648639808409e-05 2.67659670498688e-05 2.68670719378861e-05 2.6968175006914e-05 2.70631007879274e-05 2.71394928859081e-05 2.72158849838888e-05 2.72922770818695e-05 2.73686673608609e-05 2.74450594588416e-05 2.75214515568223e-05
2.10671387321781e-05 2.12424056371674e-05 2.14176743611461e-05 2.15929412661353e-05 2.17792967305286e-05 2.19989160541445e-05 2.2218533558771e-05 2.24381510633975e-05 2.2657768568024e-05 2.28773860726506e-05 2.30970035772771e-05 2.3316622900893e-05 2.35590723605128e-05 2.38091324717971e-05 2.40591925830813e-05 2.43092508753762e-05 2.45593109866604e-05 2.48093710979447e-05 2.50594312092289e-05 2.52859917964088e-05 2.54420465353178e-05 2.55981030932162e-05 2.57541596511146e-05 2.5910216209013e-05 2.60662727669114e-05 2.62223293248098e-05 2.63783858827082e-05 2.64950685959775e-05 2.65986291196896e-05 2.67021896434017e-05 2.68057501671137e-05 2.69093088718364e-05 2.70128693955485e-05 2.71164299192606e-05 2.7214551664656e-05 2.72963607130805e-05 2.73781679425156e-05 2.745997699094e-05 2.75417842203751e-05 2.76235932687996e-05 2.77054004982347e-05
2.10529251489788e-05 2.1213190848357e-05 2.13734583667247e-05 2.15337258850923e-05 2.1708485292038e-05 2.19267203647178e-05 2.21449536184082e-05 2.2363188691088e-05 2.25814237637678e-05 2.27996570174582e-05 2.3017892090138e-05 2.32361271628179e-05 2.34872895816807e-05 2.37494296015939e-05 2.40115696215071e-05 2.42737096414203e-05 2.45358496613335e-05 2.47979896812467e-05 2.50601297011599e-05 2.53004345722729e-05 2.54752321779961e-05 2.56500316027086e-05 2.58248292084318e-05 2.59996268141549e-05 2.6174424419878e-05 2.63492220256012e-05 2.65240214503137e-05 2.66554689005716e-05 2.67724662990076e-05 2.68894636974437e-05 2.70064610958798e-05 2.71234584943159e-05 2.72404558927519e-05 2.7357453291188e-05 2.74663689197041e-05 2.75510337814922e-05 2.76356986432802e-05 2.77203635050682e-05 2.78050283668563e-05 2.78896932286443e-05 2.79743599094218e-05
2.10387115657795e-05 2.11839778785361e-05 2.13292441912927e-05 2.14745105040492e-05 2.16376720345579e-05 2.1854524675291e-05 2.20713754970348e-05 2.22882263187785e-05 2.25050771405222e-05 2.27219297812553e-05 2.2938780602999e-05 2.31556314247428e-05 2.34155086218379e-05 2.36897285503801e-05 2.39639484789222e-05 2.42381684074644e-05 2.4512390154996e-05 2.47866100835381e-05 2.50608300120803e-05 2.53148791671265e-05 2.55084178206744e-05 2.57019582932116e-05 2.58954987657489e-05 2.60890374192968e-05 2.62825778918341e-05 2.6476116545382e-05 2.66696570179192e-05 2.68158673861763e-05 2.69463034783257e-05 2.70767377514858e-05 2.72071738436352e-05 2.73376081167953e-05 2.74680423899554e-05 2.75984784821048e-05 2.77181843557628e-05 2.78057068499038e-05 2.78932293440448e-05 2.79807518381858e-05 2.80682725133374e-05 2.81557950074784e-05 2.82433175016195e-05
2.10244979825802e-05 2.11547630897257e-05 2.12850281968713e-05 2.14152951230062e-05 2.15668605960673e-05 2.17823289858643e-05 2.19977973756613e-05 2.22132639464689e-05 2.2428732336266e-05 2.2644200726063e-05 2.285966911586e-05 2.30751356866676e-05 2.33437276619952e-05 2.36300274991663e-05 2.39163273363374e-05 2.42026271735085e-05 2.4488928829669e-05 2.47752286668401e-05 2.50615285040112e-05 2.532932376198e-05 2.55416034633527e-05 2.57538849837147e-05 2.59661665040767e-05 2.61784480244387e-05 2.63907295448007e-05 2.66030110651627e-05 2.68152925855247e-05 2.69762676907703e-05 2.71201388386544e-05 2.72640118055278e-05 2.74078847724013e-05 2.75517577392748e-05 2.76956307061482e-05 2.78395018540323e-05 2.79700016108109e-05 2.80603799183154e-05 2.81507600448094e-05 2.8241138352314e-05 2.8331518478808e-05 2.84218967863126e-05 2.85122750938172e-05
2.10102843993809e-05 2.11255483009154e-05 2.12408140214393e-05 2.13560779229738e-05 2.14960491575766e-05 2.17101332964376e-05 2.19242174352985e-05 2.21383015741594e-05 2.23523875320097e-05 2.25664716708707e-05 2.27805558097316e-05 2.29946417675819e-05 2.32719467021525e-05 2.35703264479525e-05 2.38687061937526e-05 2.41670859395526e-05 2.44654675043421e-05 2.47638472501421e-05 2.50622269959422e-05 2.53437665378442e-05 2.5574789106031e-05 2.58058134932071e-05 2.60368360613938e-05 2.62678586295806e-05 2.64988811977673e-05 2.67299037659541e-05 2.69609281531302e-05 2.7136666176375e-05 2.72939760179725e-05 2.74512858595699e-05 2.76085957011674e-05 2.77659073617542e-05 2.79232172033517e-05 2.80805270449491e-05 2.8221818865859e-05 2.83150548057165e-05 2.8408290745574e-05 2.85015266854316e-05 2.85947626252891e-05 2.86879985651467e-05 2.87812345050042e-05
2.09960708161816e-05 2.10963353310945e-05 2.11965980270179e-05 2.12968625419308e-05 2.14252359000966e-05 2.16379376070108e-05 2.18506393139251e-05 2.20633410208393e-05 2.22760409087641e-05 2.24887426156783e-05 2.27014443225926e-05 2.29141460295068e-05 2.32001657423098e-05 2.35106253967388e-05 2.38210850511678e-05 2.41315447055968e-05 2.44420061790152e-05 2.47524658334441e-05 2.50629254878731e-05 2.53582111326978e-05 2.56079747487092e-05 2.58577401837101e-05 2.6107505618711e-05 2.63572692347225e-05 2.66070346697234e-05 2.68567982857348e-05 2.71065637207357e-05 2.72970646619797e-05 2.74678131972905e-05 2.7638559913612e-05 2.78093084489228e-05 2.79800551652443e-05 2.81508037005551e-05 2.83215504168766e-05 2.84736343019176e-05 2.85697278741281e-05 2.86658214463387e-05 2.87619131995598e-05 2.88580067717703e-05 2.89541003439808e-05 2.90501920972019e-05
