data/working_set_collections/6091692-Cassins_Sparrow-M2/1985/prectotcorr_avg.asc
NCOLS 265 
NROWS 230 
XLLCORNER -115.5625 
YLLCORNER 24.8333333333333 
CELLSIZE 0.0833333333333333 
NODATA_value -9999 
[rows 108 to 125 of 230, columns 41 to 81 of 265]
1.53672117448878e-05 1.57139802468009e-05 1.60607469297247e-05 1.63184977282071e-05 1.6309193597408e-05 1.62998894666089e-05 1.62905853358097e-05 1.62812812050106e-05 1.62719788932009e-05 1.62626747624017e-05 1.62533706316026e-05 1.59026494657155e-05 1.54381214088062e-05 1.49735933518969e-05 1.45090652949875e-05 1.40445372380782e-05 1.35800091811689e-05 1.31154811242595e-05 1.26993554658839e-05 1.24284370031091e-05 1.21575185403344e-05 1.18866000775597e-05 1.1615681614785e-05 1.13447631520103e-05 1.10738437797409e-05 1.08029253169661e-05 1.07773548734258e-05 1.08335661934689e-05 1.08897784230066e-05 1.09459897430497e-05 1.10022019725875e-05 1.10584132926306e-05 1.11146255221684e-05 1.11646331788506e-05 1.11960280264611e-05 1.12274228740716e-05 1.12588177216821e-05 1.12902125692926e-05 1.13216074169031e-05 1.13530022645136e-05 1.13843971121241e-05
1.52046450239141e-05 1.55526649905369e-05 1.59006849571597e-05 1.61677999130916e-05 1.61922016559402e-05 1.62166033987887e-05 1.62410051416373e-05 1.62654068844859e-05 1.62898086273344e-05 1.6314210370183e-05 1.63386121130316e-05 1.60466206580168e-05 1.56491641973844e-05 1.52517068272573e-05 1.48542494571302e-05 1.44567929964978e-05 1.40593365358654e-05 1.36618791657384e-05 1.32950517581776e-05 1.30201115098316e-05 1.27451712614857e-05 1.2470230103645e-05 1.21952898552991e-05 1.19203496069531e-05 1.16454093586071e-05 1.13704691102612e-05 1.13298501673853e-05 1.13673395389924e-05 1.14048280011048e-05 1.14423164632171e-05 1.14798049253295e-05 1.15172933874419e-05 1.15547818495543e-05 1.15823977466789e-05 1.15803959488403e-05 1.15783941510017e-05 1.15763914436684e-05 1.15743896458298e-05 1.15723869384965e-05 1.15703851406579e-05 1.15683824333246e-05
1.5042076483951e-05 1.53913497342728e-05 1.57406211656053e-05 1.6017102097976e-05 1.60752097144723e-05 1.61333173309686e-05 1.61914249474648e-05 1.62495325639611e-05 1.63076401804574e-05 1.63657459779643e-05 1.64238535944605e-05 1.6190591850318e-05 1.58602069859626e-05 1.55298203026177e-05 1.51994345287676e-05 1.48690487549175e-05 1.45386629810673e-05 1.42082772072172e-05 1.38907471409766e-05 1.36117851070594e-05 1.33328230731422e-05 1.3053861039225e-05 1.27748990053078e-05 1.24959369713906e-05 1.22169749374734e-05 1.19380129035562e-05 1.18823463708395e-05 1.19011119750212e-05 1.19198775792029e-05 1.19386422738899e-05 1.19574078780715e-05 1.19761734822532e-05 1.19949390864349e-05 1.20001632240019e-05 1.19647638712195e-05 1.19293645184371e-05 1.18939651656547e-05 1.18585658128723e-05 1.18231664600899e-05 1.17877671073074e-05 1.1752367754525e-05
1.48795088534825e-05 1.5230033568514e-05 1.55805573740508e-05 1.58664042828605e-05 1.59582177730044e-05 1.60500312631484e-05 1.6141842934303e-05 1.6233656424447e-05 1.63254699145909e-05 1.64172834047349e-05 1.65090968948789e-05 1.63345630426193e-05 1.60712479555514e-05 1.58079346874729e-05 1.5544619600405e-05 1.52813045133371e-05 1.50179894262692e-05 1.4754675248696e-05 1.44864425237756e-05 1.42034587042872e-05 1.39204748847988e-05 1.3637491974805e-05 1.33545081553166e-05 1.30715243358281e-05 1.27885405163397e-05 1.25055566968513e-05 1.24348425742937e-05 1.243488441105e-05 1.2434927157301e-05 1.24349689940573e-05 1.24350117403083e-05 1.24350535770645e-05 1.24350963233155e-05 1.24179287013249e-05 1.23491317935986e-05 1.22803357953671e-05 1.22115388876409e-05 1.21427428894094e-05 1.20739468911779e-05 1.20051499834517e-05 1.19363539852202e-05
1.47169412230141e-05 1.506871831225e-05 1.54204954014858e-05 1.57157064677449e-05 1.58412258315366e-05 1.59667433763389e-05 1.60922627401305e-05 1.62177821039222e-05 1.63432996487245e-05 1.64688190125162e-05 1.65943383763079e-05 1.64785342349205e-05 1.62822907441296e-05 1.60860472533386e-05 1.58898037625477e-05 1.56935602717567e-05 1.54973167809658e-05 1.53010732901748e-05 1.50821388160693e-05 1.47951332110097e-05 1.450812760595e-05 1.42211220008903e-05 1.39341163958306e-05 1.3647110790771e-05 1.33601051857113e-05 1.30730995806516e-05 1.29873378682532e-05 1.29686568470788e-05 1.29499758259044e-05 1.29312957142247e-05 1.29126146930503e-05 1.28939336718759e-05 1.28752526507014e-05 1.28356941786478e-05 1.27335006254725e-05 1.26313070722972e-05 1.25291135191219e-05 1.24269199659466e-05 1.23247264127713e-05 1.2222532859596e-05 1.21203393064206e-05
1.45543735925457e-05 1.49074021464912e-05 1.52604316099314e-05 1.55650086526293e-05 1.57242338900687e-05 1.58834573085187e-05 1.60426825459581e-05 1.62019059644081e-05 1.63611312018475e-05 1.65203546202974e-05 1.66795798577368e-05 1.66225072462112e-05 1.64933335327078e-05 1.63641616381938e-05 1.62349879246904e-05 1.61058160301764e-05 1.59766441356624e-05 1.5847470422159e-05 1.56778351083631e-05 1.53868077177322e-05 1.50957794176065e-05 1.48047529364703e-05 1.45137255458394e-05 1.42226981552085e-05 1.39316707645776e-05 1.36406433739467e-05 1.35398340717074e-05 1.35024301926023e-05 1.34650254040025e-05 1.34276215248974e-05 1.33902176457923e-05 1.33528137666872e-05 1.33154098875821e-05 1.32534587464761e-05 1.31178685478517e-05 1.29822774397326e-05 1.28466872411082e-05 1.2711096132989e-05 1.25755059343646e-05 1.24399148262455e-05 1.23043246276211e-05
1.42225590025191e-05 1.45811209222302e-05 1.49396828419412e-05 1.5256129699992e-05 1.54462322825566e-05 1.56363366841106e-05 1.58264392666752e-05 1.60165418492397e-05 1.62066444318043e-05 1.63967470143689e-05 1.65868514159229e-05 1.65810834005242e-05 1.65100263984641e-05 1.6438969396404e-05 1.63679123943439e-05 1.62968553922838e-05 1.62257983902236e-05 1.61547413881635e-05 1.60330728249392e-05 1.57595750351902e-05 1.54860772454413e-05 1.52125785461976e-05 1.4939079846954e-05 1.46655811477103e-05 1.43920833579614e-05 1.41185846587177e-05 1.4015532542544e-05 1.39692956508952e-05 1.39230587592465e-05 1.38768227770925e-05 1.38305858854437e-05 1.3784348993795e-05 1.3738113011641e-05 1.36638327603578e-05 1.35054242491606e-05 1.33470157379634e-05 1.31886072267662e-05 1.30301978060743e-05 1.28717892948771e-05 1.27133807836799e-05 1.2554971362988e-05
1.37214974529343e-05 1.40898728204775e-05 1.44582481880207e-05 1.47890687003382e-05 1.50072228279896e-05 1.52253778651357e-05 1.54435329022817e-05 1.56616861204384e-05 1.58798411575845e-05 1.60979961947305e-05 1.63161494128872e-05 1.63542663358385e-05 1.63323693413986e-05 1.63104723469587e-05 1.62885753525188e-05 1.62666783580789e-05 1.6244781363639e-05 1.62228843691992e-05 1.61478565132711e-05 1.59134378918679e-05 1.56790192704648e-05 1.54445988300722e-05 1.5210180208669e-05 1.49757606777712e-05 1.4741342056368e-05 1.45069225254701e-05 1.44144332807628e-05 1.43692550409469e-05 1.4324076801131e-05 1.42788976518204e-05 1.42337194120046e-05 1.41885411721887e-05 1.41433620228781e-05 1.40668162202928e-05 1.38961686388939e-05 1.37255201480002e-05 1.35548725666013e-05 1.33842249852023e-05 1.32135764943087e-05 1.30429289129097e-05 1.2872280422016e-05
1.32204359033494e-05 1.35986247187247e-05 1.39768144435948e-05 1.43220077006845e-05 1.45682133734226e-05 1.48144199556555e-05 1.50606256283936e-05 1.53068322106265e-05 1.55530378833646e-05 1.57992435561027e-05 1.60454492288409e-05 1.61274474521633e-05 1.61547122843331e-05 1.61819752975134e-05 1.62092383106938e-05 1.62365013238741e-05 1.62637643370545e-05 1.62910273502348e-05 1.62626402016031e-05 1.60673007485457e-05 1.58719594764989e-05 1.56766200234415e-05 1.54812805703841e-05 1.52859411173267e-05 1.50906007547746e-05 1.48952603922226e-05 1.48133349284763e-05 1.47692144309985e-05 1.47250939335208e-05 1.46809734360431e-05 1.46368529385654e-05 1.45927324410877e-05 1.454861194361e-05 1.44697996802279e-05 1.42869121191325e-05 1.41040254675318e-05 1.39211379064363e-05 1.37382512548356e-05 1.35553636937402e-05 1.33724770421395e-05 1.31895894810441e-05
1.27193743537646e-05 1.31073775264667e-05 1.34953797896742e-05 1.38549467010307e-05 1.41292039188556e-05 1.44034611366806e-05 1.46777192640002e-05 1.49519764818251e-05 1.522623369965e-05 1.5500490917475e-05 1.57747490447946e-05 1.59006303874776e-05 1.59770534082782e-05 1.60534782480681e-05 1.61299012688687e-05 1.62063242896693e-05 1.62827473104699e-05 1.63591703312704e-05 1.6377423889935e-05 1.6221161786234e-05 1.60649015015224e-05 1.59086412168108e-05 1.57523809320992e-05 1.55961206473876e-05 1.54398585436866e-05 1.5283598258975e-05 1.52122365761898e-05 1.51691738210502e-05 1.51261110659107e-05 1.50830492202658e-05 1.50399864651263e-05 1.49969237099867e-05 1.49538609548472e-05 1.48727831401629e-05 1.46776565088658e-05 1.44825298775686e-05 1.42874041557661e-05 1.4092277524469e-05 1.38971508931718e-05 1.37020251713693e-05 1.35068985400721e-05
1.22183128041797e-05 1.2616129424714e-05 1.30139460452483e-05 1.33878857013769e-05 1.36901944642887e-05 1.39925032272004e-05 1.42948128996068e-05 1.45971216625185e-05 1.48994304254302e-05 1.52017391883419e-05 1.55040488607483e-05 1.56738133227918e-05 1.57993963512126e-05 1.59249793796334e-05 1.60505642270437e-05 1.61761472554645e-05 1.63017302838853e-05 1.64273133123061e-05 1.64922057592776e-05 1.63750246429117e-05 1.62578435265459e-05 1.61406624101801e-05 1.60234812938143e-05 1.5906298358459e-05 1.57891172420932e-05 1.56719361257274e-05 1.56111382239033e-05 1.55691323016072e-05 1.55271281983005e-05 1.54851240949938e-05 1.54431199916871e-05 1.54011158883804e-05 1.53591099660844e-05 1.52757656906033e-05 1.50684008985991e-05 1.48610351971001e-05 1.46536694956012e-05 1.44463037941023e-05 1.4238939002098e-05 1.40315733005991e-05 1.38242075991002e-05
1.17172512545949e-05 1.21248813229613e-05 1.25325113913277e-05 1.29208247017232e-05 1.32511850097217e-05 1.35815453177202e-05 1.39119056257186e-05 1.42422659337171e-05 1.45726271512103e-05 1.49029874592088e-05 1.52333477672073e-05 1.54469962581061e-05 1.56217392941471e-05 1.57964823301882e-05 1.59712271852186e-05 1.61459702212596e-05 1.63207132573007e-05 1.64954562933417e-05 1.66069894476095e-05 1.65288874995895e-05 1.64507855515694e-05 1.63726836035494e-05 1.62945816555293e-05 1.62164778885199e-05 1.61383759404998e-05 1.60602739924798e-05 1.60100389621221e-05 1.59690916916588e-05 1.5928146240185e-05 1.58871989697218e-05 1.5846253518248e-05 1.58053062477848e-05 1.57643607963109e-05 1.56787500600331e-05 1.54591452883324e-05 1.5239539607137e-05 1.5019935744931e-05 1.48003309732303e-05 1.45807262015296e-05 1.43611214298289e-05 1.41415166581282e-05
1.12088755486184e-05 1.16174142021919e-05 1.20259519462707e-05 1.24213729577605e-05 1.27774401335046e-05 1.31335073092487e-05 1.34895753944875e-05 1.38456425702316e-05 1.42017106554704e-05 1.45577778312145e-05 1.49138450069586e-05 1.51476206156076e-05 1.53406326717231e-05 1.5533643818344e-05 1.57266567839542e-05 1.59196679305751e-05 1.61126790771959e-05 1.63056920428062e-05 1.64399807545124e-05 1.63981021614745e-05 1.63562217494473e-05 1.63143431564094e-05 1.62724645633716e-05 1.62305859703338e-05 1.61887055583065e-05 1.61468269652687e-05 1.61134721565759e-05 1.60829604283208e-05 1.60524468810763e-05 1.60219351528212e-05 1.59914216055768e-05 1.59609080583323e-05 1.59303963300772e-05 1.58561724674655e-05 1.56508140207734e-05 1.54454555740813e-05 1.52400962178945e-05 1.50347377712023e-05 1.48293793245102e-05 1.46240208778181e-05 1.4418662431126e-05
1.06931865957449e-05 1.1093727152911e-05 1.14942677100771e-05 1.18895304694888e-05 1.22689607451321e-05 1.26483901112806e-05 1.30278203869238e-05 1.34072506625671e-05 1.37866809382103e-05 1.41661112138536e-05 1.45455405800021e-05 1.47756891237805e-05 1.49560773934354e-05 1.51364656630903e-05 1.53168530232506e-05 1.54972403834108e-05 1.56776295625605e-05 1.58580169227207e-05 1.59911796799861e-05 1.59826686285669e-05 1.59741557581583e-05 1.59656428877497e-05 1.59571318363305e-05 1.59486189659219e-05 1.59401079145027e-05 1.59315950440941e-05 1.59214396262541e-05 1.59107366926037e-05 1.59000319399638e-05 1.58893290063133e-05 1.58786242536735e-05 1.5867921320023e-05 1.58572183863726e-05 1.58080329129007e-05 1.56434070959222e-05 1.54787794599542e-05 1.53141518239863e-05 1.51495250975131e-05 1.49848983710399e-05 1.4820270735072e-05 1.46556440085988e-05
1.01774976428715e-05 1.05700401036302e-05 1.09625825643889e-05 1.13576879812172e-05 1.17604804472649e-05 1.21632729133125e-05 1.25660662888549e-05 1.29688587549026e-05 1.33716512209503e-05 1.3774443686998e-05 1.41772361530457e-05 1.44037576319533e-05 1.45715221151477e-05 1.47392856888473e-05 1.49070501720416e-05 1.5074814655236e-05 1.52425782289356e-05 1.54103436216246e-05 1.55423804244492e-05 1.55672350956593e-05 1.55920897668693e-05 1.56169444380794e-05 1.56417991092894e-05 1.56666537804995e-05 1.56915084517095e-05 1.57163631229196e-05 1.5729405276943e-05 1.57385111378971e-05 1.57476169988513e-05 1.57567228598054e-05 1.57658287207596e-05 1.57749345817138e-05 1.57840404426679e-05 1.57598951773252e-05 1.56360001710709e-05 1.55121033458272e-05 1.53882083395729e-05 1.52643133333186e-05 1.51404165080748e-05 1.50165215018205e-05 1.48926255860715e-05
9.661808689998e-06 1.00463530543493e-05 1.04308983281953e-05 1.08258454929455e-05 1.12520010588923e-05 1.16781557153445e-05 1.21043112812913e-05 1.25304668472381e-05 1.29566215036903e-05 1.33827770696371e-05 1.38089317260892e-05 1.40318261401262e-05 1.41869668368599e-05 1.4342106624099e-05 1.44972473208327e-05 1.46523880175664e-05 1.48075278048054e-05 1.49626685015392e-05 1.50935793499229e-05 1.51518006532569e-05 1.52100228660856e-05 1.52682441694196e-05 1.53264663822483e-05 1.53846867760876e-05 1.54429089889163e-05 1.5501131201745e-05 1.55373727466213e-05 1.556628740218e-05 1.55952020577388e-05 1.56241167132976e-05 1.56530313688563e-05 1.56819478434045e-05 1.57108624989633e-05 1.57117574417498e-05 1.56285932462197e-05 1.55454290506896e-05 1.54622648551594e-05 1.53791006596293e-05 1.52959364640992e-05 1.52127713590744e-05 1.51296071635443e-05
9.14611882762983e-06 9.52266600506846e-06 9.89921318250708e-06 1.02940030046739e-05 1.07435207610251e-05 1.11930385173764e-05 1.16425562737277e-05 1.20920740300789e-05 1.25415917864302e-05 1.29911095427815e-05 1.34406272991328e-05 1.36598946482991e-05 1.38024106490775e-05 1.39449275593506e-05 1.40874444696237e-05 1.42299604704021e-05 1.43724773806753e-05 1.45149942909484e-05 1.46447782753967e-05 1.47363671203493e-05 1.4827955965302e-05 1.49195439007599e-05 1.50111327457125e-05 1.51027215906652e-05 1.51943095261231e-05 1.52858992805704e-05 1.53453383973101e-05 1.53940636664629e-05 1.54427871166263e-05 1.54915105667897e-05 1.55402358359424e-05 1.55889592861058e-05 1.56376845552586e-05 1.56636197061744e-05 1.56211863213684e-05 1.55787529365625e-05 1.55363195517566e-05 1.54938879859401e-05 1.54514546011342e-05 1.54090212163283e-05 1.53665896505117e-05
8.63042987475637e-06 8.99897986528231e-06 9.36752894631354e-06 9.76216142589692e-06 1.02350413726526e-05 1.07079213194083e-05 1.11808021756588e-05 1.16536821224145e-05 1.21265629786649e-05 1.25994429254206e-05 1.30723228721763e-05 1.3287963156472e-05 1.34178553707898e-05 1.35477484946023e-05 1.36776416184148e-05 1.38075338327326e-05 1.39374269565451e-05 1.40673200803576e-05 1.41959781103651e-05 1.43209335874417e-05 1.44458890645183e-05 1.45708445415949e-05 1.46958000186714e-05 1.4820755495748e-05 1.49457109728246e-05 1.50706664499012e-05 1.51533049574937e-05 1.52218390212511e-05 1.52903721755138e-05 1.53589062392712e-05 1.54274384840392e-05 1.54959725477966e-05 1.5564506611554e-05 1.56154801516095e-05 1.56137793965172e-05 1.56120786414249e-05 1.56103760673432e-05 1.56086753122509e-05 1.56069727381691e-05 1.56052719830768e-05 1.56035712279845e-05
