data/working_set_collections/6091692-Cassins_Sparrow-M2/1985/prectotcorr_avg.asc
NCOLS 265 
NROWS 230 
XLLCORNER -115.5625 
YLLCORNER 24.8333333333333 
CELLSIZE 0.0833333333333333 
NODATA_value -9999 
[rows 90 to 107 of 230, columns 41 to 81 of 265]
8.78803712112131e-06 8.54106019687606e-06 8.29408327263081e-06 8.07591732154833e-06 7.94418519944884e-06 7.81245307734935e-06 7.68072095524985e-06 7.54898883315036e-06 7.41725671105087e-06 7.28552458895138e-06 7.15379246685188e-06 7.07430763213779e-06 7.0122391662153e-06 6.95017024554545e-06 6.88810132487561e-06 6.82603285895311e-06 6.76396393828327e-06 6.70189501761342e-06 6.69853307044832e-06 6.87129113430274e-06 7.0440496529045e-06 7.21680771675892e-06 7.38956623536069e-06 7.56232429921511e-06 7.73508236306952e-06 7.90784088167129e-06 8.01707119535422e-06 8.10512665339047e-06 8.19318120193202e-06 8.28123575047357e-06 8.36929120850982e-06 8.45734575705137e-06 8.54540030559292e-06 8.65538640937302e-06 8.83116445038468e-06 9.00694249139633e-06 9.18272053240798e-06 9.35849857341964e-06 9.53427661443129e-06 9.71005465544295e-06 9.8858326964546e-06
8.98826510820072e-06 8.74438410392031e-06 8.5005030996399e-06 8.28034353617113e-06 8.13134556665318e-06 7.98234850662993e-06 7.83335144660668e-06 7.68435347708873e-06 7.53535596231814e-06 7.38635890229489e-06 7.23736138752429e-06 7.1621125243837e-06 7.11144639353734e-06 7.06078071743832e-06 7.0101150413393e-06 6.95944891049294e-06 6.90878323439392e-06 6.85811710354756e-06 6.86095700075384e-06 7.02431407262338e-06 7.18767114449292e-06 7.35102821636247e-06 7.51438574297936e-06 7.67774236010155e-06 7.84109943197109e-06 8.00445650384063e-06 8.11657628219109e-06 8.21161665953696e-06 8.30665794637753e-06 8.4016983237234e-06 8.49673870106926e-06 8.59177907841513e-06 8.686819455761e-06 8.79837625689106e-06 8.95948141987901e-06 9.12058658286696e-06 9.28169174585491e-06 9.44279690884287e-06 9.60390207183082e-06 9.76500723481877e-06 9.92611239780672e-06
9.18849309528014e-06 8.94770892045926e-06 8.70692383614369e-06 8.48476975079393e-06 8.31850684335222e-06 8.15224393591052e-06 7.98598102846881e-06 7.81971812102711e-06 7.6534561230801e-06 7.48719276089105e-06 7.32093030819669e-06 7.24991741662961e-06 7.21065407560673e-06 7.17139118933119e-06 7.13212830305565e-06 7.09286541678011e-06 7.05360207575723e-06 7.01433918948169e-06 7.02338093105936e-06 7.17733701094403e-06 7.3312930908287e-06 7.48524917071336e-06 7.63920525059802e-06 7.79316087573534e-06 7.94711741036735e-06 8.10107303550467e-06 8.21608136902796e-06 8.31810757517815e-06 8.42013378132833e-06 8.52215998747852e-06 8.6241861936287e-06 8.72621239977889e-06 8.82823860592907e-06 8.9413661044091e-06 9.08779838937335e-06 9.2342306743376e-06 9.38066295930184e-06 9.52709433477139e-06 9.67352661973564e-06 9.81995890469989e-06 9.96639118966414e-06
9.38872108235955e-06 9.15103282750351e-06 8.91334366315277e-06 8.68919596541673e-06 8.50566721055657e-06 8.32213936519111e-06 8.13861151982564e-06 7.95508367446018e-06 7.77155491960002e-06 7.58802707423456e-06 7.4044992288691e-06 7.33772185412818e-06 7.30986175767612e-06 7.28200166122406e-06 7.254141564772e-06 7.22628146831994e-06 7.19842137186788e-06 7.17056127541582e-06 7.18580486136489e-06 7.33035994926468e-06 7.47491458241711e-06 7.6194696703169e-06 7.76402430346934e-06 7.90857939136913e-06 8.05313447926892e-06 8.19768956716871e-06 8.31558736535953e-06 8.42459849081933e-06 8.53361052577384e-06 8.64262256072834e-06 8.75163368618814e-06 8.86064572114265e-06 8.96965775609715e-06 9.08435595192714e-06 9.21611535886768e-06 9.34787476580823e-06 9.47963326325407e-06 9.61139267019462e-06 9.74315207713516e-06 9.87491057458101e-06 1.00066699815216e-05
9.58894997893367e-06 9.35435673454776e-06 9.11976439965656e-06 8.89362127054483e-06 8.69282848725561e-06 8.49203479447169e-06 8.29124110168777e-06 8.09044831839856e-06 7.88965462561464e-06 7.68886184232542e-06 7.4880681495415e-06 7.42552674637409e-06 7.40906943974551e-06 7.39261213311693e-06 7.3761552812357e-06 7.35969797460712e-06 7.34324066797853e-06 7.32678336134995e-06 7.34822879167041e-06 7.48338243283797e-06 7.61853652875288e-06 7.7536906246678e-06 7.88884426583536e-06 8.02399790700292e-06 8.15915154817048e-06 8.29430518933805e-06 8.4150924521964e-06 8.53108940646052e-06 8.64708727021934e-06 8.76308422448346e-06 8.87908208824228e-06 8.9950790425064e-06 9.11107690626523e-06 9.22734670893988e-06 9.34443232836202e-06 9.46151885727886e-06 9.578604476701e-06 9.69569009612314e-06 9.81277662503999e-06 9.92986224446213e-06 1.0046948773379e-05
9.78917796601309e-06 9.55768155108672e-06 9.32618513616035e-06 9.09804748516763e-06 8.87998885445995e-06 8.66193022375228e-06 8.4438715930446e-06 8.22581296233693e-06 8.00775433162926e-06 7.78969570092158e-06 7.57163707021391e-06 7.51333163862e-06 7.5082771218149e-06 7.50322305975715e-06 7.49816854295204e-06 7.49311402614694e-06 7.48805996408919e-06 7.48300544728409e-06 7.51065272197593e-06 7.63640582590597e-06 7.7621580203413e-06 7.88791112427134e-06 8.01366331870668e-06 8.13941642263671e-06 8.26516952656675e-06 8.39092172100209e-06 8.51459753903328e-06 8.63758032210171e-06 8.76056310517015e-06 8.88354679773329e-06 9.00652958080173e-06 9.12951236387016e-06 9.2524960564333e-06 9.37033655645791e-06 9.47274929785635e-06 9.57516203925479e-06 9.67757569014793e-06 9.77998843154637e-06 9.88240117294481e-06 9.98481482383795e-06 1.00872275652364e-05
1.01364985312102e-05 9.92662808130262e-06 9.71675763139501e-06 9.50452249526279e-06 9.28519693843555e-06 9.0658704721136e-06 8.84654491528636e-06 8.62721844896441e-06 8.40789289213717e-06 8.18856642581522e-06 7.96924086898798e-06 7.89345085649984e-06 7.86550663178787e-06 7.83756240707589e-06 7.80961818236392e-06 7.78167395765195e-06 7.75372973293997e-06 7.725785508228e-06 7.73146985011408e-06 7.83803807280492e-06 7.94460720499046e-06 8.0511754276813e-06 8.15774455986684e-06 8.26431278255768e-06 8.37088100524852e-06 8.47745013743406e-06 8.5997680798755e-06 8.72733653523028e-06 8.85490499058506e-06 8.98247253644513e-06 9.11004099179991e-06 9.23760853765998e-06 9.36517699301476e-06 9.48476190387737e-06 9.5803961812635e-06 9.67602954915492e-06 9.77166382654104e-06 9.86729810392717e-06 9.96293238131329e-06 1.00585666586994e-05 1.01542009360855e-05
1.06309116745251e-05 1.04611972346902e-05 1.02914818853606e-05 1.0113047210325e-05 9.90845182968769e-06 9.70385644905036e-06 9.49926106841303e-06 9.2946656877757e-06 9.09007030713838e-06 8.88547492650105e-06 8.68087954586372e-06 8.56588576425565e-06 8.48075887915911e-06 8.39563199406257e-06 8.31050510896603e-06 8.22537731437478e-06 8.14025042927824e-06 8.0551235441817e-06 8.01067926659016e-06 8.08828099252423e-06 8.16588271845831e-06 8.24348353489768e-06 8.32108526083175e-06 8.39868698676582e-06 8.4762887126999e-06 8.55389043863397e-06 8.67060498421779e-06 8.80035804584622e-06 8.93011019797996e-06 9.05986235011369e-06 9.18961541174212e-06 9.31936756387586e-06 9.44911971600959e-06 9.57062184170354e-06 9.66737115959404e-06 9.76412047748454e-06 9.86087070486974e-06 9.95762002276024e-06 1.00543693406507e-05 1.01511186585412e-05 1.02478679764317e-05
1.11253257273347e-05 1.09957663880778e-05 1.08662070488208e-05 1.07215710158926e-05 1.05317067209398e-05 1.03418415164924e-05 1.01519772215397e-05 9.9621120170923e-06 9.77224772213958e-06 9.58238251769217e-06 9.39251822273945e-06 9.23831976251677e-06 9.09601021703565e-06 8.95370067155454e-06 8.81139112607343e-06 8.66908158059232e-06 8.52677203511121e-06 8.3844624896301e-06 8.28988868306624e-06 8.33852300274884e-06 8.38715732243145e-06 8.43579255160876e-06 8.48442687129136e-06 8.53306119097397e-06 8.58169642015127e-06 8.63033073983388e-06 8.74144188856008e-06 8.87337864696747e-06 9.00531631486956e-06 9.13725307327695e-06 9.26918983168434e-06 9.40112659009174e-06 9.53306334849913e-06 9.65648177952971e-06 9.75434704741929e-06 9.85221140581416e-06 9.95007667370373e-06 1.00479419415933e-05 1.01458062999882e-05 1.02436715678778e-05 1.03415359262726e-05
1.16197388706496e-05 1.15303355414653e-05 1.14409313027863e-05 1.13300957309548e-05 1.1154961612192e-05 1.09798274934292e-05 1.08046933746664e-05 1.06295592559036e-05 1.04544251371408e-05 1.0279291018378e-05 1.01041568996152e-05 9.91075467027258e-06 9.7112615549122e-06 9.51176934904652e-06 9.31227714318084e-06 9.11278493731515e-06 8.91329273144947e-06 8.71380052558379e-06 8.56909809954232e-06 8.58876592246816e-06 8.60843283589929e-06 8.62810065882513e-06 8.64776848175097e-06 8.66743630467681e-06 8.68710321810795e-06 8.70677104103379e-06 8.81227879290236e-06 8.94640015758341e-06 9.08052152226446e-06 9.21464288694551e-06 9.34876425162656e-06 9.48288561630761e-06 9.61700698098866e-06 9.74234262685059e-06 9.84132293524453e-06 9.94030324363848e-06 1.00392826425377e-05 1.01382629509317e-05 1.02372432593256e-05 1.03362235677196e-05 1.04352038761135e-05
1.21141520139645e-05 1.20649037853582e-05 1.20156564662466e-05 1.19386195365223e-05 1.17782165034441e-05 1.16178125608712e-05 1.14574095277931e-05 1.12970055852202e-05 1.1136602552142e-05 1.09761995190638e-05 1.08157955764909e-05 1.05831886685337e-05 1.03265138022834e-05 1.00698389360332e-05 9.81316406978294e-06 9.55648829403799e-06 9.29981342778774e-06 9.04313856153749e-06 8.8483075160184e-06 8.83900793269277e-06 8.82970834936714e-06 8.82040967553621e-06 8.81111009221058e-06 8.80181050888496e-06 8.79251092555933e-06 8.7832113422337e-06 8.88311569724465e-06 9.01942166819936e-06 9.15572672965936e-06 9.29203270061407e-06 9.42833867156878e-06 9.56464373302879e-06 9.7009497039835e-06 9.82820256467676e-06 9.92829791357508e-06 1.00283941719681e-05 1.01284895208664e-05 1.02285848697647e-05 1.03286802186631e-05 1.04287755675614e-05 1.05288709164597e-05
1.26085651572794e-05 1.25994729387457e-05 1.25903816297068e-05 1.25471442515845e-05 1.24014713946963e-05 1.2255798537808e-05 1.21101256809197e-05 1.19644528240315e-05 1.18187799671432e-05 1.16731071102549e-05 1.15274342533667e-05 1.12556226667948e-05 1.094176514016e-05 1.06279076135252e-05 1.03140500868903e-05 1.00001925602555e-05 9.68633503362071e-06 9.37247659749119e-06 9.12751693249447e-06 9.08925085241208e-06 9.05098386283498e-06 9.01271778275259e-06 8.97445170267019e-06 8.9361847130931e-06 8.8979186330107e-06 8.85965164343361e-06 8.95395260158693e-06 9.0924431788153e-06 9.23093284654897e-06 9.36942251428263e-06 9.507913091511e-06 9.64640275924467e-06 9.78489333647303e-06 9.91406341199763e-06 1.00152738014003e-05 1.01164851002977e-05 1.02176954897004e-05 1.03189058791031e-05 1.04201171780005e-05 1.05213275674032e-05 1.06225388663006e-05
1.3071832654532e-05 1.31107481138315e-05 1.3149663573131e-05 1.31466094899224e-05 1.30176476886845e-05 1.28886858874466e-05 1.27597249957034e-05 1.26307631944655e-05 1.25018013932277e-05 1.23728395919898e-05 1.22438787002466e-05 1.19450751299155e-05 1.15896582428832e-05 1.12342413558508e-05 1.08788244688185e-05 1.05234075817862e-05 1.01679906947538e-05 9.81257380772149e-06 9.52832033362938e-06 9.45755800785264e-06 9.3867947725812e-06 9.31603153730975e-06 9.24526830203831e-06 9.17450506676687e-06 9.10374183149543e-06 9.03297859622398e-06 9.11534880287945e-06 9.24876439967193e-06 9.3821790869697e-06 9.51559377426747e-06 9.64900846156524e-06 9.78242314886302e-06 9.91583783616079e-06 1.00402230600594e-05 1.01375189842656e-05 1.02348139989772e-05 1.03321099231835e-05 1.0429404937895e-05 1.05267008621013e-05 1.06239958768128e-05 1.07212918010191e-05
1.35039535962278e-05 1.3598727491626e-05 1.3693502296519e-05 1.37370161610306e-05 1.36267462949036e-05 1.35164764287765e-05 1.34062065626495e-05 1.32959366965224e-05 1.31856668303953e-05 1.3075397873763e-05 1.29651280076359e-05 1.26515460578958e-05 1.2270193110453e-05 1.18888410725049e-05 1.15074881250621e-05 1.11261351776193e-05 1.07447831396712e-05 1.03634301922284e-05 1.00507186289178e-05 9.94392939901445e-06 9.83713925961638e-06 9.73035002971301e-06 9.62356079980964e-06 9.51677156990627e-06 9.4099823400029e-06 9.30319220060483e-06 9.3673052106169e-06 9.48838533076923e-06 9.60946545092156e-06 9.73054557107389e-06 9.85162478173152e-06 9.97270490188384e-06 1.00937850220362e-05 1.02066824183566e-05 1.02950325526763e-05 1.03833817775012e-05 1.04717319118208e-05 1.05600811366457e-05 1.06484312709654e-05 1.07367804957903e-05 1.08251306301099e-05
1.39360736284289e-05 1.40867077789153e-05 1.42373419294017e-05 1.43274228321388e-05 1.42358449011226e-05 1.41442669701064e-05 1.40526890390902e-05 1.3961111108074e-05 1.38695331770577e-05 1.37779552460415e-05 1.36863773150253e-05 1.33580160763813e-05 1.29507279780228e-05 1.25434398796642e-05 1.2136150871811e-05 1.17288627734524e-05 1.13215746750939e-05 1.09142865767353e-05 1.05731160147116e-05 1.04303007901763e-05 1.02874846561463e-05 1.01446685221163e-05 1.0001853297581e-05 9.85903716355097e-06 9.71622193901567e-06 9.57340580498567e-06 9.61926070885966e-06 9.72800626186654e-06 9.83675181487342e-06 9.9454964583856e-06 1.00542420113925e-05 1.01629866549047e-05 1.02717322079116e-05 1.03731417766539e-05 1.04525461210869e-05 1.05319495560252e-05 1.06113539004582e-05 1.06907573353965e-05 1.07701616798295e-05 1.08495651147678e-05 1.09289694592007e-05
1.43681945701246e-05 1.45746880662045e-05 1.47811806527898e-05 1.4917829503247e-05 1.48449435073417e-05 1.47720566019416e-05 1.46991706060362e-05 1.46262846101308e-05 1.45533986142254e-05 1.44805126183201e-05 1.44076266224147e-05 1.40644870043616e-05 1.36312628455926e-05 1.31980386868236e-05 1.27648145280546e-05 1.23315903692855e-05 1.18983662105165e-05 1.14651420517475e-05 1.10955134005053e-05 1.09166721813381e-05 1.07378300526761e-05 1.05589879240142e-05 1.03801457953523e-05 1.02013036666904e-05 1.00224615380284e-05 9.84361940936651e-06 9.87121711659711e-06 9.96762719296385e-06 1.00640381788253e-05 1.0160448255192e-05 1.02568583315588e-05 1.03532693174202e-05 1.04496793937869e-05 1.05396011349512e-05 1.06100596894976e-05 1.06805173345492e-05 1.07509758890956e-05 1.08214335341472e-05 1.08918920886936e-05 1.09623497337452e-05 1.10328082882916e-05
1.48003155118204e-05 1.50626674439991e-05 1.53250202856725e-05 1.55082361743553e-05 1.5454041204066e-05 1.53998480527662e-05 1.53456530824769e-05 1.52914581121877e-05 1.52372640513931e-05 1.51830699905986e-05 1.51288759298041e-05 1.47709570228471e-05 1.43117977131624e-05 1.38526374939829e-05 1.33934781842981e-05 1.29343179651187e-05 1.24751577459392e-05 1.20159984362544e-05 1.16179116957937e-05 1.14030435724999e-05 1.11881745397113e-05 1.09733064164175e-05 1.07584382931236e-05 1.05435701698298e-05 1.03287020465359e-05 1.01138330137474e-05 1.01231726148399e-05 1.02072481240612e-05 1.02913236332824e-05 1.03754000519984e-05 1.04594755612197e-05 1.0543551070441e-05 1.06276265796623e-05 1.07060614027432e-05 1.07675732579082e-05 1.08290851130732e-05 1.08905978777329e-05 1.0952109732898e-05 1.10136224975577e-05 1.10751343527227e-05 1.11366462078877e-05
1.52324364535161e-05 1.55506477312883e-05 1.58688599185552e-05 1.60986419359688e-05 1.60631407197798e-05 1.60276376846014e-05 1.5992134649423e-05 1.59566334332339e-05 1.59211303980555e-05 1.58856273628771e-05 1.58501243276987e-05 1.54774279508274e-05 1.49923325807322e-05 1.45072363011423e-05 1.4022140931047e-05 1.35370455609518e-05 1.30519501908566e-05 1.25668548207614e-05 1.21403090815875e-05 1.18894149636617e-05 1.16385199362412e-05 1.13876249088207e-05 1.11367307908949e-05 1.08858357634745e-05 1.06349416455487e-05 1.03840466181282e-05 1.03751290225773e-05 1.04468699646532e-05 1.05186099972343e-05 1.05903509393102e-05 1.0662091881386e-05 1.07338328234619e-05 1.08055737655377e-05 1.08725207610405e-05 1.09250868263189e-05 1.09776528915972e-05 1.10302198663703e-05 1.10827859316487e-05 1.11353529064218e-05 1.11879189717001e-05 1.12404850369785e-05
