data/working_set_collections/6091692-Cassins_Sparrow-M2/1985/prevtot_avg.asc
NCOLS 265 
NROWS 230 
XLLCORNER -115.5625 
YLLCORNER 24.8333333333333 
CELLSIZE 0.0833333333333333 
NODATA_value -9999 
[rows 180 to 197 of 230, columns 123 to 163 of 265]
1.54162880789954e-05 1.5286595953512e-05 1.51569029185339e-05 1.50272107930505e-05 1.50947862493922e-05 1.52281190821668e-05 1.53614510054467e-05 1.54947829287266e-05 1.56281148520065e-05 1.57614485942759e-05 1.58947805175558e-05 1.60042000061367e-05 1.60418803716311e-05 1.6079562556115e-05 1.61172429216094e-05 1.61549251060933e-05 1.61926054715877e-05 1.62302876560716e-05 1.6267968021566e-05 1.62250089488225e-05 1.61551688506734e-05 1.60853305715136e-05 1.60154904733645e-05 1.59456503752153e-05 1.58758120960556e-05 1.58059719979065e-05 1.58520651893923e-05 1.62459582497831e-05 1.66398494911846e-05 1.70337425515754e-05 1.74276337929768e-05 1.78215268533677e-05 1.82154180947691e-05 1.860931115516e-05 1.8901533621829e-05 1.91598664969206e-05 1.94181993720122e-05 1.96765322471038e-05 1.99348651221953e-05 2.01931979972869e-05 2.04515308723785e-05
1.55486686708173e-05 1.54244171426399e-05 1.53001637954731e-05 1.51759122672956e-05 1.52488646563143e-05 1.53875535033876e-05 1.55262405314716e-05 1.56649293785449e-05 1.58036164066289e-05 1.59423052537022e-05 1.60809922817862e-05 1.62030737556051e-05 1.62753294716822e-05 1.63475870067487e-05 1.64198427228257e-05 1.64921002578922e-05 1.65643559739692e-05 1.66366135090357e-05 1.67088692251127e-05 1.66424961207667e-05 1.65299115906237e-05 1.64173270604806e-05 1.63047425303375e-05 1.61921580001945e-05 1.60795752890408e-05 1.59669907588977e-05 1.5985391655704e-05 1.63967470143689e-05 1.68081023730338e-05 1.7219459550688e-05 1.76308149093529e-05 1.80421720870072e-05 1.84535274456721e-05 1.88648846233264e-05 1.9118831914966e-05 1.93203104572603e-05 1.95217871805653e-05 1.97232657228597e-05 1.9924744265154e-05 2.01262228074484e-05 2.03277013497427e-05
1.56810492626391e-05 1.55622365127783e-05 1.54434255819069e-05 1.53246128320461e-05 1.5402943972731e-05 1.5546986105619e-05 1.56910300574964e-05 1.58350740093738e-05 1.59791179612512e-05 1.61231619131286e-05 1.6267205865006e-05 1.64019456860842e-05 1.65087785717333e-05 1.66156114573823e-05 1.6722442524042e-05 1.6829275409691e-05 1.69361064763507e-05 1.70429393619997e-05 1.71497722476488e-05 1.7059983292711e-05 1.6904654330574e-05 1.67493235494476e-05 1.65939945873106e-05 1.64386656251736e-05 1.62833366630366e-05 1.61280077008996e-05 1.61187163030263e-05 1.65475357789546e-05 1.69763570738724e-05 1.74051765498007e-05 1.78339978447184e-05 1.82628173206467e-05 1.8691636796575e-05 1.91204580914928e-05 1.9336130208103e-05 1.94807544176001e-05 1.96253768081078e-05 1.9770001017605e-05 1.99146234081127e-05 2.00592476176098e-05 2.02038700081175e-05
1.5813429854461e-05 1.57000577019062e-05 1.55866855493514e-05 1.5473315215786e-05 1.55570214701584e-05 1.57064205268398e-05 1.58558214025106e-05 1.60052204591921e-05 1.61546195158735e-05 1.63040185725549e-05 1.64534176292364e-05 1.66008194355527e-05 1.67422276717843e-05 1.6883635908016e-05 1.70250423252583e-05 1.71664505614899e-05 1.73078569787322e-05 1.74492652149638e-05 1.75906734511955e-05 1.74774686456658e-05 1.72793952515349e-05 1.7081321857404e-05 1.6883248463273e-05 1.66851732501527e-05 1.64870998560218e-05 1.62890264618909e-05 1.62520409503486e-05 1.66983263625298e-05 1.71446099557215e-05 1.75908935489133e-05 1.80371789610945e-05 1.84834625542862e-05 1.8929746147478e-05 1.93760315596592e-05 1.955342850124e-05 1.96411983779399e-05 1.97289664356504e-05 1.98167344933609e-05 1.99045043700607e-05 1.99922724277712e-05 2.00800404854817e-05
1.59458086272934e-05 1.58378788910341e-05 1.57299473357853e-05 1.56220157805365e-05 1.57110989675857e-05 1.58658549480606e-05 1.60206109285355e-05 1.61753650900209e-05 1.63301210704958e-05 1.64848752319813e-05 1.66396312124562e-05 1.67996931850212e-05 1.69756767718354e-05 1.71516585396603e-05 1.73276421264745e-05 1.75036257132888e-05 1.7679609300103e-05 1.78555910679279e-05 1.80315746547421e-05 1.789495581761e-05 1.76541379914852e-05 1.74133183463709e-05 1.71725005202461e-05 1.69316808751319e-05 1.6690863049007e-05 1.64500434038928e-05 1.63853674166603e-05 1.68491151271155e-05 1.73128628375707e-05 1.77766123670153e-05 1.82403600774705e-05 1.87041077879258e-05 1.91678573173704e-05 1.96316050278256e-05 1.9770726794377e-05 1.98016405192902e-05 1.98325560631929e-05 1.98634697881062e-05 1.98943835130194e-05 1.99252972379327e-05 1.99562109628459e-05
1.60781892191153e-05 1.59756982611725e-05 1.58732091222191e-05 1.57707181642763e-05 1.58651782840025e-05 1.60252893692814e-05 1.61854004545603e-05 1.63455115398392e-05 1.65056226251181e-05 1.6665733710397e-05 1.68258447956759e-05 1.69985669344896e-05 1.72091258718865e-05 1.7419682990294e-05 1.76302419276908e-05 1.78408008650877e-05 1.80513598024845e-05 1.8261916920892e-05 1.84724758582888e-05 1.83124429895543e-05 1.80288789124461e-05 1.77453166543273e-05 1.74617525772192e-05 1.7178188500111e-05 1.68946262419922e-05 1.66110621648841e-05 1.65186920639826e-05 1.69999038917013e-05 1.74811175384093e-05 1.7962329366128e-05 1.84435411938466e-05 1.89247548405547e-05 1.94059666682733e-05 1.9887178495992e-05 1.99880269065034e-05 1.996208447963e-05 1.9936143871746e-05 1.99102032638621e-05 1.98842626559781e-05 1.98583220480941e-05 1.98323814402102e-05
1.61682510224637e-05 1.60691342898645e-05 1.59700193762546e-05 1.58709026436554e-05 1.5965919374139e-05 1.61256484716432e-05 1.6285375750158e-05 1.64451048476622e-05 1.66048339451663e-05 1.67645612236811e-05 1.69242903211853e-05 1.70961466210429e-05 1.73043918039184e-05 1.75126351678045e-05 1.77208803506801e-05 1.79291255335556e-05 1.81373688974418e-05 1.83456140803173e-05 1.85538574442035e-05 1.83885840669973e-05 1.80988045030972e-05 1.78090231202077e-05 1.75192435563076e-05 1.72294621734181e-05 1.69396826095181e-05 1.6649903045618e-05 1.65522214956582e-05 1.70308394444874e-05 1.75094573933166e-05 1.79880753421457e-05 1.84666932909749e-05 1.89453112398041e-05 1.94239291886333e-05 1.99025471374625e-05 1.9995002730866e-05 1.99587375391275e-05 1.9922472347389e-05 1.98862071556505e-05 1.9849941963912e-05 1.98136767721735e-05 1.97774097614456e-05
1.62159903993597e-05 1.61181851581205e-05 1.60203780978918e-05 1.59225710376631e-05 1.60133258759743e-05 1.61669322551461e-05 1.63205404533073e-05 1.64741468324792e-05 1.6627753211651e-05 1.67813614098122e-05 1.69349677889841e-05 1.70924340636702e-05 1.72614745679311e-05 1.74305150721921e-05 1.7599555576453e-05 1.77685978997033e-05 1.79376384039642e-05 1.81066789082251e-05 1.82757212314755e-05 1.81233790499391e-05 1.78639093064703e-05 1.76044413819909e-05 1.73449716385221e-05 1.70855037140427e-05 1.68260339705739e-05 1.65665642271051e-05 1.64859538926976e-05 1.69419199664844e-05 1.73978860402713e-05 1.78538502950687e-05 1.83098163688555e-05 1.87657824426424e-05 1.92217466974398e-05 1.96777127712267e-05 1.9791659724433e-05 1.97915996977827e-05 1.97915396711323e-05 1.97914778254926e-05 1.97914177988423e-05 1.9791357772192e-05 1.97912977455417e-05
1.62637315952452e-05 1.61672342073871e-05 1.6070736819529e-05 1.59742412506603e-05 1.60607305588201e-05 1.6208216038649e-05 1.63557033374673e-05 1.65031888172962e-05 1.66506742971251e-05 1.6798159776954e-05 1.69456452567829e-05 1.70887196873082e-05 1.72185573319439e-05 1.73483949765796e-05 1.74782326212153e-05 1.7608070265851e-05 1.77379079104867e-05 1.78677455551224e-05 1.79975831997581e-05 1.78581740328809e-05 1.76290159288328e-05 1.73998596437741e-05 1.7170701539726e-05 1.69415434356779e-05 1.67123853316298e-05 1.64832272275817e-05 1.64196881087264e-05 1.68530004884815e-05 1.72863128682366e-05 1.7719627066981e-05 1.81529394467361e-05 1.85862518264912e-05 1.90195642062463e-05 1.94528784049908e-05 1.95883148990106e-05 1.96244600374484e-05 1.96606051758863e-05 1.96967503143242e-05 1.9732895452762e-05 1.97690405911999e-05 1.98051857296377e-05
1.63114709721413e-05 1.62162850756431e-05 1.61210973601555e-05 1.6025909644668e-05 1.61081370606553e-05 1.62495016411413e-05 1.63908662216272e-05 1.65322308021132e-05 1.66735953825992e-05 1.68149599630851e-05 1.69563245435711e-05 1.70850053109461e-05 1.71756400959566e-05 1.72662748809671e-05 1.73569096659776e-05 1.74475426319987e-05 1.75381774170091e-05 1.76288122020196e-05 1.77194451680407e-05 1.75929690158227e-05 1.73941225511953e-05 1.71952760865679e-05 1.69964296219405e-05 1.67975831573131e-05 1.65987366926856e-05 1.63998902280582e-05 1.63534205057658e-05 1.67640810104785e-05 1.71747415151913e-05 1.7585402019904e-05 1.79960625246167e-05 1.84067230293294e-05 1.88173835340422e-05 1.92280422197655e-05 1.93849700735882e-05 1.94573221961036e-05 1.95296724996297e-05 1.96020228031557e-05 1.96743731066817e-05 1.97467234102078e-05 1.98190737137338e-05
1.63592121680267e-05 1.62653341249097e-05 1.61714560817927e-05 1.60775780386757e-05 1.61555417435011e-05 1.62907854246441e-05 1.64260291057872e-05 1.65612727869302e-05 1.66965146490838e-05 1.68317583302269e-05 1.69670020113699e-05 1.70812927535735e-05 1.71327228599694e-05 1.71841547853546e-05 1.72355848917505e-05 1.72870168171357e-05 1.73384469235316e-05 1.73898770299274e-05 1.74413089553127e-05 1.7327765817754e-05 1.71592291735578e-05 1.69906943483511e-05 1.68221595231444e-05 1.66536228789482e-05 1.64850880537415e-05 1.63165532285348e-05 1.62871529028052e-05 1.66751615324756e-05 1.70631683431566e-05 1.74511769728269e-05 1.78391856024973e-05 1.82271924131783e-05 1.86152010428486e-05 1.90032078535296e-05 1.91816270671552e-05 1.92901825357694e-05 1.93987380043836e-05 1.95072934729978e-05 1.96158507606015e-05 1.97244062292157e-05 1.98329616978299e-05
1.64069533639122e-05 1.63143849931657e-05 1.62218166224193e-05 1.61292482516728e-05 1.62029482453363e-05 1.6332069208147e-05 1.64611919899471e-05 1.65903147717472e-05 1.67194357345579e-05 1.6848558516358e-05 1.69776812981581e-05 1.70775783772115e-05 1.70898056239821e-05 1.71020346897421e-05 1.71142619365128e-05 1.71264891832834e-05 1.7138716430054e-05 1.71509436768247e-05 1.71631709235953e-05 1.70625608006958e-05 1.69243357959203e-05 1.67861126101343e-05 1.66478876053588e-05 1.65096644195728e-05 1.63714394147974e-05 1.62332162290113e-05 1.62208871188341e-05 1.65862420544727e-05 1.69515969901113e-05 1.73169519257499e-05 1.76823068613885e-05 1.80476617970271e-05 1.84130185516551e-05 1.87783734872937e-05 1.89782822417328e-05 1.91230446944246e-05 1.9267805328127e-05 1.94125659618294e-05 1.95573265955318e-05 1.97020890482236e-05 1.9846849681926e-05
1.64902758115204e-05 1.63991353474557e-05 1.63079948833911e-05 1.62168544193264e-05 1.62813830684172e-05 1.63978038472123e-05 1.65142228070181e-05 1.66306435858132e-05 1.6747062545619e-05 1.68634833244141e-05 1.69799022842199e-05 1.70663497556234e-05 1.7062877304852e-05 1.705940667307e-05 1.70559360412881e-05 1.70524654095061e-05 1.70489929587347e-05 1.70455223269528e-05 1.70420516951708e-05 1.69459781318437e-05 1.68190381373279e-05 1.6692098142812e-05 1.65651563293068e-05 1.64382163347909e-05 1.63112763402751e-05 1.61843345267698e-05 1.61756634042831e-05 1.65217988978839e-05 1.68679343914846e-05 1.72140680660959e-05 1.75602035596967e-05 1.79063390532974e-05 1.82524727279088e-05 1.85986082215095e-05 1.88092944881646e-05 1.89748316188343e-05 1.9140368749504e-05 1.93059040611843e-05 1.9471441191854e-05 1.96369783225236e-05 1.98025154531933e-05
1.66091813298408e-05 1.65195870067691e-05 1.64299908647081e-05 1.63403965416364e-05 1.63908498507226e-05 1.64879875228507e-05 1.65851233759895e-05 1.66822592291282e-05 1.6779395082267e-05 1.68765309354058e-05 1.69736686075339e-05 1.70476032508304e-05 1.70519379025791e-05 1.70562743733171e-05 1.70606090250658e-05 1.70649436768144e-05 1.70692783285631e-05 1.70736147993011e-05 1.70779494510498e-05 1.69780196301872e-05 1.6843334378791e-05 1.67086491273949e-05 1.65739656949881e-05 1.6439280443592e-05 1.63045951921958e-05 1.61699117597891e-05 1.61514853971312e-05 1.64818320627091e-05 1.68121787282871e-05 1.71425253938651e-05 1.7472872059443e-05 1.78032205440104e-05 1.81335672095884e-05 1.84639138751663e-05 1.86746619874611e-05 1.88455451279879e-05 1.90164282685146e-05 1.91873095900519e-05 1.93581927305786e-05 1.95290758711053e-05 1.96999571926426e-05
1.67280868481612e-05 1.66400368470931e-05 1.65519886650145e-05 1.64639404829359e-05 1.6500316633028e-05 1.65781693794997e-05 1.66560221259715e-05 1.67338748724433e-05 1.6811727618915e-05 1.68895803653868e-05 1.69674331118586e-05 1.70288585650269e-05 1.70409985003062e-05 1.70531402545748e-05 1.70652820088435e-05 1.70774219441228e-05 1.70895636983914e-05 1.71017054526601e-05 1.71138453879394e-05 1.70100593095412e-05 1.68676306202542e-05 1.67252019309672e-05 1.65827732416801e-05 1.64403445523931e-05 1.6297915863106e-05 1.6155487173819e-05 1.61273055709898e-05 1.64418652275344e-05 1.6756424884079e-05 1.70709827216342e-05 1.73855423781788e-05 1.77001020347234e-05 1.80146598722786e-05 1.83292195288232e-05 1.85400313057471e-05 1.87162586371414e-05 1.88924877875252e-05 1.90687151189195e-05 1.92449442693032e-05 1.94211716006976e-05 1.95974007510813e-05
1.68469923664816e-05 1.67604885064065e-05 1.66739864653209e-05 1.65874826052459e-05 1.66097852343228e-05 1.66683530551381e-05 1.67269226949429e-05 1.67854923347477e-05 1.68440601555631e-05 1.69026297953678e-05 1.69611994351726e-05 1.7010112060234e-05 1.70300590980332e-05 1.70500079548219e-05 1.70699549926212e-05 1.70899020304205e-05 1.71098490682198e-05 1.71297961060191e-05 1.71497431438183e-05 1.70421008078847e-05 1.68919286807068e-05 1.67417547345394e-05 1.65915826073615e-05 1.64414086611941e-05 1.62912365340162e-05 1.61410625878489e-05 1.61031257448485e-05 1.64018983923597e-05 1.67006692208815e-05 1.69994400494033e-05 1.72982126969146e-05 1.75969835254364e-05 1.78957543539582e-05 1.819452518248e-05 1.84053988050437e-05 1.8586972146295e-05 1.87685473065358e-05 1.89501206477871e-05 1.91316958080279e-05 1.93132691492792e-05 1.94948424905306e-05
1.69658960658126e-05 1.688094016572e-05 1.67959824466379e-05 1.67110265465453e-05 1.67192520166282e-05 1.67585367307765e-05 1.67978232639143e-05 1.68371079780627e-05 1.68763926922111e-05 1.69156792253489e-05 1.69549639394972e-05 1.69913673744304e-05 1.70191196957603e-05 1.70468738360796e-05 1.70746279763989e-05 1.71023802977288e-05 1.71301344380481e-05 1.7157886759378e-05 1.71856408996973e-05 1.70741423062282e-05 1.69162249221699e-05 1.67583075381117e-05 1.66003901540535e-05 1.64424727699952e-05 1.62845572049264e-05 1.61266398208681e-05 1.60789477376966e-05 1.6361931557185e-05 1.6644913557684e-05 1.69278973771725e-05 1.72108811966609e-05 1.74938650161494e-05 1.77768488356378e-05 1.80598308361368e-05 1.82707663043402e-05 1.8457687474438e-05 1.86446068255464e-05 1.88315261766547e-05 1.90184455277631e-05 1.92053666978609e-05 1.93922860489693e-05
1.70848015841329e-05 1.70013918250334e-05 1.69179802469444e-05 1.68345686688554e-05 1.68287187989336e-05 1.68487204064149e-05 1.68687220138963e-05 1.68887236213777e-05 1.69087270478485e-05 1.69287286553299e-05 1.69487302628113e-05 1.69726208696375e-05 1.70081802934874e-05 1.70437415363267e-05 1.70793009601766e-05 1.71148603840265e-05 1.71504198078765e-05 1.71859792317264e-05 1.72215386555763e-05 1.71061819855822e-05 1.69405211636331e-05 1.6774860341684e-05 1.66091995197348e-05 1.64435386977857e-05 1.62778760568472e-05 1.6112215234898e-05 1.60547679115552e-05 1.63219647220103e-05 1.6589159713476e-05 1.68563547049416e-05 1.71235515153967e-05 1.73907465068623e-05 1.7657941498328e-05 1.79251364897937e-05 1.81361356226262e-05 1.83284009835916e-05 1.8520666344557e-05 1.87129317055224e-05 1.89051970664877e-05 1.90974624274531e-05 1.92897277884185e-05
