data/working_set_collections/6091692-Cassins_Sparrow-M2/1985/prevtot_avg.asc
NCOLS 265 
NROWS 230 
XLLCORNER -115.5625 
YLLCORNER 24.8333333333333 
CELLSIZE 0.0833333333333333 
NODATA_value -9999 
[rows 108 to 125 of 230, columns 123 to 163 of 265]
1.29019317682832e-05 1.29013833429781e-05 1.29008349176729e-05 1.29002864923677e-05 1.29470427054912e-05 1.30095686472487e-05 1.30720936795115e-05 1.31346196212689e-05 1.31971455630264e-05 1.32596705952892e-05 1.33221965370467e-05 1.3347654203244e-05 1.32619115902344e-05 1.31761689772247e-05 1.30904263642151e-05 1.30046837512054e-05 1.29189411381958e-05 1.28331985251862e-05 1.27474559121765e-05 1.2789600987162e-05 1.28743749883142e-05 1.29591480799718e-05 1.3043922081124e-05 1.31286960822763e-05 1.32134700834285e-05 1.32982440845808e-05 1.33819148686598e-05 1.34622741825297e-05 1.35426325869048e-05 1.36229919007747e-05 1.37033512146445e-05 1.37837105285143e-05 1.38640689328895e-05 1.39444282467593e-05 1.40389593070722e-05 1.41382133733714e-05 1.42374683491653e-05 1.43367224154645e-05 1.44359773912583e-05 1.45352314575575e-05 1.46344855238567e-05
1.29776044559549e-05 1.2991580661037e-05 1.30055577756139e-05 1.3019533980696e-05 1.30582320707617e-05 1.31051701828255e-05 1.31521073853946e-05 1.31990454974584e-05 1.32459836095222e-05 1.32929208120913e-05 1.33398589241551e-05 1.3358922842599e-05 1.32943659991724e-05 1.32298091557459e-05 1.31652523123194e-05 1.31006945593981e-05 1.30361377159716e-05 1.2971580872545e-05 1.29070240291185e-05 1.29473155539017e-05 1.30225580505794e-05 1.30978005472571e-05 1.317304213444e-05 1.32482846311177e-05 1.33235271277954e-05 1.33987687149784e-05 1.34752299345564e-05 1.35553473228356e-05 1.36354638016201e-05 1.37155811898992e-05 1.37956985781784e-05 1.38758150569629e-05 1.39559324452421e-05 1.40360498335212e-05 1.41298296512105e-05 1.42281642183661e-05 1.43264978760271e-05 1.44248324431828e-05 1.45231670103385e-05 1.46215015774942e-05 1.47198352351552e-05
1.30532762341318e-05 1.30817788885906e-05 1.31102806335548e-05 1.3138782378519e-05 1.31694205265376e-05 1.32007708089077e-05 1.32321210912778e-05 1.32634713736479e-05 1.3294821656018e-05 1.33261719383881e-05 1.33575222207583e-05 1.3370191481954e-05 1.33268204081105e-05 1.32834493342671e-05 1.32400773509289e-05 1.31967062770855e-05 1.31533342937473e-05 1.31099632199039e-05 1.30665912365657e-05 1.31050310301362e-05 1.31707420223393e-05 1.32364521050476e-05 1.3302162187756e-05 1.33678731799591e-05 1.34335832626675e-05 1.34992933453759e-05 1.3568545000453e-05 1.36484204631415e-05 1.37282950163353e-05 1.38081704790238e-05 1.38880450322176e-05 1.39679204949061e-05 1.40477959575946e-05 1.41276705107884e-05 1.42206999953487e-05 1.43181141538662e-05 1.44155283123837e-05 1.45129424709012e-05 1.46103566294187e-05 1.47077707879362e-05 1.48051849464537e-05
1.31289489218034e-05 1.31719762066496e-05 1.32150034914957e-05 1.32580307763419e-05 1.32806098918081e-05 1.32963723444846e-05 1.3312134797161e-05 1.33278972498374e-05 1.33436597025138e-05 1.33594221551903e-05 1.33751846078667e-05 1.33814601213089e-05 1.33592748170486e-05 1.33370886032935e-05 1.33149023895385e-05 1.32927170852781e-05 1.32705308715231e-05 1.32483455672627e-05 1.32261593535077e-05 1.32627465063706e-05 1.33189250846044e-05 1.33751036628382e-05 1.3431282241072e-05 1.34874608193059e-05 1.35436393975397e-05 1.35998179757735e-05 1.36618600663496e-05 1.37414936034475e-05 1.38211262310506e-05 1.39007597681484e-05 1.39803923957516e-05 1.40600259328494e-05 1.41396585604525e-05 1.42192920975504e-05 1.43115703394869e-05 1.44080649988609e-05 1.45045587487402e-05 1.46010524986195e-05 1.46975471579935e-05 1.47940409078728e-05 1.48905346577521e-05
1.32046206999803e-05 1.32621735247085e-05 1.33197263494367e-05 1.33772791741649e-05 1.3391798347584e-05 1.33919729705667e-05 1.33921485030442e-05 1.33923231260269e-05 1.33924977490096e-05 1.33926732814871e-05 1.33928479044698e-05 1.33927287606639e-05 1.33917292259866e-05 1.33907287818147e-05 1.33897283376427e-05 1.33887278934708e-05 1.33877274492988e-05 1.33867279146216e-05 1.33857274704496e-05 1.3420461982605e-05 1.34671090563643e-05 1.35137552206288e-05 1.3560402294388e-05 1.36070493681473e-05 1.36536955324118e-05 1.3700342606171e-05 1.37551751322462e-05 1.38345667437534e-05 1.39139574457658e-05 1.3993349057273e-05 1.40727397592855e-05 1.41521304612979e-05 1.42315220728051e-05 1.43109127748176e-05 1.44024406836252e-05 1.4498014934361e-05 1.45935891850968e-05 1.46891625263379e-05 1.47847367770737e-05 1.48803110278095e-05 1.49758843690506e-05
1.32802933876519e-05 1.33523708427674e-05 1.34244492073776e-05 1.34965275719878e-05 1.35029868033598e-05 1.34875745061436e-05 1.34721612994326e-05 1.34567490022164e-05 1.34413367050001e-05 1.34259234982892e-05 1.3410511201073e-05 1.34039974000189e-05 1.342418272543e-05 1.34443680508411e-05 1.34645533762523e-05 1.34847387016634e-05 1.35049240270746e-05 1.35251093524857e-05 1.35452946778969e-05 1.35781774588395e-05 1.36152921186294e-05 1.36524076879141e-05 1.3689522347704e-05 1.3726637007494e-05 1.37637525767786e-05 1.38008672365686e-05 1.38484901981428e-05 1.39276398840593e-05 1.40067886604811e-05 1.40859374369029e-05 1.41650871228194e-05 1.42442358992412e-05 1.4323384675663e-05 1.44025343615795e-05 1.44933119372581e-05 1.45879657793557e-05 1.46826196214533e-05 1.47772725540563e-05 1.48719263961539e-05 1.49665802382515e-05 1.50612340803491e-05
1.3349880646274e-05 1.34215597427101e-05 1.34932388391462e-05 1.35649179355823e-05 1.35663885885151e-05 1.35444570332766e-05 1.35225245685433e-05 1.35005930133048e-05 1.34786605485715e-05 1.34567289933329e-05 1.34347965285997e-05 1.34249794427888e-05 1.34515075842501e-05 1.34780348162167e-05 1.35045620481833e-05 1.35310892801499e-05 1.35576165121165e-05 1.35841446535778e-05 1.36106718855444e-05 1.36428543555667e-05 1.36769231176004e-05 1.37109909701394e-05 1.37450597321731e-05 1.37791284942068e-05 1.38131963467458e-05 1.38472651087795e-05 1.38936220537289e-05 1.39768453664146e-05 1.40600695885951e-05 1.41432929012808e-05 1.42265162139665e-05 1.4309740436147e-05 1.43929637488327e-05 1.44761879710131e-05 1.45638859976316e-05 1.4653075595561e-05 1.47422651934903e-05 1.48314547914197e-05 1.4920644389349e-05 1.50098339872784e-05 1.50990235852078e-05
1.34133833853411e-05 1.34697393150418e-05 1.35260952447425e-05 1.35824520839378e-05 1.35820037030498e-05 1.35626205519657e-05 1.35432374008815e-05 1.3523855159292e-05 1.35044720082078e-05 1.34850888571236e-05 1.34657066155341e-05 1.34556757984683e-05 1.34737010739627e-05 1.34917272589519e-05 1.3509753443941e-05 1.35277787194354e-05 1.35458049044246e-05 1.35638310894137e-05 1.35818572744029e-05 1.36144935822813e-05 1.36520002342877e-05 1.36895077957888e-05 1.37270144477952e-05 1.37645210998016e-05 1.38020286613028e-05 1.38395353133092e-05 1.38905688800151e-05 1.3982184100314e-05 1.4073799320613e-05 1.41654136314173e-05 1.42570288517163e-05 1.43486440720153e-05 1.44402583828196e-05 1.45318736031186e-05 1.46141637742403e-05 1.46933443829766e-05 1.47725259012077e-05 1.48517074194388e-05 1.49308889376698e-05 1.50100704559009e-05 1.50892510646372e-05
1.34768861244083e-05 1.35179188873735e-05 1.35589525598334e-05 1.35999853227986e-05 1.35976188175846e-05 1.35807849801495e-05 1.35639511427144e-05 1.35471173052792e-05 1.35302834678441e-05 1.3513449630409e-05 1.34966157929739e-05 1.34863712446531e-05 1.34958954731701e-05 1.35054197016871e-05 1.35149448396987e-05 1.35244690682157e-05 1.35339932967327e-05 1.35435175252496e-05 1.35530417537666e-05 1.35861328089959e-05 1.36270782604697e-05 1.36680237119435e-05 1.37089691634174e-05 1.37499146148912e-05 1.3790860066365e-05 1.38318055178388e-05 1.38875166157959e-05 1.39875228342135e-05 1.4087529052631e-05 1.41875352710485e-05 1.42875414894661e-05 1.43875477078836e-05 1.44875539263012e-05 1.45875601447187e-05 1.46644406413543e-05 1.4733614079887e-05 1.48027875184198e-05 1.48719600474578e-05 1.49411334859906e-05 1.50103069245233e-05 1.50794794535614e-05
1.35403888634755e-05 1.35660993691999e-05 1.35918089654297e-05 1.36175194711541e-05 1.36132330226246e-05 1.35989484988386e-05 1.35846639750525e-05 1.35703785417718e-05 1.35560940179857e-05 1.35418094941997e-05 1.35275249704137e-05 1.3517066690838e-05 1.35180898723775e-05 1.3519113053917e-05 1.35201353259617e-05 1.35211585075012e-05 1.35221816890407e-05 1.35232048705802e-05 1.3524227142625e-05 1.35577711262158e-05 1.3602155377157e-05 1.36465396280983e-05 1.36909238790395e-05 1.37353081299807e-05 1.37796923809219e-05 1.38240766318631e-05 1.38844643515768e-05 1.39928615681129e-05 1.4101258784649e-05 1.42096560011851e-05 1.43180532177212e-05 1.4426451343752e-05 1.45348485602881e-05 1.46432457768242e-05 1.4714718417963e-05 1.47738837767974e-05 1.48330482261372e-05 1.48922135849716e-05 1.49513780343113e-05 1.50105433931458e-05 1.50697078424855e-05
1.36038916025427e-05 1.36142789415317e-05 1.36246662805206e-05 1.36350527100149e-05 1.36288481371594e-05 1.36171120175277e-05 1.36053768073907e-05 1.3593640687759e-05 1.35819054776221e-05 1.35701693579904e-05 1.35584341478534e-05 1.35477630465175e-05 1.35402842715848e-05 1.35328054966521e-05 1.35253267217195e-05 1.35178479467868e-05 1.35103700813488e-05 1.35028913064161e-05 1.34954125314835e-05 1.35294103529304e-05 1.3577233403339e-05 1.3625055544253e-05 1.36728785946616e-05 1.37207016450702e-05 1.37685237859841e-05 1.38163468363928e-05 1.38814111778629e-05 1.39982003020123e-05 1.41149885166669e-05 1.42317776408163e-05 1.4348565855471e-05 1.44653540701256e-05 1.4582143194275e-05 1.46989314089296e-05 1.47649961945717e-05 1.48141525642131e-05 1.48633098433493e-05 1.49124662129907e-05 1.49616225826321e-05 1.50107798617682e-05 1.50599362314097e-05
1.36673943416099e-05 1.36624585138634e-05 1.36575226861169e-05 1.36525868583703e-05 1.36444623421994e-05 1.36352764457115e-05 1.36260896397289e-05 1.36169028337463e-05 1.36077160277637e-05 1.35985301312758e-05 1.35893433252932e-05 1.35784584927023e-05 1.35624786707922e-05 1.35464979393873e-05 1.35305181174772e-05 1.3514538295567e-05 1.34985584736569e-05 1.3482577742252e-05 1.34665979203419e-05 1.35010486701503e-05 1.35523105200264e-05 1.36035714604077e-05 1.36548333102837e-05 1.37060951601597e-05 1.37573561005411e-05 1.38086179504171e-05 1.38783589136438e-05 1.4003538126417e-05 1.41287182486849e-05 1.42538983709528e-05 1.43790784932207e-05 1.4504257705994e-05 1.46294378282619e-05 1.47546179505298e-05 1.48152739711804e-05 1.48544222611235e-05 1.48935705510667e-05 1.49327188410098e-05 1.49718671309529e-05 1.50110163303907e-05 1.50501646203338e-05
1.37556771733216e-05 1.37345259645372e-05 1.37133756652474e-05 1.36922253659577e-05 1.36764465423767e-05 1.36624576043687e-05 1.36484686663607e-05 1.36344797283527e-05 1.36204907903448e-05 1.36065018523368e-05 1.35925129143288e-05 1.35780728669488e-05 1.35622758534737e-05 1.35464788399986e-05 1.35306818265235e-05 1.35148848130484e-05 1.34990877995733e-05 1.34832907860982e-05 1.34674937726231e-05 1.35025265990407e-05 1.35545024022576e-05 1.36064791149693e-05 1.36584549181862e-05 1.37104307214031e-05 1.376240652462e-05 1.38143823278369e-05 1.38847635753336e-05 1.40103611556697e-05 1.4135957826511e-05 1.4261555406847e-05 1.43871529871831e-05 1.45127496580244e-05 1.46383472383604e-05 1.47639448186965e-05 1.48209473991301e-05 1.48550861922558e-05 1.48892240758869e-05 1.49233628690126e-05 1.49575007526437e-05 1.49916395457694e-05 1.50257783388952e-05
1.38687382786884e-05 1.38304822030477e-05 1.3792226127407e-05 1.37539700517664e-05 1.37247998281964e-05 1.36986573124886e-05 1.36725147967809e-05 1.36463722810731e-05 1.36202288558707e-05 1.35940863401629e-05 1.35679438244551e-05 1.35466052597621e-05 1.35396758196293e-05 1.35327463794965e-05 1.35258178488584e-05 1.35188884087256e-05 1.35119598780875e-05 1.35050304379547e-05 1.34981009978219e-05 1.35338441396016e-05 1.35838099595276e-05 1.36337757794536e-05 1.36837425088743e-05 1.37337083288003e-05 1.3783675058221e-05 1.3833640878147e-05 1.39006260724273e-05 1.40186666612863e-05 1.41367072501453e-05 1.4254748748499e-05 1.4372789337358e-05 1.4490829926217e-05 1.46088714245707e-05 1.47269120134297e-05 1.47820173879154e-05 1.481614435761e-05 1.485027041781e-05 1.48843973875046e-05 1.49185234477045e-05 1.49526504173991e-05 1.49867773870938e-05
1.39817993840552e-05 1.39264384415583e-05 1.38710765895667e-05 1.38157156470697e-05 1.37731531140162e-05 1.37348561111139e-05 1.36965600177064e-05 1.36582639242988e-05 1.36199678308913e-05 1.3581670827989e-05 1.35433747345814e-05 1.35151376525755e-05 1.3517075785785e-05 1.35190148284892e-05 1.35209538711933e-05 1.35228920044028e-05 1.3524831047107e-05 1.35267700898112e-05 1.35287082230207e-05 1.35651607706677e-05 1.36131175167975e-05 1.36610733534326e-05 1.37090300995624e-05 1.37569868456922e-05 1.38049435918219e-05 1.3852899428457e-05 1.39164885695209e-05 1.40269730763976e-05 1.41374575832742e-05 1.42479420901509e-05 1.43584265970276e-05 1.44689111039042e-05 1.45793956107809e-05 1.46898801176576e-05 1.47430873767007e-05 1.47772016134695e-05 1.4811316759733e-05 1.48454319059965e-05 1.48795461427653e-05 1.49136612890288e-05 1.49477764352923e-05
1.4094860489422e-05 1.40223937705741e-05 1.39499270517263e-05 1.38774603328784e-05 1.38215054903412e-05 1.37710558192339e-05 1.37206061481265e-05 1.36701555675245e-05 1.36197058964171e-05 1.35692553158151e-05 1.35188056447078e-05 1.34836700453889e-05 1.34944766614353e-05 1.35052832774818e-05 1.35160898935283e-05 1.352689560008e-05 1.35377022161265e-05 1.3548508832173e-05 1.35593154482194e-05 1.35964774017339e-05 1.36424241645727e-05 1.36883709274116e-05 1.37343176902505e-05 1.37802644530893e-05 1.38262121254229e-05 1.38721588882618e-05 1.39323510666145e-05 1.40352785820141e-05 1.41382070069085e-05 1.42411354318028e-05 1.43440629472025e-05 1.44469913720968e-05 1.45499188874965e-05 1.46528473123908e-05 1.47041564559913e-05 1.47382597788237e-05 1.47723631016561e-05 1.48064655149938e-05 1.48405688378261e-05 1.48746721606585e-05 1.49087754834909e-05
1.42079225042835e-05 1.41183500090847e-05 1.40287775138859e-05 1.39392050186871e-05 1.3869858776161e-05 1.38072555273538e-05 1.3744651369052e-05 1.36820481202449e-05 1.3619443961943e-05 1.35568398036412e-05 1.34942365548341e-05 1.34522024382022e-05 1.3471876627591e-05 1.34915508169797e-05 1.35112250063685e-05 1.35309001052519e-05 1.35505742946407e-05 1.35702484840294e-05 1.35899226734182e-05 1.36277940328e-05 1.36717317218427e-05 1.37156685013906e-05 1.37596061904333e-05 1.38035429699812e-05 1.38474797495292e-05 1.38914174385718e-05 1.39482135637081e-05 1.40435849971254e-05 1.41389564305427e-05 1.42343278639601e-05 1.43297002068721e-05 1.44250716402894e-05 1.45204430737067e-05 1.4615814507124e-05 1.46652264447766e-05 1.46993179441779e-05 1.47334085340844e-05 1.47675000334857e-05 1.4801591532887e-05 1.48356830322882e-05 1.48697745316895e-05
1.43209836096503e-05 1.42143053381005e-05 1.41076279760455e-05 1.40009497044957e-05 1.39182120619807e-05 1.38434543259791e-05 1.37686974994722e-05 1.36939397634706e-05 1.36191820274689e-05 1.35444242914673e-05 1.34696674649604e-05 1.34207348310156e-05 1.34492765937466e-05 1.34778192659724e-05 1.35063610287034e-05 1.35349037009291e-05 1.35634454636602e-05 1.35919881358859e-05 1.3620529898617e-05 1.36591115733609e-05 1.37010383696179e-05 1.37429660753696e-05 1.37848937811214e-05 1.38268214868731e-05 1.38687482831301e-05 1.39106759888818e-05 1.3964075151307e-05 1.4051890502742e-05 1.4139705854177e-05 1.4227521205612e-05 1.4315336557047e-05 1.4403151908482e-05 1.44909672599169e-05 1.45787826113519e-05 1.46262955240672e-05 1.46603752000374e-05 1.46944548760075e-05 1.47285345519776e-05 1.47626142279478e-05 1.47966939039179e-05 1.4830773579888e-05
