data/working_set_collections/6091692-Cassins_Sparrow-M2/1985/prevtot_avg.asc
NCOLS 265 
NROWS 230 
XLLCORNER -115.5625 
YLLCORNER 24.8333333333333 
CELLSIZE 0.0833333333333333 
NODATA_value -9999 
[rows 72 to 89 of 230, columns 41 to 81 of 265]
1.41706013891962e-05 1.43629667945788e-05 1.45553331094561e-05 1.46252614285913e-05 1.43278775794897e-05 1.40304937303881e-05 1.37331098812865e-05 1.34357260321849e-05 1.31383421830833e-05 1.28409583339817e-05 1.25435744848801e-05 1.23598156278604e-05 1.2213932677696e-05 1.20680497275316e-05 1.19221667773672e-05 1.17762838272029e-05 1.16304008770385e-05 1.14845179268741e-05 1.13686592158047e-05 1.13428759505041e-05 1.13170926852035e-05 1.1291309419903e-05 1.12655261546024e-05 1.12397428893019e-05 1.12139596240013e-05 1.11881763587007e-05 1.1276060831733e-05 1.14018348540412e-05 1.15276097858441e-05 1.16533838081523e-05 1.17791578304605e-05 1.19049327622633e-05 1.20307067845715e-05 1.21392067740089e-05 1.21958828458446e-05 1.22525589176803e-05 1.2309234989516e-05 1.23659110613517e-05 1.24225871331873e-05 1.2479263205023e-05 1.25359401863534e-05
1.38511531986296e-05 1.40107886181795e-05 1.41704249472241e-05 1.42217304528458e-05 1.39480453071883e-05 1.36743610710255e-05 1.3400675925368e-05 1.31269907797105e-05 1.28533065435477e-05 1.25796213978902e-05 1.23059362522326e-05 1.21231114462717e-05 1.19705737233744e-05 1.18180350909824e-05 1.16654973680852e-05 1.15129587356932e-05 1.1360421012796e-05 1.1207882380404e-05 1.10977352960617e-05 1.11147601273842e-05 1.11317849587067e-05 1.11488097900292e-05 1.11658346213517e-05 1.11828594526742e-05 1.11998842839967e-05 1.12169091153191e-05 1.13053856694023e-05 1.14176800707355e-05 1.15299744720687e-05 1.16422688734019e-05 1.17545632747351e-05 1.18668576760683e-05 1.19791520774015e-05 1.20818685900304e-05 1.21558505270514e-05 1.22298324640724e-05 1.23038153105881e-05 1.23777972476091e-05 1.24517800941248e-05 1.25257620311459e-05 1.25997448776616e-05
1.3531705008063e-05 1.36586113512749e-05 1.37855167849921e-05 1.38181994771003e-05 1.35682130348869e-05 1.33182275021682e-05 1.30682419694494e-05 1.28182564367307e-05 1.25682699945173e-05 1.23182844617986e-05 1.20682989290799e-05 1.18864072646829e-05 1.17272138595581e-05 1.15680204544333e-05 1.14088279588032e-05 1.12496345536783e-05 1.10904411485535e-05 1.09312477434287e-05 1.08268113763188e-05 1.08866443042643e-05 1.09464772322099e-05 1.10063101601554e-05 1.10661430881009e-05 1.11259751065518e-05 1.11858080344973e-05 1.12456409624428e-05 1.13347105070716e-05 1.14335243779351e-05 1.15323391582933e-05 1.16311539386516e-05 1.17299678095151e-05 1.18287825898733e-05 1.19275973702315e-05 1.20245304060518e-05 1.21158182082581e-05 1.22071069199592e-05 1.22983956316602e-05 1.23896843433613e-05 1.24809721455676e-05 1.25722608572687e-05 1.26635495689698e-05
1.32122577269911e-05 1.33064331748756e-05 1.340060862276e-05 1.34146685013548e-05 1.31883816720801e-05 1.29620948428055e-05 1.27358080135309e-05 1.25095211842563e-05 1.22832343549817e-05 1.20569475257071e-05 1.18306606964325e-05 1.16497030830942e-05 1.14838549052365e-05 1.13180067273788e-05 1.11521576400264e-05 1.09863094621687e-05 1.0820461284311e-05 1.06546131064533e-05 1.05558874565759e-05 1.06585284811445e-05 1.0761169505713e-05 1.08638096207869e-05 1.09664506453555e-05 1.10690916699241e-05 1.11717326944927e-05 1.12743737190613e-05 1.13640353447408e-05 1.14493695946294e-05 1.15347038445179e-05 1.16200390039012e-05 1.17053732537897e-05 1.17907075036783e-05 1.18760426630615e-05 1.19671922220732e-05 1.20757867989596e-05 1.2184381375846e-05 1.22929759527324e-05 1.24015705296188e-05 1.25101651065052e-05 1.26187596833915e-05 1.27273542602779e-05
1.28928095364245e-05 1.29542549984762e-05 1.3015700460528e-05 1.30111366161145e-05 1.28085493997787e-05 1.26059612739482e-05 1.24033740576124e-05 1.22007859317819e-05 1.19981987154461e-05 1.17956105896155e-05 1.15930233732797e-05 1.14129989015055e-05 1.12404950414202e-05 1.10679920908296e-05 1.08954882307444e-05 1.07229852801538e-05 1.05504814200685e-05 1.0377978469478e-05 1.02849626273382e-05 1.04304117485299e-05 1.05758608697215e-05 1.07213099909131e-05 1.08667591121048e-05 1.10122082332964e-05 1.1157657354488e-05 1.13031064756797e-05 1.13933601824101e-05 1.14652148113237e-05 1.15370694402372e-05 1.16089240691508e-05 1.16807786980644e-05 1.1752633326978e-05 1.18244879558915e-05 1.19098540380946e-05 1.20357544801664e-05 1.21616549222381e-05 1.22875562738045e-05 1.24134567158762e-05 1.2539357157948e-05 1.26652585095144e-05 1.27911589515861e-05
1.25733622553525e-05 1.26020768220769e-05 1.2630792298296e-05 1.2607605640369e-05 1.24287171274773e-05 1.22498286145856e-05 1.20709401016939e-05 1.18920515888021e-05 1.17131621664157e-05 1.1534273653524e-05 1.13553851406323e-05 1.11762938104221e-05 1.09971360870986e-05 1.08179774542805e-05 1.06388188214623e-05 1.04596601886442e-05 1.0280501555826e-05 1.01013438325026e-05 1.00140387075953e-05 1.020229592541e-05 1.03905531432247e-05 1.05788103610394e-05 1.0767067578854e-05 1.09553247966687e-05 1.11435820144834e-05 1.13318392322981e-05 1.14226841105847e-05 1.14810591185233e-05 1.15394341264619e-05 1.15978091344004e-05 1.16561832328443e-05 1.17145582407829e-05 1.17729332487215e-05 1.18525158541161e-05 1.19957221613731e-05 1.21389293781249e-05 1.22821365948766e-05 1.24253429021337e-05 1.25685501188855e-05 1.27117564261425e-05 1.28549636428943e-05
1.22451265269774e-05 1.22464161904645e-05 1.22477058539516e-05 1.22099590953439e-05 1.2055105798936e-05 1.1900252502528e-05 1.17453992061201e-05 1.15905468192068e-05 1.14356935227988e-05 1.12808402263909e-05 1.11259869299829e-05 1.09727097878931e-05 1.08199592432356e-05 1.06672077890835e-05 1.05144563349313e-05 1.03617057902738e-05 1.02089543361217e-05 1.00562028819695e-05 9.98731957224663e-06 1.01700397863169e-05 1.03527590908925e-05 1.05354793049628e-05 1.07181986095384e-05 1.09009188236087e-05 1.10836381281842e-05 1.12663583422545e-05 1.13563655759208e-05 1.14154681796208e-05 1.14745716928155e-05 1.15336752060102e-05 1.15927778097102e-05 1.1651881322905e-05 1.17109848360997e-05 1.17923891593819e-05 1.19407004604e-05 1.20890108519234e-05 1.22373221529415e-05 1.23856325444649e-05 1.2533943845483e-05 1.26822551465011e-05 1.28305655380245e-05
1.19081032607937e-05 1.18872721941443e-05 1.18664411274949e-05 1.18181978905341e-05 1.16877163236495e-05 1.1557234756765e-05 1.14267531898804e-05 1.12962716229958e-05 1.11657900561113e-05 1.10353084892267e-05 1.09048269223422e-05 1.08022459244239e-05 1.07089645098313e-05 1.06156830952386e-05 1.0522401680646e-05 1.04291202660534e-05 1.03358388514607e-05 1.02425574368681e-05 1.02048052212922e-05 1.03336424217559e-05 1.0462478712725e-05 1.05913159131887e-05 1.07201531136525e-05 1.08489894046215e-05 1.09778266050853e-05 1.1106663805549e-05 1.11944027594291e-05 1.1268442904111e-05 1.13424821392982e-05 1.14165222839802e-05 1.14905624286621e-05 1.1564602573344e-05 1.16386418085312e-05 1.17294748633867e-05 1.18706875582575e-05 1.20119002531283e-05 1.21531138574937e-05 1.22943265523645e-05 1.24355392472353e-05 1.25767519421061e-05 1.27179646369768e-05
1.15710790851153e-05 1.15281281978241e-05 1.14851764010382e-05 1.14264357762295e-05 1.13203259388683e-05 1.12142161015072e-05 1.1108106264146e-05 1.10019973362796e-05 1.08958874989185e-05 1.07897776615573e-05 1.06836678241962e-05 1.06317820609547e-05 1.05979697764269e-05 1.05641584013938e-05 1.0530346116866e-05 1.04965347418329e-05 1.04627233667998e-05 1.0428911082272e-05 1.04222908703377e-05 1.0497245057195e-05 1.05721992440522e-05 1.06471534309094e-05 1.07221067082719e-05 1.07970608951291e-05 1.08720150819863e-05 1.09469692688435e-05 1.10324399429373e-05 1.11214167191065e-05 1.12103934952756e-05 1.12993702714448e-05 1.13883461381192e-05 1.14773229142884e-05 1.15662996904575e-05 1.16665605673916e-05 1.18006755656097e-05 1.19347905638278e-05 1.20689046525513e-05 1.22030196507694e-05 1.23371346489876e-05 1.2471248737711e-05 1.26053637359291e-05
1.12340558189317e-05 1.11689842015039e-05 1.11039116745815e-05 1.10346736619249e-05 1.09529355540872e-05 1.08711983557441e-05 1.07894602479064e-05 1.07077221400687e-05 1.06259840322309e-05 1.05442468338879e-05 1.04625087260501e-05 1.04613172879908e-05 1.04869759525172e-05 1.0512633707549e-05 1.05382914625807e-05 1.05639492176124e-05 1.05896069726441e-05 1.06152656371705e-05 1.06397765193833e-05 1.0660847692634e-05 1.06819188658847e-05 1.07029900391353e-05 1.0724061212386e-05 1.07451323856367e-05 1.07662035588874e-05 1.0787274732138e-05 1.08704771264456e-05 1.0974390534102e-05 1.10783039417583e-05 1.11822173494147e-05 1.12861307570711e-05 1.13900441647274e-05 1.14939575723838e-05 1.16036462713964e-05 1.17306626634672e-05 1.18576799650327e-05 1.19846963571035e-05 1.21117127491743e-05 1.22387291412451e-05 1.23657464428106e-05 1.24927628348814e-05
1.0897032552748e-05 1.08098402051837e-05 1.07226478576194e-05 1.06429115476203e-05 1.05855460788007e-05 1.05281797004864e-05 1.0470813322172e-05 1.04134478533524e-05 1.03560814750381e-05 1.02987150967238e-05 1.02413496279041e-05 1.02908534245216e-05 1.03759812191129e-05 1.04611090137041e-05 1.05462368082954e-05 1.06313636933919e-05 1.07164914879831e-05 1.08016192825744e-05 1.08572621684289e-05 1.0824450328073e-05 1.07916384877171e-05 1.07588266473613e-05 1.07260157165001e-05 1.06932038761443e-05 1.06603920357884e-05 1.06275801954325e-05 1.07085143099539e-05 1.08273643490975e-05 1.09462143882411e-05 1.10650644273846e-05 1.11839144665282e-05 1.13027645056718e-05 1.14216145448154e-05 1.15407319754013e-05 1.16606506708195e-05 1.17805693662376e-05 1.19004871521611e-05 1.20204058475792e-05 1.21403245429974e-05 1.22602432384156e-05 1.23801619338337e-05
1.05600092865643e-05 1.04506962088635e-05 1.03413831311627e-05 1.02511503428104e-05 1.02181556940195e-05 1.01851610452286e-05 1.01521673059324e-05 1.01191726571415e-05 1.00861789178452e-05 1.00531842690543e-05 1.00201896202634e-05 1.01203895610524e-05 1.02649864857085e-05 1.04095843198593e-05 1.05541812445153e-05 1.06987790786661e-05 1.08433760033222e-05 1.0987973837473e-05 1.10747478174744e-05 1.0988052963512e-05 1.09013590190443e-05 1.08146641650819e-05 1.07279693111195e-05 1.06412744571571e-05 1.05545805126894e-05 1.0467885658727e-05 1.05465524029569e-05 1.06803390735877e-05 1.08141257442185e-05 1.09479124148493e-05 1.10816990854801e-05 1.12154857561109e-05 1.13492724267417e-05 1.14778176794061e-05 1.1590637768677e-05 1.17034587674425e-05 1.18162788567133e-05 1.19290989459842e-05 1.20419199447497e-05 1.21547400340205e-05 1.2267561032786e-05
1.04733035186655e-05 1.03539223346161e-05 1.02345411505667e-05 1.01419391285162e-05 1.01296745924628e-05 1.01174100564094e-05 1.0105145520356e-05 1.00928809843026e-05 1.00806164482492e-05 1.00683528216905e-05 1.00560882856371e-05 1.01709383670823e-05 1.03281599876937e-05 1.0485381608305e-05 1.06426032289164e-05 1.07998257590225e-05 1.09570473796339e-05 1.11142690002453e-05 1.12073630589293e-05 1.11080735223368e-05 1.10087848952389e-05 1.09094962681411e-05 1.08102067315485e-05 1.07109181044507e-05 1.06116285678581e-05 1.05123399407603e-05 1.05871722553275e-05 1.0720044883783e-05 1.08529184217332e-05 1.09857910501887e-05 1.11186636786442e-05 1.12515372165944e-05 1.138440984505e-05 1.15080592877348e-05 1.16040364446235e-05 1.17000145110069e-05 1.17959925773903e-05 1.18919706437737e-05 1.19879487101571e-05 1.20839267765405e-05 1.21799039334292e-05
1.06369170680409e-05 1.05195185824414e-05 1.04021210063365e-05 1.03152779047377e-05 1.03201018646359e-05 1.03249249150394e-05 1.03297488749376e-05 1.03345728348359e-05 1.03393958852394e-05 1.03442198451376e-05 1.03490438050358e-05 1.04424998426111e-05 1.05655008155736e-05 1.06885017885361e-05 1.08115027614986e-05 1.0934503734461e-05 1.10575047074235e-05 1.1180505680386e-05 1.12551078927936e-05 1.1184512914042e-05 1.11139179352904e-05 1.10433229565388e-05 1.09727279777871e-05 1.09021329990355e-05 1.08315380202839e-05 1.07609430415323e-05 1.0830375686055e-05 1.09464835986728e-05 1.10625924207852e-05 1.11787012428977e-05 1.12948091555154e-05 1.14109179776278e-05 1.15270267997403e-05 1.16314558908925e-05 1.1700846698659e-05 1.17702375064255e-05 1.18396283141919e-05 1.19090191219584e-05 1.19784108392196e-05 1.2047801646986e-05 1.21171924547525e-05
1.08005297079217e-05 1.06851157397614e-05 1.05697008621064e-05 1.04886175904539e-05 1.05105291368091e-05 1.05324406831642e-05 1.05543522295193e-05 1.05762637758744e-05 1.05981753222295e-05 1.06200868685846e-05 1.06419984149397e-05 1.07140622276347e-05 1.08028416434536e-05 1.08916219687671e-05 1.09804022940807e-05 1.10691826193943e-05 1.11579620352131e-05 1.12467423605267e-05 1.13028527266579e-05 1.12609513962525e-05 1.12190500658471e-05 1.11771496449364e-05 1.11352483145311e-05 1.10933469841257e-05 1.1051446563215e-05 1.10095452328096e-05 1.10735782072879e-05 1.11729223135626e-05 1.12722664198373e-05 1.13716114356066e-05 1.14709555418813e-05 1.15702996481559e-05 1.16696437544306e-05 1.1754853403545e-05 1.17976569526945e-05 1.18404605018441e-05 1.18832649604883e-05 1.19260685096378e-05 1.19688720587874e-05 1.20116765174316e-05 1.20544800665812e-05
1.09641432572971e-05 1.08507119875867e-05 1.07372807178763e-05 1.06619563666754e-05 1.07009564089822e-05 1.07399564512889e-05 1.07789555841009e-05 1.08179556264076e-05 1.08569547592197e-05 1.08959548015264e-05 1.09349539343384e-05 1.09856237031636e-05 1.10401824713335e-05 1.10947421489982e-05 1.11493018266628e-05 1.12038605948328e-05 1.12584202724975e-05 1.13129790406674e-05 1.13505966510274e-05 1.1337389878463e-05 1.13241831058986e-05 1.13109763333341e-05 1.12977695607697e-05 1.12845618787105e-05 1.12713551061461e-05 1.12581483335816e-05 1.13167816380155e-05 1.13993610284524e-05 1.1481941328384e-05 1.15645207188209e-05 1.16471010187524e-05 1.1729681318684e-05 1.18122607091209e-05 1.18782500067027e-05 1.189446720673e-05 1.19106834972627e-05 1.192690069729e-05 1.19431178973173e-05 1.19593341878499e-05 1.19755513878772e-05 1.19917676784098e-05
1.11277568066726e-05 1.1016308235412e-05 1.09048605736461e-05 1.08352960523916e-05 1.08913836811553e-05 1.09474713099189e-05 1.10035589386825e-05 1.10596465674462e-05 1.11157341962098e-05 1.11718218249734e-05 1.12279094537371e-05 1.12571851786925e-05 1.12775242087082e-05 1.12978623292292e-05 1.13182004497503e-05 1.1338539479766e-05 1.13588776002871e-05 1.13792157208081e-05 1.13983414848917e-05 1.14138283606735e-05 1.142931614595e-05 1.14448030217318e-05 1.14602898975136e-05 1.14757767732954e-05 1.14912636490772e-05 1.15067505248589e-05 1.15599841592484e-05 1.16257997433422e-05 1.1691615327436e-05 1.17574309115298e-05 1.18232464956236e-05 1.18890620797174e-05 1.19548776638112e-05 1.20016466098605e-05 1.19912765512709e-05 1.19809064926812e-05 1.19705364340916e-05 1.1960166375502e-05 1.19497963169124e-05 1.19394262583228e-05 1.19290561997332e-05
1.12913694465533e-05 1.11819044832373e-05 1.1072440429416e-05 1.10086357381078e-05 1.10818109533284e-05 1.11549870780436e-05 1.12281622932642e-05 1.13013384179794e-05 1.13745136332e-05 1.14476897579152e-05 1.15208649731358e-05 1.1528747563716e-05 1.15148650365882e-05 1.15009825094603e-05 1.14870999823324e-05 1.14732174552046e-05 1.14593349280767e-05 1.14454533104436e-05 1.1446086318756e-05 1.14902677523787e-05 1.15344482765067e-05 1.15786297101295e-05 1.16228102342575e-05 1.16669916678802e-05 1.17111731015029e-05 1.1755353625631e-05 1.1803187589976e-05 1.1852238458232e-05 1.19012902359827e-05 1.19503411042388e-05 1.19993928819895e-05 1.20484437502455e-05 1.20974946185015e-05 1.21250441225129e-05 1.20880868053064e-05 1.20511294880998e-05 1.20141721708933e-05 1.19772157631814e-05 1.19402584459749e-05 1.19033011287684e-05 1.18663438115618e-05
