data/working_set_collections/6091692-Cassins_Sparrow-M2/1985/prmc_avg.asc
NCOLS 265 
NROWS 230 
XLLCORNER -115.5625 
YLLCORNER 24.8333333333333 
CELLSIZE 0.0833333333333333 
NODATA_value -9999 
[rows 160 to 179 of 230, columns 220 to 263 of 265]
0.283959895372391 0.277669847011566 0.271379768848419 0.265089720487595 0.260808110237122 0.262551814317703 0.264295518398285 0.266039222478867 0.267782926559448 0.26952663064003 0.271270334720612 0.273014038801193 0.275722146034241 0.278751730918884 0.281781315803528 0.284810870885849 0.287840455770493 0.290870040655136 0.29389962553978 0.296672493219376 0.298675298690796 0.300678104162216 0.302680879831314 0.304683685302734 0.306686490774155 0.308689266443253 0.310692071914673 0.311244338750839 0.311313062906265 0.311381816864014 0.31145054101944 0.311519294977188 0.311588019132614 0.311656773090363 0.312786996364594 0.317101627588272 0.321416288614273 0.325730919837952 0.330045580863953 0.334360212087631 0.338674873113632 0.342989504337311 0.344868868589401 0.345936477184296
0.283356219530106 0.27708175778389 0.270807266235352 0.264532804489136 0.260270863771439 0.262046426534653 0.263822019100189 0.265597581863403 0.267373144626617 0.269148737192154 0.270924299955368 0.272699862718582 0.27574160695076 0.27920538187027 0.28266915678978 0.28613293170929 0.289596736431122 0.293060511350632 0.296524286270142 0.299712240695953 0.302072674036026 0.304433137178421 0.306793570518494 0.309154003858566 0.311514467000961 0.313874900341034 0.316235333681107 0.316600263118744 0.316300004720688 0.315999716520309 0.315699458122253 0.315399199724197 0.315098941326141 0.314798653125763 0.31565397977829 0.319976031780243 0.324298083782196 0.328620165586472 0.332942217588425 0.337264269590378 0.341586321592331 0.345908373594284 0.347820967435837 0.348930418491364
0.283930867910385 0.278251171112061 0.272571444511414 0.266891747713089 0.263015031814575 0.264547288417816 0.266079545021057 0.267611801624298 0.269144058227539 0.27067631483078 0.272208571434021 0.273740828037262 0.276960700750351 0.28074312210083 0.284525543451309 0.288307964801788 0.292090356349945 0.295872777700424 0.299655199050903 0.303107142448425 0.305567741394043 0.308028340339661 0.310488909482956 0.312949508428574 0.315410107374191 0.317870706319809 0.320331305265427 0.32030975818634 0.319460868835449 0.318611979484558 0.317763090133667 0.316914200782776 0.316065311431885 0.315216422080994 0.315627485513687 0.319818407297134 0.324009329080582 0.328200250864029 0.332391172647476 0.336582094430923 0.340773016214371 0.34496396780014 0.346846789121628 0.347960233688354
0.285683840513229 0.281178086996078 0.276672303676605 0.272166520357132 0.269040644168854 0.270054399967194 0.271068155765533 0.272081911563873 0.273095667362213 0.274109423160553 0.275123178958893 0.276136934757233 0.279379457235336 0.283364951610565 0.287350416183472 0.291335910558701 0.295321375131607 0.299306839704514 0.303292334079742 0.306857258081436 0.309160500764847 0.311463713645935 0.313766956329346 0.316070199012756 0.318373441696167 0.320676684379578 0.322979927062988 0.322372853755951 0.320795714855194 0.319218575954437 0.31764143705368 0.316064298152924 0.314487159252167 0.31291002035141 0.312707453966141 0.316628724336624 0.320549964904785 0.324471235275269 0.32839247584343 0.332313716411591 0.336234986782074 0.340156227350235 0.34194627404213 0.343025922775269
0.287436842918396 0.284105002880096 0.280773162841797 0.277441322803497 0.275066256523132 0.275561511516571 0.276056736707687 0.276551991701126 0.277047246694565 0.277542501688004 0.278037756681442 0.278533011674881 0.281798213720322 0.285986751317978 0.290175318717957 0.294363856315613 0.298552393913269 0.302740931510925 0.306929469108582 0.310607343912125 0.312753230333328 0.314899116754532 0.317045003175735 0.319190889596939 0.321336776018143 0.323482662439346 0.32562854886055 0.324435949325562 0.322130560874939 0.319825172424316 0.317519783973694 0.315214395523071 0.312909007072449 0.310603618621826 0.309787452220917 0.313439041376114 0.317090600728989 0.320742189884186 0.324393779039383 0.328045338392258 0.331696927547455 0.335348516702652 0.337045788764954 0.338091611862183
0.28918981552124 0.287031918764114 0.284874022006989 0.28271609544754 0.281091868877411 0.281068593263626 0.281045347452164 0.281022101640701 0.280998855829239 0.280975580215454 0.280952334403992 0.280929088592529 0.284216970205307 0.288608580827713 0.293000191450119 0.297391802072525 0.301783412694931 0.306175023317337 0.310566604137421 0.314357459545135 0.316345989704132 0.318334519863129 0.320323050022125 0.322311580181122 0.324300110340118 0.326288640499115 0.328277170658112 0.326499044895172 0.323465406894684 0.320431768894196 0.317398130893707 0.314364492893219 0.311330854892731 0.308297216892242 0.306867450475693 0.310249358415604 0.313631266355515 0.317013174295425 0.320395082235336 0.323776960372925 0.327158868312836 0.330540776252747 0.332145273685455 0.333157300949097
0.290942817926407 0.289958834648132 0.288974851369858 0.287990897893906 0.287117451429367 0.286575704813004 0.28603395819664 0.285492181777954 0.284950435161591 0.284408688545227 0.283866912126541 0.283325165510178 0.286635726690292 0.291230410337448 0.295825064182281 0.300419747829437 0.305014401674271 0.309609085321426 0.314203768968582 0.318107545375824 0.319938719272614 0.321769893169403 0.323601067066193 0.325432240962982 0.327263414859772 0.329094588756561 0.330925762653351 0.328562140464783 0.324800252914429 0.321038365364075 0.317276477813721 0.313514590263367 0.309752702713013 0.305990815162659 0.303947448730469 0.307059675455093 0.310171902179718 0.313284128904343 0.316396355628967 0.319508582353592 0.322620838880539 0.325733065605164 0.327244788408279 0.328222990036011
0.292695790529251 0.29288575053215 0.293075710535049 0.293265670537949 0.293143063783646 0.292082816362381 0.291022539138794 0.289962291717529 0.288902044296265 0.287841767072678 0.286781519651413 0.285721242427826 0.289054483175278 0.293852210044861 0.298649966716766 0.30344769358635 0.308245420455933 0.313043177127838 0.317840903997421 0.321857661008835 0.323531478643417 0.325205296278 0.326879113912582 0.328552931547165 0.330226749181747 0.33190056681633 0.333574384450912 0.330625236034393 0.326135098934174 0.321644961833954 0.317154824733734 0.312664687633514 0.308174550533295 0.303684413433075 0.301027446985245 0.303869992494583 0.306712538003922 0.309555113315582 0.312397658824921 0.315240204334259 0.31808277964592 0.320925325155258 0.322344273328781 0.323288679122925
0.2931709587574 0.293689161539078 0.294207334518433 0.29472553730011 0.29490339756012 0.294060349464417 0.293217301368713 0.29237425327301 0.291531175374985 0.290688127279282 0.289845079183578 0.289002031087875 0.292291551828384 0.296958595514297 0.301625669002533 0.306292712688446 0.310959786176682 0.315626829862595 0.32029390335083 0.324117660522461 0.325411558151245 0.326705485582352 0.327999383211136 0.32929328083992 0.330587178468704 0.331881076097488 0.333175003528595 0.329895228147507 0.325090914964676 0.320286601781845 0.315482288599014 0.310677975416183 0.305873662233353 0.301069349050522 0.298112630844116 0.300698637962341 0.303284674882889 0.305870711803436 0.308456748723984 0.311042785644531 0.313628822565079 0.316214859485626 0.317555606365204 0.318481296300888
0.292368322610855 0.292369037866592 0.29236975312233 0.292370468378067 0.292398452758789 0.292508333921432 0.292618185281754 0.292728036642075 0.292837917804718 0.292947769165039 0.29305762052536 0.293167471885681 0.296346932649612 0.300549566745758 0.304752200841904 0.308954834938049 0.313157469034195 0.317360103130341 0.321562737226486 0.324887573719025 0.325579017400742 0.326270431280136 0.326961874961853 0.327653288841248 0.328344702720642 0.329036146402359 0.329727560281754 0.326372116804123 0.321667701005936 0.316963285207748 0.312258869409561 0.307554453611374 0.302850037813187 0.298145622014999 0.295203000307083 0.29754564166069 0.29988831281662 0.302230983972549 0.304573625326157 0.306916296482086 0.309258967638016 0.311601608991623 0.312878787517548 0.313800811767578
0.29156568646431 0.291048943996429 0.290532171726227 0.290015399456024 0.289893507957458 0.290956288576126 0.292019069194794 0.293081849813461 0.294144630432129 0.295207411050797 0.296270161867142 0.297332942485809 0.30040231347084 0.304140508174896 0.307878732681274 0.311616957187653 0.315355181694031 0.319093376398087 0.322831600904465 0.325657516717911 0.325746446847916 0.325835406780243 0.325924336910248 0.326013296842575 0.32610222697258 0.326191186904907 0.326280146837234 0.322848975658417 0.318244487047195 0.313639968633652 0.309035450220108 0.304430931806564 0.299826443195343 0.295221924781799 0.29229336977005 0.294392645359039 0.296491950750351 0.29859122633934 0.300690531730652 0.302789807319641 0.30488908290863 0.306988388299942 0.308201968669891 0.309120327234268
0.290763080120087 0.289728820323944 0.288694590330124 0.287660330533981 0.28738859295845 0.289404273033142 0.291419953107834 0.293435662984848 0.29545134305954 0.297467023134232 0.299482733011246 0.301498413085938 0.304457664489746 0.307731479406357 0.311005264520645 0.314279079437256 0.317552864551544 0.320826649665833 0.324100464582443 0.326427429914474 0.325913906097412 0.325400352478027 0.324886828660965 0.324373304843903 0.32385978102684 0.323346227407455 0.322832703590393 0.319325864315033 0.314821243286133 0.310316652059555 0.305812031030655 0.301307439804077 0.296802818775177 0.292298227548599 0.289383739233017 0.291239649057388 0.29309555888176 0.294951498508453 0.296807408332825 0.298663318157196 -9999 -9999 -9999 -9999
0.289960443973541 0.288408726453781 0.286857008934021 0.285305261611938 0.28488364815712 0.287852257490158 0.290820837020874 0.293789446353912 0.296758055686951 0.299726665019989 0.302695274353027 0.305663883686066 0.308513045310974 0.311322420835495 0.314131796360016 0.316941171884537 0.319750547409058 0.322559922933578 0.325369298458099 0.327197343111038 0.326081335544586 0.324965327978134 0.323849320411682 0.32273331284523 0.321617305278778 0.320501297712326 0.319385290145874 -9999 -9999 0.306993335485458 0.302588611841202 0.298183917999268 0.293779224157333 0.289374500513077 0.286474108695984 0.288086652755737 -9999 -9999 -9999 -9999 -9999 -9999 -9999 -9999
0.289157807826996 0.287088602781296 0.285019397735596 0.282950222492218 0.282378703355789 0.286300212144852 0.290221750736237 0.294143259525299 0.298064768314362 0.301986306905746 0.305907815694809 0.309829324483871 0.312568426132202 0.314913392066956 0.317258328199387 0.31960329413414 0.321948260068893 0.324293196201324 0.326638162136078 0.327967256307602 0.32624876499176 0.324530273675919 0.322811812162399 0.321093320846558 0.319374829530716 0.317656338214874 0.315937846899033 0.312279611825943 -9999 -9999 0.299365192651749 0.295060396194458 -9999 0.286450803279877 -9999 -9999 -9999 -9999 -9999 -9999 -9999 -9999 -9999 -9999
0.289580911397934 0.287504285573959 0.285427659749985 0.28335103392601 0.282858729362488 0.287119418382645 0.291380107402802 0.295640796422958 0.299901455640793 0.30416214466095 0.308422833681107 0.312683522701263 0.315166562795639 0.31705704331398 0.318947523832321 0.320838004350662 0.322728484869003 0.324618995189667 0.326509475708008 0.327415585517883 0.325368523597717 0.323321491479874 0.32127445936203 0.319227427244186 0.31718036532402 0.315133333206177 0.313086301088333 0.309519857168198 0.305446922779083 -9999 -9999 0.293228179216385 -9999 -9999 -9999 -9999 -9999 -9999 -9999 -9999 -9999 -9999 -9999 -9999
0.291229814291 0.289655774831772 0.288081765174866 0.286507725715637 0.286323755979538 0.290309846401215 0.294295936822891 0.298282027244568 0.302268117666245 0.306254237890244 0.31024032831192 0.314226418733597 0.316307425498962 0.317753374576569 0.319199353456497 0.320645302534103 0.322091281414032 0.323537260293961 0.324983209371567 0.325542271137238 0.323440611362457 0.321338951587677 0.319237291812897 0.317135602235794 0.315033942461014 0.312932282686234 0.310830622911453 0.307523429393768 -9999 -9999 -9999 -9999 -9999 -9999 -9999 -9999 -9999 -9999 -9999 -9999 -9999 -9999 -9999 -9999
0.292878687381744 0.291807264089584 0.290735840797424 0.289664447307587 0.289788752794266 0.293500274419785 0.297211766242981 0.3009232878685 0.304634779691696 0.308346301317215 0.312057822942734 0.31576931476593 0.317448288202286 0.31844973564148 0.319451183080673 0.320452630519867 0.321454077959061 0.322455525398254 0.323456972837448 0.323668986558914 0.321512699127197 0.31935641169548 0.317200094461441 0.315043807029724 0.312887519598007 0.31073123216629 0.308574944734573 -9999 -9999 -9999 -9999 -9999 -9999 -9999 -9999 -9999 -9999 -9999 -9999 -9999 -9999 -9999 -9999 -9999
0.294527560472488 0.293958753347397 0.293389946222305 0.292821139097214 0.293253749608994 0.296690672636032 0.300127595663071 0.303564518690109 0.307001441717148 0.310438364744186 0.313875287771225 0.317312210798264 0.318589150905609 0.319146066904068 0.319703012704849 0.320259928703308 0.320816874504089 0.321373790502548 0.321930706501007 0.321795672178268 0.319584757089615 0.317373842000961 0.315162926912308 0.312952011823654 0.310741096735001 0.308530181646347 -9999 0.30353057384491 -9999 -9999 -9999 -9999 -9999 -9999 -9999 -9999 -9999 -9999 -9999 -9999 -9999 -9999 -9999 -9999
0.296176463365555 0.296110242605209 0.296044051647186 0.295977830886841 0.296718776226044 0.299881100654602 0.303043454885483 0.306205779314041 0.3093681037426 0.31253045797348 0.315692782402039 0.318855136632919 0.319730013608932 0.319842427968979 0.319954842329025 0.320067226886749 0.320179641246796 0.320292055606842 0.320404469966888 0.319922387599945 0.317656844854355 0.315391302108765 0.313125759363174 0.310860216617584 0.308594673871994 0.306329131126404 -9999 -9999 -9999 -9999 -9999 -9999 -9999 -9999 -9999 -9999 -9999 -9999 -9999 -9999 -9999 -9999 -9999 -9999
0.297825336456299 0.298261731863022 0.298698127269745 0.29913455247879 0.300183773040771 0.303071528673172 0.305959284305573 0.308847039937973 0.311734765768051 0.314622521400452 0.317510277032852 0.320398032665253 0.320870876312256 0.320538759231567 0.320206671953201 0.319874554872513 0.319542437791824 0.319210320711136 0.318878203630447 0.318049103021622 0.315728932619095 0.313408762216568 0.311088591814041 0.308768421411514 0.306448251008987 -9999 -9999 -9999 -9999 -9999 -9999 -9999 -9999 -9999 -9999 -9999 -9999 -9999 -9999 -9999 -9999 -9999 -9999 -9999
