data/working_set_collections/6091692-Cassins_Sparrow-M2/1985/prmc_avg.asc
NCOLS 265 
NROWS 230 
XLLCORNER -115.5625 
YLLCORNER 24.8333333333333 
CELLSIZE 0.0833333333333333 
NODATA_value -9999 
[rows 200 to 219 of 230, columns 132 to 175 of 265]
0.221365079283714 0.222286492586136 0.222696974873543 0.221574619412422 0.220452263951302 0.219329908490181 0.21820755302906 0.21708519756794 0.215962842106819 0.214840486645699 0.211579889059067 0.20760652422905 0.203633174300194 0.199659824371338 0.195686474442482 0.191713109612465 0.187739759683609 0.185111820697784 0.186520129442215 0.187928438186646 0.189336746931076 0.190745040774345 0.192153349518776 0.193561658263206 0.194969967007637 0.198313176631927 0.202301368117332 0.206289559602737 0.210277751088142 0.214265927672386 0.218254119157791 0.222242310643196 0.224995866417885 0.224045529961586 0.223095208406448 0.22214487195015 0.221194535493851 0.220244199037552 0.219293862581253 0.218343541026115 0.215597450733185 0.212252765893936 0.208908095955849 0.205563426017761
0.223121970891953 0.22444811463356 0.225149661302567 0.223977491259575 0.222805321216583 0.221633151173592 0.220460966229439 0.219288796186447 0.218116626143456 0.216944456100464 0.214062243700027 0.210610017180443 0.207157790660858 0.203705579042435 0.20025335252285 0.196801126003265 0.193348899483681 0.191156610846519 0.192744120955467 0.194331616163254 0.195919126272202 0.197506621479988 0.199094131588936 0.200681626796722 0.20226913690567 0.205016925930977 0.20815147459507 0.211286038160324 0.214420586824417 0.21755513548851 0.220689684152603 0.223824247717857 0.225959971547127 0.225099205970764 0.224238440394402 0.223377674818039 0.222516909241676 0.221656143665314 0.220795378088951 0.219934612512589 0.217299416661263 0.21407276391983 0.210846111178398 0.207619458436966
0.224878862500191 0.226609721779823 0.227602362632751 0.226380378007889 0.225158378481865 0.223936393857002 0.222714394330978 0.221492394804955 0.220270410180092 0.219048410654068 0.216544598340988 0.213613510131836 0.210682421922684 0.20775131881237 0.204820230603218 0.201889142394066 0.198958054184914 0.197201400995255 0.198968112468719 0.200734809041023 0.202501505613327 0.204268202185631 0.206034913659096 0.2078016102314 0.209568306803703 0.211720675230026 0.214001595973969 0.21628250181675 0.218563422560692 0.220844343304634 0.223125264048576 0.225406169891357 0.226924061775208 0.226152867078781 0.225381672382355 0.224610462784767 0.223839268088341 0.223068073391914 0.222296878695488 0.2215256690979 0.219001397490501 0.215892776846886 0.212784141302109 0.209675505757332
0.22663576900959 0.228771328926086 0.230055063962936 0.228783249855042 0.227511435747147 0.226239621639252 0.224967822432518 0.223696008324623 0.222424194216728 0.221152380108833 0.219026952981949 0.216617003083229 0.214207038283348 0.211797073483467 0.209387108683586 0.206977158784866 0.204567193984985 0.20324619114399 0.205192089080811 0.207137987017632 0.209083884954453 0.211029782891273 0.212975680828094 0.214921578764915 0.216867476701736 0.218424424529076 0.219851702451706 0.221278980374336 0.222706258296967 0.224133551120758 0.225560829043388 0.226988106966019 0.227888166904449 0.227206528186798 0.226524904370308 0.225843265652657 0.225161641836166 0.224480003118515 0.223798379302025 0.223116740584373 0.22070337831974 0.21771277487278 0.214722156524658 0.211731553077698
0.225621610879898 0.22787144780159 0.229296565055847 0.2282475233078 0.227198466658592 0.226149410009384 0.225100368261337 0.224051311612129 0.223002269864082 0.221953213214874 0.220213577151299 0.218243733048439 0.216273903846741 0.214304059743881 0.212334230542183 0.210364386439323 0.208394557237625 0.207397118210793 0.209316864609718 0.211236596107483 0.213156342506409 0.215076088905334 0.21699583530426 0.218915566802025 0.220835313200951 0.222086608409882 0.223115086555481 0.22414356470108 0.22517204284668 0.226200520992279 0.227228999137878 0.228257462382317 0.228872001171112 0.228244736790657 0.227617457509041 0.226990193128586 0.22636291384697 0.225735649466515 0.225108370184898 0.224481105804443 0.222200646996498 0.219369143247604 0.216537624597549 0.213706120848656
0.221836403012276 0.223910063505173 0.225326880812645 0.224773168563843 0.224219456315041 0.2236657589674 0.223112046718597 0.222558334469795 0.222004622220993 0.221450909972191 0.220104455947876 0.218493729829788 0.216883018612862 0.215272292494774 0.213661581277847 0.21205085515976 0.210440143942833 0.209654167294502 0.211342394351959 0.213030636310577 0.214718863368034 0.216407105326653 0.21809533238411 0.219783574342728 0.221471801400185 0.222707241773605 0.223791748285294 0.224876239895821 0.225960746407509 0.227045252919197 0.228129759430885 0.229214251041412 0.229875594377518 0.229267477989197 0.228659361600876 0.228051230311394 0.227443113923073 0.226834982633591 0.22622686624527 0.225618749856949 0.223493218421936 0.220861881971359 0.218230545520782 0.215599209070206
0.218051210045815 0.219948679208755 0.221357196569443 0.221298828721046 0.22124046087265 0.221182093024254 0.221123725175858 0.221065357327461 0.221006989479065 0.220948621630669 0.219995319843292 0.218743726611137 0.217492133378983 0.216240525245667 0.214988932013512 0.213737323880196 0.212485730648041 0.211911201477051 0.213367938995361 0.214824661612511 0.21628138422966 0.217738121747971 0.21919484436512 0.220651566982269 0.22210830450058 0.223327875137329 0.224468410015106 0.225608929991722 0.226749464869499 0.227889984846115 0.229030519723892 0.230171039700508 0.230879187583923 0.230290219187737 0.22970125079155 0.229112282395363 0.228523299098015 0.227934330701828 0.227345362305641 0.226756393909454 0.224785774946213 0.222354620695114 0.219923451542854 0.217492297291756
0.214266002178192 0.215987294912338 0.217387512326241 0.21782448887825 0.218261450529099 0.218698427081108 0.219135403633118 0.219572380185127 0.220009341835976 0.220446318387985 0.21988619863987 0.218993723392487 0.218101233243942 0.217208757996559 0.216316267848015 0.215423792600632 0.214531317353249 0.21416825056076 0.215393468737602 0.216618686914444 0.217843905091286 0.219069138169289 0.22029435634613 0.221519574522972 0.222744792699814 0.223948508501053 0.225145056843758 0.226341620087624 0.227538168430328 0.228734716773033 0.229931280016899 0.231127828359604 0.231882780790329 0.231312960386276 0.230743139982224 0.230173319578171 0.229603499174118 0.229033678770065 0.228463858366013 0.22789403796196 0.22607833147049 0.223847359418869 0.221616372466087 0.219385385513306
0.210480809211731 0.212025910615921 0.213417828083038 0.214350134134293 0.215282455086708 0.216214761137962 0.217147082090378 0.218079403042793 0.219011709094048 0.219944030046463 0.219777077436447 0.219243720173836 0.218710348010063 0.218176990747452 0.217643618583679 0.217110261321068 0.216576889157295 0.21642529964447 0.217419013381004 0.218412727117538 0.219406440854073 0.220400139689445 0.22139385342598 0.222387567162514 0.223381280899048 0.224569141864777 0.22582171857357 0.227074295282364 0.228326871991158 0.229579448699951 0.230832040309906 0.2320846170187 0.232886373996735 0.232335701584816 0.231785029172897 0.231234356760979 0.230683699250221 0.230133026838303 0.229582354426384 0.229031682014465 0.227370902895927 0.225340083241463 0.223309278488159 0.221278473734856
0.206695601344109 0.208064526319504 0.209448143839836 0.210875794291496 0.212303444743156 0.213731110095978 0.215158760547638 0.216586410999298 0.218014076352119 0.21944172680378 0.219667956233025 0.219493716955185 0.219319462776184 0.219145223498344 0.218970969319344 0.218796730041504 0.218622475862503 0.21868234872818 0.219444543123245 0.220206752419472 0.220968961715698 0.221731156110764 0.22249336540699 0.223255574703217 0.224017769098282 0.2251897752285 0.226498380303383 0.227806985378265 0.229115590453148 0.23042419552803 0.231732800602913 0.233041390776634 0.23388996720314 0.233358442783356 0.232826933264732 0.232295408844948 0.231763884425163 0.231232360005379 0.230700850486755 0.230169326066971 0.228663459420204 0.226832821965218 0.225002184510231 0.223171561956406
0.203587234020233 0.204696029424667 0.205940723419189 0.207593098282814 0.209245458245277 0.210897833108902 0.212550193071365 0.214202553033829 0.215854927897453 0.217507287859917 0.21807074546814 0.218271240592003 0.218471720814705 0.218672215938568 0.21887269616127 0.219073191285133 0.219273671507835 0.219585433602333 0.220231026411057 0.22087661921978 0.221522212028503 0.222167789936066 0.222813382744789 0.223458975553513 0.224104553461075 0.225248157978058 0.226557746529579 0.2278673350811 0.229176938533783 0.230486527085304 0.231796130537987 0.233105719089508 0.233931928873062 0.233308002352715 0.232684060931206 0.232060134410858 0.231436192989349 0.230812266469002 0.230188325047493 0.229564398527145 0.22793160378933 0.225962519645691 0.223993420600891 0.222024336457253
0.201155677437782 0.201920419931412 0.20289558172226 0.204502031207085 0.20610848069191 0.207714930176735 0.20932137966156 0.210927814245224 0.212534263730049 0.214140713214874 0.214985460042953 0.21557629108429 0.216167137026787 0.216757968068123 0.21734881401062 0.217939645051956 0.218530490994453 0.219134584069252 0.219778448343277 0.220422312617302 0.221066176891327 0.221710041165352 0.222353905439377 0.222997769713402 0.223641633987427 0.224744275212288 0.225999817252159 0.227255374193192 0.228510931134224 0.229766473174095 0.231022030115128 0.23227758705616 0.233012273907661 0.232184365391731 0.231356456875801 0.230528548359871 0.22970062494278 0.228872716426849 0.228044807910919 0.227216899394989 0.225175306200981 0.22272914648056 0.220282986760139 0.217836827039719
0.198724135756493 0.199144810438156 0.199850454926491 0.201410979032516 0.202971503138542 0.204532027244568 0.206092551350594 0.20765309035778 0.209213614463806 0.210774138569832 0.211900159716606 0.212881356477737 0.213862538337708 0.214843735098839 0.215824916958809 0.21680611371994 0.21778729557991 0.218683734536171 0.219325870275497 0.219968006014824 0.220610156655312 0.221252292394638 0.221894428133965 0.222536578774452 0.223178714513779 0.224240377545357 0.225441887974739 0.226643398404121 0.227844908833504 0.229046419262886 0.230247929692268 0.231449440121651 0.2320926040411 0.231060713529587 0.230028837919235 0.228996947407722 0.227965071797371 0.226933181285858 0.225901290774345 0.224869415163994 0.222419008612633 0.21949577331543 0.216572552919388 0.213649317622185
0.196292594075203 0.1963692009449 0.196805313229561 0.198319911956787 0.199834525585175 0.201349124312401 0.202863737940788 0.204378351569176 0.205892950296402 0.207407563924789 0.20881487429142 0.210186406970024 0.211557954549789 0.212929487228394 0.214301034808159 0.215672567486763 0.217044115066528 0.218232870101929 0.218873292207718 0.219513714313507 0.220154121518135 0.220794543623924 0.221434965729713 0.222075372934341 0.222715795040131 0.223736494779587 0.22488397359848 0.226031437516212 0.227178901433945 0.228326365351677 0.22947384417057 0.230621308088303 0.231172934174538 0.229937076568604 0.228701218962669 0.227465361356735 0.226229503750801 0.224993631243706 0.223757773637772 0.222521916031837 0.219662725925446 0.21626241505146 0.212862104177475 0.20946179330349
0.193861037492752 0.193593591451645 0.193760171532631 0.195228859782219 0.196697548031807 0.198166236281395 0.199634924530983 0.201103612780571 0.202572301030159 0.204040989279747 0.205729573965073 0.207491472363472 0.20925335586071 0.21101525425911 0.212777137756348 0.214539036154747 0.216300919651985 0.217782020568848 0.218420714139938 0.219059407711029 0.21969810128212 0.22033679485321 0.220975488424301 0.221614181995392 0.222252875566483 0.223232612013817 0.22432604432106 0.225419461727142 0.226512894034386 0.227606311440468 0.228699743747711 0.229793161153793 0.230253279209137 0.22881343960762 0.227373600006104 0.225933760404587 0.224493935704231 0.223054096102715 0.221614256501198 0.220174416899681 0.216906428337097 0.21302904188633 0.209151670336723 0.205274283885956
0.191429495811462 0.190817967057228 0.190715029835701 0.19213779270649 0.193560570478439 0.194983333349228 0.196406096220016 0.197828873991966 0.199251636862755 0.200674414634705 0.202644288539886 0.204796522855759 0.206948772072792 0.209101006388664 0.211253255605698 0.21340548992157 0.215557739138603 0.217331156134605 0.217968136072159 0.218605101108551 0.219242066144943 0.219879046082497 0.220516011118889 0.221152991056442 0.221789956092834 0.222728729248047 0.22376811504364 0.224807500839233 0.225846886634827 0.226886257529259 0.227925643324852 0.228965029120445 0.229333609342575 0.227689802646637 0.226045981049538 0.2244021743536 0.222758367657661 0.221114546060562 0.219470739364624 0.217826932668686 0.214150130748749 0.20979568362236 0.20544122159481 0.201086774468422
0.189892441034317 0.189076721668243 0.188769638538361 0.189988479018211 0.191207304596901 0.19242613017559 0.19364495575428 0.19486378133297 0.196082606911659 0.197301432490349 0.199506238102913 0.202039703726768 0.204573169350624 0.20710663497448 0.209640100598335 0.212173566222191 0.214707031846046 0.216763749718666 0.217390224337578 0.218016684055328 0.21864315867424 0.219269618391991 0.219896093010902 0.220522567629814 0.221149027347565 0.222022488713264 0.222978293895721 0.223934084177017 0.224889874458313 0.22584567964077 0.226801469922066 0.227757275104523 0.228072389960289 0.226465478539467 0.224858567118645 0.223251655697823 0.221644744277 0.220037832856178 0.218430921435356 0.216824010014534 0.213246569037437 0.209012284874916 0.204778000712395 0.200543716549873
0.189249888062477 0.18836984038353 0.187924027442932 0.188780888915062 0.189637750387192 0.190494611859322 0.191351473331451 0.192208334803581 0.193065196275711 0.193922057747841 0.196315452456474 0.199221014976501 0.202126577496529 0.205032140016556 0.207937702536583 0.21084326505661 0.213748827576637 0.21607980132103 0.216686978936195 0.217294171452522 0.217901349067688 0.218508541584015 0.219115719199181 0.219722911715508 0.220330104231834 0.22111389040947 0.221956565976143 0.222799226641655 0.223641887307167 0.22448456287384 0.225327223539352 0.226169899106026 0.226469606161118 0.22514046728611 0.223811343312263 0.222482204437256 0.221153065562248 0.219823926687241 0.218494787812233 0.217165648937225 0.214195713400841 0.210678860545158 0.207161992788315 0.203645125031471
0.188607349991798 0.187662959098816 0.187078401446342 0.187573298811913 0.188068196177483 0.188563093543053 0.189057990908623 0.189552888274193 0.190047785639763 0.190542683005333 0.193124651908875 0.196402311325073 0.199679970741272 0.202957630157471 0.206235289573669 0.209512948989868 0.212790623307228 0.215395838022232 0.215983748435974 0.216571643948555 0.217159554362297 0.217747449874878 0.21833536028862 0.218923270702362 0.219511166214943 0.220205292105675 0.220934838056564 0.221664369106293 0.222393900156021 0.223123446106911 0.223852977156639 0.224582523107529 0.224866837263107 0.223815470933914 0.222764104604721 0.221712753176689 0.220661386847496 0.219610020518303 0.218558669090271 0.217507302761078 0.215144872665405 0.21234542131424 0.209545984864235 0.206746533513069
0.187964797019958 0.186956077814102 0.186232775449753 0.186365708708763 0.186498641967773 0.186631575226784 0.186764508485794 0.186897441744804 0.187030375003815 0.187163308262825 0.189933851361275 0.193583622574806 0.197233378887177 0.200883135199547 0.204532891511917 0.208182647824287 0.211832404136658 0.214711874723434 0.215280503034592 0.215849131345749 0.216417744755745 0.216986373066902 0.217554986476898 0.218123614788055 0.218692243099213 0.21929669380188 0.219913110136986 0.22052951157093 0.221145913004875 0.221762329339981 0.222378730773926 0.222995147109032 0.223264053463936 0.222490459680557 0.22171688079834 0.220943287014961 0.220169708132744 0.219396129250526 0.218622535467148 0.21784895658493 0.21609403192997 0.214011996984482 0.211929976940155 0.209847941994667
