data/working_set_collections/6091692-Cassins_Sparrow-M2/1985/prmc_avg.asc
NCOLS 265 
NROWS 230 
XLLCORNER -115.5625 
YLLCORNER 24.8333333333333 
CELLSIZE 0.0833333333333333 
NODATA_value -9999 
[rows 160 to 179 of 230, columns 44 to 87 of 265]
0.168807238340378 0.173357740044594 0.17790824174881 0.182458743453026 0.187009260058403 0.191559761762619 0.196110263466835 0.200660765171051 0.199504300951958 0.196445509791374 0.193386718630791 0.190327927470207 0.187269136309624 0.184210360050201 0.181151568889618 0.179294139146805 0.181040823459625 0.182787492871284 0.184534177184105 0.186280846595764 0.188027530908585 0.189774200320244 0.191520884633064 0.192039176821709 0.192148014903069 0.192256838083267 0.192365676164627 0.192474514245987 0.192583352327347 0.192692175507545 0.192617297172546 0.191991284489632 0.191365256905556 0.19073922932148 0.190113201737404 0.189487189054489 0.188861161470413 0.188235133886337 0.187933027744293 0.187738880515099 0.187544733285904 0.187350586056709 0.187156438827515 0.186962306499481
0.168672412633896 0.174022912979126 0.179373413324356 0.184723913669586 0.190074414014816 0.195424914360046 0.200775414705276 0.206125915050507 0.204471424221992 0.200481906533241 0.196492403745651 0.192502900958061 0.188513398170471 0.18452388048172 0.18053437769413 0.178045853972435 0.180060267448425 0.182074680924416 0.184089094400406 0.186103507876396 0.188117921352386 0.190132349729538 0.192146763205528 0.192881464958191 0.193189606070518 0.193497732281685 0.193805873394012 0.194113999605179 0.194422140717506 0.194730266928673 0.194794565439224 0.194127321243286 0.193460062146187 0.192792817950249 0.192125573754311 0.191458314657211 0.190791070461273 0.190123826265335 0.189846724271774 0.189699679613113 0.189552634954453 0.18940557539463 0.18925853073597 0.189111486077309
0.168863505125046 0.174678578972816 0.180493637919426 0.186308711767197 0.192123785614967 0.197938844561577 0.203753918409348 0.209568977355957 0.207536637783051 0.202888503670692 0.198240369558334 0.193592235445976 0.188944101333618 0.18429596722126 0.179647833108902 0.176690310239792 0.178804665803909 0.180919006466866 0.183033347129822 0.185147702693939 0.187262043356895 0.189376398921013 0.191490739583969 0.1924137622118 0.192939668893814 0.193465560674667 0.193991467356682 0.194517374038696 0.195043280720711 0.195569187402725 0.195802822709084 0.195159614086151 0.194516405463219 0.193873211741447 0.193230003118515 0.192586809396744 0.191943600773811 0.191300392150879 0.1911391466856 0.191138535737991 0.191137939691544 0.191137343645096 0.191136732697487 0.191136136651039
0.169380560517311 0.175324752926826 0.181268945336342 0.187213152647018 0.193157345056534 0.199101537466049 0.205045744776726 0.210989937186241 0.208699971437454 0.203665301203728 0.19863061606884 0.193595945835114 0.188561275601387 0.183526590466499 0.178491920232773 0.175227522850037 0.177273988723755 0.179320469498634 0.181366935372353 0.183413416147232 0.18545988202095 0.187506347894669 0.189552828669548 0.190636053681374 0.191398203372955 0.192160338163376 0.192922487854958 0.193684637546539 0.194446787238121 0.195208922028542 0.195642068982124 0.195088177919388 0.194534301757812 0.193980410695076 0.193426519632339 0.192872643470764 0.192318752408028 0.191764876246452 0.191810294985771 0.192055478692055 0.192300662398338 0.192545861005783 0.192791044712067 0.19303622841835
0.169897601008415 0.175970926880836 0.182044252753258 0.188117578625679 0.1941909044981 0.200264230370522 0.206337571144104 0.212410897016525 0.209863305091858 0.204442098736763 0.199020877480507 0.193599656224251 0.188178434967995 0.182757213711739 0.177336007356644 0.173764735460281 0.175743326544762 0.177721932530403 0.179700523614883 0.181679114699364 0.183657720685005 0.185636311769485 0.187614902853966 0.188858345150948 0.189856737852097 0.190855115652084 0.191853508353233 0.192851886153221 0.19385027885437 0.194848671555519 0.195481315255165 0.195016741752625 0.194552183151245 0.194087609648705 0.193623051047325 0.193158477544785 0.192693904042244 0.192229345440865 0.192481428384781 0.192972406744957 0.193463385105133 0.19395437836647 0.194445356726646 0.194936335086823
0.170414641499519 0.176617100834846 0.182819560170174 0.189022019505501 0.195224478840828 0.201426938176155 0.207629397511482 0.213831856846809 0.211026653647423 0.205218881368637 0.199411123991013 0.193603366613388 0.187795609235764 0.181987851858139 0.176180079579353 0.172301948070526 0.174212664365768 0.176123380661011 0.178034111857414 0.179944828152657 0.181855544447899 0.183766275644302 0.185676991939545 0.187080636620522 0.188315272331238 0.189549893140793 0.190784528851509 0.192019149661064 0.19325378537178 0.194488406181335 0.195320561528206 0.194945320487022 0.194570064544678 0.194194808602333 0.19381956756115 0.193444311618805 0.193069070577621 0.192693814635277 0.193152576684952 0.19388934969902 0.194626122713089 0.195362895727158 0.196099653840065 0.196836426854134
0.170931681990623 0.177263274788857 0.18359486758709 0.189926445484161 0.196258038282394 0.202589631080627 0.20892122387886 0.215252816677094 0.212189987301826 0.205995678901672 0.199801385402679 0.193607077002525 0.187412768602371 0.181218475103378 0.175024166703224 0.170839160680771 0.172682002186775 0.17452484369278 0.176367700099945 0.178210541605949 0.180053383111954 0.181896224617958 0.183739066123962 0.185302928090096 0.186773806810379 0.188244670629501 0.189715534448624 0.191186413168907 0.192657276988029 0.194128140807152 0.195159807801247 0.194873884320259 0.19458794593811 0.194302022457123 0.194016084074974 0.193730145692825 0.193444222211838 0.193158283829689 0.193823724985123 0.194806277751923 0.195788845419884 0.196771413087845 0.197753965854645 0.198736533522606
0.171448722481728 0.177909448742867 0.184370160102844 0.190830886363983 0.197291612625122 0.2037523239851 0.210213050246239 0.216673761606216 0.21335332095623 0.206772476434708 0.200191631913185 0.193610787391663 0.18702994287014 0.180449098348618 0.173868253827095 0.169376373291016 0.171151340007782 0.172926306724548 0.174701273441315 0.176476240158081 0.178251221776009 0.180026188492775 0.181801155209541 0.183525234460831 0.18523234128952 0.18693944811821 0.188646554946899 0.190353661775589 0.192060768604279 0.193767890334129 0.194999068975449 0.194802448153496 0.194605827331543 0.194409221410751 0.194212600588799 0.194015994668007 0.193819373846054 0.193622753024101 0.194494873285294 0.195723220705986 0.196951568126678 0.198179930448532 0.199408277869225 0.200636625289917
0.17165532708168 0.177780538797379 0.183905750513077 0.190030962228775 0.196156188845634 0.202281400561333 0.208406612277031 0.21453183889389 0.211686477065086 0.205850943922997 0.200015410780907 0.194179877638817 0.188344344496727 0.182508796453476 0.176673263311386 0.172660320997238 0.174115136265755 0.175569951534271 0.177024766802788 0.178479582071304 0.179934397339821 0.181389212608337 0.182844027876854 0.184224471449852 0.185580119490623 0.186935782432556 0.188291430473328 0.18964709341526 0.191002741456032 0.192358389496803 0.193354830145836 0.193273589015007 0.193192347884178 0.19311112165451 0.193029880523682 0.192948639392853 0.192867413163185 0.192786172032356 0.193931043148041 0.195484608411789 0.197038173675537 0.198591738939285 0.200145304203033 0.201698869466782
0.171551465988159 0.176876544952393 0.182201623916626 0.187526702880859 0.192851781845093 0.198176845908165 0.203501924872398 0.208827003836632 0.207189485430717 0.2032310962677 0.199272722005844 0.195314347743988 0.191355958580971 0.187397584319115 0.183439195156097 0.180691003799438 0.181573390960693 0.182455778121948 0.183338150382042 0.184220537543297 0.185102924704552 0.185985296964645 0.1868676841259 0.187400653958321 0.18781715631485 0.18823367357254 0.18865017592907 0.189066678285599 0.189483180642128 0.189899682998657 0.19022710621357 0.190287306904793 0.190347507596016 0.1904077231884 0.190467923879623 0.190528124570847 0.19058832526207 0.190648525953293 0.192132234573364 0.19409042596817 0.196048632264137 0.198006838560104 0.199965044856071 0.201923236250877
0.171447619795799 0.175972566008568 0.180497497320175 0.185022428631783 0.18954735994339 0.194072306156158 0.198597237467766 0.203122168779373 0.202692478895187 0.200611263513565 0.198530033230782 0.196448802947998 0.194367587566376 0.192286357283592 0.190205127000809 0.1887217015028 0.189031645655632 0.189341604709625 0.189651548862457 0.189961493015289 0.190271452069283 0.190581396222115 0.190891340374947 0.19057685136795 0.190054193139076 0.189531549811363 0.18900890648365 0.188486263155937 0.187963619828224 0.18744096159935 0.187099397182465 0.18730103969574 0.187502682209015 0.187704309821129 0.187905952334404 0.188107594847679 0.188309237360954 0.188510879874229 0.190333425998688 0.192696258425713 0.195059105753899 0.197421938180923 0.19978478550911 0.202147617936134
0.171343773603439 0.175068572163582 0.178793370723724 0.182518154382706 0.186242952942848 0.189967751502991 0.193692550063133 0.197417333722115 0.198195487260818 0.197991415858269 0.197787344455719 0.197583273053169 0.19737920165062 0.19717513024807 0.19697105884552 0.196752384305 0.196489900350571 0.196227416396141 0.195964932441711 0.195702448487282 0.195439964532852 0.195177480578423 0.194914996623993 0.193753033876419 0.192291244864464 0.190829440951347 0.189367637038231 0.187905848026276 0.186444044113159 0.184982255101204 0.183971673250198 0.184314757585526 0.184657841920853 0.185000911355019 0.185343995690346 0.185687080025673 0.186030149459839 0.186373233795166 0.188534617424011 0.191302090883255 0.194069564342499 0.196837037801743 0.199604526162148 0.202371999621391
0.171239927411079 0.174164578318596 0.177089244127274 0.18001389503479 0.182938545942307 0.185863196849823 0.188787847757339 0.191712513566017 0.193698480725288 0.195371568202972 0.197044655680656 0.19871774315834 0.200390830636024 0.202063918113708 0.203736990690231 0.204783082008362 0.203948169946671 0.203113242983818 0.202278330922127 0.201443418860435 0.200608491897583 0.199773579835892 0.1989386677742 0.196929216384888 0.19452828168869 0.192127332091331 0.189726382493973 0.187325432896614 0.184924483299255 0.182523533701897 0.180843964219093 0.181328475475311 0.18181300163269 0.182297512888908 0.182782039046288 0.183266550302505 0.183751076459885 0.184235587716103 0.186735808849335 0.189907923340797 0.19308003783226 0.196252152323723 0.199424266815186 0.202596381306648
0.171136081218719 0.173260599374771 0.175385102629662 0.177509620785713 0.179634138941765 0.181758657097816 0.183883160352707 0.186007678508759 0.18920148909092 0.192751720547676 0.196301966905594 0.199852213263512 0.203402444720268 0.206952691078186 0.210502922534943 0.212813764810562 0.211406424641609 0.209999069571495 0.208591714501381 0.207184374332428 0.205777019262314 0.2043696641922 0.202962324023247 0.200105413794518 0.196765318512917 0.193425208330154 0.190085113048553 0.186745017766953 0.183404922485352 0.180064827203751 0.177716240286827 0.178342193365097 0.178968161344528 0.179594114422798 0.180220067501068 0.180846035480499 0.181471988558769 0.182097941637039 0.184937000274658 0.188513740897179 0.19209049642086 0.195667251944542 0.199244007468224 0.202820748090744
0.173657134175301 0.174873694777489 0.176090255379677 0.177306815981865 0.178523376584053 0.179739937186241 0.180956497788429 0.182173058390617 0.185530006885529 0.189600393176079 0.19367079436779 0.197741195559502 0.201811596751213 0.205881983041763 0.209952384233475 0.21263624727726 0.211160510778427 0.209684774279594 0.208209037780762 0.206733286380768 0.205257549881935 0.203781813383102 0.20230607688427 0.199326545000076 0.195845738053322 0.192364946007729 0.188884139060974 0.185403347015381 0.181922540068626 0.178441748023033 0.176010459661484 0.176727712154388 0.177444964647293 0.178162217140198 0.178879469633102 0.179596722126007 0.180313974618912 0.181031227111816 0.183946654200554 0.187594816088676 0.191242977976799 0.194891139864922 0.198539301753044 0.202187463641167
0.178803101181984 0.179003894329071 0.179204687476158 0.179405480623245 0.179606273770332 0.179807066917419 0.180007860064507 0.180208653211594 0.182684019207954 0.185917586088181 0.189151138067245 0.192384704947472 0.195618256926537 0.198851808905602 0.202085375785828 0.204250529408455 0.203210443258286 0.202170357108116 0.201130270957947 0.200090184807777 0.199050098657608 0.198010012507439 0.196969926357269 0.194592610001564 0.191769555211067 0.18894650042057 0.186123445630074 0.183300390839577 0.18047733604908 0.177654281258583 0.175726592540741 0.176485002040863 0.177243411540985 0.178001821041107 0.178760215640068 0.17951862514019 0.180277034640312 0.181035444140434 0.183764800429344 0.18715113401413 0.190537482500076 0.193923816084862 0.197310164570808 0.200696498155594
0.183949068188667 0.183134093880653 0.182319119572639 0.181504145264626 0.180689170956612 0.179874196648598 0.179059222340584 0.17824424803257 0.179838046431541 0.182234764099121 0.184631481766701 0.18702819943428 0.18942491710186 0.191821649670601 0.194218367338181 0.195864796638489 0.195260360836983 0.194655925035477 0.194051504135132 0.193447068333626 0.19284263253212 0.192238211631775 0.191633775830269 0.189858689904213 0.187693372368813 0.185528069734573 0.183362767100334 0.181197449564934 0.179032146930695 0.176866829395294 0.175442740321159 0.176242306828499 0.177041858434677 0.177841410040855 0.178640976548195 0.179440528154373 0.180240094661713 0.181039646267891 0.183582931756973 0.186707451939583 0.189831972122192 0.192956492304802 0.196081027388573 0.199205547571182
0.189095035195351 0.187264293432236 0.185433551669121 0.183602809906006 0.181772068142891 0.179941326379776 0.178110584616661 0.176279842853546 0.176992073655128 0.178551957011223 0.180111825466156 0.18167170882225 0.183231592178345 0.184791475534439 0.186351343989372 0.187479063868523 0.187310293316841 0.187141507863998 0.186972737312317 0.186803951859474 0.186635181307793 0.186466410756111 0.186297625303268 0.185124754905701 0.183617204427719 0.182109639048576 0.180602073669434 0.179094508290291 0.177586942911148 0.176079377532005 0.175158888101578 0.175999596714973 0.176840305328369 0.177681013941765 0.178521722555161 0.179362431168556 0.180203154683113 0.181043863296509 0.183401063084602 0.186263769865036 0.18912647664547 0.191989183425903 0.194851875305176 0.197714582085609
0.194240987300873 0.191394478082657 0.188547983765602 0.185701474547386 0.18285496532917 0.180008456110954 0.177161946892738 0.174315437674522 0.174146100878716 0.174869135022163 0.175592184066772 0.17631521821022 0.177038252353668 0.177761301398277 0.178484335541725 0.179093331098557 0.179360210895538 0.17962709069252 0.179893970489502 0.180160850286484 0.180427730083466 0.180694594979286 0.180961474776268 0.18039083480835 0.179541021585464 0.178691193461418 0.177841380238533 0.176991567015648 0.176141753792763 0.175291925668716 0.174875035881996 0.175756886601448 0.176638752222061 0.177520617842674 0.178402483463287 0.1792843490839 0.180166199803352 0.181048065423965 0.183219194412231 0.185820087790489 0.188420966267586 0.191021859645844 0.19362273812294 0.196223631501198
0.199386954307556 0.195524677634239 0.191662400960922 0.187800139188766 0.18393786251545 0.180075585842133 0.176213309168816 0.17235104739666 0.171300128102303 0.171186327934265 0.171072527766228 0.17095872759819 0.170844927430153 0.170731127262115 0.170617327094078 0.17070759832859 0.171410143375397 0.172112673521042 0.172815203666687 0.173517733812332 0.174220263957977 0.174922794103622 0.175625324249268 0.175656914710999 0.17546483874321 0.175272762775421 0.175080686807632 0.174888625741005 0.174696549773216 0.174504473805428 0.174591168761253 0.175514191389084 0.176437199115753 0.177360221743584 0.178283229470253 0.179206252098083 0.180129259824753 0.181052282452583 0.183037340641022 0.185376405715942 0.187715470790863 0.190054535865784 0.192393600940704 0.194732666015625
