data/working_set_collections/6091692-Cassins_Sparrow-M2/1985/prmc_avg.asc
NCOLS 265 
NROWS 230 
XLLCORNER -115.5625 
YLLCORNER 24.8333333333333 
CELLSIZE 0.0833333333333333 
NODATA_value -9999 
[rows 180 to 199 of 230, columns 44 to 87 of 265]
0.202592596411705 0.198176115751266 0.193759649991989 0.189343169331551 0.184926703572273 0.180510237812996 0.176093757152557 0.17167729139328 0.170505210757256 0.170414581894875 0.170323967933655 0.170233353972435 0.170142725110054 0.170052111148834 0.169961482286453 0.170008406043053 0.17046794295311 0.170927464962006 0.171387001872063 0.171846523880959 0.172306060791016 0.172765597701073 0.173225119709969 0.173462510108948 0.173625856637955 0.173789203166962 0.173952549695969 0.174115896224976 0.174279242753983 0.17444258928299 0.174835294485092 0.175916075706482 0.176996856927872 0.178077638149261 0.179158434271812 0.180239215493202 0.181319996714592 0.182400777935982 0.184268727898598 0.186399057507515 0.188529387116432 0.190659716725349 0.192790031433105 0.194920361042023
0.203857898712158 0.199348792433739 0.19483970105648 0.190330594778061 0.185821503400803 0.181312397122383 0.176803290843964 0.172294199466705 0.171761363744736 0.172553941607475 0.173346519470215 0.174139097332954 0.174931675195694 0.175724253058434 0.176516830921173 0.176995739340782 0.176533609628677 0.176071479916573 0.175609350204468 0.175147235393524 0.174685105681419 0.174222975969315 0.173760861158371 0.17380765080452 0.17402409017086 0.17424051463604 0.17445695400238 0.174673393368721 0.1748898178339 0.175106257200241 0.17560738325119 0.176962554454803 0.178317725658417 0.17967289686203 0.181028068065643 0.182383239269257 0.18373841047287 0.185093581676483 0.186913371086121 0.188888043165207 0.190862715244293 0.19283738732338 0.194812044501305 0.196786716580391
0.205123201012611 0.200521469116211 0.195919752120972 0.191318020224571 0.186716288328171 0.18211455643177 0.177512839436531 0.172911107540131 0.173017501831055 0.174693286418915 0.176369056105614 0.178044840693474 0.179720610380173 0.181396394968033 0.183072179555893 0.18398305773735 0.182599276304245 0.18121549487114 0.179831713438034 0.178447932004929 0.177064150571823 0.175680369138718 0.174296587705612 0.174152791500092 0.174422308802605 0.174691841006279 0.174961358308792 0.175230875611305 0.17550040781498 0.175769925117493 0.176379457116127 0.178009018301964 0.179638579487801 0.181268140673637 0.182897701859474 0.18452724814415 0.186156809329987 0.187786370515823 0.189558014273643 0.191377028822899 0.193196043372154 0.19501505792141 0.196834057569504 0.198653072118759
0.206388503313065 0.201694145798683 0.196999788284302 0.192305445671082 0.1876110881567 0.182916730642319 0.178222373127937 0.173528015613556 0.174273654818535 0.176832631230354 0.179391607642174 0.181950584053993 0.184509560465813 0.187068536877632 0.189627513289452 0.19097039103508 0.188664957880974 0.186359509825706 0.1840540766716 0.181748643517494 0.179443195462227 0.177137762308121 0.174832329154015 0.174497917294502 0.17482054233551 0.175143152475357 0.175465762615204 0.175788372755051 0.176110982894897 0.176433607935905 0.177151545882225 0.179055497050285 0.180959433317184 0.182863384485245 0.184767335653305 0.186671271920204 0.188575223088264 0.190479174256325 0.192202672362328 0.193866014480591 0.195529371500015 0.19719272851944 0.198856070637703 0.200519427657127
-9999 0.202866837382317 0.198079839348793 0.193292856216431 0.188505873084068 0.183718889951706 0.178931906819344 0.174144923686981 0.175529807806015 0.178971976041794 0.182414159178734 0.185856327414513 0.189298510551453 0.192740678787231 0.196182861924171 0.197957724332809 0.194730624556541 0.191503524780273 0.188276439905167 0.185049340128899 0.181822240352631 0.178595155477524 0.175368055701256 0.174843057990074 0.175218760967255 0.175594463944435 0.175970166921616 0.176345869898796 0.176721572875977 0.177097275853157 0.177923634648323 0.180101960897446 0.18228030204773 0.184458628296852 0.186636969447136 0.188815295696259 0.190993621945381 0.193171963095665 0.19484731554985 0.196355015039444 0.197862699627876 0.19937039911747 0.200878098607063 0.202385783195496
-9999 -9999 0.199159890413284 0.194280281662941 0.189400672912598 0.184521049261093 0.17964144051075 0.174761816859245 0.176785945892334 0.181111320853233 0.185436695814133 0.189762070775032 0.194087445735931 0.198412820696831 0.20273819565773 0.204945042729378 0.200796291232109 0.19664753973484 0.192498788237572 0.188350036740303 0.184201300144196 0.180052548646927 0.175903797149658 0.175188198685646 0.17561699450016 0.176045775413513 0.176474571228027 0.176903367042542 0.177332147955894 0.177760943770409 0.178695723414421 0.181148439645767 0.183601155877113 0.186053872108459 0.188506603240967 0.190959319472313 0.193412035703659 0.195864751935005 0.197491958737373 0.198844000697136 0.200196027755737 0.2015480697155 0.202900111675262 0.204252138733864
-9999 -9999 -9999 0.195272445678711 0.191030457615852 0.186788454651833 0.182546466588974 0.178304478526115 0.180518940091133 0.184885561466217 0.189252182841301 0.193618804216385 0.197985410690308 0.202352032065392 0.206718653440475 0.208907648921013 0.20456375181675 0.200219869613647 0.195875972509384 0.191532090306282 0.18718820810318 0.182844310998917 0.178500428795815 0.177554860711098 0.177742063999176 0.177929267287254 0.178116470575333 0.178303673863411 0.178490877151489 0.178678080439568 0.179527431726456 0.182363197207451 0.185198947787285 0.18803471326828 0.190870478749275 0.19370624423027 0.196542009711266 0.199377775192261 0.200890272855759 0.201961681246758 0.203033089637756 0.204104498028755 0.205175906419754 0.206247314810753
-9999 -9999 -9999 -9999 -9999 0.190521121025085 0.187646999955177 0.184772878885269 0.186728775501251 0.190294682979584 0.193860590457916 0.197426497936249 0.200992405414581 0.204558297991753 0.208124205470085 0.209845513105392 0.206033006310463 0.202220499515533 0.198407992720604 0.194595471024513 0.190782964229584 0.186970457434654 0.183157950639725 0.181943029165268 0.181593969464302 0.181244909763336 0.180895864963531 0.180546805262566 0.1801977455616 0.179848685860634 0.180418759584427 0.183746218681335 0.187073692679405 0.190401151776314 0.193728625774384 0.197056084871292 0.200383543968201 0.20371101796627 0.205042243003845 0.205708056688309 0.206373855471611 0.207039669156075 0.207705482840538 0.20837128162384
-9999 -9999 -9999 -9999 -9999 -9999 0.192747533321381 0.191241279244423 0.192938610911369 0.19570380449295 0.198468998074532 0.201234191656113 0.203999385237694 0.206764578819275 0.209529772400856 0.210783377289772 0.207502245903015 0.204221129417419 0.200939998030663 0.197658866643906 0.194377735257149 0.191096603870392 0.187815472483635 0.186331212520599 0.185445889830589 0.184560567140579 0.183675244450569 0.182789921760559 0.18190461397171 0.1810192912817 0.181310087442398 0.185129255056381 0.188948422670364 0.192767590284348 0.196586757898331 0.200405925512314 0.204225093126297 0.20804426074028 0.209194213151932 0.209454417228699 0.209714636206627 0.209974840283394 0.210235059261322 0.210495263338089
-9999 -9999 -9999 -9999 -9999 -9999 -9999 0.197709679603577 0.199148446321487 0.201112926006317 0.203077405691147 0.205041885375977 0.207006365060806 0.208970844745636 0.210935324430466 0.211721241474152 0.208971500396729 0.206221744418144 0.203472003340721 0.200722247362137 0.197972506284714 0.195222750306129 0.192473009228706 0.19071938097477 0.189297795295715 0.187876224517822 0.186454638838768 0.185033053159714 0.18361146748066 0.182189896702766 0.182201415300369 0.186512291431427 0.190823152661324 0.195134028792381 0.199444890022278 0.203755766153336 0.208066627383232 0.21237750351429 0.213346183300018 0.21320079267025 0.213055402040482 0.212910026311874 0.212764635682106 0.212619245052338
-9999 -9999 -9999 -9999 -9999 -9999 -9999 -9999 0.205358281731606 0.206522047519684 0.207685813307762 0.20884957909584 0.210013344883919 0.211177110671997 0.212340876460075 0.212659120559692 0.210440754890442 0.20822237432003 0.20600400865078 0.203785642981529 0.201567277312279 0.199348911643028 0.197130531072617 0.195107564330101 0.193149715662003 0.191191866993904 0.189234033226967 0.187276184558868 0.18531833589077 0.183360487222672 0.183092758059502 0.187895327806473 0.192697897553444 0.197500467300415 0.202303037047386 0.207105606794357 0.211908176541328 0.2167107462883 0.217498153448105 0.216947168111801 0.216396182775497 0.215845197439194 0.21529421210289 0.214743226766586
-9999 -9999 -9999 -9999 -9999 -9999 -9999 -9999 -9999 0.211931169033051 0.212294220924377 0.212657272815704 0.213020339608192 0.213383391499519 0.213746443390846 0.213596984744072 0.211909994482994 0.210223004221916 0.208536013960838 0.20684902369976 0.205162048339844 0.203475058078766 0.201788067817688 0.199495732784271 0.19700163602829 0.194507524371147 0.192013412714005 0.189519301056862 0.18702520430088 0.184531092643738 0.183984085917473 0.189278349280357 0.194572627544403 0.199866890907288 0.205161169171333 0.210455447435379 0.215749710798264 0.221043989062309 0.221650123596191 0.220693528652191 0.219736948609352 0.218780368566513 0.217823788523674 0.216867208480835
-9999 -9999 -9999 -9999 -9999 -9999 -9999 -9999 -9999 -9999 0.214296862483025 0.214283794164658 0.214270725846291 0.214257657527924 0.214244589209557 0.213889345526695 0.212507531046867 0.21112571656704 0.209743916988373 0.208362102508545 0.206980288028717 0.20559848845005 0.204216673970222 0.201866865158081 0.199194386601448 0.196521908044815 0.193849429488182 0.191176950931549 0.188504472374916 0.185831993818283 0.185190349817276 0.190641224384308 0.19609209895134 0.201542973518372 0.206993848085403 0.212444722652435 0.217895597219467 0.223346471786499 0.223947644233704 0.222932249307632 0.221916854381561 0.22090145945549 0.21988607943058 0.218870684504509
-9999 -9999 -9999 -9999 -9999 -9999 -9999 -9999 -9999 -9999 -9999 -9999 -9999 -9999 -9999 0.213536202907562 0.212233364582062 0.210930526256561 0.209627687931061 0.208324864506721 0.207022026181221 0.205719187855721 0.204416364431381 0.202220931649208 0.199727967381477 0.197235003113747 0.194742053747177 0.192249089479446 0.189756125211716 0.187263175845146 0.186711549758911 0.191983923316002 0.197256296873093 0.202528685331345 0.207801058888435 0.213073432445526 0.218345820903778 0.223618194460869 0.224390730261803 0.223663315176964 0.222935900092125 0.222208470106125 0.221481055021286 0.220753639936447
-9999 -9999 -9999 -9999 -9999 -9999 -9999 -9999 -9999 -9999 -9999 -9999 -9999 -9999 -9999 0.213183045387268 0.211959198117256 0.210735335946083 0.20951147377491 0.208287626504898 0.207063764333725 0.205839902162552 0.20461605489254 0.202574998140335 0.200261563062668 0.197948113083839 0.195634678006172 0.193321228027344 0.191007792949677 0.188694357872009 0.188232734799385 0.193326622247696 0.198420509696007 0.203514397144318 0.208608269691467 0.213702157139778 0.218796044588089 0.223889917135239 0.224833816289902 0.224394366145134 0.223954930901527 0.22351548075676 0.223076045513153 0.222636595368385
-9999 -9999 -9999 -9999 -9999 -9999 -9999 -9999 -9999 -9999 -9999 -9999 -9999 -9999 -9999 0.212829902768135 0.211685016751289 0.210540145635605 0.209395259618759 0.208250373601913 0.207105502486229 0.205960616469383 0.204815730452538 0.202929079532623 0.200795143842697 0.198661223053932 0.196527302265167 0.194393381476402 0.192259460687637 0.190125539898872 0.18975393474102 0.19466932117939 0.19958470761776 0.204500108957291 0.20941549539566 0.21433088183403 0.2192462682724 0.22416165471077 0.225276902318001 0.225125432014465 0.22497396171093 0.224822491407394 0.224671021103859 0.224519565701485
-9999 -9999 -9999 -9999 -9999 -9999 -9999 -9999 -9999 -9999 -9999 -9999 -9999 -9999 -9999 0.212476760149002 0.211410850286484 0.210344940423965 0.209279045462608 0.20821313560009 0.207147225737572 0.206081330776215 0.205015420913696 0.20328314602375 0.201328739523888 0.199374333024025 0.197419926524162 0.1954655200243 0.193511128425598 0.191556721925735 0.191275134682655 0.196012035012245 0.200748920440674 0.205485805869102 0.210222706198692 0.214959591627121 0.219696491956711 0.224433377385139 0.2257199883461 0.225856482982635 0.225992992520332 0.226129502058029 0.226266011595726 0.226402521133423
-9999 -9999 -9999 -9999 -9999 -9999 -9999 -9999 -9999 -9999 -9999 -9999 -9999 -9999 -9999 0.212123602628708 0.211136683821678 0.210149750113487 0.209162816405296 0.208175897598267 0.207188963890076 0.206202045083046 0.205215111374855 0.203637212514877 0.201862335205078 0.200087442994118 0.198312550783157 0.196537673473358 0.194762781262398 0.192987903952599 0.19279633462429 0.197354733943939 0.201913133263588 0.206471517682076 0.211029917001724 0.215588316321373 0.220146715641022 0.224705100059509 0.226163074374199 0.226587548851967 0.227012038230896 0.227436512708664 0.227861002087593 0.228285476565361
-9999 -9999 -9999 -9999 -9999 -9999 -9999 -9999 -9999 -9999 -9999 -9999 -9999 -9999 -9999 -9999 0.211318373680115 0.210525527596474 0.209732666611671 0.20893982052803 0.208146959543228 0.207354113459587 0.206561252474785 0.20528981089592 0.203858852386475 0.202427878975868 0.200996920466423 0.199565947055817 0.198134988546371 0.196704015135765 0.196626275777817 0.200608223676682 0.204590156674385 0.20857210457325 0.212554037570953 0.216535985469818 0.220517918467522 0.224499866366386 0.225964918732643 0.226591005921364 0.227217093110085 0.227843195199966 0.228469282388687 0.229095369577408
-9999 -9999 -9999 -9999 -9999 -9999 -9999 -9999 -9999 -9999 -9999 -9999 -9999 -9999 -9999 -9999 -9999 0.211472272872925 0.210988581180573 0.210504904389381 0.210021212697029 0.209537535905838 0.209053859114647 0.208240941166878 0.207318305969238 0.206395655870438 0.205473005771637 0.204550355672836 0.203627720475197 0.202705070376396 0.202764958143234 0.205772489309311 0.208780020475388 0.211787551641464 0.21479506790638 0.217802599072456 0.220810130238533 0.22381766140461 0.225125536322594 0.225866869091988 0.226608201861382 0.227349534630775 0.228090867400169 0.228832200169563
