data/working_set_collections/6091692-Cassins_Sparrow-M2/1985/qinfil_avg.asc
NCOLS 265 
NROWS 230 
XLLCORNER -115.5625 
YLLCORNER 24.8333333333333 
CELLSIZE 0.0833333333333333 
NODATA_value -9999 
[rows 72 to 89 of 230, columns 82 to 122 of 265]
1.25141777971294e-05 1.24936232168693e-05 1.24730686366092e-05 1.24525140563492e-05 1.24319594760891e-05 1.2411404895829e-05 1.2390850315569e-05 1.22735928016482e-05 1.18662264867453e-05 1.14588610813371e-05 1.10514947664342e-05 1.06441284515313e-05 1.02367630461231e-05 9.82939673122019e-06 9.42203041631728e-06 9.32296643441077e-06 9.32666989683639e-06 9.33037244976731e-06 9.33407591219293e-06 9.33777937461855e-06 9.34148192754947e-06 9.34518538997509e-06 9.30420173972379e-06 9.12915766093647e-06 8.95411358214915e-06 8.77906950336182e-06 8.6040263340692e-06 8.42898225528188e-06 8.25393817649456e-06 8.07889409770723e-06 8.03348939371062e-06 8.03129751147935e-06 8.02910562924808e-06 8.02691465651151e-06 8.02472277428024e-06 8.02253089204896e-06 8.02033900981769e-06 8.0670288298279e-06 8.26036284706788e-06 8.45369777380256e-06 8.64703179104254e-06
1.2267741112737e-05 1.22943329188274e-05 1.23209256344126e-05 1.23475183499977e-05 1.23741110655828e-05 1.2400703781168e-05 1.24272955872584e-05 1.23520139823086e-05 1.19711094157537e-05 1.15902039397042e-05 1.12092984636547e-05 1.08283938970999e-05 1.04474884210504e-05 1.00665838544955e-05 9.68567837844603e-06 9.60918714554282e-06 9.63416823651642e-06 9.65914841799531e-06 9.68412859947421e-06 9.7091096904478e-06 9.7340898719267e-06 9.75907005340559e-06 9.72785801423015e-06 9.52806658460759e-06 9.32827515498502e-06 9.12848281586776e-06 8.92869138624519e-06 8.72889995662263e-06 8.52910852700006e-06 8.3293170973775e-06 8.27230633149156e-06 8.26288942334941e-06 8.25347251520725e-06 8.24405560706509e-06 8.23463869892294e-06 8.22522179078078e-06 8.21580488263862e-06 8.25382358016213e-06 8.43415091367206e-06 8.61447824718198e-06 8.7948055806919e-06
1.20213035188499e-05 1.20950435302802e-05 1.21687826322159e-05 1.22425226436462e-05 1.23162626550766e-05 1.23900017570122e-05 1.24637417684426e-05 1.24304351629689e-05 1.20759914352675e-05 1.17215467980714e-05 1.13671030703699e-05 1.10126584331738e-05 1.06582147054723e-05 1.03037700682762e-05 9.94932543108007e-06 9.89540785667486e-06 9.94166566670174e-06 9.98792438622331e-06 1.00341821962502e-05 1.00804400062771e-05 1.01266978163039e-05 1.01729556263308e-05 1.01515142887365e-05 9.926974598784e-06 9.70243581832619e-06 9.47789703786839e-06 9.25335734791588e-06 9.02881856745807e-06 8.80427887750557e-06 8.57974009704776e-06 8.5111232692725e-06 8.49448133521946e-06 8.47783849167172e-06 8.46119655761868e-06 8.44455462356564e-06 8.42791178001789e-06 8.41126984596485e-06 8.44061833049636e-06 8.60793807078153e-06 8.7752587205614e-06 8.94257937034126e-06
1.17748668344575e-05 1.18957532322383e-05 1.20166405395139e-05 1.21375269372948e-05 1.22584133350756e-05 1.23793006423512e-05 1.2500187040132e-05 1.25088563436293e-05 1.21808734547812e-05 1.18528896564385e-05 1.15249067675904e-05 1.11969229692477e-05 1.08689400803996e-05 1.05409562820569e-05 1.02129733932088e-05 1.01816285678069e-05 1.02491640063818e-05 1.03166994449566e-05 1.03842348835315e-05 1.04517703221063e-05 1.05193057606812e-05 1.05868402897613e-05 1.05751705632429e-05 1.03258835224551e-05 1.00765964816674e-05 9.82731035037432e-06 9.57802330958657e-06 9.32873626879882e-06 9.07944922801107e-06 8.83016309671802e-06 8.74994020705344e-06 8.72607233759481e-06 8.70220537763089e-06 8.67833750817226e-06 8.65446963871364e-06 8.63060267874971e-06 8.60673480929108e-06 8.62741217133589e-06 8.7817261373857e-06 8.93603919394081e-06 9.09035315999063e-06
1.15284292405704e-05 1.16964629341965e-05 1.18644975373172e-05 1.20325312309433e-05 1.22005649245693e-05 1.23685995276901e-05 1.25366332213162e-05 1.25872784337844e-05 1.2285755474295e-05 1.19842334243003e-05 1.1682710464811e-05 1.13811884148163e-05 1.10796654553269e-05 1.07781434053322e-05 1.04766204458429e-05 1.0467849278939e-05 1.05566623460618e-05 1.06454754131846e-05 1.07342875708127e-05 1.08231006379356e-05 1.09119127955637e-05 1.10007258626865e-05 1.09988268377492e-05 1.07247924461262e-05 1.04507580545032e-05 1.01767236628802e-05 9.90268927125726e-06 9.62865487963427e-06 9.35462048801128e-06 9.08058609638829e-06 8.98875714483438e-06 8.95766424946487e-06 8.92657135409536e-06 8.89547845872585e-06 8.86438556335634e-06 8.83329266798683e-06 8.80219977261731e-06 8.81420692167012e-06 8.95551329449518e-06 9.09682057681493e-06 9.23812694963999e-06
1.12819916466833e-05 1.14971735456493e-05 1.17123545351205e-05 1.19275355245918e-05 1.21427165140631e-05 1.23578975035343e-05 1.25730794025003e-05 1.26656996144447e-05 1.23906374938088e-05 1.21155762826675e-05 1.18405150715262e-05 1.15654529508902e-05 1.12903917397489e-05 1.10153296191129e-05 1.07402684079716e-05 1.0754069990071e-05 1.08641606857418e-05 1.09742504719179e-05 1.1084340258094e-05 1.11944309537648e-05 1.13045207399409e-05 1.1414610526117e-05 1.14224831122556e-05 1.11237004603026e-05 1.08249187178444e-05 1.05261369753862e-05 1.02273543234332e-05 9.92857258097501e-06 9.62979083851678e-06 9.33100818656385e-06 9.22757408261532e-06 9.18925616133492e-06 9.15093824005453e-06 9.11261940927943e-06 9.07430148799904e-06 9.03598356671864e-06 8.99766473594354e-06 9.00100167200435e-06 9.12930136109935e-06 9.25760105019435e-06 9.38590073928935e-06
1.09758275357308e-05 1.12081615952775e-05 1.14404956548242e-05 1.16728297143709e-05 1.19051637739176e-05 1.21374978334643e-05 1.23698328025057e-05 1.24864582176087e-05 1.22559586088755e-05 1.2025459909637e-05 1.17949603009038e-05 1.15644606921705e-05 1.1333961992932e-05 1.11034623841988e-05 1.08729627754656e-05 1.0909572665696e-05 1.10352184492513e-05 1.11608642328065e-05 1.12865100163617e-05 1.14121557999169e-05 1.15378024929669e-05 1.16634482765221e-05 1.16804194476572e-05 1.13713667815318e-05 1.10623150249012e-05 1.07532623587758e-05 1.04442106021452e-05 1.01351579360198e-05 9.82610617938917e-06 9.51705351326382e-06 9.41185680858325e-06 9.37461209105095e-06 9.33736737351865e-06 9.30012265598634e-06 9.26287793845404e-06 9.22563322092174e-06 9.18838941288413e-06 9.19032390811481e-06 9.3097987701185e-06 9.4292745416169e-06 9.5487494036206e-06
1.06099359982181e-05 1.08294289020705e-05 1.10489218059229e-05 1.12684147097752e-05 1.14879076136276e-05 1.170740051748e-05 1.19268934213324e-05 1.20495542432764e-05 1.18817188194953e-05 1.17138833957142e-05 1.15460470624384e-05 1.13782116386574e-05 1.12103762148763e-05 1.10425407910952e-05 1.08747053673142e-05 1.09343563963193e-05 1.10698365460848e-05 1.12053166958503e-05 1.13407968456158e-05 1.14762769953813e-05 1.16117571451468e-05 1.17472372949123e-05 1.17726367534488e-05 1.14677914098138e-05 1.11629460661788e-05 1.08581007225439e-05 1.05532562884036e-05 1.02484109447687e-05 9.94356560113374e-06 9.63872025749879e-06 9.54160532273818e-06 9.51373294810764e-06 9.48586057347711e-06 9.45798819884658e-06 9.43011582421605e-06 9.40224344958551e-06 9.37437107495498e-06 9.38217544899089e-06 9.49700734054204e-06 9.61183923209319e-06 9.72667203313904e-06
1.02440444607055e-05 1.04506962088635e-05 1.06573479570216e-05 1.08639997051796e-05 1.10706514533376e-05 1.12773032014957e-05 1.1483954040159e-05 1.1612650268944e-05 1.15074781206204e-05 1.14023068817914e-05 1.12971347334678e-05 1.11919625851442e-05 1.10867913463153e-05 1.09816191979917e-05 1.08764470496681e-05 1.09591401269427e-05 1.11044546429184e-05 1.12497691588942e-05 1.139508367487e-05 1.15403981908457e-05 1.16857127068215e-05 1.18310272227973e-05 1.18648531497456e-05 1.15642151286011e-05 1.12635771074565e-05 1.0962939086312e-05 1.06623019746621e-05 1.03616639535176e-05 1.0061025932373e-05 9.76038791122846e-06 9.6713529273984e-06 9.65285380516434e-06 9.63435377343558e-06 9.61585374170681e-06 9.59735370997805e-06 9.57885367824929e-06 9.56035364652053e-06 9.57402608037228e-06 9.68421591096558e-06 9.79440483206417e-06 9.90459466265747e-06
9.87815292319283e-06 1.00719635156565e-05 1.02657731986255e-05 1.04595837910892e-05 1.0653394383553e-05 1.08472049760167e-05 1.10410155684804e-05 1.11757462946116e-05 1.11332383312401e-05 1.10907303678687e-05 1.10482214950025e-05 1.1005713531631e-05 1.09632055682596e-05 1.09206976048881e-05 1.08781896415167e-05 1.0983923857566e-05 1.1139072739752e-05 1.1294221621938e-05 1.14493705041241e-05 1.16045184768154e-05 1.17596673590015e-05 1.19148162411875e-05 1.19570704555372e-05 1.1660639756883e-05 1.13642090582289e-05 1.10677783595747e-05 1.07713467514259e-05 1.04749160527717e-05 1.01784853541176e-05 9.88205465546343e-06 9.80110144155333e-06 9.79197375272634e-06 9.78284606389934e-06 9.77371928456705e-06 9.76459159574006e-06 9.75546390691306e-06 9.74633621808607e-06 9.76587762124836e-06 9.87142357189441e-06 9.97697043203516e-06 1.00825172921759e-05
9.51226138568018e-06 9.69322991295485e-06 9.87419934972422e-06 1.00551687864936e-05 1.0236138223263e-05 1.04171076600323e-05 1.0598076187307e-05 1.07388423202792e-05 1.07589976323652e-05 1.07791538539459e-05 1.07993091660319e-05 1.08194644781179e-05 1.08396206996986e-05 1.08597760117846e-05 1.08799313238706e-05 1.10087075881893e-05 1.11736908365856e-05 1.13386740849819e-05 1.15036564238835e-05 1.16686396722798e-05 1.18336229206761e-05 1.19986061690724e-05 1.2049286851834e-05 1.17570634756703e-05 1.14648400995065e-05 1.11726167233428e-05 1.08803924376843e-05 1.05881690615206e-05 1.02959456853569e-05 1.00037223091931e-05 9.93084995570825e-06 9.93109460978303e-06 9.93133926385781e-06 9.93158391793258e-06 9.93182948150206e-06 9.93207413557684e-06 9.93231878965162e-06 9.95772825262975e-06 1.00586321423179e-05 1.01595360320061e-05 1.02604399216943e-05
9.14636893867282e-06 9.31449721974786e-06 9.4826255008229e-06 9.65075378189795e-06 9.81888115347829e-06 9.98700943455333e-06 1.01551377156284e-05 1.03019383459468e-05 1.0384757842985e-05 1.04675773400231e-05 1.05503959275666e-05 1.06332154246047e-05 1.07160349216429e-05 1.0798854418681e-05 1.08816739157191e-05 1.10334913188126e-05 1.12083089334192e-05 1.13831256385311e-05 1.15579432531376e-05 1.17327608677442e-05 1.19075775728561e-05 1.20823951874627e-05 1.21415041576256e-05 1.18534881039523e-05 1.15654711407842e-05 1.12774550871109e-05 1.09894381239428e-05 1.07014220702695e-05 1.04134051071014e-05 1.01253890534281e-05 1.00605975603685e-05 1.00702154668397e-05 1.00798324638163e-05 1.00894494607928e-05 1.00990664577694e-05 1.01086843642406e-05 1.01183013612172e-05 1.01495797935058e-05 1.02458407127415e-05 1.03421016319771e-05 1.04383625512128e-05
8.9394688984612e-06 9.08738547877874e-06 9.23530296859099e-06 9.38321954890853e-06 9.53113703872077e-06 9.67905361903831e-06 9.82697019935586e-06 9.96548169496236e-06 1.00757752079517e-05 1.0186068720941e-05 1.02963622339303e-05 1.04066557469196e-05 1.05169492599089e-05 1.06272427728982e-05 1.07375371953822e-05 1.08955446194159e-05 1.10694581962889e-05 1.12433708636672e-05 1.14172835310455e-05 1.15911971079186e-05 1.17651097752969e-05 1.19390224426752e-05 1.20054037324735e-05 1.17491890705423e-05 1.14929744086112e-05 1.123675974668e-05 1.09805459942436e-05 1.07243313323124e-05 1.04681166703813e-05 1.02119020084501e-05 1.0162555554416e-05 1.01821660791757e-05 1.02017766039353e-05 1.02213871286949e-05 1.02409976534545e-05 1.02606081782142e-05 1.02802187029738e-05 1.03185784610105e-05 1.04131859188783e-05 1.05077933767461e-05 1.06024017441086e-05
8.89155944605591e-06 9.01189559954219e-06 9.13223175302846e-06 9.25256699702004e-06 9.37290315050632e-06 9.4932393039926e-06 9.61357545747887e-06 9.7294714578311e-06 9.83205063675996e-06 9.93462890619412e-06 1.00372071756283e-05 1.01397854450624e-05 1.02423637144966e-05 1.03449428934255e-05 1.04475211628596e-05 1.05948683994939e-05 1.07571386251948e-05 1.0919407941401e-05 1.10816781671019e-05 1.12439483928028e-05 1.14062186185038e-05 1.15684888442047e-05 1.16409864858724e-05 1.14441681944299e-05 1.12473508124822e-05 1.10505325210397e-05 1.08537142295972e-05 1.06568959381548e-05 1.0460078556207e-05 1.02632602647645e-05 1.02367239378509e-05 1.02669482657802e-05 1.02971735032042e-05 1.03273978311336e-05 1.03576221590629e-05 1.03878464869922e-05 1.04180708149215e-05 1.04647251646384e-05 1.05606695797178e-05 1.06566130853025e-05 1.07525565908873e-05
8.84365090314532e-06 8.93640572030563e-06 9.02916053746594e-06 9.12191535462625e-06 9.21467017178657e-06 9.30742498894688e-06 9.40017980610719e-06 9.49346213019453e-06 9.58832515607355e-06 9.68318818195257e-06 9.7780521173263e-06 9.87291514320532e-06 9.96777907857904e-06 1.00626421044581e-05 1.01575051303371e-05 1.02941912700771e-05 1.04448190541007e-05 1.05954459286295e-05 1.07460728031583e-05 1.08966996776871e-05 1.10473274617107e-05 1.11979543362395e-05 1.12765692392713e-05 1.11391473183176e-05 1.10017263068585e-05 1.08643043859047e-05 1.07268833744456e-05 1.05894614534918e-05 1.04520404420327e-05 1.0314618521079e-05 1.03108923212858e-05 1.03517304523848e-05 1.03925694929785e-05 1.04334076240775e-05 1.04742466646712e-05 1.05150847957702e-05 1.05559238363639e-05 1.0610872777761e-05 1.07081523310626e-05 1.08054327938589e-05 1.09027123471606e-05
8.79574145074002e-06 8.86091493157437e-06 8.92608932190342e-06 8.99126280273777e-06 9.05643719306681e-06 9.12161067390116e-06 9.1867841547355e-06 9.25745189306326e-06 9.34460058488185e-06 9.43174836720573e-06 9.51889705902431e-06 9.60604484134819e-06 9.69319353316678e-06 9.78034131549066e-06 9.86749000730924e-06 9.99351505015511e-06 1.01324994830065e-05 1.02714830063633e-05 1.04104674392147e-05 1.05494518720661e-05 1.06884353954229e-05 1.08274198282743e-05 1.09121519926703e-05 1.08341264422052e-05 1.07561018012348e-05 1.06780771602644e-05 1.06000516097993e-05 1.05220269688289e-05 1.04440023278585e-05 1.03659767773934e-05 1.03850607047207e-05 1.04365126389894e-05 1.04879654827528e-05 1.05394183265162e-05 1.05908702607849e-05 1.06423231045483e-05 1.06937759483117e-05 1.07570194813889e-05 1.08556359919021e-05 1.09542515929206e-05 1.10528681034339e-05
8.74783199833473e-06 8.78542505233781e-06 8.8230181063409e-06 8.86061025084928e-06 8.89820330485236e-06 8.93579635885544e-06 8.97338941285852e-06 9.0214425654267e-06 9.10087510419544e-06 9.18030855245888e-06 9.25974200072233e-06 9.33917453949107e-06 9.41860798775451e-06 9.49804052652325e-06 9.5774739747867e-06 9.69283792073838e-06 9.82017900241772e-06 9.94752099359175e-06 1.00748620752711e-05 1.02022031569504e-05 1.03295442386298e-05 1.04568853203091e-05 1.05477338365745e-05 1.05291055660928e-05 1.05104772956111e-05 1.04918490251293e-05 1.04732207546476e-05 1.04545924841659e-05 1.04359642136842e-05 1.04173359432025e-05 1.04592281786609e-05 1.05212948255939e-05 1.0583361472527e-05 1.06454281194601e-05 1.07074947663932e-05 1.07695614133263e-05 1.08316280602594e-05 1.09031661850167e-05 1.10031187432469e-05 1.1103071301477e-05 1.12030238597072e-05
8.69992254592944e-06 8.70993517310126e-06 8.71994689077837e-06 8.72995860845549e-06 8.73997032613261e-06 8.74998204380972e-06 8.75999376148684e-06 8.78543232829543e-06 8.85715053300373e-06 8.92886873771204e-06 9.00058603292564e-06 9.07230423763394e-06 9.14402244234225e-06 9.21574064705055e-06 9.28745794226415e-06 9.39216170081636e-06 9.5078594313236e-06 9.62355807132553e-06 9.73925671132747e-06 9.85495444183471e-06 9.97065308183664e-06 1.00863508123439e-05 1.01833165899734e-05 1.02240846899804e-05 1.02648527899873e-05 1.03056208899943e-05 1.0346389899496e-05 1.0387157999503e-05 1.04279260995099e-05 1.04686941995169e-05 1.05333965620957e-05 1.06060770121985e-05 1.06787574623013e-05 1.07514388218988e-05 1.08241192720016e-05 1.08967997221043e-05 1.09694810817018e-05 1.10493128886446e-05 1.11506014945917e-05 1.12518901005387e-05 1.13531787064858e-05
