data/working_set_collections/6091692-Cassins_Sparrow-M2/1985/qinfil_avg.asc
NCOLS 265 
NROWS 230 
XLLCORNER -115.5625 
YLLCORNER 24.8333333333333 
CELLSIZE 0.0833333333333333 
NODATA_value -9999 
[rows 126 to 143 of 230, columns 164 to 204 of 265]
1.68339047377231e-05 1.68443475558888e-05 1.6854792193044e-05 1.68652368301991e-05 1.68756796483649e-05 1.68861242855201e-05 1.68965689226752e-05 1.6907011740841e-05 1.69727209140547e-05 1.70568509929581e-05 1.71409810718615e-05 1.72251093317755e-05 1.73092394106789e-05 1.73933694895823e-05 1.74774995684857e-05 1.75783770828275e-05 1.77295005414635e-05 1.78806221811101e-05 1.80317438207567e-05 1.81828672793927e-05 1.83339889190393e-05 1.84851105586858e-05 1.86362340173218e-05 1.8886239558924e-05 1.91692051885184e-05 1.94521726371022e-05 1.9735140085686e-05 2.00181057152804e-05 2.03010731638642e-05 2.05840387934586e-05 2.08784258575179e-05 2.12070717680035e-05 2.15357158594998e-05 2.18643617699854e-05 2.21930076804711e-05 2.25216517719673e-05 2.28502976824529e-05 2.31789435929386e-05 2.3266760763363e-05 2.32743041124195e-05 2.32818456424866e-05
1.66854788403725e-05 1.67020407388918e-05 1.67186008184217e-05 1.6735162716941e-05 1.67517227964709e-05 1.67682846949901e-05 1.678484477452e-05 1.68014066730393e-05 1.68709975696402e-05 1.69582672242541e-05 1.7045536878868e-05 1.71328047144925e-05 1.72200743691064e-05 1.7307342204731e-05 1.73946118593449e-05 1.7499245586805e-05 1.76559733517934e-05 1.78127029357711e-05 1.79694307007594e-05 1.81261602847371e-05 1.82828880497254e-05 1.84396158147138e-05 1.85963453986915e-05 1.88424637599383e-05 1.91183771676151e-05 1.9394290575292e-05 1.96702058019582e-05 1.99461192096351e-05 2.02220344363013e-05 2.04979478439782e-05 2.0784224034287e-05 2.11015812965343e-05 2.14189385587815e-05 2.17362958210288e-05 2.20536549022654e-05 2.23710121645126e-05 2.26883694267599e-05 2.30057285079965e-05 2.30802015721565e-05 2.30737132369541e-05 2.30672249017516e-05
1.65370547620114e-05 1.65597339218948e-05 1.65824112627888e-05 1.66050886036828e-05 1.66277677635662e-05 1.66504451044602e-05 1.66731224453542e-05 1.66958016052376e-05 1.67692760442151e-05 1.68596834555501e-05 1.69500926858746e-05 1.70405000972096e-05 1.71309075085446e-05 1.72213149198797e-05 1.73117241502041e-05 1.74201140907826e-05 1.75824479811126e-05 1.77447836904321e-05 1.79071175807621e-05 1.80694532900816e-05 1.82317871804116e-05 1.83941228897311e-05 1.85564567800611e-05 1.87986861419631e-05 1.90675491467118e-05 1.93364103324711e-05 1.96052715182304e-05 1.98741327039897e-05 2.01429957087385e-05 2.04118568944978e-05 2.06900203920668e-05 2.0996090825065e-05 2.13021612580633e-05 2.16082316910615e-05 2.19143021240598e-05 2.2220372557058e-05 2.25264429900562e-05 2.28325134230545e-05 2.289364238095e-05 2.28731223614886e-05 2.28526041610166e-05
1.63886306836503e-05 1.64174252859084e-05 1.64462198881665e-05 1.64750163094141e-05 1.65038109116722e-05 1.65326055139303e-05 1.65614001161885e-05 1.65901947184466e-05 1.666755451879e-05 1.67611015058355e-05 1.68546484928811e-05 1.69481954799267e-05 1.70417424669722e-05 1.71352894540178e-05 1.72288364410633e-05 1.73409807757707e-05 1.75089226104319e-05 1.76768626261037e-05 1.78448044607649e-05 1.80127444764366e-05 1.81806863110978e-05 1.8348628145759e-05 1.85165681614308e-05 1.87549103429774e-05 1.90167193068191e-05 1.92785282706609e-05 1.95403372345027e-05 1.98021461983444e-05 2.00639569811756e-05 2.03257659450173e-05 2.0595818568836e-05 2.08906003535958e-05 2.1185383957345e-05 2.14801657421049e-05 2.17749493458541e-05 2.20697329496033e-05 2.23645147343632e-05 2.26592983381124e-05 2.27070813707542e-05 2.26725333050126e-05 2.26379834202817e-05
1.62402066052891e-05 1.62751184689114e-05 1.63100303325336e-05 1.63449421961559e-05 1.63798540597782e-05 1.64147659234004e-05 1.64496777870227e-05 1.64845896506449e-05 1.65658311743755e-05 1.66625177371316e-05 1.67592042998876e-05 1.68558890436543e-05 1.69525756064104e-05 1.70492621691665e-05 1.71459469129331e-05 1.72618492797483e-05 1.74353972397512e-05 1.76089433807647e-05 1.77824913407676e-05 1.79560374817811e-05 1.8129585441784e-05 1.83031334017869e-05 1.84766795428004e-05 1.87111345439916e-05 1.89658912859159e-05 1.92206480278401e-05 1.94754047697643e-05 1.97301615116885e-05 1.99849164346233e-05 2.02396731765475e-05 2.05016149266157e-05 2.07851098821266e-05 2.10686066566268e-05 2.13521016121376e-05 2.16355965676485e-05 2.19190915231593e-05 2.22025864786701e-05 2.24860832531704e-05 2.25205221795477e-05 2.24719424295472e-05 2.24233626795467e-05
1.6091782526928e-05 1.61328116519144e-05 1.61738389579114e-05 1.62148680828977e-05 1.62558972078841e-05 1.62969263328705e-05 1.63379554578569e-05 1.63789827638539e-05 1.64641096489504e-05 1.65639339684276e-05 1.66637601068942e-05 1.67635844263714e-05 1.6863410564838e-05 1.69632348843152e-05 1.70630592037924e-05 1.71827177837258e-05 1.73618700500811e-05 1.75410241354257e-05 1.77201782207703e-05 1.78993304871256e-05 1.80784845724702e-05 1.82576386578148e-05 1.84367909241701e-05 1.86673587450059e-05 1.89150614460232e-05 1.91627659660298e-05 1.94104704860365e-05 1.96581750060432e-05 1.99058777070604e-05 2.01535822270671e-05 2.04074131033849e-05 2.06796194106573e-05 2.09518275369192e-05 2.1224035663181e-05 2.14962437894428e-05 2.17684519157046e-05 2.20406600419665e-05 2.23128681682283e-05 2.23339629883412e-05 2.22713515540818e-05 2.22087419388117e-05
1.59570063260617e-05 1.60028303071158e-05 1.60486524691805e-05 1.60944746312452e-05 1.61402986122994e-05 1.61861207743641e-05 1.62319429364288e-05 1.62777650984935e-05 1.63689219334628e-05 1.64751909323968e-05 1.65814599313308e-05 1.66877271112753e-05 1.67939961102093e-05 1.69002651091432e-05 1.70065322890878e-05 1.71317933563842e-05 1.73140324477572e-05 1.74962715391302e-05 1.76785088115139e-05 1.78607479028869e-05 1.80429851752706e-05 1.82252242666436e-05 1.84074633580167e-05 1.86326124094194e-05 1.88720659934916e-05 1.91115195775637e-05 1.93509731616359e-05 1.95904249267187e-05 1.98298785107909e-05 2.00693320948631e-05 2.03107738343533e-05 2.05581818590872e-05 2.08055898838211e-05 2.10529960895656e-05 2.13004041142995e-05 2.15478121390333e-05 2.17952183447778e-05 2.20426263695117e-05 2.20628480747109e-05 2.20073397940723e-05 2.19518315134337e-05
1.5835881640669e-05 1.58851744345156e-05 1.59344690473517e-05 1.59837618411984e-05 1.60330564540345e-05 1.60823492478812e-05 1.61316420417279e-05 1.6180936654564e-05 1.62802716658916e-05 1.63962886290392e-05 1.65123037731973e-05 1.66283189173555e-05 1.67443358805031e-05 1.68603510246612e-05 1.69763679878088e-05 1.71090796357021e-05 1.72918807948008e-05 1.7474683772889e-05 1.76574849319877e-05 1.78402860910865e-05 1.80230890691746e-05 1.82058902282733e-05 1.83886913873721e-05 1.8606895537232e-05 1.88369012903422e-05 1.9066905224463e-05 1.92969109775731e-05 1.95269149116939e-05 1.97569188458147e-05 1.99869245989248e-05 2.02117007574998e-05 2.04207954084268e-05 2.06298882403644e-05 2.08389828912914e-05 2.10480775422184e-05 2.1257170374156e-05 2.1466265025083e-05 2.16753578570206e-05 2.17071774386568e-05 2.167990351154e-05 2.16526314034127e-05
1.57147551362868e-05 1.57675203809049e-05 1.58202838065336e-05 1.58730490511516e-05 1.59258142957697e-05 1.59785777213983e-05 1.60313429660164e-05 1.6084106391645e-05 1.61916213983204e-05 1.63173845066922e-05 1.64431476150639e-05 1.65689107234357e-05 1.66946756507969e-05 1.68204387591686e-05 1.69462018675404e-05 1.708636591502e-05 1.72697309608338e-05 1.74530960066477e-05 1.76364610524615e-05 1.78198260982754e-05 1.80031911440892e-05 1.81865561899031e-05 1.83699212357169e-05 1.85811804840341e-05 1.88017365871929e-05 1.90222926903516e-05 1.92428487935103e-05 1.94634048966691e-05 1.96839609998278e-05 1.99045171029866e-05 2.01126276806463e-05 2.02834089577664e-05 2.04541884158971e-05 2.06249696930172e-05 2.07957491511479e-05 2.0966530428268e-05 2.11373098863987e-05 2.13080893445294e-05 2.13515068026027e-05 2.13524690479971e-05 2.13534312933916e-05
1.55936304508941e-05 1.56498645083047e-05 1.57061003847048e-05 1.57623362611048e-05 1.58185721375048e-05 1.58748061949154e-05 1.59310420713155e-05 1.59872779477155e-05 1.61029693117598e-05 1.62384803843452e-05 1.63739914569305e-05 1.65095025295159e-05 1.66450136021012e-05 1.67805246746866e-05 1.6916035747272e-05 1.70636521943379e-05 1.72475793078775e-05 1.74315082404064e-05 1.76154371729353e-05 1.77993661054643e-05 1.79832950379932e-05 1.81672221515328e-05 1.83511510840617e-05 1.85554636118468e-05 1.87665718840435e-05 1.89776783372508e-05 1.91887866094476e-05 1.93998930626549e-05 1.96110013348516e-05 1.98221077880589e-05 2.00135546037927e-05 2.0146022507106e-05 2.02784885914298e-05 2.04109546757536e-05 2.05434225790668e-05 2.06758886633907e-05 2.08083547477145e-05 2.09408226510277e-05 2.09958361665485e-05 2.10250345844543e-05 2.10542311833706e-05
1.5472503946512e-05 1.5532210454694e-05 1.5591916962876e-05 1.5651623471058e-05 1.571132997924e-05 1.57710346684325e-05 1.58307411766145e-05 1.58904476847965e-05 1.60143190441886e-05 1.61595780809876e-05 1.63048352987971e-05 1.64500943355961e-05 1.6595353372395e-05 1.6740612409194e-05 1.68858696270036e-05 1.70409366546664e-05 1.72254294739105e-05 1.74099204741651e-05 1.75944132934092e-05 1.77789061126532e-05 1.79633971129078e-05 1.81478899321519e-05 1.83323809324065e-05 1.85297485586489e-05 1.87314071808942e-05 1.89330658031395e-05 1.91347244253848e-05 1.93363830476301e-05 1.95380416698754e-05 1.97397002921207e-05 1.99144833459286e-05 2.00086360564455e-05 2.01027887669625e-05 2.01969414774794e-05 2.02910941879964e-05 2.03852487175027e-05 2.04794014280196e-05 2.05735541385366e-05 2.06401655304944e-05 2.0697598301922e-05 2.07550310733495e-05
1.53513774421299e-05 1.54145545820938e-05 1.54777317220578e-05 1.55409106810112e-05 1.56040878209751e-05 1.56672649609391e-05 1.5730442100903e-05 1.5793619240867e-05 1.5925666957628e-05 1.60806739586405e-05 1.62356791406637e-05 1.63906861416763e-05 1.65456931426888e-05 1.6700698324712e-05 1.68557053257246e-05 1.70182229339844e-05 1.72032778209541e-05 1.73883345269132e-05 1.7573389413883e-05 1.77584443008527e-05 1.79434991878225e-05 1.81285558937816e-05 1.83136107807513e-05 1.85040316864615e-05 1.86962424777448e-05 1.88884514500387e-05 1.9080662241322e-05 1.92728730326053e-05 1.94650820048992e-05 1.96572927961824e-05 1.98154102690751e-05 1.98712496057851e-05 1.99270889424952e-05 1.99829282792052e-05 2.00387676159153e-05 2.00946069526253e-05 2.01504462893354e-05 2.02062856260454e-05 2.02844967134297e-05 2.03701638383791e-05 2.04558309633285e-05
1.52389711729484e-05 1.5300352970371e-05 1.53617347677937e-05 1.54231147462269e-05 1.54844965436496e-05 1.55458783410722e-05 1.56072583195055e-05 1.56686401169281e-05 1.58096445375122e-05 1.59771916514728e-05 1.6144736946444e-05 1.63122840604046e-05 1.64798293553758e-05 1.66473764693365e-05 1.68149217643077e-05 1.69873110280605e-05 1.71742285601795e-05 1.7361144273309e-05 1.7548061805428e-05 1.7734979337547e-05 1.79218950506765e-05 1.81088125827955e-05 1.82957301149145e-05 1.84815980901476e-05 1.86671150004258e-05 1.88526319107041e-05 1.90381506399717e-05 1.922366755025e-05 1.94091844605282e-05 1.95947031897958e-05 1.97446606762242e-05 1.97879380721133e-05 1.98312172869919e-05 1.9874494682881e-05 1.99177738977596e-05 1.99610512936488e-05 2.00043286895379e-05 2.00476079044165e-05 2.01322236534907e-05 2.02306182472967e-05 2.03290128411027e-05
1.51352842294727e-05 1.51896028910414e-05 1.52439206431154e-05 1.52982393046841e-05 1.53525579662528e-05 1.54068766278215e-05 1.54611952893902e-05 1.55155139509588e-05 1.56662517838413e-05 1.5849129340495e-05 1.60320087161381e-05 1.62148880917812e-05 1.63977656484349e-05 1.6580645024078e-05 1.67635225807317e-05 1.69482009368949e-05 1.71382780536078e-05 1.73283551703207e-05 1.75184304680442e-05 1.77085075847572e-05 1.78985847014701e-05 1.8088661818183e-05 1.8278738934896e-05 1.84624441317283e-05 1.86440247489372e-05 1.88256071851356e-05 1.90071878023446e-05 1.91887684195535e-05 1.93703508557519e-05 1.95519314729609e-05 1.97022363863653e-05 1.97587050934089e-05 1.98151738004526e-05 1.98716425074963e-05 1.992811121454e-05 1.9984581740573e-05 2.00410504476167e-05 2.00975191546604e-05 2.01833481696667e-05 2.02789651666535e-05 2.03745803446509e-05
1.50315972859971e-05 1.50788528117118e-05 1.51261083374266e-05 1.51733638631413e-05 1.5220619388856e-05 1.52678749145707e-05 1.53151304402854e-05 1.53623859660001e-05 1.5522857211181e-05 1.57210688485065e-05 1.59192804858321e-05 1.61174903041683e-05 1.63157019414939e-05 1.65139135788195e-05 1.67121233971557e-05 1.69090908457292e-05 1.71023275470361e-05 1.7295564248343e-05 1.74888009496499e-05 1.76820376509568e-05 1.78752743522637e-05 1.80685092345811e-05 1.8261745935888e-05 1.84432901733089e-05 1.86209344974486e-05 1.87985806405777e-05 1.89762249647174e-05 1.91538711078465e-05 1.93315154319862e-05 1.95091615751153e-05 1.9659810277517e-05 1.97294702957151e-05 1.97991303139133e-05 1.98687903321115e-05 1.99384503503097e-05 2.00081103685079e-05 2.00777703867061e-05 2.01474304049043e-05 2.02344726858428e-05 2.03273102670209e-05 2.04201478481991e-05
1.49279094330268e-05 1.49681018228875e-05 1.5008295122243e-05 1.50484875121037e-05 1.50886808114592e-05 1.51288732013199e-05 1.51690655911807e-05 1.52092588905361e-05 1.537946445751e-05 1.55930083565181e-05 1.58065504365368e-05 1.60200943355449e-05 1.62336382345529e-05 1.6447182133561e-05 1.66607242135797e-05 1.68699807545636e-05 1.70663770404644e-05 1.72627733263653e-05 1.74591696122661e-05 1.7655565898167e-05 1.78519621840678e-05 1.80483584699687e-05 1.82447547558695e-05 1.84241362148896e-05 1.859784424596e-05 1.87715540960198e-05 1.89452639460796e-05 1.91189719771501e-05 1.92926818272099e-05 1.94663916772697e-05 1.96173859876581e-05 1.97002373170108e-05 1.97830868273741e-05 1.98659381567268e-05 1.99487894860795e-05 2.00316408154322e-05 2.01144903257955e-05 2.01973416551482e-05 2.02855990210082e-05 2.03756571863778e-05 2.04657153517473e-05
1.48242224895512e-05 1.4857351743558e-05 1.48904819070594e-05 1.49236120705609e-05 1.49567413245677e-05 1.49898714880692e-05 1.50230016515707e-05 1.50561309055774e-05 1.52360707943444e-05 1.54649460455403e-05 1.56938222062308e-05 1.59226983669214e-05 1.6151574527612e-05 1.63804506883025e-05 1.66093250300037e-05 1.68308724823873e-05 1.70304283528822e-05 1.7229984223377e-05 1.74295400938718e-05 1.76290959643666e-05 1.78286518348614e-05 1.80282077053562e-05 1.8227763575851e-05 1.84049822564702e-05 1.85747558134608e-05 1.87445275514619e-05 1.89143011084525e-05 1.9084074665443e-05 1.92538464034442e-05 1.94236199604347e-05 1.95749598788098e-05 1.9671002519317e-05 1.97670433408348e-05 1.9863085981342e-05 1.99591286218492e-05 2.0055169443367e-05 2.01512120838743e-05 2.02472529053921e-05 2.03367235371843e-05 2.04240022867452e-05 2.05112828552956e-05
1.47205346365809e-05 1.47466016642284e-05 1.47726686918759e-05 1.47987357195234e-05 1.48248027471709e-05 1.48508697748184e-05 1.48769368024659e-05 1.49030038301134e-05 1.50926771311788e-05 1.53368855535518e-05 1.55810939759249e-05 1.58253023982979e-05 1.6069510820671e-05 1.63137174240546e-05 1.65579258464277e-05 1.67917623912217e-05 1.69944778463105e-05 1.71971933013992e-05 1.7399908756488e-05 1.76026242115768e-05 1.78053396666655e-05 1.80080551217543e-05 1.82107705768431e-05 1.83858282980509e-05 1.85516655619722e-05 1.87175028258935e-05 1.88833382708253e-05 1.90491755347466e-05 1.92150127986679e-05 1.93808500625892e-05 1.95325355889509e-05 1.96417677216232e-05 1.97510016732849e-05 1.98602338059573e-05 1.99694659386296e-05 2.00786998902913e-05 2.01879320229637e-05 2.0297164155636e-05 2.03878480533604e-05 2.04723492061021e-05 2.05568485398544e-05
