data/working_set_collections/6091692-Cassins_Sparrow-M2/1985/qinfil_avg.asc
NCOLS 265 
NROWS 230 
XLLCORNER -115.5625 
YLLCORNER 24.8333333333333 
CELLSIZE 0.0833333333333333 
NODATA_value -9999 
[rows 198 to 215 of 230, columns 123 to 163 of 265]
1.37447241286281e-05 1.36049748107325e-05 1.34652245833422e-05 1.33254743559519e-05 1.322083062405e-05 1.31278875414864e-05 1.30349453684175e-05 1.29420031953487e-05 1.28490610222798e-05 1.27561188492109e-05 1.26631757666473e-05 1.25409369502449e-05 1.23308072943473e-05 1.21206776384497e-05 1.19105470730574e-05 1.17004174171598e-05 1.14902877612622e-05 1.12801581053645e-05 1.10700284494669e-05 1.08904105218244e-05 1.07209634734318e-05 1.05515164250392e-05 1.03820693766465e-05 1.02126223282539e-05 1.00431752798613e-05 9.873727321974e-06 9.74401882558595e-06 9.7335259852116e-06 9.72303314483725e-06 9.71254030446289e-06 9.70204746408854e-06 9.69155462371418e-06 9.68106178333983e-06 9.67056894296547e-06 9.80744061962469e-06 9.99343319563195e-06 1.01794257716392e-05 1.03654183476465e-05 1.05514109236537e-05 1.0737403499661e-05 1.09233960756683e-05
1.39504991238937e-05 1.38214008984505e-05 1.36923026730074e-05 1.35632035380695e-05 1.34654546855018e-05 1.3378154108068e-05 1.32908544401289e-05 1.32035547721898e-05 1.31162551042507e-05 1.3028954526817e-05 1.29416548588779e-05 1.28203455460607e-05 1.25970072986092e-05 1.23736681416631e-05 1.21503298942116e-05 1.19269907372654e-05 1.1703652489814e-05 1.14803142423625e-05 1.12569750854163e-05 1.10686341940891e-05 1.08919593913015e-05 1.07152836790192e-05 1.05386088762316e-05 1.0361934073444e-05 1.01852592706564e-05 1.00085835583741e-05 9.87481325864792e-06 9.86975555861136e-06 9.8646978585748e-06 9.85964015853824e-06 9.85458245850168e-06 9.84952475846512e-06 9.84446705842856e-06 9.839409358392e-06 9.9858643807238e-06 1.0182823643845e-05 1.03797829069663e-05 1.05767421700875e-05 1.07737014332088e-05 1.097066069633e-05 1.1167620868946e-05
1.41562741191592e-05 1.40378269861685e-05 1.39193798531778e-05 1.38009327201871e-05 1.37100787469535e-05 1.36284206746495e-05 1.35467635118403e-05 1.3465106349031e-05 1.33834491862217e-05 1.33017911139177e-05 1.32201339511084e-05 1.30997541418765e-05 1.28632063933765e-05 1.26266595543711e-05 1.23901118058711e-05 1.21535640573711e-05 1.19170172183658e-05 1.16804694698658e-05 1.14439217213658e-05 1.12468578663538e-05 1.10629553091712e-05 1.08790518424939e-05 1.06951492853113e-05 1.05112458186341e-05 1.03273423519568e-05 1.01434397947742e-05 1.00056067822152e-05 1.00059842225164e-05 1.00063625723124e-05 1.00067400126136e-05 1.00071174529148e-05 1.00074948932161e-05 1.00078723335173e-05 1.00082506833132e-05 1.01642890513176e-05 1.03722150015528e-05 1.05801409517881e-05 1.07880669020233e-05 1.09959928522585e-05 1.12039188024937e-05 1.14118447527289e-05
1.43620491144247e-05 1.42542539833812e-05 1.4146457942843e-05 1.40386628117994e-05 1.39547028084053e-05 1.38786872412311e-05 1.38026725835516e-05 1.37266579258721e-05 1.3650642358698e-05 1.35746277010185e-05 1.3498613043339e-05 1.33791627376922e-05 1.31294063976384e-05 1.28796500575845e-05 1.26298937175306e-05 1.23801373774768e-05 1.21303819469176e-05 1.18806256068638e-05 1.16308692668099e-05 1.14250815386185e-05 1.12339503175463e-05 1.10428200059687e-05 1.08516887848964e-05 1.06605575638241e-05 1.04694263427518e-05 1.02782960311742e-05 1.01364003057824e-05 1.01422137959162e-05 1.01480263765552e-05 1.01538389571942e-05 1.0159652447328e-05 1.0165465027967e-05 1.0171277608606e-05 1.01770910987398e-05 1.03427137219114e-05 1.05616063592606e-05 1.07804980871151e-05 1.09993907244643e-05 1.12182833618135e-05 1.14371759991627e-05 1.16560686365119e-05
1.45678241096903e-05 1.44706800710992e-05 1.43735360325081e-05 1.42763919939171e-05 1.4199326869857e-05 1.41289538078126e-05 1.4058581655263e-05 1.39882095027133e-05 1.39178364406689e-05 1.38474642881192e-05 1.37770921355695e-05 1.3658571333508e-05 1.33956064019003e-05 1.31326414702926e-05 1.28696765386849e-05 1.26067106975825e-05 1.23437457659747e-05 1.2080780834367e-05 1.18178159027593e-05 1.16033052108833e-05 1.1404946235416e-05 1.12065872599487e-05 1.10082282844814e-05 1.08098693090142e-05 1.06115103335469e-05 1.04131513580796e-05 1.02671947388444e-05 1.02784424598212e-05 1.02896910902928e-05 1.03009388112696e-05 1.03121874417411e-05 1.03234351627179e-05 1.03346828836948e-05 1.03459315141663e-05 1.05211374830105e-05 1.07509968074737e-05 1.09808561319369e-05 1.12107145469054e-05 1.14405738713685e-05 1.16704331958317e-05 1.19002925202949e-05
1.47735991049558e-05 1.46871070683119e-05 1.46006141221733e-05 1.45141211760347e-05 1.44439509313088e-05 1.43792203743942e-05 1.43144907269743e-05 1.42497610795544e-05 1.41850305226399e-05 1.412030087522e-05 1.40555712278001e-05 1.39379799293238e-05 1.36618064061622e-05 1.3385631973506e-05 1.31094584503444e-05 1.28332840176881e-05 1.25571104945266e-05 1.2280936971365e-05 1.20047625387087e-05 1.1781528883148e-05 1.15759421532857e-05 1.13703554234235e-05 1.11647686935612e-05 1.09591819636989e-05 1.0753594324342e-05 1.05480075944797e-05 1.03979882624117e-05 1.0414672033221e-05 1.04313548945356e-05 1.04480386653449e-05 1.04647215266596e-05 1.04814052974689e-05 1.04980881587835e-05 1.05147719295928e-05 1.06995621536043e-05 1.09403881651815e-05 1.1181213267264e-05 1.14220392788411e-05 1.16628643809236e-05 1.19036903925007e-05 1.21445164040779e-05
1.49122934089974e-05 1.48364106280496e-05 1.47605287565966e-05 1.46846468851436e-05 1.46239690366201e-05 1.45683588925749e-05 1.45127487485297e-05 1.44571386044845e-05 1.44015284604393e-05 1.43459183163941e-05 1.42903090818436e-05 1.41777982207714e-05 1.38945879371022e-05 1.3611377653433e-05 1.33281664602691e-05 1.30449561766e-05 1.27617458929308e-05 1.24785356092616e-05 1.21953244160977e-05 1.19644118967699e-05 1.17509325718856e-05 1.15374523375067e-05 1.13239721031277e-05 1.11104927782435e-05 1.08970125438645e-05 1.06835332189803e-05 1.05292556327186e-05 1.05525850813137e-05 1.05759154394036e-05 1.05992457974935e-05 1.06225752460887e-05 1.06459056041786e-05 1.06692350527737e-05 1.06925654108636e-05 1.08889007606194e-05 1.11429053504253e-05 1.13969099402311e-05 1.1650914530037e-05 1.19049191198428e-05 1.21589237096487e-05 1.24129282994545e-05
1.49839052028256e-05 1.49185934787965e-05 1.48532808452728e-05 1.47879691212438e-05 1.47393820952857e-05 1.46963693623547e-05 1.46533566294238e-05 1.46103438964929e-05 1.45673311635619e-05 1.4524318430631e-05 1.44813056977e-05 1.43780271173455e-05 1.40939519042149e-05 1.38098766910844e-05 1.35258014779538e-05 1.32417262648232e-05 1.29576519611874e-05 1.26735767480568e-05 1.23895015349262e-05 1.2151954251749e-05 1.1929916581721e-05 1.17078789116931e-05 1.14858403321705e-05 1.12638026621426e-05 1.10417649921146e-05 1.08197273220867e-05 1.06609959402704e-05 1.06921834230889e-05 1.07233718154021e-05 1.07545592982206e-05 1.07857476905338e-05 1.08169351733522e-05 1.08481235656654e-05 1.08793110484839e-05 1.10891551230452e-05 1.13585510916892e-05 1.16279470603331e-05 1.18973421194823e-05 1.21667380881263e-05 1.24361340567702e-05 1.27055300254142e-05
1.50555169966538e-05 1.50007754200487e-05 1.49460338434437e-05 1.4891291357344e-05 1.48547942444566e-05 1.48243789226399e-05 1.47939636008232e-05 1.47635482790065e-05 1.47331329571898e-05 1.47027176353731e-05 1.46723023135564e-05 1.45782551044249e-05 1.42933158713276e-05 1.40083766382304e-05 1.37234364956385e-05 1.34384972625412e-05 1.31535571199493e-05 1.2868617886852e-05 1.25836786537548e-05 1.23394966067281e-05 1.21089005915564e-05 1.18783045763848e-05 1.16477085612132e-05 1.14171125460416e-05 1.11865174403647e-05 1.09559214251931e-05 1.07927353383275e-05 1.0831781764864e-05 1.08708272819058e-05 1.09098737084423e-05 1.09489192254841e-05 1.09879656520206e-05 1.10270111690625e-05 1.1066057595599e-05 1.1289409485471e-05 1.15741959234583e-05 1.18589832709404e-05 1.21437697089277e-05 1.24285570564098e-05 1.27133434943971e-05 1.29981308418792e-05
1.51271296999766e-05 1.50829573613009e-05 1.50387859321199e-05 1.49946135934442e-05 1.49702073031222e-05 1.49523893924197e-05 1.49345705722226e-05 1.49167526615201e-05 1.48989347508177e-05 1.48811168401153e-05 1.48632989294128e-05 1.4778484000999e-05 1.44926798384404e-05 1.42068756758817e-05 1.39210715133231e-05 1.36352673507645e-05 1.33494631882058e-05 1.30636590256472e-05 1.27778548630886e-05 1.25270389617071e-05 1.22878846013919e-05 1.20487311505713e-05 1.1809576790256e-05 1.15704233394354e-05 1.13312689791201e-05 1.10921155282995e-05 1.09244756458793e-05 1.09713801066391e-05 1.10182836579042e-05 1.10651881186641e-05 1.11120916699292e-05 1.1158996130689e-05 1.12058996819542e-05 1.12528032332193e-05 1.1489662938402e-05 1.17898416647222e-05 1.20900194815476e-05 1.23901972983731e-05 1.26903760246933e-05 1.29905538415187e-05 1.32907316583442e-05
1.51987414938048e-05 1.51651393025531e-05 1.51315380207961e-05 1.50979358295444e-05 1.50856203617877e-05 1.50803989527049e-05 1.50751784531167e-05 1.50699579535285e-05 1.50647365444456e-05 1.50595160448574e-05 1.50542955452693e-05 1.49787119880784e-05 1.46920438055531e-05 1.44053747135331e-05 1.41187065310078e-05 1.38320374389878e-05 1.35453692564624e-05 1.32587001644424e-05 1.29720319819171e-05 1.27145804071915e-05 1.24668686112273e-05 1.2219156815263e-05 1.19714450192987e-05 1.17237332233344e-05 1.14760214273701e-05 1.12283096314059e-05 1.10562159534311e-05 1.11109784484142e-05 1.11657400339027e-05 1.12205016193911e-05 1.12752641143743e-05 1.13300256998627e-05 1.13847881948459e-05 1.14395497803343e-05 1.16899173008278e-05 1.20054864964914e-05 1.23210556921549e-05 1.26366248878185e-05 1.2952194083482e-05 1.32677632791456e-05 1.35833324748091e-05
1.52703541971277e-05 1.52473221533e-05 1.52242901094723e-05 1.52012580656447e-05 1.52010325109586e-05 1.52084094224847e-05 1.52157854245161e-05 1.52231623360422e-05 1.52305383380735e-05 1.52379152495996e-05 1.52452921611257e-05 1.51789408846525e-05 1.48914077726658e-05 1.46038746606791e-05 1.43163415486924e-05 1.40288084367057e-05 1.3741275324719e-05 1.34537422127323e-05 1.31662091007456e-05 1.29021227621706e-05 1.26458526210627e-05 1.23895833894494e-05 1.21333132483414e-05 1.18770431072335e-05 1.16207738756202e-05 1.13645037345123e-05 1.11879562609829e-05 1.12505758806947e-05 1.13131964099011e-05 1.13758160296129e-05 1.14384356493247e-05 1.15010561785311e-05 1.15636757982429e-05 1.16262954179547e-05 1.18901707537589e-05 1.22211313282605e-05 1.25520919027622e-05 1.28830524772638e-05 1.32140130517655e-05 1.35449736262672e-05 1.38759342007688e-05
1.52769753185567e-05 1.52628654177533e-05 1.52487564264447e-05 1.52346474351361e-05 1.52425554915681e-05 1.52578031702433e-05 1.52730499394238e-05 1.52882985275937e-05 1.53035452967742e-05 1.53187938849442e-05 1.53340406541247e-05 1.52728607645258e-05 1.49823954416206e-05 1.46919310282101e-05 1.44014666147996e-05 1.41110022013891e-05 1.38205368784838e-05 1.35300724650733e-05 1.32396080516628e-05 1.29781064970302e-05 1.27262601381517e-05 1.24744128697785e-05 1.22225656014052e-05 1.19707192425267e-05 1.17188719741534e-05 1.14670247057802e-05 1.12939478640328e-05 1.13571777546895e-05 1.14204085548408e-05 1.14836384454975e-05 1.15468692456488e-05 1.16100991363055e-05 1.16733299364569e-05 1.17365598271135e-05 1.20023241834133e-05 1.2335599421931e-05 1.26688746604486e-05 1.30021498989663e-05 1.3335425137484e-05 1.36687012854964e-05 1.4001976524014e-05
1.52186075865757e-05 1.52117727338918e-05 1.52049369717133e-05 1.51981021190295e-05 1.52101874846267e-05 1.52285801959806e-05 1.52469719978399e-05 1.52653647091938e-05 1.52837565110531e-05 1.53021501319017e-05 1.5320541933761e-05 1.52604698087089e-05 1.49650077219121e-05 1.46695447256207e-05 1.43740817293292e-05 1.40786187330377e-05 1.37831557367463e-05 1.34876936499495e-05 1.3192230653658e-05 1.29425325212651e-05 1.2708089343505e-05 1.24736461657449e-05 1.22392029879848e-05 1.20047598102246e-05 1.17703175419592e-05 1.15358743641991e-05 1.13741898530861e-05 1.1430783160904e-05 1.14873764687218e-05 1.15439697765396e-05 1.16005621748627e-05 1.16571554826805e-05 1.17137487904984e-05 1.17703420983162e-05 1.20263757708017e-05 1.2348889868008e-05 1.26714039652143e-05 1.29939180624206e-05 1.33164321596269e-05 1.36389462568332e-05 1.39614603540394e-05
1.51602389451e-05 1.51606791405356e-05 1.51611184264766e-05 1.51615577124176e-05 1.517782038718e-05 1.51993572217179e-05 1.52208940562559e-05 1.52424318002886e-05 1.52639677253319e-05 1.52855063788593e-05 1.53070432133973e-05 1.52480797623866e-05 1.49476190927089e-05 1.46471584230312e-05 1.43466968438588e-05 1.40462361741811e-05 1.37457745950087e-05 1.3445313925331e-05 1.31448523461586e-05 1.29069576360052e-05 1.26899185488583e-05 1.24728794617113e-05 1.22558403745643e-05 1.20388012874173e-05 1.18217622002703e-05 1.16047231131233e-05 1.14544327516342e-05 1.15043885671184e-05 1.15543443826027e-05 1.1604300198087e-05 1.16542560135713e-05 1.17042118290556e-05 1.17541676445398e-05 1.18041243695188e-05 1.20504273581901e-05 1.2362180314085e-05 1.26739332699799e-05 1.29856853163801e-05 1.3297438272275e-05 1.36091912281699e-05 1.39209432745702e-05
1.5101871213119e-05 1.51095846376847e-05 1.51172989717452e-05 1.51250133058056e-05 1.51454532897333e-05 1.517013515695e-05 1.5194816114672e-05 1.52194979818887e-05 1.52441798491054e-05 1.52688626258168e-05 1.52935444930336e-05 1.52356897160644e-05 1.49302304635057e-05 1.46247712109471e-05 1.43193119583884e-05 1.40138527058298e-05 1.37083934532711e-05 1.34029342007125e-05 1.30974749481538e-05 1.28713836602401e-05 1.26717486637062e-05 1.24721127576777e-05 1.22724777611438e-05 1.207284276461e-05 1.18732068585814e-05 1.16735718620475e-05 1.15346747406875e-05 1.15779939733329e-05 1.16213122964837e-05 1.16646315291291e-05 1.17079498522799e-05 1.17512681754306e-05 1.1794587408076e-05 1.18379057312268e-05 1.20744789455784e-05 1.2375470760162e-05 1.26764616652508e-05 1.29774534798344e-05 1.32784443849232e-05 1.35794361995067e-05 1.38804271045956e-05
1.50435025716433e-05 1.50584910443285e-05 1.50734795170138e-05 1.5088467989699e-05 1.51130852827919e-05 1.51409121826873e-05 1.51687381730881e-05 1.51965650729835e-05 1.52243919728789e-05 1.52522179632797e-05 1.52800439536804e-05 1.52233005792368e-05 1.49128427437972e-05 1.46023849083576e-05 1.4291927072918e-05 1.39814701469732e-05 1.36710123115336e-05 1.3360554476094e-05 1.30500966406544e-05 1.28358087749803e-05 1.26535778690595e-05 1.24713460536441e-05 1.22891151477234e-05 1.21068833323079e-05 1.19246524263872e-05 1.17424206109717e-05 1.16149176392355e-05 1.16515993795474e-05 1.16882802103646e-05 1.17249619506765e-05 1.17616436909884e-05 1.17983254313003e-05 1.18350062621175e-05 1.18716880024294e-05 1.20985305329668e-05 1.2388761206239e-05 1.26789909700165e-05 1.29692207337939e-05 1.32594514070661e-05 1.35496811708435e-05 1.3839910934621e-05
1.49851348396624e-05 1.50073974509723e-05 1.5029660971777e-05 1.5051923583087e-05 1.50807181853452e-05 1.51116892084247e-05 1.51426602315041e-05 1.51736321640783e-05 1.52046031871578e-05 1.52355742102372e-05 1.52665452333167e-05 1.52109105329146e-05 1.4895454114594e-05 1.45799986057682e-05 1.42645430969424e-05 1.39490866786218e-05 1.3633631169796e-05 1.33181747514755e-05 1.30027192426496e-05 1.28002347992151e-05 1.26354070744128e-05 1.24705793496105e-05 1.23057525343029e-05 1.21409248095006e-05 1.19760970846983e-05 1.1811269359896e-05 1.16951605377835e-05 1.17252047857619e-05 1.17552490337403e-05 1.17852932817186e-05 1.1815337529697e-05 1.18453817776754e-05 1.18754260256537e-05 1.19054702736321e-05 1.21225830298499e-05 1.2402051652316e-05 1.26815202747821e-05 1.29609888972482e-05 1.32404575197143e-05 1.35199261421803e-05 1.37993947646464e-05
