data/working_set_collections/6091692-Cassins_Sparrow-M2/1985/qinfil_avg.asc
NCOLS 265 
NROWS 230 
XLLCORNER -115.5625 
YLLCORNER 24.8333333333333 
CELLSIZE 0.0833333333333333 
NODATA_value -9999 
[rows 144 to 161 of 230, columns 82 to 122 of 265]
1.01890209407429e-05 1.01053828984732e-05 1.00217439467087e-05 9.9381049949443e-06 9.85446695267456e-06 9.77082800091011e-06 9.68718904914567e-06 9.61647583608283e-06 9.58453802013537e-06 9.55259929469321e-06 9.52066147874575e-06 9.48872366279829e-06 9.45678493735613e-06 9.42484712140867e-06 9.39290839596651e-06 9.28720874071587e-06 9.15692089620279e-06 9.02663305168971e-06 8.89634520717664e-06 8.76605736266356e-06 8.63576951815048e-06 8.5054816736374e-06 8.41941619000863e-06 8.46601687953807e-06 8.51261756906752e-06 8.55921916809166e-06 8.6058198576211e-06 8.65242054715054e-06 8.69902123667998e-06 8.74562192620942e-06 8.85193730937317e-06 8.97815698408522e-06 9.10437665879726e-06 9.23059633350931e-06 9.35681600822136e-06 9.4830356829334e-06 9.60925535764545e-06 9.73470287135569e-06 9.85783481155522e-06 9.98096675175475e-06 1.01040986919543e-05
1.02521908047493e-05 1.01560826806235e-05 1.00599736470031e-05 9.96386461338261e-06 9.86775648925686e-06 9.77164745563641e-06 9.67553842201596e-06 9.59540102485335e-06 9.56317671807483e-06 9.53095332079101e-06 9.4987290140125e-06 9.46650561672868e-06 9.43428221944487e-06 9.40205791266635e-06 9.36983451538254e-06 9.26817301660776e-06 9.14336669666227e-06 9.01855946722208e-06 8.89375314727658e-06 8.76894591783639e-06 8.6441395978909e-06 8.5193323684507e-06 8.43393081595423e-06 8.46674538479419e-06 8.49955995363416e-06 8.53237361297943e-06 8.56518818181939e-06 8.59800275065936e-06 8.63081641000463e-06 8.66363097884459e-06 8.76174181030365e-06 8.88161866896553e-06 9.00149461813271e-06 9.12137147679459e-06 9.24124833545648e-06 9.36112428462366e-06 9.48100114328554e-06 9.60036595643032e-06 9.71819463302381e-06 9.836024219112e-06 9.9538528957055e-06
1.03153606687556e-05 1.02067824627738e-05 1.00982033472974e-05 9.98962423182093e-06 9.88104511634447e-06 9.77246600086801e-06 9.66388779488625e-06 9.57432621362386e-06 9.54181632550899e-06 9.50930734688882e-06 9.47679745877394e-06 9.44428757065907e-06 9.4117785920389e-06 9.37926870392403e-06 9.34675972530385e-06 9.24913820199436e-06 9.12981249712175e-06 9.01048588275444e-06 8.89116017788183e-06 8.77183447300922e-06 8.65250876813661e-06 8.533183063264e-06 8.44844544189982e-06 8.46747389005031e-06 8.48650142870611e-06 8.5055289673619e-06 8.52455650601769e-06 8.54358404467348e-06 8.56261249282397e-06 8.58164003147976e-06 8.67154631123412e-06 8.78508035384584e-06 8.89861348696286e-06 9.01214662007987e-06 9.12567975319689e-06 9.23921379580861e-06 9.35274692892563e-06 9.46602813201025e-06 9.5785544544924e-06 9.69108077697456e-06 9.80360709945671e-06
1.03785314422566e-05 1.02574822449242e-05 1.01364330475917e-05 1.00153838502592e-05 9.89433465292677e-06 9.7732854555943e-06 9.65223625826184e-06 9.55325140239438e-06 9.52045593294315e-06 9.48766046349192e-06 9.45486590353539e-06 9.42207043408416e-06 9.38927496463293e-06 9.3564804046764e-06 9.32368493522517e-06 9.23010247788625e-06 9.11625738808652e-06 9.0024132077815e-06 8.88856811798178e-06 8.77472302818205e-06 8.66087884787703e-06 8.5470337580773e-06 8.46296097734012e-06 8.46820148581173e-06 8.47344290377805e-06 8.47868432174437e-06 8.48392483021598e-06 8.4891662481823e-06 8.49440766614862e-06 8.49964817462023e-06 8.5813517216593e-06 8.68854203872615e-06 8.7957314462983e-06 8.90292176336516e-06 9.01011208043201e-06 9.11730239749886e-06 9.22449271456571e-06 9.33169121708488e-06 9.438914275961e-06 9.54613824433181e-06 9.65336221270263e-06
1.0441701306263e-05 1.03081820270745e-05 1.0174662747886e-05 1.00411434686976e-05 9.90762418950908e-06 9.7741049103206e-06 9.64058563113213e-06 9.5321756816702e-06 9.49909554037731e-06 9.46601448958972e-06 9.43293343880214e-06 9.39985238801455e-06 9.36677224672167e-06 9.33369119593408e-06 9.30061014514649e-06 9.21106766327284e-06 9.102703188546e-06 8.99433962331386e-06 8.88597605808172e-06 8.77761249284958e-06 8.66924801812274e-06 8.5608844528906e-06 8.47747560328571e-06 8.46892999106785e-06 8.46038437885e-06 8.45183876663214e-06 8.44329315441428e-06 8.43474845169112e-06 8.42620283947326e-06 8.4176572272554e-06 8.49115622258978e-06 8.59200281411177e-06 8.69285031512845e-06 8.79369690665044e-06 8.89454440766713e-06 8.99539099918911e-06 9.0962385002058e-06 9.19735430215951e-06 9.29927500692429e-06 9.40119571168907e-06 9.50311641645385e-06
1.05048711702693e-05 1.03588818092248e-05 1.02128924481804e-05 1.00669030871359e-05 9.92091372609138e-06 9.7749243650469e-06 9.62893500400241e-06 9.51110087044071e-06 9.47773423831677e-06 9.44436760619283e-06 9.41100188356359e-06 9.37763525143964e-06 9.3442686193157e-06 9.31090198719176e-06 9.27753535506781e-06 9.19203193916474e-06 9.08914898900548e-06 8.98626603884622e-06 8.88338399818167e-06 8.78050104802242e-06 8.67761809786316e-06 8.5747351477039e-06 8.4919902292313e-06 8.46965849632397e-06 8.44732585392194e-06 8.42499412101461e-06 8.40266238810727e-06 8.38032974570524e-06 8.35799801279791e-06 8.33566627989057e-06 8.40096072352026e-06 8.49546449899208e-06 8.5899682744639e-06 8.68447204993572e-06 8.77897673490224e-06 8.87348051037407e-06 8.96798428584589e-06 9.06301647773944e-06 9.15963482839288e-06 9.25625226955162e-06 9.35287062020507e-06
1.05617536974023e-05 1.04162027128041e-05 1.02706508187111e-05 1.01250998341129e-05 9.97954884951469e-06 9.83399786491646e-06 9.68844597082352e-06 9.57027987169567e-06 9.53426751948427e-06 9.49825516727287e-06 9.46224281506147e-06 9.42623046285007e-06 9.39021720114397e-06 9.35420484893257e-06 9.31819249672117e-06 9.23502284422284e-06 9.13613439479377e-06 9.0372459453647e-06 8.93835749593563e-06 8.83946813701186e-06 8.7405796875828e-06 8.64169123815373e-06 8.55938924360089e-06 8.52684752317145e-06 8.49430671223672e-06 8.46176499180729e-06 8.42922327137785e-06 8.39668246044312e-06 8.36414074001368e-06 8.33159901958425e-06 8.39035328681348e-06 8.47953924676403e-06 8.56872429721989e-06 8.65791025717044e-06 8.747096217121e-06 8.83628126757685e-06 8.92546722752741e-06 9.01504154171562e-06 9.10578364710091e-06 9.19652484299149e-06 9.28726694837678e-06
1.06123497971566e-05 1.04801447378122e-05 1.03479396784678e-05 1.02157355286181e-05 1.00835304692737e-05 9.95132540992927e-06 9.81912035058485e-06 9.70971268543508e-06 9.66869356489042e-06 9.62767535384046e-06 9.5866562332958e-06 9.54563711275114e-06 9.50461890170118e-06 9.46359978115652e-06 9.42258157010656e-06 9.34004037844716e-06 9.24365940591088e-06 9.14727752387989e-06 9.05089655134361e-06 8.95451466931263e-06 8.85813369677635e-06 8.76175181474537e-06 8.67967264639447e-06 8.6404988905997e-06 8.60132513480494e-06 8.56215228850488e-06 8.52297853271011e-06 8.48380477691535e-06 8.44463102112059e-06 8.40545817482052e-06 8.45933391246945e-06 8.54422614793293e-06 8.62911838339642e-06 8.7140106188599e-06 8.79890285432339e-06 8.88379508978687e-06 8.96868732525036e-06 9.05342949408805e-06 9.13772146304836e-06 9.22201252251398e-06 9.30630358197959e-06
1.0662945896911e-05 1.05440876723151e-05 1.04252285382245e-05 1.03063703136286e-05 1.01875120890327e-05 1.00686538644368e-05 9.94979473034618e-06 9.84914458967978e-06 9.80311961029656e-06 9.75709463091334e-06 9.71106965153012e-06 9.6650446721469e-06 9.61901969276369e-06 9.57299471338047e-06 9.52696973399725e-06 9.44505791267147e-06 9.35118441702798e-06 9.25731001188979e-06 9.16343560675159e-06 9.0695612016134e-06 8.9756867964752e-06 8.88181239133701e-06 8.79995604918804e-06 8.75415025802795e-06 8.70834446686786e-06 8.66253867570776e-06 8.61673288454767e-06 8.57092800288228e-06 8.52512221172219e-06 8.4793164205621e-06 8.52831453812541e-06 8.60891304910183e-06 8.68951246957295e-06 8.77011098054936e-06 8.85070949152578e-06 8.93130891199689e-06 9.01190742297331e-06 9.09181744646048e-06 9.16965836950112e-06 9.24750020203646e-06 9.3253411250771e-06
1.07135419966653e-05 1.06080296973232e-05 1.05025173979811e-05 1.03970050986391e-05 1.02914937087917e-05 1.01859814094496e-05 1.00804691101075e-05 9.98857740341919e-06 9.93754656519741e-06 9.88651481748093e-06 9.83548397925915e-06 9.78445223154267e-06 9.7334213933209e-06 9.68239055509912e-06 9.63135880738264e-06 9.55007544689579e-06 9.45870851865038e-06 9.36734159040498e-06 9.27597466215957e-06 9.18460773391416e-06 9.09324080566876e-06 9.00187387742335e-06 8.92023854248691e-06 8.8678016254562e-06 8.81536379893078e-06 8.76292597240536e-06 8.71048814587994e-06 8.65805031935452e-06 8.6056124928291e-06 8.55317466630368e-06 8.59729425428668e-06 8.67359995027073e-06 8.74990564625477e-06 8.82621134223882e-06 8.90251703822287e-06 8.97882273420691e-06 9.05512843019096e-06 9.13020539883291e-06 9.20159618544858e-06 9.27298788155895e-06 9.34437866817461e-06
1.07641380964196e-05 1.06719717223314e-05 1.05798062577378e-05 1.04876407931442e-05 1.03954753285507e-05 1.03033089544624e-05 1.02111434898688e-05 1.01280102171586e-05 1.00719726106036e-05 1.00159350040485e-05 9.95989739749348e-06 9.90385979093844e-06 9.8478221843834e-06 9.79178548732307e-06 9.73574788076803e-06 9.65509298112011e-06 9.56623352976749e-06 9.47737407841487e-06 9.38851371756755e-06 9.29965426621493e-06 9.21079390536761e-06 9.12193445401499e-06 9.04052194528049e-06 8.98145208338974e-06 8.92238222149899e-06 8.86331235960824e-06 8.8042424977175e-06 8.74517263582675e-06 8.686102773936e-06 8.62703291204525e-06 8.66627487994265e-06 8.73828685143963e-06 8.8102997324313e-06 8.88231170392828e-06 8.95432367542526e-06 9.02633655641694e-06 9.09834852791391e-06 9.16859335120535e-06 9.23353400139604e-06 9.29847465158673e-06 9.36341621127212e-06
1.08147332866793e-05 1.07359146568342e-05 1.06570951174945e-05 1.05782755781547e-05 1.04994569483097e-05 1.04206374089699e-05 1.03418178696302e-05 1.0267443030898e-05 1.02063986560097e-05 1.01453551906161e-05 1.00843117252225e-05 1.00232673503342e-05 9.96222388494061e-06 9.90118041954702e-06 9.84013604465872e-06 9.76011051534442e-06 9.67375854088459e-06 9.58740565693006e-06 9.50105277297553e-06 9.4147007985157e-06 9.32834791456116e-06 9.24199503060663e-06 9.16080534807406e-06 9.09510345081799e-06 9.02940155356191e-06 8.96369965630583e-06 8.89799775904976e-06 8.83229586179368e-06 8.76659396453761e-06 8.70089115778683e-06 8.73525550559862e-06 8.80297375260852e-06 8.87069290911313e-06 8.93841206561774e-06 9.00613122212235e-06 9.07385037862696e-06 9.14156862563686e-06 9.20698039408308e-06 9.2654718173435e-06 9.32396233110921e-06 9.38245284487493e-06
1.09607171907555e-05 1.08977837953717e-05 1.08348513094825e-05 1.07719179140986e-05 1.07089854282094e-05 1.06460520328255e-05 1.05831195469364e-05 1.0518376257096e-05 1.04482023743913e-05 1.03780294011813e-05 1.03078564279713e-05 1.02376825452666e-05 1.01675095720566e-05 1.00973356893519e-05 1.00271627161419e-05 9.94112815533299e-06 9.84980670182267e-06 9.75848524831235e-06 9.66716379480204e-06 9.57584234129172e-06 9.4845199782867e-06 9.39319852477638e-06 9.30708574742312e-06 9.23659899854101e-06 9.16611134016421e-06 9.0956236817874e-06 9.0251369329053e-06 8.95464927452849e-06 8.88416252564639e-06 8.81367486726958e-06 8.84165638126433e-06 8.90246064955136e-06 8.96326400834369e-06 9.02406827663071e-06 9.08487254491774e-06 9.14567681320477e-06 9.2064810814918e-06 9.26545453694416e-06 9.31893555389252e-06 9.37241566134617e-06 9.42589667829452e-06
1.1202087989659e-05 1.11575809569331e-05 1.11130739242071e-05 1.10685678009759e-05 1.10240607682499e-05 1.0979553735524e-05 1.0935046702798e-05 1.08808098957525e-05 1.07973837657482e-05 1.0713957635744e-05 1.06305315057398e-05 1.05471053757356e-05 1.04636792457313e-05 1.03802531157271e-05 1.02968269857229e-05 1.01981449915911e-05 1.00943789220764e-05 9.99061194306705e-06 9.88684496405767e-06 9.78307798504829e-06 9.67931191553362e-06 9.57554493652424e-06 9.47936314332765e-06 9.40593781706411e-06 9.33251158130588e-06 9.25908625504235e-06 9.18566001928411e-06 9.11223469302058e-06 9.03880845726235e-06 8.96538313099882e-06 8.98547750693979e-06 9.03674481378403e-06 9.08801303012297e-06 9.1392812464619e-06 9.19054946280085e-06 9.24181676964508e-06 9.29308498598402e-06 9.3440139607992e-06 9.3939243015484e-06 9.44383555179229e-06 9.49374680203618e-06
1.14434587885626e-05 1.14173781184945e-05 1.13912974484265e-05 1.13652167783584e-05 1.13391361082904e-05 1.13130554382224e-05 1.12869747681543e-05 1.12432444439037e-05 1.11465651571052e-05 1.10498867798015e-05 1.0953207493003e-05 1.08565282062045e-05 1.07598489194061e-05 1.06631696326076e-05 1.05664912553038e-05 1.04551618278492e-05 1.03389502328355e-05 1.02227386378217e-05 1.0106527042808e-05 9.99031453829957e-06 9.87410294328583e-06 9.7578913482721e-06 9.65164144872688e-06 9.57527663558722e-06 9.49891273194226e-06 9.42254791880259e-06 9.34618401515763e-06 9.26981920201797e-06 9.19345529837301e-06 9.11709048523335e-06 9.12929863261525e-06 9.1710298875114e-06 9.21276205190225e-06 9.2544933067984e-06 9.29622547118925e-06 9.3379576355801e-06 9.37968889047625e-06 9.42257338465424e-06 9.46891395869898e-06 9.51525544223841e-06 9.56159601628315e-06
1.16848295874661e-05 1.1677175280056e-05 1.16695209726458e-05 1.1661865755741e-05 1.16542114483309e-05 1.16465571409208e-05 1.16389028335107e-05 1.16056789920549e-05 1.14957465484622e-05 1.13858150143642e-05 1.12758825707715e-05 1.11659510366735e-05 1.10560185930808e-05 1.09460870589828e-05 1.08361546153901e-05 1.0712179573602e-05 1.05835224530892e-05 1.04548653325764e-05 1.03262082120636e-05 1.01975510915508e-05 1.00688939710381e-05 9.94023685052525e-06 9.82391884463141e-06 9.74461636360502e-06 9.66531297308393e-06 9.58601049205754e-06 9.50670710153645e-06 9.42740462051006e-06 9.34810213948367e-06 9.26879874896258e-06 9.2731197582907e-06 9.30531496123876e-06 9.33751107368153e-06 9.36970627662959e-06 9.40190147957765e-06 9.43409759202041e-06 9.46629279496847e-06 9.50113189901458e-06 9.54390361584956e-06 9.58667442318983e-06 9.62944614002481e-06
1.19262003863696e-05 1.19369724416174e-05 1.19477435873705e-05 1.19585156426183e-05 1.19692876978661e-05 1.19800588436192e-05 1.1990830898867e-05 1.19681135402061e-05 1.18449279398192e-05 1.17217432489269e-05 1.15985585580347e-05 1.14753738671425e-05 1.13521891762502e-05 1.12290035758633e-05 1.11058188849711e-05 1.09691964098602e-05 1.08280937638483e-05 1.06869920273311e-05 1.05458893813193e-05 1.04047876448021e-05 1.0263685908285e-05 1.01225832622731e-05 9.99619624053594e-06 9.91395518212812e-06 9.8317141237203e-06 9.74947215581778e-06 9.66723109740997e-06 9.58499003900215e-06 9.50274807109963e-06 9.42050701269181e-06 9.41694088396616e-06 9.43960003496613e-06 9.4622591859661e-06 9.48491924646078e-06 9.50757839746075e-06 9.53023754846072e-06 9.55289669946069e-06 9.57969132286962e-06 9.61889327300014e-06 9.65809431363596e-06 9.69729535427177e-06
1.21675711852731e-05 1.21967686936841e-05 1.22259671115899e-05 1.22551646200009e-05 1.22843630379066e-05 1.23135605463176e-05 1.23427589642233e-05 1.23305471788626e-05 1.21941093311762e-05 1.20576723929844e-05 1.19212345452979e-05 1.17847966976115e-05 1.1648358849925e-05 1.15119210022385e-05 1.13754831545521e-05 1.12262132461183e-05 1.10726659841021e-05 1.09191187220858e-05 1.07655714600696e-05 1.06120241980534e-05 1.04584769360372e-05 1.0304929674021e-05 1.01684736364405e-05 1.00832940006512e-05 9.99811436486198e-06 9.91293472907273e-06 9.82775418378878e-06 9.74257454799954e-06 9.65739491221029e-06 9.57221527642105e-06 9.56076200964162e-06 9.5738851086935e-06 9.58700820774538e-06 9.60013130679727e-06 9.61325440584915e-06 9.62637750490103e-06 9.63950060395291e-06 9.65825074672466e-06 9.69388202065602e-06 9.72951329458738e-06 9.76514456851874e-06
