data/working_set_collections/6091692-Cassins_Sparrow-M2/1985/qv2m_avg.asc
NCOLS 265 
NROWS 230 
XLLCORNER -115.5625 
YLLCORNER 24.8333333333333 
CELLSIZE 0.0833333333333333 
NODATA_value -9999 
[rows 114 to 132 of 230, columns 84 to 125 of 265]
0.00477158697322011 0.00475973542779684 0.00474788434803486 0.00473603280261159 0.00472418125718832 0.00471680564805865 0.00472285598516464 0.00472890632227063 0.00473495665937662 0.0047410074621439 0.00474705779924989 0.00475310813635588 0.00475915847346187 0.00479695992544293 0.00484534492716193 0.00489372946321964 0.00494211446493864 0.00499049946665764 0.00503888400271535 0.00508726900443435 0.00512513378635049 0.00513143930584192 0.00513774435967207 0.00514404941350222 0.00515035446733236 0.00515665952116251 0.00516296457499266 0.0051692696288228 0.00518035097047687 0.00519302394241095 0.00520569738000631 0.00521837035194039 0.00523104332387447 0.00524371676146984 0.00525638973340392 0.00527353445068002 0.0053040930069983 0.00533465202897787 0.00536521058529615 0.00539576914161444 0.00542632816359401 0.00545688671991229
0.00480095250532031 0.00479123229160905 0.00478151207789779 0.00477179232984781 0.00476207211613655 0.00475577218458056 0.00475973170250654 0.00476369122043252 0.0047676507383585 0.00477161025628448 0.00477557023987174 0.00477952975779772 0.0047834892757237 0.00481942808255553 0.00486602634191513 0.00491262460127473 0.00495922286063433 0.00500582111999393 0.00505241937935352 0.00509901763871312 0.00513606704771519 0.00514446943998337 0.00515287183225155 0.00516127422451973 0.00516967661678791 0.00517807900905609 0.00518648140132427 0.00519488379359245 0.00520560331642628 0.00521709537133574 0.00522858696058393 0.00524007854983211 0.00525157013908029 0.00526306219398975 0.00527455378323793 0.00529099674895406 0.00532229384407401 0.00535359093919396 0.00538488803431392 0.00541618512943387 0.00544748222455382 0.00547877931967378
0.00483031757175922 0.00482272915542126 0.004815140273422 0.00480755139142275 0.00479996297508478 0.00479473872110248 0.00479660741984844 0.00479847611859441 0.00480034481734037 0.00480221351608634 0.00480408221483231 0.00480595091357827 0.00480782007798553 0.00484189577400684 0.00488670775666833 0.00493151927366853 0.00497633125633001 0.0050211432389915 0.0050659547559917 0.00511076673865318 0.00514700030907989 0.0051575000397861 0.00516799977049232 0.00517849950119853 0.00518899923190475 0.00519949896261096 0.00520999869331717 0.00522049842402339 0.00523085612803698 0.00524116633459926 0.00525147654116154 0.00526178674772382 0.0052720969542861 0.00528240762650967 0.00529271783307195 0.00530845951288939 0.00534049468114972 0.00537253031507134 0.00540456594899297 0.0054366011172533 0.00546863675117493 0.00550067238509655
0.00485968310385942 0.00485422555357218 0.00484876846894622 0.00484331091865897 0.00483785336837173 0.00483370525762439 0.00483348313719034 0.0048332610167563 0.00483303889632225 0.0048328167758882 0.00483259465545416 0.00483237253502011 0.00483215041458607 0.00486436393111944 0.00490738917142153 0.00495041441172361 0.0049934396520257 0.00503646489232779 0.00507949013262987 0.00512251537293196 0.00515793357044458 0.00517053063958883 0.00518312770873308 0.00519572477787733 0.00520832138136029 0.00522091845050454 0.00523351551964879 0.00524611258879304 0.00525610847398639 0.00526523729786277 0.00527436612173915 0.00528349494561553 0.00529262376949191 0.00530175259336829 0.00531088141724467 0.00532592181116343 0.00535869551822543 0.00539146969094872 0.00542424339801073 0.00545701710507274 0.00548979127779603 0.00552256498485804
0.00488904863595963 0.00488572241738439 0.00488239619880915 0.0048790704458952 0.00487574422731996 0.0048726717941463 0.00487035885453224 0.00486804591491818 0.00486573297530413 0.00486342003569007 0.00486110709607601 0.00485879415646195 0.0048564812168479 0.00488683208823204 0.00492807058617473 0.0049693095497787 0.00501054804772139 0.00505178654566407 0.00509302550926805 0.00513426400721073 0.00516886683180928 0.00518356123939157 0.00519825518131256 0.00521294958889484 0.00522764399647713 0.00524233840405941 0.00525703281164169 0.00527172721922398 0.00528136128559709 0.00528930872678757 0.00529725570231676 0.00530520314350724 0.00531315058469772 0.0053210980258882 0.00532904546707869 0.00534338410943747 0.00537689635530114 0.00541040860116482 0.00544392084702849 0.00547743309289217 0.00551094533875585 0.00554445758461952
0.00491841370239854 0.00491721928119659 0.00491602439433336 0.00491482997313142 0.00491363508626819 0.00491163833066821 0.00490723457187414 0.00490283081308007 0.004898427054286 0.00489402329549193 0.00488961953669786 0.0048852157779038 0.00488081201910973 0.00490930024534464 0.00494875200092793 0.0049882042221725 0.00502765644341707 0.00506710866466165 0.00510656088590622 0.00514601264148951 0.00517980009317398 0.00519659137353301 0.00521338311955333 0.00523017486557364 0.00524696661159396 0.00526375789195299 0.00528054963797331 0.00529734138399363 0.0053066136315465 0.00531337969005108 0.00532014574855566 0.00532691134139895 0.00533367739990354 0.00534044345840812 0.0053472095169127 0.00536084640771151 0.00539509719237685 0.0054293479770422 0.00546359876170754 0.0054978490807116 0.00553209986537695 0.0055663506500423
0.00495390873402357 0.00495330896228552 0.00495270919054747 0.0049521098844707 0.00495151011273265 0.00494976853951812 0.00494460202753544 0.00493943598121405 0.00493426946923137 0.00492910295724869 0.00492393644526601 0.00491877039894462 0.00491360388696194 0.00494136940687895 0.00498011196032166 0.00501885451376438 0.0050575970672071 0.00509633962064981 0.00513508263975382 0.00517382519319654 0.00520699005573988 0.00522342184558511 0.00523985363543034 0.00525628542527556 0.00527271721512079 0.00528914947062731 0.00530558126047254 0.00532201305031776 0.00533002056181431 0.00533522060140967 0.00534042017534375 0.00534561974927783 0.00535081932321191 0.00535601936280727 0.00536121893674135 0.00537395104765892 0.0054092793725431 0.00544460769742727 0.00547993648797274 0.00551526481285691 0.00555059313774109 0.00558592192828655
0.00499553326517344 0.00499399239197373 0.00499245105311275 0.00499091017991304 0.00498936930671334 0.0049870633520186 0.00498246215283871 0.00497786141932011 0.00497326068580151 0.00496865948662162 0.00496405875310302 0.00495945801958442 0.00495485682040453 0.00498303957283497 0.00502214953303337 0.00506125995889306 0.00510037038475275 0.00513948034495115 0.00517859077081084 0.00521770119667053 0.00525043765082955 0.00526405218988657 0.00527766719460487 0.00529128219932318 0.00530489720404148 0.00531851220875978 0.0053321267478168 0.0053457417525351 0.00535158207640052 0.00535483052954078 0.00535807944834232 0.00536132790148258 0.00536457682028413 0.00536782527342439 0.00537107419222593 0.00538269709795713 0.00541944289579988 0.00545618869364262 0.00549293449148536 0.00552967982366681 0.00556642562150955 0.00560317141935229
0.0050371577963233 0.00503467535600066 0.00503219291567802 0.00502971094101667 0.00502722850069404 0.00502435769885778 0.00502032227814198 0.00501628685742617 0.00501225143671036 0.00500821648165584 0.00500418106094003 0.00500014564022422 0.00499611021950841 0.00502470973879099 0.00506418757140636 0.00510366540402174 0.00514314323663712 0.00518262106925249 0.00522209890186787 0.00526157720014453 0.00529388478025794 0.00530468299984932 0.00531548075377941 0.00532627897337079 0.00533707672730088 0.00534787448123097 0.00535867270082235 0.00536947045475245 0.00537314359098673 0.00537444092333317 0.0053757387213409 0.00537703651934862 0.00537833385169506 0.00537963164970279 0.00538092944771051 0.00539144314825535 0.00542960641905665 0.00546776922419667 0.00550593202933669 0.005544095300138 0.00558225810527802 0.00562042137607932
0.00507878232747316 0.00507535878568888 0.0050719347782433 0.00506851123645902 0.00506508769467473 0.00506165251135826 0.00505818240344524 0.00505471276119351 0.0050512426532805 0.00504777301102877 0.00504430290311575 0.00504083326086402 0.005037363152951 0.00506637990474701 0.00510622560977936 0.00514607084915042 0.00518591655418277 0.00522576179355383 0.00526560749858618 0.00530545273795724 0.00533733237534761 0.00534531334415078 0.00535329431295395 0.00536127528175712 0.00536925625056028 0.00537723721936345 0.00538521865382791 0.00539319962263107 0.00539470463991165 0.00539405131712556 0.00539339799433947 0.00539274467155337 0.00539209134876728 0.00539143802598119 0.0053907847031951 0.00540018966421485 0.00543976994231343 0.00547934975475073 0.00551893003284931 0.0055585103109479 0.00559809058904648 0.00563767086714506
0.00512040685862303 0.0051160417497158 0.00511167664080858 0.00510731199756265 0.00510294688865542 0.00509894685819745 0.00509604252874851 0.00509313819929957 0.00509023386985064 0.0050873295404017 0.00508442521095276 0.00508152088150382 0.00507861655205488 0.00510805007070303 0.00514826318249106 0.0051884762942791 0.00522868940606713 0.00526890251785517 0.0053091156296432 0.00534932874143124 0.005380779504776 0.00538594368845224 0.00539110787212849 0.00539627205580473 0.00540143623948097 0.00540659995749593 0.00541176414117217 0.00541692832484841 0.00541626615449786 0.00541366171091795 0.00541105726733804 0.00540845282375813 0.00540584838017821 0.0054032439365983 0.00540063949301839 0.00540893571451306 0.00544993299990892 0.00549093075096607 0.00553192803636193 0.00557292578741908 0.00561392307281494 0.0056549203582108
0.00516203138977289 0.00515672517940402 0.00515141850337386 0.00514611229300499 0.00514080608263612 0.00513624120503664 0.00513390265405178 0.00513156363740563 0.00512922508642077 0.00512688606977463 0.00512454751878977 0.00512220850214362 0.00511986995115876 0.00514972070232034 0.00519030122086406 0.00523088173940778 0.00527146272361279 0.00531204324215651 0.00535262376070023 0.00539320474490523 0.00542422709986567 0.00542657403275371 0.00542892143130302 0.00543126836419106 0.00543361576274037 0.0054359626956284 0.00543831009417772 0.00544065702706575 0.00543782720342278 0.00543327210471034 0.00542871654033661 0.00542416097596288 0.00541960587725043 0.0054150503128767 0.00541049474850297 0.00541768176481128 0.0054600965231657 0.00550251128152013 0.00554492603987455 0.00558734079822898 0.0056297555565834 0.00567217031493783
0.00520767224952579 0.00519928755238652 0.00519090238958597 0.00518251722678542 0.00517413206398487 0.00516752619296312 0.00516625633463264 0.00516498647630215 0.00516371661797166 0.00516244722530246 0.00516117736697197 0.00515990750864148 0.00515863765031099 0.00518807116895914 0.00522773852571845 0.00526740634813905 0.00530707370489836 0.00534674152731895 0.00538640888407826 0.00542607670649886 0.00545615935698152 0.0054574878886342 0.00545881642028689 0.00546014495193958 0.00546147348359227 0.00546280201524496 0.00546413054689765 0.00546545907855034 0.00546127278357744 0.00545524805784225 0.00544922286644578 0.00544319814071059 0.0054371734149754 0.00543114868924022 0.00542512396350503 0.00543136009946465 0.00547438068315387 0.00551740126684308 0.00556042138487101 0.00560344196856022 0.00564646255224943 0.00568948313593864
0.005257329903543 0.00524372886866331 0.00523012783378363 0.00521652679890394 0.00520292576402426 0.00519280089065433 0.00519310357049108 0.00519340625032783 0.00519370939582586 0.00519401207566261 0.00519431475549936 0.0051946179009974 0.00519492058083415 0.00522310147061944 0.00526057556271553 0.00529804918915033 0.00533552281558514 0.00537299690768123 0.00541047053411603 0.00544794416055083 0.00547657674178481 0.00547868479043245 0.00548079330474138 0.00548290135338902 0.00548500986769795 0.0054871179163456 0.00548922596499324 0.00549133447930217 0.00548660196363926 0.0054795891046524 0.00547257671132684 0.00546556431800127 0.00545855145901442 0.00545153906568885 0.00544452620670199 0.0054499707184732 0.00549278501421213 0.00553559977561235 0.00557841453701258 0.0056212292984128 0.00566404405981302 0.00570685835555196
0.00530698709189892 0.0052881701849401 0.00526935327798128 0.00525053637102246 0.00523171946406364 0.00521807558834553 0.00521995080634952 0.00522182649001479 0.00522370170801878 0.00522557692602277 0.00522745260968804 0.00522932782769203 0.00523120351135731 0.00525813223794103 0.00529341213405132 0.00532869203016162 0.0053639723919332 0.0053992522880435 0.0054345321841538 0.00546981208026409 0.00549699412658811 0.00549988215789199 0.00550277018919587 0.00550565775483847 0.00550854578614235 0.00551143381744623 0.00551432138308883 0.00551720941439271 0.00551193114370108 0.00550393061712384 0.0054959305562079 0.00548793002963066 0.00547992950305343 0.00547192944213748 0.00546392891556025 0.00546858087182045 0.00551118981093168 0.00555379875004292 0.00559640768915415 0.00563901662826538 0.00568162510171533 0.00572423404082656
0.00535664428025484 0.00533261150121689 0.00530857872217894 0.00528454594314098 0.00526051316410303 0.00524335028603673 0.00524679850786924 0.00525024626404047 0.0052536940202117 0.00525714224204421 0.00526058999821544 0.00526403822004795 0.00526748597621918 0.00529316300526261 0.0053262491710484 0.00535933533683419 0.00539242150261998 0.00542550766840577 0.00545859383419156 0.00549167999997735 0.0055174115113914 0.00552107905969024 0.00552474660798907 0.00552841415628791 0.00553208170458674 0.00553574925288558 0.00553941680118442 0.00554308434948325 0.00553726032376289 0.00552827212959528 0.00551928393542767 0.00551029574126005 0.00550130801275373 0.00549231981858611 0.0054833316244185 0.0054871910251677 0.00552959414198995 0.00557199725881219 0.00561440037563443 0.00565680349245667 0.00569920660927892 0.00574160972610116
0.00540630193427205 0.00537705281749368 0.00534780416637659 0.0053185555152595 0.00528930639848113 0.00526862498372793 0.00527364574372768 0.00527866603806615 0.0052836867980659 0.00528870709240437 0.00529372785240412 0.00529874861240387 0.00530376890674233 0.00532819330692291 0.0053590857423842 0.00538997817784548 0.00542087061330676 0.00545176304876804 0.00548265548422933 0.00551354791969061 0.0055378288961947 0.00554227642714977 0.00554672349244356 0.00555117055773735 0.00555561808869243 0.00556006515398622 0.00556451268494129 0.00556895975023508 0.00556258950382471 0.00555261364206672 0.00554263778030872 0.00553266191855073 0.00552268605679274 0.00551271019503474 0.00550273433327675 0.00550580164417624 0.0055479989387095 0.00559019623324275 0.005632393527776 0.00567459082230926 0.00571678811684251 0.00575898541137576
0.00545595912262797 0.00542149413377047 0.00538702961057425 0.00535256462171674 0.00531810009852052 0.00529389968141913 0.00530049297958612 0.00530708627775311 0.00531367911025882 0.00532027240842581 0.0053268657065928 0.0053334585390985 0.00534005183726549 0.0053632240742445 0.00539192277938128 0.00542062148451805 0.00544931972399354 0.00547801842913032 0.00550671713426709 0.00553541583940387 0.00555824628099799 0.00556347332894802 0.00556870037689805 0.00557392742484808 0.00557915400713682 0.00558438105508685 0.00558960810303688 0.00559483468532562 0.00558791868388653 0.00557695515453815 0.00556599162518978 0.00555502763018012 0.00554406410083175 0.00553310057148337 0.00552213657647371 0.0055244117975235 0.00556640326976776 0.00560839474201202 0.00565038667991757 0.00569237815216184 0.0057343696244061 0.00577636109665036
0.00549187790602446 0.00545685784891248 0.0054218377918005 0.00538681773468852 0.00535179814323783 0.00532722938805819 0.00533401407301426 0.00534079875797033 0.00534758390858769 0.00535436859354377 0.00536115374416113 0.0053679384291172 0.00537472311407328 0.00539622455835342 0.00542263127863407 0.00544903753325343 0.00547544425353408 0.00550185097381473 0.00552825769409537 0.00555466441437602 0.00557591393589973 0.00558169279247522 0.00558747118338943 0.00559325003996491 0.00559902843087912 0.0056048072874546 0.00561058614403009 0.0056163645349443 0.0056101605296135 0.00559996208176017 0.00558976409956813 0.0055795656517148 0.00556936720386147 0.00555916922166944 0.00554897077381611 0.00555154401808977 0.00559243280440569 0.00563332159072161 0.00567421037703753 0.00571509916335344 0.00575598748400807 0.00579687627032399
