data/working_set_collections/6091692-Cassins_Sparrow-M2/1985/qv2m_avg.asc
NCOLS 265 
NROWS 230 
XLLCORNER -115.5625 
YLLCORNER 24.8333333333333 
CELLSIZE 0.0833333333333333 
NODATA_value -9999 
[rows 38 to 56 of 230, columns 210 to 251 of 265]
0.00644181529060006 0.00645833881571889 0.00647486234083772 0.00649138586595654 0.00650790985673666 0.00652443338185549 0.00654095690697432 0.00656254356727004 0.00658581778407097 0.0066090920008719 0.00663236621767282 0.00665564043447375 0.00667891418561339 0.00670218840241432 0.0067243305966258 0.00674307532608509 0.00676182005554438 0.00678056478500366 0.00679930951446295 0.00681805424392223 0.00683679897338152 0.0068555437028408 0.00686745066195726 0.00687707774341106 0.00688670529052615 0.00689633283764124 0.00690595991909504 0.00691558746621013 0.00692521501332521 0.00693182973191142 0.00692940736189485 0.00692698499187827 0.00692456215620041 0.00692213978618383 0.00691971741616726 0.00691729504615068 0.00691487267613411 0.00691317347809672 0.00691171549260616 0.0069102575071156 0.00690879952162504 0.00690734153613448
0.00646980293095112 0.00648637814447284 0.00650295382365584 0.00651952903717756 0.00653610425069928 0.00655267992988229 0.00656925514340401 0.00659082690253854 0.00661406433209777 0.006637301761657 0.00666053919121623 0.00668377662077546 0.00670701405033469 0.00673025147989392 0.00675236154347658 0.0067710904404521 0.00678981933742762 0.00680854870006442 0.00682727759703994 0.00684600649401546 0.00686473539099097 0.00688346428796649 0.00689559616148472 0.00690552871674299 0.00691546127200127 0.00692539382725954 0.00693532638251781 0.00694525940343738 0.00695519195869565 0.00696208886802197 0.00695987977087498 0.00695767113938928 0.00695546204224229 0.0069532529450953 0.00695104384794831 0.00694883475080132 0.00694662565365434 0.00694514531642199 0.00694390805438161 0.00694267079234123 0.00694143353030086 0.00694019626826048
0.00649779057130218 0.00651441793888807 0.00653104484081268 0.00654767220839858 0.00656429911032319 0.0065809260122478 0.0065975533798337 0.00661911070346832 0.00664231088012457 0.0066655115224421 0.00668871216475964 0.00671191280707717 0.0067351134493947 0.00675831409171224 0.00678039249032736 0.00679910602048039 0.00681781908497214 0.00683653214946389 0.00685524567961693 0.00687395874410868 0.00689267180860043 0.00691138487309217 0.00692374166101217 0.00693397969007492 0.00694421725347638 0.00695445528253913 0.00696469331160188 0.00697493087500334 0.00698516890406609 0.0069923484697938 0.0069903526455164 0.006988356821239 0.00698636146262288 0.00698436563834548 0.00698237027972937 0.00698037445545197 0.00697837863117456 0.00697711762040854 0.00697610108181834 0.00697508407756686 0.00697406753897667 0.00697305100038648
0.00652577867731452 0.00654245726764202 0.00655913632363081 0.00657581491395831 0.0065924939699471 0.0066091725602746 0.00662585161626339 0.00664739403873682 0.00667055789381266 0.00669372174888849 0.00671688513830304 0.00674004899337888 0.00676321284845471 0.00678637670353055 0.00680842390283942 0.0068271211348474 0.00684581883251667 0.00686451606452465 0.00688321329653263 0.0069019109942019 0.00692060822620988 0.00693930592387915 0.00695188716053963 0.00696243066340685 0.00697297370061278 0.00698351673781872 0.00699405977502465 0.00700460281223059 0.00701514584943652 0.00702260760590434 0.00702082552015781 0.00701904296875 0.00701726088300347 0.00701547879725695 0.00701369624584913 0.00701191416010261 0.00701013207435608 0.0070090894587338 0.00700829364359379 0.00700749782845378 0.00700670154765248 0.00700590573251247
0.00655352277681231 0.00657035410404205 0.0065871849656105 0.00660401629284024 0.00662084762006998 0.00663767894729972 0.00665451027452946 0.00667591858655214 0.00669885287061334 0.00672178715467453 0.00674472143873572 0.00676765572279692 0.00679059000685811 0.0068135242909193 0.00683540152385831 0.00685410620644689 0.00687281088903546 0.00689151603728533 0.0069102207198739 0.00692892586812377 0.00694763055071235 0.00696633523330092 0.00697921542450786 0.00699015380814672 0.00700109219178557 0.00701203057542443 0.007022968493402 0.00703390687704086 0.00704484526067972 0.00705273309722543 0.00705147022381425 0.00705020688474178 0.0070489440113306 0.00704768067225814 0.00704641779884696 0.00704515445977449 0.00704389158636332 0.00704300450161099 0.00704224314540625 0.0070414817892015 0.00704071996733546 0.00703995861113071
0.00658102333545685 0.0065981075167656 0.00661519216373563 0.00663227634504437 0.00664936052635312 0.00666644470766187 0.00668352888897061 0.00670468434691429 0.0067271962761879 0.00674970867112279 0.00677222106605768 0.00679473299533129 0.00681724539026618 0.00683975731953979 0.00686132535338402 0.00688006123527884 0.00689879665151238 0.00691753206774592 0.00693626748397946 0.006955002900213 0.00697373878210783 0.00699247419834137 0.00700572598725557 0.00701714958995581 0.00702857319265604 0.00703999679535627 0.00705142039805651 0.00706284400075674 0.00707426760345697 0.00708272540941834 0.00708228722214699 0.00708184903487563 0.00708141084760427 0.00708097266033292 0.00708053400740027 0.00708009582012892 0.00707965763285756 0.00707886274904013 0.00707794958725572 0.00707703595981002 0.00707612279802561 0.00707520917057991
0.00660852389410138 0.00662586139515042 0.00664319889619946 0.00666053593158722 0.00667787343263626 0.00669521046802402 0.00671254796907306 0.00673344964161515 0.00675554014742374 0.00677763018757105 0.00679972022771835 0.00682181026786566 0.00684390030801296 0.00686599034816027 0.00688724964857101 0.00690601579844952 0.00692478194832802 0.00694354809820652 0.00696231424808502 0.00698108039796352 0.00699984654784203 0.00701861269772053 0.007032236084342 0.00704414490610361 0.00705605419352651 0.00706796301528811 0.00707987183704972 0.00709178065881133 0.00710368948057294 0.00711271772161126 0.00711310422047973 0.00711349071934819 0.00711387768387794 0.00711426418274641 0.00711465068161488 0.00711503718048334 0.00711542367935181 0.00711472099646926 0.00711365602910519 0.00711259059607983 0.00711152516305447 0.00711046019569039
0.0066360249184072 0.00665361527353525 0.0066712056286633 0.00668879598379135 0.0067063863389194 0.00672397669404745 0.0067415670491755 0.0067622154019773 0.0067838835529983 0.00680555123835802 0.00682721938937902 0.00684888754040003 0.00687055569142103 0.00689222337678075 0.00691317394375801 0.00693197036162019 0.00695076724514365 0.00696956412866712 0.00698836101219058 0.00700715789571404 0.00702595477923751 0.00704475166276097 0.00705874664708972 0.0070711406879127 0.00708353472873569 0.00709592923521996 0.00710832327604294 0.00712071731686592 0.00713311182335019 0.00714271003380418 0.00714392168447375 0.00714513286948204 0.00714634405449033 0.0071475557051599 0.00714876689016819 0.00714997807517648 0.00715118972584605 0.00715057924389839 0.00714936247095466 0.00714814523234963 0.00714692799374461 0.00714571075513959
0.00666352547705173 0.00668136868625879 0.00669921236112714 0.0067170555703342 0.00673489877954125 0.0067527424544096 0.00677058566361666 0.00679098116233945 0.00681222695857286 0.00683347275480628 0.00685471901670098 0.0068759648129344 0.00689721060916781 0.00691845640540123 0.00693909777328372 0.00695792539045215 0.00697675300762057 0.00699558015912771 0.00701440777629614 0.00703323539346457 0.00705206301063299 0.00707089062780142 0.00708525674417615 0.00709813646972179 0.00711101572960615 0.0071238954551518 0.00713677471503615 0.0071496544405818 0.00716253370046616 0.0071727023459971 0.00717473868280649 0.00717677501961589 0.007178810890764 0.0071808472275734 0.0071828830987215 0.0071849194355309 0.00718695530667901 0.00718643795698881 0.00718506891280413 0.00718369986861944 0.00718233082443476 0.00718096178025007
0.00669102603569627 0.00670912256464362 0.00672721909359097 0.00674531562253833 0.00676341168582439 0.00678150821477175 0.0067996047437191 0.00681974645704031 0.00684057036414742 0.00686139427125454 0.00688221817836165 0.00690304208546877 0.0069238655269146 0.00694468943402171 0.00696502206847072 0.00698387995362282 0.00700273830443621 0.0070215966552496 0.0070404545404017 0.00705931289121509 0.00707817077636719 0.00709702912718058 0.00711176730692387 0.00712513225153089 0.00713849673047662 0.00715186167508364 0.00716522661969066 0.00717859109863639 0.00719195604324341 0.00720269465819001 0.00720555568113923 0.00720841670408845 0.00721127772703767 0.00721413874998689 0.00721699977293611 0.00721986033022404 0.00722272135317326 0.00722229620441794 0.00722077488899231 0.00721925403922796 0.00721773318946362 0.00721621233969927
0.00671640783548355 0.00673464313149452 0.00675287842750549 0.00677111372351646 0.00678934855386615 0.00680758384987712 0.00682581914588809 0.00684612896293402 0.0068671302869916 0.00688813114538789 0.00690913246944547 0.00693013379350305 0.00695113465189934 0.00697213597595692 0.00699258223176003 0.00701136281713843 0.00703014340251684 0.00704892398789525 0.00706770457327366 0.00708648515865207 0.00710526574403048 0.00712404632940888 0.00713918078690767 0.00715310033410788 0.00716701941564679 0.007180938962847 0.0071948585100472 0.00720877759158611 0.00722269713878632 0.00723402947187424 0.00723760016262531 0.00724117085337639 0.00724474200978875 0.00724831270053983 0.0072518833912909 0.00725545408204198 0.00725902523845434 0.00725871557369828 0.00725711230188608 0.00725550949573517 0.00725390622392297 0.00725230341777205
0.0067396704107523 0.00675792992115021 0.00677618989720941 0.0067944498732686 0.0068127098493278 0.006830969825387 0.0068492298014462 0.00687012821435928 0.00689190626144409 0.0069136843085289 0.00693546188995242 0.00695723993703723 0.00697901798412204 0.00700079603120685 0.00702177826315165 0.00704037304967642 0.0070589673705399 0.00707756215706468 0.00709615694358945 0.00711475173011422 0.00713334651663899 0.00715194130316377 0.00716749718412757 0.00718204071745276 0.00719658378511667 0.00721112731844187 0.00722567038610578 0.00724021391943097 0.00725475698709488 0.0072667058557272 0.00727087166160345 0.00727503746747971 0.00727920327335596 0.00728336907923222 0.00728753488510847 0.00729170069098473 0.00729586649686098 0.00729569606482983 0.00729408068582416 0.00729246530681849 0.00729084946215153 0.00728923408314586
0.00676293252035975 0.00678121717646718 0.00679950183257461 0.00681778648868203 0.00683607114478946 0.0068543553352356 0.00687263999134302 0.00689412746578455 0.00691668223589659 0.00693923700600863 0.00696179177612066 0.0069843465462327 0.00700690131634474 0.00702945608645678 0.00705097429454327 0.0070693832822144 0.00708779180422425 0.00710620079189539 0.00712460977956653 0.00714301876723766 0.00716142728924751 0.00717983627691865 0.00719581404700875 0.00721098110079765 0.00722614815458655 0.00724131567403674 0.00725648272782564 0.00727164978161454 0.00728681683540344 0.00729938270524144 0.00730414316058159 0.00730890408158302 0.00731366500258446 0.0073184254579246 0.00732318637892604 0.00732794683426619 0.00733270775526762 0.00733267702162266 0.00733104906976223 0.0073294211179018 0.00732779316604137 0.00732616521418095
0.0067861950956285 0.00680450443178415 0.00682281376793981 0.00684112263843417 0.00685943197458982 0.00687774131074548 0.00689605064690113 0.00691812625154853 0.00694145821034908 0.00696478970348835 0.00698812119662762 0.00701145268976688 0.00703478418290615 0.00705811567604542 0.00708017032593489 0.0070983930490911 0.0071166162379086 0.0071348394267261 0.00715306214988232 0.00717128533869982 0.00718950852751732 0.00720773125067353 0.00722413044422865 0.00723992148414254 0.00725571252405643 0.00727150356397033 0.00728729506954551 0.0073030861094594 0.00731887714937329 0.0073320590890944 0.00733741512522101 0.00734277069568634 0.00734812626615167 0.00735348183661699 0.00735883787274361 0.00736419344320893 0.00736954901367426 0.0073696575127542 0.00736801698803902 0.00736637692898512 0.00736473640426993 0.00736309587955475
0.00680945767089725 0.00682779168710113 0.00684612523764372 0.0068644592538476 0.00688279327005148 0.00690112682059407 0.00691946083679795 0.0069421255029738 0.00696623418480158 0.00699034240096807 0.00701445061713457 0.00703855883330107 0.00706266751512885 0.00708677573129535 0.00710936635732651 0.00712740328162909 0.00714544067159295 0.00716347759589553 0.00718151498585939 0.00719955237582326 0.00721758930012584 0.0072356266900897 0.00725244684144855 0.00726886186748743 0.00728527689352632 0.0073016919195652 0.00731810694560409 0.00733452197164297 0.00735093699768186 0.00736473593860865 0.00737068662419915 0.00737663730978966 0.00738258799538016 0.00738853821530938 0.00739448890089989 0.00740043958649039 0.0074063902720809 0.00740663846954703 0.00740498537197709 0.00740333274006844 0.00740167964249849 0.00740002701058984
0.00683272024616599 0.0068510789424181 0.00686943717300892 0.00688779586926103 0.00690615409985185 0.00692451279610395 0.00694287149235606 0.00696612475439906 0.00699100969359279 0.0070158950984478 0.00704078003764153 0.00706566544249654 0.00709055038169026 0.00711543578654528 0.00713856238871813 0.00715641351416707 0.0071742651052773 0.00719211623072624 0.00720996782183647 0.00722781894728541 0.00724567007273436 0.00726352166384459 0.00728076370432973 0.00729780271649361 0.0073148412629962 0.00733188027516007 0.00734891928732395 0.00736595829948783 0.00738299684599042 0.00739741278812289 0.00740395812317729 0.00741050392389297 0.00741704925894737 0.00742359505966306 0.00743014039471745 0.00743668619543314 0.00744323153048754 0.00744361896067858 0.00744195375591516 0.00744028855115175 0.00743862288072705 0.00743695767596364
0.00685621658340096 0.00687497947365046 0.00689374189823866 0.00691250432282686 0.00693126674741507 0.00695002963766456 0.00696879206225276 0.00699261389672756 0.0070181218907237 0.00704362988471985 0.00706913787871599 0.00709464587271214 0.00712015386670828 0.00714566186070442 0.0071693011559546 0.00718733435496688 0.00720536755397916 0.00722340075299144 0.00724143395200372 0.007259467151016 0.00727750035002828 0.00729553354904056 0.00731341447681189 0.00733124511316419 0.00734907574951649 0.00736690638586879 0.00738473702222109 0.00740256765857339 0.00742039829492569 0.00743545917794108 0.00744221126660705 0.00744896335527301 0.00745571544393897 0.00746246799826622 0.00746922008693218 0.00747597217559814 0.00748272426426411 0.00748334685340524 0.00748192658647895 0.00748050585389137 0.00747908558696508 0.00747766485437751
0.00687994761392474 0.0068994932807982 0.00691903941333294 0.00693858508020639 0.00695813121274114 0.00697767734527588 0.00699722301214933 0.00702159246429801 0.00704756937921047 0.00707354629412293 0.0070995232090354 0.00712550012394786 0.00715147703886032 0.00717745395377278 0.00720158219337463 0.00722016487270594 0.00723874801769853 0.00725733069702983 0.00727591337636113 0.00729449605569243 0.00731307873502374 0.00733166188001633 0.00735040009021759 0.00736918998882174 0.0073879798874259 0.00740677025169134 0.0074255601502955 0.00744435004889965 0.00746314041316509 0.00747887557372451 0.00748544605448842 0.00749201653525233 0.00749858701601624 0.00750515749678016 0.00751172797754407 0.00751829845830798 0.00752486893907189 0.0075258226133883 0.00752490386366844 0.00752398557960987 0.0075230672955513 0.00752214854583144
0.00690367817878723 0.00692400755360723 0.00694433692842722 0.00696466630324721 0.00698499567806721 0.0070053250528872 0.0070256544277072 0.00705057103186846 0.00707701686769724 0.00710346270352602 0.0071299085393548 0.00715635437518358 0.00718280021101236 0.00720924604684114 0.00723386323079467 0.00725299585610628 0.00727212801575661 0.00729126064106822 0.00731039280071855 0.00732952542603016 0.00734865758568048 0.0073677902109921 0.00738738523796201 0.0074071348644793 0.0074268844909966 0.00744663365185261 0.0074663832783699 0.0074861329048872 0.0075058825314045 0.00752229150384665 0.00752868037670851 0.00753506924957037 0.00754145812243223 0.00754784652963281 0.00755423540249467 0.00756062427535653 0.00756701314821839 0.00756829790771008 0.00756788160651922 0.00756746530532837 0.00756704900413752 0.00756663223728538
