data/working_set_collections/6091692-Cassins_Sparrow-M2/1985/qv2m_avg.asc
NCOLS 265 
NROWS 230 
XLLCORNER -115.5625 
YLLCORNER 24.8333333333333 
CELLSIZE 0.0833333333333333 
NODATA_value -9999 
[rows 114 to 132 of 230, columns 210 to 251 of 265]
0.00857022125273943 0.00859518814831972 0.00862015597522259 0.00864512287080288 0.00867008976638317 0.00869505759328604 0.00872002448886633 0.00875524431467056 0.00879388209432364 0.00883251987397671 0.00887115765362978 0.00890979543328285 0.0089484341442585 0.00898707192391157 0.0090239504352212 0.00905555114150047 0.00908715277910233 0.00911875441670418 0.00915035512298346 0.00918195676058531 0.00921355839818716 0.00924515910446644 0.00925248675048351 0.00925172120332718 0.00925095658749342 0.00925019197165966 0.0092494273558259 0.00924866273999214 0.00924789812415838 0.00924418494105339 0.0092316260561347 0.00921906810253859 0.0092065092176199 0.00919395033270121 0.00918139144778252 0.0091688334941864 0.00915627460926771 0.00914706569164991 0.00913897436112165 0.00913088209927082 0.00912278983741999 0.00911469850689173
0.00858595687896013 0.00861144717782736 0.00863693654537201 0.00866242684423923 0.00868791621178389 0.00871340651065111 0.00873889680951834 0.00877611711621284 0.00881724804639816 0.00885837897658348 0.0088995099067688 0.00894064083695412 0.00898177176713943 0.00902290269732475 0.00906145852059126 0.00909228716045618 0.0091231158003211 0.00915394444018602 0.00918477308005095 0.00921560171991587 0.00924643035978079 0.00927725899964571 0.00928476173430681 0.0092844907194376 0.00928421877324581 0.00928394682705402 0.00928367488086224 0.00928340293467045 0.00928313098847866 0.00928043387830257 0.00927046034485102 0.00926048681139946 0.0092505132779479 0.00924053974449635 0.00923056621104479 0.00922059267759323 0.00921061914414167 0.00920353271067142 0.0091974101960659 0.00919128675013781 0.00918516330420971 0.00917903985828161
0.00860169343650341 0.00862770527601242 0.008653718046844 0.00867973081767559 0.00870574358850718 0.00873175635933876 0.00875776819884777 0.00879698991775513 0.00884061399847269 0.00888423807919025 0.00892786215990782 0.00897148624062538 0.00901511032134295 0.00905873440206051 0.00909896660596132 0.00912902224808931 0.00915907882153988 0.00918913446366787 0.00921919010579586 0.00924924667924643 0.00927930232137442 0.00930935796350241 0.00931703764945269 0.00931725930422544 0.00931748002767563 0.00931770075112581 0.00931792240589857 0.00931814312934875 0.00931836478412151 0.00931668281555176 0.00930929463356733 0.00930190645158291 0.00929451733827591 0.00928712915629148 0.00927974004298449 0.00927235186100006 0.00926496367901564 0.00925999972969294 0.00925584603101015 0.00925169140100479 0.00924753677099943 0.00924338214099407
0.00861742906272411 0.00864396430552006 0.008670499548316 0.00869703479111195 0.00872357003390789 0.00875010527670383 0.00877664051949978 0.00881786271929741 0.00886397995054722 0.00891009718179703 0.00895621441304684 0.00900233164429665 0.00904844887554646 0.00909456610679626 0.00913647469133139 0.00916575826704502 0.00919504184275866 0.00922432448714972 0.00925360806286335 0.00928289070725441 0.00931217428296804 0.0093414569273591 0.00934931356459856 0.00935002788901329 0.00935074128210545 0.00935145560652018 0.00935216993093491 0.00935288332402706 0.00935359764844179 0.00935293268412352 0.00934812892228365 0.00934332516044378 0.00933852139860392 0.00933371856808662 0.00932891480624676 0.00932411104440689 0.00931930728256702 0.00931646768003702 0.00931428093463182 0.0093120951205492 0.00930990930646658 0.00930772349238396
0.00863316468894482 0.0086602233350277 0.008687281049788 0.0087143387645483 0.0087413964793086 0.00876845419406891 0.00879551284015179 0.00883873458951712 0.00888734497129917 0.0089359562844038 0.00898456666618586 0.00903317704796791 0.00908178742974997 0.00913039781153202 0.00917398370802402 0.00920249428600073 0.00923100393265486 0.00925951451063156 0.00928802508860826 0.00931653566658497 0.00934504624456167 0.00937355682253838 0.00938158947974443 0.00938279647380114 0.00938400346785784 0.00938521046191454 0.00938641745597124 0.00938762445002794 0.00938883144408464 0.0093891816213727 0.00938696321099997 0.00938474480062723 0.0093825263902545 0.00938030704855919 0.00937808863818645 0.00937587022781372 0.00937365181744099 0.00937293469905853 0.00937271676957607 0.00937249977141619 0.0093722827732563 0.00937206577509642
0.00864890124648809 0.00867648143321276 0.00870406255126 0.00873164273798466 0.00875922292470932 0.00878680404275656 0.00881438422948122 0.0088596073910594 0.0089107109233737 0.008961814455688 0.00901291891932487 0.00906402245163918 0.00911512598395348 0.00916622951626778 0.00921149179339409 0.00923922937363386 0.00926696695387363 0.00929470453411341 0.00932244211435318 0.00935018062591553 0.0093779182061553 0.00940565578639507 0.00941386539489031 0.00941556505858898 0.00941726472228765 0.00941896438598633 0.009420664049685 0.00942236464470625 0.00942406430840492 0.00942543055862188 0.00942579749971628 0.00942616350948811 0.0094265304505825 0.00942689646035433 0.00942726340144873 0.00942762941122055 0.00942799635231495 0.00942940171808004 0.00943115260452032 0.00943290442228317 0.00943465624004602 0.0094364071264863
0.00866147689521313 0.0086900694295764 0.00871866289526224 0.00874725542962551 0.00877584889531136 0.0088044423609972 0.00883303489536047 0.00888006947934628 0.00893325172364712 0.00898643396794796 0.0090396162122488 0.00909279845654964 0.00914598070085049 0.00919916294515133 0.00924575049430132 0.00927255395799875 0.00929935742169619 0.00932616181671619 0.00935296528041363 0.00937976967543364 0.00940657313913107 0.0094333766028285 0.00944211333990097 0.0094448272138834 0.0094475420191884 0.00945025589317083 0.00945296976715326 0.00945568364113569 0.00945839751511812 0.00946080964058638 0.00946231558918953 0.00946382060647011 0.00946532655507326 0.00946683157235384 0.00946833752095699 0.00946984346956015 0.00947134848684072 0.00947411917150021 0.00947731081396341 0.0094805033877492 0.0094836950302124 0.00948688667267561
0.00867089163511992 0.00870098732411861 0.00873108208179474 0.00876117777079344 0.00879127345979214 0.00882136821746826 0.00885146390646696 0.00890012178570032 0.008954968303442 0.00900981388986111 0.00906465947628021 0.00911950506269932 0.009174351580441 0.0092291971668601 0.00927675887942314 0.0093024680390954 0.00932817626744509 0.00935388542711735 0.00937959458678961 0.00940530281513929 0.00943101197481155 0.00945672113448381 0.00946633517742157 0.00947058480232954 0.00947483349591494 0.00947908312082291 0.00948333274573088 0.00948758143931627 0.00949183106422424 0.0094953179359436 0.00949651654809713 0.00949771516025066 0.00949891377240419 0.0095001133158803 0.00950131192803383 0.00950251054018736 0.00950370915234089 0.00950708705931902 0.00951119139790535 0.00951529573649168 0.00951940007507801 0.00952350441366434
0.00868030730634928 0.00871190428733826 0.00874350219964981 0.00877510011196136 0.00880669709295034 0.0088382950052619 0.00886989291757345 0.00892017409205437 0.00897668395191431 0.00903319288045168 0.00908970274031162 0.00914621260017157 0.00920272246003151 0.00925923138856888 0.00930776726454496 0.00933238118886948 0.00935699511319399 0.0093816090375185 0.00940622296184301 0.00943083688616753 0.00945545081049204 0.00948006473481655 0.0094905560836196 0.00949634145945311 0.00950212590396404 0.00950791034847498 0.00951369572430849 0.00951948016881943 0.00952526461333036 0.00952982623130083 0.00953071843832731 0.00953161064535379 0.0095325019210577 0.00953339412808418 0.00953428633511066 0.00953517761081457 0.00953606981784105 0.00954005494713783 0.00954507198184729 0.00955008808523417 0.00955510511994362 0.00956012215465307
0.00868972204625607 0.00872282218188047 0.00875592231750488 0.00878902152180672 0.00882212165743113 0.00885522179305553 0.00888832099735737 0.00894022639840841 0.00899839960038662 0.00905657280236483 0.00911474600434303 0.00917291920632124 0.00923109333962202 0.00928926654160023 0.00933877564966679 0.00936229526996613 0.00938581395894289 0.00940933264791965 0.00943285133689642 0.00945637002587318 0.00947988964617252 0.00950340833514929 0.00951477792114019 0.00952209811657667 0.00952941831201315 0.00953673850744963 0.0095440587028861 0.00955137796700001 0.00955869816243649 0.00956433452665806 0.00956492032855749 0.00956550519913435 0.00956609006971121 0.00956667494028807 0.00956725981086493 0.00956784561276436 0.00956843048334122 0.00957302283495665 0.00957895256578922 0.00958488136529922 0.00959081016480923 0.00959673896431923
0.00869913771748543 0.00873374007642269 0.00876834150403738 0.00880294386297464 0.00883754622191191 0.0088721476495266 0.00890675000846386 0.00896027870476246 0.00902011524885893 0.00907995272427797 0.00913978926837444 0.00919962674379349 0.00925946421921253 0.009319300763309 0.00936978496611118 0.0093922084197402 0.00941463280469179 0.00943705625832081 0.00945947971194983 0.00948190409690142 0.00950432755053043 0.00952675193548203 0.00953899975866079 0.00954785477370024 0.00955671072006226 0.0095655657351017 0.00957442075014114 0.00958327669650316 0.00959213171154261 0.00959884282201529 0.0095991212874651 0.0095993997529149 0.00959967821836472 0.00959995575249195 0.00960023421794176 0.00960051268339157 0.00960079114884138 0.00960599165409803 0.00961283221840858 0.00961967371404171 0.00962651520967484 0.00963335670530796
0.00870855338871479 0.00874465703964233 0.00878076162189245 0.00881686620414257 0.00885296985507011 0.00888907443732023 0.00892517901957035 0.00898033007979393 0.00904183089733124 0.00910333171486855 0.00916483253240585 0.00922633334994316 0.00928783416748047 0.00934933498501778 0.009400793351233 0.00942212250083685 0.00944345071911812 0.00946477986872196 0.00948610901832581 0.00950743816792965 0.00952876638621092 0.00955009553581476 0.00956322066485882 0.0095736114308238 0.00958400219678879 0.00959439296275377 0.00960478372871876 0.00961517449468374 0.00962556526064873 0.00963335204869509 0.00963332317769527 0.00963329430669546 0.00963326543569565 0.00963323749601841 0.0096332086250186 0.00963317975401878 0.00963315088301897 0.00963895954191685 0.00964671280235052 0.00965446699410677 0.00966222025454044 0.00966997351497412
0.00872045382857323 0.00875780358910561 0.00879515334963799 0.00883250217884779 0.00886985193938017 0.00890720169991255 0.00894455146044493 0.00900017097592354 0.00906187947839499 0.00912358798086643 0.00918529648333788 0.0092470059171319 0.00930871441960335 0.0093704229220748 0.00942208804190159 0.00944362115114927 0.00946515519171953 0.00948668830096722 0.00950822234153748 0.00952975545078516 0.00955128856003284 0.0095728226006031 0.00958679709583521 0.0095982514321804 0.00960970669984818 0.00962116196751595 0.00963261630386114 0.00964407157152891 0.00965552590787411 0.00966415368020535 0.00966430082917213 0.00966444797813892 0.00966459419578314 0.00966474134474993 0.00966488756239414 0.00966503471136093 0.00966518186032772 0.00967132952064276 0.00967947766184807 0.0096876248717308 0.00969577301293612 0.00970392115414143
0.00873483996838331 0.00877317786216736 0.0088115157559514 0.00884985364973545 0.0088881915435195 0.00892653036862612 0.00896486826241016 0.00901979859918356 0.00908025912940502 0.00914072059094906 0.00920118112117052 0.00926164258271456 0.00932210311293602 0.00938256364315748 0.00943366903811693 0.00945670623332262 0.00947974435985088 0.00950278155505657 0.00952581968158484 0.00954885687679052 0.00957189407199621 0.00959493219852448 0.00960972718894482 0.00962177477777004 0.00963382236659527 0.00964587088674307 0.0096579184755683 0.00966996606439352 0.00968201365321875 0.00969125051051378 0.00969205517321825 0.00969285983592272 0.00969366356730461 0.00969446823000908 0.00969527289271355 0.00969607755541801 0.00969688128679991 0.00970310065895319 0.00971112493425608 0.00971914920955896 0.00972717441618443 0.00973519869148731
0.00874922517687082 0.00878855213522911 0.00882787816226482 0.00886720512062311 0.0089065320789814 0.00894585810601711 0.0089851850643754 0.00903942622244358 0.00909863971173763 0.00915785226970911 0.00921706575900316 0.00927627831697464 0.00933549180626869 0.00939470529556274 0.00944525003433228 0.00946979224681854 0.00949433352798223 0.00951887480914593 0.0095434170216322 0.00956795830279589 0.00959250051528215 0.00961704179644585 0.009632658213377 0.00964529812335968 0.00965793896466494 0.00967057980597019 0.00968321971595287 0.00969586055725813 0.00970850139856339 0.00971834734082222 0.00971980951726437 0.00972127169370651 0.00972273293882608 0.00972419511526823 0.00972565729171038 0.00972711946815252 0.00972858164459467 0.0097348727285862 0.00974277313798666 0.0097506744787097 0.00975857488811016 0.00976647529751062
0.00876361131668091 0.00880392640829086 0.00884424149990082 0.00888455659151077 0.00892487168312073 0.00896518677473068 0.00900550186634064 0.0090590538457036 0.00911701936274767 0.00917498487979174 0.0092329503968358 0.0092909149825573 0.00934888049960136 0.00940684601664543 0.00945683103054762 0.00948287732899189 0.00950892269611359 0.00953496899455786 0.00956101436167955 0.00958705972880125 0.00961310602724552 0.00963915139436722 0.00965558830648661 0.00966882146894932 0.0096820555627346 0.00969528872519732 0.00970852188766003 0.00972175505012274 0.00973498914390802 0.00974544417113066 0.00974756386131048 0.00974968355149031 0.00975180324167013 0.00975392293184996 0.00975604262202978 0.00975816231220961 0.00976028200238943 0.0097666447982192 0.00977442134171724 0.00978219881653786 0.0097899753600359 0.00979775283485651
0.00877799745649099 0.00881930068135262 0.00886060390621424 0.00890190806239843 0.00894321128726006 0.00898451451212168 0.0090258177369833 0.0090786824002862 0.00913539994508028 0.00919211655855179 0.00924883410334587 0.00930555164813995 0.00936226919293404 0.00941898673772812 0.00946841202676296 0.00949596241116524 0.00952351186424494 0.00955106224864721 0.00957861170172691 0.00960616208612919 0.00963371153920889 0.00966126192361116 0.00967851839959621 0.00969234481453896 0.0097061712294817 0.00971999764442444 0.00973382405936718 0.00974765047430992 0.00976147595793009 0.00977254007011652 0.00977531727403402 0.0097780954092741 0.0097808726131916 0.00978364981710911 0.00978642702102661 0.00978920422494411 0.00979198142886162 0.00979841593652964 0.00980606954544783 0.00981372315436602 0.00982137676328421 0.00982902944087982
0.0087923826649785 0.00883467495441437 0.00887696724385023 0.00891925860196352 0.00896155089139938 0.00900384318083525 0.00904613453894854 0.00909831002354622 0.00915377959609032 0.00920924916863441 0.00926471874117851 0.00932018831372261 0.00937565788626671 0.00943112745881081 0.00947999302297831 0.00950904749333858 0.00953810103237629 0.00956715550273657 0.00959620904177427 0.00962526351213455 0.00965431705117226 0.00968337152153254 0.0097014494240284 0.00971586816012859 0.00973028782755136 0.00974470656365156 0.00975912529975176 0.00977354496717453 0.00978796370327473 0.00979963690042496 0.00980307161808014 0.0098065072670579 0.00980994198471308 0.00981337670236826 0.00981681142002344 0.0098202470690012 0.00982368178665638 0.00983018800616264 0.00983771774917841 0.00984524749219418 0.00985277723520994 0.00986030697822571
0.00881043262779713 0.00885371491312981 0.00889699719846249 0.00894027855247259 0.00898356083780527 0.00902684312313795 0.00907012447714806 0.00912128761410713 0.0091750780120492 0.00922886840999126 0.00928265787661076 0.00933644827455282 0.00939023774117231 0.00944402813911438 0.0094920564442873 0.00952280126512051 0.00955354515463114 0.00958428904414177 0.00961503386497498 0.00964577775448561 0.00967652257531881 0.00970726646482944 0.00972581654787064 0.0097403023391962 0.0097547871991992 0.00976927299052477 0.00978375878185034 0.00979824364185333 0.0098127294331789 0.009824488312006 0.00982806738466024 0.00983164738863707 0.00983522646129131 0.00983880553394556 0.00984238553792238 0.00984596461057663 0.00984954368323088 0.00985665246844292 0.00986493658274412 0.0098732216283679 0.00988150667399168 0.00988979078829288
