data/working_set_collections/6091692-Cassins_Sparrow-M2/1985/qv2m_avg.asc
NCOLS 265 
NROWS 230 
XLLCORNER -115.5625 
YLLCORNER 24.8333333333333 
CELLSIZE 0.0833333333333333 
NODATA_value -9999 
[rows 57 to 75 of 230, columns 126 to 167 of 265]
0.00427716504782438 0.00432846741750836 0.0043772435747087 0.00442602019757032 0.00447479635477066 0.00452357297763228 0.00457234913483262 0.00462112529203296 0.00466617802157998 0.0047000590711832 0.00473393965512514 0.00476782070472836 0.00480170175433159 0.00483558280393481 0.00486946338787675 0.00490334443747997 0.00493705598637462 0.00497071025893092 0.00500436499714851 0.00503801973536611 0.0050716744735837 0.00510532921180129 0.00513898395001888 0.0051728687249124 0.00520744267851114 0.00524201709777117 0.00527659105136991 0.00531116500496864 0.00534573942422867 0.00538031337782741 0.00541488779708743 0.00544779654592276 0.0054801506921649 0.00551250483840704 0.00554485851898789 0.00557721266523004 0.00560956634581089 0.00564192049205303 0.0056725637987256 0.00569807458668947 0.00572358584031463 0.00574909709393978
0.00425911787897348 0.00431079557165504 0.00436133006587625 0.00441186456009746 0.00446239905431867 0.00451293354853988 0.00456346804276109 0.0046140025369823 0.00466077215969563 0.00469624763354659 0.00473172264173627 0.00476719811558723 0.00480267312377691 0.00483814859762788 0.00487362360581756 0.00490909907966852 0.00494364276528358 0.0049778763204813 0.00501210941001773 0.00504634249955416 0.00508057605475187 0.0051148091442883 0.00514904269948602 0.00518328882753849 0.0052175740711391 0.0052518593147397 0.0052861450240016 0.0053204302676022 0.00535471551120281 0.00538900075480342 0.00542328599840403 0.00545593723654747 0.00548804365098476 0.00552015006542206 0.00555225601419806 0.00558436242863536 0.00561646884307265 0.00564857479184866 0.00567921437323093 0.00570545252412558 0.00573169067502022 0.00575792882591486
0.0042410702444613 0.00429312372580171 0.00434541655704379 0.00439770892262459 0.00445000175386667 0.00450229458510876 0.00455458695068955 0.00460687978193164 0.00465536676347256 0.00469243619590998 0.0047295056283474 0.0047665755264461 0.00480364495888352 0.00484071439132094 0.00487778382375836 0.00491485372185707 0.00495023000985384 0.00498504191637039 0.00501985382288694 0.00505466526374221 0.00508947717025876 0.00512428907677531 0.00515910098329186 0.00519370893016458 0.00522770546376705 0.00526170199736953 0.005295698530972 0.00532969506457448 0.00536369159817696 0.00539768813177943 0.00543168466538191 0.00546407792717218 0.00549593660980463 0.00552779529243708 0.00555965350940824 0.00559151219204068 0.00562337087467313 0.00565522955730557 0.00568586494773626 0.00571282999590039 0.00573979550972581 0.00576676055788994
0.00424402765929699 0.00429648719727993 0.00434979191049933 0.00440309662371874 0.00445640133693814 0.00450970605015755 0.00456301076337695 0.00461631594225764 0.00466567417606711 0.00470319436863065 0.00474071409553289 0.00477823428809643 0.00481575448065996 0.00485327420756221 0.00489079440012574 0.00492831412702799 0.0049641439691186 0.00499940989539027 0.00503467582166195 0.00506994174793363 0.0051052076742053 0.00514047406613827 0.00517573999240994 0.00521062081679702 0.00524434540420771 0.00527807045727968 0.00531179504469037 0.00534551963210106 0.00537924468517303 0.00541296927258372 0.00544669385999441 0.00547860376536846 0.00550990831106901 0.00554121332243085 0.0055725178681314 0.00560382241383195 0.0056351269595325 0.00566643197089434 0.00569667853415012 0.0057237520813942 0.00575082516297698 0.00577789871022105
0.00426799012348056 0.00432088552042842 0.00437445612624288 0.00442802719771862 0.00448159780353308 0.00453516887500882 0.00458873994648457 0.00464231055229902 0.00469169532880187 0.00472852168604732 0.00476534850895405 0.00480217486619949 0.00483900168910623 0.00487582804635167 0.00491265440359712 0.00494948122650385 0.00498538464307785 0.00502098025754094 0.00505657587200403 0.00509217195212841 0.0051277675665915 0.00516336318105459 0.00519895926117897 0.00523402355611324 0.00526749342679977 0.00530096376314759 0.00533443409949541 0.00536790397018194 0.00540137430652976 0.00543484417721629 0.00546831451356411 0.00549951521679759 0.00552995968610048 0.00556040415540338 0.00559084862470627 0.00562129262834787 0.00565173709765077 0.00568218156695366 0.0057116555981338 0.00573821784928441 0.00576478056609631 0.00579134281724691
0.00429195212200284 0.00434528384357691 0.0043991208076477 0.0044529577717185 0.0045067947357893 0.0045606316998601 0.00461446866393089 0.00466830562800169 0.00471771648153663 0.00475384946912527 0.00478998245671391 0.00482611544430256 0.00486224889755249 0.00489838188514113 0.00493451487272978 0.00497064786031842 0.00500662531703711 0.00504255061969161 0.0050784763880074 0.00511440169066191 0.0051503274589777 0.0051862527616322 0.005222178529948 0.00525742629542947 0.00529064191505313 0.00532385753467679 0.00535707268863916 0.00539028830826283 0.00542350392788649 0.00545671908184886 0.00548993470147252 0.00552042666822672 0.00555001106113195 0.0055795949883759 0.00560917891561985 0.00563876330852509 0.00566834723576903 0.00569793162867427 0.00572663219645619 0.00575268408283591 0.00577873596921563 0.00580478738993406
0.00431591458618641 0.0043696821667254 0.00442378548905253 0.00447788834571838 0.00453199120238423 0.00458609405905008 0.00464019738137722 0.00469430023804307 0.00474373763427138 0.00477917725220323 0.00481461687013507 0.00485005648806691 0.00488549610599875 0.0049209357239306 0.00495637534186244 0.00499181495979428 0.00502786599099636 0.00506412144750357 0.00510037643834949 0.00513663189485669 0.00517288688570261 0.00520914234220982 0.00524539733305573 0.00528082903474569 0.0053137899376452 0.0053467508405447 0.0053797117434442 0.00541267264634371 0.00544563354924321 0.00547859445214272 0.00551155535504222 0.00554133811965585 0.00557006197050214 0.00559878582134843 0.00562750967219472 0.00565623352304101 0.0056849573738873 0.00571368122473359 0.00574160926043987 0.00576715031638741 0.00579269090667367 0.00581823196262121
0.00433987658470869 0.00439408048987389 0.00444844970479608 0.00450281891971827 0.00455718766897917 0.00461155688390136 0.00466592609882355 0.00472029484808445 0.00476975832134485 0.00480450456961989 0.00483925081789494 0.00487399706616998 0.00490874331444502 0.00494348909705877 0.00497823534533381 0.00501298159360886 0.00504910666495562 0.00508569180965424 0.00512227695435286 0.00515886163339019 0.00519544677808881 0.00523203145712614 0.00526861660182476 0.00530423177406192 0.00533693796023726 0.00536964414641261 0.00540235079824924 0.00543505698442459 0.00546776317059994 0.00550046935677528 0.00553317554295063 0.00556224957108498 0.00559011334553361 0.00561797665432096 0.00564584042876959 0.00567370373755693 0.00570156751200557 0.00572943082079291 0.00575658632442355 0.00578161608427763 0.005806646309793 0.00583167606964707
0.00436383858323097 0.00441847927868366 0.0044731143862009 0.00452774949371815 0.00458238460123539 0.00463701970875263 0.00469165481626987 0.00474628992378712 0.00479577947407961 0.00482983235269785 0.0048638847656548 0.00489793764427304 0.00493199052289128 0.00496604293584824 0.00500009581446648 0.00503414869308472 0.00507034780457616 0.0051072621718049 0.00514417700469494 0.00518109183758497 0.00521800620481372 0.00525492103770375 0.00529183587059379 0.00532763451337814 0.00536008644849062 0.00539253791794181 0.005424989387393 0.00545744132250547 0.00548989279195666 0.00552234426140785 0.00555479573085904 0.0055831610225141 0.00561016472056508 0.00563716795295477 0.00566417118534446 0.00569117441773415 0.00571817765012383 0.00574518088251352 0.00577156292274594 0.00579608231782913 0.00582060124725103 0.00584512064233422
0.00437909597530961 0.00443399837240577 0.00448929378762841 0.00454458920285106 0.00459988508373499 0.00465518049895763 0.00471047591418028 0.00476577179506421 0.00481576845049858 0.00484986929222941 0.00488396966829896 0.00491807051002979 0.00495217088609934 0.00498627172783017 0.00502037210389972 0.00505447294563055 0.00509069301187992 0.00512761902064085 0.00516454549506307 0.00520147196948528 0.0052383984439075 0.00527532445266843 0.00531225092709064 0.00534802349284291 0.00538033479824662 0.00541264656931162 0.00544495787471533 0.00547726918011904 0.00550958048552275 0.00554189179092646 0.00557420356199145 0.00560223683714867 0.00562884379178286 0.00565545121207833 0.00568205863237381 0.00570866605266929 0.00573527300730348 0.00576188042759895 0.00578784570097923 0.0058118854649365 0.00583592522889376 0.00585996499285102
0.00438564829528332 0.0044406377710402 0.00449698837473989 0.00455333851277828 0.00460968911647797 0.00466603972017765 0.00472239032387733 0.00477874046191573 0.00482972571626306 0.00486461585387588 0.00489950552582741 0.00493439566344023 0.00496928533539176 0.00500417547300458 0.00503906514495611 0.00507395528256893 0.00511014275252819 0.00514676235616207 0.00518338242545724 0.00522000249475241 0.00525662256404757 0.00529324216768146 0.00532986223697662 0.00536539871245623 0.00539768440648913 0.00542997010052204 0.00546225532889366 0.00549454102292657 0.00552682671695948 0.00555911241099238 0.00559139810502529 0.00561947608366609 0.0056461519561708 0.00567282736301422 0.00569950323551893 0.00572617864236236 0.00575285451486707 0.00577952992171049 0.00580543465912342 0.00582902645692229 0.00585261778905988 0.00587620958685875
0.00439220061525702 0.00444727763533592 0.00450468296185136 0.00456208828836679 0.00461949361488223 0.00467689894139767 0.0047343042679131 0.00479170959442854 0.00484368298202753 0.00487936241552234 0.00491504138335586 0.00495072081685066 0.00498639978468418 0.0050220787525177 0.00505775818601251 0.00509343715384603 0.00512959202751517 0.00516590569168329 0.00520221935585141 0.00523853302001953 0.00527484668418765 0.00531115988269448 0.0053474735468626 0.00538277393206954 0.00541503354907036 0.00544729363173246 0.00547955324873328 0.00551181333139539 0.00554407294839621 0.00557633256539702 0.00560859264805913 0.00563671579584479 0.00566345965489745 0.00569020351395011 0.00571694783866405 0.00574369169771671 0.00577043555676937 0.00579717988148332 0.00582302361726761 0.0058461669832468 0.00586931081488729 0.00589245418086648
0.00439875293523073 0.00445391703397036 0.00451237708330154 0.00457083759829402 0.00462929764762521 0.0046877576969564 0.00474621821194887 0.00480467826128006 0.00485764024779201 0.0048941089771688 0.0049305772408843 0.00496704550459981 0.0050035142339766 0.00503998249769211 0.00507645076140761 0.00511291949078441 0.00514904176816344 0.00518504902720451 0.00522105628624558 0.00525706354528666 0.00529307080432773 0.00532907759770751 0.00536508485674858 0.00540014868602157 0.00543238269165158 0.00546461716294289 0.0054968511685729 0.00552908517420292 0.00556131917983294 0.00559355318546295 0.00562578719109297 0.00565395504236221 0.0056807673536241 0.005707579664886 0.00573439197614789 0.00576120475307107 0.00578801706433296 0.00581482937559485 0.0058406125754118 0.0058633079752326 0.00588600337505341 0.00590869877487421
0.00440530525520444 0.00446055643260479 0.00452007167041302 0.00457958690822124 0.00463910168036819 0.00469861691817641 0.00475813215598464 0.00481764692813158 0.00487159797921777 0.00490885553881526 0.00494611309841275 0.00498337065801024 0.00502062868326902 0.00505788624286652 0.00509514380246401 0.0051324013620615 0.00516849150881171 0.00520419236272573 0.00523989321663976 0.00527559407055378 0.00531129445880651 0.00534699531272054 0.00538269616663456 0.00541752390563488 0.00544973229989409 0.00548194022849202 0.00551414862275124 0.00554635701701045 0.00557856541126966 0.00561077380552888 0.00564298173412681 0.00567119428887963 0.00569807505235076 0.00572495581582189 0.00575183657929301 0.00577871734276414 0.00580559810623527 0.00583247886970639 0.0058582010678947 0.00588044850155711 0.00590269593521953 0.00592494336888194
0.00441185757517815 0.00446719629690051 0.00452776625752449 0.00458833621814847 0.00464890617877245 0.00470947613939643 0.00477004610002041 0.00483061606064439 0.00488555524498224 0.00492360210046172 0.0049616489559412 0.00499969581142068 0.00503774266690016 0.00507578998804092 0.0051138368435204 0.00515188369899988 0.00518794124945998 0.00522333569824696 0.00525873014703393 0.0052941245958209 0.00532951857894659 0.00536491302773356 0.00540030747652054 0.00543489912524819 0.00546708144247532 0.00549926375970244 0.00553144654259086 0.00556362885981798 0.00559581164270639 0.00562799395993352 0.00566017627716064 0.00568843400105834 0.0057153832167387 0.00574233196675777 0.00576928118243814 0.0057962303981185 0.00582317961379886 0.00585012836381793 0.00587579002603889 0.00589758949354291 0.00591938849538565 0.00594118749722838
0.00441354513168335 0.00446850573644042 0.00452982075512409 0.00459113577380776 0.00465245079249144 0.00471376581117511 0.00477508082985878 0.00483639584854245 0.00489200698211789 0.00493050552904606 0.00496900454163551 0.00500750308856368 0.00504600210115314 0.0050845006480813 0.00512299966067076 0.00516149820759892 0.00519742956385016 0.00523250456899405 0.00526757957413793 0.00530265504494309 0.00533773005008698 0.00537280505523086 0.00540788052603602 0.00544237112626433 0.00547510897740722 0.0055078468285501 0.00554058467969298 0.00557332253083587 0.00560606038197875 0.00563879823312163 0.00567153608426452 0.00570041220635176 0.00572800124064088 0.00575559027493 0.00578317930921912 0.00581076834350824 0.00583835691213608 0.0058659459464252 0.00589217524975538 0.00591432582587004 0.00593647640198469 0.00595862651243806
0.00441036792472005 0.00446448428556323 0.00452623469755054 0.00458798510953784 0.00464973552152514 0.00471148593351245 0.00477323634549975 0.00483498675748706 0.00489095319062471 0.00492956629022956 0.0049681793898344 0.00500679248943925 0.00504540605470538 0.00508401915431023 0.00512263225391507 0.00516124535351992 0.00519695598632097 0.00523169944062829 0.00526644242927432 0.00530118541792035 0.00533592887222767 0.0053706718608737 0.00540541484951973 0.00543994084000587 0.00547381537035108 0.00550768943503499 0.0055415634997189 0.00557543803006411 0.00560931209474802 0.00564318662509322 0.00567706068977714 0.00570712937042117 0.00573593005537987 0.00576473027467728 0.00579353049397469 0.00582233117893338 0.00585113139823079 0.0058799316175282 0.00590735720470548 0.00593065796419978 0.00595395918935537 0.00597725994884968
0.00440719071775675 0.00446046330034733 0.00452264910563827 0.0045848349109292 0.00464702071622014 0.00470920652151108 0.00477139232680202 0.00483357813209295 0.00488989939913154 0.00492862705141306 0.00496735470369458 0.0050060823559761 0.00504480954259634 0.00508353719487786 0.00512226484715939 0.00516099249944091 0.00519648287445307 0.00523089384660125 0.00526530481874943 0.0052997162565589 0.00533412722870708 0.00536853820085526 0.00540294963866472 0.00543751055374742 0.00547252129763365 0.00550753204151988 0.00554254278540611 0.00557755306363106 0.00561256380751729 0.00564757455140352 0.00568258529528975 0.00571384700015187 0.00574385840445757 0.00577387027442455 0.00580388214439154 0.00583389354869723 0.00586390541866422 0.0058939172886312 0.00592253869399428 0.00594699056819081 0.00597144197672606 0.0059958933852613
0.00440401351079345 0.00445644231513143 0.004519063513726 0.00458168471232057 0.00464430591091514 0.00470692664384842 0.00476954784244299 0.00483216904103756 0.00488884560763836 0.00492768781259656 0.00496652955189347 0.00500537175685167 0.00504421349614859 0.00508305570110679 0.0051218974404037 0.0051607396453619 0.00519600929692388 0.00523008871823549 0.00526416767388582 0.00529824662953615 0.00533232605084777 0.0053664050064981 0.00540048396214843 0.00543508026748896 0.00547122722491622 0.00550737418234348 0.00554352160543203 0.0055796685628593 0.00561581598594785 0.00565196294337511 0.00568810990080237 0.00572056416422129 0.00575178721919656 0.00578301027417183 0.0058142333291471 0.00584545638412237 0.00587667943909764 0.0059079029597342 0.00593772064894438 0.00596332270652056 0.00598892476409674 0.00601452682167292
