data/working_set_collections/6091692-Cassins_Sparrow-M2/1985/rzmc_avg.asc
NCOLS 265 
NROWS 230 
XLLCORNER -115.5625 
YLLCORNER 24.8333333333333 
CELLSIZE 0.0833333333333333 
NODATA_value -9999 
[rows 200 to 219 of 230, columns 132 to 175 of 265]
0.222756177186966 0.223719865083694 0.224147453904152 0.222966715693474 0.221785962581635 0.220605224370956 0.219424471259117 0.218243733048439 0.2170629799366 0.21588222682476 0.212641805410385 0.208714827895164 0.204787835478783 0.200860857963562 0.196933880448341 0.19300688803196 0.189079910516739 0.186509773135185 0.188010200858116 0.189510628581047 0.191011041402817 0.192511469125748 0.194011896848679 0.195512309670448 0.197012737393379 0.200323760509491 0.204238310456276 0.208152860403061 0.212067410349846 0.215981975197792 0.219896525144577 0.223811075091362 0.226452857255936 0.225276336073875 0.224099799990654 0.222923278808594 0.221746742725372 0.220570221543312 0.219393685460091 0.21821716427803 0.215025961399078 0.211163192987442 0.207300424575806 0.203437656164169
0.224637508392334 0.225977271795273 0.226671099662781 0.22542716562748 0.224183216691017 0.222939282655716 0.221695333719254 0.220451399683952 0.21920745074749 0.217963516712189 0.215091452002525 0.211676672101021 0.208261892199516 0.204847112298012 0.201432332396507 0.198017552495003 0.194602772593498 0.192461833357811 0.194142431020737 0.195823013782501 0.197503611445427 0.199184209108353 0.200864791870117 0.202545389533043 0.204225972294807 0.206963941454887 0.210054352879524 0.213144764304161 0.216235190629959 0.219325602054596 0.222416013479233 0.22550642490387 0.227550059556961 0.226453363895416 0.22535665333271 0.224259957671165 0.223163247108459 0.222066551446915 0.220969840884209 0.219873130321503 0.216771483421326 0.213001519441605 0.209231540560722 0.205461576581001
0.226518839597702 0.22823466360569 0.22919474542141 0.227887615561485 0.2265804708004 0.225273340940475 0.223966211080551 0.222659066319466 0.221351936459541 0.220044806599617 0.217541083693504 0.214638516306877 0.211735934019089 0.208833366632462 0.205930784344673 0.203028216958046 0.200125634670258 0.198413893580437 0.200274661183357 0.202135413885117 0.203996181488037 0.205856934189796 0.207717701792717 0.209578454494476 0.211439222097397 0.213604122400284 0.215870395302773 0.218136668205261 0.220402956008911 0.2226692289114 0.224935501813889 0.227201789617538 0.228647276759148 0.227630391716957 0.226613506674767 0.225596636533737 0.224579751491547 0.223562866449356 0.222545996308327 0.221529111266136 0.218517005443573 0.214839830994606 0.211162656545639 0.207485496997833
0.22840017080307 0.230492055416107 0.231718391180038 0.230348065495491 0.228977739810944 0.227607399225235 0.226237073540688 0.22486674785614 0.223496407270432 0.222126081585884 0.219990730285645 0.217600360512733 0.215209990739822 0.212819620966911 0.210429251194 0.208038881421089 0.205648511648178 0.204365953803062 0.206406891345978 0.208447813987732 0.210488751530647 0.212529674172401 0.214570596814156 0.216611534357071 0.218652456998825 0.22024430334568 0.221686437726021 0.223128587007523 0.224570721387863 0.226012855768204 0.227455005049706 0.228897139430046 0.229744479060173 0.228807419538498 0.227870374917984 0.226933315396309 0.225996255874634 0.225059196352959 0.224122136831284 0.223185077309608 0.220262542366982 0.216678157448769 0.213093787431717 0.209509402513504
0.227411583065987 0.229585543274879 0.230926468968391 0.2297682762146 0.228610083460808 0.227451890707016 0.226293697953224 0.225135505199432 0.223977312445641 0.222819119691849 0.221070602536201 0.219125285744667 0.217179983854294 0.215234667062759 0.213289365172386 0.211344063282013 0.209398746490479 0.208443209528923 0.210456937551498 0.212470680475235 0.214484423398972 0.216498166322708 0.218511909246445 0.22052563726902 0.222539380192757 0.223847210407257 0.224919721484184 0.225992232561111 0.227064743638039 0.228137254714966 0.229209765791893 0.230282291769981 0.230864748358727 0.229977086186409 0.22908940911293 0.228201732039452 0.227314069867134 0.226426392793655 0.225538730621338 0.224651053547859 0.221842110157013 0.218392759561539 0.214943394064903 0.211494028568268
0.223553076386452 0.225515112280846 0.226818948984146 0.22614823281765 0.225477516651154 0.224806800484657 0.224136084318161 0.223465353250504 0.222794637084007 0.222123920917511 0.220780700445175 0.219213306903839 0.217645928263664 0.216078534722328 0.214511141180992 0.212943762540817 0.211376368999481 0.210645630955696 0.21242481470108 0.214204013347626 0.215983211994171 0.217762395739555 0.219541594386101 0.221320793032646 0.223099991679192 0.224412828683853 0.225570231676102 0.226727619767189 0.227885022759438 0.229042425751686 0.230199813842773 0.231357216835022 0.232008084654808 0.231139361858368 0.230270639061928 0.229401916265488 0.228533193469048 0.227664470672607 0.226795747876167 0.225927025079727 0.223255753517151 0.219983622431755 0.216711491346359 0.213439375162125
0.219694569706917 0.221444681286812 0.222711443901062 0.222528204321861 0.222344949841499 0.222161710262299 0.221978455781937 0.221795216202736 0.221611961722374 0.221428722143173 0.220490798354149 0.219301342964172 0.218111872673035 0.216922402381897 0.215732932090759 0.214543461799622 0.213353991508484 0.212848052382469 0.214392691850662 0.215937346220016 0.217482000589371 0.219026640057564 0.220571294426918 0.222115933895111 0.223660588264465 0.22497846186161 0.226220741868019 0.227463021874428 0.228705301880836 0.229947581887245 0.231189861893654 0.232432156801224 0.23315142095089 0.232301637530327 0.231451869010925 0.230602100491524 0.229752317070961 0.228902548551559 0.228052765130997 0.227202996611595 0.224669381976128 0.221574485301971 0.218479603528976 0.21538470685482
0.215836063027382 0.217374250292778 0.218603938817978 0.218908160924911 0.219212397933006 0.21951662003994 0.219820842146873 0.220125064253807 0.220429286360741 0.220733523368835 0.220200911164284 0.219389364123344 0.218577817082405 0.217766255140305 0.216954708099365 0.216143161058426 0.215331614017487 0.215050473809242 0.216360569000244 0.217670679092407 0.218980774283409 0.220290884375572 0.221600979566574 0.222911089658737 0.224221184849739 0.225544095039368 0.226871252059937 0.228198423981667 0.229525581002235 0.230852752923965 0.232179909944534 0.233507081866264 0.23429474234581 0.233463928103447 0.232633098959923 0.231802269816399 0.230971440672874 0.23014061152935 0.229309797286987 0.228478968143463 0.226083010435104 0.223165363073349 0.220247700810432 0.217330038547516
0.211977556347847 0.213303819298744 0.214496433734894 0.215288132429123 0.216079831123352 0.216871529817581 0.21766322851181 0.218454927206039 0.219246610999107 0.220038309693336 0.219911009073257 0.219477385282516 0.219043746590614 0.218610122799873 0.218176499009132 0.21774286031723 0.217309236526489 0.217252895236015 0.218328446149826 0.219404011964798 0.220479562878609 0.221555128693581 0.222630679607391 0.223706230521202 0.224781796336174 0.226109713315964 0.227521762251854 0.228933811187744 0.230345860123634 0.231757909059525 0.233169957995415 0.234582006931305 0.235438078641891 0.234626203775406 0.23381432890892 0.233002454042435 0.232190564274788 0.231378689408302 0.230566814541817 0.229754939675331 0.227496653795242 0.224756225943565 0.22201581299305 0.219275385141373
0.208119064569473 0.20923338830471 0.21038892865181 0.211668103933334 0.212947264313698 0.214226439595222 0.215505599975586 0.216784775257111 0.218063935637474 0.219343110918999 0.219621121883392 0.219565406441689 0.219509690999985 0.219453990459442 0.219398275017738 0.219342559576035 0.219286844134331 0.219455316662788 0.220296323299408 0.221137344837189 0.221978351473808 0.222819358110428 0.223660379648209 0.224501386284828 0.225342392921448 0.226675346493721 0.228172272443771 0.229669213294983 0.231166139245033 0.232663080096245 0.234160006046295 0.235656946897507 0.236581414937973 0.235788479447365 0.234995558857918 0.23420262336731 0.233409702777863 0.232616767287254 0.231823831796646 0.231030911207199 0.228910282254219 0.226347103714943 0.223783910274506 0.221220716834068
0.204590290784836 0.20540027320385 0.20638807117939 0.207909271121025 0.20943047106266 0.210951671004295 0.21247287094593 0.213994070887566 0.215515285730362 0.217036485671997 0.217680141329765 0.218031287193298 0.218382433056831 0.218733593821526 0.219084739685059 0.219435885548592 0.219787031412125 0.220233559608459 0.220966205000877 0.221698865294456 0.222431525588036 0.223164170980453 0.223896831274033 0.22462947666645 0.22536213696003 0.22667683660984 0.228185549378395 0.22969426214695 0.231202974915504 0.232711687684059 0.234220400452614 0.235729113221169 0.236643582582474 0.235775336623192 0.234907075762749 0.234038814902306 0.233170554041862 0.232302308082581 0.231434047222137 0.230565786361694 0.228356912732124 0.225701168179512 0.223045438528061 0.220389693975449
0.201391249895096 0.201804473996162 0.202493831515312 0.204011633992195 0.205529436469078 0.207047238945961 0.208565026521683 0.210082828998566 0.211600631475449 0.21311841905117 0.214088082313538 0.214875027537346 0.215661972761154 0.216448932886124 0.217235878109932 0.21802282333374 0.218809768557549 0.219587609171867 0.220338091254234 0.221088573336601 0.221839070320129 0.222589552402496 0.223340049386024 0.224090531468391 0.224841013550758 0.226114183664322 0.227561578154564 0.229008957743645 0.230456352233887 0.231903746724129 0.233351141214371 0.234798520803452 0.235624596476555 0.234586745500565 0.233548879623413 0.232511013746262 0.231473162770271 0.23043529689312 0.229397431015968 0.228359580039978 0.225836545228958 0.222818464040756 0.219800382852554 0.216782301664352
0.198192223906517 0.198208674788475 0.198599606752396 0.200114011764526 0.201628401875496 0.203142791986465 0.204657182097435 0.206171572208405 0.207685977220535 0.209200367331505 0.21049602329731 0.211718767881393 0.212941527366638 0.214164271950722 0.215387016534805 0.216609761118889 0.217832505702972 0.218941643834114 0.219709977507591 0.220478296279907 0.221246615052223 0.222014933824539 0.222783252596855 0.223551586270332 0.224319905042648 0.225551530718803 0.226937606930733 0.228323668241501 0.229709729552269 0.231095805764198 0.232481867074966 0.233867928385735 0.234605610370636 0.233398154377937 0.232190683484077 0.230983227491379 0.229775756597519 0.228568285703659 0.22736082971096 0.226153358817101 0.223316177725792 0.219935745000839 0.216555327177048 0.213174894452095
0.194993183016777 0.194612875580788 0.194705381989479 0.196216374635696 0.197727367281914 0.19923834502697 0.200749337673187 0.202260330319405 0.203771322965622 0.205282315611839 0.206903964281082 0.208562508225441 0.210221067070961 0.21187961101532 0.213538154959679 0.215196698904037 0.216855242848396 0.218295693397522 0.219081848859787 0.219868004322052 0.220654159784317 0.221440315246582 0.222226470708847 0.223012626171112 0.223798781633377 0.224988877773285 0.22631362080574 0.227638363838196 0.228963106870651 0.230287849903107 0.231612592935562 0.232937335968018 0.233586624264717 0.23220956325531 0.230832487344742 0.229455426335335 0.228078350424767 0.22670128941536 0.225324213504791 0.223947152495384 0.220795810222626 0.217053040862083 0.213310271501541 0.209567502140999
0.191794157028198 0.1910170763731 0.190811157226562 0.192318737506866 0.193826332688332 0.195333912968636 0.19684149324894 0.198349088430405 0.199856668710709 0.201364248991013 0.203311905264854 0.205406248569489 0.207500606775284 0.209594950079918 0.211689293384552 0.213783636689186 0.215877994894981 0.21764974296093 0.218453735113144 0.219257727265358 0.220061719417572 0.220865696668625 0.221669688820839 0.222473680973053 0.223277673125267 0.224426224827766 0.225689649581909 0.226953074336052 0.228216484189034 0.229479908943176 0.230743333697319 0.232006743550301 0.232567638158798 0.231020972132683 0.229474306106567 0.227927625179291 0.226380959153175 0.224834278225899 0.223287612199783 0.221740946173668 0.21827544271946 0.214170321822166 0.210065215826035 0.205960109829903
0.188595131039619 0.187421277165413 0.186916932463646 0.188421115279198 0.189925298094749 0.19142946600914 0.192933648824692 0.194437831640244 0.195942014455795 0.197446197271347 0.199719846248627 0.202249988913536 0.204780146479607 0.207310289144516 0.209840431809425 0.212370574474335 0.214900732040405 0.217003792524338 0.217825621366501 0.218647435307503 0.219469264149666 0.220291078090668 0.221112906932831 0.221934735774994 0.222756549715996 0.223863586783409 0.225065678358078 0.226267769932747 0.227469861507416 0.228671967983246 0.229874059557915 0.231076151132584 0.231548652052879 0.229832381010056 0.228116109967232 0.226399824023247 0.224683552980423 0.222967281937599 0.221251010894775 0.21953472495079 0.215755075216293 0.211287617683411 0.206820160150528 0.202352702617645
0.186428904533386 0.184997245669365 0.184255257248878 0.185582265257835 0.186909273266792 0.188236281275749 0.189563289284706 0.190890297293663 0.19221730530262 0.193544313311577 0.196093425154686 0.199049919843674 0.2020063996315 0.204962894320488 0.207919374108315 0.210875868797302 0.213832348585129 0.216256186366081 0.217082038521767 0.217907890677452 0.218733742833138 0.219559594988823 0.220385447144508 0.221211299300194 0.222037151455879 0.223072826862335 0.224178433418274 0.225284039974213 0.226389646530151 0.22749525308609 0.228600859642029 0.229706466197968 0.230121195316315 0.228463292121887 0.22680538892746 0.225147485733032 0.223489597439766 0.221831694245338 0.220173791050911 0.218515902757645 0.214900463819504 0.210632503032684 0.206364557147026 0.202096611261368
0.185295477509499 0.183744996786118 0.182826146483421 0.183802217245102 0.184778288006783 0.185754343867302 0.186730414628983 0.187706485390663 0.188682541251183 0.189658612012863 0.192432656884193 0.19580602645874 0.199179396033287 0.202552750706673 0.205926120281219 0.209299489855766 0.212672859430313 0.215406909584999 0.216222986578941 0.217039063572884 0.217855155467987 0.218671232461929 0.219487324357033 0.220303401350975 0.221119478344917 0.222053959965706 0.223027914762497 0.224001869559288 0.224975809454918 0.225949764251709 0.2269237190485 0.22789765894413 0.228285238146782 0.226913690567017 0.225542157888412 0.224170610308647 0.222799062728882 0.221427530050278 0.220055982470512 0.218684434890747 0.215711608529091 0.21220500767231 0.208698406815529 0.205191805958748
0.184162065386772 0.18249274790287 0.181397035717964 0.182022169232368 0.182647287845612 0.183272421360016 0.183897539973259 0.184522658586502 0.185147792100906 0.185772910714149 0.18877187371254 0.192562133073807 0.196352377533913 0.200142621994019 0.203932866454124 0.20772311091423 0.211513370275497 0.214557632803917 0.215363934636116 0.216170251369476 0.216976568102837 0.217782869935036 0.218589186668396 0.219395503401756 0.220201805233955 0.221035107970238 0.22187739610672 0.222719699144363 0.223561987280846 0.224404275417328 0.225246578454971 0.226088866591454 0.22644929587841 0.225364103913307 0.224278911948204 0.223193734884262 0.222108542919159 0.221023365855217 0.219938173890114 0.218852981925011 0.216522753238678 0.213777497410774 0.211032256484032 0.208287000656128
0.183028638362885 0.181240499019623 0.179967924952507 0.180242121219635 0.180516302585602 0.180790483951569 0.181064665317535 0.181338846683502 0.181613028049469 0.181887209415436 0.185111105442047 0.189318224787712 0.193525359034538 0.197732493281364 0.201939612627029 0.206146746873856 0.210353866219521 0.213708356022835 0.214504897594452 0.215301439166069 0.216097980737686 0.216894507408142 0.217691048979759 0.218487590551376 0.219284132122993 0.22001625597477 0.220726892352104 0.221437528729439 0.222148165106773 0.222858801484108 0.223569437861443 0.224280074238777 0.224613338708878 0.223814502358437 0.223015680909157 0.222216844558716 0.221418023109436 0.220619186758995 0.219820365309715 0.219021528959274 0.217333897948265 0.2153500020504 0.213366091251373 0.211382195353508
