data/working_set_collections/6091692-Cassins_Sparrow-M2/1985/rzmc_avg.asc
NCOLS 265 
NROWS 230 
XLLCORNER -115.5625 
YLLCORNER 24.8333333333333 
CELLSIZE 0.0833333333333333 
NODATA_value -9999 
[rows 140 to 159 of 230, columns 220 to 263 of 265]
0.303864598274231 0.305158615112305 0.306452661752701 0.307746708393097 0.308003395795822 0.305148154497147 0.302292883396149 0.299437642097473 0.296582370996475 0.2937271296978 0.290871858596802 0.288016617298126 0.287660837173462 0.288138210773468 0.288615584373474 0.28909295797348 0.289570361375809 0.290047734975815 0.290525108575821 0.291007786989212 0.291506409645081 0.292005032300949 0.292503625154495 0.293002247810364 0.29350084066391 0.293999463319778 0.294498085975647 0.295907825231552 0.297621339559555 0.299334824085236 0.301048308610916 0.302761793136597 0.304475277662277 0.306188762187958 0.307118326425552 0.305696070194244 0.304273813962936 0.302851557731628 0.30142930150032 0.300007045269012 0.298584789037704 0.297162532806396 0.299004197120667 0.301933854818344
0.303307771682739 0.304625362157822 0.305942982435226 0.307260602712631 0.307522177696228 0.304615706205368 0.301709204912186 0.298802703619003 0.295896232128143 0.292989730834961 0.290083229541779 0.287176758050919 0.286892771720886 0.287483006715775 0.28807321190834 0.288663446903229 0.289253652095795 0.289843887090683 0.290434092283249 0.290996611118317 0.29147607088089 0.291955530643463 0.292434990406036 0.29291445016861 0.293393909931183 0.293873369693756 0.294352829456329 0.295796513557434 0.297561585903168 0.299326688051224 0.301091760396957 0.302856862545013 0.304621934890747 0.306387037038803 0.307356804609299 0.305940628051758 0.304524451494217 0.303108274936676 0.301692098379135 0.300275921821594 0.298859745264053 0.297443568706512 0.299138873815536 0.301871299743652
0.302750915288925 0.304092109203339 0.305433303117752 0.306774497032166 0.307040989398956 0.30408325791359 0.301125526428223 0.298167794942856 0.295210063457489 0.292252331972122 0.289294600486755 0.286336869001389 0.286124736070633 0.286827802658081 0.287530839443207 0.288233906030655 0.288936972618103 0.289640009403229 0.290343075990677 0.290985435247421 0.291445732116699 0.2919060587883 0.292366355657578 0.292826652526855 0.293286979198456 0.293747276067734 0.294207572937012 0.295685172080994 0.297501862049103 0.299318552017212 0.301135241985321 0.30295193195343 0.304768621921539 0.306585311889648 0.307595282793045 0.306185185909271 0.304775089025497 0.303364992141724 0.30195489525795 0.300544798374176 0.299134701490402 0.297724604606628 0.299273520708084 0.301808774471283
0.302194088697433 0.303558856248856 0.3049236536026 0.306288421154022 0.306559771299362 0.303550809621811 0.30054184794426 0.297532886266708 0.294523894786835 0.291514933109283 0.288505971431732 0.285497009754181 0.28535670042038 0.286172598600388 0.286988496780396 0.287804365158081 0.288620263338089 0.289436161518097 0.290252059698105 0.290974259376526 0.291415423154831 0.291856557130814 0.292297720909119 0.292738884687424 0.293180018663406 0.293621182441711 0.294062346220016 0.295573830604553 0.297442138195038 0.2993104159832 0.301178693771362 0.303047001361847 0.304915279150009 0.306783556938171 0.307833790779114 0.306429773569107 0.3050257563591 0.303621739149094 0.302217721939087 0.30081370472908 0.299409687519073 0.298005670309067 0.299408197402954 0.301746249198914
0.300730407238007 0.301724970340729 0.302719533443451 0.303714096546173 0.303780108690262 0.30106046795845 0.298340827226639 0.295621186494827 0.292901545763016 0.290181905031204 0.287462264299393 0.284742623567581 0.284714341163635 0.285583198070526 0.286452054977417 0.287320911884308 0.288189768791199 0.28905862569809 0.28992748260498 0.290696293115616 0.291164964437485 0.291633665561676 0.292102336883545 0.292571008205414 0.293039709329605 0.293508380651474 0.293977081775665 0.295519083738327 0.297418832778931 0.299318611621857 0.301218390464783 0.303118139505386 0.305017918348312 0.306917697191238 0.308054685592651 0.30690336227417 0.305752038955688 0.304600745439529 0.303449422121048 0.302298098802567 0.301146775484085 0.299995452165604 0.301155805587769 0.303086698055267
0.298359841108322 0.298590391874313 0.298820972442627 0.299051523208618 0.298702031373978 0.29661226272583 0.294522494077682 0.292432725429535 0.29034298658371 0.288253217935562 0.286163449287415 0.284073680639267 0.284197717905045 0.285059660673141 0.285921573638916 0.286783516407013 0.28764545917511 0.288507401943207 0.289369344711304 0.290151506662369 0.290694415569305 0.291237324476242 0.291780203580856 0.292323112487793 0.29286602139473 0.293408900499344 0.29395180940628 0.29552087187767 0.297432005405426 0.299343138933182 0.301254272460938 0.303165405988693 0.305076539516449 0.306987673044205 0.308258026838303 0.307606011629105 0.306954026222229 0.306302011013031 0.305649995803833 0.304998010396957 0.304345995187759 0.303693979978561 0.304516345262527 0.305830180644989
0.295989274978638 0.29545584321022 0.294922411441803 0.294388979673386 0.293623924255371 0.29216405749321 0.290704160928726 0.289244294166565 0.287784397602081 0.28632453083992 0.284864634275436 0.283404767513275 0.283681064844131 0.284536093473434 0.285391122102737 0.286246120929718 0.287101149559021 0.287956178188324 0.288811206817627 0.289606750011444 0.290223866701126 0.290840983390808 0.29145810008049 0.292075216770172 0.292692333459854 0.293309420347214 0.293926537036896 0.295522689819336 0.297445178031921 0.299367696046829 0.301290184259415 0.303212672472 0.305135160684586 0.307057678699493 0.308461368083954 0.308308660984039 0.308155983686447 0.308003276586533 0.30785059928894 0.307697892189026 0.307545214891434 0.307392507791519 0.307876884937286 0.308573633432388
0.293618708848953 0.292321264743805 0.291023850440979 0.289726406335831 0.288545846939087 0.28771585226059 0.28688582777977 0.286055833101273 0.285225838422775 0.284395843744278 0.283565819263458 0.282735824584961 0.283164411783218 0.284012526273727 0.284860640764236 0.285708755254745 0.286556839942932 0.287404954433441 0.28825306892395 0.289061993360519 0.289753317832947 0.290444642305374 0.291135966777802 0.291827291250229 0.292518615722656 0.293209969997406 0.293901294469833 0.295524507761002 0.297458380460739 0.299392223358154 0.301326096057892 0.303259938955307 0.305193811655045 0.30712765455246 0.308664709329605 0.309011310338974 0.309357941150665 0.309704571962357 0.310051172971725 0.310397803783417 0.310744404792786 0.311091035604477 0.311237454414368 0.31131711602211
0.291248142719269 0.289186716079712 0.287125289440155 0.285063862800598 0.28346773982048 0.283267617225647 0.283067494630814 0.28286737203598 0.282667249441147 0.282467126846313 0.28226700425148 0.282066881656647 0.282647758722305 0.28348895907402 0.284330159425735 0.285171359777451 0.286012560129166 0.286853730678558 0.287694931030273 0.288517236709595 0.289282768964767 0.29004830121994 0.290813863277435 0.291579395532608 0.292344927787781 0.293110489845276 0.293876022100449 0.295526325702667 0.297471553087234 0.299416750669479 0.301361978054047 0.303307205438614 0.305252432823181 0.307197630405426 0.308868050575256 0.309713959693909 0.310559898614883 0.311405837535858 0.312251776456833 0.313097715377808 0.31394362449646 0.314789563417435 0.314597994089127 0.314060568809509
0.288877576589584 0.286052137613297 0.283226728439331 0.280401289463043 0.278389662504196 0.278819411993027 0.27924919128418 0.27967894077301 0.280108690261841 0.280538439750671 0.280968219041824 0.281397968530655 0.282131105661392 0.282965391874313 0.283799678087234 0.284633964300156 0.285468250513077 0.286302536725998 0.287136822938919 0.287972450256348 0.288812220096588 0.289651960134506 0.290491729974747 0.291331499814987 0.292171239852905 0.293011009693146 0.293850749731064 0.295528143644333 0.29748472571373 0.299441307783127 0.301397889852524 0.303354471921921 0.305311053991318 0.307267636060715 0.309071391820908 0.310416609048843 0.311761856079102 0.31310710310936 0.314452350139618 0.315797597169876 0.317142844200134 0.318488091230392 0.317958533763885 0.316804021596909
0.287021070718765 0.283633053302765 0.280245035886765 0.276857048273087 0.27454075217247 0.275439649820328 0.276338547468185 0.277237415313721 0.278136312961578 0.279035210609436 0.279934108257294 0.280833005905151 0.281702071428299 0.282561212778091 0.283420354127884 0.284279495477676 0.285138636827469 0.285997778177261 0.286856919527054 0.287711530923843 0.288552492856979 0.289393424987793 0.290234386920929 0.291075348854065 0.291916310787201 0.292757272720337 0.293598234653473 0.295276254415512 0.29723334312439 0.299190402030945 0.3011474609375 0.303104519844055 0.30506157875061 0.307018637657166 0.308941572904587 0.310762137174606 0.312582701444626 0.314403265714645 0.316223829984665 0.318044394254684 0.319864958524704 0.321685522794724 0.321201354265213 0.319948941469193
0.285678625106812 0.281929433345795 0.2781802713871 0.274431079626083 0.271921008825302 0.273128300905228 0.274335592985153 0.275542855262756 0.276750147342682 0.277957409620285 0.279164701700211 0.280371993780136 0.281360626220703 0.282276421785355 0.283192187547684 0.284107953310013 0.285023748874664 0.285939514636993 0.286855280399323 0.287734419107437 0.288503557443619 0.2892726957798 0.290041863918304 0.290811002254486 0.291580140590668 0.292349308729172 0.293118447065353 0.29477071762085 0.296717375516891 0.298664033412933 0.300610691308975 0.302557349205017 0.304504007101059 0.306450664997101 0.308478653430939 0.310750544071198 0.313022404909134 0.315294295549393 0.317566186189651 0.31983807682991 0.322109967470169 0.324381858110428 0.324326455593109 0.323495328426361
0.284336179494858 0.280225813388824 0.276115477085114 0.272005140781403 0.269301295280457 0.270816951990128 0.272332638502121 0.273848295211792 0.275363951921463 0.276879638433456 0.278395295143127 0.279910981655121 0.28101921081543 0.281991600990295 0.282964020967484 0.283936440944672 0.284908831119537 0.285881251096725 0.286853671073914 0.287757307291031 0.288454651832581 0.289151966571808 0.289849311113358 0.290546655654907 0.291244000196457 0.291941314935684 0.292638659477234 0.294265180826187 0.296201437711716 0.298137694597244 0.300073951482773 0.302010208368301 0.30394646525383 0.305882722139359 0.308015704154968 0.310738921165466 0.313462138175964 0.316185355186462 0.318908542394638 0.321631759405136 0.324354976415634 0.327078193426132 0.327451586723328 0.32704171538353
0.282993733882904 0.278522193431854 0.274050682783127 0.269579172134399 0.266681551933289 0.268505603075027 0.270329654216766 0.272153735160828 0.273977786302567 0.275801837444305 0.277625888586044 0.279449969530106 0.280677765607834 0.281706809997559 0.282735854387283 0.283764898777008 0.284793943166733 0.285822987556458 0.286852031946182 0.287780195474625 0.28840571641922 0.289031237363815 0.289656758308411 0.290282309055328 0.290907829999924 0.291533350944519 0.292158871889114 0.293759644031525 0.29568549990654 0.297611355781555 0.29953721165657 0.301463037729263 0.303388893604279 0.305314749479294 0.30755278468132 0.310727298259735 0.313901841640472 0.31707638502121 0.320250898599625 0.323425441980362 0.326599985361099 0.329774498939514 0.330576688051224 0.330588072538376
0.28165128827095 0.276818603277206 0.271985918283463 0.267153233289719 0.264061808586121 0.266194254159927 0.268326699733734 0.270459145307541 0.27259162068367 0.274724066257477 0.276856511831284 0.27898895740509 0.280336320400238 0.281421989202499 0.282507687807083 0.283593356609344 0.284679025411606 0.28576472401619 0.286850392818451 0.287803083658218 0.288356810808182 0.288910508155823 0.289464235305786 0.290017932653427 0.29057165980339 0.291125386953354 0.291679084300995 0.293254107236862 0.295169562101364 0.297084987163544 0.299000442028046 0.300915896892548 0.30283135175705 0.304746776819229 0.30708983540535 0.310715705156326 0.31434154510498 0.317967414855957 0.321593284606934 0.325219124555588 0.328844994306564 0.332470834255219 0.33370178937912 0.334134459495544
0.280308842658997 0.275114983320236 0.269921123981476 0.264727264642715 0.261442095041275 0.263882905244827 0.266323745250702 0.268764585256577 0.271205425262451 0.273646265268326 0.2760871052742 0.278527945280075 0.279994875192642 0.281137198209763 0.282279521226883 0.283421814441681 0.284564137458801 0.285706460475922 0.28684875369072 0.287825971841812 0.288307875394821 0.28878977894783 0.289271682500839 0.289753586053848 0.290235489606857 0.290717393159866 0.291199296712875 0.2927485704422 0.294653594493866 0.296558648347855 0.298463702201843 0.30036872625351 0.302273780107498 0.304178833961487 0.306626915931702 0.310704082250595 0.314781278371811 0.318858444690704 0.32293564081192 0.327012807130814 0.331090003252029 0.335167169570923 0.336826920509338 0.337680816650391
0.279653966426849 0.27425292134285 0.268851846456528 0.263450801372528 0.260046660900116 0.262633234262466 0.265219837427139 0.26780641078949 0.27039298415184 0.272979587316513 0.275566160678864 0.278152734041214 0.279847115278244 0.281244069337845 0.282641023397446 0.284037977457047 0.285434931516647 0.286831885576248 0.288228839635849 0.289431124925613 0.290049403905869 0.290667682886124 0.291285961866379 0.291904240846634 0.292522519826889 0.293140769004822 0.293759047985077 0.295188933610916 0.296889334917068 0.298589736223221 0.300290137529373 0.301990568637848 0.303690969944 0.305391371250153 0.307744860649109 0.312057584524155 0.3163703083992 0.320683032274246 0.324995785951614 0.32930850982666 0.333621233701706 0.337933957576752 0.339821606874466 0.340900868177414
0.279686659574509 0.274232387542725 0.268778115510941 0.263323843479156 0.259875565767288 0.262445241212845 0.265014946460724 0.267584621906281 0.27015432715416 0.272724002599716 0.275293678045273 0.277863383293152 0.279893010854721 0.281742602586746 0.283592224121094 0.285441815853119 0.287291437387466 0.289141029119492 0.290990650653839 0.292618542909622 0.293581366539001 0.294544219970703 0.295507043600082 0.296469867229462 0.297432690858841 0.29839551448822 0.2993583381176 0.300575196743011 0.301876723766327 0.303178280591965 0.30447980761528 0.305781334638596 0.307082891464233 0.308384418487549 0.310443699359894 0.314776182174683 0.319108694791794 0.323441207408905 0.327773690223694 0.332106202840805 0.336438715457916 0.340771198272705 0.342685878276825 0.343794614076614
0.27971938252449 0.274211883544922 0.268704384565353 0.263196885585785 0.25970447063446 0.262257248163223 0.264810055494308 0.267362833023071 0.269915640354156 0.272468417882919 0.275021225214005 0.277574002742767 0.279938906431198 0.28224116563797 0.284543424844742 0.286845654249191 0.289147913455963 0.291450172662735 0.293752431869507 0.295805960893631 0.297113358974457 0.29842072725296 0.299728125333786 0.301035493612289 0.302342861890793 0.303650259971619 0.304957628250122 0.305961489677429 0.306864142417908 0.307766795158386 0.308669477701187 0.309572130441666 0.310474783182144 0.311377465724945 0.313142538070679 0.317494809627533 0.321847081184387 0.326199352741241 0.330551624298096 0.33490389585495 0.339256167411804 0.343608438968658 0.345550149679184 0.346688330173492
0.27975207567215 0.274191349744797 0.268630653619766 0.263069927692413 0.25953334569931 0.262069255113602 0.264605164527893 0.267141044139862 0.269676953554153 0.272212833166122 0.274748742580414 0.277284651994705 0.279984802007675 0.282739698886871 0.285494595766068 0.288249522447586 0.291004419326782 0.293759316205978 0.296514213085175 0.29899337887764 0.30064532160759 0.30229726433754 0.303949177265167 0.305601119995117 0.307253062725067 0.308905005455017 0.310556918382645 0.311347752809525 0.311851531267166 0.31235533952713 0.312859117984772 0.313362926244736 0.313866704702377 0.314370512962341 0.315841346979141 0.320213407278061 0.324585467576981 0.328957498073578 0.333329558372498 0.337701588869095 0.342073649168015 0.346445709466934 0.348414450883865 0.349582076072693
