data/working_set_collections/6091692-Cassins_Sparrow-M2/1985/rzmc_avg.asc
NCOLS 265 
NROWS 230 
XLLCORNER -115.5625 
YLLCORNER 24.8333333333333 
CELLSIZE 0.0833333333333333 
NODATA_value -9999 
[rows 120 to 139 of 230, columns 44 to 87 of 265]
0.197619616985321 0.201689258217812 0.205758899450302 0.209828540682793 0.213898181915283 0.217967838048935 0.222037479281425 0.226107120513916 0.228383988142014 0.230063259601593 0.231742531061172 0.233421802520752 0.235101073980331 0.236780345439911 0.23845961689949 0.239716500043869 0.239706233143806 0.239695966243744 0.239685714244843 0.23967544734478 0.239665180444717 0.239654913544655 0.239644661545753 0.239481717348099 0.239267885684967 0.239054068922997 0.238840237259865 0.238626405596733 0.238412588834763 0.238198757171631 0.237657204270363 0.236132502555847 0.234607800841331 0.233083099126816 0.2315583974123 0.230033680796623 0.228508979082108 0.226984277367592 0.224872142076492 0.222564205527306 0.220256254076958 0.217948317527771 0.215640366077423 0.213332429528236
0.192146852612495 0.196551784873009 0.200956702232361 0.205361634492874 0.209766551852226 0.21417148411274 0.218576416373253 0.222981333732605 0.225558698177338 0.227526858448982 0.229495018720627 0.231463193893433 0.233431354165077 0.235399514436722 0.237367689609528 0.238836586475372 0.238807708024979 0.238778829574585 0.238749951124191 0.238721072673798 0.238692194223404 0.23866331577301 0.238634437322617 0.238594576716423 0.238551050424576 0.238507524132729 0.238463997840881 0.238420471549034 0.238376945257187 0.238333433866501 0.237976402044296 0.236678883433342 0.235381364822388 0.234083846211433 0.232786327600479 0.231488808989525 0.230191290378571 0.228893771767616 0.2272679656744 0.225532740354538 0.223797515034676 0.222062274813652 0.22032704949379 0.218591824173927
0.186674103140831 0.191414311528206 0.196154519915581 0.200894713401794 0.205634921789169 0.210375130176544 0.215115338563919 0.219855546951294 0.222733393311501 0.224990457296371 0.227247521281242 0.229504570364952 0.231761634349823 0.234018698334694 0.236275762319565 0.237956672906876 0.237909182906151 0.237861692905426 0.23781418800354 0.237766698002815 0.23771920800209 0.237671703100204 0.23762421309948 0.237707421183586 0.237834200263023 0.237960979342461 0.238087758421898 0.238214537501335 0.238341316580772 0.23846809566021 0.23829559981823 0.237225264310837 0.236154928803444 0.235084593296051 0.234014272689819 0.232943937182426 0.231873601675034 0.230803266167641 0.229663789272308 0.22850127518177 0.227338761091232 0.226176247000694 0.225013732910156 0.223851203918457
0.181201338768005 0.186276838183403 0.191352322697639 0.196427807211876 0.201503291726112 0.206578776240349 0.211654275655746 0.216729760169983 0.219908103346825 0.222454056143761 0.225000008940697 0.227545961737633 0.230091914534569 0.232637867331505 0.235183835029602 0.23707677423954 0.237010657787323 0.236944541335106 0.23687843978405 0.236812323331833 0.236746206879616 0.23668010532856 0.236613988876343 0.23682028055191 0.237117350101471 0.237414434552193 0.237711519002914 0.238008603453636 0.238305687904358 0.23860277235508 0.238614797592163 0.237771645188332 0.236928507685661 0.23608535528183 0.235242202877998 0.234399050474167 0.233555912971497 0.232712760567665 0.232059612870216 0.231469810009003 0.230880007147789 0.230290204286575 0.229700401425362 0.229110598564148
0.175728589296341 0.181139349937439 0.186550125479698 0.191960901021957 0.197371661663055 0.202782437205315 0.208193197846413 0.213603973388672 0.217082798480988 0.21991765499115 0.222752496600151 0.225587353110313 0.228422194719315 0.231257051229477 0.234091907739639 0.236196860671043 0.236112132668495 0.236027404665947 0.235942676663399 0.235857948660851 0.235773220658302 0.235688492655754 0.235603764653206 0.235933125019073 0.23640051484108 0.236867904663086 0.237335279583931 0.237802669405937 0.238270059227943 0.23873744904995 0.238933995366096 0.238318026065826 0.237702071666718 0.237086102366447 0.236470147967339 0.235854178667068 0.235238209366798 0.23462225496769 0.234455451369286 0.234438359737396 0.234421268105507 0.234404176473618 0.234387084841728 0.234369993209839
0.170255824923515 0.176001876592636 0.181747928261757 0.187493979930878 0.193240031599998 0.198986083269119 0.20473213493824 0.210478186607361 0.214257508516312 0.217381253838539 0.220504999160767 0.223628744482994 0.226752489805222 0.229876235127449 0.232999980449677 0.235316947102547 0.235213607549667 0.235110253095627 0.235006913542747 0.234903573989868 0.234800234436989 0.23469689488411 0.234593540430069 0.235045984387398 0.235683664679527 0.236321359872818 0.236959040164948 0.237596735358238 0.238234430551529 0.238872110843658 0.23925319314003 0.238864406943321 0.238475635647774 0.238086849451065 0.237698078155518 0.23730930685997 0.236920520663261 0.236531749367714 0.236851274967194 0.237406894564629 0.237962514162064 0.238518133759499 0.239073753356934 0.23962938785553
0.167310953140259 0.172880828380585 0.178450688719749 0.184020563960075 0.18959042429924 0.195160299539566 0.200730159878731 0.206300035119057 0.210312575101852 0.213805988430977 0.217299416661263 0.220792829990387 0.224286258220673 0.227779686450958 0.231273099780083 0.233815014362335 0.233502417802811 0.233189821243286 0.232877224683762 0.232564628124237 0.232252016663551 0.231939420104027 0.231626823544502 0.231937602162361 0.232456162571907 0.232974737882614 0.23349329829216 0.234011873602867 0.234530434012413 0.23504900932312 0.235455453395844 0.235525488853455 0.235595524311066 0.235665574669838 0.235735610127449 0.235805660486221 0.235875695943832 0.235945746302605 0.236716195940971 0.237720131874084 0.238724067807198 0.239728003740311 0.240731939673424 0.241735875606537
0.166893973946571 0.171776190400124 0.176658406853676 0.181540638208389 0.186422854661942 0.191305086016655 0.196187302470207 0.201069518923759 0.20524799823761 0.209191873669624 0.2131357640028 0.217079639434814 0.22102352976799 0.224967405200005 0.22891129553318 0.23169107735157 0.230978578329086 0.230266079306602 0.229553580284119 0.228841096162796 0.228128597140312 0.227416098117828 0.226703599095345 0.226607993245125 0.226718008518219 0.226828038692474 0.226938053965569 0.227048084139824 0.227158099412918 0.227268129587173 0.227540761232376 0.228301256895065 0.229061752557755 0.229822248220444 0.230582743883133 0.231343239545822 0.232103735208511 0.232864230871201 0.234050244092941 0.235378086566925 0.236705929040909 0.238033771514893 0.239361613988876 0.24068945646286
0.166476979851723 0.170671552419662 0.174866124987602 0.179060712456703 0.183255285024643 0.187449857592583 0.191644445061684 0.195839017629623 0.200183421373367 0.204577758908272 0.208972111344337 0.213366448879242 0.217760801315308 0.222155138850212 0.226549476385117 0.229567140340805 0.228454738855362 0.22734235227108 0.226229950785637 0.225117564201355 0.224005162715912 0.222892761230469 0.221780374646187 0.221278384327888 0.220979854464531 0.220681324601173 0.220382809638977 0.22008427977562 0.219785764813423 0.219487234950066 0.21962608397007 0.221077039837837 0.222527980804443 0.223978936672211 0.225429877638817 0.226880833506584 0.22833177447319 0.229782730340958 0.23138427734375 0.233036026358604 0.234687775373459 0.236339539289474 0.237991288304329 0.239643037319183
0.166059985756874 0.169566914439201 0.173073843121529 0.176580786705017 0.180087715387344 0.183594644069672 0.187101572751999 0.190608501434326 0.195118844509125 0.199963644146919 0.204808458685875 0.209653258323669 0.214498057961464 0.21934287250042 0.224187672138214 0.22744320333004 0.225930914282799 0.224418610334396 0.222906321287155 0.221394017338753 0.219881728291512 0.21836943924427 0.216857135295868 0.215948760509491 0.215241700410843 0.214534625411034 0.213827565312386 0.213120490312576 0.212413415312767 0.211706355214119 0.211711406707764 0.213852807879448 0.215994209051132 0.218135610222816 0.220277011394501 0.222418412566185 0.224559813737869 0.226701214909554 0.228718310594559 0.230693981051445 0.23266963660717 0.234645292162895 0.236620962619781 0.238596618175507
0.165642991662025 0.16846227645874 0.171281561255455 0.17410084605217 0.176920145750046 0.179739430546761 0.182558715343475 0.18537800014019 0.190054267644882 0.195349529385567 0.200644791126251 0.205940067768097 0.211235329508781 0.216530591249466 0.221825867891312 0.225319266319275 0.223407074809074 0.221494883298874 0.219582691788673 0.217670485377312 0.215758293867111 0.213846102356911 0.21193391084671 0.210619151592255 0.209503546357155 0.208387926220894 0.207272306084633 0.206156700849533 0.205041080713272 0.203925460577011 0.203796714544296 0.206628575921059 0.209460437297821 0.212292283773422 0.215124145150185 0.217956006526947 0.220787853002548 0.223619714379311 0.226052358746529 0.228351920843124 0.230651497840881 0.232951059937477 0.235250636935234 0.23755019903183
0.165225997567177 0.167357638478279 0.169489279389381 0.171620920300484 0.173752561211586 0.175884202122688 0.178015843033791 0.180147483944893 0.18498969078064 0.190735414624214 0.196481138467789 0.202226877212524 0.207972601056099 0.213718324899673 0.219464048743248 0.22319532930851 0.22088323533535 0.21857114136219 0.21625904738903 0.213946953415871 0.211634874343872 0.209322780370712 0.207010686397552 0.205289542675018 0.203765377402306 0.202241227030754 0.200717061758041 0.199192896485329 0.197668746113777 0.196144580841064 0.19588203728199 0.199404343962669 0.20292666554451 0.206448972225189 0.209971278905869 0.213493585586548 0.217015892267227 0.220538213849068 0.223386391997337 0.226009875535965 0.228633344173431 0.231256827712059 0.233880311250687 0.236503779888153
0.165038660168648 0.166768446564674 0.168498232960701 0.170228004455566 0.171957790851593 0.17368757724762 0.175417348742485 0.177147135138512 0.18193045258522 0.187731623649597 0.193532779812813 0.19933395087719 0.205135107040405 0.210936278104782 0.216737434267998 0.220504835247993 0.218170955777168 0.215837061405182 0.213503167033195 0.21116928756237 0.208835393190384 0.206501513719559 0.204167619347572 0.202196389436722 0.200346022844315 0.198495671153069 0.196645319461823 0.194794967770576 0.192944601178169 0.191094249486923 0.190614715218544 0.194247633218765 0.197880566120148 0.201513484120369 0.205146417021751 0.208779335021973 0.212412253022194 0.216045185923576 0.21890065073967 0.221496969461441 0.224093303084373 0.226689621806145 0.229285940527916 0.231882259249687
0.165080979466438 0.166694685816765 0.168308392167091 0.169922098517418 0.171535819768906 0.173149526119232 0.174763232469559 0.176376953721046 0.180876553058624 0.186338141560555 0.191799715161324 0.197261288762093 0.202722862362862 0.208184435963631 0.213646024465561 0.217247799038887 0.215270221233368 0.213292643427849 0.211315050721169 0.209337472915649 0.207359880208969 0.20538230240345 0.20340470969677 0.201339676976204 0.199245467782021 0.197151273488998 0.195057079195976 0.192962870001793 0.190868675708771 0.188774466514587 0.187994748353958 0.191158443689346 0.194322139024734 0.197485849261284 0.200649544596672 0.20381323993206 0.206976935267448 0.210140630602837 0.212595134973526 0.214813232421875 0.217031329870224 0.219249442219734 0.221467539668083 0.223685637116432
0.165123283863068 0.166620925068855 0.168118566274643 0.169616207480431 0.171113833785057 0.172611474990845 0.174109116196632 0.17560675740242 0.179822668433189 0.184944659471512 0.190066635608673 0.195188626646996 0.200310617685318 0.20543260872364 0.210554599761963 0.213990777730942 0.212369486689568 0.210748210549355 0.209126934409142 0.207505643367767 0.205884367227554 0.204263091087341 0.202641814947128 0.200482949614525 0.198144912719727 0.195806875824928 0.193468824028969 0.191130787134171 0.188792735338211 0.186454698443413 0.185374781489372 0.188069254159927 0.190763726830482 0.193458199501038 0.196152672171593 0.198847144842148 0.201541617512703 0.204236090183258 0.206289619207382 0.208129495382309 0.209969371557236 0.211809262633324 0.21364913880825 0.215489014983177
0.165165588259697 0.166547164320946 0.167928725481033 0.169310301542282 0.17069186270237 0.172073438763618 0.173454999923706 0.174836575984955 0.178768768906593 0.183551162481308 0.188333570957184 0.19311597943306 0.197898373007774 0.20268078148365 0.207463189959526 0.210733741521835 0.209468767046928 0.208203792572021 0.206938803195953 0.205673828721046 0.20440885424614 0.203143879771233 0.201878905296326 0.199626237154007 0.197044357657433 0.194462463259697 0.191880583763123 0.189298689365387 0.186716809868813 0.184134915471077 0.182754814624786 0.184980064630508 0.18720531463623 0.189430549740791 0.191655799746513 0.193881049752235 0.196106284856796 0.198331534862518 0.199984088540077 0.201445758342743 0.202907413244247 0.204369068145752 0.205830737948418 0.207292392849922
0.165207907557487 0.166473403573036 0.167738899588585 0.169004395604134 0.170269891619682 0.171535387635231 0.17280088365078 0.174066379666328 0.177714869379997 0.182157680392265 0.186600506305695 0.191043317317963 0.195486128330231 0.19992895424366 0.204371765255928 0.207476705312729 0.206568032503128 0.205659359693527 0.204750686883926 0.203842014074326 0.202933341264725 0.202024668455124 0.201115995645523 0.198769524693489 0.195943802595139 0.193118065595627 0.190292343497276 0.187466606497765 0.184640869498253 0.181815147399902 0.1801348477602 0.181890875101089 0.183646887540817 0.185402914881706 0.187158927321434 0.188914954662323 0.190670967102051 0.19242699444294 0.193678572773933 0.194762006402016 0.195845454931259 0.196928888559341 0.198012337088585 0.199095770716667
0.165250211954117 0.166399642825127 0.167549058794975 0.168698489665985 0.169847920536995 0.170997336506844 0.172146767377853 0.173296198248863 0.176660969853401 0.180764198303223 0.184867426753044 0.188970655202866 0.193073883652687 0.197177112102509 0.20128034055233 0.204219684004784 0.203667312860489 0.203114941716194 0.202562570571899 0.202010199427605 0.20145782828331 0.200905457139015 0.20035308599472 0.197912812232971 0.194843247532845 0.191773667931557 0.188704088330269 0.185634508728981 0.182564944028854 0.179495364427567 0.177514880895615 0.178801670670509 0.180088475346565 0.18137526512146 0.182662054896355 0.183948859572411 0.185235649347305 0.1865224391222 0.18737305700779 0.18807826936245 0.188783496618271 0.189488708972931 0.190193936228752 0.190899148583412
0.165550827980042 0.1665990203619 0.167647197842598 0.168695390224457 0.169743567705154 0.170791760087013 0.171839937567711 0.17288812994957 0.175941184163094 0.179662525653839 0.183383867144585 0.18710520863533 0.190826550126076 0.194547891616821 0.198269233107567 0.200983271002769 0.20067535340786 0.200367450714111 0.200059548020363 0.199751645326614 0.199443742632866 0.199135825037956 0.198827922344208 0.196541890501976 0.193596497178078 0.190651088953018 0.187705680727959 0.18476028740406 0.181814879179001 0.178869470953941 0.176891431212425 0.177815482020378 0.178739532828331 0.179663583636284 0.180587634444237 0.18151168525219 0.182435736060143 0.183359786868095 0.183906853199005 0.184328243136406 0.184749647974968 0.185171037912369 0.185592442750931 0.186013847589493
0.166109770536423 0.167071536183357 0.168033316731453 0.168995082378387 0.169956862926483 0.170918643474579 0.171880409121513 0.172842189669609 0.175555497407913 0.178852647542953 0.182149797677994 0.185446962714195 0.188744112849236 0.192041262984276 0.195338428020477 0.197767466306686 0.197592183947563 0.197416916489601 0.197241634130478 0.197066351771355 0.196891069412231 0.196715787053108 0.196540504693985 0.194656774401665 0.192203551530838 0.189750343561172 0.187297120690346 0.18484391272068 0.182390689849854 0.179937466979027 0.178264513611794 0.178932294249535 0.179600089788437 0.180267870426178 0.180935651063919 0.181603446602821 0.182271227240562 0.182939022779465 0.183279946446419 0.183511927723885 0.18374390900135 0.183975890278816 0.184207871556282 0.184439852833748
