data/working_set_collections/6091692-Cassins_Sparrow-M2/1985/rzmc_avg.asc
NCOLS 265 
NROWS 230 
XLLCORNER -115.5625 
YLLCORNER 24.8333333333333 
CELLSIZE 0.0833333333333333 
NODATA_value -9999 
[rows 100 to 119 of 230, columns 44 to 87 of 265]
0.184324368834496 0.182817697525024 0.181311026215553 0.179804369807243 0.178297698497772 0.176791042089462 0.175284370779991 0.17377769947052 0.173559501767159 0.173770770430565 0.173982053995132 0.1741933375597 0.174404606223106 0.174615889787674 0.174827173352242 0.175244733691216 0.176281183958054 0.17731761932373 0.178354069590569 0.179390519857407 0.180426955223083 0.181463405489922 0.182499840855598 0.184078007936478 0.185836747288704 0.187595471739769 0.189354211091995 0.191112950444221 0.192871674895287 0.194630414247513 0.196530029177666 0.198852255940437 0.20117449760437 0.203496724367142 0.205818966031075 0.208141192793846 0.210463419556618 0.212785661220551 0.210808262228966 0.207397669553757 0.203987076878548 0.200576469302177 0.197165876626968 0.193755269050598
0.18615148961544 0.184650540351868 0.183149591088295 0.181648641824722 0.18014769256115 0.178646743297577 0.177145794034004 0.175644844770432 0.175160646438599 0.17501537501812 0.174870103597641 0.174724832177162 0.174579560756683 0.174434289336205 0.174289017915726 0.174319937825203 0.174879416823387 0.175438895821571 0.175998374819756 0.176557868719101 0.177117347717285 0.177676826715469 0.178236305713654 0.180076658725739 0.18234395980835 0.184611275792122 0.186878576874733 0.189145877957344 0.191413193941116 0.193680495023727 0.195900812745094 0.197980120778084 0.200059443712234 0.202138766646385 0.204218074679375 0.206297397613525 0.208376720547676 0.210456043481827 0.208660677075386 0.205573752522469 0.202486827969551 0.199399903416634 0.196312978863716 0.193226054310799
0.190081059932709 0.188494265079498 0.186907485127449 0.1853207051754 0.183733925223351 0.182147145271301 0.180560365319252 0.178973570466042 0.178148806095123 0.177578046917915 0.177007287740707 0.176436528563499 0.175865769386292 0.175294995307922 0.174724236130714 0.1743443608284 0.174537122249603 0.174729883670807 0.17492264509201 0.175115421414375 0.175308182835579 0.175500944256783 0.175693705677986 0.177477478981018 0.179791584610939 0.18210569024086 0.184419795870781 0.186733901500702 0.189048007130623 0.191362112760544 0.193582892417908 0.195523649454117 0.197464421391487 0.199405193328857 0.201345950365067 0.203286722302437 0.205227494239807 0.207168266177177 0.205628290772438 0.202928081154823 0.200227871537209 0.197527661919594 0.194827452301979 0.192127242684364
0.196113049983978 0.194348886609077 0.192584723234177 0.190820559859276 0.189056396484375 0.187292233109474 0.185528069734573 0.183763906359673 0.182523965835571 0.181458786129951 0.18039359152317 0.179328396916389 0.178263202309608 0.177198022603989 0.176132827997208 0.175318002700806 0.175254300236702 0.175190597772598 0.175126880407333 0.17506317794323 0.174999460577965 0.174935758113861 0.174872040748596 0.176280468702316 0.178179606795311 0.180078729987144 0.181977868080139 0.183877006173134 0.185776144266129 0.187675267457962 0.189576268196106 0.191482841968536 0.193389430642128 0.195296004414558 0.197202578186989 0.19910916686058 0.201015740633011 0.202922329306602 0.201711133122444 0.199460670351982 0.19721020758152 0.194959759712219 0.192709296941757 0.190458849072456
0.202145054936409 0.200203508138657 0.198261961340904 0.196320414543152 0.194378867745399 0.192437320947647 0.190495774149895 0.188554227352142 0.186899125576019 0.185339510440826 0.183779895305634 0.182220280170441 0.180660650134087 0.179101034998894 0.177541419863701 0.176291659474373 0.175971478223801 0.175651296973228 0.175331115722656 0.175010934472084 0.174690753221512 0.17437057197094 0.174050390720367 0.175083458423615 0.176567614078522 0.17805178463459 0.179535940289497 0.181020110845566 0.182504266500473 0.18398842215538 0.185569643974304 0.187442034482956 0.189314424991608 0.191186815500259 0.193059206008911 0.194931611418724 0.196804001927376 0.198676392436028 0.197793960571289 0.195993259549141 0.194192543625832 0.192391842603683 0.190591141581535 0.188790440559387
0.20817705988884 0.206058129668236 0.203939199447632 0.201820269227028 0.199701339006424 0.19758240878582 0.195463478565216 0.193344548344612 0.191274285316467 0.189220234751701 0.187166199088097 0.185112148523331 0.183058097958565 0.18100406229496 0.178950011730194 0.17726531624794 0.176688656210899 0.176111996173859 0.175535351037979 0.174958691000938 0.174382030963898 0.173805385828018 0.173228725790977 0.173886448144913 0.174955636262894 0.176024824380875 0.177094012498856 0.178163200616837 0.179232388734818 0.180301576852798 0.181563019752502 0.183401226997375 0.185239434242249 0.187077641487122 0.188915833830833 0.190754041075706 0.19259224832058 0.194430455565453 0.193876788020134 0.192525833845139 0.191174894571304 0.189823940396309 0.188472986221313 0.187122032046318
0.21420906484127 0.211912751197815 0.209616437554359 0.207320123910904 0.205023810267448 0.202727511525154 0.200431197881699 0.198134884238243 0.195649445056915 0.193100973963737 0.19055250287056 0.188004016876221 0.185455545783043 0.182907074689865 0.180358603596687 0.178238958120346 0.177405834197998 0.17657271027565 0.175739571452141 0.174906447529793 0.174073323607445 0.173240184783936 0.172407060861588 0.172689437866211 0.173343658447266 0.17399787902832 0.174652084708214 0.175306305289268 0.175960525870323 0.176614731550217 0.177556410431862 0.179360419511795 0.181164443492889 0.182968452572823 0.184772461652756 0.18657648563385 0.188380494713783 0.190184518694878 0.189959615468979 0.189058423042297 0.188157230615616 0.187256023287773 0.186354830861092 0.185453623533249
0.220241069793701 0.217767372727394 0.215293675661087 0.21281997859478 0.210346296429634 0.207872599363327 0.20539890229702 0.202925205230713 0.200024604797363 0.196981698274612 0.193938806653023 0.190895900130272 0.187852993607521 0.18481008708477 0.181767195463181 0.179212614893913 0.178123012185097 0.17703340947628 0.175943806767464 0.174854204058647 0.173764601349831 0.172674998641014 0.171585395932198 0.171492427587509 0.171731680631638 0.171970918774605 0.172210156917572 0.1724494099617 0.172688648104668 0.172927901148796 0.17354978621006 0.175319612026215 0.177089437842369 0.178859263658524 0.180629089474678 0.182398930191994 0.184168756008148 0.185938581824303 0.186042457818985 0.185591012239456 0.185139566659927 0.184688121080399 0.18423667550087 0.183785229921341
0.223816186189651 0.221444472670555 0.219072759151459 0.216701045632362 0.214329332113266 0.21195761859417 0.209585890173912 0.207214176654816 0.204193472862244 0.200956434011459 0.197719395160675 0.194482356309891 0.191245332360268 0.188008293509483 0.184771254658699 0.182060092687607 0.180926591157913 0.179793074727058 0.178659573197365 0.17752605676651 0.176392555236816 0.175259038805962 0.174125537276268 0.173777475953102 0.173691242933273 0.173605009913445 0.173518761992455 0.173432528972626 0.173346295952797 0.173260048031807 0.173550978302956 0.174973398447037 0.176395803689957 0.177818223834038 0.179240629076958 0.180663049221039 0.18208546936512 0.18350787460804 0.183745935559273 0.183589205145836 0.183432474732399 0.183275759220123 0.183119028806686 0.18296229839325
0.224934428930283 0.222944051027298 0.220953673124313 0.21896331012249 0.216972932219505 0.214982554316521 0.212992176413536 0.211001798510551 0.208156049251556 0.205025181174278 0.201894298195839 0.1987634152174 0.195632547140121 0.192501664161682 0.189370781183243 0.186781421303749 0.185816571116447 0.184851720929146 0.183886870741844 0.182922020554543 0.181957170367241 0.180992320179939 0.180027469992638 0.17954458296299 0.179222360253334 0.178900122642517 0.178577899932861 0.178255677223206 0.177933439612389 0.177611216902733 0.177559986710548 0.1783217638731 0.179083541035652 0.179845318198204 0.180607080459595 0.181368857622147 0.182130634784698 0.18289241194725 0.183070078492165 0.183053031563759 0.183035984635353 0.183018937706947 0.183001890778542 0.182984843850136
0.226052656769753 0.224443629384041 0.222834601998329 0.221225559711456 0.219616532325745 0.218007490038872 0.21639846265316 0.214789435267448 0.212118625640869 0.209093913435936 0.206069201231003 0.203044474124908 0.200019761919975 0.196995049715042 0.193970322608948 0.19150273501873 0.190706551074982 0.189910352230072 0.189114168286324 0.188317969441414 0.187521785497665 0.186725586652756 0.185929402709007 0.185311689972878 0.184753477573395 0.184195250272751 0.183637037873268 0.183078810572624 0.182520598173141 0.181962370872498 0.181568995118141 0.181670129299164 0.181771263480186 0.181872397661209 0.181973531842232 0.182074680924416 0.182175815105438 0.182276949286461 0.182394206523895 0.182516843080521 0.182639479637146 0.182762116193771 0.182884752750397 0.183007389307022
0.227170899510384 0.225943207740784 0.224715515971184 0.223487824201584 0.222260132431984 0.221032440662384 0.219804748892784 0.218577057123184 0.216081216931343 0.213162645697594 0.210244089365005 0.207325533032417 0.204406976699829 0.201488420367241 0.198569864034653 0.196224063634872 0.195596531033516 0.194968998432159 0.194341465830803 0.193713933229446 0.19308640062809 0.192458868026733 0.191831335425377 0.191078796982765 0.190284579992294 0.189490377902985 0.188696160912514 0.187901958823204 0.187107741832733 0.186313539743423 0.185578003525734 0.185018494725227 0.184459000825882 0.183899492025375 0.183339983224869 0.182780489325523 0.182220980525017 0.18166147172451 0.181718334555626 0.181980654597282 0.182242974638939 0.182505294680595 0.182767614722252 0.183029934763908
0.228289142251015 0.227442786097527 0.226596429944038 0.225750088691711 0.224903732538223 0.224057376384735 0.223211035132408 0.22236467897892 0.220043793320656 0.217231392860413 0.214418992400169 0.211606591939926 0.208794191479683 0.20598179101944 0.203169390559196 0.200945377349854 0.20048651099205 0.200027629733086 0.199568763375282 0.199109882116318 0.198651015758514 0.198192149400711 0.197733268141747 0.196845903992653 0.195815697312355 0.194785505533218 0.193755298852921 0.192725092172623 0.191694900393486 0.190664693713188 0.189587011933327 0.188366875052452 0.187146723270416 0.185926586389542 0.184706434607506 0.183486297726631 0.182266160845757 0.181046009063721 0.181042477488518 0.181444481015205 0.181846469640732 0.182248473167419 0.182650476694107 0.183052480220795
0.229407370090485 0.228942364454269 0.228477358818054 0.228012338280678 0.227547332644463 0.227082327008247 0.226617306470871 0.226152300834656 0.224006369709969 0.22130012512207 0.218593895435333 0.215887650847435 0.213181406259537 0.2104751765728 0.207768931984901 0.205666705965996 0.205376490950584 0.205086275935173 0.204796060919762 0.20450584590435 0.204215630888939 0.203925415873528 0.203635200858116 0.202613011002541 0.201346814632416 0.200080618262291 0.198814436793327 0.197548240423203 0.196282044053078 0.195015862584114 0.19359602034092 0.191715240478516 0.189834460616112 0.187953665852547 0.186072885990143 0.184192106127739 0.182311326265335 0.180430546402931 0.180366605520248 0.180908292531967 0.181449979543686 0.181991651654243 0.182533338665962 0.183075025677681
0.227498948574066 0.227572649717331 0.227646335959435 0.227720022201538 0.227793708443642 0.227867394685745 0.227941080927849 0.228014767169952 0.226305067539215 0.224000915884972 0.221696749329567 0.219392597675323 0.217088431119919 0.214784264564514 0.212480112910271 0.210704788565636 0.210515975952148 0.210327178239822 0.210138365626335 0.209949553012848 0.209760755300522 0.209571942687035 0.209383130073547 0.208365619182587 0.207071870565414 0.205778107047081 0.204484358429909 0.203190609812737 0.201896861195564 0.200603097677231 0.19909194111824 0.196928575634956 0.194765210151672 0.192601844668388 0.190438479185104 0.188275098800659 0.186111733317375 0.183948367834091 0.183665812015533 0.184010177850723 0.184354543685913 0.184698924422264 0.185043290257454 0.185387670993805
0.222563862800598 0.223333612084389 0.224103361368179 0.22487311065197 0.22564285993576 0.22641259431839 0.22718234360218 0.227952092885971 0.226939901709557 0.225333735346794 0.223727568984032 0.22212141752243 0.220515251159668 0.218909084796906 0.217302918434143 0.216059640049934 0.215904980897903 0.215750336647034 0.215595677495003 0.215441018342972 0.215286374092102 0.215131714940071 0.214977070689201 0.214103743433952 0.21299085021019 0.211877971887589 0.210765093564987 0.209652200341225 0.208539322018623 0.207426428794861 0.20607478916645 0.204006895422935 0.201938986778259 0.199871093034744 0.197803199291229 0.195735290646553 0.193667396903038 0.191599488258362 0.19094006717205 0.190750136971474 0.190560206770897 0.19037027657032 0.190180331468582 0.189990401268005
0.217628791928291 0.219094589352608 0.220560386776924 0.222026199102402 0.223491996526718 0.224957793951035 0.226423606276512 0.227889403700829 0.227574735879898 0.226666569709778 0.225758403539658 0.224850237369537 0.223942071199417 0.223033905029297 0.222125738859177 0.221414476633072 0.221293985843658 0.221173495054245 0.22105298936367 0.220932498574257 0.220811992883682 0.220691502094269 0.220570996403694 0.219841867685318 0.218909844756126 0.217977836728096 0.217045813798904 0.216113790869713 0.215181782841682 0.214249759912491 0.213057637214661 0.211085215210915 0.209112778306007 0.2071403414011 0.205167904496193 0.203195482492447 0.20122304558754 0.199250608682632 0.198214322328568 0.197490096092224 0.19676585495472 0.196041613817215 0.195317387580872 0.194593146443367
0.212693706154823 0.214855566620827 0.21701742708683 0.219179287552834 0.221341148018837 0.22350300848484 0.225664868950844 0.227826729416847 0.228209555149078 0.2279993891716 0.227789223194122 0.227579057216644 0.227368891239166 0.227158710360527 0.226948544383049 0.226769328117371 0.226682990789413 0.226596653461456 0.226510301232338 0.226423963904381 0.226337626576424 0.226251274347305 0.226164937019348 0.225579991936684 0.224828839302063 0.224077686667442 0.223326534032822 0.222575396299362 0.221824243664742 0.221073091030121 0.220040485262871 0.218163520097733 0.216286554932594 0.214409589767456 0.212532624602318 0.21065565943718 0.208778694272041 0.206901729106903 0.205488577485085 0.204230040311813 0.202971503138542 0.201712965965271 0.200454428792 0.199195876717567
0.207758620381355 0.210616528987885 0.213474452495575 0.216332376003265 0.219190284609795 0.222048208117485 0.224906116724014 0.227764040231705 0.22884438931942 0.229332223534584 0.229820042848587 0.230307877063751 0.230795696377754 0.231283530592918 0.231771364808083 0.232124179601669 0.232071995735168 0.232019811868668 0.231967613101006 0.231915429234505 0.231863245368004 0.231811061501503 0.231758862733841 0.231318116188049 0.230747833848 0.23017755150795 0.2296072691679 0.22903698682785 0.228466704487801 0.227896422147751 0.227023333311081 0.225241839885712 0.223460346460342 0.221678838133812 0.219897344708443 0.218115851283073 0.216334342956543 0.214552849531174 0.212762847542763 0.210969999432564 0.209177151322365 0.207384318113327 0.205591470003128 0.203798621892929
0.202823534607887 0.206377506256104 0.20993147790432 0.213485449552536 0.217039436101913 0.22059340775013 0.224147379398346 0.227701365947723 0.229479223489761 0.230665042996407 0.231850877404213 0.233036696910858 0.234222516417503 0.23540835082531 0.236594170331955 0.237479031085968 0.237461000680923 0.237442970275879 0.237424939870834 0.237406894564629 0.237388864159584 0.23737083375454 0.237352803349495 0.237056225538254 0.236666813492775 0.236277401447296 0.235887989401817 0.235498577356339 0.23510916531086 0.234719753265381 0.234006181359291 0.232320159673691 0.230634123086929 0.228948101401329 0.227262064814568 0.225576028227806 0.223890006542206 0.222203969955444 0.22003710269928 0.217709958553314 0.215382799506187 0.213055655360222 0.210728511214256 0.208401367068291
