data/working_set_collections/6091692-Cassins_Sparrow-M2/1985/speed_avg.asc
NCOLS 265 
NROWS 230 
XLLCORNER -115.5625 
YLLCORNER 24.8333333333333 
CELLSIZE 0.0833333333333333 
NODATA_value -9999 
[rows 40 to 59 of 230, columns 138 to 183 of 265]
6.53170871734619 6.54932594299316 6.56694269180298 6.58455991744995 6.6195912361145 6.66042757034302 6.70126342773438 6.74209976196289 6.78293609619141 6.82377243041992 6.86460876464844 6.90113306045532 6.92472171783447 6.94831085205078 6.97189998626709 6.99548864364624 7.01907777786255 7.0426664352417 7.06625556945801 7.07747840881348 7.08457851409912 7.09167909622192 7.09877967834473 7.10588026046753 7.11298036575317 7.12008094787598 7.12687921524048 7.13276958465576 7.13865995407104 7.14455032348633 7.15044069290161 7.15633153915405 7.16222190856934 7.16811227798462 7.17774438858032 7.18862390518188 7.19950342178345 7.21038246154785 7.22126197814941 7.23214149475098 7.24302053451538 7.25431251525879 7.26684236526489 7.279372215271 7.29190158843994 7.30443143844604
6.3866810798645 6.40974521636963 6.4328088760376 6.45587253570557 6.50004243850708 6.55124759674072 6.60245275497437 6.65365791320801 6.70486307144165 6.75606822967529 6.80727386474609 6.85331869125366 6.88388204574585 6.9144458770752 6.94500970840454 6.97557306289673 7.00613689422607 7.03670024871826 7.06726408004761 7.0793890953064 7.08536767959595 7.0913462638855 7.09732532501221 7.10330390930176 7.10928249359131 7.11526107788086 7.12088012695312 7.1254186630249 7.12995719909668 7.13449621200562 7.13903474807739 7.14357328414917 7.1481122970581 7.15265083312988 7.16075897216797 7.17005681991577 7.17935466766357 7.18865251541138 7.19795036315918 7.20724821090698 7.21654605865479 7.22653770446777 7.23861217498779 7.25068664550781 7.26276111602783 7.27483558654785
6.3116307258606 6.33990955352783 6.36818790435791 6.39646673202515 6.44687366485596 6.50465631484985 6.56243944168091 6.6202220916748 6.67800521850586 6.73578786849976 6.79357099533081 6.84496450424194 6.87719011306763 6.90941572189331 6.94164180755615 6.97386741638184 7.00609302520752 7.0383186340332 7.07054471969604 7.0822958946228 7.08722305297852 7.09214973449707 7.09707641601562 7.10200357437134 7.10693025588989 7.11185693740845 7.11668157577515 7.1211986541748 7.12571620941162 7.13023328781128 7.1347508430481 7.13926792144775 7.14378547668457 7.14830255508423 7.15576696395874 7.16421413421631 7.17266082763672 7.18110752105713 7.18955421447754 7.19800138473511 7.20644807815552 7.2155818939209 7.22677659988403 7.23797082901001 7.24916553497314 7.26036024093628
6.30655717849731 6.33981895446777 6.37308120727539 6.40634298324585 6.46008539199829 6.52065467834473 6.581223487854 6.64179277420044 6.70236206054688 6.76293134689331 6.82350015640259 6.87607097625732 6.9046459197998 6.93322134017944 6.96179628372192 6.99037170410156 7.01894664764404 7.04752159118652 7.07609701156616 7.08619928359985 7.09014415740967 7.09408903121948 7.0980339050293 7.10197877883911 7.10592365264893 7.10986852645874 7.1142840385437 7.12011003494263 7.12593650817871 7.13176250457764 7.13758897781372 7.14341497421265 7.14924144744873 7.15506744384766 7.1627688407898 7.17109537124634 7.17942190170288 7.18774795532227 7.19607448577881 7.20440101623535 7.2127275466919 7.22144460678101 7.2313346862793 7.24122476577759 7.25111484527588 7.26100492477417
6.30148363113403 6.33972883224487 6.37797403335571 6.41621923446655 6.47329711914062 6.53665256500244 6.60000801086426 6.66336345672607 6.72671890258789 6.79007434844971 6.85342979431152 6.9071774482727 6.93210220336914 6.95702648162842 6.98195123672485 7.00687551498413 7.03180027008057 7.05672454833984 7.08164930343628 7.0901026725769 7.09306526184082 7.0960283279419 7.09899139404297 7.10195446014404 7.10491704940796 7.10788011550903 7.1118860244751 7.11902141571045 7.12615633010864 7.13329172134399 7.14042711257935 7.14756202697754 7.15469741821289 7.16183233261108 7.16977071762085 7.17797660827637 7.18618297576904 7.19438886642456 7.20259475708008 7.2108006477356 7.21900653839111 7.22730779647827 7.23589324951172 7.24447822570801 7.25306367874146 7.2616491317749
6.29640960693359 6.33963823318481 6.38286685943604 6.42609548568726 6.48650884628296 6.55265045166016 6.61879205703735 6.68493413925171 6.75107574462891 6.8172173500061 6.88335943222046 6.93828392028809 6.95955801010132 6.98083209991455 7.00210571289062 7.02337980270386 7.04465389251709 7.06592750549316 7.0872015953064 7.0940055847168 7.09598684310913 7.09796762466431 7.09994888305664 7.10192966461182 7.10391044616699 7.10589170455933 7.10948848724365 7.11793231964111 7.12637662887573 7.13482093811035 7.14326477050781 7.15170907974243 7.16015338897705 7.16859722137451 7.1767725944519 7.18485832214355 7.19294357299805 7.2010293006897 7.20911502838135 7.21720027923584 7.22528600692749 7.23317050933838 7.24045133590698 7.24773216247559 7.25501298904419 7.26229381561279
6.29133605957031 6.33954811096191 6.38775968551636 6.4359712600708 6.49972057342529 6.56864833831787 6.63757658004761 6.70650434494019 6.77543258666992 6.84436082839966 6.91328859329224 6.96939039230347 6.9870138168335 7.00463724136353 7.02226066589355 7.03988409042358 7.05750703811646 7.07513046264648 7.09275388717651 7.09790897369385 7.09890794754028 7.09990692138672 7.10090589523315 7.10190486907959 7.10290431976318 7.10390329360962 7.10709047317505 7.11684370040894 7.12659692764282 7.13635015487671 7.14610290527344 7.15585613250732 7.16560935974121 7.1753625869751 7.18377447128296 7.19173955917358 7.19970464706421 7.20767021179199 7.21563529968262 7.22360038757324 7.23156547546387 7.23903322219849 7.24500942230225 7.25098609924316 7.25696229934692 7.26293849945068
6.28626251220703 6.33945751190186 6.39265251159668 6.4458475112915 6.51293230056763 6.58464622497559 6.6563606262207 6.72807502746582 6.79978942871094 6.87150382995605 6.94321823120117 7.00049686431885 7.01446962356567 7.0284423828125 7.04241514205933 7.05638790130615 7.07036066055298 7.0843334197998 7.09830617904663 7.1018123626709 7.10182952880859 7.10184621810913 7.10186338424683 7.10188055038452 7.10189771652222 7.10191440582275 7.1046929359436 7.11575508117676 7.12681722640991 7.13787889480591 7.14894104003906 7.16000318527222 7.17106533050537 7.18212747573853 7.19077634811401 7.19862127304077 7.20646572113037 7.21431064605713 7.22215509414673 7.23000001907349 7.23784494400024 7.24489641189575 7.24956798553467 7.25423955917358 7.2589111328125 7.26358318328857
6.33056020736694 6.38514566421509 6.43973064422607 6.49431610107422 6.56007623672485 6.62956190109253 6.69904708862305 6.76853275299072 6.83801794052124 6.90750360488892 6.97698879241943 7.03201484680176 7.04366254806519 7.05531024932861 7.06695795059204 7.07860565185547 7.0902533531189 7.10190057754517 7.11354827880859 7.11662912368774 7.11685466766357 7.11707973480225 7.11730480194092 7.11752986907959 7.11775541305542 7.11798048019409 7.12109470367432 7.13287544250488 7.14465665817261 7.15643787384033 7.1682186126709 7.17999982833862 7.19178104400635 7.20356178283691 7.21226930618286 7.21995210647583 7.2276349067688 7.23531770706177 7.24300003051758 7.25068283081055 7.25836563110352 7.26496982574463 7.26833820343018 7.27170658111572 7.27507495880127 7.27844381332397
6.42422962188721 6.4766116142273 6.52899408340454 6.58137655258179 6.64115285873413 6.70339441299438 6.76563549041748 6.82787704467773 6.89011812210083 6.95235967636108 7.01460075378418 7.06394386291504 7.07459211349487 7.08523988723755 7.09588813781738 7.10653638839722 7.11718416213989 7.12783241271973 7.13848066329956 7.1423602104187 7.14398336410522 7.14560699462891 7.14723014831543 7.14885377883911 7.15047740936279 7.15210056304932 7.15629577636719 7.16820573806763 7.18011569976807 7.19202613830566 7.2039361000061 7.21584606170654 7.22775650024414 7.23966646194458 7.2482533454895 7.25573253631592 7.26321172714233 7.27069091796875 7.27816963195801 7.28564882278442 7.29312801361084 7.29925394058228 7.30132055282593 7.30338716506958 7.30545377731323 7.30752038955688
6.51789855957031 6.56807804107666 6.61825752258301 6.66843700408936 6.72222995758057 6.77722692489624 6.83222436904907 6.88722133636475 6.94221878051758 6.99721574783325 7.05221319198608 7.09587287902832 7.10552167892456 7.11517000198364 7.12481832504272 7.13446712493896 7.14411544799805 7.15376377105713 7.16341257095337 7.1680908203125 7.17111253738403 7.17413425445557 7.1771559715271 7.18017721176147 7.18319892883301 7.18622064590454 7.19149684906006 7.20353603363037 7.21557521820068 7.227614402771 7.23965358734131 7.25169277191162 7.26373147964478 7.27577066421509 7.28423738479614 7.29151296615601 7.29878854751587 7.30606412887573 7.31333923339844 7.3206148147583 7.32789039611816 7.33353805541992 7.33430290222168 7.33506774902344 7.33583211898804 7.3365969657898
6.61156797409058 6.65954446792603 6.70752096176147 6.75549745559692 6.80330657958984 6.8510594367981 6.89881277084351 6.94656562805176 6.99431896209717 7.04207181930542 7.08982515335083 7.12780237197876 7.13645124435425 7.14510011672974 7.15374898910522 7.16239786148071 7.1710467338562 7.17969560623169 7.18834447860718 7.1938214302063 7.19824171066284 7.20266151428223 7.20708131790161 7.211501121521 7.21592092514038 7.22034072875977 7.22669792175293 7.23886585235596 7.25103425979614 7.26320266723633 7.27537059783936 7.28753900527954 7.29970693588257 7.31187534332275 7.32022142410278 7.32729339599609 7.3343653678894 7.34143733978271 7.34850883483887 7.35558080673218 7.36265277862549 7.36782264709473 7.36728525161743 7.36674785614014 7.36621046066284 7.3656735420227
6.70523738861084 6.75101089477539 6.79678440093994 6.84255790710449 6.88438320159912 6.92489194869995 6.96540117263794 7.00591039657593 7.04641914367676 7.08692836761475 7.12743711471558 7.15973138809204 7.16738080978394 7.17502975463867 7.18267917633057 7.19032859802246 7.19797801971436 7.20562744140625 7.21327638626099 7.21955251693726 7.22537040710449 7.23118877410889 7.23700666427612 7.24282503128052 7.24864292144775 7.25446081161499 7.2618989944458 7.2741961479187 7.2864933013916 7.29879093170166 7.31108808517456 7.32338523864746 7.33568239212036 7.34797954559326 7.35620546340942 7.36307382583618 7.36994218826294 7.3768105506897 7.3836784362793 7.39054679870605 7.39741516113281 7.40210676193237 7.40026760101318 7.39842844009399 7.3965892791748 7.39475011825562
6.79890632629395 6.84247732162476 6.88604784011841 6.92961835861206 6.9654598236084 6.99872493743896 7.03198957443237 7.06525468826294 7.09851932525635 7.13178443908691 7.16504955291748 7.19166040420532 7.19831037521362 7.20495986938477 7.21160984039307 7.21825933456421 7.22490930557251 7.23155879974365 7.23820877075195 7.24528312683105 7.2524995803833 7.25971603393555 7.26693201065063 7.27414846420288 7.28136491775513 7.28858137130737 7.29710006713867 7.30952644348145 7.32195281982422 7.33437871932983 7.34680509567261 7.35923147201538 7.37165784835815 7.38408422470093 7.39218950271606 7.39885425567627 7.40551900863647 7.41218376159668 7.41884803771973 7.42551279067993 7.43217754364014 7.43639087677002 7.43324995040894 7.43010854721069 7.42696762084961 7.42382669448853
6.84850645065308 6.88945293426514 6.9303994178772 6.97134590148926 7.00284624099731 7.03119850158691 7.05955076217651 7.08790302276611 7.11625528335571 7.14460754394531 7.17295980453491 7.19617700576782 7.2039909362793 7.21180438995361 7.21961784362793 7.2274317741394 7.23524522781372 7.24305868148804 7.25087261199951 7.25928115844727 7.26788902282715 7.27649641036987 7.2851037979126 7.29371118545532 7.30231857299805 7.31092643737793 7.32033348083496 7.33214092254639 7.34394836425781 7.35575532913208 7.36756277084351 7.37936973571777 7.3911771774292 7.40298461914062 7.41077423095703 7.41722440719604 7.42367458343506 7.43012523651123 7.43657541275024 7.44302558898926 7.44947624206543 7.45355129241943 7.45049953460693 7.44744777679443 7.44439649581909 7.44134473800659
6.85403680801392 6.89193773269653 6.92983865737915 6.96773958206177 6.99654293060303 7.02231359481812 7.04808473587036 7.07385540008545 7.0996265411377 7.12539720535278 7.15116834640503 7.1732816696167 7.18442249298096 7.19556331634521 7.20670413970947 7.21784543991089 7.22898626327515 7.2401270866394 7.25126791000366 7.26154708862305 7.27153825759888 7.28152990341187 7.29152154922485 7.30151319503784 7.31150484085083 7.32149600982666 7.33159971237183 7.34204006195068 7.35247993469238 7.36292028427124 7.37336015701294 7.3838005065918 7.3942403793335 7.4046802520752 7.41195917129517 7.41818475723267 7.42440986633301 7.43063497543335 7.43686008453369 7.44308567047119 7.44931077957153 7.4535870552063 7.45201635360718 7.45044565200806 7.44887542724609 7.44730472564697
6.85956764221191 6.89442253112793 6.9292778968811 6.96413326263428 6.99023914337158 7.01342868804932 7.03661823272705 7.05980777740479 7.08299732208252 7.10618734359741 7.12937688827515 7.15038585662842 7.16485404968262 7.17932224273682 7.19379043579102 7.20825910568237 7.22272729873657 7.23719549179077 7.25166368484497 7.26381254196167 7.27518796920776 7.28656387329102 7.29793930053711 7.3093147277832 7.32069063186646 7.33206605911255 7.34286594390869 7.35193920135498 7.36101198196411 7.37008476257324 7.37915754318237 7.38823080062866 7.39730358123779 7.40637636184692 7.41314458847046 7.41914463043213 7.4251446723938 7.43114519119263 7.4371452331543 7.44314527511597 7.44914531707764 7.45362281799316 7.45353317260742 7.45344400405884 7.4533543586731 7.45326471328735
6.86509799957275 6.89690780639648 6.92871713638306 6.96052694320679 6.9839358329773 7.00454378128052 7.0251522064209 7.04576063156128 7.0663685798645 7.08697700500488 7.1075849533081 7.12749004364014 7.14528560638428 7.16308116912842 7.18087673187256 7.19867277145386 7.216468334198 7.23426389694214 7.25205945968628 7.26607799530029 7.27883768081665 7.29159736633301 7.30435705184937 7.31711673736572 7.32987642288208 7.34263610839844 7.35413217544556 7.36183834075928 7.36954402923584 7.3772497177124 7.38495540618896 7.39266109466553 7.40036678314209 7.40807247161865 7.41433000564575 7.42010498046875 7.42587995529175 7.43165493011475 7.43742990493774 7.44320487976074 7.44897985458374 7.45365858078003 7.45505046844482 7.45644187927246 7.4578332901001 7.45922470092773
6.87062835693359 6.89939260482788 6.92815685272217 6.95692110061646 6.97763204574585 6.99565887451172 7.01368618011475 7.03171300888062 7.04973983764648 7.06776666641235 7.08579349517822 7.10459470748901 7.1257176399231 7.14684057235718 7.16796350479126 7.18908596038818 7.21020889282227 7.23133182525635 7.25245475769043 7.26834344863892 7.28248739242554 7.296630859375 7.31077480316162 7.32491874694824 7.3390622138977 7.35320615768433 7.36539840698242 7.37173700332642 7.37807559967041 7.3844141960144 7.3907527923584 7.39709138870239 7.40342998504639 7.40976858139038 7.41551542282104 7.42106533050537 7.4266152381897 7.43216466903687 7.43771457672119 7.44326448440552 7.44881439208984 7.45369482040405 7.45656728744507 7.45943975448608 7.4623122215271 7.46518468856812
6.87615871429443 6.90187740325928 6.92759609222412 6.95331478118896 6.97132873535156 6.98677396774292 7.00221967697144 7.01766538619995 7.03311109542847 7.04855632781982 7.06400203704834 7.08169889450073 7.10614919662476 7.13059949874878 7.1550498008728 7.17949962615967 7.20394992828369 7.22840023040771 7.25285053253174 7.27060890197754 7.28613662719727 7.30166482925415 7.31719255447388 7.3327202796936 7.34824848175049 7.36377620697021 7.37666511535645 7.38163614273071 7.38660764694214 7.39157915115356 7.39655017852783 7.40152168273926 7.40649318695068 7.41146469116211 7.41670083999634 7.42202568054199 7.42735004425049 7.43267488479614 7.43799924850464 7.44332408905029 7.44864892959595 7.45373058319092 7.45808410644531 7.46243762969971 7.4667911529541 7.47114419937134
