data/working_set_collections/6091692-Cassins_Sparrow-M2/1985/speed_avg.asc
NCOLS 265 
NROWS 230 
XLLCORNER -115.5625 
YLLCORNER 24.8333333333333 
CELLSIZE 0.0833333333333333 
NODATA_value -9999 
[rows 140 to 159 of 230, columns 138 to 183 of 265]
6.35909509658813 6.34710645675659 6.33511734008789 6.32312870025635 6.35423469543457 6.39970588684082 6.44517660140991 6.49064779281616 6.53611850738525 6.5815896987915 6.6270604133606 6.66749668121338 6.69282722473145 6.71815776824951 6.74348831176758 6.76881885528564 6.79414939880371 6.81947994232178 6.844810962677 6.86726093292236 6.8887505531311 6.910240650177 6.93173027038574 6.95321989059448 6.97470998764038 6.99619960784912 7.01389741897583 7.02021789550781 7.0265383720398 7.03285884857178 7.03917932510376 7.04549980163574 7.05182027816772 7.05814075469971 7.06110095977783 7.0629415512085 7.06478214263916 7.06662273406982 7.06846332550049 7.07030391693115 7.07214450836182 7.07351636886597 7.07348251342773 7.07344913482666 7.07341527938843 7.07338190078735
6.33071136474609 6.31625270843506 6.30179357528687 6.28733444213867 6.31654691696167 6.36031579971313 6.40408515930176 6.44785404205322 6.49162340164185 6.53539228439331 6.57916164398193 6.61967706680298 6.65043067932129 6.6811842918396 6.71193838119507 6.74269199371338 6.77344560623169 6.80419969558716 6.83495330810547 6.86049890518188 6.88430833816528 6.90811777114868 6.93192720413208 6.95573616027832 6.97954559326172 7.00335502624512 7.02313375473022 7.03082084655762 7.03850793838501 7.04619455337524 7.05388164520264 7.06156873703003 7.06925582885742 7.07694244384766 7.07651567459106 7.07338380813599 7.07025194168091 7.06712007522583 7.06398820877075 7.06085634231567 7.0577244758606 7.0546178817749 7.0515866279602 7.04855537414551 7.04552412033081 7.04249286651611
6.30232810974121 6.28539896011353 6.26846981048584 6.25154066085815 6.27885866165161 6.32092618942261 6.36299324035645 6.40506076812744 6.44712829589844 6.48919534683228 6.53126287460327 6.57185745239258 6.60803461074829 6.64421129226685 6.68038845062256 6.71656513214111 6.75274229049683 6.78891897201538 6.82509613037109 6.85373687744141 6.8798656463623 6.90599489212036 6.93212366104126 6.95825242996216 6.98438167572021 7.01051044464111 7.03237056732178 7.04142379760742 7.05047750473022 7.05953073501587 7.06858444213867 7.07763767242432 7.08669090270996 7.09574460983276 7.09192991256714 7.08382558822632 7.0757212638855 7.06761741638184 7.05951309204102 7.0514087677002 7.04330492019653 7.03571939468384 7.02969026565552 7.02366161346436 7.01763248443604 7.01160383224487
6.27394437789917 6.25454521179199 6.23514604568481 6.21574640274048 6.24117088317871 6.28153610229492 6.32190179824829 6.36226749420166 6.40263271331787 6.44299840927124 6.48336410522461 6.52403783798218 6.56563806533813 6.60723829269409 6.64883804321289 6.69043827056885 6.7320384979248 6.7736382484436 6.81523847579956 6.84697484970093 6.87542343139648 6.90387201309204 6.9323205947876 6.96076917648315 6.98921728134155 7.01766586303711 7.04160737991333 7.05202722549438 7.06244707107544 7.07286691665649 7.08328676223755 7.0937066078186 7.10412645339966 7.11454629898071 7.10734415054321 7.09426736831665 7.08119106292725 7.06811475753784 7.05503797531128 7.04196166992188 7.02888488769531 7.01682090759277 7.00779438018799 6.9987678527832 6.98974132537842 6.98071479797363
6.26178693771362 6.24207639694214 6.22236633300781 6.20265579223633 6.22487449645996 6.26106929779053 6.29726409912109 6.33345890045166 6.36965370178223 6.40584850311279 6.44204330444336 6.48066139221191 6.52655029296875 6.57243871688843 6.6183271408081 6.66421604156494 6.71010446548462 6.7559928894043 6.80188179016113 6.83678817749023 6.86803436279297 6.89928007125854 6.93052625656128 6.96177244186401 6.99301815032959 7.02426433563232 7.05069398880005 7.06267642974854 7.07465839385986 7.08664035797119 7.09862232208252 7.11060428619385 7.12258672714233 7.13456869125366 7.12519264221191 7.10869693756104 7.09220123291016 7.07570552825928 7.0592098236084 7.04271411895752 7.02621841430664 7.01089763641357 6.99910020828247 6.98730278015137 6.97550535202026 6.96370792388916
6.26585483551025 6.24799251556396 6.23013067245483 6.21226835250854 6.22996950149536 6.25952482223511 6.2890796661377 6.31863498687744 6.34819030761719 6.37774562835693 6.40730094909668 6.44172811508179 6.49077033996582 6.53981304168701 6.58885526657104 6.63789796829224 6.68694019317627 6.73598289489746 6.78502559661865 6.82317686080933 6.85769844055176 6.89221954345703 6.92674112319946 6.96126222610474 6.99578380584717 7.03030490875244 7.05963087081909 7.07337093353271 7.08711099624634 7.10085105895996 7.11459112167358 7.12833070755005 7.14207077026367 7.1558108329773 7.14547491073608 7.12711334228516 7.10875177383423 7.0903902053833 7.07202863693237 7.05366706848145 7.03530550003052 7.01794910430908 7.00360774993896 6.98926591873169 6.97492408752441 6.9605827331543
6.26992273330688 6.25390911102295 6.23789501190186 6.22188091278076 6.23506450653076 6.25797986984253 6.28089570999146 6.30381155014038 6.32672691345215 6.34964275360107 6.37255859375 6.4027943611145 6.45499086380005 6.5071873664856 6.55938339233398 6.61157989501953 6.66377639770508 6.71597290039062 6.76816892623901 6.80956554412842 6.84736251831055 6.88515901565552 6.92295598983765 6.96075248718262 6.99854946136475 7.03634595870972 7.06856822967529 7.08406591415405 7.09956359863281 7.11506175994873 7.13055944442749 7.14605712890625 7.16155529022217 7.17705297470093 7.16575717926025 7.14552974700928 7.1253023147583 7.10507488250732 7.08484745025635 7.06462001800537 7.0443925857544 7.02500057220459 7.0081148147583 6.99122905731201 6.97434329986572 6.95745754241943
6.27399063110352 6.25982522964478 6.24565935134888 6.23149347305298 6.24015951156616 6.25643539428711 6.27271175384521 6.28898763656616 6.30526399612427 6.32153987884521 6.33781623840332 6.36386060714722 6.41921091079712 6.47456121444702 6.52991151809692 6.58526182174683 6.64061212539673 6.69596242904663 6.75131273269653 6.79595422744751 6.83702659606934 6.878098487854 6.91917085647583 6.9602427482605 7.00131511688232 7.04238700866699 7.07750511169434 7.09476089477539 7.11201667785645 7.1292724609375 7.14652824401855 7.16378402709961 7.18103933334351 7.19829511642456 7.18603944778442 7.1639461517334 7.14185285568237 7.11975955963135 7.09766626358032 7.0755729675293 7.05347967147827 7.03205251693726 7.0126223564148 6.99319267272949 6.97376251220703 6.95433282852173
6.27805852890015 6.2657413482666 6.2534236907959 6.24110651016235 6.24525451660156 6.25489091873169 6.26452732086182 6.2741641998291 6.28380060195923 6.29343700408936 6.30307388305664 6.32492733001709 6.38343143463135 6.4419355392456 6.50043964385986 6.55894374847412 6.61744832992554 6.6759524345398 6.73445653915405 6.78234338760376 6.82669067382812 6.87103796005249 6.91538572311401 6.95973300933838 7.00408029556274 7.04842805862427 7.08644199371338 7.10545539855957 7.12446928024292 7.14348268508911 7.16249656677246 7.18151044845581 7.200523853302 7.21953773498535 7.20632171630859 7.18236255645752 7.15840339660645 7.13444423675537 7.1104850769043 7.08652591705322 7.06256675720215 7.03910398483276 7.01712989807129 6.99515581130981 6.97318172454834 6.95120763778687
6.28212690353394 6.27165746688843 6.26118803024292 6.25071907043457 6.25034952163696 6.25334644317627 6.25634336471558 6.25934028625488 6.26233720779419 6.26533460617065 6.26833152770996 6.2859935760498 6.34765195846558 6.40930986404419 6.4709677696228 6.53262615203857 6.59428405761719 6.6559419631958 6.71760034561157 6.76873207092285 6.81635475158691 6.86397743225098 6.9116005897522 6.95922327041626 7.00684595108032 7.05446910858154 7.09537887573242 7.11615037918091 7.1369218826294 7.15769338607788 7.17846488952637 7.19923686981201 7.2200083732605 7.24077987670898 7.22660398483276 7.20077896118164 7.17495393753052 7.1491289138794 7.12330389022827 7.09747886657715 7.07165384292603 7.04615545272827 7.02163743972778 6.99711894989014 6.97260093688965 6.948082447052
6.30224084854126 6.2970757484436 6.29191064834595 6.28674554824829 6.28558874130249 6.28576755523682 6.2859468460083 6.28612565994263 6.28630447387695 6.28648376464844 6.28666257858276 6.3022952079773 6.36428880691528 6.42628240585327 6.48827600479126 6.55027008056641 6.6122636795044 6.67425727844238 6.73625087738037 6.78588962554932 6.83141040802002 6.87693119049072 6.92245197296143 6.96797227859497 7.01349306106567 7.05901384353638 7.09855365753174 7.12015151977539 7.14174938201904 7.1633472442627 7.18494510650635 7.20654296875 7.22814083099365 7.2497386932373 7.23646450042725 7.21156597137451 7.18666791915894 7.1617693901062 7.13687133789062 7.11197280883789 7.08707475662231 7.06206321716309 7.03671264648438 7.01136207580566 6.98601198196411 6.9606614112854
6.33840084075928 6.34199619293213 6.34559106826782 6.34918642044067 6.35097217559814 6.35215473175049 6.35333728790283 6.35451984405518 6.35570240020752 6.35688495635986 6.35806751251221 6.37383222579956 6.43334293365479 6.49285364151001 6.55236482620239 6.61187553405762 6.67138624191284 6.73089742660522 6.79040813446045 6.83381652832031 6.87185764312744 6.90989875793457 6.9479398727417 6.98598098754883 7.02402210235596 7.06206321716309 7.09596681594849 7.11745929718018 7.13895177841187 7.16044425964355 7.18193674087524 7.20342922210693 7.22492170333862 7.24641418457031 7.23590278625488 7.21472406387329 7.19354486465454 7.17236614227295 7.1511869430542 7.13000774383545 7.10882902145386 7.08682727813721 7.06235647201538 7.03788566589355 7.01341485977173 6.9889440536499
6.3745608329773 6.3869161605835 6.3992714881897 6.41162729263306 6.4163556098938 6.41854190826416 6.42072772979736 6.42291402816772 6.42510032653809 6.42728614807129 6.42947244644165 6.44536876678467 6.50239706039429 6.55942535400391 6.61645317077637 6.67348146438599 6.73050928115845 6.78753757476807 6.84456586837769 6.88174390792847 6.91230535507202 6.94286632537842 6.97342777252197 7.00398921966553 7.03455066680908 7.06511211395264 7.09337997436523 7.11476707458496 7.13615417480469 7.15754127502441 7.17892837524414 7.20031547546387 7.22170257568359 7.24308967590332 7.23534154891968 7.21788167953491 7.2004222869873 7.18296241760254 7.16550254821777 7.14804315567017 7.1305832862854 7.11159086227417 7.08799982070923 7.06440877914429 7.04081773757935 7.0172266960144
6.41072082519531 6.43183660507202 6.45295238494873 6.47406816482544 6.48173904418945 6.48492908477783 6.48811864852905 6.49130821228027 6.49449777603149 6.49768733978271 6.50087738037109 6.51690578460693 6.57145118713379 6.62599658966064 6.6805419921875 6.7350869178772 6.78963232040405 6.84417772293091 6.89872312545776 6.92967081069946 6.95275259017944 6.97583436965942 6.9989161491394 7.02199792861938 7.04507970809937 7.06816148757935 7.09079313278198 7.11207485198975 7.13335657119751 7.15463829040527 7.17592000961304 7.1972017288208 7.21848344802856 7.23976516723633 7.23478031158447 7.22103977203369 7.20729923248291 7.19355869293213 7.17981863021851 7.16607809066772 7.15233755111694 7.13635444641113 7.11364316940308 7.09093189239502 7.06822061538696 7.04550933837891
6.44688081741333 6.47675657272339 6.5066328048706 6.53650856018066 6.54712247848511 6.55131578445435 6.55550909042358 6.55970239639282 6.56389570236206 6.5680890083313 6.57228231430054 6.5884428024292 6.64050531387329 6.69256782531738 6.74463033676147 6.79669284820557 6.84875535964966 6.90081787109375 6.95288038253784 6.97759771347046 6.99319982528687 7.00880193710327 7.02440404891968 7.04000616073608 7.05560827255249 7.0712103843689 7.08820581436157 7.10938215255737 7.13055849075317 7.15173482894897 7.17291116714478 7.19408750534058 7.21526384353638 7.23644018173218 7.23421859741211 7.22419738769531 7.21417665481567 7.20415544509888 7.19413423538208 7.18411302566528 7.17409229278564 7.16111850738525 7.13928651809692 7.11745500564575 7.09562349319458 7.07379198074341
6.48304080963135 6.52167701721191 6.56031322479248 6.59894943237305 6.61250638961792 6.61770296096802 6.62290000915527 6.62809658050537 6.63329315185547 6.63849020004272 6.64368677139282 6.65997934341431 6.70955944061279 6.75913906097412 6.80871868133545 6.85829877853394 6.90787839889526 6.95745801925659 7.00703811645508 7.02552461624146 7.03364706039429 7.04176950454712 7.04989194869995 7.05801439285278 7.06613683700562 7.07425928115845 7.08561897277832 7.10668992996216 7.127760887146 7.14883184432983 7.16990280151367 7.19097375869751 7.21204471588135 7.23311567306519 7.2336573600769 7.22735548019409 7.22105360031128 7.21475172042847 7.20844984054565 7.2021484375 7.19584655761719 7.18588209152222 7.16493034362793 7.14397811889648 7.1230263710022 7.10207462310791
6.48417568206787 6.53002262115479 6.5758695602417 6.62171602249146 6.638267993927 6.64505434036255 6.65184116363525 6.65862798690796 6.66541481018066 6.67220163345337 6.67898797988892 6.69528913497925 6.74013328552246 6.78497695922852 6.82982110977173 6.87466526031494 6.919508934021 6.96435308456421 7.00919723510742 7.02375936508179 7.02822780609131 7.03269577026367 7.03716421127319 7.04163217544556 7.04610061645508 7.05056858062744 7.05940103530884 7.08132553100586 7.10325050354004 7.12517499923706 7.14709949493408 7.1690239906311 7.19094848632812 7.21287298202515 7.21628332138062 7.21352243423462 7.21076107025146 7.20800018310547 7.20523929595947 7.20247793197632 7.19971704483032 7.1928186416626 7.173508644104 7.15419864654541 7.13488864898682 7.11557865142822
6.45028638839722 6.501793384552 6.55330085754395 6.60480833053589 6.62440776824951 6.6333703994751 6.64233350753784 6.65129661560059 6.66025972366333 6.66922235488892 6.67818546295166 6.69437170028687 6.7322268486023 6.77008199691772 6.80793714523315 6.84579229354858 6.88364791870117 6.9215030670166 6.95935821533203 6.9723014831543 6.97694110870361 6.98158025741577 6.98621988296509 6.9908595085144 6.99549865722656 7.00013828277588 7.00955200195312 7.03328943252563 7.05702638626099 7.0807638168335 7.10450077056885 7.12823820114136 7.15197515487671 7.17571210861206 7.18209743499756 7.1826982498169 7.18329954147339 7.18390035629272 7.18450164794922 7.18510246276855 7.18570327758789 7.18192768096924 7.1650218963623 7.14811658859253 7.1312108039856 7.11430501937866
6.4163966178894 6.47356462478638 6.53073263168335 6.58790063858032 6.61054754257202 6.62168645858765 6.63282585144043 6.64396524429321 6.655104637146 6.66624355316162 6.6773829460144 6.69345378875732 6.72432041168213 6.75518703460693 6.78605318069458 6.81691980361938 6.84778642654419 6.87865257263184 6.90951919555664 6.92084407806396 6.92565441131592 6.93046522140503 6.93527603149414 6.94008636474609 6.9448971748352 6.94970798492432 6.95970344543457 6.98525285720825 7.01080274581909 7.03635263442993 7.06190204620361 7.08745193481445 7.11300182342529 7.13855123519897 7.14791107177734 7.15187454223633 7.15583753585815 7.15980052947998 7.16376399993896 7.16772699356079 7.17168998718262 7.17103719711304 7.15653562545776 7.14203405380249 7.12753248214722 7.11303091049194
6.38250684738159 6.44533538818359 6.50816440582275 6.57099342346191 6.59668731689453 6.6100025177002 6.62331819534302 6.63663387298584 6.6499490737915 6.66326475143433 6.67658042907715 6.69253635406494 6.71641397476196 6.74029159545898 6.76416969299316 6.78804731369019 6.81192493438721 6.83580255508423 6.85968017578125 6.86938619613647 6.87436819076538 6.87934970855713 6.88433170318604 6.88931369781494 6.89429521560669 6.8992772102356 6.90985441207886 6.93721675872803 6.9645791053772 6.99194145202637 7.01930379867554 7.04666566848755 7.07402801513672 7.10139036178589 7.11372518539429 7.1210503578186 7.12837553024292 7.13570070266724 7.14302587509155 7.15035152435303 7.15767669677734 7.16014623641968 7.14804887771606 7.13595151901245 7.123854637146 7.11175727844238
