data/working_set_collections/6091692-Cassins_Sparrow-M2/1985/speed_avg.asc
NCOLS 265 
NROWS 230 
XLLCORNER -115.5625 
YLLCORNER 24.8333333333333 
CELLSIZE 0.0833333333333333 
NODATA_value -9999 
[rows 100 to 119 of 230, columns 46 to 91 of 265]
5.67482709884644 5.65677785873413 5.63872814178467 5.62067890167236 5.60262966156006 5.5845799446106 5.57265520095825 5.56277227401733 5.55288887023926 5.54300594329834 5.53312253952026 5.52323961257935 5.51335620880127 5.51972198486328 5.57483386993408 5.62994575500488 5.68505764007568 5.74016952514648 5.79528141021729 5.85039329528809 5.90550518035889 5.92820978164673 5.94011211395264 5.95201444625854 5.96391677856445 5.97581911087036 5.98772144317627 5.99962377548218 6.01754808425903 6.05353832244873 6.08952856063843 6.12551927566528 6.16150951385498 6.19749975204468 6.23348999023438 6.26948070526123 6.27080202102661 6.2605676651001 6.25033283233643 6.24009799957275 6.22986364364624 6.21962881088257 6.2093939781189 6.21050643920898 6.24566030502319 6.28081369400024
5.81258869171143 5.78659343719482 5.76059865951538 5.73460340499878 5.70860815048218 5.68261289596558 5.65045547485352 5.61624383926392 5.58203268051147 5.54782104492188 5.51360988616943 5.47939825057983 5.44518661499023 5.43402814865112 5.492027759552 5.55002689361572 5.6080265045166 5.66602611541748 5.72402572631836 5.78202486038208 5.84002447128296 5.86624383926392 5.88186979293823 5.89749574661255 5.91312170028687 5.92874765396118 5.94437313079834 5.95999908447266 5.98124837875366 6.0193681716919 6.05748748779297 6.0956072807312 6.13372659683228 6.17184591293335 6.20996570587158 6.24808502197266 6.25856637954712 6.2598352432251 6.26110363006592 6.2623724937439 6.26364088058472 6.2649097442627 6.26617813110352 6.27537870407104 6.30837440490723 6.34137010574341
5.84794092178345 5.82976722717285 5.81159353256226 5.79341983795166 5.77524614334106 5.75707244873047 5.71696853637695 5.66955375671387 5.62213945388794 5.57472515106201 5.52731037139893 5.479896068573 5.43248176574707 5.41000652313232 5.46234846115112 5.51469039916992 5.56703281402588 5.61937475204468 5.67171669006348 5.72405910491943 5.77640104293823 5.80324172973633 5.82158136367798 5.83992147445679 5.8582615852356 5.8766016960144 5.89494132995605 5.91328144073486 5.93719577789307 5.9778323173523 6.01846885681152 6.05910539627075 6.09974193572998 6.14037847518921 6.18101501464844 6.22165155410767 6.24100732803345 6.2532696723938 6.26553153991699 6.27779388427734 6.2900562286377 6.30231857299805 6.31458044052124 6.33136320114136 6.36170768737793 6.3920521736145
5.78088331222534 5.7862982749939 5.79171371459961 5.79712867736816 5.80254411697388 5.80795907974243 5.77219390869141 5.72270154953003 5.67320966720581 5.62371730804443 5.57422542572021 5.52473306655884 5.47524118423462 5.44765663146973 5.4857964515686 5.52393627166748 5.56207609176636 5.60021543502808 5.63835525512695 5.67649507522583 5.71463489532471 5.73920297622681 5.75924777984619 5.77929210662842 5.79933643341064 5.81938123703003 5.83942556381226 5.85947036743164 5.88538932800293 5.92893075942993 5.97247219085693 6.01601362228394 6.05955505371094 6.1030969619751 6.1466383934021 6.1901798248291 6.2181248664856 6.2408709526062 6.26361703872681 6.28636264801025 6.30910873413086 6.33185482025146 6.35460090637207 6.37846040725708 6.40566062927246 6.43286037445068
5.71382570266724 5.7428297996521 5.7718334197998 5.80083751678467 5.82984161376953 5.8588457107544 5.82741928100586 5.77584934234619 5.72427988052368 5.67270994186401 5.62114000320435 5.56957006454468 5.51800012588501 5.48530721664429 5.50924444198608 5.53318166732788 5.55711936950684 5.58105659484863 5.60499382019043 5.62893104553223 5.65286827087402 5.67516469955444 5.69691371917725 5.71866273880005 5.74041175842285 5.76216077804565 5.78391027450562 5.80565929412842 5.83358240127563 5.88002920150757 5.92647552490234 5.97292232513428 6.01936864852905 6.06581497192383 6.11226177215576 6.15870809555054 6.19524192810059 6.2284722328186 6.26170206069946 6.29493188858032 6.32816171646118 6.36139154434204 6.3946213722229 6.4255576133728 6.44961357116699 6.47366905212402
5.64676809310913 5.69936084747314 5.75195360183716 5.80454635620117 5.85713958740234 5.90973234176636 5.88264465332031 5.82899713516235 5.7753496170044 5.72170209884644 5.66805458068848 5.61440706253052 5.56075954437256 5.52295780181885 5.53269243240356 5.54242753982544 5.55216264724731 5.56189727783203 5.57163238525391 5.58136701583862 5.5911021232605 5.61112594604492 5.6345796585083 5.65803337097168 5.68148708343506 5.70494079589844 5.72839450836182 5.75184774398804 5.7817759513855 5.8311276435852 5.88047885894775 5.92983055114746 5.97918224334717 6.02853345870972 6.07788515090942 6.12723636627197 6.17235946655273 6.21607351303101 6.25978708267212 6.30350065231323 6.34721422195435 6.39092826843262 6.43464183807373 6.47265481948853 6.49356603622437 6.5144772529602
5.57971048355103 5.65589189529419 5.73207378387451 5.80825519561768 5.884437084198 5.96061897277832 5.93787050247192 5.88214492797852 5.82641983032227 5.77069473266602 5.71496915817261 5.65924406051636 5.60351896286011 5.56060838699341 5.5561408996582 5.551673412323 5.54720592498779 5.54273796081543 5.53827047348022 5.53380298614502 5.52933549880981 5.54708766937256 5.57224559783936 5.59740400314331 5.62256193161011 5.64772033691406 5.67287874221802 5.69803667068481 5.72996950149536 5.78222608566284 5.83448266983032 5.88673877716064 5.93899536132812 5.9912519454956 6.04350852966309 6.09576463699341 6.14947700500488 6.20367479324341 6.25787210464478 6.31206941604614 6.36626720428467 6.42046451568604 6.47466230392456 6.51975202560425 6.5375189781189 6.55528593063354
5.51265287399292 5.61242341995239 5.71219348907471 5.81196403503418 5.91173458099365 6.01150512695312 5.99309587478638 5.93529272079468 5.87749004364014 5.81968688964844 5.7618842124939 5.7040810585022 5.64627838134766 5.59825849533081 5.57958889007568 5.5609188079834 5.54224872589111 5.52357912063599 5.5049090385437 5.48623943328857 5.46756935119629 5.48304891586304 5.50991201400757 5.53677463531494 5.56363725662231 5.59049987792969 5.61736297607422 5.64422559738159 5.67816305160522 5.73332452774048 5.78848600387573 5.84364748001099 5.89880895614624 5.95397043228149 6.00913190841675 6.06429290771484 6.12659454345703 6.19127607345581 6.25595712661743 6.32063865661621 6.38531970977783 6.45000123977661 6.51468276977539 6.56684923171997 6.58147192001343 6.59609413146973
5.45163822174072 5.55431270599365 5.65698671340942 5.7596607208252 5.86233472824097 5.9650092124939 5.95461511611938 5.90653133392334 5.85844802856445 5.81036424636841 5.76228094100952 5.71419715881348 5.66611385345459 5.62381267547607 5.59885835647583 5.57390403747559 5.5489501953125 5.52399587631226 5.49904203414917 5.47408771514893 5.44913339614868 5.46427917480469 5.49279117584229 5.52130317687988 5.54981517791748 5.57832717895508 5.60683917999268 5.63535165786743 5.67011880874634 5.72365188598633 5.77718448638916 5.83071756362915 5.88425064086914 5.93778371810913 5.99131631851196 6.04484939575195 6.11060428619385 6.18043327331543 6.25026178359985 6.32009077072144 6.38991975784302 6.45974826812744 6.52957725524902 6.58526945114136 6.59855079650879 6.61183261871338
5.39666748046875 5.48155975341797 5.56645250320435 5.65134477615356 5.73623752593994 5.82113027572632 5.82242774963379 5.7958607673645 5.76929378509521 5.74272632598877 5.71615934371948 5.6895923614502 5.66302537918091 5.63726997375488 5.6139497756958 5.59062957763672 5.56730937957764 5.54398918151855 5.52066898345947 5.49734878540039 5.47402858734131 5.49077796936035 5.52088403701782 5.55099010467529 5.58109617233276 5.61120223999023 5.6413083076477 5.67141437530518 5.70583629608154 5.75320768356323 5.80057859420776 5.8479495048523 5.89532089233398 5.94269180297852 5.99006271362305 6.03743362426758 6.10150671005249 6.17114639282227 6.2407865524292 6.31042623519897 6.38006639480591 6.44970607757568 6.51934623718262 6.57501220703125 6.5887565612793 6.60250091552734
5.34169626235962 5.40880727767944 5.47591829299927 5.54302930831909 5.61014032363892 5.67725086212158 5.69024085998535 5.68519020080566 5.68013954162598 5.67508888244629 5.6700382232666 5.66498756408691 5.65993690490723 5.65072727203369 5.62904071807861 5.60735464096069 5.58566808700562 5.5639820098877 5.54229545593262 5.5206093788147 5.49892330169678 5.51727676391602 5.5489764213562 5.58067655563354 5.61237668991089 5.64407682418823 5.67577695846558 5.70747709274292 5.74155426025391 5.78276348114014 5.82397270202637 5.86518144607544 5.90639066696167 5.9475998878479 5.98880910873413 6.03001832962036 6.09240865707397 6.16185998916626 6.23131084442139 6.30076169967651 6.3702130317688 6.43966388702393 6.50911474227905 6.56475496292114 6.57896184921265 6.59316921234131
5.28672504425049 5.33605480194092 5.38538408279419 5.43471336364746 5.48404264450073 5.533371925354 5.55805349349976 5.57451963424683 5.59098529815674 5.60745096206665 5.62391662597656 5.64038276672363 5.65684843063354 5.6641845703125 5.64413213729858 5.62407970428467 5.60402727127075 5.58397483825684 5.56392240524292 5.543869972229 5.52381801605225 5.54377508163452 5.57706928253174 5.61036348342896 5.64365720748901 5.67695140838623 5.71024560928345 5.74353981018066 5.77727174758911 5.81231927871704 5.84736633300781 5.88241386413574 5.91746091842651 5.95250797271729 5.98755550384521 6.02260255813599 6.08331108093262 6.1525731086731 6.22183513641357 6.29109716415405 6.36035919189453 6.42962169647217 6.49888372421265 6.55449771881104 6.56916761398315 6.58383750915527
5.23175430297852 5.26330184936523 5.29484987258911 5.32639741897583 5.35794544219971 5.38949298858643 5.42586660385132 5.46384906768799 5.5018310546875 5.53981304168701 5.57779550552368 5.61577749252319 5.65375995635986 5.67764186859131 5.65922355651855 5.64080476760864 5.62238645553589 5.60396814346313 5.58554935455322 5.56713104248047 5.54871273040771 5.57027387619019 5.60516214370728 5.64004993438721 5.6749382019043 5.70982599258423 5.74471426010132 5.77960252761841 5.81298971176147 5.84187507629395 5.87076044082642 5.89964580535889 5.92853116989136 5.95741605758667 5.98630142211914 6.01518678665161 6.0742130279541 6.14328622817993 6.21235942840576 6.28143262863159 6.35050582885742 6.41957902908325 6.48865222930908 6.54424047470093 6.5593729019165 6.57450580596924
5.17678308486938 5.19054937362671 5.20431566238403 5.2180814743042 5.23184776306152 5.24561405181885 5.29367971420288 5.35317802429199 5.41267681121826 5.47217559814453 5.5316743850708 5.59117269515991 5.65067148208618 5.69109916687012 5.67431449890137 5.65753030776978 5.64074563980103 5.62396097183228 5.60717630386353 5.59039163589478 5.57360744476318 5.59677267074585 5.63325452804565 5.66973686218262 5.70621871948242 5.74270105361938 5.77918291091919 5.81566524505615 5.84870767593384 5.87143087387085 5.89415407180786 5.91687774658203 5.93960094451904 5.96232461929321 5.98504781723022 6.0077714920044 6.06511545181274 6.13399982452393 6.20288419723511 6.27176809310913 6.34065246582031 6.40953683853149 6.47842121124268 6.53398323059082 6.54957866668701 6.5651741027832
5.13359880447388 5.13338279724121 5.13316679000854 5.13295078277588 5.13273477554321 5.13251876831055 5.18466663360596 5.25426864624023 5.32387065887451 5.39347267150879 5.46307516098022 5.5326771736145 5.60227918624878 5.65194797515869 5.64181613922119 5.63168430328369 5.62155294418335 5.61142110824585 5.60128927230835 5.59115743637085 5.58102607727051 5.60572385787964 5.6420316696167 5.67833948135376 5.71464729309082 5.75095510482788 5.78726291656494 5.823570728302 5.85547018051147 5.8741455078125 5.89282083511353 5.91149568557739 5.93017101287842 5.94884586334229 5.96752119064331 5.98619604110718 6.04152679443359 6.10907602310181 6.17662525177002 6.24417495727539 6.3117241859436 6.37927341461182 6.44682264328003 6.50221300125122 6.52112674713135 6.54004049301147
5.10220098495483 5.09180212020874 5.0814037322998 5.07100486755371 5.06060647964478 5.05020809173584 5.0988278388977 5.16712045669556 5.23541307449341 5.3037052154541 5.37199783325195 5.4402904510498 5.50858306884766 5.56018781661987 5.56172752380371 5.56326770782471 5.5648078918457 5.5663480758667 5.5678882598877 5.56942796707153 5.57096815109253 5.59712743759155 5.63149261474609 5.66585826873779 5.70022344589233 5.73458862304688 5.76895427703857 5.80331945419312 5.83327865600586 5.8500189781189 5.86675930023193 5.88350009918213 5.90024042129517 5.9169807434082 5.93372106552124 5.95046138763428 6.00344800949097 6.06851577758789 6.13358402252197 6.19865226745605 6.26372003555298 6.32878828048706 6.39385652542114 6.44892930984497 6.47401714324951 6.49910497665405
5.07080316543579 5.05022192001343 5.02964067459106 5.0090594291687 4.98847818374634 4.96789693832397 5.0129885673523 5.07997179031372 5.14695501327515 5.21393775939941 5.28092098236084 5.34790420532227 5.41488695144653 5.46842765808105 5.48163938522339 5.49485111236572 5.50806331634521 5.52127504348755 5.53448677062988 5.54769897460938 5.56091070175171 5.58853101730347 5.62095355987549 5.65337657928467 5.68579959869385 5.71822214126587 5.75064516067505 5.78306818008423 5.81108665466309 5.82589244842529 5.8406982421875 5.85550403594971 5.87030982971191 5.88511562347412 5.89992141723633 5.91472721099854 5.96536874771118 6.02795553207397 6.09054231643677 6.15312957763672 6.21571636199951 6.2783031463623 6.34089040756226 6.39564609527588 6.42690753936768 6.45816946029663
5.03940534591675 5.00864124298096 4.97787761688232 4.94711351394653 4.91634941101074 4.88558578491211 4.92714977264404 4.99282360076904 5.05849695205688 5.12417030334473 5.18984413146973 5.25551748275757 5.32119131088257 5.37666702270508 5.40155076980591 5.42643451690674 5.45131826400757 5.4762020111084 5.50108575820923 5.52596950531006 5.55085325241089 5.57993459701538 5.61041498184204 5.6408953666687 5.67137575149536 5.70185613632202 5.73233652114868 5.76281690597534 5.78889465332031 5.80176591873169 5.81463718414307 5.82750797271729 5.84037923812866 5.85325050354004 5.86612129211426 5.87899255752563 5.9272894859314 5.98739528656006 6.04750108718872 6.10760688781738 6.16771268844604 6.22781848907471 6.28792381286621 6.34236240386963 6.37979793548584 6.41723394393921
5.0080075263977 4.96706056594849 4.92611408233643 4.88516759872437 4.8442211151123 4.80327463150024 4.84131097793579 4.90567493438721 4.97003889083862 5.03440284729004 5.09876728057861 5.16313123703003 5.22749519348145 5.28490686416626 5.32146263122559 5.35801792144775 5.39457368850708 5.43112897872925 5.46768474578857 5.50424003601074 5.54079580307007 5.5713381767273 5.59987592697144 5.62841367721558 5.65695190429688 5.68548965454102 5.71402740478516 5.74256563186646 5.7667031288147 5.77763938903809 5.78857564926147 5.79951238632202 5.81044864654541 5.8213849067688 5.83232164382935 5.84325790405273 5.88921022415161 5.94683504104614 6.00445938110352 6.06208419799805 6.11970853805542 6.17733335494995 6.23495769500732 6.28907871246338 6.33268880844116 6.37629842758179
4.9766092300415 4.92548036575317 4.87435102462769 4.8232216835022 4.77209281921387 4.72096347808838 4.75547218322754 4.81852674484253 4.88158130645752 4.94463539123535 5.00768995285034 5.07074451446533 5.13379907608032 5.19314670562744 5.24137401580811 5.28960132598877 5.33782863616943 5.3860559463501 5.43428325653076 5.48251056671143 5.53073787689209 5.56274127960205 5.58933687210083 5.61593246459961 5.64252805709839 5.66912317276001 5.69571876525879 5.72231435775757 5.74451112747192 5.75351285934448 5.76251459121704 5.7715163230896 5.78051805496216 5.78951978683472 5.79852151870728 5.80752325057983 5.85113143920898 5.90627479553223 5.96141815185547 6.01656150817871 6.07170486450195 6.1268482208252 6.18199157714844 6.23579502105713 6.28557920455933 6.33536291122437
