data/working_set_collections/6091692-Cassins_Sparrow-M2/1985/speed_avg.asc
NCOLS 265 
NROWS 230 
XLLCORNER -115.5625 
YLLCORNER 24.8333333333333 
CELLSIZE 0.0833333333333333 
NODATA_value -9999 
[rows 0 to 19 of 230, columns 0 to 45 of 265]
4.029976844787600 4.06419658660889 4.09841680526733 4.13263654708862 4.16685628890991 4.2010760307312 4.23529624938965 4.27225971221924 4.31013774871826 4.34801578521729 4.38589382171631 4.42377185821533 4.46164989471436 4.49952793121338 4.52850866317749 4.53079843521118 4.53308820724487 4.53537797927856 4.53766775131226 4.53995752334595 4.54224729537964 4.54453706741333 4.53262090682983 4.51596927642822 4.49931812286377 4.48266649246216 4.46601486206055 4.44936323165894 4.43271207809448 4.43494462966919 4.49382925033569 4.5527138710022 4.6115984916687 4.67048358917236 4.72936820983887 4.78825283050537 4.84713745117188 4.91776037216187 4.99229574203491 5.06683111190796 5.14136648178101 5.21590185165405 5.2904372215271 5.36497259140015 5.41192770004272 5.37614250183105
4.18243169784546 4.21553468704224 4.24863767623901 4.28174114227295 4.31484413146973 4.34794759750366 4.38105058670044 4.41140079498291 4.44083309173584 4.47026538848877 4.4996976852417 4.52912998199463 4.55856227874756 4.58799457550049 4.61071825027466 4.61331653594971 4.6159143447876 4.61851263046265 4.62111043930054 4.62370872497559 4.62630653381348 4.62890481948853 4.62183570861816 4.61154413223267 4.60125255584717 4.59096097946167 4.58066892623901 4.57037734985352 4.56008577346802 4.56620740890503 4.62156867980957 4.67693042755127 4.73229169845581 4.78765296936035 4.84301424026489 4.89837551116943 4.95373678207397 5.02288293838501 5.09662437438965 5.17036533355713 5.24410629272461 5.31784772872925 5.39158868789673 5.46532964706421 5.50642204284668 5.44956684112549
4.33488607406616 4.36687278747559 4.39885902404785 4.43084573745728 4.46283197402954 4.49481868743896 4.52680492401123 4.55054140090942 4.57152795791626 4.5925145149231 4.61350154876709 4.63448810577393 4.65547466278076 4.6764612197876 4.69292783737183 4.69583415985107 4.69874048233032 4.70164680480957 4.70455312728882 4.70745944976807 4.71036577224731 4.71327257156372 4.71105003356934 4.70711851119995 4.70318698883057 4.69925498962402 4.69532346725464 4.6913914680481 4.68745994567871 4.69747066497803 4.74930858612061 4.80114650726318 4.85298442840576 4.90482234954834 4.95666027069092 5.0084981918335 5.06033658981323 5.12800598144531 5.20095300674438 5.2738995552063 5.34684658050537 5.41979360580444 5.49274015426636 5.56568717956543 5.60091590881348 5.52299118041992
4.48734092712402 4.51821088790894 4.54908037185669 4.5799503326416 4.61081981658936 4.64168977737427 4.67255926132202 4.6896824836731 4.70222330093384 4.71476411819458 4.72730493545532 4.73984622955322 4.75238704681396 4.76492786407471 4.77513694763184 4.77835178375244 4.78156661987305 4.78478097915649 4.7879958152771 4.7912106513977 4.79442548751831 4.79763984680176 4.80026483535767 4.80269289016724 4.80512142181396 4.80754947662354 4.80997753143311 4.81240558624268 4.8148341178894 4.82873392105103 4.87704849243164 4.92536306381226 4.97367763519287 5.02199220657349 5.0703067779541 5.11862134933472 5.16693592071533 5.23312902450562 5.30528163909912 5.37743425369263 5.44958686828613 5.52173948287964 5.59389162063599 5.66604423522949 5.69541025161743 5.59641551971436
4.63979578018188 4.66954851150513 4.69930171966553 4.72905445098877 4.75880765914917 4.78856086730957 4.81831359863281 4.82882356643677 4.83291864395142 4.83701372146606 4.84110879898071 4.84520387649536 4.84929943084717 4.85339450836182 4.857346534729 4.86086940765381 4.86439275741577 4.86791563034058 4.87143850326538 4.87496137619019 4.87848472595215 4.88200759887695 4.889479637146 4.89826774597168 4.90705585479736 4.91584396362305 4.92463207244873 4.93342018127441 4.9422082901001 4.95999670028687 5.00478792190552 5.04957914352417 5.09437036514282 5.13916158676147 5.18395280838013 5.22874402999878 5.27353525161743 5.33825159072876 5.40961027145386 5.4809684753418 5.55232667922974 5.62368488311768 5.69504356384277 5.76640176773071 5.78990459442139 5.66983985900879
4.79225015640259 4.82088661193848 4.84952306747437 4.8781590461731 4.90679550170898 4.93543195724487 4.9640679359436 4.96796417236328 4.96361398696899 4.95926332473755 4.9549126625061 4.95056200027466 4.94621181488037 4.94186115264893 4.93955612182617 4.94338750839233 4.94721841812134 4.9510498046875 4.95488119125366 4.95871257781982 4.96254396438599 4.96637535095215 4.97869396209717 4.99384212493896 5.0089898109436 5.0241379737854 5.0392861366272 5.05443429946899 5.06958198547363 5.09125995635986 5.13252782821655 5.17379570007324 5.21506357192993 5.25633096694946 5.29759883880615 5.33886671066284 5.38013458251953 5.44337463378906 5.51393842697144 5.58450269699097 5.6550669670105 5.72563076019287 5.7961950302124 5.86675930023193 5.88439846038818 5.74326419830322
4.92805051803589 4.95639085769653 4.98473119735718 5.01307153701782 5.04141187667847 5.06975221633911 5.09809255599976 5.10023546218872 5.09364652633667 5.08705759048462 5.08046817779541 5.07387924194336 5.06729030609131 5.0607008934021 5.05678558349609 5.06089019775391 5.06499481201172 5.06909942626953 5.0732045173645 5.07730913162231 5.08141374588013 5.0855188369751 5.09860277175903 5.11468029022217 5.13075733184814 5.14683485031128 5.16291189193726 5.17898941040039 5.19506645202637 5.21537780761719 5.24839067459106 5.28140354156494 5.31441640853882 5.3474292755127 5.38044214248657 5.41345500946045 5.44646787643433 5.50183439254761 5.56465244293213 5.62747049331665 5.69028806686401 5.75310611724854 5.81592416763306 5.87874221801758 5.88864421844482 5.73979997634888
5.04719543457031 5.07606077194214 5.10492610931396 5.13379096984863 5.16265630722046 5.19152116775513 5.22038650512695 5.22563743591309 5.2230167388916 5.22039651870728 5.21777582168579 5.21515512466431 5.21253490447998 5.2099142074585 5.20903491973877 5.21337795257568 5.21772146224976 5.22206449508667 5.22640800476074 5.23075103759766 5.23509454727173 5.2394380569458 5.24920558929443 5.26078176498413 5.27235794067383 5.28393363952637 5.29550981521606 5.30708599090576 5.3186616897583 5.33235025405884 5.35237693786621 5.37240314483643 5.3924298286438 5.41245603561401 5.43248224258423 5.4525089263916 5.47253513336182 5.51363182067871 5.56175136566162 5.60987138748169 5.6579909324646 5.70611095428467 5.75423097610474 5.80235052108765 5.80264186859131 5.65944671630859
5.16634082794189 5.19573068618774 5.22512102127075 5.2545108795166 5.28390073776245 5.3132905960083 5.34268045425415 5.35103940963745 5.35238742828369 5.35373544692993 5.35508346557617 5.35643148422241 5.35777950286865 5.35912752151489 5.36128425598145 5.36586618423462 5.37044763565063 5.37502956390381 5.37961149215698 5.38419342041016 5.38877534866333 5.3933572769165 5.39980840682983 5.40688323974609 5.41395807266235 5.42103290557861 5.42810773849487 5.43518209457397 5.44225692749023 5.44932317733765 5.4563627243042 5.46340274810791 5.47044277191162 5.47748279571533 5.48452281951904 5.4915623664856 5.49860239028931 5.52542877197266 5.55885028839111 5.59227228164673 5.62569379806519 5.6591157913208 5.69253730773926 5.72595930099487 5.71663904190063 5.57909345626831
5.28548622131348 5.31540107727051 5.34531545639038 5.37523031234741 5.40514516830444 5.43506002426147 5.46497488021851 5.47644090652466 5.48175764083862 5.48707437515259 5.49239110946655 5.49770736694336 5.50302410125732 5.50834083557129 5.51353359222412 5.5183539390564 5.52317428588867 5.52799463272095 5.53281497955322 5.53763580322266 5.54245615005493 5.54727649688721 5.55041170120239 5.55298519134521 5.55555820465088 5.5581316947937 5.56070518493652 5.56327867507935 5.56585216522217 5.5662956237793 5.56034898757935 5.55440235137939 5.54845571517944 5.54250955581665 5.5365629196167 5.53061628341675 5.5246696472168 5.5372257232666 5.55594968795776 5.57467317581177 5.59339666366577 5.61212015151978 5.63084411621094 5.64956760406494 5.63063621520996 5.49874019622803
5.40463161468506 5.43507099151611 5.46551036834717 5.49595022201538 5.52638959884644 5.55682945251465 5.5872688293457 5.60184288024902 5.61112785339355 5.62041330337524 5.62969827651978 5.63898372650146 5.64826917648315 5.65755414962769 5.6657829284668 5.67084169387817 5.67590093612671 5.68095970153809 5.68601894378662 5.691077709198 5.69613647460938 5.70119571685791 5.70101451873779 5.69908666610718 5.69715881347656 5.69523096084595 5.69330310821533 5.69137525558472 5.6894474029541 5.68326807022095 5.66433525085449 5.64540195465088 5.62646913528442 5.60753631591797 5.58860301971436 5.5696702003479 5.55073738098145 5.5490231513977 5.55304861068726 5.55707406997681 5.56109952926636 5.56512498855591 5.56915044784546 5.57317590713501 5.54463338851929 5.41838693618774
5.52377653121948 5.55474090576172 5.58570528030396 5.61666965484619 5.64763402938843 5.67859840393066 5.7095627784729 5.72724437713623 5.74049854278564 5.7537522315979 5.76700592041016 5.78025960922241 5.79351377487183 5.80676746368408 5.81803226470947 5.82332992553711 5.82862710952759 5.83392477035522 5.83922243118286 5.8445200920105 5.84981727600098 5.85511493682861 5.85161733627319 5.84518814086914 5.83875894546509 5.83232975006104 5.82590055465698 5.81947135925293 5.81304216384888 5.8002405166626 5.76832103729248 5.73640155792236 5.70448207855225 5.67256259918213 5.64064359664917 5.60872411727905 5.57680463790894 5.56082010269165 5.55014753341675 5.53947496414185 5.52880239486694 5.51812982559204 5.50745725631714 5.49678468704224 5.45863103866577 5.33803367614746
5.64498281478882 5.67246007919312 5.69993734359741 5.72741460800171 5.75489187240601 5.7823691368103 5.8098464012146 5.8268985748291 5.84047555923462 5.8540530204773 5.86763048171997 5.88120794296265 5.89478492736816 5.90836238861084 5.91876840591431 5.91966152191162 5.92055463790894 5.92144727706909 5.92234039306641 5.92323350906372 5.92412614822388 5.92501926422119 5.91680908203125 5.9055643081665 5.89431953430176 5.88307476043701 5.87183046340942 5.86058568954468 5.84934091567993 5.83049297332764 5.78883600234985 5.74717903137207 5.70552206039429 5.6638650894165 5.62220811843872 5.5805516242981 5.53889465332031 5.51134729385376 5.48850345611572 5.46565961837769 5.44281578063965 5.41997194290161 5.39712810516357 5.37428426742554 5.33033561706543 5.22307252883911
5.76824998855591 5.78822803497314 5.80820608139038 5.82818412780762 5.84816217422485 5.86814022064209 5.88811826705933 5.90080451965332 5.91106033325195 5.92131614685059 5.93157196044922 5.94182729721069 5.95208311080933 5.96233892440796 5.96799182891846 5.95983695983887 5.95168256759644 5.94352769851685 5.93537282943726 5.92721843719482 5.91906356811523 5.91090869903564 5.8965892791748 5.88021469116211 5.86384057998657 5.84746599197388 5.83109140396118 5.81471729278564 5.79834270477295 5.77402544021606 5.72588014602661 5.677734375 5.62958908081055 5.58144378662109 5.53329801559448 5.48515272140503 5.43700695037842 5.40060424804688 5.36811637878418 5.33562803268433 5.30313968658447 5.27065134048462 5.23816347122192 5.20567512512207 5.15974760055542 5.07350301742554
5.891517162323 5.90399599075317 5.91647481918335 5.92895364761353 5.94143295288086 5.95391178131104 5.96639060974121 5.9747109413147 5.98164510726929 5.98857879638672 5.99551296234131 6.0024471282959 6.00938129425049 6.01631546020508 6.01721525192261 6.00001287460327 5.98281049728394 5.9656081199646 5.94840574264526 5.93120288848877 5.91400051116943 5.8967981338501 5.87636947631836 5.85486555099487 5.83336114883423 5.81185722351074 5.7903528213501 5.76884889602661 5.74734497070312 5.71755838394165 5.66292428970337 5.60829019546509 5.55365610122681 5.49902200698853 5.44438791275024 5.38975381851196 5.33511972427368 5.28986167907715 5.24772882461548 5.20559644699097 5.1634635925293 5.12133121490479 5.07919836044312 5.0370659828186 4.98915958404541 4.9239330291748
6.01478385925293 6.0197639465332 6.02474355697632 6.02972364425659 6.03470325469971 6.03968286514282 6.0446629524231 6.04861688613892 6.05222940444946 6.05584192276001 6.05945444107056 6.0630669593811 6.06667900085449 6.07029151916504 6.06643867492676 6.04018831253052 6.01393842697144 5.9876880645752 5.96143817901611 5.93518781661987 5.90893793106079 5.88268756866455 5.85614967346191 5.82951593399048 5.80288219451904 5.77624845504761 5.74961423873901 5.72298049926758 5.69634675979614 5.66109085083008 5.59996795654297 5.53884553909302 5.47772264480591 5.41660022735596 5.35547733306885 5.2943549156189 5.23323202133179 5.17911863327026 5.12734174728394 5.07556486129761 5.02378749847412 4.97201061248779 4.92023372650146 4.86845636367798 4.8185715675354 4.77436351776123
6.13805103302002 6.13553190231323 6.13301229476929 6.1304931640625 6.12797355651855 6.12545442581177 6.12293481826782 6.12252330780029 6.1228141784668 6.1231050491333 6.1233959197998 6.12368631362915 6.12397718429565 6.12426805496216 6.11566162109375 6.08036375045776 6.04506635665894 6.00976848602295 5.97447061538696 5.93917274475098 5.90387487411499 5.868577003479 5.83592987060547 5.80416631698608 5.7724027633667 5.74063920974731 5.70887565612793 5.67711210250854 5.64534854888916 5.60462331771851 5.53701210021973 5.46940088272095 5.40178966522217 5.33417844772339 5.26656723022461 5.19895601272583 5.13134479522705 5.06837558746338 5.00695419311523 4.94553279876709 4.88411140441895 4.8226900100708 4.76126861572266 4.69984722137451 4.64798402786255 4.62479400634766
6.26131820678711 6.25129985809326 6.24128103256226 6.23126268386841 6.22124433517456 6.21122550964355 6.20120716094971 6.19642925262451 6.19339847564697 6.19036769866943 6.1873369216919 6.18430614471436 6.18127536773682 6.17824459075928 6.1648850440979 6.12053966522217 6.07619428634644 6.03184843063354 5.98750305175781 5.94315767288208 5.89881229400635 5.85446691513062 5.81571054458618 5.77881717681885 5.74192380905151 5.70503044128418 5.66813707351685 5.63124370574951 5.59435081481934 5.54815578460693 5.47405576705933 5.39995622634888 5.32585620880127 5.25175666809082 5.17765665054321 5.10355710983276 5.02945709228516 4.95763301849365 4.88656711578369 4.81550121307373 4.74443531036377 4.67336988449097 4.60230398178101 4.53123807907104 4.47739601135254 4.47522401809692
6.30660820007324 6.29632043838501 6.28603315353394 6.2757453918457 6.26545763015747 6.25516986846924 6.24488258361816 6.23765563964844 6.23144912719727 6.22524261474609 6.21903610229492 6.21282958984375 6.20662307739258 6.20041608810425 6.18309640884399 6.13243627548218 6.08177614212036 6.03111553192139 5.98045539855957 5.92979526519775 5.87913513183594 5.82847499847412 5.78435516357422 5.74241495132446 5.70047521591187 5.65853548049927 5.61659574508667 5.57465600967407 5.53271579742432 5.4819450378418 5.40468120574951 5.32741689682007 5.25015258789062 5.17288875579834 5.0956244468689 5.01836061477661 4.94109630584717 4.86830854415894 4.79701328277588 4.72571754455566 4.65442180633545 4.58312606811523 4.51183080673218 4.44053506851196 4.39118480682373 4.40767002105713
6.27392101287842 6.27059459686279 6.26726770401001 6.26394081115723 6.2606143951416 6.25728750228882 6.25396060943604 6.24620199203491 6.23696565628052 6.22772884368896 6.21849250793457 6.20925617218018 6.20001983642578 6.19078350067139 6.17029571533203 6.11605358123779 6.06181192398071 6.00756978988647 5.95332765579224 5.89908599853516 5.84484386444092 5.79060173034668 5.74186420440674 5.69496059417725 5.64805746078491 5.60115432739258 5.55425119400024 5.50734806060791 5.46044445037842 5.4059910774231 5.32888698577881 5.25178289413452 5.17467880249023 5.09757471084595 5.02047061920166 4.94336652755737 4.86626243591309 4.80040311813354 4.73829221725464 4.67618131637573 4.61407089233398 4.55195999145508 4.48984909057617 4.42773818969727 4.38935041427612 4.42213153839111
