data/working_set_collections/6091692-Cassins_Sparrow-M2/1985/t2m_avg.asc
NCOLS 265 
NROWS 230 
XLLCORNER -115.5625 
YLLCORNER 24.8333333333333 
CELLSIZE 0.0833333333333333 
NODATA_value -9999 
[rows 160 to 179 of 230, columns 92 to 137 of 265]
289.0341796875 289.219116210938 289.404052734375 289.588989257812 289.77392578125 289.895172119141 289.995178222656 290.095184326172 290.195190429688 290.295196533203 290.395202636719 290.495208740234 290.559600830078 290.51708984375 290.474548339844 290.432037353516 290.389526367188 290.347015380859 290.304473876953 290.261962890625 290.235656738281 290.214752197266 290.19384765625 290.172912597656 290.152008056641 290.131103515625 290.110198974609 290.103973388672 290.141754150391 290.179534912109 290.217315673828 290.255096435547 290.292877197266 290.330657958984 290.368438720703 290.281890869141 290.153900146484 290.025909423828 289.897888183594 289.769897460938 289.641906738281 289.513916015625 289.432220458984 289.489379882812 289.546508789062 289.603668212891
288.911010742188 289.118530273438 289.326080322266 289.533599853516 289.741119384766 289.873901367188 289.981781005859 290.089630126953 290.197509765625 290.305358886719 290.413238525391 290.521087646484 290.591583251953 290.549926757812 290.50830078125 290.466644287109 290.424987792969 290.383331298828 290.341705322266 290.300048828125 290.275299072266 290.256195068359 290.237091064453 290.217956542969 290.198852539062 290.179748535156 290.16064453125 290.157958984375 290.204498291016 290.251037597656 290.297607421875 290.344146728516 290.390686035156 290.437225341797 290.483795166016 290.384552001953 290.236724853516 290.088897705078 289.941101074219 289.793273925781 289.645446777344 289.497619628906 289.393463134766 289.420288085938 289.447113037109 289.473937988281
288.7177734375 288.94580078125 289.173828125 289.40185546875 289.6298828125 289.769989013672 289.880798339844 289.991638183594 290.102447509766 290.213287353516 290.324096679688 290.434906005859 290.509918212891 290.477416992188 290.444915771484 290.412414550781 290.379913330078 290.347381591797 290.314880371094 290.282379150391 290.2666015625 290.256378173828 290.246185302734 290.235961914062 290.225738525391 290.215545654297 290.205322265625 290.209991455078 290.259368896484 290.308715820312 290.358062744141 290.407440185547 290.456787109375 290.506164550781 290.555511474609 290.459594726562 290.315246582031 290.1708984375 290.026550292969 289.882202148438 289.737854003906 289.593505859375 289.486450195312 289.491333007812 289.496246337891 289.501129150391
288.454437255859 288.700866699219 288.947296142578 289.193756103516 289.440185546875 289.583435058594 289.692321777344 289.801177978516 289.910064697266 290.018920898438 290.127807617188 290.236663818359 290.314544677734 290.299468994141 290.284393310547 290.269317626953 290.254241943359 290.239166259766 290.224090576172 290.209014892578 290.209564208984 290.215362548828 290.221130371094 290.226898193359 290.232696533203 290.238464355469 290.244232177734 290.260131835938 290.306335449219 290.3525390625 290.398742675781 290.444976806641 290.491180419922 290.537384033203 290.583587646484 290.506958007812 290.389404296875 290.271820068359 290.154266357422 290.036682128906 289.919128417969 289.801544189453 289.711212158203 289.702545166016 289.693878173828 289.685211181641
288.191101074219 288.455963134766 288.720794677734 288.985626220703 289.25048828125 289.396881103516 289.503814697266 289.610748291016 289.717651367188 289.824584960938 289.931518554688 290.038421630859 290.119201660156 290.121551513672 290.123901367188 290.126251220703 290.128601074219 290.130920410156 290.133270263672 290.135620117188 290.152526855469 290.17431640625 290.196075439453 290.217834472656 290.239624023438 290.261383056641 290.283142089844 290.310241699219 290.353302001953 290.396362304688 290.439422607422 290.482482910156 290.525543212891 290.568603515625 290.611663818359 290.554351806641 290.463562011719 290.372772216797 290.281982421875 290.191192626953 290.100402832031 290.009613037109 289.935974121094 289.913757324219 289.891510009766 289.869293212891
287.927764892578 288.211029052734 288.494293212891 288.777526855469 289.060791015625 289.210327148438 289.315307617188 289.420288085938 289.525268554688 289.630249023438 289.735198974609 289.840179443359 289.923858642578 289.943634033203 289.963409423828 289.983154296875 290.0029296875 290.022705078125 290.04248046875 290.062255859375 290.095520019531 290.133270263672 290.171020507812 290.208801269531 290.246551513672 290.284301757812 290.322082519531 290.360382080078 290.400268554688 290.440185546875 290.480102539062 290.52001953125 290.559936523438 290.599853515625 290.639770507812 290.601745605469 290.537719726562 290.473724365234 290.409698486328 290.345703125 290.281707763672 290.217681884766 290.160736083984 290.124938964844 290.089141845703 290.053375244141
287.664428710938 287.966094970703 288.267761230469 288.569427490234 288.87109375 289.023773193359 289.126800537109 289.229827880859 289.332855224609 289.435882568359 289.538909912109 289.641937255859 289.728515625 289.765686035156 289.802886962891 289.840087890625 289.877288818359 289.914489746094 289.95166015625 289.988861083984 290.038482666016 290.092224121094 290.145965576172 290.199737548828 290.253479003906 290.307220458984 290.360992431641 290.410491943359 290.447265625 290.484008789062 290.520782470703 290.557556152344 290.594329833984 290.631072998047 290.667846679688 290.649108886719 290.611877441406 290.574676513672 290.537445068359 290.500213623047 290.462982177734 290.425750732422 290.385498046875 290.336151123047 290.286804199219 290.237457275391
287.401123046875 287.72119140625 288.041259765625 288.361328125 288.681396484375 288.837249755859 288.938323974609 289.039398193359 289.140472412109 289.241546630859 289.342620849609 289.443695068359 289.533142089844 289.587768554688 289.642395019531 289.697021484375 289.751617431641 289.806243896484 289.860870361328 289.915466308594 289.9814453125 290.051177978516 290.120941162109 290.190673828125 290.260406494141 290.330169677734 290.39990234375 290.460601806641 290.494232177734 290.52783203125 290.561462402344 290.595092773438 290.628692626953 290.662322998047 290.695922851562 290.696502685547 290.686065673828 290.675598144531 290.665161132812 290.654724121094 290.644256591797 290.633819580078 290.610260009766 290.547332763672 290.484436035156 290.421539306641
287.132598876953 287.441223144531 287.749877929688 288.058532714844 288.367156982422 288.524536132812 288.631500244141 288.738464355469 288.845397949219 288.952362060547 289.059326171875 289.166259765625 289.266754150391 289.347808837891 289.428863525391 289.509948730469 289.591003417969 289.672058105469 289.753143310547 289.834197998047 289.922485351562 290.01318359375 290.103881835938 290.194549560547 290.285247802734 290.375946044922 290.466644287109 290.542999267578 290.576293945312 290.609619140625 290.642913818359 290.676208496094 290.709533691406 290.742828369141 290.776153564453 290.792327880859 290.802795410156 290.813293457031 290.823760986328 290.834228515625 290.844696044922 290.855194091797 290.846923828125 290.782379150391 290.717834472656 290.6533203125
286.85888671875 287.126251220703 287.393646240234 287.661010742188 287.928375244141 288.085723876953 288.206359863281 288.327026367188 288.447692871094 288.568359375 288.688995361328 288.809661865234 288.929290771484 289.045806884766 289.162353515625 289.278869628906 289.395416259766 289.511932373047 289.628479003906 289.744995117188 289.861572265625 289.978179931641 290.094787597656 290.211395263672 290.328002929688 290.444610595703 290.561218261719 290.657623291016 290.693450927734 290.729309082031 290.76513671875 290.800964355469 290.836791992188 290.872650146484 290.908477783203 290.936584472656 290.962127685547 290.987670898438 291.013244628906 291.038787841797 291.064331054688 291.089874267578 291.095458984375 291.041229248047 290.986999511719 290.932769775391
286.585174560547 286.811279296875 287.037384033203 287.263488769531 287.489593505859 287.646881103516 287.78125 287.915618896484 288.049957275391 288.184326171875 288.318695068359 288.453063964844 288.591827392578 288.743835449219 288.895812988281 289.047821044922 289.199798583984 289.351806640625 289.503814697266 289.655792236328 289.800689697266 289.943206787109 290.085723876953 290.228240966797 290.370758056641 290.513275146484 290.655792236328 290.772247314453 290.810638427734 290.848999023438 290.887359619141 290.925720214844 290.964080810547 291.00244140625 291.040802001953 291.080871582031 291.121459960938 291.162078857422 291.202697753906 291.243316650391 291.283935546875 291.324554443359 291.344024658203 291.300109863281 291.256195068359 291.212249755859
286.311492919922 286.496307373047 286.68115234375 286.865966796875 287.050811767578 287.208068847656 287.356109619141 287.504180908203 287.652252197266 287.800323486328 287.948394775391 288.096435546875 288.254364013672 288.441833496094 288.629302978516 288.816741943359 289.004211425781 289.191680908203 289.379150390625 289.566619873047 289.739807128906 289.908233642578 290.07666015625 290.245086669922 290.413513183594 290.581939697266 290.750366210938 290.886901855469 290.927795410156 290.968688964844 291.009582519531 291.050476074219 291.091369628906 291.132263183594 291.173156738281 291.225128173828 291.280822753906 291.336486816406 291.392181396484 291.447845458984 291.503540039062 291.559234619141 291.592590332031 291.558959960938 291.525360107422 291.491729736328
286.037780761719 286.181335449219 286.324890136719 286.468444824219 286.611999511719 286.769226074219 286.930999755859 287.0927734375 287.254547119141 287.416290283203 287.578063964844 287.739837646484 287.916900634766 288.139831542969 288.362762451172 288.585693359375 288.808624267578 289.031555175781 289.254486083984 289.477416992188 289.678894042969 289.873229980469 290.067565917969 290.261901855469 290.456237792969 290.650573730469 290.844909667969 291.001525878906 291.044952392578 291.08837890625 291.131805419922 291.175201416016 291.218627929688 291.262054443359 291.305480957031 291.369384765625 291.440155029297 291.510894775391 291.581665039062 291.652404785156 291.72314453125 291.793914794922 291.841156005859 291.817840576172 291.794525146484 291.771209716797
285.764099121094 285.866363525391 285.968658447266 286.070953369141 286.173217773438 286.330413818359 286.505859375 286.681335449219 286.856811523438 287.032287597656 287.207763671875 287.383239746094 287.579437255859 287.837829589844 288.096221923828 288.354644775391 288.613037109375 288.871429443359 289.129821777344 289.388214111328 289.618011474609 289.838256835938 290.058502197266 290.278747558594 290.498992919922 290.71923828125 290.939483642578 291.116180419922 291.162109375 291.208068847656 291.254028320312 291.299957275391 291.345916748047 291.391845703125 291.437805175781 291.513671875 291.599487304688 291.685302734375 291.771118164062 291.85693359375 291.942779541016 292.028594970703 292.089691162109 292.076690673828 292.063690185547 292.050689697266
285.647308349609 285.715087890625 285.782867431641 285.850646972656 285.918426513672 286.066589355469 286.241577148438 286.416534423828 286.591522216797 286.766479492188 286.941467285156 287.116424560547 287.318664550781 287.602600097656 287.886566162109 288.170532226562 288.454467773438 288.738433837891 289.022399902344 289.306335449219 289.560699462891 289.80517578125 290.049682617188 290.294158935547 290.538665771484 290.783142089844 291.027648925781 291.222503662109 291.268524169922 291.314544677734 291.360534667969 291.406555175781 291.452575683594 291.498565673828 291.544586181641 291.615844726562 291.695495605469 291.775177001953 291.854827880859 291.934509277344 292.014190673828 292.093841552734 292.154388427734 292.157592773438 292.160766601562 292.163970947266
285.687408447266 285.727478027344 285.767517089844 285.807556152344 285.847595214844 285.977813720703 286.138092041016 286.298370361328 286.458648681641 286.618896484375 286.779174804688 286.939453125 287.134552001953 287.434143066406 287.733764648438 288.033355712891 288.332977294922 288.632568359375 288.932159423828 289.231781005859 289.506958007812 289.774017333984 290.041107177734 290.308166503906 290.575225830078 290.84228515625 291.109344482422 291.320556640625 291.364166259766 291.407775878906 291.451385498047 291.494995117188 291.538604736328 291.582214355469 291.625823974609 291.675933837891 291.728240966797 291.780517578125 291.832794189453 291.885101318359 291.937377929688 291.989685058594 292.035217285156 292.060516357422 292.085784912109 292.111083984375
285.7275390625 285.739837646484 285.752166748047 285.764465332031 285.776794433594 285.889038085938 286.034606933594 286.18017578125 286.325744628906 286.471313476562 286.616882324219 286.762451171875 286.950439453125 287.265716552734 287.580963134766 287.896209716797 288.211456298828 288.526702880859 288.841949462891 289.157196044922 289.453247070312 289.742889404297 290.032501220703 290.322143554688 290.611785888672 290.901428222656 291.191070556641 291.418579101562 291.459808349609 291.501007080078 291.542205810547 291.583435058594 291.624633789062 291.665832519531 291.70703125 291.736022949219 291.760955810547 291.785858154297 291.810760498047 291.835693359375 291.860595703125 291.885498046875 291.916046142578 291.963409423828 292.010803222656 292.058197021484
285.767669677734 285.752227783203 285.73681640625 285.721405029297 285.705963134766 285.800262451172 285.93115234375 286.06201171875 286.19287109375 286.32373046875 286.454620361328 286.585479736328 286.766357421875 287.097259521484 287.428131103516 287.759033203125 288.089935302734 288.420837402344 288.751739501953 289.082641601562 289.399505615234 289.711730957031 290.02392578125 290.336151123047 290.648345947266 290.960571289062 291.272766113281 291.516632080078 291.555450439453 291.59423828125 291.633056640625 291.671844482422 291.710662841797 291.749481201172 291.788269042969 291.796112060547 291.793670654297 291.791198730469 291.788726806641 291.786254882812 291.783813476562 291.781341552734 291.796875 291.866333007812 291.935821533203 292.005310058594
285.807769775391 285.764617919922 285.721466064453 285.678314208984 285.635162353516 285.711486816406 285.827667236328 285.943817138672 286.059997558594 286.176147460938 286.292327880859 286.408477783203 286.582244873047 286.928802490234 287.275329589844 287.621887207031 287.968414306641 288.314971923828 288.661529541016 289.008056640625 289.345794677734 289.680572509766 290.015350341797 290.350128173828 290.684906005859 291.019714355469 291.3544921875 291.614685058594 291.651092529297 291.687469482422 291.723876953125 291.760284423828 291.796691894531 291.833099365234 291.869506835938 291.856231689453 291.826385498047 291.796539306641 291.766693115234 291.736846923828 291.707000732422 291.677185058594 291.677673339844 291.769256591797 291.86083984375 291.952423095703
285.847900390625 285.777008056641 285.706115722656 285.635223388672 285.564361572266 285.622711181641 285.724182128906 285.825653076172 285.927124023438 286.028564453125 286.130035400391 286.231506347656 286.398132324219 286.760345458984 287.122528076172 287.484710693359 287.846923828125 288.209106445312 288.5712890625 288.933502197266 289.292053222656 289.6494140625 290.006774902344 290.364135742188 290.721496582031 291.078857421875 291.436187744141 291.712707519531 291.746734619141 291.780731201172 291.814727783203 291.848724365234 291.882720947266 291.916717529297 291.950714111328 291.916320800781 291.859100341797 291.801879882812 291.744659423828 291.687438964844 291.630218505859 291.572998046875 291.558502197266 291.672180175781 291.785858154297 291.899536132812
