data/working_set_collections/6091692-Cassins_Sparrow-M2/1985/t2m_avg.asc
NCOLS 265 
NROWS 230 
XLLCORNER -115.5625 
YLLCORNER 24.8333333333333 
CELLSIZE 0.0833333333333333 
NODATA_value -9999 
[rows 100 to 119 of 230, columns 92 to 137 of 265]
282.567840576172 282.521240234375 282.474639892578 282.428039550781 282.381469726562 282.466827392578 282.59619140625 282.725555419922 282.854888916016 282.984252929688 283.113616943359 283.242980957031 283.323944091797 283.259735107422 283.195526123047 283.13134765625 283.067138671875 283.0029296875 282.938720703125 282.874542236328 282.7568359375 282.621337890625 282.485809326172 282.350311279297 282.214813232422 282.079284667969 281.943786621094 281.904724121094 282.155059814453 282.405395507812 282.655700683594 282.906036376953 283.156372070312 283.406707763672 283.657043457031 283.945678710938 284.247131347656 284.548553466797 284.849975585938 285.151428222656 285.452850341797 285.754272460938 286.009063720703 286.123840332031 286.238616943359 286.353393554688
282.443695068359 282.402740478516 282.36181640625 282.320892333984 282.279937744141 282.424072265625 282.629852294922 282.835662841797 283.041442871094 283.247253417969 283.453063964844 283.658843994141 283.798095703125 283.737670898438 283.677276611328 283.616851806641 283.556427001953 283.496032714844 283.435607910156 283.375183105469 283.251556396484 283.106842041016 282.962127685547 282.817413330078 282.672698974609 282.527954101562 282.383239746094 282.335601806641 282.579162597656 282.822692871094 283.066253662109 283.309814453125 283.553344726562 283.796905517578 284.040466308594 284.324798583984 284.622741699219 284.920684814453 285.218627929688 285.516571044922 285.814514160156 286.112457275391 286.361236572266 286.462646484375 286.564056396484 286.665466308594
282.440582275391 282.422760009766 282.404968261719 282.387176513672 282.369354248047 282.547698974609 282.791381835938 283.035095214844 283.278778076172 283.522491455078 283.766174316406 284.009887695312 284.173400878906 284.096405029297 284.019378662109 283.942352294922 283.865356445312 283.788330078125 283.711334228516 283.634307861328 283.513641357422 283.378387451172 283.2431640625 283.10791015625 282.97265625 282.837432861328 282.702178955078 282.661163330078 282.90283203125 283.144470214844 283.386108398438 283.627777099609 283.869415283203 284.111053466797 284.352722167969 284.624725341797 284.906890869141 285.189056396484 285.471221923828 285.753387451172 286.035552978516 286.317718505859 286.552001953125 286.642669677734 286.733337402344 286.824035644531
282.558471679688 282.581298828125 282.604095458984 282.626922607422 282.649719238281 282.837707519531 283.080780029297 283.323822021484 283.56689453125 283.809967041016 284.053009033203 284.296081542969 284.449859619141 284.335876464844 284.221862792969 284.107879638672 283.993865966797 283.8798828125 283.765869140625 283.65185546875 283.543060302734 283.435974121094 283.328918457031 283.221832275391 283.11474609375 283.007690429688 282.900604248047 282.881439208984 283.126068115234 283.370697021484 283.615325927734 283.859924316406 284.104553222656 284.349182128906 284.593780517578 284.845520019531 285.099609375 285.353698730469 285.607788085938 285.861877441406 286.115997314453 286.370086669922 286.581298828125 286.663909912109 286.746490478516 286.8291015625
282.676391601562 282.739807128906 282.80322265625 282.866638183594 282.930053710938 283.127746582031 283.370147705078 283.612579345703 283.855010986328 284.097412109375 284.33984375 284.582275390625 284.726348876953 284.575347900391 284.424346923828 284.273376464844 284.122375488281 283.971405029297 283.820404052734 283.66943359375 283.572479248047 283.493591308594 283.414672851562 283.335754394531 283.2568359375 283.177917480469 283.099029541016 283.101715087891 283.349334716797 283.596923828125 283.844512939453 284.092102050781 284.339691162109 284.587280273438 284.834869384766 285.066284179688 285.292327880859 285.518341064453 285.744354248047 285.970397949219 286.196411132812 286.422454833984 286.610595703125 286.685119628906 286.759643554688 286.834167480469
282.794311523438 282.898345947266 283.002349853516 283.106384277344 283.210418701172 283.417755126953 283.659545898438 283.901336669922 284.143096923828 284.384887695312 284.626678466797 284.868469238281 285.002807617188 284.814819335938 284.626861572266 284.438873291016 284.250915527344 284.062927246094 283.874969482422 283.686981201172 283.601928710938 283.551177978516 283.500427246094 283.449676513672 283.39892578125 283.348175048828 283.297424316406 283.321990966797 283.572570800781 283.823120117188 284.073699951172 284.324249267578 284.574829101562 284.825378417969 285.075958251953 285.287078857422 285.485015869141 285.682983398438 285.880950927734 286.078887939453 286.27685546875 286.474822998047 286.639892578125 286.706329345703 286.772796630859 286.839233398438
282.912231445312 283.056854248047 283.201507568359 283.346130371094 283.490753173828 283.707794189453 283.948913574219 284.190063476562 284.431213378906 284.67236328125 284.913513183594 285.154632568359 285.279266357422 285.054290771484 284.829345703125 284.604370117188 284.379425048828 284.154449462891 283.929504394531 283.704528808594 283.63134765625 283.608764648438 283.586181640625 283.563598632812 283.541015625 283.518432617188 283.495849609375 283.542266845703 283.795806884766 284.049346923828 284.302886962891 284.556427001953 284.809967041016 285.063507080078 285.317047119141 285.507843017578 285.677734375 285.847625732422 286.017517089844 286.187408447266 286.357299804688 286.527191162109 286.669189453125 286.727569580078 286.785949707031 286.844299316406
283.030120849609 283.215393066406 283.400634765625 283.585876464844 283.771118164062 283.997802734375 284.238311767578 284.478820800781 284.719329833984 284.959838867188 285.200317382812 285.440826416016 285.555725097656 285.293792724609 285.031829833984 284.769897460938 284.507934570312 284.246002197266 283.984039306641 283.722106933594 283.660797119141 283.666381835938 283.671936035156 283.677520751953 283.68310546875 283.688659667969 283.694244384766 283.762542724609 284.019073486328 284.275573730469 284.532073974609 284.788604736328 285.045104980469 285.301605224609 285.558135986328 285.728607177734 285.870452880859 286.012268066406 286.154083251953 286.2958984375 286.437713623047 286.579559326172 286.698486328125 286.748779296875 286.799072265625 286.849365234375
283.094146728516 283.303588867188 283.513000488281 283.722412109375 283.931854248047 284.168670654297 284.414642333984 284.660583496094 284.906555175781 285.152496337891 285.398468017578 285.644439697266 285.757843017578 285.473602294922 285.189361572266 284.905120849609 284.620880126953 284.336639404297 284.052398681641 283.768157958984 283.713623046875 283.735656738281 283.757690429688 283.779724121094 283.801727294922 283.823760986328 283.845794677734 283.925689697266 284.17919921875 284.432678222656 284.686187744141 284.939666748047 285.193176269531 285.446655273438 285.700164794922 285.861511230469 285.992156982422 286.122802734375 286.253448486328 286.384094238281 286.514739990234 286.645385742188 286.753173828125 286.792419433594 286.831665039062 286.870910644531
283.104278564453 283.321441650391 283.538604736328 283.755798339844 283.972961425781 284.220397949219 284.477874755859 284.735412597656 284.992889404297 285.250396728516 285.507934570312 285.765441894531 285.885589599609 285.59375 285.301940917969 285.010101318359 284.71826171875 284.426422119141 284.134582519531 283.842742919922 283.789886474609 283.816650390625 283.843414306641 283.870178222656 283.896942138672 283.923706054688 283.950469970703 284.031677246094 284.276184082031 284.520660400391 284.765167236328 285.009643554688 285.254150390625 285.498626708984 285.743133544922 285.906524658203 286.042877197266 286.179260253906 286.315612792969 286.451965332031 286.588317871094 286.724700927734 286.833251953125 286.858459472656 286.883666992188 286.908874511719
283.114410400391 283.339324951172 283.564239501953 283.789154052734 284.014068603516 284.272094726562 284.541137695312 284.810211181641 285.079254150391 285.348327636719 285.617370605469 285.886413574219 286.013366699219 285.713928222656 285.414489746094 285.115051269531 284.815643310547 284.516204833984 284.216766357422 283.917358398438 283.866119384766 283.897613525391 283.929138183594 283.960632324219 283.992156982422 284.023651123047 284.05517578125 284.137664794922 284.373168945312 284.608642578125 284.844146728516 285.079620361328 285.315124511719 285.550628662109 285.786102294922 285.951538085938 286.093627929688 286.235687255859 286.377777099609 286.519836425781 286.661926269531 286.804016113281 286.913360595703 286.924499511719 286.935668945312 286.946807861328
283.12451171875 283.357177734375 283.58984375 283.822509765625 284.05517578125 284.323791503906 284.604400634766 284.885009765625 285.165618896484 285.446228027344 285.726806640625 286.007415771484 286.14111328125 285.834106445312 285.527069091797 285.220031738281 284.913024902344 284.605987548828 284.298950195312 283.991943359375 283.942352294922 283.978607177734 284.014862060547 284.051116943359 284.087341308594 284.123596191406 284.159851074219 284.24365234375 284.470153808594 284.696624755859 284.923126220703 285.149627685547 285.376098632812 285.602600097656 285.829071044922 285.996551513672 286.144348144531 286.292144775391 286.43994140625 286.587738037109 286.735534667969 286.88330078125 286.993438720703 286.990570068359 286.987670898438 286.984771728516
283.134643554688 283.375061035156 283.615478515625 283.855895996094 284.096313476562 284.375518798828 284.667663574219 284.959808349609 285.251953125 285.544128417969 285.836273193359 286.12841796875 286.268890380859 285.954254150391 285.639617919922 285.325012207031 285.010375976562 284.695770263672 284.381134033203 284.066528320312 284.018615722656 284.059600830078 284.1005859375 284.141571044922 284.182556152344 284.223541259766 284.264526367188 284.349639892578 284.567138671875 284.784637451172 285.002105712891 285.219604492188 285.437072753906 285.654571533203 285.8720703125 286.041564941406 286.195068359375 286.348571777344 286.502105712891 286.655609130859 286.809112548828 286.962615966797 287.073516845703 287.056610107422 287.039672851562 287.022735595703
283.144775390625 283.392944335938 283.641082763672 283.889251708984 284.137420654297 284.427215576172 284.730926513672 285.034637451172 285.338317871094 285.642028808594 285.945709228516 286.249420166016 286.396636962891 286.074432373047 285.752197265625 285.429992675781 285.107757568359 284.785552978516 284.463317871094 284.14111328125 284.094848632812 284.140563964844 284.186309814453 284.232025146484 284.277770996094 284.323486328125 284.369232177734 284.455627441406 284.664123535156 284.872619628906 285.081085205078 285.289581298828 285.498077392578 285.70654296875 285.9150390625 286.086578369141 286.245788574219 286.405029296875 286.564270019531 286.723480224609 286.882720947266 287.041931152344 287.153625488281 287.122650146484 287.091674804688 287.060699462891
283.117584228516 283.357696533203 283.597778320312 283.837890625 284.078002929688 284.377990722656 284.697998046875 285.017974853516 285.337982177734 285.657958984375 285.977935791016 286.297943115234 286.459716796875 286.146911621094 285.834075927734 285.521240234375 285.208435058594 284.895599365234 284.582763671875 284.269958496094 284.220275878906 284.25830078125 284.296356201172 284.334381103516 284.372436523438 284.410461425781 284.448516845703 284.529602050781 284.739929199219 284.950256347656 285.160583496094 285.370880126953 285.581207275391 285.791534423828 286.001861572266 286.177185058594 286.340850830078 286.504516601562 286.668182373047 286.831848144531 286.995513916016 287.1591796875 287.271850585938 287.231597900391 287.191345214844 287.151092529297
283.053100585938 283.269317626953 283.485565185547 283.701782226562 283.918029785156 284.227844238281 284.568878173828 284.909881591797 285.250915527344 285.591918945312 285.932952880859 286.273986816406 286.458129882812 286.171691894531 285.88525390625 285.598815917969 285.312377929688 285.025939941406 284.739501953125 284.453063964844 284.394866943359 284.412780761719 284.430725097656 284.448638916016 284.466552734375 284.484466552734 284.502380371094 284.571563720703 284.794555664062 285.017547607422 285.240539550781 285.463531494141 285.6865234375 285.909515380859 286.132507324219 286.313385009766 286.480194091797 286.647033691406 286.813842773438 286.980682373047 287.147491455078 287.314331054688 287.428253173828 287.383453369141 287.338653564453 287.293884277344
282.988616943359 283.180969238281 283.373321533203 283.565704345703 283.758056640625 284.077697753906 284.439758300781 284.801788330078 285.163848876953 285.525909423828 285.887969970703 286.25 286.45654296875 286.196472167969 285.936431884766 285.676361083984 285.416320800781 285.15625 284.896209716797 284.636138916016 284.569488525391 284.567291259766 284.565063476562 284.562866210938 284.560668945312 284.558471679688 284.556274414062 284.613525390625 284.849182128906 285.084869384766 285.320526123047 285.556182861328 285.791839599609 286.027526855469 286.26318359375 286.449584960938 286.619567871094 286.78955078125 286.959533691406 287.129516601562 287.299499511719 287.469482421875 287.584625244141 287.535308837891 287.485992431641 287.436645507812
282.924102783203 283.092620849609 283.261108398438 283.429595947266 283.598114013672 283.927551269531 284.310638427734 284.693695068359 285.076782226562 285.459869384766 285.842956542969 286.226043701172 286.454956054688 286.221282958984 285.987609863281 285.753936767578 285.520263671875 285.286590576172 285.052917480469 284.819244384766 284.744079589844 284.721771240234 284.699432373047 284.677124023438 284.65478515625 284.632476806641 284.610137939453 284.655487060547 284.90380859375 285.152160644531 285.400482177734 285.648834228516 285.897155761719 286.1455078125 286.393829345703 286.585784912109 286.758911132812 286.932067871094 287.105194091797 287.278350830078 287.451477050781 287.624633789062 287.741027832031 287.687164306641 287.63330078125 287.579437255859
282.859619140625 283.004241943359 283.148895263672 283.293518066406 283.438140869141 283.777374267578 284.181488037109 284.585632324219 284.98974609375 285.393859863281 285.797973632812 286.202087402344 286.453338623047 286.246063232422 286.038787841797 285.831481933594 285.624206542969 285.416931152344 285.209625244141 285.002349853516 284.918701171875 284.876251220703 284.833801269531 284.791351318359 284.748901367188 284.706481933594 284.664031982422 284.697448730469 284.958435058594 285.219451904297 285.48046875 285.741485595703 286.002471923828 286.263488769531 286.524505615234 286.721984863281 286.898284912109 287.074584960938 287.250885009766 287.427185058594 287.603485107422 287.77978515625 287.897399902344 287.839019775391 287.780609130859 287.722229003906
282.795135498047 282.915893554688 283.036651611328 283.157409667969 283.278167724609 283.627227783203 284.052368164062 284.4775390625 284.902679443359 285.327819824219 285.752960205078 286.178131103516 286.451751708984 286.270843505859 286.089965820312 285.909057617188 285.728149414062 285.547241210938 285.366363525391 285.185455322266 285.093292236328 285.030731201172 284.968170166016 284.905609130859 284.843048095703 284.780456542969 284.717895507812 284.739379882812 285.013061523438 285.286743164062 285.560424804688 285.834106445312 286.107788085938 286.381469726562 286.655151367188 286.858184814453 287.037628173828 287.217102050781 287.396545410156 287.576019287109 287.755462646484 287.934936523438 288.053802490234 287.990875244141 287.927947998047 287.865020751953
