data/working_set_collections/6091692-Cassins_Sparrow-M2/1985/t2m_avg.asc
NCOLS 265 
NROWS 230 
XLLCORNER -115.5625 
YLLCORNER 24.8333333333333 
CELLSIZE 0.0833333333333333 
NODATA_value -9999 
[rows 180 to 199 of 230, columns 46 to 91 of 265]
296.726257324219 296.745391845703 296.764556884766 296.78369140625 296.802825927734 296.821960449219 296.784637451172 296.728485107422 296.672302246094 296.616149902344 296.559997558594 296.503845214844 296.447662353516 296.364990234375 296.202728271484 296.040496826172 295.878234863281 295.716003417969 295.553741455078 295.391510009766 295.229248046875 295.094360351562 294.968597412109 294.842834472656 294.717071533203 294.591278076172 294.465515136719 294.339752197266 294.128387451172 293.660217285156 293.192016601562 292.723846435547 292.255676269531 291.787506103516 291.319305419922 290.851135253906 290.274078369141 289.660736083984 289.047424316406 288.43408203125 287.820739746094 287.207397460938 286.594055175781 286.111572265625 286.021697998047 285.931823730469
296.625030517578 296.657775878906 296.690521240234 296.723266601562 296.756011962891 296.788757324219 296.756286621094 296.702117919922 296.647918701172 296.593719482422 296.53955078125 296.4853515625 296.431182861328 296.3564453125 296.220123291016 296.083831787109 295.947509765625 295.811187744141 295.674865722656 295.538543701172 295.402221679688 295.251708984375 295.096496582031 294.941253662109 294.786010742188 294.630767822266 294.475524902344 294.3203125 294.083465576172 293.601776123047 293.1201171875 292.638427734375 292.156768798828 291.675079345703 291.193420410156 290.711730957031 290.143737792969 289.546936035156 288.950134277344 288.353332519531 287.756530761719 287.159729003906 286.562927246094 286.090301513672 285.990203857422 285.890075683594
296.523773193359 296.570129394531 296.616485595703 296.662811279297 296.709167480469 296.755523681641 296.727935791016 296.675720214844 296.623504638672 296.571319580078 296.519104003906 296.466888427734 296.414672851562 296.347930908203 296.237518310547 296.127136230469 296.016754150391 295.906372070312 295.795989990234 295.685577392578 295.5751953125 295.409088134766 295.224365234375 295.039672851562 294.854949951172 294.670257568359 294.485565185547 294.300842285156 294.038513183594 293.543365478516 293.048187255859 292.553009033203 292.057861328125 291.562683105469 291.067504882812 290.572357177734 290.013366699219 289.43310546875 288.852844238281 288.272583007812 287.692321777344 287.112060546875 286.531799316406 286.069030761719 285.958679199219 285.848327636719
296.422546386719 296.482482910156 296.542449951172 296.602386474609 296.662322998047 296.722290039062 296.699584960938 296.649353027344 296.59912109375 296.548889160156 296.498657226562 296.448425292969 296.398193359375 296.339385986328 296.254943847656 296.170471191406 296.085998535156 296.001556396484 295.917083740234 295.832641601562 295.748168945312 295.566436767578 295.352264404297 295.138092041016 294.923919677734 294.709747314453 294.495574951172 294.281402587891 293.993591308594 293.484924316406 292.976257324219 292.467590332031 291.958953857422 291.450286865234 290.941619873047 290.432952880859 289.882995605469 289.319274902344 288.755554199219 288.191833496094 287.628143310547 287.064422607422 286.500701904297 286.047760009766 285.927185058594 285.806579589844
296.321319580078 296.394866943359 296.468414306641 296.541961669922 296.615509033203 296.689056396484 296.671234130859 296.622985839844 296.57470703125 296.526458740234 296.478210449219 296.429931640625 296.381683349609 296.330871582031 296.272338867188 296.213806152344 296.1552734375 296.096740722656 296.038208007812 295.979675292969 295.921142578125 295.723785400391 295.480133056641 295.236511230469 294.992858886719 294.749206542969 294.505584716797 294.261932373047 293.948669433594 293.426513671875 292.904357910156 292.382202148438 291.860015869141 291.337860107422 290.815704345703 290.293548583984 289.752624511719 289.205444335938 288.658264160156 288.111114501953 287.563934326172 287.016754150391 286.469573974609 286.026489257812 285.895660400391 285.764831542969
296.220062255859 296.307220458984 296.394378662109 296.481506347656 296.568664550781 296.655822753906 296.642883300781 296.596618652344 296.550323486328 296.504028320312 296.457763671875 296.411468505859 296.365173339844 296.322326660156 296.289733886719 296.257110595703 296.224517822266 296.191925048828 296.159301757812 296.126708984375 296.094116210938 295.881134033203 295.608032226562 295.334930419922 295.061798095703 294.788696289062 294.515594482422 294.242492675781 293.903747558594 293.368072509766 292.832427978516 292.296783447266 291.761108398438 291.225463867188 290.689819335938 290.154144287109 289.622253417969 289.091613769531 288.561004638672 288.030364990234 287.499725341797 286.969085693359 286.438446044922 286.005218505859 285.864166259766 285.723083496094
-9999 296.229888916016 296.321411132812 296.412933349609 296.504455566406 296.595977783203 296.595794677734 296.565032958984 296.534271240234 296.503509521484 296.472717285156 296.441955566406 296.411193847656 296.383636474609 296.36572265625 296.347808837891 296.329895019531 296.31201171875 296.294097900391 296.276184082031 296.258270263672 296.040100097656 295.755157470703 295.47021484375 295.185302734375 294.900360107422 294.615417480469 294.330505371094 293.982513427734 293.4453125 292.908142089844 292.370971679688 291.833770751953 291.296600341797 290.759429931641 290.222229003906 289.684204101562 289.145874023438 288.607543945312 288.069244384766 287.530914306641 286.992584228516 286.454284667969 286.010711669922 285.851470947266 285.692230224609
-9999 -9999 -9999 296.336181640625 296.422882080078 296.509582519531 296.529968261719 296.528259277344 296.526550292969 296.524841308594 296.523132324219 296.521423339844 296.519714355469 296.514801025391 296.500366210938 296.485900878906 296.471435546875 296.456970214844 296.442504882812 296.428070068359 296.413604736328 296.200653076172 295.921539306641 295.642425537109 295.363311767578 295.084197998047 294.805084228516 294.525970458984 294.184967041016 293.658233642578 293.131469726562 292.604736328125 292.078002929688 291.55126953125 291.024536132812 290.497802734375 289.938446044922 289.368194580078 288.797973632812 288.227722167969 287.657501220703 287.087280273438 286.517028808594 286.042999267578 285.857635498047 285.672241210938
-9999 -9999 -9999 -9999 296.34130859375 296.423156738281 296.464111328125 296.491485595703 296.518829345703 296.546173095703 296.573516845703 296.600860595703 296.628204345703 296.645965576172 296.634979248047 296.623962402344 296.612945556641 296.601959228516 296.590942382812 296.579925537109 296.568939208984 296.361206054688 296.087921142578 295.814636230469 295.541320800781 295.268035888672 294.994750976562 294.721466064453 294.387420654297 293.871124267578 293.354827880859 292.838531494141 292.322235107422 291.805938720703 291.289642333984 290.773345947266 290.192687988281 289.590515136719 288.988372802734 288.38623046875 287.784088134766 287.181945800781 286.579772949219 286.075286865234 285.86376953125 285.652252197266
-9999 -9999 -9999 -9999 -9999 296.336730957031 296.398284912109 296.454681396484 296.511108398438 296.567504882812 296.623901367188 296.680328369141 296.736724853516 296.777160644531 296.769592285156 296.762023925781 296.754486083984 296.746917724609 296.739379882812 296.731811523438 296.724243164062 296.521759033203 296.254302978516 295.98681640625 295.719360351562 295.451873779297 295.184417724609 294.916931152344 294.589874267578 294.084014892578 293.578155517578 293.072326660156 292.566467285156 292.060607910156 291.554779052734 291.048919677734 290.446899414062 289.812835693359 289.178771972656 288.544738769531 287.910675048828 287.276611328125 286.642547607422 286.107574462891 285.869903564453 285.632232666016
-9999 -9999 -9999 -9999 -9999 -9999 296.332458496094 296.417907714844 296.503387451172 296.588836669922 296.67431640625 296.759765625 296.845245361328 296.908325195312 296.904205322266 296.900115966797 296.89599609375 296.891906738281 296.887786865234 296.883697509766 296.879577636719 296.682312011719 296.420684814453 296.159027099609 295.897369384766 295.635711669922 295.374053955078 295.112426757812 294.792327880859 294.296905517578 293.801513671875 293.306091308594 292.810699462891 292.315307617188 291.819885253906 291.324493408203 290.701141357422 290.035186767578 289.369201660156 288.703216552734 288.037231445312 287.371276855469 286.705291748047 286.139862060547 285.876068115234 285.612243652344
-9999 -9999 -9999 -9999 -9999 -9999 -9999 296.381134033203 296.495666503906 296.610168457031 296.724700927734 296.839233398438 296.953765869141 297.039489746094 297.038818359375 297.038177490234 297.037536621094 297.036865234375 297.036224365234 297.035583496094 297.034912109375 296.842895507812 296.587066650391 296.331207275391 296.075378417969 295.819549560547 295.563720703125 295.307891845703 294.994781494141 294.509826660156 294.024841308594 293.539886474609 293.054931640625 292.569976806641 292.084991455078 291.600036621094 290.955383300781 290.257507324219 289.559600830078 288.861724853516 288.163818359375 287.465942382812 286.768035888672 286.172149658203 285.882202148438 285.592254638672
-9999 -9999 -9999 -9999 -9999 -9999 -9999 -9999 296.466979980469 296.594146728516 296.721313476562 296.848480224609 296.975616455078 297.073486328125 297.083374023438 297.093292236328 297.103210449219 297.113098144531 297.123016357422 297.132904052734 297.142822265625 296.965362548828 296.725463867188 296.485534667969 296.245635986328 296.005706787109 295.765808105469 295.52587890625 295.227325439453 294.752838134766 294.2783203125 293.803802490234 293.329315185547 292.854797363281 292.380310058594 291.905792236328 291.253234863281 290.541290283203 289.829345703125 289.117431640625 288.405487060547 287.693542480469 286.981597900391 286.368133544922 286.050048828125 285.73193359375
-9999 -9999 -9999 -9999 -9999 -9999 -9999 -9999 -9999 -9999 -9999 -9999 -9999 297.010314941406 297.037872314453 297.065460205078 297.093017578125 297.12060546875 297.148162841797 297.175720214844 297.203308105469 297.049774169922 296.835876464844 296.621978759766 296.408081054688 296.194183349609 295.980285644531 295.766387939453 295.489959716797 295.025939941406 294.561920166016 294.097869873047 293.633850097656 293.169830322266 292.705780029297 292.241760253906 291.594665527344 290.886566162109 290.178436279297 289.470336914062 288.76220703125 288.054077148438 287.345977783203 286.727813720703 286.379577636719 286.031341552734
-9999 -9999 -9999 -9999 -9999 -9999 -9999 -9999 -9999 -9999 -9999 -9999 -9999 296.947143554688 296.992370605469 297.03759765625 297.082855224609 297.128082275391 297.173309326172 297.218536376953 297.263793945312 297.134185791016 296.9462890625 296.758422851562 296.570556640625 296.382659912109 296.194793701172 296.006896972656 295.752593994141 295.299041748047 294.845489501953 294.391937255859 293.938385009766 293.484832763672 293.031280517578 292.577728271484 291.936126708984 291.231811523438 290.527526855469 289.8232421875 289.118927001953 288.414642333984 287.710357666016 287.087524414062 286.709106445312 286.330718994141
-9999 -9999 -9999 -9999 -9999 -9999 -9999 -9999 -9999 -9999 -9999 -9999 -9999 296.883972167969 296.946868896484 297.009765625 297.072662353516 297.135559082031 297.198455810547 297.261352539062 297.324249267578 297.218597412109 297.056732177734 296.894866943359 296.733001708984 296.571136474609 296.409271240234 296.247406005859 296.015228271484 295.572174072266 295.129089355469 294.686004638672 294.242919921875 293.799835205078 293.356750488281 292.913665771484 292.277557373047 291.577087402344 290.876617431641 290.176147460938 289.475646972656 288.775177001953 288.07470703125 287.447204589844 287.038665771484 286.630096435547
-9999 -9999 -9999 -9999 -9999 -9999 -9999 -9999 -9999 -9999 -9999 -9999 -9999 296.82080078125 296.9013671875 296.98193359375 297.0625 297.14306640625 297.223602294922 297.304168701172 297.384735107422 297.303009033203 297.167144775391 297.031311035156 296.895446777344 296.759613037109 296.623779296875 296.487915039062 296.277893066406 295.845275878906 295.412658691406 294.980072021484 294.547454833984 294.114837646484 293.682250976562 293.249633789062 292.618988037109 291.922332763672 291.225677490234 290.529052734375 289.832397460938 289.1357421875 288.439086914062 287.806915283203 287.368194580078 286.929473876953
-9999 -9999 -9999 -9999 -9999 -9999 -9999 -9999 -9999 -9999 -9999 -9999 -9999 296.757629394531 296.855865478516 296.954071044922 297.052307128906 297.150543212891 297.248779296875 297.346984863281 297.445220947266 297.387420654297 297.277587890625 297.167755126953 297.057922363281 296.948089599609 296.838256835938 296.728424072266 296.54052734375 296.118377685547 295.696258544922 295.274108886719 294.851989746094 294.429870605469 294.007720947266 293.585601806641 292.96044921875 292.267608642578 291.574768066406 290.881958007812 290.189117431641 289.496276855469 288.803436279297 288.166595458984 287.697723388672 287.228851318359
-9999 -9999 -9999 -9999 -9999 -9999 -9999 -9999 -9999 -9999 -9999 -9999 -9999 -9999 296.796966552734 296.903076171875 297.009155273438 297.115264892578 297.221343994141 297.327453613281 297.433532714844 297.396057128906 297.310699462891 297.225341796875 297.139984130859 297.054626464844 296.969299316406 296.883941650391 296.719818115234 296.319427490234 295.919036865234 295.518646240234 295.118255615234 294.717864990234 294.317474365234 293.917083740234 293.310729980469 292.635681152344 291.960632324219 291.285583496094 290.610534667969 289.935485839844 289.260437011719 288.630493164062 288.135894775391 287.641326904297
-9999 -9999 -9999 -9999 -9999 -9999 -9999 -9999 -9999 -9999 -9999 -9999 -9999 -9999 -9999 296.828857421875 296.933013916016 297.037200927734 297.141357421875 297.245513916016 297.349670410156 297.328918457031 297.266510009766 297.2041015625 297.141693115234 297.079284667969 297.016845703125 296.954437255859 296.815795898438 296.448425292969 296.081024169922 295.713653564453 295.346282958984 294.978912353516 294.611511230469 294.244140625 293.669830322266 293.026519775391 292.383239746094 291.739929199219 291.096618652344 290.453338623047 289.810028076172 289.198608398438 288.682739257812 288.166870117188
