data/working_set_collections/6091692-Cassins_Sparrow-M2/1985/t2m_avg.asc
NCOLS 265 
NROWS 230 
XLLCORNER -115.5625 
YLLCORNER 24.8333333333333 
CELLSIZE 0.0833333333333333 
NODATA_value -9999 
[rows 40 to 59 of 230, columns 184 to 229 of 265]
284.052337646484 284.035278320312 284.018218994141 284.002014160156 283.986053466797 283.970092773438 283.954162597656 283.938201904297 283.922271728516 283.906311035156 283.893859863281 283.891845703125 283.889831542969 283.887847900391 283.885833740234 283.883850097656 283.8818359375 283.879852294922 283.884460449219 283.891326904297 283.898162841797 283.904998779297 283.911865234375 283.918701171875 283.925537109375 283.930541992188 283.930053710938 283.929565429688 283.929046630859 283.928558349609 283.928070068359 283.927551269531 283.927062988281 283.931091308594 283.936614990234 283.942169189453 283.947692871094 283.953216552734 283.958770751953 283.964294433594 283.968231201172 283.967437744141 283.966613769531 283.965789794922 283.964996337891 283.964172363281
284.157287597656 284.142395019531 284.127502441406 284.109710693359 284.090942382812 284.072143554688 284.053375244141 284.034606933594 284.015808105469 283.997039794922 283.981811523438 283.977172851562 283.972564697266 283.967956542969 283.963317871094 283.958709716797 283.9541015625 283.949493408203 283.952972412109 283.959197998047 283.965393066406 283.971588134766 283.977783203125 283.984008789062 283.990203857422 283.994964599609 283.995330810547 283.995697021484 283.99609375 283.996459960938 283.996826171875 283.997222900391 283.997589111328 284.001495361328 284.006591796875 284.011688232422 284.016784667969 284.021881103516 284.026977539062 284.032073974609 284.035339355469 284.033081054688 284.030822753906 284.028564453125 284.026306152344 284.024047851562
284.271362304688 284.258544921875 284.245697021484 284.227630615234 284.207824707031 284.188018798828 284.168182373047 284.148376464844 284.128570556641 284.108764648438 284.091979980469 284.084350585938 284.076690673828 284.069030761719 284.061401367188 284.053741455078 284.046081542969 284.038421630859 284.040466308594 284.045745849609 284.051055908203 284.056335449219 284.061614990234 284.06689453125 284.072174072266 284.076049804688 284.075805664062 284.075561523438 284.075317382812 284.075073242188 284.074798583984 284.074554443359 284.074310302734 284.077545166016 284.081939697266 284.086334228516 284.090728759766 284.095123291016 284.099517822266 284.103912353516 284.10595703125 284.100952148438 284.095947265625 284.090942382812 284.0859375 284.080932617188
284.39453125 284.383636474609 284.372772216797 284.355743408203 284.336700439453 284.317657470703 284.298614501953 284.279571533203 284.260528564453 284.241485595703 284.224426269531 284.213317871094 284.202209472656 284.191131591797 284.180023193359 284.168914794922 284.157806396484 284.146697998047 284.14697265625 284.151062011719 284.155120849609 284.159210205078 284.163269042969 284.167358398438 284.171417236328 284.173889160156 284.171508789062 284.169128417969 284.166748046875 284.164367675781 284.161987304688 284.159606933594 284.1572265625 284.159210205078 284.162628173828 284.166046142578 284.169494628906 284.172912597656 284.176330566406 284.179779052734 284.180084228516 284.171020507812 284.161987304688 284.152923583984 284.143859863281 284.134826660156
284.517700195312 284.508758544922 284.499816894531 284.48388671875 284.465606689453 284.447326660156 284.429046630859 284.410766601562 284.392486572266 284.374237060547 284.356872558594 284.342315673828 284.327758789062 284.313201904297 284.298645019531 284.284088134766 284.26953125 284.254974365234 284.253479003906 284.25634765625 284.259216308594 284.262084960938 284.264953613281 284.267822265625 284.270690917969 284.271728515625 284.267211914062 284.2626953125 284.258178710938 284.253662109375 284.249145507812 284.244659423828 284.240142822266 284.240844726562 284.243316650391 284.245788574219 284.248229980469 284.250701904297 284.253173828125 284.255615234375 284.254211425781 284.241088867188 284.227996826172 284.214904785156 284.201812744141 284.188720703125
284.640869140625 284.633880615234 284.626892089844 284.612030029297 284.594512939453 284.576995849609 284.559478759766 284.541961669922 284.524475097656 284.506958007812 284.489318847656 284.471313476562 284.453308105469 284.435272216797 284.417266845703 284.399261474609 284.381225585938 284.363220214844 284.359985351562 284.361633300781 284.363311767578 284.364959716797 284.366638183594 284.368286132812 284.369964599609 284.369537353516 284.362884521484 284.356262207031 284.349609375 284.342987060547 284.336334228516 284.329681396484 284.323059082031 284.322509765625 284.324005126953 284.325500488281 284.326995849609 284.328491210938 284.329986572266 284.331481933594 284.328338623047 284.311187744141 284.294036865234 284.276885986328 284.259735107422 284.242584228516
284.764007568359 284.759002685547 284.753967285156 284.740142822266 284.723388671875 284.706665039062 284.689910888672 284.673156738281 284.656433105469 284.639678955078 284.621765136719 284.600280761719 284.578826904297 284.557373046875 284.535888671875 284.514434814453 284.492950439453 284.471496582031 284.466461181641 284.466918945312 284.467376708984 284.467834472656 284.468292236328 284.46875 284.469207763672 284.467376708984 284.458587646484 284.449829101562 284.441040039062 284.432281494141 284.423492431641 284.414733886719 284.405975341797 284.404174804688 284.404693603516 284.405242919922 284.40576171875 284.406280517578 284.406829833984 284.407348632812 284.402435302734 284.381256103516 284.360076904297 284.3388671875 284.317687988281 284.296478271484
284.887176513672 284.884094238281 284.881011962891 284.868286132812 284.852294921875 284.836334228516 284.820343017578 284.804382324219 284.788391113281 284.772430419922 284.754211425781 284.729278564453 284.704376220703 284.679443359375 284.654510498047 284.629608154297 284.604675292969 284.579742431641 284.572967529297 284.572204589844 284.571472167969 284.570709228516 284.569976806641 284.569213867188 284.568481445312 284.565185546875 284.554290771484 284.543395996094 284.532470703125 284.521575927734 284.510681152344 284.499786376953 284.488891601562 284.48583984375 284.485382080078 284.484954833984 284.484527587891 284.484069824219 284.483642578125 284.483215332031 284.4765625 284.451324462891 284.426086425781 284.400848388672 284.375610351562 284.350372314453
284.977172851562 284.976959228516 284.976776123047 284.967132568359 284.954345703125 284.941558837891 284.928771972656 284.915985107422 284.903228759766 284.890441894531 284.874572753906 284.849487304688 284.824432373047 284.799346923828 284.774261474609 284.749176025391 284.72412109375 284.699035644531 284.691558837891 284.68994140625 284.688323974609 284.686737060547 284.685119628906 284.683502197266 284.681884765625 284.677398681641 284.664245605469 284.651123046875 284.637969970703 284.624816894531 284.611694335938 284.598541259766 284.585388183594 284.580169677734 284.577575683594 284.574951171875 284.572357177734 284.569763183594 284.567169189453 284.564575195312 284.555541992188 284.527191162109 284.498840332031 284.470520019531 284.442169189453 284.413848876953
285.033966064453 285.03759765625 285.041198730469 285.036712646484 285.029541015625 285.022399902344 285.015228271484 285.008056640625 285.000915527344 284.993743896484 284.982879638672 284.9609375 284.938995361328 284.917053222656 284.895111083984 284.873199462891 284.851257324219 284.829315185547 284.822235107422 284.820098876953 284.817962646484 284.815856933594 284.813720703125 284.811584472656 284.809478759766 284.804016113281 284.788513183594 284.773010253906 284.757507324219 284.742004394531 284.726531982422 284.711029052734 284.695526123047 284.687194824219 284.681213378906 284.675262451172 284.669311523438 284.663330078125 284.657379150391 284.651428222656 284.639343261719 284.608825683594 284.578369140625 284.5478515625 284.517395019531 284.486877441406
285.090789794922 285.098205566406 285.105621337891 285.106292724609 285.104766845703 285.103210449219 285.101684570312 285.100128173828 285.098571777344 285.097045898438 285.091186523438 285.072387695312 285.053588867188 285.034790039062 285.015991210938 284.997192382812 284.978393554688 284.959594726562 284.952911376953 284.950256347656 284.947631835938 284.944976806641 284.942321777344 284.939697265625 284.937042236328 284.930603027344 284.912750244141 284.894897460938 284.877044677734 284.859191894531 284.841339111328 284.823486328125 284.8056640625 284.794189453125 284.784881591797 284.775543212891 284.766235351562 284.756927490234 284.747589111328 284.73828125 284.723114013672 284.690490722656 284.657836914062 284.625213623047 284.592590332031 284.559936523438
285.147583007812 285.158813476562 285.170043945312 285.175903320312 285.179962158203 285.184051513672 285.188110351562 285.192199707031 285.196258544922 285.200347900391 285.199493408203 285.183837890625 285.168151855469 285.152496337891 285.136840820312 285.121185302734 285.105529785156 285.089874267578 285.083587646484 285.080413818359 285.077270507812 285.074096679688 285.070953369141 285.067779541016 285.064605712891 285.057189941406 285.036987304688 285.016784667969 284.99658203125 284.976379394531 284.956176757812 284.935974121094 284.915771484375 284.901214599609 284.888549804688 284.875854492188 284.863159179688 284.850494384766 284.837799072266 284.825134277344 284.806915283203 284.772125244141 284.737365722656 284.702575683594 284.667785644531 284.632995605469
285.204406738281 285.219421386719 285.234466552734 285.245483398438 285.255187988281 285.264862060547 285.274566650391 285.284271240234 285.2939453125 285.303649902344 285.307800292969 285.295257568359 285.282745361328 285.270233154297 285.257690429688 285.245178222656 285.232666015625 285.220153808594 285.214263916016 285.210571289062 285.206909179688 285.203216552734 285.199554443359 285.195861816406 285.192199707031 285.183807373047 285.161254882812 285.138671875 285.116119384766 285.093566894531 285.071014404297 285.048461914062 285.025909423828 285.008239746094 284.9921875 284.976165771484 284.960113525391 284.944061279297 284.928039550781 284.911987304688 284.890716552734 284.853790283203 284.816833496094 284.779907226562 284.742980957031 284.7060546875
285.261199951172 285.280029296875 285.298889160156 285.315063476562 285.330383300781 285.345703125 285.361022949219 285.376312255859 285.391632080078 285.406951904297 285.416107177734 285.406707763672 285.397338867188 285.387939453125 285.378570556641 285.369171142578 285.359802246094 285.350433349609 285.344940185547 285.340728759766 285.336547851562 285.332336425781 285.328155517578 285.323974609375 285.319763183594 285.310394287109 285.285491943359 285.260589599609 285.235656738281 285.210754394531 285.185852050781 285.160949707031 285.136016845703 285.115264892578 285.095855712891 285.076446533203 285.057037353516 285.037658691406 285.018249511719 284.998840332031 284.974517822266 284.935424804688 284.896362304688 284.857269287109 284.818176269531 284.779083251953
285.326263427734 285.346740722656 285.367218017578 285.384948730469 285.401794433594 285.418609619141 285.435455322266 285.452270507812 285.469085693359 285.485931396484 285.496612548828 285.488952636719 285.481292724609 285.4736328125 285.465942382812 285.458282470703 285.450622558594 285.442932128906 285.438934326172 285.436157226562 285.433380126953 285.430572509766 285.427795410156 285.425018310547 285.422210693359 285.413879394531 285.388793945312 285.363708496094 285.338653564453 285.313568115234 285.288482666016 285.263427734375 285.238342285156 285.215087890625 285.192413330078 285.169738769531 285.147094726562 285.124420166016 285.101745605469 285.0791015625 285.052001953125 285.011596679688 284.97119140625 284.930816650391 284.890411376953 284.850036621094
285.399566650391 285.419525146484 285.439483642578 285.455139160156 285.469390869141 285.483612060547 285.497863769531 285.512084960938 285.526306152344 285.540557861328 285.549377441406 285.5419921875 285.534606933594 285.527252197266 285.519866943359 285.512481689453 285.505096435547 285.497711181641 285.496276855469 285.496826171875 285.497375488281 285.497924804688 285.498474121094 285.498992919922 285.499542236328 285.494201660156 285.471160888672 285.448089599609 285.425048828125 285.402008056641 285.378967285156 285.355926513672 285.332855224609 285.307739257812 285.281890869141 285.256072998047 285.230224609375 285.204406738281 285.178558349609 285.152740478516 285.123138427734 285.082275390625 285.041412353516 285.000579833984 284.959716796875 284.918853759766
285.472900390625 285.492309570312 285.511749267578 285.525329589844 285.536987304688 285.548614501953 285.560241699219 285.571899414062 285.583526611328 285.595184326172 285.602142333984 285.595031738281 285.587951660156 285.580871582031 285.573760986328 285.566680908203 285.5595703125 285.552490234375 285.553619384766 285.557495117188 285.561370849609 285.565246582031 285.569122314453 285.572998046875 285.576873779297 285.574523925781 285.553527832031 285.532501220703 285.511474609375 285.490447998047 285.469421386719 285.448394775391 285.427368164062 285.400360107422 285.371368408203 285.342376708984 285.313385009766 285.284362792969 285.25537109375 285.226379394531 285.194274902344 285.152954101562 285.111633300781 285.0703125 285.028991699219 284.987670898438
285.546203613281 285.565093994141 285.584014892578 285.595520019531 285.604583740234 285.613616943359 285.622680664062 285.631713867188 285.640747070312 285.649810791016 285.654876708984 285.648071289062 285.641296386719 285.634490966797 285.627685546875 285.620880126953 285.614074707031 285.607269287109 285.610961914062 285.6181640625 285.625396728516 285.632598876953 285.639801025391 285.647003173828 285.654205322266 285.654876708984 285.635864257812 285.616882324219 285.597869873047 285.578887939453 285.559875488281 285.540893554688 285.521881103516 285.493011474609 285.460845947266 285.428680419922 285.396514892578 285.364349365234 285.332183837891 285.300018310547 285.265441894531 285.2236328125 285.181854248047 285.140075683594 285.098297119141 285.056488037109
285.619506835938 285.637878417969 285.656280517578 285.665710449219 285.672180175781 285.678619384766 285.68505859375 285.691528320312 285.697967529297 285.704437255859 285.707641601562 285.701141357422 285.694610595703 285.688110351562 285.681579589844 285.675079345703 285.668548583984 285.662048339844 285.668304443359 285.678863525391 285.689392089844 285.699920654297 285.710479736328 285.721008300781 285.731536865234 285.735198974609 285.718231201172 285.701263427734 285.684295654297 285.667327880859 285.650360107422 285.633392333984 285.616424560547 285.585662841797 285.550323486328 285.514984130859 285.479644775391 285.444305419922 285.408996582031 285.373657226562 285.336578369141 285.294342041016 285.252075195312 285.209838867188 285.167572021484 285.125335693359
285.692810058594 285.710693359375 285.728546142578 285.735900878906 285.739776611328 285.743621826172 285.747497558594 285.751342773438 285.755187988281 285.759063720703 285.760406494141 285.754180908203 285.747955322266 285.741729736328 285.735504150391 285.729278564453 285.723022460938 285.716796875 285.725646972656 285.739532470703 285.753387451172 285.767272949219 285.781127929688 285.795013427734 285.808868408203 285.815551757812 285.800598144531 285.78564453125 285.770690917969 285.755767822266 285.740814208984 285.725860595703 285.7109375 285.678314208984 285.639801025391 285.601287841797 285.562805175781 285.524291992188 285.485778808594 285.447296142578 285.40771484375 285.365020751953 285.322296142578 285.279571533203 285.236877441406 285.194152832031
