data/working_set_collections/6091692-Cassins_Sparrow-M2/1985/tautot_avg.asc
NCOLS 265 
NROWS 230 
XLLCORNER -115.5625 
YLLCORNER 24.8333333333333 
CELLSIZE 0.0833333333333333 
NODATA_value -9999 
[rows 0 to 19 of 230, columns 46 to 91 of 265]
10.0931606292725 10.1611003875732 10.229040145874 10.2969799041748 10.3649196624756 10.4328594207764 10.5529308319092 10.6903791427612 10.827826499939 10.965274810791 11.1027231216431 11.2401704788208 11.3776187896729 11.46422290802 11.3982963562012 11.3323698043823 11.2664422988892 11.2005157470703 11.1345882415771 11.0686616897583 11.0027351379395 10.9638385772705 10.933952331543 10.9040670394897 10.8741807937622 10.8442945480347 10.8144083023071 10.7845230102539 10.7323808670044 10.613471031189 10.4945621490479 10.3756523132324 10.256742477417 10.1378335952759 10.0189237594604 9.90001392364502 9.76767158508301 9.63085269927979 9.49403285980225 9.35721302032471 9.22039318084717 9.08357429504395 8.94675445556641 8.8254508972168 8.75069904327393 8.67594623565674
10.0073509216309 10.0885744094849 10.1697978973389 10.2510213851929 10.3322448730469 10.4134683609009 10.529146194458 10.6563081741333 10.7834711074829 10.9106330871582 11.0377960205078 11.1649580001831 11.2921209335327 11.3684778213501 11.2924175262451 11.2163581848145 11.1402988433838 11.0642385482788 10.9881792068481 10.9121198654175 10.8360605239868 10.7841854095459 10.7403717041016 10.6965589523315 10.6527452468872 10.6089324951172 10.5651197433472 10.5213060379028 10.4651966094971 10.372200012207 10.279203414917 10.186206817627 10.0932102203369 10.0002136230469 9.90721702575684 9.8142204284668 9.68957805633545 9.55438613891602 9.4191951751709 9.28400325775146 9.14881229400635 9.01362133026123 8.8784294128418 8.76032257080078 8.69346714019775 8.62661266326904
9.92154216766357 10.0160493850708 10.1105556488037 10.2050628662109 10.2995700836182 10.3940763473511 10.5053606033325 10.6222381591797 10.7391147613525 10.8559913635254 10.9728679656982 11.0897455215454 11.2066221237183 11.2727317810059 11.1865396499634 11.1003475189209 11.0141544342041 10.9279623031616 10.8417701721191 10.7555780410767 10.6693849563599 10.6045322418213 10.5467920303345 10.4890508651733 10.4313106536865 10.3735704421997 10.3158302307129 10.2580900192261 10.1980133056641 10.1309299468994 10.0638456344604 9.9967622756958 9.92967796325684 9.86259460449219 9.79551029205322 9.72842693328857 9.61148357391357 9.47792053222656 9.34435749053955 9.21079444885254 9.07723140716553 8.9436674118042 8.81010437011719 8.69519329071045 8.6362361907959 8.57728004455566
9.83573246002197 9.94352340698242 10.0513134002686 10.159104347229 10.2668943405151 10.3746852874756 10.4815759658813 10.5881671905518 10.6947584152222 10.8013496398926 10.907940864563 11.0145320892334 11.1211233139038 11.1769857406616 11.0806608200073 10.984335899353 10.8880109786987 10.7916860580444 10.6953611373901 10.5990352630615 10.5027103424072 10.4248790740967 10.3532114028931 10.2815437316895 10.2098760604858 10.1382083892822 10.0665407180786 9.994873046875 9.93083000183105 9.88965892791748 9.84848785400391 9.80731678009033 9.76614570617676 9.72497463226318 9.68380355834961 9.64263343811035 9.5333890914917 9.40145397186279 9.2695198059082 9.1375846862793 9.00564956665039 8.87371444702148 8.7417802810669 8.63006401062012 8.57900524139404 8.52794647216797
9.74992370605469 9.87099742889404 9.9920711517334 10.1131458282471 10.2342195510864 10.3552932739258 10.4577913284302 10.5540971755981 10.6504030227661 10.7467079162598 10.8430137634277 10.9393196105957 11.0356254577637 11.0812397003174 10.9747819900513 10.8683242797852 10.761866569519 10.6554088592529 10.5489511489868 10.4424934387207 10.3360357284546 10.2452249526978 10.1596307754517 10.0740356445312 9.98844051361084 9.90284633636475 9.81725120544434 9.73165607452393 9.66364574432373 9.64838790893555 9.63313007354736 9.61787128448486 9.60261344909668 9.5873556137085 9.57209777832031 9.55683898925781 9.45529460906982 9.32498836517334 9.19468116760254 9.06437492370605 8.93406867980957 8.80376148223877 8.67345523834229 8.56493473052979 8.52177429199219 8.47861385345459
9.6641149520874 9.79847240447998 9.93282985687256 10.0671873092651 10.2015447616577 10.3359022140503 10.434006690979 10.5200262069702 10.6060466766357 10.692066192627 10.7780866622925 10.864107131958 10.9501266479492 10.9854946136475 10.8689041137695 10.7523136138916 10.6357231140137 10.5191326141357 10.4025421142578 10.2859516143799 10.169361114502 10.0655717849731 9.96605014801025 9.86652851104736 9.76700592041016 9.66748428344727 9.56796169281006 9.46844005584717 9.39646244049072 9.40711688995361 9.4177713394165 9.42842674255371 9.4390811920166 9.44973564147949 9.4603910446167 9.47104549407959 9.37720012664795 9.24852180480957 9.11984348297119 8.99116516113281 8.86248683929443 8.73380851745605 8.60513019561768 8.49980640411377 8.46454334259033 8.4292802810669
9.61977386474609 9.744140625 9.86850738525391 9.99287414550781 10.1172409057617 10.2416067123413 10.3348026275635 10.4176092147827 10.5004148483276 10.5832204818726 10.6660261154175 10.7488317489624 10.8316373825073 10.8643426895142 10.7467432022095 10.6291446685791 10.5115461349487 10.393946647644 10.2763481140137 10.158748626709 10.0411500930786 9.94284057617188 9.85096073150635 9.7590799331665 9.66720008850098 9.57532024383545 9.48344039916992 9.39155960083008 9.32452869415283 9.33204460144043 9.33956146240234 9.34707736968994 9.35459327697754 9.36210918426514 9.36962604522705 9.37714195251465 9.285569190979 9.16096687316895 9.03636455535889 8.91176319122314 8.78716087341309 8.66255855560303 8.53795623779297 8.43687152862549 8.40633964538574 8.37580871582031
9.61690330505371 9.70800399780273 9.79910564422607 9.8902063369751 9.98130798339844 10.0724086761475 10.1601810455322 10.246844291687 10.3335065841675 10.4201698303223 10.5068321228027 10.5934953689575 10.680157661438 10.7177839279175 10.6083011627197 10.498818397522 10.3893346786499 10.2798519134521 10.1703691482544 10.0608854293823 9.95140266418457 9.87703037261963 9.81436157226562 9.7516918182373 9.6890230178833 9.6263542175293 9.56368541717529 9.50101566314697 9.44784545898438 9.42317199707031 9.39849758148193 9.37382411956787 9.34914970397949 9.32447624206543 9.29980182647705 9.27512836456299 9.18040084838867 9.06232261657715 8.94424438476562 8.82616710662842 8.7080888748169 8.59001064300537 8.47193241119385 8.37613201141357 8.34716510772705 8.31819725036621
9.61403179168701 9.67186737060547 9.72970294952393 9.7875394821167 9.84537506103516 9.90321063995361 9.98555946350098 10.0760793685913 10.1665992736816 10.257119178772 10.347638130188 10.4381580352783 10.5286779403687 10.5712261199951 10.4698581695557 10.3684911727905 10.2671241760254 10.1657571792603 10.0643901824951 9.96302223205566 9.86165523529053 9.81122016906738 9.7777624130249 9.7443037033081 9.71084594726562 9.67738819122314 9.64393043518066 9.61047267913818 9.57116317749023 9.51429843902588 9.45743465423584 9.4005708694458 9.34370613098145 9.28684234619141 9.22997856140137 9.17311382293701 9.07523250579834 8.96367835998535 8.85212516784668 8.74057102203369 8.6290168762207 8.51746273040771 8.40590858459473 8.31539249420166 8.28798961639404 8.26058578491211
9.61116027832031 9.6357307434082 9.66030120849609 9.68487167358398 9.70944213867188 9.73401260375977 9.81093788146973 9.9053144454956 9.99969100952148 10.0940675735474 10.1884450912476 10.2828216552734 10.3771982192993 10.4246673583984 10.3314161300659 10.2381649017334 10.1449136734009 10.0516624450684 9.95841026306152 9.865159034729 9.77190780639648 9.74540996551514 9.74116325378418 9.73691558837891 9.73266887664795 9.72842216491699 9.72417545318604 9.71992874145508 9.69447994232178 9.60542583465576 9.51637172698975 9.42731761932373 9.3382625579834 9.24920845031738 9.16015434265137 9.07110023498535 8.97006416320801 8.86503410339355 8.76000499725342 8.65497493743896 8.54994487762451 8.44491481781006 8.3398847579956 8.25465297698975 8.22881412506104 8.20297527313232
9.60828876495361 9.59959411621094 9.59089946746826 9.58220481872559 9.57350921630859 9.56481456756592 9.63631629943848 9.7345495223999 9.83278369903564 9.93101692199707 10.0292510986328 10.1274843215942 10.2257175445557 10.2781095504761 10.1929740905762 10.1078386306763 10.022702217102 9.93756675720215 9.85243129730225 9.76729583740234 9.68216037750244 9.67959976196289 9.70456409454346 9.72952842712402 9.75449180603027 9.77945613861084 9.80442047119141 9.82938480377197 9.81779670715332 9.69655227661133 9.57530784606934 9.45406341552734 9.33281993865967 9.21157550811768 9.09033107757568 8.96908664703369 8.86489582061768 8.76639080047607 8.66788482666016 8.56937885284424 8.47087287902832 8.3723669052124 8.27386093139648 8.19391345977783 8.16963863372803 8.14536380767822
9.60541820526123 9.56345748901367 9.52149772644043 9.47953701019287 9.43757724761963 9.39561653137207 9.46169471740723 9.56378555297852 9.66587543487549 9.76796627044678 9.87005710601807 9.97214794158936 10.0742378234863 10.1315507888794 10.0545310974121 9.97751140594482 9.90049171447754 9.82347202301025 9.74645233154297 9.66943264007568 9.5924129486084 9.61378955841064 9.66796493530273 9.72214031219482 9.7763147354126 9.83049011230469 9.88466548919678 9.93884086608887 9.94111347198486 9.78767967224121 9.63424491882324 9.48081016540527 9.32737636566162 9.17394161224365 9.02050685882568 8.86707305908203 8.75972747802734 8.66774654388428 8.5757646560669 8.48378276824951 8.39180088043213 8.29981899261475 8.20783710479736 8.13317394256592 8.11046314239502 8.08775329589844
9.59698104858398 9.54889583587646 9.50081062316895 9.45272636413574 9.40464115142822 9.3565559387207 9.41309070587158 9.50449848175049 9.5959062576294 9.6873140335083 9.77872180938721 9.87012958526611 9.96153736114502 10.0096111297607 9.92768001556396 9.8457498550415 9.76381969451904 9.68188953399658 9.5999584197998 9.51802825927734 9.43609809875488 9.46635437011719 9.53400707244873 9.60165977478027 9.66931247711182 9.73696422576904 9.80461692810059 9.87226963043213 9.88369941711426 9.72645950317383 9.5692195892334 9.41197967529297 9.25473976135254 9.09749984741211 8.94025993347168 8.78302001953125 8.68130207061768 8.5980920791626 8.51488208770752 8.43167209625244 8.34846210479736 8.26525211334229 8.18204212188721 8.11393547058105 8.09113693237305 8.06833934783936
9.58297920227051 9.55591011047363 9.52884006500244 9.50177097320557 9.47470092773438 9.4476318359375 9.49050331115723 9.55668926239014 9.62287425994873 9.68906021118164 9.75524520874023 9.82143115997314 9.88761711120605 9.91228866577148 9.81242084503174 9.71255302429199 9.61268615722656 9.51281833648682 9.41295051574707 9.31308269500732 9.21321487426758 9.23729515075684 9.30269050598145 9.36808681488037 9.4334831237793 9.49887847900391 9.56427478790283 9.62967109680176 9.64555263519287 9.51289176940918 9.38023090362549 9.2475700378418 9.11491012573242 8.98224925994873 8.84958839416504 8.71692752838135 8.62961959838867 8.55742835998535 8.48523807525635 8.41304683685303 8.34085655212402 8.26866626739502 8.1964750289917 8.13619804382324 8.11166000366211 8.08712291717529
9.56897735595703 9.56292343139648 9.55686950683594 9.55081558227539 9.54476165771484 9.5387077331543 9.56791687011719 9.60888004302979 9.64984321594238 9.69080638885498 9.73176956176758 9.77273273468018 9.81369590759277 9.81496715545654 9.69716167449951 9.5793571472168 9.46155166625977 9.34374713897705 9.22594165802002 9.1081371307373 8.99033164978027 9.00823497772217 9.07137489318848 9.13451385498047 9.19765377044678 9.26079273223877 9.32393264770508 9.38707256317139 9.40740585327148 9.29932498931885 9.1912431716919 9.08316135406494 8.97507953643799 8.86699867248535 8.7589168548584 8.65083503723145 8.57793617248535 8.5167646408081 8.45559310913086 8.39442253112793 8.33325099945068 8.27207946777344 8.21090793609619 8.15846061706543 8.13218307495117 8.10590648651123
9.55497550964355 9.56993675231934 9.58489894866943 9.59986019134521 9.61482238769531 9.62978363037109 9.64532947540283 9.66107082366943 9.67681121826172 9.69255256652832 9.7082929611206 9.72403430938721 9.73977470397949 9.71764469146729 9.58190250396729 9.44616031646729 9.31041812896729 9.17467594146729 9.03893375396729 8.90319156646729 8.76744937896729 8.77917575836182 8.84005832672119 8.90094184875488 8.96182441711426 9.02270698547363 9.08359050750732 9.1444730758667 9.16926002502441 9.0857572555542 9.0022554397583 8.91875267028809 8.83524990081787 8.75174808502197 8.66824531555176 8.58474254608154 8.52625370025635 8.47610092163086 8.42594909667969 8.37579727172852 8.32564544677734 8.27549266815186 8.22534084320068 8.18072319030762 8.15270614624023 8.12469005584717
9.54097366333008 9.5769510269165 9.61292839050293 9.64890480041504 9.68488216400146 9.72085952758789 9.72274303436279 9.71326160430908 9.70378017425537 9.69429874420166 9.68481731414795 9.67533588409424 9.66585445404053 9.62032318115234 9.46664333343506 9.31296348571777 9.1592845916748 9.00560474395752 8.85192489624023 8.69824600219727 8.54456615447998 8.55011558532715 8.60874271392822 8.66736888885498 8.72599506378174 8.78462219238281 8.84324836730957 8.90187454223633 8.93111324310303 8.87219047546387 8.81326675415039 8.75434398651123 8.69542026519775 8.63649749755859 8.57757377624512 8.51865100860596 8.47457027435303 8.43543720245361 8.39630508422852 8.3571720123291 8.31803894042969 8.27890682220459 8.23977375030518 8.2029857635498 8.1732292175293 8.14347267150879
9.5269718170166 9.58396434783936 9.64095687866211 9.69795036315918 9.75494289398193 9.81193542480469 9.80015563964844 9.76545238494873 9.73074817657471 9.696044921875 9.66134071350098 9.62663650512695 9.59193325042725 9.52300071716309 9.35138416290283 9.17976760864258 9.00815010070801 8.83653354644775 8.6649169921875 8.49330043792725 8.32168292999268 8.3210563659668 8.37742614746094 8.43379592895508 8.49016571044922 8.54653644561768 8.60290622711182 8.65927600860596 8.69296741485596 8.65862274169922 8.6242790222168 8.58993530273438 8.55559062957764 8.52124691009521 8.48690223693848 8.45255851745605 8.42288684844971 8.39477348327637 8.36666011810303 8.33854675292969 8.31043338775635 8.28232002258301 8.25420665740967 8.22524833679199 8.19375228881836 8.16225624084473
9.48880004882812 9.55987167358398 9.63094425201416 9.70201587677002 9.77308750152588 9.84416007995605 9.82168197631836 9.76802158355713 9.7143611907959 9.66070079803467 9.60704040527344 9.55337905883789 9.49971866607666 9.41603088378906 9.24226093292236 9.06849098205566 8.89472103118896 8.72095108032227 8.54718208312988 8.37341213226318 8.19964218139648 8.19438552856445 8.24529933929443 8.29621410369873 8.34712791442871 8.39804267883301 8.44895648956299 8.49987125396729 8.5325231552124 8.51039123535156 8.48825931549072 8.46612644195557 8.44399452209473 8.42186260223389 8.39972972869873 8.37759780883789 8.35432147979736 8.33066272735596 8.30700492858887 8.28334712982178 8.25968837738037 8.23603057861328 8.21237277984619 8.18802070617676 8.16158580780029 8.13515186309814
9.42645835876465 9.50467300415039 9.58288764953613 9.66110229492188 9.73931694030762 9.81753158569336 9.78732204437256 9.72097015380859 9.65461826324463 9.58826637268066 9.5219144821167 9.45556259155273 9.38921070098877 9.29941272735596 9.13927364349365 8.97913551330566 8.81899642944336 8.65885829925537 8.49871921539307 8.33858108520508 8.17844200134277 8.1701021194458 8.21236228942871 8.2546215057373 8.2968807220459 8.33914089202881 8.3814001083374 8.423659324646 8.449782371521 8.42749500274658 8.40520668029785 8.38291931152344 8.36063194274902 8.33834362030029 8.31605625152588 8.29376888275146 8.26887130737305 8.24310493469238 8.2173376083374 8.19157123565674 8.16580390930176 8.14003753662109 8.11427021026611 8.09130191802979 8.0767297744751 8.06215763092041
