data/working_set_collections/6091692-Cassins_Sparrow-M2/1985/tautot_avg.asc
NCOLS 265 
NROWS 230 
XLLCORNER -115.5625 
YLLCORNER 24.8333333333333 
CELLSIZE 0.0833333333333333 
NODATA_value -9999 
[rows 60 to 79 of 230, columns 92 to 137 of 265]
10.794361114502 10.9349641799927 11.0755672454834 11.2161703109741 11.3567733764648 11.5458421707153 11.7510662078857 11.9562892913818 12.1615133285522 12.3667364120483 12.5719604492188 12.7771844863892 12.8737859725952 12.6445198059082 12.4152536392212 12.1859884262085 11.9567222595215 11.7274560928345 11.4981908798218 11.2689247131348 11.1840839385986 11.1473846435547 11.1106853485107 11.0739860534668 11.0372867584229 11.0005874633789 10.963888168335 10.9507694244385 11.0083923339844 11.0660152435303 11.1236381530762 11.1812601089478 11.2388830184937 11.2965059280396 11.3541288375854 11.2987270355225 11.2056512832642 11.1125755310059 11.0194988250732 10.9264230728149 10.8333473205566 10.7402715682983 10.6516618728638 10.576452255249 10.50124168396 10.4260320663452
10.6936140060425 10.8565273284912 11.0194416046143 11.182354927063 11.3452682495117 11.499550819397 11.6509552001953 11.802360534668 11.9537649154663 12.105170249939 12.2565746307373 12.40797996521 12.479061126709 12.3091707229614 12.1392793655396 11.969388961792 11.7994985580444 11.6296081542969 11.4597177505493 11.2898273468018 11.2156782150269 11.1734437942505 11.1312093734741 11.0889749526978 11.0467405319214 11.004506111145 10.9622716903687 10.9417066574097 10.9861516952515 11.0305967330933 11.0750417709351 11.1194858551025 11.1639308929443 11.2083759307861 11.2528209686279 11.1910343170166 11.0938367843628 10.996639251709 10.8994426727295 10.8022451400757 10.7050476074219 10.6078500747681 10.5162887573242 10.4416341781616 10.3669805526733 10.2923259735107
10.592866897583 10.7780914306641 10.9633159637451 11.1485395431519 11.3337640762329 11.4532594680786 11.5508451461792 11.6484317779541 11.7460174560547 11.8436031341553 11.9411897659302 12.0387754440308 12.0843362808228 11.9738206863403 11.8633060455322 11.7527904510498 11.6422748565674 11.5317602157593 11.4212446212769 11.3107299804688 11.2472734451294 11.1995038986206 11.1517333984375 11.1039638519287 11.0561943054199 11.0084247589111 10.960654258728 10.9326438903809 10.9639110565186 10.9951782226562 11.0264453887939 11.0577116012573 11.088978767395 11.1202459335327 11.1515130996704 11.0833406448364 10.9820222854614 10.8807039260864 10.7793846130371 10.6780662536621 10.5767478942871 10.4754295349121 10.3809156417847 10.3068170547485 10.2327184677124 10.1586198806763
10.4921207427979 10.6996555328369 10.9071893692017 11.1147241592407 11.3222589492798 11.4069681167603 11.4507350921631 11.4945020675659 11.5382699966431 11.5820369720459 11.6258039474487 11.6695709228516 11.6896114349365 11.6384716033936 11.5873317718506 11.5361919403076 11.4850521087646 11.4339122772217 11.3827714920044 11.3316316604614 11.2788686752319 11.2255630493164 11.1722583770752 11.1189527511597 11.0656480789185 11.0123424530029 10.9590377807617 10.923581123352 10.9416704177856 10.9597597122192 10.9778490066528 10.9959373474121 11.0140266418457 11.0321159362793 11.0502052307129 10.9756479263306 10.8702077865601 10.7647676467896 10.659327507019 10.5538883209229 10.4484481811523 10.3430080413818 10.2455425262451 10.1719999313354 10.0984573364258 10.0249147415161
10.3913736343384 10.6212186813354 10.8510637283325 11.0809087753296 11.3107538223267 11.3606767654419 11.350625038147 11.340573310852 11.3305215835571 11.3204698562622 11.3104181289673 11.3003664016724 11.2948865890503 11.3031225204468 11.3113574981689 11.3195934295654 11.3278284072876 11.3360633850098 11.3442993164062 11.3525342941284 11.3104629516602 11.2516231536865 11.1927824020386 11.1339416503906 11.075101852417 11.016261100769 10.9574213027954 10.9145183563232 10.9194297790527 10.9243412017822 10.9292526245117 10.9341630935669 10.9390745162964 10.9439859390259 10.9488973617554 10.8679542541504 10.7583932876587 10.648832321167 10.5392713546753 10.4297094345093 10.3201484680176 10.2105875015259 10.1101703643799 10.0371828079224 9.96419525146484 9.89120864868164
10.2906274795532 10.5427827835083 10.7949380874634 11.0470933914185 11.2992496490479 11.3143854141235 11.2505149841309 11.1866445541382 11.1227741241455 11.0589036941528 10.9950332641602 10.9311628341675 10.9001626968384 10.9677724838257 11.0353832244873 11.1029939651489 11.1706047058105 11.2382154464722 11.3058261871338 11.3734369277954 11.3420581817627 11.2776823043823 11.213306427002 11.1489305496216 11.0845556259155 11.0201797485352 10.9558038711548 10.9054555892944 10.8971891403198 10.8889226913452 10.8806562423706 10.8723888397217 10.8641223907471 10.8558559417725 10.8475894927979 10.7602605819702 10.6465787887573 10.5328960418701 10.4192142486572 10.30553150177 10.1918487548828 10.0781669616699 9.97479724884033 9.90236568450928 9.82993412017822 9.75750255584717
10.3941507339478 10.6347427368164 10.8753347396851 11.115927696228 11.3565196990967 11.3513383865356 11.2642335891724 11.1771278381348 11.0900230407715 11.0029172897339 10.9158124923706 10.828706741333 10.7830095291138 10.8615341186523 10.9400587081909 11.0185832977295 11.0971078872681 11.1756324768066 11.2541570663452 11.3326816558838 11.3058633804321 11.2439308166504 11.1819982528687 11.1200656890869 11.0581331253052 10.9961996078491 10.9342670440674 10.8845491409302 10.8714733123779 10.8583984375 10.8453226089478 10.8322477340698 10.8191719055176 10.8060970306396 10.7930221557617 10.7006845474243 10.5819263458252 10.4631681442261 10.344409942627 10.2256517410278 10.1068935394287 9.98813533782959 9.88046264648438 9.8060474395752 9.7316312789917 9.65721607208252
10.7019443511963 10.8970994949341 11.0922546386719 11.2874097824097 11.4825649261475 11.4715366363525 11.3917808532715 11.3120250701904 11.2322692871094 11.152512550354 11.072756767273 10.9930009841919 10.9434280395508 10.9844055175781 11.0253829956055 11.0663604736328 11.1073379516602 11.1483144760132 11.1892919540405 11.2302694320679 11.2018804550171 11.1503686904907 11.0988569259644 11.047345161438 10.9958333969116 10.9443216323853 10.8928098678589 10.8517980575562 10.8422832489014 10.8327684402466 10.8232536315918 10.813738822937 10.8042240142822 10.7947092056274 10.7851943969727 10.6892242431641 10.5644359588623 10.4396476745605 10.3148584365845 10.1900701522827 10.065281867981 9.94049263000488 9.82716655731201 9.7482271194458 9.66928768157959 9.59034824371338
11.0097389221191 11.1594562530518 11.3091745376587 11.4588928222656 11.6086111068726 11.5917348861694 11.5193281173706 11.4469213485718 11.374514579773 11.3021078109741 11.2297010421753 11.1572942733765 11.1038475036621 11.1072769165039 11.11070728302 11.1141366958618 11.1175670623779 11.120997428894 11.1244268417358 11.127857208252 11.0978965759277 11.0568056106567 11.0157155990601 10.9746246337891 10.9335346221924 10.8924436569214 10.8513536453247 10.8190469741821 10.8130922317505 10.8071384429932 10.8011846542358 10.7952299118042 10.7892761230469 10.7833213806152 10.7773675918579 10.6777648925781 10.5469455718994 10.4161262512207 10.2853078842163 10.1544885635376 10.0236692428589 9.89285087585449 9.77387046813965 9.69040679931641 9.60694408416748 9.52348041534424
11.3175325393677 11.4218139648438 11.5260944366455 11.6303758621216 11.7346563339233 11.7119331359863 11.646876335144 11.5818185806274 11.5167608261108 11.4517030715942 11.386646270752 11.3215885162354 11.2642660140991 11.2301483154297 11.1960315704346 11.1619138717651 11.1277961730957 11.0936794281006 11.0595617294312 11.025444984436 10.9939136505127 10.9632434844971 10.9325742721558 10.9019050598145 10.8712348937988 10.8405656814575 10.8098964691162 10.7862958908081 10.7839021682739 10.7815084457397 10.7791147232056 10.7767210006714 10.7743272781372 10.771933555603 10.7695398330688 10.6663045883179 10.5294551849365 10.3926057815552 10.2557563781738 10.1189069747925 9.98205757141113 9.84520816802979 9.72057437896729 9.63258743286133 9.54459953308105 9.4566125869751
11.6253271102905 11.6841707229614 11.7430143356323 11.8018579483032 11.8607015609741 11.8321313858032 11.7744235992432 11.7167148590088 11.6590070724487 11.6012983322144 11.5435905456543 11.4858818054199 11.4246845245361 11.3530197143555 11.2813558578491 11.2096910476685 11.1380262374878 11.0663614273071 10.9946966171265 10.9230318069458 10.8899297714233 10.8696813583374 10.8494329452515 10.8291845321655 10.8089361190796 10.7886877059937 10.7684392929077 10.7535448074341 10.754711151123 10.7558784484863 10.7570457458496 10.7582120895386 10.7593793869019 10.7605457305908 10.7617130279541 10.6548452377319 10.5119647979736 10.3690853118896 10.2262058258057 10.0833253860474 9.94044589996338 9.7975664138794 9.66727828979492 9.57476711273193 9.48225593566895 9.38974475860596
11.9331207275391 11.9465274810791 11.9599342346191 11.9733409881592 11.9867477416992 11.9523296356201 11.9019708633423 11.8516120910645 11.8012533187866 11.7508935928345 11.7005348205566 11.6501760482788 11.5851039886475 11.4758920669556 11.3666801452637 11.2574672698975 11.1482553482056 11.0390434265137 10.9298315048218 10.8206195831299 10.785945892334 10.7761192321777 10.7662916183472 10.7564640045166 10.7466373443604 10.7368097305298 10.7269821166992 10.7207937240601 10.7255210876465 10.7302484512329 10.7349758148193 10.7397031784058 10.7444305419922 10.7491588592529 10.7538862228394 10.6433849334717 10.4944753646851 10.3455648422241 10.1966543197632 10.0477447509766 9.89883422851562 9.74992370605469 9.61398220062256 9.51694774627686 9.41991233825684 9.32287693023682
12.098183631897 12.0854425430298 12.0727024078369 12.059962272644 12.0472221374512 12.013484954834 11.9727478027344 11.9320106506348 11.8912744522095 11.8505373001099 11.8098001480103 11.769063949585 11.7063865661621 11.5778903961182 11.4493942260742 11.3208980560303 11.1924018859863 11.0639057159424 10.9354095458984 10.8069133758545 10.7658910751343 10.7540264129639 10.7421617507935 10.730297088623 10.718433380127 10.7065687179565 10.6947040557861 10.6893815994263 10.7036838531494 10.7179870605469 10.73228931427 10.7465915679932 10.7608947753906 10.7751970291138 10.7895002365112 10.6782779693604 10.5252151489258 10.3721523284912 10.2190895080566 10.0660266876221 9.91296291351318 9.75990009307861 9.62043571472168 9.52176666259766 9.42309665679932 9.32442760467529
12.1205139160156 12.1009178161621 12.0813207626343 12.0617237091064 12.0421266555786 12.0155954360962 11.9867544174194 11.9579124450684 11.9290704727173 11.9002285003662 11.8713865280151 11.8425445556641 11.7885341644287 11.6590166091919 11.5294990539551 11.3999814987183 11.2704648971558 11.1409473419189 11.0114297866821 10.8819122314453 10.8297634124756 10.8034029006958 10.7770433425903 10.7506837844849 10.7243242263794 10.6979646682739 10.6716051101685 10.6593084335327 10.6892004013062 10.7190933227539 10.7489852905273 10.7788772583008 10.8087701797485 10.838662147522 10.8685550689697 10.759524345398 10.6041860580444 10.4488477706909 10.2935104370117 10.1381721496582 9.98283386230469 9.82749557495117 9.68663787841797 9.58922386169434 9.4918098449707 9.39439487457275
12.1428451538086 12.1163921356201 12.0899381637573 12.0634841918945 12.0370302200317 12.0177068710327 12.0007600784302 11.9838132858276 11.9668664932251 11.9499197006226 11.93297290802 11.9160261154175 11.8706817626953 11.7401428222656 11.6096048355103 11.4790658950806 11.3485269546509 11.2179889678955 11.0874500274658 10.9569110870361 10.8936357498169 10.852780342102 10.8119249343872 10.7710704803467 10.7302150726318 10.6893606185913 10.6485052108765 10.6292343139648 10.6747169494629 10.7201986312866 10.7656812667847 10.8111639022827 10.8566455841064 10.9021282196045 10.9476099014282 10.8407707214355 10.6831569671631 10.5255441665649 10.3679304122925 10.2103176116943 10.0527038574219 9.89509105682373 9.75284099578857 9.65668201446533 9.56052207946777 9.46436309814453
12.1651763916016 12.1318664550781 12.0985555648804 12.0652446746826 12.0319347381592 12.0198183059692 12.0147666931152 12.0097141265869 12.0046625137329 11.9996109008789 11.9945592880249 11.9895076751709 11.9528293609619 11.8212690353394 11.6897096633911 11.5581493377686 11.4265899658203 11.2950296401978 11.1634702682495 11.031909942627 10.9575080871582 10.9021577835083 10.8468074798584 10.7914571762085 10.7361068725586 10.6807565689087 10.6254062652588 10.5991611480713 10.6602334976196 10.7213048934937 10.782377243042 10.8434495925903 10.9045209884644 10.9655933380127 11.0266647338867 10.9220170974731 10.7621278762817 10.6022396087646 10.4423513412476 10.2824630737305 10.1225738525391 9.96268558502197 9.81904315948486 9.72413921356201 9.62923526763916 9.53433132171631
12.1875076293945 12.1473407745361 12.1071729660034 12.067006111145 12.0268383026123 12.0219287872314 12.028772354126 12.0356159210205 12.042459487915 12.0493021011353 12.0561456680298 12.0629892349243 12.0349760055542 11.9023952484131 11.769814491272 11.6372337341309 11.5046520233154 11.3720712661743 11.2394905090332 11.1069097518921 11.0213794708252 10.9515342712402 10.8816890716553 10.811842918396 10.741997718811 10.6721525192261 10.6023063659668 10.5690879821777 10.6457500457764 10.7224111557007 10.7990732192993 10.875735282898 10.9523963928223 11.0290584564209 11.1057205200195 11.0032625198364 10.8410987854004 10.6789350509644 10.5167722702026 10.3546085357666 10.1924448013306 10.0302810668945 9.88524627685547 9.79159736633301 9.69794845581055 9.60429954528809
12.2098388671875 12.1628150939941 12.1157903671265 12.0687665939331 12.0217428207397 12.024040222168 12.042778968811 12.0615167617798 12.0802555084229 12.0989942550659 12.1177320480347 12.1364707946777 12.1171236038208 11.9835214614868 11.8499193191528 11.7163171768188 11.5827150344849 11.4491128921509 11.3155107498169 11.1819086074829 11.0852518081665 11.0009117126465 10.9165706634521 10.8322296142578 10.7478885650635 10.6635484695435 10.5792074203491 10.5390148162842 10.6312656402588 10.7235174179077 10.8157691955566 10.9080209732056 11.0002717971802 11.0925235748291 11.184775352478 11.084508895874 10.920069694519 10.7556314468384 10.5911922454834 10.4267539978027 10.2623147964478 10.0978755950928 9.95144844055176 9.85905456542969 9.76666069030762 9.67426681518555
12.0510129928589 12.0107755661011 11.9705381393433 11.9303007125854 11.8900632858276 11.9101676940918 11.950385093689 11.9906024932861 12.0308208465576 12.0710382461548 12.111255645752 12.1514739990234 12.1513586044312 12.0302438735962 11.9091291427612 11.7880153656006 11.6669006347656 11.5457859039307 11.4246711730957 11.3035573959351 11.2025356292725 11.1082105636597 11.0138864517212 10.9195623397827 10.8252382278442 10.7309141159058 10.636589050293 10.5917682647705 10.6954574584961 10.7991466522217 10.9028358459473 11.0065250396729 11.1102132797241 11.2139024734497 11.3175916671753 11.2230939865112 11.0625333786011 10.9019737243652 10.7414131164551 10.5808534622192 10.4202928543091 10.2597332000732 10.1158790588379 10.0221433639526 9.9284086227417 9.83467292785645
11.7110290527344 11.6912221908569 11.6714143753052 11.6516075134277 11.6318006515503 11.6803102493286 11.7515916824341 11.8228731155396 11.894154548645 11.9654359817505 12.0367164611816 12.1079978942871 12.1376800537109 12.0425624847412 11.9474439620972 11.8523263931274 11.7572088241577 11.662091255188 11.5669736862183 11.4718561172485 11.3732290267944 11.2734336853027 11.1736373901367 11.0738410949707 10.9740447998047 10.874249458313 10.774453163147 10.727349281311 10.8383235931396 10.9492979049683 11.0602722167969 11.1712465286255 11.2822208404541 11.3931951522827 11.5041694641113 11.419017791748 11.2684898376465 11.1179628372192 10.9674348831177 10.8169069290161 10.6663799285889 10.5158519744873 10.3785381317139 10.2808637619019 10.1831903457642 10.0855159759521
