data/working_set_collections/6091692-Cassins_Sparrow-M2/1985/tautot_avg.asc
NCOLS 265 
NROWS 230 
XLLCORNER -115.5625 
YLLCORNER 24.8333333333333 
CELLSIZE 0.0833333333333333 
NODATA_value -9999 
[rows 100 to 119 of 230, columns 92 to 137 of 265]
10.7327117919922 10.8088684082031 10.8850259780884 10.9611835479736 11.0373411178589 11.0559597015381 11.0553979873657 11.054835319519 11.0542736053467 11.0537118911743 11.053150177002 11.0525884628296 11.0562601089478 11.0726318359375 11.0890045166016 11.1053762435913 11.1217479705811 11.1381206512451 11.1544923782349 11.1708641052246 11.2976636886597 11.4612731933594 11.6248826980591 11.7884912490845 11.9521007537842 12.1157102584839 12.2793188095093 12.3847103118896 12.3154458999634 12.2461814880371 12.1769180297852 12.1076536178589 12.0383901596069 11.9691257476807 11.8998613357544 11.7932796478271 11.674259185791 11.5552377700806 11.4362173080444 11.317195892334 11.1981744766235 11.0791540145874 10.9834804534912 10.9578504562378 10.9322204589844 10.906590461731
10.914080619812 11.0020799636841 11.0900793075562 11.1780786514282 11.2660779953003 11.2434091567993 11.1838521957397 11.1242952346802 11.0647373199463 11.0051803588867 10.9456224441528 10.8860654830933 10.8454284667969 10.8615503311157 10.8776731491089 10.893795967102 10.9099187850952 10.9260416030884 10.9421634674072 10.9582862854004 11.090503692627 11.2614183425903 11.4323329925537 11.6032485961914 11.7741632461548 11.9450788497925 12.1159934997559 12.2303981781006 12.175271987915 12.1201457977295 12.0650205612183 12.0098943710327 11.9547681808472 11.8996419906616 11.8445167541504 11.7265777587891 11.5877017974854 11.4488258361816 11.3099498748779 11.1710739135742 11.0321979522705 10.8933219909668 10.7846431732178 10.7665557861328 10.7484683990479 10.7303819656372
11.036262512207 11.1213903427124 11.2065191268921 11.2916479110718 11.3767766952515 11.3272886276245 11.2329273223877 11.1385669708252 11.0442066192627 10.9498462677002 10.8554859161377 10.7611255645752 10.6976652145386 10.7269067764282 10.7561473846436 10.7853889465332 10.8146295547485 10.8438711166382 10.8731117248535 10.9023532867432 11.0294857025146 11.189248085022 11.3490114212036 11.5087747573853 11.6685380935669 11.8283004760742 11.9880638122559 12.0953035354614 12.0449724197388 11.9946413040161 11.9443092346191 11.8939781188965 11.8436470031738 11.7933158874512 11.7429847717285 11.6267995834351 11.4886627197266 11.3505268096924 11.2123908996582 11.0742540359497 10.9361181259155 10.797981262207 10.6906204223633 10.6755876541138 10.6605539321899 10.6455202102661
11.0992555618286 11.1668004989624 11.2343463897705 11.3018913269043 11.3694372177124 11.3075952529907 11.2026243209839 11.097653388977 10.9926824569702 10.8877115249634 10.7827396392822 10.6777687072754 10.6129722595215 10.6687002182007 10.7244272232056 10.7801542282104 10.8358812332153 10.8916091918945 10.9473361968994 11.0030632019043 11.1146106719971 11.2447633743286 11.3749170303345 11.5050706863403 11.6352233886719 11.7653770446777 11.8955307006836 11.9794254302979 11.9245452880859 11.8696660995483 11.8147859573364 11.7599058151245 11.7050256729126 11.6501455307007 11.5952653884888 11.4939441680908 11.377142906189 11.2603406906128 11.1435394287109 11.0267372131348 10.9099349975586 10.7931337356567 10.7014150619507 10.6849451065063 10.6684761047363 10.6520071029663
11.1622476577759 11.2122106552124 11.2621726989746 11.3121356964111 11.3620986938477 11.2879028320312 11.1723213195801 11.0567388534546 10.9411573410034 10.8255758285522 10.7099943161011 10.5944128036499 10.5282793045044 10.6104927062988 10.6927061080933 10.774920463562 10.8571338653564 10.9393472671509 11.0215606689453 11.1037740707397 11.1997346878052 11.3002786636353 11.4008226394653 11.5013666152954 11.6019096374512 11.7024536132812 11.8029975891113 11.8635482788086 11.8041191101074 11.7446908950806 11.6852617263794 11.6258335113525 11.5664043426514 11.5069761276245 11.4475469589233 11.3610897064209 11.265622138977 11.1701545715332 11.0746879577637 10.9792203903198 10.883752822876 10.7882862091064 10.7122087478638 10.6943035125732 10.6763982772827 10.6584930419922
11.2252407073975 11.2576208114624 11.289999961853 11.322380065918 11.3547592163086 11.2682094573975 11.142017364502 11.0158252716064 10.8896331787109 10.7634410858154 10.6372480392456 10.5110559463501 10.4435863494873 10.5522861480713 10.6609859466553 10.7696857452393 10.8783855438232 10.9870853424072 11.0957851409912 11.2044839859009 11.2848596572876 11.3557939529419 11.4267282485962 11.4976615905762 11.5685958862305 11.6395301818848 11.7104644775391 11.747670173645 11.6836929321289 11.6197156906128 11.5557384490967 11.4917602539062 11.4277830123901 11.363805770874 11.2998285293579 11.2282342910767 11.1541013717651 11.0799694061279 11.0058364868164 10.9317035675049 10.8575706481934 10.7834377288818 10.7230033874512 10.7036619186401 10.6843204498291 10.6649789810181
11.288233757019 11.3030300140381 11.3178272247314 11.3326234817505 11.3474197387695 11.248517036438 11.1117143630981 10.9749116897583 10.8381080627441 10.7013053894043 10.5645027160645 10.4276990890503 10.3588933944702 10.4940795898438 10.6292657852173 10.7644510269165 10.89963722229 11.0348234176636 11.1700086593628 11.3051948547363 11.36998462677 11.4113092422485 11.452633857727 11.4939575195312 11.5352821350098 11.5766067504883 11.6179304122925 11.6317930221558 11.5632667541504 11.494740486145 11.4262142181396 11.3576879501343 11.2891616821289 11.2206363677979 11.1521100997925 11.0953798294067 11.0425815582275 10.9897832870483 10.9369850158691 10.8841867446899 10.8313884735107 10.7785902023315 10.7337970733643 10.7130193710327 10.6922426223755 10.6714649200439
11.3512268066406 11.3484401702881 11.3456535339355 11.3428678512573 11.3400812149048 11.2288246154785 11.08141040802 10.9339971542358 10.7865839004517 10.6391696929932 10.491756439209 10.3443431854248 10.2742004394531 10.4358730316162 10.597544670105 10.7592172622681 10.9208889007568 11.0825614929199 11.2442331314087 11.4059057235718 11.4551095962524 11.4668245315552 11.4785385131836 11.4902534484863 11.5019683837891 11.5136833190918 11.5253973007202 11.5159149169922 11.4428396224976 11.3697652816772 11.2966899871826 11.2236156463623 11.1505403518677 11.0774660110474 11.0043907165527 10.9625244140625 10.9310607910156 10.8995971679688 10.8681335449219 10.836669921875 10.8052062988281 10.7737426757812 10.7445907592773 10.7223777770996 10.7001647949219 10.6779508590698
11.4390544891357 11.4249629974365 11.4108715057373 11.3967790603638 11.3826875686646 11.2586498260498 11.0979623794556 10.9372749328613 10.7765884399414 10.6159009933472 10.4552135467529 10.294527053833 10.2187099456787 10.3975038528442 10.5762977600098 10.7550916671753 10.9338855743408 11.1126794815063 11.2914733886719 11.4702672958374 11.5116338729858 11.50719165802 11.5027494430542 11.4983072280884 11.4938650131226 11.4894227981567 11.4849805831909 11.4639759063721 11.3932847976685 11.3225936889648 11.2519025802612 11.1812114715576 11.110520362854 11.0398283004761 10.9691371917725 10.932825088501 10.9079723358154 10.8831195831299 10.8582668304443 10.8334140777588 10.8085613250732 10.7837085723877 10.7608022689819 10.7437362670898 10.7266712188721 10.70960521698
11.5517177581787 11.5325984954834 11.5134792327881 11.4943599700928 11.4752407073975 11.3379926681519 11.1613693237305 10.9847450256348 10.8081216812134 10.631498336792 10.4548740386963 10.2782506942749 10.1924209594727 10.3789720535278 10.565523147583 10.7520742416382 10.9386253356934 11.1251773834229 11.311728477478 11.4982795715332 11.5395574569702 11.5324115753174 11.5252647399902 11.5181188583374 11.5109729766846 11.5038261413574 11.4966802597046 11.4759769439697 11.4146013259888 11.3532257080078 11.2918500900269 11.2304754257202 11.1690998077393 11.1077241897583 11.0463485717773 11.0062808990479 10.9733152389526 10.9403495788574 10.9073839187622 10.874418258667 10.8414535522461 10.8084878921509 10.7824296951294 10.7770957946777 10.7717628479004 10.7664289474487
11.6643810272217 11.6402339935303 11.6160869598389 11.5919399261475 11.5677928924561 11.4173355102539 11.2247753143311 11.0322151184082 10.8396549224854 10.6470947265625 10.4545345306396 10.2619743347168 10.1661310195923 10.3604402542114 10.5547485351562 10.7490577697754 10.9433660507202 11.137674331665 11.3319835662842 11.526291847229 11.5674819946289 11.5576314926147 11.5477809906006 11.5379304885864 11.5280799865723 11.5182304382324 11.5083799362183 11.4879770278931 11.4359178543091 11.3838577270508 11.3317985534668 11.2797384262085 11.2276792526245 11.1756200790405 11.1235599517822 11.0797367095947 11.0386581420898 10.997579574585 10.9565019607544 10.9154233932495 10.8743448257446 10.8332672119141 10.8040580749512 10.8104553222656 10.8168535232544 10.8232517242432
11.777045249939 11.7478704452515 11.7186946868896 11.6895198822021 11.6603450775146 11.4966793060303 11.288182258606 11.0796852111816 10.8711881637573 10.6626920700073 10.454195022583 10.2456979751587 10.1398420333862 10.341908454895 10.5439739227295 10.7460403442383 10.9481067657471 11.1501722335815 11.3522386550903 11.5543050765991 11.5954055786133 11.5828514099121 11.5702962875366 11.5577421188354 11.5451879501343 11.5326337814331 11.5200796127319 11.4999780654907 11.4572343826294 11.4144897460938 11.3717460632324 11.3290023803711 11.2862586975098 11.2435150146484 11.2007713317871 11.1531925201416 11.104001045227 11.0548105239868 11.0056190490723 10.956428527832 10.9072370529175 10.8580465316772 10.8256855010986 10.8438158035278 10.8619451522827 10.8800745010376
11.8897085189819 11.8555059432983 11.8213033676147 11.7871007919312 11.7528982162476 11.5760221481323 11.3515882492065 11.1271553039551 10.9027223587036 10.6782884597778 10.4538555145264 10.2294216156006 10.1135530471802 10.3233766555786 10.5331993103027 10.7430229187012 10.9528465270996 11.162670135498 11.3724937438965 11.5823173522949 11.6233291625977 11.6080713272095 11.592812538147 11.5775537490845 11.5622959136963 11.5470371246338 11.5317792892456 11.5119781494141 11.4785499572754 11.445122718811 11.4116945266724 11.3782663345337 11.344838142395 11.3114109039307 11.277982711792 11.2266483306885 11.1693439483643 11.1120405197144 11.0547370910645 10.9974327087402 10.9401292800903 10.8828258514404 10.8473138809204 10.8771753311157 10.907036781311 10.9368982315063
12.0023717880249 11.9631414413452 11.9239110946655 11.8846807479858 11.8454504013062 11.6553649902344 11.4149951934814 11.1746253967285 10.9342555999756 10.6938858032227 10.4535160064697 10.2131462097168 10.0872631072998 10.3048448562622 10.5224256515503 10.7400064468384 10.9575872421265 11.1751680374146 11.3927488327026 11.6103296279907 11.651252746582 11.6332902908325 11.615327835083 11.5973653793335 11.579402923584 11.5614414215088 11.5434789657593 11.5239782333374 11.4998664855957 11.475754737854 11.451642036438 11.4275302886963 11.4034185409546 11.3793058395386 11.3551940917969 11.300103187561 11.2346868515015 11.1692705154419 11.1038541793823 11.0384378433228 10.9730215072632 10.9076051712036 10.8689413070679 10.9105348587036 10.952127456665 10.9937210083008
12.1091871261597 12.0782070159912 12.0472278594971 12.0162477493286 11.9852676391602 11.7922878265381 11.5453081130981 11.2983274459839 11.0513477325439 10.8043670654297 10.5573873519897 10.3104066848755 10.1783065795898 10.3908443450928 10.6033821105957 10.815920829773 11.0284585952759 11.2409963607788 11.4535341262817 11.666072845459 11.7068462371826 11.6903638839722 11.673882484436 11.6574001312256 11.6409187316895 11.6244373321533 11.6079549789429 11.5892114639282 11.5636796951294 11.5381488800049 11.5126180648804 11.4870862960815 11.461555480957 11.4360246658325 11.410493850708 11.34987449646 11.2775592803955 11.2052431106567 11.1329278945923 11.0606126785278 10.9882974624634 10.9159822463989 10.8738412857056 10.9222249984741 10.9706087112427 11.0189924240112
12.2101545333862 12.2007036209106 12.1912527084351 12.1818017959595 12.1723508834839 11.9867906570435 11.7425260543823 11.4982614517212 11.2539978027344 11.0097332000732 10.7654695510864 10.5212049484253 10.3866806030273 10.5813760757446 10.7760705947876 10.9707660675049 11.1654605865479 11.3601560592651 11.5548505783081 11.7495460510254 11.7901077270508 11.7792911529541 11.7684745788574 11.7576580047607 11.7468414306641 11.7360248565674 11.7252082824707 11.7076749801636 11.6699905395508 11.6323051452637 11.5946207046509 11.5569362640381 11.519250869751 11.4815664291382 11.4438819885254 11.3759603500366 11.2979593276978 11.2199583053589 11.1419582366943 11.0639572143555 10.9859571456909 10.907956123352 10.8620138168335 10.9122467041016 10.9624786376953 11.0127115249634
12.3111219406128 12.3232002258301 12.335277557373 12.3473558425903 12.3594341278076 12.1812925338745 11.9397439956665 11.6981964111328 11.4566478729248 11.2150993347168 10.9735517501831 10.7320032119751 10.5950555801392 10.7719068527222 10.9487590789795 11.1256113052368 11.3024635314941 11.4793148040771 11.6561670303345 11.8330192565918 11.8733692169189 11.8682174682617 11.8630666732788 11.8579158782959 11.8527641296387 11.8476133346558 11.8424625396729 11.8261394500732 11.7763004302979 11.7264623641968 11.6766233444214 11.6267852783203 11.5769462585449 11.5271081924438 11.4772691726685 11.402045249939 11.318359375 11.234673500061 11.1509876251221 11.0673017501831 10.9836168289185 10.8999309539795 10.8501863479614 10.9022674560547 10.954348564148 11.0064296722412
12.4120893478394 12.4456958770752 12.4793033599854 12.5129098892212 12.5465173721313 12.3757944107056 12.136962890625 11.8981304168701 11.6592979431152 11.4204664230347 11.1816339492798 10.9428014755249 10.8034296035767 10.962438583374 11.1214475631714 11.2804565429688 11.4394655227661 11.5984745025635 11.7574834823608 11.9164924621582 11.9566307067871 11.9571447372437 11.9576587677002 11.9581727981567 11.9586877822876 11.9592018127441 11.9597158432007 11.9446029663086 11.8826112747192 11.8206186294556 11.7586269378662 11.6966342926025 11.6346416473389 11.5726499557495 11.5106573104858 11.4281311035156 11.3387603759766 11.2493886947632 11.1600179672241 11.0706472396851 10.9812755584717 10.8919048309326 10.8383588790894 10.8922891616821 10.9462194442749 11.0001487731934
12.5130558013916 12.5681924819946 12.6233282089233 12.678463935852 12.7336006164551 12.5702972412109 12.3341808319092 12.0980644226074 11.86194896698 11.6258325576782 11.3897161483765 11.1535997390747 11.0118045806885 11.1529703140259 11.2941360473633 11.4353017807007 11.5764684677124 11.7176342010498 11.8587999343872 11.9999656677246 12.0398921966553 12.0460720062256 12.0522508621216 12.0584306716919 12.0646104812622 12.0707893371582 12.0769691467285 12.0630674362183 11.9889211654663 11.9147758483887 11.8406295776367 11.7664833068848 11.6923379898071 11.6181917190552 11.5440454483032 11.4542169570923 11.3591604232788 11.2641038894653 11.1690483093262 11.0739917755127 10.9789352416992 10.8838787078857 10.8265314102173 10.8823099136353 10.9380893707275 10.9938678741455
12.6140232086182 12.6906881332397 12.7673530578613 12.8440179824829 12.9206829071045 12.764799118042 12.5313997268677 12.297999382019 12.0645990371704 11.8311986923218 11.5977983474731 11.3643980026245 11.220178604126 11.3435020446777 11.4668245315552 11.5901479721069 11.7134704589844 11.8367929458618 11.9601163864136 12.083438873291 12.1231536865234 12.1349983215332 12.146842956543 12.158688545227 12.1705331802368 12.1823778152466 12.1942224502563 12.1815319061279 12.0952320098877 12.0089321136475 11.9226322174072 11.836332321167 11.7500333786011 11.6637334823608 11.5774335861206 11.4803028106689 11.3795614242554 11.2788190841675 11.1780776977539 11.0773363113403 10.9765949249268 10.8758535385132 10.8147039413452 10.8723316192627 10.9299592971802 10.9875869750977
