data/working_set_collections/6091692-Cassins_Sparrow-M2/1985/ts_avg.asc
NCOLS 265 
NROWS 230 
XLLCORNER -115.5625 
YLLCORNER 24.8333333333333 
CELLSIZE 0.0833333333333333 
NODATA_value -9999 
[rows 100 to 119 of 230, columns 46 to 91 of 265]
284.16650390625 284.597778320312 285.029052734375 285.460327148438 285.8916015625 286.322875976562 286.388214111328 286.331604003906 286.274963378906 286.218353271484 286.161712646484 286.105102539062 286.048461914062 285.971435546875 285.833160400391 285.694885253906 285.556610107422 285.418334960938 285.280059814453 285.141784667969 285.003509521484 284.864379882812 284.724945068359 284.585510253906 284.446075439453 284.306640625 284.167205810547 284.027770996094 283.912109375 283.86767578125 283.8232421875 283.778778076172 283.734344482422 283.689910888672 283.645477294922 283.601043701172 283.560821533203 283.522033691406 283.483215332031 283.444396972656 283.405609130859 283.366790771484 283.328002929688 283.294036865234 283.274627685547 283.255218505859
283.960662841797 284.437591552734 284.91455078125 285.391479492188 285.868438720703 286.345367431641 286.436798095703 286.399688720703 286.362609863281 286.325531005859 286.288452148438 286.251342773438 286.214263916016 286.150451660156 286.006500244141 285.862548828125 285.718597412109 285.574645996094 285.430694580078 285.286743164062 285.142791748047 285 284.857604980469 284.715209960938 284.572814941406 284.430419921875 284.288024902344 284.145599365234 284.022125244141 283.955352783203 283.888549804688 283.82177734375 283.755004882812 283.688232421875 283.621459960938 283.554656982422 283.501678466797 283.453277587891 283.404907226562 283.356506347656 283.30810546875 283.259704589844 283.211334228516 283.172454833984 283.162200927734 283.151916503906
283.822082519531 284.282073974609 284.742034912109 285.201995849609 285.661987304688 286.121948242188 286.239562988281 286.243072509766 286.246551513672 286.250061035156 286.253540039062 286.257049560547 286.260559082031 286.228790283203 286.091278076172 285.953765869141 285.816284179688 285.678771972656 285.541259765625 285.403747558594 285.266235351562 285.127380371094 284.988067626953 284.848754882812 284.709442138672 284.570129394531 284.430786132812 284.291473388672 284.165191650391 284.078033447266 283.990875244141 283.903717041016 283.816558837891 283.729400634766 283.642242431641 283.555084228516 283.492431640625 283.43798828125 283.383544921875 283.3291015625 283.274658203125 283.22021484375 283.165771484375 283.128173828125 283.141204833984 283.154205322266
283.750854492188 284.131195068359 284.511535644531 284.891906738281 285.272247314453 285.652618408203 285.796539306641 285.861663818359 285.926788330078 285.991943359375 286.057067871094 286.122192382812 286.187316894531 286.206420898438 286.087493896484 285.968566894531 285.849639892578 285.730712890625 285.611755371094 285.492828369141 285.373901367188 285.246520996094 285.116333007812 284.986145019531 284.85595703125 284.725769042969 284.595581054688 284.465393066406 284.341339111328 284.235778808594 284.130187988281 284.024597167969 283.919006347656 283.813415527344 283.707855224609 283.602264404297 283.533142089844 283.476165771484 283.419189453125 283.362213134766 283.305267333984 283.248291015625 283.191314697266 283.161193847656 283.211639404297 283.262084960938
283.679595947266 283.980316162109 284.281066894531 284.581787109375 284.882537841797 285.183258056641 285.353515625 285.480285644531 285.607055664062 285.733795166016 285.860565185547 285.987335205078 286.114105224609 286.18408203125 286.083709716797 285.983367919922 285.882995605469 285.782623291016 285.682281494141 285.581909179688 285.481567382812 285.365661621094 285.244598388672 285.12353515625 285.002471923828 284.881408691406 284.760345458984 284.639282226562 284.517486572266 284.393493652344 284.269470214844 284.145477294922 284.021453857422 283.8974609375 283.7734375 283.649444580078 283.573822021484 283.514312744141 283.454833984375 283.395355224609 283.335845947266 283.2763671875 283.216857910156 283.194213867188 283.282104492188 283.369964599609
283.608337402344 283.829467773438 284.050567626953 284.271697998047 284.492797851562 284.713928222656 284.910491943359 285.098876953125 285.287292480469 285.475677490234 285.6640625 285.852478027344 286.040863037109 286.161712646484 286.079925537109 285.998138427734 285.916351318359 285.834564208984 285.752777099609 285.670989990234 285.589202880859 285.484802246094 285.372894287109 285.260955810547 285.149017333984 285.037078857422 284.925140380859 284.813201904297 284.693634033203 284.551208496094 284.408782958984 284.266357421875 284.123901367188 283.981475830078 283.839050292969 283.696624755859 283.614501953125 283.552490234375 283.490478515625 283.428466796875 283.366455078125 283.304443359375 283.242431640625 283.227233886719 283.3525390625 283.477844238281
283.537078857422 283.678588867188 283.820098876953 283.961578369141 284.103088378906 284.244567871094 284.467468261719 284.717498779297 284.967529296875 285.217559814453 285.467590332031 285.717620849609 285.967651367188 286.139343261719 286.076141357422 286.012939453125 285.94970703125 285.886505126953 285.823303222656 285.760070800781 285.696868896484 285.603973388672 285.501159667969 285.398345947266 285.295532226562 285.192718505859 285.089904785156 284.987091064453 284.869781494141 284.708923339844 284.548065185547 284.38720703125 284.226379394531 284.065521240234 283.904663085938 283.743804931641 283.655181884766 283.590667724609 283.526123046875 283.461578369141 283.397033691406 283.33251953125 283.267974853516 283.26025390625 283.423004150391 283.585723876953
283.465850830078 283.527709960938 283.589599609375 283.651489257812 283.713348388672 283.775238037109 284.024444580078 284.336120605469 284.647766113281 284.959442138672 285.271087646484 285.582763671875 285.894409179688 286.117004394531 286.072357177734 286.027709960938 285.983093261719 285.938446044922 285.893798828125 285.849151611328 285.804534912109 285.723114013672 285.629425048828 285.535736083984 285.442047119141 285.348388671875 285.254699707031 285.161010742188 285.045928955078 284.866638183594 284.687377929688 284.508087158203 284.328826904297 284.149536132812 283.970275878906 283.790985107422 283.695861816406 283.628814697266 283.561767578125 283.494689941406 283.427642822266 283.360595703125 283.293518066406 283.293273925781 283.493438720703 283.693603515625
283.683959960938 283.645751953125 283.607574462891 283.569366455078 283.531158447266 283.492950439453 283.728454589844 284.05517578125 284.381927490234 284.708679199219 285.035430908203 285.362152099609 285.688903808594 285.928161621094 285.904937744141 285.881713867188 285.858459472656 285.835235595703 285.81201171875 285.788787841797 285.765533447266 285.695892333984 285.610717773438 285.525573730469 285.4404296875 285.355285644531 285.270141601562 285.184967041016 285.076202392578 284.896575927734 284.716979980469 284.537353515625 284.357727050781 284.178100585938 283.998474121094 283.818878173828 283.721405029297 283.6513671875 283.581298828125 283.511260986328 283.441192626953 283.371154785156 283.301086425781 283.304443359375 283.527984619141 283.751525878906
284.191497802734 284.032745361328 283.873962402344 283.715209960938 283.556457519531 283.397705078125 283.579467773438 283.874725341797 284.170013427734 284.465301513672 284.760589599609 285.055847167969 285.351135253906 285.572845458984 285.573852539062 285.574859619141 285.575897216797 285.576904296875 285.577911376953 285.578918457031 285.579925537109 285.522277832031 285.445068359375 285.367858886719 285.290649414062 285.213439941406 285.13623046875 285.059020996094 284.960632324219 284.798736572266 284.636871337891 284.474975585938 284.313110351562 284.151214599609 283.989318847656 283.827453613281 283.731811523438 283.658294677734 283.584777832031 283.51123046875 283.437713623047 283.364166259766 283.290649414062 283.293731689453 283.526611328125 283.759521484375
284.699005126953 284.419708251953 284.140380859375 283.861083984375 283.581756591797 283.302429199219 283.430480957031 283.694274902344 283.958099365234 284.221923828125 284.485717773438 284.749542236328 285.013366699219 285.217529296875 285.242797851562 285.268035888672 285.293304443359 285.318542480469 285.343811035156 285.369049072266 285.394317626953 285.348663330078 285.279418945312 285.210144042969 285.140869140625 285.071594238281 285.002319335938 284.933044433594 284.845062255859 284.700897216797 284.556762695312 284.412628173828 284.268463134766 284.124328613281 283.980163574219 283.836029052734 283.742218017578 283.665222167969 283.588226318359 283.51123046875 283.434234619141 283.357208251953 283.280212402344 283.283020019531 283.525238037109 283.767486572266
285.20654296875 284.806671142578 284.406799316406 284.006927490234 283.607055664062 283.207183837891 283.281494140625 283.513824462891 283.746185302734 283.978546142578 284.210876464844 284.443237304688 284.675598144531 284.862213134766 284.911712646484 284.961212158203 285.010711669922 285.060211181641 285.109710693359 285.159210205078 285.208709716797 285.175079345703 285.113739013672 285.052398681641 284.991088867188 284.929748535156 284.868408203125 284.807098388672 284.7294921875 284.603057861328 284.476654052734 284.350250244141 284.223846435547 284.097412109375 283.971008300781 283.844604492188 283.752624511719 283.672149658203 283.591674804688 283.511199951172 283.430725097656 283.350250244141 283.269775390625 283.272308349609 283.523895263672 283.775451660156
285.714050292969 285.193634033203 284.673217773438 284.152801513672 283.632385253906 283.111938476562 283.132507324219 283.333374023438 283.534271240234 283.735168457031 283.93603515625 284.136932373047 284.337799072266 284.506896972656 284.580657958984 284.654388427734 284.728118896484 284.801879882812 284.875610351562 284.949340820312 285.023071289062 285.00146484375 284.948089599609 284.894683837891 284.84130859375 284.787902832031 284.734497070312 284.681121826172 284.613891601562 284.505218505859 284.396545410156 284.287872314453 284.17919921875 284.070526123047 283.961853027344 283.853179931641 283.763031005859 283.679077148438 283.595153808594 283.511199951172 283.42724609375 283.343292236328 283.259338378906 283.261596679688 283.522521972656 283.783447265625
286.221588134766 285.580596923828 284.939636230469 284.298645019531 283.657684326172 283.016693115234 282.983520507812 283.152923583984 283.322357177734 283.491790771484 283.661193847656 283.830627441406 284.000030517578 284.151580810547 284.249572753906 284.347564697266 284.445526123047 284.543518066406 284.641510009766 284.739471435547 284.837463378906 284.827880859375 284.782409667969 284.736968994141 284.691528320312 284.646057128906 284.600616455078 284.555145263672 284.498321533203 284.407379150391 284.316436767578 284.225524902344 284.134582519531 284.043640136719 283.952697753906 283.861755371094 283.7734375 283.68603515625 283.598602294922 283.511169433594 283.423767089844 283.336334228516 283.248901367188 283.250915527344 283.521148681641 283.791412353516
286.779846191406 286.095031738281 285.410186767578 284.725341796875 284.040496826172 283.355651855469 283.271697998047 283.388031005859 283.504364013672 283.620697021484 283.737030029297 283.853363037109 283.969696044922 284.078552246094 284.164916992188 284.251281738281 284.337646484375 284.424011230469 284.510375976562 284.596740722656 284.68310546875 284.657592773438 284.594818115234 284.532012939453 284.46923828125 284.406433105469 284.343658447266 284.280853271484 284.217346191406 284.151702880859 284.086059570312 284.020385742188 283.954742431641 283.889099121094 283.823425292969 283.757781982422 283.682952880859 283.605102539062 283.527221679688 283.449340820312 283.371459960938 283.293579101562 283.215698242188 283.223571777344 283.488616943359 283.753692626953
287.388885498047 286.736877441406 286.084869384766 285.432861328125 284.780853271484 284.128814697266 283.997039794922 284.038665771484 284.080291748047 284.121917724609 284.163543701172 284.205169677734 284.246795654297 284.287750244141 284.326629638672 284.365539550781 284.404418945312 284.443328857422 284.482208251953 284.521087646484 284.559997558594 284.490661621094 284.38525390625 284.279846191406 284.174438476562 284.069030761719 283.963623046875 283.858215332031 283.770965576172 283.738159179688 283.705352783203 283.672515869141 283.639709472656 283.606903076172 283.574096679688 283.541290283203 283.491607666016 283.436279296875 283.380981445312 283.325653076172 283.270355224609 283.215057373047 283.159729003906 283.179595947266 283.424926757812 283.670257568359
287.997924804688 287.378753662109 286.759552001953 286.140380859375 285.521179199219 284.901977539062 284.722381591797 284.689300537109 284.656219482422 284.623138427734 284.590057373047 284.556976318359 284.523895263672 284.496948242188 284.488372802734 284.479797363281 284.471221923828 284.462615966797 284.454040527344 284.445465087891 284.436889648438 284.32373046875 284.175689697266 284.027679443359 283.879669189453 283.731628417969 283.583618164062 283.435577392578 283.324584960938 283.324615478516 283.324645996094 283.324676513672 283.32470703125 283.324737548828 283.324737548828 283.324768066406 283.300231933594 283.267486572266 283.234741210938 283.201995849609 283.169250488281 283.136505126953 283.103759765625 283.135620117188 283.361236572266 283.586853027344
288.606964111328 288.020599365234 287.434234619141 286.847869873047 286.261505126953 285.675140380859 285.447723388672 285.339935302734 285.232147216797 285.124359130859 285.016571044922 284.908782958984 284.801025390625 284.706146240234 284.650115966797 284.594055175781 284.537994384766 284.48193359375 284.425872802734 284.369842529297 284.313781738281 284.156768798828 283.966156005859 283.775512695312 283.584869384766 283.394226074219 283.203582763672 283.012969970703 282.878204345703 282.911071777344 282.943939208984 282.976806640625 283.009674072266 283.042541503906 283.075408935547 283.108276367188 283.108856201172 283.098693847656 283.088500976562 283.078338623047 283.068145751953 283.057952880859 283.047790527344 283.091644287109 283.297546386719 283.503448486328
289.216003417969 288.662475585938 288.108947753906 287.555389404297 287.001861572266 286.448333740234 286.173065185547 285.990570068359 285.808074951172 285.625579833984 285.443084716797 285.260620117188 285.078125 284.915374755859 284.811828613281 284.708312988281 284.604766845703 284.501251220703 284.397705078125 284.294189453125 284.190673828125 283.989837646484 283.756591796875 283.523345947266 283.290069580078 283.056823730469 282.823577880859 282.59033203125 282.431823730469 282.497528076172 282.563232421875 282.628936767578 282.694641113281 282.760345458984 282.826080322266 282.891784667969 282.91748046875 282.929870605469 282.942260742188 282.954650878906 282.967041015625 282.979431152344 282.991821289062 283.047637939453 283.233825683594 283.420013427734
289.825042724609 289.304351806641 288.783630371094 288.262908935547 287.7421875 287.221496582031 286.898406982422 286.641204833984 286.384002685547 286.126800537109 285.86962890625 285.612426757812 285.355224609375 285.124572753906 284.973571777344 284.822570800781 284.671569824219 284.520568847656 284.369567871094 284.218566894531 284.067565917969 283.822906494141 283.547027587891 283.271148681641 282.995300292969 282.719421386719 282.443542480469 282.167694091797 281.985412597656 282.083984375 282.182525634766 282.281066894531 282.379638671875 282.478179931641 282.576721191406 282.675262451172 282.726135253906 282.761077880859 282.796020507812 282.830993652344 282.865936279297 282.90087890625 282.935852050781 283.003662109375 283.170135498047 283.336608886719
