data/working_set_collections/6091692-Cassins_Sparrow-M2/1985/ts_avg.asc
NCOLS 265 
NROWS 230 
XLLCORNER -115.5625 
YLLCORNER 24.8333333333333 
CELLSIZE 0.0833333333333333 
NODATA_value -9999 
[rows 160 to 179 of 230, columns 46 to 91 of 265]
294.979278564453 294.798767089844 294.618255615234 294.437744140625 294.257232666016 294.076721191406 293.797149658203 293.484588623047 293.172058105469 292.859497070312 292.546936035156 292.234375 291.921813964844 291.661773681641 291.559356689453 291.456939697266 291.354522705078 291.252105712891 291.149658203125 291.047241210938 290.94482421875 290.912109375 290.902648925781 290.893188476562 290.883728027344 290.874267578125 290.864776611328 290.855316162109 290.784088134766 290.527496337891 290.270904541016 290.014312744141 289.757720947266 289.501129150391 289.244537353516 288.987945556641 288.926483154297 288.930084228516 288.933685302734 288.937255859375 288.940856933594 288.944458007812 288.948028564453 289.013671875 289.265380859375 289.51708984375
295.139831542969 294.977508544922 294.815185546875 294.652862548828 294.490539550781 294.328216552734 294.060546875 293.757720947266 293.454925537109 293.152130126953 292.849304199219 292.546508789062 292.243682861328 291.990570068359 291.886474609375 291.782348632812 291.678253173828 291.574157714844 291.470062255859 291.365966796875 291.261840820312 291.208984375 291.173217773438 291.137451171875 291.101684570312 291.065887451172 291.030120849609 290.994354248047 290.894958496094 290.604766845703 290.314575195312 290.024383544922 289.734191894531 289.444000244141 289.153778076172 288.863586425781 288.782287597656 288.770568847656 288.758880615234 288.747192382812 288.735473632812 288.723785400391 288.712097167969 288.772674560547 289.050079345703 289.327453613281
295.200531005859 295.053894042969 294.9072265625 294.760589599609 294.613952636719 294.46728515625 294.219818115234 293.938751220703 293.657684326172 293.376617431641 293.095520019531 292.814453125 292.533386230469 292.295837402344 292.188903808594 292.081939697266 291.975006103516 291.868041992188 291.761108398438 291.654144287109 291.547210693359 291.484619140625 291.436798095703 291.388977050781 291.341156005859 291.293334960938 291.245513916016 291.197692871094 291.078125 290.743408203125 290.40869140625 290.073974609375 289.7392578125 289.404541015625 289.06982421875 288.735107421875 288.624328613281 288.588226318359 288.552093505859 288.515991210938 288.479858398438 288.443725585938 288.407623291016 288.456024169922 288.757934570312 289.059875488281
295.161407470703 295.027893066406 294.894409179688 294.760894775391 294.627410888672 294.493896484375 294.275024414062 294.027648925781 293.780303955078 293.532958984375 293.285583496094 293.038238525391 292.790863037109 292.577606201172 292.466644287109 292.355682373047 292.244720458984 292.133758544922 292.022796630859 291.911834716797 291.800872802734 291.738952636719 291.693328857422 291.647735595703 291.602142333984 291.556549072266 291.510925292969 291.46533203125 291.333587646484 290.943450927734 290.553283691406 290.163116455078 289.772979736328 289.3828125 288.992645263672 288.602508544922 288.452697753906 288.383026123047 288.313323974609 288.24365234375 288.173980712891 288.104278564453 288.034606933594 288.063690185547 288.389007568359 288.71435546875
295.122253417969 295.001922607422 294.881561279297 294.76123046875 294.640869140625 294.5205078125 294.330200195312 294.116577148438 293.902923583984 293.689300537109 293.475646972656 293.261993408203 293.048370361328 292.859405517578 292.744415283203 292.629425048828 292.514465332031 292.399475097656 292.284515380859 292.169525146484 292.054565429688 291.993286132812 291.949890136719 291.906524658203 291.863128662109 291.819763183594 291.7763671875 291.733001708984 291.589050292969 291.143463134766 290.697875976562 290.252258300781 289.806671142578 289.361083984375 288.915466308594 288.469879150391 288.281066894531 288.177795410156 288.074554443359 287.971313476562 287.868072509766 287.764831542969 287.661590576172 287.671356201172 288.020080566406 288.368835449219
295.083129882812 294.975921630859 294.868713378906 294.761535644531 294.654327392578 294.547149658203 294.385406494141 294.205474853516 294.025543212891 293.845642089844 293.665710449219 293.485778808594 293.305847167969 293.141174316406 293.022186279297 292.903198242188 292.7841796875 292.665191650391 292.546203613281 292.427215576172 292.308227539062 292.247619628906 292.206451416016 292.165283203125 292.124114990234 292.082977294922 292.041809082031 292.000640869141 291.844512939453 291.343475341797 290.842437744141 290.341400146484 289.840362548828 289.339324951172 288.838317871094 288.337280273438 288.109405517578 287.972595214844 287.835784912109 287.699005126953 287.562194824219 287.425384521484 287.28857421875 287.279022216797 287.651184082031 288.023315429688
295.043975830078 294.949920654297 294.855895996094 294.761840820312 294.667785644531 294.573760986328 294.440582275391 294.294372558594 294.148162841797 294.001983642578 293.855773925781 293.709564208984 293.563354492188 293.422943115234 293.299926757812 293.176940917969 293.053924560547 292.930908203125 292.807922363281 292.684906005859 292.561889648438 292.501953125 292.463012695312 292.424072265625 292.385131835938 292.34619140625 292.307250976562 292.268310546875 292.099975585938 291.543487548828 290.987030029297 290.430541992188 289.874084472656 289.317596435547 288.761138916016 288.204650878906 287.937774658203 287.767395019531 287.597045898438 287.426666259766 287.256286621094 287.0859375 286.915557861328 286.886688232422 287.282257080078 287.677795410156
295.004852294922 294.923950195312 294.843048095703 294.762145996094 294.681274414062 294.600372314453 294.495788574219 294.38330078125 294.270812988281 294.158325195312 294.045806884766 293.933319091797 293.820831298828 293.704711914062 293.577697753906 293.45068359375 293.323669433594 293.196624755859 293.069610595703 292.942596435547 292.815582275391 292.756286621094 292.719543457031 292.682830810547 292.646118164062 292.609405517578 292.572662353516 292.535949707031 292.355438232422 291.743530273438 291.131591796875 290.519683837891 289.907775878906 289.295867919922 288.683959960938 288.072052001953 287.76611328125 287.562194824219 287.358276367188 287.154327392578 286.950408935547 286.746490478516 286.542572021484 286.494354248047 286.913330078125 287.332275390625
295.142700195312 295.070373535156 294.998046875 294.925720214844 294.853393554688 294.781066894531 294.695281982422 294.605010986328 294.514739990234 294.424468994141 294.334197998047 294.243927001953 294.153656005859 294.052062988281 293.916442871094 293.780792236328 293.645172119141 293.509521484375 293.373901367188 293.23828125 293.102630615234 293.041259765625 293.004669189453 292.968048095703 292.931427001953 292.894836425781 292.858215332031 292.821594238281 292.633239746094 291.989624023438 291.346008300781 290.702423095703 290.058807373047 289.415191650391 288.771575927734 288.127990722656 287.779418945312 287.529174804688 287.278961181641 287.028747558594 286.778533935547 286.5283203125 286.278076171875 286.193176269531 286.604125976562 287.015106201172
295.45751953125 295.389190673828 295.320861816406 295.252532958984 295.184204101562 295.115844726562 295.039123535156 294.959564208984 294.880004882812 294.800476074219 294.720916748047 294.641387939453 294.561828613281 294.464965820312 294.316131591797 294.167266845703 294.018432617188 293.869598388672 293.720764160156 293.571929931641 293.423065185547 293.356903076172 293.318298339844 293.279693603516 293.241088867188 293.202484130859 293.163848876953 293.125244140625 292.933410644531 292.281829833984 291.630279541016 290.978729248047 290.3271484375 289.675598144531 289.024017333984 288.372467041016 287.977630615234 287.668395996094 287.359130859375 287.049896240234 286.740661621094 286.431396484375 286.122161865234 285.983123779297 286.354705810547 286.726287841797
295.772369384766 295.7080078125 295.643676757812 295.579345703125 295.514984130859 295.450653076172 295.382934570312 295.314117431641 295.245300292969 295.176452636719 295.107635498047 295.038818359375 294.969970703125 294.877868652344 294.7158203125 294.553771972656 294.391723632812 294.229675292969 294.067626953125 293.905578613281 293.743530273438 293.672546386719 293.631927490234 293.591339111328 293.550720214844 293.510131835938 293.469512939453 293.428894042969 293.233581542969 292.574066162109 291.91455078125 291.255004882812 290.595489501953 289.935974121094 289.276458740234 288.616943359375 288.175872802734 287.807586669922 287.439331054688 287.071044921875 286.702758789062 286.334503173828 285.966217041016 285.773071289062 286.105255126953 286.437438964844
296.087188720703 296.02685546875 295.966491699219 295.906127929688 295.845794677734 295.785430908203 295.726776123047 295.668670654297 295.610565185547 295.552459716797 295.494354248047 295.436248779297 295.378143310547 295.290740966797 295.115509033203 294.940246582031 294.764984130859 294.589721679688 294.414459228516 294.239227294922 294.06396484375 293.988189697266 293.945587158203 293.902984619141 293.860382080078 293.817779541016 293.775177001953 293.732574462891 293.533752441406 292.866271972656 292.198791503906 291.531311035156 290.863861083984 290.196380615234 289.528900146484 288.861450195312 288.374084472656 287.946807861328 287.519500732422 287.092193603516 286.664886474609 286.237579345703 285.810302734375 285.563018798828 285.855804443359 286.148620605469
296.402038574219 296.345672607422 296.289306640625 296.232940673828 296.176574707031 296.120208740234 296.070587158203 296.023193359375 295.975830078125 295.928436279297 295.881072998047 295.833679199219 295.786285400391 295.703643798828 295.515197753906 295.326721191406 295.138244628906 294.949798583984 294.761322021484 294.572875976562 294.384399414062 294.303833007812 294.259216308594 294.214630126953 294.170013427734 294.125427246094 294.080810546875 294.036224365234 293.833892822266 293.158477783203 292.483062744141 291.8076171875 291.132202148438 290.456787109375 289.781341552734 289.105926513672 288.572326660156 288.085998535156 287.599670410156 287.113342285156 286.627014160156 286.140686035156 285.654357910156 285.352966308594 285.606384277344 285.859771728516
296.716857910156 296.664489746094 296.612121582031 296.559753417969 296.507385253906 296.455017089844 296.414428710938 296.377746582031 296.341094970703 296.304443359375 296.267761230469 296.231109619141 296.194458007812 296.116546630859 295.914886474609 295.713195800781 295.511535644531 295.309844970703 295.108184814453 294.906524658203 294.704833984375 294.619476318359 294.572875976562 294.526275634766 294.479675292969 294.433074951172 294.386474609375 294.339874267578 294.134063720703 293.45068359375 292.767303466797 292.083923339844 291.400543212891 290.717163085938 290.033782958984 289.350402832031 288.770538330078 288.225189208984 287.679840087891 287.134490966797 286.589141845703 286.043792724609 285.498443603516 285.142913818359 285.35693359375 285.570953369141
296.946350097656 296.901550292969 296.856781005859 296.811981201172 296.767181396484 296.722381591797 296.685607910156 296.651489257812 296.617370605469 296.583251953125 296.549133300781 296.515014648438 296.480895996094 296.402862548828 296.193084716797 295.983276367188 295.773498535156 295.563690185547 295.353912353516 295.144104003906 294.934326171875 294.83935546875 294.782684326172 294.725982666016 294.669311523438 294.612640380859 294.555938720703 294.499267578125 294.287689208984 293.611480712891 292.935241699219 292.259002685547 291.582763671875 290.906524658203 290.230316162109 289.554077148438 288.950500488281 288.371124267578 287.791778564453 287.21240234375 286.633056640625 286.053680419922 285.474334716797 285.085205078125 285.266845703125 285.448486328125
297.090484619141 297.056854248047 297.023254394531 296.989624023438 296.955993652344 296.92236328125 296.884124755859 296.844390869141 296.804656982422 296.764892578125 296.725158691406 296.685394287109 296.645660400391 296.562652587891 296.349822998047 296.136993408203 295.924163818359 295.711334228516 295.498504638672 295.285675048828 295.072845458984 294.963500976562 294.888641357422 294.813812255859 294.738952636719 294.664123535156 294.589263916016 294.514404296875 294.294799804688 293.640808105469 292.98681640625 292.332824707031 291.678863525391 291.024871826172 290.370880126953 289.716918945312 289.112152099609 288.523803710938 287.935455322266 287.347106933594 286.758758544922 286.170379638672 285.58203125 285.179840087891 285.336090087891 285.492370605469
297.234649658203 297.212188720703 297.189697265625 297.167236328125 297.144775390625 297.122314453125 297.082672119141 297.037292480469 296.991912841797 296.946533203125 296.901153564453 296.855804443359 296.810424804688 296.722412109375 296.506561279297 296.290679931641 296.074829101562 295.858947753906 295.643096923828 295.42724609375 295.211364746094 295.087646484375 294.99462890625 294.901611328125 294.80859375 294.715606689453 294.622589111328 294.529571533203 294.301879882812 293.670135498047 293.038421630859 292.406677246094 291.774932861328 291.143218994141 290.511474609375 289.879760742188 289.273803710938 288.676452636719 288.079132080078 287.481781005859 286.884429931641 286.287109375 285.689758300781 285.274475097656 285.405364990234 285.536224365234
297.378784179688 297.367492675781 297.356170654297 297.344879150391 297.333587646484 297.322296142578 297.281219482422 297.230224609375 297.17919921875 297.128204345703 297.077178955078 297.026184082031 296.975158691406 296.882171630859 296.663299560547 296.444396972656 296.225494384766 296.006591796875 295.787689208984 295.568786621094 295.349884033203 295.211791992188 295.100616455078 294.989440917969 294.878265380859 294.767059326172 294.655883789062 294.544708251953 294.308959960938 293.699493408203 293.089996337891 292.480529785156 291.871032714844 291.261566162109 290.652069091797 290.042572021484 289.435455322266 288.829132080078 288.222808837891 287.616455078125 287.010131835938 286.40380859375 285.797485351562 285.369110107422 285.474609375 285.580108642578
297.522918701172 297.522796630859 297.522644042969 297.522521972656 297.522399902344 297.522277832031 297.479766845703 297.423126220703 297.366485595703 297.309844970703 297.253204345703 297.196563720703 297.139923095703 297.041961669922 296.820007324219 296.598083496094 296.376159667969 296.154205322266 295.932281494141 295.710357666016 295.488433837891 295.3359375 295.206573486328 295.077239990234 294.947906494141 294.818542480469 294.689208984375 294.559875488281 294.316040039062 293.728820800781 293.1416015625 292.554351806641 291.967132568359 291.3798828125 290.792663574219 290.205413818359 289.597137451172 288.981811523438 288.366485595703 287.751159667969 287.135833740234 286.5205078125 285.905181884766 285.463714599609 285.543853759766 285.623992919922
297.667053222656 297.678100585938 297.689117431641 297.700164794922 297.711212158203 297.722229003906 297.678314208984 297.616027832031 297.553741455078 297.491485595703 297.42919921875 297.366943359375 297.304656982422 297.201721191406 296.976745605469 296.751770019531 296.526824951172 296.301849365234 296.076873779297 295.851928710938 295.626953125 295.460083007812 295.312561035156 295.1650390625 295.017547607422 294.870025634766 294.722534179688 294.575012207031 294.323150634766 293.758148193359 293.193176269531 292.628204345703 292.063201904297 291.498229980469 290.933258056641 290.368255615234 289.7587890625 289.134460449219 288.510162353516 287.885833740234 287.261535644531 286.63720703125 286.012908935547 285.558349609375 285.613128662109 285.667877197266
