data/working_set_collections/6091692-Cassins_Sparrow-M2/1985/ts_avg.asc
NCOLS 265 
NROWS 230 
XLLCORNER -115.5625 
YLLCORNER 24.8333333333333 
CELLSIZE 0.0833333333333333 
NODATA_value -9999 
[rows 120 to 139 of 230, columns 0 to 45 of 265]
294.348175048828 294.541168212891 294.734130859375 294.927093505859 295.120086669922 295.313049316406 295.506011962891 295.593414306641 295.645599365234 295.697784423828 295.749969482422 295.802154541016 295.854339599609 295.906524658203 295.903930664062 295.736938476562 295.569976806641 295.402984619141 295.236022949219 295.069030761719 294.902069091797 294.735076904297 294.565582275391 294.395233154297 294.224884033203 294.054534912109 293.884185791016 293.713806152344 293.54345703125 293.390808105469 293.291290283203 293.191741943359 293.092193603516 292.99267578125 292.893127441406 292.793579101562 292.694030761719 292.560241699219 292.415008544922 292.269775390625 292.124542236328 291.979309082031 291.834075927734 291.688842773438 291.455749511719 290.959106445312
294.500366210938 294.682281494141 294.864196777344 295.046081542969 295.227996826172 295.409912109375 295.591827392578 295.670501708984 295.714782714844 295.759063720703 295.803344726562 295.847595214844 295.891876220703 295.936157226562 295.929870605469 295.771820068359 295.61376953125 295.455749511719 295.297698974609 295.1396484375 294.981628417969 294.823577880859 294.69189453125 294.569000244141 294.446075439453 294.323181152344 294.200286865234 294.077362060547 293.954467773438 293.842498779297 293.763366699219 293.684234619141 293.605133056641 293.526000976562 293.446868896484 293.367736816406 293.288604736328 293.1630859375 293.022064208984 292.881072998047 292.740051269531 292.599060058594 292.458038330078 292.317047119141 292.090942382812 291.609558105469
294.652557373047 294.823394775391 294.994262695312 295.165100097656 295.3359375 295.506774902344 295.677612304688 295.747589111328 295.783966064453 295.8203125 295.856689453125 295.89306640625 295.929443359375 295.965789794922 295.955810546875 295.806701660156 295.657592773438 295.508483886719 295.359375 295.210296630859 295.061187744141 294.912078857422 294.818206787109 294.742736816406 294.667297363281 294.591827392578 294.516357421875 294.44091796875 294.365447998047 294.294189453125 294.235473632812 294.1767578125 294.118041992188 294.059326171875 294.000610351562 293.94189453125 293.883178710938 293.765899658203 293.629119873047 293.492340087891 293.355560302734 293.218780517578 293.082000732422 292.945220947266 292.726104736328 292.260009765625
294.804748535156 294.964538574219 295.124298095703 295.284088134766 295.44384765625 295.603607177734 295.763397216797 295.824676513672 295.853149414062 295.881591796875 295.910064697266 295.938507080078 295.966979980469 295.995422363281 295.981750488281 295.841583251953 295.701416015625 295.561248779297 295.421081542969 295.280914306641 295.140747070312 295.000579833984 294.944519042969 294.91650390625 294.888488769531 294.860473632812 294.832458496094 294.804473876953 294.776458740234 294.745849609375 294.707550048828 294.669250488281 294.630950927734 294.592651367188 294.554351806641 294.516052246094 294.477752685547 294.368743896484 294.236206054688 294.103637695312 293.971069335938 293.838531494141 293.705963134766 293.573394775391 293.361297607422 292.910491943359
294.956939697266 295.105651855469 295.254364013672 295.403076171875 295.551788330078 295.700469970703 295.849182128906 295.901763916016 295.922332763672 295.94287109375 295.963439941406 295.983978271484 296.004516601562 296.025085449219 296.007690429688 295.87646484375 295.745208740234 295.613983154297 295.482757568359 295.351531982422 295.220306396484 295.089080810547 295.070831298828 295.090270996094 295.109710693359 295.129150390625 295.148559570312 295.167999267578 295.187438964844 295.197540283203 295.179656982422 295.161773681641 295.143859863281 295.1259765625 295.108093261719 295.090209960938 295.072326660156 294.971588134766 294.84326171875 294.714935302734 294.586578369141 294.458251953125 294.329925537109 294.201599121094 293.996459960938 293.560943603516
295.109130859375 295.246795654297 295.384429931641 295.522064208984 295.659698486328 295.797332763672 295.934967041016 295.978851318359 295.991516113281 296.004150390625 296.016784667969 296.029418945312 296.042083740234 296.054718017578 296.033630371094 295.911315917969 295.789031982422 295.666748046875 295.54443359375 295.422149658203 295.299865722656 295.177551269531 295.197143554688 295.264038085938 295.330902099609 295.397796630859 295.464660644531 295.531555175781 295.598449707031 295.649230957031 295.651763916016 295.654266357422 295.656799316406 295.659301757812 295.661834716797 295.664367675781 295.666870117188 295.574432373047 295.450317382812 295.326202392578 295.202087402344 295.078002929688 294.953887939453 294.829772949219 294.631622314453 294.211395263672
295.301513671875 295.417572021484 295.533630371094 295.649719238281 295.765777587891 295.8818359375 295.997894287109 296.038391113281 296.0537109375 296.069030761719 296.084350585938 296.099670410156 296.114959716797 296.130279541016 296.114776611328 296.006744384766 295.898712158203 295.790710449219 295.682678222656 295.574645996094 295.466644287109 295.358612060547 295.394836425781 295.479125976562 295.563415527344 295.647705078125 295.731994628906 295.816284179688 295.900604248047 295.96337890625 295.961578369141 295.959808349609 295.958038330078 295.956268310547 295.954467773438 295.952697753906 295.950927734375 295.863800048828 295.748229980469 295.632690429688 295.517120361328 295.401550292969 295.285980224609 295.17041015625 294.984497070312 294.587463378906
295.534057617188 295.618041992188 295.702026367188 295.786010742188 295.869995117188 295.953979492188 296.037963867188 296.080383300781 296.108947753906 296.137512207031 296.166076660156 296.194641113281 296.223205566406 296.251770019531 296.251098632812 296.162689208984 296.074279785156 295.985870361328 295.8974609375 295.809020996094 295.720611572266 295.632202148438 295.663848876953 295.735534667969 295.807220458984 295.878875732422 295.950561523438 296.022247314453 296.093902587891 296.139984130859 296.109191894531 296.078399658203 296.047607421875 296.016815185547 295.986022949219 295.955230712891 295.924438476562 295.839721679688 295.737030029297 295.634338378906 295.531616210938 295.428924560547 295.326232910156 295.223510742188 295.055023193359 294.689086914062
295.766632080078 295.818511962891 295.870422363281 295.922332763672 295.974212646484 296.026123046875 296.078033447266 296.122375488281 296.164184570312 296.205993652344 296.247833251953 296.289642333984 296.331451416016 296.373291015625 296.387451171875 296.318634033203 296.249847412109 296.181030273438 296.112213134766 296.043426513672 295.974609375 295.905792236328 295.932891845703 295.991943359375 296.050994873047 296.110046386719 296.169128417969 296.228179931641 296.287231445312 296.316558837891 296.256774902344 296.196960449219 296.137176513672 296.077362060547 296.017578125 295.957763671875 295.897979736328 295.815643310547 295.725799560547 295.635955810547 295.546142578125 295.456298828125 295.366455078125 295.276641845703 295.125549316406 294.790740966797
295.999176025391 296.018981933594 296.038818359375 296.058624267578 296.078460693359 296.098266601562 296.118103027344 296.164337158203 296.219421386719 296.274505615234 296.329559326172 296.384643554688 296.439697265625 296.494781494141 296.523773193359 296.474578857422 296.425384521484 296.376190185547 296.326995849609 296.277801513672 296.228607177734 296.179382324219 296.201934814453 296.248352050781 296.294799804688 296.341247558594 296.387664794922 296.434112548828 296.480560302734 296.4931640625 296.404357910156 296.315551757812 296.226745605469 296.137908935547 296.049102783203 295.960296630859 295.871490478516 295.791564941406 295.714599609375 295.637603759766 295.560638427734 295.483673095703 295.406707763672 295.329742431641 295.196075439453 294.892364501953
296.231719970703 296.219451904297 296.207214355469 296.194946289062 296.182678222656 296.17041015625 296.158142089844 296.206329345703 296.274658203125 296.342987060547 296.411315917969 296.479644775391 296.547943115234 296.616271972656 296.660125732422 296.630523681641 296.600952148438 296.571350097656 296.541778564453 296.512176513672 296.482574462891 296.453002929688 296.470947265625 296.504760742188 296.538604736328 296.572418212891 296.606231689453 296.640045166016 296.673858642578 296.669769287109 296.551940917969 296.434112548828 296.316314697266 296.198486328125 296.080657958984 295.962829589844 295.845001220703 295.767486572266 295.703369140625 295.639251708984 295.575164794922 295.511047363281 295.446960449219 295.382843017578 295.2666015625 294.994018554688
296.464294433594 296.419921875 296.375579833984 296.331237792969 296.286895751953 296.242553710938 296.198211669922 296.248321533203 296.329895019531 296.411468505859 296.493041992188 296.574615478516 296.656219482422 296.73779296875 296.796478271484 296.786499023438 296.776489257812 296.766510009766 296.756530761719 296.746551513672 296.736572265625 296.726593017578 296.739990234375 296.761199951172 296.782379150391 296.803588867188 296.824798583984 296.845977783203 296.8671875 296.846374511719 296.699523925781 296.552703857422 296.405853271484 296.259033203125 296.112182617188 295.965362548828 295.818542480469 295.743377685547 295.692138671875 295.640899658203 295.589660644531 295.538421630859 295.487182617188 295.435943603516 295.337158203125 295.095642089844
296.567016601562 296.516540527344 296.466094970703 296.415649414062 296.365203857422 296.314758300781 296.264312744141 296.307525634766 296.381988525391 296.456451416016 296.530914306641 296.605346679688 296.679809570312 296.754272460938 296.809539794922 296.807220458984 296.804901123047 296.802581787109 296.800262451172 296.797943115234 296.795623779297 296.793304443359 296.8056640625 296.822875976562 296.840118408203 296.857330322266 296.874572753906 296.891784667969 296.909027099609 296.881195068359 296.718170166016 296.555145263672 296.39208984375 296.229064941406 296.066040039062 295.903015136719 295.739990234375 295.668182373047 295.626800537109 295.58544921875 295.544067382812 295.502685546875 295.461303710938 295.419921875 295.334564208984 295.117309570312
296.539886474609 296.509307861328 296.478729248047 296.448150634766 296.417572021484 296.386993408203 296.356414794922 296.384002685547 296.430938720703 296.477905273438 296.524871826172 296.571807861328 296.618774414062 296.665740966797 296.699310302734 296.692718505859 296.686126708984 296.679534912109 296.672912597656 296.666320800781 296.659729003906 296.653137207031 296.667938232422 296.689849853516 296.711761474609 296.733673095703 296.755584716797 296.777496337891 296.799407958984 296.774230957031 296.607818603516 296.44140625 296.274993896484 296.108581542969 295.942199707031 295.775787353516 295.609375 295.541870117188 295.507354736328 295.472839355469 295.438323974609 295.40380859375 295.369293212891 295.334777832031 295.258911132812 295.058990478516
296.512786865234 296.502075195312 296.491363525391 296.480651855469 296.469940185547 296.459228515625 296.448516845703 296.46044921875 296.479888916016 296.499359130859 296.518829345703 296.538269042969 296.557739257812 296.577209472656 296.589080810547 296.578216552734 296.567321777344 296.556457519531 296.545593261719 296.534729003906 296.523864746094 296.512969970703 296.530212402344 296.556793212891 296.583404541016 296.609985351562 296.636596679688 296.663177490234 296.689788818359 296.667266845703 296.497497558594 296.327697753906 296.157897949219 295.988128662109 295.818328857422 295.648529052734 295.478759765625 295.415557861328 295.387908935547 295.360229492188 295.332580566406 295.304931640625 295.277252197266 295.249603271484 295.183227539062 295.000671386719
296.485687255859 296.494842529297 296.503997802734 296.513153076172 296.522308349609 296.531463623047 296.540618896484 296.536895751953 296.528869628906 296.520812988281 296.512786865234 296.504730224609 296.496704101562 296.488677978516 296.478851318359 296.463714599609 296.448547363281 296.433410644531 296.418273925781 296.403106689453 296.387969970703 296.372833251953 296.392486572266 296.423767089844 296.455047607422 296.486328125 296.517608642578 296.548858642578 296.580139160156 296.560302734375 296.387145996094 296.213989257812 296.040802001953 295.867645263672 295.694458007812 295.521301269531 295.34814453125 295.289245605469 295.268432617188 295.247650146484 295.226837158203 295.2060546875 295.185241699219 295.164459228516 295.107543945312 294.942321777344
296.458587646484 296.487609863281 296.516632080078 296.545654296875 296.574676513672 296.603729248047 296.632751464844 296.613342285156 296.577819824219 296.542266845703 296.506744384766 296.47119140625 296.435668945312 296.400146484375 296.368621826172 296.349212646484 296.329772949219 296.310363769531 296.290924072266 296.271514892578 296.252075195312 296.232666015625 296.254760742188 296.290740966797 296.326690673828 296.362640380859 296.398620605469 296.4345703125 296.470520019531 296.453338623047 296.276794433594 296.100250244141 295.923706054688 295.747161865234 295.570617675781 295.394073486328 295.217529296875 295.162933349609 295.148986816406 295.135040283203 295.121124267578 295.107177734375 295.093231201172 295.079284667969 295.031860351562 294.884002685547
296.431488037109 296.480377197266 296.529266357422 296.578155517578 296.627075195312 296.675964355469 296.724853515625 296.689788818359 296.626770019531 296.563720703125 296.500701904297 296.437652587891 296.374633789062 296.311614990234 296.258392333984 296.234710693359 296.210998535156 296.187286376953 296.163604736328 296.139892578125 296.1162109375 296.092498779297 296.117065429688 296.157684326172 296.198333740234 296.238983154297 296.279602050781 296.320251464844 296.360900878906 296.346405029297 296.166473388672 295.986541748047 295.806610107422 295.626678466797 295.446746826172 295.266845703125 295.0869140625 295.03662109375 295.029541015625 295.0224609375 295.015380859375 295.00830078125 295.001220703125 294.994140625 294.956207275391 294.82568359375
296.285675048828 296.370483398438 296.455261230469 296.540069580078 296.624847412109 296.709655761719 296.79443359375 296.752471923828 296.668212890625 296.583984375 296.499725341797 296.415496826172 296.331268310547 296.247009277344 296.178985595703 296.159576416016 296.140167236328 296.120758056641 296.101348876953 296.081939697266 296.062530517578 296.043121337891 296.066802978516 296.104858398438 296.142944335938 296.180999755859 296.219055175781 296.257110595703 296.295166015625 296.278594970703 296.09814453125 295.917694091797 295.737213134766 295.556762695312 295.376281738281 295.195831298828 295.015380859375 294.958465576172 294.942779541016 294.927062988281 294.911346435547 294.895660400391 294.879943847656 294.864227294922 294.821258544922 294.696411132812
296.021179199219 296.157897949219 296.294616699219 296.431365966797 296.568084716797 296.704803466797 296.841522216797 296.801330566406 296.702178955078 296.602996826172 296.503845214844 296.404693603516 296.305541992188 296.206359863281 296.13037109375 296.123809814453 296.117248535156 296.110717773438 296.104156494141 296.097595214844 296.091064453125 296.084503173828 296.104034423828 296.132263183594 296.160461425781 296.188690185547 296.216918945312 296.245147705078 296.273376464844 296.25 296.071838378906 295.893676757812 295.715515136719 295.537353515625 295.359222412109 295.181060791016 295.002899169922 294.928497314453 294.888671875 294.848846435547 294.809051513672 294.769226074219 294.729400634766 294.689605712891 294.627014160156 294.496185302734
