data/working_set_collections/6091692-Cassins_Sparrow-M2/1985/tsat_avg.asc
NCOLS 265 
NROWS 230 
XLLCORNER -115.5625 
YLLCORNER 24.8333333333333 
CELLSIZE 0.0833333333333333 
NODATA_value -9999 
[rows 160 to 179 of 230, columns 92 to 137 of 265]
287.839752197266 288.001525878906 288.163299560547 288.325103759766 288.486877441406 288.588226318359 288.669464111328 288.750701904297 288.831909179688 288.913146972656 288.994384765625 289.075622558594 289.122833251953 289.068084716797 289.013305664062 288.958526611328 288.903747558594 288.848968505859 288.794219970703 288.739440917969 288.723846435547 288.721343994141 288.718811035156 288.71630859375 288.713806152344 288.711273193359 288.708770751953 288.718566894531 288.765289306641 288.81201171875 288.858734130859 288.905456542969 288.952209472656 288.998931884766 289.045654296875 288.962677001953 288.836456298828 288.710235595703 288.583984375 288.457763671875 288.33154296875 288.205322265625 288.1220703125 288.167816162109 288.213531494141 288.25927734375
287.755706787109 287.936645507812 288.117553710938 288.298461914062 288.479370117188 288.591339111328 288.680328369141 288.769317626953 288.858306884766 288.947296142578 289.036285400391 289.125274658203 289.178283691406 289.123291015625 289.068328857422 289.013366699219 288.958374023438 288.903411865234 288.848419189453 288.79345703125 288.779083251953 288.778228759766 288.777374267578 288.776519775391 288.775665283203 288.774810791016 288.773956298828 288.787231445312 288.842803955078 288.898376464844 288.953948974609 289.009521484375 289.065093994141 289.120697021484 289.17626953125 289.0810546875 288.935577392578 288.790100097656 288.644622802734 288.499145507812 288.353668212891 288.208190917969 288.103759765625 288.122436523438 288.14111328125 288.159790039062
287.599792480469 287.801879882812 288.003967285156 288.2060546875 288.408111572266 288.526885986328 288.617858886719 288.708862304688 288.799835205078 288.890808105469 288.981811523438 289.072784423828 289.129455566406 289.083221435547 289.037017822266 288.990783691406 288.944549560547 288.898315429688 288.852081298828 288.805877685547 288.798187255859 288.803375244141 288.808563232422 288.813751220703 288.818908691406 288.824096679688 288.829284667969 288.847869873047 288.906677246094 288.965484619141 289.024261474609 289.083068847656 289.141876220703 289.20068359375 289.259490966797 289.167358398438 289.024963378906 288.882537841797 288.740112304688 288.597686767578 288.455291748047 288.312866210938 288.205749511719 288.20458984375 288.203430175781 288.202270507812
287.371948242188 287.597259521484 287.822540283203 288.047821044922 288.273101806641 288.394836425781 288.482055664062 288.569274902344 288.656494140625 288.743682861328 288.830902099609 288.918121337891 288.976409912109 288.947875976562 288.919342041016 288.890808105469 288.862274169922 288.833740234375 288.805206298828 288.776672363281 288.781219482422 288.796813964844 288.812377929688 288.827972412109 288.843566894531 288.859130859375 288.874725341797 288.900512695312 288.956909179688 289.013305664062 289.069702148438 289.126129150391 289.182525634766 289.238922119141 289.295318603516 289.221618652344 289.104583740234 288.987518310547 288.870452880859 288.75341796875 288.636352539062 288.519317626953 288.428070068359 288.414276123047 288.400451660156 288.386657714844
287.144134521484 287.392608642578 287.64111328125 287.889587402344 288.138092041016 288.262786865234 288.346252441406 288.4296875 288.513122558594 288.596588134766 288.680023193359 288.763458251953 288.823333740234 288.8125 288.801666259766 288.790832519531 288.779968261719 288.769134521484 288.75830078125 288.747436523438 288.764221191406 288.790222167969 288.816223144531 288.842193603516 288.868194580078 288.894195556641 288.920166015625 288.953155517578 289.007171630859 289.061157226562 289.115142822266 289.169158935547 289.22314453125 289.277160644531 289.331146240234 289.27587890625 289.184173583984 289.092498779297 289.000823974609 288.909118652344 288.817443847656 288.725738525391 288.650360107422 288.623931884766 288.597503662109 288.571044921875
286.916290283203 287.18798828125 287.459686279297 287.731384277344 288.003082275391 288.130767822266 288.210418701172 288.290100097656 288.369781494141 288.449462890625 288.529144287109 288.608825683594 288.670288085938 288.677124023438 288.683990478516 288.690826416016 288.697692871094 288.704528808594 288.711395263672 288.718231201172 288.747253417969 288.783630371094 288.820037841797 288.8564453125 288.892822265625 288.929229736328 288.965606689453 289.005828857422 289.057403564453 289.109008789062 289.160614013672 289.212188720703 289.263793945312 289.315368652344 289.366973876953 289.330139160156 289.263793945312 289.197479248047 289.131164550781 289.064849853516 288.998504638672 288.932189941406 288.872680664062 288.833618164062 288.794525146484 288.755462646484
286.6884765625 286.983367919922 287.278259277344 287.573150634766 287.868041992188 287.998718261719 288.074615478516 288.150543212891 288.226440429688 288.302337646484 288.378265380859 288.454162597656 288.517242431641 288.541778564453 288.566314697266 288.590850830078 288.615386962891 288.639953613281 288.664489746094 288.689025878906 288.730255126953 288.777069091797 288.823852539062 288.870666503906 288.91748046875 288.964263916016 289.011077880859 289.058471679688 289.107666015625 289.156860351562 289.2060546875 289.255218505859 289.304412841797 289.353607177734 289.402801513672 289.384399414062 289.343414306641 289.302459716797 289.261505126953 289.220550537109 289.179595947266 289.138641357422 289.094970703125 289.043273925781 288.991577148438 288.939849853516
286.460632324219 286.778747558594 287.096832275391 287.414947509766 287.733032226562 287.866668701172 287.938812255859 288.010955810547 288.083099365234 288.155242919922 288.227355957031 288.299499511719 288.364166259766 288.406402587891 288.448638916016 288.490875244141 288.533111572266 288.575347900391 288.617584228516 288.659820556641 288.713287353516 288.770477294922 288.827697753906 288.884887695312 288.942108154297 288.999298095703 289.056518554688 289.111114501953 289.157897949219 289.204681396484 289.251495361328 289.298278808594 289.345062255859 289.391845703125 289.438629150391 289.438629150391 289.423034667969 289.407440185547 289.391845703125 289.376251220703 289.360656738281 289.345062255859 289.317291259766 289.2529296875 289.188598632812 289.124267578125
286.227691650391 286.541748046875 286.855804443359 287.169860839844 287.48388671875 287.618804931641 287.694000244141 287.769195556641 287.844390869141 287.919586181641 287.994781494141 288.069976806641 288.143127441406 288.210144042969 288.277160644531 288.344177246094 288.411193847656 288.478210449219 288.545227050781 288.612243652344 288.684783935547 288.759216308594 288.833618164062 288.908050537109 288.982452392578 289.056884765625 289.131286621094 289.198699951172 289.245086669922 289.291473388672 289.337860107422 289.384246826172 289.430633544922 289.47705078125 289.5234375 289.538055419922 289.542114257812 289.546173095703 289.550231933594 289.554260253906 289.558319091797 289.562377929688 289.549041748047 289.483489990234 289.41796875 289.352416992188
285.989654541016 286.272399902344 286.555145263672 286.837890625 287.120635986328 287.255126953125 287.340179443359 287.425262451172 287.510314941406 287.595397949219 287.680450439453 287.765533447266 287.854064941406 287.952941894531 288.051818847656 288.150726318359 288.249603271484 288.348480224609 288.447387695312 288.546264648438 288.644805908203 288.743255615234 288.841674804688 288.940093994141 289.038543701172 289.136962890625 289.235412597656 289.321228027344 289.369201660156 289.417205810547 289.465209960938 289.51318359375 289.561187744141 289.609161376953 289.657165527344 289.682647705078 289.700622558594 289.718627929688 289.736602783203 289.754577636719 289.772583007812 289.790557861328 289.790222167969 289.734954833984 289.679656982422 289.624389648438
285.751617431641 286.003051757812 286.254486083984 286.505920410156 286.757385253906 286.891448974609 286.986389160156 287.081329345703 287.17626953125 287.271209716797 287.366149902344 287.461090087891 287.565002441406 287.695739746094 287.826507568359 287.957275390625 288.088012695312 288.218780517578 288.349548339844 288.480285644531 288.604827880859 288.727264404297 288.849731445312 288.97216796875 289.094604492188 289.217071533203 289.339508056641 289.443756103516 289.493347167969 289.542938232422 289.592529296875 289.642120361328 289.691711425781 289.741302490234 289.790893554688 289.827239990234 289.859161376953 289.891052246094 289.922973632812 289.954895019531 289.98681640625 290.018737792969 290.031402587891 289.986389160156 289.941375732422 289.896331787109
285.513549804688 285.733703613281 285.953826904297 286.173980712891 286.394104003906 286.527770996094 286.632568359375 286.737396240234 286.842224121094 286.947021484375 287.051849365234 287.156677246094 287.275939941406 287.438568115234 287.601196289062 287.763824462891 287.926452636719 288.089080810547 288.251678466797 288.414306640625 288.564819335938 288.711303710938 288.857757568359 289.004241943359 289.150695800781 289.297149658203 289.443634033203 289.566284179688 289.617462158203 289.668670654297 289.719848632812 289.771057128906 289.822235107422 289.873443603516 289.924621582031 289.971801757812 290.017669677734 290.063507080078 290.109375 290.155212402344 290.201049804688 290.246917724609 290.272613525391 290.237854003906 290.203063964844 290.168304443359
285.275512695312 285.464324951172 285.653167724609 285.842010498047 286.030853271484 286.1640625 286.278778076172 286.393463134766 286.508148193359 286.622833251953 286.737548828125 286.852233886719 286.986877441406 287.181365966797 287.375854492188 287.570373535156 287.764862060547 287.959350585938 288.153839111328 288.348358154297 288.524841308594 288.6953125 288.865814208984 289.036285400391 289.206787109375 289.377258300781 289.547729492188 289.688812255859 289.741607666016 289.794403076172 289.847198486328 289.899993896484 289.952789306641 290.005584716797 290.058380126953 290.116394042969 290.176177978516 290.235961914062 290.295745849609 290.355529785156 290.415313720703 290.47509765625 290.513793945312 290.489288330078 290.464782714844 290.440246582031
285.037445068359 285.194976806641 285.352508544922 285.510040283203 285.667572021484 285.800384521484 285.924957275391 286.049530029297 286.174102783203 286.298675537109 286.423217773438 286.547790527344 286.697814941406 286.924163818359 287.150543212891 287.376922607422 287.603271484375 287.829650878906 288.055999755859 288.282379150391 288.484832763672 288.679351806641 288.873840332031 289.068359375 289.262847900391 289.457366943359 289.65185546875 289.811340332031 289.86572265625 289.920135498047 289.974517822266 290.028900146484 290.083312988281 290.1376953125 290.192108154297 290.260986328125 290.334686279297 290.408416748047 290.482116699219 290.555847167969 290.629547119141 290.703277587891 290.755004882812 290.74072265625 290.726470947266 290.712219238281
284.934631347656 285.065399169922 285.196197509766 285.326965332031 285.457733154297 285.582794189453 285.705963134766 285.8291015625 285.952270507812 286.075408935547 286.198577880859 286.321716308594 286.476440429688 286.725830078125 286.975219726562 287.224609375 287.473999023438 287.723388671875 287.972778320312 288.222198486328 288.447967529297 288.665863037109 288.883758544922 289.101684570312 289.319580078125 289.537475585938 289.755401611328 289.931976318359 289.984619140625 290.037261962891 290.089874267578 290.142517089844 290.195129394531 290.247772216797 290.300415039062 290.363342285156 290.429718017578 290.49609375 290.562469482422 290.628845214844 290.695220947266 290.761596679688 290.811859130859 290.813842773438 290.815826416016 290.817779541016
284.967071533203 285.075622558594 285.184173583984 285.292755126953 285.401306152344 285.511291503906 285.621734619141 285.732177734375 285.842651367188 285.953094482422 286.063537597656 286.174011230469 286.322723388672 286.586303710938 286.849884033203 287.113464355469 287.377044677734 287.640625 287.904205322266 288.167785644531 288.414184570312 288.654876708984 288.895568847656 289.136260986328 289.376983642578 289.61767578125 289.858367919922 290.050750732422 290.098266601562 290.145782470703 290.193267822266 290.240783691406 290.288269042969 290.335784912109 290.38330078125 290.423492431641 290.461242675781 290.4990234375 290.536773681641 290.574554443359 290.6123046875 290.650085449219 290.684448242188 290.708618164062 290.732788085938 290.756958007812
284.999481201172 285.085845947266 285.172180175781 285.258514404297 285.344879150391 285.439758300781 285.537536621094 285.635284423828 285.733032226562 285.830780029297 285.928527832031 286.026275634766 286.169036865234 286.446807861328 286.724548339844 287.002319335938 287.280090332031 287.557830810547 287.835601806641 288.113372802734 288.380401611328 288.643890380859 288.907379150391 289.170867919922 289.434356689453 289.697845458984 289.961334228516 290.169555664062 290.2119140625 290.254302978516 290.296661376953 290.339050292969 290.381408691406 290.423797607422 290.466156005859 290.483642578125 290.492797851562 290.501953125 290.511108398438 290.520263671875 290.529418945312 290.53857421875 290.557037353516 290.603393554688 290.649780273438 290.696166992188
285.031921386719 285.096038818359 285.160186767578 285.224304199219 285.288452148438 285.368255615234 285.453308105469 285.538360595703 285.623413085938 285.708465576172 285.793518066406 285.878570556641 286.015350341797 286.307281494141 286.599243164062 286.891174316406 287.18310546875 287.475067138672 287.766998291016 288.058929443359 288.346649169922 288.632904052734 288.919189453125 289.205474853516 289.491760253906 289.778015136719 290.064300537109 290.288330078125 290.325561523438 290.362823486328 290.400054931641 290.437316894531 290.474548339844 290.511810302734 290.549041748047 290.543762207031 290.524322509766 290.504852294922 290.485412597656 290.465942382812 290.446502685547 290.427032470703 290.429595947266 290.498168945312 290.566772460938 290.635345458984
285.064331054688 285.106262207031 285.148162841797 285.190093994141 285.231994628906 285.296752929688 285.369110107422 285.441436767578 285.513793945312 285.586151123047 285.658508300781 285.730865478516 285.861663818359 286.167785644531 286.473907470703 286.780029296875 287.086151123047 287.392272949219 287.698394775391 288.004516601562 288.312866210938 288.621917724609 288.930999755859 289.240051269531 289.549133300781 289.858215332031 290.167266845703 290.407104492188 290.439208984375 290.471343994141 290.503448486328 290.535583496094 290.567687988281 290.599822998047 290.631927490234 290.603912353516 290.555847167969 290.507781982422 290.459716796875 290.411651611328 290.363586425781 290.315521240234 290.302185058594 290.392944335938 290.483734130859 290.574523925781
285.096771240234 285.116455078125 285.136169433594 285.155883789062 285.175567626953 285.225250244141 285.284881591797 285.344543457031 285.404174804688 285.463836669922 285.523498535156 285.583129882812 285.707946777344 286.028259277344 286.348571777344 286.668884277344 286.989196777344 287.309509277344 287.629821777344 287.950103759766 288.279083251953 288.610931396484 288.942810058594 289.274658203125 289.606506347656 289.938385009766 290.270233154297 290.52587890625 290.552856445312 290.579864501953 290.606842041016 290.633850097656 290.660827636719 290.687835693359 290.714813232422 290.6640625 290.587371826172 290.510711669922 290.434020996094 290.357360839844 290.280670166016 290.204010009766 290.174743652344 290.287750244141 290.400726318359 290.513702392578
