data/working_set_collections/6091692-Cassins_Sparrow-M2/1985/tsat_avg.asc
NCOLS 265 
NROWS 230 
XLLCORNER -115.5625 
YLLCORNER 24.8333333333333 
CELLSIZE 0.0833333333333333 
NODATA_value -9999 
[rows 0 to 19 of 230, columns 0 to 45 of 265]
279.499359130858977 279.160858154297 278.822357177734 278.483856201172 278.145355224609 277.806854248047 277.468353271484 277.304351806641 277.198516845703 277.092712402344 276.986877441406 276.881042480469 276.775207519531 276.669403076172 276.636322021484 276.821563720703 277.006805419922 277.192047119141 277.377288818359 277.562530517578 277.747741699219 277.932983398438 278.028625488281 278.094390869141 278.16015625 278.225952148438 278.291717529297 278.357482910156 278.423248291016 278.533843994141 278.778930664062 279.024047851562 279.269134521484 279.514221191406 279.759338378906 280.004425048828 280.24951171875 280.359436035156 280.424285888672 280.489135742188 280.553985595703 280.618835449219 280.683685302734 280.74853515625 280.785064697266 280.736633300781
279.597839355469 279.304718017578 279.011627197266 278.718536376953 278.425445556641 278.132354736328 277.839263916016 277.706420898438 277.627014160156 277.547607421875 277.468170166016 277.388763427734 277.309356689453 277.229949951172 277.205291748047 277.344940185547 277.484588623047 277.624237060547 277.763885498047 277.903533935547 278.043182373047 278.182830810547 278.285217285156 278.375122070312 278.465057373047 278.554992675781 278.644927978516 278.734832763672 278.824768066406 278.943817138672 279.150207519531 279.356628417969 279.563018798828 279.769439697266 279.975830078125 280.182220458984 280.388641357422 280.463592529297 280.494750976562 280.52587890625 280.557037353516 280.588195800781 280.619323730469 280.650482177734 280.661560058594 280.612487792969
279.6962890625 279.448608398438 279.200897216797 278.953216552734 278.705535888672 278.457855224609 278.210144042969 278.108489990234 278.055480957031 278.002502441406 277.949493408203 277.896484375 277.843505859375 277.790496826172 277.774261474609 277.868316650391 277.96240234375 278.056457519531 278.150512695312 278.244567871094 278.338623046875 278.432708740234 278.541778564453 278.655853271484 278.769958496094 278.884033203125 278.998138427734 279.112213134766 279.226287841797 279.353790283203 279.521514892578 279.689208984375 279.85693359375 280.024627685547 280.192352294922 280.360046386719 280.527770996094 280.567779541016 280.565216064453 280.562652587891 280.560089111328 280.557525634766 280.554962158203 280.552398681641 280.538055419922 280.488311767578
279.794738769531 279.592468261719 279.390167236328 279.187896728516 278.985626220703 278.783325195312 278.5810546875 278.510559082031 278.483978271484 278.457397460938 278.430816650391 278.404235839844 278.377655029297 278.35107421875 278.343231201172 278.391723632812 278.440185546875 278.488647460938 278.537139892578 278.585601806641 278.634063720703 278.682556152344 278.79833984375 278.936584472656 279.074829101562 279.213073730469 279.351318359375 279.489562988281 279.627807617188 279.763763427734 279.892791748047 280.021789550781 280.150817871094 280.279846191406 280.408843994141 280.537872314453 280.666870117188 280.671936035156 280.635681152344 280.599395751953 280.563140869141 280.526885986328 280.490600585938 280.454345703125 280.41455078125 280.364166259766
279.893218994141 279.736328125 279.579467773438 279.422576904297 279.265716552734 279.108825683594 278.951965332031 278.91259765625 278.912445068359 278.912292480469 278.912109375 278.911956787109 278.911773681641 278.91162109375 278.912200927734 278.915100097656 278.91796875 278.920867919922 278.923736572266 278.926635742188 278.929504394531 278.932403564453 279.054931640625 279.217315673828 279.379730224609 279.542144775391 279.704528808594 279.866943359375 280.029357910156 280.173736572266 280.264068603516 280.354370117188 280.444702148438 280.535034179688 280.625366210938 280.715698242188 280.805999755859 280.776123046875 280.706146240234 280.636169433594 280.566192626953 280.496215820312 280.426239013672 280.356262207031 280.291046142578 280.239990234375
279.991668701172 279.880187988281 279.768737792969 279.657257080078 279.545806884766 279.434326171875 279.322845458984 279.314666748047 279.340911865234 279.3671875 279.393432617188 279.419677734375 279.445922851562 279.47216796875 279.481170654297 279.4384765625 279.395782470703 279.353057861328 279.310363769531 279.267669677734 279.224945068359 279.182250976562 279.311492919922 279.498046875 279.684631347656 279.871185302734 280.057739257812 280.244293212891 280.430877685547 280.583709716797 280.635345458984 280.686950683594 280.738586425781 280.790222167969 280.841857910156 280.893493652344 280.945129394531 280.880279541016 280.776611328125 280.672912597656 280.569244384766 280.465576171875 280.361877441406 280.258209228516 280.167541503906 280.115844726562
280.287017822266 280.201965332031 280.116943359375 280.031890869141 279.946838378906 279.861785888672 279.776763916016 279.773986816406 279.798675537109 279.823333740234 279.848022460938 279.872680664062 279.897338867188 279.922027587891 279.924377441406 279.85986328125 279.795318603516 279.730773925781 279.666259765625 279.601715087891 279.537170410156 279.47265625 279.593048095703 279.775054931641 279.957092285156 280.139129638672 280.321136474609 280.503173828125 280.685211181641 280.828186035156 280.85400390625 280.879821777344 280.905639648438 280.931457519531 280.957275390625 280.983123779297 281.008941650391 280.920837402344 280.794738769531 280.668670654297 280.542572021484 280.416473388672 280.290405273438 280.164306640625 280.058807373047 280.014953613281
280.779266357422 280.70166015625 280.624053955078 280.546447753906 280.468872070312 280.391265869141 280.313659667969 280.290588378906 280.285675048828 280.28076171875 280.27587890625 280.270965576172 280.266052246094 280.261138916016 280.241821289062 280.179229736328 280.116607666016 280.054016113281 279.991394042969 279.928802490234 279.8662109375 279.803588867188 279.899536132812 280.04833984375 280.197143554688 280.345947265625 280.494750976562 280.6435546875 280.792358398438 280.907165527344 280.920074462891 280.932952880859 280.945861816406 280.958740234375 280.971618652344 280.984527587891 280.997406005859 280.897735595703 280.760559082031 280.623352050781 280.486175537109 280.348968505859 280.211791992188 280.074584960938 279.96484375 279.937377929688
281.271514892578 281.201354980469 281.131195068359 281.06103515625 280.990875244141 280.920715332031 280.850555419922 280.807159423828 280.772674560547 280.738189697266 280.703735351562 280.669250488281 280.634765625 280.600280761719 280.559265136719 280.498565673828 280.437896728516 280.377227783203 280.316558837891 280.255889892578 280.195220947266 280.134521484375 280.2060546875 280.321624755859 280.437194824219 280.552764892578 280.668334960938 280.783905029297 280.899475097656 280.986175537109 280.986114501953 280.986083984375 280.986053466797 280.986022949219 280.985961914062 280.985931396484 280.985900878906 280.874664306641 280.726379394531 280.578063964844 280.429779052734 280.281463623047 280.133178710938 279.98486328125 279.870880126953 279.859771728516
281.763763427734 281.701049804688 281.638336181641 281.575622558594 281.512878417969 281.450164794922 281.387451171875 281.32373046875 281.259674072266 281.195617675781 281.131591796875 281.067535400391 281.003479003906 280.939422607422 280.876678466797 280.817932128906 280.759185791016 280.700439453125 280.641723632812 280.582977294922 280.524230957031 280.465484619141 280.512542724609 280.594909667969 280.67724609375 280.759582519531 280.841949462891 280.924285888672 281.006622314453 281.065155029297 281.052185058594 281.039215087891 281.026245117188 281.013275146484 281.000305175781 280.987335205078 280.974395751953 280.851593017578 280.692169189453 280.532775878906 280.373382568359 280.213958740234 280.054565429688 279.895172119141 279.776916503906 279.782196044922
282.256011962891 282.200714111328 282.145446777344 282.090179443359 282.034912109375 281.979644775391 281.924377441406 281.84033203125 281.746704101562 281.653076171875 281.559448242188 281.465789794922 281.372161865234 281.278533935547 281.194122314453 281.137298583984 281.080505371094 281.023681640625 280.966857910156 280.910064697266 280.853240966797 280.796417236328 280.819061279297 280.8681640625 280.917297363281 280.966430664062 281.015533447266 281.064666748047 281.11376953125 281.144134521484 281.118255615234 281.092346191406 281.066467285156 281.040557861328 281.0146484375 280.98876953125 280.962860107422 280.828521728516 280.657989501953 280.487487792969 280.316986083984 280.146453857422 279.975952148438 279.805450439453 279.682983398438 279.704620361328
282.748229980469 282.700408935547 282.652587890625 282.604766845703 282.556915283203 282.509094238281 282.461273193359 282.356903076172 282.233703613281 282.110504150391 281.9873046875 281.864074707031 281.740875244141 281.61767578125 281.511535644531 281.456665039062 281.401794433594 281.346893310547 281.292022705078 281.237121582031 281.182250976562 281.127380371094 281.125579833984 281.141448974609 281.157348632812 281.173248291016 281.189147949219 281.205017089844 281.220916748047 281.22314453125 281.184295654297 281.145477294922 281.106658935547 281.067840576172 281.028991699219 280.990173339844 280.951354980469 280.805419921875 280.623809814453 280.442199707031 280.260589599609 280.078948974609 279.897338867188 279.715728759766 279.589019775391 279.627014160156
282.936828613281 282.898010253906 282.859222412109 282.820404052734 282.781585693359 282.742797851562 282.703979492188 282.594787597656 282.462127685547 282.329467773438 282.19677734375 282.064117431641 281.931457519531 281.798797607422 281.685089111328 281.628234863281 281.571380615234 281.514526367188 281.457672119141 281.400817871094 281.343963623047 281.287139892578 281.269104003906 281.264007568359 281.258911132812 281.253814697266 281.248718261719 281.24365234375 281.238555908203 281.223052978516 281.176300048828 281.129547119141 281.082794189453 281.036041259766 280.989288330078 280.942535400391 280.895782470703 280.751037597656 280.573669433594 280.396301269531 280.218902587891 280.041534423828 279.864166259766 279.686767578125 279.562622070312 279.598236083984
282.821716308594 282.793518066406 282.765319824219 282.737121582031 282.708923339844 282.680725097656 282.652526855469 282.553985595703 282.431976318359 282.309936523438 282.187927246094 282.06591796875 281.943908691406 281.821868896484 281.714691162109 281.651977539062 281.589263916016 281.526550292969 281.463836669922 281.401123046875 281.338409423828 281.275695800781 281.249664306641 281.235809326172 281.221984863281 281.208160400391 281.1943359375 281.180480957031 281.166656494141 281.143859863281 281.094207763672 281.044525146484 280.994842529297 280.945159912109 280.8955078125 280.845825195312 280.796142578125 280.665374755859 280.507568359375 280.349792480469 280.191986083984 280.0341796875 279.876373291016 279.718597412109 279.603851318359 279.618255615234
282.706634521484 282.689056396484 282.671447753906 282.653869628906 282.636260986328 282.618682861328 282.601104736328 282.51318359375 282.401794433594 282.290435791016 282.179077148438 282.067718505859 281.956329345703 281.844970703125 281.744293212891 281.675720214844 281.607147216797 281.53857421875 281.470001220703 281.401428222656 281.332855224609 281.264282226562 281.230194091797 281.207641601562 281.18505859375 281.162475585938 281.139923095703 281.117340087891 281.094757080078 281.064697265625 281.012084960938 280.959503173828 280.906890869141 280.854309082031 280.801727294922 280.749114990234 280.696533203125 280.579711914062 280.441497802734 280.303283691406 280.1650390625 280.026824951172 279.888610839844 279.750396728516 279.645050048828 279.638275146484
282.591552734375 282.584564208984 282.577575683594 282.570587158203 282.563598632812 282.556640625 282.549652099609 282.472351074219 282.371643066406 282.270935058594 282.170227050781 282.069488525391 281.968780517578 281.868072509766 281.77392578125 281.699493408203 281.625061035156 281.550598144531 281.476165771484 281.401733398438 281.327301025391 281.252868652344 281.210754394531 281.179443359375 281.148132324219 281.116821289062 281.085510253906 281.05419921875 281.022888183594 280.985504150391 280.929992675781 280.874481201172 280.818969726562 280.763458251953 280.707916259766 280.652404785156 280.596893310547 280.494049072266 280.375396728516 280.256774902344 280.138122558594 280.019500732422 279.900848388672 279.782196044922 279.686248779297 279.658294677734
282.476440429688 282.480072021484 282.483703613281 282.487335205078 282.490936279297 282.494567871094 282.498199462891 282.431549072266 282.341491699219 282.251434326172 282.161346435547 282.0712890625 281.981231689453 281.891174316406 281.803527832031 281.723236083984 281.642944335938 281.562652587891 281.482330322266 281.402038574219 281.321746826172 281.241424560547 281.191314697266 281.151275634766 281.111206054688 281.071166992188 281.031097412109 280.991058349609 280.950988769531 280.906341552734 280.847900390625 280.789459228516 280.731018066406 280.672576904297 280.614135742188 280.555694580078 280.497253417969 280.408355712891 280.309295654297 280.210266113281 280.111206054688 280.012145996094 279.9130859375 279.814025878906 279.727447509766 279.678314208984
282.361358642578 282.375579833984 282.389831542969 282.404052734375 282.418273925781 282.432525634766 282.446746826172 282.390747070312 282.311340332031 282.231903076172 282.152496337891 282.073089599609 281.993682861328 281.914245605469 281.833160400391 281.746978759766 281.660827636719 281.574676513672 281.488494873047 281.40234375 281.316162109375 281.230010986328 281.171875 281.123077392578 281.074279785156 281.025482177734 280.976684570312 280.927886962891 280.879089355469 280.827178955078 280.765808105469 280.704437255859 280.643096923828 280.581726074219 280.520355224609 280.459014892578 280.397644042969 280.322692871094 280.243225097656 280.163726806641 280.084259033203 280.004791259766 279.925323486328 279.845825195312 279.768646240234 279.698333740234
282.128295898438 282.138641357422 282.149017333984 282.159393310547 282.169738769531 282.180114746094 282.190460205078 282.146636962891 282.084716796875 282.022796630859 281.960876464844 281.898956298828 281.837036132812 281.775115966797 281.708221435547 281.626525878906 281.544830322266 281.463134765625 281.381408691406 281.299713134766 281.218017578125 281.136322021484 281.084320068359 281.042205810547 281.000091552734 280.957977294922 280.915893554688 280.873779296875 280.831665039062 280.787322998047 280.736236572266 280.685150146484 280.634094238281 280.5830078125 280.531921386719 280.480834960938 280.429748535156 280.362640380859 280.290191650391 280.217712402344 280.145263671875 280.072784423828 280.000335693359 279.927856445312 279.854461669922 279.778167724609
281.777252197266 281.769287109375 281.761291503906 281.753326416016 281.745330810547 281.737365722656 281.729370117188 281.699188232422 281.66162109375 281.6240234375 281.586456298828 281.548858642578 281.511260986328 281.473693847656 281.428771972656 281.361846923828 281.294921875 281.22802734375 281.161102294922 281.094177246094 281.027252197266 280.960327148438 280.928619384766 280.908630371094 280.888641357422 280.86865234375 280.848663330078 280.828674316406 280.808685302734 280.786804199219 280.759216308594 280.731597900391 280.704010009766 280.676422119141 280.648803710938 280.621215820312 280.593627929688 280.528198242188 280.4501953125 280.372161865234 280.294158935547 280.216156005859 280.138122558594 280.060119628906 279.984832763672 279.917785644531
