data/working_set_collections/6091692-Cassins_Sparrow-M2/1985/tsat_avg.asc
NCOLS 265 
NROWS 230 
XLLCORNER -115.5625 
YLLCORNER 24.8333333333333 
CELLSIZE 0.0833333333333333 
NODATA_value -9999 
[rows 120 to 139 of 230, columns 92 to 137 of 265]
282.309204101562 282.400390625 282.491577148438 282.582794189453 282.673980712891 282.981109619141 283.360198974609 283.739318847656 284.118408203125 284.497528076172 284.876617431641 285.255737304688 285.502838134766 285.353912353516 285.205017089844 285.056121826172 284.907196044922 284.75830078125 284.609375 284.460479736328 284.365173339844 284.287719726562 284.210266113281 284.1328125 284.055358886719 283.977905273438 283.900451660156 283.902404785156 284.142517089844 284.382659912109 284.622772216797 284.862884521484 285.102996826172 285.343139648438 285.583251953125 285.767822265625 285.933898925781 286.099975585938 286.266052246094 286.432098388672 286.598175048828 286.764251708984 286.874298095703 286.816345214844 286.758392333984 286.700408935547
282.419250488281 282.553314208984 282.687377929688 282.821441650391 282.955505371094 283.268218994141 283.640502929688 284.012756347656 284.385009765625 284.757263183594 285.129516601562 285.501800537109 285.744293212891 285.597534179688 285.450775146484 285.304016113281 285.157257080078 285.010498046875 284.863739013672 284.716979980469 284.599578857422 284.491973876953 284.384368896484 284.276763916016 284.169158935547 284.061553955078 283.953948974609 283.935455322266 284.184295654297 284.433135986328 284.681976318359 284.930816650391 285.179656982422 285.428497314453 285.677337646484 285.867370605469 286.037780761719 286.208190917969 286.378631591797 286.549041748047 286.719482421875 286.889892578125 287.000946044922 286.933807373047 286.86669921875 286.799560546875
282.529296875 282.706237792969 282.883178710938 283.060119628906 283.237060546875 283.555358886719 283.920776367188 284.286193847656 284.651611328125 285.017028808594 285.382446289062 285.747863769531 285.985748291016 285.841156005859 285.696533203125 285.551910400391 285.407318115234 285.2626953125 285.118103027344 284.973480224609 284.834014892578 284.696258544922 284.558502197266 284.420745849609 284.282989501953 284.145233154297 284.007476806641 283.968536376953 284.22607421875 284.483642578125 284.741180419922 284.998748779297 285.256286621094 285.513854980469 285.771423339844 285.966888427734 286.141662597656 286.316436767578 286.4912109375 286.665985107422 286.840759277344 287.015533447266 287.127563476562 287.05126953125 286.975006103516 286.898712158203
282.639343261719 282.859161376953 283.078979492188 283.298767089844 283.518585205078 283.842468261719 284.201049804688 284.559631347656 284.918182373047 285.276763916016 285.635345458984 285.993927001953 286.227233886719 286.084777832031 285.942291259766 285.799835205078 285.657379150391 285.514892578125 285.372436523438 285.22998046875 285.068420410156 284.900512695312 284.732604980469 284.564697265625 284.396789550781 284.228881835938 284.060974121094 284.001586914062 284.267852783203 284.534149169922 284.800415039062 285.066680908203 285.332946777344 285.599212646484 285.865478515625 286.06640625 286.245544433594 286.424682617188 286.603790283203 286.782928466797 286.962066650391 287.141204833984 287.254180908203 287.168762207031 287.083312988281 286.997863769531
282.749389648438 283.012084960938 283.274749755859 283.537445068359 283.800109863281 284.129577636719 284.481323242188 284.833038330078 285.184783935547 285.536529541016 285.888244628906 286.239990234375 286.468688964844 286.328369140625 286.188049316406 286.047729492188 285.907440185547 285.767120361328 285.626800537109 285.486480712891 285.302856445312 285.104766845703 284.906707763672 284.708648681641 284.510589599609 284.312530517578 284.114471435547 284.03466796875 284.309631347656 284.584625244141 284.859619140625 285.134613037109 285.409606933594 285.6845703125 285.959564208984 286.165924072266 286.349426269531 286.532897949219 286.716400146484 286.899871826172 287.083374023438 287.266845703125 287.380828857422 287.286224365234 287.191619873047 287.097015380859
282.859466552734 283.165008544922 283.470550537109 283.776092529297 284.081665039062 284.416717529297 284.761596679688 285.106475830078 285.451385498047 285.796264648438 286.141143798828 286.486053466797 286.710174560547 286.571990966797 286.433837890625 286.295654296875 286.157470703125 286.019317626953 285.881134033203 285.742980957031 285.537261962891 285.309051513672 285.080841064453 284.852600097656 284.624389648438 284.396179199219 284.16796875 284.067718505859 284.351409912109 284.635131835938 284.918823242188 285.202545166016 285.486236572266 285.769927978516 286.053649902344 286.265441894531 286.453277587891 286.641143798828 286.828979492188 287.016815185547 287.204650878906 287.392486572266 287.507446289062 287.403686523438 287.299926757812 287.196166992188
283.011901855469 283.350250244141 283.688598632812 284.026947021484 284.365325927734 284.6884765625 285.006561279297 285.324615478516 285.642700195312 285.960784912109 286.278869628906 286.596954345703 286.805084228516 286.683410644531 286.561737060547 286.440032958984 286.318359375 286.196685791016 286.074981689453 285.953308105469 285.731964111328 285.477416992188 285.222869873047 284.968322753906 284.713775634766 284.459228515625 284.204681396484 284.086059570312 284.375183105469 284.664337158203 284.953491210938 285.242614746094 285.531768798828 285.820922851562 286.110046386719 286.328338623047 286.523040771484 286.717712402344 286.912384033203 287.107055664062 287.301727294922 287.496398925781 287.615600585938 287.508331298828 287.401062011719 287.293792724609
283.206726074219 283.567810058594 283.928924560547 284.290008544922 284.651092529297 284.944854736328 285.216156005859 285.487487792969 285.7587890625 286.030090332031 286.301391601562 286.572723388672 286.753479003906 286.662628173828 286.571746826172 286.480895996094 286.390045166016 286.299194335938 286.208343505859 286.117462158203 285.886962890625 285.609893798828 285.332824707031 285.055786132812 284.778717041016 284.501647949219 284.224609375 284.089630126953 284.380950927734 284.672241210938 284.963562011719 285.2548828125 285.546203613281 285.837493896484 286.128814697266 286.354644775391 286.558624267578 286.762603759766 286.966613769531 287.170593261719 287.374572753906 287.578552246094 287.705261230469 287.600128173828 287.494995117188 287.389862060547
283.401550292969 283.785400390625 284.169219970703 284.553070068359 284.936889648438 285.201263427734 285.42578125 285.650329589844 285.874847412109 286.099395751953 286.323944091797 286.548461914062 286.701873779297 286.641845703125 286.581787109375 286.521759033203 286.461730957031 286.401702880859 286.341674804688 286.281646728516 286.041961669922 285.742370605469 285.442810058594 285.143249511719 284.843658447266 284.544097900391 284.244506835938 284.093200683594 284.386688232422 284.68017578125 284.973663330078 285.267120361328 285.560607910156 285.854095458984 286.147583007812 286.380920410156 286.594207763672 286.807525634766 287.020812988281 287.234130859375 287.447418212891 287.660705566406 287.794952392578 287.691925048828 287.588928222656 287.485900878906
283.596405029297 284.002960205078 284.409545898438 284.816101074219 285.222686767578 285.457641601562 285.635406494141 285.813171386719 285.990936279297 286.168701171875 286.346466064453 286.524230957031 286.650238037109 286.621032714844 286.591827392578 286.562622070312 286.533416748047 286.504211425781 286.475006103516 286.44580078125 286.196929931641 285.874847412109 285.552764892578 285.230682373047 284.908599853516 284.586517333984 284.264434814453 284.096801757812 284.392456054688 284.688079833984 284.983734130859 285.279388427734 285.575042724609 285.870666503906 286.166320800781 286.407196044922 286.629821777344 286.852416992188 287.075042724609 287.297637939453 287.520263671875 287.742889404297 287.884613037109 287.783721923828 287.682861328125 287.581970214844
283.791229248047 284.220550537109 284.649841308594 285.079162597656 285.508483886719 285.714050292969 285.845031738281 285.976013183594 286.107025146484 286.238006591797 286.368988037109 286.5 286.5986328125 286.600250244141 286.601867675781 286.603485107422 286.605102539062 286.606750488281 286.608367919922 286.609985351562 286.351928710938 286.007354736328 285.662750244141 285.318145751953 284.973571777344 284.628967285156 284.284362792969 284.100372314453 284.398193359375 284.696014404297 284.993835449219 285.291625976562 285.589447021484 285.887268066406 286.185089111328 286.433471679688 286.665405273438 286.897338867188 287.129272460938 287.361175537109 287.593109130859 287.825042724609 287.974304199219 287.875549316406 287.776794433594 287.678039550781
283.986053466797 284.438110351562 284.890167236328 285.342224121094 285.794250488281 285.970428466797 286.054656982422 286.138885498047 286.223083496094 286.307312011719 286.391540527344 286.475738525391 286.547027587891 286.579467773438 286.611907958984 286.644348144531 286.676818847656 286.709259033203 286.74169921875 286.774139404297 286.506927490234 286.139831542969 285.772705078125 285.405609130859 285.038513183594 284.67138671875 284.304290771484 284.103973388672 284.403930664062 284.703918457031 285.00390625 285.303894042969 285.603881835938 285.903869628906 286.203826904297 286.459747314453 286.700988769531 286.942230224609 287.183471679688 287.424713134766 287.665954589844 287.907196044922 288.06396484375 287.967346191406 287.870727539062 287.774108886719
284.282989501953 284.717926025391 285.152893066406 285.587829589844 286.022796630859 286.178588867188 286.241363525391 286.304138183594 286.366882324219 286.429656982422 286.492431640625 286.555206298828 286.612213134766 286.652038574219 286.691833496094 286.731658935547 286.771453857422 286.811248779297 286.85107421875 286.890869140625 286.625915527344 286.259399414062 285.892883300781 285.526336669922 285.159820556641 284.793273925781 284.4267578125 284.223785400391 284.511535644531 284.799285888672 285.087036132812 285.374755859375 285.662506103516 285.950256347656 286.238006591797 286.493347167969 286.737884521484 286.982452392578 287.226989746094 287.471527099609 287.716094970703 287.960632324219 288.122344970703 288.035552978516 287.94873046875 287.861938476562
284.682037353516 285.060028076172 285.438049316406 285.816040039062 286.194030761719 286.338531494141 286.405151367188 286.471801757812 286.538452148438 286.605072021484 286.671722412109 286.738342285156 286.794250488281 286.817962646484 286.841674804688 286.865356445312 286.889068603516 286.912780761719 286.936462402344 286.960174560547 286.708953857422 286.366088867188 286.023193359375 285.680328369141 285.337463378906 284.994598388672 284.651733398438 284.459869384766 284.720947265625 284.982055664062 285.2431640625 285.504272460938 285.765350341797 286.026458740234 286.287567138672 286.534240722656 286.776092529297 287.017944335938 287.259796142578 287.501647949219 287.743499755859 287.9853515625 288.149444580078 288.080139160156 288.010833740234 287.941528320312
285.0810546875 285.402130126953 285.723175048828 286.044250488281 286.365295410156 286.498443603516 286.568969726562 286.639465332031 286.709991455078 286.780487060547 286.850982666016 286.921508789062 286.976287841797 286.98388671875 286.991485595703 286.999084472656 287.006683349609 287.014282226562 287.021850585938 287.029449462891 286.791961669922 286.472747802734 286.153533935547 285.834350585938 285.51513671875 285.195922851562 284.876708984375 284.695922851562 284.930389404297 285.164855957031 285.399291992188 285.633758544922 285.868225097656 286.102661132812 286.337127685547 286.575103759766 286.814270019531 287.053436279297 287.292602539062 287.531768798828 287.770935058594 288.010101318359 288.176513671875 288.124725341797 288.072937011719 288.021148681641
285.480102539062 285.744201660156 286.008331298828 286.272430419922 286.536560058594 286.658386230469 286.732757568359 286.80712890625 286.881530761719 286.955902099609 287.0302734375 287.104644775391 287.158325195312 287.149810791016 287.141296386719 287.132781982422 287.124267578125 287.115783691406 287.107269287109 287.098754882812 286.874969482422 286.579437255859 286.283874511719 285.988342285156 285.692779541016 285.397247314453 285.101715087891 284.932006835938 285.139801025391 285.347625732422 285.555450439453 285.763244628906 285.971069335938 286.178863525391 286.386688232422 286.615997314453 286.852478027344 287.088928222656 287.325408935547 287.561889648438 287.79833984375 288.034820556641 288.20361328125 288.169311523438 288.135009765625 288.100738525391
285.879119873047 286.086303710938 286.293487548828 286.500640869141 286.707824707031 286.818298339844 286.896545410156 286.974792480469 287.053039550781 287.131317138672 287.209564208984 287.287811279297 287.34033203125 287.315734863281 287.291107177734 287.266510009766 287.241882324219 287.21728515625 287.192657470703 287.168060302734 286.957977294922 286.686096191406 286.414215087891 286.142333984375 285.870452880859 285.598571777344 285.326690673828 285.168060302734 285.349243164062 285.530395507812 285.711578369141 285.892761230469 286.073913574219 286.255096435547 286.436248779297 286.656890869141 286.890655517578 287.124450683594 287.358215332031 287.591979980469 287.825775146484 288.059539794922 288.230682373047 288.213897705078 288.197113037109 288.180328369141
286.278167724609 286.428405761719 286.57861328125 286.728851318359 286.879089355469 286.978240966797 287.060363769531 287.142486572266 287.224609375 287.306701660156 287.388824462891 287.470947265625 287.522369384766 287.481658935547 287.440948486328 287.400207519531 287.359497070312 287.318786621094 287.278076171875 287.237335205078 287.040985107422 286.792785644531 286.544555664062 286.296325683594 286.048126220703 285.799896240234 285.551666259766 285.404144287109 285.558654785156 285.713195800781 285.867706298828 286.022247314453 286.1767578125 286.331298828125 286.485809326172 286.69775390625 286.928863525391 287.159942626953 287.391021728516 287.622100830078 287.853179931641 288.084289550781 288.257781982422 288.258483886719 288.259216308594 288.259948730469
286.580932617188 286.698791503906 286.816650390625 286.934509277344 287.052398681641 287.140350341797 287.218383789062 287.296417236328 287.374420166016 287.452453613281 287.530456542969 287.608489990234 287.6552734375 287.608306884766 287.561370849609 287.514434814453 287.467498779297 287.420562744141 287.373626708984 287.326690673828 287.146026611328 286.920806884766 286.695587158203 286.470367431641 286.245147705078 286.019927978516 285.794708251953 285.658782958984 285.790771484375 285.922760009766 286.054748535156 286.186737060547 286.318725585938 286.450714111328 286.582702636719 286.781860351562 287.00341796875 287.224975585938 287.446502685547 287.668060302734 287.889617919922 288.111175537109 288.282135009766 288.301300048828 288.320495605469 288.339691162109
286.787445068359 286.897521972656 287.007598876953 287.11767578125 287.227752685547 287.304718017578 287.370666503906 287.436614990234 287.502532958984 287.568481445312 287.634429931641 287.700378417969 287.739013671875 287.695739746094 287.652465820312 287.609161376953 287.565887451172 287.522613525391 287.479339599609 287.436065673828 287.273071289062 287.070190429688 286.867309570312 286.664428710938 286.461547851562 286.258666992188 286.055786132812 285.932006835938 286.045562744141 286.159118652344 286.272674560547 286.38623046875 286.499816894531 286.613372802734 286.726928710938 286.9091796875 287.114349365234 287.319519042969 287.524688720703 287.729858398438 287.935028076172 288.140197753906 288.303741455078 288.342346191406 288.380981445312 288.419616699219
