data/working_set_collections/6091692-Cassins_Sparrow-M2/1985/wchange_avg.asc
NCOLS 265 
NROWS 230 
XLLCORNER -115.5625 
YLLCORNER 24.8333333333333 
CELLSIZE 0.0833333333333333 
NODATA_value -9999 
[rows 0 to 17 of 230, columns 160 to 199 of 265]
-1.67151767982432e-08 -2.07180619327119e-08 -2.47209470671805e-08 -2.87238322016492e-08 -2.60086601144849e-08 -3.13931147744029e-09 1.97300362714259e-08 4.25993853525597e-08 6.54687326573367e-08 8.83380835148273e-08 1.11207434372318e-07 1.34076785229809e-07 1.35806459411469e-07 1.3048956759576e-07 1.25172689990904e-07 1.19855798175195e-07 1.1453892057034e-07 1.09222035860057e-07 1.03905151149775e-07 9.53213614707238e-08 7.69368710962226e-08 5.85523771690077e-08 4.01678832417929e-08 2.17833910909349e-08 3.3988973857646e-09 -1.49855967634949e-08 -3.33700889143529e-08 -6.52740794748752e-08 -1.01684562991977e-07 -1.38095060719934e-07 -1.74505544237036e-07 -2.10916027754138e-07 -2.4732651127124e-07 -2.83736994788342e-07 -3.22791123608113e-07 -3.69776188335891e-07 -4.16761253063669e-07 -4.63746317791447e-07 -5.10731354097516e-07 -5.57716418825294e-07
-1.10401954245276e-08 -1.31607205133832e-08 -1.52812464904173e-08 -1.74017706910945e-08 -1.42728771024281e-08 4.60427340698288e-09 2.34814230282154e-08 4.23585753139832e-08 6.12357240470374e-08 8.01128763328052e-08 9.89900215131456e-08 1.17867173798913e-07 1.18931097858876e-07 1.14057272071477e-07 1.09183446284078e-07 1.04309627602106e-07 9.94358018147068e-08 9.45619831327349e-08 8.96881573453356e-08 8.12461138366416e-08 6.20994100586358e-08 4.29527098333438e-08 2.38060078316948e-08 4.6593049418675e-09 -1.44873970597814e-08 -3.36340981732519e-08 -5.27808019512577e-08 -8.35597049331227e-08 -1.18216007649607e-07 -1.5287231747152e-07 -1.87528613082577e-07 -2.22184922904489e-07 -2.56841218515547e-07 -2.91497514126604e-07 -3.28598417809189e-07 -3.7303306044123e-07 -4.1746773149498e-07 -4.61902374127021e-07 -5.06337016759062e-07 -5.50771687812812e-07
-5.36521538307966e-09 -5.60337953814383e-09 -5.841543693208e-09 -6.07970829236137e-09 -2.53709342423747e-09 1.23478587354953e-08 2.7232809785005e-08 4.21177617226931e-08 5.70027154367381e-08 7.1887669150783e-08 8.67726157594007e-08 1.01657569473446e-07 1.02055736306284e-07 9.76249765471948e-08 9.31942096826788e-08 8.87634499235901e-08 8.43326901645014e-08 7.99019304054127e-08 7.54711635408967e-08 6.71708662025594e-08 4.72619525737628e-08 2.73530424976798e-08 7.44413108932918e-09 -1.24647803190214e-08 -3.23736912832828e-08 -5.22826049120795e-08 -7.21915185408761e-08 -1.0184533039137e-07 -1.34747452307238e-07 -1.67649574223105e-07 -2.00551681928118e-07 -2.33453803843986e-07 -2.66355925759854e-07 -2.99258033464866e-07 -3.34405683588557e-07 -3.7628993254657e-07 -4.18174181504583e-07 -4.60058430462595e-07 -5.01942679420608e-07 -5.43826956800331e-07
3.09765185724231e-10 1.95396165914019e-09 3.59815799377827e-09 5.24235410637175e-09 9.19868980986394e-09 2.00914431758292e-08 3.09841965417945e-08 4.18769516841166e-08 5.27697032737251e-08 6.36624548633336e-08 7.45552100056557e-08 8.54479651479778e-08 8.51803747536906e-08 8.11926739174851e-08 7.72049730812796e-08 7.32172722450741e-08 6.92295714088687e-08 6.52418705726632e-08 6.12541697364577e-08 5.30956150157635e-08 3.24244950888897e-08 1.17533751620158e-08 -8.91774565303649e-09 -2.95888664680888e-08 -5.02599881713195e-08 -7.09311080981934e-08 -9.16022315777809e-08 -1.20130962955045e-07 -1.51278896964868e-07 -1.82426830974691e-07 -2.1357475077366e-07 -2.44722684783483e-07 -2.7587063300416e-07 -3.07018552803129e-07 -3.40212977789633e-07 -3.79546804651909e-07 -4.18880659935894e-07 -4.58214515219879e-07 -4.97548342082155e-07 -5.3688216894443e-07
5.98474558799467e-09 9.51130285642421e-09 1.30378596807645e-08 1.65644173932833e-08 2.09344737100992e-08 2.78350285043416e-08 3.47355850749409e-08 4.16361380928265e-08 4.85366946634258e-08 5.54372512340251e-08 6.23378042519107e-08 6.923836082251e-08 6.8305020306525e-08 6.47603783932027e-08 6.12157364798804e-08 5.76710981192718e-08 5.41264597586633e-08 5.0581817845341e-08 4.70371794847324e-08 3.90203673816814e-08 1.75870376040166e-08 -3.84629261773739e-09 -2.52796219513129e-08 -4.67129517289777e-08 -6.81462850593562e-08 -8.95796148370209e-08 -1.11012944614686e-07 -1.38416581307865e-07 -1.67810327411644e-07 -1.97204087726277e-07 -2.26597833830056e-07 -2.55991579933834e-07 -2.85385311826758e-07 -3.14779072141391e-07 -3.46020243569001e-07 -3.82803676757248e-07 -4.19587138367206e-07 -4.56370571555453e-07 -4.93154004743701e-07 -5.29937437931949e-07
1.1659726517621e-08 1.70686433875744e-08 2.24775611457062e-08 2.7886478903838e-08 3.26702576103344e-08 3.55786120564971e-08 3.84869700553736e-08 4.13953280542501e-08 4.43036860531265e-08 4.72120404992893e-08 5.01203984981657e-08 5.30287564970422e-08 5.1429658753932e-08 4.83280828689203e-08 4.52265034311949e-08 4.21249239934696e-08 3.90233445557442e-08 3.59217651180188e-08 3.28201856802934e-08 2.49451161948855e-08 2.74957834278666e-09 -1.9445961285669e-08 -4.16414991377678e-08 -6.38370352135098e-08 -8.60325783946791e-08 -1.08228114470421e-07 -1.3042365765159e-07 -1.5670221387154e-07 -1.84341772069274e-07 -2.11981344477863e-07 -2.39620902675597e-07 -2.67260475084186e-07 -2.94900019071065e-07 -3.22539591479654e-07 -3.51827509348368e-07 -3.86060548862588e-07 -4.20293588376808e-07 -4.54526627891028e-07 -4.88759667405247e-07 -5.22992706919467e-07
7.26849691545794e-09 1.26731629634946e-08 1.80778290115313e-08 2.34824941713896e-08 2.76420983880143e-08 2.80665108931544e-08 2.84909251746512e-08 2.89153394561481e-08 2.93397519612881e-08 2.9764166242785e-08 3.01885805242819e-08 3.06129948057787e-08 2.81537637647489e-08 2.4733319392567e-08 2.1312875020385e-08 1.789243242456e-08 1.4471988052378e-08 1.10515436801961e-08 7.63110019619262e-09 -5.77632497389402e-10 -2.3151230266194e-08 -4.57248248153519e-08 -6.82984264699371e-08 -9.0872021019095e-08 -1.13445615568253e-07 -1.36019210117411e-07 -1.58592811771996e-07 -1.83621992277949e-07 -2.09469689593789e-07 -2.35317401120483e-07 -2.61165098436322e-07 -2.87012795752162e-07 -3.12860493068001e-07 -3.3870821880555e-07 -3.65603540330994e-07 -3.95641706063543e-07 -4.25679900217801e-07 -4.5571806595035e-07 -4.85756231682899e-07 -5.15794454258867e-07
-7.18894144213778e-09 -3.67513997012736e-09 -1.61338220561191e-10 3.35246341798268e-09 5.84999604313907e-09 5.2987214615996e-09 4.74744732414933e-09 4.19617274260986e-09 3.64489816107039e-09 3.09362380157552e-09 2.54234922003604e-09 1.99107486054118e-09 -1.52266999009498e-09 -6.02390493043004e-09 -1.05251398707651e-08 -1.50263748111001e-08 -1.95276097514352e-08 -2.40288446917702e-08 -2.85300796321053e-08 -3.75478812486563e-08 -6.01153899992823e-08 -8.26828880917674e-08 -1.0525039328968e-07 -1.27817898487592e-07 -1.50385403685505e-07 -1.72952908883417e-07 -1.95520414081329e-07 -2.19175916527092e-07 -2.43194079985187e-07 -2.67212243443282e-07 -2.91230435323087e-07 -3.15248598781181e-07 -3.39266762239276e-07 -3.63284925697371e-07 -3.87348279673461e-07 -4.11547148360114e-07 -4.35746017046768e-07 -4.5994491415513e-07 -4.84143754420074e-07 -5.08342623106728e-07
-2.16463806879119e-08 -2.00234424596601e-08 -1.84005060077652e-08 -1.67775677795134e-08 -1.59421063017362e-08 -1.74690679699552e-08 -1.8996031414531e-08 -2.052299308275e-08 -2.20499565273258e-08 -2.35769181955447e-08 -2.51038816401206e-08 -2.66308433083395e-08 -3.11991037449388e-08 -3.67811310297839e-08 -4.23631547619152e-08 -4.79451820467602e-08 -5.35272057788916e-08 -5.91092330637366e-08 -6.4691256795868e-08 -7.45181338857037e-08 -9.70795426269433e-08 -1.1964095847361e-07 -1.4220236721485e-07 -1.64763775956089e-07 -1.87325198908184e-07 -2.09886607649423e-07 -2.32448016390663e-07 -2.5472985498709e-07 -2.76918484587441e-07 -2.99107114187791e-07 -3.21295743788141e-07 -3.43484373388492e-07 -3.65673002988842e-07 -3.87861661010902e-07 -4.09093019015927e-07 -4.27452590656685e-07 -4.45812162297443e-07 -4.64171733938201e-07 -4.8253127715725e-07 -5.00890848798008e-07
-3.61038203777753e-08 -3.63717447271483e-08 -3.66396726292351e-08 -3.69076005313218e-08 -3.77342068702546e-08 -4.02368591778668e-08 -4.27395079327653e-08 -4.52421602403774e-08 -4.77448089952759e-08 -5.0247461302888e-08 -5.27501100577865e-08 -5.52527623653987e-08 -6.08755357234259e-08 -6.75383518000672e-08 -7.42011678767085e-08 -8.08639910587772e-08 -8.75268071354185e-08 -9.41896232120598e-08 -1.00852439288701e-07 -1.11488382970037e-07 -1.34043702360032e-07 -1.56599014644598e-07 -1.7915434114002e-07 -2.01709653424587e-07 -2.24264979920008e-07 -2.46820292204575e-07 -2.69375618699996e-07 -2.90283765025379e-07 -3.10642860767985e-07 -3.310019849323e-07 -3.51361080674906e-07 -3.71720176417512e-07 -3.92079272160117e-07 -4.12438367902723e-07 -4.30837758358393e-07 -4.43358032953256e-07 -4.55878279126409e-07 -4.68398553721272e-07 -4.80918799894425e-07 -4.93439074489288e-07
-5.05612582912818e-08 -5.27200469946365e-08 -5.48788392507049e-08 -5.70376315067733e-08 -5.95263074387731e-08 -6.30046486094216e-08 -6.64829897800701e-08 -6.99613238452912e-08 -7.34396650159397e-08 -7.69180061865882e-08 -8.03963402518093e-08 -8.38746814224578e-08 -9.05519712546266e-08 -9.82955796757778e-08 -1.06039188096929e-07 -1.1378279651808e-07 -1.21526397833804e-07 -1.29270006254956e-07 -1.37013614676107e-07 -1.48458624948944e-07 -1.71007854987693e-07 -1.93557085026441e-07 -2.1610631506519e-07 -2.38655530893084e-07 -2.61204775142687e-07 -2.83753990970581e-07 -3.06303235220184e-07 -3.25837703485377e-07 -3.44367265370238e-07 -3.62896827255099e-07 -3.8142638913996e-07 -3.99955951024822e-07 -4.18485512909683e-07 -4.37015074794544e-07 -4.5258249770086e-07 -4.59263446828118e-07 -4.65944424377085e-07 -4.72625373504343e-07 -4.79306322631601e-07 -4.85987300180568e-07
-6.50186962047883e-08 -6.90683492621247e-08 -7.31180094248884e-08 -7.71676624822248e-08 -8.13184115600052e-08 -8.57724344882627e-08 -9.02264645219475e-08 -9.46804945556323e-08 -9.91345174838898e-08 -1.03588547517575e-07 -1.08042570445832e-07 -1.12496600479517e-07 -1.20228406785827e-07 -1.29052807551489e-07 -1.3787720831715e-07 -1.46701594871956e-07 -1.55525995637618e-07 -1.64350396403279e-07 -1.7317479716894e-07 -1.85428874033278e-07 -2.07972021826208e-07 -2.30515155408284e-07 -2.5305828899036e-07 -2.75601422572436e-07 -2.98144556154512e-07 -3.20687689736587e-07 -3.43230823318663e-07 -3.61391641945374e-07 -3.78091669972491e-07 -3.94791697999608e-07 -4.11491726026725e-07 -4.28191754053842e-07 -4.44891782080958e-07 -4.61591810108075e-07 -4.74327237043326e-07 -4.75168889124689e-07 -4.76010541206051e-07 -4.76852221709123e-07 -4.77693845368776e-07 -4.78535525871848e-07
-7.87393119594526e-08 -8.41362748360552e-08 -8.95332377126579e-08 -9.49302005892605e-08 -1.00265047819903e-07 -1.05413548112665e-07 -1.10562048405427e-07 -1.15710555803616e-07 -1.20859056096378e-07 -1.26007563494568e-07 -1.31156070892757e-07 -1.36304564080092e-07 -1.45427449638191e-07 -1.55875127916261e-07 -1.6632280619433e-07 -1.76770484472399e-07 -1.87218162750469e-07 -1.97665841028538e-07 -2.08113519306607e-07 -2.21760430463291e-07 -2.45005026044964e-07 -2.68249635837492e-07 -2.9149421720831e-07 -3.14738827000838e-07 -3.37983408371656e-07 -3.61228018164184e-07 -3.84472599535002e-07 -4.01299928398657e-07 -4.15988125723743e-07 -4.30676351470538e-07 -4.45364577217333e-07 -4.60052774542419e-07 -4.74741000289214e-07 -4.89429226036009e-07 -4.99571513046249e-07 -4.96076154377079e-07 -4.9258073886449e-07 -4.8908538019532e-07 -4.85589964682731e-07 -4.82094606013561e-07
-9.17231020025611e-08 -9.79238166110008e-08 -1.04124524114013e-07 -1.10325238722453e-07 -1.16366216218466e-07 -1.21927982377201e-07 -1.27489755641363e-07 -1.33051514694671e-07 -1.38613287958833e-07 -1.44175047012141e-07 -1.49736820276303e-07 -1.55298593540465e-07 -1.66149121128001e-07 -1.78762562086376e-07 -1.91376003044752e-07 -2.03989458213982e-07 -2.16602899172358e-07 -2.29216354341588e-07 -2.41829781089109e-07 -2.5745328002813e-07 -2.8210689606567e-07 -3.0676051210321e-07 -3.3141412814075e-07 -3.5606774417829e-07 -3.8072136021583e-07 -4.0537497625337e-07 -4.3002859229091e-07 -4.45562591266935e-07 -4.58056689467412e-07 -4.70550816089599e-07 -4.83044914290076e-07 -4.95539040912263e-07 -5.0803316753445e-07 -5.20527294156636e-07 -5.28315354131337e-07 -5.21985214163578e-07 -5.15655017352401e-07 -5.09324877384643e-07 -5.02994737416884e-07 -4.96664597449126e-07
-1.0470689204567e-07 -1.11711358385946e-07 -1.18715817620796e-07 -1.25720276855645e-07 -1.32467377511603e-07 -1.38442416641738e-07 -1.44417441561018e-07 -1.50392480691153e-07 -1.56367505610433e-07 -1.62342544740568e-07 -1.68317569659848e-07 -1.74292608789983e-07 -1.86870778406956e-07 -2.01649996256492e-07 -2.16429199895174e-07 -2.3120841774471e-07 -2.45987649805102e-07 -2.60766853443783e-07 -2.75546057082465e-07 -2.93146143803824e-07 -3.19208766086376e-07 -3.45271388368928e-07 -3.7133403907319e-07 -3.97396661355742e-07 -4.23459283638294e-07 -4.49521934342556e-07 -4.75584556625108e-07 -4.89825254135212e-07 -5.00125281632791e-07 -5.10425309130369e-07 -5.20725336627947e-07 -5.31025364125526e-07 -5.41325334779685e-07 -5.51625362277264e-07 -5.57059195216425e-07 -5.47894273950078e-07 -5.38729352683731e-07 -5.29564431417384e-07 -5.20399510151037e-07 -5.11234532041271e-07
-1.17690682088778e-07 -1.25498900160892e-07 -1.33307111127579e-07 -1.41115322094265e-07 -1.48568545910166e-07 -1.54956850906274e-07 -1.61345141691527e-07 -1.6773343247678e-07 -1.74121737472888e-07 -1.80510028258141e-07 -1.86898333254248e-07 -1.93286624039501e-07 -2.0759243568591e-07 -2.24537416215753e-07 -2.41482410956451e-07 -2.58427377275439e-07 -2.75372372016136e-07 -2.92317366756834e-07 -3.09262333075822e-07 -3.28838979157808e-07 -3.56310636107082e-07 -3.83782293056356e-07 -4.11253921583921e-07 -4.38725578533194e-07 -4.66197235482468e-07 -4.93668892431742e-07 -5.21140520959307e-07 -5.3408791700349e-07 -5.4219384537646e-07 -5.5029977374943e-07 -5.584057021224e-07 -5.6651163049537e-07 -5.7461755886834e-07 -5.8272348724131e-07 -5.85802979458094e-07 -5.73803333736578e-07 -5.61803631171642e-07 -5.49803928606707e-07 -5.37804226041771e-07 -5.25804523476836e-07
-1.30674479237314e-07 -1.39286441935838e-07 -1.47898390423506e-07 -1.5651035312203e-07 -1.64669714308729e-07 -1.7147128517081e-07 -1.78272841822036e-07 -1.85074398473262e-07 -1.91875955124488e-07 -1.98677525986568e-07 -2.05479082637794e-07 -2.1228063928902e-07 -2.28314092964865e-07 -2.47424850385869e-07 -2.66535607806873e-07 -2.85646365227876e-07 -3.0475709422717e-07 -3.23867851648174e-07 -3.42978609069178e-07 -3.64531842933502e-07 -3.93412506127788e-07 -4.22293169322074e-07 -4.51173832516361e-07 -4.80054495710647e-07 -5.08935158904933e-07 -5.37815822099219e-07 -5.66696485293505e-07 -5.78350523028348e-07 -5.84262409120129e-07 -5.9017423836849e-07 -5.96086067616852e-07 -6.01997896865214e-07 -6.07909726113576e-07 -6.13821555361937e-07 -6.14546820543183e-07 -5.99712336679659e-07 -5.84877909659554e-07 -5.7004342579603e-07 -5.55208998775925e-07 -5.40374514912401e-07
-1.43658269280422e-07 -1.53073983710783e-07 -1.62489683930289e-07 -1.7190539836065e-07 -1.80770882707293e-07 -1.87985705224492e-07 -1.95200541952545e-07 -2.02415364469744e-07 -2.09630186986942e-07 -2.16845009504141e-07 -2.24059832021339e-07 -2.31274668749393e-07 -2.49035764454675e-07 -2.70312284555985e-07 -2.91588804657295e-07 -3.12865324758604e-07 -3.34141844859914e-07 -3.55418364961224e-07 -3.76694885062534e-07 -4.00224706709196e-07 -4.30514376148494e-07 -4.60804074009502e-07 -4.9109377187051e-07 -5.21383412888099e-07 -5.51673110749107e-07 -5.81962808610115e-07 -6.12252506471123e-07 -6.22613185896626e-07 -6.26330972863798e-07 -6.30048702987551e-07 -6.33766433111305e-07 -6.37484163235058e-07 -6.41201893358812e-07 -6.44919680325984e-07 -6.43290661628271e-07 -6.25621396466158e-07 -6.07952188147465e-07 -5.90282979828771e-07 -5.72613714666659e-07 -5.54944506347965e-07
