data/working_set_collections/6091692-Cassins_Sparrow-M2/1985/wchange_avg.asc
NCOLS 265 
NROWS 230 
XLLCORNER -115.5625 
YLLCORNER 24.8333333333333 
CELLSIZE 0.0833333333333333 
NODATA_value -9999 
[rows 36 to 53 of 230, columns 0 to 39 of 265]
-9.88622559816577e-07 -9.35852369821077e-07 -8.83082179825578e-07 -8.3031193298666e-07 -7.77541742991161e-07 -7.24771552995662e-07 -6.72001306156744e-07 -6.15493377154053e-07 -5.5773955409677e-07 -4.99985731039487e-07 -4.42231879560495e-07 -3.84478056503212e-07 -3.2672420502422e-07 -2.68970381966938e-07 -2.21311651671385e-07 -2.03938228082734e-07 -1.86564790283228e-07 -1.69191366694577e-07 -1.51817943105925e-07 -1.34444505306419e-07 -1.17071081717768e-07 -9.96976510236891e-08 -1.11695200644135e-07 -1.33483069930662e-07 -1.55270939217189e-07 -1.77058794292861e-07 -1.98846663579388e-07 -2.20634532865915e-07 -2.42422402152442e-07 -2.70180436245937e-07 -3.15848893706061e-07 -3.61517351166185e-07 -4.07185837048019e-07 -4.52854294508143e-07 -4.98522751968267e-07 -5.4419126627181e-07 -5.89859723731934e-07 -6.17619093645771e-07 -6.39408767710847e-07 -6.61198441775923e-07
-9.12783832518471e-07 -8.69994664753904e-07 -8.27205553832755e-07 -7.84416386068187e-07 -7.41627275147039e-07 -6.98838107382471e-07 -6.56048939617904e-07 -6.04025615302817e-07 -5.48924219856417e-07 -4.93822824410017e-07 -4.38721400541908e-07 -3.83620005095509e-07 -3.28518609649109e-07 -2.73417185781e-07 -2.28138858915372e-07 -2.12329680948642e-07 -1.96520502981912e-07 -1.80711339226036e-07 -1.64902161259306e-07 -1.49092997503431e-07 -1.332838195367e-07 -1.17474648675397e-07 -1.27904442592808e-07 -1.47080584156356e-07 -1.6625671150905e-07 -1.85432838861743e-07 -2.04608966214437e-07 -2.2378509356713e-07 -2.42961220919824e-07 -2.67733241798851e-07 -3.09292886413459e-07 -3.50852531028067e-07 -3.92412175642676e-07 -4.33971820257284e-07 -4.75531464871892e-07 -5.170911094865e-07 -5.58650754101109e-07 -5.87783574701461e-07 -6.1277404483917e-07 -6.37764571820298e-07
-8.36945048376947e-07 -8.0413695968673e-07 -7.71328870996513e-07 -7.38520839149714e-07 -7.05712750459497e-07 -6.7290466176928e-07 -6.40096629922482e-07 -5.92557853451581e-07 -5.40108885616064e-07 -4.87659917780547e-07 -4.35210949945031e-07 -3.82761953687805e-07 -3.30312985852288e-07 -2.77864018016771e-07 -2.34966051948504e-07 -2.2072113381455e-07 -2.06476215680595e-07 -1.92231311757496e-07 -1.77986393623542e-07 -1.63741475489587e-07 -1.49496557355633e-07 -1.35251639221678e-07 -1.44113698752335e-07 -1.6067809838205e-07 -1.7724248380091e-07 -1.9380686921977e-07 -2.10371268849485e-07 -2.26935654268345e-07 -2.43500039687206e-07 -2.65286047351765e-07 -3.02736879120857e-07 -3.4018768246824e-07 -3.77638514237333e-07 -4.15089346006425e-07 -4.52540177775518e-07 -4.8999100954461e-07 -5.27441784470284e-07 -5.57947998913733e-07 -5.86139378810913e-07 -6.14330701864674e-07
-7.61106264235423e-07 -7.38279254619556e-07 -7.15452245003689e-07 -6.92625235387823e-07 -6.69798282615375e-07 -6.46971272999508e-07 -6.24144263383641e-07 -5.81090091600345e-07 -5.31293551375711e-07 -4.81497011151077e-07 -4.31700470926444e-07 -3.8190393070181e-07 -3.32107390477177e-07 -2.82310821830833e-07 -2.41793259192491e-07 -2.29112600891312e-07 -2.16431942590134e-07 -2.03751270078101e-07 -1.91070611776922e-07 -1.78389953475744e-07 -1.65709295174565e-07 -1.53028622662532e-07 -1.60322954911862e-07 -1.74275612607744e-07 -1.88228256092771e-07 -2.02180913788652e-07 -2.16133571484534e-07 -2.3008621496956e-07 -2.44038858454587e-07 -2.62838852904679e-07 -2.96180871828255e-07 -3.29522862330123e-07 -3.6286485283199e-07 -3.96206871755567e-07 -4.29548862257434e-07 -4.62890852759301e-07 -4.96232871682878e-07 -5.28112479969423e-07 -5.59504655939236e-07 -5.90896831909049e-07
-6.85267480093898e-07 -6.72421549552382e-07 -6.59575619010866e-07 -6.4672968846935e-07 -6.33883757927833e-07 -6.21037827386317e-07 -6.08191896844801e-07 -5.69622329749109e-07 -5.22478217135358e-07 -4.75334104521608e-07 -4.28189991907857e-07 -3.81045879294106e-07 -3.33901766680356e-07 -2.86757654066605e-07 -2.48620466436478e-07 -2.3750405375722e-07 -2.26387655288818e-07 -2.1527124260956e-07 -2.04154844141158e-07 -1.930384314619e-07 -1.81922032993498e-07 -1.7080562031424e-07 -1.7653221107139e-07 -1.87873112622583e-07 -1.99214028384631e-07 -2.10554944146679e-07 -2.21895859908727e-07 -2.33236775670775e-07 -2.44577705643678e-07 -2.60391658457593e-07 -2.89624836113944e-07 -3.18858013770296e-07 -3.48091191426647e-07 -3.77324369082999e-07 -4.0655754673935e-07 -4.35790724395702e-07 -4.65023902052053e-07 -4.98276961025113e-07 -5.32869933067559e-07 -5.67462905110006e-07
-6.09428695952374e-07 -6.06563844485208e-07 -6.03698993018043e-07 -6.00834141550877e-07 -5.97969290083711e-07 -5.95104438616545e-07 -5.92239587149379e-07 -5.58154567897873e-07 -5.13662882895005e-07 -4.69171197892138e-07 -4.2467951288927e-07 -3.80187827886402e-07 -3.35696142883535e-07 -2.91204457880667e-07 -2.55447673680465e-07 -2.45895506623128e-07 -2.36343367987502e-07 -2.2679121514102e-07 -2.17239062294539e-07 -2.07686909448057e-07 -1.98134756601576e-07 -1.88582617965949e-07 -1.92741453020062e-07 -2.01470626848277e-07 -2.10199814887346e-07 -2.18928988715561e-07 -2.27658162543776e-07 -2.3638733637199e-07 -2.4511652441106e-07 -2.57944492432216e-07 -2.83068828821342e-07 -3.08193193632178e-07 -3.33317558443014e-07 -3.5844189483214e-07 -3.83566259642976e-07 -4.08690624453811e-07 -4.33814960842938e-07 -4.68441413659093e-07 -5.06235210195882e-07 -5.44029035154381e-07
-5.67006679830229e-07 -5.70695362966944e-07 -5.7438404610366e-07 -5.78072729240375e-07 -5.8176146922051e-07 -5.85450152357225e-07 -5.89138835493941e-07 -5.58984368126403e-07 -5.17548869538587e-07 -4.76113342529061e-07 -4.34677815519535e-07 -3.93242316931719e-07 -3.51806789922193e-07 -3.10371291334377e-07 -2.76817502253834e-07 -2.66908870116822e-07 -2.5700023797981e-07 -2.47091605842797e-07 -2.3718295949493e-07 -2.27274327357918e-07 -2.17365681010051e-07 -2.07457048873039e-07 -2.09773261872215e-07 -2.1616442325012e-07 -2.22555584628026e-07 -2.28946746005931e-07 -2.35337907383837e-07 -2.41729082972597e-07 -2.48120244350503e-07 -2.58695678212462e-07 -2.8182398637e-07 -3.04952266105829e-07 -3.28080574263367e-07 -3.51208882420906e-07 -3.74337162156735e-07 -3.97465470314273e-07 -4.20593778471812e-07 -4.55646983255065e-07 -4.94675191475835e-07 -5.33703371274896e-07
-5.58001431727462e-07 -5.64816161841009e-07 -5.71630835111137e-07 -5.78445565224683e-07 -5.8526029533823e-07 -5.92074968608358e-07 -5.98889698721905e-07 -5.7211167359128e-07 -5.34136063379265e-07 -4.96160453167249e-07 -4.58184899798653e-07 -4.20209289586637e-07 -3.82233707796331e-07 -3.44258126006025e-07 -3.12729952156587e-07 -3.00544087394883e-07 -2.88358251054888e-07 -2.76172386293183e-07 -2.63986521531479e-07 -2.51800656769774e-07 -2.39614792008069e-07 -2.27428941457219e-07 -2.27627623416993e-07 -2.31954501828113e-07 -2.36281366028379e-07 -2.406082444395e-07 -2.44935108639766e-07 -2.49261972840031e-07 -2.53588837040297e-07 -2.62645244220039e-07 -2.85890251916499e-07 -3.09135259612958e-07 -3.32380267309418e-07 -3.55625275005877e-07 -3.78870311124047e-07 -4.02115318820506e-07 -4.25360326516966e-07 -4.59893669813027e-07 -4.98189820063999e-07 -5.3648597031497e-07
-5.48996240468114e-07 -5.58936960715073e-07 -5.68877680962032e-07 -5.78818401208991e-07 -5.88759121455951e-07 -5.9869984170291e-07 -6.08640561949869e-07 -5.85238979056157e-07 -5.50723314063362e-07 -5.16207649070566e-07 -4.8169198407777e-07 -4.47176290663265e-07 -4.12660625670469e-07 -3.78144960677673e-07 -3.4864243048105e-07 -3.34179333094653e-07 -3.19716264129966e-07 -3.05253166743569e-07 -2.90790097778881e-07 -2.76327000392484e-07 -2.61863903006088e-07 -2.474008340414e-07 -2.45481999172625e-07 -2.47744566195252e-07 -2.50007133217878e-07 -2.52269728662213e-07 -2.54532295684839e-07 -2.56794862707466e-07 -2.59057458151801e-07 -2.66594810227616e-07 -2.89956545884706e-07 -3.13318253120087e-07 -3.36679988777178e-07 -3.60041696012559e-07 -3.83403431669649e-07 -4.0676513890503e-07 -4.3012687456212e-07 -4.6414035637099e-07 -5.01704448652163e-07 -5.39268569355045e-07
-5.39990992365347e-07 -5.53057702745718e-07 -5.66124469969509e-07 -5.79191180349881e-07 -5.92257947573671e-07 -6.05324657954043e-07 -6.18391425177833e-07 -5.98366284521035e-07 -5.6731050790404e-07 -5.36254788130464e-07 -5.05199011513469e-07 -4.74143263318183e-07 -4.43087515122897e-07 -4.12031766927612e-07 -3.84554880383803e-07 -3.67814578794423e-07 -3.51074277205043e-07 -3.34333947193954e-07 -3.17593645604575e-07 -3.00853344015195e-07 -2.84113014004106e-07 -2.67372712414726e-07 -2.63336346506549e-07 -2.63534644773245e-07 -2.63732914618231e-07 -2.63931212884927e-07 -2.64129482729913e-07 -2.64327780996609e-07 -2.64526050841596e-07 -2.70544376235193e-07 -2.94022811431205e-07 -3.17501246627216e-07 -3.40979681823228e-07 -3.6445811701924e-07 -3.87936552215251e-07 -4.11414987411263e-07 -4.34893422607274e-07 -4.68387042928953e-07 -5.05219077240326e-07 -5.420511115517e-07
-5.3098574426258e-07 -5.47178501619783e-07 -5.63371258976986e-07 -5.79564016334189e-07 -5.95756773691392e-07 -6.11949531048595e-07 -6.28142288405797e-07 -6.11493589985912e-07 -5.83897758588137e-07 -5.56301927190361e-07 -5.28706095792586e-07 -5.01110264394811e-07 -4.73514432997035e-07 -4.4591860159926e-07 -4.20467358708265e-07 -4.01449824494193e-07 -3.82432290280121e-07 -3.63414756066049e-07 -3.44397221851978e-07 -3.25379687637906e-07 -3.06362153423834e-07 -2.87344619209762e-07 -2.81190722262181e-07 -2.79324694929528e-07 -2.77458696018584e-07 -2.75592697107641e-07 -2.73726698196697e-07 -2.71860670864044e-07 -2.699946719531e-07 -2.74493942242771e-07 -2.98089105399413e-07 -3.21684240134346e-07 -3.45279374869278e-07 -3.68874538025921e-07 -3.92469672760853e-07 -4.16064835917496e-07 -4.39659970652428e-07 -4.72633729486915e-07 -5.0873370582849e-07 -5.44833710591774e-07
-5.21980496159813e-07 -5.41299243650428e-07 -5.60618047984462e-07 -5.79936795475078e-07 -5.99255599809112e-07 -6.18574347299727e-07 -6.37893094790343e-07 -6.24620895450789e-07 -6.00484952428815e-07 -5.76349066250259e-07 -5.52213180071703e-07 -5.28077237049729e-07 -5.03941350871173e-07 -4.79805407849199e-07 -4.56379808611018e-07 -4.35085041772254e-07 -4.13790303355199e-07 -3.92495536516435e-07 -3.71200769677671e-07 -3.49906002838907e-07 -3.28611264421852e-07 -3.07316497583088e-07 -2.99045069596104e-07 -2.95114773507521e-07 -2.91184477418938e-07 -2.87254181330354e-07 -2.83323885241771e-07 -2.79393589153187e-07 -2.75463293064604e-07 -2.78443508250348e-07 -3.02155370945911e-07 -3.25867233641475e-07 -3.49579096337038e-07 -3.73290959032602e-07 -3.97002793306456e-07 -4.20714656002019e-07 -4.44426518697583e-07 -4.76880416044878e-07 -5.12248334416654e-07 -5.4761625278843e-07
-5.17324792781437e-07 -5.38885672085598e-07 -5.60446608233178e-07 -5.82007487537339e-07 -6.035683668415e-07 -6.2512930298908e-07 -6.46690182293241e-07 -6.3596968402635e-07 -6.14488726569107e-07 -5.93007769111864e-07 -5.71526811654621e-07 -5.50045854197379e-07 -5.28564896740136e-07 -5.07083939282893e-07 -4.85182169995824e-07 -4.62017908375856e-07 -4.38853675177597e-07 -4.15689413557629e-07 -3.92525180359371e-07 -3.69360918739403e-07 -3.46196685541145e-07 -3.23032452342886e-07 -3.12970257709821e-07 -3.07275428212961e-07 -3.015805987161e-07 -2.9588576921924e-07 -2.90190939722379e-07 -2.84496110225518e-07 -2.78801252306948e-07 -2.80210940672987e-07 -3.02934154206014e-07 -3.25657367739041e-07 -3.48380581272068e-07 -3.71103794805094e-07 -3.93827008338121e-07 -4.16550221871148e-07 -4.39273435404175e-07 -4.71144630864728e-07 -5.0606519153007e-07 -5.40985695351992e-07
-5.17018577284034e-07 -5.39937730081874e-07 -5.62856882879714e-07 -5.85776035677554e-07 -6.08695188475394e-07 -6.31614341273234e-07 -6.54533494071075e-07 -6.45540069399431e-07 -6.25909081009013e-07 -6.06278092618595e-07 -5.86647104228177e-07 -5.6701611583776e-07 -5.47385127447342e-07 -5.27754139056924e-07 -5.06874357597553e-07 -4.8224836746158e-07 -4.57622405747315e-07 -4.32996415611342e-07 -4.08370425475368e-07 -3.83744435339395e-07 -3.59118445203421e-07 -3.34492455067448e-07 -3.22966258181623e-07 -3.15806659045847e-07 -3.08647031488363e-07 -3.01487432352587e-07 -2.94327833216812e-07 -2.87168234081037e-07 -2.80008606523552e-07 -2.79796211088978e-07 -3.00425426758011e-07 -3.21054642427043e-07 -3.41683858096076e-07 -3.62313073765108e-07 -3.82942289434141e-07 -4.03571505103173e-07 -4.24200720772205e-07 -4.55426402368175e-07 -4.90184220325318e-07 -5.24942038282461e-07
-5.16712361786631e-07 -5.4098978807815e-07 -5.6526715752625e-07 -5.89544583817769e-07 -6.1382195326587e-07 -6.38099379557389e-07 -6.62376805848908e-07 -6.55110397929093e-07 -6.373293786055e-07 -6.19548359281907e-07 -6.01767339958315e-07 -5.83986320634722e-07 -5.66205301311129e-07 -5.48424281987536e-07 -5.28566602042702e-07 -5.02478883390722e-07 -4.76391136317034e-07 -4.50303389243345e-07 -4.24215670591366e-07 -3.98127923517677e-07 -3.72040204865698e-07 -3.45952457792009e-07 -3.32962258653424e-07 -3.24337861457025e-07 -3.15713492682335e-07 -3.07089123907645e-07 -2.98464726711245e-07 -2.89840357936555e-07 -2.81215960740155e-07 -2.7938148150497e-07 -2.97916699310008e-07 -3.16451917115046e-07 -3.34987134920084e-07 -3.53522352725122e-07 -3.7205757053016e-07 -3.90592788335198e-07 -4.09128006140236e-07 -4.39708145449913e-07 -4.74303277542276e-07 -5.08898438056349e-07
-5.16406146289228e-07 -5.42041789231007e-07 -5.67677432172786e-07 -5.93313131957984e-07 -6.18948774899764e-07 -6.44584417841543e-07 -6.70220060783322e-07 -6.64680726458755e-07 -6.48749676201987e-07 -6.3281862594522e-07 -6.16887575688452e-07 -6.00956525431684e-07 -5.85025475174916e-07 -5.69094481761567e-07 -5.50258789644431e-07 -5.22709342476446e-07 -4.95159838465042e-07 -4.67610391297058e-07 -4.40060915707363e-07 -4.12511440117669e-07 -3.84961964527974e-07 -3.5741248893828e-07 -3.42958230703516e-07 -3.32869092289911e-07 -3.22779925454597e-07 -3.12690787040992e-07 -3.02601620205678e-07 -2.92512481792073e-07 -2.82423314956759e-07 -2.78966780342671e-07 -2.95407971862005e-07 -3.11849191803049e-07 -3.28290411744092e-07 -3.44731631685136e-07 -3.61172851626179e-07 -3.77614071567223e-07 -3.94055291508266e-07 -4.2398991695336e-07 -4.58422334759234e-07 -4.92854780986818e-07
-5.16099930791825e-07 -5.43093847227283e-07 -5.70087763662741e-07 -5.97081680098199e-07 -6.24075539690239e-07 -6.51069456125697e-07 -6.78063372561155e-07 -6.74251054988417e-07 -6.60169973798475e-07 -6.46088892608532e-07 -6.32007868262008e-07 -6.17926787072065e-07 -6.03845705882122e-07 -5.8976462469218e-07 -5.7195103408958e-07 -5.4293980156217e-07 -5.13928569034761e-07 -4.8491739335077e-07 -4.55906132401651e-07 -4.26894928295951e-07 -3.97883695768542e-07 -3.68872491662842e-07 -3.52954231175318e-07 -3.41400323122798e-07 -3.29846386648569e-07 -3.1829245017434e-07 -3.0673854212182e-07 -2.95184605647592e-07 -2.83630669173363e-07 -2.78552050758663e-07 -2.92899272835712e-07 -3.07246494912761e-07 -3.215936885681e-07 -3.35940910645149e-07 -3.50288132722198e-07 -3.64635354799248e-07 -3.78982576876297e-07 -4.08271660035098e-07 -4.42541391976192e-07 -4.76811095495577e-07
-5.15793715294421e-07 -5.44145905223559e-07 -5.72498038309277e-07 -6.00850171394995e-07 -6.29202361324133e-07 -6.57554494409851e-07 -6.85906684338988e-07 -6.8382138351808e-07 -6.71590271394962e-07 -6.59359216115263e-07 -6.47128103992145e-07 -6.34896991869027e-07 -6.2266587974591e-07 -6.1043482446621e-07 -5.93643221691309e-07 -5.63170260647894e-07 -5.32697299604479e-07 -5.02224338561064e-07 -4.71751377517649e-07 -4.41278416474233e-07 -4.10805455430818e-07 -3.80332494387403e-07 -3.62950231647119e-07 -3.49931525533975e-07 -3.36912847842541e-07 -3.23894141729397e-07 -3.10875435616254e-07 -2.9785672950311e-07 -2.84838023389966e-07 -2.78137321174654e-07 -2.90390545387709e-07 -3.02643769600763e-07 -3.14896993813818e-07 -3.27150189605163e-07 -3.39403413818218e-07 -3.51656638031272e-07 -3.63909862244327e-07 -3.92553431538545e-07 -4.26660420771441e-07 -4.60767438426046e-07
