data/working_set_collections/6091692-Cassins_Sparrow-M2/1985/wchange_avg.asc
NCOLS 265 
NROWS 230 
XLLCORNER -115.5625 
YLLCORNER 24.8333333333333 
CELLSIZE 0.0833333333333333 
NODATA_value -9999 
[rows 144 to 161 of 230, columns 40 to 79 of 265]
-6.28475561370578e-07 -6.5801560822365e-07 -6.87555655076721e-07 -7.17095701929793e-07 -7.40685550226772e-07 -7.46424746012053e-07 -7.52163998640754e-07 -7.57903194426035e-07 -7.63642447054735e-07 -7.69381642840017e-07 -7.75120895468717e-07 -7.80860091253999e-07 -7.9680643239044e-07 -8.16155136362795e-07 -8.3550384033515e-07 -8.54852601150924e-07 -8.74201305123279e-07 -8.93550009095634e-07 -9.12898713067989e-07 -9.25075141822163e-07 -9.15734688078373e-07 -9.06394291178003e-07 -8.97053837434214e-07 -8.87713440533844e-07 -8.78372986790055e-07 -8.69032589889684e-07 -8.59692192989314e-07 -8.51071831675654e-07 -8.42691463276424e-07 -8.34311151720613e-07 -8.25930783321382e-07 -8.17550471765571e-07 -8.09170103366341e-07 -8.0078979181053e-07 -7.93461140347063e-07 -7.89287582847464e-07 -7.85114025347866e-07 -7.80940467848268e-07 -7.7676691034867e-07 -7.72593352849071e-07
-6.25692223366059e-07 -6.55237329283409e-07 -6.84782492044178e-07 -7.14327597961528e-07 -7.38339792860643e-07 -7.45753141018213e-07 -7.53166489175783e-07 -7.60579837333353e-07 -7.67993242334342e-07 -7.75406590491912e-07 -7.82819938649482e-07 -7.90233286807052e-07 -8.05307990958681e-07 -8.2293649938947e-07 -8.4056500782026e-07 -8.58193516251049e-07 -8.75822024681838e-07 -8.93450476269209e-07 -9.11078984699998e-07 -9.22611604892154e-07 -9.15856560368411e-07 -9.09101515844668e-07 -9.02346471320925e-07 -8.95591483640601e-07 -8.88836439116858e-07 -8.82081394593115e-07 -8.75326350069372e-07 -8.67808921611868e-07 -8.60037403072056e-07 -8.52265884532244e-07 -8.44494422835851e-07 -8.36722904296039e-07 -8.28951385756227e-07 -8.21179867216415e-07 -8.14363943391072e-07 -8.10414917395974e-07 -8.06465834557457e-07 -8.02516808562359e-07 -7.98567782567261e-07 -7.94618699728744e-07
-6.22908885361539e-07 -6.52459107186587e-07 -6.82009329011635e-07 -7.11559550836682e-07 -7.35994092337933e-07 -7.45081536024372e-07 -7.54169036554231e-07 -7.63256537084089e-07 -7.72343980770529e-07 -7.81431481300388e-07 -7.90518981830246e-07 -7.99606425516686e-07 -8.13809549526923e-07 -8.29717805572727e-07 -8.45626118461951e-07 -8.61534431351174e-07 -8.77442687396979e-07 -8.93351000286202e-07 -9.09259313175426e-07 -9.20148124805564e-07 -9.15978432658449e-07 -9.11808797354752e-07 -9.07639162051055e-07 -9.03469469903939e-07 -8.99299834600242e-07 -8.95130142453127e-07 -8.9096050714943e-07 -8.84546068391501e-07 -8.77383399711107e-07 -8.70220674187294e-07 -8.630580055069e-07 -8.55895279983088e-07 -8.48732611302694e-07 -8.415699426223e-07 -8.35266746435082e-07 -8.31542251944484e-07 -8.27817700610467e-07 -8.2409314927645e-07 -8.20368597942434e-07 -8.16644046608417e-07
-6.20125490513601e-07 -6.49680828246346e-07 -6.79236165979091e-07 -7.08791446868418e-07 -7.33648334971804e-07 -7.44409987873951e-07 -7.55171583932679e-07 -7.65933179991407e-07 -7.76694776050135e-07 -7.87456372108863e-07 -7.98217968167592e-07 -8.08979621069739e-07 -8.22311051251745e-07 -8.36499168599403e-07 -8.50687229103642e-07 -8.64875346451299e-07 -8.79063406955538e-07 -8.93251524303196e-07 -9.07439584807435e-07 -9.17684587875556e-07 -9.16100304948486e-07 -9.14516022021417e-07 -9.12931795937766e-07 -9.11347513010696e-07 -9.09763230083627e-07 -9.08178947156557e-07 -9.06594664229488e-07 -9.01283215171134e-07 -8.94729339506739e-07 -8.88175463842344e-07 -8.8162158817795e-07 -8.75067712513555e-07 -8.68513836849161e-07 -8.61960018028185e-07 -8.5616960632251e-07 -8.52669529649575e-07 -8.49169509820058e-07 -8.45669489990541e-07 -8.42169470161025e-07 -8.38669450331508e-07
-6.17342152509082e-07 -6.46902549306105e-07 -6.76463002946548e-07 -7.06023399743572e-07 -7.31302634449094e-07 -7.4373838288011e-07 -7.56174074467708e-07 -7.68609822898725e-07 -7.81045571329742e-07 -7.93481319760758e-07 -8.05917011348356e-07 -8.18352759779373e-07 -8.30812609819986e-07 -8.4328047478266e-07 -8.55748396588751e-07 -8.68216261551424e-07 -8.80684126514097e-07 -8.9315199147677e-07 -9.05619913282862e-07 -9.15221107788966e-07 -9.16222177238524e-07 -9.172233035315e-07 -9.18224429824477e-07 -9.19225499274035e-07 -9.20226625567011e-07 -9.21227751859988e-07 -9.22228821309545e-07 -9.18020361950767e-07 -9.12075279302371e-07 -9.06130253497395e-07 -9.00185227692418e-07 -8.94240145044023e-07 -8.88295119239046e-07 -8.8235009343407e-07 -8.77072409366519e-07 -8.73796864198084e-07 -8.70521375873068e-07 -8.67245830704633e-07 -8.63970285536197e-07 -8.60694797211181e-07
-6.14558814504562e-07 -6.44124327209283e-07 -6.73689839914005e-07 -7.03255295775307e-07 -7.28956877082965e-07 -7.4306677788627e-07 -7.57176621846156e-07 -7.71286465806043e-07 -7.85396366609348e-07 -7.99506210569234e-07 -8.1361605452912e-07 -8.27725955332426e-07 -8.39314168388228e-07 -8.50061837809335e-07 -8.60809507230442e-07 -8.7155717665155e-07 -8.82304846072657e-07 -8.93052515493764e-07 -9.03800184914871e-07 -9.12757570858957e-07 -9.16344049528561e-07 -9.19930585041584e-07 -9.23517063711188e-07 -9.27103542380792e-07 -9.30690021050395e-07 -9.34276499719999e-07 -9.37863035233022e-07 -9.3475745188698e-07 -9.29421219098003e-07 -9.24085043152445e-07 -9.18748810363468e-07 -9.13412577574491e-07 -9.08076344785513e-07 -9.02740111996536e-07 -8.97975212410529e-07 -8.94924198746594e-07 -8.91873185082659e-07 -8.88822171418724e-07 -8.85771157754789e-07 -8.82720144090854e-07
-6.04901799761137e-07 -6.33184470189008e-07 -6.61467083773459e-07 -6.8974975420133e-07 -7.15198325451638e-07 -7.32144826542935e-07 -7.49091327634233e-07 -7.6603782872553e-07 -7.82984329816827e-07 -7.99930830908124e-07 -8.16877275156003e-07 -8.338237762473e-07 -8.44463670546247e-07 -8.53001438372303e-07 -8.6153914935494e-07 -8.70076860337576e-07 -8.78614571320213e-07 -8.8715228230285e-07 -8.95689993285487e-07 -9.03607315194677e-07 -9.09663526726945e-07 -9.15719738259213e-07 -9.21775892948062e-07 -9.27832104480331e-07 -9.33888316012599e-07 -9.39944470701448e-07 -9.46000682233716e-07 -9.43882923820638e-07 -9.39040432967886e-07 -9.34197998958552e-07 -9.293555081058e-07 -9.24513074096467e-07 -9.19670583243715e-07 -9.14828149234381e-07 -9.10850474156177e-07 -9.09467132714781e-07 -9.08083848116803e-07 -9.06700506675406e-07 -9.0531716523401e-07 -9.03933823792613e-07
-5.88371108278807e-07 -6.14082978245278e-07 -6.39794791368331e-07 -6.65506661334803e-07 -6.90026922711695e-07 -7.10972585693526e-07 -7.31918191831937e-07 -7.52863854813768e-07 -7.7380946095218e-07 -7.94755067090591e-07 -8.15700730072422e-07 -8.36646336210833e-07 -8.46261229980882e-07 -8.52099276471563e-07 -8.57937266118824e-07 -8.63775255766086e-07 -8.69613302256766e-07 -8.75451291904028e-07 -8.8128928155129e-07 -8.87770340796123e-07 -8.96180551990255e-07 -9.04590820027806e-07 -9.13001031221938e-07 -9.2141124241607e-07 -9.29821453610202e-07 -9.38231664804334e-07 -9.46641875998466e-07 -9.45396607221483e-07 -9.409328640686e-07 -9.36469120915717e-07 -9.32005377762835e-07 -9.27541634609952e-07 -9.23077891457069e-07 -9.18614091460768e-07 -9.15698194603465e-07 -9.17425722946064e-07 -9.19153251288662e-07 -9.20880779631261e-07 -9.2260830797386e-07 -9.24335836316459e-07
-5.71840473639895e-07 -5.94981486301549e-07 -6.18122555806622e-07 -6.41263568468275e-07 -6.64855519971752e-07 -6.89800288000697e-07 -7.14745056029642e-07 -7.39689824058587e-07 -7.64634592087532e-07 -7.89579360116477e-07 -8.14524128145422e-07 -8.39468896174367e-07 -8.48058789415518e-07 -8.51197114570823e-07 -8.54335382882709e-07 -8.57473708038015e-07 -8.60611976349901e-07 -8.63750301505206e-07 -8.66888569817093e-07 -8.7193336639757e-07 -8.82697634096985e-07 -8.93461844952981e-07 -9.04226112652395e-07 -9.1499038035181e-07 -9.25754591207806e-07 -9.3651885890722e-07 -9.47283069763216e-07 -9.46910347465746e-07 -9.42825295169314e-07 -9.38740242872882e-07 -9.3465519057645e-07 -9.30570195123437e-07 -9.26485142827005e-07 -9.22400090530573e-07 -9.20545858207333e-07 -9.25384256333928e-07 -9.30222654460522e-07 -9.35061052587116e-07 -9.3989945071371e-07 -9.44737848840305e-07
-5.55309782157565e-07 -5.7587999435782e-07 -5.96450263401493e-07 -6.17020475601748e-07 -6.39684117231809e-07 -6.68628047151287e-07 -6.97571920227347e-07 -7.26515850146825e-07 -7.55459780066303e-07 -7.84403653142363e-07 -8.13347583061841e-07 -8.422914561379e-07 -8.49856348850153e-07 -8.50294952670083e-07 -8.50733556490013e-07 -8.51172160309943e-07 -8.51610707286454e-07 -8.52049311106384e-07 -8.52487914926314e-07 -8.56096391999017e-07 -8.69214659360296e-07 -8.82332926721574e-07 -8.95451194082852e-07 -9.08569461444131e-07 -9.21687728805409e-07 -9.34805996166688e-07 -9.47924263527966e-07 -9.48424087710009e-07 -9.44717726270028e-07 -9.41011421673466e-07 -9.37305060233484e-07 -9.33598698793503e-07 -9.29892394196941e-07 -9.26186032756959e-07 -9.25393578654621e-07 -9.3334284656521e-07 -9.412921144758e-07 -9.4924138238639e-07 -9.5719065029698e-07 -9.6513986136415e-07
-5.38779090675234e-07 -5.5677850241409e-07 -5.74777970996365e-07 -5.92777382735221e-07 -6.14512771335285e-07 -6.47455806301878e-07 -6.8039884126847e-07 -7.13341876235063e-07 -7.46284911201656e-07 -7.79227946168248e-07 -8.12170981134841e-07 -8.45114016101434e-07 -8.51653908284788e-07 -8.49392790769343e-07 -8.47131673253898e-07 -8.44870555738453e-07 -8.42609438223008e-07 -8.40348320707562e-07 -8.38087203192117e-07 -8.40259417600464e-07 -8.55731741467025e-07 -8.71204008490167e-07 -8.86676332356728e-07 -9.02148599379871e-07 -9.17620866403013e-07 -9.33093190269574e-07 -9.48565457292716e-07 -9.49937827954273e-07 -9.46610157370742e-07 -9.4328254363063e-07 -9.39954929890519e-07 -9.36627259306988e-07 -9.33299645566876e-07 -9.29971974983346e-07 -9.30241299101908e-07 -9.41301436796493e-07 -9.5236151764766e-07 -9.63421712185664e-07 -9.74481736193411e-07 -9.85541873887996e-07
-5.22248399192904e-07 -5.3767706731378e-07 -5.53105678591237e-07 -5.68534346712113e-07 -5.89341368595342e-07 -6.26283508609049e-07 -6.63225705466175e-07 -7.00167845479882e-07 -7.37110042337008e-07 -7.74052239194134e-07 -8.10994379207841e-07 -8.47936576064967e-07 -8.53451467719424e-07 -8.48490685712022e-07 -8.43529846861202e-07 -8.38569008010381e-07 -8.33608169159561e-07 -8.2864733030874e-07 -8.2368649145792e-07 -8.24422443201911e-07 -8.42248766730336e-07 -8.60075090258761e-07 -8.77901413787185e-07 -8.9572773731561e-07 -9.13554060844035e-07 -9.3138038437246e-07 -9.49206651057466e-07 -9.51451568198536e-07 -9.48502645314875e-07 -9.45553665587795e-07 -9.42604742704134e-07 -9.39655819820473e-07 -9.36706896936812e-07 -9.33757974053151e-07 -9.35089019549196e-07 -9.49259970184357e-07 -9.63430920819519e-07 -9.77601985141519e-07 -9.9177293577668e-07 -1.00594388641184e-06
-5.10571169343166e-07 -5.24060283169092e-07 -5.37549453838437e-07 -5.51038624507783e-07 -5.7067808256761e-07 -6.08768630172563e-07 -6.46859177777515e-07 -6.84949668539048e-07 -7.23040216144e-07 -7.61130706905533e-07 -7.99221254510485e-07 -8.37311802115437e-07 -8.42225063024671e-07 -8.36079323107697e-07 -8.29933526347304e-07 -8.2378778643033e-07 -8.17641989669937e-07 -8.11496249752963e-07 -8.0535045299257e-07 -8.05376146217895e-07 -8.23916082026699e-07 -8.42456074678921e-07 -8.60996067331143e-07 -8.79536003139947e-07 -8.98075995792169e-07 -9.16615988444391e-07 -9.35155924253195e-07 -9.37989057092636e-07 -9.35586569994484e-07 -9.33184026052913e-07 -9.30781538954761e-07 -9.28379051856609e-07 -9.25976507915038e-07 -9.23574020816886e-07 -9.2678777718902e-07 -9.46850320815429e-07 -9.66912921285257e-07 -9.86975464911666e-07 -1.00703800853807e-06 -1.02710055216448e-06
-5.03747287439182e-07 -5.15928320510284e-07 -5.28109296737966e-07 -5.40290272965649e-07 -5.58523026938929e-07 -5.94911114148999e-07 -6.3129920135907e-07 -6.67687288569141e-07 -7.04075375779212e-07 -7.40463462989283e-07 -7.76851550199353e-07 -8.13239637409424e-07 -8.1797469420053e-07 -8.12158759799786e-07 -8.06342825399042e-07 -8.00526890998299e-07 -7.94710956597555e-07 -7.8889507904023e-07 -7.83079144639487e-07 -7.83120469804999e-07 -8.00733744199533e-07 -8.18347018594068e-07 -8.35960236145183e-07 -8.53573510539718e-07 -8.71186728090834e-07 -8.88800002485368e-07 -9.06413276879903e-07 -9.09550294636574e-07 -9.07861988252989e-07 -9.06173625025986e-07 -9.04485261798982e-07 -9.02796898571978e-07 -9.01108592188393e-07 -8.9942022896139e-07 -9.05337685708218e-07 -9.34072488689708e-07 -9.62807234827778e-07 -9.91542037809268e-07 -1.02027684079076e-06 -1.04901164377225e-06
-4.96923462378618e-07 -5.07796301008057e-07 -5.18669082794077e-07 -5.29541921423515e-07 -5.46367971310247e-07 -5.81053598125436e-07 -6.15739224940626e-07 -6.50424908599234e-07 -6.85110535414424e-07 -7.19796162229613e-07 -7.54481845888222e-07 -7.89167472703411e-07 -7.93724325376388e-07 -7.88238253335294e-07 -7.82752124450781e-07 -7.77266052409686e-07 -7.71779980368592e-07 -7.66293851484079e-07 -7.60807779442985e-07 -7.60864850235521e-07 -7.77551406372368e-07 -7.94237905665796e-07 -8.10924461802642e-07 -8.2761096109607e-07 -8.44297517232917e-07 -8.60984016526345e-07 -8.77670572663192e-07 -8.81111589023931e-07 -8.80137349668075e-07 -8.79163167155639e-07 -8.78188984643202e-07 -8.77214802130766e-07 -8.76240619618329e-07 -8.75266437105893e-07 -8.83887537383998e-07 -9.21294599720568e-07 -9.58701662057138e-07 -9.96108724393707e-07 -1.03351578673028e-06 -1.07092284906685e-06
-4.90099637318053e-07 -4.99664281505829e-07 -5.09228925693606e-07 -5.18793569881382e-07 -5.34212858838146e-07 -5.67196082101873e-07 -6.001793053656e-07 -6.33162471785909e-07 -6.66145695049636e-07 -6.99128918313363e-07 -7.3211214157709e-07 -7.65095307997399e-07 -7.69473956552247e-07 -7.64317690027383e-07 -7.59161423502519e-07 -7.54005213821074e-07 -7.4884894729621e-07 -7.43692680771346e-07 -7.38536414246482e-07 -7.38609230666043e-07 -7.54369011701783e-07 -7.70128849580942e-07 -7.85888630616682e-07 -8.01648468495841e-07 -8.17408249531582e-07 -8.3316808741074e-07 -8.48927868446481e-07 -8.52672826567868e-07 -8.5241276792658e-07 -8.52152766128711e-07 -8.51892707487423e-07 -8.51632705689553e-07 -8.51372647048265e-07 -8.51112645250396e-07 -8.62437445903197e-07 -9.08516767594847e-07 -9.54596089286497e-07 -1.00067541097815e-06 -1.0467547326698e-06 -1.09283405436145e-06
-4.83275812257489e-07 -4.91532262003602e-07 -4.99788768593135e-07 -5.08045218339248e-07 -5.22057803209464e-07 -5.5333856607831e-07 -5.84619328947156e-07 -6.15900091816002e-07 -6.47180854684848e-07 -6.78461617553694e-07 -7.0974238042254e-07 -7.41023143291386e-07 -7.45223530884687e-07 -7.40397126719472e-07 -7.35570722554257e-07 -7.30744318389043e-07 -7.25917914223828e-07 -7.21091510058613e-07 -7.16265105893399e-07 -7.16353554253146e-07 -7.31186673874618e-07 -7.4601973665267e-07 -7.60852856274141e-07 -7.75685919052194e-07 -7.90519038673665e-07 -8.05352101451717e-07 -8.20185221073189e-07 -8.24234064111806e-07 -8.24688186185085e-07 -8.25142308258364e-07 -8.25596430331643e-07 -8.26050552404922e-07 -8.26504674478201e-07 -8.2695879655148e-07 -8.40987297578977e-07 -8.95738878625707e-07 -9.50490459672437e-07 -1.00524209756259e-06 -1.05999367860932e-06 -1.11474525965605e-06
-4.76451958775215e-07 -4.83400242501375e-07 -4.90348554649245e-07 -4.97296866797114e-07 -5.09902690737363e-07 -5.39481050054746e-07 -5.69059352528711e-07 -5.98637711846095e-07 -6.2821601432006e-07 -6.57794373637444e-07 -6.87372676111409e-07 -7.16951035428792e-07 -7.20973162060545e-07 -7.1647662025498e-07 -7.11980021605996e-07 -7.0748347980043e-07 -7.02986881151446e-07 -6.98490339345881e-07 -6.93993740696897e-07 -6.94097934683668e-07 -7.08004279204033e-07 -7.21910680567817e-07 -7.35817025088181e-07 -7.49723426451965e-07 -7.63629770972329e-07 -7.77536172336113e-07 -7.91442516856478e-07 -7.95795358499163e-07 -7.9696360444359e-07 -7.98131907231436e-07 -7.99300153175864e-07 -8.0046845596371e-07 -8.01636758751556e-07 -8.02805004695983e-07 -8.19537206098175e-07 -8.82961046499986e-07 -9.46384886901797e-07 -1.00980878414703e-06 -1.07323262454884e-06 -1.13665646495065e-06
