data/working_set_collections/6091692-Cassins_Sparrow-MC/_mask.asc
NCOLS 265 
NROWS 230 
XLLCORNER -115.583333333333 
YLLCORNER 24.8333333333333 
CELLSIZE 0.0833333333333333 
NODATA_value -9999 
[rows 88 to 131 of 230, columns 0 to 95 of 265]
124 125 103 79 47 64 95 121 115 127 135 135 136 137 134 136 119 86 85 103 100 100 95 88 87 90 94 98 84 87 91 90 89 88 90 91 76 65 52 37 31 41 55 72 74 73 66 55 49 51 50 51 52 53 50 47 47 47 46 46 43 44 38 36 49 53 55 56 57 57 57 58 58 54 49 43 45 49 49 49 51 52 53 52 52 50 47 45 44 47 45 46 43 38 40 36
129 127 115 72 70 77 88 123 128 132 135 129 132 140 139 135 126 105 98 111 114 112 95 84 84 88 92 80 80 82 85 85 86 88 91 99 82 62 47 36 29 31 50 70 72 68 60 56 46 51 52 50 49 49 47 45 47 50 50 48 45 44 44 42 40 51 54 54 56 56 56 58 59 57 53 38 36 41 45 43 50 52 53 54 54 51 47 44 44 46 43 40 37 37 37 37
110 125 129 107 97 84 105 126 135 132 131 125 131 138 143 140 131 125 118 122 124 112 82 82 82 86 92 80 75 75 82 80 82 83 83 106 86 66 48 37 27 26 48 66 72 64 57 54 51 54 56 54 52 51 48 50 53 53 51 47 45 49 48 44 40 39 42 47 54 55 56 61 60 58 54 50 33 22 30 36 49 52 54 55 55 53 48 43 43 44 42 39 34 36 36 33
84 112 130 130 115 112 114 128 129 127 121 118 124 136 145 134 118 122 131 133 129 106 80 78 81 85 90 83 67 71 88 80 89 84 95 106 95 95 63 39 30 24 37 57 73 60 58 54 54 59 59 58 52 54 53 56 55 50 48 52 52 49 48 44 39 41 44 40 40 54 60 63 62 55 50 47 40 21 26 40 49 53 55 56 56 54 51 47 44 43 40 37 34 34 34 32
73 102 118 134 137 137 136 133 129 123 113 127 134 139 144 126 110 109 135 139 131 104 90 83 83 86 92 98 87 85 91 93 111 104 109 88 87 88 73 69 38 30 27 53 79 61 59 59 60 61 62 61 57 57 57 59 57 53 54 54 51 47 49 46 45 46 40 39 41 51 60 64 62 54 47 42 40 31 21 26 49 55 58 58 58 57 54 52 50 48 45 39 34 33 33 29
71 84 112 133 137 139 139 134 140 135 134 131 132 139 144 126 107 118 141 141 126 99 81 81 79 88 104 109 106 107 104 104 103 87 101 89 78 95 91 96 74 47 44 41 76 74 65 68 65 65 66 64 64 63 62 63 60 57 58 55 51 51 51 52 49 44 46 46 46 52 60 63 63 53 47 41 38 39 30 21 43 54 58 60 60 58 56 54 52 50 48 44 40 37 34 32
80 109 120 132 137 139 141 139 144 146 146 137 139 147 147 134 126 143 139 145 111 97 83 81 78 77 111 120 124 97 84 92 82 80 85 99 79 73 66 98 96 59 47 50 89 77 69 73 72 71 74 71 70 67 66 64 63 61 58 54 55 55 55 52 52 52 49 50 55 56 61 64 65 55 48 42 41 41 36 26 26 45 57 61 62 59 58 56 55 52 50 48 46 42 38 37
92 103 120 130 135 137 137 137 127 145 140 116 133 146 144 147 141 143 130 113 106 106 106 94 96 87 116 109 94 80 74 79 78 80 81 83 82 77 70 65 63 53 50 77 78 55 67 71 72 76 79 74 67 62 62 64 61 58 57 57 57 59 56 55 54 54 53 49 54 58 61 63 63 54 48 43 40 41 43 37 23 36 57 63 63 61 60 58 56 55 53 49 47 45 42 39
86 90 116 123 130 130 120 129 131 132 143 121 132 139 135 134 132 127 120 95 97 116 116 108 104 88 116 124 88 73 72 77 79 81 81 81 82 80 76 70 62 57 50 46 52 55 61 70 76 81 82 79 68 62 58 58 58 61 60 58 60 58 59 57 58 57 54 47 48 58 60 61 63 56 45 39 38 37 44 42 30 28 51 64 65 63 61 60 57 56 54 51 50 46 42 42
102 106 105 119 122 119 121 140 137 130 146 141 134 132 122 116 125 119 106 97 93 103 109 113 113 94 114 127 74 68 73 78 81 83 83 82 84 82 79 74 67 61 56 50 49 49 50 53 73 83 87 82 74 65 63 61 63 63 60 63 60 61 62 61 58 53 49 45 46 55 59 57 59 53 45 38 37 42 47 39 42 48 59 65 66 64 61 59 58 57 55 50 50 48 43 38
123 109 124 127 124 121 138 138 125 128 147 137 130 131 119 105 115 125 105 91 94 98 112 119 118 120 131 116 84 75 77 77 82 85 85 84 84 84 80 76 73 68 64 59 55 54 56 63 78 82 87 85 81 74 67 67 67 62 66 67 63 66 65 60 57 56 53 51 54 53 55 54 50 50 48 43 38 46 51 42 57 63 66 66 65 64 62 59 59 57 56 53 50 47 45 44
134 112 131 125 116 119 131 130 111 130 156 140 126 131 122 110 116 127 130 122 104 98 102 115 110 114 121 112 91 78 84 76 80 78 84 85 86 85 82 79 76 72 67 62 59 58 62 70 75 76 82 88 83 80 72 71 68 67 69 68 70 69 65 63 62 56 55 55 57 54 53 55 52 51 49 45 42 50 55 50 56 64 66 61 58 56 52 55 57 56 56 54 51 46 46 48
116 123 133 115 94 101 113 123 115 128 155 151 125 125 126 117 111 125 132 131 117 94 101 101 105 115 105 95 92 88 84 76 80 77 77 82 87 85 83 80 77 73 70 63 61 61 66 68 72 75 80 89 83 79 77 76 73 73 71 72 71 70 69 68 66 62 62 62 61 58 59 55 52 50 49 47 45 56 58 58 61 63 58 59 59 57 55 51 46 49 52 53 49 50 51 52
100 130 135 121 98 97 107 115 117 133 157 155 123 118 127 122 100 120 131 132 130 120 94 99 108 108 99 96 94 96 87 81 84 76 80 83 86 84 81 80 77 73 67 60 57 57 59 58 69 73 81 89 86 82 81 79 77 77 76 73 73 72 65 62 62 63 65 67 66 63 58 55 55 53 49 48 50 55 62 64 66 65 64 65 62 58 53 49 47 51 51 46 48 49 52 55
97 115 136 131 114 99 112 118 120 140 159 162 138 120 126 120 102 104 124 131 131 128 109 113 112 103 96 95 93 98 99 85 88 81 79 85 86 86 82 78 77 69 62 56 44 43 43 52 61 69 76 82 88 86 84 78 79 79 78 77 74 70 65 63 62 65 68 69 70 67 63 60 61 59 55 53 55 61 62 67 66 65 62 58 56 59 58 49 45 53 57 52 52 47 46 54
100 115 132 126 107 102 115 126 129 134 151 164 153 129 118 121 118 101 118 127 129 116 120 112 103 97 91 94 96 94 96 92 93 88 80 87 92 87 82 76 73 66 56 51 42 37 26 31 48 54 69 77 83 85 87 84 81 81 79 78 76 74 71 68 67 71 74 72 73 71 67 66 67 64 61 59 64 60 68 66 61 59 58 49 41 38 42 51 56 59 61 56 54 56 51 48
102 119 115 103 104 107 114 133 136 125 128 155 158 135 117 128 127 112 121 128 126 110 116 117 98 97 96 96 98 93 92 99 98 92 89 96 96 92 83 73 69 65 60 53 50 43 35 31 56 58 67 73 77 81 85 87 85 85 82 78 77 77 73 70 76 80 77 77 76 75 74 71 67 68 68 69 72 71 67 62 63 60 60 60 55 41 38 39 45 49 57 63 62 56 45 33
118 111 96 99 111 116 117 138 140 128 133 158 164 142 124 134 135 125 125 122 119 117 121 125 109 108 103 98 98 92 90 99 101 98 96 102 102 99 89 73 59 62 65 64 56 52 49 53 59 65 68 73 78 80 83 86 87 85 85 85 83 78 77 80 85 84 81 82 80 79 77 74 72 74 75 75 72 69 67 64 64 62 63 66 60 53 40 36 43 40 53 62 63 59 47 30
134 108 102 110 117 121 125 140 146 140 148 169 165 149 127 136 141 137 126 110 90 112 127 133 122 109 102 106 102 99 90 93 95 104 108 99 97 102 96 78 71 64 70 72 59 53 58 59 57 60 67 72 76 78 80 84 85 85 86 86 85 84 87 89 88 88 88 84 81 81 79 79 79 78 75 74 69 69 67 70 70 70 68 66 65 61 58 48 39 39 48 55 66 65 57 63
131 111 118 123 123 129 132 138 148 148 160 175 167 150 133 137 146 143 131 109 89 116 133 133 116 117 112 106 101 100 92 85 89 102 112 110 94 100 109 103 90 78 80 86 65 63 67 56 57 57 60 68 72 78 79 82 84 84 85 87 87 90 92 89 90 94 88 85 86 83 84 83 79 76 76 73 71 70 72 76 75 72 65 61 62 63 61 58 52 47 51 53 68 69 71 77
117 132 136 138 138 140 142 147 153 158 169 177 173 162 141 135 149 148 136 104 101 124 140 145 129 117 112 92 95 94 92 81 89 102 109 115 114 109 116 121 119 110 116 104 88 90 78 65 52 56 55 60 71 76 78 81 83 83 85 88 91 93 96 97 99 97 95 92 89 88 85 82 77 71 71 71 74 73 77 77 71 65 64 60 60 62 62 59 57 54 56 62 68 63 67 72
122 144 148 150 151 149 144 152 149 161 168 178 178 170 158 148 144 153 144 127 101 114 140 156 131 108 117 109 97 102 93 84 95 103 110 115 115 119 119 122 128 127 126 129 127 122 96 75 60 53 53 58 68 75 77 76 80 83 85 86 90 93 95 98 100 99 96 90 85 86 84 82 80 74 76 79 76 78 81 78 73 68 67 66 64 62 60 58 56 60 62 65 64 56 61 72
142 151 150 160 159 149 145 156 154 154 160 175 180 176 170 164 161 158 151 140 108 117 145 162 147 118 121 125 125 110 95 91 95 102 112 114 108 116 114 111 109 118 142 140 137 131 115 91 70 54 51 60 64 70 75 77 76 81 84 85 86 87 90 92 94 95 96 91 88 86 86 85 83 79 83 81 83 81 80 80 77 74 73 70 68 65 63 60 60 65 66 66 55 53 59 65
155 151 156 165 158 141 147 160 156 155 158 167 171 177 171 169 165 161 157 148 133 127 144 165 161 139 126 134 128 113 102 107 108 103 108 110 107 110 113 113 95 85 140 149 146 142 126 101 81 67 62 62 65 67 71 72 74 78 80 82 84 83 85 87 90 92 95 93 92 90 88 88 85 85 87 87 86 81 76 76 78 75 74 72 69 67 66 64 65 67 69 65 57 56 63 66
167 171 172 163 147 143 153 163 157 161 162 157 161 177 173 161 155 159 161 157 150 144 137 155 169 150 145 152 141 129 124 139 127 114 110 105 95 106 109 115 108 93 121 148 152 148 134 101 86 73 68 64 64 65 66 66 68 73 76 79 83 85 86 85 87 89 91 90 91 92 90 91 90 90 90 89 87 85 82 80 74 72 71 75 72 69 67 68 69 70 70 65 60 59 62 71
184 179 173 161 135 140 159 167 165 168 169 164 159 176 182 168 143 148 161 162 158 152 158 170 169 165 161 148 145 149 156 149 127 111 118 105 91 99 99 114 120 121 123 127 150 151 135 107 91 77 70 64 62 61 59 59 63 68 71 75 80 83 85 84 86 89 89 88 87 89 90 89 85 88 90 88 88 89 87 85 84 84 80 82 81 78 71 68 71 72 69 65 61 66 67 80
187 184 175 170 148 151 168 171 166 168 172 173 175 180 184 180 170 164 165 166 166 160 166 173 162 152 152 154 159 160 158 139 140 133 127 117 97 88 82 110 126 133 135 124 119 154 134 105 100 74 64 65 58 57 55 56 60 64 67 74 78 81 83 85 87 89 90 86 83 84 84 84 83 87 89 87 83 84 86 86 86 88 87 83 79 78 70 70 70 71 68 64 68 74 76 83
186 188 186 179 162 168 176 170 157 156 170 174 173 173 171 178 182 174 171 174 172 167 163 166 176 164 157 160 170 167 152 144 134 123 132 127 121 98 90 112 131 142 141 133 118 129 145 128 99 97 98 101 87 73 60 54 57 59 65 73 76 77 80 83 84 88 87 85 82 78 80 81 82 85 87 84 81 80 81 83 84 85 83 80 82 78 74 74 70 69 66 65 70 71 68 74
180 187 188 183 182 183 182 171 151 154 167 173 169 164 157 168 179 184 182 183 181 177 170 177 181 180 177 172 160 163 154 149 141 116 124 125 138 127 103 123 147 147 146 135 117 114 152 143 126 124 119 114 104 98 92 77 63 66 64 67 72 75 75 76 80 84 83 82 80 76 77 76 76 83 88 86 81 78 78 78 79 80 78 73 79 78 79 76 72 68 63 56 54 58 67 70
165 173 187 184 177 185 185 178 166 161 172 178 179 179 179 184 187 178 176 177 179 183 182 175 174 178 174 170 166 162 158 151 149 137 120 127 146 126 93 105 150 158 145 134 134 153 160 134 127 137 126 119 122 116 108 96 81 78 79 72 83 86 83 77 81 80 81 77 72 67 67 64 65 73 83 82 81 79 75 73 76 79 79 77 73 63 71 73 65 70 68 62 65 67 75 78
168 166 180 184 170 181 185 183 178 174 179 181 184 187 189 190 186 182 179 175 175 174 173 171 168 170 166 164 167 164 163 161 161 161 155 147 146 135 124 114 147 168 150 136 137 151 167 142 115 112 143 139 127 116 109 105 94 88 95 84 95 92 93 90 89 89 84 76 70 63 54 46 46 65 76 81 78 79 76 71 72 77 72 71 68 64 65 70 62 72 72 62 70 75 78 79
171 168 160 180 175 175 180 177 183 184 181 176 180 189 191 189 185 183 182 180 178 174 176 175 168 153 151 162 167 165 166 165 167 169 170 159 144 161 163 164 170 176 148 138 134 151 172 158 132 104 142 147 120 108 112 100 108 101 107 97 102 106 93 103 97 85 82 78 78 68 58 48 43 54 54 63 73 70 70 64 66 69 66 64 64 59 59 55 69 74 78 79 79 79 80 78
182 181 169 179 183 171 171 177 182 184 183 181 188 191 190 184 185 184 184 183 180 179 177 167 160 166 170 170 169 169 168 167 166 171 175 169 159 160 175 184 180 177 163 150 146 146 171 164 129 123 138 150 120 102 105 101 110 109 118 103 102 111 100 110 103 100 91 89 84 60 51 34 35 45 47 50 69 50 58 65 77 75 77 74 77 77 72 75 77 74 83 84 83 82 81 73
164 180 183 181 190 185 175 179 176 180 176 176 189 191 188 185 185 182 182 184 183 179 167 166 172 173 169 161 163 169 167 167 167 169 175 179 176 175 179 186 183 181 177 171 155 155 160 173 148 139 132 154 140 124 111 94 114 107 116 115 114 108 104 113 113 104 94 100 89 71 54 38 37 48 52 57 55 56 67 75 83 73 78 87 83 72 76 84 86 86 86 83 76 82 79 66
161 183 190 190 191 176 173 184 181 185 185 178 188 191 188 187 186 182 179 184 185 182 172 175 175 169 153 158 170 169 171 175 176 179 181 182 183 184 185 187 187 185 183 178 170 167 176 173 154 147 121 152 154 136 128 101 114 136 134 130 120 117 115 119 111 110 111 106 88 74 66 61 57 61 67 64 62 66 77 81 77 90 96 90 76 65 77 87 84 83 80 75 63 76 81 77
174 181 185 189 191 188 188 190 180 187 189 189 190 190 186 184 187 183 177 183 186 186 182 176 177 179 177 177 174 168 168 175 181 183 184 184 185 187 188 190 189 188 186 183 176 169 180 179 169 155 127 133 155 158 154 143 139 144 138 116 104 104 104 108 116 109 99 94 89 81 75 66 70 74 68 66 69 82 84 72 90 102 99 75 65 64 74 84 72 65 71 73 71 73 83 87
176 164 161 175 186 191 192 192 190 189 191 191 192 190 181 183 186 181 171 178 184 186 186 184 183 183 183 182 181 176 179 179 182 185 186 179 177 187 189 190 190 189 188 188 186 174 183 182 174 169 154 142 159 148 158 157 144 140 125 119 114 106 99 99 102 107 103 100 96 88 75 77 79 68 56 60 85 100 84 90 98 101 84 84 73 74 73 67 72 71 74 75 76 73 88 97
174 167 156 163 179 187 189 190 190 190 193 193 192 189 180 182 185 181 174 175 179 184 186 187 185 184 185 186 186 186 184 187 188 188 187 181 173 187 188 191 191 191 190 189 189 186 184 182 176 174 166 156 147 135 146 145 143 127 115 129 128 128 118 117 113 104 101 100 97 91 90 87 89 87 76 81 105 86 83 106 110 94 77 76 70 66 69 74 80 81 76 77 77 75 91 99
168 170 166 165 170 178 183 187 189 192 194 194 191 188 183 185 185 181 176 173 177 183 185 186 185 181 180 185 188 189 186 188 190 190 190 188 187 189 189 190 191 192 194 192 190 188 185 179 176 168 161 152 136 126 146 135 140 136 130 134 141 140 133 128 122 115 99 90 93 94 94 87 98 101 83 97 117 107 102 122 119 96 70 58 70 73 72 67 75 82 80 77 76 81 94 87
194 188 179 172 175 181 184 187 188 191 195 193 189 186 185 184 184 177 159 164 173 180 182 181 186 186 184 183 188 189 189 190 192 192 192 192 192 190 188 189 190 190 188 191 190 188 186 184 181 178 171 168 160 142 133 135 133 138 141 142 144 146 137 130 122 117 118 107 86 91 99 99 105 114 97 102 119 109 105 118 125 88 67 58 67 77 80 75 69 85 84 78 73 78 99 100
203 199 192 180 180 182 185 188 190 192 196 193 183 183 183 181 182 182 179 176 177 184 187 188 190 190 188 185 185 189 190 191 192 193 191 191 190 189 185 177 188 188 188 190 190 188 186 185 184 182 180 176 173 168 141 145 116 113 137 132 139 147 143 141 134 125 118 116 114 102 94 102 110 120 105 118 132 109 110 104 127 83 64 55 64 77 86 91 91 98 90 78 68 79 100 111
205 202 198 190 180 178 181 184 188 190 195 193 188 186 186 185 179 185 189 190 188 187 188 191 192 193 192 190 189 190 192 189 188 192 193 190 187 187 187 184 176 189 189 189 189 189 186 186 186 184 183 180 171 163 160 153 143 132 130 134 144 150 150 150 149 146 135 116 115 119 110 104 119 119 95 119 137 133 122 125 127 118 99 91 79 76 81 99 108 97 86 75 63 85 103 111
205 203 201 198 194 190 183 181 186 187 195 193 192 192 192 190 183 181 189 193 194 193 191 193 194 195 195 195 193 195 195 189 190 189 193 190 184 184 186 186 181 187 188 189 190 190 188 186 187 187 185 184 181 177 173 169 153 157 152 145 144 143 140 132 138 150 150 138 119 117 122 123 126 129 113 137 120 114 114 123 121 125 122 121 103 103 93 95 97 93 83 73 62 84 104 112
204 203 202 201 199 197 195 192 189 187 196 198 197 198 195 192 189 180 183 193 196 196 195 195 196 197 197 198 197 195 196 196 195 194 192 192 186 181 185 186 186 188 189 189 189 189 189 191 190 190 189 186 182 176 167 169 172 159 162 151 141 135 124 108 126 144 153 154 147 137 117 119 127 132 142 151 140 125 106 110 114 120 131 131 130 114 104 110 105 99 91 85 64 80 97 112
