data/working_set_collections/6091692-Cassins_Sparrow-MC/_mask.asc
NCOLS 265 
NROWS 230 
XLLCORNER -115.583333333333 
YLLCORNER 24.8333333333333 
CELLSIZE 0.0833333333333333 
NODATA_value -9999 
[rows 88 to 131 of 230, columns 96 to 191 of 265]
35 35 34 29 30 32 30 29 31 29 32 31 29 24 11 7 16 17 22 27 29 29 32 25 4 -1 7 20 7 28 43 52 59 67 71 73 76 75 72 68 59 61 67 69 72 74 77 80 82 83 85 86 88 89 91 92 92 92 92 92 91 90 89 89 87 87 88 89 90 92 93 92 92 92 92 92 91 91 90 90 86 84 83 82 82 81 81 80 82 82 81 81 82 83 83 83
33 35 35 32 31 32 31 27 31 33 35 34 32 26 15 12 20 27 29 30 32 35 38 33 21 1 1 25 21 31 44 62 68 73 75 75 77 76 73 67 61 62 69 71 74 75 78 79 81 81 84 85 86 90 91 92 92 92 93 92 91 91 90 89 88 87 87 89 91 92 92 93 93 93 93 92 92 92 91 88 86 84 82 82 82 81 81 82 82 80 81 82 81 82 82 83
35 35 35 34 32 30 29 28 28 28 32 34 34 32 25 20 24 33 37 38 37 39 41 39 33 20 20 29 18 17 44 69 76 77 78 78 79 78 76 73 71 71 74 75 75 76 78 79 82 84 85 87 88 90 91 92 93 94 94 93 92 91 90 89 88 87 88 89 90 90 92 93 92 93 92 92 92 93 90 88 86 84 83 83 82 82 82 82 81 81 81 81 81 81 83 86
32 36 35 32 32 32 33 31 34 33 34 32 34 35 29 27 39 42 48 45 42 45 47 45 38 27 27 30 17 26 42 69 77 79 80 81 82 80 79 76 74 75 77 77 74 74 77 80 83 85 86 88 90 91 92 93 94 94 94 93 92 92 91 89 88 87 87 88 90 90 91 91 92 92 92 93 93 93 91 89 87 86 85 84 84 83 82 82 82 83 83 82 82 84 85 87
32 35 37 36 34 35 34 33 37 29 28 37 47 49 45 44 50 52 55 53 47 51 40 39 38 24 18 30 30 35 49 65 72 76 80 82 83 83 81 79 76 76 77 78 79 79 79 80 83 86 87 89 91 93 94 94 95 95 94 94 92 92 91 90 89 88 87 88 89 90 91 92 91 91 92 94 95 94 93 91 89 88 87 86 87 87 85 84 84 84 84 84 84 84 84 84
30 32 36 35 33 34 34 34 30 29 32 40 45 46 49 56 60 58 58 58 59 48 43 39 31 14 24 34 43 54 66 71 78 81 83 83 83 84 83 81 78 77 76 78 80 80 82 83 85 88 91 92 92 94 95 96 96 96 95 95 94 93 91 90 89 88 88 89 90 90 91 91 92 92 93 95 96 95 94 92 91 90 90 90 90 88 88 86 85 85 84 83 82 81 81 81
34 32 34 37 37 36 36 37 15 12 32 36 25 32 36 42 60 64 63 62 52 50 45 38 28 30 49 46 61 65 70 74 77 79 82 82 83 84 85 81 78 79 79 79 80 83 83 87 90 91 92 93 95 96 96 97 97 96 97 96 95 94 92 91 90 89 90 90 90 90 91 92 93 94 94 95 96 96 94 93 91 90 90 89 89 89 88 87 86 85 83 82 81 79 79 80
37 36 34 36 36 38 40 43 23 17 22 24 16 18 20 38 54 66 69 61 55 47 35 17 5 37 59 62 71 72 73 76 78 82 84 82 83 83 86 83 80 80 80 81 81 85 91 92 92 91 93 95 96 98 98 98 98 98 98 98 97 95 93 92 91 90 90 90 90 91 92 93 94 95 95 95 95 96 96 96 95 94 94 93 94 94 92 90 87 85 85 86 85 83 80 82
40 39 39 41 42 44 46 48 33 31 29 27 26 23 24 41 56 69 72 68 56 39 22 6 6 38 68 72 76 76 78 75 76 84 86 84 85 85 89 86 82 81 81 82 87 86 95 96 93 90 93 95 97 99 100 99 99 99 99 99 98 97 95 93 91 91 90 90 91 92 93 94 94 94 95 96 98 100 100 100 99 98 98 99 99 99 99 96 93 90 88 88 87 86 82 83
39 40 43 46 47 47 48 52 33 35 33 34 22 29 32 48 63 72 71 68 53 28 19 27 21 57 66 74 78 80 81 83 83 86 86 87 90 91 93 86 84 82 81 80 86 98 98 98 96 93 93 95 98 100 101 101 101 100 101 100 101 98 96 95 93 92 90 90 91 93 94 95 96 96 98 100 101 102 99 98 97 96 95 95 96 99 100 99 97 94 92 90 87 88 87 86
43 42 42 48 52 52 53 57 38 44 48 40 30 36 44 59 67 68 66 66 51 20 36 42 22 52 72 76 78 81 83 86 86 87 87 88 90 92 93 87 90 89 83 80 83 97 101 101 98 96 96 96 99 101 101 103 103 103 103 103 103 102 98 96 95 94 92 94 95 97 98 98 100 100 101 103 101 100 97 95 95 94 92 92 96 96 95 96 95 94 92 90 89 87 87 86
50 51 52 55 58 58 61 64 49 55 66 52 42 56 66 73 61 65 66 63 53 40 53 41 34 56 72 74 80 81 83 83 84 85 85 87 88 94 98 98 98 99 94 86 94 101 105 102 98 97 98 99 100 101 102 103 104 104 105 105 106 105 101 99 98 96 95 95 97 99 101 103 103 103 103 101 99 98 95 93 92 91 92 93 94 95 96 96 96 95 93 91 91 91 90 90
53 55 56 58 63 63 66 71 67 68 78 61 64 71 80 80 66 70 71 66 57 52 64 60 48 67 76 77 83 81 81 82 85 85 85 88 94 101 106 105 104 104 102 97 98 98 107 104 103 102 102 103 104 104 105 106 107 107 107 107 107 108 106 105 103 101 98 97 98 101 104 103 101 101 102 100 98 97 94 91 91 92 92 91 92 93 95 95 94 93 91 91 91 92 92 92
56 53 41 41 61 69 61 73 77 81 80 75 74 79 85 82 76 74 72 70 67 65 72 72 67 67 79 82 85 83 81 81 86 87 86 91 97 103 106 107 109 107 108 100 104 102 108 110 110 107 107 108 108 108 109 109 109 110 111 111 111 110 110 110 109 107 104 102 102 104 104 101 101 100 101 99 97 94 92 91 91 92 92 93 95 96 97 96 96 95 93 92 91 90 90 91
51 40 34 41 61 73 63 73 74 78 83 82 77 82 84 80 79 75 73 72 71 70 69 74 79 78 79 83 85 87 90 87 91 94 93 101 103 107 109 109 111 111 110 104 106 108 110 110 114 112 112 112 112 112 112 113 113 111 109 109 108 109 109 109 109 110 109 107 107 106 103 100 100 100 100 98 96 94 93 92 95 96 97 98 98 98 98 97 97 97 97 96 94 94 92 92
39 33 35 48 65 74 73 77 72 73 78 84 87 85 80 75 67 67 73 74 72 70 69 68 72 83 80 86 89 86 93 98 98 101 106 108 110 111 112 113 113 114 112 110 109 113 114 115 116 116 115 115 115 115 114 113 112 109 107 106 105 107 105 106 109 108 108 106 106 104 102 99 99 100 99 98 97 95 94 93 95 97 99 100 101 101 101 99 98 99 99 98 98 97 96 95
29 37 43 59 69 75 81 82 76 78 83 87 87 69 69 72 61 60 65 67 68 66 67 70 71 78 84 89 94 94 98 103 103 103 107 108 108 112 113 112 106 109 108 111 116 115 117 115 115 116 115 114 114 113 111 112 109 106 104 103 102 102 102 103 106 106 107 106 104 102 100 99 99 99 99 98 97 95 94 94 96 99 100 101 100 100 100 101 101 101 100 101 100 100 98 98
36 47 64 71 72 76 81 85 80 82 87 91 83 47 54 64 56 62 64 63 63 64 65 69 73 78 83 88 92 99 103 104 106 104 107 108 111 112 113 111 105 101 103 107 110 114 116 114 115 117 114 113 113 113 113 111 107 103 102 102 101 101 101 101 102 103 103 104 103 101 100 100 99 98 98 97 97 96 95 96 97 98 99 101 101 101 101 101 101 101 102 101 100 100 99 98
67 67 75 80 75 82 85 88 83 83 91 92 85 59 57 60 62 64 65 64 63 63 63 64 69 76 82 87 92 97 101 103 107 108 110 112 113 114 112 111 112 112 113 112 112 113 114 116 116 116 115 114 114 113 111 107 104 103 102 101 101 101 101 102 103 104 104 105 104 103 101 100 99 98 97 96 98 99 98 98 99 101 102 104 103 104 104 104 104 105 104 103 102 100 101 101
78 80 84 86 79 83 88 91 85 86 94 92 87 73 62 57 62 66 67 67 64 63 62 64 69 74 78 83 87 93 99 100 104 108 113 114 111 111 110 111 110 110 109 110 109 112 114 114 114 112 111 113 113 113 108 104 103 103 102 101 101 101 102 102 104 105 106 107 107 105 104 101 100 98 97 97 98 100 101 102 103 105 104 107 107 108 108 107 106 107 107 107 106 104 103 102
78 81 84 90 90 90 92 93 89 90 96 91 88 75 58 56 62 68 70 68 66 63 61 63 67 71 77 82 87 92 97 102 104 109 116 115 113 109 108 105 104 100 102 109 110 112 107 110 110 105 99 103 106 107 106 104 103 103 102 101 100 101 102 102 103 105 106 109 108 104 106 104 102 101 98 98 101 103 102 102 102 104 106 107 108 108 109 110 110 110 109 108 108 107 106 105
78 87 89 89 87 87 96 92 91 94 98 93 88 79 60 57 66 70 73 71 69 66 63 63 66 71 77 84 90 94 99 101 106 111 115 116 115 112 111 109 108 103 100 104 108 108 107 106 104 101 101 102 103 104 104 104 104 103 102 102 102 101 101 103 104 105 104 105 105 104 104 107 106 109 105 100 99 105 107 103 102 103 104 105 107 109 111 112 112 112 112 110 109 108 107 105
75 88 86 83 81 84 97 97 94 97 100 95 89 70 53 64 70 74 75 74 72 69 65 63 67 70 75 81 87 90 95 101 106 109 111 116 115 114 113 112 107 101 101 103 101 101 100 101 102 102 103 104 105 106 105 105 105 104 103 102 102 101 101 102 102 103 104 104 104 104 103 101 101 102 108 108 105 107 108 108 106 105 106 108 110 112 113 115 115 114 113 112 111 110 109 108
72 86 80 78 78 88 94 99 98 100 100 97 91 71 58 69 74 76 77 76 74 71 66 65 66 70 72 79 85 92 98 102 105 108 111 112 114 114 113 111 110 107 104 105 105 104 103 103 104 105 105 106 107 107 105 105 105 104 103 102 102 101 102 101 102 102 103 104 104 103 103 101 100 99 102 109 108 107 110 111 111 110 110 111 113 114 116 116 117 116 116 115 114 112 112 111
72 75 83 76 89 93 97 99 100 101 101 98 90 55 62 71 75 77 78 78 75 70 67 66 67 72 74 79 86 93 99 103 106 110 112 113 114 114 113 113 113 113 107 106 106 107 106 105 105 106 106 107 109 108 107 107 106 104 103 102 102 102 102 102 102 103 103 104 104 103 102 101 101 99 103 106 110 111 112 113 113 114 114 115 115 116 117 117 117 117 117 116 115 114 112 112
80 89 90 84 89 96 99 101 103 103 101 98 93 69 69 72 75 77 79 79 75 71 70 70 71 72 76 82 87 91 98 103 105 109 111 113 114 114 116 118 118 115 110 111 111 109 108 107 107 107 108 109 110 109 108 108 107 105 104 104 103 103 102 102 103 103 103 104 104 103 103 102 101 101 99 98 100 108 110 111 113 115 116 116 116 117 118 118 118 118 117 116 116 115 113 112
85 90 93 91 92 88 91 102 105 105 102 99 94 86 82 77 74 76 75 75 78 77 75 77 77 74 79 85 90 92 97 102 104 109 112 114 115 115 115 121 123 120 118 117 115 112 111 110 109 109 108 108 108 108 109 108 108 107 107 106 105 105 104 104 104 104 104 104 103 103 103 102 102 101 99 99 99 101 110 111 112 112 113 113 114 116 117 116 116 116 116 115 116 115 114 113
83 88 89 93 98 94 97 103 106 105 101 96 83 86 81 75 76 79 80 79 79 79 78 78 78 78 83 88 92 95 100 102 106 111 113 115 117 118 119 122 124 123 120 117 116 115 115 114 113 112 111 109 109 109 110 110 110 109 109 108 107 107 106 105 105 105 105 104 104 104 104 103 102 101 100 100 101 105 109 111 112 114 115 115 116 116 116 116 117 116 116 116 116 115 115 114
67 78 79 79 96 101 101 106 109 104 100 91 85 84 82 80 81 83 85 83 79 75 77 76 80 83 87 91 95 99 104 107 109 113 118 118 119 120 122 124 125 123 119 115 114 115 116 116 116 116 115 113 112 111 111 112 112 112 112 111 109 108 107 106 106 105 106 106 106 106 105 105 104 102 101 101 102 108 111 112 113 114 115 117 117 117 117 118 118 117 116 116 116 115 114 113
72 70 80 86 95 99 98 105 110 104 98 91 90 92 91 88 85 88 88 85 79 69 73 79 80 84 91 96 100 105 108 112 114 116 121 123 123 124 125 126 125 123 120 117 114 113 114 116 118 118 118 116 115 114 114 114 114 114 114 113 111 110 109 107 107 106 106 107 107 107 107 106 105 103 103 102 103 105 109 112 114 115 116 115 116 116 116 117 117 117 116 116 116 115 114 114
77 75 82 90 87 98 99 107 112 105 97 89 93 98 96 91 87 89 91 89 85 81 81 83 86 90 96 101 106 109 112 115 119 120 122 124 126 126 126 127 125 124 122 120 117 113 115 116 117 117 118 118 117 116 115 115 114 114 113 112 111 111 110 109 108 108 108 108 108 109 109 108 106 104 103 103 103 104 109 112 114 115 114 115 116 116 116 114 115 115 114 115 115 117 116 116
79 80 84 83 63 81 99 105 114 108 100 99 99 102 99 95 89 90 92 93 92 90 88 87 91 96 101 107 112 116 118 120 122 123 124 126 127 126 128 128 127 126 123 120 117 115 116 116 116 116 117 116 116 116 114 114 114 114 113 112 112 112 111 110 110 110 110 110 110 110 110 109 107 106 104 104 104 104 107 111 114 115 115 116 115 116 114 113 115 115 115 115 115 117 117 117
71 76 89 85 66 66 97 108 116 112 105 106 106 106 101 96 89 90 96 98 99 96 92 90 94 98 101 107 114 119 123 124 125 126 125 125 125 127 128 129 128 126 123 120 116 114 115 115 114 115 115 115 114 114 114 114 115 115 115 113 113 113 112 112 111 112 112 112 112 112 111 110 109 107 106 105 106 106 107 109 112 114 115 115 116 114 115 115 116 117 116 116 116 117 118 118
59 60 89 100 89 94 104 107 118 115 110 111 111 107 101 94 86 91 100 104 103 97 86 85 94 100 105 111 117 122 125 127 128 128 128 128 126 127 129 130 127 125 124 120 118 115 115 114 114 114 115 115 116 116 116 116 116 115 115 114 114 115 114 114 114 114 114 114 114 113 113 112 111 110 109 109 108 108 109 112 114 115 115 115 115 115 116 117 116 116 117 118 118 119 119 120
69 62 92 105 108 108 112 114 120 116 113 114 113 108 93 91 91 99 104 107 107 95 87 90 97 102 107 112 118 123 126 127 129 129 129 130 130 130 129 130 127 125 123 122 120 117 115 116 116 116 117 117 118 118 117 116 116 115 115 116 115 116 116 116 117 117 117 117 116 115 114 113 112 112 111 112 112 111 110 112 113 115 114 114 116 117 117 117 117 118 118 117 119 121 121 122
79 70 90 105 113 117 120 121 118 117 117 117 116 111 90 96 102 107 108 110 111 103 74 85 97 102 106 110 118 123 126 128 129 129 129 131 131 130 131 130 126 126 125 123 121 119 117 116 117 118 118 118 118 118 117 117 116 116 116 115 116 116 116 117 118 119 120 119 118 117 116 115 114 114 114 114 115 114 112 112 113 115 115 115 116 118 119 119 119 118 119 120 121 122 123 124
85 64 77 105 116 120 123 121 119 118 118 118 118 112 91 106 112 117 116 115 110 105 93 81 87 77 69 83 108 122 127 130 131 131 131 131 133 132 132 129 126 126 125 124 123 121 118 117 118 118 119 119 119 118 118 117 117 116 116 116 116 116 117 118 119 121 122 121 120 119 118 117 116 116 116 116 117 118 115 116 116 118 118 118 119 120 121 122 121 121 121 122 124 126 128 127
103 82 91 109 117 123 124 120 118 119 119 119 118 108 114 113 121 122 118 112 97 75 86 89 97 100 96 95 110 121 126 130 131 131 130 132 133 132 132 129 127 127 126 125 123 121 119 118 118 119 120 120 120 119 118 118 117 116 117 116 117 117 118 119 120 121 122 121 121 119 119 118 117 117 117 117 119 121 119 119 120 119 120 120 119 120 121 122 122 121 123 125 127 129 131 131
106 109 108 115 122 121 122 121 120 120 119 118 113 110 122 125 125 123 116 101 77 56 71 86 94 98 106 111 113 121 126 130 131 132 131 132 133 133 131 129 128 128 127 125 124 122 120 121 121 120 121 121 120 120 119 118 118 117 117 117 118 118 118 119 120 121 121 121 120 120 119 119 120 120 120 121 122 123 121 122 121 121 120 121 121 121 122 123 124 124 125 128 130 131 133 134
109 117 119 121 125 117 121 122 118 115 112 111 108 110 127 129 129 127 121 111 82 43 73 84 94 99 106 117 120 121 125 129 132 132 132 133 133 133 132 130 129 129 128 126 124 120 120 121 122 121 122 122 122 121 120 119 118 118 118 118 118 119 119 119 120 120 120 120 120 119 119 119 119 122 123 124 124 123 124 124 123 122 122 121 123 123 124 124 124 126 128 129 130 131 133 134
114 120 122 123 126 122 120 120 115 105 99 98 98 122 131 131 131 130 126 111 82 71 78 80 77 91 104 112 118 119 125 128 130 132 132 132 132 132 133 131 130 130 129 127 125 120 121 121 122 122 122 123 122 122 121 120 119 118 119 119 119 119 119 120 120 120 120 120 119 119 119 119 120 122 124 124 125 125 125 125 125 124 124 122 124 124 124 124 126 126 128 130 130 132 133 133
117 122 124 125 127 123 121 119 114 103 93 104 125 132 132 133 133 132 128 113 98 80 73 68 78 89 102 109 115 120 124 127 130 131 132 132 132 133 133 133 131 131 129 128 126 122 122 122 123 123 123 124 123 123 122 121 120 119 120 120 120 120 120 120 120 121 120 120 120 119 120 120 121 121 124 125 125 125 126 126 126 126 126 125 124 125 124 126 126 128 129 131 130 131 132 132
116 123 126 128 125 121 121 120 116 107 101 111 131 133 134 134 134 134 132 123 101 78 70 68 75 89 101 109 115 121 124 128 131 132 132 132 132 133 133 133 132 131 130 129 127 122 122 123 124 124 125 125 125 125 124 123 122 121 122 122 122 122 122 121 121 122 121 121 120 121 121 121 122 122 124 127 127 127 127 127 127 126 126 127 127 127 127 127 127 128 130 132 132 133 133 133
119 124 127 131 119 120 122 122 119 112 104 107 133 135 135 135 135 134 133 126 101 67 61 69 78 89 101 113 119 124 126 128 131 132 132 133 132 133 134 134 132 131 129 128 125 122 123 124 125 125 126 126 127 127 126 125 125 124 124 124 124 124 124 123 123 123 122 122 121 121 122 123 124 127 127 129 129 128 128 127 127 128 128 127 128 129 130 130 130 131 132 133 134 134 134 133
