data/working_set_collections/6091692-Cassins_Sparrow-MC/_mask.asc
NCOLS 265 
NROWS 230 
XLLCORNER -115.583333333333 
YLLCORNER 24.8333333333333 
CELLSIZE 0.0833333333333333 
NODATA_value -9999 
[rows 0 to 43 of 230, columns 96 to 191 of 265]
3 1 1 3 -1 -13 -17 -11 -10 7 14 13 14 14 13 11 10 9 5 4 1 0 -1 -1 -1 0 0 -1 -2 -2 -1 -3 -4 -5 -4 -3 -1 1 2 2 2 4 0 -2 -1 0 6 16 23 24 22 20 18 15 13 11 10 9 8 7 8 8 5 5 5 5 5 4 3 3 1 1 1 0 1 0 1 -1 -2 -3 -5 -8 -10 -12 -14 -14 -14 -15 -16 -17 -18 -19 -20 -20 -21 -23
5 2 1 3 1 -11 -14 -13 3 8 11 13 15 15 14 13 12 10 7 4 3 1 1 1 0 0 0 0 -1 -1 -1 -1 -1 -1 -2 0 1 4 5 6 6 8 4 4 2 -1 7 15 17 27 24 22 20 17 15 12 11 10 11 9 8 7 8 6 6 8 8 8 7 6 5 4 4 3 3 2 2 1 1 -1 -4 -6 -8 -10 -10 -11 -11 -13 -13 -13 -14 -15 -16 -17 -18 -19
8 4 2 4 1 -10 -8 -3 2 11 14 16 16 16 15 15 14 11 9 5 3 3 3 2 1 1 1 1 1 2 2 1 0 1 1 1 3 5 8 9 10 11 11 10 8 6 12 18 23 27 25 23 21 18 16 14 13 11 11 9 8 8 8 9 10 11 11 11 11 10 9 8 7 7 7 6 6 4 2 2 1 -1 -3 -3 -4 -6 -7 -8 -9 -9 -11 -12 -12 -13 -14 -15
11 7 6 5 2 -7 -6 5 8 11 16 18 18 18 17 16 14 13 11 8 4 4 4 3 3 4 4 4 3 3 4 4 3 2 4 4 5 7 9 11 12 13 12 13 14 14 18 20 22 26 25 23 22 19 17 15 14 13 11 9 8 8 9 11 12 13 15 16 15 13 13 12 10 10 9 8 8 6 4 3 2 2 1 0 -1 -1 -2 -3 -4 -5 -6 -7 -7 -8 -9 -10
14 11 7 5 -6 -10 -6 3 10 12 15 17 18 17 17 15 13 12 11 9 7 5 5 5 6 6 6 6 5 4 6 6 6 6 6 7 7 8 9 12 14 15 14 16 17 17 20 21 23 25 25 24 22 20 18 16 14 12 11 9 8 8 9 11 12 11 13 13 13 14 13 12 11 11 9 9 9 7 8 6 5 3 3 0 0 0 -1 -1 -2 -2 -4 -4 -4 -6 -7 -9
11 7 0 -5 -16 -12 -8 0 7 9 14 15 14 16 17 15 12 10 11 9 8 8 8 9 9 9 9 9 7 6 8 9 9 9 10 10 11 10 12 13 15 16 17 18 18 19 20 21 23 24 25 24 22 21 19 16 13 11 9 8 8 8 9 9 10 9 10 10 12 13 12 11 11 12 10 8 9 7 8 7 6 5 3 0 1 2 1 1 0 0 -1 -1 -2 -3 -4 -6
1 -2 -12 -15 -17 -13 -5 2 4 8 12 14 10 15 15 16 14 8 8 10 10 11 11 11 12 12 12 12 12 13 13 13 12 10 11 12 13 13 13 14 16 16 18 18 18 20 20 21 23 24 24 24 23 21 18 15 14 12 11 8 7 7 6 6 9 8 8 10 11 13 11 10 10 12 10 8 9 8 6 6 5 5 4 1 2 2 2 1 1 0 1 1 0 -1 -2 -4
3 -2 -8 -16 -13 -4 0 1 3 6 10 12 12 13 14 16 15 11 7 10 11 11 12 13 14 14 13 14 15 15 14 13 13 13 13 13 14 15 14 15 15 16 17 19 20 20 18 20 22 23 24 23 22 20 17 16 14 12 11 9 7 6 6 5 7 7 5 6 10 10 11 8 9 9 9 6 7 6 7 7 6 4 2 0 0 0 1 2 1 1 1 2 2 1 -1 -1
0 -1 -3 -6 -5 -2 0 2 3 7 10 10 11 12 13 13 14 13 8 9 11 12 14 14 14 16 17 17 16 15 14 15 17 17 17 17 16 16 16 14 14 14 16 17 19 20 19 21 21 22 22 20 19 18 16 16 14 13 11 8 7 6 5 4 4 4 5 5 6 8 9 10 9 7 6 3 3 4 5 5 5 1 1 0 0 0 0 0 0 0 0 1 1 0 -1 -1
-3 -2 -2 -2 -2 -1 0 3 6 7 7 8 9 10 11 12 11 11 9 8 11 13 15 16 17 17 18 18 18 18 18 19 19 19 19 19 17 17 15 15 14 14 16 17 17 18 18 19 19 19 19 19 17 17 16 15 14 13 10 8 7 6 4 5 4 3 4 5 6 6 7 8 8 8 6 3 2 2 3 4 2 1 0 -1 0 1 1 1 0 0 1 0 -1 -1 -1 -2
-5 -5 -4 -4 -3 -1 0 2 3 4 5 7 8 8 9 9 10 9 9 9 12 13 14 16 16 17 18 20 20 20 21 21 21 21 20 20 18 18 17 15 14 15 15 15 15 16 16 16 16 16 17 17 16 15 15 14 13 13 10 9 6 5 5 4 4 4 5 6 7 7 8 8 9 7 6 5 5 5 5 2 1 0 0 -1 0 0 1 2 2 3 2 1 0 -1 -2 -3
-7 -7 -7 -6 -4 -2 -1 1 2 4 5 7 9 9 10 11 12 11 12 11 13 13 16 16 17 19 20 21 21 21 22 21 20 19 21 21 19 18 18 16 15 16 16 16 16 15 15 15 14 15 15 15 14 14 14 13 13 13 10 9 8 6 5 4 3 3 4 5 5 6 7 8 7 6 5 4 4 4 5 4 3 2 1 1 1 1 2 2 3 2 2 2 1 0 -1 -2
-10 -11 -10 -7 -5 -3 -2 -1 -2 2 4 6 8 10 11 13 13 14 16 17 16 17 19 21 21 18 19 20 21 22 20 20 18 18 19 19 18 18 18 17 17 17 17 17 16 16 15 14 14 14 14 14 14 14 14 14 14 13 11 9 8 5 2 1 2 2 3 5 6 7 8 8 8 6 6 5 4 4 5 5 6 5 4 3 2 3 3 3 2 2 1 0 0 -1 -1 -1
-13 -14 -13 -9 -8 -6 -4 -2 0 1 4 5 7 10 12 14 15 17 19 20 21 23 24 25 25 25 22 20 21 21 19 18 15 15 17 15 15 17 16 16 15 14 14 16 17 16 15 14 15 15 15 15 15 14 13 14 14 14 12 10 9 6 3 1 1 2 3 5 6 8 9 9 9 8 8 7 6 6 6 6 6 7 7 6 6 6 6 6 5 3 2 0 -1 -2 -3 -2
-15 -17 -17 -16 -11 -9 -6 -3 -1 0 2 6 8 8 6 6 9 16 17 18 17 21 22 24 25 27 27 24 22 22 19 18 16 14 13 14 14 17 17 16 14 13 11 13 15 16 14 12 15 16 16 16 15 14 14 14 14 13 13 11 9 7 4 2 2 3 4 5 7 8 9 9 8 8 8 8 9 9 9 10 10 10 10 9 8 7 6 6 6 6 5 4 2 -1 -3 -3
-16 -16 -16 -15 -14 -13 -10 -8 -7 -2 2 6 7 2 -6 -11 -3 9 6 4 2 6 10 17 19 25 29 27 26 26 25 23 20 17 15 13 16 20 20 19 17 16 14 11 11 11 11 12 13 16 17 16 16 15 14 14 14 15 15 14 12 9 6 4 3 4 5 6 6 7 7 7 8 8 8 9 9 9 10 11 11 11 11 10 9 8 7 7 6 6 5 4 3 2 1 1
-14 -14 -14 -11 -10 -9 -6 -4 -4 -4 2 6 7 6 0 -9 -7 -5 -3 -6 -1 0 8 13 21 22 28 28 29 30 28 28 25 21 18 14 16 21 22 21 20 18 17 15 13 13 14 14 15 16 16 14 14 13 14 14 15 16 17 16 14 11 8 7 6 5 5 6 6 7 7 7 7 7 8 8 9 10 10 11 12 12 14 13 11 9 8 8 7 7 6 5 4 3 1 0
-14 -13 -12 -10 -7 -5 -3 -3 -4 -1 2 3 4 3 0 -4 -9 -12 -12 -13 -13 -5 0 3 16 23 23 20 25 27 31 32 29 24 22 18 24 26 26 23 22 21 20 18 17 15 15 14 14 14 14 14 15 15 16 17 17 18 18 17 15 12 10 7 6 6 6 6 6 7 7 7 7 7 7 7 8 9 11 11 12 12 14 13 12 10 10 9 9 8 7 7 6 4 3 1
-11 -9 -7 -9 -6 -7 -5 -3 -2 -3 -5 -5 -3 0 -4 -8 -8 -8 -9 -16 -18 -16 -8 -5 4 15 12 17 24 29 33 34 29 28 26 27 31 32 31 29 26 24 22 21 20 19 18 17 17 17 17 18 18 18 19 19 20 20 20 18 15 13 11 8 7 7 6 7 7 8 8 8 8 7 7 8 8 10 11 11 12 12 13 12 11 11 10 10 9 8 7 7 6 4 3 1
-14 -10 -9 -9 -9 -8 -6 -3 -5 -7 -7 -9 -9 -6 -4 -6 -5 -4 -5 -8 -13 -14 -9 -8 -4 3 7 16 22 25 32 36 35 36 30 33 36 35 35 33 29 27 25 24 22 21 19 19 19 19 18 18 18 19 19 20 21 21 20 18 16 14 12 9 8 8 8 8 8 8 8 8 7 7 7 7 8 10 11 12 13 13 12 12 11 11 11 10 9 9 8 7 6 4 3 1
-18 -12 -19 -21 -18 -10 -6 -3 -5 -8 -8 -9 -9 -8 -7 -6 -4 -3 -5 -5 -5 -11 -10 -12 -7 -8 3 13 25 30 35 38 40 42 43 43 40 39 37 37 32 30 29 26 22 21 20 20 19 19 19 19 20 21 21 22 22 22 21 19 18 16 13 11 9 9 9 9 9 9 9 9 8 7 6 6 8 10 11 13 13 13 12 12 12 12 12 11 10 10 9 8 6 5 3 2
-15 -12 -14 -16 -16 -12 -14 -11 -4 -6 -11 -15 -13 -6 -6 -4 -3 -2 -2 -2 -2 -4 -5 -9 -6 -2 4 15 28 35 38 41 39 43 46 47 47 44 41 41 38 35 33 28 25 22 21 21 21 21 22 22 23 23 24 24 25 24 22 21 19 17 14 12 11 10 10 11 12 11 11 10 9 8 8 8 10 12 13 13 13 13 12 12 12 12 12 12 12 11 9 8 7 6 4 4
-16 -11 -11 -11 -12 -13 -13 -11 -7 -9 -10 -16 -13 -7 -6 -6 -3 -1 -1 -1 -2 -1 -1 -2 -1 0 1 14 33 39 42 44 45 46 44 44 45 45 46 44 41 38 36 32 29 26 23 23 23 24 25 25 25 26 27 27 27 25 23 22 20 18 15 14 13 12 12 12 13 13 13 12 11 10 10 10 12 14 15 15 14 13 12 12 12 13 13 14 13 12 10 8 7 6 5 5
-16 -13 -11 -10 -10 -12 -9 -7 -4 -3 -3 -4 -1 -1 -2 -3 -2 -1 -1 0 0 -2 -2 -3 -1 0 2 16 34 39 41 42 44 41 39 43 47 47 46 45 44 41 38 35 32 30 27 25 24 24 25 27 28 28 29 29 28 26 25 22 20 18 17 15 14 13 13 13 15 16 15 13 12 11 11 12 13 15 17 16 15 14 13 13 13 13 13 14 14 12 11 8 7 6 6 5
-14 -13 -12 -13 -8 -13 -9 -6 -4 -3 -2 -2 -1 -1 0 0 0 0 0 0 1 0 0 -1 1 2 8 17 29 35 37 39 42 40 44 49 49 49 48 46 44 42 40 38 35 33 30 29 29 29 27 27 28 28 29 29 29 27 25 23 21 19 18 16 15 15 15 15 15 16 16 14 13 12 12 12 14 15 16 15 14 13 13 13 13 13 13 12 12 11 10 9 7 7 7 6
-14 -13 -15 -14 -10 -9 -6 -5 -3 -2 -1 -1 0 0 1 1 0 0 1 1 3 2 2 2 2 4 12 21 29 32 30 35 39 40 39 43 47 47 47 46 44 42 40 38 35 34 34 34 34 33 33 31 31 30 30 30 29 28 26 24 22 20 18 17 17 16 16 15 16 16 15 14 13 13 13 13 13 14 15 14 14 13 13 13 12 13 12 12 12 11 10 9 8 7 7 8
-15 -13 -14 -13 -9 -7 -5 -4 -3 -2 -1 0 1 2 3 3 2 1 1 2 3 2 2 2 2 4 12 22 23 19 23 33 35 38 38 39 41 44 46 46 44 42 39 36 32 33 35 36 36 37 37 37 36 34 32 30 30 29 27 25 23 21 19 18 18 17 16 16 15 15 15 14 13 13 12 12 13 13 13 13 12 12 12 12 12 12 12 12 12 11 11 9 9 9 8 8
-15 -15 -15 -14 -13 -9 -5 -3 -2 0 1 0 -1 4 5 4 3 2 2 3 2 2 3 3 3 6 8 13 14 19 25 31 35 36 38 38 40 41 43 43 43 39 37 36 33 32 33 34 36 37 38 40 40 40 37 34 30 28 27 26 25 22 21 20 19 18 17 16 15 14 14 13 13 13 13 13 13 12 12 11 12 11 12 11 12 12 12 11 11 10 10 10 9 9 10 9
-17 -18 -19 -14 -12 -10 -7 -3 -2 0 1 -2 -19 1 1 1 1 2 3 3 4 4 4 4 1 -1 3 9 14 23 26 29 32 35 37 39 40 42 42 42 42 40 38 36 35 35 35 36 36 37 37 38 40 41 40 39 36 32 29 27 26 24 23 21 20 19 18 17 15 14 13 13 13 13 13 13 13 12 11 11 11 11 12 12 12 12 12 12 12 11 11 10 11 10 11 11
-18 -20 -20 -15 -10 -8 -6 -4 -1 0 1 -6 -3 -4 -10 -16 -16 -2 2 3 4 3 5 5 1 -2 4 14 19 18 23 28 31 34 36 37 38 40 41 42 42 40 35 35 35 35 36 35 36 36 37 39 39 39 39 38 37 36 34 31 28 26 25 23 22 20 19 17 16 15 13 13 13 13 13 13 13 13 12 11 11 11 11 12 12 13 13 12 11 10 11 11 11 11 10 11
-18 -18 -21 -18 -13 -13 -11 -6 -2 0 1 -5 -17 -19 -24 -35 -32 -17 0 3 4 4 5 6 4 -3 2 9 17 18 23 27 30 33 35 36 38 38 39 38 38 37 35 35 35 35 35 35 35 36 37 36 35 36 35 35 34 34 34 34 33 31 29 26 24 22 20 19 17 16 15 14 14 13 13 13 14 14 13 12 12 12 12 13 13 13 12 12 12 11 10 10 10 12 12 12
-17 -19 -19 -18 -18 -15 -11 -7 -3 -1 1 -1 -8 -24 -37 -45 -35 -22 0 3 4 5 5 6 5 -2 2 8 17 19 22 25 27 30 32 34 35 36 37 38 38 38 37 37 37 37 38 37 37 36 35 35 35 35 34 34 34 34 33 33 33 31 31 30 28 25 23 21 19 18 16 15 15 14 14 15 15 15 14 13 13 13 13 13 13 13 12 12 13 13 13 13 13 12 14 14
-16 -17 -16 -16 -19 -22 -23 -13 -6 -2 0 0 -9 -20 -33 -38 -30 -4 -2 2 3 5 5 7 6 -3 0 7 15 21 22 26 29 32 33 34 36 37 38 39 40 40 39 39 39 39 40 39 38 37 37 36 36 35 35 35 35 35 35 35 33 31 30 28 27 27 26 25 23 20 19 18 17 16 16 16 15 16 15 14 14 14 14 14 14 13 13 12 11 12 13 15 15 15 15 15
-14 -18 -17 -19 -19 -30 -35 -26 -14 -5 -2 -1 -2 -10 -25 -31 -27 -9 -15 3 5 6 7 8 6 -3 0 8 16 23 26 28 31 32 33 35 36 38 40 41 42 43 42 42 40 41 40 40 39 38 38 37 37 37 36 36 37 37 37 36 34 33 31 29 28 26 24 23 22 22 21 21 21 20 19 19 18 18 18 17 17 17 16 16 15 15 14 13 11 12 12 14 15 16 18 17
-14 -16 -15 -17 -19 -21 -30 -35 -25 -16 -18 -10 -5 -8 -18 -23 -23 -23 -7 -1 5 7 7 7 8 3 4 9 16 23 26 30 33 34 34 35 37 39 40 42 42 43 41 40 40 40 39 39 38 38 37 37 37 38 39 39 39 38 38 38 37 35 33 32 30 28 27 26 25 24 23 23 23 22 21 20 19 18 18 18 18 18 19 18 17 16 15 14 13 13 13 13 14 16 18 18
-11 -11 -13 -16 -15 -16 -19 -26 -26 -24 -33 -24 -15 -9 -14 -18 -24 -22 -9 -5 2 5 4 -2 5 7 12 13 17 22 27 31 33 34 34 36 37 40 41 42 42 42 40 39 39 38 38 38 37 37 36 37 37 37 38 39 38 38 37 37 37 36 35 34 33 32 31 29 28 27 26 25 25 23 21 19 18 17 16 16 16 16 16 18 19 19 17 16 15 14 14 14 15 16 17 17
-11 -15 -14 -16 -15 -15 -17 -21 -26 -28 -37 -28 -22 -22 -14 -20 -24 -23 -11 -9 -12 -6 -7 -6 5 14 21 22 26 31 35 37 37 37 37 38 40 41 42 43 42 41 39 38 38 38 38 38 39 39 37 35 35 36 36 37 38 38 39 39 39 39 38 37 34 32 31 30 30 30 29 29 28 25 23 20 18 17 16 16 17 16 16 16 17 18 18 18 16 16 16 16 16 16 16 17
-12 -19 -20 -19 -22 -21 -25 -23 -27 -33 -41 -36 -21 -21 -17 -14 -22 -36 -29 -11 -14 -26 -19 -4 8 18 28 31 33 39 41 41 41 41 42 41 42 42 43 43 42 40 38 39 38 39 40 40 40 40 38 37 36 38 38 39 41 41 41 40 38 36 36 35 35 34 33 33 33 33 33 33 32 28 24 22 19 18 17 18 18 18 18 19 19 18 17 17 17 17 18 18 17 18 17 16
-12 -21 -32 -27 -25 -23 -27 -20 -23 -23 -36 -42 -22 -18 -17 -17 -16 -18 -32 -25 -18 -33 -30 -5 9 18 30 37 40 44 45 44 43 43 43 43 42 43 43 43 43 41 39 40 41 41 40 40 39 38 38 37 37 38 39 40 39 39 37 37 37 37 37 37 37 37 36 36 36 35 35 35 34 31 27 23 20 19 20 19 20 21 21 21 22 21 19 18 17 17 17 18 18 18 18 17
-10 -13 -17 -18 -19 -22 -23 -18 -19 -27 -41 -38 -22 -20 -20 -20 -19 -17 -20 -43 -26 -24 -15 -1 12 24 31 36 43 47 47 46 45 45 45 44 43 43 43 43 43 42 42 41 41 41 41 40 39 37 36 35 36 37 36 35 35 36 37 38 38 38 39 39 38 38 39 38 38 38 38 37 36 33 29 25 23 22 22 23 22 22 24 24 25 24 22 20 19 18 17 17 17 18 18 18
-8 -9 -11 -13 -15 -20 -17 -16 -19 -30 -44 -34 -21 -20 -21 -21 -21 -20 -20 -43 -33 -26 -38 -22 5 6 24 32 44 50 50 48 47 46 45 45 44 44 44 43 42 42 42 41 41 40 39 38 38 37 36 35 35 34 32 32 34 36 38 39 40 40 40 41 41 41 41 41 41 40 40 39 37 34 31 28 26 25 24 25 24 24 25 26 27 27 25 23 21 20 19 19 18 18 17 17
-5 -7 -10 -13 -13 -16 -16 -15 -17 -23 -37 -28 -23 -21 -21 -22 -22 -24 -25 -31 -42 -35 -47 -37 -20 -4 22 38 44 51 51 50 48 47 46 45 45 45 44 44 44 43 42 41 41 40 40 38 38 37 37 36 35 32 30 31 34 37 39 40 42 42 43 43 43 43 43 43 43 43 42 41 39 36 33 30 29 28 28 27 27 26 26 26 27 28 27 25 24 23 22 21 20 19 19 18
-5 -8 -9 -10 -11 -13 -13 -14 -16 -18 -34 -33 -24 -22 -25 -29 -25 -26 -31 -38 -48 -47 -50 -49 -12 18 23 40 50 51 52 50 49 48 46 46 46 46 45 45 45 45 44 42 42 41 40 39 39 39 39 37 35 32 31 33 36 39 41 43 44 45 45 45 45 45 45 45 45 44 43 41 38 35 34 33 32 30 30 29 28 28 28 28 28 28 28 27 26 25 25 24 24 23 21 20
-4 -6 -9 -10 -11 -11 -11 -13 -14 -17 -29 -30 -23 -28 -37 -44 -34 -33 -30 -47 -35 -50 -44 -7 15 22 23 42 52 53 52 51 49 48 47 47 48 48 47 47 47 47 47 45 43 43 42 42 42 41 38 37 35 34 34 36 39 42 44 46 47 47 48 48 48 48 47 47 46 44 43 40 37 35 34 34 34 33 31 31 30 30 30 31 31 31 30 29 28 28 28 28 27 26 25 23
