data/working_set_collections/6091692-Cassins_Sparrow-MC/_mask.asc
NCOLS 265 
NROWS 230 
XLLCORNER -115.583333333333 
YLLCORNER 24.8333333333333 
CELLSIZE 0.0833333333333333 
NODATA_value -9999 
[rows 132 to 175 of 230, columns 0 to 95 of 265]
203 203 202 202 201 199 198 197 195 193 193 195 197 200 197 195 193 190 188 194 198 199 198 197 199 199 199 198 197 195 194 195 194 194 194 192 188 183 180 184 185 188 190 191 191 191 191 192 192 191 189 186 180 173 165 158 157 170 165 147 144 136 130 114 133 142 150 155 156 151 144 132 141 140 149 153 154 141 128 104 108 113 121 135 132 123 113 92 86 89 100 95 78 70 100 114
203 203 203 203 203 202 201 200 199 193 196 198 199 202 199 198 196 195 195 197 200 200 200 201 200 200 199 197 196 195 194 194 194 193 192 191 187 184 179 182 183 186 190 192 193 193 194 194 194 193 190 186 181 172 163 154 150 161 170 158 145 142 143 128 112 132 146 153 155 157 156 154 154 152 135 131 151 147 133 117 122 116 117 132 131 119 109 103 93 89 99 107 99 81 102 115
205 205 204 204 204 204 204 203 203 201 202 205 206 203 203 198 195 198 201 202 202 201 201 200 199 198 198 197 196 195 195 194 192 191 190 188 182 178 176 181 181 177 187 192 193 194 194 195 195 195 189 187 182 175 166 146 152 161 165 165 142 129 137 141 131 129 122 135 140 151 156 158 157 154 145 136 147 149 141 132 131 133 127 129 122 125 109 110 111 110 104 110 114 100 102 115
206 205 205 206 206 206 207 206 205 205 206 209 209 207 201 204 202 203 203 202 201 199 198 200 199 198 197 196 196 195 194 193 192 187 186 186 182 176 170 179 181 179 186 191 193 194 195 195 195 195 186 189 183 176 168 155 155 154 158 169 156 131 122 130 139 130 106 84 71 128 154 156 158 153 148 145 143 148 148 144 136 141 140 128 111 119 115 116 119 117 115 110 118 115 109 117
208 207 207 208 208 210 211 210 208 207 207 210 210 207 202 197 202 202 200 199 199 200 196 196 199 199 195 195 194 192 190 189 190 187 181 182 182 178 170 178 183 183 189 192 193 194 194 195 195 195 193 190 185 177 167 162 156 146 150 162 167 150 119 108 133 138 134 129 99 110 149 153 157 152 146 152 132 143 146 145 144 142 136 127 114 105 109 117 123 124 124 122 124 120 116 122
209 210 210 212 213 214 214 212 210 208 207 208 208 206 202 191 193 199 196 195 197 198 198 196 197 198 197 196 194 192 191 190 189 188 183 177 174 174 176 180 183 185 190 193 190 195 195 195 194 194 194 192 187 177 158 166 163 137 135 155 167 163 136 118 132 138 140 139 130 127 139 149 156 157 153 153 136 141 145 143 142 140 135 128 118 107 112 119 124 128 130 129 128 122 111 126
191 205 213 216 217 218 216 214 211 208 208 208 208 206 204 198 191 195 195 192 194 195 195 196 195 195 195 193 195 190 189 185 186 185 179 175 174 176 173 181 181 184 191 194 192 194 194 192 187 188 193 194 192 185 173 176 163 99 119 148 165 167 150 132 126 131 141 143 140 129 136 147 154 156 157 154 145 135 141 143 143 141 138 132 114 113 119 123 126 129 132 133 131 128 127 130
205 183 206 219 221 221 218 216 213 210 209 209 208 206 204 200 197 191 193 192 187 189 193 192 193 192 194 191 195 191 186 184 182 186 185 178 177 181 178 183 184 186 192 193 185 193 194 191 185 185 192 193 192 190 187 178 136 129 110 142 159 167 159 147 138 118 131 146 146 143 144 149 153 156 157 156 151 138 133 143 144 143 142 139 128 120 125 127 130 131 133 135 135 134 134 134
212 205 200 220 222 221 219 217 214 212 211 210 209 207 204 201 199 195 189 191 187 186 190 191 188 192 192 193 194 194 185 185 184 187 184 182 182 185 186 185 185 188 191 193 192 192 192 193 191 188 192 192 187 180 190 188 186 182 167 154 146 157 165 156 143 135 130 145 150 148 141 140 147 155 156 156 155 148 139 143 145 140 139 143 140 135 132 132 134 134 136 137 137 137 138 139
214 206 207 220 221 221 219 217 215 213 212 210 209 207 205 201 200 197 194 189 189 187 188 191 191 190 192 193 193 193 189 186 190 189 186 184 184 187 188 186 180 183 189 190 189 188 190 191 191 187 185 191 190 183 185 189 187 185 174 133 106 144 155 162 145 144 143 150 152 152 147 123 121 145 151 153 155 153 146 142 145 140 134 141 142 140 138 137 138 138 139 140 140 140 140 138
214 216 215 211 220 220 219 217 216 214 212 210 209 207 204 202 199 199 197 193 190 190 186 190 192 193 193 192 192 193 193 187 191 189 182 183 185 189 190 188 182 180 189 187 179 171 185 186 187 185 184 189 189 187 186 186 182 180 175 167 127 144 152 163 148 138 143 150 154 153 150 144 139 135 129 137 150 152 149 140 144 138 131 138 142 142 141 140 139 140 142 142 142 143 142 129
210 215 216 204 219 219 218 217 216 214 212 210 209 207 205 203 202 200 198 196 194 193 191 191 191 192 193 193 190 189 192 190 190 190 175 183 187 190 192 191 188 186 190 186 174 174 181 178 174 182 186 184 178 177 181 184 182 178 173 167 155 154 163 165 157 145 145 149 155 154 152 149 145 140 125 115 141 147 150 141 144 140 136 140 140 139 141 138 135 137 140 143 145 146 145 133
205 213 217 218 218 219 218 217 216 214 212 210 208 206 204 203 202 199 198 196 194 194 192 191 188 189 192 193 193 193 194 194 192 194 191 185 189 190 194 193 193 193 192 189 184 183 178 148 158 177 183 171 156 164 175 183 181 173 164 162 162 155 155 165 161 154 140 138 153 155 153 151 146 137 121 106 125 141 148 142 142 142 140 143 142 137 140 138 134 133 136 142 146 146 147 149
193 206 216 217 218 217 217 217 216 214 213 210 206 205 204 202 201 200 199 197 195 194 194 190 185 186 190 193 193 193 192 194 196 197 197 193 193 189 195 194 194 194 193 191 187 186 178 157 163 178 180 165 142 162 175 182 174 156 146 148 153 140 140 159 165 156 145 129 148 153 155 152 147 136 114 86 110 129 149 133 134 140 135 143 142 132 142 138 139 139 137 143 147 144 144 152
189 188 213 216 213 212 216 216 214 212 212 211 205 203 204 203 201 200 199 198 196 195 194 189 176 179 190 193 194 193 192 190 191 193 196 195 192 194 196 195 194 194 193 192 190 187 181 157 151 176 178 170 164 170 179 177 162 138 139 148 147 129 141 159 164 159 152 142 139 151 157 153 146 134 112 97 108 133 148 127 134 139 135 142 145 138 144 140 138 143 144 144 150 149 151 154
181 179 201 211 211 210 216 215 214 -9999 212 -9999 -9999 204 202 203 201 200 199 198 197 195 193 191 185 184 191 193 193 193 194 194 191 183 192 195 195 194 196 195 192 191 190 189 191 189 182 154 164 175 174 167 169 175 179 161 115 124 140 145 144 141 151 158 163 159 154 150 147 154 160 157 137 137 121 120 132 146 143 121 133 137 130 137 145 146 144 145 143 147 136 144 151 151 152 154
167 179 190 202 203 200 216 215 214 -9999 -9999 -9999 -9999 -9999 203 202 201 199 198 198 196 194 193 190 188 189 191 192 193 191 193 194 193 189 191 191 193 194 194 194 190 186 186 185 185 189 184 161 169 173 167 166 168 163 177 160 136 139 146 139 144 148 153 157 162 162 156 154 155 160 162 159 145 142 128 138 144 145 136 127 134 127 125 134 145 146 128 144 151 152 142 139 151 151 152 154
137 173 182 190 197 209 216 215 214 -9999 -9999 -9999 -9999 -9999 -9999 -9999 201 200 198 -9999 -9999 -9999 192 190 188 188 190 192 192 191 192 195 194 193 192 189 189 190 191 192 190 182 179 181 179 187 185 167 169 167 161 164 159 151 171 158 153 153 150 140 139 136 135 152 159 163 157 141 148 162 164 161 155 145 139 148 149 139 126 131 135 114 120 133 146 147 140 141 151 153 153 152 149 155 156 156
141 162 176 186 195 208 214 216 214 -9999 -9999 -9999 -9999 -9999 -9999 -9999 -9999 -9999 -9999 -9999 -9999 -9999 188 189 188 188 189 191 191 192 194 195 195 194 192 192 185 186 186 188 190 185 180 180 184 187 185 178 172 168 162 156 155 151 164 165 160 148 139 142 141 133 116 136 157 162 154 129 142 161 165 165 161 152 153 156 156 148 131 131 137 129 132 141 147 145 134 143 150 153 154 154 148 147 156 157
147 157 176 176 196 204 212 216 215 -9999 -9999 -9999 -9999 -9999 -9999 -9999 -9999 -9999 -9999 -9999 -9999 -9999 -9999 187 186 187 188 191 191 191 194 195 196 196 195 194 190 187 183 183 189 190 188 185 184 183 183 182 179 172 170 170 163 150 156 161 162 155 133 147 146 141 135 119 152 162 160 153 152 157 165 166 164 155 158 164 162 155 146 135 139 135 135 141 146 144 139 143 149 153 154 154 152 149 152 156
152 168 188 183 190 187 207 215 215 -9999 -9999 -9999 -9999 -9999 -9999 -9999 -9999 -9999 -9999 -9999 -9999 -9999 -9999 -9999 -9999 186 189 192 193 193 194 195 196 197 197 195 192 190 189 186 190 193 192 179 180 184 186 185 180 174 179 179 168 155 149 156 158 162 143 149 146 143 148 149 158 158 147 149 156 157 161 166 167 157 158 168 166 160 151 143 139 121 130 144 148 144 141 144 147 152 154 154 152 148 148 150
132 171 196 196 189 185 204 213 215 -9999 -9999 -9999 -9999 -9999 -9999 -9999 -9999 -9999 -9999 -9999 -9999 -9999 -9999 -9999 -9999 -9999 -9999 -9999 -9999 -9999 197 196 197 198 199 196 190 193 194 191 194 190 194 182 183 190 190 187 182 172 182 183 172 161 158 160 150 153 159 152 144 146 152 156 160 156 148 144 152 154 156 160 170 157 161 172 170 161 144 143 129 114 133 145 150 148 144 148 150 152 154 155 153 146 146 152
118 134 192 198 185 185 203 211 215 -9999 -9999 -9999 -9999 -9999 -9999 -9999 -9999 -9999 -9999 -9999 -9999 -9999 -9999 -9999 -9999 -9999 -9999 -9999 -9999 -9999 199 199 198 200 199 198 193 193 197 198 198 194 194 197 196 194 189 178 184 180 190 183 174 162 151 166 161 144 162 159 141 153 149 154 158 156 151 149 155 162 166 169 168 174 175 178 174 163 136 134 123 125 140 139 148 151 145 150 152 153 155 155 155 149 141 152
102 101 145 184 198 185 193 199 213 -9999 -9999 -9999 -9999 -9999 -9999 -9999 -9999 -9999 -9999 -9999 -9999 -9999 -9999 -9999 -9999 -9999 -9999 -9999 -9999 -9999 199 200 200 201 201 199 197 194 198 197 194 197 198 198 198 197 192 174 182 193 196 186 179 168 153 154 175 142 154 169 166 158 133 149 156 154 146 136 142 149 162 170 171 174 167 181 177 159 128 120 121 136 150 148 145 152 149 152 153 154 155 156 156 153 142 137
101 97 105 156 196 192 186 186 209 215 -9999 -9999 -9999 -9999 -9999 -9999 -9999 -9999 -9999 -9999 -9999 -9999 -9999 -9999 -9999 -9999 -9999 -9999 -9999 -9999 200 201 202 202 202 201 200 198 200 196 184 194 197 200 201 201 200 197 198 201 200 191 188 187 169 169 182 161 148 176 165 158 134 148 155 158 144 121 150 160 162 172 177 168 161 184 180 154 125 133 137 152 154 153 153 152 152 152 150 150 148 148 152 147 147 146
121 112 109 156 195 199 193 200 210 214 -9999 -9999 -9999 -9999 -9999 -9999 -9999 -9999 -9999 -9999 -9999 -9999 -9999 -9999 -9999 -9999 -9999 -9999 -9999 -9999 201 202 203 203 204 203 203 202 202 199 197 193 193 199 204 205 205 206 206 204 199 196 195 195 176 177 193 179 172 184 154 158 163 162 153 166 162 141 140 163 168 173 172 160 171 180 187 172 146 151 142 151 154 153 152 152 152 152 152 153 148 148 149 131 138 145
159 133 118 133 180 202 195 204 209 213 -9999 -9999 -9999 -9999 -9999 -9999 -9999 -9999 -9999 -9999 -9999 -9999 -9999 -9999 -9999 -9999 -9999 -9999 -9999 -9999 202 202 203 204 204 204 204 204 204 203 202 203 203 202 204 207 208 208 202 202 201 196 197 199 182 185 204 198 185 170 144 158 174 170 155 165 173 170 157 157 166 173 170 160 171 185 183 180 173 155 136 151 152 150 151 150 150 150 148 150 151 154 152 139 134 147
164 151 128 131 168 202 198 192 203 212 216 215.5 -9999 -9999 -9999 -9999 -9999 -9999 -9999 -9999 -9999 -9999 -9999 -9999 -9999 -9999 -9999 -9999 -9999 -9999 203 204 204 205 203 199 201 205 205 205 205 205 205 205 206 208 207 204 200 199 202 192 193 200 195 197 201 179 174 166 155 153 172 180 168 164 178 182 166 154 168 173 167 171 188 184 145 159 182 158 132 147 136 140 144 143 147 148 141 144 152 155 155 152 147 150
179 169 146 143 167 194 196 184 199 208 215 213 -9999 -9999 -9999 -9999 -9999 -9999 -9999 -9999 -9999 -9999 -9999 -9999 -9999 -9999 -9999 -9999 -9999 -9999 206 205 206 206 203 196 195 205 206 206 205 203 203 203 205 204 208 207 204 203 203 196 197 199 200 202 202 177 174 181 167 152 170 182 179 169 177 185 179 158 163 169 166 178 195 179 135 143 174 174 139 144 133 126 132 139 137 144 147 149 154 156 155 152 138 140
183 176 175 163 151 179 193 187 206 205 211 212.5 -9999 -9999 -9999 -9999 -9999 -9999 -9999 -9999 -9999 -9999 -9999 -9999 -9999 -9999 -9999 -9999 -9999 -9999 -9999 207 207 208 207 204 203 203 205 206 205 205 204 198 203 206 208 209 206 205 203 201 200 198 198 193 199 186 185 185 178 167 169 176 187 181 183 185 176 155 154 163 152 168 196 163 146 133 152 182 171 156 135 111 120 137 120 129 145 148 149 157 156 149 131 141
193 189 180 175 160 160 179 196 209 206 214 210 -9999 -9999 -9999 -9999 -9999 -9999 -9999 -9999 -9999 -9999 -9999 -9999 -9999 -9999 -9999 -9999 -9999 -9999 -9999 -9999 209 208 209 208 207 203 201 205 205 205 203 195 201 205 206 208 208 205 204 204 201 198 199 197 187 182 194 181 185 173 153 179 187 188 191 185 178 171 166 160 163 179 195 168 174 133 153 180 170 156 149 130 121 130 109 118 131 139 145 156 158 152 144 154
191 190 186 184 172 162 168 183 199 205 206 205.5 -9999 -9999 -9999 -9999 -9999 -9999 -9999 -9999 -9999 -9999 -9999 -9999 -9999 -9999 -9999 -9999 -9999 -9999 -9999 -9999 -9999 207 209 209 207 205 195 202 204 202 203 199 201 203 204 206 206 206 206 205 204 201 201 199 185 186 198 191 191 175 165 178 194 193 189 181 182 179 170 161 170 185 193 182 167 138 156 179 170 157 143 117 121 124 112 123 133 140 144 153 157 154 154 161
197 199 199 191 191 185 177 177 189 201 205 207 -9999 -9999 -9999 -9999 -9999 -9999 -9999 -9999 -9999 -9999 -9999 -9999 -9999 -9999 -9999 -9999 -9999 -9999 -9999 -9999 -9999 208 206 205 203 202 200 196 204 201 202 199 200 200 194 198 201 201 200 202 205 204 201 200 195 183 198 191 189 178 166 188 197 178 170 176 180 185 178 170 158 186 200 193 157 155 155 179 173 155 141 125 118 115 116 124 130 135 145 147 151 150 158 164
208 209 207 200 199 194 188 182 185 194 209 220 -9999 -9999 -9999 -9999 -9999 -9999 -9999 -9999 -9999 -9999 -9999 -9999 -9999 -9999 -9999 -9999 -9999 -9999 -9999 -9999 -9999 206 203 195 194 193 197 201 203 202 199 199 199 196 186 191 196 195 195 200 205 205 198 203 198 195 202 197 182 181 187 198 198 167 174 179 183 194 187 175 158 171 194 204 179 161 169 178 163 150 134 115 115 115 117 125 115 128 144 142 144 143 161 164
214 209 208 203 200 193 193 191 190 198 209 220 -9999 -9999 -9999 -9999 -9999 -9999 -9999 -9999 -9999 -9999 -9999 -9999 -9999 -9999 -9999 -9999 -9999 -9999 -9999 -9999 -9999 209.5 209 201 197 196 198 200 199 199 194 196 198 195 187 186 192 190 188 200 206 206 207 208 203 198 201 193 173 180 188 202 202 182 186 189 189 200 192 172 173 175 197 207 183 161 170 165 134 156 131 128 127 123 115 122 115 122 141 131 137 140 161 165
213 208 204 201 201 201 200 197 194 196 204 215 -9999 -9999 -9999 -9999 -9999 -9999 -9999 -9999 -9999 -9999 -9999 -9999 -9999 -9999 -9999 -9999 -9999 -9999 -9999 -9999 -9999 212.5 210 207 198 199 196 199 197 197 195 197 198 195 191 185 192 194 194 202 205 206 212 211 206 197 203 202 178 177 193 205 208 190 180 195 195 205 196 173 168 198 206 206 190 168 164 159 136 154 135 141 136 127 119 121 117 115 138 130 125 146 161 165
217 217 208 204 205 203 202 200 197 191 189 197 215 -9999 -9999 -9999 -9999 -9999 -9999 -9999 -9999 -9999 -9999 -9999 -9999 -9999 -9999 -9999 -9999 -9999 -9999 -9999 -9999 -9999 215 214 210 206 201 201 198 198 200 199 198 197 192 192 194 200 202 205 205 208 215 216 211 201 199 211 200 183 201 208 212 199 174 189 200 206 208 199 159 190 208 214 187 189 177 163 137 133 150 147 126 116 117 113 110 115 134 132 119 132 147 165
221 218 212 206 203 201 199 198 195 190 184 184 210 220 222 -9999 -9999 -9999 -9999 -9999 -9999 -9999 -9999 -9999 -9999 -9999 -9999 -9999 -9999 -9999 -9999 -9999 -9999 -9999 -9999 217 215 211 207 203 202 203 203 197 193 194 198 196 199 204 202 205 206 208 216 222 217 211 201 214 209 190 186 203 213 201 175 180 199 208 211 212 187 185 201 210 183 204 153 159 162 128 141 153 138 118 113 108 106 122 136 131 126 125 127 150
220 219 211 207 208 209 198 199 201 196 192 187 199 216 222 211 -9999 -9999 -9999 -9999 -9999 -9999 -9999 -9999 -9999 -9999 -9999 -9999 -9999 -9999 -9999 -9999 -9999 -9999 -9999 -9999 211 214 212 208 208 209 208 200 193 195 202 204 206 205 202 206 211 212 219 226 225 219 212 214 216 208 178 192 215 208 193 182 198 197 212 217 210 196 187 214 194 206 181 170 172 131 136 139 144 128 119 112 110 125 130 135 131 128 127 126
220 208 209 213 216 212 204 202 208 204 197 189 191 212 219 211 208 215 -9999 -9999 -9999 -9999 -9999 -9999 -9999 -9999 -9999 -9999 -9999 -9999 -9999 -9999 -9999 -9999 -9999 -9999 218 214 218 216 215 215 215 212 207 204 201 208 213 212 211 212 216 219 224 230 229 224 221 216 223 214 206 193 208 215 204 189 197 191 209 220 215 202 204 215 209 198 192 199 183 145 139 130 136 121 125 122 118 118 120 127 130 136 133 125
-9999 215 211 211 221 213 209 208 204 203 195 187 181 190 206 204 212 215 -9999 -9999 -9999 -9999 -9999 -9999 -9999 -9999 -9999 -9999 -9999 -9999 -9999 -9999 -9999 -9999 -9999 -9999 -9999 213 220 220 220 220 220 220 218 215 212 211 216 218 217 219 221 223 226 231 232 229 225 220 225 222 219 195 206 219 206 201 206 202 211 222 217 215 198 196 209 195 198 200 184 179 167 149 132 125 124 123 126 121 116 117 127 134 137 122
-9999 -9999 -9999 221 224 220 216 213 208 209 201 186 186 183 198 205 212 213 207 209 217 -9999 -9999 -9999 219 -9999 -9999 -9999 -9999 -9999 -9999 -9999 -9999 -9999 -9999 -9999 -9999 225 223 216 219 219 219 221 223 224 223 222 222 223 221 223 224 224 227 232 232 231 230 227 226 228 228 213 212 223 207 197 211 211 209 224 223 218 200 205 217 207 208 199 195 187 179 165 132 123 120 131 132 120 117 121 124 130 134 123
-9999 -9999 -9999 -9999 224 225 221 216 219 212 208 196 189 188 189 196 211 197 197 209 217 -9999 -9999 -9999 205 206 214 -9999 -9999 -9999 -9999 -9999 -9999 -9999 -9999 -9999 -9999 226.5 227 222 218 218 215 220 225 226 227 226 226 226 226 224 225 222 222 231 233 231 231 226 228 233 234 230 223 214 214 208 219 217 208 228 226 211 203 221 212 215 213 205 206 200 179 160 144 138 134 150 122 122 128 127 131 134 133 128
-9999 -9999 -9999 -9999 -9999 -9999 -9999 224 222 214 211 200 193 193 193 192 201 178 178 202 203 209 -9999 -9999 214 199 214 221 -9999 -9999 -9999 -9999 -9999 -9999 -9999 -9999 -9999 -9999 226 228 216 221 223 223 226 228 229 229 229 229 228 226 228 225 221 229 233 232 230 230 231 236 235 225 215 207 216 217 225 233 227 226 220 203 196 219 218 207 212 214 205 200 176 161 171 163 159 149 120 125 130 134 136 137 135 129
