resources/Exp000_Example-Run/Run01_M2/TimeSeries/2000/model/2000_biasfile.asc
NCOLS 265 
NROWS 230 
XLLCORNER -115.5625 
YLLCORNER 24.8333333333333 
CELLSIZE 0.0833333333333333 
NODATA_value -9999 
[rows 126 to 143 of 230, columns 168 to 209 of 265]
0.00842190250737779 0.00839374283393984 0.00836102763725658 0.00832386249176505 0.00828234405647552 0.00823615950414613 0.00818542680198255 0.00813058786049531 0.00807168774196449 0.00800876115941235 0.00794183303813828 0.00787091922068758 0.00779591389970267 0.00771629990456496 0.00763269707504969 0.0075450942356027 0.00745347942261238 0.00735784147093267 0.00725817162260512 0.00715446515173649 0.00704612994765746 0.00693362257374008 0.00681712799923726 0.00669668711191503 0.0065723546630259 0.00644420037846564 0.00631230996182016 0.00617650782814389 0.00603687431182552 0.00589394911369291 0.00574790599928335 0.00559893723313295 0.00544725326216376 0.00529308225551646 0.00513664475760365 0.00497796546282965 0.00481772159916546 0.00465621407686511 0.00449375434519863 0.00433066279714871 0.00416726710356228 0.00400390048164007
0.00853876374316458 0.00851274963130483 0.00848212919565024 0.00844699799101304 0.00840744252344503 0.0083631306615265 0.00831416722360971 0.0082609917088501 0.00820363958999497 0.00814213635419665 0.00807649813402004 0.00800673247907466 0.00793272134587189 0.00785391840594142 0.00777096140853708 0.00768383421724967 0.0075925207232946 0.00749700645374395 0.00739728019630523 0.00729333563460418 0.00718455312339105 0.00707140981303982 0.00695409947538153 0.00683266551059078 0.00670716594383463 0.00657767450061992 0.00644428157079979 0.0063068047037927 0.00616532845784533 0.00602041634302054 0.00587224941683073 0.00572102760048123 0.00556696931192709 0.00541031095611483 0.00525128031415368 0.00508989778094614 0.00492686749777966 0.00476249917377508 0.0045971130361623 0.00443103820222527 0.00426461098289086 0.00409817312283158
0.00864936629441486 0.00862563476999657 0.00859725999115588 0.00856432715049727 0.00852691222100774 0.0084846645095644 0.00843767498972184 0.0083863790773411 0.00833080209638926 0.00827095971220467 0.0082068586318963 0.00813849744261443 0.00806574536943768 0.00798802693035834 0.00790599565733308 0.00781962960918358 0.00772890765580047 0.00763381110994549 0.00753432537024656 0.00743044156934681 0.00732151147264704 0.00720803144602982 0.00709020300986452 0.00696807104765981 0.00684169582980186 0.00671115405814322 0.00657653979618386 0.00643766209485838 0.00629460825461471 0.00614796539766714 0.00599792100230122 0.00584468182225733 0.00568847347445836 0.00552953988444038 0.00536811524129998 0.00520421276805744 0.00503856529041265 0.00487149094165941 0.00470331843105725 0.00453438538427576 0.004365036617211 0.00419562234802955
0.00875351307460901 0.00873219355630261 0.00870620803078744 0.0086756310682018 0.00864052781114677 0.00860052989346891 0.00855571385292571 0.0085065093757114 0.00845293115077972 0.00839498449417707 0.008332666118014 0.00826596503463281 0.00819473732457193 0.00811837855163699 0.00803755576287339 0.00795224038643894 0.00786240540326202 0.00776802700404409 0.00766908625247221 0.00756557074861096 0.00745680273699963 0.00734329624900103 0.00722525939814269 0.00710273745504763 0.00697579183142305 0.00684450109956049 0.00670896189458349 0.00656897307592111 0.00642462308030624 0.00627652227787987 0.00612486358742302 0.00596985966105222 0.00581174243256378 0.0056507625237691 0.00548715959119733 0.00532093662813536 0.00515285685915775 0.00498324637639239 0.0048124419908522 0.00464078954319306 0.00446864214904928 0.00429635838378462
0.00885108443090523 0.00883229725918893 0.00880883570744406 0.0087807635505269 0.00874813489124786 0.00871056472242164 0.00866811466729178 0.00862120707484493 0.00856984559093066 0.00851402472843696 0.00845373070328616 0.00838894240305419 0.00831950243681264 0.00824477780952306 0.00816544668856045 0.00808147306918636 0.00799282319001302 0.00789946721661171 0.00780138092678932 0.00769854739151579 0.00759025853347881 0.00747704432941166 0.00735911823596292 0.00723652475419863 0.00710932526478298 0.00697759902865005 0.00684144406785701 0.00670064730829237 0.00655529660291881 0.00640602503967013 0.00625302989453401 0.00609652867961311 0.00593675865893666 0.00577397622231329 0.00560842544728564 0.00544009587458089 0.00526978277324798 0.00509781964115494 0.00492455092879148 0.00475033032270447 0.00457551896413452 0.00440048360767066
0.00894203520884679 0.00892589051121901 0.00890507753899388 0.00887964918907396 0.00884964840567797 0.00881467470976414 0.00877477444775352 0.00873036107414963 0.00868142686461836 0.0086279551516229 0.00856992122519942 0.00850729336390919 0.00843990046619671 0.00836708156556818 0.00828952344370291 0.00820718188906531 0.0081200155639026 0.00802798771565113 0.00793106788597637 0.00782923361144804 0.00772174582601352 0.00760914857367584 0.00749165931809663 0.00736932058141957 0.00724219248043383 0.00711035371522663 0.00697390243578249 0.00683261185507068 0.00668656742038617 0.00653642424664921 0.00638238278896833 0.00622466428479787 0.00606351024491182 0.00589918180222573 0.00573192631119759 0.00556171649540427 0.00538938123530876 0.00521526079848862 0.00503970673479428 0.00486308013534911 0.00468574982673857 0.00450809050518011
0.0090259544662201 0.00901255725231534 0.00899451330929827 0.00897186467045181 0.00894464309765992 0.008912434031998 0.00887526828954003 0.00883354883695987 0.00878725632330844 0.00873636258590076 0.00868083161274261 0.00862062063284863 0.0085555446773849 0.00848491564245956 0.00840942614516861 0.00832902297785835 0.00824365636335208 0.00815328169520554 0.0080578612721703 0.00795736602089242 0.00785102532681547 0.00773939513659337 0.00762269540996363 0.00750096535031511 0.00737426243738945 0.00724266341173854 0.00710626513530062 0.00696482518136793 0.00681842454903873 0.00666773947184318 0.00651297223163703 0.00635434648335987 0.00619210673024573 0.00602651765642237 0.00585782857391736 0.00568599166864344 0.00551187100674017 0.0053358128607303 0.00515817522228072 0.00497932604039535 0.00479964139405371 0.00461950360405541
0.00910308867570829 0.00909252900669258 0.00907735917293372 0.00905761045791797 0.00903330351806743 0.00900401120906476 0.00896974869798115 0.00893090697803497 0.00888745491052201 0.00883935261494039 0.00878655248934528 0.00872900035649508 0.00866649732109226 0.00859832915049505 0.00852519149057831 0.00844702140282335 0.00836375985495193 0.00827535349086875 0.00818175639204226 0.00808293182438439 0.00797807722246241 0.00786775817477982 0.00775219558447444 0.00763142398412883 0.0075054968241437 0.00737448746115293 0.00723849002117383 0.00709724453439408 0.00695082546923349 0.00679992913160756 0.00664475822305631 0.00648553745058839 0.0063225129957735 0.00615595184049979 0.00598610387656228 0.00581289700573295 0.00563723192123652 0.00545946007465476 0.00527994518259877 0.00509906144814107 0.00491719171518748 0.00473472556051172
0.00917391264541507 0.0091662647963802 0.00915405746887869 0.0091373113906524 0.00911603627171503 0.00908979390911536 0.00905858381941489 0.00902278368013648 0.00898235048860421 0.00893723250805204 0.00888737034184807 0.00883269813160951 0.00877300307855324 0.00870754593685704 0.0086370226520125 0.0085613598905957 0.00848048861719999 0.00839434589472062 0.00830287667397864 0.00820603556678481 0.00810298779699455 0.00799430633613561 0.00788021149930989 0.00776073183446577 0.00763591540445912 0.00750583078755819 0.0073705679517588 0.00722984756791126 0.00708373553337712 0.00693294710544013 0.00677768400424342 0.00661817062563817 0.00645465351391486 0.00628740069022155 0.00611666125028207 0.00594233517885598 0.00576536107769133 0.00558609473148528 0.00540490484238981 0.00522217123892114 0.00503828301554407 0.00485363660761045
0.00923864202634407 0.00923396964573723 0.00922480229244351 0.00921115040572466 0.00919301298164751 0.00916994235985798 0.00914192250137228 0.00910931650179624 0.009072069485218 0.0090301177843798 0.00898339006433715 0.00893180856832635 0.00887514668388891 0.00881264138750877 0.00874498617347219 0.00867209668546953 0.00859389316790264 0.0085103022970626 0.00842125900024905 0.00832670825697917 0.00822578292596491 0.00811906103512618 0.00800676074999998 0.0078889033102229 0.00776553001844946 0.00763670326131557 0.00750250740376884 0.00736264195510005 0.00721716217258329 0.0070668010502181 0.00691175788783776 0.00675225536723834 0.0065885390386853 0.00642087666187513 0.00624951512043425 0.00607432282932326 0.00589627749194377 0.00571573833852356 0.00553307827695897 0.00534868209371855 0.00516294458237881 0.00497626860441948
0.00929753535450743 0.0092958924306607 0.00928983247800638 0.00927935597767858 0.00926445150745881 0.00924466360331238 0.0092199608493942 0.00919069056977202 0.00915678606404912 0.00911817171616244 0.00907476416277699 0.00902647358244082 0.00897305969488477 0.0089137370260683 0.00884919387120457 0.00877933425812621 0.00870406702528367 0.00862330768429969 0.00853698026978815 0.00844501917064048 0.00834652481502766 0.00824207792117677 0.00813189292993998 0.00801598245054495 0.00789437965093244 0.00776713930768641 0.00763433872938265 0.00749565448681089 0.00735112911988807 0.00720151207578589 0.00704699877452495 0.0068878087585741 0.00672418520350173 0.00655639428159789 0.00638467922569599 0.00620887323949842 0.00602999423843543 0.00584840398271645 0.00566447877841456 0.00547860767507782 0.00529119058714163 0.00510263634371084
0.00935088606026336 0.00935231825125899 0.00934942434200051 0.00934219523693258 0.0093306094423272 0.00931420537272867 0.00929293648262693 0.0092671332102433 0.00923671712681595 0.0092016006951282 0.00916168847779258 0.00911687846509589 0.00906691689835028 0.00901099724040224 0.00894979986772993 0.00888321663232288 0.00881114431171457 0.00873348650336839 0.00865015550637948 0.00856107418475721 0.00846531054040471 0.00836344560641879 0.00825568852746909 0.00814204197342717 0.00802252961400178 0.00789719720618085 0.007766113555643 0.00762893055362464 0.00748567595810044 0.00733711434423003 0.00718343579022945 0.00702485526980259 0.00686161219738433 0.00669396982462132 0.0065221662906204 0.00634599598889497 0.00616651808279098 0.0059840959336988 0.00579910842416973 0.00561194815705447 0.00542301957382497 0.0052327369965818
0.00939901414078491 0.00940356043062489 0.00940388401558225 0.00939996664236391 0.00939177712997127 0.00937884945689928 0.00936112224642456 0.00933890800892174 0.00931211671868086 0.00928064897962566 0.00924439726862115 0.00920324729740093 0.00915693204781405 0.00910462533330175 0.00904699694560418 0.0089839260309684 0.00891529668053907 0.00884099985704381 0.00876093530956886 0.00867501347075902 0.00858226996830528 0.00848328379663232 0.00837825725394463 0.00826718178645865 0.00815007022599173 0.00802695792339359 0.00789790375699165 0.00776253324308856 0.00762085732686344 0.0074736543738118 0.00732110767446809 0.00716342621893028 0.00700084428705919 0.00683362088793832 0.00666198763876207 0.00648569659707071 0.00630584914625851 0.00612280932230036 0.00593695776278232 0.00574868991239862 0.00555841414223905 0.00536654978729495
0.00944183190644918 0.00944952951182167 0.00945312075831435 0.00945257871875225 0.0094478629705972 0.0094385048698434 0.00942442857169602 0.0094059275988417 0.00938290049737478 0.00935523610572169 0.00932281482778899 0.00928551002408001 0.00924304167227491 0.00919456546830736 0.00914073779881253 0.00908142455562077 0.00901649649168134 0.00894583118062767 0.00886931496597736 0.00878684489437581 0.00869742430228836 0.00860162763761708 0.00849964870400371 0.00839146636272097 0.0082770811867342 0.00815651664918085 0.00802982018842791 0.00789658915671664 0.00775681553150289 0.00761129002963087 0.00746018761543806 0.00730370978931411 0.0071420842338872 0.00697556430723507 0.00680437358440571 0.00662821805466664 0.00644824232581439 0.0062648101177876 0.00607830294396185 0.00588911832817802 0.00569766792934806 0.00550437557798369
0.00948008633664107 0.00949096751822251 0.00949787006112983 0.00950075882042898 0.00949958455240106 0.00949387762096427 0.00948354806197447 0.00946886949003581 0.00944972918688412 0.00942600432016665 0.00939756324188388 0.00936426690442219 0.00932582251496938 0.0092813690222541 0.00923154689761111 0.00917620829062013 0.00911521003538292 0.00904841564362628 0.00897569728966633 0.00889693778172313 0.00881110823606204 0.00871877631648844 0.00862012586106188 0.00851512193063634 0.00840375157079594 0.00828602506350241 0.00816197705733742 0.00803117514285389 0.00789359040721086 0.00775002463731091 0.00760064309955851 0.00744563846198151 0.00728523050620815 0.00711966568399969 0.00694915817313869 0.00677336456492589 0.00659347359063871 0.00640984777143313 0.00622286871294552 0.00603293533845073 0.0058404620226578 0.00564587663039939
0.00951422122631443 0.009528317975313 0.0095385742735131 0.00954494719205653 0.00954737906457881 0.00954540077671921 0.00953890857332656 0.00952815531283861 0.00951301716329831 0.00949335970643885 0.00946903925736078 0.00943990430168864 0.00940564948343777 0.00936539825395917 0.00931977284335711 0.00926861119709287 0.00921175568242905 0.00914905511586712 0.00908036678529572 0.00900555846142344 0.00892356907536774 0.00883495743930173 0.00873989606196258 0.00863833507242205 0.00853024680945522 0.00841562714390829 0.00829449668208316 0.00816639175827546 0.00803126078475863 0.00788991545179967 0.0077425100601749 0.00758922720563476 0.00743027756566998 0.00726589952814484 0.00709629662234089 0.00692107294311996 0.00674146221024089 0.00655782493546375 0.00637054209807897 0.0061800133983886 0.00598665540421935 0.00579089959462675
0.0095445725318913 0.00956191966491212 0.0095755743083966 0.00958548615423464 0.00959158948252576 0.00959341710643788 0.00959085177429498 0.00958412478521352 0.00957310132008139 0.00955763543813726 0.00953757141433191 0.00951274519431891 0.00948283902899846 0.00944696199511943 0.00940571590859364 0.0093589240596007 0.00930641381760072 0.00924801869409137 0.00918358040349278 0.0091129509168213 0.00903503695510004 0.00895038656337253 0.00885915964919855 0.00876129034623618 0.0086567351799986 0.0085454744680054 0.00842751360372925 0.00830235624555532 0.00816992646137135 0.00803104479543041 0.00788585340709711 0.00773452367144073 0.00757725604904501 0.00741427979478636 0.00724578663082992 0.00707132524164884 0.00689217520167583 0.00670869427122469 0.00652126214722386 0.00633027874081288 0.00613616233975174 0.00593934765970038
0.0095714579304348 0.00959209549283787 0.00960919759007765 0.00962270689513943 0.00963254995910005 0.00963826279761168 0.00963971490371772 0.00963711525061656 0.00963031812094909 0.00961916608063161 0.00960349133096101 0.00958311717875277 0.00955771359972838 0.00952637625925696 0.00948968455718779 0.00944744668267604 0.00939947448956467 0.00934558559566998 0.00928560548411417 0.00921936960145544 0.00914575234914419 0.00906528926715475 0.00897812649522779 0.00888418118317842 0.00878339301850659 0.00867572571082608 0.00856116836316892 0.0084391906166856 0.00830969065517434 0.0081734969719867 0.00803073851576853 0.00788157439890084 0.00772619385773526 0.00756481604869911 0.0073976198359506 0.00722409578287393 0.00704557020284345 0.0068623974447484 0.00667495534254079 0.00648364352025132 0.00628888157304783 0.00609110712828666
