resources/Exp000_Example-Run/Run01_M2/TimeSeries/2000/model/2000_biasfile.asc
NCOLS 265 
NROWS 230 
XLLCORNER -115.5625 
YLLCORNER 24.8333333333333 
CELLSIZE 0.0833333333333333 
NODATA_value -9999 
[rows 126 to 143 of 230, columns 0 to 41 of 265]
5.01582223985923e-05 5.72997580093107e-05 6.52807633107357e-05 7.41750272873726e-05 8.42291733637397e-05 9.54280428523702e-05 0.000107824215409361 0.000121506729123149 0.000136566849273914 0.000153097681681097 0.000171193746392499 0.000191103389114262 0.000212981913056934 0.000236754877241795 0.000262514709924512 0.000290351155222597 0.000320350499041133 0.00035259477070798 0.000387204584662109 0.000424627536580582 0.00046452912423584 0.000506956993627552 0.000551948860561601 0.00059953170903092 0.000649721022230122 0.000702520049207937 0.000758270201288299 0.000816703219249668 0.000877640573377637 0.000941016420887495 0.00100674973249987 0.00107474424074776 0.00114488848616313 0.00121718396939496 0.00129152280481929 0.00136750336744129 0.0014449459676906 0.00152365941975793 0.00160344210377797 0.00168408312213171 0.0017653644801251 0.0018470719250946
5.36093126087835e-05 6.12408851734313e-05 6.97693238619266e-05 7.92734354286867e-05 9.00166560332738e-05 0.000101982748206544 0.000115227841948852 0.000129847010395267 0.000145937700121294 0.000163599317838752 0.000182932774736567 0.000204203266550016 0.000227576588168044 0.00025297316103614 0.000280491627298068 0.000310227753896841 0.000342273605356146 0.000376716690567933 0.000413685705990766 0.000453658436953935 0.00049627756912511 0.000541593830145871 0.000589647325879704 0.00064046668250073 0.000694068223202853 0.000750455182727856 0.000809991592670553 0.000872390739162837 0.000937461698518052 0.00100513375221466 0.00107531991462311 0.00114791687216644 0.00122280502660147 0.00129998491331315 0.00137934004929364 0.00146044126296616 0.00154309567552544 0.00162709801754605 0.00171223175399654 0.00179827030962627 0.00188497934829093 0.00197212517979607
5.71104251879176e-05 6.52390702711403e-05 7.43227916626693e-05 8.44454837315146e-05 9.58876314293882e-05 0.000108631901279431 0.000122738021958897 0.000138307184878626 0.000155443102983688 0.000174251570417902 0.000194839977099211 0.000217490602183789 0.000242379875792482 0.000269423007242811 0.00029872493650574 0.000330387534337187 0.000364508721150135 0.000401181558160767 0.000440542932103705 0.00048310122969513 0.000528476003873566 0.000576721100753874 0.000627879042641534 0.000681980112910548 0.000739041477498104 0.000799066346411202 0.0008624416613147 0.000928861985025571 0.000998123813562655 0.00107015146430084 0.00114485188869719 0.00122211460178453 0.00130181172209094 0.00138394274902418 0.00146838241170908 0.00155467358705038 0.0016426099651301 0.00173197193131019 0.00182252775443882 0.0019140348817824 0.00200624231564789 0.00209889637462416
6.0642297781765e-05 6.92723207797807e-05 7.89161250564196e-05 8.96627346760799e-05 0.00010180982623178 0.000115338959207082 0.000130313489773403 0.00014684077756586 0.000165030852914589 0.00018499594924809 0.000206849987650797 0.000230892471117249 0.000257310550916497 0.000286014178513546 0.000317114641679773 0.000350719963106522 0.000386933964896094 0.000425855303574527 0.000467629120343031 0.000512794649355213 0.000560948116579288 0.000612146507069767 0.000666434773425757 0.000723844862840458 0.000784394782761374 0.000848087708754159 0.000915333659064669 0.000985808306510079 0.0010592954490027 0.00113571437865763 0.00121496591049679 0.00129693230178386 0.00138147728811924 0.00146859926762803 0.00155816403791389 0.00164968626952409 0.00174294605094333 0.00183770923672999 0.00193372869891118 0.00203074569152401 0.00212849232260241 0.00222669446736775
6.4184197369284e-05 7.33169660481576e-05 8.35223727113277e-05 9.48945833586483e-05 0.000107748508862567 0.000122064597326517 0.000137909840274946 0.000155397779757779 0.00017464477791443 0.000195769522047399 0.000218892479086807 0.000244330416372495 0.000272281230328093 0.000302649599871965 0.00033555317408153 0.000371106140425916 0.000409418234719305 0.000450593719833303 0.000494786008325769 0.00054256524988282 0.000593504285137493 0.000647663241042517 0.000705089500962223 0.000765816673601065 0.000829863602521572 0.000897233420042273 0.000968359255304236 0.00104289783418001 0.00112062021245029 0.00120144062529274 0.00128525371355109 0.00137193443245456 0.00146133808342356 0.00155346190445054 0.00164816266907872 0.00174492674818601 0.00184352053553639 0.00194369525168801 0.00204518825818737 0.00214772449136212 0.00225101902714417 0.00235477695743301
6.77140866021743e-05 7.73478471696613e-05 8.81128897695444e-05 0.000100108502897338 0.000113666767928474 0.000128767024379203 0.000145479884750431 0.000163925049746061 0.000184225188905513 0.000206505418450253 0.000230892725768233 0.00025772107699847 0.000287199072032733 0.000319226135531527 0.000353926252701842 0.000391419751214834 0.00043182225679996 0.000475243615834975 0.000521845478961073 0.000572228790671954 0.000625943092186776 0.000683051636798868 0.000743604224983744 0.000807636115260479 0.000875166977592561 0.000946199893315072 0.00102119099671452 0.00109977812640032 0.00118171963047618 0.00126692468701902 0.00135528176318663 0.00144665851290635 0.00154090180392827 0.00163800766272659 0.00173782380125975 0.00183980836912082 0.00194371405497033 0.00204927743032855 0.00215622032577408 0.00226425133318785 0.00237306846027945 0.00248235579775359
7.12047786861138e-05 8.13339237839394e-05 9.26523320729563e-05 0.000105264355916189 0.000119519051853142 0.000135394662354519 0.000152965378981356 0.000172356990363077 0.000193698400966261 0.000217121082028555 0.00024275846640864 0.000270961522291956 0.000301949430028444 0.000335616419018932 0.000372092737508575 0.000411504782434982 0.000453974001254369 0.00049961575901214 0.000548599848990374 0.000601557655965961 0.000658015686012057 0.000718040280090156 0.00078168362440581 0.00084898260367627 0.000919957698841206 0.000994611933396893 0.00107342416673199 0.00115601355348843 0.00124212586487663 0.00133166525963342 0.00142451407776803 0.00152053272683116 0.00161955970372932 0.00172158977821354 0.00182646162727884 0.00193360546847776 0.00204276037395888 0.00215364835639933 0.00226597580588142 0.00237943505920999 0.00249370714010857 0.00260845505508743
7.46294376206991e-05 8.5244561434911e-05 9.71058237320752e-05 0.000110322543655805 0.000125260428300812 0.000141896643383255 0.000160308890656782 0.000180628929903881 0.000202991780937077 0.000227535148142758 0.000254398786270874 0.0002839503400864 0.000316419367721214 0.000351695002467673 0.000389913635643955 0.000431207617188644 0.000475704104717837 0.000523523876099568 0.00057484471105751 0.000630327851176596 0.000689477206939875 0.000752362146042397 0.000819037192141646 0.000889540821432214 0.000963894305505369 0.00104210060486305 0.00112466085487915 0.00121117587163623 0.00130137907612359 0.00139516968464583 0.00149242400405973 0.00159299530630469 0.00169671384451439 0.00180357309811161 0.00191340280574275 0.00202560575174484 0.00213990758351041 0.00225601595515977 0.00237362202330079 0.00249240208152662 0.00261202038163671 0.00273211892418916
7.7965094587511e-05 8.9053542438049e-05 0.000101443519648041 0.000115249182230036 0.000130852452827839 0.000148229448228765 0.000167461288539351 0.000188685548643509 0.000212043203935222 0.000237678029172474 0.000265735935976041 0.000296600810383124 0.000330512317691194 0.00036735462858669 0.000407270117546423 0.000450396932619661 0.000496867793064194 0.000546808748807936 0.000600405358059088 0.000658347940514697 0.00072011840034047 0.000785789052197023 0.000855416694693831 0.000929041351543137 0.00100668506076646 0.00108835071650693 0.00117456113750149 0.00126489926846614 0.00135908648924858 0.00145701718484427 0.00155856176440796 0.00166356652380422 0.00177185365559154 0.00188341532747278 0.00199807249905438 0.00211520120029931 0.00223451393619483 0.00235570429943056 0.00247844852286884 0.00260240717691174 0.00272722806669356 0.00285253241482803
8.11866994690713e-05 9.27322710042251e-05 0.000105632864864075 0.000120007308118928 0.00013625318328804 0.00015434559422131 0.000174368962379146 0.00019646647871316 0.000220784870457936 0.000247473775189376 0.000276685051015219 0.000308818269780588 0.000344122858956832 0.000382478197600374 0.000424032439666619 0.000468929334099104 0.000517306972773075 0.000569296498619973 0.000625090983641868 0.000685408833192643 0.000749710698014696 0.00081807173916419 0.000890550951908794 0.000967189853132489 0.00104801121847231 0.001133017873917 0.00122275357106717 0.00131678398313369 0.00141481884742251 0.00151674786529196 0.00162243572796144 0.00173172196690704 0.00184442095731572 0.00196052354465232 0.00207984213421764 0.00220172687618793 0.00232587751190766 0.00245197397265798 0.00257967798622828 0.00270863483436026 0.00283847632029039 0.0029688032676546
8.426922441894e-05 9.62521770614949e-05 0.000109641334032093 0.000124559991791112 0.000141420716529189 0.000160197643312367 0.000180978352828531 0.000203911410132572 0.000229149046634744 0.000256846510451529 0.000287161350483435 0.000320508148899479 0.000357145676062367 0.00039694872780467 0.000440070990162914 0.000486661573478474 0.000536863712757611 0.000590813426626726 0.00064871097952014 0.000711301656475173 0.000778025771147136 0.000848961209648582 0.000924169069851312 0.00100369229711461 0.00108755437132234 0.00117575805012738 0.00126886710990211 0.00136643068483503 0.00146814735782878 0.00157390233094611 0.00168355480170295 0.00179693780120532 0.00191385819069871 0.00203430549425118 0.00215808385361064 0.00228451860960792 0.00241329721561957 0.00254408644501481 0.00267653404878749 0.00281027056980994 0.0029449123745615 0.00308004042031045
8.7187968653456e-05 9.95850640672486e-05 0.000113436827242995 0.000128870786981099 0.000146313697999626 0.000165738778789778 0.000187236602344477 0.000210960823492117 0.000237068886807201 0.000265721354532903 0.000297081165951694 0.000331577119628306 0.000369476836213306 0.000410650773650512 0.00045525785950849 0.000503452284295662 0.000555382156721339 0.000611188116037064 0.000671077241808474 0.000735820282048014 0.00080483829095438 0.000878211737857731 0.000956003713629475 0.00103825851720408 0.00112500029487063 0.00121623173739162 0.00131253558236976 0.00141344528843373 0.00151864886070039 0.00162802722262031 0.00174143434631196 0.00185869707841143 0.00197961512937489 0.00210417671441213 0.00223217806828836 0.00236292098657339 0.0024960812066149 0.00263131295019587 0.00276825062876586 0.00290651071077326 0.00304569481090707 0.00318536470720973
8.99188699951839e-05 0.000102703464521661 0.00011698807461762 0.000132904189905832 0.000150891842623751 0.00017092339474013 0.000193092220471718 0.000217556738815828 0.000244479274267638 0.000274025363779654 0.000306362993035051 0.00034193426766743 0.00038101509456523 0.00042347187507801 0.000469468445700556 0.000519163755199359 0.000572710477625414 0.000630253580974757 0.000692006528119536 0.000758763907985156 0.000829928750078381 0.000905583945119821 0.000985794452215204 0.00107060583903049 0.00116004287606858 0.00125410819025332 0.00135340226546716 0.00145744387594906 0.00156591111196422 0.001678680874588 0.00179560222197558 0.00191649618297483 0.00204115573887745 0.00216956782045023 0.00230152117684144 0.00243629551150112 0.00257355551212038 0.00271294355614501 0.00285408145974156 0.00299657239402989 0.0031400040246959 0.00328391979123942
9.24169069308503e-05 0.000105555979676764 0.000120236555728927 0.000136593749286604 0.00015507974168005 0.000175666112962342 0.000198448802042729 0.000223590588918093 0.000251258265386075 0.000281621922855591 0.000314854167516323 0.000351409285976968 0.000391570772986366 0.000435201321907224 0.000482469266413115 0.000533537915047759 0.000588564125525278 0.000647696833349076 0.000711155350204583 0.000779756097687727 0.000852885610187837 0.000930628999997748 0.00101305294068441 0.00110020416449206 0.00119210801502338 0.00128876706053904 0.00139079802979967 0.00149770624240767 0.00160916069737125 0.00172503459434345 0.00184517246752882 0.00196938998721219 0.00209747393367612 0.00222940999408307 0.00236497996753656 0.00250344327075321 0.0026444543790828 0.00278764471518255 0.00293262443703879 0.00307898439802808 0.00322629932858779 0.00337409542806359
9.46736612952791e-05 0.000108133004106629 0.000123171340060961 0.000139927059788287 0.000158863325175455 0.000179951011773988 0.000203288378350789 0.000229042148496974 0.00025738315412909 0.000288485606028441 0.00032252628997017 0.000359970507565203 0.000401108618387823 0.000445799968914715 0.00049421696374629 0.000546526858698105 0.000602890300054 0.000663459816917162 0.000728460016517974 0.00079872707404768 0.000873632612837823 0.00095326376026072 0.0010376887456495 0.00112695535865989 0.00122108946392907 0.00132009357749295 0.00142459912086156 0.00153409923421119 0.00164825468023585 0.00176693529248133 0.00188998148862902 0.00201720406017692 0.00214838413831324 0.00228350621773294 0.00242234571361744 0.00256414363041123 0.00270854510838247 0.00285517154813244 0.00300362243291905 0.00315347732738249 0.00330429909311563 0.00345559787523847
9.66736575500483e-05 0.00011041687270719 0.000125772317708261 0.00014288128931019 0.000162216686932998 0.00018374876407012 0.000207577838964154 0.000233874134838646 0.000262812069366165 0.000294569509932891 0.000329326952921271 0.000367559474702693 0.000409563530610021 0.000455195504385078 0.000504631418167587 0.0005580420362811 0.000615591373341667 0.000677435154360174 0.000743802693650048 0.000815547708596057 0.000892028596615952 0.000973334280752025 0.00105953437763416 0.00115067762079379 0.00124679034112976 0.00134787501009409 0.00145457609273426 0.00156637590778005 0.00168292789278308 0.00180409887426858 0.00192972558970371 0.00205961446564968 0.00219354157543834 0.00233149028293777 0.00247323023117542 0.00261798601066882 0.00276539436837817 0.00291506768481364 0.00306659582568098 0.00321954817385235 0.0033734768705319 0.00352787730876396
9.83990519329036e-05 0.000112387215366945 0.000128016297452256 0.000145430105146457 0.000165109946298946 0.000187025540547277 0.000211278987222128 0.000238043534489541 0.000267496699962075 0.000299819512822142 0.000335195678603002 0.000374108722286049 0.000416860372604925 0.000463304461294925 0.000513620143205797 0.000567981221970649 0.000626554631146471 0.00068949886636975 0.000757047319774455 0.000830068886313739 0.000907910539446253 0.000990662763388938 0.00107839638212653 0.00117116095197183 0.00126898321196015 0.00137186559773729 0.00148046385579401 0.00159425093680695 0.00171287392903071 0.00183619703803106 0.00196405379017322 0.00209624679964864 0.00223254771785699 0.00237293885018602 0.00251718473027422 0.00266449567575575 0.00281450105518178 0.00296680530933229 0.00312098982693026 0.00327661500413044 0.00343322350273779 0.00359029739310992
9.98341894577675e-05 0.000114026160009513 0.000129882931343377 0.000147550402178144 0.000167516884080117 0.000189751656057584 0.000214358304298987 0.000241512600203051 0.000271394647843513 0.000304188115204598 0.000340079386937112 0.000379559034945406 0.00042293319210331 0.000470053572149866 0.000521101950111269 0.000576254672904648 0.000635681117927782 0.000699542101819249 0.000768074429303162 0.000842159673397148 0.000921135288183456 0.00100509307119667 0.00109410486365514 0.00118822091682979 0.00128746831675002 0.00139184947298095 0.0015020295519788 0.00161747367375247 0.00173782361009246 0.00186294135552517 0.00199265772347546 0.00212677210265618 0.00226505239811589 0.00240747993909472 0.00255381485833209 0.00270325546779544 0.00285542483776727 0.00300992061968711 0.00316631694044886 0.00332416648341806 0.00348300375498874 0.00364229904839707
