resources/Exp000_Example-Run/Run01_M2/TimeSeries/2000/model/2000_biasfile.asc
NCOLS 265 
NROWS 230 
XLLCORNER -115.5625 
YLLCORNER 24.8333333333333 
CELLSIZE 0.0833333333333333 
NODATA_value -9999 
[rows 162 to 179 of 230, columns 210 to 251 of 265]
0.00911217492829716 0.0088788153132731 0.00863737865637565 0.008388604491515 0.00813326370659868 0.00787215422317746 0.00760609653377089 0.00733573526085117 0.00706201657766378 0.00678629126917219 0.00650941348410871 0.00623222819432586 0.00595556663510439 0.00568024187352618 0.00540704451577801 0.00513746076310295 0.00487181349129628 0.00461075660790933 0.00435491015440918 0.00410485013820911 0.00386110656528271 0.0036241617676051 0.00339534954868691 0.00317480209233874 0.00296229741642805 0.00275807288281316 0.00256231653951612 0.00237516816563556 0.00219672054591825 0.0020274508500142 0.00186811366851894 0.00171743654358689 0.00157531261202489 0.001441602136131 0.00131613514583442 0.00119871412295715 0.00108911671964479 0.000988309148773197 0.000894821335105896 0.000808227572927314 0.000728228778600538 0.000654518424180398
0.00928029197830402 0.00904524308968911 0.0088017531261812 0.0085505781348919 0.00829250680986503 0.00802835606742206 0.00775896647391208 0.00748498810362081 0.00720738236644475 0.0069275556606603 0.00664638550248913 0.00636474046606247 0.00608347549189295 0.00580342732460595 0.0055254100910987 0.00525092576553555 0.00498033723874603 0.00471432017513628 0.00445351539368245 0.00419851878692081 0.00394987927089707 0.0037080970370268 0.00347453379435588 0.00324933778434147 0.00303229479005692 0.00282365405560181 0.00262361420696209 0.0024323242963419 0.00224988508342583 0.00207678845460294 0.00191380978528914 0.00175965824179591 0.00161422902073467 0.0014773833871689 0.0013489513752782 0.00122873453398854 0.00111650870939352 0.00101326435973781 0.000917502156114484 0.000828788962443275 0.000746820755943174 0.000671285652892294
0.0094458898804447 0.00920923254234067 0.00896376877021764 0.00871027120650208 0.00844954642545429 0.00818243040356201 0.0079097838371769 0.00763226223680109 0.00735084223694121 0.00706698598851671 0.00678159438317126 0.00649555959587178 0.00620976026197355 0.00592505678481199 0.0056422867852878 0.00536296777733634 0.0050875028002475 0.00481658922853734 0.00455088860575423 0.00429101665394633 0.00403754114179234 0.00379098006172076 0.00355272279559973 0.00332293363412183 0.00310140617136133 0.00288840148309263 0.00268412872649105 0.00248874618440122 0.00230236255375743 0.0021254843168802 0.00195890744413205 0.00180132295255564 0.00165262808917736 0.00151268511866541 0.0013813240824865 0.00125834560582847 0.00114352374389222 0.00103787292898969 0.000939864881660135 0.000849059103637827 0.000765146673521092 0.000687810396443646
0.00960861567962203 0.00937045604912544 0.0091231226637866 0.0088674047537675 0.00860412676767021 0.00833414373744668 0.00805833648543034 0.00777736582545584 0.00749222349747109 0.00720442764177105 0.00691490251904189 0.00662456389756933 0.00633431409885419 0.00604503717506477 0.00575759423009112 0.00547351792408331 0.00519325180163656 0.00491751493891368 0.00464698959019172 0.00438231129343162 0.00412406665689593 0.0038727914618427 0.00362990249979724 0.00339558020000408 0.00316962611277882 0.00295231314288133 0.00274386097889898 0.00254443713769253 0.00235415826019363 0.00217354533006971 0.00200341474494736 0.00184243968932843 0.00169051948615228 0.00154751742917697 0.00141326360057908 0.00128755773909153 0.00117017215006135 0.00106214497736527 0.000961919336614859 0.000869047455296382 0.000783215569737376 0.000704101232604505
0.00976780917801097 0.00952829402305064 0.00927923486537795 0.00902143739801203 0.00875574383326002 0.0084830281617523 0.00820419124842932 0.00791989891440584 0.00763115773642414 0.00733954222340369 0.00704599997834379 0.0067514703456145 0.00645687932448881 0.00616313461582997 0.00587112081399842 0.00558238509171763 0.00529741217288998 0.00501694287544667 0.00474168019993747 0.00447227954000384 0.00420934638711032 0.00395343435847029 0.00370598733234498 0.00346720210054535 0.00323688845618319 0.00301533119314814 0.00280276059367009 0.00259935347282697 0.00240523448161615 0.00222093903861386 0.00204730381885917 0.00188298463319761 0.00172788295437468 0.00158186318047113 0.00144475551085742 0.00131635887545142 0.00119644390843951 0.00108607219696482 0.000983658678144231 0.00088874842588661 0.000801022915913382 0.000720154530181204
0.00992328401031096 0.00968258281823659 0.00943196383802581 0.0091722489869292 0.00890429802820576 0.00862900372414404 0.00834728682072322 0.00805981771130837 0.00776761741205804 0.00747231727740527 0.00717488820493226 0.00687629308738081 0.0065774815929321 0.00627938507992412 0.00598291165837604 0.00568962220511618 0.00540004354861923 0.00511493833590146 0.00483503039833579 0.00456099507805495 0.00429345684971914 0.00403298727264202 0.00378105697032241 0.00353787943859958 0.00330327311560386 0.00307753480639056 0.00286090550984692 0.00265357146274613 0.0024556654496258 0.00226773730026642 0.00209064386154955 0.00192302412034074 0.00176478181724483 0.00161578257086843 0.00147585681199649 0.00134480277385573 0.00122238952940252 0.00110970187760823 0.00100512702895586 0.000908203043312553 0.000818606734002051 0.000736005407955988
0.0100747981869776 0.00983310456626091 0.00958111523448505 0.0093196679834079 0.0090496398143173 0.00877194198516057 0.00848751488377578 0.00819703290272192 0.00790153097117564 0.0076026978598485 0.00730152769000113 0.00699900686197327 0.00669610870055904 0.00639378823602468 0.00609297713344977 0.00579524898497431 0.00550117389635728 0.0052115364743399 0.0049270815108265 0.00464850443852398 0.00437644886800242 0.00411150446233662 0.00385516822268097 0.00360767080539368 0.00336883981114644 0.00313898423774301 0.00291835598246873 0.00270715088478045 0.00250551004216459 0.00231399771106446 0.00213349084362615 0.00196261224938833 0.00180126809892765 0.00164932538869505 0.00150661493322279 0.00137293441624556 0.00124805149144861 0.00113307396851695 0.00102636181702997 0.000927446243430139 0.00083599951487919 0.000751683974466935
0.0102220344291039 0.00997956952283909 0.00972642621105616 0.00946345769141755 0.00919155778266494 0.0089116558662778 0.00862471164838112 0.00833140279826342 0.00803277749075855 0.00773058258097992 0.00742583531523507 0.00711954554358777 0.00681271022820174 0.00650630808840835 0.00620129439550085 0.00589925426670361 0.00560080252249563 0.00530674590309827 0.00501785033581017 0.00473483153571527 0.00445835245560552 0.00418902108077639 0.00392836038666912 0.00367661876918908 0.00343363363394903 0.00319972641544751 0.00297516015286737 0.00276014053006762 0.00255481719620328 0.00235976888886013 0.00217589263601175 0.0020017958279902 0.00183738727522778 0.00168253555415402 0.00153707205716322 0.00140079410439298 0.00127346810779921 0.00115622471317043 0.00104739718004696 0.000946510047161918 0.000853231172808188 0.00076721806581271
0.0103646901009709 0.0101217018748344 0.00986764720465063 0.00960339410349802 0.00932985267601922 0.00904796995537278 0.00875872455418029 0.00846279654506279 0.0081612465369363 0.00785588022530384 0.00754773785099091 0.00723785263471976 0.00692724514585765 0.0066169178087997 0.00630784956032194 0.00600163564875232 0.00569893730598458 0.00540058361992254 0.00510736187093098 0.00482000829595086 0.00453920544816787 0.00426557990892283 0.00400068018691672 0.00374477311848934 0.00349770668151874 0.00325981505341443 0.00303137272064277 0.00281259551424242 0.00260364193357765 0.00240510529134386 0.00221790269976821 0.00204062700125218 0.00187318990477875 0.00171546181478323 0.00156727493851453 0.00142842645820123 0.00129868175827683 0.00117919417439698 0.00106827083272604 0.000965429815917758 0.000870334732552526 0.000782638405892816
0.010502479312111 0.0102592413770125 0.0100045431257164 0.00973926667300753 0.00946433776499604 0.00918072051251378 0.00888941193176877 0.00859109347533936 0.0082868372292216 0.00797850856034299 0.00766717053725282 0.00735387964659058 0.00703968001928999 0.00672559779510724 0.00641263563915651 0.00610239733388348 0.00579559246729245 0.00549307272557432 0.00519564699891635 0.00490407232980342 0.00461905117864744 0.00434122904910955 0.00407217950247092 0.00381218863501197 0.00356111588679971 0.00331930854516271 0.00308705290991778 0.0028645753221735 0.00265204348916268 0.00245006543158977 0.00225957839182189 0.0020791616490126 0.00190873011839775 0.00174815632665121 0.00159727357615695 0.001455879177204 0.00132373773812416 0.00120202516747527 0.0010890230811186 0.000984243343765381 0.000887345495894943 0.000797977843586286
0.010635134753246 0.0103919447379992 0.0101368943142619 0.00987087886198494 0.00959483901101469 0.00930975527251783 0.0090166424703616 0.00871618226718679 0.00840945712453206 0.00809839297091799 0.00778407549509079 0.00746758431441134 0.00714998705524531 0.00683233357209535 0.00651565031952187 0.00620154781796776 0.00589078618733796 0.00558423999376569 0.00528274002806105 0.00498706446130462 0.00469793601201565 0.00441601948054576 0.00414291295836169 0.00387892273403302 0.00362392071764486 0.00337826773139102 0.00314226231265061 0.00291614173338066 0.002700083323539 0.00249470998209023 0.00230097916335322 0.00211745768009078 0.00194406400983106 0.00178067314144949 0.0016271197957326 0.00148320171713513 0.00134868302651154 0.00122476211752174 0.00110969576573795 0.00100298988291922 0.00090430014586811 0.000813270531927765
0.0107617694510513 0.0105189856405565 0.0102639340894119 0.00999752236294979 0.0097207049930733 0.00943447801005231 0.00913987326625825 0.00883757115931416 0.00852866312586697 0.00821513669496385 0.00789809988832625 0.00757865525932476 0.00725789382362058 0.00693688912860119 0.00661669147604034 0.00629891588848102 0.00598437569506624 0.0056739686848581 0.00536854790653353 0.0050689130596558 0.0047758075577338 0.00448991596612587 0.0042128602704652 0.00394496811759221 0.0036861251455657 0.00343670625025198 0.00319702274531797 0.00296732336863941 0.00274779560100662 0.00253907745160096 0.00234214671826946 0.00215555910332577 0.00197923710044908 0.00181305859383267 0.00165686013415633 0.00151044028922579 0.00137356305881615 0.00124744925805643 0.00113033162690754 0.0010217104524651 0.000921237803736613 0.000828553564155476
0.0108827551893386 0.0106407201234965 0.0103860033766669 0.0101195236026916 0.00984224823443561 0.00955518791862247 0.00925939073387755 0.0089555343451936 0.00864471775844012 0.0083289910520894 0.00800948426751048 0.00768732267363172 0.00736362054414336 0.00703947507316279 0.00671596044419523 0.00639469397685262 0.00607654480610108 0.00576243426855812 0.00545323801216402 0.00514977765073293 0.00485281771725989 0.00456306299975836 0.00428215875619608 0.00401045513926396 0.00374785275385136 0.0034947411049478 0.00325144481901947 0.00301822463372963 0.00279527870848578 0.00258326040433343 0.00238316801229874 0.00219354745618484 0.0020143257014676 0.00184538396256807 0.00168656103324455 0.0015376566953367 0.00139843519514909 0.00127013974003245 0.00115097980922627 0.00104045038922926 0.000938200195946567 0.000843865251949989
0.0109978936627891 0.0107569657426696 0.0105029356622273 0.0102367319576265 0.00995933385769156 0.00967176562499038 0.00937509067063138 0.00906998234133523 0.00875754567967425 0.00843989425127343 0.00811817974894024 0.0077935498897637 0.00746714203514768 0.0071400769485425 0.00681345270613048 0.0064888865547769 0.00616730617118277 0.00584965676967202 0.00553683694822671 0.00522969063557339 0.00492900392865371 0.00463550232036465 0.00435085367082285 0.00407543186322158 0.00380915379472711 0.00355242415427591 0.00330558145850278 0.00306889902064102 0.00284258624905646 0.0026273121234543 0.00242409560077006 0.00223147425588131 0.00204938002171291 0.00187769791637178 0.0017162694267723 0.00156489597453403 0.00142334245318475 0.00129287445456348 0.00117167902000324 0.00105924618555902 0.00095522159089002 0.000859237650653289
0.0111070081325015 0.0108675584373638 0.010614579798717 0.0103490093271731 0.0100718368446091 0.00978409913527209 0.00948687396029653 0.00918082865789707 0.00886707265796442 0.00854778391427197 0.00822413534414342 0.00789729679357994 0.00756842849645395 0.00723867467015734 0.00690915726340409 0.00658149093226052 0.00625666473303862 0.00593564808372666 0.00561936288298384 0.00530867578038428 0.00500439489161224 0.00470726691169956 0.00441898158253122 0.0041399378041026 0.00387007016401013 0.0036097991411702 0.00335947775288329 0.0031193924983794 0.00288976464109316 0.00267127906564246 0.0024649755845472 0.00226938494357077 0.00208444457443569 0.00191004380711688 0.00174602730530052 0.00159219858829325 0.00144832362815436 0.00131569041045952 0.00119246440944027 0.00107813108612522 0.00097233330218096 0.000874700136691113
0.0112099426172529 0.0109723514958032 0.0107207987527911 0.0104562286727594 0.0101796403771286 0.00989208198967788 0.00959464455429817 0.00928798762115834 0.0089732232527425 0.00865259462849189 0.00832729540112986 0.00799851716977497 0.00766744277478921 0.0073352397273145 0.00700305378966227 0.00667249437975469 0.00634461483265853 0.00602040908144658 0.00570082266575373 0.00538674535685099 0.00507900774386571 0.0047783782258269 0.00448656765409976 0.00420400127630575 0.00393063282579363 0.00366689919957814 0.0034131685505666 0.00316974120084757 0.00293685090309884 0.00271519874607947 0.00250584559747092 0.00230731697534378 0.00211955637222374 0.00194245796835759 0.00177587011737827 0.00161959892287486 0.00147341189437541 0.00133861943192232 0.0012133663614227 0.00109713396848109 0.000989562655403048 0.000890278456727455
0.0113065604509245 0.0110712139467918 0.0108214678362364 0.0105582720948782 0.0102826337680438 0.00999561105556359 0.00969830713684825 0.0093913719220675 0.0090759182593293 0.0087542553002696 0.00842759687862168 0.0080971559098689 0.00776413751851176 0.00742973229769516 0.00709510971784643 0.00676187120314831 0.00643113728443142 0.00610392669592035 0.00578120893747801 0.00546389728689045 0.00515284525025458 0.00484884342595609 0.00455362294907074 0.0042676367716263 0.0039908592682544 0.00372374439431797 0.00346667608820214 0.00321996914911806 0.00298387047270837 0.00275909765688451 0.00254673282609915 0.00234529794408957 0.00215474315114614 0.00197496804129297 0.00180582519629247 0.0016471238153025 0.00149863342842412 0.00136168687595356 0.00123440930214852 0.00111627823965943 0.00100693196918479 0.000905993789535399
0.0113965663886337 0.0111638629298278 0.0109163172484908 0.0106548834141131 0.0103805749069796 0.010094458627979 0.0097976486358152 0.00949078324234751 0.00917497410308316 0.0088525969821004 0.00852488525310831 0.008193072630717 0.00785838612720129 0.00752203913868338 0.00718522467789123 0.00684953325619674 0.0065161555650189 0.00618613539463364 0.0058604664987174 0.00554008602744657 0.00522587083496329 0.00491863420814394 0.00462012665981922 0.00433083024558648 0.00405074153979277 0.00378033221482938 0.00352000266654235 0.00327008285089086 0.00303083348838206 0.00280298899688983 0.00258765295744746 0.00238334556220688 0.00219002422145694 0.00200759454197015 0.0018359139071672 0.00167479515799561 0.00152401036248641 0.00138491482506681 0.00125561505143848 0.00113558527758511 0.00102446202800373 0.000921866200492013
