resources/Exp000_Example-Run/Run01_M2/TimeSeries/2010/selection_set/qv2m_avg.asc
NCOLS 265 
NROWS 230 
XLLCORNER -115.5625 
YLLCORNER 24.8333333333333 
CELLSIZE 0.0833333333333333 
NODATA_value -9999 
[rows 171 to 189 of 230, columns 126 to 167 of 265]
0.00605789804831147 0.00607996014878154 0.00610324693843722 0.0061265341937542 0.00614982098340988 0.00617310777306557 0.00619639502838254 0.00621968181803823 0.00624454068019986 0.00627411622554064 0.00630369130522013 0.0063332668505609 0.00636284193024039 0.00639241747558117 0.00642199255526066 0.00645156810060143 0.00649485271424055 0.00654270686209202 0.00659056100994349 0.00663841515779495 0.00668626930564642 0.00673412345349789 0.00678197760134935 0.0068305223248899 0.00688113830983639 0.00693175429478288 0.00698237027972937 0.00703298673033714 0.00708360271528363 0.00713421870023012 0.00718483468517661 0.00726856896653771 0.00736334314569831 0.0074581173248589 0.0075528915040195 0.00764766521751881 0.0077424393966794 0.00783721357584 0.00793406739830971 0.00803716108202934 0.00814025476574898 0.00824334844946861
0.00607024366036057 0.006092200987041 0.00611580023542047 0.00613939994946122 0.00616299919784069 0.00618659891188145 0.00621019816026092 0.00623379740864038 0.00625902786850929 0.00628914963454008 0.00631927186623216 0.00634939363226295 0.00637951586395502 0.00640963762998581 0.00643975986167789 0.00646988162770867 0.0065134153701365 0.00656141899526119 0.00660942262038589 0.00665742671117187 0.00670543033629656 0.00675343442708254 0.00680143805220723 0.00684886192902923 0.00689454516395926 0.0069402283988893 0.00698591209948063 0.00703159533441067 0.00707727903500199 0.00712296226993203 0.00716864550486207 0.00725041190162301 0.00734420586377382 0.00743799982592463 0.00753179378807545 0.00762558775022626 0.00771938124671578 0.0078131752088666 0.00791159179061651 0.00802387576550245 0.00813615974038839 0.00824844371527433
0.00608258973807096 0.00610444182530046 0.00612835353240371 0.00615226570516825 0.0061761774122715 0.00620008958503604 0.00622400129213929 0.00624791346490383 0.00627351459115744 0.00630418304353952 0.0063348519615829 0.00636552087962627 0.00639618933200836 0.00642685825005174 0.00645752670243382 0.0064881956204772 0.00653197802603245 0.00658013112843037 0.00662828469648957 0.00667643826454878 0.0067245913669467 0.0067727449350059 0.00682089850306511 0.00686720106750727 0.00690795201808214 0.00694870250299573 0.0069894534535706 0.00703020440414548 0.00707095535472035 0.00711170583963394 0.00715245679020882 0.00723225483670831 0.00732506858184934 0.00741788232699037 0.0075106960721314 0.00760350981727242 0.00769632356241345 0.00778913730755448 0.00788911618292332 0.00801059044897556 0.00813206471502781 0.00825353898108006
0.00609494000673294 0.00611540768295527 0.00613802252337337 0.00616063782945275 0.00618325313553214 0.00620586844161153 0.00622848328202963 0.00625109858810902 0.00627581309527159 0.00630682520568371 0.00633783685043454 0.00636884896084666 0.00639986107125878 0.0064308731816709 0.00646188529208302 0.00649289740249515 0.00653793103992939 0.00658763851970434 0.00663734599947929 0.00668705347925425 0.00673676142469049 0.00678646890446544 0.00683617638424039 0.0068827336654067 0.0069198408164084 0.00695694796741009 0.00699405511841178 0.00703116226941347 0.00706826942041516 0.00710537610575557 0.00714248325675726 0.00722021609544754 0.0073114912956953 0.00740276603028178 0.00749404076486826 0.00758531549945474 0.00767659023404121 0.00776786543428898 0.0078678335994482 0.00799388159066439 0.00811992958188057 0.00824597757309675
0.00610729353502393 0.00612509809434414 0.00614480720832944 0.00616451678797603 0.00618422590196133 0.00620393501594663 0.00622364412993193 0.00624335324391723 0.00626592291519046 0.00629707518965006 0.00632822699844837 0.00635937880724669 0.00639053108170629 0.0064216828905046 0.00645283469930291 0.00648398650810122 0.00653127441182733 0.00658394070342183 0.00663660699501634 0.00668927328661084 0.00674193957820535 0.00679460586979985 0.00684727216139436 0.00689546018838882 0.00693021202459931 0.00696496432647109 0.00699971662834287 0.00703446893021464 0.00706922123208642 0.00710397306829691 0.00713872537016869 0.00721429660916328 0.00730347353965044 0.0073926504701376 0.00748182786628604 0.0075710047967732 0.00766018219292164 0.0077493591234088 0.0078477431088686 0.00797374825924635 0.0080997534096241 0.00822575856000185
0.0061196475289762 0.0061347889713943 0.00615159189328551 0.00616839528083801 0.00618519820272923 0.00620200159028172 0.00621880451217294 0.00623560789972544 0.00625603320077062 0.00628732517361641 0.00631861668080091 0.00634990865364671 0.0063812006264925 0.00641249259933829 0.00644378457218409 0.00647507607936859 0.00652461778372526 0.00658024288713932 0.00663586799055338 0.00669149309396744 0.0067471181973815 0.00680274330079556 0.00685836793854833 0.00690818624570966 0.00694058369845152 0.00697298068553209 0.00700537813827395 0.00703777559101582 0.00707017304375768 0.00710257049649954 0.00713496748358011 0.00720837665721774 0.00729545578360558 0.0073825353756547 0.00746961496770382 0.00755669409409165 0.00764377368614078 0.00773085281252861 0.00782765354961157 0.00795361492782831 0.00807957723736763 0.00820553954690695
0.00613200152292848 0.00614447938278317 0.00615837657824159 0.0061722737737 0.00618617096915841 0.00620006816461682 0.00621396536007524 0.00622786255553365 0.00624614348635077 0.00627757515758276 0.00630900682881474 0.00634043850004673 0.00637187017127872 0.00640330230817199 0.00643473397940397 0.00646616565063596 0.00651796162128448 0.00657654507085681 0.00663512898609042 0.00669371290132403 0.00675229635089636 0.00681088026612997 0.00686946418136358 0.00692091230303049 0.00695095490664244 0.00698099751025438 0.00701103964820504 0.00704108225181699 0.00707112485542893 0.00710116745904088 0.00713120959699154 0.0072024567052722 0.007287438493222 0.0073724202811718 0.00745740160346031 0.00754238339141011 0.00762736517935991 0.00771234696730971 0.00780756305903196 0.00793348252773285 0.00805940106511116 0.00818532053381205
0.00614435505121946 0.00615417025983334 0.00616516126319766 0.00617615273222327 0.0061871437355876 0.00619813473895192 0.00620912574231625 0.00622011721134186 0.00623625330626965 0.00626782514154911 0.00629939697682858 0.00633096834644675 0.00636254018172622 0.00639411201700568 0.00642568338662386 0.00645725522190332 0.00651130499318242 0.00657284772023559 0.00663438998162746 0.00669593224301934 0.00675747497007251 0.00681901723146439 0.00688055995851755 0.00693363836035132 0.00696132611483335 0.00698901386931539 0.00701670162379742 0.00704438891261816 0.00707207666710019 0.00709976442158222 0.00712745217606425 0.00719653675332665 0.00727942073717713 0.00736230472102761 0.00744518870487809 0.00752807268872857 0.00761095667257905 0.00769384065642953 0.00778747303411365 0.00791334919631481 0.00803922582417727 0.00816510152071714
0.00615670904517174 0.0061638611368835 0.00617194594815373 0.00618003122508526 0.00618811650201678 0.00619620131328702 0.00620428659021854 0.00621237186715007 0.0062263635918498 0.00625807512551546 0.00628978665918112 0.00632149819284678 0.00635320972651243 0.00638492172583938 0.00641663325950503 0.00644834479317069 0.00650464836508036 0.00656914990395308 0.00663365097716451 0.00669815205037594 0.00676265312358737 0.00682715466246009 0.00689165573567152 0.00694636488333344 0.00697169732302427 0.00699703022837639 0.0070223631337285 0.00704769603908062 0.00707302847877145 0.00709836138412356 0.00712369428947568 0.00719061680138111 0.00727140344679356 0.00735218962654471 0.00743297580629587 0.00751376198604703 0.00759454816579819 0.00767533481121063 0.00776738254353404 0.00789321586489677 0.0080190496519208 0.00814488250762224
0.00616723159328103 0.00617254665121436 0.00617865147069097 0.00618475629016757 0.00619086064398289 0.00619696546345949 0.0062030702829361 0.0062091751024127 0.00622155051678419 0.00625273864716291 0.00628392724320292 0.00631511537358165 0.00634630350396037 0.00637749210000038 0.0064086802303791 0.00643986836075783 0.00649704784154892 0.00656289141625166 0.00662873452529311 0.00669457763433456 0.0067604212090373 0.00682626431807876 0.00689210742712021 0.00694813672453165 0.00697472458705306 0.00700131198391318 0.00702789938077331 0.00705448677763343 0.00708107417449355 0.00710766157135367 0.0071342489682138 0.00720179360359907 0.00728299096226692 0.00736418785527349 0.00744538521394134 0.0075265821069479 0.00760777899995446 0.00768897635862231 0.0077809439972043 0.00790522433817387 0.00802950374782085 0.00815378408879042
0.00617592269554734 0.00618022726848722 0.00618527736514807 0.00619032699614763 0.00619537709280849 0.00620042672380805 0.0062054768204689 0.00621052691712976 0.0062218145467341 0.00625181617215276 0.00628181779757142 0.00631181942299008 0.00634182151407003 0.0063718231394887 0.00640182476490736 0.00643182639032602 0.00648850342258811 0.00655407225713134 0.00661964062601328 0.00668520946055651 0.00675077829509974 0.00681634712964296 0.0068819154985249 0.0069389552809298 0.00697040697559714 0.00700185867026448 0.00703331036493182 0.00706476205959916 0.0070962137542665 0.00712766544893384 0.00715911714360118 0.00723006715998054 0.00731418328359723 0.00739829987287521 0.0074824164621532 0.00756653258576989 0.00765064917504787 0.00773476529866457 0.00782815646380186 0.00794937275350094 0.00807058904320002 0.00819180533289909
0.00618461379781365 0.00618790788576007 0.00619190325960517 0.00619589816778898 0.0061998930759728 0.0062038884498179 0.00620788335800171 0.00621187826618552 0.006222078576684 0.0062508936971426 0.0062797088176012 0.00630852393805981 0.00633733905851841 0.00636615417897701 0.00639496929943562 0.00642378441989422 0.00647995853796601 0.00654525263234973 0.00661054719239473 0.00667584128677845 0.00674113538116217 0.00680642947554588 0.0068717235699296 0.00692977337166667 0.00696608936414123 0.00700240535661578 0.00703872088342905 0.00707503687590361 0.00711135286837816 0.00714766886085272 0.00718398485332727 0.00725834025070071 0.00734537607058883 0.00743241189047694 0.00751944771036506 0.00760648306459188 0.00769351888448 0.00778055470436811 0.00787536986172199 0.00799352210015059 0.00811167433857918 0.0082298256456852
0.00619330490007997 0.00619558896869421 0.00619852915406227 0.00620146933943033 0.00620440952479839 0.00620734971016645 0.00621028989553452 0.00621323008090258 0.0062223426066339 0.00624997122213244 0.0062775993719697 0.00630522798746824 0.00633285660296679 0.00636048521846533 0.00638811383396387 0.00641574198380113 0.0064714141190052 0.00653643347322941 0.0066014532931149 0.00666647311300039 0.0067314924672246 0.00679651228711009 0.0068615316413343 0.00692059146240354 0.00696177175268531 0.00700295204296708 0.00704413186758757 0.00708531215786934 0.00712649244815111 0.0071676722727716 0.00720885256305337 0.00728661380708218 0.00737656885758042 0.00746652390807867 0.00755647895857692 0.00764643400907516 0.00773638905957341 0.00782634411007166 0.00792258232831955 0.00803767051547766 0.00815275870263577 0.00826784688979387
0.00620199600234628 0.00620326958596706 0.00620515504851937 0.00620704051107168 0.00620892597362399 0.0062108114361763 0.00621269643306732 0.00621458189561963 0.0062226066365838 0.006249048281461 0.00627549039199948 0.00630193250253797 0.00632837414741516 0.00635481625795364 0.00638125790283084 0.00640770001336932 0.00646286923438311 0.00652761431410909 0.00659235939383507 0.00665710447356105 0.00672184955328703 0.00678659463301301 0.00685133971273899 0.00691141001880169 0.00695745414122939 0.00700349872931838 0.00704954285174608 0.00709558743983507 0.00714163156226277 0.00718767615035176 0.00723372027277946 0.00731488736346364 0.00740776164457202 0.0075006359256804 0.00759351020678878 0.00768638448789716 0.00777925876900554 0.0078721335157752 0.00796979479491711 0.00808181893080473 0.00819384399801493 0.00830586813390255
0.00621068710461259 0.00621095020323992 0.00621178094297647 0.00621261168271303 0.0062134419567883 0.00621427269652486 0.00621510343626142 0.00621593371033669 0.00622287066653371 0.00624812580645084 0.00627338141202927 0.0062986365519464 0.00632389215752482 0.00634914729744196 0.0063744024373591 0.00639965804293752 0.0064543248154223 0.00651879515498877 0.00658326596021652 0.00664773629978299 0.00671220710501075 0.00677667744457722 0.00684114778414369 0.00690222810953856 0.00695313652977347 0.00700404541566968 0.0070549538359046 0.00710586225613952 0.00715677114203572 0.00720767956227064 0.00725858798250556 0.00734316045418382 0.00743895396590233 0.00753474794328213 0.00763054145500064 0.00772633496671915 0.00782212894409895 0.00791792199015617 0.00801700726151466 0.00812596827745438 0.00823492836207151 0.00834388937801123
0.0062277284450829 0.00622737454250455 0.0062275636009872 0.00622775265946984 0.00622794171795249 0.00622813124209642 0.00622832030057907 0.00622850935906172 0.00623477855697274 0.00625928863883018 0.00628379825502634 0.00630830833688378 0.00633281841874123 0.00635732803493738 0.00638183811679482 0.00640634819865227 0.00645992392674088 0.0065231891348958 0.00658645387738943 0.00664971861988306 0.00671298382803798 0.00677624857053161 0.00683951331302524 0.0069002234376967 0.0069532678462565 0.00700631225481629 0.00705935712903738 0.00711240153759718 0.00716544594615698 0.00721849082037807 0.00727153522893786 0.00735797639936209 0.00745554966852069 0.00755312340334058 0.00765069667249918 0.00774826994165778 0.00784584321081638 0.00794341694563627 0.008043572306633 0.00815147534012794 0.00825937837362289 0.00836728140711784
0.00625312048941851 0.00625254213809967 0.00625250348821282 0.00625246437266469 0.00625242525711656 0.00625238660722971 0.00625234749168158 0.00625230837613344 0.00625833077356219 0.00628253631293774 0.00630674185231328 0.00633094785735011 0.00635515339672565 0.0063793589361012 0.00640356447547674 0.00642777001485229 0.00647966749966145 0.00654079578816891 0.00660192407667637 0.00666305189952254 0.00672418018803 0.00678530801087618 0.00684643629938364 0.00690539553761482 0.00695784762501717 0.0070103001780808 0.00706275226548314 0.00711520481854677 0.00716765690594912 0.00722010945901275 0.00727256154641509 0.00735933473333716 0.00745754828676581 0.00755576184019446 0.00765397539362311 0.00775218894705176 0.0078504029661417 0.00794861651957035 0.00804948899894953 0.00815834105014801 0.00826719217002392 0.00837604328989983
0.00627851206809282 0.00627771019935608 0.00627744290977716 0.00627717608585954 0.00627690879628062 0.006276641972363 0.00627637468278408 0.00627610785886645 0.00628188252449036 0.00630578398704529 0.00632968544960022 0.00635358691215515 0.00637748837471008 0.00640138983726501 0.00642529083415866 0.00644919229671359 0.00649941107258201 0.00655840244144201 0.00661739381030202 0.00667638517916203 0.00673537654802203 0.00679436791688204 0.00685335882008076 0.00691056763753295 0.00696242740377784 0.00701428763568401 0.00706614786759019 0.00711800763383508 0.00716986786574125 0.00722172809764743 0.00727358786389232 0.00736069353297353 0.00745954690501094 0.00755840074270964 0.00765725458040833 0.00775610841810703 0.00785496179014444 0.00795381609350443 0.00805540569126606 0.0081652058288455 0.00827500596642494 0.00838480610400438
0.00630390364676714 0.0063028777949512 0.00630238279700279 0.0063018873333931 0.00630139233544469 0.00630089733749628 0.00630040187388659 0.00629990687593818 0.00630543474107981 0.00632903212681413 0.00635262904688716 0.00637622596696019 0.00639982335269451 0.00642342027276754 0.00644701765850186 0.0064706145785749 0.00651915464550257 0.00657600909471512 0.00663286400958896 0.00668971845880151 0.00674657290801406 0.00680342735722661 0.00686028180643916 0.00691573973745108 0.0069670076481998 0.00701827509328723 0.00706954300403595 0.00712081091478467 0.00717207882553339 0.00722334673628211 0.00727461418136954 0.0073620518669486 0.00746154552325606 0.00756103964522481 0.00766053376719356 0.00776002742350101 0.00785952154546976 0.00795901566743851 0.00806132331490517 0.00817207153886557 0.00828281976282597 0.00839356798678637
