resources/Exp000_Example-Run/Run01_M2/TimeSeries/2010/selection_set/qv2m_avg.asc
NCOLS 265 
NROWS 230 
XLLCORNER -115.5625 
YLLCORNER 24.8333333333333 
CELLSIZE 0.0833333333333333 
NODATA_value -9999 
[rows 95 to 113 of 230, columns 0 to 41 of 265]
0.00421151658520103 0.00423687137663364 0.00426222663372755 0.00428758189082146 0.00431293668225408 0.00433829193934798 0.0043636467307806 0.00442519271746278 0.00449880212545395 0.00457241153344512 0.00464602094143629 0.00471963034942746 0.00479323975741863 0.0048668491654098 0.0049129705876112 0.00487662712112069 0.0048402831889689 0.00480393972247839 0.0047675957903266 0.00473125232383609 0.00469490885734558 0.00465856492519379 0.00463658617809415 0.00461939536035061 0.00460220500826836 0.00458501419052482 0.00456782383844256 0.00455063302069902 0.00453344266861677 0.00452018808573484 0.00451874220743775 0.00451729586347938 0.00451584998518229 0.0045144041068852 0.0045129582285881 0.00451151188462973 0.00451006600633264 0.00450947787612677 0.00450917519629002 0.00450887298211455 0.00450857076793909 0.00450826808810234
0.00423806859180331 0.00426185317337513 0.00428563775494695 0.00430942233651876 0.00433320738375187 0.00435699196532369 0.0043807765468955 0.00444051902741194 0.00451224809512496 0.0045839766971767 0.00465570529922843 0.00472743390128016 0.0047991625033319 0.00487089110538363 0.00491594476625323 0.004880974534899 0.00484600430354476 0.00481103407219052 0.00477606384083629 0.00474109360948205 0.00470612337812781 0.00467115314677358 0.00464887171983719 0.0046308203600347 0.00461276853457093 0.00459471717476845 0.00457666581496596 0.00455861398950219 0.00454056262969971 0.00452694296836853 0.00452661886811256 0.0045262947678566 0.00452597066760063 0.00452564656734467 0.0045253224670887 0.00452499836683273 0.00452467426657677 0.00452404748648405 0.00452331965789199 0.00452259182929993 0.00452186353504658 0.00452113570645452
0.00425152387470007 0.00427281856536865 0.00429411325603724 0.00431540794670582 0.0043367026373744 0.00435799732804298 0.00437929201871157 0.00443426752462983 0.0045004696585238 0.00456667225807905 0.00463287439197302 0.00469907652586699 0.00476527912542224 0.00483148125931621 0.0048741027712822 0.00484598195180297 0.00481786066666245 0.00478973984718323 0.004761619027704 0.00473349774256349 0.00470537692308426 0.00467725563794374 0.00465650344267488 0.00463820761069655 0.00461991177871823 0.00460161594673991 0.00458332011476159 0.00456502428278327 0.00454672845080495 0.00453320052474737 0.00453397538512945 0.00453475071117282 0.00453552603721619 0.00453630089759827 0.00453707622364163 0.004537851549685 0.00453862687572837 0.00453754281625152 0.00453583942726254 0.00453413557261229 0.00453243218362331 0.00453072879463434
0.00426497869193554 0.00428378349170089 0.00430258829146624 0.00432139309123158 0.00434019789099693 0.00435900269076228 0.00437780702486634 0.00442801555618644 0.00448869168758392 0.00454936735332012 0.00461004348471761 0.00467071961611509 0.00473139574751258 0.00479207187891006 0.00483226077631116 0.00481098936870694 0.00478971749544144 0.00476844562217593 0.00474717374891043 0.00472590187564492 0.00470463000237942 0.00468335812911391 0.00466413516551256 0.00464559532701969 0.00462705502286553 0.00460851471871138 0.00458997488021851 0.00457143457606435 0.00455289427191019 0.00453945808112621 0.00454133236780763 0.00454320665448904 0.00454508140683174 0.00454695569351315 0.00454882998019457 0.00455070473253727 0.00455257901921868 0.00455103814601898 0.0045483591966331 0.00454567978158593 0.00454300083220005 0.00454032141715288
0.0042784339748323 0.00429474888369441 0.00431106332689524 0.00432737823575735 0.00434369314461946 0.00436000758782029 0.00437632249668241 0.00442176358774304 0.00447691325098276 0.00453206291422248 0.00458721304312348 0.0046423627063632 0.00469751236960292 0.00475266203284264 0.00479041878134012 0.00477599631994963 0.00476157385855913 0.00474715139716864 0.00473272847011685 0.00471830600872636 0.00470388354733586 0.00468946108594537 0.00467176688835025 0.00465298257768154 0.00463419826701283 0.00461541349068284 0.00459662918001413 0.00457784486934543 0.00455906009301543 0.00454571517184377 0.00454868888482451 0.00455166259780526 0.00455463631078601 0.00455761002376676 0.0045605837367475 0.00456355744972825 0.004566531162709 0.00456453347578645 0.00456087896600366 0.00455722399055958 0.00455356948077679 0.00454991450533271
0.00429188925772905 0.00430571381002665 0.00431953882798553 0.00433336338028312 0.004347188398242 0.00436101295053959 0.00437483796849847 0.00441551161929965 0.00446513528004289 0.00451475847512484 0.00456438213586807 0.00461400579661131 0.00466362899169326 0.0047132526524365 0.00474857678636909 0.0047410037368536 0.00473343022167683 0.00472585717216134 0.00471828365698457 0.00471071014180779 0.00470313709229231 0.00469556357711554 0.00467939861118793 0.00466036982834339 0.00464134104549885 0.0046223122626543 0.00460328347980976 0.00458425469696522 0.00456522591412067 0.00455197272822261 0.00455604586750269 0.00456011854112148 0.00456419168040156 0.00456826481968164 0.00457233749330044 0.00457641063258052 0.0045804837718606 0.00457802880555391 0.00457339873537421 0.00456876819953322 0.00456413766369224 0.00455950759351254
0.00430534407496452 0.00431667920202017 0.00432801386341453 0.00433934852480888 0.00435068365186453 0.00436201831325889 0.00437335297465324 0.00440925965085626 0.00445335684344172 0.00449745403602719 0.00454155122861266 0.00458564842119813 0.0046297456137836 0.00467384327203035 0.00470673479139805 0.00470601068809628 0.00470528658479452 0.00470456248149276 0.00470383837819099 0.00470311427488923 0.00470239017158747 0.0047016660682857 0.00468703033402562 0.00466775754466653 0.00464848428964615 0.00462921103462577 0.00460993824526668 0.0045906649902463 0.0045713922008872 0.00455823028460145 0.00456340238451958 0.00456857495009899 0.00457374705001712 0.00457891914993525 0.00458409124985337 0.00458926381543279 0.00459443591535091 0.00459152460098267 0.00458591850474477 0.00458031240850687 0.00457470631226897 0.00456910021603107
0.00432306062430143 0.00433330098167062 0.0043435413390398 0.00435378169640899 0.00436402251943946 0.00437426287680864 0.00438450323417783 0.00441764853894711 0.00445842882618308 0.00449920911341906 0.00453998986631632 0.00458077015355229 0.00462155044078827 0.00466233119368553 0.00469351140782237 0.00469589186832309 0.0046982723288238 0.00470065325498581 0.00470303371548653 0.00470541417598724 0.00470779463648796 0.00471017556264997 0.00469665508717299 0.00467783492058516 0.00465901475399733 0.00464019412174821 0.00462137395516038 0.00460255378857255 0.00458373315632343 0.00457125157117844 0.00457778573036194 0.00458431988954544 0.00459085404872894 0.00459738820791245 0.00460392236709595 0.00461045652627945 0.00461699068546295 0.00461506703868508 0.00461032334715128 0.00460557965561748 0.00460083642974496 0.00459609273821115
0.0043450384400785 0.00435558008030057 0.00436612172052264 0.00437666336074471 0.0043872045353055 0.00439774617552757 0.00440828781574965 0.00444067781791091 0.00448035122826695 0.00452002417296171 0.00455969711765647 0.00459937052801251 0.00463904347270727 0.00467871641740203 0.00470890616998076 0.00471064681187272 0.00471238745376468 0.00471412809565663 0.00471586873754859 0.00471760937944055 0.0047193500213325 0.00472109066322446 0.00470827287063003 0.00469060242176056 0.00467293197289109 0.00465526152402163 0.00463759107515216 0.00461992062628269 0.00460225017741323 0.00459103705361485 0.00459919590502977 0.00460735475644469 0.00461551314219832 0.00462367199361324 0.00463183084502816 0.00463998969644308 0.004648148547858 0.00464865611866117 0.00464661326259375 0.00464457040652633 0.0046425280161202 0.00464048516005278
0.00436701625585556 0.00437785917893052 0.00438870163634419 0.00439954455941916 0.00441038701683283 0.00442122993990779 0.00443207239732146 0.004463707562536 0.00450227316468954 0.00454083876684308 0.00457940483465791 0.00461797043681145 0.00465653603896499 0.00469510210677981 0.00472430139780045 0.00472540222108364 0.00472650257870555 0.00472760340198874 0.00472870422527194 0.00472980504855514 0.00473090540617704 0.00473200622946024 0.00471989111974835 0.00470337038859725 0.00468684965744615 0.00467032892629504 0.00465380819514394 0.00463728746399283 0.00462076673284173 0.00461082207038999 0.00462060561403632 0.00463038915768266 0.00464017270132899 0.00464995577931404 0.00465973932296038 0.00466952286660671 0.00467930641025305 0.00468224566429853 0.0046829036436975 0.00468356115743518 0.00468421913683414 0.00468487711623311
0.00438899407163262 0.00440013781189919 0.00441128155216575 0.0044224257580936 0.00443356949836016 0.00444471323862672 0.00445585744455457 0.00448673684149981 0.00452419556677341 0.00456165382638574 0.00459911208599806 0.00463657081127167 0.00467402907088399 0.00471148733049631 0.00473969615995884 0.00474015716463327 0.00474061770364642 0.00474107870832086 0.004741539247334 0.00474200025200844 0.00474246079102159 0.00474292179569602 0.0047315089032054 0.00471613788977265 0.00470076687633991 0.00468539632856846 0.00467002531513572 0.00465465430170298 0.00463928375393152 0.0046306075528264 0.00464201532304287 0.00465342355892062 0.00466483179479837 0.00467623956501484 0.00468764780089259 0.00469905603677034 0.00471046380698681 0.00471583474427462 0.00471919355913997 0.00472255190834403 0.00472591072320938 0.00472926907241344
0.00441097188740969 0.00442241691052914 0.00443386193364859 0.00444530695676804 0.00445675197988749 0.00446819700300694 0.00447964202612638 0.0045097665861249 0.004546117503196 0.0045824684202671 0.0046188198029995 0.0046551707200706 0.0046915216371417 0.0047278730198741 0.00475509138777852 0.00475491210818291 0.00475473282858729 0.00475455401465297 0.00475437473505735 0.00475419545546174 0.00475401617586613 0.00475383689627051 0.00474312668666244 0.00472890539094806 0.00471468456089497 0.00470046326518059 0.0046862424351275 0.00467202160507441 0.00465780030936003 0.00465039256960154 0.0046634254977107 0.00467645796015859 0.00468949088826776 0.00470252335071564 0.00471555627882481 0.00472858874127269 0.00474162166938186 0.00474942428991199 0.00475548347458243 0.00476154265925288 0.00476760230958462 0.00477366149425507
0.00443294970318675 0.0044446955434978 0.00445644184947014 0.00446818815544248 0.00447993446141481 0.00449168076738715 0.0045034266076982 0.0045327958650887 0.00456803990527987 0.00460328347980976 0.00463852705433965 0.00467377109453082 0.00470901466906071 0.00474425824359059 0.00477048614993691 0.00476966705173254 0.00476884795352817 0.00476802885532379 0.00476720975711942 0.00476639065891504 0.00476557156071067 0.00476475246250629 0.00475474447011948 0.00474167335778475 0.00472860177978873 0.004715530667454 0.00470245955511928 0.00468938844278455 0.00467631686478853 0.00467017805203795 0.00468483520671725 0.00469949282705784 0.00471414998173714 0.00472880713641644 0.00474346475675702 0.00475812191143632 0.00477277906611562 0.00478301383554935 0.0047917733900249 0.00480053341016173 0.00480929343029857 0.0048180534504354
0.00445737363770604 0.00446913577616215 0.00448089744895697 0.00449265912175179 0.00450442126020789 0.00451618293300271 0.00452794460579753 0.00455684214830399 0.00459145149216056 0.00462606083601713 0.00466066971421242 0.00469527905806899 0.00472988840192556 0.00476449774578214 0.00479030283167958 0.00478969607502222 0.00478908885270357 0.00478848163038492 0.00478787487372756 0.00478726765140891 0.00478666042909026 0.0047860536724329 0.00477656396105886 0.00476411357522011 0.00475166318938136 0.00473921280354261 0.00472676195204258 0.00471431156620383 0.00470186118036509 0.00469629326835275 0.00471137184649706 0.00472645089030266 0.00474152993410826 0.00475660851225257 0.00477168755605817 0.00478676613420248 0.00480184517800808 0.00481497077271342 0.00482744490727782 0.00483991904184222 0.00485239364206791 0.00486486777663231
0.00448424462229013 0.00449573621153831 0.00450722826644778 0.00451872032135725 0.00453021191060543 0.0045417039655149 0.00455319602042437 0.00458190450444818 0.00461635226383805 0.00465080002322793 0.00468524778261781 0.00471969554200768 0.00475414330139756 0.00478859106078744 0.00481454143300653 0.00481499824672937 0.00481545506045222 0.00481591233983636 0.00481636915355921 0.00481682596728206 0.00481728324666619 0.00481774006038904 0.00480858515948057 0.00479622650891542 0.00478386785835028 0.00477150920778513 0.0047591500915587 0.00474679144099355 0.0047344327904284 0.00472873821854591 0.00474303541705012 0.00475733261555433 0.00477162981405854 0.00478592747822404 0.00480022467672825 0.00481452187523246 0.00482881907373667 0.00484529510140419 0.00486249756067991 0.00487969955429435 0.00489690201357007 0.00491410447284579
0.00451111514121294 0.00452233711257577 0.0045335590839386 0.00454478105530143 0.00455600302666426 0.00456722499802709 0.00457844696938992 0.00460696732625365 0.00464125350117683 0.00467553967610002 0.0047098258510232 0.00474411202594638 0.00477839820086956 0.00481268484145403 0.00483877956867218 0.00484030041843653 0.00484182173386216 0.00484334258362651 0.00484486343339086 0.00484638474881649 0.00484790559858084 0.00484942644834518 0.00484060635790229 0.00482833944261074 0.00481607252731919 0.00480380561202765 0.00479153823107481 0.00477927131578326 0.00476700440049171 0.00476118316873908 0.00477469898760319 0.00478821434080601 0.00480173015967011 0.00481524597853422 0.00482876179739833 0.00484227761626244 0.00485579296946526 0.00487561989575624 0.004897550214082 0.00491948006674647 0.00494141038507223 0.00496334070339799
0.00453798612579703 0.00454893801361322 0.00455988990142941 0.00457084225490689 0.00458179414272308 0.00459274603053927 0.00460369791835546 0.00463202968239784 0.00466615427285433 0.0047002793289721 0.00473440391942859 0.00476852850988507 0.00480265356600285 0.00483677815645933 0.00486301770433784 0.00486560305580497 0.00486818794161081 0.00487077282741666 0.00487335817888379 0.00487594306468964 0.00487852795049548 0.00488111283630133 0.00487262802198529 0.00486045237630606 0.00484827719628811 0.00483610201627016 0.00482392683625221 0.00481175119057298 0.00479957601055503 0.00479362811893225 0.00480636209249496 0.00481909653171897 0.00483183050528169 0.00484456494450569 0.00485729891806841 0.00487003289163113 0.00488276733085513 0.00490594422444701 0.00493260240182281 0.00495926104485989 0.00498591922223568 0.00501257739961147
0.00456485664471984 0.00457553891465068 0.00458622071892023 0.00459690298885107 0.00460758525878191 0.00461826706305146 0.0046289493329823 0.00465709203854203 0.00469105551019311 0.0047250185161829 0.00475898198783398 0.00479294499382377 0.00482690846547484 0.00486087147146463 0.00488725630566478 0.00489090522751212 0.00489455414935946 0.0048982035368681 0.00490185245871544 0.00490550138056278 0.00490915030241013 0.00491279968991876 0.00490464922040701 0.00489256531000137 0.00488048186525702 0.00486839842051268 0.00485631497576833 0.00484423106536269 0.00483214762061834 0.00482607306912541 0.00483802566304803 0.00484997825697064 0.00486193085089326 0.00487388344481587 0.00488583603873849 0.0048977886326611 0.00490974122658372 0.00493626901879907 0.0049676550552249 0.00499904155731201 0.00503042759373784 0.00506181363016367
0.00459172716364264 0.00460213935002685 0.00461255153641105 0.00462296372279525 0.00463337590917945 0.00464378809556365 0.00465420028194785 0.00468215486034751 0.0047159562818706 0.00474975816905499 0.00478356005623937 0.00481736147776246 0.00485116336494684 0.00488496478646994 0.00491149444133043 0.00491620739921927 0.0049209208227694 0.00492563378065825 0.00493034673854709 0.00493505969643593 0.00493977311998606 0.0049444860778749 0.00493667041882873 0.00492467870935798 0.00491268653422594 0.00490069482475519 0.00488870311528444 0.00487671094015241 0.00486471923068166 0.00485851801931858 0.00486968923360109 0.00488085998222232 0.00489203119650483 0.00490320194512606 0.00491437315940857 0.00492554437369108 0.00493671512231231 0.00496659381315112 0.00500270770862699 0.00503882206976414 0.00507493596524 0.00511105032637715
