resources/Exp000_Example-Run/Run01_M2/TimeSeries/2010/selection_set/qv2m_avg.asc
NCOLS 265 
NROWS 230 
XLLCORNER -115.5625 
YLLCORNER 24.8333333333333 
CELLSIZE 0.0833333333333333 
NODATA_value -9999 
[rows 57 to 75 of 230, columns 210 to 251 of 265]
0.0069370144046843 0.0069602788425982 0.0069835432805121 0.00700680771842599 0.00703007215633988 0.00705333659425378 0.00707660103216767 0.0071021425537765 0.00712844263762236 0.00715474272146821 0.00718104327097535 0.0072073433548212 0.00723364343866706 0.0072599439881742 0.0072840778157115 0.00730171194300056 0.0073193465359509 0.00733698112890124 0.0073546152561903 0.00737224984914064 0.00738988444209099 0.00740751856938004 0.00743096135556698 0.00745633989572525 0.00748171843588352 0.00750709697604179 0.00753247551620007 0.00755785452201962 0.0075832330621779 0.0076059103012085 0.00762048456817865 0.00763505836948752 0.00764963217079639 0.00766420643776655 0.00767878023907542 0.00769335450604558 0.00770792830735445 0.0077229579910636 0.00773813994601369 0.00775332190096378 0.00776850385591388 0.00778368534520268
0.00694615673273802 0.00697005027905107 0.00699394382536411 0.00701783737167716 0.00704173091799021 0.00706562446430326 0.0070895180106163 0.00711600249633193 0.00714335078373551 0.0071706990711391 0.00719804735854268 0.00722539564594626 0.00725274346768856 0.00728009175509214 0.00730507029220462 0.00732293864712119 0.00734080746769905 0.00735867582261562 0.00737654464319348 0.00739441346377134 0.00741228181868792 0.00743015063926578 0.0074544008821249 0.00748077826574445 0.007507155649364 0.00753353303298354 0.00755991041660309 0.00758628780022264 0.00761266518384218 0.00763605302199721 0.0076504722237587 0.00766489189118147 0.00767931109294295 0.00769373076036572 0.0077081504277885 0.00772256962954998 0.00773698929697275 0.00775217637419701 0.00776761956512928 0.00778306229040027 0.00779850548133254 0.00781394820660353
0.00695529952645302 0.00697982218116522 0.00700434437021613 0.00702886702492833 0.00705338967964053 0.00707791233435273 0.00710243452340364 0.00712986243888736 0.00715825892984867 0.0071866549551487 0.00721505144611001 0.00724344747141004 0.00727184349671006 0.00730023998767138 0.00732606276869774 0.00734416535124183 0.0073622683994472 0.00738037098199129 0.00739847403019667 0.00741657661274076 0.00743467919528484 0.00745278224349022 0.00747783994302154 0.00750521617010236 0.00753259239718318 0.007559968624264 0.00758734485134482 0.00761472107842565 0.00764209730550647 0.00766619574278593 0.00768046034500003 0.00769472541287541 0.0077089904807508 0.0077232550829649 0.00773752015084028 0.00775178521871567 0.00776604982092977 0.00778139429166913 0.00779709871858358 0.00781280267983675 0.00782850757241249 0.00784421153366566
0.00696499785408378 0.00698995729908347 0.00701491720974445 0.00703987665474415 0.00706483609974384 0.00708979554474354 0.00711475498974323 0.00714262155815959 0.00717145763337612 0.00720029324293137 0.00722912885248661 0.00725796446204185 0.00728680053725839 0.00731563614681363 0.00734201306477189 0.0073610139079392 0.0073800147511065 0.00739901512861252 0.00741801597177982 0.00743701681494713 0.00745601765811443 0.00747501803562045 0.00750108947977424 0.00752951763570309 0.00755794625729322 0.00758637441322207 0.00761480256915092 0.00764323119074106 0.00767165934666991 0.00769659876823425 0.00771107152104378 0.0077255442738533 0.00774001656100154 0.00775448931381106 0.00776896206662059 0.00778343481943011 0.00779790710657835 0.00781358312815428 0.00782965961843729 0.0078457361087203 0.00786181259900331 0.00787788908928633
0.00697525264695287 0.00700045702978969 0.0070256614126265 0.00705086579546332 0.00707607017830014 0.00710127456113696 0.00712647894397378 0.00715427985414863 0.00718294689431787 0.00721161346882582 0.00724028004333377 0.00726894708350301 0.00729761365801096 0.0073262806981802 0.00735292118042707 0.00737348385155201 0.00739404605701566 0.00741460872814059 0.00743517139926553 0.00745573360472918 0.00747629627585411 0.00749685848131776 0.007524149492383 0.00755368312820792 0.00758321676403284 0.00761275039985776 0.00764228450134397 0.00767181813716888 0.0077013517729938 0.00772726256400347 0.00774230528622866 0.00775734800845385 0.00777239073067904 0.00778743345290422 0.00780247570946813 0.0078175188973546 0.00783256161957979 0.00784874148666859 0.00786530133336782 0.00788186118006706 0.0078984210267663 0.00791498087346554
0.00698550743982196 0.00701095629483461 0.00703640561550856 0.0070618549361825 0.00708730425685644 0.0071127531118691 0.00713820243254304 0.00716593815013766 0.00719443615525961 0.00722293369472027 0.00725143169984221 0.00727992923930287 0.00730842724442482 0.00733692524954677 0.00736382976174355 0.00738595379516482 0.0074080778285861 0.00743020232766867 0.00745232636108994 0.00747445039451122 0.00749657489359379 0.00751869892701507 0.00754720950499177 0.00757784862071276 0.00760848773643374 0.00763912685215473 0.00766976596787572 0.00770040508359671 0.00773104419931769 0.00775792682543397 0.00777353951707482 0.00778915174305439 0.00780476443469524 0.0078203771263361 0.00783598981797695 0.0078516025096178 0.00786721520125866 0.00788390077650547 0.00790094397962093 0.0079179871827364 0.00793503038585186 0.00795207358896732
0.00699576176702976 0.00702145602554083 0.00704714981839061 0.00707284407690167 0.00709853786975145 0.00712423212826252 0.00714992638677359 0.0071775964461267 0.00720592541620135 0.00723425392061472 0.00726258289068937 0.00729091186076403 0.00731924083083868 0.00734756933525205 0.00737473787739873 0.00739842373877764 0.00742210960015655 0.00744579546153545 0.00746948132291436 0.00749316764995456 0.00751685351133347 0.00754053937271237 0.00757026905193925 0.0076020136475563 0.00763375824317336 0.00766550283879042 0.00769724743440747 0.00772899203002453 0.00776073662564158 0.00778859062120318 0.0078047732822597 0.00782095547765493 0.00783713813871145 0.00785332079976797 0.00786950346082449 0.00788568612188101 0.00790186878293753 0.00791905913501978 0.00793658569455147 0.00795411225408316 0.00797163881361485 0.00798916537314653
0.00700601655989885 0.00703195529058576 0.00705789448693395 0.00708383321762085 0.00710977194830775 0.00713571114465594 0.00716164987534285 0.00718925474211574 0.0072174146771431 0.00724557461217046 0.00727373408153653 0.00730189401656389 0.00733005395159125 0.00735821388661861 0.00738564599305391 0.00741089368239045 0.00743614137172699 0.00746138906106353 0.00748663675040007 0.0075118844397366 0.00753713212907314 0.00756237981840968 0.00759332906454802 0.00762617914006114 0.00765902921557426 0.0076918788254261 0.00772472890093923 0.00775757897645235 0.00779042905196548 0.00781925488263369 0.00783600751310587 0.00785276014357805 0.00786951277405024 0.00788626540452242 0.0079030180349946 0.00791977066546679 0.00793652329593897 0.00795421842485666 0.00797222834080458 0.00799023732542992 0.00800824724137783 0.00802625715732574
0.00701627088710666 0.00704245502129197 0.007068638689816 0.00709482235834002 0.00712100602686405 0.00714718969538808 0.00717337382957339 0.00720091303810477 0.00722890393808484 0.00725689483806491 0.00728488573804498 0.00731287663802505 0.00734086753800511 0.00736885843798518 0.0073965541087091 0.00742336362600327 0.00745017314329743 0.00747698219493032 0.00750379171222448 0.00753060122951865 0.00755741074681282 0.00758422026410699 0.00761638907715678 0.00765034416690469 0.00768429972231388 0.00771825527772307 0.00775221036747098 0.00778616592288017 0.00782012101262808 0.0078499186784029 0.00786724127829075 0.0078845638781786 0.00790188647806644 0.00791920907795429 0.00793653167784214 0.00795385427772999 0.00797117687761784 0.00798937678337097 0.00800787005573511 0.00802636332809925 0.00804485566914082 0.00806334894150496
0.00703440839424729 0.00706094969063997 0.00708749098703265 0.00711403228342533 0.00714057357981801 0.00716711534187198 0.00719365663826466 0.00722101842984557 0.00724865403026342 0.00727628916501999 0.00730392476543784 0.00733155990019441 0.00735919550061226 0.00738683063536882 0.00741450814530253 0.0074423118494451 0.00747011555358768 0.00749791879206896 0.00752572249621153 0.0075535262003541 0.00758132943883538 0.00760913314297795 0.00764235528185964 0.00767738372087479 0.00771241169422865 0.0077474401332438 0.00778246857225895 0.00781749654561281 0.00785252545028925 0.00788324885070324 0.00790106039494276 0.00791887193918228 0.0079366834834218 0.00795449502766132 0.00797230657190084 0.00799011811614037 0.00800792872905731 0.00802631676197052 0.00804489571601152 0.00806347467005253 0.00808205455541611 0.00810063350945711
0.0070604276843369 0.00708743976429105 0.00711445137858391 0.00714146299287677 0.00716847507283092 0.00719548668712378 0.00722249830141664 0.00724957138299942 0.00727666448801756 0.00730375805869699 0.00733085116371512 0.00735794426873326 0.00738503783941269 0.00741213094443083 0.00743950856849551 0.00746773835271597 0.00749596860259771 0.00752419838681817 0.00755242863669991 0.00758065888658166 0.00760888867080212 0.00763711892068386 0.00767122767865658 0.00770729640498757 0.00774336513131857 0.00777943385764956 0.00781550258398056 0.00785157177597284 0.00788764003664255 0.00791924633085728 0.00793746579438448 0.00795568432658911 0.00797390379011631 0.00799212232232094 0.00801034178584814 0.00802856124937534 0.00804677978157997 0.00806503649801016 0.00808330439031124 0.0081015732139349 0.00811984203755856 0.00813811086118221
0.0070864474400878 0.00711392937228084 0.00714141177013516 0.0071688937023282 0.00719637610018253 0.00722385849803686 0.0072513404302299 0.00727812433615327 0.00730467541143298 0.00733122648671269 0.00735777756199241 0.00738432863727212 0.00741088017821312 0.00743743125349283 0.0074645085260272 0.00749316532164812 0.00752182165160775 0.00755047844722867 0.0075791347771883 0.00760779157280922 0.00763644790276885 0.00766510469838977 0.00770010054111481 0.00773720955476165 0.00777431856840849 0.00781142804771662 0.00784853659570217 0.0078856460750103 0.00792275555431843 0.00795524381101131 0.00797387026250362 0.00799249671399593 0.00801112409681082 0.00802975054830313 0.00804837699979544 0.00806700438261032 0.00808563083410263 0.0081037562340498 0.00812171399593353 0.00813967175781727 0.00815763045102358 0.00817558821290731
0.00711246719583869 0.00714041944593191 0.00716837216168642 0.00719632487744093 0.00722427712753415 0.00725222984328866 0.00728018255904317 0.00730667728930712 0.0073326863348484 0.00735869538038969 0.00738470442593098 0.00741071347147226 0.00743672205135226 0.00746273109689355 0.00748950894922018 0.00751859182491899 0.00754767470061779 0.00757675804197788 0.00760584091767669 0.00763492425903678 0.00766400713473558 0.00769309047609568 0.00772897340357304 0.00776712270453572 0.00780527200549841 0.00784342177212238 0.00788157153874636 0.00791972037404776 0.00795787014067173 0.00799124129116535 0.00801027566194534 0.00802931003272533 0.00804834440350533 0.00806737877428532 0.00808641314506531 0.0081054475158453 0.00812448188662529 0.00814247597008944 0.00816012267023325 0.00817777030169964 0.00819541793316603 0.00821306556463242
0.0071384864859283 0.00716690951958299 0.00719533255323768 0.00722375558689237 0.00725217862054706 0.00728060118854046 0.00730902422219515 0.00733523024246097 0.00736069725826383 0.0073861638084054 0.00741163082420826 0.00743709784001112 0.00746256439015269 0.00748803140595555 0.00751450890675187 0.00754401832818985 0.00757352821528912 0.0076030376367271 0.00763254705816507 0.00766205694526434 0.00769156636670232 0.0077210757881403 0.00775784580036998 0.0077970358543098 0.00783622544258833 0.00787541549652815 0.00791460555046797 0.00795379560440779 0.00799298565834761 0.00802723783999681 0.00804668013006449 0.00806612242013216 0.00808556471019983 0.00810500606894493 0.0081244483590126 0.00814389064908028 0.00816333200782537 0.00818119570612907 0.00819853227585554 0.00821586884558201 0.00823320541530848 0.00825054291635752
0.00716450624167919 0.00719339959323406 0.00722229294478893 0.0072511862963438 0.00728007964789867 0.00730897299945354 0.00733786635100842 0.00736378319561481 0.00738870771601796 0.0074136327020824 0.00743855722248554 0.00746348220854998 0.00748840672895312 0.00751333171501756 0.00753950932994485 0.007569445297122 0.00759938126429915 0.00762931723147631 0.00765925366431475 0.0076891896314919 0.00771912559866905 0.0077490615658462 0.00778671866282821 0.00782694853842258 0.00786717887967825 0.00790740922093391 0.00794763956218958 0.00798786990344524 0.00802810024470091 0.00806323532015085 0.00808308552950621 0.00810293480753899 0.00812278408557177 0.00814263429492712 0.0081624835729599 0.00818233378231525 0.00820218306034803 0.00821991544216871 0.00823694095015526 0.00825396738946438 0.0082709938287735 0.00828801933676004
0.00718562444671988 0.00721546867862344 0.0072453124448657 0.00727515667676926 0.00730500044301152 0.00733484420925379 0.00736468844115734 0.00739083392545581 0.00741574726998806 0.00744066014885902 0.00746557302772999 0.00749048590660095 0.00751539878547192 0.00754031166434288 0.00756657589226961 0.00759689370170236 0.0076272115111351 0.00765752932056785 0.0076878466643393 0.00771816447377205 0.00774848228320479 0.00777880009263754 0.00781716872006655 0.0078582214191556 0.00789927411824465 0.0079403268173337 0.00798137951642275 0.00802243128418922 0.00806348398327827 0.00809913221746683 0.00811856891959906 0.00813800469040871 0.00815744139254093 0.00817687716335058 0.00819631386548281 0.00821574963629246 0.00823518633842468 0.00825209729373455 0.00826816819608212 0.0082842381671071 0.0083003081381321 0.00831637904047966
0.00720184203237295 0.00723311677575111 0.00726439151912928 0.00729566626250744 0.0073269410058856 0.00735821574926376 0.00738949049264193 0.00741638289764524 0.00744181452319026 0.00746724614873528 0.00749267730861902 0.00751810893416405 0.00754354055970907 0.0075689721852541 0.00759570952504873 0.0076263640075922 0.00765701849013567 0.00768767297267914 0.00771832745522261 0.00774898193776608 0.00777963642030954 0.00781029090285301 0.00784919690340757 0.00789085403084755 0.00793251022696495 0.00797416735440493 0.00801582355052233 0.00805747974663973 0.0080991368740797 0.00813492946326733 0.00815313123166561 0.0081713330000639 0.00818953476846218 0.00820773560553789 0.00822593737393618 0.00824413914233446 0.00826234091073275 0.00827774312347174 0.00829221215099096 0.00830668117851019 0.00832115020602942 0.00833561923354864
0.00721805915236473 0.00725076487287879 0.00728347012773156 0.00731617584824562 0.00734888156875968 0.00738158728927374 0.0074142930097878 0.00744193186983466 0.00746788177639246 0.00749383214861155 0.00751978205516934 0.00754573242738843 0.00757168233394623 0.00759763270616531 0.00762484269216657 0.00765583431348205 0.00768682546913624 0.00771781662479043 0.00774880824610591 0.0077797994017601 0.00781079055741429 0.00784178171306849 0.0078812250867486 0.00792348571121693 0.00796574633568525 0.00800800696015358 0.00805026758462191 0.00809252914041281 0.00813478976488113 0.00817072670906782 0.00818769354373217 0.00820466037839651 0.00822162721306086 0.00823859497904778 0.00825556181371212 0.00827252864837646 0.00828949548304081 0.00830338802188635 0.00831625610589981 0.00832912418991327 0.00834199227392673 0.0083548603579402
0.00723427627235651 0.00726841250434518 0.00730254920199513 0.0073366854339838 0.00737082213163376 0.00740495836362243 0.00743909506127238 0.00746748084202409 0.00749394949525595 0.00752041814848781 0.00754688680171967 0.00757335545495152 0.00759982410818338 0.00762629276141524 0.00765397632494569 0.00768530461937189 0.00771663244813681 0.00774796074256301 0.00777928857132792 0.00781061686575413 0.00784194469451904 0.00787327252328396 0.00791325327008963 0.00795611832290888 0.00799898337572813 0.00804184749722481 0.00808471255004406 0.00812757760286331 0.00817044172435999 0.00820652395486832 0.00822225585579872 0.0082379886880517 0.0082537205889821 0.00826945342123508 0.00828518532216549 0.00830091815441847 0.00831665005534887 0.00832903385162354 0.00834030006080866 0.00835156720131636 0.00836283434182405 0.00837410148233175
