resources/Exp000_Example-Run/Run01_M2/TimeSeries/2010/selection_set/qv2m_avg.asc
NCOLS 265 
NROWS 230 
XLLCORNER -115.5625 
YLLCORNER 24.8333333333333 
CELLSIZE 0.0833333333333333 
NODATA_value -9999 
[rows 114 to 132 of 230, columns 210 to 251 of 265]
0.00821685139089823 0.00825520139187574 0.00829355139285326 0.00833190139383078 0.00837025232613087 0.00840860232710838 0.0084469523280859 0.00849018152803183 0.00853503588587046 0.00857989024370909 0.00862474553287029 0.00866959989070892 0.00871445517987013 0.00875930953770876 0.00880243722349405 0.00884038489311934 0.00887833256274462 0.00891627930104733 0.00895422697067261 0.00899217370897532 0.0090301213786006 0.00906806904822588 0.00908541306853294 0.00909589044749737 0.00910636782646179 0.00911684520542622 0.00912732165306807 0.00913779903203249 0.00914827641099691 0.00915730930864811 0.00916200876235962 0.0091667091473937 0.00917140860110521 0.0091761089861393 0.00918080843985081 0.00918550882488489 0.0091902082785964 0.00919847842305899 0.00920793786644936 0.0092173982411623 0.00922685768455267 0.00923631805926561
0.00825025234371424 0.00828949362039566 0.00832873396575451 0.00836797431111336 0.00840721465647221 0.00844645500183105 0.00848569627851248 0.00852963328361511 0.00857513584196568 0.00862063840031624 0.0086661409586668 0.00871164444833994 0.0087571470066905 0.00880264956504107 0.00884570833295584 0.00888143479824066 0.00891716219484806 0.00895288866013288 0.00898861605674028 0.00902434252202511 0.00906006991863251 0.00909579638391733 0.00911284424364567 0.00912366528064013 0.00913448724895716 0.00914530828595161 0.00915612932294607 0.0091669512912631 0.00917777232825756 0.00918754283338785 0.0091941598802805 0.00920077785849571 0.00920739490538836 0.00921401288360357 0.00922063086181879 0.00922724790871143 0.00923386588692665 0.00924343336373568 0.00925398338586092 0.00926453433930874 0.00927508529275656 0.0092856353148818
0.00828365422785282 0.008323784917593 0.00836391560733318 0.00840404722839594 0.00844417791813612 0.0084843086078763 0.00852443929761648 0.0085690850391984 0.00861523579806089 0.00866138655692339 0.00870753731578588 0.00875368807464838 0.00879983883351088 0.00884598959237337 0.00888897851109505 0.00892248563468456 0.0089559918269515 0.00898949801921844 0.00902300514280796 0.0090565113350749 0.00909001752734184 0.00912352465093136 0.00914027541875839 0.00915144011378288 0.00916260574012995 0.00917377136647701 0.00918493699282408 0.00919610261917114 0.00920726824551821 0.00921777635812759 0.00922631192952394 0.00923484656959772 0.00924338214099407 0.00925191678106785 0.0092604523524642 0.00926898792386055 0.00927752256393433 0.00928838737308979 0.00930002890527248 0.00931167043745518 0.00932331196963787 0.00933495350182056
0.0083170561119914 0.00835807714611292 0.00839909818023443 0.00844011921435595 0.00848114024847746 0.00852216221392155 0.00856318324804306 0.00860853772610426 0.00865533575415611 0.00870213471353054 0.00874893367290497 0.00879573170095682 0.00884253066033125 0.00888932961970568 0.00893224962055683 0.00896353553980589 0.00899482145905495 0.009026107378304 0.00905739422887564 0.0090886801481247 0.00911996606737375 0.00915125198662281 0.00916770566254854 0.00917921587824821 0.00919072516262531 0.00920223537832499 0.00921374466270208 0.00922525487840176 0.00923676416277885 0.00924800988286734 0.00925846304744482 0.00926891528069973 0.00927936844527721 0.0092898216098547 0.00930027384310961 0.00931072700768709 0.00932118017226458 0.00933334231376648 0.00934607442468405 0.00935880653560162 0.00937153864651918 0.00938427168875933
0.00835045706480742 0.00839236844331026 0.00843428075313568 0.00847619213163853 0.00851810351014137 0.00856001488864422 0.00860192626714706 0.00864798948168755 0.00869543571025133 0.00874288287013769 0.00879032909870148 0.00883777625858784 0.00888522248715162 0.00893266871571541 0.00897552073001862 0.00900458637624979 0.00903365202248096 0.00906271766871214 0.00909178238362074 0.00912084802985191 0.00914991367608309 0.00917897932231426 0.00919513683766127 0.00920699071139097 0.00921884458512068 0.00923069845885038 0.00924255233258009 0.0092544062063098 0.0092662600800395 0.00927824340760708 0.0092906141653657 0.00930298492312431 0.00931535474956036 0.00932772550731897 0.00934009626507759 0.00935246702283621 0.00936483684927225 0.00937829725444317 0.00939211994409561 0.00940594356507063 0.00941976625472307 0.00943358894437551
0.008383858948946 0.00842666067183018 0.00846946239471436 0.00851226411759853 0.00855506584048271 0.00859786849468946 0.00864067021757364 0.00868744123727083 0.00873553566634655 0.00878363102674484 0.00883172545582056 0.00887981988489628 0.008927914313972 0.00897600874304771 0.00901879090815783 0.00904563628137112 0.00907248165458441 0.0090993270277977 0.00912617146968842 0.00915301684290171 0.009179862216115 0.00920670758932829 0.00922256708145142 0.00923476554453373 0.00924696400761604 0.00925916153937578 0.0092713600024581 0.00928355846554041 0.00929575692862272 0.00930847693234682 0.00932276528328657 0.00933705363422632 0.00935134198516607 0.00936562940478325 0.009379917755723 0.00939420610666275 0.0094084944576025 0.00942325219511986 0.00943816546350718 0.00945307966321707 0.00946799293160439 0.00948290713131428
0.00841367896646261 0.00845761131495237 0.00850154459476471 0.00854547694325447 0.00858940929174423 0.00863334164023399 0.00867727492004633 0.0087248831987381 0.00877371616661549 0.00882255006581545 0.00887138396501541 0.00892021786421537 0.00896905083209276 0.00901788473129272 0.00906068831682205 0.0090854037553072 0.00911011826246977 0.00913483276963234 0.00915954820811749 0.00918426271528006 0.00920897722244263 0.0092336917296052 0.00924940127879381 0.00926210824400187 0.00927481520920992 0.00928752217441797 0.00930022913962603 0.00931293703615665 0.00932564400136471 0.00933887809514999 0.00935369450598955 0.00936850998550653 0.00938332639634609 0.00939814280718565 0.00941295828670263 0.00942777469754219 0.00944259110838175 0.00945790950208902 0.0094733964651823 0.00948888342827559 0.00950436946004629 0.00951985642313957
0.00843991804867983 0.008485222235322 0.00853052549064159 0.00857582967728376 0.00862113293260336 0.00866643711924553 0.00871174037456512 0.00876031443476677 0.00880997814238071 0.00885964184999466 0.0089093055576086 0.00895896926522255 0.0090086329728365 0.00905829668045044 0.0091012129560113 0.00912388693541288 0.00914656184613705 0.00916923582553864 0.0091919107362628 0.00921458471566439 0.00923725962638855 0.00925993360579014 0.00927563849836588 0.00928901880979538 0.00930239912122488 0.00931578036397696 0.00932916067540646 0.00934254191815853 0.00935592222958803 0.0093694468960166 0.00938340090215206 0.00939735490828753 0.00941130984574556 0.00942526385188103 0.00943921785801649 0.00945317279547453 0.00946712680160999 0.00948227196931839 0.009497812949121 0.00951335486024618 0.00952889584004879 0.0095444368198514
0.00846615713089705 0.00851283222436905 0.00855950731784105 0.00860618147999048 0.00865285657346249 0.00869953166693449 0.00874620676040649 0.00879574567079544 0.00884623918682337 0.0088967327028513 0.0089472271502018 0.00899772066622972 0.00904821418225765 0.00909870769828558 0.00914173666387796 0.00916237104684114 0.00918300542980433 0.00920363981276751 0.00922427326440811 0.00924490764737129 0.00926554203033447 0.00928617548197508 0.00930187478661537 0.00931592937558889 0.00932998396456242 0.00934403762221336 0.00935809221118689 0.00937214680016041 0.00938620138913393 0.00940001476556063 0.00941310729831457 0.00942619983106852 0.00943929236382246 0.0094523848965764 0.00946547742933035 0.00947856996208429 0.00949166249483824 0.00950663350522518 0.00952222943305969 0.0095378253608942 0.00955342222005129 0.0095690181478858
0.00849239621311426 0.0085404422134161 0.00858848821371794 0.00863653421401978 0.00868458021432161 0.00873262621462345 0.00878067221492529 0.00883117690682411 0.00888250023126602 0.00893382448703051 0.00898514781147242 0.0090364720672369 0.00908779632300138 0.0091391196474433 0.00918226130306721 0.0092008551582694 0.0092194490134716 0.0092380428686738 0.009256636723876 0.0092752305790782 0.00929382350295782 0.00931241735816002 0.00932811200618744 0.00934283994138241 0.00935756787657738 0.00937229581177235 0.00938702374696732 0.00940175168216228 0.00941647961735725 0.00943058356642723 0.00944281369447708 0.00945504475384951 0.00946727581322193 0.00947950687259436 0.00949173700064421 0.00950396806001663 0.00951619911938906 0.00953099504113197 0.00954664591699839 0.0095622967928648 0.00957794766873121 0.00959359854459763
0.00851863529533148 0.00856805220246315 0.0086174700409174 0.00866688694804907 0.00871630385518074 0.00876572076231241 0.00881513766944408 0.00886660814285278 0.00891876220703125 0.00897091533988714 0.00902306940406561 0.00907522346824408 0.00912737753242254 0.00917953159660101 0.00922278501093388 0.00923933833837509 0.00925589259713888 0.0092724459245801 0.00928899925202131 0.00930555257946253 0.00932210590690374 0.00933865923434496 0.00935434922575951 0.00936975050717592 0.00938515178859234 0.00940055400133133 0.00941595528274775 0.00943135656416416 0.00944675784558058 0.00946115143597126 0.00947252102196217 0.0094838896766305 0.00949525833129883 0.00950662791728973 0.00951799657195807 0.00952936615794897 0.0095407348126173 0.00955535657703876 0.00957106240093708 0.0095867682248354 0.00960247404873371 0.00961817987263203
0.0085448743775487 0.0085956621915102 0.00864645093679428 0.00869723875075579 0.00874802749603987 0.00879881531000137 0.00884960405528545 0.00890203937888145 0.0089550232514739 0.00900800712406635 0.0090609909966588 0.00911397486925125 0.0091669587418437 0.00921994354575872 0.00926330965012312 0.00927782244980335 0.00929233618080616 0.00930684898048639 0.00932136178016663 0.00933587551116943 0.00935038831084967 0.0093649011105299 0.00938058644533157 0.00939666107296944 0.00941273663192987 0.00942881125956774 0.00944488681852818 0.00946096144616604 0.00947703700512648 0.00949172023683786 0.00950222741812468 0.00951273459941149 0.0095232417806983 0.00953374896198511 0.00954425614327192 0.00955476332455873 0.00956527050584555 0.00957971811294556 0.00959547888487577 0.00961123965680599 0.00962700042873621 0.00964276120066643
0.00857317727059126 0.00862458255141973 0.00867598876357079 0.00872739404439926 0.00877880025655031 0.00883020553737879 0.00888161174952984 0.00893407873809338 0.00898689962923527 0.00903972052037716 0.00909254141151905 0.00914536230266094 0.00919818319380283 0.00925100408494473 0.00929421279579401 0.00930858589708805 0.00932295899838209 0.00933733209967613 0.00935170520097017 0.00936607830226421 0.00938045140355825 0.0093948245048523 0.00941083766520023 0.0094273965805769 0.00944395642727613 0.00946051627397537 0.00947707612067461 0.00949363596737385 0.00951019581407309 0.0095250541344285 0.0095348097383976 0.00954456441104412 0.00955431908369064 0.00956407468765974 0.00957382936030626 0.00958358403295279 0.00959333963692188 0.00960720516741276 0.00962244253605604 0.00963767897337675 0.00965291634202003 0.00966815277934074
0.0086035430431366 0.00865481235086918 0.00870608258992434 0.00875735189765692 0.0088086212053895 0.00885989144444466 0.00891116075217724 0.00896272622048855 0.00901439134031534 0.00906605552881956 0.00911771971732378 0.00916938483715057 0.00922104902565479 0.00927271321415901 0.00931549537926912 0.00933162868022919 0.00934776198118925 0.00936389435082674 0.0093800276517868 0.00939616095274687 0.00941229425370693 0.009428427554667 0.00944510195404291 0.00946195796132088 0.00947881396859884 0.00949566904455423 0.0095125250518322 0.00952938012778759 0.00954623613506556 0.0095611559227109 0.00957026798278093 0.00957938004285097 0.00958849210292101 0.00959760323166847 0.00960671529173851 0.00961582735180855 0.00962493941187859 0.00963781867176294 0.00965195335447788 0.00966608803719282 0.00968022271990776 0.00969435647130013
0.00863390881568193 0.00868504215031862 0.00873617641627789 0.00878730975091457 0.00883844308555126 0.00888957642018795 0.00894071068614721 0.0089913746342063 0.00904188305139542 0.00909239053726196 0.00914289895445108 0.0091934073716402 0.00924391578882933 0.00929442327469587 0.00933677796274424 0.00935467146337032 0.00937256403267384 0.00939045753329992 0.00940835103392601 0.0094262445345521 0.00944413710385561 0.0094620306044817 0.00947936717420816 0.00949651841074228 0.00951367057859898 0.0095308218151331 0.00954797305166721 0.00956512428820133 0.00958227552473545 0.00959725677967072 0.00960572622716427 0.00961419474333525 0.0096226641908288 0.00963113270699978 0.00963960215449333 0.00964807067066431 0.00965654011815786 0.00966843124479055 0.00968146417289972 0.00969449616968632 0.00970752816647291 0.00972056016325951
0.00866427551954985 0.00871527288109064 0.00876627024263144 0.00881726760417223 0.00886826496571302 0.00891926232725382 0.00897025968879461 0.00902002304792404 0.00906937476247549 0.00911872647702694 0.00916807819157839 0.00921742990612984 0.00926678162068129 0.00931613333523273 0.00935806054621935 0.00937771424651146 0.009397367015481 0.0094170207157731 0.00943667348474264 0.00945632718503475 0.00947598088532686 0.0094956336542964 0.00951363239437342 0.00953107979148626 0.00954852718859911 0.00956597458571196 0.00958342105150223 0.00960086844861507 0.00961831584572792 0.00963335763663054 0.00964118354022503 0.0096490103751421 0.00965683627873659 0.00966466218233109 0.00967248808592558 0.00968031492084265 0.00968814082443714 0.00969904474914074 0.00971097499132156 0.00972290430217981 0.00973483454436064 0.00974676478654146
0.00869464129209518 0.00874550268054008 0.00879636406898499 0.00884722545742989 0.00889808591455221 0.00894894730299711 0.00899980869144201 0.00904867053031921 0.00909686647355556 0.00914506148546934 0.00919325649738312 0.00924145244061947 0.00928964745253325 0.0093378433957696 0.00937934312969446 0.00940075609833002 0.00942216999828815 0.00944358296692371 0.00946499686688185 0.00948640983551741 0.00950782373547554 0.0095292367041111 0.00954789761453867 0.00956564117223024 0.00958338379859924 0.00960112642496824 0.00961886998265982 0.00963661260902882 0.00965435616672039 0.00966945849359035 0.00967664178460836 0.00968382507562637 0.00969100836664438 0.00969819165766239 0.0097053749486804 0.00971255823969841 0.00971974153071642 0.00972965732216835 0.00974048487842083 0.00975131243467331 0.00976214092224836 0.00977296847850084
0.00872500706464052 0.00877573247998953 0.00882645789533854 0.00887718237936497 0.00892790779471397 0.00897863321006298 0.00902935862541199 0.00907731894403696 0.00912435818463564 0.00917139649391174 0.00921843573451042 0.0092654749751091 0.00931251421570778 0.00935955252498388 0.00940062571316957 0.00942379888147116 0.00944697298109531 0.0094701461493969 0.00949331931769848 0.00951649341732264 0.00953966658562422 0.00956284068524837 0.00958216283470392 0.00960020162165165 0.00961824040859938 0.0096362791955471 0.00965431798249483 0.00967235676944256 0.00969039555639029 0.00970556028187275 0.0097121000289917 0.00971864070743322 0.00972518045455217 0.0097317211329937 0.00973826088011265 0.00974480155855417 0.00975134130567312 0.00976027082651854 0.00976999569684267 0.00977972149848938 0.00978944636881351 0.00979917217046022
0.00875706132501364 0.00880768708884716 0.00885831285268068 0.00890893861651421 0.00895956438034773 0.00901019014418125 0.00906081590801477 0.00910770241171122 0.00915334280580282 0.00919898319989443 0.00924462359398603 0.00929026305675507 0.00933590345084667 0.00938154384493828 0.00942206289619207 0.00944721885025501 0.00947237480431795 0.00949753075838089 0.00952268671244383 0.00954784266650677 0.00957299862056971 0.00959815457463264 0.00961784832179546 0.00963572226464748 0.00965359527617693 0.00967146921902895 0.0096893422305584 0.00970721524208784 0.00972508918493986 0.00973996613174677 0.00974585395306349 0.00975174270570278 0.0097576305270195 0.00976351834833622 0.00976940710097551 0.00977529492229223 0.00978118274360895 0.00978975370526314 0.00979921873658895 0.00980868376791477 0.00981814973056316 0.00982761476188898
