resources/Exp000_Example-Run/Run01_M2/TimeSeries/2010/selection_set/swgnt_avg.asc
NCOLS 265 
NROWS 230 
XLLCORNER -115.5625 
YLLCORNER 24.8333333333333 
CELLSIZE 0.0833333333333333 
NODATA_value -9999 
[rows 60 to 79 of 230, columns 46 to 91 of 265]
183.531219482422 182.589401245117 181.647583007812 180.705764770508 179.763946533203 178.822128295898 178.169357299805 177.612945556641 177.056518554688 176.500106811523 175.943695068359 175.387283325195 174.830856323242 174.536285400391 175.027252197266 175.518203735352 176.009170532227 176.500137329102 176.991088867188 177.482055664062 177.973007202148 178.765853881836 179.659317016602 180.552795410156 181.446258544922 182.339736938477 183.233215332031 184.126678466797 184.877685546875 185.201263427734 185.524856567383 185.848434448242 186.172027587891 186.49560546875 186.819198608398 187.142791748047 187.091003417969 186.914108276367 186.737197875977 186.560302734375 186.383392333984 186.206497192383 186.029586791992 185.867935180664 185.751998901367 185.63606262207
184.50129699707 183.501495361328 182.501678466797 181.501876831055 180.502075195312 179.50227355957 178.729446411133 178.032272338867 177.335113525391 176.637954711914 175.940780639648 175.243621826172 174.546463012695 174.148895263672 174.650161743164 175.151428222656 175.652694702148 176.153961181641 176.655227661133 177.156478881836 177.657745361328 178.521179199219 179.505340576172 180.489501953125 181.473648071289 182.457809448242 183.441970825195 184.426132202148 185.259475708008 185.640365600586 186.021255493164 186.402145385742 186.78303527832 187.163925170898 187.544815063477 187.925704956055 187.896026611328 187.729476928711 187.562927246094 187.396392822266 187.229843139648 187.06330871582 186.896759033203 186.743667602539 186.630920410156 186.518157958984
185.471374511719 184.41357421875 183.35578918457 182.297988891602 181.240203857422 180.182403564453 179.289520263672 178.451614379883 177.613708496094 176.775787353516 175.937881469727 175.099960327148 174.262054443359 173.761505126953 174.273071289062 174.784637451172 175.29621887207 175.80778503418 176.319351196289 176.830917358398 177.342483520508 178.276519775391 179.351364135742 180.426208496094 181.501037597656 182.575881958008 183.650726318359 184.725570678711 185.641250610352 186.079452514648 186.517654418945 186.955841064453 187.39404296875 187.832229614258 188.270431518555 188.708618164062 188.701034545898 188.544845581055 188.388671875 188.232482910156 188.076293945312 187.920104980469 187.763931274414 187.619400024414 187.509826660156 187.400268554688
186.441452026367 185.325668334961 184.209884643555 183.094116210938 181.978332519531 180.862548828125 179.849609375 178.870956420898 177.892288208008 176.913619995117 175.934967041016 174.956298828125 173.977645874023 173.374114990234 173.895980834961 174.417861938477 174.939727783203 175.461608886719 175.983489990234 176.505355834961 177.027236938477 178.031845092773 179.197372436523 180.362899780273 181.528427124023 182.693969726562 183.859497070312 185.025024414062 186.023040771484 186.518539428711 187.014038085938 187.509552001953 188.00505065918 188.500549316406 188.996047973633 189.491546630859 189.506057739258 189.360229492188 189.214401245117 189.068572998047 188.922744750977 188.776916503906 188.631103515625 188.495132446289 188.388748168945 188.282379150391
187.411529541016 186.237762451172 185.063995361328 183.890228271484 182.716461181641 181.542694091797 180.409698486328 179.290283203125 178.170883178711 177.051467895508 175.932052612305 174.812637329102 173.693237304688 172.986724853516 173.518905639648 174.051071166992 174.583251953125 175.115432739258 175.647613525391 176.179794311523 176.711975097656 177.787170410156 179.043395996094 180.299606323242 181.555816650391 182.812042236328 184.068252563477 185.324462890625 186.404830932617 186.957641601562 187.510437011719 188.063247680664 188.616058349609 189.168853759766 189.721664428711 190.274459838867 190.311065673828 190.175598144531 190.040130615234 189.904663085938 189.769195556641 189.633728027344 189.498260498047 189.370864868164 189.267669677734 189.164474487305
188.381607055664 187.149856567383 185.918106079102 184.686340332031 183.45458984375 182.222839355469 180.969787597656 179.709625244141 178.449462890625 177.189300537109 175.929138183594 174.668991088867 173.408828735352 172.599334716797 173.141815185547 173.684295654297 174.226776123047 174.769256591797 175.311752319336 175.854232788086 176.396713256836 177.542510986328 178.889404296875 180.236312866211 181.583206176758 182.930114746094 184.27702331543 185.623916625977 186.78662109375 187.396728515625 188.0068359375 188.616943359375 189.22705078125 189.837173461914 190.447280883789 191.057388305664 191.116088867188 190.990982055664 190.865859985352 190.740753173828 190.615646362305 190.490539550781 190.365432739258 190.246597290039 190.146591186523 190.046585083008
189.110931396484 187.825958251953 186.541000366211 185.25602722168 183.971054077148 182.686080932617 181.414505004883 180.147399902344 178.880294799805 177.613189697266 176.346084594727 175.078979492188 173.811859130859 173.010650634766 173.60710144043 174.203567504883 174.800018310547 175.396469116211 175.992919921875 176.589385986328 177.185836791992 178.321212768555 179.636245727539 180.951263427734 182.26628112793 183.581298828125 184.89631652832 186.211349487305 187.347229003906 187.945678710938 188.544143676758 189.142593383789 189.741058349609 190.339508056641 190.937973022461 191.536422729492 191.552551269531 191.374557495117 191.196578979492 191.018585205078 190.840591430664 190.662612915039 190.484619140625 190.320770263672 190.199356079102 190.077926635742
189.599533081055 188.266098022461 186.932678222656 185.599258422852 184.265823364258 182.932403564453 181.743850708008 180.603607177734 179.463348388672 178.323104858398 177.182861328125 176.042602539062 174.902359008789 174.220687866211 174.914779663086 175.608871459961 176.302963256836 176.9970703125 177.691162109375 178.38525390625 179.079345703125 180.123306274414 181.283874511719 182.444458007812 183.605026245117 184.765594482422 185.926177978516 187.08674621582 188.086639404297 188.6044921875 189.122344970703 189.640197753906 190.158050537109 190.675888061523 191.193740844727 191.71159362793 191.620468139648 191.326370239258 191.032257080078 190.738143920898 190.444046020508 190.149932861328 189.855819702148 189.593383789062 189.42594909668 189.258514404297
190.088119506836 188.706237792969 187.324356079102 185.942474365234 184.560607910156 183.178726196289 182.073211669922 181.059814453125 180.046417236328 179.033020019531 178.019622802734 177.006240844727 175.99284362793 175.430725097656 176.222457885742 177.014190673828 177.805923461914 178.59765625 179.389389038086 180.181121826172 180.972854614258 181.925384521484 182.931518554688 183.937637329102 184.943771362305 185.949905395508 186.956024169922 187.962158203125 188.826065063477 189.263305664062 189.700546264648 190.137786865234 190.57502746582 191.012268066406 191.449508666992 191.886749267578 191.688400268555 191.278167724609 190.867935180664 190.457702636719 190.047485351562 189.637252807617 189.227020263672 188.865997314453 188.652542114258 188.439086914062
190.576705932617 189.146377563477 187.716033935547 186.285705566406 184.855377197266 183.425048828125 182.402557373047 181.516021728516 180.629486083984 179.742950439453 178.856399536133 177.969863891602 177.08332824707 176.640762329102 177.530136108398 178.419509887695 179.308883666992 180.1982421875 181.087615966797 181.976989746094 182.866363525391 183.727462768555 184.579147338867 185.43083190918 186.282516479492 187.134201049805 187.985885620117 188.83757019043 189.565490722656 189.922119140625 190.278747558594 190.635391235352 190.99201965332 191.348648071289 191.705291748047 192.061920166016 191.756317138672 191.229965209961 190.70361328125 190.177276611328 189.650924682617 189.124572753906 188.598220825195 188.138595581055 187.879135131836 187.619674682617
191.065292358398 189.586502075195 188.107727050781 186.628936767578 185.150161743164 183.671371459961 182.731918334961 181.972229003906 181.212554931641 180.452865600586 179.693176269531 178.933502197266 178.173812866211 177.850799560547 178.837814331055 179.824813842773 180.811828613281 181.798843383789 182.785858154297 183.772857666016 184.759872436523 185.529556274414 186.226791381836 186.924026489258 187.62126159668 188.318496704102 189.015731811523 189.712966918945 190.304901123047 190.580932617188 190.856964111328 191.13298034668 191.40901184082 191.685028076172 191.961059570312 192.237075805664 191.824234008789 191.181762695312 190.539306640625 189.896835327148 189.254364013672 188.611892700195 187.969421386719 187.411209106445 187.105728149414 186.800262451172
191.55387878418 190.026641845703 188.499404907227 186.97216796875 185.444931030273 183.917709350586 183.061279296875 182.428436279297 181.795608520508 181.162780761719 180.52995300293 179.897125244141 179.264297485352 179.060836791992 180.145492553711 181.230133056641 182.314788818359 183.399429321289 184.484085083008 185.568725585938 186.653381347656 187.331634521484 187.874420166016 188.417221069336 188.960006713867 189.502792358398 190.045593261719 190.58837890625 191.044326782227 191.23974609375 191.435165405273 191.630584716797 191.825988769531 192.021408081055 192.216827392578 192.412246704102 191.892150878906 191.133575439453 190.374984741211 189.616394042969 188.857803344727 188.099212646484 187.340621948242 186.683807373047 186.332321166992 185.980834960938
191.625457763672 190.107879638672 188.590301513672 187.072723388672 185.555160522461 184.037582397461 183.224060058594 182.645217895508 182.066375732422 181.487533569336 180.908706665039 180.329864501953 179.751022338867 179.598159790039 180.723205566406 181.848266601562 182.97331237793 184.098358154297 185.223419189453 186.34846496582 187.473526000977 188.111526489258 188.587188720703 189.062835693359 189.538497924805 190.014144897461 190.489807128906 190.965454101562 191.368209838867 191.552261352539 191.736312866211 191.920364379883 192.104415893555 192.288467407227 192.472518920898 192.65657043457 192.122100830078 191.348129272461 190.574157714844 189.800186157227 189.026214599609 188.252243041992 187.478271484375 186.809646606445 186.457015991211 186.104385375977
191.280014038086 189.830215454102 188.380416870117 186.930618286133 185.480804443359 184.031005859375 183.220275878906 182.62255859375 182.024841308594 181.427124023438 180.829406738281 180.231689453125 179.633972167969 179.462738037109 180.57096862793 181.679183959961 182.787414550781 183.895629882812 185.003860473633 186.112075805664 187.220306396484 187.869232177734 188.36506652832 188.860885620117 189.356719970703 189.8525390625 190.348373413086 190.844207763672 191.276550292969 191.518478393555 191.760406494141 192.002334594727 192.244262695312 192.486190795898 192.728118896484 192.97004699707 192.514068603516 191.825454711914 191.136840820312 190.448226928711 189.75959777832 189.070983886719 188.382369995117 187.788696289062 187.479797363281 187.170913696289
190.934585571289 189.552551269531 188.170516967773 186.788497924805 185.406463623047 184.024444580078 183.216491699219 182.599899291992 181.983306884766 181.366714477539 180.750122070312 180.133529663086 179.516937255859 179.327331542969 180.418731689453 181.510116577148 182.601516723633 183.692901611328 184.784301757812 185.875686645508 186.967086791992 187.626937866211 188.142944335938 188.658935546875 189.174942016602 189.690948486328 190.206939697266 190.722946166992 191.18489074707 191.48469543457 191.78450012207 192.08430480957 192.38410949707 192.68391418457 192.98371887207 193.28352355957 192.906021118164 192.302764892578 191.699508666992 191.096252441406 190.49299621582 189.889724731445 189.286468505859 188.76774597168 188.502578735352 188.237426757812
190.589141845703 189.274887084961 187.960632324219 186.646377563477 185.332122802734 184.017868041992 183.212707519531 182.577239990234 181.941757202148 181.306289672852 180.670822143555 180.035354614258 179.399887084961 179.191925048828 180.266479492188 181.341049194336 182.415618896484 183.490173339844 184.564743041992 185.639297485352 186.7138671875 187.384643554688 187.920822143555 188.456985473633 188.9931640625 189.529342651367 190.065521240234 190.601684570312 191.093246459961 191.450927734375 191.80859375 192.166275024414 192.523956298828 192.881637573242 193.239318847656 193.59700012207 193.297988891602 192.780090332031 192.262191772461 191.744277954102 191.226379394531 190.708480834961 190.190567016602 189.746780395508 189.525360107422 189.303955078125
190.243713378906 188.997222900391 187.750747680664 186.504257202148 185.257781982422 184.011306762695 183.208923339844 182.554580688477 181.90022277832 181.245880126953 180.591537475586 179.93717956543 179.282836914062 179.056518554688 180.114242553711 181.171981811523 182.229721069336 183.287445068359 184.345184326172 185.402908325195 186.460647583008 187.142349243164 187.698699951172 188.255035400391 188.811386108398 189.367736816406 189.924087524414 190.480438232422 191.001586914062 191.417144775391 191.832702636719 192.248260498047 192.663803100586 193.079360961914 193.494918823242 193.91047668457 193.689956665039 193.257400512695 192.824859619141 192.392318725586 191.959762573242 191.527221679688 191.094665527344 190.725830078125 190.548156738281 190.370468139648
189.89826965332 188.71955871582 187.540863037109 186.362152099609 185.183441162109 184.004730224609 183.205139160156 182.53190612793 181.858688354492 181.185470581055 180.512237548828 179.839019775391 179.165802001953 178.921096801758 179.962005615234 181.002914428711 182.043807983398 183.084716796875 184.125625610352 185.166519165039 186.207427978516 186.900054931641 187.476577758789 188.053085327148 188.629608154297 189.206130981445 189.782653808594 190.359176635742 190.909927368164 191.383361816406 191.856796264648 192.330230712891 192.803665161133 193.277084350586 193.750518798828 194.22395324707 194.081924438477 193.734725952148 193.38752746582 193.040344238281 192.693145751953 192.345962524414 191.998764038086 191.704879760742 191.570938110352 191.436981201172
189.291061401367 188.198532104492 187.105987548828 186.013458251953 184.920928955078 183.828399658203 183.100463867188 182.494049072266 181.887634277344 181.281219482422 180.674819946289 180.068405151367 179.461990356445 179.21826171875 180.062561035156 180.906860351562 181.751174926758 182.595474243164 183.43977355957 184.284088134766 185.128387451172 185.749572753906 186.29638671875 186.843200683594 187.390014648438 187.93684387207 188.483657836914 189.030471801758 189.589294433594 190.184173583984 190.779067993164 191.373947143555 191.968826293945 192.563705444336 193.158584594727 193.753463745117 193.769577026367 193.592742919922 193.415908813477 193.23908996582 193.062255859375 192.885437011719 192.708602905273 192.568771362305 192.539886474609 192.511016845703
188.422058105469 187.434112548828 186.446166992188 185.458206176758 184.470260620117 183.482315063477 182.894897460938 182.440979003906 181.987075805664 181.533157348633 181.079238891602 180.625335693359 180.171417236328 179.947967529297 180.415908813477 180.883834838867 181.351776123047 181.819717407227 182.287643432617 182.755584716797 183.223526000977 183.69091796875 184.158157348633 184.625381469727 185.09260559082 185.559844970703 186.027069091797 186.494293212891 187.039688110352 187.819595336914 188.599502563477 189.379409790039 190.159301757812 190.939208984375 191.719116210938 192.4990234375 192.752914428711 192.831451416016 192.910003662109 192.988555908203 193.067092895508 193.145645141602 193.224197387695 193.317489624023 193.455017089844 193.592559814453
