resources/Exp000_Example-Run/Run01_M2/TimeSeries/2010/selection_set/swgnt_avg.asc
NCOLS 265 
NROWS 230 
XLLCORNER -115.5625 
YLLCORNER 24.8333333333333 
CELLSIZE 0.0833333333333333 
NODATA_value -9999 
[rows 120 to 139 of 230, columns 46 to 91 of 265]
210.295745849609 210.958892822266 211.622024536133 212.285171508789 212.948303222656 213.611450195312 213.791305541992 213.81005859375 213.828826904297 213.847579956055 213.866333007812 213.885101318359 213.903854370117 213.922348022461 213.940063476562 213.957763671875 213.975479125977 213.993194580078 214.010894775391 214.028610229492 214.046310424805 213.96272277832 213.845367431641 213.728012084961 213.610656738281 213.493301391602 213.375946044922 213.258590698242 213.213195800781 213.383666992188 213.554153442383 213.724624633789 213.895095825195 214.065567016602 214.236038208008 214.406524658203 213.842132568359 213.032775878906 212.223434448242 211.414077758789 210.604736328125 209.795379638672 208.986038208008 208.278411865234 207.875961303711 207.473526000977
208.669372558594 209.43586730957 210.202377319336 210.968887329102 211.735382080078 212.501892089844 212.783264160156 212.902923583984 213.022583007812 213.142242431641 213.261901855469 213.381561279297 213.501220703125 213.607604980469 213.674224853516 213.740844726562 213.807464599609 213.874084472656 213.940689086914 214.007308959961 214.073928833008 214.059844970703 214.018844604492 213.97785949707 213.936874389648 213.895874023438 213.854888916016 213.813903808594 213.823806762695 213.986404418945 214.149002075195 214.311599731445 214.474197387695 214.636779785156 214.799377441406 214.961975097656 214.466598510742 213.751876831055 213.037170410156 212.322463989258 211.60774230957 210.893035888672 210.178329467773 209.509979248047 208.980773925781 208.451568603516
207.042984008789 207.912857055664 208.782730102539 209.652603149414 210.5224609375 211.392333984375 211.77522277832 211.995788574219 212.216339111328 212.436904907227 212.657455444336 212.878021240234 213.098571777344 213.292877197266 213.408401489258 213.52392578125 213.639450073242 213.754974365234 213.870483398438 213.98600769043 214.101531982422 214.156951904297 214.192321777344 214.22770690918 214.263076782227 214.298446655273 214.333831787109 214.369201660156 214.434417724609 214.589126586914 214.743850708008 214.898574829102 215.053283691406 215.2080078125 215.362716674805 215.517440795898 215.091064453125 214.470993041992 213.85090637207 213.230834960938 212.610763549805 211.990692138672 211.37060546875 210.741561889648 210.085586547852 209.429611206055
205.416610717773 206.389846801758 207.363082885742 208.336318969727 209.309539794922 210.282775878906 210.767181396484 211.088638305664 211.410095214844 211.731552124023 212.053024291992 212.374481201172 212.695938110352 212.978134155273 213.142562866211 213.306991577148 213.471420288086 213.635864257812 213.80029296875 213.964721679688 214.129150390625 214.254058837891 214.365798950195 214.4775390625 214.589279174805 214.701034545898 214.812774658203 214.924514770508 215.045028686523 215.191864013672 215.33869934082 215.485549926758 215.632385253906 215.779220581055 215.926055908203 216.072891235352 215.715530395508 215.190093994141 214.664657592773 214.139205932617 213.61376953125 213.088333129883 212.562896728516 211.973129272461 211.190399169922 210.407653808594
203.790222167969 204.866821289062 205.943420410156 207.02001953125 208.096618652344 209.173217773438 209.759140014648 210.181503295898 210.603866577148 211.026214599609 211.448577880859 211.870941162109 212.29328918457 212.663391113281 212.876739501953 213.090072631836 213.303405761719 213.516754150391 213.730087280273 213.943420410156 214.156753540039 214.351181030273 214.539276123047 214.727386474609 214.915496826172 215.103607177734 215.291702270508 215.47981262207 215.655639648438 215.79460144043 215.933563232422 216.072509765625 216.211471557617 216.350433349609 216.489395141602 216.628356933594 216.339996337891 215.909194946289 215.478393554688 215.047592163086 214.616790771484 214.185989379883 213.755187988281 213.204711914062 212.295211791992 211.385711669922
202.163848876953 203.343811035156 204.523773193359 205.703735351562 206.883697509766 208.063674926758 208.751098632812 209.274368286133 209.797622680664 210.320877075195 210.844131469727 211.367401123047 211.890655517578 212.348663330078 212.610900878906 212.873153686523 213.135391235352 213.397644042969 213.659881591797 213.922119140625 214.184371948242 214.448287963867 214.712753295898 214.977233886719 215.24169921875 215.50617980957 215.770645141602 216.035125732422 216.266250610352 216.397323608398 216.528411865234 216.659484863281 216.790573120117 216.921646118164 217.052734375 217.183822631836 216.964462280273 216.628295898438 216.292129516602 215.955963134766 215.61979675293 215.283630371094 214.947479248047 214.436279296875 213.400009155273 212.363754272461
200.747711181641 201.969512939453 203.191329956055 204.413131713867 205.634948730469 206.85676574707 207.635482788086 208.266494750977 208.897521972656 209.528533935547 210.159561157227 210.790573120117 211.421600341797 211.962524414062 212.233154296875 212.503784179688 212.7744140625 213.045043945312 213.315673828125 213.586303710938 213.85693359375 214.136016845703 214.417907714844 214.699798583984 214.981689453125 215.263580322266 215.545486450195 215.827377319336 216.075149536133 216.220550537109 216.365966796875 216.511383056641 216.656784057617 216.802200317383 216.947601318359 217.093017578125 216.95539855957 216.723434448242 216.491455078125 216.259490966797 216.027526855469 215.795562744141 215.563598632812 215.11833190918 214.033157348633 212.947967529297
199.541793823242 200.743942260742 201.946075439453 203.148223876953 204.350357055664 205.552505493164 206.41227722168 207.157913208008 207.903549194336 208.649200439453 209.394836425781 210.140472412109 210.886123657227 211.504974365234 211.743469238281 211.981964111328 212.220458984375 212.458953857422 212.697463989258 212.935958862305 213.174453735352 213.414352416992 213.654724121094 213.895095825195 214.135467529297 214.375839233398 214.6162109375 214.856582641602 215.082336425781 215.264282226562 215.446228027344 215.628173828125 215.810119628906 215.992065429688 216.174011230469 216.35595703125 216.312789916992 216.194580078125 216.076385498047 215.95817565918 215.839965820312 215.721755981445 215.603561401367 215.250839233398 214.194610595703 213.138381958008
198.335891723633 199.518356323242 200.700836181641 201.88330078125 203.065780639648 204.248245239258 205.189056396484 206.049331665039 206.909591674805 207.76985168457 208.630111694336 209.490386962891 210.350646972656 211.047439575195 211.253799438477 211.460159301758 211.666519165039 211.87287902832 212.079238891602 212.285598754883 212.491958618164 212.692687988281 212.891540527344 213.090393066406 213.28923034668 213.488082885742 213.686935424805 213.885772705078 214.089538574219 214.308013916016 214.526489257812 214.744979858398 214.963455200195 215.181930541992 215.400421142578 215.618896484375 215.670181274414 215.665740966797 215.66130065918 215.656845092773 215.652404785156 215.647964477539 215.643524169922 215.383361816406 214.356079101562 213.32878112793
197.129989624023 198.292785644531 199.455581665039 200.618377685547 201.781188964844 202.943984985352 203.965850830078 204.940734863281 205.915618896484 206.890502929688 207.86540222168 208.840286254883 209.815170288086 210.589889526367 210.764114379883 210.938339233398 211.112564086914 211.286804199219 211.461029052734 211.63525390625 211.809478759766 211.97102355957 212.128356933594 212.285675048828 212.443008422852 212.600326538086 212.757659912109 212.914978027344 213.096725463867 213.351745605469 213.60676574707 213.861770629883 214.116790771484 214.371810913086 214.626815795898 214.8818359375 215.027572631836 215.136901855469 215.246215820312 215.355529785156 215.46484375 215.574157714844 215.683486938477 215.515884399414 214.517532348633 213.519180297852
195.924072265625 197.067199707031 198.210342407227 199.353469848633 200.496597290039 201.639724731445 202.742645263672 203.832153320312 204.921661376953 206.011169433594 207.100677490234 208.190185546875 209.279693603516 210.132354736328 210.274444580078 210.416534423828 210.558624267578 210.700714111328 210.842803955078 210.984909057617 211.126998901367 211.249374389648 211.365173339844 211.480972290039 211.596771240234 211.71257019043 211.828384399414 211.944183349609 212.103927612305 212.395477294922 212.687026977539 212.978576660156 213.270126342773 213.561676025391 213.853225708008 214.144775390625 214.384979248047 214.608047485352 214.831130981445 215.054214477539 215.277282714844 215.500366210938 215.723449707031 215.648406982422 214.679000854492 213.709594726562
194.718170166016 195.84162902832 196.965087890625 198.08854675293 199.212005615234 200.335464477539 201.519439697266 202.723556518555 203.927688598633 205.131820678711 206.335952758789 207.540084838867 208.744216918945 209.6748046875 209.784759521484 209.894714355469 210.004684448242 210.114639282227 210.224594116211 210.334548950195 210.44450378418 210.527709960938 210.601989746094 210.67626953125 210.750549316406 210.824829101562 210.899108886719 210.973388671875 211.111114501953 211.439193725586 211.767288208008 212.095367431641 212.423461914062 212.751541137695 213.079635620117 213.40771484375 213.742370605469 214.079208374023 214.416046142578 214.752883911133 215.089721679688 215.426559448242 215.763397216797 215.780914306641 214.840454101562 213.899993896484
194.349700927734 195.391998291016 196.434310913086 197.476608276367 198.518905639648 199.561218261719 200.761611938477 202.014709472656 203.267807006836 204.520904541016 205.774002075195 207.027084350586 208.280181884766 209.236770629883 209.303848266602 209.37092590332 209.438003540039 209.505081176758 209.572158813477 209.639221191406 209.706298828125 209.729904174805 209.739028930664 209.748153686523 209.757263183594 209.766387939453 209.775512695312 209.784637451172 209.869293212891 210.180557250977 210.491821289062 210.803085327148 211.114349365234 211.425628662109 211.736892700195 212.048156738281 212.383193969727 212.726165771484 213.069122314453 213.412094116211 213.755065917969 214.098022460938 214.440994262695 214.490417480469 213.659194946289 212.827987670898
194.81867980957 195.718338012695 196.61799621582 197.517639160156 198.417297363281 199.316955566406 200.469177246094 201.705581665039 202.941986083984 204.17839050293 205.414794921875 206.65119934082 207.887603759766 208.818267822266 208.83171081543 208.845153808594 208.858596801758 208.872039794922 208.885482788086 208.89892578125 208.912368774414 208.855972290039 208.776306152344 208.696624755859 208.616943359375 208.53727722168 208.457595825195 208.3779296875 208.378448486328 208.619537353516 208.860626220703 209.101715087891 209.342803955078 209.583908081055 209.824996948242 210.06608581543 210.30744934082 210.548919677734 210.790374755859 211.031829833984 211.273284912109 211.514739990234 211.756195068359 211.776885986328 211.135223388672 210.493576049805
195.287643432617 196.044662475586 196.801666259766 197.558685302734 198.315689086914 199.072708129883 200.176742553711 201.396453857422 202.616165161133 203.835876464844 205.055587768555 206.275299072266 207.495010375977 208.399749755859 208.359558105469 208.319381713867 208.279190063477 208.238998413086 208.198822021484 208.158630371094 208.118438720703 207.982040405273 207.813568115234 207.645095825195 207.476623535156 207.308166503906 207.139694213867 206.971221923828 206.887588500977 207.058517456055 207.229431152344 207.400344848633 207.571273803711 207.7421875 207.913101196289 208.084014892578 208.231719970703 208.371658325195 208.511611938477 208.651565551758 208.791519165039 208.931457519531 209.071411132812 209.063354492188 208.611251831055 208.159149169922
195.756622314453 196.370986938477 196.9853515625 197.599716186523 198.214080810547 198.82844543457 199.884307861328 201.087326049805 202.290344238281 203.493362426758 204.696380615234 205.8994140625 207.102432250977 207.981231689453 207.887420654297 207.793594360352 207.699783325195 207.605972290039 207.512145996094 207.418334960938 207.324508666992 207.108108520508 206.850845336914 206.59358215332 206.336303710938 206.079040527344 205.82177734375 205.564514160156 205.396743774414 205.497497558594 205.598236083984 205.698974609375 205.799728393555 205.900466918945 206.001205444336 206.101959228516 206.155975341797 206.194412231445 206.232849121094 206.271301269531 206.30973815918 206.348175048828 206.386627197266 206.349822998047 206.087280273438 205.824737548828
196.225601196289 196.697326660156 197.169036865234 197.640762329102 198.11247253418 198.584197998047 199.591873168945 200.778198242188 201.96452331543 203.150863647461 204.337188720703 205.523513793945 206.709838867188 207.562728881836 207.415267944336 207.267822265625 207.120376586914 206.972930908203 206.825485229492 206.678024291992 206.530578613281 206.234176635742 205.888107299805 205.542053222656 205.195983886719 204.84992980957 204.503875732422 204.157806396484 203.905899047852 203.936477661133 203.967041015625 203.997604370117 204.028182983398 204.058746337891 204.089324951172 204.119888305664 204.080230712891 204.017166137695 203.9541015625 203.891036987305 203.827972412109 203.764892578125 203.70182800293 203.636291503906 203.56330871582 203.490325927734
196.694580078125 197.023651123047 197.352722167969 197.681793212891 198.010864257812 198.339950561523 199.299438476562 200.46907043457 201.638717651367 202.808349609375 203.977981567383 205.147613525391 206.317260742188 207.14421081543 206.943130493164 206.742050170898 206.540969848633 206.339889526367 206.138809204102 205.937728881836 205.73664855957 205.360244750977 204.925384521484 204.490524291992 204.0556640625 203.620819091797 203.185958862305 202.751098632812 202.415054321289 202.375457763672 202.335845947266 202.296249389648 202.256637573242 202.217025756836 202.177429199219 202.137817382812 202.004486083984 201.839920043945 201.675338745117 201.510772705078 201.34619140625 201.181610107422 201.017044067383 200.922760009766 201.039337158203 201.155899047852
197.304077148438 197.544128417969 197.784164428711 198.024215698242 198.264266967773 198.504318237305 199.396057128906 200.505035400391 201.614013671875 202.722991943359 203.831970214844 204.940948486328 206.049926757812 206.82160949707 206.581390380859 206.341171264648 206.100967407227 205.860748291016 205.620544433594 205.380325317383 205.140106201172 204.743728637695 204.295303344727 203.846862792969 203.3984375 202.949996948242 202.501571655273 202.053146362305 201.695419311523 201.609802246094 201.524200439453 201.438583374023 201.352981567383 201.267364501953 201.181762695312 201.096160888672 200.894805908203 200.654876708984 200.414932250977 200.175003051758 199.935073852539 199.69514465332 199.455215454102 199.318969726562 199.493789672852 199.668609619141
198.054107666016 198.258743286133 198.46337890625 198.668029785156 198.872665405273 199.077301025391 199.881729125977 200.886093139648 201.890441894531 202.894790649414 203.899139404297 204.903503417969 205.907852172852 206.594909667969 206.330062866211 206.065200805664 205.800354003906 205.535507202148 205.270660400391 205.005813598633 204.740966796875 204.384658813477 203.997863769531 203.611083984375 203.22428894043 202.837493896484 202.450714111328 202.063919067383 201.746963500977 201.639526367188 201.532089233398 201.424652099609 201.31721496582 201.209777832031 201.102325439453 200.994888305664 200.751174926758 200.462036132812 200.172897338867 199.883758544922 199.594619750977 199.305480957031 199.016342163086 198.824920654297 198.926666259766 199.028411865234
