resources/Exp000_Example-Run/Run01_M2/TimeSeries/2010/selection_set/swgnt_avg.asc
NCOLS 265 
NROWS 230 
XLLCORNER -115.5625 
YLLCORNER 24.8333333333333 
CELLSIZE 0.0833333333333333 
NODATA_value -9999 
[rows 100 to 119 of 230, columns 0 to 45 of 265]
196.565505981445 196.888748168945 197.212005615234 197.535263061523 197.858520507812 198.181777954102 198.505035400391 198.535736083984 198.46891784668 198.402114868164 198.335311889648 198.268493652344 198.201690673828 198.134872436523 198.135025024414 198.336044311523 198.537078857422 198.738098144531 198.93913269043 199.140151977539 199.341171264648 199.542205810547 199.84033203125 200.170837402344 200.501327514648 200.831832885742 201.162338256836 201.49284362793 201.823333740234 202.058822631836 202.00927734375 201.959716796875 201.91015625 201.860610961914 201.811050415039 201.761505126953 201.711944580078 202.047943115234 202.512466430664 202.976989746094 203.441513061523 203.906021118164 204.370544433594 204.835067749023 204.846984863281 203.501083374023
196.717849731445 197.089569091797 197.461273193359 197.832977294922 198.204681396484 198.576385498047 198.948104858398 198.91569519043 198.748580932617 198.581466674805 198.414352416992 198.24723815918 198.080123901367 197.913009643555 197.847412109375 198.086364746094 198.325317382812 198.564270019531 198.80322265625 199.042190551758 199.281143188477 199.520095825195 199.861328125 200.23664855957 200.611968994141 200.987289428711 201.36262512207 201.737945556641 202.113265991211 202.390579223633 202.373886108398 202.357177734375 202.340469360352 202.323760986328 202.307052612305 202.29035949707 202.273651123047 202.688934326172 203.24821472168 203.807510375977 204.366790771484 204.926086425781 205.485366821289 206.044647216797 206.199554443359 205.14128112793
196.68782043457 197.042388916016 197.396957397461 197.751525878906 198.106109619141 198.460678100586 198.815246582031 198.779418945312 198.61344909668 198.447479248047 198.281509399414 198.115539550781 197.949569702148 197.783599853516 197.725936889648 197.993225097656 198.260513305664 198.527801513672 198.79508972168 199.062362670898 199.329650878906 199.596939086914 199.982620239258 200.407760620117 200.832901000977 201.258041381836 201.683181762695 202.108306884766 202.533447265625 202.858993530273 202.885711669922 202.91242980957 202.939147949219 202.965866088867 202.992599487305 203.019317626953 203.046035766602 203.496398925781 204.087982177734 204.679580688477 205.27116394043 205.862747192383 206.454330444336 207.045913696289 207.267028808594 206.376678466797
196.475372314453 196.747222900391 197.019073486328 197.290924072266 197.562774658203 197.834625244141 198.106475830078 198.126907348633 198.063522338867 198.000152587891 197.936767578125 197.873382568359 197.810012817383 197.746627807617 197.770599365234 198.056610107422 198.342636108398 198.628662109375 198.914688110352 199.200698852539 199.486724853516 199.772750854492 200.204208374023 200.684158325195 201.164108276367 201.644058227539 202.124008178711 202.603942871094 203.083892822266 203.46403503418 203.54475402832 203.62548828125 203.706207275391 203.786926269531 203.867660522461 203.948379516602 204.029098510742 204.470352172852 205.031768798828 205.593185424805 206.15461730957 206.716033935547 207.277450561523 207.8388671875 208.049392700195 207.207260131836
196.262939453125 196.452056884766 196.641189575195 196.830322265625 197.019454956055 197.208587646484 197.397720336914 197.474411010742 197.513610839844 197.552825927734 197.592025756836 197.631240844727 197.670440673828 197.709655761719 197.815246582031 198.120010375977 198.424774169922 198.729522705078 199.034286499023 199.33903503418 199.643798828125 199.94856262207 200.425811767578 200.960571289062 201.495315551758 202.030075073242 202.564834594727 203.099578857422 203.634338378906 204.069091796875 204.203811645508 204.33854675293 204.473266601562 204.607986450195 204.742721557617 204.87744140625 205.012176513672 205.444305419922 205.975555419922 206.506805419922 207.038055419922 207.569305419922 208.100570678711 208.631820678711 208.831771850586 208.037841796875
196.050491333008 196.15690612793 196.263305664062 196.369720458984 196.476135253906 196.582534790039 196.688949584961 196.821899414062 196.96369934082 197.105499267578 197.247299194336 197.389099121094 197.530883789062 197.67268371582 197.859909057617 198.183395385742 198.506896972656 198.830383300781 199.153884887695 199.47737121582 199.800872802734 200.124359130859 200.647399902344 201.236968994141 201.826538085938 202.416091918945 203.005661010742 203.59521484375 204.184783935547 204.674133300781 204.862869262695 205.05158996582 205.240325927734 205.429061889648 205.617782592773 205.806518554688 205.995254516602 206.418243408203 206.919326782227 207.420425415039 207.921508789062 208.422592163086 208.923675537109 209.424774169922 209.614151000977 208.868423461914
195.83805847168 195.861740112305 195.885437011719 195.909118652344 195.932800292969 195.956497192383 195.980178833008 196.169403076172 196.413787841797 196.658172607422 196.902557373047 197.146942138672 197.391326904297 197.635711669922 197.904571533203 198.246795654297 198.589019775391 198.931259155273 199.273483276367 199.615707397461 199.957946777344 200.300170898438 200.869003295898 201.513366699219 202.157745361328 202.802108764648 203.446487426758 204.090850830078 204.735214233398 205.279174804688 205.521911621094 205.7646484375 206.007385253906 206.250122070312 206.49284362793 206.735580444336 206.978317260742 207.392196655273 207.86311340332 208.334030151367 208.804962158203 209.27587890625 209.746795654297 210.217712402344 210.396530151367 209.699005126953
195.625610351562 195.56657409668 195.507553100586 195.448516845703 195.38948059082 195.330444335938 195.271423339844 195.516891479492 195.863861083984 196.210845947266 196.557815551758 196.904800415039 197.251770019531 197.598754882812 197.94921875 198.310180664062 198.671157836914 199.032119750977 199.393081665039 199.754043579102 200.115005493164 200.475982666016 201.090606689453 201.789779663086 202.488952636719 203.188125610352 203.887313842773 204.586486816406 205.285659790039 205.884231567383 206.180969238281 206.47770690918 206.774444580078 207.071182250977 207.367919921875 207.664657592773 207.961395263672 208.366134643555 208.806900024414 209.247650146484 209.688400268555 210.129150390625 210.569915771484 211.010665893555 211.178909301758 210.529586791992
195.054214477539 194.955703735352 194.857192993164 194.758666992188 194.66015625 194.561645507812 194.463119506836 194.786041259766 195.249435424805 195.712829589844 196.176208496094 196.639602661133 197.102996826172 197.566390991211 198.007522583008 198.381881713867 198.756256103516 199.130615234375 199.504974365234 199.879348754883 200.253707885742 200.628067016602 201.259063720703 201.975601196289 202.692138671875 203.408676147461 204.125213623047 204.841751098633 205.558303833008 206.178848266602 206.511428833008 206.844024658203 207.176605224609 207.509185791016 207.841781616211 208.174362182617 208.506958007812 208.905197143555 209.325317382812 209.74543762207 210.165557861328 210.585678100586 211.005798339844 211.425918579102 211.601699829102 211.044525146484
194.123870849609 194.029113769531 193.934356689453 193.839584350586 193.744827270508 193.65007019043 193.555297851562 193.976837158203 194.570465087891 195.164108276367 195.757736206055 196.351379394531 196.945007324219 197.538635253906 198.079467773438 198.461898803711 198.844329833984 199.226745605469 199.609176635742 199.991592407227 200.3740234375 200.756454467773 201.374389648438 202.070846557617 202.767303466797 203.463760375977 204.160217285156 204.856674194336 205.553115844727 206.163040161133 206.513320922852 206.86360168457 207.213882446289 207.564163208008 207.914443969727 208.264724731445 208.615005493164 209.009338378906 209.418365478516 209.827377319336 210.236404418945 210.645416259766 211.054428100586 211.463455200195 211.664932250977 211.243804931641
193.19352722168 193.102523803711 193.011520385742 192.920501708984 192.829498291016 192.738494873047 192.647476196289 193.167633056641 193.891510009766 194.615386962891 195.339263916016 196.063140869141 196.787017822266 197.510894775391 198.151428222656 198.541915893555 198.932388305664 199.322875976562 199.713363647461 200.103851318359 200.494338989258 200.884826660156 201.489730834961 202.166091918945 202.842468261719 203.518829345703 204.195205688477 204.87158203125 205.547943115234 206.147216796875 206.515197753906 206.883178710938 207.251159667969 207.619125366211 207.987106323242 208.355087280273 208.723068237305 209.113494873047 209.511413574219 209.909332275391 210.307250976562 210.705169677734 211.103073120117 211.500991821289 211.728164672852 211.443099975586
192.26318359375 192.175933837891 192.088684082031 192.001419067383 191.914169311523 191.826919555664 191.739654541016 192.358428955078 193.212554931641 194.066665649414 194.920791625977 195.77490234375 196.629028320312 197.483139038086 198.223373413086 198.621917724609 199.020462036133 199.419021606445 199.817565917969 200.216110229492 200.614654541016 201.013198852539 201.605056762695 202.261337280273 202.917633056641 203.573913574219 204.230194091797 204.886489868164 205.542770385742 206.131408691406 206.517074584961 206.902755737305 207.288421630859 207.674102783203 208.059768676758 208.445449829102 208.831115722656 209.217651367188 209.604461669922 209.991287231445 210.37809753418 210.764907836914 211.151718139648 211.538543701172 211.791397094727 211.642395019531
191.33283996582 191.24934387207 191.16584777832 191.082336425781 190.998840332031 190.915344238281 190.831832885742 191.549240112305 192.533599853516 193.517959594727 194.502319335938 195.486679077148 196.471038818359 197.45539855957 198.295318603516 198.701934814453 199.108535766602 199.515151977539 199.921752929688 200.328369140625 200.734970092773 201.141586303711 201.72038269043 202.356582641602 202.992797851562 203.628997802734 204.265197753906 204.901397705078 205.53759765625 206.115585327148 206.518966674805 206.922332763672 207.325698852539 207.729064941406 208.132431030273 208.53581237793 208.939178466797 209.321807861328 209.697509765625 210.073226928711 210.448944091797 210.824661254883 211.20036315918 211.576080322266 211.854629516602 211.841674804688
190.402496337891 190.32275390625 190.243011474609 190.16325378418 190.083511352539 190.003768920898 189.924011230469 190.740036010742 191.854629516602 192.96923828125 194.083847045898 195.198440551758 196.313049316406 197.427642822266 198.367263793945 198.781936645508 199.19660949707 199.611282348633 200.025955200195 200.440628051758 200.855285644531 201.269958496094 201.835723876953 202.45182800293 203.067947387695 203.684066772461 204.300186157227 204.916305541992 205.532424926758 206.09977722168 206.520843505859 206.941909790039 207.362976074219 207.784042358398 208.205108642578 208.626174926758 209.047241210938 209.425964355469 209.790573120117 210.155181884766 210.519790649414 210.884399414062 211.249008178711 211.613616943359 211.917861938477 212.040969848633
189.880462646484 189.804672241211 189.728866577148 189.653076171875 189.577270507812 189.501480102539 189.425674438477 190.261688232422 191.401611328125 192.541549682617 193.681488037109 194.821426391602 195.961364746094 197.101303100586 198.055618286133 198.453079223633 198.850540161133 199.248001098633 199.645462036133 200.042922973633 200.440383911133 200.837844848633 201.37434387207 201.957183837891 202.5400390625 203.12287902832 203.705718994141 204.288558959961 204.87141418457 205.429885864258 205.915252685547 206.400634765625 206.886016845703 207.371383666992 207.85676574707 208.342147827148 208.827514648438 209.22607421875 209.595687866211 209.965301513672 210.334915161133 210.704528808594 211.074157714844 211.443771362305 211.77751159668 212.003692626953
189.766738891602 189.695083618164 189.623428344727 189.551773071289 189.480117797852 189.408477783203 189.336822509766 190.114181518555 191.174545288086 192.234909057617 193.295272827148 194.35563659668 195.416000366211 196.476364135742 197.360382080078 197.715362548828 198.070343017578 198.425323486328 198.780303955078 199.135284423828 199.490264892578 199.845245361328 200.336273193359 200.872650146484 201.409027099609 201.945419311523 202.481796264648 203.018173217773 203.554550170898 204.105911254883 204.702209472656 205.298522949219 205.894821166992 206.491119384766 207.087432861328 207.683731079102 208.280029296875 208.722152709961 209.112884521484 209.503601074219 209.894332885742 210.285064697266 210.67578125 211.066513061523 211.433609008789 211.729827880859
189.65299987793 189.585494995117 189.517990112305 189.450485229492 189.38298034668 189.315475463867 189.247970581055 189.966690063477 190.947479248047 191.928268432617 192.909057617188 193.889846801758 194.870635986328 195.851425170898 196.665145874023 196.977645874023 197.290145874023 197.602645874023 197.915145874023 198.227645874023 198.540145874023 198.852645874023 199.298202514648 199.788116455078 200.278030395508 200.767944335938 201.257858276367 201.747787475586 202.237701416016 202.781936645508 203.489166259766 204.196395874023 204.903625488281 205.610855102539 206.318084716797 207.025314331055 207.732543945312 208.218231201172 208.630065917969 209.041915893555 209.453750610352 209.865585327148 210.277420043945 210.689254760742 211.089706420898 211.455978393555
189.539260864258 189.47590637207 189.412551879883 189.349182128906 189.285827636719 189.222473144531 189.159103393555 189.819183349609 190.720397949219 191.621612548828 192.522842407227 193.424057006836 194.325271606445 195.226486206055 195.969909667969 196.239929199219 196.509948730469 196.779968261719 197.049987792969 197.320007324219 197.59001159668 197.86003112793 198.260131835938 198.703582763672 199.147033691406 199.590484619141 200.033935546875 200.477386474609 200.920837402344 201.457977294922 202.276123046875 203.094284057617 203.912445068359 204.730590820312 205.548751831055 206.366912841797 207.185073852539 207.714309692383 208.147262573242 208.580215454102 209.013153076172 209.446105957031 209.879058837891 210.311996459961 210.745788574219 211.182113647461
189.425537109375 189.366317749023 189.307113647461 189.247894287109 189.188674926758 189.129470825195 189.070251464844 189.671676635742 190.49333190918 191.314971923828 192.136611938477 192.958267211914 193.779907226562 194.601547241211 195.274673461914 195.502212524414 195.729751586914 195.957275390625 196.184814453125 196.412353515625 196.639892578125 196.867431640625 197.222061157227 197.619049072266 198.016036987305 198.413024902344 198.810012817383 199.207000732422 199.603988647461 200.134002685547 201.063079833984 201.992172241211 202.921249389648 203.850326538086 204.779418945312 205.70849609375 206.637588500977 207.210403442383 207.664459228516 208.118515014648 208.572570800781 209.026626586914 209.480682373047 209.93473815918 210.401885986328 210.908264160156
189.311798095703 189.256744384766 189.201675415039 189.146606445312 189.091537475586 189.036468505859 188.981399536133 189.524185180664 190.266250610352 191.008331298828 191.750396728516 192.492477416992 193.23454284668 193.976608276367 194.579437255859 194.76448059082 194.94953918457 195.13459777832 195.31965637207 195.50471496582 195.68977355957 195.87483215332 196.183990478516 196.534515380859 196.885040283203 197.235565185547 197.586090087891 197.936614990234 198.287139892578 198.810028076172 199.850036621094 200.890045166016 201.930053710938 202.970062255859 204.01008605957 205.050094604492 206.090103149414 206.706481933594 207.181640625 207.656814575195 208.131988525391 208.607147216797 209.082321166992 209.557495117188 210.057968139648 210.634399414062
