resources/Exp000_Example-Run/Run01_M2/TimeSeries/2010/selection_set/ts_avg.asc
NCOLS 265 
NROWS 230 
XLLCORNER -115.5625 
YLLCORNER 24.8333333333333 
CELLSIZE 0.0833333333333333 
NODATA_value -9999 
[rows 100 to 119 of 230, columns 46 to 91 of 265]
284.72412109375 285.149841308594 285.575561523438 286.001251220703 286.426971435547 286.852691650391 286.934326171875 286.901306152344 286.868255615234 286.835235595703 286.802185058594 286.769134521484 286.736114501953 286.680114746094 286.555206298828 286.430328369141 286.305419921875 286.180541992188 286.055633544922 285.930755615234 285.805847167969 285.671508789062 285.533996582031 285.396484375 285.258972167969 285.121459960938 284.983947753906 284.846435546875 284.730072021484 284.677124023438 284.624176025391 284.571228027344 284.518280029297 284.465301513672 284.412353515625 284.359405517578 284.312591552734 284.267822265625 284.223052978516 284.178283691406 284.133514404297 284.088745117188 284.043975830078 284.005950927734 283.988128662109 283.970306396484
284.554168701172 285.021118164062 285.488067626953 285.955017089844 286.421966552734 286.888916015625 286.997619628906 286.986877441406 286.976135253906 286.965393066406 286.954650878906 286.943908691406 286.933166503906 286.892181396484 286.760467529297 286.628753662109 286.497039794922 286.365325927734 286.233612060547 286.101898193359 285.970184326172 285.832885742188 285.693756103516 285.554626464844 285.415496826172 285.276336669922 285.13720703125 284.998077392578 284.874633789062 284.798248291016 284.721862792969 284.645477294922 284.569122314453 284.492736816406 284.416351318359 284.339965820312 284.279235839844 284.223754882812 284.168243408203 284.112762451172 284.057250976562 284.001739501953 283.946258544922 283.902069091797 283.891845703125 283.881591796875
284.440734863281 284.892211914062 285.343719482422 285.795196533203 286.246704101562 286.698181152344 286.832855224609 286.861938476562 286.890991210938 286.920074462891 286.949127197266 286.978210449219 287.007293701172 286.997619628906 286.871765136719 286.745910644531 286.620086669922 286.494232177734 286.368377685547 286.242523193359 286.116668701172 285.984039306641 285.84912109375 285.714202880859 285.579284667969 285.444396972656 285.309478759766 285.174560546875 285.048950195312 284.951202392578 284.853454589844 284.755706787109 284.657958984375 284.560211181641 284.462463378906 284.364715576172 284.293701171875 284.231628417969 284.169555664062 284.107482910156 284.04541015625 283.983337402344 283.921234130859 283.877563476562 283.889129638672 283.900695800781
284.383850097656 284.76318359375 285.142517089844 285.521820068359 285.901153564453 286.280487060547 286.440093994141 286.526489257812 286.612884521484 286.699279785156 286.78564453125 286.872039794922 286.958435058594 286.996398925781 286.889099121094 286.781829833984 286.674530029297 286.567230224609 286.4599609375 286.352661132812 286.245361328125 286.124908447266 286.000091552734 285.875244140625 285.750396728516 285.625579833984 285.500732421875 285.375885009766 285.252990722656 285.135955810547 285.018890380859 284.901824951172 284.784790039062 284.667724609375 284.550689697266 284.433624267578 284.355987548828 284.291473388672 284.226959228516 284.162475585938 284.097961425781 284.033447265625 283.968963623047 283.932464599609 283.980041503906 284.027618408203
284.326965332031 284.634124755859 284.941284179688 285.248443603516 285.555603027344 285.862762451172 286.047332763672 286.191040039062 286.334747314453 286.478454589844 286.622161865234 286.765869140625 286.909576416016 286.995178222656 286.906463623047 286.817718505859 286.72900390625 286.640258789062 286.551513671875 286.462799072266 286.374053955078 286.265808105469 286.151031494141 286.036285400391 285.921508789062 285.806732177734 285.691986083984 285.577209472656 285.457061767578 285.320678710938 285.184326171875 285.047973632812 284.91162109375 284.775268554688 284.638885498047 284.502532958984 284.418243408203 284.351318359375 284.284393310547 284.217437744141 284.150512695312 284.083587646484 284.016662597656 283.987365722656 284.070953369141 284.154541015625
284.270080566406 284.505096435547 284.740081787109 284.975067138672 285.210083007812 285.445068359375 285.654602050781 285.855621337891 286.056640625 286.257659912109 286.458679199219 286.659698486328 286.860748291016 286.993957519531 286.923797607422 286.853607177734 286.783447265625 286.713287353516 286.643096923828 286.572937011719 286.502746582031 286.406707763672 286.302001953125 286.197296142578 286.092620849609 285.987915039062 285.883239746094 285.778533935547 285.661102294922 285.505432128906 285.349761962891 285.194122314453 285.038452148438 284.882781982422 284.727111816406 284.571441650391 284.480499267578 284.411163330078 284.341796875 284.272430419922 284.203063964844 284.133728027344 284.064361572266 284.042236328125 284.161834716797 284.281463623047
284.213195800781 284.376037597656 284.538879394531 284.701690673828 284.864532470703 285.027374267578 285.261840820312 285.520172119141 285.778533935547 286.036865234375 286.295196533203 286.553558349609 286.811889648438 286.992736816406 286.941131591797 286.889526367188 286.837890625 286.786285400391 286.734680175781 286.683074951172 286.631439208984 286.547576904297 286.452972412109 286.358337402344 286.263732910156 286.169097900391 286.074493408203 285.979858398438 285.865173339844 285.690185546875 285.515228271484 285.340240478516 285.165283203125 284.990295410156 284.815338134766 284.640350341797 284.542785644531 284.470977783203 284.399200439453 284.327423095703 284.255645751953 284.183837890625 284.112060546875 284.097137451172 284.252746582031 284.408355712891
284.156311035156 284.246978759766 284.337646484375 284.428314208984 284.518981933594 284.609649658203 284.869079589844 285.184722900391 285.500396728516 285.816070556641 286.131713867188 286.447387695312 286.763031005859 286.991516113281 286.958465576172 286.925415039062 286.892364501953 286.859313964844 286.826263427734 286.793182373047 286.760131835938 286.6884765625 286.603912353516 286.519378662109 286.434844970703 286.350280761719 286.265747070312 286.181182861328 286.069213867188 285.874938964844 285.6806640625 285.486389160156 285.292114257812 285.097839355469 284.903564453125 284.709289550781 284.605041503906 284.530822753906 284.456604003906 284.382415771484 284.308197021484 284.233978271484 284.159759521484 284.152008056641 284.343658447266 284.535278320312
284.385650634766 284.376983642578 284.368286132812 284.359619140625 284.350921630859 284.342254638672 284.587463378906 284.917327880859 285.247192382812 285.577056884766 285.906921386719 286.236785888672 286.566650390625 286.811279296875 286.800170898438 286.789093017578 286.778015136719 286.766937255859 286.755828857422 286.744750976562 286.733673095703 286.674499511719 286.599304199219 286.524108886719 286.448913574219 286.373718261719 286.298522949219 286.223327636719 286.118072509766 285.922698974609 285.727294921875 285.531890869141 285.336517333984 285.14111328125 284.945709228516 284.750335693359 284.644256591797 284.567993164062 284.49169921875 284.415435791016 284.339141845703 284.262878417969 284.186584472656 284.182678222656 284.395874023438 284.609069824219
284.901214599609 284.765991210938 284.630767822266 284.495544433594 284.360321044922 284.22509765625 284.417022705078 284.717956542969 285.018920898438 285.319854736328 285.620819091797 285.921752929688 286.222717285156 286.451995849609 286.466278076172 286.480560302734 286.494842529297 286.509155273438 286.5234375 286.537719726562 286.552001953125 286.505645751953 286.439086914062 286.372528076172 286.305969238281 286.239379882812 286.172821044922 286.106262207031 286.011749267578 285.833435058594 285.655120849609 285.476776123047 285.298461914062 285.120147705078 284.941833496094 284.763519287109 284.660461425781 284.582458496094 284.504486083984 284.426513671875 284.348510742188 284.270538330078 284.192565917969 284.189147949219 284.409454345703 284.629791259766
285.416778564453 285.154998779297 284.893249511719 284.631500244141 284.369720458984 284.107971191406 284.246551513672 284.518585205078 284.790618896484 285.062652587891 285.334686279297 285.606719970703 285.878753662109 286.092712402344 286.132385253906 286.172027587891 286.211700439453 286.251373291016 286.291015625 286.330688476562 286.370361328125 286.336822509766 286.278869628906 286.220947265625 286.162994384766 286.105072021484 286.047119140625 285.989196777344 285.905426025391 285.744171142578 285.582916259766 285.421691894531 285.260437011719 285.099182128906 284.937957763672 284.776702880859 284.676635742188 284.596954345703 284.517242431641 284.437561035156 284.357879638672 284.278198242188 284.198516845703 284.195617675781 284.423034667969 284.650482177734
285.932312011719 285.544006347656 285.155731201172 284.767425537109 284.379119873047 283.990814208984 284.076080322266 284.319213867188 284.562347412109 284.805450439453 285.048583984375 285.291717529297 285.534820556641 285.733428955078 285.798461914062 285.863494873047 285.928558349609 285.993591308594 286.058624267578 286.123657226562 286.188690185547 286.16796875 286.118682861328 286.069366455078 286.020050048828 285.970733642578 285.921417236328 285.872100830078 285.799072265625 285.654907226562 285.5107421875 285.366577148438 285.222412109375 285.078216552734 284.934051513672 284.789886474609 284.692810058594 284.611419677734 284.530029296875 284.448638916016 284.367248535156 284.285858154297 284.204467773438 284.202087402344 284.436614990234 284.671173095703
286.447875976562 285.933044433594 285.418182373047 284.903350830078 284.388519287109 283.873687744141 283.905639648438 284.119842529297 284.334045410156 284.548248291016 284.762481689453 284.976684570312 285.190887451172 285.374145507812 285.464569091797 285.554962158203 285.645385742188 285.735809326172 285.826232910156 285.916625976562 286.007049560547 285.999145507812 285.958465576172 285.917785644531 285.877075195312 285.836395263672 285.795715332031 285.755035400391 285.692749023438 285.565643310547 285.438568115234 285.311462402344 285.184356689453 285.057281494141 284.93017578125 284.803070068359 284.708984375 284.625885009766 284.542816162109 284.459716796875 284.376617431641 284.293518066406 284.21044921875 284.208526611328 284.4501953125 284.691864013672
286.963409423828 286.322052001953 285.6806640625 285.039306640625 284.397918701172 283.756561279297 283.735168457031 283.920471191406 284.105773925781 284.291046142578 284.476348876953 284.661651611328 284.846954345703 285.014862060547 285.130645751953 285.246429443359 285.362243652344 285.47802734375 285.593811035156 285.709594726562 285.825408935547 285.830291748047 285.798248291016 285.766204833984 285.734130859375 285.702087402344 285.670013427734 285.637969970703 285.58642578125 285.476409912109 285.366363525391 285.25634765625 285.146331787109 285.036315917969 284.926300048828 284.816253662109 284.725158691406 284.640380859375 284.555572509766 284.470794677734 284.385986328125 284.301208496094 284.216400146484 284.214996337891 284.463775634766 284.712554931641
287.518463134766 286.830108642578 286.141754150391 285.453369140625 284.765014648438 284.076629638672 284.005310058594 284.1396484375 284.273986816406 284.408325195312 284.542663574219 284.677001953125 284.811370849609 284.938171386719 285.04248046875 285.146759033203 285.251037597656 285.355316162109 285.459594726562 285.563903808594 285.668182373047 285.657440185547 285.6083984375 285.559326171875 285.51025390625 285.461212158203 285.412139892578 285.363098144531 285.305358886719 285.221588134766 285.137817382812 285.054046630859 284.970275878906 284.886505126953 284.802734375 284.718963623047 284.642700195312 284.568878173828 284.495086669922 284.421295166016 284.347503662109 284.273712158203 284.199920654297 284.205322265625 284.448303222656 284.691284179688
288.113037109375 287.457244873047 286.801422119141 286.145599365234 285.489776611328 284.833953857422 284.716033935547 284.777374267578 284.838714599609 284.900085449219 284.96142578125 285.022766113281 285.084136962891 285.144104003906 285.200012207031 285.255889892578 285.311798095703 285.367706298828 285.423583984375 285.4794921875 285.535369873047 285.480560302734 285.388885498047 285.297180175781 285.205474853516 285.113800048828 285.022094726562 284.930389404297 284.849548339844 284.801208496094 284.752868652344 284.704528808594 284.656188964844 284.607879638672 284.559539794922 284.511199951172 284.461547851562 284.411468505859 284.361358642578 284.311279296875 284.261199951172 284.211090087891 284.161010742188 284.179504394531 284.403778076172 284.628051757812
288.707611083984 288.084350585938 287.461090087891 286.837829589844 286.214569091797 285.591278076172 285.4267578125 285.415100097656 285.403472900391 285.391815185547 285.380187988281 285.368530273438 285.356903076172 285.350036621094 285.357543945312 285.365051269531 285.37255859375 285.380065917969 285.387573242188 285.395080566406 285.402587890625 285.3037109375 285.169372558594 285.035034179688 284.900695800781 284.766357421875 284.632019042969 284.497711181641 284.393737792969 284.380828857422 284.367919921875 284.355041503906 284.342132568359 284.329223632812 284.316345214844 284.303436279297 284.280426025391 284.254028320312 284.227661132812 284.201263427734 284.174865722656 284.148498535156 284.122100830078 284.153686523438 284.359252929688 284.564819335938
289.302185058594 288.711456298828 288.120758056641 287.530029296875 286.939331054688 286.348602294922 286.137451171875 286.052825927734 285.968200683594 285.883575439453 285.798950195312 285.714294433594 285.629669189453 285.555969238281 285.515075683594 285.474212646484 285.433319091797 285.392425537109 285.351531982422 285.310668945312 285.269775390625 285.126831054688 284.949859619141 284.772888183594 284.595916748047 284.4189453125 284.241973876953 284.065002441406 283.937896728516 283.96044921875 283.982971191406 284.005523681641 284.028045654297 284.050598144531 284.073120117188 284.095672607422 284.099304199219 284.096618652344 284.093933105469 284.091247558594 284.088562011719 284.085876464844 284.083190917969 284.127868652344 284.314727783203 284.501586914062
289.896759033203 289.338592529297 288.780426025391 288.222259521484 287.664093017578 287.105926513672 286.848175048828 286.690551757812 286.532928466797 286.375305175781 286.217681884766 286.06005859375 285.902435302734 285.761901855469 285.672637939453 285.583343505859 285.494079589844 285.404815673828 285.315521240234 285.226257324219 285.136962890625 284.949951171875 284.730346679688 284.5107421875 284.291137695312 284.071533203125 283.851928710938 283.63232421875 283.482086181641 283.540069580078 283.598052978516 283.656005859375 283.713989257812 283.77197265625 283.829925537109 283.887908935547 283.918151855469 283.939178466797 283.960205078125 283.981201171875 284.002227783203 284.023254394531 284.044250488281 284.10205078125 284.270202636719 284.438323974609
290.491302490234 289.965698242188 289.440093994141 288.914489746094 288.388885498047 287.863250732422 287.558898925781 287.328277587891 287.097686767578 286.867065429688 286.636444091797 286.405822753906 286.175201416016 285.967834472656 285.830169677734 285.692504882812 285.554840087891 285.417175292969 285.279510498047 285.141845703125 285.004180908203 284.773071289062 284.510833740234 284.248596191406 283.986358642578 283.724090576172 283.461853027344 283.199615478516 283.026275634766 283.119689941406 283.213104248047 283.306518554688 283.39990234375 283.493316650391 283.586730957031 283.680145263672 283.737030029297 283.78173828125 283.826477050781 283.871185302734 283.915924072266 283.960632324219 284.005340576172 284.076232910156 284.225677490234 284.375091552734
