resources/Exp000_Example-Run/Run01_M2/TimeSeries/2010/selection_set/ts_avg.asc
NCOLS 265 
NROWS 230 
XLLCORNER -115.5625 
YLLCORNER 24.8333333333333 
CELLSIZE 0.0833333333333333 
NODATA_value -9999 
[rows 80 to 99 of 230, columns 92 to 137 of 265]
278.689056396484 278.35400390625 278.018951416016 277.683929443359 277.348876953125 277.232482910156 277.188995361328 277.1455078125 277.101989746094 277.058502197266 277.015014648438 276.971496582031 276.966094970703 277.074981689453 277.183837890625 277.292724609375 277.401611328125 277.510467529297 277.619354248047 277.728240966797 277.980773925781 278.281188964844 278.581604003906 278.882019042969 279.182434082031 279.482879638672 279.783294677734 280.038421630859 280.157775878906 280.277099609375 280.396423339844 280.515747070312 280.635070800781 280.75439453125 280.873718261719 281.332092285156 281.903442382812 282.474822998047 283.046203613281 283.617584228516 284.18896484375 284.760314941406 285.239776611328 285.443450927734 285.647125244141 285.850830078125
279.889587402344 279.581146240234 279.272705078125 278.964294433594 278.655853271484 278.488189697266 278.367401123047 278.246643066406 278.125885009766 278.005096435547 277.884338378906 277.763580322266 277.670501708984 277.660522460938 277.650543212891 277.640563964844 277.630584716797 277.620574951172 277.610595703125 277.600616455078 277.834320068359 278.149261474609 278.464202880859 278.779113769531 279.094055175781 279.408996582031 279.723907470703 279.987823486328 280.098724365234 280.209625244141 280.320495605469 280.431396484375 280.542266845703 280.653167724609 280.764038085938 281.201080322266 281.746856689453 282.292633056641 282.83837890625 283.384155273438 283.929931640625 284.475708007812 284.937957763672 285.149719238281 285.361450195312 285.573211669922
281.090087890625 280.808288574219 280.526458740234 280.244659423828 279.962829589844 279.743865966797 279.545806884766 279.347778320312 279.149749755859 278.951721191406 278.753692626953 278.555633544922 278.374908447266 278.246063232422 278.117218017578 277.988372802734 277.859527587891 277.730682373047 277.601837158203 277.472991943359 277.687866210938 278.017333984375 278.346771240234 278.676208496094 279.005645751953 279.335113525391 279.66455078125 279.937225341797 280.039672851562 280.142120361328 280.244567871094 280.347015380859 280.449462890625 280.551910400391 280.654357910156 281.070098876953 281.590270996094 282.110412597656 282.630584716797 283.150756835938 283.6708984375 284.191070556641 284.636138916016 284.85595703125 285.075775146484 285.295562744141
282.290618896484 282.035430908203 281.780212402344 281.525024414062 281.269805908203 280.999542236328 280.724243164062 280.448913574219 280.173614501953 279.898315429688 279.623016357422 279.347717285156 279.079315185547 278.831604003906 278.583923339844 278.336212158203 278.088500976562 277.840789794922 277.593109130859 277.345397949219 277.541442871094 277.885406494141 278.229339599609 278.573303222656 278.917266845703 279.26123046875 279.605163574219 279.886657714844 279.980651855469 280.074645996094 280.168670654297 280.262664794922 280.356689453125 280.45068359375 280.544677734375 280.939117431641 281.433654785156 281.92822265625 282.422760009766 282.917327880859 283.411865234375 283.906433105469 284.334320068359 284.562194824219 284.790069580078 285.017944335938
283.036315917969 282.802551269531 282.568786621094 282.335021972656 282.101257324219 281.802612304688 281.482330322266 281.162078857422 280.841796875 280.521545410156 280.201263427734 279.881011962891 279.569122314453 279.282318115234 278.995544433594 278.708740234375 278.421966552734 278.135162353516 277.848388671875 277.561584472656 277.732116699219 278.055084228516 278.378051757812 278.700988769531 279.023956298828 279.346923828125 279.669891357422 279.934600830078 280.024597167969 280.114562988281 280.204559326172 280.294555664062 280.384521484375 280.474517822266 280.564514160156 280.946228027344 281.425170898438 281.904144287109 282.383087158203 282.862030029297 283.341003417969 283.819946289062 284.23486328125 284.457580566406 284.680297851562 284.903015136719
283.327209472656 283.109680175781 282.892181396484 282.674652099609 282.457153320312 282.153076171875 281.820159912109 281.487243652344 281.154296875 280.821380615234 280.488464355469 280.155517578125 279.844299316406 279.598205566406 279.352111816406 279.106018066406 278.859924316406 278.613800048828 278.367706298828 278.121612548828 278.259918212891 278.5263671875 278.792846679688 279.059295654297 279.325744628906 279.592193603516 279.858673095703 280.081085205078 280.171478271484 280.261871337891 280.352264404297 280.442657470703 280.533050537109 280.623443603516 280.713836669922 281.091430664062 281.564819335938 282.038177490234 282.511535644531 282.984893798828 283.458251953125 283.931640625 284.337738037109 284.542083740234 284.746398925781 284.950744628906
283.618072509766 283.416809082031 283.215576171875 283.014312744141 282.813049316406 282.503540039062 282.157958984375 281.812377929688 281.466796875 281.121215820312 280.775634765625 280.430053710938 280.119506835938 279.914093017578 279.708679199219 279.503265380859 279.2978515625 279.092437744141 278.887023925781 278.681610107422 278.787719726562 278.997680664062 279.207641601562 279.417572021484 279.627532958984 279.837493896484 280.047454833984 280.227600097656 280.318389892578 280.4091796875 280.499969482422 280.590759277344 280.681549072266 280.772338867188 280.863128662109 281.236663818359 281.704437255859 282.172210693359 282.639984130859 283.107757568359 283.575531005859 284.043304443359 284.440612792969 284.626556396484 284.812530517578 284.998474121094
283.908935546875 283.723937988281 283.538940429688 283.353942871094 283.1689453125 282.854034423828 282.495788574219 282.137542724609 281.779296875 281.421051025391 281.062805175781 280.704559326172 280.394714355469 280.22998046875 280.065246582031 279.900543212891 279.735809326172 279.571075439453 279.406372070312 279.241638183594 279.315551757812 279.468994140625 279.622436523438 279.77587890625 279.929321289062 280.082763671875 280.236236572266 280.374114990234 280.465301513672 280.556488037109 280.647674560547 280.738861083984 280.830078125 280.921264648438 281.012451171875 281.381896972656 281.844055175781 282.306243896484 282.768432617188 283.230621337891 283.692810058594 284.154968261719 284.543518066406 284.711059570312 284.878631591797 285.046203613281
284.199829101562 284.031066894531 283.862335205078 283.693603515625 283.524841308594 283.204498291016 282.833587646484 282.462677001953 282.091796875 281.720886230469 281.349975585938 280.979095458984 280.669891357422 280.545867919922 280.421844482422 280.297790527344 280.173767089844 280.049713134766 279.925689697266 279.801635742188 279.843353271484 279.940277099609 280.037231445312 280.134185791016 280.231109619141 280.328063964844 280.425018310547 280.520599365234 280.612213134766 280.703796386719 280.795379638672 280.886993408203 280.978576660156 281.070159912109 281.161773681641 281.527099609375 281.983703613281 282.440277099609 282.896881103516 283.353485107422 283.81005859375 284.266662597656 284.646392822266 284.795562744141 284.944763183594 285.093933105469
284.490692138672 284.338195800781 284.185729980469 284.033233642578 283.880737304688 283.554962158203 283.171417236328 282.787841796875 282.404296875 282.020721435547 281.637176513672 281.253601074219 280.945098876953 280.861755371094 280.778411865234 280.695068359375 280.611694335938 280.528350830078 280.445007324219 280.361663818359 280.371154785156 280.411590576172 280.452026367188 280.492462158203 280.532897949219 280.573333740234 280.613800048828 280.667114257812 280.759094238281 280.851104736328 280.943084716797 281.035095214844 281.127075195312 281.219085693359 281.311065673828 281.672332763672 282.123321533203 282.574340820312 283.025329589844 283.476318359375 283.927337646484 284.378326416016 284.749267578125 284.880065917969 285.010864257812 285.141662597656
284.609558105469 284.472900390625 284.336242675781 284.199584960938 284.062927246094 283.744781494141 283.366119384766 282.987457275391 282.608825683594 282.230163574219 281.851501464844 281.472839355469 281.171722412109 281.103179931641 281.034637451172 280.966094970703 280.897552490234 280.828979492188 280.760437011719 280.69189453125 280.679504394531 280.685852050781 280.692169189453 280.698516845703 280.704833984375 280.711151123047 280.717498779297 280.749938964844 280.860809326172 280.971649169922 281.08251953125 281.193389892578 281.304229736328 281.415100097656 281.525939941406 281.886688232422 282.330718994141 282.774749755859 283.218780517578 283.662811279297 284.106842041016 284.550872802734 284.915435791016 285.041656494141 285.167907714844 285.294128417969
284.556457519531 284.435211181641 284.313934326172 284.192687988281 284.071411132812 283.773956298828 283.417755126953 283.061584472656 282.705383300781 282.349182128906 281.992980957031 281.636779785156 281.349731445312 281.270111083984 281.190490722656 281.110870361328 281.03125 280.951629638672 280.872009277344 280.792388916016 280.768432617188 280.763061523438 280.757659912109 280.752288818359 280.746887207031 280.741485595703 280.736114501953 280.769104003906 280.917297363281 281.065490722656 281.213653564453 281.361846923828 281.510040283203 281.658203125 281.806396484375 282.170196533203 282.605865478516 283.041564941406 283.477233886719 283.912902832031 284.348571777344 284.784271240234 285.144897460938 285.280364990234 285.415832519531 285.551330566406
284.503356933594 284.397491455078 284.291625976562 284.185760498047 284.079895019531 283.803131103516 283.469390869141 283.135681152344 282.801940917969 282.468200683594 282.134460449219 281.800750732422 281.527770996094 281.437072753906 281.346374511719 281.255676269531 281.164978027344 281.074279785156 280.983581542969 280.892883300781 280.857360839844 280.840270996094 280.823150634766 280.806060791016 280.788940429688 280.771850585938 280.754730224609 280.788299560547 280.973785400391 281.159301757812 281.344818115234 281.530303955078 281.7158203125 281.901336669922 282.086822509766 282.453704833984 282.881042480469 283.308349609375 283.735687255859 284.162994384766 284.59033203125 285.017669677734 285.374328613281 285.519073486328 285.663787841797 285.808502197266
284.450225830078 284.359771728516 284.269317626953 284.178833007812 284.08837890625 283.832305908203 283.521057128906 283.209777832031 282.898498535156 282.587219238281 282.275970458984 281.964691162109 281.705780029297 281.60400390625 281.502227783203 281.400451660156 281.298675537109 281.196899414062 281.095123291016 280.993347167969 280.9462890625 280.91748046875 280.888641357422 280.859832763672 280.830993652344 280.802185058594 280.773345947266 280.807464599609 281.0302734375 281.253112792969 281.475952148438 281.698760986328 281.921600341797 282.144439697266 282.367279052734 282.737213134766 283.156188964844 283.575164794922 283.994140625 284.413116455078 284.832092285156 285.251068115234 285.603790283203 285.757751464844 285.911743164062 286.065704345703
284.397125244141 284.322052001953 284.246978759766 284.171936035156 284.096862792969 283.861480712891 283.572692871094 283.283874511719 282.995056152344 282.706268310547 282.417449951172 282.128631591797 281.883819580078 281.770965576172 281.658111572266 281.545257568359 281.432403564453 281.319549560547 281.206695556641 281.093841552734 281.035217285156 280.994689941406 280.954132080078 280.913604736328 280.873077392578 280.83251953125 280.7919921875 280.826629638672 281.086761474609 281.346923828125 281.607086181641 281.867248535156 282.127410888672 282.387542724609 282.647705078125 283.020721435547 283.431335449219 283.841949462891 284.252593994141 284.663208007812 285.073822021484 285.484466552734 285.833221435547 285.996459960938 286.15966796875 286.322906494141
284.344024658203 284.284332275391 284.224670410156 284.165008544922 284.105346679688 283.890655517578 283.624328613281 283.357971191406 283.091613769531 282.825286865234 282.558929443359 282.292602539062 282.061859130859 281.937927246094 281.813995361328 281.690032958984 281.566101074219 281.442169189453 281.318237304688 281.194305419922 281.124145507812 281.071899414062 281.019622802734 280.967376708984 280.915130615234 280.862854003906 280.810607910156 280.845794677734 281.143280029297 281.440734863281 281.738220214844 282.035705566406 282.333190917969 282.630676269531 282.928131103516 283.304229736328 283.706481933594 284.108764648438 284.511047363281 284.913299560547 285.315582275391 285.717834472656 286.062683105469 286.235137939453 286.407623291016 286.580108642578
284.276916503906 284.228729248047 284.180541992188 284.132385253906 284.084197998047 283.910003662109 283.693786621094 283.477569580078 283.261352539062 283.045135498047 282.828918457031 282.612701416016 282.419281005859 282.294311523438 282.169342041016 282.044372558594 281.919372558594 281.794403076172 281.66943359375 281.544464111328 281.467224121094 281.405944824219 281.344635009766 281.283355712891 281.222076416016 281.160766601562 281.099487304688 281.131896972656 281.445465087891 281.759063720703 282.072631835938 282.386199951172 282.699768066406 283.013336181641 283.326934814453 283.698516845703 284.089477539062 284.480407714844 284.871368408203 285.262298583984 285.653259277344 286.044219970703 286.379974365234 286.550170898438 286.720367431641 286.890563964844
284.19580078125 284.155212402344 284.114624023438 284.074035644531 284.033447265625 283.919494628906 283.781066894531 283.642639160156 283.504241943359 283.365814208984 283.227386474609 283.088989257812 282.956176757812 282.840179443359 282.724182128906 282.608184814453 282.492218017578 282.376220703125 282.260223388672 282.144226074219 282.064514160156 281.996856689453 281.92919921875 281.861541748047 281.793884277344 281.726226806641 281.658599853516 281.684967041016 281.993408203125 282.301849365234 282.610290527344 282.918731689453 283.227172851562 283.535614013672 283.844055175781 284.203643798828 284.580291748047 284.956939697266 285.333587646484 285.710235595703 286.086883544922 286.463531494141 286.785095214844 286.941497802734 287.097869873047 287.254272460938
284.114685058594 284.081695556641 284.048675537109 284.015686035156 283.982696533203 283.928985595703 283.868347167969 283.807739257812 283.747100830078 283.686492919922 283.625885009766 283.565246582031 283.493041992188 283.386047363281 283.279022216797 283.172027587891 283.065032958984 282.958038330078 282.851043701172 282.744018554688 282.661773681641 282.587768554688 282.513732910156 282.439727783203 282.36572265625 282.291717529297 282.217712402344 282.238006591797 282.541320800781 282.844635009766 283.14794921875 283.451232910156 283.754547119141 284.057861328125 284.361145019531 284.708740234375 285.071105957031 285.433441162109 285.795806884766 286.158142089844 286.5205078125 286.882843017578 287.190246582031 287.332824707031 287.475402832031 287.617980957031
284.033569335938 284.008178710938 283.982757568359 283.957336425781 283.931945800781 283.9384765625 283.955627441406 283.972808837891 283.989990234375 284.007171630859 284.024353027344 284.041534423828 284.029907226562 283.931884765625 283.833892822266 283.735870361328 283.637847900391 283.539855957031 283.441833496094 283.343811035156 283.259033203125 283.178649902344 283.098297119141 283.017913818359 282.937561035156 282.857177734375 282.776824951172 282.791076660156 283.089233398438 283.387420654297 283.685577392578 283.983764648438 284.281921386719 284.580108642578 284.878265380859 285.2138671875 285.561920166016 285.909942626953 286.257995605469 286.606048583984 286.9541015625 287.302154541016 287.595397949219 287.724151611328 287.852905273438 287.981658935547
