resources/Exp000_Example-Run/Run01_M2/TimeSeries/2010/selection_set/ts_avg.asc
NCOLS 265 
NROWS 230 
XLLCORNER -115.5625 
YLLCORNER 24.8333333333333 
CELLSIZE 0.0833333333333333 
NODATA_value -9999 
[rows 120 to 139 of 230, columns 184 to 229 of 265]
291.884643554688 291.950347900391 292.016021728516 292.0361328125 292.041076660156 292.046020507812 292.050964355469 292.055877685547 292.060821533203 292.065765380859 292.064331054688 292.043670654297 292.023040771484 292.002410888672 291.981750488281 291.961120605469 291.940490722656 291.919860839844 291.90966796875 291.902923583984 291.896209716797 291.889495849609 291.882781982422 291.876068115234 291.869323730469 291.850708007812 291.79638671875 291.742034912109 291.687713623047 291.633392333984 291.579040527344 291.524719238281 291.470367431641 291.441131591797 291.420227050781 291.399353027344 291.378448486328 291.357574462891 291.336669921875 291.315765380859 291.289825439453 291.248687744141 291.20751953125 291.166381835938 291.125213623047 291.084075927734
291.933624267578 291.998077392578 292.0625 292.082458496094 292.087554931641 292.092681884766 292.097808837891 292.102905273438 292.108032226562 292.113159179688 292.112243652344 292.093292236328 292.074340820312 292.055389404297 292.036437988281 292.017486572266 291.99853515625 291.979583740234 291.969970703125 291.963470458984 291.956939697266 291.950439453125 291.943939208984 291.937408447266 291.930908203125 291.912322998047 291.857604980469 291.802886962891 291.748168945312 291.693450927734 291.638702392578 291.583984375 291.529266357422 291.503143310547 291.486541748047 291.469940185547 291.453338623047 291.436767578125 291.420166015625 291.403564453125 291.381134033203 291.341217041016 291.301300048828 291.261383056641 291.221466064453 291.181549072266
291.982604980469 292.045806884766 292.108978271484 292.128753662109 292.134063720703 292.139343261719 292.144653320312 292.149963378906 292.155242919922 292.160552978516 292.160186767578 292.142944335938 292.125671386719 292.1083984375 292.091125488281 292.073852539062 292.056610107422 292.039337158203 292.0302734375 292.023986816406 292.017669677734 292.011383056641 292.005065917969 291.998779296875 291.992462158203 291.973968505859 291.918853759766 291.863739013672 291.808624267578 291.753509521484 291.698364257812 291.643249511719 291.588134765625 291.565155029297 291.552856445312 291.540557861328 291.528259277344 291.515960693359 291.503662109375 291.491363525391 291.472442626953 291.433776855469 291.395080566406 291.356384277344 291.317687988281 291.278991699219
292.031585693359 292.093536376953 292.155487060547 292.175079345703 292.180541992188 292.18603515625 292.191497802734 292.196990966797 292.202453613281 292.207916259766 292.208129882812 292.192565917969 292.176971435547 292.161407470703 292.145812988281 292.130218505859 292.114654541016 292.099060058594 292.090606689453 292.084503173828 292.078399658203 292.072326660156 292.066223144531 292.060119628906 292.054046630859 292.035583496094 291.980072021484 291.924560546875 291.869049072266 291.813568115234 291.758056640625 291.702545166016 291.647033691406 291.627166748047 291.619140625 291.611145019531 291.603149414062 291.595153808594 291.587127685547 291.579132080078 291.563781738281 291.526306152344 291.488861083984 291.451385498047 291.413940429688 291.37646484375
292.08056640625 292.141265869141 292.201965332031 292.221374511719 292.22705078125 292.232696533203 292.238342285156 292.244018554688 292.249664306641 292.255310058594 292.256072998047 292.2421875 292.228302001953 292.214385986328 292.200500488281 292.186614990234 292.172698974609 292.158813476562 292.150909423828 292.14501953125 292.13916015625 292.133270263672 292.127380371094 292.121490478516 292.115600585938 292.097198486328 292.041320800781 291.985412597656 291.929504394531 291.873626708984 291.817718505859 291.761810302734 291.705902099609 291.689147949219 291.685455322266 291.681762695312 291.678039550781 291.674346923828 291.670623779297 291.666931152344 291.655090332031 291.618865966797 291.582611083984 291.54638671875 291.510162353516 291.473937988281
292.129516601562 292.188995361328 292.248443603516 292.267700195312 292.273529052734 292.279357910156 292.285186767578 292.291046142578 292.296875 292.302703857422 292.304016113281 292.291809082031 292.279602050781 292.267395019531 292.255187988281 292.242980957031 292.230773925781 292.218536376953 292.211242675781 292.20556640625 292.199890136719 292.194213867188 292.188507080078 292.182830810547 292.177154541016 292.158843994141 292.1025390625 292.046264648438 291.989959716797 291.933685302734 291.877380371094 291.821075439453 291.764801025391 291.751159667969 291.751770019531 291.752349853516 291.7529296875 291.753540039062 291.754119873047 291.754699707031 291.746398925781 291.711395263672 291.676391601562 291.641387939453 291.606384277344 291.571380615234
292.165466308594 292.221496582031 292.277526855469 292.296295166016 292.302612304688 292.308929443359 292.315277099609 292.321594238281 292.327911376953 292.334259033203 292.336456298828 292.326263427734 292.316070556641 292.305908203125 292.295715332031 292.285552978516 292.275360107422 292.265197753906 292.259521484375 292.255340576172 292.251159667969 292.247009277344 292.242828369141 292.238647460938 292.234497070312 292.217712402344 292.163177490234 292.108642578125 292.054077148438 291.999542236328 291.944976806641 291.890441894531 291.835906982422 291.824615478516 291.827758789062 291.830902099609 291.834045410156 291.837188720703 291.84033203125 291.843475341797 291.837249755859 291.803009033203 291.768768310547 291.734527587891 291.700286865234 291.666046142578
292.188415527344 292.238830566406 292.289215087891 292.307159423828 292.314300537109 292.321441650391 292.328552246094 292.335693359375 292.342803955078 292.349945068359 292.353332519531 292.345520019531 292.337738037109 292.329925537109 292.322143554688 292.314331054688 292.306518554688 292.298736572266 292.295745849609 292.294403076172 292.293029785156 292.291656494141 292.290283203125 292.288940429688 292.287567138672 292.273864746094 292.223205566406 292.172546386719 292.121887207031 292.071228027344 292.020538330078 291.969879150391 291.919219970703 291.909515380859 291.913452148438 291.917419433594 291.921356201172 291.92529296875 291.929260253906 291.933197021484 291.927673339844 291.893707275391 291.859771728516 291.825805664062 291.791839599609 291.757904052734
292.211334228516 292.256134033203 292.300903320312 292.318054199219 292.325988769531 292.333923339844 292.341857910156 292.349761962891 292.357696533203 292.365631103516 292.370239257812 292.364807128906 292.359375 292.353942871094 292.348541259766 292.343109130859 292.337677001953 292.332275390625 292.332000732422 292.333435058594 292.334869384766 292.336334228516 292.337768554688 292.339202880859 292.340637207031 292.330047607422 292.283233642578 292.236450195312 292.189666748047 292.142883300781 292.096099853516 292.04931640625 292.002532958984 291.994384765625 291.999145507812 292.00390625 292.008666992188 292.013427734375 292.018157958984 292.022918701172 292.01806640625 291.984405517578 291.950744628906 291.917083740234 291.883392333984 291.849731445312
292.234283447266 292.2734375 292.312591552734 292.328948974609 292.337677001953 292.346405029297 292.355133056641 292.363861083984 292.372589111328 292.381317138672 292.387115478516 292.384063720703 292.381042480469 292.377990722656 292.374938964844 292.371887207031 292.368835449219 292.365814208984 292.368225097656 292.372467041016 292.376739501953 292.380981445312 292.385223388672 292.389465332031 292.393737792969 292.386199951172 292.343292236328 292.300384521484 292.257476806641 292.214569091797 292.171661376953 292.128753662109 292.085845947266 292.079284667969 292.084838867188 292.090393066406 292.095977783203 292.101531982422 292.107086181641 292.112640380859 292.108489990234 292.075103759766 292.041717529297 292.008331298828 291.974975585938 291.941589355469
292.257202148438 292.290740966797 292.324279785156 292.339813232422 292.349365234375 292.35888671875 292.368408203125 292.377960205078 292.387481689453 292.397033691406 292.404022216797 292.403350830078 292.402679443359 292.402008056641 292.401336669922 292.400665283203 292.400024414062 292.399353027344 292.404479980469 292.411529541016 292.418579101562 292.425628662109 292.432708740234 292.439758300781 292.446807861328 292.442352294922 292.4033203125 292.364288330078 292.325256347656 292.286224365234 292.247222900391 292.208190917969 292.169158935547 292.164184570312 292.170532226562 292.176910400391 292.183288574219 292.189636230469 292.196014404297 292.202392578125 292.198883056641 292.165802001953 292.132690429688 292.099609375 292.066528320312 292.033416748047
292.280151367188 292.308044433594 292.335968017578 292.350708007812 292.361022949219 292.371368408203 292.381713867188 292.392059326172 292.402374267578 292.412719726562 292.4208984375 292.422607421875 292.42431640625 292.426025390625 292.427734375 292.429473876953 292.431182861328 292.432891845703 292.440704345703 292.450561523438 292.46044921875 292.470306396484 292.480163574219 292.490020751953 292.499877929688 292.498504638672 292.463348388672 292.42822265625 292.39306640625 292.35791015625 292.32275390625 292.287628173828 292.252471923828 292.249053955078 292.256225585938 292.263397216797 292.270599365234 292.277770996094 292.284942626953 292.292114257812 292.289276123047 292.256469726562 292.223693847656 292.190887451172 292.158081054688 292.125274658203
292.270599365234 292.292572021484 292.314575195312 292.329315185547 292.341613769531 292.353942871094 292.366271972656 292.378601074219 292.390930175781 292.403228759766 292.413787841797 292.419006347656 292.424224853516 292.429443359375 292.434661865234 292.439880371094 292.445098876953 292.450317382812 292.460571289062 292.472473144531 292.484375 292.496276855469 292.508178710938 292.520080566406 292.531982421875 292.533264160156 292.502685546875 292.472106933594 292.441528320312 292.410980224609 292.380401611328 292.349822998047 292.319244384766 292.317108154297 292.324462890625 292.331817626953 292.339172363281 292.346527099609 292.353881835938 292.361236572266 292.359222412109 292.329040527344 292.298858642578 292.268676757812 292.238494873047 292.208312988281
292.228607177734 292.244323730469 292.260070800781 292.275634765625 292.291137695312 292.306610107422 292.322113037109 292.337615966797 292.353088378906 292.368591308594 292.382690429688 292.392547607422 292.402404785156 292.412261962891 292.422088623047 292.431945800781 292.441802978516 292.45166015625 292.464019775391 292.477203369141 292.490356445312 292.503540039062 292.516723632812 292.529876708984 292.543060302734 292.546630859375 292.521301269531 292.496002197266 292.470703125 292.445404052734 292.420104980469 292.394775390625 292.369476318359 292.368347167969 292.375244140625 292.382171630859 292.389068603516 292.395965576172 292.402893066406 292.409790039062 292.408660888672 292.383422851562 292.358215332031 292.332977294922 292.307739257812 292.282501220703
292.186584472656 292.196075439453 292.205596923828 292.221954345703 292.240631103516 292.25927734375 292.277954101562 292.296630859375 292.315277099609 292.333953857422 292.3515625 292.366058349609 292.380554199219 292.395050048828 292.409545898438 292.424041748047 292.438507080078 292.453002929688 292.467468261719 292.481903076172 292.496368408203 292.510803222656 292.525268554688 292.539703369141 292.554168701172 292.559997558594 292.539947509766 292.519897460938 292.499877929688 292.479827880859 292.459808349609 292.439758300781 292.419708251953 292.419555664062 292.426025390625 292.432495117188 292.43896484375 292.445404052734 292.451873779297 292.458343505859 292.458129882812 292.437835693359 292.417572021484 292.397277832031 292.376983642578 292.356719970703
292.144592285156 292.147857666016 292.151092529297 292.168273925781 292.190124511719 292.211944580078 292.233795166016 292.255645751953 292.277465820312 292.29931640625 292.320465087891 292.339599609375 292.358734130859 292.377838134766 292.39697265625 292.416107177734 292.435241699219 292.454345703125 292.470916748047 292.486633300781 292.502380371094 292.518096923828 292.533813476562 292.549530029297 292.565246582031 292.573333740234 292.558563232422 292.543792724609 292.529022216797 292.514282226562 292.49951171875 292.484741210938 292.469970703125 292.470794677734 292.476806640625 292.482818603516 292.488830566406 292.494873046875 292.500885009766 292.506896972656 292.507568359375 292.492248535156 292.476928710938 292.461578369141 292.446258544922 292.430908203125
292.102600097656 292.099609375 292.096618652344 292.114624023438 292.139617919922 292.164642333984 292.189636230469 292.214630126953 292.239654541016 292.2646484375 292.289367675781 292.313110351562 292.336883544922 292.360656738281 292.384399414062 292.408172607422 292.431945800781 292.455688476562 292.474395751953 292.491363525391 292.508361816406 292.525360107422 292.542358398438 292.559356689453 292.576324462891 292.586700439453 292.577209472656 292.567687988281 292.558197021484 292.548706054688 292.539184570312 292.529693603516 292.520202636719 292.522003173828 292.527587890625 292.533142089844 292.538726806641 292.544311523438 292.549865722656 292.555450439453 292.557037353516 292.546661376953 292.536254882812 292.52587890625 292.515502929688 292.505126953125
292.060577392578 292.051361083984 292.042114257812 292.060943603516 292.089111328125 292.117309570312 292.145477294922 292.173645019531 292.201843261719 292.230010986328 292.258239746094 292.286651611328 292.315032958984 292.343444824219 292.371856689453 292.400238037109 292.428649902344 292.45703125 292.477844238281 292.49609375 292.514373779297 292.532623291016 292.550903320312 292.569152832031 292.587432861328 292.600067138672 292.595825195312 292.591613769531 292.587371826172 292.583129882812 292.578887939453 292.574676513672 292.570434570312 292.573211669922 292.578338623047 292.58349609375 292.588623046875 292.59375 292.598876953125 292.60400390625 292.606475830078 292.601043701172 292.595611572266 292.590179443359 292.584747314453 292.579315185547
292.055297851562 292.042877197266 292.030456542969 292.048950195312 292.077758789062 292.106567382812 292.135345458984 292.164154052734 292.192962646484 292.221740722656 292.250427246094 292.278686523438 292.306945800781 292.335235595703 292.363494873047 292.391754150391 292.420043945312 292.448303222656 292.470733642578 292.4912109375 292.511688232422 292.532135009766 292.552612304688 292.573089599609 292.593566894531 292.609527587891 292.612030029297 292.614501953125 292.617004394531 292.619476318359 292.621978759766 292.624450683594 292.626953125 292.629913330078 292.633056640625 292.636199951172 292.639373779297 292.642517089844 292.645660400391 292.648803710938 292.650634765625 292.648559570312 292.646514892578 292.644439697266 292.642364501953 292.640319824219
292.086730957031 292.07421875 292.061676025391 292.078674316406 292.105560302734 292.132415771484 292.159271240234 292.186126708984 292.212982177734 292.239868164062 292.265838623047 292.289215087891 292.312591552734 292.335968017578 292.359375 292.382751464844 292.406127929688 292.429504394531 292.453063964844 292.476654052734 292.500274658203 292.523895263672 292.547515869141 292.571136474609 292.594757080078 292.615112304688 292.625793457031 292.636444091797 292.647094726562 292.657745361328 292.668395996094 292.679077148438 292.689727783203 292.692108154297 292.691711425781 292.691345214844 292.690979003906 292.690582275391 292.690216064453 292.689849853516 292.689483642578 292.689208984375 292.688903808594 292.688629150391 292.688354492188 292.688049316406
