resources/Exp000_Example-Run/Run01_M2/TimeSeries/2010/selection_set/tsurf_avg.asc
NCOLS 265 
NROWS 230 
XLLCORNER -115.5625 
YLLCORNER 24.8333333333333 
CELLSIZE 0.0833333333333333 
NODATA_value -9999 
[rows 140 to 159 of 230, columns 46 to 91 of 265]
294.830230712891 294.691802978516 294.553405761719 294.414978027344 294.276550292969 294.138153076172 293.820556640625 293.443206787109 293.065887451172 292.688568115234 292.311248779297 291.933929443359 291.556579589844 291.236236572266 291.086853027344 290.937438964844 290.788024902344 290.638641357422 290.489227294922 290.339813232422 290.1904296875 290.171020507812 290.194976806641 290.218933105469 290.242858886719 290.266815185547 290.290771484375 290.314727783203 290.319122314453 290.264984130859 290.210815429688 290.156646728516 290.102508544922 290.04833984375 289.994171142578 289.940032958984 289.920257568359 289.911987304688 289.903717041016 289.895446777344 289.887176513672 289.878875732422 289.87060546875 289.900146484375 290.043090820312 290.18603515625
294.623504638672 294.478698730469 294.333862304688 294.189056396484 294.044219970703 293.8994140625 293.597961425781 293.244293212891 292.890625 292.536956787109 292.183288574219 291.829620361328 291.475952148438 291.175994873047 291.037139892578 290.898254394531 290.759399414062 290.620513916016 290.481658935547 290.3427734375 290.203918457031 290.168212890625 290.166931152344 290.165618896484 290.164337158203 290.163024902344 290.161712646484 290.160430908203 290.152954101562 290.127014160156 290.10107421875 290.075134277344 290.049163818359 290.023223876953 289.997283935547 289.971343994141 289.982025146484 290.004974365234 290.027893066406 290.050811767578 290.07373046875 290.096649169922 290.119567871094 290.170135498047 290.3037109375 290.437255859375
294.416778564453 294.265563964844 294.114318847656 293.963104248047 293.811889648438 293.66064453125 293.375335693359 293.045349121094 292.71533203125 292.385345458984 292.055358886719 291.725341796875 291.395355224609 291.115753173828 290.987426757812 290.859100341797 290.730743408203 290.602416992188 290.474090576172 290.345764160156 290.217407226562 290.165435791016 290.138885498047 290.112335205078 290.085784912109 290.059234619141 290.032684326172 290.006134033203 289.986785888672 289.989044189453 289.991333007812 289.993591308594 289.995849609375 289.998107910156 290.000366210938 290.002655029297 290.043792724609 290.097930908203 290.152038574219 290.206176757812 290.260284423828 290.314392089844 290.368530273438 290.440155029297 290.564300537109 290.688446044922
294.210052490234 294.052429199219 293.894805908203 293.737182617188 293.579528808594 293.421905517578 293.152740478516 292.846405029297 292.540069580078 292.233734130859 291.927398681641 291.621063232422 291.314727783203 291.055511474609 290.937713623047 290.819915771484 290.702117919922 290.584320068359 290.466522216797 290.348724365234 290.230926513672 290.162628173828 290.110809326172 290.059020996094 290.007232666016 289.955444335938 289.903625488281 289.851837158203 289.820617675781 289.851104736328 289.881561279297 289.912048339844 289.942535400391 289.972991943359 290.003479003906 290.033966064453 290.105560302734 290.190887451172 290.276214599609 290.361541748047 290.446838378906 290.532165527344 290.617492675781 290.710174560547 290.824920654297 290.939636230469
294.049926757812 293.881744384766 293.713531494141 293.545349121094 293.377136230469 293.208923339844 292.949401855469 292.659423828125 292.369476318359 292.079498291016 291.789520263672 291.499542236328 291.209564208984 290.965270996094 290.858032226562 290.750793457031 290.6435546875 290.536285400391 290.429046630859 290.321807861328 290.214538574219 290.147155761719 290.093078613281 290.038970947266 289.98486328125 289.930755615234 289.876647949219 289.822570800781 289.791259765625 289.828338623047 289.865417480469 289.902526855469 289.939605712891 289.976684570312 290.013793945312 290.050872802734 290.138763427734 290.243621826172 290.348449707031 290.453277587891 290.55810546875 290.662933349609 290.767791748047 290.874755859375 290.988128662109 291.101501464844
293.936431884766 293.753479003906 293.570556640625 293.387603759766 293.204681396484 293.021728515625 292.765319824219 292.484436035156 292.203521728516 291.922607421875 291.641723632812 291.360809326172 291.079895019531 290.845062255859 290.748382568359 290.651702880859 290.555023193359 290.458343505859 290.361694335938 290.265014648438 290.168334960938 290.119049072266 290.085601806641 290.052124023438 290.018676757812 289.985198974609 289.951751708984 289.918273925781 289.898712158203 289.920806884766 289.942901611328 289.964996337891 289.987091064453 290.009185791016 290.031280517578 290.053375244141 290.143402099609 290.256072998047 290.368743896484 290.481414794922 290.594085693359 290.706756591797 290.819427490234 290.933929443359 291.053955078125 291.173950195312
293.822906494141 293.625213623047 293.427551269531 293.229888916016 293.0322265625 292.834533691406 292.581237792969 292.309417724609 292.037567138672 291.765747070312 291.493927001953 291.222076416016 290.950256347656 290.724853515625 290.638732910156 290.552642822266 290.466522216797 290.380432128906 290.294311523438 290.208190917969 290.122100830078 290.090942382812 290.078125 290.065307617188 290.052490234375 290.039672851562 290.026824951172 290.014007568359 290.006164550781 290.013275146484 290.020385742188 290.027496337891 290.034576416016 290.041687011719 290.048797607422 290.055908203125 290.148071289062 290.2685546875 290.389068603516 290.509552001953 290.630035400391 290.750549316406 290.871032714844 290.993103027344 291.119750976562 291.246429443359
293.709381103516 293.496978759766 293.284576416016 293.072143554688 292.859741210938 292.647338867188 292.397155761719 292.134399414062 291.871643066406 291.60888671875 291.346099853516 291.083343505859 290.820587158203 290.604614257812 290.529083251953 290.453552246094 290.378021240234 290.302490234375 290.226928710938 290.151397705078 290.075866699219 290.062835693359 290.070678710938 290.078491210938 290.086303710938 290.094116210938 290.101928710938 290.109741210938 290.113616943359 290.105743408203 290.097869873047 290.089965820312 290.082092285156 290.074188232422 290.066314697266 290.058410644531 290.152709960938 290.281036376953 290.409362792969 290.537689208984 290.666015625 290.794342041016 290.922668457031 291.05224609375 291.185577392578 291.318908691406
293.595855712891 293.368713378906 293.141571044922 292.914428710938 292.687286376953 292.460144042969 292.213073730469 291.959381103516 291.705688476562 291.451995849609 291.198303222656 290.944610595703 290.69091796875 290.484405517578 290.41943359375 290.354461669922 290.289520263672 290.224548339844 290.159576416016 290.094604492188 290.029632568359 290.034759521484 290.063201904297 290.091644287109 290.1201171875 290.148559570312 290.177001953125 290.205474853516 290.221099853516 290.198211669922 290.175323486328 290.152465820312 290.129577636719 290.106689453125 290.083831787109 290.060943603516 290.157348632812 290.293518066406 290.429656982422 290.565826416016 290.701995849609 290.838134765625 290.974304199219 291.111419677734 291.251403808594 291.391357421875
293.482330322266 293.240447998047 292.998596191406 292.756713867188 292.514831542969 292.27294921875 292.028991699219 291.784393310547 291.539764404297 291.295135498047 291.050506591797 290.805877685547 290.561248779297 290.364166259766 290.309783935547 290.255401611328 290.200988769531 290.146606445312 290.092193603516 290.037811279297 289.983428955078 290.006652832031 290.055725097656 290.104827880859 290.153930664062 290.203002929688 290.252105712891 290.301208496094 290.328552246094 290.290679931641 290.252807617188 290.214935302734 290.177062988281 290.139190673828 290.101318359375 290.063446044922 290.161987304688 290.305969238281 290.449981689453 290.593963623047 290.737945556641 290.881958007812 291.025939941406 291.170593261719 291.317230224609 291.463836669922
293.539489746094 293.289489746094 293.039459228516 292.789428710938 292.539398193359 292.289367675781 292.039733886719 291.790222167969 291.540710449219 291.291198730469 291.041656494141 290.792144775391 290.542633056641 290.342590332031 290.290954589844 290.239318847656 290.187652587891 290.136016845703 290.084381103516 290.03271484375 289.981079101562 290.016815185547 290.081695556641 290.146545410156 290.21142578125 290.276275634766 290.341125488281 290.406005859375 290.442169189453 290.392211914062 290.34228515625 290.292358398438 290.242401123047 290.192474365234 290.142547607422 290.092590332031 290.187255859375 290.330078125 290.472900390625 290.61572265625 290.758575439453 290.901397705078 291.044219970703 291.188873291016 291.338989257812 291.489105224609
293.767333984375 293.515747070312 293.26416015625 293.012603759766 292.761016845703 292.509429931641 292.245269775391 291.976898193359 291.708526611328 291.440185546875 291.171813964844 290.903442382812 290.635101318359 290.419647216797 290.362915039062 290.306213378906 290.24951171875 290.192779541016 290.136077880859 290.079345703125 290.022644042969 290.065307617188 290.141052246094 290.216827392578 290.292602539062 290.368347167969 290.444122314453 290.519897460938 290.561950683594 290.502868652344 290.443786621094 290.384704589844 290.325622558594 290.266540527344 290.207458496094 290.148376464844 290.233123779297 290.365783691406 290.498474121094 290.631134033203 290.763824462891 290.896514892578 291.029174804688 291.166290283203 291.316741943359 291.467163085938
293.995178222656 293.742034912109 293.488891601562 293.235748291016 292.982604980469 292.729461669922 292.450775146484 292.16357421875 291.876373291016 291.589172363281 291.301940917969 291.014739990234 290.7275390625 290.496673583984 290.434906005859 290.373107910156 290.311340332031 290.249542236328 290.187774658203 290.1259765625 290.064208984375 290.11376953125 290.200439453125 290.287109375 290.373779296875 290.46044921875 290.547119140625 290.6337890625 290.681732177734 290.613494873047 290.545288085938 290.47705078125 290.408813476562 290.340606689453 290.272369384766 290.204162597656 290.278991699219 290.401519775391 290.524047851562 290.646545410156 290.769073486328 290.8916015625 291.014129638672 291.143707275391 291.294464111328 291.445220947266
294.223022460938 293.968322753906 293.713623046875 293.458923339844 293.204223632812 292.949523925781 292.656311035156 292.350250244141 292.044189453125 291.738159179688 291.432098388672 291.126037597656 290.819976806641 290.57373046875 290.506866455078 290.440032958984 290.373168945312 290.306335449219 290.239471435547 290.172607421875 290.105773925781 290.162231445312 290.259796142578 290.357391357422 290.454956054688 290.552520751953 290.650085449219 290.747650146484 290.801513671875 290.72412109375 290.646759033203 290.569396972656 290.492034912109 290.414672851562 290.337280273438 290.259918212891 290.324859619141 290.437225341797 290.549591064453 290.661987304688 290.774353027344 290.88671875 290.999084472656 291.121124267578 291.272186279297 291.423248291016
294.450866699219 294.194610595703 293.938354492188 293.682098388672 293.425842285156 293.169586181641 292.861846923828 292.536926269531 292.212036132812 291.887145996094 291.562225341797 291.237335205078 290.912445068359 290.650787353516 290.578857421875 290.506927490234 290.434997558594 290.363098144531 290.291168212891 290.21923828125 290.147338867188 290.210693359375 290.319183349609 290.427642822266 290.5361328125 290.644592285156 290.753082275391 290.861541748047 290.921295166016 290.834777832031 290.748260498047 290.661743164062 290.575225830078 290.488708496094 290.402221679688 290.315704345703 290.370727539062 290.472961425781 290.575164794922 290.677368164062 290.779602050781 290.881805419922 290.984039306641 291.098541259766 291.249938964844 291.401306152344
294.678680419922 294.420867919922 294.163055419922 293.905242919922 293.647430419922 293.389617919922 293.067352294922 292.723602294922 292.379852294922 292.0361328125 291.6923828125 291.3486328125 291.0048828125 290.727813720703 290.650817871094 290.573852539062 290.496856689453 290.419860839844 290.342864990234 290.265869140625 290.188903808594 290.259185791016 290.378540039062 290.497924804688 290.617309570312 290.736694335938 290.856048583984 290.975433349609 291.041046142578 290.945404052734 290.849761962891 290.754089355469 290.658447265625 290.562774658203 290.467132568359 290.371459960938 290.416595458984 290.508666992188 290.600738525391 290.692810058594 290.784851074219 290.876922607422 290.968994140625 291.075958251953 291.227661132812 291.379364013672
294.861724853516 294.614074707031 294.366394042969 294.118713378906 293.871032714844 293.623382568359 293.30029296875 292.952117919922 292.603912353516 292.255706787109 291.907501220703 291.559295654297 291.211120605469 290.929779052734 290.849090576172 290.768402099609 290.687713623047 290.607025146484 290.526306152344 290.445617675781 290.364929199219 290.427154541016 290.536987304688 290.646850585938 290.756683349609 290.866546630859 290.976379394531 291.086242675781 291.139739990234 291.024139404297 290.908538818359 290.792938232422 290.677337646484 290.561737060547 290.446136474609 290.330535888672 290.362640380859 290.443969726562 290.525329589844 290.606658935547 290.68798828125 290.769348144531 290.850677490234 290.952911376953 291.117889404297 291.282836914062
294.999969482422 294.774139404297 294.548309326172 294.322479248047 294.096649169922 293.870819091797 293.560668945312 293.222412109375 292.884155273438 292.5458984375 292.207641601562 291.869384765625 291.531127929688 291.256683349609 291.173645019531 291.090606689453 291.007568359375 290.924560546875 290.841522216797 290.758483886719 290.675445556641 290.714630126953 290.794494628906 290.874389648438 290.954284667969 291.0341796875 291.114044189453 291.193939208984 291.21728515625 291.070922851562 290.924591064453 290.778259277344 290.631896972656 290.485565185547 290.339233398438 290.192901611328 290.208831787109 290.278869628906 290.348937988281 290.418975830078 290.489013671875 290.559051513672 290.629089355469 290.729431152344 290.920593261719 291.111755371094
295.138214111328 294.934234619141 294.730255126953 294.526245117188 294.322265625 294.118255615234 293.821044921875 293.492706298828 293.164398193359 292.836090087891 292.507781982422 292.179443359375 291.851135253906 291.583557128906 291.498199462891 291.412811279297 291.327453613281 291.242095947266 291.156707763672 291.071350097656 290.985992431641 291.002075195312 291.052001953125 291.101928710938 291.15185546875 291.201782226562 291.251708984375 291.301635742188 291.294830322266 291.117736816406 290.940673828125 290.763580322266 290.586486816406 290.409423828125 290.232330322266 290.055236816406 290.055023193359 290.11376953125 290.172546386719 290.231292724609 290.2900390625 290.348785400391 290.407531738281 290.505920410156 290.723297119141 290.940704345703
295.276458740234 295.094329833984 294.912170410156 294.730010986328 294.547882080078 294.36572265625 294.081390380859 293.763031005859 293.444641113281 293.126281738281 292.807891845703 292.489532470703 292.171142578125 291.910430908203 291.822723388672 291.735046386719 291.647338867188 291.559631347656 291.471923828125 291.384216308594 291.296508789062 291.28955078125 291.309539794922 291.329498291016 291.349456787109 291.369415283203 291.389404296875 291.409362792969 291.372375488281 291.16455078125 290.956726074219 290.748901367188 290.541076660156 290.333251953125 290.125427246094 289.917602539062 289.901245117188 289.948699951172 289.996124267578 290.043579101562 290.091033935547 290.138488769531 290.185943603516 290.282440185547 290.526031494141 290.769622802734
