resources/Exp000_Example-Run/Run01_M2/TimeSeries/2010/selection_set/tsurf_avg.asc
NCOLS 265 
NROWS 230 
XLLCORNER -115.5625 
YLLCORNER 24.8333333333333 
CELLSIZE 0.0833333333333333 
NODATA_value -9999 
[rows 80 to 99 of 230, columns 46 to 91 of 265]
284.877563476562 285.116394042969 285.355255126953 285.594085693359 285.832946777344 286.07177734375 286.143798828125 286.160217285156 286.176635742188 286.193054199219 286.20947265625 286.225891113281 286.242309570312 286.234802246094 286.155426025391 286.076080322266 285.996734619141 285.917358398438 285.838012695312 285.758666992188 285.679321289062 285.639923095703 285.613830566406 285.587768554688 285.561706542969 285.535614013672 285.509552001953 285.483459472656 285.387878417969 285.083801269531 284.779724121094 284.475616455078 284.171539306641 283.867462158203 283.563354492188 283.25927734375 282.844360351562 282.392486572266 281.940612792969 281.488739013672 281.036865234375 280.584991455078 280.133148193359 279.710235595703 279.374298095703 279.038360595703
285.171966552734 285.393707275391 285.615478515625 285.837219238281 286.058959960938 286.280700683594 286.314361572266 286.285369873047 286.256378173828 286.227386474609 286.198394775391 286.169372558594 286.140380859375 286.107025146484 286.060546875 286.014068603516 285.967620849609 285.921142578125 285.874664306641 285.828216552734 285.78173828125 285.752471923828 285.728912353516 285.705352783203 285.681793212891 285.658233642578 285.634674072266 285.611114501953 285.526580810547 285.259033203125 284.991516113281 284.723968505859 284.456451416016 284.188903808594 283.92138671875 283.653869628906 283.318939208984 282.961547851562 282.604156494141 282.246795654297 281.889404296875 281.532012939453 281.174652099609 280.829162597656 280.519470214844 280.209777832031
285.466400146484 285.671051025391 285.875671386719 286.080322265625 286.284942626953 286.489593505859 286.484924316406 286.410522460938 286.336120605469 286.261688232422 286.187286376953 286.112854003906 286.038452148438 285.979248046875 285.965667724609 285.952087402344 285.938507080078 285.924926757812 285.911346435547 285.897766113281 285.884185791016 285.864990234375 285.843963623047 285.822937011719 285.801879882812 285.780853271484 285.759826660156 285.73876953125 285.665252685547 285.434295654297 285.203308105469 284.972320556641 284.741363525391 284.510375976562 284.279418945312 284.048431396484 283.793518066406 283.530609130859 283.267730712891 283.004821777344 282.741943359375 282.479034423828 282.216156005859 281.948120117188 281.664642333984 281.381164550781
285.760833740234 285.948364257812 286.135894775391 286.323425292969 286.510955810547 286.698486328125 286.655487060547 286.535675048828 286.415832519531 286.296020507812 286.176177978516 286.056365966797 285.9365234375 285.851470947266 285.870788574219 285.890075683594 285.909393310547 285.928680419922 285.947998046875 285.96728515625 285.986602783203 285.9775390625 285.959014892578 285.940521240234 285.921997070312 285.903472900391 285.884948730469 285.866455078125 285.803955078125 285.609527587891 285.415100097656 285.220672607422 285.026275634766 284.831848144531 284.637420654297 284.442993164062 284.268096923828 284.099670410156 283.931274414062 283.762878417969 283.594451904297 283.426055908203 283.257659912109 283.067047119141 282.809783935547 282.552551269531
285.837463378906 286.005126953125 286.172790527344 286.340454101562 286.508087158203 286.675750732422 286.614501953125 286.476928710938 286.339385986328 286.201812744141 286.064270019531 285.926696777344 285.789123535156 285.694885253906 285.730590820312 285.766326904297 285.802032470703 285.837738037109 285.873474121094 285.9091796875 285.944885253906 285.940185546875 285.921997070312 285.903778076172 285.885589599609 285.867401123047 285.849182128906 285.830993652344 285.777954101562 285.620361328125 285.462799072266 285.305206298828 285.147644042969 284.990081787109 284.832489013672 284.674926757812 284.552581787109 284.442016601562 284.331420898438 284.220855712891 284.110290527344 283.999694824219 283.889129638672 283.747222900391 283.511383056641 283.275543212891
285.6962890625 285.84130859375 285.986328125 286.13134765625 286.2763671875 286.42138671875 286.361938476562 286.234344482422 286.106719970703 285.979125976562 285.851501464844 285.723876953125 285.596282958984 285.509490966797 285.545135498047 285.580780029297 285.616455078125 285.652099609375 285.687744140625 285.723419189453 285.759063720703 285.7529296875 285.732849121094 285.712768554688 285.692687988281 285.672607421875 285.652526855469 285.632446289062 285.587249755859 285.466827392578 285.346374511719 285.225952148438 285.105499267578 284.985046386719 284.864624023438 284.744171142578 284.647003173828 284.557586669922 284.468200683594 284.378784179688 284.289367675781 284.199951171875 284.110565185547 283.988677978516 283.769409179688 283.550140380859
285.555114746094 285.677490234375 285.799896240234 285.922271728516 286.044647216797 286.167022705078 286.109375 285.991729736328 285.874053955078 285.756408691406 285.638732910156 285.521087646484 285.403442382812 285.324096679688 285.359680175781 285.395263671875 285.430847167969 285.466461181641 285.502044677734 285.537628173828 285.5732421875 285.565673828125 285.543701171875 285.521728515625 285.499755859375 285.477813720703 285.455841064453 285.433868408203 285.396575927734 285.313262939453 285.229949951172 285.146667480469 285.063354492188 284.980041503906 284.896728515625 284.813446044922 284.741424560547 284.673187255859 284.604949951172 284.536712646484 284.468475341797 284.400238037109 284.331970214844 284.230133056641 284.027435302734 283.82470703125
285.413940429688 285.513702392578 285.613433837891 285.713165283203 285.812927246094 285.912658691406 285.856811523438 285.749114990234 285.641418457031 285.53369140625 285.425994873047 285.318267822266 285.210571289062 285.138671875 285.174194335938 285.209747314453 285.245269775391 285.280792236328 285.316345214844 285.351867675781 285.387390136719 285.378387451172 285.354553222656 285.330718994141 285.306854248047 285.283020019531 285.259155273438 285.235321044922 285.205871582031 285.159729003906 285.113555908203 285.0673828125 285.021209716797 284.975036621094 284.928863525391 284.882690429688 284.835845947266 284.788787841797 284.74169921875 284.694641113281 284.647552490234 284.600494384766 284.553405761719 284.471588134766 284.285430908203 284.099304199219
285.272796630859 285.349884033203 285.427001953125 285.504089355469 285.581207275391 285.658294677734 285.604248046875 285.506500244141 285.408752441406 285.310974121094 285.213226318359 285.115478515625 285.017730712891 284.953277587891 284.988739013672 285.024200439453 285.059692382812 285.095153808594 285.130615234375 285.166107177734 285.201568603516 285.191131591797 285.165405273438 285.139678955078 285.113952636719 285.088226318359 285.0625 285.036743164062 285.015197753906 285.006164550781 284.997131347656 284.988098144531 284.979064941406 284.970031738281 284.960998535156 284.951965332031 284.930267333984 284.904357910156 284.878448486328 284.852569580078 284.82666015625 284.800750732422 284.774841308594 284.713043212891 284.54345703125 284.373870849609
285.131622314453 285.186065673828 285.240539550781 285.295013427734 285.349456787109 285.403930664062 285.351684570312 285.263885498047 285.176086425781 285.088287353516 285.00048828125 284.912658691406 284.824859619141 284.767852783203 284.803283691406 284.838684082031 284.874084472656 284.909515380859 284.944915771484 284.980316162109 285.015747070312 285.003875732422 284.976257324219 284.948669433594 284.921051025391 284.893432617188 284.865814208984 284.838195800781 284.824523925781 284.852600097656 284.880706787109 284.908813476562 284.936920166016 284.964996337891 284.993103027344 285.021209716797 285.024688720703 285.019958496094 285.015228271484 285.010498046875 285.005737304688 285.001007080078 284.996276855469 284.954467773438 284.801483154297 284.648468017578
285.096984863281 285.156524658203 285.216064453125 285.275604248047 285.335113525391 285.394653320312 285.344268798828 285.257232666016 285.170227050781 285.083190917969 284.996154785156 284.909118652344 284.822113037109 284.762969970703 284.78759765625 284.812194824219 284.836791992188 284.861389160156 284.886016845703 284.910614013672 284.935211181641 284.913635253906 284.876647949219 284.839660644531 284.802673339844 284.765716552734 284.728729248047 284.691741943359 284.67578125 284.722930908203 284.770080566406 284.817230224609 284.864349365234 284.911499023438 284.958648681641 285.005798339844 285.021820068359 285.027465820312 285.033111572266 285.038757324219 285.04443359375 285.050079345703 285.055725097656 285.025695800781 284.888702392578 284.751708984375
285.168914794922 285.26123046875 285.353546142578 285.445831298828 285.538146972656 285.630462646484 285.581970214844 285.486541748047 285.39111328125 285.295715332031 285.200286865234 285.104858398438 285.009429931641 284.938629150391 284.941680908203 284.944732666016 284.947784423828 284.950836181641 284.953887939453 284.956939697266 284.959991455078 284.920379638672 284.866546630859 284.812713623047 284.758880615234 284.705047607422 284.651214599609 284.597381591797 284.569030761719 284.617126464844 284.665222167969 284.713317871094 284.761413574219 284.809509277344 284.857604980469 284.905700683594 284.921661376953 284.926910400391 284.932159423828 284.937408447266 284.942657470703 284.947906494141 284.953155517578 284.926727294922 284.805145263672 284.683563232422
285.240814208984 285.365905761719 285.490997314453 285.616088867188 285.741180419922 285.866271972656 285.819702148438 285.715850830078 285.612030029297 285.508209228516 285.404388427734 285.300567626953 285.196746826172 285.1142578125 285.095764160156 285.077270507812 285.058746337891 285.040252685547 285.021759033203 285.003265380859 284.984771728516 284.927154541016 284.8564453125 284.785766601562 284.715087890625 284.644409179688 284.573699951172 284.503021240234 284.462280273438 284.511322021484 284.560363769531 284.609405517578 284.658447265625 284.70751953125 284.756561279297 284.805603027344 284.821502685547 284.826354980469 284.831207275391 284.836059570312 284.840911865234 284.845764160156 284.850616455078 284.827728271484 284.721588134766 284.615447998047
285.312744140625 285.470611572266 285.628479003906 285.786346435547 285.944213867188 286.102111816406 286.057403564453 285.945190429688 285.832946777344 285.720733642578 285.608520507812 285.496276855469 285.384063720703 285.289886474609 285.249847412109 285.209777832031 285.169738769531 285.129699707031 285.089660644531 285.049621582031 285.009552001953 284.933898925781 284.846343994141 284.758819580078 284.671295166016 284.583740234375 284.496215820312 284.408660888672 284.355529785156 284.405517578125 284.455505371094 284.505523681641 284.555511474609 284.605499267578 284.655517578125 284.705505371094 284.721343994141 284.725799560547 284.730255126953 284.734710693359 284.739166259766 284.743591308594 284.748046875 284.728729248047 284.638031005859 284.547332763672
285.384674072266 285.575317382812 285.765960693359 285.956604003906 286.147247314453 286.337921142578 286.295104980469 286.174499511719 286.053863525391 285.933258056641 285.812622070312 285.691986083984 285.571380615234 285.465515136719 285.403930664062 285.342315673828 285.280731201172 285.219116210938 285.157531738281 285.095947265625 285.034332275391 284.940643310547 284.836273193359 284.731872558594 284.627471923828 284.523101806641 284.418701171875 284.314300537109 284.248748779297 284.299713134766 284.350646972656 284.401611328125 284.452545166016 284.503509521484 284.554443359375 284.605407714844 284.621185302734 284.625244140625 284.629302978516 284.633331298828 284.637390136719 284.641448974609 284.6455078125 284.629730224609 284.554473876953 284.479187011719
285.456573486328 285.679992675781 285.903442382812 286.126861572266 286.350280761719 286.57373046875 286.532806396484 286.40380859375 286.274780273438 286.145751953125 286.016723632812 285.887725830078 285.758697509766 285.641143798828 285.558013916016 285.474853515625 285.391693115234 285.308563232422 285.225402832031 285.142272949219 285.059112548828 284.947418212891 284.826171875 284.704925537109 284.583679199219 284.462432861328 284.341186523438 284.219970703125 284.141998291016 284.193908691406 284.245819091797 284.297698974609 284.349609375 284.401519775391 284.453399658203 284.505310058594 284.521026611328 284.524688720703 284.5283203125 284.531982421875 284.53564453125 284.539306640625 284.542938232422 284.530731201172 284.470886230469 284.411071777344
285.407806396484 285.668182373047 285.928588867188 286.18896484375 286.449371337891 286.709747314453 286.683288574219 286.561187744141 286.439086914062 286.317016601562 286.194915771484 286.072814941406 285.950744628906 285.834838867188 285.737487792969 285.640167236328 285.542816162109 285.445465087891 285.34814453125 285.250793457031 285.153472900391 285.03125 284.900756835938 284.770263671875 284.639770507812 284.50927734375 284.378784179688 284.248291015625 284.160614013672 284.201293945312 284.241973876953 284.282653808594 284.323364257812 284.364044189453 284.404724121094 284.445434570312 284.454193115234 284.452301025391 284.450408935547 284.448516845703 284.446624755859 284.444732666016 284.442840576172 284.429351806641 284.381042480469 284.332702636719
285.238342285156 285.539855957031 285.841400146484 286.142913818359 286.444458007812 286.745971679688 286.746490478516 286.646667480469 286.546813964844 286.446990966797 286.34716796875 286.247314453125 286.147491455078 286.046569824219 285.942413330078 285.838226318359 285.734069824219 285.6298828125 285.525726318359 285.421539306641 285.317352294922 285.192199707031 285.06005859375 284.927917480469 284.795776367188 284.663635253906 284.531463623047 284.399322509766 284.304534912109 284.321868896484 284.339172363281 284.356506347656 284.373809814453 284.391143798828 284.408447265625 284.42578125 284.420654296875 284.408081054688 284.3955078125 284.382934570312 284.370361328125 284.357788085938 284.34521484375 284.325592041016 284.284851074219 284.244079589844
285.068878173828 285.411529541016 285.754211425781 286.096862792969 286.439544677734 286.782196044922 286.809692382812 286.732116699219 286.654541015625 286.576965332031 286.499389648438 286.421844482422 286.344268798828 286.258331298828 286.147308349609 286.036315917969 285.92529296875 285.814300537109 285.703277587891 285.59228515625 285.481262207031 285.353149414062 285.219360351562 285.085571289062 284.951751708984 284.817962646484 284.684143066406 284.550354003906 284.448486328125 284.442443847656 284.436370849609 284.430328369141 284.424285888672 284.418212890625 284.412170410156 284.406097412109 284.387145996094 284.363891601562 284.340637207031 284.317352294922 284.294097900391 284.270843505859 284.247589111328 284.221832275391 284.188659667969 284.155487060547
284.8994140625 285.283233642578 285.667022705078 286.050842285156 286.434631347656 286.818420410156 286.872894287109 286.817596435547 286.762268066406 286.706970214844 286.651641845703 286.596343994141 286.541015625 286.470062255859 286.352233886719 286.234375 286.116546630859 285.998687744141 285.880859375 285.763000488281 285.645172119141 285.514099121094 285.378662109375 285.243194580078 285.107757568359 284.972290039062 284.836853027344 284.701385498047 284.592437744141 284.563018798828 284.533599853516 284.504150390625 284.474731445312 284.4453125 284.415893554688 284.386444091797 284.353637695312 284.319671630859 284.285736083984 284.251800537109 284.217834472656 284.183898925781 284.149932861328 284.118072509766 284.092468261719 284.06689453125
