resources/Exp000_Example-Run/Run01_M2/TimeSeries/2010/selection_set/tsurf_avg.asc
NCOLS 265 
NROWS 230 
XLLCORNER -115.5625 
YLLCORNER 24.8333333333333 
CELLSIZE 0.0833333333333333 
NODATA_value -9999 
[rows 40 to 59 of 230, columns 138 to 183 of 265]
284.331604003906 284.401580810547 284.471527099609 284.54150390625 284.580230712891 284.608551025391 284.636871337891 284.665191650391 284.693511962891 284.721862792969 284.750183105469 284.772888183594 284.778839111328 284.784790039062 284.790740966797 284.796691894531 284.802642822266 284.80859375 284.814544677734 284.832824707031 284.855163574219 284.877532958984 284.89990234375 284.922241210938 284.944610595703 284.966979980469 284.984313964844 284.986511230469 284.988739013672 284.990966796875 284.993194580078 284.995422363281 284.997619628906 284.999847412109 284.998413085938 284.995758056641 284.993103027344 284.990417480469 284.987762451172 284.985107421875 284.982452392578 284.974273681641 284.949493408203 284.924713134766 284.899932861328 284.875152587891
284.53662109375 284.598571777344 284.660522460938 284.722503662109 284.74951171875 284.764892578125 284.7802734375 284.795623779297 284.811004638672 284.826385498047 284.841766357422 284.853363037109 284.853668212891 284.853973388672 284.854278564453 284.854583740234 284.854888916016 284.855194091797 284.855499267578 284.87890625 284.910034179688 284.941162109375 284.972290039062 285.003387451172 285.034515380859 285.065643310547 285.089294433594 285.090606689453 285.091888427734 285.093170166016 285.094451904297 285.095733642578 285.097045898438 285.098327636719 285.097534179688 285.096069335938 285.094604492188 285.093109130859 285.091644287109 285.090148925781 285.088684082031 285.081787109375 285.058654785156 285.035491943359 285.012359619141 284.989227294922
284.665832519531 284.725524902344 284.785217285156 284.844909667969 284.863525390625 284.868469238281 284.873382568359 284.878326416016 284.883239746094 284.88818359375 284.893127441406 284.897583007812 284.900634765625 284.903686523438 284.90673828125 284.909790039062 284.912872314453 284.915924072266 284.918975830078 284.947021484375 284.983367919922 285.019744873047 285.056091308594 285.092468261719 285.128845214844 285.165191650391 285.192810058594 285.194213867188 285.195587158203 285.196990966797 285.198364257812 285.199768066406 285.201141357422 285.202545166016 285.202575683594 285.2021484375 285.201721191406 285.201293945312 285.200866699219 285.200439453125 285.200012207031 285.194427490234 285.173278808594 285.152130126953 285.130981445312 285.10986328125
284.71923828125 284.782409667969 284.845581054688 284.908752441406 284.922271728516 284.919281005859 284.916259765625 284.913269042969 284.910247802734 284.907257080078 284.904235839844 284.905548095703 284.919738769531 284.933959960938 284.948150634766 284.962371826172 284.9765625 284.990783691406 285.004974365234 285.037109375 285.0751953125 285.11328125 285.1513671875 285.189453125 285.2275390625 285.265655517578 285.294830322266 285.29736328125 285.299896240234 285.302398681641 285.304931640625 285.307434082031 285.309967041016 285.3125 285.3134765625 285.313995361328 285.314483642578 285.314971923828 285.315460205078 285.315948486328 285.316467285156 285.312133789062 285.293365478516 285.274597167969 285.255828857422 285.237091064453
284.772644042969 284.839294433594 284.905944824219 284.972564697266 284.981018066406 284.970092773438 284.959136962891 284.948211669922 284.937255859375 284.926300048828 284.915374755859 284.913482666016 284.938842773438 284.964202880859 284.989562988281 285.014923095703 285.040283203125 285.065643310547 285.090972900391 285.127197265625 285.1669921875 285.206817626953 285.246643066406 285.286468505859 285.326263427734 285.366088867188 285.396881103516 285.400512695312 285.404174804688 285.407836914062 285.411468505859 285.415130615234 285.418792724609 285.422424316406 285.424407958984 285.425811767578 285.42724609375 285.428649902344 285.430053710938 285.431488037109 285.432891845703 285.429840087891 285.413452148438 285.397064208984 285.380676269531 285.364318847656
284.826049804688 284.896179199219 284.966278076172 285.036407470703 285.039794921875 285.020904541016 285.002014160156 284.983123779297 284.964263916016 284.945373535156 284.926483154297 284.921447753906 284.957977294922 284.994476318359 285.030975341797 285.067474365234 285.103973388672 285.140502929688 285.177001953125 285.21728515625 285.258819580078 285.300354003906 285.341918945312 285.383453369141 285.424987792969 285.466522216797 285.498901367188 285.503662109375 285.508453369141 285.513244628906 285.518035888672 285.522827148438 285.527618408203 285.532379150391 285.535339355469 285.537658691406 285.540008544922 285.542327880859 285.544647216797 285.546997070312 285.54931640625 285.547576904297 285.533569335938 285.519561767578 285.505554199219 285.491516113281
284.879455566406 284.953033447266 285.026641845703 285.100250244141 285.098541259766 285.071716308594 285.044891357422 285.01806640625 284.991241455078 284.964447021484 284.937622070312 284.929412841797 284.977081298828 285.024719238281 285.072387695312 285.120025634766 285.167694091797 285.215362548828 285.263000488281 285.307373046875 285.350646972656 285.393920898438 285.437164306641 285.480438232422 285.523712158203 285.566986083984 285.600921630859 285.606842041016 285.612762451172 285.618682861328 285.624572753906 285.630493164062 285.636413574219 285.642333984375 285.646270751953 285.649505615234 285.652770996094 285.656005859375 285.659240722656 285.662506103516 285.665740966797 285.665283203125 285.653656005859 285.642028808594 285.630401611328 285.618743896484
284.932861328125 285.009918212891 285.087005615234 285.164093017578 285.157287597656 285.122528076172 285.087768554688 285.053009033203 285.018249511719 284.983489990234 284.94873046875 284.937377929688 284.996185302734 285.054992675781 285.113800048828 285.172607421875 285.231414794922 285.290222167969 285.348999023438 285.3974609375 285.442443847656 285.487457275391 285.532440185547 285.577453613281 285.622436523438 285.667419433594 285.702941894531 285.709991455078 285.717041015625 285.724090576172 285.731140136719 285.738189697266 285.745239257812 285.752288818359 285.757171630859 285.761352539062 285.765502929688 285.769683837891 285.773864746094 285.778015136719 285.782196044922 285.782989501953 285.773742675781 285.764495849609 285.755249023438 285.745971679688
284.90771484375 284.985046386719 285.062408447266 285.139739990234 285.135162353516 285.103302001953 285.071441650391 285.039581298828 285.007720947266 284.975830078125 284.943969726562 284.936492919922 285.002136230469 285.067779541016 285.133422851562 285.199035644531 285.264678955078 285.330322265625 285.395965576172 285.446105957031 285.491088867188 285.536041259766 285.581024169922 285.6259765625 285.670959472656 285.715911865234 285.751831054688 285.760559082031 285.769317626953 285.778076171875 285.786804199219 285.795562744141 285.804290771484 285.813049316406 285.819519042969 285.8251953125 285.830871582031 285.836578369141 285.842254638672 285.847961425781 285.853637695312 285.856567382812 285.851257324219 285.845916748047 285.840576171875 285.835266113281
284.804046630859 284.87841796875 284.952819824219 285.027221679688 285.032196044922 285.014068603516 284.995910644531 284.977752685547 284.959594726562 284.941467285156 284.923309326172 284.926727294922 284.994903564453 285.063079833984 285.131225585938 285.199401855469 285.267547607422 285.335723876953 285.403900146484 285.453308105469 285.496520996094 285.539703369141 285.582885742188 285.626068115234 285.669250488281 285.712432861328 285.747589111328 285.758575439453 285.769592285156 285.780609130859 285.791595458984 285.802612304688 285.813598632812 285.824615478516 285.833221435547 285.841033935547 285.848846435547 285.856689453125 285.864501953125 285.872314453125 285.880126953125 285.886016845703 285.886169433594 285.886291503906 285.886444091797 285.886566162109
284.700347900391 284.771789550781 284.84326171875 284.914703369141 284.929229736328 284.9248046875 284.920379638672 284.915954589844 284.911499023438 284.907073974609 284.902648925781 284.9169921875 284.987670898438 285.058380126953 285.129058837891 285.199737548828 285.270416259766 285.341125488281 285.411804199219 285.460540771484 285.501922607422 285.543334960938 285.584747314453 285.626159667969 285.667572021484 285.708984375 285.743347167969 285.756591796875 285.769866943359 285.783142089844 285.79638671875 285.809661865234 285.822906494141 285.836181640625 285.846954345703 285.856903076172 285.866821289062 285.876770019531 285.88671875 285.896667480469 285.906616210938 285.915466308594 285.921081542969 285.926696777344 285.932281494141 285.937896728516
284.5966796875 284.665161132812 284.733673095703 284.802185058594 284.826263427734 284.835540771484 284.844848632812 284.854125976562 284.863403320312 284.872711181641 284.881988525391 284.907257080078 284.98046875 285.053680419922 285.126892089844 285.200073242188 285.273284912109 285.346496582031 285.419708251953 285.467742919922 285.507354736328 285.546997070312 285.586608886719 285.626251220703 285.665863037109 285.705505371094 285.739105224609 285.754608154297 285.770141601562 285.78564453125 285.801177978516 285.816680908203 285.832214355469 285.847747802734 285.860656738281 285.872741699219 285.884796142578 285.896881103516 285.908935546875 285.921020507812 285.933074951172 285.944915771484 285.955993652344 285.967071533203 285.978149414062 285.989227294922
284.492980957031 284.558532714844 284.624114990234 284.689666748047 284.723297119141 284.746307373047 284.769317626953 284.792297363281 284.815307617188 284.838317871094 284.861328125 284.897491455078 284.973236083984 285.048980712891 285.124694824219 285.200439453125 285.276153564453 285.351898193359 285.427642822266 285.474945068359 285.512786865234 285.550628662109 285.588500976562 285.626342773438 285.664184570312 285.702026367188 285.73486328125 285.752624511719 285.770416259766 285.788177490234 285.805969238281 285.82373046875 285.841522216797 285.859283447266 285.874389648438 285.888580322266 285.902770996094 285.9169921875 285.931182861328 285.945373535156 285.959564208984 285.974365234375 285.990905761719 286.007446289062 286.023986816406 286.04052734375
284.389312744141 284.451904296875 284.514526367188 284.5771484375 284.620330810547 284.657043457031 284.693786621094 284.730499267578 284.767211914062 284.803924560547 284.840667724609 284.887756347656 284.966003417969 285.044281005859 285.122528076172 285.200775146484 285.279022216797 285.357299804688 285.435546875 285.482147216797 285.518218994141 285.554290771484 285.590362548828 285.626434326172 285.662506103516 285.698547363281 285.730621337891 285.750640869141 285.770690917969 285.790710449219 285.810760498047 285.830780029297 285.850830078125 285.870849609375 285.888122558594 285.904418945312 285.920745849609 285.937072753906 285.953399658203 285.9697265625 285.986053466797 286.003784179688 286.025817871094 286.047821044922 286.069854736328 286.091857910156
284.324493408203 284.395355224609 284.466217041016 284.537078857422 284.589416503906 284.635589599609 284.681732177734 284.727905273438 284.774047851562 284.820220947266 284.866363525391 284.920013427734 284.99609375 285.072143554688 285.148223876953 285.224304199219 285.300384521484 285.376434326172 285.452514648438 285.498779296875 285.535095214844 285.571441650391 285.607757568359 285.644073486328 285.680419921875 285.716735839844 285.749908447266 285.773651123047 285.797393798828 285.821136474609 285.844879150391 285.868621826172 285.892364501953 285.916107177734 285.934844970703 285.951934814453 285.968994140625 285.986083984375 286.003143310547 286.020202636719 286.037292480469 286.056213378906 286.080718994141 286.105224609375 286.129699707031 286.154205322266
284.298583984375 284.388885498047 284.479187011719 284.569488525391 284.630554199219 284.681884765625 284.733184814453 284.784515380859 284.835815429688 284.887145996094 284.9384765625 284.994262695312 285.063446044922 285.132629394531 285.201812744141 285.27099609375 285.340179443359 285.409362792969 285.478546142578 285.524810791016 285.563446044922 285.602081298828 285.640686035156 285.679321289062 285.717926025391 285.756561279297 285.792755126953 285.821655273438 285.850555419922 285.879455566406 285.908355712891 285.937255859375 285.966156005859 285.995056152344 286.014617919922 286.031066894531 286.047515869141 286.06396484375 286.080413818359 286.096832275391 286.11328125 286.131622314453 286.155609130859 286.179595947266 286.203582763672 286.227569580078
284.272644042969 284.382385253906 284.492156982422 284.601898193359 284.671691894531 284.728179931641 284.784637451172 284.841125488281 284.897613525391 284.954071044922 285.010559082031 285.068481445312 285.130798339844 285.193084716797 285.255401611328 285.317687988281 285.380004882812 285.442291259766 285.504608154297 285.550872802734 285.591796875 285.632690429688 285.673614501953 285.714538574219 285.755462646484 285.79638671875 285.835571289062 285.86962890625 285.903717041016 285.937774658203 285.971832275391 286.005889892578 286.039947509766 286.074005126953 286.094390869141 286.110198974609 286.126037597656 286.141845703125 286.157653808594 286.173461914062 286.189300537109 286.20703125 286.230499267578 286.253967285156 286.277435302734 286.300933837891
284.246734619141 284.375915527344 284.505096435547 284.634307861328 284.712829589844 284.774475097656 284.836090087891 284.897735595703 284.959381103516 285.021026611328 285.082641601562 285.142730712891 285.198150634766 285.253570556641 285.308990478516 285.364379882812 285.419799804688 285.475219726562 285.530639648438 285.576904296875 285.6201171875 285.663330078125 285.70654296875 285.749755859375 285.79296875 285.836212158203 285.87841796875 285.917633056641 285.956848144531 285.99609375 286.035308837891 286.074523925781 286.113739013672 286.152954101562 286.174163818359 286.189361572266 286.204528808594 286.2197265625 286.234924316406 286.250122070312 286.265289306641 286.282440185547 286.305389404297 286.328338623047 286.351318359375 286.374267578125
284.220794677734 284.369445800781 284.51806640625 284.666717529297 284.753967285156 284.820770263672 284.887542724609 284.954345703125 285.021148681641 285.087951660156 285.154754638672 285.216979980469 285.265502929688 285.314025878906 285.362548828125 285.411102294922 285.459625244141 285.508148193359 285.556671142578 285.602935791016 285.648468017578 285.693969726562 285.739471435547 285.785003662109 285.830505371094 285.876007080078 285.921264648438 285.965637207031 286.010009765625 286.054382324219 286.098785400391 286.143157958984 286.187530517578 286.231903076172 286.253936767578 286.268493652344 286.283050537109 286.297607421875 286.312164306641 286.326751708984 286.34130859375 286.357818603516 286.380279541016 286.402740478516 286.425170898438 286.447631835938
284.194854736328 284.362945556641 284.531036376953 284.699096679688 284.795104980469 284.867065429688 284.939025878906 285.010955810547 285.082916259766 285.154876708984 285.226837158203 285.291229248047 285.332855224609 285.37451171875 285.416137695312 285.457794189453 285.499420166016 285.541076660156 285.582702636719 285.628997802734 285.676788330078 285.724609375 285.772399902344 285.820220947266 285.868041992188 285.915832519531 285.964080810547 286.013610839844 286.063171386719 286.112701416016 286.162231445312 286.211791992188 286.261322021484 286.310852050781 286.333709716797 286.347625732422 286.361572265625 286.37548828125 286.389434814453 286.403381347656 286.417297363281 286.433227539062 286.455169677734 286.477111816406 286.499053955078 286.52099609375
