data/working_set_collections/6091692-Cassins_Sparrow-M2/1995/albedo_avg.asc
NCOLS 265 
NROWS 230 
XLLCORNER -115.5625 
YLLCORNER 24.8333333333333 
CELLSIZE 0.0833333333333333 
NODATA_value -9999 
[rows 80 to 99 of 230, columns 176 to 219 of 265]
0.219195902347565 0.218290165066719 0.217384442687035 0.216499969363213 0.215679228305817 0.214858487248421 0.214037731289864 0.213216990232468 0.212396249175072 0.211575508117676 0.21075476706028 0.210043415427208 0.209368526935577 0.208693638443947 0.208018735051155 0.207343846559525 0.206668958067894 0.205994069576263 0.205494284629822 0.205519750714302 0.205545216798782 0.205570697784424 0.205596163868904 0.205621644854546 0.205647110939026 0.205672577023506 0.205709546804428 0.205750346183777 0.205791145563126 0.205831944942474 0.205872729420662 0.205913528800011 0.205954328179359 0.205743461847305 0.204777598381042 0.20381173491478 0.202845856547356 0.201879993081093 0.20091412961483 0.199948266148567 0.198982387781143 0.197996780276299 0.197004601359367 0.196012407541275
0.219174146652222 0.218180447816849 0.217186748981476 0.216219529509544 0.215331763029099 0.214443996548653 0.213556230068207 0.212668463587761 0.211780697107315 0.210892930626869 0.210005149245262 0.209251254796982 0.208541974425316 0.20783269405365 0.207123413681984 0.206414148211479 0.205704867839813 0.204995587468147 0.204506546258926 0.204678177833557 0.204849824309349 0.205021470785141 0.205193117260933 0.205364763736725 0.205536410212517 0.205708056688309 0.205759838223457 0.205771654844284 0.205783486366272 0.205795302987099 0.205807134509087 0.205818966031075 0.205830782651901 0.205635473132133 0.204818740487099 0.204002022743225 0.20318529009819 0.202368557453156 0.201551839709282 0.200735107064247 0.199918374419212 0.198842495679855 0.197680205106735 0.196517929434776
0.21915240585804 0.218070730566978 0.216989055275917 0.215939089655876 0.21498429775238 0.214029505848885 0.213074713945389 0.212119922041893 0.211165130138397 0.210210338234901 0.209255546331406 0.208459109067917 0.207715436816216 0.206971764564514 0.206228107213974 0.205484434962273 0.204740762710571 0.20399709045887 0.203518807888031 0.203836619853973 0.204154431819916 0.204472258687019 0.204790070652962 0.205107882618904 0.205425709486008 0.20574352145195 0.205810114741325 0.205792963504791 0.205775827169418 0.205758675932884 0.205741539597511 0.205724388360977 0.205707237124443 0.205527484416962 0.204859897494316 0.204192310571671 0.203524723649025 0.202857136726379 0.202189549803734 0.201521962881088 0.200854375958443 0.199688196182251 0.198355823755264 0.197023466229439
0.219130665063858 0.217961013317108 0.216791346669197 0.215658649802208 0.214636847376823 0.213615030050278 0.212593212723732 0.211571395397186 0.210549578070641 0.209527760744095 0.208505943417549 0.207666948437691 0.206888884305954 0.206110835075378 0.205332770943642 0.204554721713066 0.203776672482491 0.202998608350754 0.202531069517136 0.202995046973228 0.203459039330482 0.203923031687737 0.204387024044991 0.204851016402245 0.205314993858337 0.205778986215591 0.205860406160355 0.20581428706646 0.205768167972565 0.20572204887867 0.205675929784775 0.20562981069088 0.205583706498146 0.20541949570179 0.204901054501534 0.204382598400116 0.20386415719986 0.203345701098442 0.202827259898186 0.202308803796768 0.201790362596512 0.200533896684647 0.199031442403793 0.19752898812294
0.218867659568787 0.217762053012848 0.216656446456909 0.215566843748093 0.214525267481804 0.213483706116676 0.212442129850388 0.211400553584099 0.210358992218971 0.209317415952682 0.208275839686394 0.207375764846802 0.206522837281227 0.205669924616814 0.204816997051239 0.203964069485664 0.203111156821251 0.202258229255676 0.201754555106163 0.202298626303673 0.202842697501183 0.203386783599854 0.203930854797363 0.204474925994873 0.205018997192383 0.205563068389893 0.205763593316078 0.205849602818489 0.2059356123209 0.206021621823311 0.206107616424561 0.206193625926971 0.206279635429382 0.206220433115959 0.205725580453873 0.205230742692947 0.204735890030861 0.204241052269936 0.203746199607849 0.203251361846924 0.202756509184837 0.201351538300514 0.199643194675446 0.197934851050377
0.218363404273987 0.217473864555359 0.216584324836731 0.215663656592369 0.214649602770805 0.21363553404808 0.212621480226517 0.211607426404953 0.210593372583389 0.209579318761826 0.208565250039101 0.207585543394089 0.206617280840874 0.205649018287659 0.204680755734444 0.203712493181229 0.202744230628014 0.201775968074799 0.201189279556274 0.201747342944145 0.202305421233177 0.202863484621048 0.20342156291008 0.203979626297951 0.204537689685822 0.205095767974854 0.205519706010818 0.205898925662041 0.206278145313263 0.206657379865646 0.207036599516869 0.207415834069252 0.207795053720474 0.207930281758308 0.207333505153656 0.206736728549004 0.206139951944351 0.205543175339699 0.204946398735046 0.204349622130394 0.203752845525742 0.202141121029854 0.200191080570221 0.198241040110588
0.217859148979187 0.21718567609787 0.216512203216553 0.215760454535484 0.214773923158646 0.213787376880646 0.212800830602646 0.211814284324646 0.210827752947807 0.209841206669807 0.208854660391808 0.207795321941376 0.20671172440052 0.205628111958504 0.204544514417648 0.203460901975632 0.202377304434776 0.20129369199276 0.200624004006386 0.201196074485779 0.201768130064011 0.202340200543404 0.202912256121635 0.203484326601028 0.204056397080421 0.204628452658653 0.205275803804398 0.205948248505592 0.206620693206787 0.207293137907982 0.207965582609177 0.208638027310371 0.209310472011566 0.209640130400658 0.208941429853439 0.20824271440506 0.207544013857841 0.206845298409462 0.206146597862244 0.205447882413864 0.204749181866646 0.202930703759193 0.200738966464996 0.198547229170799
0.217354878783226 0.216897487640381 0.216440081596375 0.215857267379761 0.214898243546486 0.213939219713211 0.212980180978775 0.2120211571455 0.211062133312225 0.210103094577789 0.209144070744514 0.208005100488663 0.206806153059006 0.205607205629349 0.204408258199692 0.203209310770035 0.202010378241539 0.200811430811882 0.200058728456497 0.200644791126251 0.201230853796005 0.201816901564598 0.202402964234352 0.202989026904106 0.20357508957386 0.204161152243614 0.205031916499138 0.205997571349144 0.206963241100311 0.207928895950317 0.208894565701485 0.209860235452652 0.210825890302658 0.211349979043007 0.210549339652061 0.209748700261116 0.208948060870171 0.208147421479225 0.20734678208828 0.206546142697334 0.205745503306389 0.203720271587372 0.201286837458611 0.19885341823101
0.216850623488426 0.216609284281731 0.216367959976196 0.215954080224037 0.215022563934326 0.214091047644615 0.213159531354904 0.212228029966354 0.211296513676643 0.210364997386932 0.209433481097221 0.20821487903595 0.206900596618652 0.205586314201355 0.204272016882896 0.202957734465599 0.20164343714714 0.200329154729843 0.199493452906609 0.200093507766724 0.200693562626839 0.201293617486954 0.201893672347069 0.202493727207184 0.203093782067299 0.203693836927414 0.204788014292717 0.206046894192696 0.207305774092674 0.208564668893814 0.209823548793793 0.211082428693771 0.21234130859375 0.213059827685356 0.212157264351845 0.211254686117172 0.210352122783661 0.209449544548988 0.208546981215477 0.207644402980804 0.206741839647293 0.204509854316711 0.201834723353386 0.199159607291222
0.216346368193626 0.216321095824242 0.216295838356018 0.216050893068314 0.215146884322166 0.21424289047718 0.213338896632195 0.212434887886047 0.211530894041061 0.210626885294914 0.209722891449928 0.208424672484398 0.206995040178299 0.2055654078722 0.204135775566101 0.202706143260002 0.201276510953903 0.199846893548965 0.19892817735672 0.199542224407196 0.200156271457672 0.200770333409309 0.201384380459785 0.201998427510262 0.202612489461899 0.203226536512375 0.204544126987457 0.206096217036247 0.207648321986198 0.20920042693615 0.210752531886101 0.212304621934891 0.213856726884842 0.214769676327705 0.213765174150467 0.212760671973228 0.21175616979599 0.210751667618752 0.209747165441513 0.208742663264275 0.207738161087036 0.20529942214489 0.202382609248161 0.199465781450272
0.215261116623878 0.215266585350037 0.215272039175034 0.215055510401726 0.214172974228859 0.213290438055992 0.212407886981964 0.211525350809097 0.21064281463623 0.209760278463364 0.208877742290497 0.207610636949539 0.206215351819992 0.204820051789284 0.203424766659737 0.20202948153019 0.200634181499481 0.199238896369934 0.198342502117157 0.198942795395851 0.199543088674545 0.200143381953239 0.200743690133095 0.201343983411789 0.201944276690483 0.202544569969177 0.203997015953064 0.205733492970467 0.207469969987869 0.209206461906433 0.210942938923836 0.2126794308424 0.214415907859802 0.21542264521122 0.214240103960037 0.213057547807693 0.211875006556511 0.210692465305328 0.209509924054146 0.208327382802963 0.207144841551781 0.204597398638725 0.20159500837326 0.198592603206635
0.213594898581505 0.213445737957954 0.213296577334404 0.212967932224274 0.212100803852081 0.211233675479889 0.210366547107697 0.209499418735504 0.208632290363312 0.207765161991119 0.206898033618927 0.205772802233696 0.204561531543732 0.203350260853767 0.202138990163803 0.200927719473839 0.199716448783875 0.19850517809391 0.197736412286758 0.198295205831528 0.198853999376297 0.199412792921066 0.199971586465836 0.200530380010605 0.201089158654213 0.201647952198982 0.203146681189537 0.204958707094193 0.206770732998848 0.208582773804665 0.21039479970932 0.212206825613976 0.214018866419792 0.215018719434738 0.213582023978233 0.212145328521729 0.210708633065224 0.209271937608719 0.207835242152214 0.20639856159687 0.204961866140366 0.202403783798218 0.199471905827522 0.196540027856827
0.211928680539131 0.211624905467033 0.211321115493774 0.210880354046822 0.210028633475304 0.209176927804947 0.208325207233429 0.207473486661911 0.206621766090393 0.205770045518875 0.204918339848518 0.203934967517853 0.202907711267471 0.20188045501709 0.20085321366787 0.199825957417488 0.198798701167107 0.197771459817886 0.197130337357521 0.197647631168365 0.198164910078049 0.198682203888893 0.199199482798576 0.199716776609421 0.200234055519104 0.200751334428787 0.20229634642601 0.204183921217918 0.206071496009827 0.207959085702896 0.209846660494804 0.211734235286713 0.213621810078621 0.214614778757095 0.212923943996429 0.211233094334602 0.209542259573936 0.207851409912109 0.206160560250282 0.204469725489616 0.202778875827789 0.200210154056549 0.197348818182945 0.19448746740818
0.210262447595596 0.209804058074951 0.209345653653145 0.20879277586937 0.207956477999687 0.207120165228844 0.206283852458 0.205447554588318 0.204611241817474 0.203774929046631 0.202938631176949 0.20209713280201 0.201253890991211 0.200410664081573 0.199567437171936 0.198724195361137 0.1978809684515 0.197037741541862 0.196524262428284 0.197000041604042 0.1974758207798 0.197951599955559 0.198427379131317 0.198903158307076 0.199378952383995 0.199854731559753 0.201446011662483 0.203409135341644 0.205372259020805 0.207335382699966 0.209298506379128 0.21126164495945 0.213224768638611 0.214210852980614 0.212265864014626 0.210320875048637 0.208375871181488 0.2064308822155 0.204485893249512 0.202540889382362 0.200595900416374 0.198016539216042 0.195225715637207 0.192434892058372
0.208596229553223 0.207983210682869 0.207370191812515 0.206705212593079 0.20588430762291 0.205063417553902 0.204242512583733 0.203421622514725 0.202600717544556 0.201779827475548 0.200958922505379 0.200259298086166 0.199600085616112 0.198940873146057 0.198281660676003 0.197622448205948 0.196963235735893 0.196304023265839 0.195918172597885 0.196352452039719 0.196786731481552 0.197221010923386 0.197655290365219 0.198089554905891 0.198523834347725 0.198958113789558 0.200595676898956 0.20263434946537 0.204673022031784 0.206711694598198 0.208750367164612 0.210789039731026 0.21282771229744 0.213806927204132 0.211607784032822 0.209408640861511 0.207209497690201 0.20501035451889 0.20281121134758 0.20061206817627 0.198412925004959 0.195822909474373 0.19310262799263 0.190382331609726
0.206930011510849 0.206162363290787 0.205394729971886 0.204617634415627 0.203812137246132 0.203006654977798 0.202201172709465 0.20139567553997 0.200590193271637 0.199784711003304 0.198979213833809 0.198421448469162 0.197946265339851 0.19747106730938 0.196995884180069 0.196520686149597 0.196045488119125 0.195570304989815 0.195312097668648 0.195704877376556 0.196097642183304 0.196490406990051 0.19688318669796 0.197275951504707 0.197668731212616 0.198061496019363 0.199745357036591 0.201859563589096 0.203973785042763 0.206088006496429 0.208202227950096 0.210316449403763 0.212430655956268 0.21340300142765 0.210949704051018 0.208496406674385 0.206043124198914 0.203589826822281 0.201136529445648 0.198683232069016 0.196229934692383 0.193629294633865 0.190979525446892 0.188329756259918
0.205964043736458 0.2051962018013 0.204428344964981 0.203656792640686 0.202874079346657 0.202091380953789 0.20130866765976 0.20052595436573 0.199743255972862 0.198960542678833 0.198177844285965 0.197748109698296 0.197436034679413 0.197123974561691 0.196811899542809 0.196499824523926 0.196187764406204 0.195875689387321 0.195744678378105 0.196156799793243 0.196568936109543 0.196981072425842 0.197393208742142 0.19780533015728 0.198217466473579 0.198629602789879 0.200206369161606 0.202171355485916 0.204136326909065 0.206101313233376 0.208066299557686 0.210031270980835 0.211996257305145 0.212812036275864 0.210180208086967 0.207548379898071 0.204916566610336 0.20228473842144 0.199652910232544 0.197021082043648 0.194389253854752 0.191840395331383 0.189319178462029 0.186797961592674
0.20569834113121 0.205084696412086 0.204471051692963 0.203822687268257 0.203070133924484 0.20231756567955 0.201565012335777 0.200812458992004 0.20005989074707 0.199307337403297 0.198554784059525 0.198239251971245 0.198069408535957 0.19789956510067 0.197729721665382 0.197559878230095 0.197390034794807 0.19722019135952 0.197215899825096 0.197708263993263 0.198200613260269 0.198692977428436 0.199185341596603 0.19967770576477 0.200170055031776 0.200662419199944 0.201978728175163 0.203569695353508 0.205160647630692 0.206751614809036 0.208342581987381 0.209933534264565 0.211524501442909 0.212034031748772 0.209299296140671 0.20656456053257 0.203829824924469 0.201095089316368 0.198360353708267 0.195625618100166 0.192890882492065 0.190456211566925 0.188121572136879 0.185786932706833
0.205432623624802 0.204973191022873 0.204513758420944 0.203988581895828 0.20326617360115 0.202543765306473 0.201821357011795 0.201098948717117 0.20037654042244 0.199654132127762 0.198931723833084 0.198730409145355 0.198702782392502 0.19867517054081 0.198647543787956 0.198619931936264 0.198592305183411 0.198564693331718 0.198687121272087 0.199259713292122 0.199832305312157 0.20040488243103 0.200977474451065 0.2015500664711 0.202122658491135 0.202695235610008 0.203751102089882 0.2049680352211 0.206184983253479 0.207401916384697 0.208618864417076 0.209835797548294 0.211052745580673 0.211256042122841 0.208418384194374 0.205580741167068 0.202743098139763 0.199905440211296 0.19706779718399 0.194230139255524 0.191392496228218 0.189072027802467 0.186923965811729 0.184775903820992
0.205166921019554 0.204861700534821 0.204556465148926 0.204154476523399 0.203462213277817 0.202769964933395 0.202077701687813 0.20138543844223 0.200693190097809 0.200000926852226 0.199308663606644 0.199221551418304 0.199336156249046 0.199450761079788 0.199565380811691 0.199679985642433 0.199794590473175 0.199909195303917 0.200158357620239 0.200811162590981 0.201463982462883 0.202116802334785 0.202769622206688 0.203422427177429 0.204075247049332 0.204728066921234 0.205523461103439 0.206366375088692 0.207209303975105 0.208052217960358 0.208895146846771 0.209738060832024 0.210580989718437 0.210478037595749 0.207537472248077 0.204596921801567 0.201656356453896 0.198715791106224 0.195775240659714 0.192834675312042 0.189894109964371 0.187687858939171 0.18572635948658 0.183764860033989
