data/working_set_collections/6091692-Cassins_Sparrow-M2/1995/albedo_avg.asc
NCOLS 265 
NROWS 230 
XLLCORNER -115.5625 
YLLCORNER 24.8333333333333 
CELLSIZE 0.0833333333333333 
NODATA_value -9999 
[rows 100 to 119 of 230, columns 132 to 175 of 265]
0.187380537390709 0.19030487537384 0.192963764071465 0.194826319813728 0.196688875555992 0.198551431298256 0.20041398704052 0.202276542782784 0.204139098525047 0.206001654267311 0.207373663783073 0.208582147955894 0.209790647029877 0.210999146103859 0.212207645177841 0.213416129350662 0.214624628424644 0.215553715825081 0.21564456820488 0.215735420584679 0.215826272964478 0.215917125344276 0.216007977724075 0.216098845005035 0.216189697384834 0.215553283691406 0.214674457907677 0.213795632123947 0.212916806340218 0.212037980556488 0.211159154772758 0.210280328989029 0.209487795829773 0.208954110741615 0.208420425653458 0.2078867405653 0.207353055477142 0.206819370388985 0.206285700201988 0.205752015113831 0.205505326390266 0.205354288220406 0.205203264951706 0.205052241683006
0.185381665825844 0.188047304749489 0.190544560551643 0.19253671169281 0.194528862833977 0.196520999073982 0.198513150215149 0.200505301356316 0.202497437596321 0.204489588737488 0.205845043063164 0.206988289952278 0.208131521940231 0.209274753928185 0.210418000817299 0.211561232805252 0.212704464793205 0.213574185967445 0.213623329997063 0.213672488927841 0.21372164785862 0.213770791888237 0.213819950819016 0.213869094848633 0.213918253779411 0.213311105966568 0.212485209107399 0.211659297347069 0.210833385586739 0.21000748872757 0.209181576967239 0.208355665206909 0.207632377743721 0.207216933369637 0.206801488995552 0.206386044621468 0.205970600247383 0.205555155873299 0.205139711499214 0.20472426712513 0.2046227902174 0.204625979065895 0.204629153013229 0.204632326960564
0.185674950480461 0.188043311238289 0.190317630767822 0.192309811711311 0.194302007555962 0.196294203400612 0.198286384344101 0.200278580188751 0.202270776033401 0.204262956976891 0.20555217564106 0.206607073545456 0.207661956548691 0.208716854453087 0.209771752357483 0.210826635360718 0.211881533265114 0.212701112031937 0.212814792990685 0.212928473949432 0.21304215490818 0.213155835866928 0.213269516825676 0.213383182883263 0.21349686384201 0.212913304567337 0.212097316980362 0.211281329393387 0.210465341806412 0.209649354219437 0.208833366632462 0.208017379045486 0.20729024708271 0.20682966709137 0.206369072198868 0.205908492207527 0.205447897315025 0.204987317323685 0.204526722431183 0.204066142439842 0.203978538513184 0.204015269875526 0.204052001237869 0.204088732600212
0.188260406255722 0.19029289484024 0.192282930016518 0.194145619869232 0.196008324623108 0.197871014475822 0.199733704328537 0.201596394181252 0.203459084033966 0.205321773886681 0.206495046615601 0.207438513636589 0.208381965756416 0.209325432777405 0.210268899798393 0.211212351918221 0.212155818939209 0.212934523820877 0.213218957185745 0.213503375649452 0.21378780901432 0.214072242379189 0.214356675744057 0.214641109108925 0.214925527572632 0.214359849691391 0.213510781526566 0.212661728262901 0.211812660098076 0.21096359193325 0.210114538669586 0.209265470504761 0.208461403846741 0.207792282104492 0.207123175263405 0.206454068422318 0.205784946680069 0.205115839838982 0.204446718096733 0.203777611255646 0.203572556376457 0.203522175550461 0.203471809625626 0.203421428799629
0.190845862030983 0.192542478442192 0.194248244166374 0.195981442928314 0.197714626789093 0.199447825551033 0.201181009411812 0.202914208173752 0.204647406935692 0.206380590796471 0.207437917590141 0.208269938826561 0.209101974964142 0.209934011101723 0.210766032338142 0.211598068475723 0.212430104613304 0.213167920708656 0.213623106479645 0.214078277349472 0.21453346312046 0.214988648891449 0.215443834662437 0.215899020433426 0.216354191303253 0.215806394815445 0.214924246072769 0.214042112231255 0.21315997838974 0.212277844548225 0.211395710706711 0.210513561964035 0.209632560610771 0.208754912018776 0.207877278327942 0.206999629735947 0.206121996045113 0.205244362354279 0.204366713762283 0.203489080071449 0.20316655933857 0.203029081225395 0.202891603112221 0.202754124999046
0.193431332707405 0.194792076945305 0.196213558316231 0.197817251086235 0.199420943856239 0.201024636626244 0.202628329396248 0.204232022166252 0.205835714936256 0.207439407706261 0.208380788564682 0.209101378917694 0.209821984171867 0.210542589426041 0.211263179779053 0.211983785033226 0.212704390287399 0.213401317596436 0.214027255773544 0.214653193950653 0.215279117226601 0.215905055403709 0.216530993580818 0.217156931757927 0.217782855033875 0.217252939939499 0.216337725520134 0.215422511100769 0.214507296681404 0.213592082262039 0.212676867842674 0.211761653423309 0.21080370247364 0.20971754193306 0.208631381392479 0.207545205950737 0.206459045410156 0.205372884869576 0.204286709427834 0.203200548887253 0.202760577201843 0.20253598690033 0.202311411499977 0.202086836099625
0.196016788482666 0.197041660547256 0.198178857564926 0.199653059244156 0.201127246022224 0.202601447701454 0.204075649380684 0.205549836158752 0.207024037837982 0.208498224616051 0.209323659539223 0.209932819008827 0.210541993379593 0.211151167750359 0.211760327219963 0.212369501590729 0.212978675961494 0.213634714484215 0.214431405067444 0.215228095650673 0.216024786233902 0.21682146191597 0.217618152499199 0.218414843082428 0.219211533665657 0.218699485063553 0.217751190066338 0.216802909970284 0.215854614973068 0.214906319975853 0.213958039879799 0.213009744882584 0.211974859237671 0.210680171847343 0.209385469555855 0.208090782165527 0.2067960947752 0.205501407384872 0.204206719994545 0.202912017703056 0.202354580163956 0.202042907476425 0.201731219887733 0.201419532299042
0.198602244257927 0.199291244149208 0.200144171714783 0.201488867402077 0.202833563089371 0.204178258776665 0.205522954463959 0.206867650151253 0.208212345838547 0.209557041525841 0.210266515612602 0.21076425909996 0.211262002587318 0.211759746074677 0.212257474660873 0.212755218148232 0.21325296163559 0.213868126273155 0.214835554361343 0.215802997350693 0.216770440340042 0.217737883329391 0.21870531141758 0.219672754406929 0.220640197396278 0.220146030187607 0.219164669513702 0.218183293938637 0.217201933264732 0.216220572590828 0.215239197015762 0.214257836341858 0.213146016001701 0.211642786860466 0.210139572620392 0.208636358380318 0.207133144140244 0.205629929900169 0.204126715660095 0.20262348651886 0.201948598027229 0.20154981315136 0.20115102827549 0.200752228498459
0.201142817735672 0.201650232076645 0.202323094010353 0.203492254018784 0.204661414027214 0.205830559134483 0.206999719142914 0.208168879151344 0.209338039159775 0.210507199168205 0.21115317940712 0.211624771356583 0.212096363306046 0.212567955255508 0.213039547204971 0.213511139154434 0.213982731103897 0.214582577347755 0.215567216277122 0.216551840305328 0.217536479234695 0.218521118164062 0.21950575709343 0.220490396022797 0.221475020051003 0.220982760190964 0.219998180866241 0.21901361644268 0.218029052019119 0.217044472694397 0.216059908270836 0.215075343847275 0.213920101523399 0.212252885103226 0.210585668683052 0.208918452262878 0.207251235842705 0.205584019422531 0.203916803002357 0.202249586582184 0.201491937041283 0.201037466526031 0.20058299601078 0.200128525495529
0.203638508915901 0.204118639230728 0.204715624451637 0.205663204193115 0.206610783934593 0.207558363676071 0.208505943417549 0.209453523159027 0.210401102900505 0.211348682641983 0.211983621120453 0.212514355778694 0.213045075535774 0.213575795292854 0.214106529951096 0.214637249708176 0.215167969465256 0.215778082609177 0.216626361012459 0.217474639415741 0.218322917819023 0.219171196222305 0.220019474625587 0.22086775302887 0.221716031432152 0.221209660172462 0.220251768827438 0.219293862581253 0.218335956335068 0.217378050088882 0.216420143842697 0.215462237596512 0.214297145605087 0.212510451674461 0.210723757743835 0.208937078714371 0.207150384783745 0.205363690853119 0.203577011823654 0.201790317893028 0.200984597206116 0.200505867600441 0.200027152895927 0.199548423290253
0.20613420009613 0.20658703148365 0.207108154892921 0.207834154367447 0.208560153841972 0.209286168217659 0.210012167692184 0.21073816716671 0.211464166641235 0.212190181016922 0.212814077734947 0.213403925299644 0.213993787765503 0.214583650231361 0.215173497796059 0.215763360261917 0.216353222727776 0.216973602771759 0.217685520648956 0.218397438526154 0.219109356403351 0.219821274280548 0.220533192157745 0.221245110034943 0.22195702791214 0.221436575055122 0.220505341887474 0.219574093818665 0.218642860651016 0.217711627483368 0.21678039431572 0.21584914624691 0.214674174785614 0.212768018245697 0.21086186170578 0.208955690264702 0.207049533724785 0.205143362283707 0.20323720574379 0.201331049203873 0.200477257370949 0.199974283576012 0.199471294879913 0.198968321084976
0.20862989127636 0.209055423736572 0.209500685334206 0.210005104541779 0.210509538650513 0.211013957858086 0.21151839196682 0.212022811174393 0.212527245283127 0.2130316644907 0.21364451944828 0.214293509721756 0.214942499995232 0.215591490268707 0.216240480542183 0.21688948571682 0.217538475990295 0.21816910803318 0.218744665384293 0.219320222735405 0.219895780086517 0.22047133743763 0.221046909689903 0.221622467041016 0.222198024392128 0.221663489937782 0.22075891494751 0.219854339957237 0.218949764966965 0.218045204877853 0.217140629887581 0.216236054897308 0.215051218867302 0.213025584816933 0.210999950766563 0.208974316716194 0.206948667764664 0.204923033714294 0.202897399663925 0.200871765613556 0.199969932436943 0.199442684650421 0.19891545176506 0.198388203978539
0.21112559735775 0.211523815989494 0.211893200874329 0.21217605471611 0.212458908557892 0.212741762399673 0.213024601340294 0.213307455182076 0.213590309023857 0.213873162865639 0.214474961161613 0.215183094143867 0.21589121222496 0.216599345207214 0.217307463288307 0.218015596270561 0.218723714351654 0.219364613294601 0.219803810119629 0.220243021845818 0.220682218670845 0.221121415495872 0.221560627222061 0.221999824047089 0.222439020872116 0.221890389919281 0.221012488007545 0.22013458609581 0.219256684184074 0.218378767371178 0.217500865459442 0.216622963547707 0.21542826294899 0.213283151388168 0.211138039827347 0.208992928266525 0.206847816705704 0.204702705144882 0.202557608485222 0.2004124969244 0.199462592601776 0.198911100625992 0.198359593749046 0.197808101773262
0.213621288537979 0.213992223143578 0.214285731315613 0.214347004890442 0.214408278465271 0.2144695520401 0.214530825614929 0.214592099189758 0.214653372764587 0.214714646339417 0.215305402874947 0.216072663664818 0.216839924454689 0.21760718524456 0.218374446034431 0.219141706824303 0.219908967614174 0.220560118556023 0.220862969756126 0.221165806055069 0.221468657255173 0.221771493554115 0.222074344754219 0.222377181053162 0.222680017352104 0.222117304801941 0.221266061067581 0.220414832234383 0.219563588500023 0.218712344765663 0.217861101031303 0.217009872198105 0.215805292129517 0.213540717959404 0.21127612888813 0.209011539816856 0.206746965646744 0.20448237657547 0.202217802405357 0.199953213334084 0.198955252766609 0.198379501700401 0.197803750634193 0.197227999567986
0.215332135558128 0.215718492865562 0.215982586145401 0.215879857540131 0.21577712893486 0.215674415230751 0.215571686625481 0.21546895802021 0.21536622941494 0.21526350080967 0.215818509459496 0.216592743992805 0.217366993427277 0.218141242861748 0.218915477395058 0.219689726829529 0.220463976264 0.221107199788094 0.221357375383377 0.221607550978661 0.221857726573944 0.222107902169228 0.222358077764511 0.222608253359795 0.222858428955078 0.222322314977646 0.221524119377136 0.220725908875465 0.219927713274956 0.219129502773285 0.218331307172775 0.217533096671104 0.21636600792408 0.214092195034027 0.211818397045135 0.209544599056244 0.207270786166191 0.2049969881773 0.202723190188408 0.200449392199516 0.199332475662231 0.198601186275482 0.197869911789894 0.197138622403145
0.216258138418198 0.216702654957771 0.216983765363693 0.216774612665176 0.216565474867821 0.216356322169304 0.216147169470787 0.215938031673431 0.215728878974915 0.215519726276398 0.216014251112938 0.21674333512783 0.217472419142723 0.218201488256454 0.218930572271347 0.21965965628624 0.220388740301132 0.221005842089653 0.221287041902542 0.221568241715431 0.22184944152832 0.222130641341209 0.222411841154099 0.222693026065826 0.222974225878716 0.222505435347557 0.221786633133888 0.221067845821381 0.220349043607712 0.219630256295204 0.218911454081535 0.218192666769028 0.217110380530357 0.21493761241436 0.212764844298363 0.210592076182365 0.208419308066368 0.206246539950371 0.204073771834373 0.201901003718376 0.200594246387482 0.199576154351234 0.198558077216148 0.197539985179901
0.217184141278267 0.21768681704998 0.217984944581985 0.217669367790222 0.21735380589962 0.217038229107857 0.216722667217255 0.216407090425491 0.216091528534889 0.215775966644287 0.216210007667542 0.216893926262856 0.217577829957008 0.218261748552322 0.218945667147636 0.21962958574295 0.220313504338264 0.220904484391212 0.221216708421707 0.221528932452202 0.221841156482697 0.22215336561203 0.222465589642525 0.222777813673019 0.223090037703514 0.222688555717468 0.222049161791801 0.221409782767296 0.220770388841629 0.220130994915962 0.219491615891457 0.21885222196579 0.217854753136635 0.215783014893532 0.21371129155159 0.211639553308487 0.209567815065384 0.207496076822281 0.205424353480339 0.203352615237236 0.201856017112732 0.200551122426987 0.199246242642403 0.197941362857819
0.218110159039497 0.218670979142189 0.218986108899117 0.218564122915268 0.218142136931419 0.217720150947571 0.217298150062561 0.216876164078712 0.216454178094864 0.216032192111015 0.216405749320984 0.217044502496719 0.217683255672455 0.21832200884819 0.218960762023926 0.219599515199661 0.220238253474236 0.220803141593933 0.221146374940872 0.221489623188972 0.221832871437073 0.222176104784012 0.222519353032112 0.222862601280212 0.223205834627151 0.222871661186218 0.222311690449715 0.22175170481205 0.221191734075546 0.220631748437881 0.220071762800217 0.219511792063713 0.218599125742912 0.216628432273865 0.214657723903656 0.212687030434608 0.2107163220644 0.208745628595352 0.206774920225143 0.204804226756096 0.203117787837982 0.2015261054039 0.199934408068657 0.198342725634575
0.219036161899567 0.219655156135559 0.219987288117409 0.219458878040314 0.218930467963219 0.218402057886124 0.217873647809029 0.217345237731934 0.216816827654839 0.216288417577744 0.216601505875587 0.217195093631744 0.217788681387901 0.218382254242897 0.218975841999054 0.219569429755211 0.220163017511368 0.220701783895493 0.221076041460037 0.221450313925743 0.221824571490288 0.222198843955994 0.2225731164217 0.222947373986244 0.22332164645195 0.223054781556129 0.222574204206467 0.222093641757965 0.221613064408302 0.22113248705864 0.220651924610138 0.220171347260475 0.21934349834919 0.217473834753036 0.215604171156883 0.21373450756073 0.211864843964577 0.209995165467262 0.208125501871109 0.206255838274956 0.204379558563232 0.202501073479652 0.200622573494911 0.198744088411331
0.219962164759636 0.220639318227768 0.220988467335701 0.22035363316536 0.219718798995018 0.219083964824677 0.218449130654335 0.217814311385155 0.217179477214813 0.216544643044472 0.21679724752903 0.217345669865608 0.217894092202187 0.218442514538765 0.218990936875343 0.219539359211922 0.2200877815485 0.220600426197052 0.221005707979202 0.221411004662514 0.221816286444664 0.222221583127975 0.222626864910126 0.223032161593437 0.223437443375587 0.223237901926041 0.22283673286438 0.222435563802719 0.22203440964222 0.221633240580559 0.221232071518898 0.220830917358398 0.220087885856628 0.218319252133369 0.21655061841011 0.214781984686852 0.213013350963593 0.211244717240334 0.209476083517075 0.207707449793816 0.205641329288483 0.203476041555405 0.201310753822327 0.199145451188087
