data/working_set_collections/6091692-Cassins_Sparrow-M2/1995/albedo_avg.asc
NCOLS 265 
NROWS 230 
XLLCORNER -115.5625 
YLLCORNER 24.8333333333333 
CELLSIZE 0.0833333333333333 
NODATA_value -9999 
[rows 100 to 119 of 230, columns 44 to 87 of 265]
0.165322557091713 0.172900572419167 0.180478602647781 0.188056617975235 0.195634633302689 0.203212663531303 0.210790678858757 0.218368709087372 0.224098771810532 0.229212865233421 0.234326958656311 0.23944103717804 0.244555130600929 0.249669209122658 0.254783302545547 0.257392734289169 0.252488166093826 0.247583597898483 0.242679044604301 0.237774476408958 0.232869908213615 0.227965354919434 0.223060786724091 0.218566313385963 0.214208543300629 0.209850773215294 0.205493003129959 0.201135233044624 0.19677746295929 0.192419692873955 0.189318552613258 0.189987346529961 0.190656125545502 0.191324904561043 0.191993698477745 0.192662477493286 0.193331271409988 0.194000050425529 0.19681490957737 0.200345128774643 0.203875362873077 0.207405582070351 0.210935801267624 0.214466020464897
0.15989750623703 0.16621620953083 0.172534912824631 0.178853616118431 0.185172319412231 0.191491022706032 0.197809711098671 0.204128414392471 0.211258918046951 0.218659996986389 0.226061090826988 0.233462169766426 0.240863263607025 0.248264357447624 0.255665451288223 0.259896159172058 0.254615753889084 0.249335333704948 0.244054928421974 0.238774508237839 0.233494102954865 0.22821369767189 0.222933292388916 0.218353301286697 0.214006796479225 0.209660306572914 0.205313801765442 0.20096729695797 0.196620792150497 0.192274287343025 0.188968420028687 0.188784494996071 0.188600555062294 0.188416630029678 0.188232690095901 0.188048765063286 0.187864825129509 0.187680900096893 0.19017069041729 0.193551734089851 0.196932762861252 0.200313806533813 0.203694850206375 0.207075878977776
0.155567988753319 0.161180287599564 0.166792586445808 0.172404900193214 0.178017199039459 0.183629497885704 0.18924181163311 0.194854110479355 0.20265032351017 0.211174517869949 0.219698697328568 0.228222891688347 0.236747071146965 0.245271265506744 0.253795444965363 0.258952170610428 0.254006505012512 0.249060809612274 0.244115144014359 0.239169463515282 0.234223783016205 0.229278102517128 0.224332422018051 0.219869747757912 0.215568065643311 0.211266398429871 0.206964716315269 0.202663034200668 0.198361366987228 0.194059684872627 0.190586730837822 0.189599946141243 0.188613161444664 0.187626376748085 0.186639606952667 0.185652822256088 0.184666037559509 0.18367925286293 0.185613051056862 0.188520357012749 0.191427677869797 0.194334998726845 0.197242319583893 0.20014962553978
0.152333989739418 0.157792821526527 0.163251638412476 0.168710470199585 0.174169301986694 0.179628118872643 0.185086950659752 0.190545782446861 0.19827301800251 0.206756412982941 0.21523979306221 0.223723188042641 0.23220656812191 0.24068994820118 0.24917334318161 0.254560798406601 0.250660419464111 0.246760055422783 0.242859676480293 0.238959312438965 0.235058933496475 0.231158569455147 0.227258190512657 0.223115637898445 0.218892335891724 0.214669048786163 0.210445761680603 0.206222459673882 0.201999172568321 0.1977758705616 0.194173470139503 0.192433699965477 0.190693944692612 0.188954174518585 0.18721441924572 0.185474649071693 0.183734893798828 0.181995123624802 0.183141976594925 0.185251042246819 0.187360092997551 0.189469158649445 0.191578209400177 0.193687275052071
0.149100005626678 0.154405355453491 0.159710705280304 0.165016040205956 0.170321390032768 0.175626739859581 0.180932089686394 0.186237439513206 0.19389571249485 0.202338308095932 0.210780888795853 0.219223469495773 0.227666065096855 0.236108645796776 0.244551226496696 0.250169396400452 0.247314348816872 0.24445928633213 0.241604223847389 0.238749161362648 0.235894098877907 0.233039036393166 0.230183973908424 0.226361528038979 0.222216606140137 0.218071699142456 0.213926792144775 0.209781885147095 0.205636978149414 0.201492071151733 0.197760194540024 0.195267453789711 0.192774713039398 0.190281972289085 0.187789231538773 0.18529649078846 0.182803735136986 0.180310994386673 0.180670917034149 0.181981712579727 0.183292508125305 0.184603303670883 0.185914114117622 0.1872249096632
0.145866006612778 0.151017889380455 0.156169757246971 0.161321625113487 0.166473492980003 0.171625360846519 0.176777243614197 0.181929111480713 0.18951840698719 0.197920203208923 0.206321984529495 0.214723765850067 0.223125547170639 0.231527343392372 0.239929124712944 0.245778024196625 0.243968263268471 0.242158517241478 0.240348756313324 0.238539010286331 0.236729249358177 0.234919503331184 0.23310974240303 0.229607403278351 0.225540891289711 0.22147436439991 0.217407837510109 0.213341310620308 0.209274783730507 0.205208256840706 0.201346933841705 0.198101207613945 0.194855481386185 0.191609770059586 0.188364043831825 0.185118317604065 0.181872591376305 0.178626865148544 0.178199842572212 0.178712382912636 0.179224923253059 0.179737463593483 0.180250003933907 0.18076254427433
0.142632022500038 0.147630408406258 0.152628809213638 0.157627195119858 0.162625595927238 0.167623981833458 0.172622382640839 0.177620768547058 0.185141116380692 0.193502098321915 0.201863080263138 0.210224062204361 0.218585044145584 0.226946026086807 0.23530700802803 0.241386637091637 0.240622192621231 0.239857748150826 0.23909330368042 0.238328859210014 0.237564399838448 0.236799955368042 0.236035510897636 0.232853293418884 0.228865161538124 0.224877014756203 0.220888882875443 0.216900736093521 0.2129125893116 0.20892445743084 0.204933673143387 0.200934961438179 0.196936264634132 0.192937552928925 0.188938856124878 0.18494014441967 0.180941447615623 0.176942735910416 0.175728783011436 0.175443053245544 0.175157338380814 0.174871623516083 0.174585908651352 0.17430017888546
0.139398023486137 0.144242942333221 0.149087861180305 0.15393278002739 0.158777698874474 0.163622602820396 0.16846752166748 0.173312440514565 0.180763810873032 0.189083993434906 0.19740417599678 0.205724358558655 0.214044541120529 0.222364723682404 0.230684906244278 0.236995249986649 0.237276121973991 0.237556979060173 0.237837836146355 0.238118708133698 0.238399565219879 0.238680422306061 0.238961294293404 0.236099183559418 0.232189431786537 0.228279680013657 0.224369913339615 0.220460161566734 0.216550409793854 0.212640643119812 0.208520412445068 0.203768715262413 0.199017032980919 0.194265350699425 0.189513668417931 0.184761986136436 0.180010303854942 0.175258606672287 0.1732577085495 0.172173738479614 0.171089753508568 0.170005783438683 0.168921798467636 0.167837828397751
0.138850167393684 0.143027812242508 0.147205471992493 0.151383116841316 0.15556076169014 0.159738406538963 0.163916051387787 0.16809369623661 0.175205945968628 0.183296382427216 0.191386833786964 0.199477285146713 0.207567721605301 0.21565817296505 0.223748609423637 0.230048447847366 0.230976402759552 0.231904372572899 0.232832342386246 0.233760312199593 0.234688282012939 0.235616251826286 0.236544206738472 0.234121337532997 0.230581521987915 0.227041706442833 0.223501890897751 0.219962075352669 0.216422259807587 0.212882444262505 0.209019705653191 0.204188168048859 0.199356630444527 0.194525092840195 0.189693555235863 0.184862017631531 0.180030480027199 0.175198942422867 0.17281448841095 0.171245753765106 0.169677004218102 0.168108269572258 0.166539520025253 0.16497078537941
0.140988454222679 0.143985033035278 0.146981611847878 0.149978205561638 0.152974784374237 0.155971378087997 0.158967956900597 0.161964550614357 0.16846752166748 0.176139295101166 0.183811068534851 0.191482841968536 0.199154615402222 0.206826388835907 0.214498162269592 0.220546200871468 0.221723064780235 0.222899943590164 0.224076807498932 0.225253686308861 0.226430550217628 0.227607414126396 0.228784292936325 0.226919770240784 0.224041447043419 0.221163138747215 0.21828481554985 0.215406492352486 0.212528169155121 0.209649860858917 0.206431552767754 0.202193289995193 0.197955027222633 0.193716764450073 0.189478501677513 0.185240238904953 0.181001976132393 0.176763713359833 0.174399137496948 0.172659114003181 0.170919105410576 0.16917909681797 0.167439073324203 0.165699064731598
0.143126726150513 0.144942253828049 0.146757766604424 0.14857329428196 0.150388821959496 0.152204349637032 0.154019862413406 0.155835390090942 0.161729097366333 0.168982192873955 0.176235303282738 0.18348839879036 0.190741494297981 0.197994589805603 0.205247700214386 0.21104396879673 0.21246974170208 0.21389551460743 0.215321287512779 0.216747045516968 0.218172818422318 0.219598591327667 0.221024364233017 0.21971820294857 0.217501372098923 0.215284556150436 0.213067725300789 0.210850909352303 0.208634093403816 0.206417262554169 0.203843399882317 0.200198411941528 0.19655342400074 0.192908436059952 0.189263448119164 0.185618460178375 0.181973472237587 0.178328484296799 0.175983771681786 0.174072489142418 0.172161191701889 0.170249909162521 0.168338626623154 0.166427344083786
0.145264998078346 0.145899459719658 0.14653392136097 0.147168383002281 0.147802859544754 0.148437321186066 0.149071782827377 0.149706244468689 0.154990673065186 0.161825105547905 0.168659523129463 0.175493955612183 0.182328388094902 0.18916280567646 0.19599723815918 0.201541721820831 0.203216403722763 0.204891070723534 0.206565752625465 0.208240419626236 0.209915101528168 0.211589768528938 0.21326445043087 0.212516620755196 0.210961297154427 0.209405973553658 0.207850649952888 0.206295326352119 0.20474000275135 0.203184679150581 0.201255261898041 0.198203533887863 0.195151820778847 0.19210010766983 0.189048394560814 0.185996681451797 0.182944968342781 0.179893255233765 0.177568405866623 0.175485849380493 0.173403292894363 0.171320736408234 0.169238179922104 0.167155623435974
0.14740327000618 0.146856680512428 0.146310076117516 0.145763486623764 0.145216882228851 0.1446702927351 0.144123688340187 0.143577083945274 0.148252248764038 0.154668003320694 0.16108375787735 0.167499512434006 0.173915266990662 0.180331021547318 0.186746776103973 0.192039489746094 0.193963065743446 0.195886641740799 0.197810217738152 0.199733793735504 0.201657369732857 0.203580945730209 0.205504521727562 0.205315053462982 0.20442122220993 0.203527390956879 0.202633574604988 0.201739743351936 0.200845912098885 0.199952095746994 0.198667109012604 0.196208670735359 0.193750232458115 0.191291779279709 0.188833341002464 0.18637490272522 0.183916464447975 0.181458026170731 0.17915304005146 0.176899209618568 0.174645394086838 0.172391563653946 0.170137733221054 0.167883902788162
0.149541556835175 0.147813886404037 0.146086230874062 0.144358575344086 0.14263091981411 0.140903249382973 0.139175593852997 0.137447938323021 0.141513839364052 0.147510915994644 0.153507992625237 0.159505069255829 0.165502160787582 0.171499237418175 0.177496314048767 0.182537242770195 0.18470972776413 0.186882212758064 0.189054682850838 0.191227167844772 0.193399637937546 0.19557212293148 0.197744607925415 0.198113471269608 0.197881147265434 0.197648823261261 0.197416484355927 0.197184160351753 0.196951821446419 0.196719497442245 0.196078956127167 0.194213792681694 0.192348629236221 0.190483465790749 0.188618287444115 0.186753123998642 0.184887960553169 0.183022797107697 0.180737674236298 0.178312584757805 0.175887480378151 0.173462390899658 0.171037286520004 0.168612197041512
0.151076480746269 0.148695543408394 0.14631462097168 0.143933683633804 0.14155276119709 0.139171823859215 0.136790901422501 0.134409964084625 0.137777164578438 0.143060386180878 0.148343622684479 0.15362685918808 0.15891008079052 0.164193317294121 0.169476553797722 0.173974618315697 0.176117166876793 0.178259715437889 0.180402263998985 0.182544812560081 0.184687376022339 0.186829924583435 0.188972473144531 0.189636692404747 0.189808145165443 0.18997959792614 0.190151050686836 0.190322503447533 0.190493956208229 0.190665408968925 0.190432652831078 0.188987269997597 0.187541887164116 0.186096489429474 0.184651106595993 0.183205723762512 0.181760340929031 0.180314958095551 0.17851722240448 0.176602020859718 0.174686819314957 0.172771617770195 0.170856416225433 0.168941229581833
0.152008056640625 0.149501651525497 0.146995231509209 0.144488826394081 0.141982421278954 0.139476001262665 0.136969596147537 0.13446319103241 0.137042239308357 0.141316443681717 0.145590648055077 0.149864852428436 0.154139056801796 0.158413276076317 0.162687480449677 0.166351571679115 0.168185368180275 0.170019164681435 0.171852961182594 0.173686757683754 0.175520554184914 0.177354335784912 0.179188132286072 0.179884716868401 0.180202230811119 0.180519744753838 0.180837258696556 0.181154772639275 0.181472286581993 0.181789800524712 0.181728169322014 0.180529072880745 0.179329991340637 0.178130894899368 0.176931813359261 0.175732716917992 0.174533620476723 0.173334538936615 0.172491669654846 0.17176753282547 0.171043410897255 0.170319274067879 0.169595137238503 0.168871015310287
0.152939632534981 0.15030774474144 0.147675856947899 0.145043969154358 0.142412081360817 0.139780178666115 0.137148290872574 0.134516403079033 0.136307314038277 0.139572501182556 0.142837673425674 0.146102860569954 0.149368047714233 0.152633219957352 0.155898407101631 0.158728539943695 0.160253584384918 0.16177861392498 0.163303658366203 0.164828687906265 0.166353732347488 0.16787876188755 0.169403806328773 0.170132741332054 0.170596316456795 0.171059891581535 0.171523466706276 0.171987056732178 0.172450631856918 0.172914206981659 0.17302368581295 0.172070890665054 0.171118095517159 0.170165300369263 0.169212505221367 0.168259710073471 0.167306914925575 0.166354104876518 0.166466116905212 0.166933044791222 0.167399987578392 0.167866915464401 0.168333858251572 0.168800801038742
0.153871208429337 0.151113837957382 0.148356467485428 0.145599097013474 0.142841726541519 0.140084356069565 0.137327000498772 0.134569630026817 0.135572403669357 0.137828558683395 0.140084713697433 0.142340868711472 0.14459702372551 0.146853178739548 0.149109333753586 0.151105508208275 0.1523217856884 0.153538063168526 0.154754355549812 0.155970633029938 0.157186910510063 0.158403187990189 0.159619465470314 0.160380765795708 0.16099040210247 0.161600038409233 0.162209689617157 0.16281932592392 0.163428962230682 0.164038598537445 0.164319202303886 0.163612708449364 0.16290619969368 0.162199705839157 0.161493197083473 0.160786688327789 0.160080194473267 0.159373685717583 0.160440564155579 0.162098571658134 0.163756564259529 0.165414571762085 0.167072579264641 0.168730571866035
0.154802784323692 0.151919946074486 0.149037092924118 0.14615423977375 0.143271386623383 0.140388533473015 0.137505695223808 0.134622842073441 0.134837478399277 0.136084601283073 0.137331739068031 0.138578861951828 0.139825999736786 0.141073122620583 0.142320245504379 0.143482476472855 0.144390001893044 0.145297527313232 0.14620503783226 0.147112563252449 0.148020088672638 0.148927599191666 0.149835124611855 0.150628790259361 0.151384487748146 0.152140185236931 0.152895897626877 0.153651595115662 0.154407307505608 0.155163004994392 0.155614733695984 0.155154526233673 0.154694303870201 0.15423409640789 0.15377388894558 0.153313681483269 0.152853474020958 0.152393266558647 0.154415011405945 0.157264083623886 0.160113155841827 0.162962228059769 0.16581130027771 0.16866035759449
0.155734360218048 0.152726039290428 0.149717703461647 0.146709382534027 0.143701046705246 0.140692710876465 0.137684389948845 0.134676054120064 0.134102553129196 0.134340658783913 0.134578764438629 0.134816870093346 0.135054975748062 0.135293066501617 0.135531172156334 0.135859444737434 0.136458203196526 0.137056976556778 0.137655735015869 0.13825449347496 0.138853266835213 0.139452025294304 0.140050783753395 0.140876799821854 0.141778573393822 0.142680332064629 0.143582105636597 0.144483864307404 0.145385637879372 0.14628741145134 0.14691025018692 0.146696329116821 0.146482422947884 0.146268501877785 0.146054580807686 0.145840659737587 0.145626753568649 0.14541283249855 0.148389458656311 0.152429595589638 0.156469732522964 0.160509869456291 0.164550006389618 0.168590143322945
