data/working_set_collections/6091692-Cassins_Sparrow-M2/1995/albedo_avg.asc
NCOLS 265 
NROWS 230 
XLLCORNER -115.5625 
YLLCORNER 24.8333333333333 
CELLSIZE 0.0833333333333333 
NODATA_value -9999 
[rows 40 to 59 of 230, columns 88 to 131 of 265]
0.206150248646736 0.207347825169563 0.208833858370781 0.21031990647316 0.211805954575539 0.213291987776756 0.214778035879135 0.216264069080353 0.217750117182732 0.221996054053307 0.227161958813667 0.232327878475189 0.23749378323555 0.242659687995911 0.247825592756271 0.252991497516632 0.256685763597488 0.255965113639832 0.255244433879852 0.254523783922195 0.253803133964539 0.253082454204559 0.252361804246902 0.251641124486923 0.246305093169212 0.239430576562881 0.232556074857712 0.225681558251381 0.218807056546211 0.21193253993988 0.205058038234711 0.199739634990692 0.199089586734772 0.19843952357769 0.197789460420609 0.197139412164688 0.196489349007607 0.195839285850525 0.195189222693443 0.19759438931942 0.201017946004868 0.204441502690315 0.207865059375763 0.211288616061211
0.199791848659515 0.201047703623772 0.203242033720016 0.205436363816261 0.207630693912506 0.209825038909912 0.212019369006157 0.214213699102402 0.216408029198647 0.220948323607445 0.226270616054535 0.231592893600464 0.236915171146393 0.242237463593483 0.247559741139412 0.252882033586502 0.256725549697876 0.25613284111023 0.255540132522583 0.254947423934937 0.25435471534729 0.253762006759644 0.253169298171997 0.252576559782028 0.246978610754013 0.239712238311768 0.232445865869522 0.225179478526115 0.21791310608387 0.210646733641624 0.203380361199379 0.197747990489006 0.197017669677734 0.196287333965302 0.19555701315403 0.194826677441597 0.194096356630325 0.193366020917892 0.192635700106621 0.195214107632637 0.198895424604416 0.202576756477356 0.206258073449135 0.209939405322075
0.195316925644875 0.19660958647728 0.199568197131157 0.202526807785034 0.205485418438911 0.208444014191628 0.211402624845505 0.214361235499382 0.217319831252098 0.221859008073807 0.226925045251846 0.231991082429886 0.237057104706764 0.242123141884804 0.247189179062843 0.252255201339722 0.255913227796555 0.2553471326828 0.254781067371368 0.254215002059937 0.253648906946182 0.25308284163475 0.252516776323318 0.251950681209564 0.246305033564568 0.238966181874275 0.231627330183983 0.22428847849369 0.216949641704559 0.209610790014267 0.202271938323975 0.196581989526749 0.195838764309883 0.195095524191856 0.19435228407383 0.193609058856964 0.192865818738937 0.192122593522072 0.191379353404045 0.194107592105865 0.197992980480194 0.201878383755684 0.205763787031174 0.209649175405502
0.192725494503975 0.19403350353241 0.197812363505363 0.201591223478317 0.205370083451271 0.209148943424225 0.212927803397179 0.216706663370132 0.220485523343086 0.224728107452393 0.229125276207924 0.233522430062294 0.237919583916664 0.242316752672195 0.246713906526566 0.251111060380936 0.254248738288879 0.253607988357544 0.252967238426208 0.252326488494873 0.251685738563538 0.251044988632202 0.250404238700867 0.249763488769531 0.244284346699715 0.237192422151566 0.230100482702255 0.223008558154106 0.215916633605957 0.208824709057808 0.201732769608498 0.19624163210392 0.195552855730057 0.194864079356194 0.19417530298233 0.193486526608467 0.192797750234604 0.192108973860741 0.191420197486877 0.194274842739105 0.198310613632202 0.202346384525299 0.206382170319557 0.210417941212654
0.190134048461914 0.19145742058754 0.19605652987957 0.200655654072762 0.205254763364792 0.209853872656822 0.214452981948853 0.219052106142044 0.223651215434074 0.227597206830978 0.23132549226284 0.235053777694702 0.238782063126564 0.242510348558426 0.246238633990288 0.24996691942215 0.252584278583527 0.251868844032288 0.251153439283371 0.250438004732132 0.249722570180893 0.249007135629654 0.248291701078415 0.247576281428337 0.242263659834862 0.235418647527695 0.228573650121689 0.221728637814522 0.214883625507355 0.208038613200188 0.201193615794182 0.195901274681091 0.195266962051392 0.194632634520531 0.193998321890831 0.193364009261131 0.192729696631432 0.192095369100571 0.191461056470871 0.194442093372345 0.19862824678421 0.202814400196075 0.207000553607941 0.211186707019806
0.187542617321014 0.18888133764267 0.194300711154938 0.199720069766045 0.205139443278313 0.21055880188942 0.215978175401688 0.221397534012794 0.226816907525063 0.230466306209564 0.233525723218918 0.23658512532711 0.239644542336464 0.242703959345818 0.245763376355171 0.248822778463364 0.250919818878174 0.250129699707031 0.249339610338211 0.24854950606823 0.247759386897087 0.246969282627106 0.246179178357124 0.245389074087143 0.240242972970009 0.233644887804985 0.227046802639961 0.220448717474937 0.213850617408752 0.207252532243729 0.200654447078705 0.195560917258263 0.194981053471565 0.194401189684868 0.193821340799332 0.193241477012634 0.192661628127098 0.192081764340401 0.191501900553703 0.194609344005585 0.198945865035057 0.203282400965691 0.207618936896324 0.211955457925797
0.184951186180115 0.1863052546978 0.192544877529144 0.198784500360489 0.205024108290672 0.211263731122017 0.217503353953362 0.223742976784706 0.229982599616051 0.23333540558815 0.235725939273834 0.23811648786068 0.240507021546364 0.242897570133209 0.245288103818893 0.247678637504578 0.249255359172821 0.248390570282936 0.247525781393051 0.246661007404327 0.245796218514442 0.244931429624557 0.244066655635834 0.243201866745949 0.238222301006317 0.231871128082275 0.225519955158234 0.219168782234192 0.212817624211311 0.20646645128727 0.200115278363228 0.195220559835434 0.1946951597929 0.194169759750366 0.193644359707832 0.193118959665298 0.192593559622765 0.192068159580231 0.191542759537697 0.194776594638824 0.199263498187065 0.203750416636467 0.208237320184708 0.212724223732948
0.182359740138054 0.18372917175293 0.190789043903351 0.197848916053772 0.204908788204193 0.211968660354614 0.219028532505035 0.226088404655457 0.233148276805878 0.236204504966736 0.237926170229912 0.239647835493088 0.241369500756264 0.24309116601944 0.244812831282616 0.246534496545792 0.247590884566307 0.24665142595768 0.245711967349052 0.244772508740425 0.243833050131798 0.24289359152317 0.241954118013382 0.241014659404755 0.236201614141464 0.230097368359566 0.223993107676506 0.217888861894608 0.211784616112709 0.205680370330811 0.199576109647751 0.194880187511444 0.194409251213074 0.193938314914703 0.193467378616333 0.192996427416801 0.192525491118431 0.192054554820061 0.191583603620529 0.194943845272064 0.199581131339073 0.204218417406082 0.208855703473091 0.2134929895401
0.180541887879372 0.181791618466377 0.188969105482101 0.196146577596664 0.203324064612389 0.210501551628113 0.217679038643837 0.224856525659561 0.232034012675285 0.234997600317001 0.23655654489994 0.238115504384041 0.23967444896698 0.24123340845108 0.242792367935181 0.24435131251812 0.245390132069588 0.244868516921997 0.244346916675568 0.243825301527977 0.243303701281548 0.242782086133957 0.242260485887527 0.241738870739937 0.2369614392519 0.230765402317047 0.224569350481033 0.218373313546181 0.212177276611328 0.205981224775314 0.199785187840462 0.19495065510273 0.194200649857521 0.193450644612312 0.192700624465942 0.191950619220734 0.191200613975525 0.190450608730316 0.189700603485107 0.193101778626442 0.19788670539856 0.202671617269516 0.207456529140472 0.212241441011429
0.179497614502907 0.180492594838142 0.187085047364235 0.193677499890327 0.20026995241642 0.206862404942513 0.213454857468605 0.220047309994698 0.22663976252079 0.229714676737785 0.231617078185081 0.233519479632378 0.235421881079674 0.23732428252697 0.239226683974266 0.241129085421562 0.242653071880341 0.243041843175888 0.243430614471436 0.243819400668144 0.244208171963692 0.244596943259239 0.244985714554787 0.245374485850334 0.240501776337624 0.23387522995472 0.227248683571815 0.220622137188911 0.213995590806007 0.207369044423103 0.200742498040199 0.195431932806969 0.19406932592392 0.192706733942032 0.191344127058983 0.189981535077095 0.188618928194046 0.187256336212158 0.185893729329109 0.18925042450428 0.194180205464363 0.199110001325607 0.20403978228569 0.208969578146935
0.178453326225281 0.179193556308746 0.185200989246368 0.191208407282829 0.197215840220451 0.203223258256912 0.209230676293373 0.215238109230995 0.221245527267456 0.224431768059731 0.226677611470222 0.228923469781876 0.231169313192368 0.23341515660286 0.235661000013351 0.237906843423843 0.239916026592255 0.24121518433094 0.242514327168465 0.24381348490715 0.245112642645836 0.24641178548336 0.247710943222046 0.249010100960732 0.244042098522186 0.236985057592392 0.229928001761436 0.222870945930481 0.215813905000687 0.208756849169731 0.201699793338776 0.195913210511208 0.19393801689148 0.191962823271751 0.189987629652023 0.188012436032295 0.186037242412567 0.184062048792839 0.182086855173111 0.185399055480957 0.190473720431328 0.195548385381699 0.200623050332069 0.205697700381279
0.177409052848816 0.177894532680511 0.183316931128502 0.188739329576492 0.194161713123322 0.199584111571312 0.205006510019302 0.210428893566132 0.215851292014122 0.219148859381676 0.221738159656525 0.224327445030212 0.226916745305061 0.229506030678749 0.232095330953598 0.234684616327286 0.237178966403008 0.239388510584831 0.241598039865494 0.243807569146156 0.24601711332798 0.248226642608643 0.250436186790466 0.252645701169968 0.24758243560791 0.240094885230064 0.232607319951057 0.225119769573212 0.217632219195366 0.210144653916359 0.202657103538513 0.196394488215446 0.193806707859039 0.191218912601471 0.188631132245064 0.186043351888657 0.183455556631088 0.180867776274681 0.178279995918274 0.181547701358795 0.186767235398293 0.19198676943779 0.197206303477287 0.202425837516785
0.17636476457119 0.176595509052277 0.181432873010635 0.186270236968994 0.191107600927353 0.195944964885712 0.20078232884407 0.205619692802429 0.210457056760788 0.213865950703621 0.216798692941666 0.21973143517971 0.222664162516594 0.225596904754639 0.228529646992683 0.231462389230728 0.234441921114922 0.237561836838722 0.240681752562523 0.243801668286324 0.246921584010124 0.250041484832764 0.253161400556564 0.256281316280365 0.251122772693634 0.243204712867737 0.23528665304184 0.227368593215942 0.219450533390045 0.211532473564148 0.203614413738251 0.196875765919685 0.193675383925438 0.190475016832352 0.187274634838104 0.184074252843857 0.180873870849609 0.177673503756523 0.174473121762276 0.177696332335472 0.183060750365257 0.188425153493881 0.193789556622505 0.19915397465229
0.175320491194725 0.175296485424042 0.179548814892769 0.183801144361496 0.188053488731384 0.192305818200111 0.196558147668839 0.200810492038727 0.205062821507454 0.208583042025566 0.211859226226807 0.215135410428047 0.218411594629288 0.221687778830528 0.224963963031769 0.228240147233009 0.231704860925674 0.235735163092613 0.239765465259552 0.24379575252533 0.247826054692268 0.251856356859207 0.255886644124985 0.259916931390762 0.254663109779358 0.246314540505409 0.237965971231461 0.229617401957512 0.221268847584724 0.212920278310776 0.204571709036827 0.197357043623924 0.193544074892998 0.189731106162071 0.185918137431145 0.182105168700218 0.17829218506813 0.174479216337204 0.170666247606277 0.173844963312149 0.179354250431061 0.184863537549973 0.190372824668884 0.195882111787796
0.174983114004135 0.174785077571869 0.178505539894104 0.182226002216339 0.185946464538574 0.189666941761971 0.193387404084206 0.197107866406441 0.200828343629837 0.204929798841476 0.20915824174881 0.213386699557304 0.217615157365799 0.221843600273132 0.226072058081627 0.230300515890121 0.234447911381721 0.238352194428444 0.242256477475166 0.246160745620728 0.25006502866745 0.253969311714172 0.257873594760895 0.261777848005295 0.256170392036438 0.247392356395721 0.238614305853844 0.229836255311966 0.221058219671249 0.212280169129372 0.203502118587494 0.195937678217888 0.192014068365097 0.188090443611145 0.184166818857193 0.180243209004402 0.17631958425045 0.172395959496498 0.168472349643707 0.171691343188286 0.177291214466095 0.182891100645065 0.188490971922874 0.194090843200684
0.175352662801743 0.175061285495758 0.178303048014641 0.181544810533524 0.184786558151245 0.188028320670128 0.191270083189011 0.194511845707893 0.197753608226776 0.202906206250191 0.208695739507675 0.214485287666321 0.220274835824966 0.226064369082451 0.231853917241096 0.237643450498581 0.242671072483063 0.245412930846214 0.248154789209366 0.250896662473679 0.253638505935669 0.256380349397659 0.259122222661972 0.261864066123962 0.255644679069519 0.246438160538673 0.237231656908989 0.228025153279305 0.21881864964962 0.209612146019936 0.200405642390251 0.192617684602737 0.189085364341736 0.185553029179573 0.182020708918571 0.17848838865757 0.174956053495407 0.171423733234406 0.167891412973404 0.171235471963882 0.17687164247036 0.182507827877998 0.188144013285637 0.193780183792114
0.17572221159935 0.175337493419647 0.178100541234016 0.180863603949547 0.183626651763916 0.186389714479446 0.189152762293816 0.191915825009346 0.194678887724876 0.200882613658905 0.208233252167702 0.215583875775337 0.222934514284134 0.230285137891769 0.237635776400566 0.244986400008202 0.250894248485565 0.252473682165146 0.254053115844727 0.255632549524307 0.257211983203888 0.258791416883469 0.260370850563049 0.26195028424263 0.255118936300278 0.245483964681625 0.235849007964134 0.226214051246643 0.216579079627991 0.2069441229105 0.197309166193008 0.189297676086426 0.186156645417213 0.183015629649162 0.17987459897995 0.176733568310738 0.173592537641525 0.170451506972313 0.167310476303101 0.170779585838318 0.176452070474625 0.182124555110931 0.187797039747238 0.193469539284706
0.176091760396957 0.175613701343536 0.177898049354553 0.18018239736557 0.182466745376587 0.184751093387604 0.187035456299782 0.189319804310799 0.191604152321815 0.198859035968781 0.207770749926567 0.216682463884354 0.225594192743301 0.234505906701088 0.243417635560036 0.252329349517822 0.259117394685745 0.259534418582916 0.259951412677765 0.260368436574936 0.260785460472107 0.261202484369278 0.261619478464127 0.262036502361298 0.254593193531036 0.244529783725739 0.234466359019279 0.22440293431282 0.214339524507523 0.204276099801064 0.194212675094604 0.185977682471275 0.183227941393852 0.18047821521759 0.177728474140167 0.174978747963905 0.172229006886482 0.169479265809059 0.166729539632797 0.170323699712753 0.176032498478889 0.181741282343864 0.187450081110001 0.193158879876137
0.176461309194565 0.175889909267426 0.17769555747509 0.179501190781593 0.181306838989258 0.183112487196922 0.184918135404587 0.186723783612251 0.188529431819916 0.196835443377495 0.207308247685432 0.217781066894531 0.228253871202469 0.238726675510406 0.249199479818344 0.259672284126282 0.267340540885925 0.266595155000687 0.265849739313126 0.265104353427887 0.264358937740326 0.263613522052765 0.262868136167526 0.262122720479965 0.254067480564117 0.24357558786869 0.233083710074425 0.222591832280159 0.212099954485893 0.201608076691628 0.191116198897362 0.182657673954964 0.180299237370491 0.177940800786018 0.175582364201546 0.173223927617073 0.170865476131439 0.168507039546967 0.166148602962494 0.169867813587189 0.175612911581993 0.181358024477959 0.187103122472763 0.192848220467567
0.176830843091011 0.176166117191315 0.177493050694466 0.178819999098778 0.180146932601929 0.181473881006241 0.182800814509392 0.184127762913704 0.185454696416855 0.194811850786209 0.206845760345459 0.218879655003548 0.230913549661636 0.242947444319725 0.254981338977814 0.267015248537064 0.275563716888428 0.273655891418457 0.271748065948486 0.269840240478516 0.267932415008545 0.266024589538574 0.264116764068604 0.262208938598633 0.253541737794876 0.242621392011642 0.23170106112957 0.220780730247498 0.209860384464264 0.198940053582191 0.188019722700119 0.179337680339813 0.17737053334713 0.175403386354446 0.173436239361763 0.17146909236908 0.169501960277557 0.167534813284874 0.165567666292191 0.169411927461624 0.175193339586258 0.180974751710892 0.186756163835526 0.192537561058998
