data/working_set_collections/6091692-Cassins_Sparrow-M2/1995/echange_avg.asc
NCOLS 265 
NROWS 230 
XLLCORNER -115.5625 
YLLCORNER 24.8333333333333 
CELLSIZE 0.0833333333333333 
NODATA_value -9999 
[rows 152 to 170 of 230, columns 44 to 87 of 265]
0.129112347960472 0.146187469363213 0.163262605667114 0.180337727069855 0.197412863373756 0.214487984776497 0.231563121080399 0.248638242483139 0.241783693432808 0.226952582597733 0.212121471762657 0.197290360927582 0.182459250092506 0.167628139257431 0.152797028422356 0.141601994633675 0.141315206885338 0.14102840423584 0.140741601586342 0.140454813838005 0.140168011188507 0.139881208539009 0.139594420790672 0.142021834850311 0.145353987812996 0.148686140775681 0.152018293738365 0.15535044670105 0.158682599663734 0.162014752626419 0.163092792034149 0.157408475875854 0.151724174618721 0.146039873361588 0.140355557203293 0.134671255946159 0.128986939787865 0.123302638530731 0.125666975975037 0.13071420788765 0.135761424899101 0.140808656811714 0.145855873823166 0.150903105735779
0.142944917082787 0.160517647862434 0.178090393543243 0.195663124322891 0.2132358700037 0.230808600783348 0.248381346464157 0.265954077243805 0.258413285017014 0.24250128865242 0.226589292287827 0.210677310824394 0.194765314459801 0.178853332996368 0.162941351532936 0.150842577219009 0.150183454155922 0.149524345993996 0.148865222930908 0.148206114768982 0.147547006607056 0.146887883543968 0.146228775382042 0.148743480443954 0.152316123247147 0.1558887809515 0.159461423754692 0.163034066557884 0.166606724262238 0.17017936706543 0.171177744865417 0.164453327655792 0.157728895545006 0.151004478335381 0.144280046224594 0.137555629014969 0.130831211805344 0.124106779694557 0.125177904963493 0.128847554326057 0.13251718878746 0.136186823248863 0.139856472611427 0.14352610707283
0.15677747130394 0.174847826361656 0.192918166518211 0.210988521575928 0.229058861732483 0.247129216790199 0.265199571847916 0.283269912004471 0.275042861700058 0.258049994707108 0.241057112812996 0.224064260721207 0.207071393728256 0.190078526735306 0.173085659742355 0.160083144903183 0.159051716327667 0.158020287752151 0.156988859176636 0.155957415699959 0.154925987124443 0.153894558548927 0.152863129973412 0.155465126037598 0.159278273582458 0.163091421127319 0.166904553771019 0.17071770131588 0.174530848860741 0.17834398150444 0.179262712597847 0.171498164534569 0.163733631372452 0.155969083309174 0.148204550147057 0.140440002083778 0.132675468921661 0.124910928308964 0.12468883395195 0.126980900764465 0.129272952675819 0.131565004587173 0.133857071399689 0.136149123311043
0.170610040426254 0.189178004860878 0.20774595439434 0.226313918828964 0.244881868362427 0.263449817895889 0.282017797231674 0.300585746765137 0.291672438383102 0.273598700761795 0.255524933338165 0.237451195716858 0.219377458095551 0.201303705573082 0.183229967951775 0.169323727488518 0.167919978499413 0.166516229510307 0.165112480521202 0.163708731532097 0.162304982542992 0.160901233553886 0.159497484564781 0.162186771631241 0.166240409016609 0.170294046401978 0.174347683787346 0.178401321172714 0.182454958558083 0.186508595943451 0.187347665429115 0.178543016314507 0.169738352298737 0.160933703184128 0.152129039168358 0.143324390053749 0.134519726037979 0.12571507692337 0.124199770390987 0.125114247202873 0.126028716564178 0.126943185925484 0.127857655286789 0.128772139549255
0.177812337875366 0.195647478103638 0.21348263323307 0.231317773461342 0.249152928590775 0.266988068819046 0.284823209047318 0.302658379077911 0.29333221912384 0.274952322244644 0.256572425365448 0.238192528486252 0.219812631607056 0.201432719826698 0.183052822947502 0.168984368443489 0.167850270867348 0.166716158390045 0.165582045912743 0.164447948336601 0.163313835859299 0.162179723381996 0.161045625805855 0.163979172706604 0.168268620967865 0.172558069229126 0.176847517490387 0.181136965751648 0.185426414012909 0.18971586227417 0.190541014075279 0.180973276495934 0.171405524015427 0.161837786436081 0.152270033955574 0.142702296376228 0.133134558796883 0.123566806316376 0.121414564549923 0.121734164655209 0.122053757309914 0.122373349964619 0.122692950069904 0.123012542724609
0.178384348750114 0.194256260991096 0.21012818813324 0.226000100374222 0.241872012615204 0.257743924856186 0.27361586689949 0.289487779140472 0.280022233724594 0.2621109187603 0.244199573993683 0.226288244128227 0.20837689936161 0.190465569496155 0.172554239630699 0.15906511247158 0.158842593431473 0.158620089292526 0.158397570252419 0.158175066113472 0.157952547073364 0.157730042934418 0.15750752389431 0.160842329263687 0.165362909436226 0.169883489608765 0.174404054880142 0.178924635052681 0.18344521522522 0.187965780496597 0.1888427734375 0.178788959980011 0.168735146522522 0.158681347966194 0.148627534508705 0.138573735952377 0.128519922494888 0.11846611648798 0.116333231329918 0.116840660572052 0.117348082363605 0.117855504155159 0.118362925946712 0.118870347738266
0.178956374526024 0.192865058779716 0.206773743033409 0.220682427287102 0.234591111540794 0.248499795794487 0.262408494949341 0.276317179203033 0.26671227812767 0.249269500374794 0.231826722621918 0.214383959770203 0.196941182017326 0.179498419165611 0.162055641412735 0.149145841598511 0.149834915995598 0.150524005293846 0.151213094592094 0.151902183890343 0.15259125828743 0.153280347585678 0.153969436883926 0.15770548582077 0.162457183003426 0.167208895087242 0.171960592269897 0.176712304353714 0.181464001536369 0.186215698719025 0.18714451789856 0.176604643464088 0.166064783930779 0.155524909496307 0.144985035061836 0.134445175528526 0.123905301094055 0.113365426659584 0.111251898109913 0.111947149038315 0.112642399966717 0.113337650895119 0.114032901823521 0.114728152751923
0.179528385400772 0.191473841667175 0.203419297933578 0.215364754199982 0.227310210466385 0.239255666732788 0.251201122999191 0.263146579265594 0.253402292728424 0.236428081989288 0.219453871250153 0.202479675412178 0.185505464673042 0.168531253933907 0.151557058095932 0.139226570725441 0.140827253460884 0.142427936196327 0.14402861893177 0.145629301667213 0.147229969501495 0.148830652236938 0.150431334972382 0.154568627476692 0.159551471471786 0.16453430056572 0.169517129659653 0.174499958753586 0.179482787847519 0.184465616941452 0.185446262359619 0.174420326948166 0.163394406437874 0.152368471026421 0.141342535614967 0.130316600203514 0.119290672242641 0.108264744281769 0.106170564889908 0.107053644955158 0.107936725020409 0.108819805085659 0.109702885150909 0.11058596521616
0.18010039627552 0.190082624554634 0.200064852833748 0.210047081112862 0.220029309391975 0.230011522769928 0.239993751049042 0.249975979328156 0.240092307329178 0.223586663603783 0.207081019878387 0.190575376152992 0.174069747328758 0.157564103603363 0.141058459877968 0.129307299852371 0.131819576025009 0.134331852197647 0.136844128370285 0.139356419444084 0.141868695616722 0.14438097178936 0.146893247961998 0.151431784033775 0.156645745038986 0.161859706044197 0.167073667049408 0.172287628054619 0.177501574158669 0.182715535163879 0.183748006820679 0.172236010432243 0.160724028944969 0.149212032556534 0.137700036168098 0.126188039779663 0.114676050841808 0.103164054453373 0.101089239120483 0.102160140872002 0.1032310500741 0.104301959276199 0.105372861027718 0.106443770229816
0.18067242205143 0.188691422343254 0.196710407733917 0.204729408025742 0.212748393416405 0.220767393708229 0.228786394000053 0.236805379390717 0.226782321929932 0.210745245218277 0.194708168506622 0.178671091794968 0.162634015083313 0.146596938371658 0.130559861660004 0.119388028979301 0.122811906039715 0.126235783100128 0.129659652709961 0.133083522319794 0.136507406830788 0.13993127644062 0.143355160951614 0.148294940590858 0.153740018606186 0.159185111522675 0.164630204439163 0.170075282454491 0.175520375370979 0.180965453386307 0.182049766182899 0.170051708817482 0.158053651452065 0.146055594086647 0.13405753672123 0.122059479355812 0.110061421990395 0.0980633646249771 0.0960079059004784 0.0972666367888451 0.0985253751277924 0.0997841060161591 0.101042844355106 0.102301575243473
0.177428498864174 0.184397608041763 0.191366702318192 0.19833579659462 0.205304905772209 0.212274000048637 0.219243094325066 0.226212203502655 0.216892465949059 0.202143117785454 0.18739378452301 0.172644436359406 0.157895088195801 0.143145754933357 0.128396406769753 0.118252888321877 0.121926836669445 0.125600785017014 0.129274740815163 0.132948696613312 0.1366226375103 0.140296593308449 0.143970549106598 0.149233311414719 0.155025705695152 0.160818085074425 0.166610479354858 0.172402858734131 0.178195253014565 0.183987632393837 0.185120075941086 0.172272697091103 0.159425318241119 0.146577939391136 0.133730560541153 0.12088318169117 0.108035802841187 0.0951884165406227 0.0930814146995544 0.094554528594017 0.0960276424884796 0.0975007563829422 0.0989738702774048 0.100446984171867
0.170368656516075 0.177201196551323 0.18403372168541 0.190866261720657 0.197698801755905 0.204531341791153 0.211363881826401 0.218196421861649 0.210422724485397 0.197780281305313 0.185137838125229 0.172495409846306 0.159852966666222 0.147210523486137 0.134568080306053 0.125901877880096 0.129164382815361 0.132426887750626 0.13568939268589 0.138951897621155 0.142214402556419 0.145476907491684 0.148739412426949 0.154246926307678 0.160502791404724 0.166758641600609 0.173014491796494 0.179270356893539 0.185526207089424 0.19178207218647 0.19295896589756 0.178899005055428 0.164839044213295 0.150779068470001 0.136719107627869 0.122659146785736 0.108599178493023 0.0945392176508904 0.092309758067131 0.094023808836937 0.0957378521561623 0.0974519029259682 0.0991659462451935 0.100879997014999
0.163308799266815 0.170004785060883 0.176700755953789 0.183396726846695 0.190092712640762 0.196788683533669 0.203484669327736 0.210180640220642 0.203952983021736 0.193417444825172 0.182881906628609 0.172346368432045 0.161810830235481 0.151275292038918 0.140739753842354 0.133550867438316 0.136401921510696 0.139252990484238 0.142104044556618 0.144955098628998 0.147806152701378 0.150657221674919 0.153508275747299 0.159260541200638 0.165979862213135 0.172699198126793 0.17941851913929 0.186137840151787 0.192857176065445 0.199576497077942 0.200797855854034 0.185525313019753 0.170252755284309 0.154980212450027 0.139707654714584 0.124435111880302 0.10916256159544 0.0938900113105774 0.0915381088852882 0.0934930890798569 0.0954480692744255 0.0974030494689941 0.0993580296635628 0.101313009858131
0.156248942017555 0.162808358669281 0.169367775321007 0.175927191972733 0.182486608624458 0.189046025276184 0.19560544192791 0.202164858579636 0.197483241558075 0.189054608345032 0.180625975131989 0.172197341918945 0.163768708705902 0.155340060591698 0.146911427378654 0.141199856996536 0.143639475107193 0.146079078316689 0.148518696427345 0.150958299636841 0.153397917747498 0.155837535858154 0.15827713906765 0.164274141192436 0.171456947922707 0.178639739751816 0.185822546482086 0.193005338311195 0.200188130140305 0.207370936870575 0.208636745810509 0.192151620984077 0.175666481256485 0.159181341528893 0.142696216702461 0.126211076974869 0.109725944697857 0.093240812420845 0.0907664597034454 0.0929623693227768 0.0951582789421082 0.0973541960120201 0.0995501056313515 0.101746015250683
0.149189099669456 0.155611947178841 0.162034809589386 0.16845765709877 0.174880519509315 0.181303381919861 0.187726229429245 0.19414909183979 0.191013500094414 0.184691771864891 0.178370028734207 0.172048300504684 0.165726572275162 0.159404844045639 0.153083100914955 0.148848846554756 0.150877013802528 0.152905181050301 0.154933348298073 0.156961515545845 0.158989682793617 0.161017850041389 0.163046017289162 0.169287756085396 0.176934018731117 0.184580296278 0.192226558923721 0.199872836470604 0.207519099116325 0.215165361762047 0.216475635766983 0.198777914047241 0.181080207228661 0.163382485508919 0.145684763789177 0.127987042069435 0.110289327800274 0.0925916060805321 0.0899948105216026 0.0924316495656967 0.0948684960603714 0.0973053425550461 0.0997421815991402 0.102179028093815
0.142129242420197 0.1484155356884 0.154701828956604 0.160988137125969 0.167274430394173 0.173560723662376 0.17984701693058 0.186133310198784 0.184543758630753 0.18032893538475 0.176114097237587 0.171899273991585 0.167684435844421 0.163469612598419 0.159254774451256 0.156497836112976 0.158114552497864 0.159731283783913 0.1613480001688 0.162964716553688 0.164581432938576 0.166198164224625 0.167814880609512 0.174301356077194 0.182411104440689 0.190520837903023 0.198630586266518 0.206740319728851 0.214850068092346 0.22295980155468 0.224314525723457 0.205404222011566 0.186493918299675 0.167583614587784 0.148673310875893 0.129763007164001 0.110852710902691 0.0919424071907997 0.0892231613397598 0.0919009372591972 0.0945787131786346 0.097256489098072 0.0999342575669289 0.102612033486366
0.135012552142143 0.141900137066841 0.148787721991539 0.155675306916237 0.162562891840935 0.169450476765633 0.176338076591492 0.18322566151619 0.182662293314934 0.179615288972855 0.176568269729614 0.173521265387535 0.170474246144295 0.167427226901054 0.164380222558975 0.16252189874649 0.16422963142395 0.16593736410141 0.16764509677887 0.169352844357491 0.17106057703495 0.17276830971241 0.17447604238987 0.181135848164558 0.189446359872818 0.197756856679916 0.206067353487015 0.214377865195274 0.222688362002373 0.230998858809471 0.232504203915596 0.213594049215317 0.194683894515038 0.175773739814758 0.156863570213318 0.137953415513039 0.119043260812759 0.10013310611248 0.0963391810655594 0.0975840091705322 0.0988288372755051 0.100073657929897 0.10131848603487 0.102563306689262
0.127839013934135 0.136065751314163 0.14429247379303 0.152519211173058 0.160745933651924 0.168972671031952 0.177199393510818 0.185426130890846 0.185369104146957 0.182550817728043 0.179732546210289 0.176914274692535 0.174095988273621 0.171277716755867 0.168459430336952 0.166921019554138 0.169222235679626 0.171523451805115 0.173824667930603 0.17612586915493 0.178427085280418 0.180728301405907 0.183029502630234 0.189791232347488 0.198039785027504 0.20628833770752 0.214536890387535 0.222785443067551 0.231034010648727 0.239282563328743 0.241044655442238 0.223347380757332 0.205650106072426 0.187952816486359 0.170255541801453 0.152558267116547 0.134860992431641 0.117163710296154 0.111342884600163 0.109480872750282 0.107618868350983 0.105756856501102 0.103894852101803 0.102032840251923
0.120665483176708 0.130231350660324 0.139797225594521 0.149363100528717 0.158928975462914 0.16849485039711 0.178060725331306 0.187626600265503 0.188075914978981 0.185486361384392 0.182896822690964 0.180307283997536 0.177717730402946 0.175128191709518 0.172538638114929 0.171320155262947 0.174214839935303 0.177109524607658 0.180004224181175 0.182898908853531 0.185793593525887 0.188688278198242 0.191582977771759 0.198446601629257 0.20663321018219 0.214819818735123 0.223006427288055 0.231193035840988 0.239379644393921 0.247566252946854 0.24958510696888 0.233100712299347 0.216616317629814 0.20013190805912 0.183647513389587 0.167163118720055 0.150678709149361 0.134194314479828 0.126346588134766 0.121377743780613 0.11640889942646 0.111440055072308 0.106471218168736 0.101502373814583
