data/working_set_collections/6091692-Cassins_Sparrow-M2/1995/echange_avg.asc
NCOLS 265 
NROWS 230 
XLLCORNER -115.5625 
YLLCORNER 24.8333333333333 
CELLSIZE 0.0833333333333333 
NODATA_value -9999 
[rows 76 to 94 of 230, columns 132 to 175 of 265]
0.11124125123024 0.122807957231998 0.131120190024376 0.129669010639191 0.128217816352844 0.126766636967659 0.125315457582474 0.123864263296127 0.122413083910942 0.120961897075176 0.115436293184757 0.108552537858486 0.101668789982796 0.0947850421071053 0.0879012942314148 0.0810175463557243 0.0741337910294533 0.0689189955592155 0.068711057305336 0.0685031116008759 0.0682951658964157 0.0680872276425362 0.067879281938076 0.0676713436841965 0.0674633979797363 0.0685639008879662 0.0701005533337593 0.0716372057795525 0.0731738582253456 0.0747105106711388 0.0762471631169319 0.0777838155627251 0.0792079567909241 0.0802945345640182 0.081381119787693 0.0824676975607872 0.083554282784462 0.0846408680081367 0.0857274457812309 0.0868140310049057 0.0865991115570068 0.0859503597021103 0.0853016078472137 0.0846528559923172
0.11330633610487 0.1231599599123 0.129891812801361 0.127258315682411 0.124624811112881 0.121991313993931 0.1193578094244 0.11672431230545 0.114090815186501 0.11145731061697 0.106292948126793 0.100284963846207 0.0942769721150398 0.0882689878344536 0.0822609961032867 0.0762530118227005 0.0702450200915337 0.0656263530254364 0.0651756450533867 0.064724937081337 0.0642742216587067 0.063823513686657 0.0633728057146072 0.0629220902919769 0.0624713823199272 0.0635217875242233 0.0650725588202477 0.066623330116272 0.0681741014122963 0.0697248801589012 0.0712756514549255 0.0728264227509499 0.0743348821997643 0.0757163763046265 0.0770978778600693 0.0784793719649315 0.0798608735203743 0.0812423676252365 0.0826238691806793 0.0840053632855415 0.0836469903588295 0.0827086493372917 0.0817703157663345 0.0808319821953773
0.109608359634876 0.117025271058083 0.121771939098835 0.118507869541645 0.115243807435036 0.111979737877846 0.108715675771236 0.105451606214046 0.102187544107437 0.0989234745502472 0.0947216600179672 0.0902072563767433 0.0856928527355194 0.0811784490942955 0.0766640529036522 0.0721496492624283 0.0676352456212044 0.0641406327486038 0.0637053772807121 0.063270129263401 0.0628348737955093 0.0623996257781982 0.0619643740355968 0.0615291222929955 0.0610938668251038 0.0619432926177979 0.0632209405303001 0.0644985884428024 0.0657762438058853 0.0670538917183876 0.0683315396308899 0.0696091875433922 0.0710127502679825 0.0727940499782562 0.07457534968853 0.0763566493988037 0.0781379491090775 0.0799192562699318 0.0817005559802055 0.0834818556904793 0.0832032486796379 0.0822380185127258 0.0812727808952332 0.0803075507283211
0.100147321820259 0.104403875768185 0.106760568916798 0.103417679667473 0.100074797868729 0.0967319160699844 0.0933890342712402 0.090046152472496 0.0867032706737518 0.0833603888750076 0.0807224214076996 0.0783194303512573 0.0759164392948151 0.0735134407877922 0.07111044973135 0.0687074586749077 0.0663044676184654 0.0644618272781372 0.0643002614378929 0.0641386955976486 0.0639771297574043 0.06381556391716 0.0636539906263351 0.0634924247860909 0.0633308589458466 0.0638284310698509 0.0645457059144974 0.0652629882097244 0.0659802705049515 0.0666975528001785 0.0674148350954056 0.0681321173906326 0.06924157589674 0.0715275630354881 0.0738135501742363 0.0760995373129845 0.0783855319023132 0.0806715190410614 0.0829575061798096 0.0852434933185577 0.0852679088711739 0.084538459777832 0.0838090106844902 0.0830795615911484
0.0906862840056419 0.0917824804782867 0.0917491987347603 0.0883274972438812 0.0849057957530022 0.0814840942621231 0.078062392771244 0.0746406987309456 0.0712189972400665 0.0677972957491875 0.066723182797432 0.0664316043257713 0.0661400184035301 0.0658484324812889 0.0655568540096283 0.0652652680873871 0.0649736896157265 0.0647830292582512 0.0648951455950737 0.0650072619318962 0.0651193782687187 0.0652314946055412 0.0653436183929443 0.0654557347297668 0.0655678510665894 0.0657135620713234 0.0658704787492752 0.0660273879766464 0.0661843046545982 0.0663412138819695 0.0664981305599213 0.0666550397872925 0.0674703940749168 0.0702610686421394 0.0730517506599426 0.0758424252271652 0.0786331072449684 0.081423781812191 0.0842144563794136 0.0870051383972168 0.0873325616121292 0.0868389010429382 0.0863452330231667 0.0858515724539757
0.0812252461910248 0.0791610777378082 0.0767378285527229 0.073237307369709 0.0697367936372757 0.0662362724542618 0.0627357587218285 0.0592352412641048 0.0557347238063812 0.0522342063486576 0.0527239441871643 0.054543774574995 0.0563636012375355 0.0581834279000759 0.0600032545626163 0.0618230812251568 0.0636429041624069 0.0651042237877846 0.0654900297522545 0.0658758282661438 0.0662616342306137 0.066647432744503 0.0670332387089729 0.0674190372228622 0.0678048431873322 0.0675987005233765 0.0671952441334724 0.0667917877435684 0.0663883313536644 0.0659848749637604 0.0655814185738564 0.0651779621839523 0.0656992122530937 0.0689945816993713 0.0722899436950684 0.075585313141346 0.0788806825876236 0.0821760445833206 0.0854714140295982 0.0887667760252953 0.0893972143530846 0.0891393423080444 0.0888814628124237 0.0886235907673836
0.0717642158269882 0.0665396824479103 0.0617264583706856 0.0581471212208271 0.0545677877962589 0.0509884543716908 0.0474091172218323 0.0438297837972641 0.0402504503726959 0.0366711132228374 0.038724709302187 0.0426559448242188 0.0465871803462505 0.0505184158682823 0.0544496551156044 0.0583808906376362 0.062312126159668 0.0654254257678986 0.0660849139094353 0.066744402050972 0.0674038827419281 0.0680633708834648 0.0687228590250015 0.0693823471665382 0.070041835308075 0.0694838389754295 0.0685200095176697 0.0675561875104904 0.0665923655033112 0.0656285360455513 0.064664714038372 0.0637008920311928 0.0639280378818512 0.0677280873060226 0.0715281441807747 0.0753282010555267 0.0791282579302788 0.0829283073544502 0.0867283642292023 0.0905284211039543 0.0914618670940399 0.09143977612257 0.0914176926016808 0.0913956016302109
0.0623031742870808 0.0539182908833027 0.0467150881886482 0.0430569350719452 0.0393987856805325 0.0357406325638294 0.0320824794471264 0.0284243281930685 0.0247661769390106 0.0211080238223076 0.0247254706919193 0.0307681169360876 0.0368107631802559 0.042853407561779 0.0488960556685925 0.0549387000501156 0.060981348156929 0.065746620297432 0.0666797980666161 0.0676129683852196 0.0685461387038231 0.0694793090224266 0.0704124793410301 0.0713456496596336 0.0722788199782372 0.071368969976902 0.0698447749018669 0.0683205872774124 0.0667963922023773 0.0652721971273422 0.0637480095028877 0.0622238144278526 0.0621568560600281 0.0664616003632545 0.070766344666481 0.0750710889697075 0.079375833272934 0.0836805775761604 0.0879853218793869 0.0922900661826134 0.0935265198349953 0.0937402173876762 0.0939539149403572 0.0941676124930382
0.060576606541872 0.0508118085563183 0.0424387343227863 0.0382408313453197 0.0340429320931435 0.0298450291156769 0.0256471280008554 0.0214492250233889 0.0172513239085674 0.0130534218624234 0.0172993503510952 0.0243598911911249 0.0314204283058643 0.0384809710085392 0.0455415099859238 0.0526020489633083 0.0596625879406929 0.0652802810072899 0.0665694400668144 0.067858599126339 0.0691477581858635 0.070436917245388 0.0717260763049126 0.0730152279138565 0.074304386973381 0.0733990743756294 0.0717622712254524 0.0701254680752754 0.0684886649250984 0.0668518617749214 0.0652150586247444 0.0635782554745674 0.0634038150310516 0.0676164701581001 0.0718291327357292 0.0760417878627777 0.0802544429898262 0.0844670981168747 0.0886797532439232 0.0928924083709717 0.0941823124885559 0.0944979712367058 0.094813622534275 0.0951292738318443
0.0665845051407814 0.0572202429175377 0.0488973967730999 0.0436988137662411 0.038500227034092 0.0333016440272331 0.0281030591577291 0.0229044742882252 0.0177058912813663 0.0125073064118624 0.0164463482797146 0.0234312657266855 0.0304161831736565 0.0374010987579823 0.0443860180675983 0.0513709336519241 0.0583558529615402 0.0640264004468918 0.065753847360611 0.0674812942743301 0.0692087411880493 0.0709361881017685 0.0726636350154877 0.0743910819292068 0.076118528842926 0.0755741521716118 0.0742724984884262 0.07297083735466 0.0716691836714745 0.0703675299882889 0.0690658688545227 0.0677642151713371 0.0676689222455025 0.0711927115917206 0.0747165009379387 0.0782402977347374 0.0817640870809555 0.0852878764271736 0.0888116732239723 0.0923354625701904 0.0934292450547218 0.0937130227684975 0.0939968079328537 0.0942805856466293
0.0725924074649811 0.0636286735534668 0.0553560592234135 0.0491567924618721 0.0429575257003307 0.0367582589387894 0.030558992177248 0.0243597254157066 0.0181604567915201 0.0119611909613013 0.0155933452770114 0.0225026402622461 0.0294119361788034 0.0363212302327156 0.0432305261492729 0.0501398220658302 0.0570491179823875 0.0627725198864937 0.0649382546544075 0.0671039968729019 0.0692697316408157 0.0714354664087296 0.0736012011766434 0.0757669359445572 0.0779326781630516 0.0777492299675941 0.0767827183008194 0.0758162066340446 0.0748497024178505 0.0738831907510757 0.072916679084301 0.0719501748681068 0.0719340220093727 0.074768953025341 0.0776038765907288 0.0804388076066971 0.0832737311720848 0.0861086621880531 0.0889435857534409 0.0917785167694092 0.0926761776208878 0.0929280817508698 0.0931799858808517 0.0934318974614143
0.0786003023386002 0.0700371116399765 0.061814721673727 0.0546147748827934 0.0474148243665695 0.0402148738503456 0.0330149233341217 0.0258149746805429 0.018615024164319 0.0114150745794177 0.0147403422743082 0.0215740147978067 0.0284076891839504 0.035241361707449 0.0420750342309475 0.048908706754446 0.0557423792779446 0.0615186430513859 0.0641226693987846 0.0667266920208931 0.0693307146430016 0.0719347447156906 0.0745387673377991 0.0771427899599075 0.0797468200325966 0.0799243003129959 0.0792929381132126 0.0786615759134293 0.0780302211642265 0.0773988589644432 0.0767674967646599 0.0761361345648766 0.0761991292238235 0.0783451870083809 0.0804912522435188 0.0826373174786568 0.0847833827137947 0.086929440498352 0.08907550573349 0.0912215709686279 0.0919231101870537 0.092143140733242 0.0923631712794304 0.0925832018256187
0.0846082046627998 0.0764455422759056 0.0682733878493309 0.0600727535784245 0.0518721230328083 0.0436714887619019 0.0354708582162857 0.0272702239453793 0.019069591537118 0.0108689591288567 0.013887339271605 0.0206453911960125 0.0274034403264523 0.0341614931821823 0.0409195423126221 0.0476775951683521 0.0544356442987919 0.0602647624909878 0.0633070766925812 0.0663493871688843 0.069391705095768 0.0724340155720711 0.0754763334989548 0.0785186439752579 0.0815609619021416 0.0820993781089783 0.0818031653761864 0.0815069526433945 0.081210732460022 0.0809145197272301 0.0806183069944382 0.0803220942616463 0.0804642289876938 0.0819214284420013 0.0833786278963089 0.0848358273506165 0.086293026804924 0.0877502262592316 0.0892074257135391 0.0906646251678467 0.0911700427532196 0.0913581997156143 0.091546356678009 0.0917345136404037
0.0906160995364189 0.0828539729118347 0.0747320502996445 0.0655307322740555 0.0563294179737568 0.0471281036734581 0.0379267893731594 0.0287254732102156 0.0195241589099169 0.0103228436782956 0.0130343362689018 0.0197167657315731 0.0263991933315992 0.0330816209316254 0.0397640503942966 0.0464464798569679 0.0531289093196392 0.0590108819305897 0.0624914839863777 0.065972089767456 0.0694526880979538 0.0729332938790321 0.0764138996601105 0.0798944979906082 0.0833751037716866 0.0842744559049606 0.0843133851885796 0.0843523219227791 0.084391251206398 0.0844301879405975 0.0844691172242165 0.0845080465078354 0.0847293362021446 0.0854976698756218 0.086266003549099 0.0870343372225761 0.0878026708960533 0.0885710045695305 0.0893393382430077 0.0901076719164848 0.0904169678688049 0.090573251247406 0.0907295420765877 0.0908858254551888
0.0993146374821663 0.0917666256427765 0.0836889520287514 0.0740223228931427 0.0643556863069534 0.0546890497207642 0.0450224131345749 0.0353557802736759 0.0256891436874866 0.0160225071012974 0.0181824918836355 0.0242846831679344 0.0303868725895882 0.0364890657365322 0.042591255158186 0.0486934445798397 0.0547956377267838 0.0602382682263851 0.0637022331357002 0.067166194319725 0.0706301555037498 0.0740941166877747 0.0775580778717995 0.0810220390558243 0.0844860002398491 0.0853983014822006 0.0854600444436073 0.085521787405014 0.0855835303664207 0.0856452733278275 0.0857070162892342 0.0857687592506409 0.0859019383788109 0.0862494260072708 0.0865969210863113 0.0869444087147713 0.0872919037938118 0.0876393914222717 0.0879868865013123 0.0883343741297722 0.0886060819029808 0.0888525173068047 0.0890989601612091 0.089345395565033
0.110703811049461 0.10318349301815 0.0951441079378128 0.0855475142598152 0.0759509205818176 0.06635432690382 0.0567577295005322 0.0471611395478249 0.0375645458698273 0.0279679521918297 0.0293318051844835 0.0343491435050964 0.0393664799630642 0.044383816421032 0.0494011528789997 0.0544184893369675 0.0594358257949352 0.0639469251036644 0.0669393166899681 0.0699317082762718 0.0729240924119949 0.0759164839982986 0.0789088755846024 0.0819012597203255 0.0848936513066292 0.0854709148406982 0.0852431282401085 0.0850153490900993 0.0847875624895096 0.0845597758889198 0.0843319967389107 0.0841042101383209 0.0839820429682732 0.0841767117381096 0.084371380507946 0.0845660492777824 0.0847607180476189 0.0849553942680359 0.0851500630378723 0.0853447318077087 0.0857373625040054 0.0861959904432297 0.0866546109318733 0.0871132388710976
0.122092984616756 0.114600360393524 0.106599256396294 0.0970727056264877 0.0875461474061012 0.0780195966362953 0.0684930458664894 0.0589664988219738 0.0494399443268776 0.0399133935570717 0.0404811203479767 0.0444136038422585 0.0483460836112499 0.0522785671055317 0.0562110505998135 0.0601435340940952 0.0640760138630867 0.067655585706234 0.070176400244236 0.072697214782238 0.0752180367708206 0.0777388513088226 0.0802596658468246 0.0827804878354073 0.0853013023734093 0.0855435281991959 0.0850262194871902 0.084508903324604 0.0839915946125984 0.0834742859005928 0.0829569771885872 0.0824396684765816 0.0820621475577354 0.0821039974689484 0.0821458473801613 0.0821876898407936 0.0822295397520065 0.0822713896632195 0.0823132321238518 0.0823550820350647 0.0828686505556107 0.0835394635796547 0.0842102691531181 0.0848810747265816
0.133482158184052 0.126017227768898 0.118054404854774 0.10859788954258 0.0991413816809654 0.0896848738193512 0.080228365957737 0.0707718580961227 0.0613153465092182 0.051858838647604 0.0516304336488247 0.0544780604541302 0.057325690984726 0.0601733215153217 0.0630209520459175 0.065868578851223 0.0687162056565285 0.071364238858223 0.0734134837985039 0.0754627287387848 0.0775119736790657 0.0795612186193466 0.0816104635596275 0.0836597084999084 0.0857089534401894 0.0856161415576935 0.0848093032836914 0.0840024650096893 0.0831956341862679 0.0823887959122658 0.0815819576382637 0.0807751268148422 0.0801422521471977 0.0800312831997871 0.079920306801796 0.0798093304038048 0.0796983614563942 0.079587385058403 0.0794764086604118 0.0793654322624207 0.0799999386072159 0.0808829292654991 0.081765927374363 0.0826489180326462
0.144871339201927 0.137434095144272 0.129509553313255 0.120123080909252 0.11073661595583 0.101350151002407 0.0919636860489845 0.0825772136449814 0.0731907486915588 0.0638042837381363 0.0627797469496727 0.0645425245165825 0.0663052946329117 0.0680680721998215 0.0698308497667313 0.0715936198830605 0.0733563974499702 0.0750728994607925 0.0766505673527718 0.0782282426953316 0.0798059180378914 0.0813835859298706 0.0829612612724304 0.0845389291644096 0.0861166045069695 0.0856887549161911 0.0845923870801926 0.0834960266947746 0.0823996663093567 0.0813033059239388 0.0802069455385208 0.0791105777025223 0.07822235673666 0.0779585614800453 0.0776947662234306 0.077430970966816 0.0771671757102013 0.0769033804535866 0.0766395851969719 0.0763757899403572 0.0771312266588211 0.0782264024019241 0.0793215781450272 0.0804167613387108
