data/working_set_collections/6091692-Cassins_Sparrow-M2/1995/echange_avg.asc
NCOLS 265 
NROWS 230 
XLLCORNER -115.5625 
YLLCORNER 24.8333333333333 
CELLSIZE 0.0833333333333333 
NODATA_value -9999 
[rows 38 to 56 of 230, columns 176 to 219 of 265]
0.20736238360405 0.20900870859623 0.210655048489571 0.211944669485092 0.2121641933918 0.212383717298508 0.212603241205215 0.212822765111923 0.213042303919792 0.2132618278265 0.213481351733208 0.212737873196602 0.211673378944397 0.210608899593353 0.20954442024231 0.208479940891266 0.207415461540222 0.206350982189178 0.205243542790413 0.204007238149643 0.202770948410034 0.201534643769264 0.200298354029655 0.199062049388885 0.197825744748116 0.196589455008507 0.196562454104424 0.196938574314117 0.19731467962265 0.197690784931183 0.198066890239716 0.19844301044941 0.198819115757942 0.198961511254311 0.198402762413025 0.197844013571739 0.197285279631615 0.196726530790329 0.196167781949043 0.195609033107758 0.195050299167633 0.192487865686417 0.18925753235817 0.186027199029922
0.206981405615807 0.208496183156967 0.210010975599289 0.21115106344223 0.211167052388191 0.211183026432991 0.211199015378952 0.211214989423752 0.211230978369713 0.211246967315674 0.211262941360474 0.210386574268341 0.209212750196457 0.208038911223412 0.206865087151527 0.205691263079643 0.204517439007759 0.203343614935875 0.202174857258797 0.201021298766136 0.199867755174637 0.198714196681976 0.197560638189316 0.196407094597816 0.195253536105156 0.194099977612495 0.193820610642433 0.193832635879517 0.1938446611166 0.193856671452522 0.193868696689606 0.193880721926689 0.193892747163773 0.193829536437988 0.193540632724762 0.193251729011536 0.192962810397148 0.192673906683922 0.192385002970695 0.192096099257469 0.191807180643082 0.189051553606987 0.185473695397377 0.181895822286606
0.206600412726402 0.207983657717705 0.209366902709007 0.210357457399368 0.210169896483421 0.209982335567474 0.209794774651527 0.20960721373558 0.209419652819633 0.209232106804848 0.209044545888901 0.20803527534008 0.206752106547356 0.205468937754631 0.204185768961906 0.202902600169182 0.201619416475296 0.200336247682571 0.19910617172718 0.198035359382629 0.196964547038078 0.195893749594688 0.194822937250137 0.193752124905586 0.192681312561035 0.191610500216484 0.191078752279282 0.190726697444916 0.190374627709389 0.190022572875023 0.189670503139496 0.189318433403969 0.188966378569603 0.188697561621666 0.188678488135338 0.188659429550171 0.188640356063843 0.188621282577515 0.188602223992348 0.18858315050602 0.188564077019691 0.185615256428719 0.181689843535423 0.177764445543289
0.206219434738159 0.207471132278442 0.208722844719887 0.209563836455345 0.209172740578651 0.208781644701958 0.208390533924103 0.207999438047409 0.207608342170715 0.207217246294022 0.206826135516167 0.205683976411819 0.204291462898254 0.202898949384689 0.201506435871124 0.200113922357559 0.198721408843994 0.197328895330429 0.196037486195564 0.195049419999123 0.194061353802681 0.193073287606239 0.192085221409798 0.191097170114517 0.190109103918076 0.189121037721634 0.188336908817291 0.187620759010315 0.186904609203339 0.186188459396362 0.185472309589386 0.18475615978241 0.184040009975433 0.183565586805344 0.183816358447075 0.184067130088806 0.184317901730537 0.184568658471107 0.184819430112839 0.18507020175457 0.185320973396301 0.18217895925045 0.177906006574631 0.173633053898811
0.203208565711975 0.20454840362072 0.205888226628304 0.206823363900185 0.206544414162636 0.206265479326248 0.205986529588699 0.205707594752312 0.205428659915924 0.205149710178375 0.204870775341988 0.203841254115105 0.202561542391777 0.201281830668449 0.200002118945122 0.198722407221794 0.197442695498466 0.196162983775139 0.194989919662476 0.194136798381805 0.193283662199974 0.192430540919304 0.191577404737473 0.190724283456802 0.189871147274971 0.189018025994301 0.187942028045654 0.186791747808456 0.185641467571259 0.184491187334061 0.183340907096863 0.182190626859665 0.181040331721306 0.180205300450325 0.180315986275673 0.180426687002182 0.18053737282753 0.180648073554039 0.180758759379387 0.180869460105896 0.180980145931244 0.177808091044426 0.173541769385338 0.169275462627411
0.197567835450172 0.199215441942215 0.200863063335419 0.202136009931564 0.202284917235374 0.202433839440346 0.202582761645317 0.202731683850288 0.20288060605526 0.20302951335907 0.203178435564041 0.202507093548775 0.201562330126762 0.200617581605911 0.199672818183899 0.198728054761887 0.197783291339874 0.196838542819023 0.195963472127914 0.195297464728355 0.194631472229958 0.19396547973156 0.193299472332001 0.192633479833603 0.191967472434044 0.191301479935646 0.189894139766693 0.188239678740501 0.18658521771431 0.184930756688118 0.183276280760765 0.181621819734573 0.179967358708382 0.178616687655449 0.178177401423454 0.177738100290298 0.177298799157143 0.176859512925148 0.176420211791992 0.175980910658836 0.175541624426842 0.172502666711807 0.168597161769867 0.164691656827927
0.191927090287209 0.193882495164871 0.195837900042534 0.197448655962944 0.198025435209274 0.198602214455605 0.199178993701935 0.199755772948265 0.200332552194595 0.200909316539764 0.201486095786095 0.201172932982445 0.200563132762909 0.199953317642212 0.199343517422676 0.198733702301979 0.198123902082443 0.197514086961746 0.196937009692192 0.196458145976067 0.195979282259941 0.195500403642654 0.195021539926529 0.194542676210403 0.194063812494278 0.193584933876991 0.191846236586571 0.189687594771385 0.1875289529562 0.185370311141014 0.183211669325829 0.181053027510643 0.178894385695457 0.177028089761734 0.176038801670074 0.175049513578415 0.174060225486755 0.173070937395096 0.172081664204597 0.171092376112938 0.170103088021278 0.167197242379189 0.163652539253235 0.160107851028442
0.186286345124245 0.188549548387527 0.190812736749649 0.192761301994324 0.193765938282013 0.194770574569702 0.195775210857391 0.196779847145081 0.197784498333931 0.19878913462162 0.199793770909309 0.199838787317276 0.199563920497894 0.199289068579674 0.199014216661453 0.198739349842072 0.198464497923851 0.19818964600563 0.197910562157631 0.197618827223778 0.197327092289925 0.19703534245491 0.196743607521057 0.196451872587204 0.196160137653351 0.195868387818336 0.19379834830761 0.19113552570343 0.188472703099251 0.185809880495071 0.183147057890892 0.180484235286713 0.177821412682533 0.175439476966858 0.173900201916695 0.172360926866531 0.170821651816368 0.169282376766205 0.167743101716042 0.166203826665878 0.164664551615715 0.16189181804657 0.158707931637764 0.155524045228958
0.180645599961281 0.183216586709023 0.185787588357925 0.188073948025703 0.189506441354752 0.190938949584961 0.192371442914009 0.193803936243057 0.195236444473267 0.196668937802315 0.198101431131363 0.198504626750946 0.198564723134041 0.198624819517136 0.19868491590023 0.198744997382164 0.198805093765259 0.198865190148354 0.19888411462307 0.198779508471489 0.198674887418747 0.198570281267166 0.198465675115585 0.198361068964005 0.198256462812424 0.198151856660843 0.195750445127487 0.192583441734314 0.189416438341141 0.186249449849129 0.183082446455956 0.179915443062782 0.176748439669609 0.173850864171982 0.171761602163315 0.169672340154648 0.167583078145981 0.165493816137314 0.163404554128647 0.16131529211998 0.159226030111313 0.156586393713951 0.153763309121132 0.150940224528313
0.175004854798317 0.177883639931679 0.180762425065041 0.183386594057083 0.185246959328651 0.187107309699059 0.188967674970627 0.190828025341034 0.192688390612602 0.194548740983009 0.196409106254578 0.197170466184616 0.197565510869026 0.197960570454597 0.198355615139008 0.198750659823418 0.199145704507828 0.199540749192238 0.199857652187347 0.199940174818039 0.20002269744873 0.200105220079422 0.200187742710114 0.200270265340805 0.200352787971497 0.200435310602188 0.197702556848526 0.194031372666359 0.190360188484192 0.186689004302025 0.183017820119858 0.179346650838852 0.175675466656685 0.172262266278267 0.169623017311096 0.166983753442764 0.164344504475594 0.161705255508423 0.159065991640091 0.15642674267292 0.15378749370575 0.151280969381332 0.148818701505661 0.146356418728828
0.171165391802788 0.174111589789391 0.177057787775993 0.17976650595665 0.18176281452179 0.183759108185768 0.185755401849747 0.187751695513725 0.189747989177704 0.191744282841682 0.193740576505661 0.194750040769577 0.195430561900139 0.196111083030701 0.196791604161263 0.197472125291824 0.198152646422386 0.198833167552948 0.199399799108505 0.199624747037888 0.19984969496727 0.200074642896652 0.200299590826035 0.200524523854256 0.200749471783638 0.20097441971302 0.198089614510536 0.194168239831924 0.190246865153313 0.18632547557354 0.182404100894928 0.178482711315155 0.174561336636543 0.170890286564827 0.167970225214958 0.165050163865089 0.162130087614059 0.159210026264191 0.156289964914322 0.153369903564453 0.150449842214584 0.148044601082802 0.145810976624489 0.143577337265015
0.169127210974693 0.171900451183319 0.174673691391945 0.177213698625565 0.179054006934166 0.180894315242767 0.182734623551369 0.18457493185997 0.186415240168571 0.188255548477173 0.190095856785774 0.191243335604668 0.192159861326218 0.193076387047768 0.193992912769318 0.194909438490868 0.195825949311256 0.196742475032806 0.197510540485382 0.197833210229874 0.198155865073204 0.198478534817696 0.198801204562187 0.199123859405518 0.199446529150009 0.199769198894501 0.196911662817001 0.192994058132172 0.189076453447342 0.185158848762512 0.181241258978844 0.177323654294014 0.173406049609184 0.169734925031662 0.166803240776062 0.163871541619301 0.16093984246254 0.15800815820694 0.155076459050179 0.152144774794579 0.149213075637817 0.146877288818359 0.144740134477615 0.142602980136871
0.167089015245438 0.169689297676086 0.172289580106735 0.174660876393318 0.176345199346542 0.178029522299767 0.179713845252991 0.181398183107376 0.1830825060606 0.184766829013824 0.186451151967049 0.187736630439758 0.188889160752296 0.190041676163673 0.191194206476212 0.19234673678875 0.193499267101288 0.194651782512665 0.195621281862259 0.196041658520699 0.196462050080299 0.196882426738739 0.19730281829834 0.197723194956779 0.19814358651638 0.19856396317482 0.195733696222305 0.191819876432419 0.187906056642532 0.183992236852646 0.180078417062759 0.176164582371712 0.172250762581825 0.168579563498497 0.165636241436005 0.162692919373512 0.15974959731102 0.156806275248528 0.153862953186035 0.150919631123543 0.14797630906105 0.145709961652756 0.143669292330742 0.141628608107567
0.165050834417343 0.167478159070015 0.169905483722687 0.172108054161072 0.17363640666008 0.175164744257927 0.176693081855774 0.178221419453621 0.179749757051468 0.181278094649315 0.182806432247162 0.184229925274849 0.185618445277214 0.18700698018074 0.188395500183105 0.189784035086632 0.191172569990158 0.192561089992523 0.193732008337975 0.194250121712685 0.194768220186234 0.195286318659782 0.195804432034492 0.196322530508041 0.19684062898159 0.1973587423563 0.194555729627609 0.190645694732666 0.186735644936562 0.182825610041618 0.178915560245514 0.175005525350571 0.171095490455627 0.167424216866493 0.164469256997108 0.161514312028885 0.1585593521595 0.155604407191277 0.152649447321892 0.149694487452507 0.146739542484283 0.144542649388313 0.142598450183868 0.140654250979424
0.163012653589249 0.165267020463943 0.167521387338638 0.169555246829987 0.170927599072456 0.172299951314926 0.173672303557396 0.175044655799866 0.176417022943497 0.177789375185966 0.179161727428436 0.18072322010994 0.182347744703293 0.183972269296646 0.185596808791161 0.187221333384514 0.188845872879028 0.190470397472382 0.191842749714851 0.19245857000351 0.193074405193329 0.193690225481987 0.194306045770645 0.194921866059303 0.195537686347961 0.19615350663662 0.193377763032913 0.189471513032913 0.185565248131752 0.181658983230591 0.17775271832943 0.17384646832943 0.169940203428268 0.166268855333328 0.163302272558212 0.160335689783096 0.15736910700798 0.154402524232864 0.151435941457748 0.148469358682632 0.145502775907516 0.143375337123871 0.141527608036995 0.13967989385128
0.160974457859993 0.163055866956711 0.165137276053429 0.16700242459774 0.168218791484833 0.169435173273087 0.170651540160179 0.171867907047272 0.173084273934364 0.174300640821457 0.17551700770855 0.177216500043869 0.179077044129372 0.180937573313713 0.182798102498055 0.184658646583557 0.186519175767899 0.18837970495224 0.189953491091728 0.190667033195496 0.191380575299263 0.19209411740303 0.192807659506798 0.193521201610565 0.194234743714333 0.1949482858181 0.192199811339378 0.18829733133316 0.184394836425781 0.180492356419563 0.176589876413345 0.172687396407127 0.168784916400909 0.165113508701324 0.162135288119316 0.159157082438469 0.156178861856461 0.153200641274452 0.150222435593605 0.147244215011597 0.14426600933075 0.142208009958267 0.140456765890121 0.138705521821976
0.158887758851051 0.160671561956406 0.16245536506176 0.163983047008514 0.164742350578308 0.165501669049263 0.166260972619057 0.16702027618885 0.167779579758644 0.168538883328438 0.169298186898232 0.170906513929367 0.172797843813896 0.174689158797264 0.176580488681793 0.178471818566322 0.180363148450851 0.182254478335381 0.183832183480263 0.184469044208527 0.18510590493679 0.185742750763893 0.186379611492157 0.187016472220421 0.187653332948685 0.188290193676949 0.185799956321716 0.182267352938652 0.178734764456749 0.175202161073685 0.17166955769062 0.168136969208717 0.164604365825653 0.161245852708817 0.158409595489502 0.155573338270187 0.152737081050873 0.149900823831558 0.147064566612244 0.144228309392929 0.141392052173615 0.139531776309013 0.137996837496758 0.13646188378334
0.156752526760101 0.158114090561867 0.159475654363632 0.160497114062309 0.160498276352882 0.160499438643456 0.160500600934029 0.160501763224602 0.160502925515175 0.160504087805748 0.160505250096321 0.161793231964111 0.163510143756866 0.165227055549622 0.166943967342377 0.168660879135132 0.170377790927887 0.172094702720642 0.173478826880455 0.173864603042603 0.174250364303589 0.174636140465736 0.175021916627884 0.175407692790031 0.175793454051018 0.176179230213165 0.174178212881088 0.17138160765171 0.168584987521172 0.165788382291794 0.162991762161255 0.160195156931877 0.157398536801338 0.154665902256966 0.15212519466877 0.149584487080574 0.147043764591217 0.144503057003021 0.141962349414825 0.13942164182663 0.136880919337273 0.135346636176109 0.134147807955742 0.132948979735374
0.154617294669151 0.155556619167328 0.156495943665504 0.157011181116104 0.156254202127457 0.155497223138809 0.154740244150162 0.153983265161514 0.153226271271706 0.152469292283058 0.151712313294411 0.152679935097694 0.154222443699837 0.155764937400818 0.157307431101799 0.15884992480278 0.160392433404922 0.161934927105904 0.163125470280647 0.163260161876678 0.163394838571548 0.16352953016758 0.16366420686245 0.163798898458481 0.163933590054512 0.164068266749382 0.16255646944046 0.160495847463608 0.158435225486755 0.156374588608742 0.154313966631889 0.152253344655037 0.150192722678185 0.148085951805115 0.145840793848038 0.1435956209898 0.141350463032722 0.139105290174484 0.136860132217407 0.134614959359169 0.132369786500931 0.131161481142044 0.130298778414726 0.129436075687408
