data/working_set_collections/6091692-Cassins_Sparrow-M2/1995/eflux_avg.asc
NCOLS 265 
NROWS 230 
XLLCORNER -115.5625 
YLLCORNER 24.8333333333333 
CELLSIZE 0.0833333333333333 
NODATA_value -9999 
[rows 40 to 59 of 230, columns 184 to 229 of 265]
44.7678375244141 45.0692100524902 45.3705863952637 45.837703704834 46.3600692749023 46.8824348449707 47.4048042297363 47.9271697998047 48.449535369873 48.9719009399414 49.4554557800293 49.822566986084 50.1896781921387 50.5567893981934 50.923900604248 51.2910118103027 51.6581230163574 52.0252342224121 52.2976837158203 52.5385818481445 52.7794799804688 53.020378112793 53.2612762451172 53.5021705627441 53.7430686950684 53.9852752685547 54.2313995361328 54.4775276184082 54.7236557006836 54.9697799682617 55.2159080505371 55.4620323181152 55.7081604003906 56.1529502868652 56.6639595031738 57.1749649047852 57.6859741210938 58.1969833374023 58.7079925537109 59.2190017700195 59.6926536560059 60.0542449951172 60.4158363342285 60.7774276733398 61.1390190124512 61.5006103515625
44.9499664306641 45.2555770874023 45.5611915588379 46.0075645446777 46.500862121582 46.9941596984863 47.4874534606934 47.9807510375977 48.474048614502 48.967342376709 49.4171257019043 49.7363739013672 50.0556221008301 50.374870300293 50.6941146850586 51.0133628845215 51.3326110839844 51.65185546875 51.9777641296387 52.3058929443359 52.6340217590332 52.9621505737305 53.2902793884277 53.618408203125 53.9465370178223 54.2497749328613 54.4783477783203 54.706916809082 54.935489654541 55.1640625 55.3926315307617 55.6212043762207 55.8497772216797 56.2948608398438 56.8121185302734 57.3293762207031 57.8466339111328 58.3638916015625 58.8811492919922 59.3984069824219 59.8790855407715 60.2500267028809 60.620964050293 60.9919052124023 61.3628463745117 61.7337875366211
45.1870193481445 45.5058898925781 45.8247604370117 46.2618446350098 46.7383308410645 47.2148208618164 47.6913070678711 48.1677932739258 48.6442832946777 49.1207695007324 49.5507736206055 49.8413276672363 50.1318817138672 50.4224319458008 50.7129859924316 51.0035400390625 51.2940902709961 51.584644317627 51.9266357421875 52.285774230957 52.6449127197266 53.0040473937988 53.3631858825684 53.7223243713379 54.0814628601074 54.4112663269043 54.653076171875 54.894889831543 55.1366996765137 55.3785095214844 55.6203193664551 55.8621292114258 56.1039390563965 56.5524940490723 57.0699653625488 57.5874366760254 58.104907989502 58.6223831176758 59.1398544311523 59.6573257446289 60.1413116455078 60.5248489379883 60.9083862304688 61.2919235229492 61.6754608154297 62.0589981079102
45.4789962768555 45.8201446533203 46.1612930297852 46.6005363464355 47.0724792480469 47.5444183349609 48.0163612365723 48.4883003234863 48.9602432250977 49.4321823120117 49.8563957214355 50.1374244689941 50.4184532165527 50.6994819641113 50.9805107116699 51.2615394592285 51.5425682067871 51.8235969543457 52.1442947387695 52.4782218933105 52.8121490478516 53.1460723876953 53.4799995422363 53.8139228820801 54.1478500366211 54.4697532653809 54.7555961608887 55.0414390563965 55.327278137207 55.6131210327148 55.8989639282227 56.1848030090332 56.470645904541 56.9258460998535 57.4374961853027 57.9491500854492 58.4608001708984 58.9724540710449 59.4841041564941 59.9957580566406 60.4793434143066 60.8787231445312 61.2781028747559 61.6774826049805 62.0768623352051 62.4762420654297
45.7709732055664 46.1344032287598 46.4978294372559 46.9392318725586 47.4066276550293 47.8740196228027 48.3414154052734 48.8088073730469 49.2762031555176 49.743595123291 50.1620178222656 50.433521270752 50.7050247192383 50.9765319824219 51.2480354309082 51.5195388793945 51.7910423278809 52.0625457763672 52.3619575500488 52.6706695556641 52.9793853759766 53.2880973815918 53.596809387207 53.9055252075195 54.2142372131348 54.5282402038574 54.8581161499023 55.18798828125 55.5178604125977 55.8477363586426 56.1776084899902 56.5074806213379 56.8373527526855 57.2991981506348 57.8050308227539 58.3108596801758 58.8166923522949 59.3225250244141 59.8283576965332 60.3341903686523 60.8173713684082 61.232593536377 61.6478157043457 62.0630378723145 62.4782638549805 62.8934860229492
46.0629501342773 46.448657989502 46.8343658447266 47.2779273986816 47.7407722473145 48.2036209106445 48.6664695739746 49.1293144226074 49.5921630859375 50.0550117492676 50.4676399230957 50.729621887207 50.9916000366211 51.2535781860352 51.5155601501465 51.7775382995605 52.0395164489746 52.3014984130859 52.5796165466309 52.8631210327148 53.1466217041016 53.4301223754883 53.713623046875 53.9971237182617 54.2806282043457 54.586727142334 54.9606323242188 55.3345375061035 55.7084426879883 56.082347869873 56.4562530517578 56.8301582336426 57.2040634155273 57.6725463867188 58.1725616455078 58.6725730895996 59.1725845336914 59.6725959777832 60.1726112365723 60.6726226806641 61.1553993225098 61.5864639282227 62.0175323486328 62.4485969543457 62.8796653747559 63.3107299804688
46.3549270629883 46.7629127502441 47.1708984375 47.6166229248047 48.0749206542969 48.5332221984863 48.9915237426758 49.449821472168 49.9081230163574 50.3664245605469 50.7732620239258 51.0257186889648 51.2781715393066 51.5306282043457 51.7830810546875 52.0355377197266 52.2879943847656 52.5404472351074 52.7972793579102 53.0555686950684 53.3138580322266 53.5721473693848 53.830436706543 54.0887260437012 54.3470153808594 54.6452140808105 55.0631523132324 55.481086730957 55.8990249633789 56.3169631958008 56.7348976135254 57.1528358459473 57.5707702636719 58.0458984375 58.5400924682617 59.0342826843262 59.5284767150879 60.0226707458496 60.5168609619141 61.0110549926758 61.4934272766113 61.9403381347656 62.3872451782227 62.834156036377 63.281063079834 63.7279739379883
46.6469039916992 47.0771713256836 47.5074348449707 47.9553146362305 48.4090690612793 48.8628234863281 49.316577911377 49.7703285217285 50.2240829467773 50.6778373718262 51.0788841247559 51.3218154907227 51.5647468566895 51.807674407959 52.0506057739258 52.2935371398926 52.5364685058594 52.7793998718262 53.0149383544922 53.2480163574219 53.4810943603516 53.7141723632812 53.9472465515137 54.1803245544434 54.413402557373 54.7037010192871 55.1656723022461 55.6276397705078 56.0896072387695 56.5515747070312 57.013542175293 57.4755096435547 57.9374771118164 58.4192504882812 58.9076232910156 59.39599609375 59.8843688964844 60.3727416992188 60.8611145019531 61.3494873046875 61.8314552307129 62.2942085266113 62.7569618225098 63.2197113037109 63.6824645996094 64.1452178955078
46.8680992126465 47.3172988891602 47.7664985656738 48.2138061523438 48.6604804992676 49.1071586608887 49.5538368225098 50.0005111694336 50.4471893310547 50.8938674926758 51.2921829223633 51.5454177856445 51.7986526489258 52.051887512207 52.3051261901855 52.5583610534668 52.811595916748 53.0648307800293 53.2985992431641 53.52587890625 53.7531585693359 53.9804382324219 54.2077178955078 54.435001373291 54.662281036377 54.9529991149902 55.4340438842773 55.9150848388672 56.3961296081543 56.8771705627441 57.358211517334 57.8392562866211 58.3202972412109 58.8092079162598 59.3007392883301 59.7922706604004 60.2838020324707 60.775333404541 61.2668647766113 61.7583961486816 62.2436866760254 62.7102546691895 63.1768264770508 63.6433944702148 64.1099624633789 64.576530456543
47.0185089111328 47.4832992553711 47.9480895996094 48.39208984375 48.829158782959 49.2662315368652 49.7033004760742 50.1403694152832 50.5774421691895 51.0145111083984 51.4131546020508 51.6965255737305 51.9798965454102 52.2632637023926 52.5466346740723 52.830005645752 53.1133766174316 53.3967475891113 53.6482620239258 53.88916015625 54.130054473877 54.3709526062012 54.6118507385254 54.8527488708496 55.0936470031738 55.3931083679199 55.8682670593262 56.3434295654297 56.8185882568359 57.2937507629395 57.7689094543457 58.244068145752 58.7192306518555 59.2157707214355 59.7194404602051 60.2231063842773 60.7267761230469 61.2304458618164 61.7341117858887 62.2377815246582 62.7301216125488 63.1884803771973 63.646842956543 64.1052017211914 64.5635604858398 65.0219192504883
47.1689224243164 47.6493034362793 48.1296844482422 48.5703773498535 48.9978408813477 49.4253005981445 49.8527641296387 50.2802276611328 50.707691192627 51.1351547241211 51.5341300964355 51.8476333618164 52.1611366271973 52.4746437072754 52.7881469726562 53.1016502380371 53.4151573181152 53.7286605834961 53.9979209899902 54.2524375915527 54.5069541931152 54.7614669799805 55.015983581543 55.2704963684082 55.5250129699707 55.8332176208496 56.3024940490723 56.7717742919922 57.2410507202148 57.7103271484375 58.1796073913574 58.6488838195801 59.1181602478027 59.6223335266113 60.1381416320801 60.6539459228516 61.169750213623 61.6855545043945 62.2013626098633 62.7171669006348 63.2165565490723 63.6667060852051 64.1168594360352 64.567008972168 65.0171585083008 65.4673080444336
47.3193359375 47.8153038024902 48.3112754821777 48.7486610412598 49.1665191650391 49.5843734741211 50.0022315979004 50.4200859069824 50.8379440307617 51.2557983398438 51.655101776123 51.9987411499023 52.3423805236816 52.6860198974609 53.0296592712402 53.3732986450195 53.7169380187988 54.0605735778809 54.347583770752 54.6157150268555 54.8838500976562 55.1519813537598 55.4201126098633 55.6882438659668 55.9563789367676 56.2733268737793 56.7367210388184 57.2001152038574 57.6635131835938 58.1269073486328 58.5903015136719 59.0536994934082 59.5170936584473 60.0289001464844 60.5568428039551 61.0847816467285 61.6127243041992 62.1406669616699 62.6686096191406 63.1965522766113 63.702995300293 64.1449356079102 64.5868759155273 65.0288162231445 65.4707489013672 65.9126892089844
47.4697456359863 47.9813079833984 48.4928703308105 48.926944732666 49.3351974487305 49.7434463500977 50.1516952514648 50.559944152832 50.9681930541992 51.3764457702637 51.7760734558105 52.1498489379883 52.5236206054688 52.8973960876465 53.271167755127 53.6449432373047 54.0187149047852 54.3924903869629 54.6972465515137 54.9789962768555 55.2607460021973 55.5424957275391 55.8242454528809 56.1059951782227 56.3877449035645 56.713436126709 57.1709480285645 57.6284599304199 58.0859718322754 58.5434875488281 59.0009994506836 59.4585113525391 59.9160232543945 60.4354629516602 60.9755401611328 61.5156211853027 62.0556983947754 62.5957794189453 63.135856628418 63.6759376525879 64.1894302368164 64.623161315918 65.0568923950195 65.4906158447266 65.9243469238281 66.3580780029297
47.6201591491699 48.1473083496094 48.6744613647461 49.1052322387695 49.5038757324219 49.902515411377 50.3011589050293 50.6998023986816 51.098445892334 51.4970893859863 51.8970489501953 52.3009567260742 52.7048645019531 53.108772277832 53.5126800537109 53.9165878295898 54.3204956054688 54.7244033813477 55.0469055175781 55.3422737121582 55.6376419067383 55.9330101013184 56.2283744812012 56.5237426757812 56.8191108703613 57.1535415649414 57.6051750183105 58.0568046569824 58.5084342956543 58.9600639343262 59.411693572998 59.8633270263672 60.3149566650391 60.8420257568359 61.3942413330078 61.9464569091797 62.4986724853516 63.0508918762207 63.6031074523926 64.1553192138672 64.6758651733398 65.1013870239258 65.5269012451172 65.9524230957031 66.3779449462891 66.803466796875
47.7395172119141 48.2786331176758 48.8177452087402 49.2490348815918 49.6443824768066 50.0397300720215 50.4350776672363 50.8304214477539 51.2257690429688 51.6211166381836 52.0264053344727 52.4615097045898 52.8966178894043 53.3317260742188 53.7668304443359 54.2019386291504 54.6370468139648 55.072151184082 55.4008522033691 55.6940803527832 55.9873085021973 56.2805366516113 56.5737648010254 56.8669967651367 57.1602249145508 57.4975166320801 57.9669990539551 58.4364814758301 58.9059638977051 59.3754463195801 59.8449287414551 60.3144111633301 60.7838973999023 61.3248405456543 61.8896064758301 62.4543724060059 63.0191383361816 63.5839042663574 64.1486663818359 64.7134323120117 65.2389068603516 65.6465072631836 66.0541152954102 66.4617156982422 66.8693161010742 67.2769165039062
47.827823638916 48.3752746582031 48.922721862793 49.3583564758301 49.7567176818848 50.1550788879395 50.5534439086914 50.9518051147461 51.3501663208008 51.7485275268555 52.1641426086426 52.6315116882324 53.0988807678223 53.5662536621094 54.0336227416992 54.5009918212891 54.9683609008789 55.435733795166 55.7590751647949 56.0344123840332 56.3097457885742 56.5850791931152 56.8604164123535 57.1357498168945 57.4110832214355 57.7453536987305 58.2564239501953 58.7674942016602 59.278564453125 59.7896347045898 60.3007011413574 60.8117713928223 61.3228416442871 61.8839073181152 62.4616317749023 63.0393600463867 63.6170883178711 64.1948165893555 64.7725448608398 65.3502731323242 65.8785629272461 66.2585372924805 66.6385116577148 67.0184936523438 67.3984680175781 67.7784423828125
47.916130065918 48.4719161987305 49.0276985168457 49.4676780700684 49.8690567016602 50.2704315185547 50.6718101501465 51.073184967041 51.4745635986328 51.8759384155273 52.3018798828125 52.801513671875 53.3011474609375 53.80078125 54.3004150390625 54.8000450134277 55.2996788024902 55.7993125915527 56.117301940918 56.3747444152832 56.6321830749512 56.8896255493164 57.1470642089844 57.4045066833496 57.6619453430176 57.9931907653809 58.5458488464355 59.098503112793 59.6511611938477 60.2038192749023 60.756477355957 61.3091316223145 61.8617897033691 62.4429702758789 63.0336608886719 63.6243515014648 64.2150421142578 64.8057327270508 65.3964233398438 65.9871063232422 66.5182113647461 66.8705673217773 67.2229156494141 67.5752639770508 67.9276123046875 68.2799682617188
48.0044364929199 48.5685577392578 49.1326751708984 49.5769996643066 49.9813919067383 50.3857841491699 50.7901763916016 51.1945686340332 51.5989570617676 52.0033493041992 52.4396171569824 52.9715156555176 53.5034103393555 54.0353088378906 54.5672035217285 55.0991020202637 55.6309967041016 56.1628952026367 56.475528717041 56.7150726318359 56.9546203613281 57.1941680908203 57.4337158203125 57.6732597351074 57.9128074645996 58.2410278320312 58.8352737426758 59.429515838623 60.0237617492676 60.6180038452148 61.2122497558594 61.8064918518066 62.4007377624512 63.0020370483398 63.6056900024414 64.209342956543 64.81298828125 65.4166412353516 66.0202941894531 66.6239471435547 67.1578674316406 67.4825897216797 67.8073120117188 68.1320419311523 68.4567642211914 68.7814865112305
48.0927429199219 48.6651992797852 49.2376556396484 49.6863212585449 50.0937309265137 50.5011367797852 50.9085426330566 51.3159484863281 51.7233543395996 52.1307601928711 52.5773582458496 53.1415176391602 53.7056770324707 54.2698364257812 54.8339958190918 55.3981552124023 55.9623146057129 56.5264739990234 56.8337516784668 57.0554046630859 57.2770576477051 57.4987106323242 57.7203636169434 57.9420166015625 58.1636695861816 58.4888648986816 59.124698638916 59.7605285644531 60.3963584899902 61.0321922302246 61.6680221557617 62.3038520812988 62.9396820068359 63.5611000061035 64.1777191162109 64.7943267822266 65.4109420776367 66.0275573730469 66.644172668457 67.2607879638672 67.7975234985352 68.0946197509766 68.391716003418 68.6888122558594 68.9859085083008 69.2830123901367
48.1810493469238 48.7618408203125 49.3426322937012 49.7956428527832 50.2060661315918 50.6164855957031 51.0269088745117 51.437328338623 51.8477516174316 52.258171081543 52.7150955200195 53.3115158081055 53.9079399108887 54.5043640136719 55.1007843017578 55.697208404541 56.2936325073242 56.8900527954102 57.1919784545898 57.3957366943359 57.599494934082 57.8032531738281 58.0070114135742 58.2107734680176 58.4145317077637 58.736701965332 59.4141235351562 60.0915412902832 60.7689590454102 61.4463768005371 62.1237945556641 62.801212310791 63.478630065918 64.1201705932617 64.7497406005859 65.3793182373047 66.0088958740234 66.6384735107422 67.2680435180664 67.8976211547852 68.4371719360352 68.7066421508789 68.9761199951172 69.2455902099609 69.5150604248047 69.7845306396484
