data/working_set_collections/6091692-Cassins_Sparrow-M2/1995/eflux_avg.asc
NCOLS 265 
NROWS 230 
XLLCORNER -115.5625 
YLLCORNER 24.8333333333333 
CELLSIZE 0.0833333333333333 
NODATA_value -9999 
[rows 160 to 179 of 230, columns 184 to 229 of 265]
44.5419769287109 45.6775665283203 46.813159942627 47.8055152893066 48.7501258850098 49.6947364807129 50.6393432617188 51.5839538574219 52.528564453125 53.4731750488281 54.3477783203125 55.0123596191406 55.6769409179688 56.3415260314941 57.0061073303223 57.6706924438477 58.3352737426758 58.9998588562012 58.9478759765625 58.6570434570312 58.3662109375 58.0753746032715 57.7845420837402 57.4937057495117 57.2028732299805 57.1283950805664 57.7029876708984 58.2775764465332 58.8521690368652 59.4267616271973 60.001350402832 60.5759429931641 61.1505355834961 61.8718490600586 62.6420707702637 63.412296295166 64.1825180053711 64.9527435302734 65.7229614257812 66.4931869506836 67.2926406860352 68.1797866821289 69.0669326782227 69.9540786743164 70.8412246704102 71.7283782958984
44.9141006469727 46.0140533447266 47.1140022277832 48.0708198547363 48.9799308776855 49.8890380859375 50.7981452941895 51.7072563171387 52.6163635253906 53.5254745483398 54.3625869750977 54.983715057373 55.6048431396484 56.2259712219238 56.8470993041992 57.4682273864746 58.08935546875 58.7104835510254 58.6527252197266 58.3686714172363 58.0846176147461 57.8005638122559 57.5165100097656 57.2324562072754 56.9484024047852 56.8795127868652 57.4561080932617 58.0327033996582 58.609302520752 59.1858978271484 59.7624931335449 60.3390884399414 60.9156875610352 61.6547431945801 62.4479484558105 63.2411575317383 64.0343627929688 64.8275756835938 65.6207809448242 66.4139938354492 67.2412261962891 68.170539855957 69.099853515625 70.029167175293 70.9584808349609 71.8877868652344
45.2529449462891 46.3541641235352 47.4553833007812 48.3982925415039 49.2884292602539 50.1785659790039 51.0687026977539 51.9588432312012 52.8489799499512 53.7391166687012 54.5504493713379 55.1253623962402 55.7002754211426 56.2751884460449 56.85009765625 57.4250106811523 57.9999237060547 58.574836730957 58.5196266174316 58.2543716430664 57.9891204833984 57.7238655090332 57.4586143493652 57.193359375 56.9281044006348 56.8761825561523 57.4642524719238 58.0523223876953 58.6403923034668 59.228458404541 59.8165283203125 60.404598236084 60.9926681518555 61.7206230163574 62.4952049255371 63.2697868347168 64.0443649291992 64.8189468383789 65.5935287475586 66.3681106567383 67.1881561279297 68.1445617675781 69.1009750366211 70.0573806762695 71.0137939453125 71.9701995849609
45.5585098266602 46.6979064941406 47.8373031616211 48.7879257202148 49.6756248474121 50.5633201599121 51.4510154724121 52.3387107849121 53.2264099121094 54.1141052246094 54.9113616943359 55.4372978210449 55.9632339477539 56.4891700744629 57.0151062011719 57.5410423278809 58.0669784545898 58.5929145812988 58.5485763549805 58.3141441345215 58.0797080993652 57.8452758789062 57.6108436584473 57.3764114379883 57.1419792175293 57.118408203125 57.7274169921875 58.33642578125 58.9454383850098 59.5544471740723 60.163459777832 60.7724685668945 61.381477355957 62.0694885253906 62.7838325500488 63.498176574707 64.212516784668 64.9268646240234 65.6412048339844 66.3555526733398 67.1334228515625 68.1018600463867 69.0702972412109 70.0387344360352 71.0071716308594 71.9756088256836
45.864070892334 47.0416488647461 48.2192268371582 49.177562713623 50.062816619873 50.9480743408203 51.8333282470703 52.7185821533203 53.6038398742676 54.4890937805176 55.272274017334 55.7492332458496 56.2261924743652 56.7031555175781 57.1801147460938 57.6570739746094 58.134033203125 58.6109924316406 58.5775260925293 58.3739128112793 58.1702995300293 57.9666862487793 57.7630767822266 57.5594635009766 57.3558502197266 57.3606300354004 57.9905815124512 58.620532989502 59.2504844665527 59.8804359436035 60.5103874206543 61.1403388977051 61.7702903747559 62.4183578491211 63.0724639892578 63.7265701293945 64.3806762695312 65.034782409668 65.6888809204102 66.3429870605469 67.0786819458008 68.0591506958008 69.0396194458008 70.0200805664062 71.0005493164062 71.9810180664062
46.1696319580078 47.3853912353516 48.601146697998 49.5671997070312 50.4500122070312 51.3328247070312 52.2156410217285 53.0984535217285 53.9812660217285 54.8640823364258 55.633186340332 56.0611724853516 56.4891548156738 56.9171371459961 57.3451194763184 57.7731056213379 58.2010879516602 58.6290702819824 58.6064720153809 58.4336814880371 58.2608909606934 58.0881004333496 57.9153060913086 57.7425155639648 57.5697250366211 57.6028518676758 58.2537460327148 58.9046401977539 59.5555305480957 60.2064247131348 60.8573150634766 61.5082092285156 62.1591033935547 62.7672271728516 63.3610916137695 63.9549598693848 64.548828125 65.142692565918 65.7365646362305 66.3304290771484 67.0239486694336 68.0164489746094 69.0089416503906 70.0014343261719 70.9939270019531 71.9864273071289
46.4751968383789 47.729133605957 48.9830703735352 49.9568328857422 50.8372077941895 51.7175788879395 52.5979499816895 53.4783248901367 54.3586959838867 55.2390670776367 55.9940986633301 56.3731079101562 56.7521133422852 57.1311225891113 57.5101280212402 57.8891372680664 58.2681427001953 58.6471481323242 58.6354217529297 58.4934501647949 58.3514823913574 58.2095108032227 58.0675392150879 57.9255676269531 57.7835960388184 57.8450775146484 58.5169105529785 59.1887435913086 59.8605766296387 60.532413482666 61.2042465209961 61.8760795593262 62.5479125976562 63.1160926818848 63.6497230529785 64.183349609375 64.7169799804688 65.2506103515625 65.7842407226562 66.3178634643555 66.9692153930664 67.9737396240234 68.9782638549805 69.9827880859375 70.9873123168945 71.991828918457
46.7807579040527 48.0728759765625 49.364990234375 50.3464698791504 51.2243995666504 52.1023330688477 52.9802627563477 53.8581962585449 54.7361259460449 55.6140556335449 56.3550109863281 56.6850433349609 57.0150756835938 57.3451042175293 57.6751365661621 58.0051651000977 58.3351974487305 58.665225982666 58.6643714904785 58.55322265625 58.4420700073242 58.3309211730957 58.2197685241699 58.1086196899414 57.9974708557129 58.0872993469238 58.7800750732422 59.4728507995605 60.1656265258789 60.8583984375 61.5511741638184 62.2439498901367 62.9367256164551 63.4649620056152 63.9383506774902 64.4117431640625 64.8851318359375 65.3585205078125 65.831916809082 66.305305480957 66.9144821166992 67.931037902832 68.9475860595703 69.9641342163086 70.9806900024414 71.9972381591797
46.8357543945312 48.1304092407227 49.4250640869141 50.4025917053223 51.2744140625 52.1462364196777 53.0180549621582 53.8898773193359 54.7616958618164 55.6335182189941 56.3672485351562 56.686710357666 57.0061721801758 57.3256340026855 57.6450958251953 57.9645576477051 58.2840194702148 58.6034812927246 58.6204109191895 58.5364990234375 58.4525871276855 58.3686752319336 58.2847633361816 58.200855255127 58.116943359375 58.2233619689941 58.9007835388184 59.5782051086426 60.2556228637695 60.9330444335938 61.610466003418 62.2878837585449 62.9653053283691 63.5152282714844 64.0226516723633 64.5300750732422 65.0374984741211 65.544921875 66.0523452758789 66.5597763061523 67.1886596679688 68.1819305419922 69.1752090454102 70.1684799194336 71.161750793457 72.1550216674805
46.6401863098145 47.9017372131348 49.1632881164551 50.1252059936523 50.987247467041 51.8492851257324 52.7113265991211 53.5733680725098 54.4354095458984 55.2974510192871 56.0308036804199 56.3781051635742 56.7254066467285 57.0727043151855 57.4200057983398 57.7673072814941 58.1146049499512 58.4619064331055 58.5035400390625 58.443286895752 58.3830299377441 58.3227767944336 58.262523651123 58.2022705078125 58.1420135498047 58.2532653808594 58.879035949707 59.5048065185547 60.1305732727051 60.7563438415527 61.3821144104004 62.007884979248 62.6336517333984 63.2668914794922 63.9026222229004 64.5383529663086 65.1740798950195 65.809814453125 66.4455413818359 67.0812683105469 67.7917404174805 68.726432800293 69.6611251831055 70.5958099365234 71.5305023193359 72.4651947021484
46.4446182250977 47.6730651855469 48.9015121459961 49.8478164672852 50.7000770568848 51.5523376464844 52.404598236084 53.2568588256836 54.1091232299805 54.9613838195801 55.6943626403809 56.0694999694824 56.4446411132812 56.8197784423828 57.1949157714844 57.5700531005859 57.9451942443848 58.3203315734863 58.3866691589355 58.3500709533691 58.3134765625 58.2768783569336 58.2402801513672 58.203685760498 58.1670875549316 58.2831687927246 58.8572883605957 59.4314079284668 60.0055274963379 60.5796432495117 61.1537628173828 61.7278823852539 62.302001953125 63.0185585021973 63.7825927734375 64.546630859375 65.310661315918 66.0746994018555 66.838737487793 67.6027679443359 68.3948211669922 69.2709274291992 70.1470413208008 71.0231475830078 71.8992538452148 72.7753601074219
46.2490539550781 47.444393157959 48.6397323608398 49.5704307556152 50.4129104614258 51.2553901672363 52.0978736877441 52.9403533935547 53.7828330993652 54.625316619873 55.3579216003418 55.7608985900879 56.163875579834 56.5668487548828 56.9698257446289 57.372802734375 57.7757797241211 58.1787567138672 58.2697982788086 58.2568588256836 58.2439193725586 58.2309799194336 58.2180404663086 58.2051010131836 58.1921577453613 58.3130722045898 58.8355407714844 59.3580093383789 59.8804779052734 60.402946472168 60.9254112243652 61.4478797912598 61.9703483581543 62.7702217102051 63.6625633239746 64.5549011230469 65.4472427368164 66.3395843505859 67.2319259643555 68.124267578125 68.9979095458984 69.8154296875 70.6329574584961 71.4504776000977 72.2680053710938 73.0855255126953
46.0534858703613 47.2157211303711 48.3779563903809 49.293041229248 50.1257438659668 50.9584426879883 51.791145324707 52.6238441467285 53.4565467834473 54.289249420166 55.0214767456055 55.4522933959961 55.8831062316895 56.3139228820801 56.7447395324707 57.1755523681641 57.6063690185547 58.0371856689453 58.1529273986816 58.1636428833008 58.1743621826172 58.1850776672363 58.1957969665527 58.2065162658691 58.2172317504883 58.3429756164551 58.813793182373 59.284610748291 59.755428314209 60.226245880127 60.6970634460449 61.1678810119629 61.6386985778809 62.5218887329102 63.5425338745117 64.5631790161133 65.5838241577148 66.6044769287109 67.6251220703125 68.6457672119141 69.6009902954102 70.3599319458008 71.1188735961914 71.8778076171875 72.6367492675781 73.3956909179688
45.8579177856445 46.9870491027832 48.1161804199219 49.0156517028809 49.8385734558105 50.6614952087402 51.4844169616699 52.3073387145996 53.1302604675293 53.953182220459 54.6850357055664 55.1436882019043 55.6023406982422 56.0609970092773 56.5196495056152 56.9783020019531 57.4369583129883 57.8956108093262 58.0360565185547 58.0704307556152 58.1048049926758 58.1391792297363 58.1735534667969 58.2079315185547 58.2423057556152 58.3728790283203 58.7920455932617 59.2112121582031 59.6303787231445 60.0495452880859 60.4687118530273 60.8878784179688 61.3070449829102 62.273551940918 63.4225044250488 64.5714569091797 65.7204055786133 66.8693618774414 68.018310546875 69.1672668457031 70.2040710449219 70.904426574707 71.6047897338867 72.3051452636719 73.005500793457 73.7058563232422
45.3729362487793 46.4853897094727 47.5978393554688 48.4800033569336 49.2854080200195 50.0908126831055 50.8962135314941 51.7016181945801 52.507022857666 53.312427520752 54.0376319885254 54.5222473144531 55.0068626403809 55.4914779663086 55.9760932922363 56.4607086181641 56.9453239440918 57.4299354553223 57.5630950927734 57.5791015625 57.5951080322266 57.6111145019531 57.6271209716797 57.6431274414062 57.6591377258301 57.7816886901855 58.223876953125 58.6660652160645 59.1082534790039 59.5504417419434 59.9926300048828 60.4348182678223 60.8770065307617 61.9211807250977 63.1660232543945 64.4108657836914 65.6557083129883 66.9005432128906 68.1453857421875 69.3902282714844 70.4992446899414 71.2007904052734 71.9023361206055 72.6038818359375 73.3054275512695 74.0069732666016
44.5985450744629 45.7107429504395 46.8229370117188 47.6860961914062 48.4662437438965 49.2463912963867 50.026538848877 50.8066902160645 51.5868377685547 52.3669853210449 53.0792694091797 53.5879707336426 54.0966682434082 54.6053695678711 55.1140670776367 55.6227645874023 56.1314659118652 56.6401634216309 56.7340507507324 56.6896629333496 56.6452751159668 56.600887298584 56.5564994812012 56.5121116638184 56.4677276611328 56.5694046020508 57.1092872619629 57.649169921875 58.1890487670898 58.728931427002 59.2688102722168 59.8086929321289 60.348575592041 61.4647789001465 62.7730903625488 64.0814056396484 65.3897171020508 66.6980285644531 68.0063400268555 69.3146514892578 70.4865112304688 71.2490158081055 72.0115203857422 72.7740173339844 73.5365219116211 74.2990264892578
43.8241577148438 44.9360961914062 46.0480346679688 46.8921890258789 47.6470832824707 48.4019737243652 49.1568641662598 49.9117584228516 50.6666488647461 51.4215431213379 52.120906829834 52.6536903381348 53.1864738464355 53.7192573547363 54.2520408630371 54.7848243713379 55.3176078796387 55.8503913879395 55.9050025939941 55.800220489502 55.695442199707 55.5906600952148 55.4858779907227 55.3810958862305 55.2763175964355 55.3571243286133 55.9946975708008 56.6322708129883 57.269847869873 57.9074211120605 58.544994354248 59.1825675964355 59.8201446533203 61.008373260498 62.3801574707031 63.7519416809082 65.1237258911133 66.4955139160156 67.8672943115234 69.2390823364258 70.4737854003906 71.2972412109375 72.1207046508789 72.9441604614258 73.7676162719727 74.5910797119141
43.0497665405273 44.161449432373 45.2731323242188 46.0982818603516 46.8279190063477 47.5575561523438 48.2871894836426 49.0168266296387 49.7464637756348 50.4761009216309 51.1625442504883 51.7194137573242 52.2762794494629 52.8331489562988 53.3900184631348 53.9468841552734 54.5037536621094 55.060619354248 55.0759544372559 54.9107818603516 54.74560546875 54.5804328918457 54.4152565002441 54.2500801086426 54.0849075317383 54.1448440551758 54.8801078796387 55.6153755187988 56.350643157959 57.0859107971191 57.8211784362793 58.5564460754395 59.2917137145996 60.5519714355469 61.9872283935547 63.4224815368652 64.8577423095703 66.2929916381836 67.7282485961914 69.1635055541992 70.461051940918 71.3454666137695 72.2298812866211 73.1143035888672 73.9987182617188 74.8831329345703
42.2753753662109 43.3868026733398 44.4982299804688 45.3043746948242 46.0087547302246 46.713134765625 47.4175148010254 48.121898651123 48.8262786865234 49.5306587219238 50.2041816711426 50.7851333618164 51.3660888671875 51.9470405578613 52.5279922485352 53.108943939209 53.6898956298828 54.2708473205566 54.2469100952148 54.0213394165039 53.7957725524902 53.5702018737793 53.3446350097656 53.1190643310547 52.893497467041 52.932559967041 53.7655220031738 54.5984802246094 55.4314422607422 56.2644004821777 57.0973625183105 57.9303207397461 58.7632827758789 60.0955696105957 61.594295501709 63.0930213928223 64.5917510986328 66.0904769897461 67.5892028808594 69.0879287719727 70.4483184814453 71.3936920166016 72.3390655517578 73.2844390869141 74.2298126220703 75.1751861572266
41.5009841918945 42.6121559143066 43.723331451416 44.5104675292969 45.1895904541016 45.8687171936035 46.5478401184082 47.2269668579102 47.9060935974121 48.5852165222168 49.2458190917969 49.8508567810059 50.4558944702148 51.0609283447266 51.6659660339355 52.2710037231445 52.8760375976562 53.4810752868652 53.4178619384766 53.1319007873535 52.8459396362305 52.5599746704102 52.2740135192871 51.9880485534668 51.7020874023438 51.7202796936035 52.6509323120117 53.5815849304199 54.5122375488281 55.4428901672363 56.3735466003418 57.30419921875 58.2348518371582 59.6391639709473 61.2013626098633 62.7635612487793 64.3257598876953 65.8879623413086 67.4501571655273 69.0123596191406 70.4355926513672 71.4419174194336 72.4482498168945 73.4545822143555 74.4609146118164 75.4672393798828
