data/working_set_collections/6091692-Cassins_Sparrow-M2/1995/eflux_avg.asc
NCOLS 265 
NROWS 230 
XLLCORNER -115.5625 
YLLCORNER 24.8333333333333 
CELLSIZE 0.0833333333333333 
NODATA_value -9999 
[rows 80 to 99 of 230, columns 138 to 183 of 265]
37.3245162963867 37.0242881774902 36.7240600585938 36.4238319396973 36.4304962158203 36.5394554138184 36.6484146118164 36.7573776245117 36.8663368225098 36.9752960205078 37.0842552185059 37.2749290466309 37.710750579834 38.1465721130371 38.5823936462402 39.0182151794434 39.4540367126465 39.8898582458496 40.3256797790527 40.801685333252 41.291088104248 41.7804908752441 42.269889831543 42.7592926025391 43.2486953735352 43.7380981445312 44.095272064209 44.0557708740234 44.0162658691406 43.9767646789551 43.9372634887695 43.8977584838867 43.8582572937012 43.8187522888184 44.0603332519531 44.3956108093262 44.7308883666992 45.0661659240723 45.4014434814453 45.7367172241211 46.0719947814941 46.4667701721191 47.0400352478027 47.6133041381836 48.1865692138672 48.759838104248
37.5798110961914 37.2814903259277 36.9831657409668 36.6848411560059 36.7020568847656 36.8244514465332 36.9468460083008 37.0692367553711 37.1916313171387 37.3140258789062 37.4364204406738 37.6333351135254 38.0538139343262 38.4742965698242 38.894775390625 39.3152542114258 39.7357330322266 40.1562156677246 40.5766944885254 41.0271415710449 41.4875831604004 41.9480209350586 42.4084587097168 42.868896484375 43.3293380737305 43.7897758483887 44.125415802002 44.0866584777832 44.0479011535645 44.0091438293457 43.970386505127 43.9316291809082 43.8928718566895 43.8541145324707 44.1055755615234 44.4537773132324 44.8019752502441 45.1501770019531 45.4983787536621 45.8465805053711 46.1947822570801 46.5959739685059 47.156135559082 47.7163009643555 48.2764625549316 48.8366279602051
37.8351058959961 37.538688659668 37.2422714233398 36.9458503723145 36.9736175537109 37.1094436645508 37.2452735900879 37.3810997009277 37.5169296264648 37.6527557373047 37.7885856628418 37.9917411804199 38.3968772888184 38.8020172119141 39.2071533203125 39.6122932434082 40.0174331665039 40.4225692749023 40.827709197998 41.2526016235352 41.6840744018555 42.115550994873 42.5470275878906 42.9785041809082 43.4099769592285 43.8414535522461 44.1555595397949 44.117546081543 44.079532623291 44.0415229797363 44.0035095214844 43.9654960632324 43.9274864196777 43.8894729614258 44.1508140563965 44.5119400024414 44.8730659484863 45.2341918945312 45.5953178405762 45.9564437866211 46.317569732666 46.7251777648926 47.2722358703613 47.8192977905273 48.3663558959961 48.9134140014648
38.090404510498 37.7958869934082 37.5013732910156 37.206859588623 37.2451782226562 37.3944396972656 37.543701171875 37.6929626464844 37.8422241210938 37.9914855957031 38.1407470703125 38.3501434326172 38.7399406433105 39.1297378540039 39.5195350646973 39.9093322753906 40.299129486084 40.6889266967773 41.0787239074707 41.4780578613281 41.8805694580078 42.2830810546875 42.6855964660645 43.0881080627441 43.4906196594238 43.8931312561035 44.1856994628906 44.1484336853027 44.1111679077148 44.0738983154297 44.0366325378418 43.9993667602539 43.962100982666 43.9248313903809 44.1960525512695 44.5701026916504 44.9441528320312 45.3182029724121 45.692253112793 46.0663032531738 46.4403533935547 46.8543815612793 47.3883361816406 47.922290802002 48.4562492370605 48.9902038574219
38.1447830200195 37.8499450683594 37.5551109313965 37.2602729797363 37.3095054626465 37.4734268188477 37.6373481750488 37.80126953125 37.9651908874512 38.1291122436523 38.2930335998535 38.5124931335449 38.8985633850098 39.2846336364746 39.6707077026367 40.0567779541016 40.4428520202637 40.8289222717285 41.2149963378906 41.5900840759277 41.9615097045898 42.332935333252 42.7043609619141 43.0757865905762 43.4472122192383 43.8186378479004 44.0897598266602 44.0599784851074 44.0301933288574 44.0004119873047 43.9706268310547 43.940845489502 43.9110641479492 43.8812789916992 44.1699600219727 44.5648002624512 44.9596366882324 45.3544731140137 45.7493133544922 46.1441497802734 46.5389862060547 46.9675407409668 47.4972496032715 48.0269546508789 48.5566635131836 49.086368560791
37.9982452392578 37.7008628845215 37.4034805297852 37.1060981750488 37.1666030883789 37.3464088439941 37.5262145996094 37.7060203552246 37.8858261108398 38.0656318664551 38.2454376220703 38.4787826538086 38.872745513916 39.2667083740234 39.6606712341309 40.0546340942383 40.4485969543457 40.8425598144531 41.2365226745605 41.5886764526367 41.9268913269043 42.2651062011719 42.6033210754395 42.941535949707 43.2797508239746 43.6179656982422 43.8677368164062 43.8521766662598 43.8366165161133 43.8210563659668 43.8054962158203 43.7899360656738 43.7743759155273 43.7588157653809 44.0725402832031 44.4960289001465 44.9195137023926 45.3430023193359 45.7664909362793 46.1899757385254 46.6134643554688 47.0646591186523 47.5989723205566 48.1332855224609 48.6675987243652 49.2019119262695
37.8517074584961 37.5517768859863 37.2518463134766 36.9519195556641 37.0237045288086 37.2193908691406 37.4150810241699 37.6107711791992 37.8064613342285 38.0021514892578 38.1978378295898 38.4450721740723 38.846923828125 39.248779296875 39.650634765625 40.0524864196777 40.4543418884277 40.8561973571777 41.2580528259277 41.5872688293457 41.8922729492188 42.1972770690918 42.5022811889648 42.8072853088379 43.1122894287109 43.417293548584 43.6457138061523 43.6443748474121 43.6430358886719 43.6417007446289 43.6403617858887 43.6390228271484 43.6376876831055 43.6363487243652 43.9751167297363 44.4272537231445 44.8793907165527 45.3315315246582 45.7836685180664 46.2358055114746 46.6879425048828 47.1617774963379 47.7006950378418 48.239616394043 48.7785377502441 49.317455291748
37.7051696777344 37.4026908874512 37.1002159118652 36.7977409362793 36.880802154541 37.0923728942871 37.3039474487305 37.5155220031738 37.7270965576172 37.9386711120605 38.1502418518066 38.4113616943359 38.8211059570312 39.2308502197266 39.6405982971191 40.0503425598145 40.4600868225098 40.8698348999023 41.2795791625977 41.5858612060547 41.8576545715332 42.1294479370117 42.4012413024902 42.6730346679688 42.9448280334473 43.2166213989258 43.4236869812012 43.4365730285645 43.4494590759277 43.4623413085938 43.475227355957 43.4881134033203 43.5009994506836 43.5138816833496 43.8776931762695 44.3584823608398 44.8392715454102 45.3200569152832 45.8008460998535 46.2816352844238 46.7624206542969 47.2588920593262 47.8024215698242 48.345947265625 48.8894729614258 49.4330024719238
37.5586318969727 37.2536087036133 36.9485855102539 36.6435623168945 36.7378997802734 36.9653587341309 37.192813873291 37.4202728271484 37.6477317810059 37.875186920166 38.1026458740234 38.3776512145996 38.7952880859375 39.2129249572754 39.6305618286133 40.0481986999512 40.4658355712891 40.883472442627 41.3011093139648 41.5844535827637 41.8230361938477 42.0616188049316 42.3002014160156 42.5387840270996 42.7773666381836 43.0159492492676 43.2016639709473 43.2287712097168 43.2558784484863 43.2829856872559 43.3100929260254 43.3372039794922 43.3643112182617 43.3914184570312 43.7802734375 44.2897109985352 44.7991485595703 45.3085861206055 45.8180236816406 46.3274612426758 46.8368988037109 47.3560104370117 47.9041442871094 48.452278137207 49.0004119873047 49.5485458374023
37.4120941162109 37.1045227050781 36.7969512939453 36.4893836975098 36.5949974060059 36.8383407592773 37.0816802978516 37.325023651123 37.5683670043945 37.8117065429688 38.0550498962402 38.3439407348633 38.7694664001465 39.194995880127 39.6205253601074 40.0460510253906 40.4715805053711 40.8971099853516 41.3226356506348 41.5830459594727 41.7884178161621 41.9937896728516 42.199161529541 42.4045333862305 42.6099052429199 42.8152770996094 42.9796409606934 43.0209693908691 43.0623016357422 43.103630065918 43.144962310791 43.1862907409668 43.2276229858398 43.2689514160156 43.6828498840332 44.2209396362305 44.7590255737305 45.2971153259277 45.8352012634277 46.373291015625 46.911376953125 47.4531288146973 48.0058670043945 48.5586090087891 49.1113471984863 49.6640892028809
37.2679481506348 36.944019317627 36.6200904846191 36.2961616516113 36.405948638916 36.6603050231934 36.914665222168 37.1690216064453 37.4233779907227 37.6777381896973 37.9320945739746 38.226993560791 38.6435165405273 39.0600357055664 39.4765586853027 39.8930816650391 40.3096046447754 40.7261238098145 41.1426467895508 41.3923950195312 41.5865478515625 41.7807006835938 41.974853515625 42.1690101623535 42.3631629943848 42.557315826416 42.7238655090332 42.8075942993164 42.8913269042969 42.9750595092773 43.0587882995605 43.142520904541 43.2262496948242 43.3099822998047 43.7466239929199 44.3009071350098 44.8551864624023 45.4094657897949 45.9637451171875 46.5180244445801 47.0723075866699 47.6262512207031 48.17919921875 48.7321434020996 49.2850914001465 49.8380393981934
37.1261940002441 36.7720947265625 36.4179954528809 36.0638999938965 36.1707534790039 36.4312553405762 36.6917610168457 36.9522666931152 37.2127723693848 37.473274230957 37.7337799072266 38.0268135070801 38.4174308776855 38.808048248291 39.1986694335938 39.5892868041992 39.9799041748047 40.3705215454102 40.7611427307129 41.0124931335449 41.2174224853516 41.4223480224609 41.6272773742676 41.8322067260742 42.0371360778809 42.2420616149902 42.4343376159668 42.5886459350586 42.7429580688477 42.8972663879395 43.0515785217285 43.2058906555176 43.3601989746094 43.5145111083984 43.9715995788574 44.529613494873 45.0876274108887 45.6456413269043 46.2036552429199 46.7616691589355 47.3196830749512 47.8753852844238 48.4241371154785 48.9728889465332 49.5216407775879 50.0703964233398
36.9844398498535 36.600170135498 36.2159042358398 35.8316345214844 35.9355583190918 36.2022094726562 36.4688606262207 36.7355117797852 37.0021629333496 37.2688140869141 37.5354652404785 37.8266334533691 38.1913452148438 38.5560607910156 38.9207763671875 39.2854919433594 39.6502075195312 40.0149192810059 40.3796348571777 40.6325912475586 40.8482933044434 41.0639991760254 41.2797012329102 41.4954032897949 41.7111053466797 41.9268112182617 42.1448097229004 42.3696975708008 42.5945892333984 42.8194770812988 43.0443687438965 43.2692565917969 43.4941482543945 43.7190361022949 44.1965713500977 44.7583198547363 45.320068359375 45.8818168640137 46.4435653686523 47.005313873291 47.5670623779297 48.1245155334473 48.669075012207 49.2136344909668 49.7581939697266 50.3027534484863
36.8426856994629 36.4282493591309 36.0138092041016 35.5993728637695 35.7003593444824 35.9731597900391 36.2459564208984 36.5187568664551 36.7915534973145 37.0643539428711 37.3371505737305 37.6264533996582 37.9652633666992 38.3040733337402 38.6428833007812 38.9816970825195 39.3205070495605 39.6593170166016 39.9981307983398 40.2526893615723 40.4791679382324 40.7056465148926 40.9321250915527 41.1585998535156 41.3850784301758 41.6115570068359 41.855281829834 42.1507530212402 42.4462203979492 42.7416877746582 43.0371589660645 43.3326263427734 43.6280937194824 43.9235649108887 44.4215431213379 44.9870262145996 45.5525093078613 46.117992401123 46.6834754943848 47.2489585876465 47.8144416809082 48.3736457824707 48.9140129089355 49.4543762207031 49.994743347168 50.5351104736328
36.7009315490723 36.2563247680664 35.8117179870605 35.3671073913574 35.4651641845703 35.7441101074219 36.0230560302734 36.302001953125 36.5809440612793 36.8598899841309 37.1388359069824 37.42626953125 37.7391777038574 38.0520858764648 38.3649940490723 38.6779022216797 38.9908065795898 39.3037147521973 39.6166229248047 39.8727874755859 40.1100425720215 40.3472938537598 40.584545135498 40.8218002319336 41.0590515136719 41.2963027954102 41.5657539367676 41.9318046569824 42.2978515625 42.6638984680176 43.0299453735352 43.39599609375 43.7620429992676 44.1280899047852 44.6465148925781 45.2157325744629 45.7849502563477 46.3541679382324 46.9233856201172 47.492603302002 48.0618209838867 48.6227760314941 49.1589469909668 49.6951217651367 50.2312927246094 50.7674674987793
36.5591773986816 36.084400177002 35.6096229553223 35.1348457336426 35.2299690246582 35.5150604248047 35.8001518249512 36.0852470397949 36.3703384399414 36.6554298400879 36.9405212402344 37.2260894775391 37.5130958557129 37.8000984191895 38.087100982666 38.3741073608398 38.6611099243164 38.948112487793 39.2351188659668 39.4928894042969 39.7409172058105 39.988941192627 40.2369689941406 40.4849967956543 40.733024597168 40.9810523986816 41.2762260437012 41.7128562927246 42.1494827270508 42.586109161377 43.0227355957031 43.4593620300293 43.8959922790527 44.3326187133789 44.8714866638184 45.4444389343262 46.017391204834 46.5903434753418 47.1632957458496 47.7362480163574 48.3092002868652 48.8719062805176 49.4038848876953 49.935863494873 50.467845916748 50.9998245239258
36.5341300964355 36.0740509033203 35.6139717102051 35.1538925170898 35.2371635437012 35.5015487670898 35.7659378051758 36.0303230285645 36.2947120666504 36.5590972900391 36.8234825134277 37.0919990539551 37.3729057312012 37.6538124084473 37.9347190856934 38.2156257629395 38.4965362548828 38.7774429321289 39.058349609375 39.3249282836914 39.5867347717285 39.8485412597656 40.1103439331055 40.3721504211426 40.6339569091797 40.8957633972168 41.2100372314453 41.6817245483398 42.1534080505371 42.6250953674316 43.0967788696289 43.5684623718262 44.0401496887207 44.511833190918 45.0601539611816 45.6340179443359 46.2078819274902 46.7817459106445 47.3556098937988 47.9294738769531 48.5033378601074 49.0694122314453 49.612117767334 50.1548233032227 50.6975326538086 51.2402381896973
36.6257820129395 36.2252731323242 35.824764251709 35.4242515563965 35.4867477416992 35.7035751342773 35.9204063415527 36.1372337341309 36.3540649414062 36.5708961486816 36.7877235412598 37.023998260498 37.3186149597168 37.6132316589355 37.9078483581543 38.202465057373 38.4970817565918 38.7916984558105 39.0863151550293 39.3689117431641 39.6474990844727 39.9260864257812 40.2046737670898 40.4832649230957 40.7618522644043 41.0404396057129 41.3671875 41.8384094238281 42.3096313476562 42.7808532714844 43.2520751953125 43.7232971191406 44.1945190429688 44.6657409667969 45.2125129699707 45.7844657897949 46.3564186096191 46.9283714294434 47.5003242492676 48.0722770690918 48.6442337036133 49.2152862548828 49.7836418151855 50.3520011901855 50.9203567504883 51.488712310791
36.7174377441406 36.3764953613281 36.0355529785156 35.6946105957031 35.736328125 35.9056015014648 36.0748748779297 36.2441482543945 36.4134178161621 36.582691192627 36.7519645690918 36.9560012817383 37.2643280029297 37.5726509094238 37.8809776306152 38.1893043518066 38.497631072998 38.8059577941895 39.1142845153809 39.4128952026367 39.7082633972168 40.0036354064941 40.2990036010742 40.5943756103516 40.8897476196289 41.185115814209 41.5243339538574 41.9950942993164 42.4658546447754 42.9366111755371 43.4073715209961 43.8781280517578 44.3488883972168 44.8196487426758 45.3648681640625 45.9349136352539 46.504955291748 47.0750007629395 47.6450424194336 48.2150840759277 48.7851295471191 49.3611640930176 49.9551696777344 50.5491752624512 51.143180847168 51.737190246582
36.8090934753418 36.527717590332 36.2463455200195 35.9649696350098 35.985912322998 36.1076278686523 36.2293434143066 36.3510589599609 36.4727745056152 36.5944900512695 36.7162055969238 36.8880004882812 37.2100372314453 37.5320701599121 37.8541069030762 38.1761436462402 38.4981803894043 38.8202171325684 39.1422538757324 39.4568748474121 39.7690277099609 40.0811805725098 40.3933334350586 40.7054901123047 41.0176429748535 41.3297958374023 41.6814842224121 42.1517791748047 42.6220741271973 43.0923690795898 43.5626678466797 44.0329627990723 44.5032577514648 44.9735527038574 45.5172271728516 46.0853614807129 46.653491973877 47.2216262817383 47.7897605895996 48.3578910827637 48.926025390625 49.5070381164551 50.1266937255859 50.7463493347168 51.3660087585449 51.9856643676758
