data/working_set_collections/6091692-Cassins_Sparrow-M2/1995/eflux_avg.asc
NCOLS 265 
NROWS 230 
XLLCORNER -115.5625 
YLLCORNER 24.8333333333333 
CELLSIZE 0.0833333333333333 
NODATA_value -9999 
[rows 200 to 219 of 230, columns 184 to 229 of 265]
34.8156051635742 35.2243270874023 35.6330451965332 36.7844314575195 38.1833724975586 39.5823173522949 40.981258392334 42.380199432373 43.7791442871094 45.1780853271484 46.4727401733398 47.4545249938965 48.4363098144531 49.418098449707 50.3998832702637 51.3816680908203 52.3634567260742 53.3452415466309 53.3474502563477 53.0231323242188 52.6988143920898 52.3745002746582 52.0501823425293 51.7258644104004 51.4015464782715 51.8735847473145 54.734691619873 57.5957984924316 60.4569053649902 63.3180122375488 66.1791152954102 69.0402221679688 -9999 -9999 82.8765106201172 -9999 -9999 -9999 -9999 -9999 -9999 -9999 -9999 -9999 -9999 -9999
33.9317359924316 34.4281997680664 34.9246635437012 36.1874504089355 37.7056770324707 39.2239074707031 40.7421340942383 42.2603645324707 43.7785911560059 45.2968215942383 46.6781158447266 47.6486206054688 48.6191215515137 49.5896263122559 50.5601272583008 51.530632019043 52.5011329650879 53.4716377258301 53.3614120483398 52.8909492492676 52.420482635498 51.9500160217285 51.4795532226562 51.0090866088867 50.5386199951172 50.9589920043945 54.051872253418 57.1447525024414 60.2376327514648 63.330509185791 66.4233932495117 69.5162734985352 72.6091537475586 -9999 -9999 -9999 -9999 -9999 -9999 -9999 -9999 -9999 -9999 -9999 -9999 -9999
33.0478668212891 33.6320724487305 34.2162818908691 35.5904693603516 37.2279815673828 38.8654975891113 40.5030136108398 42.1405258178711 43.7780418395996 45.4155540466309 46.8834953308105 47.842716217041 48.8019332885742 49.7611541748047 50.7203750610352 51.6795921325684 52.6388130187988 53.5980339050293 53.3753776550293 52.7587623596191 52.1421508789062 51.5255355834961 50.9089241027832 50.292308807373 49.6756935119629 50.0443992614746 53.3690528869629 56.6937026977539 60.0183563232422 63.3430099487305 66.6676635742188 69.992317199707 73.3169708251953 78.4005584716797 -9999 -9999 -9999 -9999 -9999 -9999 -9999 -9999 -9999 -9999 -9999 -9999
32.1639938354492 32.8359489440918 33.5079002380371 34.9934883117676 36.7502899169922 38.5070877075195 40.2638893127441 42.0206909179688 43.7774887084961 45.5342903137207 47.0888748168945 48.0368118286133 48.984748840332 49.9326820373535 50.8806190490723 51.828556060791 52.7764930725098 53.7244300842285 53.3893432617188 52.626579284668 51.8638191223145 51.1010551452637 50.3382949829102 49.5755310058594 48.8127708435059 49.1298027038574 52.6862297058105 56.2426567077637 59.7990837097168 63.3555107116699 66.9119338989258 70.4683609008789 74.024787902832 79.0939865112305 84.6674346923828 -9999 -9999 -9999 -9999 -9999 -9999 -9999 -9999 -9999 -9999 -9999
31.556266784668 32.2781944274902 33.0001220703125 34.5224266052246 36.3115272521973 38.1006278991699 39.8897285461426 41.6788291931152 43.4679260253906 45.2570266723633 46.8314514160156 47.761848449707 48.6922454833984 49.6226463317871 50.5530433654785 51.4834403991699 52.4138374328613 53.3442344665527 52.9734687805176 52.1689758300781 51.3644866943359 50.5599937438965 49.7555046081543 48.9510116577148 48.1465225219727 48.4444313049316 52.0495376586914 55.6546440124512 59.2597503662109 62.8648567199707 66.4699630737305 70.075065612793 73.68017578125 78.7623825073242 84.3369522094727 -9999 -9999 -9999 -9999 -9999 -9999 -9999 -9999 -9999 -9999 -9999
31.2246837615967 31.9588165283203 32.6929473876953 34.1772918701172 35.9117050170898 37.6461181640625 39.3805274963379 41.1149406433105 42.8493537902832 44.5837669372559 46.1112289428711 47.0178298950195 47.9244346618652 48.8310394287109 49.7376403808594 50.6442451477051 51.5508499145508 52.4574546813965 52.1277542114258 51.3859519958496 50.6441535949707 49.9023513793945 49.1605529785156 48.4187507629395 47.6769523620605 47.9882736206055 51.4589691162109 54.9296607971191 58.4003562927246 61.8710479736328 65.3417434692383 68.8124313354492 72.2831268310547 77.4057464599609 83.0790176391602 -9999 -9999 -9999 -9999 -9999 -9999 -9999 -9999 -9999 -9999 -9999
30.8930988311768 31.6394367218018 32.3857765197754 33.8321533203125 35.5118789672852 37.1916046142578 38.8713302612305 40.5510559082031 42.2307815551758 43.9105072021484 45.3910026550293 46.2738151550293 47.156623840332 48.0394325256348 48.9222412109375 49.8050498962402 50.6878623962402 51.570671081543 51.282039642334 50.6029319763184 49.9238204956055 49.2447128295898 48.565601348877 47.8864936828613 47.2073822021484 47.5321197509766 50.8684005737305 54.2046813964844 57.5409622192383 60.8772392272949 64.2135238647461 67.5497970581055 70.8860778808594 -9999 81.8210754394531 -9999 -9999 -9999 -9999 -9999 -9999 -9999 -9999 -9999 -9999 -9999
30.5615139007568 31.3200569152832 32.0786018371582 33.4870147705078 35.1120567321777 36.7370948791504 38.362133026123 39.9871711730957 41.6122093200684 43.237247467041 44.6707801818848 45.5297966003418 46.3888092041016 47.2478256225586 48.1068420410156 48.9658584594727 49.8248710632324 50.6838874816895 50.4363288879395 49.8199081420898 49.2034873962402 48.5870704650879 47.9706497192383 47.3542327880859 46.7378120422363 47.0759658813477 50.27783203125 53.4796981811523 56.6815643310547 59.8834342956543 63.0853004455566 66.2871704101562 69.4890365600586 74.6924896240234 -9999 -9999 -9999 -9999 -9999 -9999 -9999 -9999 -9999 -9999 -9999 -9999
30.2299289703369 31.0006790161133 31.7714290618896 33.1418800354004 34.712230682373 36.2825813293457 37.8529319763184 39.423282623291 40.9936370849609 42.5639877319336 43.9505577087402 44.7857780456543 45.6209983825684 46.4562187194824 47.2914390563965 48.1266632080078 48.9618835449219 49.7971038818359 49.5906143188477 49.0368843078613 48.4831581115723 47.9294281005859 47.3757019042969 46.8219718933105 46.2682418823242 46.6198120117188 49.6872634887695 52.7547187805176 55.8221702575684 58.8896255493164 61.9570808410645 65.0245361328125 68.0919876098633 73.3358612060547 79.3051986694336 -9999 -9999 -9999 -9999 -9999 -9999 -9999 -9999 -9999 -9999 -9999
29.8983459472656 30.6812992095947 31.4642543792725 32.7967414855957 34.3124046325684 35.8280715942383 37.3437347412109 38.8593978881836 40.3750648498535 41.8907279968262 43.2303314208984 44.0417594909668 44.8531875610352 45.6646118164062 46.4760398864746 47.287467956543 48.0988960266113 48.9103202819824 48.7448997497559 48.2538642883301 47.762825012207 47.271785736084 46.7807502746582 46.2897109985352 45.7986755371094 46.1636543273926 49.0966949462891 52.0297355651855 54.962776184082 57.8958168029785 60.828857421875 63.7618980407715 66.694938659668 71.9792251586914 78.0472640991211 84.1153030395508 -9999 -9999 -9999 -9999 -9999 -9999 -9999 -9999 -9999 -9999
29.792085647583 30.5963268280029 31.4005699157715 32.682975769043 34.1247711181641 35.5665702819824 37.0083656311035 38.4501609802246 39.8919563293457 41.3337516784668 42.6205215454102 43.4422187805176 44.263916015625 45.0856094360352 45.9073066711426 46.7290000915527 47.5506973266602 48.3723907470703 48.2300186157227 47.7662887573242 47.3025588989258 46.8388252258301 46.3750953674316 45.9113655090332 45.4476356506348 45.7780952453613 48.4911308288574 51.2041702270508 53.9172058105469 56.630241394043 59.3432807922363 62.0563163757324 64.7693557739258 70.1432800292969 76.404167175293 82.6650543212891 -9999 -9999 -9999 -9999 -9999 -9999 -9999 -9999 -9999 -9999
29.9111518859863 30.7457618713379 31.5803718566895 32.8005828857422 34.1493301391602 35.4980773925781 36.8468246459961 38.1955718994141 39.5443153381348 40.8930625915527 42.1211280822754 42.9871559143066 43.8531837463379 44.7192115783691 45.5852355957031 46.4512634277344 47.3172912597656 48.1833152770996 48.0459671020508 47.574161529541 47.102352142334 46.6305465698242 46.1587409973145 45.6869316101074 45.2151260375977 45.4631309509277 47.8705711364746 50.2780151367188 52.6854553222656 55.0928993225098 57.5003395080566 59.9077796936035 62.3152236938477 67.828010559082 74.3759078979492 80.9238052368164 87.4717025756836 -9999 -9999 -9999 -9999 -9999 -9999 -9999 -9999 -9999
30.0302181243896 30.8951969146729 31.7601737976074 32.9181900024414 34.1738891601562 35.4295845031738 36.6852836608887 37.9409790039062 39.1966781616211 40.4523735046387 41.6217346191406 42.5320930480957 43.4424514770508 44.3528099060059 45.2631683349609 46.173526763916 47.0838813781738 47.9942398071289 47.8619194030762 47.3820343017578 46.9021492004395 46.4222679138184 45.9423828125 45.4625015258789 44.9826164245605 45.1481666564941 47.2500114440918 49.3518600463867 51.4537086486816 53.5555534362793 55.6574020385742 57.7592468261719 59.8610954284668 65.5127410888672 72.3476486206055 79.1825561523438 86.0174713134766 92.8523788452148 -9999 -9999 -9999 -9999 -9999 -9999 -9999 -9999
30.1492862701416 31.0446300506592 31.9399757385254 33.0357971191406 34.1984443664551 35.3610916137695 36.5237426757812 37.6863899230957 38.8490371704102 40.0116844177246 41.1223411560059 42.0770301818848 43.0317192077637 43.9864082336426 44.9410972595215 45.8957862854004 46.8504753112793 47.8051643371582 47.6778678894043 47.1899070739746 46.7019462585449 46.2139892578125 45.7260284423828 45.2380676269531 44.7501068115234 44.8332023620605 46.629451751709 48.4257049560547 50.2219581604004 52.0182075500488 53.8144607543945 55.6107139587402 57.4069633483887 63.1974678039551 70.3193893432617 77.4413070678711 84.563232421875 -9999 -9999 -9999 -9999 -9999 -9999 -9999 -9999 -9999
30.2683525085449 31.1940650939941 32.1197776794434 33.1534042358398 34.2230033874512 35.2926025390625 36.3622016906738 37.4317970275879 38.5013961791992 39.5709953308105 40.6229476928711 41.6219673156738 42.6209869384766 43.6200103759766 44.6190299987793 45.618049621582 46.6170692443848 47.6160888671875 47.4938163757324 46.9977798461914 46.5017433166504 46.0057067871094 45.5096702575684 45.0136375427246 44.5176010131836 44.518238067627 46.0088920593262 47.4995498657227 48.9902076721191 50.4808654785156 51.9715232849121 53.4621772766113 54.9528350830078 60.8821983337402 68.291130065918 75.700065612793 83.1089935302734 -9999 -9999 -9999 -9999 -9999 -9999 -9999 -9999 -9999
30.3874187469482 31.3435001373291 32.2995796203613 33.2710113525391 34.2475624084473 35.2241096496582 36.2006607055664 37.1772079467773 38.1537551879883 39.1303062438965 40.1235542297363 41.1669044494629 42.2102584838867 43.2536087036133 44.2969589233398 45.3403091430664 46.3836631774902 47.4270133972168 47.3097648620605 46.8056526184082 46.3015403747559 45.7974281311035 45.2933158874512 44.7892036437988 44.2850914001465 44.2032737731934 45.3883323669434 46.5733947753906 47.7584571838379 48.9435195922852 50.1285820007324 51.3136444091797 52.498706817627 58.5669288635254 66.2628707885742 73.9588165283203 81.6547546386719 89.350700378418 -9999 -9999 -9999 -9999 -9999 -9999 -9999 -9999
30.5310611724854 31.5239753723145 32.5168914794922 33.446231842041 34.3543853759766 35.2625350952148 36.1706886291504 37.0788383483887 37.9869918823242 38.8951416015625 39.8386116027832 40.8880348205566 41.9374618530273 42.9868850708008 44.0363082885742 45.0857315063477 46.1351585388184 47.1845817565918 47.0664558410645 46.5591506958008 46.0518417358398 45.5445327758789 45.037223815918 44.5299186706543 44.0226097106934 43.9601211547852 45.2320899963379 46.5040588378906 47.7760276794434 49.0480003356934 50.3199691772461 51.5919380187988 52.8639068603516 58.9600715637207 66.6642990112305 74.3685302734375 82.07275390625 89.776985168457 -9999 -9999 -9999 -9999 -9999 -9999 -9999 -9999
30.6992816925049 31.7354946136475 32.7717094421387 33.679069519043 34.5434761047363 35.4078788757324 36.2722854614258 37.1366920471191 38.0010986328125 38.8655052185059 39.7681198120117 40.7853584289551 41.8025970458984 42.8198394775391 43.8370780944824 44.8543167114258 45.8715553283691 46.8887939453125 46.7638893127441 46.2582664489746 45.7526435852051 45.2470207214355 44.741397857666 44.2357788085938 43.7301559448242 43.7887840270996 45.5401611328125 47.2915420532227 49.0429191589355 50.7943000793457 52.5456809997559 54.2970581054688 56.0484390258789 62.0616226196289 69.4954147338867 76.92919921875 84.3629913330078 91.7967758178711 -9999 -9999 -9999 -9999 -9999 -9999 -9999 -9999
30.8675003051758 31.9470157623291 33.0265274047852 33.9119033813477 34.7325630187988 35.5532264709473 36.3738861083984 37.1945457458496 38.015209197998 38.8358688354492 39.6976280212402 40.6826820373535 41.6677360534668 42.6527900695801 43.6378440856934 44.6228981018066 45.6079521179199 46.5930061340332 46.4613189697266 45.9573822021484 45.4534454345703 44.9495086669922 44.4455757141113 43.9416389465332 43.4377021789551 43.6174468994141 45.8482360839844 48.0790252685547 50.3098106384277 52.540599822998 54.7713890075684 57.0021781921387 59.232967376709 65.1631774902344 72.3265228271484 79.489875793457 86.6532211303711 93.8165664672852 -9999 -9999 -9999 -9999 -9999 -9999 -9999 -9999
31.0357208251953 32.1585350036621 33.2813491821289 34.1447372436523 34.9216537475586 35.6985702514648 36.4754867553711 37.2523994445801 38.0293159484863 38.8062324523926 39.6271362304688 40.580005645752 41.5328750610352 42.4857444763184 43.4386138916016 44.3914833068848 45.344352722168 46.2972221374512 46.1587524414062 45.6565017700195 45.1542510986328 44.6520004272461 44.1497497558594 43.6474990844727 43.1452484130859 43.4461097717285 46.156307220459 48.8665046691895 51.5767021179199 54.2869033813477 56.9971008300781 59.7072982788086 62.4174957275391 68.2647247314453 75.1576385498047 82.0505447387695 88.9434509277344 -9999 -9999 -9999 -9999 -9999 -9999 -9999 -9999 -9999
