data/working_set_collections/6091692-Cassins_Sparrow-M2/1995/evland_avg.asc
NCOLS 265 
NROWS 230 
XLLCORNER -115.5625 
YLLCORNER 24.8333333333333 
CELLSIZE 0.0833333333333333 
NODATA_value -9999 
[rows 36 to 53 of 230, columns 0 to 40 of 265]
1.45352096296847e-05 1.41165655804798e-05 1.36979206217802e-05 1.32792765725753e-05 1.28606316138757e-05 1.24419875646709e-05 1.20233426059713e-05 1.16581159090856e-05 1.13106952994713e-05 1.09632737803622e-05 1.06158531707479e-05 1.02684316516388e-05 9.92101104202447e-06 9.57359043241013e-06 9.29303314478602e-06 9.21306673262734e-06 9.13310032046866e-06 9.05313390830997e-06 8.97316749615129e-06 8.89320199348731e-06 8.81323558132863e-06 8.73326916916994e-06 8.83958637132309e-06 9.00799750525039e-06 9.17640863917768e-06 9.34481977310497e-06 9.51323090703227e-06 9.68164204095956e-06 9.85005317488685e-06 1.01035975603736e-05 1.06125426100334e-05 1.11214867501985e-05 1.16304317998583e-05 1.21393759400235e-05 1.26483209896833e-05 1.31572651298484e-05 1.36662101795082e-05 1.41694927151548e-05 1.46708889587899e-05 1.51722842929303e-05 1.56736805365654e-05
1.43641018439666e-05 1.39773455885006e-05 1.35905884235399e-05 1.32038321680739e-05 1.28170759126078e-05 1.24303196571418e-05 1.20435634016758e-05 1.16821756819263e-05 1.13292453534086e-05 1.09763150248909e-05 1.06233846963733e-05 1.02704543678556e-05 9.91752403933788e-06 9.56459371082019e-06 9.28193458094029e-06 9.21009086596314e-06 9.13824624149129e-06 9.06640161701944e-06 8.99455699254759e-06 8.92271236807574e-06 8.85086865309859e-06 8.77902402862674e-06 8.8901206254377e-06 9.06219793250784e-06 9.23427523957798e-06 9.40635163715342e-06 9.57842894422356e-06 9.7505062512937e-06 9.92258355836384e-06 1.01766754596611e-05 1.06768111436395e-05 1.11769468276179e-05 1.16770825115964e-05 1.21772181955748e-05 1.26773538795533e-05 1.31774895635317e-05 1.36776252475102e-05 1.4162813386065e-05 1.4643017493654e-05 1.51232225107378e-05 1.56034275278216e-05
1.41929940582486e-05 1.38381255965214e-05 1.34832571347943e-05 1.31283886730671e-05 1.27735202113399e-05 1.24186517496128e-05 1.20637832878856e-05 1.17062363642617e-05 1.13477963168407e-05 1.09893571789144e-05 1.06309171314933e-05 1.02724770840723e-05 9.91403703665128e-06 9.55559698923025e-06 9.27083692658925e-06 9.20711408980424e-06 9.14339125301922e-06 9.0796693257289e-06 9.01594648894388e-06 8.95222365215886e-06 8.88850172486855e-06 8.82477888808353e-06 8.94065487955231e-06 9.1163983597653e-06 9.29214183997829e-06 9.46788441069657e-06 9.64362789090956e-06 9.81937046162784e-06 9.99511394184083e-06 1.02497524494538e-05 1.07410796772456e-05 1.12324069050374e-05 1.17237341328291e-05 1.22150604511262e-05 1.2706387678918e-05 1.31977149067097e-05 1.36890412250068e-05 1.41561331474804e-05 1.46151469380129e-05 1.50741607285454e-05 1.55331745190779e-05
1.40218853630358e-05 1.36989056045422e-05 1.33759249365539e-05 1.30529442685656e-05 1.2729964510072e-05 1.24069838420837e-05 1.20840040835901e-05 1.17302970465971e-05 1.13663472802727e-05 1.10023984234431e-05 1.06384486571187e-05 1.0274499800289e-05 9.91055003396468e-06 9.54660117713502e-06 9.25973927223822e-06 9.20413822314003e-06 9.14853717404185e-06 9.09293612494366e-06 9.03733598534018e-06 8.98173493624199e-06 8.9261338871438e-06 8.87053374754032e-06 8.99119004316162e-06 9.17059878702275e-06 9.35000844037859e-06 9.52941718423972e-06 9.70882592810085e-06 9.88823467196198e-06 1.00676443253178e-05 1.03228303487413e-05 1.08053482108517e-05 1.12878669824568e-05 1.17703848445672e-05 1.22529027066776e-05 1.27354214782827e-05 1.32179393403931e-05 1.37004572025035e-05 1.41494538183906e-05 1.45872763823718e-05 1.5025098946353e-05 1.54629215103341e-05
1.38507775773178e-05 1.3559685612563e-05 1.32685927383136e-05 1.29775007735589e-05 1.26864088088041e-05 1.23953159345547e-05 1.21042239697999e-05 1.17543568194378e-05 1.13848982437048e-05 1.10154396679718e-05 1.06459810922388e-05 1.02765225165058e-05 9.90706303127808e-06 9.53760445554508e-06 9.24864070839249e-06 9.20116235647583e-06 9.15368309506448e-06 9.10620383365313e-06 9.05872548173647e-06 9.01124622032512e-06 8.96376695891377e-06 8.91628769750241e-06 9.04172429727623e-06 9.22479921428021e-06 9.40787413128419e-06 9.59094904828817e-06 9.77402487478685e-06 9.95709979179082e-06 1.01401747087948e-05 1.03959082480287e-05 1.08696176539524e-05 1.13433270598762e-05 1.18170355563052e-05 1.22907449622289e-05 1.27644543681527e-05 1.32381637740764e-05 1.37118731800001e-05 1.41427744893008e-05 1.45594058267307e-05 1.49760371641605e-05 1.53926685015904e-05
1.36796697915997e-05 1.34204656205839e-05 1.3161261449568e-05 1.29020572785521e-05 1.26428531075362e-05 1.23836489365203e-05 1.21244447655044e-05 1.17784175017732e-05 1.14034492071369e-05 1.10284809125005e-05 1.06535126178642e-05 1.02785443232278e-05 9.90357693808619e-06 9.52860864344984e-06 9.23754305404145e-06 9.19818558031693e-06 9.15882901608711e-06 9.11947154236259e-06 9.08011406863807e-06 9.04075750440825e-06 9.00140003068373e-06 8.9620425569592e-06 9.09225946088554e-06 9.27900055103237e-06 9.46574073168449e-06 9.65248182183132e-06 9.83922291197814e-06 1.0025964002125e-05 1.02127050922718e-05 1.04689852378215e-05 1.09338861875585e-05 1.13987862278009e-05 1.18636871775379e-05 1.23285872177803e-05 1.27934881675174e-05 1.32583882077597e-05 1.37232891574968e-05 1.41360942507163e-05 1.45315352710895e-05 1.49269753819681e-05 1.53224154928466e-05
1.34655101646786e-05 1.32426375785144e-05 1.30197649923502e-05 1.27968924061861e-05 1.25740198200219e-05 1.23511472338578e-05 1.21282746476936e-05 1.17972667794675e-05 1.14302138172206e-05 1.10631617644685e-05 1.06961088022217e-05 1.03290558399749e-05 9.96200287772808e-06 9.59495082497597e-06 9.30952865019208e-06 9.26900065678637e-06 9.22847175388597e-06 9.18794285098556e-06 9.14741394808516e-06 9.10688595467946e-06 9.06635705177905e-06 9.02582814887865e-06 9.15397777134785e-06 9.33835326577537e-06 9.52272966969758e-06 9.7071051641251e-06 9.89148065855261e-06 1.00758570624748e-05 1.02602325569023e-05 1.05124090623576e-05 1.09679886008962e-05 1.14235681394348e-05 1.18791476779734e-05 1.2334727216512e-05 1.27903067550506e-05 1.32458862935891e-05 1.37014658321277e-05 1.41040636663092e-05 1.4489000022877e-05 1.48739372889395e-05 1.5258874555002e-05
1.32083005155437e-05 1.30262033053441e-05 1.28441051856498e-05 1.26620070659555e-05 1.2479909855756e-05 1.22978117360617e-05 1.21157145258621e-05 1.18109055620153e-05 1.14651929834508e-05 1.11194813143811e-05 1.07737687358167e-05 1.04280561572523e-05 1.00823435786879e-05 9.73663100012345e-06 9.46459840633906e-06 9.41360485740006e-06 9.36261130846106e-06 9.31161866901675e-06 9.26062512007775e-06 9.20963157113874e-06 9.15863802219974e-06 9.10764447326073e-06 9.22688104765257e-06 9.40286008699331e-06 9.57884003582876e-06 9.75481907516951e-06 9.93079902400495e-06 1.01067780633457e-05 1.02827580121811e-05 1.05261788121425e-05 1.09719248939655e-05 1.14176718852832e-05 1.18634179671062e-05 1.23091640489292e-05 1.27549101307523e-05 1.32006562125753e-05 1.3646403203893e-05 1.40466800075956e-05 1.44318009915878e-05 1.481692197558e-05 1.52020429595723e-05
1.29510908664088e-05 1.28097681226791e-05 1.26684453789494e-05 1.25271226352197e-05 1.238579989149e-05 1.22444771477603e-05 1.21031544040306e-05 1.1824544344563e-05 1.1500172149681e-05 1.1175799954799e-05 1.08514286694117e-05 1.05270564745297e-05 1.02026842796477e-05 9.87831208476564e-06 9.61966816248605e-06 9.55820996750845e-06 9.49675177253084e-06 9.43529357755324e-06 9.37383538257563e-06 9.31237718759803e-06 9.25091899262043e-06 9.18946079764282e-06 9.29978341446258e-06 9.46736690821126e-06 9.63495040195994e-06 9.80253298621392e-06 9.9701164799626e-06 1.01376999737113e-05 1.03052825579653e-05 1.05399485619273e-05 1.09758611870348e-05 1.14117747216369e-05 1.18476882562391e-05 1.22836008813465e-05 1.27195144159487e-05 1.31554270410561e-05 1.35913405756583e-05 1.39892972583766e-05 1.43746019602986e-05 1.47599066622206e-05 1.51452113641426e-05
1.26938812172739e-05 1.25933329400141e-05 1.2492785572249e-05 1.23922372949892e-05 1.22916899272241e-05 1.21911416499643e-05 1.20905942821992e-05 1.18381831271108e-05 1.15351513159112e-05 1.12321195047116e-05 1.0929087693512e-05 1.06260558823124e-05 1.03230240711127e-05 1.00199922599131e-05 9.77473791863304e-06 9.70281507761683e-06 9.63089223660063e-06 9.55896939558443e-06 9.48704564507352e-06 9.41512280405732e-06 9.34319996304112e-06 9.27127712202491e-06 9.3726866907673e-06 9.53187281993451e-06 9.69105985859642e-06 9.85024689725833e-06 1.00094339359202e-05 1.01686209745822e-05 1.03278080132441e-05 1.05537183117121e-05 1.09797983895987e-05 1.14058775579906e-05 1.18319576358772e-05 1.22580377137638e-05 1.26841177916504e-05 1.31101978695369e-05 1.35362779474235e-05 1.39319145091577e-05 1.43174029290094e-05 1.47028913488612e-05 1.50883806782076e-05
1.2436671568139e-05 1.23768986668438e-05 1.23171257655486e-05 1.22573528642533e-05 1.21975799629581e-05 1.21378070616629e-05 1.20780341603677e-05 1.18518219096586e-05 1.15701304821414e-05 1.12884390546242e-05 1.1006747627107e-05 1.07250561995897e-05 1.04433647720725e-05 1.01616733445553e-05 9.92980767478002e-06 9.84742018772522e-06 9.76503179117572e-06 9.68264430412091e-06 9.60025681706611e-06 9.51786842051661e-06 9.4354809334618e-06 9.353093446407e-06 9.44558905757731e-06 9.59637964115245e-06 9.7471702247276e-06 9.89796080830274e-06 1.00487513918779e-05 1.01995428849477e-05 1.03503334685229e-05 1.0567488061497e-05 1.0983734682668e-05 1.1399981303839e-05 1.181622792501e-05 1.2232474546181e-05 1.2648721167352e-05 1.30649677885231e-05 1.34812144096941e-05 1.3874530850444e-05 1.42602038977202e-05 1.46458760355017e-05 1.50315490827779e-05
1.21794610095094e-05 1.21604634841788e-05 1.21414659588481e-05 1.21224675240228e-05 1.21034699986922e-05 1.20844715638668e-05 1.20654740385362e-05 1.18654616017011e-05 1.16051096483716e-05 1.13447586045368e-05 1.10844075607019e-05 1.08240565168671e-05 1.05637054730323e-05 1.03033544291975e-05 1.0084877430927e-05 9.99202529783361e-06 9.8991722552455e-06 9.8063201221521e-06 9.713467079564e-06 9.6206149464706e-06 9.52776190388249e-06 9.43490886129439e-06 9.51849233388202e-06 9.6608864623704e-06 9.80328059085878e-06 9.94567471934715e-06 1.00880697573302e-05 1.02304638858186e-05 1.0372858014307e-05 1.05812578112818e-05 1.09876709757373e-05 1.13940841401927e-05 1.18004982141429e-05 1.22069113785983e-05 1.26133254525485e-05 1.30197386170039e-05 1.34261517814593e-05 1.3817148101225e-05 1.4203004866431e-05 1.4588861631637e-05 1.49747174873482e-05
1.19285523396684e-05 1.19441756396554e-05 1.19597998491372e-05 1.19754231491243e-05 1.1991047358606e-05 1.20066706585931e-05 1.20222939585801e-05 1.18474845294259e-05 1.16091969175613e-05 1.13709093056968e-05 1.1132622603327e-05 1.08943349914625e-05 1.0656047379598e-05 1.04177597677335e-05 1.02147023426369e-05 1.01173345683492e-05 1.00199667940615e-05 9.92259901977377e-06 9.82523124548607e-06 9.72786347119836e-06 9.63049569691066e-06 9.53312883211765e-06 9.6097928690142e-06 9.74446811596863e-06 9.87914336292306e-06 1.00138186098775e-05 1.01484938568319e-05 1.02831691037863e-05 1.04178443507408e-05 1.06166462501278e-05 1.10078290163074e-05 1.13990126919816e-05 1.17901954581612e-05 1.21813782243407e-05 1.25725609905203e-05 1.29637437566998e-05 1.33549265228794e-05 1.37434071803e-05 1.41309865284711e-05 1.45185667861369e-05 1.49061461343081e-05
1.16839437396266e-05 1.17280360427685e-05 1.17721274364158e-05 1.18162197395577e-05 1.1860311133205e-05 1.19044034363469e-05 1.19484948299942e-05 1.17978925118223e-05 1.15823922897107e-05 1.13668920675991e-05 1.11513918454875e-05 1.09358907138812e-05 1.07203904917696e-05 1.05048902696581e-05 1.03192815004149e-05 1.02233489087666e-05 1.01274154076236e-05 1.00314828159753e-05 9.93554931483231e-06 9.83961672318401e-06 9.743683222041e-06 9.64775063039269e-06 9.71949248196324e-06 9.84712551144185e-06 9.97475854092045e-06 1.0102391570399e-05 1.02300245998777e-05 1.03576576293563e-05 1.04852915683296e-05 1.06736551970243e-05 1.1044209713873e-05 1.14147642307216e-05 1.17853187475703e-05 1.21558741739136e-05 1.25264286907623e-05 1.28969832076109e-05 1.32675386339542e-05 1.36533080876688e-05 1.40441497933352e-05 1.44349924084963e-05 1.48258341141627e-05
1.14393351395847e-05 1.15118955363869e-05 1.15844550236943e-05 1.16570154204965e-05 1.17295758172986e-05 1.18021353046061e-05 1.18746957014082e-05 1.17483004942187e-05 1.155558766186e-05 1.13628739200067e-05 1.1170161087648e-05 1.09774473457946e-05 1.07847336039413e-05 1.05920207715826e-05 1.0423860658193e-05 1.03293623396894e-05 1.02348640211858e-05 1.01403657026822e-05 1.00458673841786e-05 9.95136906567495e-06 9.85687074717134e-06 9.76237242866773e-06 9.82919118541759e-06 9.94978290691506e-06 1.00703737189178e-05 1.01909645309206e-05 1.03115562524181e-05 1.04321470644209e-05 1.05527378764236e-05 1.07306632344262e-05 1.10805895019439e-05 1.14305166789563e-05 1.17804429464741e-05 1.21303701234865e-05 1.24802963910042e-05 1.28302235680167e-05 1.31801498355344e-05 1.35632099045324e-05 1.39573139676941e-05 1.43514180308557e-05 1.47455220940174e-05
1.11947274490376e-05 1.12957550300052e-05 1.13967835204676e-05 1.14978120109299e-05 1.15988395918976e-05 1.16998680823599e-05 1.18008965728222e-05 1.16987084766151e-05 1.15287821245147e-05 1.13588557724142e-05 1.11889303298085e-05 1.10190039777081e-05 1.08490776256076e-05 1.06791512735072e-05 1.05284407254658e-05 1.04353766801069e-05 1.03423135442426e-05 1.02492494988837e-05 1.01561854535248e-05 1.00631223176606e-05 9.97005827230169e-06 9.87699422694277e-06 9.93889079836663e-06 1.00524393928936e-05 1.01659888969152e-05 1.02795374914422e-05 1.03930869954638e-05 1.05066355899908e-05 1.06201850940124e-05 1.0787671271828e-05 1.11169701995095e-05 1.14462682176963e-05 1.17755671453779e-05 1.21048660730594e-05 1.24341640912462e-05 1.27634630189277e-05 1.30927619466092e-05 1.34731108119013e-05 1.38704772325582e-05 1.42678436532151e-05 1.46652091643773e-05
1.09501188489958e-05 1.10796145236236e-05 1.12091111077461e-05 1.13386076918687e-05 1.14681042759912e-05 1.15976008601137e-05 1.17270965347416e-05 1.16491164590116e-05 1.1501977496664e-05 1.13548385343165e-05 1.1207699571969e-05 1.10605597001268e-05 1.09134207377792e-05 1.07662817754317e-05 1.06330198832438e-05 1.05413910205243e-05 1.04497621578048e-05 1.03581332950853e-05 1.02665035228711e-05 1.01748746601515e-05 1.0083245797432e-05 9.99161693471251e-06 1.0048589501821e-05 1.01550967883668e-05 1.02616040749126e-05 1.03681104519637e-05 1.04746177385096e-05 1.05811250250554e-05 1.06876314021065e-05 1.08446793092298e-05 1.11533499875804e-05 1.1462020665931e-05 1.17706913442817e-05 1.20793620226323e-05 1.23880327009829e-05 1.26967024698388e-05 1.30053731481894e-05 1.33830126287648e-05 1.37836404974223e-05 1.41842692755745e-05 1.45848971442319e-05
1.07055102489539e-05 1.08634749267367e-05 1.10214396045194e-05 1.11794033728074e-05 1.13373680505902e-05 1.14953327283729e-05 1.16532974061556e-05 1.1599524441408e-05 1.14751728688134e-05 1.13508203867241e-05 1.12264688141295e-05 1.11021163320402e-05 1.09777638499509e-05 1.08534122773563e-05 1.07375999505166e-05 1.06474053609418e-05 1.0557210771367e-05 1.04670161817921e-05 1.03768215922173e-05 1.02866279121372e-05 1.01964333225624e-05 1.01062387329875e-05 1.015828911477e-05 1.025775418384e-05 1.035721925291e-05 1.04566834124853e-05 1.05561484815553e-05 1.06556135506253e-05 1.07550786196953e-05 1.09016882561264e-05 1.11897306851461e-05 1.14777731141658e-05 1.17658155431855e-05 1.20538579722052e-05 1.23419004012248e-05 1.26299428302445e-05 1.29179852592642e-05 1.32929135361337e-05 1.36968037622864e-05 1.41006948979339e-05 1.45045851240866e-05
