data/working_set_collections/6091692-Cassins_Sparrow-M2/1995/evland_avg.asc
NCOLS 265 
NROWS 230 
XLLCORNER -115.5625 
YLLCORNER 24.8333333333333 
CELLSIZE 0.0833333333333333 
NODATA_value -9999 
[rows 54 to 71 of 230, columns 41 to 81 of 265]
1.47748714880436e-05 1.51535305121797e-05 1.55321904458106e-05 1.58373277372448e-05 1.59219016495626e-05 1.60064755618805e-05 1.6091047655209e-05 1.61756215675268e-05 1.62601954798447e-05 1.63447693921626e-05 1.64293433044804e-05 1.60690160555532e-05 1.55603884195443e-05 1.50517616930301e-05 1.45431349665159e-05 1.40345082400017e-05 1.35258815134875e-05 1.30172547869734e-05 1.25450706036645e-05 1.21822158689611e-05 1.18193611342576e-05 1.14565063995542e-05 1.10936516648508e-05 1.07307969301473e-05 1.03679421954439e-05 1.00050874607405e-05 9.95066693576518e-06 9.99905751086771e-06 1.00474480859702e-05 1.00958395705675e-05 1.014423014567e-05 1.01926207207725e-05 1.02410112958751e-05 1.03849451988935e-05 1.08155072666705e-05 1.12460693344474e-05 1.16766314022243e-05 1.21071934700012e-05 1.25377555377781e-05 1.29683176055551e-05 1.3398879673332e-05
1.45847125168075e-05 1.49096476889099e-05 1.52345819515176e-05 1.54927092808066e-05 1.55504112626659e-05 1.56081150635146e-05 1.56658170453738e-05 1.57235208462225e-05 1.57812228280818e-05 1.58389266289305e-05 1.58966286107898e-05 1.55629822984338e-05 1.50988844325184e-05 1.46347874760977e-05 1.4170690519677e-05 1.37065926537616e-05 1.32424956973409e-05 1.27783987409202e-05 1.23422832984943e-05 1.19901160360314e-05 1.16379487735685e-05 1.12857815111056e-05 1.09336142486427e-05 1.05814460766851e-05 1.02292788142222e-05 9.8771115517593e-06 9.83838981483132e-06 9.9041490102536e-06 9.96990911517059e-06 1.00356692200876e-05 1.01014284155099e-05 1.01671885204269e-05 1.02329486253439e-05 1.03899901660043e-05 1.08208778328844e-05 1.12517645902699e-05 1.168265225715e-05 1.21135399240302e-05 1.25444266814156e-05 1.29753143482958e-05 1.3406202015176e-05
1.43945535455714e-05 1.46657639561454e-05 1.49369743667194e-05 1.51480899148737e-05 1.51789226947585e-05 1.52097545651486e-05 1.52405864355387e-05 1.52714183059288e-05 1.53022519953083e-05 1.53330838656984e-05 1.53639157360885e-05 1.50569476318196e-05 1.46373804454925e-05 1.42178123496706e-05 1.37982451633434e-05 1.33786779770162e-05 1.29591098811943e-05 1.25395426948671e-05 1.21394969028188e-05 1.17980162031017e-05 1.14565364128794e-05 1.11150557131623e-05 1.07735759229399e-05 1.04320961327176e-05 1.00906154330005e-05 9.74913564277813e-06 9.72611178440275e-06 9.80924050963949e-06 9.89237014437094e-06 9.97549886960769e-06 1.00586275948444e-05 1.01417563200812e-05 1.02248850453179e-05 1.0395035133115e-05 1.08262474896037e-05 1.12574607555871e-05 1.16886731120758e-05 1.21198854685645e-05 1.25510987345478e-05 1.29823110910365e-05 1.34135243570199e-05
1.42043945743353e-05 1.44218802233809e-05 1.46393667819211e-05 1.48034714584355e-05 1.48074332173564e-05 1.48113940667827e-05 1.48153558257036e-05 1.48193175846245e-05 1.48232793435454e-05 1.48272401929717e-05 1.48312019518926e-05 1.45509138747002e-05 1.41758764584665e-05 1.38008381327381e-05 1.34257998070098e-05 1.30507623907761e-05 1.26757240650477e-05 1.2300686648814e-05 1.19367095976486e-05 1.16059163701721e-05 1.12751240521902e-05 1.09443308247137e-05 1.06135375972372e-05 1.02827452792553e-05 9.95195205177879e-06 9.62115882430226e-06 9.61383466346888e-06 9.71433200902538e-06 9.81483026407659e-06 9.9153285191278e-06 1.00158258646843e-05 1.01163241197355e-05 1.02168223747867e-05 1.04000801002258e-05 1.08316180558177e-05 1.12631560114096e-05 1.16946939670015e-05 1.21262319225934e-05 1.25577698781854e-05 1.29893078337773e-05 1.34208457893692e-05
1.40142356030992e-05 1.41779974001111e-05 1.43417582876282e-05 1.44588520925026e-05 1.44359428304597e-05 1.44130344779114e-05 1.43901252158685e-05 1.43672159538255e-05 1.43443066917825e-05 1.43213974297396e-05 1.42984881676966e-05 1.40448801175808e-05 1.37143715619459e-05 1.33838639158057e-05 1.30533553601708e-05 1.27228468045359e-05 1.23923382489011e-05 1.20618306027609e-05 1.17339232019731e-05 1.14138174467371e-05 1.10937116915011e-05 1.07736059362651e-05 1.04535001810291e-05 1.01333944257931e-05 9.81328867055709e-06 9.49318291532109e-06 9.50155663304031e-06 9.61942441790598e-06 9.73729129327694e-06 9.8551581686479e-06 9.97302504401887e-06 1.00908919193898e-05 1.02087587947608e-05 1.04051250673365e-05 1.08369886220316e-05 1.12688521767268e-05 1.17007148219272e-05 1.21325783766224e-05 1.25644419313176e-05 1.2996304576518e-05 1.34281681312132e-05
1.38240766318631e-05 1.39341136673465e-05 1.40441507028299e-05 1.41142336360645e-05 1.40644533530576e-05 1.40146739795455e-05 1.39648946060333e-05 1.39151143230265e-05 1.38653349495144e-05 1.38155546665075e-05 1.37657752929954e-05 1.35388463604613e-05 1.32528675749199e-05 1.29668887893786e-05 1.26809100038372e-05 1.23949312182958e-05 1.21089533422492e-05 1.18229745567078e-05 1.15311358968029e-05 1.12217176138074e-05 1.09122993308119e-05 1.06028810478165e-05 1.02934618553263e-05 9.98404357233085e-06 9.67462528933538e-06 9.36520700633992e-06 9.38927951210644e-06 9.52451591729186e-06 9.65975141298259e-06 9.79498781816801e-06 9.93022422335343e-06 1.00654597190442e-05 1.02006961242296e-05 1.04101700344472e-05 1.08423591882456e-05 1.12745474325493e-05 1.1706735676853e-05 1.21389248306514e-05 1.25711130749551e-05 1.30033013192588e-05 1.34354904730571e-05
1.368741504848e-05 1.37689457915258e-05 1.38504756250768e-05 1.38900404635933e-05 1.38037094075116e-05 1.37173783514299e-05 1.3631048204843e-05 1.35447171487613e-05 1.34583860926796e-05 1.33720550365979e-05 1.32857239805162e-05 1.30781263578683e-05 1.28301071526948e-05 1.25820879475214e-05 1.23340687423479e-05 1.20860504466691e-05 1.18380312414956e-05 1.15900120363222e-05 1.13308669824619e-05 1.10383480205201e-05 1.07458281490835e-05 1.0453308277647e-05 1.01607884062105e-05 9.86826944426866e-06 9.57574957283214e-06 9.28322970139561e-06 9.33035153138917e-06 9.49068726185942e-06 9.65102208283497e-06 9.81135781330522e-06 9.97169354377547e-06 1.0132028364751e-05 1.02923640952213e-05 1.05200388134108e-05 1.09497295852634e-05 1.1379420357116e-05 1.18091111289687e-05 1.22388019008213e-05 1.26684926726739e-05 1.30981834445265e-05 1.35278742163791e-05
1.36042508529499e-05 1.3682492863154e-05 1.37607339638635e-05 1.37862743940786e-05 1.36537109938217e-05 1.35211485030595e-05 1.33885860122973e-05 1.32560235215351e-05 1.31234601212782e-05 1.2990897630516e-05 1.28583351397538e-05 1.26627219287911e-05 1.244609211426e-05 1.22294622997288e-05 1.20128315757029e-05 1.17962017611717e-05 1.15795719466405e-05 1.13629421321093e-05 1.11331173684448e-05 1.08637077573803e-05 1.05942990558106e-05 1.03248894447461e-05 1.00554798336816e-05 9.78607022261713e-06 9.51666061155265e-06 9.24725190998288e-06 9.32477269088849e-06 9.51793845160864e-06 9.71110330283409e-06 9.90426815405954e-06 1.00974339147797e-05 1.02905987660051e-05 1.04837636172306e-05 1.07347295852378e-05 1.1159099813085e-05 1.15834700409323e-05 1.20078402687795e-05 1.24322104966268e-05 1.2856580724474e-05 1.32809509523213e-05 1.37053211801685e-05
1.35210866574198e-05 1.35960390252876e-05 1.36709913931554e-05 1.36825074150693e-05 1.35037125801318e-05 1.33249186546891e-05 1.31461238197517e-05 1.29673298943089e-05 1.27885350593715e-05 1.26097402244341e-05 1.24309462989913e-05 1.22473165902193e-05 1.20620761663304e-05 1.18768357424415e-05 1.16915944090579e-05 1.1506353985169e-05 1.13211135612801e-05 1.11358731373912e-05 1.09353677544277e-05 1.06890684037353e-05 1.04427690530429e-05 1.01964697023504e-05 9.95017126115272e-06 9.70387191046029e-06 9.45757255976787e-06 9.21127320907544e-06 9.31919475988252e-06 9.54518964135787e-06 9.77118452283321e-06 9.99717849481385e-06 1.02231733762892e-05 1.04491682577645e-05 1.06751631392399e-05 1.09494212665595e-05 1.13684709504014e-05 1.17875206342433e-05 1.22065703180851e-05 1.26256190924323e-05 1.30446687762742e-05 1.34637184601161e-05 1.38827681439579e-05
1.34379224618897e-05 1.35095860969159e-05 1.35812497319421e-05 1.35787413455546e-05 1.33537150759366e-05 1.31286888063187e-05 1.29036625367007e-05 1.26786362670828e-05 1.24536099974648e-05 1.22285837278469e-05 1.20035574582289e-05 1.18319121611421e-05 1.16780602184008e-05 1.15242091851542e-05 1.13703572424129e-05 1.12165062091663e-05 1.10626551759196e-05 1.09088032331783e-05 1.07376172309159e-05 1.05144290500903e-05 1.02912399597699e-05 1.00680508694495e-05 9.84486177912913e-06 9.62167268880876e-06 9.39848450798308e-06 9.17529541766271e-06 9.31361591938185e-06 9.57244083110709e-06 9.83126483333763e-06 1.00900897450629e-05 1.03489137472934e-05 1.06077377495239e-05 1.08665626612492e-05 1.11641129478812e-05 1.15778420877177e-05 1.19915703180595e-05 1.2405299457896e-05 1.28190276882378e-05 1.32327568280743e-05 1.36464859679108e-05 1.40602141982527e-05
1.33547582663596e-05 1.34231331685442e-05 1.34915080707287e-05 1.34749743665452e-05 1.32037166622467e-05 1.29324580484536e-05 1.26612003441551e-05 1.23899426398566e-05 1.21186840260634e-05 1.18474263217649e-05 1.15761686174665e-05 1.14165068225702e-05 1.12940451799659e-05 1.11715826278669e-05 1.10491200757679e-05 1.09266584331635e-05 1.08041958810645e-05 1.06817342384602e-05 1.05398676168988e-05 1.03397887869505e-05 1.01397099570022e-05 9.93963203654857e-06 9.73955320660025e-06 9.53947437665192e-06 9.3393955467036e-06 9.13931671675527e-06 9.30803798837587e-06 9.59969202085631e-06 9.89134605333675e-06 1.01830000858172e-05 1.04746541182976e-05 1.07663081507781e-05 1.10579621832585e-05 1.13788046292029e-05 1.17872123155394e-05 1.21956209113705e-05 1.26040285977069e-05 1.30124362840434e-05 1.34208448798745e-05 1.38292525662109e-05 1.42376611620421e-05
1.32715940708295e-05 1.33366802401724e-05 1.34017655000207e-05 1.33712073875358e-05 1.30537182485568e-05 1.27362282000831e-05 1.24187381516094e-05 1.21012490126304e-05 1.17837589641567e-05 1.1466268915683e-05 1.1148779776704e-05 1.10011023934931e-05 1.09100292320363e-05 1.08189560705796e-05 1.07278829091229e-05 1.06368106571608e-05 1.05457374957041e-05 1.04546643342474e-05 1.03421180028818e-05 1.01651494333055e-05 9.98818086372921e-06 9.81121229415294e-06 9.63424372457666e-06 9.45727515500039e-06 9.28030749491882e-06 9.10333892534254e-06 9.3024591478752e-06 9.62694321060553e-06 9.95142636384116e-06 1.02759104265715e-05 1.06003935798071e-05 1.09248776425375e-05 1.12493617052678e-05 1.15934963105246e-05 1.19965834528557e-05 1.23996705951868e-05 1.28027577375178e-05 1.32058457893436e-05 1.36089329316746e-05 1.40120200740057e-05 1.44151072163368e-05
1.31869483084301e-05 1.32264394778758e-05 1.32659306473215e-05 1.32085224322509e-05 1.28604197016102e-05 1.25123169709696e-05 1.21642151498236e-05 1.18161124191829e-05 1.14680096885422e-05 1.11199069579015e-05 1.07718042272609e-05 1.06359420897206e-05 1.05708277260419e-05 1.05057124528685e-05 1.0440597179695e-05 1.03754828160163e-05 1.03103675428429e-05 1.02452531791641e-05 1.01585337688448e-05 1.00070019470877e-05 9.85546921583591e-06 9.70393739407882e-06 9.55240466282703e-06 9.40087284106994e-06 9.24934101931285e-06 9.09780828806106e-06 9.32777493289905e-06 9.68490712693892e-06 1.00420393209788e-05 1.03991724245134e-05 1.07563046185533e-05 1.11134368125931e-05 1.14705699161277e-05 1.18429761641892e-05 1.226120548381e-05 1.26794348034309e-05 1.30976650325465e-05 1.35158943521674e-05 1.39341236717883e-05 1.43523529914091e-05 1.477058231103e-05
1.3100820069667e-05 1.30924108816544e-05 1.30840007841471e-05 1.29869195006904e-05 1.26238228403963e-05 1.22607261801022e-05 1.18976295198081e-05 1.1534532859514e-05 1.11714361992199e-05 1.08083395389258e-05 1.04452428786317e-05 1.03210268207476e-05 1.02764388429932e-05 1.02318508652388e-05 1.01872628874844e-05 1.014267490973e-05 1.00980869319756e-05 1.00534989542211e-05 9.98911582428264e-06 9.86534541880246e-06 9.74157592281699e-06 9.61780551733682e-06 9.49403602135135e-06 9.37026561587118e-06 9.2464961198857e-06 9.12272571440553e-06 9.38398352445802e-06 9.77358467935119e-06 1.01631849247497e-05 1.05527851701481e-05 1.09423854155466e-05 1.13319856609451e-05 1.17215868158382e-05 1.21272450996912e-05 1.25810793178971e-05 1.30349144455977e-05 1.34887486638036e-05 1.39425828820094e-05 1.43964171002153e-05 1.48502513184212e-05 1.53040855366271e-05
1.30146927403985e-05 1.29583822854329e-05 1.29020718304673e-05 1.27653165691299e-05 1.23872250696877e-05 1.20091344797402e-05 1.16310438897926e-05 1.12529532998451e-05 1.08748627098976e-05 1.04967712104553e-05 1.01186806205078e-05 1.00061124612694e-05 9.98205086943926e-06 9.95799018710386e-06 9.93392859527376e-06 9.90986791293835e-06 9.88580632110825e-06 9.86174472927814e-06 9.81969697022578e-06 9.72368980001193e-06 9.62768172030337e-06 9.53167455008952e-06 9.43566647038097e-06 9.33965930016711e-06 9.24365122045856e-06 9.14764405024471e-06 9.44019302551169e-06 9.86226132226875e-06 1.02843296190258e-05 1.07063979157829e-05 1.11284662125399e-05 1.15505354187917e-05 1.19726037155488e-05 1.24115140351932e-05 1.29009540614788e-05 1.33903931782697e-05 1.38798322950606e-05 1.43692714118515e-05 1.48587105286424e-05 1.5348150554928e-05 1.58375896717189e-05
1.29285645016353e-05 1.28243536892114e-05 1.27201419672929e-05 1.25437127280748e-05 1.21506282084738e-05 1.17575436888728e-05 1.13644582597772e-05 1.09713737401762e-05 1.05782892205752e-05 1.01852037914796e-05 9.79211927187862e-06 9.69119719229639e-06 9.6876628958853e-06 9.68412859947421e-06 9.68059430306312e-06 9.67706000665203e-06 9.67352571024094e-06 9.66999141382985e-06 9.65027902566362e-06 9.58203327172669e-06 9.51378842728445e-06 9.44554267334752e-06 9.37729782890528e-06 9.30905207496835e-06 9.24080723052612e-06 9.17256147658918e-06 9.49640252656536e-06 9.95093887468101e-06 1.04054752227967e-05 1.08600115709123e-05 1.1314547919028e-05 1.17690842671436e-05 1.22236206152593e-05 1.269578388019e-05 1.32208278955659e-05 1.37458719109418e-05 1.42709159263177e-05 1.47959599416936e-05 1.53210039570695e-05 1.58460479724454e-05 1.63710919878213e-05
1.28424362628721e-05 1.269032509299e-05 1.25382130136131e-05 1.23221097965143e-05 1.19140304377652e-05 1.15059519885108e-05 1.10978726297617e-05 1.06897941805073e-05 1.02817157312529e-05 9.87363637250382e-06 9.46555792324943e-06 9.3762819233234e-06 9.39327492233133e-06 9.41026701184455e-06 9.42726001085248e-06 9.4442521003657e-06 9.46124509937363e-06 9.47823718888685e-06 9.48086108110147e-06 9.44037765293615e-06 9.39989422477083e-06 9.35941170610022e-06 9.3189282779349e-06 9.27844575926429e-06 9.23796233109897e-06 9.19747890293365e-06 9.55261111812433e-06 1.00396155175986e-05 1.05266199170728e-05 1.10136243165471e-05 1.15006287160213e-05 1.19876331154956e-05 1.24746375149698e-05 1.2980052815692e-05 1.35407017296529e-05 1.41013506436138e-05 1.46619995575747e-05 1.52226484715356e-05 1.57832982949913e-05 1.63439472089522e-05 1.69045961229131e-05
1.27563080241089e-05 1.25562964967685e-05 1.23562840599334e-05 1.21005068649538e-05 1.16774335765513e-05 1.12543602881487e-05 1.08312879092409e-05 1.04082146208384e-05 9.98514224193059e-06 9.56206895352807e-06 9.13899566512555e-06 9.06136756384512e-06 9.09888694877736e-06 9.1364063337096e-06 9.17392571864184e-06 9.21144510357408e-06 9.24896448850632e-06 9.28648387343856e-06 9.31144313653931e-06 9.29872203414561e-06 9.28600093175191e-06 9.27327982935822e-06 9.26055963645922e-06 9.24783853406552e-06 9.23511743167182e-06 9.22239632927813e-06 9.608820619178e-06 1.01282930700108e-05 1.06477655208437e-05 1.11672370621818e-05 1.16867095130146e-05 1.22061819638475e-05 1.27256544146803e-05 1.32643217511941e-05 1.386057556374e-05 1.44568293762859e-05 1.50530831888318e-05 1.56493370013777e-05 1.62455908139236e-05 1.68418446264695e-05 1.74380984390154e-05
