data/working_set_collections/6091692-Cassins_Sparrow-M2/1995/evland_avg.asc
NCOLS 265 
NROWS 230 
XLLCORNER -115.5625 
YLLCORNER 24.8333333333333 
CELLSIZE 0.0833333333333333 
NODATA_value -9999 
[rows 162 to 179 of 230, columns 82 to 122 of 265]
1.09392176455003e-05 1.07033047243021e-05 1.04673908936093e-05 1.02314779724111e-05 9.99556505121291e-06 9.75965213001473e-06 9.52373829932185e-06 9.30415990296751e-06 9.1335850811447e-06 8.96301025932189e-06 8.79243543749908e-06 8.62186061567627e-06 8.45128579385346e-06 8.28071097203065e-06 8.11013615020784e-06 8.12665348348673e-06 8.2055357779609e-06 8.28441716294037e-06 8.36329854791984e-06 8.44217993289931e-06 8.52106222737348e-06 8.59994361235294e-06 8.72743930813158e-06 9.00077975529712e-06 9.27411929296795e-06 9.54745883063879e-06 9.82079836830962e-06 1.00941379059805e-05 1.0367478353146e-05 1.06408178908168e-05 1.09873408291605e-05 1.13582582343952e-05 1.17291756396298e-05 1.21000921353698e-05 1.24710095406044e-05 1.28419269458391e-05 1.32128443510737e-05 1.35134769152501e-05 1.36032567752409e-05 1.36930366352317e-05 1.37828164952225e-05
1.09756547317374e-05 1.07458372440306e-05 1.05160197563237e-05 1.02862031781115e-05 1.00563856904046e-05 9.82656820269767e-06 9.59675162448548e-06 9.38169432629365e-06 9.21091759664705e-06 9.04014086700045e-06 8.86936504684854e-06 8.69858831720194e-06 8.52781158755533e-06 8.35703485790873e-06 8.18625812826212e-06 8.20996137917973e-06 8.29849159345031e-06 8.38702089822618e-06 8.47555020300206e-06 8.56408041727263e-06 8.65260972204851e-06 8.74113902682438e-06 8.87300029717153e-06 9.13485746423248e-06 9.39671463129343e-06 9.65857179835439e-06 9.92042896541534e-06 1.01822861324763e-05 1.04441423900425e-05 1.07059995571035e-05 1.10026794573059e-05 1.13109672383871e-05 1.16192550194683e-05 1.19275418910547e-05 1.22358296721359e-05 1.2544117453217e-05 1.28524043248035e-05 1.30983962662867e-05 1.31574988699867e-05 1.32166023831815e-05 1.32757058963762e-05
1.10120909084799e-05 1.0788369763759e-05 1.05646486190381e-05 1.03409274743171e-05 1.01172063295962e-05 9.89348518487532e-06 9.6697640401544e-06 9.4592278401251e-06 9.2882501121494e-06 9.117271474679e-06 8.9462937467033e-06 8.77531510923291e-06 8.60433738125721e-06 8.43335874378681e-06 8.26238101581112e-06 8.29326927487273e-06 8.39144740893971e-06 8.48962463351199e-06 8.58780185808428e-06 8.68597999215126e-06 8.78415721672354e-06 8.88233535079053e-06 9.01856219570618e-06 9.26893608266255e-06 9.51930996961892e-06 9.76968476606999e-06 1.00200586530264e-05 1.02704334494774e-05 1.05208073364338e-05 1.07711821328849e-05 1.1018018994946e-05 1.1263676242379e-05 1.15093343993067e-05 1.17549916467397e-05 1.20006498036673e-05 1.22463070511003e-05 1.2491965208028e-05 1.26833147078287e-05 1.27117409647326e-05 1.27401681311312e-05 1.27685943880351e-05
1.1048527994717e-05 1.08309022834874e-05 1.06132774817524e-05 1.03956517705228e-05 1.01780269687879e-05 9.96040125755826e-06 9.74277645582333e-06 9.53676226345124e-06 9.36558262765175e-06 9.19440208235756e-06 9.02322244655807e-06 8.85204281075858e-06 8.68086317495909e-06 8.50968262966489e-06 8.3385029938654e-06 8.37657717056572e-06 8.48440322442912e-06 8.5922283687978e-06 8.7000544226612e-06 8.80787956702989e-06 8.91570562089328e-06 9.02353076526197e-06 9.16412318474613e-06 9.40301470109262e-06 9.6419062174391e-06 9.88079773378558e-06 1.01196892501321e-05 1.03585807664786e-05 1.0597472282825e-05 1.08363637991715e-05 1.10333576230914e-05 1.12163852463709e-05 1.13994137791451e-05 1.15824414024246e-05 1.17654690257041e-05 1.19484975584783e-05 1.21315251817578e-05 1.22682331493706e-05 1.22659839689732e-05 1.2263733879081e-05 1.22614837891888e-05
1.10849641714594e-05 1.08734348032158e-05 1.06619054349721e-05 1.04503769762232e-05 1.02388476079796e-05 1.00273182397359e-05 9.81578887149226e-06 9.61429577728268e-06 9.44291423365939e-06 9.27153269003611e-06 9.10015114641283e-06 8.92876960278954e-06 8.75738805916626e-06 8.58600651554298e-06 8.41462497191969e-06 8.45988506625872e-06 8.57735903991852e-06 8.69483210408362e-06 8.81230607774341e-06 8.92977914190851e-06 9.04725311556831e-06 9.16472708922811e-06 9.30968417378608e-06 9.53709331952268e-06 9.76450155576458e-06 9.99191070150118e-06 1.02193189377431e-05 1.04467280834797e-05 1.06741372292163e-05 1.09015454654582e-05 1.10486962512368e-05 1.11690942503628e-05 1.12894931589835e-05 1.14098911581095e-05 1.15302891572355e-05 1.16506871563615e-05 1.17710851554875e-05 1.18531525004073e-05 1.1820226063719e-05 1.17872996270307e-05 1.17543731903424e-05
1.11214012576966e-05 1.09159682324389e-05 1.07105342976865e-05 1.05051012724289e-05 1.02996673376765e-05 1.00942343124188e-05 9.88880128716119e-06 9.69183020060882e-06 9.52024674916174e-06 9.34866329771467e-06 9.17708075576229e-06 9.00549730431521e-06 8.83391385286814e-06 8.66233040142106e-06 8.49074785946868e-06 8.54319296195172e-06 8.67031485540792e-06 8.79743583936943e-06 8.92455773282563e-06 9.05167962628184e-06 9.17880061024334e-06 9.30592250369955e-06 9.45524516282603e-06 9.67117102845805e-06 9.88709780358477e-06 1.01030236692168e-05 1.03189495348488e-05 1.05348754004808e-05 1.07508012661128e-05 1.09667280412395e-05 1.10640357888769e-05 1.11218041638494e-05 1.1179572538822e-05 1.12373409137945e-05 1.1295109288767e-05 1.13528767542448e-05 1.14106451292173e-05 1.14380709419493e-05 1.13744681584649e-05 1.13108653749805e-05 1.12472625914961e-05
1.10762694021105e-05 1.08793119579786e-05 1.06823554233415e-05 1.04853979792097e-05 1.02884405350778e-05 1.0091483090946e-05 9.89452655630885e-06 9.70488781604217e-06 9.537205187371e-06 9.36952255869983e-06 9.20183993002865e-06 9.03415821085218e-06 8.86647558218101e-06 8.69879295350984e-06 8.53111032483866e-06 8.58527346281335e-06 8.71338488650508e-06 8.84149721969152e-06 8.96960864338325e-06 9.09772006707499e-06 9.22583149076672e-06 9.35394382395316e-06 9.50125377130462e-06 9.70615928963525e-06 9.91106571746059e-06 1.01159712357912e-05 1.03208767541219e-05 1.05257831819472e-05 1.07306887002778e-05 1.09355942186085e-05 1.09941775008338e-05 1.10039864011924e-05 1.1013795301551e-05 1.10236042019096e-05 1.10334131022682e-05 1.10432220026269e-05 1.10530309029855e-05 1.10383352875942e-05 1.09501233964693e-05 1.08619115053443e-05 1.07737005237141e-05
1.09495695141959e-05 1.07634687083191e-05 1.05773679024423e-05 1.03912670965656e-05 1.02051662906888e-05 1.0019065484812e-05 9.83296467893524e-06 9.65346862358274e-06 9.49378954828717e-06 9.3341104729916e-06 9.17443139769603e-06 9.01475141290575e-06 8.85507233761018e-06 8.69539326231461e-06 8.53571418701904e-06 8.58612656884361e-06 8.7065709521994e-06 8.82701442606049e-06 8.94745789992157e-06 9.06790228327736e-06 9.18834575713845e-06 9.30879014049424e-06 9.44770999922184e-06 9.6420581030543e-06 9.83640620688675e-06 1.00307543107192e-05 1.0225101505057e-05 1.04194496088894e-05 1.06137977127219e-05 1.08081458165543e-05 1.08391232060967e-05 1.0815642781381e-05 1.07921623566654e-05 1.07686828414444e-05 1.07452024167287e-05 1.0721721992013e-05 1.06982424767921e-05 1.06539437183528e-05 1.05471908682375e-05 1.04404389276169e-05 1.03336860775016e-05
1.08228687167866e-05 1.06476245491649e-05 1.04723803815432e-05 1.02971362139215e-05 1.01218911368051e-05 9.94664696918335e-06 9.77140280156163e-06 9.60205034061801e-06 9.45037390920334e-06 9.29869838728337e-06 9.1470219558687e-06 8.99534552445402e-06 8.84367000253405e-06 8.69199357111938e-06 8.54031713970471e-06 8.58698058436858e-06 8.69975610839901e-06 8.81253254192416e-06 8.9253080659546e-06 9.03808449947974e-06 9.15086002351018e-06 9.26363645703532e-06 9.39416531764437e-06 9.57795600697864e-06 9.76174669631291e-06 9.94553647615248e-06 1.01293271654868e-05 1.03131169453263e-05 1.04969076346606e-05 1.06806974145002e-05 1.06840680018649e-05 1.06272991615697e-05 1.05705294117797e-05 1.05137605714845e-05 1.04569917311892e-05 1.04002219813992e-05 1.0343453141104e-05 1.02695530586061e-05 1.01442592495005e-05 1.00189654403948e-05 9.89367163128918e-06
1.0696168828872e-05 1.05317812995054e-05 1.0367392860644e-05 1.02030044217827e-05 1.0038616892416e-05 9.87422845355468e-06 9.70984092418803e-06 9.55063114815857e-06 9.4069582701195e-06 9.26328539208043e-06 9.11961251404136e-06 8.9759396360023e-06 8.83226675796323e-06 8.68859387992416e-06 8.54492100188509e-06 8.58783369039884e-06 8.69294217409333e-06 8.79804974829312e-06 8.90315823198762e-06 9.00826580618741e-06 9.1133742898819e-06 9.2184827735764e-06 9.34062154556159e-06 9.51385391090298e-06 9.68708627624437e-06 9.86031955108047e-06 1.00335519164219e-05 1.02067842817632e-05 1.03800166471046e-05 1.0553249012446e-05 1.05290137071279e-05 1.04389555417583e-05 1.03488973763888e-05 1.02588383015245e-05 1.0168780136155e-05 1.00787219707854e-05 9.98866380541585e-06 9.88516148936469e-06 9.74132672126871e-06 9.59749195317272e-06 9.45365809457144e-06
1.05694689409574e-05 1.04159371403512e-05 1.02624053397449e-05 1.01088735391386e-05 9.9553417385323e-06 9.80181084742071e-06 9.64827904681442e-06 9.49921286519384e-06 9.36354263103567e-06 9.2278733063722e-06 9.09220307221403e-06 8.95653374755057e-06 8.8208635133924e-06 8.68519418872893e-06 8.54952395457076e-06 8.5886867964291e-06 8.68612733029295e-06 8.78356786415679e-06 8.88100748852594e-06 8.97844802238978e-06 9.07588855625363e-06 9.17332909011748e-06 9.28707777347881e-06 9.44975272432202e-06 9.61242676567053e-06 9.77510171651375e-06 9.93777666735696e-06 1.01004516182002e-05 1.02631256595487e-05 1.04258006103919e-05 1.03739585028961e-05 1.0250611921947e-05 1.01272644315031e-05 1.00039169410593e-05 9.88056945061544e-06 9.75722196017159e-06 9.63387446972774e-06 9.50077082961798e-06 9.33839510253165e-06 9.17601937544532e-06 9.01364364835899e-06
1.04427690530429e-05 1.03000929811969e-05 1.01574178188457e-05 1.00147426564945e-05 9.87206749414327e-06 9.72939233179204e-06 9.58671716944082e-06 9.44779367273441e-06 9.32012699195184e-06 9.19246031116927e-06 9.0647936303867e-06 8.93712785909884e-06 8.80946117831627e-06 8.6817944975337e-06 8.55412781675113e-06 8.58954081195407e-06 8.67931248649256e-06 8.76908507052576e-06 8.85885765455896e-06 8.94863023859216e-06 9.03840282262536e-06 9.12817540665856e-06 9.23353400139604e-06 9.38565062824637e-06 9.5377672550967e-06 9.68988479144173e-06 9.84200141829206e-06 9.99411804514239e-06 1.01462355814874e-05 1.02983522083377e-05 1.02189042081591e-05 1.00622673926409e-05 9.90563148661749e-06 9.74899467109935e-06 9.59235876507591e-06 9.43572194955777e-06 9.27908604353433e-06 9.11637926037656e-06 8.93546257429989e-06 8.75454588822322e-06 8.57362920214655e-06
1.04319306046818e-05 1.02927670013742e-05 1.01536033980665e-05 1.00144397947588e-05 9.87527619145112e-06 9.73611258814344e-06 9.59694898483576e-06 9.46182808547746e-06 9.33883529796731e-06 9.21584160096245e-06 9.09284881345229e-06 8.96985602594214e-06 8.84686232893728e-06 8.72386954142712e-06 8.60087584442226e-06 8.62430169945583e-06 8.69653285917593e-06 8.76876492839074e-06 8.84099699760554e-06 8.91322815732565e-06 8.98546022654045e-06 9.05769229575526e-06 9.14751672098646e-06 9.29012276174035e-06 9.43272789299954e-06 9.57533302425873e-06 9.71793906501262e-06 9.8605441962718e-06 1.00031502370257e-05 1.01457553682849e-05 1.00518482213374e-05 9.87910243566148e-06 9.70635755948024e-06 9.5336117738043e-06 9.36086689762305e-06 9.18812111194711e-06 9.01537623576587e-06 8.83867505763192e-06 8.65010770212393e-06 8.46154034661595e-06 8.27297208161326e-06
1.05369554148638e-05 1.03939592008828e-05 1.02509629869019e-05 1.01079658634262e-05 9.96496964944527e-06 9.82197252596961e-06 9.67897631198866e-06 9.54131610342301e-06 9.41966663958738e-06 9.29801717575174e-06 9.1763677119161e-06 9.05471824808046e-06 8.93306878424482e-06 8.81141841091448e-06 8.68976894707885e-06 8.69297036842909e-06 8.73778844834305e-06 8.78260652825702e-06 8.82742460817099e-06 8.87224268808495e-06 8.91706076799892e-06 8.96187884791289e-06 9.02902775123948e-06 9.16316821530927e-06 9.29730867937906e-06 9.43144914344884e-06 9.56558869802393e-06 9.69972916209372e-06 9.8338696261635e-06 9.96801009023329e-06 9.87278963293647e-06 9.70111614151392e-06 9.52944174059667e-06 9.35776824917411e-06 9.18609384825686e-06 9.0144194473396e-06 8.84274595591705e-06 8.66765822138404e-06 8.48232957650907e-06 8.2970009316341e-06 8.11167228675913e-06
1.06419802250457e-05 1.04951514003915e-05 1.03483216662426e-05 1.02014919320936e-05 1.00546621979447e-05 9.90783246379578e-06 9.76100363914156e-06 9.62080503086327e-06 9.50049889070215e-06 9.38019275054103e-06 9.25988661037991e-06 9.13958047021879e-06 9.01927433005767e-06 8.89896818989655e-06 8.77866204973543e-06 8.76163903740235e-06 8.77904403751018e-06 8.7964481281233e-06 8.81385312823113e-06 8.83125721884426e-06 8.84866130945738e-06 8.86606630956521e-06 8.9105387814925e-06 9.03621366887819e-06 9.16188855626388e-06 9.28756435314426e-06 9.41323924052995e-06 9.53891412791563e-06 9.66458992479602e-06 9.7902648121817e-06 9.69373195403023e-06 9.52312893787166e-06 9.3525259217131e-06 9.18192381504923e-06 9.01132079889067e-06 8.8407186922268e-06 8.67011567606824e-06 8.49664138513617e-06 8.31455145089421e-06 8.13246242614696e-06 7.950372491905e-06
1.07470059447223e-05 1.05963426904054e-05 1.04456803455832e-05 1.0295018000761e-05 1.01443556559389e-05 9.99369331111666e-06 9.84303005679976e-06 9.70029304880882e-06 9.58133023232222e-06 9.46236741583562e-06 9.34340550884372e-06 9.22444269235712e-06 9.10548078536522e-06 8.98651796887862e-06 8.86755515239201e-06 8.83030770637561e-06 8.8202987171826e-06 8.81028972798958e-06 8.80028073879657e-06 8.79027174960356e-06 8.78026276041055e-06 8.77025377121754e-06 8.79204890225083e-06 8.90925912244711e-06 9.0264693426434e-06 9.14367956283968e-06 9.26088978303596e-06 9.37809909373755e-06 9.49530931393383e-06 9.61251953413012e-06 9.51467336562928e-06 9.3451426437241e-06 9.17561101232423e-06 9.00607938092435e-06 8.83654774952447e-06 8.6670170276193e-06 8.49748539621942e-06 8.3256245488883e-06 8.14677423477406e-06 7.96792301116511e-06 7.78907269705087e-06
1.08520307549043e-05 1.06975348899141e-05 1.05430390249239e-05 1.03885440694285e-05 1.02340482044383e-05 1.00795532489428e-05 9.92505738395266e-06 9.77978106675437e-06 9.66216248343699e-06 9.5445429906249e-06 9.42692440730752e-06 9.30930491449544e-06 9.19168633117806e-06 9.07406774786068e-06 8.9564482550486e-06 8.89897637534887e-06 8.86155430634972e-06 8.82413132785587e-06 8.78670834936202e-06 8.74928628036287e-06 8.71186330186902e-06 8.67444032337517e-06 8.67355993250385e-06 8.78230457601603e-06 8.89104921952821e-06 8.9997947725351e-06 9.10853941604728e-06 9.21728405955946e-06 9.32602961256634e-06 9.43477425607853e-06 9.33561568672303e-06 9.16715544008184e-06 8.99869519344065e-06 8.83023585629417e-06 8.66177560965298e-06 8.49331536301179e-06 8.3248551163706e-06 8.15460771264043e-06 7.9789961091592e-06 7.80338450567797e-06 7.62777290219674e-06
1.09570555650862e-05 1.07987270894228e-05 1.06403986137593e-05 1.04820701380959e-05 1.03237416624324e-05 1.0165413186769e-05 1.00070847111056e-05 9.85926908469992e-06 9.74299382505706e-06 9.62671856541419e-06 9.51044330577133e-06 9.39416804612847e-06 9.27789278648561e-06 9.16161661734805e-06 9.04534135770518e-06 8.96764595381683e-06 8.90280898602214e-06 8.83797292772215e-06 8.77313686942216e-06 8.70830081112217e-06 8.64346384332748e-06 8.57862778502749e-06 8.55507005326217e-06 8.65535002958495e-06 8.75563000590773e-06 8.85590998223051e-06 8.9561899585533e-06 9.05646993487608e-06 9.15674900170416e-06 9.25702897802694e-06 9.15655800781678e-06 8.98916914593428e-06 8.82178028405178e-06 8.65439142216928e-06 8.48700256028678e-06 8.31961369840428e-06 8.15222483652178e-06 7.98358996689785e-06 7.81121798354434e-06 7.63884509069612e-06 7.46647310734261e-06
