data/working_set_collections/6091692-Cassins_Sparrow-M2/1995/evpintr_avg.asc
NCOLS 265 
NROWS 230 
XLLCORNER -115.5625 
YLLCORNER 24.8333333333333 
CELLSIZE 0.0833333333333333 
NODATA_value -9999 
[rows 80 to 99 of 230, columns 92 to 137 of 265]
6.52832174301147 6.64605283737183 6.76378440856934 6.88151550292969 6.9992470741272 7.04452133178711 7.06564378738403 7.0867657661438 7.10788774490356 7.12900972366333 7.15013217926025 7.17125415802002 7.19515132904053 7.22737455368042 7.25959825515747 7.29182147979736 7.32404470443726 7.35626792907715 7.38849115371704 7.42071485519409 7.40864896774292 7.38182020187378 7.35499095916748 7.32816219329834 7.3013334274292 7.27450466156006 7.24767589569092 7.2031364440918 7.10546636581421 7.00779628753662 6.91012620925903 6.81245613098145 6.71478605270386 6.61711597442627 6.51944589614868 6.35971832275391 6.17930459976196 5.99889087677002 5.81847763061523 5.63806390762329 5.45765018463135 5.27723693847656 5.0844087600708 4.85433769226074 4.62426662445068 4.39419555664062
6.21775579452515 6.35342597961426 6.48909568786621 6.62476587295532 6.76043605804443 6.82950448989868 6.87637281417847 6.92324066162109 6.97010898590088 7.01697731018066 7.06384515762329 7.11071348190308 7.15761709213257 7.20462703704834 7.25163745880127 7.2986478805542 7.34565782546997 7.3926682472229 7.43967819213867 7.4866886138916 7.48706388473511 7.47189426422119 7.45672464370728 7.44155502319336 7.42638540267944 7.41121530532837 7.39604568481445 7.35913753509521 7.25701332092285 7.15488910675049 7.05276536941528 6.95064115524292 6.84851694107056 6.74639272689819 6.64426898956299 6.48072052001953 6.29669713973999 6.11267423629761 5.92865085601807 5.74462795257568 5.56060457229614 5.37658166885376 5.17973613739014 4.94442415237427 4.70911169052124 4.47379970550537
5.90719032287598 6.06079864501953 6.21440744400024 6.36801624298096 6.52162456512451 6.61448764801025 6.6871018409729 6.75971603393555 6.83233022689819 6.90494441986084 6.97755861282349 7.05017280578613 7.12008237838745 7.18187952041626 7.24367666244507 7.30547380447388 7.36727094650269 7.42906808853149 7.4908652305603 7.55266237258911 7.5654788017273 7.5619683265686 7.55845785140991 7.55494737625122 7.55143690109253 7.54792642593384 7.54441595077515 7.51513862609863 7.40856027603149 7.30198240280151 7.19540405273438 7.0888261795044 6.98224782943726 6.87566947937012 6.76909160614014 6.60172271728516 6.41408967971802 6.22645711898804 6.03882455825806 5.85119152069092 5.66355895996094 5.47592639923096 5.27506351470947 5.03451013565063 4.79395723342896 4.55340385437012
5.59662437438965 5.76817178726196 5.93971920013428 6.11126613616943 6.28281354904175 6.39947032928467 6.49783086776733 6.59619092941284 6.69455146789551 6.79291152954102 6.89127159118652 6.98963212966919 7.08254814147949 7.15913200378418 7.23571634292603 7.31230020523071 7.38888454437256 7.46546840667725 7.54205226898193 7.61863660812378 7.64389419555664 7.65204286575317 7.66019153594971 7.66834020614624 7.67648887634277 7.68463754653931 7.69278621673584 7.67113971710205 7.56010723114014 7.44907522201538 7.33804321289062 7.22701072692871 7.11597871780396 7.0049467086792 6.89391422271729 6.72272443771362 6.53148221969604 6.34024000167847 6.14899778366089 5.95775556564331 5.76651334762573 5.57527112960815 5.37039089202881 5.12459659576416 4.87880229949951 4.63300800323486
5.19661903381348 5.37160491943359 5.54659080505371 5.72157621383667 5.89656209945679 6.04454374313354 6.18352460861206 6.32250499725342 6.46148538589478 6.60046577453613 6.73944616317749 6.87842702865601 7.00634336471558 7.10106754302979 7.19579172134399 7.29051637649536 7.38524055480957 7.47996473312378 7.57468891143799 7.66941356658936 7.70489883422852 7.72063875198364 7.73637819290161 7.75211763381958 7.76785707473755 7.78359651565552 7.79933595657349 7.78209638595581 7.66591835021973 7.5497407913208 7.43356323242188 7.31738519668579 7.20120763778687 7.08502960205078 6.96885204315186 6.7932186126709 6.5977668762207 6.40231561660767 6.20686388015747 6.01141214370728 5.81596040725708 5.62050867080688 5.41197824478149 5.1642107963562 4.91644382476807 4.66867637634277
4.7071738243103 4.87109804153442 5.03502225875854 5.19894647598267 5.36287069320679 5.54970788955688 5.74418258666992 5.93865776062012 6.13313245773315 6.32760763168335 6.52208232879639 6.71655750274658 6.8914680480957 7.00768566131592 7.12390375137329 7.24012136459351 7.35633945465088 7.47255706787109 7.58877515792847 7.70499277114868 7.7484941482544 7.76775598526001 7.78701782226562 7.8062801361084 7.82554197311401 7.84480381011963 7.8640661239624 7.84800863265991 7.72599411010742 7.60397911071777 7.48196411132812 7.35994911193848 7.23793411254883 7.11591958999634 6.99390459060669 6.81320476531982 6.61294412612915 6.41268301010132 6.21242189407349 6.01216077804565 5.81190013885498 5.61163902282715 5.39982509613037 5.15335321426392 4.90688133239746 4.66040945053101
4.21772861480713 4.37059116363525 4.52345371246338 4.6763162612915 4.82917881011963 5.05487155914307 5.30484104156494 5.55481004714966 5.80477952957153 6.05474901199341 6.30471849441528 6.55468797683716 6.77659273147583 6.91430425643921 7.05201530456543 7.18972682952881 7.32743835449219 7.46514987945557 7.60286092758179 7.74057245254517 7.79208898544312 7.81487321853638 7.8376579284668 7.86044216156006 7.88322687149048 7.9060115814209 7.92879581451416 7.91392135620117 7.78606939315796 7.65821695327759 7.53036499023438 7.40251302719116 7.27466106414795 7.14680910110474 7.01895713806152 6.83319139480591 6.62812089920044 6.42305040359497 6.21798038482666 6.01290988922119 5.80783939361572 5.60276937484741 5.38767242431641 5.14249563217163 4.89731884002686 4.65214204788208
3.72828316688538 3.87008428573608 4.01188516616821 4.15368604660034 4.29548692703247 4.56003522872925 4.8654990196228 5.17096281051636 5.47642660140991 5.78189039230347 6.08735418319702 6.39281845092773 6.66171741485596 6.82092237472534 6.98012733459473 7.13933229446411 7.2985372543335 7.45774221420288 7.61694717407227 7.77615213394165 7.83568382263184 7.8619909286499 7.88829755783081 7.91460466384888 7.94091176986694 7.96721887588501 7.99352598190308 7.97983360290527 7.8461446762085 7.71245527267456 7.57876634597778 7.44507694244385 7.31138801574707 7.17769861221313 7.0440092086792 6.85317754745483 6.64329767227173 6.43341827392578 6.22353839874268 6.01365852355957 5.80377912521362 5.59389925003052 5.37551927566528 5.13163757324219 4.88775634765625 4.64387464523315
3.2388379573822 3.36957740783691 3.50031661987305 3.63105607032776 3.76179552078247 4.06519889831543 4.42615747451782 4.78711557388306 5.14807367324829 5.50903224945068 5.86999034881592 6.23094844818115 6.54684209823608 6.72754049301147 6.90823888778687 7.08893775939941 7.2696361541748 7.4503345489502 7.63103342056274 7.81173181533813 7.87927865982056 7.90910816192627 7.93893766403198 7.9687671661377 7.99859666824341 8.02842617034912 8.05825519561768 8.04574584960938 7.90621995925903 7.76669359207153 7.62716722488403 7.48764085769653 7.34811449050903 7.20858812332153 7.06906175613403 6.87316370010376 6.65847444534302 6.44378566741943 6.22909641265869 6.01440763473511 5.79971885681152 5.58502960205078 5.36336612701416 5.1207799911499 4.87819385528564 4.63560771942139
2.74939274787903 2.86907052993774 2.98874831199646 3.10842609405518 3.22810387611389 3.57036280632019 3.98681545257568 4.40326833724976 4.81972074508667 5.23617362976074 5.65262651443481 6.06907892227173 6.43196678161621 6.63415861129761 6.83635091781616 7.03854322433472 7.24073505401611 7.44292736053467 7.64511919021606 7.84731149673462 7.92287349700928 7.95622539520264 7.989577293396 8.02292919158936 8.05628108978271 8.08963394165039 8.12298583984375 8.11165904998779 7.96629524230957 7.82093191146851 7.67556810379028 7.53020477294922 7.38484144210815 7.23947763442993 7.09411430358887 6.89314985275269 6.67365121841431 6.45415306091309 6.23465490341187 6.01515626907349 5.79565811157227 5.57615995407104 5.3512134552002 5.10992240905762 4.86863136291504 4.62734031677246
2.49905562400818 2.60593438148499 2.71281337738037 2.81969213485718 2.92657113075256 3.27903366088867 3.7133572101593 4.14768075942993 4.58200454711914 5.01632785797119 5.4506516456604 5.88497543334961 6.2643723487854 6.4789891242981 6.69360637664795 6.90822315216064 7.12283992767334 7.33745718002319 7.55207395553589 7.76669120788574 7.84853076934814 7.88611078262329 7.9236912727356 7.96127128601074 7.99885177612305 8.03643226623535 8.07401180267334 8.06467533111572 7.91458749771118 7.76449918746948 7.61441135406494 7.4643235206604 7.3142352104187 7.16414737701416 7.01405954360962 6.80914783477783 6.58596181869507 6.3627758026123 6.13958978652954 5.91640377044678 5.69321775436401 5.47003126144409 5.2441234588623 5.01004886627197 4.77597427368164 4.54189968109131
2.48782658576965 2.5801694393158 2.67251205444336 2.76485466957092 2.85719728469849 3.1912112236023 3.60578227043152 4.02035331726074 4.43492412567139 4.84949493408203 5.26406621932983 5.67863702774048 6.04405832290649 6.26203155517578 6.48000478744507 6.69797801971436 6.91595125198364 7.13392448425293 7.35189771652222 7.5698709487915 7.65625 7.69876432418823 7.74127817153931 7.78379249572754 7.82630681991577 7.868821144104 7.91133499145508 7.90479612350464 7.75109624862671 7.59739637374878 7.44369649887085 7.28999662399292 7.13629674911499 6.98259687423706 6.82889699935913 6.62115812301636 6.39540576934814 6.16965341567993 5.94390106201172 5.71814918518066 5.49239683151245 5.26664447784424 5.04209613800049 4.82115888595581 4.60022211074829 4.37928533554077
2.47659778594971 2.55440425872803 2.63221073150635 2.71001720428467 2.78782367706299 3.1033890247345 3.49820733070374 3.89302563667297 4.28784370422363 4.68266201019287 5.07748031616211 5.47229862213135 5.82374477386475 6.04507446289062 6.26640367507935 6.48773336410522 6.70906257629395 6.93039178848267 7.15172147750854 7.37305068969727 7.46396923065186 7.51141738891602 7.55886554718018 7.60631370544434 7.6537618637085 7.70121002197266 7.74865818023682 7.7449164390564 7.58760499954224 7.43029308319092 7.27298164367676 7.11566972732544 6.95835828781128 6.80104637145996 6.6437349319458 6.43316793441772 6.20484972000122 5.97653102874756 5.74821281433105 5.51989459991455 5.29157590866089 5.06325769424438 4.84006881713867 4.63226938247681 4.42446994781494 4.21667051315308
2.46536874771118 2.52863907814026 2.59190940856934 2.65517973899841 2.71844983100891 3.0155668258667 3.39063239097595 3.7656979560852 4.14076375961304 4.51582908630371 4.89089488983154 5.26596069335938 5.603431224823 5.82811689376831 6.05280256271362 6.27748823165894 6.50217390060425 6.72685956954956 6.95154523849487 7.17623043060303 7.27168846130371 7.32407093048096 7.37645292282104 7.42883491516113 7.48121738433838 7.53359937667847 7.58598136901855 7.58503723144531 7.42411375045776 7.26319026947021 7.10226678848267 6.94134283065796 6.78041934967041 6.61949586868286 6.45857238769531 6.24517822265625 6.0142936706543 5.78340911865234 5.55252456665039 5.32163953781128 5.09075498580933 4.85987043380737 4.63804149627686 4.4433798789978 4.24871826171875 4.05405616760254
2.45413994789124 2.50287389755249 2.55160808563232 2.60034203529358 2.64907622337341 2.92774438858032 3.28305745124817 3.63837051391602 3.99368333816528 4.34899663925171 4.70430946350098 5.05962228775024 5.38311767578125 5.611159324646 5.8392014503479 6.06724309921265 6.29528474807739 6.5233268737793 6.75136852264404 6.97941064834595 7.07940816879272 7.13672399520874 7.19404029846191 7.25135612487793 7.3086724281311 7.36598873138428 7.42330455780029 7.42515802383423 7.26062250137329 7.09608697891235 6.93155145645142 6.76701641082764 6.6024808883667 6.43794536590576 6.27341032028198 6.05718803405762 5.82373762130737 5.59028673171997 5.35683584213257 5.12338495254517 4.88993453979492 4.65648365020752 4.4360146522522 4.2544903755188 4.0729660987854 3.891441822052
2.44291090965271 2.4771089553833 2.51130676269531 2.54550457000732 2.57970237731934 2.83992218971252 3.17548251152039 3.51104283332825 3.84660315513611 4.18216371536255 4.51772403717041 4.85328435897827 5.1628041267395 5.39420223236084 5.62559986114502 5.85699796676636 6.0883960723877 6.31979417800903 6.55119228363037 6.78259038925171 6.88712739944458 6.94937753677368 7.01162767410278 7.07387733459473 7.13612747192383 7.19837760925293 7.26062774658203 7.26527833938599 7.09713125228882 6.92898416519165 6.76083660125732 6.59268951416016 6.42454242706299 6.25639486312866 6.08824777603149 5.86919832229614 5.63318157196045 5.3971643447876 5.1611475944519 4.92513036727905 4.68911361694336 4.45309638977051 4.23398733139038 4.06560039520264 3.89721393585205 3.72882723808289
2.45640134811401 2.47740745544434 2.49841380119324 2.51942014694214 2.54042649269104 2.78246068954468 3.09817099571228 3.41388130187988 3.72959184646606 4.04530191421509 4.36101245880127 4.67672252655029 4.97044849395752 5.19821929931641 5.42599058151245 5.6537618637085 5.88153314590454 6.10930395126343 6.33707523345947 6.56484651565552 6.67070531845093 6.73592662811279 6.80114841461182 6.86636972427368 6.93159103393555 6.99681282043457 7.06203413009644 7.06794834136963 6.89594221115112 6.72393560409546 6.5519289970398 6.37992238998413 6.20791578292847 6.03590965270996 5.8639030456543 5.64601469039917 5.41283273696899 5.17965078353882 4.94646883010864 4.71328687667847 4.48010444641113 4.24692249298096 4.03368949890137 3.88030362129211 3.72691774368286 3.57353186607361
2.49461054801941 2.50376987457275 2.5129292011261 2.52208876609802 2.53124809265137 2.75536012649536 3.05112314224243 3.3468861579895 3.64264917373657 3.93841218948364 4.23417520523071 4.52993822097778 4.8060507774353 5.02321195602417 5.24037313461304 5.4575343132019 5.67469501495361 5.89185619354248 6.10901737213135 6.32617855072021 6.43014192581177 6.49637222290039 6.56260251998901 6.62883281707764 6.69506311416626 6.76129341125488 6.82752370834351 6.83316802978516 6.65705490112305 6.48094177246094 6.30482864379883 6.12871503829956 5.95260190963745 5.77648878097534 5.60037565231323 5.38763761520386 5.16269159317017 4.93774557113647 4.71279954910278 4.48785352706909 4.2629075050354 4.03796148300171 3.83512139320374 3.69859933853149 3.56207728385925 3.42555499076843
2.53281998634338 2.53013229370117 2.52744483947754 2.52475714683533 2.52206969261169 2.72825956344604 3.004075050354 3.27989077568054 3.55570650100708 3.83152222633362 4.10733795166016 4.38315343856812 4.64165306091309 4.84820413589478 5.05475521087646 5.26130628585815 5.46785736083984 5.67440891265869 5.88095998764038 6.08751106262207 6.18957805633545 6.25681734085083 6.32405662536621 6.39129543304443 6.45853471755981 6.5257740020752 6.59301328659058 6.59838771820068 6.41816759109497 6.23794794082642 6.0577278137207 5.87750816345215 5.69728803634644 5.51706838607788 5.33684825897217 5.1292610168457 4.9125509262085 4.69584083557129 4.47913074493408 4.26242065429688 4.04571056365967 3.82900047302246 3.63655352592468 3.51689505577087 3.39723682403564 3.27757835388184
2.57102918624878 2.55649471282959 2.5419602394104 2.52742576599121 2.51289129257202 2.70115876197815 2.95702719688416 3.21289563179016 3.46876382827759 3.72463226318359 3.98050045967102 4.23636865615845 4.47725534439087 4.67319631576538 4.86913776397705 5.06507873535156 5.26101970672607 5.45696115493774 5.65290212631226 5.84884309768677 5.94901466369629 6.01726245880127 6.08551073074341 6.15375852584839 6.22200679779053 6.29025459289551 6.35850238800049 6.36360692977905 6.1792802810669 5.99495363235474 5.81062746047974 5.62630081176758 5.44197416305542 5.25764751434326 5.0733208656311 4.87088394165039 4.66240978240967 4.45393562316895 4.24546146392822 4.03698778152466 3.82851362228394 3.62003946304321 3.43798542022705 3.33519077301025 3.23239636421204 3.12960171699524
