data/working_set_collections/6091692-Cassins_Sparrow-M2/1995/evpintr_avg.asc
NCOLS 265 
NROWS 230 
XLLCORNER -115.5625 
YLLCORNER 24.8333333333333 
CELLSIZE 0.0833333333333333 
NODATA_value -9999 
[rows 160 to 179 of 230, columns 138 to 183 of 265]
2.05460500717163 2.07202196121216 2.08943867683411 2.10685563087463 2.09369277954102 2.07033658027649 2.04698038101196 2.02362442016602 2.00026822090149 1.97691214084625 1.95355606079102 1.93029975891113 1.90734255313873 1.88438534736633 1.86142814159393 1.83847093582153 1.81551373004913 1.79255664348602 1.76959943771362 1.79548859596252 1.83765995502472 1.87983131408691 1.92200267314911 1.9641740322113 2.00634551048279 2.04851675033569 2.0889003276825 2.12392044067383 2.15894055366516 2.19396066665649 2.22898077964783 2.26400113105774 2.29902124404907 2.33404135704041 2.41003108024597 2.49967741966248 2.58932375907898 2.6789698600769 2.76861619949341 2.85826253890991 2.94790887832642 3.0374743938446 3.12679743766785 3.21612048149109 3.30544352531433 3.39476656913757
2.08738493919373 2.1091685295105 2.13095211982727 2.15273594856262 2.14040589332581 2.1167049407959 2.09300374984741 2.06930255889893 2.04560160636902 2.02190041542053 1.99819934368134 1.97358727455139 1.94624257087708 1.91889786720276 1.89155316352844 1.86420845985413 1.83686375617981 1.80951905250549 1.78217434883118 1.80743670463562 1.85023486614227 1.89303302764893 1.93583118915558 1.97862935066223 2.02142739295959 2.06422567367554 2.10481953620911 2.13880085945129 2.1727819442749 2.20676326751709 2.2407443523407 2.27472567558289 2.30870676040649 2.3426878452301 2.4189612865448 2.50933218002319 2.59970307350159 2.6900737285614 2.7804446220398 2.87081551551819 2.96118640899658 3.05107069015503 3.13949584960938 3.2279212474823 3.31634640693665 3.40477156639099
2.06900930404663 2.09215116500854 2.11529302597046 2.13843488693237 2.12845325469971 2.10743021965027 2.08640742301941 2.06538438796997 2.04436159133911 2.02333855628967 2.00231575965881 1.97991096973419 1.95336067676544 1.92681038379669 1.90025997161865 1.8737096786499 1.84715938568115 1.8206090927124 1.79405868053436 1.81849849224091 1.85993504524231 1.90137147903442 1.94280803203583 1.98424446582794 2.02568101882935 2.06711745262146 2.10634112358093 2.13892579078674 2.17151069641113 2.20409560203552 2.23668050765991 2.2692654132843 2.30185031890869 2.33443522453308 2.41218900680542 2.50499892234802 2.59780883789062 2.69061899185181 2.78342890739441 2.87623906135559 2.96904897689819 3.06102561950684 3.1505012512207 3.23997688293457 3.32945275306702 3.41892838478088
1.9994785785675 2.02097010612488 2.04246139526367 2.06395292282104 2.05783462524414 2.04251313209534 2.02719140052795 2.01186990737915 1.99654841423035 1.98122692108154 1.96590542793274 1.94927072525024 1.92869675159454 1.90812277793884 1.88754868507385 1.86697471141815 1.84640073776245 1.82582664489746 1.80525267124176 1.82867395877838 1.86676025390625 1.90484666824341 1.94293308258057 1.98101937770844 2.01910591125488 2.05719208717346 2.09346485137939 2.12429594993591 2.15512704849243 2.18595814704895 2.21678948402405 2.24762058258057 2.27845168113708 2.3092827796936 2.38971352577209 2.48667764663696 2.58364152908325 2.68060541152954 2.77756929397583 2.87453317642212 2.97149705886841 3.06733870506287 3.15981340408325 3.25228786468506 3.34476256370544 3.43723726272583
1.92994785308838 1.94978880882263 1.96962976455688 1.98947072029114 1.98721587657928 1.97759568691254 1.96797561645508 1.95835542678833 1.94873535633087 1.93911516666412 1.92949509620667 1.9186304807663 1.90403282642365 1.88943517208099 1.87483739852905 1.8602397441864 1.84564197063446 1.83104431629181 1.81644654273987 1.83884930610657 1.87358558177948 1.90832185745239 1.94305813312531 1.97779440879822 2.01253056526184 2.04726696014404 2.08058834075928 2.1096658706665 2.13874340057373 2.16782069206238 2.1968982219696 2.22597575187683 2.25505304336548 2.2841305732727 2.36723828315735 2.46835613250732 2.5694739818573 2.67059183120728 2.77170968055725 2.87282752990723 2.97394514083862 3.07365202903748 3.1691255569458 3.26459884643555 3.36007237434387 3.4555459022522
1.86041700839996 1.87860751152039 1.89679801464081 1.91498851776123 1.91659712791443 1.91267836093903 1.90875971317291 1.90484094619751 1.90092217922211 1.8970034122467 1.89308476448059 1.88799035549164 1.87936890125275 1.87074756622314 1.86212611198425 1.85350465774536 1.84488332271576 1.83626186847687 1.82764053344727 1.84902477264404 1.88041090965271 1.91179704666138 1.94318318367004 1.97456932067871 2.00595545768738 2.03734159469604 2.06771206855774 2.09503579139709 2.12235975265503 2.14968347549438 2.17700719833374 2.2043309211731 2.23165464401245 2.25897836685181 2.3447630405426 2.45003485679626 2.55530643463135 2.66057825088501 2.76584982872009 2.87112164497375 2.97639322280884 3.07996511459351 3.17843747138977 3.27690982818604 3.37538242340088 3.47385478019714
1.79088628292084 1.80742633342743 1.82396638393402 1.84050643444061 1.84597837924957 1.84776103496552 1.84954369068146 1.8513263463974 1.85310900211334 1.85489165782928 1.85667431354523 1.85735011100769 1.85470497608185 1.85205984115601 1.84941482543945 1.84676969051361 1.84412467479706 1.84147953987122 1.83883440494537 1.85920011997223 1.88723623752594 1.91527223587036 1.94330823421478 1.97134435176849 1.99938035011292 2.02741646766663 2.0548357963562 2.08040595054626 2.10597586631775 2.13154602050781 2.1571159362793 2.18268609046936 2.20825600624084 2.23382616043091 2.32228779792786 2.43171334266663 2.5411388874054 2.65056467056274 2.75999021530151 2.86941576004028 2.97884130477905 3.08627843856812 3.18774962425232 3.28922080993652 3.39069223403931 3.49216341972351
1.72135555744171 1.73624515533447 1.75113475322723 1.76602435112 1.77535974979401 1.78284382820129 1.79032778739929 1.79781186580658 1.80529594421387 1.81278002262115 1.82026398181915 1.82670986652374 1.83004105091095 1.83337223529816 1.83670353889465 1.84003472328186 1.84336590766907 1.84669709205627 1.85002839565277 1.8693755865097 1.89406144618988 1.91874742507935 1.94343328475952 1.96811926364899 1.99280512332916 2.01749110221863 2.04195952415466 2.06577587127686 2.08959221839905 2.11340856552124 2.13722491264343 2.16104125976562 2.18485736846924 2.20867371559143 2.29981255531311 2.41339206695557 2.52697157859802 2.64055109024048 2.75413036346436 2.86770987510681 2.98128938674927 3.09259152412415 3.19706177711487 3.30153179168701 3.40600204467773 3.51047229766846
1.65133106708527 1.66426277160645 1.67719447612762 1.6901261806488 1.70237970352173 1.71440720558167 1.72643482685089 1.73846232891083 1.75048983097076 1.76251745223999 1.77454495429993 1.78594243526459 1.79544961452484 1.8049567937851 1.81446397304535 1.82397103309631 1.83347821235657 1.84298539161682 1.85249257087708 1.87119281291962 1.89295756816864 1.91472220420837 1.93648684024811 1.95825159549713 1.98001623153687 2.00178098678589 2.02369356155396 2.04605031013489 2.06840705871582 2.09076380729675 2.11312031745911 2.13547706604004 2.15783381462097 2.1801905632019 2.27262473106384 2.38841819763184 2.50421142578125 2.62000489234924 2.73579812049866 2.85159158706665 2.96738505363464 3.08120894432068 3.18912482261658 3.29704070091248 3.40495657920837 3.51287269592285
1.58081293106079 1.59147930145264 1.60214555263519 1.61281192302704 1.62703835964203 1.6424515247345 1.65786468982697 1.67327773571014 1.68869090080261 1.70410406589508 1.71951723098755 1.73504769802094 1.75093054771423 1.76681327819824 1.78269600868225 1.79857885837555 1.81446158885956 1.83034431934357 1.84622704982758 1.86465203762054 1.88392436504364 1.90319657325745 1.92246890068054 1.94174122810364 1.96101355552673 1.98028576374054 2.00003790855408 2.02122902870178 2.04242014884949 2.06361150741577 2.08480262756348 2.10599374771118 2.12718510627747 2.14837622642517 2.24072456359863 2.35679173469543 2.47285890579224 2.58892631530762 2.70499348640442 2.82106065750122 2.9371280670166 3.05213046073914 3.16393899917603 3.27574753761292 3.3875560760498 3.49936461448669
1.51029479503632 1.51869583129883 1.52709674835205 1.53549778461456 1.55169701576233 1.57049584388733 1.58929455280304 1.60809326171875 1.62689197063446 1.64569067955017 1.66448938846588 1.68415307998657 1.70641136169434 1.72866976261139 1.75092816352844 1.7731865644455 1.79544484615326 1.81770324707031 1.83996164798737 1.85811114311218 1.87489104270935 1.89167106151581 1.90845096111298 1.92523086071014 1.94201076030731 1.95879077911377 1.97638213634491 1.99640774726868 2.01643347740173 2.03645920753479 2.05648493766785 2.0765106678009 2.09653639793396 2.11656188964844 2.20882415771484 2.32516527175903 2.44150638580322 2.55784749984741 2.6741886138916 2.79052972793579 2.90687084197998 3.02305197715759 3.13875317573547 3.25445437431335 3.37015557289124 3.48585677146912
1.43977665901184 1.44591224193573 1.45204794406891 1.45818364620209 1.47635579109192 1.49854004383087 1.52072441577911 1.54290866851807 1.56509304046631 1.58727729320526 1.6094616651535 1.63325834274292 1.66189229488373 1.69052624702454 1.71916031837463 1.74779427051544 1.77642822265625 1.80506217479706 1.83369612693787 1.85157036781311 1.86585783958435 1.88014543056488 1.89443302154541 1.90872049331665 1.92300808429718 1.93729567527771 1.95272636413574 1.97158658504486 1.99044680595398 2.00930690765381 2.02816724777222 2.04702734947205 2.06588745117188 2.08474779129028 2.17692399024963 2.29353904724121 2.41015386581421 2.52676892280579 2.64338397979736 2.75999879837036 2.87661385536194 2.99397349357605 3.11356735229492 3.23316121101379 3.35275483131409 3.47234869003296
1.36925852298737 1.37312877178192 1.37699913978577 1.38086938858032 1.40101444721222 1.4265843629837 1.45215427875519 1.47772407531738 1.50329399108887 1.52886390686035 1.55443382263184 1.58236372470856 1.61737322807312 1.65238285064697 1.68739235401154 1.72240197658539 1.75741147994995 1.7924211025238 1.82743072509766 1.84502947330475 1.85682463645935 1.86861979961395 1.88041496276855 1.89221024513245 1.90400540828705 1.91580057144165 1.92907059192657 1.94676530361176 1.96446001529694 1.98215472698212 1.9998494386673 2.01754403114319 2.03523874282837 2.05293345451355 2.14502382278442 2.26191258430481 2.37880158424377 2.49569034576416 2.61257910728455 2.72946810722351 2.8463568687439 2.96489500999451 3.08838152885437 3.21186804771423 3.33535432815552 3.45884084701538
1.29874038696289 1.30034530162811 1.30195021629333 1.30355525016785 1.32567310333252 1.35462856292725 1.38358402252197 1.41253960132599 1.44149506092072 1.47045052051544 1.49940609931946 1.5314689874649 1.57285416126251 1.61423933506012 1.65562450885773 1.69700968265533 1.73839485645294 1.77978003025055 1.82116520404816 1.83848857879639 1.84779143333435 1.85709416866302 1.86639702320099 1.87569987773895 1.88500261306763 1.89430546760559 1.90541481971741 1.92194402217865 1.93847322463989 1.95500242710114 1.97153162956238 1.98806083202362 2.00459003448486 2.02111911773682 2.11312341690063 2.23028635978699 2.34744906425476 2.46461176872253 2.58177447319031 2.69893717765808 2.81609988212585 2.93581652641296 3.06319570541382 3.19057464599609 3.31795382499695 3.44533276557922
1.24795520305634 1.24837064743042 1.24878621101379 1.24920165538788 1.2738744020462 1.30663287639618 1.33939135074615 1.37214982509613 1.40490829944611 1.43766677379608 1.47042524814606 1.50725865364075 1.55631685256958 1.60537505149841 1.65443313121796 1.70349133014679 1.75254952907562 1.80160772800446 1.85066592693329 1.86788129806519 1.87448251247406 1.88108360767365 1.88768482208252 1.89428603649139 1.90088713169098 1.90748834609985 1.91696977615356 1.93509209156036 1.95321440696716 1.97133684158325 1.98945915699005 2.00758147239685 2.02570390701294 2.04382610321045 2.12947964668274 2.2376434803009 2.34580707550049 2.45397090911865 2.56213474273682 2.67029857635498 2.77846240997314 2.89116811752319 3.01749897003174 3.14382982254028 3.27016067504883 3.39649152755737
1.2169029712677 1.21720480918884 1.21750676631927 1.21780872344971 1.24561834335327 1.28259718418121 1.31957602500916 1.3565548658371 1.39353370666504 1.43051254749298 1.46749138832092 1.50973260402679 1.56776118278503 1.62578976154327 1.68381834030151 1.74184691905975 1.79987549781799 1.85790407657623 1.91593265533447 1.93320751190186 1.93689775466919 1.94058811664581 1.94427835941315 1.94796860218048 1.95165884494781 1.95534920692444 1.96373534202576 1.9862095117569 2.00868368148804 2.03115773200989 2.05363178253174 2.07610607147217 2.09858012199402 2.12105417251587 2.194091796875 2.28398394584656 2.37387609481812 2.46376824378967 2.55366039276123 2.64355254173279 2.73344469070435 2.83094930648804 2.95129108428955 3.07163310050964 3.19197487831116 3.31231665611267
1.18585073947906 1.18603897094727 1.18622732162476 1.18641567230225 1.21736216545105 1.25856137275696 1.29976058006287 1.34095990657806 1.38215911388397 1.42335832118988 1.46455752849579 1.51220667362213 1.57920563220978 1.64620459079742 1.71320354938507 1.78020262718201 1.84720158576965 1.9142005443573 1.98119950294495 1.99853372573853 1.99931311607361 2.00009250640869 2.00087189674377 2.00165128707886 2.00243067741394 2.00321006774902 2.01050090789795 2.03732681274414 2.06415271759033 2.09097862243652 2.11780476570129 2.14463067054749 2.17145657539368 2.19828248023987 2.25870418548584 2.33032464981079 2.40194511413574 2.47356557846069 2.54518604278564 2.6168065071106 2.68842697143555 2.77073049545288 2.88508343696594 2.99943614006042 3.11378908157349 3.22814202308655
1.15479838848114 1.15487325191498 1.15494799613953 1.15502274036407 1.18910610675812 1.23452568054199 1.27994525432587 1.32536482810974 1.37078452110291 1.41620409488678 1.46162366867065 1.51468062400818 1.59065008163452 1.66661942005157 1.74258875846863 1.81855821609497 1.89452755451202 1.97049689292908 2.04646635055542 2.0638599395752 2.06172847747803 2.05959701538086 2.05746531486511 2.05533385276794 2.05320239067078 2.05107069015503 2.05726647377014 2.08844423294067 2.11962199211121 2.15079975128174 2.18197751045227 2.21315503120422 2.24433279037476 2.27551054954529 2.32331657409668 2.37666535377502 2.43001413345337 2.48336291313171 2.53671169281006 2.59006023406982 2.64340901374817 2.71051168441772 2.81887555122375 2.92723941802979 3.03560352325439 3.14396739006042
1.1237461566925 1.1237074136734 1.12366855144501 1.1236298084259 1.16085004806519 1.21048998832703 1.26012992858887 1.30976986885071 1.35940980911255 1.40904986858368 1.45868980884552 1.51715469360352 1.60209441184998 1.68703424930573 1.77197396755219 1.85691380500793 1.94185352325439 2.02679324150085 2.11173319816589 2.12918615341187 2.12414383888245 2.11910128593445 2.11405897140503 2.10901641845703 2.10397410392761 2.09893155097961 2.10403227806091 2.13956165313721 2.17509126663208 2.21062064170837 2.24615025520325 2.28167963027954 2.31720924377441 2.35273861885071 2.38792896270752 2.42300605773926 2.45808291435242 2.49316000938416 2.52823710441589 2.56331419944763 2.59839129447937 2.65029287338257 2.75266790390015 2.85504269599915 2.95741772651672 3.0597927570343
1.09269392490387 1.09254157543182 1.09238922595978 1.09223675727844 1.13259398937225 1.18645429611206 1.24031460285187 1.29417490959167 1.34803521633148 1.40189552307129 1.45575594902039 1.51962864398956 1.61353886127472 1.70744907855988 1.80135917663574 1.8952693939209 1.98917961120605 2.08308982849121 2.17700004577637 2.19451236724854 2.18655920028687 2.17860579490662 2.17065238952637 2.1626992225647 2.15474581718445 2.1467924118042 2.15079784393311 2.19067907333374 2.23056030273438 2.27044153213501 2.31032299995422 2.35020422935486 2.39008545875549 2.42996692657471 2.45254111289978 2.46934652328491 2.48615193367004 2.50295734405518 2.51976275444031 2.53656816482544 2.55337357521057 2.59007406234741 2.68646001815796 2.78284597396851 2.87923192977905 2.9756178855896
