data/working_set_collections/6091692-Cassins_Sparrow-M2/1995/evpintr_avg.asc
NCOLS 265 
NROWS 230 
XLLCORNER -115.5625 
YLLCORNER 24.8333333333333 
CELLSIZE 0.0833333333333333 
NODATA_value -9999 
[rows 120 to 139 of 230, columns 0 to 45 of 265]
0.516493082046509 0.502861857414246 0.48923060297966 0.475599348545074 0.461968123912811 0.448336869478226 0.434705644845963 0.44887188076973 0.472303956747055 0.495736062526703 0.519168138504028 0.542600214481354 0.566032290458679 0.589464366436005 0.611109435558319 0.627393484115601 0.643677532672882 0.659961521625519 0.6762455701828 0.692529559135437 0.708813607692719 0.72509765625 0.769043922424316 0.822211027145386 0.87537807226181 0.92854517698288 0.981712222099304 1.03487932682037 1.08804631233215 1.15480089187622 1.26231753826141 1.36983418464661 1.47735095024109 1.58486759662628 1.69238424301147 1.79990100860596 1.90741765499115 2.10868835449219 2.34121060371399 2.57373261451721 2.80625486373901 3.03877687454224 3.27129912376404 3.50382113456726 3.71805357933044 3.87741708755493
0.545015633106232 0.527644455432892 0.510273218154907 0.492902010679245 0.47553077340126 0.458159565925598 0.440788358449936 0.452142804861069 0.473072469234467 0.494002163410187 0.514931797981262 0.535861492156982 0.556791186332703 0.577720820903778 0.596625328063965 0.609454095363617 0.622282862663269 0.635111629962921 0.647940397262573 0.660769164562225 0.673597931861877 0.68642669916153 0.725659906864166 0.773694515228271 0.821729123592377 0.869763791561127 0.917798399925232 0.965833067893982 1.01386761665344 1.07443606853485 1.17260563373566 1.27077519893646 1.36894476413727 1.46711432933807 1.56528389453888 1.66345345973969 1.76162302494049 1.94822776317596 2.164311170578 2.38039422035217 2.59647750854492 2.81256079673767 3.02864408493042 3.24472737312317 3.44495439529419 3.59761309623718
0.573538184165955 0.552426993846893 0.531315803527832 0.510204613208771 0.489093452692032 0.467982262372971 0.446871072053909 0.455413728952408 0.473840981721878 0.492268264293671 0.510695517063141 0.529122769832611 0.547550022602081 0.565977334976196 0.582141160964966 0.591514647006989 0.600888192653656 0.610261678695679 0.619635224342346 0.629008769989014 0.638382256031036 0.647755801677704 0.682275831699371 0.725178003311157 0.768080234527588 0.810982406139374 0.85388457775116 0.89678680896759 0.939688980579376 0.994071245193481 1.0828937292099 1.17171609401703 1.26053857803345 1.34936106204987 1.43818342685699 1.52700591087341 1.61582839488983 1.78776717185974 1.98741161823273 2.18705606460571 2.38670039176941 2.58634471893311 2.7859890460968 2.9856333732605 3.17185521125793 3.31780910491943
0.602060735225677 0.57720959186554 0.552358448505402 0.527507245540619 0.502656102180481 0.477804958820343 0.452953785657883 0.458684653043747 0.47460949420929 0.490534365177155 0.506459176540375 0.52238404750824 0.538308918476105 0.55423378944397 0.567656993865967 0.573575258255005 0.579493522644043 0.585411787033081 0.591330051422119 0.597248315811157 0.60316663980484 0.609084904193878 0.638891756534576 0.676661491394043 0.714431285858154 0.752201020717621 0.789970755577087 0.827740550041199 0.865510284900665 0.913706421852112 0.993181765079498 1.07265710830688 1.15213239192963 1.23160767555237 1.3110830783844 1.39055836200714 1.47003364562988 1.62730658054352 1.81051206588745 1.99371755123138 2.17692303657532 2.36012864112854 2.54333400726318 2.72653937339783 2.8987557888031 3.03800511360168
0.6305832862854 0.601992189884186 0.573401033878326 0.544809937477112 0.516218781471252 0.487627655267715 0.459036499261856 0.461955547332764 0.475378006696701 0.488800436258316 0.502222895622253 0.515645325183868 0.529067814350128 0.542490243911743 0.553172826766968 0.555635869503021 0.55809885263443 0.560561895370483 0.563024878501892 0.565487921237946 0.567950963973999 0.570413947105408 0.595507681369781 0.628145039081573 0.660782337188721 0.693419635295868 0.72605699300766 0.758694291114807 0.791331589221954 0.833341598510742 0.903469800949097 0.973598003387451 1.04372620582581 1.11385440826416 1.18398261070251 1.25411081314087 1.32423901557922 1.4668459892273 1.63361263275146 1.80037927627563 1.96714580059052 2.1339123249054 2.30067896842957 2.46744561195374 2.62565660476685 2.75820112228394
0.659105896949768 0.626774787902832 0.594443678855896 0.56211256980896 0.529781460762024 0.497450321912766 0.465119212865829 0.465226471424103 0.476146519184113 0.4870665371418 0.49798658490181 0.508906602859497 0.519826650619507 0.530746698379517 0.538688659667969 0.537696421146393 0.536704182624817 0.535711944103241 0.53471976518631 0.533727526664734 0.532735288143158 0.531743049621582 0.552123665809631 0.579628527164459 0.607133388519287 0.634638249874115 0.662143170833588 0.689648032188416 0.717152893543243 0.752976834774017 0.81375789642334 0.874538958072662 0.93532007932663 0.996101140975952 1.05688226222992 1.1176632642746 1.17844438552856 1.30638539791107 1.45671319961548 1.6070408821106 1.75736856460571 1.90769624710083 2.05802392959595 2.20835161209106 2.35255742073059 2.47839713096619
0.699436962604523 0.66246908903122 0.625501215457916 0.588533282279968 0.551565408706665 0.514597535133362 0.477629631757736 0.474259793758392 0.482089310884476 0.489918828010559 0.497748345136642 0.505577862262726 0.513407409191132 0.521236896514893 0.526338279247284 0.523255228996277 0.520172238349915 0.517089188098907 0.5140061378479 0.510923147201538 0.507840096950531 0.504757046699524 0.522425472736359 0.547011077404022 0.571596682071686 0.596182227134705 0.620767831802368 0.645353376865387 0.66993898153305 0.702065467834473 0.756814777851105 0.811564028263092 0.866313278675079 0.921062588691711 0.975811839103699 1.03056108951569 1.08531045913696 1.20242786407471 1.34033477306366 1.47824156284332 1.61614847183228 1.75405526161194 1.89196217060089 2.02986907958984 2.16324138641357 2.28301072120667
0.751576662063599 0.709075152873993 0.666573643684387 0.624072194099426 0.58157068490982 0.539069175720215 0.496567696332932 0.48905548453331 0.49320638179779 0.497357279062271 0.501508176326752 0.505659103393555 0.509809970855713 0.513960897922516 0.516121685504913 0.512312293052673 0.508502960205078 0.504693567752838 0.500884175300598 0.497074782848358 0.493265420198441 0.489456027746201 0.506413221359253 0.530292689800262 0.554172098636627 0.578051507472992 0.601930975914001 0.625810384750366 0.649689793586731 0.680607557296753 0.732640385627747 0.784673154354095 0.836705923080444 0.888738751411438 0.940771520137787 0.992804288864136 1.04483711719513 1.15497326850891 1.28447735309601 1.41398143768311 1.54348540306091 1.67298948764801 1.80249345302582 1.93199753761292 2.05770897865295 2.17204213142395
0.80371630191803 0.755681216716766 0.707646131515503 0.65961104631424 0.611575961112976 0.563540875911713 0.515505790710449 0.503851234912872 0.504323482513428 0.504795730113983 0.505268037319183 0.505740284919739 0.506212592124939 0.506684839725494 0.505905091762543 0.50136935710907 0.496833652257919 0.492297917604446 0.487762182950974 0.483226448297501 0.478690713644028 0.474154978990555 0.49040099978447 0.513574302196503 0.536747574806213 0.559920847415924 0.583094120025635 0.606267392635345 0.629440665245056 0.659149706363678 0.708465993404388 0.757782280445099 0.807098567485809 0.85641485452652 0.905731201171875 0.955047488212585 1.0043637752533 1.1075187921524 1.22861993312836 1.3497211933136 1.47082245349884 1.59192359447479 1.71302485466003 1.83412611484528 1.95217633247375 2.06107354164124
0.855856001377106 0.80228728055954 0.748718619346619 0.695149898529053 0.641581237316132 0.588012516498566 0.534443855285645 0.518646895885468 0.515440583229065 0.512234210968018 0.50902783870697 0.505821526050568 0.50261515378952 0.499408811330795 0.495688527822495 0.490426421165466 0.48516434431076 0.479902267456055 0.474640190601349 0.469378083944321 0.464116007089615 0.458853930234909 0.474388748407364 0.496855884790421 0.519322991371155 0.541790127754211 0.564257264137268 0.58672434091568 0.609191477298737 0.637691795825958 0.68429160118103 0.730891406536102 0.777491211891174 0.824091017246246 0.870690822601318 0.91729062795639 0.963890492916107 1.06006419658661 1.17276263237 1.28546106815338 1.39815938472748 1.51085782051086 1.62355625629425 1.73625457286835 1.84664368629456 1.95010507106781
0.907995641231537 0.848893404006958 0.789791107177734 0.730688810348511 0.671586513519287 0.612484216690063 0.55338191986084 0.533442616462708 0.526557624340057 0.519672691822052 0.512787699699402 0.505902707576752 0.499017745256424 0.492132753133774 0.485471934080124 0.479483485221863 0.473495066165924 0.467506617307663 0.461518198251724 0.455529749393463 0.449541330337524 0.443552881479263 0.458376497030258 0.480137467384338 0.501898467540741 0.523659408092499 0.545420408248901 0.567181348800659 0.588942348957062 0.616233885288239 0.660117208957672 0.704000532627106 0.747883856296539 0.791767179965973 0.835650503635406 0.87953382730484 0.923417150974274 1.0126097202301 1.11690521240234 1.22120082378387 1.32549643516541 1.42979192733765 1.53408753871918 1.63838315010071 1.74111115932465 1.8391364812851
0.960135340690613 0.895499467849731 0.830863535404205 0.766227662563324 0.701591789722443 0.636955916881561 0.572319984436035 0.548238337039948 0.537674725055695 0.527111113071442 0.516547501087189 0.505983948707581 0.495420336723328 0.484856724739075 0.475255340337753 0.468540549278259 0.461825758218765 0.455110967159271 0.4483962059021 0.441681414842606 0.434966623783112 0.428251832723618 0.442364245653152 0.463419079780579 0.484473884105682 0.505528688430786 0.526583552360535 0.547638356685638 0.568693161010742 0.594775974750519 0.635942816734314 0.677109658718109 0.718276500701904 0.7594433426857 0.800610184669495 0.84177702665329 0.88294380903244 0.965155124664307 1.06104791164398 1.15694057941437 1.25283336639404 1.34872615337372 1.44461894035339 1.54051172733307 1.63557851314545 1.72816789150238
1.01155066490173 0.941813170909882 0.872075617313385 0.802338063716888 0.732600510120392 0.662862956523895 0.593125402927399 0.565320432186127 0.551492989063263 0.537665545940399 0.523838102817535 0.510010659694672 0.49618324637413 0.482355803251266 0.470146596431732 0.462792128324509 0.455437660217285 0.448083162307739 0.440728694200516 0.433374226093292 0.426019728183746 0.418665260076523 0.432188957929611 0.452672064304352 0.473155200481415 0.493638306856155 0.514121413230896 0.534604549407959 0.555087625980377 0.580237329006195 0.619386851787567 0.658536374568939 0.697685897350311 0.736835420131683 0.775984942913055 0.815134465694427 0.8542839884758 0.930993318557739 1.0202225446701 1.10945177078247 1.19868111610413 1.28791034221649 1.37713956832886 1.46636879444122 1.55515396595001 1.64260673522949
1.06224179267883 0.987834513187408 0.913427233695984 0.839020013809204 0.76461273431778 0.690205454826355 0.61579817533493 0.584689021110535 0.568012475967407 0.551335990428925 0.534659504890442 0.517983019351959 0.501306474208832 0.484629988670349 0.470145732164383 0.462238222360611 0.454330712556839 0.446423202753067 0.438515692949295 0.430608153343201 0.422700643539429 0.414793133735657 0.427850633859634 0.447896480560303 0.467942327260971 0.487988173961639 0.50803405046463 0.528079867362976 0.548125743865967 0.572617948055267 0.610449314117432 0.648280739784241 0.686112105846405 0.723943471908569 0.761774897575378 0.799606263637543 0.837437629699707 0.9101243019104 0.994429349899292 1.07873439788818 1.16303944587708 1.24734449386597 1.33164954185486 1.41595458984375 1.49983739852905 1.58245313167572
1.11293292045593 1.03385591506958 0.954778909683228 0.875701904296875 0.796624898910522 0.717547953128815 0.638470947742462 0.604057550430298 0.584531962871552 0.56500643491745 0.545480847358704 0.525955319404602 0.506429731845856 0.486904203891754 0.470144897699356 0.461684346199036 0.453223764896393 0.444763213396072 0.436302661895752 0.427842110395432 0.419381558895111 0.410921007394791 0.423512309789658 0.443120896816254 0.46272948384285 0.482338070869446 0.50194662809372 0.521555244922638 0.541163802146912 0.56499856710434 0.601511836051941 0.638025045394897 0.674538314342499 0.7110515832901 0.747564792633057 0.784078061580658 0.820591330528259 0.889255285263062 0.968636095523834 1.0480170249939 1.12739777565002 1.20677864551544 1.28615951538086 1.36554038524628 1.4445207118988 1.52229940891266
1.16362392902374 1.07987725734711 0.996130526065826 0.912383854389191 0.82863712310791 0.744890451431274 0.661143720149994 0.623426079750061 0.601051449775696 0.578676819801331 0.55630224943161 0.533927619457245 0.51155298948288 0.489178389310837 0.470144033432007 0.461130440235138 0.452116847038269 0.4431032538414 0.434089660644531 0.425076067447662 0.416062474250793 0.407048881053925 0.419173985719681 0.438345313072205 0.457516640424728 0.47668793797493 0.495859265327454 0.515030562877655 0.534201920032501 0.557379186153412 0.592574298381805 0.627769410610199 0.662964522838593 0.698159635066986 0.73335474729538 0.768549859523773 0.803744971752167 0.868386209011078 0.942842900753021 1.01729953289032 1.09175622463226 1.16621291637421 1.24066948890686 1.3151261806488 1.38920414447784 1.46214580535889
1.21431505680084 1.12589859962463 1.03748214244843 0.949065744876862 0.860649347305298 0.772232890129089 0.683816492557526 0.642794609069824 0.61757093667984 0.592347264289856 0.567123591899872 0.541899919509888 0.516676247119904 0.491452574729919 0.470143169164658 0.46057653427124 0.451009899377823 0.441443294286728 0.431876659393311 0.422310024499893 0.412743389606476 0.403176784515381 0.414835661649704 0.433569729328156 0.452303767204285 0.471037834882736 0.489771872758865 0.508505940437317 0.527239978313446 0.549759805202484 0.58363676071167 0.617513716220856 0.651390731334686 0.685267686843872 0.719144642353058 0.753021657466888 0.786898612976074 0.847517192363739 0.917049646377563 0.986582100391388 1.05611455440521 1.12564706802368 1.19517946243286 1.26471197605133 1.3338874578476 1.40199208259583
1.26500606536865 1.17191994190216 1.07883381843567 0.985747694969177 0.892661511898041 0.799575388431549 0.706489264965057 0.662163138389587 0.634090423583984 0.606017708778381 0.577944993972778 0.54987221956253 0.521799504756927 0.493726760149002 0.470142304897308 0.460022628307343 0.449902981519699 0.439783304929733 0.42966365814209 0.419543981552124 0.409424304962158 0.399304658174515 0.410497337579727 0.428794115781784 0.447090923786163 0.46538770198822 0.4836845099926 0.501981317996979 0.520278096199036 0.542140364646912 0.574699223041534 0.607258081436157 0.639816880226135 0.672375738620758 0.704934597015381 0.737493395805359 0.770052254199982 0.8266481757164 0.89125645160675 0.955864667892456 1.02047300338745 1.08508121967316 1.14968943595886 1.21429777145386 1.27857089042664 1.34183847904205
1.27352702617645 1.18113136291504 1.08873569965363 0.996340036392212 0.903944373130798 0.811548709869385 0.719153046607971 0.673917591571808 0.644402146339417 0.61488676071167 0.585371315479279 0.555855929851532 0.526340544223785 0.496825128793716 0.471989244222641 0.461191922426224 0.450394630432129 0.439597338438034 0.428800016641617 0.418002724647522 0.407205402851105 0.39640811085701 0.407380223274231 0.425608783960342 0.443837344646454 0.462065935134888 0.480294495820999 0.498523086309433 0.516751646995544 0.538488388061523 0.570749700069427 0.603010952472687 0.635272264480591 0.66753351688385 0.699794828891754 0.732056140899658 0.764317393302917 0.820364534854889 0.884340286254883 0.948316037654877 1.01229178905487 1.07626760005951 1.14024329185486 1.2042191028595 1.26759600639343 1.32917630672455
1.23987793922424 1.15353286266327 1.06718790531158 0.980842888355255 0.894497871398926 0.808152854442596 0.721807837486267 0.678057849407196 0.648506104946136 0.618954420089722 0.589402735233307 0.559851050376892 0.530299305915833 0.500747621059418 0.475683957338333 0.464084416627884 0.452484875917435 0.440885335206985 0.429285794496536 0.417686223983765 0.406086683273315 0.394487142562866 0.405484288930893 0.424013704061508 0.442543089389801 0.461072474718094 0.479601889848709 0.498131275177002 0.516660690307617 0.538803815841675 0.571788132190704 0.604772448539734 0.637756764888763 0.670741081237793 0.703725397586823 0.736709713935852 0.769694030284882 0.82866632938385 0.89630126953125 0.963936150074005 1.03157114982605 1.09920608997345 1.16684091091156 1.23447585105896 1.30096280574799 1.3640056848526
