data/working_set_collections/6091692-Cassins_Sparrow-M2/1995/evpintr_avg.asc
NCOLS 265 
NROWS 230 
XLLCORNER -115.5625 
YLLCORNER 24.8333333333333 
CELLSIZE 0.0833333333333333 
NODATA_value -9999 
[rows 40 to 59 of 230, columns 184 to 229 of 265]
3.98023796081543 4.00540113449097 4.0305643081665 4.05467557907104 4.07843589782715 4.10219621658325 4.1259560585022 4.1497163772583 4.1734766960144 4.19723701477051 4.2153263092041 4.21640205383301 4.21747779846191 4.21855354309082 4.21962976455688 4.22070550918579 4.2217812538147 4.22285747528076 4.23385524749756 4.24816036224365 4.26246547698975 4.276771068573 4.29107618331909 4.30538129806519 4.31968641281128 4.33703088760376 4.36349248886108 4.38995456695557 4.41641616821289 4.44287824630737 4.4693398475647 4.49580144882202 4.5222635269165 4.54924726486206 4.57640552520752 4.60356330871582 4.63072109222412 4.65787935256958 4.68503713607788 4.71219539642334 4.74233341217041 4.78141212463379 4.82049036026001 4.85956907272339 4.89864778518677 4.93772602081299
3.9916524887085 4.01627397537231 4.04089546203613 4.06409502029419 4.08682012557983 4.10954523086548 4.13227033615112 4.15499544143677 4.17772054672241 4.20044612884521 4.21695280075073 4.21480417251587 4.21265602111816 4.21050786972046 4.2083592414856 4.20621109008789 4.20406246185303 4.20191431045532 4.21369504928589 4.23011827468872 4.24654197692871 4.2629656791687 4.27938890457153 4.29581260681152 4.31223630905151 4.33043003082275 4.35393619537354 4.37744235992432 4.40094804763794 4.42445421218872 4.4479603767395 4.47146606445312 4.49497222900391 4.52136564254761 4.54872179031372 4.57607793807983 4.60343408584595 4.63079023361206 4.65814638137817 4.68550252914429 4.71570110321045 4.75442743301392 4.79315328598022 4.83187913894653 4.87060546875 4.90933132171631
3.99676275253296 4.0203332901001 4.04390335083008 4.06603002548218 4.08767509460449 4.10932016372681 4.13096570968628 4.15261077880859 4.17425584793091 4.19590091705322 4.21171712875366 4.21004629135132 4.20837497711182 4.20670413970947 4.20503282546997 4.20336198806763 4.20169067382812 4.20001983642578 4.21394109725952 4.23305988311768 4.25217914581299 4.27129793167114 4.29041719436646 4.30953598022461 4.32865476608276 4.3489556312561 4.37280130386353 4.39664745330811 4.42049312591553 4.44433879852295 4.46818494796753 4.49203062057495 4.51587629318237 4.5403847694397 4.56511354446411 4.58984231948853 4.61457109451294 4.63929986953735 4.66402912139893 4.68875789642334 4.71611595153809 4.75136137008667 4.78660726547241 4.821852684021 4.85709857940674 4.89234399795532
3.99556946754456 4.01757907867432 4.0395884513855 4.06048107147217 4.08100128173828 4.10152149200439 4.12204170227051 4.14256191253662 4.16308212280273 4.18360233306885 4.19961929321289 4.20212697982788 4.20463466644287 4.20714235305786 4.20965051651001 4.212158203125 4.21466588973999 4.21717357635498 4.23459386825562 4.25698566436768 4.27937698364258 4.30176877975464 4.32416009902954 4.34655141830444 4.3689432144165 4.39260721206665 4.42008829116821 4.44756984710693 4.4750509262085 4.50253200531006 4.53001356124878 4.55749464035034 4.58497619628906 4.60630369186401 4.62557983398438 4.64485597610474 4.66413259506226 4.68340873718262 4.70268487930298 4.72196102142334 4.74357748031616 4.77221488952637 4.80085229873657 4.82948970794678 4.85812664031982 4.88676404953003
3.99437594413757 4.01482439041138 4.03527307510376 4.05493211746216 4.07432699203491 4.09372234344482 4.11311769485474 4.13251304626465 4.15190839767456 4.17130374908447 4.18752145767212 4.1942081451416 4.20089483261108 4.20758104324341 4.21426773071289 4.22095441818237 4.2276406288147 4.23432731628418 4.25524711608887 4.28091096878052 4.30657482147217 4.33223915100098 4.35790300369263 4.38356733322144 4.40923118591309 4.43625831604004 4.4673752784729 4.49849224090576 4.52960872650146 4.56072568893433 4.59184217453003 4.62295913696289 4.65407609939575 4.67222261428833 4.68604612350464 4.69987010955811 4.71369361877441 4.72751712799072 4.74134063720703 4.75516414642334 4.7710394859314 4.79306840896606 4.81509733200073 4.8371262550354 4.85915517807007 4.88118410110474
3.99318242073059 4.0120701789856 4.03095817565918 4.04938268661499 4.0676531791687 4.08592367172241 4.10419368743896 4.12246417999268 4.14073467254639 4.15900468826294 4.17542409896851 4.18628931045532 4.19715452194214 4.20801973342896 4.21888494491577 4.22975063323975 4.24061584472656 4.25148105621338 4.27589988708496 4.30483627319336 4.33377313613892 4.36270952224731 4.39164638519287 4.42058277130127 4.44951963424683 4.47990989685059 4.51466226577759 4.54941415786743 4.58416652679443 4.61891889572144 4.65367126464844 4.68842315673828 4.72317552566528 4.7381420135498 4.74651288986206 4.75488376617432 4.76325464248657 4.77162551879883 4.77999639511108 4.7883677482605 4.79850101470947 4.8139214515686 4.82934236526489 4.84476280212402 4.86018371582031 4.87560415267944
3.99198889732361 4.00931596755981 4.02664279937744 4.04383373260498 4.06097936630249 4.07812452316284 4.09527015686035 4.1124153137207 4.12956094741821 4.14670610427856 4.16332626342773 4.17837047576904 4.19341421127319 4.2084584236145 4.22350263595581 4.23854684829712 4.25359058380127 4.26863479614258 4.29655265808105 4.32876205444336 4.36097097396851 4.39317989349365 4.42538928985596 4.4575982093811 4.48980760574341 4.52356147766113 4.56194925308228 4.60033655166626 4.6387243270874 4.67711210250854 4.71549987792969 4.75388765335083 4.79227542877197 4.80406093597412 4.80697917938232 4.80989742279053 4.81281614303589 4.81573438644409 4.8186526298523 4.8215708732605 4.82596254348755 4.8347749710083 4.84358739852905 4.8523998260498 4.8612117767334 4.87002420425415
3.99079537391663 4.00656175613403 4.02232789993286 4.03828477859497 4.05430507659912 4.07032585144043 4.08634614944458 4.10236644744873 4.11838722229004 4.13440752029419 4.15122842788696 4.17045116424561 4.18967437744141 4.20889711380005 4.22811985015869 4.24734306335449 4.26656579971313 4.28578853607178 4.31720542907715 4.3526873588562 4.3881688117981 4.42365074157715 4.45913219451904 4.4946141242981 4.53009557723999 4.56721258163452 4.6092357635498 4.65125894546509 4.69328212738037 4.73530530929565 4.77732849121094 4.81935167312622 4.8613748550415 4.8699803352356 4.86744594573975 4.8649115562439 4.86237716674805 4.8598427772522 4.85730838775635 4.8547739982605 4.85342454910278 4.855628490448 4.85783243179321 4.86003637313843 4.86224031448364 4.86444425582886
3.97720289230347 3.99086332321167 4.00452375411987 4.01901340484619 4.03377962112427 4.04854583740234 4.06331157684326 4.07807779312134 4.09284400939941 4.10761022567749 4.12473344802856 4.14892721176147 4.17312097549438 4.1973147392273 4.2215085029602 4.24570274353027 4.26989650726318 4.29409027099609 4.32882642745972 4.3670768737793 4.40532732009888 4.4435772895813 4.48182773590088 4.52007818222046 4.55832815170288 4.59837007522583 4.64378643035889 4.68920278549194 4.734619140625 4.78003549575806 4.82545185089111 4.87086820602417 4.91628456115723 4.92340564727783 4.91776180267334 4.91211795806885 4.90647411346436 4.90083026885986 4.89518642425537 4.88954257965088 4.88488626480103 4.8831934928894 4.88150072097778 4.87980794906616 4.87811517715454 4.87642192840576
3.95121097564697 3.96222066879272 3.97323060035706 3.98601984977722 3.99940228462219 4.01278448104858 4.02616691589355 4.03954935073853 4.0529317855835 4.06631422042847 4.08384037017822 4.11379766464233 4.14375448226929 4.1737117767334 4.20366859436035 4.23362588882446 4.26358318328857 4.29354000091553 4.33141565322876 4.37193059921265 4.41244554519653 4.45296049118042 4.49347543716431 4.53399038314819 4.57450532913208 4.61703300476074 4.6656002998352 4.71416759490967 4.76273488998413 4.81130218505859 4.85986948013306 4.90843677520752 4.95700407028198 4.9643383026123 4.95792770385742 4.95151710510254 4.94510698318481 4.93869638442993 4.93228626251221 4.92587566375732 4.92034864425659 4.91747045516968 4.91459226608276 4.91171407699585 4.90883588790894 4.90595769882202
3.92521929740906 3.93357825279236 3.94193744659424 3.95302605628967 3.96502494812012 3.97702360153198 3.98902225494385 4.00102090835571 4.01301956176758 4.02501821517944 4.04294776916504 4.07866764068604 4.11438798904419 4.15010833740234 4.1858286857605 4.22154903411865 4.25726938247681 4.29298973083496 4.33400440216064 4.376784324646 4.41956377029419 4.46234321594238 4.50512313842773 4.54790258407593 4.59068202972412 4.63569641113281 4.68741464614868 4.73913288116455 4.79085063934326 4.84256887435913 4.894287109375 4.94600534439087 4.99772357940674 5.00527048110962 4.9980936050415 4.99091672897339 4.98373985290527 4.97656297683716 4.96938610076904 4.96220922470093 4.955810546875 4.95174694061279 4.94768381118774 4.94362020492554 4.93955659866333 4.93549299240112
3.89922738075256 3.90493583679199 3.91064429283142 3.9200325012207 3.93064761161804 3.9412624835968 3.95187759399414 3.9624924659729 3.97310757637024 3.983722448349 4.0020546913147 4.04353809356689 4.08502197265625 4.12650537490845 4.16798877716064 4.20947217941284 4.2509560585022 4.29243946075439 4.33659362792969 4.38163757324219 4.42668199539185 4.4717264175415 4.516770362854 4.56181478500366 4.60685920715332 4.65435934066772 4.709228515625 4.76409769058228 4.81896686553955 4.87383556365967 4.92870473861694 4.98357391357422 5.03844308853149 5.04620265960693 5.03825950622559 5.03031587600708 5.02237272262573 5.01442909240723 5.00648593902588 4.99854230880737 4.99127292633057 4.98602390289307 4.98077487945557 4.97552633285522 4.97027730941772 4.96502876281738
3.87323570251465 3.87629342079163 3.8793511390686 3.88703894615173 3.89627027511597 3.9055016040802 3.91473269462585 3.92396402359009 3.93319535255432 3.94242668151855 3.96116185188293 4.00840854644775 4.05565547943115 4.10290193557739 4.15014886856079 4.19739580154419 4.24464225769043 4.29188919067383 4.33918237686157 4.38649129867554 4.4338002204895 4.48110914230347 4.52841806411743 4.5757269859314 4.62303590774536 4.6730227470398 4.73104286193848 4.7890625 4.84708261489868 4.90510272979736 4.96312236785889 5.02114248275757 5.07916259765625 5.08713483810425 5.07842493057251 5.06971549987793 5.06100559234619 5.05229568481445 5.04358577728271 5.03487586975098 5.02673482894897 5.02030086517334 5.01386642456055 5.00743246078491 5.00099849700928 4.99456405639648
3.84724378585815 3.84765076637268 3.84805774688721 3.85404539108276 3.86189293861389 3.86974048614502 3.87758803367615 3.88543558120728 3.89328336715698 3.90113091468811 3.92026901245117 3.97327899932861 4.02628898620605 4.0792989730835 4.13230895996094 4.18531894683838 4.23832893371582 4.29133892059326 4.34177160263062 4.39134502410889 4.44091844558716 4.49049234390259 4.54006576538086 4.58963918685913 4.63921308517456 4.69168567657471 4.7528567314148 4.81402778625488 4.87519836425781 4.9363694190979 4.99753999710083 5.05871105194092 5.11988162994385 5.12806749343872 5.11859083175659 5.10911464691162 5.09963846206665 5.09016180038452 5.08068561553955 5.07120943069458 5.06219720840454 5.05457735061646 5.04695796966553 5.0393385887146 5.03171920776367 5.02409982681274
3.8307933807373 3.83108162879944 3.83136987686157 3.83734750747681 3.84522151947021 3.8530957698822 3.86096978187561 3.86884379386902 3.87671804428101 3.88459205627441 3.90456485748291 3.96083378791809 4.01710271835327 4.07337188720703 4.12964105606079 4.18591022491455 4.24217891693115 4.29844808578491 4.34975433349609 4.39940643310547 4.44905853271484 4.49871063232422 4.54836273193359 4.59801483154297 4.64766693115234 4.7006778717041 4.76376533508301 4.82685279846191 4.88994026184082 4.95302772521973 5.01611518859863 5.07920265197754 5.14229011535645 5.15085935592651 5.1412558555603 5.13165235519409 5.12204933166504 5.11244583129883 5.10284233093262 5.09323930740356 5.08399629592896 5.07583570480347 5.06767511367798 5.05951404571533 5.05135345458984 5.0431923866272
3.82388401031494 3.82658553123474 3.82928729057312 3.83694577217102 3.8462564945221 3.85556721687317 3.86487793922424 3.87418866157532 3.88349938392639 3.89281010627747 3.91404914855957 3.97107315063477 4.02809715270996 4.08512115478516 4.14214515686035 4.19916915893555 4.25619316101074 4.31321716308594 4.36313152313232 4.41067552566528 4.4582200050354 4.50576448440552 4.55330896377563 4.60085344314575 4.64839792251587 4.69999837875366 4.76376819610596 4.82753801345825 4.89130783081055 4.95507764816284 5.01884746551514 5.08261680603027 5.14638662338257 5.15551090240479 5.14642000198364 5.1373291015625 5.12823820114136 5.11914730072021 5.11005640029907 5.10096549987793 5.09213304519653 5.08407497406006 5.07601690292358 5.06795930862427 5.05990123748779 5.05184316635132
3.81697487831116 3.82208967208862 3.82720446586609 3.83654379844666 3.8472912311554 3.85803866386414 3.86878609657288 3.87953352928162 3.89028096199036 3.9010283946991 3.92353367805481 3.98131251335144 4.03909158706665 4.09687042236328 4.15464925765991 4.21242809295654 4.27020692825317 4.3279857635498 4.3765082359314 4.42194509506226 4.46738147735596 4.51281833648682 4.55825519561768 4.60369205474854 4.64912843704224 4.69931936264038 4.76377105712891 4.82822322845459 4.89267539978027 4.95712757110596 5.02157926559448 5.08603143692017 5.15048360824585 5.16016292572021 5.15158414840698 5.14300584793091 5.13442754745483 5.12584924697876 5.11727046966553 5.10869216918945 5.10026979446411 5.09231424331665 5.08435916900635 5.07640409469604 5.06844902038574 5.06049346923828
3.81006550788879 3.8175938129425 3.82512187957764 3.83614182472229 3.8483259677887 3.8605101108551 3.87269425392151 3.88487839698792 3.89706254005432 3.90924668312073 3.93301820755005 3.99155187606812 4.05008554458618 4.10861968994141 4.16715335845947 4.22568702697754 4.28422117233276 4.34275484085083 4.38988494873047 4.43321418762207 4.47654342651367 4.51987218856812 4.56320142745972 4.60653066635132 4.64985942840576 4.69863986968994 4.76377439498901 4.82890844345093 4.89404296875 4.95917749404907 5.02431154251099 5.08944606781006 5.15458059310913 5.16481447219849 5.15674877166748 5.14868259429932 5.14061689376831 5.13255071640015 5.12448501586914 5.11641883850098 5.10840606689453 5.1005539894104 5.09270143508911 5.08484888076782 5.07699632644653 5.0691442489624
3.80315637588501 3.81309771537781 3.82303905487061 3.8357400894165 3.84936094284058 3.86298155784607 3.87660241127014 3.89022326469421 3.90384387969971 3.91746473312378 3.94250249862671 4.00179147720337 4.06107997894287 4.12036895751953 4.17965745925903 4.23894643783569 4.2982349395752 4.35752391815186 4.4032621383667 4.44448328018188 4.48570489883423 4.52692604064941 4.56814765930176 4.60936880111694 4.65059041976929 4.6979603767395 4.76377725601196 4.82959365844727 4.89541053771973 4.96122741699219 5.02704381942749 5.09286069869995 5.15867710113525 5.16946601867676 5.16191291809082 5.15435934066772 5.14680576324463 5.13925218582153 5.1316990852356 5.1241455078125 5.11654281616211 5.10879325866699 5.10104370117188 5.0932936668396 5.08554410934448 5.07779455184937
3.79624724388123 3.80860185623169 3.82095646858215 3.83533811569214 3.85039567947388 3.86545300483704 3.88051056861877 3.89556813240051 3.91062545776367 3.92568302154541 3.95198702812195 4.01203060150146 4.07207441329956 4.13211822509766 4.19216156005859 4.25220537185669 4.31224918365479 4.37229299545288 4.41663885116577 4.45575284957886 4.49486637115479 4.53397989273071 4.5730938911438 4.61220741271973 4.65132141113281 4.69728136062622 4.76378011703491 4.83027935028076 4.89677810668945 4.96327686309814 5.02977609634399 5.09627485275269 5.16277408599854 5.17411804199219 5.16707706451416 5.16003608703613 5.15299510955811 5.14595413208008 5.13891315460205 5.13187217712402 5.12467956542969 5.11703252792358 5.10938596725464 5.10173892974854 5.09409189224243 5.08644485473633
