data/working_set_collections/6091692-Cassins_Sparrow-M2/1995/evpsoil_avg.asc
NCOLS 265 
NROWS 230 
XLLCORNER -115.5625 
YLLCORNER 24.8333333333333 
CELLSIZE 0.0833333333333333 
NODATA_value -9999 
[rows 120 to 139 of 230, columns 138 to 183 of 265]
25.0628204345703 25.0432434082031 25.0236663818359 25.0040912628174 24.9451999664307 24.8732032775879 24.8012065887451 24.729211807251 24.6572151184082 24.5852184295654 24.5132236480713 24.5436859130859 24.8815307617188 25.2193756103516 25.5572185516357 25.8950634002686 26.2329063415527 26.5707511901855 26.9085960388184 27.1745758056641 27.4166030883789 27.6586303710938 27.9006576538086 28.1426849365234 28.3847122192383 28.6267395019531 28.8237361907959 28.8856391906738 28.9475421905518 29.0094451904297 29.0713481903076 29.1332492828369 29.1951522827148 29.2570552825928 29.5160636901855 29.8407726287842 30.1654834747314 30.4901924133301 30.8149032592773 31.139612197876 31.4643230438232 31.7664470672607 32.0008125305176 32.235179901123 32.4695472717285 32.7039108276367
24.7496509552002 24.7186031341553 24.6875553131104 24.6565074920654 24.6098709106445 24.5580348968506 24.5062007904053 24.45436668396 24.402530670166 24.3506965637207 24.2988624572754 24.3396835327148 24.6584758758545 24.9772682189941 25.2960605621338 25.6148548126221 25.9336471557617 26.2524394989014 26.571231842041 26.8811130523682 27.1880226135254 27.4949340820312 27.8018436431885 28.1087551116943 28.4156665802002 28.7225761413574 28.9614734649658 28.9963264465332 29.0311794281006 29.066032409668 29.1008853912354 29.1357383728027 29.1705913543701 29.2054443359375 29.4517078399658 29.7684421539307 30.0851764678955 30.4019107818604 30.7186450958252 31.0353775024414 31.3521118164062 31.6491050720215 31.8868751525879 32.124641418457 32.3624114990234 32.6001815795898
24.4364814758301 24.3939628601074 24.3514442443848 24.3089256286621 24.2745418548584 24.2428684234619 24.2111949920654 24.1795215606689 24.1478481292725 24.116174697876 24.0845012664795 24.1356811523438 24.4354228973389 24.7351627349854 25.0349044799805 25.334644317627 25.6343860626221 25.9341259002686 26.2338676452637 26.5876483917236 26.9594421386719 27.3312358856201 27.7030296325684 28.0748233795166 28.4466190338135 28.8184127807617 29.0992088317871 29.1070117950439 29.1148147583008 29.1226196289062 29.1304225921631 29.1382255554199 29.1460304260254 29.1538333892822 29.3873519897461 29.6961116790771 30.0048694610596 30.313627243042 30.622386932373 30.9311447143555 31.2399024963379 31.5317649841309 31.7729358673096 32.0141067504883 32.2552795410156 32.4964485168457
24.1233100891113 24.0693225860596 24.0153331756592 23.9613437652588 23.9392127990723 23.9277000427246 23.9161891937256 23.9046764373779 23.8931636810303 23.8816528320312 23.8701400756836 23.9316787719727 24.2123680114746 24.4930572509766 24.7737464904785 25.0544357299805 25.3351249694824 25.6158142089844 25.8965034484863 26.2941837310791 26.7308616638184 27.167537689209 27.6042156219482 28.0408935546875 28.4775714874268 28.9142475128174 29.2369441986084 29.2176990509033 29.1984519958496 29.1792068481445 29.1599597930908 29.1407146453857 29.121467590332 29.102222442627 29.322998046875 29.623779296875 29.9245624542236 30.2253456115723 30.5261268615723 30.8269100189209 31.1276931762695 31.4144229888916 31.6589965820312 31.9035701751709 32.1481437683105 32.3927192687988
23.8101406097412 23.7446804046631 23.6792221069336 23.6137619018555 23.6038837432861 23.6125335693359 23.6211833953857 23.6298313140869 23.6384811401367 23.6471309661865 23.6557788848877 23.7276763916016 23.9893131256104 24.2509517669678 24.5125885009766 24.774227142334 25.0358638763428 25.2975025177002 25.559139251709 26.0007190704346 26.5022811889648 27.0038414001465 27.5054016113281 28.0069618225098 28.50852394104 29.0100841522217 29.3746814727783 29.3283843994141 29.2820892333984 29.2357940673828 29.1894989013672 29.1432018280029 29.0969066619873 29.0506114959717 29.2586421966553 29.5514488220215 29.8442554473877 30.1370620727539 30.4298686981201 30.7226753234863 31.0154819488525 31.297082901001 31.5450592041016 31.7930355072021 32.0410118103027 32.2889862060547
23.4969711303711 23.4200401306152 23.3431091308594 23.2661800384521 23.2685546875 23.2973651885986 23.3261756896973 23.3549861907959 23.3837985992432 23.4126091003418 23.4414196014404 23.5236740112305 23.7662601470947 24.008846282959 24.2514324188232 24.4940166473389 24.7366027832031 24.9791889190674 25.2217750549316 25.70725440979 26.2736988067627 26.8401432037354 27.406587600708 27.9730319976807 28.5394763946533 29.105920791626 29.5124168395996 29.4390716552734 29.3657264709473 29.2923812866211 29.2190361022949 29.1456909179688 29.0723457336426 28.9990005493164 29.1942863464355 29.479118347168 29.7639484405518 30.0487804412842 30.333610534668 30.6184425354004 30.9032726287842 31.1797409057617 31.4311199188232 31.6824989318848 31.9338779449463 32.1852569580078
23.331262588501 23.2446022033691 23.1579418182373 23.0712814331055 23.0753688812256 23.1097049713135 23.1440410614014 23.1783771514893 23.2127151489258 23.2470512390137 23.2813873291016 23.358959197998 23.5662326812744 23.7735061645508 23.9807796478271 24.1880531311035 24.3953285217285 24.6026020050049 24.8098754882812 25.3462047576904 25.9922218322754 26.6382369995117 27.284252166748 27.9302673339844 28.5762825012207 29.2222995758057 29.6805305480957 29.5754108428955 29.4702930450439 29.3651733398438 29.2600555419922 29.154935836792 29.0498161315918 28.9446983337402 29.1274070739746 29.4060592651367 29.6847114562988 29.9633636474609 30.242015838623 30.5206680297852 30.7993202209473 31.0715312957764 31.3244209289551 31.5773105621338 31.8302001953125 32.0830879211426
23.3130149841309 23.2183647155762 23.1237163543701 23.0290660858154 23.0243244171143 23.0495510101318 23.0747776031494 23.100004196167 23.1252307891846 23.1504592895508 23.1756858825684 23.2335300445557 23.389232635498 23.5449333190918 23.7006340026855 23.8563346862793 24.0120372772217 24.1677379608154 24.3234386444092 24.9175701141357 25.657844543457 26.398120880127 27.1383953094482 27.8786697387695 28.6189460754395 29.3592205047607 29.8790225982666 29.7374057769775 29.5957889556885 29.4541721343994 29.3125553131104 29.1709384918213 29.0293216705322 28.8877048492432 29.0580024719238 29.3322734832764 29.6065425872803 29.8808116912842 30.1550827026367 30.4293518066406 30.7036228179932 30.9724521636963 31.2249603271484 31.4774684906006 31.7299766540527 31.9824848175049
23.2947673797607 23.1921291351318 23.0894908905029 22.9868507385254 22.9732799530029 22.9893970489502 23.0055141448975 23.0216312408447 23.037748336792 23.0538654327393 23.0699825286865 23.1081027984619 23.212230682373 23.3163604736328 23.4204883575439 23.5246162414551 23.6287460327148 23.732873916626 23.8370018005371 24.4889354705811 25.3234691619873 26.1580047607422 26.9925384521484 27.8270721435547 28.6616077423096 29.4961414337158 30.0775127410889 29.8993988037109 29.721284866333 29.5431690216064 29.3650550842285 29.1869411468506 29.008825302124 28.8307113647461 28.988597869873 29.2584857940674 29.5283737182617 29.7982616424561 30.0681495666504 30.3380374908447 30.6079254150391 30.8733730316162 31.1254997253418 31.377628326416 31.6297550201416 31.8818817138672
23.2765216827393 23.1658935546875 23.0552654266357 22.944637298584 22.9222354888916 22.9292430877686 22.9362506866455 22.9432582855225 22.9502658843994 22.9572734832764 22.9642810821533 22.9826755523682 23.0352306365967 23.0877876281738 23.1403427124023 23.1928977966309 23.245454788208 23.2980098724365 23.3505668640137 24.0603008270264 24.9890937805176 25.9178886413574 26.8466815948486 27.7754745483398 28.7042694091797 29.6330623626709 30.2760047912598 30.0613918304443 29.8467807769775 29.6321678161621 29.4175548553467 29.2029418945312 28.9883308410645 28.773717880249 28.9191932678223 29.184700012207 29.4502048492432 29.7157115936279 29.9812164306641 30.2467231750488 30.512228012085 30.7742938995361 31.0260410308838 31.2777862548828 31.5295314788818 31.7812786102295
23.2582740783691 23.1396560668945 23.0210399627686 22.9024219512939 22.8711910247803 22.8690891265869 22.8669872283936 22.8648853302002 22.8627834320068 22.8606796264648 22.8585777282715 22.8572483062744 22.8582305908203 22.8592147827148 22.8601970672607 22.8611793518066 22.8621635437012 22.8631458282471 22.8641300201416 23.6316661834717 24.6547183990479 25.6777725219727 26.7008247375488 27.723876953125 28.7469310760498 29.769983291626 30.4744968414307 30.2233867645264 29.9722747802734 29.7211647033691 29.4700546264648 29.2189445495605 28.9678344726562 28.716724395752 28.8497886657715 29.110912322998 29.3720359802246 29.6331596374512 29.8942852020264 30.1554088592529 30.4165325164795 30.6752166748047 30.9265804290771 31.1779441833496 31.4293098449707 31.6806735992432
23.240026473999 23.1134204864502 22.9868144989014 22.8602066040039 22.8201465606689 22.8089351654053 22.7977237701416 22.7865123748779 22.7752990722656 22.764087677002 22.7528762817383 22.731819152832 22.6812305450439 22.6306400299072 22.5800514221191 22.5294628143311 22.4788722991943 22.4282836914062 22.3776931762695 23.2030296325684 24.3203430175781 25.4376544952393 26.554967880249 27.6722812652588 28.7895927429199 29.9069061279297 30.6729869842529 30.3853797912598 30.097770690918 29.8101634979248 29.522554397583 29.2349472045898 28.947338104248 28.6597309112549 28.7803840637207 29.0371265411377 29.2938690185547 29.550609588623 29.80735206604 30.0640926361084 30.3208351135254 30.5761375427246 30.8271198272705 31.078104019165 31.3290863037109 31.5800704956055
23.1650123596191 23.0107460021973 22.8564796447754 22.7022151947021 22.652946472168 22.6386756896973 22.6244049072266 22.6101341247559 22.5958633422852 22.5815925598145 22.5673236846924 22.547477722168 22.5109043121338 22.4743328094482 22.4377613067627 22.4011878967285 22.364616394043 22.3280448913574 22.2914714813232 23.1282634735107 24.256175994873 25.3840885162354 26.5120010375977 27.63991355896 28.7678260803223 29.8957386016846 30.6669139862061 30.3678741455078 30.0688362121582 29.7697982788086 29.470760345459 29.1717205047607 28.8726825714111 28.5736446380615 28.6885623931885 28.9414653778076 29.1943702697754 29.4472732543945 29.7001781463623 29.9530811309814 30.2059841156006 30.4585590362549 30.710147857666 30.9617347717285 31.213321685791 31.4649085998535
23.0332279205322 22.8316345214844 22.6300392150879 22.4284439086914 22.3695869445801 22.3583087921143 22.3470306396484 22.3357524871826 22.3244743347168 22.313196182251 22.3019180297852 22.3042182922363 22.3472537994385 22.3902893066406 22.4333248138428 22.4763603210449 22.5193958282471 22.5624313354492 22.6054668426514 23.4073638916016 24.4622173309326 25.5170707702637 26.5719242095947 27.6267776489258 28.6816310882568 29.7364845275879 30.4562740325928 30.1708717346191 29.8854713439941 29.6000709533691 29.3146686553955 29.0292682647705 28.7438659667969 28.4584655761719 28.5743217468262 28.8239326477051 29.0735416412354 29.3231525421143 29.5727615356445 29.8223724365234 30.0719814300537 30.3224830627441 30.5756607055664 30.82883644104 31.0820140838623 31.3351898193359
22.9014453887939 22.6525211334229 22.4035968780518 22.1546745300293 22.0862293243408 22.0779438018799 22.0696582794189 22.0613708496094 22.0530853271484 22.0447998046875 22.0365142822266 22.0609607696533 22.1836032867432 22.306245803833 22.4288883209229 22.5515308380127 22.6741733551025 22.796817779541 22.9194602966309 23.686466217041 24.6682605743408 25.650053024292 26.6318473815918 27.6136417388916 28.5954360961914 29.5772304534912 30.2456340789795 29.9738693237305 29.7021064758301 29.4303417205811 29.1585788726807 28.8868141174316 28.6150493621826 28.3432865142822 28.4600830078125 28.7063980102539 28.9527149200439 29.1990299224854 29.4453468322754 29.6916618347168 29.9379787445068 30.1864070892334 30.4411735534668 30.6959381103516 30.950704574585 31.2054710388184
22.769660949707 22.47340965271 22.1771564483643 21.8809032440186 21.8028717041016 21.7975769042969 21.7922840118408 21.7869911193848 21.7816963195801 21.776403427124 21.771110534668 21.8177032470703 22.0199527740479 22.2222023010254 22.4244537353516 22.6267032623291 22.8289527893066 23.0312042236328 23.2334537506104 23.9655666351318 24.8743019104004 25.7830371856689 26.6917705535889 27.6005058288574 28.509241104126 29.4179744720459 30.0349941253662 29.7768669128418 29.518741607666 29.2606143951416 29.0024871826172 28.7443599700928 28.486234664917 28.2281074523926 28.3458423614502 28.5888652801514 28.8318862915039 29.0749092102051 29.3179302215576 29.5609531402588 29.80397605896 30.0503311157227 30.3066864013672 30.5630416870117 30.8193969726562 31.0757522583008
22.6378784179688 22.2942962646484 21.9507160186768 21.6071338653564 21.5195121765137 21.5172119140625 21.5149097442627 21.5126094818115 21.5103073120117 21.5080070495605 21.5057048797607 21.5744438171387 21.8563022613525 22.1381587982178 22.4200172424316 22.7018737792969 22.9837322235107 23.2655906677246 23.5474472045898 24.2446689605713 25.08034324646 25.9160194396973 26.7516937255859 27.5873699188232 28.4230461120605 29.2587203979492 29.8243541717529 29.5798645019531 29.3353748321533 29.0908870697021 28.8463973999023 28.6019077301025 28.3574180603027 28.1129283905029 28.2316017150879 28.4713306427002 28.7110595703125 28.9507865905762 29.1905155181885 29.4302444458008 29.6699714660645 29.9142551422119 30.1721992492676 30.4301433563232 30.6880874633789 30.9460334777832
22.5060939788818 22.1151847839355 21.7242736816406 21.3333625793457 21.2361545562744 21.2368450164795 21.2375373840332 21.2382278442383 21.2389183044434 21.2396106719971 21.2403011322021 21.3311862945557 21.6926517486572 22.0541152954102 22.4155807495117 22.7770462036133 23.1385116577148 23.4999771118164 23.8614406585693 24.5237693786621 25.2863864898682 26.0490016937256 26.811616897583 27.5742340087891 28.3368492126465 29.0994663238525 29.6137142181396 29.3828620910645 29.1520099639893 28.9211578369141 28.6903057098389 28.4594535827637 28.2286014556885 27.9977493286133 28.1173629760742 28.353796005249 28.5902309417725 28.8266658782959 29.0630989074707 29.2995338439941 29.5359687805176 29.7781772613525 30.037712097168 30.2972469329834 30.5567798614502 30.8163146972656
22.4787101745605 22.0536994934082 21.6286869049072 21.2036743164062 21.0951595306396 21.0921440124512 21.0891265869141 21.0861110687256 21.0830955505371 21.0800800323486 21.0770626068115 21.1765613555908 21.5835990905762 21.9906387329102 22.3976764678955 22.8047161102295 23.2117538452148 23.6187934875488 24.0258331298828 24.6476650238037 25.3410968780518 26.0345287322998 26.7279586791992 27.4213905334473 28.1148223876953 28.8082542419434 29.276517868042 29.069278717041 28.8620414733887 28.6548023223877 28.4475650787354 28.240327835083 28.033088684082 27.8258514404297 27.9570655822754 28.2010974884033 28.4451313018799 28.6891632080078 28.9331951141357 29.1772270202637 29.4212589263916 29.6687908172607 29.9268226623535 30.1848526000977 30.4428825378418 30.7009143829346
22.5557270050049 22.1098403930664 21.6639537811279 21.2180671691895 21.096529006958 21.0831069946289 21.0696830749512 21.0562591552734 21.0428371429443 21.0294132232666 21.0159912109375 21.1105690002441 21.5291481018066 21.9477272033691 22.366304397583 22.7848834991455 23.203462600708 23.6220417022705 24.040620803833 24.6163558959961 25.244478225708 25.8725986480713 26.5007190704346 27.1288414001465 27.7569618225098 28.385082244873 28.8127613067627 28.6391143798828 28.4654674530029 28.291820526123 28.1181735992432 27.9445266723633 27.7708797454834 27.5972328186035 27.7507133483887 28.0132350921631 28.2757568359375 28.5382785797119 28.8008003234863 29.0633220672607 29.3258438110352 29.5860939025879 29.8395290374756 30.0929641723633 30.3463973999023 30.59983253479
