data/working_set_collections/6091692-Cassins_Sparrow-M2/1995/evpsoil_avg.asc
NCOLS 265 
NROWS 230 
XLLCORNER -115.5625 
YLLCORNER 24.8333333333333 
CELLSIZE 0.0833333333333333 
NODATA_value -9999 
[rows 0 to 19 of 230, columns 46 to 91 of 265]
28.5505313873291 28.1718311309814 27.7931308746338 27.4144306182861 27.0357303619385 26.6570301055908 25.8807964324951 24.972053527832 24.0633087158203 23.1545658111572 22.2458209991455 21.3370780944824 20.4283351898193 19.7255268096924 19.6405220031738 19.5555191040039 19.470516204834 19.3855113983154 19.3005084991455 19.2155055999756 19.1305027008057 19.4846611022949 19.9852066040039 20.4857540130615 20.9862995147705 21.4868469238281 21.9873924255371 22.4879379272461 22.9284019470215 23.1886177062988 23.4488315582275 23.7090473175049 23.9692611694336 24.2294769287109 24.4896926879883 24.749906539917 24.6863765716553 24.5149326324463 24.3434867858887 24.1720428466797 24.0005989074707 23.8291530609131 23.6577091217041 23.6218738555908 23.9928646087646 24.3638572692871
28.3953342437744 27.9933967590332 27.5914573669434 27.1895198822021 26.7875823974609 26.3856449127197 25.6102180480957 24.7102947235107 23.8103713989258 22.9104480743408 22.0105247497559 21.1106014251709 20.2106781005859 19.5231533050537 19.4728221893311 19.4224891662598 19.3721580505371 19.3218269348145 19.2714939117432 19.2211627960205 19.1708297729492 19.5407028198242 20.0506420135498 20.5605812072754 21.070520401001 21.5804615020752 22.0904006958008 22.6003398895264 23.0412483215332 23.2750568389893 23.5088653564453 23.7426738739014 23.9764842987061 24.2102928161621 24.4441013336182 24.6779098510742 24.6208572387695 24.4668502807617 24.3128414154053 24.1588344573975 24.0048274993896 23.8508186340332 23.6968116760254 23.6690368652344 24.0199642181396 24.3708915710449
28.2401351928711 27.8149604797363 27.3897857666016 26.9646110534668 26.539436340332 26.1142616271973 25.3396415710449 24.4485378265381 23.5574359893799 22.666332244873 21.7752285003662 20.884126663208 19.9930229187012 19.3207817077637 19.3051204681396 19.2894611358643 19.2737998962402 19.2581405639648 19.2424793243408 19.2268199920654 19.2111587524414 19.5967426300049 20.1160774230957 20.6354103088379 21.1547431945801 21.6740760803223 22.1934089660645 22.7127418518066 23.1540927886963 23.3614959716797 23.5688991546631 23.7763023376465 23.9837055206299 24.1911087036133 24.3985118865967 24.6059150695801 24.5553379058838 24.4187660217285 24.2821960449219 24.1456260681152 24.0090560913086 23.872486114502 23.7359142303467 23.7162017822266 24.0470638275146 24.3779258728027
28.0849361419678 27.6365242004395 27.1881141662598 26.7397022247314 26.2912902832031 25.8428783416748 25.0690631866455 24.1867809295654 23.3044986724854 22.4222164154053 21.5399322509766 20.6576499938965 19.7753677368164 19.118408203125 19.1374206542969 19.1564311981201 19.1754417419434 19.1944541931152 19.2134647369385 19.2324752807617 19.2514877319336 19.6527843475342 20.181510925293 20.7102375030518 21.2389640808105 21.7676906585693 22.2964172363281 22.8251438140869 23.2669372558594 23.4479351043701 23.6289329528809 23.809928894043 23.9909267425537 24.1719245910645 24.3529205322266 24.5339183807373 24.4898166656494 24.3706836700439 24.2515506744385 24.132417678833 24.0132846832275 23.8941516876221 23.7750186920166 23.7633666992188 24.0741634368896 24.3849601745605
27.9297389984131 27.4580898284912 26.9864406585693 26.5147914886475 26.0431423187256 25.5714931488037 24.7984848022461 23.9250240325928 23.0515613555908 22.1780986785889 21.3046360015869 20.4311752319336 19.5577125549316 18.916036605835 18.9697189331055 19.023401260376 19.0770854949951 19.1307678222656 19.1844501495361 19.2381324768066 19.2918148040771 19.7088260650635 20.2469463348389 20.7850666046143 21.323184967041 21.8613052368164 22.3994255065918 22.9375457763672 23.3797836303711 23.5343742370605 23.68896484375 23.8435573577881 23.9981479644775 24.152738571167 24.3073310852051 24.4619216918945 24.4242973327637 24.3226013183594 24.2209053039551 24.1192092895508 24.0175132751465 23.9158172607422 23.8141212463379 23.8105316162109 24.1012630462646 24.3919944763184
27.7745399475098 27.2796535491943 26.7847690582275 26.2898826599121 25.7949962615967 25.3001098632812 24.5279083251953 23.6632652282715 22.7986240386963 21.9339828491211 21.0693397521973 20.2046985626221 19.3400573730469 18.7136650085449 18.8020191192627 18.8903732299805 18.9787273406982 19.067081451416 19.1554355621338 19.2437896728516 19.3321437835693 19.7648677825928 20.3123817443848 20.8598937988281 21.4074077606201 21.9549198150635 22.5024337768555 23.0499477386475 23.4926280975342 23.620813369751 23.7489986419678 23.8771839141846 24.0053691864014 24.1335544586182 24.261739730835 24.3899250030518 24.3587779998779 24.2745189666748 24.1902599334717 24.1060009002686 24.0217418670654 23.9374828338623 23.8532238006592 23.8576965332031 24.1283626556396 24.3990287780762
27.8309764862061 27.270580291748 26.7101860046387 26.1497898101807 25.5893955230713 25.0289993286133 24.2797718048096 23.467601776123 22.6554317474365 21.8432598114014 21.0310897827148 20.2189178466797 19.4067478179932 18.8254508972168 18.9367733001709 19.0480976104736 19.1594219207764 19.2707462310791 19.3820705413818 19.4933948516846 19.6047191619873 20.015869140625 20.5269622802734 21.0380535125732 21.5491466522217 22.0602378845215 22.5713310241699 23.0824222564697 23.4966487884521 23.6202697753906 23.7438926696777 23.8675155639648 23.991138458252 24.1147613525391 24.2383842468262 24.3620052337646 24.3406753540039 24.2710247039795 24.2013759613037 24.1317253112793 24.0620765686035 23.9924259185791 23.9227771759033 23.927188873291 24.1537799835205 24.3803730010986
28.0990467071533 27.4308700561523 26.7626934051514 26.0945167541504 25.4263401031494 24.7581634521484 24.0540809631348 23.3380317687988 22.6219825744629 21.9059314727783 21.1898822784424 20.4738330841064 19.7577819824219 19.2513942718506 19.3739852905273 19.4965782165527 19.6191711425781 19.7417621612549 19.8643550872803 19.9869480133057 20.1095409393311 20.4618301391602 20.8906879425049 21.3195457458496 21.7484016418457 22.1772594451904 22.6061153411865 23.0349731445312 23.3918418884277 23.5327453613281 23.6736469268799 23.8145503997803 23.9554538726807 24.0963573455811 24.2372589111328 24.3781623840332 24.369987487793 24.3121204376221 24.2542514801025 24.1963844299316 24.1385154724121 24.0806484222412 24.0227813720703 24.019006729126 24.1775169372559 24.3360271453857
28.3671188354492 27.5911598205566 26.8152008056641 26.0392417907715 25.2632846832275 24.487325668335 23.82839012146 23.2084617614746 22.5885314941406 21.9686031341553 21.3486747741699 20.7287464141846 20.1088180541992 19.6773376464844 19.8111972808838 19.9450588226318 20.0789184570312 20.2127799987793 20.3466396331787 20.4805011749268 20.6143608093262 20.9077930450439 21.254415512085 21.6010360717773 21.9476585388184 22.2942790985107 22.6409015655518 22.9875240325928 23.2870349884033 23.445219039917 23.6034030914307 23.7615852355957 23.9197692871094 24.0779514312744 24.2361354827881 24.3943195343018 24.399299621582 24.353214263916 24.30712890625 24.2610416412354 24.2149562835693 24.1688690185547 24.1227836608887 24.1108264923096 24.2012519836426 24.2916793823242
28.6351890563965 27.7514495849609 26.8677082061768 25.9839687347412 25.1002292633057 24.2164878845215 23.6026973724365 23.0788898468018 22.555082321167 22.0312767028809 21.5074691772461 20.9836616516113 20.4598541259766 20.1032810211182 20.2484092712402 20.3935394287109 20.538667678833 20.6837959289551 20.8289241790771 20.9740543365479 21.1191825866699 21.3537540435791 21.6181411743164 21.8825283050537 22.1469135284424 22.4113006591797 22.675687789917 22.9400730133057 23.1822299957275 23.3576927185059 23.5331573486328 23.7086200714111 23.8840847015381 24.0595474243164 24.2350120544434 24.4104747772217 24.4286136627197 24.39430809021 24.3600044250488 24.3257007598877 24.2913951873779 24.2570915222168 24.2227878570557 24.2026443481445 24.2249889373779 24.2473316192627
28.9032592773438 27.9117374420166 26.9202156066895 25.9286937713623 24.9371719360352 23.945650100708 23.3770065307617 22.9493198394775 22.5216331481934 22.0939483642578 21.6662616729736 21.2385749816895 20.8108901977539 20.529224395752 20.6856212615967 20.8420181274414 20.9984149932861 21.1548118591309 21.3112106323242 21.4676074981689 21.6240043640137 21.7997169494629 21.9818668365479 22.1640186309814 22.346170425415 22.5283203125 22.7104721069336 22.8926239013672 23.0774230957031 23.2701663970947 23.462911605835 23.6556549072266 23.8484001159668 24.0411434173584 24.2338886260986 24.4266319274902 24.4579257965088 24.4354038238525 24.4128818511963 24.3903579711914 24.3678359985352 24.3453140258789 24.322790145874 24.2944641113281 24.2487239837646 24.2029857635498
29.1713314056396 28.0720272064209 26.9727249145508 25.873420715332 24.7741165161133 23.6748142242432 23.1513137817383 22.8197498321533 22.4881839752197 22.1566200256348 21.8250541687012 21.4934902191162 21.1619262695312 20.9551677703857 21.1228332519531 21.2904987335205 21.4581642150879 21.6258296966553 21.7934951782227 21.96116065979 22.1288242340088 22.245677947998 22.3455944061279 22.4455108642578 22.5454254150391 22.6453418731689 22.7452583312988 22.8451728820801 22.9726161956787 23.1826419830322 23.3926658630371 23.602689743042 23.8127155303955 24.0227394104004 24.2327632904053 24.4427890777588 24.4872398376465 24.4764976501465 24.4657573699951 24.4550170898438 24.4442749023438 24.4335346221924 24.422794342041 24.3862819671631 24.2724609375 24.1586380004883
29.0308151245117 27.939115524292 26.8474140167236 25.7557144165039 24.6640129089355 23.5723114013672 23.0983562469482 22.8303146362305 22.5622749328613 22.2942333221436 22.0261936187744 21.7581520080566 21.4901123046875 21.3401432037354 21.5443916320801 21.7486419677734 21.9528903961182 22.1571388244629 22.3613891601562 22.565637588501 22.7698860168457 22.8276977539062 22.8366947174072 22.8456916809082 22.8546886444092 22.8636856079102 22.8726825714111 22.8816795349121 22.934024810791 23.1164207458496 23.2988185882568 23.4812145233154 23.663610458374 23.8460063934326 24.0284023284912 24.2107982635498 24.2750301361084 24.2998733520508 24.3247165679932 24.3495597839355 24.3744029998779 24.3992462158203 24.4240894317627 24.4024429321289 24.2413215637207 24.0802021026611
28.4817142486572 27.5130004882812 26.5442867279053 25.5755729675293 24.6068592071533 23.6381454467773 23.218132019043 22.9810180664062 22.7439041137695 22.5067901611328 22.2696762084961 22.0325622558594 21.7954483032227 21.6841506958008 21.9502983093262 22.2164459228516 22.4825954437256 22.748743057251 23.014892578125 23.2810401916504 23.5471897125244 23.5457725524902 23.4551658630371 23.3645610809326 23.2739562988281 23.183349609375 23.0927448272705 23.0021381378174 22.96164894104 23.0715084075928 23.1813678741455 23.2912254333496 23.4010848999023 23.5109443664551 23.6208019256592 23.7306613922119 23.8212985992432 23.9055290222168 23.9897594451904 24.0739879608154 24.1582183837891 24.2424488067627 24.3266792297363 24.3429431915283 24.155309677124 23.9676780700684
27.9326152801514 27.0868873596191 26.2411613464355 25.3954334259033 24.5497074127197 23.7039794921875 23.3379077911377 23.131721496582 22.9255332946777 22.7193470001221 22.5131587982178 22.3069725036621 22.1007843017578 22.0281562805176 22.3562049865723 22.6842517852783 23.012300491333 23.3403472900391 23.6683959960938 23.9964427947998 24.3244915008545 24.2638473510742 24.0736389160156 23.883430480957 23.6932239532471 23.5030155181885 23.3128070831299 23.1225986480713 22.9892730712891 23.0265941619873 23.0639171600342 23.1012382507324 23.1385593414307 23.1758804321289 23.2132034301758 23.250524520874 23.3675670623779 23.5111846923828 23.6548004150391 23.7984180450439 23.9420337677002 24.0856513977051 24.2292671203613 24.2834434509277 24.0692977905273 23.855152130127
27.3835144042969 26.660774230957 25.9380340576172 25.2152938842773 24.4925537109375 23.7698135375977 23.4576835632324 23.2824230194092 23.1071624755859 22.9319019317627 22.7566413879395 22.5813827514648 22.4061222076416 22.372163772583 22.7621097564697 23.1520576477051 23.5420055389404 23.9319515228271 24.3218994140625 24.7118453979492 25.1017932891846 24.9819221496582 24.6921119689941 24.4023017883301 24.112491607666 23.8226795196533 23.5328693389893 23.2430591583252 23.0168972015381 22.9816818237305 22.9464664459229 22.9112510681152 22.876033782959 22.8408184051514 22.8056030273438 22.7703876495361 22.9138355255127 23.1168384552002 23.3198432922363 23.5228462219238 23.7258491516113 23.9288520812988 24.1318550109863 24.2239437103271 23.9832859039307 23.7426280975342
26.8344135284424 26.2346591949463 25.6349067687988 25.0351543426514 24.4354000091553 23.8356475830078 23.5774593353271 23.433126449585 23.2887916564941 23.144458770752 23.0001258850098 22.8557910919189 22.7114582061768 22.7161693572998 23.1680164337158 23.6198635101318 24.0717105865479 24.5235557556152 24.9754028320312 25.4272499084473 25.8790950775146 25.6999969482422 25.3105850219727 24.9211711883545 24.531759262085 24.1423454284668 23.7529315948486 23.3635196685791 23.0445213317871 22.936767578125 22.8290157318115 22.7212619781494 22.6135101318359 22.5057563781738 22.3980026245117 22.2902507781982 22.4601039886475 22.7224941253662 22.984884262085 23.2472743988037 23.5096645355225 23.7720546722412 24.03444480896 24.1644439697266 23.897274017334 23.6301040649414
26.2853126525879 25.8085460662842 25.3317794799805 24.8550128936768 24.3782482147217 23.901481628418 23.6972351074219 23.5838279724121 23.4704208374023 23.3570156097412 23.2436084747314 23.1302013397217 23.0167961120605 23.0601768493652 23.5739231109619 24.0876693725586 24.6014137268066 25.1151599884033 25.62890625 26.1426525115967 26.6563987731934 26.4180736541748 25.9290580749512 25.4400424957275 24.9510269165039 24.4620113372803 23.9729957580566 23.483980178833 23.0721454620361 22.8918552398682 22.7115650177002 22.5312747955322 22.3509845733643 22.1706943511963 21.9904041290283 21.8101139068604 22.0063743591309 22.3281497955322 22.6499271392822 22.9717025756836 23.2934799194336 23.6152572631836 23.937032699585 24.104944229126 23.8112621307373 23.517578125
26.6060791015625 26.2582263946533 25.9103736877441 25.5625190734863 25.2146663665771 24.866813659668 24.6477756500244 24.4716758728027 24.2955780029297 24.119478225708 23.9433784484863 23.7672786712646 23.5911808013916 23.5781002044678 24.0540752410889 24.53005027771 25.0060253143311 25.4820003509521 25.9579753875732 26.4339504241943 26.9099254608154 26.6179981231689 26.0701026916504 25.5222072601318 24.9743118286133 24.4264163970947 23.8785209655762 23.3306255340576 22.8637943267822 22.640157699585 22.4165229797363 22.1928863525391 21.9692497253418 21.7456150054932 21.5219783782959 21.2983417510986 21.484001159668 21.8060913085938 22.1281833648682 22.4502735137939 22.7723636627197 23.0944557189941 23.4165458679199 23.5963878631592 23.3494815826416 23.102575302124
27.7967147827148 27.5837001800537 27.3706874847412 27.1576728820801 26.9446582794189 26.7316436767578 26.4290828704834 26.0966701507568 25.7642593383789 25.431848526001 25.0994358062744 24.7670249938965 24.4346141815186 24.2699375152588 24.6084728240967 24.9470062255859 25.2855415344238 25.6240749359131 25.962610244751 26.3011436462402 26.6396789550781 26.2997722625732 25.7337207794189 25.167667388916 24.6016139984131 24.0355606079102 23.4695091247559 22.9034557342529 22.4194679260254 22.1816787719727 21.9438877105713 21.7060985565186 21.4683074951172 21.2305164337158 20.9927272796631 20.7549362182617 20.8929882049561 21.1563205718994 21.4196529388428 21.6829853057861 21.9463176727295 22.2096500396729 22.4729824066162 22.6387710571289 22.5119323730469 22.3850936889648
