data/working_set_collections/6091692-Cassins_Sparrow-M2/1995/evpsoil_avg.asc
NCOLS 265 
NROWS 230 
XLLCORNER -115.5625 
YLLCORNER 24.8333333333333 
CELLSIZE 0.0833333333333333 
NODATA_value -9999 
[rows 80 to 99 of 230, columns 184 to 229 of 265]
29.4885425567627 29.7642059326172 30.0398693084717 30.430004119873 30.8582973480225 31.2865905761719 31.7148818969727 32.1431770324707 32.5714683532715 32.9997596740723 33.4495811462402 33.9639854431152 34.4783935546875 34.9927978515625 35.5072021484375 36.0216064453125 36.5360107421875 37.0504188537598 36.9843254089355 36.7247314453125 36.4651374816895 36.2055473327637 35.9459533691406 35.6863632202148 35.4267692565918 35.2660255432129 35.4018287658691 35.5376281738281 35.6734313964844 35.8092308044434 35.9450340270996 36.0808372497559 36.2166366577148 36.4275398254395 36.6634788513184 36.8994178771973 37.1353569030762 37.3712959289551 37.6072311401367 37.8431701660156 38.142017364502 38.6295852661133 39.1171531677246 39.6047210693359 40.0922889709473 40.5798568725586
29.818489074707 30.0897064208984 30.3609237670898 30.7448959350586 31.1664562225342 31.5880165100098 32.0095748901367 32.4311332702637 32.8526954650879 33.2742538452148 33.7152938842773 34.214771270752 34.7142486572266 35.2137260437012 35.7132034301758 36.2126808166504 36.712158203125 37.2116394042969 37.1313018798828 36.8576965332031 36.5840950012207 36.310489654541 36.0368843078613 35.7632789611816 35.489673614502 35.3283576965332 35.5039138793945 35.6794700622559 35.8550262451172 36.0305786132812 36.2061347961426 36.3816909790039 36.5572471618652 36.7785758972168 37.0151634216309 37.2517509460449 37.488338470459 37.724925994873 37.9615135192871 38.1981010437012 38.4953575134277 38.9746208190918 39.4538841247559 39.9331512451172 40.4124145507812 40.8916778564453
30.1484355926514 30.4152069091797 30.681978225708 31.0597896575928 31.4746150970459 31.889440536499 32.3042678833008 32.7190933227539 33.133918762207 33.5487442016602 33.9810028076172 34.4655532836914 34.9501037597656 35.4346542358398 35.9192047119141 36.4037551879883 36.8883056640625 37.3728561401367 37.2782821655273 36.990665435791 36.7030487060547 36.4154281616211 36.1278114318848 35.8401947021484 35.5525779724121 35.3906898498535 35.6059989929199 35.8213081359863 36.0366172790527 36.2519264221191 36.4672355651855 36.682544708252 36.8978538513184 37.1296119689941 37.3668479919434 37.6040840148926 37.8413238525391 38.0785598754883 38.3157958984375 38.5530319213867 38.8487014770508 39.3196601867676 39.7906188964844 40.2615776062012 40.732536315918 41.2034950256348
30.4783821105957 30.7407073974609 31.0030307769775 31.3746814727783 31.7827739715576 32.1908683776855 32.5989608764648 33.0070533752441 33.4151458740234 33.8232383728027 34.246711730957 34.7163352966309 35.1859588623047 35.6555824279785 36.1252059936523 36.5948295593262 37.064453125 37.5340766906738 37.4252624511719 37.1236305236816 36.8220024108887 36.5203704833984 36.2187423706055 35.9171104431152 35.615478515625 35.4530220031738 35.7080879211426 35.9631500244141 36.2182121276855 36.473274230957 36.7283401489258 36.9834022521973 37.2384643554688 37.4806442260742 37.7185325622559 37.9564170837402 38.1943054199219 38.4321899414062 38.6700782775879 38.9079627990723 39.2020416259766 39.6646957397461 40.1273536682129 40.5900077819824 41.052661895752 41.5153160095215
30.6331768035889 30.8829345703125 31.1326923370361 31.4935474395752 31.8914337158203 32.2893218994141 32.6872100830078 33.0850982666016 33.482982635498 33.8808708190918 34.297779083252 34.7717399597168 35.2457008361816 35.7196617126465 36.1936225891113 36.6675872802734 37.1415481567383 37.6155090332031 37.5021514892578 37.1930236816406 36.8838920593262 36.574764251709 36.2656326293945 35.9565010070801 35.6473731994629 35.4841995239258 35.7588920593262 36.0335884094238 36.3082809448242 36.5829772949219 36.8576698303223 37.1323661804199 37.4070625305176 37.6604690551758 37.9067802429199 38.1530876159668 38.3993988037109 38.6457099914551 38.8920211791992 39.1383323669434 39.4444847106934 39.9301605224609 40.4158401489258 40.9015159606934 41.3871917724609 41.8728675842285
30.6128196716309 30.8418884277344 31.0709590911865 31.4163837432861 31.8005962371826 32.1848068237305 32.5690155029297 32.9532279968262 33.3374404907227 33.7216491699219 34.1342010498047 34.631763458252 35.1293296813965 35.6268920898438 36.1244583129883 36.6220207214355 37.1195869445801 37.6171531677246 37.5089569091797 37.1988372802734 36.8887214660645 36.5786056518555 36.2684860229492 35.9583702087402 35.6482543945312 35.4842147827148 35.7584190368652 36.0326232910156 36.306827545166 36.5810317993164 36.8552360534668 37.1294403076172 37.4036445617676 37.6690788269043 37.9315872192383 38.1940956115723 38.4566078186035 38.7191162109375 38.9816284179688 39.2441368103027 39.5760269165039 40.1160507202148 40.656078338623 41.196102142334 41.7361297607422 42.2761535644531
30.5924606323242 30.8008441925049 31.0092258453369 31.3392219543457 31.7097568511963 32.0802917480469 32.4508247375488 32.821361541748 33.19189453125 33.562427520752 33.9706230163574 34.4917907714844 35.0129547119141 35.534122467041 36.055290222168 36.5764579772949 37.0976257324219 37.6187934875488 37.5157585144043 37.2046546936035 36.8935508728027 36.582447052002 36.2713394165039 35.9602355957031 35.6491317749023 35.4842338562012 35.7579460144043 36.0316581726074 36.3053741455078 36.5790863037109 36.8527984619141 37.1265144348145 37.4002265930176 37.6776847839355 37.9563941955566 38.2351036071777 38.5138130187988 38.7925224304199 39.071231842041 39.3499412536621 39.7075691223145 40.3019409179688 40.8963165283203 41.4906921386719 42.0850639343262 42.6794395446777
30.5721035003662 30.7597980499268 30.9474925994873 31.2620582580566 31.61891746521 31.9757747650146 32.332633972168 32.6894912719727 33.0463485717773 33.403205871582 33.8070449829102 34.3518142700195 34.8965835571289 35.4413528442383 35.9861259460449 36.5308952331543 37.0756645202637 37.6204376220703 37.5225601196289 37.2104682922363 36.8983764648438 36.5862884521484 36.2741966247559 35.9621047973633 35.6500129699707 35.4842491149902 35.7574729919434 36.0306968688965 36.3039169311523 36.5771408081055 36.8503646850586 37.1235847473145 37.3968086242676 37.6862945556641 37.9812049865723 38.2761116027832 38.5710220336914 38.8659324645996 39.1608390808105 39.4557495117188 39.839111328125 40.4878311157227 41.1365547180176 41.7852783203125 42.4340019226074 43.0827217102051
30.5517463684082 30.7187519073486 30.8857593536377 31.1848964691162 31.5280780792236 31.8712596893311 32.2144393920898 32.5576210021973 32.9008026123047 33.2439842224121 33.6434669494629 34.2118377685547 34.7802124023438 35.3485870361328 35.9169578552246 36.4853324890137 37.0537033081055 37.6220779418945 37.5293617248535 37.2162857055664 36.903205871582 36.5901298522949 36.2770500183105 35.9639701843262 35.6508941650391 35.4842681884766 35.7569999694824 36.0297317504883 36.3024635314941 36.5751953125 36.8479270935059 37.1206588745117 37.3933906555176 37.6949043273926 38.0060119628906 38.3171234130859 38.628231048584 38.939338684082 39.2504463195801 39.5615539550781 39.9706535339355 40.6737251281738 41.3767929077148 42.0798645019531 42.7829360961914 43.4860076904297
30.5313892364502 30.6777076721191 30.8240261077881 31.1077346801758 31.4372386932373 31.7667446136475 32.096248626709 32.4257545471191 32.7552604675293 33.0847663879395 33.4798889160156 34.0718650817871 34.6638412475586 35.2558174133301 35.8477935791016 36.439769744873 37.0317459106445 37.623722076416 37.5361671447754 37.2220993041992 36.9080352783203 36.5939712524414 36.2799034118652 35.9658393859863 35.6517715454102 35.4842834472656 35.7565269470215 36.0287666320801 36.3010101318359 36.5732498168945 36.8454895019531 37.117733001709 37.3899726867676 37.7035140991211 38.0308227539062 38.3581314086914 38.6854362487793 39.0127449035645 39.3400535583496 39.6673583984375 40.1021957397461 40.8596153259277 41.6170349121094 42.374454498291 43.1318740844727 43.889289855957
30.7362041473389 30.8661098480225 30.9960174560547 31.2572402954102 31.5622329711914 31.8672256469727 32.1722183227539 32.4772109985352 32.7822036743164 33.0871963500977 33.4572563171387 34.0225143432617 34.5877685546875 35.1530227661133 35.7182807922363 36.2835350036621 36.8487930297852 37.4140472412109 37.3387451171875 37.0499229431152 36.7610969543457 36.4722747802734 36.1834526062012 35.8946304321289 35.6058044433594 35.4523849487305 35.7051620483398 35.9579391479492 36.2107162475586 36.463493347168 36.7162704467773 36.9690475463867 37.2218284606934 37.5529518127441 37.9101943969727 38.2674369812012 38.6246757507324 38.9819183349609 39.3391609191895 39.696403503418 40.1646957397461 40.9661407470703 41.7675857543945 42.5690307617188 43.370475769043 44.1719207763672
31.1661911010742 31.2839622497559 31.4017353057861 31.6334133148193 31.9030590057373 32.1727027893066 32.4423484802246 32.7119941711426 32.9816398620605 33.2512855529785 33.5755729675293 34.0637855529785 34.5519981384277 35.040210723877 35.5284233093262 36.0166358947754 36.5048484802246 36.9930610656738 36.9370994567871 36.6997489929199 36.4623985290527 36.2250442504883 35.9876937866211 35.7503433227539 35.5129928588867 35.3885650634766 35.6029052734375 35.8172454833984 36.0315856933594 36.2459259033203 36.4602661132812 36.6746101379395 36.8889503479004 37.2432174682617 37.6441307067871 38.0450401306152 38.4459495544434 38.8468627929688 39.2477722167969 39.6486854553223 40.1581535339355 40.9933013916016 41.8284492492676 42.6635971069336 43.4987449645996 44.3338928222656
31.5961761474609 31.7018146514893 31.8074531555176 32.0095863342285 32.2438850402832 32.4781837463379 32.7124786376953 32.94677734375 33.1810760498047 33.4153747558594 33.6938896179199 34.1050567626953 34.516227722168 34.9273948669434 35.338565826416 35.7497329711914 36.1609039306641 36.5720710754395 36.5354537963867 36.3495750427246 36.1636962890625 35.9778175354004 35.791934967041 35.6060562133789 35.4201774597168 35.3247451782227 35.5006484985352 35.6765518188477 35.8524551391602 36.0283584594727 36.2042617797852 36.3801689147949 36.5560722351074 36.9334831237793 37.3780632019043 37.8226432800293 38.2672233581543 38.7118072509766 39.1563873291016 39.6009674072266 40.1516151428223 41.0204658508301 41.8893165588379 42.7581634521484 43.6270141601562 44.4958648681641
32.0261650085449 32.1196670532227 32.2131729125977 32.3857612609863 32.5847091674805 32.7836608886719 32.9826126098633 33.1815605163574 33.3805122375488 33.579460144043 33.8122062683105 34.1463317871094 34.4804573059082 34.814582824707 35.1487083435059 35.4828338623047 35.8169593811035 36.1510848999023 36.1338119506836 35.9994010925293 35.8649940490723 35.7305870056152 35.5961799621582 35.4617691040039 35.3273620605469 35.2609252929688 35.3983917236328 35.5358581542969 35.6733245849609 35.810791015625 35.9482612609863 36.0857276916504 36.2231941223145 36.6237487792969 37.1119995117188 37.6002502441406 38.0884971618652 38.5767478942871 39.064998626709 39.5532493591309 40.145076751709 41.0476264953613 41.9501800537109 42.8527336120605 43.7552833557129 44.6578369140625
32.4561500549316 32.5375213623047 32.6188888549805 32.7619361877441 32.925537109375 33.0891380310059 33.252742767334 33.4163436889648 33.579948425293 33.7435493469238 33.9305229187012 34.1876029968262 34.4446868896484 34.7017669677734 34.9588508605957 35.2159309387207 35.473014831543 35.7300987243652 35.7321662902832 35.6492309570312 35.566291809082 35.4833564758301 35.4004211425781 35.3174858093262 35.234546661377 35.1971054077148 35.2961349487305 35.3951644897461 35.4941940307617 35.5932235717773 35.6922569274902 35.7912864685059 35.8903160095215 36.3140144348145 36.8459320068359 37.3778533935547 37.9097709655762 38.4416923522949 38.9736137390137 39.5055313110352 40.1385345458984 41.0747909545898 42.011043548584 42.9472999572754 43.8835525512695 44.8198089599609
32.8861351013184 32.9553718566895 33.0246086120605 33.1381072998047 33.2663612365723 33.3946189880371 33.5228729248047 33.6511268615723 33.7793807983398 33.9076385498047 34.0488395690918 34.2288780212402 34.4089164733887 34.5889549255371 34.7689933776855 34.949031829834 35.1290702819824 35.3091087341309 35.3305206298828 35.2990570068359 35.2675933837891 35.2361259460449 35.204662322998 35.1731986999512 35.1417350769043 35.1332855224609 35.1938781738281 35.2544708251953 35.3150634765625 35.375659942627 35.4362525939941 35.4968452453613 35.5574378967285 36.004280090332 36.5798683166504 37.1554565429688 37.7310447692871 38.3066368103027 38.8822250366211 39.4578132629395 40.1319961547852 41.1019515991211 42.0719108581543 43.0418663024902 44.0118217468262 44.9817810058594
33.278507232666 33.3343353271484 33.3901596069336 33.4695701599121 33.5568428039551 33.644115447998 33.731388092041 33.818660736084 33.905933380127 33.9932060241699 34.0915603637695 34.2231712341309 34.3547782897949 34.4863891601562 34.6179962158203 34.7496070861816 34.881217956543 35.012825012207 35.0432510375977 35.0399475097656 35.0366439819336 35.0333442687988 35.0300407409668 35.0267372131348 35.0234336853027 35.0319786071777 35.0760536193848 35.1201286315918 35.1642036437988 35.2082786560059 35.2523536682129 35.2964286804199 35.340503692627 35.8245010375977 36.4551429748535 37.0857849121094 37.7164268493652 38.3470649719238 38.9777069091797 39.6083488464355 40.3221473693848 41.2854156494141 42.2486839294434 43.2119522094727 44.1752243041992 45.1384925842285
33.6332664489746 33.6744041442871 33.7155456542969 33.7563209533691 33.7969779968262 33.8376312255859 33.878288269043 33.9189414978027 33.9595947265625 34.0002517700195 34.0586891174316 34.170482635498 34.2822761535645 34.3940696716309 34.5058631896973 34.6176567077637 34.7294502258301 34.8412437438965 34.8703575134277 34.8719062805176 34.8734550476074 34.8750038146973 34.8765525817871 34.878101348877 34.8796539306641 34.8931846618652 34.9426574707031 34.9921340942383 35.0416069030762 35.0910835266113 35.1405563354492 35.1900329589844 35.2395095825195 35.7746849060059 36.4717597961426 37.1688346862793 37.865909576416 38.5629844665527 39.2600593566895 39.9571342468262 40.7089881896973 41.6251792907715 42.5413703918457 43.4575614929199 44.3737525939941 45.2899436950684
33.9880218505859 34.014476776123 34.0409317016602 34.0430717468262 34.037109375 34.0311470031738 34.0251846313477 34.0192222595215 34.0132598876953 34.0072975158691 34.025821685791 34.1177978515625 34.2097778320312 34.3017539978027 34.3937339782715 34.485710144043 34.5776863098145 34.6696662902832 34.6974601745605 34.7038612365723 34.710262298584 34.716667175293 34.7230682373047 34.7294692993164 34.7358703613281 34.7543907165527 34.8092651367188 34.8641395568848 34.9190139770508 34.9738883972168 35.0287628173828 35.0836372375488 35.1385116577148 35.7248649597168 36.4883728027344 37.251880645752 38.0153923034668 38.7789001464844 39.542407989502 40.3059196472168 41.0958290100098 41.9649429321289 42.834056854248 43.7031707763672 44.5722846984863 45.4413986206055
34.3427810668945 34.354549407959 34.3663177490234 34.3298263549805 34.2772445678711 34.224666595459 34.1720848083496 34.1195068359375 34.0669250488281 34.014347076416 33.9929504394531 34.065113067627 34.1372756958008 34.2094383239746 34.2816009521484 34.353759765625 34.4259223937988 34.4980850219727 34.5245666503906 34.5358200073242 34.5470733642578 34.5583267211914 34.569580078125 34.5808334350586 34.5920867919922 34.6155967712402 34.6758689880371 34.7361450195312 34.7964210510254 34.8566932678223 34.9169692993164 34.9772453308105 35.0375175476074 35.6750450134277 36.5049858093262 37.3349304199219 38.1648750305176 38.994815826416 39.8247604370117 40.6547050476074 41.4826698303223 42.3047065734863 43.1267433166504 43.9487762451172 44.7708129882812 45.5928497314453
