data/working_set_collections/6091692-Cassins_Sparrow-M2/1995/evptrns_avg.asc
NCOLS 265 
NROWS 230 
XLLCORNER -115.5625 
YLLCORNER 24.8333333333333 
CELLSIZE 0.0833333333333333 
NODATA_value -9999 
[rows 140 to 159 of 230, columns 0 to 44 of 265]
0.393597036600113 0.352747529745102 0.311898022890091 0.271048486232758 0.230198979377747 0.189349457621574 0.148499935865402 0.127352550625801 0.112772546708584 0.0981925427913666 0.0836125388741493 0.0690325424075127 0.0544525347650051 0.0398725345730782 0.0289540700614452 0.0290202293545008 0.0290863867849112 0.0291525460779667 0.0292187035083771 0.0292848628014326 0.0293510220944881 0.0294171795248985 0.0310208108276129 0.0331369340419769 0.0352530553936958 0.0373691767454147 0.0394852980971336 0.0416014194488525 0.0437175408005714 0.0470201075077057 0.0538820214569569 0.060743935406208 0.0676058456301689 0.0744677558541298 0.0813296735286713 0.0881915837526321 0.095053493976593 0.105020731687546 0.116023071110249 0.127025410532951 0.138027757406235 0.149030089378357 0.16003243625164 0.171034768223763 0.181971326470375
0.390608966350555 0.350088089704514 0.309567242860794 0.269046396017075 0.228525534272194 0.188004687428474 0.147483825683594 0.127016589045525 0.113233886659145 0.0994511768221855 0.0856684744358063 0.071885772049427 0.0581030659377575 0.044320359826088 0.0339061729609966 0.0335975363850594 0.0332889035344124 0.0329802706837654 0.0326716378331184 0.0323630012571812 0.0320543684065342 0.0317457355558872 0.0335098914802074 0.0359649769961834 0.0384200625121593 0.0408751517534256 0.0433302372694016 0.0457853227853775 0.0482404120266438 0.051894411444664 0.0591451562941074 0.0663959011435509 0.073646642267704 0.0808973833918571 0.0881481319665909 0.095398873090744 0.102649614214897 0.112892515957355 0.124132789671421 0.135373070836067 0.146613344550133 0.157853618264198 0.169093906879425 0.180334180593491 0.191443830728531
0.387620866298676 0.347428679466248 0.30723649263382 0.267044305801392 0.226852104067802 0.186659917235374 0.146467730402946 0.126680627465248 0.113695219159126 0.100709810853004 0.0877244099974632 0.0747390016913414 0.0617535933852196 0.0487681850790977 0.038858275860548 0.0381748490035534 0.0374914221465588 0.0368079952895641 0.0361245684325695 0.0354411415755749 0.0347577147185802 0.0340742878615856 0.0359989702701569 0.0387930236756802 0.0415870733559132 0.0443811267614365 0.0471751764416695 0.0499692298471928 0.0527632832527161 0.0567687153816223 0.0644082874059677 0.0720478668808937 0.0796874389052391 0.0873270109295845 0.0949665904045105 0.102606162428856 0.110245741903782 0.120764292776585 0.132242515683174 0.143720731139183 0.155198946595192 0.166677162051201 0.17815537750721 0.189633592963219 0.200916320085526
0.384632766246796 0.344769239425659 0.304905712604523 0.265042185783386 0.225178673863411 0.185315147042274 0.145451635122299 0.126344665884972 0.114156559109688 0.101968452334404 0.0897803381085396 0.0775922313332558 0.065404124557972 0.0532160140573978 0.0438103750348091 0.0427521578967571 0.0416939370334148 0.0406357198953629 0.0395774990320206 0.0385192818939686 0.0374610610306263 0.0364028438925743 0.0384880490601063 0.0416210666298866 0.044754084199667 0.0478871017694473 0.0510201193392277 0.054153136909008 0.0572861544787884 0.0616430155932903 0.0696714222431183 0.0776998326182365 0.0857282355427742 0.0937566384673119 0.10178504884243 0.109813451766968 0.117841862142086 0.128636077046394 0.140352234244347 0.152068376541138 0.16378453373909 0.175500690937042 0.187216848134995 0.198932990431786 0.210388824343681
0.3776875436306 0.338884472846985 0.30008140206337 0.261278331279755 0.22247526049614 0.183672189712524 0.144869118928909 0.126050040125847 0.113892301917076 0.101734556257725 0.089576818048954 0.0774190723896027 0.0652613267302513 0.0531035885214806 0.0438151992857456 0.043134868144989 0.0424545332789421 0.0417742021381855 0.0410938709974289 0.0404135398566723 0.0397332049906254 0.0390528738498688 0.0415996387600899 0.0452221035957336 0.0488445684313774 0.0524670332670212 0.0560894943773746 0.0597119592130184 0.0633344277739525 0.0680591240525246 0.076090544462204 0.0841219574213028 0.0921533703804016 0.100184790790081 0.10821620374918 0.116247616708279 0.124279037117958 0.13527412712574 0.147257104516029 0.159240081906319 0.171223059296608 0.183206036686897 0.195189014077187 0.207171991467476 0.21885721385479
0.366785168647766 0.329774349927902 0.292763531208038 0.255752682685852 0.218741849064827 0.181731015443802 0.144720181822777 0.125796750187874 0.112902447581291 0.100008137524128 0.0871138349175453 0.0742195248603821 0.0613252185285091 0.0484309121966362 0.038872741162777 0.0393229760229588 0.0397732108831406 0.0402234457433224 0.0406736806035042 0.041123915463686 0.0415741503238678 0.0420243851840496 0.0453337356448174 0.0495961308479309 0.0538585223257542 0.0581209175288677 0.062383309006691 0.0666457042098045 0.0709080994129181 0.0760170444846153 0.0836656466126442 0.0913142487406731 0.0989628508687019 0.106611452996731 0.11426005512476 0.121908657252789 0.129557266831398 0.140678435564041 0.152957111597061 0.165235802531242 0.177514493465424 0.189793184399605 0.202071860432625 0.214350551366806 0.226321503520012
0.355882823467255 0.32066422700882 0.285445630550385 0.250227034091949 0.215008452534676 0.179789856076241 0.144571259617805 0.125543460249901 0.111912593245506 0.0982817187905312 0.0846508517861366 0.0710199773311615 0.0573891066014767 0.0437582358717918 0.0339302830398083 0.0355110839009285 0.0370918847620487 0.0386726893484592 0.0402534902095795 0.0418342910706997 0.0434150919318199 0.0449958927929401 0.0490678362548351 0.0539701581001282 0.0588724799454212 0.0637748017907143 0.0686771273612976 0.0735794454813004 0.0784817710518837 0.0839749574661255 0.0912407487630844 0.0985065400600433 0.105772331357002 0.113038122653961 0.12030390650034 0.127569705247879 0.134835496544838 0.146082729101181 0.158657133579254 0.171231538057327 0.183805927634239 0.196380332112312 0.208954721689224 0.221529126167297 0.233785793185234
0.344980448484421 0.311554104089737 0.278127759695053 0.244701400399208 0.211275041103363 0.177848696708679 0.144422337412834 0.125290170311928 0.110922738909721 -9999 0.0821878686547279 -9999 -9999 0.0390855595469475 0.0289878267794847 0.0316991955041885 0.0344105623662472 0.0371219292283058 0.0398332998156548 0.0425446666777134 0.045256033539772 0.0479674004018307 0.0528019331395626 0.0583441853523254 0.063886433839798 0.0694286897778511 0.0749709382653236 0.0805131867527962 0.0860554426908493 0.0919328704476357 0.0988158509135246 0.105698831379414 0.112581804394722 0.119464784860611 0.1263477653265 0.133230745792389 0.140113711357117 0.151487037539482 0.164357155561447 0.177227258682251 0.190097361803055 0.20296747982502 0.215837582945824 0.228707686066628 0.241250082850456
0.334078103303909 0.302443981170654 0.270809859037399 0.239175751805305 0.207541644573212 0.175907522439957 0.144273415207863 0.125036880373955 0.109932884573936 -9999 -9999 -9999 -9999 -9999 0.0240453705191612 0.0278873033821583 0.0317292399704456 0.0355711728334427 0.03941310942173 0.0432550422847271 0.0470969751477242 0.0509389117360115 0.0565360300242901 0.0627182126045227 0.068900391459465 0.0750825703144073 0.0812647491693497 0.0874469354748726 0.0936291143298149 0.0998907908797264 0.106390953063965 0.112891122698784 0.119391284883022 0.125891447067261 0.13239161670208 0.138891786336899 0.145391941070557 0.156891345977783 0.170057162642479 0.183222994208336 0.196388810873032 0.209554627537727 0.222720444202423 0.235886260867119 0.248714372515678
0.323175728321075 0.293333858251572 0.263491988182068 0.233650103211403 0.203808233141899 0.173966363072395 0.14412447810173 0.124783590435982 0.108943030238152 -9999 -9999 -9999 -9999 -9999 -9999 -9999 0.0290479157119989 0.0340204164385796 0.0389929190278053 -9999 -9999 0.053910419344902 0.0602701269090176 0.06709223985672 0.0739143490791321 0.0807364583015442 0.0875585675239563 0.0943806767463684 0.101202785968781 0.107848703861237 0.113966055214405 0.120083406567574 0.126200765371323 0.132318109273911 0.13843546807766 0.144552826881409 0.150670170783997 0.162295654416084 0.175757184624672 0.18921871483326 0.202680245041847 0.216141775250435 0.229603305459023 0.24306483566761 0.256178647279739
0.33436131477356 0.30380192399025 0.27324253320694 0.242683127522469 0.212123736739159 0.181564345955849 0.151004955172539 0.130578190088272 0.113528974354267 -9999 -9999 -9999 -9999 -9999 -9999 -9999 -9999 -9999 -9999 -9999 -9999 -9999 0.0630032494664192 0.0702803954482079 0.0775575414299965 0.0848346874117851 0.0921118259429932 0.0993889719247818 0.10666611790657 0.113488465547562 0.118946425616741 0.124404385685921 0.12986233830452 0.13532030582428 0.140778258442879 0.146236225962639 0.151694178581238 0.16270537674427 0.175567656755447 0.188429921865463 0.20129220187664 0.214154481887817 0.227016746997833 0.23987902700901 0.252724468708038
0.367634832859039 0.333848148584366 0.300061494112015 0.266274839639664 0.23248815536499 0.198701485991478 0.164914816617966 0.142420679330826 0.123690724372864 -9999 -9999 -9999 -9999 -9999 -9999 -9999 -9999 -9999 -9999 -9999 -9999 -9999 -9999 0.072282686829567 0.0798299759626389 0.0873772576451302 0.0949245393276215 0.102471821010113 0.110019110143185 0.116810068488121 0.121332056820393 0.125854045152664 0.130376026034355 0.134898006916046 0.139420002698898 0.143941983580589 0.14846396446228 0.158120512962341 0.169488564133644 0.180856630206108 0.192224681377411 0.203592732548714 0.214960798621178 0.22632884979248 0.238351806998253
0.400908350944519 0.363894402980804 0.32688045501709 0.289866507053375 0.252852559089661 0.215838626027107 0.178824692964554 0.154263183474541 0.133852481842041 -9999 -9999 -9999 -9999 -9999 -9999 -9999 -9999 -9999 -9999 -9999 -9999 -9999 -9999 -9999 -9999 0.0899198278784752 0.0977372527122498 0.105554677546024 0.113372102379799 0.12013167142868 0.123717680573463 0.127303689718246 0.130889713764191 0.134475722908974 0.138061732053757 0.14164774119854 0.145233750343323 0.153535634279251 0.163409471511841 0.173283323645592 0.183157160878181 0.193030998110771 0.202904850244522 0.212778687477112 0.223979145288467
0.434181869029999 0.393940657377243 0.353699415922165 0.313458204269409 0.273216992616653 0.232975766062737 0.192734554409981 0.166105672717094 0.144014224410057 -9999 -9999 -9999 -9999 -9999 -9999 -9999 -9999 -9999 -9999 -9999 -9999 -9999 -9999 -9999 -9999 -9999 -9999 -9999 -9999 0.12345327436924 0.126103311777115 0.12875334918499 0.131403386592865 0.13405342400074 0.136703461408615 0.13935349881649 0.142003536224365 0.148950770497322 0.157330393791199 0.165710017085075 0.174089640378952 0.182469263672829 0.190848886966705 0.199228510260582 0.209606483578682
0.467455387115479 0.423986881971359 0.380518406629562 0.337049901485443 0.293581396341324 0.250112920999527 0.206644415855408 0.177948161959648 0.154175981879234 -9999 -9999 -9999 -9999 -9999 -9999 -9999 -9999 -9999 -9999 -9999 -9999 -9999 -9999 -9999 -9999 -9999 -9999 -9999 -9999 0.126774877309799 0.128488942980766 0.130203008651733 0.1319170743227 0.133631139993668 0.135345205664635 0.137059256434441 0.138773322105408 0.144365891814232 0.151251301169395 0.158136710524559 0.165022119879723 0.171907529234886 0.17879293859005 0.185678347945213 0.195233806967735
0.500728905200958 0.454033136367798 0.407337367534637 0.360641598701477 0.313945829868317 0.267250061035156 0.220554292201996 0.189790651202202 0.16433772444725 -9999 -9999 -9999 -9999 -9999 -9999 -9999 -9999 -9999 -9999 -9999 -9999 -9999 -9999 -9999 -9999 -9999 -9999 -9999 -9999 0.130096480250359 0.130874574184418 0.131652668118477 0.132430747151375 0.133208841085434 0.133986935019493 0.134765028953552 0.13554310798645 0.139781028032303 0.145172223448753 0.150563403964043 0.155954599380493 0.161345794796944 0.166736975312233 0.172128170728683 0.18086114525795
0.511791408061981 0.4642373919487 0.416683405637741 0.36912938952446 0.321575373411179 0.27402138710022 0.226467370986938 0.195040807127953 0.168990060687065 0.142939299345016 -9999 -9999 -9999 -9999 -9999 -9999 -9999 -9999 -9999 -9999 -9999 -9999 -9999 -9999 -9999 -9999 -9999 -9999 -9999 0.128556698560715 0.128781661391258 0.129006639122963 0.129231616854668 0.129456579685211 0.129681557416916 0.129906520247459 0.130131497979164 0.133533641695976 0.137994840741158 0.142456039786339 0.14691723883152 0.151378437876701 0.155839651823044 0.160300850868225 0.168359979987144
0.500642895698547 0.45459970831871 0.408556491136551 0.362513303756714 0.316470086574554 0.270426899194717 0.224383696913719 0.1936986297369 0.168132960796356 0.142567291855812 -9999 -9999 -9999 -9999 -9999 -9999 -9999 -9999 -9999 -9999 -9999 -9999 -9999 -9999 -9999 -9999 -9999 -9999 -9999 0.122155509889126 0.122210219502449 0.122264929115772 0.122319646179676 0.122374355792999 0.122429065406322 0.122483775019646 0.122538484632969 0.125623747706413 0.12971918284893 0.133814617991447 0.137910053133965 0.142005488276482 0.146100923418999 0.150196373462677 0.15773032605648
0.489494383335114 0.444961994886398 0.400429606437683 0.355897188186646 0.31136479973793 0.266832411289215 0.222300007939339 0.192356467247009 0.167275860905647 0.142195269465446 0.117114678025246 -9999 -9999 -9999 -9999 -9999 -9999 -9999 -9999 -9999 -9999 -9999 -9999 -9999 -9999 -9999 -9999 -9999 -9999 0.115754328668118 0.11563877761364 0.115523226559162 0.115407675504684 0.115292124450207 0.115176573395729 0.115061029791832 0.114945478737354 0.11771384626627 0.121443517506123 0.125173196196556 0.128902867436409 0.132632538676262 0.136362209916115 0.140091896057129 0.147100672125816
0.47834587097168 0.435324281454086 0.392302691936493 0.3492811024189 0.306259512901306 0.263237923383713 0.220216318964958 0.191014289855957 0.1664187759161 0.141823261976242 0.117227740585804 0.0926322266459465 -9999 -9999 -9999 -9999 -9999 -9999 -9999 -9999 -9999 -9999 -9999 -9999 -9999 -9999 -9999 -9999 -9999 0.109353147447109 0.109067335724831 0.108781524002552 0.108495712280273 0.108209900557995 0.107924088835716 0.107638277113438 0.107352465391159 0.109803944826126 0.113167852163315 0.116531766951084 0.119895681738853 0.123259589076042 0.126623496413231 0.129987418651581 0.136471003293991
