data/working_set_collections/6091692-Cassins_Sparrow-M2/1995/evptrns_avg.asc
NCOLS 265 
NROWS 230 
XLLCORNER -115.5625 
YLLCORNER 24.8333333333333 
CELLSIZE 0.0833333333333333 
NODATA_value -9999 
[rows 80 to 99 of 230, columns 0 to 44 of 265]
0.087566539645195 0.096605084836483 0.105643637478352 0.11468218266964 0.123720735311508 0.132759287953377 0.141797840595245 0.156144008040428 0.172259390354156 0.188374772667885 0.204490154981613 0.22060552239418 0.236720904707909 0.252836287021637 0.272006630897522 0.300341844558716 0.32867705821991 0.357012271881104 0.385347485542297 0.413682729005814 0.442017942667007 0.470353156328201 0.641819715499878 0.860996782779694 1.08017385005951 1.29935085773468 1.51852798461914 1.73770499229431 1.95688199996948 2.11126494407654 2.07126569747925 2.03126621246338 1.99126696586609 1.95126760005951 1.91126823425293 1.87126886844635 1.83126950263977 1.67047071456909 1.46940541267395 1.2683402299881 1.06727492809296 0.86620968580246 0.665144443511963 0.464079171419144 0.305104106664658
0.085394985973835 0.0932448282837868 0.101094663143158 0.10894450545311 0.116794340312481 0.124644175171852 0.132494017481804 0.144041255116463 0.156820967793465 0.169600680470467 0.182380393147469 0.195160105824471 0.207939818501472 0.220719531178474 0.236052677035332 0.259046137332916 0.282039612531662 0.305033087730408 0.328026533126831 0.351020008325577 0.374013483524323 0.397006958723068 0.530715346336365 0.701328694820404 0.871942043304443 1.04255545139313 1.21316885948181 1.38378214836121 1.55439555644989 1.68052816390991 1.67321884632111 1.66590940952301 1.65859997272491 1.65129053592682 1.64398121833801 1.63667178153992 1.62936234474182 1.49373555183411 1.31533634662628 1.13693702220917 0.958537817001343 0.780138552188873 0.601739346981049 0.423340082168579 0.281936854124069
0.0832234397530556 0.08988456428051 0.0965456962585449 0.103206820785999 0.109867945313454 0.116529069840908 0.123190194368362 0.131938517093658 0.141382560133934 0.15082660317421 0.160270646214485 0.169714689254761 0.179158732295036 0.188602775335312 0.200098738074303 0.217750445008278 0.235402166843414 0.25305387377739 0.270705610513687 0.288357317447662 0.306009024381638 0.323660731315613 0.419610917568207 0.541660606861115 0.663710296154022 0.78575998544693 0.907809674739838 1.0298593044281 1.15190899372101 1.24979138374329 1.27517199516296 1.30055248737335 1.32593309879303 1.35131359100342 1.3766942024231 1.40207469463348 1.42745530605316 1.31700050830841 1.16126716136932 1.00553393363953 0.849800705909729 0.694067478179932 0.538334250450134 0.382600992918015 0.258769631385803
0.0810518935322762 0.0865243077278137 0.0919967219233513 0.0974691361188889 0.102941550314426 0.108413964509964 0.113886378705502 0.119835764169693 0.125944137573242 0.132052510976791 0.138160884380341 0.144269272685051 0.1503776460886 0.156486019492149 0.164144784212112 0.17645475268364 0.188764721155167 0.201074674725533 0.21338464319706 0.225694611668587 0.238004565238953 0.25031453371048 0.308506518602371 0.381992518901825 0.455478519201279 0.528964519500732 0.602450489997864 0.67593652009964 0.749422490596771 0.81905460357666 0.877125144004822 0.935195624828339 0.9932661652565 1.05133664608002 1.10940718650818 1.16747760772705 1.22554814815521 1.14026534557343 1.00719809532166 0.87413090467453 0.74106365442276 0.60799640417099 0.47492915391922 0.34186190366745 0.235602363944054
0.0789588913321495 0.0832411795854568 0.0875234678387642 0.0918057635426521 0.0960880517959595 0.100370347499847 0.104652635753155 0.108697190880775 0.112662509083748 0.11662781983614 0.120593130588531 0.124558441340923 0.128523752093315 0.132489070296288 0.137847945094109 0.14738754928112 0.156927153468132 0.166466757655144 0.176006361842155 0.185545951128006 0.195085555315018 0.204625159502029 0.24299530684948 0.290975630283356 0.338955938816071 0.386936277151108 0.434916585683823 0.48289692401886 0.530877232551575 0.585602939128876 0.66056489944458 0.73552680015564 0.810488760471344 0.885450661182404 0.960412621498108 1.03537452220917 1.11033642292023 1.03978383541107 0.920726299285889 0.801668763160706 0.682611227035522 0.563553750514984 0.444496214389801 0.325438678264618 0.229871168732643
0.0769444331526756 0.0800351873040199 0.0831259414553642 0.0862167030572891 0.0893074572086334 0.0923982113599777 0.0954889729619026 0.0985227972269058 0.101537652313709 0.104552507400513 0.107567362487316 0.11058221757412 0.113597072660923 0.116611927747726 0.121208228170872 0.130548849701881 0.139889478683472 0.149230107665062 0.158570721745491 0.167911350727081 0.177251979708672 0.186592608690262 0.22307725250721 0.268609911203384 0.31414258480072 0.359675258398056 0.405207931995392 0.450740575790405 0.496273249387741 0.549436450004578 0.625491261482239 0.7015460729599 0.777600944042206 0.853655755519867 0.929710566997528 1.00576543807983 1.0818202495575 1.01555585861206 0.901851773262024 0.788147687911987 0.674443602561951 0.560739517211914 0.447035402059555 0.333331316709518 0.241576015949249
0.0749299749732018 0.076829195022583 0.0787284150719643 0.0806276351213455 0.0825268626213074 0.0844260826706886 0.0863253027200699 0.0883484035730362 0.0904128029942513 0.0924772024154663 0.0945415943861008 0.0966059938073158 0.0986703932285309 0.100734785199165 0.104568496346474 0.113710150122643 0.122851796448231 0.131993442773819 0.141135096549988 0.150276750326157 0.159418404102325 0.168560057878494 0.203159213066101 0.246244221925735 0.28932923078537 0.332414239645004 0.375499248504639 0.418584257364273 0.461669266223907 0.51326996088028 0.590417683124542 0.66756534576416 0.744713068008423 0.821860790252686 0.899008512496948 0.976156234741211 1.05330395698547 0.991327881813049 0.882977187633514 0.774626553058624 0.666275918483734 0.557925224304199 0.449574589729309 0.341223955154419 0.253280848264694
0.0729155167937279 0.0736232027411461 0.0743308886885643 0.0750385746359825 0.0757462605834007 0.0764539465308189 0.0771616324782372 0.0781740099191666 0.0792879462242126 0.0804018899798393 0.0815158262848854 0.0826297700405121 0.0837437063455582 0.0848576426506042 0.0879287719726562 0.096871443092823 0.10581412166357 0.114756792783737 0.123699471354485 0.132642149925232 0.141584828495979 0.150527492165565 0.183241173624992 0.223878532648087 0.26451587677002 0.305153220891953 0.345790565013885 0.386427938938141 0.427065283060074 0.477103441953659 0.555344045162201 0.63358461856842 0.711825251579285 0.790065824985504 0.868306457996368 0.946547031402588 1.02478766441345 0.967099905014038 0.86410266160965 0.761105477809906 0.658108234405518 0.555110991001129 0.452113807201385 0.349116593599319 0.264985710382462
0.070901058614254 0.0704172104597092 0.0699333623051643 0.0694495141506195 0.0689656659960747 0.0684818178415298 0.067997969686985 0.0679996162652969 0.0681630969047546 0.0683265775442123 0.06849005818367 0.0686535462737083 0.068817026913166 0.0689805075526237 0.0712890401482582 0.0800327435135841 0.0887764394283295 0.0975201427936554 0.106263846158981 0.115007542073727 0.123751245439053 0.132494941353798 0.163323134183884 0.201512828469276 0.239702522754669 0.277892202138901 0.316081911325455 0.354271590709686 0.39246129989624 0.440936923027039 0.52027040719986 0.599603891372681 0.678937435150146 0.758270919322968 0.837604403495789 0.91693788766861 0.996271371841431 0.942871928215027 0.845228135585785 0.747584342956543 0.649940550327301 0.552296757698059 0.45465299487114 0.357009202241898 0.276690542697906
0.0688866004347801 0.0672112181782722 0.0655358359217644 0.0638604536652565 0.0621850676834583 0.0605096817016602 0.0588342994451523 0.0578252226114273 0.0570382438600063 0.0562512688338757 0.055464293807745 0.0546773187816143 0.0538903400301933 0.0531033650040627 0.0546493157744408 0.0631940364837646 0.0717387646436691 0.0802834928035736 0.0888282135128975 0.097372941672802 0.105917662382126 0.11446239054203 0.143405094742775 0.179147124290466 0.214889168739319 0.250631213188171 0.286373227834702 0.322115272283554 0.357857316732407 0.40477043390274 0.485196799039841 0.565623164176941 0.646049559116364 0.726475954055786 0.806902348995209 0.887328684329987 0.967755079269409 0.918643951416016 0.82635360956192 0.73406320810318 0.641772866249084 0.549482524394989 0.457192212343216 0.364901840686798 0.288395404815674
0.0682199895381927 0.0658257156610489 0.063431441783905 0.0610371641814709 0.058642890304327 0.0562486164271832 0.053854338824749 0.0522176474332809 0.0508334822952747 0.0494493171572685 0.048065148293972 0.0466809831559658 0.0452968180179596 0.0439126528799534 0.0449530966579914 0.0532673709094524 0.0615816451609135 0.0698959231376648 0.0782101973891258 0.0865244716405869 0.0948387458920479 0.103153020143509 0.130328580737114 0.163791239261627 0.197253912687302 0.230716571211815 0.264179229736328 0.297641903162003 0.331104546785355 0.375781029462814 0.454098969697952 0.532416939735413 0.61073487997055 0.689052820205688 0.767370760440826 0.845688700675964 0.924006640911102 0.88015615940094 0.795582890510559 0.711009681224823 0.626436412334442 0.541863203048706 0.457289934158325 0.372716695070267 0.301605612039566
0.0689012184739113 0.0662606954574585 0.0636201724410057 0.0609796531498432 0.0583391338586807 0.0556986108422279 0.0530580878257751 0.0511768944561481 0.0495488047599792 0.0479207187891006 0.0462926290929317 0.0446645431220531 0.0430364534258842 0.0414083674550056 0.0422003902494907 0.0502527356147766 0.0583050847053528 0.066357433795929 0.0744097828865051 0.0824621319770813 0.0905144810676575 0.0985668301582336 0.124093592166901 0.155445173382759 0.186796739697456 0.218148320913315 0.249499887228012 0.280851453542709 0.312203049659729 0.353968769311905 0.426976919174194 0.499985098838806 0.572993278503418 0.64600145816803 0.719009578227997 0.792017757892609 0.86502593755722 0.827408611774445 0.752916157245636 0.678423643112183 0.603931188583374 0.529438674449921 0.45494619011879 0.380453705787659 0.316321223974228
0.0695824474096298 0.0666956827044487 0.063808910548687 0.0609221421182156 0.0580353736877441 0.0551486052572727 0.0522618368268013 0.050136137753725 0.0482641309499741 0.0463921204209328 0.0445201098918915 0.0426480993628502 0.0407760925590992 0.0389040820300579 0.0394476801156998 0.0472381040453911 0.0550285242497921 0.0628189444541931 0.0706093683838844 0.0783997923135757 0.0861902162432671 0.0939806401729584 0.117858611047268 0.14709909260273 0.176339581608772 0.205580070614815 0.234820544719696 0.264061033725739 0.293301522731781 0.332156479358673 0.399854868650436 0.467553287744522 0.535251677036285 0.602950096130371 0.670648455619812 0.738346874713898 0.806045293807983 0.774661064147949 0.710249364376068 0.645837604999542 0.581425905227661 0.51701420545578 0.452602446079254 0.388190746307373 0.331036806106567
0.070263683795929 0.0671306625008583 0.0639976486563683 0.0608646348118782 0.0577316172420979 0.0545986033976078 0.0514655858278275 0.0490953847765923 0.0469794534146786 0.0448635220527649 0.0427475906908512 0.0406316593289375 0.0385157279670238 0.0363997966051102 0.0366949737071991 0.0442234687507153 0.0517519637942314 0.0592804625630379 0.0668089613318443 0.0743374526500702 0.0818659514188766 0.0893944501876831 0.111623622477055 0.1387530118227 0.165882423520088 0.193011820316315 0.220141217112541 0.247270613908768 0.274399995803833 0.310344219207764 0.372732847929001 0.435121476650238 0.497510075569153 0.559898734092712 0.622287333011627 0.684675991535187 0.747064590454102 0.721913516521454 0.6675825715065 0.613251626491547 0.558920621871948 0.504589676856995 0.450258731842041 0.395927757024765 0.345752418041229
0.0709449127316475 0.0675656497478485 0.0641863867640495 0.0608071237802505 0.0574278607964516 0.0540485978126526 0.0506693348288536 0.0480546317994595 0.0456947796046734 0.043334923684597 0.0409750714898109 0.0386152192950249 0.0362553633749485 0.0338955111801624 0.0339422635734081 0.0412088334560394 0.0484754033386707 0.0557419769465923 0.0630085468292236 0.0702751129865646 0.0775416865944862 0.0848082602024078 0.105388633906841 0.130406945943832 0.155425250530243 0.180443570017815 0.205461874604225 0.230480179190636 0.255498498678207 0.288531929254532 0.345610797405243 0.402689635753632 0.459768503904343 0.516847372055054 0.573926210403442 0.631005048751831 0.68808388710022 0.669165968894958 0.624915778636932 0.580665588378906 0.53641539812088 0.492165178060532 0.447914987802505 0.403664767742157 0.360468000173569
0.071626141667366 0.0680006295442581 0.0643751248717308 0.0607496127486229 0.0571241043508053 0.0534985959529877 0.0498730838298798 0.0470138750970364 0.0444101020693779 0.0418063253164291 0.0392025522887707 0.0365987755358219 0.0339950025081635 0.0313912257552147 0.0311895553022623 0.0381942018866539 0.0451988466084003 0.0522034876048565 0.0592081323266029 0.0662127807736397 0.0732174217700958 0.0802220702171326 0.099153645336628 0.122060865163803 0.144968092441559 0.167875319719315 0.190782532095909 0.213689759373665 0.236596986651421 0.266719669103622 0.318488746881485 0.370257824659348 0.42202690243721 0.473795980215073 0.525565087795258 0.57733416557312 0.629103243350983 0.616418421268463 0.582248985767365 0.548079550266266 0.513910114765167 0.479740679264069 0.44557124376297 0.411401808261871 0.375183612108231
0.0722817629575729 0.0688319131731987 0.0653820559382439 0.0619322061538696 0.0584823563694954 0.0550325065851212 0.0515826530754566 0.0486106909811497 0.0457980297505856 0.0429853647947311 0.040172703564167 0.0373600386083126 0.0345473773777485 0.0317347124218941 0.0312560386955738 0.0377793423831463 0.0443026423454285 0.0508259460330009 0.0573492459952831 0.0638725459575653 0.0703958496451378 0.0769191458821297 0.0946417525410652 0.116097457706928 0.137553170323372 0.159008875489235 0.180464580655098 0.201920285820961 0.223375990986824 0.251485109329224 0.29955443739891 0.347623765468597 0.395693123340607 0.443762451410294 0.49183177947998 0.53990113735199 0.587970495223999 0.585722386837006 0.566701769828796 0.547681212425232 0.528660655021667 0.509640038013458 0.490619480609894 0.471598893404007 0.446146160364151
0.0729117691516876 0.0700594857335091 0.0672071948647499 0.0643549039959908 0.0615026168525219 0.058650329709053 0.0557980388402939 0.0528450794517994 0.0498585589230061 0.046872042119503 0.043885525316 0.0408990047872066 0.0379124879837036 0.0349259711802006 0.0341417156159878 0.0399642586708069 0.0457867980003357 0.0516093410551548 0.0574318803846836 0.0632544234395027 0.0690769627690315 0.0748995020985603 0.091852955520153 0.112516716122627 0.133180469274521 0.153844237327576 0.174507990479469 0.195171743631363 0.215835511684418 0.242828235030174 0.288807839155197 0.334787487983704 0.380767107009888 0.426746726036072 0.472726345062256 0.51870596408844 0.564685583114624 0.577077805995941 0.578274190425873 0.57947051525116 0.580666899681091 0.581863284111023 0.583059668540955 0.584256052970886 0.573355674743652
0.0735417827963829 0.0712870582938194 0.0690323263406754 0.0667776018381119 0.0645228773355484 0.0622681528329849 0.0600134246051311 0.0570794641971588 0.0539190918207169 0.0507587194442749 0.0475983470678329 0.044437974691391 0.041277602314949 0.0381172299385071 0.037027396261692 0.0421491749584675 0.0472709573805332 0.0523927360773087 0.0575145184993744 0.0626363009214401 0.0677580833435059 0.072879858314991 0.0890641659498215 0.108935974538326 0.128807783126831 0.148679599165916 0.168551400303841 0.188423216342926 0.208295032382011 0.234171360731125 0.278061270713806 0.321951180696487 0.365841090679169 0.40973100066185 0.453620910644531 0.497510820627213 0.541400730609894 0.568433225154877 0.589846551418304 0.611259877681732 0.63267320394516 0.654086530208588 0.675499856472015 0.696913182735443 0.700565159320831
0.0741717889904976 0.0725146234035492 0.0708574652671814 0.069200299680233 0.0675431340932846 0.0658859759569168 0.0642288103699684 0.0613138489425182 0.0579796247184277 0.0546453967690468 0.0513111688196659 0.047976940870285 0.0446427129209042 0.0413084849715233 0.039913073182106 0.0443340912461281 0.0487551130354404 0.0531761348247528 0.0575971528887749 0.0620181746780872 0.0664391964673996 0.0708602145314217 0.0862753689289093 0.105355232954025 0.124435096979141 0.143514961004257 0.162594825029373 0.181674689054489 0.200754553079605 0.225514486432076 0.267314702272415 0.309114873409271 0.35091507434845 0.392715275287628 0.434515476226807 0.476315677165985 0.518115878105164 0.559788644313812 0.601418912410736 0.64304918050766 0.684679508209229 0.726309776306152 0.767940044403076 0.8095703125 0.82777464389801
