data/working_set_collections/6091692-Cassins_Sparrow-M2/1995/evptrns_avg.asc
NCOLS 265 
NROWS 230 
XLLCORNER -115.5625 
YLLCORNER 24.8333333333333 
CELLSIZE 0.0833333333333333 
NODATA_value -9999 
[rows 120 to 139 of 230, columns 90 to 134 of 265]
0.837887048721313 0.778958141803741 0.720029175281525 0.661100268363953 0.602171361446381 0.543242454528809 0.484313517808914 0.452263414859772 0.429172962903976 0.406082481145859 0.382991999387741 0.359901517629623 0.336811035871506 0.313720554113388 0.301026940345764 0.319523990154266 0.338021039962769 0.356518089771271 0.375015139579773 0.393512189388275 0.412009239196777 0.430506259202957 0.484500735998154 0.550327658653259 0.616154551506042 0.68198150396347 0.747808456420898 0.813635349273682 0.87946230173111 0.918724715709686 0.878293752670288 0.83786278963089 0.797431886196136 0.757000923156738 0.71656996011734 0.676138997077942 0.635708034038544 0.643469870090485 0.667296051979065 0.691122174263 0.714948296546936 0.738774478435516 0.762600600719452 0.786426723003387 0.822739720344543
1.02808248996735 0.944961369037628 0.86184024810791 0.778719067573547 0.695597946643829 0.612476825714111 0.529355645179749 0.486339122056961 0.456690758466721 0.427042424678802 0.397394061088562 0.367745697498322 0.338097363710403 0.308449000120163 0.294952899217606 0.329913556575775 0.364874243736267 0.399834901094437 0.434795558452606 0.469756245613098 0.504716873168945 0.539677560329437 0.609791159629822 0.691622376441956 0.773453593254089 0.855284810066223 0.937116026878357 1.01894724369049 1.10077846050262 1.14500677585602 1.07642650604248 1.00784623622894 0.93926590681076 0.870685636997223 0.80210530757904 0.733525037765503 0.66494470834732 0.659456193447113 0.674998223781586 0.690540313720703 0.706082344055176 0.721624374389648 0.737166404724121 0.752708494663239 0.784518897533417
1.21827793121338 1.11096465587616 1.00365126132965 0.896337926387787 0.789024531841278 0.681711196899414 0.574397802352905 0.52041482925415 0.484208583831787 0.448002368211746 0.411796122789383 0.375589907169342 0.339383691549301 0.303177446126938 0.288878858089447 0.340303152799606 0.391727417707443 0.443151712417603 0.494576007127762 0.546000301837921 0.597424566745758 0.648848831653595 0.735081553459167 0.832917094230652 0.930752635002136 1.02858817577362 1.12642359733582 1.2242591381073 1.32209467887878 1.37128889560699 1.27455925941467 1.17782962322235 1.08109998703003 0.984370350837708 0.887640714645386 0.790911078453064 0.694181442260742 0.675442516803741 0.682700455188751 0.689958393573761 0.697216331958771 0.704474329948425 0.711732268333435 0.718990206718445 0.746298134326935
1.4084734916687 1.27696788311005 1.14546227455139 1.01395666599274 0.882451117038727 0.750945568084717 0.619439959526062 0.554490506649017 0.511726379394531 0.46896231174469 0.426198214292526 0.383434116840363 0.340669989585876 0.297905892133713 0.282804787158966 0.350692719221115 0.418580621480942 0.486468523740768 0.554356455802917 0.622244358062744 0.690132260322571 0.758020162582397 0.860372006893158 0.974211812019348 1.08805167675018 1.20189142227173 1.31573128700256 1.42957103252411 1.54341089725494 1.59757101535797 1.47269201278687 1.34781301021576 1.22293412685394 1.09805512428284 0.973176121711731 0.848297119140625 0.723418176174164 0.69142884016037 0.690402686595917 0.689376533031464 0.68835037946701 0.687324225902557 0.686298072338104 0.685271978378296 0.708077311515808
1.59866893291473 1.44297111034393 1.28727328777313 1.13157546520233 0.975877702236176 0.82017993927002 0.664482116699219 0.588566184043884 0.53924423456192 0.489922255277634 0.440600275993347 0.391278296709061 0.341956317424774 0.292634338140488 0.276730746030807 0.361082285642624 0.445433795452118 0.529785335063934 0.614136874675751 0.698488414287567 0.782839894294739 0.867191433906555 0.985662400722504 1.11550652980804 1.24535059928894 1.37519478797913 1.50503885746002 1.63488292694092 1.7647271156311 1.82385313510895 1.67082476615906 1.51779651641846 1.36476814746857 1.21173977851868 1.05871152877808 0.905683219432831 0.752654910087585 0.707415103912354 0.698104858398438 0.688794672489166 0.67948442697525 0.670174181461334 0.660863935947418 0.651553690433502 0.669856488704681
1.78886437416077 1.60897433757782 1.42908430099487 1.24919438362122 1.06930434703827 0.889414310455322 0.709524273872375 0.622641921043396 0.566762030124664 0.510882198810577 0.455002337694168 0.399122506380081 0.343242645263672 0.287362813949585 0.270656704902649 0.371471852064133 0.472286999225616 0.573102176189423 0.673917293548584 0.77473247051239 0.875547587871552 0.976362764835358 1.11095285415649 1.25680124759674 1.40264964103699 1.54849803447723 1.69434642791748 1.84019482135773 1.98604333400726 2.05013513565063 1.86895751953125 1.68777990341187 1.50660216808319 1.32542455196381 1.14424693584442 0.963069260120392 0.781891584396362 0.723401427268982 0.705807089805603 0.688212752342224 0.670618414878845 0.653024077415466 0.635429739952087 0.617835402488708 0.6316357254982
1.90209519863129 1.70543718338013 1.50877916812897 1.31212103366852 1.11546301841736 0.918805003166199 0.722146987915039 0.629518508911133 0.571566581726074 0.513614654541016 0.455662727355957 0.397710800170898 0.33975887298584 0.281806945800781 0.265816152095795 0.375708729028702 0.485601276159286 0.595493853092194 0.705386400222778 0.815278947353363 0.925171554088593 1.03506410121918 1.17530167102814 1.32565438747406 1.47600698471069 1.62635970115662 1.77671229839325 1.92706489562988 2.07741761207581 2.14186668395996 1.94860577583313 1.75534474849701 1.5620836019516 1.36882257461548 1.17556154727936 0.982300519943237 0.789039433002472 0.72351998090744 0.700581014156342 0.677642047405243 0.654703080654144 0.631764113903046 0.608825147151947 0.585886180400848 0.596099257469177
1.93836140632629 1.73235952854156 1.52635765075684 1.32035577297211 1.11435389518738 0.908352077007294 0.702350199222565 0.609196066856384 0.55365788936615 0.498119652271271 0.442581444978714 0.387043237686157 0.3315050303936 0.275966823101044 0.262209117412567 0.373792886734009 0.48537665605545 0.596960425376892 0.708544194698334 0.820127964019775 0.931711733341217 1.04329550266266 1.17870903015137 1.32206583023071 1.46542274951935 1.60877954959869 1.75213634967804 1.89549314975739 2.03885006904602 2.09904789924622 1.90976941585541 1.7204909324646 1.53121244907379 1.34193396568298 1.15265536308289 0.963376939296722 0.77409839630127 0.707770705223083 0.682426571846008 0.657082498073578 0.631738364696503 0.606394231319427 0.581050157546997 0.555706024169922 0.563247203826904
1.9746276140213 1.759281873703 1.54393625259399 1.3285905122757 1.1132447719574 0.897899091243744 0.68255341053009 0.588873624801636 0.535749137401581 0.482624650001526 0.429500162601471 0.376375675201416 0.323251187801361 0.270126700401306 0.258602052927017 0.371877044439316 0.485152035951614 0.598426997661591 0.711701989173889 0.824976980686188 0.938251972198486 1.05152690410614 1.1821163892746 1.31847739219666 1.45483839511871 1.59119939804077 1.72756040096283 1.86392140388489 2.00028228759766 2.05622911453247 1.87093317508698 1.68563723564148 1.50034117698669 1.3150452375412 1.1297492980957 0.944453358650208 0.759157359600067 0.692021429538727 0.66427218914032 0.636522889137268 0.608773648738861 0.581024408340454 0.553275108337402 0.525525867938995 0.530395090579987
2.01089382171631 1.78620421886444 1.56151473522186 1.33682525157928 1.11213564872742 0.887446165084839 0.662756621837616 0.568551182746887 0.517840385437012 0.467129647731781 0.416418880224228 0.365708112716675 0.314997315406799 0.264286547899246 0.25499501824379 0.369961202144623 0.484927415847778 0.599893569946289 0.714859783649445 0.8298259973526 0.944792151451111 1.05975830554962 1.18552374839783 1.3148889541626 1.44425404071808 1.57361924648285 1.70298445224762 1.8323495388031 1.96171474456787 2.01341032981873 1.83209681510925 1.65078341960907 1.46947002410889 1.2881566286087 1.10684311389923 0.925529778003693 0.744216322898865 0.67627215385437 0.646117746829987 0.615963339805603 0.58580893278122 0.555654525756836 0.525500118732452 0.495345711708069 0.497543036937714
2.04715991020203 1.81312656402588 1.57909321784973 1.34505987167358 1.11102652549744 0.876993238925934 0.642959892749786 0.548228740692139 0.499931693077087 0.451634645462036 0.403337568044662 0.355040520429611 0.30674347281456 0.258446425199509 0.251387983560562 0.368045389652252 0.48470276594162 0.601360201835632 0.718017578125 0.834674954414368 0.95133239030838 1.0679897069931 1.18893110752106 1.31130039691925 1.43366980552673 1.55603909492493 1.67840850353241 1.8007777929306 1.9231470823288 1.97059142589569 1.79326057434082 1.61592972278595 1.43859875202179 1.26126790046692 1.08393704891205 0.906606197357178 0.729275286197662 0.660522878170013 0.627963364124298 0.595403790473938 0.562844216823578 0.530284643173218 0.49772509932518 0.465165555477142 0.464690953493118
2.08342623710632 1.84004902839661 1.59667181968689 1.35329461097717 1.10991740226746 0.866540253162384 0.623163104057312 0.52790629863739 0.482022970914841 0.436139613389969 0.390256285667419 0.34437295794487 0.298489630222321 0.252606272697449 0.247780933976173 0.366129547357559 0.484478145837784 0.602826774120331 0.721175372600555 0.83952397108078 0.957872569561005 1.07622122764587 1.19233846664429 1.30771195888519 1.4230854511261 1.538458943367 1.6538325548172 1.76920604705811 1.88457953929901 1.92777252197266 1.7544242143631 1.58107590675354 1.40772759914398 1.23437929153442 1.06103086471558 0.887682616710663 0.71433424949646 0.644773662090302 0.609808921813965 0.574844241142273 0.539879500865936 0.504914820194244 0.46995010972023 0.434985399246216 0.431838870048523
1.9477561712265 1.71929061412811 1.49082505702972 1.26235949993134 1.03389394283295 0.805428445339203 0.576962888240814 0.489230781793594 0.448409825563431 0.407588839530945 0.366767853498459 0.325946867465973 0.285125881433487 0.244304910302162 0.242563620209694 0.358061343431473 0.47355905175209 0.58905678987503 0.704554498195648 0.820052206516266 0.935549974441528 1.05104768276215 1.15842521190643 1.26309609413147 1.36776697635651 1.47243785858154 1.57710862159729 1.68177950382233 1.78645038604736 1.82435238361359 1.66194796562195 1.49954342842102 1.33713901042938 1.17473459243774 1.01233005523682 0.849925637245178 0.687521159648895 0.62097704410553 0.586386322975159 0.551795661449432 0.517204999923706 0.482614308595657 0.448023617267609 0.413432955741882 0.411145091056824
1.64014995098114 1.45085155963898 1.26155304908752 1.07225465774536 0.882956206798553 0.693657755851746 0.504359364509583 0.432202249765396 0.399092257022858 0.365982264280319 0.332872271537781 0.299762278795242 0.266652286052704 0.233542308211327 0.235736012458801 0.343840748071671 0.451945513486862 0.560050249099731 0.668155014514923 0.776259779930115 0.884364545345306 0.992469251155853 1.08719146251678 1.17745280265808 1.26771426200867 1.35797560214996 1.44823694229126 1.53849840164185 1.62875974178314 1.66033089160919 1.51583170890808 1.37133240699768 1.22683310508728 1.08233380317688 0.937834560871124 0.793335258960724 0.648836016654968 0.589133083820343 0.55769556760788 0.526258111000061 0.494820654392242 0.463383167982101 0.43194568157196 0.400508224964142 0.402609646320343
1.33254373073578 1.18241250514984 1.03228116035461 0.882149755954742 0.73201847076416 0.581887125968933 0.431755781173706 0.375173687934875 0.349774688482285 0.324375689029694 0.298976689577103 0.273577690124512 0.248178705573082 0.222779706120491 0.228908404707909 0.329620182514191 0.430331945419312 0.531043767929077 0.631755530834198 0.732467293739319 0.83317905664444 0.933890879154205 1.01595771312714 1.09180963039398 1.16766154766083 1.24351334571838 1.31936526298523 1.39521718025208 1.47106909751892 1.49630951881409 1.36971533298492 1.24312126636505 1.11652719974518 0.989933133125305 0.863339006900787 0.736744940280914 0.610150814056396 0.557289123535156 0.529004812240601 0.50072056055069 0.472436308860779 0.444152027368546 0.415867745876312 0.387583494186401 0.39407417178154
1.02493762969971 0.913973331451416 0.803009152412415 0.692044913768768 0.581080675125122 0.470116436481476 0.35915219783783 0.318145155906677 0.300457149744034 0.28276914358139 0.265081107616425 0.247393116354942 0.229705110192299 0.212017089128494 0.222080796957016 0.315399587154388 0.408718407154083 0.502037227153778 0.595356047153473 0.688674807548523 0.781993627548218 0.875312447547913 0.944723963737488 1.00616633892059 1.06760883331299 1.12905120849609 1.1904935836792 1.2519359588623 1.3133784532547 1.33228802680969 1.22359907627106 1.11491024494171 1.00622129440308 0.897532403469086 0.78884345293045 0.68015456199646 0.57146567106247 0.52544516324997 0.500314056873322 0.475183010101318 0.450051963329315 0.42492088675499 0.399789839982986 0.374658763408661 0.385538697242737
0.717331409454346 0.64553427696228 0.573737144470215 0.501940011978149 0.430142909288406 0.358345776796341 0.286548644304276 0.261116594076157 0.251139581203461 0.241162553429604 0.231185540556908 0.221208527684212 0.211231499910355 0.201254487037659 0.215253189206123 0.301179021596909 0.387104868888855 0.473030686378479 0.558956503868103 0.644882380962372 0.730808198451996 0.81673401594162 0.873490214347839 0.920523107051849 0.967556059360504 1.01458895206451 1.06162190437317 1.10865485668182 1.15568780899048 1.1682665348053 1.07748281955719 0.986699104309082 0.895915389060974 0.805131673812866 0.714347958564758 0.62356424331665 0.532780528068542 0.493601202964783 0.471623331308365 0.449645459651947 0.427667617797852 0.405689746141434 0.383711904287338 0.36173403263092 0.377003252506256
0.409725219011307 0.377095192670822 0.344465166330338 0.311835139989853 0.279205113649368 0.246575102210045 0.21394507586956 0.204088047146797 0.201822027564049 0.199555993080139 0.19728995859623 0.195023939013481 0.192757904529572 0.190491884946823 0.208425581455231 0.286958426237106 0.365491300821304 0.444024175405502 0.522557020187378 0.601089894771576 0.679622769355774 0.758155643939972 0.802256405353546 0.834879875183105 0.867503345012665 0.900126755237579 0.932750225067139 0.965373635292053 0.997997105121613 1.0042450428009 0.931366503238678 0.858487963676453 0.785609483718872 0.712730944156647 0.639852404594421 0.566973865032196 0.494095355272293 0.461757242679596 0.442932575941086 0.424107939004898 0.405283272266388 0.386458605527878 0.36763396859169 0.34880930185318 0.368467777967453
0.24954280257225 0.236567378044128 0.223591938614845 0.210616514086723 0.19764107465744 0.184665650129318 0.171690210700035 0.171399295330048 0.175336554646492 0.179273813962936 0.183211073279381 0.187148332595825 0.191085577011108 0.195022836327553 0.215109810233116 0.283645927906036 0.352182060480118 0.420718163251877 0.489254295825958 0.557790398597717 0.626326501369476 0.69486266374588 0.728856980800629 0.751337468624115 0.773817896842957 0.796298384666443 0.818778812885284 0.841259300708771 0.863739728927612 0.86609959602356 0.808097720146179 0.750095784664154 0.692093908786774 0.634092032909393 0.576090097427368 0.518088221549988 0.460086286067963 0.433428108692169 0.417217791080475 0.401007503271103 0.384797215461731 0.368586897850037 0.352376610040665 0.336166322231293 0.357054829597473
0.236784189939499 0.223950833082199 0.211117476224899 0.1982841193676 0.1854507625103 0.172617420554161 0.159784063696861 0.163050353527069 0.171683192253113 0.180316016077995 0.188948854804039 0.197581693530083 0.206214532256126 0.21484737098217 0.235305890440941 0.291241496801376 0.347177088260651 0.403112679719925 0.459048271179199 0.514983892440796 0.570919454097748 0.626855075359344 0.653291940689087 0.669895887374878 0.686499834060669 0.703103840351105 0.719707787036896 0.736311733722687 0.752915740013123 0.753830254077911 0.707676410675049 0.661522567272186 0.615368723869324 0.569214880466461 0.523061037063599 0.476907193660736 0.430753350257874 0.408613801002502 0.394479006528854 0.380344212055206 0.366209417581558 0.35207462310791 0.337939828634262 0.323805034160614 0.342764407396317
