data/working_set_collections/6091692-Cassins_Sparrow-M2/1995/ghland_avg.asc
NCOLS 265 
NROWS 230 
XLLCORNER -115.5625 
YLLCORNER 24.8333333333333 
CELLSIZE 0.0833333333333333 
NODATA_value -9999 
[rows 95 to 113 of 230, columns 88 to 131 of 265]
0.0356904864311218 0.036408256739378 0.0504850968718529 0.0645619332790375 0.0786387696862221 0.0927156135439873 0.106792449951172 0.120869286358356 0.134946122765541 0.139224901795387 0.140237659215927 0.141250416636467 0.142263174057007 0.143275931477547 0.144288688898087 0.145301446318626 0.147357612848282 0.152544051408768 0.157730489969254 0.162916928529739 0.168103352189064 0.17328979074955 0.178476229310036 0.183662667870522 0.179714813828468 0.172722220420837 0.165729612112045 0.158737003803253 0.151744395494461 0.144751787185669 0.137759178876877 0.134556964039803 0.142725914716721 0.150894865393639 0.159063816070557 0.167232766747475 0.175401717424393 0.183570668101311 0.191739618778229 0.188456699252129 0.181356504559517 0.174256294965744 0.167156085371971 0.160055875778198
0.0240723695605993 0.0246431306004524 0.0367007814347744 0.0487584322690964 0.0608160831034184 0.0728737339377403 0.0849313884973526 0.0969890356063843 0.109046690165997 0.114645183086395 0.118090622127056 0.121536068618298 0.124981507658958 0.1284269541502 0.131872400641441 0.135317832231522 0.139475330710411 0.145768970251083 0.152062594890594 0.158356234431267 0.164649873971939 0.17094349861145 0.177237138152122 0.183530777692795 0.179289519786835 0.17153662443161 0.163783743977547 0.156030848622322 0.148277953267097 0.140525072813034 0.132772177457809 0.129098355770111 0.137661695480347 0.146225035190582 0.154788389801979 0.163351729512215 0.17191506922245 0.180478408932686 0.189041748642921 0.186636030673981 0.180573970079422 0.174511894583702 0.168449819087982 0.162387743592262
0.0195178799331188 0.0191932357847691 0.0282560661435127 0.0373188965022564 0.0463817268610001 0.055444560945034 0.0645073875784874 0.0735702216625214 0.0826330482959747 0.0891274809837341 0.094765767455101 0.100404061377048 0.106042347848415 0.111680641770363 0.11731892824173 0.122957222163677 0.128932952880859 0.135921031236649 0.142909109592438 0.149897187948227 0.156885266304016 0.163873344659805 0.170861408114433 0.177849486470222 0.173332557082176 0.164980620145798 0.156628683209419 0.148276746273041 0.139924809336662 0.131572872400284 0.123220935463905 0.118861749768257 0.1264808177948 0.134099885821342 0.141718953847885 0.149338021874428 0.156957104802132 0.164576172828674 0.172195240855217 0.171141907572746 0.167197793722153 0.163253664970398 0.159309551119804 0.15536542236805
0.0149633903056383 0.0137433400377631 0.0198113508522511 0.0258793625980616 0.0319473743438721 0.0380153842270374 0.0440833941102028 0.0501514039933681 0.0562194176018238 0.0636097714304924 0.0714409127831459 0.0792720466852188 0.0871031880378723 0.0949343219399452 0.102765463292599 0.110596597194672 0.118390582501888 0.126073107123375 0.133755624294281 0.141438141465187 0.149120658636093 0.156803175806999 0.164485692977905 0.172168210148811 0.167375594377518 0.158424615859985 0.149473622441292 0.140522643923759 0.131571650505066 0.122620671987534 0.113669686019421 0.108625143766403 0.115299940109253 0.121974736452103 0.128649532794952 0.135324329137802 0.141999125480652 0.148673921823502 0.155348718166351 0.155647799372673 0.153821617364883 0.151995450258255 0.150169283151627 0.148343101143837
0.0104089016094804 0.00829344522207975 0.0113666355609894 0.0144398268312216 0.0175130181014538 0.020586209371686 0.023659398779273 0.0267325900495052 0.0298057813197374 0.0380920693278313 0.0481160543859005 0.0581400394439697 0.0681640207767487 0.0781880095601082 0.0882119983434677 0.0982359796762466 0.107848212122917 0.11622516810894 0.124602131545544 0.132979094982147 0.14135605096817 0.149733006954193 0.158109962940216 0.1664869338274 0.16141864657402 0.151868611574173 0.142318576574326 0.132768541574478 0.123218506574631 0.113668471574783 0.104118436574936 0.0983885377645493 0.104119062423706 0.109849587082863 0.11558011174202 0.121310636401176 0.127041161060333 0.13277168571949 0.138502210378647 0.140153676271439 0.140445455908775 0.140737235546112 0.141029015183449 0.141320794820786
0.00585441198199987 0.00284354924224317 0.00292192026972771 0.00300029129721224 0.00307866232469678 0.00315703335218132 0.00323540437966585 0.00331377540715039 0.00339214643463492 0.0125743634998798 0.0247911959886551 0.0370080284774303 0.0492248609662056 0.0614416934549809 0.0736585259437561 0.0858753621578217 0.0973058342933655 0.106377236545086 0.115448638796806 0.124520041048527 0.133591443300247 0.142662838101387 0.151734247803688 0.160805642604828 0.155461683869362 0.145312607288361 0.135163515806198 0.125014439225197 0.114865355193615 0.104716271162033 0.0945671871304512 0.0881519392132759 0.0929381847381592 0.097724437713623 0.102510683238506 0.10729693621397 0.112083189189434 0.116869434714317 0.121655687689781 0.124659545719624 0.127069279551506 0.129479005932808 0.13188873231411 0.134298473596573
0.00129992235451937 -0.00260634627193213 -0.00552279502153397 -0.00843924377113581 -0.0113556934520602 -0.0142721422016621 -0.0171885900199413 -0.0201050397008657 -0.0230214893817902 -0.0129433404654264 0.00146633968688548 0.0158760193735361 0.0302857011556625 0.0446953810751438 0.0591050609946251 0.0735147446393967 0.0867634639143944 0.0965293049812317 0.106295146048069 0.116060994565487 0.125826835632324 0.135592684149742 0.145358517765999 0.155124366283417 0.149504736065865 0.138756603002548 0.128008469939232 0.117260336875916 0.106512203812599 0.0957640707492828 0.0850159376859665 0.077915333211422 0.0817573070526123 0.0855992883443832 0.0894412621855736 0.0932832360267639 0.0971252173185349 0.100967191159725 0.104809172451496 0.109165422618389 0.113693103194237 0.118220791220665 0.122748471796513 0.12727615237236
0.000907018373254687 -0.00338373752310872 -0.00751522462815046 -0.0116467121988535 -0.0157781988382339 -0.0199096873402596 -0.02404117397964 -0.0281726606190205 -0.0323041491210461 -0.0220555458217859 -0.00701358215883374 0.00802838243544102 0.0230703465640545 0.0381123125553131 0.0531542748212814 0.0681962445378304 0.0818315595388412 0.0912469252943993 0.100662291049957 0.110077656805515 0.119493030011654 0.128908395767212 0.138323768973351 0.147739127278328 0.142313063144684 0.131939858198166 0.121566645801067 0.111193433403969 0.10082022100687 0.0904470160603523 0.0800738036632538 0.0730613693594933 0.0761312767863274 0.0792011842131615 0.082271084189415 0.0853409916162491 0.0884108915925026 0.0914807990193367 0.0945507064461708 0.0990999341011047 0.104142278432846 0.109184622764587 0.114226967096329 0.11926931142807
0.00467569986358285 0.000511375430505723 -0.00305536855012178 -0.00662211235612631 -0.0101888561621308 -0.0137555999681354 -0.0173223447054625 -0.020889088511467 -0.0244558323174715 -0.0147622544318438 -0.000648568558972329 0.0134651167318225 0.0275788027793169 0.0416924878954887 0.0558061748743057 0.0699198618531227 0.0825101137161255 0.090530090034008 0.0985500663518906 0.106570042669773 0.114590018987656 0.122609987854958 0.130629971623421 0.138649940490723 0.133886694908142 0.124862380325794 0.115838058292866 0.106813743710518 0.0977894216775894 0.088765099644661 0.0797407850623131 0.0735900551080704 0.0760600864887238 0.0785301178693771 0.0810001567006111 0.0834701880812645 0.0859402194619179 0.0884102582931519 0.0908802896738052 0.094463087618351 0.0984167978167534 0.102370515465736 0.106324233114719 0.110277943313122
0.00844438094645739 0.00440648850053549 0.00140448764432222 -0.00159751297906041 -0.00459951348602772 -0.00760151445865631 -0.0106035144999623 -0.0136055154725909 -0.0166075155138969 -0.00746896164491773 0.00571644492447376 0.018901851028204 0.0320872589945793 0.0452726632356644 0.0584580712020397 0.0716434791684151 0.0831886753439903 0.0898132622241974 0.0964378416538239 0.10306242108345 0.109687007963657 0.116311587393284 0.12293616682291 0.129560753703117 0.1254603266716 0.117784902453423 0.110109470784664 0.102434046566486 0.0947586223483086 0.0870831906795502 0.0794077664613724 0.0741187334060669 0.0759888961911201 0.0778590589761734 0.0797292217612267 0.0815993845462799 0.0834695473313332 0.0853397101163864 0.0872098729014397 0.0898262336850166 0.0926913172006607 0.0955564081668854 0.0984214916825294 0.101286582648754
0.0122130624949932 0.00830160081386566 0.00586434407159686 0.00342708663083613 0.000989829190075397 -0.00144742813427001 -0.00388468545861542 -0.00632194289937615 -0.00875920057296753 -0.000175668901647441 0.0120814582332969 0.024338586255908 0.0365957133471966 0.0488528423011303 0.0611099675297737 0.0733670964837074 0.0838672369718552 0.0890964269638062 0.0943256169557571 0.0995548069477081 0.104783989489079 0.11001317948103 0.11524236947298 0.120471559464931 0.117033958435059 0.11070741713047 0.104380883276463 0.0980543494224548 0.0917278155684471 0.0854012817144394 0.0790747478604317 0.074647419154644 0.0759177133440971 0.0771880000829697 0.0784582942724228 0.0797285884618759 0.0809988752007484 0.0822691693902016 0.0835394635796547 0.0851893797516823 0.086965836584568 0.0887423008680344 0.0905187577009201 0.0922952219843864
0.0159817449748516 0.0121967140585184 0.0103241996839643 0.00845168624073267 0.00657917186617851 0.00470665795728564 0.00283414404839277 0.00096162996487692 -0.000910884060431272 0.00711762346327305 0.01844647154212 0.0297753196209669 0.0411041676998138 0.0524330176413059 0.063761867582798 0.0750907137989998 0.08454579859972 0.0883795917034149 0.0922133922576904 0.0960471853613853 0.0998809784650803 0.103714779019356 0.107548572123051 0.111382365226746 0.108607582747936 0.103629939258099 0.098652295768261 0.0936746597290039 0.0886970162391663 0.0837193727493286 0.078741729259491 0.0751760974526405 0.0758465230464935 0.0765169411897659 0.0771873593330383 0.0778577849268913 0.0785282030701637 0.0791986286640167 0.0798690468072891 0.0805525258183479 0.0812403559684753 0.0819281935691833 0.0826160237193108 0.0833038538694382
0.0197504255920649 0.0160918273031712 0.0147840566933155 0.0134762851521373 0.0121685145422816 0.010860743932426 0.00955297332257032 0.00824520271271467 0.00693743210285902 0.0144109167158604 0.0248114857822657 0.035212054848671 0.0456126257777214 0.0560131929814816 0.0664137601852417 0.0768143311142921 0.0852243602275848 0.0876627638936043 0.0901011675596237 0.0925395637750626 0.094977967441082 0.0974163711071014 0.0998547747731209 0.10229317843914 0.100181214511395 0.0965524613857269 0.09292371571064 0.0892949625849724 0.0856662094593048 0.0820374563336372 0.0784087106585503 0.0757047832012177 0.0757753327488899 0.0758458822965622 0.0759164318442345 0.0759869813919067 0.076057530939579 0.0761280804872513 0.0761986300349236 0.0759156718850136 0.0755148753523827 0.0751140788197517 0.0747132897377014 0.0743124932050705
0.02255136705935 0.0190229807049036 0.0180096253752708 0.0169962681829929 0.0159829128533602 0.0149695565924048 0.0139562012627721 0.0129428450018167 0.0119294887408614 0.0192903615534306 0.0294426437467337 0.0395949259400368 0.0497472062706947 0.0598994866013527 0.0700517669320107 0.0802040547132492 0.0881398841738701 0.0894263535737991 0.0907128304243088 0.0919993072748184 0.0932857766747475 0.0945722535252571 0.0958587303757668 0.0971451997756958 0.0956592708826065 0.0932492017745972 0.0908391326665878 0.0884290635585785 0.0860189944505692 0.0836089178919792 0.0811988487839699 0.0793113186955452 0.0789913907647133 0.0786714553833008 0.0783515274524689 0.078031599521637 0.077711671590805 0.0773917436599731 0.0770718082785606 0.0763554573059082 0.0755069702863693 0.0746584832668304 0.073809988796711 0.0729615017771721
0.0243845693767071 0.0209901742637157 0.0200009047985077 0.0190116353332996 0.0180223658680916 0.0170330964028835 0.0160438269376755 0.0150545574724674 0.0140652880072594 0.0217559598386288 0.032339945435524 0.0429239310324192 0.0535079166293144 0.0640918985009193 0.0746758878231049 0.0852598696947098 0.0932923629879951 0.0936703756451607 0.0940483883023262 0.0944263935089111 0.0948044061660767 0.0951824188232422 0.0955604314804077 0.0959384441375732 0.0950417444109917 0.0937201455235481 0.0923985540866852 0.0910769551992416 0.0897553563117981 0.0884337574243546 0.087112158536911 0.0859957039356232 0.085494689643383 0.0849936753511429 0.0844926536083221 0.083991639316082 0.0834906175732613 0.0829896032810211 0.0824885815382004 0.0818718895316124 0.0812166333198547 0.0805613845586777 0.07990612834692 0.079250879585743
0.0262177716940641 0.022957369685173 0.0219921860843897 0.0210270024836063 0.020061818882823 0.0190966352820396 0.0181314535439014 0.0171662699431181 0.0162010863423347 0.0242215562611818 0.0352372452616692 0.0462529361248016 0.0572686232626438 0.068284310400486 0.0793000012636185 0.090315692126751 0.0984448418021202 0.0979143902659416 0.097383938729763 0.0968534871935844 0.0963230356574059 0.0957925841212273 0.0952621325850487 0.0947316810488701 0.0944242253899574 0.0941910967230797 0.0939579755067825 0.0937248468399048 0.093491718173027 0.0932585969567299 0.0930254682898521 0.0926800966262817 0.0919979885220528 0.0913158878684044 0.0906337797641754 0.0899516716599464 0.0892695710062981 0.0885874629020691 0.0879053547978401 0.0873883217573166 0.0869263038039207 0.0864642858505249 0.0860022678971291 0.0855402573943138
0.0280509758740664 0.0249245632439852 0.0239834673702717 0.023042369633913 0.0221012718975544 0.0211601760238409 0.0202190782874823 0.0192779805511236 0.0183368846774101 0.02668715454638 0.0381345488131046 0.0495819412171841 0.0610293336212635 0.0724767223000526 0.0839241147041321 0.0953715071082115 0.103597328066826 0.102158412337303 0.10071949660778 0.0992805808782578 0.097841665148735 0.0964027494192123 0.0949638411402702 0.0935249254107475 0.0938067063689232 0.0946620479226112 0.0955173969268799 0.0963727384805679 0.0972280874848366 0.0980834290385246 0.0989387780427933 0.0993644818663597 0.0985012948513031 0.0976381003856659 0.0967749059200287 0.0959117114543915 0.0950485169887543 0.0941853225231171 0.0933221280574799 0.0929047465324402 0.0926359668374062 0.0923671871423721 0.0920984148979187 0.0918296352028847
0.0298841781914234 0.0268917586654425 0.0259747467935085 0.0250577367842197 0.024140726774931 0.023223714902997 0.0223067048937082 0.0213896930217743 0.0204726830124855 0.0291527528315783 0.0410318486392498 0.0529109463095665 0.0647900402545929 0.0766691341996193 0.0885482355952263 0.100427329540253 0.108749806880951 0.106402426958084 0.104055054485798 0.101707674562931 0.0993602946400642 0.097012922167778 0.0946655422449112 0.0923181623220444 0.0931891798973083 0.0951329991221428 0.0970768183469772 0.0990206301212311 0.100964449346066 0.1029082685709 0.104852080345154 0.106048874557018 0.105004593729973 0.103960312902927 0.102916032075882 0.101871751248837 0.10082746297121 0.099783182144165 0.0987389013171196 0.0984211787581444 0.0983456373214722 0.0982700958848 0.0981945544481277 0.0981190130114555
0.0317173786461353 0.0288589522242546 0.0279660280793905 0.0270731039345264 0.0261801797896624 0.0252872556447983 0.024394329637289 0.023501405492425 0.0226084813475609 0.0316183492541313 0.043929148465395 0.0562399514019489 0.0685507506132126 0.0808615460991859 0.0931723490357399 0.105483151972294 0.113902285695076 0.110646449029446 0.107390604913235 0.104134768247604 0.100878924131393 0.0976230874657631 0.0943672433495522 0.0911114066839218 0.0925716608762741 0.0956039503216743 0.0986362397670746 0.101668521761894 0.104700811207294 0.107733100652695 0.110765390098095 0.112733267247677 0.111507892608643 0.110282525420189 0.109057158231735 0.107831783592701 0.106606416404247 0.105381049215794 0.104155674576759 0.103937603533268 0.104055300354958 0.104172997176647 0.104290693998337 0.104408390820026
