data/working_set_collections/6091692-Cassins_Sparrow-M2/1995/ghland_avg.asc
NCOLS 265 
NROWS 230 
XLLCORNER -115.5625 
YLLCORNER 24.8333333333333 
CELLSIZE 0.0833333333333333 
NODATA_value -9999 
[rows 57 to 75 of 230, columns 132 to 175 of 265]
0.112161949276924 0.117147758603096 0.120886147022247 0.120882242918015 0.120878346264362 0.12087444216013 0.120870545506477 0.120866648852825 0.120862744748592 0.12085884809494 0.12116227298975 0.121568135917187 0.121973998844624 0.122379869222641 0.122785732150078 0.123191595077515 0.123597465455532 0.123746871948242 0.123126901686192 0.122506938874722 0.121886968612671 0.121267005801201 0.12064703553915 0.1200270652771 0.11940710246563 0.118795290589333 0.118186205625534 0.117577113211155 0.116968020796776 0.116358935832977 0.115749843418598 0.1151407584548 0.115333288908005 0.117930687963963 0.120528094470501 0.123125493526459 0.125722900032997 0.128320291638374 0.130917698144913 0.133515104651451 0.134310007095337 0.134504079818726 0.134698137640953 0.134892210364342
0.128482431173325 0.131378248333931 0.13334059715271 0.132502481341362 0.131664380431175 0.130826264619827 0.12998816370964 0.129150047898293 0.128311932086945 0.127473831176758 0.127384260296822 0.127544194459915 0.12770414352417 0.127864077687263 0.128024026751518 0.128183960914612 0.128343909978867 0.128207921981812 0.127184167504311 0.12616041302681 0.125136658549309 0.124112896621227 0.123089134693146 0.122065380215645 0.121041625738144 0.120222546160221 0.119471691548824 0.118720836937428 0.117969982326031 0.117219127714634 0.116468273103237 0.11571741849184 0.115800566971302 0.118385702371597 0.120970845222473 0.123555980622768 0.126141116023064 0.12872625887394 0.131311401724815 0.133896544575691 0.134397238492966 0.134203135967255 0.134009033441544 0.133814930915833
0.144802913069725 0.145608752965927 0.145795047283173 0.144122734665871 0.142450407147408 0.140778094530106 0.139105767011642 0.137433454394341 0.135761126875877 0.134088814258575 0.133606240153313 0.133520260453224 0.133434280753136 0.133348301053047 0.133262321352959 0.133176326751709 0.13309034705162 0.132668972015381 0.131241425871849 0.129813879728317 0.128386333584785 0.126958787441254 0.125531241297722 0.124103687703609 0.122676141560078 0.121649794280529 0.120757177472115 0.11986455321312 0.118971936404705 0.118079319596291 0.117186702787876 0.116294085979462 0.116267837584019 0.118840716779232 0.121413595974445 0.123986467719078 0.126559346914291 0.129132226109505 0.131705090403557 0.13427796959877 0.134484484791756 0.133902207016945 0.133319929242134 0.132737651467323
0.154945597052574 0.155209004878998 0.154862999916077 0.152688786387444 0.150514557957649 0.148340329527855 0.146166101098061 0.143991872668266 0.141817644238472 0.139643415808678 0.138563245534897 0.137847766280174 0.137132287025452 0.136416807770729 0.135701313614845 0.134985834360123 0.1342703551054 0.133334249258041 0.131736278533936 0.130138322710991 0.128540351986885 0.12694239616394 0.125344425439835 0.123746462166309 0.122148498892784 0.120966449379921 0.119923025369644 0.118879608809948 0.117836192250252 0.116792775690556 0.115749359130859 0.114705935120583 0.114541500806808 0.117014020681381 0.119486540555954 0.121959060430527 0.124431580305099 0.126904100179672 0.129376620054245 0.131849139928818 0.131969675421715 0.13130621612072 0.130642756819725 0.129979282617569
0.158910468220711 0.160179018974304 0.160544469952583 0.158200636506081 0.155856803059578 0.153512984514236 0.151169151067734 0.148825317621231 0.146481484174728 0.144137650728226 0.142255276441574 0.140526711940765 0.138798147439957 0.137069597840309 0.1353410333395 0.133612468838692 0.131883904337883 0.130203723907471 0.12866872549057 0.127133712172508 0.125598713755608 0.124063707888126 0.122528702020645 0.120993696153164 0.119458690285683 0.118172504007816 0.116969250142574 0.115765996277332 0.11456274241209 0.113359488546848 0.112156234681606 0.110952980816364 0.110621556639671 0.112905628979206 0.11518969386816 0.117473766207695 0.11975783854723 0.122041903436184 0.124325975775719 0.126610040664673 0.126852810382843 0.126415148377419 0.125977486371994 0.12553982436657
0.162875339388847 0.165149018168449 0.166225925087929 0.163712501525879 0.161199063062668 0.158685624599457 0.156172201037407 0.153658762574196 0.151145324110985 0.148631900548935 0.145947307348251 0.143205657601357 0.140464022755623 0.137722387909889 0.134980738162994 0.132239103317261 0.129497453570366 0.127073213458061 0.125601172447205 0.124129116535187 0.12265707552433 0.121185027062893 0.119712978601456 0.118240937590599 0.116768889129162 0.115378558635712 0.114015467464924 0.112652383744717 0.111289292573929 0.109926201403141 0.108563110232353 0.107200026512146 0.106701612472534 0.10879722982645 0.110892847180367 0.112988464534283 0.115084089338779 0.117179706692696 0.119275324046612 0.121370941400528 0.121735952794552 0.121524088084698 0.121312223374844 0.121100358664989
0.166840210556984 0.170119032263756 0.171907395124435 0.169224351644516 0.166541308164597 0.163858279585838 0.161175236105919 0.158492207527161 0.155809164047241 0.153126135468483 0.149639338254929 0.145884618163109 0.142129898071289 0.138375177979469 0.134620442986488 0.130865722894669 0.127111002802849 0.123942695558071 0.122533611953259 0.121124520897865 0.119715429842472 0.118306346237659 0.116897255182266 0.115488171577454 0.11407908052206 0.112584613263607 0.111061692237854 0.10953876376152 0.108015842735767 0.106492914259434 0.104969993233681 0.103447064757347 0.102781660854816 0.104688830673695 0.106596000492573 0.108503170311451 0.110410340130329 0.112317509949207 0.114224679768085 0.116131842136383 0.11661908775568 0.116633027791977 0.116646960377693 0.11666090041399
0.170805081725121 0.175089046359062 0.177588850259781 0.174736201763153 0.171883568167686 0.16903093457222 0.166178286075592 0.163325652480125 0.160473003983498 0.157620370388031 0.153331354260445 0.1485635638237 0.143795758485794 0.139027968049049 0.134260162711143 0.129492357373238 0.124724559485912 0.120812177658081 0.119466051459312 0.118119925260544 0.116773791611195 0.115427665412426 0.114081531763077 0.112735405564308 0.111389271914959 0.109790675342083 0.108107909560204 0.106425151228905 0.104742392897606 0.103059627115726 0.101376868784428 0.0996941104531288 0.0988617166876793 0.100580438971519 0.102299153804779 0.104017876088619 0.105736590921879 0.107455305755138 0.109174028038979 0.110892742872238 0.111502230167389 0.111741960048676 0.111981697380543 0.11222143471241
0.174769952893257 0.180059045553207 0.183270305395126 0.180248066782951 0.177225828170776 0.17420357465744 0.171181336045265 0.16815909743309 0.165136843919754 0.162114605307579 0.157023385167122 0.151242509484291 0.14546163380146 0.139680758118629 0.133899867534637 0.128118991851807 0.122338116168976 0.117681667208672 0.116398490965366 0.115115322172642 0.113832153379917 0.112548977136612 0.111265808343887 0.109982639551163 0.108699470758438 0.106996729969978 0.105154134333134 0.103311538696289 0.101468943059444 0.0996263399720192 0.0977837443351746 0.0959411486983299 0.0949417725205421 0.0964720398187637 0.0980023071169853 0.0995325744152069 0.101062841713428 0.10259310901165 0.104123376309872 0.105653643608093 0.106385365128517 0.106850899755955 0.107316434383392 0.10778196901083
0.169968336820602 0.177000120282173 0.181640207767487 0.179105207324028 0.176570221781731 0.174035221338272 0.171500220894814 0.168965235352516 0.166430234909058 0.163895234465599 0.158238351345062 0.151540815830231 0.14484329521656 0.13814577460289 0.13144825398922 0.124750725924969 0.118053197860718 0.112755991518497 0.111659735441208 0.110563479363918 0.109467223286629 0.108370967209339 0.10727471113205 0.10617845505476 0.10508219897747 0.103580221533775 0.101943008601665 0.100305795669556 0.0986685752868652 0.0970313623547554 0.0953941494226456 0.0937569290399551 0.0928488075733185 0.0941279605031013 0.0954071059823036 0.0966862589120865 0.0979654118418694 0.0992445647716522 0.100523710250854 0.101802863180637 0.102539353072643 0.103094957768917 0.103650562465191 0.104206159710884
0.156400218605995 0.165912255644798 0.172698557376862 0.171307653188705 0.169916749000549 0.168525859713554 0.167134955525398 0.165744066238403 0.164353162050247 0.162962272763252 0.156976237893105 0.14945849776268 0.141940772533417 0.134423032402992 0.126905292272568 0.119387552142143 0.111869819462299 0.10603516548872 0.105249784886837 0.104464396834373 0.103679016232491 0.102893628180027 0.102108240127563 0.101322859525681 0.100537471473217 0.0995411649346352 0.0984745398163795 0.0974079221487045 0.0963413044810295 0.0952746868133545 0.0942080691456795 0.0931414514780045 0.0925828292965889 0.0935481935739517 0.0945135578513145 0.095478929579258 0.0964442938566208 0.0974096655845642 0.098375029861927 0.0993404015898705 0.0999641939997673 0.100474134087563 0.100984066724777 0.101494006812572
0.142832100391388 0.154824376106262 0.163756892085075 0.163510099053383 0.163263291120529 0.163016498088837 0.162769690155983 0.16252289712429 0.162276089191437 0.162029296159744 0.155714139342308 0.147376179695129 0.139038234949112 0.130700290203094 0.122362330555916 0.114024385809898 0.1056864336133 0.0993143394589424 0.0988398268818855 0.0983653143048286 0.0978908017277718 0.0974162891507149 0.0969417691230774 0.0964672565460205 0.0959927439689636 0.0955021008849144 0.0950060784816742 0.094510056078434 0.0940140336751938 0.0935180112719536 0.0930219888687134 0.0925259664654732 0.0923168435692787 0.0929684266448021 0.0936200171709061 0.0942716002464294 0.0949231833219528 0.0955747663974762 0.0962263494729996 0.096877932548523 0.0973890349268913 0.0978533029556274 0.0983175784349442 0.0987818464636803
0.129263982176781 0.143736511468887 0.15481524169445 0.155712530016899 0.156609833240509 0.157507136464119 0.158404424786568 0.159301728010178 0.160199031233788 0.161096319556236 0.15445202589035 0.145293861627579 0.136135697364807 0.126977533102036 0.117819376289845 0.108661212027073 0.0995030477643013 0.0925935208797455 0.0924298763275146 0.0922662317752838 0.092102587223053 0.0919389426708221 0.0917753055691719 0.0916116610169411 0.0914480164647102 0.0914630368351936 0.0915376096963882 0.0916121825575829 0.0916867628693581 0.0917613357305527 0.0918359085917473 0.0919104814529419 0.0920508652925491 0.0923886671662331 0.092726469039917 0.0930642634630203 0.0934020653367043 0.0937398672103882 0.0940776690840721 0.094415470957756 0.0948138758540154 0.0952324792742729 0.0956510826945305 0.0960696935653687
0.115695871412754 0.132648646831512 0.145873576402664 0.147914975881577 0.149956375360489 0.15199775993824 0.154039159417152 0.156080558896065 0.158121958374977 0.160163357853889 0.153189927339554 0.143211543560028 0.133233174681664 0.123254798352718 0.113276422023773 0.103298045694828 0.0933196693658829 0.085872694849968 0.0860199183225632 0.086167149245739 0.0863143727183342 0.08646160364151 0.0866088345646858 0.086756058037281 0.0869032889604568 0.0874239727854729 0.0880691483616829 0.0887143164873123 0.0893594846129417 0.0900046601891518 0.0906498283147812 0.0912950038909912 0.0917848870158195 0.0918089002370834 0.0918329209089279 0.0918569341301918 0.0918809548020363 0.0919049680233002 0.0919289886951447 0.0919530019164085 0.0922387093305588 0.0926116555929184 0.0929845944046974 0.0933575332164764
0.102127753198147 0.121560774743557 0.136931911110878 0.140117406845093 0.143302902579308 0.146488398313522 0.149673894047737 0.152859389781952 0.156044885516167 0.159230381250381 0.151927813887596 0.141129225492477 0.130330637097359 0.11953204870224 0.108733460307121 0.0979348719120026 0.0871362835168839 0.0791518688201904 0.0796099677681923 0.0800680667161942 0.080526165664196 0.0809842646121979 0.0814423635601997 0.0819004625082016 0.0823585614562035 0.0833849087357521 0.0846006795763969 0.0858164429664612 0.087032213807106 0.0882479846477509 0.0894637480378151 0.0906795188784599 0.0915189012885094 0.0912291333079338 0.0909393727779388 0.0906496047973633 0.0903598368167877 0.0900700688362122 0.0897803008556366 0.0894905403256416 0.0896635502576828 0.0899908244609833 0.0903181061148643 0.0906453803181648
0.0957493036985397 0.115700796246529 0.131462916731834 0.134656921029091 0.137850925326347 0.141044914722443 0.144238919019699 0.147432923316956 0.150626912713051 0.153820917010307 0.146553486585617 0.135798916220665 0.125044345855713 0.11428976804018 0.103535197675228 0.0927806198596954 0.0820260494947433 0.074086382985115 0.0745914354920387 0.0750964805483818 0.0756015330553055 0.0761065781116486 0.0766116306185722 0.0771166831254959 0.077621728181839 0.078884594142437 0.0804000645875931 0.0819155275821686 0.0834309980273247 0.0849464684724808 0.0864619389176369 0.087977409362793 0.0890391394495964 0.0887396708130836 0.0884402021765709 0.0881407260894775 0.0878412574529648 0.0875417813658714 0.0872423127293587 0.0869428440928459 0.0869997069239616 0.0871753618121147 0.0873510092496872 0.0875266566872597
0.0965605154633522 0.115068711340427 0.129466578364372 0.131533488631248 0.133600398898125 0.135667324066162 0.137734234333038 0.139801144599915 0.141868054866791 0.143934965133667 0.137066945433617 0.127220615744591 0.117374286055565 0.107527956366539 0.0976816266775131 0.0878352969884872 0.0779889672994614 0.0706762373447418 0.0709643214941025 0.0712523981928825 0.0715404748916626 0.0718285590410233 0.0721166357398033 0.072404719889164 0.072692796587944 0.0739230215549469 0.0754672959446907 0.0770115703344345 0.0785558447241783 0.0801001191139221 0.0816443935036659 0.0831886678934097 0.0843455940485001 0.0843404978513718 0.0843354016542435 0.0843303054571152 0.0843252092599869 0.0843201130628586 0.0843150094151497 0.0843099132180214 0.0842471867799759 0.0841652452945709 0.084083303809166 0.0840013697743416
0.0973717197775841 0.114436618983746 0.127470254898071 0.128410071134567 0.129349887371063 0.13028971850872 0.131229534745216 0.132169365882874 0.13310918211937 0.134048998355865 0.127580389380455 0.118642307817936 0.109704226255417 0.100766137242317 0.0918280556797981 0.0828899666666985 0.0739518851041794 0.0672660991549492 0.0673372074961662 0.0674083158373833 0.0674794241786003 0.0675505325198174 0.0676216408610344 0.067692756652832 0.0677638649940491 0.0689614489674568 0.0705345273017883 0.0721076056361198 0.0736806839704514 0.0752537697553635 0.076826848089695 0.0783999264240265 0.0796520560979843 0.0799413323402405 0.0802306085824966 0.0805198848247528 0.080809161067009 0.0810984373092651 0.0813877135515213 0.0816769897937775 0.0814946591854095 0.0811551362276077 0.0808156058192253 0.0804760754108429
0.0981829315423965 0.113804526627064 0.125473916530609 0.125286638736725 0.125099375844002 0.124912112951279 0.124724842607975 0.124537579715252 0.124350309371948 0.124163046479225 0.118093848228455 0.110064007341862 0.102034166455269 0.094004325568676 0.0859744846820831 0.0779446437954903 0.0699148029088974 0.063855953514576 0.06371009349823 0.063564233481884 0.063418373465538 0.063272513449192 0.0631266534328461 0.0629807934165001 0.0628349334001541 0.0639998763799667 0.065601758658886 0.0672036483883858 0.068805530667305 0.0704074129462242 0.072009302675724 0.0736111849546432 0.074958510696888 0.0755421593785286 0.0761258080601692 0.0767094641923904 0.0772931128740311 0.0778767615556717 0.0784604102373123 0.0790440663695335 0.0787421390414238 0.0781450197100639 0.0775479078292847 0.0769507884979248
