data/working_set_collections/6091692-Cassins_Sparrow-M2/1995/ghland_avg.asc
NCOLS 265 
NROWS 230 
XLLCORNER -115.5625 
YLLCORNER 24.8333333333333 
CELLSIZE 0.0833333333333333 
NODATA_value -9999 
[rows 19 to 37 of 230, columns 0 to 43 of 265]
0.0961950644850731 0.100657075643539 0.105119079351425 0.109581083059311 0.114043094217777 0.118505097925663 0.122967101633549 0.12833845615387 0.134012937545776 0.139687418937683 0.14536190032959 0.151036366820335 0.156710848212242 0.162385329604149 0.165615528821945 0.161512941122055 0.157410353422165 0.153307765722275 0.149205178022385 0.145102590322495 0.141000002622604 0.136897414922714 0.127195954322815 0.115628220140934 0.104060485959053 0.0924927517771721 0.0809250101447105 0.0693572759628296 0.0577895380556583 0.0490700230002403 0.0488951802253723 0.0487203411757946 0.0485454984009266 0.0483706556260586 0.0481958128511906 0.0480209700763226 0.0478461273014545 0.03703448548913 0.0226772464811802 0.00832000654190779 -0.0060372338630259 -0.0203944742679596 -0.0347517132759094 -0.0491089560091496
0.0700279623270035 0.0761209949851036 0.0822140201926231 0.0883070528507233 0.0944000780582428 0.100493103265762 0.106586135923862 0.112110249698162 0.117444723844528 0.122779197990894 0.12811367213726 0.133448138833046 0.138782620429993 0.144117087125778 0.14708200097084 0.142938211560249 0.138794407248497 0.134650617837906 0.130506828427315 0.126363024115562 0.122219234704971 0.1180754378438 0.110285416245461 0.101279988884926 0.0922745615243912 0.0832691341638565 0.0742637068033218 0.0652582719922066 0.0562528483569622 0.0497716479003429 0.0508631430566311 0.0519546382129192 0.0530461333692074 0.0541376248002052 0.0552291199564934 0.0563206151127815 0.0574121102690697 0.0470510199666023 0.0328724049031734 0.0186937879770994 0.00451517198234797 -0.00966344494372606 -0.0238420609384775 -0.0380206778645515
0.0438608638942242 0.0515849143266678 0.0593089647591114 0.067033015191555 0.0747570693492889 0.0824811160564423 0.0902051627635956 0.0958820357918739 0.100876502692699 0.105870977044106 0.110865443944931 0.115859918296337 0.120854392647743 0.125848859548569 0.128548473119736 0.124363467097282 0.12017846852541 0.115993469953537 0.111808471381664 0.107623465359211 0.103438466787338 0.0992534682154655 0.0933748781681061 0.0869317576289177 0.0804886370897293 0.0740455165505409 0.0676023960113525 0.0611592754721642 0.0547161549329758 0.0504732728004456 0.0528311058878899 0.0551889352500439 0.0575467683374882 0.0599045976996422 0.0622624307870865 0.0646202638745308 0.0669780895113945 0.0570675544440746 0.0430675633251667 0.0290675703436136 0.0150675782933831 0.00106758531183004 -0.012932407669723 -0.0269323997199535
0.0176937654614449 0.0270488373935223 0.0364039093255997 0.0457589812576771 0.0551140531897545 0.0644691213965416 0.0738241970539093 0.0796538144350052 0.0843082889914513 0.0889627560973167 0.0936172232031822 0.0982716903090477 0.102926164865494 0.107580631971359 0.11001493036747 0.105788730084896 0.101562522351742 0.0973363220691681 0.0931101143360138 0.0888839066028595 0.0846577063202858 0.0804314985871315 0.0764643400907516 0.0725835263729095 0.0687027126550674 0.0648218989372253 0.0609410889446735 0.0570602789521217 0.0531794652342796 0.0511748977005482 0.0547990649938583 0.0584232322871685 0.062047403305769 0.0656715705990791 0.0692957416176796 0.0729199051856995 0.0765440762042999 0.0670840889215469 0.05326272174716 0.0394413508474827 0.0256199836730957 0.0117986155673862 -0.00202275346964598 -0.0158441215753555
-0.00847333576530218 0.00251275836490095 0.0134988520294428 0.024484945461154 0.0354710407555103 0.0464571341872215 0.0574432276189327 0.063425600528717 0.0677400678396225 0.072054535150528 0.0763690024614334 0.0806834697723389 0.0849979370832443 0.0893124043941498 0.091481402516365 0.0872139930725098 0.0829465761780739 0.0786791667342186 0.0744117572903633 0.070144347846508 0.0658769384026527 0.0616095326840878 0.0595538020133972 0.0582352951169014 0.0569167919456959 0.0555982887744904 0.0542797818779945 0.052961278706789 0.0516427755355835 0.0518765226006508 0.0567670278251171 0.0616575330495834 0.0665480345487595 0.0714385434985161 0.0763290449976921 0.0812195539474487 0.0861100554466248 0.0771006271243095 0.0634578764438629 0.0498151332139969 0.0361723899841309 0.0225296448916197 0.00888690073043108 -0.0047558443620801
-0.027072299271822 -0.0147234946489334 -0.00237469002604485 0.00997411459684372 0.0223229192197323 0.0346717238426208 0.0470205284655094 0.0530732348561287 0.0570272393524647 0.060981247574091 0.0649352520704269 0.0688892602920532 0.0728432610630989 0.0767972692847252 0.0789208114147186 0.0755529776215553 0.0721851363778114 0.0688173025846481 0.0654494613409042 0.0620816275477409 0.0587137900292873 0.0553459525108337 0.0550557747483253 0.0557914823293686 0.0565271936357021 0.0572629012167454 0.0579986125230789 0.0587343201041222 0.0594700314104557 0.0613580979406834 0.0667032450437546 0.0720483884215355 0.0773935317993164 0.0827386751770973 0.0880838185548782 0.0934289619326591 0.0987741053104401 0.0886822268366814 0.073444664478302 0.0582071095705032 0.0429695509374142 0.0277319941669703 0.0124944373965263 -0.00274311960674822
-0.0381031259894371 -0.0246599223464727 -0.0112167177721858 0.00222648563794792 0.0156696885824203 0.0291128922253847 0.0425560958683491 0.0485967136919498 0.0521697998046875 0.0557428859174252 0.0593159757554531 0.0628890618681908 0.0664621517062187 0.0700352340936661 0.0723331794142723 0.0708056911826134 0.0692782029509544 0.0677507147192955 0.0662232264876366 0.0646957382559776 0.0631682500243187 0.0616407617926598 0.062970258295536 0.0652520880103111 0.0675339177250862 0.0698157474398613 0.0720975771546364 0.0743794068694115 0.076661229133606 0.0796196237206459 0.0846077129244804 0.0895957946777344 0.0945838838815689 0.0995719656348228 0.104560054838657 0.109548136591911 0.114536225795746 0.101828888058662 0.0832230821251869 0.0646172761917114 0.0460114702582359 0.0274056643247604 0.00879985839128494 -0.00980594754219055
-0.0491339527070522 -0.0345963500440121 -0.0200587455183268 -0.00552114332094789 0.00901645980775356 0.0235540624707937 0.038091666996479 0.044120192527771 0.0473123602569103 0.0505045279860497 0.0536966994404793 0.0568888671696186 0.0600810348987579 0.0632732063531876 0.065745547413826 0.0660584047436714 0.0663712695240974 0.0666841268539429 0.0669969916343689 0.0673098489642143 0.0676227062940598 0.0679355710744858 0.0708847492933273 0.0747126936912537 0.0785406455397606 0.0823685899376869 0.0861965417861938 0.0900244861841202 0.0938524380326271 0.0978811532258987 0.102512180805206 0.107143208384514 0.111774235963821 0.116405263543129 0.121036283671856 0.125667318701744 0.130298346281052 0.114975556731224 0.0930014997720718 0.0710274428129196 0.0490533895790577 0.0270793344825506 0.00510527892038226 -0.0168687757104635
-0.0601647794246674 -0.0445327758789062 -0.0289007741957903 -0.0132687715813518 0.0023632301017642 0.0179952327162027 0.0336272343993187 0.0396436713635921 0.0424549207091331 0.0452661700546741 0.0480774231255054 0.0508886724710464 0.0536999218165874 0.0565111711621284 0.0591579116880894 0.0613111220300198 0.0634643286466599 0.0656175389885902 0.0677707493305206 0.069923959672451 0.0720771700143814 0.0742303803563118 0.078799232840538 0.0841732993721962 0.0895473659038544 0.0949214324355125 0.100295498967171 0.105669572949409 0.111043639481068 0.116142682731152 0.120416648685932 0.124690614640713 0.128964588046074 0.133238554000854 0.137512519955635 0.141786485910416 0.146060451865196 0.128122225403786 0.102779917418957 0.0774376094341278 0.0520953088998795 0.0267530046403408 0.00141069979872555 -0.0239316038787365
-0.0711956024169922 -0.0544692017138004 -0.0377428010106087 -0.0210164003074169 -0.00428999960422516 0.0124364020302892 0.0291628036648035 0.0351671501994133 0.037597481161356 0.0400278121232986 0.0424581430852413 0.044888474047184 0.0473188050091267 0.0497491359710693 0.0525702759623528 0.0565638355910778 0.0605573952198029 0.0645509511232376 0.068544514477253 0.0725380703806877 0.0765316337347031 0.0805251896381378 0.0867137163877487 0.0936339050531387 0.100554093718529 0.107474282383919 0.114394463598728 0.121314652264118 0.128234833478928 0.134404212236404 0.138321116566658 0.142238020896912 0.146154940128326 0.15007184445858 0.153988748788834 0.157905668020248 0.161822572350502 0.141268894076347 0.112558335065842 0.0838477835059166 0.0551372282207012 0.0264266729354858 -0.00228387955576181 -0.0309944320470095
-0.0822264328598976 -0.0644056275486946 -0.0465848296880722 -0.0287640299648046 -0.0109432293102145 0.00687757134437561 0.0246983710676432 0.0306906308978796 0.0327400416135788 0.0347894541919231 0.0368388667702675 0.0388882793486118 0.0409376919269562 0.0429871045053005 0.0459826402366161 0.0518165491521358 0.0576504580676556 0.063484363257885 0.0693182721734047 0.0751521810889244 0.0809860900044441 0.0868199989199638 0.09462820738554 0.103094510734081 0.111560821533203 0.120027124881744 0.128493428230286 0.136959731578827 0.145426034927368 0.152665734291077 0.156225591897964 0.159785434603691 0.163345292210579 0.166905134916306 0.170464992523193 0.17402483522892 0.177584692835808 0.154415547847748 0.122336752712727 0.0902579501271248 0.058179147541523 0.026100343093276 -0.00597845856100321 -0.0380572602152824
-0.0807365402579308 -0.0637416839599609 -0.0467468276619911 -0.0297519713640213 -0.0127571150660515 0.00423774123191833 0.0212325975298882 0.0272129271179438 0.0295217465609312 0.0318305678665638 0.0341393873095512 0.0364482067525387 0.0387570261955261 0.0410658456385136 0.0446405112743378 0.0520127005875111 0.0593848899006844 0.066757082939148 0.0741292759776115 0.0815014615654945 0.0888736546039581 0.0962458476424217 0.104472190141678 0.112983249127865 0.121494308114052 0.130005359649658 0.138516426086426 0.147027477622032 0.1555385440588 0.162607401609421 0.165349647402763 0.168091908097267 0.17083415389061 0.173576414585114 0.176318660378456 0.17906092107296 0.181803166866302 0.157248616218567 0.123595118522644 0.0899416282773018 0.0562881380319595 0.0226346459239721 -0.0110188471153378 -0.0446723401546478
-0.0667259246110916 -0.0524773597717285 -0.0382287912070751 -0.0239802245050669 -0.00973165594041348 0.00451691169291735 0.0187654793262482 0.0247340369969606 0.0279425922781229 0.03115114569664 0.0343597009778023 0.0375682562589645 0.0407768115401268 0.0439853630959988 0.0485438816249371 0.0571522898972034 0.0657606944441795 0.0743691027164459 0.0829775109887123 0.0915859118103981 0.100194320082664 0.108802728354931 0.116245664656162 0.123300112783909 0.130354553461075 0.137409001588821 0.144463449716568 0.151517897844315 0.158572345972061 0.164229214191437 0.165693327784538 0.16715744137764 0.168621554970741 0.170085668563843 0.171549782156944 0.173013895750046 0.174478009343147 0.149768069386482 0.116333439946175 0.0828988179564476 0.0494641996920109 0.0160295777022839 -0.017405042424798 -0.0508396662771702
-0.0527153164148331 -0.0412130355834961 -0.0297107566148043 -0.0182084776461124 -0.00670619774609804 0.00479608215391636 0.0162983629852533 0.0222551487386227 0.0263634379953146 0.0304717272520065 0.0345800146460533 0.0386883057653904 0.0427965931594372 0.046904880553484 0.0524472557008266 0.0622918754816055 0.0721364989876747 0.0819811224937439 0.0918257459998131 0.101670362055302 0.111514985561371 0.12135960906744 0.128019139170647 0.133616968989372 0.139214813709259 0.144812643527985 0.15041047334671 0.156008318066597 0.161606147885323 0.165851011872292 0.166036993265152 0.166222959756851 0.166408941149712 0.166594907641411 0.166780889034271 0.16696685552597 0.167152836918831 0.142287522554398 0.109071768820286 0.075856015086174 0.0426402613520622 0.00942451134324074 -0.0237912405282259 -0.0570069923996925
-0.0387047044932842 -0.029948715120554 -0.0211927220225334 -0.012436730787158 -0.00368073908612132 0.00507525261491537 0.0138312447816133 0.0197762604802847 0.0247842837125063 0.0297923069447279 0.0348003283143044 0.039808351546526 0.0448163747787476 0.0498243980109692 0.0563506260514259 0.0674314647912979 0.0785123035311699 0.0895931422710419 0.100673981010914 0.111754812300205 0.122835651040077 0.13391649723053 0.139792621135712 0.143933832645416 0.148075059056282 0.152216285467148 0.156357511878014 0.160498723387718 0.164639949798584 0.167472824454308 0.166380658745766 0.165288493037224 0.164196327328682 0.16310416162014 0.162011995911598 0.160919830203056 0.159827664494514 0.134806975722313 0.101810090243816 0.0688132047653198 0.0358163267374039 0.00281944451853633 -0.0301774367690086 -0.0631743147969246
-0.0246940944343805 -0.0186843909323215 -0.0126746874302626 -0.00666498439386487 -0.000655280542559922 0.00535442307591438 0.0113641265779734 0.0172973703593016 0.023205129429698 0.0291128866374493 0.0350206457078457 0.0409284010529518 0.0468361601233482 0.0527439191937447 0.0602540001273155 0.0725710541009903 0.0848881080746651 0.0972051620483398 0.109522216022015 0.121839262545109 0.134156316518784 0.146473377943039 0.151566088199615 0.15425069630146 0.156935319304466 0.159619927406311 0.162304535508156 0.164989143610001 0.167673751711845 0.169094637036324 0.166724324226379 0.164354026317596 0.161983728408813 0.159613415598869 0.157243117690086 0.154872804880142 0.152502506971359 0.127326413989067 0.094548411667347 0.0617703981697559 0.0289923883974552 -0.00378562230616808 -0.0365636348724365 -0.0693416446447372
-0.0106834843754768 -0.00742006860673428 -0.004156653303653 -0.000893237593118101 0.00237017800100148 0.0056335935369134 0.00889700930565596 0.0148184821009636 0.0216259751468897 0.0284334663301706 0.0352409593760967 0.0420484505593777 0.0488559417426586 0.0556634366512299 0.0641573742032051 0.0777106434106827 0.0912639126181602 0.104817181825638 0.118370451033115 0.131923720240593 0.14547698199749 0.159030258655548 0.16333957016468 0.164567574858665 0.165795564651489 0.167023569345474 0.168251559138298 0.169479563832283 0.170707553625107 0.17071644961834 0.167068004608154 0.163419559597969 0.159771114587784 0.156122669577599 0.152474224567413 0.148825779557228 0.145177334547043 0.119845874607563 0.0872867330908775 0.054727591574192 0.0221684519201517 -0.0103906895965338 -0.0429498292505741 -0.0755089670419693
-0.00228366418741643 -0.000197430286789313 0.00188880367204547 0.0039750374853611 0.00606127129867673 0.00814750511199236 0.0102337393909693 0.0164056811481714 0.0239395257085562 0.0314733721315861 0.0390072166919708 0.0465410612523556 0.0540749058127403 0.0616087503731251 0.0705545395612717 0.0837361514568329 0.0969177708029747 0.110099390149117 0.123281002044678 0.1364626288414 0.149644240736961 0.162825852632523 0.166506707668304 0.167020633816719 0.167534559965134 0.168048486113548 0.168562427163124 0.169076353311539 0.169590279459953 0.168820902705193 0.164201632142067 0.159582361578941 0.154963076114655 0.150343805551529 0.145724520087242 0.141105249524117 0.13648596405983 0.112333744764328 0.0816705301403999 0.0510073192417622 0.0203441064804792 -0.0103191072121263 -0.0409823209047318 -0.0716455280780792
0.000505365140270442 0.00298352376557887 0.00546168256551027 0.00793984159827232 0.0104179996997118 0.0128961587324739 0.0153743177652359 0.0220589693635702 0.0301457848399878 0.0382325984537601 0.0463194139301777 0.0544062294065952 0.0624930448830128 0.0705798640847206 0.0794454962015152 0.0906475931406021 0.101849690079689 0.113051787018776 0.124253883957863 0.13545598089695 0.146658077836037 0.157860174775124 0.161067500710487 0.161609902977943 0.162152305245399 0.162694707512856 0.163237109780312 0.163779526948929 0.164321929216385 0.163408026099205 0.158125221729279 0.152842417359352 0.147559612989426 0.142276808619499 0.136994004249573 0.131711199879646 0.12642839550972 0.104790031909943 0.0776998028159142 0.050609577447176 0.0235193520784378 -0.00357087492011487 -0.0306611005216837 -0.057751327753067
