data/working_set_collections/6091692-Cassins_Sparrow-M2/1995/gwetprof_avg.asc
NCOLS 265 
NROWS 230 
XLLCORNER -115.5625 
YLLCORNER 24.8333333333333 
CELLSIZE 0.0833333333333333 
NODATA_value -9999 
[rows 80 to 99 of 230, columns 44 to 87 of 265]
0.418858021497726 0.414830893278122 0.410803765058517 0.406776607036591 0.402749478816986 0.398722350597382 0.394695192575455 0.39066806435585 0.391561359167099 0.394094824790955 0.39662829041481 0.399161756038666 0.401695221662521 0.404228657484055 0.40676212310791 0.407899409532547 0.404848217964172 0.401797026395798 0.398745834827423 0.395694643259048 0.392643451690674 0.389592260122299 0.386541068553925 0.389736413955688 0.395013958215714 0.400291472673416 0.405569016933441 0.410846531391144 0.416124075651169 0.421401590108871 0.425936073064804 0.428241431713104 0.430546760559082 0.432852119207382 0.43515744805336 0.437462776899338 0.439768135547638 0.442073464393616 0.444592028856277 0.447181642055511 0.449771255254745 0.452360898256302 0.454950511455536 0.45754012465477
0.411749541759491 0.409163892269135 0.406578242778778 0.403992623090744 0.401406973600388 0.398821324110031 0.396235704421997 0.393650054931641 0.394447058439255 0.396371632814407 0.398296177387238 0.40022075176239 0.40214529633522 0.404069870710373 0.405994415283203 0.40666076540947 0.403552502393723 0.400444209575653 0.397335946559906 0.394227653741837 0.39111939072609 0.38801109790802 0.384902805089951 0.388928383588791 0.395331889390945 0.401735424995422 0.408138930797577 0.414542466402054 0.420945972204208 0.427349478006363 0.432583659887314 0.434309810400009 0.436035931110382 0.437762081623077 0.439488232135773 0.441214352846146 0.442940503358841 0.444666653871536 0.446353644132614 0.448027610778809 0.449701547622681 0.451375514268875 0.45304948091507 0.454723417758942
0.404641032218933 0.403496891260147 0.402352750301361 0.401208609342575 0.400064468383789 0.398920327425003 0.397776186466217 0.396632045507431 0.39733275771141 0.398648411035538 0.399964064359665 0.401279747486115 0.402595400810242 0.403911054134369 0.405226707458496 0.405422121286392 0.40225675702095 0.399091392755508 0.395926028490067 0.392760664224625 0.389595299959183 0.386429935693741 0.383264571428299 0.388120353221893 0.3956498503685 0.403179377317429 0.410708874464035 0.418238371610641 0.425767868757248 0.433297365903854 0.439231246709824 0.440378189086914 0.441525131464005 0.442672044038773 0.443818986415863 0.444965928792953 0.446112871170044 0.447259813547134 0.448115259408951 0.448873549699783 0.449631839990616 0.450390130281448 0.451148420572281 0.451906710863113
0.397532552480698 0.397829920053482 0.398127257823944 0.398424625396729 0.398721963167191 0.399019330739975 0.399316668510437 0.399614036083221 0.400218456983566 0.40092521905899 0.401631981134415 0.402338743209839 0.403045505285263 0.403752237558365 0.404458999633789 0.404183477163315 0.400961011648178 0.397738575935364 0.394516110420227 0.391293674707413 0.388071209192276 0.384848773479462 0.381626337766647 0.387312322854996 0.395967811346054 0.404623299837112 0.413278788328171 0.421934276819229 0.430589765310287 0.439245253801346 0.445878803730011 0.446446567773819 0.447014302015305 0.44758203625679 0.448149770498276 0.448717504739761 0.449285238981247 0.449853003025055 0.44987690448761 0.44971951842308 0.449562132358551 0.449404746294022 0.449247390031815 0.449090003967285
0.396540701389313 0.396955072879791 0.39736944437027 0.397783845663071 0.398198217153549 0.39861261844635 0.399026989936829 0.39944139122963 0.399760752916336 0.400048464536667 0.400336146354675 0.400623857975006 0.400911539793015 0.401199251413345 0.401486933231354 0.401014715433121 0.398262619972229 0.39551055431366 0.39275848865509 0.390006422996521 0.387254357337952 0.384502291679382 0.381750226020813 0.387774020433426 0.396723091602325 0.405672162771225 0.414621233940125 0.423570305109024 0.432519376277924 0.441468447446823 0.448359102010727 0.449074506759644 0.449789881706238 0.450505256652832 0.451220661401749 0.451936036348343 0.452651411294937 0.453366816043854 0.452943861484528 0.452141463756561 0.451339095830917 0.450536698102951 0.449734300374985 0.448931932449341
0.401665449142456 0.400872379541397 0.40007933974266 0.399286299943924 0.398493230342865 0.397700190544128 0.396907150745392 0.396114110946655 0.395959675312042 0.396018147468567 0.396076619625092 0.396135091781616 0.396193563938141 0.396252036094666 0.39631050825119 0.395915806293488 0.394161581993103 0.392407387495041 0.390653163194656 0.388898938894272 0.387144714593887 0.385390490293503 0.383636265993118 0.389505416154861 0.397915661334991 0.406325936317444 0.414736181497574 0.423146456480026 0.431556701660156 0.439966976642609 0.446672141551971 0.448262006044388 0.449851870536804 0.451441764831543 0.453031629323959 0.454621493816376 0.456211388111115 0.457801252603531 0.457316160202026 0.456139445304871 0.454962700605392 0.453785955905914 0.452609211206436 0.45143249630928
0.406790196895599 0.404789716005325 0.402789235115051 0.400788754224777 0.398788273334503 0.396787762641907 0.394787281751633 0.392786800861359 0.392158627510071 0.391987860202789 0.39181712269783 0.391646355390549 0.391475588083267 0.391304850578308 0.391134083271027 0.390816926956177 0.390060544013977 0.3893041908741 0.3885478079319 0.3877914249897 0.387035071849823 0.386278688907623 0.385522305965424 0.391236811876297 0.39910826086998 0.406979709863663 0.414851129055023 0.422722578048706 0.430594027042389 0.438465476036072 0.444985151290894 0.447449505329132 0.449913889169693 0.452378243207932 0.45484259724617 0.457306981086731 0.45977133512497 0.462235689163208 0.461688488721848 0.460137397050858 0.458586305379868 0.457035213708878 0.455484122037888 0.45393306016922
0.411914944648743 0.408707022666931 0.40549910068512 0.402291178703308 0.399083286523819 0.395875364542007 0.392667442560196 0.389459520578384 0.388357549905777 0.387957572937012 0.387557595968246 0.387157618999481 0.386757612228394 0.386357635259628 0.385957658290863 0.385718047618866 0.385959506034851 0.386200994253159 0.386442452669144 0.386683940887451 0.386925429105759 0.387166887521744 0.387408375740051 0.392968207597733 0.400300830602646 0.407633453607559 0.414966106414795 0.422298729419708 0.429631352424622 0.436963975429535 0.443298161029816 0.446637004613876 0.449975878000259 0.45331472158432 0.456653594970703 0.459992438554764 0.463331282138824 0.466670155525208 0.466060787439346 0.464135348796844 0.462209910154343 0.460284471511841 0.458359032869339 0.45643362402916
0.417039692401886 0.412624329328537 0.40820899605751 0.403793632984161 0.399378299713135 0.394962936639786 0.390547573566437 0.38613224029541 0.384556472301483 0.383927285671234 0.383298069238663 0.382668852806091 0.38203963637352 0.381410449743271 0.380781233310699 0.380619138479233 0.381858468055725 0.383097797632217 0.38433712720871 0.385576456785202 0.386815756559372 0.388055086135864 0.389294415712357 0.394699603319168 0.401493430137634 0.408287227153778 0.415081053972244 0.421874850988388 0.428668677806854 0.435462474822998 0.441611170768738 0.445824533700943 0.450037866830826 0.454251229763031 0.458464562892914 0.462677896022797 0.466891258955002 0.471104592084885 0.470433086156845 0.468133300542831 0.465833514928818 0.463533729314804 0.46123394370079 0.458934158086777
0.422164440155029 0.416541665792465 0.410918861627579 0.405296087265015 0.399673312902451 0.394050508737564 0.388427734375 0.382804930210114 0.380755424499512 0.379896968603134 0.379038542509079 0.378180116415024 0.377321660518646 0.376463234424591 0.375604808330536 0.375520259141922 0.377757430076599 0.379994601011276 0.382231771945953 0.38446894288063 0.386706113815308 0.388943284749985 0.391180455684662 0.396430999040604 0.4026859998703 0.408941000699997 0.415196001529694 0.42145100235939 0.427706003189087 0.433961004018784 0.439924210309982 0.445012032985687 0.450099855661392 0.45518770813942 0.460275530815125 0.465363383293152 0.470451205968857 0.475539058446884 0.474805414676666 0.472131282091141 0.469457149505615 0.466782987117767 0.464108854532242 0.461434721946716
0.423644840717316 0.417375445365906 0.411106050014496 0.404836684465408 0.398567289113998 0.392297923564911 0.386028528213501 0.379759132862091 0.377736926078796 0.377130389213562 0.37652388215065 0.375917375087738 0.375310868024826 0.374704360961914 0.37409782409668 0.374394834041595 0.37740233540535 0.380409866571426 0.383417367935181 0.386424899101257 0.389432400465012 0.392439931631088 0.395447432994843 0.400261998176575 0.405678927898407 0.411095857620239 0.416512787342072 0.421929687261581 0.427346616983414 0.432763546705246 0.438264638185501 0.444018304347992 0.449771970510483 0.455525636672974 0.461279302835464 0.467032968997955 0.472786635160446 0.478540301322937 0.477439969778061 0.474054962396622 0.470669984817505 0.467285007238388 0.463899999856949 0.460515022277832
0.4214808344841 0.415125697851181 0.408770561218262 0.402415424585342 0.396060287952423 0.389705121517181 0.383349984884262 0.376994848251343 0.375500977039337 0.375627547502518 0.375754117965698 0.375880658626556 0.376007229089737 0.376133799552917 0.376260340213776 0.377242863178253 0.380793213844299 0.384343564510345 0.387893915176392 0.391444265842438 0.394994616508484 0.398544996976852 0.402095347642899 0.406192630529404 0.410472214221954 0.414751797914505 0.419031381607056 0.423310965299606 0.427590548992157 0.431870132684708 0.436632543802261 0.442843377590179 0.449054211378098 0.455265015363693 0.461475849151611 0.467686682939529 0.473897516727448 0.480108350515366 0.478336781263351 0.473904430866241 0.469472080469131 0.465039730072021 0.460607379674911 0.456175029277802
0.419316858053207 0.412875950336456 0.406435072422028 0.399994164705276 0.393553256988525 0.387112349271774 0.380671441555023 0.374230563640594 0.3732650578022 0.374124675989151 0.374984323978424 0.375843942165375 0.376703590154648 0.377563208341599 0.378422856330872 0.380090892314911 0.384184062480927 0.388277262449265 0.392370462417603 0.396463662385941 0.400556862354279 0.404650032520294 0.408743232488632 0.41212323307991 0.415265470743179 0.418407738208771 0.42154997587204 0.424692243337631 0.4278344810009 0.430976748466492 0.435000419616699 0.441668421030045 0.44833642244339 0.455004423856735 0.461672395467758 0.468340396881104 0.475008398294449 0.481676369905472 0.479233592748642 0.473753899335861 0.468274176120758 0.462794452905655 0.457314759492874 0.451835036277771
0.417152881622314 0.410626232624054 0.404099553823471 0.397572904825211 0.391046226024628 0.384519577026367 0.377992928028107 0.371466249227524 0.371029108762741 0.372621834278107 0.37421452999115 0.375807255506516 0.377399951219559 0.378992646932602 0.380585372447968 0.382938891649246 0.387574940919876 0.392210960388184 0.396847009658813 0.401483029127121 0.406119078397751 0.410755097866058 0.415391147136688 0.418053835630417 0.420058757066727 0.422063678503036 0.424068599939346 0.426073521375656 0.428078413009644 0.430083334445953 0.43336832523346 0.440493494272232 0.447618633508682 0.454743802547455 0.461868941783905 0.468994110822678 0.47611927986145 0.4832444190979 0.480130404233932 0.473603338003159 0.467076271772385 0.460549205541611 0.454022109508514 0.44749504327774
0.414988905191422 0.408376485109329 0.401764065027237 0.395151644945145 0.388539224863052 0.38192680478096 0.375314384698868 0.368701964616776 0.368793189525604 0.37111896276474 0.373444736003876 0.375770539045334 0.37809631228447 0.380422085523605 0.382747888565063 0.385786920785904 0.390965789556503 0.396144688129425 0.401323556900024 0.406502425670624 0.411681294441223 0.416860163211823 0.422039031982422 0.423984438180923 0.424852013587952 0.425719618797302 0.42658719420433 0.427454769611359 0.428322374820709 0.429189950227737 0.431736201047897 0.439318537712097 0.446900844573975 0.454483181238174 0.462065517902374 0.469647824764252 0.477230161428452 0.484812468290329 0.481027215719223 0.473452806472778 0.465878367424011 0.458303928375244 0.450729489326477 0.44315505027771
0.412824928760529 0.406126737594604 0.39942854642868 0.392730385065079 0.386032193899155 0.379334032535553 0.372635841369629 0.365937650203705 0.366557270288467 0.369616121053696 0.372674971818924 0.375733822584152 0.37879267334938 0.381851524114609 0.384910374879837 0.388634949922562 0.394356667995453 0.400078386068344 0.405800104141235 0.411521792411804 0.417243510484695 0.422965228557587 0.428686946630478 0.42991504073143 0.429645299911499 0.429375559091568 0.429105788469315 0.428836047649384 0.428566306829453 0.428296536207199 0.430104106664658 0.438143581151962 0.446183085441589 0.454222559928894 0.462262064218521 0.470301538705826 0.478341042995453 0.486380517482758 0.481924057006836 0.473302245140076 0.464680463075638 0.456058651208878 0.44743686914444 0.438815087080002
0.414128690958023 0.407576471567154 0.401024252176285 0.394472032785416 0.387919813394547 0.381367594003677 0.374815404415131 0.368263185024261 0.368718236684799 0.371509045362473 0.374299854040146 0.377090662717819 0.379881471395493 0.382672280073166 0.385463088750839 0.388932049274445 0.394435524940491 0.399939000606537 0.405442476272583 0.410945951938629 0.416449427604675 0.421952903270721 0.427456378936768 0.428648203611374 0.428402811288834 0.428157418966293 0.427912026643753 0.427666634321213 0.42742121219635 0.42717581987381 0.428999751806259 0.437031686306 0.44506362080574 0.453095525503159 0.461127460002899 0.46915939450264 0.47719132900238 0.485223233699799 0.480581939220428 0.471716225147247 0.462850540876389 0.453984826803207 0.445119112730026 0.436253398656845
0.418900221586227 0.412725687026978 0.406551152467728 0.400376617908478 0.394202083349228 0.388027548789978 0.381853044033051 0.375678509473801 0.3752760887146 0.376797735691071 0.378319382667542 0.379841029644012 0.381362676620483 0.382884293794632 0.384405940771103 0.386678218841553 0.391202390193939 0.395726561546326 0.400250732898712 0.404774874448776 0.409299045801163 0.413823217153549 0.418347388505936 0.420183926820755 0.421124547719955 0.422065198421478 0.423005849123001 0.423946499824524 0.424887150526047 0.42582780122757 0.428423196077347 0.435982823371887 0.443542450666428 0.45110210776329 0.458661735057831 0.466221392154694 0.473781019449234 0.481340646743774 0.477000951766968 0.468694776296616 0.460388600826263 0.452082425355911 0.443776249885559 0.435470074415207
0.423671722412109 0.417874902486801 0.412078052759171 0.40628120303154 0.400484353303909 0.394687503576279 0.38889068365097 0.38309383392334 0.381833970546722 0.382086455821991 0.382338911294937 0.382591396570206 0.382843881845474 0.38309633731842 0.383348822593689 0.384424388408661 0.387969255447388 0.391514092683792 0.395058959722519 0.398603826761246 0.40214866399765 0.405693531036377 0.409238398075104 0.411719620227814 0.4138463139534 0.415973007678986 0.418099701404572 0.420226365327835 0.422353059053421 0.424479752779007 0.427846610546112 0.434933960437775 0.442021310329437 0.4491086602211 0.456196010112762 0.463283360004425 0.470370709896088 0.47745805978775 0.473419934511185 0.465673297643661 0.457926660776138 0.450179994106293 0.44243335723877 0.434686720371246
0.428443253040314 0.423024088144302 0.417604953050613 0.412185788154602 0.406766623258591 0.401347458362579 0.39592832326889 0.390509158372879 0.388391852378845 0.387375146150589 0.386358469724655 0.385341763496399 0.384325087070465 0.383308380842209 0.382291674613953 0.382170557975769 0.384736090898514 0.387301653623581 0.389867186546326 0.392432749271393 0.394998282194138 0.397563844919205 0.400129377841949 0.403255313634872 0.406568050384521 0.409880787134171 0.41319352388382 0.416506260633469 0.419818997383118 0.423131704330444 0.427270025014877 0.433885097503662 0.440500169992447 0.447115212678909 0.453730285167694 0.460345357656479 0.466960430145264 0.473575472831726 0.469838917255402 0.462651818990707 0.455464690923691 0.448277592658997 0.441090494394302 0.433903366327286
