data/working_set_collections/6091692-Cassins_Sparrow-M2/1995/gwetroot_avg.asc
NCOLS 265 
NROWS 230 
XLLCORNER -115.5625 
YLLCORNER 24.8333333333333 
CELLSIZE 0.0833333333333333 
NODATA_value -9999 
[rows 120 to 139 of 230, columns 44 to 87 of 265]
0.443018019199371 0.449745237827301 0.456472426652908 0.463199645280838 0.469926834106445 0.476654052734375 0.483381241559982 0.490108460187912 0.493368446826935 0.495472699403763 0.497576951980591 0.499681174755096 0.501785457134247 0.503889679908752 0.505993902683258 0.507451057434082 0.506966829299927 0.506482601165771 0.505998432636261 0.505514204502106 0.50502997636795 0.504545748233795 0.50406152009964 0.503212034702301 0.502240777015686 0.501269578933716 0.500298321247101 0.499327063560486 0.498355805873871 0.497384577989578 0.496243536472321 0.49459308385849 0.492942631244659 0.491292178630829 0.489641726016998 0.487991273403168 0.486340820789337 0.484690368175507 0.481190592050552 0.477074414491653 0.472958236932755 0.468842059373856 0.464725881814957 0.460609674453735
0.434081524610519 0.441305637359619 0.448529779911041 0.455753892660141 0.462978005409241 0.470202147960663 0.477426260709763 0.484650373458862 0.488415241241455 0.491026997566223 0.493638783693314 0.496250540018082 0.49886229634285 0.50147408246994 0.504085838794708 0.50592964887619 0.505469501018524 0.505009412765503 0.504549324512482 0.504089176654816 0.503629088401794 0.503168940544128 0.502708852291107 0.502139210700989 0.501533031463623 0.500926852226257 0.500320672988892 0.499714493751526 0.49910831451416 0.498502165079117 0.497732698917389 0.496473431587219 0.49521416425705 0.49395489692688 0.49269562959671 0.49143636226654 0.490177065134048 0.488917797803879 0.486258834600449 0.483133286237717 0.480007737874985 0.476882219314575 0.473756670951843 0.470631122589111
0.425145030021667 0.43286606669426 0.440587103366852 0.448308140039444 0.456029176712036 0.463750213384628 0.471471279859543 0.479192316532135 0.483462035655975 0.486581325531006 0.489700615406036 0.492819905281067 0.495939195156097 0.499058455228806 0.502177774906158 0.504408240318298 0.503972232341766 0.503536224365234 0.503100216388702 0.50266420841217 0.502228140830994 0.501792132854462 0.50135612487793 0.501066327095032 0.500825226306915 0.500584125518799 0.500343024730682 0.500101923942566 0.499860823154449 0.499619722366333 0.49922189116478 0.498353809118271 0.49748569726944 0.496617615222931 0.495749533176422 0.494881451129913 0.494013339281082 0.493145257234573 0.491327047348022 0.48919215798378 0.487057268619537 0.484922349452972 0.48278746008873 0.480652570724487
0.416208505630493 0.424426466226578 0.432644426822662 0.440862387418747 0.449080348014832 0.457298308610916 0.465516269207001 0.473734229803085 0.478508830070496 0.482135623693466 0.485762447118759 0.48938924074173 0.493016064167023 0.496642857789993 0.500269651412964 0.502886772155762 0.502474904060364 0.502062976360321 0.501651108264923 0.50123918056488 0.500827252864838 0.50041538476944 0.500003457069397 0.499993473291397 0.500117421150208 0.50024139881134 0.500365376472473 0.500489354133606 0.500613331794739 0.500737309455872 0.50071108341217 0.500234186649323 0.499757260084152 0.499280333518982 0.498803436756134 0.498326510190964 0.497849613428116 0.497372716665268 0.496395289897919 0.495251029729843 0.494106769561768 0.492962509393692 0.491818249225616 0.490673989057541
0.407272011041641 0.415986895561218 0.424701780080795 0.43341663479805 0.442131519317627 0.450846403837204 0.459561288356781 0.468276172876358 0.473555624485016 0.477689951658249 0.481824278831482 0.485958606004715 0.490092933177948 0.494227260351181 0.498361587524414 0.50136536359787 0.500977575778961 0.500589787960052 0.500202000141144 0.499814182519913 0.499426364898682 0.499038577079773 0.498650759458542 0.49892058968544 0.499409645795822 0.499898701906204 0.500387728214264 0.500876784324646 0.501365840435028 0.50185489654541 0.502200245857239 0.502114534378052 0.502028822898865 0.501943051815033 0.501857340335846 0.501771628856659 0.501685857772827 0.50160014629364 0.501463532447815 0.501309871673584 0.501156270503998 0.501002669334412 0.500849068164825 0.500695407390594
0.398335516452789 0.407547324895859 0.416759103536606 0.425970911979675 0.435182690620422 0.444394499063492 0.453606277704239 0.462818086147308 0.468602418899536 0.473244279623032 0.477886110544205 0.4825279712677 0.487169802188873 0.491811662912369 0.496453493833542 0.499843955039978 0.499480277299881 0.499116569757462 0.498752862215042 0.498389154672623 0.498025476932526 0.497661769390106 0.497298061847687 0.497847735881805 0.498701870441437 0.499555975198746 0.500410079956055 0.501264214515686 0.502118349075317 0.502972483634949 0.503689408302307 0.503994882106781 0.504300355911255 0.504605770111084 0.504911243915558 0.505216717720032 0.505522131919861 0.505827605724335 0.506531715393066 0.507368743419647 0.508205771446228 0.509042799472809 0.50987982749939 0.51071685552597
0.393543899059296 0.40246519446373 0.411386489868164 0.420307785272598 0.429229110479355 0.438150405883789 0.447071701288223 0.455992996692657 0.462189525365829 0.467477768659592 0.472766041755676 0.478054285049438 0.483342528343201 0.488630801439285 0.493919044733047 0.497678279876709 0.496850430965424 0.496022582054138 0.495194733142853 0.49436691403389 0.493539065122604 0.492711216211319 0.491883367300034 0.492155075073242 0.492793291807175 0.493431478738785 0.494069695472717 0.49470791220665 0.495346128940582 0.495984345674515 0.496748596429825 0.497890919446945 0.499033272266388 0.500175654888153 0.501317977905273 0.502460300922394 0.503602683544159 0.504745006561279 0.50630384683609 0.508001446723938 0.509699046611786 0.511396706104279 0.513094305992126 0.514791965484619
0.392897129058838 0.400740534067154 0.40858393907547 0.416427344083786 0.42427071928978 0.432114124298096 0.439957529306412 0.447800934314728 0.454316943883896 0.460390478372574 0.466464042663574 0.472537577152252 0.478611141443253 0.484684675931931 0.490758210420609 0.494868338108063 0.493088096380234 0.491307854652405 0.489527612924576 0.487747371196747 0.485967129468918 0.484186917543411 0.482406675815582 0.48184260725975 0.481683909893036 0.481525212526321 0.481366544961929 0.481207847595215 0.481049180030823 0.480890482664108 0.481377691030502 0.483802646398544 0.486227601766586 0.488652557134628 0.49107751250267 0.493502467870712 0.495927423238754 0.498352378606796 0.500779747962952 0.503207921981812 0.505636096000671 0.508064270019531 0.510492503643036 0.512920677661896
0.39225035905838 0.399015873670578 0.405781358480453 0.412546873092651 0.419312357902527 0.426077872514725 0.4328433573246 0.439608871936798 0.446444362401962 0.453303217887878 0.460162043571472 0.467020869255066 0.473879724740982 0.480738550424576 0.487597405910492 0.492058366537094 0.489325731992722 0.486593097448349 0.483860492706299 0.481127858161926 0.478395223617554 0.475662589073181 0.472929954528809 0.471530109643936 0.470574527978897 0.469618946313858 0.468663364648819 0.46770778298378 0.466752201318741 0.465796619653702 0.466006815433502 0.469714403152466 0.473421961069107 0.477129518985748 0.48083707690239 0.484544634819031 0.488252192735672 0.491959780454636 0.495255708694458 0.498414427042007 0.501573145389557 0.504731893539429 0.507890641689301 0.511049389839172
0.391603618860245 0.397291213274002 0.402978807687759 0.408666402101517 0.414353996515274 0.420041590929031 0.425729185342789 0.431416779756546 0.438571780920029 0.446215927600861 0.45386004447937 0.461504191160202 0.469148308038712 0.476792454719543 0.484436571598053 0.489248424768448 0.485563397407532 0.481878370046616 0.478193342685699 0.474508315324783 0.47082331776619 0.467138290405273 0.463453263044357 0.461217641830444 0.459465175867081 0.457712680101395 0.455960214138031 0.454207718372345 0.452455252408981 0.450702756643295 0.450635939836502 0.455626130104065 0.460616290569305 0.465606451034546 0.470596641302109 0.475586801767349 0.48057696223259 0.485567152500153 0.489731639623642 0.493620932102203 0.497510224580765 0.501399517059326 0.505288779735565 0.509178102016449
0.390956848859787 0.395566552877426 0.400176227092743 0.404785931110382 0.409395635128021 0.414005309343338 0.418615013360977 0.423224717378616 0.430699199438095 0.439128637313843 0.447558045387268 0.455987483263016 0.464416891336441 0.472846329212189 0.481275737285614 0.486438453197479 0.48180103302002 0.477163642644882 0.472526222467422 0.467888802289963 0.463251382112503 0.458613961935043 0.453976541757584 0.450905174016953 0.448355793952942 0.445806413888931 0.443257033824921 0.44070765376091 0.438158303499222 0.435608923435211 0.435265064239502 0.441537857055664 0.447810620069504 0.454083412885666 0.460356175899506 0.466628968715668 0.472901731729507 0.47917452454567 0.484207600355148 0.488827437162399 0.49344727396965 0.498067110776901 0.502686977386475 0.507306814193726
0.390310108661652 0.39384189248085 0.397373676300049 0.400905460119247 0.404437273740768 0.407969057559967 0.411500841379166 0.415032625198364 0.422826617956161 0.432041347026825 0.441256046295166 0.450470775365829 0.459685474634171 0.468900203704834 0.478114932775497 0.483628511428833 0.47803869843483 0.472448885440826 0.466859072446823 0.461269289255142 0.455679476261139 0.450089663267136 0.444499850273132 0.440592706203461 0.437246412038803 0.433900147676468 0.430553883314133 0.427207589149475 0.42386132478714 0.420515060424805 0.419894188642502 0.427449584007263 0.435004979372025 0.442560344934464 0.450115740299225 0.457671105861664 0.465226501226425 0.472781896591187 0.478683531284332 0.484033912420273 0.489384323358536 0.494734704494476 0.500085115432739 0.505435526371002
0.390189498662949 0.393100798130035 0.396012097597122 0.398923397064209 0.401834696531296 0.404745995998383 0.407657295465469 0.410568594932556 0.418265372514725 0.427557319402695 0.436849236488342 0.446141183376312 0.455433130264282 0.464725077152252 0.474017024040222 0.479538142681122 0.473746716976166 0.467955321073532 0.462163925170898 0.456372529268265 0.450581133365631 0.444789707660675 0.438998311758041 0.434553176164627 0.430556774139404 0.426560372114182 0.422563999891281 0.418567597866058 0.414571195840836 0.410574793815613 0.409489005804062 0.417134940624237 0.42478084564209 0.432426780462265 0.44007271528244 0.447718650102615 0.45536458492279 0.463010519742966 0.46886157989502 0.47411435842514 0.479367136955261 0.48461988568306 0.489872664213181 0.495125442743301
0.390595048666 0.393343269824982 0.396091461181641 0.398839682340622 0.401587903499603 0.404336124658585 0.407084316015244 0.409832537174225 0.417015433311462 0.42567652463913 0.434337615966797 0.442998737096786 0.451659828424454 0.460320949554443 0.468982040882111 0.474167317152023 0.46892511844635 0.463682919740677 0.458440721035004 0.453198552131653 0.44795635342598 0.442714154720306 0.437471956014633 0.432786583900452 0.428286850452423 0.423787117004395 0.419287383556366 0.414787650108337 0.410287916660309 0.405788153409958 0.404049456119537 0.410593897104263 0.417138308286667 0.42368271946907 0.430227160453796 0.4367715716362 0.443315982818604 0.449860394001007 0.45474174618721 0.459068715572357 0.463395684957504 0.467722654342651 0.472049653530121 0.476376622915268
0.391000598669052 0.393585741519928 0.396170854568481 0.398755997419357 0.401341110467911 0.403926253318787 0.40651136636734 0.409096509218216 0.415765464305878 0.423795729875565 0.431825995445251 0.439856261014938 0.447886526584625 0.455916792154312 0.463947057723999 0.468796521425247 0.464103519916534 0.459410548210144 0.454717546701431 0.450024545192719 0.445331573486328 0.440638571977615 0.435945570468903 0.431020021438599 0.426016926765442 0.421013861894608 0.416010767221451 0.411007702350616 0.40600460767746 0.401001513004303 0.398609936237335 0.40405285358429 0.409495741128922 0.414938658475876 0.42038157582283 0.425824493169785 0.431267380714417 0.436710298061371 0.440621912479401 0.444023072719574 0.44742426276207 0.450825423002243 0.454226613044739 0.457627773284912
0.391406148672104 0.393828183412552 0.396250247955322 0.39867228269577 0.401094317436218 0.403516381978989 0.405938416719437 0.408360451459885 0.414515525102615 0.421914964914322 0.429314374923706 0.436713814735413 0.444113254547119 0.451512664556503 0.45891210436821 0.463425725698471 0.459281921386719 0.455138146877289 0.450994372367859 0.446850568056107 0.442706793546677 0.438562989234924 0.434419214725494 0.429253458976746 0.423747003078461 0.418240576982498 0.412734150886536 0.407227724790573 0.401721298694611 0.396214872598648 0.393170416355133 0.397511810064316 0.401853203773499 0.406194597482681 0.410535991191864 0.414877384901047 0.41921877861023 0.423560172319412 0.426502078771591 0.428977429866791 0.431452810764313 0.433928191661835 0.436403572559357 0.438878953456879
0.391811698675156 0.394070655107498 0.396329611539841 0.398588567972183 0.400847554206848 0.403106510639191 0.405365467071533 0.407624423503876 0.413265585899353 0.420034170150757 0.426802784204483 0.433571368455887 0.440339952707291 0.447108536958694 0.453877121210098 0.458054900169373 0.454460322856903 0.450865745544434 0.447271168231964 0.443676590919495 0.440082013607025 0.436487436294556 0.432892858982086 0.42748686671257 0.421477109193802 0.415467321872711 0.409457564353943 0.403447777032852 0.397438019514084 0.391428232192993 0.387730866670609 0.390970766544342 0.394210636615753 0.397450536489487 0.400690406560898 0.403930306434631 0.407170176506042 0.410410076379776 0.412382215261459 0.41393181681633 0.415481388568878 0.417030960321426 0.418580532073975 0.420130133628845
0.392217248678207 0.394313126802444 0.396409004926682 0.398504883050919 0.400600761175156 0.402696639299393 0.404792487621307 0.406888365745544 0.412015646696091 0.418153405189514 0.424291163682938 0.430428892374039 0.436566650867462 0.442704409360886 0.448842138051987 0.452684104442596 0.449638724327087 0.446593344211578 0.443547993898392 0.440502613782883 0.437457233667374 0.434411853551865 0.431366473436356 0.425720304250717 0.419207185506821 0.412694066762924 0.406180948019028 0.399667829275131 0.393154710531235 0.386641591787338 0.382291346788406 0.384429723024368 0.38656809926033 0.388706475496292 0.390844851732254 0.392983227968216 0.395121574401855 0.397259950637817 0.39826238155365 0.398886173963547 0.399509936571121 0.400133728981018 0.400757521390915 0.401381283998489
0.392960101366043 0.394837528467178 0.396714925765991 0.398592352867126 0.400469779968262 0.402347177267075 0.40422460436821 0.406102031469345 0.410531669855118 0.41581204533577 0.421092420816422 0.426372796297073 0.431653171777725 0.436933547258377 0.442213922739029 0.445526242256165 0.442934423685074 0.440342634916306 0.437750816345215 0.435158997774124 0.432567179203033 0.429975360631943 0.427383542060852 0.422061383724213 0.415829092264175 0.409596830606461 0.403364539146423 0.397132277488708 0.390900015830994 0.384667724370956 0.38034263253212 0.381739020347595 0.383135437965393 0.384531855583191 0.385928243398666 0.387324661016464 0.388721078634262 0.390117466449738 0.390471488237381 0.390478014945984 0.390484571456909 0.390491127967834 0.390497654676437 0.390504211187363
0.39404022693634 0.395643800497055 0.397247403860092 0.398850977420807 0.400454580783844 0.402058184146881 0.403661757707596 0.405265361070633 0.40881359577179 0.413010090589523 0.417206555604935 0.421403020620346 0.42559951543808 0.429795980453491 0.433992445468903 0.436581343412399 0.434347450733185 0.432113528251648 0.429879635572433 0.427645742893219 0.425411820411682 0.423177927732468 0.420944035053253 0.416510105133057 0.411342859268188 0.40617561340332 0.401008367538452 0.395841121673584 0.390673875808716 0.385506629943848 0.381884694099426 0.382898688316345 0.383912682533264 0.384926646947861 0.38594064116478 0.386954635381699 0.387968629598618 0.388982623815536 0.38900950551033 0.388707399368286 0.38840526342392 0.388103127479553 0.387800991535187 0.387498885393143
