data/working_set_collections/6091692-Cassins_Sparrow-M2/1995/gwetprof_avg.asc
NCOLS 265 
NROWS 230 
XLLCORNER -115.5625 
YLLCORNER 24.8333333333333 
CELLSIZE 0.0833333333333333 
NODATA_value -9999 
[rows 60 to 79 of 230, columns 220 to 263 of 265]
0.488148123025894 0.491777360439301 0.495406568050385 0.499035805463791 0.503309845924377 0.509518384933472 0.515726923942566 0.521935403347015 0.52814394235611 0.534352481365204 0.540560960769653 0.546769499778748 0.556856989860535 0.56823742389679 0.579617857933044 0.590998291969299 0.602378785610199 0.613759219646454 0.625139653682709 0.633910715579987 0.634853541851044 0.635796427726746 0.636739313602448 0.637682139873505 0.638625025749207 0.639567911624908 0.640510737895966 0.642110586166382 0.643929421901703 0.645748317241669 0.64756715297699 0.649385988712311 0.651204824447632 0.653023660182953 0.655079185962677 0.657844603061676 0.660610020160675 0.663375437259674 0.666140854358673 0.668906271457672 0.671671688556671 0.67443710565567 0.675608456134796 0.67624843120575
0.488742887973785 0.492665261030197 0.496587634086609 0.500509977340698 0.505003333091736 0.511209666728973 0.517415940761566 0.523622274398804 0.529828608036041 0.536034882068634 0.542241215705872 0.548447549343109 0.558540761470795 0.569929599761963 0.581318438053131 0.592707276344299 0.604096114635468 0.615484952926636 0.626873791217804 0.635724782943726 0.636962115764618 0.63819944858551 0.639436781406403 0.64067417383194 0.641911506652832 0.643148839473724 0.644386172294617 0.646159052848816 0.648110508918762 0.650061964988708 0.65201336145401 0.653964817523956 0.655916213989258 0.657867670059204 0.660031080245972 0.662830531597137 0.665629982948303 0.668429434299469 0.671228885650635 0.6740283370018 0.676827788352966 0.679627239704132 0.680456936359406 0.680630028247833
0.489337682723999 0.493553191423416 0.497768670320511 0.501984179019928 0.506696820259094 0.512900948524475 0.519105017185211 0.525309145450592 0.531513214111328 0.537717342376709 0.543921411037445 0.550125539302826 0.56022447347641 0.571621775627136 0.583019018173218 0.594416260719299 0.605813503265381 0.617210745811462 0.628607988357544 0.637538850307465 0.639070689678192 0.64060252904892 0.642134308815002 0.64366614818573 0.645197927951813 0.64672976732254 0.648261606693268 0.650207579135895 0.652291595935822 0.654375612735748 0.656459629535675 0.658543646335602 0.660627663135529 0.662711679935455 0.664983034133911 0.667816519737244 0.670650005340576 0.673483490943909 0.676316976547241 0.679150462150574 0.681983947753906 0.684817373752594 0.685305416584015 0.685011565685272
0.48993244767189 0.494441092014313 0.498949736356735 0.503458380699158 0.508390307426453 0.514592230319977 0.520794093608856 0.52699601650238 0.53319787979126 0.539399802684784 0.545601665973663 0.551803529262543 0.56190824508667 0.573313891887665 0.58471953868866 0.596125185489655 0.607530832290649 0.618936479091644 0.630342125892639 0.639352977275848 0.641179263591766 0.643005549907684 0.644831836223602 0.64665812253952 0.648484408855438 0.650310695171356 0.652136981487274 0.654256045818329 0.656472623348236 0.658689260482788 0.660905838012695 0.663122415542603 0.665339052677155 0.667555630207062 0.669934988021851 0.67280250787735 0.675669968128204 0.678537487983704 0.681405007839203 0.684272527694702 0.687140047550201 0.690007567405701 0.690153896808624 0.689393162727356
0.490527212619781 0.495328992605209 0.500130772590637 0.504932582378387 0.510083794593811 0.516283512115479 0.522483170032501 0.528682827949524 0.534882545471191 0.541082203388214 0.547281920909882 0.553481578826904 0.56359201669693 0.575006067752838 0.586420118808746 0.597834169864655 0.609248220920563 0.620662271976471 0.632076323032379 0.641167044639587 0.643287777900696 0.645408570766449 0.647529363632202 0.64965009689331 0.651770889759064 0.653891623020172 0.656012415885925 0.658304512500763 0.660653710365295 0.663002908229828 0.665352046489716 0.667701244354248 0.67005044221878 0.672399640083313 0.674886882305145 0.677788436412811 0.680689990520477 0.683591544628143 0.686493098735809 0.689394652843475 0.692296147346497 0.695197701454163 0.695002377033234 0.693774700164795
0.491122007369995 0.496216922998428 0.501311838626862 0.506406724452972 0.511777281761169 0.51797479391098 0.524172246456146 0.530369699001312 0.536567211151123 0.542764663696289 0.548962116241455 0.555159568786621 0.56527578830719 0.576698243618011 0.588120698928833 0.599543154239655 0.610965609550476 0.622388005256653 0.633810460567474 0.642981112003326 0.64539635181427 0.647811591625214 0.650226831436157 0.652642130851746 0.655057370662689 0.657472610473633 0.659887850284576 0.662352979183197 0.66483473777771 0.667316555976868 0.669798314571381 0.672280073165894 0.674761831760406 0.677243649959564 0.679838836193085 0.682774424552917 0.68571001291275 0.688645601272583 0.691581130027771 0.694516718387604 0.697452306747437 0.700387895107269 0.699850857257843 0.698156297206879
0.494063138961792 0.498584359884262 0.503105580806732 0.507626831531525 0.512561678886414 0.518737494945526 0.524913370609283 0.531089186668396 0.537265062332153 0.543440878391266 0.549616694450378 0.555792570114136 0.565993130207062 0.577535271644592 0.589077413082123 0.600619554519653 0.612161695957184 0.623703837394714 0.635245978832245 0.644553005695343 0.647154808044434 0.649756610393524 0.652358412742615 0.654960215091705 0.657562017440796 0.660163819789886 0.662765622138977 0.665418088436127 0.668087422847748 0.670756816864014 0.673426151275635 0.676095485687256 0.678764820098877 0.681434214115143 0.684227705001831 0.687393605709076 0.690559506416321 0.69372546672821 0.696891367435455 0.7000572681427 0.70322322845459 0.706389129161835 0.705945670604706 0.704299092292786
0.499350607395172 0.502431333065033 0.505511999130249 0.50859272480011 0.512436926364899 0.518571734428406 0.524706542491913 0.530841290950775 0.536976099014282 0.543110847473145 0.549245655536652 0.555380463600159 0.565743982791901 0.577517151832581 0.589290261268616 0.601063370704651 0.612836539745331 0.624609649181366 0.636382818222046 0.645882785320282 0.648563206195831 0.651243627071381 0.65392404794693 0.656604468822479 0.659284949302673 0.661965370178223 0.664645791053772 0.667499840259552 0.670411765575409 0.673323690891266 0.676235616207123 0.679147481918335 0.682059407234192 0.684971332550049 0.68805342912674 0.691645979881287 0.695238590240479 0.698831140995026 0.702423751354218 0.706016302108765 0.709608912467957 0.713201463222504 0.713286876678467 0.712203204631805
0.504638075828552 0.506278276443481 0.507918477058411 0.509558618068695 0.512312233448029 0.518405973911285 0.524499654769897 0.530593395233154 0.536687135696411 0.542780876159668 0.548874616622925 0.554968357086182 0.56549483537674 0.577498972415924 0.589503109455109 0.601507246494293 0.613511383533478 0.625515520572662 0.637519598007202 0.647212505340576 0.649971544742584 0.652730643749237 0.655489683151245 0.658248782157898 0.661007821559906 0.663766920566559 0.666525959968567 0.669581592082977 0.67273610830307 0.675890564918518 0.679045021533966 0.682199537754059 0.685353994369507 0.6885085105896 0.691879153251648 0.695898413658142 0.699917614459991 0.703936874866486 0.70795613527298 0.711975336074829 0.715994596481323 0.720013856887817 0.720628082752228 0.72010725736618
0.509925544261932 0.51012521982193 0.510324895381927 0.510524570941925 0.512187480926514 0.51824015378952 0.524292826652527 0.530345499515533 0.53639817237854 0.542450845241547 0.548503577709198 0.554556250572205 0.565245747566223 0.577480852603912 0.589715957641602 0.601951122283936 0.614186227321625 0.626421332359314 0.638656437397003 0.64854222536087 0.651379942893982 0.654217600822449 0.65705531835556 0.659893035888672 0.662730753421783 0.66556841135025 0.668406128883362 0.671663343906403 0.675060391426086 0.67845743894577 0.681854486465454 0.685251533985138 0.688648581504822 0.692045629024506 0.695704877376556 0.700150787830353 0.704596698284149 0.709042608737946 0.713488519191742 0.717934370040894 0.72238028049469 0.726826190948486 0.727969229221344 0.7280113697052
0.515213012695312 0.513972163200378 0.512731313705444 0.51149046421051 0.512062728404999 0.5180743932724 0.524085998535156 0.530097603797913 0.536109268665314 0.54212087392807 0.548132479190826 0.554144144058228 0.564996600151062 0.577462732791901 0.589928805828094 0.602394938468933 0.614861071109772 0.627327144145966 0.639793276786804 0.649871945381165 0.652788281440735 0.655704617500305 0.658620953559875 0.661537289619446 0.664453625679016 0.667369961738586 0.670286297798157 0.673745095729828 0.677384734153748 0.681024312973022 0.684663951396942 0.688303530216217 0.691943168640137 0.695582807064056 0.699530601501465 0.704403162002563 0.709275722503662 0.714148283004761 0.719020843505859 0.723893404006958 0.728765964508057 0.733638525009155 0.735310435295105 0.735915422439575
0.520500481128693 0.517819106578827 0.515137732028961 0.51245641708374 0.511938035488129 0.517908573150635 0.523879170417786 0.529849708080292 0.535820305347443 0.541790902614594 0.5477614402771 0.55373203754425 0.564747512340546 0.577444612979889 0.590141713619232 0.602838814258575 0.615535914897919 0.628233015537262 0.640930116176605 0.651201665401459 0.654196619987488 0.657191634178162 0.660186588764191 0.66318154335022 0.666176557540894 0.669171512126923 0.672166466712952 0.675826847553253 0.679709017276764 0.683591187000275 0.68747341632843 0.691355586051941 0.695237755775452 0.699119925498962 0.703356385231018 0.708655595779419 0.71395480632782 0.719254016876221 0.724553227424622 0.729852437973022 0.735151648521423 0.740450918674469 0.742651641368866 0.743819534778595
0.523916840553284 0.520727097988129 0.517537295818329 0.514347553253174 0.513401210308075 0.519185423851013 0.524969577789307 0.5307537317276 0.536537945270538 0.542322099208832 0.548106253147125 0.553890466690063 0.564984500408173 0.577848494052887 0.590712487697601 0.603576481342316 0.61644047498703 0.629304468631744 0.642168462276459 0.65249902009964 0.655229330062866 0.657959580421448 0.660689830780029 0.663420140743256 0.666150391101837 0.668880701065063 0.671610951423645 0.675386011600494 0.679509341716766 0.683632731437683 0.687756061553955 0.691879391670227 0.696002721786499 0.700126051902771 0.704691171646118 0.710581600666046 0.716472029685974 0.722362399101257 0.728252828121185 0.734143257141113 0.740033686161041 0.745924115180969 0.74798846244812 0.748777389526367
0.52546215057373 0.522696018218994 0.519929945468903 0.517163872718811 0.516452431678772 0.521904826164246 0.527357280254364 0.532809674739838 0.538262128829956 0.543714582920074 0.549166977405548 0.554619431495667 0.565707623958588 0.57867443561554 0.591641187667847 0.604607999324799 0.617574751377106 0.630541563034058 0.64350837469101 0.653764009475708 0.655886232852936 0.658008515834808 0.660130739212036 0.662253022193909 0.664375245571136 0.666497528553009 0.668619751930237 0.672422647476196 0.676785707473755 0.681148827075958 0.685511887073517 0.689874947071075 0.694238066673279 0.698601126670837 0.70353502035141 0.710181176662445 0.71682733297348 0.72347354888916 0.730119705200195 0.73676586151123 0.74341207742691 0.750058233737946 0.751320898532867 0.750789046287537
0.527007400989532 0.524664998054504 0.522322595119476 0.519980192184448 0.519503593444824 0.524624288082123 0.529744982719421 0.534865617752075 0.539986312389374 0.545107007026672 0.550227701663971 0.55534839630127 0.566430747509003 0.579500317573547 0.592569887638092 0.605639517307281 0.618709087371826 0.631778657436371 0.644848227500916 0.655028998851776 0.65654319524765 0.658057451248169 0.659571647644043 0.661085903644562 0.662600100040436 0.664114356040955 0.665628552436829 0.669459223747253 0.674062073230743 0.678664922714233 0.683267712593079 0.687870562076569 0.692473411560059 0.697076201438904 0.702378809452057 0.709780752658844 0.717182695865631 0.724584639072418 0.73198652267456 0.739388465881348 0.746790409088135 0.754192352294922 0.754653334617615 0.752800643444061
0.528552651405334 0.526633977890015 0.52471524477005 0.52279657125473 0.522554755210876 0.527343690395355 0.532132625579834 0.536921620368958 0.541710555553436 0.546499490737915 0.551288425922394 0.556077361106873 0.567153871059418 0.5803262591362 0.593498647212982 0.60667097568512 0.619843363761902 0.633015751838684 0.646188139915466 0.6562939286232 0.657200157642365 0.658106327056885 0.65901255607605 0.65991872549057 0.660824954509735 0.661731123924255 0.66263735294342 0.666495859622955 0.671338438987732 0.676181018352509 0.681023597717285 0.685866177082062 0.690708756446838 0.695551335811615 0.701222658157349 0.709380328655243 0.717538058757782 0.725695729255676 0.73385339975357 0.742011070251465 0.750168740749359 0.758326470851898 0.757985770702362 0.754812300205231
0.530097961425781 0.52860289812088 0.527107894420624 0.525612890720367 0.525605916976929 0.530063152313232 0.534520328044891 0.538977563381195 0.543434739112854 0.547891914844513 0.552349150180817 0.556806325912476 0.567876994609833 0.581152200698853 0.594427347183228 0.607702493667603 0.620977699756622 0.634252846240997 0.647527992725372 0.657558917999268 0.657857120037079 0.658155262470245 0.658453464508057 0.658751606941223 0.659049808979034 0.659347951412201 0.659646153450012 0.663532435894012 0.668614745140076 0.673697113990784 0.678779423236847 0.68386173248291 0.688944101333618 0.694026410579681 0.70006650686264 0.708979964256287 0.717893362045288 0.726806819438934 0.735720276832581 0.744633674621582 0.753547132015228 0.76246052980423 0.761318206787109 0.7568239569664
0.531643211841583 0.53057187795639 0.529500544071198 0.528429269790649 0.528657138347626 0.532782554626465 0.536908030509949 0.541033506393433 0.545158922672272 0.549284398555756 0.55340987443924 0.557535290718079 0.568600118160248 0.58197808265686 0.595356047153473 0.608734011650085 0.622111976146698 0.63548994064331 0.648867905139923 0.658823907375336 0.658514022827148 0.658204197883606 0.657894372940063 0.657584488391876 0.657274663448334 0.656964778900146 0.656654953956604 0.66056901216507 0.665891110897064 0.671213209629059 0.676535248756409 0.681857347488403 0.687179446220398 0.692501485347748 0.698910355567932 0.708579540252686 0.718248724937439 0.727917909622192 0.737587094306946 0.747256278991699 0.756925463676453 0.766594648361206 0.764650642871857 0.758835554122925
0.531909763813019 0.531099021434784 0.530288219451904 0.529477417469025 0.529888987541199 0.533967554569244 0.538046061992645 0.542124629020691 0.546203196048737 0.550281763076782 0.554360330104828 0.558438837528229 0.569529294967651 0.582957029342651 0.596384763717651 0.609812498092651 0.623240232467651 0.636667966842651 0.650095760822296 0.660086333751678 0.659765660762787 0.65944492816925 0.659124195575714 0.658803522586823 0.658482789993286 0.65816205739975 0.657841324806213 0.661837875843048 0.667273461818695 0.672709107398987 0.678144693374634 0.683580279350281 0.689015924930573 0.69445151090622 0.700953006744385 0.710652232170105 0.72035139799118 0.730050623416901 0.739749789237976 0.749449014663696 0.759148180484772 0.768847405910492 0.766262352466583 0.75958263874054
0.530897676944733 0.530184268951416 0.529470860958099 0.528757452964783 0.529301524162292 0.533618032932281 0.537934482097626 0.542250990867615 0.546567499637604 0.550884008407593 0.555200517177582 0.559517025947571 0.570664525032043 0.584088981151581 0.597513496875763 0.610938012599945 0.624362528324127 0.637787044048309 0.651211500167847 0.661346316337585 0.66161185503006 0.661877453327179 0.662143051624298 0.662408590316772 0.662674188613892 0.662939786911011 0.66320538520813 0.667338967323303 0.672761857509613 0.678184807300568 0.683607697486877 0.689030587673187 0.694453537464142 0.699876427650452 0.706194519996643 0.7151979804039 0.724201440811157 0.733204901218414 0.742208361625671 0.751211822032928 0.760215282440186 0.769218742847443 0.766153395175934 0.759065091609955
