data/working_set_collections/6091692-Cassins_Sparrow-M2/1995/gwetprof_avg.asc
NCOLS 265 
NROWS 230 
XLLCORNER -115.5625 
YLLCORNER 24.8333333333333 
CELLSIZE 0.0833333333333333 
NODATA_value -9999 
[rows 120 to 139 of 230, columns 176 to 219 of 265]
0.401777982711792 0.403054535388947 0.404331058263779 0.405761688947678 0.407654523849487 0.409547328948975 0.411440163850784 0.413332968950272 0.415225803852081 0.417118638753891 0.419011443853378 0.421032547950745 0.423096418380737 0.425160259008408 0.4272241294384 0.429287999868393 0.431351840496063 0.433415710926056 0.435671746730804 0.438504308462143 0.441336899995804 0.444169461727142 0.447002023458481 0.449834614992142 0.45266717672348 0.455499768257141 0.455565303564072 0.454708516597748 0.453851699829102 0.452994912862778 0.452138125896454 0.451281309127808 0.450424522161484 0.452587634325027 0.463810443878174 0.475033283233643 0.486256092786789 0.497478932142258 0.508701741695404 0.519924581050873 0.531147360801697 0.538084089756012 0.543592095375061 0.54910010099411
0.400451719760895 0.401691138744354 0.402930527925491 0.404333144426346 0.406225293874741 0.408117443323135 0.41000959277153 0.411901742219925 0.413793921470642 0.415686070919037 0.417578220367432 0.419642239809036 0.421763569116592 0.423884868621826 0.426006197929382 0.428127527236938 0.430248826742172 0.432370156049728 0.434725761413574 0.437784194946289 0.440842628479004 0.443901091814041 0.446959525346756 0.450017988681793 0.453076422214508 0.456134885549545 0.456330984830856 0.45557302236557 0.454815030097961 0.454057037830353 0.453299045562744 0.452541083097458 0.451783090829849 0.454519242048264 0.467737793922424 0.480956345796585 0.494174927473068 0.507393479347229 0.520612061023712 0.533830583095551 0.547049164772034 0.554272592067719 0.559497654438019 0.564722657203674
0.399125456809998 0.400327742099762 0.401530027389526 0.402904599905014 0.404796063899994 0.406687557697296 0.408579051494598 0.410470515489578 0.41236200928688 0.414253503084183 0.416144996881485 0.418251931667328 0.420430719852448 0.422609478235245 0.424788266420364 0.426967054605484 0.429145812988281 0.431324601173401 0.433779746294022 0.437064081430435 0.440348386764526 0.44363272190094 0.446917027235031 0.450201362371445 0.453485667705536 0.456770002841949 0.457096695899963 0.456437528133392 0.455778330564499 0.455119162797928 0.454459995031357 0.453800827264786 0.453141659498215 0.4564508497715 0.471665143966675 0.48687943816185 0.502093732357025 0.517308056354523 0.53252238035202 0.547736644744873 0.562950968742371 0.570461094379425 0.575403213500977 0.580345273017883
0.397799223661423 0.39896434545517 0.400129497051239 0.401476055383682 0.40336686372757 0.405257672071457 0.407148480415344 0.409039288759232 0.410930126905441 0.412820935249329 0.414711743593216 0.41686162352562 0.419097870588303 0.421334087848663 0.423570334911346 0.42580658197403 0.42804279923439 0.430279046297073 0.432833760976791 0.436343967914581 0.439854145050049 0.443364351987839 0.446874529123306 0.450384736061096 0.453894913196564 0.457405120134354 0.457862377166748 0.457302033901215 0.456741660833359 0.456181287765503 0.45562094449997 0.455060571432114 0.454500198364258 0.458382427692413 0.475592494010925 0.492802530527115 0.510012567043304 0.527222633361816 0.544432640075684 0.561642706394196 0.578852772712708 0.586649596691132 0.59130871295929 0.595967888832092
0.396472960710526 0.397600948810577 0.398728966712952 0.400047481060028 0.401937633752823 0.403827786445618 0.405717939138412 0.407608091831207 0.40949821472168 0.411388367414474 0.413278520107269 0.415471315383911 0.417765021324158 0.420058697462082 0.422352403402328 0.424646109342575 0.426939785480499 0.429233491420746 0.431887775659561 0.435623824596405 0.439359903335571 0.443095982074738 0.446832031011581 0.450568109750748 0.454304158687592 0.458040237426758 0.458628088235855 0.458166539669037 0.457704991102219 0.457243412733078 0.45678186416626 0.456320315599442 0.455858767032623 0.460314035415649 0.479519814252853 0.49872562289238 0.517931401729584 0.53713721036911 0.556342959403992 0.575548768043518 0.5947545170784 0.602838099002838 0.607214272022247 0.611590445041656
0.395146697759628 0.396237552165985 0.397328436374664 0.398618936538696 0.400508433580399 0.402397900819778 0.404287368059158 0.406176865100861 0.40806633234024 0.40995579957962 0.411845266819 0.414081007242203 0.416432172060013 0.4187833070755 0.421134471893311 0.423485636711121 0.425836771726608 0.428187936544418 0.430941790342331 0.434903711080551 0.438865661621094 0.442827582359314 0.446789532899857 0.450751483440399 0.454713404178619 0.458675354719162 0.45939376950264 0.459031045436859 0.458668291568756 0.458305537700653 0.457942813634872 0.457580059766769 0.457217335700989 0.462245643138885 0.483447164297104 0.504648685455322 0.525850236415863 0.547051727771759 0.5682532787323 0.589454829692841 0.610656321048737 0.619026601314545 0.623119831085205 0.627213060855865
0.394143283367157 0.395243227481842 0.396343171596527 0.397645086050034 0.399552881717682 0.401460707187653 0.403368532657623 0.405276328325272 0.407184153795242 0.409091949462891 0.410999774932861 0.41328302025795 0.415691405534744 0.418099790811539 0.420508205890656 0.42291659116745 0.425324976444244 0.427733361721039 0.430534780025482 0.434515178203583 0.438495576381683 0.442476004362106 0.446456402540207 0.450436800718307 0.45441722869873 0.458397626876831 0.459295839071274 0.459166646003723 0.459037452936172 0.458908230066299 0.458779036998749 0.458649843931198 0.458520650863647 0.464015990495682 0.486385017633438 0.508754014968872 0.531123042106628 0.553492069244385 0.575861096382141 0.598230123519897 0.620599150657654 0.629429340362549 0.633746564388275 0.638063848018646
0.393462687730789 0.394617944955826 0.39577317237854 0.397125899791718 0.39907106757164 0.40101620554924 0.402961373329163 0.404906541109085 0.406851679086685 0.408796846866608 0.41074201464653 0.413077354431152 0.415542751550674 0.418008178472519 0.420473575592041 0.422939002513885 0.425404399633408 0.42786979675293 0.430666744709015 0.4344582259655 0.438249677419662 0.442041158676147 0.445832639932632 0.449624121189117 0.453415602445602 0.457207083702087 0.458334267139435 0.458573341369629 0.458812415599823 0.459051489830017 0.459290564060211 0.459529638290405 0.459768742322922 0.465625107288361 0.488333374261856 0.511041641235352 0.533749878406525 0.556458175182343 0.579166412353516 0.601874649524689 0.624582946300507 0.634046196937561 0.639094471931458 0.644142806529999
0.392782121896744 0.393992632627487 0.395203173160553 0.396606713533401 0.398589223623276 0.400571703910828 0.402554214000702 0.404536724090576 0.40651923418045 0.408501714468002 0.410484224557877 0.412871688604355 0.415394097566605 0.417916536331177 0.420438975095749 0.422961384057999 0.425483822822571 0.428006261587143 0.430798709392548 0.434401243925095 0.438003808259964 0.441606342792511 0.445208877325058 0.448811441659927 0.452413976192474 0.456016510725021 0.457372665405273 0.457980036735535 0.458587378263474 0.459194749593735 0.459802091121674 0.460409462451935 0.461016803979874 0.467234224081039 0.490281701087952 0.513329207897186 0.536376714706421 0.559424221515656 0.58247172832489 0.605519235134125 0.628566741943359 0.638663113117218 0.644442439079285 0.650221765041351
0.392101526260376 0.393367350101471 0.394633203744888 0.396087527275085 0.398107379674911 0.400127232074738 0.402147084474564 0.404166907072067 0.406186759471893 0.408206611871719 0.410226464271545 0.412665992975235 0.415245443582535 0.417824894189835 0.420404344797134 0.422983795404434 0.425563246011734 0.428142696619034 0.43093067407608 0.434344291687012 0.437757909297943 0.441171497106552 0.444585114717484 0.447998732328415 0.451412349939346 0.454825967550278 0.456411093473434 0.45738673210144 0.458362370729446 0.459338009357452 0.460313647985458 0.461289256811142 0.462264895439148 0.468843311071396 0.49223005771637 0.515616834163666 0.539003551006317 0.562390267848969 0.585777044296265 0.609163761138916 0.632550537586212 0.64327996969223 0.649790346622467 0.656300663948059
0.391420930624008 0.392742067575455 0.394063204526901 0.395568341016769 0.397625535726547 0.399682730436325 0.401739925146103 0.403797119855881 0.405854314565659 0.407911479473114 0.409968674182892 0.412460327148438 0.415096789598465 0.417733252048492 0.42036971449852 0.423006176948547 0.425642669200897 0.428279131650925 0.431062638759613 0.434287309646606 0.437512010335922 0.440736681222916 0.443961352109909 0.447186052799225 0.450410723686218 0.453635394573212 0.455449521541595 0.456793427467346 0.458137333393097 0.459481239318848 0.460825175046921 0.462169080972672 0.463512986898422 0.470452427864075 0.494178414344788 0.5179044008255 0.541630387306213 0.565356373786926 0.589082360267639 0.612808346748352 0.636534333229065 0.647896885871887 0.655138254165649 0.662379622459412
0.39074033498764 0.392116785049438 0.393493205308914 0.395049154758453 0.397143691778183 0.399238228797913 0.401332765817642 0.403427302837372 0.405521839857101 0.407616376876831 0.409710913896561 0.41225466132164 0.414948135614395 0.41764160990715 0.420335114002228 0.423028588294983 0.425722062587738 0.428415566682816 0.431194603443146 0.434230357408524 0.437266111373901 0.440301865339279 0.443337589502335 0.446373343467712 0.44940909743309 0.452444851398468 0.454487919807434 0.456200122833252 0.45791232585907 0.459624499082565 0.461336702108383 0.463048875331879 0.464761078357697 0.472061514854431 0.496126741170883 0.520191967487335 0.54425722360611 0.568322420120239 0.592387676239014 0.616452932357788 0.640518128871918 0.652513742446899 0.660486161708832 0.668458580970764
0.390250444412231 0.391683757305145 0.393117100000381 0.394723683595657 0.396850019693375 0.398976355791092 0.401102691888809 0.403229027986526 0.405355364084244 0.407481700181961 0.409608036279678 0.412263631820679 0.415095686912537 0.417927742004395 0.420759797096252 0.42359185218811 0.426423907279968 0.429255962371826 0.432080000638962 0.434879958629608 0.437679946422577 0.440479904413223 0.44327986240387 0.446079850196838 0.448879808187485 0.451679766178131 0.454141318798065 0.456490069627762 0.458838790655136 0.461187541484833 0.463536262512207 0.465885013341904 0.4682337641716 0.476008296012878 0.500060260295868 0.524112284183502 0.548164248466492 0.572216272354126 0.596268236637115 0.620320200920105 0.644372224807739 0.656376540660858 0.664364993572235 0.672353446483612
0.389951229095459 0.39144304394722 0.392934858798981 0.394591897726059 0.3967444896698 0.398897081613541 0.401049673557281 0.4032022356987 0.405354827642441 0.407507419586182 0.409660011529922 0.412487298250198 0.415539473295212 0.418591648340225 0.421643823385239 0.424695998430252 0.427748173475266 0.430800348520279 0.433718800544739 0.436236143112183 0.438753485679626 0.44127082824707 0.443788170814514 0.446305513381958 0.448822855949402 0.451340198516846 0.454409688711166 0.457663238048553 0.460916787385941 0.464170336723328 0.467423915863037 0.470677465200424 0.473931014537811 0.482292741537094 0.505979001522064 0.529665291309357 0.553351521492004 0.577037811279297 0.600724041461945 0.624410331249237 0.648096561431885 0.659485220909119 0.666774690151215 0.67406415939331
0.389651983976364 0.391202330589294 0.392752647399902 0.394460111856461 0.396638959646225 0.398817777633667 0.400996625423431 0.403175473213196 0.40535432100296 0.407533168792725 0.409712016582489 0.412710964679718 0.415983259677887 0.419255554676056 0.422527849674225 0.425800144672394 0.429072439670563 0.432344734668732 0.435357630252838 0.437592327594757 0.439827054738998 0.442061752080917 0.444296479225159 0.446531176567078 0.448765873908997 0.451000601053238 0.454678058624268 0.458836436271667 0.462994784116745 0.467153161764145 0.471311539411545 0.475469917058945 0.479628294706345 0.48857718706131 0.51189774274826 0.535218238830566 0.558538794517517 0.581859350204468 0.605179846286774 0.628500401973724 0.651820957660675 0.662593960762024 0.669184386730194 0.675774872303009
0.389352768659592 0.390961587429047 0.392570406198502 0.394328325986862 0.396533399820328 0.398738503456116 0.400943607091904 0.403148710727692 0.40535381436348 0.407558917999268 0.409764021635056 0.412934601306915 0.41642701625824 0.419919431209564 0.423411846160889 0.426904261112213 0.43039670586586 0.433889120817184 0.436996430158615 0.438948512077332 0.440900593996048 0.442852675914764 0.444804757833481 0.446756839752197 0.448708921670914 0.45066100358963 0.454946398735046 0.460009604692459 0.465072780847549 0.470135986804962 0.475199162960052 0.480262368917465 0.485325545072556 0.494861632585526 0.517816424369812 0.540771245956421 0.56372606754303 0.586680889129639 0.609635710716248 0.632590472698212 0.65554529428482 0.665702641010284 0.671594083309174 0.677485585212708
0.389053553342819 0.390720874071121 0.392388194799423 0.394196510314941 0.396427869796753 0.398659229278564 0.400890588760376 0.403121948242188 0.405353307723999 0.407584667205811 0.409816026687622 0.413158267736435 0.416870802640915 0.420583337545395 0.424295872449875 0.428008407354355 0.431720942258835 0.435433477163315 0.438635259866714 0.440304696559906 0.44197416305542 0.443643599748611 0.445313066244125 0.446982502937317 0.448651969432831 0.450321406126022 0.455214768648148 0.461182773113251 0.467150777578354 0.473118782043457 0.479086816310883 0.485054820775986 0.491022825241089 0.501146078109741 0.523735165596008 0.546324253082275 0.568913340568542 0.59150242805481 0.614091515541077 0.636680603027344 0.659269690513611 0.668811321258545 0.674003839492798 0.679196298122406
0.388754338026047 0.390480130910873 0.392205953598022 0.394064724445343 0.396322339773178 0.398579955101013 0.400837570428848 0.403095185756683 0.405352801084518 0.407610386610031 0.409868001937866 0.413381904363632 0.417314559221268 0.421247214078903 0.425179898738861 0.429112553596497 0.433045208454132 0.436977863311768 0.440274059772491 0.44166088104248 0.44304770231247 0.444434523582458 0.445821344852448 0.447208166122437 0.448594987392426 0.449981808662415 0.455483138561249 0.462355971336365 0.469228774309158 0.476101607084274 0.48297443985939 0.489847272634506 0.4967200756073 0.507430553436279 0.529653906822205 0.55187726020813 0.574100613594055 0.59632396697998 0.618547320365906 0.640770673751831 0.662994027137756 0.671920001506805 0.676413536071777 0.680907011032104
0.394840508699417 0.397294580936432 0.399748623371124 0.401876151561737 0.403023958206177 0.404171764850616 0.405319571495056 0.406467378139496 0.407615184783936 0.408762991428375 0.409910798072815 0.413209587335587 0.417225390672684 0.421241194009781 0.425256997346878 0.429272800683975 0.433288604021072 0.43730440735817 0.440970569849014 0.443587899208069 0.446205228567123 0.448822557926178 0.451439887285233 0.454057216644287 0.456674546003342 0.459291845560074 0.46550440788269 0.472915351390839 0.480326324701309 0.487737268209457 0.495148211717606 0.502559185028076 0.509970128536224 0.520712375640869 0.541448473930359 0.562184631824493 0.582920730113983 0.603656828403473 0.624392986297607 0.645129084587097 0.665865242481232 0.674025118350983 0.67799299955368 0.681960821151733
0.40731206536293 0.411164134740829 0.415016204118729 0.417630732059479 0.416532695293427 0.415434628725052 0.414336562156677 0.413238495588303 0.41214045882225 0.411042392253876 0.409944325685501 0.412641286849976 0.416603267192841 0.420565217733383 0.424527198076248 0.428489148616791 0.432451128959656 0.436413079500198 0.440724790096283 0.446085751056671 0.451446712017059 0.456807672977448 0.462168633937836 0.467529594898224 0.472890555858612 0.478251516819 0.485278576612473 0.492860972881317 0.500443339347839 0.508025765419006 0.515608131885529 0.523190557956696 0.530772984027863 0.540991604328156 0.559118986129761 0.577246367931366 0.595373690128326 0.613501071929932 0.631628453731537 0.649755835533142 0.667883217334747 0.675126671791077 0.678742170333862 0.682357668876648
