data/working_set_collections/6091692-Cassins_Sparrow-M2/1995/gwetroot_avg.asc
NCOLS 265 
NROWS 230 
XLLCORNER -115.5625 
YLLCORNER 24.8333333333333 
CELLSIZE 0.0833333333333333 
NODATA_value -9999 
[rows 60 to 79 of 230, columns 176 to 219 of 265]
0.396398723125458 0.396754562854767 0.397110432386398 0.397679805755615 0.398889690637589 0.400099605321884 0.401309490203857 0.402519404888153 0.403729289770126 0.404939204454422 0.406149089336395 0.407489061355591 0.40887239575386 0.41025573015213 0.4116390645504 0.413022398948669 0.414405733346939 0.415789037942886 0.417340874671936 0.419398248195648 0.42145562171936 0.42351296544075 0.425570338964462 0.427627712488174 0.429685056209564 0.431742429733276 0.432095468044281 0.431880354881287 0.431665271520615 0.431450188159943 0.431235104799271 0.431019991636276 0.430804908275604 0.431708514690399 0.43596813082695 0.440227746963501 0.444487392902374 0.448747009038925 0.453006654977798 0.457266271114349 0.4615258872509 0.465304374694824 0.468922466039658 0.472540557384491
0.395907014608383 0.396389782428741 0.3968725502491 0.397540897130966 0.398765951395035 0.399991005659103 0.401216059923172 0.402441114187241 0.403666168451309 0.404891192913055 0.406116247177124 0.40766903758049 0.40933108329773 0.410993099212646 0.412655115127563 0.414317160844803 0.41597917675972 0.417641222476959 0.419620990753174 0.422554016113281 0.425487011671066 0.428420037031174 0.431353062391281 0.434286057949066 0.437219083309174 0.440152108669281 0.439926952123642 0.438649088144302 0.437371253967285 0.436093389987946 0.434815526008606 0.433537662029266 0.432259798049927 0.432308197021484 0.436335414648056 0.440362602472305 0.444389820098877 0.448417037725449 0.452444225549698 0.45647144317627 0.460498631000519 0.46443521976471 0.468341588973999 0.472247928380966
0.395415306091309 0.396025002002716 0.396634697914124 0.39740201830864 0.398642212152481 0.399882405996323 0.401122599840164 0.402362823486328 0.40360301733017 0.404843211174011 0.406083405017853 0.407849013805389 0.409789741039276 0.411730468273163 0.41367119550705 0.415611922740936 0.417552649974823 0.41949337720871 0.421901077032089 0.425709754228592 0.429518431425095 0.433327108621597 0.437135756015778 0.44094443321228 0.444753110408783 0.448561757802963 0.447758466005325 0.445417821407318 0.443077206611633 0.440736562013626 0.438395947217941 0.436055302619934 0.433714687824249 0.432907909154892 0.436702698469162 0.44049745798111 0.44429224729538 0.44808703660965 0.45188182592392 0.45567661523819 0.459471374750137 0.463566064834595 0.467760682106018 0.471955329179764
0.394923627376556 0.395660221576691 0.396396815776825 0.39726310968399 0.398518472909927 0.399773836135864 0.401029169559479 0.402284532785416 0.40353986620903 0.404795229434967 0.406050562858582 0.408028990030289 0.410248398780823 0.412467837333679 0.414687275886536 0.41690668463707 0.419126123189926 0.42134553194046 0.424181193113327 0.428865522146225 0.433549821376801 0.438234150409698 0.442918479442596 0.447602808475494 0.45228710770607 0.456971436738968 0.455589979887009 0.452186584472656 0.448783159255981 0.445379763841629 0.441976368427277 0.438572973012924 0.435169577598572 0.433507591485977 0.437069952487946 0.440632313489914 0.444194674491882 0.447757035493851 0.451319396495819 0.454881757497787 0.458444118499756 0.46269690990448 0.46717980504036 0.471662700176239
0.394431918859482 0.395295441150665 0.396158963441849 0.397124230861664 0.398394733667374 0.399665236473083 0.400935739278793 0.402206242084503 0.403476744890213 0.404747247695923 0.406017750501633 0.408208966255188 0.410707086324692 0.413205206394196 0.415703326463699 0.418201446533203 0.420699566602707 0.423197716474533 0.426461279392242 0.432021260261536 0.437581241130829 0.443141222000122 0.448701202869415 0.454261153936386 0.459821134805679 0.465381115674973 0.46342146396637 0.458955317735672 0.454489141702652 0.450022965669632 0.445556789636612 0.441090613603592 0.436624437570572 0.434107303619385 0.437437236309052 0.440767168998718 0.444097131490707 0.447427064180374 0.450756996870041 0.454086929559708 0.457416862249374 0.461827725172043 0.466598898172379 0.471370071172714
0.393940210342407 0.39493066072464 0.395921111106873 0.396985352039337 0.39827099442482 0.399556636810303 0.400842279195786 0.402127951383591 0.403413593769073 0.404699236154556 0.405984908342361 0.408388912677765 0.411165744066238 0.413942575454712 0.416719406843185 0.419496208429337 0.42227303981781 0.425049871206284 0.42874139547348 0.435177028179169 0.441612660884857 0.448048263788223 0.454483896493912 0.4609195291996 0.467355161905289 0.473790764808655 0.471252977848053 0.465724050998688 0.460195094347 0.454666167497635 0.449137210845947 0.443608283996582 0.438079327344894 0.434707015752792 0.437804520130157 0.440902024507523 0.44399955868721 0.447097063064575 0.450194597244263 0.453292101621628 0.456389605998993 0.460958570241928 0.46601802110672 0.471077442169189
0.385949462652206 0.387006014585495 0.388062566518784 0.389360308647156 0.391381651163101 0.393402993679047 0.395424336194992 0.397445678710938 0.399467021226883 0.401488363742828 0.403509706258774 0.406743586063385 0.410381644964218 0.414019674062729 0.417657732963562 0.421295791864395 0.424933850765228 0.428571909666061 0.433072924613953 0.440162926912308 0.44725289940834 0.454342871904373 0.461432874202728 0.468522846698761 0.475612848997116 0.482702821493149 0.48009380698204 0.474251806735992 0.468409806489944 0.462567806243896 0.456725805997849 0.450883775949478 0.44504177570343 0.441350013017654 0.444108933210373 0.446867853403091 0.44962677359581 0.452385663986206 0.455144584178925 0.457903504371643 0.460662424564362 0.464701890945435 0.469168215990067 0.473634511232376
0.370459616184235 0.371521472930908 0.372583329677582 0.374249130487442 0.377726703882217 0.381204277276993 0.384681850671768 0.388159424066544 0.391637027263641 0.395114600658417 0.398592174053192 0.403272926807404 0.408354729413986 0.413436532020569 0.418518364429474 0.423600167036057 0.428681969642639 0.433763772249222 0.439455896615982 0.446978956460953 0.454502016305923 0.462025046348572 0.469548106193542 0.477071166038513 0.484594196081161 0.492117255926132 0.489943981170654 0.484538614749908 0.479133248329163 0.473727881908417 0.468322515487671 0.462917149066925 0.457511782646179 0.454036295413971 0.456350445747375 0.45866459608078 0.460978746414185 0.463292866945267 0.465607017278671 0.467921167612076 0.47023531794548 0.473057687282562 0.476049453020096 0.479041248559952
0.354969799518585 0.356036961078644 0.357104122638702 0.359137952327728 0.364071756601334 0.369005560874939 0.373939394950867 0.378873199224472 0.383807003498077 0.388740837574005 0.39367464184761 0.399802267551422 0.406327843666077 0.412853389978409 0.419378966093063 0.425904542207718 0.43243008852005 0.438955664634705 0.445838868618011 0.453794986009598 0.461751103401184 0.46970722079277 0.477663338184357 0.485619455575943 0.493575572967529 0.501531660556793 0.499794185161591 0.494825452566147 0.489856719970703 0.484887987375259 0.479919254779816 0.474950522184372 0.469981789588928 0.46672260761261 0.468591958284378 0.470461338758469 0.472330719232559 0.474200069904327 0.476069450378418 0.477938830852509 0.479808181524277 0.48141348361969 0.482930719852448 0.484447956085205
0.339479953050613 0.340552419424057 0.341624915599823 0.344026774168015 0.35041680932045 0.356806874275208 0.363196909427643 0.369586944580078 0.375977009534836 0.382367044687271 0.388757109642029 0.396331608295441 0.404300928115845 0.412270247936249 0.420239567756653 0.428208917379379 0.436178237199783 0.444147557020187 0.452221840620041 0.460611015558243 0.469000220298767 0.477389395236969 0.485778570175171 0.494167745113373 0.502556920051575 0.510946094989777 0.509644329547882 0.50511223077774 0.500580191612244 0.496048092842102 0.49151599407196 0.486983895301819 0.482451826334 0.479408890008926 0.480833500623703 0.482258081436157 0.483682692050934 0.485107272863388 0.486531883478165 0.487956464290619 0.489381074905396 0.489769250154495 0.489811986684799 0.489854693412781
0.323990136384964 0.325067907571793 0.326145678758621 0.328915596008301 0.336761862039566 0.344608157873154 0.352454423904419 0.360300719738007 0.368146985769272 0.37599328160286 0.383839577436447 0.392860949039459 0.402274042367935 0.411687105894089 0.421100199222565 0.430513292551041 0.439926356077194 0.44933944940567 0.45860481262207 0.46742707490921 0.476249307394028 0.485071569681168 0.493893802165985 0.502716064453125 0.511538326740265 0.52036052942276 0.519494533538818 0.515399098396301 0.511303603649139 0.507208168506622 0.503112733364105 0.499017268419266 0.494921833276749 0.492095202207565 0.493075013160706 0.494054824113846 0.495034664869308 0.496014475822449 0.496994316577911 0.497974127531052 0.498953938484192 0.498125046491623 0.496693253517151 0.495261430740356
0.308500289916992 0.309583395719528 0.310666471719742 0.313804417848587 0.323106914758682 0.3324094414711 0.341711968183517 0.351014465093613 0.36031699180603 0.369619518518448 0.378922015428543 0.389390289783478 0.400247126817703 0.411103963851929 0.421960800886154 0.43281763792038 0.443674474954605 0.454531341791153 0.4649877846241 0.474243104457855 0.483498424291611 0.492753714323044 0.502009034156799 0.511264324188232 0.52051967382431 0.529774963855743 0.52934467792511 0.525685906410217 0.52202707529068 0.518368244171143 0.51470947265625 0.511050641536713 0.507391810417175 0.504781484603882 0.50531655550003 0.505851566791534 0.506386637687683 0.506921708583832 0.507456719875336 0.507991790771484 0.508526802062988 0.506480813026428 0.50357449054718 0.500668168067932
0.306096762418747 0.307173043489456 0.308249294757843 0.311436295509338 0.320955395698547 0.330474525690079 0.339993625879288 0.349512726068497 0.359031856060028 0.368550956249237 0.378070086240768 0.388762652873993 0.399846404790878 0.410930156707764 0.422013908624649 0.433097660541534 0.444181382656097 0.455265134572983 0.465883910655975 0.475107699632645 0.484331518411636 0.493555337190628 0.502779126167297 0.512002944946289 0.521226763725281 0.530450582504272 0.530283868312836 0.526986956596375 0.523690044879913 0.520393192768097 0.517096281051636 0.513799369335175 0.510502517223358 0.508166968822479 0.508715689182281 0.509264349937439 0.509813010692596 0.510361731052399 0.510910391807556 0.511459052562714 0.512007713317871 0.509653091430664 0.506330668926239 0.503008246421814
0.316779494285583 0.317836850881577 0.31889420747757 0.321811228990555 0.330307304859161 0.338803350925446 0.347299426794052 0.355795502662659 0.364291548728943 0.372787624597549 0.381283700466156 0.390978068113327 0.40107187628746 0.411165684461594 0.421259462833405 0.431353271007538 0.441447079181671 0.451540887355804 0.461293160915375 0.470020890235901 0.478748649358749 0.487476378679276 0.496204107999802 0.50493186712265 0.513659596443176 0.522387325763702 0.522311985492706 0.519302308559418 0.516292572021484 0.513282895088196 0.510273158550262 0.507263481616974 0.504253804683685 0.50225168466568 0.503272414207458 0.504293143749237 0.505313813686371 0.506334543228149 0.507355272769928 0.508375942707062 0.50939667224884 0.507641851902008 0.504961788654327 0.502281785011292
0.327462255954742 0.328500688076019 0.329539120197296 0.332186192274094 0.339659184217453 0.347132205963135 0.354605227708817 0.362078249454498 0.36955127120018 0.377024292945862 0.384497314691544 0.393193453550339 0.40229731798172 0.411401182413101 0.420505046844482 0.429608911275864 0.438712775707245 0.447816610336304 0.456702440977097 0.464934080839157 0.47316575050354 0.481397420167923 0.489629089832306 0.497860729694366 0.506092429161072 0.514324069023132 0.514340102672577 0.511617600917816 0.508895099163055 0.506172597408295 0.503450095653534 0.500727593898773 0.498005092144012 0.496336400508881 0.497829139232635 0.49932187795639 0.500814616680145 0.5023073554039 0.503800094127655 0.50529283285141 0.50678563117981 0.505630552768707 0.503592908382416 0.501555263996124
0.338145017623901 0.33916449546814 0.3401840031147 0.34256112575531 0.349011093378067 0.355461061000824 0.361911058425903 0.36836102604866 0.374810993671417 0.381260961294174 0.387710928916931 0.395408868789673 0.403522789478302 0.411636710166931 0.41975063085556 0.427864521741867 0.435978442430496 0.444092363119125 0.452111691236496 0.459847271442413 0.467582881450653 0.47531846165657 0.483054041862488 0.490789651870728 0.498525232076645 0.506260812282562 0.506368219852448 0.503932952880859 0.501497626304626 0.499062299728394 0.496627002954483 0.494191706180573 0.49175637960434 0.490421116352081 0.492385894060135 0.494350671768188 0.49631541967392 0.498280197381973 0.500244975090027 0.502209782600403 0.504174530506134 0.503619253635406 0.502224028110504 0.500828742980957
0.348827749490738 0.349828332662582 0.350828915834427 0.352936059236526 0.358363002538681 0.363789916038513 0.369216859340668 0.3746437728405 0.380070716142654 0.385497629642487 0.390924572944641 0.397624284029007 0.404748231172562 0.411872208118439 0.418996185064316 0.426120162010193 0.43324413895607 0.440368115901947 0.447520971298218 0.45476046204567 0.461999982595444 0.469239503145218 0.476479023694992 0.483718544244766 0.490958034992218 0.498197555541992 0.49839636683464 0.496248245239258 0.494100153446198 0.491952031850815 0.489803910255432 0.487655818462372 0.485507696866989 0.48450580239296 0.486942619085312 0.489379435777664 0.491816252470016 0.494253039360046 0.496689856052399 0.499126672744751 0.501563489437103 0.50160801410675 0.500855147838593 0.50010222196579
0.359510511159897 0.360492140054703 0.361473798751831 0.363311022520065 0.367714911699295 0.372118771076202 0.376522660255432 0.380926549434662 0.385330408811569 0.389734297990799 0.394138187170029 0.399839669466019 0.405973702669144 0.412107735872269 0.418241769075394 0.424375802278519 0.430509805679321 0.436643838882446 0.442930221557617 0.449673652648926 0.456417113542557 0.463160544633865 0.469903975725174 0.476647436618805 0.483390867710114 0.490134298801422 0.490424484014511 0.488563567399979 0.486702650785446 0.484841734170914 0.482980817556381 0.481119900941849 0.479258984327316 0.47859051823616 0.481499373912811 0.48440819978714 0.487317055463791 0.49022588133812 0.49313473701477 0.496043562889099 0.498952388763428 0.499596744775772 0.499486237764359 0.499375730752945
0.367046356201172 0.367989629507065 0.368932902812958 0.370583653450012 0.374356836080551 0.37813001871109 0.381903201341629 0.385676383972168 0.389449596405029 0.393222779035568 0.396995961666107 0.40207850933075 0.407597541809082 0.413116574287415 0.418635576963425 0.424154609441757 0.42967364192009 0.4351926445961 0.440871328115463 0.447028994560242 0.45318666100502 0.459344297647476 0.465501964092255 0.471659630537033 0.477817296981812 0.483974933624268 0.484281480312347 0.482637614011765 0.480993747711182 0.479349911212921 0.477706044912338 0.476062178611755 0.474418342113495 0.47397992014885 0.477157860994339 0.480335772037506 0.483513712882996 0.486691653728485 0.489869564771652 0.493047505617142 0.496225416660309 0.497274190187454 0.497613221406937 0.497952282428741
0.371435344219208 0.372320771217346 0.373206198215485 0.37475398182869 0.378288835287094 0.381823658943176 0.385358512401581 0.388893336057663 0.392428189516068 0.395963042974472 0.399497866630554 0.404340803623199 0.409619748592377 0.414898693561554 0.420177668333054 0.425456613302231 0.430735558271408 0.436014533042908 0.441344290971756 0.446826457977295 0.452308624982834 0.457790791988373 0.463272958993912 0.468755125999451 0.47423729300499 0.479719460010529 0.479967296123505 0.478470355272293 0.476973444223404 0.475476503372192 0.473979562520981 0.472482621669769 0.47098571062088 0.47067403793335 0.473918110132217 0.477162182331085 0.480406254529953 0.483650326728821 0.486894398927689 0.490138471126556 0.493382543325424 0.494640350341797 0.495236098766327 0.495831847190857
