data/working_set_collections/6091692-Cassins_Sparrow-M2/1995/gwetroot_avg.asc
NCOLS 265 
NROWS 230 
XLLCORNER -115.5625 
YLLCORNER 24.8333333333333 
CELLSIZE 0.0833333333333333 
NODATA_value -9999 
[rows 180 to 199 of 230, columns 176 to 219 of 265]
0.577381789684296 0.591148257255554 0.604914665222168 0.615600168704987 0.617042779922485 0.618485391139984 0.619928002357483 0.621370613574982 0.62281322479248 0.624255836009979 0.625698387622833 0.627024471759796 0.628311693668365 0.62959885597229 0.630886077880859 0.632173299789429 0.633460521697998 0.634747684001923 0.633765757083893 0.625976502895355 0.618187189102173 0.61039787530899 0.602608621120453 0.59481930732727 0.587029993534088 0.57924073934555 0.581412136554718 0.586903870105743 0.592395544052124 0.597887217998505 0.60337895154953 0.608870625495911 0.614362299442291 0.619840681552887 0.625279247760773 0.630717754364014 0.636156260967255 0.64159482717514 0.647033333778381 0.652471840381622 0.657910406589508 0.663132131099701 0.668281674385071 0.673431217670441
0.572053551673889 0.585342288017273 0.598631024360657 0.60918390750885 0.611529231071472 0.61387449502945 0.616219818592072 0.618565142154694 0.620910406112671 0.623255729675293 0.625601053237915 0.62712150812149 0.628367006778717 0.629612505435944 0.63085800409317 0.632103502750397 0.633349061012268 0.634594559669495 0.633934855461121 0.627559423446655 0.62118399143219 0.614808619022369 0.608433187007904 0.602057754993439 0.595682382583618 0.589306950569153 0.589418947696686 0.591693460941315 0.593967974185944 0.596242487430573 0.598516941070557 0.600791454315186 0.603065967559814 0.606072962284088 0.61127758026123 0.616482198238373 0.621686816215515 0.626891434192657 0.6320960521698 0.637300670146942 0.642505288124084 0.649267792701721 0.656549632549286 0.663831412792206
0.566725313663483 0.579536378383636 0.592347383499146 0.602767646312714 0.606015682220459 0.60926365852356 0.61251163482666 0.615759670734406 0.619007647037506 0.622255623340607 0.625503659248352 0.62721848487854 0.628422319889069 0.629626154899597 0.630829930305481 0.63203376531601 0.633237600326538 0.634441375732422 0.634103894233704 0.629142343997955 0.624180853366852 0.619219303131104 0.614257752895355 0.609296262264252 0.604334712028503 0.599373161792755 0.597425758838654 0.596483111381531 0.595540404319763 0.594597697257996 0.593654990196228 0.592712342739105 0.591769635677338 0.592305302619934 0.597275972366333 0.602246701717377 0.607217371463776 0.612188100814819 0.617158830165863 0.622129499912262 0.627100229263306 0.635403454303741 0.644817531108856 0.654231667518616
0.561397135257721 0.573730409145355 0.586063742637634 0.596351385116577 0.600502073764801 0.604652762413025 0.608803451061249 0.612954199314117 0.617104887962341 0.621255576610565 0.625406265258789 0.627315521240234 0.62847763299942 0.629639744758606 0.630801916122437 0.631964027881622 0.633126139640808 0.634288251399994 0.634272933006287 0.630725264549255 0.627177655696869 0.623629987239838 0.620082378387451 0.61653470993042 0.612987041473389 0.609439432621002 0.605432569980621 0.601272702217102 0.597112834453583 0.592952907085419 0.588793039321899 0.58463317155838 0.580473303794861 0.578537583351135 0.583274364471436 0.588011145591736 0.592747986316681 0.597484767436981 0.602221548557281 0.606958329677582 0.611695170402527 0.621539115905762 0.633085489273071 0.644631862640381
0.556068897247314 0.567924499511719 0.579780101776123 0.589935123920441 0.594988524913788 0.600041925907135 0.605095326900482 0.610148727893829 0.615202069282532 0.620255470275879 0.625308871269226 0.627412557601929 0.628532946109772 0.62965339422226 0.630773842334747 0.63189423084259 0.633014678955078 0.634135127067566 0.63444197177887 0.6323082447052 0.630174458026886 0.628040730953217 0.625906944274902 0.623773157596588 0.621639430522919 0.619505643844604 0.613439381122589 0.606062352657318 0.598685264587402 0.591308176517487 0.583931088447571 0.576554000377655 0.569176912307739 0.564769864082336 0.569272756576538 0.57377564907074 0.578278541564941 0.582781434059143 0.587284326553345 0.591787219047546 0.596290111541748 0.607674777507782 0.621353447437286 0.635032057762146
0.550740659236908 0.562118589878082 0.573496460914612 0.583518862724304 0.589474976062775 0.5954310297966 0.601387143135071 0.607343196868896 0.613299310207367 0.619255423545837 0.625211477279663 0.627509534358978 0.628588318824768 0.629667043685913 0.630745768547058 0.631824493408203 0.632903218269348 0.633981943130493 0.634611070156097 0.6338911652565 0.633171260356903 0.632451415061951 0.631731510162354 0.631011664867401 0.630291759967804 0.629571914672852 0.621446192264557 0.610851943492889 0.600257694721222 0.58966338634491 0.579069137573242 0.568474888801575 0.557880580425262 0.551002144813538 0.555271089076996 0.559540092945099 0.563809096813202 0.56807804107666 0.572347044944763 0.576616048812866 0.580884993076324 0.593810439109802 0.609621345996857 0.625432252883911
0.543546617031097 0.554139196872711 0.56473183631897 0.574413955211639 0.581364572048187 0.588315188884735 0.595265805721283 0.602216422557831 0.609167098999023 0.616117715835571 0.623068332672119 0.625748097896576 0.627004206180573 0.628260374069214 0.629516541957855 0.630772650241852 0.632028818130493 0.63328492641449 0.634064078330994 0.633412063121796 0.632760047912598 0.6321080327034 0.631456017494202 0.630804061889648 0.63015204668045 0.629500031471252 0.620547652244568 0.608828544616699 0.597109377384186 0.585390269756317 0.573671102523804 0.56195193529129 0.550232827663422 0.542753994464874 0.547996044158936 0.553238153457642 0.558480262756348 0.563722312450409 0.568964421749115 0.574206471443176 0.579448580741882 0.593050420284271 0.609438896179199 0.625827372074127
0.534486651420593 0.543986439704895 0.553486227989197 0.562620341777802 0.570657312870026 0.578694343566895 0.586731374263763 0.594768345355988 0.602805376052856 0.610842347145081 0.61887937784195 0.622128129005432 0.623780786991119 0.625433444976807 0.627086102962494 0.628738760948181 0.630391418933868 0.632044076919556 0.632801055908203 0.630870878696442 0.628940761089325 0.627010643482208 0.625080466270447 0.62315034866333 0.621220231056213 0.619290053844452 0.610743761062622 0.599992096424103 0.589240372180939 0.578488707542419 0.567736983299255 0.556985318660736 0.546233594417572 0.540025413036346 0.547447562217712 0.554869771003723 0.562291979789734 0.569714188575745 0.577136397361755 0.584558546543121 0.591980755329132 0.605394780635834 0.620806038379669 0.636217355728149
0.525426745414734 0.533833682537079 0.542240679264069 0.550826728343964 0.559950113296509 0.569073498249054 0.578196883201599 0.587320268154144 0.59644365310669 0.605567038059235 0.61469042301178 0.618508160114288 0.620557367801666 0.622606515884399 0.624655663967133 0.62670487165451 0.628754019737244 0.630803227424622 0.631538033485413 0.628329753875732 0.625121474266052 0.621913194656372 0.618704915046692 0.615496635437012 0.612288415431976 0.609080135822296 0.600939869880676 0.591155648231506 0.581371366977692 0.571587145328522 0.561802923679352 0.552018642425537 0.542234420776367 0.537296831607819 0.546899139881134 0.556501448154449 0.566103756427765 0.57570606470108 0.585308372974396 0.594910681247711 0.604512989521027 0.617739140987396 0.632173180580139 0.646607279777527
0.51636677980423 0.523680925369263 0.530995070934296 0.539033114910126 0.549242913722992 0.559452652931213 0.56966245174408 0.579872190952301 0.590081989765167 0.600291728973389 0.610501527786255 0.614888191223145 0.617333889007568 0.619779586791992 0.622225284576416 0.624670922756195 0.627116620540619 0.629562318325043 0.630275011062622 0.625788569450378 0.62130218744278 0.616815805435181 0.612329363822937 0.607842981815338 0.603356540203094 0.598870158195496 0.59113597869873 0.58231920003891 0.573502361774445 0.564685583114624 0.555868804454803 0.547052025794983 0.538235187530518 0.534568190574646 0.546350657939911 0.558133065700531 0.569915473461151 0.581697881221771 0.593480348587036 0.605262756347656 0.617045164108276 0.630083441734314 0.643540382385254 0.656997263431549
0.50730687379837 0.513528168201447 0.519749462604523 0.527239501476288 0.53853565454483 0.549831807613373 0.561127960681915 0.572424113750458 0.583720266819 0.595016419887543 0.606312572956085 0.611268222332001 0.614110469818115 0.616952657699585 0.619794845581055 0.622637033462524 0.625479221343994 0.628321468830109 0.629011988639832 0.623247444629669 0.617482900619507 0.611718356609344 0.605953812599182 0.60018926858902 0.594424724578857 0.588660180568695 0.581332087516785 0.573482751846313 0.565633356571198 0.557784020900726 0.549934685230255 0.542085349559784 0.534236013889313 0.531839609146118 0.545802175998688 0.559764683246613 0.573727250099182 0.587689757347107 0.601652324199677 0.615614831447601 0.629577398300171 0.642427802085876 0.654907524585724 0.667387247085571
0.498246908187866 0.50337541103363 0.508503913879395 0.51544588804245 0.527828454971313 0.540210962295532 0.552593469619751 0.564976036548615 0.577358543872833 0.589741110801697 0.602123618125916 0.607648313045502 0.610886991024017 0.614125728607178 0.617364406585693 0.620603144168854 0.623841881752014 0.62708055973053 0.627748906612396 0.620706260204315 0.613663613796234 0.606620907783508 0.599578261375427 0.592535614967346 0.58549290895462 0.578450262546539 0.571528136730194 0.564646244049072 0.55776435136795 0.550882458686829 0.544000566005707 0.537118673324585 0.530236780643463 0.52911102771759 0.545253694057465 0.561396360397339 0.577538967132568 0.593681633472443 0.609824299812317 0.625966906547546 0.642109572887421 0.654772162437439 0.666274666786194 0.677777171134949
0.488358587026596 0.491978049278259 0.4955974817276 0.501399457454681 0.513749063014984 0.526098608970642 0.538448214530945 0.550797760486603 0.563147306442261 0.575496912002563 0.587846457958221 0.594408273696899 0.599040746688843 0.603673279285431 0.608305811882019 0.612938284873962 0.61757081747055 0.622203350067139 0.623842179775238 0.616499841213226 0.609157562255859 0.601815223693848 0.594472944736481 0.587130606174469 0.579788327217102 0.57244598865509 0.565992951393127 0.559836387634277 0.553679823875427 0.547523200511932 0.541366636753082 0.535210072994232 0.529053449630737 0.528664231300354 0.545577108860016 0.562489926815033 0.57940274477005 0.596315622329712 0.613228440284729 0.630141258239746 0.647054135799408 0.658886671066284 0.669025719165802 0.679164826869965
0.477641850709915 0.479336053133011 0.481030255556107 0.485100239515305 0.496297508478165 0.507494747638702 0.518692016601562 0.529889285564423 0.541086554527283 0.552283823490143 0.563481092453003 0.571548104286194 0.578571736812592 0.585595369338989 0.592618942260742 0.59964257478714 0.606666147708893 0.61368978023529 0.617291629314423 0.610628187656403 0.603964686393738 0.597301244735718 0.590637803077698 0.583974361419678 0.577310919761658 0.570647418498993 0.564726531505585 0.559053122997284 0.553379654884338 0.547706246376038 0.542032837867737 0.536359429359436 0.530686020851135 0.530499219894409 0.546772360801697 0.56304544210434 0.579318583011627 0.59559166431427 0.611864805221558 0.6281378865242 0.644411027431488 0.654771327972412 0.663160741329193 0.671550154685974
0.466925144195557 0.466694086790085 0.466463029384613 0.468800991773605 0.478845953941345 0.488890916109085 0.498935878276825 0.508980870246887 0.519025802612305 0.529070794582367 0.539115726947784 0.548687994480133 0.55810272693634 0.567517399787903 0.57693213224411 0.586346805095673 0.59576153755188 0.605176210403442 0.610741078853607 0.604756474494934 0.598771870136261 0.592787265777588 0.586802661418915 0.580818057060242 0.574833452701569 0.568848848342896 0.563460052013397 0.558269798755646 0.553079545497894 0.547889292240143 0.542699038982391 0.53750878572464 0.532318532466888 0.532334208488464 0.547967612743378 0.563600957393646 0.57923436164856 0.594867765903473 0.610501110553741 0.626134514808655 0.641767919063568 0.650656044483185 0.657295763492584 -9999
0.456208437681198 0.454052120447159 0.45189580321312 0.452501744031906 0.461394399404526 0.470287084579468 0.479179739952087 0.488072395324707 0.496965050697327 0.505857706069946 0.514750361442566 0.525827884674072 0.537633657455444 0.549439489841461 0.561245262622833 0.573051035404205 0.584856867790222 0.596662640571594 0.604190587997437 0.59888482093811 0.593579053878784 0.588273286819458 0.582967579364777 0.57766181230545 0.572356045246124 0.567050337791443 0.56219357252121 0.557486474514008 0.55277943611145 0.548072338104248 0.543365240097046 0.538658201694489 0.533951103687286 0.53416919708252 0.549162864685059 0.564156532287598 0.579150140285492 0.594143807888031 0.60913747549057 0.624131143093109 0.639124751091003 0.646540701389313 0.651430785655975 -9999
0.44549173116684 0.441410154104233 0.437328577041626 0.436202496290207 0.443942874670029 0.451683223247528 0.459423571825027 0.467163950204849 0.474904298782349 0.482644647359848 0.490384995937347 0.502967774868011 0.517164647579193 0.531361520290375 0.545558452606201 0.559755325317383 0.573952198028564 0.588149070739746 0.597640037536621 0.593013107776642 0.588386237621307 0.583759367465973 0.579132437705994 0.574505567550659 0.56987863779068 0.565251767635345 0.560927093029022 0.556703209877014 0.552479267120361 0.548255383968353 0.5440314412117 0.539807558059692 0.53558361530304 0.536004185676575 0.55035811662674 0.564712047576904 0.579065978527069 0.593419909477234 0.607773780822754 0.622127711772919 0.636481642723083 0.642425417900085 0.645565748214722 -9999
0.434775024652481 0.428768187761307 0.422761350870132 0.419903248548508 0.426491320133209 0.433079361915588 0.43966743350029 0.446255475282669 0.452843546867371 0.45943158864975 0.466019630432129 0.480107635259628 0.496695637702942 0.513283610343933 0.529871582984924 0.546459555625916 0.563047528266907 0.579635500907898 0.591089487075806 0.587141454219818 0.583193421363831 0.579245388507843 0.575297355651855 0.571349263191223 0.567401230335236 0.563453197479248 0.559660613536835 0.555919885635376 0.552179157733917 0.548438429832458 0.544697642326355 0.540956914424896 0.537216186523438 0.53783917427063 0.55155336856842 0.565267562866211 0.578981757164001 0.592695951461792 0.606410145759583 0.620124340057373 0.633838534355164 0.638310074806213 0.639700770378113 -9999
0.43051415681839 0.423659533262253 0.416804909706116 0.41294327378273 0.418060570955276 0.423177868127823 0.428295195102692 0.433412492275238 0.438529789447784 0.443647116422653 0.4487644135952 0.463633716106415 0.481753677129745 0.499873638153076 0.517993628978729 0.536113560199738 0.554233551025391 0.572353482246399 0.584853649139404 0.580494403839111 0.576135158538818 0.571775913238525 0.567416608333588 0.563057363033295 0.558698117733002 0.554338872432709 0.54944908618927 0.544382512569427 0.53931587934494 0.534249305725098 0.52918267250061 0.524116039276123 0.51904946565628 0.518470287322998 0.531353414058685 0.544236540794373 0.55711966753006 0.570002734661102 0.58288586139679 0.595768988132477 0.608652114868164 0.614510834217072 0.618028163909912 0.621545433998108
0.432709187269211 0.426084190607071 0.419459223747253 0.415322512388229 0.41865062713623 0.421978741884232 0.425306856632233 0.428634971380234 0.431963086128235 0.435291200876236 0.438619315624237 0.453545957803726 0.472338825464249 0.491131663322449 0.509924530982971 0.528717339038849 0.547510206699371 0.566303074359894 0.578932523727417 0.573072016239166 0.567211449146271 0.561350882053375 0.555490374565125 0.549629807472229 0.543769299983978 0.537908732891083 0.530292451381683 0.522090971469879 0.513889491558075 0.505688011646271 0.497486501932144 0.489284992218018 0.481083482503891 0.477897554636002 0.489758223295212 0.501618921756744 0.513479590415955 0.525340259075165 0.53720098733902 0.54906165599823 0.56092232465744 0.571027636528015 0.580547869205475 -9999
