data/working_set_collections/6091692-Cassins_Sparrow-M2/1995/gwetroot_avg.asc
NCOLS 265 
NROWS 230 
XLLCORNER -115.5625 
YLLCORNER 24.8333333333333 
CELLSIZE 0.0833333333333333 
NODATA_value -9999 
[rows 140 to 159 of 230, columns 220 to 263 of 265]
0.679225087165833 0.682008504867554 0.68479198217392 0.687575459480286 0.688016593456268 0.681430757045746 0.674844980239868 0.668259143829346 0.661673367023468 0.655087530612946 0.648501753807068 0.641915917396545 0.640837252140045 0.641594290733337 0.642351269721985 0.643108308315277 0.643865346908569 0.644622325897217 0.645379364490509 0.646146416664124 0.646943509578705 0.647740542888641 0.648537635803223 0.649334728717804 0.650131821632385 0.650928914546967 0.651725947856903 0.654334425926208 0.657546699047089 0.660758972167969 0.663971185684204 0.667183458805084 0.670395731925964 0.673608005046844 0.675178229808807 0.671822309494019 0.66846638917923 0.665110468864441 0.661754548549652 0.658398628234863 0.655042707920074 0.651686787605286 0.654405474662781 0.659149050712585
0.677995681762695 0.680754065513611 0.683512508869171 0.686270892620087 0.686656475067139 0.679923415184021 0.673190355300903 0.666457295417786 0.659724295139313 0.652991235256195 0.646258175373077 0.63952511548996 0.638630628585815 0.639682233333588 0.640733897686005 0.641785562038422 0.642837226390839 0.643888890743256 0.644940555095673 0.645935833454132 0.646762013435364 0.647588193416595 0.648414373397827 0.649240612983704 0.650066792964935 0.650892972946167 0.651719152927399 0.654395401477814 0.657688319683075 0.660981237888336 0.664274215698242 0.667567133903503 0.670860052108765 0.674152970314026 0.675766348838806 0.672341048717499 0.668915688991547 0.665490388870239 0.662065029144287 0.65863972902298 0.655214428901672 0.65178906917572 0.654156267642975 0.658454239368439
0.676766276359558 0.679499626159668 0.682233035564423 0.684966385364532 0.685296356678009 0.678416073322296 0.671535789966583 0.66465550661087 0.657775163650513 0.6508948802948 0.644014596939087 0.637134313583374 0.636423945426941 0.637770235538483 0.639116525650024 0.640462815761566 0.641809105873108 0.64315539598465 0.644501686096191 0.645725250244141 0.646580517292023 0.64743584394455 0.648291170597076 0.649146437644958 0.650001764297485 0.650857031345367 0.651712357997894 0.654456377029419 0.657829999923706 0.661203563213348 0.664577186107635 0.667950749397278 0.671324372291565 0.674697995185852 0.676354467868805 0.672859787940979 0.669365048408508 0.665870308876038 0.662375569343567 0.658880829811096 0.65538614988327 0.6518914103508 0.653907060623169 0.657759487628937
0.675536870956421 0.678245186805725 0.680953502655029 0.683661878108978 0.683936238288879 0.676908731460571 0.669881165027618 0.66285365819931 0.655826091766357 0.648798584938049 0.641771018505096 0.634743511676788 0.634217321872711 0.635858237743378 0.637499153614044 0.639140069484711 0.640781044960022 0.642421960830688 0.644062876701355 0.645514667034149 0.646399080753326 0.647283494472504 0.648167908191681 0.649052321910858 0.649936735630035 0.650821149349213 0.65170556306839 0.654517352581024 0.657971620559692 0.661425888538361 0.664880156517029 0.668334424495697 0.671788692474365 0.675242960453033 0.676942646503448 0.673378527164459 0.669814348220825 0.666250228881836 0.662686109542847 0.659121990203857 0.655557870864868 0.651993691921234 0.653657853603363 0.657064735889435
0.672151565551758 0.674052655696869 0.675953805446625 0.677854895591736 0.677683413028717 0.671294093132019 0.664904832839966 0.658515512943268 0.65212619304657 0.645736873149872 0.639347553253174 0.632958292961121 0.632717490196228 0.634526252746582 0.636335015296936 0.63814377784729 0.639952540397644 0.641761243343353 0.643570005893707 0.645183324813843 0.646210312843323 0.647237300872803 0.648264288902283 0.649291276931763 0.650318264961243 0.651345252990723 0.652372181415558 0.65523499250412 0.658709704875946 0.662184357643127 0.665659070014954 0.66913378238678 0.672608494758606 0.676083147525787 0.677905261516571 0.674769639968872 0.671634018421173 0.668498337268829 0.66536271572113 0.662227094173431 0.659091472625732 0.655955791473389 0.657091677188873 0.659651398658752
0.666610419750214 0.666922092437744 0.667233824729919 0.66754549741745 0.666537880897522 0.661572277545929 0.656606674194336 0.651641070842743 0.64667546749115 0.641709804534912 0.636744201183319 0.631778597831726 0.631924510002136 0.633774280548096 0.635624051094055 0.637473821640015 0.639323592185974 0.641173362731934 0.643023133277893 0.644731223583221 0.646014273166656 0.647297263145447 0.648580312728882 0.649863302707672 0.651146352291107 0.652429342269897 0.653712332248688 0.656609296798706 0.660044133663177 0.663479030132294 0.66691392660141 0.670348823070526 0.673783719539642 0.677218616008759 0.679242432117462 0.677033185958862 0.674823939800262 0.672614693641663 0.670405447483063 0.668196201324463 0.665986955165863 0.663777709007263 0.6642085313797 0.66551947593689
0.661069273948669 0.659791529178619 0.658513844013214 0.657236099243164 0.655392348766327 0.651850461959839 0.648308515548706 0.644766628742218 0.641224682331085 0.637682795524597 0.634140849113464 0.630598902702332 0.631131529808044 0.633022308349609 0.634913146495819 0.636803925037384 0.638694703578949 0.640585482120514 0.642476320266724 0.644279181957245 0.64581823348999 0.647357285022736 0.648896276950836 0.650435328483582 0.651974380016327 0.653513431549072 0.655052483081818 0.657983601093292 0.661378622055054 0.66477370262146 0.668168783187866 0.671563863754272 0.674958944320679 0.678354024887085 0.680579602718353 0.679296731948853 0.678013861179352 0.676730990409851 0.675448179244995 0.674165308475494 0.672882437705994 0.671599566936493 0.671325445175171 0.671387493610382
0.65552806854248 0.652660965919495 0.649793863296509 0.646926760673523 0.644246816635132 0.642128586769104 0.640010416507721 0.637892186641693 0.635773956775665 0.633655726909637 0.63153749704361 0.629419267177582 0.630338549613953 0.632270395755768 0.634202182292938 0.636134028434753 0.638065814971924 0.639997601509094 0.641929447650909 0.643827080726624 0.645622134208679 0.64741724729538 0.649212300777435 0.651007413864136 0.652802467346191 0.654597580432892 0.656392633914948 0.659357845783234 0.66271311044693 0.666068375110626 0.669423639774323 0.672778904438019 0.676134169101715 0.679489433765411 0.681916773319244 0.681560277938843 0.681203842163086 0.680847346782684 0.680490851402283 0.680134356021881 0.679777920246124 0.679421424865723 0.678442299365997 0.677255570888519
0.649986922740936 0.64553040266037 0.641073882579803 0.636617362499237 0.633101284503937 0.632406771183014 0.631712257862091 0.631017744541168 0.630323171615601 0.629628658294678 0.628934144973755 0.628239572048187 0.629545569419861 0.631518423557281 0.633491218090057 0.635464072227478 0.637436926364899 0.639409720897675 0.641382575035095 0.643374979496002 0.645426094532013 0.647477209568024 0.649528324604034 0.651579439640045 0.653630554676056 0.655681669712067 0.657732784748077 0.66073215007782 0.664047598838806 0.667363047599792 0.670678496360779 0.673993945121765 0.677309393882751 0.680624842643738 0.683253943920135 0.683823823928833 0.684393763542175 0.684963643550873 0.685533583164215 0.686103463172913 0.686673402786255 0.687243282794952 0.685559153556824 0.683123648166656
0.644445776939392 0.638399839401245 0.632353901863098 0.626307964324951 0.621955752372742 0.622684955596924 0.623414099216461 0.624143242835999 0.624872446060181 0.625601589679718 0.626330733299255 0.627059936523438 0.628752589225769 0.630766451358795 0.632780313491821 0.634794175624847 0.636808037757874 0.638821840286255 0.640835702419281 0.642922878265381 0.645230054855347 0.647537171840668 0.649844348430634 0.652151465415955 0.65445864200592 0.656765818595886 0.659072935581207 0.662106454372406 0.665382087230682 0.668657720088959 0.671933352947235 0.675209045410156 0.678484678268433 0.681760311126709 0.684591114521027 0.686087369918823 0.687583684921265 0.689079999923706 0.690576314926147 0.692072570323944 0.693568885326385 0.695065200328827 0.69267600774765 0.688991725444794
0.639998853206635 0.632840037345886 0.625681281089783 0.618522465229034 0.613618493080139 0.615478754043579 0.617339015007019 0.619199335575104 0.621059596538544 0.622919917106628 0.624780178070068 0.626640439033508 0.628702223300934 0.630831122398376 0.632960021495819 0.635088920593262 0.637217879295349 0.639346778392792 0.641475677490234 0.643661558628082 0.646018207073212 0.648374915122986 0.65073162317276 0.653088331222534 0.655445039272308 0.657801687717438 0.660158395767212 0.663171887397766 0.66640430688858 0.669636726379395 0.672869086265564 0.676101505756378 0.679333925247192 0.682566344738007 0.685593485832214 0.688004910945892 0.69041633605957 0.692827761173248 0.695239186286926 0.697650611400604 0.700061976909637 0.702473402023315 0.700216829776764 0.696404218673706
0.636646091938019 0.628851056098938 0.621056020259857 0.613260984420776 0.60808938741684 0.610788226127625 0.613487064838409 0.616185903549194 0.618884682655334 0.621583521366119 0.624282360076904 0.626981198787689 0.62939441204071 0.631712436676025 0.634030401706696 0.63634842634201 0.638666450977325 0.64098447561264 0.643302500247955 0.645590901374817 0.647790670394897 0.649990439414978 0.652190208435059 0.654389917850494 0.656589686870575 0.658789455890656 0.660989224910736 0.6639284491539 0.667114198207855 0.67029994726181 0.673485696315765 0.67667144536972 0.67985725402832 0.683043003082275 0.686261117458344 0.689576387405396 0.692891657352448 0.6962069272995 0.699522197246552 0.702837467193604 0.706152737140656 0.709468007087708 0.70818156003952 0.705361187458038
0.633293390274048 0.62486207485199 0.616430759429932 0.607999444007874 0.602560341358185 0.60609769821167 0.609635055065155 0.61317241191864 0.61670982837677 0.620247185230255 0.62378454208374 0.627321898937225 0.630086600780487 0.63259369134903 0.635100841522217 0.637607932090759 0.640115022659302 0.642622172832489 0.645129263401031 0.647520303726196 0.649563133716583 0.65160596370697 0.653648734092712 0.655691564083099 0.657734334468842 0.659777164459229 0.661819994449615 0.664685010910034 0.66782408952713 0.670963227748871 0.674102306365967 0.677241444587708 0.680380523204803 0.683519661426544 0.686928749084473 0.691147863864899 0.695366978645325 0.699586153030396 0.703805267810822 0.708024382591248 0.712243497371674 0.716462671756744 0.716146290302277 0.714318156242371
0.629940629005432 0.620873034000397 0.611805498600006 0.602737963199615 0.597031235694885 0.601407170295715 0.605783045291901 0.610158979892731 0.614534914493561 0.618910849094391 0.623286724090576 0.627662658691406 0.630778789520264 0.633475005626678 0.636171221733093 0.638867437839508 0.641563653945923 0.644259870052338 0.646956086158752 0.649449706077576 0.651335537433624 0.653221428394318 0.655107319355011 0.65699315071106 0.658879041671753 0.660764873027802 0.662650763988495 0.665441572666168 0.66853404045105 0.671626448631287 0.674718916416168 0.67781138420105 0.680903851985931 0.683996260166168 0.687596380710602 0.692719340324402 0.697842359542847 0.702965319156647 0.708088278770447 0.713211297988892 0.718334257602692 0.723457276821136 0.724111080169678 0.723275125026703
0.626587867736816 0.616884052753448 0.607180237770081 0.597476422786713 0.59150218963623 0.596716642379761 0.601931095123291 0.607145547866821 0.612360000610352 0.617574453353882 0.622788906097412 0.628003358840942 0.63147097826004 0.634356319904327 0.63724160194397 0.640126943588257 0.643012225627899 0.645897567272186 0.648782849311829 0.651379108428955 0.65310800075531 0.65483695268631 0.656565845012665 0.658294796943665 0.66002368927002 0.661752641201019 0.663481533527374 0.666198134422302 0.669243931770325 0.672289729118347 0.67533552646637 0.678381323814392 0.681427121162415 0.684472918510437 0.688264012336731 0.694290816783905 0.700317680835724 0.706344485282898 0.712371349334717 0.718398213386536 0.72442501783371 0.730451881885529 0.732075810432434 0.732232093811035
0.623235166072845 0.6128950715065 0.602554976940155 0.59221488237381 0.585973083972931 0.592026114463806 0.598079085350037 0.604132115840912 0.610185086727142 0.616238117218018 0.622291088104248 0.628344118595123 0.632163166999817 0.635237574577332 0.638311982154846 0.641386449337006 0.64446085691452 0.647535264492035 0.65060967206955 0.65330845117569 0.654880464076996 0.656452417373657 0.658024430274963 0.659596383571625 0.661168396472931 0.662740349769592 0.664312362670898 0.666954696178436 0.6699538230896 0.672953009605408 0.675952136516571 0.678951263427734 0.681950449943542 0.684949576854706 0.68893164396286 0.695862293243408 0.702793002128601 0.709723711013794 0.716654419898987 0.723585069179535 0.730515778064728 0.737446486949921 0.74004054069519 0.741189062595367
0.621473789215088 0.610820412635803 0.600167095661163 0.589513778686523 0.583152413368225 0.589666783809662 0.596181154251099 0.60269558429718 0.609209954738617 0.615724325180054 0.622238755226135 0.628753125667572 0.633123099803925 0.636778175830841 0.640433311462402 0.644088447093964 0.647743582725525 0.651398718357086 0.655053853988647 0.658241093158722 0.660024702548981 0.66180831193924 0.663591921329498 0.665375530719757 0.667159140110016 0.668942749500275 0.670726358890533 0.67312228679657 0.675722301006317 0.678322315216064 0.680922329425812 0.683522343635559 0.686122417449951 0.688722431659698 0.692529320716858 0.699956893920898 0.707384467124939 0.71481204032898 0.72223961353302 0.72966718673706 0.737094819545746 0.744522392749786 0.747633874416351 0.749306738376617
0.621303737163544 0.610660195350647 0.60001665353775 0.589373111724854 0.583040058612823 0.589638710021973 0.596237301826477 0.602835953235626 0.609434545040131 0.61603319644928 0.622631788253784 0.629230439662933 0.634350657463074 0.638978123664856 0.643605589866638 0.648232996463776 0.652860462665558 0.65748792886734 0.662115395069122 0.666176915168762 0.668540716171265 0.670904576778412 0.673268377780914 0.675632238388062 0.677996039390564 0.680359840393066 0.682723701000214 0.684700965881348 0.686549365520477 0.688397765159607 0.690246164798737 0.692094564437866 0.693943023681641 0.69579142332077 0.699057102203369 0.706574559211731 0.714092075824738 0.721609592437744 0.729127049446106 0.736644566059113 0.744162023067474 0.751679539680481 0.754855871200562 0.75658518075943
0.621133685112 0.610499918460846 0.599866151809692 0.589232385158539 0.582927763462067 0.589610636234283 0.596293449401855 0.602976322174072 0.609659135341644 0.616342008113861 0.623024880886078 0.62970769405365 0.635578274726868 0.641178011894226 0.646777808666229 0.652377605438232 0.657977342605591 0.663577139377594 0.669176936149597 0.674112737178802 0.677056789398193 0.680000841617584 0.68294483423233 0.685888886451721 0.688832938671112 0.691776931285858 0.694720983505249 0.696279585361481 0.697376370429993 0.698473215103149 0.699570000171661 0.700666785240173 0.70176362991333 0.702860414981842 0.70558488368988 0.713192284107208 0.720799684524536 0.728407084941864 0.736014485359192 0.74362188577652 0.751229286193848 0.758836686611176 0.762077867984772 0.763863623142242
0.620963633060455 0.610339641571045 0.599715650081635 0.589091658592224 0.58281546831131 0.589582562446594 0.596349596977234 0.603116691112518 0.609883785247803 0.616650819778442 0.623417913913727 0.630185008049011 0.636805832386017 0.643377959728241 0.64995002746582 0.656522154808044 0.663094222545624 0.669666349887848 0.676238477230072 0.682048618793488 0.685572862625122 0.689097046852112 0.692621290683746 0.696145534515381 0.699669778347015 0.70319402217865 0.706718266010284 0.707858264446259 0.708203434944153 0.708548605442047 0.708893835544586 0.70923900604248 0.70958423614502 0.709929406642914 0.712112665176392 0.719809949398041 0.727507293224335 0.735204637050629 0.742901921272278 0.750599265098572 0.758296549320221 0.765993893146515 0.769299864768982 0.77114200592041
