data/working_set_collections/6091692-Cassins_Sparrow-M2/1995/lwgnt_avg.asc
NCOLS 265 
NROWS 230 
XLLCORNER -115.5625 
YLLCORNER 24.8333333333333 
CELLSIZE 0.0833333333333333 
NODATA_value -9999 
[rows 120 to 139 of 230, columns 44 to 87 of 265]
-107.414390563965 -106.341171264648 -105.267944335938 -104.194725036621 -103.12149810791 -102.048278808594 -100.975059509277 -99.9018325805664 -99.7060165405273 -99.8026580810547 -99.899299621582 -99.9959487915039 -100.092590332031 -100.189231872559 -100.28588104248 -100.417640686035 -100.654754638672 -100.891876220703 -101.12899017334 -101.366111755371 -101.603225708008 -101.840339660645 -102.077461242676 -102.212425231934 -102.313346862793 -102.414268493652 -102.515182495117 -102.616104125977 -102.717025756836 -102.817939758301 -103.015899658203 -103.504959106445 -103.994026184082 -104.483085632324 -104.972152709961 -105.461219787598 -105.95027923584 -106.439346313477 -106.611297607422 -106.677551269531 -106.743804931641 -106.81005859375 -106.876312255859 -106.942565917969
-107.75 -106.819412231445 -105.888824462891 -104.958236694336 -104.027648925781 -103.097061157227 -102.166473388672 -101.235885620117 -101.036315917969 -101.080421447754 -101.124526977539 -101.168640136719 -101.212745666504 -101.256851196289 -101.300964355469 -101.371200561523 -101.519844055176 -101.668487548828 -101.81713104248 -101.965774536133 -102.114418029785 -102.263061523438 -102.41170501709 -102.504280090332 -102.578163146973 -102.652053833008 -102.725936889648 -102.799819946289 -102.87370300293 -102.947593688965 -103.086120605469 -103.418571472168 -103.751029968262 -104.083480834961 -104.415939331055 -104.748397827148 -105.080848693848 -105.413307189941 -105.62427520752 -105.79475402832 -105.965225219727 -106.135704040527 -106.306182861328 -106.476654052734
-108.085601806641 -107.297645568848 -106.509696960449 -105.721740722656 -104.933792114258 -104.145835876465 -103.357879638672 -102.569931030273 -102.36661529541 -102.358192443848 -102.349761962891 -102.341331481934 -102.332901000977 -102.32447052002 -102.316040039062 -102.324760437012 -102.38493347168 -102.445106506348 -102.505271911621 -102.565444946289 -102.625610351562 -102.68578338623 -102.745956420898 -102.79613494873 -102.842987060547 -102.889839172363 -102.936683654785 -102.983535766602 -103.030387878418 -103.077239990234 -103.156341552734 -103.332183837891 -103.508033752441 -103.683876037598 -103.859725952148 -104.035575866699 -104.211418151855 -104.387268066406 -104.637252807617 -104.911949157715 -105.186653137207 -105.461349487305 -105.736053466797 -106.010749816895
-108.421211242676 -107.775886535645 -107.130569458008 -106.485252380371 -105.839935302734 -105.194610595703 -104.549293518066 -103.90397644043 -103.696922302246 -103.635955810547 -103.574989318848 -103.514022827148 -103.453056335449 -103.39208984375 -103.331123352051 -103.278327941895 -103.250022888184 -103.221717834473 -103.193412780762 -103.165115356445 -103.136810302734 -103.108505249023 -103.080200195312 -103.087989807129 -103.107803344727 -103.127624511719 -103.147438049316 -103.167251586914 -103.187072753906 -103.206886291504 -103.2265625 -103.245796203613 -103.265037536621 -103.284271240234 -103.303512573242 -103.32275390625 -103.341987609863 -103.361228942871 -103.650230407715 -104.029151916504 -104.408073425293 -104.786994934082 -105.165916442871 -105.544845581055
-108.756813049316 -108.254127502441 -107.751441955566 -107.248756408691 -106.746078491211 -106.243392944336 -105.740707397461 -105.238021850586 -105.027221679688 -104.913719177246 -104.800216674805 -104.686714172363 -104.573211669922 -104.45970916748 -104.346206665039 -104.231887817383 -104.115112304688 -103.998336791992 -103.881553649902 -103.764778137207 -103.648002624512 -103.531227111816 -103.414451599121 -103.379844665527 -103.372627258301 -103.365409851074 -103.358192443848 -103.350975036621 -103.343757629395 -103.336540222168 -103.296783447266 -103.159408569336 -103.022041320801 -102.884666442871 -102.747299194336 -102.609931945801 -102.472557067871 -102.335189819336 -102.663200378418 -103.146347045898 -103.629493713379 -104.112640380859 -104.59578704834 -105.07893371582
-109.092422485352 -108.732368469238 -108.37232208252 -108.012268066406 -107.652221679688 -107.292167663574 -106.932121276855 -106.572067260742 -106.357528686523 -106.19149017334 -106.025451660156 -105.859405517578 -105.693367004395 -105.527328491211 -105.361289978027 -105.185447692871 -104.980201721191 -104.774948120117 -104.569694519043 -104.364448547363 -104.159194946289 -103.953948974609 -103.748695373535 -103.671691894531 -103.63744354248 -103.60319519043 -103.568939208984 -103.534690856934 -103.500434875488 -103.466186523438 -103.367004394531 -103.073020935059 -102.77904510498 -102.485061645508 -102.19108581543 -101.897109985352 -101.603126525879 -101.309150695801 -101.676177978516 -102.263549804688 -102.850921630859 -103.438285827637 -104.025657653809 -104.61302947998
-109.256294250488 -108.983665466309 -108.711036682129 -108.438407897949 -108.16577911377 -107.89315032959 -107.62052154541 -107.34789276123 -107.136688232422 -106.945953369141 -106.755218505859 -106.564491271973 -106.373756408691 -106.18302154541 -105.992286682129 -105.787475585938 -105.54044342041 -105.293403625488 -105.046363830566 -104.799324035645 -104.552284240723 -104.305244445801 -104.058204650879 -103.966979980469 -103.927688598633 -103.888404846191 -103.849113464355 -103.80982208252 -103.770530700684 -103.731246948242 -103.615020751953 -103.268013000488 -102.920997619629 -102.573989868164 -102.226974487305 -101.87996673584 -101.53295135498 -101.185943603516 -101.494735717773 -102.022125244141 -102.549514770508 -103.07691192627 -103.604301452637 -104.131690979004
-109.248435974121 -109.008018493652 -108.767601013184 -108.52717590332 -108.286758422852 -108.046340942383 -107.80591583252 -107.565498352051 -107.364707946777 -107.177124023438 -106.989540100098 -106.801956176758 -106.614372253418 -106.426788330078 -106.239204406738 -106.037979125977 -105.795837402344 -105.553695678711 -105.311553955078 -105.069412231445 -104.827270507812 -104.58512878418 -104.342987060547 -104.265701293945 -104.243370056152 -104.221038818359 -104.198707580566 -104.176368713379 -104.154037475586 -104.131706237793 -104.040840148926 -103.74437713623 -103.447906494141 -103.151443481445 -102.854972839355 -102.558502197266 -102.26203918457 -101.96556854248 -102.118865966797 -102.422073364258 -102.725288391113 -103.028503417969 -103.331718444824 -103.634925842285
-109.240577697754 -109.032371520996 -108.824157714844 -108.615943908691 -108.407737731934 -108.199523925781 -107.991310119629 -107.783103942871 -107.592720031738 -107.40828704834 -107.223854064941 -107.039421081543 -106.85498046875 -106.670547485352 -106.486114501953 -106.288475036621 -106.051231384277 -105.813987731934 -105.57674407959 -105.339500427246 -105.102256774902 -104.865013122559 -104.627769470215 -104.564422607422 -104.559051513672 -104.553672790527 -104.548294067383 -104.542922973633 -104.537544250488 -104.532173156738 -104.466659545898 -104.220733642578 -103.974815368652 -103.728889465332 -103.482971191406 -103.237045288086 -102.99112701416 -102.74520111084 -102.74299621582 -102.82202911377 -102.901062011719 -102.980094909668 -103.059127807617 -103.138160705566
-109.232727050781 -109.05672454834 -108.880722045898 -108.704719543457 -108.528709411621 -108.35270690918 -108.176704406738 -108.000701904297 -107.820739746094 -107.639450073242 -107.458168029785 -107.276885986328 -107.095596313477 -106.91431427002 -106.733024597168 -106.538970947266 -106.306625366211 -106.074279785156 -105.841934204102 -105.609588623047 -105.377235412598 -105.144889831543 -104.912544250488 -104.863143920898 -104.874725341797 -104.886306762695 -104.897888183594 -104.909469604492 -104.921051025391 -104.932632446289 -104.892478942871 -104.69709777832 -104.50171661377 -104.306343078613 -104.110961914062 -103.915588378906 -103.720207214355 -103.524833679199 -103.367126464844 -103.221977233887 -103.076835632324 -102.931686401367 -102.786544799805 -102.641395568848
-109.224868774414 -109.081077575684 -108.937278747559 -108.793487548828 -108.649688720703 -108.505897521973 -108.362106323242 -108.218307495117 -108.048759460449 -107.870620727539 -107.692481994629 -107.514350891113 -107.336212158203 -107.158073425293 -106.979934692383 -106.789474487305 -106.562019348145 -106.334571838379 -106.107124328613 -105.879669189453 -105.652221679688 -105.424774169922 -105.197326660156 -105.161865234375 -105.190406799316 -105.218940734863 -105.247482299805 -105.276023864746 -105.304557800293 -105.333099365234 -105.318290710449 -105.173461914062 -105.028625488281 -104.883796691895 -104.738960266113 -104.594123840332 -104.449295043945 -104.304458618164 -103.991256713867 -103.621932983398 -103.25260925293 -102.883285522461 -102.513954162598 -102.144630432129
-109.217010498047 -109.105422973633 -108.993843078613 -108.882255554199 -108.770668029785 -108.659080505371 -108.547500610352 -108.435913085938 -108.27677154541 -108.101783752441 -107.926795959473 -107.751815795898 -107.57682800293 -107.401840209961 -107.226852416992 -107.039970397949 -106.817420959473 -106.594863891602 -106.372314453125 -106.149757385254 -105.927207946777 -105.704658508301 -105.48210144043 -105.460586547852 -105.506080627441 -105.551574707031 -105.597076416016 -105.642570495605 -105.688064575195 -105.733558654785 -105.744110107422 -105.64981842041 -105.555534362793 -105.461242675781 -105.366958618164 -105.272666931152 -105.178375244141 -105.084091186523 -104.615386962891 -104.021881103516 -103.428382873535 -102.83487701416 -102.241371154785 -101.64786529541
-109.305839538574 -109.201988220215 -109.098136901855 -108.994285583496 -108.890434265137 -108.786582946777 -108.682731628418 -108.578880310059 -108.42359161377 -108.251159667969 -108.078727722168 -107.906303405762 -107.733871459961 -107.56143951416 -107.389007568359 -107.20532989502 -106.987899780273 -106.770469665527 -106.553039550781 -106.335609436035 -106.118179321289 -105.900749206543 -105.683319091797 -105.671699523926 -105.728675842285 -105.785652160645 -105.842628479004 -105.899604797363 -105.956588745117 -106.013565063477 -106.038558959961 -105.967597961426 -105.896644592285 -105.825691223145 -105.754730224609 -105.683776855469 -105.612823486328 -105.541862487793 -105.042701721191 -104.400802612305 -103.758903503418 -103.117004394531 -102.475105285645 -101.833206176758
-109.491355895996 -109.370765686035 -109.250175476074 -109.129577636719 -109.008987426758 -108.888389587402 -108.767799377441 -108.647201538086 -108.489204406738 -108.318740844727 -108.148277282715 -107.977813720703 -107.807350158691 -107.63688659668 -107.466423034668 -107.285552978516 -107.073471069336 -106.861389160156 -106.649307250977 -106.437225341797 -106.225151062012 -106.013069152832 -105.800987243652 -105.795204162598 -105.858184814453 -105.921173095703 -105.984153747559 -106.047134399414 -106.110122680664 -106.17310333252 -106.201629638672 -106.126800537109 -106.051963806152 -105.977127075195 -105.902290344238 -105.827453613281 -105.752624511719 -105.677787780762 -105.273193359375 -104.758689880371 -104.244178771973 -103.729675292969 -103.21516418457 -102.700653076172
-109.676872253418 -109.539543151855 -109.402206420898 -109.264869689941 -109.127532958984 -108.990203857422 -108.852867126465 -108.715530395508 -108.554824829102 -108.386322021484 -108.217826843262 -108.049331665039 -107.880828857422 -107.712333679199 -107.543830871582 -107.365776062012 -107.159042358398 -106.952308654785 -106.745574951172 -106.538848876953 -106.33211517334 -106.125381469727 -105.918647766113 -105.91870880127 -105.987693786621 -106.056686401367 -106.125671386719 -106.194664001465 -106.263656616211 -106.332641601562 -106.364707946777 -106.285995483398 -106.207275390625 -106.128562927246 -106.049850463867 -105.971138000488 -105.892417907715 -105.813705444336 -105.503692626953 -105.116569519043 -104.729454040527 -104.342338562012 -103.955223083496 -103.56810760498
-109.862396240234 -109.708312988281 -109.554237365723 -109.400161743164 -109.246086120605 -109.092010498047 -108.937934875488 -108.78385925293 -108.62043762207 -108.453903198242 -108.287376403809 -108.12084197998 -107.954307556152 -107.787773132324 -107.621246337891 -107.445999145508 -107.244613647461 -107.043228149414 -106.841842651367 -106.640464782715 -106.439079284668 -106.237693786621 -106.036308288574 -106.042213439941 -106.117202758789 -106.192199707031 -106.267196655273 -106.342193603516 -106.417190551758 -106.492179870605 -106.527778625488 -106.445190429688 -106.362594604492 -106.279998779297 -106.197410583496 -106.114814758301 -106.032218933105 -105.949630737305 -105.734184265137 -105.474456787109 -105.214729309082 -104.955001831055 -104.695281982422 -104.435554504395
-110.047912597656 -109.877090454102 -109.706275939941 -109.535453796387 -109.364639282227 -109.193817138672 -109.023002624512 -108.852188110352 -108.686058044434 -108.521492004395 -108.356918334961 -108.192352294922 -108.027786254883 -107.863220214844 -107.698654174805 -107.526222229004 -107.330184936523 -107.134147644043 -106.938117980957 -106.742080688477 -106.546043395996 -106.350006103516 -106.153968811035 -106.165718078613 -106.246719360352 -106.32772064209 -106.408721923828 -106.489723205566 -106.570724487305 -106.651725769043 -106.690856933594 -106.604385375977 -106.517913818359 -106.431442260742 -106.34496307373 -106.258491516113 -106.172019958496 -106.085548400879 -105.96467590332 -105.832344055176 -105.700004577637 -105.567672729492 -105.435333251953 -105.303001403809
-110.233428955078 -110.045867919922 -109.858306884766 -109.670745849609 -109.483192443848 -109.295631408691 -109.108070373535 -108.920509338379 -108.751670837402 -108.589073181152 -108.426467895508 -108.263870239258 -108.101264953613 -107.938667297363 -107.776062011719 -107.6064453125 -107.415756225586 -107.225067138672 -107.034385681152 -106.843696594238 -106.653007507324 -106.46231842041 -106.271636962891 -106.289215087891 -106.37622833252 -106.463233947754 -106.550239562988 -106.637245178223 -106.724258422852 -106.811264038086 -106.853935241699 -106.763580322266 -106.673225402832 -106.582878112793 -106.492523193359 -106.40217590332 -106.311820983887 -106.221466064453 -106.195175170898 -106.190231323242 -106.185279846191 -106.180335998535 -106.175392150879 -106.170448303223
-110.259368896484 -110.072380065918 -109.885391235352 -109.69841003418 -109.511421203613 -109.324440002441 -109.137451171875 -108.950462341309 -108.783729553223 -108.623741149902 -108.463752746582 -108.303764343262 -108.143775939941 -107.983787536621 -107.823799133301 -107.659606933594 -107.482818603516 -107.306022644043 -107.129234313965 -106.952438354492 -106.775650024414 -106.598854064941 -106.422065734863 -106.431861877441 -106.503852844238 -106.575843811035 -106.647834777832 -106.719833374023 -106.79182434082 -106.863815307617 -106.898902893066 -106.823280334473 -106.747650146484 -106.672019958496 -106.596397399902 -106.520767211914 -106.44514465332 -106.369514465332 -106.401107788086 -106.468444824219 -106.535774230957 -106.60311126709 -106.670448303223 -106.737777709961
-110.12572479248 -109.95662689209 -109.787528991699 -109.618431091309 -109.449333190918 -109.280235290527 -109.111137390137 -108.942039489746 -108.782218933105 -108.625495910645 -108.468765258789 -108.312034606934 -108.155311584473 -107.998580932617 -107.841850280762 -107.68571472168 -107.531364440918 -107.377014160156 -107.222663879395 -107.068313598633 -106.913963317871 -106.759605407715 -106.605255126953 -106.593635559082 -106.629592895508 -106.665550231934 -106.701507568359 -106.737464904785 -106.773422241211 -106.809379577637 -106.825775146484 -106.783477783203 -106.741180419922 -106.698875427246 -106.656578063965 -106.614280700684 -106.571983337402 -106.529685974121 -106.582481384277 -106.666984558105 -106.751487731934 -106.835990905762 -106.92049407959 -107.004997253418
