data/working_set_collections/6091692-Cassins_Sparrow-M2/1995/lwgnt_avg.asc
NCOLS 265 
NROWS 230 
XLLCORNER -115.5625 
YLLCORNER 24.8333333333333 
CELLSIZE 0.0833333333333333 
NODATA_value -9999 
[rows 40 to 59 of 230, columns 0 to 43 of 265]
-91.4390182495117 -91.7272262573242 -92.0154342651367 -92.3036422729492 -92.5918579101562 -92.8800659179688 -93.1682739257812 -93.546760559082 -93.9553298950195 -94.3639068603516 -94.7724761962891 -95.1810531616211 -95.5896301269531 -95.9981994628906 -96.197395324707 -95.768440246582 -95.3394927978516 -94.9105377197266 -94.4815902709961 -94.0526428222656 -93.6236877441406 -93.1947402954102 -93.0557708740234 -93.0134582519531 -92.9711532592773 -92.928840637207 -92.8865356445312 -92.8442230224609 -92.8019180297852 -92.7939147949219 -92.8888244628906 -92.9837341308594 -93.0786437988281 -93.1735534667969 -93.2684631347656 -93.3633728027344 -93.4582824707031 -92.9233093261719 -92.1783676147461 -91.4334259033203 -90.6884918212891 -89.9435501098633 -89.198616027832 -88.4536743164062
-91.6734466552734 -91.9646987915039 -92.2559432983398 -92.5471878051758 -92.8384399414062 -93.1296844482422 -93.4209289550781 -93.7921447753906 -94.1900177001953 -94.5878829956055 -94.9857482910156 -95.3836212158203 -95.7814865112305 -96.1793594360352 -96.3816223144531 -95.9970855712891 -95.6125411987305 -95.2280044555664 -94.8434600830078 -94.4589233398438 -94.0743789672852 -93.6898422241211 -93.5400466918945 -93.468505859375 -93.3969650268555 -93.3254165649414 -93.2538757324219 -93.1823348999023 -93.1107940673828 -93.0479278564453 -93.0110931396484 -92.9742660522461 -92.9374313354492 -92.9006042480469 -92.86376953125 -92.8269348144531 -92.7901077270508 -92.3989715576172 -91.8897247314453 -91.380485534668 -90.8712463378906 -90.3619995117188 -89.8527603149414 -89.3435211181641
-92.0353088378906 -92.3159866333008 -92.5966720581055 -92.8773574829102 -93.1580352783203 -93.438720703125 -93.7194061279297 -94.0809707641602 -94.4695053100586 -94.858039855957 -95.2465744018555 -95.6351013183594 -96.0236358642578 -96.4121704101562 -96.6164474487305 -96.267951965332 -95.9194564819336 -95.5709609985352 -95.2224655151367 -94.8739700317383 -94.5254669189453 -94.1769714355469 -94.0186233520508 -93.9236450195312 -93.8286743164062 -93.7336959838867 -93.6387252807617 -93.5437545776367 -93.4487762451172 -93.3453674316406 -93.2166442871094 -93.0879287719727 -92.9592056274414 -92.8304824829102 -92.7017593383789 -92.5730438232422 -92.4443206787109 -92.1298217773438 -91.7533950805664 -91.3769607543945 -91.0005340576172 -90.6241073608398 -90.2476806640625 -89.8712539672852
-92.5245971679688 -92.7811126708984 -93.0376281738281 -93.2941436767578 -93.5506591796875 -93.8071746826172 -94.0636901855469 -94.4132385253906 -94.7938079833984 -95.1743698120117 -95.5549392700195 -95.9355010986328 -96.3160705566406 -96.6966400146484 -96.90185546875 -96.5810394287109 -96.2602233886719 -95.9394073486328 -95.6185913085938 -95.2977752685547 -94.9769515991211 -94.656135559082 -94.4914855957031 -94.3788833618164 -94.2662811279297 -94.153678894043 -94.0410766601562 -93.9284744262695 -93.8158798217773 -93.6862335205078 -93.5054779052734 -93.3247222900391 -93.1439590454102 -92.9632034301758 -92.7824401855469 -92.6016845703125 -92.4209213256836 -92.1158599853516 -91.7693634033203 -91.4228668212891 -91.0763626098633 -90.729866027832 -90.3833694458008 -90.0368728637695
-93.0138854980469 -93.2462310791016 -93.4785766601562 -93.7109298706055 -93.9432754516602 -94.1756210327148 -94.4079666137695 -94.7455062866211 -95.1181030273438 -95.4907073974609 -95.8633041381836 -96.2359008789062 -96.6085052490234 -96.9811019897461 -97.1872711181641 -96.8941268920898 -96.6009902954102 -96.3078536987305 -96.0147171020508 -95.7215805053711 -95.4284362792969 -95.1352996826172 -94.9643478393555 -94.834114074707 -94.7038879394531 -94.5736618041992 -94.4434356689453 -94.3132019042969 -94.182975769043 -94.0271072387695 -93.7943115234375 -93.5615158081055 -93.3287124633789 -93.0959167480469 -92.8631210327148 -92.6303253173828 -92.3975296020508 -92.1018981933594 -91.7853317260742 -91.4687652587891 -91.1521987915039 -90.8356246948242 -90.5190582275391 -90.2024917602539
-93.503173828125 -93.7113571166992 -93.9195327758789 -94.1277160644531 -94.3358917236328 -94.544075012207 -94.7522506713867 -95.0777740478516 -95.4424057006836 -95.8070373535156 -96.1716690063477 -96.5363082885742 -96.9009399414062 -97.2655715942383 -97.4726791381836 -97.2072219848633 -96.941764831543 -96.6763000488281 -96.4108428955078 -96.1453857421875 -95.8799209594727 -95.6144638061523 -95.4372100830078 -95.2893524169922 -95.1414947509766 -94.9936447143555 -94.8457870483398 -94.6979293823242 -94.5500793457031 -94.3679733276367 -94.083137512207 -93.7983093261719 -93.5134735107422 -93.2286376953125 -92.9438018798828 -92.6589660644531 -92.3741302490234 -92.0879440307617 -91.8013076782227 -91.5146636962891 -91.22802734375 -90.9413909912109 -90.6547470092773 -90.3681106567383
-93.9924621582031 -94.1764755249023 -94.3604888916016 -94.5445022583008 -94.728515625 -94.9125213623047 -95.0965347290039 -95.410041809082 -95.7667083740234 -96.1233749389648 -96.4800415039062 -96.8367080688477 -97.1933746337891 -97.5500411987305 -97.7580947875977 -97.5203094482422 -97.2825317382812 -97.0447463989258 -96.8069686889648 -96.5691909790039 -96.3314056396484 -96.0936279296875 -95.9100723266602 -95.7445907592773 -95.5791015625 -95.4136199951172 -95.2481384277344 -95.0826568603516 -94.9171752929688 -94.7088470458984 -94.3719711303711 -94.0351028442383 -93.6982269287109 -93.3613510131836 -93.0244827270508 -92.6876068115234 -92.3507308959961 -92.0739822387695 -91.8172760009766 -91.5605621337891 -91.3038558959961 -91.0471496582031 -90.7904357910156 -90.5337295532227
-94.4817504882812 -94.6415939331055 -94.8014373779297 -94.9612884521484 -95.1211318969727 -95.2809753417969 -95.4408187866211 -95.7423095703125 -96.0910034179688 -96.4397048950195 -96.7884063720703 -97.1371078491211 -97.4858016967773 -97.8345031738281 -98.0435028076172 -97.8334045410156 -97.6232986450195 -97.413200378418 -97.2030944824219 -96.9929962158203 -96.7828903198242 -96.5727920532227 -96.3829345703125 -96.199821472168 -96.016716003418 -95.8336029052734 -95.6504974365234 -95.4673843383789 -95.2842788696289 -95.0497131347656 -94.6608047485352 -94.2718963623047 -93.8829803466797 -93.4940719604492 -93.1051559448242 -92.7162475585938 -92.3273391723633 -92.0600280761719 -91.8332443237305 -91.6064682006836 -91.3796844482422 -91.1529083251953 -90.9261322021484 -90.699348449707
-95.048225402832 -95.1742553710938 -95.3002777099609 -95.4263076782227 -95.5523300170898 -95.6783599853516 -95.8043823242188 -96.0736999511719 -96.3907852172852 -96.7078704833984 -97.0249557495117 -97.342041015625 -97.6591262817383 -97.9762115478516 -98.1688919067383 -97.9883422851562 -97.8077926635742 -97.6272430419922 -97.4466934204102 -97.2661437988281 -97.0855941772461 -96.9050445556641 -96.7141418457031 -96.5197906494141 -96.3254318237305 -96.1310806274414 -95.9367294311523 -95.7423706054688 -95.5480194091797 -95.3005447387695 -94.8937225341797 -94.4869003295898 -94.080078125 -93.6732559204102 -93.2664337158203 -92.8596115112305 -92.4527893066406 -92.1889572143555 -91.9727935791016 -91.7566223144531 -91.5404586791992 -91.3242874145508 -91.1081237792969 -90.891960144043
-95.69189453125 -95.7744522094727 -95.8570022583008 -95.9395599365234 -96.0221176147461 -96.1046676635742 -96.1872253417969 -96.4042282104492 -96.6660537719727 -96.9278793334961 -97.189697265625 -97.4515228271484 -97.7133407592773 -97.9751663208008 -98.1342544555664 -97.9851303100586 -97.8360061645508 -97.686882019043 -97.5377578735352 -97.3886413574219 -97.2395172119141 -97.0903930664062 -96.9037017822266 -96.7044830322266 -96.5052719116211 -96.3060531616211 -96.1068420410156 -95.9076232910156 -95.7084045410156 -95.4613418579102 -95.0707397460938 -94.6801300048828 -94.2895202636719 -93.8989105224609 -93.5083084106445 -93.1176986694336 -92.7270889282227 -92.4607849121094 -92.2359085083008 -92.0110397338867 -91.7861709594727 -91.5612945556641 -91.33642578125 -91.1115493774414
-96.3355560302734 -96.374641418457 -96.4137268066406 -96.4528121948242 -96.4918975830078 -96.5309829711914 -96.570068359375 -96.7347564697266 -96.9413223266602 -97.1478805541992 -97.3544387817383 -97.5609970092773 -97.7675552368164 -97.9741134643555 -98.099609375 -97.9819183349609 -97.8642196655273 -97.7465286254883 -97.6288299560547 -97.5111312866211 -97.393440246582 -97.2757415771484 -97.09326171875 -96.8891830444336 -96.6851043701172 -96.4810256958008 -96.2769546508789 -96.0728759765625 -95.8687973022461 -95.6221389770508 -95.2477493286133 -94.8733520507812 -94.4989624023438 -94.1245727539062 -93.7501754760742 -93.3757858276367 -93.0013885498047 -92.7326126098633 -92.4990310668945 -92.2654571533203 -92.0318756103516 -91.7983016967773 -91.5647277832031 -91.3311462402344
-96.9792251586914 -96.9748382568359 -96.9704513549805 -96.966064453125 -96.9616851806641 -96.9572982788086 -96.9529113769531 -97.0652847290039 -97.2165832519531 -97.3678817749023 -97.5191802978516 -97.6704711914062 -97.8217697143555 -97.9730682373047 -98.0649719238281 -97.9787063598633 -97.8924331665039 -97.8061676025391 -97.7199020385742 -97.6336288452148 -97.54736328125 -97.4610900878906 -97.2828216552734 -97.0738830566406 -96.8649444580078 -96.656005859375 -96.4470596313477 -96.2381210327148 -96.029182434082 -95.7829360961914 -95.4247589111328 -95.0665817260742 -94.7084045410156 -94.350227355957 -93.9920501708984 -93.6338729858398 -93.2756958007812 -93.0044326782227 -92.7621536254883 -92.5198745727539 -92.277587890625 -92.0353088378906 -91.7930221557617 -91.5507431030273
-97.6228866577148 -97.5750350952148 -97.5271759033203 -97.4793243408203 -97.4314651489258 -97.3836059570312 -97.3357543945312 -97.3958129882812 -97.4918518066406 -97.5878829956055 -97.6839141845703 -97.7799530029297 -97.8759841918945 -97.9720153808594 -98.0303344726562 -97.9754943847656 -97.9206466674805 -97.8658065795898 -97.8109664916992 -97.7561264038086 -97.701286315918 -97.6464385986328 -97.4723815917969 -97.2585754394531 -97.0447769165039 -96.8309783935547 -96.6171722412109 -96.4033737182617 -96.1895751953125 -95.943733215332 -95.6017684936523 -95.2598037719727 -94.9178466796875 -94.5758819580078 -94.2339172363281 -93.8919525146484 -93.5499954223633 -93.2762603759766 -93.025276184082 -92.774284362793 -92.5233001708984 -92.2723083496094 -92.0213241577148 -91.7703399658203
-98.2665557861328 -98.1752243041992 -98.0839004516602 -97.9925765991211 -97.9012451171875 -97.8099212646484 -97.7185974121094 -97.7263412475586 -97.7671127319336 -97.8078842163086 -97.8486557006836 -97.8894271850586 -97.9301986694336 -97.9709701538086 -97.9956970214844 -97.972282409668 -97.9488677978516 -97.9254531860352 -97.9020385742188 -97.8786163330078 -97.8552017211914 -97.831787109375 -97.6619415283203 -97.4432754516602 -97.224609375 -97.0059509277344 -96.7872848510742 -96.5686264038086 -96.3499603271484 -96.1045303344727 -95.7787780761719 -95.4530334472656 -95.1272811889648 -94.8015365600586 -94.4757919311523 -94.1500396728516 -93.8242950439453 -93.5480880737305 -93.2883911132812 -93.0287017822266 -92.7690124511719 -92.5093154907227 -92.249626159668 -91.9899291992188
-98.8241729736328 -98.7145843505859 -98.6049880981445 -98.4953994750977 -98.3858032226562 -98.2762145996094 -98.166618347168 -98.1332550048828 -98.1252899169922 -98.1173324584961 -98.109375 -98.1014175415039 -98.0934524536133 -98.0854949951172 -98.0789794921875 -98.0767822265625 -98.0745849609375 -98.072380065918 -98.070182800293 -98.067985534668 -98.065788269043 -98.063591003418 -97.8998031616211 -97.6821517944336 -97.4645080566406 -97.2468566894531 -97.0292053222656 -96.8115539550781 -96.5939102172852 -96.3514785766602 -96.0346984863281 -95.7179183959961 -95.4011459350586 -95.0843658447266 -94.7675857543945 -94.450813293457 -94.134033203125 -93.8610534667969 -93.602668762207 -93.3442840576172 -93.0859069824219 -92.827522277832 -92.5691375732422 -92.3107528686523
-99.2957458496094 -99.1930923461914 -99.0904388427734 -98.9877853393555 -98.8851318359375 -98.7824783325195 -98.6798248291016 -98.6165390014648 -98.5663833618164 -98.516227722168 -98.4660720825195 -98.4159088134766 -98.3657531738281 -98.3155975341797 -98.2801818847656 -98.2889938354492 -98.2977981567383 -98.3066101074219 -98.3154144287109 -98.3242263793945 -98.3330383300781 -98.3418426513672 -98.1859741210938 -97.9752197265625 -97.7644577026367 -97.5536956787109 -97.3429336547852 -97.1321716308594 -96.9214096069336 -96.6845779418945 -96.3695297241211 -96.0544738769531 -95.7394256591797 -95.4243698120117 -95.1093139648438 -94.7942657470703 -94.4792098999023 -94.2151565551758 -93.9681015014648 -93.7210388183594 -93.4739837646484 -93.2269287109375 -92.979866027832 -92.7328109741211
-99.7673263549805 -99.6716079711914 -99.5758895874023 -99.4801788330078 -99.3844604492188 -99.2887420654297 -99.1930236816406 -99.0998306274414 -99.0074768066406 -98.9151229858398 -98.8227615356445 -98.7304077148438 -98.638053894043 -98.5457000732422 -98.4813842773438 -98.5011978149414 -98.5210189819336 -98.5408325195312 -98.5606536865234 -98.5804672241211 -98.6002807617188 -98.6201019287109 -98.4721527099609 -98.2682800292969 -98.0644073486328 -97.8605346679688 -97.6566619873047 -97.4527893066406 -97.2489166259766 -97.0176773071289 -96.7043533325195 -96.3910293579102 -96.0776977539062 -95.7643737792969 -95.451042175293 -95.1377182006836 -94.8243942260742 -94.5692596435547 -94.3335266113281 -94.0977935791016 -93.862060546875 -93.6263275146484 -93.3905944824219 -93.1548614501953
-100.238899230957 -100.150123596191 -100.061340332031 -99.9725646972656 -99.8837890625 -99.7950057983398 -99.7062301635742 -99.583122253418 -99.4485702514648 -99.3140106201172 -99.1794586181641 -99.0449066162109 -98.9103546142578 -98.7757949829102 -98.6825866699219 -98.7134094238281 -98.7442321777344 -98.7750625610352 -98.8058853149414 -98.8367080688477 -98.8675308227539 -98.8983535766602 -98.7583236694336 -98.5613403320312 -98.3643569946289 -98.1673736572266 -97.9703903198242 -97.7734069824219 -97.5764236450195 -97.3507843017578 -97.0391845703125 -96.7275772094727 -96.4159774780273 -96.104377746582 -95.7927780151367 -95.4811706542969 -95.1695709228516 -94.9233627319336 -94.6989593505859 -94.4745483398438 -94.2501373291016 -94.0257339477539 -93.8013229370117 -93.5769195556641
-100.710472106934 -100.628631591797 -100.54679107666 -100.464950561523 -100.383117675781 -100.301277160645 -100.219436645508 -100.066413879395 -99.8896560668945 -99.7129058837891 -99.5361557006836 -99.3594055175781 -99.1826477050781 -99.0058975219727 -98.8837890625 -98.9256210327148 -98.9674530029297 -99.0092849731445 -99.0511169433594 -99.0929489135742 -99.1347732543945 -99.1766052246094 -99.0444946289062 -98.8544006347656 -98.664306640625 -98.4742126464844 -98.2841186523438 -98.0940170288086 -97.903923034668 -97.6838836669922 -97.3740081787109 -97.0641326904297 -96.7542572021484 -96.4443817138672 -96.1345062255859 -95.8246231079102 -95.5147476196289 -95.2774658203125 -95.0643844604492 -94.8513031005859 -94.6382217407227 -94.4251327514648 -94.2120513916016 -93.9989700317383
-101.18204498291 -101.107147216797 -101.032241821289 -100.957344055176 -100.882438659668 -100.807540893555 -100.732635498047 -100.549697875977 -100.330749511719 -100.111801147461 -99.8928527832031 -99.6738967895508 -99.454948425293 -99.2360000610352 -99.0849990844727 -99.1378326416016 -99.190673828125 -99.2435073852539 -99.2963485717773 -99.3491821289062 -99.4020233154297 -99.4548645019531 -99.3306655883789 -99.1474609375 -98.9642562866211 -98.7810516357422 -98.5978393554688 -98.4146347045898 -98.2314300537109 -98.0169906616211 -97.7088394165039 -97.4006881713867 -97.0925369262695 -96.7843856811523 -96.4762344360352 -96.168083190918 -95.8599319458008 -95.6315689086914 -95.429817199707 -95.2280578613281 -95.0262985229492 -94.8245391845703 -94.6227798461914 -94.4210205078125
