data/working_set_collections/6091692-Cassins_Sparrow-M2/1995/lwgnt_avg.asc
NCOLS 265 
NROWS 230 
XLLCORNER -115.5625 
YLLCORNER 24.8333333333333 
CELLSIZE 0.0833333333333333 
NODATA_value -9999 
[rows 180 to 199 of 230, columns 0 to 43 of 265]
-9999 -9999 -9999 -9999 -9999 -9999 -9999 -9999 -9999 -9999 -9999 -9999 -9999 -98.4571685791016 -100.250228881836 -101.207038879395 -102.163848876953 -103.120658874512 -104.07746887207 -105.034278869629 -105.991088867188 -106.947898864746 -106.30330657959 -105.124908447266 -103.946510314941 -102.768112182617 -101.589714050293 -9999 -9999 -9999 -9999 -9999 -9999 -9999 -9999 -9999 -100.651824951172 -100.775817871094 -100.835273742676 -100.894721984863 -9999 -9999 -101.073081970215 -101.132530212402
-9999 -9999 -9999 -9999 -9999 -9999 -9999 -9999 -9999 -9999 -9999 -9999 -9999 -9999 -98.3369827270508 -99.5053787231445 -100.673782348633 -101.842178344727 -103.010581970215 -104.178977966309 -105.347373962402 -106.515777587891 -106.052932739258 -105.046348571777 -104.039764404297 -103.033172607422 -102.026588439941 -101.020004272461 -100.013412475586 -9999 -9999 -9999 -9999 -9999 -9999 -9999 -9999 -99.9127883911133 -99.9080581665039 -99.9033355712891 -9999 -9999 -99.8891525268555 -99.8844299316406
-9999 -9999 -9999 -9999 -9999 -9999 -9999 -9999 -9999 -9999 -9999 -9999 -9999 -9999 -9999 -97.8037261962891 -99.1837158203125 -100.563697814941 -101.943687438965 -103.323677062988 -104.703659057617 -106.083648681641 -105.80256652832 -104.967788696289 -104.133018493652 -103.298240661621 -102.46346282959 -101.628692626953 -100.793914794922 -100.132286071777 -9999 -9999 -9999 -9999 -9999 -9999 -9999 -9999 -98.9808502197266 -98.9119415283203 -9999 -9999 -9999 -98.6363220214844
-9999 -9999 -9999 -9999 -9999 -9999 -9999 -9999 -9999 -9999 -9999 -9999 -9999 -9999 -9999 -9999 -97.6936492919922 -99.2852249145508 -100.876800537109 -102.468376159668 -104.059951782227 -105.651527404785 -105.552192687988 -104.889228820801 -104.226272583008 -103.56330871582 -102.900344848633 -102.237380981445 -101.574417114258 -100.984169006348 -9999 -9999 -9999 -9999 -9999 -9999 -9999 -9999 -9999 -9999 -9999 -9999 -9999 -9999
-9999 -9999 -9999 -9999 -9999 -9999 -9999 -9999 -9999 -9999 -9999 -9999 -9999 -9999 -9999 -9999 -9999 -98.0067443847656 -99.8099060058594 -101.613075256348 -103.416236877441 -105.219398498535 -105.301826477051 -104.810676574707 -104.319519042969 -103.828369140625 -103.337219238281 -102.846069335938 -102.354911804199 -101.836051940918 -9999 -9999 -9999 -9999 -9999 -9999 -9999 -9999 -9999 -9999 -9999 -9999 -9999 -9999
-9999 -9999 -9999 -9999 -9999 -9999 -9999 -9999 -9999 -9999 -9999 -9999 -9999 -9999 -9999 -9999 -9999 -96.7282638549805 -98.7430191040039 -100.757766723633 -102.772521972656 -104.78727722168 -105.051460266113 -104.732116699219 -104.412773132324 -104.093437194824 -103.77409362793 -103.454750061035 -103.135414123535 -102.687934875488 -101.856048583984 -101.024154663086 -9999 -9999 -9999 -9999 -9999 -9999 -9999 -9999 -9999 -9999 -9999 -9999
-9999 -9999 -9999 -9999 -9999 -9999 -9999 -9999 -9999 -9999 -9999 -9999 -9999 -9999 -9999 -9999 -9999 -96.0356826782227 -98.1080474853516 -100.18041229248 -102.252784729004 -104.325149536133 -104.741592407227 -104.606056213379 -104.470527648926 -104.334991455078 -104.199462890625 -104.063926696777 -103.92839050293 -103.573394775391 -102.560020446777 -101.54663848877 -100.533256530762 -9999 -9999 -9999 -9999 -9999 -9999 -9999 -9999 -9999 -9999 -9999
-9999 -9999 -9999 -83.64892578125 -83.7895278930664 -9999 -9999 -9999 -9999 -9999 -9999 -9999 -9999 -9999 -9999 -9999 -9999 -95.9289932250977 -97.9049987792969 -99.8810119628906 -101.85701751709 -103.833023071289 -104.372230529785 -104.432502746582 -104.492774963379 -104.553047180176 -104.613311767578 -104.673583984375 -104.733856201172 -104.492446899414 -103.345985412598 -102.199523925781 -101.053062438965 -9999 -9999 -9999 -9999 -9999 -9999 -9999 -9999 -9999 -9999 -9999
-9999 -9999 -83.7271118164062 -83.986083984375 -84.2450637817383 -84.504035949707 -9999 -9999 -9999 -9999 -9999 -9999 -9999 -9999 -9999 -9999 -9999 -95.8223037719727 -97.7019500732422 -99.5816040039062 -101.461250305176 -103.34090423584 -104.002868652344 -104.258941650391 -104.515022277832 -104.771095275879 -105.027168273926 -105.283241271973 -105.53931427002 -105.411491394043 -104.131942749023 -102.852401733398 -101.572860717773 -9999 -9999 -9999 -9999 -9999 -9999 -9999 -9999 -9999 -9999 -9999
-9999 -9999 -83.9458999633789 -84.3232421875 -84.7005920410156 -85.0779342651367 -9999 -9999 -9999 -9999 -9999 -9999 -9999 -9999 -9999 -9999 -93.9323272705078 -95.7156143188477 -97.498908996582 -99.2821960449219 -101.065490722656 -102.848777770996 -103.633506774902 -104.085388183594 -104.537269592285 -104.989143371582 -105.441024780273 -105.89289855957 -106.344779968262 -106.330535888672 -104.917907714844 -103.50528717041 -102.092666625977 -9999 -9999 -9999 -9999 -9999 -9999 -9999 -9999 -9999 -9999 -9999
-9999 -9999 -9999 -84.660400390625 -85.156120300293 -9999 -9999 -9999 -9999 -9999 -9999 -9999 -9999 -9999 -9999 -92.2350616455078 -93.9219970703125 -95.6089248657227 -97.2958602905273 -98.9827880859375 -100.669723510742 -102.356651306152 -103.264144897461 -103.911827087402 -104.559509277344 -105.207191467285 -105.854873657227 -106.502563476562 -107.150245666504 -107.249580383301 -105.703872680664 -104.158172607422 -102.612464904785 -9999 -9999 -9999 -9999 -9999 -9999 -9999 -9999 -9999 -9999 -9999
-9999 -9999 -9999 -9999 -9999 -9999 -9999 -9999 -9999 -9999 -9999 -9999 -9999 -9999 -9999 -92.3210906982422 -93.9116668701172 -95.5022354125977 -97.0928115844727 -98.6833801269531 -100.273956298828 -101.864532470703 -102.894790649414 -103.738273620605 -104.581756591797 -105.425247192383 -106.268730163574 -107.11222076416 -107.955703735352 -108.16862487793 -106.489837646484 -104.811050415039 -103.132270812988 -101.453483581543 -9999 -9999 -9999 -9999 -9999 -9999 -9999 -9999 -9999 -9999
-9999 -9999 -9999 -9999 -9999 -9999 -9999 -87.7355728149414 -88.2191162109375 -88.7026596069336 -89.1862030029297 -9999 -9999 -90.6368408203125 -9999 -92.8431625366211 -94.3180923461914 -95.7930221557617 -97.267951965332 -98.7428817749023 -100.217811584473 -101.692741394043 -102.775833129883 -103.728309631348 -104.680793762207 -105.633270263672 -106.585746765137 -107.538230895996 -108.490707397461 -108.790023803711 -107.129875183105 -105.4697265625 -103.8095703125 -102.149421691895 -9999 -9999 -9999 -9999 -9999 -9999 -9999 -9999 -9999 -9999
-9999 -9999 -9999 -9999 -9999 -9999 -87.2421569824219 -87.8817672729492 -88.5105819702148 -89.1393966674805 -89.7682113647461 -90.3970260620117 -91.0258407592773 -91.654655456543 -92.4612731933594 -9999 -95.1412811279297 -96.4812774658203 -97.8212814331055 -99.1612854003906 -100.501289367676 -101.841293334961 -102.907287597656 -103.881950378418 -104.856605529785 -105.831268310547 -106.805931091309 -107.780586242676 -108.755249023438 -109.113792419434 -107.623985290527 -106.134185791016 -104.644378662109 -103.154571533203 -101.664764404297 -9999 -9999 -9999 -9999 -9999 -9999 -9999 -9999 -9999
-9999 -9999 -9999 -9999 -9999 -9999 -9999 -88.027961730957 -88.8020477294922 -89.5761337280273 -90.3502197265625 -91.1243057250977 -91.8983917236328 -92.672477722168 -93.554313659668 -94.7593841552734 -95.9644622802734 -97.1695404052734 -98.3746185302734 -99.5796890258789 -100.784767150879 -101.989845275879 -103.03874206543 -104.035583496094 -105.032424926758 -106.029266357422 -107.026107788086 -108.02294921875 -109.019790649414 -109.437561035156 -108.118095397949 -106.798637390137 -105.479179382324 -104.159721374512 -102.840263366699 -101.520805358887 -9999 -9999 -9999 -9999 -9999 -9999 -9999 -9999
-9999 -9999 -9999 -9999 -9999 -9999 -9999 -9999 -89.0935134887695 -90.0128707885742 -90.9322280883789 -91.8515853881836 -92.7709426879883 -93.690299987793 -94.6473541259766 -95.7174987792969 -96.7876510620117 -97.857795715332 -98.9279479980469 -99.9981002807617 -101.068244934082 -102.138397216797 -103.170196533203 -104.189224243164 -105.20824432373 -106.227264404297 -107.246292114258 -108.265312194824 -109.284332275391 -109.761322021484 -108.612213134766 -107.463096618652 -106.313987731934 -105.16487121582 -104.015762329102 -102.866645812988 -101.71753692627 -100.581275939941 -9999 -9999 -9999 -9999 -9999 -9999
-9999 -9999 -9999 -9999 -9999 -9999 -9999 -9999 -9999 -90.4496002197266 -91.5142288208008 -92.578857421875 -93.6434860229492 -94.7081146240234 -95.7403945922852 -96.6756134033203 -97.61083984375 -98.5460586547852 -99.4812774658203 -100.41650390625 -101.351722717285 -102.28694152832 -103.301651000977 -104.34285736084 -105.384063720703 -106.425262451172 -107.466468811035 -108.507675170898 -109.548873901367 -110.085090637207 -109.106323242188 -108.127555847168 -107.148788452148 -106.170021057129 -105.191253662109 -104.21248626709 -103.23371887207 -101.98860168457 -100.654693603516 -9999 -9999 -9999 -9999 -9999
-9999 -9999 -9999 -9999 -9999 -9999 -9999 -9999 -9999 -9999 -92.0962371826172 -93.3061370849609 -94.5160369873047 -95.7259368896484 -96.8334350585938 -97.6337280273438 -98.4340209960938 -99.2343139648438 -100.034614562988 -100.834907531738 -101.635200500488 -102.435493469238 -103.43310546875 -104.496490478516 -105.559875488281 -106.623260498047 -107.686653137207 -108.750038146973 -109.813423156738 -110.408851623535 -109.600433349609 -108.792015075684 -107.983596801758 -107.175170898438 -106.366752624512 -105.558334350586 -104.749908447266 -103.395919799805 -101.860076904297 -9999 -9999 -9999 -9999 -9999
-9999 -9999 -9999 -9999 -9999 -9999 -9999 -9999 -9999 -9999 -9999 -93.1573715209961 -94.3861083984375 -95.6148452758789 -96.7201766967773 -97.4552841186523 -98.1903991699219 -98.9255142211914 -99.6606292724609 -100.395736694336 -101.130851745605 -101.865966796875 -102.885108947754 -103.998924255371 -105.112739562988 -106.226554870605 -107.340370178223 -108.45418548584 -109.568000793457 -110.255928039551 -109.666191101074 -109.076454162598 -108.486717224121 -107.89697265625 -107.307235717773 -106.717498779297 -106.12776184082 -104.706474304199 -103.007995605469 -9999 -9999 -9999 -9999 -9999
-9999 -9999 -9999 -9999 -9999 -9999 -9999 -9999 -9999 -9999 -9999 -9999 -93.2537078857422 -94.3748397827148 -95.4006118774414 -96.1402893066406 -96.8799667358398 -97.6196441650391 -98.3593292236328 -99.099006652832 -99.8386840820312 -100.57836151123 -101.657653808594 -102.850143432617 -104.042640686035 -105.235137939453 -106.427635192871 -107.620124816895 -108.812622070312 -109.626312255859 -109.303588867188 -108.98087310791 -108.658149719238 -108.335426330566 -108.012710571289 -107.689987182617 -107.367263793945 -105.920249938965 -104.098457336426 -102.276672363281 -9999 -9999 -9999 -9999
