data/working_set_collections/6091692-Cassins_Sparrow-M2/1995/prectotcorr_avg.asc
NCOLS 265 
NROWS 230 
XLLCORNER -115.5625 
YLLCORNER 24.8333333333333 
CELLSIZE 0.0833333333333333 
NODATA_value -9999 
[rows 162 to 179 of 230, columns 0 to 40 of 265]
7.16618887963705e-06 7.02512306816061e-06 6.88405725668417e-06 6.74299144520774e-06 6.60192608847865e-06 6.46086027700221e-06 6.31979446552577e-06 6.12290250501246e-06 5.90740182815352e-06 5.69190160604194e-06 5.476400929183e-06 5.26090025232406e-06 -9999 -9999 -9999 -9999 -9999 -9999 -9999 -9999 -9999 -9999 -9999 -9999 -9999 -9999 -9999 -9999 -9999 -9999 -9999 -9999 5.41457939107204e-06 5.56226632397738e-06 5.70995280213538e-06 5.85763973504072e-06 6.00532621319871e-06 6.13494194112718e-06 6.25853408564581e-06 6.38212623016443e-06 6.5057179199357e-06
7.09009691490792e-06 6.95934295436018e-06 6.8285885390651e-06 6.69783457851736e-06 6.56708061796962e-06 6.43632620267454e-06 6.3055722421268e-06 6.10069764661603e-06 5.87111617278424e-06 5.64153469895246e-06 5.41195322512067e-06 5.18237175128888e-06 -9999 -9999 -9999 -9999 -9999 -9999 -9999 -9999 -9999 -9999 -9999 -9999 -9999 -9999 -9999 -9999 -9999 -9999 -9999 -9999 5.26344001627876e-06 5.41992858416052e-06 5.57641715204227e-06 5.73290571992402e-06 5.88939428780577e-06 6.04098659096053e-06 6.19094680587295e-06 6.34090702078538e-06 6.49086723569781e-06
7.01400540492614e-06 6.89356284055975e-06 6.77312027619337e-06 6.65267771182698e-06 6.5322351474606e-06 6.41179258309421e-06 6.29135001872783e-06 6.07849233347224e-06 5.83483006266761e-06 5.59116779186297e-06 5.34750552105834e-06 5.10384279550635e-06 -9999 -9999 -9999 -9999 -9999 -9999 -9999 -9999 -9999 -9999 -9999 -9999 -9999 -9999 -9999 -9999 -9999 -9999 -9999 -9999 5.11230018673814e-06 5.27759084434365e-06 5.44288104720181e-06 5.60817170480732e-06 5.77346236241283e-06 5.94703124079388e-06 6.1233595261001e-06 6.29968826615368e-06 6.47601655145991e-06
6.93791344019701e-06 6.82778227201197e-06 6.71765155857429e-06 6.60752039038925e-06 6.49738967695157e-06 6.38725850876654e-06 6.27712779532885e-06 6.0562874750758e-06 5.79854395255097e-06 5.54080088477349e-06 5.28305736224866e-06 5.02531429447117e-06 -9999 -9999 -9999 -9999 -9999 -9999 -9999 -9999 -9999 -9999 -9999 -9999 -9999 -9999 -9999 -9999 -9999 -9999 -9999 -9999 4.96116035719751e-06 5.13525310452678e-06 5.3093453971087e-06 5.48343814443797e-06 5.65753043701989e-06 5.85307589062722e-06 6.0557727010746e-06 6.25846905677463e-06 6.46116586722201e-06
6.86182147546788e-06 6.76200215821154e-06 6.66218284095521e-06 6.56236352369888e-06 6.46254420644254e-06 6.36272488918621e-06 6.26290557192988e-06 6.03408216193202e-06 5.76225829718169e-06 5.49043397768401e-06 5.21860965818632e-06 4.94678579343599e-06 -9999 -9999 -9999 -9999 -9999 -9999 -9999 -9999 -9999 -9999 -9999 -9999 -9999 -9999 -9999 -9999 -9999 -9999 -9999 -9999 4.81002052765689e-06 4.99291490996256e-06 5.17580974701559e-06 5.35870412932127e-06 5.54159851162694e-06 5.75912054046057e-06 5.98818542130175e-06 6.21725030214293e-06 6.44631472823676e-06
6.78572951073875e-06 6.69622158966376e-06 6.60671412333613e-06 6.51720620226115e-06 6.42769873593352e-06 6.33819081485854e-06 6.24868289378355e-06 6.01187730353558e-06 5.72597218706505e-06 5.44006707059452e-06 5.15416195412399e-06 4.86825683765346e-06 -9999 -9999 -9999 -9999 -9999 -9999 -9999 -9999 -9999 -9999 -9999 -9999 -9999 -9999 -9999 -9999 -9999 -9999 -9999 -9999 -9999 4.8505771701457e-06 5.04227364217513e-06 5.23397011420457e-06 5.425666586234e-06 5.66516519029392e-06 5.9205981415289e-06 6.17603109276388e-06 6.43146404399886e-06
6.5136437115143e-06 6.45441150481929e-06 6.39517884337693e-06 6.33594663668191e-06 6.27671397523955e-06 6.21748131379718e-06 6.15824910710216e-06 5.92948845223873e-06 5.64421816307004e-06 5.35894832864869e-06 5.07367849422735e-06 4.78840820505866e-06 4.50313837063732e-06 4.21786853621597e-06 -9999 -9999 -9999 -9999 -9999 -9999 -9999 -9999 -9999 -9999 -9999 -9999 -9999 -9999 -9999 -9999 -9999 -9999 -9999 -9999 4.95924405186088e-06 5.15886813445832e-06 5.35849221705575e-06 5.61603337700944e-06 5.89288038099767e-06 6.16972693023854e-06 6.44657393422676e-06
6.0455645325419e-06 6.03657099418342e-06 6.02757745582494e-06 6.01858346271911e-06 6.00958992436063e-06 6.00059638600214e-06 5.99160284764366e-06 5.7869151532941e-06 5.51699622519664e-06 5.24707775184652e-06 4.97715882374905e-06 4.70723989565158e-06 4.43732096755411e-06 4.16740203945665e-06 3.93064510717522e-06 -9999 -9999 -9999 -9999 -9999 -9999 -9999 -9999 -9999 -9999 -9999 -9999 -9999 -9999 -9999 -9999 -9999 -9999 -9999 -9999 5.13339773533517e-06 5.3400754040922e-06 5.61172510060715e-06 5.9050316849607e-06 6.19833826931426e-06 6.49164439892047e-06
5.5774853535695e-06 5.61873048354755e-06 5.6599756135256e-06 5.70122074350365e-06 5.74246632822906e-06 5.78371145820711e-06 5.82495658818516e-06 5.64434230909683e-06 5.38977428732323e-06 5.13520672029699e-06 4.88063915327075e-06 4.62607158624451e-06 4.37150356447091e-06 4.11693599744467e-06 3.89398928746232e-06 3.76590560335899e-06 3.63782191925566e-06 -9999 -9999 -9999 -9999 -9999 -9999 -9999 -9999 -9999 -9999 -9999 -9999 -9999 -9999 -9999 -9999 -9999 -9999 5.10792779095937e-06 5.321659045876e-06 5.6074163694575e-06 5.91718253417639e-06 6.22694915364264e-06 6.53671531836153e-06
5.10940571984975e-06 5.20088997291168e-06 5.29237422597362e-06 5.3838580242882e-06 5.47534227735014e-06 5.56682653041207e-06 5.65831032872666e-06 5.5017690101522e-06 5.26255234944983e-06 5.02333614349482e-06 4.78411948279245e-06 4.54490282209008e-06 4.30568661613506e-06 4.06646995543269e-06 3.85733392249676e-06 3.73843886336545e-06 3.6195440316078e-06 3.50064919985016e-06 -9999 -9999 -9999 -9999 -9999 -9999 -9999 -9999 -9999 -9999 -9999 -9999 -9999 -9999 -9999 -9999 -9999 -9999 5.30324223291245e-06 5.6031080930552e-06 5.92933383813943e-06 6.25556003797101e-06 6.58178578305524e-06
-9999 4.78304946227581e-06 4.92477238367428e-06 5.06649530507275e-06 5.20821822647122e-06 5.34994114786969e-06 5.49166406926815e-06 5.35919616595493e-06 5.13533086632378e-06 4.91146511194529e-06 4.68759981231415e-06 4.463734512683e-06 4.23986921305186e-06 4.01600391342072e-06 3.82067810278386e-06 3.71097235074558e-06 3.60126614395995e-06 3.49156016454799e-06 3.38185418513604e-06 3.27214820572408e-06 -9999 -9999 -9999 -9999 -9999 -9999 -9999 -9999 -9999 -9999 -9999 -9999 -9999 -9999 -9999 -9999 5.28482587469625e-06 5.59879936190555e-06 5.94148514210247e-06 6.28417092229938e-06 6.62685624774895e-06
-9999 -9999 -9999 4.7491325858573e-06 4.94109463033965e-06 5.13305622007465e-06 5.325018264557e-06 5.2166228670103e-06 5.00810892845038e-06 4.79959453514311e-06 4.59108014183585e-06 4.38256620327593e-06 4.17405180996866e-06 3.96553787140874e-06 3.7840227378183e-06 3.68350561075204e-06 3.58298848368577e-06 3.4824713566195e-06 3.38195400217955e-06 3.28143687511329e-06 3.18091974804702e-06 -9999 -9999 3.17384615300398e-06 3.24160214404401e-06 3.30935790771036e-06 -9999 -9999 -9999 -9999 -9999 -9999 -9999 -9999 -9999 -9999 5.2664090617327e-06 5.59449108550325e-06 5.9536364460655e-06 6.31278180662775e-06 6.67192716719001e-06
-9999 -9999 -9999 -9999 4.59928560303524e-06 4.81099641547189e-06 5.02270722790854e-06 4.94129017170053e-06 4.76216428069165e-06 4.58303793493542e-06 4.40391204392654e-06 4.22478569817031e-06 4.04565980716143e-06 3.8665334614052e-06 3.70932275473024e-06 3.61785873792542e-06 3.5263947211206e-06 3.4349304769421e-06 3.34346646013728e-06 3.25200221595878e-06 3.16053819915396e-06 -9999 -9999 3.15001238959667e-06 3.20932940667262e-06 3.2686461963749e-06 3.32796321345086e-06 -9999 -9999 -9999 -9999 -9999 -9999 -9999 -9999 -9999 -9999 5.53600693820044e-06 5.90301897318568e-06 6.27003100817092e-06 6.6370425884088e-06
-9999 -9999 -9999 -9999 -9999 -9999 -9999 4.53319762527826e-06 4.39749646830023e-06 4.26179576606955e-06 4.12609460909152e-06 3.99039345211349e-06 3.85469229513546e-06 3.71899113815743e-06 3.59657860826701e-06 3.51403173226572e-06 3.43148485626443e-06 3.34893798026314e-06 3.26639087688818e-06 3.18384400088689e-06 3.1012971248856e-06 3.01875024888432e-06 3.03989463645848e-06 3.09560255118413e-06 3.15131046590977e-06 3.20701838063542e-06 3.26272629536106e-06 3.31843421008671e-06 3.37414212481235e-06 -9999 -9999 -9999 -9999 -9999 -9999 -9999 -9999 -9999 5.789632723463e-06 6.15591807218152e-06 6.52220342090004e-06
-9999 -9999 -9999 -9999 -9999 -9999 -9999 -9999 4.03282911065617e-06 3.94055314245634e-06 3.84827717425651e-06 3.756000978683e-06 3.6637247831095e-06 3.57144881490967e-06 3.48383423443011e-06 3.41020449923235e-06 3.33657499140827e-06 3.26294525621051e-06 3.18931552101276e-06 3.11568601318868e-06 3.04205627799092e-06 2.96842654279317e-06 2.9890934456489e-06 3.04119248539791e-06 -9999 3.14539033752226e-06 3.19748937727127e-06 3.2495881896466e-06 3.30168722939561e-06 3.39728671860939e-06 -9999 -9999 -9999 -9999 -9999 -9999 -9999 5.31068826603587e-06 5.67624692848767e-06 6.04180559093948e-06 6.40736425339128e-06
-9999 -9999 -9999 -9999 -9999 -9999 -9999 -9999 -9999 3.6193107462168e-06 3.57045973942149e-06 3.52160850525252e-06 3.47275749845721e-06 3.42390626428823e-06 3.3710898605932e-06 3.30637749357265e-06 3.24166512655211e-06 3.17695253215788e-06 3.11224016513734e-06 3.04752779811679e-06 2.98281543109624e-06 2.91810283670202e-06 2.93829225483933e-06 2.9867824196117e-06 -9999 -9999 3.13225245918147e-06 3.18074239658017e-06 3.22923256135255e-06 3.3208934837603e-06 -9999 -9999 -9999 -9999 -9999 -9999 4.86911130792578e-06 5.1980287025799e-06 5.56286067876499e-06 5.92769265495008e-06 6.29252508588252e-06
-9999 -9999 -9999 -9999 -9999 -9999 -9999 -9999 -9999 -9999 -9999 3.2872162591957e-06 3.28178998643125e-06 3.27636394104047e-06 3.25834571412997e-06 3.20255048791296e-06 3.14675526169594e-06 3.09096003547893e-06 3.03516480926191e-06 2.9793695830449e-06 2.92357435682788e-06 2.86777913061087e-06 2.88749129140342e-06 2.93237235382549e-06 -9999 -9999 -9999 3.11189660351374e-06 3.15677766593581e-06 -9999 -9999 -9999 -9999 -9999 -9999 4.54198152510799e-06 4.75822844236973e-06 5.08536913912394e-06 5.44947488378966e-06 5.81358017370803e-06 6.1776854636264e-06
-9999 -9999 -9999 -9999 -9999 -9999 -9999 -9999 -9999 -9999 -9999 -9999 3.09082270177896e-06 3.12882161779271e-06 3.14560134029307e-06 3.09872325487959e-06 3.05184539683978e-06 3.0049673114263e-06 2.95808945338649e-06 2.91121136797301e-06 2.8643335099332e-06 2.8174556518934e-06 2.83669010059384e-06 2.87796228803927e-06 2.9192344754847e-06 2.96050643555645e-06 -9999 -9999 -9999 -9999 -9999 -9999 -9999 -9999 -9999 4.43602584709879e-06 4.64734557681368e-06 4.97270957566798e-06 5.33608863406698e-06 5.69946723771864e-06 -9999
