data/working_set_collections/6091692-Cassins_Sparrow-M2/1995/prectotcorr_avg.asc
NCOLS 265 
NROWS 230 
XLLCORNER -115.5625 
YLLCORNER 24.8333333333333 
CELLSIZE 0.0833333333333333 
NODATA_value -9999 
[rows 18 to 35 of 230, columns 82 to 122 of 265]
1.17940189738874e-05 1.18454245239263e-05 1.189683098346e-05 1.19482374429936e-05 1.19996429930325e-05 1.20510494525661e-05 1.2102455002605e-05 1.20943577712751e-05 1.190774855786e-05 1.1721139344445e-05 1.15345301310299e-05 1.13479200081201e-05 1.11613107947051e-05 1.097470158129e-05 1.07880923678749e-05 1.09601432995987e-05 1.12517473098706e-05 1.15433522296371e-05 1.18349562399089e-05 1.21265611596755e-05 1.24181651699473e-05 1.27097691802192e-05 1.29932959680445e-05 1.32525901790359e-05 1.35118843900273e-05 1.37711786010186e-05 1.403047281201e-05 1.42897670230013e-05 1.45490612339927e-05 1.4808355444984e-05 1.48962399180164e-05 1.49269881148939e-05 1.49577363117714e-05 1.4988484508649e-05 1.50192327055265e-05 1.50499809024041e-05 1.50807290992816e-05 1.50915648191585e-05 1.50426631080336e-05 1.49937613969087e-05 1.49448596857837e-05
1.12718025775393e-05 1.13122196125914e-05 1.13526366476435e-05 1.13930536826956e-05 1.14334707177477e-05 1.14738877527998e-05 1.15143047878519e-05 1.15175753307994e-05 1.14094063974335e-05 1.13012383735622e-05 1.11930694401963e-05 1.1084901416325e-05 1.0976732482959e-05 1.08685644590878e-05 1.07603955257218e-05 1.09509637695737e-05 1.12411107693333e-05 1.15312577690929e-05 1.18214047688525e-05 1.21115517686121e-05 1.24016987683717e-05 1.26918457681313e-05 1.29720347104012e-05 1.3222349480202e-05 1.34726651594974e-05 1.37229799292982e-05 1.39732946990989e-05 1.42236103783944e-05 1.44739251481951e-05 1.47242408274906e-05 1.48126937347115e-05 1.48471935972339e-05 1.48816934597562e-05 1.49161924127839e-05 1.49506922753062e-05 1.49851912283339e-05 1.50196910908562e-05 1.50320311149699e-05 1.49778934428468e-05 1.49237548612291e-05 1.48696171891061e-05
1.07495861811913e-05 1.07790137917618e-05 1.08084423118271e-05 1.08378699223977e-05 1.08672975329682e-05 1.08967260530335e-05 1.09261536636041e-05 1.09407928903238e-05 1.09110651465016e-05 1.08813374026795e-05 1.08516096588573e-05 1.08218819150352e-05 1.0792154171213e-05 1.07624264273909e-05 1.07326986835687e-05 1.09417842395487e-05 1.12304733193014e-05 1.15191633085487e-05 1.18078523883014e-05 1.20965423775488e-05 1.23852314573014e-05 1.26739214465488e-05 1.29507725432632e-05 1.3192108781368e-05 1.34334450194729e-05 1.36747812575777e-05 1.39161174956826e-05 1.41574537337874e-05 1.43987899718923e-05 1.46401262099971e-05 1.47291484609013e-05 1.47673990795738e-05 1.48056496982463e-05 1.48439003169187e-05 1.48821509355912e-05 1.49204015542637e-05 1.49586521729361e-05 1.49724965012865e-05 1.49131228681654e-05 1.48537492350442e-05 1.47943746924284e-05
1.02273697848432e-05 1.02458088804269e-05 1.02642479760107e-05 1.02826861620997e-05 1.03011252576835e-05 1.03195643532672e-05 1.03380025393562e-05 1.03640104498481e-05 1.04127229860751e-05 1.04614364317968e-05 1.05101498775184e-05 1.05588624137454e-05 1.0607575859467e-05 1.06562893051887e-05 1.07050018414157e-05 1.09326047095237e-05 1.12198367787641e-05 1.15070688480046e-05 1.1794300917245e-05 1.20815329864854e-05 1.23687650557258e-05 1.26559971249662e-05 1.29295103761251e-05 1.31618680825341e-05 1.33942248794483e-05 1.36265825858572e-05 1.38589393827715e-05 1.40912961796857e-05 1.43236538860947e-05 1.45560106830089e-05 1.46456022775965e-05 1.46876036524191e-05 1.47296059367363e-05 1.47716082210536e-05 1.48136095958762e-05 1.48556118801935e-05 1.48976141645107e-05 1.49129627970979e-05 1.48483532029786e-05 1.47837426993647e-05 1.47191331052454e-05
9.70515429798979e-06 9.71260396909202e-06 9.72005364019424e-06 9.72750331129646e-06 9.73495298239868e-06 9.7424026535009e-06 9.74985232460313e-06 9.78722800937248e-06 9.91438173514325e-06 1.0041535460914e-05 1.01686891866848e-05 1.02958438219503e-05 1.0422997547721e-05 1.05501512734918e-05 1.06773049992626e-05 1.0923424270004e-05 1.12091993287322e-05 1.14949743874604e-05 1.17807485366939e-05 1.2066523595422e-05 1.23522977446555e-05 1.26380728033837e-05 1.29082482089871e-05 1.31316264742054e-05 1.33550047394237e-05 1.35783830046421e-05 1.38017612698604e-05 1.40251395350788e-05 1.42485178002971e-05 1.44718960655155e-05 1.45620560942916e-05 1.4607809134759e-05 1.46535621752264e-05 1.46993152156938e-05 1.47450691656559e-05 1.47908222061233e-05 1.48365752465907e-05 1.48534290929092e-05 1.47835826282972e-05 1.47137361636851e-05 1.46438906085677e-05
9.18293790164171e-06 9.17939814826241e-06 9.17585839488311e-06 9.17231955099851e-06 9.16877979761921e-06 9.16524095373461e-06 9.16170120035531e-06 9.21044556889683e-06 9.41604048421141e-06 9.62163449003128e-06 9.82722940534586e-06 1.00328243206604e-05 1.0238419235975e-05 1.04440132417949e-05 1.06496081571095e-05 1.0914244739979e-05 1.11985618787003e-05 1.14828799269162e-05 1.17671970656374e-05 1.20515142043587e-05 1.23358313430799e-05 1.26201484818012e-05 1.2886986041849e-05 1.31013857753715e-05 1.33157845993992e-05 1.35301843329216e-05 1.37445840664441e-05 1.39589828904718e-05 1.41733826239943e-05 1.4387781448022e-05 1.44785099109868e-05 1.4528014617099e-05 1.45775184137165e-05 1.46270231198287e-05 1.46765278259409e-05 1.47260325320531e-05 1.47755363286706e-05 1.47938944792259e-05 1.47188120536157e-05 1.46437305375002e-05 1.45686481118901e-05
8.87982059794012e-06 8.87785245140549e-06 8.87588430487085e-06 8.87391615833621e-06 8.87194801180158e-06 8.86997986526694e-06 8.8680117187323e-06 8.93539527169196e-06 9.21083392313449e-06 9.48627257457701e-06 9.76171122601954e-06 1.00371498774621e-05 1.03125885289046e-05 1.05880280898418e-05 1.08634667412844e-05 1.11515901153325e-05 1.14439417302492e-05 1.17362942546606e-05 1.20286458695773e-05 1.23209983939887e-05 1.26133500089054e-05 1.29057016238221e-05 1.31751357912435e-05 1.33758167066844e-05 1.35764967126306e-05 1.37771767185768e-05 1.3977856724523e-05 1.41785376399639e-05 1.43792176459101e-05 1.45798976518563e-05 1.46551501529757e-05 1.46885931826546e-05 1.47220371218282e-05 1.47554801515071e-05 1.4788923181186e-05 1.48223662108649e-05 1.48558101500385e-05 1.4858882423141e-05 1.47708424265147e-05 1.46828024298884e-05 1.45947633427568e-05
8.79580238688504e-06 8.80796596902655e-06 8.82012864167336e-06 8.83229222381487e-06 8.84445580595639e-06 8.8566193880979e-06 8.86878297023941e-06 8.96207711775787e-06 9.29876296140719e-06 9.63544971455121e-06 9.97213555820053e-06 1.03088214018499e-05 1.06455072454992e-05 1.09821930891485e-05 1.13188798422925e-05 1.16354603960644e-05 1.1945338883379e-05 1.22552173706936e-05 1.25650967675028e-05 1.28749752548174e-05 1.3184853742132e-05 1.34947331389412e-05 1.37726974571706e-05 1.39549183586496e-05 1.41371392601286e-05 1.43193610711023e-05 1.45015819725813e-05 1.46838028740603e-05 1.48660237755394e-05 1.50482446770184e-05 1.50919777297531e-05 1.50895466504153e-05 1.50871164805721e-05 1.5084686310729e-05 1.50822552313912e-05 1.5079825061548e-05 1.50773948917049e-05 1.50483920151601e-05 1.49396728374995e-05 1.4830953659839e-05 1.47222344821785e-05
8.71178417582996e-06 8.73807857715292e-06 8.76437388797058e-06 8.79066919878824e-06 8.8169645096059e-06 8.84325982042355e-06 8.86955422174651e-06 8.98875896382378e-06 9.3866929091746e-06 9.78462594503071e-06 1.01825589808868e-05 1.05804929262376e-05 1.09784259620938e-05 1.13763589979499e-05 1.17742929433007e-05 1.21193297673017e-05 1.24467360365088e-05 1.27741413962212e-05 1.31015467559337e-05 1.34289530251408e-05 1.37563583848532e-05 1.40837637445657e-05 1.43702582136029e-05 1.45340209201095e-05 1.46977827171213e-05 1.48615445141331e-05 1.5025306311145e-05 1.51890681081568e-05 1.53528308146633e-05 1.55165926116752e-05 1.55288053065306e-05 1.54905010276707e-05 1.54521967488108e-05 1.5413892469951e-05 1.53755881910911e-05 1.53372839122312e-05 1.52989796333713e-05 1.52379016071791e-05 1.51085032484843e-05 1.49791048897896e-05 1.48497065310949e-05
8.62776596477488e-06 8.66819209477399e-06 8.70861913426779e-06 8.7490461737616e-06 8.7894723037607e-06 8.82989934325451e-06 8.87032638274832e-06 9.0154408098897e-06 9.4746219474473e-06 9.93380217551021e-06 1.03929833130678e-05 1.08521635411307e-05 1.13113446786883e-05 1.17705249067512e-05 1.22297060443088e-05 1.26032000480336e-05 1.29481322801439e-05 1.32930654217489e-05 1.36379976538592e-05 1.39829298859695e-05 1.43278621180798e-05 1.46727943501901e-05 1.496781987953e-05 1.51131225720746e-05 1.52584252646193e-05 1.54037279571639e-05 1.55490306497086e-05 1.56943333422532e-05 1.58396360347979e-05 1.59849405463319e-05 1.59656319738133e-05 1.58914535859367e-05 1.58172751980601e-05 1.57430986291729e-05 1.56689202412963e-05 1.55947418534197e-05 1.55205634655431e-05 1.54274111991981e-05 1.52773336594692e-05 1.51272561197402e-05 1.49771785800112e-05
8.5437468442251e-06 8.59830561239505e-06 8.65286438056501e-06 8.70742223924026e-06 8.76198100741021e-06 8.81653886608547e-06 8.87109763425542e-06 9.04212356545031e-06 9.56255098572001e-06 1.00829793154844e-05 1.06034067357541e-05 1.11238350655185e-05 1.16442624857882e-05 1.21646908155526e-05 1.2685119145317e-05 1.30870703287655e-05 1.34495294332737e-05 1.38119885377819e-05 1.417444764229e-05 1.45369067467982e-05 1.48993667608011e-05 1.52618249558145e-05 1.55653815454571e-05 1.56922251335345e-05 1.5819068721612e-05 1.59459123096894e-05 1.60727558977669e-05 1.61995994858444e-05 1.63264430739218e-05 1.64532866619993e-05 1.6402458641096e-05 1.62924079631921e-05 1.61823554662988e-05 1.60723047883948e-05 1.59622522915015e-05 1.58521997946082e-05 1.57421491167042e-05 1.56169207912171e-05 1.54461649799487e-05 1.52754073496908e-05 1.51046506289276e-05
8.45972863317002e-06 8.52841913001612e-06 8.59710871736752e-06 8.66579921421362e-06 8.73448880156502e-06 8.80317929841112e-06 8.87186888576252e-06 9.06880541151622e-06 9.65048093348742e-06 1.02321555459639e-05 1.08138310679351e-05 1.13955065899063e-05 1.19771812023828e-05 1.2558856724354e-05 1.31405322463252e-05 1.35709406094975e-05 1.39509265864035e-05 1.43309125633095e-05 1.47108985402156e-05 1.50908845171216e-05 1.54708704940276e-05 1.58508555614389e-05 1.61629413923947e-05 1.6271325876005e-05 1.63797121786047e-05 1.6488096662215e-05 1.65964811458252e-05 1.67048656294355e-05 1.68132501130458e-05 1.69216345966561e-05 1.68392871273682e-05 1.66933605214581e-05 1.65474357345374e-05 1.64015109476168e-05 1.62555843417067e-05 1.6109659554786e-05 1.5963732948876e-05 1.58064303832361e-05 1.56149944814388e-05 1.54235585796414e-05 1.5232122677844e-05
8.59805368236266e-06 8.67790095071541e-06 8.75774821906816e-06 8.83759548742091e-06 8.91744275577366e-06 8.99729002412641e-06 9.07713729247916e-06 9.2896889327676e-06 9.90035368886311e-06 1.05110193544533e-05 1.11216841105488e-05 1.17323488666443e-05 1.23430136227398e-05 1.295367928833e-05 1.35643440444255e-05 1.40250449476298e-05 1.44357582030352e-05 1.48464714584406e-05 1.52571856233408e-05 1.56678979692515e-05 1.60786112246569e-05 1.64893244800624e-05 1.68207825481659e-05 1.69144714163849e-05 1.70081602846039e-05 1.7101849152823e-05 1.7195538021042e-05 1.7289226889261e-05 1.73829157574801e-05 1.74766046256991e-05 1.73641110450262e-05 1.71828905877192e-05 1.70016701304121e-05 1.6820449673105e-05 1.6639229215798e-05 1.64580087584909e-05 1.62767883011838e-05 1.60884665092453e-05 1.58788407134125e-05 1.56692149175797e-05 1.54595891217468e-05
8.95872199180303e-06 9.04675198398763e-06 9.13478197617223e-06 9.22281196835684e-06 9.31084196054144e-06 9.39887286222074e-06 9.48690285440534e-06 9.70477412920445e-06 1.03121719803312e-05 1.09195689219632e-05 1.15269658635953e-05 1.2134363714722e-05 1.2741760656354e-05 1.3349157597986e-05 1.39565554491128e-05 1.44493851621519e-05 1.49040261021582e-05 1.53586679516593e-05 1.5813307982171e-05 1.6267949831672e-05 1.67225898621837e-05 1.71772317116847e-05 1.75389013747917e-05 1.76216581166955e-05 1.77044148585992e-05 1.77871716005029e-05 1.78699283424066e-05 1.79526850843104e-05 1.80354400072247e-05 1.81181967491284e-05 1.7976934032049e-05 1.77609981619753e-05 1.75450604729122e-05 1.73291246028384e-05 1.71131869137753e-05 1.68972510437015e-05 1.66813151736278e-05 1.64630309882341e-05 1.62377036758699e-05 1.6012378182495e-05 1.57870508701308e-05
9.3193903012434e-06 9.41560301725985e-06 9.51181573327631e-06 9.60802844929276e-06 9.70424207480391e-06 9.80045479082037e-06 9.89666750683682e-06 1.0119860235136e-05 1.07239893623046e-05 1.13281184894731e-05 1.19322485261364e-05 1.2536377653305e-05 1.31405076899682e-05 1.37446368171368e-05 1.43487659443053e-05 1.4873725376674e-05 1.53722940012813e-05 1.58708626258885e-05 1.63694312504958e-05 1.68679998751031e-05 1.73665703186998e-05 1.78651389433071e-05 1.8257022020407e-05 1.8328844817006e-05 1.84006694325944e-05 1.84724940481829e-05 1.85443168447819e-05 1.86161414603703e-05 1.86879660759587e-05 1.87597906915471e-05 1.85897570190718e-05 1.8339103917242e-05 1.80884508154122e-05 1.78377977135824e-05 1.75871446117526e-05 1.73364933289122e-05 1.70858402270824e-05 1.68375936482335e-05 1.65965666383272e-05 1.6355539628421e-05 1.61145126185147e-05
9.68005770118907e-06 9.78445405053208e-06 9.88884949038038e-06 9.99324583972339e-06 1.00976412795717e-05 1.020203671942e-05 1.0306433068763e-05 1.05349454315729e-05 1.11358067442779e-05 1.17366689664777e-05 1.23375302791828e-05 1.29383925013826e-05 1.35392538140877e-05 1.41401160362875e-05 1.47409773489926e-05 1.52980646817014e-05 1.58405619004043e-05 1.63830591191072e-05 1.69255545188207e-05 1.74680517375236e-05 1.80105489562266e-05 1.85530443559401e-05 1.89751408470329e-05 1.90360315173166e-05 1.90969240065897e-05 1.91578164958628e-05 1.92187071661465e-05 1.92795996554196e-05 1.93404903257033e-05 1.94013828149764e-05 1.92025781871052e-05 1.89172096725088e-05 1.86318411579123e-05 1.83464726433158e-05 1.80611041287193e-05 1.77757337951334e-05 1.74903652805369e-05 1.72121563082328e-05 1.69554296007846e-05 1.66987010743469e-05 1.64419743668986e-05
1.00407260106294e-05 1.01533050838043e-05 1.02658832474845e-05 1.03784623206593e-05 1.04910404843395e-05 1.06036195575143e-05 1.07161986306892e-05 1.09500306280097e-05 1.1547625035746e-05 1.21452185339876e-05 1.2742812941724e-05 1.33404064399656e-05 1.39380008477019e-05 1.45355943459435e-05 1.51331887536799e-05 1.57224058057182e-05 1.63088297995273e-05 1.68952537933365e-05 1.74816777871456e-05 1.80681035999442e-05 1.86545275937533e-05 1.92409515875624e-05 1.96932596736588e-05 1.97432200366165e-05 1.97931785805849e-05 1.98431389435427e-05 1.98930974875111e-05 1.99430560314795e-05 1.99930163944373e-05 2.00429749384057e-05 1.98154011741281e-05 1.94953172467649e-05 1.91752315004123e-05 1.88551457540598e-05 1.85350618266966e-05 1.82149760803441e-05 1.78948903339915e-05 1.75867207872216e-05 1.73142925632419e-05 1.70418643392622e-05 1.67694361152826e-05
1.04013943200698e-05 1.05221552075818e-05 1.06429170045885e-05 1.07636788015952e-05 1.08844405986019e-05 1.10052014861139e-05 1.11259632831207e-05 1.13651158244465e-05 1.19594424177194e-05 1.25537690109923e-05 1.31480946947704e-05 1.37424212880433e-05 1.43367469718214e-05 1.49310735650943e-05 1.55254001583671e-05 1.61467451107455e-05 1.67770976986503e-05 1.74074502865551e-05 1.80378010554705e-05 1.86681536433753e-05 1.929850623128e-05 1.99288588191848e-05 2.04113785002846e-05 2.04504067369271e-05 2.04894331545802e-05 2.05284595722333e-05 2.05674878088757e-05 2.06065142265288e-05 2.06455406441819e-05 2.06845688808244e-05 2.04282241611509e-05 2.00734230020316e-05 1.97186218429124e-05 1.93638206837932e-05 1.90090195246739e-05 1.86542183655547e-05 1.82994153874461e-05 1.79612834472209e-05 1.76731555256993e-05 1.73850257851882e-05 1.70968978636665e-05
