data/working_set_collections/6091692-Cassins_Sparrow-M2/1995/prectotcorr_avg.asc
NCOLS 265 
NROWS 230 
XLLCORNER -115.5625 
YLLCORNER 24.8333333333333 
CELLSIZE 0.0833333333333333 
NODATA_value -9999 
[rows 54 to 71 of 230, columns 123 to 163 of 265]
1.76523426489439e-05 1.7383776139468e-05 1.71152114489814e-05 1.68466449395055e-05 1.6646508811391e-05 1.64691809914075e-05 1.6291853171424e-05 1.61145253514405e-05 1.59371975314571e-05 1.57598697114736e-05 1.55825418914901e-05 1.54352928802837e-05 1.53782748384401e-05 1.5321258615586e-05 1.52642405737424e-05 1.52072243508883e-05 1.51502072185394e-05 1.50931900861906e-05 1.50361729538417e-05 1.50882751768222e-05 1.51767517309054e-05 1.52652264659991e-05 1.53537021105876e-05 1.54421795741655e-05 1.5530655218754e-05 1.56191308633424e-05 1.57055255840532e-05 1.57856793521205e-05 1.58658331201877e-05 1.59459887072444e-05 1.60261424753116e-05 1.61062962433789e-05 1.61864500114461e-05 1.62666037795134e-05 1.6326344848494e-05 1.63792828971054e-05 1.64322191267274e-05 1.64851571753388e-05 1.65380934049608e-05 1.65910314535722e-05 1.66439676831942e-05
1.72688851307612e-05 1.70473103935365e-05 1.68257374753011e-05 1.66041627380764e-05 1.6436310033896e-05 1.62863634614041e-05 1.61364168889122e-05 1.59864703164203e-05 1.58365255629178e-05 1.56865789904259e-05 1.5536632417934e-05 1.54093104356434e-05 1.53498585859779e-05 1.52904085553018e-05 1.52309567056363e-05 1.51715057654656e-05 1.51120548252948e-05 1.5052603885124e-05 1.49931529449532e-05 1.50450505316257e-05 1.51340645970777e-05 1.52230786625296e-05 1.53120927279815e-05 1.54011067934334e-05 1.54901208588853e-05 1.55791349243373e-05 1.56680234795203e-05 1.57565409608651e-05 1.58450584422098e-05 1.59335759235546e-05 1.60220934048994e-05 1.61106090672547e-05 1.61991265485995e-05 1.62876440299442e-05 1.63526892720256e-05 1.64099128596717e-05 1.64671346283285e-05 1.65243563969852e-05 1.6581578165642e-05 1.66388017532881e-05 1.66960235219449e-05
1.68854257935891e-05 1.6710844647605e-05 1.65362616826314e-05 1.63616805366473e-05 1.62261112564011e-05 1.61035459314007e-05 1.59809806064004e-05 1.58584171003895e-05 1.57358517753892e-05 1.56132864503888e-05 1.54907211253885e-05 1.53833261720138e-05 1.53214423335157e-05 1.52595566760283e-05 1.51976728375303e-05 1.51357880895375e-05 1.50739033415448e-05 1.50120185935521e-05 1.49501338455593e-05 1.50018258864293e-05 1.50913783727447e-05 1.51809299495653e-05 1.5270481526386e-05 1.53600340127014e-05 1.54495864990167e-05 1.55391389853321e-05 1.56305231939768e-05 1.57274025696097e-05 1.5824283764232e-05 1.59211631398648e-05 1.60180443344871e-05 1.61149237101199e-05 1.62118049047422e-05 1.6308684280375e-05 1.63790355145466e-05 1.64405428222381e-05 1.65020501299296e-05 1.65635574376211e-05 1.66250629263232e-05 1.66865702340147e-05 1.67480775417062e-05
1.65019682754064e-05 1.63743789016735e-05 1.62467877089512e-05 1.61191965162288e-05 1.60159124789061e-05 1.59207284013974e-05 1.5825546142878e-05 1.57303620653693e-05 1.56351779878605e-05 1.55399957293412e-05 1.54448116518324e-05 1.53573437273735e-05 1.52930260810535e-05 1.52287066157442e-05 1.51643880599295e-05 1.51000695041148e-05 1.50357509483001e-05 1.49714323924854e-05 1.49071138366708e-05 1.49586021507275e-05 1.50486921484116e-05 1.51387821460958e-05 1.52288721437799e-05 1.53189630509587e-05 1.54090521391481e-05 1.54991430463269e-05 1.55930210894439e-05 1.56982641783543e-05 1.58035072672646e-05 1.5908750356175e-05 1.60139952640748e-05 1.61192383529851e-05 1.62244814418955e-05 1.63297245308058e-05 1.64053799380781e-05 1.64711727848044e-05 1.65369638125412e-05 1.66027566592675e-05 1.66685495059937e-05 1.67343405337306e-05 1.68001333804568e-05
1.61185107572237e-05 1.60379113367526e-05 1.59573137352709e-05 1.58767143147998e-05 1.58057137014112e-05 1.5737910871394e-05 1.56701098603662e-05 1.5602307030349e-05 1.55345060193213e-05 1.54667031893041e-05 1.53989003592869e-05 1.53313612827333e-05 1.52646098285913e-05 1.519785655546e-05 1.51311041918234e-05 1.50643518281868e-05 1.49975994645501e-05 1.49308461914188e-05 1.48640938277822e-05 1.49153775055311e-05 1.50060050145839e-05 1.50966334331315e-05 1.51872618516791e-05 1.52778902702266e-05 1.53685177792795e-05 1.54591471073218e-05 1.5555518984911e-05 1.56691257870989e-05 1.57827325892868e-05 1.58963393914746e-05 1.60099461936625e-05 1.61235529958503e-05 1.62371579790488e-05 1.63507647812366e-05 1.64317243616097e-05 1.65018027473707e-05 1.65718793141423e-05 1.66419558809139e-05 1.67120342666749e-05 1.67821108334465e-05 1.68521874002181e-05
1.5735053239041e-05 1.57014455908211e-05 1.56678379426012e-05 1.56342321133707e-05 1.55955149239162e-05 1.55550933413906e-05 1.55146735778544e-05 1.54742519953288e-05 1.54338322317926e-05 1.5393410649267e-05 1.53529908857308e-05 1.5305378838093e-05 1.52361926666345e-05 1.51670064951759e-05 1.50978194142226e-05 1.5028633242764e-05 1.49594470713055e-05 1.48902608998469e-05 1.48210747283883e-05 1.48721528603346e-05 1.49633187902509e-05 1.50544856296619e-05 1.51456515595783e-05 1.52368174894946e-05 1.53279834194109e-05 1.54191511683166e-05 1.55180168803781e-05 1.56399873958435e-05 1.57619579113089e-05 1.58839266077848e-05 1.60058971232502e-05 1.61278658197261e-05 1.62498363351915e-05 1.63718050316675e-05 1.64580706041306e-05 1.6532432709937e-05 1.66067948157433e-05 1.66811569215497e-05 1.67555190273561e-05 1.68298811331624e-05 1.69042432389688e-05
1.54676654346986e-05 1.54568915604614e-05 1.54461195052136e-05 1.54353456309764e-05 1.5410525520565e-05 1.53810251504183e-05 1.53515229612822e-05 1.53220225911355e-05 1.52925204019994e-05 1.52630200318526e-05 1.52335187522112e-05 1.51943859236781e-05 1.51263593579642e-05 1.50583327922504e-05 1.49903062265366e-05 1.49222796608228e-05 1.4854253095109e-05 1.47862265293952e-05 1.47181999636814e-05 1.47729360833182e-05 1.48685940075666e-05 1.49642510223202e-05 1.50599080370739e-05 1.51555659613223e-05 1.5251222976076e-05 1.53468809003243e-05 1.54518675117288e-05 1.55848410940962e-05 1.57178146764636e-05 1.5850788258831e-05 1.59837618411984e-05 1.61167372425552e-05 1.62497108249227e-05 1.63826844072901e-05 1.64754510478815e-05 1.65548153745476e-05 1.66341797012137e-05 1.67135422088904e-05 1.67929065355565e-05 1.68722708622226e-05 1.69516351888888e-05
1.53163473441964e-05 1.53042510646628e-05 1.52921529661398e-05 1.52800566866063e-05 1.52507482198416e-05 1.52157044794876e-05 1.51806607391336e-05 1.51456160892849e-05 1.51105723489309e-05 1.50755276990822e-05 1.50404839587281e-05 1.49983825394884e-05 1.4935108993086e-05 1.48718363561784e-05 1.4808562809776e-05 1.47452901728684e-05 1.46820166264661e-05 1.46187430800637e-05 1.45554704431561e-05 1.46177280839765e-05 1.47218297570362e-05 1.48259314300958e-05 1.49300321936607e-05 1.50341338667204e-05 1.513823553978e-05 1.52423372128396e-05 1.53570672409842e-05 1.5503686881857e-05 1.56503065227298e-05 1.57969243446132e-05 1.5943543985486e-05 1.60901636263588e-05 1.62367814482423e-05 1.63834010891151e-05 1.64838675118517e-05 1.65689507412026e-05 1.66540339705534e-05 1.67391153809149e-05 1.68241986102657e-05 1.69092818396166e-05 1.6994363249978e-05
1.51650301631889e-05 1.51516087498749e-05 1.51381882460555e-05 1.51247668327414e-05 1.50909709191183e-05 1.50503838085569e-05 1.50097976074903e-05 1.4969210496929e-05 1.49286233863677e-05 1.48880362758064e-05 1.48474491652451e-05 1.48023791552987e-05 1.47438595377025e-05 1.46853399201063e-05 1.46268203025102e-05 1.45682997754193e-05 1.45097801578231e-05 1.44512605402269e-05 1.43927409226308e-05 1.44625200846349e-05 1.45750655065058e-05 1.46876109283767e-05 1.48001563502476e-05 1.49127026816132e-05 1.5025248103484e-05 1.51377935253549e-05 1.5262268789229e-05 1.54225326696178e-05 1.55827965500066e-05 1.57430604303954e-05 1.59033243107842e-05 1.60635900101624e-05 1.62238538905513e-05 1.63841177709401e-05 1.64922839758219e-05 1.65830861078575e-05 1.66738864209037e-05 1.67646885529393e-05 1.68554906849749e-05 1.69462909980211e-05 1.70370931300567e-05
1.50137129821815e-05 1.49989673445816e-05 1.49842226164765e-05 1.49694769788766e-05 1.49311936183949e-05 1.48850631376263e-05 1.48389335663524e-05 1.47928039950784e-05 1.47466744238045e-05 1.47005448525306e-05 1.46544152812567e-05 1.46063766806037e-05 1.4552610082319e-05 1.44988434840343e-05 1.44450768857496e-05 1.43913102874649e-05 1.43375436891802e-05 1.42837770908955e-05 1.42300104926107e-05 1.43073111757985e-05 1.44283012559754e-05 1.45492913361522e-05 1.46702805068344e-05 1.47912705870112e-05 1.49122597576934e-05 1.50332498378702e-05 1.51674694279791e-05 1.53413784573786e-05 1.55152883962728e-05 1.56891965161776e-05 1.58631064550718e-05 1.6037016393966e-05 1.62109245138709e-05 1.63848344527651e-05 1.65007022587815e-05 1.65972214745125e-05 1.66937406902434e-05 1.67902617249638e-05 1.68867809406947e-05 1.69833019754151e-05 1.7079821191146e-05
1.4862395801174e-05 1.48463259392884e-05 1.48302569868974e-05 1.48141871250118e-05 1.47714154081768e-05 1.47197433761903e-05 1.46680704347091e-05 1.46163984027226e-05 1.45647254612413e-05 1.45130534292548e-05 1.44613804877736e-05 1.4410373296414e-05 1.43613597174408e-05 1.43123470479622e-05 1.4263333468989e-05 1.42143207995105e-05 1.41653072205372e-05 1.41162945510587e-05 1.40672809720854e-05 1.41521031764569e-05 1.4281537005445e-05 1.44109708344331e-05 1.45404046634212e-05 1.46698384924093e-05 1.47992723213974e-05 1.49287061503856e-05 1.50726700667292e-05 1.52602242451394e-05 1.54477784235496e-05 1.56353326019598e-05 1.582288678037e-05 1.60104427777696e-05 1.61979969561798e-05 1.63855511345901e-05 1.65091187227517e-05 1.66113568411674e-05 1.67135949595831e-05 1.68158348969882e-05 1.69180730154039e-05 1.70203111338196e-05 1.71225510712247e-05
1.47110786201665e-05 1.46936845339951e-05 1.46762913573184e-05 1.4658897271147e-05 1.46116381074535e-05 1.45544227052596e-05 1.44972073030658e-05 1.4439991900872e-05 1.43827764986781e-05 1.4325562005979e-05 1.42683466037852e-05 1.42143699122244e-05 1.41701102620573e-05 1.41258506118902e-05 1.40815909617231e-05 1.4037331311556e-05 1.3993071661389e-05 1.39488111017272e-05 1.39045514515601e-05 1.39968951771152e-05 1.41347727549146e-05 1.42726512422087e-05 1.4410528820008e-05 1.45484063978074e-05 1.46862848851015e-05 1.48241624629009e-05 1.49778707054793e-05 1.51790700329002e-05 1.53802702698158e-05 1.5581468687742e-05 1.57826689246576e-05 1.59838691615732e-05 1.61850675794994e-05 1.63862678164151e-05 1.65175351867219e-05 1.66254922078224e-05 1.67334492289228e-05 1.68414080690127e-05 1.69493650901131e-05 1.70573221112136e-05 1.7165279132314e-05
1.46671209222404e-05 1.46497159221326e-05 1.46323109220248e-05 1.46149059219169e-05 1.45647572935559e-05 1.45036929097841e-05 1.44426294355071e-05 1.43815650517354e-05 1.43205015774583e-05 1.42594371936866e-05 1.41983737194096e-05 1.41410291689681e-05 1.40948413900333e-05 1.40486536110984e-05 1.40024658321636e-05 1.39562780532287e-05 1.39100902742939e-05 1.38639024953591e-05 1.38177147164242e-05 1.39129233502899e-05 1.40552638185909e-05 1.41976042868919e-05 1.43399447551928e-05 1.44822852234938e-05 1.46246256917948e-05 1.47669661600958e-05 1.49265442814794e-05 1.51378344526165e-05 1.53491237142589e-05 1.5560413885396e-05 1.57717040565331e-05 1.59829942276701e-05 1.61942843988072e-05 1.64055745699443e-05 1.65440160344588e-05 1.66581739904359e-05 1.6772331946413e-05 1.68864917213796e-05 1.70006496773567e-05 1.71148076333338e-05 1.7228965589311e-05
1.4730521797901e-05 1.47144191942061e-05 1.46983156810165e-05 1.46822130773216e-05 1.46307729664841e-05 1.45675548992585e-05 1.45043359225383e-05 1.44411178553128e-05 1.43778988785925e-05 1.4314680811367e-05 1.42514627441415e-05 1.41903492476558e-05 1.4135552191874e-05 1.40807551360922e-05 1.40259580803104e-05 1.39711610245286e-05 1.39163639687467e-05 1.38615669129649e-05 1.38067698571831e-05 1.39001867864863e-05 1.40430092869792e-05 1.41858308779774e-05 1.43286524689756e-05 1.44714740599738e-05 1.46142956509721e-05 1.47571172419703e-05 1.49186907947296e-05 1.51365165947936e-05 1.53543423948577e-05 1.55721681949217e-05 1.57899939949857e-05 1.60078216140391e-05 1.62256474141032e-05 1.64434732141672e-05 1.65885612659622e-05 1.6709402189008e-05 1.68302449310431e-05 1.69510858540889e-05 1.70719267771346e-05 1.71927695191698e-05 1.73136104422156e-05
1.47939235830563e-05 1.47791224662797e-05 1.47643204400083e-05 1.47495193232317e-05 1.4696789548907e-05 1.46314159792382e-05 1.45660433190642e-05 1.45006697493955e-05 1.44352970892214e-05 1.43699244290474e-05 1.43045508593787e-05 1.42396702358383e-05 1.41762639032095e-05 1.41128575705807e-05 1.40494512379519e-05 1.39860449053231e-05 1.39226385726943e-05 1.38592322400655e-05 1.37958259074367e-05 1.38874511321774e-05 1.40307538458728e-05 1.4174057469063e-05 1.43173601827584e-05 1.44606628964539e-05 1.46039656101493e-05 1.47472692333395e-05 1.49108363984851e-05 1.51351987369708e-05 1.53595610754564e-05 1.55839225044474e-05 1.58082857524278e-05 1.60326471814187e-05 1.62570086104097e-05 1.648137185839e-05 1.66331064974656e-05 1.676063038758e-05 1.68881560966838e-05 1.70156799867982e-05 1.7143205695902e-05 1.72707295860164e-05 1.73982552951202e-05
1.48573253682116e-05 1.48438257383532e-05 1.48303251990001e-05 1.48168255691417e-05 1.47628052218352e-05 1.46952779687126e-05 1.46277498060954e-05 1.45602225529728e-05 1.44926952998503e-05 1.44251671372331e-05 1.43576398841105e-05 1.4288990314526e-05 1.42169747050502e-05 1.41449590955744e-05 1.40729434860987e-05 1.40009278766229e-05 1.39289122671471e-05 1.38568966576713e-05 1.37848810481955e-05 1.38747154778684e-05 1.40184993142611e-05 1.41622831506538e-05 1.43060678965412e-05 1.44498517329339e-05 1.45936355693266e-05 1.4737420315214e-05 1.49029829117353e-05 1.51338808791479e-05 1.53647797560552e-05 1.55956768139731e-05 1.58265756908804e-05 1.60574727487983e-05 1.62883716257056e-05 1.65192705026129e-05 1.66776499099797e-05 1.68118585861521e-05 1.69460672623245e-05 1.70802741195075e-05 1.72144827956799e-05 1.73486914718524e-05 1.74828983290354e-05
1.49207262438722e-05 1.49085290104267e-05 1.48963308674865e-05 1.48841327245464e-05 1.4828821804258e-05 1.47591390486923e-05 1.46894572026213e-05 1.46197753565502e-05 1.45500926009845e-05 1.44804107549135e-05 1.44107289088424e-05 1.43383103932138e-05 1.4257685506891e-05 1.41770606205682e-05 1.40964357342455e-05 1.40158108479227e-05 1.39351859615999e-05 1.38545610752772e-05 1.37739361889544e-05 1.38619789140648e-05 1.40062447826494e-05 1.41505097417394e-05 1.4294775610324e-05 1.44390405694139e-05 1.45833055285038e-05 1.47275713970885e-05 1.48951285154908e-05 1.5132563021325e-05 1.53699966176646e-05 1.56074311234988e-05 1.58448656293331e-05 1.60823001351673e-05 1.63197346410016e-05 1.65571691468358e-05 1.67221951414831e-05 1.68630867847241e-05 1.70039784279652e-05 1.71448700712062e-05 1.72857598954579e-05 1.74266515386989e-05 1.756754318194e-05
1.49841280290275e-05 1.49732313730055e-05 1.49623356264783e-05 1.49514389704564e-05 1.48948374771862e-05 1.48230010381667e-05 1.47511636896525e-05 1.46793272506329e-05 1.46074908116134e-05 1.45356543725939e-05 1.44638170240796e-05 1.43876313813962e-05 1.42983972182265e-05 1.42091630550567e-05 1.4119928891887e-05 1.40306947287172e-05 1.39414605655475e-05 1.38522264023777e-05 1.3762992239208e-05 1.38492432597559e-05 1.39939893415431e-05 1.41387363328249e-05 1.42834833241068e-05 1.44282294058939e-05 1.45729763971758e-05 1.4717722478963e-05 1.4887275028741e-05 1.51312451635022e-05 1.53752152982634e-05 1.56191854330245e-05 1.58631555677857e-05 1.61071257025469e-05 1.63510958373081e-05 1.65950659720693e-05 1.67667403729865e-05 1.69143149832962e-05 1.70618895936059e-05 1.72094642039156e-05 1.73570388142252e-05 1.75046134245349e-05 1.76521880348446e-05
