data/working_set_collections/6091692-Cassins_Sparrow-M2/1995/prectotcorr_avg.asc
NCOLS 265 
NROWS 230 
XLLCORNER -115.5625 
YLLCORNER 24.8333333333333 
CELLSIZE 0.0833333333333333 
NODATA_value -9999 
[rows 162 to 179 of 230, columns 123 to 163 of 265]
1.40244264912326e-05 1.40866677611484e-05 1.4148909940559e-05 1.42111512104748e-05 1.41262189572444e-05 1.39922276503057e-05 1.3858236343367e-05 1.3724245945923e-05 1.35902546389843e-05 1.34562642415403e-05 1.33222729346016e-05 1.31639453684329e-05 1.29326081150793e-05 1.27012708617258e-05 1.24699336083722e-05 1.22385963550187e-05 1.20072581921704e-05 1.17759209388169e-05 1.15445836854633e-05 1.14903805297217e-05 1.14952217700193e-05 1.15000639198115e-05 1.1504905160109e-05 1.15097473099013e-05 1.15145885501988e-05 1.15194297904964e-05 1.15340408228803e-05 1.15779585030396e-05 1.16218761831988e-05 1.1665793863358e-05 1.17097115435172e-05 1.17536301331711e-05 1.17975478133303e-05 1.18414654934895e-05 1.19783635454951e-05 1.21462553579477e-05 1.23141480798949e-05 1.24820398923475e-05 1.26499317048001e-05 1.28178235172527e-05 1.29857153297053e-05
1.34762403831701e-05 1.35070231408463e-05 1.35378049890278e-05 1.3568587746704e-05 1.34839874590398e-05 1.33609273689217e-05 1.32378663693089e-05 1.31148053696961e-05 1.2991745279578e-05 1.28686842799652e-05 1.27456241898471e-05 1.26101049318095e-05 1.24372108984971e-05 1.22643177746795e-05 1.20914237413672e-05 1.19185297080548e-05 1.17456365842372e-05 1.15727425509249e-05 1.13998485176126e-05 1.14042422865168e-05 1.14677313831635e-05 1.15312204798101e-05 1.15947104859515e-05 1.16581995825982e-05 1.17216886792448e-05 1.17851777758915e-05 1.18369816846098e-05 1.18537300295429e-05 1.18704783744761e-05 1.18872267194092e-05 1.19039750643424e-05 1.19207243187702e-05 1.19374726637034e-05 1.19542210086365e-05 1.20694676297717e-05 1.22175479191355e-05 1.23656282084994e-05 1.25137075883686e-05 1.26617878777324e-05 1.28098681670963e-05 1.29579484564601e-05
1.29280551846023e-05 1.29273776110495e-05 1.29267009469913e-05 1.29260233734385e-05 1.28417568703298e-05 1.2729626178043e-05 1.26174963952508e-05 1.25053657029639e-05 1.2393235010677e-05 1.22811052278848e-05 1.2168974535598e-05 1.2056264495186e-05 1.19418145914096e-05 1.18273646876332e-05 1.17129147838568e-05 1.15984639705857e-05 1.14840140668093e-05 1.13695641630329e-05 1.12551142592565e-05 1.13181040433119e-05 1.14402409963077e-05 1.15623779493035e-05 1.16845149022993e-05 1.18066518552951e-05 1.19287888082908e-05 1.20509257612866e-05 1.21399225463392e-05 1.21295015560463e-05 1.21190805657534e-05 1.21086595754605e-05 1.20982385851676e-05 1.20878185043694e-05 1.20773975140764e-05 1.20669765237835e-05 1.21605717140483e-05 1.22888404803234e-05 1.24171083371039e-05 1.25453761938843e-05 1.26736440506647e-05 1.28019128169399e-05 1.29301806737203e-05
1.23798699860345e-05 1.23477329907473e-05 1.23155959954602e-05 1.22834599096677e-05 1.21995253721252e-05 1.20983258966589e-05 1.1997125511698e-05 1.18959260362317e-05 1.17947256512707e-05 1.16935252663097e-05 1.15923257908435e-05 1.15024240585626e-05 1.14464173748274e-05 1.1390411600587e-05 1.13344049168518e-05 1.12783982331166e-05 1.12223915493814e-05 1.1166385775141e-05 1.11103790914058e-05 1.1231965800107e-05 1.14127506094519e-05 1.15935345093021e-05 1.1774319318647e-05 1.19551041279919e-05 1.21358889373369e-05 1.23166728371871e-05 1.24428643175634e-05 1.24052739920444e-05 1.23676836665254e-05 1.23300933410064e-05 1.22925030154875e-05 1.22549126899685e-05 1.22173223644495e-05 1.21797320389305e-05 1.22516757983249e-05 1.23601321320166e-05 1.24685884657083e-05 1.25770447994e-05 1.26855011330917e-05 1.27939565572888e-05 1.29024128909805e-05
1.1831683877972e-05 1.17680883704452e-05 1.17044919534237e-05 1.16408955364022e-05 1.15572947834153e-05 1.14670247057802e-05 1.13767555376398e-05 1.12864854600048e-05 1.11962162918644e-05 1.11059462142293e-05 1.1015677046089e-05 1.09485836219392e-05 1.09510210677399e-05 1.09534585135407e-05 1.09558950498467e-05 1.09583324956475e-05 1.09607699414482e-05 1.0963207387249e-05 1.0965643923555e-05 1.11458275569021e-05 1.13852602225961e-05 1.16246919787955e-05 1.18641237349948e-05 1.21035564006888e-05 1.23429881568882e-05 1.25824208225822e-05 1.27458051792928e-05 1.26810455185478e-05 1.26162858578027e-05 1.25515261970577e-05 1.24867665363126e-05 1.24220068755676e-05 1.23572472148226e-05 1.22924875540775e-05 1.23427798826015e-05 1.24314246932045e-05 1.25200685943128e-05 1.26087124954211e-05 1.26973573060241e-05 1.27860012071324e-05 1.28746451082407e-05
1.12834986794041e-05 1.11884428406483e-05 1.10933879113873e-05 1.09983320726315e-05 1.09150632852106e-05 1.08357244243962e-05 1.0756384654087e-05 1.06770457932726e-05 1.05977060229634e-05 1.05183671621489e-05 1.04390273918398e-05 1.03947431853157e-05 1.04556238511577e-05 1.05165054264944e-05 1.05773860923364e-05 1.06382667581784e-05 1.06991474240203e-05 1.07600280898623e-05 1.0820909665199e-05 1.10596893136972e-05 1.13577689262456e-05 1.16558494482888e-05 1.19539290608373e-05 1.22520086733857e-05 1.25500882859342e-05 1.28481688079773e-05 1.30487460410222e-05 1.29568170450511e-05 1.286488804908e-05 1.27729590531089e-05 1.26810300571378e-05 1.25891010611667e-05 1.24971720651956e-05 1.24052421597298e-05 1.24338848763728e-05 1.25027163448976e-05 1.25715487229172e-05 1.26403811009368e-05 1.27092134789564e-05 1.2778045856976e-05 1.28468782349955e-05
1.07702499008155e-05 1.06522020359989e-05 1.05341541711823e-05 1.04161063063657e-05 1.03322081486112e-05 1.02596923170495e-05 1.01871773949824e-05 1.01146624729154e-05 1.00421466413536e-05 9.96963171928655e-06 9.8971167972195e-06 9.86768736765953e-06 9.96751805359963e-06 1.00673487395397e-05 1.01671794254798e-05 1.02670092019252e-05 1.03668398878654e-05 1.04666705738055e-05 1.05665003502509e-05 1.08457479655044e-05 1.11848012238625e-05 1.15238544822205e-05 1.18629068310838e-05 1.22019600894419e-05 1.25410133477999e-05 1.28800656966632e-05 1.31074511955376e-05 1.29998343254556e-05 1.28922165458789e-05 1.27845987663022e-05 1.26769809867255e-05 1.25693632071489e-05 1.24617463370669e-05 1.23541285574902e-05 1.23711079140776e-05 1.24296193462214e-05 1.24881307783653e-05 1.25466422105092e-05 1.2605153642653e-05 1.26636650747969e-05 1.27221765069407e-05
1.02919375422061e-05 1.01593650470022e-05 1.00267916423036e-05 9.89421914709965e-06 9.80872755462769e-06 9.73893020272953e-06 9.66913285083137e-06 9.59933549893321e-06 9.52953814703505e-06 9.4597407951369e-06 9.38994344323874e-06 9.36741707846522e-06 9.48670276557095e-06 9.60598845267668e-06 9.72527504927712e-06 9.84456073638285e-06 9.96384642348858e-06 1.0083133020089e-05 1.02024187071947e-05 1.05040035123238e-05 1.08663552964572e-05 1.12287070805905e-05 1.15910588647239e-05 1.19534106488572e-05 1.23157624329906e-05 1.26781142171239e-05 1.29219215523335e-05 1.28100964502664e-05 1.26982704387046e-05 1.25864453366376e-05 1.24746202345705e-05 1.23627951325034e-05 1.22509700304363e-05 1.21391440188745e-05 1.21544499052106e-05 1.22121318781865e-05 1.22698138511623e-05 1.23274958241382e-05 1.2385177797114e-05 1.24428597700899e-05 1.25005417430657e-05
9.81362518359674e-06 9.6665280580055e-06 9.51943002291955e-06 9.3723319878336e-06 9.28524787013885e-06 9.21816808840958e-06 9.15108830668032e-06 9.08400852495106e-06 9.0169296527165e-06 8.94984987098724e-06 8.88277008925797e-06 8.86714587977622e-06 9.00588747754227e-06 9.14462907530833e-06 9.28337067307439e-06 9.42211227084044e-06 9.5608529591118e-06 9.69959455687786e-06 9.83833615464391e-06 1.0162259968638e-05 1.05479102785466e-05 1.09335605884553e-05 1.1319210898364e-05 1.17048612082726e-05 1.20905115181813e-05 1.247616182809e-05 1.27363909996348e-05 1.26203576655826e-05 1.25043252410251e-05 1.23882919069729e-05 1.22722594824154e-05 1.21562261483632e-05 1.2040192814311e-05 1.19241603897535e-05 1.19377918963437e-05 1.19946444101515e-05 1.20514969239593e-05 1.21083494377672e-05 1.2165201951575e-05 1.22220544653828e-05 1.22789069791907e-05
9.33531373448204e-06 9.17369015951408e-06 9.01206749404082e-06 8.85044482856756e-06 8.7617672761553e-06 8.69740597408963e-06 8.63304376252927e-06 8.56868246046361e-06 8.50432024890324e-06 8.43995894683758e-06 8.37559673527721e-06 8.36687468108721e-06 8.52507218951359e-06 8.68326878844528e-06 8.84146629687166e-06 8.99966289580334e-06 9.15786040422972e-06 9.3160570031614e-06 9.47425451158779e-06 9.82051551545737e-06 1.02294643511414e-05 1.06384131868253e-05 1.10473620225093e-05 1.1456311767688e-05 1.1865260603372e-05 1.2274209439056e-05 1.25508613564307e-05 1.24306206998881e-05 1.23103800433455e-05 1.21901393868029e-05 1.20698987302603e-05 1.19496580737177e-05 1.18294174171751e-05 1.17091767606325e-05 1.17211338874768e-05 1.17771569421166e-05 1.18331799967564e-05 1.18892030513962e-05 1.1945226106036e-05 1.20012491606758e-05 1.20572722153156e-05
8.85700137587264e-06 8.68085317051737e-06 8.50470496516209e-06 8.32855766930152e-06 8.23828759166645e-06 8.17664385976968e-06 8.11499921837822e-06 8.05335548648145e-06 7.99171175458468e-06 7.93006711319322e-06 7.86842338129645e-06 7.8666034823982e-06 8.04425599199021e-06 8.22190941107692e-06 8.39956192066893e-06 8.57721443026094e-06 8.75486693985295e-06 8.93251944944495e-06 9.11017195903696e-06 9.47877106227679e-06 9.9110184237361e-06 1.03432666946901e-05 1.07755140561494e-05 1.12077614176087e-05 1.16400096885627e-05 1.2072257050022e-05 1.23653308037319e-05 1.22408828246989e-05 1.21164339361712e-05 1.19919859571382e-05 1.18675370686105e-05 1.17430890895776e-05 1.16186411105446e-05 1.14941922220169e-05 1.15044758786098e-05 1.15596694740816e-05 1.16148630695534e-05 1.16700566650252e-05 1.1725250260497e-05 1.17804438559688e-05 1.18356374514406e-05
8.37868901726324e-06 8.18801618152065e-06 7.99734334577806e-06 7.80667051003547e-06 7.7148069976829e-06 7.65588083595503e-06 7.59695512897451e-06 7.53802896724665e-06 7.47910280551878e-06 7.42017664379091e-06 7.36125048206304e-06 7.36633273845655e-06 7.56344070396153e-06 7.76054912421387e-06 7.9576575444662e-06 8.15476505522383e-06 8.35187347547617e-06 8.5489818957285e-06 8.74609031598084e-06 9.13702660909621e-06 9.59257340582553e-06 1.00481192930602e-05 1.05036660897895e-05 1.09592119770241e-05 1.14147587737534e-05 1.1870304660988e-05 1.21798002510332e-05 1.20511440400151e-05 1.19224887384917e-05 1.17938325274736e-05 1.16651763164555e-05 1.15365201054374e-05 1.1407864803914e-05 1.12792085928959e-05 1.12878178697429e-05 1.13421820060466e-05 1.13965461423504e-05 1.14509102786542e-05 1.1505274414958e-05 1.15596385512617e-05 1.16140026875655e-05
8.05708350526402e-06 7.86114560469287e-06 7.66520679462701e-06 7.46926843930851e-06 7.377519068541e-06 7.32050011720276e-06 7.26348071111715e-06 7.20646130503155e-06 7.14944189894595e-06 7.09242249286035e-06 7.03540308677475e-06 7.0413266257674e-06 7.23607809050009e-06 7.43082955523278e-06 7.62558147471282e-06 7.82033293944551e-06 8.01508485892555e-06 8.20983586891089e-06 8.40458778839093e-06 8.79118124430533e-06 9.2417221821961e-06 9.69226312008686e-06 1.01428049674723e-05 1.05933459053631e-05 1.10438868432539e-05 1.14944277811446e-05 1.18043772090459e-05 1.16925502879894e-05 1.15807233669329e-05 1.14688964458765e-05 1.135706952482e-05 1.12452435132582e-05 1.11334165922017e-05 1.10215896711452e-05 1.10494938780903e-05 1.11239742182079e-05 1.11984554678202e-05 1.12729367174325e-05 1.134741705755e-05 1.14218983071623e-05 1.14963795567746e-05
7.89218665886438e-06 7.70024144003401e-06 7.50829667595099e-06 7.31635191186797e-06 7.22642334949342e-06 7.17049988452345e-06 7.11457596480614e-06 7.05865249983617e-06 7.00272903486621e-06 6.94680556989624e-06 6.89088210492628e-06 6.89158514433075e-06 7.06216815160587e-06 7.23275070413365e-06 7.40333371140878e-06 7.5739167186839e-06 7.74449927121168e-06 7.91508227848681e-06 8.08566528576193e-06 8.44123496790417e-06 8.8584665718372e-06 9.27569908526493e-06 9.69293068919796e-06 1.0110162293131e-05 1.05273948065587e-05 1.09446264104918e-05 1.12390598587808e-05 1.11650997496326e-05 1.10911387309898e-05 1.10171786218416e-05 1.09432176031987e-05 1.08692574940505e-05 1.07952964754077e-05 1.07213363662595e-05 1.07895039036521e-05 1.09050479295547e-05 1.10205919554573e-05 1.11361350718653e-05 1.12516790977679e-05 1.13672231236706e-05 1.14827671495732e-05
7.72728890297003e-06 7.5393377301225e-06 7.35138655727496e-06 7.16343583917478e-06 7.07532717569848e-06 7.02049965184415e-06 6.96567167324247e-06 6.91084414938814e-06 6.85601662553381e-06 6.80118864693213e-06 6.7463611230778e-06 6.7418436628941e-06 6.88825775796431e-06 7.03467185303452e-06 7.18108594810474e-06 7.32750004317495e-06 7.47391413824516e-06 7.62032823331538e-06 7.76674278313294e-06 8.09128778200829e-06 8.4752109614783e-06 8.8591341409483e-06 9.2430564109236e-06 9.6269795903936e-06 1.00109018603689e-05 1.03948250398389e-05 1.06737434180104e-05 1.06376492112759e-05 1.06015540950466e-05 1.0565459888312e-05 1.05293656815775e-05 1.04932714748429e-05 1.04571772681084e-05 1.04210821518791e-05 1.05295139292139e-05 1.06861207314068e-05 1.08427275335998e-05 1.09993343357928e-05 1.11559411379858e-05 1.13125479401788e-05 1.14691547423718e-05
7.56239114707569e-06 7.37843402021099e-06 7.19447689334629e-06 7.01051931173424e-06 6.92423100190354e-06 6.87049941916484e-06 6.8167673816788e-06 6.76303579894011e-06 6.70930376145407e-06 6.65557172396802e-06 6.60184014122933e-06 6.5921026362048e-06 6.7143478190701e-06 6.8365930019354e-06 6.95883863954805e-06 7.08108382241335e-06 7.203329460026e-06 7.3255746428913e-06 7.4478198257566e-06 7.74134150560712e-06 8.0919553511194e-06 8.44256919663167e-06 8.79318213264924e-06 9.14379597816151e-06 9.49440982367378e-06 9.84502366918605e-06 1.010842697724e-05 1.01101986729191e-05 1.01119703685981e-05 1.01137420642772e-05 1.01155137599562e-05 1.01172854556353e-05 1.01190571513143e-05 1.01208288469934e-05 1.02695239547757e-05 1.0467193533259e-05 1.06648631117423e-05 1.08625335997203e-05 1.10602031782037e-05 1.1257872756687e-05 1.14555423351703e-05
7.39749384592869e-06 7.21753031029948e-06 7.03756677467027e-06 6.85760323904105e-06 6.77313528285595e-06 6.72049918648554e-06 6.66786309011513e-06 6.61522699374473e-06 6.56259089737432e-06 6.50995480100391e-06 6.45731915938086e-06 6.44236115476815e-06 6.54043788017589e-06 6.63851415083627e-06 6.73659087624401e-06 6.83466760165174e-06 6.93274432705948e-06 7.03082105246722e-06 7.1288973231276e-06 7.3913947744586e-06 7.70869974076049e-06 8.02600425231503e-06 8.34330876386957e-06 8.66061327542411e-06 8.97791778697865e-06 9.29522229853319e-06 9.54310962697491e-06 9.58274722506758e-06 9.62238573265495e-06 9.66202333074762e-06 9.70166183833499e-06 9.74129943642765e-06 9.78093703452032e-06 9.82057554210769e-06 1.00095339803374e-05 1.02482672446058e-05 1.04869995993795e-05 1.07257319541532e-05 1.09644643089268e-05 1.12031975731952e-05 1.14419299279689e-05
7.23259609003435e-06 7.05662660038797e-06 6.88065665599424e-06 6.70468671160052e-06 6.62203910906101e-06 6.57049895380624e-06 6.51895879855147e-06 6.4674186432967e-06 6.41587848804193e-06 6.36433833278716e-06 6.31279772278504e-06 6.2926196733315e-06 6.36652748653432e-06 6.44043529973715e-06 6.51434356768732e-06 6.58825138089014e-06 6.66215919409296e-06 6.73606700729579e-06 6.80997482049861e-06 7.04144849805743e-06 7.32544367565424e-06 7.60943885325105e-06 7.89343448559521e-06 8.17742966319202e-06 8.46142484078882e-06 8.74542001838563e-06 8.97779318620451e-06 9.05529668671079e-06 9.13280109671177e-06 9.21030550671276e-06 9.28780991671374e-06 9.36531341722002e-06 9.44281782722101e-06 9.52032223722199e-06 9.74954491539393e-06 1.00293400464579e-05 1.0309135177522e-05 1.05889312180807e-05 1.08687263491447e-05 1.11485214802087e-05 1.14283175207675e-05
