data/working_set_collections/6091692-Cassins_Sparrow-M2/1995/prevtot_avg.asc
NCOLS 265 
NROWS 230 
XLLCORNER -115.5625 
YLLCORNER 24.8333333333333 
CELLSIZE 0.0833333333333333 
NODATA_value -9999 
[rows 90 to 107 of 230, columns 123 to 163 of 265]
1.55727793753613e-05 1.57860267790966e-05 1.59992741828319e-05 1.62125215865672e-05 1.62211290444247e-05 1.61615207616705e-05 1.61019124789163e-05 1.60423041961621e-05 1.5982695913408e-05 1.59230894496432e-05 1.5863481166889e-05 1.57712729560444e-05 1.55812631419394e-05 1.53912533278344e-05 1.52012426042347e-05 1.50112327901297e-05 1.48212229760247e-05 1.4631212252425e-05 1.444120243832e-05 1.43316410685657e-05 1.42488961500931e-05 1.41661512316205e-05 1.40834063131479e-05 1.40006613946753e-05 1.39179164762027e-05 1.38351715577301e-05 1.37307788463659e-05 1.35614436658216e-05 1.33921084852773e-05 1.3222773304733e-05 1.30534381241887e-05 1.28841029436444e-05 1.27147677631001e-05 1.25454325825558e-05 1.25228498291108e-05 1.25491842482006e-05 1.25755186672905e-05 1.26018530863803e-05 1.26281884149648e-05 1.26545228340547e-05 1.26808572531445e-05
1.54949029820273e-05 1.56544701894745e-05 1.58140373969218e-05 1.5973604604369e-05 1.59922674356494e-05 1.59639639605302e-05 1.59356586664217e-05 1.59073551913025e-05 1.58790498971939e-05 1.58507446030853e-05 1.58224411279662e-05 1.57531994773308e-05 1.55611451191362e-05 1.53690907609416e-05 1.51770373122417e-05 1.49849838635419e-05 1.47929295053473e-05 1.46008760566474e-05 1.44088216984528e-05 1.42908929774421e-05 1.41976715894998e-05 1.41044511110522e-05 1.40112297231099e-05 1.39180083351675e-05 1.38247878567199e-05 1.37315664687776e-05 1.36241487780353e-05 1.34741385409143e-05 1.33241283037933e-05 1.31741180666722e-05 1.30241087390459e-05 1.28740985019249e-05 1.27240882648039e-05 1.25740780276828e-05 1.25473279695143e-05 1.2561665243993e-05 1.25760016089771e-05 1.25903388834558e-05 1.26046752484399e-05 1.26190125229186e-05 1.26333488879027e-05
1.54170247697039e-05 1.55229117808631e-05 1.56287987920223e-05 1.57346858031815e-05 1.57634076458635e-05 1.57664071593899e-05 1.5769404853927e-05 1.57724043674534e-05 1.57754038809799e-05 1.57784015755169e-05 1.57814010890434e-05 1.57351259986171e-05 1.5541027096333e-05 1.53469300130382e-05 1.51528320202488e-05 1.4958734936954e-05 1.47646369441645e-05 1.45705389513751e-05 1.43764409585856e-05 1.42501439768239e-05 1.41464470289066e-05 1.40427500809892e-05 1.39390531330719e-05 1.38353561851545e-05 1.37316592372372e-05 1.36279622893198e-05 1.35175187097047e-05 1.3386833416007e-05 1.32561490318039e-05 1.31254637381062e-05 1.29947784444084e-05 1.28640940602054e-05 1.27334087665076e-05 1.26027243823046e-05 1.25718070194125e-05 1.25741462397855e-05 1.25764854601584e-05 1.25788237710367e-05 1.25811629914097e-05 1.25835022117826e-05 1.25858414321556e-05
1.53391483763698e-05 1.5391355191241e-05 1.54435620061122e-05 1.54957688209834e-05 1.55345478560776e-05 1.55688485392602e-05 1.56031510414323e-05 1.56374535436044e-05 1.56717560457764e-05 1.57060585479485e-05 1.57403610501206e-05 1.57170525199035e-05 1.55209108925192e-05 1.53247692651348e-05 1.51286276377505e-05 1.49324851008714e-05 1.47363434734871e-05 1.45402018461027e-05 1.43440602187184e-05 1.42093949762057e-05 1.40952224683133e-05 1.39810490509262e-05 1.38668765430339e-05 1.37527040351415e-05 1.36385306177544e-05 1.35243581098621e-05 1.34108886413742e-05 1.32995282910997e-05 1.31881688503199e-05 1.30768094095401e-05 1.29654490592657e-05 1.28540896184859e-05 1.27427292682114e-05 1.26313698274316e-05 1.25962860693107e-05 1.25866272355779e-05 1.25769684018451e-05 1.25673095681123e-05 1.25576507343794e-05 1.25479919006466e-05 1.25383330669138e-05
1.52612701640464e-05 1.52597967826296e-05 1.52583234012127e-05 1.52568509292905e-05 1.53056862473022e-05 1.53712917381199e-05 1.5436899047927e-05 1.55025045387447e-05 1.55681100295624e-05 1.56337155203801e-05 1.56993210111978e-05 1.56989790411899e-05 1.5500792869716e-05 1.53026085172314e-05 1.51044223457575e-05 1.49062361742835e-05 1.47080509123043e-05 1.45098656503251e-05 1.43116794788511e-05 1.41686468850821e-05 1.404399790772e-05 1.3919348930358e-05 1.37946999529959e-05 1.36700509756338e-05 1.35454019982717e-05 1.34207530209096e-05 1.33042576635489e-05 1.32122231661924e-05 1.31201886688359e-05 1.30281541714794e-05 1.29361196741229e-05 1.28440851767664e-05 1.27520506794099e-05 1.26600161820534e-05 1.2620765119209e-05 1.25991082313703e-05 1.25774513435317e-05 1.25557953651878e-05 1.25341384773492e-05 1.25124815895106e-05 1.24908256111667e-05
1.51833928612177e-05 1.51282392835128e-05 1.50730857058079e-05 1.50179330375977e-05 1.50768264575163e-05 1.51737358464743e-05 1.52706452354323e-05 1.53675537148956e-05 1.54644621943589e-05 1.55613724928116e-05 1.5658280972275e-05 1.56809055624763e-05 1.54806766659021e-05 1.52804459503386e-05 1.50802170537645e-05 1.48799872476957e-05 1.46797583511216e-05 1.44795285450527e-05 1.42792987389839e-05 1.41278978844639e-05 1.39927733471268e-05 1.3857647900295e-05 1.37225233629579e-05 1.35873988256208e-05 1.3452273378789e-05 1.33171488414519e-05 1.31976275952184e-05 1.31249180412851e-05 1.30522093968466e-05 1.29794998429134e-05 1.29067902889801e-05 1.28340807350469e-05 1.27613711811136e-05 1.26886616271804e-05 1.26452432596125e-05 1.26115892271628e-05 1.25779351947131e-05 1.25442802527687e-05 1.2510626220319e-05 1.24769721878693e-05 1.24433172459248e-05
1.50525829667458e-05 1.4978106264607e-05 1.49036295624683e-05 1.48291528603295e-05 1.4878976799082e-05 1.49702336784685e-05 1.5061490557855e-05 1.51527465277468e-05 1.52440034071333e-05 1.53352611960145e-05 1.5426518075401e-05 1.54488207044778e-05 1.52642642206047e-05 1.50797086462262e-05 1.4895152162353e-05 1.47105956784799e-05 1.45260391946067e-05 1.43414836202282e-05 1.41569271363551e-05 1.40065094456077e-05 1.38674713525688e-05 1.37284323500353e-05 1.35893942569965e-05 1.34503561639576e-05 1.33113180709188e-05 1.317227997788e-05 1.30522066683625e-05 1.29890277094091e-05 1.29258496599505e-05 1.28626716104918e-05 1.27994926515385e-05 1.27363146020798e-05 1.26731356431264e-05 1.26099575936678e-05 1.25670167108183e-05 1.25308215501718e-05 1.24946272990201e-05 1.24584321383736e-05 1.24222369777272e-05 1.23860418170807e-05 1.23498475659289e-05
1.48688404806308e-05 1.48093977259123e-05 1.47499540616991e-05 1.46905113069806e-05 1.47121372719994e-05 1.47607861435972e-05 1.4809435015195e-05 1.48580829772982e-05 1.4906731848896e-05 1.49553807204938e-05 1.5004028682597e-05 1.50027244671946e-05 1.48515582623077e-05 1.47003929669154e-05 1.45492267620284e-05 1.43980614666361e-05 1.42468952617492e-05 1.40957299663569e-05 1.39445637614699e-05 1.38044806590187e-05 1.36680919240462e-05 1.35317022795789e-05 1.33953135446063e-05 1.32589239001391e-05 1.31225351651665e-05 1.29861464301939e-05 1.28679939734866e-05 1.28045521705644e-05 1.27411103676422e-05 1.26776694742148e-05 1.26142276712926e-05 1.25507858683704e-05 1.2487344974943e-05 1.24239031720208e-05 1.23860845633317e-05 1.23568061098922e-05 1.23275276564527e-05 1.22982492030133e-05 1.22689716590685e-05 1.2239693205629e-05 1.22104147521895e-05
1.46850979945157e-05 1.46406882777228e-05 1.45962794704246e-05 1.45518697536318e-05 1.45452977449168e-05 1.45513386087259e-05 1.45573794725351e-05 1.45634194268496e-05 1.45694602906588e-05 1.45755002449732e-05 1.45815411087824e-05 1.45566273204167e-05 1.44388523040107e-05 1.43210772876046e-05 1.42033022711985e-05 1.40855263452977e-05 1.39677513288916e-05 1.38499763124855e-05 1.37322012960794e-05 1.36024527819245e-05 1.34687124955235e-05 1.33349722091225e-05 1.32012319227215e-05 1.30674925458152e-05 1.29337522594142e-05 1.28000119730132e-05 1.26837812786107e-05 1.26200766317197e-05 1.25563719848287e-05 1.24926673379377e-05 1.24289626910468e-05 1.23652580441558e-05 1.23015533972648e-05 1.22378487503738e-05 1.22051515063504e-05 1.21827906696126e-05 1.21604289233801e-05 1.21380671771476e-05 1.21157054309151e-05 1.20933445941773e-05 1.20709828479448e-05
1.45013555084006e-05 1.4471979739028e-05 1.44426039696555e-05 1.44132282002829e-05 1.43784591273288e-05 1.43418910738546e-05 1.43053239298752e-05 1.4268755876401e-05 1.42321878229268e-05 1.41956206789473e-05 1.41590526254731e-05 1.41105310831335e-05 1.40261463457136e-05 1.39417616082937e-05 1.38573768708738e-05 1.3772992133454e-05 1.36886073960341e-05 1.36042226586142e-05 1.35198379211943e-05 1.34004239953356e-05 1.32693330670008e-05 1.31382421386661e-05 1.30071512103314e-05 1.28760602819966e-05 1.27449693536619e-05 1.26138784253271e-05 1.24995685837348e-05 1.2435601092875e-05 1.23716336020152e-05 1.23076652016607e-05 1.22436977108009e-05 1.21797302199411e-05 1.21157627290813e-05 1.20517952382215e-05 1.20242193588638e-05 1.20087743198383e-05 1.19933301903075e-05 1.1977885151282e-05 1.19624401122564e-05 1.19469950732309e-05 1.19315500342054e-05
1.43176130222855e-05 1.43032712003333e-05 1.4288929378381e-05 1.42745875564287e-05 1.42116196002462e-05 1.41324435389834e-05 1.40532683872152e-05 1.39740923259524e-05 1.38949162646895e-05 1.38157402034267e-05 1.37365641421638e-05 1.36644339363556e-05 1.36134394779219e-05 1.35624459289829e-05 1.35114514705492e-05 1.34604579216102e-05 1.34094634631765e-05 1.33584690047428e-05 1.33074754558038e-05 1.31983952087467e-05 1.30699536384782e-05 1.29415120682097e-05 1.28130704979412e-05 1.2684628018178e-05 1.25561864479096e-05 1.24277448776411e-05 1.23153558888589e-05 1.22511246445356e-05 1.2186894309707e-05 1.21226639748784e-05 1.20584327305551e-05 1.19942023957265e-05 1.19299711514032e-05 1.18657408165745e-05 1.18432872113772e-05 1.18347588795586e-05 1.18262305477401e-05 1.18177022159216e-05 1.18091747935978e-05 1.18006464617793e-05 1.17921181299607e-05
1.41338705361704e-05 1.41345617521438e-05 1.41352538776118e-05 1.41359460030799e-05 1.40447809826583e-05 1.39229969136068e-05 1.38012128445553e-05 1.36794287755038e-05 1.35576447064523e-05 1.34358606374008e-05 1.33140765683493e-05 1.32183376990724e-05 1.32007335196249e-05 1.31831302496721e-05 1.31655269797193e-05 1.31479228002718e-05 1.3130319530319e-05 1.31127162603661e-05 1.30951120809186e-05 1.29963673316524e-05 1.28705742099555e-05 1.27447819977533e-05 1.26189888760564e-05 1.24931966638542e-05 1.23674035421573e-05 1.2241611329955e-05 1.2131143193983e-05 1.20666491056909e-05 1.20021559268935e-05 1.19376618386013e-05 1.18731677503092e-05 1.18086745715118e-05 1.17441804832197e-05 1.16796863949276e-05 1.16623550638906e-05 1.1660743439279e-05 1.16591318146675e-05 1.16575201900559e-05 1.16559085654444e-05 1.16542978503276e-05 1.1652686225716e-05
1.38753539431491e-05 1.38803306981572e-05 1.388530836266e-05 1.38902851176681e-05 1.37955703394255e-05 1.36676235342748e-05 1.35396776386187e-05 1.3411730833468e-05 1.32837840283173e-05 1.31558381326613e-05 1.30278913275106e-05 1.29298468891648e-05 1.29215086417389e-05 1.29131703943131e-05 1.29048312373925e-05 1.28964929899666e-05 1.28881547425408e-05 1.28798155856202e-05 1.28714773381944e-05 1.27853445519577e-05 1.26732793432893e-05 1.25612150441157e-05 1.24491498354473e-05 1.23370855362737e-05 1.22250203276053e-05 1.21129560284317e-05 1.2014398635074e-05 1.19563655971433e-05 1.18983325592126e-05 1.18402986117871e-05 1.17822655738564e-05 1.17242325359257e-05 1.16661985885003e-05 1.16081655505695e-05 1.1595758223848e-05 1.15985603770241e-05 1.16013625302003e-05 1.16041646833764e-05 1.16069659270579e-05 1.16097680802341e-05 1.16125702334102e-05
1.35420632432215e-05 1.35405780383735e-05 1.35390919240308e-05 1.35376067191828e-05 1.34639885800425e-05 1.33663252199767e-05 1.32686618599109e-05 1.31709994093399e-05 1.30733360492741e-05 1.2975673598703e-05 1.28780102386372e-05 1.2798963325622e-05 1.27757639347692e-05 1.27525654534111e-05 1.27293660625583e-05 1.27061675812001e-05 1.26829681903473e-05 1.26597687994945e-05 1.26365703181364e-05 1.25653268696624e-05 1.24780690384796e-05 1.23908112072968e-05 1.2303553376114e-05 1.22162955449312e-05 1.21290368042537e-05 1.20417789730709e-05 1.19651231216267e-05 1.19202741188928e-05 1.18754242066643e-05 1.18305752039305e-05 1.1785725291702e-05 1.17408762889681e-05 1.16960263767396e-05 1.16511764645111e-05 1.16434985102387e-05 1.16482106022886e-05 1.16529226943385e-05 1.16576347863884e-05 1.16623468784383e-05 1.16670589704881e-05 1.1671771062538e-05
1.32087725432939e-05 1.32008244690951e-05 1.31928763948963e-05 1.31849283206975e-05 1.31324059111648e-05 1.30650269056787e-05 1.29976469906978e-05 1.29302679852117e-05 1.28628880702308e-05 1.27955090647447e-05 1.27281291497638e-05 1.26680797620793e-05 1.26300201372942e-05 1.25919605125091e-05 1.2553900887724e-05 1.25158412629389e-05 1.24777816381538e-05 1.24397220133687e-05 1.24016623885836e-05 1.23453091873671e-05 1.22828587336699e-05 1.22204073704779e-05 1.2157956007286e-05 1.2095504644094e-05 1.20330541903968e-05 1.19706028272049e-05 1.19158476081793e-05 1.18841826406424e-05 1.18525167636108e-05 1.18208508865791e-05 1.17891850095475e-05 1.17575191325159e-05 1.1725854164979e-05 1.16941882879473e-05 1.16912387966295e-05 1.16978608275531e-05 1.17044828584767e-05 1.1711105798895e-05 1.17177278298186e-05 1.17243498607422e-05 1.17309718916658e-05
1.28754818433663e-05 1.28610708998167e-05 1.28466599562671e-05 1.28322490127175e-05 1.28008241517819e-05 1.27637285913806e-05 1.27266321214847e-05 1.26895365610835e-05 1.26524400911876e-05 1.26153445307864e-05 1.25782480608905e-05 1.25371961985365e-05 1.24842763398192e-05 1.24313555716071e-05 1.23784357128898e-05 1.23255158541724e-05 1.22725950859603e-05 1.2219675227243e-05 1.21667553685256e-05 1.21252924145665e-05 1.20876475193654e-05 1.2050003533659e-05 1.2012358638458e-05 1.19747146527516e-05 1.19370706670452e-05 1.18994257718441e-05 1.1866572094732e-05 1.18480902528972e-05 1.18296084110625e-05 1.18111265692278e-05 1.17926447273931e-05 1.17741628855583e-05 1.17556810437236e-05 1.17371992018889e-05 1.17389781735255e-05 1.17475110528176e-05 1.17560430226149e-05 1.17645759019069e-05 1.17731078717043e-05 1.17816407509963e-05 1.17901736302883e-05
1.25421911434387e-05 1.25213173305383e-05 1.25004444271326e-05 1.24795706142322e-05 1.24692423923989e-05 1.24624302770826e-05 1.24556172522716e-05 1.24488051369553e-05 1.24419921121444e-05 1.24351790873334e-05 1.24283669720171e-05 1.24063126349938e-05 1.23385316328495e-05 1.22707506307052e-05 1.22029705380555e-05 1.21351895359112e-05 1.20674094432616e-05 1.19996284411172e-05 1.19318483484676e-05 1.19052747322712e-05 1.18924372145557e-05 1.18795996968402e-05 1.18667621791246e-05 1.18539246614091e-05 1.18410871436936e-05 1.18282496259781e-05 1.18172965812846e-05 1.18119987746468e-05 1.1806700968009e-05 1.18014031613711e-05 1.17961053547333e-05 1.17908066386008e-05 1.17855088319629e-05 1.17802110253251e-05 1.17867184599163e-05 1.17971612780821e-05 1.18076040962478e-05 1.18180460049189e-05 1.18284888230846e-05 1.18389316412504e-05 1.18493744594161e-05
1.22089004435111e-05 1.21815646707546e-05 1.21542279885034e-05 1.21268922157469e-05 1.21376606330159e-05 1.21611319627846e-05 1.21846023830585e-05 1.22080737128272e-05 1.22315441331011e-05 1.22550145533751e-05 1.22784858831437e-05 1.22754281619564e-05 1.21927878353745e-05 1.21101465992979e-05 1.20275053632213e-05 1.19448641271447e-05 1.18622228910681e-05 1.17795816549915e-05 1.16969404189149e-05 1.16852570499759e-05 1.1697226909746e-05 1.17091958600213e-05 1.17211648102966e-05 1.17331346700666e-05 1.1745103620342e-05 1.17570725706173e-05 1.17680210678373e-05 1.17759072963963e-05 1.17837926154607e-05 1.17916788440198e-05 1.17995650725788e-05 1.18074503916432e-05 1.18153366202023e-05 1.18232228487614e-05 1.18344587463071e-05 1.18468115033465e-05 1.1859164260386e-05 1.18715170174255e-05 1.1883869774465e-05 1.18962225315045e-05 1.19085752885439e-05
