data/working_set_collections/6091692-Cassins_Sparrow-M2/1995/prevtot_avg.asc
NCOLS 265 
NROWS 230 
XLLCORNER -115.5625 
YLLCORNER 24.8333333333333 
CELLSIZE 0.0833333333333333 
NODATA_value -9999 
[rows 162 to 179 of 230, columns 123 to 163 of 265]
1.14094755190308e-05 1.13855967356358e-05 1.1361717042746e-05 1.1337838259351e-05 1.14370413939469e-05 1.15772718345397e-05 1.17175022751326e-05 1.18577327157254e-05 1.19979631563183e-05 1.21381935969112e-05 1.22784231280093e-05 1.23884228742099e-05 1.24077287182445e-05 1.2427034562279e-05 1.24463404063135e-05 1.24656462503481e-05 1.24849511848879e-05 1.25042570289224e-05 1.2523562872957e-05 1.25908409245312e-05 1.26741088024573e-05 1.27573775898782e-05 1.28406454678043e-05 1.29239133457304e-05 1.30071821331512e-05 1.30904500110773e-05 1.31523202071548e-05 1.31499973576865e-05 1.31476745082182e-05 1.31453516587499e-05 1.31430288092815e-05 1.31407050503185e-05 1.31383822008502e-05 1.31360593513818e-05 1.32300483528525e-05 1.3356141607801e-05 1.34822348627495e-05 1.3608328117698e-05 1.37344213726465e-05 1.3860514627595e-05 1.39866078825435e-05
1.149883337348e-05 1.14748863779823e-05 1.14509384729899e-05 1.14269914774923e-05 1.15100692710257e-05 1.16288229037309e-05 1.17475774459308e-05 1.1866331078636e-05 1.19850847113412e-05 1.21038383440464e-05 1.22225919767516e-05 1.23158333735773e-05 1.23325389722595e-05 1.2349243661447e-05 1.23659483506344e-05 1.23826539493166e-05 1.23993586385041e-05 1.24160642371862e-05 1.24327689263737e-05 1.24868693092139e-05 1.25534334074473e-05 1.26199984151754e-05 1.26865634229034e-05 1.27531284306315e-05 1.28196934383595e-05 1.28862575365929e-05 1.2938031431986e-05 1.29454319903743e-05 1.29528325487627e-05 1.2960233107151e-05 1.2967634575034e-05 1.29750351334224e-05 1.29824356918107e-05 1.2989836250199e-05 1.30900016301894e-05 1.322108983004e-05 1.33521780298906e-05 1.34832653202466e-05 1.36143535200972e-05 1.37454417199478e-05 1.38765290103038e-05
1.15881912279292e-05 1.15641760203289e-05 1.15401599032339e-05 1.15161437861389e-05 1.15830971481046e-05 1.16803748824168e-05 1.17776517072343e-05 1.18749285320519e-05 1.19722062663641e-05 1.20694830911816e-05 1.21667599159991e-05 1.22432438729447e-05 1.22573483167798e-05 1.22714527606149e-05 1.228555720445e-05 1.22996616482851e-05 1.23137660921202e-05 1.23278705359553e-05 1.23419749797904e-05 1.2382896784402e-05 1.2432758921932e-05 1.24826201499673e-05 1.25324813780026e-05 1.25823426060379e-05 1.26322038340732e-05 1.26820659716032e-05 1.27237426568172e-05 1.27408666230622e-05 1.27579914988019e-05 1.27751154650468e-05 1.27922403407865e-05 1.28093643070315e-05 1.28264882732765e-05 1.28436131490162e-05 1.2949955817021e-05 1.3086038052279e-05 1.32221202875371e-05 1.33582034322899e-05 1.3494285667548e-05 1.3630367902806e-05 1.37664501380641e-05
1.16775499918731e-05 1.16534656626754e-05 1.16293804239831e-05 1.16052960947854e-05 1.16561250251834e-05 1.1731925951608e-05 1.18077268780326e-05 1.18835268949624e-05 1.1959327821387e-05 1.20351278383168e-05 1.21109287647414e-05 1.21706552818068e-05 1.21821585707949e-05 1.21936627692776e-05 1.22051660582656e-05 1.22166702567483e-05 1.22281735457364e-05 1.22396768347244e-05 1.22511810332071e-05 1.22789251690847e-05 1.23120835269219e-05 1.23452409752645e-05 1.23783993331017e-05 1.24115576909389e-05 1.24447151392815e-05 1.24778734971187e-05 1.25094538816484e-05 1.25363021652447e-05 1.25631495393463e-05 1.25899978229427e-05 1.26168451970443e-05 1.26436934806406e-05 1.2670541764237e-05 1.26973891383386e-05 1.28099090943579e-05 1.29509862745181e-05 1.30920634546783e-05 1.32331406348385e-05 1.33742178149987e-05 1.35152949951589e-05 1.36563721753191e-05
1.17669078463223e-05 1.1742755305022e-05 1.1718601854227e-05 1.1694448403432e-05 1.17291529022623e-05 1.17834770207992e-05 1.18378011393361e-05 1.1892125257873e-05 1.19464493764099e-05 1.20007734949468e-05 1.2055096703989e-05 1.20980657811742e-05 1.21069688248099e-05 1.21158718684455e-05 1.21247749120812e-05 1.21336779557168e-05 1.21425809993525e-05 1.21514840429882e-05 1.21603870866238e-05 1.21749535537674e-05 1.21914081319119e-05 1.22078627100564e-05 1.22243172882008e-05 1.22407718663453e-05 1.22572264444898e-05 1.22736810226343e-05 1.22951651064795e-05 1.23317367979325e-05 1.23683084893855e-05 1.24048801808385e-05 1.24414509627968e-05 1.24780226542498e-05 1.25145943457028e-05 1.25511660371558e-05 1.26698632811895e-05 1.28159344967571e-05 1.29620066218195e-05 1.31080778373871e-05 1.32541499624494e-05 1.34002211780171e-05 1.35462933030794e-05
1.18562666102662e-05 1.18320449473686e-05 1.18078232844709e-05 1.17836007120786e-05 1.18021807793411e-05 1.18350280899904e-05 1.18678763101343e-05 1.19007236207835e-05 1.19335709314328e-05 1.1966418242082e-05 1.19992655527312e-05 1.20254762805416e-05 1.20317790788249e-05 1.20380809676135e-05 1.20443837658968e-05 1.20506856546854e-05 1.20569884529687e-05 1.20632903417572e-05 1.20695931400405e-05 1.20709819384501e-05 1.20707327369018e-05 1.20704844448483e-05 1.20702352433e-05 1.20699860417517e-05 1.20697377496981e-05 1.20694885481498e-05 1.20808763313107e-05 1.21271714306204e-05 1.217346652993e-05 1.22197616292397e-05 1.22660567285493e-05 1.23123527373536e-05 1.23586478366633e-05 1.24049429359729e-05 1.25298165585264e-05 1.26808827189961e-05 1.28319488794659e-05 1.29830150399357e-05 1.31340812004055e-05 1.328514827037e-05 1.34362144308398e-05
1.19019141493482e-05 1.18775124064996e-05 1.1853110663651e-05 1.18287089208025e-05 1.18308271339629e-05 1.18417865451192e-05 1.18527450467809e-05 1.18637044579373e-05 1.18746629595989e-05 1.18856223707553e-05 1.1896580872417e-05 1.19062915473478e-05 1.19122578325914e-05 1.19182232083404e-05 1.1924189493584e-05 1.19301548693329e-05 1.19361211545765e-05 1.19420874398202e-05 1.19480528155691e-05 1.19485439427081e-05 1.19472106234753e-05 1.19458763947478e-05 1.1944543075515e-05 1.19432097562822e-05 1.19418755275547e-05 1.19405422083219e-05 1.19517662824364e-05 1.20006652650773e-05 1.20495642477181e-05 1.20984632303589e-05 1.21473622129997e-05 1.21962611956405e-05 1.22451601782814e-05 1.22940591609222e-05 1.24212629089016e-05 1.25745682453271e-05 1.27278735817526e-05 1.28811798276729e-05 1.30344851640984e-05 1.3187790500524e-05 1.33410958369495e-05
1.19038504635682e-05 1.18791576824151e-05 1.1854464901262e-05 1.18297721201088e-05 1.18150928756222e-05 1.18037505671964e-05 1.17924091682653e-05 1.17810677693342e-05 1.17697263704031e-05 1.1758384971472e-05 1.17470435725409e-05 1.1740510672098e-05 1.17484041766147e-05 1.17562985906261e-05 1.17641920951428e-05 1.17720855996595e-05 1.17799800136709e-05 1.17878735181876e-05 1.17957679321989e-05 1.18076413855306e-05 1.18208408821374e-05 1.18340403787442e-05 1.18472407848458e-05 1.18604402814526e-05 1.18736406875541e-05 1.1886840184161e-05 1.19078358693514e-05 1.19522183013032e-05 1.1996600733255e-05 1.20409831652069e-05 1.20853655971587e-05 1.21297480291105e-05 1.21741304610623e-05 1.22185128930141e-05 1.23442014228203e-05 1.249699107575e-05 1.26497807286796e-05 1.28025703816093e-05 1.29553600345389e-05 1.31081496874685e-05 1.32609393403982e-05
1.19057867777883e-05 1.18808029583306e-05 1.18558191388729e-05 1.18308353194152e-05 1.17993577077868e-05 1.17657154987683e-05 1.17320732897497e-05 1.16984319902258e-05 1.16647897812072e-05 1.16311475721886e-05 1.15975053631701e-05 1.15747297968483e-05 1.15845514301327e-05 1.15943730634172e-05 1.16041946967016e-05 1.16140172394807e-05 1.16238388727652e-05 1.16336605060496e-05 1.16434821393341e-05 1.16667379188584e-05 1.16944711407996e-05 1.17222043627407e-05 1.17499384941766e-05 1.17776717161178e-05 1.18054049380589e-05 1.18331390694948e-05 1.18639054562664e-05 1.19037713375292e-05 1.1943637218792e-05 1.19835040095495e-05 1.20233698908123e-05 1.20632357720751e-05 1.21031016533379e-05 1.21429675346008e-05 1.22671399367391e-05 1.24194129966781e-05 1.25716869661119e-05 1.27239609355456e-05 1.28762349049794e-05 1.30285079649184e-05 1.31807819343521e-05
1.19077230920084e-05 1.18824482342461e-05 1.18571733764838e-05 1.18318976092269e-05 1.17836225399515e-05 1.17276804303401e-05 1.16717374112341e-05 1.16157953016227e-05 1.15598531920114e-05 1.15039101729053e-05 1.1447968063294e-05 1.14089489215985e-05 1.14206986836507e-05 1.14324484457029e-05 1.14441982077551e-05 1.14559479698073e-05 1.14676977318595e-05 1.1479446584417e-05 1.14911963464692e-05 1.15258344521862e-05 1.15681013994617e-05 1.16103683467372e-05 1.16526362035074e-05 1.16949031507829e-05 1.17371700980584e-05 1.17794370453339e-05 1.18199750431813e-05 1.18553243737551e-05 1.18906746138236e-05 1.19260239443975e-05 1.19613732749713e-05 1.19967235150398e-05 1.20320728456136e-05 1.20674221761874e-05 1.21900784506579e-05 1.2341835827101e-05 1.24935941130389e-05 1.2645351489482e-05 1.27971097754198e-05 1.29488671518629e-05 1.31006245283061e-05
1.19096594062285e-05 1.18840935101616e-05 1.18585276140948e-05 1.18329608085332e-05 1.17678873721161e-05 1.16896444524173e-05 1.16114015327184e-05 1.15331586130196e-05 1.14549156933208e-05 1.13766736831167e-05 1.12984307634179e-05 1.12431680463487e-05 1.1256845027674e-05 1.1270522918494e-05 1.12842008093139e-05 1.12978787001339e-05 1.13115556814591e-05 1.13252335722791e-05 1.13389114630991e-05 1.13849309855141e-05 1.14417316581239e-05 1.14985332402284e-05 1.15553339128383e-05 1.16121345854481e-05 1.16689352580579e-05 1.17257359306677e-05 1.17760446300963e-05 1.18068783194758e-05 1.18377110993606e-05 1.18685447887401e-05 1.18993775686249e-05 1.19302103485097e-05 1.19610440378892e-05 1.1991876817774e-05 1.21130169645767e-05 1.22642586575239e-05 1.24155003504711e-05 1.25667420434183e-05 1.27179837363656e-05 1.28692263388075e-05 1.30204680317547e-05
1.19115966299432e-05 1.18857387860771e-05 1.18598818517057e-05 1.18340240078396e-05 1.17521522042807e-05 1.16516093839891e-05 1.15510656542028e-05 1.14505228339112e-05 1.13499791041249e-05 1.12494362838333e-05 1.11488925540471e-05 1.1077387171099e-05 1.1092992281192e-05 1.11085983007797e-05 1.11242034108727e-05 1.11398094304604e-05 1.11554145405535e-05 1.11710205601412e-05 1.11866256702342e-05 1.12440284283366e-05 1.13153628262808e-05 1.13866972242249e-05 1.14580316221691e-05 1.15293660201132e-05 1.16007004180574e-05 1.16720348160015e-05 1.17321142170113e-05 1.17584313557018e-05 1.17847475848976e-05 1.18110647235881e-05 1.18373818622786e-05 1.18636980914744e-05 1.18900152301649e-05 1.19163314593607e-05 1.20359554784955e-05 1.21866814879468e-05 1.23374074973981e-05 1.24881325973547e-05 1.2638858606806e-05 1.27895846162573e-05 1.29403106257087e-05
1.19065434773802e-05 1.18775878945598e-05 1.18486332212342e-05 1.18196776384139e-05 1.17388563012355e-05 1.16407463792711e-05 1.15426355478121e-05 1.14445256258477e-05 1.13464147943887e-05 1.12483048724243e-05 1.11501940409653e-05 1.1079692740168e-05 1.10920200313558e-05 1.11043473225436e-05 1.11166737042367e-05 1.11290009954246e-05 1.11413282866124e-05 1.11536555778002e-05 1.11659819594934e-05 1.12192392407451e-05 1.12861398520181e-05 1.13530395537964e-05 1.14199401650694e-05 1.14868407763424e-05 1.15537404781207e-05 1.16206410893938e-05 1.16829323815182e-05 1.17313948067022e-05 1.17798581413808e-05 1.18283214760595e-05 1.18767848107382e-05 1.19252481454168e-05 1.19737114800955e-05 1.20221748147742e-05 1.21605789900059e-05 1.23289646580815e-05 1.24973503261572e-05 1.26657350847381e-05 1.28341207528138e-05 1.30025055113947e-05 1.31708911794703e-05
1.1894500858034e-05 1.18596417451045e-05 1.18247817226802e-05 1.17899226097506e-05 1.17279996629804e-05 1.16570554382633e-05 1.15861112135462e-05 1.15151669888292e-05 1.14442227641121e-05 1.1373278539395e-05 1.13023343146779e-05 1.12500865725451e-05 1.12539282781654e-05 1.12577708932804e-05 1.12616125989007e-05 1.1265454304521e-05 1.1269296919636e-05 1.12731386252563e-05 1.12769803308765e-05 1.13105652417289e-05 1.13540636448306e-05 1.13975620479323e-05 1.1441060451034e-05 1.14845588541357e-05 1.15280572572374e-05 1.15715556603391e-05 1.16284973046277e-05 1.17257704914664e-05 1.18230427688104e-05 1.19203150461544e-05 1.20175882329931e-05 1.21148605103372e-05 1.22121327876812e-05 1.23094050650252e-05 1.24868884086027e-05 1.26911090774229e-05 1.28953288367484e-05 1.30995495055686e-05 1.33037692648941e-05 1.35079890242196e-05 1.37122096930398e-05
1.18824582386878e-05 1.18416946861544e-05 1.18009302241262e-05 1.17601666715927e-05 1.17171421152307e-05 1.16733644972555e-05 1.16295859697857e-05 1.15858083518106e-05 1.15420298243407e-05 1.14982522063656e-05 1.14544736788957e-05 1.14204794954276e-05 1.1415836524975e-05 1.14111935545225e-05 1.14065505840699e-05 1.14019076136174e-05 1.13972646431648e-05 1.13926216727123e-05 1.13879787022597e-05 1.1401890333218e-05 1.14219874376431e-05 1.14420836325735e-05 1.14621807369986e-05 1.14822769319289e-05 1.1502374036354e-05 1.15224702312844e-05 1.15740631372319e-05 1.17201452667359e-05 1.186622739624e-05 1.20123086162494e-05 1.21583907457534e-05 1.23044728752575e-05 1.24505540952669e-05 1.25966362247709e-05 1.28131978271995e-05 1.30532525872695e-05 1.32933082568343e-05 1.35333630169043e-05 1.37734177769744e-05 1.40134725370444e-05 1.42535272971145e-05
1.18704156193417e-05 1.18237476272043e-05 1.17770796350669e-05 1.17304107334348e-05 1.17062845674809e-05 1.16896735562477e-05 1.16730616355198e-05 1.1656449714792e-05 1.16398377940641e-05 1.16232258733362e-05 1.16066139526083e-05 1.15908733278047e-05 1.15777447717846e-05 1.15646171252592e-05 1.15514894787339e-05 1.15383609227138e-05 1.15252332761884e-05 1.15121047201683e-05 1.14989770736429e-05 1.14932163342019e-05 1.14899112304556e-05 1.14866061267094e-05 1.14833001134684e-05 1.14799950097222e-05 1.14766899059759e-05 1.14733848022297e-05 1.1519628969836e-05 1.17145200420055e-05 1.19094111141749e-05 1.21043021863443e-05 1.22991932585137e-05 1.24940852401778e-05 1.26889763123472e-05 1.28838673845166e-05 1.31395072457963e-05 1.34153970066109e-05 1.36912867674255e-05 1.39671765282401e-05 1.42430662890547e-05 1.45189560498693e-05 1.47948458106839e-05
1.18583739094902e-05 1.18058005682542e-05 1.17532281365129e-05 1.17006557047716e-05 1.16954279292258e-05 1.17059826152399e-05 1.17165363917593e-05 1.17270910777734e-05 1.17376457637874e-05 1.17481995403068e-05 1.17587542263209e-05 1.17612662506872e-05 1.1739653928089e-05 1.1718040695996e-05 1.16964274639031e-05 1.16748142318102e-05 1.16532009997172e-05 1.1631588677119e-05 1.16099754450261e-05 1.1584541425691e-05 1.15578350232681e-05 1.15311277113506e-05 1.1504420399433e-05 1.14777139970101e-05 1.14510066850926e-05 1.1424299373175e-05 1.14651948024402e-05 1.1708894817275e-05 1.19525957416045e-05 1.21962957564392e-05 1.24399966807687e-05 1.26836966956034e-05 1.29273976199329e-05 1.31710985442623e-05 1.34658166643931e-05 1.37775414259522e-05 1.40892661875114e-05 1.44009909490705e-05 1.4712714801135e-05 1.50244395626942e-05 1.53361634147586e-05
1.1846331290144e-05 1.17878535093041e-05 1.17293766379589e-05 1.16708997666137e-05 1.16845703814761e-05 1.17222916742321e-05 1.17600120574934e-05 1.17977324407548e-05 1.18354528240161e-05 1.18731732072774e-05 1.19108935905388e-05 1.19316600830643e-05 1.19015621748986e-05 1.18714633572381e-05 1.18413654490723e-05 1.18112675409066e-05 1.17811696327408e-05 1.1751071724575e-05 1.17209738164092e-05 1.16758674266748e-05 1.16257588160806e-05 1.15756492959918e-05 1.15255406853976e-05 1.14754320748034e-05 1.14253234642092e-05 1.13752139441203e-05 1.14107597255497e-05 1.17032695925445e-05 1.19957794595393e-05 1.22882893265341e-05 1.25807991935289e-05 1.28733090605238e-05 1.31658189275186e-05 1.34583287945134e-05 1.37921260829899e-05 1.41396858452936e-05 1.44872446981026e-05 1.48348044604063e-05 1.51823633132153e-05 1.55299239850137e-05 1.58774819283281e-05
