data/working_set_collections/6091692-Cassins_Sparrow-M2/1995/prevtot_avg.asc
NCOLS 265 
NROWS 230 
XLLCORNER -115.5625 
YLLCORNER 24.8333333333333 
CELLSIZE 0.0833333333333333 
NODATA_value -9999 
[rows 162 to 179 of 230, columns 205 to 245 of 265]
2.00232734641759e-05 2.02808296307921e-05 2.0538383978419e-05 2.07959401450353e-05 2.10304569918662e-05 2.11958613363095e-05 2.13612638617633e-05 2.15266682062065e-05 2.16920725506498e-05 2.18574750761036e-05 2.20228794205468e-05 2.218828376499e-05 2.23843326239148e-05 2.25905987463193e-05 2.27968630497344e-05 2.30031291721389e-05 2.3209393475554e-05 2.34156595979584e-05 2.36219239013735e-05 2.38262073253281e-05 2.40245390159544e-05 2.42228707065806e-05 2.44212042161962e-05 2.46195359068224e-05 2.48178675974486e-05 2.50162011070643e-05 2.52145327976905e-05 2.53843099926598e-05 2.55445684160804e-05 2.5704826839501e-05 2.58650852629216e-05 2.60253436863422e-05 2.61856039287522e-05 2.63458623521728e-05 2.65061207755934e-05 2.66663810180034e-05 2.68266430794029e-05 2.69869033218129e-05 2.71471635642229e-05 2.73074256256223e-05 2.74676858680323e-05
2.02596329472726e-05 2.05080796149559e-05 2.07565262826392e-05 2.1004974769312e-05 2.12341092264978e-05 2.14053106901702e-05 2.15765103348531e-05 2.17477117985254e-05 2.19189114432083e-05 2.20901110878913e-05 2.22613125515636e-05 2.24325121962465e-05 2.26320062211016e-05 2.28409317060141e-05 2.30498571909266e-05 2.3258782675839e-05 2.34677081607515e-05 2.3676633645664e-05 2.38855591305764e-05 2.40939807554241e-05 2.43008889810881e-05 2.4507797206752e-05 2.47147054324159e-05 2.49216136580799e-05 2.51285218837438e-05 2.53354301094078e-05 2.55423383350717e-05 2.57245810644235e-05 2.58986037806608e-05 2.6072626496898e-05 2.62466492131352e-05 2.64206719293725e-05 2.65946946456097e-05 2.67687173618469e-05 2.6941517717205e-05 2.71106528089149e-05 2.72797879006248e-05 2.74489229923347e-05 2.76180580840446e-05 2.77871931757545e-05 2.79563282674644e-05
2.049599061138e-05 2.07353295991197e-05 2.09746704058489e-05 2.12140093935886e-05 2.14377632801188e-05 2.16147600440308e-05 2.17917568079429e-05 2.19687535718549e-05 2.21457503357669e-05 2.2322747099679e-05 2.2499743863591e-05 2.26767424464924e-05 2.28796798182884e-05 2.30912664846983e-05 2.33028513321187e-05 2.35144379985286e-05 2.3726022845949e-05 2.39376095123589e-05 2.41491943597794e-05 2.43617541855201e-05 2.45772389462218e-05 2.4792721887934e-05 2.50082066486357e-05 2.52236914093373e-05 2.54391743510496e-05 2.56546591117512e-05 2.58701420534635e-05 2.60648521361873e-05 2.62526391452411e-05 2.6440426154295e-05 2.66282113443594e-05 2.68159983534133e-05 2.70037853624672e-05 2.71915705525316e-05 2.73769128398271e-05 2.75549227808369e-05 2.77329327218467e-05 2.79109426628565e-05 2.80889526038663e-05 2.82669607258867e-05 2.84449706668966e-05
2.07323500944767e-05 2.09625814022729e-05 2.11928127100691e-05 2.14230440178653e-05 2.16414155147504e-05 2.18242093978915e-05 2.20070032810327e-05 2.21897953451844e-05 2.23725892283255e-05 2.25553831114667e-05 2.27381769946078e-05 2.29209708777489e-05 2.31273534154752e-05 2.33415994443931e-05 2.35558454733109e-05 2.37700915022288e-05 2.39843375311466e-05 2.41985835600644e-05 2.44128295889823e-05 2.46295294346055e-05 2.48535889113555e-05 2.50776483881054e-05 2.53017078648554e-05 2.55257673416054e-05 2.57498268183554e-05 2.59738862951053e-05 2.61979475908447e-05 2.64051250269404e-05 2.66066745098215e-05 2.6808225811692e-05 2.7009775294573e-05 2.72113247774541e-05 2.74128760793246e-05 2.76144255622057e-05 2.78123097814387e-05 2.79991945717484e-05 2.81860775430687e-05 2.83729623333784e-05 2.85598453046987e-05 2.87467300950084e-05 2.89336130663287e-05
2.09687095775735e-05 2.11898313864367e-05 2.14109550142894e-05 2.1632078642142e-05 2.1845067749382e-05 2.20336587517522e-05 2.22222479351331e-05 2.24108389375033e-05 2.25994299398735e-05 2.27880191232543e-05 2.29766101256246e-05 2.31652011279948e-05 2.3375027012662e-05 2.35919342230773e-05 2.38088396145031e-05 2.40257468249183e-05 2.42426522163441e-05 2.44595594267594e-05 2.46764648181852e-05 2.48973028647015e-05 2.51299388764892e-05 2.53625748882769e-05 2.55952090810752e-05 2.58278450928628e-05 2.60604811046505e-05 2.62931152974488e-05 2.65257513092365e-05 2.67453960987041e-05 2.69607098744018e-05 2.71760236500995e-05 2.73913392447866e-05 2.76066530204844e-05 2.78219667961821e-05 2.80372805718798e-05 2.82477067230502e-05 2.84434645436704e-05 2.86392223642906e-05 2.88349820039002e-05 2.90307398245204e-05 2.92264976451406e-05 2.94222554657608e-05
2.12050690606702e-05 2.14170831895899e-05 2.16290973185096e-05 2.18411132664187e-05 2.20487199840136e-05 2.22431081056129e-05 2.24374944082228e-05 2.26318807108328e-05 2.28262688324321e-05 2.3020655135042e-05 2.32150432566414e-05 2.34094295592513e-05 2.36227006098488e-05 2.3842267182772e-05 2.40618337556953e-05 2.42814003286185e-05 2.45009669015417e-05 2.47205334744649e-05 2.49401000473881e-05 2.51650781137869e-05 2.54062888416229e-05 2.56474995694589e-05 2.58887121162843e-05 2.61299228441203e-05 2.63711335719563e-05 2.66123442997923e-05 2.68535568466177e-05 2.70856671704678e-05 2.73147452389821e-05 2.75438233074965e-05 2.77729013760109e-05 2.80019794445252e-05 2.82310575130396e-05 2.84601355815539e-05 2.86831018456724e-05 2.88877345155925e-05 2.90923671855126e-05 2.92969998554327e-05 2.95016325253528e-05 2.97062651952729e-05 2.9910897865193e-05
2.13717503356747e-05 2.15812451642705e-05 2.17907399928663e-05 2.20002366404515e-05 2.22084036067827e-05 2.24125906242989e-05 2.26167758228257e-05 2.28209610213526e-05 2.30251462198794e-05 2.32293332373956e-05 2.34335184359225e-05 2.36377036344493e-05 2.38610955420882e-05 2.40908866544487e-05 2.43206795857986e-05 2.45504706981592e-05 2.47802636295091e-05 2.50100547418697e-05 2.52398476732196e-05 2.54740989475977e-05 2.57217288890388e-05 2.59693588304799e-05 2.6216988771921e-05 2.64646187133621e-05 2.67122486548033e-05 2.69598785962444e-05 2.72075085376855e-05 2.74460508080665e-05 2.76815626421012e-05 2.79170762951253e-05 2.81525899481494e-05 2.83881017821841e-05 2.86236154352082e-05 2.88591272692429e-05 2.90881889668526e-05 2.92978911602404e-05 2.95075933536282e-05 2.9717295547016e-05 2.99269977404037e-05 3.01366999337915e-05 3.03464039461687e-05
2.1468753402587e-05 2.16823191294679e-05 2.18958830373595e-05 2.21094487642404e-05 2.23241186176892e-05 2.25421063078102e-05 2.27600921789417e-05 2.29780780500732e-05 2.31960657401942e-05 2.34140516113257e-05 2.36320374824572e-05 2.38500233535888e-05 2.40902081714012e-05 2.43377908191178e-05 2.45853734668344e-05 2.48329579335405e-05 2.50805405812571e-05 2.53281232289737e-05 2.55757076956797e-05 2.58243671851233e-05 2.60762590187369e-05 2.63281490333611e-05 2.65800408669747e-05 2.68319327005884e-05 2.7083824534202e-05 2.73357163678156e-05 2.75876063824398e-05 2.78265433735214e-05 2.8061162083759e-05 2.82957826129859e-05 2.85304013232235e-05 2.8765020033461e-05 2.89996387436986e-05 2.92342574539362e-05 2.94629626296228e-05 2.96739308396354e-05 2.98848990496481e-05 3.00958672596607e-05 3.03068354696734e-05 3.0517803679686e-05 3.07287700707093e-05
2.15657582884887e-05 2.1783391275676e-05 2.20010260818526e-05 2.22186608880293e-05 2.24398336285958e-05 2.26716219913214e-05 2.29034085350577e-05 2.31351950787939e-05 2.33669834415196e-05 2.35987699852558e-05 2.3830556528992e-05 2.40623448917177e-05 2.43193208007142e-05 2.45846949837869e-05 2.48500691668596e-05 2.51154433499323e-05 2.5380817533005e-05 2.56461917160777e-05 2.59115658991504e-05 2.61746354226489e-05 2.64307873294456e-05 2.66869410552317e-05 2.69430947810179e-05 2.71992466878146e-05 2.74554004136007e-05 2.77115523203975e-05 2.79677060461836e-05 2.82070377579657e-05 2.84407633444062e-05 2.86744871118572e-05 2.89082126982976e-05 2.91419364657486e-05 2.9375662052189e-05 2.960938581964e-05 2.98377381113824e-05 3.00499723380199e-05 3.0262204745668e-05 3.04744389723055e-05 3.06866713799536e-05 3.08989037876017e-05 3.11111361952499e-05
2.1662761355401e-05 2.18844652408734e-05 2.21061691263458e-05 2.23278748308076e-05 2.25555486395024e-05 2.28011376748327e-05 2.30467248911737e-05 2.32923121075146e-05 2.35379011428449e-05 2.37834883591859e-05 2.40290755755268e-05 2.42746646108571e-05 2.45484352490166e-05 2.4831599148456e-05 2.51147648668848e-05 2.53979305853136e-05 2.5681094484753e-05 2.59642602031818e-05 2.62474259216106e-05 2.65249036601745e-05 2.67853174591437e-05 2.70457330771023e-05 2.73061468760716e-05 2.75665606750408e-05 2.78269762929995e-05 2.80873900919687e-05 2.83478057099273e-05 2.85875321424101e-05 2.88203627860639e-05 2.90531934297178e-05 2.92860240733717e-05 2.95188547170255e-05 2.97516853606794e-05 2.99845160043333e-05 3.02125135931419e-05 3.04260120174149e-05 3.06395122606773e-05 3.08530106849503e-05 3.10665091092233e-05 3.12800075334962e-05 3.14935059577692e-05
2.17597644223133e-05 2.19855392060708e-05 2.22113139898283e-05 2.24370869545965e-05 2.26712654693983e-05 2.2930653358344e-05 2.31900412472896e-05 2.34494291362353e-05 2.37088188441703e-05 2.3968206733116e-05 2.42275946220616e-05 2.44869843299966e-05 2.47775478783296e-05 2.50785033131251e-05 2.537946056691e-05 2.56804160017055e-05 2.59813732554903e-05 2.62823286902858e-05 2.65832841250813e-05 2.68751718977001e-05 2.71398475888418e-05 2.74045232799836e-05 2.76691989711253e-05 2.7933874662267e-05 2.81985521723982e-05 2.84632278635399e-05 2.87279035546817e-05 2.8968024707865e-05 2.91999622277217e-05 2.9431897928589e-05 2.96638354484458e-05 2.98957711493131e-05 3.01277086691698e-05 3.03596443700371e-05 3.05872890749015e-05 3.08020535157993e-05 3.10168179566972e-05 3.12315787596162e-05 3.14463432005141e-05 3.16611076414119e-05 3.18758720823098e-05
2.1856769308215e-05 2.20866131712683e-05 2.23164570343215e-05 2.25462990783853e-05 2.27869804803049e-05 2.30601690418553e-05 2.33333576034056e-05 2.36065479839453e-05 2.38797365454957e-05 2.4152925107046e-05 2.44261136685964e-05 2.46993040491361e-05 2.50066605076427e-05 2.53254092967836e-05 2.56441562669352e-05 2.59629032370867e-05 2.62816502072383e-05 2.66003971773898e-05 2.69191441475414e-05 2.72254383162363e-05 2.74943758995505e-05 2.77633153018542e-05 2.80322528851684e-05 2.83011904684827e-05 2.85701280517969e-05 2.88390656351112e-05 2.91080032184254e-05 2.93485190923093e-05 2.95795616693795e-05 2.98106042464497e-05 3.00416468235198e-05 3.027268940059e-05 3.05037319776602e-05 3.0734772735741e-05 3.09620627376717e-05 3.11780931951944e-05 3.13941236527171e-05 3.1610150472261e-05 3.18261809297837e-05 3.20422113873065e-05 3.22582382068504e-05
2.19387839024421e-05 2.21835161937634e-05 2.2428250304074e-05 2.26729825953953e-05 2.29299348575296e-05 2.32235452131135e-05 2.35171537497081e-05 2.3810764105292e-05 2.41043726418866e-05 2.43979811784811e-05 2.46915915340651e-05 2.49852000706596e-05 2.53079906542553e-05 2.56405055552023e-05 2.59730222751386e-05 2.6305538995075e-05 2.66380557150114e-05 2.69705724349478e-05 2.73030873358948e-05 2.76194023172138e-05 2.78871139016701e-05 2.81548254861264e-05 2.84225370705826e-05 2.86902486550389e-05 2.89579602394952e-05 2.9225670004962e-05 2.94933815894183e-05 2.97259848593967e-05 2.99468847515527e-05 3.01677864626981e-05 3.03886863548541e-05 3.06095862470102e-05 3.08304879581556e-05 3.10513860313222e-05 3.12715164909605e-05 3.14893368340563e-05 3.17071571771521e-05 3.19249775202479e-05 3.21427978633437e-05 3.23606182064395e-05 3.25784385495353e-05
2.20058082049945e-05 2.22762500925455e-05 2.25466937990859e-05 2.28171375056263e-05 2.31001304200618e-05 2.34207800531294e-05 2.37414296861971e-05 2.40620793192647e-05 2.4382727133343e-05 2.47033767664107e-05 2.50240263994783e-05 2.53446742135566e-05 2.56815346801886e-05 2.60237975453492e-05 2.63660622294992e-05 2.67083250946598e-05 2.70505879598204e-05 2.73928526439704e-05 2.7735115509131e-05 2.80570620816434e-05 2.83180597762112e-05 2.85790556517895e-05 2.88400533463573e-05 2.91010510409251e-05 2.93620469165035e-05 2.96230446110712e-05 2.9884042305639e-05 3.01004238281166e-05 3.03019332932308e-05 3.0503442758345e-05 3.07049522234593e-05 3.09064635075629e-05 3.11079747916665e-05 3.13094824377913e-05 3.1515650334768e-05 3.17357880703639e-05 3.1955922167981e-05 3.2176059903577e-05 3.23961976391729e-05 3.261633173679e-05 3.28364694723859e-05
2.2072832507547e-05 2.23689858103171e-05 2.26651372940978e-05 2.29612905968679e-05 2.32703278015833e-05 2.36180167121347e-05 2.39657056226861e-05 2.4313392714248e-05 2.46610816247994e-05 2.50087705353508e-05 2.53564594459021e-05 2.57041483564535e-05 2.6055078706122e-05 2.64070895354962e-05 2.67591003648704e-05 2.71111111942446e-05 2.74631220236188e-05 2.7815132852993e-05 2.81671436823672e-05 2.84947218460729e-05 2.87490056507522e-05 2.90032876364421e-05 2.9257569622132e-05 2.95118534268113e-05 2.97661354125012e-05 3.00204192171805e-05 3.02747012028703e-05 3.04748627968365e-05 3.0656981834909e-05 3.08391026919708e-05 3.10212199110538e-05 3.12033407681156e-05 3.13854616251774e-05 3.15675788442604e-05 3.17597841785755e-05 3.19822356686927e-05 3.220468715881e-05 3.2427142286906e-05 3.26495937770233e-05 3.28720452671405e-05 3.30945003952365e-05
2.21398568100994e-05 2.24617197090993e-05 2.27835826080991e-05 2.31054436881095e-05 2.34405233641155e-05 2.38152515521506e-05 2.41899797401857e-05 2.45647079282207e-05 2.49394379352452e-05 2.53141661232803e-05 2.56888943113154e-05 2.60636224993505e-05 2.64286245510448e-05 2.67903815256432e-05 2.7152140319231e-05 2.75138972938294e-05 2.78756542684278e-05 2.82374130620155e-05 2.85991700366139e-05 2.89323816105025e-05 2.91799497063039e-05 2.94275178021053e-05 2.96750877168961e-05 2.99226558126975e-05 3.01702239084989e-05 3.04177920043003e-05 3.06653601001017e-05 3.0849299946567e-05 3.10120303765871e-05 3.11747608066071e-05 3.13374875986483e-05 3.15002180286683e-05 3.16629484586883e-05 3.18256752507295e-05 3.20039143844042e-05 3.22286832670216e-05 3.24534521496389e-05 3.26782246702351e-05 3.29029935528524e-05 3.31277624354698e-05 3.33525313180871e-05
2.22068829316413e-05 2.25544536078814e-05 2.2902026103111e-05 2.32495985983405e-05 2.36107189266477e-05 2.40124863921665e-05 2.44142556766747e-05 2.48160231421934e-05 2.52177924267016e-05 2.56195598922204e-05 2.60213291767286e-05 2.64230966422474e-05 2.68021685769781e-05 2.71736735157901e-05 2.75451784546021e-05 2.79166833934141e-05 2.82881883322261e-05 2.86596932710381e-05 2.90311982098501e-05 2.9370041374932e-05 2.9610895580845e-05 2.98517497867579e-05 3.00926039926708e-05 3.03334581985837e-05 3.05743124044966e-05 3.08151684293989e-05 3.10560208163224e-05 3.1223738915287e-05 3.13670789182652e-05 3.15104152832646e-05 3.16537552862428e-05 3.1797095289221e-05 3.19404352921993e-05 3.20837716571987e-05 3.22480482282117e-05 3.24751345033292e-05 3.27022207784466e-05 3.29293034155853e-05 3.31563896907028e-05 3.33834759658203e-05 3.36105622409377e-05
2.22739072341938e-05 2.2647189325653e-05 2.30204695981229e-05 2.33937516895821e-05 2.37809144891798e-05 2.42097230511717e-05 2.46385316131637e-05 2.50673383561661e-05 2.5496146918158e-05 2.59249554801499e-05 2.63537640421418e-05 2.67825707851443e-05 2.71757126029115e-05 2.75569655059371e-05 2.79382165899733e-05 2.83194694929989e-05 2.87007223960245e-05 2.90819734800607e-05 2.94632263830863e-05 2.98077011393616e-05 3.0041841455386e-05 3.0275979952421e-05 3.05101202684455e-05 3.07442605844699e-05 3.09784009004943e-05 3.12125412165187e-05 3.14466815325432e-05 3.15981778840069e-05 3.17221274599433e-05 3.18460733979009e-05 3.19700229738373e-05 3.20939725497738e-05 3.22179184877314e-05 3.23418680636678e-05 3.24921820720192e-05 3.2721582101658e-05 3.29509857692756e-05 3.31803857989144e-05 3.3409789466532e-05 3.36391894961707e-05 -9999
