data/working_set_collections/6091692-Cassins_Sparrow-M2/1995/prevtot_avg.asc
NCOLS 265 
NROWS 230 
XLLCORNER -115.5625 
YLLCORNER 24.8333333333333 
CELLSIZE 0.0833333333333333 
NODATA_value -9999 
[rows 126 to 143 of 230, columns 82 to 122 of 265]
1.62923206517007e-05 1.63365566550056e-05 1.6380790839321e-05 1.64250250236364e-05 1.64692610269412e-05 1.65134952112567e-05 1.65577293955721e-05 1.65632773132529e-05 1.64527646120405e-05 1.63422500918387e-05 1.62317355716368e-05 1.6121221051435e-05 1.60107065312332e-05 1.59001938300207e-05 1.57896793098189e-05 1.53333639900666e-05 1.4761781130801e-05 1.41901982715353e-05 1.36186163217644e-05 1.30470334624988e-05 1.24754515127279e-05 1.19038686534623e-05 1.15088796519558e-05 1.16436731332215e-05 1.17784657049924e-05 1.19132582767634e-05 1.2048051758029e-05 1.21828443298e-05 1.2317636901571e-05 1.24524303828366e-05 1.26204959087772e-05 1.2799652722606e-05 1.297880862694e-05 1.31579654407687e-05 1.33371222545975e-05 1.35162790684262e-05 1.36954349727603e-05 1.37858833113569e-05 1.36102062242571e-05 1.34345291371574e-05 1.32588520500576e-05
1.58419425133616e-05 1.59506889758632e-05 1.60594336193753e-05 1.61681800818769e-05 1.62769265443785e-05 1.63856711878907e-05 1.64944176503923e-05 1.65263409144245e-05 1.63278000400169e-05 1.61292591656093e-05 1.59307182912016e-05 1.57321755978046e-05 1.5533634723397e-05 1.53350938489893e-05 1.5136552065087e-05 1.47480623127194e-05 1.42962562676985e-05 1.38444502226776e-05 1.33926441776566e-05 1.29408381326357e-05 1.24890320876148e-05 1.20372260425938e-05 1.17137678898871e-05 1.17753543236176e-05 1.18369398478535e-05 1.18985253720894e-05 1.19601118058199e-05 1.20216973300558e-05 1.20832837637863e-05 1.21448692880222e-05 1.2343735761533e-05 1.25883634609636e-05 1.28329911603942e-05 1.307761795033e-05 1.33222456497606e-05 1.35668724396965e-05 1.3811500139127e-05 1.39454896270763e-05 1.37475644805818e-05 1.3549640243582e-05 1.33517150970874e-05
1.53915643750224e-05 1.55648212967208e-05 1.57380782184191e-05 1.59113351401174e-05 1.60845920618158e-05 1.62578489835141e-05 1.64311059052125e-05 1.64894063345855e-05 1.62028372869827e-05 1.59162682393799e-05 1.5629699191777e-05 1.53431319631636e-05 1.50565629155608e-05 1.47699947774527e-05 1.44834257298498e-05 1.4162761544867e-05 1.38307323140907e-05 1.34987021738198e-05 1.31666729430435e-05 1.28346428027726e-05 1.25026135719963e-05 1.21705834317254e-05 1.19186561278184e-05 1.19070355140138e-05 1.18954139907146e-05 1.18837924674153e-05 1.18721718536108e-05 1.18605503303115e-05 1.1848929716507e-05 1.18373081932077e-05 1.20669765237835e-05 1.23770751088159e-05 1.26871727843536e-05 1.29972704598913e-05 1.33073690449237e-05 1.36174667204614e-05 1.39275653054938e-05 1.41050959427957e-05 1.38849236464011e-05 1.36647513500066e-05 1.3444579053612e-05
1.49411862366833e-05 1.51789536175784e-05 1.54167209984735e-05 1.56544883793686e-05 1.58922575792531e-05 1.61300249601481e-05 1.63677923410432e-05 1.64524699357571e-05 1.60778745339485e-05 1.57032773131505e-05 1.53286819113418e-05 1.49540865095332e-05 1.45794911077246e-05 1.42048947964213e-05 1.38302993946127e-05 1.35774607770145e-05 1.33652074509882e-05 1.3152954124962e-05 1.29407007989357e-05 1.27284474729095e-05 1.25161941468832e-05 1.23039417303517e-05 1.21235443657497e-05 1.203871670441e-05 1.19538881335757e-05 1.1869060472236e-05 1.17842319014017e-05 1.1699404240062e-05 1.16145756692276e-05 1.1529748007888e-05 1.1790217286034e-05 1.21657858471735e-05 1.25413544083131e-05 1.29169238789473e-05 1.32924924400868e-05 1.36680610012263e-05 1.40436295623658e-05 1.42647013490205e-05 1.40222819027258e-05 1.37798624564311e-05 1.35374430101365e-05
1.44908071888494e-05 1.4793085938436e-05 1.50953646880225e-05 1.53976434376091e-05 1.56999230966903e-05 1.60022009367822e-05 1.63044805958634e-05 1.64155335369287e-05 1.59529099619249e-05 1.54902882059105e-05 1.50276646309067e-05 1.45650419653975e-05 1.41024192998884e-05 1.36397957248846e-05 1.31771730593755e-05 1.2992160009162e-05 1.28996825878858e-05 1.28072060761042e-05 1.27147295643226e-05 1.26222521430464e-05 1.25297756312648e-05 1.24372991194832e-05 1.2328432603681e-05 1.21703969853115e-05 1.20123622764368e-05 1.1854327567562e-05 1.16962919491925e-05 1.15382572403178e-05 1.13802216219483e-05 1.12221869130735e-05 1.15134580482845e-05 1.19544974950259e-05 1.23955369417672e-05 1.28365763885085e-05 1.32776158352499e-05 1.37186552819912e-05 1.41596947287326e-05 1.44243076647399e-05 1.41596401590505e-05 1.38949735628557e-05 1.36303060571663e-05
1.40404290505103e-05 1.44072191687883e-05 1.47740083775716e-05 1.51407984958496e-05 1.55075886141276e-05 1.58743769134162e-05 1.62411670316942e-05 1.63785971381003e-05 1.58279472088907e-05 1.52772972796811e-05 1.47266473504715e-05 1.41759965117672e-05 1.36253465825575e-05 1.30746966533479e-05 1.25240467241383e-05 1.24068592413096e-05 1.2434158634278e-05 1.24614580272464e-05 1.24887574202148e-05 1.25160568131832e-05 1.25433571156464e-05 1.25706565086148e-05 1.25333208416123e-05 1.23020781757077e-05 1.20708364192978e-05 1.1839594662888e-05 1.16083519969834e-05 1.13771102405735e-05 1.11458684841637e-05 1.09146258182591e-05 1.12366979010403e-05 1.17432082333835e-05 1.22497185657267e-05 1.27562288980698e-05 1.3262739230413e-05 1.37692495627562e-05 1.42757598950993e-05 1.45839139804593e-05 1.42969993248698e-05 1.40100846692803e-05 1.37231700136908e-05
1.36291673697997e-05 1.40028269015602e-05 1.43764873428154e-05 1.47501477840706e-05 1.51238073158311e-05 1.54974677570863e-05 1.58711281983415e-05 1.60107392730424e-05 1.54482095240382e-05 1.48856788655394e-05 1.43231482070405e-05 1.37606175485416e-05 1.31980868900428e-05 1.26355562315439e-05 1.2073025573045e-05 1.19889591587707e-05 1.206437991641e-05 1.21398015835439e-05 1.22152223411831e-05 1.2290644008317e-05 1.2366065675451e-05 1.24414864330902e-05 1.24378284453996e-05 1.21969324027305e-05 1.19560363600613e-05 1.17151403173921e-05 1.14742442747229e-05 1.12333482320537e-05 1.09924521893845e-05 1.07515561467153e-05 1.10805758595234e-05 1.1599567187659e-05 1.21185576062999e-05 1.26375489344355e-05 1.31565402625711e-05 1.36755315907067e-05 1.41945220093476e-05 1.45127587529714e-05 1.42287335620495e-05 1.39447074616328e-05 1.36606813612161e-05
1.32570212372229e-05 1.35799109557411e-05 1.39028006742592e-05 1.4225691302272e-05 1.45485810207902e-05 1.48714707393083e-05 1.51943613673211e-05 1.53119617607445e-05 1.48136978168623e-05 1.43154329634854e-05 1.38171681101085e-05 1.33189032567316e-05 1.28206384033547e-05 1.23223744594725e-05 1.18241096060956e-05 1.17384597615455e-05 1.17903482532711e-05 1.18422358355019e-05 1.18941243272275e-05 1.1946012818953e-05 1.19979013106786e-05 1.20497898024041e-05 1.20419563245378e-05 1.18549596663797e-05 1.16679630082217e-05 1.1480965440569e-05 1.1293968782411e-05 1.11069721242529e-05 1.09199745566002e-05 1.07329778984422e-05 1.10450901047443e-05 1.15235725388629e-05 1.20020540634869e-05 1.24805364976055e-05 1.29590189317241e-05 1.34375013658428e-05 1.39159828904667e-05 1.42108447107603e-05 1.3954843780084e-05 1.36988428494078e-05 1.34428419187316e-05
1.28848741951515e-05 1.3156995009922e-05 1.34291149151977e-05 1.37012348204735e-05 1.39733547257492e-05 1.4245474631025e-05 1.45175945363007e-05 1.46131851579412e-05 1.41791861096863e-05 1.37451870614314e-05 1.33111880131764e-05 1.28771898744162e-05 1.24431908261613e-05 1.20091917779064e-05 1.15751936391462e-05 1.14879603643203e-05 1.15163156806375e-05 1.15446709969547e-05 1.15730263132718e-05 1.1601381629589e-05 1.16297369459062e-05 1.16580922622234e-05 1.16460851131706e-05 1.1512986930029e-05 1.13798887468874e-05 1.12467905637459e-05 1.1113693290099e-05 1.09805951069575e-05 1.08474969238159e-05 1.07143996501691e-05 1.10096043499652e-05 1.14475778900669e-05 1.18855514301686e-05 1.23235240607755e-05 1.27614976008772e-05 1.31994702314842e-05 1.36374437715858e-05 1.39089297590544e-05 1.36809539981186e-05 1.34529782371828e-05 1.32250015667523e-05
1.25127280625748e-05 1.27340781546081e-05 1.29554282466415e-05 1.31767783386749e-05 1.33981284307083e-05 1.3619477613247e-05 1.38408277052804e-05 1.39144067361485e-05 1.35446744025103e-05 1.31749411593773e-05 1.28052088257391e-05 1.24354755826062e-05 1.20657432489679e-05 1.1696010005835e-05 1.1326276762702e-05 1.12374609670951e-05 1.12422831080039e-05 1.12471061584074e-05 1.12519282993162e-05 1.1256750440225e-05 1.12615734906285e-05 1.12663956315373e-05 1.12502129923087e-05 1.11710141936783e-05 1.10918153950479e-05 1.10126156869228e-05 1.09334168882924e-05 1.0854218089662e-05 1.07750192910316e-05 1.06958204924013e-05 1.09741195046809e-05 1.13715832412709e-05 1.17690478873556e-05 1.21665116239456e-05 1.25639762700303e-05 1.29614400066203e-05 1.3358904652705e-05 1.36070148073486e-05 1.34070642161532e-05 1.32071127154632e-05 1.30071621242678e-05
1.2140581929998e-05 1.2311162208789e-05 1.24817415780853e-05 1.26523218568764e-05 1.28229012261727e-05 1.29934815049637e-05 1.316406087426e-05 1.32156292238506e-05 1.29101626953343e-05 1.26046952573233e-05 1.22992287288071e-05 1.19937622002908e-05 1.16882947622798e-05 1.13828282337636e-05 1.10773607957526e-05 1.09869615698699e-05 1.0968251444865e-05 1.09495404103654e-05 1.09308302853606e-05 1.0912119250861e-05 1.08934091258561e-05 1.08746990008513e-05 1.08543408714468e-05 1.08290405478328e-05 1.08037411337136e-05 1.07784417195944e-05 1.07531413959805e-05 1.07278419818613e-05 1.07025416582474e-05 1.06772422441281e-05 1.09386337499018e-05 1.12955885924748e-05 1.16525443445425e-05 1.20094991871156e-05 1.23664549391833e-05 1.27234097817563e-05 1.30803655338241e-05 1.33051007651375e-05 1.31331744341878e-05 1.29612481032382e-05 1.27893217722885e-05
1.17684357974213e-05 1.18882462629699e-05 1.20080558190239e-05 1.21278653750778e-05 1.22476749311318e-05 1.23674844871857e-05 1.24872949527344e-05 1.25168517115526e-05 1.22756509881583e-05 1.20344493552693e-05 1.1793248631875e-05 1.15520479084807e-05 1.13108471850865e-05 1.10696455521975e-05 1.08284448288032e-05 1.07364621726447e-05 1.06942188722314e-05 1.06519755718182e-05 1.06097322714049e-05 1.0567488061497e-05 1.05252447610837e-05 1.04830014606705e-05 1.04584687505849e-05 1.04870678114821e-05 1.05156668723794e-05 1.05442668427713e-05 1.05728659036686e-05 1.06014649645658e-05 1.06300640254631e-05 1.0658663995855e-05 1.09031479951227e-05 1.12195948531735e-05 1.15360408017295e-05 1.18524867502856e-05 1.21689336083364e-05 1.24853795568924e-05 1.28018264149432e-05 1.30031858134316e-05 1.28592846522224e-05 1.27153834910132e-05 1.25714814203093e-05
1.14845342977787e-05 1.15716766231344e-05 1.16588198579848e-05 1.17459630928352e-05 1.18331054181908e-05 1.19202486530412e-05 1.20073918878916e-05 1.20213981062989e-05 1.18159969133558e-05 1.16105957204127e-05 1.14051945274696e-05 1.11997933345265e-05 1.09943921415834e-05 1.07889909486403e-05 1.05835897556972e-05 1.05001272459049e-05 1.04573118733242e-05 1.04144965007436e-05 1.03716811281629e-05 1.03288657555822e-05 1.02860503830016e-05 1.02432350104209e-05 1.02235771919368e-05 1.02733947642264e-05 1.03232114270213e-05 1.03730289993109e-05 1.04228456621058e-05 1.04726632343954e-05 1.05224798971904e-05 1.05722965599853e-05 1.07988371382817e-05 1.10842847789172e-05 1.13697324195527e-05 1.16551800601883e-05 1.19406277008238e-05 1.22260744319647e-05 1.25115220726002e-05 1.26950471894816e-05 1.2572802916111e-05 1.24505595522351e-05 1.23283152788645e-05
1.12888765215757e-05 1.13614560177666e-05 1.14340346044628e-05 1.15066141006537e-05 1.15791935968446e-05 1.16517721835407e-05 1.17243516797316e-05 1.17292693175841e-05 1.15312013804214e-05 1.13331334432587e-05 1.1135065506096e-05 1.09369975689333e-05 1.07389296317706e-05 1.05408616946079e-05 1.03427937574452e-05 1.02779576991452e-05 1.02575304481434e-05 1.02371041066363e-05 1.02166777651291e-05 1.0196251423622e-05 1.01758241726202e-05 1.01553978311131e-05 1.01496661955025e-05 1.0188020496571e-05 1.02263738881447e-05 1.02647272797185e-05 1.0303081580787e-05 1.03414349723607e-05 1.03797883639345e-05 1.0418142665003e-05 1.0625700269884e-05 1.08896592792007e-05 1.11536182885175e-05 1.14175772978342e-05 1.1681536307151e-05 1.19454953164677e-05 1.22094543257845e-05 1.23806848932873e-05 1.22737310448429e-05 1.21667762869038e-05 1.20598224384594e-05
1.10932187453727e-05 1.11512345029041e-05 1.12092493509408e-05 1.12672651084722e-05 1.13252808660036e-05 1.1383296623535e-05 1.14413123810664e-05 1.14371405288693e-05 1.1246405847487e-05 1.10556711661047e-05 1.08649364847224e-05 1.06742027128348e-05 1.04834680314525e-05 1.02927333500702e-05 1.01019986686879e-05 1.00557872428908e-05 1.00577499324572e-05 1.0059711712529e-05 1.00616744020954e-05 1.00636361821671e-05 1.00655988717335e-05 1.00675615613e-05 1.00757551990682e-05 1.01026462289155e-05 1.01295363492682e-05 1.01564264696208e-05 1.01833165899734e-05 1.0210206710326e-05 1.02370977401733e-05 1.0263987860526e-05 1.04525634014863e-05 1.06950337794842e-05 1.09375041574822e-05 1.11799745354801e-05 1.14224449134781e-05 1.16649152914761e-05 1.1907385669474e-05 1.20663225970929e-05 1.19746582640801e-05 1.18829939310672e-05 1.17913295980543e-05
1.08975609691697e-05 1.09410129880416e-05 1.09844650069135e-05 1.10279170257854e-05 1.10713690446573e-05 1.11148210635292e-05 1.11582730824011e-05 1.11450117401546e-05 1.09616103145527e-05 1.07782088889508e-05 1.05948083728435e-05 1.04114069472416e-05 1.02280055216397e-05 1.00446050055325e-05 9.86120357993059e-06 9.83361678663641e-06 9.85796850727638e-06 9.88231931842165e-06 9.90667103906162e-06 9.93102185020689e-06 9.95537357084686e-06 9.97972438199213e-06 1.00018451121286e-05 1.00172719612601e-05 1.00326988103916e-05 1.00481256595231e-05 1.00635525086545e-05 1.0078979357786e-05 1.00944062069175e-05 1.0109833056049e-05 1.02794265330886e-05 1.05004082797677e-05 1.07213900264469e-05 1.09423717731261e-05 1.11633535198052e-05 1.13843352664844e-05 1.16053170131636e-05 1.17519603008986e-05 1.16755854833173e-05 1.15992115752306e-05 1.15228367576492e-05
1.07019031929667e-05 1.07307914731791e-05 1.07596797533915e-05 1.0788568033604e-05 1.08174563138164e-05 1.08463445940288e-05 1.08752328742412e-05 1.08528820419451e-05 1.06768147816183e-05 1.05007466117968e-05 1.032467935147e-05 1.01486120911431e-05 9.97254392132163e-06 9.79647666099481e-06 9.62040849117329e-06 9.61144723987672e-06 9.65818708209554e-06 9.70492692431435e-06 9.75166767602786e-06 9.79840751824668e-06 9.84514736046549e-06 9.891888112179e-06 9.92793411569437e-06 9.9318976936047e-06 9.93586127151502e-06 9.93982484942535e-06 9.94378751784097e-06 9.9477510957513e-06 9.95171467366163e-06 9.95567825157195e-06 1.01062896646908e-05 1.03057827800512e-05 1.05052758954116e-05 1.0704769010772e-05 1.09042621261324e-05 1.11037561509875e-05 1.13032492663478e-05 1.14375980047043e-05 1.13765136120492e-05 1.13154283098993e-05 1.12543439172441e-05
1.05062454167637e-05 1.05205699583166e-05 1.05348944998696e-05 1.05492190414225e-05 1.05635444924701e-05 1.0577869034023e-05 1.05921935755759e-05 1.05607532532304e-05 1.03920192486839e-05 1.02232852441375e-05 1.00545503300964e-05 9.88581632554997e-06 9.71708232100355e-06 9.54834740696242e-06 9.379613402416e-06 9.38927678362234e-06 9.45840565691469e-06 9.52753453020705e-06 9.59666431299411e-06 9.66579318628646e-06 9.73492205957882e-06 9.80405093287118e-06 9.85402311926009e-06 9.84652342594927e-06 9.83902282314375e-06 9.83152312983293e-06 9.82402343652211e-06 9.81652374321129e-06 9.80902404990047e-06 9.80152344709495e-06 9.93315279629314e-06 1.01111572803347e-05 1.02891617643763e-05 1.04671662484179e-05 1.06451716419542e-05 1.08231761259958e-05 1.10011806100374e-05 1.112323570851e-05 1.10774408312864e-05 1.10316459540627e-05 1.0985851076839e-05
