data/working_set_collections/6091692-Cassins_Sparrow-M2/1995/prmc_avg.asc
NCOLS 265 
NROWS 230 
XLLCORNER -115.5625 
YLLCORNER 24.8333333333333 
CELLSIZE 0.0833333333333333 
NODATA_value -9999 
[rows 140 to 159 of 230, columns 88 to 131 of 265]
0.166307508945465 0.165735155344009 0.164795756340027 0.163856372237206 0.162916973233223 0.161977589130402 0.161038190126419 0.160098806023598 0.159159421920776 0.157324984669685 0.155192196369171 0.153059422969818 0.150926634669304 0.148793861269951 0.146661072969437 0.144528299570084 0.142678886651993 0.141679584980011 0.140680283308029 0.139680981636047 0.138681679964066 0.137682378292084 0.136683076620102 0.13568377494812 0.137672021985054 0.140656113624573 0.143640205264091 0.14662429690361 0.149608388543129 0.152592480182648 0.155576586723328 0.158067733049393 0.159080028533936 0.16009233891964 0.161104634404182 0.162116944789886 0.163129240274429 0.164141550660133 0.165153846144676 0.16487093269825 0.164156273007393 0.163441613316536 0.162726938724518 0.162012279033661
0.164944931864738 0.164323583245277 0.163483679294586 0.162643775343895 0.161803871393204 0.160963967442513 0.160124078392982 0.159284174442291 0.1584442704916 0.156348541378975 0.153834208846092 0.15131987631321 0.148805543780327 0.146291211247444 0.143776878714561 0.141262546181679 0.139318943023682 0.139087557792664 0.138856172561646 0.138624772429466 0.138393387198448 0.138161987066269 0.137930601835251 0.137699216604233 0.139815285801888 0.142713859677315 0.145612433552742 0.148510992527008 0.151409566402435 0.154308140277863 0.157206699252129 0.159580111503601 0.16037805378437 0.16117599606514 0.161973938345909 0.162771880626678 0.163569822907448 0.164367765188217 0.165165707468987 0.164848402142525 0.16415935754776 0.163470298051834 0.162781253457069 0.162092208862305
0.163582354784012 0.162912011146545 0.162171602249146 0.161431178450584 0.160690769553185 0.159950360655785 0.159209951758385 0.158469542860985 0.157729119062424 0.155372112989426 0.152476221323013 0.149580329656601 0.14668445289135 0.143788561224937 0.140892684459686 0.137996792793274 0.135959014296532 0.136495530605316 0.137032046914101 0.137568563222885 0.138105094432831 0.138641610741615 0.1391781270504 0.139714643359184 0.141958564519882 0.144771605730057 0.147584646940231 0.150397688150406 0.153210744261742 0.156023785471916 0.158836826682091 0.161092504858971 0.161676079034805 0.162259668111801 0.162843242287636 0.16342681646347 0.164010405540466 0.164593979716301 0.165177553892136 0.1648258715868 0.164162442088127 0.163498997688293 0.162835568189621 0.162172123789787
0.162219762802124 0.161500439047813 0.160859510302544 0.160218596458435 0.159577667713165 0.158936753869057 0.158295825123787 0.157654896378517 0.157013982534409 0.154395669698715 0.151118233799934 0.147840797901154 0.144563362002373 0.141285926103592 0.13800847530365 0.134731039404869 0.132599070668221 0.133903503417969 0.135207936167717 0.136512368917465 0.137816786766052 0.1391212195158 0.140425652265549 0.141730085015297 0.144101828336716 0.146829351782799 0.149556875228882 0.152284383773804 0.155011907219887 0.15773943066597 0.160466954112053 0.16260489821434 0.162974119186401 0.163343325257301 0.163712546229362 0.164081767201424 0.164450988173485 0.164820194244385 0.165189415216446 0.164803355932236 0.164165526628494 0.163527697324753 0.162889868021011 0.16225203871727
0.161437943577766 0.160737439990044 0.160256296396255 0.159775167703629 0.15929402410984 0.158812880516052 0.158331751823425 0.157850608229637 0.157369464635849 0.154500588774681 0.150835797190666 0.14717099070549 0.143506199121475 0.13984140753746 0.136176615953445 0.132511824369431 0.130192294716835 0.13190858066082 0.133624881505966 0.135341167449951 0.137057453393936 0.138773754239082 0.140490040183067 0.142206326127052 0.144738912582397 0.147543579339981 0.150348246097565 0.153152912855148 0.155957579612732 0.158762246370316 0.161566913127899 0.163755133748055 0.164094045758247 0.16443295776844 0.164771854877472 0.165110766887665 0.165449663996696 0.165788576006889 0.166127488017082 0.16569373011589 0.165002405643463 0.164311096072197 0.16361977159977 0.162928462028503
0.161236897110939 0.160623013973236 0.16036194562912 0.160100892186165 0.159839823842049 0.159578770399094 0.159317716956139 0.159056648612022 0.158795595169067 0.155686855316162 0.151628911495209 0.147570952773094 0.14351299405098 0.139455035328865 0.13539707660675 0.131339117884636 0.128738686442375 0.130510777235031 0.132282882928848 0.134054988622665 0.135827094316483 0.1375992000103 0.139371290802956 0.141143396496773 0.143869787454605 0.146914273500443 0.14995875954628 0.153003245592117 0.156047731637955 0.159092217683792 0.16213670372963 0.164543226361275 0.165035873651505 0.165528520941734 0.166021168231964 0.166513815522194 0.167006462812424 0.167499110102654 0.167991757392883 0.167496994137764 0.166673094034195 0.165849179029465 0.165025278925896 0.164201378822327
0.16103583574295 0.160508573055267 0.160467594861984 0.160426616668701 0.160385638475418 0.160344660282135 0.160303682088852 0.160262703895569 0.160221725702286 0.156873136758804 0.15242201089859 0.147970899939537 0.143519774079323 0.13906866312027 0.134617537260056 0.130166426301003 0.127285063266754 0.129112973809242 0.130940899252892 0.13276880979538 0.134596720337868 0.136424645781517 0.138252556324005 0.140080466866493 0.143000677227974 0.146284982562065 0.149569287896156 0.152853593230247 0.156137883663177 0.159422188997269 0.16270649433136 0.165331318974495 0.165977716445923 0.16662409901619 0.167270496487617 0.167916879057884 0.168563261628151 0.169209659099579 0.169856041669846 0.169300273060799 0.168343782424927 0.167387276887894 0.166430786252022 0.16547429561615
0.160834789276123 0.16039414703846 0.160573244094849 0.160752341151237 0.160931438207626 0.161110550165176 0.161289647221565 0.161468744277954 0.161647841334343 0.158059403300285 0.153215125203133 0.14837084710598 0.143526569008827 0.138682290911674 0.133838012814522 0.128993719816208 0.125831440091133 0.127715170383453 0.129598900675774 0.131482630968094 0.133366361260414 0.135250076651573 0.137133806943893 0.139017537236214 0.142131552100182 0.145655676722527 0.149179801344872 0.152703925967216 0.156228050589561 0.159752175211906 0.16327628493309 0.166119411587715 0.16691954433918 0.167719677090645 0.16851980984211 0.169319942593575 0.170120060443878 0.170920193195343 0.171720325946808 0.171103551983833 0.170014455914497 0.168925374746323 0.167836293578148 0.166747197508812
0.160633742809296 0.160279721021652 0.160678893327713 0.161078080534935 0.161477252840996 0.161876425147057 0.162275612354279 0.162674784660339 0.163073971867561 0.159245684742928 0.154008239507675 0.148770794272423 0.14353334903717 0.138295918703079 0.133058473467827 0.127821028232574 0.124377831816673 0.126317366957664 0.128256902098656 0.130196452140808 0.132135987281799 0.134075522422791 0.136015057563782 0.137954607605934 0.14126244187355 0.145026385784149 0.148790329694748 0.152554258704185 0.156318202614784 0.160082146525383 0.163846090435982 0.166907504200935 0.167861387133598 0.1688152551651 0.169769123196602 0.170722991228104 0.171676859259605 0.172630742192268 0.17358461022377 0.172906816005707 0.171685144305229 0.170463472604752 0.169241786003113 0.168020114302635
0.160432681441307 0.160165280103683 0.160784542560577 0.161403805017471 0.162023067474365 0.162642315030098 0.163261577486992 0.163880839943886 0.16450010240078 0.160431951284409 0.154801353812218 0.149170741438866 0.143540143966675 0.137909546494484 0.132278934121132 0.126648336648941 0.122924216091633 0.124919563531876 0.126914918422699 0.128910273313522 0.130905613303185 0.132900968194008 0.134896323084831 0.136891663074493 0.140393331646919 0.144397079944611 0.148400843143463 0.152404606342316 0.156408354640007 0.16041211783886 0.164415881037712 0.167695596814156 0.168803215026855 0.169910833239555 0.171018436551094 0.172126054763794 0.173233658075333 0.174341276288033 0.175448894500732 0.174710094928741 0.173355832695961 0.172001555562019 0.170647293329239 0.169293031096458
0.160641193389893 0.16048076748848 0.161414504051208 0.162348240613937 0.163281977176666 0.164215713739395 0.165149450302124 0.166083186864853 0.167016923427582 0.162902101874352 0.157104417681694 0.151306748390198 0.14550906419754 0.139711380004883 0.133913710713387 0.128116026520729 0.124171927571297 0.125788554549217 0.127405181527138 0.129021823406219 0.13063845038414 0.132255077362061 0.133871704339981 0.135488346219063 0.139164239168167 0.143526539206505 0.147888854146004 0.152251169085503 0.156613484025002 0.160975784063339 0.165338099002838 0.168965563178062 0.170388430356979 0.171811312437057 0.173234194517136 0.174657061696053 0.176079943776131 0.177502825856209 0.178925707936287 0.178207546472549 0.176775723695755 0.175343886017799 0.173912048339844 0.172480225563049
0.161259263753891 0.161226183176041 0.162568792700768 0.163911402225494 0.165254026651382 0.166596636176109 0.167939245700836 0.169281855225563 0.17062446475029 0.166656121611595 0.160917446017265 0.155178785324097 0.149440109729767 0.143701449036598 0.13796278834343 0.1322241127491 0.128120958805084 0.128924340009689 0.129727721214294 0.1305311024189 0.131334483623505 0.13213786482811 0.132941246032715 0.13374462723732 0.137575164437294 0.142414763569832 0.14725436270237 0.152093961834908 0.156933560967445 0.161773160099983 0.166612759232521 0.170717373490334 0.17261703312397 0.174516707658768 0.176416382193565 0.178316041827202 0.180215716362 0.182115375995636 0.184015050530434 0.183399185538292 0.18194480240345 0.180490434169769 0.179036065936089 0.177581682801247
0.161877319216728 0.161971598863602 0.163723081350327 0.165474578738213 0.167226061224937 0.168977543711662 0.170729026198387 0.172480508685112 0.174232006072998 0.170410126447678 0.164730474352837 0.159050822257996 0.153371170163155 0.147691518068314 0.142011865973473 0.13633219897747 0.132069990038872 0.132060125470161 0.132050260901451 0.13204038143158 0.132030516862869 0.132020637392998 0.132010772824287 0.132000893354416 0.135986089706421 0.141302973031998 0.146619871258736 0.151936754584312 0.157253637909889 0.162570521235466 0.167887404561043 0.172469183802605 0.174845650792122 0.177222102880478 0.179598554968834 0.181975021958351 0.184351474046707 0.186727941036224 0.18910439312458 0.188590824604034 0.187113896012306 0.185636982321739 0.184160068631172 0.182683154940605
0.162495389580727 0.162717014551163 0.164877369999886 0.16703774034977 0.169198095798492 0.171358451247215 0.173518821597099 0.175679177045822 0.177839532494545 0.174164146184921 0.168543502688408 0.162922859191895 0.157302215695381 0.151681572198868 0.146060943603516 0.140440300107002 0.13601903617382 0.135195910930634 0.134372785687447 0.13354966044426 0.132726535201073 0.131903424859047 0.13108029961586 0.130257174372673 0.134397029876709 0.140191197395325 0.14598536491394 0.151779547333717 0.157573714852333 0.163367882370949 0.169162064790726 0.174221009016037 0.177074253559113 0.179927498102188 0.182780742645264 0.185633987188339 0.188487246632576 0.191340491175652 0.194193735718727 0.193782448768616 0.192282989621162 0.190783530473709 0.189284071326256 0.187784612178802
0.163113459944725 0.163462430238724 0.166031658649445 0.168600901961327 0.171170130372047 0.173739373683929 0.17630860209465 0.178877845406532 0.181447073817253 0.177918165922165 0.172356531023979 0.166794896125793 0.161233276128769 0.155671641230583 0.150110021233559 0.144548386335373 0.139968067407608 0.138331696391106 0.136695325374603 0.135058954358101 0.133422568440437 0.131786197423935 0.130149826407433 0.12851345539093 0.132807955145836 0.139079406857491 0.145350873470306 0.151622340083122 0.157893791794777 0.164165258407593 0.170436710119247 0.175972819328308 0.179302856326103 0.182632893323898 0.185962930321693 0.189292967319489 0.192623004317284 0.195953041315079 0.199283078312874 0.198974087834358 0.197452083230019 0.195930078625679 0.194408088922501 0.192886084318161
0.163731530308723 0.164207831025124 0.167185947299004 0.170164063572884 0.173142164945602 0.176120281219482 0.179098397493362 0.182076498866081 0.185054615139961 0.181672170758247 0.17616955935955 0.170666947960854 0.165164321660995 0.159661710262299 0.15415908396244 0.148656472563744 0.143917098641396 0.141467481851578 0.139017850160599 0.136568233370781 0.134118601679802 0.131668984889984 0.129219353199005 0.126769736409187 0.131218880414963 0.137967631220818 0.144716382026672 0.151465132832527 0.158213868737221 0.164962619543076 0.17171137034893 0.177724629640579 0.181531459093094 0.185338288545609 0.189145117998123 0.192951947450638 0.196758776903152 0.200565606355667 0.204372420907021 0.204165726900101 0.202621176838875 0.20107664167881 0.199532091617584 0.197987541556358
0.164152562618256 0.164580121636391 0.167452543973923 0.170324981212616 0.173197403550148 0.17606982588768 0.178942248225212 0.181814670562744 0.184687107801437 0.181610256433487 0.176550328731537 0.171490401029587 0.166430473327637 0.161370530724525 0.156310603022575 0.151250675320625 0.146769776940346 0.144025951623917 0.141282141208649 0.138538330793381 0.135794505476952 0.133050695061684 0.130306869745255 0.127563059329987 0.131934955716133 0.138678774237633 0.145422577857971 0.15216638147831 0.158910185098648 0.165653988718987 0.172397792339325 0.178500607609749 0.182680398225784 0.18686018884182 0.191039979457855 0.195219784975052 0.199399575591087 0.203579366207123 0.207759156823158 0.207614406943321 0.206028148531914 0.204441875219345 0.202855616807938 0.201269343495369
0.164376571774483 0.164579287171364 0.166831463575363 0.169083654880524 0.171335831284523 0.173588007688522 0.175840184092522 0.178092360496521 0.180344551801682 0.177732408046722 0.173498839139938 0.169265270233154 0.16503170132637 0.160798132419586 0.156564548611641 0.152330979704857 0.148526072502136 0.146007120609283 0.143488168716431 0.140969231724739 0.138450279831886 0.135931342840195 0.133412390947342 0.130893439054489 0.134956181049347 0.141212821006775 0.147469460964203 0.153726100921631 0.159982740879059 0.166239365935326 0.172496005892754 0.178300723433495 0.182749658823013 0.187198594212532 0.191647529602051 0.19609646499157 0.200545400381088 0.204994350671768 0.209443286061287 0.209320142865181 0.207672983407974 0.206025809049606 0.2043786495924 0.202731490135193
0.16460058093071 0.164578452706337 0.166210383176804 0.167842328548431 0.169474259018898 0.171106189489365 0.172738119959831 0.174370050430298 0.176001995801926 0.173854559659958 0.17044734954834 0.167040139436722 0.163632929325104 0.160225719213486 0.156818509101868 0.153411284089088 0.150282368063927 0.14798828959465 0.145694211125374 0.143400132656097 0.141106054186821 0.138811975717545 0.136517912149429 0.134223833680153 0.137977406382561 0.143746882677078 0.149516344070435 0.155285820364952 0.161055281758308 0.166824743151665 0.172594219446182 0.17810083925724 0.182818919420242 0.187536999583244 0.192255079746246 0.196973159909248 0.20169124007225 0.206409320235252 0.211127400398254 0.211025878787041 0.209317818284035 0.207609757781029 0.205901697278023 0.204193621873856
0.164824604988098 0.16457761824131 0.165589302778244 0.166601002216339 0.167612686753273 0.168624371290207 0.169636055827141 0.170647740364075 0.17165943980217 0.169976711273193 0.167395859956741 0.164815008640289 0.162234157323837 0.159653306007385 0.157072454690933 0.154491603374481 0.152038663625717 0.149969458580017 0.147900238633156 0.145831033587456 0.143761828541756 0.141692623496056 0.139623418450356 0.137554213404655 0.140998631715775 0.14628092944622 0.151563227176666 0.156845524907112 0.162127822637558 0.167410135269165 0.172692432999611 0.177900955080986 0.182888180017471 0.187875404953957 0.192862629890442 0.197849854826927 0.202837079763412 0.207824304699898 0.212811529636383 0.2127316147089 0.210962653160095 0.20919369161129 0.207424730062485 0.20565576851368
