data/working_set_collections/6091692-Cassins_Sparrow-M2/1995/prmc_avg.asc
NCOLS 265 
NROWS 230 
XLLCORNER -115.5625 
YLLCORNER 24.8333333333333 
CELLSIZE 0.0833333333333333 
NODATA_value -9999 
[rows 80 to 99 of 230, columns 132 to 175 of 265]
0.201157599687576 0.2027488052845 0.204495131969452 0.206706836819649 0.208918541669846 0.211130231618881 0.213341936469078 0.215553641319275 0.217765346169472 0.219977051019669 0.218628689646721 0.216093644499779 0.213558599352837 0.211023554205894 0.208488494157791 0.205953449010849 0.203418403863907 0.200797289609909 0.197917997837067 0.195038720965385 0.192159429192543 0.189280152320862 0.186400860548019 0.183521568775177 0.180642291903496 0.17957803606987 0.179118797183037 0.178659558296204 0.178200334310532 0.177741095423698 0.177281856536865 0.176822617650032 0.176285177469254 0.175513178110123 0.174741163849831 0.1739691644907 0.173197150230408 0.172425150871277 0.171653136610985 0.170881137251854 0.171033501625061 0.171494007110596 0.171954497694969 0.172415003180504
0.199103727936745 0.200153410434723 0.201536804437637 0.203921318054199 0.2063058167696 0.208690330386162 0.211074829101562 0.213459342718124 0.215843841433525 0.218228355050087 0.217555776238441 0.215864166617393 0.214172556996346 0.212480947375298 0.210789322853088 0.20909771323204 0.207406103610992 0.205269455909729 0.201797664165497 0.198325887322426 0.194854095578194 0.191382318735123 0.18791052699089 0.18443875014782 0.180966958403587 0.180126368999481 0.180162847042084 0.180199325084686 0.180235803127289 0.18027226626873 0.180308744311333 0.180345222353935 0.18012361228466 0.179127797484398 0.178131982684135 0.177136167883873 0.176140353083611 0.175144538283348 0.174148723483086 0.173152908682823 0.173230543732643 0.173666000366211 0.174101442098618 0.174536898732185
0.197049841284752 0.197558015584946 0.198578491806984 0.20113579928875 0.203693106770515 0.206250414252281 0.208807721734047 0.211365029215813 0.21392235159874 0.216479659080505 0.216482847929001 0.215634673833847 0.214786499738693 0.213938340544701 0.213090166449547 0.212241992354393 0.211393818259239 0.209741607308388 0.205677330493927 0.201613053679466 0.197548761963844 0.193484485149384 0.189420208334923 0.185355916619301 0.18129163980484 0.180674701929092 0.181206896901131 0.181739076972008 0.182271271944046 0.182803452014923 0.1833356320858 0.183867827057838 0.183962047100067 0.182742431759834 0.18152280151844 0.180303186178207 0.179083555936813 0.17786394059658 0.176644310355186 0.175424695014954 0.175427585840225 0.175837993621826 0.176248401403427 0.176658794283867
0.194995954632759 0.19496263563633 0.195620164275169 0.1983502805233 0.201080396771431 0.203810498118401 0.206540614366531 0.209270730614662 0.212000846862793 0.214730948209763 0.215409934520721 0.215405195951462 0.215400457382202 0.215395733714104 0.215390995144844 0.215386256575584 0.215381518006325 0.214213773608208 0.209556996822357 0.204900220036507 0.200243443250656 0.195586651563644 0.190929874777794 0.186273097991943 0.181616321206093 0.181223049759865 0.182250946760178 0.18327884376049 0.184306740760803 0.185334622859955 0.186362519860268 0.18739041686058 0.187800481915474 0.18635705113411 0.184913620352745 0.183470189571381 0.182026758790016 0.180583328008652 0.179139897227287 0.177696466445923 0.177624627947807 0.178009986877441 0.178395345807076 0.178780689835548
0.193098291754723 0.192703098058701 0.193039461970329 0.195570483803749 0.198101505637169 0.200632512569427 0.203163534402847 0.205694556236267 0.208225578069687 0.210756599903107 0.211682036519051 0.212072297930717 0.212462544441223 0.21285280585289 0.213243052363396 0.213633313775063 0.214023560285568 0.213218599557877 0.208827942609787 0.204437300562859 0.200046643614769 0.195656001567841 0.191265359520912 0.186874702572823 0.182484060525894 0.182154327630997 0.183178246021271 0.184202149510384 0.185226067900658 0.18624997138977 0.187273889780045 0.188297793269157 0.188710197806358 0.187288105487823 0.185865998268127 0.184443905949593 0.183021798729897 0.1815996915102 0.180177599191666 0.17875549197197 0.178699299693108 0.179098412394524 0.17949752509594 0.179896637797356
0.191356837749481 0.19077941775322 0.190836369991302 0.192796394228935 0.194756433367729 0.196716457605362 0.198676496744156 0.200636520981789 0.202596545219421 0.204556584358215 0.205299183726311 0.205635979771614 0.205972775816917 0.20630955696106 0.206646353006363 0.206983149051666 0.20731994509697 0.206756070256233 0.203490182757378 0.200224295258522 0.196958407759666 0.193692520260811 0.190426632761955 0.187160760164261 0.183894872665405 0.18346856534481 0.18398879468441 0.18450902402401 0.185029253363609 0.185549482703209 0.186069712042809 0.186589941382408 0.18669119477272 0.185535565018654 0.184379935264587 0.183224305510521 0.182068675756454 0.180913031101227 0.17975740134716 0.178601771593094 0.178651615977287 0.179103285074234 0.17955493927002 0.180006608366966
0.189615368843079 0.188855737447739 0.188633278012276 0.190022319555283 0.19141136109829 0.192800402641296 0.194189444184303 0.19557848572731 0.196967527270317 0.198356568813324 0.198916330933571 0.199199661612511 0.19948299229145 0.19976632297039 0.20004965364933 0.20033298432827 0.20061631500721 0.20029354095459 0.198152422904968 0.196011289954185 0.193870171904564 0.191729053854942 0.18958792090416 0.187446802854538 0.185305684804916 0.184782803058624 0.184799358248711 0.184815898537636 0.184832438826561 0.184848994016647 0.184865534305573 0.184882074594498 0.184672206640244 0.183783039450645 0.182893872261047 0.182004705071449 0.181115537881851 0.180226370692253 0.179337203502655 0.178448051214218 0.178603917360306 0.179108142852783 0.179612368345261 0.180116593837738
0.187873914837837 0.186932057142258 0.186430186033249 0.18724824488163 0.18806628882885 0.188884347677231 0.189702391624451 0.190520450472832 0.191338509321213 0.192156553268433 0.192533478140831 0.192763343453407 0.192993208765984 0.193223088979721 0.193452954292297 0.193682834506035 0.193912699818611 0.193831011652946 0.192814648151398 0.19179829955101 0.190781936049461 0.189765572547913 0.188749209046364 0.187732845544815 0.186716482043266 0.186097040772438 0.18560990691185 0.185122773051262 0.184635639190674 0.184148490428925 0.183661356568336 0.183174222707748 0.182653203606606 0.182030498981476 0.181407809257507 0.180785104632378 0.180162414908409 0.179539710283279 0.178917020559311 0.178294315934181 0.178556233644485 0.179113015532494 0.179669797420502 0.18022657930851
0.186132445931435 0.185008376836777 0.184227094054222 0.184474155306816 0.18472121655941 0.184968292713165 0.185215353965759 0.185462415218353 0.185709476470947 0.185956537723541 0.18615061044693 0.186327025294304 0.186503440141678 0.186679840087891 0.186856254935265 0.187032669782639 0.187209084630013 0.187368482351303 0.187476888298988 0.187585294246674 0.187693685293198 0.187802091240883 0.187910497188568 0.188018888235092 0.188127294182777 0.187411278486252 0.186420455574989 0.185429647564888 0.184438824653625 0.183448001742363 0.182457193732262 0.181466370820999 0.180634200572968 0.180277973413467 0.179921746253967 0.179565504193306 0.179209277033806 0.178853049874306 0.178496822714806 0.178140595555305 0.178508535027504 0.179117873311043 0.179727211594582 0.18033654987812
0.184390991926193 0.183084696531296 0.182024002075195 0.181700080633163 0.181376159191132 0.181052222847939 0.180728301405907 0.180404379963875 0.180080458521843 0.17975652217865 0.17976775765419 0.1798907071352 0.180013656616211 0.180136606097221 0.180259555578232 0.180382505059242 0.180505454540253 0.180905967950821 0.182139128446579 0.183372288942337 0.184605449438095 0.185838609933853 0.187071785330772 0.18830494582653 0.189538106322289 0.188725516200066 0.18723101913929 0.185736522078514 0.184242010116577 0.182747513055801 0.181253015995026 0.179758504033089 0.17861519753933 0.178525432944298 0.178435668349266 0.178345918655396 0.178256154060364 0.178166389465332 0.1780766248703 0.17798687517643 0.178460851311684 0.179122745990753 0.179784640669823 0.180446535348892
0.183344125747681 0.182005181908607 0.180842623114586 0.180209174752235 0.179575726389885 0.178942292928696 0.178308844566345 0.177675396203995 0.177041962742805 0.176408514380455 0.176309049129486 0.176387578248978 0.176466107368469 0.176544636487961 0.176623165607452 0.176701694726944 0.176780238747597 0.177254483103752 0.178915873169899 0.180577278137207 0.182238668203354 0.183900073170662 0.185561463236809 0.187222853302956 0.188884258270264 0.188105955719948 0.186514407396317 0.184922873973846 0.183331340551376 0.181739792227745 0.180148258805275 0.178556725382805 0.177377253770828 0.177433997392654 0.177490741014481 0.177547499537468 0.177604243159294 0.17766098678112 0.177717730402946 0.177774474024773 0.178299486637115 0.178980588912964 0.179661676287651 0.180342778563499
0.182991862297058 0.181769832968712 0.180682942271233 0.180001452565193 0.179319947957993 0.178638458251953 0.177956968545914 0.177275478839874 0.176593989133835 0.175912499427795 0.175774484872818 0.175817638635635 0.175860792398453 0.17590394616127 0.175947099924088 0.175990253686905 0.176033407449722 0.176414042711258 0.17780713737011 0.179200246930122 0.180593341588974 0.181986451148987 0.183379545807838 0.18477264046669 0.186165750026703 0.185552582144737 0.184270650148392 0.182988718152046 0.181706786155701 0.180424854159355 0.17914292216301 0.177860990166664 0.176920369267464 0.177003651857376 0.17708694934845 0.177170246839523 0.177253544330597 0.177336841821671 0.177420124411583 0.177503421902657 0.178024455904961 0.178691402077675 0.179358333349228 0.180025279521942
0.182639598846436 0.181534484028816 0.180523261427879 0.17979371547699 0.179064184427261 0.178334638476372 0.177605092525482 0.176875561475754 0.176146015524864 0.175416484475136 0.17523992061615 0.175247699022293 0.175255477428436 0.175263240933418 0.175271019339561 0.175278797745705 0.175286576151848 0.175573602318764 0.17669840157032 0.177823215723038 0.178948014974594 0.180072829127312 0.181197628378868 0.182322442531586 0.183447241783142 0.182999193668365 0.182026877999306 0.181054547429085 0.180082231760025 0.179109901189804 0.178137585520744 0.177165254950523 0.176463484764099 0.176573321223259 0.176683157682419 0.176792994141579 0.1769028455019 0.17701268196106 0.177122518420219 0.17723236978054 0.177749425172806 0.178402215242386 0.179055005311966 0.179707795381546
0.182287335395813 0.181299135088921 0.180363580584526 0.179585993289948 0.178808405995369 0.17803081870079 0.177253231406212 0.176475644111633 0.175698056817055 0.174920469522476 0.174705371260643 0.174677759408951 0.17465016245842 0.174622550606728 0.174594953656197 0.174567341804504 0.174539744853973 0.17473316192627 0.175589665770531 0.176446184515953 0.177302688360214 0.178159207105637 0.179015710949898 0.17987222969532 0.180728733539581 0.180445820093155 0.17978310585022 0.179120391607285 0.178457677364349 0.177794963121414 0.177132248878479 0.176469534635544 0.176006585359573 0.176142975687981 0.176279366016388 0.176415756344795 0.176552146673203 0.17668853700161 0.176824912428856 0.176961302757263 0.17747437953949 0.178113013505936 0.178751662373543 0.179390296339989
0.18193507194519 0.181063786149025 0.180203899741173 0.179378256201744 0.178552627563477 0.177726984024048 0.17690135538578 0.176075726747513 0.175250083208084 0.174424454569817 0.174170807003975 0.174107819795609 0.174044832587242 0.173981860280037 0.173918873071671 0.173855885863304 0.173792913556099 0.173892721533775 0.174480944871902 0.175069153308868 0.175657361745834 0.176245585083961 0.176833793520927 0.177422016859055 0.17801022529602 0.177892446517944 0.177539348602295 0.177186235785484 0.176833122968674 0.176480025053024 0.176126912236214 0.175773799419403 0.175549700856209 0.175712645053864 0.175875574350357 0.176038503646851 0.176201447844505 0.176364377140999 0.176527321338654 0.176690250635147 0.177199348807335 0.177823826670647 0.17844831943512 0.179072797298431
0.181582808494568 0.180828422307968 0.18004421889782 0.179170534014702 0.178296849131584 0.177423164248466 0.176549479365349 0.175675794482231 0.174802109599113 0.173928439617157 0.173636242747307 0.173537880182266 0.173439517617226 0.173341155052185 0.173242792487144 0.173144429922104 0.173046082258224 0.173052281141281 0.173372209072113 0.173692122101784 0.174012035131454 0.174331963062286 0.174651876091957 0.174971804022789 0.17529171705246 0.175339072942734 0.175295576453209 0.175252079963684 0.175208568572998 0.175165072083473 0.175121575593948 0.175078079104424 0.175092816352844 0.175282299518585 0.175471782684326 0.175661265850067 0.175850749015808 0.176040232181549 0.17622971534729 0.176419198513031 0.17692431807518 0.177534639835358 0.178144976496696 0.178755313158035
0.180886194109917 0.180146902799606 0.179378241300583 0.178521379828453 0.177664533257484 0.176807671785355 0.175950825214386 0.175093963742256 0.174237117171288 0.173380255699158 0.172971248626709 0.1727115213871 0.172451809048653 0.172192081809044 0.171932354569435 0.171672627329826 0.171412900090218 0.171320363879204 0.171729400753975 0.172138437628746 0.172547474503517 0.172956496477127 0.173365533351898 0.173774570226669 0.174183592200279 0.174320459365845 0.174366593360901 0.174412742257118 0.174458876252174 0.174505010247231 0.174551159143448 0.174597293138504 0.174689948558807 0.174922123551369 0.175154313445091 0.175386488437653 0.175618678331375 0.175850853323936 0.176083043217659 0.176315233111382 0.176961898803711 0.17774672806263 0.178531557321548 0.179316386580467
0.179845198988914 0.17901922762394 0.178205952048302 0.177430808544159 0.176655665040016 0.175880506634712 0.175105363130569 0.174330219626427 0.173555076122284 0.172779932618141 0.172175839543343 0.171628758311272 0.171081691980362 0.170534610748291 0.169987544417381 0.16944046318531 0.168893396854401 0.168696969747543 0.169552534818649 0.170408084988594 0.171263635158539 0.172119200229645 0.17297475039959 0.173830315470695 0.17468586564064 0.174836605787277 0.174752414226532 0.174668222665787 0.174584031105042 0.174499839544296 0.174415647983551 0.174331456422806 0.174341082572937 0.174632117152214 0.174923151731491 0.175214201211929 0.175505235791206 0.175796270370483 0.176087319850922 0.176378354430199 0.177312090992928 0.178460076451302 0.179608047008514 0.180756032466888
0.178804218769073 0.177891537547112 0.177033677697182 0.176340237259865 0.175646796822548 0.174953356385231 0.174259915947914 0.173566475510597 0.17287303507328 0.172179594635963 0.171380415558815 0.170545995235443 0.169711574912071 0.168877154588699 0.168042719364166 0.167208299040794 0.166373878717422 0.166073575615883 0.167375653982162 0.168677732348442 0.169979810714722 0.171281889081001 0.172583967447281 0.17388604581356 0.17518812417984 0.17535275220871 0.175138235092163 0.174923717975616 0.17470920085907 0.174494668841362 0.174280151724815 0.174065634608269 0.173992216587067 0.174342110753059 0.174692004919052 0.175041899085045 0.175391793251038 0.17574168741703 0.176091581583023 0.176441475749016 0.177662298083305 0.179173424839973 0.180684551596642 0.182195663452148
0.177763238549232 0.176763862371445 0.1758613884449 0.17524965107441 0.17463792860508 0.174026191234589 0.173414453864098 0.172802731394768 0.172190994024277 0.171579256653786 0.170584991574287 0.169463232159615 0.168341457843781 0.167219683527946 0.166097909212112 0.164976134896278 0.163854360580444 0.163450181484222 0.165198788046837 0.166947394609451 0.168695986270905 0.170444592833519 0.172193199396133 0.173941791057587 0.175690397620201 0.175868913531303 0.175524055957794 0.175179198384285 0.174834355711937 0.174489498138428 0.17414465546608 0.17379979789257 0.173643350601196 0.174052104353905 0.174460858106613 0.17486959695816 0.175278350710869 0.175687104463577 0.176095858216286 0.176504611968994 0.178012505173683 0.179886773228645 0.181761041283607 0.18363530933857
