data/working_set_collections/6091692-Cassins_Sparrow-M2/1995/prmc_avg.asc
NCOLS 265 
NROWS 230 
XLLCORNER -115.5625 
YLLCORNER 24.8333333333333 
CELLSIZE 0.0833333333333333 
NODATA_value -9999 
[rows 180 to 199 of 230, columns 88 to 131 of 265]
0.162695273756981 0.162964105606079 0.162742391228676 0.162520676851273 0.162298962473869 0.162077248096466 0.161855533719063 0.16163381934166 0.161412104964256 0.162504658102989 0.164035305380821 0.165565952658653 0.167096585035324 0.168627232313156 0.170157879590988 0.171688511967659 0.174132496118546 0.179316490888596 0.184500485658646 0.189684480428696 0.194868475198746 0.200052469968796 0.205236464738846 0.210420459508896 0.208691909909248 0.204659163951874 0.20062643289566 0.196593686938286 0.192560955882072 0.188528209924698 0.184495478868484 0.180527314543724 0.176752895116806 0.172978475689888 0.169204041361809 0.165429621934891 0.161655202507973 0.157880768179893 0.154106348752975 0.155449911952019 0.158499449491501 0.161549001932144 0.164598554372787 0.16764809191227
0.16479566693306 0.164894685149193 0.164522916078568 0.164151147007942 0.163779377937317 0.163407608866692 0.163035839796066 0.162664070725441 0.162292301654816 0.163316860795021 0.164806857705116 0.16629683971405 0.167786836624146 0.169276833534241 0.170766815543175 0.17225681245327 0.174656748771667 0.179786533117294 0.184916317462921 0.190046101808548 0.195175871253014 0.20030565559864 0.205435439944267 0.210565224289894 0.208981513977051 0.205159977078438 0.201338440179825 0.197516918182373 0.19369538128376 0.189873844385147 0.186052307486534 0.1821698397398 0.178104594349861 0.174039334058762 0.169974088668823 0.165908843278885 0.161843597888947 0.157778337597847 0.153713092207909 0.154664158821106 0.157287329435349 0.159910500049591 0.162533670663834 0.165156841278076
0.166896060109138 0.166825249791145 0.166303426027298 0.165781617164612 0.165259793400764 0.164737969636917 0.16421614587307 0.163694322109222 0.163172498345375 0.164129048585892 0.16557839512825 0.167027741670609 0.168477073311806 0.169926419854164 0.171375766396523 0.17282509803772 0.175181001424789 0.180256575345993 0.185332149267197 0.190407708287239 0.195483282208443 0.200558856129646 0.205634415149689 0.210709989070892 0.209271132946014 0.205660805106163 0.20205046236515 0.198440134525299 0.194829791784286 0.191219463944435 0.187609136104584 0.183812364935875 0.179456278681755 0.175100207328796 0.170744135975838 0.166388064622879 0.162031978368759 0.1576759070158 0.153319835662842 0.153878405690193 0.156075209379196 0.158271998167038 0.160468801856041 0.162665590643883
0.168996453285217 0.168755829334259 0.16808395087719 0.16741207242012 0.166740208864212 0.166068330407143 0.165396451950073 0.164724573493004 0.164052695035934 0.164941251277924 0.166349947452545 0.167758628726006 0.169167324900627 0.170576021075249 0.171984702348709 0.173393398523331 0.175705254077911 0.180726617574692 0.185747966170311 0.190769329667091 0.195790693163872 0.200812041759491 0.205833405256271 0.210854753851891 0.209560751914978 0.206161618232727 0.202762484550476 0.199363350868225 0.195964217185974 0.192565083503723 0.189165949821472 0.185454875230789 0.18080797791481 0.176161080598831 0.171514183282852 0.166867285966873 0.162220373749733 0.157573476433754 0.152926579117775 0.153092667460442 0.154863089323044 0.156633496284485 0.158403918147087 0.160174340009689
0.171096846461296 0.170686393976212 0.169864475727081 0.16904254257679 0.168220609426498 0.167398691177368 0.166576758027077 0.165754824876785 0.164932891726494 0.165753453969955 0.167121484875679 0.168489530682564 0.169857576489449 0.171225607395172 0.172593653202057 0.173961699008942 0.176229506731033 0.18119665980339 0.186163797974586 0.191130951046944 0.19609808921814 0.201065242290497 0.206032380461693 0.21099953353405 0.209850370883942 0.206662431359291 0.203474506735802 0.200286582112312 0.197098642587662 0.193910717964172 0.190722778439522 0.187097400426865 0.182159677147865 0.177221953868866 0.172284230589867 0.167346492409706 0.162408769130707 0.157471045851707 0.152533322572708 0.152306914329529 0.15365095436573 0.154995009303093 0.156339049339294 0.157683089375496
0.173197254538536 0.172616973519325 0.171644985675812 0.170673012733459 0.169701024889946 0.168729037046432 0.16775706410408 0.166785076260567 0.165813088417053 0.166565641760826 0.167893037199974 0.169220417737961 0.170547813177109 0.171875208616257 0.173202604055405 0.174529984593391 0.176753759384155 0.181666702032089 0.186579629778862 0.191492557525635 0.196405500173569 0.201318427920341 0.206231355667114 0.211144298315048 0.210139989852905 0.207163259387016 0.204186528921127 0.201209798455238 0.198233067989349 0.19525633752346 0.192279607057571 0.18873992562294 0.18351137638092 0.178282827138901 0.17305426299572 0.1678257137537 0.162597164511681 0.157368615269661 0.152140066027641 0.151521176099777 0.152438834309578 0.15335650742054 0.154274165630341 0.155191838741302
0.175587594509125 0.17477048933506 0.173617213964462 0.172463938593864 0.171310663223267 0.170157387852669 0.16900409758091 0.167850822210312 0.166697546839714 0.167281255125999 0.168443962931633 0.169606670737267 0.170769363641739 0.171932071447372 0.173094779253006 0.17425748705864 0.176307141780853 0.181017681956291 0.185728222131729 0.190438762307167 0.195149302482605 0.199859842658043 0.204570382833481 0.209280908107758 0.208548814058304 0.206002503633499 0.203456193208694 0.20090988278389 0.198363572359085 0.19581726193428 0.193270951509476 0.190032079815865 0.184715509414673 0.179398953914642 0.174082398414612 0.16876582801342 0.16344927251339 0.158132717013359 0.152816146612167 0.151919111609459 0.152495220303535 0.153071343898773 0.153647467494011 0.154223591089249
0.178267911076546 0.177146971225739 0.175781160593033 0.174415335059166 0.17304952442646 0.171683698892593 0.170317888259888 0.168952062726021 0.167586252093315 0.167900279164314 0.168774262070656 0.169648244976997 0.170522227883339 0.17139621078968 0.172270193696022 0.173144176602364 0.174889653921127 0.179249614477158 0.183609575033188 0.187969535589218 0.192329496145248 0.196689456701279 0.201049417257309 0.205409377813339 0.205076858401299 0.203180178999901 0.201283514499664 0.199386835098267 0.197490155696869 0.195593476295471 0.193696796894073 0.190973848104477 0.185772106051445 0.180570349097252 0.17536860704422 0.170166850090027 0.164965093135834 0.159763351082802 0.154561594128609 0.153500720858574 0.153820127248764 0.154139533638954 0.154458940029144 0.154778361320496
0.180948212742805 0.179523453116417 0.177945092320442 0.176366731524467 0.174788385629654 0.173210024833679 0.171631664037704 0.17005330324173 0.168474942445755 0.168519303202629 0.169104561209679 0.169689819216728 0.170275092124939 0.170860350131989 0.171445608139038 0.172030866146088 0.173472166061401 0.177481546998024 0.181490927934647 0.185500308871269 0.189509689807892 0.193519085645676 0.197528466582298 0.201537847518921 0.201604917645454 0.200357869267464 0.199110820889473 0.197863787412643 0.196616739034653 0.195369690656662 0.194122657179832 0.19191563129425 0.186828687787056 0.181741744279861 0.176654800772667 0.171567857265472 0.166480928659439 0.161393985152245 0.15630704164505 0.155082330107689 0.155145019292831 0.155207723379135 0.155270427465439 0.155333116650581
0.183628529310226 0.181899920105934 0.180109024047852 0.178318127989769 0.176527231931686 0.174736335873604 0.172945439815521 0.171154543757439 0.169363647699356 0.169138327240944 0.169434875249863 0.16973140835762 0.170027941465378 0.170324489474297 0.170621022582054 0.170917555689812 0.172054663300514 0.17571347951889 0.179372280836105 0.18303108215332 0.186689898371696 0.190348699688911 0.194007515907288 0.197666317224503 0.198132961988449 0.197535544633865 0.196938142180443 0.196340724825859 0.195743322372437 0.195145905017853 0.19454850256443 0.192857414484024 0.187885284423828 0.182913139462471 0.177941009402275 0.172968879342079 0.167996749281883 0.163024619221687 0.15805247426033 0.156663939356804 0.15646992623806 0.156275913119316 0.156081900000572 0.155887886881828
0.186308830976486 0.184276401996613 0.182272970676422 0.180269539356232 0.17826609313488 0.17626266181469 0.174259230494499 0.172255784273148 0.170252352952957 0.169757351279259 0.169765174388885 0.169772982597351 0.169780805706978 0.169788628816605 0.16979643702507 0.169804260134697 0.170637175440788 0.173945397138596 0.177253633737564 0.180561870336533 0.18387009203434 0.187178328633308 0.190486550331116 0.193794786930084 0.194661006331444 0.194713234901428 0.194765463471413 0.194817677140236 0.19486990571022 0.194922134280205 0.194974347949028 0.193799182772636 0.188941866159439 0.184084534645081 0.179227218031883 0.174369901418686 0.169512569904327 0.16465525329113 0.159797921776772 0.158245548605919 0.157794818282127 0.157344102859497 0.156893372535706 0.156442642211914
0.188989132642746 0.186652883887291 0.184436902403831 0.182220935821533 0.180004954338074 0.177788987755775 0.175573006272316 0.173357024788857 0.171141058206558 0.170376390218735 0.170095473527908 0.169814571738243 0.169533669948578 0.169252753257751 0.168971851468086 0.168690949678421 0.169219687581062 0.172177329659462 0.175134986639023 0.178092643618584 0.181050285696983 0.184007942676544 0.186965599656105 0.189923256635666 0.1911890655756 0.19189091026783 0.192592769861221 0.193294629454613 0.193996489048004 0.194698348641396 0.195400208234787 0.19474096596241 0.18999844789505 0.185255944728851 0.180513426661491 0.175770908594131 0.171028390526772 0.166285887360573 0.161543369293213 0.159827157855034 0.159119725227356 0.158412292599678 0.157704845070839 0.156997412443161
0.19166274368763 0.189318269491196 0.186974599957466 0.184630945324898 0.182287275791168 0.179943606257439 0.17759995162487 0.175256282091141 0.172912612557411 0.171847730875015 0.171209111809731 0.170570492744446 0.169931873679161 0.169293239712715 0.16865462064743 0.168016001582146 0.168172135949135 0.170712515711784 0.173252895474434 0.175793275237083 0.178333654999733 0.180874034762383 0.183414414525032 0.185954794287682 0.187433555722237 0.18855844438076 0.189683333039284 0.190808221697807 0.191933110356331 0.193057999014854 0.194182887673378 0.194003909826279 0.189913332462311 0.185822755098343 0.181732177734375 0.177641600370407 0.173551008105278 0.16946043074131 0.165369853377342 0.163773208856583 0.163007870316505 0.162242546677589 0.161477208137512 0.160711884498596
0.194329664111137 0.192272573709488 0.189886063337326 0.187499552965164 0.185113057494164 0.182726547122002 0.18034003674984 0.177953541278839 0.175567030906677 0.174171403050423 0.173106074333191 0.172040745615959 0.170975416898727 0.169910088181496 0.168844744563103 0.167779415845871 0.167494520545006 0.169550940394402 0.171607360243797 0.173663765192032 0.175720185041428 0.177776604890823 0.179833009839058 0.181889429688454 0.183394521474838 0.184715837240219 0.1860371530056 0.187358468770981 0.188679799437523 0.190001115202904 0.191322430968285 0.191588044166565 0.188686519861221 0.185784995555878 0.182883471250534 0.17998194694519 0.177080437541008 0.174178913235664 0.171277388930321 0.170083701610565 0.169459283351898 0.168834879994392 0.168210461735725 0.167586043477058
0.196996569633484 0.195226863026619 0.192797526717186 0.190368175506592 0.187938824295998 0.185509487986565 0.18308013677597 0.180650785565376 0.178221449255943 0.17649507522583 0.175003036856651 0.173510998487473 0.172018960118294 0.170526921749115 0.169034883379936 0.167542845010757 0.166816920042038 0.168389365077019 0.169961825013161 0.171534270048141 0.173106715083122 0.174679160118103 0.176251605153084 0.177824065089226 0.17935548722744 0.180873230099678 0.182390972971916 0.183908715844154 0.185426473617554 0.186944216489792 0.18846195936203 0.18917216360569 0.187459692358971 0.185747236013412 0.184034764766693 0.182322308421135 0.180609852075577 0.178897380828857 0.177184924483299 0.176394194364548 0.175910696387291 0.175427198410034 0.174943715333939 0.174460217356682
0.199663490056992 0.198181167244911 0.195708975195885 0.193236798048019 0.190764605998993 0.188292413949966 0.185820236802101 0.183348044753075 0.180875852704048 0.178818747401237 0.176899999380112 0.174981251358986 0.17306250333786 0.171143755316734 0.169225007295609 0.167306259274483 0.16613931953907 0.167227804660797 0.168316274881363 0.16940476000309 0.170493245124817 0.171581730246544 0.172670215368271 0.173758685588837 0.17531643807888 0.177030622959137 0.178744792938232 0.180458962917328 0.182173147797585 0.18388731777668 0.185601502656937 0.186756283044815 0.186232879757881 0.185709476470947 0.185186073184013 0.184662669897079 0.184139266610146 0.183615863323212 0.183092460036278 0.182704672217369 0.182362109422684 0.182019531726837 0.181676954030991 0.181334391236305
0.202330395579338 0.201135456562042 0.198620438575745 0.196105405688286 0.193590387701988 0.191075354814529 0.188560321927071 0.186045303940773 0.183530271053314 0.181142419576645 0.178796961903572 0.176451504230499 0.174106046557426 0.171760588884354 0.169415131211281 0.167069673538208 0.165461719036102 0.166066229343414 0.166670739650726 0.1672752648592 0.167879775166512 0.168484285473824 0.169088810682297 0.169693320989609 0.171277403831482 0.173188000917435 0.175098612904549 0.177009209990501 0.178919821977615 0.180830433964729 0.182741031050682 0.18434040248394 0.18500605225563 0.185671716928482 0.186337366700172 0.187003016471863 0.187668681144714 0.188334330916405 0.188999995589256 0.189015164971352 0.188813507556915 0.18861186504364 0.188410207629204 0.188208550214767
0.204997316002846 0.204089760780334 0.201531887054443 0.198974028229713 0.196416154503822 0.193858295679092 0.191300421953201 0.18874254822731 0.18618468940258 0.183466091752052 0.180693924427032 0.177921757102013 0.175149589776993 0.172377422451973 0.169605270028114 0.166833102703094 0.164784103631973 0.164904654026031 0.16502520442009 0.165145754814148 0.165266305208206 0.165386855602264 0.165507405996323 0.165627956390381 0.167238354682922 0.169345393776894 0.171452432870865 0.173559457063675 0.175666496157646 0.177773535251617 0.179880559444427 0.181924521923065 0.183779239654541 0.185633957386017 0.187488660216331 0.189343377947807 0.191198095679283 0.193052813410759 0.194907531142235 0.195325657725334 0.195264920592308 0.195204183459282 0.195143461227417 0.195082724094391
0.206727489829063 0.206119865179062 0.203797295689583 0.201474711298943 0.199152126908302 0.196829557418823 0.194506973028183 0.192184388637543 0.189861819148064 0.186859026551247 0.183629482984543 0.180399954319 0.177170425653458 0.173940896987915 0.170711368322372 0.167481824755669 0.165008455514908 0.164803549647331 0.164598658680916 0.164393752813339 0.164188846945763 0.163983955979347 0.163779050111771 0.163574144244194 0.165113672614098 0.167234674096107 0.169355675578117 0.171476677060127 0.173597678542137 0.175718680024147 0.177839681506157 0.18003685772419 0.182462558150291 0.184888273477554 0.187313988804817 0.18973970413208 0.192165404558182 0.194591119885445 0.197016835212708 0.197815582156181 0.198072016239166 0.198328450322151 0.198584884405136 0.198841318488121
0.207520931959152 0.207225799560547 0.205416634678841 0.203607469797134 0.201798304915428 0.199989140033722 0.198179990053177 0.196370825171471 0.194561660289764 0.191321209073067 0.187603652477264 0.183886095881462 0.18016853928566 0.176450982689857 0.172733426094055 0.169015869498253 0.166134744882584 0.165762916207314 0.165391087532043 0.165019243955612 0.164647415280342 0.164275586605072 0.163903743028641 0.163531914353371 0.164903327822685 0.166855841875076 0.168808341026306 0.170760840177536 0.172713354229927 0.174665853381157 0.176618352532387 0.178677394986153 0.181056037545204 0.183434695005417 0.185813337564468 0.18819198012352 0.190570622682571 0.192949280142784 0.195327922701836 0.196484968066216 0.197234809398651 0.197984650731087 0.198734492063522 0.199484333395958
