data/working_set_collections/6091692-Cassins_Sparrow-M2/1995/prmc_avg.asc
NCOLS 265 
NROWS 230 
XLLCORNER -115.5625 
YLLCORNER 24.8333333333333 
CELLSIZE 0.0833333333333333 
NODATA_value -9999 
[rows 200 to 219 of 230, columns 176 to 219 of 265]
0.195968046784401 0.193214863538742 0.190461695194244 0.188573658466339 0.189281031489372 0.189988404512405 0.190695762634277 0.19140313565731 0.192110508680344 0.192817881703377 0.19352525472641 0.200366571545601 0.209252536296844 0.218138486146927 0.22702445089817 0.235910415649414 0.244796380400658 0.253682345151901 0.259436726570129 0.255796402692795 0.252156049013138 0.248515725135803 0.244875386357307 0.241235047578812 0.237594708800316 0.23395437002182 0.229133546352386 0.223919227719307 0.218704894185066 0.213490575551987 0.208276256918907 0.203061938285828 0.197847619652748 0.195403516292572 0.20127010345459 0.207136705517769 0.213003292679787 0.218869879841805 0.224736467003822 0.23060305416584 -9999 -9999 0.249616697430611 -9999
0.197061106562614 0.194416254758835 0.191771388053894 0.189749360084534 0.189595833420753 0.189442321658134 0.189288794994354 0.189135268330574 0.188981756567955 0.188828229904175 0.188674703240395 0.195543736219406 0.204753622412682 0.213963508605957 0.223173394799232 0.232383280992508 0.241593167185783 0.250803053379059 0.256656050682068 0.252438426017761 0.248220816254616 0.244003191590309 0.239785566926003 0.235567942261696 0.23135033249855 0.227132707834244 0.221067547798157 0.214386537671089 0.207705542445183 0.201024532318115 0.194343537092209 0.187662526965141 0.180981531739235 0.177327752113342 0.182755663990974 0.188183575868607 0.193611472845078 0.19903938472271 0.204467296600342 0.209895208477974 0.215323120355606 -9999 -9999 -9999
0.198154181241989 0.195617631077766 0.193081080913544 0.190925061702728 0.189910650253296 0.188896238803864 0.187881827354431 0.186867415904999 0.185852989554405 0.184838578104973 0.18382416665554 0.190720915794373 0.20025472342968 0.209788531064987 0.219322338700294 0.228856146335602 0.238389953970909 0.247923761606216 0.253875374794006 0.24908047914505 0.244285568594933 0.239490672945976 0.234695762395859 0.229900851845741 0.225105941295624 0.220311030745506 0.213001549243927 0.204853862524033 0.196706175804138 0.188558489084244 0.180410802364349 0.172263115644455 0.164115428924561 0.159251973032951 0.164241209626198 0.169230446219444 0.17421966791153 0.179208904504776 0.184198126196861 0.189187362790108 0.194176584482193 0.204408869147301 -9999 -9999
0.199247241020203 0.196819007396698 0.194390773773193 0.192100778222084 0.190225467085838 0.188350155949593 0.186474844813347 0.184599548578262 0.182724237442017 0.180848926305771 0.178973615169525 0.185898095369339 0.195755824446678 0.205613553524017 0.215471282601357 0.225329011678696 0.235186740756035 0.245044469833374 0.251094698905945 0.245722517371178 0.240350335836411 0.234978139400482 0.229605942964554 0.224233761429787 0.218861564993858 0.21348936855793 0.204935550689697 0.195321187376976 0.185706809163094 0.176092445850372 0.166478082537651 0.15686371922493 0.147249341011047 0.141176208853722 0.145726755261421 0.150277316570282 0.154827862977982 0.159378409385681 0.163928955793381 0.168479517102242 0.173030063509941 0.185142204165459 0.199774876236916 -9999
0.199867740273476 0.197515085339546 0.195162430405617 0.192788764834404 0.19035205245018 0.187915354967117 0.185478642582893 0.183041945099831 0.180605232715607 0.178168535232544 0.17573182284832 0.182629063725471 0.192637622356415 0.202646166086197 0.21265472471714 0.222663283348083 0.232671827077866 0.242680385708809 0.2487962692976 0.243234127759933 0.237672001123428 0.232109859585762 0.226547732949257 0.220985591411591 0.215423464775085 0.209861323237419 0.20100399851799 0.191048264503479 0.181092530488968 0.171136811375618 0.161181077361107 0.151225343346596 0.141269624233246 0.134817779064178 0.138877600431442 0.142937436699867 0.146997258067131 0.151057094335556 0.15511691570282 0.159176737070084 0.163236573338509 0.175249755382538 0.190204843878746 -9999
0.200015693902969 0.197705864906311 0.195396035909653 0.192989021539688 0.190290421247482 0.187591820955276 0.18489320576191 0.182194605469704 0.179496005177498 0.176797389984131 0.174098789691925 0.180913850665092 0.190900132060051 0.200886398553848 0.210872679948807 0.220858961343765 0.230845242738724 0.240831524133682 0.246980041265488 0.241615310311317 0.236250579357147 0.230885833501816 0.225521102547646 0.220156371593475 0.214791640639305 0.209426894783974 0.201206892728806 0.192035123705864 0.182863339781761 0.17369157075882 0.164519801735878 0.155348032712936 0.146176263689995 0.140176698565483 0.143693760037422 0.147210821509361 0.150727868080139 0.154244929552078 0.157761991024017 0.161279052495956 0.164796113967896 0.174718216061592 0.187522232532501 -9999
0.200163632631302 0.197896644473076 0.19562965631485 0.193189293146133 0.190228790044785 0.187268272042274 0.184307768940926 0.181347265839577 0.178386762738228 0.175426259636879 0.17246575653553 0.179198622703552 0.189162626862526 0.1991266310215 0.209090635180473 0.219054639339447 0.229018643498421 0.238982647657394 0.245163828134537 0.239996492862701 0.234829157590866 0.229661822319031 0.224494487047195 0.21932715177536 0.214159816503525 0.208992481231689 0.201409786939621 0.193021968007088 0.184634149074554 0.176246345043182 0.167858526110649 0.159470722079277 0.151082903146744 0.145535618066788 0.148509904742241 0.151484191417694 0.154458478093147 0.157432779669762 0.160407066345215 0.163381353020668 0.166355639696121 -9999 0.184608519077301 -9999
0.200311571359634 0.198087424039841 0.195863276720047 0.193389549851418 0.190167143940926 0.186944738030434 0.183722332119942 0.18049992620945 0.177277520298958 0.174055114388466 0.170832708477974 0.177483409643173 0.187425136566162 0.197366863489151 0.207308605313301 0.21725033223629 0.227192059159279 0.237133786082268 0.243347600102425 0.238377660512924 0.233407735824585 0.228437796235085 0.223467856645584 0.218497917056084 0.213527977466583 0.208558052778244 0.201612666249275 0.194008812308311 0.186404958367348 0.178801104426384 0.17119725048542 0.163593396544456 0.155989542603493 0.150894537568092 0.15332604944706 0.155757576227188 0.158189103007317 0.160620614886284 0.163052141666412 0.165483668446541 0.167915180325508 0.173598691821098 -9999 -9999
0.200459524989128 0.198278203606606 0.196096882224083 0.193589821457863 0.190105512738228 0.186621204018593 0.183136895298958 0.179652586579323 0.176168292760849 0.172683984041214 0.169199675321579 0.175768196582794 0.185687646269798 0.195607095956802 0.205526560544968 0.215446010231972 0.225365474820137 0.235284924507141 0.241531386971474 0.236758843064308 0.231986314058304 0.227213770151138 0.222441226243973 0.217668697237968 0.212896153330803 0.208123624324799 0.201815560460091 0.194995671510696 0.188175767660141 0.181355878710747 0.174535974860191 0.167716085910797 0.160896182060242 0.156253457069397 0.15814220905304 0.160030961036682 0.161919713020325 0.163808465003967 0.16569721698761 0.167585968971252 0.169474720954895 0.173008680343628 0.177956983447075 -9999
0.200607463717461 0.19846898317337 0.19633050262928 0.193790078163147 0.19004388153553 0.186297670006752 0.182551458477974 0.178805261850357 0.175059050321579 0.171312838792801 0.167566642165184 0.174052968621254 0.183950155973434 0.193847328424454 0.203744515776634 0.213641703128815 0.223538875579834 0.233436062932014 0.239715158939362 0.235140025615692 0.230564892292023 0.225989744067192 0.221414610743523 0.216839477419853 0.212264329195023 0.207689195871353 0.202018454670906 0.19598251581192 0.189946576952934 0.183910638093948 0.177874699234962 0.171838760375977 0.165802821516991 0.16161236166954 0.162958353757858 0.164304330945015 0.165650323033333 0.16699630022049 0.168342292308807 0.169688269495964 0.171034261584282 0.172397002577782 0.174137651920319 0.176519200205803
0.1986383497715 0.19630429148674 0.193970248103142 0.191325232386589 0.187747359275818 0.184169486165047 0.180591598153114 0.177013725042343 0.173435851931572 0.169857978820801 0.16628010571003 0.172687202692032 0.182422637939453 0.192158058285713 0.201893493533134 0.211628913879395 0.221364349126816 0.231099784374237 0.237529665231705 0.234042912721634 0.230556160211563 0.227069392800331 0.22358264029026 0.22009588778019 0.216609135270119 0.213122382760048 0.207608327269554 0.201418519020081 0.195228710770607 0.189038902521133 0.18284909427166 0.176659286022186 0.170469477772713 0.166046917438507 0.166926145553589 0.167805358767509 0.168684586882591 0.169563800096512 0.170443028211594 0.171322241425514 0.172201454639435 0.173231139779091 0.174604788422585 0.176484227180481
0.194552183151245 0.191784143447876 0.189016118645668 0.186195254325867 0.183215945959091 0.180236637592316 0.177257314324379 0.174278005957603 0.171298697590828 0.168319374322891 0.165340065956116 0.171670883893967 0.181105092167854 0.190539285540581 0.199973493814468 0.209407687187195 0.218841880559921 0.228276088833809 0.234974890947342 0.233467504382133 0.231960117816925 0.230452716350555 0.228945329785347 0.227437943220139 0.22593055665493 0.224423170089722 0.218585178256035 0.211303681135178 0.204022169113159 0.196740657091141 0.189459145069122 0.182177633047104 0.174896135926247 0.169557109475136 0.17004556953907 0.170534029603004 0.171022489666939 0.171510949730873 0.171999409794807 0.172487869858742 0.172976329922676 0.175466001033783 0.179292365908623 0.18417426943779
0.190466016530991 0.187263995409012 0.184061989188194 0.181065291166306 0.178684532642365 0.176303789019585 0.173923030495644 0.171542286872864 0.169161543250084 0.166780784726143 0.164400041103363 0.170654579997063 0.179787546396255 0.188920512795448 0.198053479194641 0.207186460494995 0.216319426894188 0.225452393293381 0.232420116662979 0.232892096042633 0.233364075422287 0.23383603990078 0.234308019280434 0.234779998660088 0.235251978039742 0.235723942518234 0.229562044143677 0.221188828349113 0.212815627455711 0.204442411661148 0.196069195866585 0.187695994973183 0.179322779178619 0.173067301511765 0.173165008425713 0.173262700438499 0.173360407352448 0.173458099365234 0.173555806279182 0.173653498291969 0.173751205205917 0.177621752023697 0.183557897806168 0.190668702125549
0.186379849910736 0.182743847370148 0.179107859730721 0.175935328006744 0.174153134226799 0.172370940446854 0.170588761568069 0.168806567788124 0.167024374008179 0.165242195129395 0.163460001349449 0.169638261198997 0.178470000624657 0.187301740050316 0.196133479475975 0.204965218901634 0.213796958327293 0.222628697752953 0.229865342378616 0.232316687703133 0.234768033027649 0.237219363451004 0.23967070877552 0.242122054100037 0.244573399424553 0.247024729847908 0.240538895130157 0.231073975563049 0.221609070897102 0.212144166231155 0.202679261565208 0.193214356899261 0.183749437332153 0.176577493548393 0.176284432411194 0.175991371273994 0.175698310136795 0.175405248999596 0.175112187862396 0.174819126725197 0.174526065587997 0.179702520370483 0.187455952167511 0.196226224303246
0.182293683290482 0.178223714232445 0.174153730273247 0.170805349946022 0.169621720910072 0.168438091874123 0.167254477739334 0.166070848703384 0.164887219667435 0.163703590631485 0.162519961595535 0.168621942400932 0.177152454853058 0.185682967305183 0.194213479757309 0.202743992209435 0.21127450466156 0.219805017113686 0.227310568094254 0.231741279363632 0.236171990633011 0.240602687001228 0.245033398270607 0.249464109539986 0.253894805908203 0.258325517177582 0.251515746116638 0.240959137678146 0.230402529239655 0.219845920801163 0.209289312362671 0.198732703924179 0.188176095485687 0.180087685585022 0.179403871297836 0.178720042109489 0.178036227822304 0.177352398633957 0.176668584346771 0.175984755158424 0.175300940871239 0.18171215057373 0.191032037138939 0.20103594660759
0.178207516670227 0.173703566193581 0.169199615716934 0.165675386786461 0.165090322494507 0.164505258202553 0.163920193910599 0.163335129618645 0.162750065326691 0.162165001034737 0.161579936742783 0.167605623602867 0.175834909081459 0.184064194560051 0.192293480038643 0.200522750616074 0.208752036094666 0.216981321573257 0.224755793809891 0.231165871024132 0.237575948238373 0.243986010551453 0.250396102666855 0.256806164979935 0.263216227293015 0.269626319408417 0.262492597103119 0.250844299793243 0.239195987582207 0.22754767537117 0.215899363160133 0.204251065850258 0.192602753639221 0.183597877621651 0.182523295283318 0.181448712944984 0.180374130606651 0.179299548268318 0.178224965929985 0.177150383591652 0.176075801253319 0.183654233813286 0.194324463605881 0.205239281058311
0.178582519292831 0.174195796251297 0.169809058308601 0.166381925344467 0.165833562612534 0.1652851998806 0.164736852049828 0.164188489317894 0.16364012658596 0.163091763854027 0.162543401122093 0.168187141418457 0.175894901156425 0.183602675795555 0.191310435533524 0.199018210172653 0.206725969910622 0.214433744549751 0.221993401646614 0.229108765721321 0.236224129796028 0.243339493870735 0.250454872846603 0.25757023692131 0.264685600996017 0.271800965070724 0.264927119016647 0.253390252590179 0.24185337126255 0.230316489934921 0.218779623508453 0.207242742180824 0.195705860853195 0.186867743730545 0.186125919222832 0.18538410961628 0.184642285108566 0.183900475502014 0.183158650994301 0.182416826486588 0.181675016880035 0.189526066184044 0.200241401791573 0.210956752300262
0.183418706059456 0.179700389504433 0.175982087850571 0.172924980521202 0.171851471066475 0.170777961611748 0.169704437255859 0.168630927801132 0.167557418346405 0.166483893990517 0.16541038453579 0.170366480946541 0.177332445979118 0.184298411011696 0.191264376044273 0.198230341076851 0.205196306109428 0.212162271142006 0.219023391604424 0.2255699634552 0.232116550207138 0.238663136959076 0.245209708809853 0.251756280660629 0.258302867412567 0.264849454164505 0.258819341659546 0.248597025871277 0.238374710083008 0.228152379393578 0.217930063605309 0.207707732915878 0.197485402226448 0.189897283911705 0.19021175801754 0.190526217222214 0.190840691328049 0.191155150532722 0.191469624638557 0.191784098744392 0.192098557949066 0.199376210570335 0.208974927663803 0.218573644757271
0.188254877924919 0.18520499765873 0.18215511739254 0.179468050599098 0.177869379520416 0.176270708441734 0.174672037363052 0.17307336628437 0.171474695205688 0.169876024127007 0.168277353048325 0.172545820474625 0.17876997590065 0.184994146227837 0.191218301653862 0.197442471981049 0.203666642308235 0.209890797734261 0.216053381562233 0.22203117609024 0.228008970618248 0.233986765146255 0.239964559674263 0.24594235420227 0.251920163631439 0.257897943258286 0.252711564302444 0.243803799152374 0.234896034002304 0.225988268852234 0.217080503702164 0.208172723650932 0.199264958500862 0.192926824092865 0.194297581911087 0.195668339729309 0.19703908264637 0.198409840464592 0.199780598282814 0.201151356101036 0.202522113919258 0.209226369857788 0.217708453536034 0.22619055211544
0.193091064691544 0.190709605813026 0.18832816183567 0.186011105775833 0.183887287974358 0.181763455271721 0.179639637470245 0.177515804767609 0.175391986966133 0.173268154263496 0.171144336462021 0.174725145101547 0.180207520723343 0.185689881443977 0.191172242164612 0.196654602885246 0.202136978507042 0.207619339227676 0.213083356618881 0.21849237382412 0.223901391029358 0.229310408234596 0.234719410538673 0.240128427743912 0.24553744494915 0.250946462154388 0.246603801846504 0.239010587334633 0.231417372822762 0.22382415831089 0.216230943799019 0.208637729287148 0.201044514775276 0.195956364274025 0.198383405804634 0.200810447335243 0.203237488865852 0.205664530396461 0.208091571927071 0.21051861345768 0.21294566988945 0.21907651424408 0.226441979408264 0.233807444572449
