data/working_set_collections/6091692-Cassins_Sparrow-M2/1995/qinfil_avg.asc
NCOLS 265 
NROWS 230 
XLLCORNER -115.5625 
YLLCORNER 24.8333333333333 
CELLSIZE 0.0833333333333333 
NODATA_value -9999 
[rows 144 to 161 of 230, columns 205 to 245 of 265]
2.17160304600839e-05 2.17961787711829e-05 2.18763270822819e-05 2.1956475393381e-05 2.20388101297431e-05 2.21277041418944e-05 2.22165981540456e-05 2.23054903472075e-05 2.23943843593588e-05 2.24832783715101e-05 2.25721723836614e-05 2.26610663958127e-05 2.27416348934639e-05 2.28194294322748e-05 2.28972239710856e-05 2.29750185098965e-05 2.30528130487073e-05 2.31306075875182e-05 2.32084003073396e-05 2.33216251217527e-05 2.35411389439832e-05 2.37606527662138e-05 2.39801665884443e-05 2.41996804106748e-05 2.44191924139159e-05 2.46387062361464e-05 2.48582200583769e-05 2.50388347922126e-05 2.52064837695798e-05 2.53741309279576e-05 2.55417799053248e-05 2.57094270637026e-05 2.58770760410698e-05 2.60447231994476e-05 2.61729255726095e-05 2.6182789952145e-05 2.61926543316804e-05 2.62025168922264e-05 2.62123812717618e-05 2.62222456512973e-05 2.62321082118433e-05
2.18035329453414e-05 2.18635268538492e-05 2.19235207623569e-05 2.19835146708647e-05 2.20527763303835e-05 2.21498430619249e-05 2.22469116124557e-05 2.23439783439972e-05 2.24410450755386e-05 2.253811180708e-05 2.26351785386214e-05 2.27322452701628e-05 2.28156604862306e-05 2.28945245908108e-05 2.29733886953909e-05 2.30522509809816e-05 2.31311150855618e-05 2.32099791901419e-05 2.3288843294722e-05 2.33996543101966e-05 2.36063096963335e-05 2.38129650824703e-05 2.40196204686072e-05 2.42262740357546e-05 2.44329294218915e-05 2.46395848080283e-05 2.48462401941651e-05 2.50248340307735e-05 2.51940746238688e-05 2.53633152169641e-05 2.553255399107e-05 2.57017945841653e-05 2.58710351772606e-05 2.60402757703559e-05 2.61723434960004e-05 2.61928944382817e-05 2.62134435615735e-05 2.62339945038548e-05 2.6254545446136e-05 2.62750945694279e-05 2.62956455117092e-05
2.1891035430599e-05 2.19308749365155e-05 2.19707144424319e-05 2.20105539483484e-05 2.20667443500133e-05 2.21719838009449e-05 2.22772232518764e-05 2.23824645217974e-05 2.24877039727289e-05 2.25929452426499e-05 2.26981846935814e-05 2.28034259635024e-05 2.28896860789973e-05 2.29696179303573e-05 2.30495516007068e-05 2.31294852710562e-05 2.32094189414056e-05 2.3289352611755e-05 2.33692862821044e-05 2.34776853176299e-05 2.36714804486837e-05 2.38652773987269e-05 2.40590743487701e-05 2.42528694798239e-05 2.4446666429867e-05 2.46404615609208e-05 2.4834258510964e-05 2.5010831450345e-05 2.51816654781578e-05 2.53524976869812e-05 2.55233298958046e-05 2.5694162104628e-05 2.58649961324409e-05 2.60358283412643e-05 2.61717614193913e-05 2.62029989244184e-05 2.6234234610456e-05 2.62654721154831e-05 2.62967078015208e-05 2.63279453065479e-05 2.63591809925856e-05
2.19785379158566e-05 2.19982230191818e-05 2.20179081225069e-05 2.20375932258321e-05 2.20807105506537e-05 2.21941245399648e-05 2.23075367102865e-05 2.24209506995976e-05 2.25343646889087e-05 2.26477768592304e-05 2.27611908485414e-05 2.28746048378525e-05 2.29637098527746e-05 2.30447130888933e-05 2.3125716325012e-05 2.32067195611307e-05 2.32877227972494e-05 2.33687260333681e-05 2.34497274504974e-05 2.35557145060739e-05 2.37366530200234e-05 2.39175897149835e-05 2.40985264099436e-05 2.42794649238931e-05 2.44604016188532e-05 2.46413401328027e-05 2.48222768277628e-05 2.49968306889059e-05 2.51692545134574e-05 2.53416801569983e-05 2.55141058005393e-05 2.56865314440802e-05 2.58589552686317e-05 2.60313809121726e-05 2.61711793427821e-05 2.6213103410555e-05 2.62550256593386e-05 2.62969479081221e-05 2.6338871975895e-05 2.63807942246785e-05 2.64227164734621e-05
2.20660404011142e-05 2.2065571101848e-05 2.20651018025819e-05 2.20646325033158e-05 2.20946767512942e-05 2.22162634599954e-05 2.23378501686966e-05 2.24594368773978e-05 2.2581023586099e-05 2.27026102948003e-05 2.28241970035015e-05 2.29457837122027e-05 2.30377354455413e-05 2.31198082474293e-05 2.32018810493173e-05 2.32839520322159e-05 2.33660248341039e-05 2.34480976359919e-05 2.35301704378799e-05 2.36337455135072e-05 2.38018237723736e-05 2.39699020312401e-05 2.41379802901065e-05 2.43060603679623e-05 2.44741386268288e-05 2.46422168856952e-05 2.48102951445617e-05 2.49828281084774e-05 2.51568453677464e-05 2.53308626270154e-05 2.55048798862845e-05 2.56788989645429e-05 2.58529162238119e-05 2.60269334830809e-05 2.61705990851624e-05 2.62232078966917e-05 2.62758167082211e-05 2.63284255197505e-05 2.63810343312798e-05 2.64336449617986e-05 2.64862537733279e-05
2.21535428863717e-05 2.21329191845143e-05 2.21122954826569e-05 2.20916717807995e-05 2.2108644770924e-05 2.22384041990153e-05 2.23681636271067e-05 2.2497923055198e-05 2.26276843022788e-05 2.27574437303701e-05 2.28872031584615e-05 2.30169644055422e-05 2.3111761038308e-05 2.31949015869759e-05 2.32780439546332e-05 2.33611863222905e-05 2.34443286899477e-05 2.3527471057605e-05 2.36106134252623e-05 2.37117747019511e-05 2.38669945247239e-05 2.40222143474966e-05 2.41774341702694e-05 2.43326539930422e-05 2.4487873815815e-05 2.46430954575771e-05 2.47983152803499e-05 2.49688273470383e-05 2.51444362220354e-05 2.5320046916022e-05 2.54956557910191e-05 2.56712664850056e-05 2.58468753600027e-05 2.60224842349999e-05 2.61700170085533e-05 2.62333123828284e-05 2.62966077571036e-05 2.63599031313788e-05 2.6423198505654e-05 2.64864938799292e-05 2.65497892542044e-05
2.2108361008577e-05 2.20735801121918e-05 2.20387973968172e-05 2.2004016500432e-05 2.20123547478579e-05 2.21500540646957e-05 2.22877533815335e-05 2.2425450879382e-05 2.25631501962198e-05 2.27008495130576e-05 2.28385488298954e-05 2.29762463277439e-05 2.3080154278432e-05 2.31727954087546e-05 2.32654383580666e-05 2.33580813073786e-05 2.34507224377012e-05 2.35433653870132e-05 2.36360083363252e-05 2.37440781347686e-05 2.38984302995959e-05 2.40527842834126e-05 2.42071364482399e-05 2.43614904320566e-05 2.45158425968839e-05 2.46701965807006e-05 2.48245487455279e-05 2.50004268309567e-05 2.51834790105931e-05 2.5366533009219e-05 2.55495851888554e-05 2.57326391874813e-05 2.59156913671177e-05 2.60987453657435e-05 2.62522280536359e-05 2.63170022662962e-05 2.6381774659967e-05 2.64465488726273e-05 2.65113212662982e-05 2.65760954789585e-05 2.66408678726293e-05
2.19304929487407e-05 2.18875502469018e-05 2.18446075450629e-05 2.1801664843224e-05 2.18058103200747e-05 2.19512130570365e-05 2.20966157939984e-05 2.22420203499496e-05 2.23874230869114e-05 2.25328276428627e-05 2.26782303798245e-05 2.28236349357758e-05 2.29429151659133e-05 2.3053487893776e-05 2.31640624406282e-05 2.32746351684909e-05 2.33852078963537e-05 2.34957806242164e-05 2.36063551710686e-05 2.37306539929705e-05 2.38961310969898e-05 2.40616100199986e-05 2.4227087124018e-05 2.43925642280374e-05 2.45580431510461e-05 2.47235202550655e-05 2.48889973590849e-05 2.5077628379222e-05 2.5273975552409e-05 2.54703227255959e-05 2.56666698987829e-05 2.58630170719698e-05 2.60593660641462e-05 2.62557132373331e-05 2.64172340393998e-05 2.64742757281056e-05 2.65313192358008e-05 2.65883609245066e-05 2.66454044322018e-05 2.67024461209076e-05 2.67594878096133e-05
2.17526248889044e-05 2.17015203816118e-05 2.16504176933086e-05 2.15993150050053e-05 2.1599264073302e-05 2.17523720493773e-05 2.19054800254526e-05 2.20585880015278e-05 2.22116977965925e-05 2.23648057726678e-05 2.2517913748743e-05 2.26710217248183e-05 2.28056760533946e-05 2.29341803787975e-05 2.30626847042004e-05 2.31911890296033e-05 2.33196933550062e-05 2.34481976804091e-05 2.3576702005812e-05 2.37172298511723e-05 2.38938337133732e-05 2.40704357565846e-05 2.42470377997961e-05 2.44236398430075e-05 2.4600241886219e-05 2.47768457484199e-05 2.49534477916313e-05 2.51548299274873e-05 2.53644702752354e-05 2.55741124419728e-05 2.57837546087103e-05 2.59933967754478e-05 2.62030389421852e-05 2.64126792899333e-05 2.65822400251636e-05 2.66315510089044e-05 2.66808619926451e-05 2.67301747953752e-05 2.67794857791159e-05 2.68287985818461e-05 2.68781095655868e-05
2.15747550100787e-05 2.15154923353111e-05 2.14562278415542e-05 2.13969633477973e-05 2.13927196455188e-05 2.15535328607075e-05 2.17143442569068e-05 2.18751574720955e-05 2.20359706872841e-05 2.21967839024728e-05 2.23575952986721e-05 2.25184085138608e-05 2.26684387598652e-05 2.28148728638189e-05 2.29613087867619e-05 2.31077428907156e-05 2.32541788136587e-05 2.34006129176123e-05 2.35470488405554e-05 2.37038075283635e-05 2.38915345107671e-05 2.40792614931706e-05 2.42669884755742e-05 2.44547154579777e-05 2.46424424403813e-05 2.48301694227848e-05 2.50178964051884e-05 2.52320314757526e-05 2.54549668170512e-05 2.56779021583498e-05 2.59008393186377e-05 2.61237746599363e-05 2.63467118202243e-05 2.65696471615229e-05 2.67472441919381e-05 2.67888262897031e-05 2.68304065684788e-05 2.68719868472544e-05 2.69135689450195e-05 2.69551492237952e-05 2.69967295025708e-05
2.13968869502423e-05 2.13294624700211e-05 2.12620379897999e-05 2.11946135095786e-05 2.11861733987462e-05 2.13546918530483e-05 2.1523208488361e-05 2.16917269426631e-05 2.18602435779758e-05 2.20287620322779e-05 2.21972786675906e-05 2.23657953029033e-05 2.25311996473465e-05 2.26955653488403e-05 2.28599310503341e-05 2.30242985708173e-05 2.31886642723111e-05 2.3353029973805e-05 2.35173956752988e-05 2.36903833865654e-05 2.3889235308161e-05 2.40880872297566e-05 2.42869391513523e-05 2.44857910729479e-05 2.46846429945435e-05 2.48834949161392e-05 2.50823468377348e-05 2.53092312050285e-05 2.55454615398776e-05 2.57816936937161e-05 2.60179240285652e-05 2.62541543634143e-05 2.64903846982634e-05 2.67266150331125e-05 2.69122501777019e-05 2.69461015705019e-05 2.69799511443125e-05 2.70138007181231e-05 2.70476502919337e-05 2.70814998657443e-05 2.71153512585443e-05
2.1219018890406e-05 2.11434344237205e-05 2.10678481380455e-05 2.09922618523706e-05 2.0979628970963e-05 2.11558508453891e-05 2.13320727198152e-05 2.15082945942413e-05 2.16845164686674e-05 2.18607383430935e-05 2.20369620365091e-05 2.22131839109352e-05 2.23939623538172e-05 2.25762578338617e-05 2.27585551328957e-05 2.29408524319297e-05 2.31231497309636e-05 2.33054452110082e-05 2.34877425100422e-05 2.36769592447672e-05 2.38869361055549e-05 2.40969129663426e-05 2.43068898271304e-05 2.45168648689287e-05 2.47268417297164e-05 2.49368185905041e-05 2.51467954512918e-05 2.53864327532938e-05 2.56359580816934e-05 2.5885483410093e-05 2.61350087384926e-05 2.63845322479028e-05 2.66340575763024e-05 2.68835829047021e-05 2.70772561634658e-05 2.71033750323113e-05 2.71294939011568e-05 2.71556145889917e-05 2.71817334578373e-05 2.72078523266828e-05 2.72339711955283e-05
2.10891375900246e-05 2.10080161195947e-05 2.09268946491648e-05 2.08457749977242e-05 2.08296023629373e-05 2.100827441609e-05 2.11869464692427e-05 2.13656185223954e-05 2.15442905755481e-05 2.17229626287008e-05 2.19016346818535e-05 2.20803067350062e-05 2.22708040382713e-05 2.24652412725845e-05 2.26596785068978e-05 2.28541175602004e-05 2.30485547945136e-05 2.32429920288268e-05 2.34374292631401e-05 2.3638905986445e-05 2.38614939007675e-05 2.408408181509e-05 2.43066697294125e-05 2.4529257643735e-05 2.47518455580575e-05 2.497443347238e-05 2.51970213867025e-05 2.54503138421569e-05 2.57138399319956e-05 2.59773660218343e-05 2.62408939306624e-05 2.65044200205011e-05 2.67679461103398e-05 2.70314740191679e-05 2.72346896963427e-05 2.72569723165361e-05 2.72792549367296e-05 2.73015393759124e-05 2.73238219961058e-05 2.73461064352887e-05 2.73683890554821e-05
2.10072430490982e-05 2.09232111956226e-05 2.08391811611364e-05 2.07551493076608e-05 2.07360917556798e-05 2.09119607461616e-05 2.10878279176541e-05 2.12636969081359e-05 2.14395640796283e-05 2.16154312511208e-05 2.17913002416026e-05 2.1967167413095e-05 2.21617265196983e-05 2.23625138460193e-05 2.25633029913297e-05 2.27640921366401e-05 2.29648794629611e-05 2.31656686082715e-05 2.33664577535819e-05 2.357621997362e-05 2.38129068748094e-05 2.40495919570094e-05 2.42862788581988e-05 2.45229657593882e-05 2.47596508415882e-05 2.49963377427775e-05 2.52330246439669e-05 2.55008726526285e-05 2.57791089097736e-05 2.60573433479294e-05 2.63355796050746e-05 2.66138158622198e-05 2.68920503003756e-05 2.71702865575207e-05 2.73845489573432e-05 2.7406891604187e-05 2.74292342510307e-05 2.74515768978745e-05 2.74739195447182e-05 2.7496262191562e-05 2.75186048384057e-05
2.09253485081717e-05 2.08384062716505e-05 2.07514658541186e-05 2.06645236175973e-05 2.06425829674117e-05 2.08156470762333e-05 2.09887111850549e-05 2.1161773474887e-05 2.13348375837086e-05 2.15079016925301e-05 2.16809639823623e-05 2.18540280911839e-05 2.20526490011252e-05 2.22597882384434e-05 2.24669274757616e-05 2.26740667130798e-05 2.2881205950398e-05 2.30883451877162e-05 2.32954844250344e-05 2.3513533960795e-05 2.37643198488513e-05 2.40151039179182e-05 2.4265887986985e-05 2.45166738750413e-05 2.47674579441082e-05 2.5018242013175e-05 2.52690279012313e-05 2.55514314631e-05 2.58443760685623e-05 2.61373206740245e-05 2.64302652794868e-05 2.6723209884949e-05 2.70161544904113e-05 2.73090990958735e-05 2.75344082183437e-05 2.75568108918378e-05 2.75792117463425e-05 2.76016144198366e-05 2.76240152743412e-05 2.76464179478353e-05 2.76688206213294e-05
2.08434539672453e-05 2.07536013476783e-05 2.06637505471008e-05 2.05738979275338e-05 2.05490741791436e-05 2.07193334063049e-05 2.08895926334662e-05 2.10598518606275e-05 2.12301110877888e-05 2.14003703149501e-05 2.15706295421114e-05 2.17408887692727e-05 2.19435714825522e-05 2.21570608118782e-05 2.23705501412041e-05 2.25840412895195e-05 2.27975306188455e-05 2.30110199481715e-05 2.32245110964868e-05 2.34508497669594e-05 2.37157328228932e-05 2.39806158788269e-05 2.42454989347607e-05 2.45103819906944e-05 2.47752650466282e-05 2.50401481025619e-05 2.53050311584957e-05 2.56019902735716e-05 2.59096450463403e-05 2.62172980001196e-05 2.6524950953899e-05 2.68326057266677e-05 2.7140258680447e-05 2.74479116342263e-05 2.76842674793443e-05 2.77067283604993e-05 2.77291910606436e-05 2.77516519417986e-05 2.77741128229536e-05 2.77965737041086e-05 2.78190345852636e-05
2.07615594263189e-05 2.06687964237062e-05 2.0576035240083e-05 2.04832722374704e-05 2.04555653908756e-05 2.06230197363766e-05 2.07904740818776e-05 2.0957930246368e-05 2.11253845918691e-05 2.12928389373701e-05 2.14602951018605e-05 2.16277494473616e-05 2.18344939639792e-05 2.20543333853129e-05 2.22741746256361e-05 2.24940158659592e-05 2.27138571062824e-05 2.29336965276161e-05 2.31535377679393e-05 2.33881637541344e-05 2.36671457969351e-05 2.39461260207463e-05 2.42251080635469e-05 2.45040882873582e-05 2.47830703301588e-05 2.50620523729594e-05 2.53410325967707e-05 2.56525509030325e-05 2.59749122051289e-05 2.62972753262147e-05 2.66196384473005e-05 2.69419997493969e-05 2.72643628704827e-05 2.75867259915685e-05 2.78341267403448e-05 2.78566476481501e-05 2.78791685559554e-05 2.79016894637607e-05 2.7924210371566e-05 2.79467294603819e-05 2.79692503681872e-05
2.06796648853924e-05 2.05839914997341e-05 2.04883199330652e-05 2.03926465474069e-05 2.03620547836181e-05 2.05267060664482e-05 2.06913573492784e-05 2.08560068131192e-05 2.10206580959493e-05 2.11853093787795e-05 2.13499588426203e-05 2.15146101254504e-05 2.17254164454062e-05 2.19516077777371e-05 2.2177799110068e-05 2.24039904423989e-05 2.26301817747299e-05 2.28563731070608e-05 2.30825644393917e-05 2.33254777413094e-05 2.3618558770977e-05 2.39116379816551e-05 2.42047171923332e-05 2.44977964030113e-05 2.47908774326788e-05 2.50839566433569e-05 2.53770358540351e-05 2.57031097135041e-05 2.6040181182907e-05 2.63772526523098e-05 2.67143241217127e-05 2.70513955911156e-05 2.73884670605185e-05 2.77255385299213e-05 2.79839860013453e-05 2.80065669358009e-05 2.80291460512672e-05 2.80517269857228e-05 2.8074306101189e-05 2.80968870356446e-05 2.81194661511108e-05
