data/working_set_collections/6091692-Cassins_Sparrow-M2/1995/qinfil_avg.asc
NCOLS 265 
NROWS 230 
XLLCORNER -115.5625 
YLLCORNER 24.8333333333333 
CELLSIZE 0.0833333333333333 
NODATA_value -9999 
[rows 18 to 35 of 230, columns 0 to 40 of 265]
8.67602375365095e-06 8.72987129696412e-06 8.78371884027729e-06 8.83756638359046e-06 8.89141392690362e-06 8.94526237971149e-06 8.99910992302466e-06 9.08468427951448e-06 9.18083424039651e-06 9.27698420127854e-06 9.37313507165527e-06 9.4692850325373e-06 9.56543499341933e-06 9.66158495430136e-06 9.73875557974679e-06 9.75898637989303e-06 9.77921718003927e-06 9.7994479801855e-06 9.81967878033174e-06 9.83991048997268e-06 9.86014129011892e-06 9.88037209026515e-06 9.95594473351957e-06 1.00499655673048e-05 1.01439864010899e-05 1.02380063253804e-05 1.03320271591656e-05 1.04260479929508e-05 1.05200679172412e-05 1.06698462332133e-05 1.09868951767567e-05 1.13039450297947e-05 1.1620993973338e-05 1.19380438263761e-05 1.22550927699194e-05 1.25721426229575e-05 1.28891915665008e-05 1.33706544147572e-05 1.39069215947529e-05 1.4443187865254e-05 1.49794550452498e-05
8.99107908480801e-06 9.02049941942096e-06 9.04991884453921e-06 9.07933826965746e-06 9.1087576947757e-06 9.13817711989395e-06 9.1675965450122e-06 9.22741401154781e-06 9.29736415855587e-06 9.36731521505862e-06 9.43726536206668e-06 9.50721550907474e-06 9.5771656560828e-06 9.64711580309086e-06 9.70499604591168e-06 9.72666748566553e-06 9.74833892541938e-06 9.77001036517322e-06 9.79168180492707e-06 9.81335324468091e-06 9.83502468443476e-06 9.8566961241886e-06 9.93519188341452e-06 1.0032630598289e-05 1.01300693131634e-05 1.02275071185431e-05 1.03249458334176e-05 1.04223836387973e-05 1.05198223536718e-05 1.06586612673709e-05 1.09217016870389e-05 1.11847421067068e-05 1.14477825263748e-05 1.17108229460428e-05 1.19738633657107e-05 1.22369037853787e-05 1.24999442050466e-05 1.29841355374083e-05 1.35420450533275e-05 1.40999545692466e-05 1.46578640851658e-05
9.30613532545976e-06 9.31112663238309e-06 9.31611793930642e-06 9.32110924622975e-06 9.32610146264778e-06 9.33109276957111e-06 9.33608407649444e-06 9.37014465307584e-06 9.41389498620993e-06 9.45764531934401e-06 9.5013956524781e-06 9.54514598561218e-06 9.58889631874627e-06 9.63264665188035e-06 9.67123742157128e-06 9.69434950093273e-06 9.71746067079948e-06 9.74057275016094e-06 9.76368392002769e-06 9.78679599938914e-06 9.8099080787506e-06 9.83301924861735e-06 9.91443994280417e-06 1.00152956292732e-05 1.01161522252369e-05 1.02170079117059e-05 1.03178645076696e-05 1.04187201941386e-05 1.05195767901023e-05 1.06474763015285e-05 1.08565081973211e-05 1.1065539183619e-05 1.12745701699168e-05 1.14836020657094e-05 1.16926330520073e-05 1.19016649477999e-05 1.21106959340977e-05 1.25976175695541e-05 1.31771694213967e-05 1.37567212732392e-05 1.43362731250818e-05
9.62119156611152e-06 9.60175475483993e-06 9.58231794356834e-06 9.56288113229675e-06 9.54344432102516e-06 9.52400750975357e-06 9.50457069848198e-06 9.51287438510917e-06 9.53042490436928e-06 9.5479754236294e-06 9.56552594288951e-06 9.58307646214962e-06 9.60062698140973e-06 9.61817750066984e-06 9.63747879723087e-06 9.66203060670523e-06 9.68658241617959e-06 9.71113513514865e-06 9.73568694462301e-06 9.76023875409737e-06 9.78479147306643e-06 9.8093432825408e-06 9.89368709269911e-06 9.99796066025738e-06 1.01022342278156e-05 1.02065087048686e-05 1.03107822724269e-05 1.04150567494798e-05 1.05193303170381e-05 1.06362913356861e-05 1.07913137981086e-05 1.09463362605311e-05 1.11013587229536e-05 1.12563811853761e-05 1.14114036477986e-05 1.15664261102211e-05 1.17214485726436e-05 1.22110996017e-05 1.28122937894659e-05 1.34134870677372e-05 1.40146812555031e-05
9.93624780676328e-06 9.89238287729677e-06 9.84851794783026e-06 9.80465301836375e-06 9.76078808889724e-06 9.71692315943073e-06 9.67305822996423e-06 9.6556041171425e-06 9.64695482252864e-06 9.63830552791478e-06 9.62965623330092e-06 9.62100693868706e-06 9.6123576440732e-06 9.60370834945934e-06 9.60371926339576e-06 9.62971171247773e-06 9.6557041615597e-06 9.68169661064167e-06 9.70768996921834e-06 9.7336824183003e-06 9.75967486738227e-06 9.78566731646424e-06 9.87293424259406e-06 9.98062569124158e-06 1.00883171398891e-05 1.01960094980313e-05 1.03037009466789e-05 1.04113923953264e-05 1.05190847534686e-05 1.06251063698437e-05 1.07261203083908e-05 1.08271333374432e-05 1.09281472759903e-05 1.10291603050428e-05 1.11301733340952e-05 1.12311872726423e-05 1.13322003016947e-05 1.18245807243511e-05 1.24474172480404e-05 1.30702537717298e-05 1.36930902954191e-05
1.0251304047415e-05 1.01830109997536e-05 1.01147170425975e-05 1.0046423994936e-05 9.97813094727462e-06 9.90983789961319e-06 9.84154485195177e-06 9.79833475867053e-06 9.7634856501827e-06 9.72863654169487e-06 9.69378652371233e-06 9.6589374152245e-06 9.62408830673667e-06 9.58923919824883e-06 9.56996063905535e-06 9.59739372774493e-06 9.6248259069398e-06 9.65225899562938e-06 9.67969208431896e-06 9.70712517300854e-06 9.73455826169811e-06 9.76199044089299e-06 9.852181392489e-06 9.96329072222579e-06 1.00744000519626e-05 1.01855102911941e-05 1.02966196209309e-05 1.04077289506677e-05 1.05188382804045e-05 1.06139214040013e-05 1.06609259091783e-05 1.07079304143554e-05 1.07549349195324e-05 1.08019394247094e-05 1.08489439298864e-05 1.08959484350635e-05 1.09429529402405e-05 1.14380627564969e-05 1.20825416161097e-05 1.27270204757224e-05 1.33714993353351e-05
1.0571891834843e-05 1.04678983916529e-05 1.0363904038968e-05 1.02599096862832e-05 1.01559153335984e-05 1.00519209809136e-05 9.94792662822874e-06 9.877673619485e-06 9.81866651272867e-06 9.75966031546704e-06 9.70065411820542e-06 9.6416470114491e-06 9.58264081418747e-06 9.52363370743115e-06 9.48557135416195e-06 9.51034144236473e-06 9.53511244006222e-06 9.55988252826501e-06 9.58465261646779e-06 9.60942270467058e-06 9.63419370236807e-06 9.65896379057085e-06 9.74540489551146e-06 9.85240330919623e-06 9.95940172288101e-06 1.00664001365658e-05 1.01733985502506e-05 1.02803969639353e-05 1.03873953776201e-05 1.04805440059863e-05 1.05321432783967e-05 1.05837425508071e-05 1.06353418232175e-05 1.06869401861331e-05 1.07385394585435e-05 1.07901387309539e-05 1.08417370938696e-05 1.13306996354368e-05 1.19654487207299e-05 1.26001978060231e-05 1.32349468913162e-05
1.08980129880365e-05 1.07470450529945e-05 1.05960771179525e-05 1.04451082734158e-05 1.02941403383738e-05 1.01431724033318e-05 9.99220446828986e-06 9.89362160908058e-06 9.81250013865065e-06 9.73137866822071e-06 9.65025719779078e-06 9.56913572736084e-06 9.48801425693091e-06 9.40689278650098e-06 9.35055231821025e-06 9.36855758482125e-06 9.38656194193754e-06 9.40456720854854e-06 9.42257156566484e-06 9.44057592278114e-06 9.45858118939213e-06 9.47658554650843e-06 9.55260566115612e-06 9.64796436164761e-06 9.7433221526444e-06 9.83868085313588e-06 9.93403955362737e-06 1.00293973446242e-05 1.01247560451156e-05 1.02249741757987e-05 1.03397715065512e-05 1.04545688373037e-05 1.05693661680561e-05 1.06841634988086e-05 1.07989608295611e-05 1.09137581603136e-05 1.10285554910661e-05 1.15024904516758e-05 1.20961385619012e-05 1.26897866721265e-05 1.32834347823518e-05
1.122413414123e-05 1.10261917143362e-05 1.08282492874423e-05 1.06303077700431e-05 1.04323653431493e-05 1.02344238257501e-05 1.00364813988563e-05 9.90956868918147e-06 9.80633285507793e-06 9.70309611147968e-06 9.59986027737614e-06 9.49662353377789e-06 9.39338769967435e-06 9.2901509560761e-06 9.21553328225855e-06 9.22677281778306e-06 9.23801235330757e-06 9.24925097933738e-06 9.26049051486189e-06 9.27172914089169e-06 9.2829686764162e-06 9.29420730244601e-06 9.35980642680079e-06 9.44352450460428e-06 9.52724258240778e-06 9.61096156970598e-06 9.69467964750947e-06 9.77839772531297e-06 9.86211671261117e-06 9.96940434561111e-06 1.01473997347057e-05 1.03253951238003e-05 1.05033905128948e-05 1.06813859019894e-05 1.0859381291084e-05 1.10373766801786e-05 1.12153729787678e-05 1.16742812679149e-05 1.22268284030724e-05 1.27793755382299e-05 1.33319217638928e-05
1.15502543849288e-05 1.13053383756778e-05 1.10604223664268e-05 1.08155063571758e-05 1.05705903479247e-05 1.03256752481684e-05 1.00807592389174e-05 9.92551667877706e-06 9.8001655715052e-06 9.67481446423335e-06 9.5494633569615e-06 9.42411224968964e-06 9.29876114241779e-06 9.17341003514593e-06 9.08051515580155e-06 9.08498805074487e-06 9.08946185518289e-06 9.09393565962091e-06 9.09840855456423e-06 9.10288235900225e-06 9.10735616344027e-06 9.11182996787829e-06 9.16700628295075e-06 9.23908464756096e-06 9.31116301217116e-06 9.38324137678137e-06 9.45531974139158e-06 9.52739810600178e-06 9.59947647061199e-06 9.71383360592881e-06 9.95502796286019e-06 1.01962214102969e-05 1.04374148577335e-05 1.06786092146649e-05 1.09198026621016e-05 1.11609961095382e-05 1.14021904664696e-05 1.18460729936487e-05 1.23575182442437e-05 1.28689634948387e-05 1.33804096549284e-05
1.18763755381224e-05 1.15844850370195e-05 1.12925954454113e-05 1.10007058538031e-05 1.07088162621949e-05 1.0416925761092e-05 1.01250361694838e-05 9.94146466837265e-06 9.79399828793248e-06 9.64653190749232e-06 9.49906643654685e-06 9.35160005610669e-06 9.20413458516123e-06 9.05666820472106e-06 8.94549611984985e-06 8.94320419320138e-06 8.94091135705821e-06 8.93861943040974e-06 8.93632750376128e-06 8.93403557711281e-06 8.93174365046434e-06 8.92945172381587e-06 8.97420704859542e-06 9.03464570001233e-06 9.09508344193455e-06 9.15552209335146e-06 9.21596074476838e-06 9.2763984866906e-06 9.33683713810751e-06 9.45826377574122e-06 9.76265528151998e-06 1.00670476967935e-05 1.03714392025722e-05 1.06758316178457e-05 1.09802240331192e-05 1.12846155388979e-05 1.15890079541714e-05 1.20178638098878e-05 1.2488208085415e-05 1.29585523609421e-05 1.34288966364693e-05
1.22024957818212e-05 1.18636326078558e-05 1.15247685243958e-05 1.11859044409357e-05 1.08470412669703e-05 1.05081771835103e-05 1.01693131000502e-05 9.95741174847353e-06 9.78783100435976e-06 9.61825026024599e-06 9.44866951613221e-06 9.27908877201844e-06 9.10950802790467e-06 8.93992728379089e-06 8.81047708389815e-06 8.80141942616319e-06 8.79236176842824e-06 8.78330411069328e-06 8.77424645295832e-06 8.76518879522337e-06 8.75613113748841e-06 8.74707347975345e-06 8.78140781424008e-06 8.83020584296901e-06 8.87900387169793e-06 8.92780280992156e-06 8.97660083865048e-06 9.02539886737941e-06 9.07419689610833e-06 9.20269394555362e-06 9.57028350967448e-06 9.93787398329005e-06 1.03054644569056e-05 1.06730540210265e-05 1.1040644494642e-05 1.14082349682576e-05 1.17758254418732e-05 1.21896546261269e-05 1.26188979265862e-05 1.30481412270456e-05 1.34773845275049e-05
1.23989584608353e-05 1.20332688311464e-05 1.16675801109523e-05 1.13018904812634e-05 1.09362017610692e-05 1.05705121313804e-05 1.02048234111862e-05 9.97223469312303e-06 9.78401385509642e-06 9.59579210757511e-06 9.4075703600538e-06 9.21934952202719e-06 9.03112777450588e-06 8.84290602698456e-06 8.69781069923192e-06 8.68209099280648e-06 8.66637219587574e-06 8.650653398945e-06 8.63493369251955e-06 8.61921489558881e-06 8.60349518916337e-06 8.58777639223263e-06 8.62130673340289e-06 8.67125436343485e-06 8.72120108397212e-06 8.77114871400408e-06 8.82109543454135e-06 8.87104306457331e-06 8.92098978511058e-06 9.05854631128022e-06 9.45893316384172e-06 9.85931910690852e-06 1.02597050499753e-05 1.06600909930421e-05 1.10604778456036e-05 1.14608637886704e-05 1.18612497317372e-05 1.22617166198324e-05 1.26622107927687e-05 1.30627049657051e-05 1.34631991386414e-05
1.24657617561752e-05 1.20933964353753e-05 1.17210302050808e-05 1.13486639747862e-05 1.09762977444916e-05 1.0603931514197e-05 1.02315652839025e-05 9.98593350232113e-06 9.78254502115306e-06 9.57915744947968e-06 9.37576987780631e-06 9.17238230613293e-06 8.96899473445956e-06 8.76560716278618e-06 8.60749696585117e-06 8.58521980262594e-06 8.56294354889542e-06 8.54066638567019e-06 8.51839013193967e-06 8.49611387820914e-06 8.47383671498392e-06 8.45156046125339e-06 8.49390471557854e-06 8.55778944242047e-06 8.6216741692624e-06 8.68555980559904e-06 8.74944453244098e-06 8.81332925928291e-06 8.87721489561955e-06 9.02582360140514e-06 9.428603334527e-06 9.83138306764886e-06 1.02341628007707e-05 1.06369425338926e-05 1.10397222670144e-05 1.14425020001363e-05 1.18452817332582e-05 1.22340497910045e-05 1.26181475934573e-05 1.30022444864153e-05 1.3386342288868e-05
1.25325659610098e-05 1.21535231301095e-05 1.17744802992092e-05 1.13954365588143e-05 1.1016393727914e-05 1.06373508970137e-05 1.02583080661134e-05 9.99963140202453e-06 9.78107709670439e-06 9.56252370087896e-06 9.34396939555882e-06 9.12541509023868e-06 8.90686078491854e-06 8.6883073890931e-06 8.51718323247042e-06 8.48834861244541e-06 8.4595149019151e-06 8.43068028189009e-06 8.40184657135978e-06 8.37301195133477e-06 8.34417824080447e-06 8.31534362077946e-06 8.36650269775419e-06 8.44432543090079e-06 8.52214816404739e-06 8.599970897194e-06 8.6777936303406e-06 8.75561636348721e-06 8.83343909663381e-06 8.99309998203535e-06 9.39827350521227e-06 9.8034470283892e-06 1.02086196420714e-05 1.06137931652484e-05 1.10189666884253e-05 1.14241402116022e-05 1.18293137347791e-05 1.22063829621766e-05 1.25740834846511e-05 1.29417840071255e-05 1.33094845296e-05
1.25993701658444e-05 1.22136498248437e-05 1.1827929483843e-05 1.1442210052337e-05 1.10564897113363e-05 1.06707702798303e-05 1.02850499388296e-05 1.00133293017279e-05 9.77960917225573e-06 9.54588904278353e-06 9.31216891331133e-06 9.07844787434442e-06 8.84472774487222e-06 8.61100761540001e-06 8.42686949908966e-06 8.39147742226487e-06 8.35608625493478e-06 8.32069417810999e-06 8.2853030107799e-06 8.24991093395511e-06 8.21451976662502e-06 8.17912768980023e-06 8.23909977043513e-06 8.33086050988641e-06 8.42262124933768e-06 8.51438198878895e-06 8.60614272824023e-06 8.6979034676915e-06 8.78966420714278e-06 8.96037636266556e-06 9.36794367589755e-06 9.77551007963484e-06 1.01830773928668e-05 1.05906447060988e-05 1.09982120193308e-05 1.14057793325628e-05 1.18133457363001e-05 1.21787161333486e-05 1.25300193758449e-05 1.28813235278358e-05 1.32326276798267e-05
1.26661734611844e-05 1.2273776519578e-05 1.18813795779715e-05 1.14889826363651e-05 1.10965856947587e-05 1.07041887531523e-05 1.03117918115458e-05 1.0027028110926e-05 9.77814124780707e-06 9.5292543846881e-06 9.28036752156913e-06 9.03148156794487e-06 8.7825947048259e-06 8.53370784170693e-06 8.33655576570891e-06 8.29460623208433e-06 8.25265760795446e-06 8.21070807432989e-06 8.16875854070531e-06 8.12680991657544e-06 8.08486038295086e-06 8.04291175882099e-06 8.11169775261078e-06 8.21739649836672e-06 8.32309524412267e-06 8.42879308038391e-06 8.53449182613986e-06 8.6401905718958e-06 8.74588840815704e-06 8.92765274329577e-06 9.33761384658283e-06 9.74757404037518e-06 1.01575351436622e-05 1.05674953374546e-05 1.09774564407417e-05 1.13874175440287e-05 1.17973777378211e-05 1.2151048395026e-05 1.24859561765334e-05 1.2820863048546e-05 1.31557708300534e-05
1.2732977666019e-05 1.23339032143122e-05 1.19348296721e-05 1.15357561298879e-05 1.1136681678181e-05 1.07376081359689e-05 1.03385345937568e-05 1.00407260106294e-05 9.77667332335841e-06 9.51261972659267e-06 9.24856703932164e-06 8.98451435205061e-06 8.72046166477958e-06 8.45640806801384e-06 8.24624203232815e-06 8.1977350419038e-06 8.14922896097414e-06 8.10072197054978e-06 8.05221498012543e-06 8.00370889919577e-06 7.95520190877141e-06 7.90669491834706e-06 7.98429573478643e-06 8.10393157735234e-06 8.22356832941296e-06 8.34320417197887e-06 8.46284092403948e-06 8.5824767666054e-06 8.70211351866601e-06 8.89492912392598e-06 9.3072840172681e-06 9.71963800111553e-06 1.0131991984963e-05 1.05443468783051e-05 1.09567008621525e-05 1.13690557554946e-05 1.17814097393421e-05 1.21233815661981e-05 1.24418920677272e-05 1.27604025692563e-05 1.30789130707853e-05
