data/working_set_collections/6091692-Cassins_Sparrow-M2/1995/qinfil_avg.asc
NCOLS 265 
NROWS 230 
XLLCORNER -115.5625 
YLLCORNER 24.8333333333333 
CELLSIZE 0.0833333333333333 
NODATA_value -9999 
[rows 54 to 71 of 230, columns 164 to 204 of 265]
1.48036597238388e-05 1.48336584970821e-05 1.486365817982e-05 1.48936569530633e-05 1.49236566358013e-05 1.49536554090446e-05 1.49836541822879e-05 1.50136538650258e-05 1.5145878023759e-05 1.53121782204835e-05 1.54784775077133e-05 1.5644776794943e-05 1.58110779011622e-05 1.5977377188392e-05 1.61436764756218e-05 1.63214735948713e-05 1.65337605722016e-05 1.67460475495318e-05 1.6958334526862e-05 1.71706215041922e-05 1.73829084815225e-05 1.75951954588527e-05 1.78074824361829e-05 1.79712533281418e-05 1.81188515853137e-05 1.82664498424856e-05 1.84140480996575e-05 1.85616463568294e-05 1.8709242795012e-05 1.88568410521839e-05 1.90012233360903e-05 1.91359577002004e-05 1.92706920643104e-05 1.94054264284205e-05 1.95401589735411e-05 1.96748933376512e-05 1.98096277017612e-05 1.99443620658712e-05 2.00733138626674e-05 2.02003411686746e-05 2.03273666556925e-05
1.48331164382398e-05 1.48643312058994e-05 1.48955459735589e-05 1.49267607412185e-05 1.4957975508878e-05 1.49891902765376e-05 1.50204050441971e-05 1.50516198118567e-05 1.51842259583646e-05 1.5350629837485e-05 1.55170346261002e-05 1.5683437595726e-05 1.58498423843412e-05 1.60162471729564e-05 1.61826501425821e-05 1.63614058692474e-05 1.65772162290523e-05 1.67930265888572e-05 1.70088369486621e-05 1.7224647308467e-05 1.74404576682718e-05 1.76562680280767e-05 1.78720783878816e-05 1.80378083314281e-05 1.81868454092182e-05 1.83358824870083e-05 1.84849195647985e-05 1.86339566425886e-05 1.87829937203787e-05 1.89320307981689e-05 1.90816681424621e-05 1.92331081052544e-05 1.93845480680466e-05 1.95359862118494e-05 1.96874261746416e-05 1.98388661374338e-05 1.9990306100226e-05 2.01417460630182e-05 2.0266810679459e-05 2.03830841201125e-05 2.04993593797553e-05
1.48625731526408e-05 1.48950039147167e-05 1.49274337672978e-05 1.49598645293736e-05 1.49922943819547e-05 1.50247251440305e-05 1.50571549966116e-05 1.50895857586875e-05 1.52225738929701e-05 1.5389083273476e-05 1.55555899254978e-05 1.5722098396509e-05 1.58886068675201e-05 1.60551153385313e-05 1.62216238095425e-05 1.64013381436234e-05 1.6620671885903e-05 1.68400056281826e-05 1.70593393704621e-05 1.72786731127417e-05 1.74980068550212e-05 1.77173405973008e-05 1.79366743395803e-05 1.81043651537038e-05 1.82548410521122e-05 1.84053169505205e-05 1.85557928489288e-05 1.87062669283478e-05 1.88567428267561e-05 1.90072187251644e-05 1.9162112948834e-05 1.93302585103083e-05 1.94984022527933e-05 1.96665478142677e-05 1.98346933757421e-05 2.00028389372164e-05 2.01709844986908e-05 2.03391282411758e-05 2.04603074962506e-05 2.05658288905397e-05 2.06713502848288e-05
1.48920298670419e-05 1.49256757140392e-05 1.49593215610366e-05 1.4992967408034e-05 1.50266132550314e-05 1.50602591020288e-05 1.50939049490262e-05 1.51275507960236e-05 1.52609227370704e-05 1.54275348904775e-05 1.55941470438847e-05 1.57607591972919e-05 1.59273713506991e-05 1.60939853230957e-05 1.62605974765029e-05 1.64412704179995e-05 1.66641275427537e-05 1.68869846675079e-05 1.71098417922622e-05 1.73326989170164e-05 1.75555560417706e-05 1.77784131665248e-05 1.80012702912791e-05 1.81709201569902e-05 1.83228348760167e-05 1.84747495950432e-05 1.86266643140698e-05 1.87785790330963e-05 1.89304937521229e-05 1.90824084711494e-05 1.92425577552058e-05 1.94274070963729e-05 1.96122582565295e-05 1.9797109416686e-05 1.99819605768425e-05 2.01668117369991e-05 2.03516610781662e-05 2.05365122383228e-05 2.06538024940528e-05 2.07485736609669e-05 2.08433430088917e-05
1.49214874909376e-05 1.49563484228565e-05 1.49912102642702e-05 1.50260711961892e-05 1.50609330376028e-05 1.50957939695218e-05 1.51306558109354e-05 1.51655167428544e-05 1.52992706716759e-05 1.54659865074791e-05 1.56327041622717e-05 1.57994199980749e-05 1.59661376528675e-05 1.61328534886707e-05 1.62995711434633e-05 1.64812026923755e-05 1.67075831996044e-05 1.69339637068333e-05 1.71603442140622e-05 1.73867247212911e-05 1.761310522852e-05 1.78394857357489e-05 1.80658662429778e-05 1.82374751602765e-05 1.83908286999213e-05 1.8544182239566e-05 1.86975357792107e-05 1.88508893188555e-05 1.90042428585002e-05 1.9157596398145e-05 1.93230007425882e-05 1.95245575014269e-05 1.97261142602656e-05 1.99276710191043e-05 2.0129227777943e-05 2.03307827177923e-05 2.0532339476631e-05 2.07338962354697e-05 2.08472993108444e-05 2.09313166124048e-05 2.10153357329546e-05
1.49509442053386e-05 1.49870211316738e-05 1.50230980580091e-05 1.50591749843443e-05 1.50952519106795e-05 1.51313288370147e-05 1.516740576335e-05 1.52034826896852e-05 1.53376186062815e-05 1.55044381244807e-05 1.56712594616693e-05 1.58380807988578e-05 1.60049021360464e-05 1.6171723473235e-05 1.63385429914342e-05 1.65211349667516e-05 1.67510388564551e-05 1.69809427461587e-05 1.72108466358623e-05 1.74407505255658e-05 1.76706544152694e-05 1.79005564859835e-05 1.81304603756871e-05 1.83040319825523e-05 1.84588243428152e-05 1.86136167030782e-05 1.87684090633411e-05 1.8923201423604e-05 1.9077993783867e-05 1.92327861441299e-05 1.940344554896e-05 1.96217079064809e-05 1.98399702640017e-05 2.00582326215226e-05 2.02764931600541e-05 2.0494755517575e-05 2.07130178750958e-05 2.09312802326167e-05 2.10407943086466e-05 2.1114061382832e-05 2.11873284570174e-05
1.49673760461155e-05 1.50079649756663e-05 1.5048553905217e-05 1.50891428347677e-05 1.51297308548237e-05 1.51703197843744e-05 1.52109087139252e-05 1.52514976434759e-05 1.53853397932835e-05 1.5550267562503e-05 1.57151953317225e-05 1.58801212819526e-05 1.60450490511721e-05 1.62099750014022e-05 1.63749027706217e-05 1.65564961207565e-05 1.67880862136371e-05 1.70196781255072e-05 1.72512682183878e-05 1.74828601302579e-05 1.77144502231386e-05 1.79460421350086e-05 1.81776340468787e-05 1.83549400389893e-05 1.85141525435029e-05 1.86733650480164e-05 1.883257755253e-05 1.89917900570435e-05 1.91510025615571e-05 1.93102150660707e-05 1.94868734979536e-05 1.97158733499236e-05 1.9944875020883e-05 2.0173874872853e-05 2.0402874724823e-05 2.06318745767931e-05 2.08608762477525e-05 2.10898760997225e-05 2.11912556551397e-05 2.12500963243656e-05 2.13089351746021e-05
1.49707821037737e-05 1.50191790453391e-05 1.50675768963993e-05 1.51159738379647e-05 1.51643707795301e-05 1.52127677210956e-05 1.5261164662661e-05 1.53095625137212e-05 1.54424378706608e-05 1.56034730025567e-05 1.57645063154632e-05 1.59255414473591e-05 1.60865765792551e-05 1.6247611711151e-05 1.64086468430469e-05 1.65872825164115e-05 1.68187252711505e-05 1.70501680258894e-05 1.72816107806284e-05 1.75130535353674e-05 1.77444962901063e-05 1.79759390448453e-05 1.82073817995843e-05 1.83902029675664e-05 1.8556816939963e-05 1.87234290933702e-05 1.88900430657668e-05 1.9056655219174e-05 1.92232691915706e-05 1.93898813449778e-05 1.95732845895691e-05 1.98070556507446e-05 2.00408267119201e-05 2.0274599592085e-05 2.05083706532605e-05 2.0742141714436e-05 2.09759127756115e-05 2.1209683836787e-05 2.12986815313343e-05 2.13394214370055e-05 2.13801595236873e-05
1.49741890709265e-05 1.50303940245067e-05 1.50865998875815e-05 1.51428048411617e-05 1.51990107042366e-05 1.52552156578167e-05 1.53114215208916e-05 1.53676264744718e-05 1.54995341290487e-05 1.5656676623621e-05 1.58138191181934e-05 1.59709616127657e-05 1.6128104107338e-05 1.62852466019103e-05 1.64423890964827e-05 1.66180707310559e-05 1.68493643286638e-05 1.70806597452611e-05 1.73119533428689e-05 1.75432487594662e-05 1.77745423570741e-05 1.80058377736714e-05 1.82371313712792e-05 1.84254658961436e-05 1.85994795174338e-05 1.8773493138724e-05 1.89475067600142e-05 1.91215203813044e-05 1.92955358215841e-05 1.94695494428743e-05 1.96596956811845e-05 1.98982379515655e-05 2.01367802219465e-05 2.03753224923275e-05 2.06138647627085e-05 2.08524070330895e-05 2.109095112246e-05 2.1329493392841e-05 2.14061074075289e-05 2.1428744730656e-05 2.14513838727726e-05
1.49775960380794e-05 1.50416090036742e-05 1.51056228787638e-05 1.51696367538534e-05 1.52336497194483e-05 1.52976645040326e-05 1.53616765601328e-05 1.54256904352224e-05 1.5556632206426e-05 1.57098820636747e-05 1.58631319209235e-05 1.60163835971616e-05 1.61696334544104e-05 1.63228833116591e-05 1.64761331689078e-05 1.66488571267109e-05 1.68800033861771e-05 1.71111496456433e-05 1.73422959051095e-05 1.75734421645757e-05 1.78045884240419e-05 1.80357346835081e-05 1.82668809429742e-05 1.84607288247207e-05 1.8642143913894e-05 1.88235571840778e-05 1.9004972273251e-05 1.91863873624243e-05 1.93678024515975e-05 1.95492157217814e-05 1.97461049538106e-05 1.99894184333971e-05 2.0232733731973e-05 2.04760472115595e-05 2.0719360691146e-05 2.09626741707325e-05 2.1205987650319e-05 2.14493011299055e-05 2.15135332837235e-05 2.1518069843296e-05 2.15226082218578e-05
1.49810020957375e-05 1.50528239828418e-05 1.51246458699461e-05 1.51964677570504e-05 1.52682896441547e-05 1.53401106217643e-05 1.54119334183633e-05 1.54837543959729e-05 1.56137284648139e-05 1.57630875037285e-05 1.59124447236536e-05 1.60618037625682e-05 1.62111609824933e-05 1.63605200214079e-05 1.6509877241333e-05 1.66796453413554e-05 1.69106442626799e-05 1.71416413650149e-05 1.737263846735e-05 1.76036373886745e-05 1.78346344910096e-05 1.80656334123341e-05 1.82966305146692e-05 1.84959917532979e-05 1.86848064913647e-05 1.8873623048421e-05 1.90624377864879e-05 1.92512525245547e-05 1.94400672626216e-05 1.96288838196779e-05 1.9832516045426e-05 2.0080600734218e-05 2.032868542301e-05 2.0576770111802e-05 2.0824854800594e-05 2.10729413083754e-05 2.13210259971675e-05 2.15691106859595e-05 2.16209591599181e-05 2.16073949559359e-05 2.15938307519536e-05
1.49844090628903e-05 1.50640389620094e-05 1.51436688611284e-05 1.52232987602474e-05 1.53029286593664e-05 1.53825585584855e-05 1.54621884576045e-05 1.55418201757129e-05 1.56708265421912e-05 1.58162929437822e-05 1.59617575263837e-05 1.61072239279747e-05 1.62526903295657e-05 1.63981549121672e-05 1.65436213137582e-05 1.67104335559998e-05 1.69412833201932e-05 1.71721330843866e-05 1.74029810295906e-05 1.7633830793784e-05 1.78646805579774e-05 1.80955303221708e-05 1.83263800863642e-05 1.8531254681875e-05 1.87274708878249e-05 1.89236870937748e-05 1.91199032997247e-05 1.93161195056746e-05 1.95123338926351e-05 1.9708550098585e-05 1.99189271370415e-05 2.0171783035039e-05 2.04246389330365e-05 2.0677494831034e-05 2.09303507290315e-05 2.1183206627029e-05 2.14360625250265e-05 2.1688918423024e-05 2.17283850361127e-05 2.16967200685758e-05 2.16650551010389e-05
1.49911111293477e-05 1.50767782542971e-05 1.51624462887412e-05 1.52481134136906e-05 1.533378053864e-05 1.54194476635894e-05 1.55051147885388e-05 1.55907819134882e-05 1.57174035848584e-05 1.58576785906916e-05 1.59979517775355e-05 1.61382267833687e-05 1.62784999702126e-05 1.64187731570564e-05 1.65590481628897e-05 1.67223515745718e-05 1.69547456607688e-05 1.71871397469658e-05 1.74195356521523e-05 1.76519297383493e-05 1.78843238245463e-05 1.81167179107433e-05 1.83491119969403e-05 1.85617154784268e-05 1.8767723304336e-05 1.89737293112557e-05 1.91797371371649e-05 1.93857449630741e-05 1.95917509699939e-05 1.97977587959031e-05 2.00159920495935e-05 2.02709088625852e-05 2.05258256755769e-05 2.07807424885686e-05 2.10356593015604e-05 2.12905761145521e-05 2.15454929275438e-05 2.18004097405355e-05 2.1834515791852e-05 2.17950200749328e-05 2.17555225390242e-05
1.50011092046043e-05 1.50910427691997e-05 1.51809763337951e-05 1.52709089888958e-05 1.53608434629859e-05 1.54507761180867e-05 1.55407105921768e-05 1.56306432472775e-05 1.57534632307943e-05 1.58872462634463e-05 1.60210274771089e-05 1.61548105097609e-05 1.62885935424129e-05 1.64223747560754e-05 1.65561577887274e-05 1.67154030350503e-05 1.69510349223856e-05 1.71866668097209e-05 1.74222986970562e-05 1.76579305843916e-05 1.78935624717269e-05 1.81291943590622e-05 1.83648262463976e-05 1.85873759619426e-05 1.88055637408979e-05 1.90237533388427e-05 1.9241941117798e-05 1.94601288967533e-05 1.96783166757086e-05 1.98965062736534e-05 2.01237126020715e-05 2.03779800358461e-05 2.06322474696208e-05 2.08865149033954e-05 2.11407823371701e-05 2.13950479519553e-05 2.164931538573e-05 2.19035828195047e-05 2.19393550651148e-05 2.1902294975007e-05 2.18652348848991e-05
1.50111072798609e-05 1.51053072841023e-05 1.5199506378849e-05 1.52937063830905e-05 1.53879063873319e-05 1.54821063915733e-05 1.55763045768254e-05 1.56705045810668e-05 1.57895228767302e-05 1.59168139362009e-05 1.60441049956717e-05 1.6171394236153e-05 1.62986852956237e-05 1.64259763550945e-05 1.65532674145652e-05 1.67084526765393e-05 1.6947322365013e-05 1.71861920534866e-05 1.74250617419602e-05 1.76639314304339e-05 1.79028029378969e-05 1.81416726263706e-05 1.83805423148442e-05 1.86130364454584e-05 1.88434059964493e-05 1.90737755474402e-05 1.9304145098431e-05 1.95345146494219e-05 1.97648842004128e-05 1.99952537514037e-05 2.02314349735389e-05 2.0485051209107e-05 2.07386692636646e-05 2.09922873182222e-05 2.12459035537904e-05 2.1499521608348e-05 2.17531396629056e-05 2.20067558984738e-05 2.20441943383776e-05 2.20095698750811e-05 2.1974947230774e-05
1.50211053551175e-05 1.51195717990049e-05 1.52180373333977e-05 1.53165037772851e-05 1.54149693116779e-05 1.55134348460706e-05 1.56119003804633e-05 1.57103659148561e-05 1.58255825226661e-05 1.59463816089556e-05 1.6067180695245e-05 1.61879797815345e-05 1.6308778867824e-05 1.64295779541135e-05 1.6550377040403e-05 1.67015023180284e-05 1.69436098076403e-05 1.71857172972523e-05 1.74278266058536e-05 1.76699340954656e-05 1.79120415850775e-05 1.81541490746895e-05 1.83962565643014e-05 1.86386969289742e-05 1.88812464330113e-05 1.91237977560377e-05 1.93663490790641e-05 1.96088985831011e-05 1.98514499061275e-05 2.00940012291539e-05 2.03391555260168e-05 2.0592122382368e-05 2.08450910577085e-05 2.10980579140596e-05 2.13510265894001e-05 2.16039934457513e-05 2.18569621210918e-05 2.21099289774429e-05 2.21490317926509e-05 2.21168465941446e-05 2.20846595766488e-05
1.50311034303741e-05 1.51338354044128e-05 1.52365673784516e-05 1.53392993524903e-05 1.54420322360238e-05 1.55447633005679e-05 1.56474961841013e-05 1.57502272486454e-05 1.58616403496126e-05 1.59759492817102e-05 1.60902563948184e-05 1.62045635079267e-05 1.63188706210349e-05 1.64331777341431e-05 1.65474866662407e-05 1.66945537785068e-05 1.69398990692571e-05 1.71852443600073e-05 1.74305896507576e-05 1.76759349415079e-05 1.79212802322581e-05 1.81666255230084e-05 1.84119708137587e-05 1.86643574124901e-05 1.89190886885626e-05 1.91738199646352e-05 1.94285530596972e-05 1.96832843357697e-05 1.99380156118423e-05 2.01927487069042e-05 2.04468760784948e-05 2.06991935556289e-05 2.09515128517523e-05 2.12038303288864e-05 2.14561478060205e-05 2.17084671021439e-05 2.1960784579278e-05 2.2213102056412e-05 2.22538710659137e-05 2.22241214942187e-05 2.21943737415131e-05
1.50411015056306e-05 1.51480999193154e-05 1.52550983330002e-05 1.5362096746685e-05 1.54690951603698e-05 1.55760917550651e-05 1.56830901687499e-05 1.57900885824347e-05 1.58976999955485e-05 1.60055169544648e-05 1.61133320943918e-05 1.62211472343188e-05 1.63289641932352e-05 1.64367793331621e-05 1.65445962920785e-05 1.66876034199959e-05 1.69361865118844e-05 1.7184769603773e-05 1.74333526956616e-05 1.76819357875502e-05 1.79305206984282e-05 1.81791037903167e-05 1.84276868822053e-05 1.86900178960059e-05 1.8956930944114e-05 1.92238439922221e-05 1.94907570403302e-05 1.97576700884383e-05 2.00245831365464e-05 2.02914961846545e-05 2.05545966309728e-05 2.08062647288898e-05 2.10579346457962e-05 2.13096027437132e-05 2.15612708416302e-05 2.18129389395472e-05 2.20646070374642e-05 2.23162769543706e-05 2.23587085201871e-05 2.23313963942928e-05 2.2304086087388e-05
