data/working_set_collections/6091692-Cassins_Sparrow-M2/1995/qinfil_avg.asc
NCOLS 265 
NROWS 230 
XLLCORNER -115.5625 
YLLCORNER 24.8333333333333 
CELLSIZE 0.0833333333333333 
NODATA_value -9999 
[rows 0 to 17 of 230, columns 205 to 245 of 265]
1.86203469638713e-05 1.86459565156838e-05 1.86715642485069e-05 1.869717198133e-05 1.86947290785611e-05 1.86081269930582e-05 1.85215249075554e-05 1.8434924641042e-05 1.83483225555392e-05 1.82617204700364e-05 1.8175120203523e-05 1.80885181180201e-05 1.80415700015146e-05 1.80078386620153e-05 1.79741073225159e-05 1.7940377802006e-05 1.79066464625066e-05 1.78729151230073e-05 1.78391837835079e-05 1.78217069333186e-05 1.7852986275102e-05 1.78842674358748e-05 1.79155485966476e-05 1.79468297574203e-05 1.79781109181931e-05 1.80093902599765e-05 1.80406714207493e-05 1.81348077603616e-05 1.82498952199239e-05 1.83649826794863e-05 1.84800701390486e-05 1.8595157598611e-05 1.87102450581733e-05 1.88253343367251e-05 1.89203037734842e-05 1.89549227798125e-05 1.89895417861408e-05 1.9024160792469e-05 1.90587797987973e-05 1.90933988051256e-05 1.91280178114539e-05
1.86492889042711e-05 1.86545057658805e-05 1.86597226274898e-05 1.86649394890992e-05 1.86513188964454e-05 1.85811823030235e-05 1.85110457096016e-05 1.84409091161797e-05 1.83707725227578e-05 1.83006359293358e-05 1.82304993359139e-05 1.8160362742492e-05 1.81110062840162e-05 1.80685765371891e-05 1.8026146790362e-05 1.79837170435349e-05 1.79412872967077e-05 1.78988575498806e-05 1.78564278030535e-05 1.78338468685979e-05 1.78708141902462e-05 1.79077815118944e-05 1.79447488335427e-05 1.7981716155191e-05 1.80186816578498e-05 1.80556489794981e-05 1.80926163011463e-05 1.8194949007011e-05 1.83190695679514e-05 1.84431901288917e-05 1.85673106898321e-05 1.86914330697618e-05 1.88155536307022e-05 1.89396741916426e-05 1.90397367987316e-05 1.9067621906288e-05 1.90955070138443e-05 1.91233921214007e-05 1.91512790479464e-05 1.91791641555028e-05 1.92070492630592e-05
1.86782290256815e-05 1.86630550160771e-05 1.86478810064727e-05 1.86327069968684e-05 1.86079087143298e-05 1.85542357939994e-05 1.85005646926584e-05 1.84468935913173e-05 1.83932206709869e-05 1.83395495696459e-05 1.82858766493155e-05 1.82322055479744e-05 1.81804407475283e-05 1.81293125933735e-05 1.80781844392186e-05 1.80270562850637e-05 1.79759281309089e-05 1.7924799976754e-05 1.78736718225991e-05 1.78459886228666e-05 1.78886421053903e-05 1.79312955879141e-05 1.79739472514484e-05 1.80166007339722e-05 1.80592542164959e-05 1.81019076990196e-05 1.81445611815434e-05 1.82550902536605e-05 1.83882439159788e-05 1.85213993972866e-05 1.8654553059605e-05 1.87877067219233e-05 1.89208603842417e-05 1.90540158655494e-05 1.9159169823979e-05 1.91803210327635e-05 1.92014722415479e-05 1.92226252693217e-05 1.92437764781062e-05 1.92649276868906e-05 1.92860807146644e-05
1.87071709660813e-05 1.86716060852632e-05 1.86360393854557e-05 1.86004745046375e-05 1.85644985322142e-05 1.85272911039647e-05 1.84900836757151e-05 1.8452878066455e-05 1.84156706382055e-05 1.8378463209956e-05 1.83412557817064e-05 1.83040483534569e-05 1.82498770300299e-05 1.81900504685473e-05 1.81302220880752e-05 1.80703955265926e-05 1.801056896511e-05 1.79507424036274e-05 1.78909140231553e-05 1.78581285581458e-05 1.79064682015451e-05 1.79548078449443e-05 1.80031474883435e-05 1.80514871317428e-05 1.8099826775142e-05 1.81481664185412e-05 1.81965060619405e-05 1.83152315003099e-05 1.84574182640063e-05 1.8599606846692e-05 1.87417936103884e-05 1.88839821930742e-05 1.90261689567706e-05 1.91683557204669e-05 1.9278601030237e-05 1.9293020159239e-05 1.93074374692515e-05 1.93218565982534e-05 1.93362739082659e-05 1.93506930372678e-05 1.93651121662697e-05
1.87361129064811e-05 1.86801553354599e-05 1.86241977644386e-05 1.85682420124067e-05 1.85210883500986e-05 1.85003464139299e-05 1.84796044777613e-05 1.84588607226033e-05 1.84381187864346e-05 1.8417376850266e-05 1.83966349140974e-05 1.83758929779287e-05 1.83193133125314e-05 1.82507865247317e-05 1.81822615559213e-05 1.81137347681215e-05 1.80452097993111e-05 1.79766830115113e-05 1.7908158042701e-05 1.78702703124145e-05 1.79242961166892e-05 1.79783219209639e-05 1.80323477252387e-05 1.80863735295134e-05 1.81403993337881e-05 1.81944251380628e-05 1.82484509423375e-05 1.83753727469593e-05 1.85265944310231e-05 1.86778142960975e-05 1.88290341611719e-05 1.89802558452357e-05 1.913147571031e-05 1.92826973943738e-05 1.93980340554845e-05 1.94057192857144e-05 1.9413402696955e-05 1.9421087927185e-05 1.9428773157415e-05 1.9436458387645e-05 1.94441417988855e-05
1.87650530278916e-05 1.86887045856565e-05 1.86123561434215e-05 1.85360095201759e-05 1.8477678167983e-05 1.84733999049058e-05 1.84691234608181e-05 1.84648451977409e-05 1.84605687536532e-05 1.84562904905761e-05 1.84520140464883e-05 1.84477357834112e-05 1.83887477760436e-05 1.83115243999055e-05 1.82342992047779e-05 1.81570740096504e-05 1.80798506335123e-05 1.80026254383847e-05 1.79254002432572e-05 1.78824102476938e-05 1.7942122212844e-05 1.80018341779942e-05 1.80615479621338e-05 1.8121259927284e-05 1.81809718924342e-05 1.82406838575844e-05 1.83003958227346e-05 1.84355139936088e-05 1.85957687790506e-05 1.8756021745503e-05 1.89162765309447e-05 1.90765294973971e-05 1.92367842828389e-05 1.93970372492913e-05 1.95174670807319e-05 1.95184184121899e-05 1.95193679246586e-05 1.95203192561166e-05 1.95212705875747e-05 1.95222219190327e-05 1.95231732504908e-05
1.87323457794264e-05 1.86484630830819e-05 1.85645803867374e-05 1.84806976903928e-05 1.84202890523011e-05 1.84303098649252e-05 1.844032885856e-05 1.84503478521947e-05 1.84603686648188e-05 1.84703876584535e-05 1.84804066520883e-05 1.84904274647124e-05 1.8436745449435e-05 1.83618303708499e-05 1.82869152922649e-05 1.82120020326693e-05 1.81370869540842e-05 1.80621718754992e-05 1.79872567969142e-05 1.79458747879835e-05 1.80050938070053e-05 1.80643128260272e-05 1.8123531845049e-05 1.81827490450814e-05 1.82419680641033e-05 1.83011870831251e-05 1.8360406102147e-05 1.84941527550109e-05 1.8652741346159e-05 1.88113317562966e-05 1.89699203474447e-05 1.91285107575823e-05 1.92870993487304e-05 1.9445689758868e-05 1.95651718968293e-05 1.95673383132089e-05 1.95695029105991e-05 1.95716675079893e-05 1.95738321053796e-05 1.95759985217592e-05 1.95781631191494e-05
1.86379875231069e-05 1.85594271897571e-05 1.84808668564074e-05 1.84023065230576e-05 1.83489228220424e-05 1.83710708370199e-05 1.83932206709869e-05 1.84153686859645e-05 1.84375185199315e-05 1.8459666534909e-05 1.84818145498866e-05 1.85039643838536e-05 1.84633045137161e-05 1.84017080755439e-05 1.83401116373716e-05 1.82785151991993e-05 1.8216918761027e-05 1.81553223228548e-05 1.80937258846825e-05 1.80606639332836e-05 1.81132090801839e-05 1.81657542270841e-05 1.82182993739843e-05 1.82708445208846e-05 1.83233896677848e-05 1.8375934814685e-05 1.84284799615853e-05 1.85512872121762e-05 1.86975139513379e-05 1.88437406904995e-05 1.89899692486506e-05 1.91361959878122e-05 1.92824227269739e-05 1.94286494661355e-05 1.95411521417554e-05 1.95524789887713e-05 1.95638058357872e-05 1.95751308638137e-05 1.95864577108296e-05 1.95977845578454e-05 1.96091114048613e-05
1.85436310857767e-05 1.84703931154218e-05 1.83971533260774e-05 1.83239153557224e-05 1.82775547727942e-05 1.83118336281041e-05 1.83461106644245e-05 1.83803895197343e-05 1.84146683750441e-05 1.84489454113645e-05 1.84832242666744e-05 1.85175013029948e-05 1.84898617590079e-05 1.84415839612484e-05 1.83933061634889e-05 1.83450283657294e-05 1.82967487489805e-05 1.8248470951221e-05 1.82001931534614e-05 1.81754530785838e-05 1.82213243533624e-05 1.82671956281411e-05 1.83130687219091e-05 1.83589399966877e-05 1.84048112714663e-05 1.84506825462449e-05 1.8496555640013e-05 1.86084216693416e-05 1.87422865565168e-05 1.88761514436919e-05 1.90100163308671e-05 1.91438812180422e-05 1.92777461052174e-05 1.94116109923925e-05 1.95171323866816e-05 1.95376196643338e-05 1.95581069419859e-05 1.95785960386274e-05 1.95990833162796e-05 1.96195705939317e-05 1.96400596905733e-05
1.84492746484466e-05 1.8381357222097e-05 1.83134416147368e-05 1.82455241883872e-05 1.82061885425355e-05 1.82525964191882e-05 1.82990024768515e-05 1.83454103535041e-05 1.83918182301568e-05 1.843822428782e-05 1.84846321644727e-05 1.85310400411254e-05 1.85164208232891e-05 1.84814616659423e-05 1.84465006896062e-05 1.84115415322594e-05 1.83765805559233e-05 1.83416213985765e-05 1.83066604222404e-05 1.82902404048946e-05 1.8329439626541e-05 1.8368637029198e-05 1.84078362508444e-05 1.84470354724908e-05 1.84862328751478e-05 1.85254320967942e-05 1.85646294994513e-05 1.8665556126507e-05 1.87870591616957e-05 1.89085621968843e-05 1.90300634130836e-05 1.91515664482722e-05 1.92730694834609e-05 1.93945725186495e-05 1.94931108126184e-05 1.95227603398962e-05 1.9552409867174e-05 1.95820593944518e-05 1.96117089217296e-05 1.96413584490074e-05 1.96710061572958e-05
1.83549163921271e-05 1.82923231477616e-05 1.82297280844068e-05 1.8167133021052e-05 1.81348204932874e-05 1.81933573912829e-05 1.82518942892784e-05 1.83104311872739e-05 1.83689680852694e-05 1.84275031642755e-05 1.84860400622711e-05 1.85445769602666e-05 1.85429798875703e-05 1.85213375516469e-05 1.84996970347129e-05 1.84780546987895e-05 1.84564123628661e-05 1.84347718459321e-05 1.84131295100087e-05 1.84050295501947e-05 1.84375548997195e-05 1.84700802492443e-05 1.85026037797797e-05 1.85351291293046e-05 1.85676544788294e-05 1.86001798283542e-05 1.8632705177879e-05 1.87226905836724e-05 1.88318317668745e-05 1.89409711310873e-05 1.90501123142894e-05 1.91592516785022e-05 1.92683928617043e-05 1.93775322259171e-05 1.94690910575446e-05 1.95079010154586e-05 1.95467127923621e-05 1.95855227502761e-05 1.96243327081902e-05 1.96631444850937e-05 1.97019544430077e-05
1.82605599547969e-05 1.82032872544369e-05 1.81460145540768e-05 1.80887418537168e-05 1.80634542630287e-05 1.8134120182367e-05 1.82047861017054e-05 1.82754520210437e-05 1.83461161213927e-05 1.8416782040731e-05 1.84874479600694e-05 1.85581138794078e-05 1.8569537132862e-05 1.85612152563408e-05 1.85528915608302e-05 1.85445678653196e-05 1.85362441698089e-05 1.85279204742983e-05 1.85195967787877e-05 1.85198186954949e-05 1.85456701728981e-05 1.85715216503013e-05 1.85973731277045e-05 1.86232246051077e-05 1.86490760825109e-05 1.86749275599141e-05 1.87007790373173e-05 1.87798268598272e-05 1.88766043720534e-05 1.89733818842797e-05 1.90701593965059e-05 1.91669387277216e-05 1.92637162399478e-05 1.93604937521741e-05 1.94450694834813e-05 1.94930416910211e-05 1.95410138985608e-05 1.95889861061005e-05 1.96369583136402e-05 1.96849305211799e-05 1.97329027287196e-05
1.81806881300872e-05 1.81345149030676e-05 1.80883434950374e-05 1.80421720870072e-05 1.80264923983486e-05 1.81022896867944e-05 1.81780887942296e-05 1.82538860826753e-05 1.83296851901105e-05 1.84054824785562e-05 1.84812815859914e-05 1.85570788744371e-05 1.85815115401056e-05 1.85888220585184e-05 1.85961325769313e-05 1.86034430953441e-05 1.8610753613757e-05 1.86180641321698e-05 1.86253746505827e-05 1.86367178685032e-05 1.86601628229255e-05 1.86836059583584e-05 1.87070509127807e-05 1.87304940482136e-05 1.87539390026359e-05 1.87773821380688e-05 1.88008270924911e-05 1.88765097846044e-05 1.89696056622779e-05 1.90627015399514e-05 1.91557974176249e-05 1.92488932952983e-05 1.93419891729718e-05 1.94350850506453e-05 1.95188258658163e-05 1.95744960365118e-05 1.96301662072074e-05 1.96858345589135e-05 1.9741504729609e-05 1.97971749003045e-05 1.9852845071e-05
1.81152990990086e-05 1.80860060936539e-05 1.80567130882991e-05 1.80274200829444e-05 1.80239348992473e-05 1.80978677235544e-05 1.81718023668509e-05 1.8245735191158e-05 1.83196698344545e-05 1.83936044777511e-05 1.84675373020582e-05 1.85414719453547e-05 1.85788994713221e-05 1.86041597771691e-05 1.86294200830162e-05 1.86546803888632e-05 1.86799388757208e-05 1.87051991815679e-05 1.87304594874149e-05 1.87557307071984e-05 1.87810328498017e-05 1.8806334992405e-05 1.88316371350084e-05 1.88569392776117e-05 1.8882241420215e-05 1.89075435628183e-05 1.89328457054216e-05 1.90127411769936e-05 1.9110835637548e-05 1.92089300981024e-05 1.93070245586568e-05 1.94051190192113e-05 1.95032134797657e-05 1.96013079403201e-05 1.96903565665707e-05 1.97522604139522e-05 1.98141642613336e-05 1.98760681087151e-05 1.9937973775086e-05 1.99998776224675e-05 2.00617814698489e-05
1.80499118869193e-05 1.80374972842401e-05 1.80250845005503e-05 1.80126698978711e-05 1.80213774001459e-05 1.80934457603144e-05 1.81655159394722e-05 1.82375861186301e-05 1.83096544787986e-05 1.83817246579565e-05 1.84537948371144e-05 1.85258650162723e-05 1.8576289221528e-05 1.86194974958198e-05 1.8662707589101e-05 1.87059158633929e-05 1.87491259566741e-05 1.87923360499553e-05 1.88355443242472e-05 1.88747417269042e-05 1.89019010576885e-05 1.89290622074623e-05 1.89562215382466e-05 1.89833826880204e-05 1.90105420188047e-05 1.90377031685784e-05 1.90648624993628e-05 1.91489725693827e-05 1.92520656128181e-05 1.93551586562535e-05 1.94582516996888e-05 1.95613447431242e-05 1.96644377865596e-05 1.97675308299949e-05 1.98618854483357e-05 1.99300247913925e-05 1.99981641344493e-05 2.00663034775062e-05 2.01344410015736e-05 2.02025803446304e-05 2.02707196876872e-05
1.79845228558406e-05 1.79889884748263e-05 1.7993454093812e-05 1.79979197127977e-05 1.80188199010445e-05 1.80890237970743e-05 1.81592295120936e-05 1.82294352271128e-05 1.82996409421321e-05 1.83698466571514e-05 1.84400505531812e-05 1.85102562682005e-05 1.85736771527445e-05 1.86348352144705e-05 1.86959950951859e-05 1.8757153156912e-05 1.8818311218638e-05 1.88794710993534e-05 1.89406291610794e-05 1.899375274661e-05 1.90227710845647e-05 1.90517894225195e-05 1.90808077604743e-05 1.9109826098429e-05 1.91388444363838e-05 1.91678627743386e-05 1.91968811122933e-05 1.92852057807613e-05 1.93932974070776e-05 1.95013890333939e-05 1.96094806597102e-05 1.97175722860266e-05 1.98256639123429e-05 1.99337555386592e-05 2.003341614909e-05 2.01077891688328e-05 2.01821621885756e-05 2.02565370273078e-05 2.03309100470506e-05 2.04052830667933e-05 2.04796560865361e-05
1.79191356437514e-05 1.79404796654126e-05 1.79618236870738e-05 1.7983167708735e-05 1.80162605829537e-05 1.80846018338343e-05 1.81529430847149e-05 1.82212843355956e-05 1.82896255864762e-05 1.83579668373568e-05 1.84263080882374e-05 1.8494649339118e-05 1.8571065083961e-05 1.86501747521106e-05 1.87292826012708e-05 1.8808390450431e-05 1.88874982995912e-05 1.89666061487515e-05 1.90457139979117e-05 1.91127655853052e-05 1.9143641111441e-05 1.91745184565661e-05 1.92053939827019e-05 1.92362713278271e-05 1.92671468539629e-05 1.92980241990881e-05 1.93288997252239e-05 1.94214371731505e-05 1.95345273823477e-05 1.9647617591545e-05 1.97607078007422e-05 1.98737980099395e-05 1.99868882191367e-05 2.0099978428334e-05 2.02049468498444e-05 2.02855553652626e-05 2.03661620616913e-05 2.04467705771094e-05 2.05273772735381e-05 2.06079857889563e-05 2.0688592485385e-05
1.78537466126727e-05 1.78919708559988e-05 1.79301932803355e-05 1.79684175236616e-05 1.80137030838523e-05 1.80801798705943e-05 1.81466584763257e-05 1.82131352630677e-05 1.82796120498097e-05 1.83460888365516e-05 1.84125656232936e-05 1.84790424100356e-05 1.85684548341669e-05 1.86655124707613e-05 1.87625701073557e-05 1.88596277439501e-05 1.89566853805445e-05 1.90537430171389e-05 1.91508006537333e-05 1.9231776605011e-05 1.92645111383172e-05 1.92972456716234e-05 1.93299802049296e-05 1.93627147382358e-05 1.9395449271542e-05 1.94281838048482e-05 1.94609183381544e-05 1.95576685655396e-05 1.96757573576178e-05 1.9793846149696e-05 1.99119349417742e-05 2.00300237338524e-05 2.01481125259306e-05 2.02662013180088e-05 2.03764775505988e-05 2.04633197427029e-05 2.0550161934807e-05 2.06370041269111e-05 2.07238463190151e-05 2.08106866921298e-05 2.08975288842339e-05
