data/working_set_collections/6091692-Cassins_Sparrow-M2/1995/qv2m_avg.asc
NCOLS 265 
NROWS 230 
XLLCORNER -115.5625 
YLLCORNER 24.8333333333333 
CELLSIZE 0.0833333333333333 
NODATA_value -9999 
[rows 0 to 18 of 230, columns 42 to 83 of 265]
0.00450172182172537 0.00453209970146418 0.00455440394580364 0.00455248821526766 0.00455057248473167 0.00454865675419569 0.00454674102365971 0.00454482482746243 0.00454290909692645 0.00454099336639047 0.00450079794973135 0.00444784248247743 0.00439488748088479 0.00434193201363087 0.00428897654637694 0.00423602154478431 0.00418306607753038 0.00413459166884422 0.00409956043586135 0.00406452920287848 0.0040294979698956 0.00399446673691273 0.00395943550392985 0.00392440427094698 0.00388937303796411 0.00386988464742899 0.00385557697154582 0.00384126929566264 0.00382696161977947 0.00381265394389629 0.00379834626801312 0.00378403859212995 0.00378405721858144 0.00382705545052886 0.00387005344964564 0.00391305144876242 0.00395604921504855 0.00399904744699597 0.0040420456789434 0.00408504344522953 0.00413306802511215 0.00418276805430651
0.00450390297919512 0.0045318054035306 0.00455219903960824 0.00455006584525108 0.00454793265089393 0.00454579945653677 0.00454366626217961 0.00454153353348374 0.00453940033912659 0.00453726714476943 0.00449692085385323 0.00444383732974529 0.00439075380563736 0.00433766981586814 0.00428458629176021 0.00423150230199099 0.00417841877788305 0.00413018325343728 0.00409649172797799 0.00406279973685741 0.00402910821139812 0.00399541668593884 0.00396172516047955 0.00392803363502026 0.00389434210956097 0.00387647305615246 0.00386387831531465 0.00385128357447684 0.00383868883363903 0.00382609409280121 0.0038134993519634 0.00380090461112559 0.003801588434726 0.0038421074859798 0.00388262677006423 0.00392314558848739 0.00396366510540247 0.00400418415665627 0.00404470320791006 0.00408522225916386 0.00413062842562795 0.00417766394093633
0.00450608413666487 0.00453151110559702 0.00454999366775155 0.00454764347523451 0.00454529281705618 0.00454294262453914 0.00454059196636081 0.00453824177384377 0.00453589111566544 0.00453354092314839 0.00449304422363639 0.00443983217701316 0.00438662013038993 0.00433340761810541 0.00428019557148218 0.00422698352485895 0.00417377147823572 0.00412577437236905 0.00409342255443335 0.00406107073649764 0.00402871845290065 0.00399636663496494 0.00396401481702924 0.00393166299909353 0.00389931094832718 0.00388306146487594 0.00387217965908349 0.00386129808612168 0.00385041628032923 0.00383953447453678 0.00382865266874433 0.00381777086295187 0.00381911941803992 0.00385715975426137 0.00389519985765219 0.00393324019387364 0.0039712805300951 0.00400932086631656 0.00404736073687673 0.00408540107309818 0.00412818882614374 0.00417255936190486
0.00450826482847333 0.00453121680766344 0.00454778876155615 0.00454522110521793 0.00454265344887972 0.00454008532688022 0.004537517670542 0.00453495001420379 0.00453238235786557 0.00452981470152736 0.00448916712775826 0.00443582655861974 0.00438248598948121 0.00432914588600397 0.00427580531686544 0.00422246474772692 0.00416912417858839 0.00412136549130082 0.0040903533808887 0.00405934127047658 0.00402832869440317 0.00399731658399105 0.00396630447357893 0.00393529189750552 0.0039042797870934 0.00388965010643005 0.00388048123568296 0.00387131236493587 0.00386214349418879 0.0038529746234417 0.00384380575269461 0.00383463688194752 0.00383665063418448 0.00387221202254295 0.00390777317807078 0.0039433347992599 0.00397889595478773 0.00401445711031556 0.00405001873150468 0.00408557988703251 0.00412574969232082 0.00416745478287339
0.00451044598594308 0.00453092250972986 0.00454558385536075 0.00454279873520136 0.00454001361504197 0.00453722849488258 0.0045344433747232 0.00453165825456381 0.00452887313440442 0.00452608801424503 0.00448529049754143 0.0044318214058876 0.00437835231423378 0.00432488368824124 0.00427141459658742 0.00421794597059488 0.00416447687894106 0.00411695707589388 0.00408728420734406 0.00405761180445552 0.0040279389359057 0.00399826653301716 0.00396859413012862 0.0039389212615788 0.00390924885869026 0.00389623851515353 0.0038887825794518 0.00388132664375007 0.00387387070804834 0.00386641477234662 0.00385895883664489 0.00385150290094316 0.0038541816174984 0.00388726405799389 0.00392034649848938 0.00395342893898487 0.00398651137948036 0.00401959381997585 0.00405267626047134 0.00408575870096684 0.00412331009283662 0.00416235066950321
0.00451262714341283 0.00453062821179628 0.00454337848350406 0.00454037636518478 0.00453737378120422 0.00453437166288495 0.00453136907890439 0.00452836649492383 0.00452536437660456 0.004522361792624 0.0044814134016633 0.00442781625315547 0.00437421863898635 0.00432062149047852 0.00426702434197068 0.00421342672780156 0.00415982957929373 0.00411254819482565 0.0040842154994607 0.00405588233843446 0.00402754964306951 0.00399921648204327 0.00397088332101703 0.00394255062565207 0.00391421746462584 0.00390282715670764 0.00389708415605128 0.00389134115539491 0.00388559815473855 0.00387985515408218 0.00387411215342581 0.00386836915276945 0.00387171283364296 0.00390231632627547 0.00393291981890798 0.00396352354437113 0.00399412680417299 0.00402473052963614 0.0040553342550993 0.00408593751490116 0.00412087049335241 0.00415724609047174
0.00451791426166892 0.00453398562967777 0.00454502366483212 0.00454096309840679 0.00453690253198147 0.00453284196555614 0.00452878093346953 0.00452472036704421 0.00452065980061889 0.00451659923419356 0.00447624456137419 0.00442379154264927 0.00437133898958564 0.00431888597086072 0.00426643341779709 0.00421398039907217 0.00416152784600854 0.00411518244072795 0.00408715941011906 0.00405913591384888 0.00403111288323998 0.00400308985263109 0.00397506635636091 0.00394704332575202 0.00391902029514313 0.0039074020460248 0.00390125182457268 0.00389510206878185 0.00388895208016038 0.00388280209153891 0.00387665210291743 0.0038705023471266 0.00387338665314019 0.00390337430872023 0.00393336173146963 0.00396334938704967 0.00399333704262972 0.00402332469820976 0.00405331235378981 0.00408329954370856 0.00411664508283138 0.0041511096060276
0.00452630687505007 0.00454099383205175 0.00455051893368363 0.00454455893486738 0.00453859940171242 0.00453263940289617 0.00452667940407991 0.00452071940526366 0.00451475940644741 0.00450879940763116 0.0044697830453515 0.00441974774003029 0.00436971290037036 0.00431967759504914 0.00426964228972793 0.00421960698440671 0.00416957167908549 0.00412485934793949 0.00409611593931913 0.00406737299636006 0.00403862958773971 0.00400988617911935 0.00398114277049899 0.00395239936187863 0.00392365595325828 0.0039099627174437 0.0039012860506773 0.00389260938391089 0.00388393271714449 0.00387525605037808 0.00386657915078104 0.00385790248401463 0.00385920354165137 0.00389043800532818 0.00392167270183563 0.0039529069326818 0.00398414162918925 0.00401537586003542 0.00404661055654287 0.00407784525305033 0.00411063386127353 0.00414394121617079
0.0045346999540925 0.00454800250008702 0.00455601420253515 0.00454815523698926 0.00454029580578208 0.00453243684023619 0.00452457787469029 0.00451671844348311 0.00450885947793722 0.00450100004673004 0.00446332199499011 0.0044157044030726 0.00436808681115508 0.00432046875357628 0.00427285116165876 0.00422523356974125 0.00417761551216245 0.00413453672081232 0.0041050729341805 0.00407560961320996 0.00404614629223943 0.0040166825056076 0.00398721918463707 0.00395775586366653 0.00392829207703471 0.0039125238545239 0.00390132027678192 0.00389011669903994 0.0038789133541286 0.00386770977638662 0.00385650619864464 0.0038453028537333 0.00384502043016255 0.00387750193476677 0.00390998320654035 0.00394246494397521 0.00397494621574879 0.00400742748752236 0.00403990922495723 0.0040723904967308 0.00410462310537696 0.00413677282631397
0.00454309303313494 0.004555010702461 0.00456150947138667 0.00455175107344985 0.00454199267551303 0.00453223427757621 0.00452247587963939 0.00451271748170257 0.00450295908376575 0.00449320068582892 0.00445686094462872 0.00441166060045362 0.0043664607219398 0.0043212603777647 0.0042760600335896 0.0042308596894145 0.0041856593452394 0.00414421362802386 0.00411402992904186 0.00408384623005986 0.00405366253107786 0.00402347929775715 0.00399329559877515 0.00396311189979315 0.00393292820081115 0.0039150845259428 0.00390135450288653 0.00388762424699962 0.00387389375828207 0.00386016350239515 0.00384643324650824 0.00383270299062133 0.00383083731867373 0.00386456563137472 0.0038982939440757 0.00393202248960733 0.00396575080230832 0.00399947911500931 0.0040332074277103 0.00406693574041128 0.0040986118838191 0.00412960443645716
0.00455148611217737 0.00456201937049627 0.00456700474023819 0.00455534737557173 0.00454368954524398 0.00453203171491623 0.00452037435024977 0.00450871651992202 0.00449705915525556 0.00448540132492781 0.00445039989426732 0.00440761726349592 0.00436483416706324 0.00432205153629184 0.00427926890552044 0.00423648627474904 0.00419370364397764 0.0041538905352354 0.00412298692390323 0.00409208284690976 0.00406117923557758 0.0040302756242454 0.00399937201291323 0.00396846840158105 0.00393756432458758 0.003917645663023 0.00390138872899115 0.00388513156212866 0.00386887439526618 0.00385261746123433 0.00383636029437184 0.00382010312750936 0.00381665420718491 0.00385162956081331 0.00388660468161106 0.00392158003523946 0.00395655538886786 0.00399153074249625 0.00402650563046336 0.00406148098409176 0.00409260112792253 0.00412243558093905
0.00455987919121981 0.00456902803853154 0.00457250000908971 0.00455894321203232 0.00454538641497493 0.00453182961791754 0.00451827235519886 0.00450471555814147 0.00449115876108408 0.00447760196402669 0.00444393884390593 0.00440357346087694 0.00436320807784796 0.00432284316048026 0.00428247777745128 0.00424211239442229 0.0042017474770546 0.00416356744244695 0.0041319434531033 0.00410031992942095 0.0040686959400773 0.00403707195073366 0.00400544842705131 0.00397382443770766 0.00394220044836402 0.00392020680010319 0.00390142272226512 0.0038826388772577 0.00386385503225029 0.00384507118724287 0.00382628734223545 0.00380750349722803 0.00380247109569609 0.00383869325742126 0.00387491541914642 0.00391113758087158 0.00394735997542739 0.00398358190432191 0.00401980429887772 0.00405602669343352 0.00408658990636468 0.00411526719108224
0.00456699263304472 0.00457538058981299 0.00457780947908759 0.00456236023455858 0.00454691099002957 0.00453146174550056 0.00451601250097156 0.00450056325644255 0.00448511401191354 0.00446966476738453 0.00443654181435704 0.00439752824604511 0.0043585142120719 0.00431950017809868 0.00428048614412546 0.00424147211015224 0.00420245854184031 0.00416579749435186 0.00413619540631771 0.00410659378394485 0.00407699169591069 0.00404738960787654 0.00401778798550367 0.00398818589746952 0.00395858380943537 0.00393584277480841 0.00391538813710213 0.00389493396505713 0.0038744795601815 0.00385402515530586 0.00383357075043023 0.00381311634555459 0.00380623806267977 0.00384008837863803 0.00387393869459629 0.00390778901055455 0.00394163932651281 0.00397548964247108 0.00400933995842934 0.00404319074004889 0.00407242076471448 0.00410011084750295
0.00457282736897469 0.0045810779556632 0.00458293221890926 0.00456559751182795 0.00454826280474663 0.0045309285633266 0.00451359385624528 0.00449625914916396 0.00447892444208264 0.00446159020066261 0.00442820973694324 0.00438948068767786 0.00435075210407376 0.00431202305480838 0.00427329400554299 0.0042345654219389 0.00419583637267351 0.00416058022528887 0.00413574231788516 0.00411090441048145 0.00408606650307775 0.00406122859567404 0.00403639068827033 0.00401155278086662 0.00398671487346292 0.00396455405279994 0.00394328543916345 0.00392201635986567 0.00390074797905982 0.00387947913259268 0.00385821051895618 0.00383694190531969 0.00382795534096658 0.00385581492446363 0.00388367474079132 0.00391153432428837 0.0039393943734467 0.00396725395694375 0.0039951135404408 0.00402297312393785 0.00405009323731065 0.00407696655020118
0.00457866163924336 0.00458677485585213 0.00458805495873094 0.0045688352547586 0.00454961508512497 0.00453039538115263 0.004511175211519 0.00449195504188538 0.00447273533791304 0.00445351516827941 0.00441987765952945 0.0043814335949719 0.00434298999607563 0.00430454593151808 0.00426610233262181 0.00422765826806426 0.004189214669168 0.00415536342188716 0.00413528922945261 0.00411521550267935 0.0040951413102448 0.00407506758347154 0.00405499339103699 0.00403491966426373 0.00401484593749046 0.00399326486513019 0.00397118227556348 0.00394909922033548 0.00392701616510749 0.00390493334271014 0.00388285028748214 0.00386076746508479 0.00384967238642275 0.00387154147028923 0.00389341055415571 0.00391527963802218 0.0039371489547193 0.00395901780575514 0.00398088712245226 0.00400275597348809 0.00402776570990682 0.0040538227185607
0.00458449590951204 0.00459247222170234 0.00459317769855261 0.00457207253202796 0.00455096736550331 0.00452986173331738 0.00450875656679273 0.00448765140026808 0.00446654576808214 0.00444544060155749 0.00441154511645436 0.00437338650226593 0.0043352278880775 0.00429706880822778 0.00425891019403934 0.00422075157985091 0.00418259250000119 0.00415014615282416 0.00413483614102006 0.00411952612921596 0.00410421611741185 0.00408890657126904 0.00407359655946493 0.00405828654766083 0.00404297653585672 0.00402197614312172 0.00399907911196351 0.00397618161514401 0.00395328458398581 0.0039303875528276 0.0039074900560081 0.00388459302484989 0.00387138966470957 0.00388726801611483 0.00390314660035074 0.003919024951756 0.00393490353599191 0.00395078212022781 0.00396666023880243 0.00398253882303834 0.00400543818250299 0.00403067842125893
0.00459033017978072 0.00459816912189126 0.00459830090403557 0.00457531027495861 0.00455231918022037 0.00452932855114341 0.00450633792206645 0.00448334729298949 0.00446035666391253 0.00443736603483558 0.00440321303904057 0.00436533940955997 0.00432746578007936 0.00428959168493748 0.00425171805545688 0.00421384442597628 0.00417597079649568 0.00414492888376117 0.00413438305258751 0.00412383722141385 0.0041132909245789 0.00410274509340525 0.00409219926223159 0.00408165343105793 0.00407110759988427 0.00405068742111325 0.00402697594836354 0.00400326447561383 0.00397955300286412 0.00395584153011441 0.0039321300573647 0.00390841858461499 0.00389310671016574 0.00390299456194043 0.00391288241371512 0.00392277026548982 0.00393265811726451 0.0039425459690392 0.00395243382081389 0.00396232167258859 0.00398311112076044 0.00400753412395716
0.0045961644500494 0.00460386648774147 0.00460342364385724 0.00457854755222797 0.00455367146059871 0.00452879536896944 0.00450391927734017 0.00447904318571091 0.00445416709408164 0.00442929100245237 0.00439488049596548 0.00435729185119271 0.00431970320641994 0.00428211456164718 0.00424452591687441 0.00420693727210164 0.00416934862732887 0.00413971208035946 0.00413392996415496 0.00412814784795046 0.00412236619740725 0.00411658408120275 0.00411080196499825 0.00410502031445503 0.00409923819825053 0.0040793982334435 0.00405487278476357 0.00403034687042236 0.00400582142174244 0.00398129550740123 0.00395676959306002 0.00393224414438009 0.0039148242212832 0.00391872134059668 0.00392261845991015 0.00392651557922363 0.00393041269853711 0.00393430981785059 0.00393820740282536 0.00394210452213883 0.00396078359335661 0.00398438982665539
0.00460428278893232 0.00461317272856832 0.00461350567638874 0.00458816904574633 0.00456283241510391 0.0045374957844615 0.00451215915381908 0.00448682298883796 0.00446148635819554 0.00443614972755313 0.00440160976722836 0.00436400156468153 0.00432639382779598 0.00428878609091043 0.00425117835402489 0.00421357061713934 0.00417596288025379 0.00414685858413577 0.00414326507598162 0.00413967110216618 0.00413607759401202 0.00413248362019658 0.00412889011204243 0.00412529613822699 0.00412170263007283 0.00410242564976215 0.00407792162150145 0.00405341712757945 0.00402891309931874 0.00400440860539675 0.00397990411147475 0.00395540008321404 0.00393699621781707 0.00393689284101129 0.0039367894642055 0.00393668608739972 0.00393658271059394 0.00393647933378816 0.00393637595698237 0.00393627258017659 0.00395242217928171 0.00397398928180337
