data/working_set_collections/6091692-Cassins_Sparrow-M2/1995/qv2m_avg.asc
NCOLS 265 
NROWS 230 
XLLCORNER -115.5625 
YLLCORNER 24.8333333333333 
CELLSIZE 0.0833333333333333 
NODATA_value -9999 
[rows 209 to 227 of 230, columns 168 to 209 of 265]
0.00762049853801727 0.00769477523863316 0.00776905193924904 0.00784332863986492 0.0079621896147728 0.00809591170400381 0.0082296347245574 0.00836335681378841 0.00849707890301943 0.00863080099225044 0.00876452401280403 0.00889999885112047 0.00904073379933834 0.00918146781623363 0.00932220183312893 0.00946293585002422 0.00960367079824209 0.00974440481513739 0.00988513883203268 0.0100436666980386 0.0102081242948771 0.0103725818917155 0.0105370404198766 0.010701498016715 0.0108659556135535 0.0110304141417146 0.0111756483092904 0.0112632112577558 0.0113507742062211 0.0114383371546865 0.0115259010344744 0.0116134639829397 0.0117010269314051 0.0117885898798704 0.011876218020916 0.0119638666510582 0.012051516212523 0.0121391648426652 0.01222681440413 0.0123144630342722 0.0124021116644144 0.0125155625864863
0.00756314769387245 0.00763570331037045 0.00770825939252973 0.00778081547468901 0.00789950415492058 0.0080335708335042 0.00816763751208782 0.00830170419067144 0.00843577180057764 0.00856983847916126 0.00870390515774488 0.0088403970003128 0.00898416340351105 0.00912793073803186 0.00927169714123011 0.00941546447575092 0.00955923087894917 0.00970299821346998 0.00984676461666822 0.0100083192810416 0.010175802744925 0.0103432862088084 0.0105107696726918 0.0106782531365752 0.0108457366004586 0.011013220064342 0.0111620174720883 0.0112547604367137 0.0113475034013391 0.0114402463659644 0.0115329883992672 0.0116257313638926 0.0117184743285179 0.0118112163618207 0.0118998046964407 0.0119870072230697 0.0120742097496986 0.012161411345005 0.012248613871634 0.012335816398263 0.0124230189248919 0.0125347664579749
0.00751374335959554 0.00758330430835485 0.00765286479145288 0.0077224257402122 0.00783912651240826 0.00797154009342194 0.00810395367443562 0.0082363672554493 0.00836878176778555 0.00850119534879923 0.00863360892981291 0.00877002347260714 0.00891843810677528 0.00906685367226601 0.00921526923775673 0.00936368387192488 0.0095120994374156 0.00966051407158375 0.00980892963707447 0.00997279677540064 0.010141815058887 0.0103108333423734 0.0104798516258597 0.0106488699093461 0.0108178881928325 0.0109869064763188 0.0111385388299823 0.0112380152568221 0.0113374916836619 0.0114369681105018 0.0115364445373416 0.011635921895504 0.0117353983223438 0.0118348747491837 0.0119254002347589 0.012012941762805 0.0121004842221737 0.0121880257502198 0.0122755682095885 0.0123631097376347 0.0124506521970034 0.0125606311485171
0.00746433949097991 0.00753090484067798 0.00759747065603733 0.0076640360057354 0.00777874793857336 0.00790950935333967 0.00804026983678341 0.00817103032022715 0.00830179173499346 0.0084325522184372 0.00856331363320351 0.00869964994490147 0.0088527137413621 0.00900577660650015 0.00915884040296078 0.00931190419942141 0.00946496799588203 0.00961803086102009 0.00977109465748072 0.00993727520108223 0.0101078283041716 0.0102783814072609 0.0104489335790277 0.010619486682117 0.0107900397852063 0.0109605928882957 0.0111150601878762 0.0112212700769305 0.0113274808973074 0.0114336907863617 0.0115399016067386 0.0116461114957929 0.0117523213848472 0.011858532205224 0.011950995773077 0.0120388772338629 0.0121267586946487 0.0122146401554346 0.0123025216162205 0.0123904030770063 0.0124782845377922 0.0125864958390594
0.00741493562236428 0.00747850583866239 0.00754207605496049 0.00760564673691988 0.00771837029606104 0.00784747768193483 0.0079765859991312 0.008105693385005 0.00823480170220137 0.00836391001939774 0.00849301740527153 0.0086292764171958 0.00878698844462633 0.00894470047205687 0.0091024124994874 0.00926012359559536 0.00941783562302589 0.00957554765045643 0.00973325967788696 0.00990175362676382 0.0100738406181335 0.0102459285408258 0.0104180164635181 0.0105901034548879 0.0107621913775802 0.0109342793002725 0.0110915806144476 0.0112045248970389 0.0113174691796303 0.0114304134622216 0.011543357744813 0.0116563010960817 0.0117692453786731 0.0118821896612644 0.0119765913113952 0.0120648127049208 0.0121530340984464 0.0122412545606494 0.012329475954175 0.012417696416378 0.0125059178099036 0.0126123614609241
0.00736553128808737 0.00742610637098551 0.00748668191954494 0.00754725700244308 0.00765799218788743 0.00778544694185257 0.007912902161479 0.00804035644978285 0.00816781166940928 0.0082952668890357 0.00842272210866213 0.00855890288949013 0.00872126314789057 0.00888362340629101 0.00904598366469145 0.00920834392309189 0.00937070418149233 0.00953306443989277 0.00969542469829321 0.00986623112112284 0.0100398538634181 0.0102134756743908 0.0103870984166861 0.0105607211589813 0.010734342969954 0.0109079657122493 0.0110681019723415 0.0111877797171474 0.0113074574619532 0.0114271361380816 0.0115468138828874 0.0116664916276932 0.011786169372499 0.0119058471173048 0.0120021877810359 0.0120907481759787 0.0121793085709214 0.0122678689658642 0.0123564293608069 0.0124449897557497 0.012533551082015 0.0126382261514664
0.00731612741947174 0.00737370736896992 0.00743128731846809 0.00748886726796627 0.00759761407971382 0.00772341573610902 0.00784921832382679 0.0079750195145607 0.00810082163661718 0.00822662375867367 0.00835242588073015 0.00848852936178446 0.0086555378511548 0.00882254634052515 0.0089895548298955 0.00915656425058842 0.00932357273995876 0.00949058122932911 0.00965758971869946 0.00983070954680443 0.0100058661773801 0.0101810237392783 0.010356180369854 0.0105313379317522 0.0107064945623279 0.0108816521242261 0.0110446223989129 0.0111710345372558 0.0112974466755986 0.0114238578826189 0.0115502700209618 0.011676681227982 0.0118030933663249 0.0119295055046678 0.0120277833193541 0.0121166836470366 0.0122055830433965 0.012294483371079 0.0123833836987615 0.0124722830951214 0.0125611834228039 0.0126640917733312
0.00725144660100341 0.00730451755225658 0.00735758850350976 0.00741065945476294 0.00751577783375978 0.00763824488967657 0.00776071241125464 0.00788317993283272 0.0080056469887495 0.00812811404466629 0.00825058203190565 0.00838560983538628 0.00855831988155842 0.00873103085905313 0.00890374090522528 0.00907645095139742 0.00924916192889214 0.00942187197506428 0.00959458295255899 0.00977255776524544 0.00995228905230761 0.0101320194080472 0.0103117497637868 0.0104914801195264 0.0106712114065886 0.0108509417623281 0.0110187334939837 0.0111507102847099 0.0112826870754361 0.0114146638661623 0.0115466406568885 0.0116786174476147 0.0118105942383409 0.011942571029067 0.0120445052161813 0.0121364258229733 0.0122283464297652 0.0123202661052346 0.0124121867120266 0.0125041073188186 0.0125960279256105 0.0127016268670559
0.00717148976400495 0.0072185373865068 0.00726558547466993 0.00731263309717178 0.00741248345002532 0.00752993440255523 0.00764738535508513 0.00776483584195375 0.00788228679448366 0.00799973774701357 0.00811718869954348 0.00825014337897301 0.00842960923910141 0.00860907509922981 0.00878854095935822 0.00896800681948662 0.00914747267961502 0.00932693853974342 0.00950640439987183 0.00969177763909101 0.00987912062555552 0.01006646361202 0.0102538065984845 0.010441149584949 0.0106284916400909 0.0108158346265554 0.0109904352575541 0.0111268078908324 0.0112631814554334 0.0113995540887117 0.0115359267219901 0.0116722993552685 0.0118086719885468 0.0119450455531478 0.0120523544028401 0.0121499756351113 0.0122475968673825 0.0123452180996537 0.0124428393319249 0.0125404614955187 0.0126380827277899 0.0127508314326406
0.0070915324613452 0.00713255722075701 0.00717358198016882 0.00721460720524192 0.00730918906629086 0.0074216234497726 0.00753405783325434 0.00764649221673608 0.00775892660021782 0.00787136144936085 0.0079837953671813 0.00811467692255974 0.00830089766532183 0.00848711933940649 0.00867334008216858 0.00885956175625324 0.00904578249901533 0.0092320041731 0.00941822491586208 0.00961099658161402 0.00980595219880342 0.0100009078159928 0.0101958625018597 0.0103908181190491 0.0105857728049159 0.0107807284221053 0.0109621370211244 0.0111029054969549 0.011243674904108 0.0113844433799386 0.0115252127870917 0.0116659812629223 0.0118067506700754 0.011947519145906 0.012060203589499 0.0121635254472494 0.0122668482363224 0.0123701700940728 0.0124734928831458 0.0125768147408962 0.0126801375299692 0.0128000369295478
0.00701157562434673 0.00704657705500722 0.00708157895132899 0.00711658084765077 0.00720589468255639 0.00731331249698997 0.00742073077708483 0.0075281485915184 0.00763556687161326 0.00774298468604684 0.0078504029661417 0.00797921046614647 0.00817218702286482 0.00836516357958317 0.00855814013630152 0.00875111669301987 0.00894409324973822 0.00913706980645657 0.00933004636317492 0.0095302164554596 0.00973278377205133 0.00993535108864307 0.0101379184052348 0.0103404866531491 0.0105430539697409 0.0107456212863326 0.0109338378533721 0.0110790031030774 0.0112241683527827 0.011369333602488 0.0115144979208708 0.0116596631705761 0.0118048284202814 0.0119499936699867 0.0120680527761579 0.0121770752593875 0.0122860986739397 0.0123951220884919 0.0125041455030441 0.0126131689175963 0.0127221923321486 0.0128492414951324
0.00693161832168698 0.00696059688925743 0.00698957592248917 0.00701855449005961 0.00710260029882193 0.00720500200986862 0.00730740325525403 0.00740980496630073 0.00751220667734742 0.00761460792273283 0.00771700963377953 0.0078437440097332 0.00804347544908524 0.00824320781975985 0.00844294019043446 0.00864267162978649 0.0088424040004611 0.00904213637113571 0.00924186781048775 0.00944943632930517 0.00965961534529924 0.00986979529261589 0.0100799752399325 0.0102901551872492 0.0105003342032433 0.0107105141505599 0.0109055396169424 0.0110551007091999 0.0112046618014574 0.0113542228937149 0.0115037839859724 0.0116533450782299 0.0118029061704874 0.0119524672627449 0.0120759010314941 0.0121906260028481 0.0123053500428796 0.012420074082911 0.0125347981229424 0.0126495230942965 0.0127642471343279 0.0128984469920397
0.00685166148468852 0.00687461718916893 0.00689757242798805 0.00692052813246846 0.00699930591508746 0.00709669105708599 0.00719407619908452 0.00729146134108305 0.00738884648308158 0.00748623162508011 0.00758361676707864 0.00770827755331993 0.00791476480662823 0.00812125205993652 0.00832773931324482 0.00853422749787569 0.00874071475118399 0.00894720200449228 0.00915368925780058 0.00936865527182817 0.00958644784986973 0.00980423949658871 0.0100220311433077 0.0102398237213492 0.0104576153680682 0.0106754070147872 0.0108772404491901 0.0110311983153224 0.0111851552501321 0.0113391131162643 0.011493070051074 0.0116470269858837 0.011800984852016 0.0119549417868257 0.012083750218153 0.0122041758149862 0.0123246004804969 0.0124450260773301 0.0125654516741633 0.012685876339674 0.0128063019365072 0.0129476515576243
0.00679252529516816 0.00681217620149255 0.00683182710781693 0.00685147754848003 0.0069262757897377 0.00701945601031184 0.00711263623088598 0.00720581645146012 0.00729899667203426 0.0073921768926084 0.00748535757884383 0.00760703627020121 0.00781421083956957 0.00802138540893793 0.00822855997830629 0.00843573454767466 0.00864290911704302 0.00885008368641138 0.00905725825577974 0.00927699543535709 0.00950092170387506 0.00972484704107046 0.00994877237826586 0.0101726986467838 0.0103966239839792 0.0106205493211746 0.0108283683657646 0.0109878657385707 0.0111473640426993 0.0113068614155054 0.0114663587883115 0.0116258570924401 0.0117853544652462 0.0119448518380523 0.0120797585695982 0.0122064677998424 0.0123331770300865 0.0124598862603307 0.0125865954905748 0.012713304720819 0.0128400139510632 0.0129895433783531
0.00675420975312591 0.00677327439188957 0.00679233856499195 0.00681140273809433 0.00688350945711136 0.00697329640388489 0.00706308335065842 0.00715287076309323 0.00724265770986676 0.00733244465664029 0.00742223206907511 0.00754002062603831 0.00774181401357055 0.00794360693544149 0.00814540032297373 0.00834719371050596 0.0085489870980382 0.00875078048557043 0.00895257387310266 0.00917445681989193 0.00940303783863783 0.00963161885738373 0.00986019894480705 0.010088779963553 0.0103173600509763 0.0105459410697222 0.0107589224353433 0.0109251048415899 0.0110912872478366 0.0112574696540833 0.0114236511290073 0.011589833535254 0.0117560159415007 0.0119221983477473 0.0120639260858297 0.0121975028887391 0.0123310787603259 0.0124646546319127 0.0125982314348221 0.0127318073064089 0.0128653831779957 0.0130241215229034
0.00671589467674494 0.0067343725822866 0.00675285002216697 0.00677132792770863 0.00684074265882373 0.00692713679745793 0.00701353047043085 0.00709992460906506 0.00718631874769926 0.00727271242067218 0.00735910655930638 0.00747300498187542 0.00766941672191024 0.00786582846194506 0.00806224066764116 0.00825865287333727 0.00845506507903337 0.00865147728472948 0.00884788855910301 0.00907191820442677 0.00930515397340059 0.00953838974237442 0.00977162551134825 0.0100048612803221 0.0102380970492959 0.0104713328182697 0.0106894755735993 0.0108623430132866 0.0110352104529738 0.0112080769613385 0.0113809444010258 0.0115538109093904 0.0117266783490777 0.0118995448574424 0.0120480945333838 0.0121885370463133 0.0123289804905653 0.0124694230034947 0.0126098664477468 0.0127503098919988 0.0128907524049282 0.0130586996674538
0.00667757960036397 0.00669547077268362 0.00671336194500327 0.00673125311732292 0.00679797632619739 0.00688097719103098 0.00696397805586457 0.00704697845503688 0.00712997931987047 0.00721298018470407 0.00729598104953766 0.00740598933771253 0.00759701989591122 0.0077880509197712 0.0079790810123086 0.00817011203616858 0.00836114306002855 0.00855217408388853 0.00874320417642593 0.00896938052028418 0.00920727103948593 0.00944516155868769 0.00968305207788944 0.0099209425970912 0.010158833116293 0.0103967236354947 0.010620029643178 0.0107995811849833 0.0109791327267885 0.0111586851999164 0.0113382367417216 0.0115177882835269 0.0116973398253322 0.0118768913671374 0.0120322620496154 0.01217957213521 0.0123268822208047 0.0124741923063993 0.0126215014606714 0.0127688115462661 0.0129161216318607 0.0130932778120041
0.006639264523983 0.00665656896308064 0.00667387340217829 0.00669117784127593 0.00675520999357104 0.00683481758460402 0.00691442517563701 0.00699403276666999 0.00707364035770297 0.00715324794873595 0.00723285553976893 0.00733897369354963 0.0075246230699122 0.00771027244627476 0.00789592228829861 0.00808157119899988 0.00826722104102373 0.00845286995172501 0.00863851979374886 0.00886684190481901 0.0091093871742487 0.00935193244367838 0.00959447864443064 0.00983702391386032 0.0100795701146126 0.0103221153840423 0.0105505837127566 0.0107368202880025 0.0109230559319258 0.0111092925071716 0.0112955290824175 0.0114817656576633 0.0116680013015866 0.0118542378768325 0.0120164295658469 0.0121706062927842 0.0123247839510441 0.0124789606779814 0.0126331374049187 0.012787314131856 0.0129414908587933 0.0131278550252318
0.00660094898194075 0.00661766715347767 0.00663438532501459 0.00665110303089023 0.0067124436609447 0.00678865797817707 0.00686487229540944 0.00694108661264181 0.00701730139553547 0.00709351571276784 0.00716973003000021 0.00727195804938674 0.00745222624391317 0.00763249443843961 0.00781276263296604 0.00799303036183119 0.00817329902201891 0.00835356675088406 0.00853383541107178 0.00876430328935385 0.00901150330901146 0.00925870425999165 0.00950590521097183 0.00975310523062944 0.0100003061816096 0.0102475071325898 0.0104811377823353 0.0106740584596992 0.010866979137063 0.0110599007457495 0.0112528214231133 0.0114457421004772 0.0116386637091637 0.0118315843865275 0.0120005970820785 0.012161641381681 0.0123226847499609 0.0124837290495634 0.0126447724178433 0.0128058167174459 0.0129668600857258 0.0131624331697822
