data/working_set_collections/6091692-Cassins_Sparrow-M2/1995/qv2m_avg.asc
NCOLS 265 
NROWS 230 
XLLCORNER -115.5625 
YLLCORNER 24.8333333333333 
CELLSIZE 0.0833333333333333 
NODATA_value -9999 
[rows 57 to 75 of 230, columns 168 to 209 of 265]
0.00603693025186658 0.00606235582381487 0.00608778139576316 0.00611320696771145 0.00614134641364217 0.00617039017379284 0.00619943393394351 0.00622847769409418 0.00625752191990614 0.00628656568005681 0.00631560944020748 0.00634490512311459 0.00637495657429099 0.0064050080254674 0.0064350594766438 0.00646511092782021 0.00649516237899661 0.00652521383017302 0.00655526528134942 0.00658403104171157 0.00661236792802811 0.00664070528000593 0.00666904216632247 0.0066973795183003 0.00672571640461683 0.00675405329093337 0.00678275199607015 0.00681253569200635 0.00684231892228127 0.00687210215255618 0.0069018853828311 0.0069316690787673 0.00696145230904222 0.00699123553931713 0.00701314536854625 0.00703243026509881 0.00705171516165137 0.00707100052386522 0.00709028542041779 0.00710957078263164 0.0071288556791842 0.0071504469960928
0.00605069799348712 0.0060768541879952 0.00610301084816456 0.00612916704267263 0.00615762453526258 0.00618684850633144 0.00621607294306159 0.00624529691413045 0.00627452088519931 0.00630374532192945 0.00633296929299831 0.00636243354529142 0.00639261677861214 0.00642280001193285 0.00645298371091485 0.00648316694423556 0.00651335064321756 0.00654353387653828 0.00657371757552028 0.0066026016138494 0.00663105258718133 0.00665950356051326 0.00668795453384519 0.00671640550717711 0.00674485648050904 0.00677330745384097 0.00680230092257261 0.00683292280882597 0.00686354422941804 0.00689416565001011 0.00692478753626347 0.00695540895685554 0.0069860303774476 0.00701665226370096 0.00703891832381487 0.00705839926376939 0.00707788020372391 0.00709736114367843 0.00711684208363295 0.00713632302358747 0.00715580396354198 0.00717785535380244
0.00606446573510766 0.00609135301783681 0.00611824030056596 0.00614512758329511 0.006173902656883 0.00620330683887005 0.00623271148651838 0.00626211613416672 0.00629152031615376 0.0063209249638021 0.00635032914578915 0.00637996150180697 0.00641027698293328 0.00644059246405959 0.0064709079451859 0.00650122342631221 0.00653153890743852 0.00656185392290354 0.00659216940402985 0.00662117218598723 0.00664973678067327 0.00667830184102058 0.0067068669013679 0.00673543149605393 0.00676399655640125 0.00679256161674857 0.00682184984907508 0.00685330992564559 0.00688476953655481 0.00691622961312532 0.00694768922403455 0.00697914883494377 0.00701060891151428 0.00704206852242351 0.00706469127908349 0.00708436826243997 0.00710404524579644 0.00712372176349163 0.00714339874684811 0.00716307573020458 0.00718275271356106 0.00720526371151209
0.00607948936522007 0.00610640645027161 0.00613332353532314 0.00616024062037468 0.00618909997865558 0.00621860660612583 0.00624811369925737 0.00627762032672763 0.00630712695419788 0.00633663404732943 0.00636614067479968 0.00639589736238122 0.00642640376463532 0.00645691016688943 0.00648741656914353 0.00651792343705893 0.00654842983931303 0.00657893624156713 0.00660944264382124 0.00663880351930857 0.00666778162121773 0.00669676018878818 0.00672573875635862 0.00675471732392907 0.00678369589149952 0.00681267445906997 0.00684251124039292 0.00687492219731212 0.0069073336198926 0.00693974457681179 0.00697215553373098 0.00700456695631146 0.00703697791323066 0.00706938933581114 0.00709187984466553 0.00711106322705746 0.00713024707511067 0.00714943092316389 0.00716861477121711 0.00718779861927032 0.00720698200166225 0.00722930068150163
0.00609576934948564 0.00612201541662216 0.0061482610180974 0.00617450708523393 0.0062032169662416 0.00623274780809879 0.00626227911561728 0.00629180995747447 0.00632134079933167 0.00635087210685015 0.00638040294870734 0.00641024066135287 0.00644099712371826 0.00647175405174494 0.00650251051411033 0.00653326697647572 0.00656402390450239 0.00659478036686778 0.00662553729489446 0.00665549514815211 0.00668518710881472 0.00671487906947732 0.00674457103013992 0.00677426299080253 0.00680395495146513 0.00683364691212773 0.00686428463086486 0.00689776008948684 0.00693123554810882 0.00696471147239208 0.00699818693101406 0.00703166238963604 0.00706513784825802 0.00709861330688 0.00712048355489969 0.00713848508894444 0.00715648662298918 0.00717448815703392 0.00719248969107866 0.0072104912251234 0.00722849275916815 0.00724996579810977
0.00611204979941249 0.00613762438297272 0.00616319896653295 0.00618877355009317 0.00621733348816633 0.00624688901007175 0.00627644406631589 0.00630599958822131 0.00633555511012673 0.00636511016637087 0.00639466568827629 0.00642458396032453 0.0064555904828012 0.00648659747093916 0.00651760445907712 0.00654861098155379 0.00657961796969175 0.00661062449216843 0.00664163148030639 0.00667218724265695 0.0067025925964117 0.00673299795016646 0.00676340330392122 0.00679380865767598 0.00682421401143074 0.00685461889952421 0.00688605802133679 0.00692059798166156 0.00695513794198632 0.00698967790231109 0.00702421786263585 0.00705875782296062 0.00709329778328538 0.00712783774361014 0.00714908726513386 0.00716590695083141 0.00718272617086768 0.00719954539090395 0.00721636461094022 0.00723318383097649 0.00725000351667404 0.00727063091471791
0.00612832978367805 0.00615323334932327 0.0061781364493072 0.00620303954929113 0.00623145047575235 0.00626102974638343 0.00629060948267579 0.00632018921896815 0.00634976895526052 0.00637934869155288 0.00640892796218395 0.00643892725929618 0.00647018430754542 0.00650144089013338 0.00653269793838263 0.00656395498663187 0.00659521203488111 0.00662646908313036 0.00665772566571832 0.00668887933716178 0.00671999761834741 0.00675111636519432 0.00678223511204123 0.00681335385888815 0.00684447260573506 0.00687559135258198 0.00690783141180873 0.00694343587383628 0.00697904033586383 0.00701464479789138 0.00705024925991893 0.00708585372194648 0.00712145771831274 0.00715706218034029 0.00717769144102931 0.0071933283470571 0.00720896571874619 0.00722460262477398 0.00724023953080177 0.00725587690249085 0.00727151380851865 0.00729129556566477
0.00614461023360491 0.00616884185001254 0.00619307393208146 0.00621730601415038 0.00624556699767709 0.00627517094835639 0.00630477489903569 0.006334378849715 0.0063639828003943 0.0063935867510736 0.0064231907017529 0.00645327055826783 0.00648477766662836 0.00651628477498889 0.00654779188334942 0.00657929899170995 0.00661080610007048 0.006642313208431 0.00667382031679153 0.00670557096600533 0.0067374031059444 0.00676923524588346 0.00680106738582253 0.0068328995257616 0.00686473166570067 0.00689656380563974 0.00692960480228066 0.006966273766011 0.00700294272974133 0.00703961122781038 0.00707628019154072 0.00711294915527105 0.0071496176533401 0.00718628661707044 0.00720629515126348 0.00722075020894408 0.0072352048009634 0.00724965985864401 0.00726411491632462 0.00727856950834394 0.00729302456602454 0.00731196068227291
0.00616089021787047 0.0061844508163631 0.00620801188051701 0.00623157247900963 0.00625968351960182 0.00628931215032935 0.00631894031539559 0.00634856848046184 0.00637819664552808 0.00640782481059432 0.00643745344132185 0.00646761385723948 0.0064993710257113 0.00653112819418311 0.00656288536265492 0.00659464299678802 0.00662640016525984 0.00665815733373165 0.00668991450220346 0.00672226306051016 0.00675480859354138 0.00678735412657261 0.00681989965960383 0.00685244519263506 0.00688499072566628 0.00691753579303622 0.00695137865841389 0.00698911165818572 0.00702684512361884 0.00706457812339067 0.00710231112316251 0.00714004458859563 0.00717777758836746 0.00721551105380058 0.00723489886149764 0.00724817160516977 0.0072614443488419 0.00727471709251404 0.00728798983618617 0.0073012625798583 0.00731453532353044 0.00733262579888105
0.00617536855861545 0.00619824090972543 0.0062211137264967 0.00624398654326797 0.00627181166782975 0.00630128802731633 0.00633076392114162 0.0063602402806282 0.0063897161744535 0.00641919253394008 0.00644866842776537 0.00647881906479597 0.00651099160313606 0.00654316460713744 0.00657533714547753 0.00660751014947891 0.006639682687819 0.00667185569182038 0.00670402823016047 0.00673728855326772 0.00677091162651777 0.00680453423410654 0.00683815684169531 0.00687177991494536 0.00690540252253413 0.00693902559578419 0.00697387428954244 0.00701240124180913 0.00705092819407582 0.00708945514634252 0.00712798209860921 0.0071665090508759 0.00720503646880388 0.00724356342107058 0.0072631468065083 0.00727641629055142 0.00728968530893326 0.00730295479297638 0.00731622381135821 0.00732949329540133 0.00734276231378317 0.00736076990142465
0.00618804432451725 0.00621021213009953 0.00623238040134311 0.00625454820692539 0.00628195097669959 0.00631109857931733 0.00634024618193507 0.00636939378455281 0.00639854185283184 0.00642768945544958 0.00645683705806732 0.00648688618093729 0.00651963986456394 0.00655239354819059 0.00658514723181725 0.00661790044978261 0.00665065413340926 0.00668340781703591 0.00671616150066257 0.00675064790993929 0.00678571220487356 0.00682077603414655 0.00685583986341953 0.0068909041583538 0.00692596798762679 0.00696103228256106 0.00699709262698889 0.00703614298254251 0.00707519287243485 0.00711424276232719 0.00715329311788082 0.00719234300777316 0.00723139336332679 0.00727044325321913 0.00729103898629546 0.00730548379942775 0.00731992814689875 0.00733437249436975 0.00734881730750203 0.00736326165497303 0.00737770600244403 0.0073963925242424
0.00620072055608034 0.00622218381613493 0.00624364707618952 0.00626511033624411 0.00629209028556943 0.00632090959697962 0.00634972844272852 0.00637854775413871 0.0064073670655489 0.00643618637695909 0.00646500522270799 0.00649495329707861 0.00652828766033053 0.00656162248924375 0.00659495685249567 0.0066282912157476 0.00666162557899952 0.00669496040791273 0.00672829477116466 0.00676400726661086 0.00680051231756806 0.00683701783418655 0.00687352288514376 0.00691002840176225 0.00694653345271945 0.00698303896933794 0.00702031096443534 0.00705988425761461 0.00709945755079389 0.00713903037831187 0.00717860367149115 0.00721817696467042 0.00725775025784969 0.00729732355102897 0.00731893163174391 0.00733455130830407 0.00735017098486423 0.0073657906614244 0.00738141033798456 0.00739703001454473 0.00741264969110489 0.00743201561272144
0.00621339632198215 0.00623415503650904 0.00625491328537464 0.00627567199990153 0.00630222959443927 0.00633072014898062 0.00635921116918325 0.0063877017237246 0.00641619227826595 0.0064446828328073 0.00647317385300994 0.00650302041321993 0.00653693592175841 0.0065708514302969 0.0066047664731741 0.00663868198171258 0.00667259702458978 0.00670651253312826 0.00674042804166675 0.00677736662328243 0.00681531289592385 0.00685325963422656 0.00689120590686798 0.00692915264517069 0.00696709891781211 0.00700504565611482 0.00704352930188179 0.00708362553268671 0.00712372176349163 0.00716381845995784 0.00720391469076276 0.00724401092156768 0.0072841071523726 0.00732420338317752 0.00734682381153107 0.0073636188171804 0.00738041382282972 0.00739720882847905 0.00741400336846709 0.00743079837411642 0.00744759337976575 0.00746763870120049
0.00622607255354524 0.00624612625688314 0.00626617996022105 0.00628623366355896 0.00631236890330911 0.0063405311666429 0.0063686934299767 0.00639685522764921 0.00642501749098301 0.00645317975431681 0.0064813420176506 0.00651108752936125 0.006545583717525 0.00658007990568876 0.00661457609385252 0.00664907228201628 0.00668356847018003 0.00671806465834379 0.00675256084650755 0.006790725979954 0.00683011347427964 0.00686950143426657 0.0069088889285922 0.00694827688857913 0.00698766438290477 0.00702705187723041 0.00706674763932824 0.0071073672734201 0.00714798644185066 0.00718860607594252 0.00722922524437308 0.00726984487846494 0.0073104640468955 0.00735108368098736 0.00737471599131823 0.00739268632605672 0.00741065619513392 0.00742862652987242 0.00744659686461091 0.0074645671993494 0.00748253706842661 0.00750326132401824
0.00623874878510833 0.00625809747725725 0.00627744663506746 0.00629679579287767 0.00632250821217895 0.0063503417186439 0.00637817569077015 0.00640600919723511 0.00643384316936135 0.00646167667582631 0.00648951018229127 0.00651915511116385 0.00655423197895288 0.00658930884674191 0.00662438618019223 0.00665946304798126 0.00669454038143158 0.00672961724922061 0.00676469411700964 0.00680408533662558 0.00684491405263543 0.00688574323430657 0.00692657195031643 0.00696740066632628 0.00700822984799743 0.00704905856400728 0.00708996597677469 0.00713110854849219 0.00717225112020969 0.0072133936919272 0.0072545362636447 0.00729567836970091 0.00733682094141841 0.00737796351313591 0.00740260817110538 0.00742175383493304 0.00744089903309941 0.00746004469692707 0.00747918989509344 0.0074983355589211 0.00751748075708747 0.00753888441249728
0.00625206250697374 0.00627145264297724 0.00629084231331944 0.00631023244932294 0.00633599096909165 0.0063638724386692 0.00639175344258547 0.00641963491216302 0.00644751638174057 0.00647539785131812 0.00650327885523438 0.00653301179409027 0.00656829960644245 0.00660358695313334 0.00663887429982424 0.00667416211217642 0.00670944945886731 0.0067447368055582 0.00678002461791039 0.00682007148861885 0.00686170533299446 0.00690333917737007 0.0069449725560844 0.00698660640046 0.00702823977917433 0.00706987362354994 0.00711151491850615 0.00715317949652672 0.007194843608886 0.00723650772124529 0.00727817229926586 0.00731983641162515 0.00736150098964572 0.007403165102005 0.00742869358509779 0.00744884321466088 0.00746899284422398 0.00748914247378707 0.00750929210335016 0.00752944219857454 0.00754959182813764 0.00757172703742981
0.00626601418480277 0.00628619082272053 0.00630636746063828 0.00632654409855604 0.00635281717404723 0.00638112239539623 0.00640942761674523 0.00643773237243295 0.00646603759378195 0.00649434281513095 0.00652264757081866 0.00655265850946307 0.00658778613433242 0.00662291375920177 0.00665804138407111 0.00669316900894046 0.0067282966338098 0.00676342425867915 0.0067985518835485 0.0068386853672564 0.00688048731535673 0.00692228926345706 0.00696409121155739 0.00700589315965772 0.00704769510775805 0.00708949705585837 0.0071313944645226 0.0071735791862011 0.00721576390787959 0.00725794909521937 0.00730013381689787 0.00734231853857636 0.00738450326025486 0.00742668798193336 0.00745297176763415 0.00747395446524024 0.00749493762850761 0.00751592079177499 0.00753690395504236 0.00755788665264845 0.00757886981591582 0.00760178966447711
0.0062799658626318 0.0063009294681251 0.00632189260795712 0.00634285621345043 0.0063696438446641 0.00639837235212326 0.00642710132524371 0.00645583029836416 0.00648455880582333 0.00651328777894378 0.00654201675206423 0.00657230522483587 0.00660727266222239 0.00664224056527019 0.00667720846831799 0.0067121759057045 0.0067471438087523 0.0067821117118001 0.00681707914918661 0.00685729878023267 0.00689926883205771 0.00694123934954405 0.0069832094013691 0.00702517945319414 0.00706714997068048 0.00710912002250552 0.00715127401053905 0.00719397934153676 0.00723668467253447 0.00727939000353217 0.00732209533452988 0.00736480066552758 0.00740750599652529 0.00745021132752299 0.00747724995017052 0.00749906618148088 0.00752088241279125 0.00754269864410162 0.00756451534107327 0.00758633157238364 0.00760814780369401 0.0076318527571857
0.00629391754046082 0.0063156676478684 0.00633741775527596 0.00635916786268353 0.00638647004961967 0.00641562277451158 0.00644477503374219 0.00647392775863409 0.00650308048352599 0.0065322327427566 0.00656138546764851 0.00659195194020867 0.00662675965577364 0.00666156737133861 0.00669637508690357 0.00673118326812983 0.00676599098369479 0.00680079869925976 0.00683560641482472 0.00687591219320893 0.00691805081441998 0.00696018943563104 0.0070023275911808 0.00704446621239185 0.0070866048336029 0.00712874298915267 0.00717115355655551 0.00721437949687243 0.00725760497152805 0.00730083091184497 0.00734405685216188 0.0073872827924788 0.00743050826713443 0.00747373420745134 0.00750152813270688 0.00752417789772153 0.00754682719707489 0.00756947696208954 0.00759212672710419 0.00761477649211884 0.0076374257914722 0.007661915384233
