data/working_set_collections/6091692-Cassins_Sparrow-M2/1995/qv2m_avg.asc
NCOLS 265 
NROWS 230 
XLLCORNER -115.5625 
YLLCORNER 24.8333333333333 
CELLSIZE 0.0833333333333333 
NODATA_value -9999 
[rows 114 to 132 of 230, columns 210 to 251 of 265]
0.00856927782297134 0.00859576370567083 0.00862224865704775 0.00864873453974724 0.00867521949112415 0.00870170537382364 0.00872819032520056 0.0087701678276062 0.00881730858236551 0.0088644502684474 0.00891159102320671 0.0089587327092886 0.00900587439537048 0.0090530151501298 0.00909771211445332 0.00913507584482431 0.00917243957519531 0.00920980330556631 0.00924716796725988 0.00928453169763088 0.00932189542800188 0.00935925915837288 0.00936853419989347 0.00936844572424889 0.0093683572486043 0.00936826877295971 0.0093681812286377 0.00936809275299311 0.00936800427734852 0.00936600007116795 0.0093582458794117 0.00935049168765545 0.00934273842722178 0.00933498423546553 0.00932723097503185 0.0093194767832756 0.00931172259151936 0.00930539518594742 0.00929954368621111 0.00929369125515223 0.00928783882409334 0.00928198732435703
0.00859288033097982 0.00861955154687166 0.0086462227627635 0.00867289490997791 0.00869956612586975 0.00872623734176159 0.00875290855765343 0.0087964478880167 0.00884560961276293 0.00889477133750916 0.00894393306225538 0.00899309478700161 0.00904225651174784 0.00909141823649406 0.00913738645613194 0.00917377416044474 0.00921016186475754 0.00924654956907034 0.00928293727338314 0.00931932497769594 0.00935571268200874 0.00939210038632154 0.00940131954848766 0.0094014834612608 0.00940164644271135 0.00940180942416191 0.00940197240561247 0.00940213538706303 0.00940229929983616 0.00940107181668282 0.0093956720083952 0.00939027220010757 0.00938487239181995 0.00937947258353233 0.00937407277524471 0.00936867389827967 0.00936327408999205 0.00935907568782568 0.00935527682304382 0.00935147888958454 0.00934768095612526 0.00934388302266598
0.00861648190766573 0.00864333938807249 0.00867019686847925 0.00869705434888601 0.00872391276061535 0.00875077024102211 0.00877762772142887 0.00882272887974977 0.00887391064316034 0.00892509333789349 0.00897627510130405 0.0090274577960372 0.00907863955944777 0.00912982225418091 0.00917706172913313 0.00921247340738773 0.00924788508564234 0.00928329583257437 0.00931870751082897 0.00935411918908358 0.00938953086733818 0.00942494254559278 0.00943410582840443 0.00943452026695013 0.00943493563681841 0.00943535007536411 0.00943576451390982 0.00943617895245552 0.00943659339100122 0.00943614263087511 0.00943309720605612 0.00943005178123713 0.00942700635641813 0.00942396093159914 0.00942091550678015 0.00941787008196115 0.00941482465714216 0.00941275525838137 0.00941101089119911 0.00940926745533943 0.00940752308815718 0.00940577872097492
0.00864008348435163 0.00866712722927332 0.008694170974195 0.00872121471911669 0.00874825846403837 0.00877530220896006 0.00880234595388174 0.00884900894016027 0.00890221167355776 0.00895541440695524 0.00900861714035273 0.00906181987375021 0.00911502260714769 0.00916822534054518 0.00921673607081175 0.00925117172300816 0.00928560737520456 0.0093200420960784 0.0093544777482748 0.00938891340047121 0.00942334812134504 0.00945778377354145 0.00946689210832119 0.00946755800396204 0.00946822389960289 0.00946888979524374 0.00946955569088459 0.00947022251784801 0.00947088841348886 0.00947121437638998 0.00947052333503962 0.00946983229368925 0.00946914032101631 0.00946844927966595 0.00946775823831558 0.00946706626564264 0.00946637522429228 0.00946643482893705 0.0094667449593544 0.00946705508977175 0.0094673652201891 0.00946767441928387
0.00866368599236012 0.00869091507047415 0.00871814507991076 0.00874537508934736 0.00877260509878397 0.00879983510822058 0.00882706511765718 0.00887528993189335 0.00893051270395517 0.00898573640733957 0.0090409591794014 0.0090961828827858 0.00915140565484762 0.00920662935823202 0.00925641134381294 0.00928987003862858 0.00932332966476679 0.00935678835958242 0.00939024798572063 0.00942370668053627 0.00945716630667448 0.00949062500149012 0.00949967838823795 0.00950059574097395 0.00950151309370995 0.00950243044644594 0.00950334779918194 0.00950426515191793 0.00950518250465393 0.00950628612190485 0.00950794946402311 0.0095096118748188 0.00951127521693707 0.00951293762773275 0.00951460096985102 0.00951626338064671 0.00951792579144239 0.00952011439949274 0.00952247902750969 0.00952484272420406 0.00952720642089844 0.00952957104891539
0.00868728756904602 0.00871470384299755 0.00874211918562651 0.00876953545957804 0.00879695173352957 0.00882436707615852 0.00885178335011005 0.00890156999230385 0.00895881373435259 0.00901605747640133 0.00907330121845007 0.00913054496049881 0.00918778870254755 0.00924503244459629 0.00929608568549156 0.00932856928557158 0.00936105195432901 0.00939353462308645 0.00942601822316647 0.0094585008919239 0.00949098356068134 0.00952346716076136 0.00953246466815472 0.00953363347798586 0.009534802287817 0.00953597109764814 0.00953713990747929 0.00953830871731043 0.00953947752714157 0.00954135786741972 0.00954537466168404 0.00954939238727093 0.00955340918153524 0.00955742597579956 0.00956144277006388 0.00956545956432819 0.00956947728991508 0.009573794901371 0.00957821309566498 0.00958263035863638 0.00958704855293036 0.00959146674722433
0.00870873313397169 0.00873703137040138 0.00876532960683107 0.00879362784326077 0.00882192607969046 0.00885022431612015 0.00887852255254984 0.00892979931086302 0.00898873619735241 0.00904767215251923 0.00910660903900862 0.00916554499417543 0.00922448094934225 0.00928341783583164 0.00933544803410769 0.00936675909906626 0.00939807016402483 0.0094293812289834 0.00946069229394197 0.00949200335890055 0.00952331349253654 0.00955462455749512 0.00956393219530582 0.00956590473651886 0.0095678772777319 0.00956984981894493 0.00957182142883539 0.00957379397004843 0.00957576651126146 0.00957851391285658 0.00958358589559793 0.00958865694701672 0.00959372892975807 0.00959880091249943 0.00960387196391821 0.00960894394665956 0.00961401592940092 0.0096197035163641 0.00962559692561626 0.00963149033486843 0.0096373837441206 0.00964327808469534
0.00872802175581455 0.00875789858400822 0.00878777541220188 0.00881765224039555 0.00884752906858921 0.00887740589678288 0.00890728272497654 0.00895997788757086 0.00902027916163206 0.00908058043569326 0.00914088170975447 0.00920118298381567 0.00926148425787687 0.00932178553193808 0.00937449652701616 0.0094044404104352 0.00943438336253166 0.00946432631462812 0.00949427019804716 0.00952421315014362 0.00955415610224009 0.00958409905433655 0.00959408190101385 0.00959740951657295 0.00960073806345463 0.0096040666103363 0.0096073942258954 0.00961072277277708 0.00961405131965876 0.00961775425821543 0.00962258130311966 0.00962740741670132 0.00963223446160555 0.00963706150650978 0.00964188855141401 0.00964671559631824 0.00965154264122248 0.00965784210711718 0.0096646323800087 0.00967142265290022 0.00967821292579174 0.00968500413000584
0.00874731037765741 0.00877876579761505 0.00881022121757269 0.00884167663753033 0.00887313205748796 0.0089045874774456 0.00893604289740324 0.00899015553295612 0.00905182212591171 0.00911348778754473 0.00917515438050032 0.00923682004213333 0.00929848663508892 0.00936015229672194 0.00941354595124722 0.00944212079048157 0.00947069656103849 0.00949927233159542 0.00952784717082977 0.0095564229413867 0.00958499871194363 0.00961357355117798 0.0096242306753993 0.00962891522794962 0.00963359884917736 0.00963828340172768 0.00964296702295542 0.00964765157550573 0.00965233519673347 0.0096569936722517 0.00966157577931881 0.00966615788638592 0.00967073999345303 0.00967532210052013 0.00967990420758724 0.00968448631465435 0.00968906842172146 0.00969597976654768 0.00970366783440113 0.00971135497093201 0.00971904210746288 0.00972673017531633
0.00876659993082285 0.00879963301122189 0.0088326670229435 0.00886570103466511 0.00889873504638672 0.00893176905810833 0.00896480213850737 0.00902033410966396 0.00908336509019136 0.00914639607071877 0.00920942705124617 0.00927245803177357 0.00933548901230097 0.00939851999282837 0.00945259444415569 0.00947980210185051 0.00950700975954533 0.00953421741724014 0.00956142507493496 0.00958863273262978 0.00961584039032459 0.00964304804801941 0.00965438038110733 0.00966042000800371 0.00966645963490009 0.00967250019311905 0.00967853982001543 0.00968457944691181 0.00969062000513077 0.00969623401761055 0.00970057118684053 0.00970490835607052 0.00970924645662308 0.00971358362585306 0.00971792079508305 0.00972225796431303 0.00972659513354301 0.00973411835730076 0.00974270235747099 0.0097512872889638 0.00975987128913403 0.00976845622062683
0.00878588855266571 0.0088205011561513 0.0088551128283143 0.00888972543179989 0.00892433803528547 0.00895894970744848 0.00899356231093407 0.0090505126863718 0.00911490805447102 0.00917930342257023 0.00924369972199202 0.00930809509009123 0.00937249138951302 0.00943688675761223 0.00949164386838675 0.00951748341321945 0.00954332388937473 0.00956916343420744 0.00959500297904015 0.00962084345519543 0.00964668300002813 0.00967252254486084 0.00968453008681536 0.00969192571938038 0.0096993213519454 0.00970671698451042 0.00971411261707544 0.00972150824964046 0.00972890388220549 0.0097354743629694 0.00973956659436226 0.00974365882575512 0.00974775198847055 0.00975184421986341 0.00975593645125628 0.00976002961397171 0.00976412184536457 0.00977225601673126 0.00978173781186342 0.00979121867567301 0.00980070047080517 0.00981018226593733
0.00880517717450857 0.00884136836975813 0.00887755863368511 0.00891374982893467 0.00894994102418423 0.00898613128811121 0.00902232248336077 0.00908069033175707 0.00914645101875067 0.00921221170574427 0.00927797239273787 0.00934373307973146 0.00940949376672506 0.00947525445371866 0.00953069236129522 0.00955516472458839 0.00957963708788157 0.00960410945117474 0.00962858088314533 0.0096530532464385 0.00967752560973167 0.00970199704170227 0.00971467886120081 0.00972343049943447 0.00973218213766813 0.0097409337759018 0.00974968541413546 0.00975843705236912 0.00976718869060278 0.00977471377700567 0.00977856200188398 0.00978240929543972 0.00978625752031803 0.00979010481387377 0.00979395303875208 0.00979780033230782 0.00980164855718613 0.00981039460748434 0.00982077326625586 0.0098311509937048 0.00984152965247631 0.00985190831124783
0.00882755778729916 0.00886513106524944 0.0089027052745223 0.00894027948379517 0.00897785276174545 0.00901542697101831 0.00905300118029118 0.00911171361804008 0.00917747244238853 0.00924323219805956 0.00930899102240801 0.00937474984675646 0.00944050960242748 0.00950626842677593 0.00956172123551369 0.00958625227212906 0.009610784240067 0.00963531527668238 0.00965984724462032 0.00968437921255827 0.00970891024917364 0.00973344221711159 0.00974709261208773 0.00975711550563574 0.00976713933050632 0.00977716222405434 0.00978718604892492 0.00979720987379551 0.00980723276734352 0.00981569476425648 0.00981947313994169 0.00982325058430433 0.00982702895998955 0.00983080640435219 0.0098345847800374 0.00983836222440004 0.00984214060008526 0.00985094718635082 0.00986143015325069 0.00987191312015057 0.00988239608705044 0.00989287905395031
0.00885302945971489 0.00889179017394781 0.00893055181950331 0.0089693134650588 0.0090080751106143 0.0090468367561698 0.00908559747040272 0.00914358161389828 0.00920797325670719 0.00927236489951611 0.00933675561100245 0.00940114725381136 0.00946553889662027 0.00952992960810661 0.00958472769707441 0.00961074605584145 0.00963676441460848 0.00966278277337551 0.00968880113214254 0.00971481949090958 0.00974083784967661 0.00976685620844364 0.00978176947683096 0.00979298073798418 0.0098041919991374 0.00981540326029062 0.00982661452144384 0.00983782671391964 0.00984903797507286 0.00985841732472181 0.00986230000853539 0.00986618269234896 0.00987006537616253 0.0098739480599761 0.00987783074378967 0.00988171435892582 0.00988559704273939 0.00989391375333071 0.00990370847284794 0.00991350319236517 0.00992329884320498 0.00993309356272221
0.00887850113213062 0.00891845021396875 0.00895839836448431 0.00899834744632244 0.00903829652816057 0.0090782456099987 0.00911819469183683 0.00917544960975647 0.00923847313970327 0.00930149666965008 0.00936452019959688 0.00942754466086626 0.00949056819081306 0.00955359172075987 0.00960773508995771 0.00963524077087641 0.00966274552047253 0.00969025027006865 0.00971775595098734 0.00974526070058346 0.00977276545017958 0.00980027113109827 0.00981644634157419 0.00982884597033262 0.00984124559909105 0.00985364429652691 0.00986604392528534 0.00987844355404377 0.00989084225147963 0.00990113895386457 0.00990512687712908 0.00990911480039358 0.00991310179233551 0.00991708971560001 0.00992107763886452 0.00992506556212902 0.00992905348539352 0.00993688032031059 0.00994598772376776 0.00995509419590235 0.00996420159935951 0.0099733080714941
0.00890397280454636 0.00894510932266712 0.00898624584078789 0.00902738235890865 0.00906851887702942 0.00910965539515018 0.00915079191327095 0.00920731760561466 0.00926897395402193 0.00933062937110662 0.00939228571951389 0.00945394113659859 0.00951559748500586 0.00957725290209055 0.00963074248284101 0.0096597345545888 0.00968872662633657 0.00971771869808435 0.00974670983850956 0.00977570191025734 0.00980469398200512 0.00983368512243032 0.00985112413764 0.00986471120268106 0.00987829826772213 0.0098918853327632 0.00990547239780426 0.0099190603941679 0.00993264745920897 0.00994386058300734 0.00994795374572277 0.00995204597711563 0.00995613913983107 0.00996023137122393 0.00996432453393936 0.00996841676533222 0.00997250992804766 0.00997984781861305 0.009988266043365 0.00999668519943953 0.010005104355514 0.0100135235115886
0.00892944354563951 0.00897176843136549 0.00901409238576889 0.00905641634017229 0.00909874029457569 0.00914106424897909 0.00918338820338249 0.00923918560147285 0.00929947383701801 0.00935976207256317 0.00942005030810833 0.00948033854365349 0.00954062584787607 0.00960091408342123 0.00965374987572432 0.00968422833830118 0.00971470680087805 0.00974518619477749 0.00977566465735435 0.00980614311993122 0.00983662158250809 0.00986710004508495 0.00988580100238323 0.00990057643502951 0.00991535093635321 0.00993012636899948 0.00994490180164576 0.00995967723429203 0.00997445173561573 0.00998658314347267 0.00999078061431646 0.00999497808516026 0.00999917555600405 0.0100033730268478 0.0100075714290142 0.010011768899858 0.0100159663707018 0.0100228143855929 0.0100305452942848 0.0100382762029767 0.0100460071116686 0.0100537380203605
0.00895491521805525 0.00899842754006386 0.00904193893074989 0.00908545032143593 0.00912896264344454 0.00917247403413057 0.00921598542481661 0.00927105359733105 0.0093299737200141 0.00938889477401972 0.00944781489670277 0.00950673501938581 0.00956565514206886 0.00962457619607449 0.00967675726860762 0.00970872305333614 0.0097406879067421 0.00977265369147062 0.00980461854487658 0.0098365843296051 0.00986854918301105 0.00990051496773958 0.00992047786712646 0.00993644166737795 0.00995240453630686 0.00996836740523577 0.00998433027416468 0.0100002940744162 0.0100162569433451 0.0100293047726154 0.0100336074829102 0.0100379101932049 0.0100422129034996 0.0100465156137943 0.010050818324089 0.0100551201030612 0.0100594228133559 0.0100657809525728 0.0100728245452046 0.0100798672065139 0.0100869098678231 0.0100939534604549
0.0089847007766366 0.00902923289686441 0.0090737659484148 0.00911829806864262 0.00916283018887043 0.00920736230909824 0.00925189442932606 0.00930584222078323 0.00936292856931686 0.0094200149178505 0.0094771021977067 0.00953418854624033 0.00959127489477396 0.00964836124330759 0.00969957187771797 0.00973315630108118 0.00976674072444439 0.0098003251478076 0.00983390863984823 0.00986749306321144 0.00990107748657465 0.00993466190993786 0.00995540339499712 0.00997186452150345 0.00998832657933235 0.0100047877058387 0.010021248832345 0.0100377099588513 0.0100541710853577 0.0100675402209163 0.0100716333836317 0.0100757265463471 0.01007981877774 0.0100839119404554 0.0100880051031709 0.0100920982658863 0.0100961904972792 0.0101026566699147 0.0101099144667387 0.0101171713322401 0.0101244291290641 0.0101316859945655
