data/working_set_collections/6091692-Cassins_Sparrow-M2/1995/rzmc_avg.asc
NCOLS 265 
NROWS 230 
XLLCORNER -115.5625 
YLLCORNER 24.8333333333333 
CELLSIZE 0.0833333333333333 
NODATA_value -9999 
[rows 20 to 39 of 230, columns 220 to 263 of 265]
0.20044232904911 0.201236590743065 0.202030852437019 0.202825114130974 0.203760892152786 0.20512118935585 0.206481501460075 0.207841813564301 0.209202125668526 0.21056242287159 0.211922734975815 0.21328304708004 0.212917402386665 0.211976438760757 0.21103547513485 0.210094526410103 0.209153562784195 0.208212599158287 0.20727165043354 0.206576064229012 0.206616595387459 0.206657126545906 0.206697657704353 0.206738188862801 0.206778720021248 0.206819251179695 0.206859782338142 0.207349061965942 0.207987934350967 0.208626806735992 0.209265679121017 0.209904551506042 0.210543423891068 0.211182281374931 0.211790531873703 0.21230685710907 0.212823197245598 0.213339537382126 0.213855877518654 0.214372217655182 0.21488855779171 0.215404897928238 0.218383193016052 0.222182154655457
0.201449081301689 0.202355593442917 0.203262090682983 0.204168602824211 0.205345079302788 0.207331508398056 0.209317937493324 0.211304366588593 0.213290795683861 0.215277224779129 0.217263638973236 0.219250068068504 0.219485983252525 0.219138383865356 0.218790784478188 0.218443185091019 0.21809558570385 0.217747986316681 0.217400386929512 0.216888949275017 0.215885996818542 0.214883044362068 0.213880091905594 0.21287713944912 0.211874201893806 0.210871249437332 0.209868296980858 0.21000874042511 0.210530325770378 0.211051911115646 0.211573496460915 0.212095066905022 0.21261665225029 0.213138237595558 0.213588878512383 0.213826715946198 0.214064553380013 0.214302390813828 0.214540213346481 0.214778050780296 0.215015888214111 0.215253725647926 0.218657612800598 0.223116874694824
0.202455848455429 0.203474596142769 0.204493343830109 0.205512076616287 0.20692928135395 0.209541827440262 0.212154373526573 0.214766919612885 0.217379465699196 0.219992011785507 0.222604557871819 0.22521710395813 0.226054564118385 0.226300314068794 0.226546078920364 0.226791843771935 0.227037608623505 0.227283358573914 0.227529123425484 0.227201834321022 0.225155398249626 0.223108977079391 0.221062541007996 0.2190161049366 0.216969683766365 0.214923247694969 0.212876811623573 0.212668433785439 0.213072717189789 0.2134770154953 0.213881313800812 0.214285597205162 0.214689895510674 0.215094193816185 0.215387240052223 0.215346574783325 0.215305894613266 0.215265229344368 0.21522456407547 0.215183883905411 0.215143218636513 0.215102553367615 0.218932032585144 0.224051579833031
0.203462615609169 0.204593598842621 0.205724582076073 0.206855565309525 0.208513468503952 0.211752131581306 0.214990809559822 0.218229472637177 0.221468135714531 0.224706798791885 0.22794546186924 0.231184139847755 0.232623144984245 0.233462259173393 0.234301388263702 0.23514050245285 0.235979616641998 0.236818745732307 0.237657859921455 0.237514719367027 0.234424814581871 0.231334894895554 0.228244990110397 0.22515507042408 0.222065165638924 0.218975245952606 0.215885326266289 0.215328112244606 0.2156151086092 0.215902119874954 0.216189131140709 0.216476127505302 0.216763138771057 0.217050135135651 0.217185601592064 0.216866418719292 0.216547250747681 0.21622808277607 0.215908899903297 0.215589731931686 0.215270549058914 0.214951381087303 0.21920645236969 0.224986299872398
0.20497764647007 0.206561133265495 0.208144634962082 0.209728136658669 0.211791291832924 0.215293437242508 0.218795597553253 0.222297742962837 0.225799888372421 0.229302048683167 0.232804194092751 0.236306339502335 0.237843498587608 0.238725677132607 0.239607840776443 0.24049000442028 0.241372168064117 0.242254331707954 0.243136510252953 0.242933362722397 0.239474281668663 0.23601521551609 0.232556134462357 0.229097068309784 0.225638002157211 0.222178921103477 0.218719854950905 0.218108490109444 0.218446344137192 0.218784213066101 0.21912208199501 0.21945995092392 0.219797819852829 0.220135688781738 0.220266535878181 0.219776332378387 0.219286113977432 0.218795910477638 0.218305706977844 0.217815488576889 0.217325285077095 0.21683506667614 0.221221402287483 0.227233245968819
0.207000926136971 0.209377214312553 0.211753487586975 0.214129775762558 0.216762736439705 0.220165729522705 0.223568737506866 0.226971730589867 0.230374723672867 0.233777731657028 0.237180724740028 0.24058373272419 0.241715654730797 0.242090553045273 0.242465451359749 0.242840349674225 0.243215247988701 0.243590146303177 0.243965044617653 0.243457734584808 0.240303829312325 0.237149924039841 0.233996003866196 0.230842098593712 0.227688193321228 0.224534273147583 0.221380367875099 0.22100955247879 0.221566438674927 0.222123309969902 0.222680196166039 0.223237082362175 0.22379395365715 0.224350839853287 0.224630057811737 0.22407628595829 0.223522514104843 0.222968742251396 0.222414955496788 0.221861183643341 0.221307411789894 0.220753639936447 0.224976882338524 0.230792447924614
0.209024205803871 0.21219328045845 0.215362340211868 0.218531414866447 0.221734166145325 0.225038021802902 0.22834187746048 0.231645718216896 0.234949573874474 0.23825341463089 0.241557270288467 0.244861125946045 0.245587810873985 0.245455428957939 0.245323061943054 0.245190694928169 0.245058327913284 0.244925960898399 0.244793578982353 0.243982121348381 0.241133376955986 0.238284632563591 0.235435873270035 0.23258712887764 0.229738384485245 0.22688964009285 0.224040880799294 0.223910614848137 0.224686518311501 0.225462406873703 0.226238310337067 0.227014198899269 0.227790087461472 0.228565990924835 0.228993579745293 0.228376239538193 0.227758899331093 0.227141559123993 0.226524218916893 0.225906878709793 0.225289553403854 0.224672213196754 0.228732347488403 0.234351649880409
0.211047500371933 0.215009346604347 0.218971192836761 0.222933053970337 0.226705610752106 0.229910314083099 0.233115002512932 0.236319705843925 0.239524409174919 0.242729112505913 0.245933800935745 0.249138504266739 0.249459952116013 0.248820319771767 0.24818067252636 0.247541040182114 0.246901407837868 0.246261760592461 0.245622128248215 0.244506508111954 0.241962924599648 0.23941932618618 0.236875742673874 0.234332159161568 0.231788575649261 0.229244992136955 0.226701408624649 0.226811692118645 0.227806597948074 0.228801503777504 0.229796409606934 0.230791315436363 0.231786236166954 0.232781141996384 0.233357086777687 0.232676193118095 0.231995284557343 0.231314390897751 0.230633482336998 0.229952573776245 0.229271680116653 0.228590771555901 0.232487827539444 0.237910851836205
0.213070780038834 0.217825412750244 0.222580045461655 0.227334693074226 0.231677055358887 0.234782606363297 0.237888142466545 0.240993693470955 0.244099244475365 0.247204795479774 0.250310331583023 0.253415882587433 0.253332108259201 0.252185195684433 0.251038283109665 0.249891385436058 0.24874447286129 0.247597575187683 0.246450662612915 0.245030879974365 0.242792457342148 0.24055403470993 0.238315612077713 0.236077189445496 0.233838766813278 0.231600344181061 0.229361921548843 0.229712754487991 0.230926677584648 0.232140600681305 0.233354523777962 0.234568446874619 0.235782369971275 0.236996293067932 0.237720608711243 0.236976146697998 0.236231684684753 0.235487207770348 0.234742745757103 0.233998283743858 0.233253806829453 0.232509344816208 0.236243292689323 0.241470053792
0.215094059705734 0.220641478896141 0.226188912987709 0.231736332178116 0.236648485064507 0.239654883742332 0.242661282420158 0.245667681097984 0.24867407977581 0.251680493354797 0.254686892032623 0.257693290710449 0.25720426440239 0.25555008649826 0.253895908594131 0.252241730690002 0.250587552785873 0.248933389782906 0.247279211878777 0.245555266737938 0.243622004985809 0.241688743233681 0.239755481481552 0.237822219729424 0.235888957977295 0.233955711126328 0.232022449374199 0.232613831758499 0.234046757221222 0.235479697585106 0.23691263794899 0.238345563411713 0.239778503775597 0.241211429238319 0.242084130644798 0.241276100277901 0.240468069911003 0.239660039544106 0.238852009177208 0.23804397881031 0.237235948443413 0.236427903175354 0.239998772740364 0.245029255747795
0.215957656502724 0.221909463405609 0.227861285209656 0.233813092112541 0.239026993513107 0.242027163505554 0.245027348399162 0.248027518391609 0.251027703285217 0.254027873277664 0.257028043270111 0.260028213262558 0.259329229593277 0.257397145032883 0.255465060472488 0.253533005714417 0.251600921154022 0.249668836593628 0.247736766934395 0.245884925127029 0.244273796677589 0.242662668228149 0.241051539778709 0.239440411329269 0.237829267978668 0.236218139529228 0.234607011079788 0.235516488552094 0.237266182899475 0.239015877246857 0.240765571594238 0.24251526594162 0.24426494538784 0.246014639735222 0.247144147753716 0.246413096785545 0.245682045817375 0.244951009750366 0.244219958782196 0.243488907814026 0.242757871747017 0.242026820778847 0.245252013206482 0.249795958399773
0.215661570429802 0.221629366278648 0.227597177028656 0.233564987778664 0.238812550902367 0.241899430751801 0.244986325502396 0.24807320535183 0.251160085201263 0.254246950149536 0.257333844900131 0.260420739650726 0.259707003831863 0.2577263712883 0.255745768547058 0.253765165805817 0.251784563064575 0.249803945422173 0.247823342680931 0.246019884943962 0.244747847318649 0.243475809693336 0.242203772068024 0.240931734442711 0.239659696817398 0.238387659192085 0.237115621566772 0.238420754671097 0.240584954619408 0.242749139666557 0.244913324713707 0.247077524662018 0.249241709709167 0.251405894756317 0.252900660037994 0.252387136220932 0.251873642206192 0.25136011838913 0.25084662437439 0.250333100557327 0.249819591641426 0.249306067824364 0.252003043889999 0.255770146846771
0.215365469455719 0.221349269151688 0.227333068847656 0.233316868543625 0.238598123192787 0.241771697998047 0.244945287704468 0.248118877410889 0.25129246711731 0.25446605682373 0.257639646530151 0.260813236236572 0.26008477807045 0.258055627346039 0.256026476621628 0.253997355699539 0.251968204975128 0.249939054250717 0.247909918427467 0.246154829859734 0.245221883058548 0.244288951158524 0.243356004357338 0.242423057556152 0.241490125656128 0.240557178854942 0.239624232053757 0.2413250207901 0.243903711438179 0.246482402086258 0.249061092734337 0.251639783382416 0.254218459129333 0.256797164678574 0.258657187223434 0.25836119055748 0.258065223693848 0.257769227027893 0.257473260164261 0.257177293300629 0.256881296634674 0.256585329771042 0.258754044771194 0.261744350194931
0.215069368481636 0.221069172024727 0.227068960666656 0.233068764209747 0.238383680582047 0.241643980145454 0.244904264807701 0.248164564371109 0.251424849033356 0.254685133695602 0.257945448160172 0.261205732822418 0.260462552309036 0.258384883403778 0.256307184696198 0.254229515790939 0.252151846885681 0.250074177980423 0.247996494174004 0.246289774775505 0.245695933699608 0.245102077722549 0.244508236646652 0.243914395570755 0.243320539593697 0.242726698517799 0.242132857441902 0.244229286909103 0.24722246825695 0.250215649604797 0.253208845853806 0.256202042102814 0.259195238351822 0.262188404798508 0.264413684606552 0.264335244894028 0.264256805181503 0.264178365468979 0.264099925756454 0.264021456241608 0.263943016529083 0.263864576816559 0.265505075454712 0.267718553543091
0.214773282408714 0.220789074897766 0.226804867386818 0.232820644974709 0.238169237971306 0.241516247391701 0.244863241910934 0.248210236430168 0.251557230949402 0.254904240369797 0.258251219987869 0.261598229408264 0.260840326547623 0.258714109659195 0.256587892770767 0.254461705684662 0.252335488796234 0.250209271907806 0.24808306992054 0.246424719691277 0.246169969439507 0.245915219187737 0.245660468935966 0.245405718684196 0.245150968432426 0.244896218180656 0.244641467928886 0.247133553028107 0.250541239976883 0.253948926925659 0.257356613874435 0.260764300823212 0.264171987771988 0.267579674720764 0.270170211791992 0.270309299230576 0.270448386669159 0.270587474107742 0.270726561546326 0.270865648984909 0.271004736423492 0.271143823862076 0.272256106138229 0.273692756891251
0.214477181434631 0.220508977770805 0.226540759205818 0.232572540640831 0.237954810261726 0.241388514637947 0.244822219014168 0.248255923390388 0.251689612865448 0.255123317241669 0.258557021617889 0.26199072599411 0.261218100786209 0.259043365716934 0.256868630647659 0.254693865776062 0.252519130706787 0.250344395637512 0.248169645667076 0.246559664607048 0.246644020080566 0.246728360652924 0.246812701225281 0.246897056698799 0.246981397271156 0.247065737843513 0.247150078415871 0.25003781914711 0.253859996795654 0.257682174444199 0.261504381895065 0.26532655954361 0.269148737192154 0.272970944643021 0.275926738977432 0.276283353567123 0.276639968156815 0.276996582746506 0.277353227138519 0.27770984172821 0.278066456317902 0.278423070907593 0.279007107019424 0.279666930437088
0.213586047291756 0.219443142414093 0.22530023753643 0.231157332658768 0.236463338136673 0.240116059780121 0.24376879632473 0.247421532869339 0.251074254512787 0.254726976156235 0.258379727602005 0.262032449245453 0.261322826147079 0.259159058332443 0.256995290517807 0.254831522703171 0.252667754888535 0.250503987073898 0.248340234160423 0.246774941682816 0.247005060315132 0.247235178947449 0.247465297579765 0.247695416212082 0.247925534844398 0.248155668377876 0.248385787010193 0.251508474349976 0.255595356225967 0.259682238101959 0.263769119977951 0.267856001853943 0.271942883729935 0.276029765605927 0.279224783182144 0.279744267463684 0.280263721942902 0.280783176422119 0.281302660703659 0.281822115182877 0.282341599464417 0.282861053943634 0.283220112323761 0.283525705337524
0.212099879980087 0.21759158372879 0.223083302378654 0.228575021028519 0.233694821596146 0.237698897719383 0.241702988743782 0.24570706486702 0.249711140990257 0.253715217113495 0.257719308137894 0.261723399162292 0.261154443025589 0.259061187505722 0.256967902183533 0.254874646663666 0.252781361341476 0.25068810582161 0.24859482049942 0.247070506215096 0.247253090143204 0.247435674071312 0.24761825799942 0.247800841927528 0.247983410954475 0.248165994882584 0.248348578810692 0.251545548439026 0.255747318267822 0.259949088096619 0.264150857925415 0.268352627754211 0.272554397583008 0.276756167411804 0.280064404010773 0.280692011117935 0.28131964802742 0.281947255134583 0.282574892044067 0.28320249915123 0.283830136060715 0.284457743167877 0.284895122051239 0.285269051790237
0.210613697767258 0.215740039944649 0.220866367220879 0.22599270939827 0.230926319956779 0.235281750559807 0.239637166261673 0.2439925968647 0.248348027467728 0.252703458070755 0.257058888673782 0.26141431927681 0.260986089706421 0.258963316679001 0.256940543651581 0.254917740821838 0.252894967794418 0.250872194766998 0.248849421739578 0.247366085648537 0.247501134872437 0.247636169195175 0.247771203517914 0.247906252741814 0.248041287064552 0.248176321387291 0.248311370611191 0.251582622528076 0.255899280309677 0.260215938091278 0.264532595872879 0.26884925365448 0.273165911436081 0.277482569217682 0.280903995037079 0.281639784574509 0.282375574111938 0.283111333847046 0.283847123384476 0.284582883119583 0.285318672657013 0.28605443239212 0.286570101976395 0.287012428045273
0.209127530455589 0.213888481259346 0.218649432063103 0.223410397768021 0.228157803416252 0.232864588499069 0.237571358680725 0.242278143763542 0.246984913945198 0.251691699028015 0.256398469209671 0.261105269193649 0.260817736387253 0.25886544585228 0.256913155317307 0.254960864782333 0.25300857424736 0.251056283712387 0.249104008078575 0.247661665081978 0.247749164700508 0.247836664319038 0.247924163937569 0.248011663556099 0.248099163174629 0.24818666279316 0.24827416241169 0.251619696617126 0.256051242351532 0.260482788085938 0.264914333820343 0.269345879554749 0.273777425289154 0.27820897102356 0.281743615865707 0.282587558031082 0.283431470394135 0.284275412559509 0.285119324922562 0.285963267087936 0.286807209253311 0.287651121616364 0.288245111703873 0.288755774497986
