data/working_set_collections/6091692-Cassins_Sparrow-M2/1995/rzmc_avg.asc
NCOLS 265 
NROWS 230 
XLLCORNER -115.5625 
YLLCORNER 24.8333333333333 
CELLSIZE 0.0833333333333333 
NODATA_value -9999 
[rows 180 to 199 of 230, columns 44 to 87 of 265]
0.200911492109299 0.196292489767075 0.19167348742485 0.187054499983788 0.182435497641563 0.177816495299339 0.173197507858276 0.168578505516052 0.167415037751198 0.167403399944305 0.167391762137413 0.167380139231682 0.167368501424789 0.167356863617897 0.167345240712166 0.167310938239098 0.167208656668663 0.167106360197067 0.167004078626633 0.166901782155037 0.166799485683441 0.166697204113007 0.166594907641411 0.166085809469223 0.16544109582901 0.164796382188797 0.164151668548584 0.163506954908371 0.162862256169319 0.162217542529106 0.161672189831734 0.161424949765205 0.161177709698677 0.160930469632149 0.16068322956562 0.160435989499092 0.160188749432564 0.159941509366035 0.16004678606987 0.160269558429718 0.160492345690727 0.160715118050575 0.160937890410423 0.161160677671432
0.202642560005188 0.197958797216415 0.193275019526482 0.188591256737709 0.183907479047775 0.179223716259003 0.174539938569069 0.169856175780296 0.169308632612228 0.170139834284782 0.170971035957336 0.17180223762989 0.172633439302444 0.173464640974998 0.174295842647552 0.174646019935608 0.173553124070168 0.172460228204727 0.171367332339287 0.170274421572685 0.169181525707245 0.168088629841805 0.166995719075203 0.166277885437012 0.165685057640076 0.16509222984314 0.164499416947365 0.163906589150429 0.163313761353493 0.162720948457718 0.162310928106308 0.162449300289154 0.162587672472 0.162726044654846 0.162864416837692 0.163002789020538 0.163141161203384 0.16327953338623 0.163325041532516 0.163339599967003 0.163354143500328 0.163368701934814 0.163383260369301 0.163397803902626
0.204373642802238 0.199625089764595 0.194876551628113 0.190128013491631 0.185379460453987 0.180630922317505 0.175882384181023 0.171133831143379 0.171202227473259 0.172876268625259 0.17455030977726 0.17622435092926 0.1778983771801 0.1795724183321 0.1812464594841 0.181981116533279 0.179897606372833 0.177814096212387 0.17573057115078 0.173647060990334 0.171563550829887 0.169480040669441 0.167396530508995 0.1664699614048 0.165929019451141 0.165388092398643 0.164847150444984 0.164306223392487 0.163765281438828 0.16322435438633 0.162949651479721 0.163473635911942 0.163997620344162 0.164521604776382 0.165045589208603 0.165569573640823 0.166093558073044 0.166617542505264 0.166603296995163 0.166409626603127 0.16621595621109 0.166022285819054 0.165828615427017 0.165634945034981
0.206104710698128 0.201291397213936 0.196478083729744 0.191664770245552 0.186851441860199 0.182038128376007 0.177224814891815 0.172411501407623 0.17309582233429 0.175612702965736 0.178129568696022 0.180646449327469 0.183163315057755 0.185680195689201 0.188197076320648 0.18931619822979 0.186242073774338 0.183167949318886 0.180093824863434 0.177019715309143 0.173945590853691 0.170871466398239 0.167797341942787 0.166662037372589 0.166172981262207 0.165683940052986 0.165194898843765 0.164705842733383 0.164216801524162 0.163727760314941 0.163588374853134 0.164497971534729 0.165407568216324 0.166317164897919 0.167226776480675 0.16813637316227 0.169045969843864 0.169955566525459 0.169881552457809 0.16947965323925 0.169077768921852 0.168675869703293 0.168273970484734 0.167872086167336
-9999 0.202957704663277 0.198079615831375 0.193201526999474 0.188323438167572 0.18344534933567 0.178567260503769 0.173689171671867 0.174989432096481 0.178349137306213 0.181708842515945 0.185068547725677 0.188428267836571 0.191787973046303 0.195147678256035 0.1966512799263 0.192586541175842 0.188521817326546 0.184457078576088 0.180392354726791 0.176327615976334 0.172262892127037 0.168198153376579 0.166854113340378 0.166416957974434 0.165979787707329 0.165542632341385 0.165105476975441 0.164668321609497 0.164231166243553 0.164227098226547 0.165522307157516 0.166817530989647 0.168112739920616 0.169407948851585 0.170703157782555 0.171998366713524 0.173293590545654 0.173159807920456 0.172549679875374 0.171939566731453 0.171329453587532 0.170719340443611 0.17010922729969
-9999 -9999 0.199681133031845 0.194738283753395 0.189795419573784 0.184852555394173 0.179909691214561 0.17496682703495 0.176883026957512 0.18108557164669 0.185288116335869 0.189490661025047 0.193693205714226 0.197895750403404 0.202098295092583 0.20398636162281 0.198931023478508 0.193875685334206 0.188820332288742 0.18376499414444 0.178709656000137 0.173654317855835 0.168598964810371 0.167046189308167 0.1666609197855 0.166275650262833 0.165890380740166 0.165505111217499 0.165119841694832 0.164734572172165 0.16486582159996 0.166546657681465 0.168227478861809 0.169908300042152 0.171589121222496 0.173269957304001 0.174950778484344 0.176631599664688 0.176438063383102 0.175619721412659 0.174801379442215 0.173983037471771 0.173164695501328 0.172346353530884
-9999 -9999 -9999 0.19617110490799 0.191890403628349 0.187609702348709 0.183329001069069 0.179048284888268 0.181130200624466 0.185332968831062 0.189535737037659 0.193738505244255 0.197941273450851 0.202144041657448 0.206346824765205 0.20817194879055 0.202864199876785 0.197556436061859 0.192248672246933 0.186940908432007 0.181633144617081 0.176325380802155 0.171017616987228 0.169236123561859 0.168630033731461 0.168023958802223 0.167417868971825 0.166811794042587 0.166205704212189 0.165599629282951 0.16568361222744 0.167837798595428 0.169991984963417 0.172146171331406 0.174300357699394 0.176454544067383 0.178608730435371 0.18076291680336 0.18046909570694 0.179359272122383 0.178249448537827 0.17713962495327 0.176029801368713 0.174919977784157
-9999 -9999 -9999 -9999 -9999 0.191716775298119 0.188825160264969 0.185933545231819 0.187730923295021 0.191091313958168 0.194451704621315 0.197812095284462 0.201172485947609 0.204532876610756 0.207893267273903 0.209208056330681 0.204386070370674 0.199564069509506 0.1947420835495 0.189920082688332 0.185098096728325 0.180276095867157 0.17545410990715 0.173423916101456 0.172324314713478 0.1712247133255 0.170125126838684 0.169025525450706 0.16792593896389 0.166826337575912 0.166680470108986 0.169395759701729 0.172111049294472 0.174826338887215 0.177541628479958 0.1802569180727 0.182972222566605 0.185687512159348 0.185252904891968 0.183768332004547 0.182283774018288 0.180799201130867 0.179314628243446 0.177830070257187
-9999 -9999 -9999 -9999 -9999 -9999 0.194321319460869 0.19281879067421 0.194331660866737 0.196849673986435 0.199367687106133 0.201885685324669 0.204403698444366 0.206921696662903 0.2094397097826 0.210244163870811 0.205907940864563 0.201571717858315 0.197235494852066 0.192899256944656 0.188563033938408 0.184226810932159 0.179890587925911 0.177611708641052 0.176018595695496 0.174425482749939 0.172832369804382 0.171239271759987 0.16964615881443 0.168053045868874 0.167677313089371 0.170953720808029 0.174230113625526 0.177506506443024 0.180782914161682 0.184059306979179 0.187335699796677 0.190612107515335 0.190036714076996 0.188177406787872 0.186318099498749 0.184458792209625 0.18259947001934 0.180740162730217
-9999 -9999 -9999 -9999 -9999 -9999 -9999 0.1997040361166 0.200932398438454 0.202608034014702 0.204283654689789 0.205959275364876 0.207634910941124 0.209310531616211 0.210986152291298 0.211280256509781 0.207429811358452 0.203579351305962 0.199728891253471 0.195878446102142 0.192027986049652 0.188177525997162 0.184327080845833 0.181799501180649 0.179712876677513 0.177626252174377 0.175539627671242 0.173453003168106 0.17136637866497 0.169279769062996 0.168674170970917 0.17251168191433 0.176349177956581 0.180186688899994 0.184024184942245 0.187861695885658 0.19169919192791 0.195536702871323 0.194820538163185 0.192586481571198 0.19035242497921 0.188118368387222 0.185884311795235 0.183650255203247
-9999 -9999 -9999 -9999 -9999 -9999 -9999 -9999 0.20753313601017 0.208366379141808 0.209199622273445 0.210032865405083 0.21086610853672 0.211699366569519 0.212532609701157 0.212316364049911 0.208951681852341 0.20558699965477 0.202222302556038 0.198857620358467 0.195492938160896 0.192128241062164 0.188763558864594 0.185987293720245 0.183407157659531 0.180827021598816 0.178246885538101 0.175666749477386 0.173086613416672 0.170506477355957 0.169671028852463 0.174069628119469 0.178468242287636 0.182866856455803 0.18726547062397 0.191664069890976 0.196062684059143 0.20046129822731 0.199604347348213 0.196995556354523 0.194386750459671 0.191777944564819 0.189169153571129 0.186560347676277
-9999 -9999 -9999 -9999 -9999 -9999 -9999 -9999 -9999 0.214124739170074 0.214115604758263 0.21410645544529 0.214097321033478 0.214088186621666 0.214079052209854 0.213352471590042 0.21047355234623 0.207594633102417 0.204715713858604 0.201836794614792 0.198957875370979 0.196078956127167 0.193200051784515 0.190175086259842 0.187101423740387 0.184027776122093 0.180954128503799 0.177880480885506 0.174806833267212 0.171733185648918 0.170667871832848 0.175627589225769 0.18058730661869 0.185547024011612 0.190506741404533 0.195466458797455 0.200426176190376 0.205385893583298 0.204388156533241 0.201404616236687 0.198421075940132 0.195437535643578 0.192453995347023 0.189470440149307
-9999 -9999 -9999 -9999 -9999 -9999 -9999 -9999 -9999 -9999 0.215989485383034 0.215595439076424 0.215201407670975 0.214807361364365 0.214413315057755 0.213475421071053 0.210906028747559 0.208336636424065 0.20576722919941 0.203197836875916 0.200628444552422 0.198059037327766 0.195489645004272 0.192419961094856 0.189183503389359 0.185947045683861 0.182710587978363 0.179474145174026 0.176237687468529 0.173001229763031 0.171858191490173 0.176995366811752 0.182132542133331 0.18726971745491 0.192406892776489 0.197544068098068 0.202681243419647 0.207818418741226 0.206874296069145 0.203903049230576 0.200931802392006 0.197960570454597 0.194989323616028 0.192018091678619
-9999 -9999 -9999 -9999 -9999 -9999 -9999 -9999 -9999 -9999 -9999 -9999 -9999 -9999 -9999 0.212685227394104 0.210249111056328 0.20781297981739 0.205376863479614 0.202940732240677 0.200504615902901 0.198068484663963 0.195632353425026 0.192721918225288 0.189653366804123 0.186584815382957 0.183516263961792 0.180447727441788 0.177379176020622 0.174310624599457 0.173241958022118 0.178172945976257 0.183103948831558 0.188034936785698 0.192965924739838 0.197896912693977 0.202827900648117 0.207758903503418 0.207062721252441 0.204490840435028 0.201918944716454 0.199347048997879 0.196775168180466 0.194203272461891
-9999 -9999 -9999 -9999 -9999 -9999 -9999 -9999 -9999 -9999 -9999 -9999 -9999 -9999 -9999 0.211895033717155 0.209592193365097 0.207289338111877 0.204986482858658 0.202683627605438 0.200380772352219 0.19807793200016 0.195775076746941 0.193023875355721 0.190123230218887 0.187222585082054 0.184321939945221 0.181421294808388 0.178520649671555 0.175620004534721 0.174625724554062 0.179350540041924 0.184075340628624 0.188800141215324 0.193524956703186 0.198249757289886 0.202974572777748 0.207699373364449 0.207251161336899 0.205078631639481 0.202906087040901 0.200733542442322 0.198560997843742 0.196388453245163
-9999 -9999 -9999 -9999 -9999 -9999 -9999 -9999 -9999 -9999 -9999 -9999 -9999 -9999 -9999 0.211104854941368 0.208935275673866 0.206765681505203 0.204596102237701 0.2024265229702 0.200256943702698 0.198087364435196 0.195917785167694 0.193325832486153 0.190593093633652 0.187860354781151 0.18512761592865 0.182394877076149 0.179662138223648 0.176929399371147 0.176009505987167 0.180528119206429 0.185046747326851 0.189565360546112 0.194083988666534 0.198602601885796 0.203121230006218 0.207639843225479 0.207439601421356 0.205666407942772 0.203893214464188 0.202120035886765 0.20034684240818 0.198573648929596
-9999 -9999 -9999 -9999 -9999 -9999 -9999 -9999 -9999 -9999 -9999 -9999 -9999 -9999 -9999 0.21031466126442 0.208278343081474 0.20624203979969 0.204205736517906 0.202169418334961 0.200133115053177 0.198096811771393 0.196060508489609 0.193627804517746 0.191062957048416 0.188498124480247 0.185933291912079 0.18336845934391 0.180803626775742 0.178238794207573 0.177393272519112 0.181705713272095 0.186018139123917 0.1903305798769 0.194643005728722 0.198955446481705 0.203267887234688 0.20758031308651 0.207628041505814 0.206254199147224 0.204880356788635 0.203506514430046 0.202132672071457 0.200758829712868
-9999 -9999 -9999 -9999 -9999 -9999 -9999 -9999 -9999 -9999 -9999 -9999 -9999 -9999 -9999 0.209524467587471 0.207621425390244 0.205718398094177 0.20381535589695 0.201912328600883 0.200009286403656 0.19810625910759 0.196203216910362 0.193929761648178 0.191532835364342 0.189135894179344 0.186738967895508 0.184342041611671 0.181945100426674 0.179548174142838 0.178777039051056 0.1828832924366 0.186989545822144 0.191095784306526 0.19520203769207 0.199308291077614 0.203414544463158 0.207520797848701 0.207816481590271 0.206841990351677 0.205867499113083 0.204893007874489 0.203918516635895 0.20294401049614
-9999 -9999 -9999 -9999 -9999 -9999 -9999 -9999 -9999 -9999 -9999 -9999 -9999 -9999 -9999 -9999 0.207568854093552 0.205935150384903 0.204301461577415 0.202667757868767 0.201034054160118 0.199400350451469 0.197766646742821 0.195785850286484 0.193689361214638 0.191592857241631 0.189496368169785 0.187399864196777 0.185303375124931 0.183206886053085 0.182513371109962 0.186028808355331 0.1895442456007 0.193059682846069 0.1965751349926 0.200090572237968 0.203606009483337 0.207121461629868 0.207533895969391 0.206912010908127 0.206290110945702 0.205668225884438 0.205046340823174 0.204424440860748
-9999 -9999 -9999 -9999 -9999 -9999 -9999 -9999 -9999 -9999 -9999 -9999 -9999 -9999 -9999 -9999 -9999 0.20689232647419 0.205664023756981 0.204435721039772 0.203207418322563 0.201979115605354 0.200750812888145 0.199196085333824 0.197532549500465 0.195869013667107 0.194205492734909 0.19254195690155 0.190878421068192 0.189214900135994 0.18860225379467 0.19114226102829 0.19368226826191 0.196222275495529 0.198762282729149 0.201302289962769 0.203842297196388 0.206382304430008 0.206780284643173 0.206464260816574 0.206148222088814 0.205832183361053 0.205516159534454 0.205200120806694
