data/working_set_collections/6091692-Cassins_Sparrow-M2/1995/rzmc_avg.asc
NCOLS 265 
NROWS 230 
XLLCORNER -115.5625 
YLLCORNER 24.8333333333333 
CELLSIZE 0.0833333333333333 
NODATA_value -9999 
[rows 140 to 159 of 230, columns 0 to 43 of 265]
0.173042342066765 0.178625181317329 0.184208020567894 0.189790844917297 0.195373684167862 0.200956523418427 0.206539362668991 0.206080555915833 0.203607872128487 0.201135188341141 0.198662504553795 0.196189820766449 0.193717136979103 0.191244453191757 0.188347026705742 0.184175357222557 0.180003702640533 0.175832033157349 0.171660363674164 0.16748870909214 0.163317039608955 0.159145385026932 0.157996013760567 0.157854065299034 0.157712116837502 0.157570168375969 0.157428219914436 0.157286286354065 0.157144337892532 0.157125145196915 0.157474234700203 0.15782330930233 0.158172398805618 0.158521473407745 0.158870562911034 0.159219637513161 0.159568712115288 0.159955650568008 0.16035521030426 0.160754755139351 0.161154299974442 0.161553859710693 0.161953404545784 0.162352964282036
0.175945103168488 0.181211978197098 0.186478868126869 0.191745743155479 0.197012633085251 0.202279508113861 0.207546383142471 0.207126915454865 0.204811990261078 0.202497065067291 0.200182139873505 0.197867214679718 0.195552289485931 0.193237364292145 0.190428331494331 0.186136960983276 0.181845590472221 0.177554205060005 0.17326283454895 0.168971464037895 0.16468009352684 0.160388708114624 0.159129276871681 0.158880487084389 0.158631682395935 0.158382892608643 0.158134087920189 0.157885298132896 0.157636508345604 0.157534748315811 0.157874092459679 0.158213451504707 0.158552795648575 0.158892139792442 0.159231498837471 0.159570842981339 0.159910202026367 0.160308107733727 0.160725548863411 0.161142989993095 0.16156043112278 0.161977872252464 0.162395313382149 0.162812754511833
0.178847849369049 0.183798775076866 0.188749715685844 0.193700641393661 0.198651567101479 0.203602492809296 0.208553418517113 0.208173274993896 0.206016108393669 0.203858956694603 0.201701790094376 0.199544623494148 0.197387456893921 0.195230290293694 0.192509651184082 0.188098564743996 0.183687478303909 0.179276391863823 0.174865305423737 0.17045421898365 0.166043132543564 0.161632046103477 0.160262539982796 0.159906893968582 0.159551247954369 0.159195616841316 0.158839970827103 0.158484324812889 0.158128678798676 0.157944351434708 0.158273965120316 0.158603578805923 0.158933192491531 0.1592628210783 0.159592434763908 0.159922048449516 0.160251677036285 0.160660579800606 0.161095902323723 0.16153122484684 0.161966562271118 0.162401884794235 0.162837222218513 0.163272544741631
0.181750610470772 0.186385586857796 0.191020548343658 0.195655524730682 0.200290501117706 0.20492547750473 0.209560453891754 0.20921964943409 0.207220241427422 0.205220833420753 0.203221425414085 0.201222017407417 0.19922262430191 0.197223216295242 0.194590955972672 0.190060168504715 0.185529366135597 0.18099856376648 0.176467776298523 0.171936973929405 0.167406186461449 0.162875384092331 0.161395817995071 0.160933315753937 0.160470828413963 0.160008326172829 0.159545838832855 0.159083336591721 0.158620849251747 0.158353939652443 0.158673837780952 0.158993721008301 0.159313604235649 0.159633487462997 0.159953370690346 0.160273268818855 0.160593152046204 0.161013036966324 0.161466255784035 0.161919474601746 0.162372693419456 0.162825912237167 0.163279131054878 0.163732334971428
0.184743613004684 0.188978403806686 0.193213194608688 0.19744798541069 0.201682776212692 0.205917567014694 0.210152357816696 0.209875106811523 0.208093836903572 0.206312566995621 0.204531297087669 0.202750012278557 0.200968742370605 0.199187472462654 0.196740657091141 0.192297220230103 0.187853768467903 0.183410331606865 0.178966894745827 0.174523442983627 0.170080006122589 0.165636569261551 0.16402579843998 0.163359269499779 0.162692740559578 0.162026211619377 0.161359682679176 0.160693153738976 0.160026624798775 0.159574881196022 0.159767463803291 0.159960061311722 0.160152658820152 0.160345241427422 0.160537838935852 0.160730421543121 0.160923019051552 0.161305248737335 0.161750718951225 0.162196174263954 0.162641629576683 0.163087084889412 0.163532540202141 0.16397799551487
0.187826901674271 0.191577270627022 0.195327654480934 0.199078023433685 0.202828392386436 0.206578776240349 0.2103291451931 0.21013967692852 0.208636909723282 0.207134142518044 0.205631375312805 0.204128608107567 0.202625840902328 0.20112307369709 0.198958739638329 0.194809719920158 0.190660700201988 0.186511680483818 0.182362660765648 0.178213626146317 0.174064606428146 0.169915586709976 0.168152511119843 0.167184770107269 0.166217014193535 0.165249273180962 0.164281532168388 0.163313776254654 0.162346035242081 0.161607146263123 0.161554887890816 0.161502614617348 0.16145034134388 0.161398082971573 0.161345809698105 0.161293536424637 0.161241263151169 0.161537230014801 0.161949276924133 0.162361323833466 0.162773370742798 0.16318541765213 0.163597464561462 0.164009511470795
0.190910175442696 0.194176137447357 0.197442099452019 0.20070806145668 0.203974008560181 0.207239970564842 0.210505932569504 0.210404232144356 0.20917996764183 0.207955718040466 0.206731453537941 0.205507189035416 0.204282939434052 0.203058674931526 0.201176837086678 0.197322234511375 0.193467617034912 0.18961301445961 0.185758411884308 0.181903809309006 0.178049206733704 0.174194604158401 0.172279223799706 0.171010255813599 0.169741302728653 0.168472334742546 0.167203366756439 0.165934398770332 0.164665430784225 0.163639426231384 0.163342297077179 0.163045167922974 0.162748038768768 0.162450909614563 0.162153780460358 0.161856651306152 0.161559522151947 0.161769226193428 0.162147849798203 0.162526488304138 0.162905126810074 0.16328376531601 0.163662403821945 0.16404102742672
0.193993449211121 0.196774989366531 0.199556544423103 0.202338084578514 0.205119639635086 0.207901179790497 0.210682719945908 0.210668802261353 0.20972304046154 -9999 0.207831531763077 -9999 -9999 0.204994276165962 0.203394919633865 0.199834734201431 0.196274548768997 0.192714363336563 0.189154177904129 0.185593992471695 0.182033807039261 0.178473621606827 0.176405936479568 0.174835756421089 0.17326557636261 0.171695381402969 0.17012520134449 0.168555021286011 0.16698482632637 0.165671691298485 0.165129706263542 0.1645877212286 0.164045736193657 0.163503736257553 0.16296175122261 0.162419766187668 0.161877781152725 0.162001207470894 0.162346422672272 0.162691652774811 0.16303688287735 0.163382098078728 0.163727328181267 0.164072558283806
0.197076722979546 0.199373856186867 0.201670989394188 0.203968122601509 0.20626525580883 0.20856237411499 0.210859507322311 0.210933357477188 0.21026611328125 -9999 -9999 -9999 -9999 -9999 0.205613002181053 0.202347233891487 0.199081480503082 0.195815712213516 0.19254994392395 0.189284175634384 0.186018407344818 0.182752653956413 0.180532649159431 0.17866125702858 0.176789849996567 0.174918442964554 0.173047035932541 0.171175628900528 0.169304236769676 0.167703971266747 0.166917115449905 0.166130274534225 0.165343418717384 0.164556577801704 0.163769721984863 0.162982881069183 0.162196040153503 0.16223318874836 0.162544995546341 0.162856817245483 0.163168624043465 0.163480445742607 0.163792252540588 0.164104074239731
0.200159996747971 0.201972723007202 0.203785434365273 0.205598145723343 0.207410871982574 0.209223583340645 0.211036294698715 0.211197927594185 0.21080918610096 -9999 -9999 -9999 -9999 -9999 -9999 -9999 0.201888397336006 0.198917046189308 0.195945709943771 -9999 -9999 0.187031671404839 0.184659361839294 0.182486742734909 0.180314123630524 0.178141504526138 0.175968870520592 0.173796251416206 0.171623632311821 0.169736236333847 0.168704524636269 0.167672827839851 0.166641116142273 0.165609404444695 0.164577707648277 0.163545995950699 0.16251428425312 0.162465170025826 0.16274356842041 0.163021966814995 0.163300380110741 0.163578778505325 0.16385717689991 0.164135590195656
0.199653372168541 0.200941354036331 0.202229335904121 0.203517317771912 0.204805299639702 0.206093281507492 0.207381263375282 0.207488924264908 0.207203164696693 -9999 -9999 -9999 -9999 -9999 -9999 -9999 -9999 -9999 -9999 -9999 -9999 -9999 0.188947096467018 0.186586797237396 0.184226512908936 0.181866228580475 0.179505929350853 0.177145645022392 0.174785360693932 0.17267270386219 0.171302974224091 0.16993322968483 0.168563485145569 0.167193755507469 0.165824010968208 0.164454281330109 0.163084536790848 0.162870064377785 0.163040682673454 0.163211300969124 0.163381904363632 0.163552522659302 0.163723140954971 0.163893759250641
0.195556834340096 0.196279764175415 0.197002694010735 0.197725623846054 0.198448553681374 0.199171483516693 0.199894413352013 0.199806377291679 0.199448049068451 -9999 -9999 -9999 -9999 -9999 -9999 -9999 -9999 -9999 -9999 -9999 -9999 -9999 -9999 0.190961420536041 0.188527017831802 0.186092615127563 0.183658212423325 0.181223809719086 0.178789407014847 0.176513373851776 0.174712434411049 0.172911494970322 0.171110540628433 0.169309601187706 0.167508661746979 0.165707722306252 0.163906782865524 0.163447886705399 0.163436338305473 0.163424789905548 0.163413226604462 0.163401678204536 0.163390129804611 0.163378581404686
0.19146029651165 0.191618174314499 0.191776052117348 0.191933929920197 0.192091792821884 0.192249670624733 0.192407548427582 0.192123830318451 0.191692933440208 -9999 -9999 -9999 -9999 -9999 -9999 -9999 -9999 -9999 -9999 -9999 -9999 -9999 -9999 -9999 -9999 0.190319016575813 0.187810495495796 0.185301974415779 0.182793468236923 0.180354043841362 0.178121894598007 0.175889745354652 0.173657596111298 0.171425461769104 0.169193312525749 0.166961163282394 0.164729028940201 0.164025694131851 0.163831979036331 0.163638263940811 0.163444563746452 0.163250848650932 0.163057133555412 0.162863418459892
0.187363773584366 0.186956584453583 0.186549410223961 0.186142235994339 0.185735046863556 0.185327872633934 0.184920698404312 0.184441298246384 0.183937817811966 -9999 -9999 -9999 -9999 -9999 -9999 -9999 -9999 -9999 -9999 -9999 -9999 -9999 -9999 -9999 -9999 -9999 -9999 -9999 -9999 0.184194713830948 0.181531354784966 0.178868010640144 0.176204666495323 0.173541307449341 0.17087796330452 0.168214619159698 0.165551260113716 0.164603516459465 0.16422763466835 0.163851752877235 0.163475885987282 0.163100004196167 0.162724122405052 0.162348240613937
0.18326723575592 0.182294994592667 0.181322768330574 0.18035052716732 0.179378300905228 0.178406074643135 0.177433833479881 0.176758751273155 0.176182702183723 -9999 -9999 -9999 -9999 -9999 -9999 -9999 -9999 -9999 -9999 -9999 -9999 -9999 -9999 -9999 -9999 -9999 -9999 -9999 -9999 0.188035368919373 0.184940814971924 0.181846261024475 0.178751721978188 0.175657168030739 0.17256261408329 0.169468060135841 0.166373506188393 0.165181338787079 0.164623290300369 0.16406524181366 0.163507208228111 0.162949159741402 0.162391111254692 0.161833062767982
0.179170697927475 0.17763340473175 0.176096126437187 0.174558833241463 0.173021554946899 0.171484261751175 0.169946983456612 0.169076204299927 0.168427586555481 -9999 -9999 -9999 -9999 -9999 -9999 -9999 -9999 -9999 -9999 -9999 -9999 -9999 -9999 -9999 -9999 -9999 -9999 -9999 -9999 0.191876038908958 0.188350290060043 0.184824526309967 0.181298777461052 0.177773013710976 0.174247264862061 0.170721501111984 0.167195752263069 0.165759146213531 0.165018945932388 0.164278730750084 0.163538530468941 0.162798315286636 0.162058100104332 0.161317899823189
0.176642894744873 0.175228029489517 0.173813149333 0.172398284077644 0.170983418822289 0.169568553566933 0.168153688311577 0.1670763194561 0.166111454367638 0.165146574378014 -9999 -9999 -9999 -9999 -9999 -9999 -9999 -9999 -9999 -9999 -9999 -9999 -9999 -9999 -9999 -9999 -9999 -9999 -9999 0.194939285516739 0.19107685983181 0.187214434146881 0.183351993560791 0.179489567875862 0.175627142190933 0.171764701604843 0.167902275919914 0.166268512606621 0.165377631783485 0.16448675096035 0.163595870137215 0.16270500421524 0.161814123392105 0.16092324256897
0.175683811306953 0.175078839063644 0.174473866820335 0.173868894577026 0.173263922333717 0.172658950090408 0.172053977847099 0.170759111642838 0.169234290719032 0.167709469795227 -9999 -9999 -9999 -9999 -9999 -9999 -9999 -9999 -9999 -9999 -9999 -9999 -9999 -9999 -9999 -9999 -9999 -9999 -9999 0.197225123643875 0.193120539188385 0.189015969634056 0.184911385178566 0.180806815624237 0.176702231168747 0.172597661614418 0.168493077158928 0.166709408164024 0.165699347853661 0.164689302444458 0.163679257035255 0.162669211626053 0.161659151315689 0.160649105906487
0.174724727869034 0.174929648637772 0.175134569406509 0.175339490175247 0.175544410943985 0.175749346613884 0.175954267382622 0.174441903829575 0.172357127070427 0.170272350311279 0.168187573552132 -9999 -9999 -9999 -9999 -9999 -9999 -9999 -9999 -9999 -9999 -9999 -9999 -9999 -9999 -9999 -9999 -9999 -9999 0.19951094686985 0.195164233446121 0.190817505121231 0.186470776796341 0.182124063372612 0.177777335047722 0.173430621623993 0.169083893299103 0.167150288820267 0.166021078824997 0.164891853928566 0.163762629032135 0.162633419036865 0.161504194140434 0.160374969244003
0.173765644431114 0.174780458211899 0.175795286893845 0.176810100674629 0.177824914455414 0.178839728236198 0.179854542016983 0.178124710917473 0.175479978322983 0.172835245728493 0.170190513134003 0.167545780539513 -9999 -9999 -9999 -9999 -9999 -9999 -9999 -9999 -9999 -9999 -9999 -9999 -9999 -9999 -9999 -9999 -9999 0.201796784996986 0.197207912802696 0.192619040608406 0.188030168414116 0.183441311120987 0.178852438926697 0.174263566732407 0.169674694538116 0.16759118437767 0.166342794895172 0.165094405412674 0.163846015930176 0.162597626447678 0.161349236965179 0.160100847482681
