data/working_set_collections/6091692-Cassins_Sparrow-M2/1995/rzmc_avg.asc
NCOLS 265 
NROWS 230 
XLLCORNER -115.5625 
YLLCORNER 24.8333333333333 
CELLSIZE 0.0833333333333333 
NODATA_value -9999 
[rows 60 to 79 of 230, columns 0 to 43 of 265]
0.171537846326828 0.172210276126862 0.172882720828056 0.17355515062809 0.174227595329285 0.174900025129318 0.175572469830513 0.17620125412941 0.176815494894981 0.177429735660553 0.178043976426125 0.178658217191696 0.179272457957268 0.179886698722839 0.180168360471725 0.179452270269394 0.178736165165901 0.17802007496357 0.177303969860077 0.176587879657745 0.175871774554253 0.175155684351921 0.178448870778084 0.183078497648239 0.187708109617233 0.192337736487389 0.196967348456383 0.201596960425377 0.206226587295532 0.209289267659187 0.207651168107986 0.206013053655624 0.204374954104424 0.202736839652061 0.201098740100861 0.199460625648499 0.197822526097298 0.197349712252617 0.197265356779099 0.197180986404419 0.197096616029739 0.197012260556221 0.196927890181541 0.196843519806862
0.170188918709755 0.170933097600937 0.171677276492119 0.172421455383301 0.173165634274483 0.173909798264503 0.174653977155685 0.175321623682976 0.175963759422302 0.17660591006279 0.177248045802116 0.177890181541443 0.178532317280769 0.179174467921257 0.179483026266098 0.178790867328644 0.178098693490028 0.177406534552574 0.176714360713959 0.176022201776505 0.17533004283905 0.174637869000435 0.177309766411781 0.181103006005287 0.184896260499954 0.188689514994621 0.192482754588127 0.196276009082794 0.2000692486763 0.202582120895386 0.201253846287727 0.19992558658123 0.198597311973572 0.197269052267075 0.195940777659416 0.194612503051758 0.193284243345261 0.193764433264732 0.194847464561462 0.195930495858192 0.197013512253761 0.198096543550491 0.199179574847221 0.20026259124279
0.168840005993843 0.169655919075012 0.170471832156181 0.17128774523735 0.17210365831852 0.172919571399689 0.173735484480858 0.174441993236542 0.175112038850784 0.175782069563866 0.176452100276947 0.17712214589119 0.177792176604271 0.178462222218513 0.178797692060471 0.178129449486732 0.177461221814156 0.176792994141579 0.176124751567841 0.175456523895264 0.174788296222687 0.174120053648949 0.176170662045479 0.179127529263496 0.182084411382675 0.185041293501854 0.187998160719872 0.19095504283905 0.193911924958229 0.195874974131584 0.194856539368629 0.193838104605675 0.192819684743881 0.191801249980927 0.190782815217972 0.189764380455017 0.188745960593224 0.190179169178009 0.192429572343826 0.194679990410805 0.196930408477783 0.199180826544762 0.20143124461174 0.203681662678719
0.167491093277931 0.168378740549088 0.169266387820244 0.170154049992561 0.171041697263718 0.171929344534874 0.172817006707191 0.173562362790108 0.174260303378105 0.174958229064941 0.175656169652939 0.176354110240936 0.177052035927773 0.17774997651577 0.178112357854843 0.177468046545982 0.176823750138283 0.176179453730583 0.175535142421722 0.174890846014023 0.174246549606323 0.173602238297462 0.175031542778015 0.177152052521706 0.179272562265396 0.181393072009087 0.183513581752777 0.185634076595306 0.187754586338997 0.189167827367783 0.188459232449532 0.187750637531281 0.187042042613029 0.186333447694778 0.185624852776527 0.184916272759438 0.184207677841187 0.186593890190125 0.190011695027351 0.193429499864578 0.196847304701805 0.200265109539032 0.20368292927742 0.207100734114647
0.166142165660858 0.167101562023163 0.168060943484306 0.169020339846611 0.169979736208916 0.170939117670059 0.171898514032364 0.172682732343674 0.173408567905426 0.174134403467178 0.174860239028931 0.175586059689522 0.176311895251274 0.177037730813026 0.177427008748055 0.176806643605232 0.17618627846241 0.175565913319588 0.174945533275604 0.174325168132782 0.17370480298996 0.173084437847137 0.173892438411713 0.175176575779915 0.176460713148117 0.177744850516319 0.179028987884521 0.180313125252724 0.181597262620926 0.18246066570282 0.182061910629272 0.181663155555725 0.181264415383339 0.180865660309792 0.180466905236244 0.180068150162697 0.179669395089149 0.18300861120224 0.187593802809715 0.192179009318352 0.196764200925827 0.201349407434464 0.205934599041939 0.210519805550575
0.164793252944946 0.165824368596077 0.166855499148369 0.167886629700661 0.168917760252953 0.169948890805244 0.170980021357536 0.17180310189724 0.172556832432747 0.173310562968254 0.174064293503761 0.174818024039268 0.175571754574776 0.176325485110283 0.176741674542427 0.176145240664482 0.175548806786537 0.174952372908592 0.174355924129486 0.173759490251541 0.173163056373596 0.172566622495651 0.17275333404541 0.173201099038124 0.173648864030838 0.174096629023552 0.174544394016266 0.17499215900898 0.175439924001694 0.175753518939018 0.175664603710175 0.175575688481331 0.175486773252487 0.175397858023643 0.1753089427948 0.175220027565956 0.175131112337112 0.179423332214355 0.185175910592079 0.190928503870964 0.196681097149849 0.202433690428734 0.208186283707619 0.213938862085342
0.163996249437332 0.165051013231277 0.166105777025223 0.167160555720329 0.168215319514275 0.16927008330822 0.170324847102165 0.171165287494659 0.17193429172039 0.17270328104496 0.17347227036953 0.174241274595261 0.17501026391983 0.175779268145561 0.176215320825577 0.175652578473091 0.175089836120605 0.17452709376812 0.173964336514473 0.173401594161987 0.172838851809502 0.172276109457016 0.172164767980576 0.172203898429871 0.172243028879166 0.172282174229622 0.172321304678917 0.172360435128212 0.172399565577507 0.172496870160103 0.172768652439117 0.173040449619293 0.173312231898308 0.173584014177322 0.173855811357498 0.174127593636513 0.174399390816689 0.179137945175171 0.185365438461304 0.191592931747437 0.197820410132408 0.204047903418541 0.210275396704674 0.216502889990807
0.163751170039177 0.164781466126442 0.165811777114868 0.166842088103294 0.167872384190559 0.168902695178986 0.169933006167412 0.170769289135933 0.171540915966034 0.172312542796135 0.173084169626236 0.173855796456337 0.174627423286438 0.175399050116539 0.175847947597504 0.175328657031059 0.174809366464615 0.174290060997009 0.173770770430565 0.17325147986412 0.172732189297676 0.17221288383007 0.172126740217209 0.172184988856316 0.172243222594261 0.172301471233368 0.172359704971313 0.17241795361042 0.172476187348366 0.172690704464912 0.173374071717262 0.174057424068451 0.17474077641964 0.175424143671989 0.176107496023178 0.176790848374367 0.177474200725555 0.182152464985847 0.188162371516228 0.194172263145447 0.200182154774666 0.206192061305046 0.212201952934265 0.218211844563484
0.163506075739861 0.164511919021606 0.165517777204514 0.166523620486259 0.167529463768005 0.168535307049751 0.169541150331497 0.170373305678368 0.171147555112839 0.171921819448471 0.172696068882942 0.173470333218575 0.174244582653046 0.175018846988678 0.175480574369431 0.175004735589027 0.174528896808624 0.17405304312706 0.173577204346657 0.173101365566254 0.172625511884689 0.172149673104286 0.172088727355003 0.172166064381599 0.172243416309357 0.172320768237114 0.172398120164871 0.172475457191467 0.172552809119225 0.172884553670883 0.173979476094246 0.175074398517609 0.176169335842133 0.177264258265495 0.178359180688858 0.179454103112221 0.180549025535583 0.185166984796524 0.190959289669991 0.196751594543457 0.202543899416924 0.20833620429039 0.214128509163857 0.219920814037323
0.163260996341705 0.164242386817932 0.165223762392998 0.166205152869225 0.16718652844429 0.168167918920517 0.169149294495583 0.169977307319641 0.170754194259644 0.171531081199646 0.172307968139648 0.173084855079651 0.173861742019653 0.174638628959656 0.175113201141357 0.174680814146996 0.174248412251472 0.173816025257111 0.173383638262749 0.172951236367226 0.172518849372864 0.172086462378502 0.172050699591637 0.172147154808044 0.172243610024452 0.17234006524086 0.172436520457268 0.172532975673676 0.172629430890083 0.173078402876854 0.174584895372391 0.176091387867928 0.177597880363464 0.179104372859001 0.180610865354538 0.182117357850075 0.183623850345612 0.188181504607201 0.193756222724915 0.199330925941467 0.204905644059181 0.210480347275734 0.216055065393448 0.221629783511162
0.16301591694355 0.163972839713097 0.164929762482643 0.16588668525219 0.166843608021736 0.167800515890121 0.168757438659668 0.169581308960915 0.170360833406448 0.171140342950821 0.171919867396355 0.172699391841888 0.173478901386261 0.174258425831795 0.174745827913284 0.174356892704964 0.173967942595482 0.173579007387161 0.173190072178841 0.172801122069359 0.172412186861038 0.172023236751556 0.17201267182827 0.172128245234489 0.172243803739548 0.172359362244606 0.172474935650826 0.172590494155884 0.172706052660942 0.173272237181664 0.175190299749374 0.177108362317085 0.179026424884796 0.180944487452507 0.182862550020218 0.184780612587929 0.18669867515564 0.191196024417877 0.196553140878677 0.201910272240639 0.207267388701439 0.212624505162239 0.217981621623039 0.223338738083839
0.162770837545395 0.163703292608261 0.164635747671127 0.165568217635155 0.166500672698021 0.167433127760887 0.168365597724915 0.169185310602188 0.169967472553253 0.170749619603157 0.171531766653061 0.172313913702965 0.173096060752869 0.173878222703934 0.174378454685211 0.174032971262932 0.173687472939491 0.173341989517212 0.172996491193771 0.172651007771492 0.172305509448051 0.171960026025772 0.171974658966064 0.172109320759773 0.172243997454643 0.172378659248352 0.172513335943222 0.172647997736931 0.172782674431801 0.173466086387634 0.175795719027519 0.178125351667404 0.180454969406128 0.182784602046013 0.185114234685898 0.187443867325783 0.189773499965668 0.194210544228554 0.199350073933601 0.204489603638649 0.209629133343697 0.214768648147583 0.219908177852631 0.225047707557678
0.162532523274422 0.163438469171524 0.164344400167465 0.165250346064568 0.16615629196167 0.167062237858772 0.167968183755875 0.16877356171608 0.16954542696476 0.17031729221344 0.17108915746212 0.1718610227108 0.17263288795948 0.173404738306999 0.17391237616539 0.173627287149429 0.173342198133469 0.173057109117508 0.172772035002708 0.172486945986748 0.172201856970787 0.171916767954826 0.172112047672272 0.172467455267906 0.172822862863541 0.173178255558014 0.173533663153648 0.173889055848122 0.174244463443756 0.175073638558388 0.177324160933495 0.179574683308601 0.181825205683708 0.184075728058815 0.186326250433922 0.188576772809029 0.190827295184135 0.194910645484924 0.199604943394661 0.204299226403236 0.208993524312973 0.21368782222271 0.218382105231285 0.223076403141022
0.162300959229469 0.163178339600563 0.164055705070496 0.164933085441589 0.165810465812683 0.166687831282616 0.167565211653709 0.168346047401428 0.16909471154213 0.16984336078167 0.170592024922371 0.171340689063072 0.172089353203773 0.172838002443314 0.17334757745266 0.173139840364456 0.172932118177414 0.172724395990372 0.172516658902168 0.172308936715126 0.172101199626923 0.17189347743988 0.172424867749214 0.173202618956566 0.173980385065079 0.174758151173592 0.175535902380943 0.176313668489456 0.177091419696808 0.178094923496246 0.179775655269623 0.181456387042999 0.183137133717537 0.184817865490913 0.18649859726429 0.188179329037666 0.189860060811043 0.193296313285828 0.197317734360695 0.201339155435562 0.205360576510429 0.209381997585297 0.213403418660164 0.217424839735031
0.162069410085678 0.162918210029602 0.163767024874687 0.164615824818611 0.165464624762535 0.166313424706459 0.167162239551544 0.167918533086777 0.168643981218338 0.16936944425106 0.170094907283783 0.170820355415344 0.171545818448067 0.172271266579628 0.172782778739929 0.172652408480644 0.172522038221359 0.172391667962074 0.172261297702789 0.172130927443504 0.172000557184219 0.171870186924934 0.172737672924995 0.173937797546387 0.175137907266617 0.176338031888008 0.177538141608238 0.17873826622963 0.17993837594986 0.181116208434105 0.182227149605751 0.183338105678558 0.184449046850204 0.185559988021851 0.186670944094658 0.187781885266304 0.188892841339111 0.191681981086731 0.19503054022789 0.198379084467888 0.201727628707886 0.205076172947884 0.208424732089043 0.211773276329041
0.161837860941887 0.162658095359802 0.163478329777718 0.164298564195633 0.165118798613548 0.165939033031464 0.166759267449379 0.167491003870964 0.168193265795708 0.16889551281929 0.169597774744034 0.170300021767616 0.17100228369236 0.171704530715942 0.172217980027199 0.172164961695671 0.172111958265305 0.172058939933777 0.172005921602249 0.171952918171883 0.171899899840355 0.171846896409988 0.173050493001938 0.174672961235046 0.176295444369316 0.177917912602425 0.179540395736694 0.181162863969803 0.182785332202911 0.184137478470802 0.184678643941879 0.185219809412956 0.185760959982872 0.186302125453949 0.186843290925026 0.187384456396103 0.187925606966019 0.190067663788795 0.192743331193924 0.195419013500214 0.198094680905342 0.200770363211632 0.20344603061676 0.20612171292305
0.161606311798096 0.162397965788841 0.163189634680748 0.163981303572655 0.1647729575634 0.165564626455307 0.166356295347214 0.167063489556313 0.167742550373077 0.168421596288681 0.169100642204285 0.16977970302105 0.170458748936653 0.171137794852257 0.171653181314468 0.171677529811859 0.171701863408089 0.171726211905479 0.17175056040287 0.171774908900261 0.171799257397652 0.171823605895042 0.17336331307888 0.175408139824867 0.177452966570854 0.179497793316841 0.181542634963989 0.183587461709976 0.185632288455963 0.187158763408661 0.187130138278008 0.187101513147354 0.187072888016701 0.187044262886047 0.187015637755394 0.186987012624741 0.186958387494087 0.188453331589699 0.190456137061119 0.192458942532539 0.194461733102798 0.196464538574219 0.198467344045639 0.200470149517059
0.161374747753143 0.162137851119041 0.162900939583778 0.163664028048515 0.164427131414413 0.16519021987915 0.165953323245049 0.166635975241661 0.167291820049286 0.167947679758072 0.168603524565697 0.169259369373322 0.169915214180946 0.170571058988571 0.171088382601738 0.171190083026886 0.171291783452034 0.171393483877182 0.171495199203491 0.171596899628639 0.171698600053787 0.171800300478935 0.173676118254662 0.176143303513527 0.178610503673553 0.181077688932419 0.183544874191284 0.18601205945015 0.188479244709015 0.190180033445358 0.189581632614136 0.188983216881752 0.188384801149368 0.187786385416985 0.187187984585762 0.186589568853378 0.185991153120995 0.186838999390602 0.188168928027153 0.189498856663704 0.190828785300255 0.192158728837967 0.193488657474518 0.194818586111069
0.161352291703224 0.162083372473717 0.162814453244209 0.163545534014702 0.164276614785194 0.165007695555687 0.16573877632618 0.166366964578629 0.166960880160332 0.167554780840874 0.168148696422577 0.168742597103119 0.169336497783661 0.169930413365364 0.170407772064209 0.170535460114479 0.170663148164749 0.17079085111618 0.17091853916645 0.171046242117882 0.171173930168152 0.171301618218422 0.173177555203438 0.175636246800423 0.178094923496246 0.180553615093231 0.183012306690216 0.18547098338604 0.187929674983025 0.189579486846924 0.188802674412727 0.188025876879692 0.187249064445496 0.18647226691246 0.185695454478264 0.184918656945229 0.184141844511032 0.184657379984856 0.185603693127632 0.186550006270409 0.187496319413185 0.1884426176548 0.189388930797577 0.190335243940353
0.161538943648338 0.16223455965519 0.162930175662041 0.163625791668892 0.164321422576904 0.165017038583755 0.165712654590607 0.166256472468376 0.166749700903893 0.167242929339409 0.167736157774925 0.168229386210442 0.168722614645958 0.169215843081474 0.16961133480072 0.169713646173477 0.169815972447395 0.169918283820152 0.170020595192909 0.170122921466827 0.170225232839584 0.170327544212341 0.171867623925209 0.173886939883232 0.175906270742416 0.177925586700439 0.179944902658463 0.181964233517647 0.18398354947567 0.185357093811035 0.184793278574944 0.184229478240013 0.183665677905083 0.183101877570152 0.182538062334061 0.18197426199913 0.1814104616642 0.181908473372459 0.182760417461395 0.183612361550331 0.184464305639267 0.185316249728203 0.186168193817139 0.187020137906075
