data/working_set_collections/6091692-Cassins_Sparrow-M2/1995/speed_avg.asc
NCOLS 265 
NROWS 230 
XLLCORNER -115.5625 
YLLCORNER 24.8333333333333 
CELLSIZE 0.0833333333333333 
NODATA_value -9999 
[rows 0 to 19 of 230, columns 0 to 45 of 265]
4.091388225555420 4.12791681289673 4.1644458770752 4.2009744644165 4.23750352859497 4.27403211593628 4.31056118011475 4.34913492202759 4.3883900642395 4.42764520645142 4.46690082550049 4.5061559677124 4.54541110992432 4.58466672897339 4.61418199539185 4.61447763442993 4.61477327346802 4.6150689125061 4.61536455154419 4.61566019058228 4.61595582962036 4.61625194549561 4.60159015655518 4.58194255828857 4.56229496002197 4.54264783859253 4.52300024032593 4.50335264205933 4.48370504379272 4.48435926437378 4.54591798782349 4.60747671127319 4.6690354347229 4.73059415817261 4.79215288162231 4.85371208190918 4.91527080535889 4.98678064346313 5.061607837677 5.13643503189087 5.21126222610474 5.2860894203186 5.36091613769531 5.43574333190918 5.4819917678833 5.44250345230103
4.25506925582886 4.28877687454224 4.32248449325562 4.35619211196899 4.38989973068237 4.42360734939575 4.45731496810913 4.48821258544922 4.5181736946106 4.54813480377197 4.57809591293335 4.60805702209473 4.6380181312561 4.66797876358032 4.69083595275879 4.69238138198853 4.69392681121826 4.69547176361084 4.69701719284058 4.69856262207031 4.70010805130005 4.70165348052979 4.69293212890625 4.68078851699829 4.66864490509033 4.65650129318237 4.64435768127441 4.63221406936646 4.6200704574585 4.62567329406738 4.68451595306396 4.74335861206055 4.80220079421997 4.86104345321655 4.91988611221313 4.97872829437256 5.03757095336914 5.10788774490356 5.18202924728394 5.25617027282715 5.33031177520752 5.40445327758789 5.47859477996826 5.55273580551147 5.59283399581909 5.53080272674561
4.41875076293945 4.44963693618774 4.48052358627319 4.51140975952148 4.54229640960693 4.57318258285522 4.60406923294067 4.62729072570801 4.64795780181885 4.66862440109253 4.68929100036621 4.70995759963989 4.73062467575073 4.75129127502441 4.76748991012573 4.77028512954712 4.77307987213135 4.77587509155273 4.77866983413696 4.78146505355835 4.78425979614258 4.78705501556396 4.78427362442017 4.77963399887085 4.77499437332153 4.77035474777222 4.7657151222229 4.76107549667358 4.75643587112427 4.76698732376099 4.82311391830444 4.87924003601074 4.93536615371704 4.9914927482605 5.0476188659668 5.1037449836731 5.15987157821655 5.22899484634399 5.30245018005371 5.37590599060059 5.44936180114746 5.52281713485718 5.59627294540405 5.66972875595093 5.70367670059204 5.61910200119019
4.58243179321289 4.61049699783325 4.63856220245361 4.66662740707397 4.69469261169434 4.7227578163147 4.75082302093506 4.7663688659668 4.77774143218994 4.78911399841309 4.80048608779907 4.81185865402222 4.82323122024536 4.83460378646851 4.84414434432983 4.84818887710571 4.85223340988159 4.85627794265747 4.86032247543335 4.86436700820923 4.86841154098511 4.87245655059814 4.87561559677124 4.87847995758057 4.88134384155273 4.88420820236206 4.88707256317139 4.88993644714355 4.89280080795288 4.90830135345459 4.96171140670776 5.01512145996094 5.06853151321411 5.12194156646729 5.17535161972046 5.22876167297363 5.28217172622681 5.35010147094727 5.42287158966064 5.49564123153687 5.56841135025024 5.64118146896362 5.71395111083984 5.78672122955322 5.81451892852783 5.70740079879761
4.74611330032349 4.77135705947876 4.79660129547119 4.82184505462646 4.8470892906189 4.87233352661133 4.8975772857666 4.90544700622559 4.90752506256104 4.90960311889648 4.91168165206909 4.91375970840454 4.91583776473999 4.91791582107544 4.92079830169678 4.92609262466431 4.93138647079468 4.93668079376221 4.94197511672974 4.94726943969727 4.9525637626648 4.95785808563232 4.96695756912231 4.97732543945312 4.98769378662109 4.9980616569519 5.00843000411987 5.01879787445068 5.02916622161865 5.04961538314819 5.10030937194824 5.15100336074829 5.20169687271118 5.25239086151123 5.30308437347412 5.35377836227417 5.40447187423706 5.4712085723877 5.54329299926758 5.6153769493103 5.68746089935303 5.75954532623291 5.83162927627563 5.90371370315552 5.92536115646362 5.79570007324219
4.90979433059692 4.93221712112427 4.95463991165161 4.97706270217896 4.99948596954346 5.0219087600708 5.04433155059814 5.04452514648438 5.03730869293213 5.03009271621704 5.02287673950195 5.01566076278687 5.00844430923462 5.00122833251953 4.99745225906372 5.00399589538574 5.01054000854492 5.01708364486694 5.02362775802612 5.03017139434814 5.03671550750732 5.0432596206665 5.05829954147339 5.07617139816284 5.0940432548523 5.11191511154175 5.12978744506836 5.14765930175781 5.16553115844727 5.1909294128418 5.23890733718872 5.28688478469849 5.33486223220825 5.38283967971802 5.43081712722778 5.47879505157471 5.52677249908447 5.59231567382812 5.66371393203735 5.73511219024658 5.80651092529297 5.8779091835022 5.94930744171143 6.02070617675781 6.03620386123657 5.88399934768677
5.05083084106445 5.07240104675293 5.09397172927856 5.1155424118042 5.13711261749268 5.15868330001831 5.18025398254395 5.17846918106079 5.16889953613281 5.15933036804199 5.14976072311401 5.14019107818604 5.13062143325806 5.12105226516724 5.11571931838989 5.1230959892273 5.13047313690186 5.13784980773926 5.14522695541382 5.15260362625122 5.15998077392578 5.16735744476318 5.18423748016357 5.20428466796875 5.22433185577393 5.2443790435791 5.26442575454712 5.2844729423523 5.30452013015747 5.32944631576538 5.36900997161865 5.40857315063477 5.44813632965088 5.48769998550415 5.52726316452026 5.56682634353638 5.60638999938965 5.66327238082886 5.72592830657959 5.78858423233032 5.8512396812439 5.91389560699463 5.9765510559082 6.03920698165894 6.04609870910645 5.8856987953186
5.16922235488892 5.1919093132019 5.21459627151489 5.23728322982788 5.25997018814087 5.28265762329102 5.305344581604 5.30727958679199 5.30229759216309 5.29731559753418 5.29233360290527 5.28735113143921 5.2823691368103 5.2773871421814 5.27559900283813 5.28339242935181 5.29118585586548 5.29897928237915 5.30677223205566 5.31456565856934 5.32235908508301 5.33015251159668 5.34477138519287 5.36166477203369 5.37855863571167 5.39545249938965 5.41234588623047 5.42923974990845 5.44613313674927 5.46516609191895 5.49061727523804 5.51606845855713 5.54151964187622 5.56697082519531 5.5924220085144 5.6178731918335 5.64332437515259 5.68407964706421 5.72993564605713 5.77579164505005 5.82164812088013 5.86750411987305 5.91336011886597 5.95921659469604 5.95504665374756 5.8007984161377
5.28761339187622 5.31141710281372 5.33522081375122 5.35902452468872 5.38282775878906 5.40663146972656 5.43043518066406 5.43608999252319 5.4356951713562 5.43530082702637 5.43490600585938 5.43451166152954 5.43411684036255 5.43372201919556 5.43547868728638 5.44368839263916 5.4518985748291 5.46010828018188 5.46831798553467 5.47652769088745 5.48473787307739 5.49294757843018 5.50530529022217 5.51904535293579 5.53278541564941 5.5465259552002 5.56026601791382 5.57400608062744 5.58774614334106 5.60088586807251 5.61222505569458 5.62356424331665 5.63490295410156 5.64624214172363 5.6575813293457 5.66892004013062 5.68025922775269 5.7048864364624 5.73394298553467 5.76299953460693 5.7920560836792 5.82111263275146 5.85016918182373 5.879225730896 5.86399412155151 5.71589803695679
5.40600490570068 5.43092489242554 5.45584535598755 5.4807653427124 5.50568532943726 5.53060579299927 5.55552577972412 5.56490039825439 5.56909322738647 5.57328605651855 5.57747888565063 5.58167171478271 5.5858645439148 5.59005737304688 5.59535837173462 5.60398483276367 5.61261081695557 5.62123727798462 5.62986373901367 5.63849020004272 5.64711618423462 5.65574264526367 5.66583919525146 5.67642593383789 5.68701267242432 5.69759941101074 5.70818567276001 5.71877241134644 5.72935914993286 5.73660564422607 5.73383283615112 5.73105955123901 5.7282862663269 5.72551345825195 5.72274017333984 5.71996688842773 5.71719360351562 5.7256932258606 5.73795032501221 5.75020742416382 5.76246404647827 5.77472114562988 5.78697824478149 5.7992353439331 5.77294206619263 5.63099813461304
5.52439641952515 5.55043315887451 5.57646989822388 5.60250616073608 5.62854290008545 5.65457963943481 5.68061637878418 5.6937108039856 5.70249080657959 5.71127128601074 5.7200517654419 5.72883176803589 5.73761224746704 5.74639225006104 5.75523805618286 5.76428079605103 5.77332353591919 5.78236627578735 5.79140949249268 5.80045223236084 5.809494972229 5.81853771209717 5.82637310028076 5.83380651473999 5.84123945236206 5.84867286682129 5.85610580444336 5.86353874206543 5.87097215652466 5.87232542037964 5.85544013977051 5.83855485916138 5.82166957855225 5.80478429794312 5.78789901733398 5.77101373672485 5.75412845611572 5.74650001525879 5.74195766448975 5.73741483688354 5.7328724861145 5.7283296585083 5.72378730773926 5.71924495697021 5.68189001083374 5.54609775543213
5.64278793334961 5.66994094848633 5.69709396362305 5.72424745559692 5.75140047073364 5.77855396270752 5.80570697784424 5.8225212097168 5.83588886260986 5.84925651550293 5.862624168396 5.87599182128906 5.88935947418213 5.90272760391235 5.9151177406311 5.92457723617554 5.93403625488281 5.94349575042725 5.95295476913452 5.96241426467896 5.97187328338623 5.98133277893066 5.98690700531006 5.99118661880493 5.9954662322998 5.99974632263184 6.00402593612671 6.00830554962158 6.01258516311646 6.0080451965332 5.97704792022705 5.9460506439209 5.91505289077759 5.88405561447144 5.85305786132812 5.82206058502197 5.79106283187866 5.76730680465698 5.74596500396729 5.72462272644043 5.70328044891357 5.68193864822388 5.66059637069702 5.63925409317017 5.5908374786377 5.46119737625122
5.76730489730835 5.79125785827637 5.81521129608154 5.83916425704956 5.86311769485474 5.88707065582275 5.91102361679077 5.92786598205566 5.94233846664429 5.95681047439575 5.97128248214722 5.98575496673584 6.0002269744873 6.01469898223877 6.02683401107788 6.03195762634277 6.03708171844482 6.04220533370972 6.04732894897461 6.05245304107666 6.05757665634155 6.06270027160645 6.06354475021362 6.06296253204346 6.06237983703613 6.06179761886597 6.0612154006958 6.06063270568848 6.06005048751831 6.04915380477905 6.00731420516968 5.96547412872314 5.92363452911377 5.8817949295044 5.83995485305786 5.79811525344849 5.75627565383911 5.71970367431641 5.68488788604736 5.65007162094116 5.61525583267212 5.58044004440308 5.54562425613403 5.51080799102783 5.45582580566406 5.34034490585327
5.89794731140137 5.91438388824463 5.93082046508789 5.94725704193115 5.96369361877441 5.98013019561768 5.99656677246094 6.00974607467651 6.02183961868286 6.03393316268921 6.04602670669556 6.0581202507019 6.07021379470825 6.0823073387146 6.09038639068604 6.08642292022705 6.08245944976807 6.07849597930908 6.07453203201294 6.07056856155396 6.06660509109497 6.06264114379883 6.0562858581543 6.04913282394409 6.04198026657104 6.03482723236084 6.02767419815063 6.02052164077759 6.01336860656738 5.99565124511719 5.94623899459839 5.89682674407959 5.84741449356079 5.79800224304199 5.74859046936035 5.69917821884155 5.64976596832275 5.6036901473999 5.55872631072998 5.5137619972229 5.46879816055298 5.42383432388306 5.37887048721313 5.33390665054321 5.27685499191284 5.18353986740112
6.02859020233154 6.03750991821289 6.04642963409424 6.05534982681274 6.06426954269409 6.0731897354126 6.08210945129395 6.0916256904602 6.10134077072144 6.11105585098267 6.12077045440674 6.13048553466797 6.1402006149292 6.14991569519043 6.15393924713135 6.14088821411133 6.12783718109131 6.11478614807129 6.10173511505127 6.08868408203125 6.07563304901123 6.06258201599121 6.04902696609497 6.03530359268188 6.0215802192688 6.00785684585571 5.99413347244263 5.98041009902954 5.96668672561646 5.94214820861816 5.8851637840271 5.82817935943604 5.77119445800781 5.71421003341675 5.65722560882568 5.60024118423462 5.54325675964355 5.4876766204834 5.4325647354126 5.3774528503418 5.32234048843384 5.26722860336304 5.21211671829224 5.15700483322144 5.09788370132446 5.02673482894897
6.15923261642456 6.16063594818115 6.16203927993774 6.16344261169434 6.16484594345093 6.16624927520752 6.16765260696411 6.1735053062439 6.18084192276001 6.18817806243896 6.19551467895508 6.20285129547119 6.21018743515015 6.21752405166626 6.2174916267395 6.19535303115845 6.17321491241455 6.1510763168335 6.1289381980896 6.10679960250854 6.08466148376465 6.06252288818359 6.04176807403564 6.02147436141968 6.00118017196655 5.98088645935059 5.96059274673462 5.94029855728149 5.92000484466553 5.88864517211914 5.82408857345581 5.75953149795532 5.69497489929199 5.6304178237915 5.56586074829102 5.50130414962769 5.4367470741272 5.37166309356689 5.30640316009521 5.24114322662354 5.17588329315186 5.11062335968018 5.0453634262085 4.98010349273682 4.91891241073608 4.86992979049683
6.28987550735474 6.28376197814941 6.27764844894409 6.27153539657593 6.2654218673706 6.25930881500244 6.25319528579712 6.25538539886475 6.26034307479858 6.26530075073242 6.27025890350342 6.27521657943726 6.28017425537109 6.28513240814209 6.28104400634766 6.24981832504272 6.21859264373779 6.18736696243286 6.15614128112793 6.12491512298584 6.09368944168091 6.06246376037598 6.03450918197632 6.00764465332031 5.98078060150146 5.95391607284546 5.92705154418945 5.9001874923706 5.8733229637146 5.83514261245728 5.76301336288452 5.69088411331177 5.61875486373901 5.54662561416626 5.47449636459351 5.40236711502075 5.330237865448 5.25564956665039 5.18024158477783 5.10483360290527 5.02942562103271 4.95401763916016 4.8786096572876 4.80320167541504 4.73994159698486 4.71312475204468
6.42051792144775 6.40688800811768 6.3932580947876 6.37962818145752 6.36599826812744 6.3523678779602 6.33873796463013 6.33726501464844 6.33984422683716 6.34242343902588 6.3450026512146 6.34758186340332 6.35016107559204 6.35274028778076 6.34459638595581 6.304283618927 6.26397037506104 6.22365713119507 6.1833438873291 6.14303112030029 6.10271787643433 6.06240463256836 6.02725028991699 5.9938154220581 5.96038055419922 5.92694568634033 5.89351081848145 5.86007595062256 5.82664108276367 5.78163957595825 5.70193815231323 5.62223625183105 5.54253482818604 5.46283292770386 5.38313150405884 5.30342960357666 5.22372817993164 5.13963556289673 5.05408000946045 4.96852397918701 4.88296794891357 4.79741191864014 4.7118558883667 4.62629985809326 4.56097030639648 4.55631971359253
6.47532510757446 6.46057653427124 6.44582796096802 6.4310793876648 6.41633081436157 6.40158224105835 6.38683319091797 6.38248443603516 6.38160228729248 6.3807201385498 6.37983798980713 6.37895631790161 6.37807416915894 6.37719202041626 6.36481332778931 6.31794595718384 6.27107810974121 6.22421073913574 6.17734289169312 6.13047552108765 6.08360767364502 6.03674030303955 5.99563312530518 5.95644617080688 5.91725921630859 5.8780722618103 5.83888530731201 5.79969835281372 5.76051139831543 5.71031999588013 5.62711524963379 5.54391050338745 5.46070575714111 5.37750101089478 5.29429626464844 5.2110915184021 5.12788677215576 5.04326486587524 4.95816993713379 4.87307548522949 4.78798055648804 4.70288610458374 4.61779165267944 4.53269672393799 4.47264671325684 4.48773002624512
6.45429706573486 6.44482803344727 6.43535852432251 6.42588901519775 6.41641998291016 6.4069504737854 6.39748096466064 6.39104413986206 6.38561773300171 6.38019132614136 6.37476539611816 6.36933898925781 6.36391258239746 6.35848617553711 6.34169435501099 6.29080533981323 6.23991632461548 6.18902730941772 6.13813829421997 6.08724880218506 6.0363597869873 5.98547077178955 5.93965816497803 5.89553737640381 5.85141658782959 5.80729579925537 5.76317501068115 5.71905422210693 5.67493343353271 5.62118339538574 5.53854513168335 5.4559063911438 5.37326812744141 5.29062938690186 5.20799112319946 5.12535238265991 5.04271411895752 4.96653604507446 4.89251232147217 4.81848812103271 4.74446392059326 4.67044019699097 4.59641599655151 4.52239179611206 4.47497034072876 4.50735569000244
