data/working_set_collections/6091692-Cassins_Sparrow-M2/1995/speed_avg.asc
NCOLS 265 
NROWS 230 
XLLCORNER -115.5625 
YLLCORNER 24.8333333333333 
CELLSIZE 0.0833333333333333 
NODATA_value -9999 
[rows 120 to 139 of 230, columns 92 to 137 of 265]
6.65978288650513 6.70484828948975 6.74991369247437 6.79497909545898 6.8400444984436 6.77192783355713 6.66608381271362 6.56023979187012 6.45439577102661 6.3485517501831 6.2427077293396 6.13686370849609 6.0576639175415 6.05839824676514 6.05913209915161 6.05986642837524 6.06060028076172 6.06133460998535 6.06206846237183 6.06280279159546 6.16554880142212 6.3022985458374 6.43904829025269 6.57579851150513 6.71254825592041 6.84929800033569 6.98604774475098 7.09650373458862 7.12807655334473 7.15964937210083 7.19122266769409 7.2227954864502 7.2543683052063 7.2859411239624 7.31751441955566 7.27456092834473 7.20676517486572 7.13896942138672 7.07117366790771 7.00337791442871 6.93558216094971 6.8677864074707 6.82411289215088 6.85280609130859 6.88149881362915 6.91019201278687
6.61173439025879 6.651780128479 6.69182634353638 6.73187255859375 6.77191829681396 6.70235061645508 6.59624481201172 6.4901385307312 6.38403272628784 6.27792692184448 6.17182111740112 6.06571531295776 5.98480367660522 5.97947454452515 5.97414541244507 5.96881628036499 5.96348714828491 5.95815801620483 5.95282888412476 5.94749975204468 6.04861211776733 6.18520498275757 6.32179737091064 6.45839023590088 6.59498262405396 6.73157548904419 6.86816787719727 6.98099136352539 7.02250576019287 7.06402015686035 7.10553455352783 7.14704942703247 7.18856382369995 7.23007822036743 7.27159261703491 7.23133850097656 7.16382789611816 7.09631729125977 7.02880716323853 6.96129655838013 6.89378595352173 6.82627534866333 6.78389835357666 6.81692123413086 6.84994459152222 6.88296794891357
6.56368541717529 6.59871244430542 6.63373899459839 6.66876554489136 6.70379257202148 6.63277339935303 6.52640581130981 6.42003774642944 6.31367015838623 6.20730209350586 6.10093450546265 5.99456691741943 5.91194295883179 5.900550365448 5.88915824890137 5.87776613235474 5.8663740158081 5.85498142242432 5.84358930587769 5.83219718933105 5.93167591094971 6.06811094284058 6.2045464515686 6.34098196029663 6.47741746902466 6.61385297775269 6.75028800964355 6.865478515625 6.91693496704102 6.96839094161987 7.01984691619873 7.07130289077759 7.1227593421936 7.17421531677246 7.22567129135132 7.18811655044556 7.12089109420776 7.05366563796997 6.98644018173218 6.91921520233154 6.85198974609375 6.78476428985596 6.74368381500244 6.78103685379028 6.81839036941528 6.85574340820312
6.51563692092896 6.54564428329468 6.5756516456604 6.60565900802612 6.63566637039185 6.56319618225098 6.45656633377075 6.34993696212769 6.24330711364746 6.1366777420044 6.03004789352417 5.92341804504395 5.83908224105835 5.82162666320801 5.80417156219482 5.78671598434448 5.76926040649414 5.75180530548096 5.73434972763062 5.71689414978027 5.81473922729492 5.95101737976074 6.08729553222656 6.22357368469238 6.3598518371582 6.49612998962402 6.63240814208984 6.74996614456177 6.81136417388916 6.8727617263794 6.93415927886963 6.99555683135986 7.0569543838501 7.11835241317749 7.17974996566772 7.14489412307739 7.07795429229736 7.01101398468018 6.94407367706299 6.8771333694458 6.81019353866577 6.74325323104858 6.70346879959106 6.74515247344971 6.78683614730835 6.82851934432983
6.46758842468262 6.49257659912109 6.51756429672241 6.54255247116089 6.56754064559937 6.49361896514893 6.38672733306885 6.27983617782593 6.17294454574585 6.06605291366577 5.95916128158569 5.85226964950562 5.76622152328491 5.74270296096802 5.71918439865112 5.69566583633423 5.67214727401733 5.64862871170044 5.62511014938354 5.60159158706665 5.69780254364014 5.83392381668091 5.97004461288452 6.10616540908813 6.24228668212891 6.37840747833252 6.51452827453613 6.63445377349854 6.70579290390015 6.77713251113892 6.84847164154053 6.91981077194214 6.99114990234375 7.06248903274536 7.13382863998413 7.10167217254639 7.0350170135498 6.96836233139038 6.9017071723938 6.83505201339722 6.76839733123779 6.70174217224121 6.66325426101685 6.70926809310913 6.75528144836426 6.80129528045654
6.41953945159912 6.43950843811035 6.45947742462158 6.47944593429565 6.49941492080688 6.42404174804688 6.31688833236694 6.20973491668701 6.10258150100708 5.99542808532715 5.88827466964722 5.78112125396729 5.69336080551147 5.66377925872803 5.63419723510742 5.60461568832397 5.57503414154053 5.54545211791992 5.51587057113647 5.48628902435303 5.58086633682251 5.71682977676392 5.85279369354248 5.98875713348389 6.12472105026245 6.26068496704102 6.39664840698242 6.5189414024353 6.60022211074829 6.68150329589844 6.76278400421143 6.84406471252441 6.9253454208374 7.00662612915039 7.08790683746338 7.05844974517822 6.9920802116394 6.92571020126343 6.85934066772461 6.79297065734863 6.72660064697266 6.66023111343384 6.62303972244263 6.6733832359314 6.72372722625732 6.77407121658325
6.36523818969727 6.38261461257935 6.39999103546143 6.41736745834351 6.43474388122559 6.36204385757446 6.25931787490845 6.15659236907959 6.05386686325073 5.95114088058472 5.84841537475586 5.74568939208984 5.66010522842407 5.62594556808472 5.59178590774536 5.55762624740601 5.52346658706665 5.4893069267273 5.45514726638794 5.42098712921143 5.51493883132935 5.65159368515015 5.78824853897095 5.92490386962891 6.06155872344971 6.19821357727051 6.33486843109131 6.45950412750244 6.54808139801025 6.63665819168091 6.72523546218872 6.81381273269653 6.90238952636719 6.990966796875 7.07954359054565 7.05089712142944 6.98317623138428 6.91545486450195 6.84773349761963 6.78001260757446 6.71229124069214 6.64457035064697 6.6064043045044 6.65690422058105 6.70740365982056 6.75790357589722
6.30468368530273 6.32189464569092 6.33910608291626 6.35631704330444 6.37352800369263 6.30762481689453 6.21401643753052 6.1204080581665 6.02679967880249 5.93319129943848 5.83958292007446 5.74597454071045 5.6664547920227 5.62920236587524 5.59194993972778 5.55469751358032 5.5174446105957 5.48019218444824 5.44293975830078 5.40568733215332 5.50002002716064 5.63821506500244 5.77640962600708 5.91460466384888 6.05279922485352 6.19099378585815 6.32918882369995 6.45614194869995 6.54936981201172 6.64259815216064 6.73582601547241 6.82905435562134 6.92228269577026 7.01551055908203 7.10873889923096 7.07901382446289 7.00830507278442 6.9375958442688 6.86688661575317 6.79617786407471 6.72546863555908 6.65475940704346 6.61334800720215 6.65982961654663 6.70631122589111 6.7527928352356
6.2441291809082 6.26117515563965 6.27822065353394 6.29526662826538 6.31231260299683 6.2532057762146 6.16871452331543 6.08422327041626 5.99973249435425 5.91524124145508 5.83074998855591 5.7462592124939 5.67280435562134 5.63245916366577 5.5921139717102 5.55176830291748 5.51142311096191 5.47107791900635 5.43073225021362 5.39038705825806 5.4851016998291 5.62483644485474 5.76457071304321 5.90430545806885 6.04403972625732 6.18377447128296 6.32350873947144 6.45277976989746 6.55065870285034 6.64853811264038 6.74641704559326 6.84429597854614 6.94217538833618 7.04005432128906 7.1379337310791 7.10713052749634 7.03343391418457 6.95973682403564 6.88603973388672 6.81234312057495 6.73864603042603 6.6649489402771 6.62029218673706 6.66275548934937 6.70521879196167 6.74768209457397
6.18357467651367 6.20045518875122 6.21733570098877 6.23421621322632 6.25109672546387 6.19878673553467 6.12341260910034 6.04803895950317 5.97266530990601 5.89729166030884 5.82191753387451 5.74654388427734 5.67915391921997 5.6357159614563 5.59227752685547 5.5488395690918 5.50540161132812 5.4619631767273 5.41852521896362 5.37508726119995 5.47018337249756 5.61145734786987 5.75273180007935 5.89400625228882 6.03528022766113 6.1765546798706 6.31782913208008 6.44941759109497 6.55194759368896 6.65447759628296 6.75700807571411 6.8595380783081 6.9620680809021 7.06459856033325 7.16712856292725 7.13524770736694 7.05856275558472 6.98187780380249 6.90519285202026 6.82850790023804 6.75182342529297 6.67513847351074 6.62723588943481 6.6656813621521 6.70412635803223 6.74257135391235
6.12302017211914 6.13973569869995 6.1564507484436 6.17316579818726 6.18988084793091 6.14436769485474 6.07811117172241 6.01185464859009 5.94559812545776 5.87934160232544 5.81308507919312 5.74682855606079 5.6855034828186 5.63897275924683 5.59244155883789 5.54591083526611 5.49937963485718 5.4528489112854 5.40631771087646 5.35978698730469 5.45526456832886 5.59807872772217 5.74089288711548 5.88370704650879 6.0265212059021 6.16933536529541 6.31214904785156 6.44605493545532 6.55323648452759 6.6604175567627 6.7675986289978 6.87477970123291 6.98196125030518 7.08914232254028 7.19632339477539 7.16336441040039 7.08369159698486 7.00401878356934 6.92434597015381 6.84467315673828 6.76500034332275 6.68532800674438 6.63418006896973 6.66860675811768 6.70303392410278 6.73746061325073
6.06246566772461 6.07901573181152 6.09556579589844 6.11211538314819 6.12866544723511 6.0899486541748 6.03280925750732 5.97566986083984 5.91853094100952 5.86139154434204 5.80425262451172 5.74711322784424 5.69185304641724 5.64222955703735 5.59260559082031 5.54298162460327 5.49335813522339 5.44373416900635 5.39411067962646 5.34448671340942 5.44034624099731 5.58470010757446 5.72905397415161 5.87340784072876 6.01776170730591 6.16211557388306 6.3064694404602 6.44269275665283 6.55452489852905 6.66635704040527 6.77818965911865 6.89002180099487 7.00185394287109 7.11368608474731 7.22551822662354 7.19148111343384 7.10882043838501 7.02615976333618 6.94349908828735 6.86083841323853 6.7781777381897 6.69551706314087 6.64112377166748 6.67153263092041 6.70194149017334 6.73234987258911
6.06998777389526 6.0826997756958 6.09541130065918 6.10812330245972 6.12083530426025 6.084059715271 6.03078842163086 5.97751712799072 5.92424583435059 5.87097454071045 5.81770324707031 5.76443195343018 5.71185398101807 5.66135454177856 5.61085557937622 5.56035614013672 5.50985717773438 5.45935821533203 5.40885877609253 5.35835981369019 5.45182323455811 5.59327411651611 5.73472499847412 5.87617635726929 6.0176272392273 6.1590781211853 6.30052947998047 6.43441486358643 6.54560470581055 6.65679454803467 6.76798439025879 6.87917470932007 6.99036455154419 7.10155439376831 7.21274423599243 7.18147373199463 7.10271596908569 7.02395868301392 6.94520139694214 6.86644411087036 6.78768682479858 6.70892953872681 6.65609455108643 6.68102741241455 6.70595979690552 6.73089265823364
6.14558601379395 6.15078735351562 6.1559886932373 6.16118955612183 6.16639089584351 6.12670135498047 6.07204866409302 6.01739597320557 5.96274328231812 5.90809011459351 5.85343742370605 5.7987847328186 5.74550580978394 5.69634866714478 5.64719152450562 5.59803438186646 5.5488772392273 5.49971961975098 5.45056247711182 5.40140533447266 5.48969554901123 5.62380075454712 5.75790643692017 5.89201211929321 6.02611780166626 6.16022348403931 6.29432916641235 6.42122173309326 6.52647590637207 6.63173007965088 6.73698425292969 6.84223794937134 6.94749212265015 7.05274629592896 7.15800046920776 7.1333417892456 7.06537914276123 6.9974160194397 6.92945337295532 6.86149024963379 6.79352760314941 6.72556447982788 6.6790919303894 6.6970911026001 6.71508979797363 6.73308897018433
6.22118473052979 6.21887493133545 6.21656560897827 6.21425580978394 6.2119460105896 6.16934299468994 6.11330890655518 6.05727434158325 6.00124025344849 5.94520568847656 5.8891716003418 5.83313751220703 5.7791576385498 5.73134231567383 5.68352746963501 5.63571214675903 5.58789682388306 5.54008150100708 5.49226665496826 5.44445133209229 5.5275673866272 5.65432786941528 5.78108787536621 5.9078483581543 6.03460836410522 6.16136837005615 6.28812885284424 6.4080286026001 6.50734663009644 6.60666513442993 6.70598363876343 6.80530166625977 6.90462017059326 7.00393867492676 7.1032567024231 7.08521032333374 7.02804183959961 6.97087335586548 6.91370487213135 6.85653638839722 6.79936790466309 6.74219942092896 6.70208978652954 6.71315479278564 6.72421979904175 6.73528480529785
6.29678297042847 6.28696298599243 6.27714252471924 6.26732206344604 6.25750160217285 6.21198463439941 6.15456914901733 6.0971531867981 6.03973722457886 5.98232126235962 5.92490577697754 5.8674898147583 5.81280946731567 5.76633644104004 5.7198634147644 5.67338991165161 5.62691688537598 5.58044338226318 5.53397035598755 5.48749685287476 5.56543970108032 5.68485450744629 5.80426931381226 5.92368412017822 6.04309892654419 6.16251373291016 6.28192853927612 6.39483499526978 6.48821783065796 6.58160018920898 6.67498302459717 6.76836538314819 6.86174821853638 6.9551305770874 7.04851341247559 7.03707838058472 6.99070453643799 6.94433069229126 6.89795637130737 6.85158252716064 6.80520868301392 6.75883483886719 6.72508716583252 6.72921848297119 6.73334980010986 6.73748111724854
6.37238168716431 6.35505056381226 6.3377194404602 6.32038831710815 6.3030571937561 6.25462627410889 6.19582891464233 6.13703155517578 6.07823467254639 6.01943731307983 5.96063995361328 5.90184259414673 5.8464617729187 5.80133056640625 5.7561993598938 5.71106767654419 5.66593647003174 5.62080526351929 5.57567405700684 5.53054285049438 5.60331201553345 5.71538162231445 5.8274507522583 5.93951988220215 6.05158948898315 6.163658618927 6.27572822570801 6.38164186477661 6.46908855438232 6.55653524398804 6.64398241043091 6.73142910003662 6.81887578964233 6.9063229560852 6.99376964569092 6.98894691467285 6.95336723327637 6.91778802871704 6.88220834732056 6.84662866592407 6.81104946136475 6.77546977996826 6.7480845451355 6.74528217315674 6.74247980117798 6.73967742919922
6.44797992706299 6.42313814163208 6.39829635620117 6.37345457077026 6.34861278533936 6.29726791381836 6.23708915710449 6.17691040039062 6.11673164367676 6.05655288696289 5.99637365341187 5.936194896698 5.88011360168457 5.8363242149353 5.79253482818604 5.74874591827393 5.70495653152466 5.66116714477539 5.61737775802612 5.57358884811401 5.64118432998657 5.74590826034546 5.85063219070435 5.95535612106323 6.06008005142212 6.16480398178101 6.26952791213989 6.36844825744629 6.44995975494385 6.53147077560425 6.61298179626465 6.69449281692505 6.77600383758545 6.85751485824585 6.93902635574341 6.94081497192383 6.91602993011475 6.89124488830566 6.86645984649658 6.8416748046875 6.81688976287842 6.79210472106934 6.77108192443848 6.76134586334229 6.75160980224609 6.74187326431274
6.4736385345459 6.4450306892395 6.4164228439331 6.38781452178955 6.35920667648315 6.30842447280884 6.25025129318237 6.19207811355591 6.13390445709229 6.07573127746582 6.01755809783936 5.95938444137573 5.90566253662109 5.86529493331909 5.82492685317993 5.78455924987793 5.74419116973877 5.70382356643677 5.66345548629761 5.62308788299561 5.68636560440063 5.78419160842896 5.88201808929443 5.97984409332275 6.07767057418823 6.17549657821655 6.27332305908203 6.36511182785034 6.43878984451294 6.51246786117554 6.58614587783813 6.65982389450073 6.73350191116333 6.80717992782593 6.88085794448853 6.88782167434692 6.87254667282104 6.85727214813232 6.84199714660645 6.82672262191772 6.81144762039185 6.79617309570312 6.78094911575317 6.76587724685669 6.75080585479736 6.73573446273804
6.4493579864502 6.42072820663452 6.39209842681885 6.36346864700317 6.3348388671875 6.28809595108032 6.23531484603882 6.18253421783447 6.12975358963013 6.07697248458862 6.02419185638428 5.97141122817993 5.92310857772827 5.8882417678833 5.85337495803833 5.8185076713562 5.78364086151123 5.74877405166626 5.71390676498413 5.67903995513916 5.73885536193848 5.83023166656494 5.92160797119141 6.01298427581787 6.10436058044434 6.1957368850708 6.28711318969727 6.37163257598877 6.43557977676392 6.49952745437622 6.56347513198853 6.62742280960083 6.69137048721313 6.75531768798828 6.81926536560059 6.82996559143066 6.8229169845581 6.81586837768555 6.80881977081299 6.80177116394043 6.79472255706787 6.78767442703247 6.77768564224243 6.75887680053711 6.74006843566895 6.72126007080078
