data/working_set_collections/6091692-Cassins_Sparrow-M2/1995/speed_avg.asc
NCOLS 265 
NROWS 230 
XLLCORNER -115.5625 
YLLCORNER 24.8333333333333 
CELLSIZE 0.0833333333333333 
NODATA_value -9999 
[rows 80 to 99 of 230, columns 184 to 229 of 265]
7.44148397445679 7.44326782226562 7.4450511932373 7.4418568611145 7.43700265884399 7.43214893341064 7.42729473114014 7.42244100570679 7.41758680343628 7.41273307800293 7.40617752075195 7.39451742172241 7.38285684585571 7.37119674682617 7.35953617095947 7.34787607192993 7.33621597290039 7.32455539703369 7.31283378601074 7.30109214782715 7.2893500328064 7.27760791778564 7.26586580276489 7.25412368774414 7.24238204956055 7.23366355895996 7.23401594161987 7.23436880111694 7.23472118377686 7.23507404327393 7.23542642593384 7.23577928543091 7.23613166809082 7.23981809616089 7.24461555480957 7.24941301345825 7.25421094894409 7.25900840759277 7.26380586624146 7.26860332489014 7.26893424987793 7.25586414337158 7.24279451370239 7.2297248840332 7.21665525436401 7.20358562469482
7.42211151123047 7.42090797424316 7.41970443725586 7.4140772819519 7.40697574615479 7.39987421035767 7.3927731513977 7.38567161560059 7.37857007980347 7.37146854400635 7.36303567886353 7.35060834884644 7.33818054199219 7.3257532119751 7.31332588195801 7.30089807510376 7.28847074508667 7.27604341506958 7.26533937454224 7.25520992279053 7.24508047103882 7.23495101928711 7.2248215675354 7.21469211578369 7.20456266403198 7.1974925994873 7.19960021972656 7.20170783996582 7.20381546020508 7.20592308044434 7.20803070068359 7.21013832092285 7.21224594116211 7.21639060974121 7.22121429443359 7.22603845596313 7.23086214065552 7.23568630218506 7.24050998687744 7.24533414840698 7.24583387374878 7.23336172103882 7.2208890914917 7.20841693878174 7.19594430923462 7.18347215652466
7.40273904800415 7.3985481262207 7.39435720443726 7.38629770278931 7.37694883346558 7.36759996414185 7.35825109481812 7.34890222549438 7.33955335617065 7.33020448684692 7.3198938369751 7.30669927597046 7.29350423812866 7.28030967712402 7.26711511611938 7.25392007827759 7.24072551727295 7.22753095626831 7.21784448623657 7.20932769775391 7.20081090927124 7.19229412078857 7.18377733230591 7.17526054382324 7.16674375534058 7.16132164001465 7.16518402099609 7.1690468788147 7.17290925979614 7.17677211761475 7.18063449859619 7.18449687957764 7.18835973739624 7.19296312332153 7.19781351089478 7.20266342163086 7.2075138092041 7.21236419677734 7.21721458435059 7.22206497192383 7.22273397445679 7.2108588218689 7.19898366928101 7.18710851669312 7.17523384094238 7.16335868835449
7.38336610794067 7.37618827819824 7.36901044845581 7.35851860046387 7.34692192077637 7.33532571792603 7.32372903823853 7.31213283538818 7.30053615570068 7.28893995285034 7.27675199508667 7.26279020309448 7.2488284111023 7.23486614227295 7.22090435028076 7.20694255828857 7.19298028945923 7.17901849746704 7.17035007476807 7.16344547271729 7.15654134750366 7.14963722229004 7.14273309707642 7.13582897186279 7.12892436981201 7.12515068054199 7.13076829910278 7.13638591766357 7.14200353622437 7.14762115478516 7.15323829650879 7.15885591506958 7.16447353363037 7.16953563690186 7.1744122505188 7.17928886413574 7.18416547775269 7.18904209136963 7.19391870498657 7.19879531860352 7.19963359832764 7.18835592269897 7.17707824707031 7.16580057144165 7.15452289581299 7.14324522018433
7.39834356307983 7.3912353515625 7.38412714004517 7.37276458740234 7.35998392105103 7.34720373153687 7.33442306518555 7.32164239883423 7.30886173248291 7.29608106613159 7.2824854850769 7.26644420623779 7.25040340423584 7.23436260223389 7.21832180023193 7.20228099822998 7.18623971939087 7.17019891738892 7.1605167388916 7.15295457839966 7.14539194107056 7.13782930374146 7.13026714324951 7.12270450592041 7.11514186859131 7.11079406738281 7.11609077453613 7.1213870048523 7.12668323516846 7.13197946548462 7.13727617263794 7.1425724029541 7.14786863327026 7.15261173248291 7.15717029571533 7.1617283821106 7.16628694534302 7.17084503173828 7.1754035949707 7.17996215820312 7.18080615997314 7.17050743103027 7.1602087020874 7.14991044998169 7.13961172103882 7.12931299209595
7.44767093658447 7.44368982315063 7.43970823287964 7.42903661727905 7.41613531112671 7.40323352813721 7.39033222198486 7.37743043899536 7.36452913284302 7.35162734985352 7.33709335327148 7.31766176223755 7.29823017120361 7.27879858016968 7.25936698913574 7.23993539810181 7.22050380706787 7.20107221603394 7.18834590911865 7.17785406112671 7.16736268997192 7.15687084197998 7.1463794708252 7.13588762283325 7.12539577484131 7.11825180053711 7.12115097045898 7.12405014038086 7.12694931030273 7.12984800338745 7.13274717330933 7.1356463432312 7.13854551315308 7.1421914100647 7.14608716964722 7.14998245239258 7.15387773513794 7.15777349472046 7.16166877746582 7.16556406021118 7.16625118255615 7.15731334686279 7.14837551116943 7.13943767547607 7.13049983978271 7.12156200408936
7.49699831008911 7.49614381790161 7.49528932571411 7.48530864715576 7.47228622436523 7.45926380157471 7.44624137878418 7.43321895599365 7.42019653320312 7.4071741104126 7.39170169830322 7.3688793182373 7.34605693817139 7.32323503494263 7.30041265487671 7.27759027481079 7.25476789474487 7.23194599151611 7.21617460250854 7.20275402069092 7.18933296203613 7.17591238021851 7.16249132156372 7.14907073974609 7.13565015792847 7.12571001052856 7.12621164321899 7.12671327590942 7.12721490859985 7.12771654129028 7.12821817398071 7.1287202835083 7.12922191619873 7.13177156448364 7.1350040435791 7.13823652267456 7.14146900177002 7.14470148086548 7.14793395996094 7.15116596221924 7.15169620513916 7.14411926269531 7.13654232025146 7.12896537780762 7.12138843536377 7.11381149291992
7.54632568359375 7.54859781265259 7.55087041854858 7.54158067703247 7.52843761444092 7.51529407501221 7.5021505355835 7.48900747299194 7.47586393356323 7.46272039413452 7.44631004333496 7.42009687423706 7.39388370513916 7.36767101287842 7.34145784378052 7.31524515151978 7.28903198242188 7.26281929016113 7.2440037727356 7.22765350341797 7.2113037109375 7.19495391845703 7.1786036491394 7.16225385665894 7.14590406417847 7.13316774368286 7.13127183914185 7.12937641143799 7.12748098373413 7.12558507919312 7.12368965148926 7.12179374694824 7.11989831924438 7.12135171890259 7.12392091751099 7.12649059295654 7.12905979156494 7.1316294670105 7.1341986656189 7.13676834106445 7.13714122772217 7.13092517852783 7.1247091293335 7.118492603302 7.11227655410767 7.10606050491333
7.59565305709839 7.60105228424072 7.60645151138306 7.59785270690918 7.58458852767944 7.57132434844971 7.55806016921997 7.54479551315308 7.53153133392334 7.5182671546936 7.50091791152954 7.47131443023682 7.44171094894409 7.41210699081421 7.38250350952148 7.35290002822876 7.32329607009888 7.29369258880615 7.27183246612549 7.25255346298218 7.23327445983887 7.2139949798584 7.19471597671509 7.17543697357178 7.15615797042847 7.14062547683716 7.13633251190186 7.13203954696655 7.12774658203125 7.12345361709595 7.11916065216064 7.11486768722534 7.11057472229004 7.11093139648438 7.11283779144287 7.11474466323853 7.11665105819702 7.11855745315552 7.12046384811401 7.12237024307251 7.12258625030518 7.11773109436035 7.11287546157837 7.10802030563354 7.10316514968872 7.09830951690674
7.64498043060303 7.6535062789917 7.66203212738037 7.65412473678589 7.64073944091797 7.62735462188721 7.61396932601929 7.60058403015137 7.58719873428345 7.57381343841553 7.55552625656128 7.52253198623657 7.48953771591187 7.45654344558716 7.42354917526245 7.39055442810059 7.35756015777588 7.32456588745117 7.29966115951538 7.27745294570923 7.25524473190308 7.23303651809692 7.21082830429077 7.18862009048462 7.16641187667847 7.14808320999146 7.14139270782471 7.13470268249512 7.12801218032837 7.12132215499878 7.11463165283203 7.10794162750244 7.10125112533569 7.10051155090332 7.10175514221191 7.10299825668335 7.10424184799194 7.10548543930054 7.10672903060913 7.10797262191772 7.10803174972534 7.10453701019287 7.1010422706604 7.09754800796509 7.09405326843262 7.09055852890015
7.67406034469604 7.68387651443481 7.69369268417358 7.68670845031738 7.67412424087524 7.66153955459595 7.64895534515381 7.63637113571167 7.62378692626953 7.61120223999023 7.59343194961548 7.56010341644287 7.52677488327026 7.49344635009766 7.46011781692505 7.42678928375244 7.39346075057983 7.36013221740723 7.33359718322754 7.30932664871216 7.28505659103394 7.26078605651855 7.23651599884033 7.21224546432495 7.18797540664673 7.16760921478271 7.15895652770996 7.15030384063721 7.14165115356445 7.1329984664917 7.12434577941895 7.11569309234619 7.10704040527344 7.10532522201538 7.10592222213745 7.10651969909668 7.10711669921875 7.10771417617798 7.10831117630005 7.10890865325928 7.10848093032837 7.10497856140137 7.10147666931152 7.09797430038452 7.09447240829468 7.09097003936768
7.6828932762146 7.69216299057007 7.70143222808838 7.6956033706665 7.68474197387695 7.67388010025024 7.66301870346069 7.65215682983398 7.64129495620728 7.63043355941772 7.6146354675293 7.58402919769287 7.55342292785645 7.52281618118286 7.49220991134644 7.46160364151001 7.43099689483643 7.400390625 7.3736400604248 7.34817457199097 7.32270956039429 7.29724407196045 7.27177858352661 7.24631357192993 7.22084808349609 7.1992039680481 7.18902397155762 7.17884349822998 7.16866302490234 7.15848302841187 7.14830255508423 7.13812255859375 7.12794208526611 7.12537288665771 7.12534046173096 7.1253080368042 7.12527561187744 7.12524318695068 7.12521076202393 7.12517833709717 7.12393474578857 7.11905670166016 7.11417865753174 7.10930013656616 7.10442209243774 7.09954404830933
7.69172620773315 7.70044898986816 7.70917224884033 7.70449876785278 7.69535970687866 7.68622064590454 7.67708158493042 7.6679425239563 7.65880346298218 7.64966440200806 7.63583946228027 7.60795497894287 7.58007049560547 7.55218648910522 7.52430200576782 7.49641799926758 7.46853351593018 7.44064950942993 7.41368293762207 7.38702249526978 7.36036205291748 7.33370208740234 7.30704164505005 7.28038120269775 7.25372076034546 7.23079872131348 7.21909093856812 7.20738315582275 7.19567489624023 7.18396711349487 7.17225933074951 7.16055154800415 7.14884376525879 7.14542007446289 7.1447582244873 7.14409637451172 7.14343452453613 7.14277219772339 7.1421103477478 7.14144849777222 7.13938856124878 7.13313436508179 7.1268801689148 7.12062644958496 7.11437225341797 7.10811805725098
7.70055866241455 7.70873546600342 7.71691179275513 7.7133936882019 7.70597743988037 7.69856119155884 7.69114446640015 7.68372821807861 7.67631196975708 7.66889572143555 7.65704298019409 7.63188076019287 7.60671854019165 7.58155632019043 7.55639457702637 7.53123235702515 7.50607013702393 7.4809079170227 7.45372581481934 7.42587041854858 7.39801502227783 7.37015962600708 7.34230422973633 7.31444883346558 7.28659391403198 7.26239347457886 7.24915790557861 7.23592233657837 7.22268724441528 7.20945167541504 7.1962161064148 7.18298053741455 7.16974544525146 7.16546773910522 7.16417598724365 7.16288471221924 7.16159296035767 7.16030168533325 7.15900993347168 7.15771865844727 7.15484237670898 7.14721202850342 7.13958215713501 7.1319522857666 7.12432193756104 7.11669206619263
7.7093915939331 7.71702146530151 7.72465133666992 7.72228860855103 7.71659517288208 7.71090126037598 7.70520782470703 7.69951391220093 7.69382047653198 7.68812656402588 7.67824649810791 7.65580654144287 7.63336658477783 7.61092662811279 7.58848667144775 7.56604671478271 7.54360675811768 7.52116680145264 7.4937686920166 7.46471834182739 7.43566799163818 7.40661764144897 7.37756729125977 7.34851694107056 7.31946659088135 7.29398775100708 7.27922487258911 7.26446199417114 7.24969911575317 7.23493576049805 7.22017288208008 7.20541000366211 7.19064712524414 7.18551540374756 7.18359422683716 7.18167304992676 7.17975187301636 7.17783069610596 7.17590951919556 7.17398834228516 7.17029619216919 7.16129016876221 7.15228414535522 7.14327812194824 7.13427209854126 7.12526607513428
7.71822452545166 7.72530794143677 7.73239135742188 7.7311840057373 7.72721290588379 7.72324180603027 7.71927070617676 7.71529960632324 7.71132898330688 7.70735788345337 7.69945001602173 7.67973232269287 7.66001462936401 7.640296459198 7.62057876586914 7.60086107254028 7.58114290237427 7.56142520904541 7.53381156921387 7.5035662651062 7.47332096099854 7.44307565689087 7.41282987594604 7.38258457183838 7.35233926773071 7.32558250427246 7.30929183959961 7.29300165176392 7.27671098709106 7.26042032241821 7.24412965774536 7.22783899307251 7.21154832839966 7.20556306838989 7.20301198959351 7.20046138763428 7.19791078567505 7.19535970687866 7.19280910491943 7.1902585029602 7.1857500076294 7.17536783218384 7.16498565673828 7.15460395812988 7.14422178268433 7.13383960723877
7.71306800842285 7.71760749816895 7.72214698791504 7.72028112411499 7.71627950668335 7.71227836608887 7.70827722549438 7.7042760848999 7.70027494430542 7.69627380371094 7.68904495239258 7.67213344573975 7.65522193908691 7.63831043243408 7.62139892578125 7.60448694229126 7.58757543563843 7.5706639289856 7.54505443572998 7.51654577255249 7.48803663253784 7.45952796936035 7.4310188293457 7.40251016616821 7.37400150299072 7.34857559204102 7.33239889144897 7.31622266769409 7.30004596710205 7.28386926651001 7.26769256591797 7.25151634216309 7.23533964157104 7.22849559783936 7.22476291656494 7.22102975845337 7.21729707717896 7.21356391906738 7.20983123779297 7.2060980796814 7.20034456253052 7.18852806091309 7.17671155929565 7.16489553451538 7.15307903289795 7.14126253128052
7.69392251968384 7.6939206123352 7.69391870498657 7.68957996368408 7.68379592895508 7.67801141738892 7.67222738265991 7.66644334793091 7.66065883636475 7.65487480163574 7.64703130722046 7.63301038742065 7.61898899078369 7.60496759414673 7.59094667434692 7.57692527770996 7.562903881073 7.54888296127319 7.52749681472778 7.5036563873291 7.47981548309326 7.45597505569458 7.43213415145874 7.4082932472229 7.38445281982422 7.36296701431274 7.34854602813721 7.33412504196167 7.31970405578613 7.3052830696106 7.29086208343506 7.27644109725952 7.26202011108398 7.25431394577026 7.24884653091431 7.24337863922119 7.23791074752808 7.23244333267212 7.226975440979 7.22150754928589 7.21407985687256 7.20077085494995 7.18746185302734 7.17415285110474 7.16084384918213 7.14753484725952
7.67477703094482 7.67023372650146 7.66568994522095 7.65887880325317 7.65131187438965 7.64374446868896 7.63617753982544 7.62861013412476 7.62104320526123 7.61347579956055 7.60501766204834 7.5938868522644 7.58275604248047 7.57162523269653 7.5604944229126 7.54936361312866 7.53823232650757 7.52710151672363 7.50993967056274 7.49076700210571 7.47159433364868 7.45242166519165 7.43324899673462 7.41407680511475 7.39490413665771 7.37735843658447 7.36469268798828 7.35202741622925 7.33936214447021 7.32669687271118 7.31403112411499 7.30136585235596 7.28870058059692 7.28013229370117 7.27292966842651 7.26572751998901 7.25852489471436 7.2513222694397 7.24411964416504 7.23691701889038 7.22781467437744 7.21301317214966 7.19821166992188 7.18340969085693 7.16860818862915 7.15380668640137
7.65563154220581 7.64654684066772 7.63746166229248 7.62817764282227 7.61882781982422 7.60947751998901 7.60012722015381 7.59077739715576 7.58142709732056 7.57207679748535 7.56300401687622 7.55476379394531 7.54652309417725 7.53828239440918 7.53004217147827 7.5218014717102 7.5135612487793 7.50532054901123 7.49238204956055 7.47787761688232 7.4633731842041 7.44886875152588 7.43436431884766 7.41985988616943 7.40535545349121 7.39174938201904 7.38083982467651 7.36992979049683 7.3590202331543 7.34811019897461 7.33720064163208 7.32629108428955 7.31538105010986 7.30595064163208 7.29701328277588 7.28807592391968 7.27913856506348 7.27020120620728 7.26126384735107 7.25232648849487 7.24154996871948 7.22525596618652 7.20896148681641 7.19266700744629 7.17637252807617 7.16007852554321
