data/working_set_collections/6091692-Cassins_Sparrow-M2/1995/speed_avg.asc
NCOLS 265 
NROWS 230 
XLLCORNER -115.5625 
YLLCORNER 24.8333333333333 
CELLSIZE 0.0833333333333333 
NODATA_value -9999 
[rows 100 to 119 of 230, columns 184 to 229 of 265]
7.63648653030396 7.62285995483398 7.60923337936401 7.59747695922852 7.58634376525879 7.57521057128906 7.56407737731934 7.55294418334961 7.54181098937988 7.53067779541016 7.5209903717041 7.51564025878906 7.51029014587402 7.50494003295898 7.49958992004395 7.49423980712891 7.48888969421387 7.48353958129883 7.47482442855835 7.46498823165894 7.45515203475952 7.44531583786011 7.43547916412354 7.42564296722412 7.41580677032471 7.40614080429077 7.39698648452759 7.38783264160156 7.37867832183838 7.3695240020752 7.36037015914917 7.35121583938599 7.3420615196228 7.33176898956299 7.32109689712524 7.3104248046875 7.29975271224976 7.28908061981201 7.27840852737427 7.26773643493652 7.25528526306152 7.23749828338623 7.21971130371094 7.20192432403564 7.18413734436035 7.16635036468506
7.61734104156494 7.59917306900024 7.58100461959839 7.56677579879761 7.55385971069336 7.54094362258911 7.52802753448486 7.51511144638062 7.50219535827637 7.48927879333496 7.47897720336914 7.47651720046997 7.4740571975708 7.47159767150879 7.46913766860962 7.46667766571045 7.46421813964844 7.46175813674927 7.45726728439331 7.45209884643555 7.44693088531494 7.44176244735718 7.43659448623657 7.43142604827881 7.4262580871582 7.4205322265625 7.41313362121582 7.40573501586914 7.39833641052246 7.39093780517578 7.3835391998291 7.37614059448242 7.36874198913574 7.3575873374939 7.34518051147461 7.33277320861816 7.32036638259888 7.30795955657959 7.2955527305603 7.28314590454102 7.26902055740356 7.2497410774231 7.23046112060547 7.211181640625 7.19190168380737 7.1726222038269
7.57811784744263 7.5581579208374 7.53819799423218 7.52374124526978 7.51111888885498 7.49849653244019 7.48587417602539 7.4732518196106 7.4606294631958 7.44800710678101 7.43848514556885 7.43826341629028 7.43804168701172 7.437819480896 7.43759775161743 7.43737602233887 7.4371542930603 7.43693256378174 7.43522596359253 7.4330244064331 7.43082237243652 7.4286208152771 7.42641925811768 7.42421770095825 7.42201566696167 7.41896438598633 7.41336345672607 7.40776205062866 7.40216112136841 7.39656019210815 7.3909592628479 7.38535785675049 7.37975692749023 7.36884546279907 7.35616397857666 7.34348201751709 7.33080053329468 7.31811857223511 7.3054370880127 7.29275512695312 7.278000831604 7.25702714920044 7.23605394363403 7.21508026123047 7.19410705566406 7.17313385009766
7.51881790161133 7.49981498718262 7.48081254959106 7.46837282180786 7.45812129974365 7.44786930084229 7.43761777877808 7.42736625671387 7.4171142578125 7.40686273574829 7.39951467514038 7.40087890625 7.40224266052246 7.40360689163208 7.40497064590454 7.406334400177 7.40769863128662 7.40906238555908 7.40870094299316 7.4077639579773 7.40682744979858 7.40589046478271 7.404953956604 7.40401697158813 7.40307998657227 7.40143728256226 7.39767551422119 7.39391422271729 7.39015245437622 7.38639116287231 7.38262939453125 7.37886762619019 7.37510633468628 7.36554336547852 7.3540472984314 7.34255075454712 7.33105421066284 7.31955766677856 7.30806159973145 7.29656505584717 7.28222560882568 7.25935745239258 7.23648929595947 7.21362113952637 7.19075298309326 7.16788482666016
7.45951747894287 7.44147205352783 7.42342710494995 7.4130048751831 7.40512371063232 7.39724254608154 7.38936138153076 7.38148021697998 7.3735990524292 7.36571788787842 7.36054468154907 7.36349439620972 7.36644411087036 7.36939382553101 7.37234354019165 7.37529277801514 7.37824249267578 7.38119220733643 7.3821759223938 7.38250398635864 7.38283205032349 7.38316011428833 7.38348817825317 7.38381624221802 7.38414478302002 7.38391017913818 7.38198804855347 7.38006591796875 7.37814378738403 7.37622165679932 7.3742995262146 7.37237787246704 7.37045574188232 7.36224174499512 7.35193061828613 7.34161949157715 7.33130836486816 7.32099676132202 7.31068563461304 7.30037450790405 7.28645038604736 7.26168775558472 7.23692464828491 7.21216154098511 7.18739891052246 7.16263580322266
7.40021705627441 7.38312911987305 7.36604118347168 7.35763645172119 7.352126121521 7.34661531448364 7.34110498428345 7.33559465408325 7.3300838470459 7.3245735168457 7.3215742111206 7.32610988616943 7.3306450843811 7.33518075942993 7.3397159576416 7.34425163269043 7.3487868309021 7.35332202911377 7.35565090179443 7.35724401473999 7.35883665084839 7.36042976379395 7.3620228767395 7.36361598968506 7.36520910263062 7.36638307571411 7.36630058288574 7.36621809005737 7.36613512039185 7.36605262756348 7.36597013473511 7.36588764190674 7.36580467224121 7.35893964767456 7.34981393814087 7.34068775177002 7.33156204223633 7.32243633270264 7.31331014633179 7.3041844367981 7.2906756401062 7.2640175819397 7.23736000061035 7.21070241928101 7.1840443611145 7.15738677978516
7.34091711044312 7.32478618621826 7.30865573883057 7.30226850509644 7.29912853240967 7.2959885597229 7.29284858703613 7.28970861434937 7.2865686416626 7.28342866897583 7.2826042175293 7.28872537612915 7.294846534729 7.30096769332886 7.30708885192871 7.31321001052856 7.31933116912842 7.32545232772827 7.32912588119507 7.33198356628418 7.33484172821045 7.33769941329956 7.34055757522583 7.34341526031494 7.34627342224121 7.34885597229004 7.35061311721802 7.35236978530884 7.35412645339966 7.35588359832764 7.35764026641846 7.35939741134644 7.36115407943726 7.35563802719116 7.3476972579956 7.33975648880005 7.33181571960449 7.32387542724609 7.31593465805054 7.30799388885498 7.29490041732788 7.26634788513184 7.23779535293579 7.20924282073975 7.1806902885437 7.15213775634766
7.28161668777466 7.26644372940063 7.25127029418945 7.24690008163452 7.24613094329834 7.245361328125 7.24459218978882 7.24382305145264 7.2430534362793 7.24228429794312 7.24363422393799 7.25134086608887 7.25904750823975 7.26675462722778 7.27446126937866 7.2821683883667 7.28987503051758 7.29758214950562 7.3026008605957 7.30672359466553 7.31084632873535 7.31496906280518 7.31909227371216 7.32321500778198 7.32733774185181 7.33132886886597 7.33492517471313 7.3385214805603 7.34211778640747 7.3457145690918 7.34931087493896 7.35290718078613 7.3565034866333 7.3523359298706 7.34558057785034 7.33882522583008 7.33206987380981 7.32531452178955 7.31855916976929 7.31180334091187 7.29912519454956 7.26867818832397 7.23823070526123 7.20778322219849 7.1773362159729 7.14688873291016
7.23669481277466 7.22203016281128 7.20736598968506 7.20420408248901 7.20487642288208 7.20554876327515 7.20622110366821 7.20689344406128 7.20756578445435 7.20823812484741 7.21080827713013 7.2190728187561 7.22733736038208 7.23560190200806 7.24386644363403 7.25213050842285 7.26039505004883 7.2686595916748 7.27441453933716 7.27933263778687 7.28425073623657 7.28916883468628 7.29408740997314 7.29900550842285 7.30392360687256 7.30875778198242 7.3133397102356 7.31792116165161 7.32250308990479 7.3270845413208 7.33166646957397 7.33624839782715 7.34082984924316 7.33783626556396 7.33231735229492 7.32679843902588 7.32127952575684 7.31576108932495 7.31024217605591 7.30472326278687 7.29179000854492 7.25661420822144 7.22143840789795 7.1862621307373 7.15108633041382 7.11591053009033
7.2061505317688 7.19154644012451 7.17694187164307 7.1741795539856 7.17536497116089 7.17654991149902 7.17773485183716 7.17892026901245 7.18010520935059 7.18129014968872 7.18412733078003 7.19192123413086 7.19971513748169 7.20750904083252 7.21530294418335 7.22309684753418 7.23089075088501 7.23868465423584 7.24456644058228 7.24981069564819 7.25505495071411 7.26029872894287 7.26554298400879 7.27078723907471 7.27603101730347 7.2811427116394 7.28585577011108 7.29056882858276 7.29528188705444 7.29999446868896 7.30470752716064 7.30942058563232 7.314133644104 7.31213855743408 7.30790758132935 7.30367660522461 7.29944562911987 7.29521465301514 7.2909836769104 7.28675270080566 7.27289485931396 7.23015642166138 7.18741798400879 7.1446795463562 7.10194110870361 7.05920267105103
7.1756067276001 7.16106271743774 7.14651823043823 7.14415550231934 7.1458535194397 7.1475510597229 7.14924907684326 7.15094709396362 7.15264463424683 7.15434265136719 7.15744686126709 7.16477012634277 7.17209339141846 7.17941665649414 7.18673992156982 7.19406366348267 7.20138692855835 7.20871019363403 7.21471834182739 7.22028875350952 7.22585868835449 7.23142862319946 7.23699855804443 7.2425684928894 7.24813890457153 7.25352716445923 7.25837182998657 7.26321601867676 7.26806020736694 7.27290439605713 7.27774906158447 7.28259325027466 7.28743743896484 7.28644132614136 7.28349828720093 7.28055477142334 7.27761173248291 7.27466869354248 7.27172565460205 7.26878213882446 7.25399971008301 7.20369863510132 7.15339756011963 7.10309648513794 7.05279588699341 7.00249481201172
7.1450629234314 7.13057851791382 7.1160945892334 7.11413145065308 7.11634206771851 7.11855268478394 7.12076330184937 7.12297344207764 7.12518405914307 7.1273946762085 7.13076591491699 7.13761854171753 7.14447164535522 7.15132427215576 7.1581768989563 7.16503000259399 7.17188262939453 7.17873573303223 7.18487071990967 7.19076681137085 7.19666242599487 7.20255851745605 7.20845460891724 7.21435022354126 7.22024631500244 7.22591209411621 7.23088788986206 7.23586320877075 7.2408390045166 7.24581432342529 7.25079011917114 7.25576591491699 7.26074123382568 7.26074361801147 7.25908851623535 7.25743293762207 7.25577783584595 7.25412225723267 7.25246715545654 7.25081205368042 7.23510456085205 7.17724084854126 7.11937713623047 7.06151390075684 7.00365018844604 6.94578695297241
7.1145191192627 7.10009479522705 7.08567094802856 7.08410739898682 7.08683061599731 7.08955383300781 7.09227705001831 7.09500026702881 7.09772348403931 7.1004467010498 7.1040849685669 7.11046695709229 7.11684942245483 7.12323188781738 7.12961387634277 7.13599634170532 7.14237833023071 7.14876079559326 7.15502262115479 7.16124439239502 7.16746664047241 7.17368841171265 7.17991018295288 7.18613195419312 7.19235372543335 7.19829702377319 7.20340394973755 7.2085108757019 7.21361780166626 7.21872425079346 7.22383117675781 7.22893810272217 7.23404502868652 7.23504638671875 7.23467874526978 7.2343111038208 7.23394393920898 7.23357629776001 7.23320865631104 7.23284149169922 7.21620941162109 7.1507830619812 7.08535718917847 7.01993083953857 6.95450496673584 6.88907861709595
7.08397531509399 7.06961107254028 7.05524730682373 7.05408334732056 7.05731916427612 7.06055498123169 7.06379127502441 7.06702709197998 7.07026290893555 7.07349920272827 7.0774040222168 7.0833158493042 7.0892276763916 7.09513902664185 7.10105085372925 7.10696268081665 7.11287450790405 7.11878633499146 7.12517499923706 7.13172245025635 7.13827037811279 7.14481830596924 7.15136575698853 7.15791368484497 7.16446113586426 7.17068147659302 7.17592000961304 7.1811580657959 7.18639612197876 7.19163417816162 7.19687271118164 7.2021107673645 7.20734882354736 7.20934867858887 7.2102689743042 7.21118927001953 7.21211004257202 7.21303033828735 7.21395063400269 7.21487092971802 7.19731426239014 7.12432527542114 7.05133676528931 6.97834825515747 6.90535974502563 6.83237075805664
7.07868003845215 7.0632004737854 7.04772043228149 7.04572153091431 7.04821586608887 7.05071067810059 7.05320501327515 7.05569982528687 7.05819416046143 7.06068897247314 7.0637469291687 7.06849479675293 7.07324314117432 7.07799100875854 7.08273887634277 7.087486743927 7.09223508834839 7.09698295593262 7.10318660736084 7.10987520217896 7.11656379699707 7.12325239181519 7.1299409866333 7.13662958145142 7.14331817626953 7.14969062805176 7.15511512756348 7.1605396270752 7.16596412658691 7.17138862609863 7.17681312561035 7.18223762512207 7.18766212463379 7.19004344940186 7.19141006469727 7.19277715682983 7.19414377212524 7.19551038742065 7.19687700271606 7.19824409484863 7.17988061904907 7.1023268699646 7.02477264404297 6.9472188949585 6.86966514587402 6.79211091995239
7.09863471984863 7.08086252212524 7.06309032440186 7.05902194976807 7.05952072143555 7.06001996994019 7.06051921844482 7.0610179901123 7.06151723861694 7.06201648712158 7.06311368942261 7.06600475311279 7.06889581680298 7.07178688049316 7.07467794418335 7.07756900787354 7.08046007156372 7.08335113525391 7.08905744552612 7.09570169448853 7.10234642028809 7.10899114608765 7.11563539505005 7.12228012084961 7.12892484664917 7.13532447814941 7.14099025726318 7.14665603637695 7.15232181549072 7.15798807144165 7.16365385055542 7.16931962966919 7.17498540878296 7.17713069915771 7.17810201644897 7.17907381057739 7.18004560470581 7.18101739883423 7.18198871612549 7.18296051025391 7.16390895843506 7.08478689193726 7.00566482543945 6.92654323577881 6.84742116928101 6.7682991027832
7.11858892440796 7.09852457046509 7.07846069335938 7.07232236862183 7.07082557678223 7.06932926177979 7.06783294677734 7.0663366317749 7.06484031677246 7.06334400177002 7.06248044967651 7.0635142326355 7.06454849243164 7.06558275222778 7.06661701202393 7.06765079498291 7.06868505477905 7.0697193145752 7.07492828369141 7.08152866363525 7.0881290435791 7.09472942352295 7.10133028030396 7.1079306602478 7.11453104019165 7.12095832824707 7.12686538696289 7.13277244567871 7.13867950439453 7.14458703994751 7.15049409866333 7.15640115737915 7.16230821609497 7.16421747207642 7.16479444503784 7.16537094116211 7.16594743728638 7.16652393341064 7.16710042953491 7.16767692565918 7.14793682098389 7.06724691390991 6.98655700683594 6.90586709976196 6.82517719268799 6.74448728561401
7.13854312896729 7.11618661880493 7.09383058547974 7.08562278747559 7.08213090896606 7.07863903045654 7.07514715194702 7.0716552734375 7.06816339492798 7.06467151641846 7.06184673309326 7.06102418899536 7.0602011680603 7.0593786239624 7.05855560302734 7.05773305892944 7.05691051483154 7.05608749389648 7.06079912185669 7.06735563278198 7.07391166687012 7.08046817779541 7.0870246887207 7.093581199646 7.10013723373413 7.10659170150757 7.11274003982544 7.11888885498047 7.12503719329834 7.13118600845337 7.13733434677124 7.14348268508911 7.14963150024414 7.15130472183228 7.15148639678955 7.15166759490967 7.15184926986694 7.15203046798706 7.15221214294434 7.15239334106445 7.13196516036987 7.04970741271973 6.96744918823242 6.88519144058228 6.80293369293213 6.72067546844482
7.15849733352661 7.13384914398193 7.1092004776001 7.09892320632935 7.09343576431274 7.08794832229614 7.08246088027954 7.07697343826294 7.0714864730835 7.0659990310669 7.06121349334717 7.05853366851807 7.05585432052612 7.05317449569702 7.05049467086792 7.04781532287598 7.04513549804688 7.04245567321777 7.04666996002197 7.05318212509155 7.05969476699829 7.06620693206787 7.07271909713745 7.07923126220703 7.08574390411377 7.09222555160522 7.09861516952515 7.10500526428223 7.11139488220215 7.11778497695923 7.12417459487915 7.13056468963623 7.13695430755615 7.13839197158813 7.13817834854126 7.13796472549438 7.13775110244751 7.13753747940063 7.13732385635376 7.13711023330688 7.11599349975586 7.03216743469238 6.94834136962891 6.86451578140259 6.78068971633911 6.69686365127563
7.17845153808594 7.15151119232178 7.12457084655762 7.1122236251831 7.10474061965942 7.09725761413574 7.08977508544922 7.08229207992554 7.07480907440186 7.06732654571533 7.06058025360107 7.05604362487793 7.05150699615479 7.04697036743164 7.0424337387085 7.03789710998535 7.03336048126221 7.02882385253906 7.03254079818726 7.03900909423828 7.04547739028931 7.05194568634033 7.0584135055542 7.06488180160522 7.07135009765625 7.07785892486572 7.08449029922485 7.09112119674683 7.09775257110596 7.10438394546509 7.11101484298706 7.11764621734619 7.12427759170532 7.12547874450684 7.12487030029297 7.12426137924194 7.12365293502808 7.12304401397705 7.12243509292603 7.12182664871216 7.10002183914185 7.01462745666504 6.92923355102539 6.84383964538574 6.75844573974609 6.67305183410645
