data/working_set_collections/6091692-Cassins_Sparrow-M2/1995/tautot_avg.asc
NCOLS 265 
NROWS 230 
XLLCORNER -115.5625 
YLLCORNER 24.8333333333333 
CELLSIZE 0.0833333333333333 
NODATA_value -9999 
[rows 40 to 59 of 230, columns 0 to 45 of 265]
9.70667934417725 9.6774959564209 9.64831352233887 9.61913013458252 9.58994674682617 9.56076431274414 9.53158092498779 9.51350784301758 9.49913787841797 9.48476791381836 9.47039794921875 9.45602798461914 9.44165802001953 9.42728805541992 9.39818859100342 9.32489776611328 9.25160789489746 9.17831707000732 9.1050271987915 9.03173637390137 8.95844650268555 8.88515567779541 8.85605430603027 8.84168148040771 8.82730960845947 8.81293678283691 8.79856395721436 8.78419208526611 8.76981925964355 8.79531669616699 8.9404239654541 9.0855302810669 9.230637550354 9.3757438659668 9.52085018157959 9.6659574508667 9.81106376647949 9.92403030395508 10.0262823104858 10.1285352706909 10.2307872772217 10.3330392837524 10.4352922439575 10.5375442504883 10.6564111709595 10.825119972229
9.70754051208496 9.66340351104736 9.61926746368408 9.5751314163208 9.53099536895752 9.48685932159424 9.44272232055664 9.42405319213867 9.41387271881104 9.4036922454834 9.39351177215576 9.38333129882812 9.37315082550049 9.36297035217285 9.33638668060303 9.26059246063232 9.18479824066162 9.10900402069092 9.03320980072021 8.95741558074951 8.88162136077881 8.8058271408081 8.78027439117432 8.77146911621094 8.76266384124756 8.75385761260986 8.74505233764648 8.7362470626831 8.72744083404541 8.7590799331665 8.9120512008667 9.0650224685669 9.21799373626709 9.37096500396729 9.52393627166748 9.67690753936768 9.82987880706787 9.93468952178955 10.0234460830688 10.1122026443481 10.2009592056274 10.2897157669067 10.378472328186 10.4672288894653 10.5805130004883 10.7673797607422
9.69436073303223 9.64587211608887 9.59738254547119 9.54889297485352 9.50040340423584 9.45191383361816 9.40342426300049 9.3838701248169 9.37396144866943 9.36405277252197 9.3541431427002 9.34423446655273 9.33432579040527 9.32441711425781 9.29829120635986 9.22351455688477 9.14873695373535 9.07396030426025 8.99918365478516 8.92440605163574 8.84962940216064 8.77485275268555 8.75012111663818 8.74207210540771 8.73402309417725 8.72597408294678 8.71792507171631 8.70987606048584 8.70182704925537 8.73503112792969 8.89199542999268 9.04895973205566 9.20592403411865 9.36288833618164 9.51985263824463 9.6768159866333 9.83378028869629 9.93149852752686 10.0094690322876 10.087438583374 10.1654081344604 10.2433776855469 10.3213481903076 10.399317741394 10.5056943893433 10.6972932815552
9.66714191436768 9.62489986419678 9.58265686035156 9.54041385650635 9.49817085266113 9.45592784881592 9.4136848449707 9.39295768737793 9.37940311431885 9.36584854125977 9.35229301452637 9.33873844146729 9.32518291473389 9.3116283416748 9.28390216827393 9.2136640548706 9.14342498779297 9.07318687438965 9.00294780731201 8.93270874023438 8.86247062683105 8.79223155975342 8.76559448242188 8.75349235534668 8.74138927459717 8.72928619384766 8.71718311309814 8.70508003234863 8.69297790527344 8.72317123413086 8.88025665283203 9.0373420715332 9.19442749023438 9.35151290893555 9.50859832763672 9.66568279266357 9.82276821136475 9.91445922851562 9.98435115814209 10.0542430877686 10.1241359710693 10.1940279006958 10.2639198303223 10.333812713623 10.431957244873 10.6148595809937
9.63992309570312 9.60392761230469 9.56793117523193 9.53193473815918 9.49593830108643 9.45994186401367 9.42394638061523 9.40204620361328 9.38484477996826 9.36764430999756 9.35044288635254 9.33324146270752 9.31604099273682 9.2988395690918 9.2695140838623 9.20381355285645 9.13811302185059 9.07241249084473 9.00671195983887 8.94101142883301 8.87531089782715 8.80961036682129 8.78106784820557 8.76491165161133 8.74875450134277 8.73259830474854 8.71644115447998 8.70028495788574 8.68412780761719 8.71131229400635 8.86851787567139 9.02572441101074 9.1829309463501 9.34013748168945 9.49734401702881 9.65455055236816 9.8117561340332 9.89741897583008 9.95923328399658 10.0210485458374 10.0828628540039 10.1446771621704 10.2064924240112 10.2683067321777 10.3582191467285 10.5324258804321
9.61270427703857 9.5829553604126 9.5532054901123 9.52345561981201 9.49370670318604 9.46395683288574 9.43420696258545 9.41113471984863 9.39028739929199 9.36944007873535 9.34859275817871 9.32774543762207 9.30689811706543 9.28605079650879 9.25512504577637 9.19396305084229 9.1328010559082 9.07163906097412 9.01047611236572 8.94931411743164 8.88815212249756 8.82699012756348 8.79654121398926 8.77633094787598 8.7561206817627 8.7359094619751 8.71569919586182 8.69548892974854 8.67527770996094 8.69945240020752 8.85677909851074 9.01410675048828 9.17143440246582 9.32876205444336 9.4860897064209 9.64341735839844 9.80074405670166 9.88037872314453 9.93411636352539 9.98785305023193 10.0415897369385 10.0953273773193 10.1490640640259 10.2028007507324 10.2844820022583 10.4499921798706
9.58548545837402 9.56198310852051 9.53847980499268 9.51497650146484 9.49147415161133 9.4679708480835 9.44446849822998 9.42022228240967 9.39572906494141 9.37123584747314 9.34674263000488 9.32224941253662 9.29775524139404 9.27326202392578 9.24073600769043 9.18411254882812 9.1274881362915 9.0708646774292 9.0142412185669 8.95761680603027 8.90099334716797 8.84436893463135 8.81201457977295 8.78775024414062 8.7634859085083 8.73922157287598 8.71495723724365 8.69069290161133 8.666428565979 8.68759250640869 8.84504127502441 9.00248908996582 9.15993785858154 9.31738662719727 9.47483539581299 9.63228416442871 9.78973293304443 9.8633394241333 9.90899848937988 9.95465850830078 10.0003175735474 10.0459766387939 10.0916366577148 10.1372957229614 10.2107439041138 10.3675584793091
9.55826663970947 9.54101085662842 9.52375411987305 9.50649833679199 9.48924160003662 9.47198581695557 9.4547290802002 9.42931079864502 9.40117073059082 9.37303161621094 9.34489250183105 9.31675243377686 9.28861331939697 9.26047325134277 9.22634792327881 9.17426204681396 9.12217617034912 9.07009029388428 9.01800537109375 8.96591949462891 8.91383361816406 8.86174774169922 8.82748794555664 8.79916954040527 8.77085113525391 8.74253368377686 8.71421527862549 8.68589687347412 8.65757846832275 8.67573261260986 8.83330249786377 8.99087142944336 9.14844131469727 9.30601119995117 9.46358108520508 9.62115097045898 9.77872085571289 9.84629917144775 9.88388156890869 9.92146301269531 9.95904445648193 9.99662685394287 10.0342082977295 10.0717897415161 10.1370058059692 10.2851247787476
9.47584056854248 9.4666690826416 9.45749759674072 9.44832611083984 9.43915557861328 9.4299840927124 9.42081260681152 9.39860916137695 9.37206172943115 9.34551429748535 9.31896686553955 9.29242038726807 9.26587295532227 9.23932552337646 9.20719051361084 9.15829372406006 9.10939693450928 9.0605001449585 9.01160430908203 8.96270751953125 8.91381072998047 8.86491394042969 8.83040809631348 8.8007001876831 8.77099132537842 8.74128341674805 8.71157550811768 8.68186664581299 8.65215873718262 8.66806316375732 8.82080745697021 8.97355079650879 9.12629508972168 9.27903842926025 9.43178272247314 9.58452701568604 9.73727035522461 9.80526065826416 9.84499931335449 9.88473796844482 9.92447662353516 9.96421527862549 10.0039539337158 10.0436925888062 10.1115036010742 10.2635354995728
9.33820724487305 9.33895874023438 9.3397102355957 9.34046268463135 9.34121417999268 9.341965675354 9.34271812438965 9.32811832427979 9.30840110778809 9.2886848449707 9.268967628479 9.24925136566162 9.22953510284424 9.20981788635254 9.18326568603516 9.13620853424072 9.08915138244629 9.04209423065186 8.99503707885742 8.94797992706299 8.90092277526855 8.85386562347412 8.82077503204346 8.79234027862549 8.76390647888184 8.73547172546387 8.7070369720459 8.67860317230225 8.65016841888428 8.66458511352539 8.80755615234375 8.95052719116211 9.09349822998047 9.23646926879883 9.37944030761719 9.52241134643555 9.66538238525391 9.74022197723389 9.79235172271729 9.844482421875 9.8966121673584 9.9487419128418 10.0008716583252 10.0530014038086 10.1342372894287 10.3027896881104
9.20057392120361 9.21124839782715 9.221923828125 9.23259830474854 9.24327373504639 9.25394821166992 9.26462364196777 9.25762748718262 9.24474143981934 9.23185539245605 9.21896839141846 9.20608234405518 9.1931962966919 9.18031024932861 9.15934181213379 9.11412334442139 9.0689058303833 9.02368831634521 8.97846984863281 8.93325233459473 8.88803482055664 8.84281635284424 8.81114196777344 8.78398132324219 8.75682067871094 8.72966003417969 8.70249938964844 8.67533874511719 8.64817810058594 8.66110801696777 8.7943058013916 8.92750358581543 9.06070137023926 9.1939001083374 9.32709789276123 9.46029567718506 9.5934944152832 9.67518424987793 9.7397050857544 9.80422687530518 9.86874771118164 9.9332685470581 9.99778938293457 10.0623111724854 10.1569700241089 10.342043876648
9.06293964385986 9.08353805541992 9.10413646697998 9.12473392486572 9.14533233642578 9.16593074798584 9.18652820587158 9.18713665008545 9.18108081817627 9.17502498626709 9.16896915435791 9.16291427612305 9.15685844421387 9.15080261230469 9.1354169845581 9.09203815460205 9.04866027832031 9.00528144836426 8.96190357208252 8.91852474212646 8.87514686584473 8.83176803588867 8.80150890350342 8.77562236785889 8.74973583221436 8.72384834289551 8.69796180725098 8.67207527160645 8.64618873596191 8.65762996673584 8.78105449676514 8.90447998046875 9.02790546417236 9.15132999420166 9.27475547790527 9.39818096160889 9.52160549163818 9.61014652252197 9.6870584487915 9.76397132873535 9.84088325500488 9.91779613494873 9.99470806121826 10.0716199874878 10.1797037124634 10.3812990188599
8.92530632019043 8.9558277130127 8.98634910583496 9.01687049865723 9.04739189147949 9.07791233062744 9.10843372344971 9.11664581298828 9.1174201965332 9.11819553375244 9.11896991729736 9.1197452545166 9.12052059173584 9.12129497528076 9.11149215698242 9.06995296478271 9.02841377258301 8.98687553405762 8.94533634185791 8.90379810333252 8.86225891113281 8.8207197189331 8.7918758392334 8.76726245880127 8.74265003204346 8.71803665161133 8.69342422485352 8.66881084442139 8.64419841766357 8.65415191650391 8.76780414581299 8.88145637512207 8.99510860443115 9.10876083374023 9.22241306304932 9.3360652923584 9.44971752166748 9.5451078414917 9.63441181182861 9.72371578216553 9.81301879882812 9.90232276916504 9.99162578582764 10.0809297561646 10.2024364471436 10.4205532073975
8.787672996521 8.82811737060547 8.86856174468994 8.90900611877441 8.94945049285889 8.98989486694336 9.03033924102783 9.04615497589111 9.05376052856445 9.06136608123779 9.06897068023682 9.07657623291016 9.0841817855835 9.09178733825684 9.08756732940674 9.04786777496338 9.00816822052002 8.96846866607666 8.92877006530762 8.88907051086426 8.8493709564209 8.80967140197754 8.78224277496338 8.75890350341797 8.73556423187256 8.71222496032715 8.68888664245605 8.66554737091064 8.64220809936523 8.65067386627197 8.75455284118652 8.85843276977539 8.96231174468994 9.06619071960449 9.17007064819336 9.27394962310791 9.37782955169678 9.48007011413574 9.58176517486572 9.6834602355957 9.78515434265137 9.88684940338135 9.98854446411133 10.0902395248413 10.225170135498 10.4598073959351
8.73155975341797 8.7713508605957 8.81114101409912 8.85093212127686 8.89072322845459 8.93051433563232 8.97030448913574 8.99085712432861 9.00499629974365 9.01913547515869 9.03327465057373 9.04741477966309 9.06155395507812 9.07569313049316 9.07604217529297 9.0350227355957 8.99400329589844 8.95298290252686 8.91196346282959 8.87094402313232 8.82992362976074 8.78890419006348 8.76151180267334 8.73866271972656 8.71581268310547 8.69296360015869 8.6701135635376 8.64726448059082 8.62441444396973 8.63269996643066 8.73439025878906 8.83607959747314 8.93776893615723 9.03945922851562 9.14114856719971 9.2428388595581 9.34452819824219 9.45121192932129 9.5595588684082 9.66790676116943 9.77625370025635 9.88460159301758 9.99294853210449 10.1012964248657 10.2401294708252 10.4704179763794
8.75696659088135 8.78552722930908 8.81408786773682 8.84264850616455 8.87120914459229 8.89976978302002 8.92833042144775 8.9507532119751 8.97112941741943 8.99150562286377 9.0118818283081 9.03225898742676 9.05263519287109 9.07301139831543 9.07691860198975 9.031418800354 8.98591804504395 8.9404182434082 8.89491748809814 8.8494176864624 8.80391788482666 8.7584171295166 8.7296838760376 8.70653915405273 8.68339538574219 8.66025066375732 8.63710689544678 8.61396217346191 8.59081745147705 8.60023021697998 8.70731449127197 8.81439781188965 8.92148113250732 9.028564453125 9.13564777374268 9.24273204803467 9.34981536865234 9.45853233337402 9.56779384613037 9.67705535888672 9.78631687164307 9.89557838439941 10.0048398971558 10.1141014099121 10.247314453125 10.4523849487305
8.78237342834473 8.79970359802246 8.81703472137451 8.83436489105225 8.85169506072998 8.86902523040771 8.88635635375977 8.91064834594727 8.93726253509521 8.96387577056885 8.99048900604248 9.01710319519043 9.04371643066406 9.0703296661377 9.07779502868652 9.02781391143799 8.97783374786377 8.92785263061523 8.87787246704102 8.82789134979248 8.77791118621826 8.72793006896973 8.69785594940186 8.67441654205322 8.65097713470459 8.62753868103027 8.60409927368164 8.58065986633301 8.55722141265869 8.56776142120361 8.68023872375488 8.79271602630615 8.90519332885742 9.01767063140869 9.13014793395996 9.24262523651123 9.3551025390625 9.46585273742676 9.57602882385254 9.686203956604 9.79637908935547 9.90655517578125 10.0167303085327 10.1269063949585 10.2545003890991 10.4343519210815
8.8077802658081 8.81388092041016 8.81998062133789 8.82608127593994 8.83218097686768 8.83828163146973 8.84438133239746 8.87054443359375 8.90339469909668 8.93624591827393 8.96909618377686 9.0019474029541 9.03479766845703 9.06764793395996 9.07867050170898 9.02420997619629 8.96974849700928 8.91528797149658 8.86082649230957 8.80636596679688 8.75190448760986 8.69744300842285 8.66602802276611 8.64229393005371 8.61855983734131 8.59482574462891 8.5710916519165 8.54735851287842 8.52362442016602 8.53529167175293 8.65316295623779 8.77103328704834 8.8889045715332 9.00677585601807 9.12464714050293 9.24251747131348 9.36038875579834 9.47317409515381 9.58426284790039 9.69535255432129 9.80644226074219 9.91753196716309 10.028621673584 10.1397104263306 10.2616863250732 10.4163188934326
8.83318710327148 8.82805728912354 8.82292747497559 8.81779670715332 8.81266689300537 8.80753707885742 8.80240726470947 8.83044052124023 8.86952781677246 8.908616065979 8.94770336151123 8.98679161071777 9.02587890625 9.06496620178223 9.07954692840576 9.02060508728027 8.9616641998291 8.90272235870361 8.84378147125244 8.78483963012695 8.72589778900146 8.66695690155029 8.63420009613037 8.6101713180542 8.58614253997803 8.56211376190186 8.53808498382568 8.51405620574951 8.49002742767334 8.50282192230225 8.6260871887207 8.74935150146484 8.8726167678833 8.99588108062744 9.1191463470459 9.24241065979004 9.3656759262085 9.48049449920654 9.59249782562256 9.70450115203857 9.81650543212891 9.92850875854492 10.0405120849609 10.152515411377 10.2688722610474 10.3982858657837
8.85859394073486 8.84223365783691 8.82587337493896 8.80951309204102 8.79315280914307 8.77679252624512 8.76043224334717 8.79033660888672 8.83566093444824 8.88098621368408 8.9263105392456 8.97163581848145 9.01696014404297 9.06228542327881 9.08042335510254 9.01700115203857 8.95357894897461 8.89015769958496 8.826735496521 8.76331329345703 8.69989204406738 8.63646984100342 8.60237121582031 8.57804775238037 8.55372428894043 8.52940082550049 8.50507736206055 8.4807538986206 8.45643043518066 8.47035217285156 8.59901142120361 8.72766971588135 8.85632801055908 8.98498630523682 9.11364555358887 9.2423038482666 9.37096214294434 9.48781490325928 9.60073280334473 9.71365070343018 9.82656764984131 9.93948554992676 10.0524034500122 10.1653203964233 10.2760572433472 10.3802537918091
