data/working_set_collections/6091692-Cassins_Sparrow-M2/1995/tautot_avg.asc
NCOLS 265 
NROWS 230 
XLLCORNER -115.5625 
YLLCORNER 24.8333333333333 
CELLSIZE 0.0833333333333333 
NODATA_value -9999 
[rows 20 to 39 of 230, columns 92 to 137 of 265]
10.080813407898 10.0630788803101 10.0453433990479 10.02760887146 10.0098733901978 10.0233469009399 10.0472240447998 10.0711002349854 10.0949764251709 10.1188535690308 10.1427297592163 10.1666059494019 10.2179517745972 10.3517065048218 10.4854602813721 10.6192150115967 10.752968788147 10.8867235183716 11.0204772949219 11.1542320251465 11.225715637207 11.276442527771 11.3271703720093 11.3778972625732 11.4286241531372 11.4793519973755 11.5300788879395 11.5576705932617 11.5158576965332 11.4740447998047 11.4322328567505 11.390419960022 11.3486070632935 11.3067941665649 11.2649812698364 11.2369651794434 11.2135486602783 11.1901321411133 11.1667156219482 11.1432991027832 11.1198825836182 11.0964660644531 11.0757007598877 11.0628871917725 11.0500736236572 11.037260055542
9.99493598937988 9.99249649047852 9.99005603790283 9.98761653900146 9.9851770401001 10.0131425857544 10.0512437820435 10.0893449783325 10.1274471282959 10.165548324585 10.203649520874 10.2417507171631 10.2988414764404 10.412899017334 10.5269565582275 10.6410140991211 10.7550716400146 10.8691291809082 10.9831876754761 11.0972452163696 11.1581315994263 11.2012939453125 11.244457244873 11.2876195907593 11.3307828903198 11.3739461898804 11.4171085357666 11.4430303573608 11.4172296524048 11.3914289474487 11.3656282424927 11.3398275375366 11.3140268325806 11.2882261276245 11.2624254226685 11.2327871322632 11.2018690109253 11.1709518432617 11.1400337219238 11.1091165542603 11.0781984329224 11.0472812652588 11.0207929611206 11.0075922012329 10.9943914413452 10.9811916351318
9.90905952453613 9.92191410064697 9.93476963043213 9.94762420654297 9.96047973632812 10.0029382705688 10.0552644729614 10.107590675354 10.1599168777466 10.2122430801392 10.2645692825317 10.3168954849243 10.3797302246094 10.4740915298462 10.568452835083 10.6628141403198 10.7571744918823 10.8515357971191 10.945897102356 11.0402584075928 11.0905475616455 11.126145362854 11.1617441177368 11.1973428726196 11.2329416275024 11.2685394287109 11.3041381835938 11.32839012146 11.3186016082764 11.3088130950928 11.2990236282349 11.2892351150513 11.2794466018677 11.2696580886841 11.2598695755005 11.2286081314087 11.1901893615723 11.1517705917358 11.1133518218994 11.074933052063 11.0365142822266 10.9980955123901 10.9658851623535 10.9522981643677 10.9387102127075 10.9251232147217
9.82318210601807 9.85133266448975 9.87948226928711 9.90763282775879 9.93578243255615 9.9927339553833 10.0592842102051 10.1258354187012 10.1923866271973 10.2589378356934 10.3254890441895 10.3920402526855 10.4606199264526 10.5352840423584 10.6099491119385 10.6846132278442 10.75927734375 10.8339424133301 10.9086065292358 10.9832706451416 11.0229625701904 11.0509967803955 11.0790309906006 11.1070652008057 11.1350994110107 11.1631336212158 11.1911678314209 11.2137498855591 11.2199726104736 11.2261962890625 11.2324199676514 11.2386436462402 11.2448663711548 11.2510900497437 11.2573137283325 11.2244291305542 11.1785097122192 11.13258934021 11.086669921875 11.04075050354 10.9948301315308 10.9489107131958 10.9109773635864 10.8970031738281 10.8830289840698 10.8690557479858
9.84509468078613 9.88808441162109 9.93107414245605 9.97406387329102 10.017053604126 10.073634147644 10.134744644165 10.195855140686 10.2569665908813 10.3180770874023 10.3791875839233 10.4402990341187 10.5039110183716 10.5750255584717 10.6461410522461 10.7172555923462 10.7883710861206 10.8594856262207 10.9306001663208 11.0017156600952 11.0320043563843 11.0486831665039 11.0653629302979 11.0820426940918 11.0987224578857 11.1154022216797 11.1320810317993 11.1493644714355 11.1684579849243 11.1875514984131 11.2066450119019 11.2257385253906 11.2448320388794 11.2639255523682 11.2830190658569 11.2511386871338 11.2022666931152 11.1533946990967 11.1045227050781 11.0556507110596 11.0067777633667 10.9579057693481 10.917181968689 10.9009008407593 10.8846206665039 10.8683395385742
9.97479724884033 10.0321712493896 10.0895442962646 10.1469173431396 10.204291343689 10.2456388473511 10.2816438674927 10.3176498413086 10.3536548614502 10.3896598815918 10.4256658554077 10.4616708755493 10.5096035003662 10.593316078186 10.6770286560059 10.7607412338257 10.8444538116455 10.9281663894653 11.0118789672852 11.095591545105 11.1176710128784 11.1192054748535 11.1207399368286 11.1222743988037 11.1238088607788 11.1253442764282 11.1268787384033 11.1352348327637 11.1640567779541 11.1928777694702 11.2216997146606 11.2505216598511 11.2793436050415 11.3081645965576 11.336986541748 11.3087358474731 11.2614603042603 11.2141847610474 11.1669092178345 11.1196336746216 11.0723581314087 11.0250825881958 10.9844999313354 10.9639921188354 10.9434843063354 10.9229764938354
10.1044998168945 10.1762571334839 10.2480144500732 10.3197717666626 10.391529083252 10.4176435470581 10.4285430908203 10.4394435882568 10.450343132019 10.4612436294556 10.4721431732178 10.4830436706543 10.5152959823608 10.6116056442261 10.7079162597656 10.8042268753052 10.9005365371704 10.99684715271 11.0931577682495 11.1894683837891 11.2033376693726 11.1897268295288 11.1761169433594 11.1625061035156 11.1488962173462 11.1352853775024 11.121675491333 11.1211051940918 11.1596546173096 11.1982049942017 11.2367544174194 11.2753047943115 11.3138542175293 11.3524036407471 11.3909540176392 11.3663320541382 11.3206539154053 11.274974822998 11.2292957305908 11.1836175918579 11.1379384994507 11.0922594070435 11.0518169403076 11.0270824432373 11.0023469924927 10.9776124954224
10.2342023849487 10.3203439712524 10.4064846038818 10.4926261901855 10.5787677764893 10.5896482467651 10.5754432678223 10.5612373352051 10.5470323562622 10.532826423645 10.5186214447021 10.504415512085 10.5209884643555 10.6298961639404 10.7388038635254 10.8477125167847 10.9566202163696 11.0655279159546 11.1744356155396 11.2833442687988 11.2890043258667 11.2602491378784 11.2314939498901 11.2027387619019 11.1739826202393 11.145227432251 11.1164722442627 11.1069755554199 11.1552534103394 11.2035312652588 11.2518091201782 11.3000869750977 11.3483648300171 11.3966436386108 11.4449214935303 11.4239292144775 11.3798475265503 11.3357648849487 11.2916831970215 11.2476005554199 11.2035188674927 11.1594362258911 11.1191349029541 11.0901727676392 11.0612106323242 11.0322494506836
10.3639049530029 10.4644298553467 10.5649547576904 10.6654806137085 10.7660055160522 10.7616539001465 10.7223424911499 10.6830320358276 10.6437206268311 10.6044092178345 10.5650987625122 10.5257873535156 10.5266809463501 10.6481866836548 10.7696924209595 10.8911981582642 11.0127029418945 11.1342086791992 11.2557144165039 11.3772201538086 11.3746709823608 11.3307704925537 11.2868709564209 11.2429704666138 11.1990699768066 11.1551694869995 11.1112689971924 11.0928449630737 11.1508512496948 11.2088575363159 11.266863822937 11.3248701095581 11.3828763961792 11.4408826828003 11.4988889694214 11.4815263748169 11.439040184021 11.3965549468994 11.3540697097778 11.3115844726562 11.2690992355347 11.2266130447388 11.1864519119263 11.153263092041 11.1200742721558 11.0868854522705
10.4936075210571 10.6085166931152 10.7234258651733 10.8383340835571 10.9532432556152 10.9336585998535 10.8692417144775 10.8048257827759 10.7404088973999 10.6759929656982 10.6115760803223 10.5471601486206 10.5323734283447 10.6664762496948 10.8005800247192 10.9346828460693 11.0687866210938 11.2028894424438 11.3369932174683 11.4710960388184 11.4603385925293 11.4012928009033 11.3422470092773 11.2832021713257 11.2241563796997 11.165111541748 11.1060657501221 11.0787153244019 11.1464500427246 11.214183807373 11.2819185256958 11.3496532440186 11.417387008667 11.4851217269897 11.5528554916382 11.5391225814819 11.498233795166 11.4573450088501 11.4164562225342 11.3755674362183 11.3346786499023 11.2937898635864 11.2537698745728 11.2163534164429 11.1789379119873 11.1415224075317
10.5613079071045 10.6867895126343 10.8122711181641 10.9377527236938 11.0632343292236 11.0491943359375 10.9886474609375 10.9281005859375 10.8675527572632 10.8070058822632 10.7464590072632 10.6859111785889 10.6692972183228 10.784481048584 10.8996648788452 11.0148477554321 11.1300315856934 11.2452154159546 11.3603992462158 11.475583076477 11.4629812240601 11.4077854156494 11.3525886535645 11.2973928451538 11.2421960830688 11.1870002746582 11.1318044662476 11.1072864532471 11.1748065948486 11.2423257827759 11.3098459243774 11.377366065979 11.4448852539062 11.5124053955078 11.5799245834351 11.5649337768555 11.5224380493164 11.4799432754517 11.4374485015869 11.3949537277222 11.3524580001831 11.3099632263184 11.268590927124 11.2305860519409 11.1925811767578 11.1545763015747
10.5670051574707 10.6992483139038 10.8314914703369 10.96373462677 11.0959777832031 11.1082611083984 11.0805587768555 11.0528554916382 11.0251522064209 10.9974489212036 10.9697456359863 10.942042350769 10.9374523162842 11.0021991729736 11.0669460296631 11.1316928863525 11.1964387893677 11.2611856460571 11.3259325027466 11.390679359436 11.3826017379761 11.350248336792 11.3178949356079 11.2855424880981 11.2531890869141 11.22083568573 11.1884832382202 11.1785583496094 11.2359209060669 11.2932834625244 11.3506460189819 11.4080085754395 11.4653701782227 11.5227327346802 11.5800952911377 11.5589580535889 11.5116539001465 11.4643497467041 11.4170455932617 11.369740486145 11.3224363327026 11.2751321792603 11.2309150695801 11.1959590911865 11.161003112793 11.1260480880737
10.5727033615112 10.7117080688477 10.8507127761841 10.9897174835205 11.1287212371826 11.1673288345337 11.1724691390991 11.1776103973389 11.1827507019043 11.187891960144 11.1930332183838 11.1981735229492 11.2056074142456 11.2199172973633 11.234227180481 11.2485370635986 11.2628469467163 11.277156829834 11.2914667129517 11.3057765960693 11.3022212982178 11.2927112579346 11.2832012176514 11.2736921310425 11.2641820907593 11.2546720504761 11.2451620101929 11.249831199646 11.2970361709595 11.344241142273 11.3914461135864 11.4386510848999 11.4858560562134 11.5330610275269 11.5802659988403 11.5529823303223 11.5008687973022 11.4487552642822 11.3966417312622 11.3445281982422 11.2924146652222 11.2403020858765 11.1932401657104 11.1613330841064 11.1294260025024 11.0975189208984
10.5784006118774 10.7241668701172 10.8699331283569 11.0156993865967 11.1614656448364 11.2263956069946 11.2643804550171 11.3023653030396 11.340350151062 11.3783349990845 11.4163198471069 11.4543046951294 11.4737615585327 11.4376344680786 11.4015083312988 11.3653812408447 11.3292541503906 11.2931270599365 11.2569999694824 11.2208728790283 11.2218418121338 11.2351751327515 11.2485074996948 11.2618408203125 11.2751741409302 11.2885074615479 11.3018407821655 11.3211030960083 11.3581504821777 11.3951978683472 11.4322462081909 11.4692935943604 11.5063409805298 11.5433883666992 11.580436706543 11.5470066070557 11.490083694458 11.4331617355347 11.376238822937 11.3193159103394 11.262393951416 11.2054710388184 11.1555643081665 11.1267070770264 11.0978488922119 11.0689907073975
10.584098815918 10.736626625061 10.8891534805298 11.0416812896729 11.1942090988159 11.2854623794556 11.3562917709351 11.4271202087402 11.4979496002197 11.5687780380249 11.6396074295044 11.7104358673096 11.7419166564941 11.6553525924683 11.5687894821167 11.4822254180908 11.3956613540649 11.3090972900391 11.2225341796875 11.1359701156616 11.1414613723755 11.177638053894 11.2138147354126 11.2499904632568 11.2861671447754 11.3223438262939 11.3585195541382 11.3923749923706 11.419264793396 11.4461555480957 11.4730453491211 11.4999361038208 11.5268268585205 11.5537166595459 11.5806074142456 11.5410308837891 11.4792985916138 11.4175672531128 11.3558359146118 11.2941036224365 11.2323722839355 11.1706399917603 11.1178894042969 11.092080116272 11.0662717819214 11.0404624938965
10.5897960662842 10.7490854263306 10.908374786377 11.067663192749 11.2269525527954 11.3445291519165 11.4482021331787 11.5518751144409 11.6555480957031 11.7592210769653 11.8628940582275 11.9665670394897 12.0100717544556 11.8730707168579 11.7360706329346 11.5990695953369 11.4620685577393 11.3250684738159 11.1880674362183 11.0510663986206 11.0610809326172 11.1201009750366 11.1791210174561 11.2381401062012 11.2971601486206 11.3561792373657 11.4151992797852 11.4636468887329 11.4803800582886 11.4971132278442 11.5138454437256 11.5305786132812 11.5473117828369 11.5640449523926 11.5807771682739 11.5350551605225 11.4685144424438 11.4019727706909 11.3354320526123 11.2688913345337 11.2023506164551 11.1358089447021 11.0802135467529 11.0574541091919 11.0346937179565 11.0119342803955
10.6216726303101 10.7833814620972 10.9450902938843 11.1067981719971 11.2685070037842 11.3938417434692 11.5070514678955 11.6202611923218 11.7334699630737 11.8466796875 11.9598894119263 12.0730991363525 12.1204662322998 11.9703035354614 11.8201398849487 11.6699771881104 11.519814491272 11.3696517944336 11.2194890975952 11.0693264007568 11.087161064148 11.1609945297241 11.2348279953003 11.3086614608765 11.3824949264526 11.4563293457031 11.5301628112793 11.585018157959 11.5829381942749 11.5808591842651 11.5787801742554 11.5767002105713 11.5746212005615 11.5725421905518 11.5704622268677 11.5126047134399 11.4361534118652 11.3597021102905 11.2832517623901 11.2068004608154 11.1303491592407 11.0538988113403 10.991530418396 10.9714088439941 10.9512882232666 10.9311676025391
10.6797285079956 10.8395147323608 10.9993000030518 11.159086227417 11.3188724517822 11.4333982467651 11.5328378677368 11.6322765350342 11.7317152023315 11.8311548233032 11.9305934906006 12.0300331115723 12.0730991363525 11.9470491409302 11.8209991455078 11.6949491500854 11.5688991546631 11.4428491592407 11.3167991638184 11.190749168396 11.2196998596191 11.3003187179565 11.3809366226196 11.461555480957 11.5421733856201 11.6227922439575 11.7034111022949 11.7564878463745 11.7269411087036 11.6973943710327 11.6678476333618 11.6383008956909 11.6087551116943 11.5792083740234 11.5496616363525 11.4736785888672 11.3822164535522 11.2907543182373 11.1992931365967 11.1078310012817 11.0163688659668 10.9249076843262 10.8518381118774 10.8339462280273 10.8160552978516 10.7981634140015
10.7377834320068 10.8956470489502 11.0535106658936 11.2113742828369 11.3692378997803 11.472954750061 11.5586233139038 11.6442918777466 11.7299604415894 11.8156290054321 11.9012975692749 11.9869661331177 12.0257329940796 11.9237957000732 11.8218584060669 11.7199211120605 11.6179838180542 11.5160455703735 11.4141082763672 11.3121709823608 11.3522386550903 11.4396419525146 11.527045249939 11.6144485473633 11.7018518447876 11.7892551422119 11.8766584396362 11.92795753479 11.8709440231323 11.8139295578003 11.7569160461426 11.6999025344849 11.6428880691528 11.5858745574951 11.5288600921631 11.4347524642944 11.3282794952393 11.2218074798584 11.1153345108032 11.008861541748 10.9023895263672 10.795916557312 10.7121467590332 10.6964836120605 10.6808214187622 10.6651592254639
10.7958383560181 10.9517803192139 11.1077213287354 11.2636623382568 11.4196033477783 11.5125122070312 11.5844097137451 11.6563081741333 11.7282056808472 11.8001041412354 11.8720016479492 11.9439001083374 11.9783668518066 11.9005422592163 11.822717666626 11.7448921203613 11.667067527771 11.5892429351807 11.5114183425903 11.43359375 11.4847784042358 11.5789661407471 11.6731548309326 11.7673425674438 11.8615303039551 11.9557189941406 12.0499067306519 12.0994281768799 12.014946937561 11.9304656982422 11.8459844589233 11.7615032196045 11.6770219802856 11.5925407409668 11.508059501648 11.3958263397217 11.2743425369263 11.1528596878052 11.0313758850098 10.9098920822144 10.7884092330933 10.6669254302979 10.5724544525146 10.5590209960938 10.5455875396729 10.532154083252
