data/working_set_collections/6091692-Cassins_Sparrow-M2/1995/tautot_avg.asc
NCOLS 265 
NROWS 230 
XLLCORNER -115.5625 
YLLCORNER 24.8333333333333 
CELLSIZE 0.0833333333333333 
NODATA_value -9999 
[rows 100 to 119 of 230, columns 184 to 229 of 265]
11.4941492080688 11.5692501068115 11.6443519592285 11.7015161514282 11.7526998519897 11.8038845062256 11.8550691604614 11.9062538146973 11.9574375152588 12.0086221694946 12.0699415206909 12.1616659164429 12.2533893585205 12.3451137542725 12.4368381500244 12.528561592102 12.620285987854 12.712010383606 12.7898416519165 12.8630418777466 12.9362421035767 13.0094432830811 13.0826435089111 13.1558437347412 13.2290449142456 13.3195514678955 13.4619798660278 13.6044082641602 13.7468357086182 13.8892641067505 14.0316925048828 14.1741199493408 14.3165483474731 14.4350519180298 14.545581817627 14.6561107635498 14.766640663147 14.8771696090698 14.987699508667 15.0982284545898 15.2161598205566 15.3562984466553 15.4964361190796 15.6365747451782 15.7767124176025 15.9168510437012
11.5397396087646 11.609335899353 11.6789321899414 11.7281198501587 11.7705039978027 11.8128890991211 11.8552732467651 11.8976583480835 11.9400424957275 11.9824275970459 12.0375509262085 12.1308898925781 12.2242288589478 12.3175678253174 12.410906791687 12.5042457580566 12.5975847244263 12.6909236907959 12.7829580307007 12.8745574951172 12.966157913208 13.0577573776245 13.149356842041 13.2409572601318 13.3325567245483 13.436957359314 13.5797624588013 13.7225675582886 13.8653726577759 14.0081777572632 14.1509828567505 14.2937879562378 14.4365921020508 14.5530452728271 14.6607131958008 14.7683811187744 14.8760499954224 14.983717918396 15.0913867950439 15.1990547180176 15.314847946167 15.4550170898438 15.5951862335205 15.735354423523 15.8755235671997 16.0156917572021
11.5641899108887 11.6286125183105 11.6930351257324 11.739107131958 11.7790622711182 11.8190174102783 11.8589725494385 11.8989276885986 11.9388828277588 11.9788379669189 12.0321989059448 12.1257753372192 12.2193517684937 12.3129281997681 12.4065046310425 12.5000810623169 12.5936574935913 12.6872339248657 12.7875547409058 12.8901233673096 12.9926919937134 13.0952615737915 13.1978302001953 13.3003988265991 13.4029674530029 13.5160074234009 13.6604604721069 13.804913520813 13.949366569519 14.0938196182251 14.2382726669312 14.3827257156372 14.5271787643433 14.646388053894 14.7571821212769 14.867977142334 14.9787721633911 15.0895671844482 15.2003612518311 15.3111562728882 15.4293012619019 15.5694961547852 15.7096920013428 15.8498868942261 15.9900817871094 16.130277633667
11.5674991607666 11.6270799636841 11.6866617202759 11.7344789505005 11.778374671936 11.8222713470459 11.8661670684814 11.910062789917 11.9539585113525 11.9978542327881 12.0538854598999 12.1463222503662 12.2387590408325 12.3311958312988 12.4236326217651 12.5160694122314 12.6085062026978 12.7009429931641 12.8036327362061 12.9097394943237 13.0158472061157 13.1219549179077 13.2280616760254 13.3341693878174 13.4402770996094 13.5567007064819 13.7040729522705 13.8514451980591 13.9988174438477 14.1461896896362 14.2935619354248 14.4409341812134 14.588306427002 14.7150802612305 14.8349895477295 14.9548978805542 15.0748071670532 15.1947154998779 15.314624786377 15.4345331192017 15.5595188140869 15.6997365951538 15.8399543762207 15.9801712036133 16.1203880310059 16.2606067657471
11.5708074569702 11.6255483627319 11.6802892684937 11.7298517227173 11.7776880264282 11.8255243301392 11.8733606338501 11.921196937561 11.969033241272 12.0168704986572 12.075572013855 12.1668691635132 12.2581653594971 12.3494625091553 12.4407596588135 12.5320568084717 12.6233539581299 12.7146511077881 12.819709777832 12.9293556213379 13.0390014648438 13.1486482620239 13.2582941055298 13.3679399490356 13.4775857925415 13.597393989563 13.7476854324341 13.8979768753052 14.0482683181763 14.1985597610474 14.3488502502441 14.4991416931152 14.6494331359863 14.7837734222412 14.9127960205078 15.0418186187744 15.1708421707153 15.2998647689819 15.4288873672485 15.5579099655151 15.6897373199463 15.8299760818481 15.9702157974243 16.1104564666748 16.2506942749023 16.3909339904785
11.5741167068481 11.6240158081055 11.6739158630371 11.7252235412598 11.7770004272461 11.8287773132324 11.8805541992188 11.9323320388794 11.9841089248657 12.035885810852 12.0972585678101 12.1874151229858 12.2775726318359 12.367730140686 12.4578876495361 12.5480442047119 12.638201713562 12.7283592224121 12.835786819458 12.948971748352 13.0621566772461 13.1753416061401 13.2885265350342 13.4017105102539 13.514895439148 13.638087272644 13.7912979125977 13.9445085525513 14.0977182388306 14.2509288787842 14.4041395187378 14.5573501586914 14.710560798645 14.852466583252 14.9906034469604 15.1287403106689 15.2668762207031 15.4050130844116 15.5431499481201 15.6812868118286 15.8199548721313 15.9602165222168 16.1004791259766 16.2407398223877 16.3810024261475 16.5212631225586
11.5774259567261 11.6224842071533 11.6675424575806 11.7205953598022 11.776312828064 11.83203125 11.8877487182617 11.9434661865234 11.9991836547852 12.0549020767212 12.1189441680908 12.2079620361328 12.2969799041748 12.3859977722168 12.4750146865845 12.5640325546265 12.6530504226685 12.7420673370361 12.8518648147583 12.9685878753662 13.0853118896484 13.2020349502563 13.3187580108643 13.4354820251465 13.5522050857544 13.6787796020508 13.8349094390869 13.991039276123 14.1471691131592 14.3032989501953 14.4594287872314 14.6155586242676 14.7716884613037 14.9211587905884 15.0684099197388 15.2156610488892 15.3629112243652 15.5101623535156 15.6574125289917 15.8046636581421 15.9501724243164 16.0904560089111 16.2307395935059 16.3710250854492 16.5113086700439 16.6515922546387
11.5807342529297 11.6209516525269 11.661169052124 11.7159671783447 11.7756261825562 11.8352842330933 11.8949422836304 11.9546012878418 12.0142593383789 12.073917388916 12.1406307220459 12.2285089492798 12.3163871765137 12.4042644500732 12.4921426773071 12.5800199508667 12.6678981781006 12.7557764053345 12.8679418563843 12.9882040023804 13.1084661483765 13.2287282943726 13.3489904403687 13.4692525863647 13.5895147323608 13.7194728851318 13.8785219192505 14.0375709533691 14.1966199874878 14.3556690216064 14.5147180557251 14.6737670898438 14.8328161239624 14.9898519515991 15.1462163925171 15.3025817871094 15.4589462280273 15.6153106689453 15.7716760635376 15.9280405044556 16.0803909301758 16.2206974029541 16.3610019683838 16.5013084411621 16.6416149139404 16.7819194793701
11.5689935684204 11.6077604293823 11.6465272903442 11.702730178833 11.7647457122803 11.8267612457275 11.8887758255005 11.9507913589478 12.012806892395 12.0748224258423 12.1439580917358 12.2344570159912 12.3249568939209 12.4154558181763 12.5059547424316 12.5964546203613 12.6869535446167 12.7774524688721 12.8938236236572 13.0188188552856 13.1438150405884 13.2688102722168 13.3938055038452 13.5188007354736 13.643795967102 13.7777223587036 13.9384422302246 14.0991621017456 14.2598829269409 14.4206027984619 14.5813226699829 14.7420425415039 14.9027624130249 15.0672931671143 15.2330951690674 15.3988962173462 15.5646982192993 15.7304992675781 15.8963012695312 16.0621032714844 16.2202548980713 16.3554553985596 16.4906558990479 16.6258563995361 16.7610569000244 16.8962574005127
11.5422029495239 11.5829095840454 11.6236162185669 11.6808843612671 11.7436723709106 11.8064613342285 11.8692493438721 11.9320383071899 11.9948263168335 12.057614326477 12.1289262771606 12.2258081436157 12.3226890563965 12.4195709228516 12.5164527893066 12.6133337020874 12.7102155685425 12.8070974349976 12.9295101165771 13.0604333877563 13.1913566589355 13.3222799301147 13.4532032012939 13.5841274261475 13.7150506973267 13.8535289764404 14.0146713256836 14.1758136749268 14.3369560241699 14.4980983734131 14.6592407226562 14.8203840255737 14.9815263748169 15.1534824371338 15.329044342041 15.5046052932739 15.6801662445068 15.8557281494141 16.0312900543213 16.2068500518799 16.3697643280029 16.4947319030762 16.6196994781494 16.7446670532227 16.8696346282959 16.9946022033691
11.5154123306274 11.5580587387085 11.6007051467896 11.6590385437012 11.7225999832153 11.7861614227295 11.8497228622437 11.9132843017578 11.976845741272 12.0404071807861 12.1138944625854 12.2171583175659 12.3204221725464 12.4236860275269 12.5269498825073 12.6302137374878 12.7334775924683 12.8367414474487 12.9651956558228 13.102047920227 13.238899230957 13.375750541687 13.512601852417 13.649453163147 13.786304473877 13.9293346405029 14.0908994674683 14.2524642944336 14.4140300750732 14.5755949020386 14.7371597290039 14.8987245559692 15.0602903366089 15.2396717071533 15.4249935150146 15.6103143692017 15.7956352233887 15.9809560775757 16.1662769317627 16.351598739624 16.5192718505859 16.6340084075928 16.748743057251 16.8634777069092 16.9782123565674 17.0929470062256
11.488621711731 11.5332078933716 11.5777940750122 11.6371917724609 11.7015266418457 11.7658615112305 11.8301963806152 11.8945302963257 11.9588651657104 12.0232000350952 12.0988626480103 12.2085084915161 12.3181552886963 12.4278011322021 12.5374479293823 12.6470937728882 12.756739616394 12.8663864135742 13.0008821487427 13.1436614990234 13.2864408493042 13.429220199585 13.5719995498657 13.7147789001465 13.8575582504272 14.0051403045654 14.1671276092529 14.3291158676147 14.4911031723022 14.6530914306641 14.8150787353516 14.9770660400391 15.1390542984009 15.3258619308472 15.5209426879883 15.7160234451294 15.9111042022705 16.1061840057373 16.3012657165527 16.4963455200195 16.6687812805176 16.7732849121094 16.8777866363525 16.9822883605957 17.0867900848389 17.1912937164307
11.4618310928345 11.5083570480347 11.5548830032349 11.615345954895 11.6804533004761 11.7455615997314 11.8106689453125 11.8757772445679 11.9408845901489 12.0059928894043 12.0838308334351 12.1998596191406 12.3158874511719 12.4319162368774 12.547945022583 12.6639738082886 12.7800025939941 12.8960304260254 13.0365686416626 13.1852760314941 13.3339834213257 13.4826908111572 13.6313982009888 13.7801055908203 13.9288129806519 14.0809459686279 14.2433557510376 14.4057664871216 14.5681772232056 14.7305870056152 14.8929977416992 15.0554075241089 15.2178182601929 15.4120512008667 15.6168918609619 15.8217315673828 16.0265731811523 16.2314128875732 16.4362525939941 16.6410942077637 16.8182907104492 16.912561416626 17.0068302154541 17.1010990142822 17.195369720459 17.2896385192871
11.4350414276123 11.4835071563721 11.5319728851318 11.5935001373291 11.6593809127808 11.7252616882324 11.7911424636841 11.8570232391357 11.9229049682617 11.9887857437134 12.0687990188599 12.1912097930908 12.3136205673218 12.4360313415527 12.5584421157837 12.680853843689 12.8032646179199 12.9256753921509 13.0722541809082 13.2268896102905 13.3815250396729 13.5361604690552 13.6907958984375 13.8454313278198 14.0000667572021 14.1567516326904 14.3195848464966 14.4824171066284 14.6452503204346 14.8080835342407 14.9709167480469 15.1337490081787 15.2965822219849 15.4982404708862 15.7128410339355 15.9274406433105 16.1420402526855 16.3566417694092 16.5712413787842 16.7858409881592 16.9678001403809 17.0518379211426 17.1358737945557 17.2199096679688 17.3039474487305 17.3879833221436
11.444088935852 11.4914417266846 11.5387945175171 11.6001796722412 11.6662425994873 11.7323055267334 11.7983684539795 11.8644313812256 11.9304943084717 11.9965572357178 12.0768909454346 12.2000341415405 12.3231782913208 12.4463214874268 12.569465637207 12.692608833313 12.8157529830933 12.9388961791992 13.0886554718018 13.2472858428955 13.4059162139893 13.564546585083 13.7231779098511 13.8818082809448 14.0404386520386 14.2013874053955 14.3692922592163 14.5371961593628 14.7051000595093 14.8730049133301 15.0409088134766 15.208812713623 15.3767175674438 15.5805225372314 15.7962951660156 16.0120677947998 16.227840423584 16.4436130523682 16.6593856811523 16.8751583099365 17.0567111968994 17.1356029510498 17.2144927978516 17.293384552002 17.3722763061523 17.4511680603027
11.488974571228 11.5321617126465 11.5753479003906 11.6353855133057 11.70103931427 11.7666931152344 11.8323469161987 11.8980007171631 11.9636554718018 12.0293092727661 12.1081056594849 12.2263326644897 12.3445596694946 12.4627866744995 12.5810136795044 12.6992406845093 12.8174676895142 12.935694694519 13.0857706069946 13.2464637756348 13.4071569442749 13.5678491592407 13.7285423278809 13.889235496521 14.0499277114868 14.2148532867432 14.3924779891968 14.5701017379761 14.7477264404297 14.9253511428833 15.1029748916626 15.2805995941162 15.4582233428955 15.6588983535767 15.8672561645508 16.0756130218506 16.283971786499 16.4923286437988 16.7006874084473 16.9090442657471 17.0850219726562 17.163854598999 17.2426891326904 17.3215217590332 17.4003562927246 17.479190826416
11.5338611602783 11.5728816986084 11.6119022369385 11.6705913543701 11.7358360290527 11.8010807037354 11.866325378418 11.9315710067749 11.9968156814575 12.0620603561401 12.1393213272095 12.2526321411133 12.3659420013428 12.4792518615723 12.5925617218018 12.7058725357056 12.8191823959351 12.9324922561646 13.0828866958618 13.245641708374 13.4083967208862 13.5711517333984 13.7339067459106 13.8966617584229 14.0594177246094 14.2283201217651 14.4156637191772 14.6030082702637 14.7903528213501 14.9776964187622 15.1650409698486 15.3523855209351 15.5397300720215 15.7372732162476 15.9382162094116 16.1391582489014 16.3401031494141 16.5410461425781 16.7419891357422 16.9429321289062 17.1133327484131 17.1921081542969 17.2708854675293 17.3496608734131 17.4284362792969 17.5072116851807
11.5787467956543 11.6136016845703 11.6484565734863 11.7057971954346 11.7706327438354 11.8354682922363 11.9003047943115 11.9651403427124 12.0299758911133 12.0948114395142 12.1705369949341 12.2789306640625 12.3873233795166 12.495717048645 12.6041107177734 12.7125034332275 12.820897102356 12.9292907714844 13.0800018310547 13.2448196411133 13.4096364974976 13.5744543075562 13.7392721176147 13.904088973999 14.0689067840576 14.2417860031128 14.438850402832 14.6359148025513 14.8329782485962 15.0300426483154 15.2271070480347 15.4241714477539 15.6212358474731 15.8156480789185 16.0091762542725 16.2027053833008 16.3962326049805 16.5897617340088 16.7832889556885 16.9768180847168 17.1416435241699 17.2203617095947 17.2990798950195 17.3777980804443 17.4565162658691 17.5352344512939
11.6236333847046 11.6543216705322 11.6850109100342 11.741003036499 11.8054294586182 11.8698558807373 11.9342832565308 11.9987096786499 12.063136100769 12.1275634765625 12.2017526626587 12.3052291870117 12.4087057113647 12.5121822357178 12.6156587600708 12.7191352844238 12.8226118087769 12.9260883331299 13.0771169662476 13.2439966201782 13.4108772277832 13.5777568817139 13.7446365356445 13.9115161895752 14.0783958435059 14.2552518844604 14.4620361328125 14.6688203811646 14.8756046295166 15.0823888778687 15.2891731262207 15.4959573745728 15.7027416229248 15.8940229415894 16.0801372528076 16.2662506103516 16.4523639678955 16.6384773254395 16.8245906829834 17.0107040405273 17.1699542999268 17.2486152648926 17.3272762298584 17.4059352874756 17.4845962524414 17.5632572174072
11.6685190200806 11.6950416564941 11.7215642929077 11.7762088775635 11.8402261734009 11.9042444229126 11.96826171875 12.0322790145874 12.0962972640991 12.1603145599365 12.2329683303833 12.3315277099609 12.4300870895386 12.5286474227905 12.6272068023682 12.7257671356201 12.8243265151978 12.9228858947754 13.0742330551147 13.2431745529175 13.4121170043945 13.5810594558716 13.7500009536743 13.9189434051514 14.0878849029541 14.2687177658081 14.485221862793 14.7017269134521 14.918231010437 15.1347351074219 15.3512392044067 15.5677442550659 15.7842483520508 15.9723987579346 16.1510963439941 16.3297958374023 16.5084953308105 16.6871929168701 16.8658924102783 17.0445899963379 17.1982650756836 17.2768688201904 17.3554706573486 17.4340744018555 17.5126762390137 17.5912799835205
