data/working_set_collections/6091692-Cassins_Sparrow-M2/1995/tautot_avg.asc
NCOLS 265 
NROWS 230 
XLLCORNER -115.5625 
YLLCORNER 24.8333333333333 
CELLSIZE 0.0833333333333333 
NODATA_value -9999 
[rows 0 to 19 of 230, columns 138 to 183 of 265]
11.7779331207275 11.8441343307495 11.9103345870972 11.9765357971191 11.9443759918213 11.8794298171997 11.8144826889038 11.7495365142822 11.6845893859863 11.6196432113647 11.5546960830688 11.5107707977295 11.5299081802368 11.5490465164185 11.5681838989258 11.5873222351074 11.6064605712891 11.6255979537964 11.644736289978 11.6096668243408 11.5565280914307 11.5033893585205 11.4502506256104 11.3971118927002 11.34397315979 11.2908344268799 11.2615184783936 11.3036737442017 11.3458290100098 11.3879833221436 11.4301385879517 11.4722938537598 11.5144481658936 11.5566034317017 11.6004915237427 11.6449575424194 11.6894235610962 11.7338886260986 11.7783546447754 11.8228206634521 11.8672866821289 11.9111137390137 11.9530258178711 11.9949378967285 12.0368490219116 12.078761100769
11.6576147079468 11.7244367599487 11.7912588119507 11.8580808639526 11.8326711654663 11.776517868042 11.7203636169434 11.664210319519 11.6080560684204 11.5519018173218 11.4957485198975 11.4579582214355 11.4752569198608 11.4925565719604 11.5098552703857 11.527153968811 11.5444536209106 11.5617523193359 11.5790519714355 11.5517482757568 11.5095777511597 11.4674072265625 11.4252367019653 11.3830661773682 11.340895652771 11.2987251281738 11.278977394104 11.3264999389648 11.3740234375 11.4215459823608 11.4690685272217 11.5165910720825 11.5641136169434 11.6116371154785 11.6519069671631 11.6897583007812 11.7276105880737 11.7654628753662 11.8033142089844 11.8411664962769 11.879017829895 11.9175319671631 11.958028793335 11.9985256195068 12.0390224456787 12.0795202255249
11.537296295166 11.604739189148 11.6721830368042 11.7396268844604 11.7209672927856 11.6736059188843 11.6262445449829 11.5788841247559 11.5315227508545 11.4841613769531 11.4368009567261 11.4051446914673 11.4206056594849 11.4360656738281 11.4515266418457 11.466986656189 11.4824466705322 11.4979076385498 11.5133676528931 11.4938306808472 11.462628364563 11.4314260482788 11.4002227783203 11.3690204620361 11.337818145752 11.3066148757935 11.2964363098145 11.349326133728 11.4022169113159 11.4551076889038 11.5079984664917 11.5608892440796 11.6137790679932 11.6666698455811 11.7033214569092 11.7345590591431 11.7657976150513 11.7970352172852 11.8282737731934 11.8595123291016 11.8907499313354 11.9239492416382 11.9630317687988 12.0021142959595 12.0411958694458 12.0802783966064
11.4169769287109 11.4850425720215 11.5531072616577 11.6211719512939 11.6092624664307 11.5706939697266 11.5321254730225 11.4935579299927 11.4549894332886 11.4164209365845 11.3778533935547 11.3523321151733 11.3659543991089 11.3795757293701 11.3931970596313 11.4068183898926 11.4204406738281 11.4340620040894 11.4476833343506 11.4359130859375 11.4156789779663 11.3954439163208 11.3752098083496 11.3549747467041 11.3347406387329 11.3145055770874 11.3138942718506 11.3721532821655 11.4304113388062 11.4886693954468 11.5469284057617 11.6051864624023 11.663444519043 11.7217035293579 11.7547359466553 11.7793607711792 11.8039846420288 11.8286094665527 11.8532333374023 11.877857208252 11.9024820327759 11.9303665161133 11.9680347442627 12.0057020187378 12.0433692932129 12.0810375213623
11.2966585159302 11.3653450012207 11.4340314865112 11.5027179718018 11.4975576400757 11.4677820205688 11.4380073547363 11.4082317352295 11.3784561157227 11.3486804962158 11.3189058303833 11.2995195388794 11.3113021850586 11.3230848312378 11.3348684310913 11.3466510772705 11.3584337234497 11.3702163696289 11.3819990158081 11.3779954910278 11.3687286376953 11.3594627380371 11.3501958847046 11.3409290313721 11.3316631317139 11.3223962783813 11.331353187561 11.3949794769287 11.4586057662964 11.5222320556641 11.5858583450317 11.6494836807251 11.7131099700928 11.7767362594604 11.8061513900757 11.824161529541 11.8421716690063 11.860182762146 11.8781929016113 11.8962030410767 11.914213180542 11.9367847442627 11.9730377197266 12.0092906951904 12.0455436706543 12.0817956924438
11.1763401031494 11.2456474304199 11.3149557113647 11.3842630386353 11.3858528137207 11.3648710250854 11.3438882827759 11.3229055404663 11.3019227981567 11.2809400558472 11.2599573135376 11.2467069625854 11.2566509246826 11.2665948867798 11.276538848877 11.2864828109741 11.2964267730713 11.3063716888428 11.3163156509399 11.3200778961182 11.3217792510986 11.3234806060791 11.3251819610596 11.3268842697144 11.3285856246948 11.3302869796753 11.3488121032715 11.4178056716919 11.4868001937866 11.555793762207 11.6247873306274 11.6937818527222 11.7627754211426 11.8317699432373 11.8575658798218 11.8689622879028 11.8803586959839 11.8917560577393 11.9031524658203 11.9145488739014 11.9259452819824 11.9432020187378 11.9780406951904 12.0128784179688 12.0477170944214 12.0825548171997
11.1035900115967 11.1683883666992 11.2331867218018 11.2979860305786 11.3026895523071 11.2873620986938 11.2720336914062 11.256706237793 11.2413778305054 11.2260503768921 11.2107229232788 11.2025699615479 11.2159423828125 11.2293157577515 11.2426881790161 11.2560615539551 11.2694339752197 11.2828073501587 11.2961797714233 11.3070335388184 11.3170480728149 11.3270626068115 11.3370761871338 11.3470907211304 11.357105255127 11.3671188354492 11.3917045593262 11.4600057601929 11.5283060073853 11.5966062545776 11.6649074554443 11.7332077026367 11.8015079498291 11.8698091506958 11.8950233459473 11.9058752059937 11.9167280197144 11.9275808334351 11.9384326934814 11.9492855072021 11.9601383209229 11.9769830703735 12.0118064880371 12.046630859375 12.0814542770386 12.1162776947021
11.078408241272 11.1335668563843 11.1887264251709 11.2438850402832 11.2480659484863 11.235255241394 11.2224445343018 11.2096328735352 11.1968221664429 11.1840114593506 11.171199798584 11.1671094894409 11.1891784667969 11.2112474441528 11.2333164215088 11.2553853988647 11.2774543762207 11.299524307251 11.3215932846069 11.338864326477 11.3545351028442 11.3702068328857 11.3858785629272 11.4015502929688 11.4172210693359 11.4328927993774 11.460033416748 11.5215787887573 11.5831241607666 11.6446704864502 11.7062158584595 11.7677621841431 11.8293075561523 11.8908529281616 11.9185228347778 11.9349012374878 11.9512786865234 11.9676570892334 11.9840354919434 12.000412940979 12.016791343689 12.0381269454956 12.0743360519409 12.1105461120605 12.1467552185059 12.1829652786255
11.0532264709473 11.0987453460693 11.1442651748657 11.1897840499878 11.1934432983398 11.1831493377686 11.172854423523 11.1625604629517 11.1522665023804 11.1419715881348 11.1316776275635 11.1316480636597 11.1624135971069 11.1931791305542 11.2239446640015 11.2547101974487 11.285475730896 11.3162403106689 11.3470058441162 11.3706941604614 11.3920230865479 11.4133520126343 11.4346799850464 11.4560089111328 11.4773378372192 11.4986667633057 11.5283613204956 11.5831518173218 11.6379432678223 11.6927337646484 11.7475252151489 11.8023157119751 11.8571071624756 11.9118976593018 11.9420232772827 11.9639263153076 11.9858303070068 12.0077333450317 12.029637336731 12.0515403747559 12.0734443664551 12.0992708206177 12.1368656158447 12.1744613647461 12.2120571136475 12.2496528625488
11.0280447006226 11.0639247894287 11.0998039245605 11.1356840133667 11.1388206481934 11.1310424804688 11.1232652664185 11.1154880523682 11.1077098846436 11.0999326705933 11.0921545028687 11.0961875915527 11.135648727417 11.1751108169556 11.2145719528198 11.2540340423584 11.293496131897 11.3329572677612 11.3724193572998 11.4025239944458 11.4295101165771 11.4564962387085 11.4834823608398 11.5104684829712 11.5374546051025 11.5644407272339 11.5966892242432 11.6447248458862 11.6927614212036 11.740797996521 11.7888336181641 11.8368701934814 11.8849067687988 11.9329423904419 11.9655237197876 11.9929523468018 12.0203809738159 12.0478105545044 12.0752391815186 12.1026678085327 12.1300973892212 12.1604146957397 12.1993961334229 12.238377571106 12.2773590087891 12.3163404464722
11.0028629302979 11.0291032791138 11.0553426742554 11.0815830230713 11.0841970443726 11.0789365768433 11.0736751556396 11.0684146881104 11.0631542205811 11.0578927993774 11.0526323318481 11.0607261657715 11.108883857727 11.1570425033569 11.2052001953125 11.2533588409424 11.301516532898 11.3496742248535 11.3978328704834 11.4343547821045 11.4669981002808 11.499641418457 11.5322847366333 11.5649280548096 11.5975713729858 11.6302146911621 11.6650171279907 11.706298828125 11.747579574585 11.7888612747192 11.8301429748535 11.8714246749878 11.9127054214478 11.953987121582 11.9890232086182 12.0219774246216 12.0549325942993 12.0878868103027 12.1208410263062 12.1537961959839 12.1867504119873 12.2215576171875 12.2619256973267 12.3022928237915 12.3426599502563 12.3830270767212
10.9776821136475 10.9942817687988 11.0108823776245 11.0274820327759 11.0295743942261 11.0268297195435 11.0240859985352 11.0213422775269 11.0185976028442 11.0158538818359 11.0131101608276 11.0252656936646 11.0821199417114 11.1389741897583 11.1958284378052 11.252682685852 11.3095369338989 11.3663911819458 11.4232454299927 11.4661846160889 11.5044851303101 11.5427856445312 11.5810861587524 11.6193866729736 11.6576871871948 11.695987701416 11.7333450317383 11.7678718566895 11.8023986816406 11.8369255065918 11.8714513778687 11.9059782028198 11.940505027771 11.9750318527222 12.012523651123 12.0510034561157 12.0894832611084 12.1279630661011 12.1664438247681 12.2049236297607 12.2434034347534 12.2827014923096 12.3244552612305 12.366208076477 12.407961845398 12.4497146606445
10.9817991256714 10.9916095733643 11.0014209747314 11.0112323760986 11.0131797790527 11.012505531311 11.011830329895 11.0111560821533 11.0104818344116 11.0098066329956 11.0091323852539 11.023006439209 11.0805263519287 11.1380462646484 11.1955661773682 11.2530870437622 11.3106069564819 11.3681268692017 11.4256467819214 11.4709005355835 11.5120668411255 11.5532321929932 11.5943975448608 11.6355638504028 11.6767292022705 11.7178945541382 11.756817817688 11.7890110015869 11.8212041854858 11.8533973693848 11.8855905532837 11.9177837371826 11.9499778747559 11.9821710586548 12.0205659866333 12.0610275268555 12.101490020752 12.1419515609741 12.1824140548706 12.2228755950928 12.2633380889893 12.3042163848877 12.3463430404663 12.3884696960449 12.4305963516235 12.4727230072021
11.0152139663696 11.0210876464844 11.0269613265991 11.0328350067139 11.0350141525269 11.035961151123 11.0369091033936 11.0378570556641 11.0388050079346 11.0397520065308 11.0406999588013 11.0539493560791 11.1041049957275 11.1542596817017 11.2044153213501 11.2545700073242 11.3047256469727 11.3548803329468 11.4050350189209 11.4485034942627 11.4897422790527 11.5309801101685 11.5722188949585 11.6134576797485 11.6546964645386 11.6959352493286 11.7354345321655 11.7697162628174 11.8039970397949 11.8382787704468 11.8725605010986 11.9068412780762 11.941123008728 11.9754047393799 12.0131502151489 12.0520505905151 12.0909519195557 12.1298522949219 12.1687526702881 12.2076539993286 12.2465543746948 12.2861022949219 12.3275899887085 12.3690776824951 12.4105653762817 12.452052116394
11.0486297607422 11.0505647659302 11.0525007247925 11.0544366836548 11.0568475723267 11.0594177246094 11.0619878768921 11.0645580291748 11.0671281814575 11.0696983337402 11.0722675323486 11.0848932266235 11.127682685852 11.1704730987549 11.2132635116577 11.2560539245605 11.2988433837891 11.3416337966919 11.3844242095947 11.4261054992676 11.4674167633057 11.5087289810181 11.5500402450562 11.5913515090942 11.6326637268066 11.6739749908447 11.7140512466431 11.7504205703735 11.786789894104 11.8231601715088 11.8595294952393 11.8958988189697 11.9322681427002 11.9686374664307 12.0057344436646 12.0430736541748 12.0804138183594 12.1177530288696 12.1550922393799 12.1924314498901 12.2297706604004 12.2679882049561 12.3088359832764 12.349684715271 12.3905334472656 12.4313821792603
11.0820446014404 11.0800428390503 11.0780401229858 11.0760383605957 11.0786819458008 11.0828742980957 11.0870666503906 11.0912590026855 11.0954513549805 11.0996437072754 11.1038360595703 11.1158361434937 11.1512613296509 11.1866865158081 11.2221117019653 11.2575368881226 11.2929620742798 11.328387260437 11.3638124465942 11.4037075042725 11.4450922012329 11.4864768981934 11.5278615951538 11.5692462921143 11.6106309890747 11.6520156860352 11.6926679611206 11.731125831604 11.7695837020874 11.8080406188965 11.8464984893799 11.8849563598633 11.9234132766724 11.9618711471558 11.9983196258545 12.0340976715088 12.0698757171631 12.1056537628174 12.1414318084717 12.177209854126 12.2129878997803 12.2498731613159 12.2900829315186 12.3302927017212 12.3705015182495 12.4107112884521
11.115460395813 11.1095199584961 11.1035795211792 11.0976400375366 11.1005163192749 11.106330871582 11.1121454238892 11.1179599761963 11.1237745285034 11.1295890808105 11.1354036331177 11.1467790603638 11.1748399734497 11.2028999328613 11.230959892273 11.2590208053589 11.2870807647705 11.3151416778564 11.3432016372681 11.3813095092773 11.4227676391602 11.4642248153687 11.5056829452515 11.54714012146 11.5885982513428 11.6300554275513 11.6712856292725 11.7118310928345 11.7523765563965 11.7929220199585 11.8334674835205 11.8740139007568 11.9145593643188 11.9551048278809 11.9909038543701 12.0251207351685 12.0593376159668 12.0935535430908 12.1277704238892 12.1619873046875 12.1962041854858 12.2317590713501 12.2713298797607 12.3108997344971 12.3504705429077 12.390040397644
11.1488752365112 11.1389970779419 11.1291198730469 11.1192417144775 11.1223497390747 11.129786491394 11.1372232437134 11.144660949707 11.1520977020264 11.1595344543457 11.166971206665 11.1777229309082 11.1984176635742 11.2191133499146 11.2398090362549 11.2605037689209 11.2811994552612 11.3018951416016 11.3225898742676 11.3589124679565 11.4004430770874 11.4419736862183 11.4835042953491 11.52503490448 11.5665655136108 11.6080961227417 11.64990234375 11.6925354003906 11.7351694107056 11.7778034210205 11.8204374313354 11.8630704879761 11.905704498291 11.948338508606 11.9834880828857 12.0161437988281 12.0487985610962 12.0814542770386 12.114109992981 12.146764755249 12.1794204711914 12.2136449813843 12.2525758743286 12.2915077209473 12.3304386138916 12.3693704605103
11.1373558044434 11.1253156661987 11.1132755279541 11.1012353897095 11.1050901412964 11.1142444610596 11.1233978271484 11.1325521469116 11.1417064666748 11.1508598327637 11.1600141525269 11.1712160110474 11.1885643005371 11.2059116363525 11.2232599258423 11.2406072616577 11.2579555511475 11.2753028869629 11.2926502227783 11.3303165435791 11.374755859375 11.4191951751709 11.4636335372925 11.5080728530884 11.5525121688843 11.5969514846802 11.6411380767822 11.6845712661743 11.7280035018921 11.7714357376099 11.8148679733276 11.8583002090454 11.9017324447632 11.945164680481 11.9796657562256 12.0111885070801 12.0427122116089 12.0742349624634 12.1057577133179 12.1372814178467 12.1688041687012 12.201886177063 12.2396421432495 12.277398109436 12.3151540756226 12.3529109954834
11.0809011459351 11.068473815918 11.0560464859009 11.0436201095581 11.0487375259399 11.05970287323 11.0706691741943 11.0816345214844 11.0925998687744 11.1035661697388 11.1145315170288 11.1272602081299 11.1452779769897 11.1632957458496 11.1813125610352 11.199330329895 11.2173480987549 11.2353649139404 11.2533826828003 11.295524597168 11.3457069396973 11.3958902359009 11.4460725784302 11.4962558746338 11.5464391708374 11.5966215133667 11.6449947357178 11.6879358291626 11.7308769226074 11.7738189697266 11.8167600631714 11.8597021102905 11.9026432037354 11.9455852508545 11.979434967041 12.0102558135986 12.0410757064819 12.0718955993652 12.1027154922485 12.1335363388062 12.1643562316895 12.1964826583862 12.2325277328491 12.2685718536377 12.3046169281006 12.3406620025635
