data/working_set_collections/6091692-Cassins_Sparrow-M2/1995/ts_avg.asc
NCOLS 265 
NROWS 230 
XLLCORNER -115.5625 
YLLCORNER 24.8333333333333 
CELLSIZE 0.0833333333333333 
NODATA_value -9999 
[rows 180 to 199 of 230, columns 92 to 137 of 265]
286.742706298828 286.837219238281 286.931732177734 287.026275634766 287.120788574219 287.241241455078 287.370330810547 287.499420166016 287.628509521484 287.757568359375 287.886657714844 288.015747070312 288.203155517578 288.565460205078 288.927764892578 289.290069580078 289.652404785156 290.014709472656 290.377014160156 290.739318847656 291.114044189453 291.492919921875 291.871795654297 292.250640869141 292.629516601562 293.008392333984 293.387268066406 293.684814453125 293.738403320312 293.792022705078 293.845611572266 293.899230957031 293.952850341797 294.006439208984 294.06005859375 294.026489257812 293.9638671875 293.901245117188 293.838653564453 293.776031494141 293.713409423828 293.650787353516 293.636566162109 293.767517089844 293.898468017578 294.029388427734
286.640563964844 286.716918945312 286.793273925781 286.86962890625 286.945983886719 287.0830078125 287.240264892578 287.397491455078 287.554748535156 287.711975097656 287.869232177734 288.026458740234 288.236297607422 288.603881835938 288.971466064453 289.339050292969 289.706634521484 290.07421875 290.441802978516 290.809387207031 291.180053710938 291.5517578125 291.923461914062 292.295166015625 292.666900634766 293.038604736328 293.410308837891 293.701080322266 293.749053955078 293.797027587891 293.844970703125 293.892944335938 293.94091796875 293.988891601562 294.036865234375 293.996887207031 293.927581787109 293.858276367188 293.788970947266 293.719665527344 293.650360107422 293.5810546875 293.558898925781 293.678131103516 293.79736328125 293.916595458984
286.538452148438 286.596618652344 286.654815673828 286.713012695312 286.771179199219 286.924774169922 287.110168457031 287.295593261719 287.480987548828 287.666381835938 287.851776123047 288.037170410156 288.269439697266 288.642303466797 289.015167236328 289.388000488281 289.760864257812 290.133728027344 290.506591796875 290.879455566406 291.246063232422 291.610626220703 291.975158691406 292.339691162109 292.704254150391 293.068786621094 293.433349609375 293.717346191406 293.759674072266 293.802001953125 293.844329833984 293.886688232422 293.929016113281 293.971343994141 294.013671875 293.967254638672 293.891265869141 293.815277099609 293.739288330078 293.663299560547 293.587310791016 293.511322021484 293.481201171875 293.588745117188 293.696258544922 293.803771972656
286.436309814453 286.476318359375 286.516357421875 286.556365966797 286.596374511719 286.766540527344 286.980102539062 287.193664550781 287.4072265625 287.620788574219 287.834320068359 288.047882080078 288.302581787109 288.680725097656 289.058837890625 289.436981201172 289.815124511719 290.193237304688 290.571380615234 290.949493408203 291.312072753906 291.669464111328 292.02685546875 292.384216308594 292.741607666016 293.098999023438 293.456390380859 293.733612060547 293.770294189453 293.807006835938 293.843688964844 293.880401611328 293.917083740234 293.953796386719 293.990478515625 293.937652587891 293.85498046875 293.772308349609 293.689636230469 293.606964111328 293.524261474609 293.441589355469 293.403533935547 293.499359130859 293.595153808594 293.690979003906
286.334167480469 286.356018066406 286.377868652344 286.399719238281 286.421569824219 286.608337402344 286.850036621094 287.091735839844 287.333465576172 287.575164794922 287.81689453125 288.05859375 288.335723876953 288.719146728516 289.1025390625 289.485931396484 289.869354248047 290.252746582031 290.636169433594 291.019561767578 291.378082275391 291.728302001953 292.078521728516 292.428741455078 292.778991699219 293.129211425781 293.479431152344 293.749877929688 293.780944824219 293.811981201172 293.843048095703 293.874114990234 293.905181884766 293.936248779297 293.967315673828 293.908050537109 293.818695068359 293.729309082031 293.639953613281 293.550598144531 293.461212158203 293.371856689453 293.325866699219 293.409973144531 293.494049072266 293.578155517578
286.232055664062 286.235717773438 286.239410400391 286.243103027344 286.246765136719 286.450103759766 286.719970703125 286.989837646484 287.259704589844 287.529571533203 287.799438476562 288.069305419922 288.368896484375 288.757568359375 289.146240234375 289.534912109375 289.923583984375 290.312255859375 290.700927734375 291.089630126953 291.444091796875 291.787139892578 292.130218505859 292.473266601562 292.816345214844 293.159423828125 293.502471923828 293.766143798828 293.791564941406 293.816986083984 293.842407226562 293.867828369141 293.893249511719 293.918701171875 293.944122314453 293.87841796875 293.782379150391 293.686340332031 293.590270996094 293.494232177734 293.398193359375 293.302124023438 293.248199462891 293.320587158203 293.392974853516 293.465362548828
286.100494384766 286.081451416016 286.062377929688 286.043334960938 286.024261474609 286.250823974609 286.559265136719 286.867706298828 287.176147460938 287.484588623047 287.793029785156 288.101470947266 288.431304931641 288.825378417969 289.219451904297 289.613525390625 290.007598876953 290.401672363281 290.795745849609 291.189819335938 291.537719726562 291.870178222656 292.202667236328 292.53515625 292.867645263672 293.200103759766 293.532592773438 293.787628173828 293.810241699219 293.832824707031 293.855438232422 293.878051757812 293.900665283203 293.923278808594 293.945892333984 293.878326416016 293.780700683594 293.683074951172 293.58544921875 293.487823486328 293.390197753906 293.292572021484 293.235473632812 293.299896240234 293.364318847656 293.428771972656
285.939544677734 285.893188476562 285.846801757812 285.800445556641 285.754089355469 286.010559082031 286.367950439453 286.725372314453 287.082794189453 287.440216064453 287.797607421875 288.155029296875 288.523010253906 288.922607421875 289.322204589844 289.721801757812 290.121398925781 290.52099609375 290.920593261719 291.320190429688 291.658966064453 291.977416992188 292.2958984375 292.614379882812 292.932861328125 293.251312255859 293.569793701172 293.814300537109 293.8369140625 293.859558105469 293.882171630859 293.90478515625 293.927398681641 293.950012207031 293.97265625 293.907745361328 293.813659667969 293.719543457031 293.625457763672 293.531372070312 293.437286376953 293.343200683594 293.287689208984 293.347930908203 293.408142089844 293.468383789062
285.778594970703 285.704895019531 285.631225585938 285.557556152344 285.48388671875 285.770263671875 286.176635742188 286.583038330078 286.989440917969 287.395812988281 287.802215576172 288.208618164062 288.614685058594 289.019805908203 289.424926757812 289.830078125 290.235198974609 290.640319824219 291.045440673828 291.450561523438 291.780181884766 292.084655761719 292.389129638672 292.693603515625 292.998077392578 293.302520751953 293.606994628906 293.841003417969 293.863647460938 293.886260986328 293.908874511719 293.931518554688 293.954132080078 293.976776123047 293.999389648438 293.937133789062 293.846588134766 293.756042480469 293.665496826172 293.574920654297 293.484375 293.393829345703 293.339935302734 293.395965576172 293.451995849609 293.507995605469
285.617614746094 285.516632080078 285.415649414062 285.314666748047 285.213684082031 285.529968261719 285.9853515625 286.440704345703 286.896087646484 287.351440429688 287.806823730469 288.262176513672 288.706390380859 289.117034912109 289.527679443359 289.938323974609 290.348968505859 290.759643554688 291.170288085938 291.580932617188 291.901428222656 292.19189453125 292.482360839844 292.772827148438 293.063262939453 293.353729248047 293.644195556641 293.867706298828 293.890350341797 293.912963867188 293.935607910156 293.958251953125 293.980865478516 294.003509521484 294.026153564453 293.966552734375 293.879547119141 293.792510986328 293.705505371094 293.618499755859 293.531463623047 293.444458007812 293.392150878906 293.443969726562 293.495819091797 293.547637939453
285.456665039062 285.328369140625 285.200073242188 285.07177734375 284.943481445312 285.289672851562 285.794036865234 286.298370361328 286.802734375 287.307067871094 287.811431884766 288.315765380859 288.798065185547 289.214263916016 289.630432128906 290.046600341797 290.462768554688 290.878936767578 291.295135498047 291.711303710938 292.022674560547 292.299133300781 292.575592041016 292.85205078125 293.128479003906 293.404937744141 293.681396484375 293.894409179688 293.917022705078 293.939697265625 293.962341308594 293.984985351562 294.007629394531 294.0302734375 294.052917480469 293.995941162109 293.912475585938 293.829010009766 293.745513916016 293.662048339844 293.578552246094 293.495086669922 293.444366455078 293.492004394531 293.539642333984 293.587249755859
285.295684814453 285.140106201172 284.984497070312 284.828887939453 284.673278808594 285.049377441406 285.602722167969 286.156036376953 286.709381103516 287.2626953125 287.816009521484 288.369354248047 288.889770507812 289.311462402344 289.733154296875 290.154876708984 290.576568603516 290.998260498047 291.419982910156 291.841674804688 292.143920898438 292.406372070312 292.668823242188 292.931274414062 293.193695068359 293.456146240234 293.718597412109 293.921081542969 293.943725585938 293.966400146484 293.989044189453 294.011688232422 294.034362792969 294.057006835938 294.079650878906 294.025360107422 293.945404052734 293.865478515625 293.785522460938 293.705596923828 293.625640869141 293.545715332031 293.496612548828 293.5400390625 293.583465576172 293.626892089844
285.322357177734 285.134246826172 284.946105957031 284.757995605469 284.569854736328 284.950347900391 285.520355224609 286.090393066406 286.660400390625 287.230438232422 287.800476074219 288.370483398438 288.904968261719 289.332855224609 289.7607421875 290.188629150391 290.616516113281 291.044403076172 291.472290039062 291.900146484375 292.197540283203 292.451446533203 292.705352783203 292.959228515625 293.213134765625 293.467041015625 293.720916748047 293.916961669922 293.939422607422 293.961883544922 293.984344482422 294.006805419922 294.029266357422 294.051727294922 294.074188232422 294.020599365234 293.941650390625 293.862701416016 293.783752441406 293.704803466797 293.625885009766 293.546936035156 293.498718261719 293.542724609375 293.586700439453 293.630706787109
285.536651611328 285.310791015625 285.084930419922 284.859039306641 284.633178710938 284.992523193359 285.546966552734 286.101409912109 286.655853271484 287.210296630859 287.764739990234 288.319183349609 288.843719482422 289.278442382812 289.713165283203 290.147888183594 290.582611083984 291.017333984375 291.452056884766 291.886779785156 292.183563232422 292.434356689453 292.685180664062 292.935974121094 293.186767578125 293.437591552734 293.688385009766 293.882019042969 293.904083251953 293.926147460938 293.9482421875 293.970306396484 293.992401123047 294.014465332031 294.036560058594 293.981689453125 293.901214599609 293.820709228516 293.740203857422 293.659729003906 293.579223632812 293.498718261719 293.45068359375 293.500030517578 293.549377441406 293.598724365234
285.750946044922 285.487335205078 285.223724365234 284.960113525391 284.696502685547 285.034729003906 285.573608398438 286.112457275391 286.651306152344 287.190185546875 287.729034423828 288.267913818359 288.782440185547 289.223999023438 289.665557861328 290.107147216797 290.548706054688 290.990264892578 291.431823730469 291.873382568359 292.169555664062 292.417266845703 292.664978027344 292.912689208984 293.160430908203 293.408142089844 293.655853271484 293.847045898438 293.868743896484 293.890441894531 293.912139892578 293.933807373047 293.955505371094 293.977203369141 293.998901367188 293.942779541016 293.860748291016 293.778686523438 293.696655273438 293.614624023438 293.532562255859 293.450531005859 293.402679443359 293.457366943359 293.512054443359 293.566741943359
285.965270996094 285.663909912109 285.362548828125 285.061187744141 284.759826660156 285.076934814453 285.600219726562 286.123504638672 286.646759033203 287.170043945312 287.693328857422 288.216613769531 288.721160888672 289.169586181641 289.617980957031 290.066375732422 290.514801025391 290.963195800781 291.411590576172 291.859985351562 292.155578613281 292.400177001953 292.644805908203 292.889434814453 293.134063720703 293.378692626953 293.623321533203 293.812103271484 293.833404541016 293.854705810547 293.876007080078 293.897338867188 293.918640136719 293.93994140625 293.961242675781 293.903869628906 293.820281982422 293.736694335938 293.653106689453 293.569519042969 293.485931396484 293.40234375 293.354644775391 293.414703369141 293.474731445312 293.534759521484
286.179565429688 285.840454101562 285.501342773438 285.162231445312 284.823120117188 285.119140625 285.626831054688 286.134521484375 286.642211914062 287.149932861328 287.657623291016 288.165313720703 288.659912109375 289.115142822266 289.570404052734 290.025634765625 290.480865478516 290.936126708984 291.391357421875 291.846618652344 292.141571044922 292.383087158203 292.624633789062 292.866180419922 293.107696533203 293.349243164062 293.590759277344 293.777160644531 293.798065185547 293.819000244141 293.839904785156 293.86083984375 293.881744384766 293.902679443359 293.923583984375 293.864959716797 293.779815673828 293.694702148438 293.609558105469 293.5244140625 293.439270019531 293.354125976562 293.306640625 293.372009277344 293.437408447266 293.502807617188
286.393859863281 286.016998291016 285.640167236328 285.263305664062 284.886444091797 285.161315917969 285.653442382812 286.145568847656 286.637664794922 287.129791259766 287.621917724609 288.114044189453 288.5986328125 289.060729980469 289.522796630859 289.984893798828 290.446960449219 290.909057617188 291.371124267578 291.833221435547 292.127563476562 292.366027832031 292.604461669922 292.842895507812 293.081359863281 293.319793701172 293.558227539062 293.7421875 293.762725830078 293.783264160156 293.803802490234 293.824340820312 293.844879150391 293.865386962891 293.885925292969 293.826049804688 293.739379882812 293.652679443359 293.566009521484 293.479309082031 293.392639160156 293.305938720703 293.258605957031 293.329345703125 293.400085449219 293.470825195312
286.744201660156 286.327117919922 285.910064697266 285.492980957031 285.075897216797 285.302581787109 285.743804931641 286.18505859375 286.626312255859 287.067565917969 287.5087890625 287.950042724609 288.398254394531 288.867401123047 289.336547851562 289.8056640625 290.274810791016 290.743957519531 291.213104248047 291.682220458984 291.975830078125 292.2109375 292.446044921875 292.681121826172 292.916229248047 293.151336669922 293.386413574219 293.571655273438 293.607238769531 293.642822265625 293.678405761719 293.713989257812 293.749572753906 293.78515625 293.820739746094 293.774536132812 293.701049804688 293.627563476562 293.554077148438 293.480590820312 293.407135009766 293.333648681641 293.297882080078 293.375244140625 293.45263671875 293.529998779297
287.230590820312 286.770812988281 286.31103515625 285.851257324219 285.391479492188 285.542846679688 285.89794921875 286.253021240234 286.608093261719 286.963195800781 287.318267822266 287.67333984375 288.058776855469 288.535186767578 289.011596679688 289.488006591797 289.964416503906 290.440826416016 290.917236328125 291.393646240234 291.686370849609 291.917846679688 292.149353027344 292.380859375 292.612335205078 292.843841552734 293.075347900391 293.265502929688 293.331573486328 293.397644042969 293.463714599609 293.52978515625 293.595855712891 293.661926269531 293.727996826172 293.710388183594 293.664855957031 293.619323730469 293.573822021484 293.528289794922 293.482757568359 293.437255859375 293.424438476562 293.509735107422 293.595031738281 293.680328369141
