data/working_set_collections/6091692-Cassins_Sparrow-M2/1995/ts_avg.asc
NCOLS 265 
NROWS 230 
XLLCORNER -115.5625 
YLLCORNER 24.8333333333333 
CELLSIZE 0.0833333333333333 
NODATA_value -9999 
[rows 0 to 19 of 230, columns 92 to 137 of 265]
280.693878173828 280.330841064453 279.967803955078 279.604797363281 279.241760253906 278.946136474609 278.672973632812 278.399841308594 278.126678466797 277.853546142578 277.580383300781 277.307250976562 277.262878417969 277.904968261719 278.547027587891 279.189086914062 279.831146240234 280.473205566406 281.115264892578 281.75732421875 281.840545654297 281.737487792969 281.634399414062 281.531341552734 281.428283691406 281.3251953125 281.222137451172 281.148345947266 281.162384033203 281.176391601562 281.1904296875 281.204467773438 281.218475341797 281.232513427734 281.246551513672 281.136077880859 280.984100341797 280.832153320312 280.68017578125 280.528198242188 280.376251220703 280.224273681641 280.075073242188 279.934204101562 279.793304443359 279.652435302734
280.678039550781 280.342987060547 280.007904052734 279.6728515625 279.337799072266 279.083038330078 278.855102539062 278.627136230469 278.399169921875 278.171203613281 277.943237304688 277.715270996094 277.687744140625 278.261505126953 278.835266113281 279.409027099609 279.982788085938 280.556549072266 281.130310058594 281.704071044922 281.779632568359 281.689117431641 281.598602294922 281.508087158203 281.417572021484 281.327026367188 281.236511230469 281.176300048828 281.206939697266 281.237579345703 281.268249511719 281.298889160156 281.329528808594 281.360168457031 281.390808105469 281.307220458984 281.185546875 281.063873291016 280.942199707031 280.820526123047 280.698852539062 280.577178955078 280.453491210938 280.32373046875 280.193969726562 280.064178466797
280.662231445312 280.355133056641 280.048034667969 279.740905761719 279.433807373047 279.219970703125 279.037200927734 278.854431152344 278.671630859375 278.488861083984 278.306091308594 278.123321533203 278.112609863281 278.618072509766 279.12353515625 279.628997802734 280.134460449219 280.639923095703 281.145385742188 281.650817871094 281.718719482422 281.640747070312 281.562774658203 281.484802246094 281.406829833984 281.328887939453 281.250915527344 281.204254150391 281.251525878906 281.298767089844 281.346038818359 281.393310546875 281.440551757812 281.487823486328 281.535095214844 281.478363037109 281.386993408203 281.295623779297 281.204254150391 281.112854003906 281.021484375 280.930114746094 280.831909179688 280.713256835938 280.594604492188 280.475952148438
280.646392822266 280.367248535156 280.088134765625 279.808990478516 279.529846191406 279.356872558594 279.219299316406 279.081695556641 278.944122314453 278.806549072266 278.6689453125 278.531372070312 278.537475585938 278.974639892578 279.411804199219 279.848937988281 280.286102294922 280.723266601562 281.160430908203 281.597595214844 281.657806396484 281.592376708984 281.526977539062 281.461547851562 281.396118164062 281.330718994141 281.265289306641 281.232208251953 281.296081542969 281.359954833984 281.423828125 281.487731933594 281.551605224609 281.615478515625 281.679382324219 281.649536132812 281.588439941406 281.52734375 281.466278076172 281.405181884766 281.344116210938 281.283020019531 281.210327148438 281.102783203125 280.995269775391 280.887725830078
280.630584716797 280.37939453125 280.128234863281 279.877044677734 279.625885009766 279.493804931641 279.401397705078 279.308990478516 279.216613769531 279.124206542969 279.031799316406 278.939422607422 278.962341308594 279.331176757812 279.700042724609 280.068908691406 280.437774658203 280.806610107422 281.175476074219 281.544342041016 281.596893310547 281.544036865234 281.491149902344 281.438293457031 281.385406494141 281.332550048828 281.279693603516 281.260162353516 281.340637207031 281.421142578125 281.501647949219 281.582153320312 281.662658691406 281.743133544922 281.823638916016 281.820678710938 281.789886474609 281.759094238281 281.728302001953 281.697509765625 281.666717529297 281.635925292969 281.588745117188 281.492340087891 281.395904541016 281.299499511719
280.61474609375 280.391540527344 280.168334960938 279.945129394531 279.721923828125 279.630706787109 279.58349609375 279.536285400391 279.489074707031 279.441864013672 279.394653320312 279.347473144531 279.387176513672 279.687744140625 279.988311767578 280.288848876953 280.589416503906 280.889984130859 281.190521240234 281.491088867188 281.535980224609 281.495666503906 281.455352783203 281.4150390625 281.374694824219 281.334381103516 281.294067382812 281.288116455078 281.385223388672 281.482330322266 281.579437255859 281.676574707031 281.773681640625 281.870788574219 281.967926025391 281.991821289062 281.991333007812 281.990844726562 281.990325927734 281.989837646484 281.989349365234 281.988861083984 281.967163085938 281.881866455078 281.796569824219 281.711273193359
280.584777832031 280.376220703125 280.167663574219 279.959106445312 279.750549316406 279.689514160156 279.677642822266 279.665771484375 279.653930664062 279.642059326172 279.630218505859 279.618347167969 279.673004150391 279.927124023438 280.181243896484 280.435394287109 280.689514160156 280.943664550781 281.197784423828 281.451934814453 281.495544433594 281.469024658203 281.442474365234 281.415924072266 281.389404296875 281.362854003906 281.336334228516 281.341857910156 281.443664550781 281.545471191406 281.647277832031 281.749053955078 281.850860595703 281.952667236328 282.054473876953 282.091979980469 282.108062744141 282.124145507812 282.140197753906 282.156280517578 282.17236328125 282.188446044922 282.183380126953 282.114929199219 282.046447753906 281.977966308594
280.540679931641 280.333435058594 280.126220703125 279.918975830078 279.711761474609 279.670166015625 279.683837890625 279.697479248047 279.711120605469 279.724792480469 279.738433837891 279.752075195312 279.819732666016 280.04931640625 280.278900146484 280.508483886719 280.738067626953 280.967651367188 281.197265625 281.426849365234 281.4755859375 281.464080810547 281.452545166016 281.441009521484 281.429504394531 281.41796875 281.406433105469 281.421447753906 281.515991210938 281.610534667969 281.705078125 281.799621582031 281.894195556641 281.988739013672 282.083282470703 282.121124267578 282.140075683594 282.158996582031 282.177917480469 282.196868896484 282.215789794922 282.234741210938 282.237457275391 282.191497802734 282.145538330078 282.099578857422
280.496551513672 280.290649414062 280.084747314453 279.878875732422 279.672973632812 279.650848388672 279.690032958984 279.729187011719 279.768341064453 279.807495117188 279.8466796875 279.885833740234 279.966461181641 280.171508789062 280.376556396484 280.581604003906 280.78662109375 280.991668701172 281.196716308594 281.401763916016 281.455627441406 281.459136962891 281.462615966797 281.466094970703 281.469573974609 281.473083496094 281.4765625 281.501007080078 281.588317871094 281.675598144531 281.762908935547 281.850219726562 281.9375 282.024810791016 282.112121582031 282.150268554688 282.172058105469 282.19384765625 282.215637207031 282.237457275391 282.259246826172 282.281036376953 282.29150390625 282.26806640625 282.244659423828 282.221221923828
280.452423095703 280.247863769531 280.043304443359 279.838745117188 279.634185791016 279.631530761719 279.696228027344 279.760894775391 279.825561523438 279.890228271484 279.954895019531 280.019561767578 280.113189697266 280.293701171875 280.474182128906 280.654693603516 280.835174560547 281.015686035156 281.196166992188 281.376678466797 281.435668945312 281.454162597656 281.472686767578 281.491180419922 281.509674072266 281.528167724609 281.546691894531 281.58056640625 281.660614013672 281.740661621094 281.820739746094 281.900787353516 281.980834960938 282.060882568359 282.140930175781 282.179443359375 282.204071044922 282.228729248047 282.253356933594 282.278015136719 282.302673339844 282.327301025391 282.345581054688 282.344665527344 282.34375 282.342864990234
280.408325195312 280.205078125 280.001861572266 279.798614501953 279.595397949219 279.612213134766 279.702392578125 279.792572021484 279.882751464844 279.972961425781 280.063140869141 280.1533203125 280.259948730469 280.415893554688 280.571838378906 280.727783203125 280.883728027344 281.039703369141 281.195648193359 281.351593017578 281.415710449219 281.44921875 281.482757568359 281.516265869141 281.549774169922 281.583282470703 281.616790771484 281.660125732422 281.732940673828 281.805755615234 281.878540039062 281.951354980469 282.024169921875 282.096954345703 282.169769287109 282.208587646484 282.236083984375 282.263580322266 282.291076660156 282.318603515625 282.346099853516 282.373596191406 282.399627685547 282.421234130859 282.44287109375 282.464477539062
280.364196777344 280.162292480469 279.960418701172 279.758514404297 279.556610107422 279.592895507812 279.708587646484 279.824279785156 279.939971923828 280.0556640625 280.171356201172 280.287048339844 280.406677246094 280.5380859375 280.669494628906 280.800872802734 280.932281494141 281.063690185547 281.195098876953 281.326507568359 281.395751953125 281.444274902344 281.492797851562 281.541351318359 281.589874267578 281.638397216797 281.686920166016 281.739715576172 281.805267333984 281.870819091797 281.936370849609 282.001922607422 282.067474365234 282.133026123047 282.198577880859 282.237731933594 282.268096923828 282.298461914062 282.328796386719 282.359161376953 282.389526367188 282.419891357422 282.453674316406 282.497833251953 282.541961669922 282.586120605469
280.245239257812 280.063934326172 279.882629394531 279.701324462891 279.520050048828 279.569244384766 279.695251464844 279.821258544922 279.947296142578 280.073303222656 280.199310302734 280.325347900391 280.443023681641 280.535705566406 280.62841796875 280.721099853516 280.813781738281 280.906463623047 280.999176025391 281.091857910156 281.161987304688 281.224578857422 281.287170410156 281.349792480469 281.412384033203 281.474975585938 281.53759765625 281.605743408203 281.690612792969 281.775451660156 281.860321044922 281.945159912109 282.029998779297 282.114868164062 282.19970703125 282.243896484375 282.274536132812 282.30517578125 282.335815429688 282.366455078125 282.397094726562 282.427734375 282.464141845703 282.517913818359 282.571685791016 282.625457763672
280.051391601562 279.909973144531 279.7685546875 279.627105712891 279.485687255859 279.541198730469 279.662384033203 279.783538818359 279.904693603516 280.025848388672 280.147033691406 280.268188476562 280.369018554688 280.408813476562 280.448608398438 280.488433837891 280.528228759766 280.568023681641 280.607818603516 280.647644042969 280.714385986328 280.790130615234 280.865844726562 280.941589355469 281.017333984375 281.093048095703 281.168792724609 281.258270263672 281.388977050781 281.519653320312 281.650360107422 281.781066894531 281.911743164062 282.042449951172 282.173156738281 282.227081298828 282.255432128906 282.283782958984 282.312133789062 282.340454101562 282.368804931641 282.397155761719 282.431030273438 282.481536865234 282.532012939453 282.58251953125
279.857574462891 279.756011962891 279.654449462891 279.552886962891 279.451324462891 279.51318359375 279.629486083984 279.745788574219 279.862121582031 279.978424072266 280.0947265625 280.211029052734 280.294982910156 280.281921386719 280.268829345703 280.255737304688 280.24267578125 280.229583740234 280.216491699219 280.203399658203 280.266784667969 280.355651855469 280.444519042969 280.533386230469 280.622253417969 280.711120605469 280.799987792969 280.910797119141 281.087341308594 281.263854980469 281.440399169922 281.616943359375 281.793487548828 281.970031738281 282.146575927734 282.210235595703 282.236297607422 282.262359619141 282.288421630859 282.314483642578 282.340515136719 282.366577148438 282.397918701172 282.445159912109 282.492370605469 282.539581298828
279.663726806641 279.60205078125 279.540344238281 279.478668212891 279.4169921875 279.485168457031 279.596618652344 279.708068847656 279.819519042969 279.930969238281 280.042419433594 280.153869628906 280.220977783203 280.154998779297 280.089050292969 280.023071289062 279.957092285156 279.891143798828 279.825164794922 279.759185791016 279.819213867188 279.921203613281 280.023193359375 280.125213623047 280.227203369141 280.329193115234 280.431213378906 280.563293457031 280.785675048828 281.008087158203 281.23046875 281.452850341797 281.675231933594 281.897613525391 282.119995117188 282.193420410156 282.217193603516 282.240936279297 282.264709472656 282.288482666016 282.312255859375 282.335998535156 282.364807128906 282.408752441406 282.452697753906 282.496643066406
279.469879150391 279.448089599609 279.42626953125 279.404449462891 279.382629394531 279.457122802734 279.563720703125 279.670318603516 279.776916503906 279.883514404297 279.990112304688 280.096710205078 280.14697265625 280.028106689453 279.909240722656 279.790405273438 279.671539306641 279.552673339844 279.433837890625 279.314971923828 279.371612548828 279.486755371094 279.601867675781 279.717010498047 279.832153320312 279.947265625 280.062408447266 280.2158203125 280.484039306641 280.752288818359 281.0205078125 281.288726806641 281.556976318359 281.8251953125 282.093414306641 282.176574707031 282.198059082031 282.219543457031 282.241027832031 282.262481689453 282.283966064453 282.305419921875 282.331695556641 282.372375488281 282.413024902344 282.453704833984
279.276062011719 279.294128417969 279.312164306641 279.330230712891 279.348297119141 279.429107666016 279.530853271484 279.632598876953 279.734344482422 279.836090087891 279.937835693359 280.039581298828 280.072937011719 279.901214599609 279.729461669922 279.557708740234 279.385986328125 279.214233398438 279.04248046875 278.870758056641 278.924011230469 279.052276611328 279.180541992188 279.308807373047 279.437072753906 279.565368652344 279.693634033203 279.868347167969 280.182403564453 280.496490478516 280.810546875 281.124633789062 281.438720703125 281.752777099609 282.066864013672 282.159759521484 282.178955078125 282.198120117188 282.217315673828 282.236480712891 282.255676269531 282.274871826172 282.298583984375 282.335968017578 282.373352050781 282.410736083984
279.196228027344 279.228759765625 279.261260986328 279.293792724609 279.326293945312 279.402008056641 279.492126464844 279.582244873047 279.672393798828 279.762512207031 279.852630615234 279.942749023438 279.962188720703 279.769561767578 279.576965332031 279.384368896484 279.191741943359 278.999145507812 278.806518554688 278.613922119141 278.669158935547 278.807006835938 278.944854736328 279.082733154297 279.220581054688 279.358428955078 279.496307373047 279.6845703125 280.024139404297 280.363708496094 280.703247070312 281.042816162109 281.382385253906 281.721954345703 282.0615234375 282.168762207031 282.198577880859 282.228424072266 282.258239746094 282.288055419922 282.317901611328 282.347717285156 282.377593994141 282.407623291016 282.437622070312 282.467651367188
279.230407714844 279.251983642578 279.273529052734 279.295104980469 279.316680908203 279.375854492188 279.447601318359 279.519317626953 279.591064453125 279.662780761719 279.734527587891 279.806243896484 279.814697265625 279.633239746094 279.451782226562 279.270324707031 279.0888671875 278.907409667969 278.725952148438 278.544494628906 278.607025146484 278.750946044922 278.894836425781 279.038726806641 279.182647705078 279.326538085938 279.470428466797 279.664520263672 280.009216308594 280.353912353516 280.698608398438 281.043304443359 281.388000488281 281.732696533203 282.077392578125 282.20361328125 282.257019042969 282.310394287109 282.363800048828 282.417205810547 282.470581054688 282.523986816406 282.568664550781 282.587249755859 282.605834960938 282.624420166016
