data/working_set_collections/6091692-Cassins_Sparrow-M2/1995/ts_avg.asc
NCOLS 265 
NROWS 230 
XLLCORNER -115.5625 
YLLCORNER 24.8333333333333 
CELLSIZE 0.0833333333333333 
NODATA_value -9999 
[rows 100 to 119 of 230, columns 46 to 91 of 265]
284.350402832031 284.771087646484 285.191772460938 285.612426757812 286.033111572266 286.453796386719 286.530548095703 286.49267578125 286.454803466797 286.416900634766 286.379028320312 286.341156005859 286.303253173828 286.245697021484 286.129119873047 286.012512207031 285.895935058594 285.779327392578 285.662750244141 285.546142578125 285.429534912109 285.295166015625 285.154876708984 285.014587402344 284.874298095703 284.734008789062 284.593688964844 284.453399658203 284.333129882812 284.272979736328 284.212829589844 284.152679443359 284.092529296875 284.032379150391 283.972198486328 283.912048339844 283.865509033203 283.823486328125 283.781463623047 283.739440917969 283.697387695312 283.655364990234 283.613342285156 283.576812744141 283.556762695312 283.536682128906
284.163909912109 284.624359130859 285.084808349609 285.545227050781 286.005676269531 286.466125488281 286.568481445312 286.551483154297 286.534515380859 286.517517089844 286.500549316406 286.483551025391 286.466552734375 286.423370361328 286.301574707031 286.179779052734 286.057983398438 285.936187744141 285.814361572266 285.692565917969 285.570770263672 285.432556152344 285.288818359375 285.145111083984 285.001403808594 284.857696533203 284.713989257812 284.570251464844 284.441741943359 284.358856201172 284.275939941406 284.193054199219 284.110137939453 284.027252197266 283.9443359375 283.861450195312 283.801910400391 283.750183105469 283.698455810547 283.646728515625 283.595001220703 283.543273925781 283.491546630859 283.450134277344 283.439636230469 283.429138183594
284.046600341797 284.490936279297 284.935272216797 285.379608154297 285.823944091797 286.268280029297 286.395416259766 286.416809082031 286.438232421875 286.459625244141 286.481048583984 286.50244140625 286.523834228516 286.510894775391 286.394958496094 286.278991699219 286.163024902344 286.047058105469 285.931121826172 285.815155029297 285.699188232422 285.564788818359 285.424255371094 285.283721923828 285.143188476562 285.002655029297 284.862121582031 284.721588134766 284.590240478516 284.486541748047 284.3828125 284.279113769531 284.175384521484 284.071685791016 283.967956542969 283.864227294922 283.794494628906 283.736114501953 283.677703857422 283.619293212891 283.560882568359 283.502471923828 283.444091796875 283.403594970703 283.416900634766 283.430206298828
283.998413085938 284.370788574219 284.7431640625 285.115570068359 285.487945556641 285.860321044922 286.011383056641 286.088653564453 286.165954589844 286.243255615234 286.320526123047 286.397827148438 286.475128173828 286.50830078125 286.409240722656 286.310180664062 286.211090087891 286.112030029297 286.012939453125 285.913879394531 285.814788818359 285.691955566406 285.561187744141 285.430419921875 285.299682617188 285.168914794922 285.038146972656 284.907379150391 284.778656005859 284.656066894531 284.533447265625 284.410858154297 284.288269042969 284.165649414062 284.043060302734 283.920471191406 283.84326171875 283.781219482422 283.719146728516 283.657104492188 283.595031738281 283.532989501953 283.470947265625 283.437225341797 283.488586425781 283.539947509766
283.950256347656 284.250671386719 284.551086425781 284.851501464844 285.151916503906 285.452331542969 285.627319335938 285.760498046875 285.893676757812 286.02685546875 286.160034179688 286.293212890625 286.426391601562 286.505706787109 286.423522949219 286.341339111328 286.259155273438 286.176971435547 286.094787597656 286.012603759766 285.930419921875 285.819122314453 285.698120117188 285.577117919922 285.456146240234 285.335144042969 285.214172363281 285.093170166016 284.967041015625 284.825561523438 284.68408203125 284.542602539062 284.401123046875 284.259643554688 284.1181640625 283.976684570312 283.892028808594 283.826324462891 283.760620117188 283.694915771484 283.629211425781 283.563507080078 283.497802734375 283.470855712891 283.560272216797 283.649688720703
283.902069091797 284.130523681641 284.359008789062 284.587463378906 284.81591796875 285.044372558594 285.243286132812 285.432342529297 285.621398925781 285.810455322266 285.999542236328 286.188598632812 286.377655029297 286.503112792969 286.437835693359 286.372528076172 286.307220458984 286.241912841797 286.176605224609 286.111328125 286.046020507812 285.946258544922 285.835052490234 285.723846435547 285.612609863281 285.501403808594 285.390167236328 285.278961181641 285.155456542969 284.995086669922 284.834716796875 284.674346923828 284.513977050781 284.353637695312 284.193267822266 284.032897949219 283.940795898438 283.871429443359 283.802062988281 283.732727050781 283.663360595703 283.593994140625 283.524658203125 283.504486083984 283.631958007812 283.759429931641
283.853912353516 284.010406494141 284.166900634766 284.323394775391 284.479919433594 284.636413574219 284.859252929688 285.104187011719 285.34912109375 285.594085693359 285.839019775391 286.083984375 286.328918457031 286.500518798828 286.452117919922 286.403686523438 286.355285644531 286.306854248047 286.258453369141 286.210021972656 286.16162109375 286.073425292969 285.971984863281 285.870544433594 285.769104003906 285.667633056641 285.566192626953 285.464752197266 285.343841552734 285.164611816406 284.9853515625 284.806121826172 284.626861572266 284.447601318359 284.268371582031 284.089111328125 283.989562988281 283.916534423828 283.843536376953 283.770538330078 283.697509765625 283.62451171875 283.551513671875 283.538146972656 283.703674316406 283.869201660156
283.805725097656 283.890289306641 283.974822998047 284.059356689453 284.143890380859 284.228424072266 284.475189208984 284.776031494141 285.076873779297 285.377685546875 285.678527832031 285.979370117188 286.280181884766 286.497924804688 286.466400146484 286.434875488281 286.403350830078 286.371826171875 286.340270996094 286.308746337891 286.277221679688 286.200592041016 286.108917236328 286.017242431641 285.925567626953 285.833892822266 285.742218017578 285.650543212891 285.532257080078 285.334106445312 285.135986328125 284.937866210938 284.739715576172 284.541595458984 284.343475341797 284.145324707031 284.038299560547 283.961639404297 283.884979248047 283.808349609375 283.731689453125 283.655029296875 283.578369140625 283.57177734375 283.775360107422 283.978942871094
284.040588378906 284.026031494141 284.011505126953 283.996978759766 283.982452392578 283.967926025391 284.200744628906 284.515991210938 284.831268310547 285.146514892578 285.461761474609 285.777038574219 286.09228515625 286.325988769531 286.315032958984 286.304046630859 286.293060302734 286.282073974609 286.271087646484 286.260131835938 286.249145507812 286.184417724609 286.101806640625 286.019195556641 285.936553955078 285.853942871094 285.771301269531 285.688690185547 285.576873779297 285.377471923828 285.178070068359 284.978668212891 284.779266357422 284.579864501953 284.380462646484 284.181060791016 284.071441650391 283.991729736328 283.912048339844 283.832336425781 283.752624511719 283.672943115234 283.593231201172 283.590087890625 283.816619873047 284.043182373047
284.558441162109 284.417724609375 284.277008056641 284.136291503906 283.995574951172 283.854858398438 284.035858154297 284.324066162109 284.6123046875 284.900543212891 285.188781738281 285.477020263672 285.765228271484 285.984710693359 285.997955322266 286.011199951172 286.024444580078 286.037658691406 286.050903320312 286.064147949219 286.077362060547 286.024963378906 285.95068359375 285.876373291016 285.802093505859 285.727783203125 285.653503417969 285.579223632812 285.477722167969 285.294677734375 285.111602783203 284.928558349609 284.745483398438 284.562438964844 284.379364013672 284.196319580078 284.088928222656 284.006805419922 283.924652099609 283.842529296875 283.760406494141 283.678253173828 283.596130371094 283.593109130859 283.827514648438 284.061889648438
285.076263427734 284.809387207031 284.54248046875 284.275573730469 284.008697509766 283.741790771484 283.870971679688 284.132171630859 284.393371582031 284.654571533203 284.915771484375 285.176971435547 285.438171386719 285.643432617188 285.680908203125 285.718353271484 285.755798339844 285.793243408203 285.830688476562 285.8681640625 285.905609130859 285.865509033203 285.799530029297 285.733581542969 285.667602539062 285.601654052734 285.535675048828 285.4697265625 285.378570556641 285.211853027344 285.045135498047 284.87841796875 284.711700439453 284.544982910156 284.378265380859 284.211547851562 284.1064453125 284.021881103516 283.937286376953 283.852722167969 283.768157958984 283.683563232422 283.598999023438 283.596130371094 283.83837890625 284.080627441406
285.594116210938 285.201049804688 284.807952880859 284.414886474609 284.021789550781 283.628723144531 283.706085205078 283.940246582031 284.174438476562 284.408599853516 284.642761230469 284.876953125 285.111114501953 285.302185058594 285.363830566406 285.425506591797 285.487182617188 285.548828125 285.610504150391 285.672180175781 285.733825683594 285.706024169922 285.648406982422 285.590759277344 285.533142089844 285.475494384766 285.417877197266 285.360229492188 285.279418945312 285.129058837891 284.978668212891 284.828308105469 284.677917480469 284.527557373047 284.377166748047 284.226806640625 284.123931884766 284.036926269531 283.949920654297 283.862915039062 283.775909423828 283.688903808594 283.601898193359 283.599151611328 283.849273681641 284.099365234375
286.111968994141 285.592712402344 285.073455810547 284.554168701172 284.034912109375 283.515655517578 283.541198730469 283.748352050781 283.955474853516 284.162628173828 284.369781494141 284.576904296875 284.784057617188 284.960906982422 285.046783447266 285.132659912109 285.218536376953 285.304412841797 285.390289306641 285.476196289062 285.562072753906 285.546569824219 285.497253417969 285.447967529297 285.398651123047 285.349365234375 285.300048828125 285.250762939453 285.180267333984 285.046234130859 284.912200927734 284.778167724609 284.644134521484 284.510101318359 284.376068115234 284.242034912109 284.141448974609 284.052001953125 283.962554931641 283.873107910156 283.783660888672 283.694213867188 283.604766845703 283.602172851562 283.860137939453 284.118103027344
286.629821777344 285.984375 285.338928222656 284.693481445312 284.048034667969 283.402587890625 283.376312255859 283.556427001953 283.736541748047 283.916656494141 284.096771240234 284.276885986328 284.457000732422 284.61962890625 284.729705810547 284.839813232422 284.949920654297 285.059997558594 285.170104980469 285.280212402344 285.390289306641 285.387084960938 285.346130371094 285.305145263672 285.264190673828 285.223205566406 285.182250976562 285.141265869141 285.081115722656 284.963439941406 284.845733642578 284.728057861328 284.6103515625 284.49267578125 284.374969482422 284.257263183594 284.158935546875 284.067077636719 283.975189208984 283.88330078125 283.791412353516 283.699523925781 283.607666015625 283.605194091797 283.871002197266 284.136810302734
287.189331054688 286.4970703125 285.804779052734 285.112487792969 284.420227050781 283.727935791016 283.652282714844 283.782196044922 283.912078857422 284.041961669922 284.171875 284.3017578125 284.431640625 284.553619384766 284.651885986328 284.750152587891 284.848388671875 284.946655273438 285.044921875 285.143157958984 285.241424560547 285.222259521484 285.163940429688 285.105621337891 285.047302246094 284.988983154297 284.930694580078 284.872375488281 284.805633544922 284.713592529297 284.621551513672 284.529541015625 284.4375 284.345458984375 284.253448486328 284.161407470703 284.07763671875 283.996612548828 283.915588378906 283.834594726562 283.753570556641 283.672546386719 283.591522216797 283.595733642578 283.855529785156 284.115356445312
287.79052734375 287.130767822266 286.471008300781 285.811248779297 285.151489257812 284.491729736328 284.369140625 284.425628662109 284.482086181641 284.53857421875 284.595031738281 284.651519775391 284.7080078125 284.762939453125 284.813293457031 284.863647460938 284.914001464844 284.96435546875 285.014709472656 285.065063476562 285.115417480469 285.052032470703 284.95068359375 284.849365234375 284.748016357422 284.646697998047 284.545379638672 284.444030761719 284.353790283203 284.296722412109 284.239685058594 284.1826171875 284.125579833984 284.068542480469 284.011474609375 283.954437255859 283.897521972656 283.840667724609 283.783813476562 283.726959228516 283.670104980469 283.613250732422 283.556396484375 283.57373046875 283.813720703125 284.0537109375
288.391693115234 287.764465332031 287.13720703125 286.509979248047 285.882751464844 285.255493164062 285.085998535156 285.069061279297 285.052093505859 285.03515625 285.018218994141 285.001281738281 284.984344482422 284.972259521484 284.974700927734 284.977172851562 284.979614257812 284.982086181641 284.984527587891 284.986999511719 284.989440917969 284.881805419922 284.737457275391 284.593109130859 284.448760986328 284.304412841797 284.160064697266 284.015716552734 283.901947021484 283.879852294922 283.857788085938 283.835723876953 283.813659667969 283.791595458984 283.76953125 283.747467041016 283.717407226562 283.684722900391 283.652038574219 283.619323730469 283.586639404297 283.553955078125 283.521240234375 283.5517578125 283.771911621094 283.992034912109
288.992858886719 288.398162841797 287.803436279297 287.208709716797 286.614013671875 286.019287109375 285.802825927734 285.712463378906 285.622131347656 285.531768798828 285.44140625 285.351043701172 285.260681152344 285.181549072266 285.136108398438 285.090667724609 285.045227050781 284.999786376953 284.954345703125 284.908905029297 284.863464355469 284.711578369141 284.524200439453 284.336853027344 284.149475097656 283.962127685547 283.774749755859 283.587371826172 283.450073242188 283.463012695312 283.475921630859 283.488830566406 283.501739501953 283.5146484375 283.527557373047 283.540466308594 283.537292480469 283.528778076172 283.520233154297 283.51171875 283.503173828125 283.49462890625 283.486114501953 283.52978515625 283.730102539062 283.930389404297
289.594055175781 289.031860351562 288.469665527344 287.907470703125 287.345275878906 286.783081054688 286.519683837891 286.355895996094 286.192138671875 286.028350830078 285.864593505859 285.700805664062 285.537017822266 285.390869140625 285.297515869141 285.204193115234 285.11083984375 285.017486572266 284.924163818359 284.830810546875 284.737487792969 284.541351318359 284.310974121094 284.080596923828 283.850219726562 283.619812011719 283.389434814453 283.159057617188 282.998229980469 283.046142578125 283.094024658203 283.141937255859 283.189819335938 283.237701416016 283.285614013672 283.33349609375 283.357208251953 283.372833251953 283.388458251953 283.404083251953 283.419708251953 283.435333251953 283.450958251953 283.5078125 283.688262939453 283.868743896484
290.195220947266 289.665557861328 289.135864257812 288.606201171875 288.076538085938 287.546844482422 287.236541748047 286.999328613281 286.762145996094 286.524963378906 286.287750244141 286.050567626953 285.813385009766 285.600158691406 285.458923339844 285.317687988281 285.176452636719 285.035217285156 284.893981933594 284.752746582031 284.611480712891 284.371124267578 284.097717285156 283.824340820312 283.550933837891 283.277526855469 283.004119873047 282.730712890625 282.54638671875 282.629272460938 282.712158203125 282.795013427734 282.877899169922 282.960784912109 283.043640136719 283.126525878906 283.177093505859 283.216888427734 283.256652832031 283.296447753906 283.336242675781 283.376037597656 283.415832519531 283.48583984375 283.646453857422 283.807067871094
