data/working_set_collections/6091692-Cassins_Sparrow-M2/1995/tsurf_avg.asc
NCOLS 265 
NROWS 230 
XLLCORNER -115.5625 
YLLCORNER 24.8333333333333 
CELLSIZE 0.0833333333333333 
NODATA_value -9999 
[rows 140 to 159 of 230, columns 184 to 229 of 265]
292.177398681641 292.155487060547 292.133605957031 292.1201171875 292.109405517578 292.098724365234 292.088043212891 292.077362060547 292.066650390625 292.055969238281 292.048889160156 292.052581787109 292.056304931641 292.060028076172 292.063720703125 292.067443847656 292.071136474609 292.074859619141 292.092437744141 292.114654541016 292.136871337891 292.159088134766 292.181304931641 292.203521728516 292.225738525391 292.249908447266 292.279998779297 292.310089111328 292.340179443359 292.370269775391 292.400360107422 292.430450439453 292.460540771484 292.47021484375 292.473083496094 292.475952148438 292.478820800781 292.481689453125 292.484558105469 292.487426757812 292.488403320312 292.483673095703 292.478942871094 292.474212646484 292.469482421875 292.464752197266
292.223846435547 292.201049804688 292.17822265625 292.161804199219 292.147491455078 292.133209228516 292.118896484375 292.104583740234 292.090301513672 292.075988769531 292.064605712891 292.061920166016 292.059265136719 292.056610107422 292.053955078125 292.05126953125 292.048614501953 292.045959472656 292.064117431641 292.089263916016 292.114379882812 292.139526367188 292.164642333984 292.189758300781 292.214904785156 292.243377685547 292.281860351562 292.320373535156 292.35888671875 292.397369384766 292.435882568359 292.474365234375 292.512878417969 292.524475097656 292.527130126953 292.529754638672 292.532379150391 292.535034179688 292.537658691406 292.540313720703 292.541809082031 292.539855957031 292.537902832031 292.535949707031 292.533996582031 292.532043457031
292.270294189453 292.24658203125 292.222869873047 292.203521728516 292.185607910156 292.167663574219 292.149749755859 292.1318359375 292.113922119141 292.096008300781 292.080291748047 292.071258544922 292.062225341797 292.053192138672 292.044158935547 292.035125732422 292.026092529297 292.017059326172 292.035827636719 292.063873291016 292.091918945312 292.119934082031 292.147979736328 292.176025390625 292.204071044922 292.23681640625 292.283752441406 292.330657958984 292.377563476562 292.424468994141 292.471374511719 292.518310546875 292.565216064453 292.578735351562 292.581146240234 292.583557128906 292.585968017578 292.58837890625 292.590789794922 292.593170166016 292.595184326172 292.596038818359 292.596862792969 292.597686767578 292.598541259766 292.599365234375
292.316741943359 292.292114257812 292.267517089844 292.245208740234 292.223693847656 292.2021484375 292.180603027344 292.159088134766 292.137542724609 292.116027832031 292.096008300781 292.080596923828 292.065185546875 292.0498046875 292.034393310547 292.018981933594 292.003570556641 291.988159179688 292.007507324219 292.038482666016 292.069427490234 292.100372314453 292.131317138672 292.162292480469 292.193237304688 292.230285644531 292.285614013672 292.340942382812 292.396240234375 292.451568603516 292.506896972656 292.562225341797 292.617553710938 292.633026123047 292.635192871094 292.637359619141 292.639526367188 292.641723632812 292.643890380859 292.646057128906 292.648590087891 292.652221679688 292.655822753906 292.659454345703 292.663055419922 292.666687011719
292.379638671875 292.35595703125 292.332244873047 292.308441162109 292.284637451172 292.260833740234 292.237030029297 292.213195800781 292.189392089844 292.165588378906 292.142761230469 292.122863769531 292.102935791016 292.083038330078 292.063140869141 292.043243408203 292.023345947266 292.003448486328 292.022613525391 292.054779052734 292.086944580078 292.119110107422 292.151275634766 292.183441162109 292.215637207031 292.254425048828 292.313201904297 292.371948242188 292.430694580078 292.489440917969 292.548187255859 292.60693359375 292.665679931641 292.682983398438 292.686431884766 292.689910888672 292.693359375 292.696838378906 292.700286865234 292.703765869141 292.707336425781 292.711181640625 292.715026855469 292.718841552734 292.722686767578 292.726531982422
292.459045410156 292.438049316406 292.417022705078 292.393218994141 292.368469238281 292.343719482422 292.318969726562 292.294189453125 292.269439697266 292.244689941406 292.220489501953 292.197998046875 292.175476074219 292.152984619141 292.130462646484 292.107971191406 292.08544921875 292.062957763672 292.081085205078 292.11279296875 292.144470214844 292.176147460938 292.207855224609 292.239532470703 292.271240234375 292.309295654297 292.366485595703 292.423675537109 292.480865478516 292.538055419922 292.595245361328 292.652435302734 292.709625244141 292.728607177734 292.734893798828 292.741180419922 292.747467041016 292.753753662109 292.760009765625 292.766296386719 292.771392822266 292.772888183594 292.7744140625 292.775939941406 292.777435302734 292.778961181641
292.538421630859 292.520141601562 292.501831054688 292.477996826172 292.452301025391 292.426605224609 292.40087890625 292.375183105469 292.349487304688 292.323791503906 292.298248291016 292.273132324219 292.248016357422 292.222900390625 292.197784423828 292.172668457031 292.147552490234 292.122436523438 292.139556884766 292.170776367188 292.201995849609 292.233215332031 292.264404296875 292.295623779297 292.326843261719 292.364166259766 292.419769287109 292.475402832031 292.531036376953 292.586669921875 292.642272949219 292.697906494141 292.753540039062 292.774261474609 292.783355712891 292.792449951172 292.801544189453 292.810638427734 292.819732666016 292.828826904297 292.83544921875 292.834625244141 292.833831787109 292.8330078125 292.832183837891 292.831359863281
292.617828369141 292.602233886719 292.586639404297 292.562744140625 292.536102294922 292.509460449219 292.482849121094 292.456207275391 292.429565429688 292.402923583984 292.376007080078 292.348266601562 292.320556640625 292.292846679688 292.265106201172 292.237396240234 292.209655761719 292.181945800781 292.198059082031 292.228790283203 292.259521484375 292.290252685547 292.320983886719 292.351715087891 292.382446289062 292.419006347656 292.473083496094 292.527130126953 292.581207275391 292.635284423828 292.689331054688 292.743408203125 292.797454833984 292.819915771484 292.831817626953 292.84375 292.855651855469 292.867553710938 292.879455566406 292.891357421875 292.899505615234 292.896362304688 292.893218994141 292.890075683594 292.886932373047 292.883758544922
292.697204589844 292.684326171875 292.671417236328 292.647521972656 292.619934082031 292.592346191406 292.564758300781 292.537200927734 292.509613037109 292.482025146484 292.453765869141 292.423431396484 292.393096923828 292.362762451172 292.332427978516 292.302093505859 292.271759033203 292.241424560547 292.256530761719 292.286804199219 292.317047119141 292.347290039062 292.377532958984 292.407806396484 292.438049316406 292.473876953125 292.5263671875 292.578887939453 292.631378173828 292.683868408203 292.736389160156 292.788879394531 292.841400146484 292.865570068359 292.880279541016 292.89501953125 292.909729003906 292.924468994141 292.939178466797 292.953918457031 292.963592529297 292.958099365234 292.952606201172 292.947143554688 292.941650390625 292.936187744141
292.776611328125 292.766418457031 292.756225585938 292.732299804688 292.703765869141 292.675231933594 292.646728515625 292.618194580078 292.589660644531 292.561126708984 292.531524658203 292.498565673828 292.465637207031 292.432678222656 292.399749755859 292.366821289062 292.333862304688 292.300933837891 292.315032958984 292.344787597656 292.374572753906 292.404327392578 292.434112548828 292.463897705078 292.49365234375 292.528717041016 292.579650878906 292.630615234375 292.681549072266 292.732482910156 292.783447265625 292.834381103516 292.885314941406 292.911224365234 292.928741455078 292.9462890625 292.963836669922 292.981353759766 292.998901367188 293.016448974609 293.027648925781 293.019836425781 293.012023925781 293.004211425781 292.996398925781 292.988586425781
292.799499511719 292.790344238281 292.781158447266 292.759857177734 292.734466552734 292.709106445312 292.683715820312 292.658355712891 292.632995605469 292.607604980469 292.581237792969 292.551879882812 292.522491455078 292.493133544922 292.463745117188 292.434387207031 292.405029296875 292.375640869141 292.389465332031 292.417663574219 292.445831298828 292.474029541016 292.502227783203 292.530426025391 292.558624267578 292.59228515625 292.642333984375 292.692352294922 292.742401123047 292.792419433594 292.842468261719 292.892486572266 292.942535400391 292.969207763672 292.988128662109 293.007049560547 293.025970458984 293.044891357422 293.063812255859 293.082733154297 293.094360351562 293.084136962891 293.073944091797 293.063720703125 293.053527832031 293.043304443359
292.765899658203 292.756072998047 292.746246337891 292.730194091797 292.712066650391 292.693939208984 292.675811767578 292.657684326172 292.639556884766 292.621429443359 292.602935791016 292.583312988281 292.563690185547 292.544067382812 292.524444580078 292.504821777344 292.485198974609 292.465576171875 292.479827880859 292.50537109375 292.530883789062 292.556396484375 292.581939697266 292.607452392578 292.632995605469 292.664581298828 292.71435546875 292.764129638672 292.813903808594 292.863677978516 292.913452148438 292.963226318359 293.013000488281 293.039581298828 293.058441162109 293.077301025391 293.096160888672 293.115020751953 293.133880615234 293.152740478516 293.163726806641 293.151062011719 293.138366699219 293.125701904297 293.113006591797 293.100341796875
292.732299804688 292.721832275391 292.711334228516 292.700561523438 292.689666748047 292.678802490234 292.667907714844 292.657012939453 292.646148681641 292.63525390625 292.624633789062 292.61474609375 292.604888916016 292.595001220703 292.585144042969 292.575286865234 292.565399169922 292.555541992188 292.570220947266 292.593048095703 292.615905761719 292.638763427734 292.66162109375 292.684478759766 292.707336425781 292.736846923828 292.786376953125 292.835876464844 292.885406494141 292.934906005859 292.984436035156 293.033935546875 293.083465576172 293.109954833984 293.128753662109 293.147552490234 293.166351318359 293.185180664062 293.203979492188 293.222778320312 293.233093261719 293.217956542969 293.202789306641 293.187652587891 293.172515869141 293.157348632812
292.698699951172 292.687561035156 292.676452636719 292.670928955078 292.667297363281 292.663635253906 292.660003662109 292.656372070312 292.652709960938 292.649078369141 292.646331787109 292.646209716797 292.646087646484 292.645965576172 292.645843505859 292.645721435547 292.645599365234 292.645477294922 292.660583496094 292.680755615234 292.700958251953 292.721130371094 292.741333007812 292.761505126953 292.781677246094 292.809143066406 292.8583984375 292.907653808594 292.956909179688 293.006164550781 293.055419921875 293.104675292969 293.153930664062 293.180297851562 293.199066162109 293.217803955078 293.236572265625 293.255310058594 293.274047851562 293.292816162109 293.302459716797 293.284851074219 293.267242431641 293.249603271484 293.231994628906 293.214385986328
292.665100097656 292.6533203125 292.641540527344 292.641296386719 292.644897460938 292.648498535156 292.652099609375 292.655700683594 292.659301757812 292.662902832031 292.667999267578 292.677642822266 292.687286376953 292.696899414062 292.70654296875 292.716156005859 292.725799560547 292.735412597656 292.7509765625 292.768463134766 292.785980224609 292.803497314453 292.821014404297 292.838531494141 292.856048583984 292.881408691406 292.930419921875 292.979400634766 293.028411865234 293.077423095703 293.126403808594 293.175415039062 293.224395751953 293.250671386719 293.269378662109 293.288055419922 293.306762695312 293.325439453125 293.344146728516 293.362854003906 293.371826171875 293.351745605469 293.331665039062 293.311584472656 293.29150390625 293.271392822266
292.631500244141 292.619049072266 292.606628417969 292.611633300781 292.622497558594 292.633331298828 292.644195556641 292.655029296875 292.665863037109 292.676727294922 292.689697265625 292.709075927734 292.728454589844 292.747833251953 292.767211914062 292.78662109375 292.805999755859 292.825378417969 292.841339111328 292.856170654297 292.871032714844 292.885864257812 292.900695800781 292.915557861328 292.930389404297 292.953704833984 293.00244140625 293.051177978516 293.099914550781 293.148651123047 293.197387695312 293.246124267578 293.294860839844 293.321044921875 293.339660644531 293.358306884766 293.376953125 293.395599365234 293.414215087891 293.432861328125 293.441223144531 293.418640136719 293.396087646484 293.37353515625 293.350982666016 293.328430175781
292.61962890625 292.604278564453 292.588928222656 292.594665527344 292.607421875 292.620178222656 292.632965087891 292.645721435547 292.658477783203 292.671264648438 292.687225341797 292.712860107422 292.738494873047 292.764099121094 292.789733886719 292.815338134766 292.840972900391 292.866607666016 292.887847900391 292.907653808594 292.927429199219 292.947235107422 292.967010498047 292.98681640625 293.006622314453 293.033416748047 293.081207275391 293.128997802734 293.176788330078 293.224578857422 293.272369384766 293.320159912109 293.367950439453 293.392578125 293.409484863281 293.426391601562 293.443298339844 293.460205078125 293.477111816406 293.494018554688 293.500610351562 293.476379394531 293.4521484375 293.427886962891 293.403656005859 293.37939453125
292.629486083984 292.608947753906 292.588409423828 292.590301513672 292.599670410156 292.609039306641 292.618408203125 292.627777099609 292.637145996094 292.646484375 292.660614013672 292.68896484375 292.717315673828 292.745666503906 292.774047851562 292.802398681641 292.830749511719 292.859100341797 292.890472412109 292.9228515625 292.955230712891 292.987609863281 293.019958496094 293.052337646484 293.084716796875 293.120544433594 293.166687011719 293.212860107422 293.259002685547 293.30517578125 293.351318359375 293.397491455078 293.443634033203 293.465301513672 293.478790283203 293.492279052734 293.505767822266 293.519256591797 293.532745361328 293.546234130859 293.550079345703 293.524932861328 293.499786376953 293.474639892578 293.449462890625 293.42431640625
292.639343261719 292.613647460938 292.587921142578 292.585968017578 292.591949462891 292.597900390625 292.603851318359 292.609802246094 292.615783691406 292.621734619141 292.633972167969 292.665069580078 292.696166992188 292.727264404297 292.758331298828 292.789428710938 292.820526123047 292.851623535156 292.893096923828 292.938049316406 292.983001708984 293.027954101562 293.072906494141 293.117858886719 293.162811279297 293.207672119141 293.252197265625 293.296722412109 293.341217041016 293.3857421875 293.430267333984 293.474792480469 293.519317626953 293.538024902344 293.548095703125 293.558166503906 293.568267822266 293.578338623047 293.588409423828 293.598480224609 293.599548339844 293.573486328125 293.547424316406 293.521362304688 293.495300292969 293.46923828125
292.649200439453 292.618316650391 292.587432861328 292.581634521484 292.584197998047 292.586761474609 292.589294433594 292.591857910156 292.594421386719 292.596984863281 292.607360839844 292.641174316406 292.674987792969 292.708831787109 292.742645263672 292.776489257812 292.810302734375 292.844116210938 292.895721435547 292.953277587891 293.010803222656 293.068328857422 293.125854492188 293.183380126953 293.240905761719 293.294799804688 293.337677001953 293.380554199219 293.423461914062 293.466339111328 293.509246826172 293.552124023438 293.595031738281 293.610748291016 293.617401123047 293.624084472656 293.630737304688 293.637390136719 293.644073486328 293.650726318359 293.648986816406 293.622039794922 293.595062255859 293.568115234375 293.541137695312 293.514190673828
