data/working_set_collections/6091692-Cassins_Sparrow-M2/1995/tsurf_avg.asc
NCOLS 265 
NROWS 230 
XLLCORNER -115.5625 
YLLCORNER 24.8333333333333 
CELLSIZE 0.0833333333333333 
NODATA_value -9999 
[rows 80 to 99 of 230, columns 184 to 229 of 265]
287.400268554688 287.408294677734 287.416351318359 287.394775390625 287.363311767578 287.331878662109 287.300415039062 287.268981933594 287.237548828125 287.206085205078 287.175598144531 287.148010253906 287.120422363281 287.092834472656 287.065246582031 287.037658691406 287.010070800781 286.982482910156 286.993957519531 287.018432617188 287.042907714844 287.0673828125 287.091888427734 287.116363525391 287.140838623047 287.155883789062 287.142517089844 287.129150390625 287.115814208984 287.102447509766 287.089111328125 287.075744628906 287.062408447266 287.040496826172 287.015716552734 286.990966796875 286.966186523438 286.941436767578 286.916656494141 286.891906738281 286.873352050781 286.87353515625 286.873687744141 286.873870849609 286.8740234375 286.874206542969
287.564208984375 287.578979492188 287.59375 287.572570800781 287.539398193359 287.506225585938 287.473083496094 287.439910888672 287.40673828125 287.373596191406 287.340698242188 287.308685302734 287.276672363281 287.244659423828 287.212646484375 287.180633544922 287.148620605469 287.116577148438 287.126617431641 287.150665283203 287.174713134766 287.198760986328 287.222808837891 287.246856689453 287.270904541016 287.284423828125 287.266357421875 287.248291015625 287.230224609375 287.212158203125 287.194091796875 287.176055908203 287.157989501953 287.135345458984 287.111175537109 287.087036132812 287.062866210938 287.038726806641 287.014556884766 286.990417480469 286.972625732422 286.973968505859 286.975311279297 286.976654052734 286.97802734375 286.979370117188
287.728179931641 287.749664306641 287.771148681641 287.750366210938 287.715484619141 287.680603027344 287.645721435547 287.61083984375 287.575958251953 287.541076660156 287.505798339844 287.469360351562 287.432922363281 287.396484375 287.360046386719 287.323577880859 287.287139892578 287.250701904297 287.259307861328 287.282897949219 287.306518554688 287.330139160156 287.353759765625 287.377349853516 287.400970458984 287.412994384766 287.390197753906 287.367431640625 287.344665527344 287.321868896484 287.299102783203 287.276336669922 287.253570556641 287.230194091797 287.206665039062 287.18310546875 287.159576416016 287.136016845703 287.112457275391 287.088928222656 287.071899414062 287.074432373047 287.076934814453 287.079467773438 287.082000732422 287.084533691406
287.892120361328 287.920318603516 287.948547363281 287.928161621094 287.891540527344 287.854949951172 287.818359375 287.781768798828 287.745178222656 287.708557128906 287.6708984375 287.630035400391 287.589172363281 287.548278808594 287.507415771484 287.466552734375 287.425689697266 287.384826660156 287.391967773438 287.415161132812 287.438323974609 287.461517333984 287.484680175781 287.507843017578 287.531036376953 287.541534423828 287.514068603516 287.486572265625 287.459075927734 287.431610107422 287.404113769531 287.376617431641 287.349151611328 287.325073242188 287.302124023438 287.279174804688 287.256256103516 287.233306884766 287.210388183594 287.187438964844 287.171173095703 287.174865722656 287.178558349609 287.182281494141 287.185974121094 287.189697265625
287.977355957031 288.007476806641 288.037628173828 288.020568847656 287.987823486328 287.955078125 287.922302246094 287.889556884766 287.856781005859 287.824035644531 287.789215087891 287.748168945312 287.707122802734 287.666076660156 287.625030517578 287.583984375 287.542938232422 287.501892089844 287.507080078125 287.527679443359 287.548278808594 287.56884765625 287.589447021484 287.610046386719 287.630615234375 287.639251708984 287.612030029297 287.584808349609 287.557586669922 287.530334472656 287.503112792969 287.475891113281 287.448669433594 287.426635742188 287.406311035156 287.386016845703 287.36572265625 287.345428466797 287.325103759766 287.304809570312 287.290252685547 287.292907714844 287.295593261719 287.298248291016 287.300933837891 287.303588867188
287.98388671875 288.011108398438 288.038360595703 288.027648925781 288.004272460938 287.980926513672 287.957550048828 287.934204101562 287.910827636719 287.887451171875 287.860687255859 287.82373046875 287.786773681641 287.749816894531 287.712860107422 287.675872802734 287.638916015625 287.601959228516 287.604614257812 287.620452880859 287.636322021484 287.652191162109 287.668029785156 287.683898925781 287.699737548828 287.706146240234 287.684143066406 287.662139892578 287.64013671875 287.618133544922 287.596130371094 287.574127197266 287.552124023438 287.534881591797 287.519256591797 287.503601074219 287.487945556641 287.472320556641 287.456665039062 287.441040039062 287.429138183594 287.428558349609 287.427978515625 287.427398681641 287.426818847656 287.426239013672
287.990386962891 288.014770507812 288.039123535156 288.034729003906 288.020751953125 288.006774902344 287.992797851562 287.978851318359 287.964874267578 287.950897216797 287.932189941406 287.899322509766 287.866424560547 287.833557128906 287.800659179688 287.767791748047 287.734893798828 287.702026367188 287.7021484375 287.713256835938 287.724395751953 287.735504150391 287.746612548828 287.757751464844 287.768859863281 287.773010253906 287.756225585938 287.739471435547 287.722686767578 287.705902099609 287.689117431641 287.67236328125 287.655578613281 287.643157958984 287.632171630859 287.621185302734 287.610198974609 287.599212646484 287.588226318359 287.577239990234 287.568054199219 287.564208984375 287.560394287109 287.556549072266 287.552734375 287.548889160156
287.996917724609 288.018402099609 288.039855957031 288.041778564453 288.037200927734 288.032653808594 288.028076171875 288.023498535156 288.018920898438 288.014343261719 288.003692626953 287.974884033203 287.946105957031 287.917297363281 287.888488769531 287.859680175781 287.830871582031 287.802093505859 287.799682617188 287.806060791016 287.812438964844 287.818817138672 287.825225830078 287.831604003906 287.837982177734 287.839904785156 287.828338623047 287.816802978516 287.805236816406 287.793701171875 287.782135009766 287.770599365234 287.759033203125 287.751403808594 287.745086669922 287.73876953125 287.732452392578 287.726104736328 287.719787597656 287.713470458984 287.706970214844 287.699890136719 287.692779541016 287.685699462891 287.678619384766 287.671539306641
288.003448486328 288.022033691406 288.040618896484 288.048858642578 288.053680419922 288.058502197266 288.063323974609 288.068145751953 288.072937011719 288.077758789062 288.0751953125 288.050476074219 288.025756835938 288.001037597656 287.976318359375 287.951599121094 287.926849365234 287.902130126953 287.897186279297 287.898864746094 287.900512695312 287.902160644531 287.90380859375 287.905456542969 287.907104492188 287.906768798828 287.900451660156 287.894134521484 287.887786865234 287.881469726562 287.875152587891 287.868835449219 287.862487792969 287.859680175781 287.858001708984 287.856353759766 287.854675292969 287.85302734375 287.851348876953 287.849700927734 287.845855712891 287.835540771484 287.8251953125 287.814880371094 287.804534912109 287.794189453125
288.009979248047 288.025665283203 288.041351318359 288.055938720703 288.070159912109 288.084350585938 288.098571777344 288.11279296875 288.126983642578 288.141204833984 288.146697998047 288.126068115234 288.105407714844 288.084777832031 288.064117431641 288.043487548828 288.022827148438 288.002197265625 287.994720458984 287.991638183594 287.988555908203 287.985473632812 287.982391357422 287.979309082031 287.976226806641 287.973663330078 287.972564697266 287.971466064453 287.970367431641 287.969268798828 287.968170166016 287.967071533203 287.965972900391 287.967926025391 287.970916748047 287.973937988281 287.976928710938 287.979919433594 287.98291015625 287.985900878906 287.984771728516 287.97119140625 287.957611083984 287.944030761719 287.930450439453 287.916870117188
288.040679931641 288.052581787109 288.064483642578 288.079650878906 288.095916748047 288.112152099609 288.12841796875 288.144653320312 288.160919189453 288.177154541016 288.184997558594 288.167663574219 288.150299072266 288.132965087891 288.115600585938 288.098236083984 288.080902099609 288.063537597656 288.058654785156 288.057891845703 288.05712890625 288.056365966797 288.055603027344 288.054840087891 288.054107666016 288.054168701172 288.056701660156 288.059265136719 288.061798095703 288.064361572266 288.066925048828 288.069458007812 288.072021484375 288.076507568359 288.081634521484 288.086791992188 288.091918945312 288.097076416016 288.102203369141 288.107360839844 288.107330322266 288.091857910156 288.076385498047 288.060913085938 288.045440673828 288.029968261719
288.095520019531 288.102783203125 288.110046386719 288.120056152344 288.130981445312 288.141906738281 288.15283203125 288.163757324219 288.174713134766 288.185638427734 288.190124511719 288.175262451172 288.160430908203 288.145568847656 288.130737304688 288.115875244141 288.101043701172 288.086181640625 288.088928222656 288.097564697266 288.106201171875 288.114807128906 288.123443603516 288.132049560547 288.140686035156 288.148315429688 288.152923583984 288.157562255859 288.162170410156 288.166778564453 288.171417236328 288.176025390625 288.1806640625 288.185394287109 288.190155029297 288.194915771484 288.19970703125 288.204467773438 288.209228515625 288.214019775391 288.213592529297 288.197570800781 288.181549072266 288.16552734375 288.149505615234 288.133514404297
288.150390625 288.152984619141 288.155578613281 288.160430908203 288.166046142578 288.171661376953 288.177276611328 288.182891845703 288.1884765625 288.194091796875 288.195220947266 288.182891845703 288.170532226562 288.158203125 288.145843505859 288.133514404297 288.121154785156 288.108825683594 288.119232177734 288.137237548828 288.155242919922 288.173248291016 288.191253662109 288.209259033203 288.227264404297 288.242462158203 288.249145507812 288.255828857422 288.262542724609 288.269226074219 288.275909423828 288.282592773438 288.289306640625 288.294281005859 288.298675537109 288.303070068359 288.307464599609 288.311859130859 288.316284179688 288.320678710938 288.31982421875 288.303283691406 288.286712646484 288.270172119141 288.253601074219 288.237060546875
288.205261230469 288.203186035156 288.201141357422 288.200836181641 288.201110839844 288.201416015625 288.201690673828 288.201995849609 288.202270507812 288.202575683594 288.200317382812 288.190490722656 288.1806640625 288.170806884766 288.160980224609 288.151123046875 288.141296386719 288.131469726562 288.149536132812 288.176940917969 288.204315185547 288.231719970703 288.259094238281 288.286468505859 288.313873291016 288.336608886719 288.345367431641 288.354125976562 288.362884521484 288.371643066406 288.380401611328 288.389190673828 288.39794921875 288.403167724609 288.407196044922 288.411224365234 288.415252685547 288.419281005859 288.423309326172 288.427337646484 288.426086425781 288.408996582031 288.391876220703 288.374786376953 288.357696533203 288.340606689453
288.260131835938 288.253387451172 288.246673583984 288.2412109375 288.236175537109 288.231170654297 288.226135253906 288.221099853516 288.216064453125 288.211029052734 288.205444335938 288.198089599609 288.190765380859 288.183441162109 288.176086425781 288.168762207031 288.161437988281 288.154113769531 288.179840087891 288.216613769531 288.253387451172 288.290161132812 288.326934814453 288.363677978516 288.400451660156 288.430755615234 288.441589355469 288.452423095703 288.463256835938 288.474090576172 288.484924316406 288.495758056641 288.506591796875 288.512023925781 288.515686035156 288.519348144531 288.523010253906 288.526672363281 288.530334472656 288.533996582031 288.532348632812 288.514709472656 288.4970703125 288.479431152344 288.461791992188 288.444152832031
288.314971923828 288.303588867188 288.292205810547 288.281616210938 288.271240234375 288.260894775391 288.250549316406 288.240203857422 288.229858398438 288.219512939453 288.210540771484 288.205718994141 288.200897216797 288.196044921875 288.191223144531 288.186401367188 288.181579589844 288.176727294922 288.210144042969 288.256286621094 288.302459716797 288.348602294922 288.394744873047 288.440887451172 288.487060546875 288.52490234375 288.537811279297 288.550689697266 288.563598632812 288.576507568359 288.589416503906 288.602325439453 288.615234375 288.620910644531 288.624206542969 288.627502441406 288.630798339844 288.634094238281 288.637359619141 288.640655517578 288.638580322266 288.620391845703 288.602233886719 288.584045410156 288.565856933594 288.547698974609
288.362854003906 288.352325439453 288.341796875 288.330871582031 288.319763183594 288.308654785156 288.297576904297 288.286468505859 288.275360107422 288.264282226562 288.254791259766 288.250183105469 288.245544433594 288.240936279297 288.236328125 288.231689453125 288.227081298828 288.222442626953 288.257690429688 288.306182861328 288.354705810547 288.403228759766 288.451721191406 288.500244140625 288.548736572266 288.588928222656 288.604064941406 288.619232177734 288.634368896484 288.649536132812 288.664672851562 288.679840087891 288.694976806641 288.701629638672 288.705413818359 288.709228515625 288.713043212891 288.716827392578 288.720642089844 288.724426269531 288.722961425781 288.705718994141 288.688446044922 288.671203613281 288.653961181641 288.636688232422
288.403686523438 288.399566650391 288.395446777344 288.388977050781 288.381713867188 288.374420166016 288.367156982422 288.35986328125 288.352600097656 288.345336914062 288.338195800781 288.331481933594 288.324768066406 288.318084716797 288.311370849609 288.304656982422 288.297943115234 288.291259765625 288.322448730469 288.366302490234 288.41015625 288.454010009766 288.497863769531 288.541687011719 288.585540771484 288.622833251953 288.640411376953 288.657989501953 288.675537109375 288.693115234375 288.710693359375 288.728271484375 288.745849609375 288.754150390625 288.759338378906 288.764526367188 288.769744873047 288.774932861328 288.780120849609 288.785339355469 288.785522460938 288.770629882812 288.755767822266 288.740875244141 288.726013183594 288.711151123047
288.444549560547 288.446838378906 288.449127197266 288.447082519531 288.443634033203 288.440185546875 288.436737060547 288.433288574219 288.429840087891 288.426361083984 288.421600341797 288.412780761719 288.403991699219 288.395202636719 288.386413574219 288.377624511719 288.368835449219 288.360046386719 288.387237548828 288.426422119141 288.465606689453 288.504791259766 288.543975830078 288.583160400391 288.622344970703 288.65673828125 288.676727294922 288.696716308594 288.716735839844 288.736724853516 288.756713867188 288.776733398438 288.796722412109 288.806671142578 288.813262939453 288.819854736328 288.826446533203 288.833038330078 288.839630126953 288.846221923828 288.848052978516 288.835571289062 288.823059082031 288.810577392578 288.798095703125 288.785583496094
288.485382080078 288.494079589844 288.502777099609 288.505218505859 288.505584716797 288.505950927734 288.506317138672 288.506683349609 288.507049560547 288.507415771484 288.504974365234 288.494110107422 288.483215332031 288.472351074219 288.461486816406 288.450592041016 288.439727783203 288.428833007812 288.451995849609 288.486541748047 288.521057128906 288.555572509766 288.590087890625 288.624603271484 288.659149169922 288.690643310547 288.713043212891 288.735473632812 288.757904052734 288.780334472656 288.802734375 288.825164794922 288.847595214844 288.859191894531 288.867156982422 288.875152587891 288.883148193359 288.891143798828 288.899139404297 288.907104492188 288.910583496094 288.900482177734 288.890380859375 288.880249023438 288.870147705078 288.860046386719
