data/working_set_collections/6091692-Cassins_Sparrow-M2/1995/tsurf_avg.asc
NCOLS 265 
NROWS 230 
XLLCORNER -115.5625 
YLLCORNER 24.8333333333333 
CELLSIZE 0.0833333333333333 
NODATA_value -9999 
[rows 100 to 119 of 230, columns 184 to 229 of 265]
288.526245117188 288.541320800781 288.556427001953 288.563323974609 288.567535400391 288.571716308594 288.575897216797 288.580108642578 288.584289550781 288.588470458984 288.58837890625 288.575408935547 288.562438964844 288.549499511719 288.536529541016 288.523559570312 288.510589599609 288.497619628906 288.516784667969 288.546630859375 288.576507568359 288.606353759766 288.63623046875 288.666076660156 288.695922851562 288.724548339844 288.749389648438 288.774230957031 288.799072265625 288.823913574219 288.848754882812 288.873596191406 288.8984375 288.911712646484 288.921081542969 288.930480957031 288.939849853516 288.949249267578 288.958618164062 288.968017578125 288.973114013672 288.965393066406 288.957672119141 288.949951171875 288.942230224609 288.934509277344
288.567077636719 288.588562011719 288.610076904297 288.621459960938 288.629455566406 288.637481689453 288.645477294922 288.653503417969 288.661529541016 288.669525146484 288.671783447266 288.65673828125 288.641662597656 288.626617431641 288.611572265625 288.596527099609 288.581481933594 288.566436767578 288.581573486328 288.606750488281 288.631958007812 288.657135009766 288.682342529297 288.707550048828 288.732727050781 288.758453369141 288.785705566406 288.81298828125 288.840240478516 288.867523193359 288.894775390625 288.922058105469 288.949310302734 288.964233398438 288.975006103516 288.985778808594 288.996551513672 289.007354736328 289.018127441406 289.028900146484 289.03564453125 289.030303955078 289.024963378906 289.019622802734 289.014282226562 289.008941650391
288.661590576172 288.685943603516 288.710327148438 288.722595214844 288.730804443359 288.739044189453 288.747253417969 288.755493164062 288.763702392578 288.771942138672 288.774169921875 288.758544921875 288.742889404297 288.727233886719 288.711578369141 288.695922851562 288.680267333984 288.664611816406 288.677429199219 288.699768066406 288.722076416016 288.744415283203 288.766723632812 288.7890625 288.811370849609 288.834838867188 288.861724853516 288.888580322266 288.915466308594 288.942321777344 288.969207763672 288.996063232422 289.02294921875 289.036254882812 289.045043945312 289.053833007812 289.062622070312 289.071441650391 289.080230712891 289.089019775391 289.094543457031 289.090240478516 289.0859375 289.081634521484 289.077331542969 289.073028564453
288.809753417969 288.833465576172 288.857208251953 288.866760253906 288.87158203125 288.876403808594 288.881225585938 288.886047363281 288.890869140625 288.895690917969 288.895599365234 288.880828857422 288.866058349609 288.851287841797 288.836517333984 288.821746826172 288.806976318359 288.792205810547 288.804443359375 288.82568359375 288.846923828125 288.8681640625 288.889404296875 288.91064453125 288.931884765625 288.953735351562 288.977386474609 289.001037597656 289.024688720703 289.04833984375 289.071990966797 289.095642089844 289.119293212891 289.127777099609 289.131225585938 289.134643554688 289.138061523438 289.141479492188 289.144927978516 289.148345947266 289.149780273438 289.145172119141 289.140563964844 289.135955810547 289.13134765625 289.126739501953
288.957916259766 288.980987548828 289.004058837891 289.010894775391 289.012329101562 289.013732910156 289.015167236328 289.016571044922 289.018005371094 289.019409179688 289.017028808594 289.003112792969 288.989227294922 288.975341796875 288.961456298828 288.947540283203 288.933654785156 288.919769287109 288.931427001953 288.951568603516 288.971740722656 288.991912841797 289.012054443359 289.0322265625 289.052398681641 289.072601318359 289.093048095703 289.113494873047 289.133911132812 289.154357910156 289.1748046875 289.195220947266 289.215667724609 289.219329833984 289.217376708984 289.215423583984 289.213500976562 289.211547851562 289.209625244141 289.207672119141 289.204986572266 289.200073242188 289.195190429688 289.190277099609 289.185363769531 289.180450439453
289.106048583984 289.128509521484 289.150939941406 289.155059814453 289.153076171875 289.151092529297 289.149108886719 289.147125244141 289.145141601562 289.143157958984 289.138427734375 289.125427246094 289.112396240234 289.099395751953 289.086395263672 289.073364257812 289.060363769531 289.047332763672 289.058410644531 289.077484130859 289.096557617188 289.115631103516 289.134735107422 289.15380859375 289.172882080078 289.191497802734 289.208709716797 289.225952148438 289.2431640625 289.260375976562 289.277587890625 289.294799804688 289.312042236328 289.310852050781 289.303558349609 289.296234130859 289.288940429688 289.281616210938 289.274322509766 289.266998291016 289.260223388672 289.255004882812 289.249786376953 289.244598388672 289.239379882812 289.234161376953
289.254211425781 289.276000976562 289.297790527344 289.299224853516 289.293823242188 289.288452148438 289.283081054688 289.277679443359 289.272308349609 289.266906738281 289.259857177734 289.247711181641 289.235595703125 289.223449707031 289.211303710938 289.199188232422 289.187042236328 289.174926757812 289.185394287109 289.203399658203 289.221374511719 289.239379882812 289.257385253906 289.275390625 289.293395996094 289.310394287109 289.324401855469 289.33837890625 289.352386474609 289.366394042969 289.380401611328 289.394409179688 289.408386230469 289.402374267578 289.389709472656 289.377044677734 289.364349365234 289.351684570312 289.339019775391 289.326324462891 289.315460205078 289.309936523438 289.304412841797 289.298889160156 289.293395996094 289.287872314453
289.402374267578 289.423522949219 289.444671630859 289.443359375 289.434600830078 289.425811767578 289.417022705078 289.408233642578 289.399444580078 289.390655517578 289.381256103516 289.369995117188 289.358764648438 289.347503662109 289.336242675781 289.325012207031 289.313751220703 289.302490234375 289.312377929688 289.329284667969 289.346221923828 289.363128662109 289.380035400391 289.39697265625 289.413879394531 289.429260253906 289.440063476562 289.450836181641 289.461608886719 289.472412109375 289.483184814453 289.493988037109 289.504760742188 289.493927001953 289.475891113281 289.457824707031 289.439788818359 289.421752929688 289.403717041016 289.385650634766 289.370666503906 289.364868164062 289.359039306641 289.353210449219 289.347412109375 289.341583251953
289.571258544922 289.589996337891 289.608703613281 289.605102539062 289.594085693359 289.583068847656 289.572052001953 289.561004638672 289.549987792969 289.538970947266 289.527618408203 289.515228271484 289.502868652344 289.490509033203 289.478118896484 289.465759277344 289.453399658203 289.441009521484 289.449584960938 289.465118408203 289.480651855469 289.496185302734 289.51171875 289.527252197266 289.542785644531 289.556671142578 289.565582275391 289.574493408203 289.583374023438 289.59228515625 289.601196289062 289.610107421875 289.618988037109 289.602996826172 289.578704833984 289.554382324219 289.530090332031 289.505798339844 289.481475830078 289.457183837891 289.437316894531 289.430786132812 289.424255371094 289.417755126953 289.411224365234 289.404693603516
289.760894775391 289.775390625 289.789886474609 289.784423828125 289.772338867188 289.760223388672 289.748107910156 289.736022949219 289.723907470703 289.711822509766 289.698883056641 289.683380126953 289.667907714844 289.652404785156 289.636932373047 289.621459960938 289.60595703125 289.590484619141 289.596984863281 289.61083984375 289.624694824219 289.638549804688 289.652404785156 289.666259765625 289.680114746094 289.692596435547 289.700958251953 289.709320068359 289.717681884766 289.726043701172 289.734405517578 289.742767333984 289.751129150391 289.729614257812 289.698150634766 289.666717529297 289.63525390625 289.603790283203 289.572326660156 289.540893554688 289.515380859375 289.507751464844 289.500122070312 289.492462158203 289.484832763672 289.477203369141
289.950500488281 289.960784912109 289.971069335938 289.963745117188 289.950561523438 289.937377929688 289.924224853516 289.911041259766 289.897857666016 289.884674072266 289.870147705078 289.851531982422 289.832946777344 289.814331054688 289.795745849609 289.777130126953 289.758544921875 289.739929199219 289.744415283203 289.756591796875 289.768768310547 289.780944824219 289.793090820312 289.805267333984 289.817443847656 289.828521728516 289.836334228516 289.844177246094 289.851989746094 289.859802246094 289.867614746094 289.875427246094 289.883239746094 289.856231689453 289.817626953125 289.779022216797 289.740417480469 289.701812744141 289.663208007812 289.624572753906 289.593444824219 289.584686279297 289.575958251953 289.567199707031 289.558471679688 289.549713134766
290.140106201172 290.146179199219 290.152252197266 290.14306640625 290.128814697266 290.114562988281 290.100311279297 290.086029052734 290.07177734375 290.057525634766 290.041412353516 290.019683837891 289.997985839844 289.976257324219 289.954559326172 289.932830810547 289.911102294922 289.889404296875 289.891845703125 289.902313232422 289.912811279297 289.923309326172 289.933807373047 289.944274902344 289.954772949219 289.964447021484 289.971740722656 289.97900390625 289.986267089844 289.993530273438 290.000823974609 290.008087158203 290.015350341797 289.982849121094 289.937103271484 289.891326904297 289.845581054688 289.7998046875 289.754058837891 289.708282470703 289.671508789062 289.661651611328 289.651794433594 289.641937255859 289.632080078125 289.622222900391
290.329742431641 290.331573486328 290.333404541016 290.322387695312 290.307037353516 290.291717529297 290.276397705078 290.261047363281 290.245727539062 290.230377197266 290.212677001953 290.187835693359 290.163024902344 290.13818359375 290.113342285156 290.088531494141 290.063690185547 290.038848876953 290.039245605469 290.048065185547 290.056884765625 290.065673828125 290.074493408203 290.083282470703 290.092102050781 290.100372314453 290.107116699219 290.113830566406 290.120574951172 290.127288818359 290.134033203125 290.140747070312 290.147491455078 290.109466552734 290.056549072266 290.003662109375 289.950744628906 289.897827148438 289.844909667969 289.7919921875 289.749572753906 289.738586425781 289.727630615234 289.716674804688 289.705688476562 289.694732666016
290.519348144531 290.516967773438 290.514587402344 290.501708984375 290.485290527344 290.468872070312 290.452453613281 290.436065673828 290.419647216797 290.403228759766 290.383941650391 290.355987548828 290.328063964844 290.300109863281 290.272155761719 290.244201660156 290.216278076172 290.188323974609 290.186676025391 290.193817138672 290.200927734375 290.208038330078 290.215179443359 290.222290039062 290.229431152344 290.236297607422 290.242492675781 290.248687744141 290.254852294922 290.261047363281 290.267242431641 290.273406982422 290.279602050781 290.236083984375 290.176025390625 290.115966796875 290.055908203125 289.995819091797 289.935760498047 289.875701904297 289.82763671875 289.815551757812 289.803466796875 289.791412353516 289.779327392578 289.767242431641
290.668914794922 290.668395996094 290.667907714844 290.655609130859 290.639404296875 290.623199462891 290.606994628906 290.590789794922 290.574584960938 290.558380126953 290.539093017578 290.510528564453 290.481964111328 290.453399658203 290.424835205078 290.396270751953 290.367706298828 290.339141845703 290.336761474609 290.343048095703 290.349365234375 290.355682373047 290.361968994141 290.368286132812 290.374603271484 290.380218505859 290.383850097656 290.387481689453 290.391082763672 290.394714355469 290.398345947266 290.401947021484 290.405578613281 290.360076904297 290.298217773438 290.236358642578 290.174499511719 290.112640380859 290.050750732422 289.988891601562 289.938781738281 289.923858642578 289.908966064453 289.89404296875 289.879150390625 289.864227294922
290.778381347656 290.785858154297 290.793334960938 290.784149169922 290.769439697266 290.754699707031 290.739990234375 290.725280761719 290.710540771484 290.695831298828 290.678100585938 290.651428222656 290.624755859375 290.598083496094 290.571411132812 290.544708251953 290.518035888672 290.491363525391 290.489471435547 290.495819091797 290.502166748047 290.508544921875 290.514892578125 290.521240234375 290.527618408203 290.532135009766 290.531188964844 290.530212402344 290.529266357422 290.528289794922 290.52734375 290.526397705078 290.525421142578 290.4814453125 290.423156738281 290.364837646484 290.306518554688 290.248229980469 290.189910888672 290.131591796875 290.0830078125 290.063537597656 290.044067382812 290.024627685547 290.005157470703 289.985687255859
290.887878417969 290.9033203125 290.918762207031 290.912689208984 290.899444580078 290.88623046875 290.872985839844 290.859741210938 290.846496582031 290.833251953125 290.817108154297 290.792327880859 290.767547607422 290.742736816406 290.717956542969 290.693145751953 290.668365478516 290.643585205078 290.642181396484 290.648590087891 290.654998779297 290.661407470703 290.667816162109 290.674224853516 290.680603027344 290.684051513672 290.678497314453 290.672973632812 290.667419433594 290.661895751953 290.656341552734 290.650817871094 290.645294189453 290.602813720703 290.548065185547 290.493316650391 290.438568115234 290.383819580078 290.329040527344 290.274291992188 290.227233886719 290.203216552734 290.17919921875 290.155181884766 290.131164550781 290.107177734375
290.997375488281 291.020782470703 291.044189453125 291.041229248047 291.029479980469 291.017730712891 291.005950927734 290.994201660156 290.982452392578 290.970672607422 290.956146240234 290.933227539062 290.910308837891 290.887420654297 290.864501953125 290.841583251953 290.818695068359 290.795776367188 290.794891357422 290.801361083984 290.807800292969 290.814270019531 290.820709228516 290.827178955078 290.833618164062 290.8359375 290.825836181641 290.815704345703 290.805603027344 290.795471191406 290.785369873047 290.775238037109 290.76513671875 290.724212646484 290.673004150391 290.621795654297 290.570587158203 290.519378662109 290.468200683594 290.4169921875 290.371459960938 290.342895507812 290.314331054688 290.285766601562 290.257202148438 290.228637695312
291.106872558594 291.138244628906 291.169647216797 291.169769287109 291.159484863281 291.149230957031 291.138946533203 291.128662109375 291.118408203125 291.108123779297 291.095153808594 291.074127197266 291.053100585938 291.032073974609 291.011047363281 290.990051269531 290.969024658203 290.947998046875 290.947601318359 290.954132080078 290.960632324219 290.967132568359 290.9736328125 290.980133056641 290.986633300781 290.987854003906 290.97314453125 290.958465576172 290.943756103516 290.929077148438 290.914367675781 290.899658203125 290.884979248047 290.845581054688 290.797912597656 290.750274658203 290.70263671875 290.654968261719 290.607330322266 290.559692382812 290.515686035156 290.482574462891 290.449432373047 290.416320800781 290.383209228516 290.35009765625
291.216339111328 291.255706787109 291.295074462891 291.298309326172 291.289520263672 291.280731201172 291.271942138672 291.263153076172 291.254333496094 291.245544433594 291.234161376953 291.215026855469 291.195892333984 291.1767578125 291.157623291016 291.138488769531 291.119323730469 291.100189208984 291.100341796875 291.106872558594 291.113433837891 291.119995117188 291.126556396484 291.133117675781 291.1396484375 291.139770507812 291.120483398438 291.101196289062 291.081939697266 291.062652587891 291.043365478516 291.024108886719 291.004821777344 290.966949462891 290.9228515625 290.878753662109 290.834655761719 290.790557861328 290.746490478516 290.702392578125 290.659912109375 290.622222900391 290.584564208984 290.546905517578 290.509216308594 290.471557617188
