data/working_set_collections/6091692-Cassins_Sparrow-M2/1995/tsurf_avg.asc
NCOLS 265 
NROWS 230 
XLLCORNER -115.5625 
YLLCORNER 24.8333333333333 
CELLSIZE 0.0833333333333333 
NODATA_value -9999 
[rows 80 to 99 of 230, columns 0 to 45 of 265]
286.586486816406 286.688690185547 286.790893554688 286.893096923828 286.995300292969 287.097503662109 287.19970703125 287.223083496094 287.22021484375 287.217346191406 287.214508056641 287.211639404297 287.208770751953 287.205902099609 287.174896240234 287.059417724609 286.943969726562 286.828491210938 286.713043212891 286.597595214844 286.482116699219 286.366668701172 286.021728515625 285.600311279297 285.178863525391 284.757446289062 284.336029052734 283.914611816406 283.4931640625 283.137634277344 282.979797363281 282.821929931641 282.664093017578 282.506225585938 282.348388671875 282.190521240234 282.032684326172 282.178985595703 282.426696777344 282.674407958984 282.922119140625 283.169830322266 283.417510986328 283.665222167969 283.913513183594 284.16357421875
286.920349121094 287.018737792969 287.117126464844 287.215545654297 287.313934326172 287.412353515625 287.5107421875 287.577331542969 287.63330078125 287.689270019531 287.745208740234 287.801177978516 287.857147216797 287.913116455078 287.928192138672 287.820526123047 287.712829589844 287.605163574219 287.497497558594 287.389831542969 287.282165527344 287.174499511719 286.834991455078 286.418212890625 286.001434326172 285.584655761719 285.167877197266 284.751098632812 284.334320068359 283.972564697266 283.776000976562 283.579406738281 283.3828125 283.186248779297 282.989654541016 282.793060302734 282.596496582031 282.711639404297 282.930725097656 283.149810791016 283.368865966797 283.587951660156 283.807037353516 284.026092529297 284.248352050781 284.480133056641
287.254180908203 287.348785400391 287.443389892578 287.537994384766 287.632598876953 287.727203369141 287.821807861328 287.931549072266 288.046356201172 288.161163330078 288.275939941406 288.390747070312 288.505554199219 288.620330810547 288.681488037109 288.581604003906 288.481719970703 288.3818359375 288.281982421875 288.182098388672 288.082214355469 287.982330322266 287.648284912109 287.236145019531 286.824005126953 286.411865234375 285.999725341797 285.587585449219 285.175445556641 284.807525634766 284.572204589844 284.336883544922 284.1015625 283.866241455078 283.630920410156 283.395599365234 283.160278320312 283.244293212891 283.434722900391 283.625183105469 283.815643310547 284.006072998047 284.196533203125 284.386993408203 284.583190917969 284.796691894531
287.588043212891 287.678833007812 287.769653320312 287.860443115234 287.951263427734 288.042053222656 288.132843017578 288.285766601562 288.459411621094 288.633056640625 288.806671142578 288.980316162109 289.153930664062 289.327575683594 289.434783935547 289.342681884766 289.250610351562 289.158508300781 289.066436767578 288.974365234375 288.882263183594 288.790191650391 288.461547851562 288.054046630859 287.646545410156 287.239074707031 286.831573486328 286.424072265625 286.016571044922 285.642456054688 285.368408203125 285.094329833984 284.820281982422 284.546234130859 284.272186279297 283.998138427734 283.724060058594 283.776916503906 283.938751220703 284.1005859375 284.262390136719 284.424224853516 284.586029052734 284.747863769531 284.918029785156 285.113220214844
287.746673583984 287.856903076172 287.967163085938 288.077392578125 288.187622070312 288.2978515625 288.408081054688 288.594421386719 288.806121826172 289.017852783203 289.229553222656 289.441253662109 289.652954101562 289.864685058594 289.993103027344 289.871612548828 289.750152587891 289.628662109375 289.507202148438 289.3857421875 289.264251708984 289.142791748047 288.814208984375 288.416595458984 288.019012451172 287.621398925781 287.223785400391 286.826202392578 286.428588867188 286.058502197266 285.77099609375 285.483459472656 285.195922851562 284.908416748047 284.620880126953 284.333343505859 284.045837402344 284.076843261719 284.214019775391 284.351196289062 284.488372802734 284.625549316406 284.762756347656 284.899932861328 285.046478271484 285.221130371094
287.730133056641 287.883026123047 288.035919189453 288.188812255859 288.341705322266 288.494598388672 288.647491455078 288.857482910156 289.086517333984 289.315551757812 289.544586181641 289.773620605469 290.002655029297 290.231689453125 290.3564453125 290.168395996094 289.980346679688 289.792327880859 289.604278564453 289.416229248047 289.228179931641 289.040130615234 288.706268310547 288.323822021484 287.941345214844 287.558868408203 287.176422119141 286.7939453125 286.411468505859 286.055694580078 285.779968261719 285.504211425781 285.228485107422 284.952728271484 284.677001953125 284.401275634766 284.125518798828 284.143981933594 284.260528564453 284.377044677734 284.493560791016 284.610107421875 284.726623535156 284.843170166016 284.968505859375 285.120330810547
287.713592529297 287.909118652344 288.104675292969 288.300231933594 288.495788574219 288.691314697266 288.886871337891 289.120513916016 289.366882324219 289.613250732422 289.859588623047 290.10595703125 290.352325439453 290.598663330078 290.719787597656 290.465179443359 290.210571289062 289.955963134766 289.701324462891 289.446716308594 289.192108154297 288.9375 288.598358154297 288.231018066406 287.863677978516 287.496368408203 287.129028320312 286.761688232422 286.394348144531 286.052886962891 285.788940429688 285.524963378906 285.261016845703 284.9970703125 284.733123779297 284.469177246094 284.205230712891 284.211151123047 284.307006835938 284.402893066406 284.498779296875 284.594665527344 284.690521240234 284.786407470703 284.890563964844 285.019561767578
287.697021484375 287.935241699219 288.173431396484 288.411651611328 288.649841308594 288.888061523438 289.126281738281 289.383575439453 289.647277832031 289.910949707031 290.174621582031 290.438293457031 290.701995849609 290.965667724609 291.083129882812 290.761962890625 290.440765380859 290.119598388672 289.798400878906 289.477233886719 289.156036376953 288.834869384766 288.490417480469 288.138214111328 287.786041259766 287.433837890625 287.081634521484 286.729431152344 286.377258300781 286.050048828125 285.797912597656 285.545745849609 285.293579101562 285.041412353516 284.789245605469 284.537078857422 284.284912109375 284.278289794922 284.353515625 284.428741455078 284.503967285156 284.579193115234 284.654418945312 284.729644775391 284.812591552734 284.918762207031
287.680480957031 287.961334228516 288.242218017578 288.523071289062 288.803924560547 289.084808349609 289.365661621094 289.646636962891 289.927642822266 290.208648681641 290.489654541016 290.770660400391 291.051666259766 291.332672119141 291.446472167969 291.058715820312 290.670989990234 290.283233642578 289.895477294922 289.507720947266 289.119964599609 288.732208251953 288.382476806641 288.045440673828 287.708374023438 287.371307373047 287.034240722656 286.697204589844 286.360137939453 286.047241210938 285.806884765625 285.566497802734 285.326110839844 285.085754394531 284.845367431641 284.605010986328 284.364624023438 284.345458984375 284.400024414062 284.45458984375 284.509155273438 284.563751220703 284.618316650391 284.672882080078 284.734649658203 284.817993164062
287.663909912109 287.987457275391 288.310974121094 288.634490966797 288.9580078125 289.281524658203 289.605072021484 289.909698486328 290.2080078125 290.50634765625 290.8046875 291.102996826172 291.401336669922 291.699676513672 291.809814453125 291.355499267578 290.901184082031 290.446868896484 289.992553710938 289.538238525391 289.083892822266 288.629577636719 288.274566650391 287.95263671875 287.630706787109 287.308776855469 286.986877441406 286.664947509766 286.343017578125 286.04443359375 285.815856933594 285.587249755859 285.358673095703 285.130096435547 284.901489257812 284.672912597656 284.4443359375 284.41259765625 284.446533203125 284.480438232422 284.514373779297 284.548278808594 284.582214355469 284.616119384766 284.656677246094 284.717193603516
287.82275390625 288.182037353516 288.541320800781 288.900573730469 289.259857177734 289.619110107422 289.978393554688 290.276916503906 290.555206298828 290.83349609375 291.111755371094 291.390045166016 291.668334960938 291.946594238281 292.033355712891 291.545501708984 291.057647705078 290.56982421875 290.081970214844 289.594116210938 289.106292724609 288.618438720703 288.257781982422 287.939483642578 287.621215820312 287.302947998047 286.984680175781 286.666412353516 286.34814453125 286.05419921875 285.833251953125 285.612335205078 285.391387939453 285.170440673828 284.949523925781 284.728576660156 284.507629394531 284.468048095703 284.488922119141 284.509796142578 284.530670166016 284.551513671875 284.572387695312 284.59326171875 284.625213623047 284.690338134766
288.157012939453 288.545104980469 288.933227539062 289.321319580078 289.709442138672 290.097534179688 290.485656738281 290.748321533203 290.969177246094 291.190032958984 291.410919189453 291.631774902344 291.852630615234 292.073486328125 292.117065429688 291.628723144531 291.140411376953 290.652069091797 290.163757324219 289.675415039062 289.187103271484 288.698791503906 288.332122802734 288.006011962891 287.679901123047 287.353820800781 287.027709960938 286.701599121094 286.375518798828 286.076568603516 285.859130859375 285.641723632812 285.424285888672 285.206848144531 284.989410400391 284.77197265625 284.554565429688 284.511779785156 284.527191162109 284.542602539062 284.558044433594 284.573455810547 284.588897705078 284.604309082031 284.640167236328 284.737365722656
288.491241455078 288.908172607422 289.325134277344 289.742065429688 290.159027099609 290.575958251953 290.992919921875 291.2197265625 291.383178710938 291.546600341797 291.710052490234 291.873504638672 292.036926269531 292.200378417969 292.200744628906 291.711944580078 291.22314453125 290.734344482422 290.245544433594 289.756744384766 289.267944335938 288.779113769531 288.406463623047 288.072540283203 287.738616943359 287.404663085938 287.070739746094 286.73681640625 286.402862548828 286.098937988281 285.885009765625 285.671081542969 285.457183837891 285.243255615234 285.029327392578 284.815399169922 284.601470947266 284.555480957031 284.565460205078 284.575439453125 284.585418701172 284.595397949219 284.605377197266 284.615356445312 284.655151367188 284.784393310547
288.825469970703 289.271270751953 289.717041015625 290.162841796875 290.608612060547 291.054382324219 291.500183105469 291.691131591797 291.797149658203 291.903167724609 292.009185791016 292.115234375 292.221252441406 292.327270507812 292.284454345703 291.795166015625 291.305877685547 290.816619873047 290.327331542969 289.838043212891 289.348754882812 288.859466552734 288.480834960938 288.139068603516 287.797302246094 287.455535888672 287.11376953125 286.772003173828 286.430236816406 286.121307373047 285.910888671875 285.700469970703 285.490051269531 285.279632568359 285.069244384766 284.858825683594 284.648406982422 284.599212646484 284.603729248047 284.608276367188 284.61279296875 284.617340087891 284.621856689453 284.626403808594 284.670135498047 284.831451416016
289.159729003906 289.634338378906 290.108947753906 290.583587646484 291.058197021484 291.532806396484 292.007446289062 292.162536621094 292.211151123047 292.259735107422 292.308349609375 292.35693359375 292.405548095703 292.454162597656 292.3681640625 291.878387451172 291.388641357422 290.898864746094 290.409118652344 289.919342041016 289.429565429688 288.939819335938 288.55517578125 288.20556640625 287.855987548828 287.506378173828 287.156799316406 286.807189941406 286.457580566406 286.143676757812 285.936767578125 285.729858398438 285.52294921875 285.316040039062 285.109130859375 284.902221679688 284.6953125 284.642913818359 284.641998291016 284.641082763672 284.640167236328 284.639251708984 284.638336181641 284.637420654297 284.685089111328 284.878479003906
289.493957519531 289.997406005859 290.500885009766 291.004333496094 291.507781982422 292.01123046875 292.514709472656 292.633941650391 292.625122070312 292.616302490234 292.607482910156 292.598663330078 292.58984375 292.581024169922 292.451873779297 291.961608886719 291.471374511719 290.981140136719 290.490875244141 290.000640869141 289.510406494141 289.020172119141 288.629516601562 288.272094726562 287.914672851562 287.557250976562 287.199829101562 286.842376708984 286.484954833984 286.166046142578 285.962646484375 285.759246826172 285.555847167969 285.352447509766 285.149047851562 284.945648193359 284.742248535156 284.686645507812 284.680267333984 284.673919677734 284.667541503906 284.661193847656 284.654846191406 284.648468017578 284.700073242188 284.925506591797
289.681610107422 290.163940429688 290.646270751953 291.128601074219 291.610931396484 292.09326171875 292.575592041016 292.682250976562 292.663665771484 292.645111083984 292.626556396484 292.608001708984 292.589416503906 292.570861816406 292.436187744141 291.953125 291.470031738281 290.986968994141 290.50390625 290.020843505859 289.537780761719 289.0546875 288.665954589844 288.308654785156 287.951324462891 287.594024658203 287.236724853516 286.879425048828 286.522125244141 286.204437255859 286.005706787109 285.806976318359 285.608245849609 285.409484863281 285.210754394531 285.012023925781 284.813293457031 284.738189697266 284.704315185547 284.67041015625 284.636535644531 284.602661132812 284.568756103516 284.534881591797 284.574798583984 284.836120605469
289.722625732422 290.133880615234 290.545104980469 290.956359863281 291.367614746094 291.778839111328 292.190093994141 292.307434082031 292.326782226562 292.346160888672 292.365539550781 292.384918212891 292.404266357422 292.423645019531 292.321105957031 291.852874755859 291.384643554688 290.916412353516 290.448150634766 289.979919433594 289.511688232422 289.043426513672 288.664459228516 288.315216064453 287.965972900391 287.616760253906 287.267517089844 286.918273925781 286.569061279297 286.258911132812 286.065979003906 285.873046875 285.680114746094 285.487213134766 285.294281005859 285.101348876953 284.908447265625 284.797576904297 284.714111328125 284.630615234375 284.547119140625 284.463623046875 284.380157470703 284.296661376953 284.309295654297 284.610290527344
289.763671875 290.103820800781 290.443969726562 290.784118652344 291.124298095703 291.464447021484 291.804595947266 291.932586669922 291.989898681641 292.047210693359 292.104522705078 292.161834716797 292.219116210938 292.276428222656 292.2060546875 291.752655029297 291.299224853516 290.845825195312 290.392395019531 289.938995361328 289.485595703125 289.032165527344 288.662963867188 288.32177734375 287.980621337891 287.639465332031 287.298309326172 286.957153320312 286.615997314453 286.313354492188 286.126251220703 285.939117431641 285.752014160156 285.564910888672 285.377807617188 285.190704345703 285.003601074219 284.856994628906 284.723907470703 284.590789794922 284.457702636719 284.324615478516 284.191528320312 284.058441162109 284.043792724609 284.384460449219
289.804718017578 290.073791503906 290.342834472656 290.611907958984 290.880950927734 291.150024414062 291.419097900391 291.557769775391 291.653015136719 291.748260498047 291.843505859375 291.938720703125 292.033966064453 292.129211425781 292.091003417969 291.652404785156 291.213836669922 290.775238037109 290.336669921875 289.898071289062 289.459503173828 289.020904541016 288.661437988281 288.328369140625 287.995269775391 287.662200927734 287.3291015625 286.996032714844 286.662933349609 286.367797851562 286.186492919922 286.005218505859 285.823913574219 285.642608642578 285.461334228516 285.280029296875 285.098724365234 284.916381835938 284.733703613281 284.550994873047 284.368286132812 284.185607910156 284.002899169922 283.820190429688 283.778259277344 284.158630371094
