data/working_set_collections/6091692-Cassins_Sparrow-M2/1995/wchange_avg.asc
NCOLS 265 
NROWS 230 
XLLCORNER -115.5625 
YLLCORNER 24.8333333333333 
CELLSIZE 0.0833333333333333 
NODATA_value -9999 
[rows 54 to 71 of 230, columns 120 to 159 of 265]
4.48515287132523e-08 5.36447366528137e-08 6.24379410396614e-08 7.12311489792228e-08 8.00243569187842e-08 8.88175577529182e-08 9.76107656924796e-08 1.03632253001251e-07 1.08729835801569e-07 1.13827411496459e-07 1.18924994296776e-07 1.24022577097094e-07 1.29120152791984e-07 1.34217728486874e-07 1.35744485874056e-07 1.26558788338116e-07 1.17373097907603e-07 1.08187400371662e-07 9.90017028357215e-08 8.9816005299781e-08 8.06303077638404e-08 7.14446102278998e-08 5.9107691186e-08 4.5720355501544e-08 3.23330233698016e-08 1.89456894617024e-08 5.55835732996002e-09 -7.82897568996077e-09 -2.12163087098816e-08 -3.42591590651864e-08 -4.62685640911786e-08 -5.82779691171709e-08 -7.02873776958768e-08 -8.22967791691553e-08 -9.43061806424339e-08 -1.0631558922114e-07 -1.18324990694418e-07 -1.22141955216648e-07 -1.23228090842531e-07 -1.24314240679269e-07
3.54189708673402e-08 4.21264161332147e-08 4.88338613990891e-08 5.55413066649635e-08 6.22487519308379e-08 6.89561971967123e-08 7.56636424625867e-08 8.07871245456226e-08 8.538261653257e-08 8.99781156249446e-08 9.45736076118919e-08 9.91690995988392e-08 1.03764591585787e-07 1.08360090678161e-07 1.09999938047167e-07 1.02772872878631e-07 9.55458077100957e-08 8.83187425415599e-08 8.10916773730241e-08 7.38646122044884e-08 6.66375399305252e-08 5.94104783147031e-08 4.73511363452417e-08 3.36810366263762e-08 2.00109351311539e-08 6.34083408002084e-09 -7.32926608293383e-09 -2.09993658017993e-08 -3.46694655206647e-08 -4.78497490519203e-08 -5.95605733622051e-08 -7.12713941197762e-08 -8.2982218430061e-08 -9.46930427403458e-08 -1.06403867050631e-07 -1.18114691360915e-07 -1.29825522776628e-07 -1.32162696786509e-07 -1.31375315959303e-07 -1.30587949342953e-07
2.59864147977851e-08 3.06080991663293e-08 3.52297853112304e-08 3.98514679034179e-08 4.4473154048319e-08 4.90948366405064e-08 5.37165227854075e-08 5.79419996427077e-08 6.20354043689986e-08 6.61288126480031e-08 7.02222209270076e-08 7.43156292060121e-08 7.84090374850166e-08 8.25024457640211e-08 8.42553902202781e-08 7.89869574191471e-08 7.37185175125887e-08 6.84500847114577e-08 6.31816448048994e-08 5.79132120037684e-08 5.26447756499238e-08 4.73763392960791e-08 3.55945815044834e-08 2.16417141984948e-08 7.68884600432784e-09 -6.26402174574991e-09 -2.02168894958277e-08 -3.41697585781731e-08 -4.81226258841616e-08 -6.14403390386542e-08 -7.28525790805179e-08 -8.4264826227809e-08 -9.56770662696727e-08 -1.07089313416964e-07 -1.18501553458827e-07 -1.29913800606118e-07 -1.41326040647982e-07 -1.42183438356369e-07 -1.39522541076076e-07 -1.36861658006637e-07
1.65538587282299e-08 1.9089782199444e-08 2.16257056706581e-08 2.41616291418723e-08 2.66975543894432e-08 2.92334778606573e-08 3.17694031082283e-08 3.50968747397928e-08 3.86881957581409e-08 4.22795167764889e-08 4.58708377948369e-08 4.94621588131849e-08 5.3053479831533e-08 5.6644800849881e-08 5.85108388406752e-08 5.52010348542353e-08 5.18912308677955e-08 4.85814233286419e-08 4.5271619342202e-08 4.19618153557622e-08 3.86520078166086e-08 3.53422038301687e-08 2.3838026663725e-08 9.6023917706134e-09 -4.63324312249824e-09 -1.88688780156099e-08 -3.31045129087215e-08 -4.73401478018332e-08 -6.15757826949448e-08 -7.50309254726744e-08 -8.61445883515444e-08 -9.72582512304143e-08 -1.08371914109284e-07 -1.19485576988154e-07 -1.30599232761597e-07 -1.41712902745894e-07 -1.52826558519337e-07 -1.5220417992623e-07 -1.47669766192848e-07 -1.43135366670322e-07
7.12130132640709e-09 7.57146434438027e-09 8.02162691826425e-09 8.47179038032664e-09 8.92195384238903e-09 9.372116416273e-09 9.82227987833539e-09 1.22517471723427e-08 1.53409818182126e-08 1.8430217352261e-08 2.15194528863094e-08 2.4608686644001e-08 2.76979221780493e-08 3.07871559357409e-08 3.2766291013786e-08 3.14151158420373e-08 3.00639406702885e-08 2.87127654985397e-08 2.73615921031478e-08 2.6010416931399e-08 2.46592417596503e-08 2.33080665879015e-08 1.20814727111451e-08 -2.4369297690896e-09 -1.69553313611459e-08 -3.14737320650238e-08 -4.59921345452585e-08 -6.05105370254932e-08 -7.50289430584417e-08 -8.86215119066946e-08 -9.94365976225708e-08 -1.1025167623302e-07 -1.21066761948896e-07 -1.31881847664772e-07 -1.42696919169794e-07 -1.5351200488567e-07 -1.64327090601546e-07 -1.6222492149609e-07 -1.55816991309621e-07 -1.49409075334006e-07
-2.3112556313265e-09 -3.94685351068347e-09 -5.58245094595122e-09 -7.21804882530819e-09 -8.85364670466515e-09 -1.04892441399329e-08 -1.21248415752007e-08 -1.05933795069291e-08 -8.00623034535874e-09 -5.41908162787763e-09 -2.83193268835191e-09 -2.44783748826194e-10 2.34236519069952e-09 4.92951413022524e-09 7.02173963418318e-09 7.62919594166078e-09 8.23665136095997e-09 8.84410766843757e-09 9.45156308773676e-09 1.00590193952144e-08 1.06664748145135e-08 1.12739311219912e-08 3.2491792589795e-10 -1.44762513087926e-08 -2.92774213761504e-08 -4.40785896671514e-08 -5.88797597345092e-08 -7.3680929801867e-08 -8.84820963165112e-08 -1.02212098340715e-07 -1.1272859978817e-07 -1.23245101235625e-07 -1.3376160268308e-07 -1.44278104130535e-07 -1.5479460557799e-07 -1.65311107025445e-07 -1.758276084729e-07 -1.72245663065951e-07 -1.63964216426393e-07 -1.5568278399769e-07
-1.31940565140098e-08 -1.55621133757222e-08 -1.7930171125613e-08 -2.02982288755038e-08 -2.26662866253946e-08 -2.50343461516422e-08 -2.7402403901533e-08 -2.6550370790801e-08 -2.46249776125751e-08 -2.26995826579923e-08 -2.07741877034096e-08 -1.88487927488268e-08 -1.6923397794244e-08 -1.49980046160181e-08 -1.31800126368375e-08 -1.1684232248399e-08 -1.01884518599604e-08 -8.69267147152186e-09 -7.19689063899409e-09 -5.70110980646632e-09 -4.20532941802776e-09 -2.70954880754459e-09 -1.31268134140328e-08 -2.75150942030677e-08 -4.19033732157459e-08 -5.62916540047809e-08 -7.06799312411022e-08 -8.50682155828508e-08 -9.94564928191721e-08 -1.12708150368235e-07 -1.22549934644667e-07 -1.32391718921099e-07 -1.42233503197531e-07 -1.52075287473963e-07 -1.6191708596125e-07 -1.71758870237682e-07 -1.81600654514114e-07 -1.76679847641026e-07 -1.66838177051432e-07 -1.56996506461837e-07
-2.55271004334645e-08 -2.72743179152712e-08 -2.9021535397078e-08 -3.07687528788847e-08 -3.25159703606914e-08 -3.42631878424982e-08 -3.60104053243049e-08 -3.56192302319869e-08 -3.45152564307227e-08 -3.34112861821723e-08 -3.23073123809081e-08 -3.12033421323576e-08 -3.00993683310935e-08 -2.89953963061862e-08 -2.78389684638114e-08 -2.65251678399636e-08 -2.52113689924727e-08 -2.38975701449817e-08 -2.25837695211339e-08 -2.1269970673643e-08 -1.99561718261521e-08 -1.86423712023043e-08 -2.82737229184704e-08 -4.15534557873798e-08 -5.4833190432646e-08 -6.81129250779122e-08 -8.13926561704648e-08 -9.46723943684447e-08 -1.07952125460997e-07 -1.20109660883827e-07 -1.28900595086634e-07 -1.37691529289441e-07 -1.46482463492248e-07 -1.55273397695055e-07 -1.64064331897862e-07 -1.72855266100669e-07 -1.81646200303476e-07 -1.75527475221315e-07 -1.64438858973881e-07 -1.53350242726447e-07
-3.78601434647408e-08 -3.89865206784634e-08 -4.01128978921861e-08 -4.12392751059087e-08 -4.23656523196314e-08 -4.34920295333541e-08 -4.46184031943631e-08 -4.4688086120459e-08 -4.4405538801584e-08 -4.41229879299954e-08 -4.38404370584067e-08 -4.35578897395317e-08 -4.3275338867943e-08 -4.2992791549068e-08 -4.24979234026068e-08 -4.13661034315282e-08 -4.02342870131633e-08 -3.91024670420848e-08 -3.79706506237198e-08 -3.68388306526413e-08 -3.57070142342764e-08 -3.45751942631978e-08 -4.34206306465512e-08 -5.55918191480487e-08 -6.77630040968324e-08 -7.99341961510436e-08 -9.21053810998274e-08 -1.04276573154038e-07 -1.16447758102822e-07 -1.27511171399419e-07 -1.35251255528601e-07 -1.42991339657783e-07 -1.50731423786965e-07 -1.58471507916147e-07 -1.66211592045329e-07 -1.73951676174511e-07 -1.81691760303693e-07 -1.7437511701246e-07 -1.6203954089633e-07 -1.49703978991056e-07
-5.0193186496017e-08 -5.06987234416556e-08 -5.12042603872942e-08 -5.17097973329328e-08 -5.22153342785714e-08 -5.272087122421e-08 -5.32264046171349e-08 -5.37569455616449e-08 -5.42958176197317e-08 -5.48346896778185e-08 -5.53735652886189e-08 -5.59124373467057e-08 -5.64513094047925e-08 -5.69901814628793e-08 -5.71568783414023e-08 -5.62070425758066e-08 -5.52572032574972e-08 -5.43073674919015e-08 -5.33575281735921e-08 -5.24076924079964e-08 -5.1457853089687e-08 -5.05080173240913e-08 -5.85675401509889e-08 -6.96301825087176e-08 -8.06928213137326e-08 -9.17554672241749e-08 -1.0281810602919e-07 -1.13880751939632e-07 -1.2494338363922e-07 -1.34912681915011e-07 -1.41601915970568e-07 -1.48291150026125e-07 -1.54980384081682e-07 -1.61669618137239e-07 -1.68358852192796e-07 -1.75048086248353e-07 -1.8173732030391e-07 -1.73222744592749e-07 -1.59640237029635e-07 -1.4605772946652e-07
-6.25262330800069e-08 -6.24109262048478e-08 -6.2295626435116e-08 -6.21803195599568e-08 -6.20650126847977e-08 -6.19497129150659e-08 -6.18344060399068e-08 -6.28258050028307e-08 -6.41860964378793e-08 -6.55463949783552e-08 -6.69066864134038e-08 -6.82669849538797e-08 -6.96272834943557e-08 -7.09875749294042e-08 -7.18158332801977e-08 -7.10479781673712e-08 -7.02801230545447e-08 -6.95122679417182e-08 -6.87444057234643e-08 -6.79765506106378e-08 -6.72086954978113e-08 -6.64408403849848e-08 -7.37144461027128e-08 -8.36685458693864e-08 -9.36226385306327e-08 -1.03576738297306e-07 -1.13530830958553e-07 -1.23484923619799e-07 -1.33439016281045e-07 -1.42314192430604e-07 -1.47952576412536e-07 -1.53590960394467e-07 -1.59229344376399e-07 -1.64867728358331e-07 -1.70506098129408e-07 -1.7614448211134e-07 -1.81782866093272e-07 -1.72070372173039e-07 -1.57240918952084e-07 -1.42411465731129e-07
-7.48592796639969e-08 -7.412312896804e-08 -7.33869853775104e-08 -7.26508417869809e-08 -7.19146981964514e-08 -7.11785546059218e-08 -7.04424110153923e-08 -7.18946608913029e-08 -7.4076375256027e-08 -7.62580967261783e-08 -7.84398110909024e-08 -8.06215325610538e-08 -8.28032540312051e-08 -8.49849683959292e-08 -8.64747917717068e-08 -8.58889137589358e-08 -8.53030357461648e-08 -8.47171648388212e-08 -8.41312868260502e-08 -8.35454159187066e-08 -8.29595379059356e-08 -8.23736598931646e-08 -8.88613556071505e-08 -9.77069092300553e-08 -1.06552455747533e-07 -1.15398009370438e-07 -1.24243555887915e-07 -1.33089102405393e-07 -1.4193464892287e-07 -1.49715702946196e-07 -1.54303236854503e-07 -1.5889077076281e-07 -1.63478290460262e-07 -1.68065824368568e-07 -1.72653358276875e-07 -1.77240892185182e-07 -1.81828426093489e-07 -1.70917999753328e-07 -1.54841600874533e-07 -1.38765201995739e-07
-8.48432222255724e-08 -8.33101978514605e-08 -8.17771734773487e-08 -8.02441491032369e-08 -7.8711124729125e-08 -7.71781074604405e-08 -7.56450830863287e-08 -7.68700658682064e-08 -7.90143843687474e-08 -8.11587028692884e-08 -8.33030213698294e-08 -8.54473398703703e-08 -8.75916583709113e-08 -8.97359839768797e-08 -9.12119233476005e-08 -9.06827466451432e-08 -9.01535628372585e-08 -8.96243790293738e-08 -8.90951952214891e-08 -8.85660185190318e-08 -8.80368347111471e-08 -8.75076509032624e-08 -9.38733748512277e-08 -1.02537391910573e-07 -1.11201416075346e-07 -1.19865433134692e-07 -1.28529464404892e-07 -1.37193481464237e-07 -1.45857498523583e-07 -1.53260714341741e-07 -1.56881469592918e-07 -1.60502239054949e-07 -1.64122994306126e-07 -1.67743763768158e-07 -1.71364519019335e-07 -1.74985288481366e-07 -1.78606043732543e-07 -1.66884632335496e-07 -1.50049174862943e-07 -1.33213703179536e-07
-9.24780607647335e-08 -8.99721257496822e-08 -8.74661836292034e-08 -8.49602415087247e-08 -8.24543064936734e-08 -7.99483643731946e-08 -7.74424293581433e-08 -7.77520199335413e-08 -7.90001166706134e-08 -8.02482134076854e-08 -8.14963172501848e-08 -8.27444139872568e-08 -8.39925107243289e-08 -8.52406145668283e-08 -8.60272422187336e-08 -8.5429469720566e-08 -8.4831690116971e-08 -8.4233910513376e-08 -8.36361380152084e-08 -8.30383584116134e-08 -8.24405859134458e-08 -8.18428063098509e-08 -8.87504967295172e-08 -9.81600081217948e-08 -1.07569519514072e-07 -1.1697903090635e-07 -1.26388542298628e-07 -1.35798046585478e-07 -1.45207565083183e-07 -1.52949212406384e-07 -1.55687288838635e-07 -1.58425365270887e-07 -1.61163441703138e-07 -1.6390151813539e-07 -1.66639594567641e-07 -1.69377670999893e-07 -1.72115747432144e-07 -1.5997026991954e-07 -1.42863612495603e-07 -1.25756955071665e-07
-1.00112906409322e-07 -9.66340465424764e-08 -9.31551937810582e-08 -8.967634101964e-08 -8.61974811527944e-08 -8.27186283913761e-08 -7.92397756299579e-08 -7.86339668934488e-08 -7.89858489724793e-08 -7.93377239460824e-08 -7.96896060251129e-08 -8.00414881041434e-08 -8.03933630777465e-08 -8.0745245156777e-08 -8.08425610898666e-08 -8.01761927959888e-08 -7.95098173966835e-08 -7.88434491028056e-08 -7.81770737035004e-08 -7.75107054096225e-08 -7.68443300103172e-08 -7.61779617164393e-08 -8.36276186078067e-08 -9.37826172275891e-08 -1.03937615847371e-07 -1.14092621572581e-07 -1.24247620192364e-07 -1.34402625917573e-07 -1.44557617431929e-07 -1.52637710471026e-07 -1.54493108084353e-07 -1.56348491486824e-07 -1.5820388910015e-07 -1.60059272502622e-07 -1.61914655905093e-07 -1.63770053518419e-07 -1.65625436920891e-07 -1.53055893292731e-07 -1.35678050128263e-07 -1.18300199858368e-07
-1.07747744948483e-07 -1.03295974440698e-07 -9.88442039329129e-08 -9.43924334251278e-08 -8.99406629173427e-08 -8.54888924095576e-08 -8.10371219017725e-08 -7.95159209587837e-08 -7.89715812743452e-08 -7.84272415899068e-08 -7.7882894800041e-08 -7.73385551156025e-08 -7.6794215431164e-08 -7.62498757467256e-08 -7.56578799609997e-08 -7.49229158714115e-08 -7.4187944676396e-08 -7.34529805868078e-08 -7.27180164972197e-08 -7.19830453022041e-08 -7.12480812126159e-08 -7.05131171230278e-08 -7.85047404860961e-08 -8.94052334388107e-08 -1.00305719286098e-07 -1.11206212238812e-07 -1.221066980861e-07 -1.33007191038814e-07 -1.43907683991529e-07 -1.52326222746524e-07 -1.5329892733007e-07 -1.54271617702761e-07 -1.55244322286308e-07 -1.56217026869854e-07 -1.571897314534e-07 -1.58162436036946e-07 -1.59135140620492e-07 -1.46141530876776e-07 -1.28492487760923e-07 -1.10843451750497e-07
-1.15382590593072e-07 -1.0995790233892e-07 -1.04533214084768e-07 -9.91085258306157e-08 -9.36838375764637e-08 -8.82591493223117e-08 -8.28344610681597e-08 -8.03978750241185e-08 -7.89573135762112e-08 -7.75167521283038e-08 -7.60761906803964e-08 -7.4635629232489e-08 -7.31950677845816e-08 -7.17545063366742e-08 -7.04731988321328e-08 -6.96696389468343e-08 -6.88660719561085e-08 -6.806251207081e-08 -6.72589521855116e-08 -6.64553923002131e-08 -6.56518324149147e-08 -6.48482725296162e-08 -7.33818623643856e-08 -8.50278425446049e-08 -9.66738227248243e-08 -1.08319802905044e-07 -1.19965775979836e-07 -1.31611756160055e-07 -1.43257736340274e-07 -1.52014720811167e-07 -1.52104746575787e-07 -1.52194758129554e-07 -1.5228476968332e-07 -1.52374781237086e-07 -1.52464792790852e-07 -1.52554818555473e-07 -1.52644830109239e-07 -1.39227154249966e-07 -1.21306925393583e-07 -1.03386703642627e-07
-1.23017429132233e-07 -1.16619830237141e-07 -1.10222224236622e-07 -1.03824625341531e-07 -9.7427019341012e-08 -9.10294133404932e-08 -8.46318073399743e-08 -8.12798219840261e-08 -7.89430458780771e-08 -7.66062626667008e-08 -7.42694794553245e-08 -7.19327033493755e-08 -6.95959201379992e-08 -6.72591369266229e-08 -6.52885177032658e-08 -6.44163620222571e-08 -6.35442063412484e-08 -6.26720506602396e-08 -6.17998949792309e-08 -6.09277392982221e-08 -6.00555836172134e-08 -5.9183424383491e-08 -6.82589842426751e-08 -8.06504516503992e-08 -9.30419261635507e-08 -1.05433393571275e-07 -1.17824860978999e-07 -1.30216321281296e-07 -1.42607802899875e-07 -1.51703233086664e-07 -1.5091055161065e-07 -1.50117884345491e-07 -1.49325217080332e-07 -1.48532535604318e-07 -1.47739868339158e-07 -1.46947201073999e-07 -1.46154519597985e-07 -1.32312791834011e-07 -1.1412137013167e-07 -9.59299484293297e-08
