data/working_set_collections/6091692-Cassins_Sparrow-M2/1995/wchange_avg.asc
NCOLS 265 
NROWS 230 
XLLCORNER -115.5625 
YLLCORNER 24.8333333333333 
CELLSIZE 0.0833333333333333 
NODATA_value -9999 
[rows 144 to 161 of 230, columns 80 to 119 of 265]
-7.19648483027413e-07 -7.12687665327394e-07 -6.99760846600839e-07 -6.84845417708857e-07 -6.69929988816875e-07 -6.55014503081475e-07 -6.40099074189493e-07 -6.25183588454092e-07 -6.10268159562111e-07 -5.93574497997906e-07 -5.7154630894729e-07 -5.49518119896675e-07 -5.27489930846059e-07 -5.05461741795443e-07 -4.83433552744827e-07 -4.61405363694212e-07 -4.39377174643596e-07 -4.17623027715308e-07 -3.95960285004548e-07 -3.74297513872079e-07 -3.5263474273961e-07 -3.30971971607141e-07 -3.09309200474672e-07 -2.87646457763913e-07 -2.68356956212301e-07 -2.56187263403262e-07 -2.44017570594224e-07 -2.3184789199604e-07 -2.19678199187001e-07 -2.07508520588817e-07 -1.95338827779779e-07 -1.83169149181595e-07 -1.82684445348968e-07 -1.86094752052668e-07 -1.89505058756367e-07 -1.92915365460067e-07 -1.96325657952912e-07 -1.99735964656611e-07 -2.0314627136031e-07 -2.07784552230805e-07
-7.30719364128163e-07 -7.22953984677588e-07 -7.07976653302467e-07 -6.90595413743722e-07 -6.73214117341558e-07 -6.55832820939395e-07 -6.3845158138065e-07 -6.21070284978487e-07 -6.03689045419742e-07 -5.84842268835928e-07 -5.61599165394e-07 -5.38356005108653e-07 -5.15112844823307e-07 -4.9186968453796e-07 -4.68626552674323e-07 -4.45383392388976e-07 -4.22140232103629e-07 -4.0177729943025e-07 -3.82374423679721e-07 -3.62971547929192e-07 -3.43568672178662e-07 -3.24165796428133e-07 -3.04762920677604e-07 -2.85360044927074e-07 -2.67376691454047e-07 -2.53651904813523e-07 -2.39927146594709e-07 -2.26202359954186e-07 -2.12477587524518e-07 -1.98752815094849e-07 -1.85028028454326e-07 -1.71303256024657e-07 -1.70563694723569e-07 -1.74152560816765e-07 -1.77741412699106e-07 -1.81330264581447e-07 -1.84919116463789e-07 -1.8850796834613e-07 -1.92096820228471e-07 -1.97367896248579e-07
-7.41790302072332e-07 -7.33220247184363e-07 -7.16192460004095e-07 -6.96345352935168e-07 -6.76498245866242e-07 -6.56651195640734e-07 -6.36804088571807e-07 -6.16956981502881e-07 -5.97109931277373e-07 -5.76110039673949e-07 -5.51651964997291e-07 -5.27193833477213e-07 -5.02735758800554e-07 -4.78277627280477e-07 -4.53819524182109e-07 -4.2936142108374e-07 -4.04903317985372e-07 -3.85931571145193e-07 -3.68788562354894e-07 -3.51645581986304e-07 -3.34502601617714e-07 -3.17359621249125e-07 -3.00216640880535e-07 -2.83073632090236e-07 -2.66396426695792e-07 -2.51116574645494e-07 -2.3583670838434e-07 -2.20556827912333e-07 -2.0527696165118e-07 -1.89997095390027e-07 -1.74717229128873e-07 -1.5943736286772e-07 -1.58442958309024e-07 -1.62210355370007e-07 -1.65977766641845e-07 -1.69745163702828e-07 -1.73512574974666e-07 -1.77279972035649e-07 -1.81047383307487e-07 -1.86951240266353e-07
-7.528612400165e-07 -7.43486566534557e-07 -7.24408209862304e-07 -7.02095348970033e-07 -6.79782431234344e-07 -6.57469513498654e-07 -6.35156595762965e-07 -6.12843678027275e-07 -5.90530760291585e-07 -5.67377810511971e-07 -5.41704764600581e-07 -5.16031718689192e-07 -4.90358672777802e-07 -4.64685598444703e-07 -4.39012524111604e-07 -4.13339478200214e-07 -3.87666403867115e-07 -3.70085814438426e-07 -3.55202729451776e-07 -3.40319616043416e-07 -3.25436531056766e-07 -3.10553446070116e-07 -2.95670332661757e-07 -2.80787247675107e-07 -2.65416190359247e-07 -2.48581216055754e-07 -2.31746270173971e-07 -2.14911310081334e-07 -1.98076349988696e-07 -1.81241389896059e-07 -1.64406429803421e-07 -1.47571469710783e-07 -1.46322207683625e-07 -1.50268149923249e-07 -1.54214106373729e-07 -1.58160062824209e-07 -1.62106019274688e-07 -1.66051975725168e-07 -1.69997932175647e-07 -1.76534584284127e-07
-7.6393212111725e-07 -7.53752885884751e-07 -7.32624016563932e-07 -7.07845288161479e-07 -6.83066559759027e-07 -6.58287831356574e-07 -6.33509102954122e-07 -6.08730374551669e-07 -5.83951646149217e-07 -5.58645638193411e-07 -5.31757621047291e-07 -5.0486960390117e-07 -4.7798158675505e-07 -4.5109354118722e-07 -4.24205524041099e-07 -3.97317506894979e-07 -3.70429489748858e-07 -3.54240086153368e-07 -3.41616868126948e-07 -3.28993678522238e-07 -3.16370460495818e-07 -3.03747242469399e-07 -2.91124052864689e-07 -2.78500834838269e-07 -2.64435925600992e-07 -2.46045885887725e-07 -2.27655831963602e-07 -2.0926577803948e-07 -1.90875724115358e-07 -1.72485684402091e-07 -1.54095630477968e-07 -1.35705590764701e-07 -1.34201457058225e-07 -1.38325958687346e-07 -1.42450460316468e-07 -1.46574961945589e-07 -1.50699477785565e-07 -1.54823979414687e-07 -1.58948481043808e-07 -1.66117928301901e-07
-7.75003059061419e-07 -7.64019205234945e-07 -7.4083982326556e-07 -7.13595284196344e-07 -6.8635068828371e-07 -6.59106149214495e-07 -6.31861610145279e-07 -6.04617071076063e-07 -5.77372532006848e-07 -5.49913409031433e-07 -5.21810420650581e-07 -4.9370743226973e-07 -4.65604472310588e-07 -4.37501483929736e-07 -4.09398523970594e-07 -3.81295535589743e-07 -3.53192575630601e-07 -3.38394329446601e-07 -3.2803103522383e-07 -3.1766771257935e-07 -3.0730438993487e-07 -2.9694106729039e-07 -2.86577744645911e-07 -2.7621445042314e-07 -2.63455660842737e-07 -2.43510527297985e-07 -2.23565393753233e-07 -2.03620245997627e-07 -1.83675112452875e-07 -1.63729964697268e-07 -1.43784831152516e-07 -1.23839697607764e-07 -1.22080706432826e-07 -1.26383753240589e-07 -1.30686814259207e-07 -1.34989875277824e-07 -1.39292922085588e-07 -1.43595983104206e-07 -1.47899044122823e-07 -1.55701272319675e-07
-7.78837488724093e-07 -7.66880873470654e-07 -7.41768133138976e-07 -7.12270036729024e-07 -6.82771940319071e-07 -6.53273843909119e-07 -6.23775804342586e-07 -5.94277707932633e-07 -5.64779611522681e-07 -5.3539224609267e-07 -5.06337073602481e-07 -4.77281901112292e-07 -4.48226728622103e-07 -4.19171527710205e-07 -3.90116355220016e-07 -3.61061182729827e-07 -3.32006010239638e-07 -3.17948860129036e-07 -3.08891088707242e-07 -2.99833288863738e-07 -2.90775517441944e-07 -2.8171771759844e-07 -2.72659917754936e-07 -2.63602146333142e-07 -2.51622935820706e-07 -2.30879564355746e-07 -2.10136178679932e-07 -1.89392793004117e-07 -1.68649407328303e-07 -1.47906007441634e-07 -1.2716262176582e-07 -1.06419236090005e-07 -1.04710771609007e-07 -1.0934728322809e-07 -1.13983794847172e-07 -1.18620299360828e-07 -1.2325681097991e-07 -1.27893315493566e-07 -1.32529834218076e-07 -1.41100812811601e-07
-7.75435523792112e-07 -7.6233789059188e-07 -7.35409003027598e-07 -7.03869659446354e-07 -6.72330259021692e-07 -6.40790915440448e-07 -6.09251571859204e-07 -5.7771222827796e-07 -5.46172884696716e-07 -5.15082206220541e-07 -4.85337579902989e-07 -4.55592953585437e-07 -4.25848327267886e-07 -3.96103700950334e-07 -3.66359046211073e-07 -3.36614419893522e-07 -3.0686979357597e-07 -2.92903678200673e-07 -2.84197056998892e-07 -2.7549043579711e-07 -2.66783814595328e-07 -2.58077193393547e-07 -2.49370572191765e-07 -2.40663950989983e-07 -2.28937778956606e-07 -2.08152982850152e-07 -1.87368186743697e-07 -1.66583390637243e-07 -1.45798594530788e-07 -1.25013798424334e-07 -1.04229009423307e-07 -8.34442204222796e-08 -8.20916667976235e-08 -8.72165344389941e-08 -9.23414020803648e-08 -9.74662626163081e-08 -1.02591130257679e-07 -1.07715997899049e-07 -1.1284086554042e-07 -1.22316535566824e-07
-7.72033502016711e-07 -7.57794964556524e-07 -7.29049872916221e-07 -6.95469225320267e-07 -6.61888634567731e-07 -6.28307986971777e-07 -5.94727396219241e-07 -5.61146748623287e-07 -5.27566157870751e-07 -4.94772166348412e-07 -4.64338057781788e-07 -4.33904006058583e-07 -4.03469925913669e-07 -3.73035845768754e-07 -3.4260176562384e-07 -3.12167685478926e-07 -2.81733605334011e-07 -2.67858496272311e-07 -2.59503025290542e-07 -2.51147582730482e-07 -2.42792111748713e-07 -2.34436654977799e-07 -2.26081198206884e-07 -2.1772574143597e-07 -2.06252593670797e-07 -1.85426401344557e-07 -1.64600194807463e-07 -1.43774002481223e-07 -1.22947795944128e-07 -1.02121596512461e-07 -8.12953970807939e-08 -6.04691976491267e-08 -5.94725655389539e-08 -6.50857856498988e-08 -7.06990093135573e-08 -7.63122258717885e-08 -8.19254495354471e-08 -8.75386731991057e-08 -9.31518968627643e-08 -1.03532265427475e-07
-7.68631480241311e-07 -7.53252038521168e-07 -7.22690742804843e-07 -6.87068848037597e-07 -6.51446953270352e-07 -6.15825058503106e-07 -5.8020316373586e-07 -5.44581268968614e-07 -5.08959374201368e-07 -4.74462098054573e-07 -4.43338564082296e-07 -4.12215030110019e-07 -3.81091524559451e-07 -3.49967990587174e-07 -3.18844456614897e-07 -2.8772092264262e-07 -2.56597388670343e-07 -2.42813285922239e-07 -2.34808993582192e-07 -2.26804701242145e-07 -2.18800408902098e-07 -2.10796116562051e-07 -2.02791824222004e-07 -1.94787531881957e-07 -1.83567422595843e-07 -1.62699805628108e-07 -1.41832202871228e-07 -1.20964600114348e-07 -1.00096997357468e-07 -7.92293874951611e-08 -5.83617847382811e-08 -3.74941784286875e-08 -3.68534607275706e-08 -4.29550368608034e-08 -4.90566165467499e-08 -5.51581926799827e-08 -6.12597688132155e-08 -6.7361348499162e-08 -7.34629210796811e-08 -8.47479952881258e-08
-7.65229515309329e-07 -7.48709055642394e-07 -7.16331612693466e-07 -6.7866841391151e-07 -6.41005271972972e-07 -6.03342130034434e-07 -5.65678988095897e-07 -5.28015846157359e-07 -4.90352647375403e-07 -4.54152058182444e-07 -4.22339070382804e-07 -3.90526082583165e-07 -3.58713123205234e-07 -3.26900135405594e-07 -2.95087147605955e-07 -2.63274159806315e-07 -2.3146118621753e-07 -2.17768103993876e-07 -2.10114976084697e-07 -2.02461848175517e-07 -1.94808720266337e-07 -1.87155592357158e-07 -1.79502464447978e-07 -1.71849336538799e-07 -1.60882237310034e-07 -1.39973224122514e-07 -1.19064218040421e-07 -9.81552048529011e-08 -7.7246191665381e-08 -5.63371820305747e-08 -3.54281688430547e-08 -1.45191583200699e-08 -1.42343550280088e-08 -2.0824288071708e-08 -2.74142220035856e-08 -3.40041559354631e-08 -4.05940880909839e-08 -4.71840202465046e-08 -5.3773955954739e-08 -6.59637251487766e-08
-7.61827493533929e-07 -7.44166129607038e-07 -7.0997242573867e-07 -6.7026803662884e-07 -6.30563590675592e-07 -5.90859201565763e-07 -5.51154755612515e-07 -5.11450366502686e-07 -4.71745920549438e-07 -4.33842018310315e-07 -4.01339576683313e-07 -3.6883713505631e-07 -3.36334721851017e-07 -3.03832280224015e-07 -2.71329838597012e-07 -2.38827425391719e-07 -2.06324983764716e-07 -1.92722907854659e-07 -1.85420944376347e-07 -1.78118980898034e-07 -1.70817017419722e-07 -1.6351505394141e-07 -1.56213104673952e-07 -1.4891114119564e-07 -1.3819706623508e-07 -1.17246642616919e-07 -9.62962261041866e-08 -7.53458095914539e-08 -5.43953930787211e-08 -3.34449730132746e-08 -1.24945565005419e-08 8.45586178854774e-09 8.38474889519603e-09 1.30645994023126e-09 -5.7718292367781e-09 -1.28501183027652e-08 -1.99284073687522e-08 -2.70066973229177e-08 -3.40849872770832e-08 -4.71794514567137e-08
-7.52638982248754e-07 -7.33627757654176e-07 -6.983177058828e-07 -6.57574673823547e-07 -6.16831641764293e-07 -5.76088609705039e-07 -5.35345577645785e-07 -4.9460260242995e-07 -4.53859570370696e-07 -4.15220938521088e-07 -3.82895535722128e-07 -3.50570104501458e-07 -3.18244701702497e-07 -2.85919270481827e-07 -2.53593867682866e-07 -2.21268450673051e-07 -1.88943033663236e-07 -1.75669143231971e-07 -1.68745771134127e-07 -1.61822399036282e-07 -1.54899012727583e-07 -1.47975640629738e-07 -1.41052268531894e-07 -1.34128896434049e-07 -1.23753608249899e-07 -1.03022621544824e-07 -8.22916277343211e-08 -6.15606339238184e-08 -4.0829647218743e-08 -2.00986551845972e-08 6.3233618341485e-10 2.13633271073377e-08 2.09615542701158e-08 1.35155273639498e-08 6.06950045778376e-09 -1.37652700349378e-09 -8.82255424272671e-09 -1.62685811488927e-08 -2.37146089432372e-08 -3.71836286205962e-08
-7.37663867766969e-07 -7.17093996627227e-07 -6.81367282595602e-07 -6.40588325495628e-07 -5.99809368395654e-07 -5.5903041129568e-07 -5.18251454195706e-07 -4.77472497095732e-07 -4.36693568417468e-07 -3.98288847236472e-07 -3.67006919077539e-07 -3.35724990918607e-07 -3.04443062759674e-07 -2.73161134600741e-07 -2.41879206441808e-07 -2.10597264072021e-07 -1.79315335913088e-07 -1.66606824336668e-07 -1.60089442147182e-07 -1.53572074168551e-07 -1.4705470618992e-07 -1.40537338211288e-07 -1.34019970232657e-07 -1.27502588043171e-07 -1.17551877565347e-07 -9.73011466953722e-08 -7.70504158253971e-08 -5.67996885081357e-08 -3.65489540854469e-08 -1.62982232154718e-08 3.95250721041407e-09 2.42032385244784e-08 2.34960619849289e-08 1.58029145325145e-08 8.10976619192161e-09 4.16618961551762e-10 -7.27652826881808e-09 -1.49696752771433e-08 -2.26628227295578e-08 -3.59762566404243e-08
-7.22688753285183e-07 -7.00560178756859e-07 -6.64416859308403e-07 -6.23601977167709e-07 -5.82787095027015e-07 -5.41972212886321e-07 -5.01157330745627e-07 -4.60342448604933e-07 -4.1952756646424e-07 -3.81356784373565e-07 -3.51118330854661e-07 -3.20879877335756e-07 -2.90641423816851e-07 -2.60402970297946e-07 -2.30164530989896e-07 -1.99926077470991e-07 -1.69687623952086e-07 -1.5754449123051e-07 -1.51433127371092e-07 -1.45321763511674e-07 -1.39210399652256e-07 -1.33099021581984e-07 -1.26987657722566e-07 -1.20876293863148e-07 -1.11350153986223e-07 -9.15796789513479e-08 -7.18092110219004e-08 -5.20387359870256e-08 -3.22682645048644e-08 -1.24977930227033e-08 7.27267845945789e-09 2.7043149941619e-08 2.60305679233852e-08 1.80903008129008e-08 1.01500328142379e-08 2.209764815575e-09 -5.73050273899867e-09 -1.36707702935723e-08 -2.16110382922352e-08 -3.47688846602523e-08
-7.07713638803398e-07 -6.8402641772991e-07 -6.47466492864623e-07 -6.0661568568321e-07 -5.65764821658377e-07 -5.24914014476963e-07 -4.84063207295549e-07 -4.43212371692425e-07 -4.02361564511011e-07 -3.64424693088949e-07 -3.35229742631782e-07 -3.06034763752905e-07 -2.76839813295737e-07 -2.4764483441686e-07 -2.18449869748838e-07 -1.89254890869961e-07 -1.60059926201939e-07 -1.48482172335207e-07 -1.42776798384148e-07 -1.37071438643943e-07 -1.31366078903739e-07 -1.25660719163534e-07 -1.19955359423329e-07 -1.14249992577697e-07 -1.05148423301671e-07 -8.58582112073236e-08 -6.65679991129764e-08 -4.72777870186292e-08 -2.79875731479251e-08 -8.6973619417563e-09 1.05928501525909e-08 2.98830613587597e-08 2.85650738618415e-08 2.0377687093287e-08 1.21902985483757e-08 4.00291089164284e-09 -4.18447676509004e-09 -1.23718644218229e-08 -2.05592520785558e-08 -3.35615126800803e-08
-6.92738524321612e-07 -6.67492599859543e-07 -6.30516069577425e-07 -5.89629337355291e-07 -5.48742548289738e-07 -5.07855816067604e-07 -4.6696905542376e-07 -4.26082323201626e-07 -3.85195562557783e-07 -3.47492630226043e-07 -3.19341125987194e-07 -2.91189650170054e-07 -2.63038174352914e-07 -2.3488668432492e-07 -2.06735194296925e-07 -1.78583718479786e-07 -1.50432228451791e-07 -1.39419839229049e-07 -1.34120483608058e-07 -1.28821127987067e-07 -1.23521772366075e-07 -1.18222409639657e-07 -1.12923054018665e-07 -1.07623698397674e-07 -9.8946692617119e-08 -8.0136736357872e-08 -6.13267872040524e-08 -4.25168344975191e-08 -2.37068835673426e-08 -4.89693086080933e-09 1.39130209575455e-08 3.27229727759004e-08 3.10995815766546e-08 2.26650733736733e-08 1.42305642825136e-08 5.79605696771068e-09 -2.63845123527062e-09 -1.10729594382519e-08 -1.95074676412332e-08 -3.23541371471947e-08
-6.77763409839827e-07 -6.50958838832594e-07 -6.13565703133645e-07 -5.72642989027372e-07 -5.31720331764518e-07 -4.90797617658245e-07 -4.49874931973682e-07 -4.08952246289118e-07 -3.68029560604555e-07 -3.30560538941427e-07 -3.03452537764315e-07 -2.76344536587203e-07 -2.49236535410091e-07 -2.22128534232979e-07 -1.95020533055867e-07 -1.67912531878756e-07 -1.40804530701644e-07 -1.30357520333746e-07 -1.25464168831968e-07 -1.2057081733019e-07 -1.15677458722985e-07 -1.10784107221207e-07 -1.05890755719429e-07 -1.00997397112224e-07 -9.27449619325671e-08 -7.44152686138477e-08 -5.6085578847842e-08 -3.77558855291227e-08 -1.94261922104033e-08 -1.09650000190697e-09 1.72331926506786e-08 3.55628841930411e-08 3.36340875151109e-08 2.49524596540596e-08 1.62708300166514e-08 7.58920304377853e-09 -1.0924253723843e-09 -9.77405356650252e-09 -1.84556814275538e-08 -3.11467651670227e-08
