data/working_set_collections/6091692-Cassins_Sparrow-M2/1995/wchange_avg.asc
NCOLS 265 
NROWS 230 
XLLCORNER -115.5625 
YLLCORNER 24.8333333333333 
CELLSIZE 0.0833333333333333 
NODATA_value -9999 
[rows 0 to 17 of 230, columns 200 to 239 of 265]
-2.5215701526804e-08 -3.74692135096666e-08 -4.36813536452973e-08 -4.78797055336599e-08 -5.20780574220225e-08 -5.62764057576715e-08 -6.04747540933204e-08 -6.46731095343966e-08 -6.88714578700456e-08 -7.70530235172373e-08 -9.71842268882028e-08 -1.17315430259168e-07 -1.37446633630134e-07 -1.57577829895672e-07 -1.77709040372065e-07 -1.97840236637603e-07 -2.17971447113996e-07 -2.52499546604668e-07 -2.91826609100099e-07 -3.3115367159553e-07 -3.70480734090961e-07 -4.09807796586392e-07 -4.49134859081823e-07 -4.88461921577255e-07 -5.2830819186056e-07 -5.69712142350909e-07 -6.11116035997838e-07 -6.52519986488187e-07 -6.93923880135117e-07 -7.35327830625465e-07 -7.76731781115814e-07 -8.18135674762743e-07 -8.46555224143231e-07 -8.70646715611656e-07 -8.94738150236662e-07 -9.18829584861669e-07 -9.42921076330094e-07 -9.67012510955101e-07 -9.91104002423526e-07 -1.00476063380484e-06
-3.27734248628531e-08 -4.44291714529754e-08 -5.04226704833854e-08 -5.45287477393686e-08 -5.86348285480653e-08 -6.27409093567621e-08 -6.68469866127452e-08 -7.09530638687283e-08 -7.50591482301388e-08 -8.31051991667664e-08 -1.029711640399e-07 -1.22837136018461e-07 -1.42703100891595e-07 -1.62569065764728e-07 -1.82435030637862e-07 -2.02300995510996e-07 -2.22166960384129e-07 -2.5335020836792e-07 -2.88305841422698e-07 -3.23261502899186e-07 -3.58217135953964e-07 -3.93172797430452e-07 -4.28128430485231e-07 -4.63084091961719e-07 -4.97916460062697e-07 -5.32379090145696e-07 -5.66841720228695e-07 -6.01304293468274e-07 -6.35766923551273e-07 -6.70229553634272e-07 -7.0469218371727e-07 -7.3915475695685e-07 -7.6592505138251e-07 -7.90131252870196e-07 -8.14337397514464e-07 -8.38543599002151e-07 -8.62749800489837e-07 -8.86955945134105e-07 -9.11162146621791e-07 -9.26009306567721e-07
-4.03311481989022e-08 -5.13891329489979e-08 -5.71639837687599e-08 -6.11777934977908e-08 -6.51915996741081e-08 -6.92054129558528e-08 -7.32192191321701e-08 -7.72330253084874e-08 -8.12468314848047e-08 -8.91573748162955e-08 -1.08758101191597e-07 -1.28358834672326e-07 -1.47959568153055e-07 -1.67560301633785e-07 -1.87161020903659e-07 -2.06761754384388e-07 -2.26362487865117e-07 -2.54200841709462e-07 -2.84785073745297e-07 -3.15369334202842e-07 -3.45953566238677e-07 -3.76537798274512e-07 -4.07122030310347e-07 -4.37706262346182e-07 -4.67524756686544e-07 -4.95046094783902e-07 -5.22567347616132e-07 -5.50088657291781e-07 -5.7760996696743e-07 -6.05131276643078e-07 -6.32652586318727e-07 -6.60173839150957e-07 -6.85294878621789e-07 -7.09615790128737e-07 -7.33936701635685e-07 -7.58257613142632e-07 -7.8257852464958e-07 -8.06899379313109e-07 -8.31220290820056e-07 -8.47258036174026e-07
-4.78888679822376e-08 -5.83490908923068e-08 -6.39052970541343e-08 -6.78268392562131e-08 -7.17483743528646e-08 -7.56699094495161e-08 -7.9591451651595e-08 -8.35129867482465e-08 -8.7434521844898e-08 -9.52095504658246e-08 -1.14545045448722e-07 -1.33880533326192e-07 -1.53216035414516e-07 -1.72551523291986e-07 -1.91887025380311e-07 -2.11222513257781e-07 -2.30558015346105e-07 -2.55051503472714e-07 -2.81264334489606e-07 -3.07477137084788e-07 -3.3368996810168e-07 -3.59902799118572e-07 -3.86115601713755e-07 -4.12328432730646e-07 -4.3713305331039e-07 -4.57713042578689e-07 -4.78293031846988e-07 -4.98873021115287e-07 -5.19453010383586e-07 -5.40032999651885e-07 -5.60612988920184e-07 -5.81192921345064e-07 -6.0466464901765e-07 -6.29100327387278e-07 -6.53535948913486e-07 -6.77971570439695e-07 -7.02407191965904e-07 -7.26842870335531e-07 -7.5127849186174e-07 -7.68506708936911e-07
-5.54465913182867e-08 -6.53090523883293e-08 -7.06466138922224e-08 -7.44758779092081e-08 -7.83051490316211e-08 -8.21344130486068e-08 -8.59636770655925e-08 -8.97929481880055e-08 -9.36222122049912e-08 -1.01261726115354e-07 -1.20331989705846e-07 -1.39402246190912e-07 -1.58472502675977e-07 -1.77542759161042e-07 -1.96613015646108e-07 -2.15683272131173e-07 -2.34753528616238e-07 -2.55902165235966e-07 -2.77743566812205e-07 -2.99584968388444e-07 -3.21426369964684e-07 -3.43267799962632e-07 -3.65109201538871e-07 -3.8695060311511e-07 -4.06741349934236e-07 -4.20380018795186e-07 -4.34018687656135e-07 -4.47657356517084e-07 -4.61296025378033e-07 -4.74934694238982e-07 -4.88573391521641e-07 -5.0221206038259e-07 -5.24034476256929e-07 -5.48584864645818e-07 -5.73135196191288e-07 -5.97685584580177e-07 -6.22235916125646e-07 -6.46786304514535e-07 -6.71336692903424e-07 -6.89755381699797e-07
-6.30043146543358e-08 -7.22690103316381e-08 -7.73879307303105e-08 -8.11249236676304e-08 -8.48619166049502e-08 -8.85989166476975e-08 -9.23359095850174e-08 -9.60729025223372e-08 -9.98098954596571e-08 -1.07313901764883e-07 -1.26118919752116e-07 -1.44923944844777e-07 -1.63728969937438e-07 -1.82533980819244e-07 -2.01339005911905e-07 -2.20144031004565e-07 -2.38949041886372e-07 -2.56752798577509e-07 -2.74222799134805e-07 -2.916927996921e-07 -3.09162800249396e-07 -3.26632800806692e-07 -3.44102801363988e-07 -3.61572773499574e-07 -3.76349618136373e-07 -3.83046966589973e-07 -3.89744343465281e-07 -3.96441691918881e-07 -4.0313904037248e-07 -4.09836417247789e-07 -4.16533765701388e-07 -4.23231114154987e-07 -4.43404275074499e-07 -4.68069373482649e-07 -4.92734500312508e-07 -5.17399541877239e-07 -5.42064640285389e-07 -5.66729738693539e-07 -5.91394837101689e-07 -6.11004111306102e-07
-8.29494197773784e-08 -9.18205245170611e-08 -9.68714886084854e-08 -1.00649067746872e-07 -1.04426653990686e-07 -1.08204233129072e-07 -1.11981819372886e-07 -1.15759398511273e-07 -1.19536977649659e-07 -1.26809212019907e-07 -1.44565348136894e-07 -1.62321498464735e-07 -1.80077648792576e-07 -1.97833784909562e-07 -2.15589935237404e-07 -2.3334607135439e-07 -2.51102221682231e-07 -2.6624434212863e-07 -2.80515109807311e-07 -2.94785877485992e-07 -3.09056673586383e-07 -3.23327441265064e-07 -3.37598208943746e-07 -3.51868976622427e-07 -3.63049196039356e-07 -3.64957685405898e-07 -3.66866146350731e-07 -3.68774635717273e-07 -3.70683125083815e-07 -3.72591614450357e-07 -3.74500103816899e-07 -3.76408593183442e-07 -3.93018694921921e-07 -4.14529353065518e-07 -4.36039982787406e-07 -4.57550640931004e-07 -4.79061327496311e-07 -5.00571957218199e-07 -5.22082586940087e-07 -5.39628786100366e-07
-1.15281913792842e-07 -1.23963587839171e-07 -1.29097287526747e-07 -1.3304831725236e-07 -1.36999346977973e-07 -1.40950376703586e-07 -1.44901406429199e-07 -1.48852436154812e-07 -1.52803465880424e-07 -1.59747642669572e-07 -1.75671274860179e-07 -1.9159489283993e-07 -2.07518525030537e-07 -2.23442157221143e-07 -2.3936578941175e-07 -2.55289421602356e-07 -2.71213053792962e-07 -2.8437676746762e-07 -2.96620498829725e-07 -3.08864258613539e-07 -3.21107989975644e-07 -3.33351721337749e-07 -3.45595481121563e-07 -3.57839212483668e-07 -3.66840055221473e-07 -3.66112089977833e-07 -3.65384153155901e-07 -3.6465618791226e-07 -3.63928251090329e-07 -3.63200285846688e-07 -3.62472349024756e-07 -3.61744412202825e-07 -3.72877707377484e-07 -3.87964746551006e-07 -4.03051785724529e-07 -4.18138824898051e-07 -4.33225864071574e-07 -4.48312903245096e-07 -4.63399942418619e-07 -4.75629519769427e-07
-1.47614414913733e-07 -1.56106665372135e-07 -1.61323086445009e-07 -1.65447559652421e-07 -1.69572032859833e-07 -1.73696520278099e-07 -1.77820993485511e-07 -1.81945466692923e-07 -1.86069939900335e-07 -1.92686073319237e-07 -2.06777187372609e-07 -2.2086830142598e-07 -2.34959415479352e-07 -2.49050515321869e-07 -2.63141629375241e-07 -2.77232743428613e-07 -2.91323857481984e-07 -3.02509164384901e-07 -3.12725887852139e-07 -3.22942611319377e-07 -3.33159306364905e-07 -3.43376029832143e-07 -3.53592753299381e-07 -3.6380944834491e-07 -3.70630885981882e-07 -3.67266522971477e-07 -3.63902131539362e-07 -3.60537740107247e-07 -3.57173377096842e-07 -3.53808985664728e-07 -3.50444594232613e-07 -3.47080231222208e-07 -3.52736691411337e-07 -3.61400111614785e-07 -3.70063560239942e-07 -3.78726980443389e-07 -3.87390400646836e-07 -3.96053849271993e-07 -4.04717269475441e-07 -4.11630225016779e-07
-1.79946908929196e-07 -1.88249728694245e-07 -1.93548885363271e-07 -1.97846802052482e-07 -2.02144732952547e-07 -2.06442649641758e-07 -2.10740580541824e-07 -2.15038497231035e-07 -2.19336428131101e-07 -2.25624518179757e-07 -2.37883114095894e-07 -2.50141710012031e-07 -2.62400305928168e-07 -2.74658901844305e-07 -2.86917497760442e-07 -2.99176093676579e-07 -3.11434689592716e-07 -3.20641589723891e-07 -3.28831276874553e-07 -3.37020964025214e-07 -3.45210651175876e-07 -3.53400338326537e-07 -3.61589997055489e-07 -3.69779684206151e-07 -3.74421745164e-07 -3.68420927543411e-07 -3.62420109922823e-07 -3.56419292302235e-07 -3.50418474681646e-07 -3.44417685482767e-07 -3.38416867862179e-07 -3.32416050241591e-07 -3.325957038669e-07 -3.34835505100273e-07 -3.37075334755355e-07 -3.39315164410436e-07 -3.41554965643809e-07 -3.43794795298891e-07 -3.46034596532263e-07 -3.47630930264131e-07
-2.1227940294466e-07 -2.2039280622721e-07 -2.25774684281532e-07 -2.30246058663397e-07 -2.34717418834407e-07 -2.39188779005417e-07 -2.43660167598136e-07 -2.48131527769146e-07 -2.52602887940157e-07 -2.58562948829422e-07 -2.68989026608324e-07 -2.79415104387226e-07 -2.89841182166128e-07 -3.00267259945031e-07 -3.10693337723933e-07 -3.21119415502835e-07 -3.31545493281737e-07 -3.38774015062882e-07 -3.44936665896967e-07 -3.51099316731052e-07 -3.57261967565137e-07 -3.63424618399222e-07 -3.69587269233307e-07 -3.75749920067392e-07 -3.78212604346118e-07 -3.69575360537056e-07 -3.60938116727993e-07 -3.52300844497222e-07 -3.4366360068816e-07 -3.35026356879098e-07 -3.26389113070036e-07 -3.17751869260974e-07 -3.12454687900754e-07 -3.08270898585761e-07 -3.04087109270768e-07 -2.99903319955774e-07 -2.95719530640781e-07 -2.91535741325788e-07 -2.87351952010795e-07 -2.83631635511483e-07
-2.44611896960123e-07 -2.5253586954932e-07 -2.58000483199794e-07 -2.62645301063458e-07 -2.67290118927122e-07 -2.71934936790785e-07 -2.76579754654449e-07 -2.81224572518113e-07 -2.85869390381777e-07 -2.91501379479087e-07 -3.00094939120754e-07 -3.08688498762422e-07 -3.17282058404089e-07 -3.25875618045757e-07 -3.34469177687424e-07 -3.43062737329092e-07 -3.51656296970759e-07 -3.56906411980162e-07 -3.6104205491938e-07 -3.65177669436889e-07 -3.69313283954398e-07 -3.73448926893616e-07 -3.77584541411125e-07 -3.81720155928633e-07 -3.82003463528235e-07 -3.707297935307e-07 -3.59456095111454e-07 -3.48182425113919e-07 -3.36908726694674e-07 -3.25635056697138e-07 -3.14361358277893e-07 -3.03087688280357e-07 -2.92313700356317e-07 -2.81706292071249e-07 -2.71098883786181e-07 -2.60491503922822e-07 -2.49884095637753e-07 -2.39276687352685e-07 -2.28669279067617e-07 -2.1963232654798e-07
-2.70681454139776e-07 -2.78433134326406e-07 -2.8391121986715e-07 -2.88631440525933e-07 -2.93351632763006e-07 -2.98071853421789e-07 -3.02792074080571e-07 -3.07512294739354e-07 -3.12232515398136e-07 -3.1774754916114e-07 -3.25646993815099e-07 -3.33546438469057e-07 -3.41445854701306e-07 -3.49345299355264e-07 -3.57244744009222e-07 -3.6514418866318e-07 -3.73043604895429e-07 -3.77203576817919e-07 -3.80117029408211e-07 -3.83030481998503e-07 -3.85943934588795e-07 -3.88857387179087e-07 -3.91770839769379e-07 -3.9468429235967e-07 -3.93623736272275e-07 -3.80641068886689e-07 -3.67658401501103e-07 -3.54675734115517e-07 -3.41693066729931e-07 -3.28710427766055e-07 -3.15727760380469e-07 -3.02745092994883e-07 -2.88668900338962e-07 -2.74228199259596e-07 -2.59787498180231e-07 -2.45346797100865e-07 -2.30906081810645e-07 -2.16465380731279e-07 -2.02024679651913e-07 -1.8990560590737e-07
-2.90488088694474e-07 -2.98084557925904e-07 -3.03506851651036e-07 -3.08204448629112e-07 -3.12902017185479e-07 -3.17599585741846e-07 -3.22297182719922e-07 -3.26994751276288e-07 -3.31692319832655e-07 -3.37301429453873e-07 -3.45645162269648e-07 -3.53988866663713e-07 -3.62332571057777e-07 -3.70676275451842e-07 -3.79019979845907e-07 -3.87363712661681e-07 -3.95707417055746e-07 -3.99665452732734e-07 -4.02161617785168e-07 -4.04657754415894e-07 -4.07153891046619e-07 -4.09650056099053e-07 -4.12146192729779e-07 -4.14642357782213e-07 -4.13073422578236e-07 -3.99309215026733e-07 -3.85545035896939e-07 -3.71780856767145e-07 -3.58016649215642e-07 -3.44252470085848e-07 -3.30488290956055e-07 -3.16724111826261e-07 -3.01520287848689e-07 -2.85836591729094e-07 -2.70152895609499e-07 -2.54469227911613e-07 -2.38785531792018e-07 -2.23101835672423e-07 -2.07418139552829e-07 -1.94451473589652e-07
-3.10294694827462e-07 -3.17735981525402e-07 -3.23102511856632e-07 -3.27777456732292e-07 -3.32452373186243e-07 -3.37127318061903e-07 -3.41802262937563e-07 -3.46477207813223e-07 -3.51152124267173e-07 -3.56855338168316e-07 -3.65643302302487e-07 -3.74431294858368e-07 -3.83219287414249e-07 -3.92007251548421e-07 -4.00795244104302e-07 -4.09583236660183e-07 -4.18371200794354e-07 -4.22127328647548e-07 -4.24206177740416e-07 -4.26285026833284e-07 -4.28363875926152e-07 -4.30442696597311e-07 -4.32521545690179e-07 -4.34600394783047e-07 -4.32523080462488e-07 -4.17977389588486e-07 -4.03431670292775e-07 -3.88885950997064e-07 -3.74340260123063e-07 -3.59794540827352e-07 -3.45248821531641e-07 -3.3070310223593e-07 -3.14371675358416e-07 -2.97444984198592e-07 -2.80518321460477e-07 -2.63591630300652e-07 -2.46664967562538e-07 -2.29738290613568e-07 -2.12811599453744e-07 -1.98997341271934e-07
-3.3010132938216e-07 -3.373874051249e-07 -3.42698172062228e-07 -3.47350464835472e-07 -3.52002757608716e-07 -3.5665505038196e-07 -3.61307343155204e-07 -3.65959635928448e-07 -3.70611928701692e-07 -3.76409218461049e-07 -3.85641470757037e-07 -3.94873723053024e-07 -4.04105975349012e-07 -4.13338256066709e-07 -4.22570508362696e-07 -4.31802760658684e-07 -4.41035012954671e-07 -4.44589232984072e-07 -4.46250766117373e-07 -4.47912299250675e-07 -4.49573832383976e-07 -4.51235365517277e-07 -4.52896898650579e-07 -4.5455843178388e-07 -4.51972766768449e-07 -4.3664553572853e-07 -4.21318304688612e-07 -4.05991073648693e-07 -3.90663842608774e-07 -3.75336583147146e-07 -3.60009352107227e-07 -3.44682121067308e-07 -3.27223062868143e-07 -3.09053405089799e-07 -2.90883718889745e-07 -2.72714061111401e-07 -2.54544403333057e-07 -2.36374731343858e-07 -2.18205073565514e-07 -2.03543208954216e-07
-3.49907963936857e-07 -3.57038857146108e-07 -3.62293803846114e-07 -3.66923472938652e-07 -3.7155311360948e-07 -3.76182782702017e-07 -3.80812423372845e-07 -3.85442092465382e-07 -3.9007173313621e-07 -3.95963098753782e-07 -4.05639639211586e-07 -4.15316179669389e-07 -4.24992691705484e-07 -4.34669232163287e-07 -4.44345744199381e-07 -4.54022284657185e-07 -4.63698796693279e-07 -4.67051108898886e-07 -4.68295326072621e-07 -4.69539571668065e-07 -4.707837888418e-07 -4.72028006015535e-07 -4.73272251610979e-07 -4.74516468784714e-07 -4.7142245307441e-07 -4.55313681868574e-07 -4.39204939084448e-07 -4.23096167878612e-07 -4.06987425094485e-07 -3.90878653888649e-07 -3.74769882682813e-07 -3.58661139898686e-07 -3.4007445037787e-07 -3.20661797559296e-07 -3.01249144740723e-07 -2.81836491922149e-07 -2.62423839103576e-07 -2.43011186285003e-07 -2.23598533466429e-07 -2.08089076636497e-07
-3.69714570069846e-07 -3.76690280745606e-07 -3.8188946405171e-07 -3.86496481041831e-07 -3.91103498031953e-07 -3.95710515022074e-07 -4.00317503590486e-07 -4.04924520580607e-07 -4.09531537570729e-07 -4.15517007468225e-07 -4.25637807666135e-07 -4.35758607864045e-07 -4.45879408061955e-07 -4.56000208259866e-07 -4.66121008457776e-07 -4.76241808655686e-07 -4.86362580431887e-07 -4.8951301323541e-07 -4.90339914449578e-07 -4.91166815663746e-07 -4.91993773721333e-07 -4.92820674935501e-07 -4.9364757614967e-07 -4.94474534207257e-07 -4.90872139380372e-07 -4.73981856430328e-07 -4.57091573480284e-07 -4.4020129053024e-07 -4.23311007580196e-07 -4.06420724630152e-07 -3.89530413258399e-07 -3.72640130308355e-07 -3.52925837887597e-07 -3.32270190028794e-07 -3.11614570591701e-07 -2.90958922732898e-07 -2.70303274874095e-07 -2.49647627015293e-07 -2.28991993367345e-07 -2.12634944318779e-07
