data/working_set_collections/6091692-Cassins_Sparrow-M2/1995/wchange_avg.asc
NCOLS 265 
NROWS 230 
XLLCORNER -115.5625 
YLLCORNER 24.8333333333333 
CELLSIZE 0.0833333333333333 
NODATA_value -9999 
[rows 90 to 107 of 230, columns 80 to 119 of 265]
-2.51346506274785e-07 -2.56801001796703e-07 -2.60079531244628e-07 -2.6263273866789e-07 -2.65185917669442e-07 -2.67739125092703e-07 -2.70292332515965e-07 -2.72845539939226e-07 -2.75398718940778e-07 -2.78633109473958e-07 -2.83911077758603e-07 -2.89189074464957e-07 -2.94467042749602e-07 -2.99745011034247e-07 -3.05022979318892e-07 -3.10300947603537e-07 -3.15578915888182e-07 -3.38037182245898e-07 -3.66222224101875e-07 -3.94407237536143e-07 -4.2259227939212e-07 -4.50777292826388e-07 -4.78962306260655e-07 -5.07147376538342e-07 -5.30396675912925e-07 -5.38839003638714e-07 -5.47281274521083e-07 -5.55723545403453e-07 -5.64165873129241e-07 -5.7260814401161e-07 -5.81050471737399e-07 -5.89492742619768e-07 -5.76388742956624e-07 -5.56102634163835e-07 -5.35816582214466e-07 -5.15530473421677e-07 -4.95244364628888e-07 -4.74958284257809e-07 -4.5467220388673e-07 -4.34972776020004e-07
-2.47151916710209e-07 -2.51603722745131e-07 -2.53993022170107e-07 -2.55694800443962e-07 -2.57396607139526e-07 -2.59098385413381e-07 -2.60800192108945e-07 -2.625019703828e-07 -2.64203777078365e-07 -2.6678821996029e-07 -2.72020628244718e-07 -2.77253064950855e-07 -2.82485473235283e-07 -2.87717881519711e-07 -2.92950289804139e-07 -2.98182726510277e-07 -3.03415134794704e-07 -3.25421694924444e-07 -3.53019629528717e-07 -3.806175925547e-07 -4.08215527158973e-07 -4.35813461763246e-07 -4.63411424789228e-07 -4.91009359393502e-07 -5.13974782734294e-07 -5.23042672284646e-07 -5.32110504991579e-07 -5.4117839454193e-07 -5.50246284092282e-07 -5.59314173642633e-07 -5.68382006349566e-07 -5.77449895899917e-07 -5.65433481369837e-07 -5.46389003375225e-07 -5.27344525380613e-07 -5.08299990542582e-07 -4.8925551254797e-07 -4.70211006131649e-07 -4.51166528137037e-07 -4.32668002758874e-07
-2.42957355567341e-07 -2.46406443693559e-07 -2.47906513095586e-07 -2.48756890641744e-07 -2.49607268187901e-07 -2.50457674155768e-07 -2.51308051701926e-07 -2.52158429248084e-07 -2.53008835215951e-07 -2.54943330446622e-07 -2.60130178730833e-07 -2.65317055436753e-07 -2.70503903720964e-07 -2.75690752005175e-07 -2.80877628711096e-07 -2.86064476995307e-07 -2.91251325279518e-07 -3.12806207602989e-07 -3.39817063377268e-07 -3.66827919151547e-07 -3.93838774925825e-07 -4.20849659121814e-07 -4.47860514896092e-07 -4.74871370670371e-07 -4.97552889555664e-07 -5.07246340930578e-07 -5.16939792305493e-07 -5.26633243680408e-07 -5.36326695055322e-07 -5.46020146430237e-07 -5.55713597805152e-07 -5.65407049180067e-07 -5.5447821978305e-07 -5.36675315743196e-07 -5.18872411703342e-07 -5.01069564506906e-07 -4.83266660467052e-07 -4.65463728005489e-07 -4.47660823965634e-07 -4.30363201076034e-07
-2.38762766002765e-07 -2.41209164641987e-07 -2.41820004021065e-07 -2.41818980839525e-07 -2.41817957657986e-07 -2.41816934476446e-07 -2.41815911294907e-07 -2.41814888113367e-07 -2.41813864931828e-07 -2.43098440932954e-07 -2.48239729216948e-07 -2.53381045922652e-07 -2.58522334206646e-07 -2.63663650912349e-07 -2.68804939196343e-07 -2.73946255902047e-07 -2.79087544186041e-07 -3.00190691859825e-07 -3.26614497225819e-07 -3.53038274170103e-07 -3.79462051114388e-07 -4.05885828058672e-07 -4.32309605002956e-07 -4.58733381947241e-07 -4.81130996377033e-07 -4.91450009576511e-07 -5.01769022775989e-07 -5.12088092818885e-07 -5.22407106018363e-07 -5.32726119217841e-07 -5.43045189260738e-07 -5.53364202460216e-07 -5.43522958196263e-07 -5.26961684954586e-07 -5.10400354869489e-07 -4.93839081627812e-07 -4.77277751542715e-07 -4.60716449879328e-07 -4.44155148215941e-07 -4.28058399393194e-07
-2.34568204859897e-07 -2.36011885590415e-07 -2.35733480735689e-07 -2.34881056826453e-07 -2.34028632917216e-07 -2.33176209007979e-07 -2.32323785098743e-07 -2.31471346978651e-07 -2.30618923069414e-07 -2.31253551419286e-07 -2.36349293913918e-07 -2.4144503640855e-07 -2.46540764692327e-07 -2.51636521397813e-07 -2.567322781033e-07 -2.61828006387077e-07 -2.66923763092564e-07 -2.87575204538371e-07 -3.1341190265266e-07 -3.3924860076695e-07 -3.6508529888124e-07 -3.9092199699553e-07 -4.1675869510982e-07 -4.4259539322411e-07 -4.64709074776692e-07 -4.75653678222443e-07 -4.86598310089903e-07 -4.97542885113944e-07 -5.08487516981404e-07 -5.19432148848864e-07 -5.30376723872905e-07 -5.41321355740365e-07 -5.32567753452895e-07 -5.17247997322556e-07 -5.01928298035637e-07 -4.86608598748717e-07 -4.71288871040088e-07 -4.55969171753168e-07 -4.40649472466248e-07 -4.25753626132064e-07
-2.30373615295321e-07 -2.30814592327988e-07 -2.29646971661168e-07 -2.2794313281338e-07 -2.26239308176446e-07 -2.24535469328657e-07 -2.22831644691723e-07 -2.21127805843935e-07 -2.19423981207001e-07 -2.19408647694763e-07 -2.24458844400033e-07 -2.29509026894448e-07 -2.34559209388863e-07 -2.39609391883278e-07 -2.44659588588547e-07 -2.49709785293817e-07 -2.54759953577377e-07 -2.74959717216916e-07 -3.00209336501212e-07 -3.25458955785507e-07 -3.50708546648093e-07 -3.75958165932389e-07 -4.01207785216684e-07 -4.26457404500979e-07 -4.48287153176352e-07 -4.59857346868375e-07 -4.71427540560398e-07 -4.82997734252422e-07 -4.94567927944445e-07 -5.06138121636468e-07 -5.17708315328491e-07 -5.29278509020514e-07 -5.21612491866108e-07 -5.07534366533946e-07 -4.93456241201784e-07 -4.79378115869622e-07 -4.65300018959169e-07 -4.51221893627007e-07 -4.37143768294845e-07 -4.23448824449224e-07
-2.33457200238263e-07 -2.33625186751851e-07 -2.31937093531087e-07 -2.29630302328587e-07 -2.27323525336942e-07 -2.25016734134442e-07 -2.22709942931942e-07 -2.20403165940297e-07 -2.18096374737797e-07 -2.17553093762035e-07 -2.22300286623067e-07 -2.27047479484099e-07 -2.31794672345131e-07 -2.36541865206163e-07 -2.41289058067196e-07 -2.46036250928228e-07 -2.5078344378926e-07 -2.70518768274997e-07 -2.95250146109538e-07 -3.1998152394408e-07 -3.44712873356912e-07 -3.69444251191453e-07 -3.94175629025995e-07 -4.18907006860536e-07 -4.39926992612527e-07 -4.49812830538576e-07 -4.59698640042916e-07 -4.69584477968965e-07 -4.79470315895014e-07 -4.89356125399354e-07 -4.99241991747112e-07 -5.09127801251452e-07 -5.02877128383261e-07 -4.91247590161947e-07 -4.79618108784052e-07 -4.67988570562738e-07 -4.56359060763134e-07 -4.4472952254182e-07 -4.33100012742216e-07 -4.21401523453824e-07
-2.43818931267015e-07 -2.44443640440295e-07 -2.42603846345446e-07 -2.39942551161221e-07 -2.37281284398705e-07 -2.3461998921448e-07 -2.31958708241109e-07 -2.29297413056884e-07 -2.26636132083513e-07 -2.25686861199392e-07 -2.29873620583021e-07 -2.3406037996665e-07 -2.38247139350278e-07 -2.42433912944762e-07 -2.46620686539245e-07 -2.50807431712019e-07 -2.54994205306502e-07 -2.74252357712612e-07 -2.9853433147764e-07 -3.22816305242668e-07 -3.47098279007696e-07 -3.71380252772724e-07 -3.95662226537752e-07 -4.1994420030278e-07 -4.39628564663508e-07 -4.45520072389627e-07 -4.51411608537455e-07 -4.57303144685284e-07 -4.63194652411403e-07 -4.69086188559231e-07 -4.7497769628535e-07 -4.80869232433179e-07 -4.76361691426064e-07 -4.68387753471688e-07 -4.60413843939023e-07 -4.52439934406357e-07 -4.44465996451981e-07 -4.36492086919316e-07 -4.2851817738665e-07 -4.19611751567572e-07
-2.54180662295767e-07 -2.55262108339593e-07 -2.53270627581514e-07 -2.50254828415564e-07 -2.47239029249613e-07 -2.44223258505372e-07 -2.41207459339421e-07 -2.38191674384325e-07 -2.35175875218374e-07 -2.33820628636749e-07 -2.37446954542975e-07 -2.410732804492e-07 -2.44699634777135e-07 -2.4832596068336e-07 -2.51952286589585e-07 -2.5557861249581e-07 -2.59204966823745e-07 -2.77985975571937e-07 -3.01818545267452e-07 -3.25651114962966e-07 -3.4948368465848e-07 -3.73316254353995e-07 -3.97148824049509e-07 -4.20981393745024e-07 -4.39330136714489e-07 -4.41227342662387e-07 -4.43124577031995e-07 -4.45021782979893e-07 -4.46919017349501e-07 -4.48816223297399e-07 -4.50713457667007e-07 -4.52610663614905e-07 -4.49846226047157e-07 -4.4552791678143e-07 -4.41209607515702e-07 -4.36891298249975e-07 -4.32572960562538e-07 -4.28254651296811e-07 -4.23936342031084e-07 -4.17821951259612e-07
-2.64542393324518e-07 -2.66080547817182e-07 -2.63937380395873e-07 -2.60567077248197e-07 -2.5719680252223e-07 -2.53826499374554e-07 -2.50456224648588e-07 -2.47085921500911e-07 -2.43715618353235e-07 -2.41954381863252e-07 -2.45020288502928e-07 -2.48086195142605e-07 -2.51152101782282e-07 -2.54218008421958e-07 -2.57283915061635e-07 -2.60349821701311e-07 -2.63415728340988e-07 -2.81719565009553e-07 -3.05102759057263e-07 -3.28485924683264e-07 -3.51869090309265e-07 -3.75252255935266e-07 -3.98635421561266e-07 -4.22018615608977e-07 -4.39031708765469e-07 -4.36934612935147e-07 -4.34837545526534e-07 -4.32740449696212e-07 -4.30643353865889e-07 -4.28546258035567e-07 -4.26449190626954e-07 -4.24352094796632e-07 -4.2333078908996e-07 -4.22668080091171e-07 -4.22005371092382e-07 -4.21342633671884e-07 -4.20679924673095e-07 -4.20017215674306e-07 -4.19354506675518e-07 -4.1603217937336e-07
-2.7490412435327e-07 -2.76899015716481e-07 -2.74604133210232e-07 -2.7087935450254e-07 -2.67154547373138e-07 -2.63429768665446e-07 -2.59704961536045e-07 -2.55980182828353e-07 -2.52255375698951e-07 -2.50088163511464e-07 -2.52593622462882e-07 -2.5509910983601e-07 -2.57604568787428e-07 -2.60110056160556e-07 -2.62615543533684e-07 -2.65121002485103e-07 -2.6762648985823e-07 -2.85453182868878e-07 -3.08386944425365e-07 -3.31320705981852e-07 -3.54254495960049e-07 -3.77188257516536e-07 -4.00122019073024e-07 -4.2305580905122e-07 -4.3873328081645e-07 -4.32641883207907e-07 -4.26550485599364e-07 -4.20459087990821e-07 -4.14367718803987e-07 -4.08276321195444e-07 -4.02184923586901e-07 -3.96093525978358e-07 -3.96815352132762e-07 -3.99808243400912e-07 -4.02801106247352e-07 -4.05793997515502e-07 -4.08786888783652e-07 -4.11779780051802e-07 -4.14772671319952e-07 -4.14242379065399e-07
-2.85265855382022e-07 -2.8771745519407e-07 -2.85270886024591e-07 -2.81191603335174e-07 -2.77112320645756e-07 -2.73033009534629e-07 -2.68953726845211e-07 -2.64874415734084e-07 -2.60795133044667e-07 -2.58221916737966e-07 -2.60166956422836e-07 -2.62112024529415e-07 -2.64057064214285e-07 -2.66002103899154e-07 -2.67947143584024e-07 -2.69892183268894e-07 -2.71837251375473e-07 -2.89186772306493e-07 -3.11671158215177e-07 -3.3415551570215e-07 -3.56639901610833e-07 -3.79124259097807e-07 -4.0160864500649e-07 -4.24093002493464e-07 -4.38434852867431e-07 -4.28349153480667e-07 -4.18263454093903e-07 -4.0817775470714e-07 -3.98092055320376e-07 -3.88006355933612e-07 -3.77920656546848e-07 -3.67834957160085e-07 -3.70299886753855e-07 -3.76948378288944e-07 -3.83596869824032e-07 -3.90245361359121e-07 -3.96893852894209e-07 -4.03542344429297e-07 -4.10190835964386e-07 -4.12452607179148e-07
-3.0126375349937e-07 -3.03787430766533e-07 -3.01428883631161e-07 -2.97442937835513e-07 -2.93456992039864e-07 -2.89471046244216e-07 -2.85485100448568e-07 -2.8149915465292e-07 -2.77513208857272e-07 -2.74750107109867e-07 -2.75655537507191e-07 -2.76560967904516e-07 -2.7746639830184e-07 -2.78371828699164e-07 -2.79277259096489e-07 -2.80182689493813e-07 -2.81088119891137e-07 -2.9731086215179e-07 -3.18639393981357e-07 -3.39967925810924e-07 -3.61296429218783e-07 -3.8262496104835e-07 -4.03953492877918e-07 -4.25281996285776e-07 -4.38541349012667e-07 -4.27593136009818e-07 -4.1664492300697e-07 -4.05696738425831e-07 -3.94748525422983e-07 -3.83800312420135e-07 -3.72852127838996e-07 -3.61903914836148e-07 -3.64348949233317e-07 -3.71258380482686e-07 -3.78167811732055e-07 -3.85077242981424e-07 -3.91986674230793e-07 -3.98896133901872e-07 -4.0580556515124e-07 -4.08182415867486e-07
-3.22897790283605e-07 -3.25108885590453e-07 -3.23078097608231e-07 -3.19633329581848e-07 -3.16188589977173e-07 -3.12743850372499e-07 -3.09299082346115e-07 -3.05854342741441e-07 -3.02409574715057e-07 -2.99672677783747e-07 -2.99059308872529e-07 -2.98445968383021e-07 -2.97832599471803e-07 -2.97219230560586e-07 -2.96605861649368e-07 -2.95992492738151e-07 -2.95379152248643e-07 -3.09825480826476e-07 -3.29291680145616e-07 -3.48757907886466e-07 -3.68224135627315e-07 -3.87690363368165e-07 -4.07156562687305e-07 -4.26622790428155e-07 -4.39052740830448e-07 -4.30373830795361e-07 -4.21694920760274e-07 -4.13016010725187e-07 -4.043371006901e-07 -3.95658190655013e-07 -3.86979309041635e-07 -3.78300399006548e-07 -3.7896245430602e-07 -3.82738193138721e-07 -3.86513931971422e-07 -3.90289642382413e-07 -3.94065381215114e-07 -3.97841120047815e-07 -4.01616830458806e-07 -4.01431805130414e-07
-3.4453179864613e-07 -3.46430340414372e-07 -3.44727311585302e-07 -3.41823749749892e-07 -3.38920187914482e-07 -3.36016626079072e-07 -3.33113092665371e-07 -3.30209530829961e-07 -3.27305968994551e-07 -3.24595248457626e-07 -3.22463108659576e-07 -3.20330940439817e-07 -3.18198800641767e-07 -3.16066632422007e-07 -3.13934464202248e-07 -3.11802324404198e-07 -3.09670156184438e-07 -3.22340071079452e-07 -3.39943994731584e-07 -3.57547918383716e-07 -3.75151813614139e-07 -3.9275573726627e-07 -4.10359660918402e-07 -4.27963584570534e-07 -4.39564132648229e-07 -4.33154525580903e-07 -4.26744918513577e-07 -4.20335311446252e-07 -4.13925704378926e-07 -4.075160973116e-07 -4.01106490244274e-07 -3.94696883176948e-07 -3.93575987800432e-07 -3.94218005794755e-07 -3.94860023789079e-07 -3.95502070205112e-07 -3.96144088199435e-07 -3.96786106193758e-07 -3.97428124188082e-07 -3.94681194393343e-07
-3.66165835430365e-07 -3.67751795238291e-07 -3.66376525562373e-07 -3.64014169917937e-07 -3.61651785851791e-07 -3.59289430207355e-07 -3.56927074562918e-07 -3.54564718918482e-07 -3.52202363274046e-07 -3.49517847553216e-07 -3.45866880024914e-07 -3.42215940918322e-07 -3.38564973390021e-07 -3.34914034283429e-07 -3.31263095176837e-07 -3.27612127648536e-07 -3.23961188541944e-07 -3.34854661332429e-07 -3.50596280895843e-07 -3.66337900459257e-07 -3.82079520022671e-07 -3.97821139586085e-07 -4.135627591495e-07 -4.29304378712914e-07 -4.4007552446601e-07 -4.35935220366446e-07 -4.31794916266881e-07 -4.27654583745607e-07 -4.23514279646042e-07 -4.19373975546478e-07 -4.15233671446913e-07 -4.11093338925639e-07 -4.08189521294844e-07 -4.0569781845079e-07 -4.03206144028445e-07 -4.007144696061e-07 -3.98222795183756e-07 -3.95731092339702e-07 -3.93239417917357e-07 -3.87930583656271e-07
-3.877998722146e-07 -3.89073250062211e-07 -3.88025739539444e-07 -3.86204561664272e-07 -3.843833837891e-07 -3.82562234335637e-07 -3.80741056460465e-07 -3.78919907007003e-07 -3.77098729131831e-07 -3.74440418227096e-07 -3.69270679811962e-07 -3.64100941396828e-07 -3.58931174559984e-07 -3.5376143614485e-07 -3.48591697729717e-07 -3.43421930892873e-07 -3.38252192477739e-07 -3.47369251585405e-07 -3.61248567060102e-07 -3.75127882534798e-07 -3.89007226431204e-07 -4.028865419059e-07 -4.16765857380597e-07 -4.30645172855293e-07 -4.40586916283792e-07 -4.38715915151988e-07 -4.36844885598475e-07 -4.34973884466672e-07 -4.33102883334868e-07 -4.31231853781355e-07 -4.29360852649552e-07 -4.27489823096039e-07 -4.22803026367546e-07 -4.17177659528534e-07 -4.11552264267812e-07 -4.05926869007089e-07 -4.00301473746367e-07 -3.94676106907355e-07 -3.89050711646632e-07 -3.81180001340908e-07
-4.09433880577126e-07 -4.1039470488613e-07 -4.09674925094805e-07 -4.08394981832316e-07 -4.07115010148118e-07 -4.0583503846392e-07 -4.04555066779722e-07 -4.03275095095523e-07 -4.01995123411325e-07 -3.99363017322685e-07 -3.926744511773e-07 -3.85985913453624e-07 -3.79297375729948e-07 -3.72608838006272e-07 -3.65920300282596e-07 -3.5923176255892e-07 -3.52543224835244e-07 -3.59883841838382e-07 -3.71900853224361e-07 -3.83917893032049e-07 -3.95934904418027e-07 -4.07951944225715e-07 -4.19968955611694e-07 -4.31985966997672e-07 -4.41098308101573e-07 -4.41496609937531e-07 -4.41894883351779e-07 -4.42293185187737e-07 -4.42691458601985e-07 -4.43089732016233e-07 -4.43488033852191e-07 -4.43886307266439e-07 -4.37416559861958e-07 -4.28657472184568e-07 -4.19898384507178e-07 -4.11139268408078e-07 -4.02380180730688e-07 -3.93621093053298e-07 -3.84862005375908e-07 -3.74429390603837e-07
