data/working_set_collections/6091692-Cassins_Sparrow-MC/1985/bio19.asc
NCOLS 265 
NROWS 230 
XLLCORNER -115.5625 
YLLCORNER 24.8333333333333 
CELLSIZE 0.0833333333333333 
NODATA_value -9999 
[rows 20 to 39 of 230, columns 46 to 91 of 265]
134.363468488057 137.177206569248 139.990944650438 142.804682731628 145.618420812819 148.432158894009 149.161186599732 149.195310846965 149.229435094198 149.263559341431 149.297683588665 149.331807835898 149.365932083131 148.241175270083 143.639775276186 139.038375282289 134.436975288393 129.835575294496 125.2341753006 120.632775306704 116.031375312807 111.758651892346 107.595487329697 103.432322767047 99.2691582043981 95.1059936417492 90.9428290790995 86.7796645164505 83.0178567780403 80.4601195123471 77.9023822466544 75.3446449809617 72.7869077152686 70.2291704495758 67.6714331838831 65.11369591819 65.0238322575891 65.7565931320194 66.4893540064498 67.2221148808801 67.9548757553104 68.6876366297408 69.4203975041711 69.386683898503 67.0535468525364 64.7204098065702
130.979439989726 133.888916630215 136.798393270705 139.707869911194 142.617346551683 145.526823192173 145.762646102906 145.10725110372 144.451856104534 143.796461105347 143.141066106161 142.485671106975 141.830276107789 140.252677726748 135.908469200136 131.564260673525 127.220052146913 122.875843620302 118.53163509369 114.187426567079 109.843218040468 105.655192788443 101.519228627948 97.3832644674525 93.2473003069574 89.1113361464623 84.9753719859664 80.8394078254714 77.1746853616514 74.9236879878583 72.6726906140655 70.4216932402727 68.1706958664796 65.9196984926868 63.6687011188941 61.4177037451009 61.400338427226 62.127517127991 62.854695828756 63.581874529521 64.3090532302859 65.036231931051 65.7634106318159 65.8148591465429 63.8391171031534 61.8633750597643
127.595411491394 130.600626691182 133.605841890971 136.611057090759 139.616272290547 142.621487490336 142.36410560608 141.019191360475 139.674277114869 138.329362869264 136.984448623659 135.639534378053 134.294620132448 132.264180183413 128.177163124086 124.09014606476 120.003129005434 115.916111946108 111.829094886782 107.742077827456 103.655060768129 99.5517336845415 95.4429699262003 91.3342061678584 87.2254424095171 83.1166786511759 79.0079148928339 74.8991511344927 71.3315139452631 69.3872564633699 67.4429989814771 65.4987414995842 63.554484017691 61.6102265357982 59.6659690539053 57.7217115720122 57.7768445968633 58.4984411239629 59.2200376510626 59.9416341781621 60.6632307052617 61.3848272323614 62.106423759461 62.2430343945831 60.6246873537707 59.0063403129585
124.211382993062 127.31233675215 130.413290511237 133.514244270325 136.615198029412 139.7161517885 138.965565109254 136.931131617229 134.896698125204 132.86226463318 130.827831141155 128.79339764913 126.758964157106 124.275682640078 120.445857048036 116.616031455995 112.786205863955 108.956380271913 105.126554679872 101.296729087831 97.4669034957899 93.4482745806392 89.3667112244518 85.2851478682637 81.2035845120763 77.122021155889 73.0404577997009 68.9588944435135 65.4883425288742 63.850824938881 62.2133073488882 60.5757897588953 58.9382721689021 57.3007545789092 55.6632369889163 54.0257193989231 54.1533507665002 54.8693651199344 55.5853794733688 56.301393826803 57.0174081802372 57.7334225336715 58.4494368871057 58.671209642623 57.4102576043877 56.1493055661526
121.878423500061 124.750135146247 127.621846792433 130.493558438619 133.365270084805 136.236981730991 135.220613606772 132.908218892416 130.595824178061 128.283429463705 125.97103474935 123.658640034994 121.346245320639 118.653158569337 114.817995707195 110.982832845053 107.147669982911 103.312507120769 99.4773442586275 95.6421813964858 91.8070185343435 87.8778211911532 83.9172790209467 79.9567368507395 75.996194680533 72.0356525103265 68.0751103401193 64.1145681699128 60.7936098522617 59.3914030922789 57.9891963322963 56.5869895723138 55.184782812331 53.7825760523484 52.3803692923658 50.978162532383 51.1707242647808 51.8948754946392 52.6190267244977 53.343177954356 54.0673291842144 54.7914804140729 55.5156316439312 55.904357030657 55.2868048879837 54.6692527453106
120.59653301239 122.914021873474 125.231510734558 127.548999595642 129.866488456726 132.18397731781 131.129251098634 128.950453186036 126.771655273438 124.592857360841 122.414059448243 120.235261535645 118.056463623048 115.396607971193 111.293579101564 107.190550231935 103.087521362306 98.984492492677 94.8814636230484 90.7784347534197 86.6754058837904 82.8403735160843 79.0946733156857 75.3489731152865 71.6032729148879 67.8575727144893 64.11187251409 60.3661723136915 57.2473159154265 56.0089909235644 54.7706659317024 53.5323409398405 52.2940159479783 51.0556909561164 49.8173659642545 48.5790409723923 48.8289650917056 49.5749722480776 50.3209794044498 51.0669865608218 51.8129937171938 52.559000873566 53.305008029938 53.9424765586856 54.2543292045595 54.5661818504333
119.314642524719 121.077908600701 122.841174676683 124.604440752665 126.367706828647 128.13097290463 127.037888590496 124.992687479656 122.947486368816 120.902285257976 118.857084147136 116.811883036296 114.766681925457 112.140057373048 107.769162495932 103.398267618816 99.0273727417008 94.6564778645844 90.2855829874688 85.9146881103533 81.5437932332369 77.8029258410149 74.2720676104243 70.741209379833 67.2103511492424 63.6794929186517 60.1486346880605 56.6177764574698 53.701021978591 52.6265787548495 51.5521355311082 50.4776923073669 49.4032490836255 48.3288058598842 47.2543626361429 46.1799194124014 46.4872059186302 47.2550690015159 48.0229320844017 48.7907951672874 49.5586582501731 50.3265213330589 51.0943844159446 51.980596086714 53.2218535211351 54.463110955556
118.032752037048 119.241795327928 120.450838618808 121.659881909688 122.868925200568 124.077968491449 122.946526082358 121.034921773276 119.123317464193 117.211713155111 115.300108846029 113.388504536947 111.476900227865 108.883506774904 104.2447458903 99.6059850056978 94.9672241210953 90.3284632364919 85.6897023518893 81.0509414672868 76.4121805826834 72.7654781659456 69.4494619051628 66.1334456443796 62.8174293835969 59.5014131228141 56.1853968620309 52.8693806012482 50.1547280417554 49.2441665861347 48.333605130514 47.4230436748934 46.5124822192726 45.601920763652 44.6913593080314 43.7807978524106 44.1454467455547 44.9351657549541 45.7248847643536 46.514603773753 47.3043227831523 48.0940417925518 48.8837608019512 50.0187156147424 52.1893778377108 54.3600400606788
116.750861549378 117.405682055156 118.060502560934 118.715323066712 119.37014357249 120.024964078268 118.85516357422 117.077156066896 115.299148559571 113.521141052247 111.743133544923 109.965126037598 108.187118530274 105.626956176759 100.720329284669 95.8137023925796 90.9070755004901 86.0004486083997 81.0938217163102 76.1871948242207 71.2805679321303 67.7280304908766 64.6268561999018 61.5256819089265 58.4245076179517 55.3233333269769 52.2221590360016 49.1209847450268 46.6084341049202 45.8617544174201 45.1150747299201 44.3683950424201 43.62171535492 42.87503566742 42.12835597992 41.3816762924199 41.8036875724795 42.6152625083925 43.4268374443057 44.2384123802188 45.0499873161318 45.861562252045 46.673137187958 48.056835142771 51.1569021542865 54.2569691658015
115.468971061707 115.569568782383 115.670166503059 115.770764223735 115.871361944411 115.971959665087 114.763801066082 113.119390360515 111.474979654949 109.830568949382 108.186158243816 106.541747538249 104.897336832683 102.370405578615 97.1959126790375 92.0214197794611 86.8469268798846 81.6724339803072 76.4979410807307 71.3234481811542 66.1489552815768 62.6905828158073 59.8042504946404 56.9179181734731 54.0315858523062 51.1452535311394 48.258921209972 45.3725888888051 43.0621401680847 42.4793422487052 41.8965443293259 41.3137464099466 40.7309484905672 40.1481505711878 39.5653526518085 38.9825547324291 39.4619283994041 40.2953592618308 41.1287901242576 41.9622209866844 42.795651849111 43.6290827115379 44.4625135739646 46.0949546707995 50.1244264708622 54.1538982709242
114.645682144165 114.365305625068 114.084929105971 113.804552586874 113.524176067776 113.243799548679 112.14801197052 110.780420706008 109.412829441495 108.045238176982 106.677646912469 105.310055647956 103.942464383443 101.595152918499 96.3086808522546 91.0222087860114 85.7357367197682 80.4492646535242 75.162792587281 69.8763205210378 64.5898484547937 61.1537083625796 58.3343455950423 55.5149828275046 52.6956200599673 49.8762572924301 47.0568945248923 44.2375317573551 41.9912728733486 41.4643256399366 40.9373784065246 40.4104311731126 39.8834839397006 39.3565367062886 38.8295894728766 38.3026422394646 38.8348930676775 39.7202099164324 40.6055267651873 41.4908436139422 42.376160462697 43.261477311452 44.1467941602068 45.9569221390606 50.5414835082153 55.1260448773692
114.280994796753 113.792892583211 113.30479036967 112.816688156128 112.328585942587 111.840483729045 111.007796287537 110.060247103374 109.11269791921 108.165148735047 107.217599550883 106.27005036672 105.322501182556 103.301198196412 98.0586338043216 92.816069412232 87.5735050201425 82.330940628052 77.0883762359625 71.8458118438729 66.6032474517825 63.1174071311952 60.2171415011091 57.3168758710226 54.4166102409365 51.5163446108504 48.6160789807638 45.7158133506777 43.3958322207132 42.8167045911152 42.2375769615172 41.6584493319193 41.0793217023212 40.5001940727233 39.9210664431254 39.3419388135273 39.9225815773007 40.8898144721981 41.8570473670956 42.824280261993 43.7915131568904 44.758746051788 45.7259789466854 47.6427375475552 52.4080732663464 57.1734089851368
113.916307449341 113.220479541355 112.524651633369 111.828823725383 111.132995817397 110.437167909411 109.867580604553 109.340073500739 108.812566396925 108.285059293111 107.757552189297 107.230045085483 106.702537981669 105.007243474325 99.8085867563887 94.6099300384528 89.4112733205169 84.2126166025801 79.0139598846442 73.8153031667083 68.6166464487715 65.081105899811 62.0999374071761 59.1187689145407 56.1376004219058 53.1564319292709 50.1752634366355 47.1940949440005 44.8003915680779 44.1690835422939 43.5377755165099 42.906467490726 42.275159464942 41.6438514391581 41.0125434133741 40.3812353875901 41.0102700869239 42.0594190279639 43.108567969004 44.157716910044 45.206865851084 46.2560147921241 47.3051637331641 49.3285529560499 54.2746630244777 59.2207730929045
113.551620101929 112.648066499498 111.744512897068 110.840959294637 109.937405692207 109.033852089776 108.72736492157 108.619899898105 108.512434874641 108.404969851176 108.297504827711 108.190039804247 108.082574780782 106.713288752239 101.558539708456 96.4037906646735 91.2490416208913 86.0942925771081 80.9395435333259 75.7847944895436 70.6300454457605 67.0448046684268 63.9827333132431 60.9206619580588 57.8585906028751 54.7965192476914 51.7344478925071 48.6723765373234 46.2049509154426 45.5214624934726 44.8379740715027 44.1544856495328 43.4709972275627 42.7875088055928 42.1040203836229 41.4205319616529 42.0979585965471 43.2290235837297 44.3600885709124 45.491153558095 46.6222185452775 47.7532835324602 48.8843485196428 51.0143683645447 56.1412527826089 61.2681372006723
113.186932754517 112.075653457642 110.964374160767 109.853094863892 108.741815567017 107.630536270142 107.587149238587 107.899726295471 108.212303352356 108.524880409241 108.837457466125 109.15003452301 109.462611579895 108.419334030152 103.308492660523 98.1976512908941 93.0868099212655 87.975968551636 82.8651271820074 77.7542858123788 72.6434444427493 69.0085034370424 65.8655292193099 62.7225550015768 59.5795807838442 56.4366065661117 53.2936323483786 50.150658130646 47.6095102628071 46.8738414446511 46.1381726264953 45.4025038083394 44.6668349901834 43.9311661720275 43.1954973538716 42.4598285357157 43.1856471061703 44.3986281394954 45.6116091728207 46.8245902061458 48.0375712394709 49.2505522727962 50.4635333061214 52.7001837730393 58.00784254074 63.3155013084399
112.822245407105 111.503240415785 110.184235424466 108.865230433147 107.546225441827 106.227220450508 106.446933555603 107.179552692837 107.912171830071 108.644790967305 109.377410104539 110.110029241774 110.842648379008 110.125379308066 105.05844561259 99.9915119171149 94.9245782216399 89.857644526164 84.7907108306891 79.7237771352141 74.6568434397383 70.9722022056582 67.7483251253769 64.5244480450949 61.3005709648135 58.0766938845322 54.8528168042502 51.6289397239688 49.0140696101718 48.2262203958298 47.438371181488 46.6505219671461 45.8626727528041 45.0748235384623 44.2869743241204 43.4991251097785 44.2733356157935 45.5682326952612 46.8631297747291 48.1580268541968 49.4529239336645 50.7478210131324 52.0427180926001 54.385999181534 59.8744322988713 65.3628654162077
112.713820521037 111.393908309937 110.073996098836 108.754083887736 107.434171676636 106.114259465535 106.441573143005 107.317962116665 108.194351090325 109.070740063985 109.947129037645 110.823518011305 111.699906984965 111.074438391793 105.943397098118 100.812355804444 95.6813145107705 90.5502732170959 85.4192319234222 80.2881906297484 75.1571493360738 71.4880160331733 68.3061853938641 65.1243547545543 61.9425241152451 58.760693475936 55.5788628366262 52.397032197317 49.8445027351381 49.1798768043518 48.5152508735657 47.8506249427796 47.1859990119933 46.5213730812072 45.8567471504211 45.1921212196348 46.0566543261205 47.4309071116971 48.805159897274 50.1794126828506 51.5536654684272 52.9279182540041 54.3021710395807 56.7116090244701 62.2266026073022 67.7415961901334
112.861658096314 111.747657140096 110.633656183879 109.519655227661 108.405654271444 107.291653315226 107.571068000793 108.314954566955 109.058841133117 109.80272769928 110.546614265442 111.290500831604 112.034387397766 111.266511281333 105.963347117107 100.660182952882 95.3570187886569 90.053854624431 84.7506904602061 79.4475262959812 74.1443621317553 70.5559449195869 67.5391100247709 64.5222751299545 61.5054402351385 58.4886053403226 55.4717704455061 52.4549355506902 50.1008096377055 49.7348106702168 49.3688117027282 49.0028127352396 48.6368137677509 48.2708148002622 47.9048158327736 47.5388168652849 48.5356032371514 49.9866513888034 51.4376995404555 52.8887476921074 54.3397958437594 55.7908439954115 57.2418921470635 59.6770133018476 65.0643534660328 70.4516936302171
113.00949567159 112.101405970256 111.193316268921 110.285226567586 109.377136866252 108.469047164917 108.700562858581 109.311947017246 109.92333117591 110.534715334574 111.146099493238 111.757483651903 112.368867810567 111.458584170873 105.983297136095 100.508010101319 95.0327230665432 89.5574360317661 84.08214899699 78.6068619622138 73.1315749274368 69.6238738060004 66.7720346556777 63.9201955053545 61.0683563550319 58.2165172047092 55.3646780543861 52.5128389040634 50.357116540273 50.2897445360819 50.2223725318908 50.1550005276996 50.0876285235085 50.0202565193174 49.9528845151263 49.8855125109351 51.0145521481826 52.5423956659098 54.0702391836373 55.5980827013645 57.1259262190917 58.6537697368192 60.1816132545464 62.6424175792254 67.9021043247637 73.1617910703011
113.157333246867 112.455154800415 111.752976353963 111.050797907511 110.34861946106 109.646441014608 109.830057716369 110.308939467536 110.787821218702 111.266702969869 111.745584721035 112.224466472202 112.703348223368 111.650657060412 106.003247155084 100.355837249757 94.7084273444295 89.0610174391012 83.4136075337738 77.7661976284465 72.1187877231182 68.6918026924139 66.0049592865845 63.3181158807546 60.6312724749252 57.9444290690958 55.257585663266 52.5707422574366 50.6134234428405 50.8446784019469 51.0759333610533 51.3071883201597 51.5384432792662 51.7696982383726 52.000953197479 52.2322081565854 53.4935010592137 55.0981399430162 56.702778826819 58.3074177106216 59.9120565944241 61.5166954782269 63.1213343620294 65.6078218566032 70.7398551834945 75.871888510385
