data/working_set_collections/6091692-Cassins_Sparrow-MC/1985/bio17.asc
NCOLS 265 
NROWS 230 
XLLCORNER -115.5625 
YLLCORNER 24.8333333333333 
CELLSIZE 0.0833333333333333 
NODATA_value -9999 
[rows 100 to 119 of 230, columns 184 to 229 of 265]
56.3830326080319 57.5028680165605 58.6227034250891 60.2992717742915 62.1614177703852 64.0235637664788 65.8857097625728 67.7478557586664 69.6100017547601 71.472147750854 73.4096626281732 75.5732841491692 77.7369056701655 79.9005271911615 82.0641487121574 84.2277702331537 86.3913917541497 88.5550132751457 90.3249145507808 91.9635757446283 93.6022369384759 95.2408981323238 96.8795593261713 98.5182205200189 100.156881713867 102.178626569111 105.349622408548 108.520618247985 111.691614087422 114.862609926858 118.033605766296 121.204601605732 124.375597445169 128.357757949828 132.610306676228 136.862855402627 141.115404129027 145.367952855427 149.620501581826 153.873050308226 158.092336527505 162.211835225422 166.331333923339 170.450832621255 174.570331319172 178.689830017089
57.259775416056 58.3396341535776 59.4194928910993 61.0833515167232 62.9418767717144 64.8004020267056 66.6589272816972 68.5174525366884 70.3759777916796 72.2345030466711 74.1817675272617 76.395249684651 78.6087318420405 80.8222139994297 83.0356961568189 85.2491783142085 87.4626604715976 89.6761426289868 91.4396280924475 93.0531146579313 94.6666012234152 96.2800877888993 97.8935743543832 99.507060919867 101.120547485351 103.142261441548 106.388657569884 109.635053698221 112.881449826558 116.127845954894 119.374242083231 122.620638211567 125.867034339904 129.913282394408 134.226147757635 138.539013120862 142.851878484089 147.164743847316 151.477609210543 155.79047457377 160.065499369302 164.22700246175 168.388505554198 172.550008646646 176.711511739094 180.873014831542
57.801718743642 58.8407177925107 59.8797168413795 61.5250656127926 63.3725309583872 65.2199963039817 67.0674616495765 68.914926995171 70.7623923407655 72.6098576863604 74.5666420618688 76.8513835271193 79.1361249923702 81.4208664576207 83.7056079228712 85.9903493881221 88.2750908533726 90.5598323186231 92.3427485148108 93.9583896213103 95.5740307278098 97.1896718343095 98.805312940809 100.420954047308 102.036595153808 104.072237714131 107.367884635924 110.663531557718 113.959178479512 117.254825401305 120.550472323099 123.846119244893 127.141766166686 131.25338490804 135.636994255912 140.020603603786 144.404212951659 148.787822299532 153.171431647405 157.555040995279 161.903319464788 166.145605299206 170.387891133625 174.630176968044 178.872462802462 183.114748636881
58.0088625907896 59.0061189333595 60.0033752759295 61.6244140624997 63.4533803304032 65.2823465983068 67.1113128662106 68.9402791341142 70.7692454020177 72.5982116699216 74.5642862319941 76.941685676574 79.3190851211543 81.6964845657343 84.0738840103142 86.4512834548945 88.8286828994745 91.2060823440544 93.0342758178707 94.6794006347651 96.3245254516596 97.9696502685543 99.6147750854487 101.259899902343 102.905024719238 104.96855538686 108.287303606668 111.606051826476 114.924800046284 118.243548266092 121.5622964859 124.881044705708 128.199792925516 132.378065490722 136.84284617106 141.307626851398 145.772407531737 150.237188212076 154.701968892414 159.166749572753 163.605796813964 167.967643737791 172.32949066162 176.691337585448 181.053184509276 185.415031433104
58.2160064379372 59.1715200742083 60.1270337104795 61.7237625122067 63.5342297024193 65.3446968926318 67.1551640828447 68.9656312730573 70.7760984632699 72.5865656534828 74.5619304021194 77.0319878260288 79.5020452499385 81.9721026738479 84.4421600977572 86.912217521667 89.3822749455763 91.8523323694857 93.7258031209306 95.40041164822 97.0750201755094 98.7496287027991 100.424237230088 102.098845757378 103.773454284668 105.86487305959 109.206722577412 112.548572095234 115.890421613057 119.232271130879 122.574120648701 125.915970166523 129.257819684345 133.502746073404 138.048698086208 142.594650099011 147.140602111815 151.686554124619 156.232506137423 160.778458150227 165.308274163139 169.789682176377 174.271090189615 178.752498202852 183.23390621609 187.715314229328
58.4231502850849 59.3369212150571 60.2506921450294 61.8231109619137 63.6150790744353 65.407047186957 67.1990152994789 68.9909834120005 70.7829515245221 72.574919637044 74.5595745722447 77.1222899754835 79.6850053787227 82.2477207819615 84.8104361852002 87.3731515884395 89.9358669916782 92.498582394917 94.4173304239905 96.1214226616749 97.8255148993592 99.5296071370439 101.233699374728 102.937791612413 104.641883850097 106.761190732319 110.126141548156 113.491092363993 116.856043179829 120.220993995665 123.585944811502 126.950895627339 130.315846443175 134.627426656086 139.254550001355 143.881673346624 148.508796691894 153.135920037162 157.763043382431 162.390166727701 167.010751512314 171.611720614962 176.21268971761 180.813658820257 185.414627922904 190.015597025552
58.6302941322325 59.502322355906 60.3743505795794 61.9224594116208 63.6959284464514 65.469397481282 67.242866516113 69.0163355509436 70.7898045857742 72.5632736206052 74.55721874237 77.2125921249382 79.8679655075068 82.523338890075 85.1787122726432 87.8340856552119 90.48945903778 93.1448324203483 95.1088577270504 96.8424336751297 98.576009623209 100.309585571289 102.043161519368 103.776737467447 105.510313415527 107.657508405049 111.045560518899 114.433612632751 117.821664746601 121.209716860452 124.597768974303 127.985821088154 131.373873202005 135.752107238769 140.460401916503 145.168696594237 149.876991271972 154.585285949706 159.29358062744 164.001875305175 168.71322886149 173.433759053547 178.154289245604 182.874819437661 187.595349629718 192.315879821776
58.8374379793801 59.6677234967548 60.4980090141294 62.0218078613278 63.7767778184675 65.5317477756071 67.2867177327471 69.0416876898867 70.7966576470264 72.5516276041664 74.5548629124953 77.3028942743929 80.050925636291 82.7989569981886 85.5469883600862 88.2950197219843 91.043051083882 93.7910824457796 95.8003850301103 97.5634446885846 99.3265043470589 101.089564005533 102.852623664008 104.615683322482 106.378742980957 108.553826077778 111.964979489643 115.376132901509 118.787286313374 122.198439725239 125.609593137105 129.02074654897 132.431899960835 136.876787821451 141.66625383165 146.45571984185 151.24518585205 156.034651862249 160.824117872449 165.613583882649 170.415706210665 175.255797492132 180.095888773599 184.935980055066 189.776071336533 194.616162618
58.7147939046223 59.5323465135361 60.3498991224499 61.8749922752378 63.6359322759837 65.3968722767295 67.1578122774757 68.9187522782216 70.6796922789675 72.4406322797137 74.4698081122498 77.3036914401576 80.1375747680659 82.9714580959737 85.8053414238816 88.6392247517899 91.4731080796977 94.3069914076055 96.3389298121131 98.1035532421531 99.8681766721932 101.632800102234 103.397423532274 105.162046962314 106.926670392354 109.111555078294 112.557223531934 116.002891985575 119.448560439215 122.894228892855 126.339897346496 129.785565800136 133.231234253776 137.752583312987 142.632492574055 147.512401835122 152.39231109619 157.272220357258 162.152129618325 167.032038879394 171.905678515963 176.760509279038 181.615340042113 186.470170805188 191.325001568263 196.179832331339
58.2623619079589 59.0961914062499 59.9300209045408 61.4820126533506 63.2733918189999 65.0647709846492 66.8561501502988 68.6475293159481 70.4389084815974 72.230287647247 74.3020543416335 77.2149836222323 80.1279129028315 83.0408421834303 85.9537714640291 88.8667007446284 91.7796300252272 94.6925593058259 96.7244920730587 98.4627593358353 100.201026598612 101.939293861389 103.677561124165 105.415828386942 107.154095649719 109.330695406595 112.822292645771 116.313889884948 119.805487124124 123.297084363301 126.788681602477 130.280278841654 133.77187608083 138.379493713378 143.359118143716 148.338742574054 153.318367004394 158.297991434732 163.27761586507 168.257240295409 173.183145777383 177.947894414264 182.712643051146 187.477391688028 192.242140324909 197.006888961791
57.8099299112955 58.6600362989636 59.5101426866318 61.0890330314634 62.9108513620161 64.7326696925688 66.5544880231219 68.3763063536746 70.1981246842274 72.0199430147804 74.1343005710171 77.1262758043069 80.1182510375971 83.1102262708869 86.1022015041766 89.0941767374669 92.0861519707567 95.0781272040464 97.1100543340044 98.8219654295175 100.533876525031 102.245787620544 103.957698716057 105.66960981157 107.381520907084 109.549835734896 113.087361759609 116.624887784321 120.162413809034 123.699939833746 127.237465858459 130.774991883171 134.312517907883 139.006404113769 144.085743713378 149.165083312987 154.244422912597 159.323762512206 164.403102111815 169.482441711425 174.460613038804 179.135279549491 183.80994606018 188.484612570867 193.159279081555 197.833945592244
57.3574979146321 58.2238811916774 59.0902644687227 60.6960534095761 62.5483109050323 64.4005684004885 66.252825895945 68.1050833914011 69.9573408868573 71.8095983823138 73.9665468004008 77.0375679863815 80.1085891723628 83.1796103583435 86.2506315443242 89.3216527303054 92.3926739162862 95.4636951022669 97.49561659495 99.1811715231997 100.866726451449 102.552281379699 104.237836307949 105.923391236199 107.608946164449 109.768976063198 113.352430873446 116.935885683695 120.519340493943 124.102795304191 127.68625011444 131.269704924689 134.853159734937 139.633314514159 144.812369283039 149.991424051919 155.1704788208 160.34953358968 165.52858835856 170.70764312744 175.738080300224 180.322664684718 184.907249069213 189.491833453707 194.076417838201 198.661002222696
56.9050659179687 57.7877260843911 58.6703862508136 60.303073787689 62.1857704480485 64.0684671084081 65.951163768768 67.8338604291276 69.7165570894872 71.5992537498471 73.7987930297844 76.9488601684562 80.0989273071284 83.2489944458 86.3990615844717 89.549128723144 92.6991958618156 95.8492630004873 97.8811788558957 99.5403776168819 101.199576377868 102.858775138855 104.517973899841 106.177172660827 107.836371421814 109.988116391499 113.617499987283 117.246883583068 120.876267178852 124.505650774637 128.135034370422 131.764417966206 135.39380156199 140.26022491455 145.5389948527 150.817764790851 156.096534729003 161.375304667154 166.654074605304 171.932844543456 177.015547561644 181.510049819945 186.004552078246 190.499054336547 194.993556594847 199.488058853148
56.4526339213053 57.3515709771049 58.2505080329045 59.9100941658017 61.8232299910647 63.7363658163278 65.6495016415911 67.5626374668541 69.4757732921171 71.3889091173805 73.6310392591681 76.8601523505308 80.089265441894 83.3183785332566 86.5474916246193 89.7766047159825 93.0057178073451 96.2348308987078 98.2667411168413 99.8995837105641 101.532426304287 103.16526889801 104.798111491733 106.430954085455 108.063796679179 110.2072567198 113.882569101121 117.557881482442 121.233193863762 124.908506245082 128.583818626403 132.259131007723 135.934443389044 140.88713531494 146.265620422362 151.644105529784 157.022590637206 162.401075744628 167.779560852049 173.158045959472 178.293014823065 182.697434955172 187.101855087279 191.506275219386 195.910695351493 200.315115483601
56.0038488070169 56.9414335356817 57.8790182643464 59.5879352887468 61.5539630783925 63.519990868038 65.486018657684 67.4520464473296 69.4180742369752 71.3841020266211 73.6791255738992 76.9611363940759 80.2431472142531 83.5251580344298 86.8071688546065 90.0891796747837 93.3711904949604 96.6532013151371 98.6583133061724 100.23779235416 101.817271402147 103.396750450134 104.976229498121 106.555708546108 108.135187594096 110.249257935417 113.967102156744 117.684946378071 121.402790599398 125.120634820725 128.838479042053 132.556323263379 136.274167484706 141.300897598266 146.763923009235 152.226948420205 157.689973831176 163.152999242146 168.616024653115 174.079050064086 179.264027616712 183.614861594305 187.965695571899 192.316529549492 196.667363527085 201.018197504679
55.5587105751037 56.5573137601215 57.5559169451393 59.3365971565244 61.3779697100317 63.4193422635391 65.4607148170468 67.5020873705541 69.5434599240615 71.5848324775692 73.9430519739779 77.2518122990916 80.5605726242059 83.8693329493197 87.1780932744334 90.4868535995477 93.7956139246614 97.1043742497752 99.0558954238888 100.555003547668 102.054111671447 103.553219795227 105.052327919006 106.551436042785 108.050544166565 110.11412003835 113.871099154153 117.628078269958 121.385057385762 125.142036501565 128.89901561737 132.655994733174 136.412973848978 141.501511764525 147.033902613321 152.566293462116 158.098684310912 163.631075159707 169.163466008503 174.695856857299 179.928585942585 184.262329737344 188.596073532104 192.929817326863 197.263561121621 201.597304916381
55.1135723431904 56.1731939845613 57.2328156259322 59.0852590243018 61.201976341671 63.3186936590401 65.4354109764096 67.5521282937787 69.6688456111478 71.7855629285173 74.2069783740566 77.5424882041074 80.8779980341587 84.2135078642095 87.5490176942603 90.8845275243117 94.2200373543625 97.5555471844133 99.4534775416053 100.872214741177 102.290951940748 103.70968914032 105.128426339891 106.547163539462 107.965900739034 109.978982141282 113.775096151563 117.571210161844 121.367324172125 125.163438182406 128.959552192687 132.755666202968 136.551780213249 141.702125930785 147.303882217406 152.905638504027 158.507394790648 164.109151077269 169.71090736389 175.312663650512 180.593144268459 184.909797880383 189.226451492309 193.543105104233 197.859758716158 202.176412328083
54.6684341112771 55.7890742090011 56.9097143067251 58.8339208920793 61.0259829733102 63.2180450545411 65.4101071357723 67.6021692170032 69.7942312982341 71.9862933794653 74.4709047741352 77.8331641091231 81.1954234441115 84.5576827790994 87.9199421140873 91.2822014490757 94.6444607840636 98.0067201190515 99.8510596593218 101.189425934685 102.527792210049 103.866158485412 105.204524760776 106.542891036139 107.881257311503 109.843844244214 113.679093148972 117.514342053731 121.349590958488 125.184839863246 129.020088768005 132.855337672763 136.69058657752 141.902740097045 147.573861821491 153.244983545937 158.916105270385 164.587226994831 170.258348719277 175.929470443725 181.257702594332 185.557266023423 189.856829452514 194.156392881604 198.455956310695 202.755519739786
54.2232958793639 55.404954433441 56.586612987518 58.5825827598568 60.8499896049495 63.1173964500421 65.3848032951351 67.6522101402278 69.9196169853204 72.1870238304134 74.7348311742139 78.1238400141388 81.5128488540643 84.9018576939892 88.2908665339142 91.6798753738397 95.0688842137646 98.4578930536896 100.248641777038 101.506637128194 102.764632479349 104.022627830505 105.280623181661 106.538618532816 107.796613883972 109.708706347147 113.583090146382 117.457473945617 121.331857744852 125.206241544087 129.080625343322 132.955009142557 136.829392941792 142.103354263305 147.843841425576 153.584328587848 159.324815750121 165.065302912393 170.805790074665 176.546277236937 181.922260920206 186.204734166462 190.487207412719 194.769680658975 199.052153905231 203.334627151488
53.7781576474506 55.0208346578808 56.2635116683109 58.3312446276343 60.6739962365887 63.0167478455431 65.3594994544979 67.7022510634523 70.0450026724067 72.3877542813615 74.9987575742925 78.4145159191545 81.8302742640171 85.2460326088791 88.6617909537411 92.0775492986037 95.4933076434657 98.9090659883277 100.646223894755 101.823848321702 103.00147274865 104.179097175598 105.356721602546 106.534346029493 107.711970456441 109.573568450079 113.487087143791 117.400605837503 121.314124531215 125.227643224927 129.141161918639 133.054680612351 136.968199306063 142.303968429564 148.113821029662 153.923673629759 159.733526229857 165.543378829955 171.353231430052 177.16308403015 182.586819246079 186.852202309501 191.117585372924 195.382968436346 199.648351499768 203.913734563191
