data/working_set_collections/6091692-Cassins_Sparrow-MC/1985/bio14.asc
NCOLS 265 
NROWS 230 
XLLCORNER -115.5625 
YLLCORNER 24.8333333333333 
CELLSIZE 0.0833333333333333 
NODATA_value -9999 
[rows 180 to 199 of 230, columns 138 to 183 of 265]
1.20666430128946 1.20883426268896 1.21100422408846 1.21317418548796 1.39229365289208 1.63039628896443 1.86849892503679 2.10660156110919 2.34470419718155 2.58280683325391 2.82090946932631 3.13161700301689 3.66013922956241 4.18866145610803 4.71718368265355 5.24570590919907 5.77422813574468 6.3027503622902 6.83127258883572 7.39831725756323 7.97820274035128 8.55808822313934 9.1379737059275 9.71785918871555 10.2977446715036 10.8776301542918 11.2644786225426 11.0722160471812 10.8799534718197 10.6876908964582 10.4954283210968 10.3031657457353 10.1109031703738 9.91864059501238 10.2677517175674 10.7973207394282 11.3268897612889 11.8564587831497 12.3860278050104 12.9155968268712 13.445165848732 14.0484725077946 14.8729920784631 15.6975116491317 16.5220312198002 17.3465507904687
1.18707608779272 1.19163202047348 1.19618795315425 1.20074388583501 1.37616155445572 1.60853313505645 1.84090471565717 2.07327629625794 2.30564787685866 2.53801945745939 2.77039103806016 3.07012148698161 3.57192854086545 4.07373559474938 4.57554264863323 5.07734970251708 5.57915675640101 6.08096381028486 6.5827708641687 7.12922673225398 7.69056553840629 8.25190434455861 8.81324315071102 9.37458195686333 9.93592076301565 10.4972595691681 10.8702278216681 10.6780844132107 10.4859410047532 10.2937975962958 10.1016541878384 9.9095107793809 9.71736737092347 9.52522396246605 9.87379901409147 10.4026135524113 10.9314280907312 11.4602426290512 11.9890571673711 12.5178717056909 13.0466862440109 13.6454543352126 14.45408308506 15.2627118349075 16.0713405847548 16.8799693346022
1.16748787429598 1.17442977825801 1.18137168222004 1.18831358618206 1.36002945601937 1.58666998114846 1.81331050627755 2.03995103140669 2.26659155653578 2.49323208166488 2.71987260679401 3.00862597094632 3.48371785216849 3.95880973339074 4.43390161461292 4.90899349583509 5.38408537705734 5.85917725827951 6.33426913950168 6.86013620694473 7.4029283364613 7.94572046597788 8.48851259549454 9.03130472501111 9.57409685452769 10.1168889840444 10.4759770207936 10.2839527792402 10.0919285376868 9.89990429613335 9.70788005457995 9.51585581302652 9.32383157147311 9.13180732991971 9.4798463106155 10.0079063653945 10.5359664201736 11.0640264749527 11.5920865297317 12.1201465845107 12.6482066392898 13.2424361626306 14.0351740916568 14.8279120206832 15.6206499497095 16.4133878787357
1.14789966079924 1.15722753604253 1.16655541128583 1.17588328652912 1.34389735758301 1.56480682724047 1.78571629689794 2.00662576655544 2.2275352362129 2.44844470587036 2.66935417552786 2.94713045491104 3.39550716347154 3.84388387203211 4.29226058059261 4.74063728915311 5.18901399771369 5.63739070627419 6.08576741483469 6.5910456816355 7.11529113451634 7.63953658739717 8.16378204027809 8.68802749315893 9.21227294603976 9.73651839892068 10.0817262199191 9.88982114526974 9.69791607062033 9.50601099597095 9.31410592132158 9.12220084667217 8.93029577202279 8.73839069737342 9.08589360713958 9.61319917837775 10.1405047496159 10.6678103208542 11.1951158920923 11.7224214633305 12.2497270345688 12.8394179900486 13.6162650982537 14.393112206459 15.1699593146641 15.9468064228692
1.1283114473025 1.14002529382706 1.15173914035161 1.16345298687617 1.32776525914666 1.54294367333249 1.75812208751832 1.97330050170418 2.18847891589002 2.40365733007585 2.61883574426171 2.88563493887575 3.30729647477457 3.72895801067347 4.1506195465723 4.57228108247112 4.99394261837002 5.41560415426884 5.83726569016767 6.32195515632625 6.82765393257135 7.33335270881644 7.83905148506162 8.34475026130671 8.8504490375518 9.35614781379698 9.6874754190446 9.49568951129925 9.30390360355387 9.11211769580852 8.92033178806317 8.72854588031779 8.53675997257244 8.34497406482709 8.69194090366361 9.21849199136093 9.74504307905825 10.2715941667557 10.798145254453 11.3246963421503 11.8512474298477 12.4363998174666 13.1973561048506 13.9583123922347 14.7192686796187 15.4802249670027
1.10872323380576 1.12282305161158 1.1369228694174 1.15102268722322 1.3116331607103 1.5210805194245 1.7305278781387 1.93997523685293 2.14942259556713 2.35886995428133 2.56831731299556 2.82413942284046 3.21908578607761 3.61403214931483 4.00897851255198 4.40392487578913 4.79887123902635 5.1938176022635 5.58876396550065 6.052864631017 6.54001673062635 7.0271688302357 7.51432092984514 8.00147302945449 8.48862512906384 8.97577722867327 9.2932246181701 9.10155787732877 8.90989113648741 8.71822439564609 8.52655765480476 8.33489091396341 8.14322417312208 7.95155743228076 8.29798820018765 8.82378480434411 9.34958140850058 9.87537801265713 10.4011746168136 10.9269712209701 11.4527678251266 12.0333816448846 12.7784471114475 13.5235125780105 14.2685780445734 15.0136435111362
1.12116909457576 1.13827654023964 1.15538398590351 1.17249143156739 1.33127740720903 1.53728955950996 1.74330171181089 1.94931386411185 2.15532601641278 2.36133816871371 2.56735032101468 2.81515841417833 3.1883543299303 3.56155024568233 3.9347461614343 4.30794207718627 4.6811379929383 5.05433390869027 5.42752982444224 5.8652238051096 6.32441714074869 6.78361047638778 7.24280381202694 7.70199714766603 8.16119048330512 8.62038381894428 8.9189443283612 8.73560635911106 8.55226838986088 8.36893042061074 8.1855924513606 8.00225448211043 7.81891651286028 7.63557854361014 7.97568169832226 8.49026522768862 9.00484875705498 9.51943228642143 10.0340158157878 10.5485993451542 11.0631828745206 11.6325104792912 12.3660703102746 13.0996301412582 13.8331899722416 14.5667498032251
1.16564902961253 1.18638575971125 1.20712248980998 1.2278592199087 1.38669799864288 1.5915707935889 1.79644358853492 2.00131638348098 2.206189178427 2.41106197337303 2.61593476831909 2.85869191288939 3.21510210633267 3.57151229977601 3.9279224932193 4.28433268666258 4.64074288010592 4.9971530735492 5.35356326699248 5.75903267860407 6.18085516293836 6.60267764727266 7.02450013160702 7.44632261594131 7.86814510027561 8.28996758460997 8.56463454961787 8.39783495664607 8.23103536367425 8.06423577070245 7.89743617773066 7.73063658475883 7.56383699178704 7.39703739881524 7.72502139806743 8.21793326139444 8.71084512472144 9.20375698804853 9.69666885137553 10.1895807147025 10.6824925780296 11.2337863206862 11.960225701332 12.6866650819778 13.4131044626235 14.1395438432692
1.21012896464929 1.23449497918287 1.25886099371644 1.28322700825001 1.44211859007672 1.64585202766784 1.84958546525896 2.05331890285011 2.25705234044123 2.46078577803234 2.6645192156235 2.90222541160045 3.24184988273505 3.5814743538697 3.92109882500429 4.26072329613888 4.60034776727353 4.93997223840812 5.27959670954272 5.65284155209854 6.03729318512804 6.42174481815754 6.8061964511871 7.1906480842166 7.57509971724609 7.95955135027566 8.21032477087453 8.06006355418108 7.90980233748761 7.75954112079416 7.60927990410071 7.45901868740724 7.30875747071379 7.15849625402034 7.47436109781261 7.94560129510025 8.41684149238789 8.88808168967561 9.35932188696325 9.8305620842509 10.3018022815386 10.8350621620813 11.5543810923893 12.2737000226974 12.9930189530054 13.7123378833134
1.25460889968605 1.28260419865448 1.3105994976229 1.33859479659132 1.49753918151056 1.70013326174677 1.90272734198299 2.10532142221923 2.30791550245544 2.51050958269165 2.7131036629279 2.94575891031151 3.26859765913742 3.59143640796338 3.91427515678928 4.23711390561519 4.55995265444115 4.88279140326706 5.20563015209296 5.54665042559302 5.89373120731773 6.24081198904243 6.5878927707672 6.9349735524919 7.28205433421661 7.62913511594137 7.85601499213123 7.72229215171613 7.588569311301 7.4548464708859 7.3211236304708 7.18740079005567 7.05367794964057 6.91995510922546 7.2237007975578 7.67326932880609 8.12283786005437 8.57240639130273 9.02197492255101 9.4715434537993 9.92111198504766 10.4363380034764 11.1485364834466 11.860734963417 12.5729334433873 13.2851319233575
1.29908883472282 1.33071341812609 1.36233800152936 1.39396258493263 1.55295977294441 1.75441449582571 1.95586921870702 2.15732394158836 2.35877866446966 2.56023338735097 2.76168811023231 2.98929240902257 3.29534543553979 3.60139846205706 3.90745148857428 4.2135045150915 4.51955754160876 4.82561056812598 5.1316635946432 5.44045929908749 5.7501692295074 6.05987915992731 6.36958909034727 6.67929902076718 6.9890089511871 7.29871888160706 7.50170521338789 7.38452074925114 7.26733628511436 7.15015182097761 7.03296735684085 6.91578289270408 6.79859842856732 6.68141396443057 6.97304049730298 7.4009373625119 7.82883422772082 8.25673109292982 8.68462795813874 9.11252482334767 9.54042168855666 10.0376138448714 10.742691874504 11.4477699041366 12.1528479337691 12.8579259634017
1.34356876975959 1.37882263759771 1.41407650543582 1.44933037327394 1.60838036437825 1.80869572990465 2.00901109543105 2.20932646095749 2.40964182648389 2.60995719201029 2.81027255753672 3.03282590773363 3.32209321194216 3.61136051615074 3.90062782035927 4.1898951245678 4.47916242877638 4.76842973298491 5.05769703719344 5.33426817258196 5.60660725169708 5.87894633081219 6.15128540992735 6.42362448904247 6.69596356815758 6.96830264727275 7.14739543464456 7.04674934678615 6.94610325892773 6.84545717106932 6.74481108321091 6.64416499535248 6.54351890749407 6.44287281963567 6.72238019704815 7.12860539621772 7.53483059538728 7.94105579455691 8.34728099372647 8.75350619289604 9.15973139206567 9.63888968626648 10.3368472655613 11.0348048448562 11.732762424151 12.4307200034458
1.385506923 1.42482904096443 1.46415115892885 1.50347327689328 1.66269143720463 1.86187494496499 2.06105845272534 2.26024196048573 2.45942546824609 2.65860897600644 2.85779248376683 3.07522624267465 3.34741075502493 3.61959526737526 3.89177977972554 4.16396429207583 4.43614880442616 4.70833331677644 4.98051782912672 5.22897101243335 5.46951375272536 5.71005649301737 5.95059923330942 6.19114197360144 6.43168471389345 6.6722274541855 6.8312443786198 6.7456838554807 6.66012333234158 6.57456280920247 6.48900228606337 6.40344176292425 6.31788123978515 6.23232071664604 6.50382436911262 6.89434941344786 7.2848744577831 7.6753995021184 8.06592454645364 8.45644959078888 8.84697463512419 9.31574849552567 10.0192688041262 10.7227891127268 11.4263094213273 12.1298297299277
1.42490329444407 1.46873262822627 1.51256196200846 1.55639129579065 1.71589299142356 1.91395214100673 2.1120112905899 2.31007044017311 2.50812958975628 2.70618873933945 2.90424788892265 3.11649341384563 3.37129806478811 3.62610271573062 3.8809073666731 4.13571201761557 4.39051666855809 4.64532131950056 4.90012597044303 5.12456781864164 5.33888873259224 5.55320964654283 5.76753056049346 5.98185147444406 6.19617238839465 6.41049330234528 6.55325204531358 6.48132427533474 6.40939650535589 6.33746873537705 6.26554096539821 6.19361319541936 6.12168542544052 6.04975765546168 6.31737301349637 6.69816941420232 7.07896581490827 7.45976221561429 7.84055861632024 8.2213550170262 8.60215141773222 9.06819027264901 9.7899564901986 10.5117227077483 11.2334889252979 11.9552551428475
1.46429966588813 1.5126362154881 1.56097276508806 1.60930931468803 1.76909454564249 1.96602933704848 2.16296412845446 2.35989891986048 2.55683371126647 2.75376850267245 2.95070329407847 3.15776058501661 3.39518537455128 3.63261016408598 3.87003495362065 4.10745974315531 4.34488453269001 4.58230932222468 4.81973411175934 5.02016462484994 5.20826371245912 5.39636280006829 5.5844618876775 5.77256097528668 5.96066006289586 6.14875915050507 6.27525971200736 6.21696469518879 6.1586696783702 6.10037466155163 6.04207964473305 5.98378462791447 5.92548961109589 5.86719459427732 6.13092165788011 6.50198941495678 6.87305717203345 7.24412492911018 7.61519268618684 7.98626044326351 8.35732820034024 8.82063204977234 9.56064417627105 10.3006563027699 11.0406684292686 11.7806805557673
1.50369603733219 1.55653980274993 1.60938356816766 1.6622273335854 1.82229609986142 2.01810653309022 2.21391696631902 2.40972739954785 2.60553783277665 2.80134826600545 2.99715869923428 3.19902775618759 3.41907268431445 3.63911761244134 3.8591625405682 4.07920746869505 4.29925239682195 4.5192973249488 4.73934225307566 4.91576143105824 5.07763869232601 5.23951595359377 5.40139321486156 5.56327047612933 5.72514773739709 5.88702499866488 5.99726737870117 5.95260511504286 5.90794285138454 5.86328058772623 5.81861832406791 5.7739560604096 5.72929379675128 5.68463153309297 5.94447030226387 6.30580941571125 6.66714852915864 7.02848764260608 7.38982675605346 7.75116586950085 8.11250498294829 8.5730738268957 9.33133186234351 10.0895898977915 10.8478479332393 11.6061059686871
1.54309240877626 1.60044339001177 1.65779437124727 1.71514535248277 1.87549765408035 2.07018372913196 2.26486980418358 2.45955587923523 2.65424195428684 2.84892802933846 3.0436141043901 3.24029492735857 3.44295999407762 3.6456250607967 3.84829012751575 4.0509551942348 4.25362026095388 4.45628532767292 4.65895039439197 4.81135823726653 4.94701367219288 5.08266910711923 5.2183245420456 5.35397997697195 5.4896354118983 5.62529084682467 5.71927504539495 5.68824553489691 5.65721602439885 5.6261865139008 5.59515700340276 5.5641274929047 5.53309798240666 5.50206847190861 5.75801894664762 6.10962941646571 6.46123988628381 6.81285035610197 7.16446082592006 7.51607129573816 7.86768176555632 8.32551560401903 9.10201954841595 9.87852349281301 10.6550274372099 11.4315313816069
1.58248878022033 1.64434697727361 1.70620517432688 1.76806337138015 1.92869920829928 2.12226092517371 2.31582264204814 2.5093843589226 2.70294607579703 2.89650779267146 3.09006950954592 3.28156209852956 3.46684730384079 3.65213250915206 3.8374177144633 4.02270291977454 4.20798812508581 4.39327333039704 4.57855853570828 4.70695504347483 4.81638865205976 4.92582226064469 5.03525586922964 5.14468947781457 5.2541230863995 5.36355669498445 5.44128271208873 5.42388595475095 5.40648919741316 5.38909244007538 5.3716956827376 5.35429892539981 5.33690216806203 5.31950541072425 5.57156759103136 5.91344941722017 6.25533124340898 6.59721306959785 6.93909489578666 7.28097672197547 7.62285854816434 8.07795738114237 8.8727072344884 9.66745708783457 10.4622069411806 11.2569567945266
1.59585376779237 1.65947042504946 1.72308708230653 1.78670373956361 1.94555413226284 2.13614910344279 2.32674407462274 2.51733904580273 2.70793401698268 2.89852898816263 3.08912395934262 3.27490709225334 3.44625471035636 3.61760232845941 3.78894994656243 3.96029756466545 4.1316451827685 4.30299280087152 4.47434041897453 4.58984871904056 4.68674391309421 4.78363910714785 4.88053430120151 4.97742949525516 5.0743246893088 5.17121988336246 5.24124081929527 5.23063898086551 5.22003714243574 5.20943530400597 5.1988334655762 5.18823162714643 5.17762978871666 5.16702795028689 5.42228902180986 5.76617106331713 6.11005310482441 6.45393514633174 6.79781718783902 7.14169922934629 7.48558127085363 7.94627209107063 8.75738924741722 9.56850640376395 10.3796235601105 11.1907407164571
1.58318737149237 1.6458137333393 1.70844009518622 1.77106645703314 1.926062425971 2.11184826393918 2.29763410190736 2.48341993987558 2.66920577784376 2.85499161581194 3.04077745378015 3.22032990852989 3.38118221362428 3.5420345187187 3.7028868238131 3.86373912890749 4.02459143400191 4.18544373909631 4.3462960441907 4.4600392639637 4.5580794552962 4.65611964662869 4.7541598379612 4.8522000292937 4.95024022062619 5.0482804119587 5.11914936701459 5.10850461324058 5.09785985946658 5.08721510569257 5.07657035191856 5.06592559814455 5.05528084437055 5.04463609059654 5.31018323898311 5.66779435475661 6.0254054705301 6.38301658630366 6.74062770207716 7.09823881785065 7.45584993362421 7.93045973380388 8.75606558720247 9.5816714406012 10.4072772939998 11.2328831473984
