data/working_set_collections/6091692-Cassins_Sparrow-MC/1985/bio13.asc
NCOLS 265 
NROWS 230 
XLLCORNER -115.5625 
YLLCORNER 24.8333333333333 
CELLSIZE 0.0833333333333333 
NODATA_value -9999 
[rows 180 to 199 of 230, columns 92 to 137 of 265]
160.040532811483 157.814743932088 155.588955052694 153.363166173299 151.137377293904 148.402331988017 145.497534539965 142.592737091912 139.68793964386 136.783142195808 133.878344747755 130.973547299703 128.01288195716 124.884612931146 121.756343905131 118.628074879117 115.499805853102 112.371536827088 109.243267801073 106.114998775058 102.93722858429 99.7429580052698 96.5486874262492 93.3544168472292 90.1601462682092 86.9658756891887 83.7716051101687 81.0371263504028 79.6820230484009 78.3269197463988 76.9718164443969 75.616713142395 74.2616098403929 72.906506538391 71.5514032363891 70.6145509719846 69.8171157201129 69.0196804682412 68.2222452163693 67.4248099644976 66.6273747126259 65.8299394607541 64.8852378845214 63.4987373352051 62.1122367858885 60.7257362365722
162.991252772013 160.608055241902 158.224857711792 155.841660181681 153.458462651571 150.633205986023 147.66059627533 144.687986564636 141.715376853943 138.74276714325 135.770157432556 132.797547721863 129.772836748759 126.591821988424 123.410807228089 120.229792467754 117.048777707418 113.867762947083 110.686748186748 107.505733426412 104.354871177674 101.214059766134 98.073248354594 94.9324369430545 91.7916255315149 88.6508141199748 85.5100027084353 82.8275142033895 81.5199944178264 80.2124746322631 78.9049548467 77.5974350611369 76.2899152755736 74.9823954900105 73.6748757044474 72.7542577743528 71.9626071294147 71.1709564844766 70.3793058395383 69.5876551946002 68.7960045496621 68.0043539047239 67.0329653422038 65.5223630269369 64.0117607116699 62.501158396403
165.941972732544 163.401366551717 160.86076037089 158.320154190064 155.779548009237 152.864079984029 149.823658010695 146.78323603736 143.742814064026 140.702392090692 137.661970117357 134.621548144023 131.532791540358 128.299031045702 125.065270551046 121.83151005639 118.597749561734 115.363989067078 112.130228572422 108.896468077766 105.772513771057 102.685161526998 99.5978092829388 96.5104570388797 93.4231047948206 90.335752550761 87.2484003067019 84.6179020563762 83.3579657872519 82.0980295181274 80.8380932490031 79.5781569798788 78.3182207107543 77.05828444163 75.7983481725058 74.893964576721 74.1080985387165 73.322232500712 72.5363664627073 71.7505004247028 70.9646343866983 70.1787683486937 69.1806927998861 67.5459887186688 65.9112846374512 64.2765805562338
168.892692693075 166.194677861531 163.496663029989 160.798648198446 158.100633366903 155.094953982035 151.98671974606 148.878485510084 145.770251274109 142.662017038134 139.553782802158 136.445548566183 133.292746331957 130.00624010298 126.719733874003 123.433227645027 120.14672141605 116.860215187073 113.573708958096 110.287202729119 107.190156364441 104.156263287863 101.122370211283 98.0884771347048 95.0545840581262 92.020690981547 88.9867979049684 86.4082899093627 85.1959371566772 83.9835844039915 82.771231651306 81.5588788986206 80.3465261459349 79.1341733932494 77.9218206405639 77.0336713790891 76.2535899480182 75.4735085169472 74.6934270858762 73.9133456548053 73.1332642237343 72.3531827926633 71.3284202575683 69.5696144104005 67.8108085632324 66.0520027160645
171.843412653605 168.987989171346 166.132565689087 163.277142206828 160.421718724569 157.325827980042 154.149781481425 150.973734982808 147.797688484192 144.621641985576 141.445595486959 138.269548988343 135.052701123556 131.713449160258 128.374197196961 125.034945233663 121.695693270365 118.356441307068 115.017189343771 111.677937380473 108.607798957825 105.627365048727 102.646931139628 99.66649723053 96.6860633214319 93.7056294123332 90.7251955032351 88.1986777623494 87.0339085261027 85.8691392898558 84.7043700536092 83.5396008173625 82.3748315811156 81.2100623448689 80.0452931086222 79.1733781814573 78.39908135732 77.6247845331826 76.8504877090452 76.0761908849079 75.3018940607705 74.5275972366331 73.4761477152507 71.5932401021324 69.7103324890137 67.8274248758953
174.794132614136 171.78130048116 168.768468348185 165.75563621521 162.742804082235 159.556701978048 156.312843216791 153.068984455533 149.825125694275 146.581266933018 143.33740817176 140.093549410502 136.812655915155 133.420658217536 130.028660519918 126.6366628223 123.244665124681 119.852667427063 116.460669729445 113.068672031827 110.025441551209 107.098466809591 104.171492067973 101.244517326355 98.3175425847376 95.3905678431194 92.4635931015017 89.9890656153361 88.8718798955282 87.7546941757201 86.6375084559123 85.5203227361044 84.4031370162963 83.2859512964884 82.1687655766805 81.3130849838255 80.5445727666218 79.776060549418 79.0075483322142 78.2390361150104 77.4705238978067 76.7020116806029 75.6238751729331 73.6168657938642 71.609856414795 69.6028470357261
178.689964082506 175.503856870863 172.31774965922 169.131642447577 165.945535235934 162.619743601481 159.247390492757 155.875037384033 152.502684275309 149.130331166585 145.757978057861 142.385624949137 138.989987903171 135.524499045478 132.059010187785 128.593521330092 125.128032472399 121.662543614706 118.197054757013 114.731565899319 111.730916659037 108.885213957893 106.039511256748 103.193808555603 100.348105854458 97.5024031533134 94.6567004521687 92.2524826897512 91.1727197435165 90.0929567972815 89.0131938510468 87.933430904812 86.8536679585771 85.7739050123423 84.6941420661076 83.8449148178096 83.0725328021575 82.3001507865055 81.5277687708532 80.7553867552012 79.9830047395491 79.2106227238969 78.1054019504122 76.0016649034289 73.8979278564451 71.7941908094618
183.530907058716 180.155658340454 176.780409622192 173.405160903931 170.029912185669 166.514952850342 162.953423309326 159.39189376831 155.830364227295 152.26883468628 148.707305145264 145.145775604248 141.584697087606 138.024971644084 134.465246200562 130.90552075704 127.345795313517 123.786069869995 120.226344426473 116.666618982951 113.724224281311 110.987606493632 108.250988705953 105.514370918274 102.777753130595 100.041135342916 97.3045175552368 94.9889289855955 93.9364280700682 92.8839271545407 91.8314262390134 90.7789253234861 89.7264244079587 88.6739234924314 87.6214225769041 86.7688676834103 85.9829614639279 85.1970552444455 84.411149024963 83.6252428054806 82.8393365859983 82.0534303665158 80.9207280476888 78.747637430827 76.5745468139648 74.4014561971029
188.371850034926 184.807459810045 181.243069585164 177.678679360284 174.114289135403 170.410162099203 166.659456125896 162.908750152588 159.158044179281 155.407338205974 151.656632232666 147.905926259359 144.179406272041 140.525444242689 136.871482213338 133.217520183988 129.563558154636 125.909596125285 122.255634095934 118.601672066583 115.717531903585 113.089999029372 110.462466155158 107.834933280945 105.207400406732 102.579867532518 99.9523346583049 97.7253752814397 96.7001363966199 95.6748975117999 94.6496586269801 93.6244197421603 92.5991808573403 91.5739419725204 90.5487030877006 89.692820549011 88.8933901256983 88.0939597023856 87.2945292790728 86.4950988557601 85.6956684324475 84.8962380091347 83.7360541449654 81.4936099582251 79.2511657714844 77.008721584744
193.212793011135 189.459261279635 185.705729548136 181.952197816637 178.198666085137 174.305371348063 170.365488942464 166.425606536865 162.485724131266 158.545841725668 154.605959320068 150.66607691447 146.774115456475 143.025916841295 139.277718226115 135.529519610935 131.781320995755 128.033122380575 124.284923765395 120.536725150214 117.710839525859 115.192391565111 112.673943604363 110.155495643616 107.637047682868 105.11859972212 102.600151761373 100.461821577284 99.4638447231714 98.4658678690589 97.4678910149465 96.4699141608341 95.4719373067216 94.4739604526092 93.4759835984969 92.6167734146114 91.8038187874684 90.9908641603254 90.1779095331824 89.3649549060394 88.5520002788964 87.7390456517533 86.5513802422417 84.2395824856229 81.9277847290038 79.615986972385
198.053735987345 194.111062749227 190.168389511108 186.22571627299 182.283043034871 178.200580596924 174.071521759033 169.942462921142 165.813404083252 161.684345245362 157.555286407471 153.42622756958 149.36882464091 145.526389439901 141.683954238892 137.841519037883 133.999083836873 130.156648635865 126.314213434856 122.471778233846 119.704147148132 117.294784100851 114.885421053568 112.476058006287 110.066694959005 107.657331911723 105.247968864441 103.198267873128 102.227553049723 101.256838226318 100.286123402913 99.3154085795083 98.3446937561032 97.3739789326983 96.4032641092934 95.540726280212 94.7142474492388 93.8877686182655 93.0612897872921 92.2348109563189 91.4083321253456 90.5818532943722 89.3667063395183 86.985555013021 84.6044036865234 82.2232523600261
202.894678963555 198.762864218818 194.63104947408 190.499234729343 186.367419984605 182.095789845785 177.777554575603 173.45931930542 169.141084035238 164.822848765056 160.504613494873 156.186378224691 151.963533825345 148.026862038507 144.090190251669 140.153518464831 136.216846677992 132.280174891154 128.343503104316 124.406831317478 121.697454770406 119.39717663659 117.096898502774 114.796620368958 112.496342235141 110.196064101325 107.895785967509 105.934714168972 104.991261376275 104.047808583577 103.10435579088 102.160902998182 101.217450205485 100.273997412787 99.3305446200899 98.4646791458127 97.6246761110092 96.7846730762056 95.9446700414019 95.1046670065984 94.2646639717948 93.4246609369911 92.1820324367949 89.7315275404191 87.281022644043 84.8305177476673
207.2486392551 202.952797105577 198.656954956055 194.361112806532 190.065270657009 185.598214085897 181.074086040921 176.549957995945 172.025829950969 167.501701905993 162.977573861016 158.45344581604 154.078940010071 150.153300921122 146.227661832174 142.302022743226 138.376383654277 134.450744565328 130.52510547638 126.599466387431 123.975579198201 121.785609308879 119.595639419555 117.405669530233 115.21569964091 113.025729751587 110.835759862264 108.964235093858 108.048045688205 107.131856282552 106.215666876898 105.299477471245 104.383288065592 103.467098659939 102.550909254286 101.677642313639 100.818682861328 99.9597234090165 99.1007639567052 98.241804504394 97.3828450520829 96.5238855997716 95.244188287523 92.7022773954604 90.1603665033974 87.6184556113349
211.11561686198 206.680861409505 202.246105957031 197.811350504558 193.376595052083 188.707853317261 183.961116154989 179.214378992717 174.467641830445 169.720904668173 164.9741675059 160.227430343628 155.715043195089 151.905706087748 148.096368980408 144.287031873068 140.477694765727 136.668357658387 132.859020551046 129.049683443705 126.538520431518 124.460082117716 122.381643803914 120.303205490112 118.22476717631 116.146328862508 114.067890548706 112.286830647786 111.397905985514 110.508981323242 109.62005666097 108.731131998698 107.842207336425 106.953282674153 106.064358011881 105.179615783691 104.296267700195 103.412919616699 102.529571533203 101.646223449707 100.762875366211 99.8795272827144 98.5531738917033 95.8978045781456 93.2424352645873 90.5870659510296
214.982594468859 210.408925713433 205.835256958008 201.261588202583 196.687919447157 191.817492548625 186.848146269057 181.878799989489 176.909453709921 171.940107430353 166.970761150784 162.001414871216 157.351146380107 153.658111254374 149.965076128642 146.27204100291 142.579005877177 138.885970751445 135.192935625713 131.49990049998 129.101461664836 127.134554926554 125.167648188273 123.200741449992 121.233834711711 119.266927973429 117.300021235148 115.609426201714 114.747766282823 113.886106363932 113.024446445041 112.16278652615 111.301126607259 110.439466688368 109.577806769477 108.681589253743 107.773852539062 106.866115824381 105.9583791097 105.050642395019 104.142905680338 103.235168965657 101.862159495884 99.0933317608307 96.3245040257772 93.5556762907242
218.849572075738 214.136990017361 209.424407958984 204.711825900608 199.999243842231 194.927131779989 189.735176383125 184.54322098626 179.351265589397 174.159310192533 168.967354795668 163.775399398804 158.987249565125 155.410516421 151.833783276876 148.257050132752 144.680316988627 141.103583844503 137.526850700379 133.950117556254 131.664402898152 129.809027735392 127.953652572631 126.098277409871 124.242902247111 122.38752708435 120.53215192159 118.932021755642 118.097626580132 117.263231404622 116.428836229112 115.594441053602 114.760045878092 113.925650702582 113.091255527072 112.183562723795 111.251437377929 110.319312032063 109.387186686197 108.455061340332 107.522935994466 106.5908106486 105.171145100064 102.288858943516 99.4065727869668 96.5242866304186
222.716549682618 217.865054321289 213.013558959961 208.162063598633 203.310568237305 198.036771011353 192.622206497193 187.207641983032 181.793077468873 176.378512954713 170.963948440552 165.549383926392 160.623352750143 157.162921587626 153.70249042511 150.242059262594 146.781628100077 143.321196937561 139.860765775045 136.400334612528 134.22734413147 132.48350054423 130.73965695699 128.995813369751 127.251969782511 125.508126195271 123.764282608032 122.25461730957 121.447486877441 120.640356445312 119.833226013183 119.026095581054 118.218965148925 117.411834716796 116.604704284668 115.685536193847 114.729022216797 113.772508239746 112.815994262695 111.859480285644 110.902966308593 109.946452331543 108.480130704244 105.484386126201 102.488641548157 99.4928969701133
226.583527289497 221.593118625217 216.602709960938 211.612301296659 206.621892632379 201.146410242717 195.509236611261 189.872062979804 184.234889348349 178.597715716893 172.960542085436 167.32336845398 162.259455935161 158.915326754252 155.571197573344 152.227068392436 148.882939211528 145.53881003062 142.194680849712 138.850551668803 136.790285364787 135.157973353068 133.525661341349 131.89334932963 130.261037317912 128.628725306193 126.996413294474 125.577212863498 124.79734717475 124.017481486002 123.237615797254 122.457750108507 121.677884419759 120.898018731011 120.118153042263 119.187509663899 118.206607055664 117.225704447428 116.244801839192 115.263899230957 114.282996622721 113.302094014485 111.789116308424 108.679913308886 105.570710309347 102.461507309808
228.428334638809 223.390434180366 218.352533721925 213.314633263483 208.276732805041 202.703534698487 196.951904042563 191.200273386638 185.448642730714 179.69701207479 173.945381418865 168.19375076294 163.093055513171 159.945166481866 156.797277450562 153.649388419258 150.501499387953 147.353610356649 144.205721325345 141.05783229404 139.122305679321 137.590899870131 136.05949406094 134.528088251749 132.996682442559 131.465276633368 129.933870824178 128.597434997558 127.845909118652 127.094383239746 126.342857360839 125.591331481933 124.839805603027 124.088279724121 123.336753845214 122.402930196126 121.408340623643 120.413751051161 119.419161478678 118.424571906195 117.429982333713 116.43539276123 114.886002265083 111.672208997939 108.458415730794 105.24462246365
228.250971730551 223.257000986736 218.263030242921 213.269059499106 208.27508875529 202.708144378663 196.950208791098 191.192273203533 185.434337615968 179.676402028403 173.918466440837 168.160530853272 163.124151484172 160.252440770467 157.380730056763 154.509019343059 151.637308629354 148.76559791565 145.893887201945 143.022176488241 141.223405075073 139.782280095418 138.341155115763 136.900030136108 135.458905156453 134.017780176798 132.576655197143 131.315283711751 130.593172709147 129.871061706543 129.148950703938 128.426839701334 127.70472869873 126.982617696126 126.260506693522 125.331797790527 124.334222920735 123.336648050944 122.339073181152 121.34149831136 120.343923441569 119.346348571777 117.770788574219 114.46127319336 111.1517578125 107.842242431641
