data/working_set_collections/6091692-Cassins_Sparrow-MC/1985/bio14.asc
NCOLS 265 
NROWS 230 
XLLCORNER -115.5625 
YLLCORNER 24.8333333333333 
CELLSIZE 0.0833333333333333 
NODATA_value -9999 
[rows 100 to 119 of 230, columns 184 to 229 of 265]
15.4099792957305 15.6348364353179 15.8596935749053 16.278307199478 16.7615063190459 17.2447054386137 17.7279045581816 18.2111036777495 18.6943027973173 19.1775019168853 19.683612680435 20.2584583759306 20.8333040714262 21.4081497669218 21.9829954624174 22.5578411579131 23.1326868534086 23.7075325489042 24.1095502376555 24.4539585908253 24.798366943995 25.1427752971648 25.4871836503345 25.8315920035043 26.1760003566741 26.6251293023425 27.3884200255073 28.1517107486723 28.9150014718371 29.6782921950019 30.4415829181669 31.2048736413317 31.9681643644965 32.5716161727903 33.1217883427935 33.6719605127968 34.2221326828001 34.7723048528033 35.3224770228065 35.8726491928098 36.4005781173704 36.8617773056028 37.3229764938352 37.7841756820676 38.2453748703 38.7065740585325
15.7820527553557 15.983142932256 16.1842331091562 16.5882201671599 17.0598395188648 17.5314588705697 18.0030782222747 18.4746975739796 18.9463169256844 19.4179362773894 19.9186398771072 20.506596220864 21.0945525646208 21.6825089083776 22.2704652521343 22.8584215958912 23.4463779396479 24.0343342834047 24.4379862944284 24.7802035278743 25.1224207613202 25.4646379947661 25.806855228212 26.1490724616579 26.4912896951039 26.9515288405946 27.7658337222202 28.580138603846 29.3944434854717 30.2087483670973 31.0230532487231 31.8373581303488 32.6516630119744 33.2822938919065 33.8517001046072 34.4211063173079 34.9905125300087 35.5599187427094 36.1293249554101 36.698731168111 37.2371056662663 37.6823850207856 38.127664375305 38.5729437298243 39.0182230843436 39.4635024388629
16.0225831985473 16.232264942593 16.4419466866386 16.8513527870177 17.3273336728413 17.8033145586648 18.2792954444884 18.755276330312 19.2312572161355 19.7072381019591 20.216940222846 20.8278060489228 21.4386718749998 22.0495377010767 22.6604035271536 23.2712693532306 23.8821351793075 24.4930010053844 24.9061232089995 25.2533308717938 25.6005385345881 25.9477461973825 26.2949538601768 26.6421615229711 26.9893691857654 27.4526012420652 28.2639064788815 29.075211715698 29.8865169525144 30.6978221893308 31.5091274261473 32.3204326629636 33.13173789978 33.7696883837381 34.3498539500765 34.9300195164149 35.5101850827534 36.0903506490918 36.6705162154302 37.2506817817687 37.8005835321213 38.2596938345166 38.7188041369119 39.1779144393072 39.6370247417024 40.0961350440978
16.1315706253051 16.3822024663289 16.6328343073526 17.0677050590514 17.5639887809752 18.060272502899 18.5565562248229 19.0528399467467 19.5491236686705 20.0454073905943 20.5785137176512 21.2220878601072 21.8656620025633 22.5092361450193 23.1528102874753 23.7963844299314 24.4399585723875 25.0835327148435 25.5139609813689 25.8733406225838 26.2327202637988 26.5920999050139 26.9514795462289 27.3108591874438 27.6702388286589 28.1283465067543 28.8826382954912 29.6369300842283 30.3912218729652 31.1455136617022 31.8998054504393 32.6540972391762 33.4083890279131 34.0337996482848 34.6162498792011 35.1987001101174 35.7811503410338 36.3636005719501 36.9460508028664 37.5285010337828 38.0910117149351 38.5937037467955 39.0963957786559 39.5990878105162 40.1017798423765 40.6044718742369
16.2405580520629 16.5321399900647 16.8237219280666 17.2840573310851 17.8006438891091 18.3172304471332 18.8338170051573 19.3504035631814 19.8669901212055 20.3835766792296 20.9400872124564 21.6163696712915 22.2926521301268 22.9689345889619 23.645217047797 24.3214995066323 24.9977819654674 25.6740644243026 26.1217987537383 26.4933503733739 26.8649019930096 27.2364536126453 27.608005232281 27.9795568519166 28.3511084715524 28.8040917714434 29.501370112101 30.1986484527586 30.8959267934161 31.5932051340736 32.2904834747313 32.9877618153888 33.6850401560463 34.2979109128315 34.8826458083257 35.4673807038199 36.0521155993142 36.6368504948084 37.2215853903027 37.806320285797 38.381439897749 38.9277136590744 39.4739874203998 40.0202611817252 40.5665349430506 41.112808704376
16.3495454788207 16.6820775138006 17.0146095487805 17.5004096031188 18.0372989972431 18.5741883913674 19.1110777854918 19.6479671796161 20.1848565737405 20.7217459678649 21.3016607072616 22.0106514824759 22.7196422576903 23.4286330329045 24.1376238081188 24.8466145833332 25.5556053585474 26.2645961337617 26.7296365261077 27.113360124164 27.4970837222203 27.8808073202768 28.2645309183331 28.6482545163894 29.0319781144459 29.4798370361326 30.1201019287107 30.7603668212889 31.400631713867 32.0408966064451 32.6811614990233 33.3214263916014 33.9616912841795 34.5620221773782 35.1490417374503 35.7360612975225 36.3230808575947 36.9101004176668 37.4971199777389 38.0841395378111 38.6718680805628 39.2617235713533 39.8515790621438 40.4414345529342 41.0312900437247 41.6211455345152
16.4585329055785 16.8320150375365 17.2054971694945 17.7167618751525 18.273954105377 18.8311463356016 19.3883385658263 19.9455307960508 20.5027230262754 21.0599152565001 21.6632342020668 22.4049332936602 23.1466323852537 23.8883314768471 24.6300305684405 25.371729660034 26.1134287516273 26.8551278432207 27.337474298477 27.733369874954 28.1292654514311 28.5251610279081 28.9210566043852 29.3169521808622 29.7128477573393 30.1555823008217 30.7388337453204 31.3220851898191 31.9053366343178 32.4885880788165 33.0718395233153 33.6550909678139 34.2383424123126 34.8261334419249 35.4154376665749 36.004741891225 36.5940461158751 37.1833503405251 37.7726545651752 38.3619587898253 38.9622962633767 39.5957334836322 40.2291707038878 40.8626079241433 41.4960451443987 42.1294823646544
16.5675203323363 16.9819525612724 17.3963847902085 17.9331141471861 18.510609213511 19.0881042798358 19.6655993461608 20.2430944124856 20.8205894788104 21.3980845451354 22.0248076968721 22.7992151048446 23.5736225128172 24.3480299207897 25.1224373287622 25.8968447367348 26.6712521447073 27.4456595526798 27.9453120708464 28.3533796257441 28.7614471806418 29.1695147355396 29.5775822904373 29.985649845335 30.3937174002328 30.8313275655109 31.3575655619301 31.8838035583494 32.4100415547687 32.9362795511879 33.4625175476073 33.9887555440265 34.5149935404458 35.0902447064716 35.6818335956996 36.2734224849275 36.8650113741556 37.4566002633835 38.0481891526114 38.6397780418394 39.2527244461905 39.9297433959111 40.6067623456317 41.2837812953523 41.9608002450728 42.6378191947935
16.539992292722 16.9777243004904 17.4154563082588 17.9733288447061 18.5712482240464 19.1691676033866 19.767086982727 20.3650063620672 20.9629257414074 21.5608451207478 22.2067898485394 22.9968106216852 23.7868313948312 24.576852167977 25.3668729411229 26.1568937142689 26.9469144874147 27.7369352605606 28.2390057563781 28.6450928264193 29.0511798964605 29.4572669665018 29.863354036543 30.2694411065842 30.6755281766255 31.1054513242509 31.6068827046287 32.1083140850066 32.6097454653845 33.1111768457623 33.6126082261403 34.1140396065181 34.615470986896 35.2004571914672 35.8132950041028 36.4261328167384 37.0389706293741 37.6518084420097 38.2646462546453 38.877484067281 39.5148728476628 40.2259145312837 40.9369562149046 41.6479978985255 42.3590395821463 43.0700812657673
16.3759487867355 16.8193302551905 17.2627117236454 17.8374059677123 18.4558711369831 19.0743363062539 19.6928014755248 20.3112666447956 20.9297318140664 21.5481969833373 22.2091806570687 22.9977198441821 23.7862590312956 24.574798218409 25.3633374055224 26.151876592636 26.9404157797494 27.7289549668628 28.218555355072 28.6085094769795 28.998463598887 29.3884177207946 29.7783718427022 30.1683259646097 30.5582800865173 30.9779535770415 31.486785173416 31.9956167697906 32.5044483661651 33.0132799625395 33.5221115589141 34.0309431552886 34.5397747516631 35.1567708969115 35.8098218917845 36.4628728866575 37.1159238815306 37.7689748764036 38.4220258712766 39.0750768661498 39.7487414677936 40.4842468897499 41.2197523117064 41.9552577336627 42.690763155619 43.4262685775755
16.211905280749 16.6609362098905 17.109967139032 17.7014830907185 18.3404940499198 18.9795050091212 19.6185159683227 20.257526927524 20.8965378867254 21.5355488459268 22.211571465598 22.998629066679 23.7856866677601 24.572744268841 25.359801869922 26.1468594710031 26.933917072084 27.720974673165 28.1981049537658 28.5719261275397 28.9457473013135 29.3195684750874 29.6933896488613 30.0672108226351 30.441031996409 30.8504558298322 31.3666876422033 31.8829194545745 32.3991512669456 32.9153830793167 33.431614891688 33.9478467040591 34.4640785164302 35.1130846023558 35.8063487794663 36.4996129565767 37.1928771336872 37.8861413107976 38.579405487908 39.2726696650186 39.9826100879243 40.7425792482162 41.5025484085081 42.2625175688 43.0224867290918 43.7824558893838
16.0478617747624 16.5025421645905 16.9572225544187 17.5655602137247 18.2251169628566 18.8846737119885 19.5442304611205 20.2037872102524 20.8633439593843 21.5229007085163 22.2139622741274 22.9995382891759 23.7851143042245 24.570690319273 25.3562663343215 26.1418423493702 26.9274183644187 27.7129943794672 28.1776545524597 28.5353427780998 28.89303100374 29.2507192293802 29.6084074550204 29.9660956806606 30.3237839063008 30.7229580826228 31.2465901109906 31.7702221393584 32.2938541677262 32.817486196094 33.3411182244618 33.8647502528296 34.3883822811973 35.0693983078002 35.802875667148 36.5363530264958 37.2698303858438 38.0033077451916 38.7367851045394 39.4702624638874 40.2164787080551 41.0009116066824 41.7853445053099 42.5697774039372 43.3542103025646 44.138643201192
15.8838182687759 16.3441481192906 16.8044779698053 17.4296373367309 18.1097398757933 18.7898424148558 19.4699449539184 20.1500474929808 20.8301500320433 21.5102525711058 22.2163530826567 23.0004475116727 23.784541940689 24.568636369705 25.3527307987211 26.1368252277373 26.9209196567534 27.7050140857694 28.1572041511535 28.49875942866 28.8403147061665 29.181869983673 29.5234252611795 29.864980538686 30.2065358161926 30.5954603354135 31.1264925797779 31.6575248241424 32.1885570685068 32.7195893128712 33.2506215572356 33.7816538016 34.3126860459644 35.0257120132445 35.7994025548297 36.573093096415 37.3467836380003 38.1204741795856 38.8941647211708 39.6678552627562 40.4503473281858 41.2592439651486 42.0681406021116 42.8770372390745 43.6859338760373 44.4948305130003
15.7197747627894 16.1857540739906 16.6517333851919 17.293714459737 17.9943627887301 18.6950111177231 19.3956594467162 20.0963077757092 20.7969561047022 21.4976044336954 22.218743891186 23.0013567341696 23.7839695771534 24.566582420137 25.3491952631206 26.1318081061044 26.914420949088 27.6970337920717 28.1367537498474 28.4621760792202 28.787598408593 29.1130207379659 29.4384430673387 29.7638653967115 30.0892877260844 30.4679625882042 31.0063950485652 31.5448275089263 32.0832599692873 32.6216924296484 33.1601248900095 33.6985573503705 34.2369898107315 34.9820257186888 35.7959294425115 36.6098331663341 37.4237368901569 38.2376406139796 39.0515443378022 39.865448061625 40.6842159483166 41.5175763236149 42.3509366989134 43.1842970742117 44.0176574495101 44.8510178248086
15.5443317095438 16.0112097528245 16.4780877961052 17.1213819344838 17.8234814378949 18.525580941306 19.2276804447173 19.9297799481285 20.6318794515396 21.3339789549509 22.0540973610347 22.8282724751365 23.6024475892384 24.3766227033402 25.150797817442 25.9249729315439 26.6991480456457 27.4733231597475 27.8981306393941 28.2064822408888 28.5148338423835 28.8231854438782 29.1315370453728 29.4398886468675 29.7482402483622 30.1217522303263 30.6907453536986 31.2597384770711 31.8287316004434 32.3977247238158 32.9667178471882 33.5357109705606 34.104704093933 34.8911907513935 35.75017525355 36.6091597557065 37.4681442578632 38.3271287600197 39.1861132621763 40.0450977643329 40.8975817786321 41.730564329359 42.5635468800861 43.3965294308131 44.22951198154 45.0624945322671
15.3574891090393 15.8205151557922 16.2835412025451 16.912639760971 17.5970958232878 18.2815518856047 18.9660079479217 19.6504640102385 20.3349200725554 21.0193761348724 21.7224134922026 22.4811947345732 23.2399759769439 23.9987572193145 24.757538461685 25.5163197040557 26.2751009464263 27.0338821887969 27.4413348197937 27.7316779136658 28.0220210075378 28.31236410141 28.602707195282 28.8930502891541 29.1833933830262 29.5568292617797 30.1795434951781 30.8022577285766 31.424971961975 32.0476861953734 32.6704004287719 33.2931146621703 33.9158288955687 34.7532071113585 35.6621399879454 36.5710728645322 37.4800057411192 38.3889386177061 39.2978714942929 40.2068043708799 41.0904448191323 41.8982079823809 42.7059711456297 43.5137343088784 44.321497472127 45.1292606353758
15.1706465085347 15.6298205587598 16.088994608985 16.7038975874582 17.3707102086808 18.0375228299033 18.704335451126 19.3711480723486 20.0379606935712 20.7047733147938 21.3907296233706 22.1341169940099 22.8775043646494 23.6208917352887 24.3642791059281 25.1076664765675 25.8510538472069 26.5944412178462 26.9845390001933 27.2568735864427 27.5292081726922 27.8015427589417 28.0738773451911 28.3462119314406 28.6185465176901 28.9919062932332 29.6683416366576 30.3447769800821 31.0212123235066 31.697647666931 32.3740830103556 33.05051835378 33.7269536972044 34.6152234713235 35.5741047223407 36.5329859733579 37.4918672243752 38.4507484753924 39.4096297264096 40.368510977427 41.2833078596325 42.0658516354029 42.8483954111733 43.6309391869437 44.4134829627141 45.1960267384846
14.9838039080301 15.4391259617275 15.8944480154248 16.4951554139454 17.1443245940737 17.793493774202 18.4426629543304 19.0918321344586 19.7410013145869 20.3901704947153 21.0590457545385 21.7870392534466 22.5150327523549 23.243026251263 23.9710197501711 24.6990132490793 25.4270067479874 26.1550002468955 26.5277431805929 26.7820692592197 27.0363953378465 27.2907214164734 27.5450474951002 27.7993735737271 28.0536996523539 28.4269833246866 29.1571397781371 29.8872962315877 30.6174526850381 31.3476091384886 32.0777655919392 32.8079220453897 33.5380784988402 34.4772398312885 35.486069456736 36.4948990821836 37.5037287076313 38.5125583330788 39.5213879585263 40.530217583974 41.4761709001327 42.2334952884248 42.990819676717 43.748144065009 44.5054684533011 45.2627928415933
14.7969613075256 15.2484313646952 15.6999014218647 16.2864132404327 16.9179389794667 17.5494647185006 18.1809904575347 18.8125161965687 19.4440419356027 20.0755676746368 20.7273618857065 21.4399615128834 22.1525611400604 22.8651607672372 23.5777603944141 24.2903600215911 25.002959648768 25.7155592759449 26.0709473609925 26.3072649319967 26.5435825030009 26.7799000740052 27.0162176450094 27.2525352160136 27.4888527870179 27.8620603561401 28.6459379196166 29.4298154830932 30.2136930465697 30.9975706100462 31.7814481735229 32.5653257369994 33.3492033004759 34.3392561912535 35.3980341911314 36.4568121910092 37.5155901908873 38.5743681907651 39.633146190643 40.691924190521 41.6690339406329 42.4011389414467 43.1332439422606 43.8653489430744 44.5974539438881 45.329558944702
14.610118707021 15.0577367676628 15.5053548283046 16.0776710669199 16.6915533648596 17.3054356627993 17.9193179607391 18.5332002586788 19.1470825566185 19.7609648545582 20.3956780168744 21.0928837723201 21.7900895277658 22.4872952832115 23.1845010386572 23.8817067941029 24.5789125495486 25.2761183049942 25.614151541392 25.8324606047736 26.0507696681553 26.2690787315369 26.4873877949185 26.7056968583001 26.9240059216818 27.2971373875935 28.134736061096 28.9723347345987 29.8099334081013 30.6475320816038 31.4851307551065 32.322729428609 33.1603281021116 34.2012725512185 35.3099989255267 36.4187252998349 37.5274516741433 38.6361780484515 39.7449044227597 40.8536307970681 41.8618969811332 42.5687825944686 43.2756682078042 43.9825538211397 44.6894394344752 45.3963250478107
