data/working_set_collections/6091692-Cassins_Sparrow-MC/1985/bio12.asc
NCOLS 265 
NROWS 230 
XLLCORNER -115.5625 
YLLCORNER 24.8333333333333 
CELLSIZE 0.0833333333333333 
NODATA_value -9999 
[rows 180 to 199 of 230, columns 184 to 229 of 265]
560.023507944742 572.577049679225 585.130591413708 594.148733520508 601.988409084744 609.828084648979 617.667760213217 625.507435777452 633.347111341688 641.186786905925 648.494101630317 654.204333835178 659.91456604004 665.624798244901 671.335030449761 677.045262654623 682.755494859484 688.465727064344 689.280023701987 688.462341817222 687.644659932456 686.82697804769 686.009296162925 685.19161427816 684.373932393394 685.54952138265 692.704922993978 699.860324605306 707.015726216634 714.171127827962 721.32652943929 728.481931050618 735.637332661946 748.915754699706 764.235183546276 779.554612392846 794.874041239419 810.19347008599 825.51289893256 840.832327779133 857.061897955997 876.021892123748 894.981886291502 913.941880459253 932.901874627003 951.861868794757
554.008475494384 566.043140411375 578.077805328367 586.678732299805 594.135079956054 601.591427612304 609.047775268555 616.504122924805 623.960470581054 631.416818237305 638.52956644694 644.611516316732 650.693466186524 656.775416056315 662.857365926106 668.939315795899 675.02126566569 681.103215535481 681.830366516115 680.772584533693 679.714802551271 678.657020568849 677.599238586427 676.541456604006 675.483674621584 676.585795593261 684.167625427245 691.74945526123 699.331285095214 706.913114929198 714.494944763183 722.076774597167 729.658604431151 742.993174743651 758.245325215655 773.49747568766 788.749626159666 804.001776631671 819.253927103675 834.506077575682 850.666956075029 869.554018656409 888.441081237791 907.32814381917 926.215206400549 945.102268981932
547.993443044026 559.509231143526 571.025019243026 579.208731079101 586.281750827365 593.354770575628 600.427790323893 607.500810072157 614.57382982042 621.646849568685 628.565031263563 635.018698798285 641.472366333008 647.92603386773 654.379701402452 660.833368937175 667.287036471896 673.740704006618 674.380709330242 673.082827250164 671.784945170086 670.487063090008 669.18918100993 667.891298929852 666.593416849774 667.622069803873 675.630327860513 683.638585917155 691.646843973795 699.655102030435 707.663360087076 715.671618143717 723.679876200357 737.070594787596 752.255466885034 767.440338982473 782.625211079914 797.810083177352 812.99495527479 828.179827372231 844.272014194061 863.086145189069 881.90027618408 900.714407179087 919.528538174095 938.342669169106
541.978410593668 552.975321875677 563.972233157686 571.738729858399 578.428421698676 585.118113538954 591.807805379232 598.49749721951 605.187189059787 611.876880900066 618.600496080187 625.425881279839 632.251266479493 639.076651679145 645.902036878797 652.727422078451 659.552807278103 666.378192477756 666.93105214437 665.393069966636 663.855087788902 662.317105611167 660.779123433433 659.241141255699 657.703159077964 658.658344014485 667.093030293782 675.52771657308 683.962402852376 692.397089131672 700.83177541097 709.266461690266 717.701147969562 731.148014831542 746.265608554414 761.383202277287 776.500796000161 791.618389723034 806.735983445906 821.853577168781 837.877072313094 856.61827172173 875.359471130369 894.100670539005 912.841869947641 931.583069356281
535.96337814331 546.441412607827 556.919447072345 564.268728637696 570.575092569987 576.881456502278 583.187820434571 589.494184366862 595.800548299153 602.106912231446 608.63596089681 615.833063761393 623.030166625977 630.22726949056 637.424372355143 644.621475219727 651.81857808431 659.015680948892 659.481394958498 657.703312683107 655.925230407717 654.147148132326 652.369065856935 650.590983581545 648.812901306154 649.694618225097 658.55573272705 667.416847229004 676.277961730956 685.139076232909 694.000190734863 702.861305236815 711.722419738768 725.225434875487 740.275750223793 755.3260655721 770.376380920409 785.426696268715 800.477011617022 815.52732696533 831.482130432126 850.15039825439 868.818666076658 887.486933898923 906.155201721187 924.823469543455
529.948345692952 539.907503339978 549.866660987004 556.798727416992 562.721763441298 568.644799465603 574.567835489909 580.490871514214 586.41390753852 592.336943562826 598.671425713433 606.240246242946 613.809066772461 621.377887301974 628.946707831488 636.515528361002 644.084348890516 651.653169420029 652.031737772625 650.013555399578 647.995373026532 645.977190653485 643.959008280438 641.940825907391 639.922643534344 640.730892435709 650.018435160317 659.305977884928 668.593520609537 677.881063334145 687.168606058756 696.456148783365 705.743691507973 719.302854919432 734.285891893172 749.268928866913 764.251965840656 779.235002814396 794.218039788137 809.20107676188 825.087188551158 843.682524787051 862.277861022947 880.87319725884 899.468533494733 -9999
523.917304229736 533.553033192951 543.188762156167 549.944145965576 555.739414723714 561.534683481852 567.32995223999 573.125220998128 578.920489756266 584.715758514404 591.05274251302 599.014872233072 606.977001953124 614.939131673176 622.901261393228 630.863391113281 638.825520833332 646.787650553384 647.082258097332 644.821024915908 642.559791734485 640.298558553061 638.037325371638 635.776092190214 633.51485900879 634.227371385361 643.861120435925 653.49486948649 663.128618537054 672.762367587617 682.396116638182 692.029865688746 701.66361473931 715.320906575519 730.319379340275 745.317852105031 760.31632486979 775.314797634545 790.313270399302 805.31174316406 821.157557339135 839.545395745167 857.933234151202 876.321072557234 894.708910963266 913.096749369301
517.870253753661 527.378002166747 536.885750579832 543.704984283447 549.628046417236 555.551108551025 561.474170684814 567.397232818603 573.320294952392 579.243357086182 585.779911295572 594.156941731769 602.533972167968 610.911002604166 619.288033040363 627.665063476561 636.042093912759 644.419124348956 644.632955932618 642.125721232097 639.618486531577 637.111251831056 634.604017130535 632.096782430014 629.589547729493 630.184055074054 640.083788553871 649.98352203369 659.883255513507 669.782988993325 679.682722473143 689.58245595296 699.482189432777 713.279589843748 728.376212565101 743.472835286454 758.56945800781 773.666080729163 788.762703450517 803.859326171873 819.693236796057 837.739011128739 855.784785461423 873.830559794104 891.876334126786 -9999
511.823203277587 521.202971140542 530.582739003498 537.465822601318 543.516678110758 549.567533620198 555.618389129638 561.669244639078 567.720100148518 573.770955657959 580.507080078124 589.299011230467 598.090942382812 606.882873535155 615.674804687498 624.466735839843 633.258666992186 642.050598144529 642.183653767905 639.430417548287 636.677181328669 633.92394510905 631.170708889433 628.417472669815 625.664236450196 626.140738762748 636.306456671818 646.472174580891 656.637892489961 666.803610399032 676.969328308104 687.135046217175 697.300764126245 711.238273111977 726.433045789927 741.627818467878 756.822591145831 772.017363823781 787.212136501732 802.406909179685 818.22891625298 835.932626512311 853.636336771644 871.340047030975 889.043757290306 -9999
505.776152801513 515.027940114338 524.279727427163 531.22666091919 537.40530980428 543.583958689371 549.762607574463 555.941256459554 562.119905344645 568.298554229736 575.234248860676 584.441080729165 593.647912597656 602.854744466145 612.061576334633 621.268408203124 630.475240071613 639.682071940102 639.734351603191 636.735113864476 633.735876125761 630.736638387045 627.73740064833 624.738162909615 621.7389251709 622.097422451442 632.529124789766 642.960827128091 653.392529466415 663.824231804739 674.255934143065 684.687636481389 695.119338819713 709.196956380206 724.489879014754 739.782801649302 755.075724283852 770.3686469184 785.661569552947 800.954492187498 816.764595709903 834.126241895883 851.487888081866 -9999 -9999 -9999
499.729102325439 508.852909088134 517.976715850829 524.987499237061 531.293941497802 537.600383758544 543.906826019287 550.213268280029 556.519710540771 562.826152801514 569.961417643228 579.583150227863 589.204882812499 598.826615397134 608.448347981769 618.070080566405 627.69181315104 637.313545735675 637.285049438477 634.039810180665 630.794570922853 627.54933166504 624.304092407228 621.058853149416 617.813613891603 618.054106140135 628.751792907712 639.449479675292 650.147166442869 660.844853210447 671.542539978026 682.240226745603 692.937913513181 707.155639648435 722.54671223958 737.937784830725 753.328857421873 768.719930013018 784.111002604163 799.50207519531 815.300275166826 832.319857279455 -9999 -9999 -9999 -9999
493.682051849365 502.677878061929 511.673704274494 518.748337554931 525.182573191324 531.616808827717 538.051044464111 544.485280100504 550.919515736897 557.353751373291 564.68858642578 574.72521972656 584.761853027343 594.798486328123 604.835119628904 614.871752929686 624.908386230467 634.945019531248 634.835747273764 631.344506496855 627.853265719945 624.362024943035 620.870784166125 617.379543389216 613.888302612306 614.010789828828 624.974461025659 635.938132222492 646.901803419323 657.865474616154 668.829145812987 679.792817009818 690.756488206649 705.114322916664 720.603545464407 736.092768012149 751.581990559893 767.071213107636 -9999 -9999 -9999 -9999 -9999 -9999 -9999 -9999
488.947718556721 497.676404741074 506.405090925427 513.522353363037 520.10247455173 526.682595740423 533.262716929117 539.842838117811 546.422959306504 553.003080495198 560.51397789849 570.817203945581 581.120429992675 591.423656039766 601.726882086857 612.03010813395 622.333334181042 632.636560228133 632.506574503582 628.898851521811 625.29112854004 621.683405558269 618.075682576499 614.467959594728 610.860236612957 610.911886257593 621.941653781464 632.971421305337 644.001188829208 655.030956353079 666.060723876952 677.090491400823 688.120258924694 703.017231750486 719.20327301025 735.389314270015 751.575355529782 767.761396789546 -9999 -9999 -9999 -9999 -9999 -9999 -9999 -9999
485.526102447509 493.848489125568 502.170875803628 509.309546661377 516.053645579019 522.797744496662 529.541843414306 536.285942331949 543.030041249592 549.774140167236 557.437592061359 567.859102884926 578.280613708495 588.702124532062 599.123635355629 609.545146179198 619.966657002765 630.388167826332 630.297531127931 626.702845255535 623.108159383139 619.513473510743 615.918787638348 612.324101765952 608.729415893556 608.75739542643 619.653371175128 630.549346923827 641.445322672524 652.341298421221 663.23727416992 674.133249918618 685.029225667315 700.8643661499 718.345894877112 735.827423604324 753.30895233154 -9999 -9999 -9999 -9999 -9999 -9999 -9999 -9999 -9999
482.104486338297 490.020573510063 497.936660681829 505.096739959716 512.004816606309 518.912893252901 525.820969899495 532.729046546087 539.63712319268 546.545199839273 554.361206224228 564.90100182427 575.440797424315 585.980593024358 596.5203886244 607.060184224445 617.599979824488 628.139775424531 628.08848775228 624.506838989259 620.925190226238 617.343541463217 613.761892700196 610.180243937176 606.598595174155 606.602904595267 617.365088568791 628.127272542316 638.88945651584 649.651640489364 660.413824462889 671.176008436413 681.938192409937 698.711500549314 717.488516743974 736.265532938634 -9999 -9999 -9999 -9999 -9999 -9999 -9999 -9999 -9999 -9999
478.682870229085 486.192657894557 493.70244556003 500.883933258056 507.955987633598 515.028042009141 522.100096384684 529.172150760226 536.244205135768 543.316259511311 551.284820387097 561.942900763615 572.600981140136 583.259061516654 593.917141893172 604.575222269693 615.233302646211 625.89138302273 625.879444376629 622.310832722983 618.742221069337 615.173609415691 611.604997762046 608.0363861084 604.467774454754 604.448413764104 615.076805962454 625.705198160806 636.333590359156 646.961982557506 657.590374755858 668.218766954208 678.847159152558 696.558634948727 716.631138610835 -9999 -9999 -9999 -9999 -9999 -9999 -9999 -9999 -9999 -9999 -9999
475.261254119872 482.364742279052 489.468230438231 496.671126556396 503.907158660888 511.14319076538 518.379222869872 525.615254974364 532.851287078856 540.087319183349 548.208434549966 558.98479970296 569.761164855956 580.53753000895 591.313895161944 602.09026031494 612.866625467934 623.642990620928 623.670401000978 620.114826456707 616.559251912436 613.003677368165 609.448102823894 605.892528279624 602.336953735352 602.293922932941 612.788523356117 623.283123779295 633.777724202472 644.272324625648 654.766925048827 665.261525472003 675.75612589518 694.405769348141 715.773760477697 -9999 758.509742736813 -9999 -9999 -9999 -9999 -9999 -9999 -9999 -9999 -9999
471.83963801066 478.536826663546 485.234015316432 492.458319854736 499.858329688177 507.258339521618 514.658349355061 522.058359188503 529.458369021944 536.858378855387 545.132048712834 556.026698642304 566.921348571776 577.815998501246 588.710648430716 599.605298360187 610.499948289657 621.394598219127 621.461357625326 617.918820190431 614.376282755535 610.833745320639 607.291207885743 603.748670450848 600.206133015951 600.139432101777 610.50024074978 620.861049397785 631.221858045788 641.582666693791 651.943475341796 662.304283989798 672.665092637801 692.252903747555 714.916382344559 -9999 -9999 -9999 -9999 -9999 -9999 -9999 -9999 -9999 -9999 -9999
473.756922149656 479.973972320554 486.191022491452 493.071109517413 500.172208828394 507.273308139374 514.374407450356 521.475506761337 528.576606072318 535.677705383299 543.663700697155 554.304384019637 564.945067342121 575.585750664603 586.226433987085 596.867117309569 607.507800632051 618.148483954533 618.179159037274 614.673164706762 611.16717037625 607.661176045737 604.155181715225 600.649187384713 597.1431930542 597.065060933429 607.270515441892 617.475969950357 627.68142445882 637.886878967283 648.092333475748 658.297787984211 668.503242492674 688.690187581377 712.204296196827 735.718404812277 -9999 -9999 -9999 -9999 -9999 -9999 -9999 -9999 -9999 -9999
481.013106536863 486.676179250079 492.339251963295 498.509495544432 504.848796081541 511.18809661865 517.52739715576 523.866697692869 530.205998229978 536.545298767089 543.803390502927 553.817855834958 563.832321166991 573.846786499021 583.861251831052 593.875717163085 603.890182495116 613.904647827146 613.823805236818 610.377860005698 606.931914774578 603.485969543458 600.040024312339 596.594079081219 593.148133850099 593.070809427895 603.099347432452 613.127885437011 623.156423441568 633.184961446124 643.213499450683 653.24203745524 663.270575459796 683.717620849606 707.637502034501 -9999 -9999 -9999 -9999 -9999 -9999 -9999 -9999 -9999 -9999 -9999
