data/working_set_collections/6091692-Cassins_Sparrow-MC/1985/bio18.asc
NCOLS 265 
NROWS 230 
XLLCORNER -115.5625 
YLLCORNER 24.8333333333333 
CELLSIZE 0.0833333333333333 
NODATA_value -9999 
[rows 140 to 159 of 230, columns 0 to 45 of 265]
17.1349432335959 18.0427722533543 18.9506012731127 19.8584302928712 20.7662593126296 21.674088332388 22.5819173521465 23.7765347957609 25.0667483806608 26.3569619655608 27.6471755504606 28.9373891353604 30.2276027202605 31.5178163051603 32.7883520020376 33.9998540348476 35.2113560676573 36.422858100467 37.6343601332769 38.8458621660866 40.0573641988963 41.2688662317062 43.3184480349218 45.6473897616062 47.976331488291 50.3052732149754 52.6342149416598 54.9631566683446 57.292098395029 60.137465466392 64.5321085717934 68.926751677194 73.3213947825946 77.716037887996 82.1106809933966 86.5053240987973 90.8999672041987 95.1924720128362 99.4509307225528 103.70938943227 107.967848141987 112.226306851703 116.48476556142 120.743224271137 124.601874860126 127.261101086933
16.8027896218829 17.7218383232751 18.6408870246674 19.5599357260597 20.478984427452 21.3980331288442 22.3170818302366 23.5320293903349 24.8456099033353 26.1591904163359 27.4727709293363 28.7863514423368 30.0999319553374 31.4135124683378 32.7119360076054 33.9648886256746 35.2178412437437 36.4707938618127 37.723746479882 38.976699097951 40.2296517160201 41.4826043340893 43.7900354703262 46.4489594459527 49.1078834215796 51.766807397206 54.4257313728324 57.0846553484593 59.7435793240858 62.9202034738315 67.6499281459376 72.3796528180428 77.1093774901481 81.8391021622542 86.5688268343594 91.2985515064647 96.0282761785708 100.595333925882 105.108169364928 109.621004803974 114.13384024302 118.646675682066 123.159511121113 127.672346560159 131.662769762674 134.085956255594
16.4706360101699 17.400904393196 18.3311727762221 19.2614411592483 20.1917095422744 21.1219779253004 22.0522463083267 23.2875239849089 24.6244714260099 25.9614188671111 27.2983663082121 28.6353137493131 29.9722611904143 31.3092086315153 32.6355200131731 33.9299232165017 35.2243264198301 36.5187296231585 37.8131328264871 39.1075360298154 40.4019392331438 41.6963424364724 44.2616229057306 47.2505291302991 50.239435354868 53.2283415794365 56.217247804005 59.2061540285739 62.1950602531424 65.7029414812708 70.7677477200815 75.8325539588914 80.8973601977012 85.962166436512 91.0269726753219 96.0917789141318 101.156585152942 105.998195838927 110.765408007302 115.532620175678 120.299832344053 125.067044512429 129.834256680805 134.60146884918 138.72366466522 140.910811424254
16.1384823984569 17.0799704631169 18.0214585277768 18.9629465924368 19.9044346570967 20.8459227217567 21.7874107864167 23.0430185794828 24.4033329486844 25.7636473178862 27.1239616870878 28.4842760562894 29.8445904254912 31.2049047946928 32.5591040187409 33.8949578073288 35.2308115959165 36.5666653845042 37.9025191730922 39.2383729616799 40.5742267502676 41.9100805388555 44.733210341135 48.0520988146455 51.3709872881566 54.6898757616671 58.0087642351776 61.3276527086887 64.6465411821992 68.4856794887103 73.8855672942257 79.2854550997402 84.6853429052547 90.0852307107702 95.4851185162847 100.885006321799 106.284894127315 111.401057751972 116.422646649677 121.444235547382 126.465824445087 131.487413342792 136.509002240497 141.530591138202 145.784559567768 147.735666592915
15.5241926511129 16.4743543942769 17.4245161374409 18.3746778806051 19.3248396237691 20.2750013669331 21.2251631100972 22.5784062862394 24.0660099400412 25.5536135938431 27.0412172476448 28.5288209014465 30.0164245552485 31.5040282090502 32.9628018379207 34.335085391998 35.7073689460751 37.0796525001522 38.4519360542295 39.8242196083065 41.1965031623836 42.5687867164609 45.5484152475986 49.0638254377568 52.5792356279156 56.0946458180738 59.610056008232 63.1254661983908 66.640876388549 70.6986389160141 76.3834584554028 82.0682779947905 87.7530975341781 93.4379170735668 99.1227366129544 104.807556152342 110.492375691731 115.814055379231 121.014688449434 126.215321519639 131.415954589842 136.616587660046 141.817220730251 147.017853800454 151.390022108289 153.276796129014
14.6277667681377 15.584056186676 16.5403456052144 17.4966350237529 18.4529244422912 19.4092138608296 20.3655032793681 21.8936871051787 23.6125024000801 25.3313176949817 27.0501329898831 28.7689482847845 30.4877635796862 32.2065788745876 33.8466134707128 35.2503059705095 36.653998470306 38.0576909701025 39.4613834698992 40.8650759696956 42.2687684694921 43.6724609692888 46.7072376251213 50.2857089996328 53.8641803741449 57.4426517486564 61.0211231231679 64.59959449768 68.1780658721915 72.341819763182 78.2614212036123 84.1810226440416 90.1006240844709 96.0202255249012 101.939826965331 107.85942840576 113.77902984619 119.237188720702 124.541533406574 129.845878092447 135.150222778319 140.454567464191 145.758912150064 151.063256835936 155.540052286783 157.534200032551
13.7313408851624 14.6937579790751 15.6561750729878 16.6185921669007 17.5810092608134 18.5434263547261 19.5058434486389 21.2089679241178 23.1589948601189 25.1090217961203 27.0590487321215 29.0090756681226 30.959102604124 32.9091295401251 34.730425103505 36.1655265490211 37.600627994537 39.0357294400528 40.470830885569 41.9059323310848 43.3410337766007 44.7761352221168 47.8660600026441 51.5075925615089 55.1491251203743 58.7906576792391 62.4321902381039 66.0737227969693 69.7152553558341 73.9850006103499 80.139383951822 86.2937672932929 92.4481506347639 98.6025339762359 104.756917317707 110.911300659178 117.06568400065 122.660322062173 128.068378363714 133.476434665255 138.884490966795 144.292547268336 149.700603569877 155.108659871418 159.690082465277 161.791603936089
12.8349150021871 13.8034597714741 14.7720045407612 15.7405493100484 16.7090940793355 17.6776388486225 18.6461836179097 20.524248743057 22.7054873201578 24.886725897259 27.0679644743598 29.2492030514606 31.4304416285618 33.6116802056626 35.6142367362972 37.0807471275327 38.547257518768 40.0137679100032 41.4802783012387 42.946788692474 44.4132990837093 45.8798094749448 49.0248823801669 52.729476123385 56.4340698666037 60.1386636098218 63.8432573530399 67.5478510962586 71.2524448394767 75.6281814575179 82.0173467000316 88.4065119425442 94.7956771850569 101.184842427571 107.574007670083 113.963172912596 120.35233815511 126.083455403645 131.595223320853 137.106991238063 142.618759155272 148.130527072481 153.642294989691 159.1540629069 163.840112643771 166.049007839626
11.9384891192119 12.9131615638733 13.8878340085347 14.8625064531962 15.8371788978576 16.8118513425191 17.7865237871806 19.8395295619962 22.2519797801967 -9999 -9999 -9999 -9999 34.3142308712 36.4980483690893 37.9959677060442 39.4938870429988 40.9918063799535 42.4897257169084 43.9876450538631 45.4855643908178 46.9834837277727 50.1837047576896 53.951359685261 57.719014612833 61.4866695404044 65.2543244679758 69.0219793955478 72.7896343231192 77.2713623046857 83.8953094482411 90.5192565917954 97.1432037353497 103.767150878905 110.391098022459 117.015045166014 123.638992309569 129.506588745116 135.122068277993 140.737547810871 146.353027343748 151.968506876626 157.583986409504 163.199465942381 167.990142822264 170.306411743163
11.0420632362366 12.0228633562723 13.0036634763081 13.984463596344 14.9652637163798 15.9460638364155 16.9268639564514 19.1548103809353 21.7984722402355 -9999 -9999 -9999 -9999 -9999 37.3818600018814 38.9111882845558 40.4405165672298 41.9698448499039 43.4991731325782 45.0285014152523 46.5578296979263 48.0871579806007 51.3425271352124 55.1732432471371 59.0039593590624 62.8346754709871 66.6653915829118 70.4961076948371 74.3268238067618 78.9145431518537 85.7732721964508 92.6320012410467 99.4907302856426 106.34945933024 113.208188374836 120.066917419432 126.925646464029 132.929722086587 138.648913235133 144.368104383679 150.087295532225 155.806486680771 161.525677829317 167.244868977863 172.140173000758 174.5638156467
10.2065988183022 11.1555695652962 12.1045403122902 13.0535110592843 14.0024818062783 14.9514525532723 15.9004233002664 18.0622890551884 20.6284531460866 -9999 -9999 -9999 -9999 -9999 -9999 -9999 39.0231551488245 40.6406033621898 -9999 -9999 -9999 47.1103962156512 50.5633173465727 54.6280627833468 58.6928082201215 62.7575536568956 66.8222990936696 70.8870445304443 74.9517899672184 79.7586743460745 86.7919755511805 93.8252767562854 100.85857796139 107.891879166496 114.925180371601 121.958481576706 128.991782781812 135.077198282876 140.846651882594 146.616105482313 152.38555908203 158.155012681748 163.924466281466 169.693919881184 174.679819827609 177.315058814154
9.43209586540861 10.3112801909447 11.1904645164807 12.0696488420169 12.948833167553 13.828017493089 14.7072018186252 16.5619655847548 18.7419224977492 -9999 -9999 -9999 -9999 -9999 -9999 -9999 -9999 -9999 -9999 -9999 -9999 -9999 47.8460753917691 52.3158182938887 56.7855611960091 61.2553040981288 65.7250470002484 70.1947899023688 74.6645328044884 79.8037558873478 86.95141951243 94.0990831375109 101.246746762592 108.394410387674 115.542074012755 122.689737637836 129.837401262918 135.949017333983 141.715284220376 147.48155110677 153.247817993163 159.014084879556 164.78035176595 170.546618652343 175.609083302815 178.560141245524
8.65759291251502 9.46699081659315 10.2763887206713 11.0857866247495 11.8951845288277 12.7045824329058 13.5139803369841 15.0616421143213 16.8553918494117 -9999 -9999 -9999 -9999 -9999 -9999 -9999 -9999 -9999 -9999 -9999 -9999 -9999 -9999 50.0035738044307 54.8783141718968 59.753054539362 64.6277949068272 69.5025352742932 74.3772756417584 79.8488374286211 87.1108634736794 94.3728895187365 101.634915563794 108.896941608852 116.158967653909 123.420993698966 130.683019744024 136.82083638509 142.583916558158 148.346996731228 154.110076904296 159.873157077364 165.636237250433 171.399317423502 176.538346778021 179.805223676893
7.8830899596215 8.62270144224171 9.36231292486192 10.1019244074823 10.8415358901025 11.5811473727227 12.320758855343 13.5613186438879 14.9688612010744 -9999 -9999 -9999 -9999 -9999 -9999 -9999 -9999 -9999 -9999 -9999 -9999 -9999 -9999 -9999 -9999 58.2508049805953 63.5305428134061 68.8102806462177 74.0900184790285 79.8939189698944 87.2703074349289 94.646695899962 102.023084364995 109.39947283003 116.775861295063 124.152249760096 131.528638225131 137.692655436197 143.45254889594 149.212442355685 154.972335815429 160.732229275172 166.492122734917 172.25201619466 177.467610253227 181.050306108262
7.10858700672791 7.7784120678902 8.44823712905248 9.11806219021488 9.78788725137717 10.4577123125395 11.1275373737019 12.0609951734544 13.082330552737 -9999 -9999 -9999 -9999 -9999 -9999 -9999 -9999 -9999 -9999 -9999 -9999 -9999 -9999 -9999 -9999 -9999 -9999 -9999 -9999 79.9390005111677 87.4297513961783 94.9205022811877 102.411253166197 109.902004051208 117.392754936217 124.883505821226 132.374256706237 138.564474487304 144.321181233722 150.077887980142 155.834594726561 161.59130147298 167.3480082194 173.104714965819 178.396873728433 182.295388539632
6.33408405383432 6.93412269353868 7.53416133324305 8.13419997294751 8.73423861265187 9.33427725235624 9.9343158920607 10.5606717030208 11.1957999043996 -9999 -9999 -9999 -9999 -9999 -9999 -9999 -9999 -9999 -9999 -9999 -9999 -9999 -9999 -9999 -9999 -9999 -9999 -9999 -9999 79.984082052441 87.5891953574278 95.1943086624132 102.799421967399 110.404535272385 118.009648577371 125.614761882356 133.219875187343 139.43629353841 145.189813571505 150.9433336046 156.696853637694 162.450373670788 168.203893703884 173.957413736978 179.326137203639 183.540470971001
5.89897944529847 6.45789189736041 7.01680434942235 7.57571680148439 8.13462925354633 8.69354170560827 9.25245415767031 9.71073486804959 10.1354716645346 10.5602084610197 -9999 -9999 -9999 -9999 -9999 -9999 -9999 -9999 -9999 -9999 -9999 -9999 -9999 -9999 -9999 -9999 -9999 -9999 -9999 78.0880249235355 85.9237443076238 93.7594636917107 101.595183075798 109.430902459886 117.266621843973 125.10234122806 132.938060612148 139.260291798909 145.078026919894 150.89576204088 156.713497161864 162.531232282849 168.348967403835 174.16670252482 179.656042438082 184.160196728176
5.80327318112051 6.34971967935555 6.89616617759058 7.44261267582572 7.98905917406075 8.53550567229579 9.08195217053092 9.51118466854092 9.90134583314255 10.2915069977442 -9999 -9999 -9999 -9999 -9999 -9999 -9999 -9999 -9999 -9999 -9999 -9999 -9999 -9999 -9999 -9999 -9999 -9999 -9999 74.2508291244495 82.4333982467648 90.6159673690787 98.7985364913927 106.981105613708 115.163674736022 123.346243858336 131.528812980651 138.036469268798 143.985821278889 149.935173288981 155.884525299071 161.833877309162 167.783229319254 173.732581329345 179.386589431762 184.154565811157
5.70756691694255 6.24154746135068 6.77552800575882 7.30950855016704 7.84348909457518 8.37746963898331 8.91145018339154 9.31163446903226 9.66722000175048 10.0228055344688 -9999 -9999 -9999 -9999 -9999 -9999 -9999 -9999 -9999 -9999 -9999 -9999 -9999 -9999 -9999 -9999 -9999 -9999 -9999 70.4136333253635 78.9430521859058 87.4724710464467 96.0018899069877 104.53130876753 113.060727628071 121.590146488612 130.119565349154 136.812646738687 142.893615637884 148.974584537082 155.055553436278 161.136522335475 167.217491234673 173.298460133869 179.117136425441 184.148934894137
5.6118606527646 6.13337524334583 6.65488983392706 7.17640442450838 7.69791901508961 8.21943360567084 8.74094819625216 9.11208426952361 9.43309417035842 9.75410407119329 10.0751139720281 10.3961238728629 -9999 -9999 -9999 -9999 -9999 -9999 -9999 -9999 -9999 -9999 -9999 -9999 -9999 -9999 -9999 -9999 -9999 66.5764375262778 75.4527061250472 84.328974723815 93.2052433225829 102.081511921352 110.95778052012 119.834049118888 128.710317717657 135.588824208577 141.801409996879 148.013995785183 154.226581573485 160.439167361788 166.651753150092 172.864338938394 178.84768341912 184.143303977118
