data/working_set_collections/6091692-Cassins_Sparrow-MC/1985/bio1.asc
NCOLS 265 
NROWS 230 
XLLCORNER -115.5625 
YLLCORNER 24.8333333333333 
CELLSIZE 0.0833333333333333 
NODATA_value -9999 
[rows 20 to 39 of 230, columns 184 to 229 of 265]
10.4955364386241 10.48635702663 10.4771776146359 10.466381017367 10.4550453583399 10.4437096993128 10.4323740402857 10.4210383812586 10.4097027222315 10.3983670632044 10.3924826674991 10.4029520617591 10.4134214560191 10.4238908502791 10.434360244539 10.444829638799 10.455299033059 10.465768427319 10.4673755645752 10.4660286161635 10.4646816677517 10.46333471934 10.4619877709283 10.4606408225165 10.4592938741048 10.4517223278682 10.4254769881566 10.3992316484451 10.3729863087336 10.3467409690221 10.3204956293106 10.2942502895991 10.2680049498876 10.2642050186793 10.2678868903054 10.2715687619315 10.2752506335576 10.2789325051837 10.2826143768099 10.286296248436 10.2846621460385 10.2670801215702 10.2494980971018 10.2319160726335 10.2143340481652 10.1967520236969
10.5361867745717 10.5282694763607 10.5203521781497 10.508537252744 10.4954231182734 10.4823089838028 10.4691948493322 10.4560807148615 10.4429665803909 10.4298524459203 10.4219746536679 10.42980588807 10.4376371224721 10.4454683568743 10.4532995912764 10.4611308256785 10.4689620600806 10.4767932944828 10.4742624282837 10.4682775285509 10.4622926288181 10.4563077290853 10.4503228293525 10.4443379296197 10.4383530298869 10.4292590856552 10.4108380079269 10.3924169301987 10.3739958524704 10.3555747747421 10.3371536970139 10.3187326192856 10.3003115415573 10.2976006110509 10.3001263962852 10.3026521815194 10.3051779667536 10.3077037519879 10.3102295372221 10.3127553224564 10.3118870152367 10.3008364306556 10.2897858460744 10.2787352614933 10.2676846769121 10.2566340923309
10.5768371105194 10.5701819260915 10.5635267416636 10.550693488121 10.5358008782069 10.5209082682927 10.5060156583786 10.4911230484645 10.4762304385503 10.4613378286362 10.4514666398366 10.4566597143809 10.4618527889252 10.4670458634694 10.4722389380137 10.477432012558 10.4826250871022 10.4878181616465 10.4811492919922 10.4705264409383 10.4599035898844 10.4492807388306 10.4386578877767 10.4280350367228 10.417412185669 10.4067958434423 10.3961990276973 10.3856022119522 10.3750053962072 10.3644085804621 10.3538117647171 10.3432149489721 10.332618133227 10.3309962034225 10.3323659022649 10.3337356011073 10.3351052999496 10.336474998792 10.3378446976344 10.3392143964767 10.339111884435 10.334592739741 10.330073595047 10.325554450353 10.321035305659 10.316516160965
10.6174874464671 10.6120943758223 10.6067013051775 10.592849723498 10.5761786381404 10.5595075527827 10.542836467425 10.5261653820674 10.5094942967097 10.492823211352 10.4809586260054 10.4835135406918 10.4860684553782 10.4886233700646 10.491178284751 10.4937331994375 10.4962881141239 10.4988430288103 10.4880361557007 10.4727753533257 10.4575145509508 10.4422537485758 10.4269929462009 10.411732143826 10.396471341451 10.3843326012294 10.3815600474676 10.3787874937058 10.376014939944 10.3732423861821 10.3704698324203 10.3676972786585 10.3649247248967 10.3643917957942 10.3646054082447 10.3648190206952 10.3650326331456 10.3652462455961 10.3654598580466 10.3656734704971 10.3663367536333 10.3683490488264 10.3703613440196 10.3723736392127 10.3743859344058 10.376398229599
10.6557344913483 10.6494046582116 10.6430748250749 10.6292396704356 10.612902741962 10.5965658134884 10.5802288850149 10.5638919565413 10.5475550280677 10.5312180995941 10.519313926167 10.5207080178791 10.5221021095912 10.5234962013033 10.5248902930154 10.5262843847275 10.5276784764396 10.5290725681517 10.5177444855372 10.5021756781472 10.4866068707572 10.4710380633672 10.4554692559772 10.4399004485872 10.4243316411972 10.4131470521291 10.4151151180267 10.4170831839243 10.419051249822 10.4210193157196 10.4229873816172 10.4249554475148 10.4269235134125 10.4263259331385 10.424873137474 10.4234203418096 10.4219675461451 10.4205147504806 10.4190619548162 10.4176091591517 10.4177650425169 10.4227469629711 10.4277288834254 10.4327108038796 10.4376927243339 10.4426746447881
10.691578245163 10.6821127732595 10.672647301356 10.6598633289337 10.6459731896718 10.63208305041 10.6181929111481 10.6043027718862 10.5904126326243 10.5765224933624 10.5665325403213 10.5682431459427 10.569953751564 10.5716643571854 10.5733749628067 10.575085568428 10.5767961740494 10.5785067796707 10.5702742815018 10.5587274154027 10.5471805493037 10.5356336832046 10.5240868171056 10.5125399510066 10.5009930849075 10.4932391961415 10.4968642393748 10.500489282608 10.5041143258413 10.5077393690745 10.5113644123077 10.514989455541 10.5186144987742 10.5167986154556 10.5131690899531 10.5095395644506 10.505910038948 10.5022805134455 10.498650987943 10.4950214624405 10.4933967510859 10.4977864821752 10.5021762132645 10.5065659443537 10.510955675443 10.5153454065323
10.7274219989777 10.7148208883074 10.7022197776371 10.6904869874318 10.6790436373817 10.6676002873315 10.6561569372813 10.6447135872311 10.6332702371809 10.6218268871307 10.6137511544757 10.6157782740063 10.6178053935369 10.6198325130675 10.621859632598 10.6238867521286 10.6259138716592 10.6279409911897 10.6228040774663 10.6152791526582 10.6077542278502 10.6002293030421 10.592704378234 10.5851794534259 10.5776545286178 10.573331340154 10.5786133607228 10.5838953812917 10.5891774018605 10.5944594224294 10.5997414429982 10.6050234635671 10.6103054841359 10.6072712977727 10.6014650424321 10.5956587870916 10.589852531751 10.5840462764104 10.5782400210698 10.5724337657293 10.5690284596549 10.5728260013792 10.5766235431035 10.5804210848278 10.5842186265521 10.5880161682765
10.7632657527924 10.7475290033552 10.7317922539181 10.72111064593 10.7121140850915 10.703117524253 10.6941209634145 10.685124402576 10.6761278417375 10.667131280899 10.6609697686301 10.6633134020699 10.6656570355097 10.6680006689495 10.6703443023893 10.6726879358292 10.675031569269 10.6773752027088 10.6753338734309 10.6718308899138 10.6683279063966 10.6648249228795 10.6613219393624 10.6578189558453 10.6543159723282 10.6534234841665 10.6603624820709 10.6673014799754 10.6742404778798 10.6811794757843 10.6881184736887 10.6950574715932 10.7019964694977 10.6977439800898 10.6897609949112 10.6817780097326 10.6737950245539 10.6658120393753 10.6578290541967 10.649846069018 10.6446601682239 10.6478655205832 10.6510708729426 10.6542762253019 10.6574815776613 10.6606869300206
10.7991095066071 10.7802371184031 10.7613647301992 10.7517343044281 10.7451845328013 10.7386347611745 10.7320849895477 10.7255352179209 10.7189854462941 10.7124356746674 10.7081883827845 10.7108485301336 10.7135086774826 10.7161688248316 10.7188289721807 10.7214891195297 10.7241492668788 10.7268094142278 10.7278636693954 10.7283826271693 10.7289015849431 10.729420542717 10.7299395004908 10.7304584582647 10.7309774160385 10.7335156281789 10.742111603419 10.750707578659 10.7593035538991 10.7678995291392 10.7764955043793 10.7850914796193 10.7936874548594 10.7882166624069 10.7780569473902 10.7678972323735 10.7577375173569 10.7475778023402 10.7374180873235 10.7272583723068 10.7202918767929 10.7229050397873 10.7255182027817 10.728131365776 10.7307445287704 10.7333576917648
10.8349532604218 10.812945233451 10.7909372064802 10.7823579629262 10.7782549805111 10.774151998096 10.7700490156809 10.7659460332659 10.7618430508508 10.7577400684357 10.7554069969389 10.7583836581972 10.7613603194555 10.7643369807137 10.767313641972 10.7702903032303 10.7732669644886 10.7762436257468 10.78039346536 10.7849343644248 10.7894752634896 10.7940161625544 10.7985570616192 10.803097960684 10.8076388597488 10.8136077721914 10.823860724767 10.8341136773427 10.8443666299184 10.8546195824941 10.8648725350698 10.8751254876455 10.8853784402211 10.878689344724 10.8663528998693 10.8540164550145 10.8416800101598 10.8293435653051 10.8170071204503 10.8046706755956 10.7959235853619 10.7979445589913 10.7999655326207 10.8019865062502 10.8040074798796 10.806028453509
10.896462949117 10.872665087382 10.848867225647 10.8404201030731 10.837089893553 10.8337596840329 10.8304294745127 10.8270992649926 10.8237690554725 10.8204388459523 10.8187593539556 10.8220320145289 10.8253046751022 10.8285773356755 10.8318499962489 10.8351226568222 10.8383953173955 10.8416679779688 10.8472963015238 10.8537098460727 10.8601233906216 10.8665369351705 10.8729504797194 10.8793640242682 10.8857775688171 10.8929477771123 10.9023879766464 10.9118281761805 10.9212683757146 10.9307085752487 10.9401487747828 10.9495889743169 10.959029173851 10.952539952596 10.9407409244113 10.9289418962267 10.917142868042 10.9053438398573 10.8935448116726 10.881745783488 10.8733117898305 10.8749728997548 10.8766340096791 10.8782951196035 10.8799562295278 10.8816173394521
10.9836385726929 10.9593966801961 10.9351547876994 10.9259207248688 10.9216892719269 10.917457818985 10.9132263660431 10.9089949131012 10.9047634601593 10.9005320072174 10.8982454538345 10.9017935991287 10.9053417444229 10.9088898897171 10.9124380350113 10.9159861803055 10.9195343255997 10.9230824708938 10.9285721778869 10.934709072113 10.9408459663391 10.9469828605652 10.9531197547912 10.9592566490173 10.9653935432434 10.9715356429418 10.9776933590571 10.9838510751724 10.9900087912877 10.996166507403 11.0023242235184 11.0084819396337 11.014639655749 11.0097684860229 11.0012210210164 10.9926735560099 10.9841260910034 10.9755786259969 10.9670311609904 10.9584836959839 10.9524564901988 10.9539900620778 10.9555236339569 10.957057205836 10.958590777715 10.9601243495941
11.0708141962687 11.0461282730102 11.0214423497518 11.0114213466644 11.0062886503008 11.0011559539371 10.9960232575734 10.9908905612098 10.9857578648461 10.9806251684825 10.9777315537135 10.9815551837285 10.9853788137436 10.9892024437586 10.9930260737737 10.9968497037887 11.0006733338038 11.0044969638189 11.0098480542501 11.0157082981533 11.0215685420566 11.0274287859599 11.0332890298631 11.0391492737664 11.0450095176697 11.0501235087713 11.0529987414678 11.0558739741643 11.0587492068608 11.0616244395574 11.0644996722539 11.0673749049505 11.070250137647 11.0669970194499 11.0617011176215 11.0564052157932 11.0511093139648 11.0458134121365 11.0405175103082 11.0352216084798 11.031601190567 11.0330072244008 11.0344132582346 11.0358192920685 11.0372253259023 11.0386313597361
11.1579898198446 11.1328598658244 11.1077299118042 11.0969219684601 11.0908880286746 11.0848540888892 11.0788201491038 11.0727862093184 11.0667522695329 11.0607183297475 11.0572176535924 11.0613167683283 11.0654158830643 11.0695149978002 11.0736141125361 11.077713227272 11.0818123420079 11.0859114567439 11.0911239306132 11.0967075241936 11.1022911177741 11.1078747113546 11.113458304935 11.1190418985155 11.1246254920959 11.1287113746007 11.1283041238785 11.1278968731562 11.127489622434 11.1270823717117 11.1266751209895 11.1262678702672 11.125860619545 11.1242255528768 11.1221812142266 11.1201368755764 11.1180925369263 11.1160481982761 11.1140038596259 11.1119595209757 11.1107458909353 11.1120243867238 11.1133028825124 11.114581378301 11.1158598740895 11.1171383698781
11.2451654434204 11.2195914586385 11.1940174738566 11.1824225902557 11.1754874070485 11.1685522238413 11.1616170406341 11.1546818574269 11.1477466742198 11.1408114910126 11.1367037534714 11.1410783529281 11.1454529523849 11.1498275518417 11.1542021512985 11.1585767507553 11.1629513502121 11.1673259496689 11.1723998069763 11.177706750234 11.1830136934916 11.1883206367493 11.1936275800069 11.1989345232646 11.2042414665222 11.2072992404302 11.2036095062892 11.1999197721481 11.1962300380071 11.1925403038661 11.188850569725 11.185160835584 11.181471101443 11.1814540863037 11.1826613108317 11.1838685353597 11.1850757598877 11.1862829844157 11.1874902089437 11.1886974334717 11.1898905913035 11.1910415490468 11.1921925067901 11.1933434645335 11.1944944222768 11.1956453800201
11.3323410669962 11.3063230514526 11.280305035909 11.2679232120514 11.2600867854224 11.2522503587935 11.2444139321645 11.2365775055355 11.2287410789066 11.2209046522776 11.2161898533503 11.220839937528 11.2254900217056 11.2301401058833 11.2347901900609 11.2394402742386 11.2440903584162 11.2487404425939 11.2536756833394 11.2587059762743 11.2637362692091 11.2687665621439 11.2737968550788 11.2788271480136 11.2838574409485 11.2858871062597 11.2789148886998 11.27194267114 11.2649704535802 11.2579982360204 11.2510260184606 11.2440538009008 11.237081583341 11.2386826197306 11.2431414074368 11.2476001951429 11.2520589828491 11.2565177705553 11.2609765582614 11.2654353459676 11.2690352916717 11.2700587113698 11.2710821310679 11.272105550766 11.2731289704641 11.2741523901621
11.4297671794891 11.4043515258365 11.3789358721839 11.3653413931529 11.3556873056624 11.3460332181719 11.3363791306813 11.3267250431908 11.3170709557003 11.3074168682098 11.301039592425 11.3044927517573 11.3079459110896 11.3113990704218 11.3148522297541 11.3183053890864 11.3217585484187 11.3252117077509 11.3293906211853 11.3338114526537 11.338232284122 11.3426531155904 11.3470739470588 11.3514947785271 11.3559156099955 11.3571797317929 11.3489737245772 11.3407677173614 11.3325617101457 11.32435570293 11.3161496957143 11.3079436884986 11.2997376812829 11.3020109415054 11.307777290874 11.3135436402427 11.3193099896113 11.3250763389799 11.3308426883486 11.3366090377172 11.3410273048613 11.3414013253318 11.3417753458023 11.3421493662728 11.3425233867433 11.3428974072138
11.537443780899 11.5136768817901 11.4899099826813 11.4746771335602 11.4622889677683 11.4499008019765 11.4375126361847 11.4251244703929 11.412736304601 11.4003481388092 11.3912529706955 11.3920367956161 11.3928206205368 11.3936044454574 11.3943882703781 11.3951720952988 11.3959559202194 11.3967397451401 11.3995446205139 11.4030231793721 11.4065017382304 11.4099802970886 11.4134588559468 11.4169374148051 11.4204159736633 11.4211771170298 11.4137860139211 11.4063949108124 11.3990038077036 11.3916127045949 11.3842216014862 11.3768304983775 11.3694393952687 11.3714390516281 11.3765689611435 11.3816988706589 11.3868287801742 11.3919586896896 11.397088599205 11.4022185087204 11.4058666308721 11.4050693909327 11.4042721509933 11.403474911054 11.4026776711146 11.4018804311752
11.645120382309 11.6230022377438 11.6008840931786 11.5840128739675 11.5688906298743 11.5537683857812 11.538646141688 11.5235238975949 11.5084016535017 11.4932794094086 11.481466348966 11.479580839475 11.477695329984 11.4758098204931 11.4739243110021 11.4720388015111 11.4701532920202 11.4682677825292 11.4696986198425 11.4722349060906 11.4747711923387 11.4773074785868 11.4798437648349 11.482380051083 11.4849163373311 11.4851745022668 11.478598303265 11.4720221042633 11.4654459052616 11.4588697062598 11.4522935072581 11.4457173082564 11.4391411092546 11.4408671617508 11.4453606314129 11.4498541010751 11.4543475707372 11.4588410403993 11.4633345100615 11.4678279797236 11.4707059568829 11.4687374565336 11.4667689561844 11.4648004558351 11.4628319554859 11.4608634551366
11.7527969837189 11.7323275936974 11.711858203676 11.6933486143748 11.6754922919803 11.6576359695858 11.6397796471914 11.6219233247969 11.6040670024024 11.5862106800079 11.5716797272364 11.5671248833338 11.5625700394312 11.5580151955287 11.5534603516261 11.5489055077235 11.5443506638209 11.5397958199183 11.5398526191711 11.5414466328091 11.5430406464471 11.544634660085 11.546228673723 11.547822687361 11.5494167009989 11.5491718875037 11.543410592609 11.5376492977142 11.5318880028195 11.5261267079247 11.52036541303 11.5146041181352 11.5088428232405 11.5102952718735 11.5141523016824 11.5180093314912 11.5218663613001 11.525723391109 11.5295804209179 11.5334374507268 11.5355452828937 11.5324055221346 11.5292657613754 11.5261260006163 11.5229862398571 11.519846479098
