data/working_set_collections/6091692-Cassins_Sparrow-MC/1985/bio16.asc
NCOLS 265 
NROWS 230 
XLLCORNER -115.5625 
YLLCORNER 24.8333333333333 
CELLSIZE 0.0833333333333333 
NODATA_value -9999 
[rows 80 to 99 of 230, columns 92 to 137 of 265]
162.648809348213 164.710943306818 166.773077265422 168.835211224027 170.897345182631 172.544522603353 174.053381178115 175.562239752876 177.071098327637 178.579956902398 180.08881547716 181.597674051921 181.945155758329 178.808506859674 175.67185796102 172.535209062365 169.39856016371 166.261911265056 163.125262366401 159.988613467746 158.074910863241 156.568857023451 155.062803183661 153.556749343872 152.050695504082 150.544641664293 149.038587824503 148.361402384439 150.170822143554 151.980241902668 153.789661661783 155.599081420897 157.408501180012 159.217920939127 161.027340698241 162.1990872701 163.158276112874 164.117464955647 165.076653798421 166.035842641194 166.995031483967 167.954220326741 169.247915734184 171.545130835638 173.842345937092 176.139561038546
155.922973590427 158.194431347318 160.465889104208 162.737346861098 165.008804617988 167.045418802897 169.003751797146 170.962084791396 172.920417785645 174.878750779894 176.837083774143 178.795416768392 179.620503828261 177.045853084989 174.471202341716 171.896551598444 169.321900855171 166.747250111898 164.172599368626 161.597948625353 160.017034022013 158.767364798652 157.51769557529 156.268026351929 155.018357128567 153.768687905205 152.519018681844 152.029921468098 153.822540283202 155.615159098307 157.407777913411 159.200396728515 160.993015543619 162.785634358723 164.578253173827 165.735391489664 166.680702972411 167.626014455159 168.571325937906 169.516637420654 170.461948903401 171.407260386149 172.695681677923 175.013432396782 177.33118311564 179.648933834499
149.197137832642 151.677919387818 154.158700942994 156.639482498169 159.120264053345 161.546315002442 163.954122416179 166.361929829916 168.769737243653 171.177544657389 173.585352071127 175.993159484863 177.295851898194 175.283199310303 173.270546722413 171.257894134522 169.245241546631 167.23258895874 165.21993637085 163.207283782959 161.959157180786 160.965872573852 159.972587966919 158.979303359985 157.986018753051 156.992734146118 155.999449539184 155.698440551757 157.47425842285 159.250076293944 161.025894165038 162.801712036132 164.577529907226 166.353347778319 168.129165649413 169.271695709228 170.203129831949 171.13456395467 172.065998077392 172.997432200113 173.928866322834 174.860300445556 176.143447621662 178.481733957925 180.820020294188 183.158306630451
142.471302074857 145.161407428318 147.851512781779 150.541618135241 153.231723488702 156.047211201986 158.904493035211 161.761774868436 164.61905670166 167.476338534885 170.33362036811 173.190902201335 174.971199968127 173.520545535618 172.069891103109 170.6192366706 169.168582238092 167.717927805583 166.267273373074 164.816618940565 163.901280339559 163.164380349053 162.427480358547 161.690580368042 160.953680377536 160.21678038703 159.479880396525 159.366959635416 161.125976562499 162.884993489583 164.644010416666 166.403027343749 168.162044270832 169.921061197916 171.680078124999 172.807999928792 173.725556691487 174.643113454182 175.560670216878 176.478226979573 177.395783742268 178.313340504964 179.591213565402 181.950035519069 184.308857472737 186.667679426404
137.089673105876 139.772201792399 142.454730478923 145.137259165446 147.81978785197 150.848606745402 153.992855707804 157.137104670207 160.281353632609 163.425602595011 166.569851557414 169.714100519816 171.857821909587 170.999960581462 170.142099253337 169.284237925212 168.426376597087 167.568515268962 166.710653940837 165.852792612712 165.385431671143 165.048237525092 164.711043379042 164.373849232991 164.036655086941 163.69946094089 163.36226679484 163.554308488633 165.334057701958 167.113806915282 168.893556128607 170.673305341931 172.453054555256 174.232803768581 176.012552981905 177.10256614685 177.962667295667 178.822768444484 179.682869593302 180.542970742119 181.403071890936 182.263173039754 183.45523278978 185.643168343437 187.831103897094 190.019039450751
133.0522509257 135.510302480062 137.968354034424 140.426405588786 142.884457143148 145.950501632691 149.21921043396 152.48791923523 155.756628036499 159.025336837769 162.294045639038 165.562754440308 167.955717722576 167.721444447836 167.487171173096 167.252897898357 167.018624623617 166.784351348877 166.550078074137 166.315804799398 166.411611175537 166.617444101969 166.823277028401 167.029109954834 167.234942881266 167.440775807698 167.64660873413 168.260487111408 170.098501841226 171.936516571044 173.774531300861 175.612546030679 177.450560760497 179.288575490314 181.126590220132 182.155394363402 182.91446164449 183.673528925577 184.432596206664 185.191663487751 185.950730768839 186.709798049926 187.735505294799 189.561132431029 191.38675956726 193.21238670349
129.014828745524 131.248403167725 133.481977589925 135.715552012126 137.949126434327 141.052396519979 144.445565160115 147.838733800253 151.231902440389 154.625071080526 158.018239720663 161.411408360799 164.053613535564 164.442928314209 164.832243092855 165.221557871501 165.610872650147 166.000187428792 166.389502207438 166.778816986084 167.437790679931 168.186650678846 168.935510677761 169.684370676676 170.433230675591 171.182090674506 171.93095067342 172.966665734184 174.862945980495 176.759226226806 178.655506473116 180.551786719427 182.448066965738 184.344347212049 186.240627458359 187.208222579955 187.866255993312 188.52428940667 189.182322820027 189.840356233384 190.498389646741 191.156423060099 192.015777799817 193.479096518622 194.942415237426 196.40573395623
124.977406565348 126.986503855388 128.995601145427 131.004698435466 133.013795725505 136.154291407267 139.671919886271 143.189548365275 146.707176844279 150.224805323283 153.742433802287 157.260062281291 160.151509348552 161.164412180583 162.177315012614 163.190217844645 164.203120676676 165.216023508708 166.228926340739 167.24182917277 168.463970184326 169.755857255723 171.047744327121 172.339631398518 173.631518469916 174.923405541313 176.215292612711 177.67284435696 179.627390119763 181.581935882568 183.536481645371 185.491027408175 187.445573170979 189.400118933783 191.354664696586 192.261050796508 192.818050342135 193.375049887762 193.93204943339 194.489048979017 195.046048524644 195.603048070271 196.296050304836 197.397060606214 198.498070907592 199.59908120897
120.939984385173 122.724604543051 124.509224700928 126.293844858806 128.078465016684 131.256186294556 134.898274612427 138.540362930298 142.182451248169 145.82453956604 149.466627883911 153.108716201782 156.24940516154 157.885896046957 159.522386932373 161.15887781779 162.795368703206 164.431859588623 166.068350474039 167.704841359456 169.49014968872 171.3250638326 173.159977976481 174.994892120361 176.829806264241 178.664720408121 180.499634552001 182.379022979735 184.391834259032 186.404645538329 188.417456817626 190.430268096922 192.44307937622 194.455890655516 196.468701934813 197.313879013061 197.769844690958 198.225810368855 198.681776046752 199.137741724649 199.593707402546 200.049673080443 200.576322809854 201.315024693806 202.053726577758 202.79242846171
116.902562204997 118.462705230713 120.022848256429 121.582991282145 123.143134307862 126.358081181844 130.124629338582 133.891177495321 137.657725652059 141.424273808797 145.190821965536 148.957370122274 152.347300974528 154.60737991333 156.867458852132 159.127537790934 161.387616729736 163.647695668538 165.90777460734 168.167853546142 170.516329193115 172.894270409477 175.27221162584 177.650152842203 180.028094058566 182.406035274929 184.783976491291 187.085201602511 189.156278398301 191.227355194091 193.298431989881 195.36950878567 197.440585581461 199.51166237725 201.58273917304 202.366707229613 202.721639039781 203.076570849948 203.431502660115 203.786434470282 204.141366280449 204.496298090616 204.856595314873 205.232988781399 205.609382247924 205.98577571445
115.355568885803 116.663126309713 117.970683733622 119.278241157531 120.585798581441 123.737082036336 127.502940834892 131.26879963345 135.034658432006 138.800517230563 142.56637602912 146.332234827677 149.838050206502 152.563735326131 155.28942044576 158.015105565388 160.740790685018 163.466475804646 166.192160924275 168.917846043904 171.740931828816 174.596484502156 177.452037175496 180.307589848836 183.163142522175 186.018695195515 188.874247868855 191.532457605997 193.598638534545 195.664819463093 197.731000391641 199.797181320189 201.863362248738 203.929543177286 205.995724105834 206.712139638265 206.978633371988 207.245127105712 207.511620839436 207.77811457316 208.044608306884 208.311102040608 208.519721009996 208.554715686374 208.589710362752 208.62470503913
116.299004427592 117.325867780049 118.352731132507 119.379594484965 120.406457837423 123.393188858032 127.033209101358 130.673229344686 134.313249588012 137.953269831339 141.593290074666 145.233310317993 148.721652857462 151.754962285359 154.788271713256 157.821581141153 160.854890569051 163.888199996948 166.921509424845 169.954818852742 173.163957595824 176.431706110635 179.699454625447 182.967203140258 186.234951655069 189.50270016988 192.770448684691 195.720790990192 197.718914667764 199.717038345336 201.715162022907 203.713285700479 205.711409378051 207.709533055622 209.707656733194 210.350176239013 210.540827687581 210.731479136148 210.922130584716 211.112782033284 211.303433481852 211.494084930419 211.565699895223 211.280205408732 210.994710922241 210.70921643575
117.24243996938 117.988609250386 118.734778531392 119.480947812398 120.227117093404 123.049295679728 126.563477367824 130.077659055921 133.591840744018 137.106022432115 140.620204120212 144.134385808308 147.605255508422 150.946189244588 154.287122980753 157.628056716918 160.968990453084 164.309924189249 167.650857925414 170.99179166158 174.586983362833 178.266927719115 181.946872075398 185.62681643168 189.306760787963 192.986705144245 196.666649500528 199.909124374389 201.839190800984 203.769257227579 205.699323654174 207.629390080769 209.559456507364 211.489522933959 213.419589360554 213.988212839762 214.103022003173 214.217831166585 214.332640329996 214.447449493408 214.562258656819 214.677067820231 214.611678780449 214.00569513109 213.39971148173 212.79372783237
118.185875511169 118.651350720723 119.116825930277 119.582301139831 120.047776349386 122.705402501424 126.09374563429 129.482088767157 132.870431900024 136.25877503289 139.647118165758 143.035461298624 146.488858159382 150.137416203816 153.78597424825 157.434532292683 161.083090337117 164.73164838155 168.380206425984 172.028764470418 176.010009129841 180.102149327595 184.194289525349 188.286429723103 192.378569920857 196.470710118611 200.562850316364 204.097457758585 205.959466934203 207.821476109822 209.68348528544 211.545494461059 213.407503636677 215.269512812296 217.131521987914 217.626249440511 217.665216318766 217.704183197021 217.743150075276 217.782116953531 217.821083831787 217.860050710042 217.657657665676 216.731184853448 215.804712041219 214.87823922899
119.129311052958 119.31409219106 119.498873329162 119.683654467265 119.868435605367 122.36150932312 125.624013900756 128.886518478393 132.14902305603 135.411527633666 138.674032211303 141.93653678894 145.372460810343 149.328643163045 153.284825515746 157.241007868448 161.19719022115 165.153372573852 169.109554926553 173.065737279256 177.43303489685 181.937370936075 186.4417069753 190.946043014525 195.45037905375 199.954715092976 204.459051132201 208.28579114278 210.079743067422 211.873694992064 213.667646916706 215.461598841348 217.25555076599 219.049502690632 220.843454615274 221.264286041259 221.227410634358 221.190535227457 221.153659820556 221.116784413655 221.079909006754 221.043033599853 220.703636550903 219.456674575806 218.209712600708 216.96275062561
120.072746594747 119.976833661397 119.880920728048 119.785007794698 119.689094861348 122.017616144816 125.154282167222 128.290948189629 131.427614212036 134.564280234442 137.700946256849 140.837612279256 144.256063461303 148.519870122273 152.783676783243 157.047483444213 161.311290105183 165.575096766153 169.838903427123 174.102710088093 178.856060663858 183.772592544554 188.689124425251 193.605656305948 198.522188186644 203.438720067341 208.355251948037 212.474124526977 214.200019200642 215.925913874307 217.651808547973 219.377703221638 221.103597895303 222.829492568969 224.555387242634 224.902322642008 224.789604949951 224.676887257893 224.564169565836 224.451451873779 224.338734181722 224.226016489664 223.74961543613 222.182164298164 220.614713160197 219.04726202223
121.705121718512 121.43833187951 121.171542040507 120.904752201504 120.637962362501 122.767960230509 125.696887334187 128.625814437866 131.554741541544 134.483668645222 137.412595748901 140.341522852579 143.642998758951 148.062121073404 152.481243387857 156.90036570231 161.319488016764 165.738610331217 170.15773264567 174.576854960123 179.516430028279 184.629489347669 189.742548667059 194.855607986449 199.968667305839 205.08172662523 210.19478594462 214.437082799275 216.067092259725 217.697101720174 219.327111180623 220.957120641072 222.587130101522 224.217139561971 225.84714902242 226.127760187785 225.958571921455 225.789383655124 225.620195388794 225.451007122464 225.281818856134 225.112630589803 224.582090208266 222.967493481107 221.352896753947 219.738300026788
124.026436424255 123.698586845398 123.37073726654 123.042887687683 122.715038108825 124.612541580199 127.251829401651 129.891117223103 132.530405044555 135.169692866007 137.808980687459 140.448268508911 143.533266703287 147.955396016438 152.377525329589 156.79965464274 161.221783955891 165.643913269042 170.066042582193 174.488171895345 179.414142990111 184.508061345417 189.601979700724 194.695898056029 199.789816411335 204.883734766642 209.977653121947 214.174665959676 215.680962244669 217.187258529663 218.693554814656 220.19985109965 221.706147384643 223.212443669637 224.71873995463 224.940598678589 224.734311548869 224.528024419149 224.321737289429 224.115450159709 223.909163029989 223.702875900269 223.20106086731 221.812662124634 220.424263381958 219.035864639283
126.347751129998 125.958841811286 125.569932492574 125.181023173862 124.79211385515 126.45712292989 128.806771469115 131.156420008341 133.506068547566 135.855717086791 138.205365626017 140.555014165242 143.423534647623 147.848670959472 152.273807271321 156.69894358317 161.124079895019 165.549216206868 169.974352518716 174.399488830566 179.311855951944 184.386633343166 189.461410734388 194.53618812561 199.610965516831 204.685742908053 209.760520299275 213.912249120076 215.294832229614 216.677415339152 218.05999844869 219.442581558227 220.825164667765 222.207747777303 223.590330886841 223.753437169393 223.510051176283 223.266665183174 223.023279190064 222.779893196954 222.536507203844 222.293121210734 221.820031526354 220.657830768162 219.495630009969 218.333429251777
128.669065835741 128.219096777174 127.769127718607 127.319158660041 126.869189601474 128.301704279581 130.36171353658 132.421722793579 134.481732050577 136.541741307576 138.601750564575 140.661759821574 143.313802591959 147.741945902506 152.170089213053 156.598232523599 161.026375834147 165.454519144693 169.88266245524 174.310805765787 179.209568913777 184.265205340914 189.320841768052 194.37647819519 199.432114622327 204.487751049465 209.543387476602 213.649832280477 214.908702214559 216.167572148641 217.426442082723 218.685312016805 219.944181950887 221.203051884969 222.461921819051 222.566275660197 222.285790803698 222.005305947198 221.724821090698 221.444336234199 221.163851377699 220.8833665212 220.439002185398 219.502999411689 218.56699663798 217.630993864272
