data/working_set_collections/6091692-Cassins_Sparrow-MC/1985/bio18.asc
NCOLS 265 
NROWS 230 
XLLCORNER -115.5625 
YLLCORNER 24.8333333333333 
CELLSIZE 0.0833333333333333 
NODATA_value -9999 
[rows 0 to 19 of 230, columns 46 to 91 of 265]
83.2980899810788 86.2090964847136 89.1201029883489 92.0311094919837 94.9421159956185 97.8531224992538 98.8341386159262 99.1718246036107 99.5095105912952 99.8471965789797 100.184882566664 100.522568554349 100.860254542033 101.878179634942 104.936822043525 107.995464452108 111.05410686069 114.112749269274 117.171391677856 120.230034086439 123.288676495022 124.010714658102 123.953884739346 123.897054820591 123.840224901835 123.78339498308 123.726565064325 123.669735145569 122.598448732165 118.483792834813 114.36913693746 110.254481040108 106.139825142755 102.025169245403 97.9105133480508 93.7958574506978 90.9048339843756 88.4216879950636 85.9385420057513 83.4553960164394 80.9722500271274 78.489104037815 76.0059580485031 74.4005767610336 75.4284895790947 76.4564023971557
81.5175014495846 84.5541444142654 87.5907873789467 90.6274303436275 93.6640733083083 96.7007162729897 97.5380161285401 97.64220161438 97.7463871002199 97.8505725860597 97.9547580718996 98.0589435577394 98.1631290435793 98.9975963592525 102.022909164429 105.048221969604 108.07353477478 111.098847579956 114.124160385132 117.149473190307 120.174785995483 120.882278251648 120.817163658142 120.752049064637 120.686934471131 120.621819877625 120.556705284119 120.491590690613 119.46102256775 115.534093856812 111.607165145875 107.680236434938 103.753307724 99.8263790130624 95.8994503021251 91.9725215911871 89.265910339356 86.9660715738939 84.6662328084314 82.3663940429692 80.0665552775071 77.7667165120446 75.4668777465825 73.94097588857 74.7368847529093 75.5327936172485
79.7369129180905 82.8991923438173 86.0614717695447 89.2237511952715 92.3860306209983 95.5483100467256 96.2418936411542 96.1125786251494 95.9832636091447 95.85394859314 95.7246335771352 95.5953185611305 95.4660035451257 96.1170130835636 99.1089962853327 102.100979487101 105.09296268887 108.084945890639 111.076929092407 114.068912294176 117.060895495945 117.753841845195 117.680442576939 117.607043308682 117.533644040426 117.46024477217 117.386845503913 117.313446235657 116.323596403335 112.584394878812 108.84519335429 105.105991829767 101.366790305244 97.627588780722 93.8883872561996 90.1491857316766 87.6269866943365 85.5104551527242 83.3939236111115 81.2773920694992 79.1608605278869 77.0443289862742 74.9277974446619 73.4813750161064 74.0452799267239 74.6091848373413
77.9563243865963 81.2442402733691 84.5321561601425 87.8200720469153 91.1079879336881 94.3959038204615 94.9457711537681 94.5829556359188 94.2201401180694 93.85732460022 93.4945090823707 93.1316935645213 92.7688780466719 93.2364298078745 96.1950834062364 99.1537370045978 102.112390602959 105.071044201321 108.029697799682 110.988351398044 113.947004996406 114.625405438741 114.543721495735 114.462037552728 114.380353609721 114.298669666715 114.216985723708 114.135301780701 113.18617023892 109.634695900812 106.083221562704 102.531747224597 98.9802728864888 95.4287985483814 91.8773242102739 88.3258498721659 85.9880630493169 84.0548387315544 82.1216144137916 80.1883900960291 78.2551657782666 76.3219414605038 74.3887171427413 73.0217741436428 73.3536751005385 73.6855760574341
76.1757358551021 79.5892882029209 83.0028405507403 86.4163928985591 89.8299452463779 93.2434975941973 93.649648666382 93.0533326466881 92.457016626994 91.8607006073001 91.2643845876061 90.6680685679121 90.0717525482181 90.3558465321855 93.2811705271402 96.2064945220945 99.1318185170488 102.057142512004 104.982466506958 107.907790501912 110.833114496867 111.496969032288 111.407000414531 111.317031796774 111.227063179016 111.137094561259 111.047125943502 110.957157325745 110.048744074505 106.684996922811 103.321249771119 99.9575026194264 96.5937554677333 93.2300083160408 89.8662611643483 86.5025140126552 84.3491394042973 82.5992223103846 80.8493052164717 79.099388122559 77.3494710286463 75.5995539347333 73.8496368408207 72.5621732711792 72.6620702743531 72.7619672775269
74.3951473236081 77.9343361324729 81.4735249413383 85.012713750203 88.5519025590679 92.0910913679332 92.3535261789961 91.5237096574575 90.6938931359189 89.8640766143803 89.0342600928418 88.2044435713031 87.3746270497645 87.4752632564966 90.3672576480442 93.2592520395914 96.1512464311385 99.0432408226862 101.935235214233 104.82722960578 107.719223997328 108.368532625835 108.270279333327 108.172026040819 108.073772748312 107.975519455804 107.877266163297 107.779012870789 106.91131791009 103.735297944811 100.559277979534 97.3832580142562 94.207238048978 91.0312180837004 87.8551981184228 84.6791781531446 82.7102157592779 81.143605889215 79.5769960191518 78.010386149089 76.4437762790261 74.877166408963 73.3105565389001 72.1025723987157 71.9704654481677 71.8383584976198
73.66619383494 77.1730086644482 80.6798234939571 84.1866383234654 87.6934531529737 91.2002679824826 91.4295516331993 90.5663248909847 89.7030981487699 88.8398714065553 87.9766446643407 87.113417922126 86.2501911799114 86.2759799745341 88.9688153796723 91.66165078481 94.3544861899476 97.0473215950858 99.7401570002235 102.432992405361 105.125827810499 105.712017059326 105.595990922716 105.479964786106 105.363938649496 105.247912512885 105.131886376275 105.015860239665 104.174896176657 101.159118334453 98.1433404922493 95.1275626500457 92.1117848078415 89.0960069656379 86.0802291234343 83.0644512812301 81.2606559117639 79.860854699877 78.4610534879899 77.061252276103 75.6614510642162 74.261649852329 72.8618486404422 71.7421264012656 71.4626410802206 71.1831557591757
73.9888753890985 77.3053057988477 80.6217362085974 83.9381666183466 87.2545970280958 90.5710274378455 90.8777250289919 90.1811783472699 89.4846316655478 88.7880849838258 88.0915383021038 87.3949916203817 86.6984449386597 86.7579966862991 89.0858437220253 91.4136907577511 93.7415377934769 96.0693848292031 98.3972318649289 100.725078900655 103.052925936381 103.527422332764 103.384135182699 103.240848032634 103.097560882569 102.954273732503 102.810986582438 102.667699432373 101.839478874207 98.9564580917363 96.0734373092658 93.1904165267952 90.3073957443242 87.4243749618537 84.5413541793831 81.658333396912 80.0004598617557 78.750968742371 77.5014776229861 76.2519865036014 75.0024953842166 73.7530042648317 72.503513145447 71.480835278829 71.138597170512 70.7963590621949
74.3115569432571 77.4376029332472 80.5636489232378 83.6896949132279 86.8157409032179 89.9417868932086 90.3258984247845 89.7960318035551 89.2661651823257 88.7362985610963 88.2064319398669 87.6765653186374 87.146698697408 87.240013398064 89.2028720643783 91.1657307306922 93.1285893970062 95.0914480633205 97.0543067296345 99.0171653959484 100.980024062263 101.342827606202 101.172279442682 101.001731279162 100.831183115642 100.660634952122 100.490086788602 100.319538625082 99.504061571758 96.75379784902 94.0035341262825 91.253270403545 88.503006680807 85.7527429580695 83.0024792353321 80.2522155125941 78.7402638117476 77.641082784865 76.5419017579823 75.4427207310998 74.3435397042172 73.2443586773344 72.1451776504519 71.2195441563925 70.8145532608033 70.4095623652142
74.6342384974156 77.5699000676466 80.5055616378781 83.441223208109 86.37688477834 89.3125463485715 89.7740718205771 89.4108852598403 89.0476986991035 88.6845121383668 88.32132557763 87.9581390168932 87.5949524561564 87.722030109829 89.3199004067313 90.9177707036334 92.5156410005355 94.1135112974378 95.7113815943399 97.309251891242 98.9071221881443 99.158232879639 98.9604237026641 98.7626145256893 98.5648053487145 98.3669961717397 98.1691869947648 97.97137781779 97.1686442693083 94.5511376063035 91.933630943299 89.3161242802946 86.6986176172897 84.0811109542853 81.4636042912809 78.846097628276 77.4800677617394 76.531196827359 75.5823258929785 74.6334549585981 73.6845840242177 72.7357130898371 71.7868421554568 70.958253033956 70.4905093510947 70.0227656682334
74.9569200515742 77.7021972020461 80.4474743525184 83.1927515029903 85.9380286534621 88.6833058039345 89.2222452163697 89.0257387161256 88.8292322158814 88.6327257156372 88.4362192153931 88.2397127151489 88.0432062149048 88.2040468215939 89.4369287490843 90.6698106765745 91.9026926040647 93.1355745315551 94.3684564590453 95.6013383865355 96.8342203140259 96.9736381530764 96.7485679626467 96.523497772217 96.2984275817873 96.0733573913577 95.848287200928 95.6232170104983 94.8332269668587 92.3484773635869 89.8637277603155 87.3789781570442 84.8942285537724 82.409478950501 79.9247293472297 77.4399797439579 76.2198717117312 75.421310869853 74.6227500279746 73.8241891860964 73.0256283442182 72.2270675023398 71.4285066604616 70.6969619115195 70.166465441386 69.6359689712526
75.2796016057328 77.8344943364455 80.3893870671587 82.9442797978715 85.4991725285843 88.0540652592975 88.6704186121624 88.6405921724108 88.6107657326593 88.5809392929077 88.5511128531562 88.5212864134046 88.4914599736531 88.6860635333588 89.5539570914373 90.4218506495157 91.289744207594 92.1576377656725 93.0255313237509 93.8934248818292 94.7613184399077 94.789043426514 94.5367122226295 94.2843810187449 94.0320498148604 93.7797186109759 93.5273874070913 93.2750562032068 92.4978096644092 90.1458171208705 87.7938245773322 85.4418320337939 83.0898394902553 80.737846946717 78.3858544031787 76.0338618596399 74.9596756617231 74.311424912347 73.6631741629708 73.0149234135948 72.3666726642187 71.7184219148425 71.0701711654665 70.435670789083 69.8424215316774 69.2491722742718
75.289379183451 77.5869702445132 79.8845613055757 82.1821523666379 84.4797434277001 86.7773344887627 87.398120625814 87.4599717881947 87.5218229505753 87.583674112956 87.6455252753366 87.7073764377172 87.7692276000978 87.9723137537639 88.5991048812868 89.2258960088095 89.8526871363323 90.4794782638552 91.106269391378 91.7330605189007 92.3598516464236 92.3230056126916 92.0649471918746 91.8068887710575 91.5488303502404 91.2907719294234 91.0327135086063 90.7746550877892 90.0379485448209 87.8652976353968 85.6926467259731 83.5199958165494 81.3473449071253 79.1746939977015 77.0020430882778 74.8293921788537 73.9017413457237 73.3890905380251 72.8764397303265 72.3637889226279 71.8511381149294 71.3384873072307 70.8258364995322 70.2894681718616 69.6819472842747 69.0744263966879
74.9862527847287 76.9596249262488 78.9329970677692 80.9063692092893 82.8797413508094 84.8531134923298 85.4053512573244 85.4838775634767 85.5624038696291 85.6409301757814 85.7194564819337 85.7979827880861 85.8765090942384 86.0627974828085 86.5723721186321 87.0819467544557 87.5915213902792 88.1010960261029 88.6106706619264 89.1202452977499 89.6298199335736 89.5755247116091 89.333272870382 89.0910210291547 88.8487691879275 88.6065173467003 88.3642655054731 88.1220136642459 87.4536436080939 85.506918907166 83.5601942062383 81.6134695053107 79.6667448043827 77.720020103455 75.7732954025274 73.8265707015994 73.0460687637331 72.6543077468874 72.2625467300416 71.8707857131959 71.4790246963502 71.0872636795045 70.6955026626588 70.2583540598553 69.6850426991781 69.1117313385011
74.6831263860064 76.3322796079845 77.9814328299628 79.6305860519408 81.2797392739188 82.9288924958972 83.4125818888349 83.5077833387589 83.602984788683 83.698186238607 83.7933876885311 83.8885891384551 83.9837905883792 84.1532812118532 84.5456393559776 84.937997500102 85.3303556442263 85.7227137883507 86.115071932475 86.5074300765994 86.8997882207238 86.828043810527 86.6015985488896 86.3751532872522 86.1487080256148 85.9222627639775 85.6958175023401 85.4693722407027 84.8693386713671 83.1485401789353 81.4277416865037 79.7069431940721 77.9861447016402 76.2653462092087 74.5445477167771 72.8237492243452 72.1903961817425 71.9195249557497 71.6486537297568 71.377782503764 71.1069112777711 70.8360400517782 70.5651688257854 70.227239947849 69.6881381140816 69.1490362803142
74.3799999872842 75.7049342897201 77.0298685921563 78.3548028945922 79.6797371970281 81.0046714994643 81.4198125203452 81.531689114041 81.6435657077368 81.7554423014325 81.8673188951282 81.979195488824 82.0910720825197 82.2437649408978 82.518906593323 82.7940482457481 83.0691898981732 83.3443315505984 83.6194732030235 83.8946148554486 84.1697565078738 84.0805629094445 83.869924227397 83.6592855453494 83.4486468633019 83.2380081812544 83.0273694992069 82.8167308171594 82.2850337346401 80.7901614507044 79.2952891667689 77.8004168828334 76.3055445988977 74.8106723149622 73.3158000310267 71.8209277470909 71.3347235997519 71.1847421646119 71.0347607294719 70.884779294332 70.734797859192 70.584816424052 70.434834988912 70.1961258358427 69.691233528985 69.1863412221274
74.0768735885619 75.0775889714557 76.0783043543497 77.0790197372436 78.0797351201374 79.0804505030315 79.4270431518556 79.5555948893231 79.6841466267905 79.812698364258 79.9412501017254 80.0698018391928 80.1983535766603 80.3342486699423 80.4921738306683 80.6500989913942 80.8080241521201 80.965949312846 81.123874473572 81.2817996342979 81.4397247950238 81.3330820083621 81.1382499059044 80.9434178034467 80.748585700989 80.5537535985314 80.3589214960737 80.164089393616 79.7007287979131 78.4317827224735 77.1628366470341 75.8938905715947 74.6249444961551 73.3559984207157 72.0870523452763 70.8181062698366 70.4790510177613 70.4499593734742 70.4208677291871 70.3917760849 70.3626844406128 70.3335927963257 70.3045011520386 70.1650117238364 69.6943289438884 69.2236461639405
73.7737471898396 74.4502436531914 75.1267401165433 75.8032365798951 76.4797330432469 77.1562295065988 77.4342737833661 77.5795006646053 77.7247275458445 77.8699544270836 78.0151813083227 78.1604081895619 78.305635070801 78.4247323989871 78.4654410680138 78.5061497370405 78.5468584060672 78.5875670750939 78.6282757441206 78.6689844131473 78.709693082174 78.5856011072799 78.406575584412 78.2275500615442 78.0485245386764 77.8694990158085 77.6904734929407 77.5114479700728 77.1164238611863 76.0734039942428 75.0303841272995 73.9873642603561 72.9443443934126 71.9013245264693 70.858304659526 69.8152847925824 69.6233784357708 69.7151765823365 69.8069747289023 69.898772875468 69.9905710220337 70.0823691685995 70.1741673151652 70.1338976118301 69.6974243587918 69.2609511057536
72.6022930145265 73.131969663832 73.6616463131377 74.1913229624432 74.7209996117487 75.2506762610543 75.4942920049034 75.6425541136002 75.790816222297 75.9390783309939 76.0873404396907 76.2356025483875 76.3838646570843 76.4850429640878 76.4449698660111 76.4048967679344 76.3648236698577 76.324750571781 76.2846774737043 76.2446043756276 76.2045312775509 76.0625857353213 75.8866827117075 75.7107796880937 75.5348766644799 75.358973640866 75.1830706172522 75.0071675936384 74.6636887762286 73.8174825774302 72.971276378632 72.1250701798337 71.2788639810353 70.432657782237 69.5864515834388 68.7402453846404 68.6249943415325 68.7533950169882 68.881795692444 69.0101963678997 69.1385970433554 69.2669977188112 69.3953983942669 69.4081921365528 69.0741650793289 68.7401380221051
70.5625110626221 71.1227670033773 71.6830229441326 72.2432788848878 72.8035348256429 73.3637907663982 73.6070978164674 73.7447552363079 73.8824126561484 74.0200700759889 74.1577274958294 74.2953849156699 74.4330423355104 74.5151803652447 74.4307602246604 74.3463400840761 74.2619199434918 74.1774998029075 74.0930796623232 74.0086595217389 73.9242393811546 73.7640358924868 73.5785712877912 73.3931066830955 73.2076420783999 73.0221774737043 72.8367128690086 72.651248264313 72.3425235430403 71.664018472036 70.9855134010318 70.3070083300276 69.6285032590232 68.949998188019 68.2714931170148 67.5929880460105 67.4838987350465 67.5646146774293 67.6453306198121 67.7260465621949 67.8067625045777 67.8874784469606 67.9681943893434 67.9878952980043 67.8245511054994 67.6612069129945
