data/working_set_collections/6091692-Cassins_Sparrow-MC/1985/bio18.asc
NCOLS 265 
NROWS 230 
XLLCORNER -115.5625 
YLLCORNER 24.8333333333333 
CELLSIZE 0.0833333333333333 
NODATA_value -9999 
[rows 180 to 199 of 230, columns 92 to 137 of 265]
366.616709815131 362.82670296563 359.036696116129 355.246689266629 351.456682417127 345.338102213542 338.443330891928 331.548559570312 324.653788248698 317.759016927084 310.864245605468 303.969474283854 296.882708570693 289.219959682888 281.557210795085 273.894461907282 266.231713019477 258.568964131674 250.90621524387 243.243466356065 236.37060101827 229.761030197144 223.151459376017 216.541888554891 209.932317733765 203.322746912638 196.713176091512 191.138498475816 188.668500476413 186.19850247701 183.728504477607 181.258506478203 178.7885084788 176.318510479397 173.848512479994 172.325714492797 171.118649843003 169.91158519321 168.704520543416 167.497455893622 166.290391243828 165.083326594034 163.649097569783 161.53337542216 159.417653274536 157.301931126912
372.220175425212 368.229020436604 364.237865447998 360.246710459391 356.255555470784 350.154620361328 343.350425211589 336.546230061849 329.74203491211 322.93783976237 316.13364461263 309.329449462891 302.294711812338 294.568346659342 286.841981506348 279.115616353354 271.389251200358 263.662886047364 255.936520894369 248.210155741374 241.263069534302 234.575742975871 227.88841641744 221.201089859009 214.513763300579 207.826436742147 201.139110183716 195.50537071228 193.032392501831 190.559414291382 188.086436080932 185.613457870483 183.140479660034 180.667501449585 178.194523239136 176.647733688354 175.409673690795 174.171613693237 172.933553695678 171.69549369812 170.457433700561 169.219373703002 167.688733545939 165.28035291036 162.87197227478 160.463591639201
377.823641035292 373.631337907579 369.439034779866 365.246731652154 361.054428524441 354.971138509115 348.257519531251 341.543900553385 334.830281575521 328.116662597657 321.403043619792 314.689424641927 307.706715053983 299.916733635797 292.126752217611 284.336770799426 276.546789381239 268.756807963054 260.966826544869 253.176845126682 246.155538050334 239.390455754599 232.625373458862 225.860291163127 219.095208867392 212.330126571655 205.56504427592 199.872242948744 197.396284527249 194.920326105753 192.444367684258 189.968409262763 187.492450841268 185.016492419773 182.540533998278 180.969752883911 179.700697538587 178.431642193264 177.162586847941 175.893531502617 174.624476157294 173.355420811971 171.728369522095 169.02733039856 166.326291275024 163.625252151489
383.427106645372 379.033655378553 374.640204111735 370.246752844916 365.853301578097 359.787656656901 353.164613850912 346.541571044922 339.918528238932 333.295485432943 326.672442626953 320.049399820964 313.118718295628 305.26512061225 297.411522928874 289.557925245498 281.70432756212 273.850729878744 265.997132195367 258.14353451199 251.048006566366 244.205168533326 237.362330500285 230.519492467245 223.676654434205 216.833816401164 209.990978368124 204.239115185207 201.760176552666 199.281237920125 196.802299287584 194.323360655043 191.844422022501 189.36548338996 186.886544757419 185.291772079467 183.991721386379 182.691670693291 181.391620000203 180.091569307115 178.791518614027 177.491467920939 175.76800549825 172.77430788676 169.780610275268 166.786912663778
389.030572255453 384.435972849528 379.841373443603 375.246774037679 370.652174631754 364.604174804688 358.071708170574 351.539241536458 345.006774902344 338.47430826823 331.941841634114 325.409375 318.530721537273 310.613507588704 302.696293640137 294.77907969157 286.861865743001 278.944651794434 271.027437845867 263.110223897298 255.940475082398 249.019881312053 242.099287541707 235.178693771363 228.258100001018 221.337506230672 214.416912460328 208.605987421671 206.124068578084 203.642149734497 201.16023089091 198.678312047323 196.196393203735 193.714474360148 191.232555516561 189.613791275024 188.282745234171 186.951699193318 185.620653152465 184.289607111613 182.95856107076 181.627515029907 179.807641474406 176.52128537496 173.234929275513 169.948573176066
394.634037865533 389.838290320502 385.042542775472 380.246795230442 375.451047685411 369.420692952474 362.978802490235 356.536912027995 350.095021565756 343.653131103516 337.211240641276 330.769350179037 323.942724778918 315.961894565159 307.9810643514 300.000234137642 292.019403923883 284.038573710124 276.057743496366 268.076913282607 260.83294359843 253.834594090781 246.83624458313 239.837895075481 232.839545567831 225.841196060181 218.842846552532 212.972859658135 210.487960603502 208.003061548869 205.518162494235 203.033263439602 200.548364384969 198.063465330336 195.578566275703 193.935810470581 192.573769081963 191.211727693346 189.849686304728 188.48764491611 187.125603527493 185.763562138875 183.847277450562 180.26826286316 176.689248275757 173.110233688355
401.628779941134 396.671365525986 391.713951110839 386.756536695692 381.799122280544 375.733795420328 369.299164411757 362.864533403184 356.429902394612 349.99527138604 343.560640377468 337.126009368896 330.290787929959 322.253795199924 314.216802469889 306.179809739855 298.142817009819 290.105824279785 282.068831549751 274.031838819715 266.720833969116 259.651825078329 252.58281618754 245.513807296753 238.444798405965 231.375789515177 224.30678062439 218.376519690619 215.862502627902 213.348485565185 210.834468502468 208.320451439751 205.806434377034 203.292417314317 200.7784002516 199.089606984455 197.675888315836 196.262169647216 194.848450978596 193.434732309976 192.021013641357 190.607294972737 188.585337617662 184.73866420322 180.891990788777 177.045317374335
410.014798482259 404.935198465982 399.855598449707 394.775998433431 389.696398417154 383.543482208252 377.03279393514 370.522105662027 364.011417388916 357.500729115804 350.990040842692 344.47935256958 337.574910990398 329.489209493001 321.403507995606 313.31780649821 305.232105000814 297.146403503418 289.060702006023 280.975000508626 273.604146194458 266.471574274699 259.339002354939 252.206430435181 245.073858515422 237.941286595662 230.808714675903 224.816967519124 222.247694651285 219.678421783447 217.109148915608 214.53987604777 211.970603179931 209.401330312093 206.832057444254 205.07518081665 203.58910293579 202.103025054931 200.616947174072 199.130869293212 197.644791412353 196.158713531493 194.021821975708 189.932489395142 185.843156814575 181.753824234009
418.400817023383 413.199031405978 407.997245788574 402.79546017117 397.593674553765 391.353168996175 384.766423458524 378.179677920871 371.59293238322 365.006186845568 358.419441307915 351.832695770264 344.859034050836 336.724623786078 328.590213521322 320.455803256566 312.321392991808 304.186982727051 296.052572462295 287.918162197537 280.4874584198 273.29132347107 266.095188522339 258.899053573609 251.702918624879 244.506783676147 237.310648727417 231.257415347629 228.632886674669 226.008358001709 223.383829328749 220.759300655789 218.134771982828 215.510243309868 212.885714636909 211.060754648844 209.502317555745 207.943880462646 206.385443369547 204.827006276448 203.268569183349 201.71013209025 199.458306333754 195.126314587064 190.794322840373 186.462331093683
426.786835564507 421.462864345973 416.138893127441 410.814921908908 405.490950690374 399.162855784098 392.500052981906 385.837250179714 379.174447377522 372.511644575331 365.848841773138 359.186038970947 352.143157111274 343.960038079155 335.776919047038 327.59380001492 319.410680982801 311.227561950684 303.044442918566 294.861323886447 287.370770645141 280.11107266744 272.851374689737 265.591676712036 258.331978734335 251.072280756632 243.812582778931 237.697863176133 235.018078698052 232.33829421997 229.658509741888 226.978725263807 224.298940785725 221.619156307644 218.939371829562 217.046328481038 215.415532175699 213.784735870361 212.153939565022 210.523143259683 208.892346954345 207.261550649006 204.8947906918 200.320139778985 195.74548886617 191.170837953356
435.172854105631 429.726697285969 424.280540466308 418.834383646647 413.388226826985 406.972542572021 400.23368250529 393.494822438557 386.755962371826 380.017102305095 373.278242238362 366.539382171631 359.427280171713 351.195452372233 342.963624572754 334.731796773275 326.499968973795 318.268141174317 310.036313374838 301.804485575358 294.254082870483 286.930821863811 279.607560857137 272.284299850464 264.961038843791 257.637777837117 250.314516830444 244.138311004638 241.403270721435 238.668230438232 235.933190155029 233.198149871826 230.463109588623 227.72806930542 224.993029022217 223.031902313232 221.328746795654 219.625591278076 217.922435760497 216.219280242919 214.516124725341 212.812969207763 210.331275049846 205.513964970907 200.696654891968 195.879344813029
443.558872646756 437.990530225965 432.422187805176 426.853845384386 421.285502963595 414.782229359945 407.967312028673 401.152394697401 394.33747736613 387.522560034858 380.707642703586 373.892725372315 366.711403232151 358.43086666531 350.15033009847 341.869793531631 333.589256964789 325.30872039795 317.02818383111 308.747647264269 301.137395095825 293.750571060181 286.363747024536 278.976922988892 271.590098953248 264.203274917602 256.816450881958 250.578758833143 247.788462744819 244.998166656494 242.207870568169 239.417574479845 236.62727839152 233.836982303195 231.046686214871 229.017476145426 227.241961415608 225.466446685791 223.690931955973 221.915417226155 220.139902496338 218.36438776652 215.767759407892 210.707790162829 205.647820917765 200.587851672703
451.734855482313 446.133766343858 440.532677205403 434.931588066949 429.330498928493 422.720550282796 415.774315134684 408.828079986572 401.88184483846 394.935609690348 387.989374542236 381.043139394124 373.759644995796 365.464372846815 357.169100697835 348.873828548856 340.578556399875 332.283284250895 323.988012101916 315.692739952935 308.059732437134 300.647479799059 293.235227160983 285.822974522908 278.410721884834 270.998469246758 263.586216608683 257.319342380099 254.488603379991 251.657864379882 248.827125379774 245.996386379665 243.165647379556 240.334908379448 237.50416937934 235.400283050536 233.538680945501 231.677078840467 229.815476735432 227.953874630397 226.092272525363 224.230670420328 221.497348997328 216.14886962043 210.80039024353 205.451910866632
459.700802612305 454.156405639648 448.612008666992 443.067611694336 437.523214721679 430.787505340576 423.654691823324 416.52187830607 409.389064788818 402.256251271566 395.123437754313 387.990624237061 380.572005462647 372.295970916748 364.01993637085 355.743901824952 347.467867279052 339.191832733155 330.915798187257 322.639763641357 315.021094894409 307.621548080445 300.222001266479 292.822454452515 285.42290763855 278.023360824585 270.62381401062 264.360061645507 261.503692626953 258.647323608398 255.790954589843 252.934585571289 250.078216552734 247.221847534179 244.365478515625 242.180323028564 240.218905385335 238.257487742106 236.296070098876 234.334652455647 232.373234812418 230.411817169189 227.520043818156 221.83720334371 216.154362869263 210.471522394817
467.666749742296 462.179044935438 456.69134012858 451.203635321723 445.715930514865 438.854460398356 431.535068511963 424.21567662557 416.896284739177 409.576892852784 402.25750096639 394.938109079997 387.384365929499 379.127568986681 370.870772043864 362.613975101048 354.35717815823 346.100381215414 337.843584272597 329.58678732978 321.982457351685 314.595616361831 307.208775371975 299.821934382121 292.435093392267 285.048252402411 277.661411412557 271.400780910915 268.518781873915 265.636782836914 262.754783799913 259.872784762912 256.990785725911 254.10878668891 251.22678765191 248.960363006591 246.899129825168 244.837896643744 242.77666346232 240.715430280897 238.654197099473 236.59296391805 233.542738638984 227.52553706699 221.508335494995 215.491133923001
475.632696872287 470.201684231227 464.770671590169 459.33965894911 453.90864630805 446.921415456136 439.415445200602 431.909474945068 424.403504689534 416.897534434001 409.391564178466 401.885593922933 394.196726396349 385.959167056613 377.721607716878 369.484048377144 361.246489037407 353.008929697673 344.771370357938 336.533811018202 328.94381980896 321.569684643216 314.195549477471 306.821414311727 299.447279145983 292.073143980238 284.699008814494 278.441500176323 275.533871120876 272.626242065429 269.718613009982 266.810983954535 263.903354899088 260.995725843641 258.088096788194 255.740402984618 253.579354265 251.418305545382 249.257256825764 247.096208106146 244.935159386528 242.77411066691 239.565433459812 233.21387079027 226.862308120728 220.510745451186
483.598644002279 478.224323527017 472.850003051757 467.475682576497 462.101362101236 454.988370513916 447.295821889242 439.603273264567 431.910724639893 424.218176015219 416.525627390543 408.833078765869 401.009086863201 392.790765126546 384.572443389893 376.35412165324 368.135799916585 359.917478179932 351.699156443279 343.480834706624 335.905182266235 328.543752924602 321.182323582967 313.820894241333 306.459464899699 299.098035558064 291.736606216431 285.482219441731 282.548960367838 279.615701293945 276.682442220052 273.749183146158 270.815924072265 267.882664998372 264.949405924479 262.520442962646 260.259578704833 257.998714447021 255.737850189208 253.476985931396 251.216121673584 248.955257415771 245.58812828064 238.902204513551 232.21628074646 225.530356979371
491.56459113227 486.246962822808 480.929334513346 475.611706203885 470.294077894422 463.055325571696 455.176198577882 447.297071584066 439.417944590251 431.538817596436 423.65969060262 415.780563608806 407.821447330052 399.622363196479 391.423279062907 383.224194929336 375.025110795763 366.826026662191 358.62694252862 350.427858395047 342.866544723511 335.517821205988 328.169097688463 320.820374170939 313.471650653416 306.122927135891 298.774203618368 292.522938707139 289.5640496148 286.60516052246 283.646271430121 280.687382337782 277.728493245442 274.769604153103 271.810715060764 269.300482940673 266.939803144666 264.57912334866 262.218443552653 259.857763756646 257.497083960639 255.136404164632 251.610823101468 244.590538236831 237.570253372193 230.549968507556
496.39319788615 491.207558441162 486.021918996176 480.836279551189 475.650640106201 468.383310953777 460.422085232206 452.460859510634 444.499633789063 436.538408067493 428.57718234592 420.61595662435 412.622490776911 404.532304551867 396.442118326824 388.351932101781 380.261745876736 372.171559651693 364.08137342665 355.991187201606 348.54490331014 341.313253529867 334.081603749593 326.84995396932 319.618304189047 312.386654408772 305.155004628499 298.666769493951 294.408778296577 290.150787099203 285.89279590183 281.634804704456 277.376813507082 273.118822309709 268.860831112336 266.9680460612 265.863663058813 264.759280056425 263.654897054037 262.55051405165 261.446131049262 260.341748046874 257.678853946262 250.340426550972 243.00199915568 235.66357176039
498.084464263917 493.10611038208 488.127756500245 483.149402618409 478.171048736572 470.972326660157 463.033481852215 455.094637044271 447.155792236329 439.216947428387 431.278102620443 423.339257812501 415.412217203777 407.520589192709 399.628961181641 391.737333170574 383.845705159505 375.954077148438 368.062449137371 360.170821126302 352.940258026124 345.930049896241 338.919841766357 331.909633636475 324.899425506592 317.889217376709 310.879009246826 303.913711802165 297.083146413169 290.252581024171 283.422015635174 276.591450246178 269.76088485718 262.930319468184 256.099754079187 255.52313232422 257.031158447267 258.539184570313 260.04721069336 261.555236816406 263.063262939452 264.571289062499 263.792220815023 256.151869455974 248.511518096924 240.871166737875
