data/working_set_collections/6091692-Cassins_Sparrow-MC/1985/bio10.asc
NCOLS 265 
NROWS 230 
XLLCORNER -115.5625 
YLLCORNER 24.8333333333333 
CELLSIZE 0.0833333333333333 
NODATA_value -9999 
[rows 60 to 79 of 230, columns 46 to 91 of 265]
20.2611421267192 20.0331756909689 19.8052092552185 19.5772428194682 19.3492763837179 19.1213099479675 19.4630499839782 19.9946921772426 20.526334370507 21.0579765637715 21.5896187570359 22.1212609503003 22.6529031435648 23.0798181692759 23.1925516923268 23.3052852153778 23.4180187384287 23.5307522614797 23.6434857845306 23.7562193075815 23.8689528306325 23.7856028397878 23.6368916776445 23.4881805155012 23.339469353358 23.1907581912147 23.0420470290714 22.8933358669281 22.7393561045329 22.5695705413819 22.3997849782308 22.2299994150798 22.0602138519288 21.8904282887777 21.7206427256267 21.5508571624756 21.288155968984 20.9944828987122 20.7008098284404 20.4071367581686 20.1134636878968 19.8197906176249 19.5261175473531 19.2126727369097 18.8399127059513 18.4671526749929
19.8787537574769 19.7797518094381 19.6807498613994 19.5817479133606 19.4827459653219 19.3837440172831 19.741362094879 20.2511868476866 20.7610116004943 21.2708363533019 21.7806611061095 22.2904858589172 22.8003106117247 23.2112261295318 23.325413942337 23.4396017551422 23.5537895679473 23.6679773807525 23.7821651935577 23.8963530063629 24.0105408191681 23.9112797260285 23.7408689975739 23.5704582691193 23.4000475406647 23.2296368122101 23.0592260837555 22.8888153553009 22.710404586792 22.5079936981202 22.3055828094483 22.1031719207764 21.9007610321045 21.6983501434327 21.4959392547608 21.2935283660889 21.068146800995 20.8351083437603 20.6020698865255 20.3690314292908 20.1359929720561 19.9029545148214 19.6699160575867 19.3930698871613 18.9848005771637 18.5765312671662
19.4963653882345 19.5263279279073 19.5562904675802 19.586253007253 19.6162155469258 19.6461780865987 20.0196742057799 20.5076815181307 20.9956888304815 21.4836961428323 21.9717034551831 22.459710767534 22.9477180798847 23.3426340897878 23.4582761923472 23.5739182949066 23.689560397466 23.8052025000254 23.9208446025848 24.0364867051442 24.1521288077036 24.0369566122691 23.8448463175032 23.6527360227373 23.4606257279714 23.2685154332055 23.0764051384396 22.8842948436737 22.6814530690512 22.4464168548584 22.2113806406657 21.9763444264731 21.7413082122803 21.5062719980876 21.2712357838949 21.0361995697022 20.8481376330058 20.6757337888082 20.5033299446106 20.330926100413 20.1585222562154 19.9861184120178 19.8137145678202 19.5734670374129 19.1296884483762 18.6859098593395
19.1139770189921 19.2729040463765 19.431831073761 19.5907581011454 19.7496851285298 19.9086121559143 20.2979863166808 20.7641761885748 21.2303660604688 21.6965559323628 22.1627458042567 22.6289356761508 23.0951255480447 23.4740420500437 23.5911384423574 23.708234834671 23.8253312269846 23.9424276192983 24.0595240116119 24.1766204039255 24.2937167962392 24.1626334985097 23.9488236374326 23.7350137763553 23.5212039152781 23.307394054201 23.0935841931237 22.8797743320465 22.6525015513103 22.3848400115967 22.1171784718832 21.8495169321697 21.5818553924561 21.3141938527426 21.0465323130291 20.7788707733155 20.6281284650167 20.5163592338562 20.4045900026957 20.2928207715353 20.1810515403748 20.0692823092143 19.9575130780538 19.7538641876645 19.2745763195886 18.7952884515127
18.7315886497498 19.0194801648458 19.3073716799418 19.5952631950378 19.8831547101338 20.1710462252298 20.5762984275817 21.0206708590188 21.465043290456 21.9094157218932 22.3537881533303 22.7981605847676 23.2425330162047 23.6054500102996 23.7240006923675 23.8425513744354 23.9611020565032 24.0796527385711 24.198203420639 24.3167541027069 24.4353047847747 24.2883103847504 24.0528009573619 23.8172915299734 23.5817821025849 23.3462726751964 23.1107632478078 22.8752538204194 22.6235500335694 22.323263168335 22.0229763031007 21.7226894378663 21.4224025726319 21.1221157073975 20.8218288421632 20.5215419769288 20.4081192970276 20.3569846789043 20.3058500607809 20.2547154426575 20.2035808245341 20.1524462064107 20.1013115882873 19.9342613379161 19.419464190801 18.904667043686
18.3492002805074 18.766056283315 19.1829122861226 19.5997682889302 20.0166242917378 20.4334802945454 20.8546105384826 21.2771655294629 21.6997205204433 22.1222755114236 22.544830502404 22.9673854933844 23.3899404843647 23.7368579705556 23.8568629423777 23.9768679141998 24.0968728860219 24.216877857844 24.3368828296661 24.4568878014882 24.5768927733103 24.413987270991 24.1567782772912 23.8995692835914 23.6423602898916 23.3851512961918 23.127942302492 22.8707333087922 22.5945985158285 22.2616863250733 21.9287741343181 21.5958619435629 21.2629497528077 20.9300375620525 20.5971253712973 20.2642131805421 20.1881101290385 20.1976101239522 20.207110118866 20.2166101137797 20.2261101086934 20.2356101036072 20.2451100985209 20.1146584881678 19.5643520620135 19.0140456358593
18.238174454371 18.7203940868376 19.2026137193043 19.6848333517709 20.1670529842375 20.6492726167042 21.0732012589772 21.4776995711855 21.882197883394 22.2866961956023 22.6911945078107 23.0956928200191 23.5001911322275 23.8282780064477 23.9271305667029 24.0259831269582 24.1248356872135 24.2236882474687 24.322540807724 24.4213933679793 24.5202459282345 24.3410388946534 24.0691453297934 23.7972517649333 23.5253582000733 23.2534646352133 22.9815710703533 22.7096775054932 22.4235469341279 22.0947053432465 21.7658637523652 21.4370221614839 21.1081805706025 20.7793389797211 20.4504973888398 20.1216557979584 20.0303416728974 20.0182033697764 20.0060650666555 19.9939267635346 19.9817884604137 19.9696501572928 19.9575118541718 19.807749493917 19.2451149622601 18.6824804306032
18.3985111713408 18.8824935754139 19.366475979487 19.8504583835601 20.3344407876331 20.8184231917063 21.2320705890655 21.6222729841867 22.012475379308 22.4026777744292 22.7928801695505 23.1830825646718 23.573284959793 23.8797101179759 23.9348035653432 23.9898970127106 24.0449904600779 24.1000839074453 24.1551773548126 24.21027080218 24.2653642495474 24.0694652557374 23.7899021148683 23.5103389739991 23.23077583313 22.9512126922609 22.6716495513917 22.3920864105226 22.1103952884675 21.8223202228547 21.5342451572419 21.2461700916291 20.9580950260163 20.6700199604035 20.3819448947907 20.0938698291779 19.9348139286042 19.8187644163768 19.7027149041494 19.5866653919221 19.4706158796947 19.3545663674674 19.23851685524 19.0135343551638 18.4617528915407 17.9099714279177
18.5588478883106 19.0445930639901 19.5303382396697 20.0160834153492 20.5018285910287 20.9875737667083 21.3909399191538 21.7668463971879 22.142752875222 22.5186593532561 22.8945658312903 23.2704723093244 23.6463787873585 23.931142229504 23.9424765639835 23.9538108984629 23.9651452329424 23.9764795674218 23.9878139019013 23.9991482363807 24.0104825708602 23.7978916168214 23.5106588999431 23.2234261830648 22.9361934661866 22.6489607493084 22.3617280324301 22.0744953155519 21.7972436428071 21.5499351024628 21.3026265621186 21.0553180217744 20.8080094814301 20.5607009410859 20.3133924007416 20.0660838603974 19.839286184311 19.6193254629772 19.3993647416433 19.1794040203095 18.9594432989757 18.7394825776419 18.5195218563081 18.2193192164106 17.6783908208213 17.1374624252321
18.7191846052805 19.2066925525664 19.6942004998524 20.1817084471384 20.6692163944243 21.1567243417103 21.5498092492421 21.911419810189 22.2730303711361 22.6346409320831 22.99625149303 23.3578620539771 23.719472614924 23.9825743410322 23.9501495626238 23.9177247842153 23.8853000058068 23.8528752273984 23.8204504489899 23.7880256705814 23.755600892173 23.5263179779054 23.231415685018 22.9365133921306 22.6416110992432 22.3467088063559 22.0518065134685 21.7569042205811 21.4840919971467 21.277549982071 21.0710079669953 20.8644659519196 20.6579239368439 20.4513819217682 20.2448399066926 20.0382978916168 19.7437584400178 19.4198865095775 19.0960145791372 18.772142648697 18.4482707182568 18.1243987878165 17.8005268573762 17.4251040776573 16.8950287501019 16.3649534225466
18.8795213222503 19.3687920411426 19.8580627600351 20.3473334789275 20.8366041978199 21.3258749167124 21.7086785793304 22.0559932231902 22.4033078670501 22.75062251091 23.0979371547698 23.4452517986297 23.7925664424896 24.0340064525604 23.957822561264 23.8816386699677 23.8054547786713 23.7292708873749 23.6530869960785 23.5769031047822 23.5007192134858 23.2547443389894 22.9521724700929 22.6496006011964 22.3470287322999 22.0444568634034 21.7418849945069 21.4393131256105 21.1709403514863 21.0051648616791 20.839389371872 20.6736138820649 20.5078383922577 20.3420629024506 20.1762874126435 20.0105119228363 19.6482306957246 19.2204475561779 18.7926644166312 18.3648812770845 17.9370981375378 17.5093149979911 17.0815318584444 16.6308889389041 16.1116666793825 15.5924444198611
19.0398580392201 19.5308915297189 20.0219250202178 20.5129585107166 21.0039920012155 21.4950254917144 21.8675479094187 22.2005666361914 22.5335853629641 22.8666040897369 23.1996228165096 23.5326415432824 23.8656602700551 24.0854385640886 23.9654955599043 23.84555255572 23.7256095515358 23.6056665473514 23.4857235431672 23.3657805389829 23.2458375347986 22.9831707000733 22.6729292551678 22.3626878102621 22.0524463653565 21.742204920451 21.4319634755453 21.1217220306397 20.8577887058259 20.7327797412873 20.6077707767487 20.4827618122101 20.3577528476715 20.232743883133 20.1077349185944 19.9827259540558 19.5527029514314 19.0210086027783 18.4893142541251 17.957619905472 17.4259255568188 16.8942312081656 16.3625368595125 15.8366738001508 15.3283046086631 14.8199354171755
19.394268465042 19.8740780989327 20.3538877328236 20.8336973667143 21.3135070006051 21.793316634496 22.1476915518442 22.4602548970115 22.772818242179 23.0853815873463 23.3979449325137 23.7105082776811 24.0230716228484 24.2202569166819 24.0713080565135 23.922359196345 23.7734103361766 23.6244614760081 23.4755126158396 23.3265637556712 23.1776148955027 22.9207830746969 22.6279902670119 22.3351974593269 22.0424046516419 21.7496118439569 21.4568190362718 21.1640262285868 20.9131462362077 20.7880046897464 20.6628631432851 20.5377215968238 20.4125800503625 20.2874385039012 20.1622969574399 20.0371554109785 19.5631577650707 18.9728747526806 18.3825917402904 17.7923087279003 17.2020257155102 16.61174270312 16.0214596907299 15.4582581493591 14.9763010210462 14.4943438927333
19.942752599716 20.3983517487842 20.8539508978524 21.3095500469206 21.7651491959888 22.220748345057 22.5491095066069 22.8350580056507 23.1210065046945 23.4069550037383 23.6929035027821 23.9788520018259 24.2648005008697 24.4384615103404 24.2752600510915 24.1120585918426 23.9488571325938 23.7856556733449 23.6224542140961 23.4592527548472 23.2960512955983 23.0675814628601 22.8173555056254 22.5671295483907 22.316903591156 22.0666776339213 21.8164516766866 21.5662257194519 21.337012942632 21.1708397070566 21.0046664714813 20.838493235906 20.6723200003306 20.5061467647552 20.3399735291799 20.1738002936045 19.6795951366425 19.0760460058849 18.4724968751272 17.8689477443696 17.265398613612 16.6618494828543 16.0583003520967 15.4956419865291 15.0556559165319 14.6156698465348
20.4912367343901 20.9226253986357 21.3540140628814 21.7854027271269 22.2167913913725 22.6481800556182 22.9505274613697 23.2098611142899 23.4691947672101 23.7285284201303 23.9878620730505 24.2471957259707 24.5065293788909 24.6566661039988 24.4792120456695 24.3017579873403 24.124303929011 23.9468498706818 23.7693958123525 23.5919417540233 23.414487695694 23.2143798510234 23.006720744239 22.7990616374546 22.5914025306702 22.3837434238858 22.1760843171013 21.968425210317 21.7608796490563 21.5536747243669 21.3464697996775 21.1392648749881 20.9320599502987 20.7248550256093 20.51765010092 20.3104451762305 19.7960325082144 19.1792172590893 18.562402009964 17.9455867608389 17.3287715117138 16.7119562625886 16.0951410134634 15.5330258236992 15.1350108120177 14.7369958003363
21.0397208690642 21.4468990484872 21.8540772279103 22.2612554073333 22.6684335867562 23.0756117661793 23.3519454161325 23.5846642229291 23.8173830297258 24.0501018365223 24.2828206433189 24.5155394501156 24.7482582569122 24.8748706976573 24.6831640402476 24.4914573828379 24.2997507254283 24.1080440680186 23.9163374106089 23.7246307531993 23.5329240957896 23.3611782391866 23.1960859828525 23.0309937265184 22.8659014701843 22.7008092138502 22.5357169575161 22.370624701182 22.1847463554806 21.9365097416772 21.6882731278737 21.4400365140703 21.1917999002669 20.9435632864634 20.69532667266 20.4470900588566 19.9124698797863 19.2823885122936 18.6523071448009 18.0222257773082 17.3921444098156 16.7620630423229 16.1319816748302 15.5704096608693 15.2143657075035 14.8583217541377
21.5882050037382 21.9711726983387 22.3541403929391 22.7371080875395 23.1200757821399 23.5030434767404 23.7533633708953 23.9594673315683 24.1655712922413 24.3716752529143 24.5777792135873 24.7838831742604 24.9899871349334 25.0930752913157 24.8871160348256 24.6811567783356 24.4751975218455 24.2692382653554 24.0632790088654 23.8573197523753 23.6513604958852 23.5079766273498 23.3854512214661 23.2629258155822 23.1404004096985 23.0178750038147 22.8953495979309 22.7728241920471 22.6086130619049 22.3193447589874 22.0300764560699 21.7408081531525 21.451539850235 21.1622715473175 20.8730032444001 20.5837349414826 20.0289072513581 19.385559765498 18.7422122796377 18.0988647937776 17.4555173079174 16.8121698220572 16.168822336197 15.6077934980393 15.2937206029892 14.9796477079392
22.1366891384123 22.4954463481902 22.854203557968 23.2129607677458 23.5717179775237 23.9304751873015 24.1547813256581 24.3342704402075 24.5137595547569 24.6932486693064 24.8727377838558 25.0522268984052 25.2317160129546 25.3112798849742 25.0910680294037 24.8708561738332 24.6506443182628 24.4304324626923 24.2102206071218 23.9900087515513 23.7697968959808 23.6547750155131 23.5748164600796 23.4948579046461 23.4148993492126 23.3349407937791 23.2549822383456 23.1750236829121 23.0324797683292 22.7021797762977 22.3718797842662 22.0415797922347 21.7112798002031 21.3809798081716 21.0506798161401 20.7203798241086 20.14534462293 19.4887310187023 18.8321174144746 18.1755038102469 17.5188902060192 16.8622766017914 16.2056629975638 15.6451773352094 15.373075498475 15.1009736617407
22.565552441279 22.9007270230186 23.2359016047583 23.5710761864979 23.9062507682375 24.2414253499772 24.4272662957509 24.5633293628692 24.6993924299876 24.8354554971059 24.9715185642242 25.1075816313426 25.2436446984609 25.2951497395834 25.0929807027181 24.8908116658529 24.6886426289877 24.4864735921224 24.2843045552572 24.082135518392 23.8799664815267 23.7888768355052 23.7348136530982 23.6807504706912 23.6266872882843 23.5726241058773 23.5185609234704 23.4644977410634 23.3392387708029 23.0003924369812 22.6615461031596 22.322699769338 21.9838534355164 21.6450071016948 21.3061607678732 20.9673144340515 20.413675848643 19.7884398460389 19.1632038434347 18.5379678408305 17.9127318382264 17.2874958356221 16.662259833018 16.1324695401721 15.8890163766012 15.6455632130304
22.8747949123381 23.187014722824 23.4992345333099 23.8114543437957 24.1236741542815 24.4358939647674 24.5708182811737 24.6466440995534 24.7224699179331 24.7982957363129 24.8741215546926 24.9499473730723 25.025773191452 25.0446848551433 24.8928540547689 24.7410232543946 24.5891924540202 24.4373616536459 24.2855308532715 24.1337000528972 23.9818692525228 23.910282087326 23.8654428005218 23.8206035137176 23.7757642269134 23.7309249401092 23.686085653305 23.6412463665008 23.5288900693258 23.213982741038 22.8990754127503 22.5841680844625 22.2692607561747 21.954353427887 21.6394460995992 21.3245387713114 20.8339009284973 20.2846862475078 19.7354715665181 19.1862568855286 18.637042204539 18.0878275235493 17.5386128425598 17.0696701129276 16.8415432373681 16.6134163618087
