data/working_set_collections/6091692-Cassins_Sparrow-MC/1985/bio12.asc
NCOLS 265 
NROWS 230 
XLLCORNER -115.5625 
YLLCORNER 24.8333333333333 
CELLSIZE 0.0833333333333333 
NODATA_value -9999 
[rows 80 to 99 of 230, columns 0 to 45 of 265]
155.760455237495 160.773929087321 165.787402937147 170.800876786974 175.8143506368 180.827824486626 185.841298336453 192.938688786824 200.730718104044 208.522747421265 216.314776738485 224.106806055704 231.898835372925 239.690864690145 246.802598487007 251.873445722793 256.944292958578 262.015140194364 267.08598743015 272.156834665935 277.227681901721 282.298529137507 286.735783131918 290.961839379205 295.187895626493 299.41395187378 303.640008121067 307.866064368355 312.092120615642 315.779723951552 317.851968553332 319.924213155111 321.996457756891 324.06870235867 326.14094696045 328.213191562229 330.285436164009 323.744207382204 314.33182080587 304.919434229535 295.5070476532 286.094661076866 276.682274500531 267.269887924196 258.214856550431 250.231890784371
150.921022627089 155.50801671346 160.095010799831 164.682004886204 169.268998972575 173.855993058946 178.442987145318 185.189480463663 192.655806859334 200.122133255005 207.588459650675 215.054786046345 222.521112442017 229.987438837687 236.726805199517 241.285291459826 245.843777720134 250.402263980442 254.960750240751 259.519236501059 264.077722761367 268.636209021675 273.529551951091 278.53451377021 283.539475589329 288.544437408448 293.549399227566 298.554361046686 303.559322865804 307.947503831652 310.485342237685 313.023180643718 315.561019049751 318.098857455784 320.636695861817 323.174534267849 325.712372673883 319.328773880007 309.97136268616 300.613951492311 291.256540298464 281.899129104617 272.541717910768 263.184306716921 254.317255062529 246.921282026504
146.081590016683 150.2421043396 154.402618662516 158.563132985434 162.72364730835 166.884161631266 171.044675954184 177.440272140503 184.580895614624 191.721519088746 198.862142562866 206.002766036987 213.143389511109 220.28401298523 226.651011912029 230.69713719686 234.743262481691 238.789387766521 242.835513051353 246.881638336183 250.927763621014 254.973888905845 260.323320770265 266.107188161215 271.891055552166 277.674922943116 283.458790334066 289.242657725017 295.026525115967 300.115283711752 303.118715922039 306.122148132325 309.125580342611 312.129012552898 315.132444763184 318.13587697347 321.139309183757 314.91334037781 305.61090456645 296.308468755088 287.006032943728 277.703597132368 268.401161321006 259.098725509646 250.419653574628 243.610673268637
141.242157406277 144.976191965739 148.710226525201 152.444261084663 156.178295644125 159.912330203586 163.646364763049 169.691063817342 176.505984369913 183.320904922486 190.135825475057 196.950746027628 203.765666580201 210.580587132772 216.575218624539 220.108982933893 223.642747243246 227.1765115526 230.710275861953 234.244040171307 237.77780448066 241.311568790013 247.117089589438 253.679862552219 260.242635515002 266.805408477784 273.368181440565 279.930954403348 286.49372736613 292.283063591851 295.752089606392 299.221115620931 302.690141635471 306.159167650011 309.628193664551 313.097219679091 316.566245693631 310.497906875613 301.250446446739 292.002986017865 282.755525588991 273.508065160118 264.260604731243 255.01314430237 246.522052086726 240.30006451077
137.393246332804 140.662519200643 143.931792068481 147.20106493632 150.470337804159 153.739610671997 157.008883539836 162.575998624166 168.909061113993 175.242123603821 181.575186093648 187.908248583475 194.241311073304 200.574373563131 206.217249849108 209.789567523533 213.361885197958 216.934202872382 220.506520546808 224.078838221232 227.651155895657 231.223473570082 237.391792933146 244.425446192423 251.459099451701 258.492752710978 265.526405970255 272.560059229533 279.59371248881 285.86906314426 289.869505988227 293.869948832194 297.87039167616 301.870834520128 305.871277364095 309.871720208061 313.872163052029 308.043699264528 298.938933266536 289.834167268542 280.72940127055 271.624635272558 262.519869274564 253.415103276572 245.14703992208 239.389084498088
134.534856796265 137.301086044312 140.067315292358 142.833544540406 145.599773788453 148.366003036499 151.132232284547 156.095076560974 161.790125846863 167.485175132752 173.180224418641 178.875273704529 184.570322990419 190.265372276307 195.577105585735 199.738890965781 203.900676345826 208.062461725871 212.224247105917 216.386032485963 220.547817866008 224.709603246054 231.147430801391 238.343939081827 245.540447362264 252.7369556427 259.933463923136 267.129972203573 274.326480484008 280.873282368978 285.470965067546 290.068647766113 294.66633046468 299.264013163249 303.861695861816 308.459378560383 313.057061258951 307.550717544557 298.67636502584 289.802012507122 280.927659988405 272.053307469688 263.178954950969 254.304602432252 246.29461708069 240.877733230591
131.676467259725 133.93965288798 136.202838516235 138.466024144491 140.729209772746 142.992395401001 145.255581029257 149.614154497782 154.671190579732 159.728226661683 164.785262743632 169.842298825582 174.899334907533 179.956370989482 184.936961322361 189.688214408028 194.439467493694 199.190720579359 203.941973665026 208.693226750692 213.444479836358 218.195732922025 224.903068669637 232.262431971231 239.621795272827 246.981158574422 254.340521876016 261.699885177612 269.059248479207 275.877501593695 281.072424146864 286.267346700032 291.4622692532 296.657191806369 301.852114359537 307.047036912705 312.241959465874 307.057735824587 298.413796785145 289.769857745701 281.12591870626 272.481979666818 263.838040627374 255.194101587933 247.442194239299 242.366381963094
128.818077723185 130.578219731649 132.338361740112 134.098503748576 135.85864575704 137.618787765503 139.378929773967 143.133232434591 147.552255312602 151.971278190613 156.390301068624 160.809323946635 165.228346824647 169.647369702657 174.296817058987 179.637537850275 184.978258641561 190.318979432848 195.659700224135 201.000421015422 206.341141806708 211.681862597995 218.658706537882 226.180924860635 233.70314318339 241.225361506144 248.747579828897 256.269798151652 263.792016474405 270.881720818413 276.673883226183 282.466045633951 288.25820804172 294.05037044949 299.842532857258 305.634695265027 311.426857672797 306.564754104616 298.151228544449 289.737702984281 281.324177424114 272.910651863948 264.49712630378 256.083600743613 248.58977139791 243.855030695598
125.959688186646 127.216786575318 128.47388496399 129.730983352662 130.988081741334 132.245180130006 133.502278518678 136.652310371399 140.433320045472 144.214329719544 147.995339393617 151.776349067689 155.557358741761 159.338368415834 163.656672795614 169.586861292522 175.517049789429 181.447238286336 187.377426783245 193.307615280152 199.237803777059 205.167992273967 212.414344406128 220.09941775004 227.784491093954 235.469564437866 243.154637781778 250.839711125692 258.524784469604 265.885940043131 272.275342305501 278.664744567871 285.05414683024 291.44354909261 297.83295135498 304.222353617349 310.611755879719 306.071772384645 297.888660303754 289.705548222861 281.522436141969 273.339324061078 265.156211980185 256.973099899293 249.737348556519 245.343679428101
123.101298650106 123.855353418986 124.609408187867 125.363462956747 126.117517725627 126.871572494507 127.625627263388 130.171388308208 133.314384778341 136.457381248475 139.600377718608 142.743374188742 145.886370658876 149.029367129009 153.01652853224 159.536184734769 166.055840937297 172.575497139825 179.095153342353 185.614809544881 192.134465747409 198.654121949938 206.169982274373 214.017910639444 221.865839004517 229.713767369588 237.561695734659 245.409624099731 253.257552464802 260.890159267849 267.87680138482 274.86344350179 281.85008561876 288.836727735731 295.823369852701 302.810011969671 309.796654086642 305.578790664674 297.626092063058 289.67339346144 281.720694859824 273.767996258208 265.81529765659 257.862599054974 250.884925715129 246.832328160604
122.263843112522 122.756423441569 123.249003770616 123.741584099663 124.234164428711 124.726744757758 125.219325086805 127.441237322489 130.239593527051 133.037949731614 135.836305936177 138.63466214074 141.433018345303 144.231374549865 148.032568020289 154.842273288302 161.651978556314 168.461683824326 175.271389092339 182.08109436035 188.890799628362 195.700504896375 203.377684529621 211.344022284612 219.310360039604 227.276697794595 235.243035549586 243.209373304578 251.175711059569 259.049973127575 266.648008134629 274.246043141681 281.844078148734 289.442113155788 297.04014816284 304.638183169892 312.236218176946 308.294222513835 300.505549960667 292.716877407498 284.92820485433 277.139532301162 269.350859747993 261.562187194825 254.682107374403 250.527805752224
123.447321573893 123.919996643066 124.392671712239 124.865346781413 125.338021850586 125.810696919759 126.283371988932 128.461857414245 131.208946291605 133.956035168965 136.703124046325 139.450212923685 142.197301801045 144.944390678405 148.704791259764 155.505126953124 162.305462646483 169.105798339842 175.906134033202 182.706469726561 189.50680541992 196.30714111328 204.037451171874 212.077752685545 220.118054199218 228.158355712889 236.19865722656 244.238958740233 252.279260253905 260.365381622312 268.58896255493 276.812543487547 285.036124420164 293.259705352782 301.483286285398 309.706867218015 317.930448150633 314.218067932129 306.527033996583 298.836000061035 291.144966125489 283.453932189942 275.762898254394 268.071864318848 261.128893534342 256.430112202962
124.630800035265 125.083569844564 125.536339653863 125.989109463162 126.441879272461 126.89464908176 127.347418891059 129.482477506001 132.178299056158 134.874120606316 137.569942156473 140.26576370663 142.961585256788 145.657406806945 149.377014499239 156.167980617946 162.958946736652 169.749912855359 176.540878974066 183.331845092772 190.122811211478 196.913777330186 204.697217814126 212.811483086478 220.925748358831 229.040013631183 237.154278903535 245.268544175889 253.382809448241 261.68079011705 270.529916975232 279.379043833413 288.228170691594 297.077297549776 305.926424407957 314.775551266138 323.62467812432 320.141913350424 312.548518032499 304.955122714572 297.361727396648 289.768332078723 282.174936760796 274.581541442871 267.575679694282 262.3324186537
125.814278496636 126.247143046061 126.680007595486 127.112872144911 127.545736694336 127.978601243761 128.411465793186 130.503097597757 133.147651820712 135.792206043667 138.436760266621 141.081314489576 143.725868712531 146.370422935485 150.049237738714 156.830834282768 163.612430826822 170.394027370875 177.17562391493 183.957220458983 190.738817003037 197.520413547091 205.356984456379 213.545213487411 221.733442518445 229.921671549478 238.10990058051 246.298129611544 254.486358642577 262.996198611787 272.470871395534 281.945544179279 291.420216963024 300.89488974677 310.369562530515 319.844235314261 329.318908098007 326.065758768718 318.570002068415 311.07424536811 303.578488667807 296.082731967503 288.586975267198 281.091218566895 274.022465854221 268.234725104438
126.997756958008 127.410716247558 127.823675537109 128.23663482666 128.649594116211 129.062553405761 129.475512695312 131.523717689514 134.117004585265 136.710291481018 139.303578376769 141.896865272521 144.490152168273 147.083439064025 150.721460978188 157.49368794759 164.265914916991 171.038141886392 177.810368855793 184.582595825194 191.354822794595 198.127049763996 206.016751098631 214.278943888344 222.541136678059 230.803329467772 239.065522257485 247.327715047199 255.589907836912 264.311607106524 274.411825815835 284.512044525144 294.612263234454 304.712481943764 314.812700653074 324.912919362383 335.013138071694 331.989604187012 324.59148610433 317.193368021647 309.795249938965 302.397131856283 294.9990137736 287.600895690918 280.46925201416 274.137031555175
128.181235419379 128.574289449056 128.967343478732 129.360397508409 129.753451538086 130.146505567762 130.539559597439 132.54433778127 135.086357349819 137.628376918368 140.170396486918 142.712416055467 145.254435624016 147.796455192565 151.393684217663 158.156541612412 164.91939900716 171.682256401908 178.445113796657 185.207971191405 191.970828586153 198.733685980902 206.676517740884 215.012674289277 223.348830837673 231.684987386066 240.02114393446 248.357300482855 256.693457031248 265.627015601262 276.352780236137 287.07854487101 297.804309505884 308.530074140759 319.255838775632 329.981603410506 340.707368045381 337.913449605306 330.612970140246 323.312490675185 316.012011210124 308.711531745064 301.411052280002 294.110572814942 286.9160381741 280.039338005914
130.940545823838 131.429962666829 131.919379509819 132.40879635281 132.8982131958 133.387630038791 133.877046881781 135.794469451903 138.18789393107 140.581318410237 142.974742889403 145.36816736857 147.761591847737 150.155016326903 153.63982535468 160.398788028292 167.157750701903 173.916713375513 180.675676049125 187.434638722736 194.193601396347 200.952564069959 208.937681961058 217.331518257986 225.725354554917 234.119190851845 242.513027148774 250.906863445704 259.300699742633 268.446289062497 279.84713745117 291.247985839841 302.648834228512 314.049682617185 325.450531005857 336.851379394528 348.252227783201 346.138576507568 339.520092010498 332.901607513427 326.283123016357 319.664638519287 313.046154022216 306.427669525146 299.734639443291 292.817972607081
135.275688171386 135.977735900878 136.67978363037 137.381831359862 138.083879089354 138.785926818847 139.487974548339 141.274112701415 143.421614329019 145.569115956623 147.716617584227 149.864119211831 152.011620839436 154.15912246704 157.459884389239 164.22042719523 170.980970001219 177.741512807208 184.502055613198 191.262598419188 198.023141225177 204.783684031167 212.800243759153 221.235475794472 229.670707829792 238.10593986511 246.541171900429 254.976403935749 263.411635971067 272.769427490231 284.894897460935 297.020367431638 309.14583740234 321.271307373044 333.396777343747 345.522247314449 357.647717285153 356.664984893798 351.312851715087 345.960718536375 340.608585357665 335.256452178954 329.904319000242 324.552185821531 318.925055821735 312.472935358681
139.610830518934 140.525509134928 141.440187750921 142.354866366915 143.269544982909 144.184223598903 145.098902214897 146.753755950927 148.655334726968 150.55691350301 152.458492279052 154.360071055093 156.261649831135 158.163228607177 161.279943423799 168.042066362168 174.804189300535 181.566312238903 188.328435177272 195.09055811564 201.852681054007 208.614803992376 216.662805557249 225.139433330957 233.616061104667 242.092688878375 250.569316652084 259.045944425793 267.522572199502 277.092565917965 289.942657470701 302.792749023435 315.642840576168 328.492932128904 341.343023681637 354.193115234371 367.043206787107 367.191393280029 363.105611419677 359.019829559325 354.934047698973 350.848265838622 346.76248397827 342.676702117918 338.11547220018 332.127898110282
143.945972866482 145.073282368977 146.200591871473 147.327901373969 148.455210876464 149.58252037896 150.709829881455 152.233399200439 153.889055124918 155.544711049397 157.200366973876 158.856022898355 160.511678822835 162.167334747314 165.100002458359 171.863705529106 178.627408599852 185.391111670598 192.154814741345 198.918517812091 205.682220882838 212.445923953585 220.525367355345 229.043390867443 237.561414379542 246.07943789164 254.597461403738 263.115484915838 271.633508427936 281.4157043457 294.990417480467 308.565130615231 322.139843749996 335.714556884763 349.289270019528 362.863983154293 376.43869628906 377.717801666259 374.898371124267 372.078940582274 369.259510040282 366.44007949829 363.620648956297 360.801218414305 357.305888578626 351.782860861883
