data/working_set_collections/6091692-Cassins_Sparrow-MC/1985/bio11.asc
NCOLS 265 
NROWS 230 
XLLCORNER -115.5625 
YLLCORNER 24.8333333333333 
CELLSIZE 0.0833333333333333 
NODATA_value -9999 
[rows 40 to 59 of 230, columns 184 to 229 of 265]
-0.843879183381805 -0.885334602246688 -0.926790021111572 -0.962905248999605 -0.997240413228678 -1.03157557745775 -1.06591074168683 -1.1002459059159 -1.13458107014498 -1.16891623437405 -1.20203298032284 -1.23149447143078 -1.26095596253873 -1.29041745364667 -1.3198789447546 -1.34934043586255 -1.37880192697049 -1.40826341807843 -1.43984436094762 -1.47213178773722 -1.50441921452682 -1.53670664131642 -1.56899406810602 -1.60128149489562 -1.63356892168523 -1.66628804703554 -1.700302268068 -1.73431648910046 -1.76833071013292 -1.80234493116538 -1.83635915219785 -1.8703733732303 -1.90438759426276 -1.93089563250543 -1.95490160981815 -1.97890758713087 -2.0029135644436 -2.02691954175632 -2.05092551906904 -2.07493149638177 -2.10066137711208 -2.13156296809515 -2.16246455907823 -2.1933661500613 -2.22426774104437 -2.25516933202744
-0.751412269224729 -0.793649614271194 -0.835886959317659 -0.873515267173456 -0.90960722929902 -0.945699191424584 -0.981791153550154 -1.01788311567572 -1.05397507780128 -1.09006703992685 -1.124713113904 -1.15502152343591 -1.18532993296783 -1.21563834249974 -1.24594675203165 -1.27625516156356 -1.30656357109547 -1.33687198062738 -1.36794554094474 -1.39927415152391 -1.43060276210308 -1.46193137268226 -1.49325998326143 -1.5245885938406 -1.55591720441978 -1.5877102630006 -1.62089666558637 -1.65408306817214 -1.68726947075791 -1.72045587334368 -1.75364227592946 -1.78682867851523 -1.820015081101 -1.84641441305479 -1.87055138813125 -1.89468836320772 -1.91882533828418 -1.94296231336064 -1.96709928843711 -1.99123626351357 -2.01696716017194 -2.04747982157602 -2.0779924829801 -2.10850514438418 -2.13901780578826 -2.16953046719234
-0.638828766765081 -0.680749406443087 -0.722670046121093 -0.761341716178391 -0.798930396362111 -0.836519076545831 -0.874107756729557 -0.911696436913276 -0.949285117096996 -0.986873797280722 -1.02320427248876 -1.05576013276975 -1.08831599305074 -1.12087185333173 -1.15342771361272 -1.18598357389371 -1.2185394341747 -1.25109529445569 -1.28269617358844 -1.31397872567177 -1.3452612777551 -1.37654382983844 -1.40782638192177 -1.4391089340051 -1.47039148608844 -1.50219703449144 -1.53557157185343 -1.56894610921542 -1.60232064657741 -1.6356951839394 -1.6690697213014 -1.70244425866339 -1.73581879602538 -1.76232823034128 -1.78654929697514 -1.810770363609 -1.83499143024286 -1.85921249687672 -1.88343356351058 -1.90765463014444 -1.93347477548652 -1.96409215695328 -1.99470953842005 -2.0253269198868 -2.05594430135356 -2.08656168282032
-0.506128676002861 -0.546633978762367 -0.587139281521873 -0.626384596014412 -0.665209914417951 -0.704035232821491 -0.742860551225037 -0.781685869628577 -0.820511188032116 -0.859336506435663 -0.897506456077112 -0.933710299432288 -0.96991414278747 -1.00611798614265 -1.04232182949782 -1.078525672853 -1.11472951620818 -1.15093335956336 -1.18409625887872 -1.2162455101808 -1.24839476148288 -1.28054401278497 -1.31269326408705 -1.34484251538913 -1.37699176669122 -1.40974836150806 -1.44432698686918 -1.47890561223031 -1.51348423759143 -1.54806286295256 -1.58264148831368 -1.61722011367481 -1.65179873903593 -1.6786370843649 -1.70289533634981 -1.72715358833473 -1.75141184031964 -1.77567009230456 -1.79992834428947 -1.82418659627439 -1.85018422305585 -1.88139997422696 -1.91261572539807 -1.94383147656918 -1.97504722774029 -2.00626297891141
-0.37342858524063 -0.412518551081636 -0.451608516922643 -0.491427475850421 -0.53148943247378 -0.57155138909714 -0.611613345720507 -0.651675302343866 -0.691737258967226 -0.731799215590593 -0.771808639665453 -0.811660466094818 -0.851512292524189 -0.891364118953553 -0.931215945382917 -0.971067771812288 -1.01091959824165 -1.05077142467102 -1.08549634416899 -1.11851229468982 -1.15152824521065 -1.18454419573149 -1.21756014625232 -1.25057609677315 -1.28359204729399 -1.31729968852468 -1.35308240188493 -1.38886511524519 -1.42464782860544 -1.4604305419657 -1.49621325532596 -1.53199596868621 -1.56777868204647 -1.59494593838851 -1.61924137572448 -1.64353681306045 -1.66783225039642 -1.69212768773238 -1.71642312506835 -1.74071856240432 -1.76689367062516 -1.79870779150062 -1.83052191237609 -1.86233603325156 -1.89415015412702 -1.92596427500249
-0.240728494478398 -0.278403123400905 -0.316077752323412 -0.356470355686429 -0.397768950529609 -0.439067545372789 -0.480366140215976 -0.521664735059156 -0.562963329902336 -0.604261924745522 -0.646110823253795 -0.689610632757347 -0.733110442260907 -0.77661025176446 -0.820110061268012 -0.863609870771572 -0.907109680275124 -0.950609489778677 -0.986896429459259 -1.02077907919884 -1.05466172893842 -1.08854437867801 -1.12242702841759 -1.15630967815717 -1.19019232789676 -1.22485101554129 -1.26183781690068 -1.29882461826007 -1.33581141961946 -1.37279822097884 -1.40978502233824 -1.44677182369762 -1.48375862505701 -1.51125479241213 -1.53558741509915 -1.55992003778617 -1.58425266047319 -1.60858528316021 -1.63291790584723 -1.65725052853426 -1.68360311819448 -1.71601560877429 -1.74842809935411 -1.78084058993393 -1.81325308051374 -1.84566557109356
-0.108028403716178 -0.144287695720186 -0.180546987724193 -0.22151323552245 -0.26404846858545 -0.30658370164845 -0.349118934711456 -0.391654167774456 -0.434189400837456 -0.476724633900463 -0.520413006842147 -0.567560799419887 -0.614708591997636 -0.661856384575376 -0.709004177153116 -0.756151969730864 -0.803299762308604 -0.850447554886345 -0.888296514749538 -0.923045863707869 -0.9577952126662 -0.992544561624537 -1.02729391058287 -1.0620432595412 -1.09679260849954 -1.13240234255791 -1.17059323191643 -1.20878412127496 -1.24697501063347 -1.28516589999199 -1.32335678935052 -1.36154767870904 -1.39973856806755 -1.42756364643575 -1.45193345447382 -1.4763032625119 -1.50067307054998 -1.52504287858805 -1.54941268662612 -1.5737824946642 -1.6003125657638 -1.63332342604797 -1.66633428633214 -1.69934514661631 -1.73235600690047 -1.76536686718465
0.024671687046053 -0.0101722680394546 -0.0450162231249621 -0.0865561153584588 -0.130327986641279 -0.174099857924099 -0.217871729206926 -0.261643600489746 -0.305415471772566 -0.349187343055393 -0.394715190430489 -0.445510966082417 -0.496306741734354 -0.547102517386282 -0.597898293038211 -0.648694068690148 -0.699489844342076 -0.750285619994004 -0.789696600039808 -0.825312648216889 -0.86092869639397 -0.896544744571057 -0.932160792748139 -0.96777684092522 -1.00339288910231 -1.03995366957453 -1.07934864693218 -1.11874362428984 -1.15813860164749 -1.19753357900514 -1.23692855636279 -1.27632353372044 -1.31571851107809 -1.34387250045936 -1.36827949384849 -1.39268648723762 -1.41709348062675 -1.44150047401588 -1.46590746740501 -1.49031446079414 -1.51702201333311 -1.55063124332163 -1.58424047331016 -1.61784970329868 -1.6514589332872 -1.68506816327572
0.132232797751199 0.0996802044877138 0.0671276112242283 0.027408304950219 -0.0146999056606258 -0.0568081162714706 -0.0989163268823226 -0.141024537493167 -0.183132748104012 -0.225240958714864 -0.26978311635968 -0.321627115106417 -0.373471113853162 -0.425315112599899 -0.477159111346636 -0.529003110093381 -0.580847108840118 -0.632691107586855 -0.673019423646241 -0.709509178809829 -0.745998933973417 -0.782488689137011 -0.818978444300599 -0.855468199464187 -0.891957954627781 -0.929745386168366 -0.971425846839947 -1.01310630751153 -1.05478676818312 -1.0964672288547 -1.13814768952629 -1.17982815019787 -1.22150861086945 -1.25104378908873 -1.27653053982391 -1.30201729055908 -1.32750404129426 -1.35299079202944 -1.37847754276461 -1.40396429349979 -1.43165130499337 -1.46593909876214 -1.50022689253092 -1.5345146862997 -1.56880248006847 -1.60309027383725
0.214654928399241 0.1852697218613 0.155884515323359 0.120380025403565 0.0828357743564912 0.0452915233094178 0.00774727226233794 -0.0297969787847355 -0.0673412298318089 -0.104885480878889 -0.145616784629732 -0.195909246491896 -0.246201708354069 -0.296494170216233 -0.346786632078397 -0.39707909394057 -0.447371555802734 -0.497664017664898 -0.538264985568838 -0.57563545548669 -0.613005925404541 -0.650376395322399 -0.68774686524025 -0.725117335158101 -0.762487805075959 -0.801777492339424 -0.846824831639735 -0.891872170940055 -0.936919510240366 -0.981966849540677 -1.027014188841 -1.07206152814131 -1.11710886744162 -1.14907751232387 -1.17668659240008 -1.2042956724763 -1.23190475255252 -1.25951383262874 -1.28712291270495 -1.31473199278117 -1.34420044074457 -1.3792469923695 -1.41429354399444 -1.44934009561937 -1.4843866472443 -1.51943319886924
0.297077059047289 0.270859239234893 0.244641419422497 0.213351745856918 0.180371454373617 0.147391162890315 0.114410871407008 0.0814305799237059 0.0484502884404042 0.0154699969570969 -0.0214504528997738 -0.0701913778773653 -0.118932302854965 -0.167673227832556 -0.216414152810148 -0.265155077787747 -0.313896002765339 -0.36263692774293 -0.403510547491424 -0.441761732163539 -0.480012916835654 -0.518264101507775 -0.55651528617989 -0.594766470852005 -0.633017655524127 -0.673809598510471 -0.722223816439513 -0.770638034368564 -0.819052252297606 -0.867466470226648 -0.915880688155698 -0.96429490608474 -1.01270912401378 -1.047111235559 -1.07684264497625 -1.10657405439351 -1.13630546381077 -1.16603687322803 -1.19576828264528 -1.22549969206254 -1.25674957649576 -1.29255488597685 -1.32836019545794 -1.36416550493903 -1.39997081442012 -1.43577612390121
0.379499189695338 0.356448756608487 0.333398323521635 0.306323466310272 0.277907134390742 0.249490802471212 0.221074470551677 0.192658138632147 0.164241806712617 0.135825474793083 0.102715878830184 0.0555264907371658 0.00833710264413906 -0.0388522854488796 -0.0860416735418983 -0.133231061634925 -0.180420449727944 -0.227609837820962 -0.26875610941401 -0.307888008840388 -0.347019908266767 -0.386151807693152 -0.42528370711953 -0.464415606545909 -0.503547505972294 -0.545841704681518 -0.597622801239291 -0.649403897797073 -0.701184994354846 -0.752966090912619 -0.8047471874704 -0.856528284028173 -0.908309380585946 -0.945144958794123 -0.97699869755242 -1.00885243631072 -1.04070617506902 -1.07255991382732 -1.10441365258561 -1.13626739134392 -1.16929871224695 -1.2058627795842 -1.24242684692145 -1.27899091425869 -1.31555498159594 -1.35211904893319
0.461921320343379 0.442038273982073 0.422155227620766 0.399295186763618 0.375442814407859 0.3515904420521 0.327738069696338 0.303885697340579 0.280033324984821 0.256180952629058 0.226882210560132 0.181244359351686 0.135606508143232 0.0899686569347862 0.0443308057263401 -0.00130704548211379 -0.0469448966905599 -0.092582747899006 -0.134001671336607 -0.174014285517249 -0.214026899697891 -0.25403951387854 -0.294052128059182 -0.334064742239824 -0.374077356420473 -0.417873810852577 -0.47302178603908 -0.528169761225592 -0.583317736412096 -0.638465711598599 -0.693613686785111 -0.748761661971615 -0.803909637158118 -0.843178682029259 -0.877154750128596 -0.911130818227934 -0.945106886327277 -0.979082954426615 -1.01305902252595 -1.0470350906253 -1.08184784799815 -1.11917067319155 -1.15649349838496 -1.19381632357836 -1.23113914877177 -1.26846197396518
0.544343450991428 0.527627791355666 0.510912131719904 0.492266907216971 0.472978494424984 0.453690081632998 0.434401668841007 0.415113256049021 0.395824843257034 0.376536430465044 0.35104854229009 0.306962227966217 0.262875913642336 0.218789599318463 0.17470328499459 0.130616970670709 0.0865306563468354 0.042444342022962 0.000752766740806633 -0.0401405621940988 -0.0810338911290043 -0.121927220063917 -0.162820548998822 -0.203713877933728 -0.24460720686864 -0.289905917023624 -0.348420770838858 -0.406935624654102 -0.465450478469336 -0.523965332284569 -0.582480186099813 -0.640995039915047 -0.699509893730281 -0.741212405264386 -0.777310802704764 -0.813409200145142 -0.849507597585527 -0.885605995025905 -0.921704392466283 -0.957802789906667 -0.99439698374934 -1.0324785667989 -1.07056014984847 -1.10864173289803 -1.14672331594759 -1.18480489899715
0.628477825721098 0.612816549009741 0.597155272298384 0.579858670880391 0.562016961226856 0.54417525157332 0.526333541919782 0.508491832266247 0.490650122612711 0.472808412959173 0.448752689589231 0.406054925070045 0.363357160550852 0.320659396031666 0.27796163151248 0.235263866993287 0.192566102474101 0.149868337954915 0.10935855588565 0.0695781012997024 0.0297976467137548 -0.00998280787219967 -0.0497632624581474 -0.089543717044095 -0.12932417163005 -0.174053672338938 -0.233630311416664 -0.293206950494401 -0.352783589572127 -0.412360228649853 -0.47193686772759 -0.531513506805316 -0.591090145883043 -0.635046917727844 -0.673797067161653 -0.712547216595462 -0.751297366029277 -0.790047515463086 -0.828797664896895 -0.867547814330711 -0.906198413090575 -0.944550359828604 -0.98290230656664 -1.02125425330467 -1.0596062000427 -1.09795814678073
0.714324444532383 0.69760454694429 0.680884649356197 0.662070477753867 0.642558214813461 0.623045951873056 0.603533688932647 0.584021425992242 0.564509163051837 0.544996900111428 0.519994652457533 0.478522450663149 0.437050248868758 0.395578047074374 0.35410584527999 0.3126336434856 0.271161441691216 0.229689239896832 0.191815696097903 0.155141704964135 0.118467713830367 0.081793722696593 0.0451197315628251 0.00844574042905737 -0.0282282507047167 -0.0703170767985329 -0.128650407772513 -0.186983738746502 -0.245317069720482 -0.303650400694462 -0.361983731668451 -0.420317062642431 -0.478650393616411 -0.52468221941964 -0.56661354349927 -0.6085448675789 -0.650476191658537 -0.692407515738167 -0.734338839817796 -0.776270163897433 -0.817252136021859 -0.855386052280669 -0.893519968539485 -0.931653884798295 -0.969787801057105 -1.00792171731592
0.800171063343675 0.782392544878846 0.764614026414017 0.74428228462735 0.723099468400074 0.701916652172799 0.68073383594552 0.659551019718244 0.638368203490968 0.617185387263689 0.591236615325841 0.550989976256259 0.510743337186671 0.470496698117089 0.430250059047508 0.390003419977919 0.349756780908338 0.309510141838756 0.274272836310162 0.240705308628574 0.207137780946987 0.173570253265393 0.140002725583806 0.106435197902218 0.0728676702206247 0.0334195187418807 -0.0236705041283522 -0.0807605269985948 -0.137850549868828 -0.194940572739061 -0.252030595609303 -0.309120618479536 -0.366210641349769 -0.414317521111427 -0.459430019836878 -0.504542518562329 -0.549655017287787 -0.594767516013238 -0.639880014738689 -0.684992513464148 -0.728305858953136 -0.766221744732726 -0.804137630512323 -0.842053516291914 -0.879969402071504 -0.917885287851101
0.886017682154967 0.867180542813402 0.848343403471837 0.826494091500833 0.803640721986687 0.780787352472541 0.757933982958391 0.735080613444246 0.7122272439301 0.68937387441595 0.662478578194149 0.62345750184937 0.584436425504583 0.545415349159804 0.506394272815025 0.467373196470239 0.428352120125459 0.38933104378068 0.356729976522422 0.326268912293014 0.295807848063607 0.265346783834194 0.234885719604786 0.204424655375379 0.173963591145966 0.137156114282294 0.0813093995158082 0.0254626847493126 -0.0303840300171735 -0.0862307447836596 -0.142077459550155 -0.197924174316641 -0.253770889083127 -0.303952822803214 -0.352246496174486 -0.400540169545758 -0.448833842917038 -0.49712751628831 -0.545421189659583 -0.593714863030863 -0.639359581884412 -0.677057437184784 -0.714755292485161 -0.752453147785533 -0.790151003085904 -0.827848858386282
0.971864300966252 0.951968540747951 0.932072780529649 0.908705898374309 0.884181975573293 0.859658052772277 0.835134129971257 0.810610207170241 0.786086284369225 0.761562361568204 0.733720541062451 0.695925027442474 0.65812951382249 0.620334000202513 0.582538486582535 0.544742972962551 0.506947459342574 0.469151945722597 0.439187116734674 0.411832515957446 0.384477915180219 0.357123314402987 0.329768713625759 0.302414112848531 0.275059512071299 0.240892709822699 0.18628930315996 0.131685896497211 0.0770824898344716 0.0224790831717322 -0.0321243234910166 -0.0867277301537559 -0.141331136816495 -0.19358812449501 -0.245062972512103 -0.296537820529196 -0.348012668546298 -0.399487516563391 -0.450962364580484 -0.502437212597586 -0.550413304815696 -0.587893129636849 -0.625372954458007 -0.662852779279159 -0.700332604100312 -0.73781242892147
1.05771091977754 1.03675653868251 1.01580215758747 0.990917705247792 0.964723229159906 0.93852875307202 0.912334276984129 0.886139800896243 0.859945324808356 0.833750848720465 0.804962503930759 0.768392553035584 0.731822602140403 0.695252651245228 0.658682700350052 0.622112749454871 0.585542798559696 0.548972847664521 0.521644256946934 0.497396119621886 0.473147982296839 0.448899844971787 0.424651707646739 0.400403570321692 0.37615543299664 0.344629305363113 0.29126920680412 0.237909108245118 0.184549009686126 0.131188911127133 0.0778288125681315 0.0244687140091389 -0.0288913845498537 -0.0832234261867964 -0.137879448849711 -0.192535471512625 -0.247191494175548 -0.301847516838463 -0.356503539501377 -0.4111595621643 -0.461467027746973 -0.498728822088906 -0.535990616430845 -0.573252410772778 -0.610514205114711 -0.64777599945665
