data/working_set_collections/6091692-Cassins_Sparrow-MC/1985/bio12.asc
NCOLS 265 
NROWS 230 
XLLCORNER -115.5625 
YLLCORNER 24.8333333333333 
CELLSIZE 0.0833333333333333 
NODATA_value -9999 
[rows 200 to 219 of 230, columns 92 to 137 of 265]
786.433347066244 784.021288553874 781.609230041504 779.197171529134 776.785113016764 770.354401143393 762.584138149687 754.813875155979 747.043612162273 739.273349168567 731.503086174859 723.732823181153 714.938310241701 703.071047465007 691.203784688315 679.336521911623 667.469259134929 655.601996358237 643.734733581545 631.86747080485 619.298681894939 606.496050940621 593.693419986301 580.890789031983 568.088158077665 555.285527123345 542.482896169027 531.490392642551 525.928271399604 520.366150156656 514.80402891371 509.241907670763 503.679786427815 498.117665184868 492.555543941922 488.263611094156 484.395074378119 480.526537662082 476.658000946044 472.789464230007 468.92092751397 465.052390797932 459.774760691326 450.269850413006 440.764940134685 431.260029856365
787.141935729981 784.910447692871 782.678959655762 780.447471618653 778.215983581543 772.053649393718 764.581033155654 757.108416917589 749.635800679526 742.163184441462 734.690568203397 727.217951965333 718.793629455568 707.514188130697 696.234746805828 684.955305480958 673.675864156087 662.396422831218 651.116981506349 639.837540181478 627.674679311117 615.217345258926 602.760011206733 590.302677154541 577.84534310235 565.388009050157 552.930674997966 542.218084123399 536.739722781711 531.261361440022 525.783000098333 520.304638756645 514.826277414956 509.347916073268 503.86955473158 499.526693471271 495.56233223809 491.597971004909 487.633609771727 483.669248538546 479.704887305365 475.740526072183 470.237331390381 460.117636362713 449.997941335042 439.878246307374
787.850524393718 785.799606831868 783.74868927002 781.697771708171 779.646854146322 773.752897644044 766.577928161622 759.4029586792 752.227989196778 745.053019714357 737.878050231934 730.703080749512 722.648948669435 711.957328796387 701.265708923341 690.574089050294 679.882469177246 669.1908493042 658.499229431153 647.807609558105 636.050676727296 623.938639577231 611.826602427165 599.7145652771 587.602528127036 575.490490976969 563.378453826905 552.945775604248 547.551174163818 542.156572723388 536.761971282958 531.367369842529 525.972768402099 520.578166961669 515.18356552124 510.789775848387 506.729590098062 502.669404347737 498.609218597411 494.549032847086 490.48884709676 486.428661346434 480.699902089438 469.96542231242 459.230942535401 448.496462758383
788.559113057455 786.688765970866 784.818418884277 782.948071797689 781.0777247111 775.452145894369 768.57482316759 761.69750044081 754.820177714031 747.942854987252 741.065532260471 734.188209533692 726.504267883302 716.400469462077 706.296671040854 696.19287261963 686.089074198405 675.985275777182 665.881477355958 655.777678934733 644.426674143474 632.659933895536 620.893193647597 609.126453399659 597.359713151721 585.592972903781 573.826232655844 563.673467085096 558.362625545926 553.051784006754 547.740942467583 542.430100928412 537.119259389241 531.80841785007 526.497576310899 522.052858225504 517.896847958034 513.740837690565 509.584827423095 505.428817155625 501.272806888156 497.116796620686 491.162472788494 479.813208262127 468.463943735759 457.114679209393
785.21289130317 783.567890760635 781.9228902181 780.277889675566 778.632889133031 773.342540486656 766.837075805667 760.331611124676 753.826146443687 747.320681762698 740.815217081707 734.309752400718 727.058907402889 717.571921454537 708.084935506187 698.597949557837 689.110963609485 679.623977661134 670.136991712784 660.650005764432 649.734788513185 638.343494160972 626.952199808757 615.560905456544 604.169611104331 592.778316752116 581.387022399903 571.542769877116 566.339642842611 561.136515808105 555.9333887736 550.730261739095 545.52713470459 540.324007670085 535.12088063558 530.691323343912 526.519622633192 522.347921922472 518.176221211751 514.004520501031 509.83281979031 505.661119079589 499.608597819012 487.913614908856 476.218631998699 464.523649088543
777.811859130861 776.436981201173 775.062103271486 773.687225341798 772.312347412111 767.4240814209 761.364686075849 755.305290730796 749.245895385744 743.186500040692 737.127104695639 731.067709350588 724.312867228193 715.471684773764 706.630502319338 697.789319864911 688.948137410483 680.106954956056 671.26577250163 662.424590047201 651.975019836427 640.989320373537 630.003620910645 619.017921447755 608.032221984865 597.046522521973 586.060823059083 576.553683980306 571.482226053874 566.410768127441 561.339310201009 556.267852274577 551.196394348144 546.124936421712 541.05347849528 536.705171203613 532.597914123535 528.490657043457 524.383399963378 520.276142883301 516.168885803223 512.061628723144 506.038277180991 494.266642252606 482.49500732422 470.723372395835
770.410826958552 769.306071641711 768.201316324871 767.096561008031 765.99180569119 761.505622355145 755.892296346031 750.278970336915 744.665644327801 739.052318318687 733.438992309572 727.825666300457 721.566827053496 713.371448092992 705.176069132489 696.980690171986 688.785311211481 680.589932250978 672.394553290475 664.19917432997 654.21525115967 643.635146586102 633.055042012533 622.474937438966 611.894832865399 601.31472829183 590.734623718263 581.564598083496 576.624809265137 571.685020446777 566.745231628418 561.805442810059 556.865653991699 551.92586517334 546.986076354981 542.719019063314 538.676205613878 534.633392164443 530.590578715006 526.547765265571 522.504951816135 518.462138366699 512.46795654297 500.619669596357 488.771382649741 476.923095703127
763.009794786243 762.17516208225 761.340529378257 760.505896674264 759.67126397027 755.58716328939 750.419906616213 745.252649943035 740.085393269859 734.918136596682 729.750879923504 724.583623250327 718.8207868788 711.271211412219 703.72163594564 696.17206047906 688.622485012479 681.0729095459 673.52333407932 665.973758612739 656.455482482912 646.280972798667 636.106463114421 625.931953430177 615.757443745933 605.582934061687 595.408424377442 586.575512186686 581.7673924764 576.959272766113 572.151153055827 567.343033345541 562.534913635254 557.726793924967 552.918674214681 548.732866923014 544.754497104221 540.776127285427 536.797757466634 532.81938764784 528.841017829047 524.862648010253 518.897635904949 506.972696940106 495.047757975261 483.122819010418
755.608762613934 755.044252522788 754.479742431642 753.915232340496 753.35072224935 749.668704223635 744.947516886395 740.226329549155 735.505142211916 730.783954874676 726.062767537436 721.341580200197 716.074746704104 709.170974731446 702.26720275879 695.363430786134 688.459658813477 681.555886840821 674.652114868166 667.748342895508 658.695713806154 648.926799011232 639.157884216309 629.388969421388 619.620054626466 609.851139831543 600.082225036622 591.586426289876 586.909975687663 582.233525085449 577.557074483236 572.880623881023 568.204173278808 563.527722676595 558.851272074382 554.746714782714 550.832788594564 546.918862406413 543.004936218261 539.09101003011 535.17708384196 531.263157653808 525.327315266929 513.325724283857 501.324133300782 489.32254231771
748.207730441624 747.913342963326 747.618955485027 747.324568006728 747.03018052843 743.750245157879 739.475127156577 735.200009155275 730.924891153973 726.649773152671 722.374655151368 718.099537150066 713.328706529407 707.070738050674 700.812769571941 694.554801093209 688.296832614476 682.038864135743 675.780895657011 669.522927178277 660.935945129396 651.572625223797 642.209305318197 632.845985412599 623.482665507 614.1193456014 604.756025695802 596.597340393067 592.052558898926 587.507777404785 582.962995910645 578.418214416504 573.873432922363 569.328651428223 564.783869934083 560.760562642415 556.911080084907 553.061597527398 549.212114969889 545.362632412381 541.513149854872 537.663667297363 531.756994628908 519.678751627607 507.600508626303 495.522265625002
739.463423834909 739.602499220108 739.741574605308 739.880649990507 740.019725375707 737.193688456219 733.379280768503 729.564873080785 725.750465393068 721.936057705351 718.121650017634 714.307242329917 710.003579711916 704.232152303061 698.460724894207 692.689297485353 686.917870076499 681.146442667645 675.375015258791 669.603587849936 661.3157023112 652.188997395836 643.06229248047 633.935587565106 624.808882649742 615.682177734376 606.555472819012 598.593373446996 594.125090705025 589.656807963054 585.188525221084 580.720242479114 576.251959737143 571.783676995173 567.315394253202 563.375260416668 559.611176215279 555.84709201389 552.083007812501 548.318923611112 544.554839409723 540.790755208334 534.984866756866 523.053565555152 511.122264353436 499.190963151722
729.375842793784 730.111721293133 730.847599792482 731.58347829183 732.31935679118 729.999034118654 726.65997772217 723.320921325685 719.981864929201 716.642808532717 713.303752136232 709.964695739747 706.09936625163 700.655217488608 695.211068725587 689.766919962567 684.322771199545 678.878622436525 673.434473673504 667.990324910483 659.834985351564 650.775915527346 641.716845703126 632.657775878908 623.59870605469 614.53963623047 605.480566406252 597.574525451661 593.127571105958 588.680616760255 584.233662414552 579.786708068849 575.339753723145 570.892799377443 566.44584503174 562.59080810547 558.933076985678 555.275345865886 551.617614746095 547.959883626303 544.302152506512 540.644421386719 535.0109316508 523.450166066491 511.88940048218 500.32863489787
719.28826175266 720.620943366158 721.953624979656 723.286306593154 724.618988206652 722.804379781089 719.940674675837 717.076969570585 714.213264465333 711.349559360082 708.48585425483 705.622149149578 702.195152791343 697.078282674155 691.961412556968 686.84454243978 681.727672322592 676.610802205405 671.493932088218 666.377061971029 658.354268391929 649.362833658857 640.371398925783 631.37996419271 622.388529459638 613.397094726564 604.405659993491 596.555677456327 592.130051506892 587.704425557455 583.27879960802 578.853173658584 574.427547709148 570.001921759713 565.576295810277 561.806355794272 558.254977756077 554.703599717883 551.152221679688 547.600843641494 544.0494656033 540.498087565105 535.036996544735 523.84676657783 512.656536610923 501.466306644018
709.200680711535 711.130165439183 713.05965016683 714.989134894478 716.918619622125 715.609725443523 713.221371629504 710.833017815485 708.444664001466 706.056310187447 703.667956373427 701.279602559408 698.290939331056 693.501347859701 688.711756388348 683.922164916994 679.132573445639 674.342981974285 669.553390502931 664.763799031576 656.873551432293 647.949751790367 639.025952148439 630.102152506512 621.178352864585 612.254553222657 603.330753580731 595.536829460993 591.132531907825 586.728234354656 582.323936801488 577.91963924832 573.515341695151 569.111044141982 564.706746588814 561.021903483074 557.576878526477 554.131853569879 550.686828613282 547.241803656685 543.796778700088 540.35175374349 535.063061438669 524.243367089169 513.423672739666 502.603978390166
699.113099670411 701.639387512208 704.165675354005 706.691963195802 709.218251037599 708.415071105959 706.502068583172 704.589066060385 702.676063537599 700.763061014813 698.850058492026 696.937055969239 694.38672587077 689.924413045249 685.462100219728 680.999787394207 676.537474568686 672.075161743165 667.612848917644 663.150536092123 655.392834472658 646.536669921877 637.680505371095 628.824340820314 619.968176269533 611.112011718751 602.25584716797 594.517981465659 590.135012308758 585.752043151856 581.369073994956 576.986104838055 572.603135681153 568.220166524252 563.837197367352 560.237451171876 556.898779296876 553.560107421876 550.221435546876 546.882763671876 543.544091796876 540.205419921876 535.089126332603 524.639967600507 514.19080886841 503.741650136314
689.025518629288 692.148609585234 695.27170054118 698.394791497126 701.517882453072 701.220416768394 699.78276553684 698.345114305286 696.907463073732 695.469811842178 694.032160610624 692.59450937907 690.482512410484 686.347478230796 682.212444051108 678.077409871421 673.942375691733 669.807341512045 665.672307332358 661.53727315267 653.912117513023 645.123588053388 636.335058593751 627.546529134116 618.757999674481 609.969470214845 601.18094075521 593.499133470325 589.137492709691 584.775851949057 580.414211188423 576.05257042779 571.690929667156 567.329288906522 562.967648145889 559.452998860678 556.220680067275 552.988361273873 549.756042480469 546.523723687067 543.291404893664 540.059086100261 535.115191226538 525.036568111846 514.957944997153 504.879321882462
679.074610731337 683.100682237414 687.12675374349 691.152825249566 695.178896755642 695.558446756999 694.722489590116 693.886532423232 693.050575256348 692.214618089464 691.37866092258 690.542703755697 688.913137139215 684.902742173937 680.892347208659 676.881952243382 672.871557278104 668.861162312826 664.850767347549 660.84037238227 653.165042114259 644.268066745336 635.371091376412 626.474116007489 617.577140638565 608.680165269641 599.783189900718 592.003803337946 587.577183193632 583.150563049317 578.723942905003 574.29732276069 569.870702616375 565.444082472061 561.017462327747 557.529174296062 554.353663635255 551.178152974448 548.00264231364 544.827131652833 541.651620992026 538.476110331218 533.67603446113 524.002262963192 514.328491465253 504.654719967315
669.260375976563 674.495605468751 679.730834960938 684.966064453125 690.201293945313 691.429161071778 691.321240743002 691.213320414226 691.10540008545 690.997479756673 690.889559427897 690.781639099121 689.678600056967 685.590204874675 681.501809692383 677.413414510092 673.3250193278 669.236624145508 665.148228963217 661.059833780925 653.151608276369 643.970105997724 634.788603719077 625.607101440431 616.425599161786 607.244096883139 598.062594604494 590.031991068523 585.454083760581 580.876176452638 576.298269144695 571.720361836753 567.14245452881 562.564547220867 557.986639912925 554.465977478028 551.297730000815 548.129482523602 544.961235046388 541.792987569174 538.624740091961 535.456492614747 530.77165603638 521.537052154544 512.302448272707 503.067844390872
659.446141221789 665.890528700088 672.334916178386 678.779303656684 685.223691134983 687.299875386557 687.919991895888 688.54010840522 689.160224914551 689.780341423883 690.400457933214 691.020574442545 690.444062974718 686.277667575412 682.111272176107 677.944876776802 673.778481377496 669.612085978191 665.445690578885 661.279295179579 653.138174438478 643.672145250111 634.206116061742 624.740086873374 615.274057685007 605.808028496638 596.34199930827 588.060178799101 583.33098432753 578.601789855958 573.872595384388 569.143400912817 564.414206441245 559.685011969674 554.955817498103 551.402780659995 548.241796366375 545.080812072755 541.919827779135 538.758843485516 535.597859191896 532.436874898276 527.867277611629 519.071841345896 510.276405080161 501.480968814428
649.631906467013 657.285451931424 664.938997395833 672.592542860242 680.246088324652 683.170589701335 684.518743048774 685.866896396213 687.215049743652 688.563203091091 689.911356438531 691.25950978597 691.20952589247 686.965130276151 682.720734659831 678.476339043512 674.231943427192 669.987547810873 665.743152194554 661.498756578234 653.124740600588 643.374184502498 633.623628404407 623.873072306317 614.122516208227 604.371960110136 594.621404012046 586.088366529678 581.207884894479 576.327403259278 571.446921624079 566.56643998888 561.685958353679 556.80547671848 551.924995083281 548.339583841961 545.185862731935 542.032141621909 538.878420511882 535.724699401857 532.570978291831 529.417257181804 524.962899186878 516.606630537248 508.250361887616 499.894093237985
