data/working_set_collections/6091692-Cassins_Sparrow-MC/1985/bio14.asc
NCOLS 265 
NROWS 230 
XLLCORNER -115.5625 
YLLCORNER 24.8333333333333 
CELLSIZE 0.0833333333333333 
NODATA_value -9999 
[rows 180 to 199 of 230, columns 46 to 91 of 265]
2.73685148954393 2.84012251297633 2.94339353640875 3.04666455984115 3.14993558327355 3.25320660670597 3.25340667963028 3.21924976905187 3.18509285847345 3.15093594789504 3.11677903731663 3.08262212673821 3.0484652161598 3.12063147359412 3.51176723506708 3.90290299653997 4.29403875801286 4.68517451948582 5.07631028095871 5.4674460424316 5.85858180390456 6.38010261058795 6.94508509900819 7.51006758742854 8.07505007584878 8.64003256426903 9.20501505268938 9.76999754110962 10.3164218611186 10.8071716758939 11.2979214906692 11.7886713054444 12.2794211202197 12.770170934995 13.2609207497702 13.7516705645455 13.858187699318 13.8366272740894 13.8150668488609 13.7935064236323 13.7719459984038 13.7503855731753 13.7288251479467 13.6806197510826 13.5524794393116 13.4243391275406
2.57891231775284 2.71277298529942 2.84663365284602 2.9804943203926 3.11435498793917 3.24821565548577 3.27144669294357 3.25780118703842 3.24415568113326 3.23051017522811 3.21686466932295 3.2032191634178 3.18957365751264 3.27785025040297 3.67189313968015 4.06593602895727 4.45997891823439 4.85402180751157 5.24806469678869 5.64210758606581 6.03615047534299 6.53977205753315 7.07991987069433 7.62006768385561 8.1602154970168 8.70036331017799 9.24051112333927 9.78065893650045 10.3015585343042 10.7647134860356 11.227868437767 11.6910233894983 12.1541783412297 12.6173332929611 13.0804882446924 13.5436431964238 13.6441570997239 13.6237906535467 13.6034242073695 13.5830577611924 13.5626913150152 13.542324868838 13.5219584226609 13.477536781629 13.3609495560329 13.2443623304368
2.42097314596176 2.58542345762251 2.74987376928329 2.91432408094404 3.0787743926048 3.24322470426558 3.28948670625686 3.29635260502497 3.30321850379307 3.31008440256118 3.31695030132928 3.32381620009738 3.33068209886549 3.43506902721182 3.83201904429323 4.22896906137457 4.62591907845592 5.02286909553733 5.41981911261867 5.81676912970002 6.21371914678143 6.69944150447834 7.21475464238047 7.73006778028269 8.24538091818482 8.76069405608694 9.27600719398916 9.79132033189129 10.2866952074898 10.7222552961773 11.1578153848647 11.5933754735522 12.0289355622397 12.4644956509272 12.9000557396146 13.3356158283022 13.4301265001297 13.4109540330039 13.3917815658782 13.3726090987524 13.3534366316266 13.3342641645008 13.315091697375 13.2744538121754 13.1694196727541 13.0643855333329
2.26303397417068 2.45807392994561 2.65311388572057 2.84815384149549 3.04319379727042 3.23823375304538 3.30752671957015 3.33490402301151 3.36228132645288 3.38965862989424 3.4170359333356 3.44441323677696 3.47179054021832 3.59228780402065 3.99214494890629 4.39200209379186 4.79185923867743 5.19171638356307 5.59157352844864 5.99143067333421 6.39128781821985 6.85911095142353 7.3495894140666 7.84006787670975 8.33054633935282 8.8210248019959 9.31150326463905 9.80198172728212 10.2718318806753 10.679797106319 11.0877623319625 11.4957275576061 11.9036927832497 12.3116580088933 12.7196232345369 13.1275884601805 13.2160959005356 13.1981174124612 13.1801389243868 13.1621604363124 13.144181948238 13.1262034601636 13.1082249720892 13.0713708427218 12.9778897894754 12.884408736229
2.1050948023796 2.3307244022687 2.55635400215784 2.78198360204694 3.00761320193604 3.23324280182518 3.32556673288344 3.37345544099806 3.42134414911269 3.4692328572273 3.51712156534192 3.56501027345655 3.61289898157117 3.7495065808295 4.15227085351937 4.55503512620916 4.95779939889896 5.36056367158882 5.76332794427862 6.16609221696841 6.56885648965828 7.01878039836873 7.48442418575274 7.95006797313683 8.41571176052084 8.88135554790485 9.34699933528894 9.81264312267295 10.2569685538609 10.6373389164606 11.0177092790603 11.39807964166 11.7784500042597 12.1588203668594 12.5391907294591 12.9195610920588 13.0020653009415 12.9852807919185 12.9684962828954 12.9517117738724 12.9349272648494 12.9181427558264 12.9013582468033 12.8682878732682 12.7863599061966 12.7044319391251
1.94715563058851 2.20337487459179 2.45959411859511 2.71581336259838 2.97203260660166 3.22825185060498 3.34360674619673 3.41200685898461 3.4804069717725 3.54880708456037 3.61720719734825 3.68560731013613 3.75400742292401 3.90672535763835 4.31239675813244 4.71806815862646 5.12373955912049 5.52941095961458 5.9350823601086 6.34075376060262 6.74642516109671 7.17844984531393 7.61925895743888 8.06006806956391 8.50087718168886 8.94168629381381 9.38249540593884 9.82330451806378 10.2421052270465 10.5948807266023 10.9476562261581 11.3004317257139 11.6532072252697 12.0059827248255 12.3587582243813 12.7115337239371 12.7880347013474 12.7724441713757 12.7568536414041 12.7412631114324 12.7256725814608 12.7100820514891 12.6944915215175 12.6652049038146 12.5948300229179 12.5244551420212
1.81789828191198 2.08948748757438 2.36107669323682 2.63266589889921 2.9042551045616 3.17584431022405 3.3022546072801 3.38027193480068 3.45828926232127 3.53630658984185 3.61432391736243 3.69234124488302 3.7703585724036 3.93179061942623 4.34346682495538 4.75514303048446 5.16681923601355 5.5784954415427 5.99017164707178 6.40184785260086 6.81352405813001 7.22703134218846 7.64114898575669 8.055266629325 8.46938427289323 8.88350191646146 9.29761956002977 9.711737203598 10.1021473858091 10.421435183949 10.7407229820887 11.0600107802285 11.3792985783683 11.6985863765081 12.0178741746479 12.3371619727877 12.4122739712398 12.4059940364627 12.3997141016855 12.3934341669084 12.3871542321312 12.380874297354 12.3745943625769 12.3562889469995 12.3019070890216 12.2475252310436
-9999 1.98906224121646 2.26080172608295 2.53254121094939 2.80428069581584 3.07602018068233 3.2015103161335 3.27825066844622 3.35499102075896 3.43173137307167 3.5084717253844 3.58521207769713 3.66195243000985 3.82470236619306 4.24548105398811 4.66625974178308 5.08703842957806 5.50781711737311 5.92859580516809 6.34937449296307 6.77015318075812 7.16452488899225 7.5500942707061 7.93566365242002 8.32123303413387 8.70680241584772 9.09237179756164 9.47794117927549 9.83709503014881 10.1170022885005 10.3969095468521 10.6768168052038 10.9567240635554 11.2366313219071 11.5165385802587 11.7964458386104 11.8747831106187 11.8859303871791 11.8970776637396 11.9082249403001 11.9193722168605 11.930519493421 11.9416667699815 11.941540002823 11.9075911045075 11.8736422061921
-9999 -9999 -9999 2.43241652299957 2.70430628707007 2.97619605114061 3.1007660249869 3.17622940209177 3.25169277919664 3.3271561563015 3.40261953340636 3.47808291051124 3.5535462876161 3.71761411295988 4.14749528302083 4.57737645308171 5.00725762314258 5.43713879320353 5.8670199632644 6.29690113332527 6.72678230338622 7.10201843579605 7.45903955565552 7.81606067551505 8.17308179537451 8.53010291523398 8.88712403509351 9.24414515495297 9.57204267448848 9.81256939305201 10.0530961116155 10.293622830179 10.5341495487425 10.774676267306 11.0152029858695 11.2557297044331 11.3372922499975 11.3658667378956 11.3944412257937 11.4230157136918 11.4515902015899 11.4801646894879 11.508739177386 11.5267910586464 11.5132751199935 11.4997591813406
-9999 -9999 -9999 -9999 2.60433187832431 2.8763719215989 3.00002173384031 3.07420813573732 3.14839453763433 3.22258093953133 3.29676734142834 3.37095374332535 3.44514014522235 3.61052585972672 4.04950951205357 4.48849316438033 4.9274768167071 5.36646046903395 5.80544412136072 6.24442777368749 6.68341142601433 7.03951198259985 7.36798484060494 7.69645769861008 8.02493055661517 8.35340341462025 8.6818762726254 9.01034913063048 9.30699031882817 9.50813649760356 9.70928267637892 9.91042885515428 10.1115750339297 10.312721212705 10.5138673914804 10.7150135702558 10.7998013893764 10.8458030886121 10.8918047878478 10.9378064870835 10.9838081863192 11.0298098855549 11.0758115847906 11.1120421144698 11.1189591354795 11.1258761564891
-9999 -9999 -9999 -9999 -9999 2.77654779205718 2.89927744269372 2.97218686938286 3.04509629607202 3.11800572276116 3.1909151494503 3.26382457613946 3.3367340028286 3.50343760649355 3.95152374108629 4.39960987567896 4.84769601027162 5.29578214486436 5.74386827945703 6.19195441404969 6.64004054864243 6.97700552940365 7.27693012555435 7.5768547217051 7.87677931785581 8.17670391400651 8.47662851015727 8.77655310630797 9.04193796316783 9.20370360215508 9.3654692411423 9.52723488012952 9.68900051911677 9.85076615810399 10.0125317970912 10.1742974360785 10.2623105287553 10.3257394393286 10.3891683499019 10.4525972604752 10.5160261710485 10.5794550816219 10.6428839921952 10.6972931702932 10.7246431509654 10.7519931316376
-9999 -9999 -9999 -9999 -9999 -9999 2.79853315154712 2.8701656030284 2.9417980545097 3.01343050599098 3.08506295747227 3.15669540895357 3.22832786043485 3.39634935326038 3.85353797011901 4.31072658697758 4.76791520383614 5.22510382069478 5.68229243755334 6.1394810544119 6.59666967127054 6.91449907620744 7.18587541050376 7.45725174480013 7.72862807909645 8.00000441339277 8.27138074768914 8.54275708198546 8.7768856075075 8.89927070670661 9.02165580590569 9.14404090510477 9.26642600430387 9.38881110350295 9.51119620270203 9.63358130190114 9.72481966813412 9.80567579004505 9.886531911956 9.96738803386694 10.0482441557779 10.1291002776888 10.2099563995998 10.2825442261167 10.3303271664514 10.3781101067861
-9999 -9999 -9999 -9999 -9999 -9999 -9999 2.70490231083502 2.77126447591521 2.83762664099538 2.90398880607556 2.97035097115574 3.03671313623592 3.19586043987005 3.63336315916646 4.0708658784628 4.50836859775913 4.94587131705554 5.38337403635187 5.82087675564821 6.25837947494461 6.5562784453234 6.80764283272963 7.0590072201359 7.31037160754213 7.56173599494836 7.81310038235464 8.06446476976087 8.28172604110518 8.39667796426362 8.51162988742204 8.62658181058046 8.7415337337389 8.85648565689733 8.97143758005575 9.08638950321419 9.1860354622206 9.28057943317634 9.37512340413209 9.46966737508782 9.56421134604356 9.65875531699931 9.75329928795505 9.8422707835834 9.9145248532296 9.98677892287579
-9999 -9999 -9999 -9999 -9999 -9999 -9999 -9999 2.53349556028846 2.59059412777427 2.64769269526008 2.7047912627459 2.7618898302317 2.90197086632248 3.29099930822851 3.68002775013447 4.06905619204043 4.45808463394646 4.84711307585242 5.23614151775838 5.62516995966441 5.90234363675125 6.14223239223168 6.38212114771216 6.6220099031926 6.86189865867303 7.10178741415351 7.34167616963395 7.55645926396061 7.6959253748259 7.83539148569116 7.97485759655642 8.11432370742171 8.25378981828698 8.39325592915224 8.53272204001752 8.64595791101463 8.75045036872235 8.85494282643008 8.9594352841378 9.06392774184551 9.16842019955324 9.27291265726096 9.37647284269339 9.47723621129996 9.57799957990652
-9999 -9999 -9999 -9999 -9999 -9999 -9999 -9999 -9999 -9999 -9999 -9999 -9999 2.60808129277491 2.94863545729055 3.28918962180614 3.62974378632173 3.97029795083738 4.31085211535297 4.65140627986856 4.9919604443842 5.2484088281791 5.47682195173374 5.70523507528842 5.93364819884306 6.1620613223977 6.39047444595238 6.61888756950703 6.83119248681605 6.99517278538818 7.15915308396028 7.32313338253239 7.48711368110452 7.65109397967662 7.81507427824873 7.97905457682086 8.10588035980866 8.22032130426836 8.33476224872807 8.44920319318777 8.56364413764746 8.67808508210718 8.79252602656687 8.91067490180337 9.03994756937032 9.16922023693724
-9999 -9999 -9999 -9999 -9999 -9999 -9999 -9999 -9999 -9999 -9999 -9999 -9999 2.31419171922736 2.60627160635263 2.89835149347785 3.19043138060307 3.48251126772834 3.77459115485356 4.06667104197878 4.35875092910405 4.594474019607 4.81141151123585 5.02834900286474 5.24528649449358 5.46222398612243 5.67916147775132 5.89609896938017 6.10592570967155 6.29442019595052 6.48291468222946 6.6714091685084 6.85990365478738 7.04839814106632 7.23689262734526 7.42538711362424 7.56580280860274 7.69019223981441 7.81458167102611 7.93897110223778 8.06336053344945 8.18774996466115 8.31213939587283 8.4448769609134 8.60265892744071 8.760440893968
-9999 -9999 -9999 -9999 -9999 -9999 -9999 -9999 -9999 -9999 -9999 -9999 -9999 2.02030214567979 2.26390775541468 2.50751336514952 2.75111897488437 2.99472458461926 3.23833019435411 3.48193580408895 3.72554141382384 3.94053921103485 4.14600107073791 4.35146293044099 4.55692479014405 4.7623866498471 4.96784850955019 5.17331036925325 5.38065893252698 5.5936676065128 5.80667628049858 6.01968495448437 6.23269362847019 6.44570230245597 6.65871097644175 6.87171965042757 7.02572525739677 7.16006317536042 7.2944010933241 7.42873901128775 7.56307692925141 7.69741484721508 7.83175276517874 7.97907902002338 8.16537028551107 8.35166155099873
-9999 -9999 -9999 -9999 -9999 -9999 -9999 -9999 -9999 -9999 -9999 -9999 -9999 1.72641257213221 1.92154390447672 2.1166752368212 2.31180656916567 2.50693790151018 2.70206923385465 2.89720056619913 3.09233189854364 3.2866044024627 3.48059063023996 3.67457685801725 3.86856308579451 4.06254931357177 4.25653554134907 4.45052176912633 4.65539215538242 4.89291501707508 5.1304378787677 5.36796074046033 5.60548360215299 5.84300646384562 6.08052932553824 6.3180521872309 6.4856477061908 6.62993411090643 6.77422051562209 6.91850692033773 7.06279332505336 7.20707972976902 7.35136613448465 7.51328107913337 7.72808164358143 7.94288220802945
-9999 -9999 -9999 -9999 -9999 -9999 -9999 -9999 -9999 -9999 -9999 -9999 -9999 1.46412542896967 1.62698714621368 1.78984886345766 1.95271058070165 2.11557229794566 2.27843401518964 2.44129573243363 2.60415744967764 2.78421726276481 2.97000977446638 3.15580228616799 3.34159479786956 3.52738730957114 3.71317982127274 3.89897233297432 4.1017467296786 4.35546678139108 4.60918683310353 4.86290688481597 5.11662693652846 5.3703469882409 5.62406703995335 5.87778709166583 6.05582172075911 6.20862787564598 6.36143403053288 6.51424018541975 6.66704634030662 6.81985249519352 6.97265865008039 7.14741277959611 7.38801083299851 7.62860888640086
-9999 -9999 -9999 -9999 -9999 -9999 -9999 -9999 -9999 -9999 -9999 -9999 -9999 -9999 1.38023748062554 1.52703424505891 1.67383100949229 1.8206277739257 1.96742453835907 2.11422130279245 2.26101806722586 2.43337779194119 2.61425850341719 2.79513921489322 2.97601992636922 3.15690063784522 3.33778134932125 3.51866206079725 3.71972265541554 3.98132289946083 4.24292314350607 4.50452338755131 4.7661236315966 5.02772387564184 5.28932411968708 5.55092436373236 5.73624730110171 5.89614446957908 6.05604163805647 6.21593880653384 6.3758359750112 6.5357331434886 6.69563031196596 6.88147412141163 7.14515785376232 7.40884158611297
