data/working_set_collections/6091692-Cassins_Sparrow-MC/1985/bio10.asc
NCOLS 265 
NROWS 230 
XLLCORNER -115.5625 
YLLCORNER 24.8333333333333 
CELLSIZE 0.0833333333333333 
NODATA_value -9999 
[rows 160 to 179 of 230, columns 184 to 229 of 265]
27.1325100898743 27.1049491564433 27.0773882230123 27.0868005275726 27.1085372447968 27.1302739620209 27.152010679245 27.1737473964691 27.1954841136932 27.2172208309174 27.2505628267924 27.3187206586202 27.386878490448 27.4550363222758 27.5231941541036 27.5913519859314 27.6595098177592 27.727667649587 27.8015105247498 27.8772484143575 27.9529863039652 28.028724193573 28.1044620831807 28.1801999727885 28.2559378623962 28.3295444170634 28.3967569669088 28.4639695167541 28.5311820665995 28.5983946164449 28.6656071662903 28.7328197161356 28.800032265981 28.8379608631134 28.8661281426748 28.8942954222361 28.9224627017975 28.9506299813588 28.9787972609202 29.0069645404816 29.0217208385468 28.9962441921234 28.9707675457001 28.9452908992767 28.9198142528534 28.8943376064301
27.09739929835 27.0601795514425 27.0229598045349 27.0252509276072 27.0407123406728 27.0561737537384 27.071635166804 27.0870965798696 27.1025579929352 27.1180194060008 27.1475722524855 27.2193993992276 27.2912265459696 27.3630536927117 27.4348808394538 27.5067079861959 27.578535132938 27.65036227968 27.7341437975566 27.8219101058112 27.9096764140659 27.9974427223206 28.0852090305752 28.1729753388299 28.2607416470845 28.3435351371765 28.4114101727803 28.4792852083842 28.547160243988 28.6150352795919 28.6829103151957 28.7507853507995 28.8186603864034 28.8538939317067 28.8782469802433 28.9026000287798 28.9269530773163 28.9513061258528 28.9756591743893 29.0000122229258 29.0113337463803 28.9835606945886 28.9557876427968 28.9280145910051 28.9002415392134 28.8724684874217
27.079944117864 27.0317762957679 26.9836084736718 26.9798387527466 26.9908683988783 27.00189804501 27.0129276911418 27.0239573372735 27.0349869834052 27.046016629537 27.0727449629042 27.146569357978 27.2203937530518 27.2942181481255 27.3680425431993 27.4418669382731 27.5156913333469 27.5895157284207 27.6801608721415 27.776412932078 27.8726649920145 27.9689170519511 28.0651691118876 28.1614211718241 28.2576732317606 28.347317706214 28.4171394242181 28.4869611422221 28.5567828602261 28.6266045782301 28.6964262962341 28.7662480142381 28.8360697322421 28.8687948226929 28.8891543706258 28.9095139185588 28.9298734664917 28.9502330144246 28.9705925623576 28.9909521102905 28.9984726905823 28.9674763679505 28.9364800453186 28.9054837226868 28.8744874000549 28.8434910774231
27.0801445484161 27.0197393894196 26.959334230423 26.9505640029907 26.9590054194133 26.9674468358358 26.9758882522583 26.9843296686808 26.9927710851034 27.0012125015259 27.0260809580485 27.1002305348714 27.1743801116943 27.2485296885172 27.3226792653402 27.3968288421631 27.470978418986 27.5451279958089 27.6395617485046 27.7407568931579 27.8419520378113 27.9431471824646 28.0443423271179 28.1455374717712 28.2467326164245 28.340892124176 28.4139447212219 28.4869973182678 28.5600499153137 28.6331025123596 28.7061551094055 28.7792077064514 28.8522603034973 28.8826635360718 28.8988503138224 28.9150370915731 28.9312238693237 28.9474106470744 28.963597424825 28.9797842025757 28.9831376711528 28.9479912122091 28.9128447532654 28.8776982943217 28.842551835378 28.8074053764343
27.0803449789683 27.0077024830712 26.9350599871742 26.9212892532349 26.9271424399482 26.9329956266615 26.9388488133748 26.9447020000882 26.9505551868015 26.9564083735148 26.9794169531928 27.0538917117649 27.1283664703369 27.202841228909 27.277315987481 27.3517907460531 27.4262655046251 27.5007402631971 27.5989626248677 27.7051008542379 27.811239083608 27.9173773129781 28.0235155423482 28.1296537717183 28.2357920010884 28.334466542138 28.4107500182258 28.4870334943135 28.5633169704013 28.6396004464891 28.7158839225769 28.7921673986647 28.8684508747524 28.8965322494507 28.908546257019 28.9205602645874 28.9325742721558 28.9445882797241 28.9566022872925 28.9686162948608 28.9678026517232 28.9285060564677 28.8892094612122 28.8499128659566 28.8106162707011 28.7713196754456
27.0805454095205 26.9956655767229 26.9107857439253 26.892014503479 26.8952794604831 26.8985444174873 26.9018093744914 26.9050743314955 26.9083392884996 26.9116042455037 26.9327529483371 27.0075528886583 27.0823528289795 27.1571527693007 27.2319527096218 27.306752649943 27.3815525902642 27.4563525305854 27.5583635012309 27.6694448153178 27.7805261294047 27.8916074434916 28.0026887575785 28.1137700716654 28.2248513857523 28.3280409600999 28.4075553152296 28.4870696703593 28.5665840254889 28.6460983806186 28.7256127357483 28.8051270908779 28.8846414460076 28.9104009628296 28.9182422002157 28.9260834376017 28.9339246749878 28.9417659123739 28.9496071497599 28.957448387146 28.9524676322937 28.9090209007263 28.865574169159 28.8221274375916 28.7786807060242 28.7352339744568
27.0807458400726 26.9836286703746 26.8865115006765 26.8627397537232 26.8634164810181 26.864093208313 26.8647699356079 26.8654466629028 26.8661233901978 26.8668001174927 26.8860889434814 26.9612140655517 27.0363391876221 27.1114643096924 27.1865894317627 27.261714553833 27.3368396759033 27.4119647979736 27.517764377594 27.6337887763977 27.7498131752014 27.8658375740051 27.9818619728088 28.0978863716125 28.2139107704162 28.3216153780619 28.4043606122335 28.487105846405 28.5698510805766 28.6525963147481 28.7353415489197 28.8180867830912 28.9008320172628 28.9242696762085 28.9279381434123 28.931606610616 28.9352750778198 28.9389435450236 28.9426120122274 28.9462804794312 28.9371326128642 28.889535744985 28.8419388771057 28.7943420092265 28.7467451413473 28.699148273468
27.0809462706248 26.9715917640262 26.8622372574277 26.8334650039673 26.831553501553 26.8296419991387 26.8277304967245 26.8258189943102 26.8239074918959 26.8219959894816 26.8394249386258 26.9148752424452 26.9903255462646 27.0657758500841 27.1412261539035 27.216676457723 27.2921267615424 27.3675770653619 27.4771652539571 27.5981327374776 27.7191002209981 27.8400677045186 27.9610351880391 28.0820026715596 28.2029701550801 28.3151897960239 28.4011659092373 28.4871420224508 28.5731181356642 28.6590942488776 28.745070362091 28.8310464753045 28.9170225885179 28.9381383895874 28.9376340866089 28.9371297836304 28.9366254806519 28.9361211776733 28.9356168746948 28.9351125717163 28.9217975934347 28.8700505892436 28.8183035850525 28.7665565808614 28.7148095766703 28.6630625724793
27.1996636867523 27.0858322514428 26.9720008161333 26.9409343083699 26.9374561097886 26.9339779112074 26.9304997126261 26.9270215140448 26.9235433154635 26.9200651168823 26.9356557581159 27.0084529187944 27.0812500794728 27.1540472401512 27.2268444008297 27.2996415615081 27.3724387221866 27.445235882865 27.5511672973632 27.6681434631347 27.7851196289062 27.9020957946777 28.0190719604492 28.1360481262206 28.2530242919921 28.3618272516462 28.446110592948 28.5303939342498 28.6146772755517 28.6989606168535 28.7832439581553 28.8675272994571 28.9518106407589 28.9677139918009 28.9608240127563 28.9539340337117 28.9470440546672 28.9401540756226 28.933264096578 28.9263741175334 28.9078397379981 28.8543721569909 28.8009045759837 28.7474369949765 28.6939694139693 28.640501832962
27.4368980884552 27.3263501326243 27.2158021767934 27.1851476669311 27.1811243057251 27.177100944519 27.1730775833129 27.1690542221069 27.1650308609008 27.1610074996948 27.1747814019521 27.2419470945993 27.3091127872467 27.3762784798939 27.4434441725412 27.5106098651885 27.5777755578358 27.6449412504831 27.7397705078125 27.8438209533691 27.9478713989257 28.0519218444824 28.155972290039 28.2600227355956 28.3640731811523 28.461527744929 28.5391946633656 28.6168615818023 28.694528500239 28.7721954186757 28.8498623371124 28.9275292555491 29.0051961739858 29.0129964828491 28.9975079218546 28.9820193608602 28.9665307998657 28.9510422388713 28.9355536778768 28.9200651168823 28.8952590465546 28.842500448227 28.7897418498993 28.7369832515717 28.684224653244 28.6314660549164
27.6741324901581 27.5668680138058 27.4596035374535 27.4293610254923 27.4247925016615 27.4202239778306 27.4156554539998 27.411086930169 27.4065184063381 27.4019498825073 27.4139070457882 27.4754412704043 27.5369754950205 27.5985097196367 27.6600439442528 27.721578168869 27.7831123934851 27.8446466181013 27.9283737182617 28.0194984436035 28.1106231689453 28.2017478942871 28.2928726196289 28.3839973449707 28.4751220703125 28.5612282382117 28.6322787337833 28.7033292293548 28.7743797249264 28.8454302204979 28.9164807160695 28.9875312116411 29.0585817072126 29.0582789738973 29.034191830953 29.0101046880086 28.9860175450643 28.96193040212 28.9378432591756 28.9137561162313 28.882678355111 28.830628739463 28.7785791238149 28.7265295081669 28.6744798925188 28.6224302768707
27.9113668918609 27.8073858949873 27.7034048981137 27.6735743840535 27.6684606975979 27.6633470111423 27.6582333246866 27.653119638231 27.6480059517754 27.6428922653198 27.6530326896243 27.7089354462093 27.7648382027943 27.8207409593793 27.8766437159644 27.9325464725494 27.9884492291344 28.0443519857194 28.1169769287109 28.1951759338378 28.2733749389648 28.3515739440918 28.4297729492187 28.5079719543457 28.5861709594726 28.6609287314944 28.7253628042009 28.7897968769073 28.8542309496138 28.9186650223202 28.9830990950266 29.0475331677331 29.1119672404395 29.1035614649455 29.0708757400513 29.0381900151571 29.0055042902629 28.9728185653687 28.9401328404745 28.9074471155803 28.8700976636675 28.818757030699 28.7674163977305 28.716075764762 28.6647351317936 28.6133944988251
28.1486012935638 28.0479037761688 27.9472062587738 27.9177877426147 27.9121288935343 27.9064700444539 27.9008111953735 27.8951523462931 27.8894934972127 27.8838346481323 27.8921583334604 27.9424296220143 27.9927009105682 28.0429721991221 28.0932434876759 28.1435147762298 28.1937860647837 28.2440573533376 28.3055801391601 28.3708534240722 28.4361267089843 28.5013999938964 28.5666732788086 28.6319465637207 28.6972198486328 28.7606292247772 28.8184468746185 28.8762645244598 28.9340821743011 28.9918998241424 29.0497174739837 29.107535123825 29.1653527736664 29.1488439559937 29.1075596491496 29.0662753423055 29.0249910354614 28.9837067286174 28.9424224217733 28.9011381149292 28.8575169722239 28.806885321935 28.7562536716461 28.7056220213572 28.6549903710683 28.6043587207794
28.3858356952667 28.2884216573503 28.1910076194339 28.1620011011759 28.1557970894707 28.1495930777655 28.1433890660604 28.1371850543552 28.13098104265 28.1247770309448 28.1312839772966 28.1759237978193 28.220563618342 28.2652034388648 28.3098432593875 28.3544830799102 28.399122900433 28.4437627209557 28.4941833496093 28.5465309143066 28.5988784790039 28.6512260437011 28.7035736083984 28.7559211730957 28.8082687377929 28.8603297180599 28.9115309450361 28.9627321720123 29.0139333989885 29.0651346259647 29.1163358529409 29.167537079917 29.2187383068932 29.1941264470418 29.1442435582479 29.094360669454 29.04447778066 28.9945948918661 28.9447120030721 28.8948291142782 28.8449362807804 28.7950136131711 28.7450909455617 28.6951682779524 28.6452456103431 28.5953229427338
28.6230254968007 28.534801615609 28.4465777344174 28.4187446435292 28.4110418160756 28.403338988622 28.3956361611684 28.3879333337148 28.3802305062611 28.3725276788075 28.3760941664377 28.4134685993194 28.4508430322011 28.4882174650828 28.5255918979644 28.5629663308461 28.6003407637278 28.6377151966094 28.6778153260548 28.7188240210215 28.7598327159881 28.8008414109548 28.8418501059214 28.882858800888 28.9238674958547 28.9648795551724 29.0059017075432 29.0469238599141 29.087946012285 29.1289681646559 29.1699903170268 29.2110124693976 29.2520346217685 29.2225540796916 29.1695726394653 29.1165911992391 29.0636097590129 29.0106283187866 28.9576468785604 28.9046654383342 28.8521669811673 28.8011174731785 28.7500679651896 28.6990184572008 28.647968949212 28.5969194412232
28.8601706981659 28.787043650945 28.7139166037241 28.6880183696746 28.677863073349 28.6677077770233 28.6575524806976 28.6473971843719 28.6372418880462 28.6270865917205 28.6265889008839 28.6550640265146 28.6835391521453 28.712014277776 28.7404894034067 28.7689645290374 28.7974396546681 28.8259147802988 28.8564760684967 28.8877327442169 28.9189894199371 28.9502460956573 28.9815027713775 29.0127594470977 29.044016122818 29.0742787361145 29.1015591621399 29.1288395881653 29.1561200141907 29.183400440216 29.2106808662414 29.2379612922668 29.2652417182922 29.2341268539429 29.1835468928019 29.132966931661 29.08238697052 29.0318070093791 28.9812270482381 28.9306470870972 28.8792090733846 28.8251969019572 28.7711847305298 28.7171725591024 28.663160387675 28.6091482162476
29.097315899531 29.039285686281 28.9812554730309 28.9572920958201 28.9446843306223 28.9320765654246 28.9194688002268 28.9068610350291 28.8942532698313 28.8816455046336 28.8770836353302 28.8966594537099 28.9162352720896 28.9358110904693 28.955386908849 28.9749627272288 28.9945385456085 29.0141143639882 29.0351368109385 29.0566414674123 29.0781461238861 29.0996507803599 29.1211554368337 29.1426600933075 29.1641647497813 29.1836779170566 29.1972166167365 29.2107553164164 29.2242940160963 29.2378327157762 29.2513714154561 29.264910115136 29.2784488148159 29.2456996281942 29.1975211461385 29.1493426640829 29.1011641820272 29.0529856999715 29.0048072179159 28.9566287358602 28.906251165602 28.849276330736 28.79230149587 28.735326661004 28.678351826138 28.621376991272
29.3344611008962 29.2915277216169 29.2485943423377 29.2265658219655 29.2115055878957 29.1964453538258 29.181385119756 29.1663248856862 29.1512646516164 29.1362044175465 29.1275783697764 29.1382548809051 29.1489313920338 29.1596079031626 29.1702844142913 29.1809609254201 29.1916374365488 29.2023139476776 29.2137975533803 29.2255501906077 29.237302827835 29.2490554650624 29.2608081022898 29.2725607395172 29.2843133767446 29.2930770979987 29.2928740713331 29.2926710446675 29.292468018002 29.2922649913364 29.2920619646708 29.2918589380052 29.2916559113397 29.2572724024455 29.2114953994751 29.1657183965047 29.1199413935343 29.074164390564 29.0283873875936 28.9826103846232 28.9332932578193 28.8733557595147 28.8134182612101 28.7534807629056 28.693543264601 28.6336057662964
29.5716063022613 29.5437697569529 29.5159332116445 29.4958395481109 29.478326845169 29.4608141422271 29.4433014392852 29.4257887363433 29.4082760334014 29.3907633304596 29.3780731042226 29.3798503081003 29.3816275119781 29.3834047158559 29.3851819197336 29.3869591236114 29.3887363274892 29.390513531367 29.3924582958221 29.3944589138031 29.396459531784 29.398460149765 29.400460767746 29.4024613857269 29.4044620037079 29.4024762789408 29.3885315259298 29.3745867729187 29.3606420199076 29.3466972668966 29.3327525138855 29.3188077608744 29.3048630078634 29.2688451766968 29.2254696528117 29.1820941289266 29.1387186050415 29.0953430811564 29.0519675572713 29.0085920333862 28.9603353500366 28.8974351882935 28.8345350265503 28.7716348648071 28.708734703064 28.6458345413208
29.8087515036265 29.7960117922889 29.7832720809512 29.7651132742564 29.7451481024424 29.7251829306284 29.7052177588145 29.6852525870005 29.6652874151865 29.6453222433726 29.6285678386688 29.6214457352956 29.6143236319224 29.6072015285492 29.600079425176 29.5929573218027 29.5858352184295 29.5787131150563 29.5711190382639 29.5633676369985 29.555616235733 29.5478648344675 29.5401134332021 29.5323620319366 29.5246106306712 29.5118754598829 29.4841889805264 29.4565025011698 29.4288160218133 29.4011295424567 29.3734430631002 29.3457565837436 29.3180701043871 29.2804179509481 29.2394439061483 29.1984698613485 29.1574958165487 29.1165217717489 29.0755477269491 29.0345736821493 28.987377442254 28.9215146170722 28.8556517918905 28.7897889667087 28.723926141527 28.6580633163452
