data/working_set_collections/6091692-Cassins_Sparrow-MC/1985/bio15.asc
NCOLS 265 
NROWS 230 
XLLCORNER -115.5625 
YLLCORNER 24.8333333333333 
CELLSIZE 0.0833333333333333 
NODATA_value -9999 
[rows 80 to 99 of 230, columns 138 to 183 of 265]
51.0887949095826 52.978203741709 54.8676125738351 56.7570214059611 58.0340831438698 59.1070291837053 60.1799752235409 61.2529212633766 62.3258673032121 63.3988133430477 64.4717593828834 65.5309229744802 66.5487392213606 67.5665554682411 68.5843717151215 69.6021879620019 70.6200042088824 71.6378204557628 72.6556367026431 73.0119987487792 73.1478760613335 73.2837533738877 73.419630686442 73.5555079989963 73.6913853115505 73.8272626241048 73.9093031989204 73.8298335605198 73.7503639221192 73.6708942837186 73.5914246453179 73.5119550069173 73.4324853685167 73.3530157301161 72.8576563517253 72.2236670600045 71.5896777682836 70.9556884765626 70.3216991848417 69.6877098931209 69.0537206013999 68.4297830369739 67.8360006544327 67.2422182718914 66.6484358893502 66.054653506809
51.5948157522407 53.5338213284806 55.4728269047202 57.4118324809598 58.7001633008319 59.7716025352475 60.8430417696631 61.9144810040789 62.9859202384946 64.0573594729102 65.128798707326 66.1802619722151 67.1717973285248 68.1633326848346 69.1548680411442 70.1464033974538 71.1379387537636 72.1294741100732 73.1210094663829 73.4052146911621 73.4536432054307 73.5020717196994 73.5505002339681 73.5989287482367 73.6473572625054 73.6957857767741 73.7242737664117 73.6929401821561 73.6616065979004 73.6302730136448 73.5989394293891 73.5676058451335 73.5362722608778 73.5049386766222 72.9724049886069 72.2728045993383 71.5732042100696 70.8736038208009 70.1740034315323 69.4744030422637 68.7748026529949 68.0902924431697 67.4510527716745 66.8118131001792 66.172573428684 65.5333337571888
52.1008365948988 54.0894389152522 56.0780412356053 58.0666435559584 59.3662434577939 60.4361758867896 61.5061083157853 62.5760407447812 63.6459731737769 64.7159056027726 65.7858380317685 66.82960096995 67.7948554356889 68.760109901428 69.7253643671668 70.6906188329057 71.6558732986448 72.6211277643837 73.5863822301225 73.7984306335449 73.7594103495279 73.720390065511 73.6813697814941 73.6423494974772 73.6033292134603 73.5643089294434 73.539244333903 73.5560468037923 73.5728492736816 73.589651743571 73.6064542134603 73.6232566833496 73.6400591532389 73.6568616231282 73.0871536254884 72.3219421386721 71.5567306518557 70.7915191650392 70.0263076782229 69.2610961914065 68.49588470459 67.7508018493654 67.0661048889163 66.381407928467 65.6967109680178 65.0120140075686
52.606857437557 54.6450565020239 56.6832555664905 58.721454630957 60.032323614756 61.1007492383318 62.1691748619076 63.2376004854835 64.3060261090593 65.3744517326351 66.4428773562111 67.478939967685 68.4179135428531 69.3568871180214 70.2958606931895 71.2348342683577 72.173807843526 73.1127814186941 74.0517549938622 74.1916465759277 74.0651774936252 73.9387084113227 73.8122393290202 73.6857702467177 73.5593011644152 73.4328320821127 73.3542149013943 73.4191534254286 73.4840919494629 73.5490304734972 73.6139689975314 73.6789075215657 73.7438460456 73.8087845696343 73.2019022623699 72.3710796780058 71.5402570936417 70.7094345092775 69.8786119249134 69.0477893405493 68.2169667561851 67.4113112555612 66.681157006158 65.9510027567547 65.2208485073516 64.4906942579484
53.5343795140577 55.5823617935176 57.6303440729771 59.6783263524366 60.94908692042 61.9607735845774 62.9724602487348 63.9841469128924 64.9958335770498 66.0075202412072 67.0192069053648 67.9967331780325 68.8717782762313 69.7468233744302 70.6218684726289 71.4969135708277 72.3719586690266 73.2470037672253 74.1220488654241 74.1992672602336 74.0105434205798 73.821819580926 73.6330957412721 73.4443719016182 73.2556480619644 73.0669242223105 72.9482621510824 73.0397853851319 73.1313086191814 73.2228318532308 73.3143550872803 73.4058783213298 73.4974015553793 73.5889247894288 72.9568807601931 72.0836476431955 71.210414526198 70.3371814092003 69.4639482922027 68.5907151752051 67.7174820582074 66.876380772061 66.1316749784685 65.3869691848757 64.6422633912831 63.8975575976904
54.883402824401 56.9013547897333 58.9193067550652 60.9372587203972 62.116533374786 63.0162489255265 63.9159644762671 64.8156800270078 65.7153955777483 66.6151111284888 67.5148266792295 68.3829806009926 69.1564496358233 69.9299186706541 70.7033877054848 71.4768567403155 72.2503257751464 73.0237948099771 73.7972638448078 73.8212926864625 73.5955081303916 73.3697235743206 73.1439390182497 72.9181544621787 72.6923699061077 72.4665853500368 72.3213860829672 72.4179426829021 72.514499282837 72.6110558827719 72.7076124827068 72.8041690826417 72.9007256825766 72.9972822825115 72.3520891189578 71.459646034241 70.5672029495243 69.6747598648074 68.7823167800907 67.8898736953739 66.997430610657 66.146010398865 65.4176588058475 64.6893072128298 63.9609556198123 63.2326040267948
56.2324261347445 58.2203477859492 60.2082694371535 62.1961910883578 63.2839798291521 64.0717242664758 64.8594687037994 65.6472131411232 66.4349575784468 67.2227020157705 68.0104464530943 68.7692280239527 69.4411209954153 70.1130139668781 70.7849069383408 71.4567999098034 72.1286928812662 72.8005858527288 73.4724788241915 73.4433181126913 73.1804728402033 72.9176275677153 72.6547822952272 72.3919370227391 72.1290917502511 71.866246477763 71.694510014852 71.7960999806723 71.8976899464926 71.9992799123129 72.1008698781332 72.2024598439535 72.3040498097738 72.4056397755941 71.7472974777224 70.8356444252865 69.9239913728506 69.0123383204145 68.1006852679785 67.1890322155426 66.2773791631065 65.415640025669 64.7036426332265 63.9916452407839 63.2796478483415 62.567650455899
57.581449445088 59.539340782165 61.4972321192418 63.4551234563185 64.4514262835182 65.127199607425 65.8029729313318 66.4787462552386 67.1545195791454 67.8302929030522 68.5060662269591 69.1554754469128 69.7257923550074 70.2961092631021 70.8664261711967 71.4367430792913 72.007059987386 72.5773768954806 73.1476938035752 73.0653435389202 72.765437550015 72.4655315611099 72.1656255722047 71.8657195832996 71.5658135943944 71.2659076054892 71.0676339467367 71.1742572784424 71.2808806101482 71.3875039418539 71.4941272735596 71.6007506052653 71.7073739369711 71.8139972686768 71.142505836487 70.2116428163319 69.2807797961768 68.3499167760216 67.4190537558664 66.4881907357113 65.557327715556 64.6852696524728 63.9896264606055 63.293983268738 62.5983400768706 61.9026968850033
58.9304727554314 60.8583337783808 62.7861948013299 64.714055824279 65.6188727378842 66.1826749483741 66.746477158864 67.310279369354 67.8740815798439 68.4378837903338 69.0016860008238 69.5417228698729 70.0104637145994 70.4792045593261 70.9479454040526 71.4166862487792 71.8854270935058 72.3541679382324 72.8229087829589 72.687368965149 72.3504022598268 72.0134355545046 71.6764688491823 71.33950214386 71.0025354385378 70.6655687332155 70.4407578786215 70.5524145762126 70.6640712738038 70.7757279713949 70.8873846689861 70.9990413665772 71.1106980641684 71.2223547617595 70.5377141952517 69.5876412073774 68.6375682195032 67.6874952316287 66.7374222437544 65.7873492558801 64.8372762680057 63.9548992792768 63.2756102879845 62.5963212966921 61.9170323053999 61.2377433141076
60.2794960657748 62.1773267745967 64.0751574834182 65.9729881922397 66.7863191922503 67.2381502893234 67.6899813863964 68.1418124834695 68.5936435805425 69.0454746776155 69.4973057746886 69.927970292833 70.2951350741915 70.66229985555 71.0294646369085 71.396629418267 71.7637941996256 72.1309589809841 72.4981237623426 72.3093943913779 71.9353669696385 71.5613395478992 71.1873121261598 70.8132847044205 70.4392572826811 70.0652298609417 69.8138818105062 69.9305718739828 70.0472619374594 70.1639520009359 70.2806420644125 70.3973321278891 70.5140221913656 70.6307122548422 69.9329225540164 68.9636395984229 67.9943566428294 67.0250736872358 66.0557907316423 65.0865077760488 64.1172248204552 63.2245289060807 62.5615941153635 61.8986593246462 61.235724533929 60.5727897432118
61.1700028525453 63.0210832595822 64.8721636666187 66.7232440736553 67.4695910135904 67.847693464491 68.2257959153916 68.6038983662922 68.9820008171928 69.3601032680934 69.7382057189941 70.0971339331732 70.398539437188 70.6999449412028 71.0013504452175 71.3027559492322 71.604161453247 71.9055669572618 72.2069724612765 71.9998386383058 71.6231917063396 71.2465447743735 70.8698978424073 70.4932509104412 70.116603978475 69.7399570465088 69.4728023105197 69.534124162462 69.5954460144043 69.6567678663466 69.7180897182889 69.7794115702312 69.8407334221735 69.9020552741158 69.2181948026024 68.2859402232703 67.3536856439382 66.4214310646059 65.4891764852738 64.5569219059417 63.6246673266095 62.7646146562366 62.1211677127416 61.4777207692465 60.8342738257516 60.1908268822566
61.6019931157424 63.389603233337 65.1772133509313 66.9648234685257 67.6686882019042 68.0113044738768 68.3539207458495 68.6965370178222 69.0391532897948 69.3817695617675 69.7243858337402 70.0492137908935 70.3206768035888 70.5921398162841 70.8636028289795 71.1350658416748 71.4065288543701 71.6779918670654 71.9494548797607 71.7587017059327 71.4138764699301 71.0690512339275 70.7242259979249 70.3794007619223 70.0345755259197 69.6897502899171 69.4175193786621 69.3630714416504 69.3086235046387 69.254175567627 69.1997276306153 69.1452796936036 69.0908317565919 69.0363838195802 68.3935309410098 67.5545430819197 66.7155552228295 65.8765673637392 65.0375795046491 64.198591645559 63.3596037864687 62.5751565297446 61.954331080119 61.3335056304933 60.7126801808677 60.091854731242
62.0339833789396 63.7581232070919 65.482263035244 67.206402863396 67.867785390218 68.1749154832627 68.4820455763074 68.7891756693521 69.0963057623968 69.4034358554415 69.7105659484863 70.0012936486138 70.2428141699896 70.4843346913655 70.7258552127414 70.9673757341173 71.2088962554932 71.450416776869 71.6919372982449 71.5175647735597 71.2045612335206 70.8915576934816 70.5785541534425 70.2655506134034 69.9525470733644 69.6395435333253 69.3622364468045 69.1920187208388 69.0218009948731 68.8515832689074 68.6813655429417 68.511147816976 68.3409300910103 68.1707123650447 67.5688670794172 66.823145940569 66.0774248017208 65.3317036628725 64.5859825240243 63.8402613851762 63.0945402463279 62.3856984032527 61.7874944474964 61.18929049174 60.5910865359838 59.9928825802275
62.4659736421368 64.1266431808469 65.7873127195566 67.4479822582664 68.0668825785318 68.3385264926486 68.6101704067653 68.8818143208821 69.1534582349989 69.4251021491156 69.6967460632324 69.953373506334 70.1649515363905 70.3765295664469 70.5881075965033 70.7996856265597 71.0112636566162 71.2228416866726 71.434419716729 71.2764278411866 70.9952459971111 70.7140641530356 70.43288230896 70.1517004648845 69.870518620809 69.5893367767335 69.3069535149469 69.0209660000272 68.7349784851075 68.4489909701878 68.1630034552682 67.8770159403484 67.5910284254288 67.3050409105091 66.7442032178245 66.0917487992183 65.4392943806121 64.7868399620058 64.1343855433996 63.4819311247934 62.8294767061871 62.1962402767607 61.6206578148738 61.0450753529868 60.4694928910999 59.893910429213
62.8979639053339 64.4951631546017 66.0923624038692 67.6895616531367 68.2659797668456 68.5021375020344 68.7382952372232 68.974452972412 69.2106107076008 69.4467684427896 69.6829261779785 69.9054533640543 70.0870889027913 70.2687244415283 70.4503599802653 70.6319955190023 70.8136310577393 70.9952665964762 71.1769021352132 71.0352909088136 70.7859307607016 70.5365706125896 70.2872104644776 70.0378503163656 69.7884901682537 69.5391300201416 69.2516705830893 68.8499132792156 68.4481559753419 68.0463986714683 67.6446413675946 67.2428840637209 66.8411267598472 66.4393694559736 65.9195393562319 65.3603516578677 64.8011639595034 64.2419762611391 63.6827885627749 63.1236008644106 62.5644131660463 62.0067821502687 61.4538211822512 60.9008602142335 60.347899246216 59.7949382781984
63.3299541685311 64.8636831283566 66.3974120881819 67.9311410480071 68.4650769551594 68.6657485114203 68.8664200676811 69.067091623942 69.2677631802028 69.4684347364637 69.6691062927246 69.8575332217746 70.0092262691921 70.1609193166097 70.3126123640272 70.4643054114447 70.6159984588623 70.7676915062798 70.9193845536974 70.7941539764405 70.5766155242921 70.3590770721436 70.1415386199952 69.9240001678467 69.7064617156983 69.4889232635499 69.1963876512317 68.678860558404 68.1613334655763 67.6438063727487 67.126279279921 66.6087521870933 66.0912250942656 65.573698001438 65.0948754946393 64.628954516517 64.1630335383947 63.6971125602724 63.2311915821501 62.7652706040278 62.2993496259055 61.8173240237767 61.2869845496285 60.7566450754803 60.2263056013321 59.6959661271839
63.5071195496449 64.9857010841367 66.4642826186283 67.9428641531199 68.4621224721273 68.6616063859727 68.8610902998182 69.0605742136637 69.2600581275092 69.4595420413547 69.6590259552001 69.843684832255 69.983868598938 70.1240523656209 70.2642361323038 70.4044198989868 70.5446036656697 70.6847874323527 70.8249711990356 70.7020842234294 70.4915070003934 70.2809297773574 70.0703525543213 69.8597753312853 69.6491981082493 69.4386208852133 69.1372343487211 68.5634198718602 67.9896053949993 67.4157909181384 66.8419764412776 66.2681619644166 65.6943474875557 65.1205330106949 64.6632296880087 64.2447634167142 63.8262971454198 63.4078308741252 62.9893646028308 62.5708983315363 62.1524320602418 61.7149950345358 61.2206457455954 60.7262964566549 60.2319471677145 59.7375978787741
63.4294600486751 64.8612170219419 66.2929739952084 67.724730968475 68.257116317749 68.4897111256917 68.7223059336344 68.9549007415771 69.1874955495198 69.4200903574625 69.6526851654052 69.8639081954956 70.0110158920288 70.158123588562 70.3052312850952 70.4523389816284 70.5994466781616 70.7465543746948 70.893662071228 70.7590816497803 70.5306051890056 70.3021287282309 70.0736522674561 69.8451758066814 69.6166993459066 69.3882228851319 69.0742106755576 68.5035912195843 67.932971763611 67.3623523076377 66.7917328516644 66.221113395691 65.6504939397177 65.0798744837445 64.6246019363404 64.2077783584596 63.7909547805787 63.3741312026978 62.957307624817 62.5404840469362 62.1236604690553 61.6997951825461 61.2548047701519 60.8098143577576 60.3648239453634 59.9198335329693
63.3518005477054 64.7367329597471 66.1216653717886 67.5065977838301 68.0521101633708 68.3178158654107 68.5835215674506 68.8492272694905 69.1149329715304 69.3806386735704 69.6463443756103 69.8841315587361 70.0381631851196 70.1921948115031 70.3462264378865 70.50025806427 70.6542896906534 70.8083213170369 70.9623529434204 70.8160790761312 70.5697033776178 70.3233276791044 70.0769519805909 69.8305762820774 69.584200583564 69.3378248850505 69.0111870023941 68.4437625673084 67.8763381322226 67.3089136971369 66.7414892620512 66.1740648269654 65.6066403918798 65.0392159567941 64.5859741846721 64.1707933002049 63.7556124157377 63.3404315312704 62.9252506468032 62.510069762336 62.0948888778687 61.6845953305563 61.2889637947084 60.8933322588603 60.4977007230124 60.1020691871644
63.2741410467356 64.6122488975523 65.9503567483687 67.2884645991852 67.8471040089925 68.1459206051296 68.4447372012667 68.7435537974039 69.0423703935411 69.3411869896782 69.6400035858154 69.9043549219767 70.0653104782104 70.2262660344441 70.3872215906779 70.5481771469116 70.7091327031453 70.870088259379 71.0310438156127 70.8730765024821 70.60880156623 70.3445266299778 70.0802516937256 69.8159767574735 69.5517018212213 69.2874268849691 68.9481633292306 68.3839339150324 67.8197045008342 67.2554750866362 66.691245672438 66.1270162582398 65.5627868440418 64.9985574298436 64.5473464330038 64.1338082419502 63.7202700508967 63.306731859843 62.8931936687894 62.4796554777359 62.0661172866822 61.6693954785666 61.3231228192648 60.976850159963 60.6305775006613 60.2843048413595
