data/working_set_collections/6091692-Cassins_Sparrow-MC/1985/bio16.asc
NCOLS 265 
NROWS 230 
XLLCORNER -115.5625 
YLLCORNER 24.8333333333333 
CELLSIZE 0.0833333333333333 
NODATA_value -9999 
[rows 140 to 159 of 230, columns 46 to 91 of 265]
148.11066748301 151.568059264287 155.025451045565 158.482842826842 161.940234608119 165.397626389396 165.83761952718 165.271813117133 164.706006707085 164.140200297037 163.574393886989 163.008587476941 162.442781066894 162.504747772215 164.450033823648 166.39531987508 168.340605926512 170.285891977945 172.231178029377 174.176464080809 176.121750132242 177.578851699828 178.873225106132 180.167598512437 181.461971918741 182.756345325045 184.05071873135 185.345092137654 186.634099282158 187.907007641262 189.179916000366 190.45282435947 191.725732718573 192.998641077677 194.271549436781 195.544457795885 196.036045455933 196.267192882962 196.498340309991 196.72948773702 196.960635164049 197.191782591079 197.422930018108 197.284053251479 196.035103903877 194.786154556275
154.932440884907 158.174645254346 161.416849623785 164.659053993224 167.901258362663 171.143462732102 171.668737284342 171.288368564181 170.907999844021 170.52763112386 170.147262403699 169.766893683539 169.386524963378 169.550839996337 171.349206288655 173.147572580972 174.94593887329 176.744305165608 178.542671457925 180.341037750243 182.139404042561 183.330976486205 184.320284313625 185.309592141045 186.298899968464 187.288207795884 188.277515623304 189.266823450724 190.127547751532 190.602521472507 191.077495193481 191.552468914456 192.02744263543 192.502416356405 192.977390077379 193.452363798354 193.505109024048 193.417111417983 193.329113811917 193.241116205852 193.153118599786 193.065120993721 192.977123387655 192.695091544258 191.830956988865 190.966822433472
161.754214286803 164.781231244403 167.808248202005 170.835265159605 173.862282117206 176.889299074807 177.499855041503 177.304924011229 177.109992980956 176.915061950683 176.720130920409 176.525199890136 176.330268859862 176.596932220457 178.248378753661 179.899825286864 181.551271820067 183.20271835327 184.854164886473 186.505611419676 188.15705795288 189.083101272582 189.767343521117 190.451585769652 191.135828018188 191.820070266723 192.504312515258 193.188554763793 193.620996220906 193.298035303751 192.975074386596 192.652113469442 192.329152552287 192.006191635132 191.683230717977 191.360269800822 190.974172592164 190.567029953003 190.159887313843 189.752744674683 189.345602035523 188.938459396363 188.531316757203 188.106129837037 187.626810073853 187.14749031067
168.575987688699 171.387817234462 174.199646780225 177.011476325987 179.82330587175 182.635135417513 183.330972798665 183.321479458278 183.311986117892 183.302492777506 183.292999437119 183.283506096733 183.274012756347 183.643024444579 185.147551218667 186.652077992756 188.156604766844 189.661131540933 191.165658315022 192.67018508911 194.174711863199 194.835226058959 195.21440272861 195.59357939826 195.972756067911 196.351932737562 196.731109407212 197.110286076863 197.11444469028 195.993549134996 194.872653579712 193.751758024428 192.630862469143 191.509966913859 190.389071358575 189.268175803291 188.443236160279 187.716948488024 186.990660815769 186.264373143515 185.53808547126 184.811797799005 184.08551012675 183.517168129816 183.422663158841 183.328158187867
174.348181915282 177.110654788546 179.87312766181 182.635600535074 185.398073408338 188.160546281602 188.946873728434 189.074486033121 189.202098337809 189.329710642496 189.457322947184 189.584935251871 189.712547556559 190.178453233506 191.659239027234 193.140024820963 194.620810614691 196.101596408419 197.582382202147 199.063167995876 200.543953789604 201.040417734781 201.208774397108 201.377131059434 201.54548772176 201.713844384087 201.882201046413 202.05055770874 201.750708685981 200.046242607964 198.341776529948 196.637310451931 194.932844373915 193.228378295898 191.523912217882 189.819446139865 188.598039881388 187.537653562758 186.477267244127 185.416880925496 184.356494606866 183.296108288235 182.235721969605 181.45896135966 181.533077875773 181.607194391886
179.070796966551 181.949743906655 184.82869084676 187.707637786864 190.586584726968 193.465531667072 194.34755783081 194.563943735757 194.780329640705 194.996715545653 195.213101450601 195.429487355549 195.645873260497 196.203218587238 197.783442179361 199.363665771483 200.943889363605 202.524112955728 204.10433654785 205.684560139972 207.264783732095 207.698676300048 207.75045852661 207.802240753173 207.854022979735 207.905805206298 207.95758743286 208.009369659423 207.529788208007 205.456115722656 203.382443237304 201.308770751953 199.235098266601 197.16142578125 195.087753295898 193.014080810547 191.438583755493 190.029145177205 188.619706598917 187.21026802063 185.800829442342 184.391390864054 182.981952285767 181.931509526571 181.95805422465 181.984598922729
183.793412017821 186.788833024765 189.78425403171 192.779675038654 195.775096045599 198.770517052543 199.748241933186 200.053401438394 200.358560943603 200.663720448811 200.968879954019 201.274039459228 201.579198964436 202.227983940971 203.907645331488 205.587306722004 207.26696811252 208.946629503037 210.626290893553 212.30595228407 213.985613674587 214.356934865315 214.292142656113 214.227350446912 214.162558237711 214.097766028509 214.032973819308 213.968181610107 213.308867730034 210.865988837348 208.423109944661 205.980231051975 203.537352159288 201.094473266601 198.651594373915 196.208715481228 194.279127629598 192.520636791653 190.762145953708 189.003655115763 187.245164277819 185.486673439874 183.728182601929 182.404057693481 182.383030573527 182.362003453573
188.516027069091 191.627922142875 194.73981721666 197.851712290445 200.963607364229 204.075502438014 205.148926035562 205.542859141031 205.9367922465 206.330725351969 206.724658457437 207.118591562906 207.512524668375 208.252749294704 210.031848483615 211.810947672525 213.590046861435 215.369146050346 217.148245239257 218.927344428167 220.706443617078 221.015193430582 220.833826785617 220.652460140651 220.471093495686 220.289726850721 220.108360205756 219.92699356079 219.087947252062 216.27586195204 213.463776652018 210.651691351997 207.839606051975 205.027520751953 202.215435451932 199.40335015191 197.119671503703 195.012128406101 192.904585308499 190.797042210897 188.689499113295 186.581956015693 184.474412918091 182.876605860392 182.808006922404 182.739407984416
193.23864212036 196.467011260985 199.69538040161 202.923749542235 206.15211868286 209.380487823485 210.549610137938 211.032316843668 211.515023549397 211.997730255126 212.480436960855 212.963143666584 213.445850372313 214.277514648436 216.156051635741 218.034588623045 219.91312561035 221.791662597655 223.67019958496 225.548736572264 227.427273559569 227.673451995848 227.375510915119 227.07756983439 226.779628753661 226.481687672932 226.183746592203 225.885805511474 224.867026774088 221.685735066731 218.504443359375 215.323151652018 212.141859944661 208.960568237305 205.779276529948 202.597984822591 199.960215377808 197.503620020549 195.047024663289 192.59042930603 190.133833948771 187.677238591512 185.220643234253 183.349154027303 183.232983271281 183.116812515259
197.96125717163 201.306100379095 204.65094358656 207.995786794025 211.34063000149 214.685473208956 215.950294240315 216.521774546304 217.093254852294 217.664735158284 218.236215464273 218.807695770263 219.379176076252 220.302280002169 222.280254787868 224.258229573567 226.236204359265 228.214179144964 230.192153930663 232.170128716361 234.14810350206 234.331710561116 233.917195044623 233.50267952813 233.088164011637 232.673648495144 232.25913297865 231.844617462157 230.646106296115 227.095608181423 223.545110066732 219.99461195204 216.444113837348 212.893615722656 209.343117607965 205.792619493273 202.800759251912 199.995111634997 197.18946401808 194.383816401164 191.578168784248 188.772521167331 185.966873550415 183.821702194214 183.657959620158 183.494217046102
201.266950607299 204.843442069158 208.419933531019 211.996424992878 215.572916454738 219.149407916598 220.40802116394 220.894008339775 221.379995515611 221.865982691446 222.351969867282 222.837957043117 223.323944218953 224.233559629651 226.41405974494 228.594559860229 230.775059975517 232.955560090806 235.136060206094 237.316560321383 239.497060436672 239.599335606892 239.008869128756 238.418402650621 237.827936172485 237.237469694349 236.647003216213 236.056536738077 234.687307951186 230.981792238024 227.276276524862 223.5707608117 219.865245098538 216.159729385376 212.454213672214 208.748697959052 205.691984939575 202.85153948466 200.011094029744 197.170648574829 194.330203119914 191.489757664998 188.649312210083 186.452964019774 186.18890762329 185.924851226806
203.155722427367 207.079036331176 211.002350234984 214.925664138793 218.848978042601 222.77229194641 223.922790908813 224.14901822408 224.375245539347 224.601472854614 224.827700169881 225.053927485148 225.280154800415 226.071353530883 228.557466506957 231.043579483031 233.529692459105 236.01580543518 238.501918411254 240.988031387328 243.474144363402 243.476327133178 242.650533167521 241.824739201863 240.998945236206 240.173151270548 239.347357304891 238.521563339233 236.990631739299 233.344287236532 229.697942733765 226.051598230998 222.405253728231 218.758909225464 215.112564722697 211.46622021993 208.633892440796 206.072903569539 203.511914698283 200.950925827026 198.38993695577 195.828948084513 193.267959213256 191.242939503987 190.82582728068 190.408715057372
205.044494247436 209.314630593193 213.58476693895 217.854903284708 222.125039630465 226.395175976222 227.437560653686 227.404028108384 227.370495563083 227.336963017781 227.30343047248 227.269897927178 227.236365381876 227.909147432114 230.700873268975 233.492599105834 236.284324942694 239.076050779554 241.867776616413 244.659502453273 247.451228290133 247.353318659464 246.292197206285 245.231075753106 244.169954299927 243.108832846747 242.047711393568 240.986589940389 239.293955527412 235.70678223504 232.119608942668 228.532435650296 224.945262357924 221.358089065552 217.77091577318 214.183742480808 211.575799942017 209.294267654419 207.012735366821 204.731203079223 202.449670791626 200.168138504028 197.88660621643 196.032914988199 195.462746938069 194.892578887939
206.933266067504 211.55022485521 216.167183642916 220.784142430622 225.401101218328 230.018060006034 230.952330398559 230.659037992689 230.365745586819 230.072453180948 229.779160775078 229.485868369208 229.192575963338 229.746941333346 232.844280030992 235.941618728637 239.038957426282 242.136296123928 245.233634821573 248.330973519218 251.428312216864 251.23031018575 249.933861245049 248.637412304348 247.340963363647 246.044514422946 244.748065482245 243.451616541544 241.597279315525 238.069277233548 234.541275151571 231.013273069594 227.485270987617 223.95726890564 220.429266823663 216.901264741686 214.517707443237 212.515631739298 210.513556035359 208.51148033142 206.509404627482 204.507328923543 202.505253219604 200.822890472411 200.099666595458 199.376442718505
208.822037887572 213.785819117227 218.749600346882 223.713381576537 228.677162806191 233.640944035847 234.467100143432 233.914047876993 233.360995610555 232.807943344116 232.254891077677 231.701838811238 231.1487865448 231.584735234577 234.987686793009 238.390638351439 241.79358990987 245.196541468301 248.599493026732 252.002444585163 255.405396143594 255.107301712036 253.575525283813 252.04374885559 250.511972427368 248.980195999145 247.448419570923 245.9166431427 243.900603103638 240.431772232056 236.962941360474 233.494110488892 230.02527961731 226.556448745728 223.087617874146 219.618787002563 217.459614944458 215.736995824178 214.014376703898 212.291757583618 210.569138463338 208.846519343058 207.123900222778 205.612865956624 204.736586252848 203.860306549072
210.71080970764 216.021413379244 221.332017050848 226.642620722451 231.953224394055 237.263828065659 237.981869888305 237.169057761298 236.356245634291 235.543433507283 234.730621380276 233.917809253269 233.104997126261 233.422529135809 237.131093555026 240.839657974242 244.548222393459 248.256786812675 251.965351231892 255.673915651108 259.382480070325 258.984293238322 257.217189322577 255.450085406833 253.682981491089 251.915877575344 250.1487736596 248.381669743856 246.203926891751 242.794267230564 239.384607569377 235.97494790819 232.565288247003 229.155628585816 225.745968924629 222.336309263441 220.401522445679 218.958359909057 217.515197372436 216.072034835815 214.628872299194 213.185709762573 211.742547225952 210.402841440836 209.373505910237 208.344170379638
211.822723261514 217.437412219576 223.052101177639 228.6667901357 234.281479093762 239.896168051825 240.505428695679 239.446213234795 238.386997773912 237.327782313029 236.268566852146 235.209351391263 234.150135930379 234.340621736314 238.280211342705 242.219800949096 246.159390555487 250.098980161878 254.038569768269 257.97815937466 261.917748981051 261.536374791463 259.714679336548 257.892983881632 256.071288426717 254.249592971802 252.427897516886 250.606202061971 248.460479482015 245.342675526937 242.224871571859 239.107067616781 235.989263661702 232.871459706624 229.753655751546 226.635851796467 225.031712595621 223.932128312852 222.832544030082 221.732959747313 220.633375464544 219.533791181775 218.434206899006 217.302793121336 216.075890858966 214.848988596597
212.157778549193 218.033815638223 223.909852727253 229.785889816283 235.661926905313 241.537963994343 242.037776565552 240.745514297485 239.453252029419 238.160989761353 236.868727493286 235.57646522522 234.284202957154 234.339013036091 238.435040156046 242.531067276 246.627094395954 250.723121515909 254.819148635863 258.915175755818 263.011202875772 262.76354637146 261.067995325724 259.372444279989 257.676893234253 255.981342188517 254.285791142781 252.590240097046 250.670260874431 248.076997121175 245.48373336792 242.890469614665 240.297205861409 237.703942108154 235.110678354899 232.517414601643 231.350185394286 230.658301035562 229.966416676838 229.274532318114 228.58264795939 227.890763600666 227.198879241942 226.312720998127 224.843741099038 223.37476119995
212.492833836872 218.63021905687 224.767604276868 230.904989496866 237.042374716863 243.179759936862 243.570124435425 242.044815360175 240.519506284926 238.994197209676 237.468888134427 235.943579059177 234.418269983928 234.337404335869 238.589868969387 242.842333602905 247.094798236422 251.34726286994 255.599727503458 259.852192136975 264.104656770494 263.990717951457 262.421311314901 260.851904678345 259.282498041789 257.713091405233 256.143684768677 254.574278132121 252.880042266846 250.811318715413 248.742595163981 246.673871612549 244.605148061116 242.536424509684 240.467700958252 238.398977406819 237.668658192952 237.384473758273 237.100289323594 236.816104888915 236.531920454236 236.247736019557 235.963551584878 235.322648874918 233.61159133911 231.900533803303
212.827889124551 219.226622475517 225.625355826483 232.024089177448 238.422822528413 244.82155587938 245.102472305298 243.344116422865 241.585760540432 239.827404658 238.069048775567 236.310692893134 234.552337010702 234.335795635646 238.744697782728 243.153599929809 247.56250207689 251.971404223971 256.380306371052 260.789208518133 265.198110665215 265.217889531453 263.774627304077 262.331365076701 260.888102849324 259.444840621948 258.001578394572 256.558316167195 255.089823659261 253.545640309651 252.001456960042 250.457273610433 248.913090260823 247.368906911214 245.824723561604 244.280540211994 243.987130991617 244.110646480983 244.234161970349 244.357677459715 244.481192949082 244.604708438448 244.728223927814 244.332576751708 242.379441579181 240.426306406656
