data/working_set_collections/6091692-Cassins_Sparrow-MC/1985/bio10.asc
NCOLS 265 
NROWS 230 
XLLCORNER -115.5625 
YLLCORNER 24.8333333333333 
CELLSIZE 0.0833333333333333 
NODATA_value -9999 
[rows 160 to 179 of 230, columns 46 to 91 of 265]
29.8832232475281 29.6895019849142 29.4957807223002 29.3020594596863 29.1083381970724 28.9146169344584 28.6535765171051 28.3700963815054 28.0866162459056 27.8031361103058 27.519655974706 27.2361758391062 26.9526957035065 26.7206149419149 26.6427323023478 26.5648496627807 26.4869670232137 26.4090843836466 26.3312017440796 26.2533191045125 26.1754364649454 26.1490896701812 26.1399214903513 26.1307533105214 26.1215851306915 26.1124169508616 26.1032487710317 26.0940805912018 26.0178121884664 25.7402431170146 25.4626740455628 25.185104974111 24.9075359026591 24.6299668312073 24.3523977597555 24.0748286883037 24.0089539051056 24.0136438846589 24.0183338642121 24.0230238437653 24.0277138233185 24.0324038028718 24.037093782425 24.0918327490489 24.296718676885 24.5016046047211
29.9981066068014 29.8189395162795 29.6397724257575 29.4606053352356 29.2814382447137 29.1022711541918 28.8479445934296 28.5685648759206 28.2891851584117 28.0098054409027 27.7304257233938 27.4510460058848 27.1716662883759 26.9427647696601 26.8652978473239 26.7878309249878 26.7103640026516 26.6328970803155 26.5554301579793 26.4779632356432 26.400496313307 26.3564404328664 26.323521566391 26.2906026999155 26.2576838334401 26.2247649669647 26.1918461004893 26.1589272340139 26.0563760863411 25.7449280950758 25.4334801038107 25.1220321125455 24.8105841212803 24.4991361300151 24.18768813875 23.8762401474847 23.792128388087 23.7837953726451 23.7754623572032 23.7671293417613 23.7587963263194 23.7504633108775 23.7421302954356 23.7934842056698 24.0238988929325 24.2543135801951
29.9757914225261 29.8109351687962 29.6460789150662 29.4812226613363 29.3163664076064 29.1515101538764 28.9146735827129 28.6538435724047 28.3930135620965 28.1321835517884 27.8713535414802 27.610523531172 27.3496935208639 27.1342503176795 27.0549675358666 26.9756847540537 26.8964019722409 26.817119190428 26.7378364086151 26.6585536268022 26.5792708449893 26.5270638783773 26.4838821834988 26.4407004886203 26.3975187937418 26.3543370988634 26.3111554039849 26.2679737091064 26.1491737895542 25.8035191959805 25.4578646024069 25.1122100088332 24.7665554152595 24.4209008216859 24.0752462281122 23.7295916345385 23.6164021492005 23.5807010332744 23.5449999173483 23.5092988014222 23.4735976854961 23.43789656957 23.4021954536439 23.4381183253394 23.6889131599003 23.9397079944611
29.8162776947022 29.6654889424643 29.5147001902263 29.3639114379883 29.2131226857504 29.0623339335124 28.8537634849549 28.6259324709575 28.3981014569601 28.1702704429627 27.9424394289653 27.7146084149679 27.4867774009705 27.2950715859731 27.2117413679759 27.1284111499786 27.0450809319814 26.9617507139842 26.8784204959869 26.7950902779897 26.7117600599925 26.6609600067139 26.6210033416748 26.5810466766357 26.5410900115967 26.5011333465576 26.4611766815185 26.4212200164795 26.2962052981059 25.9160164197286 25.5358275413514 25.1556386629741 24.7754497845968 24.3952609062195 24.0150720278423 23.634883149465 23.4817751884461 23.4043608665467 23.3269465446473 23.2495322227479 23.1721179008485 23.094703578949 23.0172892570496 23.0257351080577 23.2917614777883 23.5577878475189
29.6567639668783 29.5200427161323 29.3833214653863 29.2466002146403 29.1098789638944 28.9731577131484 28.7928533871969 28.5980213695103 28.4031893518236 28.208357334137 28.0135253164504 27.8186932987637 27.6238612810771 27.4558928542667 27.3685152000851 27.2811375459035 27.1937598917219 27.1063822375403 27.0190045833588 26.9316269291772 26.8442492749956 26.7948561350504 26.7581244998508 26.7213928646511 26.6846612294515 26.6479295942518 26.6111979590522 26.5744663238525 26.4432368066576 26.0285136434767 25.6137904802959 25.199067317115 24.7843441539341 24.3696209907532 23.9548978275724 23.5401746643915 23.3471482276917 23.228020699819 23.1088931719463 22.9897656440735 22.8706381162008 22.7515105883281 22.6323830604554 22.6133518907759 22.8946097956764 23.1758677005768
29.4972502390544 29.3745964898004 29.2519427405464 29.1292889912924 29.0066352420383 28.8839814927843 28.7319432894389 28.5701102680631 28.4082772466872 28.2464442253113 28.0846112039354 27.9227781825595 27.7609451611837 27.6167141225603 27.5252890321943 27.4338639418284 27.3424388514625 27.2510137610965 27.1595886707306 27.0681635803646 26.9767384899987 26.928752263387 26.8952456580268 26.8617390526665 26.8282324473063 26.794725841946 26.7612192365858 26.7277126312256 26.5902683152094 26.1410108672248 25.6917534192404 25.2424959712559 24.7932385232714 24.3439810752869 23.8947236273025 23.445466179318 23.2125212669373 23.0516805330913 22.8908397992453 22.7299990653992 22.5691583315532 22.4083175977072 22.2474768638612 22.2009686734941 22.4974581135644 22.7939475536347
29.3377365112305 29.2291502634685 29.1205640157064 29.0119777679444 28.9033915201823 28.7948052724203 28.6710331916809 28.5421991666158 28.4133651415507 28.2845311164856 28.1556970914205 28.0268630663554 27.8980290412903 27.7775353908539 27.6820628643036 27.5865903377533 27.491117811203 27.3956452846527 27.3001727581024 27.2047002315521 27.1092277050018 27.0626483917236 27.0323668162028 27.0020852406819 26.9718036651611 26.9415220896403 26.9112405141194 26.8809589385986 26.7372998237611 26.2535080909729 25.7697163581849 25.2859246253968 24.8021328926087 24.3183411598206 23.8345494270326 23.3507576942445 23.0778943061829 22.8753403663636 22.6727864265442 22.4702324867249 22.2676785469056 22.0651246070863 21.8625706672669 21.7885854562124 22.1003064314525 22.4120274066925
29.1782227834066 29.0837040371365 28.9891852908665 28.8946665445964 28.8001477983263 28.7056290520562 28.610123093923 28.5142880651686 28.4184530364143 28.3226180076599 28.2267829789056 28.1309479501512 28.0351129213969 27.9383566591475 27.8388366964128 27.7393167336782 27.6397967709435 27.5402768082089 27.4407568454742 27.3412368827396 27.2417169200049 27.1965445200602 27.1694879743788 27.1424314286974 27.1153748830159 27.0883183373345 27.0612617916531 27.0342052459717 26.8843313323128 26.366005314721 25.8476792971294 25.3293532795377 24.811027261946 24.2927012443543 23.7743752267627 23.2560492091709 22.9432673454285 22.6990001996359 22.4547330538432 22.2104659080506 21.966198762258 21.7219316164653 21.4776644706727 21.3762022389306 21.7031547493405 22.0301072597504
29.2010514100392 29.1155754248301 29.0300994396209 28.9446234544118 28.8591474692027 28.7736714839935 28.6979584058125 28.6254996299743 28.5530408541361 28.4805820782979 28.4081233024597 28.3356645266214 28.2632057507832 28.1816532876756 28.0728197627597 27.9639862378438 27.8551527129279 27.746319188012 27.6374856630961 27.5286521381802 27.4198186132643 27.3730839729309 27.3470489607917 27.3210139486524 27.2949789365132 27.268943924374 27.2429089122348 27.2168739000956 27.063296339247 26.52709113227 25.990885925293 25.4546807183161 24.918475511339 24.382270304362 23.8460650973851 23.309859890408 22.9574357191722 22.6662718931834 22.3751080671946 22.0839442412059 21.7927804152172 21.5016165892284 21.2104527632396 21.0700869772169 21.3821153110928 21.6941436449687
29.4062223911285 29.3247644265493 29.24330646197 29.1618484973907 29.0803905328115 28.9989325682322 28.9345391273498 28.8758338610331 28.8171285947164 28.7584233283996 28.6997180620829 28.6410127957662 28.5823075294494 28.5074252764384 28.3840120633443 28.2605988502502 28.1371856371562 28.0137724240621 27.890359210968 27.7669459978739 27.6435327847798 27.5922667503357 27.5650497754415 27.5378328005472 27.510615825653 27.4833988507588 27.4561818758646 27.4289649009704 27.2741948445639 26.7367655436198 26.1993362426758 25.6619069417319 25.1244776407878 24.5870483398438 24.0496190388998 23.5121897379558 23.120399427414 22.7771554470063 22.4339114665985 22.0906674861909 21.7474235057832 21.4041795253754 21.0609355449677 20.8702396710713 21.1371881167094 21.4041365623474
29.6113933722178 29.5339534282684 29.456513484319 29.3790735403697 29.3016335964203 29.2241936524709 29.1711198488871 29.1261680920919 29.0812163352966 29.0362645785014 28.9913128217061 28.9463610649109 28.9014093081156 28.8331972652011 28.6952043639289 28.5572114626566 28.4192185613844 28.2812256601121 28.1432327588399 28.0052398575677 27.8672469562954 27.8114495277405 27.7830505900913 27.7546516524421 27.7262527147929 27.6978537771437 27.6694548394945 27.6410559018453 27.4850933498807 26.9464399549696 26.4077865600587 25.8691331651477 25.3304797702366 24.7918263753256 24.2531729804146 23.7145195855035 23.2833631356558 22.8880390008291 22.4927148660024 22.0973907311758 21.7020665963492 21.3067424615225 20.9114183266958 20.6703923649258 20.892260922326 21.1141294797262
29.8165643533071 29.7431424299876 29.6697205066681 29.5962985833486 29.5228766600291 29.4494547367096 29.4077005704244 29.3765023231506 29.3453040758768 29.3141058286031 29.2829075813293 29.2517093340555 29.2205110867818 29.1589692539639 29.0063966645134 28.853824075063 28.7012514856126 28.5486788961622 28.3961063067118 28.2435337172614 28.090961127811 28.0306323051452 28.001051404741 27.9714705043368 27.9418896039327 27.9123087035285 27.8827278031243 27.8531469027201 27.6959918551976 27.1561143663195 26.6162368774415 26.0763593885634 25.5364818996853 24.9966044108073 24.4567269219293 23.9168494330512 23.4463268438975 22.998922554652 22.5515182654063 22.1041139761608 21.6567096869152 21.2093053976695 20.761901108424 20.4705450587802 20.6473337279426 20.8241223971049
30.0217353343963 29.9523314317067 29.8829275290171 29.8135236263275 29.7441197236379 29.6747158209483 29.6442812919616 29.6268365542094 29.6093918164571 29.5919470787048 29.5745023409525 29.5570576032002 29.5396128654479 29.4847412427266 29.317588965098 29.1504366874695 28.9832844098409 28.8161321322123 28.6489798545837 28.4818275769552 28.3146752993266 28.24981508255 28.2190522193908 28.1882893562317 28.1575264930725 28.1267636299133 28.0960007667541 28.0652379035949 27.9068903605144 27.3657887776693 26.8246871948243 26.2835856119793 25.7424840291341 25.2013824462891 24.6602808634441 24.119179280599 23.6092905521393 23.1098061084748 22.6103216648102 22.1108372211457 21.6113527774812 21.1118683338166 20.6123838901521 20.2706977526347 20.4024065335592 20.5341153144837
30.2269063154856 30.1615204334259 30.0961345513662 30.0307486693064 29.9653627872467 29.8999769051869 29.8808620134989 29.8771707852681 29.8734795570373 29.8697883288065 29.8660971005757 29.8624058723449 29.8587146441141 29.8105132314894 29.6287812656826 29.4470492998759 29.2653173340691 29.0835853682624 28.9018534024556 28.7201214366489 28.5383894708421 28.4689978599548 28.4370530340406 28.4051082081265 28.3731633822123 28.3412185562981 28.3092737303839 28.2773289044698 28.1177888658313 27.5754631890191 27.0331375122071 26.4908118353951 25.9484861585829 25.4061604817709 24.8638348049589 24.3215091281467 23.7722542603811 23.2206896622977 22.6691250642141 22.1175604661307 21.5659958680472 21.0144312699637 20.4628666718802 20.0708504464891 20.1574793391758 20.2441082318624
30.3962402661641 30.3404951201545 30.2847499741448 30.2290048281351 30.1732596821255 30.1175145361158 30.101616080602 30.0989998552534 30.0963836299048 30.0937674045562 30.0911511792077 30.0885349538591 30.0859187285105 30.036245446735 29.8454009956784 29.6545565446218 29.4637120935652 29.2728676425086 29.082023191452 28.8911787403955 28.7003342893389 28.6202612876892 28.5771121025085 28.5339629173279 28.4908137321472 28.4476645469666 28.4045153617859 28.3613661766052 28.1957661840652 27.6628137694465 27.129861354828 26.5969089402094 26.0639565255907 25.5310041109722 24.9980516963536 24.4650992817349 23.8993609110515 23.3226938883465 22.7460268656413 22.1693598429363 21.5926928202312 21.0160257975261 20.439358774821 20.0193497339884 20.0693146387736 20.1192795435587
30.5297371864319 30.4892554918925 30.4487737973531 30.4082921028137 30.3678104082743 30.3273287137349 30.3065434932708 30.2923237641652 30.2781040350596 30.263884305954 30.2496645768483 30.2354448477427 30.2212251186371 30.1619378884634 29.9674481550852 29.7729584217072 29.5784686883291 29.383978954951 29.1894892215729 28.9949994881948 28.8005097548167 28.7036053657532 28.6392294247945 28.5748534838359 28.5104775428772 28.4461016019185 28.3817256609599 28.3173497200012 28.1408223152162 27.6278405189515 27.1148587226869 26.6018769264222 26.0888951301575 25.5759133338929 25.0629315376283 24.5499497413636 23.9906105041505 23.4158187866212 22.8410270690918 22.2662353515626 21.6914436340333 21.116651916504 20.5418601989747 20.1161956151326 20.1379124323527 20.1596292495727
30.6632341066996 30.6380158636305 30.6127976205614 30.5875793774922 30.5623611344231 30.537142891354 30.5114709059397 30.485647673077 30.4598244402143 30.4340012073517 30.408177974489 30.3823547416263 30.3565315087636 30.2876303301917 30.0894953144921 29.8913602987925 29.693225283093 29.4950902673933 29.2969552516937 29.0988202359942 28.9006852202945 28.7869494438171 28.7013467470805 28.6157440503438 28.5301413536072 28.4445386568705 28.3589359601339 28.2733332633972 28.0858784463672 27.5928672684564 27.0998560905457 26.6068449126351 26.1138337347243 25.6208225568136 25.127811378903 24.6348002009922 24.0818600972494 23.508943684896 22.9360272725424 22.3631108601889 21.7901944478354 21.2172780354818 20.6443616231283 20.2130414962768 20.2065102259318 20.1999789555867
30.7967310269673 30.7867762353685 30.7768214437696 30.7668666521708 30.7569118605719 30.7469570689731 30.7163983186086 30.6789715819888 30.6415448453691 30.6041181087494 30.5666913721296 30.5292646355099 30.4918378988902 30.4133227719201 30.211542473899 30.0097621758779 29.8079818778568 29.6062015798357 29.4044212818146 29.2026409837935 29.0008606857724 28.8702935218811 28.7634640693665 28.6566346168518 28.5498051643372 28.4429757118225 28.3361462593079 28.2293168067932 28.0309345775182 27.5578940179614 27.0848534584046 26.6118128988479 26.1387723392911 25.6657317797344 25.1926912201776 24.7196506606208 24.1731096903484 23.6020685831707 23.0310274759929 22.4599863688152 21.8889452616375 21.3179041544597 20.746863047282 20.309887377421 20.2751080195109 20.2403286616007
30.9302279472351 30.9355366071065 30.9408452669779 30.9461539268493 30.9514625867207 30.9567712465922 30.9213257312774 30.8722954909007 30.8232652505239 30.7742350101471 30.7252047697703 30.6761745293935 30.6271442890167 30.5390152136485 30.3335896333059 30.1281640529633 29.9227384726207 29.717312892278 29.5118873119354 29.3064617315928 29.1010361512502 28.9536375999451 28.8255813916524 28.6975251833598 28.5694689750672 28.4414127667745 28.3133565584819 28.1853003501892 27.9759907086691 27.5229207674663 27.0698508262635 26.6167808850607 26.1637109438579 25.7106410026551 25.2575710614523 24.8045011202495 24.2643592834474 23.6951934814454 23.1260276794434 22.5568618774415 21.9876960754396 21.4185302734375 20.8493644714356 20.4067332585653 20.34370581309 20.2806783676147
31.0637248675028 31.0842969788445 31.1048690901862 31.1254412015279 31.1460133128696 31.1665854242113 31.1262531439463 31.0656193998125 31.0049856556786 30.9443519115448 30.883718167411 30.8230844232771 30.7624506791433 30.6647076553769 30.4556367927127 30.2465659300486 30.0374950673845 29.8284242047204 29.6193533420563 29.4102824793922 29.201211616728 29.036981678009 28.8876987139384 28.7384157498678 28.5891327857971 28.4398498217265 28.2905668576559 28.1412838935852 27.9210468398201 27.4879475169712 27.0548481941224 26.6217488712736 26.1886495484247 25.7555502255758 25.322450902727 24.8893515798781 24.3556088765463 23.7883183797202 23.2210278828939 22.6537373860678 22.0864468892416 21.5191563924154 20.9518658955893 20.5035791397095 20.4123036066691 20.3210280736288
