data/working_set_collections/6091692-Cassins_Sparrow-MC/1985/bio1.asc
NCOLS 265 
NROWS 230 
XLLCORNER -115.5625 
YLLCORNER 24.8333333333333 
CELLSIZE 0.0833333333333333 
NODATA_value -9999 
[rows 180 to 199 of 230, columns 92 to 137 of 265]
13.6133102258047 13.5158244291942 13.4183386325836 13.3208528359731 13.2233670393626 13.2584593852361 13.337744445271 13.4170295053058 13.4963145653407 13.5755996253755 13.6548846854104 13.7341697454452 13.8847531663046 14.2492316696378 14.613710172971 14.9781886763042 15.3426671796374 15.7071456829706 16.0716241863038 16.436102689637 16.7893971761067 17.1389636569552 17.4885301378038 17.8380966186523 18.1876630995008 18.5372295803494 18.8867960611979 19.1528631157345 19.1684318913354 19.1840006669362 19.1995694425371 19.215138218138 19.2307069937388 19.2462757693397 19.2618445449405 19.2099571069082 19.1355842643314 19.0612114217547 18.9868385791779 18.9124657366011 18.8380928940244 18.7637200514476 18.7403485616048 18.8699811299642 18.9996136983236 19.1292462666829
13.567383146286 13.4614812374115 13.355579328537 13.2496774196625 13.143775510788 13.1856549501419 13.2767948389053 13.3679347276688 13.4590746164322 13.5502145051956 13.641354393959 13.7324942827225 13.892488614718 14.2590462764104 14.6256039381027 14.9921615997949 15.3587192614873 15.7252769231796 16.0918345848718 16.4583922465642 16.8060775756835 17.1474721272786 17.4888666788737 17.8302612304687 18.1716557820637 18.5130503336588 18.8544448852539 19.1136283079783 19.1261783440908 19.1387283802033 19.1512784163157 19.1638284524282 19.1763784885407 19.1889285246531 19.2014785607656 19.1444430828095 19.0642124334971 18.9839817841848 18.9037511348725 18.8235204855601 18.7432898362478 18.6630591869355 18.6321918487549 18.7494144439697 18.8666370391846 18.9838596343994
13.5214560667674 13.4071380456289 13.2928200244904 13.1785020033519 13.0641839822134 13.1128505150477 13.2158452325397 13.3188399500317 13.4218346675237 13.5248293850157 13.6278241025077 13.7308188199997 13.9002240631315 14.2688608831829 14.6374977032343 15.0061345232857 15.3747713433371 15.7434081633885 16.1120449834399 16.4806818034913 16.8227579752604 17.1559805976019 17.4892032199435 17.8224258422851 18.1556484646267 18.4888710869683 18.8220937093098 19.0743935002221 19.0839247968462 19.0934560934703 19.1029873900943 19.1125186867184 19.1220499833425 19.1315812799666 19.1411125765907 19.0789290587108 18.9928406026629 18.906752146615 18.820663690567 18.7345752345191 18.6484867784712 18.5623983224233 18.5240351359049 18.6288477579753 18.7336603800456 18.8384730021159
13.4755289872488 13.3527948538463 13.2300607204438 13.1073265870413 12.9845924536387 13.0400460799535 13.1548956261741 13.2697451723946 13.3845947186152 13.4994442648358 13.6142938110563 13.7291433572769 13.9079595115449 14.2786754899554 14.6493914683659 15.0201074467764 15.390823425187 15.7615394035974 16.1322553820079 16.5029713604185 16.8394383748372 17.1644890679253 17.4895397610134 17.8145904541015 18.1396411471896 18.4646918402777 18.7897425333658 19.0351586924659 19.0416712496016 19.0481838067373 19.054696363873 19.0612089210086 19.0677214781443 19.07423403528 19.0807465924157 19.013415034612 18.9214687718286 18.8295225090451 18.7375762462616 18.6456299834782 18.5536837206947 18.4617374579112 18.415878423055 18.5082810719808 18.6006837209066 18.6930863698324
13.4296019077301 13.2984516620636 13.1673014163971 13.0361511707306 12.9050009250641 12.9672416448593 13.0939460198084 13.2206503947576 13.3473547697067 13.4740591446558 13.600763519605 13.7274678945541 13.9156949599583 14.288490096728 14.6612852334976 15.0340803702671 15.4068755070368 15.7796706438064 16.152465780576 16.5252609173456 16.856118774414 17.1729975382486 17.4898763020833 17.8067550659179 18.1236338297525 18.4405125935872 18.7573913574218 18.9959238847097 18.999417702357 19.0029115200043 19.0064053376516 19.0098991552989 19.0133929729462 19.0168867905935 19.0203806082408 18.9479010105133 18.8500969409943 18.7522928714753 18.6544888019562 18.5566847324372 18.4588806629181 18.3610765933991 18.3077217102051 18.3877143859863 18.4677070617676 18.5476997375488
13.3836748282115 13.244108470281 13.1045421123505 12.96497575442 12.8254093964895 12.8944372097651 13.0329964134428 13.1715556171205 13.3101148207982 13.4486740244759 13.5872332281536 13.7257924318313 13.9234304083717 14.2983047035005 14.6731789986292 15.0480532937579 15.4229275888866 15.7978018840153 16.172676179144 16.5475504742728 16.8727991739908 17.181506008572 17.4902128431532 17.7989196777343 18.1076265123155 18.4163333468967 18.7250401814778 18.9566890769535 18.9571641551124 18.9576392332713 18.9581143114302 18.9585893895891 18.959064467748 18.9595395459069 18.9600146240658 18.8823869864146 18.77872511016 18.6750632339054 18.5714013576508 18.4677394813962 18.3640776051416 18.260415728887 18.1995649973551 18.2671476999919 18.3347304026286 18.4023131052653
13.3437310589685 13.187206612693 13.0306821664175 12.874157720142 12.7176332738665 12.7969632784526 12.9549114333259 13.1128595881992 13.2708077430725 13.4287558979458 13.5867040528191 13.7446522076924 13.95708369414 14.3329651753107 14.7088466564813 15.084728137652 15.4606096188227 15.8364910999933 16.2123725811639 16.5882540623346 16.9052963574727 17.2027255905998 17.500154823727 17.7975840568542 18.0950132899814 18.3924425231086 18.6898717562357 18.9131261931525 18.9138562414381 18.9145862897237 18.9153163380093 18.9160463862949 18.9167764345805 18.9175064828661 18.9182365311517 18.8406833012899 18.737035645379 18.6333879894681 18.5297403335572 18.4260926776462 18.3224450217353 18.2187973658244 18.1563017951117 18.217262479994 18.2782231648763 18.3391838497586
13.3097706000011 13.1277460892996 12.9457215785981 12.7636970678966 12.5816725571951 12.6748198509216 12.8596910794576 13.0445623079936 13.2294335365295 13.4143047650655 13.5991759936015 13.7840472221374 14.0166548172632 14.3924715121587 14.7682882070541 15.1441049019495 15.5199215968449 15.8957382917403 16.2715549866357 16.6473716815312 16.9536103248596 17.2366562843322 17.5197022438049 17.8027482032775 18.0857941627502 18.3688401222229 18.6518860816955 18.8652352333069 18.8694939613342 18.8737526893616 18.8780114173889 18.8822701454163 18.8865288734436 18.890787601471 18.8950463294983 18.8227899551392 18.7250285466512 18.6272671381633 18.5295057296753 18.4317443211874 18.3339829126994 18.2362215042114 18.1779321034749 18.2380587259928 18.2981853485107 18.3583119710286
13.2758101410336 13.0682855659061 12.8607609907787 12.6532364156512 12.4457118405237 12.5526764233907 12.7644707255893 12.9762650277879 13.1880593299865 13.3998536321851 13.6116479343838 13.8234422365824 14.0762259403864 14.4519778490066 14.8277297576268 15.203481666247 15.5792335748672 15.9549854834874 16.3307373921076 16.7064893007278 17.0019242922464 17.2705869780646 17.5392496638828 17.8079123497009 18.076575035519 18.3452377213372 18.6139004071553 18.8173442734612 18.8251316812303 18.8329190889994 18.8407064967685 18.8484939045376 18.8562813123067 18.8640687200758 18.8718561278449 18.8048966089885 18.7130214479235 18.6211462868585 18.5292711257935 18.4373959647285 18.3455208036635 18.2536456425985 18.1995624118381 18.2588549719916 18.3181475321452 18.3774400922987
13.2418496820662 13.0088250425127 12.7758004029592 12.5427757634058 12.3097511238523 12.4305329958598 12.669250371721 12.9079677475823 13.1466851234436 13.3854024993048 13.6241198751661 13.8628372510274 14.1357970635095 14.5114841858545 14.8871713081995 15.2628584305444 15.6385455528895 16.0142326752344 16.3899197975793 16.7656069199244 17.0502382596333 17.3045176717969 17.5587970839606 17.8130764961242 18.0673559082878 18.3216353204515 18.5759147326151 18.7694533136156 18.7807694011264 18.7920854886373 18.8034015761481 18.814717663659 18.8260337511698 18.8373498386807 18.8486659261915 18.7870032628378 18.7010143491957 18.6150254355537 18.5290365219116 18.4430476082696 18.3570586946276 18.2710697809855 18.2211927202013 18.2796512179904 18.3381097157796 18.3965682135688
13.2078892230988 12.9493645191193 12.6908398151398 12.4323151111604 12.1737904071808 12.3083895683288 12.5740300178527 12.8396704673767 13.1053109169006 13.3709513664245 13.6365918159485 13.9022322654724 14.1953681866327 14.5709905227025 14.9466128587722 15.3222351948419 15.6978575309117 16.0734798669814 16.4491022030512 16.8247245391209 17.0985522270202 17.3384483655293 17.5783445040385 17.8182406425476 18.0581367810567 18.2980329195658 18.5379290580749 18.7215623537699 18.7364071210225 18.7512518882751 18.7660966555278 18.7809414227804 18.795786190033 18.8106309572856 18.8254757245382 18.769109916687 18.689007250468 18.6089045842489 18.5288019180298 18.4486992518107 18.3685965855917 18.2884939193726 18.2428230285644 18.3004474639892 18.358071899414 18.4156963348388
13.1739287641314 12.8899039957259 12.6058792273204 12.3218544589149 12.0378296905094 12.1862461407979 12.4788096639845 12.7713731871711 13.0639367103576 13.3565002335442 13.6490637567308 13.9416272799173 14.2549393097559 14.6304968595504 15.0060544093449 15.3816119591394 15.757169508934 16.1327270587285 16.508284608523 16.8838421583175 17.1468661944071 17.3723790592617 17.5978919241163 17.8234047889709 18.0489176538255 18.2744305186801 18.4999433835347 18.6736713939243 18.6920448409186 18.710418287913 18.7287917349074 18.7471651819017 18.7655386288961 18.7839120758904 18.8022855228848 18.7512165705363 18.6770001517402 18.6027837329441 18.528567314148 18.4543508953518 18.3801344765557 18.3059180577596 18.2644533369276 18.321243709988 18.3780340830485 18.4348244561089
13.2919716517131 12.9808831532796 12.6697946548462 12.3587061564128 12.0476176579793 12.1897678613662 12.4829976320266 12.776227402687 13.0694571733474 13.3626869440078 13.6559167146682 13.9491464853286 14.2631068865457 14.6392591794332 15.0154114723205 15.3915637652078 15.7677160580953 16.1438683509826 16.52002064387 16.8961729367574 17.1530893643697 17.370260503557 17.5874316427443 17.8046027819315 18.0217739211188 18.2389450603061 18.4561161994934 18.6241641362508 18.6448424657186 18.6655207951864 18.6861991246541 18.7068774541219 18.7275557835897 18.7482341130575 18.7689124425252 18.7210453828176 18.6503298600515 18.5796143372854 18.5088988145193 18.4381832917532 18.367467768987 18.2967522462209 18.2582961665259 18.3166184160444 18.3749406655629 18.4332629150814
13.5620178858439 13.2223019917806 12.8825860977173 12.542870203654 12.2031543095907 12.3189547300338 12.5865939219792 12.8542331139246 13.12187230587 13.3895114978154 13.6571506897608 13.9247898817062 14.2198709170023 14.5972774823506 14.9746840476989 15.3520906130472 15.7294971783956 16.1069037437438 16.4843103090921 16.8617168744405 17.1172217369079 17.3320926984151 17.5469636599223 17.7618346214294 17.9767055829366 18.1915765444437 18.4064475059509 18.5730405807495 18.5947999954224 18.6165594100952 18.6383188247681 18.6600782394409 18.6818376541138 18.7035970687866 18.7253564834595 18.6785963535309 18.6089963754018 18.5393963972728 18.4697964191437 18.4001964410146 18.3305964628856 18.2609964847565 18.2243515173594 18.2865715821584 18.3487916469574 18.4110117117564
13.8320641199748 13.4637208302816 13.0953775405884 12.7270342508952 12.358690961202 12.4481415987014 12.6901902119318 12.9322388251622 13.1742874383926 13.416336051623 13.6583846648534 13.9004332780838 14.1766349474588 14.5552957852681 14.9339566230773 15.3126174608866 15.6912782986958 16.0699391365051 16.4485999743143 16.8272608121236 17.0813541094462 17.2939248932732 17.5064956771003 17.7190664609273 17.9316372447543 18.1442080285814 18.3567788124084 18.5219170252482 18.5447575251261 18.5675980250041 18.590438524882 18.6132790247599 18.6361195246379 18.6589600245158 18.6818005243937 18.6361473242442 18.5676628907522 18.4991784572602 18.4306940237681 18.3622095902761 18.2937251567841 18.2252407232921 18.1904068681929 18.2565247482724 18.3226426283518 18.3887605084313
14.1021103541057 13.7051396687825 13.3081689834595 12.9111982981364 12.5142276128133 12.577328467369 12.7937865018844 13.0102445363998 13.2267025709152 13.4431606054305 13.659618639946 13.8760766744613 14.1333989779154 14.5133140881856 14.8932291984558 15.2731443087259 15.6530594189961 16.0329745292663 16.4128896395365 16.7928047498067 17.0454864819844 17.2557570881313 17.4660276942783 17.6762983004252 17.8865689065721 18.096839512719 18.3071101188659 18.4707934697469 18.4947150548299 18.5186366399129 18.5425582249959 18.5664798100789 18.590401395162 18.614322980245 18.638244565328 18.5936982949575 18.5263294061025 18.4589605172475 18.3915916283926 18.3242227395376 18.2568538506826 18.1894849618276 18.1564622190263 18.2264779143863 18.2964936097463 18.3665093051063
14.3721565882365 13.9465585072835 13.5209604263306 13.0953623453777 12.6697642644247 12.7065153360366 12.897382791837 13.0882502476374 13.2791177034378 13.4699851592381 13.6608526150385 13.8517200708389 14.0901630083719 14.4713323911031 14.8525017738342 15.2336711565653 15.6148405392964 15.9960099220275 16.3771793047586 16.7583486874898 17.0096188545227 17.2175892829895 17.4255597114563 17.6335301399231 17.8415005683899 18.0494709968567 18.2574414253235 18.4196699142456 18.4446725845337 18.4696752548218 18.4946779251099 18.519680595398 18.544683265686 18.5696859359741 18.5946886062622 18.5512492656708 18.4849959214529 18.4187425772349 18.352489233017 18.2862358887991 18.2199825445811 18.1537292003632 18.1225175698598 18.1964310805003 18.2703445911407 18.3442581017812
14.6422028223674 14.1879773457845 13.7337518692017 13.2795263926189 12.825300916036 12.8357022047042 13.0009790817896 13.166255958875 13.3315328359604 13.4968097130457 13.6620865901311 13.8273634672165 14.0469270388285 14.4293506940206 14.8117743492126 15.1941980044046 15.5766216595967 15.9590453147888 16.3414689699808 16.7238926251729 16.9737512270609 17.1794214778476 17.3850917286343 17.590761979421 17.7964322302076 18.0021024809943 18.207772731781 18.3685463587443 18.3946301142375 18.4207138697306 18.4467976252238 18.472881380717 18.4989651362101 18.5250488917033 18.5511326471964 18.5088002363841 18.4436624368032 18.3785246372223 18.3133868376414 18.2482490380605 18.1831112384796 18.1179734388987 18.0885729206933 18.1663842466142 18.2441955725352 18.3220068984561
15.0231134838528 14.5445808622572 14.0660482406616 13.587515619066 13.1089829974704 13.0762669006983 13.1921563122007 13.3080457237031 13.4239351352055 13.539824546708 13.6557139582104 13.7716033697128 13.9532626178529 14.3322313759062 14.7112001339594 15.0901688920126 15.4691376500659 15.8481064081192 16.2270751661724 16.6060439242257 16.8525727589925 17.0549549526638 17.2573371463352 17.4597193400065 17.6621015336778 17.8644837273492 18.0668659210205 18.2283244927725 18.2670121987661 18.3056999047598 18.3443876107534 18.383075316747 18.4217630227407 18.4604507287343 18.499138434728 18.468492158254 18.4147345542908 18.3609769503276 18.3072193463643 18.2534617424011 18.1997041384379 18.1459465344747 18.1269436889224 18.2122051186031 18.2974665482839 18.3827279779646
15.5148885726929 15.0163690567016 14.5178495407105 14.0193300247193 13.520810508728 13.4282094240188 13.4709144830703 13.5136195421218 13.5563246011734 13.5990296602249 13.6417347192764 13.684439778328 13.8091697454452 14.1799744367599 14.5507791280746 14.9215838193893 15.292388510704 15.6631932020187 16.0339978933334 16.4048025846481 16.6460834503174 16.8441897074381 17.0422959645589 17.2404022216797 17.4385084788005 17.6366147359212 17.834720993042 17.99900431633 18.0618188381195 18.1246333599091 18.1874478816986 18.2502624034882 18.3130769252777 18.3758914470673 18.4387059688568 18.4303250312805 18.3982122739156 18.3660995165507 18.3339867591858 18.3018740018209 18.269761244456 18.2376484870911 18.2376298745473 18.333893696467 18.4301575183868 18.5264213403066
