data/working_set_collections/6091692-Cassins_Sparrow-MC/1985/bio16.asc
NCOLS 265 
NROWS 230 
XLLCORNER -115.5625 
YLLCORNER 24.8333333333333 
CELLSIZE 0.0833333333333333 
NODATA_value -9999 
[rows 0 to 19 of 230, columns 138 to 183 of 265]
156.182497914632 158.33418858846 160.485879262288 162.637569936116 162.898501459758 162.529179933336 162.159858406915 161.790536880493 161.421215354072 161.05189382765 160.682572301229 160.563045671251 161.192903730604 161.822761789958 162.452619849311 163.082477908664 163.712335968017 164.342194027371 164.972052086724 166.427139918009 168.157304339938 169.887468761867 171.617633183797 173.347797605726 175.077962027655 176.808126449585 177.982635582818 177.490178849962 176.997722117106 176.50526538425 176.012808651394 175.520351918538 175.027895185682 174.535438452827 175.853931935628 177.776075490315 179.698219045002 181.62036259969 183.542506154378 185.464649709065 187.386793263753 189.020129733615 189.787044949001 190.553960164388 191.320875379774 192.08779059516
153.916638437906 156.028701019287 158.140763600667 160.252826182047 160.778286361694 160.774879074097 160.771471786499 160.768064498901 160.764657211304 160.761249923706 160.757842636108 160.911257171631 161.535137176513 162.159017181396 162.782897186279 163.406777191162 164.030657196045 164.654537200928 165.27841720581 166.587968826294 168.126077651977 169.664186477661 171.202295303344 172.740404129028 174.278512954712 175.816621780395 176.952345021566 176.880911509196 176.809477996826 176.738044484456 176.666610972087 176.595177459717 176.523743947347 176.452310434977 177.919388580322 179.899303944905 181.879219309488 183.859134674072 185.839050038655 187.818965403238 189.798880767822 191.515178426106 192.440622965494 193.366067504882 194.29151204427 195.216956583658
151.650778961181 153.723213450114 155.795647939046 157.868082427978 158.658071263631 159.020578214857 159.383085166084 159.74559211731 160.108099068536 160.470606019762 160.833112970988 161.25946867201 161.877370622423 162.495272572835 163.113174523247 163.73107647366 164.348978424072 164.966880374484 165.584782324897 166.748797734578 168.094850964016 169.440904193454 170.786957422892 172.13301065233 173.479063881768 174.825117111206 175.922054460314 176.27164416843 176.621233876546 176.970823584662 177.320413292779 177.670003000895 178.019592709011 178.369182417127 179.984845225016 182.022532399495 184.060219573974 186.097906748453 188.135593922932 190.173281097411 192.210968271891 194.010227118598 195.094200981987 196.178174845377 197.262148708767 198.346122572156
149.384919484456 151.417725880941 153.450532277425 155.483338673909 156.537856165568 157.266277355618 157.994698545668 158.723119735718 159.451540925768 160.179962115817 160.908383305867 161.60768017239 162.219604068332 162.831527964274 163.443451860216 164.055375756158 164.667299652099 165.279223548041 165.891147443983 166.909626642863 168.063624276055 169.217621909247 170.37161954244 171.525617175632 172.679614808824 173.833612442017 174.891763899061 175.662376827664 176.432989756266 177.203602684868 177.974215613471 178.744828542073 179.515441470676 180.286054399278 182.05030186971 184.145760854085 186.241219838459 188.336678822835 190.43213780721 192.527596791584 194.62305577596 196.505275811089 197.74777899848 198.990282185872 200.232785373263 201.475288560655
147.119060007731 149.112238311767 151.105416615804 153.09859491984 154.417641067505 155.511976496378 156.606311925252 157.700647354126 158.794982782999 159.889318211873 160.983653640747 161.95589167277 162.561837514241 163.167783355713 163.773729197184 164.379675038655 164.985620880127 165.591566721598 166.197512563069 167.070455551147 168.032397588094 168.99433962504 169.956281661987 170.918223698934 171.88016573588 172.842107772827 173.861473337809 175.053109486898 176.244745635986 177.436381785075 178.628017934163 179.819654083252 181.01129023234 182.202926381429 184.115758514404 186.268989308674 188.422220102945 190.575450897216 192.728681691487 194.881912485758 197.035143280029 199.00032450358 200.401357014973 201.802389526367 203.20342203776 204.604454549153
144.853200531006 146.806750742594 148.760300954183 150.713851165771 152.297425969442 153.757675637139 155.217925304836 156.678174972534 158.138424640231 159.598674307929 161.058923975626 162.30410317315 162.904070960151 163.504038747152 164.104006534152 164.703974321153 165.303942108154 165.903909895155 166.503877682156 167.231284459432 168.001170900133 168.771057340834 169.540943781535 170.310830222236 171.080716662937 171.850603103638 172.831182776557 174.443842146131 176.056501515706 177.669160885281 179.281820254855 180.89447962443 182.507138994004 184.119798363579 186.181215159098 188.392217763264 190.603220367431 192.814222971598 195.025225575764 197.236228179931 199.447230784098 201.495373196071 203.054935031466 204.614496866861 206.174058702256 207.733620537651
144.477397537231 146.411591974894 148.345786412556 150.279980850219 152.032531102498 153.724533292982 155.416535483466 157.10853767395 158.800539864434 160.492542054917 162.184544245401 163.622218619452 164.296909544203 164.971600468953 165.646291393703 166.320982318454 166.995673243204 167.670364167955 168.345055092705 169.019851430257 169.694682905409 170.36951438056 171.044345855712 171.719177330864 172.394008806016 173.068840281168 174.000865597194 175.704472435844 177.408079274495 179.111686113145 180.815292951795 182.518899790445 184.222506629096 185.926113467746 188.015552902221 190.233603201971 192.451653501722 194.669703801472 196.887754101223 199.105804400973 201.323854700724 203.402767393324 205.064267264471 206.72576713562 208.387267006768 210.048766877915
145.991651026407 147.926762008667 149.861872990926 151.796983973185 153.622956466674 155.412549463907 157.20214246114 158.991735458374 160.781328455607 162.57092145284 164.360514450073 165.910238011678 166.740353266398 167.570468521118 168.400583775838 169.230699030558 170.060814285278 170.890929539998 171.721044794718 172.436156463623 173.112933603922 173.789710744222 174.466487884521 175.143265024821 175.82004216512 176.49681930542 177.370521799723 178.835000356038 180.299478912353 181.763957468668 183.228436024983 184.692914581298 186.157393137613 187.621871693928 189.618771743774 191.793145624796 193.967519505818 196.14189338684 198.316267267862 200.490641148884 202.665015029907 204.722507095336 206.429353713989 208.136200332641 209.843046951293 211.549893569946
147.505904515584 149.441932042439 151.377959569295 153.31398709615 155.213381830851 157.100565634833 158.987749438815 160.874933242797 162.762117046779 164.649300850761 166.536484654744 168.198257403903 169.183796988593 170.169336573282 171.154876157972 172.140415742662 173.125955327351 174.111494912041 175.09703449673 175.852461496988 176.531184302435 177.209907107882 177.888629913329 178.567352718777 179.246075524223 179.924798329671 180.740178002251 181.965528276231 183.190878550211 184.416228824191 185.641579098171 186.866929372151 188.092279646131 189.317629920111 191.221990585327 193.35268804762 195.483385509914 197.614082972208 199.744780434502 201.875477896796 204.00617535909 206.042246797349 207.794440163506 209.546633529663 211.298826895819 213.051020261976
149.02015800476 150.957102076212 152.894046147664 154.830990219115 156.803807195027 158.788581805758 160.77335641649 162.758131027221 164.742905637952 166.727680248684 168.712454859415 170.486276796128 171.627240710788 172.768204625447 173.909168540106 175.050132454766 176.191096369425 177.332060284084 178.473024198743 179.268766530354 179.949435000949 180.630103471543 181.310771942138 181.991440412733 182.672108883327 183.352777353922 184.109834204779 185.096056196424 186.082278188069 187.068500179714 188.054722171359 189.040944163004 190.027166154649 191.013388146294 192.825209426879 194.912230470445 196.99925151401 199.086272557576 201.173293601141 203.260314644707 205.347335688273 207.361986499362 209.159526613023 210.957066726684 212.754606840345 214.552146954006
150.534411493936 152.472272109985 154.410132726033 156.347993342081 158.394232559204 160.476597976684 162.558963394164 164.641328811645 166.723694229125 168.806059646606 170.888425064086 172.774296188354 174.070684432983 175.367072677612 176.663460922241 177.95984916687 179.256237411499 180.552625656127 181.849013900756 182.68507156372 183.367685699462 184.050299835205 184.732913970947 185.415528106689 186.098142242431 186.780756378173 187.479490407307 188.226584116617 188.973677825927 189.720771535237 190.467865244547 191.214958953857 191.962052663167 192.709146372477 194.428428268432 196.471772893269 198.515117518106 200.558462142944 202.601806767781 204.645151392618 206.688496017456 208.681726201375 210.52461306254 212.367499923706 214.210386784871 216.053273646036
152.048664983113 153.987442143758 155.926219304402 157.864996465046 159.98465792338 162.164614147609 164.344570371839 166.524526596069 168.704482820298 170.884439044528 173.064395268757 175.062315580579 176.514128155178 177.965940729776 179.417753304375 180.869565878973 182.321378453572 183.77319102817 185.225003602769 186.101376597086 186.785936397976 187.470496198865 188.155055999755 188.839615800645 189.524175601535 190.208735402425 190.849146609836 191.35711203681 191.865077463785 192.37304289076 192.881008317735 193.38897374471 193.896939171685 194.40490459866 196.031647109985 198.031315316094 200.030983522202 202.030651728312 204.03031993442 206.029988140529 208.029656346638 210.001465903388 211.889699512057 213.777933120727 215.666166729397 217.554400338066
153.380103174845 155.324209721883 157.26831626892 159.212422815958 161.383562469482 163.630379825168 165.877197180853 168.124014536539 170.370831892225 172.61764924791 174.864466603596 176.941608810424 178.509725570678 180.077842330932 181.645959091186 183.21407585144 184.782192611694 186.350309371948 187.918426132201 188.86762453715 189.610516823662 190.353409110175 191.096301396687 191.8391936832 192.582085969712 193.324978256225 193.978796386718 194.365392049153 194.751987711588 195.138583374023 195.525179036458 195.911774698893 196.298370361328 196.684966023763 198.213080215453 200.121700583563 202.030320951673 203.938941319783 205.847561687893 207.756182056002 209.664802424112 211.564456897311 213.437213685777 215.309970474243 217.182727262708 219.055484051174
154.528726069132 156.48257484436 158.436423619588 160.390272394815 162.590946197509 164.873895009358 167.156843821207 169.439792633056 171.722741444905 174.005690256754 176.288639068603 178.412175877888 180.057476679483 181.702777481079 183.348078282674 184.993379084269 186.638679885864 188.283980687459 189.929281489054 190.983815383911 191.841426976521 192.699038569132 193.556650161743 194.414261754353 195.271873346964 196.129484939575 196.868439737955 197.251424153645 197.634408569336 198.017392985026 198.400377400716 198.783361816406 199.166346232096 199.549330647786 200.972727584838 202.742928695678 204.513129806518 206.283330917358 208.053532028198 209.823733139037 211.593934249877 213.370699183146 215.167155583699 216.963611984252 218.760068384806 220.556524785359
155.677348963419 157.640939966837 159.604530970255 161.568121973673 163.798329925537 166.117410193549 168.436490461561 170.755570729573 173.074650997585 175.393731265597 177.712811533609 179.882742945353 181.605227788289 183.327712631225 185.050197474161 186.772682317097 188.495167160034 190.21765200297 191.940136845906 193.100006230672 194.07233712938 195.044668028089 196.016998926798 196.989329825507 197.961660724215 198.933991622924 199.758083089192 200.137456258137 200.516829427083 200.896202596028 201.275575764973 201.654948933919 202.034322102864 202.413695271809 203.732374954223 205.364156807793 206.995938661363 208.627720514933 210.259502368502 211.891284222072 213.523066075642 215.17694146898 216.897097481621 218.617253494262 220.337409506903 222.057565519544
156.825971857706 158.799305089314 160.772638320922 162.74597155253 165.005713653564 167.360925377739 169.716137101914 172.07134882609 174.426560550265 176.78177227444 179.136983998616 181.353310012817 183.152978897094 184.952647781372 186.752316665649 188.551985549926 190.351654434204 192.151323318481 193.950992202758 195.216197077433 196.30324728224 197.390297487046 198.477347691853 199.56439789666 200.651448101467 201.738498306274 202.647726440429 203.02348836263 203.39925028483 203.775012207031 204.150774129231 204.526536051432 204.902297973632 205.278059895833 206.492022323608 207.985384919908 209.478747516208 210.972110112508 212.465472708807 213.958835305107 215.452197901407 216.983183754814 218.627039379543 220.270895004272 221.914750629001 223.558606253729
157.974594751993 159.957670211792 161.94074567159 163.923821131388 166.213097381591 168.60444056193 170.995783742268 173.387126922607 175.778470102945 178.169813283284 180.561156463623 182.823877080281 184.700730005899 186.577582931518 188.454435857137 190.331288782755 192.208141708374 194.084994633992 195.96184755961 197.332387924194 198.534157435099 199.735926946004 200.937696456909 202.139465967814 203.341235478719 204.543004989624 205.537369791666 205.909520467122 206.281671142578 206.653821818034 207.025972493489 207.398123168945 207.770273844401 208.142424519856 209.251669692993 210.606613032023 211.961556371052 213.316499710083 214.671443049112 216.026386388142 217.381329727172 218.789426040649 220.356981277465 221.924536514282 223.492091751098 225.059646987914
159.12321764628 161.116035334269 163.108853022257 165.101670710245 167.420481109619 169.84795574612 172.275430382622 174.702905019124 177.130379655625 179.557854292127 181.985328928629 184.294444147745 186.248481114705 188.202518081664 190.156555048624 192.110592015584 194.064628982543 196.018665949503 197.972702916462 199.448578770955 200.765067587958 202.081556404961 203.398045221964 204.714534038967 206.03102285597 207.347511672973 208.427013142903 208.795552571614 209.164092000325 209.532631429036 209.901170857747 210.269710286458 210.638249715169 211.00678914388 212.011317062377 213.227841144137 214.444365225897 215.660889307657 216.877413389417 218.093937471177 219.310461552937 220.595668326483 222.086923175387 223.578178024292 225.069432873195 226.5606877221
160.350680626762 162.391644032796 164.432607438829 166.473570844861 168.808992258707 171.242566341823 173.676140424939 176.109714508056 178.543288591172 180.976862674288 183.410436757405 185.738896009657 187.752010769314 189.765125528971 191.778240288628 193.791355048285 195.804469807942 197.817584567599 199.830699327256 201.358583196004 202.724723434448 204.090863672892 205.457003911336 206.82314414978 208.189284388224 209.555424626668 210.670723893907 211.033500247531 211.396276601155 211.759052954779 212.121829308404 212.484605662028 212.847382015652 213.210158369276 214.182877222697 215.358910242716 216.534943262735 217.710976282755 218.887009302775 220.063042322794 221.239075342814 222.488316429985 223.957181718614 225.426047007242 226.894912295871 228.363777584499
161.65698369344 163.784496307373 165.912008921305 168.039521535237 170.378630828857 172.788272349039 175.197913869221 177.607555389404 180.017196909586 182.426838429768 184.836479949951 187.157232666015 189.211318969726 191.265405273437 193.319491577148 195.373577880859 197.42766418457 199.481750488281 201.535836791991 203.06240119934 204.413124974568 205.763848749796 207.114572525024 208.465296300252 209.81602007548 211.166743850708 212.268502044678 212.623363494873 212.978224945068 213.333086395263 213.687947845459 214.042809295654 214.397670745849 214.752532196045 215.76635017395 216.999820327758 218.233290481567 219.466760635376 220.700230789184 221.933700942993 223.167171096801 224.467370351155 225.967756907145 227.468143463134 228.968530019124 230.468916575113
