data/working_set_collections/6091692-Cassins_Sparrow-MC/1985/bio18.asc
NCOLS 265 
NROWS 230 
XLLCORNER -115.5625 
YLLCORNER 24.8333333333333 
CELLSIZE 0.0833333333333333 
NODATA_value -9999 
[rows 40 to 59 of 230, columns 92 to 137 of 265]
86.3677527745557 88.070904986063 89.7740571975701 91.4772094090772 93.1803616205845 94.8249382019036 96.44998957316 98.0750409444167 99.7000923156731 101.32514368693 102.950195058186 104.575246429443 106.025398953755 106.950854937235 107.876310920715 108.801766904195 109.727222887674 110.652678871154 111.578134854634 112.503590838114 113.931378555297 115.526610183715 117.121841812133 118.717073440551 120.312305068969 121.907536697387 123.502768325805 124.868208948771 125.544276555379 126.220344161987 126.896411768595 127.572479375203 128.248546981811 128.924614588419 129.600682195028 130.137813186645 130.628631973267 131.119450759888 131.610269546509 132.10108833313 132.591907119751 133.082725906372 134.083750025431 136.615390141804 139.147030258178 141.678670374552
88.8469735675381 90.5503748363913 92.2537761052443 93.9571773740973 95.6605786429506 97.3036130269362 98.9265251159661 100.549437204996 102.172349294026 103.795261383056 105.418173472086 107.041085561116 108.470936478508 109.321603880988 110.172271283467 111.022938685946 111.873606088426 112.724273490905 113.574940893385 114.425608295864 115.730548222859 117.186912324693 118.643276426527 120.099640528361 121.556004630194 123.012368732028 124.468732833862 125.696109729343 126.236525005764 126.776940282186 127.317355558607 127.857770835029 128.39818611145 128.938601387872 129.479016664293 129.902070744832 130.286004426744 130.669938108656 131.053871790568 131.43780547248 131.821739154392 132.205672836304 133.125573942396 135.653377321031 138.181180699666 140.708984078301
90.8123256259489 92.4921889411075 94.1720522562658 95.8519155714242 97.5317788865828 99.1506720225012 100.74924176534 102.347811508178 103.946381251017 105.544950993855 107.143520736694 108.742090479532 110.155626826816 111.014062987433 111.872499148051 112.730935308668 113.589371469286 114.447807629903 115.30624379052 116.164679951138 117.422769419352 118.814076656765 120.205383894178 121.596691131591 122.987998369004 124.379305606418 125.770612843831 126.925915993584 127.373206880357 127.82049776713 128.267788653903 128.715079540676 129.162370427449 129.609661314222 130.056952200995 130.428900909424 130.775735558404 131.122570207384 131.469404856364 131.816239505344 132.163074154324 132.509908803304 133.402726745605 135.93349456787 138.464262390136 140.995030212402
92.2638089497878 93.8963473002112 95.5288856506343 97.1614240010574 98.7939623514807 100.366115188598 101.91813952128 103.470163853963 105.022188186645 106.574212519327 108.12623685201 109.678261184692 111.079469998677 112.028232256571 112.976994514465 113.925756772359 114.874519030253 115.823281288147 116.77204354604 117.720805803934 119.008042144775 120.408103179931 121.808164215087 123.208225250244 124.6082862854 126.008347320556 127.408408355712 128.557627741495 128.954322179158 129.351016616821 129.747711054484 130.144405492146 130.541099929809 130.937794367472 131.334488805135 131.71830368042 132.097825368245 132.477347056071 132.856868743896 133.236390431722 133.615912119547 133.995433807373 134.915208435058 137.455741882323 139.996275329589 142.536808776855
93.7152922736268 95.3005056593149 96.8857190450028 98.4709324306906 100.056145816379 101.581558354695 103.087037277221 104.592516199747 106.097995122273 107.603474044799 109.108952967326 110.614431889851 112.003313170539 113.042401525709 114.081489880879 115.12057823605 116.15966659122 117.19875494639 118.237843301561 119.276931656731 120.593314870198 122.002129703097 123.410944535997 124.819759368896 126.228574201795 127.637389034695 129.046203867594 130.189339489407 130.535437477959 130.881535466512 131.227633455064 131.573731443617 131.919829432169 132.265927420722 132.612025409274 133.007706451416 133.419915178087 133.832123904758 134.244332631429 134.6565413581 135.068750084771 135.480958811442 136.427690124511 138.977989196776 141.528288269042 144.078587341308
95.1667755974659 96.7046640184187 98.2425524393713 99.7804408603239 101.318329281277 102.797001520792 104.255935033162 105.714868545532 107.173802057902 108.632735570271 110.091669082641 111.550602595011 112.9271563424 114.056570794847 115.185985247294 116.315399699741 117.444814152187 118.574228604634 119.703643057081 120.833057509528 122.178587595621 123.596156226264 125.013724856906 126.431293487548 127.848862118191 129.266430748833 130.683999379475 131.821051237318 132.11655277676 132.412054316203 132.707555855645 133.003057395087 133.298558934529 133.594060473972 133.889562013414 134.297109222412 134.742004987928 135.186900753445 135.631796518961 136.076692284478 136.521588049994 136.966483815511 137.940171813964 140.50023651123 143.060301208495 145.620365905761
96.6182589213048 98.1088223775224 99.5993858337397 101.089949289957 102.580512746175 104.012444686889 105.424832789103 106.837220891316 108.24960899353 109.661997095743 111.074385197957 112.48677330017 113.850999514261 115.070740063985 116.290480613708 117.510221163431 118.729961713155 119.949702262878 121.169442812601 122.389183362325 123.763860321044 125.19018274943 126.616505177815 128.042827606201 129.469150034586 130.895472462972 132.321794891357 133.452762985229 133.697668075561 133.942573165893 134.187478256225 134.432383346557 134.677288436889 134.922193527221 135.167098617553 135.586511993408 136.06409479777 136.541677602132 137.019260406494 137.496843210856 137.974426015218 138.45200881958 139.452653503417 142.022483825683 144.592314147949 147.162144470214
98.0697422451438 99.5129807366261 100.956219228108 102.39945771959 103.842696211073 105.227887852986 106.593730545043 107.959573237101 109.325415929158 110.691258621215 112.057101313273 113.42294400533 114.774842686123 116.084909333123 117.394975980123 118.705042627122 120.015109274122 121.325175921122 122.635242568122 123.945309215121 125.349133046468 126.784209272596 128.219285498725 129.654361724853 131.089437950981 132.52451417711 133.959590403238 135.08447473314 135.278783374362 135.473092015584 135.667400656806 135.861709298028 136.056017939249 136.250326580471 136.444635221693 136.875914764404 137.386184607611 137.896454450819 138.406724294026 138.916994137234 139.427263980441 139.937533823649 140.96513519287 143.544731140136 146.124327087402 148.703923034667
98.4601106855602 99.8496084001328 101.239106114705 102.628603829278 104.01810154385 105.393890825907 106.765110630459 108.136330435011 109.507550239563 110.878770044115 112.249989848667 113.621209653218 115.017478582594 116.488894886441 117.960311190287 119.431727494133 120.90314379798 122.374560101827 123.845976405673 125.31739270952 126.81781425476 128.327904213799 129.837994172838 131.348084131876 132.858174090915 134.368264049953 135.878354008992 137.075722630818 137.334927241007 137.594131851196 137.853336461385 138.112541071573 138.371745681762 138.630950291951 138.89015490214 139.332546361287 139.83600010342 140.339453845553 140.842907587687 141.34636132982 141.849815071953 142.353268814086 143.350887807209 145.831002553303 148.311117299397 150.791232045491
97.7893642425535 99.118705368042 100.44804649353 101.777387619018 103.106728744507 104.510453605652 105.938973045349 107.367492485046 108.796011924744 110.224531364441 111.653050804138 113.081570243835 114.578907203674 116.282696723938 117.986486244201 119.690275764465 121.394065284729 123.097854804992 124.801644325256 126.50543384552 128.169903945922 129.821267573038 131.472631200154 133.12399482727 134.775358454386 136.426722081502 138.078085708618 139.426506678263 139.866099675496 140.305692672729 140.745285669962 141.184878667195 141.624471664428 142.064064661661 142.503657658894 142.956406784057 143.413541285196 143.870675786336 144.327810287475 144.784944788614 145.242079289754 145.699213790893 146.609911346435 148.881298065184 151.152684783935 153.424071502685
97.1186177995468 98.387802335951 99.656986872355 100.926171408759 102.195355945163 103.627016385396 105.112835460239 106.598654535082 108.084473609924 109.570292684767 111.05611175961 112.541930834452 114.140335824754 116.076498561435 118.012661298116 119.948824034796 121.884986771477 123.821149508158 125.757312244839 127.69347498152 129.521993637084 131.314630932277 133.107268227471 134.899905522664 136.692542817857 138.48518011305 140.277817408243 141.777290725708 142.397272109985 143.017253494262 143.63723487854 144.257216262817 144.877197647094 145.497179031371 146.117160415649 146.580267206827 146.991082466973 147.401897727118 147.812712987263 148.223528247409 148.634343507554 149.0451587677 149.86893488566 151.931593577066 153.994252268473 156.056910959879
96.4478713565401 97.6568993038601 98.8659272511799 100.0749551985 101.28398314582 102.743579165141 104.286697875129 105.829816585117 107.372935295105 108.916054005093 110.459172715081 112.002291425069 113.701764445834 115.870300398932 118.03883635203 120.207372305128 122.375908258226 124.544444211324 126.712980164421 128.881516117519 130.874083328247 132.807994291517 134.741905254787 136.675816218058 138.609727181328 140.543638144599 142.477549107869 144.128074773152 144.928444544474 145.728814315795 146.529184087117 147.329553858439 148.12992362976 148.930293401082 149.730663172403 150.204127629597 150.568623648749 150.9331196679 151.297615687052 151.662111706203 152.026607725355 152.391103744506 153.127958424885 154.981889088948 156.83581975301 158.689750417073
95.7771249135334 96.9259962717692 98.0748676300048 99.2237389882405 100.372610346476 101.860141944885 103.460560290018 105.060978635152 106.661396980286 108.261815325419 109.862233670552 111.462652015686 113.263193066914 115.66410223643 118.065011405944 120.465920575459 122.866829744974 125.267738914489 127.668648084004 130.069557253519 132.226173019409 134.301357650756 136.376542282104 138.451726913451 140.526911544799 142.602096176147 144.677280807494 146.478858820597 147.459616978963 148.440375137328 149.421133295694 150.40189145406 151.382649612426 152.363407770792 153.344165929158 153.827988052367 154.146164830525 154.464341608683 154.78251838684 155.100695164998 155.418871943155 155.737048721313 156.38698196411 158.032184600829 159.677387237548 161.322589874267
95.1063784705267 96.1950932396783 97.2838080088297 98.3725227779811 99.4612375471327 100.97670472463 102.634422704908 104.292140685187 105.949858665466 107.607576645745 109.265294626024 110.923012606303 112.824621687995 115.457904073927 118.091186459859 120.724468845791 123.357751231723 125.991033617655 128.624316003587 131.257598389519 133.578262710571 135.794721009995 138.011179309421 140.227637608845 142.44409590827 144.660554207695 146.87701250712 148.829642868041 149.990789413451 151.151935958862 152.313082504272 153.474229049682 154.635375595092 155.796522140502 156.957668685912 157.451848475138 157.723706012301 157.995563549465 158.267421086629 158.539278623792 158.811136160956 159.08299369812 159.646005503336 161.082480112711 162.518954722086 163.955429331461
93.8973151524861 94.916098467509 95.9348817825318 96.9536650975545 97.9724484125774 99.5595502853393 101.336091677348 103.112633069356 104.889174461365 106.665715853373 108.442257245382 110.21879863739 112.23474330902 114.968897819519 117.703052330017 120.437206840515 123.171361351013 125.905515861511 128.639670372009 131.373824882507 133.80695362091 136.139740435282 138.472527249654 140.805314064026 143.138100878397 145.470887692769 147.803674507141 149.905627017551 151.315076616075 152.724526214599 154.133975813123 155.543425411648 156.952875010172 158.362324608696 159.771774207221 160.310459772745 160.558890660604 160.807321548462 161.05575243632 161.304183324178 161.552614212036 161.801045099894 162.279141998291 163.446236928304 164.613331858317 165.78042678833
92.1499349594117 93.0890119552614 94.028088951111 94.9671659469606 95.9062429428103 97.6086786270142 99.5655672073363 101.522455787659 103.479344367981 105.436232948303 107.393121528625 109.350010108948 111.493557929992 114.197083473205 116.900609016418 119.604134559631 122.307660102844 125.011185646057 127.71471118927 130.418236732483 132.912245750427 135.336415926615 137.760586102803 140.184756278991 142.608926455179 145.033096631368 147.457266807556 149.706811269124 151.432478586832 153.158145904541 154.883813222249 156.609480539957 158.335147857666 160.060815175374 161.786482493082 162.40382194519 162.651718775431 162.899615605672 163.147512435913 163.395409266154 163.643306096394 163.891202926635 164.286391448974 165.123455047607 165.96051864624 166.797582244873
90.4025547663371 91.2619254430137 92.1212961196901 92.9806667963664 93.840037473043 95.6578069686889 97.7950427373248 99.9322785059611 102.069514274597 104.206750043233 106.343985811869 108.481221580505 110.752372550964 113.425269126892 116.098165702819 118.771062278747 121.443958854675 124.116855430603 126.78975200653 129.462648582458 132.017537879944 134.533091417948 137.048644955953 139.564198493957 142.079752031962 144.595305569966 147.110859107971 149.507995520697 151.54988055759 153.591765594482 155.633650631374 157.675535668266 159.717420705159 161.759305742051 163.801190778943 164.497184117635 164.744546890258 164.991909662882 165.239272435506 165.48663520813 165.733997980753 165.981360753377 166.293640899658 166.80067316691 167.307705434163 167.814737701416
88.6551745732626 89.4348389307659 90.2145032882691 90.9941676457723 91.7738320032757 93.7069353103636 96.0245182673133 98.3421012242634 100.659684181213 102.977267138163 105.294850095113 107.612433052063 110.011187171936 112.653454780578 115.295722389221 117.937989997863 120.580257606506 123.222525215149 125.864792823791 128.507060432434 131.12283000946 133.729766909281 136.336703809102 138.943640708923 141.550577608744 144.157514508565 146.764451408386 149.309179772271 151.667282528347 154.025385284423 156.3834880405 158.741590796576 161.099693552652 163.457796308729 165.815899064805 166.590546290079 166.837375005086 167.084203720092 167.331032435099 167.577861150105 167.824689865112 168.071518580119 168.300890350342 168.477891286214 168.654892222086 168.831893157959
86.9077943801881 87.6077524185183 88.3077104568484 89.0076684951784 89.7076265335086 91.7560636520385 94.253993797302 96.7519239425659 99.2498540878294 101.747784233093 104.245714378357 106.74364452362 109.270001792907 111.881640434265 114.493279075622 117.10491771698 119.716556358337 122.328194999695 124.939833641052 127.55147228241 130.228122138977 132.926442400614 135.624762662252 138.323082923889 141.021403185526 143.719723447164 146.418043708801 149.110364023844 151.784684499104 154.459004974365 157.133325449625 159.807645924885 162.481966400146 165.156286875406 167.830607350666 168.683908462524 168.930203119913 169.176497777303 169.422792434692 169.669087092081 169.915381749471 170.16167640686 170.308139801025 170.155109405517 170.00207901001 169.849048614502
85.1604141871136 85.7806659062705 86.4009176254274 87.0211693445843 87.6414210637413 89.8051919937132 92.4834693272905 95.1617466608682 97.8400239944455 100.518301328023 103.196578661601 105.874855995178 108.528816413879 111.109826087951 113.690835762024 116.271845436096 118.852855110168 121.43386478424 124.014874458313 126.595884132385 129.333414268493 132.123117891947 134.912821515401 137.702525138855 140.492228762308 143.281932385762 146.071636009216 148.911548275417 151.902086469861 154.892624664306 157.88316285875 160.873701053195 163.864239247639 166.854777442084 169.845315636528 170.777270634969 171.023031234741 171.268791834513 171.514552434285 171.760313034057 172.006073633829 172.251834233602 172.315389251709 171.832327524821 171.349265797933 170.866204071045
