data/working_set_collections/6091692-Cassins_Sparrow-MC/1985/bio1.asc
NCOLS 265 
NROWS 230 
XLLCORNER -115.5625 
YLLCORNER 24.8333333333333 
CELLSIZE 0.0833333333333333 
NODATA_value -9999 
[rows 60 to 79 of 230, columns 138 to 183 of 265]
10.9851236051983 11.1469766219456 11.308829638693 11.4706826554404 11.568241349856 11.6443686034944 11.7204958571328 11.7966231107711 11.8727503644095 11.9488776180479 12.0250048716863 12.0949582497279 12.1463900009791 12.1978217522303 12.2492535034815 12.3006852547327 12.352117005984 12.4035487572352 12.4549805084864 12.511346022288 12.5693561236063 12.6273662249247 12.6853763262431 12.7433864275614 12.8013965288798 12.8594066301981 12.9177310201857 12.9769982761807 13.0362655321757 13.0955327881707 13.1548000441657 13.2140673001607 13.2733345561557 13.3326018121507 13.364568344752 13.387434636222 13.410300927692 13.433167219162 13.456033510632 13.478899802102 13.501766093572 13.5219635274675 13.5341543886396 13.5463452498118 13.5585361109839 13.5707269721561
11.291674208641 11.4388785123824 11.5860828161239 11.7332871198653 11.8210429430007 11.8889826059341 11.9569222688674 12.0248619318008 12.0928015947341 12.1607412576675 12.2286809206008 12.2908139149348 12.3355269034703 12.3802398920059 12.4249528805414 12.469665869077 12.5143788576126 12.5590918461481 12.6038048346837 12.65157995224 12.7003757794698 12.7491716066996 12.7979674339294 12.8467632611592 12.895559088389 12.9443549156189 12.9956365267435 13.0543754895528 13.113114452362 13.1718534151713 13.2305923779805 13.2893313407898 13.348070303599 13.4068092664083 13.4386272907257 13.4614716688792 13.4843160470327 13.5071604251861 13.5300048033396 13.5528491814931 13.5756935596466 13.5955029328664 13.6062072912852 13.616911649704 13.6276160081227 13.6383203665415
11.5982248120837 11.7307804028193 11.8633359935548 11.9958915842903 12.0738445361455 12.1335966083738 12.1933486806021 12.2531007528305 12.3128528250588 12.3726048972871 12.4323569695154 12.4866695801417 12.5246638059616 12.5626580317815 12.6006522576014 12.6386464834213 12.6766407092412 12.7146349350611 12.752629160881 12.7918138821919 12.8313954353332 12.8709769884745 12.9105585416158 12.9501400947571 12.9897216478983 13.0293032010396 13.0735420333014 13.1317527029249 13.1899633725484 13.2481740421719 13.3063847117954 13.3645953814188 13.4228060510423 13.4810167206658 13.5126862366994 13.5355087015364 13.5583311663733 13.5811536312103 13.6039760960473 13.6267985608842 13.6496210257212 13.6690423382653 13.6782601939307 13.6874780495961 13.6966959052616 13.705913760927
11.9047754155264 12.0226822932561 12.1405891709857 12.2584960487153 12.3266461292902 12.3782106108135 12.4297750923368 12.4813395738601 12.5329040553834 12.5844685369067 12.63603301843 12.6825252453486 12.7138007084528 12.7450761715571 12.7763516346613 12.8076270977656 12.8389025608698 12.8701780239741 12.9014534870783 12.9320478121439 12.9624150911967 12.9927823702494 13.0231496493021 13.0535169283549 13.0838842074076 13.1142514864604 13.1514475398593 13.209129916297 13.2668122927348 13.3244946691725 13.3821770456102 13.4398594220479 13.4975417984856 13.5552241749233 13.5867451826731 13.6095457341936 13.632346285714 13.6551468372345 13.6779473887549 13.7007479402754 13.7235484917958 13.7425817436642 13.7503130965763 13.7580444494883 13.7657758024004 13.7735071553124
12.2113260189691 12.3145841836929 12.4178423484166 12.5211005131403 12.579447722435 12.6228246132532 12.6662015040715 12.7095783948898 12.7529552857081 12.7963321765263 12.8397090673446 12.8783809105555 12.9029376109441 12.9274943113327 12.9520510117213 12.9766077121098 13.0011644124984 13.025721112887 13.0502778132756 13.0722817420959 13.0934347470601 13.1145877520243 13.1357407569885 13.1568937619527 13.1780467669169 13.1991997718811 13.2293530464172 13.2865071296692 13.3436612129211 13.4008152961731 13.457969379425 13.515123462677 13.5722775459289 13.6294316291809 13.6608041286468 13.6835827668508 13.7063614050547 13.7291400432587 13.7519186814626 13.7746973196665 13.7974759578705 13.8161211490631 13.8223659992218 13.8286108493805 13.8348556995392 13.8411005496979
12.5178766224119 12.6064860741297 12.6950955258475 12.7837049775653 12.8322493155797 12.8674386156929 12.9026279158062 12.9378172159195 12.9730065160327 13.008195816146 13.0433851162592 13.0742365757624 13.0920745134353 13.1099124511083 13.1277503887812 13.1455883264541 13.1634262641271 13.1812642018 13.1991021394729 13.2125156720479 13.2244544029236 13.2363931337992 13.2483318646749 13.2602705955505 13.2722093264262 13.2841480573018 13.3072585529751 13.3638843430413 13.4205101331075 13.4771359231737 13.5337617132399 13.590387503306 13.6470132933722 13.7036390834384 13.7348630746206 13.757619799508 13.7803765243954 13.8031332492828 13.8258899741702 13.8486466990577 13.8714034239451 13.889660554462 13.8944189018673 13.8991772492727 13.903935596678 13.9086939440833
12.7519673294491 12.833777920405 12.915588511361 12.9973991023169 13.0392552216848 13.0677931838565 13.0963311460283 13.1248691082001 13.1534070703718 13.1819450325436 13.2104829947154 13.235115120146 13.2480297353532 13.2609443505605 13.2738589657677 13.286773580975 13.2996881961822 13.3126028113895 13.3255174265967 13.3354901393254 13.3444822178946 13.3534742964638 13.362466375033 13.3714584536022 13.3804505321714 13.3894426107406 13.4094070461061 13.4622885518604 13.5151700576146 13.5680515633689 13.6209330691231 13.6738145748774 13.7266960806317 13.7795775863859 13.8082614819209 13.8288795073827 13.8494975328445 13.8701155583064 13.8907335837682 13.91135160923 13.9319696346919 13.9480585071776 13.9505599207348 13.9530613342921 13.9555627478494 13.9580641614066
12.9135981400807 12.9964597225189 13.079321304957 13.1621828873952 13.2004654407501 13.2238883177439 13.2473111947377 13.2707340717315 13.2941569487254 13.3175798257192 13.341002702713 13.3610165437062 13.3708032766978 13.3805900096893 13.3903767426808 13.4001634756724 13.4099502086639 13.4197369416555 13.429523674647 13.4412051439285 13.4535181919733 13.4658312400182 13.478144288063 13.4904573361079 13.5027703841527 13.5150834321975 13.5357985258102 13.5817197561264 13.6276409864425 13.6735622167587 13.7194834470749 13.765404677391 13.8113259077072 13.8572471380234 13.8809993505478 13.8973618904749 13.9137244304021 13.9300869703293 13.9464495102564 13.9628120501836 13.9791745901108 13.9913150072098 13.9907890558243 13.9902631044388 13.9897371530533 13.9892112016678
13.0752289507124 13.1591415246327 13.2430540985531 13.3269666724734 13.3616756598154 13.3799834516313 13.3982912434472 13.416599035263 13.4349068270789 13.4532146188948 13.4715224107106 13.4869179672665 13.4935768180423 13.5002356688181 13.506894519594 13.5135533703698 13.5202122211456 13.5268710719214 13.5335299226973 13.5469201485316 13.5625541660521 13.5781881835725 13.593822201093 13.6094562186135 13.625090236134 13.6407242536545 13.6621900055143 13.7011509603924 13.7401119152705 13.7790728701485 13.8180338250266 13.8569947799047 13.8959557347827 13.9349166896608 13.9537372191747 13.9658442735672 13.9779513279597 13.9900583823522 14.0021654367447 14.0142724911372 14.0263795455297 14.034571507242 14.0310181909137 14.0274648745855 14.0239115582572 14.0203582419289
13.236859761344 13.3218233267466 13.4067868921491 13.4917504575517 13.5228858788808 13.5360785855187 13.5492712921566 13.5624639987945 13.5756567054324 13.5888494120704 13.6020421187083 13.6128193908267 13.6163503593869 13.619881327947 13.6234122965071 13.6269432650672 13.6304742336273 13.6340052021874 13.6375361707475 13.6526351531346 13.6715901401308 13.6905451271269 13.709500114123 13.7284551011191 13.7474100881152 13.7663650751114 13.7885814852185 13.8205821646584 13.8525828440984 13.8845835235384 13.9165842029783 13.9485848824183 13.9805855618583 14.0125862412982 14.0264750878016 14.0343266566594 14.0421782255173 14.0500297943751 14.0578813632329 14.0657329320908 14.0735845009486 14.0778280072742 14.0712473260032 14.0646666447322 14.0580859634611 14.0515052821901
13.3984905719757 13.4845051288604 13.5705196857452 13.65653424263 13.6840960979461 13.6921737194061 13.7002513408661 13.708328962326 13.716406583786 13.7244842052459 13.7325618267059 13.738720814387 13.7391239007314 13.7395269870758 13.7399300734202 13.7403331597646 13.740736246109 13.7411393324534 13.7415424187978 13.7583501577377 13.7806261142095 13.8029020706812 13.825178027153 13.8474539836248 13.8697299400965 13.8920058965683 13.9149729649226 13.9400133689244 13.9650537729263 13.9900941769282 14.01513458093 14.0401749849319 14.0652153889338 14.0902557929357 14.0992129564285 14.1028090397517 14.1064051230748 14.110001206398 14.1135972897212 14.1171933730443 14.1207894563675 14.1210845073064 14.1114764610926 14.1018684148788 14.0922603686651 14.0826523224513
13.5601213826073 13.6471869309743 13.7342524793413 13.8213180277082 13.8453063170115 13.8482688532935 13.8512313895755 13.8541939258575 13.8571564621395 13.8601189984215 13.8630815347036 13.8646222379472 13.8618974420759 13.8591726462046 13.8564478503333 13.853723054462 13.8509982585907 13.8482734627194 13.8455486668481 13.8640651623408 13.8896620882882 13.9152590142356 13.940855940183 13.9664528661304 13.9920497920778 14.0176467180252 14.0413644446267 14.0594445731905 14.0775247017542 14.095604830318 14.1136849588818 14.1317650874456 14.1498452160093 14.1679253445731 14.1719508250554 14.1712914228439 14.1706320206324 14.1699726184209 14.1693132162094 14.1686538139979 14.1679944117864 14.1643410073386 14.1517055961821 14.1390701850255 14.126434773869 14.1137993627124
13.5774553351932 13.6688727537791 13.760290172365 13.8517075909508 13.8752076148987 13.8760685073005 13.8769293997023 13.8777902921041 13.8786511845059 13.8795120769077 13.8803729693095 13.8816530889935 13.8841908905241 13.8867286920548 13.8892664935854 13.891804295116 13.8943420966466 13.8968798981773 13.8994176997079 13.9235286792119 13.9548307180405 13.986132756869 14.0174347956975 14.0487368345261 14.0800388733546 14.1113409121831 14.1383805407418 14.152632938491 14.1668853362401 14.1811377339893 14.1953901317384 14.2096425294876 14.2238949272368 14.2381473249859 14.2385425170263 14.234318640497 14.2300947639677 14.2258708874385 14.2216470109092 14.2174231343799 14.2131992578506 14.2063653389613 14.1917012929916 14.177037247022 14.1623732010523 14.1477091550827
13.4504924297333 13.5495625972748 13.6486327648163 13.7477029323578 13.7737999916077 13.775572681427 13.7773453712464 13.7791180610657 13.780890750885 13.7826634407044 13.7844361305237 13.7898133675257 13.806004246076 13.8221951246262 13.8383860031764 13.8545768817266 13.8707677602768 13.886958638827 13.9031495173772 13.9367407083511 13.9761320034663 14.0155232985814 14.0549145936966 14.0943058888117 14.1336971839269 14.173088479042 14.2060212532679 14.2195784648259 14.233135676384 14.246692887942 14.2602500995 14.273807311058 14.2873645226161 14.3009217341741 14.298988032341 14.2918906927109 14.2847933530807 14.2776960134506 14.2705986738205 14.2635013341904 14.2564039945602 14.2471575021744 14.2314635515213 14.2157696008682 14.2000756502151 14.1843816995621
13.3235295242733 13.4302524407705 13.5369753572676 13.6436982737647 13.6723923683167 13.6750768555535 13.6777613427904 13.6804458300273 13.6831303172641 13.685814804501 13.6884992917379 13.697973646058 13.7278176016278 13.7576615571976 13.7875055127674 13.8173494683372 13.847193423907 13.8770373794768 13.9068813350465 13.9499527374903 13.9974332888921 14.0449138402939 14.0923943916956 14.1398749430974 14.1873554944992 14.234836045901 14.273661965794 14.2865239911609 14.2993860165278 14.3122480418947 14.3251100672616 14.3379720926285 14.3508341179954 14.3636961433622 14.3594335476557 14.3494627449248 14.3394919421938 14.3295211394628 14.3195503367318 14.3095795340008 14.2996087312698 14.2879496653875 14.271225810051 14.2545019547145 14.2377780993779 14.2210542440414
13.1965666188134 13.3109422842661 13.4253179497189 13.5396936151716 13.5709847450256 13.57458102968 13.5781773143345 13.5817735989889 13.5853698836433 13.5889661682977 13.5925624529521 13.6061339245902 13.6496309571796 13.693127989769 13.7366250223584 13.7801220549477 13.8236190875371 13.8671161201265 13.9106131527159 13.9631647666295 14.0187345743179 14.0743043820063 14.1298741896947 14.1854439973831 14.2410138050715 14.2965836127599 14.3413026783201 14.3534695174959 14.3656363566716 14.3778031958474 14.3899700350231 14.4021368741989 14.4143037133747 14.4264705525504 14.4198790629705 14.4070347971386 14.3941905313068 14.381346265475 14.3685019996431 14.3556577338113 14.3428134679794 14.3287418286006 14.3109880685806 14.2932343085607 14.2754805485408 14.2577267885208
13.0696037133535 13.1916321277618 13.3136605421702 13.4356889565786 13.4695771217346 13.4740852038066 13.4785932858785 13.4831013679505 13.4876094500224 13.4921175320943 13.4966256141663 13.5142942031225 13.5714443127314 13.6285944223404 13.6857445319494 13.7428946415583 13.8000447511673 13.8571948607763 13.9143449703852 13.9763767957687 14.0400358597437 14.1036949237187 14.1673539876938 14.2310130516688 14.2946721156438 14.3583311796188 14.4089433908462 14.4204150438309 14.4318866968155 14.4433583498001 14.4548300027847 14.4663016557693 14.477773308754 14.4892449617386 14.4803245782852 14.4646068493525 14.4488891204198 14.4331713914871 14.4174536625544 14.4017359336217 14.386018204689 14.3695339918137 14.3507503271103 14.3319666624069 14.3131829977035 14.2943993330002
12.9426408078935 13.0723219712575 13.2020031346215 13.3316842979855 13.3681694984436 13.3735893779331 13.3790092574226 13.384429136912 13.3898490164015 13.395268895891 13.4006887753805 13.4224544816547 13.4932576682832 13.5640608549118 13.6348640415404 13.7056672281689 13.7764704147975 13.847273601426 13.9180767880546 13.9895888249079 14.0613371451696 14.1330854654312 14.2048337856928 14.2765821059545 14.3483304262161 14.4200787464777 14.4765841033723 14.4873605701658 14.4981370369593 14.5089135037528 14.5196899705463 14.5304664373398 14.5412429041333 14.5520193709267 14.5407700935999 14.5221789015664 14.5035877095328 14.4849965174993 14.4664053254657 14.4478141334322 14.4292229413986 14.4103261550268 14.39051258564 14.3706990162532 14.3508854468664 14.3310718774796
12.7471805334091 12.8861578067144 13.0251350800196 13.1641123533249 13.2163730621338 13.2397282494439 13.263083436754 13.2864386240641 13.3097938113742 13.3331489986844 13.3565041859945 13.3940198633406 13.4740170107947 13.5540141582489 13.634011305703 13.7140084531572 13.7940056006113 13.8740027480655 13.9539998955197 14.0287856737772 14.1018343289693 14.1748829841613 14.2479316393534 14.3209802945455 14.3940289497375 14.4670776049296 14.5249419238832 14.5372532341215 14.5495645443598 14.5618758545981 14.5741871648365 14.5864984750748 14.5988097853131 14.6111210955514 14.6015341838201 14.5846478647656 14.5677615457111 14.5508752266566 14.5339889076021 14.5171025885476 14.5002162694931 14.4831551366382 14.4655695623822 14.4479839881261 14.4303984138701 14.412812839614
12.4832228899002 12.6331396341324 12.7830563783646 12.9329731225967 13.0141878128052 13.072501818339 13.1308158238729 13.1891298294067 13.2474438349406 13.3057578404744 13.3640718460083 13.4289903481801 13.5137223402659 13.5984543323517 13.6831863244374 13.7679183165232 13.852650308609 13.9373823006948 14.0221142927805 14.0939673423767 14.161527411143 14.2290874799092 14.2966475486755 14.3642076174418 14.4317676862081 14.4993277549743 14.5540168523788 14.5700930356979 14.586169219017 14.6022454023361 14.6183215856552 14.6343977689743 14.6504739522934 14.6665501356125 14.6626168489456 14.6520137389501 14.6414106289546 14.630807518959 14.6202044089635 14.609601298968 14.5989981889725 14.588020936648 14.5759212573369 14.5638215780258 14.5517218987147 14.5396222194036
