data/working_set_collections/6091692-Cassins_Sparrow-MC/1985/bio13.asc
NCOLS 265 
NROWS 230 
XLLCORNER -115.5625 
YLLCORNER 24.8333333333333 
CELLSIZE 0.0833333333333333 
NODATA_value -9999 
[rows 20 to 39 of 230, columns 184 to 229 of 265]
84.617488924662 84.8957425223454 85.1739961200288 85.7333342234291 86.3863671620684 87.0394001007077 87.6924330393472 88.3454659779865 88.9984989166258 89.6515318552652 90.191117477417 90.3903611501058 90.5896048227946 90.7888484954834 90.9880921681722 91.187335840861 91.3865795135497 91.5858231862385 91.798625310262 92.0159469180636 92.2332685258652 92.4505901336669 92.6679117414685 92.8852333492702 93.1025549570718 93.3024230745102 93.4499307208589 93.5974383672077 93.7449460135564 93.8924536599051 94.0399613062538 94.1874689526025 94.3349765989513 95.2672394434607 96.4610873540237 97.6549352645868 98.8487831751501 100.042631085713 101.236478996276 102.43032690684 103.618082427978 104.787560780842 105.957039133707 107.126517486572 108.295995839436 109.465474192301
86.0484771092731 86.2774612638683 86.5064454184636 86.8710694630939 87.2809068044025 87.6907441457111 88.1005814870197 88.5104188283283 88.920256169637 89.3300935109456 89.7125441233317 90.0128345489502 90.3131249745687 90.6134154001871 90.9137058258056 91.2139962514241 91.5142866770426 91.814577102661 92.1013014475504 92.38350376553 92.6657060835095 92.9479084014892 93.2301107194687 93.5123130374483 93.7945153554279 94.0775876575045 94.3632699118718 94.6489521662393 94.9346344206066 95.220316674974 95.5059989293414 95.7916811837088 96.0773634380762 97.0739188512162 98.3074319839473 99.5409451166783 100.77445824941 102.007971382141 103.241484514872 104.474997647603 105.677691396077 106.78792699178 107.898162587483 109.008398183186 110.118633778889 111.228869374593
87.479465293884 87.6591800053912 87.8388947168983 88.0088047027586 88.1754464467365 88.3420881907143 88.5087299346923 88.6753716786702 88.8420134226481 89.008655166626 89.2339707692464 89.6353079477945 90.0366451263427 90.4379823048909 90.839319483439 91.2406566619872 91.6419938405354 92.0433310190835 92.4039775848388 92.7510606129963 93.0981436411538 93.4452266693114 93.7923096974689 94.1393927256264 94.486475753784 94.8527522404986 95.2766091028846 95.7004659652708 96.1243228276568 96.5481796900428 96.9720365524289 97.3958934148149 97.8197502772009 98.8805982589716 100.153776613871 101.42695496877 102.700133323669 103.973311678568 105.246490033467 106.519668388366 107.737300364176 108.788293202717 109.839286041259 110.890278879801 111.941271718342 112.992264556884
88.910453478495 89.0408987469141 89.1713440153332 89.1465399424233 89.0699860890705 88.9934322357177 88.9168783823649 88.840324529012 88.7637706756592 88.6872168223064 88.7553974151611 89.2577813466389 89.7601652781168 90.2625492095947 90.7649331410725 91.2673170725504 91.7697010040282 92.272084935506 92.7066537221272 93.1186174604626 93.5305811987981 93.9425449371336 94.3545086754691 94.7664724138046 95.1784361521401 95.6279168234929 96.1899482938976 96.7519797643023 97.314011234707 97.8760427051117 98.4380741755165 99.0001056459212 99.5621371163258 100.687277666727 102.000121243794 103.312964820861 104.625808397928 105.938651974995 107.251495552062 108.56433912913 109.796909332275 110.788659413655 111.780409495035 112.772159576416 113.763909657796 114.755659739176
89.9674695332844 90.0659031338161 90.1643367343478 90.0372248967488 89.8349312464396 89.6326375961304 89.4303439458211 89.2280502955119 89.0257566452026 88.8234629948934 88.8337050543889 89.4815542432994 90.12940343221 90.7772526211206 91.4251018100311 92.0729509989418 92.7208001878523 93.3686493767628 93.8383422215777 94.2486496183604 94.6589570151432 95.069264411926 95.4795718087088 95.8898792054915 96.3001866022743 96.7805477566186 97.4710701836476 98.1615926106768 98.8521150377058 99.5426374647348 100.233159891764 100.923682318793 101.614204745822 102.779257074991 104.102486038207 105.425715001424 106.74894396464 108.072172927856 109.395401891072 110.718630854288 111.93957564036 112.853667894999 113.767760149637 114.681852404276 115.595944658915 116.510036913554
90.6505134582518 90.7341931660969 90.8178728739419 90.6808595657348 90.4702819188435 90.2597042719523 90.049126625061 89.8385489781697 89.6279713312784 89.4173936843872 89.46889368693 90.3066266377763 91.1443595886227 91.982092539469 92.8198254903153 93.6575584411617 94.495291392008 95.3330243428543 95.7990430831905 96.1411570866899 96.4832710901892 96.8253850936886 97.167499097188 97.5096131006873 97.8517271041867 98.3106450398759 99.1199747721349 99.9293045043941 100.738634236653 101.547963968912 102.357293701171 103.16662343343 103.975953165689 105.156536483764 106.46087099711 107.765205510457 109.069540023803 110.373874537149 111.678209050496 112.982543563842 114.165299288431 114.983318646748 115.801338005065 116.619357363382 117.4373767217 118.255396080017
91.3335573832193 91.4024831983777 91.4714090135361 91.3244942347208 91.1056325912475 90.8867709477742 90.6679093043009 90.4490476608276 90.2301860173543 90.011324373881 90.1040823194712 91.1316990322533 92.1593157450355 93.1869324578175 94.2145491705996 95.2421658833818 96.2697825961638 97.2973993089458 97.7597439448035 98.0336645550195 98.3075851652354 98.5815057754514 98.8554263856673 99.1293469958832 99.4032676060992 99.8407423231333 100.768879360622 101.697016398112 102.625153435601 103.55329047309 104.481427510579 105.409564548068 106.337701585557 107.533815892537 108.819255956013 110.10469601949 111.390136082967 112.675576146443 113.96101620992 115.246456273396 116.391022936503 117.112969398498 117.834915860494 118.556862322489 119.278808784484 120.00075524648
92.0166013081868 92.0707732306585 92.1249451531303 91.9681289037068 91.7409832636515 91.5138376235962 91.2866919835408 91.0595463434855 90.8324007034302 90.6052550633748 90.7392709520125 91.9567714267302 93.1742719014483 94.391772376166 95.6092728508838 96.8267733256018 98.0442738003196 99.2617742750374 99.7204448064166 99.9261720233491 100.131899240282 100.337626457214 100.543353674147 100.749080891079 100.954808108012 101.370839606391 102.41778394911 103.464728291829 104.511672634548 105.558616977267 106.605561319987 107.652505662706 108.699450005425 109.91109530131 111.177640914916 112.444186528523 113.71073214213 114.977277755737 116.243823369343 117.51036898295 118.616746584574 119.242620150248 119.868493715922 120.494367281596 121.120240847269 121.746114412943
92.6996452331542 92.7390632629393 92.7784812927245 92.6117635726928 92.3763339360554 92.1409042994181 91.9054746627807 91.6700450261434 91.434615389506 91.1991857528686 91.3744595845536 92.7818438212071 94.1892280578609 95.5966122945144 97.003996531168 98.4113807678218 99.8187650044753 101.226149241129 101.681145668029 101.818679491679 101.956213315328 102.093747138977 102.231280962626 102.368814786275 102.506348609924 102.900936889648 104.066688537597 105.232440185546 106.398191833496 107.563943481445 108.729695129394 109.895446777343 111.061198425292 112.288374710082 113.536025873819 114.783677037556 116.031328201293 117.27897936503 118.526630528767 119.774281692504 120.842470232645 121.372270901997 121.90207157135 122.431872240702 122.961672910054 123.491473579406
93.3826891581216 93.4073532952202 93.4320174323187 93.2553982416788 93.0116846084594 92.7679709752401 92.5242573420206 92.2805437088012 92.0368300755819 91.7931164423624 92.0096482170948 93.6069162156841 95.2041842142737 96.801452212863 98.3987202114523 99.9959882100418 101.593256208631 103.19052420722 103.641846529642 103.711186960008 103.780527390374 103.849867820739 103.919208251105 103.988548681471 104.057889111837 104.431034172905 105.715593126084 107.000152079264 108.284711032443 109.569269985622 110.853828938802 112.138387891981 113.42294684516 114.665654118855 115.894410832722 117.123167546589 118.351924260457 119.580680974324 120.809437688191 122.038194402058 123.068193880717 123.501921653747 123.935649426778 124.369377199808 124.803104972839 125.23683274587
93.9153401692708 93.9848514133029 94.054362657335 93.9111405054728 93.6970072216457 93.4828739378187 93.2687406539916 93.0546073701646 92.8404740863376 92.6263408025105 92.8885537889264 94.5798055860725 96.271057383219 97.9623091803652 99.6535609775113 101.344812774658 103.036064571804 104.72731636895 105.144533030192 105.137071312798 105.129609595405 105.122147878011 105.114686160617 105.107224443224 105.09976272583 105.437004386054 106.808356179131 108.179707972208 109.551059765286 110.922411558363 112.29376335144 113.665115144517 115.036466937594 116.284633636474 117.491738637288 118.698843638102 119.905948638916 121.113053639729 122.320158640543 123.527263641357 124.525854873657 124.898904800415 125.271954727173 125.645004653931 126.018054580688 126.391104507446
94.2975982666015 94.4715576171874 94.6455169677733 94.5789903640746 94.4323017756143 94.285613187154 94.1389245986937 93.9922360102334 93.8455474217731 93.6988588333128 94.0111763000482 95.7005119323724 97.3898475646968 99.0791831970209 100.768518829345 102.457854461669 104.147190093994 105.836525726318 106.189205169678 106.096332550049 106.00345993042 105.910587310791 105.817714691162 105.724842071533 105.631969451904 105.918847529093 107.344977696736 108.77110786438 110.197238032023 111.623368199666 113.049498367309 114.475628534952 115.901758702595 117.145313262939 118.328009287516 119.510705312093 120.69340133667 121.876097361246 123.058793385823 124.2414894104 125.215453211466 125.563220342 125.910987472534 126.258754603068 126.606521733602 126.954288864136
94.6798563639322 94.9582638210719 95.2366712782116 95.2468402226765 95.167596329583 95.0883524364894 95.0091085433959 94.9298646503023 94.8506207572088 94.7713768641153 95.1337988111702 96.8212182786723 98.5086377461747 100.196057213677 101.883476681179 103.570896148681 105.258315616183 106.945735083685 107.233877309163 107.055593787299 106.877310265435 106.699026743571 106.520743221707 106.342459699843 106.164176177978 106.400690672132 107.881599214341 109.362507756551 110.84341629876 112.324324840969 113.805233383178 115.286141925387 116.767050467597 118.005992889404 119.164279937744 120.322566986084 121.480854034424 122.639141082763 123.797428131103 124.955715179443 125.905051549276 126.227535883585 126.550020217895 126.872504552205 127.194988886515 127.517473220825
95.0621144612629 95.4449700249565 95.82782558865 95.9146900812784 95.9028908835516 95.8910916858248 95.879292488098 95.8674932903713 95.8556940926445 95.8438948949177 96.2564213222922 97.9419246249723 99.6274279276526 101.312931230333 102.998434533013 104.683937835693 106.369441138373 108.054944441053 108.278549448649 108.01485502455 107.75116060045 107.487466176351 107.223771752252 106.960077328152 106.696382904053 106.882533815172 108.418220731947 109.953907648722 111.489594565497 113.025281482272 114.560968399048 116.096655315823 117.632342232598 118.866672515869 120.000550587972 121.134428660074 122.268306732177 123.40218480428 124.536062876383 125.669940948486 126.594649887085 126.891851425171 127.189052963257 127.486254501343 127.783456039429 128.080657577515
95.4443725585936 95.931676228841 96.4189798990883 96.5825399398802 96.6381854375202 96.6938309351602 96.7494764328001 96.8051219304401 96.86076742808 96.91641292572 97.3790438334141 99.0626309712721 100.74621810913 102.429805246988 104.113392384846 105.796979522705 107.480566660563 109.164153798421 109.323221588135 108.9741162618 108.625010935465 108.275905609131 107.926800282796 107.577694956462 107.228589630127 107.364376958211 108.954842249552 110.545307540893 112.135772832234 113.726238123575 115.316703414917 116.907168706258 118.497633997599 119.727352142334 120.836821238199 121.946290334065 123.055759429931 124.165228525797 125.274697621663 126.384166717529 127.284248224894 127.556166966756 127.828085708618 128.10000445048 128.371923192342 128.643841934204
95.8266306559243 96.4183824327255 97.0101342095267 97.2503897984821 97.3734799914888 97.4965701844956 97.6196603775023 97.742750570509 97.8658407635157 97.9889309565225 98.5016663445361 100.183337317572 101.865008290608 103.546679263644 105.22835023668 106.910021209716 108.591692182752 110.273363155788 110.36789372762 109.933377499051 109.498861270481 109.064345041911 108.629828813341 108.195312584771 107.760796356201 107.84622010125 109.491463767157 111.136707433064 112.781951098971 114.427194764878 116.072438430786 117.717682096693 119.3629257626 120.588031768799 121.673091888427 122.758152008056 123.843212127685 124.928272247314 126.013332366943 127.098392486572 127.973846562703 128.220482508341 128.467118453979 128.713754399617 128.960390345255 129.207026290893
96.2479607264199 96.9121965832178 97.5764324400158 97.8502166748046 97.9938503689235 98.1374840630424 98.2811177571614 98.4247514512803 98.5683851453992 98.7120188395182 99.2022602929005 100.732325024075 102.262389755249 103.792454486423 105.322519217597 106.852583948771 108.382648679945 109.912713411119 110.0035876592 109.61473174625 109.2258758333 108.837019920349 108.448164007399 108.059308094449 107.670452181498 107.772905180189 109.349284913804 110.92566464742 112.502044381035 114.078424114651 115.654803848267 117.231183581882 118.807563315497 120.073030789693 121.234860844082 122.396690898471 123.55852095286 124.720351007249 125.882181061639 127.044011116028 127.988155704074 128.279243893094 128.570332082113 128.861420271132 129.152508460151 129.44359664917
96.7083627700804 97.413118680318 98.1178745905555 98.3820205688476 98.4992965698241 98.6165725708007 98.7338485717772 98.8511245727538 98.9684005737304 99.0856765747069 99.4808256785072 100.709594090779 101.938362503052 103.167130915324 104.395899327596 105.624667739868 106.85343615214 108.082204564412 108.230303382874 108.018179003398 107.806054623922 107.593930244446 107.38180586497 107.169681485494 106.957557106018 107.144432195027 108.528305689494 109.91217918396 111.296052678426 112.679926172892 114.063799667358 115.447673161825 116.831546656291 118.182349205017 119.522128105164 120.86190700531 122.201685905457 123.541464805603 124.881243705749 126.221022605896 127.327175649007 127.732451121012 128.137726593018 128.543002065023 128.948277537028 129.353553009033
97.1687648137409 97.9140407774181 98.6593167410954 98.9138244628905 99.0047427707247 99.095661078559 99.1865793863931 99.2774976942273 99.3684160020615 99.4593343098958 99.7593910641138 100.686863157484 101.614335250854 102.541807344225 103.469279437595 104.396751530965 105.324223624335 106.251695717706 106.457019106547 106.421626260546 106.386233414544 106.350840568543 106.315447722541 106.28005487654 106.244662030538 106.515959209866 107.707326465183 108.8986937205 110.090060975816 111.281428231133 112.47279548645 113.664162741767 114.855529997084 116.291667620341 117.809395366245 119.327123112148 120.844850858052 122.362578603956 123.88030634986 125.398034095764 126.66619559394 127.185658348931 127.705121103922 128.224583858914 128.744046613905 129.263509368896
97.6291668574013 98.4149628745183 99.2007588916352 99.4456283569335 99.5101889716254 99.5747495863172 99.639310201009 99.7038708157009 99.7684314303927 99.8329920450846 100.03795644972 100.664132224189 101.290307998657 101.916483773125 102.542659547594 103.168835322062 103.795011096531 104.421186870999 104.683734830221 104.825073517694 104.966412205166 105.107750892639 105.249089580112 105.390428267585 105.531766955058 105.887486224704 106.886347240872 107.885208257039 108.884069273207 109.882930289374 110.881791305542 111.88065232171 112.879513337877 114.400986035665 116.096662627326 117.792339218987 119.488015810648 121.18369240231 122.879368993971 124.575045585632 126.005215538873 126.63886557685 127.272515614827 127.906165652805 128.539815690782 129.17346572876
