data/working_set_collections/6091692-Cassins_Sparrow-MC/1985/bio11.asc
NCOLS 265 
NROWS 230 
XLLCORNER -115.5625 
YLLCORNER 24.8333333333333 
CELLSIZE 0.0833333333333333 
NODATA_value -9999 
[rows 180 to 199 of 230, columns 46 to 91 of 265]
16.9011192162832 16.9247311962975 16.9483431763119 16.9719551563263 16.9955671363407 17.019179116355 16.9825457572937 16.9258306185405 16.8691154797872 16.8124003410339 16.7556852022807 16.6989700635274 16.6422549247742 16.5561644474666 16.3819479544957 16.207731461525 16.0335149685542 15.8592984755834 15.6850819826126 15.5108654896418 15.336648996671 15.2084653457005 15.0956259753969 14.9827866050932 14.8699472347895 14.7571078644858 14.6442684941822 14.5314291238785 14.3414181603327 13.91989241706 13.4983666737875 13.076840930515 12.6553151872423 12.2337894439698 11.8122637006973 11.3907379574246 10.8552380720775 10.2817468060389 9.70825554000014 9.13476427396148 8.56127300792283 7.98778174188408 7.41429047584543 6.95849868986343 6.85580534405179 6.75311199824017
16.8936656475067 16.9188050746918 16.9439445018768 16.9690839290619 16.9942233562469 17.019362783432 16.9902424812317 16.9430356025696 16.8958287239075 16.8486218452454 16.8014149665833 16.7542080879211 16.707001209259 16.6348606189092 16.4879188934962 16.3409771680832 16.1940354426702 16.0470937172572 15.9001519918442 15.7532102664312 15.6062685410181 15.4659170866012 15.327762389183 15.1896076917648 15.0514529943466 14.9132982969284 14.7751435995102 14.636988902092 14.4235029856365 13.9840234120687 13.544543838501 13.1050642649334 12.6655846913656 12.2261051177979 11.7866255442302 11.3471459706625 10.8154551029206 10.2530271371207 9.69059917132066 9.12817120552073 8.56574323972079 8.00331527392076 7.44088730812082 6.99121726353965 6.87982098261516 6.76842470169069
16.8862120787303 16.912878953086 16.9395458274417 16.9662127017975 16.9928795761532 17.019546450509 16.9979392051697 16.9602405865987 16.9225419680278 16.8848433494568 16.8471447308858 16.8094461123149 16.7717474937439 16.7135567903519 16.5938898324966 16.4742228746414 16.3545559167862 16.234888958931 16.1152220010757 15.9955550432205 15.8758880853653 15.7233688275019 15.5598988029692 15.3964287784364 15.2329587539037 15.069488729371 14.9060187048382 14.7425486803055 14.5055878109403 14.0481544070774 13.5907210032146 13.1332875993518 12.6758541954889 12.2184207916261 11.7609873877632 11.3035539839003 10.7756721337637 10.2243074682025 9.67294280264119 9.12157813707997 8.57021347151875 8.01884880595743 7.46748414039621 7.02393583721587 6.90383662117853 6.78373740514121
16.8787585099538 16.9069528314802 16.9351471530067 16.9633414745331 16.9915357960595 17.0197301175859 17.0056359291077 16.9774455706279 16.949255212148 16.9210648536682 16.8928744951884 16.8646841367086 16.8364937782287 16.7922529617945 16.6998607714971 16.6074685811996 16.5150763909022 16.4226842006047 16.3302920103073 16.2378998200098 16.1455076297124 15.9808205684026 15.7920352167553 15.603249865108 15.4144645134608 15.2256791618135 15.0368938101662 14.848108458519 14.5876726362441 14.1122854020861 13.6368981679281 13.1615109337702 12.6861236996121 12.2107364654542 11.7353492312962 11.2599619971382 10.7358891646068 10.1955877992843 9.65528643396172 9.11498506863921 8.5746837033167 8.0343823379941 7.4940809726716 7.05665441089209 6.9278522597419 6.79905010859173
16.8713049411774 16.9010267098745 16.9307484785716 16.9604702472687 16.9901920159658 17.0199137846629 17.0133326530457 16.994650554657 16.9759684562683 16.9572863578796 16.938604259491 16.9199221611023 16.9012400627136 16.8709491332372 16.8058317104975 16.7407142877579 16.6755968650182 16.6104794422785 16.5453620195389 16.4802445967992 16.4151271740595 16.2382723093033 16.0241716305415 15.8100709517797 15.5959702730179 15.3818695942561 15.1677689154943 14.9536682367325 14.669757461548 14.1764163970948 13.6830753326417 13.1897342681886 12.6963932037354 12.2030521392823 11.7097110748292 11.216370010376 10.6961061954499 10.1668681303661 9.63763006528225 9.10839200019846 8.57915393511466 8.04991587003078 7.52067780494699 7.0893729845683 6.95186789830527 6.81436281204226
16.8638513724009 16.8951005882687 16.9263498041365 16.9575990200043 16.988848235872 17.0200974517398 17.0210293769836 17.0118555386861 17.0026817003886 16.9935078620911 16.9843340237935 16.975160185496 16.9659863471985 16.9496453046799 16.911802649498 16.8739599943161 16.8361173391342 16.7982746839523 16.7604320287704 16.7225893735885 16.6847467184066 16.495724050204 16.2563080443277 16.0168920384513 15.777476032575 15.5380600266987 15.2986440208223 15.059228014946 14.7518422868518 14.2405473921035 13.7292524973552 13.217957602607 12.7066627078587 12.1953678131104 11.6840729183622 11.1727780236139 10.656323226293 10.1381484614479 9.61997369660278 9.1017989317577 8.58362416691262 8.06544940206745 7.54727463722238 7.12209155824452 6.97588353686864 6.82967551549278
16.8846876780192 16.9130510542128 16.9414144304063 16.9697778065999 16.9981411827935 17.0265045589871 17.0387779076894 17.0456879138946 17.0525979200999 17.0595079263051 17.0664179325104 17.0733279387156 17.0802379449208 17.080194928911 17.0592928462558 17.0383907636006 17.0174886809455 16.9965865982903 16.9756845156351 16.95478243298 16.9338803503248 16.7413605213165 16.4916347768572 16.2419090323978 15.9921832879384 15.7424575434791 15.4927317990197 15.2430060545603 14.926800635126 14.4111561907662 13.8955117464066 13.3798673020469 12.8642228576872 12.3485784133276 11.8329339689679 11.3172895246082 10.7924768686295 10.2646081421111 9.73673941559263 9.20887068907425 8.68100196255586 8.15313323603739 7.62526450951901 7.18830758200753 7.02408605151707 6.85986452102663
-9999 16.9548781077067 16.9759423573812 16.9970066070557 17.0180708567301 17.0391351064046 17.066578245163 17.0961476802826 17.1257171154022 17.1552865505218 17.1848559856415 17.2144254207611 17.2439948558807 17.2625980059306 17.248302300771 17.2340065956115 17.219710890452 17.2054151852925 17.191119480133 17.1768237749735 17.162528069814 16.975181722641 16.7301518281301 16.4851219336192 16.2400920391083 15.9950621445974 15.7500322500865 15.5050023555756 15.1946325063706 14.6882427930832 14.1818530797959 13.6754633665085 13.1690736532211 12.6626839399338 12.1562942266465 11.6499045133591 11.1045671224595 10.5462471723557 9.98792722225192 9.42960727214819 8.87128732204447 8.31296737194065 7.75464742183693 7.28802105585737 7.09647544225058 6.90492982864382
-9999 -9999 -9999 17.0242354075114 17.0380005306668 17.0517656538222 17.0943785826365 17.1466074466705 17.1988363107045 17.2510651747385 17.3032940387726 17.3555229028066 17.4077517668406 17.4450010829501 17.4373117552863 17.4296224276225 17.4219330999586 17.4142437722948 17.4065544446309 17.3988651169671 17.3911757893032 17.2090029239655 16.968668879403 16.7283348348406 16.4880007902781 16.2476667457157 16.0073327011532 15.7669986565908 15.4624643776153 14.9653293954002 14.4681944131852 13.9710594309702 13.4739244487551 12.9767894665401 12.4796544843251 11.98251950211 11.4166573762894 10.8278862026004 10.2391150289112 9.65034385522214 9.06157268153307 8.47280150784391 7.88403033415485 7.3877345297072 7.16886483298409 6.94999513626102
-9999 -9999 -9999 -9999 17.0579302046034 17.0643962012397 17.1221789201101 17.1970672130584 17.2719555060069 17.3468437989552 17.4217320919036 17.4966203848521 17.5715086778005 17.6274041599697 17.6263212098015 17.6252382596333 17.6241553094652 17.623072359297 17.6219894091288 17.6209064589606 17.6198235087924 17.4428241252899 17.2071859306759 16.9715477360619 16.735909541448 16.500271346834 16.26463315222 16.028994957606 15.7302962488599 15.2424159977171 14.7545357465744 14.2666554954317 13.778775244289 13.2908949931463 12.8030147420036 12.3151344908608 11.7287476301194 11.109525232845 10.4903028355705 9.87108043829606 9.25185804102166 8.63263564374716 8.01341324647276 7.48744800355703 7.2412542237176 6.99506044387821
-9999 -9999 -9999 -9999 -9999 17.0770267486572 17.1499792575836 17.2475269794464 17.3450747013092 17.442622423172 17.5401701450348 17.6377178668975 17.7352655887603 17.8098072369893 17.8153306643168 17.8208540916443 17.8263775189717 17.8319009462992 17.8374243736267 17.8429478009541 17.8484712282816 17.6766453266144 17.4457029819489 17.2147606372833 16.9838182926178 16.7528759479523 16.5219336032867 16.2909912586212 15.9981281201045 15.5195026000341 15.0408770799637 14.5622515598933 14.0836260398229 13.6050005197525 13.1263749996822 12.6477494796117 12.0408378839493 11.3911642630896 10.7414906422297 10.09181702137 9.44214340051027 8.79246977965042 8.14279615879068 7.58716147740687 7.31364361445111 7.0401257514954
-9999 -9999 -9999 -9999 -9999 -9999 17.1777795950571 17.2979867458343 17.4181938966115 17.5384010473887 17.6586081981659 17.778815348943 17.8990224997202 17.9922103140089 18.004340118832 18.0164699236552 18.0285997284783 18.0407295333014 18.0528593381246 18.0649891429477 18.0771189477708 17.9104665279388 17.6842200332218 17.4579735385047 17.2317270437876 17.0054805490706 16.7792340543535 16.5529875596364 16.2659599913492 15.7965892023511 15.327218413353 14.857847624355 14.3884768353568 13.9191060463588 13.4497352573607 12.9803644683626 12.3529281377793 11.6728032933342 10.992678448889 10.312553604444 9.63242875999887 8.95230391555368 8.2721790711086 7.6868749512567 7.38603300518462 7.08519105911259
-9999 -9999 -9999 -9999 -9999 -9999 -9999 17.3460471577114 17.47007572386 17.5941042900085 17.7181328561571 17.8421614223056 17.9661899884542 18.0652160803477 18.0892347494761 18.1132534186045 18.1372720877329 18.1612907568614 18.1853094259898 18.2093280951182 18.2333467642466 18.0822055975596 17.8726778189341 17.6631500403086 17.4536222616831 17.2440944830577 17.0345667044321 16.8250389258067 16.5531338188384 16.0940967268414 15.6350596348445 15.1760225428476 14.7169854508506 14.2579483588537 13.7989112668568 13.3398741748598 12.7039305885633 12.0090181708337 11.3141057531039 10.6191933353742 9.92428091764458 9.2293684999148 8.53445608218515 7.93080717060301 7.60094877746367 7.27109038432438
-9999 -9999 -9999 -9999 -9999 -9999 -9999 -9999 17.5007201830546 17.6097321510315 17.7187441190084 17.8277560869853 17.9367680549621 18.0288245360057 18.070014556249 18.1112045764923 18.1523945967356 18.193584616979 18.2347746372223 18.2759646574656 18.3171546777089 18.1918625354767 18.0110763390859 17.8302901426951 17.6495039463043 17.4687177499135 17.2879315535227 17.1071453571319 16.8596496025722 16.4120251735051 15.9644007444382 15.5167763153712 15.0691518863042 14.6215274572373 14.1739030281703 13.7262785991033 13.0938452363015 12.399808895588 11.7057725548744 11.011736214161 10.3176998734475 9.62366353273393 8.92962719202047 8.31895813544593 7.95839093128838 7.5978237271309
-9999 -9999 -9999 -9999 -9999 -9999 -9999 -9999 -9999 -9999 -9999 -9999 -9999 17.9924329916636 18.0507943630218 18.1091557343801 18.1675171057383 18.2258784770965 18.2842398484548 18.342601219813 18.4009625911712 18.3015194733938 18.1494748592377 17.9974302450816 17.8453856309255 17.6933410167694 17.5412964026133 17.3892517884572 17.166165386306 16.7299536201689 16.2937418540319 15.8575300878949 15.4213183217578 14.9851065556209 14.5488947894839 14.1126830233468 13.4837598840396 12.7905996203424 12.097439356645 11.4042790929477 10.7111188292504 10.0179585655531 9.32479830185579 8.70710910028885 8.3158330851131 7.92455706993741
-9999 -9999 -9999 -9999 -9999 -9999 -9999 -9999 -9999 -9999 -9999 -9999 -9999 17.9560414473216 18.0315741697947 18.1071068922679 18.182639614741 18.2581723372141 18.3337050596873 18.4092377821604 18.4847705046336 18.4111764113108 18.2878733793894 18.164570347468 18.0412673155467 17.9179642836253 17.7946612517039 17.6713582197825 17.4726811700397 17.0478820668326 16.6230829636256 16.1982838604186 15.7734847572115 15.3486856540044 14.9238865507974 14.4990874475903 13.8736745317777 13.1813903450967 12.4891061584155 11.7968219717344 11.1045377850533 10.4122535983721 9.71996941169107 9.09526006513174 8.67327523893778 8.2512904127439
-9999 -9999 -9999 -9999 -9999 -9999 -9999 -9999 -9999 -9999 -9999 -9999 -9999 17.9196499029795 18.0123539765676 18.1050580501556 18.1977621237437 18.2904661973317 18.3831702709198 18.4758743445078 18.5685784180959 18.5208333492279 18.4262718995412 18.3317104498545 18.2371490001678 18.1425875504811 18.0480261007944 17.9534646511078 17.7791969537735 17.3658105134964 16.9524240732193 16.5390376329422 16.1256511926651 15.712264752388 15.2988783121109 14.8854918718338 14.2635891795159 13.572181069851 12.880772960186 12.1893648505211 11.4979567408563 10.8065486311913 10.1151405215264 9.48341102997466 9.03071739276249 8.5780237555504
-9999 -9999 -9999 -9999 -9999 -9999 -9999 -9999 -9999 -9999 -9999 -9999 -9999 17.8832583586375 17.9931337833404 18.1030092080434 18.2128846327464 18.3227600574493 18.4326354821523 18.5425109068552 18.6523863315582 18.630490287145 18.564670419693 18.498850552241 18.433030684789 18.367210817337 18.301390949885 18.235571082433 18.0857127375073 17.6837389601601 17.281765182813 16.8797914054659 16.4778176281187 16.0758438507716 15.6738700734245 15.2718962960773 14.653503827254 13.9629717946054 13.2724397619566 12.5819077293079 11.8913756966592 11.2008436640104 10.5103116313617 9.87156199481758 9.38815954658721 8.90475709835692
-9999 -9999 -9999 -9999 -9999 -9999 -9999 -9999 -9999 -9999 -9999 -9999 -9999 17.8599919054243 17.9750445948707 18.090097284317 18.2051499737633 18.3202026632097 18.435255352656 18.5503080421024 18.6653607315487 18.6646793047587 18.6254198392232 18.5861603736877 18.5469009081523 18.5076414426168 18.4683819770813 18.4291225115458 18.3048034720951 17.9253057108985 17.545807949702 17.1663101885054 16.7868124273088 16.4073146661123 16.0278169049157 15.6483191437191 15.0469446341197 14.371611208386 13.6962777826521 13.0209443569184 12.3456109311846 11.6702775054507 10.994944079717 10.3612851765421 9.85264984104363 9.34401450554527
-9999 -9999 -9999 -9999 -9999 -9999 -9999 -9999 -9999 -9999 -9999 -9999 -9999 -9999 17.9580864111582 18.0663222789764 18.1745581467946 18.2827940146128 18.391029882431 18.4992657502492 18.6075016180674 18.6234004020691 18.6085201581319 18.5936399141947 18.5787596702576 18.5638794263204 18.5489991823832 18.534118938446 18.4364691575369 18.0905107657115 17.7445523738861 17.3985939820608 17.0526355902354 16.70667719841 16.3607188065847 16.0147604147593 15.443911600113 14.7980993111929 14.1522870222727 13.5064747333527 12.8606624444326 12.2148501555125 11.5690378665924 10.9525805751483 10.4241882761319 9.89579597711563
