data/working_set_collections/6091692-Cassins_Sparrow-MC/1985/bio17.asc
NCOLS 265 
NROWS 230 
XLLCORNER -115.5625 
YLLCORNER 24.8333333333333 
CELLSIZE 0.0833333333333333 
NODATA_value -9999 
[rows 140 to 159 of 230, columns 92 to 137 of 265]
32.2116845183906 31.3354719744791 30.4592594305677 29.5830468866563 28.7068343427448 27.9701453367871 27.279964176814 26.5897830168408 25.8996018568676 25.2094206968945 24.5192395369213 23.8290583769482 23.6154563638896 24.8315917915767 26.0477272192635 27.2638626469504 28.4799980746375 29.6961335023243 30.9122689300111 32.1284043576982 33.5106585820515 34.9482857386269 36.3859128952026 37.8235400517781 39.2611672083536 40.6987943649293 42.1364215215047 43.2120515823367 43.2016903559369 43.1913291295372 43.1809679031375 43.1706066767377 43.160245450338 43.1498842239382 43.1395229975385 42.8128981272382 42.3808520423044 41.9488059573706 41.5167598724367 41.0847137875029 40.6526677025691 40.2206216176352 39.7702034314475 39.264668941498 38.7591344515484 38.2535999615988
31.0840058273742 30.3375857724086 29.5911657174431 28.8447456624775 28.0983256075119 27.4414469559989 26.8144154389701 26.1873839219412 25.5603524049125 24.9333208878837 24.3062893708548 23.679257853826 23.4896475103164 24.612300687366 25.7349538644153 26.8576070414647 27.9802602185143 29.1029133955636 30.225566572613 31.3482197496626 32.6038624445596 33.9038349787392 35.2038075129191 36.5037800470987 37.8037525812784 39.1037251154582 40.4036976496378 41.3869415918988 41.4199997584027 41.4530579249066 41.4861160914105 41.5191742579144 41.5522324244183 41.5852905909222 41.6183487574261 41.4101991017662 41.1216468387182 40.8330945756702 40.5445423126222 40.2559900495743 39.9674377865263 39.6788855234783 39.3608874956768 38.9545521736147 38.5482168515524 38.1418815294903
29.956327136358 29.3396995703382 28.7230720043185 28.1064444382988 27.489816872279 26.9127485752108 26.3488667011263 25.7849848270418 25.2211029529573 24.6572210788729 24.0933392047883 23.5294573307039 23.3638386567432 24.3930095831552 25.4221805095671 26.451351435979 27.4805223623911 28.509693288803 29.5388642152149 30.568035141627 31.6970663070678 32.8593842188516 34.0217021306357 35.1840200424195 36.3463379542033 37.5086558659873 38.6709737777711 39.5618316014611 39.6383091608686 39.7147867202762 39.7912642796837 39.8677418390912 39.9442193984988 40.0206969579063 40.0971745173139 40.0075000762942 39.8624416351321 39.71738319397 39.5723247528078 39.4272663116457 39.2822078704836 39.1371494293214 38.9515715599061 38.6444354057313 38.3372992515565 38.0301630973817
28.8286484453416 28.3418133682677 27.8549782911938 27.36814321412 26.8813081370461 26.3840501944226 25.8833179632825 25.3825857321422 24.8818535010021 24.381121269862 23.8803890387218 23.3796568075817 23.2380298031699 24.1737184789445 25.1094071547189 26.0450958304933 26.9807845062679 27.9164731820424 28.8521618578168 29.7878505335914 30.790270169576 31.814933458964 32.8395967483521 33.8642600377401 34.8889233271281 35.9135866165162 36.9382499059042 37.7367216110232 37.8566185633344 37.9765155156456 38.0964124679568 38.216309420268 38.3362063725791 38.4561033248903 38.5760002772015 38.6048010508221 38.6032364315459 38.6016718122696 38.6001071929933 38.598542573717 38.5969779544407 38.5954133351645 38.5422556241354 38.334318637848 38.1263816515605 37.9184446652731
28.2380557325152 27.8133611414168 27.3886665503185 26.9639719592201 26.5392773681217 26.0953563054404 25.6450264188979 25.1946965323555 24.7443666458131 24.2940367592707 23.8437068727282 23.3933769861858 23.2665758291878 24.1103608608245 24.954145892461 25.7979309240975 26.6417159557342 27.4855009873707 28.3292860190072 29.1730710506439 30.0733769098917 30.9925230450099 31.9116691801283 32.8308153152465 33.7499614503647 34.6691075854831 35.5882537206014 36.3137052430048 36.4580729272631 36.6024406115215 36.7468082957798 36.8911759800382 37.0355436642966 37.1799113485549 37.3242790328132 37.4277307192485 37.5175437397428 37.607356760237 37.6971697807313 37.7869828012255 37.8767958217198 37.966608842214 38.0087709744772 37.9079804420472 37.8071899096172 37.7063993771872
28.1845489978791 27.7543428897858 27.3241367816926 26.8939306735994 26.463724565506 26.0466669082642 25.6339920679729 25.2213172276815 24.8086423873902 24.3959675470989 23.9832927068075 23.5706178665162 23.449476734797 24.2029367287953 24.9563967227934 25.7098567167916 26.4633167107899 27.2167767047881 27.9702366987863 28.7236966927846 29.5463865280151 30.3921529769897 31.2379194259644 32.083685874939 32.9294523239135 33.7752187728882 34.6209852218628 35.2927824974061 35.4426722526552 35.5925620079042 35.7424517631532 35.8923415184022 36.0422312736513 36.1921210289003 36.3420107841493 36.4762890815736 36.605363559723 36.7344380378724 36.8635125160218 36.9925869941712 37.1216614723207 37.2507359504701 37.3511176109315 37.3654208183289 37.3797240257264 37.3940272331238
28.131042263243 27.6953246381548 27.2596070130667 26.8238893879786 26.3881717628903 25.9979775110881 25.6229577170479 25.2479379230076 24.8729181289673 24.4978983349271 24.1228785408868 23.7478587468466 23.6323776404061 24.2955125967661 24.9586475531259 25.6217825094857 26.2849174658457 26.9480524222055 27.6111873785654 28.2743223349253 29.0193961461385 29.7917829089694 30.5641696718004 31.3365564346313 32.1089431974622 32.8813299602933 33.6537167231242 34.2718597518074 34.4272715780471 34.5826834042868 34.7380952305265 34.8935070567662 35.0489188830059 35.2043307092456 35.3597425354853 35.5248474438986 35.6931833797032 35.8615193155077 36.0298552513123 36.1981911871169 36.3665271229215 36.5348630587261 36.6934642473857 36.8228611946106 36.9522581418356 37.0816550890605
28.0775355286069 27.6363063865238 27.1950772444408 26.7538481023578 26.3126189602746 25.949288113912 25.6119233661229 25.2745586183336 24.9371938705445 24.5998291227553 24.2624643749661 23.925099627177 23.8152785460153 24.3880884647369 24.9608983834584 25.5337083021799 26.1065182209014 26.6793281396229 27.2521380583444 27.824947977066 28.4924057642618 29.1914128409491 29.8904199176364 30.5894269943237 31.2884340710109 31.9874411476983 32.6864482243856 33.2509370062087 33.4118709034391 33.5728048006694 33.7337386978998 33.8946725951301 34.0556064923605 34.2165403895909 34.3774742868212 34.5734058062236 34.7810031996834 34.9886005931431 35.1961979866028 35.4037953800626 35.6113927735223 35.8189901669821 36.0358108838399 36.2803015708923 36.5247922579447 36.7692829449971
28.0240287939708 27.5772881348928 27.1305474758149 26.683806816737 26.237066157659 25.9005987167359 25.6008890151978 25.3011793136597 25.0014696121216 24.7017599105835 24.4020502090454 24.1023405075073 23.9981794516244 24.4806643327077 24.9631492137908 25.445634094874 25.9281189759572 26.4106038570404 26.8930887381235 27.3755736192068 27.9654153823852 28.5910427729288 29.2166701634725 29.8422975540161 30.4679249445597 31.0935523351034 31.719179725647 32.2300142606101 32.3964702288311 32.5629261970521 32.7293821652732 32.8958381334942 33.0622941017152 33.2287500699362 33.3952060381573 33.6219641685487 33.8688230196636 34.1156818707785 34.3625407218934 34.6093995730083 34.8562584241232 35.1031172752381 35.3781575202942 35.7377419471741 36.097326374054 36.4569108009338
27.9705220593348 27.5182698832618 27.066017707189 26.6137655311162 26.1615133550433 25.8519093195598 25.5898546642728 25.3278000089858 25.0657453536988 24.8036906984118 24.5416360431247 24.2795813878377 24.1810803572336 24.5732402006784 24.9654000441233 25.3575598875681 25.749719731013 26.1418795744578 26.5340394179026 26.9261992613475 27.4384250005086 27.9906727049085 28.5429204093086 29.0951681137085 29.6474158181084 30.1996635225085 30.7519112269084 31.2090915150114 31.381069554223 31.5530475934348 31.7250256326465 31.8970036718581 32.0689817110699 32.2409597502815 32.4129377894932 32.6705225308737 32.9566428396437 33.2427631484138 33.5288834571839 33.815003765954 34.101124074724 34.3872443834941 34.7205041567484 35.1951823234558 35.6698604901631 36.1445386568705
28.3037002987331 27.8180514865451 27.3324026743571 26.8467538621691 26.361105049981 26.0527213255564 25.8034259637197 25.5541306018829 25.3048352400461 25.0555398782094 24.8062445163726 24.5569491545359 24.4528366247811 24.7842725912729 25.1157085577646 25.4471445242563 25.778580490748 26.1100164572397 26.4414524237314 26.7728883902231 27.2216389338174 27.709494336446 28.1973497390747 28.6852051417032 29.1730605443318 29.6609159469604 30.148771349589 30.5566848754883 30.7247727711996 30.8928606669108 31.0609485626221 31.2290364583334 31.3971243540446 31.5652122497559 31.7333001454672 32.0025850296021 32.3056022432115 32.608619456821 32.9116366704305 33.21465388404 33.5176710976495 33.820688311259 34.1862376372019 34.7393833001454 35.292528963089 35.8456746260324
29.0235635121663 28.4766329447428 27.9297023773193 27.3827718098959 26.8358412424723 26.5030347347259 26.2416029135386 25.9801710923512 25.7187392711639 25.4573074499766 25.1958756287892 24.9344438076019 24.8134482542672 25.1137615044911 25.4140747547149 25.7143880049386 26.0147012551625 26.3150145053863 26.61532775561 26.9156410058339 27.3150571823119 27.7475076675414 28.1799581527709 28.6124086380004 29.0448591232299 29.4773096084595 29.9097600936889 30.272794342041 30.4275798797607 30.5823654174805 30.7371509552002 30.8919364929199 31.0467220306397 31.2015075683594 31.3562931060791 31.6181516647339 31.915701230367 32.2132507960001 32.5108003616333 32.8083499272664 33.1058994928996 33.4034490585327 33.7753579616546 34.3703448772429 34.9653317928314 35.5603187084197
29.7434267255995 29.1352144029405 28.5270020802816 27.9187897576227 27.3105774349637 26.9533481438955 26.6797798633575 26.4062115828196 26.1326433022817 25.8590750217438 25.5855067412058 25.3119384606679 25.1740598837533 25.4432504177093 25.7124409516652 25.981631485621 26.250822019577 26.5200125535328 26.7892030874887 27.0583936214447 27.4084754308064 27.7855209986368 28.1625665664672 28.5396121342976 28.916657702128 29.2937032699585 29.6707488377889 29.9889038085938 30.1303869883219 30.2718701680501 30.4133533477783 30.5548365275065 30.6963197072347 30.8378028869629 30.9792860666911 31.2337182998657 31.5258002175225 31.8178821351793 32.1099640528361 32.4020459704929 32.6941278881497 32.9862098058065 33.3644782861073 34.0013064543405 34.6381346225738 35.274962790807
30.4632899390327 29.7937958611382 29.1243017832438 28.4548077053494 27.785313627455 27.4036615530649 27.1179568131764 26.8322520732879 26.5465473333994 26.2608425935109 25.9751378536224 25.6894331137339 25.5346715132394 25.7727393309274 26.0108071486154 26.2488749663034 26.4869427839914 26.7250106016794 26.9630784193674 27.2011462370554 27.5018936793009 27.8235343297322 28.1451749801635 28.4668156305949 28.7884562810262 29.1100969314575 29.4317375818888 29.7050132751465 29.8331940968832 29.9613749186198 30.0895557403565 30.2177365620931 30.3459173838298 30.4740982055664 30.6022790273031 30.8492849349976 31.135899204678 31.4225134743585 31.7091277440389 31.9957420137194 32.2823562833998 32.5689705530803 32.95359861056 33.6322680314381 34.3109374523162 34.9896068731943
31.1831531524659 30.4523773193359 29.7216014862061 28.9908256530762 28.2600498199463 27.8539749622345 27.5561337629954 27.2582925637563 26.9604513645172 26.6626101652781 26.364768966039 26.0669277667999 25.8952831427255 26.1022282441456 26.3091733455657 26.5161184469858 26.7230635484059 26.930008649826 27.1369537512461 27.3438988526662 27.5953119277953 27.8615476608276 28.1277833938598 28.3940191268921 28.6602548599243 28.9264905929565 29.1927263259888 29.4211227416992 29.5360012054444 29.6508796691895 29.7657581329346 29.8806365966797 29.9955150604248 30.11039352417 30.2252719879151 30.4648515701294 30.7459981918335 31.0271448135376 31.3082914352417 31.5894380569458 31.8705846786499 32.151731300354 32.5427189350127 33.2632296085356 33.9837402820586 34.7042509555815
31.9030163658991 31.1109587775336 30.3189011891683 29.5268436008031 28.7347860124376 28.304288371404 27.9943107128143 27.6843330542246 27.374355395635 27.0643777370453 26.7544000784556 26.4444224198659 26.2558947722116 26.4317171573638 26.607539542516 26.7833619276682 26.9591843128204 27.1350066979725 27.3108290831247 27.4866514682769 27.6887301762898 27.899560991923 28.1103918075561 28.3212226231893 28.5320534388224 28.7428842544556 28.9537150700887 29.137232208252 29.2388083140055 29.3403844197591 29.4419605255127 29.5435366312663 29.6451127370199 29.7466888427735 29.848264948527 30.0804182052612 30.356097178989 30.6317761527167 30.9074551264445 31.1831341001722 31.4588130739 31.7344920476278 32.1318392594654 32.8941911856332 33.6565431118011 34.4188950379688
33.0662708388433 32.2137969228954 31.3613230069477 30.5088490909999 29.656375175052 29.1651315212248 28.7942979547711 28.4234643883174 28.0526308218637 27.68179725541 27.3109636889563 26.9401301225026 26.6935986465877 26.8199734422895 26.9463482379912 27.072723033693 27.1990978293948 27.3254726250966 27.4518474207984 27.5782222165002 27.7322663466135 27.8955335881975 28.0588008297814 28.2220680713654 28.3853353129493 28.5486025545332 28.7118697961172 28.8565737724305 28.9455879529318 29.0346021334331 29.1236163139344 29.2126304944357 29.301644674937 29.3906588554383 29.4796730359396 29.7041867256165 29.9738669183519 30.2435471110874 30.5132273038229 30.7829074965583 31.0525876892938 31.3222678820293 31.7211050298478 32.507413042916 33.2937210559844 34.0800290690527
34.6729165712992 33.7608917554218 32.8488669395446 31.9368421236674 31.02481730779 30.4365044116972 29.9560954888661 29.4756865660348 28.9952776432037 28.5148687203725 28.0344597975412 27.5540508747101 27.2083947658538 27.2669970989226 27.3255994319915 27.3842017650604 27.4428040981292 27.5014064311981 27.5600087642669 27.6186110973358 27.7259204387665 27.8494654496511 27.9730104605357 28.0965554714203 28.2201004823049 28.3436454931895 28.4671905040741 28.5791474342346 28.6563401222229 28.7335328102112 28.8107254981995 28.8879181861878 28.9651108741761 29.0423035621643 29.1194962501526 29.3361571311951 29.5993074099223 29.8624576886495 30.1256079673767 30.3887582461039 30.6519085248311 30.9150588035584 31.3105162461598 32.1028951803842 32.8952741146087 33.6876530488331
36.279562303755 35.3079865879482 34.3364108721415 33.3648351563348 32.3932594405279 31.7078773021697 31.1178930229611 30.5279087437523 29.9379244645436 29.347940185335 28.7579559061262 28.1679716269175 27.7231908851199 27.7140207555558 27.7048506259918 27.6956804964277 27.6865103668636 27.6773402372996 27.6681701077355 27.6589999781715 27.7195745309194 27.8033973111047 27.8872200912899 27.9710428714752 28.0548656516605 28.1386884318458 28.2225112120311 28.3017210960388 28.3670922915141 28.4324634869894 28.4978346824646 28.5632058779399 28.6285770734152 28.6939482688904 28.7593194643657 28.9681275367737 29.2247479014926 29.4813682662116 29.7379886309306 29.9946089956495 30.2512293603685 30.5078497250875 30.8999274624717 31.6983773178523 32.496827173233 33.2952770286135
37.8862080362107 36.8550814204744 35.8239548047382 34.7928281890021 33.7617015732658 32.9792501926421 32.2796905570559 31.5801309214697 30.8805712858835 30.1810116502974 29.4814520147111 28.781892379125 28.237987004386 28.161044412189 28.084101819992 28.007159227795 27.930216635598 27.8532740434011 27.7763314512041 27.6993888590071 27.7132286230723 27.7573291725583 27.8014297220442 27.8455302715302 27.8896308210161 27.9337313705021 27.977831919988 28.0242947578431 28.0778444608053 28.1313941637675 28.1849438667298 28.238493569692 28.2920432726543 28.3455929756165 28.3991426785788 28.6000979423523 28.850188393063 29.1002788437737 29.3503692944845 29.6004597451952 29.8505501959059 30.1006406466167 30.4893386787837 31.2938594553204 32.0983802318572 32.9029010083939
