data/working_set_collections/6091692-Cassins_Sparrow-MC/1985/bio15.asc
NCOLS 265 
NROWS 230 
XLLCORNER -115.5625 
YLLCORNER 24.8333333333333 
CELLSIZE 0.0833333333333333 
NODATA_value -9999 
[rows 80 to 99 of 230, columns 0 to 45 of 265]
30.4041259818607 30.6948826948801 30.9856394078996 31.2763961209191 31.5671528339385 31.857909546958 32.1486662599775 32.2482367197672 32.2840784284803 32.3199201371934 32.3557618459065 32.3916035546196 32.4274452633327 32.4632869720458 32.467419777976 32.3764258755577 32.2854319731394 32.194438070721 32.1034441683027 32.0124502658843 31.921456363466 31.8304624610477 31.7508235931396 31.674969736735 31.5991158803304 31.5232620239258 31.4474081675212 31.3715543111165 31.2957004547119 31.2867585447099 31.4785524739159 31.6703464031219 31.8621403323279 32.0539342615339 32.2457281907399 32.4375221199459 32.6293160491519 32.8174043019612 33.0042573293049 33.1911103566487 33.3779633839924 33.5648164113362 33.7516694386799 33.9385224660237 34.1344404962327 34.3575535350375
30.3888163831499 30.7375328858693 31.0862493885887 31.4349658913082 31.7836823940276 32.1323988967471 32.4811153994665 32.6498261769612 32.7585350460476 32.8672439151339 32.9759527842203 33.0846616533066 33.193370522393 33.3020793914794 33.345003610187 33.1905738777584 33.0361441453297 32.8817144129011 32.7272846804724 32.5728549480438 32.4184252156151 32.2639954831865 32.1307144165039 32.00448290507 31.878251393636 31.7520198822021 31.6257883707682 31.4995568593343 31.3733253479004 31.3340660783979 31.55572353469 31.777380990982 31.999038447274 32.2206959035661 32.4423533598581 32.6640108161502 32.8856682724422 33.0920538584391 33.2933488210042 33.4946437835693 33.6959387461344 33.8972337086995 34.0985286712646 34.2998236338297 34.5137550248039 34.7655957010056
30.373506784439 30.7801830768584 31.1868593692778 31.5935356616973 32.0002119541167 32.4068882465361 32.8135645389556 33.0514156341552 33.2329916636148 33.4145676930744 33.596143722534 33.7777197519937 33.9592957814533 34.1408718109129 34.222587442398 34.004721879959 33.7868563175201 33.5689907550811 33.3511251926421 33.1332596302032 32.9153940677642 32.6975285053253 32.5106052398681 32.3339960734049 32.1573869069417 31.9807777404785 31.8041685740153 31.6275594075521 31.4509502410889 31.3813736120859 31.632894595464 31.8844155788421 32.1359365622202 32.3874575455983 32.6389785289764 32.8904995123544 33.1420204957326 33.3667034149169 33.5824403127034 33.7981772104898 34.0139141082763 34.2296510060627 34.4453879038492 34.6611248016357 34.8930695533751 35.1736378669738
30.3581971857282 30.8228332678476 31.287469349967 31.7521054320864 32.2167415142058 32.6813775963252 33.1460136784447 33.4530050913492 33.7074482811821 33.961891471015 34.2163346608478 34.4707778506807 34.7252210405136 34.9796642303465 35.100171274609 34.8188698821597 34.5375684897104 34.2562670972612 33.9749657048119 33.6936643123626 33.4123629199134 33.1310615274641 32.8904960632324 32.6635092417399 32.4365224202474 32.2095355987549 31.9825487772624 31.7555619557699 31.5285751342774 31.4286811457739 31.7100656562381 31.9914501667022 32.2728346771663 32.5542191876305 32.8356036980946 33.1169882085587 33.3983727190229 33.6413529713948 33.8715318044026 34.1017106374104 34.3318894704182 34.562068303426 34.7922471364338 35.0224259694416 35.2723840819463 35.5816800329419
30.5726850562624 31.0835960865019 31.5945071167414 32.105418146981 32.6163291772205 33.12724020746 33.6381512376996 33.9967707633971 34.3046264542472 34.6124821450974 34.9203378359475 35.2281935267977 35.5360492176478 35.843904908498 35.9918220731947 35.6599236594305 35.3280252456665 34.9961268319024 34.6642284181382 34.3323300043742 34.0004315906101 33.6685331768459 33.3876815319061 33.1238454765744 32.8600094212426 32.5961733659108 32.3323373105791 32.0685012552473 31.8046651999156 31.6794845951927 31.9702703422969 32.2610560894011 32.5518418365053 32.8426275836096 33.1334133307138 33.424199077818 33.7149848249223 33.9475099245706 34.1606148084004 34.3737196922302 34.5868245760599 34.7999294598897 35.0130343437194 35.2261392275492 35.4684296078151 35.7982764773898
31.0169703960417 31.5624715328215 32.1079726696012 32.6534738063811 33.1989749431608 33.7444760799406 34.2899772167204 34.6827126502989 35.0245261828103 35.3663397153217 35.7081532478331 36.0499667803444 36.3917803128559 36.7335938453672 36.897539838155 36.5278832117715 36.1582265853881 35.7885699590047 35.4189133326212 35.0492567062377 34.6796000798543 34.3099434534708 34.0021616458892 33.7150047779083 33.4278479099273 33.1406910419464 32.8535341739654 32.5663773059844 32.2792204380035 32.1337839603423 32.4135086536406 32.693233346939 32.9729580402373 33.2526827335357 33.532407426834 33.8121321201323 34.0918568134307 34.2851742744445 34.4496893246968 34.6142043749491 34.7787194252014 34.9432344754536 35.1077495257059 35.2722645759582 35.4812061309814 35.8234272003173
31.4612557358211 32.0413469791411 32.6214382224611 33.2015294657812 33.7816207091012 34.3617119524212 34.9418031957413 35.3686545372008 35.7444259113734 36.120197285546 36.4959686597187 36.8717400338913 37.2475114080639 37.6232827822365 37.8032576031155 37.3958427641126 36.9884279251098 36.581013086107 36.1735982471042 35.7661834081014 35.3587685690986 34.9513537300957 34.6166417598724 34.3061640792423 33.9956863986121 33.685208717982 33.3747310373518 33.0642533567216 32.7537756760915 32.5880833254919 32.8567469649844 33.1254106044768 33.3940742439693 33.6627378834618 33.9314015229542 34.2000651624466 34.4687288019391 34.6228386243184 34.7387638409932 34.854689057668 34.9706142743428 35.0865394910176 35.2024647076924 35.3183899243672 35.4939826541476 35.8485779232449
31.9055410756004 32.5202224254607 33.1349037753209 33.7495851251813 34.3642664750415 34.9789478249018 35.5936291747622 36.0545964241026 36.4643256399365 36.8740548557704 37.2837840716043 37.6935132874381 38.103242503272 38.5129717191059 38.7089753680759 38.2638023164537 37.8186292648315 37.3734562132094 36.9282831615872 36.483110109965 36.0379370583428 35.5927640067206 35.2311218738556 34.8973233805762 34.5635248872969 34.2297263940175 33.8959279007382 33.5621294074588 33.2283309141795 33.0423826906415 33.2999852763281 33.5575878620147 33.8151904477012 34.0727930333878 34.3303956190744 34.587998204761 34.8456007904476 34.9605029741923 35.0278383572896 35.0951737403869 35.1625091234843 35.2298445065816 35.2971798896789 35.3645152727763 35.5067591773138 35.8737286461724
32.3498264153797 32.9990978717802 33.6483693281807 34.2976407845813 34.9469122409818 35.5961836973824 36.245455153783 36.7405383110044 37.1842253684995 37.6279124259947 38.0715994834898 38.5152865409849 38.95897359848 39.4026606559751 39.6146931330363 39.1317618687947 38.6488306045532 38.1658993403117 37.6829680760701 37.2000368118286 36.7171055475871 36.2341742833455 35.8456019878387 35.4884826819102 35.1313633759816 34.7742440700531 34.4171247641245 34.060005458196 33.7028861522674 33.4966820557911 33.7432235876718 33.9897651195525 34.2363066514332 34.4828481833139 34.7293897151946 34.9759312470753 35.222472778956 35.2981673240661 35.316912873586 35.3356584231058 35.3544039726257 35.3731495221456 35.3918950716654 35.4106406211853 35.5195357004801 35.8988793690999
32.794111755159 33.4779733180998 34.1618348810406 34.8456964439814 35.5295580069222 36.213419569863 36.8972811328039 37.4264801979063 37.9041250970626 38.381769996219 38.8594148953754 39.3370597945317 39.8147046936881 40.2923495928444 40.5204108979967 39.9997214211357 39.4790319442749 38.958342467414 38.4376529905531 37.9169635136922 37.3962740368314 36.8755845599704 36.4600821018219 36.0796419832442 35.6992018646664 35.3187617460886 34.9383216275109 34.5578815089331 34.1774413903554 33.9509814209407 34.1864618990155 34.4219423770904 34.6574228551652 34.89290333324 35.1283838113148 35.3638642893896 35.5993447674644 35.63583167394 35.6059873898824 35.5761431058248 35.5462988217672 35.5164545377095 35.4866102536519 35.4567659695943 35.5323122236463 35.9240300920274
33.4895163642034 34.1646349589028 34.8397535536022 35.5148721483017 36.1899907430011 36.8651093377005 37.5402279324 38.0591005007424 38.5258910602992 38.992681619856 39.4594721794127 39.9262627389694 40.3930532985263 40.859843858083 41.0812839084202 40.5666724310981 40.0520609537761 39.5374494764541 39.022837999132 38.5082265218099 37.9936150444879 37.4790035671658 37.0755254745483 36.7090918434991 36.3426582124498 35.9762245814005 35.6097909503513 35.243357319302 34.8769236882527 34.6521737416584 34.8524748484292 35.0527759552001 35.2530770619709 35.4533781687418 35.6536792755126 35.8539803822834 36.0542814890543 36.0482314109802 35.9733976046244 35.8985637982686 35.8237299919128 35.748896185557 35.6740623792012 35.5992285728454 35.6416588571335 36.0358814133537
34.4360402425128 35.0590827941892 35.6821253458656 36.3051678975421 36.9282104492185 37.5512530008949 38.1742955525714 38.6383992195128 39.049523258209 39.4606472969054 39.8717713356017 40.2828953742979 40.6940194129943 41.1051434516906 41.2973121643067 40.8326148986816 40.3679176330567 39.9032203674317 39.4385231018066 38.9738258361816 38.5091285705567 38.0444313049316 37.691932106018 37.3768322626749 37.0617324193318 36.7466325759887 36.4315327326456 36.1164328893025 35.8013330459594 35.6002590179441 35.7412624359129 35.8822658538817 36.0232692718504 36.1642726898192 36.3052761077879 36.4462795257567 36.5872829437255 36.5353665351867 36.419143517812 36.3029205004374 36.1866974830627 36.070474465688 35.9542514483134 35.8380284309387 35.8475756009419 36.2344333330789
35.3825641208223 35.9535306294757 36.5244971381291 37.0954636467826 37.666430155436 38.2373966640894 38.8083631727429 39.2176979382831 39.573155456119 39.9286129739548 40.2840704917907 40.6395280096265 40.9949855274623 41.3504430452982 41.5133404201932 41.0985573662652 40.6837743123373 40.2689912584093 39.8542082044813 39.4394251505534 39.0246420966255 38.6098590426975 38.3083387374878 38.0445726818508 37.7808066262139 37.5170405705769 37.25327451494 36.989508459303 36.7257424036661 36.54834429423 36.6300500233967 36.7117557525633 36.79346148173 36.8751672108967 36.9568729400634 37.03857866923 37.1202843983967 37.0225016593933 36.8648894309997 36.7072772026062 36.5496649742126 36.3920527458191 36.2344405174255 36.076828289032 36.0534923447502 36.4329852528042
36.3290879991318 36.8479784647622 37.3668689303926 37.8857593960231 38.4046498616535 38.9235403272839 39.4424307929144 39.7969966570535 40.0967876540289 40.3965786510043 40.6963696479796 40.996160644955 41.2959516419304 41.5957426389058 41.7293686760797 41.3644998338487 40.9996309916179 40.634762149387 40.269893307156 39.9050244649251 39.5401556226943 39.1752867804633 38.9247453689575 38.7123131010267 38.4998808330959 38.2874485651651 38.0750162972344 37.8625840293036 37.6501517613728 37.4964295705158 37.5188376108804 37.541245651245 37.5636536916096 37.5860617319742 37.6084697723388 37.6308778127034 37.653285853068 37.5096367835998 37.3106353441874 37.111633904775 36.9126324653625 36.7136310259501 36.5146295865377 36.3156281471253 36.2594090885585 36.6315371725294
37.2756118774412 37.7424263000486 38.209240722656 38.6760551452635 39.1428695678709 39.6096839904783 40.0764984130858 40.3762953758238 40.6204198519387 40.8645443280537 41.1086688041686 41.3527932802835 41.5969177563984 41.8410422325133 41.9453969319662 41.6304423014323 41.3154876708984 41.0005330403646 40.6855784098307 40.3706237792968 40.055669148763 39.7407145182291 39.5411520004272 39.3800535202026 39.2189550399779 39.0578565597533 38.8967580795287 38.7356595993041 38.5745611190795 38.4445148468016 38.4076251983641 38.3707355499266 38.3338459014891 38.2969562530516 38.2600666046142 38.2231769561767 38.1862873077392 37.9967719078064 37.7563812573751 37.5159906069437 37.2755999565124 37.0352093060811 36.7948186556498 36.5544280052185 36.4653258323668 36.8300890922546
38.2221357557507 38.6368741353351 39.0516125149195 39.466350894504 39.8810892740884 40.2958276536728 40.7105660332572 40.9555940945942 41.1440520498487 41.3325100051031 41.5209679603576 41.709425915612 41.8978838708665 42.0863418261209 42.1614251878527 41.8963847690158 41.631344350179 41.3663039313422 41.1012635125054 40.8362230936686 40.5711826748318 40.306142255995 40.1575586318969 40.0477939393785 39.93802924686 39.8282645543415 39.7184998618231 39.6087351693046 39.4989704767862 39.3926001230875 39.2964127858479 39.2002254486083 39.1040381113687 39.0078507741291 38.9116634368896 38.81547609965 38.7192887624104 38.4839070320129 38.2021271705627 37.9203473091125 37.6385674476623 37.3567875862122 37.075007724762 36.7932278633118 36.6712425761752 37.0286410119798
39.3498890135021 39.7161545435586 40.082420073615 40.4486856036714 40.8149511337278 41.1812166637842 41.5474821938407 41.7298636754353 41.8509504742091 41.972037272983 42.0931240717569 42.2142108705308 42.3352976693047 42.4563844680785 42.4917976273431 42.2701898680793 42.0485821088155 41.8269743495517 41.6053665902879 41.3837588310241 41.1621510717604 40.9405433124966 40.8290372212727 40.7542316860622 40.6794261508517 40.6046206156412 40.5298150804307 40.4550095452202 40.3802040100097 40.2869091775682 40.1381464534335 39.9893837292989 39.8406210051642 39.6918582810295 39.5430955568949 39.3943328327603 39.2455701086256 38.9793675104777 38.6740182876587 38.3686690648397 38.0633198420207 37.7579706192017 37.4526213963826 37.1472721735636 36.9985779232448 37.3198485904269
40.6588716506955 40.980267524719 41.3016633987424 41.6230592727659 41.9444551467893 42.2658510208127 42.5872468948362 42.699104118347 42.7411151250202 42.7831261316934 42.8251371383666 42.8671481450398 42.909159151713 42.9511701583861 42.9365142504374 42.7518575986226 42.5672009468078 42.382544294993 42.1978876431782 42.0132309913635 41.8285743395487 41.6439176877339 41.5555877685546 41.4993667602538 41.443145751953 41.3869247436522 41.3307037353514 41.2744827270507 41.2182617187499 41.1274420102436 40.9328262011209 40.7382103919982 40.5435945828755 40.3489787737528 40.1543629646301 39.9597471555074 39.7651313463846 39.4831533432006 39.1720546086629 38.8609558741251 38.5498571395874 38.2387584050496 37.9276596705118 37.6165609359741 37.4473318735757 37.7037118275959
41.9678542878891 42.2443805058795 42.5209067238699 42.7974329418604 43.0739591598509 43.3504853778413 43.6270115958318 43.6683445612588 43.6312797758313 43.5942149904038 43.5571502049763 43.5200854195488 43.4830206341213 43.4459558486938 43.3812308735317 43.2335253291659 43.0858197848002 42.9381142404344 42.7904086960686 42.6427031517028 42.494997607337 42.3472920629712 42.2821383158365 42.2445018344454 42.2068653530544 42.1692288716633 42.1315923902722 42.0939559088812 42.0563194274901 41.9679748429192 41.7275059488084 41.4870370546976 41.2465681605868 41.006099266476 40.7656303723653 40.5251614782545 40.2846925841437 39.9869391759236 39.6700909296672 39.3532426834106 39.0363944371541 38.7195461908976 38.4026979446411 38.0858496983846 37.8960858239067 38.087575064765
43.2768369250826 43.50849348704 43.7401500489975 43.971806610955 44.2034631729124 44.4351197348699 44.6667762968274 44.6375850041706 44.5214444266424 44.4053038491142 44.289163271586 44.1730226940578 44.0568821165296 43.9407415390014 43.8259474966261 43.7151930597093 43.6044386227925 43.4936841858758 43.382929748959 43.2721753120422 43.1614208751254 43.0506664382086 43.0086888631184 42.9896369086371 42.9705849541557 42.9515329996744 42.9324810451931 42.9134290907117 42.8943771362304 42.8085076755947 42.5221856964958 42.235863717397 41.9495417382982 41.6632197591993 41.3768977801005 41.0905758010017 40.8042538219028 40.4907250086466 40.1681272506714 39.8455294926961 39.5229317347209 39.2003339767456 38.8777362187703 38.5551384607951 38.3448397742377 38.4714383019341
