data/working_set_collections/6091692-Cassins_Sparrow-MC/1985/bio19.asc
NCOLS 265 
NROWS 230 
XLLCORNER -115.5625 
YLLCORNER 24.8333333333333 
CELLSIZE 0.0833333333333333 
NODATA_value -9999 
[rows 60 to 79 of 230, columns 138 to 183 of 265]
40.8043153868784 39.7596973737083 38.7150793605383 37.6704613473684 37.1872744242351 36.8912311977811 36.5951879713272 36.2991447448731 36.0031015184192 35.7070582919652 35.4110150655112 35.1323373582629 34.9057562086319 34.6791750590008 34.4525939093697 34.2260127597386 33.9994316101075 33.7728504604765 33.5462693108454 33.358774805069 33.1843091805777 33.0098435560863 32.8353779315949 32.6609123071036 32.4864466826122 32.3119810581208 32.1906871000926 32.2289081414541 32.2671291828156 32.3053502241771 32.3435712655386 32.3817923069 32.4200133482615 32.458234389623 32.6375617980957 32.8639246622721 33.0902875264485 33.316650390625 33.5430132548014 33.7693761189778 33.9957389831543 34.2358588324652 34.5172496371798 34.7986404418945 35.0800312466091 35.3614220513237
40.654081821442 39.5540432929995 38.4540047645572 37.3539662361149 36.8306098937989 36.4994809468589 36.1683519999188 35.8372230529787 35.5060941060386 35.1749651590985 34.8438362121584 34.54373626709 34.3367233276369 34.1297103881837 33.9226974487306 33.7156845092775 33.5086715698243 33.3016586303712 33.0946456909181 32.9284949779511 32.7759650071463 32.6234350363415 32.4709050655366 32.3183750947317 32.1658451239269 32.013315153122 31.9110093593598 31.9593760967255 32.0077428340912 32.0561095714569 32.1044763088227 32.1528430461884 32.2012097835541 32.2495765209198 32.4359992980957 32.6684407552083 32.9008822123209 33.1333236694336 33.3657651265462 33.5982065836588 33.8306480407715 34.0812255859375 34.3862113952636 34.6911972045898 34.996183013916 35.3011688232421
40.5038482560055 39.3483892122907 38.192930168576 37.0374711248613 36.4739453633627 36.1077306959366 35.7415160285104 35.3753013610841 35.0090866936579 34.6428720262317 34.2766573588055 33.955135175917 33.7676904466418 33.5802457173667 33.3928009880915 33.2053562588163 33.0179115295411 32.830466800266 32.6430220709908 32.4982151508332 32.3676208337149 32.2370265165966 32.1064321994782 31.9758378823599 31.8452435652416 31.7146492481232 31.6313316186269 31.6898440519969 31.7483564853668 31.8068689187368 31.8653813521067 31.9238937854767 31.9824062188467 32.0409186522166 32.2344367980957 32.4729568481445 32.7114768981933 32.9499969482422 33.188516998291 33.4270370483398 33.6655570983887 33.9265923394097 34.2551731533474 34.5837539672851 34.9123347812228 35.2409155951605
40.3536146905691 39.1427351315819 37.9318555725948 36.7209760136078 36.1172808329265 35.7159804450142 35.3146800571019 34.9133796691896 34.5120792812773 34.110778893365 33.7094785054526 33.366534084744 33.1986575656468 33.0307810465496 32.8629045274524 32.6950280083551 32.5271514892579 32.3592749701607 32.1913984510635 32.0679353237153 31.9592766602835 31.8506179968517 31.7419593334199 31.6333006699881 31.5246420065563 31.4159833431244 31.3516538778941 31.4203120072683 31.4889701366425 31.5576282660167 31.6262863953908 31.694944524765 31.7636026541392 31.8322607835134 32.0328742980957 32.2774729410807 32.5220715840657 32.7666702270508 33.0112688700358 33.2558675130208 33.5004661560058 33.7719590928819 34.1241349114311 34.4763107299804 34.8284865485297 35.1806623670789
40.2033811251326 38.9370810508731 37.6707809766137 36.4044809023543 35.7606163024904 35.324230194092 34.8878440856936 34.4514579772951 34.0150718688967 33.5786857604983 33.1422996520998 32.7779329935711 32.6296246846518 32.4813163757325 32.3330080668133 32.184699757894 32.0363914489747 31.8880831400555 31.7397748311362 31.6376554965974 31.5509324868521 31.4642094771068 31.3774864673615 31.2907634576162 31.204040447871 31.1173174381257 31.0719761371613 31.1507799625397 31.2295837879181 31.3083876132965 31.3871914386749 31.4659952640534 31.5447990894318 31.6236029148102 31.8313117980957 32.0819890340169 32.3326662699381 32.5833435058594 32.8340207417806 33.0846979777018 33.335375213623 33.6173258463541 33.9930966695149 34.3688674926757 34.7446383158365 35.1204091389973
40.0531475596962 38.7314269701642 37.4097063806325 36.0879857911008 35.4039517720542 34.9324799431697 34.4610081142851 33.9895362854005 33.518064456516 33.0465926276315 32.5751207987469 32.1893319023981 32.0605918036568 31.9318517049155 31.8031116061741 31.6743715074328 31.5456314086915 31.4168913099502 31.2881512112089 31.2073756694794 31.1425883134207 31.0778009573619 31.0130136013032 30.9482262452444 30.8834388891857 30.8186515331269 30.7922983964284 30.8812479178111 30.9701974391938 31.0591469605764 31.148096481959 31.2370460033417 31.3259955247243 31.414945046107 31.6297492980957 31.8865051269531 32.1432609558105 32.400016784668 32.6567726135254 32.9135284423828 33.1702842712402 33.4626925998263 33.8620584275986 34.261424255371 34.6607900831434 35.0601559109157
40.4085921075612 39.014861392975 37.621130678389 36.2273999638031 35.4888586997986 34.9687139193218 34.4485691388449 33.928424358368 33.4082795778911 32.8881347974143 32.3679900169373 31.9456056541867 31.816502544615 31.6873994350433 31.5582963254717 31.4291932159 31.3000901063283 31.1709869967567 31.041883887185 30.9667160987854 30.9095267507765 30.8523374027676 30.7951480547587 30.7379587067498 30.6807693587409 30.623580010732 30.6053885353936 30.7041906780667 30.8029928207397 30.9017949634128 31.0005971060859 31.0993992487589 31.198201391432 31.2970035341051 31.5268418153127 31.8003588093651 32.0738758034176 32.34739279747 32.6209097915225 32.8944267855749 33.1679437796274 33.481910059187 33.9172241952683 34.3525383313496 34.7878524674308 35.2231666035121
41.2697147687279 39.7873843193055 38.3050538698834 36.8227234204613 36.0153370857239 35.4329321225485 34.8505271593731 34.2681221961976 33.6857172330221 33.1033122698467 32.5209073066712 32.046754248937 31.8973569075267 31.7479595661164 31.598562224706 31.4491648832957 31.2997675418854 31.1503702004751 31.0009728590648 30.9156767845154 30.8517477989197 30.787818813324 30.7238898277283 30.6599608421326 30.5960318565369 30.5321028709412 30.5112465540568 30.6196082433065 30.7279699325561 30.8363316218058 30.9446933110555 31.0530550003052 31.1614166895548 31.2697783788045 31.5225893497467 31.823550081253 32.1245108127593 32.4254715442657 32.726432275772 33.0273930072783 33.3283537387847 33.6749782244363 34.1585939725238 34.6422097206114 35.125825468699 35.6094412167865
42.1308374298947 40.5599072456361 38.9889770613779 37.4180468771196 36.5418154716492 35.8971503257752 35.2524851799012 34.6078200340272 33.9631548881532 33.3184897422792 32.6738245964051 32.1479028436873 31.9782112704383 31.8085196971894 31.6388281239404 31.4691365506914 31.2994449774424 31.1297534041935 30.9600618309445 30.8646374702454 30.7939688470629 30.7233002238804 30.6526316006979 30.5819629775154 30.5112943543328 30.4406257311503 30.41710457272 30.5350258085463 30.6529470443725 30.7708682801988 30.8887895160251 31.0067107518514 31.1246319876777 31.2425532235039 31.5183368841806 31.8467413531409 32.1751458221011 32.5035502910613 32.8319547600215 33.1603592289818 33.488763697942 33.8680463896856 34.3999637497794 34.9318811098733 35.4637984699671 35.995715830061
42.9919600910614 41.3324301719667 39.6729002528723 38.0133703337779 37.0682938575745 36.361368529002 35.6544432004294 34.9475178718568 34.2405925432842 33.5336672147117 32.826741886139 32.2490514384376 32.05906563335 31.8690798282624 31.6790940231747 31.4891082180871 31.2991224129995 31.1091366079119 30.9191508028243 30.8135981559754 30.736189895206 30.6587816344367 30.5813733736674 30.5039651128981 30.4265568521288 30.3491485913595 30.3229625913832 30.450443373786 30.577924156189 30.7054049385918 30.8328857209947 30.9603665033976 31.0878472858005 31.2153280682034 31.5140844186146 31.8699326250287 32.2257808314428 32.581629037857 32.9374772442711 33.2933254506852 33.6491736570993 34.0611145549349 34.641333527035 35.2215524991352 35.8017714712353 36.3819904433354
43.8530827522281 42.1049530982973 40.3568234443667 38.6086937904362 37.5947722434998 36.8255867322287 36.0564012209576 35.2872157096864 34.5180301984153 33.7488446871441 32.9796591758729 32.3502000331879 32.1399199962616 31.9296399593354 31.7193599224091 31.5090798854828 31.2987998485566 31.0885198116303 30.878239774704 30.7625588417053 30.6784109433492 30.5942630449931 30.510115146637 30.4259672482809 30.3418193499248 30.2576714515686 30.2288206100464 30.3658609390259 30.5029012680054 30.6399415969848 30.7769819259643 30.9140222549438 31.0510625839233 31.1881029129028 31.5098319530486 31.8931238969166 32.2764158407846 32.6597077846526 33.0429997285206 33.4262916723886 33.8095836162566 34.2541827201841 34.8827033042905 35.5112238883971 36.1397444725035 36.7682650566099
44.7142054133949 42.8774760246279 41.0407466358612 39.2040172470945 38.1212506294251 37.2898049354555 36.4583592414858 35.626913547516 34.7954678535463 33.9640221595766 33.1325764656068 32.4513486279382 32.2207743591733 31.9902000904084 31.7596258216435 31.5290515528785 31.2984772841136 31.0679030153487 30.8373287465838 30.7115195274353 30.6206319914924 30.5297444555495 30.4388569196066 30.3479693836636 30.2570818477207 30.1661943117778 30.1346786287096 30.2812785042657 30.4278783798218 30.5744782553779 30.7210781309339 30.86767800649 31.0142778820461 31.1608777576022 31.5055794874826 31.9163151688045 32.3270508501264 32.7377865314483 33.1485222127701 33.559257894092 33.9699935754139 34.4472508854334 35.1240730815461 35.8008952776589 36.4777174737716 37.1545396698843
45.7235651546059 43.8037053744 41.8838455941945 39.963985813989 38.8033333778382 37.8957500563729 36.9881667349075 36.0805834134421 35.1730000919767 34.2654167705114 33.3578334490459 32.6109946939681 32.3463896380531 32.0817845821381 31.8171795262231 31.5525744703082 31.2879694143932 31.0233643584782 30.7587593025632 30.6340817451477 30.5560466872322 30.4780116293166 30.399976571401 30.3219415134854 30.2439064555698 30.1658713976542 30.1446285247802 30.2937622070312 30.4428958892822 30.5920295715332 30.7411632537841 30.8902969360351 31.0394306182861 31.1885643005371 31.5717284679412 32.0329027970631 32.4940771261849 32.9552514553069 33.4164257844288 33.8776001135506 34.3387744426726 34.8704514503477 35.6136364936826 36.3568215370176 37.1000065803525 37.8431916236874
46.881161975861 44.8836411476137 42.8861203193667 40.8885994911198 39.641020488739 38.643422094981 37.6458237012229 36.6482253074647 35.6506269137066 34.6530285199485 33.6554301261903 32.8291382312775 32.5167658329011 32.2043934345246 31.8920210361481 31.5796486377717 31.2672762393952 30.9549038410188 30.6425314426423 30.5302454948426 30.4846550305685 30.4390645662944 30.3934741020203 30.3478836377462 30.3022931734721 30.256702709198 30.2586702982584 30.4033120473225 30.5479537963867 30.6925955454508 30.8372372945149 30.9818790435791 31.1265207926432 31.2711625417073 31.7082788944243 32.2428867816923 32.7774946689604 33.3121025562285 33.8467104434965 34.3813183307645 34.9159262180326 35.5237844149269 36.3513935406999 37.1790026664731 38.0066117922462 38.8342209180192
48.0387587971162 45.9635769208274 43.888395044539 41.8132131682507 40.47870759964 39.3910941335891 38.3034806675383 37.2158672014873 36.1282537354365 35.0406402693857 33.9530268033347 33.047281768587 32.687142027749 32.3270022869111 31.9668625460731 31.6067228052352 31.2465830643972 30.8864433235593 30.5263035827214 30.4264092445374 30.4132633739048 30.4001175032722 30.3869716326396 30.373825762007 30.3606798913744 30.3475340207418 30.3727120717366 30.5128618876139 30.6530117034912 30.7931615193684 30.9333113352457 31.073461151123 31.2136109670003 31.3537607828776 31.8448293209075 32.4528707663217 33.0609122117358 33.6689536571501 34.2769951025643 34.8850365479785 35.4930779933928 36.1771173795061 37.0891505877173 38.0011837959287 38.9132170041399 39.8252502123511
49.1963556183714 47.0435126940412 44.8906697697113 42.7378268453815 41.3163947105409 40.1387661721973 38.9611376338538 37.78350909551 36.6058805571664 35.4282520188229 34.2506234804791 33.2654253058964 32.857518222597 32.4496111392975 32.0417040559981 31.6337969726988 31.2258898893993 30.8179828060999 30.4100757228005 30.3225729942322 30.3418717172411 30.36117044025 30.3804691632589 30.3997678862678 30.4190666092767 30.4383653322855 30.4867538452148 30.6224117279052 30.7580696105957 30.8937274932861 31.0293853759765 31.165043258667 31.3007011413574 31.4363590240478 31.9813797473906 32.662854750951 33.3443297545113 34.0258047580717 34.7072797616321 35.3887547651924 36.0702297687529 36.8304503440854 37.8269076347347 38.8233649253843 39.8198222160336 40.816279506683
50.3539524396265 48.1234484672548 45.8929444948836 43.6624405225123 42.1540818214417 40.8864382108054 39.6187946001691 38.3511509895326 37.0835073788963 35.81586376826 34.5482201576235 33.4835688432058 33.027894417445 32.572219991684 32.1165455659231 31.6608711401623 31.2051967144013 30.7495222886405 30.2938478628796 30.218736743927 30.2704800605774 30.3222233772278 30.3739666938782 30.4257100105285 30.4774533271789 30.5291966438293 30.600795618693 30.7319615681966 30.8631275177001 30.9942934672037 31.1254594167073 31.2566253662109 31.3877913157145 31.518957265218 32.1179301738737 32.8728387355802 33.6277472972867 34.3826558589933 35.1375644206998 35.8924729824063 36.6473815441129 37.4837833086646 38.5646646817521 39.6455460548398 40.7264274279272 41.8073088010147
51.5115492608817 49.2033842404686 46.8952192200559 44.5870541996431 42.9917689323426 41.6341102494136 40.2764515664845 38.9187928835552 37.5611342006262 36.2034755176971 34.8458168347679 33.7017123805153 33.1982706122929 32.6948288440705 32.1913870758482 31.6879453076258 31.1845035394034 30.681061771181 30.1776200029587 30.1149004936218 30.1990884039137 30.2832763142056 30.3674642244975 30.4516521347893 30.5358400450812 30.6200279553731 30.7148373921712 30.8415114084879 30.9681854248046 31.0948594411214 31.2215334574381 31.3482074737548 31.4748814900716 31.6015555063883 32.2544806003569 33.0828227202095 33.9111648400622 34.739506959915 35.5678490797676 36.3961911996203 37.224533319473 38.1371162732439 39.3024217287695 40.4677271842953 41.633032639821 42.7983380953466
52.1295254495415 49.7477876345321 47.366049819523 44.9843120045139 43.3261396567029 41.9091557979587 40.4921719392145 39.07518808047 37.6582042217258 36.2412203629816 34.8242365042371 33.6335847907598 33.1219295130837 32.6102742354076 32.0986189577316 31.5869636800556 31.0753084023795 30.5636531247034 30.0519978470274 30.0288103580475 30.1684454652998 30.3080805725521 30.4477156798044 30.5873507870568 30.7269858943091 30.8666210015614 30.9962616867489 31.0959191057416 31.1955765247344 31.2952339437272 31.39489136272 31.4945487817128 31.5942062007056 31.6938636196984 32.400210380554 33.3087869220307 34.2173634635075 35.1259400049843 36.0345165464611 36.9430930879378 37.8516696294146 38.8481792767839 40.108488241831 41.3687972068783 42.6291061719255 43.8894151369726
52.2078810056057 49.756658649445 47.3054362932847 44.8542139371243 43.1571939945224 41.7115748564406 40.2659557183588 38.8203365802768 37.374717442195 35.9290983041132 34.4834791660312 33.2791860739392 32.7988711198173 32.3185561656953 31.8382412115734 31.3579262574516 30.8776113033296 30.3972963492077 29.9169813950858 29.960466337204 30.1785512447357 30.3966361522674 30.6147210597991 30.8328059673308 31.0508908748626 31.2689757823943 31.4450685024261 31.4951846599578 31.5453008174896 31.5954169750213 31.645533132553 31.6956492900848 31.7457654476165 31.7958816051483 32.5551195144651 33.5507313410438 34.5463431676225 35.5419549942014 36.5375668207801 37.5331786473588 38.5287904739377 39.6169723192846 40.9828642209366 42.3487561225887 43.7146480242406 45.0805399258926
