data/working_set_collections/6091692-Cassins_Sparrow-MC/1985/bio19.asc
NCOLS 265 
NROWS 230 
XLLCORNER -115.5625 
YLLCORNER 24.8333333333333 
CELLSIZE 0.0833333333333333 
NODATA_value -9999 
[rows 100 to 119 of 230, columns 46 to 91 of 265]
89.6284133911125 88.244156901041 86.8599004109691 85.4756439208976 84.091387430826 82.7071309407542 80.5782835006707 78.2012390772497 75.8241946538283 73.4471502304073 71.0701058069863 68.6930613835649 66.3160169601438 64.3104507128394 63.4193189938859 62.5281872749326 61.6370555559792 60.7459238370257 59.8547921180724 58.963660399119 58.0725286801655 58.2221137046811 58.7186043103533 59.2150949160256 59.7115855216977 60.2080761273699 60.7045667330422 61.2010573387144 61.6927118937172 62.169858296712 62.6470046997068 63.1241511027016 63.6012975056964 64.0784439086912 64.555590311686 65.0327367146808 65.1454763412475 65.136747042338 65.1280177434284 65.1192884445189 65.1105591456094 65.1018298466999 65.0931005477904 64.823730436961 63.7724378903707 62.7211453437806
95.5212249755853 94.3363367716465 93.1514485677076 91.9665603637688 90.78167215983 89.5967839558911 87.1393574396765 84.2577514860363 81.3761455323957 78.4945395787555 75.6129336251153 72.7313276714746 69.8497217178345 67.3993814150491 66.2428380648292 65.0862947146096 63.92975136439 62.7732080141702 61.6166646639506 60.4601213137309 59.3035779635111 59.3596386909483 59.8199007776046 60.280162864261 60.7404249509173 61.2006870375737 61.6609491242301 62.1212112108864 62.5750716315373 63.0097270541719 63.4443824768065 63.879037899441 64.3136933220756 64.7483487447101 65.1830041673446 65.6176595899793 65.7327023188272 65.7412074830796 65.749712647332 65.7582178115844 65.7667229758368 65.7752281400892 65.7837333043415 65.5095977677241 64.387540128496 63.2654824892681
101.290095456441 100.285868687099 99.281641917758 98.2774151484166 97.2731883790753 96.2689616097338 93.5554014841714 90.2720635732016 86.9887256622312 83.7053877512613 80.4220498402915 77.1387119293211 73.8553740183513 71.038177373674 69.6194045278758 68.2006316820779 66.7818588362799 65.3630859904817 63.9443131446838 62.5255402988858 61.1067674530876 61.0476809819536 61.4418233023746 61.8359656227957 62.2301079432167 62.6242502636377 63.0183925840587 63.4125349044797 63.8005248281688 64.1700575616622 64.5395902951556 64.909123028649 65.2786557621424 65.6481884956358 66.0177212291292 66.3872539626226 66.4723702748615 66.462681113349 66.4529919518364 66.4433027903238 66.4336136288112 66.4239244672987 66.4142353057861 66.1133491622079 64.9388720724318 63.764394982656
106.935024833678 106.092752647399 105.25048046112 104.40820827484 103.565936088561 102.723663902282 99.8264156341548 96.2441753387449 92.6619350433344 89.0796947479245 85.4974544525146 81.9152141571041 78.3329738616942 75.2268385887143 73.5490183830256 71.8711981773373 70.193377971649 68.5155577659604 66.837737560272 65.1599173545837 63.4820971488951 63.2862405776973 63.5843718846635 63.8825031916297 64.1806344985958 64.478765805562 64.7768971125281 65.0750284194943 65.3690714836117 65.6508498191831 65.9326281547544 66.2144064903256 66.496184825897 66.7779631614683 67.0597414970396 67.3415198326109 67.3644802093504 67.301167933146 67.2378556569416 67.1745433807372 67.1112311045328 67.0479188283283 66.9846065521239 66.6349846204124 65.4264337221782 64.2178828239442
112.579954210916 111.899636607699 111.219319004482 110.539001401265 109.858683798047 109.17836619483 106.097429784139 102.216287104289 98.3351444244381 94.4540017445881 90.5728590647381 86.6917163848875 82.8105737050375 79.4154998037549 77.4786322381758 75.5417646725971 73.6048971070183 71.6680295414392 69.7311619758605 67.7942944102818 65.8574268447027 65.5248001734412 65.7269204669525 65.9290407604638 66.1311610539751 66.3332813474864 66.5354016409977 66.737521934509 66.9376181390548 67.131642076704 67.3256660143532 67.5196899520024 67.7137138896516 67.9077378273008 68.10176176495 68.2957857025993 68.2565901438394 68.1396547529432 68.0227193620469 67.9057839711506 67.7888485802544 67.6719131893581 67.5549777984619 67.1566200786169 65.9139953719246 64.6713706652325
118.224883588155 117.706520567999 117.188157547844 116.669794527689 116.151431507534 115.633068487379 112.368443934123 108.188398869833 104.008353805542 99.8283087412517 95.6482636769616 91.4682186126708 87.2881735483807 83.6041610187955 81.4082460933259 79.2123311678568 77.0164162423877 74.8205013169182 72.624586391449 70.4286714659799 68.2327565405104 67.7633597691851 67.8694690492415 67.975578329298 68.0816876093544 68.1877968894108 68.2939061694673 68.4000154495237 68.5061647944978 68.6124343342249 68.718703873952 68.8249734136792 68.9312429534063 69.0375124931334 69.1437820328605 69.2500515725876 69.1487000783284 68.9781415727403 68.8075830671522 68.6370245615641 68.466466055976 68.2959075503879 68.1253490447998 67.6782555368214 66.401557021671 65.1248585065208
123.869812965392 123.513404528299 123.156996091206 122.800587654113 122.44417921702 122.087770779927 118.639458084106 114.160510635376 109.681563186645 105.202615737915 100.723668289185 96.2447208404538 91.7657733917236 87.7928222338357 85.3378599484758 82.8828976631162 80.4279353777567 77.9729730923968 75.5180108070373 73.0630485216778 70.6080862363178 70.0019193649288 70.0120176315304 70.022115898132 70.0322141647335 70.0423124313351 70.0524106979367 70.0625089645383 70.0747114499407 70.0932265917458 70.1117417335508 70.1302568753558 70.1487720171609 70.1672871589659 70.1858023007709 70.2043174425759 70.0408100128173 69.8166283925373 69.5924467722574 69.3682651519775 69.1440835316975 68.9199019114176 68.6957202911376 68.1998909950258 66.8891186714173 65.578346347809
129.51474234263 129.320288488599 129.125834634568 128.931380780537 128.736926926506 128.542473072475 124.91047223409 120.13262240092 115.354772567749 110.576922734578 105.799072901408 101.021223068237 96.2433732350669 91.9814834488763 89.2674738036259 86.553464158376 83.8394545131261 81.1254448678757 78.4114352226258 75.6974255773759 72.9834159321255 72.2404789606727 72.1545662138194 72.0686534669661 71.9827407201129 71.8968279732596 71.8109152264063 71.725002479553 71.6432581053838 71.5740188492667 71.5047795931496 71.4355403370326 71.3663010809155 71.2970618247984 71.2278225686814 71.1585833125643 70.9329199473062 70.6551152123345 70.3773104773627 70.0995057423909 69.8217010074191 69.5438962724473 69.2660915374755 68.7215264532304 67.3766803211637 66.0318341890973
132.373858261108 132.406499693129 132.439141125149 132.471782557169 132.50442398919 132.53706542121 129.045339139303 124.378823619419 119.712308099535 115.045792579651 110.379277059768 105.712761539883 101.046246019999 96.82266553243 93.9278901418047 91.0331147511799 88.1383393605551 85.2435639699298 82.3487885793049 79.4540131886801 76.5592377980548 75.6726832071935 75.4555355495872 75.2383878919809 75.0212402343746 74.8040925767683 74.5869449191619 74.3697972615556 74.1426290724009 73.885399288601 73.6281695048012 73.3709397210013 73.1137099372014 72.8564801534015 72.5992503696016 72.3420205858017 72.0638203938801 71.7786300659179 71.4934397379556 71.2082494099934 70.9230590820311 70.6378687540689 70.3526784261066 69.7701088057626 68.2954013082716 66.820693810781
132.447160720825 132.772038141886 133.096915562947 133.421792984009 133.74667040507 134.071547826131 131.044058799744 126.899114290874 122.754169782003 118.609225273132 114.464280764262 110.319336255391 106.174391746521 102.316368484497 99.3191089630121 96.3218494415279 93.3245899200437 90.327330398559 87.3300708770749 84.3328113555907 81.335551834106 80.2985321044915 79.914925638834 79.5313191731764 79.1477127075189 78.7641062418614 78.3804997762038 77.9968933105463 77.5728243509924 77.0273679097489 76.4819114685055 75.9364550272621 75.3909985860186 74.8455421447752 74.3000857035317 73.7546292622882 73.4335113525389 73.1871729532876 72.9408345540362 72.6944961547849 72.4481577555337 72.2018193562823 71.955480957031 71.3456380526226 69.6452816327413 67.9449252128602
132.520463180542 133.137576590644 133.754690000746 134.371803410848 134.98891682095 135.606030231052 133.042778460185 129.419404962328 125.796031464471 122.172657966614 118.549284468757 114.9259109709 111.302537473043 107.810071436564 104.71032778422 101.610584131876 98.5108404795328 95.4110968271888 92.3113531748452 89.2116095225016 86.1118658701575 84.9243810017898 84.3743157280811 83.8242504543723 83.2741851806636 82.7241199069549 82.1740546332461 81.6239893595373 81.0030196295841 80.169336530897 79.33565343221 78.5019703335231 77.6682872348359 76.834604136149 76.000921037462 75.1672379387748 74.8032023111978 74.5957158406574 74.388229370117 74.1807428995766 73.9732564290363 73.7657699584959 73.5582834879555 72.9211672994828 70.995161957211 69.0691566149395
132.593765640259 133.503115039401 134.412464438544 135.321813837687 136.23116323683 137.140512635972 135.041498120626 131.939695633783 128.837893146939 125.736090660095 122.634288173252 119.532485686408 116.430683199565 113.303774388631 110.101546605428 106.899318822225 103.697091039022 100.494863255818 97.2926354726155 94.0904076894126 90.8881799062091 89.5502298990881 88.8337058173282 88.1171817355682 87.4006576538082 86.6841335720483 85.9676094902883 85.2510854085284 84.4332149081759 83.3113051520451 82.1893953959146 81.067485639784 79.9455758836533 78.8236661275228 77.7017563713922 76.5798466152615 76.1728932698566 76.0042587280272 75.8356241861978 75.6669896443684 75.4983551025389 75.3297205607095 75.16108601888 74.496696546343 72.3450422816807 70.1933880170189
132.667068099975 133.868653488159 135.070238876343 136.271824264526 137.473409652709 138.674995040893 137.040217781067 134.459986305237 131.879754829406 129.299523353576 126.719291877746 124.139060401916 121.558828926086 118.797477340698 115.492765426635 112.188053512573 108.883341598511 105.578629684448 102.273917770385 98.9692058563232 95.6644939422603 94.1760787963861 93.293095906575 92.4101130167637 91.5271301269526 90.6441472371415 89.7611643473302 88.8781814575191 87.8634101867673 86.453273773193 85.0431373596189 83.6330009460448 82.2228645324705 80.8127281188964 79.4025917053223 77.992455291748 77.5425842285154 77.4128016153969 77.2830190022784 77.1532363891599 77.0234537760414 76.8936711629229 76.7638885498044 76.072225793203 73.6949226061504 71.3176194190981
132.740370559692 134.234191936916 135.728013314141 137.221834691365 138.715656068589 140.209477445814 139.038937441508 136.980276976691 134.921616511875 132.862956047058 130.804295582241 128.745635117424 126.686974652608 124.291180292765 120.883984247843 117.476788202921 114.069592158 110.662396113077 107.255200068156 103.848004023234 100.440807978312 98.8019276936844 97.7524859958221 96.7030442979596 95.6536026000972 94.6041609022349 93.5547192043724 92.5052775065101 91.293605465359 89.5952423943411 87.8968793233235 86.1985162523058 84.5001531812878 82.8017901102702 81.1034270392526 79.4050639682346 78.9122751871743 78.8213445027667 78.7304138183592 78.6394831339516 78.5485524495441 78.4576217651365 78.366691080729 77.6477550400632 75.0448029306201 72.4418508211774
131.70817788442 133.43969906701 135.1712202496 136.90274143219 138.63426261478 140.36578379737 139.641828854879 138.099381870694 136.556934886509 135.014487902324 133.472040918138 131.929593933953 130.387146949768 128.391368187799 125.035594092475 121.679819997152 118.324045901829 114.968271806505 111.612497711182 108.256723615859 104.900949520535 103.172522417704 101.986544312371 100.800566207038 99.6145881017047 98.4286099963716 97.2426318910384 96.0566537857054 94.6813169267443 92.7379038068982 90.7944906870524 88.8510775672066 86.9076644473605 84.9642513275147 83.0208382076689 81.0774250878228 80.5956944147744 80.601191223992 80.6066880332097 80.6121848424273 80.6176816516449 80.6231784608626 80.6286752700802 79.9344481574167 77.141049279107 74.3476504007977
129.570490074158 131.485174878438 133.399859682719 135.314544486999 137.22922929128 139.143914095561 138.84889202118 137.817300987244 136.785709953308 135.754118919373 134.722527885437 133.690936851501 132.659345817566 131.098041025798 127.94759496053 124.797148895264 121.646702829997 118.49625676473 115.345810699463 112.195364634196 109.044918568929 107.287862968444 105.995270856221 104.702678743998 103.410086631774 102.117494519551 100.824902407328 99.5323102951046 98.0265445709228 95.881258010864 93.7359714508055 91.5906848907471 89.4453983306883 87.3001117706299 85.1548252105714 83.0095386505126 82.5928419113155 82.7523417790727 82.9118416468298 83.071341514587 83.2308413823441 83.3903412501012 83.5498411178584 82.9323051452638 79.9836616516112 77.035018157959
127.432802263896 129.530650689867 131.628499115838 133.726347541809 135.82419596778 137.922044393751 138.05595518748 137.535220103794 137.014485020108 136.493749936422 135.973014852736 135.45227976905 134.931544685364 133.804713863797 130.859595828586 127.914477793376 124.969359758165 122.024241722954 119.079123687744 116.134005652534 113.188887617323 111.403203519185 110.003997400072 108.604791280958 107.205585161845 105.806379042731 104.407172923618 103.007966804504 101.371772215102 99.02461221483 96.6774522145589 94.3302922142878 91.9831322140163 89.6359722137452 87.2888122134741 84.9416522132026 84.5899894078569 84.9034923341536 85.2169952604502 85.5304981867468 85.8440011130434 86.1575040393401 86.4710069656367 85.9301621331112 82.8262740241156 79.7223859151206
125.295114453633 127.576126501295 129.857138548957 132.138150596618 134.41916264428 136.700174691942 137.26301835378 137.253139220344 137.243260086907 137.233380953471 137.223501820034 137.213622686598 137.203743553161 136.511386701796 133.771596696642 131.031806691488 128.292016686334 125.552226681179 122.812436676025 120.072646670871 117.332856665717 115.518544069926 114.012723943922 112.506903817918 111.001083691915 109.495263565911 107.989443439907 106.483623313904 104.71699985928 102.167966418796 99.6189329783123 97.0698995378285 94.5208660973443 91.9718326568605 89.4227992163767 86.8737657758925 86.5871369043983 87.0546428892344 87.5221488740706 87.9896548589067 88.4571608437428 88.924666828579 89.3921728134151 88.9280191209585 85.66888639662 82.4097536722822
123.157426643372 125.621602312724 128.085777982076 130.549953651428 133.01412932078 135.478304990133 136.470081520081 136.971058336894 137.472035153707 137.97301197052 138.473988787333 138.974965604146 139.475942420959 139.218059539795 136.683597564697 134.1491355896 131.614673614502 129.080211639404 126.545749664306 124.011287689209 121.476825714111 119.633884620666 118.021450487772 116.409016354878 114.796582221984 113.184148089091 111.571713956197 109.959279823303 108.062227503459 105.311320622762 102.560413742065 99.809506861369 97.0585999806721 94.3076930999757 91.5567862192792 88.8058793385823 88.5842844009395 89.2057934443151 89.8273024876908 90.4488115310664 91.070320574442 91.6918296178177 92.3133386611932 91.9258761088056 88.5114987691242 85.0971214294435
121.019738833109 123.667078124152 126.314417415195 128.961756706238 131.60909599728 134.256435288323 135.677144686381 136.688977453444 137.700810220506 138.712642987569 139.724475754631 140.736308521694 141.748141288757 141.924732377794 139.595598432753 137.266464487712 134.93733054267 132.608196597629 130.279062652588 127.949928707547 125.620794762505 123.749225171407 122.030177031623 120.311128891839 118.592080752055 116.873032612271 115.153984472486 113.434936332702 111.407455147637 108.454674826728 105.501894505819 102.54911418491 99.5963338640001 96.643553543091 93.6907732221819 90.7379929012723 90.5814318974809 91.3569439993959 92.1324561013111 92.9079682032262 93.6834803051413 94.4589924070565 95.2345045089716 94.923733096653 91.3541111416287 87.784489186605
