data/working_set_collections/6091692-Cassins_Sparrow-MC/1985/bio17.asc
NCOLS 265 
NROWS 230 
XLLCORNER -115.5625 
YLLCORNER 24.8333333333333 
CELLSIZE 0.0833333333333333 
NODATA_value -9999 
[rows 20 to 39 of 230, columns 138 to 183 of 265]
37.6349553320144 37.070608552297 36.5062617725797 35.9419149928624 35.6545741081238 35.4595685217116 35.2645629352994 35.0695573488872 34.874551762475 34.6795461760628 34.4845405896505 34.3137254185147 34.2154814932082 34.1172375679017 34.0189936425951 33.9207497172886 33.8225057919821 33.7242618666755 33.626017941369 34.1039210001627 34.7738730536566 35.4438251071504 36.1137771606444 36.7837292141383 37.4536812676322 38.1236333211262 38.6397883839077 38.6945524745517 38.7493165651957 38.8040806558397 38.8588447464837 38.9136088371277 38.9683729277717 39.0231370184157 39.2181079228719 39.4598144319322 39.7015209409925 39.9432274500529 40.1849339591132 40.4266404681735 40.6683469772339 40.9305616484748 41.2543008062574 41.5780399640401 41.9017791218227 42.2255182796054
37.8930187331307 37.2618755022686 36.6307322714065 35.9995890405445 35.6612610816956 35.420538213518 35.1798153453404 34.9390924771627 34.6983696089851 34.4576467408075 34.2169238726299 34.0152676794265 33.9308115111457 33.846355342865 33.7618991745843 33.6774430063036 33.5929868380229 33.5085306697422 33.4240745014615 33.9134976704914 34.5942139519584 35.2749302334254 35.9556465148925 36.6363627963595 37.3170790778264 37.9977953592935 38.5106107605828 38.5197235213386 38.5288362820943 38.5379490428501 38.5470618036059 38.5561745643616 38.5652873251174 38.5744000858731 38.7920231501261 39.0791496488783 39.3662761476304 39.6534026463826 39.9405291451348 40.2276556438869 40.5147821426391 40.8107012960645 41.1329984135097 41.455295530955 41.7775926484001 42.0998897658453
38.151082134247 37.4531424522401 36.7552027702333 36.0572630882265 35.6679480552674 35.3815079053244 35.0950677553814 34.8086276054383 34.5221874554953 34.2357473055523 33.9493071556092 33.7168099403382 33.6461415290833 33.5754731178284 33.5048047065735 33.4341362953187 33.3634678840638 33.2927994728089 33.222131061554 33.7230743408202 34.4145548502603 35.1060353597003 35.7975158691405 36.4889963785806 37.1804768880207 37.8719573974608 38.3814331372579 38.3448945681255 38.308355998993 38.2718174298605 38.235278860728 38.1987402915955 38.162201722463 38.1256631533306 38.3659383773804 38.6984848658244 39.0310313542684 39.3635778427124 39.6961243311564 40.0286708196004 40.3612173080444 40.6908409436543 41.011696020762 41.3325510978698 41.6534061749776 41.9742612520853
38.4091455353633 37.6444094022116 36.8796732690601 36.1149371359085 35.6746350288392 35.3424775971307 35.0103201654223 34.6781627337139 34.3460053020054 34.013847870297 33.6816904385886 33.4183522012499 33.3614715470209 33.3045908927918 33.2477102385627 33.1908295843337 33.1339489301046 33.0770682758756 33.0201876216465 33.532651011149 34.2348957485622 34.9371404859753 35.6393852233886 36.3416299608017 37.0438746982149 37.7461194356282 38.252255513933 38.1700656149123 38.0878757158916 38.0056858168709 37.9234959178501 37.8413060188294 37.7591161198087 37.676926220788 37.9398536046346 38.3178200827704 38.6957865609062 39.0737530390421 39.451719517178 39.8296859953138 40.2076524734497 40.5709805912441 40.8903936280144 41.2098066647847 41.529219701555 41.8486327383253
38.6395657115514 37.8560365994772 37.0725074874032 36.2889783753291 35.8210565884908 35.4583372433981 35.0956178983053 34.7328985532125 34.3701792081198 34.007459863027 33.6447405179342 33.3626206503974 33.3222992155287 33.28197778066 33.2416563457913 33.2013349109226 33.1610134760539 33.1206920411851 33.0803706063164 33.5788828214008 34.2570062531364 34.9351296848719 35.6132531166075 36.2913765483431 36.9694999800786 37.6476234118143 38.1304187032912 38.0272295739916 37.924040444692 37.8208513153924 37.7176621860928 37.6144730567932 37.5112839274937 37.4080947981941 37.6643576304117 38.0404377831352 38.4165179358587 38.7925980885823 39.1686782413058 39.5447583940293 39.9208385467529 40.2777265972561 40.5770383410983 40.8763500849406 41.1756618287828 41.474973572625
38.8423426628115 38.088024044037 37.3337054252626 36.5793868064882 36.1072127342224 35.7290868441264 35.3509609540304 34.9728350639344 34.5947091738383 34.2165832837423 33.8384573936463 33.5496152877807 33.5286245346069 33.5076337814331 33.4866430282592 33.4656522750854 33.4446615219116 33.4236707687378 33.4026800155639 33.8617697715758 34.480886363983 35.1000029563902 35.7191195487975 36.3382361412047 36.9573527336119 37.5764693260192 38.0159227053325 37.9163864453634 37.8168501853943 37.7173139254253 37.6177776654562 37.5182414054871 37.418705145518 37.319168885549 37.5394504547119 37.8663379669189 38.1932254791259 38.520112991333 38.84700050354 39.173888015747 39.5007755279541 39.8110789616903 40.0716301600138 40.3321813583375 40.592732556661 40.8532837549846
39.0451196140715 38.3200114885967 37.594903363122 36.8697952376473 36.393368879954 35.9998364448548 35.6063040097555 35.2127715746562 34.8192391395569 34.4257067044577 34.0321742693584 33.7366099251641 33.7349498536851 33.7332897822062 33.7316297107272 33.7299696392483 33.7283095677693 33.7266494962904 33.7249894248114 34.1446567217508 34.7047664748296 35.2648762279085 35.8249859809874 36.3850957340663 36.9452054871452 37.5053152402241 37.9014267073738 37.8055433167352 37.7096599260966 37.6137765354581 37.5178931448195 37.4220097541809 37.3261263635424 37.2302429729038 37.414543279012 37.6922381507025 37.9699330223931 38.2476278940836 38.5253227657742 38.8030176374647 39.0807125091553 39.3444313261244 39.5662219789293 39.7880126317343 40.0098032845391 40.231593937344
39.2478965653315 38.5519989331564 37.8561013009814 37.1602036688065 36.6795250256857 36.2705860455832 35.8616470654806 35.4527080853781 35.0437691052755 34.634830125173 34.2258911450704 33.9236045625474 33.9412751727634 33.9589457829793 33.9766163931952 33.9942870034112 34.0119576136271 34.029628223843 34.0472988340589 34.4275436719257 34.9286465856763 35.4297494994268 35.9308524131774 36.4319553269279 36.9330582406784 37.434161154429 37.786930709415 37.694700188107 37.6024696667989 37.5102391454909 37.4180086241828 37.3257781028748 37.2335475815667 37.1413170602587 37.2896361033121 37.5181383344862 37.7466405656602 37.9751427968343 38.2036450280083 38.4321472591824 38.6606494903564 38.8777836905586 39.0608137978448 39.243843905131 39.4268740124173 39.6099041197035
39.4506735165916 38.7839863777161 38.1172992388408 37.4506120999656 36.9656811714173 36.5413356463115 36.1169901212057 35.6926445960999 35.2682990709941 34.8439535458884 34.4196080207825 34.1105991999308 34.1476004918416 34.1846017837524 34.2216030756632 34.258604367574 34.2956056594848 34.3326069513956 34.3696082433064 34.7104306221007 35.1525266965229 35.5946227709451 36.0367188453673 36.4788149197895 36.9209109942117 37.363007068634 37.6724347114563 37.5838570594788 37.4952794075013 37.4067017555237 37.3181241035462 37.2295464515686 37.1409687995911 37.0523911476136 37.1647289276123 37.3440385182698 37.5233481089274 37.702657699585 37.8819672902425 38.0612768809001 38.2405864715577 38.4111360549927 38.5554056167603 38.6996751785279 38.8439447402955 38.988214302063
39.6534504678516 39.0159738222759 38.3784971767003 37.7410205311247 37.2518373171489 36.8120852470399 36.3723331769308 35.9325811068217 35.4928290367127 35.0530769666037 34.6133248964946 34.2975938373141 34.3539258109198 34.4102577845255 34.4665897581312 34.5229217317369 34.5792537053426 34.6355856789482 34.6919176525539 34.9933175722757 35.3764068073695 35.7594960424634 36.1425852775573 36.5256745126511 36.908763747745 37.2918529828389 37.5579387134976 37.4730139308506 37.3880891482036 37.3031643655565 37.2182395829095 37.1333148002625 37.0483900176155 36.9634652349684 37.0398217519124 37.1699387020535 37.3000556521946 37.4301726023356 37.5602895524767 37.6904065026177 37.8205234527588 37.9444884194269 38.0499974356758 38.1555064519247 38.2610154681736 38.3665244844225
39.8520547866823 39.1632219314576 38.4743890762331 37.7855562210085 37.2983280499777 36.878301440345 36.4582748307123 36.0382482210796 35.6182216114469 35.1981950018142 34.7781683921815 34.4837280167473 34.5660463439093 34.6483646710713 34.7306829982333 34.8130013253953 34.8953196525573 34.9776379797193 35.0599563068813 35.3398041089375 35.6854950692917 36.031186029646 36.3768769900003 36.7225679503546 37.0682589107088 37.4139498710631 37.6530057271321 37.572156270345 37.4913068135579 37.4104573567708 37.3296078999837 37.2487584431966 37.1679089864095 37.0870595296224 37.1415837923685 37.2412326282925 37.3408814642164 37.4405303001403 37.5401791360643 37.6398279719882 37.7394768079121 37.829503832923 37.8906654251946 37.9518270174662 38.0129886097378 38.0741502020094
40.0464864730837 39.2257307052614 38.4049749374392 37.584219169617 37.1051533699037 36.7399842262269 36.3748150825502 36.0096459388734 35.6444767951966 35.2793076515199 34.9141385078431 34.6690017382303 34.7839620908101 34.8989224433898 35.0138827959696 35.1288431485493 35.2438035011291 35.3587638537088 35.4737242062886 35.7498902320861 36.0797914822895 36.4096927324929 36.7395939826964 37.0694952328999 37.3993964831033 37.7292977333068 37.95763575236 37.8812840779622 37.8049324035644 37.7285807291666 37.6522290547688 37.5758773803711 37.4995257059733 37.4231740315755 37.4700150489806 37.5579202969868 37.645825544993 37.7337307929992 37.8216360410054 37.9095412890116 37.9974465370178 38.0661822954813 38.0774095853169 38.0886368751526 38.0998641649882 38.1110914548238
40.2409181594851 39.2882394790651 38.3355607986452 37.3828821182254 36.9119786898296 36.6016670121088 36.291355334388 35.9810436566671 35.6707319789463 35.3604203012255 35.0501086235047 34.8542754597133 35.0018778377108 35.1494802157084 35.2970825937059 35.4446849717033 35.5922873497009 35.7398897276983 35.8874921056958 36.1599763552347 36.4740878952873 36.7881994353399 37.1023109753926 37.4164225154452 37.7305340554978 38.0446455955504 38.2622657775879 38.1904118855794 38.1185579935709 38.0467041015625 37.974850209554 37.9029963175455 37.8311424255371 37.7592885335286 37.7984463055928 37.8746079656812 37.9507696257697 38.0269312858581 38.1030929459465 38.179254606035 38.2554162661234 38.3028607580397 38.2641537454393 38.2254467328389 38.1867397202386 38.1480327076382
40.4353498458865 39.3507482528688 38.2661466598513 37.1815450668338 36.7188040097555 36.4633497979907 36.2078955862258 35.9524413744609 35.696987162696 35.4415329509312 35.1860787391663 35.0395491811964 35.2197935846116 35.4000379880269 35.5802823914421 35.7605267948574 35.9407711982726 36.1210156016879 36.3012600051031 36.5700624783833 36.8683843082851 37.1667061381869 37.4650279680887 37.7633497979905 38.0616716278923 38.3599934577941 38.5668958028157 38.4995396931966 38.4321835835774 38.3648274739583 38.2974713643392 38.23011525472 38.1627591451009 38.0954030354818 38.126877562205 38.1912956343756 38.2557137065463 38.320131778717 38.3845498508877 38.4489679230584 38.513385995229 38.539539220598 38.4508979055617 38.3622565905253 38.273615275489 38.1849739604526
40.6297815322879 39.4132570266726 38.1967325210574 36.9802080154423 36.5256293296815 36.3250325838725 36.1244358380636 35.9238390922547 35.7232423464458 35.5226456006368 35.3220488548279 35.2248229026794 35.4377093315124 35.6505957603454 35.8634821891784 36.0763686180114 36.2892550468444 36.5021414756774 36.7150279045104 36.9801486015319 37.2626807212828 37.5452128410338 37.8277449607848 38.1102770805358 38.3928092002867 38.6753413200377 38.8715258280436 38.8086675008138 38.7458091735839 38.6829508463541 38.6200925191243 38.5572341918945 38.4943758646647 38.4315175374349 38.4553088188171 38.50798330307 38.5606577873229 38.6133322715759 38.6660067558288 38.7186812400817 38.7713557243347 38.7762176831563 38.637642065684 38.4990664482117 38.3604908307394 38.221915213267
40.8242132186893 39.4757658004763 38.1273183822635 36.7788709640507 36.3324546496074 36.1867153697544 36.0409760899014 35.8952368100485 35.7494975301955 35.6037582503425 35.4580189704895 35.4100966241624 35.6556250784131 35.9011535326639 36.1466819869147 36.3922104411654 36.6377388954162 36.8832673496669 37.1287958039176 37.3902347246805 37.6569771342806 37.9237195438808 38.1904619534809 38.4572043630811 38.7239467726812 38.9906891822814 39.1761558532715 39.117795308431 39.0594347635905 39.00107421875 38.9427136739095 38.884353129069 38.8259925842285 38.767632039388 38.7837400754292 38.8246709717644 38.8656018680996 38.9065327644348 38.94746366077 38.9883945571051 39.0293254534403 39.0128961457147 38.8243862258064 38.635876305898 38.4473663859897 38.2588564660815
41.424837303162 39.8122513453168 38.1996653874719 36.5870794296269 36.1045747439067 35.998763815562 35.8929528872173 35.7871419588725 35.6813310305278 35.5755201021831 35.4697091738383 35.4572478294372 35.7248352368672 35.9924226442972 36.2600100517272 36.5275974591572 36.7951848665873 37.0627722740173 37.3303596814473 37.5812461217244 37.8265655729505 38.0718850241766 38.3172044754028 38.5625239266289 38.807843377855 39.0531628290812 39.2274916436937 39.1888485484653 39.1502054532369 39.1115623580085 39.0729192627801 39.0342761675517 38.9956330723233 38.9569899770949 38.9804622650146 39.0246396806505 39.0688170962863 39.1129945119222 39.157171927558 39.2013493431939 39.2455267588297 39.2261685477363 39.0162034564548 38.8062383651734 38.5962732738919 38.3863081826104
42.431653785706 40.4227136611941 38.4137735366825 36.404833412171 35.8419896125794 35.7611779212952 35.680366230011 35.5995545387269 35.5187428474427 35.4379311561585 35.3571194648743 35.3662765185038 35.6453398068745 35.9244030952453 36.2034663836161 36.4825296719868 36.7615929603576 37.0406562487284 37.3197195370991 37.5531827926635 37.7714460372924 37.9897092819213 38.2079725265503 38.4262357711792 38.6444990158081 38.862762260437 39.0255331993103 39.0218272209168 39.0181212425232 39.0144152641297 39.0107092857361 39.0070033073425 39.003297328949 38.9995913505554 39.0454753875732 39.1078894297282 39.1703034718831 39.232717514038 39.295131556193 39.3575455983479 39.4199596405029 39.4160348892212 39.2130937576294 39.0101526260376 38.8072114944458 38.604270362854
43.43847026825 41.0331759770714 38.6278816858933 36.2225873947151 35.5794044812521 35.5235920270284 35.4677795728048 35.4119671185812 35.3561546643575 35.3003422101339 35.2445297559103 35.2753052075703 35.5658443768818 35.8563835461934 36.1469227155049 36.4374618848164 36.728001054128 37.0185402234395 37.309079392751 37.5251194636027 37.7163265016343 37.907533539666 38.0987405776977 38.2899476157294 38.4811546537611 38.6723616917928 38.8235747549269 38.8548058933682 38.8860370318095 38.9172681702508 38.9484993086921 38.9797304471334 39.0109615855747 39.042192724016 39.1104885101318 39.1911391788059 39.2717898474799 39.3524405161539 39.433091184828 39.513741853502 39.5943925221761 39.6059012307061 39.409984058804 39.2140668869019 39.0181497149997 38.8222325430976
44.4452867507941 41.6436382929488 38.841989835104 36.0403413772591 35.3168193499248 35.2860061327617 35.2551929155986 35.2243796984355 35.1935664812724 35.1627532641093 35.1319400469462 35.1843338966369 35.4863489468892 35.7883639971415 36.0903790473937 36.392394097646 36.6944091478983 36.9964241981506 37.2984392484028 37.4970561345418 37.6612069659763 37.8253577974107 37.9895086288452 38.1536594602797 38.3178102917141 38.4819611231486 38.6216163105435 38.6877845658196 38.7539528210958 38.8201210763719 38.8862893316481 38.9524575869242 39.0186258422004 39.0847940974765 39.1755016326904 39.2743889278835 39.3732762230767 39.4721635182698 39.571050813463 39.6699381086561 39.7688254038492 39.795767572191 39.6068743599786 39.4179811477661 39.2290879355537 39.0401947233412
