data/working_set_collections/6091692-Cassins_Sparrow-MC/1985/bio10.asc
NCOLS 265 
NROWS 230 
XLLCORNER -115.5625 
YLLCORNER 24.8333333333333 
CELLSIZE 0.0833333333333333 
NODATA_value -9999 
[rows 60 to 79 of 230, columns 0 to 45 of 265]
20.4548779063754 20.4559408505757 20.457003794776 20.4580667389763 20.4591296831766 20.4601926273769 20.4612555715773 20.4451581478119 20.4233406013912 20.4015230549706 20.37970550855 20.3578879621294 20.3360704157087 20.3142528692881 20.3589571370018 20.6032268471188 20.8474965572357 21.0917662673526 21.3360359774695 21.5803056875864 21.8245753977033 22.0688451078203 22.2690264701843 22.4545117166307 22.6399969630771 22.8254822095235 23.0109674559699 23.1964527024163 23.3819379488627 23.4914595762889 23.3730903466543 23.2547211170197 23.1363518873851 23.0179826577505 22.8996134281159 22.7812441984813 22.6628749688467 22.44736105601 22.199465582106 21.9515701082019 21.7036746342978 21.4557791603937 21.2078836864896 20.9599882125856 20.7170749982199 20.4891085624696
20.8201142946878 20.8037825584411 20.7874508221944 20.7711190859476 20.7547873497009 20.7384556134541 20.7221238772074 20.6853191852569 20.6416901747385 20.5980611642201 20.5544321537018 20.5108031431834 20.467174132665 20.4235451221466 20.4449128945668 20.661271015803 20.8776291370391 21.0939872582753 21.3103453795115 21.5267035007477 21.7430616219838 21.95941974322 22.143785572052 22.3174873034159 22.4911890347799 22.6648907661438 22.8385924975077 23.0122942288717 23.1859959602356 23.2756513118745 23.1131675243378 22.9506837368012 22.7881999492646 22.625716161728 22.4632323741914 22.3007485866548 22.1382647991182 21.898030281067 21.6318788528444 21.3657274246217 21.0995759963991 20.8334245681764 20.5672731399538 20.3011217117311 20.0767576535544 19.9777557055156
21.1853506830003 21.1516242663065 21.1178978496127 21.0841714329189 21.0504450162251 21.0167185995314 20.9829921828376 20.925480222702 20.8600397480859 20.7945992734697 20.7291587988535 20.6637183242374 20.5982778496212 20.5328373750051 20.5308686521318 20.7193151844872 20.9077617168426 21.096208249198 21.2846547815535 21.4731013139089 21.6615478462643 21.8499943786197 22.0185446739197 22.1804628902011 22.3423811064826 22.5042993227641 22.6662175390455 22.828135755327 22.9900539716085 23.05984304746 22.8532447020213 22.6466463565827 22.4400480111441 22.2334496657054 22.0268513202668 21.8202529748282 21.6136546293895 21.348699506124 21.0642921235828 20.7798847410415 20.4954773585003 20.2110699759591 19.9266625934178 19.6422552108766 19.4364403088888 19.4664028485617
21.5505870713128 21.4994659741719 21.4483448770311 21.3972237798902 21.3461026827494 21.2949815856086 21.2438604884677 21.1656412601471 21.0783893214332 20.9911373827192 20.9038854440053 20.8166335052914 20.7293815665775 20.6421296278636 20.6168244096967 20.7773593531714 20.9378942966461 21.0984292401207 21.2589641835954 21.4194991270701 21.5800340705447 21.7405690140194 21.8933037757873 22.0434384769863 22.1935731781854 22.3437078793844 22.4938425805833 22.6439772817824 22.7941119829814 22.8440347830455 22.5933218797048 22.3426089763642 22.0918960730236 21.8411831696829 21.5904702663423 21.3397573630016 21.0890444596609 20.7993687311809 20.4967053943212 20.1940420574613 19.8913787206015 19.5887153837417 19.2860520468819 18.9833887100221 18.7961229642233 18.9550499916077
21.9158234596252 21.8473076820373 21.7787919044494 21.7102761268615 21.6417603492736 21.5732445716858 21.5047287940979 21.4058022975921 21.2967388947805 21.1876754919688 21.0786120891571 20.9695486863454 20.8604852835337 20.751421880722 20.7027801672617 20.8354035218556 20.9680268764496 21.1006502310435 21.2332735856374 21.3658969402313 21.4985202948252 21.6311436494192 21.768062877655 21.9064140637716 22.0447652498881 22.1831164360046 22.3214676221212 22.4598188082377 22.5981699943543 22.6282265186311 22.3333990573884 22.0385715961457 21.7437441349031 21.4489166736604 21.1540892124177 20.8592617511751 20.5644342899324 20.2500379562379 19.9291186650596 19.6081993738812 19.2872800827028 18.9663607915244 18.645441500346 18.3245222091676 18.1558056195577 18.4436971346538
22.2810598479376 22.1951493899027 22.1092389318678 22.0233284738328 21.9374180157979 21.851507557763 21.765597099728 21.6459633350372 21.5150884681278 21.3842136012183 21.2533387343089 21.1224638673994 20.99158900049 20.8607141335805 20.7887359248267 20.8934476905399 20.998159456253 21.1028712219662 21.2075829876794 21.3122947533925 21.4170065191057 21.5217182848189 21.6428219795227 21.7693896505568 21.8959573215909 22.0225249926249 22.149092663659 22.2756603346931 22.4022280057271 22.4124182542166 22.0734762350719 21.7345342159272 21.3955921967826 21.0566501776378 20.7177081584932 20.3787661393485 20.0398241202038 19.7007071812949 19.361531935798 19.022356690301 18.683181444804 18.3440061993071 18.0048309538101 17.6656557083131 17.5154882748922 17.9323442776998
22.4634643925561 22.3908797105153 22.3182950284746 22.2457103464338 22.1731256643931 22.1005409823524 22.0279563003116 21.9014839967092 21.7570491525862 21.6126143084632 21.4681794643402 21.3237446202172 21.1793097760942 21.0348749319712 20.9467658519744 21.0276340643565 21.1085022767384 21.1893704891204 21.2702387015025 21.3511069138845 21.4319751262664 21.5128433386485 21.6181511084238 21.7316053973304 21.8450596862369 21.9585139751434 22.0719682640499 22.1854225529565 22.298876841863 22.2924948003558 21.926603767607 21.5607127348583 21.1948217021095 20.8289306693607 20.463039636612 20.0971486038633 19.7312575711145 19.3911243597667 19.0595770888859 18.7280298180051 18.3964825471243 18.0649352762435 17.7333880053626 17.4018407344819 17.2737351894377 17.7559548219044
22.4630370934804 22.4344986438751 22.4059601942698 22.3774217446645 22.3488832950592 22.3203448454539 22.2918063958485 22.172364282608 22.0226209481557 21.8728776137034 21.7231342792511 21.5733909447988 21.4236476103464 21.2739042758942 21.176869948705 21.2379626433054 21.2990553379058 21.3601480325063 21.4212407271067 21.4823334217071 21.5434261163075 21.604518810908 21.6940502643585 21.7930613040924 21.8920723438263 21.9910833835602 22.090094423294 22.1891054630279 22.2881165027618 22.2684561570486 21.8927816549937 21.5171071529389 21.1414326508841 20.7657581488292 20.3900836467744 20.0144091447195 19.6387346426647 19.3212894916535 19.0232541243236 18.7252187569936 18.4271833896637 18.1291480223338 17.8311126550039 17.533077287674 17.4305463631946 17.9145287672678
22.4626097944048 22.4781175772349 22.493625360065 22.5091331428951 22.5246409257253 22.5401487085554 22.5556564913855 22.4432445685069 22.2881927437252 22.1331409189436 21.978089094162 21.8230372693804 21.6679854445987 21.5129336198171 21.4069740454355 21.4482912222544 21.4896083990732 21.5309255758921 21.572242752711 21.6135599295298 21.6548771063486 21.6961942831675 21.7699494202931 21.8545172108544 21.9390850014157 22.0236527919769 22.1082205825382 22.1927883730994 22.2773561636607 22.2444175137415 21.8589595423805 21.4735015710196 21.0880435996586 20.7025856282976 20.3171276569367 19.9316696855758 19.5462117142148 19.2514546235403 18.9869311597613 18.7224076959822 18.4578842322032 18.1933607684242 17.9288373046451 17.6643138408661 17.5873575369516 18.0731027126311
22.4621824953291 22.5217365105947 22.5812905258602 22.6408445411258 22.7003985563914 22.7599525716569 22.8195065869225 22.7141248544057 22.5537645392948 22.3934042241838 22.2330439090729 22.0726835939619 21.912323278851 21.75196296374 21.6370781421661 21.6586198012034 21.6801614602407 21.7017031192779 21.7232447783152 21.7447864373525 21.7663280963897 21.787869755427 21.8458485762278 21.9159731176164 21.986097659005 22.0562222003937 22.1263467417823 22.1964712831709 22.2665958245595 22.2203788704343 21.8251374297672 21.4298959891002 21.0346545484332 20.6394131077661 20.2441716670991 19.8489302264321 19.453688785765 19.1816197554271 18.950608195199 18.7195966349708 18.4885850747427 18.2575735145145 18.0265619542864 17.7955503940582 17.7441687107085 18.2316766579945
22.4617551962534 22.5653554439544 22.6689556916554 22.7725559393565 22.8761561870575 22.9797564347584 23.0833566824595 22.9850051403046 22.8193363348643 22.653667529424 22.4879987239838 22.3223299185435 22.1566611131032 21.990992307663 21.8671822388966 21.8689483801523 21.870714521408 21.8724806626637 21.8742468039194 21.8760129451751 21.8777790864308 21.8795452276865 21.9217477321625 21.9774290243784 22.0331103165944 22.0887916088104 22.1444729010264 22.2001541932424 22.2558354854584 22.1963402271272 21.791315317154 21.3862904071809 20.9812654972077 20.5762405872346 20.1712156772614 19.7661907672883 19.3611658573151 19.1117848873139 18.9142852306367 18.7167855739594 18.5192859172821 18.3217862606049 18.1242866039276 17.9267869472504 17.9009798844654 18.3902506033579
22.4613278971778 22.6089743773142 22.7566208574506 22.9042673375871 23.0519138177235 23.19956029786 23.3472067779964 23.2558854262034 23.0849081304338 22.9139308346642 22.7429535388946 22.5719762431251 22.4009989473555 22.2300216515859 22.0972863356272 22.0792769591013 22.0612675825755 22.0432582060496 22.0252488295237 22.0072394529978 21.989230076472 21.9712206999461 21.9976468880971 22.0388849311405 22.0801229741838 22.1213610172272 22.1625990602705 22.2038371033139 22.2450751463572 22.17230158382 21.7574932045407 21.3426848252615 20.9278764459823 20.513068066703 20.0982596874238 19.6834513081446 19.2686429288653 19.0419500192007 18.8779622660743 18.713974512948 18.5499867598216 18.3859990066952 18.2220112535689 18.0580235004425 18.0577910582223 18.5488245487212
22.5903738074832 22.7598106861114 22.9292475647396 23.0986844433678 23.268121321996 23.4375582006242 23.6069950792524 23.5179544130961 23.3427545653449 23.1675547175937 22.9923548698425 22.8171550220913 22.6419551743401 22.466755326589 22.3262936115265 22.2900462945302 22.253798977534 22.2175516605377 22.1813043435414 22.1450570265452 22.1088097095489 22.0725623925527 22.0648598194122 22.0666721608904 22.0684845023685 22.0702968438467 22.0721091853248 22.0739215268029 22.0757338682811 21.979239400228 21.5878245035808 21.1964096069337 20.8049947102866 20.4135798136394 20.0221649169923 19.6307500203451 19.239335123698 19.0588029384613 18.9485649903615 18.8383270422617 18.728089094162 18.6178511460622 18.5076131979624 18.3973752498626 18.4346491972604 18.9144588311512
22.8488929271697 23.017864370346 23.1868358135223 23.3558072566985 23.5247786998748 23.6937501430511 23.8627215862274 23.7712121009827 23.5928756395976 23.4145391782125 23.2362027168274 23.0578662554423 22.8795297940572 22.7011933326721 22.5542040665944 22.501256386439 22.4483087062835 22.3953610261281 22.3424133459727 22.2894656658172 22.2365179856618 22.1835703055064 22.1233865261078 22.0607907136282 21.9981949011485 21.9355990886689 21.8730032761892 21.8104074637096 21.7478116512299 21.617153676351 21.2823092142742 20.9474647521974 20.6126202901205 20.2777758280437 19.9429313659669 19.6080869038901 19.2732424418132 19.1623436450958 19.1260934034983 19.0898431619008 19.0535929203033 19.0173426787058 18.9810924371083 18.9448421955108 19.0315543015796 19.4871534506478
23.1074120468563 23.2759180545806 23.444424062305 23.6129300700293 23.7814360777536 23.949942085478 24.1184480932023 24.0244697888692 23.8429967138502 23.6615236388312 23.4800505638123 23.2985774887933 23.1171044137743 22.9356313387553 22.7821145216624 22.7124664783478 22.6428184350331 22.5731703917185 22.5035223484039 22.4338743050893 22.3642262617747 22.2945782184601 22.1819132328034 22.0549092663659 21.9279052999285 21.800901333491 21.6738973670536 21.5468934006162 21.4198894341787 21.2550679524741 20.9767939249675 20.698519897461 20.4202458699545 20.141971842448 19.8636978149415 19.585423787435 19.3071497599284 19.2658843517303 19.3036218166351 19.3413592815399 19.3790967464446 19.4168342113494 19.4545716762542 19.492309141159 19.6284594058989 20.0598480701445
23.3659311665429 23.5339717388153 23.7020123110876 23.8700528833601 24.0380934556325 24.2061340279049 24.3741746001773 24.2777274767558 24.0931177881029 23.90850809945 23.7238984107971 23.5392887221442 23.3546790334913 23.1700693448385 23.0100249767303 22.9236765702565 22.8373281637827 22.750979757309 22.6646313508352 22.5782829443614 22.4919345378876 22.4055861314138 22.2404399394989 22.0490278191037 21.8576156987085 21.6662035783132 21.474791457918 21.2833793375228 21.0919672171276 20.8929822285971 20.6712786356609 20.4495750427247 20.2278714497885 20.0061678568523 19.7844642639161 19.5627606709799 19.3410570780436 19.3694250583648 19.4811502297719 19.592875401179 19.704600572586 19.8163257439931 19.9280509154001 20.0397760868072 20.2253645102181 20.6325426896412
23.6244502862294 23.7920254230499 23.9596005598703 24.1271756966908 24.2947508335113 24.4623259703317 24.6299011071522 24.5309851646423 24.3432388623556 24.1554925600687 23.967746257782 23.7799999554952 23.5922536532084 23.4045073509216 23.2379354317983 23.1348866621653 23.0318378925323 22.9287891228994 22.8257403532664 22.7226915836334 22.6196428140004 22.5165940443675 22.2989666461945 22.0431463718415 21.7873260974884 21.5315058231354 21.2756855487824 21.0198652744294 20.7640450000764 20.5308965047202 20.3657633463542 20.2006301879884 20.0354970296225 19.8703638712566 19.7052307128907 19.5400975545248 19.3749643961589 19.4729657649993 19.6586786429087 19.844391520818 20.0301043987273 20.2158172766366 20.401530154546 20.5872430324553 20.8222696145374 21.2052373091378
23.8829694059159 24.0500791072845 24.217188808653 24.3842985100216 24.5514082113901 24.7185179127586 24.8856276141272 24.7842428525289 24.5933599366082 24.4024770206875 24.2115941047668 24.0207111888462 23.8298282729255 23.6389453570048 23.4658458868663 23.3460967540741 23.2263476212819 23.1065984884898 22.9868493556976 22.8671002229055 22.7473510901133 22.6276019573212 22.3574933528901 22.0372649245793 21.7170364962684 21.3968080679576 21.0765796396468 20.756351211336 20.4361227830252 20.1688107808432 20.0602480570476 19.951685333252 19.8431226094564 19.7345598856608 19.6259971618653 19.5174344380697 19.4088717142741 19.5765064716339 19.8362070560454 20.0959076404571 20.3556082248687 20.6153088092803 20.8750093936919 21.1347099781035 21.4191747188566 21.7779319286345
24.2067494127485 24.3706439177195 24.5345384226904 24.6984329276614 24.8623274326324 25.0262219376033 25.1901164425743 25.1087901274363 24.9457235389286 24.7826569504208 24.619590361913 24.4565237734053 24.2934571848975 24.1303905963897 23.9771457142299 23.8533659511141 23.7295861879984 23.6058064248826 23.4820266617668 23.358246898651 23.2344671355353 23.1106873724195 22.8122984727223 22.455706527498 22.0991145822736 21.7425226370493 21.385930691825 21.0293387466006 20.6727468013763 20.3804398907555 20.2809880839453 20.1815362771351 20.082084470325 19.9826326635148 19.8831808567047 19.7837290498945 19.6842772430843 19.87461382548 20.1615465376111 20.4484792497422 20.7354119618733 21.0223446740043 21.3092773861354 21.5962100982665 21.8952032777997 22.2303778595394
24.595790306727 24.7537198543548 24.9116494019825 25.0695789496103 25.2275084972381 25.3854380448658 25.5433675924936 25.5046269893646 25.4003296693166 25.2960323492685 25.1917350292205 25.0874377091725 24.9831403891244 24.8788430690764 24.7718349138895 24.6566942532856 24.5415535926818 24.4264129320779 24.3112722714741 24.1961316108702 24.0809909502664 23.9658502896625 23.6633820056914 23.2984711805979 22.9335603555043 22.5686495304107 22.2037387053171 21.8388278802235 21.4739170551299 21.1657838344573 21.0279834270476 20.890183019638 20.7523826122283 20.6145822048186 20.476781797409 20.3389813899993 20.2011809825896 20.367287826538 20.6346970876057 20.9021063486734 21.1695156097411 21.4369248708088 21.7043341318765 21.9717433929442 22.2503552913664 22.5625751018523
