data/working_set_collections/6091692-Cassins_Sparrow-MC/1985/bio19.asc
NCOLS 265 
NROWS 230 
XLLCORNER -115.5625 
YLLCORNER 24.8333333333333 
CELLSIZE 0.0833333333333333 
NODATA_value -9999 
[rows 120 to 139 of 230, columns 92 to 137 of 265]
85.8011166466615 82.0669444190135 78.3327721913662 74.5985999637188 70.8644277360708 68.1234166781112 65.7134593433809 63.3035020086503 60.8935446739201 58.4835873391898 56.0736300044592 53.663672669729 52.1806889745921 53.4786261982386 54.7765634218849 56.0745006455312 57.3724378691778 58.6703750928241 59.9683123164704 61.2662495401169 62.5803071339923 63.8997381846107 65.2191692352293 66.5386002858478 67.8580313364662 69.1774623870848 70.4968934377032 71.2323305341935 70.2157857682973 69.1992410024009 68.1826962365047 67.1661514706085 66.1496067047121 65.1330619388159 64.1165171729197 62.5850520133975 60.8819467226668 59.1788414319361 57.4757361412051 55.7726308504744 54.0695255597437 52.3664202690128 50.8830946498449 50.0591080453663 49.2351214408876 48.411134836409
86.4414923350024 82.5334641774499 78.6254360198981 74.7174078623462 70.8093797047937 68.0702248573307 65.7206944465643 63.3711640357974 61.0216336250309 58.6721032142644 56.3225728034975 53.9730423927311 52.5240488370256 53.7766658465066 55.0292828559873 56.281899865468 57.534516874949 58.7871338844297 60.0397508939104 61.2923679033914 62.5911510467527 63.9053229014076 65.2194947560627 66.5336666107175 67.8478384653724 69.1620103200275 70.4761821746824 71.2061908721926 70.1837100982669 69.161229324341 68.1387485504153 67.1162677764896 66.0937870025637 65.0713062286379 64.0488254547122 62.5127282142642 60.8054254849756 59.0981227556869 57.390820026398 55.6835172971094 53.9762145678207 52.2689118385318 50.7824329058331 49.9584253629051 49.134417819977 48.310410277049
87.0818680233434 82.9999839358863 78.91809984843 74.8362157609737 70.7543316735166 68.0170330365503 65.7279295497476 63.4388260629445 61.1497225761417 58.860619089339 56.5715156025359 54.2824121157332 52.8674086994592 54.0747054947745 55.2820022900897 56.4892990854048 57.6965958807202 58.9038926760353 60.1111894713505 61.3184862666659 62.6019949595131 63.9109076182044 65.219820276896 66.5287329355873 67.8376455942787 69.1465582529702 70.4554709116616 71.1800512101918 70.1516344282365 69.1232176462811 68.0948008643259 67.0663840823706 66.0379673004152 65.00955051846 63.9811337365048 62.4404044151309 60.7289042472843 59.0174040794377 57.3059039115909 55.5944037437443 53.8829035758977 52.1714034080508 50.6817711618214 49.8577426804439 49.0337141990663 48.2096857176889
87.7222437116844 83.4665036943228 79.210763676962 74.9550236596011 70.6992836422395 67.9638412157698 65.7351646529309 63.5064880900915 61.2778115272526 59.0491349644136 56.8204584015743 54.5917818387353 53.2107685618927 54.3727451430425 55.5347217241921 56.6966983053416 57.8586748864914 59.020651467641 60.1826280487906 61.3446046299403 62.6128388722735 63.9164923350013 65.2201457977293 66.5237992604571 67.8274527231849 69.1311061859129 70.4347596486407 71.1539115481909 70.1195587582061 69.0852059682212 68.0508531782365 67.0165003882517 65.9821475982668 64.947794808282 63.9134420182973 62.3680806159976 60.6523830095931 58.9366854031886 57.2209877967837 55.5052901903792 53.7895925839747 52.0738949775699 50.5811094178096 49.7570599979827 48.9330105781557 48.1089611583288
88.3626194000253 83.9330234527592 79.5034275054939 75.0738315582285 70.6442356109624 67.9106493949894 65.7423997561142 63.5741501172386 61.4059004783634 59.2376508394882 57.0694012006126 54.9011515617374 53.5541284243263 54.6707847913104 55.7874411582944 56.9040975252784 58.0207538922626 59.1374102592466 60.2540666262306 61.3707229932148 62.623682785034 63.9220770517982 65.2204713185627 66.5188655853269 67.8172598520912 69.1156541188556 70.4140483856199 71.12777188619 70.0874830881757 69.0471942901613 68.006905492147 66.9666166941328 65.9263278961184 64.8860390981041 63.8457503000898 62.2957568168643 60.5758617719019 58.8559667269394 57.1360716819766 55.4161766370142 53.6962815920517 51.9763865470889 50.4804476737978 49.6563773155215 48.832306957245 48.0082365989687
89.0029950883663 84.3995432111956 79.7960913340258 75.192639456856 70.5891875796853 67.857457574209 65.7496348592975 63.6418121443857 61.5339894294742 59.4261667145628 57.3183439996509 55.2105212847395 53.8974882867598 54.9688244395784 56.0401605923968 57.1114967452153 58.1828328980338 59.2541690508523 60.3255052036707 61.3968413564893 62.6345266977944 63.9276617685951 65.220796839396 66.5139319101967 67.8070669809974 69.1002020517984 70.3933371225991 71.1016322241892 70.0554074181454 69.0091826121014 67.9629578060576 66.9167330000139 65.8705081939699 64.8242833879261 63.7780585818824 62.223433017731 60.4993405342106 58.7752480506902 57.0511555671695 55.3270630836491 53.6029706001287 51.878878116608 50.379785929786 49.5556946330603 48.7316033363344 47.9075120396086
87.869666163128 83.4317852020271 78.9939042409271 74.556023279827 70.1181423187262 67.4926450411483 65.4712756580782 63.4499062750077 61.4285368919376 59.4071675088675 57.3857981257971 55.364428742727 54.1114404572378 55.1635954644944 56.2157504717507 57.267905479007 58.3200604862636 59.3722154935199 60.4243705007762 61.4765255080328 62.7019456863401 63.9851209216645 65.268296156989 66.5514713923134 67.8346466276378 69.1178218629624 70.4009970982867 71.1039323065018 70.0661474333872 69.0283625602724 67.9905776871578 66.9527928140431 65.9150079409283 64.8772230678137 63.839438194699 62.2918906847639 60.5744222958886 58.8569539070134 57.1394855181379 55.4220171292627 53.7045487403874 51.9870803515119 50.492501057519 49.6665890481739 48.8406770388286 48.0147650294835
84.9626326243097 81.0297494252531 77.0968662261973 73.1639830271414 69.2310998280849 66.8162117958073 64.9073221524562 62.9984325091047 61.0895428657536 59.1806532224024 57.2717635790509 55.3628739356998 54.1959849357602 55.2550978660582 56.314210796356 57.3733237266538 58.4324366569518 59.4915495872496 60.5506625175473 61.6097754478453 62.8259397506711 64.0944545110064 65.3629692713418 66.631484031677 67.8999987920122 69.1685135523477 70.4370283126829 71.1346721331281 70.1197031339012 69.1047341346742 68.0897651354474 67.0747961362206 66.0598271369936 65.0448581377667 64.0298891385399 62.5011298179629 60.801107056936 59.101084295909 57.4010615348818 55.7010387738549 54.001016012828 52.3009932518008 50.8185930569968 49.9890605608624 49.1595280647279 48.3299955685935
82.0555990854911 78.6277136484789 75.1998282114673 71.7719427744557 68.3440573374435 66.1397785504663 64.3433686468341 62.5469587432016 60.7505488395694 58.9541389359373 57.1577290323048 55.3613191286726 54.2805294142826 55.3466002676221 56.4126711209613 57.4787419743006 58.54481282764 59.6108836809792 60.6769545343185 61.7430253876579 62.9499338150022 64.2037881003483 65.4576423856946 66.7114966710406 67.9653509563867 69.219205241733 70.473059527079 71.1654119597543 70.1732588344153 69.1811057090761 68.1889525837371 67.196799458398 66.2046463330588 65.2124932077198 64.2203400823808 62.710368951162 61.0277918179833 59.3452146848047 57.6626375516258 55.9800604184472 54.2974832852686 52.6149061520897 51.1446850564746 50.311532073551 49.4783790906271 48.6452261077035
79.1485655466725 76.2256778717047 73.3027901967374 70.37990252177 67.4570148468022 65.4633453051253 63.779415141212 62.0954849772986 60.4115548133853 58.7276246494721 57.0436944855586 55.3597643216454 54.3650738928051 55.4381026691859 56.5111314455666 57.5841602219473 58.6571889983282 59.7302177747089 60.8032465510896 61.8762753274704 63.0739278793333 64.3131216896902 65.5523155000473 66.7915093104042 68.0307031207612 69.2698969311183 70.5090907414752 71.1961517863806 70.2268145349293 69.2574772834779 68.2881400320267 67.3188027805755 66.3494655291241 65.3801282776729 64.4107910262216 62.919608084361 61.2544765790307 59.5893450737004 57.9242135683698 56.2590820630395 54.5939505577092 52.9288190523786 51.4707770559524 50.6340035862395 49.7972301165264 48.9604566468134
76.2415320078542 73.8236420949307 71.4057521820076 68.9878622690844 66.5699723561609 64.7869120597843 63.21546163559 61.6440112113955 60.0725607872013 58.501110363007 56.9296599388125 55.3582095146182 54.4496183713275 55.5296050707498 56.6095917701719 57.689578469594 58.7695651690164 59.8495518684385 60.9295385678607 62.009525267283 63.1979219436643 64.4224552790321 65.6469886144001 66.8715219497678 68.0960552851356 69.3205886205036 70.5451219558714 71.2268916130068 70.2803702354434 69.3338488578798 68.3873274803164 67.4408061027529 66.4942847251893 65.5477633476259 64.6012419700625 63.1288472175601 61.481161340078 59.833475462596 58.1857895851138 56.5381037076318 54.8904178301498 53.2427319526675 51.7968690554302 50.956475098928 50.1160811424256 49.2756871859234
73.3344984690357 71.4216063181565 69.5087141672776 67.5958220163987 65.6829298655195 64.1104788144433 62.651508129968 61.1925374454924 59.7335667610172 58.2745960765418 56.8156253920663 55.356654707591 54.5341628498499 55.6211074723136 56.7080520947772 57.7949967172408 58.8819413397046 59.9688859621682 61.0558305846318 62.1427752070955 63.3219160079954 64.531788868374 65.7416617287528 66.9515345891315 68.1614074495101 69.3712803098889 70.5811531702675 71.257631439633 70.3339259359574 69.4102204322816 68.486514928606 67.5628094249304 66.6391039212546 65.715398417579 64.7916929139034 63.3380863507591 61.7078461011254 60.0776058514917 58.4473656018577 56.817125352224 55.1868851025903 53.5566448529564 52.122961054908 51.2789466116165 50.4349321683249 49.5909177250334
71.1343434227843 69.5280266231964 67.9217098236088 66.3153930240212 64.7090762244333 63.2896648406986 61.9325552622481 60.5754456837974 59.218336105347 57.8612265268965 56.5041169484458 55.1470073699954 54.391847960154 55.4425390561421 56.49323015213 57.5439212481179 58.594612344106 59.6453034400939 60.6959945360818 61.7466856320699 62.8727124532063 64.0238511827256 65.174989912245 66.3261286417643 67.4772673712835 68.628406100803 69.7795448303223 70.4249845292837 69.55332713657 68.6816697438561 67.8100123511424 66.9383549584287 66.0666975657148 65.1950401730011 64.3233827802874 62.9466907819116 61.4016539149819 59.8566170480521 58.3115801811222 56.7665433141924 55.2215064472627 53.6764695803327 52.3111481242711 51.4849729008147 50.6587976773581 49.8326224539017
69.6410668691005 68.1429030100509 66.6447391510015 65.146575291952 63.6484114329024 62.3244701385502 61.0586030324305 59.7927359263105 58.5268688201908 57.261001714071 55.9951346079511 54.7292675018313 54.0226737022398 54.9938998222351 55.9651259422302 56.9363520622252 57.9075781822205 58.8788043022155 59.8500304222106 60.8212565422059 61.8503112792969 62.8986422220865 63.9469731648764 64.9953041076661 66.0436350504557 67.0919659932456 68.1402969360353 68.7289508819585 67.9385738372808 67.1481967926029 66.3578197479252 65.5674427032475 64.7770656585697 63.986688613892 63.1963115692143 61.9546605110173 60.5625847816472 59.1705090522771 57.7784333229068 56.3863575935368 54.9942818641667 53.6022061347964 52.3614302635195 51.5745539665224 50.7876776695253 50.0008013725282
68.1477903154166 66.7577793969052 65.367768478394 63.9777575598827 62.5877466413713 61.3592754364017 60.1846508026127 59.0100261688235 57.8354015350345 56.6607769012455 55.4861522674563 54.3115276336673 53.6534994443256 54.545260588328 55.4370217323302 56.3287828763325 57.2205440203349 58.1123051643371 59.0040663083394 59.8958274523417 60.8279101053874 61.7734332614474 62.7189564175077 63.6644795735677 64.6100027296278 65.555525885688 66.5010490417481 67.0329172346331 66.3238205379914 65.6147238413496 64.905627144708 64.1965304480663 63.4874337514245 62.7783370547828 62.0692403581411 60.9626302401228 59.7235156483124 58.4844010565021 57.2452864646915 56.0061718728811 54.7670572810707 53.5279426892601 52.4117124027678 51.6641350322301 50.9165576616924 50.1689802911548
66.6545137617328 65.3726557837595 64.0907978057865 62.8089398278135 61.5270818498402 60.3940807342532 59.310698572795 58.2273164113365 57.1439342498782 56.0605520884199 54.9771699269614 53.8937877655032 53.2843251864114 54.0966213544209 54.9089175224303 55.7212136904397 56.5335098584493 57.3458060264587 58.1581021944681 58.9703983624776 59.8055089314778 60.6482243008083 61.4909396701389 62.3336550394694 63.1763704087999 64.0190857781305 64.861801147461 65.3368835873077 64.7090672387021 64.0812508900963 63.4534345414907 62.825618192885 62.1978018442792 61.5699854956736 60.9421691470679 59.9705999692284 58.8844465149777 57.798293060727 56.7121396064761 55.6259861522254 54.5398326979746 53.4536792437237 52.4619945420161 51.7537160979379 51.0454376538596 50.3371592097814
65.161237208049 63.987532170614 62.8138271331791 61.6401220957443 60.4664170583092 59.4288860321048 58.4367463429773 57.4446066538495 56.452466964722 55.4603272755944 54.4681875864667 53.4760478973391 52.9151509284972 53.6479821205139 54.3808133125305 55.1136445045471 55.8464756965638 56.5793068885803 57.3121380805969 58.0449692726136 58.7831077575684 59.5230153401693 60.2629229227703 61.0028305053712 61.7427380879721 62.4826456705731 63.222553253174 63.6408499399825 63.0943139394129 62.5477779388431 62.0012419382735 61.4547059377038 60.9081699371341 60.3616339365644 59.8150979359948 58.9785696983341 58.045377381643 57.112185064952 56.1789927482607 55.2458004315697 54.3126081148786 53.3794157981874 52.5122766812644 51.8432971636456 51.1743176460267 50.5053381284079
63.6679606543651 62.6024085574683 61.5368564605717 60.471304363675 59.4057522667782 58.4636913299563 57.5627941131595 56.6618968963625 55.7609996795657 54.8601024627688 53.9592052459719 53.058308029175 52.545976670583 53.1993428866068 53.8527091026306 54.5060753186543 55.1594415346782 55.8128077507019 56.4661739667256 57.1195401827495 57.7607065836589 58.3978063795302 59.0349061754016 59.6720059712729 60.3091057671442 60.9462055630156 61.5833053588868 61.9448162926571 61.4795606401235 61.0143049875898 60.5490493350562 60.0837936825226 59.6185380299889 59.1532823774552 58.6880267249216 57.9865394274396 57.2063082483083 56.4260770691769 55.6458458900454 54.865614710914 54.0853835317826 53.3051523526511 52.5625588205127 51.9328782293533 51.3031976381939 50.6735170470345
62.6330670144826 61.624576049381 60.6160850842796 59.6075941191782 58.5991031540767 57.7034036318463 56.8453012572397 55.9871988826329 55.1290965080263 54.2709941334197 53.412891758813 52.5547893842064 52.0481964959038 52.5961320665148 53.1440676371257 53.6920032077365 54.2399387783475 54.7878743489584 55.3358099195693 55.8837454901802 56.4150337537131 56.9407729148866 57.4665120760601 57.9922512372336 58.5179903984071 59.0437295595807 59.5694687207542 59.8656250211931 59.4730327394277 59.0804404576623 58.6878481758969 58.2952558941315 57.902663612366 57.5100713306006 57.1174790488352 56.5503017743432 55.9249295022756 55.299557230208 54.6741849581403 54.0488126860727 53.4234404140052 52.7980681419375 52.1923695352345 51.6456919246252 51.0990143140159 50.5523367034066
62.0565562884016 61.0540346463523 60.0515130043032 59.0489913622541 58.0464697202049 57.1480229377749 56.284267775218 55.4205126126609 54.556757450104 53.6930022875471 52.82924712499 51.9654919624331 51.4218104044596 51.8383496602377 52.2548889160157 52.6714281717937 53.0879674275718 53.5045066833498 53.9210459391278 54.3375851949058 54.7460892677309 55.1519149462384 55.557740624746 55.9635663032534 56.3693919817609 56.7752176602685 57.181043338776 57.4032761255905 57.0747302373255 56.7461843490605 56.4176384607955 56.0890925725306 55.7605466842656 55.4320007960006 55.1034549077356 54.6698567390446 54.2012411435449 53.7326255480452 53.2640099525455 52.7953943570458 52.3267787615461 51.8581631660464 51.4017088254295 50.9817382494611 50.5617676734926 50.1417970975242
