data/working_set_collections/6091692-Cassins_Sparrow-MC/1985/bio11.asc
NCOLS 265 
NROWS 230 
XLLCORNER -115.5625 
YLLCORNER 24.8333333333333 
CELLSIZE 0.0833333333333333 
NODATA_value -9999 
[rows 120 to 139 of 230, columns 138 to 183 of 265]
5.23272245989907 5.13091688950857 5.02911131911809 4.92730574872761 4.91160581111907 4.92460775110456 4.93760969109004 4.95061163107553 4.96361357106102 4.9766155110465 4.98961745103199 5.00299687120648 5.01750873194799 5.0320205926895 5.04653245343101 5.06104431417252 5.07555617491403 5.09006803565554 5.10457989639704 5.11086039145786 5.11439709795845 5.11793380445903 5.12147051095961 5.1250072174602 5.12854392396078 5.13208063046136 5.14584821330174 5.19030842516155 5.23476863702136 5.27922884888117 5.32368906074098 5.36814927260079 5.4126094844606 5.4570696963204 5.53401892185208 5.62179781860772 5.70957671536336 5.79735561211901 5.88513450887465 5.97291340563029 6.06069230238594 6.12708544068866 6.12932130363252 6.13155716657638 6.13379302952024 6.1360288924641
5.33508875370027 5.22466309070587 5.1142374277115 5.00381176471712 4.98687241077422 5.00109515984852 5.01531790892281 5.02954065799712 5.04376340707142 5.05798615614571 5.07220890522002 5.08727761109668 5.10488418738045 5.12249076366423 5.140097339948 5.15770391623177 5.17531049251554 5.19291706879932 5.21052364508309 5.21680988073347 5.21932266950605 5.22183545827864 5.22434824705122 5.2268610358238 5.22937382459639 5.23188661336897 5.24545600414273 5.29219520092007 5.33893439769742 5.38567359447476 5.4324127912521 5.47915198802945 5.52589118480679 5.57263038158413 5.64572761058804 5.72761085033413 5.80949409008022 5.89137732982633 5.97326056957241 6.0551438093185 6.13702704906461 6.1992405215899 6.20244469245273 6.20564886331557 6.2088530341784 6.21205720504124
5.43745504750148 5.31840929190319 5.19936353630491 5.08031778070664 5.06213901042937 5.07758256859248 5.09302612675559 5.10846968491871 5.12391324308182 5.13935680124493 5.15480035940805 5.17155835098689 5.19225964281292 5.21296093463896 5.233662226465 5.25436351829103 5.27506481011707 5.2957661019431 5.31646739376914 5.32275937000909 5.32424824105367 5.32573711209825 5.32722598314284 5.32871485418742 5.330203725232 5.33169259627659 5.34506379498373 5.39408197667861 5.44310015837349 5.49211834006837 5.54113652176324 5.59015470345813 5.639172885153 5.68819106684788 5.75743629932401 5.83342388206055 5.90941146479709 5.98539904753364 6.06138663027019 6.13737421300673 6.21336179574328 6.27139560249116 6.27556808127296 6.27974056005477 6.28391303883657 6.28808551761838
5.53982134130268 5.4121554931005 5.28448964489833 5.15682379669616 5.13740561008452 5.15406997733645 5.17073434458837 5.1873987118403 5.20406307909222 5.22072744634415 5.23739181359608 5.2558390908771 5.27963509824539 5.30343110561369 5.32722711298199 5.35102312035029 5.37481912771859 5.39861513508689 5.42241114245519 5.42870885928471 5.42917381260129 5.42963876591787 5.43010371923445 5.43056867255104 5.43103362586762 5.4314985791842 5.44467158582473 5.49596875243714 5.54726591904956 5.59856308566197 5.64986025227438 5.7011574188868 5.75245458549921 5.80375175211162 5.86914498805997 5.93923691378697 6.00932883951396 6.07942076524096 6.14951269096796 6.21960461669495 6.28969654242196 6.34355068339241 6.34869147009319 6.35383225679397 6.35897304349475 6.36411383019552
5.64218763510388 5.5059016942978 5.36961575349174 5.23332981268567 5.21267220973967 5.23055738608041 5.24844256242114 5.26632773876189 5.28421291510262 5.30209809144336 5.3199832677841 5.34011983076729 5.36701055367786 5.39390127658842 5.42079199949898 5.44768272240954 5.47457344532011 5.50146416823067 5.52835489114123 5.53465834856031 5.5340993841489 5.53354041973748 5.53298145532606 5.53242249091464 5.53186352650323 5.53130456209181 5.54427937666572 5.59785552819567 5.65143167972562 5.70500783125556 5.75858398278551 5.81216013431546 5.86573628584541 5.91931243737535 5.98085367679593 6.04504994551338 6.10924621423082 6.17344248294828 6.23763875166572 6.30183502038317 6.36603128910062 6.41570576429366 6.42181485891341 6.42792395353316 6.43403304815291 6.44014214277266
5.74455392890509 5.59964789549511 5.45474186208515 5.30983582867519 5.28793880939482 5.30704479482437 5.32615078025392 5.34525676568348 5.36436275111303 5.38346873654258 5.40257472197213 5.4244005706575 5.45438600911032 5.48437144756315 5.51435688601598 5.5443423244688 5.57432776292163 5.60431320137446 5.63429863982728 5.64060783783593 5.63902495569652 5.6374420735571 5.63585919141768 5.63427630927826 5.63269342713884 5.63111054499943 5.64388716750672 5.6997423039542 5.75559744040169 5.81145257684917 5.86730771329665 5.92316284974414 5.97901798619161 6.03487312263909 6.0925623655319 6.15086297723979 6.20916358894769 6.2674642006556 6.32576481236349 6.38406542407139 6.4423660357793 6.48786084519491 6.49493824773363 6.50201565027236 6.50909305281108 6.5161704553498
5.85400173796551 5.70523839394253 5.55647504991957 5.40771170589662 5.38421987295149 5.4024852103657 5.42075054777991 5.43901588519413 5.45728122260834 5.47554656002255 5.49381189743676 5.51542694833542 5.54709113968741 5.57875533103941 5.61041952239141 5.6420837137434 5.6737479050954 5.7054120964474 5.73707628779939 5.74333185354867 5.74111787743037 5.73890390131208 5.73668992519378 5.73447594907548 5.73226197295718 5.73004799683888 5.74299603965545 5.80143013927669 5.85986423889794 5.91829833851918 5.97673243814042 6.03516653776166 6.0936006373829 6.15203473700414 6.20584046045937 6.25810339185924 6.31036632325912 6.362629254659 6.41489218605887 6.46715511745874 6.51941804885863 6.56050909890068 6.56808450486924 6.5756599108378 6.58323531680636 6.59081072277492
5.97053106228513 5.82267318964005 5.674815316995 5.52695744434995 5.50151540040968 5.5168786327044 5.53224186499911 5.54760509729383 5.56296832958855 5.57833156188327 5.59369479417799 5.61319896380104 5.64512594540911 5.67705292701719 5.70897990862526 5.74090689023333 5.77283387184141 5.80476085344948 5.83668783505755 5.84283039569853 5.84037814935047 5.8379259030024 5.83547365665434 5.83302141030628 5.83056916395822 5.82811691761015 5.8416059931119 5.90291903416312 5.96423207521436 6.02554511626558 6.08685815731681 6.14817119836804 6.20948423941927 6.27079728047049 6.32068796157834 6.36677118937172 6.41285441716509 6.45893764495847 6.50502087275185 6.55110410054522 6.5971873283386 6.63365052541096 6.64125363032022 6.64885673522948 6.65645984013874 6.664062945048
6.08706038660476 5.94010798533758 5.79315558407043 5.64620318280329 5.61881092786787 5.6312720550431 5.64373318221832 5.65619430939355 5.66865543656877 5.681116563744 5.69357769091922 5.71097097926668 5.74316075113082 5.77535052299498 5.80754029485912 5.83973006672327 5.87191983858742 5.90410961045157 5.93629938231572 5.9423289378484 5.93963842127057 5.93694790469274 5.93425738811492 5.93156687153709 5.92887635495926 5.92618583838144 5.94021594656835 6.00440792904956 6.06859991153079 6.132791894012 6.19698387649321 6.26117585897443 6.32536784145564 6.38955982393685 6.43553546269732 6.4754389868842 6.51534251107107 6.55524603525796 6.59514955944483 6.6350530836317 6.67495660781859 6.70679195192124 6.7144227557712 6.72205355962116 6.72968436347112 6.73731516732109
6.20358971092439 6.05754278103512 5.91149585114587 5.76544892125662 5.73610645532607 5.7456654773818 5.75522449943753 5.76478352149326 5.77434254354899 5.78390156560473 5.79346058766046 5.80874299473231 5.84119555685253 5.87364811897276 5.90610068109299 5.93855324321321 5.97100580533344 6.00345836745366 6.03591092957389 6.04182747999826 6.03889869319067 6.03596990638308 6.03304111957549 6.0301123327679 6.02718354596031 6.02425475915272 6.03882590002481 6.10589682393601 6.17296774784722 6.24003867175841 6.30710959566961 6.37418051958082 6.44125144349201 6.50832236740321 6.55038296381631 6.58410678439668 6.61783060497706 6.65155442555744 6.68527824613781 6.71900206671819 6.75272588729857 6.77993337843152 6.78759188122218 6.79525038401285 6.80290888680351 6.81056738959417
6.32011903524401 6.17497757673264 6.0298361182213 5.88469465970995 5.85340198278425 5.86005889972049 5.86671581665673 5.87337273359297 5.88002965052921 5.88668656746544 5.89334348440168 5.90651501019793 5.93923036257423 5.97194571495054 6.00466106732684 6.03737641970314 6.07009177207944 6.10280712445575 6.13552247683205 6.14132602214812 6.13815896511076 6.13499190807341 6.13182485103606 6.1286577939987 6.12549073696135 6.122323679924 6.13743585348126 6.20738571882244 6.27733558416364 6.34728544950482 6.417235314846 6.48718518018719 6.55713504552838 6.62708491086956 6.66523046493528 6.69277458190916 6.72031869888303 6.74786281585691 6.77540693283079 6.80295104980467 6.83049516677855 6.8530748049418 6.86076100667316 6.86844720840453 6.87613341013589 6.88381961186725
6.43664835956364 6.29241237243017 6.14817638529673 6.00394039816329 5.97069751024245 5.97445232205919 5.97820713387594 5.98196194569268 5.98571675750943 5.98947156932617 5.99322638114292 6.00428702566357 6.03726516829594 6.07024331092833 6.1032214535607 6.13619959619308 6.16917773882546 6.20215588145784 6.23513402409021 6.24082456429798 6.23741923703086 6.23401390976375 6.23060858249663 6.22720325522951 6.2237979279624 6.22039260069528 6.23604580693772 6.30887461370888 6.38170342048006 6.45453222725123 6.5273610340224 6.60018984079358 6.67301864756475 6.74584745433592 6.78007796605426 6.80144237942164 6.82280679278901 6.8441712061564 6.86553561952377 6.88690003289115 6.90826444625853 6.92621623145208 6.93393013212415 6.94164403279621 6.94935793346828 6.95707183414034
6.54811211162146 6.41210439999899 6.27609668837655 6.1400889767541 6.10571508804955 6.10521914031769 6.10472319258582 6.10422724485396 6.10373129712209 6.10323534939023 6.10273940165836 6.11027559041975 6.14190818866092 6.17354078690209 6.20517338514326 6.23680598338443 6.2684385816256 6.30007117986677 6.33170377810794 6.33781654834746 6.33542270925309 6.33302887015872 6.33063503106434 6.32824119196997 6.32584735287559 6.32345351378122 6.33957239521871 6.41122943825189 6.48288648128507 6.55454352431824 6.62620056735142 6.6978576103846 6.76951465341777 6.84117169645095 6.87145572106042 6.88794873952864 6.90444175799687 6.92093477646509 6.93742779493331 6.95392081340153 6.97041383186975 6.9845375418663 6.9915533264478 6.9985691110293 7.0055848956108 7.0126006801923
6.65451029141746 6.53405365943909 6.41359702746074 6.29314039548239 6.25845471620557 6.25235935449598 6.24626399278639 6.24016863107679 6.2340732693672 6.2279779076576 6.22188254594801 6.22448070446648 6.25315942366915 6.28183814287183 6.31051686207451 6.33919558127719 6.36787430047987 6.39655301968254 6.42523173888522 6.43230197429655 6.43216938177743 6.4320367892583 6.43190419673918 6.43177160422005 6.43163901170093 6.4315064191818 6.44801561832425 6.51445019245144 6.58088476657865 6.64731934070584 6.71375391483303 6.78018848896024 6.84662306308743 6.91305763721463 6.93936372995375 6.95229366223016 6.96522359450657 6.97815352678298 6.99108345905939 7.00401339133579 7.0169433236122 7.02803873618443 7.0336305896441 7.03922244310378 7.04481429656346 7.05040615002313
6.76090847121346 6.65600291887919 6.55109736654494 6.44619181421069 6.4111943443616 6.39949956867428 6.38780479298696 6.37611001729964 6.36441524161231 6.35272046592499 6.34102569023767 6.33868581851321 6.3644106586774 6.39013549884158 6.41586033900577 6.44158517916995 6.46731001933414 6.49303485949832 6.51875969966251 6.52678740024565 6.52891605430178 6.5310447083579 6.53317336241403 6.53530201647015 6.53743067052628 6.5395593245824 6.55645884142979 6.617670946651 6.67888305187223 6.74009515709345 6.80130726231466 6.86251936753589 6.9237314727571 6.98494357797832 7.00727173884709 7.01663858493168 7.02600543101627 7.03537227710087 7.04473912318547 7.05410596927006 7.06347281535466 7.07153993050257 7.07570785284042 7.07987577517827 7.08404369751612 7.08821161985397
6.86730665100947 6.7779521783193 6.68859770562914 6.59924323293899 6.56393397251763 6.54663978285258 6.52934559318753 6.51205140352248 6.49475721385743 6.47746302419238 6.46016883452732 6.45289093255995 6.47566189368564 6.49843285481133 6.52120381593703 6.54397477706272 6.56674573818841 6.5895166993141 6.61228766043979 6.62127282619475 6.62566272682613 6.6300526274575 6.63444252808887 6.63883242872025 6.64322232935162 6.647612229983 6.66490206453533 6.72089170085056 6.77688133716581 6.83287097348105 6.88886060979629 6.94485024611153 7.00083988242677 7.05682951874201 7.07517974774042 7.0809835076332 7.08678726752598 7.09259102741877 7.09839478731155 7.10419854720433 7.11000230709711 7.1150411248207 7.11778511603673 7.12052910725275 7.12327309846878 7.1260170896848
6.97370483080546 6.89990143775939 6.82609804471333 6.75229465166727 6.71667360067365 6.69377999703087 6.6708863933881 6.64799278974531 6.62509918610253 6.60220558245975 6.57931197881697 6.56709604660668 6.58691312869387 6.60673021078107 6.62654729286827 6.64636437495547 6.66618145704267 6.68599853912987 6.70581562121707 6.71575825214384 6.72240939935047 6.72906054655709 6.73571169376371 6.74236284097034 6.74901398817696 6.75566513538359 6.77334528764086 6.82411245505012 6.87487962245939 6.92564678986865 6.9764139572779 7.02718112468717 7.07794829209643 7.12871545950569 7.14308775663375 7.14532843033471 7.14756910403568 7.14980977773665 7.15205045143762 7.15429112513859 7.15653179883956 7.15854231913884 7.15986237923303 7.16118243932723 7.16250249942143 7.16382255951563
7.08010301060147 7.0218506971995 6.96359838379753 6.90534607039557 6.86941322882969 6.84092021120918 6.81242719358867 6.78393417596816 6.75544115834765 6.72694814072714 6.69845512310663 6.68130116065341 6.69816436370212 6.71502756675083 6.73189076979953 6.74875397284824 6.76561717589695 6.78248037894565 6.79934358199436 6.81024367809294 6.81915607187481 6.82806846565669 6.83698085943856 6.84589325322044 6.85480564700231 6.86371804078418 6.8817885107464 6.92733320924968 6.97287790775297 7.01842260625625 7.06396730475953 7.10951200326282 7.1550567017661 7.20060140026938 7.21099576552708 7.20967335303624 7.20835094054539 7.20702852805455 7.2057061155637 7.20438370307286 7.20306129058201 7.20204351345697 7.20193964242935 7.20183577140172 7.20173190037409 7.20162802934646
7.18513111405902 7.14404567480087 7.10296023554271 7.06187479628456 7.02734247048695 6.99499451584285 6.96264656119876 6.93029860655466 6.89795065191056 6.86560269726646 6.83325474262236 6.8116443077723 6.82224643230436 6.83284855683643 6.84345068136849 6.85405280590056 6.86465493043262 6.87525705496469 6.88585917949675 6.89641844034194 6.9069634132915 6.91750838624105 6.92805335919061 6.93859833214017 6.94914330508973 6.95968827803929 6.97782934904097 7.01875871419905 7.05968807935713 7.10061744451521 7.14154680967329 7.18247617483138 7.22340553998946 7.26433490514753 7.2735074520111 7.27209439277648 7.27068133354186 7.26926827430724 7.26785521507262 7.266442155838 7.26502909660338 7.26393029424878 7.26377426253424 7.26361823081969 7.26346219910515 7.2633061673906
7.28878914117812 7.26648637056349 7.24418359994886 7.22188082933424 7.19046132564542 7.15600291093189 7.12154449621835 7.0870860815048 7.05262766679126 7.01816925207772 6.98371083736418 6.95812548796333 6.95915933450061 6.96019318103788 6.96122702757516 6.96226087411243 6.9632947206497 6.96432856718698 6.96536241372425 6.97428253889082 6.9858314236005 6.99738030831017 7.00892919301985 7.02047807772953 7.0320269624392 7.04357584714888 7.06146780252454 7.0983889698982 7.13531013727186 7.17223130464552 7.20915247201917 7.24607363939284 7.28299480676649 7.31991597414015 7.3306228160858 7.33259154955545 7.3345602830251 7.33652901649474 7.33849774996438 7.34046648343403 7.34243521690367 7.34420266151427 7.34536623954771 7.34652981758116 7.34769339561461 7.34885697364806
