data/working_set_collections/6091692-Cassins_Sparrow-MC/1985/bio17.asc
NCOLS 265 
NROWS 230 
XLLCORNER -115.5625 
YLLCORNER 24.8333333333333 
CELLSIZE 0.0833333333333333 
NODATA_value -9999 
[rows 200 to 219 of 230, columns 184 to 229 of 265]
60.3060359001155 62.9753084712552 65.644581042395 67.8628317515052 69.9307418399382 71.9986519283713 74.0665620168047 76.1344721052378 78.2023821936708 80.2702922821042 82.3913533104786 84.6718671586773 86.9523810068764 89.232894855075 91.5134087032737 93.7939225514727 96.0744363996714 98.3549502478701 98.4167558034264 97.7389919281009 97.0612280527754 96.3834641774498 95.7057003021243 95.0279364267988 94.3501725514732 94.323246807522 96.2488354576955 98.1744241078694 100.100012758043 102.025601408216 103.95119005839 105.876778708564 107.802367358737 111.650086402893 116.138515578375 -9999 -9999 -9999 -9999 -9999 -9999 -9999 -9999 -9999 -9999 -9999
60.3182251930232 62.9552265273194 65.5922278616156 67.7308266957598 69.7032913631859 71.675756030612 73.6482206980385 75.6206853654646 77.5931500328907 79.5656147003172 81.5974625057641 83.8074597252735 86.0174569447833 88.2274541642928 90.4374513838022 92.647448603312 94.8574458228215 97.0674430423309 97.1413511912032 96.503229649862 95.8651081085209 95.2269865671797 94.5888650258386 93.9507434844975 93.3126219431562 93.2662587059867 94.9951703813339 96.7240820566813 98.4529937320285 100.181905407376 101.910817082723 103.63972875807 105.368640433417 -9999 -9999 -9999 -9999 -9999 -9999 -9999 -9999 -9999 -9999 -9999 -9999 -9999
60.330414485931 62.9351445833836 65.5398746808363 67.5988216400144 69.4758408864335 71.3528601328527 73.2298793792722 75.1068986256914 76.9839178721106 78.8609371185301 80.8035717010495 82.9430522918696 85.0825328826902 87.2220134735104 89.3614940643306 91.5009746551512 93.6404552459714 95.7799358367916 95.8659465789798 95.2674673716231 94.6689881642663 94.0705089569095 93.4720297495527 92.873550542196 92.2750713348391 92.2092706044513 93.7415053049721 95.2737400054932 96.8059747060139 98.3382094065347 99.8704441070558 101.402678807577 102.934913508097 -9999 -9999 -9999 -9999 -9999 -9999 -9999 -9999 -9999 -9999 -9999 -9999 -9999
60.3426037788387 62.9150626394478 65.4875215000569 67.4668165842689 69.2483904096812 71.0299642350934 72.811538060506 74.5931118859182 76.3746857113304 78.156259536743 80.0096808963348 82.0786448584658 84.1476088205971 86.2165727827281 88.285536744859 90.3545007069904 92.4234646691213 94.4924286312523 94.5905419667564 94.0317050933841 93.4728682200117 92.9140313466392 92.3551944732669 91.7963575998945 91.237520726522 91.152282502916 92.4878402286104 93.823397954305 95.1589556799994 96.4945134056938 97.8300711313884 99.1656288570828 100.501186582777 104.772449302673 110.022280353969 -9999 -9999 -9999 -9999 -9999 -9999 -9999 -9999 -9999 -9999 -9999
60.405940341949 62.8906343777969 65.3753284136448 67.2806045532224 68.9927413940426 70.7048782348628 72.4170150756834 74.1291519165036 75.8412887573238 77.5534255981443 79.3400625440806 81.3501998053652 83.3603370666502 85.3704743279348 87.3806115892194 89.3907488505044 91.400886111789 93.4110233730736 93.4763740539554 92.8934625413686 92.3105510287818 91.727639516195 91.1447280036083 90.5618164910215 89.9789049784346 89.8558327145047 91.1122781965467 92.368723678589 93.625169160631 94.881614642673 96.1380601247152 97.3945056067573 98.6509510887993 103.010277938842 108.403898578219 -9999 -9999 -9999 -9999 -9999 -9999 -9999 -9999 -9999 -9999 -9999
60.520424175262 62.8618597984309 65.2032954215997 67.0401855468748 68.7088938395179 70.377602132161 72.0463104248045 73.7150187174476 75.3837270100908 77.0524353027342 78.7947166442868 80.7577171325679 82.7207176208494 84.6837181091305 86.6467185974117 88.6097190856931 90.5727195739743 92.5357200622555 92.5234428405765 91.8527397155765 91.1820365905766 90.5113334655765 89.8406303405766 89.1699272155766 88.4992240905765 88.3199212392171 89.6148192087808 90.9097171783448 92.2046151479085 93.4995131174722 94.7944110870361 96.0893090565999 97.3842070261636 101.778480911254 107.205880101521 -9999 -9999 -9999 -9999 -9999 -9999 -9999 -9999 -9999 -9999 -9999
60.634908008575 62.8330852190649 65.0312624295547 66.7997665405271 68.4250462849931 70.0503260294592 71.6756057739256 73.3008855183916 74.9261652628577 76.551445007324 78.2493707444929 80.1652344597706 82.0810981750486 83.9969618903263 85.9128256056039 87.828689320882 89.7445530361596 91.6604167514373 91.5705116271975 90.8120168897844 90.0535221523712 89.295027414958 88.5365326775448 87.7780379401317 87.0195432027184 86.7840097639295 88.1173602210149 89.4507106781006 90.784061135186 92.1174115922714 93.450762049357 94.7841125064425 96.1174629635279 100.546683883666 106.007861624823 -9999 -9999 -9999 -9999 -9999 -9999 -9999 -9999 -9999 -9999 -9999
60.749391841888 62.8043106396988 64.8592294375096 66.5593475341795 68.1411987304684 69.7230499267574 71.3049011230467 72.8867523193357 74.4686035156246 76.0504547119139 77.7040248446991 79.5727517869733 81.4414787292479 83.310205671522 85.1789326137963 87.0476595560708 88.916386498345 90.7851134406192 90.6175804138187 89.7712940639924 88.9250077141661 88.0787213643396 87.2324350145133 86.3861486646869 85.5398623148605 85.248098288642 86.6199012332492 87.9917041778565 89.3635071224636 90.7353100670707 92.1071130116781 93.4789159562852 94.8507189008923 -9999 -9999 -9999 -9999 -9999 -9999 -9999 -9999 -9999 -9999 -9999 -9999 -9999
60.8638756752011 62.7755360603328 64.6871964454646 66.3189285278318 67.8573511759437 69.3957738240556 70.9341964721678 72.4726191202797 74.0110417683916 75.5494644165037 77.1586789449053 78.980269114176 80.8018592834471 82.6234494527178 84.4450396219885 86.2666297912596 88.0882199605303 89.9098101298011 89.6646492004398 88.7305712382003 87.7964932759607 86.8624153137211 85.9283373514816 84.994259389242 84.0601814270024 83.7121868133544 85.1224422454833 86.5326976776123 87.9429531097411 89.35320854187 90.763463973999 92.1737194061278 93.5839748382567 98.0830898284905 103.611824671426 -9999 -9999 -9999 -9999 -9999 -9999 -9999 -9999 -9999 -9999 -9999
60.9783595085141 62.7467614809668 64.5151634534195 66.0785095214842 67.573503621419 69.0684977213538 70.5634918212889 72.0584859212237 73.5534800211585 75.0484741210936 76.6133330451114 78.3877864413787 80.1622398376463 81.9366932339135 83.7111466301808 85.4856000264484 87.2600534227156 89.0345068189829 88.7117179870609 87.6898484124081 86.6679788377554 85.6461092631026 84.6242396884498 83.6023701137971 82.5805005391443 82.1762753380668 83.6249832577173 85.0736911773681 86.5223990970186 87.9711070166692 89.4198149363199 90.8685228559704 92.317230775621 96.8512928009025 102.413806194728 107.976319588554 -9999 -9999 -9999 -9999 -9999 -9999 -9999 -9999 -9999 -9999
60.7263304392495 62.4123079511852 64.0982854631208 65.6103262583414 67.0643881479897 68.5184500376381 69.9725119272867 71.4265738169351 72.8806357065834 74.334697596232 75.861251428392 77.605281088087 79.3493107477823 81.0933404074773 82.8373700671723 84.5813997268676 86.3254293865626 88.0694590462576 87.6993455886845 86.6245177586878 85.5496899286911 84.4748620986943 83.4000342686976 82.3252064387009 81.250378608704 80.8201416651407 82.3236773808795 83.8272130966186 85.3307488123574 86.8342845280963 88.3378202438354 89.8413559595742 91.344891675313 95.8907057444247 101.450612597994 107.010519451564 -9999 -9999 -9999 -9999 -9999 -9999 -9999 -9999 -9999 -9999
60.107788467407 61.7721754709877 63.4365624745683 64.9143787384032 66.3300047556557 67.7456307729083 69.161256790161 70.5768828074136 71.9925088246661 73.4081348419189 74.9024340947467 76.6327530543006 78.3630720138549 80.0933909734088 81.8237099329627 83.554028892517 85.2843478520709 87.0146668116248 86.6275320053104 85.534579277039 84.4416265487676 83.348673820496 82.2557210922246 81.1627683639531 80.0698156356815 79.6437857945758 81.2185246149696 82.7932634353637 84.3680022557575 85.9427410761512 87.5174798965453 89.0922187169391 90.6669575373328 95.2013286590568 100.722243881224 -9999 -9999 -9999 -9999 -9999 -9999 -9999 -9999 -9999 -9999 -9999
59.4892464955646 61.1320429907902 62.7748394860158 64.218431218465 65.5956213633217 66.9728115081784 68.3500016530353 69.7271917978921 71.1043819427488 72.4815720876057 73.9436167611014 75.6602250205142 77.3768332799274 79.0934415393403 80.8100497987532 82.5266580581664 84.2432663175792 85.9598745769921 85.5557184219364 84.4446407953902 83.333563168844 82.2224855422977 81.1114079157516 80.0003302892054 78.889252662659 78.467429924011 80.1133718490597 81.7593137741087 83.4052556991575 85.0511976242062 86.6971395492552 88.3430814743039 89.9890233993526 94.511951573689 99.9938751644547 105.47579875522 110.957722345987 116.439645936753 -9999 -9999 -9999 -9999 -9999 -9999 -9999 -9999
58.8707045237221 60.4919105105927 62.1131164974633 63.5224836985269 64.8612379709877 66.1999922434486 67.5387465159097 68.8775007883706 70.2162550608314 71.5550093332925 72.984799427456 74.6876969867279 76.390594546 78.0934921052718 79.7963896645436 81.4992872238157 83.2021847830876 84.9050823423594 84.4839048385623 83.3547023137414 82.2254997889205 81.0962972640994 79.9670947392785 78.8378922144576 77.7086896896366 77.2910740534462 79.0082190831499 80.7253641128538 82.4425091425575 84.1596541722612 85.8767992019651 87.5939442316688 89.3110892613725 93.8225744883211 99.2655064476849 104.708438407049 110.151370366414 -9999 -9999 -9999 -9999 -9999 -9999 -9999 -9999 -9999
58.2521625518797 59.8517780303953 61.4513935089108 62.8265361785888 64.1268545786538 65.4271729787188 66.7274913787841 68.0278097788491 69.3281281789142 70.6284465789794 72.0259820938108 73.7151689529416 75.4043558120726 77.0935426712034 78.7827295303342 80.4719163894652 82.161103248596 83.8502901077267 83.4120912551884 82.2647638320927 81.1174364089971 79.9701089859013 78.8227815628056 77.67545413971 76.5281267166142 76.1147181828815 77.9030663172401 79.691414451599 81.4797625859576 83.2681107203162 85.0564588546751 86.8448069890337 88.6331551233924 93.1331974029533 98.5371377309152 103.941078058877 -9999 -9999 -9999 -9999 -9999 -9999 -9999 -9999 -9999 -9999
57.6336205800373 59.2116455501978 60.7896705203583 62.1305886586507 63.3924711863199 64.6543537139891 65.9162362416585 67.1781187693277 68.4400012969969 69.7018838246663 71.0671647601656 72.7426409191553 74.4181170781453 76.093593237135 77.7690693961247 79.4445455551147 81.1200217141044 82.7954978730941 82.3402776718144 81.174825350444 80.0093730290736 78.8439207077031 77.6784683863327 76.5130160649623 75.3475637435918 74.9383623123167 76.7979135513303 78.6574647903442 80.5170160293577 82.3765672683713 84.2361185073851 86.0956697463987 87.9552209854122 92.4438203175855 97.8087690141455 103.173717710706 108.538666407267 113.903615103827 -9999 -9999 -9999 -9999 -9999 -9999 -9999 -9999
56.6574546178181 58.2794889873926 59.9015233569672 61.2345912615457 62.4713370111252 63.7080827607047 64.9448285102843 66.1815742598638 67.4183200094433 68.655065759023 69.9986454857718 71.6627271440291 73.3268088022866 74.9908904605439 76.6549721188012 78.3190537770588 79.9831354353161 81.6472170935733 81.195337168376 80.0381367153596 78.8809362623431 77.7237358093265 76.56653535631 75.4093349032936 74.252134450277 73.8738975101044 75.8325511084658 77.7912047068275 79.749858305189 81.7085119035504 83.6671655019121 85.6258191002736 87.584472698635 92.0519842783601 97.3557818518733 102.659579425386 107.963376998901 113.267174572414 -9999 -9999 -9999 -9999 -9999 -9999 -9999 -9999
55.3236646652221 57.0553083419798 58.7869520187375 60.1385439872741 61.36345205307 62.5883601188658 63.8132681846619 65.0381762504577 66.2630843162535 67.4879923820496 68.8204242706297 70.4754276275632 72.130430984497 73.7854343414305 75.440437698364 77.0954410552978 78.7504444122313 80.4054477691648 79.9772697448735 78.8546979268396 77.7321261088059 76.6095542907719 75.4869824727381 74.3644106547043 73.2418388366703 72.9213237762448 75.006978988647 77.0926342010496 79.1782894134518 81.263944625854 83.3495998382565 85.4352550506588 87.5209102630609 91.9576892852775 97.1781762440988 102.39866320292 107.619150161742 112.839637120564 -9999 -9999 -9999 -9999 -9999 -9999 -9999 -9999
53.9898747126261 55.831127696567 57.6723806805078 59.0424967130026 60.2555670950148 61.468637477027 62.6817078590393 63.8947782410516 65.1078486230637 66.3209190050761 67.6422030554876 69.2881281110973 70.9340531667073 72.5799782223171 74.2259032779268 75.8718283335368 77.5177533891465 79.1636784447562 78.7592023213709 77.6712591383198 76.5833159552686 75.4953727722172 74.4074295891661 73.3194864061149 72.2315432230636 71.9687500423852 74.1814068688282 76.3940636952716 78.6067205217146 80.8193773481576 83.0320341746009 85.2446910010439 87.4573478274869 91.8633942921948 97.0005706363243 102.137746980454 107.274923324584 112.412099668714 -9999 -9999 -9999 -9999 -9999 -9999 -9999 -9999
52.6560847600299 54.6069470511539 56.557809342278 57.9464494387308 59.1476821369593 60.3489148351879 61.5501475334167 62.7513802316452 63.9526129298738 65.1538456281025 66.4639818403454 68.1008285946313 69.7376753489175 71.3745221032034 73.0113688574894 74.6482156117756 76.2850623660615 77.9219091203474 77.5411348978682 76.4878203497996 75.4345058017311 74.3811912536624 73.3278767055939 72.2745621575254 71.2212476094567 71.0161763085255 73.3558347490093 75.6954931894935 78.0351516299773 80.3748100704611 82.7144685109453 85.0541269514291 87.3937853919129 91.7690992991121 96.8229650285498 101.876830757987 106.930696487426 -9999 -9999 -9999 -9999 -9999 -9999 -9999 -9999 -9999
