data/working_set_collections/6091692-Cassins_Sparrow-MC/1985/bio16.asc
NCOLS 265 
NROWS 230 
XLLCORNER -115.5625 
YLLCORNER 24.8333333333333 
CELLSIZE 0.0833333333333333 
NODATA_value -9999 
[rows 200 to 219 of 230, columns 184 to 229 of 265]
190.779574203491 188.485188590156 186.19080297682 187.470792261759 189.942239846123 192.413687430487 194.885135014851 197.356582599215 199.828030183579 202.299477767944 204.506292724609 205.919209798177 207.332126871745 208.745043945312 210.15796101888 211.570878092448 212.983795166016 214.396712239583 214.745130538941 214.738715913561 214.732301288181 214.725886662801 214.719472037422 214.713057412042 214.706642786662 214.935878329807 215.872064378527 216.808250427246 217.744436475966 218.680622524685 219.616808573405 220.552994622124 221.489180670844 227.256652704873 234.634553400674 -9999 -9999 -9999 -9999 -9999 -9999 -9999 -9999 -9999 -9999 -9999
195.242766189575 192.172900093926 189.103033998278 189.890332921345 191.96335351732 194.036374113294 196.109394709269 198.182415305243 200.255435901217 202.328456497192 204.173198445638 205.333104451497 206.493010457357 207.652916463216 208.812822469075 209.972728474935 211.132634480794 212.292540486654 212.539499282837 212.482142342462 212.424785402087 212.367428461711 212.310071521336 212.25271458096 212.195357640585 212.472178310818 213.75153181288 215.030885314942 216.310238817003 217.589592319065 218.868945821126 220.148299323188 221.427652825249 -9999 -9999 -9999 -9999 -9999 -9999 -9999 -9999 -9999 -9999 -9999 -9999 -9999
199.705958175659 195.860611597697 192.015265019735 192.309873580932 193.984467188517 195.659060796101 197.333654403686 199.008248011271 200.682841618855 202.35743522644 203.840104166667 204.746999104818 205.653894042969 206.56078898112 207.467683919271 208.374578857422 209.281473795573 210.188368733724 210.333868026734 210.225568771363 210.117269515992 210.00897026062 209.900671005249 209.792371749878 209.684072494507 210.008478291829 211.630999247233 213.253520202637 214.87604115804 216.498562113444 218.121083068847 219.743604024251 221.366124979655 -9999 -9999 -9999 -9999 -9999 -9999 -9999 -9999 -9999 -9999 -9999 -9999 -9999
204.169150161743 199.548323101468 194.927496041193 194.729414240519 196.005580859714 197.281747478908 198.557914098103 199.834080717298 201.110247336493 202.386413955688 203.507009887695 204.160893758138 204.814777628581 205.468661499023 206.122545369466 206.776429239909 207.430313110352 208.084196980794 208.12823677063 207.968995200263 207.809753629897 207.65051205953 207.491270489163 207.332028918797 207.17278734843 207.544778272841 209.510466681586 211.476155090332 213.441843499077 215.407531907823 217.373220316569 219.338908725314 221.30459713406 227.461745325723 235.016046778359 -9999 -9999 -9999 -9999 -9999 -9999 -9999 -9999 -9999 -9999 -9999
211.130198160806 206.221549140082 201.312900119357 200.624244181313 201.342252604165 202.060261027016 202.778269449868 203.49627787272 204.214286295572 204.932294718423 205.514812554253 205.690858629014 205.866904703775 206.042950778537 206.218996853298 206.39504292806 206.571089002821 206.747135077583 206.695866775513 206.568827014499 206.441787253486 206.314747492472 206.187707731459 206.060667970445 205.933628209432 206.323813883463 208.26567586263 210.207537841797 212.149399820963 214.09126180013 216.033123779297 217.974985758464 219.91684773763 226.197721608479 233.924932776556 -9999 -9999 -9999 -9999 -9999 -9999 -9999 -9999 -9999 -9999 -9999
220.589102172851 215.880289713541 211.171477254231 209.994363403319 209.994482421874 209.994601440428 209.994720458983 209.994839477538 209.994958496093 209.995077514648 209.863512166341 209.336893717447 208.810275268554 208.283656819661 207.757038370768 207.230419921875 206.703801472982 206.177183024089 206.036758041382 206.025064214071 206.01337038676 206.001676559448 205.989982732137 205.978288904826 205.966595077515 206.345585123698 207.896626790364 209.447668457031 210.998710123698 212.549751790364 214.100793457031 215.651835123698 217.202876790365 223.60130996704 231.615540313719 -9999 -9999 -9999 -9999 -9999 -9999 -9999 -9999 -9999 -9999 -9999
230.048006184895 225.539030287 221.030054389106 219.364482625324 218.646712239582 217.92894185384 217.211171468098 216.493401082356 215.775630696614 215.057860310872 214.212211778428 212.982928805881 211.753645833333 210.524362860786 209.295079888238 208.06579691569 206.836513943143 205.607230970595 205.377649307251 205.481301413642 205.584953520033 205.688605626424 205.792257732815 205.895909839206 205.999561945597 206.367356363932 207.527577718099 208.687799072266 209.848020426432 211.008241780599 212.168463134766 213.328684488932 214.488905843099 221.004898325601 229.306147850883 -9999 -9999 -9999 -9999 -9999 -9999 -9999 -9999 -9999 -9999 -9999
239.506910196939 235.197770860459 230.888631523979 228.734601847329 227.29894205729 225.863282267251 224.427622477212 222.991962687174 221.556302897135 220.120643107096 218.560911390516 216.628963894314 214.697016398112 212.76506890191 210.833121405708 208.901173909505 206.969226413303 205.037278917101 204.71854057312 204.937538613214 205.156536653307 205.3755346934 205.594532733493 205.813530773587 206.03252881368 206.389127604167 207.158528645833 207.9279296875 208.697330729167 209.466731770833 210.2361328125 211.005533854167 211.774934895834 -9999 -9999 -9999 -9999 -9999 -9999 -9999 -9999 -9999 -9999 -9999 -9999 -9999
248.965814208983 244.856511433919 240.747208658854 238.104721069335 235.951171874999 233.797622680663 231.644073486327 229.490524291992 227.336975097656 225.18342590332 222.909611002604 220.274998982748 217.640386962891 215.005774943034 212.371162923178 209.736550903321 207.101938883464 204.467326863608 204.059431838989 204.393775812785 204.72811978658 205.062463760376 205.396807734171 205.731151707967 206.065495681763 206.410898844401 206.789479573568 207.168060302734 207.546641031901 207.925221761068 208.303802490235 208.682383219401 209.060963948568 215.812075042724 224.68736292521 -9999 -9999 -9999 -9999 -9999 -9999 -9999 -9999 -9999 -9999 -9999
258.424718221028 254.515252007378 250.605785793728 247.47484029134 244.603401692708 241.731963094075 238.860524495442 235.98908589681 233.117647298177 230.246208699544 227.258310614692 223.921034071181 220.583757527669 217.246480984158 213.909204440647 210.571927897136 207.234651353625 203.897374810114 203.400323104858 203.850013012356 204.299702919854 204.749392827352 205.19908273485 205.648772642347 206.098462549845 206.432670084635 206.420430501302 206.408190917969 206.395951334636 206.383711751302 206.371472167969 206.359232584636 206.346993001303 213.215663401285 222.377970462373 231.540277523462 -9999 -9999 -9999 -9999 -9999 -9999 -9999 -9999 -9999 -9999
265.208436203003 261.934365802341 258.660295401679 255.496337127685 252.369082895914 249.241828664143 246.114574432372 242.987320200601 239.860065968831 236.73281173706 233.365226406521 229.276647779676 225.188069152832 221.099490525987 217.010911899143 212.922333272298 208.833754645454 204.74517601861 204.163252894083 204.750214936998 205.337176979912 205.924139022827 206.511101065741 207.098063108655 207.68502515157 208.011961237589 207.558819452921 207.105677668253 206.652535883585 206.199394098918 205.74625231425 205.293110529582 204.839968744914 211.772770818073 221.167554177176 230.562337536279 -9999 -9999 -9999 -9999 -9999 -9999 -9999 -9999 -9999 -9999
269.316968154907 267.113852818807 264.910737482706 262.169211578369 259.248215484619 256.327219390869 253.406223297118 250.485227203369 247.564231109619 244.643235015868 241.230358378092 236.341840108236 231.453321838379 226.564803568522 221.676285298666 216.787767028809 211.899248758952 207.010730489096 206.348221206665 207.09438158671 207.840541966756 208.586702346801 209.332862726847 210.079023106892 210.825183486938 211.148772303263 210.204646428426 209.260520553589 208.316394678752 207.372268803914 206.428142929077 205.48401705424 204.539891179403 211.483397293089 221.056114069619 -9999 -9999 -9999 -9999 -9999 -9999 -9999 -9999 -9999 -9999 -9999
273.425500106811 272.293339835272 271.161179563734 268.842086029052 266.127348073323 263.412610117594 260.697872161865 257.983134206136 255.268396250407 252.553658294677 249.095490349664 243.407032436795 237.718574523926 232.030116611057 226.341658698189 220.653200785319 214.964742872451 209.276284959582 208.533189519246 209.438548236423 210.343906953599 211.249265670776 212.154624387952 213.059983105129 213.965341822306 214.285583368937 212.850473403931 211.415363438924 209.980253473918 208.545143508911 207.110033543905 205.674923578898 204.239813613892 211.194023768105 220.944673962061 230.695324156017 240.445974349974 250.19662454393 -9999 -9999 -9999 -9999 -9999 -9999 -9999 -9999
277.534032058715 277.472826851738 277.411621644761 275.514960479736 273.006480662028 270.49800084432 267.989521026611 265.481041208903 262.972561391195 260.464081573486 256.960622321235 250.472224765355 243.983827209473 237.495429653592 231.007032097712 224.51863454183 218.030236985949 211.541839430069 210.718157831827 211.782714886135 212.847271940443 213.91182899475 214.976386049058 216.040943103366 217.105500157674 217.422394434611 215.496300379435 213.57020632426 211.644112269084 209.718018213908 207.791924158732 205.865830103557 203.939736048381 210.904650243122 220.833233854504 230.761817465885 240.690401077269 -9999 -9999 -9999 -9999 -9999 -9999 -9999 -9999 -9999
281.642564010619 282.652313868204 283.662063725788 282.187834930419 279.885613250732 277.583391571044 275.281169891357 272.978948211669 270.676726531982 268.374504852294 264.825754292806 257.537417093914 250.24907989502 242.960742696127 235.672405497234 228.38406829834 221.095731099448 213.807393900555 212.903126144409 214.126881535847 215.350636927286 216.574392318725 217.798147710164 219.021903101602 220.245658493041 220.559205500285 218.14212735494 215.725049209595 213.30797106425 210.890892918905 208.47381477356 206.056736628215 203.63965848287 210.615276718138 220.721793746946 230.828310775754 -9999 -9999 -9999 -9999 -9999 -9999 -9999 -9999 -9999 -9999
285.751095962523 287.831800884669 289.912505806815 288.860709381102 286.764745839436 284.668782297769 282.572818756102 280.476855214436 278.380891672769 276.284928131102 272.690886264377 264.602609422472 256.514332580566 248.426055738662 240.337778896757 232.249502054851 224.161225212946 216.072948371041 215.08809445699 216.47104818556 217.854001914129 219.236955642699 220.619909371269 222.002863099839 223.385816828409 223.696016565959 220.787954330445 217.87989209493 214.971829859416 212.063767623902 209.155705388387 206.247643152873 203.339580917359 210.325903193154 220.610353639388 230.894804085623 241.179254531859 251.463704978093 -9999 -9999 -9999 -9999 -9999 -9999 -9999 -9999
286.969992446899 290.118905173407 293.267817899915 292.970524342855 291.524495357937 290.07846637302 288.632437388102 287.186408403184 285.740379418267 284.294350433349 281.035823440553 272.339802424114 263.643781407675 254.947760391236 246.251739374798 237.555718358358 228.85969734192 220.163676325482 219.221288808186 220.863445790608 222.505602773029 224.147759755451 225.789916737873 227.432073720295 229.074230702717 229.450576527913 226.029488881429 222.608401234944 219.18731358846 215.766225941976 212.345138295491 208.924050649007 205.502963002523 212.256899388629 222.402510452268 232.548121515907 242.693732579547 252.839343643186 -9999 -9999 -9999 -9999 -9999 -9999 -9999 -9999
285.299253463745 289.513626734415 293.728000005085 294.517279815674 294.164861806233 293.812443796793 293.460025787353 293.107607777912 292.755189768472 292.402771759032 289.86056582133 280.748996098837 271.637426376343 262.52585665385 253.414286931357 244.302717208863 235.19114748637 226.079577763877 225.302709197997 227.304074350991 229.305439503986 231.306804656981 233.308169809975 235.30953496297 237.310900115965 237.822885386149 233.866731007894 229.910576629638 225.954422251383 221.998267873128 218.042113494873 214.085959116618 210.129804738363 216.408265304563 226.098264185585 235.788263066606 245.47826194763 255.168260828651 -9999 -9999 -9999 -9999 -9999 -9999 -9999 -9999
283.62851448059 288.908348295423 294.188182110255 296.064035288492 296.805228254529 297.546421220566 298.287614186604 299.028807152641 299.770000118678 300.511193084715 298.685308202108 289.15818977356 279.631071345011 270.103952916464 260.576834487916 251.049716059367 241.522597630819 231.995479202272 231.384129587807 233.744702911375 236.105276234942 238.46584955851 240.826422882078 243.186996205645 245.547569529213 246.195194244384 241.703973134358 237.212752024332 232.721530914306 228.23030980428 223.739088694254 219.247867584228 214.756646474203 220.559631220497 229.794017918902 239.028404617306 248.262791315712 257.497178014117 -9999 -9999 -9999 -9999 -9999 -9999 -9999 -9999
281.957775497436 288.30306985643 294.648364215425 297.610790761311 299.445594702826 301.28039864434 303.115202585855 304.95000652737 306.784810468884 308.619614410399 307.510050582887 297.567383448285 287.624716313681 277.682049179079 267.739382044476 257.796714909872 247.85404777527 237.911380640668 237.465549977619 240.18533147176 242.9051129659 245.624894460041 248.344675954181 251.064457448322 253.784238942463 254.567503102621 249.541215260824 244.514927419027 239.48863957723 234.462351735434 229.436063893636 224.40977605184 219.383488210043 224.710997136432 233.489771652219 242.268546168007 251.047320683795 -9999 -9999 -9999 -9999 -9999 -9999 -9999 -9999 -9999
