data/working_set_collections/6091692-Cassins_Sparrow-MC/1985/bio13.asc
NCOLS 265 
NROWS 230 
XLLCORNER -115.5625 
YLLCORNER 24.8333333333333 
CELLSIZE 0.0833333333333333 
NODATA_value -9999 
[rows 80 to 99 of 230, columns 46 to 91 of 265]
31.1157819430035 29.9979461563961 28.8801103697884 27.7622745831809 26.6444387965734 25.5266030099658 25.3960856278737 25.5946743806202 25.7932631333669 25.9918518861134 26.19044063886 26.3890293916066 26.5876181443532 26.84367041058 27.2721132172478 27.7005560239155 28.1289988305832 28.557441637251 28.9858844439187 29.4143272505865 29.8427700572542 30.8206296443937 31.9816281583571 33.1426266723208 34.3036251862842 35.4646237002477 36.6256222142113 37.7866207281748 39.0767927063834 40.7544850773282 42.4321774482726 44.1098698192171 45.7875621901619 47.4652545611064 49.1429469320509 50.8206393029956 52.1212763150535 53.2962282074823 54.4711800999114 55.6461319923403 56.8210838847692 57.9960357771982 59.1709876696271 60.116702069177 60.374703990089 60.6327059110009
30.9728544553123 29.9516597853769 28.9304651154413 27.9092704455059 26.8880757755705 25.866881105635 25.7056582609812 25.8310926914215 25.9565271218617 26.081961552302 26.2073959827423 26.3328304131826 26.4582648436228 26.6821839544507 27.2015571064419 27.7209302584329 28.240303410424 28.7596765624151 29.2790497144062 29.7984228663973 30.3177960183884 31.1478744983671 32.0815214210084 33.0151683436499 33.9488152662912 34.8824621889325 35.816109111574 36.7497560342153 37.8266848988001 39.3334595892164 40.8402342796325 42.3470089700485 43.8537836604649 45.3605583508809 46.867333041297 48.3741077317133 49.5614556948345 50.6423280821907 51.723200469547 52.8040728569032 53.8849452442594 54.9658176316158 56.0466900189719 56.9633787261118 57.3875163926022 57.8116540590924
30.829926967621 29.9053734143577 28.9808198610943 28.0562663078309 27.1317127545676 26.2071592013042 26.0152308940887 26.0675110022226 26.1197911103566 26.1720712184906 26.2243513266245 26.2766314347585 26.3289115428925 26.5206974983214 27.1310009956359 27.7413044929503 28.3516079902647 28.9619114875792 29.5722149848936 30.182518482208 30.7928219795226 31.4751193523405 32.1814146836597 32.887710014979 33.5940053462982 34.3003006776173 35.0065960089366 35.7128913402558 36.576577091217 37.9124341011048 39.2482911109925 40.5841481208801 41.920005130768 43.2558621406557 44.5917191505433 45.9275761604312 47.0016350746157 47.9884279568992 48.9752208391829 49.9620137214664 50.9488066037499 51.9355994860335 52.922392368317 53.8100553830469 54.4003287951156 54.9906022071842
30.6869994799298 29.8590870433385 29.0311746067472 28.203262170156 27.3753497335647 26.5474372969734 26.3248035271962 26.3039293130239 26.2830550988515 26.2621808846792 26.2413066705068 26.2204324563344 26.1995582421621 26.3592110421921 27.06044488483 27.7616787274677 28.4629125701055 29.1641464127433 29.8653802553811 30.5666140980189 31.2678479406567 31.802364206314 32.281307946311 32.7602516863081 33.2391954263051 33.7181391663021 34.1970829062992 34.6760266462963 35.3264692836337 36.4914086129931 37.6563479423523 38.8212872717115 39.986226601071 41.1511659304302 42.3161052597894 43.4810445891488 44.4418144543968 45.3345278316076 46.2272412088185 47.1199545860293 48.0126679632401 48.905381340451 49.7980947176618 50.6567320399817 51.4131411976288 52.1695503552757
30.9407802263896 30.1925552897984 29.4443303532071 28.6961054166158 27.9478804800246 27.1996555434333 26.9465476036071 26.8584786627027 26.7704097217983 26.6823407808939 26.5942718399895 26.5062028990851 26.4181339581807 26.54863292906 27.334835635291 28.121038341522 28.907241047753 29.693443753984 30.479646460215 31.265849166446 32.0520518726771 32.5122864087421 32.8638648880851 33.2154433674281 33.5670218467711 33.918600326114 34.2701788054571 34.6217572848 35.142856152852 36.1725161870319 37.2021762212115 38.2318362553911 39.261496289571 40.2911563237506 41.3208163579302 42.3504763921101 43.1795187632242 43.941688579983 44.703858396742 45.4660282135009 46.2281980302598 46.9903678470188 47.7525376637777 48.5290256076388 49.3484679328071 50.1679102579753
31.5912692070007 30.9057781537374 30.220287100474 29.5347960472107 28.8493049939473 28.1638139406839 27.8804631233214 27.7311590512592 27.5818549791971 27.4325509071349 27.2832468350727 27.1339427630106 26.9846386909484 27.0889631589251 27.9541732470192 28.8193833351133 29.6845934232073 30.5498035113014 31.4150135993954 32.2802236874895 33.1454337755836 33.604885959625 33.9290855089821 34.2532850583392 34.5774846076963 34.9016841570534 35.2258837064105 35.5500832557676 36.0257376988725 36.9557568232216 37.8857759475705 38.8157950719195 39.7458141962685 40.6758333206175 41.6058524449664 42.5358715693155 43.2147480010985 43.8099102020263 44.4050724029541 45.0002346038818 45.5953968048095 46.1905590057374 46.7857212066651 47.4269360860189 48.2063090006511 48.9856819152833
32.2417581876119 31.6190010176765 30.996243847741 30.3734866778056 29.7507295078702 29.1279723379346 28.8143786430358 28.6038394398159 28.3933002365959 28.182761033376 27.9722218301561 27.7616826269361 27.5511434237162 27.6292933887903 28.5735108587475 29.5177283287046 30.4619457986617 31.4061632686189 32.350380738576 33.294598208533 34.2388156784903 34.697485510508 34.9943061298792 35.2911267492504 35.5879473686216 35.8847679879928 36.1815886073641 36.4784092267353 36.9086192448931 37.7389974594114 38.5693756739296 39.3997538884478 40.2301321029661 41.0605103174843 41.8908885320025 42.7212667465209 43.2499772389729 43.6781318240695 44.1062864091661 44.5344409942627 44.9625955793593 45.3907501644559 45.8189047495525 46.3248465643989 47.0641500684951 47.8034535725912
32.8922471682231 32.3322238816156 31.772200595008 31.2121773084005 30.652154021793 30.0921307351854 29.7482941627502 29.4765198283725 29.2047454939948 28.9329711596171 28.6611968252394 28.3894224908616 28.117648156484 28.1696236186554 29.1928484704758 30.2160733222959 31.239298174116 32.2625230259363 33.2857478777565 34.3089727295766 35.3321975813969 35.790085061391 36.0595267507763 36.3289684401617 36.598410129547 36.8678518189323 37.1372935083176 37.4067351977029 37.7915007909136 38.5222380956012 39.2529754002887 39.9837127049762 40.7144500096638 41.4451873143512 42.1759246190387 42.9066619237263 43.2852064768473 43.5463534461127 43.8075004153781 44.0686473846436 44.329794353909 44.5909413231744 44.8520882924398 45.2227570427788 45.921991136339 46.6212252298991
33.5427361488342 33.0454467455546 32.5481573422749 32.0508679389953 31.5535785357157 31.056289132436 30.6822096824645 30.349200216929 30.0161907513935 29.6831812858581 29.3501718203226 29.0171623547871 28.6841528892517 28.7099538485206 29.812186082204 30.9144183158871 32.0166505495703 33.1188827832537 34.2211150169369 35.3233472506201 36.4255794843035 36.882684612274 37.1247473716734 37.3668101310728 37.6088728904722 37.8509356498716 38.092998409271 38.3350611686705 38.6743823369341 39.305478731791 39.9365751266477 40.5676715215045 41.1987679163613 41.8298643112181 42.4609607060748 43.0920571009317 43.3204357147217 43.4145750681559 43.5087144215902 43.6028537750245 43.6969931284587 43.791132481893 43.8852718353273 44.1206675211589 44.7798322041831 45.4389968872071
34.1932251294454 33.7586696094937 33.3241140895419 32.8895585695902 32.4550030496385 32.0204475296867 31.6161252021789 31.2218806054857 30.8276360087924 30.4333914120992 30.0391468154059 29.6449022187127 29.2506576220194 29.2502840783858 30.4315236939322 31.6127633094785 32.7940029250247 33.9752425405712 35.1564821561174 36.3377217716637 37.5189613872101 37.975284163157 38.1899679925705 38.404651821984 38.6193356513975 38.834019480811 39.0487033102246 39.2633871396381 39.5572638829547 40.0887193679808 40.6201748530068 41.1516303380328 41.683085823059 42.214541308085 42.745996793111 43.2774522781371 43.355664952596 43.2827966901991 43.2099284278022 43.1370601654054 43.0641919030085 42.9913236406116 42.9184553782147 43.0185779995389 43.637673272027 44.256768544515
35.1346335728963 34.7019630644056 34.2692925559149 33.8366220474243 33.4039515389336 32.9712810304429 32.5710230191548 32.1815691736009 31.7921153280469 31.402661482493 31.0132076369391 30.6237537913851 30.2342999458312 30.2333516438798 31.3979199727374 32.5624883015947 33.7270566304521 34.8916249593097 36.056193288167 37.2207616170244 38.385329945882 38.8416766802469 39.0619495497808 39.2822224193148 39.5024952888488 39.7227681583827 39.9430410279167 40.1633138974506 40.4474373605514 40.923112604353 41.3987878481545 41.874463091956 42.3501383357576 42.8258135795591 43.3014888233607 43.7771640671623 43.7942981402079 43.6585851563347 43.5228721724615 43.3871591885884 43.2514462047152 43.115733220842 42.9800202369689 43.0084878815543 43.5294974115158 44.0505069414773
36.3669614791869 35.8753271102904 35.3836927413939 34.8920583724975 34.400424003601 33.9087896347045 33.5469031333922 33.2282659212747 32.9096287091572 32.5909914970396 32.2723542849221 31.9537170728046 31.6350798606871 31.6591565450028 32.7113749186194 33.7635932922359 34.8158116658524 35.8680300394691 36.9202484130856 37.9724667867021 39.0246851603188 39.4818621635436 39.7406920433043 39.999521923065 40.2583518028258 40.5171816825865 40.7760115623472 41.034841442108 41.3449027697243 41.8086584409076 42.2724141120908 42.7361697832741 43.1999254544574 43.6636811256407 44.1274367968239 44.5911924680072 44.6363352775572 44.5419404665628 44.4475456555683 44.3531508445738 44.2587560335794 44.1643612225849 44.0699664115904 44.0903971672055 44.45530462265 44.8202120780943
37.5992893854776 37.0486911561754 36.498092926873 35.9474946975707 35.3968964682685 34.8462982389661 34.5227832476297 34.2749626689486 34.0271420902675 33.7793215115864 33.5315009329053 33.2836803542242 33.035859775543 33.0849614461259 34.0248298645017 34.9646982828773 35.9045667012529 36.8444351196287 37.7843035380043 38.7241719563799 39.6640403747557 40.1220476468403 40.4194345368278 40.7168214268153 41.0142083168028 41.3115952067903 41.6089820967779 41.9063689867654 42.2423681788972 42.6942042774622 43.1460403760272 43.5978764745922 44.0497125731572 44.5015486717222 44.9533847702872 45.4052208688522 45.4783724149067 45.4252957767909 45.3722191386751 45.3191425005594 45.2660658624436 45.2129892243278 45.159912586212 45.1723064528569 45.3811118337842 45.5899172147114
38.8316172917684 38.2220552020603 37.6124931123521 37.002931022644 36.393368932936 35.7838068432278 35.4986633618672 35.3216594166225 35.1446554713778 34.9676515261331 34.7906475808884 34.6136436356437 34.436639690399 34.510766347249 35.3382848103839 36.1658032735186 36.9933217366533 37.8208401997882 38.6483586629229 39.4758771260577 40.3033955891925 40.762233130137 41.0981770303513 41.4341209305656 41.7700648307799 42.1060087309942 42.4419526312085 42.7778965314228 43.1398335880701 43.5797501140169 44.0196666399636 44.4595831659103 44.8994996918571 45.3394162178038 45.7793327437505 46.2192492696973 46.3204095522562 46.3086510870191 46.296892621782 46.2851341565449 46.2733756913078 46.2616172260707 46.2498587608336 46.2542157385083 46.3069190449184 46.3596223513284
40.063945198059 39.3954192479451 38.7268932978311 38.0583673477172 37.3898413976033 36.7213154474893 36.4745434761046 36.3683561642963 36.262168852488 36.1559815406797 36.0497942288715 35.9436069170632 35.8374196052549 35.936571248372 36.651739756266 37.3669082641598 38.0820767720537 38.7972452799477 39.5124137878415 40.2275822957354 40.9427508036294 41.4024186134337 41.7769195238747 42.1514204343158 42.5259213447569 42.9004222551979 43.274923165639 43.6494240760801 44.037298997243 44.4652959505715 44.8932929038999 45.3212898572284 45.7492868105569 46.1772837638853 46.6052807172137 47.0332776705422 47.1624466896056 47.1920063972472 47.2215661048888 47.2511258125304 47.2806855201719 47.3102452278135 47.3398049354551 47.3361250241596 47.2327262560525 47.1293274879454
41.2962731043497 40.56878329383 39.8412934833102 39.1138036727905 38.3863138622708 37.658824051751 37.4504235903421 37.4150529119702 37.3796822335983 37.3443115552265 37.3089408768546 37.2735701984828 37.2381995201109 37.3623761494951 37.9651947021482 38.5680132548012 39.1708318074541 39.7736503601072 40.3764689127602 40.9792874654132 41.5821060180663 42.0426040967304 42.4556620173982 42.8687199380661 43.281777858734 43.6948357794018 44.1078937000697 44.5209516207375 44.9347644064159 45.3508417871262 45.7669191678363 46.1829965485465 46.5990739292567 47.0151513099669 47.431228690677 47.8473060713872 48.004483826955 48.0753617074753 48.1462395879956 48.2171174685159 48.2879953490362 48.3588732295565 48.4297511100767 48.418034309811 48.1585334671867 47.8990326245625
43.2921532630918 42.5516365581087 41.8111198531254 41.0706031481423 40.3300864431592 39.5895697381759 39.3117817560829 39.18823668162 39.0646916071571 38.9411465326943 38.8176014582314 38.6940563837686 38.5705113093057 38.6018313513859 39.0977467430961 39.5936621348061 40.0895775265162 40.5854929182263 41.0814083099364 41.5773237016464 42.0732390933566 42.5359999020893 42.987709183163 43.4394184642367 43.8911277453103 44.342837026384 44.7945463074577 45.2462555885313 45.6947936693826 46.1338181495665 46.5728426297504 47.0118671099343 47.4508915901183 47.8899160703021 48.328940550486 48.76796503067 48.9590066274006 49.06738726298 49.1757678985594 49.2841485341389 49.3925291697183 49.5009098052977 49.6092904408771 49.6034935421413 49.2551640404594 48.9068345387776
46.0515856742855 45.3439790407813 44.636372407277 43.9287657737728 43.2211591402686 42.5135525067643 42.0586179733272 41.6879074732459 41.3171969731645 40.9464864730832 40.5757759730019 40.2050654729205 39.8343549728392 39.6549368540443 40.0493958791095 40.4438549041746 40.8383139292397 41.2327729543048 41.62723197937 42.0216910044351 42.4161500295002 42.8826060295104 43.3730610211689 43.8635160128274 44.3539710044859 44.8444259961444 45.334880987803 45.8253359794615 46.3173867861428 46.8142250378925 47.3110632896421 47.8079015413918 48.3047397931415 48.8015780448911 49.2984162966408 49.7952545483905 50.0260150909422 50.1680830637612 50.3101510365802 50.4522190093992 50.5942869822182 50.7363549550372 50.8784229278562 50.8925027211506 50.5226179758706 50.1527332305907
48.8110180854795 48.1363215234542 47.4616249614288 46.7869283994036 46.1122318373783 45.437535275353 44.8054541905718 44.187578264872 43.5697023391721 42.9518264134723 42.3339504877725 41.7160745620726 41.0981986363728 40.7080423567028 41.001045015123 41.2940476735431 41.5870503319633 41.8800529903834 42.1730556488036 42.4660583072237 42.7590609656439 43.2292121569314 43.7584128591748 44.2876135614182 44.8168142636615 45.3460149659049 45.8752156681483 46.4044163703917 46.939979902903 47.4946319262185 48.0492839495339 48.6039359728493 49.1585879961648 49.7132400194802 50.2678920427956 50.822544066111 51.0930235544839 51.2687788645424 51.444534174601 51.6202894846596 51.7960447947182 51.9718001047768 52.1475554148354 52.18151190016 51.7900719112819 51.3986319224039
51.5704504966734 50.9286640061271 50.2868775155807 49.6450910250344 49.0033045344881 48.3615180439417 47.5522904078164 46.6872490564981 45.8222077051797 44.9571663538614 44.0921250025431 43.2270836512247 42.3620422999064 41.7611478593613 41.9526941511365 42.1442404429117 42.3357867346868 42.527333026462 42.7188793182372 42.9104256100124 43.1019719017876 43.5758182843525 44.1437646971807 44.711711110009 45.2796575228372 45.8476039356654 46.4155503484937 46.9834967613219 47.5625730196633 48.1750388145445 48.7875046094257 49.3999704043068 50.0124361991881 50.6249019940692 51.2373677889504 51.8498335838316 52.1600320180256 52.3694746653237 52.5789173126219 52.7883599599201 52.9978026072182 53.2072452545164 53.4166879018146 53.4705210791693 53.0575258466932 52.6445306142171
