data/working_set_collections/6091692-Cassins_Sparrow-MC/1985/bio15.asc
NCOLS 265 
NROWS 230 
XLLCORNER -115.5625 
YLLCORNER 24.8333333333333 
CELLSIZE 0.0833333333333333 
NODATA_value -9999 
[rows 180 to 199 of 230, columns 46 to 91 of 265]
103.125153923034 105.025941022237 106.926728121439 108.827515220642 110.728302319844 112.629089419047 112.73583278656 112.244561576843 111.753290367126 111.26201915741 110.770747947693 110.279476737976 109.788205528259 109.550410270691 110.073042869568 110.595675468445 111.118308067322 111.640940666199 112.163573265075 112.686205863952 113.208838462829 112.81489238739 112.115420087179 111.415947786967 110.716475486755 110.017003186544 109.317530886332 108.618058586121 107.836718877157 106.809776941935 105.782835006714 104.755893071492 103.728951136271 102.70200920105 101.675067265828 100.648125330607 100.030737559 99.5498678419323 99.0689981248641 98.588128407796 98.1072586907279 97.6263889736597 97.1455192565916 96.7932696660357 96.8268804550168 96.860491243998
102.746277809143 104.721275011698 106.696272214254 108.671269416809 110.646266619364 112.62126382192 112.824991035461 112.438294919332 112.051598803202 111.664902687073 111.278206570943 110.891510454814 110.504814338684 110.334469540914 110.813178698222 111.29188785553 111.770597012837 112.249306170146 112.728015327453 113.206724484761 113.685433642069 113.346973609924 112.736123847961 112.125274085998 111.514424324036 110.903574562073 110.29272480011 109.681875038147 108.987109247843 108.040595372518 107.094081497192 106.147567621867 105.201053746541 104.254539871216 103.30802599589 102.361512120565 101.734072113037 101.212990061442 100.691908009847 100.170825958252 99.6497439066568 99.1286618550617 98.6075798034666 98.189709917704 98.0814765294391 97.9732431411742
102.367401695251 104.416609001159 106.465816307068 108.515023612976 110.564230918884 112.613438224792 112.914149284363 112.632028261821 112.349907239278 112.067786216736 111.785665194193 111.503544171651 111.221423149109 111.118528811137 111.553314526876 111.988100242615 112.422885958353 112.857671674092 113.292457389831 113.72724310557 114.162028821309 113.879054832459 113.356827608744 112.83460038503 112.312373161316 111.790145937602 111.267918713887 110.745691490173 110.13749961853 109.2714138031 108.405327987671 107.539242172241 106.673156356811 105.807070541382 104.940984725952 104.074898910522 103.437406667073 102.876112280952 102.314817894829 101.753523508708 101.192229122586 100.630934736464 100.069640350342 99.5861501693724 99.3360726038613 99.0859950383503
101.98852558136 104.11194299062 106.235360399882 108.358777809143 110.482195218404 112.605612627665 113.003307533264 112.825761604309 112.648215675354 112.470669746399 112.293123817444 112.115577888489 111.938031959534 111.90258808136 112.29345035553 112.6843126297 113.075174903869 113.466037178039 113.856899452209 114.247761726379 114.638624000549 114.411136054993 113.977531369527 113.543926684062 113.110321998596 112.676717313131 112.243112627665 111.8095079422 111.287889989217 110.502232233683 109.716574478149 108.930916722615 108.145258967082 107.359601211548 106.573943456014 105.78828570048 105.14074122111 104.539234500461 103.937727779812 103.336221059163 102.734714338514 102.133207617865 101.531700897217 100.982590421041 100.590668678283 100.198746935526
101.609649467468 103.807276980082 106.004904492696 108.20253200531 110.400159517923 112.597787030538 113.092465782166 113.019494946798 112.94652411143 112.873553276062 112.800582440694 112.727611605326 112.654640769958 112.686647351583 113.033586184184 113.380525016784 113.727463849385 114.074402681986 114.421341514587 114.768280347188 115.115219179789 114.943217277527 114.59823513031 114.253252983093 113.908270835876 113.56328868866 113.218306541443 112.873324394226 112.438280359904 111.733050664266 111.027820968628 110.32259127299 109.617361577352 108.912131881714 108.206902186076 107.501672490438 106.844075775146 106.202356719971 105.560637664795 104.918918609619 104.277199554443 103.635480499267 102.993761444092 102.379030672709 101.845264752706 101.311498832703
101.230773353576 103.502610969543 105.77444858551 108.046286201477 110.318123817443 112.58996143341 113.181624031067 113.213228289286 113.244832547506 113.276436805725 113.308041063944 113.339645322164 113.371249580383 113.470706621806 113.773722012838 114.076737403869 114.379752794901 114.682768185933 114.985783576965 115.288798967997 115.591814359029 115.475298500061 115.218938891093 114.962579282125 114.706219673157 114.449860064189 114.19350045522 113.937140846252 113.588670730591 112.963869094849 112.339067459106 111.714265823364 111.089464187622 110.46466255188 109.839860916138 109.215059280395 108.547410329183 107.86547893948 107.183547549777 106.501616160075 105.819684770372 105.137753380669 104.455821990967 103.775470924377 103.099860827128 102.424250729879
100.650704447428 103.080246310763 105.509788174099 107.939330037435 110.36887190077 112.798413764106 113.483714103699 113.587600602044 113.691487100389 113.795373598734 113.89926009708 114.003146595425 114.10703309377 114.263467089335 114.577543576558 114.891620063781 115.205696551005 115.519773038228 115.833849525451 116.147926012675 116.462002499898 116.390909385681 116.191426404317 115.991943422953 115.792460441589 115.592977460225 115.393494478861 115.194011497497 114.894379340278 114.29429965549 113.694219970703 113.094140285916 112.494060601128 111.893980916341 111.293901231554 110.693821546766 110.007768058777 109.293056636386 108.578345213996 107.863633791606 107.148922369215 106.434210946825 105.719499524434 104.979223696391 104.162254651387 103.345285606384
-9999 102.540183003743 105.210923258463 107.881663513183 110.552403767903 113.223144022623 113.998736000061 114.142611885071 114.28648777008 114.43036365509 114.5742395401 114.71811542511 114.861991310119 115.064928754171 115.445050875346 115.825172996521 116.205295117696 116.585417238871 116.965539360046 117.345661481221 117.725783602396 117.690049934387 117.515697669983 117.341345405578 117.166993141174 116.99264087677 116.818288612366 116.643936347961 116.355406188965 115.724342346191 115.093278503418 114.462214660644 113.831150817871 113.200086975098 112.569023132324 111.937959289551 111.225148963928 110.485089810689 109.74503065745 109.004971504211 108.264912350972 107.524853197733 106.784794044495 105.990288988749 105.032446225484 104.074603462219
-9999 -9999 -9999 107.823996988932 110.735935635036 113.647874281141 114.513757896423 114.697623168097 114.881488439772 115.065353711446 115.24921898312 115.433084254795 115.616949526469 115.866390419006 116.312558174133 116.75872592926 117.204893684387 117.651061439514 118.097229194641 118.543396949768 118.989564704895 118.989190483093 118.839968935648 118.690747388204 118.541525840759 118.392304293314 118.24308274587 118.093861198425 117.816433037652 117.154385036892 116.492337036133 115.830289035373 115.168241034614 114.506193033854 113.844145033095 113.182097032335 112.44252986908 111.677122984992 110.911716100905 110.146309216817 109.38090233273 108.615495448642 107.850088564555 107.001354281108 105.902637799581 104.803921318054
-9999 -9999 -9999 -9999 110.919467502169 114.072604539659 115.028779792786 115.252634451124 115.476489109463 115.700343767802 115.92419842614 116.148053084479 116.371907742818 116.667852083842 117.18006547292 117.692278861999 118.204492251078 118.716705640157 119.228919029236 119.741132418314 120.253345807393 120.288331031799 120.164240201314 120.040149370829 119.916058540344 119.791967709859 119.667876879374 119.543786048889 119.277459886339 118.584427727593 117.891395568848 117.198363410102 116.505331251356 115.812299092611 115.119266933865 114.426234775119 113.659910774231 112.869156159295 112.078401544359 111.287646929423 110.496892314487 109.706137699551 108.915383084615 108.012419573466 106.772829373678 105.533239173889
-9999 -9999 -9999 -9999 -9999 114.497334798177 115.543801689148 115.807645734151 116.071489779154 116.335333824158 116.599177869161 116.863021914164 117.126865959167 117.469313748677 118.047572771708 118.625831794739 119.204090817769 119.7823498408 120.36060886383 120.938867886861 121.517126909891 121.587471580505 121.48851146698 121.389551353454 121.290591239929 121.191631126404 121.092671012878 120.993710899353 120.738486735026 120.014470418294 119.290454101562 118.566437784831 117.842421468099 117.118405151367 116.394388834635 115.670372517904 114.877291679382 114.061189333598 113.245086987813 112.428984642029 111.612882296244 110.79677995046 109.980677604675 109.023484865825 107.643020947774 106.262557029724
-9999 -9999 -9999 -9999 -9999 -9999 116.05882358551 116.362657017178 116.666490448846 116.970323880513 117.274157312181 117.577990743849 117.881824175517 118.270775413513 118.915080070495 119.559384727478 120.20368938446 120.847994041443 121.492298698425 122.136603355407 122.78090801239 122.886612129211 122.812782732645 122.73895333608 122.665123939514 122.591294542948 122.517465146382 122.443635749817 122.199513583713 121.444513108995 120.689512634277 119.934512159559 119.179511684841 118.424511210124 117.669510735406 116.914510260688 116.094672584534 115.253222507901 114.411772431268 113.570322354635 112.728872278002 111.887422201368 111.045972124735 110.034550158183 108.513212521871 106.991874885559
-9999 -9999 -9999 -9999 -9999 -9999 -9999 116.898014450073 117.150605392456 117.403196334839 117.655787277222 117.908378219604 118.160969161987 118.529105546739 119.243878258599 119.958650970459 120.673423682319 121.388196394178 122.102969106038 122.817741817898 123.532514529758 123.68493086497 123.649895074632 123.614859284295 123.579823493957 123.54478770362 123.509751913282 123.474716122945 123.25279267629 122.470206260681 121.687619845072 120.905033429464 120.122447013855 119.339860598246 118.557274182638 117.774687767029 116.951816749573 116.115517531501 115.279218313429 114.442919095357 113.606619877285 112.770320659214 111.934021441142 110.90153948466 109.280509312948 107.659479141236
-9999 -9999 -9999 -9999 -9999 -9999 -9999 -9999 117.523834609985 117.633951187134 117.744067764282 117.854184341431 117.964300918579 118.244304148356 119.033967336019 119.823630523682 120.613293711344 121.402956899007 122.19262008667 122.982283274332 123.771946461995 123.982427787781 123.99984849294 124.0172691981 124.034689903259 124.052110608419 124.069531313578 124.086952018738 123.898324012756 123.091549873352 122.284775733948 121.478001594544 120.671227455139 119.864453315735 119.057679176331 118.250905036926 117.4487241745 116.648074404399 115.847424634298 115.046774864197 114.246125094096 113.445475323995 112.644825553894 111.624452845256 109.944911321004 108.265369796753
-9999 -9999 -9999 -9999 -9999 -9999 -9999 -9999 -9999 -9999 -9999 -9999 -9999 117.959502749973 118.824056413439 119.688610076904 120.55316374037 121.417717403836 122.282271067301 123.146824730767 124.011378394233 124.279924710592 124.349801911248 124.419679111905 124.489556312561 124.559433513217 124.629310713874 124.69918791453 124.543855349223 123.712893486023 122.881931622823 122.050969759623 121.220007896423 120.389046033224 119.558084170024 118.727122306824 117.945631599426 117.180631277296 116.415630955166 115.650630633036 114.885630310906 114.120629988776 113.355629666646 112.347366205852 110.609313329061 108.871260452271
-9999 -9999 -9999 -9999 -9999 -9999 -9999 -9999 -9999 -9999 -9999 -9999 -9999 117.674701351589 118.614145490858 119.553589630127 120.493033769395 121.432477908664 122.371922047933 123.311366187201 124.25081032647 124.577421633402 124.699755329556 124.822089025709 124.944422721863 125.066756418016 125.18909011417 125.311423810323 125.189386685689 124.334237098694 123.479087511698 122.623937924703 121.768788337708 120.913638750712 120.058489163717 119.203339576721 118.442539024353 117.713188150194 116.983837276035 116.254486401876 115.525135527717 114.795784653558 114.066433779399 113.070279566447 111.273715337118 109.477151107788
-9999 -9999 -9999 -9999 -9999 -9999 -9999 -9999 -9999 -9999 -9999 -9999 -9999 117.389899953206 118.404234568278 119.418569183349 120.432903798421 121.447238413493 122.461573028564 123.475907643636 124.490242258708 124.874918556213 125.049708747864 125.224498939514 125.399289131164 125.574079322815 125.748869514465 125.923659706116 125.834918022156 124.955580711365 124.076243400574 123.196906089783 122.317568778992 121.438231468201 120.55889415741 119.679556846619 118.93944644928 118.245745023092 117.552043596903 116.858342170715 116.164640744527 115.470939318339 114.777237892151 113.793192927043 111.938117345174 110.083041763306
-9999 -9999 -9999 -9999 -9999 -9999 -9999 -9999 -9999 -9999 -9999 -9999 -9999 117.105098554823 118.194323645698 119.283548736572 120.372773827447 121.461998918321 122.551224009196 123.64044910007 124.729674190945 125.172415479024 125.399662166172 125.626908853319 125.854155540466 126.081402227614 126.308648914761 126.535895601908 126.480449358622 125.576924324036 124.673399289449 123.769874254863 122.866349220276 121.962824185689 121.059299151103 120.155774116516 119.436353874207 118.778301895989 118.120249917772 117.462197939555 116.804145961338 116.14609398312 115.488042004903 114.516106287639 112.602519353231 110.688932418823
-9999 -9999 -9999 -9999 -9999 -9999 -9999 -9999 -9999 -9999 -9999 -9999 -9999 115.778648079766 116.903362062243 118.028076044719 119.152790027195 120.277504009671 121.402217992147 122.526931974623 123.651645957099 124.200309753418 124.556956821018 124.913603888618 125.270250956218 125.626898023817 125.983545091417 126.340192159017 126.390850681729 125.523543569777 124.656236457825 123.788929345873 122.921622233921 122.054315121969 121.187008010017 120.319700898065 119.637613932292 119.017267015245 118.396920098199 117.776573181152 117.156226264106 116.53587934706 115.915532430013 114.967970424229 113.038763152229 111.109555880229
-9999 -9999 -9999 -9999 -9999 -9999 -9999 -9999 -9999 -9999 -9999 -9999 -9999 -9999 114.531349817912 115.652151107788 116.772952397665 117.893753687541 119.014554977417 120.135356267293 121.25615755717 121.958601379395 122.521592712403 123.08458404541 123.647575378418 124.210566711426 124.773558044434 125.336549377441 125.566121991476 124.795438448588 124.024754905701 123.254071362814 122.483387819926 121.712704277039 120.942020734151 120.171337191264 119.543226623535 118.96264038086 118.382054138184 117.801467895508 117.220881652832 116.640295410156 116.059709167481 115.148785336813 113.246848742167 111.344912147522
