data/working_set_collections/6091692-Cassins_Sparrow-MC/1985/bio2.asc
NCOLS 265 
NROWS 230 
XLLCORNER -115.5625 
YLLCORNER 24.8333333333333 
CELLSIZE 0.0833333333333333 
NODATA_value -9999 
[rows 100 to 119 of 230, columns 92 to 137 of 265]
14.4623509724935 14.4439028422038 14.4254547119141 14.4070065816244 14.3885584513346 14.4615520000458 14.5650261084238 14.668500216802 14.77197432518 14.8754484335581 14.9789225419362 15.0823966503143 15.1632628679275 15.1763054132461 15.1893479585647 15.2023905038833 15.215433049202 15.2284755945206 15.2415181398392 15.2545606851578 15.1916811704636 15.1034943024318 15.0153074343999 14.9271205663681 14.8389336983363 14.7507468303045 14.6625599622727 14.6098821957906 14.6637317339579 14.7175812721252 14.7714308102925 14.8252803484599 14.8791298866272 14.9329794247945 14.9868289629618 15.0346454381943 15.0804508924484 15.1262563467026 15.1720618009567 15.2178672552109 15.263672709465 15.3094781637192 15.3522011597951 15.3856767813365 15.4191524028778 15.4526280244191
14.4270914289686 14.4037165747749 14.3803417205811 14.3569668663873 14.3335920121935 14.4215194543203 14.5465476618872 14.6715758694543 14.7966040770213 14.9216322845882 15.0466604921553 15.1716886997223 15.2660369846556 15.2683455016878 15.27065401872 15.2729625357522 15.2752710527844 15.2775795698166 15.2798880868488 15.282196603881 15.219982679685 15.1362612750795 15.0525398704741 14.9688184658686 14.8850970612632 14.8013756566577 14.7176542520523 14.6665219518873 14.7131569650438 14.7597919782003 14.8064269913567 14.8530620045132 14.8996970176697 14.9463320308261 14.9929670439826 15.0413034995397 15.0902071025636 15.1391107055876 15.1880143086115 15.2369179116355 15.2858215146594 15.3347251176834 15.3814160717858 15.4214690791236 15.4615220864614 15.5015750937992
14.4320141262478 14.4107249789768 14.3894358317057 14.3681466844347 14.3468575371636 14.4441527684529 14.580976125929 14.7177994834052 14.8546228408813 14.9914461983574 15.1282695558336 15.2650929133097 15.3644072453181 15.3511945009232 15.3379817565282 15.3247690121333 15.3115562677383 15.2983435233434 15.2851307789485 15.2719180345535 15.2114695469539 15.1352758116193 15.0590820762846 14.98288834095 14.9066946056154 14.8305008702808 14.7543071349462 14.7084952990214 14.7538291613261 14.7991630236308 14.8444968859355 14.8898307482401 14.9351646105448 14.9804984728495 15.0258323351542 15.0752952734629 15.1261345704396 15.1769738674164 15.2278131643931 15.2786524613698 15.3294917583465 15.3803310553233 15.4286983728409 15.4696497519811 15.5106011311213 15.5515525102615
14.477119064331 14.4649280548096 14.4527370452881 14.4405460357666 14.4283550262451 14.5294519424438 14.6683115005493 14.8071710586548 14.9460306167602 15.0848901748657 15.2237497329712 15.3626092910766 15.458373649915 15.4248524109522 15.3913311719894 15.3578099330266 15.3242886940638 15.290767455101 15.2572462161382 15.2237249771754 15.1661417722702 15.1005379120509 15.0349340518316 14.9693301916123 14.9037263313929 14.8381224711736 14.7725186109543 14.7358022371928 14.7857483228047 14.8356944084167 14.8856404940287 14.9355865796407 14.9855326652527 15.0354787508646 15.0854248364766 15.136620759964 15.1882332960764 15.2398458321889 15.2914583683014 15.3430709044138 15.3946834405263 15.4462959766388 15.4940480629603 15.5302187999089 15.5663895368576 15.6025602738062
14.5222240024143 14.5191311306424 14.5160382588704 14.5129453870985 14.5098525153266 14.6147511164347 14.7556468751695 14.8965426339043 15.0374383926391 15.1783341513739 15.3192299101087 15.4601256688435 15.552340054512 15.4985103209813 15.4446805874507 15.39085085392 15.3370211203893 15.2831913868586 15.229361653328 15.1755319197973 15.1208139975866 15.0658000124826 15.0107860273785 14.9557720422745 14.9007580571705 14.8457440720664 14.7907300869624 14.7631091753642 14.8176674842834 14.8722257932027 14.926784102122 14.9813424110412 15.0359007199605 15.0904590288798 15.145017337799 15.197946246465 15.2503320217132 15.3027177969614 15.3551035722097 15.4074893474579 15.4598751227061 15.5122608979543 15.5593977530797 15.5907878478368 15.6221779425939 15.653568037351
14.5673289404975 14.5733342064751 14.5793394724528 14.5853447384304 14.5913500044081 14.7000502904256 14.8429822497897 14.9859142091539 15.128846168518 15.2717781278822 15.4147100872463 15.5576420466105 15.646306459109 15.5721682310104 15.4980300029119 15.4238917748133 15.3497535467148 15.2756153186162 15.2014770905177 15.1273388624191 15.0754862229029 15.0310621129142 14.9866380029255 14.9422138929367 14.897789782948 14.8533656729592 14.8089415629705 14.7904161135355 14.8495866457621 14.9087571779887 14.9679277102152 15.0270982424418 15.0862687746684 15.1454393068949 15.2046098391215 15.2592717329661 15.31243074735 15.365589761734 15.4187487761179 15.4719077905019 15.5250668048858 15.5782258192698 15.6247474431991 15.6513568957647 15.6779663483302 15.7045758008957
14.6124338785807 14.6275372823079 14.6426406860351 14.6577440897624 14.6728474934896 14.7853494644165 14.9303176244099 15.0752857844034 15.2202539443969 15.3652221043904 15.5101902643839 15.6551584243774 15.740272863706 15.6458261410395 15.5513794183731 15.4569326957067 15.3624859730403 15.2680392503739 15.1735925277074 15.079145805041 15.0301584482193 14.9963242133459 14.9624899784724 14.9286557435989 14.8948215087255 14.860987273852 14.8271530389786 14.8177230517069 14.8815058072408 14.9452885627746 15.0090713183085 15.0728540738423 15.1366368293762 15.2004195849101 15.2642023404439 15.3205972194671 15.3745294729868 15.4284617265065 15.4823939800262 15.5363262335459 15.5902584870656 15.6441907405853 15.6900971333186 15.7119259436925 15.7337547540665 15.7555835644404
14.6575388166639 14.6817403581407 14.7059418996175 14.7301434410943 14.7543449825711 14.8706486384074 15.0176529990302 15.164657359653 15.3116617202758 15.4586660808987 15.6056704415215 15.7526748021443 15.8342392683029 15.7194840510686 15.6047288338343 15.4899736166001 15.3752183993658 15.2604631821315 15.1457079648972 15.0309527476629 14.9848306735357 14.9615863137775 14.9383419540193 14.9150975942612 14.891853234503 14.8686088747448 14.8453645149867 14.8450299898783 14.9134249687195 14.9818199475606 15.0502149264018 15.1186099052429 15.187004884084 15.2553998629252 15.3237948417663 15.3819227059682 15.4366281986236 15.4913336912791 15.5460391839345 15.6007446765899 15.6554501692454 15.7101556619008 15.755446823438 15.7724949916204 15.7895431598027 15.8065913279851
14.6862958669662 14.7171410322189 14.7479861974716 14.7788313627243 14.809676527977 14.9287454446157 15.077222278383 15.2256991121504 15.3741759459177 15.5226527796851 15.6711296134525 15.8196064472198 15.8988216956457 15.7702521880468 15.6416826804479 15.513113172849 15.3845436652502 15.2559741576513 15.1274046500524 14.9988351424535 14.9518471479416 14.9320529911253 14.9122588343091 14.8924646774928 14.8726705206765 14.8528763638602 14.833082207044 14.8357318639755 14.9057129621506 14.9756940603256 15.0456751585007 15.1156562566757 15.1856373548508 15.2556184530258 15.3255995512009 15.3868412415187 15.445169795884 15.5034983502494 15.5618269046148 15.6201554589801 15.6784840133455 15.7368125677109 15.7834423515532 15.7949758238263 15.8065092960993 15.8180427683724
14.6987050294876 14.7337393045425 14.7687735795975 14.8038078546524 14.8388421297073 14.9596398830414 15.1090254624684 15.2584110418955 15.4077966213226 15.5571822007497 15.7065677801768 15.8559533596039 15.9340201457342 15.798130551974 15.6622409582138 15.5263513644537 15.3904617706935 15.2545721769333 15.1186825831731 14.982792989413 14.9312078714371 14.9077242453893 14.8842406193415 14.8607569932938 14.837273367246 14.8137897411982 14.7903061151505 14.7898286739985 14.8583697875341 14.9269109010696 14.9954520146052 15.0639931281408 15.1325342416763 15.2010753552119 15.2696164687474 15.3353528261185 15.400154264768 15.4649557034174 15.529757142067 15.5945585807164 15.6593600193659 15.7241614580154 15.7740837176641 15.7793684403102 15.7846531629562 15.7899378856023
14.711114192009 14.7503375768661 14.7895609617233 14.8287843465805 14.8680077314377 14.990534321467 15.1408286465538 15.2911229716407 15.4414172967275 15.5917116218143 15.7420059469011 15.8923002719879 15.9692185958227 15.8260089159012 15.6827992359797 15.5395895560583 15.3963798761368 15.2531701962153 15.1099605162939 14.9667508363724 14.9105685949326 14.8833954996533 14.856222404374 14.8290493090948 14.8018762138155 14.7747031185362 14.747530023257 14.7439254840215 14.8110266129176 14.8781277418137 14.9452288707097 15.0123299996058 15.0794311285019 15.146532257398 15.213633386294 15.2838644107183 15.3551387336519 15.4264130565855 15.4976873795191 15.5689617024528 15.6402360253864 15.71151034832 15.764725083775 15.7637610567941 15.7627970298131 15.7618330028322
14.7235233545303 14.7669358491897 14.8103483438492 14.8537608385086 14.897173333168 15.0214287598928 15.1726318306393 15.3238349013858 15.4750379721323 15.6262410428789 15.7774441136254 15.9286471843719 16.0044170459112 15.8538872798284 15.7033575137456 15.5528277476629 15.4022979815801 15.2517682154974 15.1012384494146 14.9507086833318 14.889929318428 14.8590667539173 14.8282041894065 14.7973416248957 14.766479060385 14.7356164958742 14.7047539313634 14.6980222940445 14.7636834383011 14.8293445825577 14.8950057268143 14.9606668710708 15.0263280153274 15.091989159584 15.1576503038406 15.2323759953181 15.3101232025358 15.3878704097536 15.4656176169713 15.5433648241891 15.6211120314068 15.6988592386246 15.7553664498859 15.748153673278 15.74094089667 15.7337281200621
14.7359325170517 14.7835341215134 14.831135725975 14.8787373304367 14.9263389348984 15.0523231983185 15.2044350147247 15.356546831131 15.5086586475372 15.6607704639434 15.8128822803497 15.964994096756 16.0396154959997 15.8817656437556 15.7239157915116 15.5660659392675 15.4082160870234 15.2503662347794 15.0925163825353 14.9346665302913 14.8692900419235 14.8347380081813 14.800185974439 14.7656339406967 14.7310819069545 14.6965298732122 14.6619778394699 14.6521191040675 14.7163402636846 14.7805614233017 14.8447825829188 14.9090037425359 14.973224902153 15.0374460617701 15.1016672213872 15.1808875799179 15.2651076714198 15.3493277629216 15.4335478544235 15.5177679459254 15.6019880374272 15.6862081289291 15.7460078159968 15.7325462897619 15.7190847635269 15.705623237292
14.748341679573 14.800132393837 14.8519231081009 14.9037138223648 14.9555045366287 15.0832176367442 15.2362381988101 15.3892587608761 15.5422793229421 15.695299885008 15.848320447074 16.00134100914 16.0748139460882 15.9096440076828 15.7444740692775 15.5793041308721 15.4141341924668 15.2489642540614 15.0837943156561 14.9186243772507 14.848650765419 14.8104092624453 14.7721677594715 14.7339262564977 14.6956847535239 14.6574432505502 14.6192017475764 14.6062159140905 14.6689970890681 14.7317782640457 14.7945594390233 14.8573406140009 14.9201217889786 14.9829029639562 15.0456841389338 15.1293991645177 15.2200921403037 15.3107851160897 15.4014780918757 15.4921710676617 15.5828640434477 15.6735570192337 15.7366491821077 15.7169389062458 15.6972286303838 15.6775183545219
14.7517151170307 14.7986731396781 14.8456311623255 14.892589184973 14.9395472076204 15.0652158737182 15.2171214209662 15.3690269682142 15.5209325154622 15.6728380627102 15.8247436099582 15.9766491572062 16.050016395251 15.887768705686 15.7255210161209 15.5632733265559 15.4010256369909 15.2387779474259 15.0765302578609 14.9142825682958 14.843555410703 14.803335097101 14.763114783499 14.722894469897 14.6826741562949 14.6424538426929 14.6022335290909 14.5874100022846 14.6487768358654 14.7101436694463 14.7715105030272 14.832877336608 14.8942441701889 14.9556110037698 15.0169778373506 15.1030153433482 15.1972764068179 15.2915374702877 15.3857985337575 15.4800595972273 15.5743206606971 15.6685817241669 15.7335688670476 15.7107342481613 15.687899629275 15.6650650103887
14.7460528294245 14.7791563590368 14.812259888649 14.8453634182612 14.8784669478734 14.9983179092407 15.147084681193 15.2958514531453 15.4446182250976 15.5933849970499 15.7421517690023 15.8909185409546 15.9652228434881 15.816139737765 15.667056632042 15.5179735263189 15.3688904205958 15.2198073148728 15.0707242091497 14.9216411034266 14.8540039777756 14.8135155121485 14.7730270465215 14.7325385808945 14.6920501152674 14.6515616496404 14.6110731840134 14.5957013686498 14.6556795040766 14.7156576395035 14.7756357749303 14.8356139103571 14.895592045784 14.9555701812108 15.0155483166377 15.1017361164093 15.1966604709625 15.2915848255157 15.386509180069 15.4814335346222 15.5763578891754 15.6712822437286 15.7367668708166 15.7139323155085 15.6910977602005 15.6682632048925
14.7403905418184 14.7596395783954 14.7788886149724 14.7981376515494 14.8173866881265 14.9314199447632 15.0770479414198 15.2226759380764 15.3683039347331 15.5139319313897 15.6595599280463 15.805187924703 15.8804292917252 15.7445107698441 15.608592247963 15.4726737260819 15.3367552042008 15.2008366823197 15.0649181604386 14.9289996385574 14.8644525448481 14.8236959271961 14.782939309544 14.742182691892 14.70142607424 14.6606694565879 14.6199128389359 14.603992735015 14.6625821722878 14.7211716095606 14.7797610468334 14.8383504841063 14.8969399213791 14.9555293586519 15.0141187959247 15.1004568894704 15.1960445351071 15.2916321807437 15.3872198263804 15.4828074720171 15.5783951176537 15.6739827632904 15.7399648745855 15.7171303828557 15.694295891126 15.6714613993963
14.7347282542123 14.7401227977541 14.7455173412959 14.7509118848377 14.7563064283795 14.8645219802856 15.0070112016466 15.1495004230075 15.2919896443685 15.4344788657294 15.5769680870904 15.7194573084513 15.7956357399623 15.6728818019231 15.550127863884 15.4273739258449 15.3046199878057 15.1818660497666 15.0591121117274 14.9363581736883 14.8749011119207 14.8338763422436 14.7928515725666 14.7518268028895 14.7108020332125 14.6697772635354 14.6287524938583 14.6122841013802 14.669484840499 14.7266855796178 14.7838863187366 14.8410870578554 14.8982877969742 14.955488536093 15.0126892752117 15.0991776625315 15.1954285992516 15.2916795359717 15.3879304726918 15.4841814094119 15.580432346132 15.6766832828522 15.7431628783544 15.720328450203 15.6974940220515 15.6746595939
14.7290659666061 14.7206060171127 14.7121460676193 14.7036861181259 14.6952261686325 14.7976240158081 14.9369744618734 15.0763249079386 15.2156753540039 15.3550258000692 15.4943762461344 15.6337266921997 15.7108421881994 15.6012528340022 15.491663479805 15.3820741256078 15.2724847714106 15.1628954172135 15.0533060630163 14.9437167088191 14.8853496789932 14.8440567572912 14.8027638355891 14.761470913887 14.720177992185 14.6788850704829 14.6375921487808 14.6205754677454 14.6763875087102 14.732199549675 14.7880115906397 14.8438236316045 14.8996356725693 14.955447713534 15.0112597544988 15.0978984355926 15.1948126633962 15.2917268911997 15.3886411190033 15.4855553468068 15.5824695746104 15.6793838024139 15.7463608821233 15.7235265175502 15.700692152977 15.6778577884038
14.723403679 14.7010892364714 14.6787747939428 14.6564603514142 14.6341459088855 14.7307260513306 14.8669377221001 15.0031493928697 15.1393610636393 15.2755727344089 15.4117844051785 15.5479960759481 15.6260486364365 15.5296238660813 15.433199095726 15.3367743253708 15.2403495550156 15.1439247846604 15.0475000143051 14.9510752439499 14.8957982460658 14.8542371723387 14.8126760986116 14.7711150248845 14.7295539511575 14.6879928774304 14.6464318037033 14.6288668341107 14.6832901769214 14.7377135197321 14.7921368625429 14.8465602053536 14.9009835481644 14.9554068909751 15.0098302337858 15.0966192086538 15.1941967275407 15.2917742464277 15.3893517653147 15.4869292842017 15.5845068030887 15.6820843219757 15.7495588858922 15.7267245848974 15.7038902839025 15.6810559829076
