data/working_set_collections/6091692-Cassins_Sparrow-MC/1985/bio2.asc
NCOLS 265 
NROWS 230 
XLLCORNER -115.5625 
YLLCORNER 24.8333333333333 
CELLSIZE 0.0833333333333333 
NODATA_value -9999 
[rows 140 to 159 of 230, columns 138 to 183 of 265]
15.3056154701445 15.3324280341466 15.3592405981488 15.3860531621509 15.3663065671921 15.3310402525796 15.2957739379671 15.2605076233546 15.2252413087421 15.1899749941296 15.1547086795171 15.1227093802558 15.1005111270481 15.0783128738403 15.0561146206326 15.0339163674249 15.0117181142171 14.9895198610094 14.9673216078017 14.9396738052368 14.9102094862196 14.8807451672024 14.8512808481852 14.821816529168 14.7923522101508 14.7628878911336 14.7364820453856 14.719251619445 14.7020211935043 14.6847907675637 14.6675603416231 14.6503299156825 14.6330994897419 14.6158690638012 14.5906533797582 14.5627759430144 14.5348985062705 14.5070210695267 14.4791436327828 14.451266196039 14.4233887592952 14.3895384179221 14.3377693626616 14.286000307401 14.2342312521405 14.1824621968799
15.2877879328198 15.3233496109645 15.3589112891091 15.3944729672538 15.3803451776505 15.3496542321311 15.3189632866118 15.2882723410924 15.2575813955731 15.2268904500537 15.1961995045344 15.1661164177789 15.1378569073147 15.1095973968506 15.0813378863865 15.0530783759223 15.0248188654582 14.996559354994 14.9682998445299 14.9370832443237 14.9048809475369 14.8726786507501 14.8404763539632 14.8082740571764 14.7760717603896 14.7438694636027 14.7151313490338 14.6967857811186 14.6784402132034 14.6600946452883 14.6417490773731 14.6234035094579 14.6050579415427 14.5867123736276 14.5641856590907 14.5402652290132 14.5163447989358 14.4924243688583 14.4685039387809 14.4445835087035 14.420663078626 14.3901859892739 14.340038922098 14.289891854922 14.239744787746 14.18959772057
15.2699603954951 15.3142711877823 15.3585819800695 15.4028927723567 15.3943837881088 15.3682682116826 15.3421526352565 15.3160370588303 15.2899214824041 15.2638059059779 15.2376903295517 15.2095234553019 15.1752026875814 15.1408819198608 15.1065611521403 15.0722403844198 15.0379196166992 15.0035988489787 14.9692780812581 14.9344926834106 14.8995524088542 14.8646121342977 14.8296718597412 14.7947315851847 14.7597913106283 14.7248510360718 14.693780652682 14.6743199427923 14.6548592329025 14.6353985230128 14.6159378131231 14.5964771032333 14.5770163933436 14.5575556834539 14.5377179384232 14.5177545150121 14.4977910916011 14.47782766819 14.457864244779 14.4379008213679 14.4179373979569 14.3908335606257 14.3423084815343 14.2937834024429 14.2452583233516 14.1967332442602
15.2521328581704 15.3051927646001 15.3582526710298 15.4113125774595 15.4084223985672 15.3868821912342 15.3653419839011 15.3438017765681 15.3222615692351 15.300721361902 15.279181154569 15.252930492825 15.212548467848 15.1721664428711 15.1317844178942 15.0914023929172 15.0510203679403 15.0106383429633 14.9702563179864 14.9319021224976 14.8942238701714 14.8565456178453 14.8188673655192 14.7811891131931 14.743510860867 14.7058326085409 14.6724299563302 14.6518541044659 14.6312782526016 14.6107024007373 14.5901265488731 14.5695506970088 14.5489748451445 14.5283989932802 14.5112502177556 14.495243801011 14.4792373842663 14.4632309675217 14.447224550777 14.4312181340324 14.4152117172877 14.3914811319775 14.3445780409707 14.2976749499639 14.2507718589571 14.2038687679503
15.2313315868378 15.2884124914805 15.3454933961232 15.402574300766 15.4056614240011 15.3907506201002 15.3758398161994 15.3609290122986 15.3460182083978 15.3311074044969 15.3161966005961 15.2939854330487 15.2498731745614 15.2057609160741 15.1616486575868 15.1175363990996 15.0734241406123 15.029311882125 14.9851996236377 14.9426039854685 14.9005138874054 14.8584237893423 14.8163336912791 14.774243593216 14.7321534951528 14.6900633970896 14.6530996163686 14.631514787674 14.6099299589793 14.5883451302846 14.56676030159 14.5451754728953 14.5235906442006 14.502005815506 14.4867061456045 14.473501528634 14.4602969116635 14.447092294693 14.4338876777225 14.420683060752 14.4074784437815 14.3860886918174 14.3401435348723 14.2941983779272 14.248253220982 14.2023080640369
15.2075565814972 15.2639303684235 15.3203041553497 15.376677942276 15.3861008644104 15.3798734982808 15.3736461321513 15.3674187660217 15.3611913998922 15.3549640337626 15.3487366676331 15.332688275973 15.2871768077215 15.2416653394699 15.1961538712184 15.1506424029668 15.1051309347153 15.0596194664637 15.0141079982122 14.9665982723236 14.918422460556 14.8702466487885 14.8220708370209 14.7738950252533 14.7257192134857 14.6775434017181 14.6357896327972 14.6133019924164 14.5908143520355 14.5683267116547 14.5458390712738 14.523351430893 14.5008637905121 14.4783761501312 14.4640857219696 14.4525276978811 14.4409696737925 14.429411649704 14.4178536256154 14.4062956015269 14.3947375774384 14.3746562401454 14.329004963239 14.2833536863327 14.2377024094264 14.1920511325201
15.1837815761566 15.2394482453664 15.2951149145762 15.350781583786 15.3665403048197 15.3689963764615 15.3714524481032 15.3739085197449 15.3763645913866 15.3788206630283 15.38127673467 15.3713911188973 15.3244804408815 15.2775697628657 15.2306590848499 15.1837484068341 15.1368377288183 15.0899270508024 15.0430163727866 14.9905925591787 14.9363310337067 14.8820695082347 14.8278079827627 14.7735464572907 14.7192849318187 14.6650234063466 14.6184796492259 14.5950891971588 14.5716987450918 14.5483082930247 14.5249178409577 14.5015273888906 14.4781369368235 14.4547464847565 14.4414652983348 14.4315538671282 14.4216424359216 14.411731004715 14.4018195735084 14.3919081423018 14.3819967110952 14.3632237884734 14.3178663916058 14.2725089947383 14.2271515978707 14.1817942010032
15.160006570816 15.2149661223094 15.2699256738027 15.324885225296 15.3469797452291 15.3581192546421 15.369258764055 15.380398273468 15.391537782881 15.402677292294 15.4138168017069 15.4100939618217 15.3617840740416 15.3134741862615 15.2651642984814 15.2168544107013 15.1685445229212 15.1202346351412 15.0719247473611 15.0145868460337 14.9542396068573 14.8938923676809 14.8335451285044 14.773197889328 14.7128506501516 14.6525034109752 14.6011696656545 14.5768764019013 14.552583138148 14.5282898743947 14.5039966106415 14.4797033468882 14.455410083135 14.4311168193817 14.4188448746999 14.4105800363753 14.4023151980506 14.394050359726 14.3857855214013 14.3775206830766 14.369255844752 14.3517913368013 14.3067278199726 14.2616643031438 14.2166007863151 14.1715372694863
15.1362315654755 15.1904839992523 15.2447364330292 15.298988866806 15.3274191856384 15.3472421328227 15.3670650800069 15.3868880271912 15.4067109743754 15.4265339215596 15.4463568687439 15.448796804746 15.3990877072016 15.3493786096573 15.2996695121129 15.2499604145686 15.2002513170242 15.1505422194799 15.1008331219355 15.0385811328888 14.972148180008 14.9057152271271 14.8392822742462 14.7728493213654 14.7064163684845 14.6399834156037 14.5838596820831 14.5586636066437 14.5334675312042 14.5082714557648 14.4830753803253 14.4578793048859 14.4326832294464 14.407487154007 14.3962244510651 14.3896062056224 14.3829879601797 14.3763697147369 14.3697514692942 14.3631332238515 14.3565149784088 14.3403588851293 14.2955892483394 14.2508196115494 14.2060499747594 14.1612803379695
15.1124565601349 15.1660018761953 15.2195471922556 15.273092508316 15.3078586260478 15.3363650110033 15.3648713959588 15.3933777809143 15.4218841658698 15.4503905508253 15.4788969357808 15.4874996476703 15.4363913403617 15.3852830330531 15.3341747257445 15.2830664184358 15.2319581111272 15.1808498038186 15.12974149651 15.0625754197439 14.9900567531586 14.9175380865733 14.845019419988 14.7725007534027 14.6999820868174 14.6274634202322 14.5665496985118 14.5404508113861 14.5143519242605 14.4882530371348 14.4621541500092 14.4360552628835 14.4099563757579 14.3838574886322 14.3736040274302 14.3686323748695 14.3636607223087 14.3586890697479 14.3537174171872 14.3487457646264 14.3437741120656 14.3289264334573 14.2844506767061 14.2399749199549 14.1954991632038 14.1510234064526
15.0781549745136 15.1261969010035 15.1742388274935 15.2222807539834 15.2588487943014 15.2915922058953 15.3243356174893 15.3570790290833 15.3898224406772 15.4225658522712 15.4553092638652 15.4679950290256 15.4205078548856 15.3730206807455 15.3255335066054 15.2780463324653 15.2305591583252 15.1830719841851 15.135584810045 15.0687586625417 14.995486190584 14.9222137186263 14.8489412466685 14.7756687747108 14.702396302753 14.6291238307953 14.5672004116906 14.5393241511451 14.5114478905996 14.483571630054 14.4556953695085 14.427819108963 14.3999428484175 14.372066587872 14.3605041186015 14.354379579756 14.3482550409105 14.342130502065 14.3360059632195 14.3298814243741 14.3237568855286 14.3083625766966 14.2651589579053 14.2219553391139 14.1787517203225 14.1355481015311
15.0333268086115 15.0710690736771 15.1088113387426 15.1465536038081 15.1803896903992 15.2129237174988 15.2454577445984 15.277991771698 15.3105257987976 15.3430598258972 15.3755938529968 15.3902829488119 15.3514372507731 15.3125915527344 15.2737458546957 15.2349001566569 15.1960544586182 15.1572087605794 15.1183630625407 15.0571308612824 14.9884364922842 14.919742123286 14.8510477542877 14.7823533852895 14.7136590162913 14.6449646472931 14.5858118216197 14.5552836259206 14.5247554302216 14.4942272345225 14.4636990388235 14.4331708431244 14.4026426474253 14.3721144517263 14.3569247245789 14.346847820282 14.3367709159851 14.3266940116882 14.3166171073914 14.3065402030945 14.2964632987976 14.2786673148473 14.2377140919368 14.1967608690262 14.1558076461156 14.1148544232051
14.9884986427095 15.0159412463506 15.0433838499917 15.0708264536328 15.101930586497 15.1342552291022 15.1665798717075 15.1989045143127 15.231229156918 15.2635537995233 15.2958784421285 15.3125708685981 15.2823666466607 15.2521624247233 15.2219582027859 15.1917539808485 15.1615497589111 15.1313455369738 15.1011413150364 15.045503060023 14.9813867939843 14.9172705279456 14.853154261907 14.7890379958683 14.7249217298296 14.6608054637909 14.6044232315487 14.5712431006961 14.5380629698436 14.504882838991 14.4717027081384 14.4385225772858 14.4053424464332 14.3721623155806 14.3533453305562 14.339316060808 14.3252867910597 14.3112575213114 14.2972282515632 14.2831989818149 14.2691697120667 14.248972052998 14.2102692259683 14.1715663989385 14.1328635719088 14.094160744879
14.9436704768075 14.9608134190242 14.9779563612408 14.9950993034575 15.0234714825948 15.0555867407057 15.0877019988166 15.1198172569275 15.1519325150384 15.1840477731493 15.2161630312602 15.2348587883844 15.2132960425483 15.1917332967123 15.1701705508762 15.1486078050402 15.1270450592041 15.1054823133681 15.083919567532 15.0338752587636 14.9743370956845 14.9147989326053 14.8552607695262 14.795722606447 14.7361844433679 14.6766462802887 14.6230346414778 14.5872025754717 14.5513705094655 14.5155384434594 14.4797063774533 14.4438743114471 14.408042245441 14.3722101794349 14.3497659365336 14.331784301334 14.3138026661343 14.2958210309347 14.277839395735 14.2598577605354 14.2418761253357 14.2192767911487 14.1828243599998 14.1463719288508 14.1099194977019 14.0734670665529
14.8988423109055 14.9056855916977 14.9125288724899 14.9193721532822 14.9450123786926 14.9769182523092 15.0088241259257 15.0407299995422 15.0726358731588 15.1045417467753 15.1364476203919 15.1571467081706 15.1442254384359 15.1313041687012 15.1183828989665 15.1054616292318 15.0925403594971 15.0796190897624 15.0666978200277 15.0222474575043 14.9672873973847 14.912327337265 14.8573672771454 14.8024072170258 14.7474471569061 14.6924870967865 14.6416460514069 14.6031620502472 14.5646780490875 14.5261940479279 14.4877100467682 14.4492260456085 14.4107420444489 14.3722580432892 14.346186542511 14.32425254186 14.3023185412089 14.2803845405579 14.2584505399068 14.2365165392558 14.2145825386047 14.1895815292994 14.1553794940313 14.1211774587631 14.086975423495 14.0527733882268
14.8540141450034 14.8505577643712 14.8471013837391 14.8436450031069 14.8665532747905 14.8982497639126 14.9299462530348 14.961642742157 14.9933392312792 15.0250357204013 15.0567322095235 15.0794346279568 15.0751548343235 15.0708750406901 15.0665952470568 15.0623154534234 15.05803565979 15.0537558661567 15.0494760725233 15.0106196562449 14.9602376990848 14.9098557419247 14.8594737847646 14.8090918276045 14.7587098704444 14.7083279132843 14.6602574613359 14.6191215250227 14.5779855887095 14.5368496523963 14.4957137160831 14.4545777797699 14.4134418434567 14.3723059071435 14.3426071484884 14.3167207823859 14.2908344162835 14.2649480501811 14.2390616840786 14.2131753179762 14.1872889518738 14.1598862674501 14.1279346280628 14.0959829886754 14.0640313492881 14.0320797099008
14.8285202344259 14.81717933019 14.8058384259542 14.7944975217184 14.8129545609156 14.841344247924 14.8697339349323 14.8981236219406 14.9265133089489 14.9549029959573 14.9832926829656 15.0052079306709 15.0076998604669 15.0101917902629 15.0126837200589 15.0151756498549 15.0176675796509 15.0201595094469 15.0226514392429 14.9898068904877 14.9451835155487 14.9005601406098 14.8559367656708 14.8113133907318 14.7666900157929 14.7220666408539 14.6778298695882 14.6347529093425 14.5916759490967 14.5485989888509 14.5055220286052 14.4624450683594 14.4193681081136 14.3762911478678 14.3428534269333 14.3126287857692 14.282404144605 14.2521795034409 14.2219548622767 14.1917302211126 14.1615055799484 14.1308368841807 14.0988360246023 14.0668351650238 14.0348343054454 14.0028334458669
14.8223605791728 14.8055502891541 14.7887399991353 14.7719297091166 14.7842162370682 14.8062017043432 14.8281871716181 14.8501726388931 14.8721581061681 14.8941435734431 14.9161290407181 14.9344666163127 14.9418605168661 14.9492544174194 14.9566483179728 14.9640422185262 14.9714361190796 14.978830019633 14.9862239201864 14.9598091602326 14.9221248467763 14.8844405333201 14.8467562198639 14.8090719064077 14.7713875929515 14.7337032794952 14.6943632761637 14.6500562032064 14.605749130249 14.5614420572917 14.5171349843343 14.472827911377 14.4285208384196 14.3842137654623 14.3469253778458 14.3119765520096 14.2770277261734 14.2420789003372 14.207130074501 14.1721812486649 14.1372324228287 14.1024333794912 14.0680836836497 14.0337339878082 13.9993842919668 13.9650345961253
14.8162009239197 14.7939212481181 14.7716415723165 14.7493618965149 14.7554779132207 14.7710591607624 14.786640408304 14.8022216558456 14.8178029033873 14.8333841509289 14.8489653984706 14.8637253019545 14.8760211732653 14.888317044576 14.9006129158868 14.9129087871975 14.9252046585083 14.9375005298191 14.9497964011298 14.9298114299774 14.899066178004 14.8683209260305 14.837575674057 14.8068304220835 14.7760851701101 14.7453399181366 14.7108966827393 14.6653594970703 14.6198223114014 14.5742851257324 14.5287479400635 14.4832107543945 14.4376735687256 14.3921363830567 14.3509973287582 14.31132431825 14.2716513077418 14.2319782972336 14.1923052867254 14.1526322762172 14.1129592657089 14.0740298748016 14.0373313426972 14.0006328105927 13.9639342784882 13.9272357463837
14.8100412686666 14.7822922070821 14.7545431454976 14.7267940839132 14.7267395893733 14.7359166171816 14.7450936449899 14.7542706727982 14.7634477006065 14.7726247284148 14.7818017562231 14.7929839875963 14.8101818296645 14.8273796717326 14.8445775138007 14.8617753558689 14.878973197937 14.8961710400052 14.9133688820733 14.8998136997223 14.8760075092316 14.8522013187409 14.8283951282501 14.8045889377594 14.7807827472687 14.756976556778 14.7274300893148 14.6806627909343 14.6338954925537 14.5871281941732 14.5403608957927 14.4935935974121 14.4468262990316 14.400059000651 14.3550692796707 14.3106720844905 14.2662748893102 14.22187769413 14.1774804989497 14.1330833037694 14.0886861085892 14.0456263701121 14.0065790017446 13.9675316333771 13.9284842650096 13.8894368966421
