data/working_set_collections/6091692-Cassins_Sparrow-MC/1985/bio2.asc
NCOLS 265 
NROWS 230 
XLLCORNER -115.5625 
YLLCORNER 24.8333333333333 
CELLSIZE 0.0833333333333333 
NODATA_value -9999 
[rows 160 to 179 of 230, columns 92 to 137 of 265]
15.2471741596858 15.2997273047765 15.3522804498672 15.404833594958 15.4573867400487 15.480572271347 15.4939685980479 15.5073649247487 15.5207612514496 15.5341575781504 15.5475539048513 15.5609502315521 15.5588018894196 15.5100195407867 15.4612371921539 15.4124548435211 15.3636724948883 15.3148901462555 15.2661077976227 15.2173254489899 15.2069308996201 15.2093322833379 15.2117336670558 15.2141350507736 15.2165364344915 15.2189378182093 15.2213392019272 15.2345283826192 15.2800809542338 15.3256335258484 15.371186097463 15.4167386690775 15.4622912406921 15.5078438123067 15.5533963839213 15.5028120756149 15.4201821406682 15.3375522057216 15.2549222707749 15.1722923358282 15.0896624008815 15.0070324659348 14.9367554028829 14.9035369555155 14.8703185081482 14.8371000607809
15.2260223044289 15.2804136461682 15.3348049879074 15.3891963296466 15.4435876713859 15.4720063368479 15.491767443551 15.511528550254 15.531289656957 15.55105076366 15.570811870363 15.590572977066 15.59245206515 15.5406850973765 15.4889181296031 15.4371511618296 15.3853841940562 15.3336172262828 15.2818502585093 15.2300832907359 15.2177342653275 15.2185245540407 15.2193148427539 15.2201051314672 15.2208954201804 15.2216857088937 15.2224759976069 15.2360586908128 15.2880185974969 15.3399785041809 15.3919384108649 15.4438983175489 15.495858224233 15.547818130917 15.599778037601 15.5477057377497 15.46095603572 15.3742063336902 15.2874566316605 15.2007069296307 15.113957227601 15.0272075255712 14.9524732907613 14.9137854576111 14.8750976244609 14.8364097913106
15.2071271949344 15.2631456640032 15.3191641330719 15.3751826021406 15.4312010712094 15.4618480761846 15.484037926462 15.5062277767393 15.5284176270167 15.5506074772941 15.5727973275714 15.5949871778488 15.5989067951838 15.5480157136917 15.4971246321996 15.4462335507075 15.3953424692154 15.3444513877233 15.2935603062312 15.2426692247391 15.2291530609131 15.2280952029758 15.2270373450385 15.2259794871012 15.224921629164 15.2238637712267 15.2228059132894 15.2354783640967 15.289341741138 15.3432051181793 15.3970684952206 15.4509318722619 15.5047952493032 15.5586586263445 15.6125220033857 15.5643380562465 15.4821383343803 15.3999386125141 15.3177388906479 15.2355391687817 15.1533394469155 15.0711397250493 14.9986355728573 14.9552181296878 14.9118006865183 14.8683832433489
15.1904888312022 15.2479233582815 15.3053578853607 15.36279241244 15.4202269395192 15.450097489357 15.4707800467809 15.4914626042048 15.5121451616287 15.5328277190526 15.5535102764765 15.5741928339005 15.5781660795212 15.5320113897324 15.4858566999436 15.4397020101547 15.3935473203659 15.3473926305771 15.3012379407883 15.2550832509995 15.241187286377 15.2380442301432 15.2349011739095 15.2317581176758 15.2286150614421 15.2254720052083 15.2223289489746 15.2327874024709 15.2840503851573 15.3353133678436 15.38657635053 15.4378393332163 15.4891023159027 15.5403652985891 15.5916282812754 15.5527090311051 15.4837290366491 15.4147490421931 15.3457690477371 15.2767890532812 15.2078090588252 15.1388290643692 15.0752422491709 15.0278349717458 14.9804276943207 14.9330204168955
15.1738504674699 15.2327010525597 15.2915516376495 15.3504022227393 15.4092528078291 15.4383469025294 15.4575221670998 15.4766974316703 15.4958726962407 15.5150479608112 15.5342232253816 15.5533984899521 15.5574253638586 15.516007065773 15.4745887676875 15.433170469602 15.3917521715164 15.3503338734309 15.3089155753454 15.2674972772598 15.2532215118408 15.2479932573107 15.2427650027805 15.2375367482503 15.2323084937202 15.22708023919 15.2218519846598 15.2300964408451 15.2787590291765 15.3274216175079 15.3760842058394 15.4247467941708 15.4734093825022 15.5220719708337 15.5707345591651 15.5410800059637 15.4853197389179 15.4295594718721 15.3737992048264 15.3180389377806 15.2622786707348 15.2065184036891 15.1518489254846 15.1004518138038 15.049054702123 14.9976575904422
15.1572121037377 15.217478746838 15.2777453899383 15.3380120330387 15.398278676139 15.4265963157018 15.4442642874188 15.4619322591358 15.4796002308528 15.4972682025697 15.5149361742867 15.5326041460037 15.5366846481959 15.5000027418137 15.4633208354314 15.4266389290492 15.3899570226669 15.3532751162847 15.3165932099025 15.2799113035202 15.2652557373047 15.2579422844781 15.2506288316515 15.2433153788249 15.2360019259983 15.2286884731717 15.2213750203451 15.2274054792192 15.2734676731957 15.3195298671722 15.3655920611487 15.4116542551252 15.4577164491018 15.5037786430783 15.5498408370548 15.5294509808223 15.4869104411867 15.4443699015511 15.4018293619156 15.35928882228 15.3167482826445 15.2742077430089 15.2284556017982 15.1730686558617 15.1176817099253 15.0622947639889
15.1405737400055 15.2022564411163 15.2639391422272 15.325621843338 15.3873045444488 15.4148457288742 15.4310064077377 15.4471670866013 15.4633277654648 15.4794884443283 15.4956491231918 15.5118098020554 15.5159439325333 15.4839984178543 15.4520529031754 15.4201073884964 15.3881618738174 15.3562163591385 15.3242708444595 15.2923253297806 15.2772899627686 15.2678913116455 15.2584926605225 15.2490940093994 15.2396953582764 15.2302967071533 15.2208980560303 15.2247145175934 15.268176317215 15.3116381168365 15.3550999164581 15.3985617160797 15.4420235157013 15.4854853153229 15.5289471149444 15.5178219556809 15.4885011434555 15.4591803312302 15.4298595190048 15.4005387067795 15.3712178945541 15.3418970823288 15.3050622781118 15.2456854979197 15.1863087177277 15.1269319375356
15.1239353762732 15.1870341353946 15.250132894516 15.3132316536373 15.3763304127587 15.4030951420466 15.4177485280567 15.4324019140667 15.4470553000768 15.4617086860869 15.4763620720969 15.491015458107 15.4952032168706 15.467994093895 15.4407849709193 15.4135758479436 15.386366724968 15.3591576019923 15.3319484790166 15.304739356041 15.2893241882324 15.2778403388129 15.2663564893934 15.254872639974 15.2433887905545 15.231904941135 15.2204210917155 15.2220235559675 15.2628849612342 15.3037463665008 15.3446077717675 15.3854691770342 15.4263305823008 15.4671919875675 15.5080533928341 15.5061929305395 15.4900918457243 15.4739907609092 15.4578896760941 15.4417885912789 15.4256875064638 15.4095864216487 15.3816689544254 15.3183023399777 15.25493572553 15.1915691110823
15.1053225888146 15.1667554484473 15.22818830808 15.2896211677127 15.3510540273454 15.3761863867442 15.3892185793983 15.4022507720523 15.4152829647064 15.4283151573605 15.4413473500146 15.4543795426687 15.4586912420061 15.4368414613936 15.4149916807811 15.3931419001685 15.371292119556 15.3494423389435 15.327592558331 15.3057427777184 15.2924133698146 15.2819240861469 15.2714348024792 15.2609455188115 15.2504562351439 15.2399669514762 15.2294776678085 15.2313048203786 15.270081281662 15.3088577429453 15.3476342042287 15.3864106655121 15.4251871267954 15.4639635880788 15.5027400493622 15.5083502292633 15.502904982037 15.4974597348107 15.4920144875844 15.4865692403581 15.4811239931318 15.4756787459055 15.4558120780521 15.3926811483171 15.3295502185821 15.2664192888472
15.0847353776296 15.1414203802745 15.1981053829193 15.2547903855642 15.311475388209 15.3341194629669 15.3454165617625 15.3567136605581 15.3680107593536 15.3793078581492 15.3906049569448 15.4019020557404 15.4064080079397 15.3905405203501 15.3746730327606 15.3588055451711 15.3429380575816 15.3270705699921 15.3112030824026 15.295335594813 15.286557507515 15.2801425536474 15.2737275997798 15.2673126459122 15.2608976920446 15.254482738177 15.2480677843094 15.2525583108266 15.2897652784983 15.32697224617 15.3641792138417 15.4013861815135 15.4385931491852 15.4758001168569 15.5130070845286 15.5242938518524 15.5269405523936 15.5295872529348 15.5322339534759 15.5348806540171 15.5375273545583 15.5401740550995 15.5274916489919 15.468821922938 15.4101521968841 15.3514824708303
15.0641481664446 15.1160853121016 15.1680224577586 15.2199596034156 15.2718967490726 15.2920525391897 15.3016145441267 15.3111765490638 15.3207385540009 15.3303005589379 15.339862563875 15.3494245688121 15.3541247738732 15.3442395793067 15.3343543847402 15.3244691901737 15.3145839956072 15.3046988010407 15.2948136064741 15.2849284119076 15.2807016452154 15.2783610211478 15.2760203970803 15.2736797730128 15.2713391489453 15.2689985248778 15.2666579008102 15.2738118012746 15.3094492753347 15.3450867493947 15.3807242234548 15.4163616975148 15.4519991715749 15.487636645635 15.523274119695 15.5402374744415 15.5509761227502 15.5617147710588 15.5724534193675 15.5831920676761 15.5939307159848 15.6046693642934 15.5991712199317 15.5449626975589 15.4907541751862 15.4365456528134
15.0435609552595 15.0907502439287 15.1379395325979 15.185128821267 15.2323181099362 15.2499856154124 15.257812526491 15.2656394375695 15.2734663486481 15.2812932597266 15.2891201708052 15.2969470818838 15.3018415398068 15.2979386382633 15.2940357367198 15.2901328351763 15.2862299336328 15.2823270320892 15.2784241305457 15.2745212290022 15.2748457829158 15.2765794886483 15.2783131943809 15.2800469001134 15.281780605846 15.2835143115785 15.2852480173111 15.2950652917226 15.329133272171 15.3632012526194 15.3972692330678 15.4313372135162 15.4654051939646 15.499473174413 15.5335411548614 15.5561810970306 15.5750116931067 15.5938422891829 15.612672885259 15.6315034813351 15.6503340774112 15.6691646734873 15.6708507908715 15.6211034721798 15.5713561534881 15.5216088347965
15.0229737440745 15.0654151757558 15.1078566074371 15.1502980391184 15.1927394707998 15.2079186916351 15.2140105088552 15.2201023260752 15.2261941432953 15.2322859605153 15.2383777777354 15.2444695949555 15.2495583057404 15.2516376972199 15.2537170886993 15.2557964801788 15.2578758716583 15.2599552631378 15.2620346546173 15.2641140460968 15.2689899206161 15.2747979561488 15.2806059916814 15.286414027214 15.2922220627467 15.2980300982793 15.303838133812 15.3163187821706 15.3488172690074 15.3813157558441 15.4138142426809 15.4463127295176 15.4788112163544 15.5113097031911 15.5438081900279 15.5721247196197 15.5990472634633 15.6259698073069 15.6528923511505 15.6798148949941 15.7067374388377 15.7336599826813 15.7425303618113 15.6972442468007 15.6519581317902 15.6066720167796
15.0023865328895 15.0400801075829 15.0777736822764 15.1154672569699 15.1531608316633 15.1658517678579 15.1702084912194 15.174565214581 15.1789219379425 15.1832786613041 15.1876353846656 15.1919921080271 15.1972750716739 15.2053367561764 15.2133984406789 15.2214601251814 15.2295218096839 15.2375834941864 15.2456451786889 15.2537068631914 15.2631340583166 15.2730164236493 15.282898788982 15.2927811543147 15.3026635196474 15.3125458849801 15.3224282503128 15.3375722726186 15.3685012658437 15.3994302590688 15.4303592522939 15.461288245519 15.4922172387441 15.5231462319692 15.5540752251943 15.5880683422089 15.6230828338199 15.658097325431 15.693111817042 15.7281263086531 15.7631408002641 15.7981552918752 15.8142099327511 15.7733850214216 15.7325601100922 15.6917351987627
15.0237254434161 15.0557079182731 15.08769039313 15.1196728679869 15.1516553428438 15.1573062578837 15.154179986318 15.1510537147522 15.1479274431864 15.1448011716207 15.1416749000549 15.1385486284892 15.1400161796146 15.1552651988136 15.1705142180125 15.1857632372114 15.2010122564104 15.2162612756093 15.2315102948083 15.2467593140072 15.2629023949305 15.2793434964286 15.2957845979267 15.3122256994247 15.3286668009228 15.3451079024209 15.361549003919 15.3807267242008 15.4081143008338 15.4355018774668 15.4628894540999 15.4902770307329 15.5176646073659 15.5450521839989 15.572439760632 15.603430724144 15.6356228166156 15.6678149090873 15.7000070015589 15.7321990940306 15.7643911865022 15.7965832789739 15.8123464028041 15.7788226207098 15.7452988386154 15.7117750565211
15.0869904756546 15.1122986078262 15.1376067399978 15.1629148721695 15.1882230043411 15.1822821617126 15.1659249941508 15.149567826589 15.1332106590271 15.1168534914653 15.1004963239034 15.0841391563416 15.0777816295624 15.1014230251312 15.1250644207001 15.1487058162689 15.1723472118378 15.1959886074066 15.2196300029755 15.2432713985443 15.2682949304581 15.2937791744868 15.3192634185155 15.3447476625442 15.370231906573 15.3957161506017 15.4212003946304 15.4457821369171 15.4676563739776 15.4895306110382 15.5114048480987 15.5332790851593 15.5551533222198 15.5770275592804 15.5989017963409 15.6182118654251 15.6366672118505 15.6551225582759 15.6735779047012 15.6920332511266 15.710488597552 15.7289439439774 15.7369397719701 15.713557044665 15.6901743173599 15.6667915900548
15.150255507893 15.1688892973794 15.1875230868657 15.2061568763521 15.2247906658384 15.2072580655416 15.1776700019836 15.1480819384257 15.1184938748678 15.0889058113098 15.0593177477519 15.0297296841939 15.0155470795102 15.0475808514489 15.0796146233877 15.1116483953264 15.1436821672652 15.1757159392039 15.2077497111426 15.2397834830814 15.2736874659856 15.308214852545 15.3427422391044 15.3772696256637 15.4117970122231 15.4463243987825 15.4808517853419 15.5108375496334 15.5271984471215 15.5435593446096 15.5599202420976 15.5762811395857 15.5926420370738 15.6090029345618 15.6253638320499 15.6329930067062 15.6377116070853 15.6424302074644 15.6471488078435 15.6518674082226 15.6565860086017 15.6613046089808 15.6615331411362 15.6482914686203 15.6350497961044 15.6218081235886
15.2135205401314 15.2254799869325 15.2374394337336 15.2493988805347 15.2613583273358 15.2322339693705 15.1894150098165 15.1465960502625 15.1037770907084 15.0609581311544 15.0181391716004 14.9753202120463 14.9533125294579 14.9937386777666 15.0341648260752 15.0745909743839 15.1150171226925 15.1554432710012 15.1958694193098 15.2362955676185 15.2790800015132 15.3226505306032 15.3662210596932 15.4097915887832 15.4533621178733 15.4969326469633 15.5405031760533 15.5758929623498 15.5867405202654 15.5975880781809 15.6084356360965 15.6192831940121 15.6301307519277 15.6409783098433 15.6518258677588 15.6477741479874 15.6387560023202 15.629737856653 15.6207197109858 15.6117015653186 15.6026834196515 15.5936652739843 15.5861265103022 15.5830258925756 15.5799252748489 15.5768246571223
15.2767855723699 15.2820706764857 15.2873557806015 15.2926408847173 15.2979259888331 15.2572098731995 15.2011600176493 15.1451101620992 15.0890603065491 15.033010450999 14.9769605954488 14.9209107398987 14.8910779794057 14.9398965040843 14.9887150287628 15.0375335534414 15.0863520781199 15.1351706027985 15.183989127477 15.2328076521556 15.2844725370407 15.3370862086614 15.3896998802821 15.4423135519028 15.4949272235234 15.5475408951441 15.6001545667648 15.6409483750661 15.6462825934092 15.6516168117523 15.6569510300954 15.6622852484385 15.6676194667816 15.6729536851247 15.6782879034678 15.6625552892685 15.639800397555 15.6170455058416 15.5942906141281 15.5715357224147 15.5487808307012 15.5260259389877 15.5107198794683 15.5177603165309 15.5248007535935 15.531841190656
15.3400506046083 15.3386613660388 15.3372721274694 15.3358828888999 15.3344936503304 15.2821857770284 15.2129050254822 15.143624273936 15.0743435223897 15.0050627708435 14.9357820192973 14.8665012677511 14.8288434293535 14.886054330402 14.9432652314504 15.0004761324988 15.0576870335473 15.1148979345957 15.1721088356442 15.2293197366926 15.2898650725682 15.3515218867196 15.4131787008709 15.4748355150223 15.5364923291736 15.5981491433249 15.6598059574763 15.7060037877825 15.7058246665531 15.7056455453237 15.7054664240943 15.7052873028649 15.7051081816355 15.7049290604062 15.7047499391768 15.6773364305496 15.6408447927899 15.6043531550302 15.5678615172704 15.5313698795107 15.494878241751 15.4583866039912 15.4353132486343 15.4524947404862 15.469676232338 15.4868577241898
