data/working_set_collections/6091692-Cassins_Sparrow-MC/1985/bio3.asc
NCOLS 265 
NROWS 230 
XLLCORNER -115.5625 
YLLCORNER 24.8333333333333 
CELLSIZE 0.0833333333333333 
NODATA_value -9999 
[rows 140 to 159 of 230, columns 184 to 229 of 265]
39.8678256352743 39.7362877527873 39.6047498703003 39.4705024401347 39.3353518274095 39.2002012146844 39.0650506019592 38.9298999892341 38.7947493765089 38.6595987637838 38.5210723029243 38.3724182976617 38.2237642923991 38.0751102871365 37.9264562818739 37.7778022766113 37.6291482713488 37.4804942660862 37.3703535715739 37.2730506473117 37.1757477230496 37.0784447987874 36.9811418745253 36.8838389502631 36.786536026001 36.6745520273845 36.5185248057048 36.3624975840251 36.2064703623454 36.0504431406657 35.894415918986 35.7383886973063 35.5823614756267 35.4154548962911 35.2449218644037 35.0743888325162 34.9038558006287 34.7333227687412 34.5627897368537 34.3922567049662 34.2232603708903 34.0588741302491 33.8944878896078 33.7301016489665 33.5657154083252 33.4013291676839
39.9948101679484 39.8697532018026 39.7446962356568 39.6128033002218 39.4786317083571 39.3444601164924 39.2102885246277 39.076116932763 38.9419453408983 38.8077737490336 38.6693762037489 38.5183007982042 38.3672253926595 38.2161499871148 38.0650745815701 37.9139991760254 37.7629237704807 37.611848364936 37.49981396993 37.4007932451036 37.3017725202772 37.2027517954508 37.1037310706245 37.0047103457981 36.9056896209717 36.7914831797282 36.6317195892334 36.4719559987386 36.3121924082438 36.1524288177491 35.9926652272542 35.8329016367595 35.6731380462647 35.5054050127665 35.3350154982673 35.1646259837681 34.9942364692688 34.8238469547696 34.6534574402704 34.4830679257711 34.3135224660238 34.1465091705323 33.9794958750407 33.8124825795492 33.6454692840577 33.4784559885661
40.1217947006226 40.0032186508179 39.8846426010132 39.7551041603088 39.6219115893046 39.4887190183004 39.3555264472961 39.2223338762919 39.0891413052877 38.9559487342834 38.8176801045736 38.6641832987468 38.5106864929199 38.3571896870931 38.2036928812663 38.0501960754395 37.8966992696126 37.7432024637858 37.6292743682861 37.5285358428955 37.4277973175049 37.3270587921143 37.2263202667236 37.125581741333 37.0248432159424 36.908414332072 36.7449143727621 36.5814144134522 36.4179144541423 36.2544144948324 36.0909145355225 35.9274145762126 35.7639146169027 35.595355129242 35.425109132131 35.25486313502 35.084617137909 34.914371140798 34.744125143687 34.573879146576 34.4037845611572 34.2341442108155 34.0645038604736 33.8948635101319 33.7252231597901 33.5555828094483
40.2487792332967 40.1366840998332 40.0245889663696 39.8974050203959 39.7651914702521 39.6329779201084 39.5007643699646 39.3685508198208 39.2363372696771 39.1041237195333 38.9659840053982 38.8100657992893 38.6541475931803 38.4982293870714 38.3423111809625 38.1863929748535 38.0304747687446 37.8745565626357 37.7587347666423 37.6562784406874 37.5538221147325 37.4513657887777 37.3489094628228 37.246453136868 37.1439968109131 37.0253454844157 36.8581091562907 36.6908728281657 36.5236365000407 36.3564001719157 36.1891638437907 36.0219275156657 35.8546911875407 35.6853052457174 35.5152027659946 35.3451002862719 35.1749978065491 35.0048953268263 34.8347928471036 34.6646903673808 34.4940466562907 34.3217792510987 34.1495118459066 33.9772444407145 33.8049770355225 33.6327096303304
40.3412568728129 40.2307064798143 40.1201560868158 39.9956378936768 39.8664637671577 39.7372896406386 39.6081155141195 39.4789413876004 39.3497672610813 39.2205931345622 39.0845849672953 38.9280746777853 38.7715643882752 38.6150540987651 38.458543809255 38.3020335197449 38.1455232302348 37.9890129407247 37.8720111211141 37.76817879147 37.6643464618259 37.5605141321818 37.4566818025377 37.3528494728936 37.2490171432495 37.1291612307231 36.9612345695496 36.7933079083761 36.6253812472026 36.4574545860291 36.2895279248556 36.1216012636821 35.9536746025086 35.7836571375529 35.6129427380032 35.4422283384535 35.2715139389038 35.1007995393541 34.9300851398045 34.7593707402547 34.5882637023926 34.4159787495931 34.2436937967936 34.0714088439942 33.8991238911947 33.7268389383952
40.3992276191711 40.2852857907613 40.1713439623515 40.0498027801514 39.9257284800212 39.801654179891 39.6775798797608 39.5535055796306 39.4294312795003 39.3053569793701 39.1734829902649 39.0182099342347 38.8629368782044 38.7076638221741 38.5523907661438 38.3971177101135 38.2418446540833 38.086571598053 37.9691034317017 37.8642368952433 37.759370358785 37.6545038223267 37.5496372858683 37.44477074941 37.3399042129517 37.2198615709941 37.0542906125387 36.8887196540833 36.7231486956279 36.5575777371725 36.3920067787171 36.2264358202617 36.0608648618063 35.8904108047485 35.7183290481568 35.546247291565 35.3741655349732 35.2020837783814 35.0300020217896 34.8579202651978 34.6864356994629 34.5167427062989 34.3470497131348 34.1773567199707 34.0076637268067 33.8379707336426
40.4571983655294 40.3398651017083 40.2225318378873 40.103967666626 39.9849931928847 39.8660187191434 39.747044245402 39.6280697716607 39.5090952979194 39.3901208241781 39.2623810132345 39.108345190684 38.9543093681336 38.8002735455831 38.6462377230327 38.4922019004822 38.3381660779317 38.1841302553813 38.0661957422892 37.9602949990167 37.8543942557441 37.7484935124715 37.642592769199 37.5366920259264 37.4307912826538 37.3105619112651 37.1473466555278 36.9841313997905 36.8209161440532 36.6577008883159 36.4944856325785 36.3312703768412 36.168055121104 35.9971644719442 35.8237153583103 35.6502662446764 35.4768171310425 35.3033680174086 35.1299189037747 34.9564697901408 34.7846076965332 34.6175066630046 34.4504056294759 34.2833045959473 34.1162035624187 33.94910252889
40.5151691118876 40.3944444126553 40.273719713423 40.1581325531006 40.0442579057482 39.9303832583958 39.8165086110433 39.7026339636909 39.5887593163385 39.474884668986 39.351279036204 39.1984804471334 39.0456818580628 38.8928832689921 38.7400846799215 38.5872860908508 38.4344875017802 38.2816889127096 38.1632880528768 38.05635310279 37.9494181527032 37.8424832026164 37.7355482525296 37.6286133024428 37.521678352356 37.4012622515361 37.2404026985169 37.0795431454977 36.9186835924785 36.7578240394593 36.59696448644 36.4361049334208 36.2752453804016 36.1039181391398 35.9291016684638 35.7542851977879 35.5794687271118 35.4046522564358 35.2298357857599 35.0550193150838 34.8827796936035 34.7182706197103 34.5537615458171 34.3892524719239 34.2247433980306 34.0602343241374
40.5731398582459 40.4490237236023 40.3249075889588 40.2122974395752 40.1035226186117 39.9947477976481 39.8859729766846 39.777198155721 39.6684233347575 39.559648513794 39.4401770591736 39.2886157035828 39.137054347992 38.9854929924011 38.8339316368103 38.6823702812195 38.5308089256287 38.3792475700379 38.2603803634644 38.1524112065633 38.0444420496623 37.9364728927612 37.8285037358602 37.7205345789592 37.6125654220581 37.4919625918071 37.333458741506 37.1749548912048 37.0164510409037 36.8579471906027 36.6994433403015 36.5409394900004 36.3824356396993 36.2106718063355 36.0344879786174 35.8583041508993 35.6821203231812 35.5059364954631 35.329752667745 35.1535688400269 34.9809516906738 34.819034576416 34.6571174621582 34.4952003479004 34.3332832336426 34.1713661193848
40.6311106046041 40.5036030345493 40.3760954644945 40.2664623260498 40.1627873314752 40.0591123369005 39.9554373423259 39.8517623477512 39.7480873531766 39.6444123586019 39.5290750821432 39.3787509600322 39.2284268379211 39.0781027158102 38.9277785936992 38.7774544715881 38.6271303494771 38.4768062273662 38.3574726740519 38.2484693103367 38.1394659466214 38.0304625829061 37.9214592191908 37.8124558554756 37.7034524917603 37.5826629320781 37.4265147844951 37.270366636912 37.114218489329 36.958070341746 36.801922194163 36.64577404658 36.489625898997 36.3174254735311 36.1398742887709 35.9623231040107 35.7847719192505 35.6072207344903 35.4296695497301 35.2521183649699 35.0791236877442 34.9197985331218 34.7604733784994 34.601148223877 34.4418230692546 34.2824979146322
40.6874186515808 40.5606813960605 40.4339441405403 40.3264182726542 40.2252962006463 40.1241741286384 40.0230520566305 39.9219299846226 39.8208079126146 39.7196858406067 39.6053243849013 39.4512447781033 39.2971651713054 39.1430855645074 38.9890059577095 38.8349263509115 38.6808467441135 38.5267671373156 38.4067681312561 38.2981293254429 38.1894905196296 38.0808517138163 37.9722129080031 37.8635741021898 37.7549352963766 37.6355960845948 37.4841556549073 37.3327152252197 37.1812747955323 37.0298343658448 36.8783939361572 36.7269535064697 36.5755130767823 36.4056676864624 36.2296873092652 36.0537069320679 35.8777265548706 35.7017461776734 35.5257658004761 35.3497854232788 35.179523923662 35.0264190567865 34.8733141899109 34.7202093230354 34.5671044561598 34.4139995892843
40.742063999176 40.620258808136 40.498453617096 40.3921652793884 40.2910492261251 40.1899331728618 40.0888171195984 39.9877010663351 39.8865850130717 39.7854689598084 39.668924967448 39.5060971577963 39.3432693481446 39.1804415384929 39.0176137288412 38.8547859191895 38.6919581095378 38.5291302998861 38.4082667350769 38.3013912518819 38.194515768687 38.087640285492 37.980764802297 37.873889319102 37.767013835907 37.6507620493571 37.5063813527425 37.3620006561279 37.2176199595134 37.0732392628988 36.9288585662842 36.7844778696696 36.640097173055 36.4753984451294 36.3039270401001 36.1324556350708 35.9609842300415 35.7895128250122 35.6180414199829 35.4465700149536 35.2821523984273 35.1388961474101 34.9956398963928 34.8523836453756 34.7091273943583 34.5658711433411
40.7967093467713 40.6798362202115 40.5629630936517 40.4579122861226 40.3568022516039 40.2556922170851 40.1545821825663 40.0534721480476 39.9523621135288 39.85125207901 39.7325255499946 39.5609495374892 39.3893735249837 39.2177975124783 39.0462214999729 38.8746454874675 38.7030694749621 38.5314934624566 38.4097653388977 38.304653178321 38.1995410177443 38.0944288571676 37.9893166965909 37.8842045360142 37.7790923754374 37.6659280141195 37.5286070505778 37.3912860870361 37.2539651234945 37.1166441599528 36.9793231964112 36.8420022328695 36.7046812693278 36.5451292037964 36.3781667709351 36.2112043380738 36.0442419052124 35.8772794723511 35.7103170394898 35.5433546066284 35.3847808731927 35.2513732380337 35.1179656028748 34.9845579677158 34.8511503325568 34.7177426973979
40.8513546943665 40.7394136322869 40.6274725702074 40.5236592928569 40.4225552770827 40.3214512613085 40.2203472455343 40.1192432297601 40.0181392139859 39.9170351982117 39.7961261325413 39.6158019171821 39.4354777018229 39.2551534864638 39.0748292711046 38.8945050557455 38.7141808403863 38.5338566250272 38.4112639427185 38.3079151047601 38.2045662668016 38.1012174288432 37.9978685908848 37.8945197529263 37.7911709149679 37.6810939788819 37.5508327484131 37.4205715179444 37.2903102874756 37.1600490570069 37.0297878265381 36.8995265960694 36.7692653656006 36.6148599624634 36.45240650177 36.2899530410767 36.1274995803833 35.96504611969 35.8025926589966 35.6401391983032 35.487409347958 35.3638503286574 35.2402913093567 35.116732290056 34.9931732707553 34.8696142514547
40.9060000419617 40.7989910443624 40.6919820467631 40.5894062995911 40.4883083025615 40.3872103055318 40.2861123085022 40.1850143114726 40.083916314443 39.9828183174133 39.8597267150879 39.670654296875 39.4815818786621 39.2925094604493 39.1034370422364 38.9143646240235 38.7252922058106 38.5362197875977 38.4127625465393 38.3111770311992 38.209591515859 38.1080060005188 38.0064204851787 37.9048349698385 37.8032494544983 37.6962599436442 37.5730584462484 37.4498569488526 37.3266554514567 37.2034539540609 37.0802524566651 36.9570509592692 36.8338494618734 36.6845907211304 36.526646232605 36.3687017440796 36.2107572555542 36.0528127670288 35.8948682785035 35.736923789978 35.5900378227234 35.476327419281 35.3626170158386 35.2489066123962 35.1351962089539 35.0214858055115
40.9606453895569 40.8585684564379 40.7564915233188 40.6551533063253 40.5540613280402 40.4529693497552 40.3518773714701 40.2507853931851 40.1496934149001 40.048601436615 39.9233272976346 39.725506676568 39.5276860555013 39.3298654344347 39.1320448133681 38.9342241923015 38.7364035712349 38.5385829501682 38.4142611503601 38.3144389576382 38.2146167649163 38.1147945721944 38.0149723794725 37.9151501867507 37.8153279940287 37.7114259084066 37.5952841440837 37.4791423797608 37.3630006154378 37.2468588511149 37.130717086792 37.0145753224691 36.8984335581462 36.7543214797974 36.60088596344 36.4474504470826 36.2940149307251 36.1405794143677 35.9871438980103 35.8337083816528 35.6926662974887 35.5888045099047 35.4849427223206 35.3810809347365 35.2772191471524 35.1733573595683
40.9918807665507 40.89232661989 40.7927724732293 40.688716284434 40.5831594149272 40.4776025454204 40.3720456759135 40.2664888064067 40.1609319368999 40.055375067393 39.9256232049731 39.7232863638137 39.5209495226543 39.3186126814949 39.1162758403355 38.9139389991761 38.7116021580167 38.5092653168573 38.3872719128927 38.2920596546597 38.1968473964268 38.1016351381938 38.0064228799608 37.9112106217279 37.8159983634949 37.7171684159173 37.6074854003059 37.4978023846944 37.388119369083 37.2784363534716 37.1687533378601 37.0590703222487 36.9493873066373 36.8107255617778 36.6624042405023 36.5140829192268 36.3657615979513 36.2174402766758 36.0691189554003 35.9207976341248 35.786423640781 35.6938916312324 35.6013596216837 35.5088276121351 35.4162956025865 35.3237635930379
40.9997061729431 40.9002655347189 40.8008248964946 40.6900952339173 40.5756025632223 40.4611098925273 40.3466172218323 40.2321245511373 40.1176318804423 40.0031392097473 39.8666144371033 39.6639933586121 39.4613722801209 39.2587512016297 39.0561301231385 38.8535090446473 38.6508879661561 38.4482668876649 38.331794834137 38.2440391222636 38.1562834103903 38.0685276985169 37.9807719866435 37.8930162747701 37.8052605628967 37.7134874661764 37.609662214915 37.5058369636536 37.4020117123922 37.2981864611308 37.1943612098694 37.090535958608 36.9867107073466 36.8538029670716 36.7112010637919 36.5685991605123 36.4259972572327 36.2833953539531 36.1407934506734 35.9981915473938 35.8713098526001 35.7915887832642 35.7118677139282 35.6321466445923 35.5524255752563 35.4727045059204
41.0075315793355 40.9082044495477 40.8088773197598 40.6914741834005 40.5680457115174 40.4446172396342 40.3211887677511 40.197760295868 40.0743318239848 39.9509033521017 39.8076056692336 39.6047003534106 39.4017950375875 39.1988897217645 38.9959844059415 38.7930790901185 38.5901737742954 38.3872684584724 38.2763177553813 38.1960185898675 38.1157194243537 38.0354202588399 37.9551210933262 37.8748219278124 37.7945227622986 37.7098065164354 37.6118390295241 37.5138715426127 37.4159040557014 37.31793656879 37.2199690818787 37.1220015949673 37.024034108056 36.8968803723653 36.7599978870816 36.6231154017979 36.4862329165141 36.3493504312304 36.2124679459466 36.0755854606629 35.9561960644192 35.889285935296 35.8223758061727 35.7554656770494 35.6885555479262 35.6216454188029
41.015356985728 40.9161433643765 40.8169297430251 40.6928531328837 40.5604888598124 40.4281245867412 40.2957603136699 40.1633960405986 40.0310317675273 39.898667494456 39.7485969013639 39.545407348209 39.3422177950542 39.1390282418993 38.9358386887445 38.7326491355896 38.5294595824348 38.32627002928 38.2208406766256 38.1479980574714 38.0751554383172 38.002312819163 37.9294702000088 37.8566275808546 37.7837849617005 37.7061255666945 37.6140158441332 37.5219061215719 37.4297963990106 37.3376866764493 37.245576953888 37.1534672313266 37.0613575087653 36.9399577776591 36.8087947103713 36.6776316430834 36.5464685757955 36.4153055085076 36.2841424412198 36.1529793739319 36.0410822762383 35.9869830873277 35.9328838984171 35.8787847095066 35.824685520596 35.7705863316854
