data/working_set_collections/6091692-Cassins_Sparrow-MC/1985/bio3.asc
NCOLS 265 
NROWS 230 
XLLCORNER -115.5625 
YLLCORNER 24.8333333333333 
CELLSIZE 0.0833333333333333 
NODATA_value -9999 
[rows 80 to 99 of 230, columns 138 to 183 of 265]
40.999941529168 40.9961287816365 40.9923160341051 40.9885032865736 40.9430732091268 40.8837706883748 40.8244681676229 40.7651656468709 40.705863126119 40.646560605367 40.587258084615 40.5199437353346 40.4285939004686 40.3372440656026 40.2458942307366 40.1545443958706 40.0631945610046 39.9718447261386 39.8804948912727 39.8174377759298 39.7638115670946 39.7101853582594 39.6565591494242 39.6029329405891 39.5493067317539 39.4956805229187 39.4200974994236 39.2786440319485 39.1371905644735 38.9957370969984 38.8542836295234 38.7128301620484 38.5713766945733 38.4299232270983 38.3004474957784 38.174964343177 38.0494811905755 37.923998037974 37.7985148853726 37.6730317327712 37.5475485801697 37.4176948123508 37.2747291988797 37.1317635854085 36.9887979719374 36.8458323584663
41.0823926077949 41.0732994715373 41.0642063352797 41.0551131990221 41.0240173975627 40.9855873743693 40.9471573511759 40.9087273279826 40.8702973047892 40.8318672815959 40.7934372584025 40.7390265252855 40.6366736623976 40.5343207995097 40.4319679366218 40.3296150737339 40.2272622108459 40.124909347958 40.0225564850701 39.9500522295634 39.8874975098504 39.8249427901374 39.7623880704244 39.6998333507114 39.6372786309984 39.5747239112854 39.491926934984 39.3484031889174 39.2048794428508 39.0613556967841 38.9178319507175 38.7743082046509 38.6307844585843 38.4872607125177 38.3599754015605 38.2381029023065 38.1162304030525 37.9943579037984 37.8724854045444 37.7506129052904 37.6287404060364 37.5018458472358 37.3598851097955 37.2179243723552 37.0759636349148 36.9340028974745
41.1648436864217 41.150470161438 41.1360966364543 41.1217231114705 41.1049615859985 41.0874040603638 41.069846534729 41.0522890090942 41.0347314834594 41.0171739578247 40.9996164321899 40.9581093152364 40.8447534243266 40.7313975334167 40.6180416425069 40.5046857515971 40.3913298606872 40.2779739697774 40.1646180788676 40.082666683197 40.0111834526062 39.9397002220154 39.8682169914246 39.7967337608337 39.7252505302429 39.6537672996521 39.5637563705445 39.4181623458863 39.272568321228 39.1269742965698 38.9813802719116 38.8357862472534 38.6901922225952 38.544598197937 38.4195033073425 38.301241461436 38.1829796155294 38.0647177696228 37.9464559237162 37.8281940778097 37.7099322319031 37.5859968821208 37.4450410207113 37.3040851593018 37.1631292978923 37.0221734364828
41.2472947650486 41.2276408513387 41.2079869376288 41.188333023919 41.1859057744344 41.1892207463582 41.192535718282 41.1958506902059 41.1991656621297 41.2024806340535 41.2057956059774 41.1771921051873 41.0528331862556 40.9284742673238 40.8041153483921 40.6797564294603 40.5553975105286 40.4310385915968 40.3066796726651 40.2152811368306 40.134869395362 40.0544576538934 39.9740459124247 39.8936341709561 39.8132224294874 39.7328106880188 39.6355858061049 39.4879215028551 39.3402571996053 39.1925928963555 39.0449285931058 38.897264289856 38.7495999866062 38.6019356833564 38.4790312131246 38.3643800205655 38.2497288280063 38.1350776354472 38.0204264428881 37.9057752503289 37.7911240577698 37.6701479170058 37.5301969316271 37.3902459462484 37.2502949608697 37.110343975491
41.3463130209181 41.3167504310608 41.2871878412035 41.2576252513462 41.2569204330444 41.2658348719279 41.2747493108114 41.2836637496948 41.2925781885783 41.3014926274617 41.3104070663452 41.2856276724074 41.1597667800056 41.0339058876038 40.908044995202 40.7821841028002 40.6563232103984 40.5304623179966 40.4046014255948 40.3068019866943 40.2183563656277 40.1299107445611 40.0414651234945 39.9530195024279 39.8645738813612 39.7761282602946 39.673224067688 39.5269441604615 39.3806642532349 39.2343843460083 39.0881044387818 38.9418245315552 38.7955446243286 38.6492647171021 38.5258589744568 38.4100779533386 38.2942969322205 38.1785159111023 38.0627348899842 37.946953868866 37.8311728477478 37.7089357058207 37.5673302014669 37.4257246971131 37.2841191927592 37.1425136884054
41.4618984540303 41.4177989006042 41.3736993471781 41.329599793752 41.3180055618286 41.3172464370727 41.3164873123169 41.315728187561 41.3149690628052 41.3142099380493 41.3134508132935 41.2834160168966 41.1655542055766 41.0476923942566 40.9298305829366 40.8119687716166 40.6941069602966 40.5762451489767 40.4583833376567 40.3572292327881 40.2616443634033 40.1660594940186 40.0704746246338 39.974889755249 39.8793048858643 39.7837200164795 39.6766711552938 39.5352303187053 39.3937894821167 39.2523486455282 39.1109078089397 38.9694669723511 38.8280261357626 38.686585299174 38.5599865913391 38.4383352597555 38.3166839281718 38.1950325965882 38.0733812650045 37.9517299334209 37.8300786018372 37.7023602485657 37.5564408302308 37.4105214118958 37.2646019935608 37.1186825752259
41.5774838871426 41.5188473701477 41.4602108531528 41.4015743361579 41.3790906906128 41.3686580022176 41.3582253138224 41.3477926254272 41.3373599370321 41.3269272486369 41.3164945602417 41.2812043613858 41.1713416311476 41.0614789009094 40.9516161706713 40.8417534404331 40.7318907101949 40.6220279799568 40.5121652497186 40.4076564788818 40.304932361179 40.202208243476 40.0994841257731 39.9967600080702 39.8940358903673 39.7913117726644 39.6801182428996 39.5435164769491 39.4069147109986 39.270312945048 39.1337111790975 38.997109413147 38.8605076471965 38.723905881246 38.5941142082215 38.4665925661723 38.3390709241232 38.211549282074 38.0840276400248 37.9565059979757 37.8289843559265 37.6957847913107 37.5455514589946 37.3953181266785 37.2450847943624 37.0948514620463
41.6930693202549 41.6198958396912 41.5467223591275 41.4735488785638 41.440175819397 41.4200695673625 41.399963315328 41.3798570632935 41.359750811259 41.3396445592245 41.31953830719 41.278992705875 41.1771290567186 41.0752654075623 40.9734017584059 40.8715381092496 40.7696744600932 40.6678108109368 40.5659471617805 40.4580837249756 40.3482203589546 40.2383569929335 40.1284936269125 40.0186302608914 39.9087668948704 39.7989035288493 39.6835653305054 39.5518026351929 39.4200399398804 39.2882772445679 39.1565145492554 39.0247518539429 38.8929891586304 38.7612264633179 38.6282418251038 38.4948498725891 38.3614579200745 38.2280659675598 38.0946740150452 37.9612820625306 37.8278901100159 37.6892093340556 37.5346620877584 37.3801148414612 37.225567595164 37.0710203488668
41.8086547533671 41.7209443092346 41.6332338651021 41.5455234209697 41.5012609481811 41.4714811325073 41.4417013168335 41.4119215011597 41.3821416854858 41.352361869812 41.3225820541382 41.2767810503642 41.1829164822897 41.0890519142151 40.9951873461406 40.901322778066 40.8074582099915 40.7135936419169 40.6197290738424 40.5085109710693 40.3915083567302 40.274505742391 40.1575031280518 40.0405005137126 39.9234978993734 39.8064952850342 39.6870124181112 39.5600887934367 39.4331651687622 39.3062415440877 39.1793179194133 39.0523942947388 38.9254706700643 38.7985470453898 38.6623694419861 38.523107179006 38.3838449160258 38.2445826530457 38.1053203900655 37.9660581270854 37.8267958641052 37.6826338768006 37.5237727165223 37.3649115562439 37.2060503959656 37.0471892356873
41.9242401864794 41.8219927787781 41.7197453710768 41.6174979633755 41.5623460769653 41.5228926976522 41.483439318339 41.4439859390259 41.4045325597127 41.3650791803996 41.3256258010864 41.2745693948534 41.1887039078607 41.1028384208679 41.0169729338752 40.9311074468825 40.8452419598897 40.759376472897 40.6735109859043 40.5589382171631 40.4347963545058 40.3106544918484 40.1865126291911 40.0623707665338 39.9382289038764 39.8140870412191 39.690459505717 39.5683749516805 39.4462903976441 39.3242058436076 39.2021212895712 39.0800367355347 38.9579521814982 38.8358676274618 38.6964970588684 38.5513644854228 38.4062319119772 38.2610993385315 38.1159667650859 37.9708341916403 37.8257016181946 37.6760584195455 37.5128833452861 37.3497082710266 37.1865331967672 37.0233581225078
42.0426288392809 41.937034034729 41.8314392301771 41.7258444256253 41.6606629053751 41.6089524798923 41.5572420544095 41.5055316289266 41.4538212034437 41.4021107779609 41.350400352478 41.2904442045424 41.2057508892483 41.1210575739543 41.0363642586602 40.9516709433662 40.8669776280721 40.7822843127781 40.697590997484 40.5808714548747 40.4534765031603 40.3260815514459 40.1986865997315 40.0712916480171 39.9438966963027 39.8165017445882 39.6913406478034 39.5728811158075 39.4544215838115 39.3359620518155 39.2175025198195 39.0990429878235 38.9805834558275 38.8621239238316 38.7222792943319 38.5753062989977 38.4283333036635 38.2813603083293 38.1343873129951 37.9874143176609 37.8404413223267 37.6885683377584 37.5219953854879 37.3554224332174 37.1888494809469 37.0222765286764
42.1638207117716 42.0660680770874 41.9683154424032 41.8705628077189 41.7962114334106 41.7296604792277 41.6631095250448 41.5965585708618 41.5300076166789 41.4634566624959 41.396905708313 41.3244054794312 41.2340574264527 41.1437093734741 41.0533613204956 40.9630132675171 40.8726652145386 40.7823171615601 40.6919691085816 40.5743106842041 40.4475488026937 40.3207869211833 40.1940250396729 40.0672631581625 39.9405012766521 39.8137393951416 39.6896558443705 39.5736072858175 39.4575587272644 39.3415101687114 39.2254616101583 39.1094130516052 38.9933644930522 38.8773159344991 38.7397161483765 38.5949326197307 38.4501490910848 38.305365562439 38.1605820337932 38.0157985051473 37.8710149765015 37.7201636314392 37.5511088371277 37.3820540428162 37.2129992485047 37.0439444541932
42.2850125842624 42.1951021194458 42.1051916546292 42.0152811898126 41.9317599614461 41.8503684785631 41.7689769956801 41.687585512797 41.606194029914 41.524802547031 41.443411064148 41.35836675432 41.262363963657 41.166361172994 41.070358382331 40.974355591668 40.8783528010051 40.7823500103421 40.6863472196791 40.5677499135336 40.4416211022271 40.3154922909207 40.1893634796143 40.0632346683079 39.9371058570014 39.810977045695 39.6879710409377 39.5743334558275 39.4606958707174 39.3470582856073 39.2334207004971 39.119783115387 39.0061455302769 38.8925079451667 38.7571530024211 38.6145589404636 38.4719648785062 38.3293708165487 38.1867767545912 38.0441826926338 37.9015886306763 37.7517589251201 37.5802222887675 37.408685652415 37.2371490160625 37.0656123797099
42.4062044567532 42.3241361618042 42.2420678668552 42.1599995719062 42.0673084894816 41.9710764778985 41.8748444663154 41.7786124547323 41.6823804431492 41.586148431566 41.4899164199829 41.3923280292087 41.2906705008613 41.1890129725139 41.0873554441664 40.985697915819 40.8840403874715 40.7823828591241 40.6807253307767 40.561189142863 40.4356934017606 40.3101976606581 40.1847019195557 40.0592061784533 39.9337104373508 39.8082146962484 39.6862862375048 39.5750596258376 39.4638330141703 39.3526064025031 39.2413797908359 39.1301531791687 39.0189265675015 38.9076999558343 38.7745898564657 38.6341852611966 38.4937806659275 38.3533760706584 38.2129714753893 38.0725668801202 37.9321622848511 37.7833542188009 37.6093357404073 37.4353172620138 37.2612987836202 37.0872803052267
42.527396329244 42.4531702041626 42.3789440790812 42.3047179539998 42.2028570175171 42.0917844772339 41.9807119369507 41.8696393966675 41.7585668563843 41.6474943161011 41.5364217758179 41.4262893040975 41.3189770380656 41.2116647720337 41.1043525060018 40.9970402399699 40.889727973938 40.7824157079061 40.6751034418742 40.5546283721924 40.429765701294 40.3049030303955 40.1800403594971 40.0551776885987 39.9303150177002 39.8054523468018 39.6846014340719 39.5757857958476 39.4669701576233 39.358154519399 39.2493388811748 39.1405232429505 39.0317076047262 38.9228919665019 38.7920267105103 38.6538115819296 38.5155964533488 38.3773813247681 38.2391661961874 38.1009510676066 37.9627359390259 37.8149495124817 37.6384491920472 37.4619488716126 37.285448551178 37.1089482307435
42.6485882017348 42.582204246521 42.5158202913072 42.4494363360935 42.3384055455526 42.2124924765693 42.086579407586 41.9606663386027 41.8347532696194 41.7088402006362 41.5829271316528 41.4602505789863 41.3472835752699 41.2343165715536 41.1213495678372 41.0083825641209 40.8954155604045 40.7824485566881 40.6694815529718 40.5480676015218 40.4238380008274 40.299608400133 40.1753787994385 40.0511491987441 39.9269195980496 39.8026899973552 39.682916630639 39.5765119658576 39.4701073010763 39.3637026362949 39.2572979715136 39.1508933067322 39.0444886419508 38.9380839771695 38.8094635645549 38.6734379026625 38.5374122407702 38.4013865788778 38.2653609169854 38.1293352550931 37.9933095932007 37.8465448061626 37.667562643687 37.4885804812114 37.3095983187358 37.1306161562602
42.7034888267517 42.6434868176778 42.5834848086039 42.52348279953 42.4106379826864 42.2801788965861 42.1497198104859 42.0192607243856 41.8888016382853 41.7583425521851 41.6278834660848 41.5015347056919 41.387516922421 41.27349913915 41.1594813558791 41.0454635726081 40.9314457893372 40.8174280060662 40.7034102227953 40.5803433100383 40.4542600207859 40.3281767315335 40.2020934422811 40.0760101530287 39.9499268637763 39.8238435745239 39.7020647260878 39.5931992001004 39.484333674113 39.3754681481256 39.2666026221382 39.1577370961507 39.0488715701633 38.9400060441759 38.8134156862895 38.6809170511034 38.5484184159173 38.4159197807312 38.2834211455451 38.150922510359 38.018423875173 37.8741969002618 37.6947849061754 37.5153729120891 37.3359609180027 37.1565489239163
42.6920982042949 42.6370179176331 42.5819376309713 42.5268573443095 42.4195543289185 42.2948437372844 42.1701331456503 42.0454225540161 41.920711962382 41.7960013707479 41.6712907791138 41.5501416842143 41.4396770795187 41.329212474823 41.2187478701274 41.1082832654317 40.9978186607361 40.8873540560405 40.7768894513448 40.6514554977417 40.5210317611694 40.3906080245972 40.2601842880249 40.1297605514527 39.9993368148804 39.8689130783081 39.7420457204183 39.6258474985759 39.5096492767334 39.393451054891 39.2772528330485 39.1610546112061 39.0448563893636 38.9286581675212 38.8038830757141 38.6762490272522 38.5486149787903 38.4209809303284 38.2933468818665 38.1657128334046 38.0380787849426 37.8979057947795 37.7201159795126 37.5423261642456 37.3645363489787 37.1867465337118
42.680707581838 42.6305490175883 42.5803904533386 42.530231889089 42.4284706751506 42.3095085779826 42.1905464808146 42.0715843836467 41.9526222864787 41.8336601893107 41.7146980921428 41.5987486627367 41.4918372366164 41.384925810496 41.2780143843757 41.1711029582554 41.064191532135 40.9572801060147 40.8503686798944 40.7225676854452 40.587803501553 40.4530393176609 40.3182751337687 40.1835109498766 40.0487467659845 39.9139825820923 39.7820267147488 39.6584957970514 39.5349648793539 39.4114339616564 39.2879030439589 39.1643721262614 39.0408412085639 38.9173102908665 38.7943504651388 38.671581003401 38.5488115416633 38.4260420799256 38.3032726181878 38.1805031564501 38.0577336947123 37.9216146892972 37.7454470528497 37.5692794164022 37.3931117799547 37.2169441435073
42.6693169593811 42.6240801175435 42.578843275706 42.5336064338684 42.4373870213827 42.3241734186809 42.210959815979 42.0977462132772 41.9845326105754 41.8713190078736 41.7581054051717 41.6473556412591 41.5439973937141 41.440639146169 41.337280898624 41.233922651079 41.130564403534 41.0272061559889 40.9238479084439 40.7936798731486 40.6545752419366 40.5154706107246 40.3763659795125 40.2372613483005 40.0981567170885 39.9590520858765 39.8220077090793 39.6911440955268 39.5602804819743 39.4294168684218 39.2985532548693 39.1676896413168 39.0368260277642 38.9059624142117 38.7848178545634 38.6669129795499 38.5490081045363 38.4311032295227 38.3131983545092 38.1952934794956 38.077388604482 37.9453235838149 37.7707781261868 37.5962326685588 37.4216872109308 37.2471417533027
