data/working_set_collections/6091692-Cassins_Sparrow-MC/1985/bio3.asc
NCOLS 265 
NROWS 230 
XLLCORNER -115.5625 
YLLCORNER 24.8333333333333 
CELLSIZE 0.0833333333333333 
NODATA_value -9999 
[rows 60 to 79 of 230, columns 92 to 137 of 265]
35.6994676060147 35.6701845063103 35.640901406606 35.6116183069017 35.5823352071974 35.3115714073182 34.9603140407139 34.6090566741096 34.2577993075053 33.9065419409011 33.5552845742967 33.2040272076925 32.9851543108621 33.163434823354 33.3417153358459 33.5199958483377 33.6982763608296 33.8765568733215 34.0548373858133 34.2331178983052 34.711162662506 35.2891288439431 35.8670950253804 36.4450612068175 37.0230273882547 37.6009935696919 38.178959751129 38.6506036546495 38.8032807244194 38.9559577941894 39.1086348639594 39.2613119337293 39.4139890034993 39.5666660732693 39.7193431430392 39.6834050178528 39.5845951610141 39.4857853041755 39.3869754473368 39.2881655904982 39.1893557336596 39.0905458768209 39.0044902271695 38.9566971990797 38.90890417099 38.8611111429003
35.8408019065857 35.8113978385925 35.7819937705993 35.7525897026062 35.723185634613 35.4669880867005 35.1351927121481 34.8033973375956 34.4716019630432 34.1398065884908 33.8080112139384 33.476215839386 33.2681028048197 33.4310367902119 33.5939707756042 33.7569047609964 33.9198387463887 34.0827727317809 34.2457067171732 34.4086407025655 34.8762888908385 35.4455084800719 36.0147280693053 36.5839476585387 37.1531672477721 37.7223868370055 38.2916064262389 38.7571461995442 38.911646525065 39.0661468505859 39.2206471761067 39.3751475016275 39.5296478271484 39.6841481526692 39.83864847819 39.8014090538025 39.7002563794454 39.5991037050883 39.4979510307312 39.3967983563741 39.295645682017 39.1944930076599 39.1068074226379 39.0595231056213 39.0122387886047 38.9649544715881
35.9821362071567 35.9526111708747 35.9230861345927 35.8935610983107 35.8640360620287 35.6224047660828 35.3100713835823 34.9977380010817 34.6854046185812 34.3730712360806 34.06073785358 33.7484044710795 33.5510512987772 33.6986387570699 33.8462262153625 33.9938136736551 34.1414011319478 34.2889885902404 34.4365760485331 34.5841635068257 35.041415119171 35.6018881162006 36.1623611132303 36.7228341102599 37.2833071072895 37.8437801043192 38.4042531013488 38.863688744439 39.0200123257107 39.1763359069824 39.3326594882541 39.4889830695258 39.6453066507975 39.8016302320692 39.9579538133409 39.9194130897522 39.8159175978766 39.7124221060011 39.6089266141256 39.50543112225 39.4019356303745 39.2984401384989 39.2091246181064 39.162349012163 39.1155734062195 39.068797800276
36.1234705077277 36.0938245031569 36.064178498586 36.0345324940152 36.0048864894443 35.7778214454651 35.4849500550165 35.1920786645677 34.8992072741191 34.6063358836704 34.3134644932217 34.020593102773 33.8339997927347 33.9662407239278 34.0984816551208 34.2307225863138 34.3629635175069 34.4952044486999 34.6274453798929 34.759686311086 35.2065413475036 35.7582677523294 36.3099941571553 36.8617205619811 37.4134469668069 37.9651733716328 38.5168997764586 38.9702312893337 39.1283781263563 39.2865249633789 39.4446718004014 39.602818637424 39.7609654744466 39.9191123114691 40.0772591484917 40.0374171257019 39.9315788163079 39.8257405069139 39.7199021975199 39.614063888126 39.508225578732 39.402387269338 39.3114418135749 39.2651749187046 39.2189080238342 39.1726411289639
36.2648048082987 36.235037835439 36.2052708625793 36.1755038897196 36.1457369168599 35.9332381248474 35.6598287264506 35.3864193280538 35.113009929657 34.8396005312602 34.5661911328634 34.2927817344666 34.1169482866922 34.2338426907857 34.3507370948791 34.4676314989725 34.5845259030659 34.7014203071594 34.8183147112528 34.9352091153462 35.3716675758361 35.9146473884581 36.4576272010802 37.0006070137023 37.5435868263243 38.0865666389465 38.6295464515685 39.0767738342285 39.2367439270019 39.3967140197753 39.5566841125488 39.7166542053222 39.8766242980957 40.0365943908691 40.1965644836425 40.1554211616516 40.0472400347392 39.9390589078267 39.8308777809143 39.7226966540019 39.6145155270894 39.506334400177 39.4137590090434 39.3680008252462 39.322242641449 39.2764844576518
36.4061391088698 36.3762511677212 36.3463632265727 36.3164752854241 36.2865873442756 36.0886548042298 35.8347073978848 35.5807599915398 35.3268125851949 35.07286517885 34.818917772505 34.5649703661601 34.3998967806498 34.5014446576436 34.6029925346374 34.7045404116312 34.806088288625 34.9076361656188 35.0091840426127 35.1107319196065 35.5367938041686 36.0710270245869 36.6052602450052 37.1394934654235 37.6737266858417 38.2079599062601 38.7421931266784 39.1833163791232 39.3451097276475 39.5069030761718 39.6686964246961 39.8304897732204 39.9922831217447 40.154076470269 40.3158698187933 40.2734251976013 40.1629012531704 40.0523773087396 39.9418533643087 39.8313294198778 39.7208054754469 39.610281531016 39.5160762045118 39.4708267317878 39.4255772590637 39.3803277863396
36.3091997994317 36.2857397503323 36.262279701233 36.2388196521336 36.2153596030342 36.0442828496298 35.8240005281237 35.6037182066176 35.3834358851115 35.1631535636055 34.9428712420994 34.7225889205933 34.5868748135037 34.7048653496636 34.8228558858235 34.9408464219835 35.0588369581434 35.1768274943033 35.2948180304633 35.4128085666232 35.8164393107095 36.315283457438 36.8141276041666 37.3129717508951 37.8118158976236 38.3106600443521 38.8095041910806 39.2234336747063 39.3826191690233 39.5418046633402 39.7009901576572 39.8601756519741 40.0193611462911 40.178546640608 40.337732134925 40.3037041028341 40.2052715619405 40.106839021047 40.0084064801534 39.9099739392599 39.8115413983663 39.7131088574727 39.6287479506599 39.586601946089 39.5444559415181 39.5023099369473
35.9739868799846 35.9635035832724 35.9530202865601 35.9425369898479 35.9320536931356 35.8001222610474 35.6277081171672 35.455293973287 35.2828798294068 35.1104656855266 34.9380515416463 34.7656373977661 34.6778823852539 34.8441047668457 35.0103271484374 35.1765495300292 35.342771911621 35.5089942932128 35.6752166748046 35.8414390563964 36.2106040954588 36.6474166870116 37.0842292785644 37.5210418701171 37.9578544616698 38.3946670532226 38.8314796447753 39.1971257209778 39.3492722511291 39.5014187812805 39.6535653114319 39.8057118415832 39.9578583717346 40.110004901886 40.2621514320373 40.2462578773499 40.1743509610494 40.102444044749 40.0305371284485 39.958630212148 39.8867232958476 39.8148163795471 39.7517742474874 39.7153264681498 39.6788786888122 39.6424309094747
35.6387739605374 35.6412674162123 35.6437608718873 35.6462543275622 35.6487477832371 35.5559616724651 35.4314157062107 35.3068697399564 35.182323773702 35.0577778074477 34.9332318411933 34.808685874939 34.7688899570041 34.9833441840277 35.1977984110514 35.412252638075 35.6267068650987 35.8411610921223 36.0556153191459 36.2700695461696 36.6047688802082 36.9795499165852 37.3543309529622 37.7291119893391 38.103893025716 38.478674062093 38.85345509847 39.1708177672492 39.315925333235 39.4610328992208 39.6061404652066 39.7512480311923 39.8963555971781 40.0414631631639 40.1865707291497 40.1888116518657 40.1434303601583 40.0980490684509 40.0526677767436 40.0072864850362 39.9619051933289 39.9165239016215 39.8748005443149 39.8440509902106 39.8133014361064 39.7825518820021
35.3035610410903 35.3190312491523 35.3345014572144 35.3499716652765 35.3654418733385 35.3118010838827 35.2351232952542 35.1584455066257 35.0817677179973 35.0050899293688 34.9284121407403 34.8517343521118 34.8598975287543 35.1225836012098 35.3852696736653 35.6479557461208 35.9106418185763 36.1733278910318 36.4360139634873 36.6987000359428 36.9989336649576 37.3116831461587 37.62443262736 37.9371821085611 38.2499315897623 38.5626810709635 38.8754305521647 39.1445098135206 39.2825784153408 39.420647017161 39.5587156189812 39.6967842208014 39.8348528226216 39.9729214244419 40.110990026262 40.1313654263814 40.1125097592672 40.0936540921529 40.0747984250387 40.0559427579244 40.0370870908101 40.0182314236959 39.9978268411424 39.9727755122714 39.9477241834005 39.9226728545295
34.9683481216431 34.9967950820923 35.0252420425415 35.0536890029908 35.08213596344 35.0676404953003 35.0388308842977 35.0100212732951 34.9812116622925 34.9524020512899 34.9235924402873 34.8947828292847 34.9509051005045 35.2618230183919 35.5727409362792 35.8836588541666 36.194576772054 36.5054946899413 36.8164126078286 37.127330525716 37.3930984497069 37.6438163757323 37.8945343017577 38.1452522277831 38.3959701538085 38.6466880798339 38.8974060058593 39.118201859792 39.2492314974467 39.3802611351013 39.5112907727559 39.6423204104105 39.7733500480652 39.9043796857198 40.0354093233744 40.0739192008972 40.0815891583761 40.0892591158549 40.0969290733337 40.1045990308126 40.1122689882914 40.1199389457702 40.12085313797 40.1015000343323 40.0821469306946 40.0627938270569
34.633135202196 34.6745589150323 34.7159826278687 34.757406340705 34.7988300535414 34.823479906718 34.8425384733412 34.8615970399645 34.8806556065877 34.899714173211 34.9187727398343 34.9378313064575 35.0419126722547 35.4010624355739 35.7602121988932 36.1193619622123 36.4785117255316 36.8376614888508 37.19681125217 37.5559610154893 37.7872632344563 37.9759496053059 38.1646359761555 38.3533223470051 38.5420087178548 38.7306950887044 38.919381459554 39.0918939060635 39.2158845795525 39.3398752530416 39.4638659265306 39.5878566000196 39.7118472735087 39.8358379469977 39.9598286204868 40.016472975413 40.0506685574849 40.0848641395569 40.1190597216288 40.1532553037007 40.1874508857727 40.2216464678446 40.2438794347975 40.2302245563931 40.2165696779887 40.2029147995843
34.512713432312 34.5662310918172 34.6197487513224 34.6732664108276 34.7267840703328 34.7635591506958 34.7947533713447 34.8259475919935 34.8571418126424 34.8883360332913 34.9195302539402 34.950724474589 35.0704362021551 35.4557004504733 35.8409646987914 36.2262289471096 36.6114931954277 36.9967574437459 37.382021692064 37.7672859403822 37.9832436243693 38.1427657869127 38.3022879494561 38.4618101119995 38.6213322745429 38.7808544370863 38.9403765996297 39.0886404037475 39.2031291325887 39.3176178614298 39.432106590271 39.5465953191121 39.6610840479533 39.7755727767944 39.8900615056356 39.9613398869832 40.0182148191664 40.0750897513495 40.1319646835327 40.1888396157159 40.245714547899 40.3025894800822 40.3429649458991 40.3338420126173 40.3247190793355 40.3155961460537
34.6070828119913 34.6718116124471 34.7365404129028 34.8012692133585 34.8659980138143 34.8878782272339 34.8954755783081 34.9030729293823 34.9106702804565 34.9182676315308 34.925864982605 34.9334623336792 35.0364756902058 35.42573706309 35.8149984359741 36.2042598088582 36.5935211817423 36.9827825546264 37.3720439275105 37.7613053003947 37.9810396194458 38.1442649205525 38.3074902216593 38.4707155227661 38.6339408238728 38.7971661249796 38.9603914260864 39.1084413528442 39.2109651565551 39.3134889602661 39.416012763977 39.518536567688 39.6210603713989 39.7235841751098 39.8261079788208 39.9085199356079 39.9842279434204 40.0599359512329 40.1356439590454 40.2113519668579 40.2870599746704 40.3627679824829 40.4181096712748 40.412352403005 40.4065951347351 40.4008378664652
34.7014521916707 34.777392133077 34.8533320744832 34.9292720158895 35.0052119572957 35.012197303772 34.9961977852715 34.9801982667711 34.9641987482707 34.9481992297702 34.9321997112698 34.9162001927694 35.0025151782565 35.3957736757066 35.7890321731567 36.1822906706067 36.5755491680569 36.9688076655069 37.362066162957 37.7553246604071 37.9788356145223 38.1457640541924 38.3126924938626 38.4796209335327 38.6465493732028 38.813477812873 38.9804062525431 39.1282423019409 39.2188011805216 39.3093600591024 39.3999189376831 39.4904778162638 39.5810366948446 39.6715955734253 39.762154452006 39.8556999842326 39.9502410676744 40.0447821511162 40.1393232345581 40.2338643179999 40.3284054014418 40.4229464848836 40.4932543966505 40.4908627933926 40.4884711901347 40.4860795868767
34.7958215713501 34.8829726537069 34.9701237360636 35.0572748184204 35.1444259007772 35.13651638031 35.096919992235 35.0573236041599 35.0177272160848 34.9781308280097 34.9385344399346 34.8989380518595 34.9685546663072 35.3658102883233 35.7630659103393 36.1603215323553 36.5575771543714 36.9548327763875 37.3520883984035 37.7493440204196 37.9766316095988 38.1472631878323 38.3178947660658 38.4885263442993 38.6591579225328 38.8297895007663 39.0004210789998 39.1480432510376 39.2266372044881 39.3052311579386 39.3838251113891 39.4624190648397 39.5410130182902 39.6196069717407 39.6982009251912 39.8028800328572 39.9162541919284 40.0296283509996 40.1430025100708 40.256376669142 40.3697508282131 40.4831249872843 40.5683991220262 40.5693731837802 40.5703472455343 40.5713213072883
34.8901909510294 34.9885531743367 35.086915397644 35.1852776209513 35.2836398442586 35.2608354568481 35.1976421991984 35.1344489415487 35.0712556838989 35.0080624262492 34.9448691685995 34.8816759109497 34.9345941543578 35.3358469009399 35.7370996475219 36.1383523941039 36.539605140686 36.940857887268 37.34211063385 37.7433633804321 37.9744276046753 38.1487623214721 38.323097038269 38.4974317550659 38.6717664718627 38.8461011886596 39.0204359054565 39.1678442001343 39.2344732284546 39.3011022567749 39.3677312850952 39.4343603134155 39.5009893417358 39.5676183700562 39.6342473983765 39.7500600814819 39.8822673161824 40.0144745508829 40.1466817855835 40.278889020284 40.4110962549845 40.543303489685 40.6435438474019 40.6478835741679 40.6522233009338 40.6565630276998
34.9845603307088 35.0941336949666 35.2037070592244 35.3132804234822 35.42285378774 35.3851545333862 35.2983644061618 35.2115742789374 35.1247841517131 35.0379940244887 34.9512038972643 34.8644137700399 34.9006336424085 35.3058835135565 35.7111333847045 36.1163832558525 36.5216331270006 36.9268829981485 37.3321328692965 37.7373827404446 37.9722235997518 38.150261455112 38.3282993104723 38.5063371658325 38.6843750211927 38.862412876553 39.0404507319132 39.1876451492309 39.242309252421 39.2969733556112 39.3516374588013 39.4063015619914 39.4609656651815 39.5156297683716 39.5702938715617 39.6972401301066 39.8482804404364 39.9993207507663 40.1503610610962 40.301401371426 40.4524416817559 40.6034819920857 40.7186885727776 40.7263939645555 40.7340993563334 40.7418047481113
35.3444013807508 35.452879248725 35.5613571166991 35.6698349846733 35.7783128526475 35.710416316986 35.583728313446 35.457040309906 35.3303523063659 35.2036643028259 35.0769762992859 34.9502882957458 34.9530621104769 35.3442213800218 35.7353806495666 36.1265399191114 36.5176991886562 36.908858458201 37.3000177277458 37.6911769972907 37.9278934160868 38.1131288846333 38.2983643531799 38.4835998217265 38.668835290273 38.8540707588196 39.0393062273661 39.1913237359789 39.2436873647902 39.2960509936015 39.3484146224128 39.4007782512241 39.4531418800354 39.5055055088467 39.557869137658 39.6945000648498 39.8592200915018 40.0239401181538 40.1886601448059 40.3533801714579 40.5181001981099 40.6828202247619 40.8080472522312 40.814795282152 40.8215433120727 40.8282913419935
35.9697141011555 36.0647898356119 36.1598655700682 36.2549413045246 36.350017038981 36.2366208076476 36.053733921051 35.8708470344543 35.6879601478576 35.505073261261 35.3221863746643 35.1392994880676 35.0918795585631 35.4508605003356 35.8098414421081 36.1688223838805 36.527803325653 36.8867842674255 37.2457652091979 37.6047461509704 37.8414370536804 38.0373646100362 38.233292166392 38.4292197227478 38.6251472791036 38.8210748354594 39.0170023918152 39.178879960378 39.2386075655619 39.2983351707458 39.3580627759298 39.4177903811137 39.4775179862976 39.5372455914815 39.5969731966654 39.7418398857116 39.9150862693786 40.0883326530456 40.2615790367126 40.4348254203796 40.6080718040466 40.7813181877136 40.9116198857625 40.9130875269572 40.9145551681518 40.9160228093465
