data/working_set_collections/6091692-Cassins_Sparrow-MC/1985/bio3.asc
NCOLS 265 
NROWS 230 
XLLCORNER -115.5625 
YLLCORNER 24.8333333333333 
CELLSIZE 0.0833333333333333 
NODATA_value -9999 
[rows 140 to 159 of 230, columns 46 to 91 of 265]
43.8012086232503 43.7867139604356 43.772219297621 43.7577246348063 43.7432299719916 43.728735309177 43.6786590258281 43.616722202301 43.554785378774 43.492848555247 43.43091173172 43.368974908193 43.3070380846659 43.2625569025675 43.270442644755 43.2783283869425 43.28621412913 43.2940998713175 43.301985613505 43.3098713556925 43.31775709788 43.3364885012309 43.3588351249695 43.3811817487081 43.4035283724467 43.4258749961853 43.4482216199239 43.4705682436625 43.4724967214796 43.4131707615322 43.3538448015849 43.2945188416375 43.2351928816901 43.1758669217428 43.1165409617954 43.057215001848 42.9878811836243 42.9152114126417 42.8425416416592 42.7698718706767 42.6972020996942 42.6245323287116 42.5518625577291 42.4947643597921 42.4843808809916 42.4739974021912
43.8777327219645 43.8511141035292 43.8244954850939 43.7978768666585 43.7712582482232 43.7446396297879 43.7004093488057 43.6503085136414 43.600207678477 43.5501068433126 43.5000060081482 43.4499051729838 43.3998043378194 43.3635676701863 43.3689235051473 43.3742793401082 43.3796351750692 43.3849910100301 43.390346844991 43.395702679952 43.4010585149129 43.4171671231588 43.4368599891663 43.4565528551737 43.4762457211812 43.4959385871887 43.5156314531962 43.5353243192037 43.5365188068814 43.4822181595696 43.4279175122579 43.3736168649462 43.3193162176344 43.2650155703227 43.2107149230109 43.1564142756992 43.0887991905213 43.0167459593879 42.9446927282545 42.8726394971212 42.8005862659878 42.7285330348545 42.6564798037211 42.5986744880676 42.5836129188537 42.5685513496399
43.9542568206787 43.9155142466227 43.8767716725667 43.8380290985107 43.7992865244548 43.7605439503988 43.7221596717834 43.6838948249817 43.6456299781799 43.6073651313782 43.5691002845764 43.5308354377746 43.4925705909729 43.4645784378052 43.4674043655395 43.4702302932739 43.4730562210083 43.4758821487427 43.478708076477 43.4815340042114 43.4843599319458 43.4978457450867 43.514884853363 43.5319239616394 43.5489630699158 43.5660021781921 43.5830412864685 43.6000803947449 43.6005408922831 43.551265557607 43.5019902229309 43.4527148882548 43.4034395535787 43.3541642189026 43.3048888842265 43.2556135495504 43.1897171974182 43.118280506134 43.0468438148498 42.9754071235657 42.9039704322815 42.8325337409973 42.7610970497131 42.7025846163432 42.6828449567159 42.6631052970886
44.0307809193929 43.9799143897163 43.9290478600396 43.878181330363 43.8273148006863 43.7764482710097 43.7439099947611 43.717481136322 43.6910522778829 43.6646234194438 43.6381945610046 43.6117657025655 43.5853368441264 43.565589205424 43.5658852259318 43.5661812464396 43.5664772669474 43.5667732874552 43.567069307963 43.5673653284709 43.5676613489787 43.5785243670146 43.5929097175598 43.607295068105 43.6216804186503 43.6360657691955 43.6504511197408 43.664836470286 43.6645629776849 43.6203129556444 43.5760629336039 43.5318129115634 43.487562889523 43.4433128674825 43.399062845442 43.3548128234016 43.2906352043152 43.2198150528802 43.1489949014452 43.0781747500102 43.0073545985752 42.9365344471402 42.8657142957052 42.8064947446187 42.782076994578 42.7576592445373
44.1679019292196 44.1078190061781 44.0477360831366 43.9876531600952 43.9275702370538 43.8674873140123 43.8341093381246 43.8096330112881 43.7851566844516 43.7606803576151 43.7362040307787 43.7117277039422 43.6872513771057 43.6680413775974 43.6646303600735 43.6612193425496 43.6578083250258 43.6543973075019 43.650986289978 43.6475752724542 43.6441642549303 43.6539828618367 43.6682113435533 43.6824398252699 43.6966683069865 43.710896788703 43.7251252704196 43.7393537521362 43.7389366149902 43.6945826212565 43.6502286275228 43.6058746337891 43.5615206400553 43.5171666463216 43.4728126525879 43.4284586588542 43.3635727564494 43.2918428844876 43.2201130125258 43.148383140564 43.0766532686022 43.0049233966404 42.9331935246786 42.8729023827447 42.8469274308946 42.8209524790446
44.3656198501587 44.2992280960083 44.2328363418579 44.1664445877075 44.1000528335571 44.0336610794067 43.9927577018737 43.9603504498799 43.9279431978861 43.8955359458923 43.8631286938985 43.8307214419047 43.7983141899109 43.7719349543253 43.7636397679647 43.755344581604 43.7470493952433 43.7387542088826 43.730459022522 43.7221638361613 43.7138686498006 43.7242212295532 43.7407897313436 43.7573582331339 43.7739267349243 43.7904952367147 43.807063738505 43.8236322402954 43.8236618041992 43.7740745544434 43.7244873046875 43.6749000549316 43.6253128051758 43.5757255554199 43.5261383056641 43.4765510559082 43.4085298538208 43.3343640009562 43.2601981480916 43.186032295227 43.1118664423625 43.0377005894979 42.9635347366333 42.901807530721 42.8773962656657 42.8529850006103
44.5633377710978 44.4906371858385 44.4179366005791 44.3452360153198 44.2725354300605 44.1998348448011 44.151406065623 44.1110678884718 44.0707297113206 44.0303915341695 43.9900533570184 43.9497151798672 43.9093770027161 43.8758285310533 43.8626491758558 43.8494698206584 43.8362904654609 43.8231111102634 43.8099317550659 43.7967523998684 43.7835730446709 43.7944595972697 43.8133681191338 43.832276640998 43.8511851628621 43.8700936847263 43.8890022065904 43.9079107284546 43.9083869934082 43.8535664876302 43.7987459818522 43.7439254760742 43.6891049702962 43.6342844645182 43.5794639587402 43.5246434529622 43.4534869511922 43.3768851174249 43.3002832836575 43.2236814498901 43.1470796161228 43.0704777823554 42.9938759485881 42.9307126786974 42.9078651004367 42.8850175221761
44.7610556920369 44.6820462756687 44.6030368593004 44.5240274429321 44.4450180265639 44.3660086101956 44.3100544293721 44.2617853270637 44.2135162247552 44.1652471224467 44.1169780201382 44.0687089178297 44.0204398155212 43.9797221077813 43.961658583747 43.9435950597127 43.9255315356784 43.9074680116441 43.8894044876099 43.8713409635756 43.8532774395413 43.8646979649862 43.8859465069241 43.907195048862 43.9284435908 43.9496921327379 43.9709406746758 43.9921892166138 43.9931121826172 43.9330584208171 43.8730046590169 43.8129508972168 43.7528971354167 43.6928433736165 43.6327896118164 43.5727358500163 43.4984440485636 43.4194062338935 43.3403684192234 43.2613306045532 43.1822927898831 43.103254975213 43.0242171605428 42.9596178266737 42.9383339352078 42.9170500437419
44.958773612976 44.8734553654988 44.7881371180216 44.7028188705444 44.6175006230672 44.53218237559 44.4687027931213 44.4125027656555 44.3563027381897 44.3001027107239 44.243902683258 44.1877026557922 44.1315026283264 44.0836156845093 44.0606679916382 44.0377202987671 44.014772605896 43.9918249130249 43.9688772201538 43.9459295272827 43.9229818344116 43.9349363327026 43.9585248947143 43.9821134567261 44.0057020187378 44.0292905807495 44.0528791427612 44.0764677047729 44.0778373718262 44.0125503540039 43.9472633361816 43.8819763183594 43.8166893005371 43.7514022827148 43.6861152648926 43.6208282470703 43.5434011459351 43.4619273503622 43.3804535547892 43.2989797592163 43.2175059636434 43.1360321680705 43.0545583724976 42.9885229746501 42.9688027699788 42.9490825653076
45.1564915339152 45.064864455329 44.9732373767429 44.8816102981567 44.7899832195706 44.6983561409844 44.6273511568705 44.5632202042474 44.4990892516242 44.434958299001 44.3708273463779 44.3066963937547 44.2425654411316 44.1875092612372 44.1596773995293 44.1318455378214 44.1040136761135 44.0761818144056 44.0483499526978 44.0205180909898 43.992686229282 44.0051747004191 44.0311032825046 44.0570318645901 44.0829604466756 44.1088890287611 44.1348176108466 44.1607461929321 44.1625625610352 44.0920422871908 44.0215220133464 43.951001739502 43.8804814656576 43.8099611918132 43.7394409179688 43.6689206441244 43.5883582433065 43.5044484668308 43.4205386903551 43.3366289138794 43.2527191374037 43.168809360928 43.0848995844523 43.0174281226264 42.9992716047499 42.9811150868734
45.3523780504862 45.2560567326016 45.1597354147169 45.0634140968323 44.9670927789476 44.8707714610629 44.7919065475464 44.7188604354858 44.6458143234253 44.5727682113647 44.4997220993042 44.4266759872436 44.3536298751831 44.2909270710415 44.2592541906569 44.2275813102722 44.1959084298876 44.1642355495029 44.1325626691182 44.1008897887336 44.0692169083489 44.0829132080078 44.1117325676812 44.1405519273546 44.169371287028 44.1981906467014 44.2270100063748 44.2558293660481 44.2602588335673 44.1915186246236 44.1227784156799 44.0540382067362 43.9852979977925 43.9165577888489 43.8478175799052 43.7790773709615 43.6963898022969 43.6090531137254 43.5217164251539 43.4343797365824 43.3470430480109 43.2597063594394 43.1723696708679 43.102390437656 43.0844835705227 43.0665767033895
45.5464331626892 45.4470321973165 45.3476312319437 45.248230266571 45.1488293011983 45.0494283358256 44.9623689651489 44.8794234593709 44.7964779535929 44.7135324478149 44.6305869420369 44.5476414362589 44.464695930481 44.3938691139221 44.3593983650207 44.3249276161194 44.290456867218 44.2559861183166 44.2215153694153 44.1870446205139 44.1525738716125 44.1681518554687 44.2004127502441 44.2326736450195 44.2649345397949 44.2971954345703 44.3294563293457 44.3617172241211 44.3709261894226 44.3109793663025 44.2510325431824 44.1910857200622 44.1311388969421 44.071192073822 44.0112452507019 43.9512984275818 43.8674958229065 43.7757412910461 43.6839867591858 43.5922322273254 43.5004776954651 43.4087231636047 43.3169686317444 43.2434099197387 43.2244386672973 43.2054674148559
45.7404882748922 45.6380076620314 45.5355270491706 45.4330464363098 45.330565823449 45.2280852105882 45.1328313827514 45.039986483256 44.9471415837606 44.8542966842651 44.7614517847697 44.6686068852742 44.5757619857788 44.4968111568027 44.4595425393846 44.4222739219665 44.3850053045485 44.3477366871304 44.3104680697123 44.2731994522942 44.2359308348762 44.2533905029297 44.289092932807 44.3247953626844 44.3604977925618 44.3962002224392 44.4319026523166 44.467605082194 44.4815935452779 44.4304401079813 44.3792866706848 44.3281332333883 44.2769797960917 44.2258263587952 44.1746729214986 44.123519484202 44.038601843516 43.9424294683668 43.8462570932176 43.7500847180684 43.6539123429192 43.55773996777 43.4615675926209 43.3844294018215 43.364393764072 43.3443581263224
45.9345433870951 45.8289831267463 45.7234228663974 45.6178626060486 45.5123023456997 45.4067420853509 45.303293800354 45.2005495071411 45.0978052139282 44.9950609207153 44.8923166275024 44.7895723342895 44.6868280410767 44.5997531996833 44.5596867137485 44.5196202278137 44.4795537418789 44.4394872559441 44.3994207700093 44.3593542840746 44.3192877981398 44.3386291503906 44.37777311537 44.4169170803494 44.4560610453288 44.4952050103081 44.5343489752875 44.5734929402669 44.5922609011332 44.5499008496602 44.5075407981872 44.4651807467143 44.4228206952413 44.3804606437683 44.3381005922953 44.2957405408223 44.2097078641256 44.1091176456875 44.0085274272495 43.9079372088114 43.8073469903734 43.7067567719353 43.6061665534973 43.5254488839043 43.5043488608466 43.4832488377889
46.1285984992981 46.0199585914612 45.9113186836242 45.8026787757873 45.6940388679504 45.5853989601135 45.4737562179565 45.3611125310262 45.2484688440959 45.1358251571655 45.0231814702352 44.9105377833048 44.7978940963745 44.7026952425639 44.6598308881124 44.6169665336609 44.5741021792094 44.5312378247579 44.4883734703064 44.4455091158549 44.4026447614034 44.4238677978515 44.4664532979329 44.5090387980143 44.5516242980957 44.5942097981771 44.6367952982584 44.6793807983398 44.7029282569885 44.6693615913391 44.6357949256897 44.6022282600403 44.5686615943908 44.5350949287414 44.501528263092 44.4679615974426 44.3808138847351 44.2758058230082 44.1707977612813 44.0657896995544 43.9607816378276 43.8557735761007 43.7507655143738 43.6664683659871 43.6443039576212 43.6221395492554
46.322653611501 46.2109340561761 46.0992145008511 45.9874949455261 45.8757753902011 45.7640558348762 45.6442186355591 45.5216755549113 45.3991324742635 45.2765893936157 45.154046312968 45.0315032323202 44.9089601516724 44.8056372854445 44.7599750624763 44.714312839508 44.6686506165398 44.6229883935716 44.5773261706034 44.5316639476352 44.486001724667 44.5091064453125 44.5551334804959 44.6011605156792 44.6471875508626 44.693214586046 44.7392416212294 44.7852686564127 44.8135956128438 44.788822333018 44.7640490531921 44.7392757733663 44.7145024935404 44.6897292137146 44.6649559338887 44.6401826540629 44.5519199053446 44.4424940003289 44.3330680953132 44.2236421902974 44.1142162852817 44.004790380266 43.8953644752503 43.8074878480699 43.7842590543959 43.7610302607218
46.4822516441345 46.3751457532247 46.2680398623148 46.160933971405 46.0538280804952 45.9467221895853 45.8240010897318 45.6960749202304 45.568148750729 45.4402225812276 45.3122964117262 45.1843702422248 45.0564440727234 44.9485971132914 44.9009877840678 44.8533784548441 44.8057691256205 44.7581597963969 44.7105504671732 44.6629411379496 44.615331808726 44.6354764620463 44.6782057762146 44.7209350903829 44.7636644045512 44.8063937187194 44.8491230328877 44.891852347056 44.9211436271667 44.9101208051045 44.8990979830424 44.8880751609802 44.877052338918 44.8660295168558 44.8550066947937 44.8439838727315 44.7600992838541 44.6519274393717 44.5437555948893 44.4355837504069 44.3274119059244 44.219240061442 44.1110682169596 44.0225459734598 43.9929725329081 43.9633990923563
46.6073925971985 46.512593682607 46.4177947680155 46.3229958534241 46.2281969388326 46.1333980242411 46.0131035804748 45.8843106269836 45.7555176734924 45.6267247200012 45.49793176651 45.3691388130188 45.2403458595276 45.1315747261047 45.0828690528869 45.0341633796692 44.9854577064514 44.9367520332336 44.8880463600158 44.8393406867981 44.7906350135803 44.802977848053 44.8356701850891 44.8683625221252 44.9010548591613 44.9337471961975 44.9664395332336 44.9991318702698 45.0255722999573 45.0332570075989 45.0409417152405 45.048626422882 45.0563111305236 45.0639958381652 45.0716805458068 45.0793652534484 45.0053520202637 44.9041061401367 44.8028602600097 44.7016143798828 44.6003684997558 44.4991226196289 44.3978767395019 44.3116427421569 44.2704443931579 44.2292460441589
46.7325335502624 46.6500416119893 46.5675496737162 46.4850577354431 46.40256579717 46.3200738588969 46.2022060712178 46.0725463337368 45.9428865962558 45.8132268587748 45.6835671212938 45.5539073838128 45.4242476463318 45.314552338918 45.2647503217061 45.2149483044942 45.1651462872823 45.1153442700704 45.0655422528585 45.0157402356466 44.9659382184346 44.9704792340596 44.9931345939636 45.0157899538676 45.0384453137715 45.0611006736755 45.0837560335795 45.1064113934835 45.1300009727478 45.1563932100932 45.1827854474385 45.2091776847839 45.2355699221293 45.2619621594747 45.28835439682 45.3147466341654 45.2506047566732 45.1562848409017 45.0619649251302 44.9676450093587 44.8733250935872 44.7790051778157 44.6846852620442 44.600739510854 44.5479162534078 44.4950929959615
46.8576745033264 46.7874895413716 46.7173045794169 46.6471196174621 46.5769346555074 46.5067496935526 46.3913085619608 46.26078204049 46.1302555190192 45.9997289975484 45.8692024760776 45.7386759546068 45.608149433136 45.4975299517314 45.4466315905253 45.3957332293192 45.3448348681132 45.2939365069071 45.2430381457011 45.192139784495 45.1412414232889 45.1379806200663 45.1505990028381 45.1632173856099 45.1758357683817 45.1884541511535 45.2010725339253 45.2136909166972 45.2344296455383 45.2795294125875 45.3246291796366 45.3697289466857 45.4148287137349 45.459928480784 45.5050282478332 45.5501280148824 45.4958574930827 45.4084635416666 45.3210695902506 45.2336756388346 45.1462816874186 45.0588877360026 44.9714937845865 44.8898362795511 44.8253881136576 44.760939947764
