data/working_set_collections/6091692-Cassins_Sparrow-MC/1985/bio4.asc
NCOLS 265 
NROWS 230 
XLLCORNER -115.5625 
YLLCORNER 24.8333333333333 
CELLSIZE 0.0833333333333333 
NODATA_value -9999 
[rows 120 to 139 of 230, columns 46 to 91 of 265]
777.568098449707 774.535281202528 771.502463955349 768.46964670817 765.436829460992 762.404012213813 761.838456217447 762.09532063802 762.352185058593 762.609049479166 762.865913899739 763.122778320312 763.379642740885 762.732603963217 759.37385559082 756.015107218425 752.656358846029 749.297610473633 745.938862101237 742.580113728842 739.221365356446 736.935804239909 735.007972208659 733.080140177409 731.152308146159 729.224476114909 727.296644083659 725.368812052409 724.272403801812 725.670266893175 727.068129984538 728.4659930759 729.863856167264 731.261719258626 732.659582349989 734.057445441352 735.755609639486 737.553874206543 739.3521387736 741.150403340658 742.948667907715 744.746932474773 746.54519704183 748.146334330241 749.156089782715 750.165845235189
782.843882751465 779.545479838053 776.247076924642 772.94867401123 769.650271097819 766.351868184407 765.678210449218 765.879467773437 766.080725097656 766.281982421874 766.483239746093 766.684497070312 766.885754394531 766.136626180013 762.536341349284 758.936056518555 755.335771687826 751.735486857096 748.135202026367 744.534917195638 740.934632364909 738.428970336914 736.288182576498 734.147394816081 732.006607055664 729.865819295248 727.725031534831 725.584243774414 724.199800109863 725.08438873291 725.968977355957 726.853565979004 727.738154602051 728.622743225098 729.507331848145 730.391920471192 731.79595489502 733.373137919108 734.950320943197 736.527503967286 738.104686991374 739.681870015463 741.259053039551 742.854115295411 744.502815246583 746.151515197754
788.119667053223 784.555678473579 780.991689893934 777.42770131429 773.863712734646 770.299724155002 769.517964680989 769.663614908854 769.809265136718 769.954915364583 770.100565592447 770.246215820312 770.391866048177 769.54064839681 765.698827107747 761.857005818685 758.015184529623 754.17336324056 750.331541951498 746.489720662436 742.647899373373 739.92213643392 737.568392944336 735.214649454753 732.86090596517 730.507162475586 728.153418986003 725.79967549642 724.127196417914 724.498510572646 724.869824727376 725.241138882107 725.612453036838 725.983767191569 726.3550813463 726.726395501031 727.836300150554 729.192401631673 730.548503112793 731.904604593913 733.260706075033 734.616807556153 735.972909037273 737.56189626058 739.84954071045 742.137185160319
793.39545135498 789.565877109104 785.736302863227 781.90672861735 778.077154371474 774.247580125597 773.35771891276 773.44776204427 773.537805175781 773.627848307291 773.717891438802 773.807934570312 773.897977701823 772.944670613607 768.861312866211 764.777955118815 760.69459737142 756.611239624024 752.527881876628 748.444524129232 744.361166381836 741.415302530925 738.848603312175 736.281904093425 733.715204874675 731.148505655925 728.581806437175 726.015107218425 724.054592725966 723.912632412381 723.770672098796 723.628711785211 723.486751471626 723.344791158041 723.202830844456 723.060870530871 723.876645406088 725.011665344239 726.14668528239 727.281705220541 728.416725158692 729.551745096843 730.686765034994 732.269677225749 735.196266174317 738.122855122884
798.671235656738 794.576075744629 790.480915832519 786.38575592041 782.290596008301 778.195436096191 777.197473144531 777.231909179687 777.266345214843 777.300781249999 777.335217285156 777.369653320312 777.404089355468 776.348692830404 772.023798624674 767.698904418946 763.374010213217 759.049116007487 754.724221801758 750.399327596029 746.0744333903 742.90846862793 740.128813680013 737.349158732096 734.56950378418 731.789848836264 729.010193888347 726.23053894043 723.981989034017 723.326754252116 722.671519470215 722.016284688314 721.361049906413 720.705815124512 720.050580342612 719.39534556071 719.916990661622 720.830929056804 721.744867451986 722.658805847169 723.572744242351 724.486682637533 725.400621032716 726.977458190918 730.542991638184 734.108525085449
803.947019958496 799.586274380154 795.225528801812 790.86478322347 786.504037645129 782.143292066786 781.037227376302 781.016056315104 780.994885253906 780.973714192708 780.95254313151 780.931372070312 780.910201009114 779.752715047201 775.186284383138 770.619853719076 766.053423055014 761.486992390951 756.920561726889 752.354131062826 747.787700398763 744.401634724935 741.409024047852 738.416413370768 735.423802693685 732.431192016602 729.438581339518 726.445970662435 723.909385342068 722.740876091851 721.572366841634 720.403857591417 719.2353483412 718.066839090984 716.898329840767 715.72982059055 715.957335917155 716.650192769369 717.343049621583 718.035906473796 718.72876332601 719.421620178223 720.114477030437 721.685239156087 725.889717102051 730.094195048014
807.40627492269 802.793877326118 798.181479729547 793.569082132976 788.956684536405 784.344286939833 783.190748596191 783.19016333686 783.189578077528 783.188992818197 783.188407558865 783.187822299533 783.187237040202 782.090677218968 777.706193712023 773.321710205079 768.937226698134 764.552743191189 760.168259684245 755.783776177301 751.399292670356 748.066410827637 745.084062872993 742.101714918348 739.119366963704 736.13701900906 733.154671054416 730.172323099772 727.535346815321 725.934485541449 724.333624267578 722.732762993706 721.131901719835 719.531040445963 717.930179172092 716.32931789822 716.077862040201 716.276207987467 716.474553934733 716.672899881998 716.871245829264 717.06959177653 717.267937723796 718.605369906954 723.360060797797 728.114751688639
809.049000549317 804.19888458252 799.348768615723 794.498652648927 789.64853668213 784.798420715332 783.658036804199 783.754230244954 783.85042368571 783.946617126465 784.04281056722 784.139004007975 784.23519744873 783.362579345704 779.583526611328 775.804473876953 772.025421142578 768.246368408203 764.467315673828 760.688262939453 756.909210205078 753.902796936035 751.153930155436 748.405063374836 745.656196594238 742.907329813639 740.15846303304 737.409596252441 734.859873453775 732.90758260091 730.955291748046 729.003000895182 727.050710042317 725.098419189452 723.146128336588 721.193837483723 720.278569030761 719.7089747111 719.139380391438 718.569786071777 718.000191752116 717.430597432454 716.861003112793 717.737850443521 722.954022725423 728.170195007323
810.691726175945 805.603891838922 800.516057501899 795.428223164877 790.340388827855 785.252554490832 784.125325012207 784.318297153049 784.511269293891 784.704241434733 784.897213575575 785.090185716417 785.283157857259 784.63448147244 781.460859510634 778.287237548828 775.113615587023 771.939993625217 768.766371663411 765.592749701606 762.4191277398 759.739183044433 757.22379743788 754.708411831325 752.193026224772 749.677640618218 747.162255011664 744.64686940511 742.18440009223 739.880679660373 737.576959228515 735.273238796658 732.9695183648 730.665797932942 728.362077501085 726.058357069227 724.479276021321 723.141741434733 721.804206848144 720.466672261556 719.129137674968 717.791603088379 716.454068501791 716.870330980088 722.547984653048 728.225638326008
812.334451802572 807.008899095324 801.683346388076 796.357793680828 791.03224097358 785.706688266331 784.592613220215 784.882364061144 785.172114902072 785.461865743001 785.75161658393 786.041367424859 786.331118265788 785.906383599176 783.33819240994 780.770001220703 778.201810031467 775.633618842231 773.065427652995 770.497236463759 767.929045274522 765.575569152832 763.293664720323 761.011760287814 758.729855855306 756.447951422797 754.166046990288 751.88414255778 749.508926730686 746.853776719835 744.198626708984 741.543476698134 738.888326687283 736.233176676432 733.578026665582 730.922876654731 728.679983011882 726.574508158366 724.46903330485 722.363558451335 720.25808359782 718.152608744304 716.047133890788 716.002811516654 722.141946580674 728.281081644693
813.9771774292 808.413906351726 802.850635274252 797.287364196778 791.724093119304 786.16082204183 785.059901428223 785.446430969238 785.832960510254 786.219490051269 786.606019592285 786.992549133301 787.379078674316 787.178285725912 785.215525309245 783.252764892578 781.290004475911 779.327244059244 777.364483642578 775.401723225911 773.438962809244 771.41195526123 769.363532002766 767.315108744303 765.266685485839 763.218262227376 761.169838968912 759.121415710448 756.83345336914 753.826873779296 750.820294189453 747.813714599609 744.807135009765 741.800555419921 738.793975830078 735.787396240234 732.880690002441 730.007274881999 727.133859761556 724.260444641113 721.387029520671 718.513614400228 715.640199279786 715.135292053221 721.7359085083 728.336524963378
815.619903055828 809.818913608128 804.017924160428 798.216934712729 792.415945265029 786.614955817329 785.52718963623 786.010497877333 786.493806118435 786.977114359538 787.46042260064 787.943730841742 788.427039082845 788.450187852648 787.09285820855 785.735528564453 784.378198920356 783.020869276258 781.663539632161 780.306209988064 778.948880343966 777.248341369629 775.43339928521 773.618457200791 771.803515116373 769.988573031955 768.173630947536 766.358688863118 764.157980007595 760.799970838758 757.441961669921 754.083952501085 750.725943332248 747.367934163411 744.009924994575 740.651915825738 737.081396993001 733.440041605632 729.798686218262 726.157330830892 722.515975443523 718.874620056153 715.233264668783 714.267772589788 721.329870435926 728.391968282063
813.640522257489 807.937753974069 802.234985690648 796.532217407228 790.829449123808 785.126680840387 784.107769775391 784.65014444987 785.192519124349 785.734893798828 786.277268473307 786.819643147787 787.362017822266 787.56264038086 786.738006591797 785.913372802735 785.088739013672 784.26410522461 783.439471435547 782.614837646485 781.790203857422 780.48025004069 779.008522881402 777.536795722114 776.065068562826 774.593341403537 773.121614244249 771.649887084961 769.686061265734 766.245939466688 762.805817667643 759.365695868598 755.925574069553 752.485452270508 749.045330471463 745.605208672417 741.946889241536 738.21583726671 734.484785291883 730.753733317057 727.022681342231 723.291629367404 719.560577392578 718.479615614147 725.348924424912 732.218233235675
808.039035034182 802.770427449546 797.50181986491 792.233212280275 786.96460469564 781.695997111004 780.801641845703 781.365370686849 781.929099527995 782.492828369141 783.056557210287 783.620286051433 784.184014892579 784.515643310547 784.150970458985 783.786297607422 783.42162475586 783.056951904297 782.692279052735 782.327606201172 781.962933349609 781.107681274414 780.088902791341 779.070124308268 778.051345825195 777.032567342122 776.013788859049 774.995010375976 773.417697143555 770.164779663086 766.911862182617 763.658944702148 760.406027221679 757.153109741211 753.900192260742 750.647274780273 747.477166748046 744.334661865234 741.192156982421 738.049652099609 734.907147216796 731.764642333983 728.622137451171 727.770821126299 733.793070475258 739.815319824216
802.437547810874 797.603100925024 792.768654039172 787.934207153322 783.099760267471 778.26531338162 777.495513916016 778.080596923828 778.665679931641 779.250762939454 779.835845947266 780.420928955078 781.006011962891 781.468646240235 781.563934326172 781.65922241211 781.754510498047 781.849798583985 781.945086669922 782.040374755859 782.135662841797 781.735112508138 781.16928270128 780.603452894423 780.037623087565 779.471793280707 778.905963473849 778.340133666992 777.149333021376 774.083619859483 771.017906697591 767.952193535699 764.886480373806 761.820767211914 758.755054050022 755.689340888129 753.007444254557 750.453486463758 747.899528672959 745.345570882161 742.791613091362 740.237655300563 737.683697509765 737.062026638452 742.237216525606 747.412406412759
796.836060587567 792.435774400501 788.035488213434 783.635202026368 779.234915839303 774.834629652236 774.189385986328 774.795823160807 775.402260335287 776.008697509766 776.615134684245 777.221571858724 777.828009033203 778.421649169922 778.97689819336 779.532147216797 780.087396240235 780.642645263672 781.197894287109 781.753143310547 782.308392333984 782.362543741862 782.24966261122 782.136781480577 782.023900349935 781.911019219292 781.79813808865 781.685256958007 780.880968899197 778.002460055881 775.123951212565 772.245442369249 769.366933525933 766.488424682617 763.609915839301 760.731406995985 758.537721761067 756.572311062283 754.606900363498 752.641489664713 750.676078965928 748.710668267143 746.745257568359 746.353232150606 750.681362575953 755.0094930013
791.234573364259 787.268447875978 783.302322387697 779.336196899415 775.370071411134 771.403945922852 770.883258056641 771.511049397787 772.138840738933 772.766632080078 773.394423421224 774.02221476237 774.650006103516 775.37465209961 776.389862060547 777.405072021485 778.420281982422 779.43549194336 780.450701904297 781.465911865234 782.481121826172 782.989974975586 783.330042521159 783.670110066731 784.010177612304 784.350245157877 784.69031270345 785.030380249023 784.612604777018 781.921300252278 779.229995727539 776.538691202799 773.84738667806 771.15608215332 768.464777628581 765.773473103841 764.067999267577 762.691135660807 761.314272054036 759.937408447265 758.560544840494 757.183681233723 755.806817626952 755.644437662758 759.1255086263 762.606579589842
785.633086140952 782.101121351456 778.569156561958 775.037191772462 771.505226982966 767.973262193469 767.577130126953 768.226275634766 768.875421142578 769.524566650391 770.173712158204 770.822857666016 771.472003173829 772.327655029297 773.802825927735 775.277996826172 776.753167724609 778.228338623047 779.703509521484 781.178680419922 782.653851318359 783.61740620931 784.410422431098 785.203438652886 785.996454874674 786.789471096462 787.58248731825 788.375503540039 788.34424065484 785.840140448676 783.336040242513 780.83194003635 778.327839830186 775.823739624023 773.31963941786 770.815539211697 769.598276774088 768.809960259331 768.021643744574 767.233327229817 766.44501071506 765.656694200303 764.868377685546 764.935643174911 767.569654676648 770.203666178384
778.241252644858 775.195770602758 772.150288560657 769.104806518556 766.059324476456 763.013842434354 762.843725585938 763.632063802084 764.42040201823 765.208740234375 765.997078450521 766.785416666667 767.573754882813 768.587083265517 770.275382147895 771.963681030274 773.651979912652 775.340278795031 777.028577677409 778.716876559787 780.405175442166 781.56011912028 782.537277730306 783.514436340332 784.491594950358 785.468753560384 786.445912170411 787.423070780437 787.640357293024 785.578027513293 783.515697733562 781.453367953831 779.3910381741 777.328708394369 775.266378614638 773.204048834907 772.45487874349 772.143428548177 771.831978352865 771.520528157552 771.20907796224 770.897627766927 770.586177571614 770.89423268636 773.060803731282 775.227374776204
769.059072875979 766.552395629885 764.045718383791 761.539041137697 759.032363891603 756.525686645509 756.683044433595 757.72841389974 758.773783365886 759.819152832032 760.864522298178 761.909891764324 762.955261230469 764.152936808269 765.807530721029 767.46212463379 769.11671854655 770.771312459311 772.425906372071 774.080500284831 775.735094197592 776.818113708497 777.710608418783 778.60310312907 779.495597839356 780.388092549643 781.280587259929 782.173081970216 782.50095469157 781.134961446127 779.768968200685 778.402974955242 777.036981709799 775.670988464356 774.304995218913 772.93900197347 772.637805175781 772.691540527344 772.745275878906 772.799011230469 772.852746582031 772.906481933593 772.960217285156 773.520206197102 775.598955790201 777.6777053833
