data/working_set_collections/6091692-Cassins_Sparrow-MC/1985/bio4.asc
NCOLS 265 
NROWS 230 
XLLCORNER -115.5625 
YLLCORNER 24.8333333333333 
CELLSIZE 0.0833333333333333 
NODATA_value -9999 
[rows 80 to 99 of 230, columns 138 to 183 of 265]
842.380703904894 844.481126403809 846.581548902724 848.681971401639 850.95879465739 853.294418165419 855.630041673449 857.965665181478 860.301288689508 862.636912197537 864.972535705567 867.509866333008 870.652318318685 873.794770304362 876.937222290039 880.079674275716 883.222126261393 886.36457824707 889.507030232747 892.965378316243 896.529025099012 900.092671881781 903.656318664551 907.21996544732 910.783612230088 914.347259012858 917.827914089626 921.059594048393 924.291274007161 927.522953965928 930.754633924696 933.986313883463 937.21799384223 940.449673800998 942.405534871419 943.936122979058 945.466711086697 946.997299194336 948.527887301975 950.058475409613 951.589063517253 952.973627726237 953.920120239258 954.866612752279 955.8131052653 956.75959777832
835.52074669732 837.442402648926 839.364058600532 841.285714552138 843.564819844564 845.963074917264 848.361329989963 850.759585062663 853.157840135363 855.556095208062 857.954350280762 860.642237345378 864.199020385742 867.755803426107 871.312586466471 874.869369506835 878.4261525472 881.982935587565 885.539718627929 889.237374369303 892.98198767768 896.726600986056 900.471214294433 904.21582760281 907.960440911186 911.705054219564 915.342772759331 918.659806993272 921.976841227213 925.293875461154 928.610909695095 931.927943929036 935.244978162977 938.562012396918 940.575849405924 942.155287339952 943.73472527398 945.314163208008 946.893601142035 948.473039076063 950.052477010091 951.49578145345 952.530685424805 953.565589396159 954.600493367513 955.635397338867
828.660789489747 830.403678894044 832.146568298341 833.889457702637 836.170845031739 838.631731669109 841.092618306478 843.553504943848 846.014391581218 848.475278218588 850.936164855958 853.774608357748 857.7457224528 861.716836547852 865.687950642904 869.659064737956 873.630178833008 877.60129292806 881.572407023112 885.509370422363 889.434950256347 893.360530090332 897.286109924316 901.2116897583 905.137269592284 909.062849426269 912.857631429036 916.26001993815 919.662408447265 923.06479695638 926.467185465494 929.869573974609 933.271962483724 936.674350992838 938.74616394043 940.374451700846 942.002739461263 943.63102722168 945.259314982096 946.887602742513 948.51589050293 950.017935180664 951.141250610351 952.264566040039 953.387881469726 954.511196899414
821.800832282173 823.364955139161 824.929077996149 826.493200853136 828.776870218913 831.300388420953 833.823906622993 836.347424825033 838.870943027073 841.394461229113 843.917979431153 846.906979370117 851.292424519856 855.677869669597 860.063314819336 864.448759969075 868.834205118815 873.219650268554 877.605095418294 881.781366475423 885.887912835015 889.994459194607 894.101005554199 898.207551913791 902.314098273382 906.420644632975 910.372490098741 913.860232883029 917.347975667318 920.835718451605 924.323461235893 927.811204020182 931.29894680447 934.786689588758 936.916478474935 938.59361606174 940.270753648546 941.947891235351 943.625028822157 945.302166408963 946.979303995768 948.540088907877 949.751815795898 950.963542683919 952.17526957194 953.386996459961
816.515017022027 817.910275268555 819.305533515083 820.70079176161 823.043190511068 825.701302761502 828.359415011935 831.01752726237 833.675639512804 836.333751763238 838.991864013672 842.151644388834 846.816429138183 851.481213887532 856.145998636881 860.81078338623 865.475568135579 870.140352884928 874.805137634276 879.085004679361 883.236565823024 887.388126966687 891.539688110351 895.691249254014 899.842810397677 903.994371541341 907.992790730794 911.531784057616 915.07077738444 918.609770711262 922.148764038085 925.687757364909 929.226750691731 932.765744018554 934.89207611084 936.547521124946 938.202966139051 939.858411153158 941.513856167263 943.169301181369 944.824746195475 946.383556959364 947.652464972602 948.92137298584 950.190280999078 951.459189012315
812.80334370931 814.039639282227 815.275934855144 816.51223042806 818.969805908203 821.834474690755 824.699143473307 827.56381225586 830.428481038411 833.293149820963 836.157818603516 839.508603413899 844.317736307779 849.12686920166 853.93600209554 858.74513498942 863.5542678833 868.36340077718 873.17253367106 877.420285034179 881.480909220377 885.541533406575 889.602157592773 893.662781778971 897.723405965168 901.784030151367 905.718533325195 909.274673461913 912.830813598633 916.386953735351 919.94309387207 923.499234008789 927.055374145507 930.611514282226 932.672956848145 934.236166890462 935.79937693278 937.362586975098 938.925797017416 940.489007059733 942.052217102051 943.548339335124 944.843198140462 946.138056945801 947.43291575114 948.727774556478
809.091670396593 810.169003295899 811.246336195204 812.32366909451 814.896421305339 817.967646620009 821.038871934678 824.110097249349 827.181322564019 830.252547878689 833.323773193359 836.865562438964 841.819043477375 846.772524515787 851.726005554198 856.67948659261 861.632967631022 866.586448669433 871.539929707844 875.755565388997 879.725252617729 883.694939846462 887.664627075195 891.634314303927 895.60400153266 899.573688761393 903.444275919596 907.01756286621 910.590849812825 914.16413675944 917.737423706054 921.310710652669 924.883997599283 928.457284545898 930.453837585449 931.924812655979 933.395787726508 934.866762797038 936.337737867567 937.808712938097 939.279688008626 940.713121710883 942.033931308323 943.354740905762 944.675550503201 945.99636010064
805.379997083876 806.298367309571 807.216737535265 808.13510776096 810.823036702474 814.100818549262 817.37860039605 820.656382242838 823.934164089626 827.211945936414 830.489727783203 834.222521464029 839.320350646971 844.418179829915 849.516009012857 854.6138381958 859.711667378743 864.809496561685 869.907325744628 874.090845743815 877.969596015082 881.848346286349 885.727096557617 889.605846828884 893.484597100151 897.363347371419 901.170018513997 904.760452270507 908.350886027018 911.941319783528 915.531753540038 919.122187296549 922.712621053059 926.30305480957 928.234718322754 929.613458421495 930.992198520236 932.370938618978 933.749678717719 935.12841881646 936.507158915202 937.877904086643 939.224664476183 940.571424865723 941.918185255263 943.264945644803
801.668323771159 802.427731323243 803.187138875326 803.946546427409 806.74965209961 810.233990478515 813.718328857422 817.202667236328 820.687005615234 824.17134399414 827.655682373047 831.579480489094 836.821657816568 842.063835144042 847.306012471516 852.54818979899 857.790367126464 863.032544453938 868.274721781411 872.426126098632 876.213939412434 880.001752726236 883.789566040039 887.577379353841 891.365192667642 895.153005981445 898.895761108398 902.503341674804 906.110922241211 909.718502807617 913.326083374023 916.933663940429 920.541244506835 924.148825073241 926.015599060059 927.302104187012 928.588609313965 929.875114440918 931.161619567871 932.448124694824 933.734629821778 935.042686462402 936.415397644043 937.788108825684 939.160820007324 940.533531188965
797.956650458442 798.557095336915 799.157540215387 799.757985093859 802.676267496745 806.367162407769 810.058057318793 813.748952229818 817.439847140842 821.130742051866 824.82163696289 828.936439514159 834.322964986164 839.70949045817 845.096015930175 850.48254140218 855.869066874186 861.25559234619 866.642117818195 870.76140645345 874.458282809787 878.155159166123 881.852035522461 885.548911878797 889.245788235134 892.942664591471 896.621503702799 900.246231079101 903.870958455403 907.495685831705 911.120413208007 914.74514058431 918.369867960611 921.994595336913 923.796479797363 924.990749952528 926.185020107693 927.379290262858 928.573560418023 929.767830573188 930.962100728353 932.207468838162 933.606130811903 935.004792785645 936.403454759386 937.802116733127
796.703687371148 797.362766011556 798.021844651964 798.680923292372 801.68036142985 805.459919399684 809.239477369519 813.019035339355 816.79859330919 820.578151279024 824.35770924886 828.519410536023 833.827541775172 839.135673014322 844.443804253471 849.75193549262 855.06006673177 860.368197970919 865.676329210068 869.714042154947 873.328282335069 876.94252251519 880.556762695312 884.171002875433 887.785243055555 891.399483235677 894.992755805121 898.523125542534 902.053495279947 905.58386501736 909.114234754774 912.644604492187 916.1749742296 919.705343967013 921.489743041992 922.692151896159 923.894560750325 925.096969604492 926.299378458659 927.501787312825 928.704196166992 929.95667215983 931.359349568685 932.762026977539 934.164704386393 935.567381795247
797.909434509277 798.844743347168 799.780052185058 800.715361022949 803.761933898925 807.512261454263 811.262589009601 815.01291656494 818.763244120279 822.513571675617 826.263899230956 830.328393554686 835.335388183592 840.342382812499 845.349377441405 850.356372070311 855.363366699218 860.370361328124 865.37735595703 869.284033203124 872.82393798828 876.363842773437 879.903747558593 883.443652343749 886.983557128905 890.523461914062 894.009517415364 897.334025065103 900.658532714843 903.983040364583 907.307548014322 910.632055664062 913.956563313802 917.281070963541 919.095388793946 920.406310017904 921.717231241862 923.02815246582 924.339073689779 925.649994913737 926.960916137695 928.290296427409 929.675053914388 931.059811401367 932.444568888346 933.829326375325
799.115181647406 800.32672068278 801.538259718153 802.749798753526 805.843506368001 809.564603508842 813.285700649684 817.006797790526 820.727894931368 824.44899207221 828.170089213052 832.137376573349 836.843234592012 841.549092610676 846.254950629339 850.960808648002 855.666666666666 860.372524685329 865.078382703992 868.854024251301 872.319593641492 875.785163031683 879.250732421874 882.716301812065 886.181871202256 889.647440592447 893.026279025607 896.144924587673 899.263570149739 902.382215711805 905.500861273871 908.619506835937 911.738152398003 914.856797960069 916.701034545898 918.120468139648 919.539901733398 920.959335327148 922.378768920898 923.798202514648 925.217636108398 926.623920694987 927.990758260091 929.357595825195 930.724433390299 932.091270955403
800.320928785535 801.808698018392 803.296467251247 804.784236484103 807.925078837076 811.616945563421 815.308812289766 819.000679016112 822.692545742458 826.384412468803 830.076279195149 833.946359592013 838.351081000433 842.755802408853 847.160523817273 851.565245225693 855.969966634114 860.374688042534 864.779409450954 868.424015299479 871.815249294704 875.20648328993 878.597717285156 881.988951280381 885.380185275607 888.771419270833 892.04304063585 894.955824110242 897.868607584635 900.781391059027 903.69417453342 906.606958007812 909.519741482204 912.432524956597 914.306680297851 915.834626261393 917.362572224935 918.890518188477 920.418464152018 921.94641011556 923.474356079102 924.957544962565 926.306462605794 927.655380249023 929.004297892252 930.353215535482
801.526675923665 803.290675354003 805.054674784342 806.81867421468 810.006651306151 813.669287618 817.331923929849 820.994560241698 824.657196553547 828.319832865396 831.982469177245 835.755342610676 839.858927408853 843.96251220703 848.066097005207 852.169681803384 856.273266601562 860.376851399739 864.480436197915 867.994006347656 871.310904947916 874.627803548176 877.944702148437 881.261600748697 884.578499348958 887.895397949218 891.059802246093 893.766723632812 896.473645019531 899.18056640625 901.887487792968 904.594409179687 907.301330566406 910.008251953124 911.912326049805 913.548784383138 915.185242716471 916.821701049805 918.458159383138 920.094617716471 921.731076049805 923.291169230143 924.622166951497 925.953164672852 927.284162394206 928.61516011556
802.732423061794 804.772652689615 806.812882317436 808.853111945257 812.088223775227 815.721629672579 819.355035569931 822.988441467284 826.621847364637 830.255253261989 833.888659159342 837.564325629339 841.366773817273 845.169222005208 848.971670193141 852.774118381075 856.57656656901 860.379014756944 864.181462944877 867.563997395833 870.806560601128 874.049123806423 877.291687011718 880.534250217013 883.776813422308 887.019376627604 890.076563856336 892.577623155381 895.078682454427 897.579741753472 900.080801052517 902.581860351562 905.082919650607 907.583978949652 909.517971801758 911.262942504883 913.007913208007 914.752883911133 916.497854614258 918.242825317382 919.987796020508 921.624793497721 922.9378712972 924.25094909668 925.564026896159 926.877104695638
804.992378234862 807.255185445149 809.517992655435 811.780799865722 814.993993631998 818.523982916937 822.053972201876 825.583961486815 829.113950771755 832.643940056694 836.173929341633 839.694832526312 843.188477410209 846.682122294107 850.175767178005 853.669412061902 857.1630569458 860.656701829698 864.150346713595 867.322220357259 870.386836920844 873.451453484428 876.516070048014 879.580686611599 882.645303175184 885.709919738769 888.586288113064 890.897911919487 893.209535725911 895.521159532335 897.832783338758 900.144407145182 902.456030951606 904.767654758029 906.678093465169 908.454803805881 910.231514146593 912.008224487305 913.784934828017 915.561645168728 917.33835550944 919.013349745009 920.383195665148 921.753041585287 923.122887505425 924.492733425564
808.30654144287 810.738273620604 813.170005798339 815.601737976073 818.723960876464 822.076347351073 825.428733825682 828.781120300292 832.133506774901 835.48589324951 838.83827972412 842.146863301594 845.324038187661 848.50121307373 851.678387959797 854.855562845865 858.032737731933 861.209912618 864.387087504068 867.268675231933 870.051733907063 872.834792582193 875.617851257324 878.400909932454 881.183968607584 883.967027282715 886.588975016276 888.72758992513 890.866204833984 893.004819742838 895.143434651693 897.282049560547 899.420664469401 901.559279378255 903.392691040039 905.124368286133 906.856045532227 908.58772277832 910.319400024414 912.051077270508 913.782754516602 915.456837972005 916.958140055339 918.459442138672 919.960744222005 921.462046305339
811.620704650878 814.22136179606 816.822018941243 819.422676086425 822.45392812093 825.628711785209 828.803495449489 831.978279113769 835.153062778048 838.327846442327 841.502630106607 844.598894076876 847.459598965114 850.320303853352 853.18100874159 856.041713629828 858.902418518066 861.763123406304 864.623828294541 867.215130106608 869.716630893283 872.218131679958 874.719632466634 877.221133253309 879.722634039984 882.22413482666 884.591661919488 886.557267930772 888.522873942057 890.488479953342 892.454085964627 894.419691975912 896.385297987196 898.350903998481 900.107288614909 901.793932766385 903.48057691786 905.167221069336 906.853865220812 908.540509372287 910.227153523763 911.900326199002 913.53308444553 915.165842692057 916.798600938585 918.431359185113
814.934867858886 817.704449971516 820.474032084146 823.243614196776 826.183895365396 829.181076219346 832.178257073295 835.175437927245 838.172618781195 841.169799635144 844.166980489094 847.050924852158 849.595159742566 852.139394632975 854.683629523382 857.22786441379 859.772099304199 862.316334194607 864.860569085015 867.161584981282 869.381527879503 871.601470777723 873.821413675944 876.041356574164 878.261299472385 880.481242370605 882.594348822699 884.386945936415 886.17954305013 887.972140163845 889.764737277561 891.557334391276 893.349931504991 895.142528618706 896.821886189779 898.463497246636 900.105108303494 901.746719360352 903.388330417209 905.029941474067 906.671552530925 908.343814425998 910.108028835721 911.872243245443 913.636457655165 915.400672064887
