data/working_set_collections/6091692-Cassins_Sparrow-MC/1985/bio4.asc
NCOLS 265 
NROWS 230 
XLLCORNER -115.5625 
YLLCORNER 24.8333333333333 
CELLSIZE 0.0833333333333333 
NODATA_value -9999 
[rows 180 to 199 of 230, columns 184 to 229 of 265]
726.750449117025 727.611498514811 728.472547912598 728.6466893514 728.591861470541 728.537033589681 728.482205708822 728.427377827962 728.372549947103 728.317722066244 728.282214864095 728.30466969808 728.327124532064 728.349579366048 728.372034200033 728.394489034017 728.416943868002 728.439398701986 727.580826822917 726.428579372831 725.276331922744 724.124084472657 722.97183702257 721.819589572484 720.667342122397 719.371143764921 717.643092685277 715.915041605633 714.186990525989 712.458939446345 710.730888366701 709.002837287057 707.274786207413 704.315401713055 700.945572747127 697.575743781198 694.205914815269 690.836085849341 687.466256883412 684.096427917483 680.242651706275 674.937033759227 669.631415812178 664.32579786513 659.020179918082 653.714561971032
725.263371276856 726.366132100423 727.468892923991 727.704350280762 727.650706481934 727.597062683106 727.543418884278 727.48977508545 727.436131286621 727.382487487793 727.290423075358 727.083096822103 726.875770568848 726.668444315593 726.461118062338 726.253791809082 726.046465555827 725.839139302572 724.690502929688 723.228096516928 721.765690104168 720.303283691407 718.840877278647 717.378470865887 715.916064453126 714.32251332601 712.335528055828 710.348542785646 708.361557515464 706.374572245282 704.387586975099 702.400601704917 700.413616434735 697.023365783693 693.165360005699 689.307354227704 685.449348449709 681.591342671715 677.73333689372 673.875331115725 669.460035196943 663.372868855798 657.285702514652 651.198536173506 645.111369832361 639.024203491214
723.776293436686 725.120765686035 726.465237935384 726.762011210124 726.709551493327 726.65709177653 726.604632059733 726.552172342936 726.49971262614 726.447252909343 726.298631286621 725.861523946127 725.424416605632 724.987309265137 724.550201924642 724.113094584148 723.675987243653 723.238879903158 721.800179036459 720.027613661025 718.255048285591 716.482482910157 714.709917534723 712.937352159289 711.164786783855 709.2738828871 707.02796342638 704.782043965659 702.536124504938 700.290205044218 698.044285583497 695.798366122777 693.552446662057 689.731329854331 685.385147264271 681.03896467421 676.692782084149 672.346599494089 668.000416904028 663.654234313967 658.677418687612 651.808703952369 644.939989217125 638.071274481883 631.20255974664 624.333845011397
722.289215596517 723.875399271647 725.461582946777 725.819672139486 725.76839650472 725.717120869955 725.665845235189 725.614569600423 725.563293965658 725.512018330892 725.306839497884 724.63995107015 723.973062642416 723.306174214682 722.639285786947 721.972397359213 721.305508931478 720.638620503744 718.90985514323 716.827130805123 714.744406467015 712.661682128907 710.5789577908 708.496233452693 706.413509114585 704.22525244819 701.720398796931 699.215545145672 696.710691494414 694.205837843155 691.700984191896 689.196130540638 686.691276889379 682.43929392497 677.604934522843 672.770575120717 667.93621571859 663.101856316463 658.267496914337 653.43313751221 647.894802178281 640.244539048941 632.5942759196 624.94401279026 617.293749660921 609.64348653158
720.802137756348 722.630032857259 724.45792795817 724.877333068848 724.827241516114 724.777149963379 724.727058410645 724.67696685791 724.626875305176 724.576783752442 724.315047709148 723.418378194174 722.5217086792 721.625039164226 720.728369649252 719.831700134278 718.935030619304 718.03836110433 716.019531250001 713.62664794922 711.233764648439 708.840881347657 706.447998046876 704.055114746095 701.662231445314 699.176622009279 696.412834167482 693.649046325685 690.885258483888 688.121470642092 685.357682800295 682.593894958498 679.830107116701 675.147257995608 669.824721781415 664.502185567223 659.17964935303 653.857113138837 648.534576924645 643.212040710452 637.112185668949 628.680374145512 620.248562622074 611.816751098637 603.3849395752 594.953128051762
719.315059916178 721.384666442871 723.454272969563 723.93499399821 723.886086527507 723.837179056804 723.7882715861 723.739364115397 723.690456644694 723.641549173991 723.323255920411 722.196805318197 721.070354715983 719.94390411377 718.817453511557 717.691002909343 716.56455230713 715.438101704916 713.129207356772 710.426165093317 707.723122829862 705.020080566407 702.317038302953 699.613996039498 696.910953776043 694.127991570368 691.105269538033 688.082547505698 685.059825473363 682.037103441028 679.014381408693 675.991659376358 672.968937344023 667.855222066246 662.044509039987 656.233796013729 650.42308298747 644.612369961211 638.801656934953 632.990943908694 626.329569159617 617.116209242083 607.902849324548 598.689489407014 589.47612948948 -9999
716.531921386719 718.705993652344 720.880065917969 721.382369995118 721.327418009441 721.272466023764 721.217514038087 721.16256205241 721.107610066733 721.052658081056 720.681601969402 719.362233479819 718.042864990236 716.723496500652 715.404128011069 714.084759521486 712.765391031902 711.446022542319 708.921951802573 705.996313646106 703.07067548964 700.145037333172 697.219399176705 694.293761020239 691.368122863771 688.317495897083 684.891902499731 681.466309102378 678.040715705026 674.615122307674 671.189528910321 667.763935512969 664.338342115617 658.547631835941 651.968549262157 645.389466688373 638.810384114587 632.231301540803 625.652218967019 619.073136393234 611.81452696059 602.517336951368 593.220146942144 583.922956932921 574.625766923698 565.328576914474
712.452722167969 714.594014485677 716.735306803386 717.219461059571 717.151235961915 717.083010864259 717.014785766602 716.946560668946 716.87833557129 716.810110473634 716.390085856121 714.914662679038 713.439239501954 711.963816324871 710.488393147788 709.012969970704 707.537546793621 706.062123616538 703.397764587404 700.337093607586 697.276422627769 694.215751647951 691.155080668133 688.094409688316 685.033738708498 681.745134989423 677.772733052574 673.800331115725 669.827929178876 665.855527242027 661.883125305178 657.910723368329 653.938321431481 647.224487304691 639.59684244792 631.96919759115 624.341552734379 616.713907877609 609.086263020838 601.458618164067 593.567059071864 584.883757273362 576.200455474858 567.517153676356 558.833851877853 -9999
708.373522949219 710.48203531901 712.590547688802 713.056552124024 712.975053914389 712.893555704753 712.812057495118 712.730559285482 712.649061075847 712.567562866212 712.09856974284 710.467091878256 708.835614013673 707.20413614909 705.572658284506 703.941180419923 702.30970255534 700.678224690756 697.873577372234 694.677873569066 691.482169765898 688.286465962729 685.090762159561 681.895058356393 678.699354553224 675.172774081762 670.653563605417 666.134353129071 661.615142652726 657.09593217638 652.576721700035 648.05751122369 643.538300747344 635.901342773441 627.225135633684 618.548928493928 609.87272135417 601.196514214414 592.520307074658 583.8440999349 575.319591183137 567.250177595355 559.180764007572 551.11135041979 543.041936832009 -9999
704.294323730469 706.370056152344 708.445788574219 708.893643188478 708.798871866863 708.704100545248 708.609329223634 708.514557902019 708.419786580405 708.32501525879 707.807053629559 706.019521077475 704.231988525392 702.444455973309 700.656923421225 698.869390869142 697.081858317059 695.294325764976 692.349390157065 689.018653530547 685.687916904028 682.357180277508 679.02644365099 675.69570702447 672.364970397951 668.600413174102 663.53439415826 658.468375142418 653.402356126576 648.336337110735 643.270318094892 638.20429907905 633.138280063209 624.578198242191 614.853428819449 605.128659396707 595.403889973963 585.67912055122 575.954351128478 566.229581705734 557.072123294412 549.61659791735 542.161072540288 -9999 -9999 -9999
700.215124511719 702.258076985677 704.301029459636 704.73073425293 704.622689819337 704.514645385743 704.406600952149 704.298556518555 704.190512084962 704.082467651368 703.515537516277 701.571950276694 699.62836303711 697.684775797527 695.741188557944 693.79760131836 691.854014078777 689.910426839194 686.825202941896 683.359433492026 679.893664042157 676.427894592287 672.962125142417 669.496355692548 666.030586242677 662.028052266441 656.415224711103 650.802397155764 645.189569600426 639.576742045088 633.963914489749 628.35108693441 622.738259379072 613.255053710941 602.481722005213 591.708390299484 580.935058593754 570.161726888026 559.388395182298 548.615063476567 538.824655405685 531.983018239344 -9999 -9999 -9999 -9999
696.135925292969 698.146097819011 700.156270345052 700.567825317383 700.44650777181 700.325190226238 700.203872680665 700.082555135092 699.961237589519 699.839920043946 699.224021402996 697.124379475913 695.024737548829 692.925095621746 690.825453694663 688.725811767579 686.626169840496 684.526527913413 681.301015726727 677.700213453506 674.099411180286 670.498608907065 666.897806633845 663.297004360625 659.696202087404 655.45569135878 649.296055263946 643.13641916911 636.976783074275 630.817146979441 624.657510884605 618.497874789771 612.338238694936 601.931909179691 590.110015190977 578.288121202262 566.466227213546 554.644333224831 -9999 -9999 -9999 -9999 -9999 -9999 -9999 -9999
692.226080322266 694.145117865669 696.064155409072 696.40701344808 696.224478318957 696.041943189834 695.859408060711 695.676872931587 695.494337802464 695.311802673341 694.618354288738 692.392166137697 690.165977986655 687.939789835614 685.713601684572 683.48741353353 681.261225382489 679.035037231447 675.705135091148 672.007328287762 668.309521484377 664.611714680991 660.913907877606 657.216101074221 653.518294270835 649.070864698625 642.374566819936 635.678268941246 628.981971062557 622.285673183869 615.589375305179 608.89307742649 602.196779547801 591.227874755864 578.83476765951 566.441660563157 554.048553466801 541.655446370448 -9999 -9999 -9999 -9999 -9999 -9999 -9999 -9999
688.48558959961 690.255137125651 692.024684651693 692.24829864502 691.956601460776 691.664904276531 691.373207092286 691.081509908041 690.789812723796 690.498115539552 689.698536173504 687.375310262046 685.052084350587 682.728858439129 680.405632527671 678.082406616212 675.759180704754 673.435954793296 670.037561035158 666.280777994794 662.523994954429 658.767211914064 655.0104288737 651.253645833335 647.49686279297 642.873572285973 635.650759379072 628.42794647217 621.20513356527 613.982320658369 606.759507751468 599.536694844567 592.313881937667 581.142950439457 568.655979410812 556.169008382167 543.68203735352 -9999 -9999 -9999 -9999 -9999 -9999 -9999 -9999 -9999
684.745098876953 686.365156385634 687.985213894314 688.08958384196 687.688724602594 687.287865363228 686.887006123861 686.486146884495 686.085287645129 685.684428405762 684.77871805827 682.358454386395 679.938190714519 677.517927042644 675.09766337077 672.677399698894 670.25713602702 667.836872355145 664.369986979168 660.554227701825 656.738468424481 652.922709147137 649.106949869793 645.29119059245 641.475431315106 636.676279873321 628.926951938209 621.177624003095 613.428296067982 605.67896813287 597.929640197756 590.180312262644 582.430984327532 571.05802612305 558.477191162114 545.896356201177 -9999 -9999 -9999 -9999 -9999 -9999 -9999 -9999 -9999 -9999
681.004608154297 682.475175645617 683.945743136936 683.930869038901 683.420847744413 682.910826449925 682.400805155437 681.890783860949 681.380762566462 680.870741271974 679.858899943035 677.341598510744 674.824297078452 672.30699564616 669.789694213869 667.272392781577 664.755091349286 662.237789916994 658.702412923179 654.827677408856 650.952941894534 647.07820638021 643.203470865888 639.328735351565 635.453999837241 630.478987460669 622.203144497345 613.92730153402 605.651458570696 597.375615607372 589.099772644046 580.823929680722 572.548086717398 560.973101806645 548.298402913416 -9999 -9999 -9999 -9999 -9999 -9999 -9999 -9999 -9999 -9999 -9999
677.264117431641 678.585194905599 679.906272379558 679.772154235841 679.152970886231 678.533787536622 677.914604187013 677.295420837403 676.676237487794 676.057054138185 674.939081827801 672.324742635093 669.710403442384 667.096064249676 664.481725056968 661.867385864259 659.253046671551 656.638707478843 653.034838867189 649.101127115887 645.167415364586 641.233703613283 637.299991861981 633.366280110679 629.432568359377 624.281695048017 615.479337056482 606.676979064944 597.874621073408 589.072263081872 580.269905090335 571.467547098799 562.665189107263 550.888177490238 538.119614664718 -9999 512.582489013676 -9999 -9999 -9999 -9999 -9999 -9999 -9999 -9999 -9999
673.523626708985 674.695214165582 675.866801622179 675.613439432781 674.88509402805 674.156748623319 673.428403218588 672.700057813857 671.971712409126 671.243367004395 670.019263712566 667.307886759442 664.596509806316 661.885132853192 659.173755900067 656.462378946941 653.751001993817 651.039625040692 647.367264811199 643.374576822918 639.381888834637 635.389200846356 631.396512858075 627.403824869794 623.411136881512 618.084402635365 608.755529615618 599.426656595869 590.097783576121 580.768910556373 571.440037536624 562.111164516876 552.782291497129 540.803253173832 527.94082641602 -9999 -9999 -9999 -9999 -9999 -9999 -9999 -9999 -9999 -9999 -9999
668.523311360678 669.693291558161 670.863271755643 670.635098266603 669.940873548721 669.246648830839 668.552424112957 667.858199395075 667.163974677193 666.469749959311 665.243604532879 662.421696980796 659.599789428712 656.777881876629 653.955974324546 651.134066772462 648.312159220379 645.490251668296 641.773701477053 637.758937072756 633.744172668459 629.729408264162 625.714643859865 621.699879455569 617.685115051271 612.204492611359 602.326296064593 592.448099517825 582.56990297106 572.691706424294 562.813509877526 552.93531333076 543.057116783995 531.157730611169 518.584614562993 506.011498514816 -9999 -9999 -9999 -9999 -9999 -9999 -9999 -9999 -9999 -9999
662.26317138672 663.579427083334 664.895682779949 664.837130737306 664.320309448243 663.803488159181 663.286666870118 662.769845581056 662.253024291993 661.73620300293 660.612104288738 657.666173299155 654.720242309572 651.774311319989 648.828380330405 645.882449340822 642.936518351239 639.990587361655 636.254148864748 632.254207865399 628.25426686605 624.254325866701 620.254384867352 616.254443868003 612.254502868654 606.641964975996 596.191636403406 585.741307830814 575.290979258223 564.840650685633 554.39032211304 543.93999354045 533.489664967859 521.95160980225 510.050979105636 -9999 -9999 -9999 -9999 -9999 -9999 -9999 -9999 -9999 -9999 -9999
