data/working_set_collections/6091692-Cassins_Sparrow-MC/1985/bio5.asc
NCOLS 265 
NROWS 230 
XLLCORNER -115.5625 
YLLCORNER 24.8333333333333 
CELLSIZE 0.0833333333333333 
NODATA_value -9999 
[rows 60 to 79 of 230, columns 92 to 137 of 265]
28.0824147118463 27.713347668118 27.3442806243897 26.9752135806614 26.6061465369331 25.9329980214438 25.1584890153675 24.383980009291 23.6094710032146 22.8349619971383 22.0604529910618 21.2859439849854 20.7244141896565 20.8018220265705 20.8792298634846 20.9566377003987 21.0340455373127 21.1114533742268 21.1888612111409 21.266269048055 21.6834939320881 22.213991165161 22.7444883982339 23.2749856313068 23.8054828643797 24.3359800974527 24.8664773305256 25.3543566809759 25.7143823835584 26.0744080861409 26.4344337887233 26.7944594913057 27.1544851938882 27.5145108964707 27.8745365990531 28.2490281263986 28.6283415953317 29.0076550642648 29.3869685331979 29.766282002131 30.1455954710641 30.5249089399972 30.8631044122907 31.0779458946651 31.2927873770395 31.5076288594139
28.1085531870525 27.7050874074301 27.3016216278077 26.8981558481853 26.4946900685629 25.9004398345948 25.2425947825115 24.5847497304281 23.9269046783448 23.2690596262615 22.611214574178 21.9533695220947 21.4689896901447 21.5050055185953 21.5410213470458 21.5770371754963 21.6130530039468 21.6490688323974 21.6850846608479 21.7211004892984 22.1092639923094 22.6148100535073 23.1203561147053 23.6259021759032 24.1314482371011 24.636994298299 25.1425403594969 25.6157873789468 25.9921372731525 26.3684871673583 26.744837061564 27.1211869557697 27.4975368499755 27.8738867441812 28.2502366383869 28.633991575241 29.0202148596444 29.4064381440479 29.7926614284514 30.1788847128549 30.5651079972583 30.9513312816619 31.2909198602039 31.4906043211618 31.6902887821197 31.8899732430775
28.1346916622587 27.6968271467421 27.2589626312257 26.8210981157092 26.3832336001927 25.8678816477459 25.3267005496556 24.7855194515652 24.244338353475 23.7031572553847 23.1619761572944 22.6207950592041 22.213565190633 22.20818901062 22.202812830607 22.197436650594 22.192060470581 22.186684290568 22.1813081105549 22.1759319305419 22.5350340525308 23.0156289418537 23.4962238311766 23.9768187204995 24.4574136098224 24.9380084991454 25.4186033884683 25.8772180769177 26.2698921627467 26.6625662485757 27.0552403344047 27.4479144202337 27.8405885060627 28.2332625918917 28.6259366777206 29.0189550240833 29.4120881239572 29.805221223831 30.1983543237049 30.5914874235787 30.9846205234526 31.3777536233265 31.7187353081172 31.9032627476585 32.0877901871998 32.2723176267411
28.1608301374648 27.6885668860542 27.2163036346436 26.7440403832331 26.2717771318224 25.8353234608969 25.4108063167997 24.9862891727024 24.5617720286052 24.137254884508 23.7127377404107 23.2882205963135 22.9581406911213 22.9113725026448 22.8646043141682 22.8178361256917 22.7710679372151 22.7242997487386 22.677531560262 22.6307633717854 22.9608041127522 23.4164478302 23.872091547648 24.3277352650959 24.7833789825438 25.2390226999918 25.6946664174397 26.1386487748887 26.5476470523409 26.9566453297932 27.3656436072454 27.7746418846977 28.18364016215 28.5926384396022 29.0016367170544 29.4039184729257 29.8039613882699 30.2040043036141 30.6040472189584 31.0040901343026 31.4041330496469 31.8041759649911 32.1465507560305 32.3159211741552 32.48529159228 32.6546620104047
28.186968612671 27.6803066253663 27.1736446380616 26.666982650757 26.1603206634522 25.8027652740479 25.4949120839437 25.1870588938395 24.8792057037354 24.5713525136312 24.263499323527 23.9556461334228 23.7027161916096 23.6145559946695 23.5263957977294 23.4382356007893 23.3500754038492 23.2619152069091 23.173755009969 23.0855948130289 23.3865741729735 23.8172667185464 24.2479592641194 24.6786518096922 25.1093443552651 25.5400369008381 25.970729446411 26.4000794728596 26.825401941935 27.2507244110106 27.6760468800861 28.1013693491616 28.5266918182372 28.9520142873127 29.3773367563882 29.7888819217681 30.1958346525826 30.6027873833972 31.0097401142119 31.4166928450265 31.8236455758411 32.2305983066557 32.5743662039438 32.7285796006519 32.8827929973601 33.0370063940683
28.2131070878772 27.6720463646783 27.1309856414796 26.5899249182808 26.048864195082 25.7702070871989 25.5790178510878 25.3878286149767 25.1966393788656 25.0054501427544 24.8142609066433 24.6230716705322 24.4472916920979 24.3177394866943 24.1881872812906 24.058635075887 23.9290828704833 23.7995306650797 23.6699784596761 23.5404262542724 23.8123442331949 24.2180856068928 24.6238269805907 25.0295683542886 25.4353097279865 25.8410511016845 26.2467924753824 26.6615101708305 27.1031568315292 27.5448034922281 27.9864501529268 28.4280968136256 28.8697434743244 29.3113901350232 29.7530367957219 30.1738453706104 30.5877079168954 31.0015704631804 31.4154330094654 31.8292955557504 32.2431581020353 32.6570206483204 33.0021816518571 33.1412380271487 33.2802944024403 33.4193507777319
27.7561550988094 27.2090841081409 26.6620131174725 26.1149421268042 25.5678711361357 25.3491947174073 25.2399831559924 25.1307715945775 25.0215600331625 24.9123484717476 24.8031369103327 24.6939253489177 24.587892956204 24.4913980695937 24.3949031829834 24.2984082963732 24.2019134097629 24.1054185231527 24.0089236365424 23.9124287499322 24.1730892181396 24.5528014712862 24.932513724433 25.3122259775797 25.6919382307263 26.0716504838731 26.4513627370198 26.8466645558674 27.2887350718179 27.7308055877685 28.172876103719 28.6149466196695 29.05701713562 29.4990876515705 29.941158167521 30.3728642145792 30.8011154386731 31.2293666627671 31.6576178868611 32.085869110955 32.514120335049 32.942371559143 33.2968310038248 33.4299151102701 33.5629992167155 33.6960833231608
26.8161126454674 26.2914198557538 25.7667270660403 25.2420342763268 24.7173414866132 24.539728164673 24.4778079986574 24.4158878326417 24.3539676666261 24.2920475006105 24.2301273345948 24.1682071685792 24.1245199839275 24.1355317433676 24.1465435028077 24.1575552622477 24.1685670216878 24.1795787811279 24.190590540568 24.2016023000081 24.4688091278075 24.8214143117268 25.1740194956461 25.5266246795653 25.8792298634846 26.2318350474039 26.5844402313232 26.9555426279703 27.382136662801 27.8087306976318 28.2353247324625 28.6619187672932 29.088512802124 29.5151068369547 29.9417008717854 30.3859384536742 30.8360572179157 31.2861759821573 31.7362947463988 32.1864135106403 32.6365322748818 33.0866510391234 33.458314259847 33.5946108500162 33.7309074401855 33.8672040303548
25.8760701921254 25.3737556033666 24.871441014608 24.3691264258493 23.8668118370906 23.7302616119386 23.7156328413223 23.7010040707059 23.6863753000896 23.6717465294733 23.657117758857 23.6424889882406 23.661147011651 23.7796654171414 23.8981838226319 24.0167022281223 24.1352206336127 24.2537390391032 24.3722574445936 24.490775850084 24.7645290374755 25.0900271521673 25.4155252668592 25.741023381551 26.0665214962428 26.3920196109347 26.7175177256265 27.0644207000731 27.475538253784 27.886655807495 28.297773361206 28.7088909149169 29.1200084686279 29.5311260223388 29.9422435760497 30.3990126927693 30.8709989971584 31.3429853015474 31.8149716059366 32.2869579103257 32.7589442147147 33.2309305191039 33.6197975158691 33.7593065897623 33.8988156636555 34.0383247375488
24.9360277387833 24.4560913509794 23.9761549631756 23.4962185753718 23.016282187568 22.9207950592042 22.9534576839872 22.9861203087702 23.0187829335531 23.0514455583361 23.0841081831191 23.1167708079021 23.1977740393745 23.4237990909153 23.649824142456 23.8758491939968 24.1018742455376 24.3278992970784 24.5539243486192 24.77994940016 25.0602489471435 25.3586399926079 25.6570310380723 25.9554220835367 26.2538131290011 26.5522041744656 26.8505952199299 27.173298772176 27.5689398447671 27.9645809173583 28.3602219899494 28.7558630625406 29.1515041351318 29.5471452077229 29.942786280314 30.4120869318643 30.905940776401 31.3997946209376 31.8936484654744 32.387502310011 32.8813561545476 33.3752099990844 33.7812807718912 33.9240023295084 34.0667238871256 34.2094454447428
23.9959852854413 23.5384270985923 23.0808689117434 22.6233107248945 22.1657525380454 22.1113285064699 22.1912825266521 22.2712365468344 22.3511905670167 22.431144587199 22.5110986073813 22.5910526275635 22.734401067098 23.0679327646892 23.4014644622803 23.7349961598714 24.0685278574625 24.4020595550536 24.7355912526448 25.0691229502359 25.3559688568114 25.6272528330484 25.8985368092854 26.1698207855224 26.4411047617593 26.7123887379964 26.9836727142333 27.2821768442789 27.6623414357502 28.0425060272216 28.4226706186929 28.8028352101643 29.1829998016357 29.563164393107 29.9433289845783 30.4251611709594 30.9408825556436 31.4566039403278 31.9723253250121 32.4880467096963 33.0037680943805 33.5194894790648 33.9427640279134 34.0886980692545 34.2346321105956 34.3805661519368
23.0559428320993 22.6207628462051 22.1855828603111 21.750402874417 21.3152228885229 21.3018619537354 21.429107369317 21.5563527848986 21.6835982004802 21.8108436160618 21.9380890316434 22.065334447225 22.2710280948215 22.712066438463 23.1531047821045 23.5941431257459 24.0351814693874 24.4762198130289 24.9172581566703 25.3582965003119 25.6516887664794 25.8958656734889 26.1400425804985 26.3842194875081 26.6283963945176 26.8725733015272 27.1167502085367 27.3910549163817 27.7557430267333 28.1204311370849 28.4851192474364 28.849807357788 29.2144954681396 29.5791835784911 29.9438716888427 30.4382354100544 30.9758243348862 31.513413259718 32.0510021845499 32.5885911093816 33.1261800342134 33.6637689590453 34.1042472839355 34.2533938090006 34.4025403340657 34.5516868591308
22.6405957116022 22.2408371395535 21.8410785675049 21.4413199954563 21.0415614234077 21.0488780975341 21.1918865203857 21.3348949432373 21.4779033660888 21.6209117889404 21.7639202117919 21.9069286346435 22.1347496456569 22.6170084211561 23.0992671966552 23.5815259721543 24.0637847476535 24.5460435231526 25.0283022986517 25.5105610741509 25.8062836964925 26.0398276011149 26.2733715057373 26.5069154103597 26.740459314982 26.9740032196045 27.2075471242268 27.4653509775797 27.7959346771239 28.1265183766682 28.4571020762125 28.7876857757568 29.1182694753011 29.4488531748453 29.7794368743896 30.2767117182413 30.8295502768622 31.382388835483 31.9352273941039 32.4880659527248 33.0409045113456 33.5937430699666 34.0464264763726 34.1986444261339 34.3508623758952 34.5030803256565
22.7499439239503 22.3986499786377 22.0473560333252 21.6960620880127 21.3447681427002 21.3523769378661 21.4796199798583 21.6068630218505 21.7341060638427 21.8613491058349 21.9885921478271 22.1158351898193 22.3255657196044 22.7827587127685 23.2399517059325 23.6971446990966 24.1543376922607 24.6115306854247 25.0687236785888 25.5259166717529 25.8197536468505 26.059138615926 26.2985235850016 26.5379085540771 26.7772935231526 27.0166784922282 27.2560634613037 27.5050650278727 27.7829163869221 28.0607677459716 28.3386191050211 28.6164704640706 28.8943218231201 29.1721731821696 29.450024541219 29.94059009552 30.5020603815714 31.0635306676228 31.6250009536743 32.1864712397257 32.7479415257771 33.3094118118286 33.7693016052246 33.9244499206543 34.079598236084 34.2347465515137
22.8592921362983 22.5564628177219 22.2536334991455 21.9508041805692 21.6479748619927 21.6558757781982 21.767353439331 21.8788311004638 21.9903087615966 22.1017864227294 22.2132640838623 22.3247417449951 22.5163817935518 22.9485090043809 23.3806362152099 23.8127634260388 24.2448906368679 24.6770178476969 25.1091450585258 25.5412722693549 25.8332235972086 26.0784496307372 26.3236756642659 26.5689016977946 26.8141277313232 27.0593537648519 27.3045797983805 27.5447790781656 27.7698980967203 27.995017115275 28.2201361338297 28.4452551523844 28.6703741709391 28.8954931894938 29.1206122080485 29.6044684727986 30.1745704862806 30.7446724997625 31.3147745132446 31.8848765267265 32.4549785402085 33.0250805536905 33.4921767340766 33.6502554151747 33.8083340962728 33.9664127773709
22.9686403486464 22.7142756568061 22.4599109649658 22.2055462731256 21.9511815812853 21.9593746185302 22.0550868988037 22.1507991790771 22.2465114593505 22.342223739624 22.4379360198974 22.5336483001709 22.7071978674993 23.1142592959933 23.5213207244872 23.9283821529811 24.3354435814751 24.742505009969 25.1495664384629 25.5566278669569 25.8466935475667 26.0977606455484 26.3488277435302 26.599894841512 26.8509619394938 27.1020290374756 27.3530961354573 27.5844931284586 27.7568798065185 27.9292664845784 28.1016531626383 28.2740398406982 28.4464265187581 28.618813196818 28.7911998748779 29.2683468500773 29.8470805909898 30.4258143319023 31.0045480728149 31.5832818137274 32.1620155546399 32.7407492955525 33.2150518629286 33.3760609096951 33.5370699564616 33.6980790032281
23.0779885609945 22.8720884958903 22.6661884307861 22.460288365682 22.2543883005778 22.2628734588622 22.3428203582763 22.4227672576904 22.5027141571044 22.5826610565185 22.6626079559326 22.7425548553466 22.8980139414468 23.2800095876057 23.6620052337646 24.0440008799234 24.4259965260823 24.8079921722411 25.1899878184 25.5719834645589 25.8601634979248 26.1170716603596 26.3739798227946 26.6308879852294 26.8877961476643 27.1447043100992 27.4016124725341 27.6242071787516 27.7438615163167 27.8635158538818 27.9831701914469 28.102824529012 28.2224788665772 28.3421332041423 28.4617875417074 28.9322252273559 29.519590695699 30.106956164042 30.6943216323852 31.2816871007283 31.8690525690713 32.4564180374145 32.9379269917806 33.1018664042155 33.2658058166504 33.4297452290853
23.1873367733426 23.0299013349745 22.8724658966064 22.7150304582384 22.5575950198703 22.5663722991943 22.630553817749 22.6947353363037 22.7589168548584 22.823098373413 22.8872798919677 22.9514614105224 23.0888300153943 23.4457598792181 23.8026897430419 24.1596196068657 24.5165494706895 24.8734793345133 25.230409198337 25.5873390621609 25.8736334482828 26.1363826751708 26.3991319020589 26.6618811289469 26.9246303558349 27.1873795827229 27.4501288096109 27.6639212290446 27.7308432261149 27.7977652231852 27.8646872202555 27.9316092173258 27.9985312143962 28.0654532114665 28.1323752085368 28.5961036046345 29.1921008004082 29.7880979961818 30.3840951919555 30.9800923877291 31.5760895835027 32.1720867792765 32.6608021206326 32.8276718987359 32.9945416768392 33.1614114549425
23.8079655541313 23.6770108964707 23.5460562388101 23.4151015811495 23.2841469234889 23.2655526479084 23.2844118330213 23.3032710181341 23.322130203247 23.3409893883598 23.3598485734727 23.3787077585855 23.4666578928628 23.7618808746337 24.0571038564045 24.3523268381754 24.6475498199462 24.9427728017171 25.2379957834879 25.5332187652588 25.8058714548746 26.0710007137722 26.3361299726698 26.6012592315674 26.8663884904649 27.1315177493625 27.3966470082601 27.604385333591 27.6399508582221 27.6755163828532 27.7110819074843 27.7466474321154 27.7822129567464 27.8177784813775 27.8533440060086 28.3016718069712 28.8875870333776 29.4735022597841 30.0594174861907 30.6453327125972 31.2312479390037 31.8171631654103 32.2991547372606 32.469375345442 32.6395959536235 32.8098165618049
24.9398749033608 24.8134171803791 24.6869594573973 24.5605017344155 24.4340440114337 24.3604145050047 24.3043944040933 24.2483743031818 24.1923542022704 24.1363341013589 24.0803140004475 24.024293899536 24.0314975738524 24.2283725738524 24.4252475738524 24.6221225738525 24.8189975738525 25.0158725738525 25.2127475738525 25.4096225738525 25.6568775177002 25.9209257761637 26.1849740346273 26.4490222930908 26.7130705515543 26.9771188100179 27.2411670684814 27.445599492391 27.4711844126384 27.4967693328858 27.5223542531332 27.5479391733806 27.573524093628 27.5991090138754 27.6246939341227 28.0489298343658 28.6060493946075 29.1631689548491 29.7202885150909 30.2774080753326 30.8345276355743 31.391647195816 31.8529848416647 32.0269767443339 32.2009686470032 32.3749605496725
