data/working_set_collections/6091692-Cassins_Sparrow-MC/1985/bio5.asc
NCOLS 265 
NROWS 230 
XLLCORNER -115.5625 
YLLCORNER 24.8333333333333 
CELLSIZE 0.0833333333333333 
NODATA_value -9999 
[rows 80 to 99 of 230, columns 184 to 229 of 265]
34.9310104370117 34.9099146525065 34.8888188680013 34.8599217732747 34.8284242418077 34.7969267103407 34.7654291788737 34.7339316474067 34.7024341159397 34.6709365844726 34.6471657647027 34.6465750800238 34.645984395345 34.6453937106662 34.6448030259874 34.6442123413086 34.6436216566297 34.6430309719509 34.6424550374349 34.6418840196397 34.6413130018446 34.6407419840495 34.6401709662543 34.6395999484592 34.639028930664 34.6160376654731 34.5257856580946 34.4355336507161 34.3452816433377 34.2550296359592 34.1647776285807 34.0745256212023 33.9842736138238 33.8218958536784 33.635476175944 33.4490564982097 33.2626368204753 33.0762171427409 32.8897974650066 32.7033777872722 32.553164964252 32.5115727053748 32.4699804464976 32.4283881876204 32.3867959287431 32.3452036698659
35.0496810913086 35.0387293497721 35.0277776082357 35.0056025187174 34.9796863132053 34.9537701076931 34.927853902181 34.9019376966688 34.8760214911567 34.8501052856445 34.8297619289822 34.8261371188693 34.8225123087565 34.8188874986436 34.8152626885308 34.811637878418 34.8080130683051 34.8043882581923 34.7996317545573 34.7944980197482 34.7893642849392 34.7842305501302 34.7790968153212 34.7739630805121 34.7688293457031 34.7407402886285 34.643785264757 34.5468302408854 34.4498752170139 34.3529201931424 34.2559651692708 34.1590101453993 34.0620551215278 33.8950627644857 33.7047246297201 33.5143864949545 33.3240483601888 33.1337102254232 32.9433720906576 32.753033955892 32.603571346071 32.5767353110843 32.5498992760976 32.5230632411109 32.4962272061242 32.4693911711375
35.1683517456054 35.1675440470377 35.16673634847 35.1512832641601 35.1309483846028 35.1106135050455 35.0902786254883 35.069943745931 35.0496088663737 35.0292739868164 35.0123580932617 35.0056991577148 34.9990402221679 34.9923812866211 34.9857223510742 34.9790634155273 34.9724044799804 34.9657455444336 34.9568084716797 34.9471120198568 34.9374155680338 34.9277191162109 34.918022664388 34.9083262125651 34.8986297607422 34.8654429117839 34.7617848714193 34.6581268310547 34.5544687906901 34.4508107503255 34.3471527099609 34.2434946695964 34.1398366292318 33.968229675293 33.7739730834961 33.5797164916993 33.3854598999024 33.1912033081055 32.9969467163086 32.8026901245117 32.65397772789 32.6418979167938 32.6298181056976 32.6177382946014 32.6056584835052 32.593578672409
35.2870223999023 35.2963587443034 35.3056950887044 35.2969640096028 35.2822104560004 35.267456902398 35.2527033487956 35.2379497951931 35.2231962415907 35.2084426879883 35.1949542575412 35.1852611965603 35.1755681355794 35.1658750745985 35.1561820136176 35.1464889526367 35.1367958916558 35.1271028306749 35.1139851888021 35.0997260199653 35.0854668511285 35.0712076822917 35.0569485134548 35.042689344618 35.0284301757812 34.9901455349392 34.8797844780816 34.769423421224 34.6590623643663 34.5487013075087 34.438340250651 34.3279791937934 34.2176181369358 34.0413965861003 33.8432215372722 33.645046488444 33.4468714396159 33.2486963907878 33.0505213419597 32.8523462931315 32.704384109709 32.7070605225033 32.7097369352976 32.712413348092 32.7150897608863 32.7177661736806
35.3072708129883 35.3202251858181 35.333179558648 35.3307528177897 35.3231990390354 35.315645260281 35.3080914815267 35.3005377027724 35.292983924018 35.2854301452637 35.2775582207574 35.2687318589952 35.2599054972331 35.2510791354709 35.2422527737088 35.2334264119466 35.2246000501845 35.2157736884223 35.2001475016276 35.1822547064887 35.1643619113498 35.1464691162109 35.1285763210721 35.1106835259332 35.0927907307943 35.051414320204 34.9395870632596 34.8277598063151 34.7159325493707 34.6041052924262 34.4922780354818 34.3804507785374 34.2686235215929 34.098183186849 33.9082051595052 33.7182271321615 33.5282491048177 33.338271077474 33.1482930501302 32.9583150227865 32.8187553405761 32.8304506937663 32.8421460469564 32.8538414001465 32.8655367533366 32.8772321065267
35.2290969848633 35.239143371582 35.2491897583008 35.2526496887207 35.2539141337077 35.2551785786947 35.2564430236816 35.2577074686686 35.2589719136556 35.2602363586426 35.2601699829102 35.2561111450195 35.2520523071289 35.2479934692383 35.2439346313477 35.239875793457 35.2358169555664 35.2317581176758 35.2152954101562 35.1946980794271 35.1741007486979 35.1535034179688 35.1329060872396 35.1123087565104 35.0917114257813 35.0492492675781 34.9411926269532 34.8331359863281 34.7250793457032 34.6170227050782 34.5089660644531 34.4009094238281 34.2928527832032 34.1385894775391 33.9689239501953 33.7992584228516 33.6295928955078 33.4599273681641 33.2902618408203 33.1205963134766 32.9970914204915 33.0120684305827 33.0270454406738 33.0420224507649 33.0569994608561 33.0719764709472
35.1509231567383 35.1580615573459 35.1651999579536 35.1745465596517 35.18462922838 35.1947118971083 35.2047945658366 35.2148772345649 35.2249599032932 35.2350425720215 35.2427817450629 35.2434904310438 35.2441991170247 35.2449078030056 35.2456164889865 35.2463251749674 35.2470338609483 35.2477425469293 35.2304433186849 35.2071414523655 35.183839586046 35.1605377197266 35.1372358534071 35.1139339870877 35.0906321207682 35.0470842149523 34.9427981906467 34.8385121663412 34.7342261420356 34.6299401177301 34.5256540934245 34.421368069119 34.3170820448134 34.1789957682292 34.0296427408854 33.8802897135417 33.7309366861979 33.5815836588542 33.4322306315104 33.2828776041667 33.1754275004069 33.1936861673991 33.2119448343912 33.2302035013834 33.2484621683756 33.2667208353678
35.0727493286133 35.0769797431098 35.0812101576063 35.0964434305827 35.1153443230523 35.1342452155219 35.1531461079915 35.1720470004612 35.1909478929308 35.2098487854004 35.2253935072157 35.2308697170681 35.2363459269206 35.241822136773 35.2472983466254 35.2527745564779 35.2582507663303 35.2637269761827 35.2455912272135 35.2195848253038 35.1935784233941 35.1675720214844 35.1415656195747 35.1155592176649 35.0895528157552 35.0449191623264 34.9444037543403 34.8438883463542 34.7433729383681 34.642857530382 34.5423421223959 34.4418267144097 34.3413113064236 34.2194020589193 34.0903615315755 33.9613210042318 33.832280476888 33.7032399495443 33.5741994222005 33.4451588948568 33.3537635803222 33.3753039042155 33.3968442281087 33.4183845520019 33.4399248758952 33.4614651997884
34.9945755004883 34.9958979288737 34.9972203572591 35.0183403015137 35.0460594177246 35.0737785339356 35.1014976501465 35.1292167663574 35.1569358825684 35.1846549987793 35.2080052693685 35.2182490030925 35.2284927368164 35.2387364705404 35.2489802042643 35.2592239379883 35.2694676717122 35.2797114054362 35.2607391357422 35.2320281982422 35.2033172607422 35.1746063232422 35.1458953857422 35.1171844482422 35.0884735107422 35.0427541097005 34.9460093180339 34.8492645263672 34.7525197347005 34.6557749430339 34.5590301513672 34.4622853597005 34.3655405680339 34.2598083496094 34.1510803222656 34.0423522949219 33.9336242675781 33.8248962402344 33.7161682128906 33.6074401855469 33.5320996602376 33.5569216410319 33.5817436218261 33.6065656026204 33.6313875834147 33.656209564209
34.9164016723633 34.9148161146376 34.9132305569119 34.9402371724447 34.9767745123969 35.0133118523492 35.0498491923014 35.0863865322537 35.1229238722059 35.1594612121582 35.1906170315213 35.2056282891168 35.2206395467122 35.2356508043077 35.2506620619032 35.2656733194987 35.2806845770942 35.2956958346897 35.2758870442708 35.2444715711806 35.2130560980903 35.181640625 35.1502251519097 35.1188096788195 35.0873942057292 35.0405890570747 34.9476148817275 34.8546407063802 34.761666531033 34.6686923556858 34.5757181803386 34.4827440049913 34.3897698296441 34.3002146402995 34.2117991129557 34.123383585612 34.0349680582682 33.9465525309245 33.8581370035807 33.769721476237 33.710435740153 33.7385393778483 33.7666430155436 33.7947466532389 33.8228502909342 33.8509539286295
34.891674041748 34.8871150546604 34.8825560675727 34.908017985026 34.9434868706597 34.9789557562934 35.0144246419271 35.0498935275608 35.0853624131944 35.1208312988281 35.151080915663 35.1656727261013 35.1802645365397 35.1948563469781 35.2094481574165 35.2240399678548 35.2386317782932 35.2532235887316 35.2351069132487 35.2060874091255 35.1770679050022 35.1480484008789 35.1190288967557 35.0900093926324 35.0609898885091 35.0162959628635 34.9245787726509 34.8328615824382 34.7411443922255 34.6494272020128 34.5577100118002 34.4659928215875 34.3742756313748 34.2995277404785 34.2304362826877 34.1613448248969 34.0922533671061 34.0231619093153 33.9540704515245 33.8849789937337 33.8415817260742 33.8752670288086 33.908952331543 33.9426376342773 33.9763229370117 34.0100082397461
34.9203926086426 34.9127947489421 34.9051968892415 34.9216827392578 34.946196492513 34.9707102457682 34.9952239990234 35.0197377522786 35.0442515055339 35.0687652587891 35.0893969217936 35.0983823140462 35.1073677062988 35.1163530985514 35.125338490804 35.1343238830567 35.1433092753093 35.1522946675619 35.1383987426758 35.1168757120768 35.0953526814779 35.0738296508789 35.05230662028 35.030783589681 35.009260559082 34.9698748270671 34.8769009908041 34.783927154541 34.690953318278 34.597979482015 34.505005645752 34.412031809489 34.3190579732259 34.2577476501465 34.2069918314616 34.1562360127767 34.1054801940918 34.0547243754069 34.003968556722 33.9532127380371 33.9255376180013 33.9671045939127 34.0086715698242 34.0502385457356 34.0918055216471 34.1333724975586
34.9491111755371 34.9384744432237 34.9278377109104 34.9353474934896 34.9489061143663 34.962464735243 34.9760233561198 34.9895819769965 35.0031405978733 35.01669921875 35.0277129279243 35.0310919019911 35.034470876058 35.0378498501248 35.0412288241916 35.0446077982585 35.0479867723253 35.0513657463922 35.0416905721029 35.0276640150282 35.0136374579536 34.9996109008789 34.9855843438043 34.9715577867296 34.957531229655 34.9234536912706 34.8292232089573 34.7349927266439 34.6407622443305 34.5465317620172 34.4523012797038 34.3580707973904 34.2638403150771 34.2159675598145 34.1835473802355 34.1511272006565 34.1187070210775 34.0862868414985 34.0538666619195 34.0214464823405 34.0094935099284 34.0589421590169 34.1083908081054 34.157839457194 34.2072881062825 34.2567367553711
34.9778297424316 34.9641541375054 34.9504785325792 34.9490122477214 34.9516157362196 34.9542192247179 34.9568227132161 34.9594262017144 34.9620296902127 34.9646331787109 34.9660289340549 34.963801489936 34.9615740458171 34.9593466016981 34.9571191575792 34.9548917134603 34.9526642693414 34.9504368252225 34.94498240153 34.9384523179796 34.9319222344293 34.9253921508789 34.9188620673286 34.9123319837782 34.9058019002279 34.8770325554742 34.7815454271105 34.6860582987468 34.5905711703831 34.4950840420193 34.3995969136556 34.3041097852919 34.2086226569282 34.1741874694824 34.1601029290093 34.1460183885362 34.1319338480631 34.1178493075901 34.103764767117 34.0896802266439 34.0934494018554 34.1507797241211 34.2081100463867 34.2654403686523 34.3227706909179 34.3801010131836
35.0065483093262 34.9898338317871 34.973119354248 34.9626770019531 34.9543253580729 34.9459737141927 34.9376220703125 34.9292704264323 34.9209187825521 34.9125671386719 34.9043449401856 34.8965110778809 34.8886772155762 34.8808433532715 34.8730094909668 34.8651756286621 34.8573417663574 34.8495079040528 34.848274230957 34.849240620931 34.850207010905 34.8511734008789 34.8521397908529 34.8531061808268 34.8540725708008 34.8306114196778 34.7338676452637 34.6371238708496 34.5403800964356 34.4436363220215 34.3468925476074 34.2501487731934 34.1534049987793 34.1324073791504 34.1366584777832 34.140909576416 34.1451606750488 34.1494117736816 34.1536628723144 34.1579139709472 34.1774052937825 34.2426172892252 34.3078292846679 34.3730412801106 34.4382532755533 34.5034652709961
35.0352668762207 35.0155135260688 34.9957601759169 34.9763417561849 34.9570349799262 34.9377282036675 34.9184214274089 34.8991146511502 34.8798078748915 34.8605010986328 34.8426609463162 34.8292206658258 34.8157803853353 34.8023401048449 34.7888998243544 34.775459543864 34.7620192633735 34.7485789828831 34.7515660603841 34.7600289238824 34.7684917873807 34.7769546508789 34.7854175143772 34.7938803778754 34.8023432413737 34.7841902838813 34.6861898634169 34.5881894429525 34.4901890224881 34.3921886020237 34.2941881815593 34.1961877610949 34.0981873406305 34.0906272888184 34.1132140265571 34.1358007642958 34.1583875020345 34.1809742397732 34.2035609775119 34.2261477152506 34.2613611857096 34.3344548543294 34.4075485229492 34.480642191569 34.5537358601888 34.6268295288086
35.0364865620931 35.0213067796495 35.0061269972059 34.9842750549316 34.9601990593804 34.9361230638292 34.912047068278 34.8879710727268 34.8638950771756 34.8398190816244 34.8165679931641 34.7957916259766 34.7750152587891 34.7542388916016 34.7334625244141 34.7126861572266 34.6919097900391 34.6711334228516 34.6718683878581 34.6797737969293 34.6876792060004 34.6955846150716 34.7034900241428 34.711395433214 34.7193008422852 34.7015513102214 34.6068369547526 34.5121225992839 34.4174082438151 34.3226938883464 34.2279795328776 34.1332651774089 34.0385508219401 34.0462560017904 34.088101026747 34.1299460517035 34.1717910766601 34.2136361016167 34.2554811265733 34.2973261515299 34.3478649563259 34.4244851006402 34.5011052449544 34.5777253892686 34.6543455335829 34.7309656778971
35.0102073669434 35.0072135925293 35.0042198181152 34.9864768981934 34.9638175964355 34.9411582946777 34.9184989929199 34.8958396911621 34.8731803894043 34.8505210876465 34.8260660807292 34.7962239583333 34.7663818359375 34.7365397135417 34.7066975911458 34.67685546875 34.6470133463542 34.6171712239584 34.6091812133789 34.6084752400716 34.6077692667643 34.607063293457 34.6063573201498 34.6056513468425 34.6049453735352 34.582694498698 34.4958089192709 34.4089233398438 34.3220377604167 34.2351521809896 34.1482666015625 34.0613810221354 33.9744954427084 33.9992935180664 34.0613194783529 34.1233454386393 34.1853713989258 34.2473973592122 34.3094233194987 34.3714492797851 34.4369166056315 34.5127080281575 34.5884994506836 34.6642908732096 34.7400822957356 34.8158737182617
34.9839281717936 34.9931204054091 35.0023126390245 34.9886787414551 34.9674361334907 34.9461935255263 34.9249509175619 34.9037083095974 34.882465701633 34.8612230936686 34.8355641682943 34.7966562906901 34.757748413086 34.7188405354818 34.6799326578776 34.6410247802735 34.6021169026693 34.5632090250651 34.5464940388998 34.537176683214 34.5278593275282 34.5185419718425 34.5092246161567 34.4999072604709 34.4905899047852 34.4638376871745 34.3847808837891 34.3057240804037 34.2266672770183 34.1476104736328 34.0685536702474 33.989496866862 33.9104400634766 33.9523310343424 34.0345379299588 34.1167448255751 34.1989517211914 34.2811586168077 34.363365512424 34.4455724080403 34.525968254937 34.6009309556749 34.6758936564127 34.7508563571506 34.8258190578884 34.9007817586263
34.9576489766439 34.9790272182888 35.0004054599338 34.9908805847168 34.9710546705458 34.9512287563748 34.9314028422038 34.9115769280328 34.8917510138618 34.8719250996908 34.8450622558594 34.7970886230469 34.7491149902344 34.7011413574219 34.6531677246094 34.6051940917969 34.5572204589844 34.5092468261719 34.4838068644206 34.4658781263564 34.4479493882921 34.4300206502279 34.4120919121636 34.3941631740994 34.3762344360352 34.3449808756511 34.2737528483073 34.2025248209636 34.1312967936198 34.0600687662761 33.9888407389323 33.9176127115886 33.8463846842448 33.9053685506185 34.0077563815647 34.1101442125108 34.212532043457 34.3149198744032 34.4173077053494 34.5196955362955 34.6150199042426 34.6891538831922 34.7632878621419 34.8374218410916 34.9115558200412 34.9856897989909
