data/working_set_collections/6091692-Cassins_Sparrow-MC/1985/bio5.asc
NCOLS 265 
NROWS 230 
XLLCORNER -115.5625 
YLLCORNER 24.8333333333333 
CELLSIZE 0.0833333333333333 
NODATA_value -9999 
[rows 180 to 199 of 230, columns 46 to 91 of 265]
37.9898821512859 38.3609165615506 38.7319509718154 39.1029853820801 39.4740197923448 39.8450542026096 39.9518892923991 39.9706579420302 39.9894265916613 40.0081952412923 40.0269638909234 40.0457325405545 40.0645011901856 40.0583644443088 39.9775115119086 39.8966585795085 39.8158056471083 39.7349527147081 39.6540997823079 39.5732468499078 39.4923939175076 39.3655019124349 39.2232635498047 39.0810251871745 38.9387868245443 38.7965484619141 38.6543100992839 38.5120717366537 38.2827031453452 37.7919438680014 37.3011845906577 36.8104253133139 36.3196660359701 35.8289067586264 35.3381474812827 34.8473882039389 34.2447936375937 33.6049206415814 32.9650476455689 32.3251746495566 31.6853016535443 31.0454286575318 30.4055556615195 29.872838889228 29.6615907880995 29.4503426869711
37.3161460876465 37.7625500996908 38.2089541117351 38.6553581237793 39.1017621358235 39.5481661478678 39.6960456848145 39.7444170633952 39.7927884419759 39.8411598205567 39.8895311991374 39.9379025777181 39.9862739562988 40.0084582010905 39.952081044515 39.8957038879395 39.8393267313639 39.7829495747884 39.7265724182129 39.6701952616374 39.6138181050618 39.4662170410156 39.2882080078125 39.1101989746094 38.9321899414063 38.7541809082032 38.576171875 38.3981628417969 38.1415817260743 37.6492843627931 37.1569869995118 36.6646896362306 36.1723922729493 35.6800949096681 35.1877975463869 34.6955001831056 34.1044946670534 33.4805864334108 32.8566781997682 32.2327699661256 31.6088617324831 30.9849534988404 30.3610452651979 29.8386636098226 29.6208616892497 29.4030597686768
36.6424100240072 37.1641836378309 37.6859572516547 38.2077308654785 38.7295044793022 39.2512780931261 39.4402020772298 39.5181761847602 39.5961502922906 39.674124399821 39.7520985073513 39.8300726148817 39.9080467224121 39.9585519578722 39.9266505771213 39.8947491963704 39.8628478156196 39.8309464348687 39.7990450541178 39.767143673367 39.7352422926161 39.5669321695964 39.3531524658204 39.1393727620443 38.9255930582683 38.7118133544922 38.4980336507162 38.2842539469402 38.0004603068035 37.5066248575847 37.012789408366 36.5189539591473 36.0251185099285 35.5312830607097 35.037447611491 34.5436121622722 33.964195696513 33.3562522252402 32.7483087539674 32.1403652826946 31.5324218114219 30.924478340149 30.3165348688762 29.8044883304173 29.5801325903999 29.3557768503825
35.9686739603679 36.5658171759711 37.1629603915745 37.7601036071777 38.357246822781 38.9543900383843 39.1843584696452 39.2919353061252 39.3995121426053 39.5070889790853 39.6146658155653 39.7222426520454 39.8298194885254 39.9086457146539 39.9012201097277 39.8937945048014 39.8863688998752 39.878943294949 39.8715176900228 39.8640920850966 39.8566664801703 39.6676472981771 39.4180969238282 39.1685465494792 38.9189961751303 38.6694458007813 38.4198954264323 38.1703450520834 37.8593388875327 37.3639653523764 36.8685918172202 36.3732182820639 35.8778447469076 35.3824712117514 34.8870976765952 34.3917241414389 33.8238967259726 33.2319180170697 32.6399393081666 32.0479605992636 31.4559818903607 30.8640031814576 30.2720244725546 29.7703130510119 29.5394034915501 29.3084939320883
35.2949378967285 35.9674507141113 36.6399635314942 37.3124763488769 37.9849891662597 38.6575019836426 38.9285148620606 39.0656944274902 39.2028739929199 39.3400535583496 39.4772331237793 39.614412689209 39.7515922546387 39.8587394714356 39.875789642334 39.8928398132324 39.9098899841308 39.9269401550293 39.9439903259277 39.9610404968262 39.9780906677246 39.7683624267579 39.483041381836 39.1977203369141 38.9123992919922 38.6270782470704 38.3417572021485 38.0564361572266 37.7182174682619 37.2213058471681 36.7243942260743 36.2274826049806 35.7305709838868 35.2336593627931 34.7367477416994 34.2398361206056 33.6835977554323 33.1075838088991 32.5315698623658 31.9555559158326 31.3795419692995 30.8035280227662 30.227514076233 29.7361377716065 29.4986743927002 29.261211013794
34.6212018330892 35.3690842522514 36.1169666714138 36.8648490905761 37.6127315097384 38.3606139289008 38.6726712544759 38.8394535488552 39.0062358432346 39.1730181376139 39.3398004319933 39.5065827263726 39.6733650207519 39.8088332282172 39.8503591749403 39.8918851216634 39.9334110683865 39.9749370151096 40.0164629618327 40.0579889085557 40.0995148552788 39.8690775553386 39.5479858398438 39.226894124349 38.9058024088542 38.5847106933595 38.2636189778646 37.9425272623699 37.577096048991 37.0786463419597 36.5801966349285 36.0817469278973 35.583297220866 35.0848475138347 34.5863978068035 34.0879480997722 33.5432987848919 32.9832496007285 32.423200416565 31.8631512324016 31.3031020482383 30.7430528640748 30.1830036799114 29.7019624922011 29.4579452938504 29.2139280954997
33.9628497918447 34.7100974241892 35.4573450565339 36.2045926888784 36.951840321223 37.6990879535676 38.0538744608563 38.2778405931262 38.5018067253962 38.7257728576661 38.9497389899361 39.173705122206 39.397671254476 39.5856333414714 39.6655832926433 39.7455332438151 39.825483194987 39.9054331461589 39.9853830973307 40.0653330485026 40.1452829996745 39.9165158589682 39.584843020969 39.2531701829699 38.9214973449708 38.5898245069716 38.2581516689725 37.9264788309734 37.5547190348308 37.0626983642578 36.570677693685 36.0786570231121 35.5866363525391 35.0946156819662 34.6025950113933 34.1105743408203 33.5636639277141 32.9984569337634 32.4332499398126 31.8680429458619 31.3028359519112 30.7376289579604 30.1724219640097 29.6843725840251 29.4277960459392 29.1712195078532
-9999 33.9904902299245 34.6610986868541 35.3317071437836 36.0023156007131 36.6729240576427 37.0721244812013 37.3808555603028 37.6895866394044 37.9983177185059 38.3070487976075 38.615779876709 38.9245109558106 39.189139811198 39.3214619954427 39.4537841796875 39.5861063639323 39.7184285481771 39.8507507324219 39.9830729166667 40.1153951009114 39.9106773376465 39.5936129252117 39.2765485127767 38.9594841003418 38.642419687907 38.325355275472 38.0082908630371 37.6510864257813 37.1734619140625 36.6958374023438 36.2182128906251 35.7405883789063 35.2629638671876 34.7853393554688 34.30771484375 33.744693183899 33.1532058080039 32.5617184321086 31.9702310562135 31.3787436803183 30.7872563044231 30.1957689285279 29.6833680470785 29.4082266489665 29.1330852508545
-9999 -9999 -9999 34.4588215986888 35.0527908802032 35.6467601617178 36.0903745015463 36.4838705274794 36.8773665534126 37.2708625793457 37.6643586052789 38.057854631212 38.4513506571452 38.7926462809245 38.9773406982422 39.1620351155599 39.3467295328776 39.5314239501953 39.716118367513 39.9008127848307 40.0855072021484 39.9048388163249 39.6023828294543 39.2999268425836 38.9974708557129 38.6950148688423 38.3925588819716 38.090102895101 37.7474538167319 37.2842254638672 36.8209971110027 36.3577687581381 35.8945404052735 35.4313120524089 34.9680836995444 34.5048553466797 33.9257224400839 33.3079546822443 32.6901869244046 32.072419166565 31.4546514087254 30.8368836508858 30.2191158930462 29.6823635101319 29.3886572519939 29.0949509938558
-9999 -9999 -9999 -9999 34.1032661596935 34.620596265793 35.1086245218914 35.5868854946561 36.0651464674209 36.5434074401856 37.0216684129503 37.4999293857151 37.9781903584798 38.3961527506511 38.6332194010417 38.8702860514323 39.1073527018229 39.3444193522135 39.5814860026042 39.8185526529948 40.0556193033854 39.8990002950033 39.6111527336969 39.3233051723904 39.035457611084 38.7476100497776 38.4597624884712 38.1719149271647 37.8438212076824 37.3949890136719 36.9461568196615 36.4973246256511 36.0484924316406 35.5996602376303 35.1508280436199 34.7019958496094 34.1067516962688 33.4627035564848 32.8186554167006 32.1746072769166 31.5305591371326 30.8865109973484 30.2424628575644 29.6813589731853 29.3690878550212 29.0568167368572
-9999 -9999 -9999 -9999 -9999 33.5944323698681 34.1268745422364 34.6899004618327 35.2529263814291 35.8159523010254 36.3789782206217 36.9420041402181 37.5050300598144 37.9996592203776 38.2890981038412 38.5785369873047 38.8679758707682 39.1574147542318 39.4468536376953 39.7362925211588 40.0257314046224 39.8931617736817 39.6199226379395 39.3466835021973 39.0734443664551 38.800205230713 38.5269660949707 38.2537269592285 37.9401885986329 37.5057525634766 37.0713165283204 36.6368804931641 36.2024444580078 35.7680084228516 35.3335723876954 34.8991363525391 34.2877809524537 33.6174524307252 32.9471239089966 32.2767953872682 31.6064668655397 30.9361383438111 30.2658098220826 29.6803544362387 29.3495184580485 29.0186824798585
-9999 -9999 -9999 -9999 -9999 -9999 33.1451245625814 33.7929154290093 34.4407062954373 35.0884971618652 35.7362880282931 36.3840788947211 37.031869761149 37.6031656901041 37.9449768066406 38.2867879231771 38.6285990397135 38.97041015625 39.3122212727864 39.6540323893229 39.9958435058593 39.8873232523601 39.6286925421821 39.3700618320041 39.1114311218262 38.8528004116483 38.5941697014703 38.3355389912924 38.0365559895834 37.6165161132813 37.1964762369792 36.7764363606772 36.356396484375 35.936356608073 35.5163167317709 35.0962768554688 34.4688102086386 33.7722013049657 33.0755924012926 32.3789834976197 31.6823745939468 30.9857656902738 30.2891567866009 29.6793498992921 29.3299490610759 28.9805482228598
-9999 -9999 -9999 -9999 -9999 -9999 -9999 33.0597850746578 33.7254975371891 34.3912099997203 35.0569224622514 35.7226349247827 36.3883473873139 36.98883005778 37.3936233520509 37.7984166463217 38.2032099405925 38.6080032348633 39.0127965291341 39.4175898234049 39.8223831176758 39.7601427714031 39.5422245449491 39.3243063184951 39.1063880920411 38.8884698655871 38.670551639133 38.452633412679 38.1861484103733 37.7739630805122 37.3617777506511 36.94959242079 36.5374070909288 36.1252217610677 35.7130364312066 35.3008511013455 34.6706249872844 33.9677186118233 33.2648122363621 32.5619058609009 31.8589994854398 31.1560931099786 30.4531867345175 29.8334089914958 29.4630171457926 29.0926253000895
-9999 -9999 -9999 -9999 -9999 -9999 -9999 -9999 33.1073001066844 33.7240908145905 34.3408815224965 34.9576722304027 35.5744629383087 36.156652323405 36.6350377400717 37.1134231567383 37.591808573405 38.0701939900717 38.5485794067383 39.0269648234049 39.5053502400716 39.5116203308106 39.3605186462403 39.20941696167 39.0583152770996 38.9072135925293 38.756111907959 38.6050102233887 38.3889658610027 37.9780934651693 37.567221069336 37.1563486735027 36.7454762776693 36.334603881836 35.9237314860027 35.5128590901693 34.8932252883912 34.2040043512981 33.514783414205 32.8255624771119 32.1363415400188 31.4471206029256 30.7578996658326 30.14253171285 29.7487227121989 29.3549137115479
-9999 -9999 -9999 -9999 -9999 -9999 -9999 -9999 -9999 -9999 -9999 -9999 -9999 35.32447458903 35.8764521280925 36.428429667155 36.9804072062174 37.53238474528 38.0843622843424 38.6363398234049 39.1883173624674 39.2630978902181 39.1788127475315 39.0945276048449 39.0102424621582 38.9259573194716 38.8416721767849 38.7573870340983 38.591783311632 38.1822238498264 37.7726643880209 37.3631049262153 36.9535454644097 36.5439860026042 36.1344265407987 35.7248670789931 35.115825589498 34.440290090773 33.7647545920478 33.0892190933228 32.4136835945978 31.7381480958727 31.0626125971477 30.4516544342042 30.0344282786051 29.6172021230062
-9999 -9999 -9999 -9999 -9999 -9999 -9999 -9999 -9999 -9999 -9999 -9999 -9999 34.492296854655 35.1178665161134 35.7434361775716 36.3690058390299 36.9945755004883 37.6201451619466 38.2457148234049 38.8712844848633 39.0145754496257 38.9971068488227 38.9796382480198 38.9621696472168 38.9447010464138 38.9272324456109 38.9097638448079 38.7946007622613 38.3863542344835 37.9781077067058 37.569861178928 37.1616146511502 36.7533681233724 36.3451215955947 35.9368750678168 35.3384258906047 34.6765758302478 34.0147257698907 33.3528757095337 32.6910256491768 32.0291755888197 31.3673255284628 30.7607771555583 30.3201338450114 29.8794905344645
-9999 -9999 -9999 -9999 -9999 -9999 -9999 -9999 -9999 -9999 -9999 -9999 -9999 33.6601191202799 34.3592809041342 35.0584426879883 35.7576044718424 36.4567662556966 37.1559280395507 37.8550898234049 38.5542516072591 38.7660530090332 38.815400950114 38.8647488911947 38.9140968322754 38.9634447733561 39.0127927144368 39.0621406555175 38.9974182128907 38.5904846191406 38.1835510253907 37.7766174316407 37.3696838378906 36.9627502441407 36.5558166503907 36.1488830566406 35.5610261917115 34.9128615697226 34.2646969477336 33.6165323257447 32.9683677037558 32.3202030817668 31.6720384597779 31.0698998769125 30.6058394114176 30.1417789459229
-9999 -9999 -9999 -9999 -9999 -9999 -9999 -9999 -9999 -9999 -9999 -9999 -9999 32.8279413859049 33.600695292155 34.3734491984049 35.1462031046549 35.9189570109049 36.6917109171549 37.4644648234048 38.2372187296549 38.5175305684408 38.6336950514052 38.7498595343696 38.866024017334 38.9821885002984 39.0983529832628 39.2145174662272 39.20023566352 38.7946150037978 38.3889943440756 37.9833736843534 37.5777530246311 37.1721323649089 36.7665117051867 36.3608910454644 35.7836264928183 35.1491473091974 34.5146681255765 33.8801889419556 33.2457097583348 32.6112305747138 31.976751391093 31.3790225982667 30.8915449778239 30.4040673573812
-9999 -9999 -9999 -9999 -9999 -9999 -9999 -9999 -9999 -9999 -9999 -9999 -9999 32.1897217485639 32.9707638687558 33.7518059889475 34.5328481091393 35.3138902293312 36.0949323495229 36.8759744697147 37.6570165899066 37.9953885396323 38.1862037658692 38.3770189921062 38.5678342183432 38.7586494445801 38.9494646708171 39.1402798970541 39.1891999986438 38.8124347262913 38.4356694539389 38.0589041815865 37.682138909234 37.3053736368816 36.9286083645291 36.5518430921767 36.0001219908397 35.3900822798412 34.7800425688426 34.1700028578441 33.5599631468456 32.949923435847 32.3398837248484 31.7570416503483 31.2557924853431 30.7545433203379
-9999 -9999 -9999 -9999 -9999 -9999 -9999 -9999 -9999 -9999 -9999 -9999 -9999 -9999 32.4694866339366 33.1935130596161 33.9175394852956 34.6415659109752 35.3655923366547 36.0896187623342 36.8136451880138 37.1996269226075 37.4729270935059 37.7462272644044 38.0195274353028 38.2928276062012 38.5661277770996 38.8394279479981 38.9643112182618 38.6439437866212 38.3235763549805 38.0032089233399 37.6828414916993 37.3624740600586 37.042106628418 36.7217391967773 36.2105126857758 35.6356664816539 35.060820277532 34.4859740734101 33.9111278692882 33.3362816651662 32.7614354610443 32.2039570331574 31.6985819339752 31.1932068347931
