data/working_set_collections/6091692-Cassins_Sparrow-MC/1985/bio6.asc
NCOLS 265 
NROWS 230 
XLLCORNER -115.5625 
YLLCORNER 24.8333333333333 
CELLSIZE 0.0833333333333333 
NODATA_value -9999 
[rows 140 to 159 of 230, columns 88 to 131 of 265]
-1.34578117529551 -1.37032010555268 -1.36191149552664 -1.3535028855006 -1.34509427547456 -1.33668566544852 -1.32827705542248 -1.31986844539644 -1.31145983537039 -1.33637972672781 -1.37240911854638 -1.40843851036496 -1.44446790218354 -1.48049729400211 -1.51652668582069 -1.55255607763927 -1.56391022735174 -1.50123865074583 -1.43856707413993 -1.37589549753403 -1.31322392092812 -1.25055234432222 -1.18788076771632 -1.12520919111041 -1.18142647643883 -1.27727338241205 -1.37312028838529 -1.46896719435851 -1.56481410033172 -1.66066100630496 -1.75650791227818 -1.81014137367411 -1.73713450133804 -1.66412762900196 -1.5911207566659 -1.51811388432983 -1.44510701199375 -1.37210013965768 -1.29909326732161 -1.20624870583417 -1.10679158129629 -1.0073344567584 -0.907877332220498 -0.808420207682612
-1.29287539323171 -1.30306038061779 -1.29424893856049 -1.2854374965032 -1.27662605444591 -1.26781461238862 -1.25900317033133 -1.25019172827404 -1.24138028621674 -1.26613182226817 -1.30207101768917 -1.33801021311019 -1.37394940853119 -1.4098886039522 -1.44582779937321 -1.48176699479421 -1.49350549644896 -1.43264191680486 -1.37177833716076 -1.31091475751667 -1.25005117787257 -1.18918759822847 -1.12832401858438 -1.06746043894027 -1.11588794092337 -1.20074580344888 -1.28560366597441 -1.37046152849992 -1.45531939102543 -1.54017725355096 -1.62503511607647 -1.67367013593518 -1.61363662779334 -1.5536031196515 -1.49356961150967 -1.43353610336783 -1.37350259522599 -1.31346908708415 -1.25343557894232 -1.16331606879833 -1.06316789132028 -0.96301971384224 -0.86287153636418 -0.762723358886138
-1.23996961116792 -1.2358006556829 -1.22658638159435 -1.21737210750581 -1.20815783341727 -1.19894355932873 -1.18972928524019 -1.18051501115165 -1.1713007370631 -1.19588391780854 -1.23173291683197 -1.26758191585542 -1.30343091487885 -1.33927991390229 -1.37512891292573 -1.41097791194916 -1.42310076554619 -1.36404518286389 -1.3049896001816 -1.24593401749931 -1.18687843481701 -1.12782285213473 -1.06876726945244 -1.00971168677014 -1.0503494054079 -1.12421822448571 -1.19808704356353 -1.27195586264134 -1.34582468171915 -1.41969350079697 -1.49356231987477 -1.53719889819625 -1.49013875424865 -1.44307861030104 -1.39601846635344 -1.34895832240584 -1.30189817845823 -1.25483803451063 -1.20777789056303 -1.12038343176248 -1.01954420134428 -0.918704970926083 -0.817865740507866 -0.717026510089667
-1.18706382910412 -1.168540930748 -1.1589238246282 -1.14930671850841 -1.13968961238862 -1.13007250626883 -1.12045540014904 -1.11083829402925 -1.10122118790946 -1.1256360133489 -1.16139481597477 -1.19715361860064 -1.23291242122651 -1.26867122385237 -1.30443002647824 -1.34018882910411 -1.35269603464341 -1.29544844892291 -1.23820086320243 -1.18095327748195 -1.12370569176146 -1.06645810604097 -1.00921052032049 -0.951962934599997 -0.984810869892437 -1.04769064552254 -1.11057042115265 -1.17345019678275 -1.23632997241285 -1.29920974804296 -1.36208952367307 -1.40072766045732 -1.36664088070395 -1.33255410095058 -1.29846732119721 -1.26438054144385 -1.23029376169047 -1.19620698193711 -1.16212020218374 -1.07745079472663 -0.975920511368277 -0.874390228009921 -0.772859944651548 -0.671329661293192
-1.16365404923757 -1.13903424739838 -1.12714358170827 -1.11525291601817 -1.10336225032807 -1.09147158463796 -1.07958091894786 -1.06769025325776 -1.05579958756765 -1.07654899756113 -1.10817843278249 -1.13980786800385 -1.1714373032252 -1.20306673844655 -1.23469617366791 -1.26632560888926 -1.2766090154648 -1.22285433610282 -1.16909965674084 -1.11534497737886 -1.06159029801688 -1.0078356186549 -0.954080939292926 -0.90032625993094 -0.928601050376888 -0.984218997425496 -1.03983694447411 -1.09545489152272 -1.15107283857133 -1.20669078561995 -1.26230873266856 -1.29770836035412 -1.27245302995047 -1.24719769954683 -1.22194236914318 -1.19668703873954 -1.17143170833589 -1.14617637793224 -1.1209210475286 -1.03691836491249 -0.933333231558883 -0.829748098205279 -0.726162964851657 -0.622577831498053
-1.1697402715683 -1.14728060563406 -1.13124565283458 -1.1152107000351 -1.09917574723562 -1.08314079443614 -1.06710584163666 -1.05107088883718 -1.0350359360377 -1.04862287044525 -1.07208376725515 -1.09554466406505 -1.11900556087494 -1.14246645768484 -1.16592735449474 -1.18938825130464 -1.19483970801038 -1.1462628444036 -1.09768598079683 -1.04910911719007 -1.00053225358329 -0.951955389976519 -0.90337852636975 -0.854801662762973 -0.881719946861266 -0.933803280194597 -0.985886613527937 -1.03796994686127 -1.0900532801946 -1.14213661352794 -1.19421994686127 -1.22814099788667 -1.20757520198824 -1.1870094060898 -1.16644361019136 -1.14587781429292 -1.12531201839448 -1.10474622249604 -1.08418042659761 -0.998786142320047 -0.891782361916104 -0.78477858151216 -0.677774801108198 -0.570771020704254
-1.17582649389903 -1.15552696386973 -1.13534772396088 -1.11516848405203 -1.09498924414317 -1.07481000423432 -1.05463076432546 -1.03445152441661 -1.01427228450776 -1.02069674332937 -1.03598910172781 -1.05128146012625 -1.06657381852468 -1.08186617692312 -1.09715853532156 -1.11245089372 -1.11307040055595 -1.06967135270438 -1.02627230485282 -0.98287325700126 -0.939474209149692 -0.896075161298131 -0.852676113446571 -0.809277065595002 -0.83483884334564 -0.883387562963694 -0.931936282581755 -0.980485002199809 -1.02903372181786 -1.07758244143592 -1.12613116105398 -1.15857363541922 -1.14269737402599 -1.12682111263276 -1.11094485123953 -1.0950685898463 -1.07919232845307 -1.06331606705984 -1.04743980566662 -0.960653919727604 -0.850231492273321 -0.739809064819037 -0.629386637364734 -0.51896420991045
-1.18191271622976 -1.16377332210541 -1.13944979508718 -1.11512626806895 -1.09080274105073 -1.06647921403249 -1.04215568701427 -1.01783215999604 -0.993508632977809 -0.992770616213483 -0.999894436200462 -1.00701825618744 -1.01414207617442 -1.0212658961614 -1.02838971614838 -1.03551353613536 -1.03130109310152 -0.99307986100516 -0.954858628908808 -0.916637396812455 -0.878416164716096 -0.840194932619744 -0.801973700523391 -0.763752468427032 -0.787957739830015 -0.83297184573279 -0.877985951635574 -0.923000057538349 -0.968014163441125 -1.01302826934391 -1.05804237524668 -1.08900627295177 -1.07781954606375 -1.06663281917573 -1.05544609228771 -1.04425936539969 -1.03307263851166 -1.02188591162364 -1.01069918473562 -0.922521697135162 -0.808680622630538 -0.694839548125914 -0.58099847362127 -0.467157399116646
-1.18799893856049 -1.17201968034109 -1.14355186621348 -1.11508405208588 -1.08661623795828 -1.05814842383067 -1.02968060970307 -1.00121279557547 -0.972744981447862 -0.9648444890976 -0.963799770673123 -0.962755052248644 -0.961710333824167 -0.960665615399689 -0.959620896975211 -0.958576178550734 -0.949531785647096 -0.916488369305945 -0.8834449529648 -0.850401536623656 -0.817358120282505 -0.78431470394136 -0.751271287600215 -0.718227871259065 -0.741076636314393 -0.782556128501891 -0.824035620689397 -0.865515112876895 -0.906994605064393 -0.948474097251898 -0.989953589439396 -1.01943891048433 -1.01294171810151 -1.0064445257187 -0.999947333335887 -0.993450140953074 -0.98695294857026 -0.980455756187448 -0.973958563804635 -0.884389474542722 -0.767129752987758 -0.649870031432794 -0.53261030987781 -0.415350588322847
-1.19408516089122 -1.18026603857677 -1.14765393733979 -1.11504183610281 -1.08242973486583 -1.04981763362885 -1.01720553239187 -0.984593431154897 -0.951981329917915 -0.936918361981715 -0.927705105145779 -0.918491848309842 -0.909278591473906 -0.90006533463797 -0.890852077802033 -0.881638820966097 -0.867762478192665 -0.839896877606724 -0.812031277020787 -0.784165676434851 -0.756300075848909 -0.728434475262973 -0.700568874677036 -0.672703274091094 -0.694195532798767 -0.732140411270988 -0.770085289743215 -0.808030168215435 -0.845975046687656 -0.883919925159883 -0.921864803632103 -0.949871548016876 -0.948063890139272 -0.946256232261667 -0.944448574384062 -0.942640916506457 -0.940833258628852 -0.939025600751247 -0.937217942873643 -0.846257251950279 -0.725578883344975 -0.604900514739671 -0.484222146134347 -0.363543777529043
-1.1291145111124 -1.11939432331261 -1.08911444288164 -1.05883456245067 -1.02855468201971 -0.998274801588743 -0.96799492115778 -0.937715040726816 -0.907435160295848 -0.888548255215105 -0.873459008584438 -0.858369761953768 -0.843280515323101 -0.828191268692434 -0.813102022061764 -0.798012775431097 -0.781180720693558 -0.759120241635395 -0.737059762577235 -0.714999283519075 -0.692938804460912 -0.670878325402752 -0.648817846344592 -0.626757367286429 -0.647374958048267 -0.682218572083449 -0.717062186118636 -0.751905800153817 -0.786749414188998 -0.821593028224185 -0.856436642259366 -0.882695915963927 -0.883202168676601 -0.883708421389275 -0.884214674101948 -0.884720926814622 -0.885227179527296 -0.885733432239969 -0.886239684952643 -0.800254291745205 -0.68543834989771 -0.570622408050214 -0.4558064662027 -0.340990524355205
-0.99308698922398 -0.989404534548548 -0.967933382838988 -0.946462231129431 -0.924991079419874 -0.903519927710313 -0.882048776000756 -0.8605776242912 -0.839106472581639 -0.819734168797746 -0.801061480989075 -0.782388793180401 -0.76371610537173 -0.74504341756306 -0.726370729754385 -0.707698041945715 -0.689786513149757 -0.674158461391942 -0.658530409634129 -0.642902357876317 -0.627274306118501 -0.611646254360689 -0.596018202602876 -0.58039015084506 -0.600614912062886 -0.632790610939265 -0.66496630981565 -0.69714200869203 -0.729317707568409 -0.761493406444794 -0.793669105321174 -0.817912014325471 -0.818356553713492 -0.818801093101512 -0.819245632489533 -0.819690171877554 -0.820134711265575 -0.820579250653596 -0.821023790041617 -0.746380593927487 -0.646708152645956 -0.547035711364426 -0.447363270082879 -0.347690828801348
-0.85705946733556 -0.859414745784489 -0.846752322796337 -0.834089899808186 -0.821427476820036 -0.808765053831884 -0.796102630843733 -0.783440207855583 -0.77077778486743 -0.750920082380388 -0.728663953393713 -0.706407824407034 -0.68415169542036 -0.661895566433685 -0.639639437447006 -0.617383308460332 -0.598392305605956 -0.589196681148489 -0.580001056691023 -0.570805432233558 -0.561609807776091 -0.552414183318625 -0.543218558861159 -0.534022934403692 -0.553854866077504 -0.583362649795082 -0.612870433512665 -0.642378217230243 -0.671886000947821 -0.701393784665404 -0.730901568382982 -0.753128112687014 -0.753510938750382 -0.75389376481375 -0.754276590877118 -0.754659416940486 -0.755042243003854 -0.755425069067222 -0.75580789513059 -0.692506896109769 -0.607977955394204 -0.523449014678638 -0.438920073963058 -0.354391133247492
-0.721031945447152 -0.729424957020442 -0.725571262753697 -0.721717568486952 -0.717863874220207 -0.714010179953462 -0.710156485686717 -0.706302791419973 -0.702449097153227 -0.682105995963035 -0.656266425798357 -0.630426855633674 -0.604587285468996 -0.578747715304318 -0.552908145139635 -0.527068574974957 -0.506998098062163 -0.504234900905044 -0.501471703747924 -0.498708506590805 -0.495945309433686 -0.493182112276566 -0.490418915119447 -0.487655717962328 -0.507094820092126 -0.533934688650903 -0.560774557209684 -0.587614425768461 -0.614454294327238 -0.641294162886019 -0.668134031444796 -0.688344211048563 -0.688665323787278 -0.688986436525993 -0.689307549264709 -0.689628662003424 -0.689949774742139 -0.690270887480855 -0.69059200021957 -0.638633198292056 -0.569247758142454 -0.499862317992851 -0.430476877843237 -0.361091437693635
-0.585004423558732 -0.599435168256383 -0.604390202711046 -0.609345237165708 -0.61430027162037 -0.619255306075032 -0.624210340529694 -0.629165374984356 -0.634120409439018 -0.613291909545677 -0.583868898202995 -0.554445886860307 -0.525022875517625 -0.495599864174943 -0.466176852832256 -0.436753841489574 -0.415603890518362 -0.419273120661591 -0.422942350804818 -0.426611580948046 -0.430280811091275 -0.433950041234503 -0.437619271377731 -0.441288501520959 -0.460334774106745 -0.48450672750672 -0.508678680906699 -0.532850634306674 -0.55702258770665 -0.581194541106629 -0.605366494506604 -0.623560309410106 -0.623819708824169 -0.624079108238231 -0.624338507652294 -0.624597907066356 -0.624857306480419 -0.625116705894481 -0.625376105308544 -0.584759500474338 -0.530517560890701 -0.476275621307063 -0.422033681723416 -0.367791742139779
-0.448976901670312 -0.469445379492325 -0.483209142668395 -0.496972905844464 -0.510736669020532 -0.524500432196603 -0.538264195372671 -0.552027958548739 -0.56579172172481 -0.544477823128318 -0.511471370607632 -0.478464918086941 -0.445458465566255 -0.412452013045569 -0.379445560524877 -0.346439108004191 -0.324209682974561 -0.334311340418138 -0.344412997861713 -0.354514655305288 -0.364616312748864 -0.374717970192439 -0.384819627636014 -0.394921285079591 -0.413574728121363 -0.435078766362537 -0.456582804603714 -0.478086842844888 -0.499590881086061 -0.521094919327239 -0.542598957568412 -0.55877640777165 -0.558974093861059 -0.559171779950469 -0.559369466039879 -0.559567152129289 -0.559764838218698 -0.559962524308108 -0.560160210397518 -0.53088580265662 -0.491787363638948 -0.452688924621275 -0.413590485603595 -0.374492046585922
-0.376158148050305 -0.403023873166076 -0.414356402535407 -0.425688931904737 -0.437021461274067 -0.448353990643399 -0.459686520012729 -0.471019049382059 -0.48235157875139 -0.459630819844729 -0.425558964846062 -0.39148710984739 -0.357415254848724 -0.323343399850057 -0.289271544851385 -0.255199689852719 -0.23326086002507 -0.247721105710516 -0.262181351395959 -0.276641597081403 -0.291101842766849 -0.305562088452293 -0.320022334137736 -0.334482579823183 -0.353858187484255 -0.374872249137206 -0.395886310790159 -0.41690037244311 -0.43791443409606 -0.458928495749014 -0.479942557401964 -0.495459302080187 -0.494484095834209 -0.49350888958823 -0.492533683342252 -0.491558477096274 -0.490583270850296 -0.489608064604318 -0.488632858358339 -0.469595063415684 -0.444536405574133 -0.419477747732582 -0.394419089891027 -0.369360432049476
-0.36654816269874 -0.400170649277668 -0.397831982312106 -0.395493315346545 -0.393154648380983 -0.390815981415421 -0.388477314449859 -0.386138647484298 -0.383799980518736 -0.358750899694883 -0.326131680918261 -0.293512462141634 -0.260893243365012 -0.22827402458839 -0.195654805811763 -0.163035587035141 -0.142757421669872 -0.159502416538709 -0.176247411407542 -0.192992406276376 -0.209737401145212 -0.226482396014045 -0.243227390882879 -0.259972385751715 -0.281185152195403 -0.303887175830709 -0.326589199466019 -0.349291223101325 -0.371993246736632 -0.394695270371942 -0.417397294007249 -0.433608992335708 -0.430349714743606 -0.427090437151504 -0.423831159559401 -0.420571881967299 -0.417312604375197 -0.414053326783095 -0.410794049190992 -0.400887282751514 -0.388764686696244 -0.376642090640973 -0.3645194945857 -0.352396898530429
-0.356938177347174 -0.397317425389261 -0.381307562088805 -0.365297698788352 -0.349287835487899 -0.333277972187443 -0.31726810888699 -0.301258245586537 -0.285248382286081 -0.257870979545037 -0.22670439699046 -0.195537814435877 -0.1643712318813 -0.133204649326723 -0.10203806677214 -0.0708714842175628 -0.052253983314675 -0.0712837273669016 -0.0903134714191248 -0.109343215471348 -0.128372959523575 -0.147402703575798 -0.166432447628021 -0.185462191680248 -0.20851211690655 -0.232902102524212 -0.257292088141879 -0.281682073759541 -0.306072059377204 -0.33046204499487 -0.354852030612533 -0.37175868259123 -0.366215333653004 -0.360671984714777 -0.355128635776551 -0.349585286838325 -0.344041937900098 -0.338498588961872 -0.332955240023646 -0.332179502087344 -0.332992967818354 -0.333806433549364 -0.334619899280373 -0.335433365011383
-0.34732819199561 -0.394464201500854 -0.364783141865505 -0.335102082230162 -0.305421022594818 -0.27573996295947 -0.246058903324127 -0.216377843688783 -0.186696784053435 -0.156991059395199 -0.127277113062667 -0.0975631667301287 -0.067849220397596 -0.0381352740650632 -0.00842132773252542 0.0212926186000073 0.0382494550405145 0.016934961804898 -0.00437953143071488 -0.0256940246663278 -0.0470085179019443 -0.0683230111375572 -0.0896375043731701 -0.110951997608787 -0.135839081617703 -0.161917029217722 -0.187994976817745 -0.214072924417763 -0.240150872017782 -0.266228819617804 -0.292306767217823 -0.309908372846757 -0.302080952562407 -0.294253532278056 -0.286426111993706 -0.278598691709356 -0.270771271425005 -0.262943851140655 -0.255116430856305 -0.26347172142318 -0.277221248940469 -0.290970776457758 -0.304720303975049 -0.318469831492338
