data/working_set_collections/6091692-Cassins_Sparrow-MC/1985/bio6.asc
NCOLS 265 
NROWS 230 
XLLCORNER -115.5625 
YLLCORNER 24.8333333333333 
CELLSIZE 0.0833333333333333 
NODATA_value -9999 
[rows 60 to 79 of 230, columns 88 to 131 of 265]
-11.1650740305583 -11.3934223175048 -11.7284717559814 -12.063521194458 -12.3985706329345 -12.7336200714111 -13.0686695098877 -13.4037189483642 -13.7387683868408 -14.2995385487873 -14.9355489518906 -15.571559354994 -16.2075697580973 -16.8435801612005 -17.4795905643039 -18.1156009674072 -18.5970638699002 -18.6148842705621 -18.632704671224 -18.6505250718859 -18.6683454725478 -18.6861658732097 -18.7039862738716 -18.7218066745335 -18.1678408304852 -17.4232795715334 -16.6787183125815 -15.9341570536297 -15.1895957946779 -14.445034535726 -13.7004732767742 -13.015848669741 -12.5110340184637 -12.0062193671863 -11.501404715909 -10.9965900646317 -10.4917754133544 -9.98696076207706 -9.48214611079976 -9.0790710012119 -8.70990907218733 -8.34074714316276 -7.97158521413813 -7.60242328511356
-10.8827899932862 -11.0813846588134 -11.4542331695557 -11.8270816802978 -12.19993019104 -12.5727787017822 -12.9456272125244 -13.3184757232665 -13.6913242340088 -14.2101398468017 -14.7776111602782 -15.3450824737549 -15.9125537872314 -16.4800251007079 -17.0474964141846 -17.6149677276611 -18.050503285726 -18.0902315775554 -18.1299598693848 -18.1696881612143 -18.2094164530437 -18.2491447448731 -18.2888730367025 -18.328601328532 -17.7977157592775 -17.0766255696617 -16.3555353800457 -15.6344451904299 -14.913355000814 -14.192264811198 -13.4711746215822 -12.800454080105 -12.2808424830439 -11.7612308859826 -11.2416192889215 -10.7220076918604 -10.2023960947992 -9.68278449773806 -9.16317290067693 -8.76388603448879 -8.40470741192513 -8.04552878936147 -7.68635016679775 -7.32717154423409
-10.600505956014 -10.769347000122 -11.1799945831299 -11.5906421661377 -12.0012897491454 -12.4119373321533 -12.8225849151611 -13.2332324981689 -13.6438800811767 -14.120741144816 -14.6196733686658 -15.1186055925157 -15.6175378163655 -16.1164700402153 -16.6154022640652 -17.114334487915 -17.5039427015517 -17.5655788845487 -17.6272150675456 -17.6888512505426 -17.7504874335396 -17.8121236165365 -17.8737597995335 -17.9353959825304 -17.4275906880698 -16.7299715677899 -16.0323524475099 -15.33473332723 -14.6371142069501 -13.93949508667 -13.2418759663901 -12.5850594904689 -12.050650947624 -11.5162424047789 -10.981833861934 -10.447425319089 -9.91301677624398 -9.37860823339903 -8.84419969055407 -8.44870106776566 -8.09950575166291 -7.75031043556016 -7.40111511945735 -7.05191980335459
-10.3182219187419 -10.4573093414306 -10.9057559967041 -11.3542026519775 -11.8026493072509 -12.2510959625244 -12.6995426177978 -13.1479892730712 -13.5964359283447 -14.0313424428303 -14.4617355770534 -14.8921287112766 -15.3225218454996 -15.7529149797227 -16.1833081139459 -16.6137012481689 -16.9573821173774 -17.0409261915419 -17.1244702657064 -17.2080143398709 -17.2915584140354 -17.3751024881999 -17.4586465623644 -17.5421906365289 -17.0574656168621 -16.3833175659182 -15.7091695149741 -15.0350214640301 -14.3608734130861 -13.686725362142 -13.0125773111981 -12.3696649008329 -11.8204594122041 -11.2712539235752 -10.7220484349464 -10.1728429463176 -9.62363745768878 -9.07443196906 -8.52522648043122 -8.13351610104252 -7.79430409140068 -7.45509208175884 -7.11588007211694 -6.7766680624751
-10.0359378814698 -10.1452716827392 -10.6315174102783 -11.1177631378173 -11.6040088653564 -12.0902545928955 -12.5765003204345 -13.0627460479735 -13.5489917755126 -13.9419437408447 -14.303797785441 -14.6656518300374 -15.0275058746338 -15.3893599192301 -15.7512139638265 -16.1130680084229 -16.4108215332032 -16.5162734985352 -16.6217254638673 -16.7271774291993 -16.8326293945313 -16.9380813598633 -17.0435333251954 -17.1489852905274 -16.6873405456545 -16.0366635640464 -15.3859865824383 -14.7353096008302 -14.0846326192222 -13.433955637614 -12.783278656006 -12.1542703111968 -11.5902678767842 -11.0262654423715 -10.4622630079589 -9.8982605735463 -9.3342581391336 -8.770255704721 -8.20625327030839 -7.81833113431942 -7.48910243113848 -7.15987372795755 -6.83064502477656 -6.50141632159563
-9.75365384419764 -9.83323402404777 -10.3572788238525 -10.8813236236572 -11.4053684234618 -11.9294132232666 -12.4534580230712 -12.9775028228759 -13.5015476226806 -13.852545038859 -14.1458599938286 -14.4391749487983 -14.7324899037679 -15.0258048587375 -15.3191198137072 -15.6124347686768 -15.8642609490289 -15.9916208055285 -16.118980662028 -16.2463405185276 -16.3737003750272 -16.5010602315267 -16.6284200880263 -16.7557799445259 -16.3172154744468 -15.6900095621747 -15.0628036499025 -14.4355977376304 -13.8083918253583 -13.181185913086 -12.5539800008139 -11.9388757215607 -11.3600763413643 -10.7812769611678 -10.2024775809714 -9.62367820077493 -9.0448788205784 -8.46607944038197 -7.88728006018554 -7.50314616759628 -7.18390077087626 -6.86465537415624 -6.54540997743616 -6.22616458071614
-9.89358406066889 -9.99250064425979 -10.5332912868922 -11.0740819295246 -11.6148725721569 -12.1556632147894 -12.6964538574217 -13.2372445000541 -13.7780351426865 -14.0976397196451 -14.3435156080457 -14.5893914964463 -14.8352673848469 -15.0811432732475 -15.3270191616481 -15.5728950500487 -15.7789831797281 -15.8657080332438 -15.9524328867594 -16.039157740275 -16.1258825937907 -16.2126074473063 -16.2993323008219 -16.3860571543376 -15.9627796173097 -15.3695012834339 -14.7762229495579 -14.1829446156821 -13.5896662818063 -12.9963879479303 -12.4031096140545 -11.8121589395736 -11.2281912432778 -10.6442235469819 -10.0602558506861 -9.47628815439029 -8.89232045809438 -8.30835276179857 -7.72438506550276 -7.33616317113246 -7.01318987740418 -6.69021658367591 -6.36724328994757 -6.0442699962193
-10.4557285308837 -10.6230715433754 -11.1595547993976 -11.6960380554197 -12.2325213114418 -12.769004567464 -13.3054878234861 -13.8419710795082 -14.3784543355304 -14.677227783203 -14.8967646280923 -15.1163014729817 -15.335838317871 -15.5553751627603 -15.7749120076496 -15.994448852539 -16.154988225301 -16.1385351816813 -16.1220821380615 -16.1056290944417 -16.0891760508219 -16.0727230072022 -16.0562699635824 -16.0398169199626 -15.6240329742433 -15.0751387278241 -14.5262444814047 -13.9773502349855 -13.4284559885662 -12.8795617421469 -12.3306674957276 -11.7741199652355 -11.1946125825248 -10.6151051998139 -10.0355978171032 -9.45609043439246 -8.87658305168162 -8.29707566897088 -7.71756828626013 -7.31738214492804 -6.97696975072233 -6.63655735651663 -6.29614496231086 -5.95573256810516
-11.0178730010985 -11.2536424424911 -11.7858183119031 -12.3179941813149 -12.8501700507268 -13.3823459201387 -13.9145217895506 -14.4466976589625 -14.9788735283744 -15.256815846761 -15.450013648139 -15.643211449517 -15.8364092508951 -16.0296070522731 -16.2228048536512 -16.4160026550292 -16.530993270874 -16.4113623301188 -16.2917313893636 -16.1721004486084 -16.0524695078532 -15.932838567098 -15.8132076263428 -15.6935766855876 -15.2852863311769 -14.7807761722142 -14.2762660132515 -13.7717558542889 -13.2672456953262 -12.7627355363635 -12.2582253774008 -11.7360809908974 -11.1610339217717 -10.585986852646 -10.0109397835203 -9.43589271439463 -8.86084564526886 -8.28579857614318 -7.71075150701751 -7.29860111872362 -6.94074962404048 -6.58289812935734 -6.22504663467414 -5.86719513999101
-11.5800174713134 -11.8842133416068 -12.4120818244085 -12.9399503072101 -13.4678187900117 -13.9956872728135 -14.5235557556151 -15.0514242384167 -15.5792927212184 -15.8364039103189 -16.0032626681857 -16.1701214260524 -16.3369801839192 -16.5038389417859 -16.6706976996527 -16.8375564575195 -16.9069983164469 -16.6841894785563 -16.4613806406657 -16.2385718027751 -16.0157629648845 -15.7929541269939 -15.5701452891033 -15.3473364512126 -14.9465396881105 -14.4864136166044 -14.0262875450983 -13.5661614735922 -13.1060354020862 -12.64590933058 -12.185783259074 -11.6980420165593 -11.1274552610187 -10.556868505478 -9.9862817499374 -9.4156949943968 -8.8451082388561 -8.27452148331549 -7.70393472777489 -7.27982009251919 -6.90452949735862 -6.52923890219806 -6.15394830703743 -5.77865771187686
-12.1421619415282 -12.5147842407224 -13.0383453369139 -13.5619064331053 -14.0854675292967 -14.6090286254881 -15.1325897216795 -15.6561508178709 -16.1797119140623 -16.4159919738768 -16.5565116882323 -16.6970314025878 -16.8375511169432 -16.9780708312987 -17.1185905456542 -17.2591102600097 -17.2830033620199 -16.9570166269938 -16.6310298919678 -16.3050431569418 -15.9790564219157 -15.6530696868897 -15.3270829518637 -15.0010962168377 -14.6077930450441 -14.1920510609946 -13.7763090769451 -13.3605670928956 -12.9448251088461 -12.5290831247966 -12.1133411407472 -11.6600030422212 -11.0938766002657 -10.52775015831 -9.9616237163545 -9.39549727439897 -8.82937083244333 -8.2632443904878 -7.69711794853227 -7.26103906631477 -6.86830937067677 -6.47557967503878 -6.08284997940071 -5.69012028376272
-12.704306411743 -13.1453551398381 -13.6646088494193 -14.1838625590005 -14.7031162685816 -15.2223699781628 -15.741623687744 -16.2608773973251 -16.7801311069063 -16.9955800374348 -17.109760708279 -17.2239413791232 -17.3381220499674 -17.4523027208115 -17.5664833916557 -17.6806640624999 -17.6590084075928 -17.2298437754313 -16.8006791432699 -16.3715145111085 -15.942349878947 -15.5131852467856 -15.0840206146242 -14.6548559824627 -14.2690464019777 -13.8976885053848 -13.5263306087919 -13.154972712199 -12.7836148156061 -12.4122569190132 -12.0408990224203 -11.6219640678831 -11.0602979395126 -10.4986318111421 -9.9369656827716 -9.37529955440113 -8.81363342603057 -8.25196729766011 -7.69030116928964 -7.24225804011034 -6.83208924399492 -6.42192044787949 -6.011751651764 -5.60158285564857
-12.954173918565 -13.4404742770724 -13.9453599717881 -14.4502456665038 -14.9551313612195 -15.4600170559353 -15.964902750651 -16.4697884453667 -16.9746741400824 -17.1749336242676 -17.2736510382758 -17.3723684522841 -17.4710858662923 -17.5698032803006 -17.6685206943088 -17.7672381083171 -17.724274910821 -17.2562698788114 -16.7882648468019 -16.3202598147923 -15.8522547827827 -15.3842497507732 -14.9162447187637 -14.4482396867541 -14.0708194732667 -13.7235941992866 -13.3763689253066 -13.0291436513266 -12.6819183773465 -12.3346931033665 -11.9874678293865 -11.5926873670685 -11.0552413397367 -10.5177953124047 -9.98034928507286 -9.442903257741 -8.90545723040906 -8.3680112030772 -7.83056517574534 -7.36999110778177 -6.93504102627443 -6.5000909447671 -6.06514086325969 -5.63019078175235
-12.8917644619941 -13.400141652425 -13.8805987040201 -14.3610557556152 -14.8415128072102 -15.3219698588053 -15.8024269104003 -16.2828839619954 -16.7633410135905 -16.954052734375 -17.0481826782227 -17.1423126220703 -17.236442565918 -17.3305725097656 -17.4247024536133 -17.518832397461 -17.4788028717042 -17.0362949371339 -16.5937870025636 -16.1512790679933 -15.7087711334229 -15.2662631988526 -14.8237552642823 -14.381247329712 -14.0131122589112 -13.6697681427003 -13.3264240264893 -12.9830799102784 -12.6397357940675 -12.2963916778565 -11.9530475616456 -11.5721729397775 -11.0787068009378 -10.585240662098 -10.0917745232583 -9.5983083844186 -9.10484224557882 -8.61137610673912 -8.11790996789941 -7.6442382693291 -7.17716471751537 -6.71009116570164 -6.24301761388784 -5.77594406207411
-12.8293550054231 -13.3598090277777 -13.8158374362521 -14.2718658447265 -14.7278942532009 -15.1839226616753 -15.6399510701497 -16.0959794786241 -16.5520078870985 -16.7331718444824 -16.8227143181695 -16.9122567918566 -17.0017992655436 -17.0913417392307 -17.1808842129178 -17.2704266866048 -17.2333308325875 -16.8163199954564 -16.3993091583253 -15.9822983211942 -15.5652874840631 -15.1482766469321 -14.731265809801 -14.3142549726699 -13.9554050445557 -13.6159420861139 -13.276479127672 -12.9370161692302 -12.5975532107884 -12.2580902523465 -11.9186272939047 -11.5516585124865 -11.1021722621389 -10.6526860117913 -10.2031997614438 -9.75371351109621 -9.30422726074859 -8.85474101040105 -8.40525476005351 -7.91848543087646 -7.41928840875634 -6.92009138663621 -6.420894364516 -5.92169734239588
-12.7669455488522 -13.3194764031303 -13.7510761684841 -14.1826759338378 -14.6142756991915 -15.0458754645453 -15.477475229899 -15.9090749952527 -16.3406747606065 -16.5122909545899 -16.5972459581163 -16.6822009616428 -16.7671559651693 -16.8521109686958 -16.9370659722222 -17.0220209757487 -16.9878587934707 -16.5963450537788 -16.204831314087 -15.8133175743952 -15.4218038347033 -15.0302900950115 -14.6387763553197 -14.2472626156278 -13.8976978302003 -13.5621160295275 -13.2265342288548 -12.890952428182 -12.5553706275093 -12.2197888268365 -11.8842070261638 -11.5311440851954 -11.12563772334 -10.7201313614846 -10.3146249996292 -9.90911863777382 -9.50361227591837 -9.09810591406299 -8.6925995522076 -8.19273259242382 -7.6614120999973 -7.13009160757078 -6.59877111514416 -6.06745062271764
-12.7045360922812 -13.279143778483 -13.6863149007161 -14.0934860229492 -14.5006571451822 -14.9078282674153 -15.3149993896484 -15.7221705118814 -16.1293416341146 -16.2914100646973 -16.3717775980632 -16.4521451314291 -16.532512664795 -16.6128801981608 -16.6932477315267 -16.7736152648926 -16.742386754354 -16.3763701121013 -16.0103534698487 -15.6443368275961 -15.2783201853435 -14.9123035430909 -14.5462869008383 -14.1802702585857 -13.8399906158448 -13.5082899729412 -13.1765893300375 -12.8448886871339 -12.5131880442302 -12.1814874013265 -11.8497867584229 -11.5106296579044 -11.1491031845412 -10.7875767111779 -10.4260502378146 -10.0645237644514 -9.70299729108813 -9.3414708177249 -8.97994434436168 -8.46697975397115 -7.90353579123824 -7.34009182850532 -6.77664786577231 -6.2132039030394
-12.6421266357103 -13.2388111538356 -13.6215536329481 -14.0042961120605 -14.3870385911729 -14.7697810702853 -15.1525235493977 -15.5352660285101 -15.9180085076226 -16.0705291748047 -16.14630923801 -16.2220893012153 -16.2978693644206 -16.3736494276259 -16.4494294908312 -16.5252095540365 -16.4969147152372 -16.1563951704238 -15.8158756256104 -15.4753560807971 -15.1348365359837 -14.7943169911703 -14.453797446357 -14.1132779015436 -13.7822834014893 -13.4544639163548 -13.1266444312202 -12.7988249460857 -12.4710054609511 -12.1431859758166 -11.815366490682 -11.4901152306134 -11.1725686457423 -10.8550220608712 -10.5374754760001 -10.219928891129 -9.90238230625791 -9.58483572138684 -9.26728913651577 -8.74122691551851 -8.1456594824792 -7.55009204943989 -6.95452461640048 -6.35895718336117
-12.1555864532789 -12.7272093839116 -13.0901762975588 -13.4531432112059 -13.816110124853 -14.1790770385001 -14.5420439521472 -14.9050108657943 -15.2679777794415 -15.4269618988038 -15.5179517534045 -15.6089416080052 -15.6999314626059 -15.7909213172066 -15.8819111718073 -15.972901026408 -15.9745063357885 -15.707958009508 -15.4414096832276 -15.1748613569473 -14.9083130306668 -14.6417647043865 -14.3752163781061 -14.1086680518257 -13.793323135376 -13.46171268887 -13.1301022423639 -12.7984917958578 -12.4668813493517 -12.1352709028456 -11.8036604563396 -11.4829922570123 -11.1951507992215 -10.9073093414307 -10.6194678836399 -10.3316264258491 -10.0437849680583 -9.75594351026752 -9.46810205247674 -8.94328223864246 -8.33946963946037 -7.73565704027827 -7.13184444109607 -6.52803184191398
-11.2449155449868 -11.7443384687107 -12.0921828945479 -12.4400273203851 -12.7878717462223 -13.1357161720595 -13.4835605978967 -13.8314050237339 -14.1792494495711 -14.3607082366945 -14.4867051442466 -14.6127020517987 -14.7386989593507 -14.8646958669028 -14.9906927744549 -15.116689682007 -15.1751616160077 -15.031058629354 -14.8869556427003 -14.7428526560467 -14.598749669393 -14.4546466827393 -14.3105436960857 -14.166440709432 -13.8731098175049 -13.5300362904867 -13.1869627634685 -12.8438892364502 -12.500815709432 -12.1577421824138 -11.8146686553956 -11.4892607371013 -11.2168496449789 -10.9444385528565 -10.6720274607341 -10.3996163686117 -10.1272052764893 -9.85479418436691 -9.58238309224452 -9.07314572334297 -8.48496626218171 -7.89678680102044 -7.30860733985908 -6.72042787869781
