data/working_set_collections/6091692-Cassins_Sparrow-MC/1985/bio6.asc
NCOLS 265 
NROWS 230 
XLLCORNER -115.5625 
YLLCORNER 24.8333333333333 
CELLSIZE 0.0833333333333333 
NODATA_value -9999 
[rows 80 to 99 of 230, columns 0 to 43 of 265]
-3.972576406267 -3.9307066281637 -3.88883685006041 -3.8469670719571 -3.80509729385381 -3.76322751575051 -3.7213577376472 -3.68089150885746 -3.6408931298389 -3.60089475082033 -3.56089637180176 -3.5208979927832 -3.48089961376463 -3.44090123474607 -3.42708583739076 -3.49181938502532 -3.55655293265986 -3.62128648029441 -3.68602002792897 -3.75075357556351 -3.81548712319806 -3.88022067083261 -4.12332333624367 -4.42588237424694 -4.72844141225027 -5.03100045025354 -5.33355948825681 -5.63611852626013 -5.9386775642634 -6.21708889802303 -6.4230571190517 -6.62902534008033 -6.83499356110895 -7.04096178213762 -7.24693000316625 -7.45289822419488 -7.65886644522354 -7.55803512334834 -7.35493728717179 -7.15183945099521 -6.94874161481866 -6.74564377864212 -6.54254594246553 -6.33944810628899
-3.68190071317888 -3.64436375300093 -3.60682679282298 -3.56928983264503 -3.53175287246708 -3.49421591228913 -3.45667895211117 -3.38070534964407 -3.29191953308059 -3.20313371651708 -3.11434789995359 -3.0255620833901 -2.9367762668266 -2.84799045026311 -2.79672099683026 -2.85800063278946 -2.91928026874866 -2.98055990470786 -3.04183954066707 -3.10311917662627 -3.16439881258547 -3.22567844854468 -3.45727667510512 -3.74564776519936 -4.03401885529364 -4.32238994538787 -4.61076103548211 -4.89913212557639 -5.18750321567062 -5.46308557987216 -5.70030176639562 -5.93751795291904 -6.17473413944246 -6.41195032596593 -6.64916651248935 -6.88638269901277 -7.12359888553623 -7.0573271870614 -6.88989286025374 -6.72245853344606 -6.55502420663841 -6.38758987983076 -6.22015555302308 -6.05272122621542
-3.39122502009079 -3.35802087783819 -3.32481673558559 -3.29161259333298 -3.25840845108037 -3.22520430882777 -3.19200016657516 -3.08051919043072 -2.9429459363223 -2.80537268221387 -2.66779942810545 -2.53022617399704 -2.3926529198886 -2.25507966578019 -2.1663561562698 -2.22418188055367 -2.28200760483752 -2.33983332912137 -2.39765905340523 -2.45548477768908 -2.51331050197293 -2.57113622625679 -2.79123001396663 -3.06541315615183 -3.33959629833707 -3.61377944052227 -3.88796258270747 -4.16214572489271 -4.43632886707791 -4.70908226172136 -4.97754641373961 -5.24601056575782 -5.51447471777603 -5.78293886979429 -6.0514030218125 -6.3198671738307 -6.58833132584896 -6.55661925077449 -6.42484843333573 -6.29307761589695 -6.16130679845819 -6.02953598101943 -5.89776516358065 -5.76599434614189
-3.10054932700268 -3.07167800267542 -3.04280667834816 -3.0139353540209 -2.98506402969365 -2.95619270536639 -2.92732138103913 -2.78033303121733 -2.59397233956399 -2.40761164791062 -2.22125095625728 -2.03489026460394 -1.84852957295057 -1.66216888129723 -1.5359913157093 -1.59036312831781 -1.64473494092632 -1.69910675353482 -1.75347856614333 -1.80785037875184 -1.86222219136034 -1.91659400396886 -2.12518335282808 -2.38517854710424 -2.64517374138044 -2.9051689356566 -3.16516412993276 -3.42515932420897 -3.68515451848513 -3.95507894357049 -4.25479106108354 -4.55450317859654 -4.85421529610954 -5.15392741362259 -5.45363953113559 -5.75335164864859 -6.05306376616164 -6.05591131448755 -5.95980400641768 -5.8636966983478 -5.76758939027794 -5.67148208220807 -5.57537477413819 -5.47926746606833
-2.90773969060846 -2.87101958294711 -2.83429947528577 -2.79757936762441 -2.76085925996306 -2.72413915230171 -2.68741904464036 -2.51838055774576 -2.30523594444004 -2.09209133113429 -1.87894671782858 -1.66580210452286 -1.45265749121711 -1.23951287791139 -1.09835482711594 -1.17315646385155 -1.24795810058713 -1.32275973732272 -1.39756137405833 -1.47236301079391 -1.5471646475295 -1.6219662842651 -1.82855453193183 -2.07907164990895 -2.32958876788613 -2.58010588586325 -2.83062300384038 -3.08114012181755 -3.33165723979468 -3.59637528525451 -3.90369611316253 -4.2110169410705 -4.51833776897847 -4.8256585968865 -5.13297942479447 -5.44030025270244 -5.74762108061046 -5.77169173558555 -5.70134566624962 -5.63099959691367 -5.56065352757773 -5.4903074582418 -5.41996138890585 -5.34961531956992
-2.81279611090821 -2.75604561865333 -2.69929512639844 -2.64254463414354 -2.58579414188866 -2.52904364963377 -2.47229315737888 -2.29466177001603 -2.0767367509505 -1.85881173188494 -1.64088671281942 -1.42296169375389 -1.20503667468833 -0.987111655622801 -0.853446690489863 -0.972561887154997 -1.09167708382011 -1.21079228048522 -1.32990747715036 -1.44902267381547 -1.56813787048059 -1.68725306714572 -1.90134355127806 -2.14709246456616 -2.39284137785431 -2.63859029114241 -2.88433920443051 -3.13008811771866 -3.37583703100676 -3.63297128677361 -3.92426156997677 -4.21555185317988 -4.50684213638299 -4.79813241958615 -5.08942270278926 -5.38071298599237 -5.67200326919554 -5.70396051406862 -5.64947341283165 -5.59498631159466 -5.54049921035768 -5.4860121091207 -5.43152500788371 -5.37703790664673
-2.71785253120795 -2.64107165435953 -2.5642907775111 -2.48750990066266 -2.41072902381424 -2.33394814696581 -2.25716727011738 -2.07094298228628 -1.84823755746095 -1.62553213263557 -1.40282670781024 -1.1801212829849 -0.957415858159523 -0.734710433334186 -0.608538553863762 -0.771967310458432 -0.935396067053074 -1.09882482364772 -1.26225358024239 -1.42568233683703 -1.58911109343167 -1.75253985002634 -1.9741325706243 -2.21511327922338 -2.4560939878225 -2.69707469642157 -2.93805540502065 -3.17903611361977 -3.42001682221885 -3.66956728829271 -3.94482702679101 -4.22008676528926 -4.49534650378751 -4.77060624228581 -5.04586598078406 -5.32112571928231 -5.59638545778061 -5.63622929255169 -5.59760115941367 -5.55897302627564 -5.52034489313762 -5.4817167599996 -5.44308862686158 -5.40446049372355
-2.6229089515077 -2.52609769006573 -2.42928642862377 -2.33247516718179 -2.23566390573982 -2.13885264429786 -2.04204138285587 -1.84722419455654 -1.61973836397139 -1.3922525333862 -1.16476670280105 -0.937280872215907 -0.70979504163072 -0.482309211045571 -0.36363041723766 -0.571372733761866 -0.779115050286037 -0.986857366810208 -1.19459968333441 -1.40234199985859 -1.61008431638276 -1.81782663290696 -2.04692158997054 -2.28313409388059 -2.51934659779068 -2.75555910170074 -2.99177160561079 -3.22798410952088 -3.46419661343093 -3.70616328981181 -3.96539248360525 -4.22462167739864 -4.48385087119203 -4.74308006498546 -5.00230925877885 -5.26153845257224 -5.52076764636567 -5.56849807103476 -5.5457289059957 -5.52295974095663 -5.50019057591757 -5.47742141087851 -5.45465224583944 -5.43188308080038
-2.52796537180745 -2.41112372577194 -2.29428207973644 -2.17744043370092 -2.06059878766542 -1.94375714162991 -1.82691549559439 -1.62350540682681 -1.39123917048185 -1.15897293413685 -0.926706697791895 -0.694440461446936 -0.462174225101937 -0.229907988756978 -0.118722280611579 -0.370778157065318 -0.622834033519013 -0.874889909972709 -1.12694578642645 -1.37900166288014 -1.63105753933384 -1.88311341578758 -2.11971060931677 -2.3511549085378 -2.58259920775887 -2.81404350697989 -3.04548780620092 -3.27693210542199 -3.50837640464301 -3.74275929133091 -3.98595794041948 -4.22915658950801 -4.47235523859655 -4.71555388768512 -4.95875253677365 -5.20195118586218 -5.44514983495075 -5.50076684951784 -5.49385665257773 -5.48694645563762 -5.48003625869752 -5.47312606175741 -5.4662158648173 -5.45930566787719
-2.43302179210719 -2.29614976147815 -2.1592777308491 -2.02240570022004 -1.885533669591 -1.74866163896196 -1.61178960833289 -1.39978661909707 -1.1627399769923 -0.925693334887485 -0.688646692782715 -0.451600050677944 -0.214553408573133 0.0224932335316372 0.126185856014523 -0.170183580368752 -0.466553016751976 -0.7629224531352 -1.05929188951848 -1.3556613259017 -1.65203076228492 -1.9484001986682 -2.19249962866301 -2.41917572319501 -2.64585181772705 -2.87252791225905 -3.09920400679106 -3.32588010132309 -3.5525561958551 -3.77935529285001 -4.00652339723372 -4.23369150161739 -4.46085960600106 -4.68802771038477 -4.91519581476844 -5.14236391915211 -5.36953202353582 -5.4330356280009 -5.44198439915976 -5.45093317031861 -5.45988194147746 -5.46883071263631 -5.47777948379516 -5.48672825495401
-2.2495573084388 -2.09992248788482 -1.95028766733083 -1.80065284677683 -1.65101802622284 -1.50138320566886 -1.35174838511485 -1.14700925846902 -0.923902029792547 -0.70079480111604 -0.477687572439571 -0.254580343763101 -0.0314731150865944 0.191634113589875 0.280603021134997 -0.0328430347144332 -0.34628909056381 -0.659735146413186 -0.973181202262616 -1.28662725811199 -1.60007331396137 -1.9135193698108 -2.16324547827241 -2.39173160427143 -2.62021773027048 -2.84870385626949 -3.0771899822685 -3.30567610826756 -3.53416223426657 -3.7598036130269 -3.97691075007119 -4.19401788711545 -4.41112502415971 -4.62823216120401 -4.84533929824826 -5.06244643529252 -5.27955357233682 -5.34936253229778 -5.3700720998976 -5.39078166749743 -5.41149123509726 -5.43220080269708 -5.45291037029691 -5.47361993789673
-1.97757192080226 -1.82244190499194 -1.66731188918162 -1.51218187337127 -1.35705185756095 -1.20192184175063 -1.04679182594028 -0.865173324942669 -0.674725328882621 -0.48427733282254 -0.293829336762492 -0.103381340702444 0.0870666553576368 0.277514651417685 0.344529214749792 0.0412434798976005 -0.262042254954539 -0.565327989806679 -0.86861372465887 -1.17189945951101 -1.47518519436315 -1.77847092921534 -2.03194815814493 -2.268822551767 -2.5056969453891 -2.74257133901117 -2.97944573263324 -3.21632012625534 -3.45319451987741 -3.68410425186154 -3.89711999893187 -4.11013574600218 -4.32315149307248 -4.53616724014281 -4.74918298721312 -4.96219873428342 -5.17521448135375 -5.24974756240846 -5.27811975479127 -5.30649194717408 -5.33486413955689 -5.3632363319397 -5.39160852432252 -5.41998071670533
-1.7055865331657 -1.54496132209904 -1.38433611103238 -1.22371089996569 -1.06308568889903 -0.90246047783237 -0.741835266765683 -0.583337391416299 -0.425548627972674 -0.267759864529023 -0.109971101085398 0.0478176623582267 0.205606425801878 0.363395189245503 0.408455408364592 0.11532999450964 -0.177795419345261 -0.470920833200163 -0.764046247055115 -1.05717166091002 -1.35029707476492 -1.64342248861987 -1.90065083801744 -2.14591349926256 -2.39117616050772 -2.63643882175284 -2.88170148299796 -3.12696414424312 -3.37222680548824 -3.60840489069617 -3.81732924779255 -4.02625360488889 -4.23517796198523 -4.44410231908161 -4.65302667617796 -4.8619510332743 -5.07087539037068 -5.15013259251913 -5.18616740968493 -5.22220222685073 -5.25823704401652 -5.29427186118232 -5.33030667834812 -5.36634149551392
-1.43360114552913 -1.26748073920614 -1.10136033288314 -0.935239926560109 -0.76911952023711 -0.602999113914111 -0.436878707591084 -0.301501457889928 -0.176371927062727 -0.0512423962355049 0.0738871345916961 0.199016665418897 0.324146196246119 0.44927572707332 0.472381601979392 0.18941650912168 -0.0935485837359836 -0.376513676593647 -0.65947876945136 -0.942443862309023 -1.22540895516669 -1.5083740480244 -1.76935351788995 -2.02300444675812 -2.27665537562634 -2.53030630449451 -2.78395723336268 -3.0376081622309 -3.29125909109907 -3.5327055295308 -3.73753849665323 -3.94237146377561 -4.14720443089799 -4.35203739802041 -4.5568703651428 -4.76170333226518 -4.9665362993876 -5.05051762262981 -5.09421506457859 -5.13791250652738 -5.18160994847616 -5.22530739042494 -5.26900483237373 -5.31270227432251
-1.1616157578926 -0.990000156313258 -0.81838455473392 -0.646768953154553 -0.475153351575216 -0.303537749995878 -0.131922148416511 -0.0196655243635816 0.0728047738471986 0.165275072057994 0.257745370268775 0.350215668479555 0.442685966690351 0.535156264901131 0.536307795594187 0.263503023733714 -0.00930174812671308 -0.28210651998714 -0.554911291847613 -0.82771606370804 -1.10052083556847 -1.37332560742894 -1.63805619776247 -1.90009539425369 -2.16213459074496 -2.42417378723619 -2.68621298372741 -2.94825218021868 -3.21029137670991 -3.45700616836545 -3.65774774551391 -3.85848932266233 -4.05923089981076 -4.25997247695922 -4.46071405410765 -4.66145563125608 -4.86219720840454 -4.95090265274049 -5.00226271947225 -5.05362278620403 -5.1049828529358 -5.15634291966756 -5.20770298639934 -5.2590630531311
-0.889630370256032 -0.712519573420356 -0.535408776584679 -0.358297979748973 -0.181187182913296 -0.00407638607761937 0.173034410758088 0.262170409162789 0.321981474757146 0.381792540351512 0.441603605945869 0.501414671540225 0.561225737134592 0.621036802728948 0.600233989208987 0.337589538345754 0.0749450874825647 -0.187699363380624 -0.450343814243858 -0.712988265107047 -0.975632715970236 -1.23827716683347 -1.50675887763497 -1.77718634174925 -2.04761380586358 -2.31804126997786 -2.58846873409213 -2.85889619820646 -3.12932366232074 -3.38130680720008 -3.57795699437458 -3.77460718154905 -3.97125736872352 -4.16790755589802 -4.36455774307249 -4.56120793024696 -4.75785811742146 -4.85128768285116 -4.91031037436591 -4.96933306588068 -5.02835575739543 -5.08737844891018 -5.14640114042494 -5.20542383193969
-0.759249095701526 -0.602288039773723 -0.44532698384592 -0.288365927918091 -0.131404871990288 0.0255561839375146 0.182517239865344 0.264487710595153 0.32146131959228 0.378434928589416 0.435408537586543 0.492382146583669 0.549355755580806 0.606329364577933 0.587002500146694 0.338774215430058 0.0905459307134635 -0.157682354003131 -0.405910638719767 -0.654138923436361 -0.902367208152955 -1.15059549286959 -1.41638843615846 -1.68803626563808 -1.95968409511776 -2.23133192459738 -2.50297975407701 -2.77462758355668 -3.04627541303631 -3.2976935598585 -3.48842265870835 -3.67915175755817 -3.86988085640798 -4.06060995525783 -4.25133905410765 -4.44206815295746 -4.63279725180731 -4.74224481582642 -4.82459853490193 -4.90695225397745 -4.98930597305296 -5.07165969212848 -5.154013411204 -5.23636713027951
-0.770471934229146 -0.65930555537344 -0.548139176517733 -0.436972797662007 -0.3258064188063 -0.214640039950594 -0.103473661094868 -0.0127136200666098 0.071244308352494 0.155202236771612 0.239160165190716 0.32311809360982 0.407076022028938 0.491033950448041 0.496613328407276 0.267057054986595 0.0375007815659527 -0.192055491854689 -0.42161176527537 -0.651168038696012 -0.880724312116654 -1.11028058553733 -1.36694487333294 -1.63264516592021 -1.89834545850752 -2.16404575109478 -2.42974604368205 -2.69544633626936 -2.96114662885663 -3.20616642634071 -3.38914473851521 -3.57212305068968 -3.75510136286415 -3.93807967503866 -4.12105798721313 -4.3040362993876 -4.4870146115621 -4.62377405166626 -4.74512720108031 -4.86648035049438 -4.98783349990843 -5.10918664932248 -5.23053979873655 -5.3518929481506
-0.781694772756768 -0.716323070973161 -0.650951369189554 -0.585579667405936 -0.520207965622329 -0.454836263838722 -0.389464562055104 -0.289914950728396 -0.178972702887313 -0.0680304550462108 0.0429117927948723 0.153854040635955 0.264796288477058 0.375738536318141 0.40622415666785 0.195339894543126 -0.0155443675815624 -0.22642862970625 -0.437312891830974 -0.648197153955662 -0.85908141608035 -1.06996567820507 -1.31750131050742 -1.57725406620232 -1.83700682189727 -2.09675957759218 -2.35651233328708 -2.61626508898203 -2.87601784467694 -3.11463929282292 -3.28986681832207 -3.46509434382119 -3.64032186932032 -3.81554939481947 -3.99077692031859 -4.16600444581772 -4.34123197131687 -4.50530328750609 -4.66565586725868 -4.8260084470113 -4.98636102676389 -5.14671360651648 -5.3070661862691 -5.46741876602168
-0.792917611284389 -0.773340586572882 -0.753763561861375 -0.734186537149865 -0.714609512438358 -0.695032487726851 -0.675455463015341 -0.567116281390182 -0.42918971412712 -0.291263146864034 -0.153336579600971 -0.0154100123379087 0.122516554925177 0.26044312218824 0.315834984928423 0.123622734099657 -0.0685895167290776 -0.260801767557812 -0.453014018386579 -0.645226269215313 -0.837438520044047 -1.02965077087281 -1.2680577476819 -1.52186296648444 -1.77566818528703 -2.02947340408957 -2.28327862289212 -2.53708384169471 -2.79088906049725 -3.02311215930512 -3.19058889812893 -3.3580656369527 -3.52554237577648 -3.69301911460028 -3.86049585342406 -4.02797259224783 -4.19544933107164 -4.38683252334593 -4.58618453343706 -4.78553654352822 -4.98488855361935 -5.18424056371048 -5.38359257380165 -5.58294458389277
