data/working_set_collections/6091692-Cassins_Sparrow-MC/1985/bio6.asc
NCOLS 265 
NROWS 230 
XLLCORNER -115.5625 
YLLCORNER 24.8333333333333 
CELLSIZE 0.0833333333333333 
NODATA_value -9999 
[rows 200 to 219 of 230, columns 88 to 131 of 265]
4.07331789731982 3.48510766956546 2.94374144739573 2.4023752252261 1.86100900305647 1.31964278088675 0.778276558717117 0.236910336547485 -0.304455885622238 -0.502687048912089 -0.586539859241936 -0.670392669571797 -0.754245479901643 -0.838098290231489 -0.92195110056135 -1.0058039108912 -1.01181341583534 -0.784293004622076 -0.55677259340885 -0.329252182195624 -0.10173177098236 0.125788640230866 0.353309051444092 0.580829462657357 0.731731427460898 0.85709391012786 0.982456392794844 1.10781887546181 1.23318135812877 1.35854384079575 1.48390632346271 1.58793913622697 1.62798293928305 1.66802674233913 1.70807054539521 1.74811434845129 1.78815815150737 1.82820195456345 1.86824575761952 1.86852923035621 1.85555925965309 1.84258928894996 1.82961931824683 1.81664934754371
4.6170017838478 4.03813433514703 3.48147812816827 2.92482192118962 2.36816571421096 1.81150950723221 1.25485330025355 0.698197093274893 0.141540886296141 -0.112895178794912 -0.266591196590028 -0.420287214385171 -0.573983232180287 -0.727679249975403 -0.881375267770546 -1.03507128556566 -1.09323109313849 -0.864782270044098 -0.636333446949743 -0.407884623855389 -0.179435800760995 0.0490130223333599 0.277461845427715 0.505910668522108 0.657016762346023 0.782341946413106 0.907667130480211 1.03299231454729 1.15831749861438 1.28364268268148 1.40896786674857 1.51671178638935 1.57171191275119 1.62671203911304 1.68171216547488 1.73671229183673 1.79171241819858 1.84671254456042 1.90171267092226 1.91514989733695 1.91473282376924 1.91431575020153 1.91389867663382 1.91348160306611
5.16068567037583 4.59116100072864 4.01921480894086 3.44726861715318 2.87532242536549 2.30337623357771 1.73143004179003 1.15948385000234 0.587537658214558 0.276896691322298 0.0533574660619062 -0.170181759198524 -0.393720984458916 -0.617260209719308 -0.840799434979738 -1.06433866024013 -1.17464877044165 -0.945271535466127 -0.715894300490643 -0.486517065515159 -0.257139830539637 -0.0277625955641529 0.201614639411331 0.430991874386854 0.582302097231141 0.707589982698345 0.832877868165571 0.958165753632775 1.08345363909998 1.20874152456721 1.33402941003441 1.44548443655173 1.51544088621933 1.58539733588695 1.65535378555456 1.72531023522216 1.79526668488978 1.86522313455739 1.93517958422499 1.96177056431769 1.9739063878854 1.9860422114531 1.99817803502081 2.01031385858852
5.70436955690386 5.14418766631026 4.55695148971345 3.96971531311674 3.38247913652002 2.79524295992321 2.2080067833265 1.62077060672979 1.03353443013298 0.666688561439509 0.373306128713841 0.0799236959881232 -0.213458736737545 -0.506841169463213 -0.80022360218893 -1.0936060349146 -1.25606644774481 -1.02576080088816 -0.795455154031543 -0.56514950717493 -0.334843860318278 -0.104538213461666 0.125767433394947 0.356073080251599 0.507587432116259 0.632838018983585 0.758088605850931 0.883339192718257 1.00858977958558 1.13384036645293 1.25909095332025 1.3742570867141 1.45916985968747 1.54408263266086 1.62899540563423 1.7139081786076 1.79882095158099 1.88373372455436 1.96864649752773 2.00839123129844 2.03307995200156 2.05776867270468 2.08245739340781 2.10714611411093
6.22346902290979 5.67335284517875 5.06830660336545 4.46326036155225 3.85821411973905 3.25316787792575 2.64812163611255 2.04307539429936 1.43802915248606 1.02545040349165 0.677027485436885 0.328604567382061 -0.0198183506727035 -0.368241268727468 -0.716664186782292 -1.06508710483706 -1.27448261934856 -1.06679592322974 -0.859109227110968 -0.651422530992192 -0.443735834873381 -0.236049138754605 -0.0283624426358286 0.179324253482983 0.33276112775011 0.468114728066676 0.603468328383265 0.738821928699831 0.874175529016397 1.00952912933299 1.14488272964955 1.27146548885439 1.371735724724 1.47200596059362 1.57227619646324 1.67254643233285 1.77281666820247 1.87308690407208 1.9733571399417 2.02839245100816 2.06834945380687 2.10830645660558 2.14826345940429 2.188220462203
6.71798406839371 6.17865653733418 5.55328014989693 4.92790376245978 4.30252737502264 3.67715098758538 3.05177460014824 2.42639821271109 1.80102182527384 1.35318221747876 0.96452153623108 0.575860854983332 0.18720017373565 -0.201460507512033 -0.590121188759781 -0.978781870007463 -1.22989728525285 -1.06837690249087 -0.906856519728918 -0.745336136966964 -0.583815754204983 -0.422295371443029 -0.260774988681075 -0.0992546059190936 0.0578231841325963 0.213420109947531 0.369017035762491 0.524613961577425 0.68021088739236 0.83580781320732 0.991404739022255 1.13710964297255 1.25313848132887 1.36916731968522 1.48519615804155 1.60122499639787 1.71725383475422 1.83328267311054 1.94931151146687 2.02177422344684 2.07971489330131 2.13765556315579 2.19559623301027 2.25353690286475
7.21249911387763 6.68396022948961 6.03825369642841 5.39254716336732 4.74684063030622 4.10113409724502 3.45542756418392 2.80972103112283 2.16401449806163 1.68091403146588 1.25201558702528 0.823117142584602 0.394218698144003 -0.0346797462965968 -0.46357819073727 -0.892476635177869 -1.18531195115715 -1.069957881752 -0.954603812346869 -0.839249742941737 -0.723895673536585 -0.608541604131453 -0.493187534726322 -0.37783346532117 -0.217114759484918 -0.0412745081716151 0.134565743141717 0.31040599445502 0.486246245768323 0.662086497081655 0.837926748394958 1.0027537970907 1.13454123793375 1.26632867877681 1.39811611961986 1.5299035604629 1.66169100130596 1.79347844214901 1.92526588299205 2.01515599588552 2.09108033279576 2.167004669706 2.24292900661625 2.3188533435265
7.7070141593615 7.189263921645 6.52322724295985 5.85719056427481 5.19115388558977 4.52511720690461 3.85908052821957 3.19304384953453 2.52700717084938 2.00864584545296 1.53950963781945 1.07037343018585 0.601237222552338 0.132101014918825 -0.337035192714769 -0.806171400348282 -1.14072661706145 -1.07153886101313 -1.00235110496481 -0.933163348916501 -0.863975592868176 -0.794787836819862 -0.725600080771548 -0.656412324723223 -0.492052703102409 -0.295969126290739 -0.0998855494790364 0.096198027332633 0.292281604144302 0.488365180956005 0.684448757767674 0.868397951208876 1.01594399453863 1.16349003786842 1.31103608119817 1.45858212452793 1.60612816785771 1.75367421118747 1.90122025451723 2.0085377683242 2.10244577229021 2.19635377625621 2.29026178022223 2.38416978418824
8.20152920484542 7.69456761380044 7.00820078949133 6.32183396518234 5.63546714087335 4.94910031656425 4.26273349225526 3.57636666794627 2.88999984363717 2.33637765944007 1.82700368861364 1.31762971778712 0.808255746960691 0.298881776134261 -0.210492194692257 -0.719866165518689 -1.09614128296575 -1.07311984027426 -1.05009839758277 -1.02707695489127 -1.00405551219978 -0.981034069508286 -0.958012626816795 -0.934991184125299 -0.766990646719923 -0.550663744409885 -0.33433684209981 -0.118009939789772 0.0983169625202653 0.31464386483034 0.530970767140378 0.734042105327036 0.897346751143509 1.06065139696001 1.22395604277648 1.38726068859296 1.55056533440946 1.71386998022593 1.8771746260424 2.00191954076288 2.11381121178465 2.22570288280642 2.33759455382821 2.44948622484998
8.69604425032934 8.19987130595587 7.49317433602281 6.78647736608988 6.07978039615694 5.37308342622388 4.66638645629094 3.95968948635801 3.25299251642495 2.66410947342718 2.11449773940784 1.56488600538839 1.01527427136904 0.465662537349696 -0.0839491966697459 -0.633560930689094 -1.05155594887005 -1.07470081953538 -1.09784569020072 -1.12099056086605 -1.14413543153138 -1.16728030219671 -1.19042517286204 -1.21357004352738 -1.04192859033744 -0.80535836252903 -0.568788134720584 -0.332217906912178 -0.0956476791037716 0.140922548704675 0.377492776513081 0.599686259445195 0.778749507748384 0.957812756051604 1.13687600435479 1.31593925265798 1.4950025009612 1.67406574926439 1.85312899756758 1.99530131320157 2.1251766512791 2.25505198935664 2.38492732743419 2.51480266551173
9.13997942606607 8.66965614424819 7.95922483338249 7.24879352251692 6.53836221165134 5.82793090078564 5.11749958992007 4.40706827905449 3.69663696818879 3.07751888806621 2.48883855152466 1.900158214983 1.31147787844144 0.722797541899878 0.134117205358219 -0.45456313118334 -0.913143390831051 -0.981423419796788 -1.04970344876251 -1.11798347772824 -1.18626350669398 -1.2545435356597 -1.32282356462543 -1.39110359359116 -1.22030230661236 -0.96980724765199 -0.719312188691578 -0.468817129731209 -0.21832207077084 0.0321729881895715 0.282668047149941 0.51634504033456 0.699567836191875 0.882790632049221 1.06601342790654 1.24923622376385 1.4324590196212 1.61568181547851 1.79890461133583 1.94700674613316 2.08340199391046 2.21979724168776 2.35619248946508 2.49258773724237
9.53333473205566 9.10392212867745 8.40635228157044 7.70878243446354 7.01121258735665 6.31364274024963 5.61607289314273 4.91850304603584 4.22093319892882 3.57660590335729 2.95002612496422 2.32344634657105 1.69686656817798 1.07028678978491 0.443707011391738 -0.18287276700133 -0.680903608848665 -0.793287641058385 -0.905671673268085 -1.01805570547779 -1.1304397376875 -1.24282376989721 -1.35520780210691 -1.46759183431663 -1.30211179554465 -1.04401039977873 -0.785909004012762 -0.527807608246837 -0.269706212480913 -0.0116048167149445 0.24649657905098 0.484018447995151 0.659801736473994 0.835585024952866 1.01136831343171 1.18715160191055 1.36293489038942 1.53871817886827 1.71450146734711 1.85703583955764 1.98848723967869 2.11993863979973 2.2513900399208 2.38284144004185
9.92669003804524 9.53818811310671 8.85347972975838 8.16877134641017 7.48406296306195 6.79935457971362 6.1146461963654 5.42993781301719 4.74522942966885 4.07569291864836 3.41121369840379 2.7467344781591 2.08225525791452 1.41777603766995 0.753296817425256 0.0888175971806797 -0.44866382686628 -0.605151862319982 -0.761639897773657 -0.918127933227332 -1.07461596868103 -1.23110400413471 -1.38759203958838 -1.54408007504209 -1.38392128447695 -1.11821355190547 -0.852505819333945 -0.586798086762465 -0.321090354190986 -0.0553826216194605 0.210325110952019 0.451691855655742 0.620035636756113 0.788379417856512 0.956723198956883 1.12506698005725 1.29341076115765 1.46175454225802 1.63009832335839 1.76706493298212 1.89357248544691 2.02008003791171 2.14658759037653 2.27309514284133
10.3200453440348 9.97245409753598 9.30060717794633 8.62876025835679 7.95691333876726 7.28506641917761 6.61321949958807 5.94137257999853 5.26952566040888 4.57477993393944 3.87240127184336 3.17002260974715 2.46764394765106 1.76526528555498 1.06288662345877 0.360507961362689 -0.216424044883894 -0.417016083581579 -0.617608122279229 -0.818200160976879 -1.01879219967456 -1.21938423837221 -1.41997627706986 -1.62056831576755 -1.46573077340925 -1.19241670403221 -0.919102634655128 -0.645788565278093 -0.372474495901058 -0.0991604265239765 0.174153642853059 0.419365263316334 0.580269537038232 0.741173810760158 0.902078084482057 1.06298235820396 1.22388663192588 1.38479090564778 1.54569517936968 1.6770940264066 1.79865773121514 1.92022143602369 2.04178514083226 2.1633488456408
10.7134006500244 10.4067200819652 9.74773462613424 9.08874917030338 8.42976371447252 7.77077825864155 7.1117928028107 6.45280734697984 5.79382189114887 5.07386694923047 4.33358884528288 3.59331074133517 2.85303263738757 2.11275453343998 1.37247642949227 0.632198325544676 0.0158157370984715 -0.228880304843192 -0.473576346784813 -0.718272388726434 -0.962968430668097 -1.20766447260972 -1.45236051455134 -1.697056556493 -1.54754026234153 -1.26661985615894 -0.985699449976306 -0.704779043793716 -0.423858637611126 -0.142938231428489 0.137982174754101 0.387038670976927 0.540503437320355 0.693968203663808 0.847432970007235 1.00089773635066 1.15436250269412 1.30782726903754 1.46129203538097 1.58712311983108 1.70374297698338 1.82036283413568 1.93698269128799 2.05360254844029
11.1067559560139 10.8409860663944 10.1948620743221 9.54873808224997 8.90261409017779 8.2564900981055 7.61036610603332 6.96424211396114 6.31811812188886 5.57295396452151 4.79477641872241 4.01659887292318 3.23842132712408 2.46024378132499 1.68206623552576 0.903888689726662 0.248055519080837 -0.0407445261048046 -0.329544571290397 -0.61834461647599 -0.907144661661631 -1.19594470684722 -1.48474475203282 -1.77354479721846 -1.62934975127382 -1.34082300828568 -1.05229626529748 -0.763769522309339 -0.475242779321195 -0.186716036333001 0.101810706655143 0.354712078637521 0.500737337602477 0.646762596567458 0.792787855532413 0.938813114497369 1.08483837346235 1.23086363242731 1.37688889139226 1.49715221325557 1.60882822275161 1.72050423224766 1.83218024174373 1.94385625123978
11.4899654388427 11.2542546868325 10.6410981615385 10.0279416362445 9.41478511095055 8.80162858565648 8.18847206036253 7.57531553506857 6.96215900977451 6.20516784613336 5.40023180304312 4.59529575995274 3.7903597168625 2.98542367377225 2.18048763068187 1.37555158759163 0.688841998245983 0.356811770134471 0.0247815420230153 -0.30724868608844 -0.639278914199952 -0.971309142311407 -1.30333937042286 -1.63536959853437 -1.51770424569655 -1.25014036587552 -0.982576486054448 -0.715012606233422 -0.447448726412396 -0.179884846591324 0.0876790332297018 0.324865293833914 0.470918696787583 0.616972099741276 0.763025502694945 0.909078905648613 1.05513230860231 1.20118571155598 1.34723911450964 1.46421764294304 1.57150454653631 1.67879145012958 1.78607835372287 1.89336525731614
11.8630290985107 11.6465259432793 11.086442887783 10.5263598322868 9.96627677679065 9.40619372129436 8.84611066579817 8.28602761030198 7.72594455480569 6.97050859406591 6.1499549982449 5.32940140242375 4.50884780660273 3.68829421078172 2.86774061496057 2.04718701913955 1.3381751745939 0.963788583874642 0.589401993155447 0.215015402436253 -0.159371188283006 -0.5337577790022 -0.908144369721395 -1.28253096044065 -1.21260374560961 -0.994571928928389 -0.77654011224713 -0.558508295565908 -0.340476478884685 -0.122444662203426 0.0955871544777961 0.297498316566119 0.45104751487569 0.604596713185286 0.758145911494857 0.911695109804427 1.06524430811402 1.21879350642359 1.37234270473316 1.48831940889356 1.59177194833753 1.69522448778149 1.79867702722547 1.90212956666944
12.2360927581786 12.0387971997261 11.5317876140276 11.0247780283292 10.5177684426308 10.0107588569322 9.50374927123381 8.99673968553538 8.48973009983687 7.73584934199847 6.89967819344668 6.06350704489476 5.22733589634297 4.39116474779119 3.55499359923926 2.71882245068748 1.98750835094182 1.57076539761481 1.15402244428788 0.737279490960945 0.32053653763394 -0.0962064156929936 -0.512949369019927 -0.929692322346932 -0.907503245522677 -0.739003491981258 -0.570503738439812 -0.402003984898393 -0.233504231356975 -0.0650044778155278 0.10349527572589 0.270131339298324 0.431176332963796 0.592221326629296 0.753266320294768 0.914311313960241 1.07535630762574 1.23640130129121 1.39744629495669 1.51242117484408 1.61203935013874 1.7116575254334 1.81127570072808 1.91089387602274
12.6091564178467 12.431068456173 11.9771323402723 11.5231962243716 11.069260108471 10.6153239925702 10.1613878766696 9.70745176076891 9.25351564486818 8.50119008993115 7.64940138864859 6.79761268736589 5.94582398608333 5.09403528480078 4.24224658351807 3.39045788223552 2.63684152728984 2.17774221135509 1.71864289542041 1.25954357948573 0.800444263550968 0.341344947616288 -0.117754368318392 -0.576853684253151 -0.60240274543569 -0.483435055034084 -0.364467364632458 -0.245499674230852 -0.126531983829246 -0.00756429342761988 0.111403396973986 0.242764362030524 0.4113051510519 0.579845940073304 0.74838672909468 0.916927518116055 1.08546830713746 1.25400909615883 1.42254988518021 1.53652294079461 1.63230675193996 1.72809056308532 1.82387437423069 1.91965818537604
