data/working_set_collections/6091692-Cassins_Sparrow-MC/1985/bio7.asc
NCOLS 265 
NROWS 230 
XLLCORNER -115.5625 
YLLCORNER 24.8333333333333 
CELLSIZE 0.0833333333333333 
NODATA_value -9999 
[rows 160 to 179 of 230, columns 92 to 137 of 265]
33.933359781901 34.1071370442709 34.2809143066406 34.4546915690104 34.6284688313802 34.6921669006348 34.7191719055176 34.7461769104004 34.7731819152832 34.800186920166 34.8271919250488 34.8541969299317 34.8465571085612 34.734982808431 34.6234085083008 34.5118342081706 34.4002599080404 34.2886856079102 34.17711130778 34.0655370076498 34.0224029541016 34.0020823160807 33.9817616780599 33.9614410400391 33.9411204020182 33.9207997639974 33.9004791259766 33.894339243571 33.9307416280111 33.9671440124512 34.0035463968913 34.0399487813314 34.0763511657715 34.1127535502116 34.1491559346517 34.0304992675782 33.86015625 33.6898132324219 33.5194702148438 33.3491271972657 33.1787841796876 33.0084411621094 32.8609804789226 32.7821667989095 32.7033531188965 32.6245394388835
33.6910522460937 33.876747639974 34.0624430338542 34.2481384277344 34.4338338216146 34.5098747253418 34.5493641323514 34.5888535393609 34.6283429463705 34.66783235338 34.7073217603896 34.7468111673991 34.7489615546333 34.6390948825413 34.5292282104493 34.4193615383572 34.3094948662652 34.1996281941732 34.0897615220812 33.9798948499892 33.9371246337891 33.9167199028863 33.8963151719835 33.8759104410807 33.855505710178 33.8351009792752 33.8146962483724 33.8109996371799 33.8574273851183 33.9038551330566 33.950282880995 33.9967106289334 34.0431383768717 34.0895661248101 34.1359938727485 34.0139872233073 33.8358357747396 33.6576843261719 33.4795328776042 33.3013814290365 33.1232299804688 32.9450785319011 32.7866015116374 32.6871477762858 32.5876940409343 32.4882403055827
33.4316162109375 33.6206807454427 33.8097452799479 33.9988098144531 34.1878743489584 34.2706555684408 34.318009016249 34.3653624640571 34.4127159118653 34.4600693596734 34.5074228074816 34.5547762552898 34.5654797024198 34.4662331475153 34.3669865926107 34.2677400377062 34.1684934828017 34.0692469278972 33.9700003729927 33.8707538180881 33.8320747375489 33.8135848151313 33.7950948927138 33.7766049702962 33.7581150478787 33.7396251254612 33.7211352030436 33.719984096951 33.7708494398329 33.8217147827149 33.8725801255968 33.9234454684787 33.9743108113607 34.0251761542426 34.0760414971246 33.9610071818034 33.7906729804145 33.6203387790257 33.4500045776367 33.2796703762479 33.109336174859 32.9390019734701 32.78302959866 32.6701427035862 32.5572558085124 32.4443689134386
33.1550516764323 33.3389363606771 33.5228210449219 33.7067057291667 33.8905904134115 33.9745094299317 34.0251065572103 34.075703684489 34.1263008117676 34.1768979390463 34.2274950663249 34.2780921936036 34.2961115519206 34.2163976033529 34.1366836547852 34.0569697062175 33.9772557576498 33.8975418090821 33.8178278605144 33.7381139119466 33.7072532653809 33.6926770528158 33.6781008402507 33.6635246276856 33.6489484151205 33.6343722025554 33.6197959899903 33.6212926228841 33.671007792155 33.7207229614258 33.7704381306966 33.8201532999675 33.8698684692383 33.9195836385091 33.96929880778 33.8715591430664 33.7246678670248 33.5777765909831 33.4308853149414 33.2839940388998 33.1371027628581 32.9902114868164 32.8502647399903 32.7311515808106 32.6120384216309 32.4929252624512
32.8784871419271 33.0571919759115 33.2358968098958 33.4146016438802 33.5933064778646 33.6783632914226 33.7322040981717 33.7860449049208 33.83988571167 33.8937265184191 33.9475673251682 34.0014081319174 34.0267434014215 33.9665620591906 33.9063807169597 33.8461993747288 33.7860180324979 33.725836690267 33.6656553480361 33.6054740058051 33.5824317932129 33.5717692905002 33.5611067877876 33.5504442850749 33.5397817823622 33.5291192796495 33.5184567769369 33.5226011488173 33.571166144477 33.6197311401367 33.6682961357964 33.7168611314562 33.7654261271159 33.8139911227756 33.8625561184353 33.7821111043295 33.658662753635 33.5352144029406 33.4117660522461 33.2883177015517 33.1648693508572 33.0414210001628 32.9174998813205 32.792160458035 32.6668210347494 32.5414816114638
32.6019226074219 32.7754475911459 32.9489725748698 33.1224975585938 33.2960225423177 33.3822171529135 33.4393016391331 33.4963861253527 33.5534706115723 33.6105550977919 33.6676395840116 33.7247240702312 33.7573752509224 33.7167265150283 33.6760777791342 33.6354290432401 33.594780307346 33.5541315714519 33.5134828355578 33.4728340996637 33.4576103210449 33.4508615281847 33.4441127353245 33.4373639424642 33.430615149604 33.4238663567437 33.4171175638835 33.4239096747504 33.471324496799 33.5187393188477 33.5661541408963 33.6135689629449 33.6609837849935 33.7083986070421 33.7558134290907 33.6926630655925 33.5926576402453 33.492652214898 33.3926467895508 33.2926413642036 33.1926359388564 33.0926305135091 32.9847350226508 32.8531693352594 32.7216036478679 32.5900379604764
32.3253580729167 32.4937032063802 32.6620483398438 32.8303934733073 32.9987386067709 33.0860710144043 33.1463991800944 33.2067273457846 33.2670555114747 33.3273836771647 33.3877118428549 33.448040008545 33.4880071004232 33.4668909708659 33.4457748413086 33.4246587117513 33.403542582194 33.3824264526368 33.3613103230795 33.3401941935222 33.332788848877 33.3299537658692 33.3271186828613 33.3242835998535 33.3214485168457 33.3186134338379 33.3157783508301 33.3252182006836 33.3714828491211 33.4177474975586 33.4640121459961 33.5102767944336 33.5565414428711 33.6028060913086 33.6490707397461 33.6032150268555 33.5266525268555 33.4500900268555 33.3735275268555 33.2969650268555 33.2204025268555 33.1438400268555 33.0519701639811 32.9141782124837 32.7763862609863 32.638594309489
32.0487935384115 32.2119588216146 32.3751241048177 32.5382893880208 32.701454671224 32.7899248758952 32.8534967210558 32.9170685662164 32.980640411377 33.0442122565376 33.1077841016982 33.1713559468588 33.2186389499241 33.2170554267036 33.2154719034831 33.2138883802626 33.2123048570421 33.2107213338216 33.2091378106011 33.2075542873807 33.207967376709 33.2090460035536 33.2101246303982 33.2112032572429 33.2122818840875 33.2133605109321 33.2144391377767 33.2265267266168 33.2716412014431 33.3167556762695 33.3618701510959 33.4069846259223 33.4520991007487 33.4972135755751 33.5423280504015 33.5137669881185 33.4606474134657 33.407527838813 33.3544082641602 33.3012886895074 33.2481691148546 33.1950495402018 33.1192053053114 32.9751870897082 32.8311688741048 32.6871506585015
31.8110696580675 31.958214908176 32.1053601582845 32.252505408393 32.3996506585016 32.486393737793 32.5530027601454 32.6196117824979 32.6862208048503 32.7528298272027 32.8194388495552 32.8860478719076 32.9400614420573 32.956288655599 32.9725158691407 32.9887430826823 33.004970296224 33.0211975097657 33.0374247233073 33.053651936849 33.0654520670573 33.0757765028212 33.0861009385851 33.096425374349 33.1067498101129 33.1170742458768 33.1273986816406 33.1465813530816 33.1923387315538 33.238096110026 33.2838534884983 33.3296108669705 33.3753682454427 33.4211256239149 33.4668830023871 33.4528381347656 33.4188591851129 33.3848802354601 33.3509012858073 33.3169223361545 33.2829433865017 33.248964436849 33.1884606255425 33.0483822292752 32.9083038330078 32.7682254367405
31.6121864318848 31.7324714660645 31.8527565002442 31.9730415344238 32.0933265686036 32.1754776000977 32.2449172973633 32.314356994629 32.3837966918946 32.4532363891602 32.5226760864258 32.5921157836914 32.652274576823 32.6845906575521 32.7169067382813 32.7492228190105 32.7815388997396 32.8138549804688 32.8461710611979 32.8784871419271 32.9052429199219 32.9301452636719 32.9550476074219 32.9799499511719 33.0048522949219 33.0297546386719 33.0546569824219 33.0853820800781 33.1335754394531 33.1817687988281 33.2299621582031 33.2781555175781 33.3263488769531 33.3745422363281 33.4227355957031 33.4204284667969 33.4012878417969 33.3821472167969 33.3630065917969 33.3438659667969 33.3247253417969 33.3055847167969 33.2597361246745 33.1337636311849 33.0077911376953 32.8818186442057
31.413303205702 31.5067280239529 31.6001528422038 31.6935776604547 31.7870024787055 31.8645614624024 31.9368318345812 32.00910220676 32.0813725789388 32.1536429511176 32.2259133232965 32.2981836954753 32.3644877115886 32.4128926595052 32.4612976074219 32.5097025553386 32.5581075032552 32.6065124511719 32.6549173990886 32.7033223470052 32.7450337727865 32.7845140245226 32.8239942762587 32.8634745279948 32.9029547797309 32.942435031467 32.9819152832031 33.0241828070746 33.0748121473524 33.1254414876302 33.176070827908 33.2267001681858 33.2773295084635 33.3279588487413 33.3785881890191 33.3880187988281 33.3837164984809 33.3794141981337 33.3751118977865 33.3708095974392 33.366507297092 33.3622049967448 33.3310116238064 33.2191450330946 33.1072784423828 32.995411851671
31.2144199795193 31.2809845818414 31.3475491841634 31.4141137864855 31.4806783888076 31.5536453247071 31.6287463717991 31.7038474188911 31.7789484659831 31.8540495130751 31.9291505601672 32.0042516072592 32.0767008463542 32.1411946614584 32.2056884765625 32.2701822916667 32.3346761067709 32.399169921875 32.4636637369792 32.5281575520834 32.5848246256511 32.6388827853733 32.6929409450955 32.7469991048177 32.8010572645399 32.8551154242622 32.9091735839844 32.9629835340712 33.0160488552517 33.0691141764323 33.1221794976128 33.1752448187934 33.228310139974 33.2813754611545 33.3344407823351 33.3556091308594 33.3661451551649 33.3766811794705 33.387217203776 33.3977532280816 33.4082892523871 33.4188252766927 33.4022871229384 33.3045264350044 33.2067657470703 33.1090050591363
31.0155367533366 31.0552411397299 31.0949455261231 31.1346499125163 31.1743542989096 31.2427291870118 31.320660909017 31.3985926310222 31.4765243530274 31.5544560750326 31.6323877970378 31.710319519043 31.7889139811198 31.8694966634115 31.9500793457032 32.0306620279948 32.1112447102865 32.1918273925781 32.2724100748698 32.3529927571615 32.4246154785156 32.493251546224 32.5618876139323 32.6305236816406 32.699159749349 32.7677958170573 32.8364318847656 32.9017842610677 32.957285563151 33.0127868652344 33.0682881673177 33.123789469401 33.1792907714844 33.2347920735677 33.290293375651 33.3231994628906 33.348573811849 33.3739481608073 33.3993225097656 33.424696858724 33.4500712076823 33.4754455566406 33.4735626220703 33.3899078369141 33.3062530517578 33.2225982666016
30.8166535271539 30.8294976976183 30.8423418680827 30.8551860385471 30.8680302090115 30.9318130493164 31.0125754462348 31.0933378431533 31.1741002400716 31.25486263699 31.3356250339085 31.4163874308269 31.5011271158854 31.5977986653646 31.6944702148438 31.7911417643229 31.8878133138021 31.9844848632813 32.0811564127604 32.1778279622396 32.2644063313802 32.3476203070747 32.4308342827691 32.5140482584635 32.597262234158 32.6804762098524 32.7636901855469 32.8405849880642 32.8985222710503 32.9564595540365 33.0143968370226 33.0723341200087 33.1302714029948 33.1882086859809 33.246145968967 33.2907897949219 33.331002468533 33.3712151421441 33.4114278157552 33.4516404893663 33.4918531629774 33.5320658365885 33.5448381212023 33.4752892388238 33.4057403564453 33.3361914740668
30.7311104668511 30.7230368720161 30.714963277181 30.7068896823459 30.6988160875109 30.7512107849121 30.8237615797255 30.8963123745389 30.9688631693522 31.0414139641656 31.113964758979 31.1865155537923 31.2679928249783 31.3762495252821 31.484506225586 31.5927629258898 31.7010196261936 31.8092763264974 31.9175330268012 32.025789727105 32.1258740743001 32.2232343037923 32.3205945332845 32.4179547627767 32.5153149922689 32.6126752217611 32.7100354512532 32.7973285251193 32.8544201321072 32.911511739095 32.9686033460829 33.0256949530707 33.0827865600586 33.1398781670464 33.1969697740343 33.2383567810059 33.2745089213053 33.3106610616048 33.3468132019043 33.3829653422038 33.4191174825033 33.4552696228028 33.4684405856663 33.4126680162218 33.3568954467774 33.301122877333
30.7589075724284 30.7358586629232 30.712809753418 30.6897608439128 30.6667119344076 30.7009223937988 30.7542193094889 30.807516225179 30.8608131408692 30.9141100565593 30.9674069722494 31.0207038879395 31.0895111083984 31.2048492431641 31.3201873779297 31.4355255126953 31.550863647461 31.6662017822266 31.7815399169922 31.8968780517578 32.0090187072754 32.1200935363769 32.2311683654785 32.3422431945801 32.4533180236816 32.5643928527832 32.6754676818848 32.7720148722331 32.8249791463216 32.8779434204102 32.9309076944987 32.9838719685872 33.0368362426758 33.0898005167643 33.1427647908529 33.1659004211426 33.179093170166 33.1922859191895 33.2054786682129 33.2186714172364 33.2318641662598 33.2450569152832 33.2443700154623 33.2020441691081 33.1597183227539 33.1173924763998
30.7867046780056 30.7486804538303 30.710656229655 30.6726320054796 30.6346077813043 30.6506340026855 30.6846770392524 30.7187200758192 30.7527631123861 30.7868061489529 30.8208491855198 30.8548922220866 30.9110293918186 31.033448961046 31.1558685302734 31.2782880995009 31.4007076687283 31.5231272379557 31.6455468071832 31.7679663764106 31.8921633402506 32.0169527689616 32.1417421976725 32.2665316263835 32.3913210550944 32.5161104838053 32.6408999125163 32.7467012193468 32.795538160536 32.8443751017253 32.8932120429145 32.9420489841037 32.990885925293 33.0397228664822 33.0885598076714 33.0934440612793 33.0836774190267 33.0739107767741 33.0641441345215 33.0543774922689 33.0446108500163 33.0348442077637 33.0202994452583 32.9914203219944 32.9625411987305 32.9336620754666
30.8145017835829 30.7615022447374 30.7085027058919 30.6555031670465 30.602503628201 30.6003456115723 30.6151347690159 30.6299239264594 30.644713083903 30.6595022413466 30.6742913987902 30.6890805562338 30.7325476752387 30.862048678928 30.9915496826172 31.1210506863064 31.2505516899957 31.3800526936849 31.5095536973741 31.6390547010634 31.7753079732259 31.9138120015462 32.0523160298665 32.1908200581868 32.3293240865071 32.4678281148275 32.6063321431478 32.7213875664605 32.7660971747504 32.8108067830404 32.8555163913303 32.9002259996202 32.9449356079102 32.9896452162001 33.03435482449 33.020987701416 32.9882616678874 32.9555356343588 32.9228096008301 32.8900835673015 32.8573575337728 32.8246315002442 32.7962288750543 32.7807964748807 32.7653640747071 32.7499316745335
30.8422988891602 30.7743240356445 30.7063491821289 30.6383743286133 30.5703994750977 30.550057220459 30.5455924987793 30.5411277770996 30.5366630554199 30.5321983337403 30.5277336120606 30.5232688903809 30.5540659586589 30.6906483968099 30.8272308349609 30.963813273112 31.100395711263 31.2369781494141 31.3735605875651 31.5101430257162 31.6584526062012 31.8106712341308 31.9628898620605 32.1151084899902 32.2673271179199 32.4195457458496 32.5717643737793 32.6960739135742 32.7366561889648 32.7772384643555 32.8178207397461 32.8584030151367 32.8989852905273 32.939567565918 32.9801498413086 32.9485313415528 32.8928459167481 32.8371604919434 32.7814750671387 32.725789642334 32.6701042175293 32.6144187927247 32.5721583048503 32.570172627767 32.5681869506836 32.5662012736003
30.8700959947374 30.7871458265517 30.7041956583659 30.6212454901801 30.5382953219944 30.4997688293457 30.4760502285428 30.4523316277398 30.4286130269369 30.4048944261339 30.381175825331 30.357457224528 30.375584242079 30.5192481146918 30.6629119873047 30.8065758599175 30.9502397325304 31.0939036051432 31.2375674777561 31.3812313503689 31.5415972391764 31.7075304667155 31.8734636942545 32.0393969217936 32.2053301493327 32.3712633768717 32.5371966044108 32.6707602606879 32.7072152031792 32.7436701456706 32.7801250881619 32.8165800306532 32.8530349731445 32.8894899156359 32.9259448581272 32.8760749816895 32.7974301656088 32.718785349528 32.6401405334473 32.5614957173666 32.4828509012859 32.4042060852051 32.3480877346463 32.3595487806532 32.3710098266602 32.3824708726671
