data/working_set_collections/6091692-Cassins_Sparrow-MC/1985/bio7.asc
NCOLS 265 
NROWS 230 
XLLCORNER -115.5625 
YLLCORNER 24.8333333333333 
CELLSIZE 0.0833333333333333 
NODATA_value -9999 
[rows 60 to 79 of 230, columns 46 to 91 of 265]
39.084437306722 39.2133323669433 39.3422274271647 39.4711224873861 39.6000175476074 39.7289126078288 39.8522254943848 39.9736776563856 40.0951298183865 40.2165819803874 40.3380341423882 40.4594863043891 40.58093846639 40.6789645724826 40.7067125108507 40.7344604492188 40.7622083875868 40.7899563259549 40.8177042643229 40.845452202691 40.873200141059 40.8596967061361 40.8324428134495 40.8051889207628 40.7779350280762 40.7506811353896 40.7234272427029 40.6961733500163 40.6918671502007 40.7564040289985 40.8209409077962 40.885477786594 40.9500146653917 41.0145515441895 41.0790884229872 41.143625301785 41.1029378255209 41.0271755642362 40.9514133029514 40.8756510416667 40.799888780382 40.7241265190973 40.6483642578125 40.5830381605361 40.5490205552843 40.5150029500326
38.9781410217285 39.0736640930176 39.1691871643067 39.2647102355957 39.3602333068848 39.4557563781739 39.5879325866699 39.7323265075684 39.8767204284668 40.0211143493652 40.1655082702637 40.3099021911621 40.4542961120605 40.57041015625 40.6016845703125 40.632958984375 40.6642333984375 40.6955078125 40.7267822265625 40.758056640625 40.7893310546875 40.7675910949707 40.7281796773275 40.6887682596843 40.649356842041 40.6099454243978 40.5705340067546 40.5311225891114 40.5143404642741 40.5654462178548 40.6165519714356 40.6676577250163 40.718763478597 40.7698692321778 40.8209749857585 40.8720807393392 40.8371704101563 40.7735880533855 40.7100056966146 40.6464233398438 40.582840983073 40.5192586263021 40.4556762695313 40.4003351847331 40.3697179158529 40.3391006469727
38.871844736735 38.9339958190918 38.9961469014486 39.0582979838054 39.1204490661621 39.1826001485189 39.3236396789551 39.4909753587511 39.6583110385471 39.8256467183431 39.9929823981391 40.1603180779351 40.3276537577311 40.4618557400174 40.4966566297743 40.5314575195313 40.5662584092882 40.6010592990451 40.6358601888021 40.670661078559 40.705461968316 40.6754854838054 40.6239165412055 40.5723475986057 40.5207786560059 40.4692097134061 40.4176407708062 40.3660718282064 40.3368137783475 40.3744884067112 40.4121630350749 40.4498376634386 40.4875122918023 40.525186920166 40.5628615485298 40.6005361768935 40.5714029947917 40.5200005425348 40.4685980902778 40.4171956380209 40.3657931857639 40.314390733507 40.26298828125 40.2176322089301 40.1904152764215 40.1631983439128
38.7655484517415 38.794327545166 38.8231066385905 38.851885732015 38.8806648254395 38.909443918864 39.0593467712402 39.2496242099338 39.4399016486274 39.630179087321 39.8204565260145 40.0107339647081 40.2010114034017 40.3533013237847 40.3916286892361 40.4299560546875 40.4682834201389 40.5066107855903 40.5449381510417 40.5832655164931 40.6215928819444 40.58337987264 40.5196534050836 40.4559269375271 40.3922004699707 40.3284740024143 40.2647475348579 40.2010210673015 40.1592870924208 40.1835305955675 40.2077740987142 40.2320176018609 40.2562611050076 40.2805046081543 40.304748111301 40.3289916144477 40.3056355794271 40.2664130316841 40.227190483941 40.187967936198 40.1487453884549 40.1095228407118 40.0703002929688 40.0349292331272 40.01111263699 39.9872960408529
38.6592521667481 38.6546592712403 38.6500663757325 38.6454734802246 38.6408805847168 38.636287689209 38.7950538635254 39.0082730611165 39.2214922587077 39.4347114562988 39.64793065389 39.8611498514811 40.0743690490723 40.2447469075521 40.2866007486979 40.3284545898438 40.3703084309896 40.4121622721354 40.4540161132813 40.4958699544271 40.5377237955729 40.4912742614746 40.4153902689616 40.3395062764486 40.2636222839356 40.1877382914226 40.1118542989095 40.0359703063965 39.9817604064942 39.9925727844239 40.0033851623536 40.0141975402832 40.0250099182129 40.0358222961426 40.0466346740723 40.057447052002 40.0398681640625 40.0128255208334 39.9857828776042 39.958740234375 39.9316975911459 39.9046549479167 39.8776123046875 39.8522262573242 39.8318099975586 39.811393737793
38.5529558817546 38.5149909973145 38.4770261128744 38.4390612284343 38.4010963439942 38.3631314595541 38.5307609558105 38.7669219122992 39.003082868788 39.2392438252767 39.4754047817654 39.7115657382541 39.9477266947428 40.1361924913194 40.1815728081597 40.226953125 40.2723334418403 40.3177137586806 40.3630940755208 40.4084743923611 40.4538547092014 40.3991686503093 40.3111271328397 40.22308561537 40.1350440979004 40.0470025804308 39.9589610629612 39.8709195454916 39.8042337205675 39.8016149732802 39.7989962259929 39.7963774787056 39.7937587314182 39.7911399841309 39.7885212368436 39.7859024895562 39.774100748698 39.7592380099827 39.7443752712674 39.7295125325521 39.7146497938368 39.6997870551216 39.6849243164063 39.6695232815213 39.6525073581272 39.6354914347331
38.4272557576498 38.3836685180664 38.3400812784831 38.2964940388998 38.2529067993164 38.2093195597331 38.3823318481445 38.6275439792209 38.8727561102973 39.1179682413737 39.36318037245 39.6083925035265 39.8536046346028 40.0480160183377 40.0900251600477 40.1320343017578 40.1740434434679 40.216052585178 40.258061726888 40.3000708685981 40.3420800103082 40.286962890625 40.1994703504775 40.1119778103299 40.0244852701823 39.9369927300348 39.8495001898872 39.7620076497396 39.6921561347114 39.6752276950412 39.6582992553711 39.641370815701 39.6244423760308 39.6075139363607 39.5905854966906 39.5736570570204 39.5516263326009 39.5278948465983 39.5041633605957 39.4804318745931 39.4567003885905 39.4329689025879 39.4092374165853 39.3898687150744 39.3835883670383 39.3773080190023
38.2821517944336 38.2606918334961 38.2392318725586 38.2177719116211 38.1963119506836 38.1748519897461 38.3497665405273 38.5901392618815 38.8305119832357 39.0708847045898 39.311257425944 39.5516301472982 39.7920028686523 39.9802174886068 40.011957804362 40.0436981201172 40.0754384358724 40.1071787516276 40.1389190673828 40.170659383138 40.2023996988932 40.1546569824219 40.080419921875 40.0061828613282 39.9319458007813 39.8577087402344 39.7834716796875 39.7092346191406 39.6455276489258 39.613410949707 39.5812942504883 39.5491775512696 39.5170608520508 39.4849441528321 39.4528274536133 39.4207107543946 39.3724449157715 39.3187960306804 39.2651471455892 39.2114982604981 39.157849375407 39.1042004903158 39.0505516052247 39.0132625579835 39.0250530242921 39.0368434906006
38.1370478312175 38.1377151489258 38.1383824666341 38.1390497843425 38.1397171020508 38.1403844197591 38.3172012329101 38.552734544542 38.788267856174 39.023801167806 39.2593344794379 39.4948677910699 39.7304011027018 39.9124189588759 39.9338904486762 39.9553619384766 39.9768334282769 39.9983049180773 40.0197764078776 40.041247897678 40.0627193874783 40.0223510742188 39.9613694932726 39.9003879123264 39.8394063313802 39.778424750434 39.7174431694879 39.6564615885417 39.5988991631402 39.5515942043728 39.5042892456055 39.4569842868381 39.4096793280708 39.3623743693034 39.3150694105361 39.2677644517687 39.1932634989421 39.1096972147624 39.0261309305827 38.942564646403 38.8589983622234 38.7754320780437 38.691865793864 38.6366564008925 38.6665176815457 38.6963789621989
37.9919438680013 38.0147384643555 38.0375330607096 38.0603276570638 38.083122253418 38.1059168497721 38.2846359252929 38.5153298272026 38.7460237291124 38.9767176310221 39.2074115329318 39.4381054348416 39.6687993367513 39.844620429145 39.8558230929905 39.8670257568359 39.8782284206814 39.8894310845269 39.9006337483724 39.9118364122179 39.9230390760634 39.8900451660156 39.8423190646702 39.7945929633247 39.7468668619792 39.6991407606337 39.6514146592882 39.6036885579427 39.5522706773546 39.4897774590386 39.4272842407227 39.3647910224067 39.3022978040907 39.2398045857748 39.1773113674588 39.1148181491428 39.0140820821127 38.9005983988445 38.7871147155762 38.673631032308 38.5601473490398 38.4466636657715 38.3331799825033 38.2600502438016 38.3079823387994 38.3559144337972
37.8468399047852 37.8917617797852 37.9366836547852 37.9816055297852 38.0265274047852 38.0714492797852 38.2520706176757 38.4779251098632 38.7037796020508 38.9296340942383 39.1554885864257 39.3813430786133 39.6071975708007 39.7768218994141 39.7777557373047 39.7786895751953 39.779623413086 39.7805572509766 39.7814910888672 39.7824249267578 39.7833587646485 39.7577392578125 39.7232686360677 39.6887980143229 39.6543273925781 39.6198567708334 39.5853861490886 39.5509155273438 39.505642191569 39.4279607137044 39.3502792358399 39.2725977579753 39.1949162801107 39.1172348022461 39.0395533243816 38.961871846517 38.8349006652833 38.6914995829265 38.5480985005697 38.404697418213 38.2612963358562 38.1178952534994 37.9744941711427 37.8834440867107 37.9494469960531 38.0154499053956
37.701735941569 37.7687850952148 37.8358342488607 37.9028834025065 37.9699325561523 38.0369817097982 38.2195053100586 38.4405203925238 38.6615354749891 38.8825505574544 39.1035656399197 39.324580722385 39.5455958048502 39.7090233696832 39.6996883816189 39.6903533935547 39.6810184054905 39.6716834174262 39.662348429362 39.6530134412978 39.6436784532335 39.6254333496094 39.6042182074653 39.5830030653212 39.5617879231771 39.540572781033 39.5193576388889 39.4981424967448 39.4590137057835 39.3661439683702 39.2732742309571 39.1804044935439 39.0875347561307 38.9946650187175 38.9017952813043 38.8089255438911 38.6557192484538 38.4824007670085 38.3090822855632 38.1357638041179 37.9624453226726 37.7891268412273 37.615808359782 37.5068379296197 37.5909116533068 37.6749853769939
37.6617240905762 37.7475378248426 37.8333515591091 37.9191652933756 38.0049790276421 38.0907927619086 38.2688957214355 38.4777617560492 38.6866277906629 38.8954938252766 39.1043598598904 39.3132258945041 39.5220919291178 39.6745118035211 39.6575931972928 39.6406745910645 39.6237559848362 39.6068373786079 39.5899187723796 39.5730001661513 39.556081559923 39.5378410339355 39.5191598680284 39.5004787021213 39.4817975362142 39.4631163703071 39.4444352044 39.4257540384928 39.3854724460178 39.280389573839 39.1753067016602 39.0702238294814 38.9651409573025 38.8600580851237 38.7549752129449 38.6498923407661 38.4866658528646 38.3040581597223 38.1214504665799 37.9388427734375 37.7562350802952 37.5736273871528 37.3910196940105 37.2803457048204 37.3854728274875 37.4905999501546
37.7268043518066 37.8280199686686 37.9292355855306 38.0304512023925 38.1316668192545 38.2328824361165 38.4002418518066 38.5896492004394 38.7790565490722 38.968463897705 39.1578712463378 39.3472785949707 39.5366859436035 39.6732872009277 39.6514701843262 39.6296531677246 39.607836151123 39.5860191345215 39.5642021179199 39.5423851013184 39.5205680847168 39.494962310791 39.4680936177572 39.4412249247233 39.4143562316895 39.3874875386556 39.3606188456218 39.3337501525879 39.2850184122722 39.1706975301107 39.0563766479493 38.9420557657878 38.8277348836263 38.7134140014649 38.5990931193034 38.484772237142 38.3277404785157 38.1564717610678 37.9852030436198 37.8139343261719 37.642665608724 37.4713968912761 37.3001281738282 37.2039674123128 37.3331305185954 37.4622936248779
37.7918846130371 37.9085021124945 38.025119611952 38.1417371114095 38.2583546108669 38.3749721103244 38.5315879821777 38.7015366448296 38.8714853074815 39.0414339701334 39.2113826327853 39.3813312954373 39.5512799580892 39.6720625983344 39.6453471713596 39.6186317443848 39.59191631741 39.5652008904351 39.5384854634603 39.5117700364855 39.4850546095106 39.4520835876465 39.4170273674859 39.3819711473253 39.3469149271647 39.3118587070041 39.2768024868436 39.241746266683 39.1845643785265 39.0610054863824 38.9374465942383 38.8138877020942 38.6903288099501 38.566769917806 38.4432110256619 38.3196521335178 38.1688151041667 38.0088853624133 37.8489556206598 37.6890258789063 37.5290961371528 37.3691663953993 37.2092366536459 37.1275891198052 37.2807882097032 37.4339872996012
37.8569648742675 37.9889842563205 38.1210036383735 38.2530230204264 38.3850424024793 38.5170617845323 38.6629341125488 38.8134240892198 38.9639140658908 39.1144040425618 39.2648940192328 39.4153839959038 39.5658739725748 39.6708379957411 39.639224158393 39.6076103210449 39.5759964836968 39.5443826463488 39.5127688090007 39.4811549716526 39.4495411343045 39.409204864502 39.3659611172146 39.3227173699273 39.27947362264 39.2362298753527 39.1929861280653 39.149742380778 39.0841103447809 38.9513134426541 38.8185165405274 38.6857196384007 38.5529227362739 38.4201258341472 38.2873289320204 38.1545320298937 38.0098897298178 37.8612989637587 37.7127081976997 37.5641174316407 37.4155266655816 37.2669358995226 37.1183451334636 37.0512108272976 37.2284459008111 37.4056809743245
37.922045135498 38.0694664001464 38.2168876647949 38.3643089294433 38.5117301940917 38.6591514587402 38.7942802429199 38.92531153361 39.0563428243001 39.1873741149902 39.3184054056803 39.4494366963704 39.5804679870605 39.6696133931478 39.6331011454264 39.5965888977051 39.5600766499837 39.5235644022624 39.487052154541 39.4505399068197 39.4140276590983 39.3663261413574 39.3148948669434 39.2634635925293 39.2120323181153 39.1606010437012 39.1091697692871 39.0577384948731 38.9836563110352 38.8416213989258 38.6995864868165 38.5575515747071 38.4155166625977 38.2734817504883 38.131446838379 37.9894119262696 37.8509643554688 37.7137125651042 37.5764607747396 37.439208984375 37.3019571940105 37.1647054036459 37.0274536132813 36.97483253479 37.1761035919189 37.3773746490478
37.9871253967285 38.1499485439724 38.3127716912163 38.4755948384602 38.6384179857042 38.8012411329481 38.925626373291 39.0371989780002 39.1487715827094 39.2603441874186 39.3719167921278 39.483489396837 39.5950620015462 39.6683887905545 39.6269781324599 39.5855674743652 39.5441568162706 39.502746158176 39.4613355000814 39.4199248419868 39.3785141838922 39.3234474182129 39.2638286166721 39.2042098151313 39.1445910135905 39.0849722120497 39.0253534105089 38.9657346089681 38.8832022772896 38.7319293551975 38.5806564331055 38.4293835110135 38.2781105889215 38.1268376668295 37.9755647447375 37.8242918226454 37.6920389811198 37.5661261664497 37.4402133517795 37.3143005371094 37.1883877224393 37.0624749077691 36.936562093099 36.8984542422824 37.1237612830268 37.3490683237711
38.077465057373 38.2402712504068 38.4030774434407 38.5658836364746 38.7286898295084 38.8914960225423 38.9942960103353 39.0770939297146 39.159891849094 39.2426897684733 39.3254876878526 39.408285607232 39.4910835266113 39.5453425089519 39.5139846801758 39.4826268513998 39.4512690226237 39.4199111938477 39.3885533650716 39.3571955362956 39.3258377075195 39.2749501546224 39.2175526936849 39.1601552327474 39.1027577718099 39.0453603108724 38.9879628499349 38.9305653889974 38.8493737962511 38.6967998080784 38.5442258199056 38.3916518317329 38.2390778435601 38.0865038553874 37.9339298672147 37.7813558790419 37.655894724528 37.5394711812337 37.4230476379395 37.3066240946452 37.1902005513509 37.0737770080566 36.9573534647624 36.9280388726128 37.1600511338975 37.3920633951822
38.1930641174316 38.3404345194498 38.4878049214681 38.6351753234863 38.7825457255045 38.9299161275228 39.0002891540527 39.0449963887532 39.0897036234538 39.1344108581543 39.1791180928548 39.2238253275554 39.2685325622559 39.3004745483399 39.2941207885743 39.2877670288086 39.281413269043 39.2750595092774 39.2687057495117 39.2623519897461 39.2559982299805 39.2208343505859 39.1760670979818 39.1312998453776 39.0865325927734 39.0417653401693 38.9969980875651 38.9522308349609 38.88217086792 38.7362327575684 38.5902946472168 38.4443565368653 38.2984184265137 38.1524803161621 38.0065422058106 37.860604095459 37.7425315856934 37.6337476094564 37.5249636332194 37.4161796569824 37.3073956807454 37.1986117045085 37.0898277282715 37.0635864257812 37.2849731445312 37.5063598632812
