data/working_set_collections/6091692-Cassins_Sparrow-MC/1985/bio7.asc
NCOLS 265 
NROWS 230 
XLLCORNER -115.5625 
YLLCORNER 24.8333333333333 
CELLSIZE 0.0833333333333333 
NODATA_value -9999 
[rows 180 to 199 of 230, columns 46 to 91 of 265]
28.665887451172 29.1617886013456 29.6576897515192 30.1535909016928 30.6494920518663 31.14539320204 31.3404963175456 31.4353334214953 31.5301705254449 31.6250076293946 31.7198447333442 31.8146818372939 31.9095189412435 32.0054175482856 32.104500664605 32.2035837809245 32.3026668972439 32.4017500135634 32.5008331298828 32.5999162462023 32.6989993625217 32.6994132995606 32.6669375101726 32.6344617207846 32.6019859313965 32.5695101420085 32.5370343526205 32.5045585632325 32.4636519538032 32.3974528842503 32.3312538146973 32.2650547451444 32.1988556755914 32.1326566060385 32.0664575364855 32.0002584669325 31.9013580322266 31.7915571424697 31.6817562527127 31.5719553629558 31.4621544731988 31.3523535834419 31.2425526936849 31.1375678168403 31.0470309787327 30.956494140625
27.5600158691407 28.2021138509115 28.8442118326824 29.4863098144531 30.1284077962239 30.7705057779948 31.0244613647461 31.1490361531576 31.273610941569 31.3981857299805 31.5227605183919 31.6473353068034 31.7719100952148 31.888178507487 31.9795277913412 32.0708770751953 32.1622263590495 32.2535756429037 32.3449249267578 32.436274210612 32.5276234944662 32.5140541076661 32.4655118306478 32.4169695536296 32.3684272766114 32.3198849995932 32.2713427225749 32.2228004455567 32.1764071146648 32.1364606221517 32.0965141296387 32.0565676371257 32.0166211446127 31.9766746520996 31.9367281595866 31.8967816670736 31.8105926513672 31.7089894612631 31.6073862711589 31.5057830810547 31.4041798909506 31.3025767008464 31.2009735107422 31.1020874023438 31.0113525390625 30.9206176757813
26.4541442871094 27.2424391004774 28.0307339138455 28.8190287272135 29.6073235405815 30.3956183539496 30.7084264119466 30.8627388848199 31.0170513576932 31.1713638305664 31.3256763034397 31.4799887763129 31.6343012491862 31.7709394666884 31.8545549180773 31.9381703694661 32.021785820855 32.1054012722439 32.1890167236328 32.2726321750217 32.3562476264106 32.3286949157715 32.2640861511231 32.1994773864746 32.1348686218262 32.0702598571778 32.0056510925293 31.9410423278809 31.8891622755263 31.8754683600532 31.8617744445801 31.848080529107 31.8343866136339 31.8206926981608 31.8069987826877 31.7933048672146 31.7198272705078 31.6264217800565 31.5330162896051 31.4396107991537 31.3462053087023 31.2527998182509 31.1593943277995 31.0666069878472 30.9756740993924 30.8847412109375
25.3482727050782 26.2827643500434 27.2172559950087 28.1517476399739 29.0862392849391 30.0207309299045 30.3923914591472 30.5764416164822 30.7604917738173 30.9445419311524 31.1285920884874 31.3126422458225 31.4966924031576 31.6537004258898 31.7295820448134 31.805463663737 31.8813452826606 31.9572269015842 32.0331085205078 32.1089901394314 32.1848717583551 32.143335723877 32.0626604715984 31.9819852193197 31.9013099670411 31.8206347147624 31.7399594624838 31.6592842102051 31.6019174363879 31.6144760979547 31.6270347595215 31.6395934210884 31.6521520826552 31.664710744222 31.6772694057889 31.6898280673557 31.6290618896485 31.5438540988499 31.4586463080512 31.3734385172526 31.288230726454 31.2030229356554 31.1178151448568 31.0311265733507 30.9399956597222 30.8488647460938
24.2424011230469 25.3230895996093 26.4037780761719 27.4844665527343 28.5651550292967 29.6458435058593 30.0763565063477 30.2901443481445 30.5039321899414 30.7177200317383 30.9315078735351 31.145295715332 31.3590835571289 31.5364613850912 31.6046091715495 31.6727569580078 31.7409047444662 31.8090525309245 31.8772003173828 31.9453481038412 32.0134958902995 31.9579765319825 31.8612347920736 31.7644930521648 31.6677513122559 31.5710095723471 31.4742678324382 31.3775260925294 31.3146725972494 31.3534838358562 31.3922950744629 31.4311063130697 31.4699175516765 31.5087287902832 31.54754002889 31.5863512674968 31.5382965087891 31.4612864176433 31.3842763264974 31.3072662353516 31.2302561442058 31.1532460530599 31.0762359619141 30.9956461588542 30.9043172200521 30.81298828125
23.1365295410156 24.3634148491752 25.590300157335 26.8171854654947 28.0440707736543 29.2709560818142 29.7603215535482 30.0038470798068 30.2473726060656 30.4908981323242 30.7344236585829 30.9779491848416 31.2214747111002 31.4192223442925 31.4796362982856 31.5400502522787 31.6004642062717 31.6608781602648 31.7212921142578 31.7817060682509 31.8421200222439 31.7726173400879 31.6598091125489 31.5470008850098 31.4341926574708 31.3213844299317 31.2085762023926 31.0957679748536 31.0274277581109 31.0924915737576 31.1575553894043 31.222619205051 31.2876830206977 31.3527468363444 31.4178106519911 31.4828744676378 31.4475311279297 31.3787187364367 31.3099063449436 31.2410939534505 31.1722815619575 31.1034691704644 31.0346567789714 30.9601657443577 30.868638780382 30.7771118164063
22.0177665710449 23.2630353291829 24.5083040873211 25.7535728454591 26.998841603597 28.2441103617352 28.7962974548342 29.1174573262535 29.4386171976728 29.759777069092 30.0809369405112 30.4020968119305 30.7232566833497 30.9863427903918 31.0752076043024 31.164072418213 31.2529372321236 31.3418020460342 31.4306668599447 31.5195316738553 31.6083964877659 31.5435096740723 31.427372317844 31.3112349616157 31.1950976053874 31.0789602491591 30.9628228929308 30.8466855367025 30.7801745096843 30.8625424702963 30.9449104309082 31.0272783915202 31.1096463521322 31.1920143127442 31.2743822733561 31.3567502339681 31.3280568440756 31.2623430040148 31.196629163954 31.1309153238933 31.0652014838325 30.9994876437717 30.933773803711 30.8630727979872 30.7774102952746 30.6917477925619
-9999 22.0219510396321 23.1577898661297 24.293628692627 25.4294675191244 26.5653063456219 27.1842842102053 27.6309750874839 28.0776659647626 28.5243568420412 28.9710477193197 29.4177385965984 29.864429473877 30.2378227233888 30.3913230895997 30.5448234558106 30.6983238220215 30.8518241882325 31.0053245544434 31.1588249206543 31.3123252868653 31.2706535339356 31.163924407959 31.0571952819825 30.9504661560059 30.8437370300294 30.7370079040528 30.6302787780762 30.5729128519694 30.663636525472 30.7543601989746 30.8450838724772 30.9358075459798 31.0265312194824 31.117254892985 31.2079785664876 31.1798736572266 31.1121592203776 31.0444447835287 30.9767303466797 30.9090159098308 30.8413014729818 30.7735870361328 30.7043673197429 30.6306317647298 30.5568962097168
-9999 -9999 -9999 22.833684539795 23.8600934346517 24.8865023295086 25.5722709655763 26.1444928487143 26.7167147318523 27.2889366149903 27.8611584981283 28.4333803812664 29.0056022644043 29.4893026563857 29.707438574897 29.9255744934083 30.1437104119195 30.3618463304308 30.5799822489421 30.7981181674533 31.0162540859646 30.9977973937989 30.9004764980741 30.8031556023492 30.7058347066244 30.6085138108996 30.5111929151747 30.4138720194499 30.3656511942546 30.4647305806478 30.563809967041 30.6628893534342 30.7619687398275 30.8610481262207 30.9601275126139 31.0592068990072 31.0316904703776 30.9619754367405 30.8922604031033 30.8225453694662 30.752830335829 30.6831153021919 30.6134002685547 30.5456618414985 30.4838532341851 30.4220446268718
-9999 -9999 -9999 -9999 22.2907193501791 23.2076983133954 23.9602577209475 24.6580106099448 25.3557634989422 26.0535163879396 26.7512692769369 27.4490221659344 28.1467750549317 28.7407825893827 29.0235540601943 29.3063255310059 29.5890970018175 29.8718684726292 30.1546399434408 30.4374114142524 30.720182885064 30.7249412536622 30.6370285881891 30.549115922716 30.4612032572429 30.3732905917698 30.2853779262967 30.1974652608236 30.1583895365397 30.2658246358236 30.3732597351074 30.4806948343913 30.5881299336752 30.695565032959 30.8030001322428 30.9104352315267 30.8835072835287 30.8117916531033 30.740076022678 30.6683603922526 30.5966447618273 30.524929131402 30.4532135009766 30.3869563632542 30.3370747036404 30.2871930440267
-9999 -9999 -9999 -9999 -9999 21.5288942972821 22.3482444763185 23.1715283711752 23.994812266032 24.8180961608887 25.6413800557454 26.4646639506023 27.287947845459 27.9922625223796 28.3396695454916 28.6870765686036 29.0344835917155 29.3818906148275 29.7292976379395 30.0767046610514 30.4241116841634 30.4520851135254 30.3735806783041 30.2950762430827 30.2165718078614 30.13806737264 30.0595629374187 29.9810585021973 29.9511278788249 30.0669186909994 30.1827095031738 30.2985003153483 30.4142911275228 30.5300819396973 30.6458727518717 30.7616635640462 30.7353240966797 30.6616078694662 30.5878916422526 30.5141754150391 30.4404591878256 30.366742960612 30.2930267333985 30.2282508850098 30.1902961730957 30.1523414611817
-9999 -9999 -9999 -9999 -9999 -9999 20.7362312316895 21.6850461324056 22.6338610331218 23.5826759338379 24.531490834554 25.4803057352702 26.4291206359863 27.2437424553765 27.6557850307889 28.0678276062012 28.4798701816135 28.8919127570258 29.3039553324381 29.7159979078504 30.1280404832628 30.1792289733887 30.1101327684191 30.0410365634495 29.9719403584799 29.9028441535102 29.8337479485406 29.764651743571 29.74386622111 29.8680127461751 29.9921592712402 30.1163057963053 30.2404523213705 30.3645988464355 30.4887453715006 30.6128918965658 30.5871409098308 30.511424085829 30.4357072618273 30.3599904378256 30.2842736138238 30.2085567898221 30.1328399658204 30.0695454067654 30.043517642551 30.0174898783366
-9999 -9999 -9999 -9999 -9999 -9999 -9999 20.3915585835775 21.3740852355958 22.356611887614 23.3391385396322 24.3216651916505 25.3041918436687 26.1678915235733 26.6751102871367 27.1823290507 27.6895478142633 28.1967665778267 28.70398534139 29.2112041049534 29.7184228685168 29.8180592854819 29.7818349202475 29.7456105550131 29.7093861897787 29.6731618245443 29.6369374593099 29.6007130940756 29.6031932406955 29.7217869228787 29.8403806050619 29.958974287245 30.0775679694282 30.1961616516113 30.3147553337945 30.4333490159777 30.4115089416504 30.342857615153 30.2742062886556 30.2055549621582 30.1369036356609 30.0682523091634 29.999600982666 29.943596818712 29.9255341423883 29.9074714660645
-9999 -9999 -9999 -9999 -9999 -9999 -9999 -9999 20.2154848734539 21.1399040222168 22.0643231709798 22.988742319743 23.9131614685059 24.7647097269695 25.3976453145347 26.0305809020997 26.6635164896647 27.2964520772299 27.9293876647949 28.56232325236 29.1952588399251 29.3685760498048 29.3886871337891 29.4087982177735 29.4289093017579 29.4490203857422 29.4691314697266 29.489242553711 29.5291089375814 29.62824122111 29.7273735046387 29.8265057881673 29.925638071696 30.0247703552246 30.1239026387533 30.2230349222819 30.2084281921387 30.1559084574382 30.1033887227377 30.0508689880371 29.9983492533366 29.9458295186361 29.8933097839356 29.8504051208496 29.8363456726074 29.8222862243653
-9999 -9999 -9999 -9999 -9999 -9999 -9999 -9999 -9999 -9999 -9999 -9999 -9999 23.3615279303657 24.1201803419326 24.8788327534994 25.6374851650662 26.3961375766331 27.1547899881999 27.9134423997666 28.6720948113335 28.9190928141277 28.9955393473308 29.0719858805339 29.148432413737 29.2248789469401 29.3013254801432 29.3777720133464 29.4550246344672 29.5346955193414 29.6143664042155 29.6940372890896 29.7737081739638 29.8533790588379 29.933049943712 30.0127208285862 30.005347442627 29.9689592997233 29.9325711568197 29.896183013916 29.8597948710124 29.8234067281087 29.7870185852051 29.7572134229872 29.7471572028266 29.737100982666
-9999 -9999 -9999 -9999 -9999 -9999 -9999 -9999 -9999 -9999 -9999 -9999 -9999 21.958346133762 22.8427153693307 23.7270846048992 24.6114538404677 25.4958230760363 26.3801923116048 27.2645615471733 28.148930782742 28.4696095784506 28.6023915608724 28.7351735432943 28.8679555257162 29.000737508138 29.1335194905599 29.2663014729818 29.3809403313531 29.4411498175727 29.5013593037923 29.561568790012 29.6217782762316 29.6819877624512 29.7421972486708 29.8024067348904 29.8022666931153 29.7820101420085 29.7617535909017 29.741497039795 29.7212404886882 29.7009839375814 29.6807273864746 29.6640217251248 29.6579687330458 29.6519157409668
-9999 -9999 -9999 -9999 -9999 -9999 -9999 -9999 -9999 -9999 -9999 -9999 -9999 20.5551643371582 21.5652503967286 22.5753364562989 23.5854225158691 24.5955085754395 25.6055946350097 26.61568069458 27.6257667541504 28.0201263427735 28.2092437744141 28.3983612060547 28.5874786376953 28.7765960693359 28.9657135009766 29.1548309326172 29.3068560282389 29.347604115804 29.3883522033692 29.4291002909343 29.4698483784994 29.5105964660645 29.5513445536296 29.5920926411947 29.5991859436036 29.5950609842937 29.5909360249838 29.5868110656739 29.582686106364 29.5785611470541 29.5744361877442 29.5708300272624 29.568780263265 29.5667304992676
-9999 -9999 -9999 -9999 -9999 -9999 -9999 -9999 -9999 -9999 -9999 -9999 -9999 19.1519825405544 20.2877854241266 21.4235883076985 22.5593911912705 23.6951940748427 24.8309969584146 25.9667998419866 27.1026027255588 27.5706431070964 27.8160959879557 28.0615488688151 28.3070017496745 28.5524546305338 28.7979075113932 29.0433603922526 29.2327717251248 29.2540584140354 29.275345102946 29.2966317918566 29.3179184807672 29.3392051696778 29.3604918585884 29.3817785474989 29.3961051940918 29.4081118265788 29.4201184590658 29.4321250915528 29.4441317240397 29.4561383565267 29.4681449890137 29.4776383294 29.4795917934842 29.4815452575684
-9999 -9999 -9999 -9999 -9999 -9999 -9999 -9999 -9999 -9999 -9999 -9999 -9999 18.0490065680609 19.2172516716852 20.3854967753092 21.5537418789333 22.7219869825576 23.8902320861817 25.0584771898057 26.22672229343 26.7629544576011 27.0885156419544 27.4140768263077 27.7396380106609 28.0651991950142 28.3907603793675 28.7163215637208 28.9671063741049 28.9935620625815 29.020017751058 29.0464734395346 29.0729291280111 29.0993848164877 29.1258405049642 29.1522961934408 29.1805793762207 29.2094717237685 29.2383640713162 29.267256418864 29.2961487664117 29.3250411139594 29.3539334615072 29.37798699273 29.3875240749783 29.3970611572266
-9999 -9999 -9999 -9999 -9999 -9999 -9999 -9999 -9999 -9999 -9999 -9999 -9999 -9999 18.3536491394043 19.4610618591308 20.5684745788573 21.675887298584 22.7833000183105 23.8907127380371 24.9981254577638 25.5970603942872 26.0265027364096 26.455945078532 26.8853874206544 27.3148297627767 27.7442721048992 28.1737144470215 28.5098599751791 28.5661150614421 28.6223701477051 28.6786252339681 28.7348803202312 28.7911354064942 28.8473904927572 28.9036455790202 28.9526084899903 28.9991406758627 29.045672861735 29.0922050476074 29.1387372334798 29.1852694193522 29.2318016052246 29.2718760172526 29.2925771077474 29.3132781982422
