data/working_set_collections/6091692-Cassins_Sparrow-MC/1985/bio8.asc
NCOLS 265 
NROWS 230 
XLLCORNER -115.5625 
YLLCORNER 24.8333333333333 
CELLSIZE 0.0833333333333333 
NODATA_value -9999 
[rows 0 to 19 of 230, columns 92 to 137 of 265]
14.0055342700747 13.7015466504627 13.3975590308508 13.0935714112389 12.7895837916269 12.4558586676916 12.1122210423152 11.7685834169388 11.4249457915624 11.0813081661861 10.7376705408096 10.3940329154333 10.4460341453549 11.6849519411721 12.9238697369891 14.1627875328061 15.4017053286234 16.6406231244404 17.8795409202574 19.1184587160746 19.3548601627351 19.2570894930099 19.1593188232847 19.0615481535595 18.9637774838343 18.8660068141091 18.7682361443839 18.7062762286929 18.7517485751047 18.7972209215165 18.8426932679283 18.8881656143401 18.9336379607519 18.9791103071637 19.0245826535755 18.4877155303957 17.7567352506852 17.0257549709746 16.294774691264 15.5637944115535 14.8328141318429 14.1018338521323 13.5208301491207 13.3897561762068 13.2586822032928 13.1276082303789
13.8919539531073 13.606194249789 13.3204345464707 13.0346748431524 12.7489151398341 12.4608539342881 12.1720255613328 11.8831971883774 11.5943688154221 11.3055404424668 11.0167120695114 10.7278836965561 10.7768514951067 11.8392078081765 12.9015641212462 13.9639204343158 15.0262767473856 16.0886330604552 17.1509893735248 18.2133456865946 18.4147387981416 18.3291441758475 18.2435495535534 18.1579549312592 18.0723603089651 17.986765686671 17.9011710643769 17.8522486130397 17.9133426745733 17.9744367361069 18.0355307976405 18.0966248591741 18.1577189207078 18.2188129822414 18.279907043775 17.8545684814455 17.2670857111615 16.6796029408775 16.0921201705934 15.5046374003094 14.9171546300254 14.3296718597413 13.8599796772003 13.7436592578888 13.6273388385773 13.5110184192657
13.7783736361398 13.5108418491152 13.2433100620906 12.975778275066 12.7082464880414 12.4658492008845 12.2318300803503 11.997810959816 11.7637918392817 11.5297727187475 11.2957535982132 11.0617344776789 11.1076688448586 11.9934636751809 12.8792585055032 13.7650533358254 14.6508481661478 15.5366429964701 16.4224378267923 17.3082326571147 17.4746174335481 17.4011988586851 17.3277802838221 17.2543617089591 17.1809431340961 17.1075245592331 17.03410598437 16.9982209973866 17.074936774042 17.1516525506974 17.2283683273528 17.3050841040082 17.3817998806636 17.4585156573191 17.5352314339745 17.2214214324953 16.7774361716378 16.3334509107803 15.8894656499228 15.4454803890653 15.0014951282078 14.5575098673503 14.1991292052799 14.0975623395708 13.9959954738617 13.8944286081526
13.6647933191724 13.4154894484414 13.1661855777105 12.9168817069796 12.6675778362486 12.470844467481 12.2916345993678 12.1124247312546 11.9332148631414 11.7540049950282 11.574795126915 11.3955852588018 11.4384861946104 12.1477195421854 12.8569528897602 13.5661862373351 14.27541958491 14.9846529324849 15.6938862800597 16.4031196276347 16.5344960689546 16.4732535415227 16.4120110140908 16.3507684866588 16.2895259592269 16.228283431795 16.1670409043631 16.1441933817334 16.2365308735106 16.3288683652879 16.4212058570651 16.5135433488423 16.6058808406195 16.6982183323967 16.7905558241739 16.588274383545 16.2877866321141 15.9872988806832 15.6868111292522 15.3863233778213 15.0858356263903 14.7853478749593 14.5382787333594 14.4514654212528 14.3646521091461 14.2778387970394
13.551213002205 13.3201370477677 13.0890610933304 12.8579851388932 12.6269091844559 12.4758397340775 12.3514391183853 12.2270385026932 12.102637887001 11.9782372713089 11.8538366556167 11.7294360399246 11.7693035443622 12.3019754091898 12.8346472740172 13.3673191388447 13.8999910036723 14.4326628684997 14.9653347333272 15.4980065981547 15.594374704361 15.5453082243602 15.4962417443594 15.4471752643586 15.3981087843578 15.349042304357 15.2999758243562 15.2901657660803 15.3981249729793 15.5060841798783 15.6140433867773 15.7220025936763 15.8299618005753 15.9379210074743 16.0458802143733 15.9551273345948 15.7981370925904 15.641146850586 15.4841566085816 15.3271663665772 15.1701761245728 15.0131858825684 14.877428261439 14.8053685029348 14.7333087444305 14.6612489859263
13.4376326852375 13.2247846470939 13.0119366089503 12.7990885708068 12.5862405326632 12.4808350006739 12.4112436374029 12.3416522741318 12.2720609108607 12.2024695475896 12.1328781843185 12.0632868210474 12.100120894114 12.4562312761942 12.8123416582743 13.1684520403544 13.5245624224345 13.8806728045146 14.2367831865947 14.5928935686748 14.6542533397676 14.6173629071979 14.5804724746282 14.5435820420584 14.5066916094887 14.469801176919 14.4329107443493 14.4361381504272 14.559719072448 14.6832999944688 14.8068809164896 14.9304618385104 15.0540427605312 15.177623682552 15.3012046045728 15.3219802856446 15.3084875530668 15.2949948204889 15.281502087911 15.2680093553331 15.2545166227553 15.2410238901774 15.2165777895185 15.1592715846167 15.1019653797149 15.0446591748131
13.3252086559932 13.1197297652563 12.9142508745194 12.7087719837825 12.5032930930456 12.4318970362346 12.4051952573988 12.3784934785631 12.3517916997274 12.3250899208917 12.2983881420559 12.2716863632202 12.3159028450647 12.5728741089503 12.8298453728357 13.0868166367212 13.3437879006068 13.6007591644922 13.8577304283777 14.1147016922633 14.16147544384 14.1381833579805 14.114891272121 14.0915991862615 14.068307100402 14.0450150145425 14.021722928683 14.0358402596579 14.1621858411365 14.288531422615 14.4148770040936 14.5412225855721 14.6675681670507 14.7939137485292 14.9202593300077 14.9951949278514 15.0529938644833 15.1107928011152 15.1685917377472 15.2263906743791 15.2841896110111 15.341988547643 15.3761327823003 15.3393129110336 15.302493039767 15.2656731685003
13.213940914472 13.0049724022548 12.7960038900376 12.5870353778204 12.3780668656032 12.3290258407593 12.3332939783732 12.3375621159871 12.3418302536011 12.346098391215 12.3503665288289 12.3546346664429 12.4166493972142 12.651903907458 12.8871584177017 13.1224129279454 13.3576674381892 13.5929219484329 13.8281764586766 14.0634309689204 14.1160410165787 14.1077695767085 14.0994981368383 14.0912266969681 14.0829552570979 14.0746838172277 14.0664123773575 14.0892720937729 14.2055252790451 14.3217784643173 14.4380316495895 14.5542848348617 14.670538020134 14.7867912054062 14.9030443906784 14.9747712612152 15.0316560268402 15.0885407924652 15.1454255580902 15.2023103237152 15.2591950893402 15.3160798549652 15.3560932397842 15.3454924821854 15.3348917245865 15.3242909669876
13.1026731729508 12.8902150392533 12.6777569055558 12.4652987718583 12.2528406381607 12.226154645284 12.2613926993476 12.2966307534112 12.3318688074748 12.3671068615383 12.4023449156019 12.4375829696655 12.5173959493636 12.7309337059656 12.9444714625676 13.1580092191696 13.3715469757716 13.5850847323735 13.7986224889755 14.0121602455775 14.0706065893173 14.0773557954364 14.0841050015555 14.0908542076747 14.0976034137938 14.1043526199129 14.111101826032 14.1427039278878 14.2488647169537 14.3550255060196 14.4611862950855 14.5673470841513 14.6735078732172 14.7796686622831 14.885829451349 14.9543475945791 15.0103181891971 15.0662887838152 15.1222593784332 15.1782299730513 15.2342005676693 15.2901711622874 15.3360536972682 15.3516720533371 15.367290409406 15.3829087654749
12.9914054314296 12.7754576762518 12.559509921074 12.3435621658962 12.1276144107183 12.1232834498088 12.189491420322 12.2556993908352 12.3219073613485 12.3881153318617 12.4543233023749 12.5205312728882 12.6181425015131 12.8099635044733 13.0017845074335 13.1936055103937 13.385426513354 13.5772475163142 13.7690685192744 13.9608895222346 14.025172162056 14.0469420141644 14.0687118662728 14.0904817183812 14.1122515704897 14.1340214225981 14.1557912747065 14.1961357620027 14.2922041548623 14.3882725477218 14.4843409405814 14.580409333441 14.6764777263005 14.7725461191601 14.8686145120197 14.9339239279429 14.988980351554 15.0440367751651 15.0990931987762 15.1541496223873 15.2092060459985 15.2642624696096 15.3160141547521 15.3578516244888 15.3996890942256 15.4415265639623
12.8801376899084 12.6607003132503 12.4412629365921 12.221825559934 12.0023881832759 12.0204122543335 12.1175901412964 12.2147680282593 12.3119459152222 12.409123802185 12.5063016891479 12.6034795761108 12.7188890536626 12.888993302981 13.0590975522995 13.2292018016179 13.3993060509364 13.5694103002548 13.7395145495732 13.9096187988917 13.9797377347946 14.0165282328923 14.0533187309901 14.0901092290878 14.1268997271856 14.1636902252833 14.200480723381 14.2495675961176 14.3355435927709 14.4215195894241 14.5074955860774 14.5934715827306 14.6794475793838 14.7654235760371 14.8513995726903 14.9135002613068 14.9676425139109 15.0217847665151 15.0759270191193 15.1300692717234 15.1842115243276 15.2383537769318 15.295974612236 15.3640311956405 15.4320877790451 15.5001443624496
12.7688699483872 12.5459429502488 12.3230159521103 12.1000889539719 11.8771619558335 11.9175410588582 12.0456888622708 12.1738366656833 12.3019844690958 12.4301322725084 12.5582800759209 12.6864278793335 12.819635605812 12.9680231014887 13.1164105971654 13.2647980928421 13.4131855885188 13.5615730841954 13.7099605798721 13.8583480755488 13.9343033075333 13.9861144516203 14.0379255957074 14.0897367397944 14.1415478838814 14.1933590279685 14.2451701720555 14.3029994302326 14.3788830306795 14.4547666311264 14.5306502315733 14.6065338320202 14.6824174324671 14.758301032914 14.8341846333609 14.8930765946706 14.9463046762678 14.999532757865 15.0527608394623 15.1059889210595 15.1592170026567 15.2124450842539 15.2759350697199 15.3702107667923 15.4644864638646 15.558762160937
12.3368097980818 12.1937975446384 12.050785291195 11.9077730377516 11.7647607843081 11.8360120773315 11.9786845525106 12.1213570276896 12.2640295028686 12.4067019780477 12.5493744532267 12.6920469284057 12.8267962031894 12.937775876787 13.0487555503845 13.1597352239821 13.2707148975796 13.3816945711772 13.4926742447747 13.6036539183723 13.6792158444723 13.7429718547398 13.8067278650072 13.8704838752747 13.9342398855422 13.9979958958096 14.0617519060771 14.1331351810032 14.2274002499051 14.321665318807 14.4159303877089 14.5101954566108 14.6044605255127 14.6987255944146 14.7929906633165 14.8541681051254 14.9043163379033 14.9544645706812 15.0046128034592 15.0547610362371 15.104909269015 15.1550575017929 15.2185286495421 15.3219685422049 15.4254084348679 15.5288483275307
11.5839572389921 11.6042640964191 11.624570953846 11.644877811273 11.6651846686999 11.7758253097534 11.9165772120158 12.0573291142781 12.1980810165405 12.3388329188029 12.4795848210653 12.6203367233276 12.7403708457947 12.7982516288757 12.8561324119568 12.9140131950378 12.9718939781189 13.0297747612 13.087655544281 13.1455363273621 13.2144753456116 13.2871004422506 13.3597255388896 13.4323506355286 13.5049757321676 13.5776008288066 13.6502259254456 13.7399748484294 13.8810952504476 14.0222156524658 14.163336054484 14.3044564565023 14.4455768585205 14.5866972605387 14.7278176625569 14.7967747926712 14.8416774988174 14.8865802049637 14.9314829111099 14.9763856172562 15.0212883234024 15.0661910295486 15.1237553517024 15.2193045218785 15.3148536920547 15.4104028622309
10.8311046799025 11.0147306481998 11.1983566164971 11.3819825847944 11.5656085530917 11.7156385421753 11.854469871521 11.9933012008667 12.1321325302124 12.2709638595581 12.4097951889038 12.5486265182495 12.6539454883999 12.6587273809645 12.6635092735291 12.6682911660936 12.6730730586582 12.6778549512228 12.6826368437874 12.6874187363519 12.7497348467509 12.8312290297615 12.912723212772 12.9942173957825 13.075711578793 13.1572057618036 13.2386999448141 13.3468145158556 13.5347902509901 13.7227659861247 13.9107417212592 14.0987174563937 14.2866931915283 14.4746689266628 14.6626446617974 14.739381480217 14.7790386597315 14.8186958392461 14.8583530187607 14.8980101982753 14.9376673777898 14.9773245573044 15.0289820538627 15.1166405015521 15.2042989492416 15.2919573969311
10.0782521208127 10.4251971999804 10.7721422791481 11.1190873583157 11.4660324374834 11.6554517745972 11.7923625310262 11.9292732874552 12.0661840438843 12.2030948003133 12.3400055567423 12.4769163131714 12.5675201310052 12.5192031330533 12.4708861351013 12.4225691371494 12.3742521391975 12.3259351412456 12.2776181432937 12.2293011453417 12.2849943478903 12.3753576172723 12.4657208866544 12.5560841560364 12.6464474254185 12.7368106948005 12.8271739641826 12.9536541832818 13.1884852515326 13.4233163197835 13.6581473880344 13.8929784562852 14.1278095245361 14.362640592787 14.5974716610378 14.6819881677628 14.7163998206457 14.7508114735285 14.7852231264114 14.8196347792943 14.8540464321772 14.8884580850601 14.934208756023 15.0139764812257 15.0937442064285 15.1735119316313
9.32539956172302 9.83566375176111 10.3459279417991 10.8561921318371 11.3664563218752 11.595265007019 11.7302551905314 11.8652453740438 12.0002355575561 12.1352257410685 12.2702159245809 12.4052061080932 12.4810947736105 12.379678885142 12.2782629966736 12.1768471082052 12.0754312197368 11.9740153312684 11.8725994427999 11.7711835543315 11.8202538490296 11.9194862047831 12.0187185605367 12.1179509162903 12.2171832720439 12.3164156277975 12.415647983551 12.560493850708 12.8421802520751 13.1238666534424 13.4055530548095 13.6872394561767 13.9689258575439 14.2506122589111 14.5322986602782 14.6245948553085 14.6537609815598 14.682927107811 14.7120932340622 14.7412593603134 14.7704254865646 14.7995916128159 14.8394354581833 14.9113124608993 14.9831894636154 15.0550664663315
8.57254700263337 9.24613030354183 9.91971360445017 10.5932969053585 11.266880206267 11.5350782394409 11.6681478500366 11.8012174606323 11.934287071228 12.0673566818237 12.2004262924194 12.3334959030151 12.3946694162157 12.2401546372308 12.0856398582459 11.931125079261 11.7766103002761 11.6220955212912 11.4675807423063 11.3130659633213 11.3555133501689 11.463614792294 11.5717162344191 11.6798176765442 11.7879191186693 11.8960205607945 12.0041220029196 12.1673335181342 12.4958752526177 12.8244169871012 13.1529587215847 13.4815004560682 13.8100421905517 14.1385839250352 14.4671256595187 14.5672015428543 14.5911221424739 14.6150427420934 14.638963341713 14.6628839413325 14.6868045409521 14.7107251405716 14.7446621603436 14.808648440573 14.8726347208023 14.9366210010317
7.94323141649353 8.75769510840371 9.57215880031376 10.3866224922238 11.201086184134 11.4962808847427 11.6183859215842 11.7404909584257 11.8625959952672 11.9847010321087 12.1068060689502 12.2289111057917 12.2765459166633 12.100770049625 11.9249941825867 11.7492183155484 11.5734424485101 11.3976665814718 11.2218907144335 11.0461148473952 11.0878542661667 11.2020987802081 11.3163432942496 11.4305878082911 11.5448323223326 11.6590768363741 11.7733213504155 11.9471724218792 12.2998431656095 12.6525139093398 13.0051846530702 13.3578553968005 13.7105261405308 14.0631968842612 14.4158676279915 14.530357114474 14.5654528485404 14.6005485826068 14.6356443166733 14.6707400507397 14.7058357848061 14.7409315188726 14.7945486254162 14.9037298493914 15.0129110733667 15.122092297342
7.43745280330363 8.37035816634688 9.30326352938996 10.236168892433 11.1690742554763 11.4788729429245 11.5809694051742 11.683065867424 11.7851623296738 11.8872587919235 11.9893552541733 12.091451716423 12.1267242749533 11.9615251223247 11.7963259696961 11.6311268170675 11.4659276644389 11.3007285118103 11.1355293591818 10.9703302065532 11.017276597023 11.1349381685257 11.2525997400284 11.3702613115311 11.4879228830337 11.6055844545364 11.7232460260391 11.900010561943 12.2540839910506 12.6081574201583 12.962230849266 13.3163042783736 13.6703777074813 14.024451136589 14.3785245656966 14.5140615701675 14.5767530997594 14.6394446293513 14.7021361589432 14.764827688535 14.8275192181269 14.8902107477188 14.9890948534011 15.196556687355 15.4040185213088 15.6114803552627
