data/working_set_collections/6091692-Cassins_Sparrow-MC/1985/bio8.asc
NCOLS 265 
NROWS 230 
XLLCORNER -115.5625 
YLLCORNER 24.8333333333333 
CELLSIZE 0.0833333333333333 
NODATA_value -9999 
[rows 20 to 39 of 230, columns 184 to 229 of 265]
21.6130356470744 21.6096887588501 21.6063418706258 21.6279189586639 21.6578040387895 21.6876891189151 21.7175741990407 21.7474592791663 21.7773443592919 21.8072294394175 21.8453152497609 21.9080032507578 21.9706912517548 22.0333792527517 22.0960672537486 22.1587552547455 22.2214432557424 22.2841312567393 22.3194619973501 22.3456736511654 22.3718853049808 22.3980969587962 22.4243086126116 22.4505202664269 22.4767319202423 22.4964898109436 22.4968864123027 22.4972830136617 22.4976796150208 22.4980762163798 22.4984728177389 22.4988694190979 22.499266020457 22.5056266148885 22.5139752070109 22.5223237991333 22.5306723912557 22.5390209833781 22.5473695755005 22.5557181676229 22.5575584888458 22.5398739973704 22.522189505895 22.5045050144196 22.4868205229441 22.4691360314687
21.6010733922323 21.5987780888875 21.5964827855428 21.6123465061188 21.6342632346683 21.6561799632178 21.6780966917674 21.7000134203169 21.7219301488664 21.743846877416 21.777171309789 21.8447188536326 21.9122663974762 21.9798139413198 22.0473614851634 22.114909029007 22.1824565728505 22.2500041166941 22.281201950709 22.300283214781 22.319364478853 22.338445742925 22.357527006997 22.376608271069 22.395689535141 22.412442557017 22.4222108523051 22.4319791475932 22.4417474428813 22.4515157381694 22.4612840334574 22.4710523287455 22.4808206240336 22.4897698084513 22.4984459559123 22.5071221033732 22.5157982508342 22.5244743982951 22.533150545756 22.541826693217 22.5456614335378 22.5349719524384 22.5242824713389 22.5135929902395 22.50290350914 22.4922140280406
21.5891111373901 21.587867418925 21.5866237004598 21.5967740535736 21.6107224305471 21.6246708075206 21.638619184494 21.6525675614675 21.666515938441 21.6804643154144 21.7090273698171 21.7814344565074 21.8538415431976 21.9262486298879 21.9986557165782 22.0710628032684 22.1434698899587 22.215876976649 22.242941904068 22.2548927783966 22.2668436527252 22.2787945270538 22.2907454013825 22.3026962757111 22.3146471500397 22.3283953030904 22.3475352923075 22.3666752815247 22.3858152707418 22.4049552599589 22.424095249176 22.4432352383931 22.4623752276103 22.4739130020142 22.4829167048136 22.4919204076131 22.5009241104126 22.5099278132121 22.5189315160116 22.527935218811 22.5337643782298 22.5300699075063 22.5263754367828 22.5226809660594 22.5189864953359 22.5152920246124
21.577148882548 21.5769567489624 21.5767646153768 21.5812016010284 21.5871816264259 21.5931616518233 21.5991416772207 21.6051217026181 21.6111017280155 21.6170817534129 21.6408834298452 21.7181500593821 21.7954166889191 21.872683318456 21.9499499479929 22.0272165775299 22.1044832070668 22.1817498366038 22.204681857427 22.2095023420122 22.2143228265974 22.2191433111827 22.2239637957679 22.2287842803531 22.2336047649384 22.2443480491638 22.27285973231 22.3013714154561 22.3298830986023 22.3583947817485 22.3869064648946 22.4154181480408 22.4439298311869 22.458056195577 22.467387453715 22.476718711853 22.486049969991 22.4953812281291 22.5047124862671 22.5140437444051 22.5218673229218 22.5251678625743 22.5284684022268 22.5317689418793 22.5350694815318 22.5383700211843
21.5701444625855 21.5690206951565 21.5678969277276 21.5698512236277 21.5728315406375 21.5758118576474 21.5787921746572 21.581772491667 21.5847528086768 21.5877331256866 21.6097598658667 21.6889258755578 21.7680918852488 21.8472578949398 21.9264239046309 22.0055899143219 22.0847559240129 22.1639219337039 22.1864401022593 22.1900756571028 22.1937112119463 22.1973467667897 22.2009823216332 22.2046178764767 22.2082534313202 22.219489871131 22.253528965844 22.287568060557 22.32160715527 22.355646249983 22.389685344696 22.423724439409 22.457763534122 22.4729715665181 22.4819025781419 22.4908335897658 22.4997646013896 22.5086956130134 22.5176266246372 22.526557636261 22.5349771923489 22.5418623818291 22.5487475713094 22.5556327607897 22.5625179502699 22.5694031397502
21.5680978775024 21.5640592575073 21.5600206375122 21.5627229213715 21.5676721731822 21.5726214249929 21.5775706768036 21.5825199286143 21.587469180425 21.5924184322357 21.6156566778819 21.6937619050344 21.7718671321869 21.8499723593394 21.9280775864919 22.0061828136444 22.0842880407969 22.1623932679494 22.1882166385651 22.1966127236684 22.2050088087718 22.2134048938751 22.2218009789785 22.2301970640818 22.2385931491852 22.2538207689921 22.2895429929097 22.3252652168274 22.360987440745 22.3967096646627 22.4324318885803 22.468154112498 22.5038763364156 22.5186591148376 22.5264620780945 22.5342650413513 22.5420680046081 22.549870967865 22.5576739311218 22.5654768943787 22.5730939865112 22.580153465271 22.5872129440308 22.5942724227905 22.6013319015503 22.6083913803101
21.5660512924194 21.5590978198581 21.5521443472968 21.5555946191152 21.5625128057268 21.5694309923384 21.57634917895 21.5832673655616 21.5901855521732 21.5971037387848 21.621553489897 21.698597934511 21.7756423791249 21.8526868237389 21.9297312683529 22.0067757129669 22.0838201575809 22.1608646021949 22.1899931748708 22.203149790234 22.2163064055973 22.2294630209605 22.2426196363237 22.2557762516869 22.2689328670502 22.2881516668532 22.3255570199754 22.3629623730977 22.40036772622 22.4377730793423 22.4751784324646 22.5125837855869 22.5499891387092 22.5643466631571 22.571021578047 22.5776964929369 22.5843714078267 22.5910463227166 22.5977212376065 22.6043961524963 22.6112107806736 22.6184445487128 22.6256783167521 22.6329120847914 22.6401458528307 22.6473796208699
21.5640047073364 21.5541363822089 21.5442680570814 21.5484663168589 21.5573534382714 21.5662405596839 21.5751276810964 21.5840148025089 21.5929019239214 21.6017890453339 21.6274503019121 21.7034339639875 21.779417626063 21.8554012881385 21.9313849502139 22.0073686122894 22.0833522743649 22.1593359364403 22.1917697111766 22.2096868567996 22.2276040024228 22.2455211480459 22.263438293669 22.2813554392921 22.2992725849152 22.3224825647142 22.3615710470411 22.4006595293681 22.439748011695 22.4788364940219 22.5179249763489 22.5570134586758 22.5961019410027 22.6100342114766 22.6155810779995 22.6211279445224 22.6266748110453 22.6322216775682 22.6377685440911 22.643315410614 22.6493275748359 22.6567356321547 22.6641436894735 22.6715517467923 22.678959804111 22.6863678614299
21.5619581222534 21.5491749445597 21.5363917668661 21.5413380146027 21.552194070816 21.5630501270294 21.5739061832428 21.5847622394562 21.5956182956696 21.6064743518829 21.6333471139272 21.7082699934641 21.7831928730011 21.858115752538 21.933038632075 22.0079615116119 22.0828843911489 22.1578072706858 22.1935462474823 22.2162239233653 22.2389015992482 22.2615792751312 22.2842569510142 22.3069346268972 22.3296123027801 22.3568134625753 22.3975850741068 22.4383566856384 22.47912829717 22.5198999087016 22.5606715202331 22.6014431317647 22.6422147432963 22.6557217597961 22.6601405779521 22.664559396108 22.6689782142639 22.6733970324198 22.6778158505758 22.6822346687317 22.6874443689982 22.6950267155965 22.7026090621948 22.7101914087931 22.7177737553914 22.7253561019897
21.5599115371704 21.5442135069105 21.5285154766507 21.5342097123464 21.5470347033607 21.5598596943749 21.5726846853892 21.5855096764035 21.5983346674177 21.611159658432 21.6392439259423 21.7131060229407 21.7869681199392 21.8608302169376 21.934692313936 22.0085544109344 22.0824165079329 22.1562786049313 22.195322783788 22.2227609899309 22.2501991960737 22.2776374022166 22.3050756083594 22.3325138145023 22.3599520206451 22.3911443604363 22.4335991011725 22.4760538419088 22.518508582645 22.5609633233812 22.6034180641174 22.6458728048536 22.6883275455898 22.7014093081156 22.7047000779046 22.7079908476935 22.7112816174825 22.7145723872715 22.7178631570604 22.7211539268494 22.7255611631605 22.7333177990384 22.7410744349162 22.748831070794 22.7565877066718 22.7643443425496
21.5932362874349 21.5764643351237 21.5596923828125 21.5650871912638 21.5778709199693 21.5906546486748 21.6034383773804 21.6162221060859 21.6290058347914 21.6417895634969 21.669787979126 21.7434304555257 21.8170729319254 21.8907154083252 21.9643578847249 22.0380003611247 22.1116428375244 22.1852853139241 22.2255955378214 22.2547950108846 22.2839944839477 22.3131939570109 22.342393430074 22.3715929031372 22.4007923762003 22.4327905442979 22.4731847974989 22.5135790506999 22.5539733039008 22.5943675571018 22.6347618103027 22.6751560635037 22.7155503167046 22.7294221719106 22.7344532277849 22.7394842836592 22.7445153395335 22.7495463954078 22.7545774512821 22.7596085071564 22.7655071152581 22.7740083800422 22.7825096448262 22.7910109096103 22.7995121743944 22.8080134391785
21.6619323730469 21.6459274291992 21.6299224853516 21.633970451355 21.6447027206421 21.6554349899292 21.6661672592163 21.6768995285034 21.6876317977905 21.6983640670776 21.7249792734782 21.799243291219 21.8735073089599 21.9477713267008 22.0220353444417 22.0962993621826 22.1705633799235 22.2448273976644 22.2843645095825 22.3123259862264 22.3402874628703 22.3682489395141 22.396210416158 22.4241718928019 22.4521333694458 22.4817520141601 22.5163421630859 22.5509323120117 22.5855224609375 22.6201126098633 22.6547027587891 22.6892929077148 22.7238830566406 22.739760351181 22.749400027593 22.7590397040049 22.7686793804169 22.7783190568288 22.7879587332408 22.7975984096527 22.8072822252909 22.817098458608 22.826914691925 22.8367309252421 22.8465471585592 22.8563633918762
21.7306284586588 21.7153905232747 21.7001525878906 21.7028537114461 21.7115345213148 21.7202153311835 21.7288961410522 21.7375769509209 21.7462577607896 21.7549385706584 21.7801705678304 21.8550561269124 21.9299416859944 22.0048272450765 22.0797128041585 22.1545983632405 22.2294839223226 22.3043694814046 22.3431334813436 22.3698569615682 22.3965804417928 22.4233039220174 22.450027402242 22.4767508824666 22.5034743626912 22.5307134840223 22.5594995286729 22.5882855733236 22.6170716179742 22.6458576626248 22.6746437072754 22.703429751926 22.7322157965766 22.7500985304515 22.764346827401 22.7785951243506 22.7928434213002 22.8070917182498 22.8213400151994 22.835588312149 22.8490573353237 22.8601885371738 22.8713197390238 22.8824509408739 22.8935821427239 22.904713344574
21.7993245442708 21.7848536173503 21.7703826904297 21.7717369715373 21.7783663219876 21.7849956724379 21.7916250228882 21.7982543733385 21.8048837237888 21.8115130742391 21.8353618621826 21.9108689626058 21.986376063029 22.0618831634521 22.1373902638753 22.2128973642985 22.2884044647217 22.3639115651448 22.4019024531046 22.42738793691 22.4528734207153 22.4783589045207 22.503844388326 22.5293298721313 22.5548153559367 22.5796749538845 22.60265689426 22.6256388346354 22.6486207750108 22.6716027153863 22.6945846557617 22.7175665961371 22.7405485365126 22.7604367097219 22.7792936272091 22.7981505446964 22.8170074621836 22.8358643796709 22.8547212971581 22.8735782146454 22.8908324453566 22.9032786157396 22.9157247861226 22.9281709565057 22.9406171268887 22.9530632972717
21.8680206298828 21.8543167114258 21.8406127929687 21.8406202316284 21.8451981226603 21.8497760136922 21.8543539047241 21.858931795756 21.8635096867879 21.8680875778198 21.8905531565348 21.9666817982991 22.0428104400635 22.1189390818278 22.1950677235921 22.2711963653564 22.3473250071207 22.4234536488851 22.4606714248657 22.4849189122518 22.5091663996378 22.5334138870239 22.55766137441 22.581908861796 22.6061563491821 22.6286364237467 22.645814259847 22.6629920959473 22.6801699320475 22.6973477681478 22.714525604248 22.7317034403483 22.7488812764486 22.7707748889923 22.7942404270172 22.8177059650421 22.841171503067 22.8646370410919 22.8881025791168 22.9115681171417 22.9326075553894 22.9463686943054 22.9601298332214 22.9738909721374 22.9876521110534 23.0014132499695
21.9367167154948 21.9237798055013 21.9108428955078 21.9095034917196 21.912029923333 21.9145563549466 21.91708278656 21.9196092181735 21.922135649787 21.9246620814005 21.945744450887 22.0224946339925 22.099244817098 22.1759950002034 22.2527451833089 22.3294953664144 22.4062455495198 22.4829957326253 22.5194403966268 22.5424498875936 22.5654593785604 22.5884688695272 22.611478360494 22.6344878514608 22.6574973424276 22.6775978936089 22.688971625434 22.7003453572591 22.7117190890842 22.7230928209093 22.7344665527344 22.7458402845595 22.7572140163845 22.7811130682627 22.8091872268253 22.8372613853878 22.8653355439504 22.8934097025129 22.9214838610755 22.949558019638 22.9743826654222 22.9894587728712 23.0045348803202 23.0196109877692 23.0346870952182 23.0497632026672
22.017774327596 22.0065258873833 21.9952774471707 21.9924785772959 21.9924962308672 21.9925138844384 21.9925315380096 21.9925491915809 21.9925668451521 21.9925844987233 22.0102660073174 22.0809390809801 22.1516121546427 22.2222852283054 22.292958301968 22.3636313756307 22.4343044492933 22.504977522956 22.5389676570892 22.5607301447127 22.5824926323361 22.6042551199595 22.6260176075829 22.6477800952064 22.6695425828298 22.6893382125431 22.7032332685259 22.7171283245087 22.7310233804915 22.7449184364743 22.7588134924571 22.7727085484399 22.7866036044227 22.8121048609416 22.8414748509725 22.8708448410034 22.9002148310343 22.9295848210653 22.9589548110962 22.9883248011271 23.0140707651774 23.0289446512858 23.0438185373942 23.0586924235026 23.073566309611 23.0884401957194
22.1111934661865 22.1025549570719 22.0939164479573 22.0895454883575 22.0865970452626 22.0836486021677 22.0807001590729 22.077751715978 22.0748032728831 22.0718548297882 22.084117825826 22.1420151392619 22.1999124526977 22.2578097661336 22.3157070795695 22.3736043930054 22.4315017064412 22.4893990198771 22.519253206253 22.539759683609 22.560266160965 22.5807726383209 22.6012791156769 22.6217855930328 22.6422920703888 22.6638573805491 22.6885991891225 22.7133409976959 22.7380828062693 22.7628246148427 22.7875664234161 22.8123082319895 22.8370500405629 22.8637502670288 22.8911032994588 22.9184563318888 22.9458093643188 22.9731623967488 23.0005154291789 23.0278684616089 23.0516718546549 23.0648263295491 23.0779808044434 23.0911352793376 23.1042897542318 23.117444229126
22.204612604777 22.1985840267605 22.192555448744 22.1866123994191 22.1806978596581 22.1747833198971 22.1688687801361 22.1629542403751 22.1570397006141 22.1511251608531 22.1579696443346 22.2030911975437 22.2482127507528 22.2933343039618 22.3384558571709 22.38357741038 22.4286989635891 22.4738205167982 22.4995387554169 22.5187892225054 22.5380396895938 22.5572901566823 22.5765406237708 22.5957910908593 22.6150415579478 22.6383765485552 22.6739651097192 22.7095536708832 22.7451422320472 22.7807307932112 22.8163193543752 22.8519079155392 22.8874964767032 22.915395673116 22.9407317479451 22.9660678227742 22.9914038976033 23.0167399724324 23.0420760472615 23.0674121220906 23.0892729441325 23.1007080078125 23.1121430714925 23.1235781351725 23.1350131988525 23.1464482625325
22.2980317433675 22.2946130964491 22.2911944495307 22.2836793104807 22.2747986740536 22.2659180376265 22.2570374011993 22.2481567647722 22.2392761283451 22.2303954919179 22.2318214628431 22.2641672558255 22.2965130488078 22.3288588417901 22.3612046347724 22.3935504277547 22.425896220737 22.4582420137193 22.4798243045807 22.4978187614017 22.5158132182227 22.5338076750437 22.5518021318648 22.5697965886858 22.5877910455068 22.6128957165612 22.6593310303158 22.7057663440704 22.752201657825 22.7986369715796 22.8450722853343 22.8915075990889 22.9379429128435 22.9670410792033 22.9903601964315 23.0136793136597 23.0369984308878 23.060317548116 23.0836366653442 23.1069557825724 23.12687403361 23.1365896860758 23.1463053385417 23.1560209910075 23.1657366434733 23.1754522959391
