data/working_set_collections/6091692-Cassins_Sparrow-MC/1985/bio8.asc
NCOLS 265 
NROWS 230 
XLLCORNER -115.5625 
YLLCORNER 24.8333333333333 
CELLSIZE 0.0833333333333333 
NODATA_value -9999 
[rows 180 to 199 of 230, columns 184 to 229 of 265]
26.847149181366 26.5494602521261 26.2517713228862 26.157067600886 26.1300256146325 26.102983628379 26.0759416421254 26.0488996558719 26.0218576696184 25.9948156833648 25.9717434989081 25.9605807198418 25.9494179407755 25.9382551617092 25.9270923826429 25.9159296035766 25.9047668245103 25.893604045444 25.8850771109263 25.877428791258 25.8697804715898 25.8621321519216 25.8544838322533 25.8468355125851 25.8391871929169 25.8264257484012 25.7983249293433 25.7702241102854 25.7421232912275 25.7140224721697 25.6859216531118 25.6578208340539 25.629720014996 25.5831598440806 25.5304465558794 25.4777332676782 25.4250199794769 25.3723066912757 25.3195934030745 25.2668801148733 25.2892700725131 25.5369697676764 25.7846694628397 26.032369158003 26.2800688531663 26.5277685483296
26.8270382881165 26.5872852007548 26.3475321133932 26.2699115276337 26.2463351090749 26.2227586905161 26.1991822719574 26.1756058533986 26.1520294348399 26.1284530162811 26.1077760696411 26.0957975387573 26.0838190078735 26.0718404769897 26.0598619461059 26.0478834152221 26.0359048843384 26.0239263534546 26.0115416049957 25.9990214506785 25.9865012963613 25.9739811420441 25.9614609877268 25.9489408334096 25.9364206790924 25.9189686616262 25.8867210547129 25.8544734477997 25.8222258408864 25.7899782339732 25.7577306270599 25.7254830201467 25.6932354132334 25.640069437027 25.5799306710561 25.5197919050853 25.4596531391144 25.3995143731435 25.3393756071727 25.2792368412018 25.2948091189066 25.5375145276387 25.7802199363708 26.0229253451029 26.265630753835 26.5083361625671
26.806927394867 26.6251101493836 26.4432929039002 26.3827554543813 26.3626446035173 26.3425337526533 26.3224229017893 26.3023120509254 26.2822012000614 26.2620903491974 26.2438086403741 26.2310143576728 26.2182200749715 26.2054257922702 26.1926315095689 26.1798372268677 26.1670429441664 26.1542486614651 26.1380060990651 26.1206141100989 26.1032221211327 26.0858301321665 26.0684381432003 26.0510461542341 26.0336541652679 26.0115115748511 25.9751171800825 25.9387227853139 25.9023283905453 25.8659339957767 25.8295396010081 25.7931452062395 25.7567508114709 25.6969790299734 25.6294147862329 25.5618505424924 25.4942862987518 25.4267220550113 25.3591578112708 25.2915935675303 25.3003481653001 25.538059287601 25.7757704099019 26.0134815322028 26.2511926545036 26.4889037768046
26.7868165016175 26.6629350980123 26.5390536944072 26.4955993811289 26.4789540979597 26.4623088147905 26.4456635316213 26.4290182484521 26.4123729652828 26.3957276821136 26.379841211107 26.3662311765883 26.3526211420695 26.3390111075507 26.3254010730319 26.3117910385132 26.2981810039944 26.2845709694756 26.2644705931345 26.2422067695194 26.2199429459042 26.197679122289 26.1754152986738 26.1531514750586 26.1308876514435 26.1040544880761 26.0635133054521 26.0229721228282 25.9824309402042 25.9418897575802 25.9013485749562 25.8608073923323 25.8202662097083 25.7538886229197 25.6788989014096 25.6039091798994 25.5289194583893 25.4539297368791 25.378940015369 25.3039502938589 25.3058872116936 25.5386040475633 25.771320883433 26.0040377193027 26.2367545551723 26.469471391042
26.7667056083679 26.700760046641 26.6348144849141 26.6084433078766 26.5952635924021 26.5820838769277 26.5689041614532 26.5557244459788 26.5425447305043 26.5293650150299 26.51587378184 26.5014479955037 26.4870222091675 26.4725964228312 26.4581706364949 26.4437448501587 26.4293190638224 26.4148932774861 26.390935087204 26.3637994289398 26.3366637706756 26.3095281124115 26.2823924541473 26.2552567958832 26.228121137619 26.1965974013011 26.1519094308217 26.1072214603424 26.0625334898631 26.0178455193837 25.9731575489044 25.9284695784251 25.8837816079458 25.8107982158661 25.7283830165863 25.6459678173065 25.5635526180267 25.481137418747 25.3987222194672 25.3163070201874 25.3114262580871 25.5391488075256 25.7668713569641 25.9945939064025 26.222316455841 26.4500390052795
26.7465947151184 26.7385849952698 26.7305752754211 26.7212872346242 26.7115730868445 26.7018589390649 26.6921447912852 26.6824306435055 26.6727164957258 26.6630023479461 26.651906352573 26.6366648144192 26.6214232762654 26.6061817381117 26.5909401999579 26.5756986618042 26.5604571236504 26.5452155854967 26.5173995812734 26.4853920883602 26.4533845954471 26.421377102534 26.3893696096208 26.3573621167077 26.3253546237945 26.289140314526 26.2403055561913 26.1914707978566 26.142636039522 26.0938012811873 26.0449665228526 25.9961317645179 25.9472970061832 25.8677078088125 25.777867131763 25.6880264547136 25.5981857776642 25.5083451006148 25.4185044235654 25.3286637465159 25.3169653044806 25.5396935674879 25.7624218304952 25.9851500935024 26.2078783565097 -9999
26.7610074361165 26.7858142852783 26.8106211344401 26.8112299601237 26.8037727779812 26.7963155958387 26.7888584136963 26.7814012315538 26.7739440494113 26.7664868672689 26.7560540888044 26.7366945213742 26.7173349539439 26.6979753865136 26.6786158190833 26.659256251653 26.6398966842227 26.6205371167925 26.5906708399455 26.5573023266263 26.523933813307 26.4905652999878 26.4571967866686 26.4238282733493 26.3904597600301 26.3521204683516 26.2988688415951 26.2456172148387 26.1923655880822 26.1391139613258 26.0858623345693 26.0326107078129 25.9793590810564 25.9099155584971 25.8350747373369 25.7602339161767 25.6853930950165 25.6105522738562 25.535711452696 25.4608706315358 25.4490047454833 25.6260636647541 25.803122584025 25.9801815032959 26.1572404225667 26.3342993418376
26.8099437713623 26.8424479166667 26.874952061971 26.878271484375 26.8718626658122 26.8654538472493 26.8590450286865 26.8526362101237 26.8462273915609 26.839818572998 26.8283169905345 26.8015371163686 26.7747572422028 26.7479773680369 26.7211974938711 26.6944176197052 26.6676377455393 26.6408578713735 26.6107488632202 26.5795301437378 26.5483114242554 26.517092704773 26.4858739852905 26.4546552658081 26.4234365463257 26.3855378627777 26.3275992870331 26.2696607112885 26.2117221355438 26.1537835597992 26.0958449840546 26.0379064083099 25.9799678325653 25.93742146492 25.9000058333079 25.8625902016958 25.8251745700836 25.7877589384715 25.7503433068593 25.7129276752472 25.7075445810953 25.7982590993245 25.8889736175537 25.9796881357829 26.070402654012 -9999
26.8588801066081 26.899081548055 26.9392829895019 26.9453130086263 26.9399525536431 26.9345920986599 26.9292316436768 26.9238711886936 26.9185107337104 26.9131502787272 26.9005798922645 26.8663797113631 26.8321795304616 26.7979793495602 26.7637791686588 26.7295789877574 26.695378806856 26.6611786259545 26.630826886495 26.6017579608493 26.5726890352037 26.5436201095581 26.5145511839125 26.4854822582669 26.4564133326213 26.4189552572039 26.3563297324711 26.2937042077382 26.2310786830054 26.1684531582727 26.1058276335398 26.043202108807 25.9805765840742 25.964927371343 25.9649369292789 25.9649464872148 25.9649560451507 25.9649656030867 25.9649751610226 25.9649847189585 25.9660844167073 25.9704545338948 25.9748246510823 25.9791947682699 25.9835648854574 -9999
26.9078164418538 26.9557151794433 27.0036139170329 27.0123545328776 27.0080424414741 27.0037303500705 26.999418258667 26.9951061672634 26.9907940758599 26.9864819844564 26.9728427939945 26.9312223063575 26.8896018187205 26.8479813310835 26.8063608434465 26.7647403558095 26.7231198681725 26.6814993805356 26.6509049097697 26.6239857779609 26.5970666461521 26.5701475143433 26.5432283825345 26.5163092507256 26.4893901189168 26.45237265163 26.385060177909 26.317747704188 26.2504352304671 26.1831227567461 26.1158102830251 26.0484978093041 25.9811853355832 25.9924332777659 26.0298680252499 26.0673027727339 26.1047375202179 26.1421722677018 26.1796070151858 26.2170417626698 26.2246242523193 26.1426499684652 26.060675684611 -9999 -9999 -9999
26.9567527770996 27.0123488108317 27.0679448445638 27.0793960571289 27.076132329305 27.0728686014811 27.0696048736572 27.0663411458333 27.0630774180094 27.0598136901855 27.0451056957245 26.9960649013519 26.9470241069794 26.8979833126068 26.8489425182343 26.7999017238617 26.7508609294891 26.7018201351166 26.6709829330444 26.6462135950724 26.6214442571004 26.5966749191284 26.5719055811564 26.5471362431844 26.5223669052124 26.4857900460561 26.413790623347 26.3417912006378 26.2697917779287 26.1977923552195 26.1257929325104 26.0537935098012 25.9817940870921 26.0199391841888 26.0947991212209 26.1696590582529 26.244518995285 26.319378932317 26.3942388693491 26.4690988063812 26.4831640879313 26.3148454030355 -9999 -9999 -9999 -9999
27.0056891123454 27.06898244222 27.1322757720947 27.1464375813802 27.1442222171359 27.1420068528917 27.1397914886475 27.1375761244032 27.135360760159 27.1331453959147 27.1173685974545 27.0609074963464 27.0044463952382 26.9479852941301 26.891524193022 26.8350630919139 26.7786019908057 26.7221408896976 26.6910609563192 26.668441412184 26.6458218680488 26.6232023239136 26.6005827797784 26.5779632356432 26.555343691508 26.5192074404823 26.4425210687849 26.3658346970876 26.2891483253903 26.212461953693 26.1357755819957 26.0590892102983 25.982402838601 26.0474450906118 26.1597302171919 26.272015343772 26.3843004703521 26.4965855969323 -9999 -9999 -9999 -9999 -9999 -9999 -9999 -9999
27.0833927154541 27.1451327006022 27.2068726857503 27.2187457561493 27.2139965216319 27.2092472871145 27.204498052597 27.1997488180796 27.1949995835622 27.1902503490448 27.1714490148756 27.1104913817512 27.0495337486267 26.9885761155023 26.9276184823778 26.8666608492533 26.8057032161289 26.7447455830044 26.7151676336924 26.6960495789846 26.6769315242767 26.6578134695689 26.638695414861 26.6195773601532 26.6004593054453 26.5706982135773 26.5090080102285 26.4473178068797 26.3856276035309 26.3239374001821 26.2622471968333 26.2005569934845 26.1388667901357 26.2061963399251 26.3165324740939 26.4268686082627 26.5372047424316 26.6475408766004 -9999 -9999 -9999 -9999 -9999 -9999 -9999 -9999
27.1898635864258 27.2407995859782 27.2917355855306 27.2963205814361 27.2854552427928 27.2745899041494 27.263724565506 27.2528592268626 27.2419938882192 27.2311285495758 27.2073469479879 27.1448165575663 27.0822861671448 27.0197557767232 26.9572253863017 26.8946949958801 26.8321646054586 26.769634215037 26.7433029651642 26.7290380954742 26.7147732257843 26.7005083560944 26.6862434864044 26.6719786167145 26.6577137470245 26.6402623653412 26.6132514476776 26.586240530014 26.5592296123504 26.5322186946869 26.5052077770233 26.4781968593597 26.4511859416961 26.4961929321288 26.565205891927 26.6342188517252 26.7032318115234 -9999 -9999 -9999 -9999 -9999 -9999 -9999 -9999 -9999
27.2963344573974 27.3364664713541 27.3765984853109 27.373895406723 27.3569139639537 27.3399325211843 27.3229510784149 27.3059696356455 27.2889881928762 27.2720067501068 27.2432448811001 27.1791417333815 27.1150385856629 27.0509354379442 26.9868322902256 26.9227291425069 26.8586259947883 26.7945228470696 26.7714382966359 26.7620266119639 26.7526149272919 26.7432032426198 26.7337915579478 26.7243798732758 26.7149681886037 26.7098265171051 26.7174948851267 26.7251632531484 26.73283162117 26.7404999891917 26.7481683572133 26.7558367252349 26.7635050932566 26.7861895243326 26.8138793097602 26.8415690951877 -9999 -9999 -9999 -9999 -9999 -9999 -9999 -9999 -9999 -9999
27.4028053283691 27.4321333567301 27.4614613850911 27.4514702320099 27.4283726851145 27.4052751382192 27.3821775913238 27.3590800444285 27.3359824975332 27.3128849506378 27.2791428142124 27.2134669091967 27.1477910041809 27.0821150991652 27.0164391941495 26.9507632891337 26.885087384118 26.8194114791023 26.7995736281077 26.7950151284536 26.7904566287994 26.7858981291453 26.7813396294912 26.776781129837 26.7722226301829 26.779390668869 26.8217383225759 26.8640859762827 26.9064336299896 26.9487812836964 26.9911289374033 27.0334765911102 27.075824244817 27.0761861165364 27.0625527275933 -9999 -9999 -9999 -9999 -9999 -9999 -9999 -9999 -9999 -9999 -9999
27.5092761993408 27.5278002421061 27.5463242848714 27.5290450572967 27.4998314062754 27.4706177552541 27.4414041042328 27.4121904532115 27.3829768021901 27.3537631511688 27.3150407473246 27.2477920850118 27.180543422699 27.1132947603862 27.0460460980733 26.9787974357605 26.9115487734477 26.8443001111349 26.8277089595795 26.8280036449432 26.828298330307 26.8285930156708 26.8288877010345 26.8291823863983 26.8294770717621 26.8489548206329 26.925981760025 27.0030086994171 27.0800356388092 27.1570625782012 27.2340895175933 27.3111164569854 27.3881433963775 27.3661827087402 27.3112261454264 -9999 27.2013130187988 -9999 -9999 -9999 -9999 -9999 -9999 -9999 -9999 -9999
27.6157470703125 27.6234671274821 27.6311871846517 27.6066198825836 27.5712901274363 27.535960372289 27.5006306171417 27.4653008619944 27.4299711068471 27.3946413516998 27.3509386804369 27.282117260827 27.2132958412171 27.1444744216071 27.0756530019972 27.0068315823873 26.9380101627774 26.8691887431675 26.8558442910512 26.8609921614329 26.8661400318146 26.8712879021962 26.8764357725779 26.8815836429596 26.8867315133413 26.9185189723968 27.0302251974741 27.1419314225514 27.2536376476287 27.365343872706 27.4770500977834 27.5887563228607 27.700462547938 27.656179300944 27.5598995632595 -9999 -9999 -9999 -9999 -9999 -9999 -9999 -9999 -9999 -9999 -9999
27.6354244073232 27.6537680361006 27.672111664878 27.6515888055166 27.6181104501089 27.5846320947011 27.5511537392934 27.5176753838857 27.484197028478 27.4507186730703 27.4129470083449 27.3622954156664 27.3116438229879 27.2609922303093 27.2103406376308 27.1596890449523 27.1090374522738 27.0583858595953 27.037775627772 27.0271791829003 27.0165827380286 27.0059862931569 26.9953898482852 26.9847934034135 26.9741969585418 26.9955373711056 27.1126883559756 27.2298393408457 27.3469903257158 27.4641413105858 27.5812922954559 27.698443280326 27.815594265196 27.7625875473023 27.6528615951538 27.5431356430054 -9999 -9999 -9999 -9999 -9999 -9999 -9999 -9999 -9999 -9999
27.5683082103729 27.6187029679616 27.6690977255503 27.6639518260956 27.640292374293 27.6166329224904 27.5929734706879 27.5693140188853 27.5456545670827 27.5219951152801 27.5010657310486 27.48832654953 27.4755873680114 27.4628481864929 27.4501090049743 27.4373698234558 27.4246306419372 27.4118914604186 27.3735029697418 27.3265647093455 27.2796264489491 27.2326881885528 27.1857499281565 27.1388116677602 27.0918734073639 27.0800100167592 27.1733712355295 27.2667324542999 27.3600936730702 27.4534548918406 27.5468161106109 27.6401773293813 27.7335385481516 27.685407447815 27.5901122411092 -9999 -9999 -9999 -9999 -9999 -9999 -9999 -9999 -9999 -9999 -9999
