data/working_set_collections/6091692-Cassins_Sparrow-MC/1985/bio8.asc
NCOLS 265 
NROWS 230 
XLLCORNER -115.5625 
YLLCORNER 24.8333333333333 
CELLSIZE 0.0833333333333333 
NODATA_value -9999 
[rows 100 to 119 of 230, columns 138 to 183 of 265]
24.2370746135711 24.3782670497894 24.5194594860076 24.6606519222259 24.6907432556152 24.6838008880615 24.6768585205078 24.669916152954 24.6629737854003 24.6560314178466 24.6490890502929 24.6604929606119 24.7269357045491 24.7933784484862 24.8598211924234 24.9262639363606 24.9927066802978 25.0591494242349 25.1255921681721 25.0212172985077 24.8599032243093 24.6985891501109 24.5372750759125 24.3759610017141 24.2146469275157 24.0533328533173 23.9345939318339 23.9435804684957 23.9525670051575 23.9615535418192 23.970540078481 23.9795266151428 23.9885131518046 23.9974996884664 24.0085024833679 24.0201773643494 24.0318522453308 24.0435271263123 24.0552020072937 24.0668768882752 24.0785517692566 24.0965890248617 24.1337134043376 24.1708377838135 24.2079621632894 24.2450865427653
24.5561658488379 24.6864029407501 24.8166400326622 24.9468771245744 24.993827565511 25.0130157894558 25.0322040134006 25.0513922373453 25.0705804612901 25.0897686852348 25.1089569091796 25.1380274878607 25.1967451307508 25.2554627736409 25.314180416531 25.372898059421 25.4316157023111 25.4903333452012 25.5490509880913 25.4053066094716 25.1940748903486 24.9828431712257 24.7716114521027 24.5603797329797 24.3491480138567 24.1379162947337 23.9790518760681 23.9772893587748 23.9755268414815 23.9737643241882 23.9720018068949 23.9702392896016 23.9684767723084 23.9667142550151 23.9727598508199 23.9814081509908 23.9900564511617 23.9987047513326 24.0073530515035 24.0160013516744 24.0246496518453 24.042804590861 24.0894794464111 24.1361543019613 24.1828291575114 24.2295040130615
24.7085455682542 24.8279870033264 24.9474284383986 25.0668698734707 25.1190775871277 25.1488740603129 25.1786705334981 25.2084670066833 25.2382634798686 25.2680599530538 25.297856426239 25.3325280719333 25.3818252351549 25.4311223983765 25.480419561598 25.5297167248196 25.5790138880412 25.6283110512628 25.6776082144843 25.531160847346 25.3194653034211 25.1077697594961 24.8960742155711 24.6843786716462 24.4726831277212 24.2609875837962 24.0973320113288 24.0777963532342 24.0582606951396 24.0387250370449 24.0191893789503 23.9996537208557 23.9801180627611 23.9605824046665 23.9657727241516 23.9792050361633 23.992637348175 24.0060696601868 24.0195019721985 24.0329342842102 24.0463665962219 24.0695023377736 24.1217483679453 24.173994398117 24.2262404282888 24.2784864584605
24.69421377182 24.8030192375183 24.9118247032165 25.0206301689148 25.0664933204651 25.0913757006327 25.1162580808004 25.141140460968 25.1660228411357 25.1909052213033 25.215787601471 25.2439947128296 25.2821760177612 25.3203573226929 25.3585386276245 25.3967199325562 25.4349012374878 25.4730825424195 25.5112638473511 25.3987800121308 25.2360744635265 25.0733689149221 24.9106633663178 24.7479578177134 24.5852522691091 24.4225467205048 24.2894343376159 24.2451014518738 24.2007685661316 24.1564356803894 24.1121027946472 24.067769908905 24.0234370231628 23.9791041374207 23.987541103363 24.0135680198669 24.0395949363708 24.0656218528747 24.0916487693786 24.1176756858825 24.1437026023865 24.1766822655995 24.2305201689402 24.2843580722809 24.3381959756215 24.3920338789622
24.6798819753859 24.7780514717102 24.8762209680345 24.9743904643588 25.0139090538025 25.0338773409526 25.0538456281026 25.0738139152527 25.0937822024028 25.1137504895528 25.1337187767029 25.1554613537259 25.1825268003676 25.2095922470093 25.236657693651 25.2637231402927 25.2907885869344 25.3178540335761 25.3449194802178 25.2663991769155 25.1526836236318 25.0389680703481 24.9252525170644 24.8115369637807 24.697821410497 24.5841058572133 24.4815366639031 24.4124065505134 24.3432764371236 24.2741463237339 24.2050162103441 24.1358860969544 24.0667559835646 23.9976258701749 24.0093094825745 24.0479310035705 24.0865525245666 24.1251740455627 24.1637955665588 24.2024170875549 24.241038608551 24.2838621934255 24.3392919699351 24.3947217464447 24.4501515229543 24.5055812994639
24.6655501789517 24.7530837059021 24.8406172328525 24.9281507598029 24.9613247871399 24.9763789812724 24.9914331754049 25.0064873695374 25.0215415636698 25.0365957578023 25.0516499519348 25.0669279946221 25.0828775829739 25.0988271713257 25.1147767596775 25.1307263480293 25.146675936381 25.1626255247328 25.1785751130846 25.1340183417003 25.0692927837372 25.0045672257741 24.9398416678111 24.875116109848 24.810390551885 24.7456649939219 24.6736389901903 24.579711649153 24.4857843081156 24.3918569670783 24.297929626041 24.2040022850037 24.1100749439664 24.016147602929 24.0310778617859 24.0822939872742 24.1335101127624 24.1847262382507 24.235942363739 24.2871584892273 24.3383746147156 24.3910421212514 24.4480637709299 24.5050854206085 24.562107070287 24.6191287199656
24.6512183825175 24.728115940094 24.8050134976705 24.881911055247 24.9087405204773 24.9188806215922 24.9290207227071 24.939160823822 24.9493009249369 24.9594410260518 24.9695811271668 24.9783946355184 24.9832283655803 24.9880620956421 24.992895825704 24.9977295557658 25.0025632858277 25.0073970158895 25.0122307459514 25.001637506485 24.9859019438426 24.9701663812002 24.9544308185577 24.9386952559153 24.9229596932729 24.9072241306305 24.8657413164775 24.7470167477926 24.6282921791077 24.5095676104228 24.3908430417379 24.272118473053 24.1533939043681 24.0346693356832 24.0528462409973 24.1166569709778 24.1804677009582 24.2442784309387 24.3080891609192 24.3718998908996 24.4357106208801 24.4982220490773 24.5568355719248 24.6154490947723 24.6740626176198 24.7326761404673
24.6368865860833 24.7031481742859 24.7694097624885 24.835671350691 24.8561562538147 24.861382261912 24.8666082700094 24.8718342781067 24.877060286204 24.8822862943014 24.8875123023987 24.8898612764147 24.8835791481866 24.8772970199585 24.8710148917304 24.8647327635024 24.8584506352743 24.8521685070462 24.8458863788181 24.8692566712697 24.902511103948 24.9357655366262 24.9690199693044 25.0022744019826 25.0355288346608 25.068783267339 25.0578436427646 24.9143218464322 24.7708000500997 24.6272782537672 24.4837564574348 24.3402346611023 24.1967128647699 24.0531910684374 24.0746146202087 24.1510199546814 24.227425289154 24.3038306236267 24.3802359580993 24.456641292572 24.5330466270447 24.6054019769032 24.6656073729197 24.7258127689361 24.7860181649526 24.846223560969
24.6202514701419 24.6735098361969 24.7267682022519 24.7800265683068 24.7954877694448 24.7983499156104 24.8012120617761 24.8040742079417 24.8069363541073 24.809798500273 24.8126606464386 24.813129123052 24.8064165910085 24.7997040589651 24.7929915269216 24.7862789948781 24.7795664628347 24.7728539307912 24.7661413987478 24.792980670929 24.8310038778517 24.8690270847744 24.9070502916972 24.9450734986199 24.9830967055427 25.0211199124654 25.0168917126126 24.8859092924331 24.7549268722535 24.6239444520739 24.4929620318943 24.3619796117147 24.2309971915351 24.1000147713556 24.133629989624 24.2221110873752 24.3105921851264 24.3990732828776 24.4875543806288 24.57603547838 24.6645165761311 24.7456484211815 24.8047325081295 24.8638165950775 24.9229006820255 24.9819847689734
24.6013130346934 24.639200925827 24.6770888169607 24.7149767080943 24.7267350673676 24.7297835826874 24.7328320980072 24.735880613327 24.7389291286469 24.7419776439667 24.7450261592865 24.7481981754303 24.751740694046 24.7552832126617 24.7588257312775 24.7623682498932 24.7659107685089 24.7694532871246 24.7729958057404 24.7728095054626 24.7713802655538 24.769951025645 24.7685217857361 24.7670925458273 24.7656633059184 24.7642340660096 24.7428855260214 24.6617790857951 24.5806726455689 24.4995662053426 24.4184597651164 24.3373533248902 24.2562468846639 24.1751404444377 24.2298923492431 24.3299303690592 24.4299683888753 24.5300064086914 24.6300444285074 24.7300824483235 24.8301204681396 24.9189613819122 24.9742109775543 25.0294605731964 25.0847101688385 25.1399597644806
24.5823745992449 24.6048920154572 24.6274094316694 24.6499268478817 24.6579823652903 24.6612172497643 24.6644521342384 24.6676870187124 24.6709219031864 24.6741567876604 24.6773916721344 24.6832672278086 24.6970647970835 24.7108623663584 24.7246599356333 24.7384575049082 24.7522550741831 24.766052643458 24.7798502127329 24.7526383399963 24.7117566532559 24.6708749665155 24.629993279775 24.5891115930346 24.5482299062941 24.5073482195537 24.4688793394301 24.4376488791572 24.4064184188843 24.3751879586114 24.3439574983385 24.3127270380656 24.2814965777927 24.2502661175198 24.3261547088623 24.4377496507432 24.5493445926242 24.6609395345052 24.7725344763861 24.8841294182671 24.9957243601481 25.0922743426428 25.1436894469791 25.1951045513153 25.2465196556515 25.2979347599877
24.5634361637963 24.5705831050873 24.5777300463782 24.5848769876692 24.5892296632131 24.5926509168413 24.5960721704695 24.5994934240977 24.6029146777259 24.6063359313541 24.6097571849823 24.618336280187 24.642388900121 24.6664415200551 24.6904941399892 24.7145467599233 24.7385993798574 24.7626519997915 24.7867046197255 24.73246717453 24.652133040958 24.571798907386 24.4914647738139 24.4111306402419 24.3307965066698 24.2504623730978 24.1948731528388 24.2135186725193 24.2321641921997 24.2508097118802 24.2694552315606 24.288100751241 24.3067462709215 24.3253917906019 24.4224170684814 24.5455689324273 24.6687207963731 24.791872660319 24.9150245242648 25.0381763882107 25.1613282521565 25.2655873033735 25.3131679164038 25.3607485294342 25.4083291424645 25.4559097554948
24.5444977283478 24.5362741947174 24.528050661087 24.5198271274567 24.5204769611359 24.5240845839183 24.5276922067007 24.531299829483 24.5349074522654 24.5385150750478 24.5421226978302 24.5534053325653 24.5877130031586 24.6220206737518 24.6563283443451 24.6906360149383 24.7249436855316 24.7592513561249 24.7935590267181 24.7122960090637 24.5925094286601 24.4727228482565 24.3529362678528 24.2331496874492 24.1133631070456 23.9935765266419 23.9208669662476 23.9893884658814 24.0579099655152 24.1264314651489 24.1949529647827 24.2634744644165 24.3319959640503 24.400517463684 24.5186794281005 24.6533882141113 24.788097000122 24.9228057861328 25.0575145721435 25.1922233581542 25.326932144165 25.4389002641042 25.4826463858286 25.5263925075531 25.5701386292775 25.613884751002
24.5255592928992 24.5019652843475 24.4783712757958 24.4547772672441 24.4517242590586 24.4555182509952 24.4593122429318 24.4631062348684 24.466900226805 24.4706942187415 24.4744882106781 24.4884743849436 24.5330371061961 24.5775998274485 24.622162548701 24.6667252699534 24.7112879912058 24.7558507124583 24.8004134337107 24.6921248435974 24.5328858163622 24.373646789127 24.2144077618917 24.0551687346565 23.8959297074213 23.736690680186 23.6468607796563 23.7652582592434 23.8836557388306 24.0020532184177 24.1204506980048 24.2388481775919 24.3572456571791 24.4756431367662 24.6149417877197 24.7612074957953 24.9074732038709 25.0537389119466 25.2000046200222 25.3462703280978 25.4925360361735 25.6122132248348 25.6521248552534 25.692036485672 25.7319481160905 25.7718597465091
24.5740220970578 24.5407545248667 24.5074869526757 24.4742193804847 24.4680669784546 24.4709529664781 24.4738389545017 24.4767249425252 24.4796109305488 24.4824969185723 24.4853829065959 24.4994908862644 24.5472648408678 24.5950387954712 24.6428127500746 24.690586704678 24.7383606592814 24.7861346138848 24.8339085684882 24.7111566225688 24.5315627098084 24.351968797048 24.1723748842875 23.9927809715271 23.8131870587667 23.6335931460063 23.533494954639 23.6718839274512 23.8102729002634 23.9486618730757 24.0870508458879 24.2254398187001 24.3638287915124 24.5022177643246 24.6525870005289 24.806949657864 24.9613123151991 25.1156749725342 25.2700376298692 25.4244002872043 25.5787629445394 25.705031077067 25.7470156351725 25.789000193278 25.8309847513834 25.8729693094889
24.6898861408234 24.652641916275 24.6153976917267 24.5781534671783 24.5695051193237 24.570388730367 24.5712723414103 24.5721559524536 24.5730395634969 24.5739231745402 24.5748067855835 24.5864548365275 24.6303962071736 24.6743375778198 24.718278948466 24.7622203191121 24.8061616897583 24.8501030604044 24.8940444310506 24.7693913459778 24.5885401089986 24.4076888720195 24.2268376350403 24.0459863980611 23.865135161082 23.6842839241028 23.5807694911956 23.7092654705047 23.8377614498138 23.9662574291229 24.094753408432 24.2232493877411 24.3517453670501 24.4802413463592 24.6316150665283 24.7906147003173 24.9496143341064 25.1086139678955 25.2676136016845 25.4266132354736 25.5856128692627 25.7173538208008 25.7673187255859 25.8172836303711 25.8672485351562 25.9172134399414
24.805750184589 24.7645293076833 24.7233084307776 24.682087553872 24.6709432601929 24.6698244942559 24.6687057283189 24.667586962382 24.666468196445 24.6653494305081 24.6642306645711 24.6734187867906 24.7135275734795 24.7536363601684 24.7937451468573 24.8338539335463 24.8739627202352 24.9140715069241 24.954180293613 24.8276260693868 24.6455175081889 24.463408946991 24.2813003857931 24.0991918245952 23.9170832633973 23.7349747021993 23.6280440277523 23.7466470135582 23.8652499993642 23.9838529851701 24.1024559709761 24.221058956782 24.3396619425879 24.4582649283939 24.6106431325276 24.7742797427707 24.9379163530137 25.1015529632568 25.2651895734999 25.4288261837429 25.592462793986 25.7296765645345 25.7876218159993 25.8455670674642 25.903512318929 25.9614575703939
24.9216142283546 24.8764166990916 24.8312191698286 24.7860216405657 24.772381401062 24.7692602581448 24.7661391152276 24.7630179723104 24.7598968293932 24.756775686476 24.7536545435587 24.7603827370537 24.7966589397854 24.8329351425171 24.8692113452487 24.9054875479804 24.9417637507121 24.9780399534437 25.0143161561754 24.8858607927958 24.7024949073792 24.5191290219625 24.3357631365458 24.1523972511292 23.9690313657125 23.7856654802958 23.675318564309 23.7840285566118 23.8927385489146 24.0014485412174 24.1101585335201 24.2188685258229 24.3275785181257 24.4362885104285 24.589671198527 24.757944785224 24.9262183719211 25.0944919586181 25.2627655453152 25.4310391320122 25.5993127187093 25.7419993082682 25.8079249064127 25.8738505045573 25.9397761027018 26.0057017008463
25.0374782721202 24.9883040904999 24.9391299088796 24.8899557272593 24.8738195419311 24.8686960220337 24.8635725021362 24.8584489822388 24.8533254623413 24.8482019424438 24.8430784225464 24.8473466873169 24.8797903060913 24.9122339248657 24.9446775436401 24.9771211624145 25.009564781189 25.0420083999634 25.0744520187378 24.9440955162049 24.7594723065694 24.574849096934 24.3902258872986 24.2056026776632 24.0209794680278 23.8363562583924 23.7225931008656 23.8214100996653 23.9202270984649 24.0190440972646 24.1178610960642 24.2166780948639 24.3154950936635 24.4143120924631 24.5686992645263 24.7416098276774 24.9145203908284 25.0874309539795 25.2603415171305 25.4332520802815 25.6061626434326 25.7543220520019 25.8282279968261 25.9021339416504 25.9760398864746 26.0499458312988
25.1533423158858 25.1001914819082 25.0470406479306 24.993889813953 24.9752576828003 24.9681317859226 24.9610058890449 24.9538799921671 24.9467540952894 24.9396281984117 24.932502301534 24.93431063758 24.9629216723972 24.9915327072143 25.0201437420315 25.0487547768487 25.0773658116658 25.105976846483 25.1345878813002 25.0023302396139 24.8164497057597 24.6305691719056 24.4446886380514 24.2588081041972 24.0729275703431 23.8870470364889 23.7698676374223 23.8587916427188 23.9477156480153 24.0366396533118 24.1255636586083 24.2144876639048 24.3034116692013 24.3923356744978 24.5477273305257 24.7252748701307 24.9028224097357 25.0803699493408 25.2579174889458 25.4354650285508 25.6130125681559 25.7666447957357 25.8485310872396 25.9304173787435 26.0123036702474 26.0941899617513
