data/working_set_collections/6091692-Cassins_Sparrow-MC/1985/bio9.asc
NCOLS 265 
NROWS 230 
XLLCORNER -115.5625 
YLLCORNER 24.8333333333333 
CELLSIZE 0.0833333333333333 
NODATA_value -9999 
[rows 100 to 119 of 230, columns 184 to 229 of 265]
5.10210925340651 5.10212300221124 5.10213675101597 5.08753842115401 5.06806939840316 5.04860037565231 5.02913135290145 5.0096623301506 4.99019330739974 4.97072428464889 4.9460299650828 4.905659755071 4.8652895450592 4.8249193350474 4.7845491250356 4.7441789150238 4.703808705012 4.66343849500021 4.6546247601509 4.65632985035578 4.65803494056065 4.65974003076553 4.6614451209704 4.66315021117528 4.66485530138015 4.66642247041066 4.66757587591807 4.66872928142547 4.66988268693287 4.67103609244028 4.67218949794768 4.67334290345509 4.67449630896249 4.67779583930968 4.68181074460346 4.68582564989725 4.68984055519103 4.69385546048481 4.69787036577859 4.70188527107237 4.68716806968053 4.61625454823176 4.54534102678297 4.4744275053342 4.40351398388542 4.33260046243663
5.1585346897443 5.1645957827568 5.17065687576929 5.15860229730605 5.14050916168424 5.12241602606243 5.10432289044061 5.0862297548188 5.06813661919699 5.05004348357518 5.02531366878086 4.98067381646898 4.9360339641571 4.89139411184523 4.84675425953336 4.80211440722148 4.7574745549096 4.71283470259773 4.70052935679753 4.69900217983457 4.69747500287161 4.69594782590866 4.6944206489457 4.69289347198274 4.69136629501978 4.69170230494605 4.69762787553999 4.70355344613393 4.70947901672786 4.7154045873218 4.72133015791574 4.72725572850968 4.73318129910362 4.73911964098612 4.74506223996479 4.75100483894347 4.75694743792215 4.76289003690083 4.7688326358795 4.77477523485818 4.77273407379786 4.74674163262048 4.72074919144311 4.69475675026573 4.66876430908836 4.64277186791098
5.25931396087009 5.26762843794291 5.27594291501573 5.26317168076832 5.24337187608082 5.22357207139332 5.20377226670582 5.18397246201832 5.16417265733082 5.14437285264332 5.11785678333706 5.07119192017449 5.02452705701192 4.97786219384935 4.93119733068678 4.88453246752421 4.83786760436164 4.79120274119907 4.7772859374682 4.77428515354791 4.77128436962762 4.76828358570734 4.76528280178705 4.76228201786676 4.75928123394647 4.75890293253791 4.76639207866455 4.7738812247912 4.78137037091784 4.78885951704448 4.79634866317112 4.80383780929776 4.8113269554244 4.8178475220998 4.82404522895812 4.83024293581644 4.83644064267475 4.84263834953307 4.84883605639139 4.8550337632497 4.85403116279178 4.8314276403851 4.80882411797842 4.78622059557174 4.76361707316506 4.74101355075838
5.40444706678388 5.4112209677696 5.41799486875531 5.40124657154081 5.3766575415929 5.35206851164499 5.32747948169707 5.30289045174915 5.27830142180124 5.25371239185332 5.22365930875142 5.17721406618754 5.13076882362365 5.08432358105977 5.03787833849588 4.991433095932 4.94498785336812 4.89854261080423 4.88489450216292 4.8821787714958 4.87946304082869 4.87674731016157 4.87403157949446 4.87131584882734 4.86860011816023 4.86802435318627 4.87386848529178 4.87971261739729 4.8855567495028 4.89140088160831 4.89724501371382 4.90308914581933 4.90893327792484 4.91397948265074 4.91875971158344 4.92353994051614 4.92832016944884 4.93310039838153 4.93788062731423 4.94266085624693 4.93105933666229 4.87031257152558 4.80956580638887 4.74881904125216 4.68807227611545 4.62732551097873
5.54958017269768 5.5548134975963 5.56004682249491 5.53932146231332 5.50994320710499 5.48056495189666 5.45118669668832 5.42180844147999 5.39243018627166 5.36305193106332 5.32946183416578 5.28323621220059 5.23701059023539 5.19078496827019 5.144559346305 5.0983337243398 5.0521081023746 5.00588248040941 4.99250306685764 4.9900723894437 4.98764171202976 4.98521103461582 4.98278035720188 4.98034967978794 4.977919002374 4.97714577383464 4.98134489191901 4.98554401000339 4.98974312808777 4.99394224617215 4.99814136425653 5.0023404823409 5.00653960042528 5.01011144320169 5.01347419420877 5.01683694521585 5.02019969622293 5.02356244723001 5.02692519823709 5.03028794924417 5.00808751053281 4.90919750266607 4.81030749479931 4.71141748693257 4.61252747906583 4.51363747119907
5.69471327861148 5.698406027423 5.7020987762345 5.67739635308583 5.64322887261708 5.60906139214833 5.57489391167958 5.54072643121083 5.50655895074208 5.47239147027333 5.43526435958014 5.38925835821364 5.34325235684712 5.29724635548062 5.25124035411411 5.20523435274759 5.15922835138109 5.11322235001458 5.10011163155237 5.0979660073916 5.09582038323083 5.09367475907007 5.0915291349093 5.08938351074853 5.08723788658777 5.086267194483 5.08882129854625 5.0913754026095 5.09392950667274 5.09648361073599 5.09903771479923 5.10159181886248 5.10414592292573 5.10624340375263 5.1081886768341 5.11013394991556 5.11207922299702 5.11402449607848 5.11596976915994 5.1179150422414 5.08511568440334 4.94808243380656 4.81104918320976 4.67401593261298 4.53698268201621 4.39994943141941
5.83984638452527 5.84199855724968 5.84415072997409 5.81547124385832 5.77651453812916 5.73755783239999 5.69860112667082 5.65964442094166 5.6206877152125 5.58173100948333 5.5410668849945 5.49528050422668 5.44949412345885 5.40370774269103 5.35792136192321 5.31213498115538 5.26634860038757 5.22056221961975 5.20772019624708 5.20585962533949 5.2039990544319 5.2021384835243 5.20027791261671 5.19841734170912 5.19655677080153 5.19538861513136 5.19629770517348 5.19720679521559 5.1981158852577 5.19902497529982 5.19993406534193 5.20084315538405 5.20175224542616 5.20237536430357 5.20290315945942 5.20343095461526 5.2039587497711 5.20448654492695 5.20501434008279 5.20554213523863 5.16214385827385 4.98696736494704 4.81179087162021 4.6366143782934 4.4614378849666 4.28626139163976
5.98497949043908 5.98559108707638 5.98620268371368 5.95354613463083 5.90980020364125 5.86605427265167 5.82230834166208 5.7785624106725 5.73481647968292 5.69107054869333 5.64686941040886 5.60130265023973 5.55573589007059 5.51016912990146 5.46460236973232 5.41903560956318 5.37346884939405 5.32790208922492 5.31532876094181 5.31375324328739 5.31217772563297 5.31060220797855 5.30902669032413 5.30745117266971 5.30587565501529 5.30451003577973 5.30377411180071 5.30303818782169 5.30230226384267 5.30156633986366 5.30083041588464 5.30009449190562 5.29935856792661 5.29850732485452 5.29761764208475 5.29672795931497 5.29583827654519 5.29494859377542 5.29405891100564 5.29316922823587 5.23917203214437 5.02585229608753 4.81253256003066 4.59921282397382 4.38589308791698 4.1725733518601
6.13662256002424 6.13411836491689 6.13161416980954 6.09638733466465 6.05025295284059 6.00411857101652 5.95798418919245 5.91184980736838 5.86571542554431 5.81958104372024 5.77343889077504 5.72727342446645 5.68110795815785 5.63494249184926 5.58877702554067 5.54261155923207 5.49644609292348 5.45028062661489 5.43743101358412 5.43568668497932 5.43394235637451 5.43219802776971 5.43045369916491 5.4287093705601 5.4269650419553 5.42507427798376 5.42274420791201 5.42041413784026 5.41808406776851 5.41575399769676 5.41342392762501 5.41109385755326 5.40876378748151 5.40623099803923 5.40363063547345 5.40103027290767 5.39842991034189 5.3958295477761 5.39322918521032 5.39062882264454 5.33111372391387 5.10085441668834 4.87059510946276 4.64033580223723 4.4100764950117 4.17981718778613
6.29477559328077 6.28758039077121 6.28038518826165 6.24399484395979 6.19787278572717 6.15175072749455 6.10562866926192 6.05950661102929 6.01338455279667 5.96726249456404 5.92077532609302 5.87319282690683 5.82561032772063 5.77802782853443 5.73044532934824 5.68286283016203 5.63528033097584 5.58769783178964 5.57402695417402 5.57165995041527 5.56929294665652 5.56692594289777 5.56455893913903 5.56219193538028 5.55982493162153 5.55708134174345 5.55320799350737 5.54933464527128 5.5454612970352 5.54158794879911 5.53771460056303 5.53384125232695 5.52996790409086 5.52554638385771 5.52094213962553 5.51633789539335 5.51173365116118 5.507129406929 5.50252516269682 5.49792091846464 5.43796893358234 5.21197372674947 4.98597851991655 4.75998331308368 4.53398810625081 4.30799289941789
6.4529286265373 6.44104241662553 6.42915620671377 6.39160235325494 6.34549261861376 6.29938288397258 6.2532731493314 6.20716341469022 6.16105368004904 6.11494394540785 6.06811176141102 6.01911222934722 5.97011269728342 5.92111316521962 5.87211363315582 5.82311410109201 5.77411456902821 5.72511503696441 5.71062289476393 5.70763321585124 5.70464353693854 5.70165385802585 5.69866417911316 5.69567450020047 5.69268482128777 5.68908840550315 5.68367177910273 5.67825515270231 5.6728385263019 5.66742189990148 5.66200527350106 5.65658864710064 5.65117202070023 5.64486176967619 5.63825364377762 5.63164551787905 5.62503739198047 5.6184292660819 5.61182114018333 5.60521301428476 5.54482414325082 5.3230930368106 5.10136193037035 4.87963082393014 4.65789971748992 4.43616861104967
6.61108165979384 6.59450444247986 6.57792722516588 6.53920986255009 6.49311245150036 6.44701504045062 6.40091762940088 6.35482021835115 6.30872280730141 6.26262539625167 6.21544819672902 6.16503163178762 6.1146150668462 6.0641985019048 6.0137819369634 5.96336537202199 5.91294880708058 5.86253224213918 5.84721883535384 5.8436064812872 5.83999412722056 5.83638177315393 5.83276941908729 5.82915706502065 5.82554471095402 5.82109546926285 5.8141355646981 5.80717566013335 5.8002157555686 5.79325585100385 5.7862959464391 5.77933604187434 5.77237613730959 5.76417715549468 5.75556514792971 5.74695314036474 5.73834113279977 5.7297291252348 5.72111711766984 5.71250511010487 5.6516793529193 5.43421234687174 5.21674534082415 4.9992783347766 4.78181132872904 4.56434432268145
6.76923469305036 6.74796646833418 6.72669824361799 6.68681737184523 6.64073228438694 6.59464719692865 6.54856210947035 6.50247702201206 6.45639193455377 6.41030684709547 6.362784632047 6.310951034228 6.25911743640898 6.20728383858997 6.15545024077097 6.10361664295195 6.05178304513294 5.99994944731394 5.98381477594373 5.97957974672315 5.97534471750257 5.97110968828199 5.96687465906141 5.96263962984083 5.95840460062025 5.95310253302254 5.94459935029346 5.93609616756437 5.92759298483529 5.9190898021062 5.91058661937712 5.90208343664803 5.89358025391895 5.88349254131315 5.87287665208179 5.86226076285043 5.85164487361906 5.8410289843877 5.83041309515634 5.81979720592497 5.75853456258777 5.54533165693287 5.33212875127794 5.11892584562304 4.90572293996815 4.69252003431322
6.9273877263069 6.9014284941885 6.87546926207011 6.83442488114038 6.78835211727353 6.74227935340669 6.69620658953983 6.65013382567299 6.60406106180614 6.55798829793929 6.510121067365 6.45687043666839 6.40361980597177 6.35036917527516 6.29711854457855 6.24386791388193 6.19061728318532 6.1373666524887 6.12041071653364 6.11555301215912 6.11069530778459 6.10583760341007 6.10097989903554 6.09612219466102 6.09126449028649 6.08510959678224 6.07506313588883 6.0650166749954 6.05497021410199 6.04492375320857 6.03487729231515 6.02483083142173 6.01478437052831 6.00280792713164 5.99018815623388 5.97756838533612 5.96494861443836 5.9523288435406 5.93970907264284 5.92708930174508 5.86538977225625 5.65645096699401 5.44751216173174 5.2385733564695 5.02963455120727 4.82069574594499
7.05688060522079 7.03193184402253 7.00698308282428 6.9670629342397 6.92215232319302 6.87724171214633 6.83233110109964 6.78742049005296 6.74250987900628 6.69759926795959 6.65099775261349 6.59932352436913 6.54764929612477 6.49597506788041 6.44430083963606 6.3926266113917 6.34095238314734 6.28927815490298 6.27274374564487 6.26792260938219 6.26310147311951 6.25828033685682 6.25345920059414 6.24863806433146 6.24381692806878 6.23688126669988 6.22360203001233 6.21032279332477 6.19704355663722 6.18376431994967 6.17048508326211 6.15720584657456 6.143926609887 6.131723121802 6.11987821658451 6.10803331136702 6.09618840614953 6.08434350093204 6.07249859571455 6.06065369049706 5.99981169170806 5.79197841220436 5.58414513270062 5.37631185319692 5.16847857369321 4.96064529418947
7.15771332979201 7.13947651783624 7.12123970588047 7.08473153114318 7.04213290214537 6.99953427314757 6.95693564414977 6.91433701515196 6.87173838615417 6.82913975715636 6.78541468779245 6.73831029733021 6.69120590686796 6.64410151640573 6.59699712594349 6.54989273548124 6.50278834501901 6.45568395455677 6.44081386327741 6.43668853839236 6.43256321350731 6.42843788862226 6.4243125637372 6.42018723885215 6.4160619139671 6.40841754277545 6.39021603266396 6.37201452255247 6.35381301244098 6.33561150232949 6.317409992218 6.29920848210651 6.28100697199502 6.27023812532423 6.26194683313368 6.25365554094312 6.24536424875257 6.23707295656202 6.22878166437147 6.22049037218091 6.16180032094322 5.95191399256392 5.74202766418458 5.53214133580528 5.32225500742598 5.11236867904664
7.25854605436324 7.24702119164995 7.23549632893667 7.20240012804666 7.16211348109774 7.12182683414882 7.0815401871999 7.04125354025098 7.00096689330206 6.96068024635314 6.91983162297142 6.8772970702913 6.83476251761117 6.79222796493105 6.74969341225093 6.7071588595708 6.66462430689069 6.62208975421057 6.60888398090996 6.60545446740254 6.60202495389512 6.5985954403877 6.59516592688028 6.59173641337286 6.58830689986545 6.57995381885103 6.5568300353156 6.53370625178017 6.51058246824475 6.48745868470932 6.46433490117389 6.44121111763847 6.41808733410304 6.40875312884647 6.40401544968285 6.39927777051924 6.39454009135562 6.38980241219201 6.38506473302839 6.38032705386478 6.32378895017838 6.11184957292349 5.89991019566855 5.68797081841366 5.47603144115876 5.26409206390382
7.35937877893447 7.35456586546367 7.34975295199287 7.32006872495015 7.28209406005011 7.24411939515008 7.20614473025003 7.16817006535 7.13019540044996 7.09222073554992 7.05424855815039 7.01628384325239 6.97831912835438 6.94035441345638 6.90238969855838 6.86442498366037 6.82646026876237 6.78849555386437 6.77695409854251 6.77422039641273 6.77148669428294 6.76875299215315 6.76601929002336 6.76328558789357 6.76055188576379 6.75149009492661 6.72344403796725 6.69539798100788 6.66735192404852 6.63930586708916 6.61125981012979 6.58321375317043 6.55516769621107 6.54726813236871 6.54608406623203 6.54490000009535 6.54371593395867 6.542531867822 6.54134780168532 6.54016373554864 6.48577757941355 6.27178515328306 6.05779272715252 5.84380030102203 5.62980787489154 5.415815448761
7.46021150350569 7.46211053927738 7.46400957504906 7.43773732185362 7.40207463900247 7.36641195615132 7.33074927330016 7.295086590449 7.25942390759785 7.22376122474669 7.18866549332935 7.15527061621347 7.12187573909758 7.08848086198169 7.05508598486581 7.02169110774992 6.98829623063403 6.95490135351815 6.94502421617505 6.94298632542289 6.94094843467074 6.93891054391858 6.93687265316642 6.93483476241427 6.93279687166211 6.92302637100218 6.89005804061888 6.85708971023557 6.82412137985228 6.79115304946898 6.75818471908567 6.72521638870238 6.69224805831908 6.68578313589094 6.6881526827812 6.69052222967145 6.69289177656171 6.69526132345197 6.69763087034223 6.70000041723249 6.6477662086487 6.43172073364261 6.21567525863648 5.99962978363039 5.7835843086243 5.56753883361818
7.56104422807692 7.56965521309109 7.57826619810526 7.55540591875711 7.52205521795484 7.48870451715257 7.45535381635029 7.42200311554802 7.38865241474575 7.35530171394347 7.32308242850832 7.29425738917456 7.26543234984079 7.23660731050702 7.20778227117325 7.17895723183948 7.15013219250571 7.12130715317195 7.1130943338076 7.11175225443308 7.11041017505855 7.10906809568403 7.1077260163095 7.10638393693498 7.10504185756045 7.09456264707776 7.05667204327052 7.01878143946328 6.98089083565605 6.94300023184881 6.90510962804157 6.86721902423434 6.8293284204271 6.82429813941318 6.83022129933037 6.83614445924757 6.84206761916476 6.84799077908196 6.85391393899915 6.85983709891635 6.80975483788387 6.59165631400218 6.37355779012046 6.15545926623877 5.93736074235708 5.71926221847536
