data/working_set_collections/6091692-Cassins_Sparrow-MC/1985/bio9.asc
NCOLS 265 
NROWS 230 
XLLCORNER -115.5625 
YLLCORNER 24.8333333333333 
CELLSIZE 0.0833333333333333 
NODATA_value -9999 
[rows 0 to 19 of 230, columns 138 to 183 of 265]
-4.64307287004263 -4.63442126909895 -4.62576966815528 -4.61711806721161 -4.31243658363829 -3.90907847252169 -3.50572036140508 -3.10236225028841 -2.69900413917181 -2.29564602805521 -1.89228791693854 -1.60478013687662 -1.66482334997917 -1.72486656308173 -1.78490977618428 -1.84495298928683 -1.90499620238939 -1.96503941549194 -2.02508262859449 -1.9514033764601 -1.83314996924668 -1.71489656203327 -1.59664315481983 -1.47838974760641 -1.360136340393 -1.24188293317956 -1.16683926482994 -1.22142481307187 -1.27601036131381 -1.33059590955573 -1.38518145779766 -1.4397670060396 -1.49435255428152 -1.54893810252345 -1.75295263032113 -2.00677681797074 -2.26060100562035 -2.51442519327 -2.76824938091961 -3.02207356856922 -3.27589775621888 -3.48688301245371 -3.56935147444406 -3.65181993643443 -3.73428839842478 -3.81675686041513
-4.33281113306684 -4.33080105781558 -4.32879098256432 -4.32678090731305 -4.05208545625218 -3.68649487992138 -3.32090430359058 -2.95531372725971 -2.58972315092891 -2.2241325745981 -1.85854199826724 -1.59837528268495 -1.65448014934856 -1.71058501601218 -1.7666898826758 -1.82279474933941 -1.87889961600303 -1.93500448266664 -1.99110934933025 -1.91661564409735 -1.79858908156557 -1.68056251903379 -1.56253595650198 -1.4445093939702 -1.32648283143842 -1.20845626890662 -1.14038600623606 -1.22218464314935 -1.30398328006266 -1.38578191697595 -1.46758055388924 -1.54937919080255 -1.63117782771584 -1.71297646462914 -1.89514131247992 -2.11076156397655 -2.32638181547317 -2.54200206696983 -2.75762231846646 -2.97324256996308 -3.18886282145974 -3.37014893690744 -3.44843264420826 -3.52671635150909 -3.60500005880991 -3.68328376611073
-4.02254939609108 -4.02718084653223 -4.03181229697338 -4.03644374741452 -3.7917343288661 -3.46391128732109 -3.13608824577608 -2.80826520423102 -2.48044216268601 -2.15261912114101 -1.82479607959594 -1.59197042849328 -1.64413694871795 -1.69630346894264 -1.74846998916731 -1.80063650939198 -1.85280302961667 -1.90496954984134 -1.95713607006602 -1.88182791173461 -1.76402819388446 -1.64622847603431 -1.52842875818414 -1.41062904033399 -1.29282932248384 -1.17502960463367 -1.11393274764218 -1.22294447322683 -1.33195619881151 -1.44096792439616 -1.54997964998082 -1.65899137556549 -1.76800310115015 -1.87701482673481 -2.03732999463871 -2.21474630998235 -2.39216262532599 -2.56957894066966 -2.7469952560133 -2.92441157135694 -3.10182788670061 -3.25341486136119 -3.32751381397247 -3.40161276658377 -3.47571171919505 -3.54981067180633
-3.71228765911529 -3.72356063524885 -3.73483361138241 -3.74610658751597 -3.53138320147999 -3.24132769472078 -2.95127218796158 -2.66121668120232 -2.37116117444311 -2.0811056676839 -1.79105016092465 -1.5855655743016 -1.63379374808734 -1.68202192187309 -1.73025009565882 -1.77847826944456 -1.82670644323031 -1.87493461701604 -1.92316279080178 -1.84704017937186 -1.72946730620334 -1.61189443303483 -1.49432155986629 -1.37674868669778 -1.25917581352926 -1.14160294036073 -1.08747948904829 -1.22370430330432 -1.35992911756036 -1.49615393181638 -1.6323787460724 -1.76860356032845 -1.90482837458447 -2.04105318884049 -2.17951867679751 -2.31873105598816 -2.45794343517881 -2.59715581436949 -2.73636819356015 -2.8755805727508 -3.01479295194148 -3.13668078581492 -3.20659498373667 -3.27650918165843 -3.34642337958018 -3.41633757750193
-3.40202592213951 -3.41994042396548 -3.43785492579144 -3.45576942761741 -3.27103207409388 -3.01874410212048 -2.76645613014707 -2.51416815817362 -2.26188018620021 -2.0095922142268 -1.75730424225335 -1.57916072010993 -1.62345054745673 -1.66774037480354 -1.71203020215034 -1.75632002949714 -1.80060985684394 -1.84489968419074 -1.88918951153754 -1.81225244700911 -1.69490641852223 -1.57756039003535 -1.46021436154845 -1.34286833306157 -1.22552230457468 -1.10817627608778 -1.06102623045441 -1.2244641333818 -1.38790203630921 -1.5513399392366 -1.71477784216399 -1.8782157450914 -2.04165364801879 -2.20509155094617 -2.32170735895631 -2.42271580199397 -2.52372424503164 -2.62473268806932 -2.72574113110699 -2.82674957414466 -2.92775801718234 -3.01994671026865 -3.08567615350087 -3.15140559673309 -3.21713503996531 -3.28286448319752
-3.09176418516375 -3.11632021268213 -3.1408762402005 -3.16543226771888 -3.0106809467078 -2.79616050952019 -2.58164007233258 -2.36711963514493 -2.15259919795731 -1.9380787607697 -1.72355832358205 -1.57275586591826 -1.61310734682612 -1.65345882773399 -1.69381030864185 -1.73416178954971 -1.77451327045758 -1.81486475136544 -1.85521623227331 -1.77746471464636 -1.66034553084112 -1.54322634703587 -1.4261071632306 -1.30898797942536 -1.19186879562011 -1.07474961181484 -1.03457297186053 -1.22522396345928 -1.41587495505806 -1.60652594665681 -1.79717693825556 -1.98782792985434 -2.1784789214531 -2.36912991305185 -2.46389604111509 -2.52670054799978 -2.58950505488446 -2.65230956176915 -2.71511406865384 -2.77791857553852 -2.84072308242321 -2.90321263472239 -2.96475732326507 -3.02630201180777 -3.08784670035045 -3.14939138889313
-2.85813614825409 -2.87864373425644 -2.89915132025879 -2.91965890626114 -2.77933952982233 -2.58541116590308 -2.39148280198383 -2.19755443806455 -2.0036260741453 -1.80969771022606 -1.61576934630678 -1.48438139383992 -1.54061467573047 -1.59684795762102 -1.65308123951156 -1.70931452140211 -1.76554780329266 -1.82178108518321 -1.87801436707375 -1.80424703260264 -1.68714615934427 -1.57004528608589 -1.4529444128275 -1.33584353956913 -1.21874266631076 -1.10164179305237 -1.06372359527476 -1.26335342393975 -1.46298325260476 -1.66261308126974 -1.86224290993472 -2.06187273859974 -2.26150256726472 -2.4611323959297 -2.5426771779855 -2.58486027783817 -2.62704337769083 -2.6692264775435 -2.71140957739617 -2.75359267724884 -2.79577577710151 -2.84194995297325 -2.90009735690221 -2.95824476083119 -3.01639216476015 -3.07453956868912
-2.7011418114106 -2.70691098868848 -2.71268016596637 -2.71844934324425 -2.5770078234375 -2.38649607126918 -2.19598431910085 -2.00547256693249 -1.81496081476416 -1.62444906259583 -1.43393731042748 -1.31403730387488 -1.40597253416974 -1.49790776446461 -1.58984299475946 -1.68177822505432 -1.77371345534919 -1.86564868564405 -1.9575839159389 -1.89259940087797 -1.77530830403171 -1.65801720718545 -1.54072611033918 -1.42343501349292 -1.30614391664667 -1.18885281980039 -1.14847810069715 -1.33885251482322 -1.52922692894932 -1.71960134307539 -1.90997575720145 -2.10035017132755 -2.29072458545362 -2.48109899957969 -2.55805076956748 -2.59719499150911 -2.63633921345074 -2.67548343539237 -2.714627657334 -2.75377187927563 -2.79291610121726 -2.83615866502125 -2.89169625441232 -2.9472338438034 -3.00277143319447 -3.05830902258554
-2.54414747456712 -2.53517824312054 -2.52620901167396 -2.51723978022737 -2.3746761170527 -2.18758097663529 -2.00048583621788 -1.81339069580044 -1.62629555538304 -1.43920041496563 -1.25210527454819 -1.14369321390986 -1.27133039260902 -1.39896757130821 -1.52660475000737 -1.65424192870653 -1.78187910740572 -1.90951628610488 -2.03715346480405 -1.98095176915328 -1.86347044871914 -1.74598912828501 -1.62850780785085 -1.51102648741671 -1.39354516698257 -1.27606384654841 -1.23323260611953 -1.41435160570668 -1.59547060529387 -1.77658960488103 -1.95770860446818 -2.13882760405537 -2.31994660364252 -2.50106560322968 -2.57342436114946 -2.60952970518005 -2.64563504921064 -2.68174039324124 -2.71784573727183 -2.75395108130242 -2.79005642533302 -2.83036737706925 -2.88329515192242 -2.93622292677561 -2.98915070162878 -3.04207847648196
-2.38715313772363 -2.36344549755258 -2.33973785738153 -2.31603021721048 -2.17234441066787 -1.98866588200138 -1.8049873533349 -1.62130882466838 -1.4376302960019 -1.25395176733541 -1.07027323866889 -0.973349123944821 -1.1366882510483 -1.3000273781518 -1.46336650525527 -1.62670563235875 -1.79004475946225 -1.95338388656572 -2.1167230136692 -2.06930413742861 -1.95163259340659 -1.83396104938456 -1.71628950536252 -1.5986179613405 -1.48094641731847 -1.36327487329643 -1.31798711154191 -1.48985069659015 -1.66171428163843 -1.83357786668667 -2.00544145173491 -2.17730503678318 -2.34916862183143 -2.52103220687967 -2.58879795273144 -2.621864418851 -2.65493088497055 -2.68799735109011 -2.72106381720966 -2.75413028332921 -2.78719674944877 -2.82457608911725 -2.87489404943253 -2.92521200974782 -2.97552997006309 -3.02584793037837
-2.23015880088014 -2.19171275198462 -2.1532667030891 -2.11482065419359 -1.97001270428305 -1.78975078736748 -1.60948887045192 -1.42922695353632 -1.24896503662075 -1.06870311970519 -0.888441202789591 -0.803005033979783 -1.00204610948757 -1.20108718499539 -1.40012826050317 -1.59916933601096 -1.79821041151878 -1.99725148702656 -2.19629256253435 -2.15765650570394 -2.03979473809403 -1.92193297048412 -1.8040712028742 -1.68620943526429 -1.56834766765438 -1.45048590004445 -1.4027416169643 -1.56534978747363 -1.72795795798298 -1.89056612849231 -2.05317429900164 -2.215782469511 -2.37839064002033 -2.54099881052966 -2.60417154431342 -2.63419913252194 -2.66422672073045 -2.69425430893897 -2.72428189714749 -2.754309485356 -2.78433707356452 -2.81878480116525 -2.86649294694263 -2.91420109272002 -2.96190923849741 -3.00961738427479
-2.07316446403666 -2.01998000641667 -1.96679554879669 -1.91361109117671 -1.76768099789824 -1.59083569273359 -1.41399038756895 -1.23714508240427 -1.06029977723963 -0.883454472074983 -0.706609166910307 -0.632660944014758 -0.867403967926852 -1.10214699183899 -1.33689001575108 -1.57163303966317 -1.80637606357531 -2.0411190874874 -2.27586211139949 -2.24600887397926 -2.12795688278147 -2.00990489158368 -1.89185290038586 -1.77380090918807 -1.65574891799028 -1.53769692679247 -1.48749612238667 -1.64084887835709 -1.79420163432754 -1.94755439029795 -2.10090714626837 -2.25425990223881 -2.40761265820923 -2.56096541417965 -2.6195451358954 -2.64653384619288 -2.67352255649036 -2.70051126678784 -2.72749997708532 -2.7544886873828 -2.78147739768028 -2.81299351321325 -2.85809184445274 -2.90319017569223 -2.94828850693172 -2.99338683817121
-1.95791125860482 -1.88750307460628 -1.81709489060776 -1.74668670660923 -1.60666491513455 -1.44343858783449 -1.28021226053442 -1.11698593323433 -0.953759605934262 -0.790533278634197 -0.627306951334104 -0.563494124594605 -0.797921799537142 -1.03234947447972 -1.26677714942226 -1.50120482436479 -1.73563249930737 -1.97006017424991 -2.20448784919245 -2.18373359789455 -2.0779187045164 -1.97210381113825 -1.86628891776009 -1.76047402438194 -1.65465913100379 -1.54884423762562 -1.50646778775583 -1.65440666841132 -1.80234554906684 -1.95028442972233 -2.09822331037783 -2.24616219103334 -2.39410107168884 -2.54203995234433 -2.59736703634262 -2.62182352145513 -2.64628000656764 -2.67073649168015 -2.69519297679266 -2.71964946190516 -2.74410594701767 -2.77333663437101 -2.81688992844687 -2.86044322252274 -2.90399651659859 -2.94754981067445
-1.88439918458465 -1.79428195655348 -1.70416472852233 -1.61404750049118 -1.48696445599202 -1.3475594726702 -1.20815448934838 -1.06874950602653 -0.929344522704714 -0.789939539382895 -0.650534556061051 -0.595504575719388 -0.793599604318483 -0.991694632917612 -1.18978966151671 -1.3878846901158 -1.58597971871493 -1.78407474731403 -1.98216977591312 -1.97083067744973 -1.88968020329876 -1.80852972914779 -1.7273792549968 -1.64622878084583 -1.56507830669486 -1.48392783254387 -1.45965661307173 -1.60602315763629 -1.75238970220087 -1.89875624676543 -2.04512279132998 -2.19148933589456 -2.33785588045912 -2.48422242502368 -2.53763724565506 -2.56006815830867 -2.58249907096227 -2.60492998361588 -2.62736089626948 -2.64979180892308 -2.67222272157669 -2.69981416463852 -2.74288719892501 -2.78596023321152 -2.82903326749801 -2.87210630178451
-1.81088711056449 -1.70106083850069 -1.59123456643691 -1.48140829437314 -1.36726399684949 -1.25168035750592 -1.13609671816234 -1.02051307881875 -0.904929439475169 -0.789345800131592 -0.673762160787996 -0.627515026844169 -0.789277409099825 -0.951039791355509 -1.11280217361116 -1.27456455586682 -1.4363269381225 -1.59808932037816 -1.75985170263382 -1.75792775700494 -1.70144170208114 -1.64495564715734 -1.58846959223353 -1.53198353730973 -1.47549748238593 -1.41901142746212 -1.41284543838763 -1.55763964686125 -1.7024338553349 -1.84722806380852 -1.99202227228214 -2.13681648075579 -2.28161068922941 -2.42640489770303 -2.4779074549675 -2.4983127951622 -2.51871813535691 -2.53912347555161 -2.55952881574631 -2.57993415594101 -2.60033949613572 -2.62629169490602 -2.66888446940316 -2.7114772439003 -2.75407001839744 -2.79666279289457
-1.73737503654431 -1.60783972044789 -1.47830440435149 -1.34876908825509 -1.24756353770696 -1.15580124234163 -1.0640389469763 -0.972276651610952 -0.880514356245621 -0.78875206088029 -0.696989765514943 -0.659525477968952 -0.784955213881166 -0.910384949793401 -1.03581468570562 -1.16124442161783 -1.28667415753007 -1.41210389344228 -1.53753362935449 -1.54502483656012 -1.5132032008635 -1.48138156516687 -1.44955992947024 -1.41773829377362 -1.38591665807699 -1.35409502238036 -1.36603426370353 -1.50925613608622 -1.65247800846893 -1.79569988085161 -1.9389217532343 -2.08214362561701 -2.2253654979997 -2.36858737038238 -2.41817766427994 -2.43655743201574 -2.45493719975154 -2.47331696748734 -2.49169673522314 -2.51007650295894 -2.52845627069474 -2.55276922517353 -2.5948817398813 -2.63699425458908 -2.67910676929686 -2.72121928400463
-1.66386296252414 -1.51461860239509 -1.36537424226606 -1.21612988213703 -1.12786307856443 -1.05992212717734 -0.991981175790256 -0.924040224403159 -0.856099273016073 -0.788158321628987 -0.72021737024189 -0.691535929093735 -0.780633018662507 -0.869730108231294 -0.958827197800066 -1.04792428736884 -1.13702137693763 -1.2261184665064 -1.31521555607517 -1.3321219161153 -1.32496469964585 -1.31780748317641 -1.31065026670696 -1.30349305023751 -1.29633583376806 -1.28917861729861 -1.31922308901943 -1.46087262531118 -1.60252216160295 -1.7441716978947 -1.88582123418645 -2.02747077047823 -2.16912030676998 -2.31076984306173 -2.35844787359238 -2.37480206886927 -2.39115626414617 -2.40751045942307 -2.42386465469996 -2.44021884997686 -2.45657304525376 -2.47924675544103 -2.52087901035944 -2.56251126527786 -2.60414352019628 -2.64577577511469
-1.59035088850398 -1.4213974843423 -1.25244408018065 -1.08349067601899 -1.0081626194219 -0.964043012013061 -0.919923404604219 -0.87580379719537 -0.831684189786527 -0.787564582377685 -0.743444974968835 -0.723546380218516 -0.776310823443849 -0.829075266669191 -0.881839709894524 -0.934604153119856 -0.987368596345199 -1.04013303957053 -1.09289748279586 -1.1192189956705 -1.13672619842823 -1.15423340118595 -1.17174060394368 -1.18924780670141 -1.20675500945913 -1.22426221221686 -1.27241191433533 -1.41248911453615 -1.55256631473699 -1.6926435149378 -1.83272071513861 -1.97279791533945 -2.11287511554027 -2.25295231574108 -2.29871808290482 -2.31304670572281 -2.32737532854081 -2.3417039513588 -2.3560325741768 -2.37036119699479 -2.38468981981278 -2.40572428570853 -2.44687628083759 -2.48802827596665 -2.5291802710957 -2.57033226622475
-1.43561136120317 -1.27658521253621 -1.11755906386927 -0.958532915202338 -0.897651937355614 -0.869486016449018 -0.841320095542422 -0.813154174635821 -0.784988253729225 -0.756822332822629 -0.728656411916028 -0.716073290920917 -0.750238569660315 -0.784403848399718 -0.818569127139116 -0.852734405878513 -0.886899684617917 -0.921064963357314 -0.955230242096712 -0.987202240029971 -1.01844314436118 -1.04968404869238 -1.08092495302359 -1.1121658573548 -1.143406761686 -1.17464766601721 -1.22934778249924 -1.35442553543379 -1.47950328836837 -1.60458104130293 -1.72965879423749 -1.85473654717207 -1.97981430010663 -2.10489205304118 -2.15502300808829 -2.18017169717287 -2.20532038625745 -2.23046907534203 -2.25561776442661 -2.28076645351119 -2.30591514259577 -2.3347999178701 -2.37489295171366 -2.41498598555724 -2.45507901940081 -2.49517205324438
-1.19964438062167 -1.08018178697679 -0.960719193331938 -0.841256599687084 -0.796331032365573 -0.77625114048522 -0.756171248604867 -0.736091356724511 -0.716011464844158 -0.695931572963805 -0.675851681083449 -0.669116661200917 -0.702416257311895 -0.735715853422879 -0.769015449533857 -0.802315045644834 -0.835614641755818 -0.868914237866796 -0.902213833977774 -0.936071649193762 -0.970115537444747 -1.00415942569573 -1.03820331394672 -1.07224720219771 -1.10629109044869 -1.14033497869968 -1.19003069351115 -1.28668188800412 -1.38333308249711 -1.47998427699008 -1.57663547148306 -1.67328666597605 -1.76993786046902 -1.86658905496199 -1.92736264914275 -1.97617704321941 -2.02499143729607 -2.07380583137274 -2.1226202254494 -2.17143461952606 -2.22024901360273 -2.26647365192572 -2.30492902298768 -2.34338439404964 -2.3818397651116 -2.42029513617356
