data/working_set_collections/6091692-Cassins_Sparrow-MC/1985/bio9.asc
NCOLS 265 
NROWS 230 
XLLCORNER -115.5625 
YLLCORNER 24.8333333333333 
CELLSIZE 0.0833333333333333 
NODATA_value -9999 
[rows 160 to 179 of 230, columns 0 to 45 of 265]
24.3485544522603 24.8477414131164 25.3469283739725 25.8461153348286 26.3453022956847 26.8444892565409 27.343676217397 27.4466391086579 27.4175273100535 27.3884155114492 27.3593037128449 27.3301919142405 -9999 -9999 -9999 -9999 -9999 -9999 -9999 -9999 -9999 -9999 -9999 -9999 -9999 -9999 -9999 -9999 -9999 24.3012585322062 24.5294383366903 24.7576181411743 24.9857979456583 25.2139777501424 25.4421575546264 25.6703373591105 25.8985171635945 25.9585507392883 25.962535572052 25.9665204048157 25.9705052375793 25.974490070343 25.9784749031067 25.9824597358703 25.9526788552602 25.8216008345286
24.4593848652309 24.9041094779967 25.3488340907626 25.7935587035285 26.2382833162943 26.6830079290601 27.127732541826 27.2618426799774 27.292414659924 27.3229866398705 27.3535586198171 27.3841305997636 -9999 -9999 -9999 -9999 -9999 -9999 -9999 -9999 -9999 -9999 -9999 -9999 -9999 -9999 -9999 -9999 -9999 -9999 24.4140316645304 24.6544609705607 24.8948902765909 25.1353195826212 25.3757488886515 25.6161781946818 25.8566075007121 25.9333750724792 25.9555887328254 25.9778023931715 26.0000160535176 26.0222297138638 26.0444433742099 26.0666570345561 26.0560649606917 25.9470556841956
24.3050509028965 24.7410290082296 25.1770071135627 25.6129852188958 26.0489633242289 26.484941429562 26.9209195348951 27.0814637025198 27.1501965575748 27.2189294126299 27.2876622676849 27.35639512274 -9999 -9999 -9999 -9999 -9999 -9999 -9999 -9999 -9999 -9999 -9999 -9999 -9999 -9999 -9999 -9999 -9999 -9999 -9999 24.5329491774241 24.7809358861711 25.0289225949181 25.2769093036651 25.5248960124121 25.7728827211592 25.8568652947744 25.8861798233456 25.9154943519169 25.9448088804881 25.9741234090593 26.0034379376306 26.0327524662018 26.0320109791226 25.9411014450921
23.8855525652568 24.3585000038147 24.8314474423726 25.3043948809306 25.7773423194885 26.2502897580464 26.7232371966044 26.9055021762848 26.990873003006 27.0762438297272 27.1616146564484 27.2469854831696 -9999 -9999 -9999 -9999 -9999 -9999 -9999 -9999 -9999 -9999 -9999 -9999 -9999 -9999 -9999 -9999 -9999 -9999 -9999 -9999 24.6439347743988 24.8947867870331 25.1456387996673 25.3964908123016 25.6473428249359 25.7290214061737 25.7543088436127 25.7795962810517 25.8048837184906 25.8301711559296 25.8554585933686 25.8807460308075 25.880516910553 25.803738117218
23.4660542276171 23.9759709993998 24.4858877711825 24.9958045429653 25.5057213147481 26.0156380865308 26.5255548583136 26.7295406500499 26.8315494484372 26.9335582468245 27.0355670452118 27.1375758435991 -9999 -9999 -9999 -9999 -9999 -9999 -9999 -9999 -9999 -9999 -9999 -9999 -9999 -9999 -9999 -9999 -9999 -9999 -9999 -9999 24.5069336626264 24.760650979148 25.0143682956695 25.2680856121911 25.5218029287126 25.6011775175731 25.6224378638797 25.6436982101864 25.6649585564931 25.6862189027998 25.7074792491065 25.7287395954132 25.7290228419834 25.666374789344
23.0465558899774 23.5934419949849 24.1403280999925 24.6872142050001 25.2341003100077 25.7809864150152 26.3278725200229 26.5535791238149 26.6722258938683 26.7908726639218 26.9095194339752 27.0281662040287 -9999 -9999 -9999 -9999 -9999 -9999 -9999 -9999 -9999 -9999 -9999 -9999 -9999 -9999 -9999 -9999 -9999 -9999 -9999 -9999 24.3699325508541 24.626515171263 24.8830977916717 25.1396804120805 25.3962630324893 25.4733336289724 25.4905668841468 25.5078001393212 25.5250333944957 25.5422666496701 25.5594999048445 25.5767331600189 25.5775287734138 25.5290114614699
22.6270575523377 23.21091299057 23.7947684288024 24.3786238670349 24.9624793052673 25.5463347434997 26.1301901817321 26.37761759758 26.5129023392995 26.6481870810191 26.7834718227386 26.9187565644582 -9999 -9999 -9999 -9999 -9999 -9999 -9999 -9999 -9999 -9999 -9999 -9999 -9999 -9999 -9999 -9999 -9999 -9999 -9999 -9999 24.2329314390818 24.4923793633779 24.7518272876739 25.01127521197 25.2707231362661 25.3454897403717 25.3586959044139 25.371902068456 25.3851082324982 25.3983143965403 25.4115205605825 25.4247267246247 25.4260347048442 25.3916481335958
22.2075592146979 22.8283839861551 23.4492087576123 24.0700335290697 24.6908583005269 25.3116830719841 25.9325078434414 26.201656071345 26.3535787847307 26.5055014981164 26.6574242115021 26.8093469248877 -9999 -9999 -9999 -9999 -9999 -9999 -9999 -9999 -9999 -9999 -9999 -9999 -9999 -9999 -9999 -9999 -9999 -9999 -9999 -9999 24.0959303273095 24.3582435554928 24.6205567836761 24.8828700118594 25.1451832400428 25.2176458517711 25.2268249246809 25.2360039975908 25.2451830705007 25.2543621434106 25.2635412163205 25.2727202892304 25.2745406362746 25.2542848057217
21.7086814509498 22.3496435642242 22.9906056774987 23.6315677907732 24.2725299040477 24.9134920173221 25.5544541305966 25.8484992345175 26.0269053353204 26.2053114361234 26.3837175369263 26.5621236377293 26.7405297385322 -9999 -9999 -9999 -9999 -9999 -9999 -9999 -9999 -9999 -9999 -9999 -9999 -9999 -9999 -9999 -9999 -9999 -9999 -9999 -9999 24.2685924159156 24.5286342461904 24.7886760764651 25.04871790674 25.1047809123993 25.0928509765201 25.080921040641 25.0689911047618 25.0570611688826 25.0451312330035 25.0332012971243 25.0209925704533 25.0079474714068
21.1304242610932 21.7746917247772 22.4189591884613 23.0632266521454 23.7074941158295 24.3517615795135 24.9960290431977 25.3181470870972 25.5328819910686 25.7476168950399 25.9623517990113 26.1770867029826 26.391821606954 26.6065565109253 26.6587374846142 -9999 -9999 -9999 -9999 -9999 -9999 -9999 -9999 -9999 -9999 -9999 -9999 -9999 -9999 -9999 -9999 -9999 -9999 -9999 24.4760596752166 24.7286934057871 24.9813271363576 25.0068949222565 24.9567740599315 24.9066531976064 24.8565323352814 24.8064114729564 24.7562906106314 24.7061697483063 24.6653905073802 24.6526361306509
20.5521670712365 21.1997398853302 21.8473126994238 22.4948855135176 23.1424583276113 23.7900311417049 24.4376039557987 24.787794939677 25.0388586468167 25.2899223539565 25.5409860610962 25.7920497682359 26.0431134753757 26.2941771825155 26.3873654206595 26.0069272518159 -9999 -9999 -9999 -9999 -9999 -9999 -9999 -9999 -9999 -9999 -9999 -9999 -9999 -9999 -9999 -9999 -9999 -9999 -9999 24.6687107351091 24.9139363659753 24.9090089321137 24.8206971433428 24.7323853545719 24.644073565801 24.5557617770301 24.4674499882593 24.3791381994884 24.3097884443072 24.297324789895
19.9739098813799 20.6247880458832 21.2756662103865 21.9265443748898 22.5774225393931 23.2283007038964 23.8791788683998 24.2574427922567 24.5448353025649 24.832227812873 25.1196203231812 25.4070128334893 25.6944053437975 25.9817978541056 26.1159933567048 25.7905978361766 25.4652023156485 25.1398067951203 -9999 -9999 -9999 -9999 -9999 -9999 -9999 -9999 -9999 -9999 -9999 -9999 -9999 -9999 -9999 -9999 -9999 24.608728064431 24.8465455955929 24.8111229419709 24.6846202267541 24.5581175115374 24.4316147963207 24.3051120811039 24.1786093658872 24.0521066506705 23.9541863812341 23.9420134491391
19.3956526915233 20.0498362064361 20.704019721349 21.358203236262 22.0123867511749 22.6665702660878 23.3207537810008 23.7270906448365 24.050811958313 24.3745332717896 24.6982545852661 25.0219758987427 25.3456972122193 25.6694185256958 25.8446212927502 25.5742684205374 25.3039155483247 25.0335626761119 -9999 -9999 -9999 -9999 -9999 -9999 -9999 -9999 -9999 -9999 -9999 -9999 -9999 -9999 -9999 -9999 -9999 -9999 24.7791548252106 24.713236951828 24.5485433101655 24.3838496685029 24.2191560268403 24.0544623851777 23.8897687435151 23.7250751018525 23.5985843181611 23.5867021083832
-9999 19.4748843669891 20.1323732323116 20.7898620976342 21.4473509629567 22.1048398282792 22.7623286936018 23.1967384974162 23.5567886140611 23.9168387307061 24.2768888473511 24.636938963996 24.996989080641 25.357039197286 25.5732492287955 25.3579390048981 25.1426287810008 24.9273185571035 24.7120083332062 24.4966981093089 24.2813878854116 -9999 -9999 -9999 23.6759266800351 -9999 -9999 -9999 -9999 -9999 -9999 -9999 -9999 -9999 -9999 -9999 24.7117640548282 24.6153509616852 24.4124663935768 24.2095818254683 24.0066972573599 23.8038126892515 23.600928121143 23.3980435530345 23.242982255088 23.2313907676273
-9999 -9999 -9999 20.2958932664659 20.8961217244466 21.4963501824273 22.0965786404081 22.5281340440115 22.9034650961559 23.2787961483003 23.6541272004446 24.029458252589 24.4047893047334 24.7801203568777 25.0269910865362 24.8884808487364 24.7499706109366 24.6114603731369 24.4729501353371 24.3344398975373 24.1959296597376 -9999 -9999 23.811617951923 23.6909471458859 23.5702763398489 23.4496055338118 -9999 -9999 -9999 -9999 -9999 -9999 -9999 -9999 -9999 24.4304928832585 24.3386554082236 24.1558499442208 23.9730444802179 23.7902390162151 23.6074335522123 23.4246280882094 23.2418226242066 23.1041970570882 23.1021111806234
-9999 -9999 -9999 -9999 20.3586990356445 20.8411013285319 21.3235036214193 21.7212772846223 22.090841404597 22.4604055245718 22.8299696445466 23.1995337645213 23.5690978844962 23.9386620044709 24.205846865972 24.1658939520519 24.1259410381318 24.0859881242117 24.0460352102916 24.0060822963715 23.9661293824514 23.9261764685313 -9999 23.7437006473542 23.6451363086701 23.546571969986 23.4480076313019 23.3494432926178 -9999 -9999 -9999 -9999 -9999 -9999 -9999 -9999 -9999 23.883150291443 23.7786939620973 23.6742376327515 23.5697813034058 23.4653249740601 23.3608686447144 23.2564123153687 23.1822287241618 23.1988633473714
-9999 -9999 -9999 -9999 -9999 -9999 -9999 20.914420525233 21.2782177130382 21.6420149008434 22.0058120886485 22.3696092764537 22.7334064642589 23.0972036520641 23.3847026454079 23.4433070553675 23.501911465327 23.5605158752866 23.6191202852462 23.6777246952057 23.7363291051653 23.7949335151249 23.7522412141164 23.6757833427853 23.5993254714542 23.5228676001231 23.446409728792 23.3699518574609 23.2934939861298 23.2431864155663 -9999 -9999 -9999 -9999 -9999 -9999 -9999 -9999 23.4015379799737 23.3754307852851 23.3493235905966 23.323216395908 23.2971092012194 23.2710020065308 23.2602603912353 23.2956155141194
-9999 -9999 -9999 -9999 -9999 -9999 -9999 -9999 20.4655940214794 20.823624277115 21.1816545327505 21.5396847883861 21.8977150440217 22.2557452996573 22.5635584248438 22.7207201586831 22.8778818925223 23.0350436263615 23.1922053602007 23.34936709404 23.5065288278792 23.6636905617184 23.6622174421946 23.6078660382165 -9999 23.4991632302602 23.4448118262821 23.3904604223039 23.3361090183258 23.283265903261 -9999 -9999 -9999 -9999 -9999 -9999 -9999 22.9721400578818 23.0243819978503 23.0766239378188 23.1288658777873 23.1811078177558 23.2333497577243 23.2855916976929 23.3382920583089 23.3923676808675
-9999 -9999 -9999 -9999 -9999 -9999 -9999 -9999 -9999 20.0052336533865 20.3574969768525 20.7097603003185 21.0620236237845 21.4142869472505 21.7424142042797 21.9981332619986 22.2538523197175 22.5095713774364 22.7652904351553 23.0210094928742 23.276728550593 23.532447608312 23.5721936702728 23.5399487336477 -9999 -9999 23.4432139237722 23.410968987147 23.3787240505218 -9999 -9999 -9999 -9999 -9999 -9999 -9999 22.4498865922293 22.5166349411011 22.6472260157268 22.7778170903524 22.908408164978 23.0389992396037 23.1695903142293 23.300181388855 23.4163237253825 23.4891198476155
-9999 -9999 -9999 -9999 -9999 -9999 -9999 -9999 -9999 -9999 -9999 19.8798358122508 20.2263322035472 20.5728285948436 20.9212699837155 21.2755463653141 21.6298227469127 21.9840991285112 22.3383755101098 22.6926518917084 23.0469282733069 23.4012046549055 23.482169898351 23.4720314290789 23.4618929598067 -9999 -9999 23.4314775519901 -9999 -9999 -9999 -9999 -9999 -9999 -9999 22.1559764279261 21.954735019472 22.0611298243205 22.2700700336032 22.479010242886 22.6879504521688 22.8968906614515 23.1058308707343 23.3147710800171 23.494355392456 23.5858720143636
