data/working_set_collections/6091692-Cassins_Sparrow-MC/2005/bio13.asc
NCOLS 265 
NROWS 230 
XLLCORNER -115.5625 
YLLCORNER 24.8333333333333 
CELLSIZE 0.0833333333333333 
NODATA_value -9999 
[rows 160 to 179 of 230, columns 46 to 91 of 265]
83.6140466690059 86.5086977004999 89.4033487319944 92.2979997634884 95.1926507949824 98.0873018264768 98.1838535308841 97.347705459595 96.5115573883059 95.6754093170169 94.8392612457279 94.0031131744387 93.1669651031497 93.2561727523799 96.1214475631712 98.986722373962 101.851997184753 104.717271995544 107.582546806335 110.447821617126 113.313096427917 114.119334030151 114.2392258962 114.359117762248 114.479009628296 114.598901494344 114.718793360392 114.83868522644 114.731122398377 113.941195487976 113.151268577576 112.361341667175 111.571414756775 110.781487846374 109.991560935974 109.201634025574 108.706854057312 108.310456403096 107.914058748881 107.517661094665 107.12126344045 106.724865786234 106.328468132019 105.927863502502 105.514637947082 105.101412391662
83.233594067891 86.064689360724 88.8957846535574 91.7268799463904 94.5579752392234 97.3890705320568 97.4393393198652 96.5626659393313 95.6859925587974 94.8093191782636 93.9326457977298 93.0559724171959 92.1792990366621 92.2598083708016 95.2118658489649 98.1639233271277 101.11598080529 104.068038283454 107.020095761617 109.972153239779 112.924210717943 113.79636777242 113.975224685669 114.154081598918 114.332938512166 114.511795425415 114.690652338664 114.869509251912 114.852375136482 114.247267935011 113.642160733541 113.037053532071 112.4319463306 111.82683912913 111.22173192766 110.616624726189 110.20420627594 109.85601740943 109.507828542921 109.159639676412 108.811450809902 108.463261943393 108.115073076884 107.76173754798 107.392962031894 107.024186515808
83.6035446802768 86.3815716001714 89.1595985200665 91.9376254399611 94.7156523598557 97.4936792797508 97.5451420466105 96.6877500957913 95.8303581449719 94.9729661941527 94.1155742433336 93.2581822925142 92.400790341695 92.4988698747413 95.463363859388 98.4278578440341 101.39235182868 104.356845813327 107.321339797973 110.285833782619 113.250327767266 114.148267936706 114.357356834411 114.566445732116 114.775534629822 114.984623527527 115.193712425232 115.402801322937 115.448146205478 115.002259042528 114.556371879577 114.110484716627 113.664597553677 113.218710390726 112.772823227776 112.326936064826 111.990525436401 111.690606986151 111.390688535902 111.090770085652 110.790851635403 110.490933185153 110.191014734904 109.877396244473 109.522677633497 109.167959022522
84.7238985061639 87.4593444188428 90.1947903315221 92.930236244201 95.6656821568799 98.4011280695593 98.5012617111206 97.7229579289754 96.9446541468301 96.166350364685 95.3880465825398 94.6097428003945 93.8314390182494 93.9733572641999 96.8759415944412 99.7785259246819 102.681110254923 105.583694585164 108.486278915405 111.388863245645 114.291447575887 115.17503452301 115.385622342427 115.596210161845 115.806797981262 116.017385800679 116.227973620097 116.438561439514 116.518435605367 116.206168810526 115.893902015686 115.581635220845 115.269368426005 114.957101631164 114.644834836324 114.332568041483 114.065811538696 113.81422513326 113.562638727824 113.311052322387 113.059465916951 112.807879511515 112.556293106079 112.27483959198 111.903784751892 111.532729911804
85.844252332051 88.5371172375142 91.2299821429778 93.922847048441 96.6157119539042 99.3085768593678 99.4573813756307 98.7581657621596 98.0589501486883 97.3597345352172 96.6605189217461 95.9613033082749 95.2620876948038 95.4478446536585 98.2885193294944 101.12919400533 103.969868681165 106.810543357001 109.651218032836 112.491892708672 115.332567384507 116.201801109314 116.413887850443 116.625974591573 116.838061332702 117.050148073832 117.262234814962 117.474321556091 117.588725005256 117.410078578525 117.231432151794 117.052785725064 116.874139298333 116.695492871602 116.516846444871 116.338200018141 116.141097640991 115.937843280368 115.734588919745 115.531334559122 115.3280801985 115.124825837877 114.921571477254 114.672282939487 114.284891870286 113.897500801086
86.964606157938 89.6148900561854 92.2651739544334 94.9154578526808 97.5657417509283 100.216025649176 100.413501040141 99.7933735953436 99.1732461505464 98.5531187057494 97.9329912609523 97.3128638161551 96.692736371358 96.922332043117 99.7010970645475 102.479862085977 105.258627107407 108.037392128838 110.816157150268 113.594922171698 116.373687193128 117.228567695617 117.442153358459 117.655739021301 117.869324684143 118.082910346985 118.296496009826 118.510081672668 118.659014405144 118.613988346523 118.568962287903 118.523936229282 118.478910170661 118.43388411204 118.388858053419 118.343831994798 118.216383743286 118.061461427476 117.906539111667 117.751616795857 117.596694480048 117.441772164238 117.286849848429 117.069726286994 116.665998988681 116.262271690368
88.084959983825 90.6926628748568 93.300365765889 95.9080686569208 98.5157715479525 101.123474438985 101.369620704651 100.828581428528 100.287542152405 99.7465028762816 99.2054636001586 98.6644243240355 98.1233850479124 98.3968194325756 101.113674799601 103.830530166625 106.54738553365 109.264240900675 111.9810962677 114.697951634724 117.414807001749 118.255334281921 118.470418866475 118.685503451029 118.900588035583 119.115672620137 119.330757204691 119.545841789245 119.729303805033 119.817898114522 119.906492424011 119.9950867335 120.083681042989 120.172275352478 120.260869661967 120.349463971456 120.291669845581 120.185079574585 120.078489303588 119.971899032592 119.865308761596 119.7587184906 119.652128219604 119.467169634501 119.047106107076 118.627042579651
89.2053138097121 91.7704356935282 94.3355575773447 96.9006794611607 99.4658013449768 102.030923228793 102.325740369161 101.863789261712 101.401838154263 100.939887046814 100.477935939365 100.015984831916 99.5540337244668 99.8713068220342 102.526252534654 105.181198247273 107.836143959892 110.491089672512 113.146035385131 115.80098109775 118.45592681037 119.282100868225 119.498684374491 119.715267880757 119.931851387024 120.14843489329 120.365018399556 120.581601905823 120.799593204922 121.021807882521 121.244022560119 121.466237237718 121.688451915317 121.910666592916 122.132881270514 122.355095948113 122.366955947876 122.308697721693 122.25043949551 122.192181269328 122.133923043145 122.075664816962 122.017406590779 121.864612982008 121.42821322547 120.991813468933
90.0448382059728 92.5676168653693 95.0903955247663 97.6131741841629 100.135952843559 102.658731502956 102.992350959778 102.596250682407 102.200150405036 101.804050127665 101.407949850294 101.011849572923 100.615749295553 100.971733368767 103.58397049374 106.196207618713 108.808444743686 111.420681868659 114.032918993631 116.645156118604 119.257393243577 120.152783838908 120.47589225769 120.799000676473 121.122109095255 121.445217514038 121.76832593282 122.091434351603 122.428217379252 122.8060242335 123.183831087748 123.561637941996 123.939444796244 124.317251650492 124.69505850474 125.072865358988 125.154385503132 125.137143410576 125.11990131802 125.102659225463 125.085417132907 125.06817504035 125.050932947794 124.9081805759 124.388897365993 123.869614156087
90.6035331726069 93.0842063903802 95.5648796081539 98.0455528259272 100.526226043701 103.006899261474 103.369452476501 103.025965690613 102.682478904724 102.338992118835 101.995505332947 101.652018547058 101.308531761169 101.698099072774 104.286828676859 106.875558280944 109.464287885029 112.053017489115 114.6417470932 117.230476697285 119.819206301371 120.86738319397 121.402042516072 121.936701838175 122.471361160278 123.006020482381 123.540679804484 124.075339126586 124.615176328023 125.17054716746 125.725918006896 126.281288846333 126.83665968577 127.392030525207 127.947401364644 128.502772204081 128.653958511352 128.670416641235 128.686874771118 128.703332901 128.719791030883 128.736249160766 128.752707290649 128.597872416178 127.929158528645 127.260444641113
91.162228139241 93.6007959153911 96.0393636915415 98.4779314676916 100.916499243842 103.355067019992 103.746553993225 103.455680698819 103.164807404412 102.873934110006 102.583060815599 102.292187521193 102.001314226786 102.42446477678 104.989686859978 107.554908943176 110.120131026373 112.685353109571 115.250575192769 117.815797275966 120.381019359164 121.581982549031 122.328192774454 123.074402999878 123.820613225301 124.566823450724 125.313033676147 126.05924390157 126.802135276794 127.53507010142 128.268004926045 129.000939750671 129.733874575297 130.466809399922 131.199744224548 131.932679049173 132.153531519571 132.203689871893 132.253848224216 132.304006576538 132.35416492886 132.404323281182 132.454481633504 132.287564256456 131.469419691297 130.651275126139
91.7209231058751 94.1173854404019 96.5138477749291 98.9103101094559 101.306772443983 103.70323477851 104.123655509949 103.885395707024 103.6471359041 103.408876101176 103.170616298252 102.932356495327 102.694096692403 103.150830480787 105.692545043097 108.234259605407 110.775974167717 113.317688730028 115.859403292338 118.401117854647 120.942832416958 122.296581904093 123.254343032837 124.21210416158 125.169865290323 126.127626419067 127.08538754781 128.043148676554 128.989094225565 129.899593035379 130.810091845194 131.720590655008 132.631089464823 133.541588274637 134.452087084451 135.362585894266 135.653104527791 135.736963102552 135.820821677313 135.904680252074 135.988538826836 136.072397401597 136.156255976358 135.977256096733 135.009680853949 134.042105611165
92.2796180725093 94.6339749654128 96.9883318583167 99.3426887512202 101.697045644124 104.051402537028 104.500757026672 104.31511071523 104.129464403788 103.943818092346 103.758171780904 103.572525469462 103.38687915802 103.877196184793 106.395403226216 108.913610267639 111.431817309061 113.950024350484 116.468231391906 118.986438433329 121.504645474751 123.011181259155 124.180493291219 125.349805323283 126.519117355346 127.68842938741 128.857741419474 130.027053451538 131.176053174336 132.264115969339 133.352178764343 134.440241559346 135.528304354349 136.616367149352 137.704429944355 138.792492739359 139.15267753601 139.270236333211 139.387795130411 139.505353927612 139.622912724812 139.740471522013 139.858030319213 139.666947937011 138.549942016601 137.432936096191
92.8383130391434 95.1505644904237 97.4628159417043 99.7750673929846 102.087318844265 104.399570295546 104.877858543396 104.744825723436 104.611792903476 104.478760083516 104.345727263557 104.212694443597 104.079661623637 104.6035618888 107.098261409335 109.59296092987 112.087660450405 114.58235997094 117.077059491475 119.57175901201 122.066458532545 123.725780614217 125.106643549601 126.487506484985 127.868369420369 129.249232355753 130.630095291137 132.010958226521 133.363012123107 134.628638903299 135.894265683491 137.159892463683 138.425519243876 139.691146024068 140.95677280426 142.222399584452 142.65225054423 142.803509563869 142.954768583509 143.106027603149 143.257286622789 143.408545642428 143.559804662068 143.356639777289 142.090203179253 140.823766581217
93.6526083628331 95.8965492672384 98.140490171644 100.384431076049 102.628371980455 104.87231288486 105.310017395019 105.145643107096 104.981268819173 104.81689453125 104.652520243327 104.488145955404 104.323771667481 104.853902986314 107.46755112542 110.081199264526 112.694847403632 115.308495542738 117.922143681843 120.535791820949 123.149439960055 125.080203437804 126.783338695101 128.486473952399 130.189609209696 131.892744466992 133.59587972429 135.299014981587 136.967961078219 138.534339692856 140.100718307494 141.667096922131 143.233475536769 144.799854151406 146.366232766044 147.932611380681 148.429156239826 148.569089847139 148.709023454453 148.848957061766 148.988890669079 149.128824276393 149.268757883706 148.975899887084 147.384667078653 145.793434270222
94.7225040435786 96.8719292958571 99.021354548136 101.170779800415 103.320205052693 105.469630304972 105.797233581543 105.517562866211 105.237892150879 104.958221435547 104.678550720215 104.398880004883 104.119209289551 104.628219477335 107.503272374471 110.378325271606 113.253378168741 116.128431065877 119.003483963012 121.878536860147 124.753589757283 127.074449729919 129.210578727721 131.346707725524 133.482836723327 135.618965721129 137.755094718932 139.891223716735 141.990900039672 143.981218338012 145.971536636351 147.961854934691 149.952173233031 151.942491531371 153.93280982971 155.92312812805 156.483394622801 156.566977183023 156.650559743244 156.734142303465 156.817724863687 156.901307423908 156.98488998413 156.524728266397 154.433333714802 152.341939163207
95.792399724324 97.8473093244758 99.902218924628 101.95712852478 104.012038124932 106.066947725084 106.284449768066 105.889482625326 105.494515482585 105.099548339844 104.704581197103 104.309614054362 103.914646911621 104.402535968356 107.538993623521 110.675451278686 113.811908933851 116.948366589016 120.084824244181 123.221281899345 126.357739554511 129.068696022033 131.637818760341 134.20694149865 136.776064236958 139.345186975266 141.914309713575 144.483432451883 147.013839001125 149.428096983167 151.842354965209 154.256612947251 156.670870929293 159.085128911335 161.499386893377 163.913644875419 164.537633005777 164.564864518906 164.592096032036 164.619327545165 164.646559058294 164.673790571424 164.701022084553 164.073556645711 161.482000350951 158.890444056193
96.8622954050694 98.8226893530945 100.78308330112 102.743477249145 104.70387119717 106.664265145196 106.77166595459 106.26140238444 105.75113881429 105.240875244141 104.730611673991 104.220348103841 103.710084533692 104.176852459377 107.574714872572 110.972577285766 114.37043969896 117.768302112155 121.166164525349 124.564026938543 127.961889351738 131.062942314147 134.065058792961 137.067175271775 140.069291750589 143.071408229403 146.073524708217 149.075641187031 152.036777962577 154.874975628322 157.713173294066 160.55137095981 163.389568625554 166.227766291299 169.065963957043 171.904161622787 172.591871388752 172.562751854789 172.533632320826 172.504512786864 172.475393252901 172.446273718938 172.417154184976 171.622385025024 168.5306669871 165.438948949177
97.9321910858149 99.7980693817133 101.663947677612 103.52982597351 105.395704269409 107.261582565307 107.258882141113 106.633322143555 106.007762145996 105.382202148438 104.756642150879 104.13108215332 103.505522155762 103.951168950398 107.610436121622 111.269703292846 114.92897046407 118.588237635294 122.247504806518 125.906771977741 129.566039148966 133.057188606261 136.492298825581 139.927409044901 143.36251926422 146.797629483539 150.232739702859 153.667849922179 157.05971692403 160.321854273477 163.583991622923 166.84612897237 170.108266321817 173.370403671263 176.632541020709 179.894678370156 180.646109771727 180.560639190673 180.475168609618 180.389698028563 180.304227447508 180.218756866454 180.133286285399 179.171213404337 175.57933362325 171.987453842163
99.0020867665604 100.773449410332 102.544812054104 104.316174697876 106.087537341647 107.858899985419 107.746098327637 107.005241902669 106.264385477702 105.523529052734 104.782672627767 104.0418162028 103.300959777832 103.725485441419 107.646157370673 111.566829299926 115.487501229179 119.408173158433 123.328845087686 127.24951701694 131.170188946193 135.051434898376 138.919538858201 142.787642818026 146.655746777851 150.523850737676 154.391954697502 158.260058657327 162.082655885483 165.768732918632 169.454809951781 173.140886984929 176.826964018079 180.513041051227 184.199118084376 187.885195117525 188.700348154703 188.558526526556 188.416704898409 188.274883270263 188.133061642116 187.991240013969 187.849418385823 186.720041783651 182.628000259399 178.535958735148
