data/working_set_collections/6091692-Cassins_Sparrow-MC/2005/bio17.asc
NCOLS 265 
NROWS 230 
XLLCORNER -115.5625 
YLLCORNER 24.8333333333333 
CELLSIZE 0.0833333333333333 
NODATA_value -9999 
[rows 40 to 59 of 230, columns 46 to 91 of 265]
76.6829393386839 77.9101180394488 79.1372967402139 80.3644754409788 81.5916541417437 82.8188328425088 82.8439468383789 82.4683725992839 82.0927983601889 81.7172241210938 81.3416498819988 80.9660756429038 80.5905014038088 80.0058756510421 78.7940953572594 77.5823150634769 76.3705347696944 75.1587544759117 73.9469741821293 72.7351938883468 71.5234135945641 69.5032274246221 67.2135726292934 64.9239178339643 62.6342630386356 60.3446082433069 58.0549534479778 55.7652986526491 53.9290071805317 53.4528056780495 52.9766041755674 52.5004026730853 52.0242011706031 51.547999668121 51.0717981656389 50.5955966631567 51.4629636764519 52.7781868616732 54.0934100468947 55.408633232116 56.7238564173373 58.0390796025588 59.3543027877801 61.5180267651861 66.2272531191499 70.9364794731128
76.3518189112344 77.7095553716021 79.0672918319701 80.4250282923378 81.7827647527055 83.1405012130735 83.0955846150717 82.583116997613 82.0706493801542 81.5581817626954 81.0457141452367 80.5332465277779 80.0207789103192 79.3237548828129 78.073061625163 76.8223683675133 75.5716751098637 74.3209818522138 73.0702885945641 71.8195953369145 70.5689020792646 68.7580732345586 66.7605325275002 64.7629918204416 62.7654511133833 60.767910406325 58.7703696992664 56.772828992208 55.2048810217114 54.9257112609014 54.6465415000914 54.3673717392813 54.0882019784713 53.8090322176613 53.5298624568512 53.2506926960412 54.1501741409296 55.442539321051 56.7349045011727 58.0272696812942 59.3196348614156 60.6120000415373 61.9043652216588 64.0169796519795 68.5903418329018 73.1637040138234
75.5678410212198 76.8711339526705 78.1744268841214 79.4777198155721 80.7810127470228 82.0843056784737 82.001989491781 81.4578035990401 80.9136177062992 80.3694318135583 79.8252459208174 79.2810600280765 78.7368741353356 78.0195361455287 76.7827418645226 75.5459475835169 74.309153302511 73.072359021505 71.8355647404993 70.5987704594935 69.3619761784875 67.743950080872 65.9988467110533 64.2537433412343 62.5086399714156 60.7635366015969 59.0184332317778 57.2733298619591 55.9592924859788 55.9384530915154 55.9176136970519 55.8967743025884 55.875934908125 55.8550955136615 55.834256119198 55.8134167247346 56.7419101397192 57.98684782452 59.231785509321 60.4767231941218 61.7216608789227 62.9665985637237 64.2115362485245 66.2480234569961 70.6591592364834 75.0702950159699
74.3310056686402 75.3948537826538 76.4587018966676 77.5225500106813 78.586398124695 79.6502462387088 79.5631614685064 79.092432403565 78.6217033386235 78.1509742736821 77.6802452087407 77.2095161437992 76.7387870788578 76.0932194391892 74.9231360753382 73.7530527114873 72.5829693476365 71.4128859837854 70.2428026199346 69.0727192560837 67.9026358922326 66.4608579635625 64.9285151799525 63.3961723963423 61.8638296127323 60.3314868291223 58.7991440455121 57.2668012619021 56.1922415733336 56.4910311698912 56.7898207664488 57.0886103630063 57.3873999595639 57.6861895561215 57.984979152679 58.2837687492366 59.2381716728204 60.4111123720798 61.5840530713394 62.7569937705988 63.9299344698582 65.1028751691178 66.2758158683771 68.2111581802355 72.4337053298942 76.6562524795522
73.0941703160604 73.918573612637 74.7429769092138 75.5673802057903 76.3917835023669 77.2161867989437 77.1243334452315 76.7270612080896 76.3297889709476 75.9325167338057 75.5352444966638 75.1379722595218 74.7407000223799 74.1669027328496 73.0635302861536 71.9601578394576 70.8567853927617 69.7534129460656 68.6500404993697 67.5466680526738 66.4432956059777 65.1777658462528 63.8581836488516 62.5386014514502 61.219019254049 59.8994370566478 58.5798548592463 57.2602726618451 56.4251906606884 57.0436092482671 57.6620278358457 58.2804464234243 58.898865011003 59.5172835985816 60.1357021861602 60.7541207737389 61.7344332059219 62.8353769196398 63.936320633358 65.0372643470759 66.1382080607938 67.239151774512 68.3400954882299 70.1742929034751 74.2082514233052 78.2422099431347
71.8573349634807 72.4422934426202 73.0272519217598 73.6122104008994 74.1971688800389 74.7821273591785 74.6855054219567 74.3616900126143 74.0378746032718 73.7140591939293 73.3902437845869 73.0664283752444 72.742612965902 72.2405860265101 71.2039244969689 70.167262967428 69.130601437887 68.0939399083458 67.0572783788049 66.0206168492639 64.9839553197228 63.8946737289432 62.7878521177508 61.6810305065581 60.5742088953657 59.4673872841732 58.3605656729806 57.2537440617881 56.6581397480432 57.596187326643 58.5342349052427 59.4722824838423 60.4103300624421 61.3483776410417 62.2864252196413 63.2244727982411 64.2306947390234 65.2596414671999 66.2885881953765 67.317534923553 68.3464816517295 69.3754283799062 70.4043751080827 72.1374276267147 75.9827975167162 79.8281674067171
70.620499610901 70.9660132726035 71.3115269343061 71.6570405960086 72.0025542577111 72.3480679194136 72.2466773986821 71.9963188171391 71.7459602355961 71.4956016540532 71.2452430725102 70.9948844909672 70.7445259094242 70.3142693201706 69.3443187077845 68.3743680953984 67.4044174830124 66.4344668706262 65.4645162582402 64.4945656458542 63.524615033468 62.6115816116337 61.71752058665 60.8234595616661 59.9293985366824 59.0353375116987 58.1412764867148 57.2472154617311 56.891088835398 58.1487654050189 59.4064419746395 60.6641185442602 61.921795113881 63.1794716835017 64.4371482531223 65.6948248227432 66.7269562721247 67.6839060147597 68.6408557573949 69.59780550003 70.554755242665 71.5117049853002 72.4686547279353 74.1005623499541 77.757343610127 81.4141248702994
69.3836642583213 69.4897331025867 69.5958019468522 69.7018707911176 69.807939635383 69.9140084796485 69.8078493754073 69.6309476216638 69.4540458679203 69.2771441141768 69.1002423604333 68.9233406066898 68.7464388529463 68.387952613831 67.4847129185998 66.5814732233687 65.6782335281377 64.7749938329064 63.8717541376753 62.9685144424443 62.065274747213 61.328489494324 60.6471890555491 59.965888616774 59.2845881779991 58.6032877392241 57.9219873004491 57.2406868616741 57.1240379227528 58.7013434833948 60.2786490440365 61.8559546046782 63.4332601653201 65.0105657259618 66.5878712866035 68.1651768472454 69.2232178052261 70.1081705623197 70.9931233194135 71.8780760765071 72.7630288336007 73.6479815906944 74.5329343477881 76.0636970731937 79.531889703538 83.0000823338818
69.2571769714354 69.300685543484 69.3441941155326 69.3877026875812 69.4312112596298 69.4747198316784 69.2699629147846 68.98245083491 68.6949387550354 68.4074266751607 68.1199145952861 67.8324025154114 67.5448904355368 67.1023276435007 66.1946127149796 65.2868977864586 64.3791828579376 63.4714679294164 62.5637530008955 61.6560380723745 60.7483231438533 60.1281587918602 59.603844632043 59.0795304722258 58.5552163124086 58.0309021525915 57.5065879927743 56.9822738329571 57.0351768917504 58.8197316063773 60.604286321004 62.3888410356306 64.1733957502575 65.9579504648841 67.7425051795108 69.5270598941377 70.577133878072 71.3823809517752 72.1876280254787 72.992875099182 73.7981221728853 74.6033692465887 75.408616320292 76.8502046585076 80.2008167902625 83.5514289220169
70.241037750244 70.398870595296 70.5567034403481 70.7145362854001 70.8723691304522 71.0302019755043 70.6330180168151 70.0508284568786 69.4686388969421 68.8864493370056 68.3042597770692 67.7220702171327 67.1398806571962 66.45739440918 65.474018096924 64.4906417846683 63.5072654724125 62.5238891601565 61.5405128479007 60.5571365356449 59.573760223389 59.0105895042422 58.5874873161319 58.1643851280214 57.7412829399111 57.3181807518008 56.8950785636903 56.47197637558 56.6245057423906 58.5039297739663 60.3833538055417 62.2627778371171 64.1422018686928 66.0216259002682 67.9010499318436 69.7804739634193 70.7887044906615 71.5065371831256 72.2243698755899 72.9422025680541 73.6600352605183 74.3778679529825 75.0957006454467 76.4600851058953 79.7641248703 83.0681646347041
71.2248985290526 71.4970556471081 71.7692127651636 72.0413698832192 72.3135270012747 72.5856841193303 71.9960731188456 71.1192060788473 70.2423390388489 69.3654719988506 68.4886049588523 67.6117379188539 66.7348708788556 65.8124611748593 64.7534234788685 63.6943857828779 62.6353480868873 61.5763103908965 60.5172726949059 59.4582349989153 58.3991973029245 57.8930202166242 57.5711300002206 57.249239783817 56.9273495674135 56.60545935101 56.2835691346064 55.9616789182028 56.2138345930308 58.1881279415553 60.1624212900795 62.1367146386036 64.1110079871281 66.0853013356523 68.0595946841765 70.033888032701 71.000275103251 71.630693414476 72.2611117257011 72.8915300369262 73.5219483481512 74.1523666593763 74.7827849706013 76.069965553283 79.3274329503374 82.5849003473913
72.2087593078612 72.5952406989201 72.9817220899792 73.3682034810382 73.7546848720972 74.1411662631562 73.3591282208761 72.187583700816 71.0160391807557 69.8444946606955 68.6729501406354 67.5014056205751 66.329861100515 65.1675279405385 64.0328288608129 62.8981297810875 61.7634307013621 60.6287316216365 59.4940325419111 58.3593334621857 57.2246343824601 56.7754509290061 56.5547726843094 56.3340944396126 56.1134161949159 55.8927379502192 55.6720597055224 55.4513814608257 55.8031634436709 57.8723261091442 59.9414887746172 62.0106514400901 64.0798141055635 66.1489767710364 68.2181394365094 70.2873021019827 71.2118457158405 71.7548496458264 72.2978535758124 72.8408575057983 73.3838614357841 73.9268653657701 74.469869295756 75.6798460006707 78.8907410303749 82.1016360600784
73.1926200866697 73.6934257507321 74.1942314147947 74.6950370788571 75.1958427429196 75.6966484069821 74.7221833229065 73.2559613227846 71.7897393226624 70.3235173225405 68.8572953224185 67.3910733222963 65.9248513221744 64.5225947062178 63.3122342427574 62.1018737792972 60.891513315837 59.6811528523766 58.4707923889164 57.2604319254562 56.0500714619958 55.6578816413882 55.5384153683982 55.4189490954083 55.2994828224184 55.1800165494284 55.0605502764385 54.9410840034486 55.3924922943111 57.5565242767332 59.7205562591549 61.8845882415767 64.0486202239988 66.2126522064205 68.3766841888423 70.5407161712644 71.4234163284301 71.8790058771768 72.3345954259236 72.7901849746704 73.2457745234171 73.7013640721639 74.1569536209106 75.2897264480584 78.4540491104123 81.6183717727657
74.1764808654783 74.7916108025442 75.4067407396102 76.0218706766761 76.6370006137421 77.2521305508081 76.085238424937 74.3243389447533 72.5634394645692 70.8025399843854 69.0416405042016 67.2807410240175 65.5198415438338 63.8776614718971 62.5916396247019 61.3056177775068 60.0195959303118 58.7335740831166 57.4475522359216 56.1615303887266 54.8755085415314 54.5403123537701 54.522058052487 54.5038037512039 54.4855494499208 54.4672951486377 54.4490408473546 54.4307865460714 54.9818211449513 57.2407224443222 59.4996237436927 61.7585250430632 64.0174263424341 66.2763276418046 68.5352289411751 70.794130240546 71.6349869410196 72.0031621085272 72.3713372760348 72.7395124435424 73.10768761105 73.4758627785577 73.8440379460653 74.8996068954461 78.0173571904497 81.1351074854528
74.6414290746052 75.1807483461167 75.7200676176283 76.2593868891398 76.7987061606513 77.3380254321629 76.0386820475265 74.1264511108404 72.214220174154 70.301989237468 68.3897583007818 66.4775273640954 64.5652964274094 62.8013883378775 61.4824487898088 60.1635092417403 58.8445696936718 57.5256301456031 56.2066905975346 54.8877510494661 53.5688115013973 53.3019858360292 53.3858647982281 53.469743760427 53.5536227226258 53.6375016848247 53.7213806470236 53.8052596092225 54.457011254628 56.812380949656 59.1677506446835 61.523120339711 63.8784900347389 66.2338597297665 68.589229424794 70.9445991198219 71.7390224456787 72.0131303151448 72.287238184611 72.5613460540771 72.8354539235433 73.1095617930095 73.3836696624756 74.3520807266229 77.4034013748166 80.4547220230098
74.5874647140503 74.8608383814494 75.1342120488485 75.4075857162477 75.6809593836468 75.9543330510459 74.5825141906744 72.6622978210456 70.7420814514165 68.8218650817877 66.9016487121589 64.9814323425298 63.061215972901 61.2937753041591 59.9846617380782 58.6755481719976 57.3664346059169 56.057321039836 54.7482074737554 53.4390939076747 52.1299803415938 51.9429020881655 52.1298356056215 52.3167691230776 52.5037026405336 52.6906361579896 52.8775696754457 53.0645031929017 53.8180626233414 56.2714997927346 58.7249369621273 61.1783741315201 63.6318113009133 66.085248470306 68.5386856396988 70.9921228090919 71.7355228424072 71.9089104970296 72.082298151652 72.2556858062744 72.4290734608968 72.6024611155193 72.7758487701417 73.6471479415888 76.612181663513 79.5772153854367
74.5335003534953 74.540928416782 74.5483564800687 74.5557845433554 74.5632126066421 74.5706406699288 73.1263463338221 71.1981445312506 69.2699427286788 67.3417409261073 65.4135391235358 63.485337320964 61.5571355183925 59.7861622704405 58.4868746863475 57.1875871022547 55.8882995181619 54.5890119340688 53.289724349976 51.9904367658832 50.6911491817902 50.5838183403017 50.8738064130148 51.1637944857281 51.4537825584413 51.7437706311544 52.0337587038677 52.3237467765809 53.1791139920548 55.7306186358132 58.2821232795712 60.8336279233291 63.3851325670876 65.9366372108455 68.4881418546035 71.0396464983619 71.7320232391357 71.8046906789144 71.877358118693 71.9500255584717 72.0226929982504 72.095360438029 72.1680278778077 72.9422151565546 75.8209619522093 78.6997087478634
74.4795359929403 74.2210184521146 73.9625009112889 73.7039833704632 73.4454658296375 73.1869482888118 71.6701784769699 69.7339912414557 67.7978040059411 65.8616167704269 63.9254295349127 61.9892422993982 60.053055063884 58.2785492367219 56.9890876346167 55.6996260325118 54.4101644304068 53.1207028283016 51.8312412261967 50.5417796240917 49.2523180219865 49.2247345924378 49.6177772204082 50.0108198483786 50.4038624763489 50.7969051043193 51.1899477322897 51.58299036026 52.5401653607681 55.1897374788918 57.839309597015 60.4888817151382 63.1384538332619 65.7880259513851 68.4375980695083 71.0871701876319 71.7285236358643 71.7004708607992 71.6724180857341 71.644365310669 71.6163125356039 71.5882597605388 71.5602069854737 72.2372823715204 75.0297422409055 77.8222021102901
74.4255716323854 73.9011084874473 73.3766453425091 72.852182197571 72.327719052633 71.8032559076948 70.2140106201178 68.2698379516608 66.3256652832036 64.3814926147467 62.4373199462898 60.4931472778325 58.5489746093756 56.7709362030035 55.4913005828861 54.211664962769 52.9320293426519 51.6523937225346 50.3727581024175 49.0931224823003 47.813486862183 47.8656508445741 48.3617480278016 48.8578452110292 49.3539423942567 49.8500395774842 50.3461367607118 50.8422339439392 51.9012167294815 54.6488563219704 57.3964959144588 60.1441355069473 62.8917750994362 65.6394146919246 68.387054284413 71.1346938769019 71.7250240325928 71.596251042684 71.4674780527751 71.3387050628663 71.2099320729575 71.0811590830486 70.9523860931398 71.5323495864863 74.2385225296019 76.944695472717
74.3716072718304 73.5811985227799 72.7907897737293 72.0003810246788 71.2099722756283 70.4195635265777 68.7578427632655 66.8056846618659 64.8535265604659 62.9013684590663 60.9492103576667 58.9970522562667 57.0448941548671 55.2633231692849 53.9935135311554 52.7237038930261 51.4538942548969 50.1840846167674 48.9142749786381 47.6444653405088 46.3746557023794 46.5065670967103 47.105718835195 47.7048705736797 48.3040223121644 48.903174050649 49.5023257891338 50.1014775276184 51.2622680981948 54.107975165049 56.9536822319026 59.7993892987563 62.6450963656105 65.4908034324641 68.3365104993178 71.1822175661719 71.7215244293213 71.4920312245687 71.2625380198161 71.0330448150635 70.803551610311 70.5740584055584 70.3445652008058 70.8274168014521 73.4473028182982 76.0671888351437
