data/working_set_collections/6091692-Cassins_Sparrow-MC/2005/bio14.asc
NCOLS 265 
NROWS 230 
XLLCORNER -115.5625 
YLLCORNER 24.8333333333333 
CELLSIZE 0.0833333333333333 
NODATA_value -9999 
[rows 100 to 119 of 230, columns 45 to 89 of 265]
4.65040704607958 4.73247932791705 4.81455160975451 4.89662389159199 4.97869617342945 5.06076845526691 5.14284073710439 5.01718959212305 4.82229730486873 4.62740501761438 4.43251273036007 4.23762044310575 4.0427281558514 3.84783586859708 3.66544083754227 3.520537575086 3.37563431262975 3.2307310501735 3.08582778771722 2.94092452526097 2.79602126280472 2.65111800034845 2.62507600188257 2.63865442474685 2.65223284761112 2.6658112704754 2.67938969333968 2.69296811620396 2.70654653906823 2.74127730131148 2.83946508169174 2.93765286207198 3.03584064245222 3.13402842283248 3.23221620321273 3.33040398359297 3.42859176397323 3.4751481115818 3.5044939815998 3.53383985161781 3.56318572163581 3.59253159165381 3.62187746167182 3.65122333168982 3.66683088938395
4.89081882437066 4.95109950502709 5.01138018568353 5.07166086633997 5.1319415469964 5.19222222765284 5.25250290830928 5.09856772224111 4.87322724726469 4.64788677228824 4.42254629731182 4.19720582233541 3.97186534735895 3.74652487238254 3.54165555901003 3.39819973044929 3.25474390188857 3.11128807332786 2.96783224476712 2.8243764162064 2.68092058764569 2.53746475908495 2.51644574602446 2.53623900479742 2.55603226357037 2.57582552234333 2.59561878111628 2.61541203988924 2.63520529866219 2.67663668129178 2.78298243549135 2.8893281896909 2.99567394389045 3.10201969809002 3.20836545228957 3.31471120648912 3.42105696068869 3.47480875849723 3.51102923750876 3.5472497165203 3.58347019553184 3.61969067454337 3.65591115355491 3.69213163256644 3.71134969393412
5.01072416702906 5.07513095935184 5.13953775167463 5.20394454399743 5.26835133632022 5.332758128643 5.3971649209658 5.23485216101013 4.99696621696157 4.75908027291298 4.52119432886443 4.28330838481588 4.04542244076729 3.80753649671874 3.59118889172873 3.43945630391438 3.28772371610006 3.13599112828574 2.9842585404714 2.83252595265707 2.68079336484275 2.52906077702841 2.50927258332569 2.53346585432687 2.55765912532805 2.58185239632923 2.60604566733041 2.63023893833159 2.65443220933277 2.70113079481651 2.81534532374803 2.92955985267954 3.04377438161104 3.15798891054256 3.27220343947407 3.38641796840557 3.5006324973371 3.55824978748955 3.5970013313823 3.63575287527506 3.67450441916781 3.71325596306056 3.75200750695332 3.79075905084608 3.8110913309786
5.01012307405471 5.10457369089124 5.19902430772778 5.29347492456434 5.38792554140087 5.48237615823741 5.57682677507396 5.42604290843011 5.1935142139594 4.96098551948864 4.72845682501793 4.49592813054722 4.26339943607647 4.03087074160576 3.81404083569845 3.64430729548135 3.47457375526428 3.30484021504721 3.13510667483011 2.96537313461304 2.79563959439597 2.62590605417888 2.6035565137863 2.63033497333524 2.6571134328842 2.68389189243314 2.71067035198209 2.73744881153105 2.76422727107999 2.81475964188571 2.93655374646183 3.05834785103794 3.18014195561404 3.30193606019016 3.42373016476627 3.54552426934237 3.66731837391849 3.72547119855877 3.76241026322043 3.7993493278821 3.83628839254376 3.87322745720542 3.91016652186709 3.94710558652875 3.96605580051738
5.00952198108036 5.13401642243065 5.25851086378094 5.38300530513125 5.50749974648154 5.63199418783183 5.75648862918214 5.6172336558501 5.39006221095723 5.16289076606432 4.93571932117145 4.70854787627858 4.48137643138567 4.2542049864928 4.03689277966818 3.84915828704833 3.66142379442851 3.47368930180869 3.28595480918884 3.09822031656902 2.9104858239492 2.72275133132935 2.69784044424691 2.72720409234363 2.75656774044035 2.78593138853707 2.81529503663379 2.84465868473051 2.87402233282723 2.92838848895492 3.05776216917565 3.18713584939635 3.31650952961705 3.44588320983777 3.57525689005847 3.70463057027917 3.8340042504999 3.89269260962801 3.92781919505858 3.96294578048915 3.99807236591972 4.03319895135029 4.06832553678086 4.10345212221143 4.12102027005618
5.00892088810601 5.16345915397005 5.31799741983409 5.47253568569816 5.62707395156221 5.78161221742625 5.93615048329032 5.8084244032701 5.58661020795507 5.36479601264 5.14298181732497 4.92116762200994 4.69935342669487 4.47753923137984 4.25974472363792 4.05400927861532 3.84827383359275 3.64253838857018 3.43680294354757 3.231067498525 3.02533205350243 2.81959660847983 2.79212437470752 2.82407321135201 2.85602204799651 2.88797088464099 2.91991972128548 2.95186855792998 2.98381739457447 3.04201733602413 3.17897059188946 3.31592384775476 3.45287710362006 3.58983035948538 3.72678361535068 3.86373687121598 4.00069012708131 4.05991402069725 4.09322812689673 4.12654223309621 4.15985633929568 4.19317044549516 4.22648455169464 4.25979865789411 4.27598473959498
5.00831979513166 5.19290188550945 5.37748397588725 5.56206606626507 5.74664815664286 5.93123024702065 6.11581233739848 5.99961515069008 5.78315820495289 5.56670125921566 5.35024431347847 5.13378736774128 4.91733042200405 4.70087347626686 4.48259666760764 4.25886027018228 4.03512387275696 3.81138747533165 3.58765107790629 3.36391468048097 3.14017828305565 2.9164418856303 2.88640830516813 2.92094233036039 2.95547635555265 2.99001038074491 3.02454440593717 3.05907843112943 3.09361245632169 3.15564618309334 3.30017901460326 3.44471184611316 3.58924467762306 3.73377750913298 3.87831034064288 4.02284317215278 4.1673760036627 4.22713543176648 4.25863705873486 4.29013868570325 4.32164031267163 4.35314193964001 4.3846435666084 4.41614519357678 4.43094920913377
5.00771870215731 5.22234461704886 5.4369705319404 5.65159644683198 5.86622236172353 6.08084827661507 6.29547419150665 6.19080589811008 5.97970620195073 5.76860650579134 5.55750680963199 5.34640711347264 5.13530741731325 4.9242077211539 4.70544861157738 4.46371126174927 4.2219739119212 3.98023656209313 3.73849921226502 3.49676186243695 3.25502451260888 3.01328716278078 2.98069223562874 3.01781144936877 3.05493066310881 3.09204987684884 3.12916909058886 3.1662883043289 3.20340751806893 3.26927503016255 3.42138743731707 3.57349984447157 3.72561225162607 3.87772465878059 4.02983706593509 4.18194947308958 4.33406188024411 4.39435684283572 4.42404599057301 4.4537351383103 4.48342428604759 4.51311343378488 4.54280258152217 4.57249172925946 4.58591367867256
4.89495380057229 5.12383283376692 5.35271186696156 5.58159090015623 5.81046993335087 6.0393489665455 6.26822799974018 6.19621510505681 6.02390490108071 5.85159469710458 5.67928449312848 5.50697428915238 5.33466408517626 5.16235388120015 4.97116364770468 4.72333332565095 4.47550300359726 4.22767268154358 3.97984235948986 3.73201203743617 3.48418171538249 3.23635139332876 3.20290297071134 3.2409151812394 3.27892739176746 3.31693960229551 3.35495181282357 3.39296402335163 3.43097623387968 3.49746613966087 3.64938913120158 3.80131212274227 3.95323511428296 4.10515810582368 4.25708109736436 4.40900408890505 4.56092708044577 4.61884717543916 4.64543297158343 4.67201876772771 4.69860456387199 4.72519036001626 4.75177615616053 4.77836195230481 4.78775553438397
4.67002509037655 4.8973665356636 5.12470798095066 5.35204942623776 5.57939087152481 5.80673231681187 6.03407376209896 6.0158427715302 5.91575430234277 5.81566583315533 5.71557736396791 5.61548889478048 5.51540042559304 5.41531195640561 5.27974177598954 5.03772646188733 4.79571114778517 4.55369583368301 4.31168051958081 4.06966520547865 3.82764989137649 3.58563457727429 3.55304051041596 3.5902535259723 3.62746654152864 3.66467955708497 3.7018925726413 3.73910558819764 3.77631860375398 3.84021951158832 3.98418409625682 4.12814868092529 4.27211326559376 4.41607785026225 4.56004243493073 4.7040070195992 4.84797160426769 4.90060642957682 4.92279800176615 4.94498957395549 4.96718114614482 4.98937271833415 5.01156429052348 5.03375586271281 5.03647477626798
4.44509638018079 4.67090023756027 4.89670409493974 5.12250795231926 5.34831180969874 5.57411566707821 5.79991952445773 5.83547043800357 5.80760370360483 5.77973696920608 5.75187023480733 5.72400350040859 5.69613676600984 5.66827003161109 5.58831990427442 5.35211959812374 5.11591929197311 4.87971898582247 4.6435186796718 4.40731837352116 4.17111806737053 3.93491776121985 3.90317805012061 3.93959187070523 3.97600569128985 4.01241951187446 4.04883333245907 4.08524715304369 4.12166097362831 4.18297288351581 4.31897906131208 4.45498523910833 4.59099141690459 4.72699759470086 4.86300377249711 4.99900995029336 5.13501612808964 5.1823656837145 5.20016303194889 5.21796038018328 5.23575772841767 5.25355507665206 5.27135242488645 5.28914977312084 5.28519401815201
4.22016766998503 4.44443393945693 4.66870020892882 4.89296647840076 5.11723274787266 5.34149901734456 5.56576528681649 5.65509810447694 5.69945310486688 5.74380810525682 5.78816310564676 5.83251810603669 5.87687310642664 5.92122810681657 5.89689803255931 5.66651273436016 5.43612743616104 5.20574213796193 4.97535683976278 4.74497154156367 4.51458624336456 4.28420094516541 4.25331558982527 4.28893021543816 4.32454484105106 4.36015946666395 4.39577409227684 4.43138871788974 4.46700334350264 4.52572625544329 4.65377402636735 4.78182179729138 4.90986956821541 5.03791733913946 5.1659651100635 5.29401288098753 5.42206065191158 5.46412493785219 5.47752806213164 5.49093118641108 5.50433431069053 5.51773743496998 5.53114055924942 5.54454368352887 5.53391326003604
3.99523895978929 4.21796764135361 4.44069632291793 4.66342500448228 4.8861536860466 5.10888236761092 5.33161104917528 5.47472577095033 5.59130250612894 5.70787924130757 5.82445597648618 5.94103271166479 6.05760944684342 6.17418618202203 6.20547616084417 5.98090587059654 5.75633558034895 5.53176529010136 5.30719499985374 5.08262470960615 4.85805441935856 4.63348412911094 4.60345312952989 4.63826856017106 4.67308399081224 4.70789942145341 4.74271485209458 4.77753028273576 4.81234571337693 4.86847962737075 4.98856899142258 5.1086583554744 5.22874771952621 5.34883708357804 5.46892644762986 5.58901581168167 5.7091051757335 5.74588419198985 5.75489309231435 5.76390199263886 5.77291089296336 5.78191979328787 5.79092869361237 5.79993759393687 5.78263250192004
3.77031024959353 3.99150134325027 4.21269243690701 4.43388353056379 4.65507462422052 4.87626571787727 5.09745681153404 5.2943534374237 5.48315190739099 5.67195037735832 5.8607488473256 6.0495473172929 6.23834578726022 6.42714425722751 6.51405428912905 6.29529900683295 6.07654372453689 5.85778844224082 5.63903315994472 5.42027787764866 5.2015225953526 4.9827673130565 4.95359066923454 4.98760690490399 5.02162314057345 5.0556393762429 5.08965561191235 5.12367184758181 5.15768808325126 5.21123299929823 5.32336395647785 5.43549491365744 5.54762587083704 5.65975682801665 5.77188778519624 5.88401874237584 5.99614969955545 6.02764344612753 6.03225812249709 6.03687279886666 6.04148747523622 6.04610215160578 6.05071682797534 6.0553315043449 6.03135174380407
3.5682504872481 3.79605229496954 4.02385410269098 4.25165591041246 4.4794577181339 4.70725952585534 4.93506133357682 5.15973103046414 5.38335669040676 5.60698235034941 5.83060801029203 6.05423367023464 6.27785933017729 6.50148499011991 6.62134040461652 6.42988508277472 6.23842976093295 6.04697443909119 5.85551911724939 5.66406379540763 5.47260847356586 5.28115315172407 5.26306047439572 5.30275534523854 5.34245021608137 5.38214508692419 5.42183995776702 5.46153482860985 5.50122969945267 5.55548795594103 5.65343636936607 5.75138478279109 5.8493331962161 5.94728160964114 6.04523002306616 6.14317843649118 6.24112684991621 6.27401165564852 6.28520859214992 6.29640552865131 6.30760246515271 6.3187994016541 6.3299963381555 6.34119327465689 6.31706763108571
3.38905967275302 3.63162049651145 3.87418132026987 4.11674214402834 4.35930296778677 4.6018637915452 4.84442461530366 5.07085855007169 5.29191685517626 5.51297516028085 5.73403346538542 5.95509177048998 6.17615007559458 6.39720838069914 6.52733450730647 6.38466409842176 6.24199368953707 6.09932328065239 5.95665287176768 5.81398246288299 5.67131205399831 5.5286416451136 5.53186254501337 5.58371388117466 5.63556521733596 5.68741655349725 5.73926788965854 5.79111922581984 5.84297056198113 5.90124449729912 5.97878623008722 6.0563279628753 6.13386969566339 6.21141142845148 6.28895316123957 6.36649489402765 6.44403662681575 6.48498882055279 6.51374450127279 6.5425001819928 6.57125586271281 6.60001154343282 6.62876722415283 6.65752290487284 6.63978016376494
3.20986885825793 3.46718869805334 3.72450853784875 3.98182837764421 4.23914821743962 4.49646805723504 4.7537878970305 4.98198606967924 5.20047701994574 5.41896797021229 5.6374589204788 5.85594987074531 6.07444082101185 6.29293177127836 6.43332860999641 6.33944311406879 6.24555761814119 6.15167212221359 6.05778662628597 5.96390113035837 5.87001563443077 5.77613013850316 5.80066461563105 5.86467241711081 5.92868021859058 5.99268802007034 6.0566958215501 6.12070362302987 6.18471142450963 6.24700103865723 6.30413609080839 6.36127114295954 6.41840619511069 6.47554124726185 6.532676299413 6.58981135156415 6.64694640371531 6.69596598545706 6.74228041039569 6.78859483533431 6.83490926027293 6.88122368521155 6.92753811015018 6.9738525350888 6.96249269644419
3.03067804376283 3.30275689959523 3.57483575542763 3.84691461126008 4.11899346709248 4.39107232292488 4.66315117875733 4.89311358928678 5.10903718471523 5.32496078014372 5.54088437557218 5.75680797100063 5.97273156642913 6.18865516185758 6.33932271268635 6.29422212971582 6.24912154674531 6.20402096377479 6.15892038080427 6.11381979783375 6.06871921486323 6.02361863189271 6.06946668624873 6.14563095304696 6.2217952198452 6.29795948664343 6.37412375344165 6.45028802023989 6.52645228703812 6.59275758001535 6.62948595152957 6.66621432304378 6.702942694558 6.73967106607222 6.77639943758643 6.81312780910065 6.84985618061487 6.90694315036134 6.97081631951858 7.03468948867582 7.09856265783306 7.16243582699029 7.22630899614754 7.29018216530477 7.28520522912345
2.85148722926775 3.13832510113714 3.42516297300653 3.71200084487596 3.99883871674535 4.28567658861473 4.57251446048417 4.80424110889433 5.01759734948473 5.23095359007517 5.44430983066557 5.65766607125597 5.87102231184641 6.08437855243681 6.2453168153763 6.24900114536286 6.25268547534942 6.25636980533599 6.26005413532255 6.26373846530912 6.26742279529568 6.27110712528224 6.33826875686639 6.42658948898309 6.51491022109979 6.60323095321649 6.69155168533318 6.77987241744989 6.86819314956658 6.93851412137343 6.95483581225072 6.971157503128 6.98747919400528 7.00380088488256 7.02012257575984 7.03644426663712 7.05276595751441 7.11792031526561 7.19935222864145 7.28078414201731 7.36221605539316 7.44364796876901 7.52507988214487 7.60651179552072 7.60791776180267
2.67229641477266 2.97389330267903 3.27549019058541 3.57708707849183 3.8786839663982 4.18028085430458 4.481877742211 4.71536862850187 4.92615751425422 5.1369464000066 5.34773528575895 5.5585241715113 5.76931305726368 5.98010194301603 6.15131091806624 6.2037801610099 6.25624940395354 6.30871864689719 6.36118788984085 6.4136571327845 6.46612637572814 6.5185956186718 6.60707082748408 6.70754802491924 6.80802522235441 6.90850241978957 7.00897961722473 7.10945681465991 7.20993401209507 7.28427066273155 7.28018567297189 7.27610068321224 7.27201569345258 7.26793070369293 7.26384571393328 7.25976072417362 7.25567573441397 7.32889748016988 7.42788813776435 7.52687879535882 7.62586945295328 7.72486011054775 7.82385076814222 7.92284142573668 7.93063029448193
