data/working_set_collections/6091692-Cassins_Sparrow-MC/2005/bio1.asc
NCOLS 265 
NROWS 230 
XLLCORNER -115.5625 
YLLCORNER 24.8333333333333 
CELLSIZE 0.0833333333333333 
NODATA_value -9999 
[rows 160 to 179 of 230, columns 184 to 229 of 265]
19.4708180427551 19.4638988176982 19.4569795926412 19.4715146064758 19.4932010332743 19.5148874600728 19.5365738868713 19.5582603136698 19.5799467404683 19.6016331672668 19.6263815244039 19.6603156725565 19.6942498207092 19.7281839688619 19.7621181170146 19.7960522651672 19.8299864133199 19.8639205614726 19.9136163711548 19.9685660680135 20.0235157648722 20.0784654617309 20.1334151585897 20.1883648554484 20.2433145523071 20.2943431854248 20.3336086273193 20.3728740692138 20.4121395111084 20.4514049530029 20.4906703948974 20.529935836792 20.5692012786865 20.581437921524 20.5846649646759 20.5878920078277 20.5911190509796 20.5943460941315 20.5975731372833 20.6008001804352 20.6008100827535 20.5911685625712 20.5815270423889 20.5718855222066 20.5622440020243 20.552602481842
19.5074498812358 19.4940030309889 19.4805561807421 19.4896344820658 19.5062211672465 19.5228078524272 19.5393945376078 19.5559812227885 19.5725679079692 19.5891545931498 19.6106533792284 19.6468884680006 19.6831235567729 19.7193586455451 19.7555937343173 19.7918288230896 19.8280639118618 19.8642990006341 19.9228844324748 19.9889199786716 20.0549555248684 20.1209910710653 20.1870266172621 20.2530621634589 20.3190977096557 20.3781120724148 20.4160628848605 20.4540136973063 20.491964509752 20.5299153221978 20.5678661346435 20.6058169470893 20.643767759535 20.6534418265025 20.6536903116438 20.6539387967851 20.6541872819265 20.6544357670678 20.6546842522091 20.6549327373505 20.6529773182339 20.6444101863437 20.6358430544535 20.6272759225633 20.6187087906731 20.610141658783
19.5536646366119 19.5313096841176 19.5089547316233 19.5131900946299 19.5262888961368 19.5393876976437 19.5524864991506 19.5655853006575 19.5786841021644 19.5917829036713 19.6111248864068 19.6491964128282 19.6872679392497 19.7253394656711 19.7634109920925 19.801482518514 19.8395540449354 19.8776255713569 19.9428009033203 20.0170108371311 20.0912207709418 20.1654307047526 20.2396406385633 20.3138505723741 20.3880605061849 20.4533335791694 20.491796069675 20.5302585601806 20.5687210506863 20.6071835411919 20.6456460316976 20.6841085222032 20.7225710127088 20.7301982720693 20.727547121048 20.7248959700266 20.7222448190053 20.719593667984 20.7169425169627 20.7142913659414 20.7100668006473 20.701121992535 20.6921771844228 20.6832323763106 20.6742875681983 20.6653427600861
19.6094623088837 19.5758187770843 19.542175245285 19.5421814441681 19.5534042199453 19.5646269957224 19.5758497714996 19.5870725472768 19.598295323054 19.6095180988312 19.6277960459391 19.6672395070394 19.7066829681396 19.7461264292399 19.7855698903402 19.8250133514404 19.8644568125407 19.9039002736409 19.9733657836914 20.0528386433919 20.1323115030924 20.2117843627929 20.2912572224935 20.370730082194 20.4502029418945 20.5200077056885 20.5608081817627 20.6016086578369 20.6424091339111 20.6832096099853 20.7240100860596 20.7648105621338 20.805611038208 20.8117072582245 20.8062353928884 20.8007635275523 20.7952916622162 20.7898197968801 20.784347931544 20.7788760662079 20.7720785299937 20.7613039811452 20.7505294322967 20.7397548834483 20.7289803345998 20.7182057857513
19.6652599811554 19.6203278700511 19.5753957589467 19.5711727937062 19.5805195437537 19.5898662938012 19.5992130438487 19.6085597938961 19.6179065439436 19.6272532939911 19.6444672054714 19.6852826012505 19.7260979970296 19.7669133928087 19.8077287885878 19.8485441843669 19.8893595801459 19.930174975925 20.0039306640625 20.0886664496528 20.173402235243 20.2581380208333 20.3428738064236 20.4276095920139 20.5123453776041 20.5866818322076 20.6298202938503 20.6729587554931 20.7160972171359 20.7592356787787 20.8023741404215 20.8455126020643 20.8886510637071 20.8932162443797 20.8849236647288 20.8766310850779 20.868338505427 20.8600459257762 20.8517533461253 20.8434607664744 20.8340902593401 20.8214859697554 20.8088816801707 20.796277390586 20.7836731010013 20.7710688114166
19.7210576534271 19.6648369630178 19.6086162726084 19.6001641432444 19.6076348675622 19.6151055918799 19.6225763161977 19.6300470405155 19.6375177648332 19.644988489151 19.6611383650038 19.7033256954617 19.7455130259196 19.7877003563775 19.8298876868354 19.8720750172933 19.9142623477512 19.9564496782091 20.0344955444336 20.1244942559136 20.2144929673936 20.3044916788737 20.3944903903537 20.4844891018337 20.5744878133138 20.6533559587266 20.698832405938 20.7443088531494 20.7897853003608 20.8352617475721 20.8807381947835 20.9262146419949 20.9716910892062 20.9747252305349 20.9636119365692 20.9524986426035 20.9413853486379 20.9302720546722 20.9191587607066 20.9080454667409 20.8961019886864 20.8816679583655 20.8672339280446 20.8527998977237 20.8383658674028 20.8239318370819
19.7768553256989 19.7093460559845 19.6418367862702 19.6291554927826 19.6347501913706 19.6403448899587 19.6459395885467 19.6515342871348 19.6571289857229 19.6627236843109 19.6778095245361 19.7213687896728 19.7649280548096 19.8084873199463 19.852046585083 19.8956058502197 19.9391651153564 19.9827243804931 20.0650604248047 20.1603220621745 20.2555836995442 20.350845336914 20.4461069742838 20.5413686116536 20.6366302490234 20.7200300852457 20.7678445180257 20.8156589508056 20.8634733835856 20.9112878163655 20.9591022491455 21.0069166819254 21.0547311147054 21.05623421669 21.0423002084096 21.0283662001292 21.0144321918487 21.0004981835683 20.9865641752879 20.9726301670074 20.9581137180328 20.9418499469757 20.9255861759186 20.9093224048614 20.8930586338043 20.8767948627472
19.8326529979706 19.7538551489512 19.6750572999319 19.6581468423208 19.6618655151791 19.6655841880374 19.6693028608958 19.6730215337541 19.6767402066125 19.6804588794708 19.6944806840685 19.739411883884 19.7843430836995 19.8292742835151 19.8742054833306 19.9191366831461 19.9640678829617 20.0089990827772 20.0956253051758 20.1961498684353 20.2966744316948 20.3971989949544 20.497723558214 20.5982481214735 20.698772684733 20.7867042117648 20.8368566301134 20.8870090484619 20.9371614668104 20.9873138851589 21.0374663035075 21.087618721856 21.1377711402045 21.1377432028453 21.12098848025 21.1042337576548 21.0874790350596 21.0707243124644 21.0539695898692 21.037214867274 21.0201254473792 21.0020319355859 20.9839384237925 20.9658449119992 20.9477514002058 20.9296578884125
19.9882681210835 19.9046345286899 19.8210009362962 19.8016068458557 19.8036259227328 19.80564499961 19.8076640764872 19.8096831533643 19.8117022302415 19.8137213071187 19.8260735458797 19.8694252702924 19.9127769947051 19.9561287191178 19.9994804435306 20.0428321679433 20.086183892356 20.1295356167687 20.2137885729471 20.3116752730475 20.4095619731479 20.5074486732482 20.6053353733486 20.703222073449 20.8011087735494 20.8868750784132 20.9362801975674 20.9856853167216 21.0350904358758 21.0844955550299 21.1339006741841 21.1833057933383 21.2327109124925 21.2295126120249 21.2087798383501 21.1880470646752 21.1673142910004 21.1465815173255 21.1258487436506 21.1051159699758 21.0848173830244 21.0658213562435 21.0468253294627 21.0278293026818 21.0088332759009 20.9898372491201
20.2437006950378 20.1616841952006 20.0796676953633 20.0595355033874 20.0600314140319 20.0605273246765 20.061023235321 20.0615191459655 20.0620150566101 20.0625109672546 20.07258810997 20.1114089488983 20.1502297878265 20.1890506267547 20.2278714656829 20.2666923046112 20.3055131435394 20.3443339824676 20.4195502281188 20.5068982760111 20.5942463239033 20.6815943717956 20.7689424196879 20.8562904675801 20.9436385154724 21.0205426851908 21.0661152203877 21.1116877555847 21.1572602907816 21.2028328259786 21.2484053611755 21.2939778963724 21.3395504315694 21.3315424442291 21.3056742827097 21.2798061211904 21.253937959671 21.2280697981516 21.2022016366323 21.1763334751129 21.1521895249685 21.1332182089488 21.1142468929291 21.0952755769094 21.0763042608897 21.05733294487
20.4991332689921 20.4187338617113 20.3383344544305 20.3174641609192 20.316436905331 20.3154096497429 20.3143823941548 20.3133551385667 20.3123278829786 20.3113006273905 20.3191026740603 20.3533926275041 20.3876825809478 20.4219725343916 20.4562624878353 20.4905524412791 20.5248423947228 20.5591323481665 20.6253118832906 20.7021212789747 20.7789306746588 20.855740070343 20.9325494660271 21.0093588617112 21.0861682573954 21.1542102919684 21.1959502432081 21.2376901944478 21.2794301456875 21.3211700969272 21.3629100481669 21.4046499994066 21.4463899506463 21.4335722764333 21.4025687270694 21.3715651777055 21.3405616283417 21.3095580789778 21.2785545296139 21.24755098025 21.2195616669125 21.200615061654 21.1816684563955 21.1627218511369 21.1437752458784 21.1248286406199
20.7545658429463 20.6757835282219 20.5970012134976 20.5753928184509 20.5728423966301 20.5702919748094 20.5677415529886 20.5651911311679 20.5626407093471 20.5600902875264 20.5656172381506 20.5953763061099 20.6251353740692 20.6548944420284 20.6846535099877 20.7144125779469 20.7441716459062 20.7739307138654 20.8310735384623 20.8973442819383 20.9636150254143 21.0298857688903 21.0961565123664 21.1624272558424 21.2286979993184 21.287877898746 21.3257852660285 21.3636926333109 21.4016000005934 21.4395073678758 21.4774147351583 21.5153221024407 21.5532294697231 21.5356021086375 21.4994631714291 21.4633242342207 21.4271852970123 21.3910463598039 21.3549074225955 21.3187684853872 21.2869338088565 21.2680119143592 21.2490900198618 21.2301681253645 21.2112462308672 21.1923243363698
21.0099984169006 20.9328331947326 20.8556679725647 20.8333214759826 20.8292478879292 20.8251742998759 20.8211007118225 20.8170271237691 20.8129535357157 20.8088799476623 20.812131802241 20.8373599847157 20.8625881671905 20.8878163496653 20.91304453214 20.9382727146148 20.9635008970896 20.9887290795644 21.036835193634 21.0925672849019 21.1482993761698 21.2040314674377 21.2597635587056 21.3154956499735 21.3712277412414 21.4215455055237 21.4556202888488 21.489695072174 21.5237698554992 21.5578446388244 21.5919194221496 21.6259942054748 21.6600689888 21.6376319408417 21.5963576157888 21.5550832907359 21.513808965683 21.4725346406301 21.4312603155772 21.3899859905243 21.3543059508006 21.3354087670644 21.3165115833282 21.2976143995921 21.2787172158559 21.2598200321197
21.2654309908549 21.1898828612433 21.1143347316318 21.0912501335144 21.0856533792283 21.0800566249423 21.0744598706563 21.0688631163703 21.0632663620842 21.0576696077982 21.0586463663313 21.0793436633216 21.1000409603118 21.1207382573021 21.1414355542924 21.1621328512827 21.182830148273 21.2035274452633 21.2425968488057 21.2877902878655 21.3329837269253 21.3781771659851 21.4233706050449 21.4685640441046 21.5137574831644 21.5552131123013 21.5854553116692 21.6156975110372 21.6459397104051 21.6761819097731 21.706424109141 21.736666308509 21.7669085078769 21.7396617730458 21.6932520601484 21.646842347251 21.6004326343536 21.5540229214562 21.5076132085588 21.4612034956614 21.4216780927446 21.4028056197696 21.3839331467946 21.3650606738196 21.3461882008447 21.3273157278697
21.5130254268646 21.4430167675018 21.373008108139 21.3497031211853 21.3419660250345 21.3342289288838 21.3264918327331 21.3187547365824 21.3110176404317 21.303280544281 21.301293267144 21.3165554470486 21.3318176269531 21.3470798068576 21.3623419867621 21.3776041666666 21.3928663465711 21.4081285264757 21.4397756894429 21.4768845134311 21.5139933374193 21.5511021614074 21.5882109853956 21.6253198093838 21.662428633372 21.6961293061574 21.7196055253346 21.7430817445119 21.7665579636891 21.7900341828664 21.8135104020436 21.8369866212209 21.8604628403981 21.830082321167 21.7817495557997 21.7334167904324 21.6850840250651 21.6367512596978 21.5884184943305 21.5400857289632 21.4989881515503 21.4795961380005 21.4602041244507 21.4408121109009 21.4214200973511 21.4020280838013
21.7527817249298 21.6922349135081 21.6316881020864 21.6086804389953 21.5981858253479 21.5876912117004 21.5771965980529 21.5667019844055 21.556207370758 21.5457127571106 21.5400725046793 21.5489953358968 21.5579181671142 21.5668409983317 21.5757638295491 21.5846866607666 21.593609491984 21.6025323232015 21.6283717155456 21.6598499615987 21.6913282076517 21.7228064537048 21.7542846997579 21.7857629458109 21.817241191864 21.844294087092 21.8580709298451 21.8718477725982 21.8856246153513 21.8994014581044 21.9131783008575 21.9269551436106 21.9407319863637 21.9088935852051 21.8618501027425 21.8148066202799 21.7677631378174 21.7207196553548 21.6736761728923 21.6266326904297 21.5862361272176 21.565780321757 21.5453245162964 21.5248687108358 21.5044129053752 21.4839570999145
21.992538022995 21.9414530595143 21.8903680960337 21.8676577568054 21.8544056256612 21.841153494517 21.8279013633728 21.8146492322286 21.8013971010844 21.7881449699402 21.7788517422146 21.781435224745 21.7840187072754 21.7866021898057 21.7891856723361 21.7917691548665 21.7943526373969 21.7969361199273 21.8169677416483 21.8428154097663 21.8686630778842 21.8945107460022 21.9203584141201 21.9462060822381 21.972053750356 21.9924588680267 21.9965363343556 22.0006138006846 22.0046912670135 22.0087687333425 22.0128461996714 22.0169236660004 22.0210011323293 21.9877048492432 21.9419506496853 21.8961964501275 21.8504422505697 21.8046880510118 21.758933851454 21.7131796518962 21.6734841028849 21.6519645055135 21.6304449081421 21.6089253107707 21.5874057133992 21.5658861160278
22.2322943210601 22.1906712055206 22.149048089981 22.1266350746154 22.1106254259745 22.0946157773335 22.0786061286926 22.0625964800516 22.0465868314107 22.0305771827697 22.0176309797498 22.0138751135932 22.0101192474365 22.0063633812798 22.0026075151231 21.9988516489664 21.9950957828097 21.9913399166531 22.005563767751 22.0257808579338 22.0459979481167 22.0662150382995 22.0864321284824 22.1066492186652 22.126866308848 22.1406236489614 22.1350017388661 22.1293798287709 22.1237579186757 22.1181360085805 22.1125140984853 22.1068921883901 22.1012702782949 22.0665161132812 22.0220511966281 21.977586279975 21.9331213633219 21.8886564466688 21.8441915300157 21.7997266133626 21.7607320785522 21.73814868927 21.7155652999878 21.6929819107056 21.6703985214233 21.6478151321411
22.4720506191253 22.4398893515269 22.4077280839284 22.3856123924255 22.3668452262878 22.3480780601501 22.3293108940124 22.3105437278747 22.291776561737 22.2730093955993 22.2564102172851 22.2463150024414 22.2362197875976 22.2261245727539 22.2160293579101 22.2059341430664 22.1958389282226 22.1857437133789 22.1941597938537 22.2087463061014 22.2233328183492 22.2379193305969 22.2525058428446 22.2670923550923 22.2816788673401 22.288788429896 22.2734671433766 22.2581458568573 22.2428245703379 22.2275032838185 22.2121819972992 22.1968607107798 22.1815394242604 22.1453273773193 22.102151743571 22.0589761098226 22.0158004760742 21.9726248423258 21.9294492085775 21.8862735748291 21.8479800542196 21.8243328730265 21.8006856918335 21.7770385106405 21.7533913294474 21.7297441482544
22.7118069171905 22.6891074975331 22.6664080778757 22.6445897102356 22.6230650266011 22.6015403429667 22.5800156593322 22.5584909756978 22.5369662920634 22.5154416084289 22.4951894548204 22.4787548912896 22.4623203277588 22.4458857642279 22.4294512006971 22.4130166371663 22.3965820736355 22.3801475101047 22.3827558199564 22.391711754269 22.4006676885816 22.4096236228943 22.4185795572069 22.4275354915195 22.4364914258321 22.4369532108307 22.4119325478872 22.3869118849436 22.3618912220001 22.3368705590566 22.3118498961131 22.2868292331695 22.261808570226 22.2241386413574 22.1822522905138 22.1403659396701 22.0984795888265 22.0565932379829 22.0147068871392 21.9728205362956 21.9352280298869 21.910517056783 21.8858060836792 21.8610951105754 21.8363841374715 21.8116731643677
