data/working_set_collections/6091692-Cassins_Sparrow-MC/2005/bio1.asc
NCOLS 265 
NROWS 230 
XLLCORNER -115.5625 
YLLCORNER 24.8333333333333 
CELLSIZE 0.0833333333333333 
NODATA_value -9999 
[rows 140 to 159 of 230, columns 184 to 229 of 265]
18.736031071345 18.7553460068173 18.7746609422896 18.8115001519521 18.8541807863447 18.8968614207374 18.93954205513 18.9822226895226 19.0249033239153 19.0675839583079 19.1090585920546 19.1469152238634 19.1847718556722 19.222628487481 19.2604851192898 19.2983417510986 19.3361983829074 19.3740550147162 19.4029217084249 19.4287917561001 19.4546618037754 19.4805318514506 19.5064018991258 19.5322719468011 19.5581419944763 19.5839810901218 19.609727329678 19.6354735692342 19.6612198087904 19.6869660483466 19.7127122879028 19.738458527459 19.7642047670152 19.7614175955454 19.749119287067 19.7368209785885 19.7245226701101 19.7122243616316 19.6999260531531 19.6876277446747 19.676942899492 19.6710984441969 19.6652539889018 19.6594095336066 19.6535650783115 19.6477206230164
18.7767552216848 18.7949135833316 18.8130719449785 18.8475954214732 18.8875739362505 18.9275524510278 18.967530965805 19.0075094805823 19.0474879953596 19.0874665101369 19.1254842546251 19.157619688246 19.1897551218669 19.2218905554877 19.2540259891086 19.2861614227295 19.3182968563504 19.3504322899712 19.3789508501689 19.4062637858921 19.4335767216153 19.4608896573385 19.4882025930617 19.5155155287849 19.5428284645081 19.5712460623847 19.6029776467217 19.6347092310587 19.6664408153958 19.6981723997328 19.7299039840698 19.7616355684068 19.7933671527439 19.7911098321279 19.7775228765276 19.7639359209273 19.7503489653269 19.7367620097266 19.7231750541263 19.709588098526 19.6984305593703 19.6945612695482 19.6906919797262 19.6868226899041 19.6829534000821 19.67908411026
18.8174793720245 18.834481159846 18.8514829476674 18.8836906909942 18.9209670861562 18.9582434813181 18.9955198764801 19.032796271642 19.070072666804 19.1073490619659 19.1419099171956 19.1683241526286 19.1947383880615 19.2211526234945 19.2475668589274 19.2739810943603 19.3003953297933 19.3268095652262 19.3549799919128 19.383735815684 19.4124916394552 19.4412474632263 19.4700032869975 19.4987591107686 19.5275149345398 19.5585110346476 19.5962279637655 19.6339448928833 19.6716618220011 19.709378751119 19.7470956802368 19.7848126093546 19.8225295384725 19.8208020687103 19.8059264659882 19.791050863266 19.7761752605438 19.7612996578217 19.7464240550995 19.7315484523773 19.7199182192485 19.7180240948995 19.7161299705505 19.7142358462016 19.7123417218526 19.7104475975037
18.8582035223643 18.8740487363603 18.8898939503564 18.9197859605153 18.9543602360619 18.9889345116085 19.0235087871551 19.0580830627017 19.0926573382483 19.127231613795 19.1583355797662 19.1790286170112 19.1997216542562 19.2204146915012 19.2411077287462 19.2618007659912 19.2824938032362 19.3031868404812 19.3310091336568 19.3612078454759 19.3914065572951 19.4216052691142 19.4518039809333 19.4820026927524 19.5122014045715 19.5457760069105 19.5894782808092 19.6331805547078 19.6768828286065 19.7205851025051 19.7642873764038 19.8079896503024 19.8516919242011 19.8504943052928 19.8343300554487 19.8181658056047 19.8020015557607 19.7858373059167 19.7696730560727 19.7535088062286 19.7414058791267 19.7414869202508 19.7415679613749 19.741649002499 19.7417300436232 19.7418110847473
18.9206542650858 18.9371039602491 18.9535536554124 18.981481440862 19.013235256407 19.044989071952 19.0767428874969 19.1084967030419 19.1402505185869 19.1720043341319 19.1996836556329 19.2151394950019 19.2305953343709 19.24605117374 19.261507013109 19.276962852478 19.2924186918471 19.3078745312161 19.334616279602 19.3651199976603 19.3956237157186 19.4261274337768 19.4566311518351 19.4871348698934 19.5176385879516 19.5520234690772 19.5980518394046 19.644080209732 19.6901085800595 19.7361369503869 19.7821653207143 19.8281936910417 19.8742220613691 19.8746182441711 19.859803697798 19.8449891514248 19.8301746050517 19.8153600586785 19.8005455123054 19.7857309659322 19.7746410899692 19.7747252252367 19.7748093605041 19.7748934957716 19.7749776310391 19.7750617663066
19.0048316001892 19.0236468315124 19.0424620628357 19.0687771320343 19.0975921471913 19.1264071623484 19.1552221775055 19.1840371926625 19.2128522078196 19.2416672229767 19.2659541447957 19.2766567866007 19.2873594284058 19.2980620702108 19.3087647120158 19.3194673538208 19.3301699956258 19.3408726374308 19.3658014297485 19.3954722722371 19.4251431147257 19.4548139572143 19.484484799703 19.5141556421916 19.5438264846802 19.5772534211476 19.6219486395518 19.6666438579559 19.71133907636 19.7560342947642 19.8007295131683 19.8454247315725 19.8901199499766 19.8931738853455 19.8823473930359 19.8715209007263 19.8606944084167 19.8498679161072 19.8390414237976 19.828214931488 19.8196238517761 19.8177390098572 19.8158541679382 19.8139693260193 19.8120844841003 19.8101996421814
19.0890089352925 19.1101897027757 19.1313704702589 19.1560728232066 19.1819490379757 19.2078252527449 19.233701467514 19.2595776822832 19.2854538970523 19.3113301118215 19.3322246339586 19.3381740781996 19.3441235224406 19.3500729666816 19.3560224109226 19.3619718551636 19.3679212994046 19.3738707436456 19.396986579895 19.425824546814 19.4546625137329 19.4835004806518 19.5123384475708 19.5411764144897 19.5700143814087 19.6024833732181 19.6458454396989 19.6892075061798 19.7325695726606 19.7759316391415 19.8192937056223 19.8626557721032 19.906017838584 19.9117295265198 19.9048910882738 19.8980526500278 19.8912142117818 19.8843757735358 19.8775373352898 19.8706988970439 19.864606613583 19.8607527944777 19.8568989753723 19.853045156267 19.8491913371616 19.8453375180562
19.1731862703959 19.196732574039 19.2202788776821 19.2433685143789 19.2663059287601 19.2892433431413 19.3121807575226 19.3351181719038 19.358055586285 19.3809930006663 19.3984951231215 19.3996913697984 19.4008876164754 19.4020838631524 19.4032801098294 19.4044763565063 19.4056726031833 19.4068688498603 19.4281717300415 19.4561768213908 19.4841819127401 19.5121870040893 19.5401920954386 19.5681971867879 19.5962022781372 19.6277133252885 19.6697422398461 19.7117711544037 19.7538000689612 19.7958289835188 19.8378578980764 19.8798868126339 19.9219157271915 19.9302851676941 19.9274347835117 19.9245843993293 19.9217340151469 19.9188836309645 19.9160332467821 19.9131828625997 19.9095893753899 19.9037665790982 19.8979437828064 19.8921209865146 19.8862981902228 19.8804753939311
19.2573636054992 19.2832754453023 19.3091872851054 19.3306642055511 19.3506628195445 19.3706614335378 19.3906600475311 19.4106586615244 19.4306572755178 19.4506558895111 19.4647656122843 19.4612086613973 19.4576517105102 19.4540947596232 19.4505378087362 19.4469808578491 19.4434239069621 19.439866956075 19.459356880188 19.4865290959676 19.5137013117472 19.5408735275268 19.5680457433065 19.5952179590861 19.6223901748657 19.652943277359 19.6936390399933 19.7343348026276 19.7750305652618 19.8157263278961 19.8564220905304 19.8971178531647 19.9378136157989 19.9488408088684 19.9499784787496 19.9511161486308 19.952253818512 19.9533914883931 19.9545291582743 19.9556668281555 19.9545721371969 19.9467803637187 19.9389885902405 19.9311968167623 19.9234050432841 19.9156132698059
19.3415409406026 19.3698183165656 19.3980956925286 19.4179598967234 19.4350197103288 19.4520795239342 19.4691393375397 19.4861991511451 19.5032589647505 19.5203187783559 19.5310361014472 19.5227259529961 19.5144158045451 19.506105656094 19.497795507643 19.4894853591919 19.4811752107408 19.4728650622898 19.4905420303345 19.5168813705444 19.5432207107544 19.5695600509644 19.5958993911743 19.6222387313843 19.6485780715942 19.6781732294294 19.7175358401404 19.7568984508514 19.7962610615624 19.8356236722734 19.8749862829844 19.9143488936954 19.9537115044064 19.9673964500427 19.9725221739875 19.9776478979323 19.982773621877 19.9878993458218 19.9930250697666 19.9981507937113 19.9995548990038 19.9897941483392 19.9800333976746 19.97027264701 19.9605118963453 19.9507511456807
19.3771583716075 19.406034761005 19.4349111504025 19.4556383609772 19.4736491786109 19.4916599962446 19.5096708138784 19.5276816315121 19.5456924491458 19.5637032667796 19.5752535820007 19.5674223899841 19.5595911979675 19.5517600059509 19.5439288139343 19.5360976219177 19.5282664299011 19.5204352378845 19.536615896225 19.5608005046844 19.5849851131439 19.6091697216034 19.6333543300629 19.6575389385223 19.6817235469818 19.7096711211734 19.7489075925615 19.7881440639496 19.8273805353376 19.8666170067257 19.9058534781138 19.9450899495019 19.9843264208899 20.0000697771708 20.0079820950826 20.0158944129944 20.0238067309062 20.0317190488179 20.0396313667297 20.0475436846415 20.0507138835059 20.0396577252282 20.0286015669505 20.0175454086727 20.006489250395 19.9954330921173
19.3642158985138 19.3919247786204 19.419633658727 19.4436995983124 19.4665512243907 19.489402850469 19.5122544765472 19.5351061026255 19.5579577287038 19.5808093547821 19.5974180539449 19.5952979723612 19.5931778907776 19.5910578091939 19.5889377276103 19.5868176460266 19.5846975644429 19.5825774828593 19.5975784778595 19.6182864983876 19.6389945189158 19.659702539444 19.6804105599721 19.7011185805003 19.7218266010284 19.7474369525909 19.7877542972565 19.828071641922 19.8683889865875 19.908706331253 19.9490236759186 19.9893410205841 20.0296583652496 20.0468607902527 20.0563582420349 20.0658556938171 20.0753531455994 20.0848505973816 20.0943480491638 20.103845500946 20.1080490907033 20.0963710943858 20.0846930980682 20.0730151017507 20.0613371054331 20.0496591091156
19.3512734254201 19.3778147962358 19.4043561670515 19.4317608356476 19.4594532701704 19.4871457046933 19.5148381392161 19.5425305737389 19.5702230082618 19.5979154427846 19.6195825258891 19.6231735547384 19.6267645835876 19.6303556124369 19.6339466412862 19.6375376701355 19.6411286989848 19.6447197278341 19.658541059494 19.6757724920909 19.6930039246877 19.7102353572845 19.7274667898814 19.7446982224782 19.7619296550751 19.7852027840084 19.8266010019514 19.8679992198944 19.9093974378374 19.9507956557804 19.9921938737233 20.0335920916663 20.0749903096093 20.0936518033345 20.1047343889872 20.1158169746399 20.1268995602926 20.1379821459452 20.1490647315979 20.1601473172506 20.1653842979007 20.1530844635434 20.140784629186 20.1284847948286 20.1161849604713 20.1038851261139
19.3383309523265 19.3637048138512 19.389078675376 19.4198220729828 19.4523553159502 19.4848885589176 19.517421801885 19.5499550448524 19.5824882878197 19.6150215307871 19.6417469978332 19.6510491371155 19.6603512763977 19.6696534156799 19.6789555549621 19.6882576942444 19.6975598335266 19.7068619728088 19.7195036411285 19.7332584857941 19.7470133304596 19.7607681751251 19.7745230197906 19.7882778644562 19.8020327091217 19.8229686154259 19.8654477066464 19.9079267978668 19.9504058890872 19.9928849803077 20.0353640715281 20.0778431627485 20.120322253969 20.1404428164164 20.1531105359395 20.1657782554626 20.1784459749857 20.1911136945089 20.203781414032 20.2164491335551 20.2227195050981 20.2097978327009 20.1968761603037 20.1839544879066 20.1710328155094 20.1581111431122
19.3253884792328 19.3495948314667 19.3738011837006 19.407883310318 19.4452573617299 19.4826314131419 19.5200054645538 19.5573795159658 19.5947535673777 19.6321276187897 19.6639114697774 19.6789247194926 19.6939379692078 19.7089512189229 19.7239644686381 19.7389777183533 19.7539909680684 19.7690042177836 19.780466222763 19.7907444794973 19.8010227362315 19.8113009929657 19.8215792496999 19.8318575064341 19.8421357631683 19.8607344468435 19.9042944113413 19.9478543758392 19.9914143403371 20.034974304835 20.0785342693329 20.1220942338308 20.1656541983286 20.1872338294983 20.2014866828918 20.2157395362854 20.2299923896789 20.2442452430725 20.2584980964661 20.2727509498596 20.2800547122955 20.2665112018585 20.2529676914215 20.2394241809845 20.2258806705475 20.2123371601105
19.3124460061391 19.3354848490821 19.3585236920251 19.3959445476532 19.4381594075097 19.4803742673662 19.5225891272227 19.5648039870792 19.6070188469357 19.6492337067922 19.6860759417216 19.7068003018697 19.7275246620178 19.7482490221659 19.768973382314 19.7896977424621 19.8104221026103 19.8311464627584 19.8414288043976 19.8482304732005 19.8550321420034 19.8618338108063 19.8686354796092 19.8754371484121 19.882238817215 19.898500278261 19.9431411160363 19.9877819538116 20.032422791587 20.0770636293623 20.1217044671376 20.166345304913 20.2109861426883 20.2340248425802 20.2498628298441 20.2657008171081 20.2815388043721 20.2973767916361 20.3132147789001 20.3290527661641 20.3373899194929 20.3232245710161 20.3090592225393 20.2948938740624 20.2807285255856 20.2665631771088
19.3242906888326 19.3434819645352 19.3626732402378 19.3990351041158 19.4411204973856 19.4832058906555 19.5252912839254 19.5673766771952 19.6094620704651 19.6515474637349 19.6892941051059 19.7140244907803 19.7387548764547 19.763485262129 19.7882156478034 19.8129460334778 19.8376764191521 19.8624068048265 19.8765441258748 19.8871504253811 19.8977567248874 19.9083630243937 19.9189693239 19.9295756234063 19.9401819229126 19.9592676374647 20.0037915971544 20.0483155568441 20.0928395165337 20.1373634762234 20.1818874359131 20.2264113956027 20.2709353552924 20.2934223016103 20.3085635768043 20.3237048519982 20.3388461271922 20.3539874023861 20.3691286775801 20.384269952774 20.3921411408318 20.3782020674811 20.3642629941304 20.3503239207798 20.3363848474291 20.3224457740784
19.3609225273132 19.3735861778259 19.3862498283386 19.4171549797058 19.4541406313578 19.4911262830098 19.5281119346619 19.5650975863139 19.6020832379659 19.6390688896179 19.6735659599304 19.7005972862244 19.7276286125183 19.7546599388123 19.7816912651062 19.8087225914001 19.8357539176941 19.862785243988 19.8858121871948 19.9075043360392 19.9291964848836 19.950888633728 19.9725807825724 19.9942729314168 20.0159650802612 20.0430365244547 20.0862458546956 20.1294551849365 20.1726645151774 20.2158738454183 20.2590831756592 20.3022925059 20.3455018361409 20.3654262065887 20.3775889237722 20.3897516409556 20.401914358139 20.4140770753225 20.4262397925059 20.4384025096893 20.4443083763123 20.4314436912537 20.4185790061951 20.4057143211365 20.3928496360779 20.3799849510193
19.3975543657939 19.4036903911167 19.4098264164395 19.4352748552958 19.46716076533 19.4990466753642 19.5309325853984 19.5628184954325 19.5947044054667 19.6265903155009 19.6578378147549 19.6871700816684 19.7165023485819 19.7458346154955 19.775166882409 19.8044991493225 19.833831416236 19.8631636831495 19.8950802485148 19.9278582466973 19.9606362448798 19.9934142430623 20.0261922412448 20.0589702394273 20.0917482376098 20.1268054114447 20.1687001122368 20.210594813029 20.2524895138211 20.2943842146132 20.3362789154053 20.3781736161974 20.4200683169895 20.4374301115672 20.4466142707401 20.455798429913 20.4649825890859 20.4741667482588 20.4833509074317 20.4925350666046 20.4964756117927 20.4846853150262 20.4728950182597 20.4611047214932 20.4493144247267 20.4375241279602
19.4341862042745 19.4337946044074 19.4334030045403 19.4533947308858 19.4801808993022 19.5069670677185 19.5337532361348 19.5605394045512 19.5873255729675 19.6141117413839 19.6421096695794 19.6737428771125 19.7053760846456 19.7370092921787 19.7686424997118 19.8002757072449 19.831908914778 19.8635421223111 19.9043483098348 19.9482121573554 19.992076004876 20.0359398523966 20.0798036999172 20.1236675474379 20.1675313949585 20.2105742984348 20.2511543697781 20.2917344411214 20.3323145124647 20.372894583808 20.4134746551513 20.4540547264947 20.494634797838 20.5094340165456 20.515639617708 20.5218452188704 20.5280508200327 20.5342564211951 20.5404620223575 20.5466676235199 20.5486428472731 20.5379269387987 20.5272110303243 20.5164951218499 20.5057792133755 20.4950633049011
