data/working_set_collections/6091692-Cassins_Sparrow-MC/2005/bio14.asc
NCOLS 265 
NROWS 230 
XLLCORNER -115.5625 
YLLCORNER 24.8333333333333 
CELLSIZE 0.0833333333333333 
NODATA_value -9999 
[rows 120 to 139 of 230, columns 0 to 44 of 265]
0.442205401758343 0.48760116746027 0.532996933162198 0.578392698864133 0.62378846456606 0.669184230267987 0.714579995969922 0.68098901758592 0.621069124506589 0.561149231427249 0.501229338347918 0.441309445268588 0.381389552189247 0.321469659109917 0.273035873886611 0.259060412231417 0.245084950576226 0.231109488921034 0.21713402726584 0.203158565610648 0.189183103955456 0.175207642300262 0.184976737697916 0.202660685446523 0.220344633195134 0.238028580943741 0.255712528692348 0.273396476440959 0.291080424189566 0.32675360399814 0.416394479986687 0.506035355975219 0.59567623196375 0.685317107952298 0.774957983940829 0.864598859929361 0.954239735917908 1.09872232228515 1.26148547877865 1.42424863527217 1.58701179176567 1.74977494825916 1.91253810475268 2.07530126124618 2.27223366896305
0.483267761766898 0.527743966877446 0.572220171987994 0.616696377098549 0.661172582209096 0.705648787319644 0.750124992430199 0.715919013321404 0.65548563947281 0.595052265624206 0.534618891775613 0.474185517927019 0.413752144078415 0.353318770229821 0.303691476335127 0.286482422302164 0.269273368269204 0.252064314236244 0.234855260203281 0.217646206170321 0.200437152137361 0.183228098104398 0.189621707797047 0.203882872064905 0.218144036332765 0.232405200600623 0.24666636486848 0.26092752913634 0.275188693404198 0.307110564659023 0.392014556874826 0.476918549090614 0.561822541306403 0.646726533522205 0.731630525737994 0.816534517953782 0.901438510169585 1.05031404346226 1.22051342378057 1.39071280409891 1.56091218441722 1.73111156473554 1.90131094505388 2.07151032537219 2.2692517836888
0.524330121775457 0.567886766294625 0.611443410813793 0.655000055332968 0.698556699852136 0.742113344371304 0.785669988890479 0.750849009056892 0.689902154439034 0.628955299821167 0.56800844520331 0.507061590585453 0.446114735967585 0.385167881349728 0.334347078783645 0.313904432372913 0.293461785962184 0.273019139551456 0.252576493140724 0.232133846729995 0.211691200319267 0.191248553908535 0.194266677896179 0.205105058683287 0.215943439470396 0.226781820257504 0.237620201044611 0.248458581831721 0.259296962618828 0.287467525319905 0.367634633762963 0.447801742206008 0.527968850649052 0.60813595909211 0.688303067535154 0.768470175978199 0.848637284421257 1.00190576463935 1.17954136878249 1.35717697292565 1.53481257706878 1.71244818121191 1.89008378535507 2.0677193894982 2.26626989841455
0.565392481784016 0.608029565711804 0.650666649639592 0.693303733567388 0.735940817495176 0.778577901422964 0.821214985350759 0.785779004792379 0.724318669405258 0.662858334018128 0.601397998631007 0.539937663243887 0.478477327856756 0.417016992469636 0.365002681232163 0.341326442443662 0.317650203655165 0.293973964866668 0.270297726078167 0.24662148728967 0.222945248501172 0.199269009712671 0.198911647995311 0.206327245301669 0.213742842608027 0.221158439914385 0.228574037220742 0.235989634527101 0.243405231833458 0.267824485980787 0.3432547106511 0.418684935321401 0.494115159991701 0.569545384662015 0.644975609332315 0.720405834002616 0.795836058672929 0.953497485816453 1.1385693137844 1.32364114175238 1.50871296972033 1.69378479768829 1.87885662565627 2.06392845362422 2.26328801314031
0.606454841792572 0.64817236512898 0.689889888465388 0.731607411801804 0.773324935138212 0.81504245847462 0.856759981811036 0.820709000527863 0.75873518437148 0.696761368215085 0.634787552058702 0.572813735902318 0.510839919745924 0.44886610358954 0.395658283680678 0.368748452514408 0.341838621348143 0.314928790181878 0.288018959015608 0.261109127849343 0.234199296683077 0.207289465516807 0.203556618094443 0.20754943192005 0.211542245745659 0.215535059571266 0.219527873396874 0.223520687222482 0.22751350104809 0.248181446641671 0.31887478753924 0.389568128436797 0.460261469334354 0.530954810231923 0.60164815112948 0.672341492027036 0.743034832924605 0.905089206993555 1.09759725878632 1.29010531057912 1.48261336237189 1.67512141416466 1.86762946595746 2.06013751775023 2.26030612786606
0.647517201801131 0.688315164546159 0.729113127291188 0.769911090036223 0.810709052781252 0.85150701552628 0.892304978271316 0.855638996263351 0.793151699337703 0.730664402412046 0.668177105486399 0.605689808560752 0.543202511635094 0.480715214709447 0.426313886129196 0.396170462585157 0.366027039041123 0.33588361549709 0.305740191953051 0.275596768409017 0.245453344864983 0.215309921320944 0.208201588193575 0.208771618538432 0.20934164888329 0.209911679228148 0.210481709573005 0.211051739917863 0.21162177026272 0.228538407302553 0.294494864427377 0.36045132155219 0.426407778677003 0.492364235801827 0.55832069292664 0.624277150051453 0.690233607176277 0.856680928170654 1.05662520378824 1.25656947940586 1.45651375502345 1.65645803064104 1.85640230625866 2.05634658187624 2.25732424259181
0.662910456458724 0.702655910452201 0.742401364445679 0.782146818439163 0.82189227243264 0.861637726426117 0.901383180419601 0.864993357906751 0.803225109891775 0.741456861876788 0.679688613861811 0.617920365846834 0.556152117831847 0.494383869816871 0.440240133802103 0.408969933787985 0.377699733773873 0.34642953375976 0.315159333745642 0.283889133731529 0.252618933717417 0.221348733703298 0.213467952112356 0.213383643329143 0.213299334545929 0.213215025762716 0.213130716979502 0.213046408196288 0.212962099413075 0.230087987002381 0.298844463709316 0.36760094041624 0.436357417123164 0.505113893830099 0.573870370537022 0.642626847243946 0.711383323950881 0.877523236970063 1.07612429542669 1.27472535388334 1.47332641233996 1.67192747079659 1.87052852925324 2.06912958770987 2.26855202317233
0.65263460576534 0.691194602847095 0.729754599928849 0.76831459701061 0.806874594092365 0.84543459117412 0.883994588255881 0.848772085458053 0.788955416033681 0.729138746609299 0.669322077184928 0.609505407760556 0.549688738336174 0.489872068911802 0.437437026699391 0.407146866122885 0.376856705546384 0.346566544969883 0.316276384393377 0.285986223816876 0.255696063240376 0.225405902663869 0.219355709850787 0.221385506292182 0.223415302733578 0.225445099174974 0.22747489561637 0.229504692057765 0.231534488499161 0.252830185741164 0.33192358538507 0.411016985028961 0.490110384672853 0.569203784316758 0.64829718396065 0.727390583604542 0.806483983248447 0.96761613339181 1.15609453370168 1.34457293401158 1.53305133432146 1.72152973463133 1.91000813494123 2.0984865352511 2.29398946960762
0.642358755071955 0.679733295241987 0.717107835412019 0.754482375582057 0.791856915752089 0.829231455922121 0.866605996092159 0.832550813009354 0.774685722175587 0.71682063134181 0.658955540508043 0.601090449674276 0.5432253588405 0.485360268006733 0.434633919596679 0.405323798457785 0.376013677318896 0.346703556180007 0.317393435041113 0.288083313902224 0.258773192763335 0.229463071624441 0.225243467589218 0.229387369255223 0.233531270921228 0.237675172587233 0.241819074253238 0.245962975919244 0.250106877585249 0.27557238447995 0.365002707060825 0.454433029641686 0.543863352222547 0.633293674803423 0.722723997384284 0.812154319965145 0.901584642546021 1.05770902981356 1.23606477197668 1.41442051413983 1.59277625630295 1.77113199846607 1.94948774062922 2.12784348279234 2.31942691604291
0.63208290437857 0.668271987636879 0.704461070895188 0.740650154153503 0.776839237411812 0.813028320670121 0.849217403928437 0.816329540560654 0.760416028317492 0.704502516074321 0.648589003831159 0.592675491587997 0.536761979344826 0.480848467101664 0.431830812493967 0.403500730792685 0.375170649091408 0.34684056739013 0.318510485688848 0.290180403987571 0.261850322286294 0.233520240585012 0.231131225327649 0.237389232218263 0.243647239108878 0.249905245999493 0.256163252890107 0.262421259780722 0.268679266671337 0.298314583218735 0.398081828736582 0.497849074254411 0.597616319772241 0.697383565290088 0.797150810807918 0.896918056325748 0.996685301843595 1.14780192623532 1.31603501025169 1.48426809426808 1.65250117828445 1.82073426230082 1.98896734631721 2.15720043033358 2.3448643624782
0.621807053685186 0.656810680031772 0.691814306378359 0.726817932724951 0.761821559071537 0.796825185418124 0.831828811764716 0.800108268111956 0.746146334459399 0.692184400806833 0.638222467154275 0.584260533501718 0.530298599849152 0.476336666196595 0.429027705391255 0.401677663127585 0.374327620863919 0.346977578600254 0.319627536336584 0.292277494072918 0.264927451809253 0.237577409545583 0.23701898306608 0.245391095181303 0.253763207296528 0.262135319411751 0.270507431526974 0.278879543642199 0.287251655757423 0.321056781957518 0.431160950412335 0.541265118867133 0.651369287321931 0.761473455776748 0.871577624231546 0.981681792686343 1.09178596114116 1.23789482265707 1.39600524852668 1.55411567439633 1.71222610026594 1.87033652613556 2.0284469520052 2.18655737787482 2.37030180891349
0.611531202991801 0.645349372426665 0.679167541861528 0.712985711296398 0.746803880731261 0.780622050166125 0.814440219600994 0.783886995663257 0.731876640601304 0.679866285539343 0.627855930477391 0.575845575415439 0.523835220353478 0.471824865291526 0.426224598288542 0.399854595462484 0.373484592636431 0.347114589810377 0.320744586984319 0.294374584158266 0.268004581332212 0.241634578506154 0.242906740804511 0.253392958144343 0.263879175484178 0.27436539282401 0.284851610163843 0.295337827503678 0.30582404484351 0.343798980696303 0.464240072088091 0.584681163479858 0.705122254871625 0.825563346263412 0.946004437655179 1.06644552904695 1.18688662043873 1.32798771907882 1.47597548680169 1.62396325452458 1.77195102224744 1.9199387899703 2.06792655769319 2.21591432541606 2.39573925534878
0.584169191204841 0.617042487611373 0.649915784017905 0.682789080424443 0.715662376830975 0.748535673237507 0.781408969644045 0.75340627357365 0.705111580010933 0.656816886448207 0.60852219288549 0.560227499322772 0.511932805760047 0.463638112197329 0.420998905309379 0.395326158445746 0.369653411582118 0.343980664718489 0.318307917854856 0.292635170991227 0.266962424127598 0.241289677263965 0.244529904300966 0.25740778930485 0.270285674308735 0.283163559312619 0.296041444316503 0.308919329320388 0.321797214324272 0.363712184958957 0.492738412486165 0.621764640013351 0.750790867540538 0.879817095067746 1.00884332259493 1.13786955012212 1.26689577764933 1.41569237907724 1.57107910513873 1.72646583120025 1.88185255726174 2.03723928332323 2.19262600938475 2.34801273544624 2.53334883650135
0.5397210183243 0.571890025585892 0.604059032847485 0.636228040109082 0.668397047370675 0.700566054632267 0.732735061893865 0.708666101843134 0.665851152688281 0.623036203533422 0.580221254378569 0.537406305223717 0.494591356068857 0.451776406914005 0.413350626453764 0.388092352077369 0.362834077700978 0.337575803324587 0.312317528948192 0.287059254571801 0.26180098019541 0.236542705819014 0.241888473555443 0.25743558866282 0.272982703770198 0.288529818877574 0.30407693398495 0.319624049092329 0.335171164199705 0.380796394745475 0.516655971606553 0.652515548467608 0.788375125328662 0.92423470218974 1.0600942790508 1.19595385591185 1.33181343277293 1.50100880265231 1.68131610353782 1.86162340442335 2.04193070530886 2.22223800619436 2.40254530707989 2.5828526079654 2.78313055237124
0.495272845443755 0.526737563560407 0.55820228167706 0.589666999793718 0.621131717910371 0.652596436027023 0.684061154143681 0.663925930112613 0.626590725365626 0.589255520618633 0.551920315871646 0.51458511112466 0.477249906377667 0.43991470163068 0.405702347598149 0.380858545708991 0.356014743819838 0.331170941930685 0.306327140041527 0.281483338152374 0.256639536263221 0.231795734374063 0.239247042809921 0.257463388020789 0.275679733231661 0.29389607844253 0.312112423653399 0.33032876886427 0.348545114075139 0.397880604531995 0.540573530726943 0.683266456921867 0.82595938311679 0.968652309311738 1.11134523550666 1.25403816170159 1.39673108789653 1.5863252262274 1.79155310193691 1.99678097764647 2.20200885335599 2.4072367290655 2.61246460477506 2.81769248048458 3.03291226824116
0.45082467256321 0.481585101534923 0.512345530506636 0.543105959478354 0.573866388450066 0.604626817421779 0.635387246393497 0.619185758382093 0.587330298042971 0.555474837703845 0.523619377364724 0.491763917025602 0.459908456686476 0.428052996347355 0.398054068742533 0.373624739340614 0.349195409938698 0.324766080536782 0.300336751134863 0.275907421732947 0.251478092331031 0.227048762929112 0.236605612064398 0.257491187378759 0.278376762693124 0.299262338007486 0.320147913321847 0.341033488636212 0.361919063950573 0.414964814318515 0.564491089847333 0.714017365376126 0.863543640904918 1.01306991643374 1.16259619196253 1.31212246749132 1.46164874302014 1.67164164980248 1.90179010033601 2.13193855086958 2.36208700140312 2.59223545193665 2.82238390247022 3.05253235300375 3.28269398411107
0.406376499682669 0.436432639509442 0.466488779336215 0.496544919162993 0.526601058989766 0.556657198816539 0.586713338643317 0.574445586651576 0.54806987072032 0.521694154789059 0.495318438857803 0.468942722926547 0.442567006995287 0.41619129106403 0.390405789886918 0.366390932972237 0.342376076057559 0.318361219142881 0.294346362228199 0.270331505313521 0.246316648398843 0.222301791484161 0.233964181318876 0.257518986736729 0.281073792154587 0.304628597572441 0.328183402990295 0.351738208408153 0.375293013826006 0.432049024105034 0.588408648967721 0.744768273830382 0.901127898693043 1.05748752355573 1.21384714841839 1.37020677328105 1.52656639814374 1.75695807337755 2.0120270987351 2.26709612409269 2.52216514945023 2.77723417480778 3.03230320016537 3.28737222552291 3.53247569998096
0.361928326802124 0.391280177483957 0.420632028165791 0.449983878847629 0.479335729529462 0.508687580211295 0.538039430893133 0.529705414921055 0.508809443397665 0.487913471874271 0.46701750035088 0.44612152882749 0.425225557304096 0.404329585780705 0.382757511031303 0.359157126603859 0.335556742176419 0.311956357748978 0.288355973321534 0.264755588894094 0.241155204466654 0.217554820039209 0.231322750573353 0.257546786094699 0.28377082161605 0.309994857137397 0.336218892658743 0.362442928180094 0.38866696370144 0.449133233891554 0.612326208088111 0.775519182284641 0.938712156481171 1.10190513067773 1.26509810487426 1.42829107907079 1.59148405326735 1.84227449695263 2.12226409713419 2.4022536973158 2.68224329749736 2.96223289767892 3.24222249786053 3.52221209804209 3.78225741585088
0.336796307315427 0.364546120911833 0.392295934508239 0.42004574810465 0.447795561701056 0.475545375297463 0.503295188893874 0.499231462180619 0.484563222030803 0.469894981880985 0.455226741731169 0.440558501581353 0.425890261431535 0.411222021281719 0.393779167036218 0.368012470503648 0.342245773971083 0.316479077438518 0.290712380905948 0.264945684373383 0.239178987840817 0.213412291308247 0.227017461508509 0.253746587286388 0.280475713064271 0.30720483884215 0.333933964620029 0.360663090397913 0.387392216175792 0.448654871765075 0.613518116788715 0.778381361812328 0.94324460683594 1.10810785185958 1.27297109688319 1.43783434190681 1.60269758693045 1.85998641550537 2.14808377193074 2.43618112835617 2.72427848478154 3.01237584120692 3.30047319763234 3.58857055405772 3.85366528762708
0.330980441222586 0.356230469793078 0.38148049836357 0.406730526934067 0.431980555504559 0.457230584075051 0.482480612645547 0.483023728430275 0.475331206619743 0.467638684809209 0.459946162998677 0.452253641188144 0.444561119377611 0.436868597567078 0.42347075790167 0.392956964671611 0.362443171441557 0.331929378211503 0.301415584981443 0.270901791751389 0.240387998521335 0.209874205291275 0.221048314124343 0.246118390311793 0.271188466499248 0.296258542686698 0.321328618874149 0.346398695061604 0.371468771249054 0.43061393772559 0.591984375069524 0.753354812413431 0.914725249757338 1.07609568710127 1.23746612444518 1.39883656178909 1.56020699913302 1.81009382903572 2.0894861231247 2.36887841721374 2.64827071130272 2.92766300539171 3.20705529948074 3.48644759356973 3.7466993153095
