data/working_set_collections/6091692-Cassins_Sparrow-MC/2005/bio16.asc
NCOLS 265 
NROWS 230 
XLLCORNER -115.5625 
YLLCORNER 24.8333333333333 
CELLSIZE 0.0833333333333333 
NODATA_value -9999 
[rows 40 to 59 of 230, columns 138 to 183 of 265]
168.265538787842 169.420891571045 170.576244354248 171.731597137452 173.05837173462 174.442286936442 175.826202138265 177.210117340088 178.594032541911 179.977947743734 181.361862945557 183.634305699666 188.572331110635 193.510356521606 198.448381932576 203.386407343545 208.324432754516 213.262458165486 218.200483576455 221.685770034789 224.686810175577 227.687850316365 230.688890457153 233.689930597941 236.690970738728 239.692010879517 242.17929801941 243.125326156616 244.071354293823 245.01738243103 245.963410568237 246.909438705444 247.855466842651 248.801494979858 251.115198516845 253.884793853759 256.654389190673 259.423984527587 262.193579864501 264.963175201415 267.73277053833 270.166803995768 271.594151814778 273.021499633789 274.448847452799 275.876195271809
164.445996178521 165.52763748169 166.609278784858 167.690920088027 169.190926361084 170.830387624105 172.469848887126 174.109310150147 175.748771413167 177.388232676188 179.027693939209 181.582071219549 186.881196551852 192.180321884155 197.479447216457 202.778572548759 208.077697881062 213.376823213364 218.675948545666 221.856553268432 224.330984454684 226.805415640936 229.279846827189 231.754278013441 234.228709199693 236.703140385946 238.973812908596 240.633209440443 242.29260597229 243.952002504137 245.611399035983 247.27079556783 248.930192099677 250.589588631523 252.910973358154 255.453020816378 257.995068274603 260.537115732828 263.079163191053 265.621210649278 268.163258107503 270.490075344509 272.17120191786 273.852328491211 275.533455064561 277.214581637912
162.28836479187 163.412509791056 164.536654790242 165.660799789428 167.351388804118 169.230792490641 171.110196177164 172.989599863688 174.869003550211 176.748407236734 178.627810923258 181.390937593247 186.805233213635 192.219528834024 197.633824454412 203.0481200748 208.462415695189 213.876711315578 219.291006935966 222.389806111653 224.716773139105 227.043740166557 229.37070719401 231.697674221462 234.024641248914 236.351608276367 238.536488469441 240.295108159382 242.053727849324 243.812347539265 245.570967229207 247.329586919148 249.08820660909 250.846826299031 253.0232741038 255.338997946845 257.654721789889 259.970445632934 262.286169475979 264.601893319024 266.917617162069 269.136317486233 271.063947253757 272.991577021281 274.919206788805 276.846836556328
161.792644627889 163.075508499145 164.358372370402 165.641236241658 167.53975906372 169.643501536051 171.747244008381 173.850986480712 175.954728953043 178.058471425374 180.162213897704 183.060904820759 188.344441095986 193.627977371215 198.911513646442 204.19504992167 209.478586196898 214.762122472126 220.045658747354 223.285528564453 225.84417622884 228.402823893228 230.961471557617 233.520119222004 236.078766886392 238.63741455078 240.867324701944 242.111022313435 243.354719924926 244.598417536417 245.842115147908 247.085812759399 248.32951037089 249.573207982381 251.452100753784 253.542725245158 255.633349736531 257.723974227905 259.814598719279 261.905223210653 263.995847702026 266.105530420939 268.272387822469 270.439245223999 272.606102625529 274.772960027059
161.296924463908 162.738507207235 164.180089950561 165.621672693888 167.728129323323 170.056210581461 172.384291839599 174.712373097737 177.040454355875 179.368535614013 181.696616872151 184.730872048271 189.883648978338 195.036425908406 200.189202838473 205.34197976854 210.494756698607 215.647533628674 220.800310558741 224.181251017252 226.971579318576 229.761907619899 232.552235921223 235.342564222547 238.13289252387 240.923220825195 243.198160934448 243.926936467488 244.655712000529 245.384487533569 246.113263066609 246.84203859965 247.57081413269 248.299589665731 249.880927403768 251.74645254347 253.611977683173 255.477502822876 257.343027962579 259.208553102281 261.074078241984 263.074743355645 265.480828391181 267.886913426717 270.292998462253 272.699083497789
160.801204299926 162.401505915324 164.001807530721 165.602109146118 167.916499582926 170.468919626871 173.021339670816 175.573759714762 178.126179758707 180.678599802652 183.231019846598 186.400839275783 191.422856860689 196.444874445596 201.466892030503 206.488909615409 211.510927200316 216.532944785223 221.554962370129 225.076973470051 228.098982408311 231.12099134657 234.14300028483 237.165009223089 240.187018161349 243.209027099609 245.528997166951 245.742850621541 245.956704076131 246.170557530721 246.384410985311 246.598264439901 246.812117894491 247.02597134908 248.309754053752 249.950179841783 251.590605629815 253.231031417847 254.871457205878 256.51188299391 258.152308781942 260.043956290351 262.689268959893 265.334581629435 267.979894298977 270.625206968519
160.305484135945 162.064504623413 163.82352511088 165.582545598347 168.104869842529 170.881628672281 173.658387502034 176.435146331786 179.211905161539 181.988663991291 184.765422821044 188.070806503295 192.96206474304 197.853322982787 202.744581222533 207.635839462279 212.527097702025 217.418355941771 222.309614181517 225.972695922851 229.226385498046 232.480075073241 235.733764648437 238.987454223632 242.241143798827 245.494833374023 247.859833399454 247.558764775594 247.257696151733 246.956627527873 246.655558904012 246.354490280151 246.053421656291 245.75235303243 246.738580703735 248.153907140096 249.569233576457 250.984560012817 252.399886449178 253.815212885539 255.2305393219 257.013169225057 259.897709528605 262.782249832153 265.666790135701 268.551330439249
159.809763971964 161.727503331502 163.64524269104 165.562982050577 168.293240102132 171.294337717691 174.295435333251 177.296532948811 180.297630564371 183.298728179931 186.299825795491 189.740773730806 194.501272625392 199.261771519978 204.022270414563 208.782769309148 213.543268203734 218.30376709832 223.064265992905 226.86841837565 230.353788587781 233.839158799912 237.324529012043 240.809899224174 244.295269436305 247.780639648437 250.190669631958 249.374678929647 248.558688227336 247.742697525024 246.926706822713 246.110716120402 245.294725418091 244.47873471578 245.167407353719 246.357634438409 247.547861523098 248.738088607788 249.928315692478 251.118542777167 252.308769861857 253.982382159763 257.106150097317 260.229918034871 263.353685972425 266.477453909979
160.50704015096 162.420384470621 164.333728790283 166.247073109944 169.017525482177 172.0736805386 175.129835595024 178.185990651448 181.242145707871 184.298300764295 187.354455820719 190.80920923021 195.459757698905 200.110306167602 204.760854636297 209.411403104993 214.061951573689 218.712500042384 223.36304851108 227.070577112833 230.463765758938 233.856954405042 237.250143051147 240.643331697252 244.036520343356 247.429708989461 249.727925957574 248.741227891711 247.754529825847 246.767831759983 245.78113369412 244.794435628256 243.807737562392 242.821039496528 243.381174596151 244.456920750936 245.532666905721 246.608413060506 247.684159215291 248.759905370076 249.835651524862 251.47849714491 254.822641160752 258.166785176595 261.510929192436 264.855073208278
162.397312672932 164.143148040771 165.888983408609 167.634818776448 170.277725982665 173.219657135009 176.161588287353 179.103519439697 182.04545059204 184.987381744384 187.929312896728 191.276113001504 195.837519963581 200.398926925658 204.960333887735 209.521740849812 214.083147811889 218.644554773965 223.205961736042 226.579172134399 229.556317011515 232.533461888631 235.510606765747 238.487751642863 241.464896519978 244.442041397095 246.471602376303 245.658411661785 244.845220947266 244.032030232748 243.21883951823 242.405648803711 241.592458089193 240.779267374675 241.37988243103 242.451766077678 243.523649724325 244.595533370972 245.667417017619 246.739300664266 247.811184310913 249.501514180501 253.047182718912 256.592851257324 260.138519795735 263.684188334146
164.287585194905 165.865911610921 167.444238026936 169.022564442952 171.537926483154 174.365633731417 177.193340979681 180.021048227945 182.848755476209 185.676462724473 188.504169972737 191.743016772799 196.215282228257 200.687547683715 205.159813139173 209.63207859463 214.104344050089 218.576609505546 223.048874961004 226.087767155965 228.648868264092 231.209969372219 233.771070480347 236.332171588474 238.893272696601 241.454373804728 243.215278795031 242.575595431858 241.935912068685 241.296228705513 240.65654534234 240.016861979167 239.377178615994 238.737495252822 239.37859026591 240.446611404419 241.514632542928 242.582653681437 243.650674819946 244.718695958455 245.786717096965 247.524531216091 251.271724277072 255.018917338053 258.766110399034 262.513303460014
166.177857716878 167.588675181071 168.999492645263 170.410310109456 172.798126983642 175.511610327826 178.22509367201 180.938577016194 183.652060360378 186.365543704562 189.079027048746 192.209920544093 196.593044492932 200.976168441772 205.35929239061 209.742416339449 214.125540288289 218.508664237127 222.891788185966 225.596362177531 227.741419516669 229.886476855807 232.031534194946 234.176591534085 236.321648873223 238.466706212362 239.958955213759 239.492779201932 239.026603190105 238.560427178277 238.09425116645 237.628075154623 237.161899142796 236.695723130968 237.377298100789 238.44145673116 239.505615361532 240.569773991903 241.633932622274 242.698091252645 243.762249883016 245.547548251681 249.496265835231 253.444983418782 257.393701002332 261.342418585882
168.06813023885 169.31143875122 170.55474726359 171.79805577596 174.05832748413 176.657586924234 179.256846364338 181.856105804443 184.455365244547 187.054624684651 189.653884124755 192.676824315388 196.970806757608 201.264789199828 205.558771642048 209.852754084268 214.146736526489 218.440718968708 222.734701410928 225.104957199097 226.833970769246 228.562984339396 230.291997909546 232.021011479696 233.750025049845 235.479038619995 236.702631632488 236.409962972006 236.117294311524 235.824625651042 235.53195699056 235.239288330079 234.946619669597 234.653951009115 235.376005935669 236.436302057902 237.496598180135 238.556894302368 239.617190424601 240.677486546834 241.737782669068 243.570565287272 247.720807393391 251.871049499511 256.021291605631 260.17153371175
169.958402760823 171.03420232137 172.110001881917 173.185801442464 175.318527984619 177.803563520643 180.288599056667 182.773634592692 185.258670128716 187.74370566474 190.228741200764 193.143728086682 197.348569022283 201.553409957885 205.758250893486 209.963091829087 214.167932764688 218.372773700289 222.57761463589 224.613552220662 225.926522021823 227.239491822984 228.552461624146 229.865431425307 231.178401226468 232.491371027629 233.446308051216 233.327146742079 233.207985432943 233.088824123807 232.969662814671 232.850501505534 232.731340196398 232.612178887262 233.374713770549 234.431147384644 235.487580998739 236.544014612834 237.600448226929 238.656881841024 239.713315455119 241.593582322862 245.945348951551 250.29711558024 254.648882208929 259.000648837618
171.037350294325 171.871770731608 172.706191168891 173.540611606174 175.533235931396 177.911928219265 180.290620507134 182.669312795003 185.048005082872 187.426697370741 189.80538965861 192.61136932373 196.699211120604 200.78705291748 204.874894714355 208.96273651123 213.050578308105 217.13842010498 221.226261901855 223.008583196004 224.022397655911 225.036212115818 226.050026575724 227.063841035631 228.077655495538 229.091469955445 229.85322986179 229.858826107449 229.864422353109 229.870018598769 229.875614844429 229.881211090088 229.886807335748 229.892403581408 230.803600311279 232.016663869222 233.229727427165 234.442790985107 235.65585454305 236.868918100993 238.081981658935 240.12705769009 244.668171140881 249.209284591674 253.750398042466 258.291511493258
171.304972839355 171.824143981934 172.343315124512 172.86248626709 174.702451324463 176.982681020101 179.262910715738 181.543140411377 183.823370107015 186.103599802653 188.383829498291 191.079748026529 195.022733052571 198.965718078613 202.908703104654 206.851688130696 210.794673156738 214.737658182779 218.680643208821 220.290050125122 221.121597671509 221.953145217896 222.784692764283 223.616240310669 224.447787857056 225.279335403443 225.92339706421 226.005001068116 226.086605072022 226.168209075928 226.249813079835 226.331417083741 226.413021087647 226.494625091553 227.662665557862 229.192851511638 230.723037465413 232.25322341919 233.783409372965 235.313595326741 236.843781280518 239.170991388956 243.889273961384 248.607556533813 253.325839106241 258.044121678669
171.572595384386 171.776517232259 171.980439080132 172.184360928006 173.871666717529 176.053433820936 178.235200924343 180.41696802775 182.598735131157 184.780502234564 186.962269337972 189.548126729329 193.346254984537 197.144383239746 200.942511494954 204.740639750162 208.538768005371 212.336896260579 216.135024515787 217.57151705424 218.220797687107 218.870078319974 219.519358952841 220.168639585707 220.817920218574 221.467200851441 221.993564266629 222.151176028782 222.308787790935 222.466399553088 222.62401131524 222.781623077393 222.939234839546 223.096846601699 224.521730804444 226.369039154053 228.216347503662 230.063655853271 231.910964202881 233.75827255249 235.605580902099 238.214925087822 243.110376781886 248.005828475951 252.901280170016 257.79673186408
171.840217929416 171.728890482585 171.617563035753 171.506235588922 173.040882110595 175.124186621772 177.207491132948 179.290795644124 181.3741001553 183.457404666476 185.540709177653 188.016505432128 191.669776916503 195.323048400878 198.976319885253 202.629591369628 206.282862854004 209.936134338378 213.589405822753 214.852983983358 215.319997702705 215.787011422052 216.254025141398 216.721038860745 217.188052580092 217.655066299439 218.063731469049 218.297350989448 218.530970509847 218.764590030247 218.998209550646 219.231829071045 219.465448591445 219.699068111844 221.380796051025 223.545226796468 225.70965754191 227.874088287353 230.038519032796 232.202949778238 234.367380523681 237.258858786688 242.331479602389 247.40410041809 252.476721233791 257.549342049491
172.107840474447 171.68126373291 171.254686991374 170.828110249837 172.210097503662 174.194939422607 176.179781341552 178.164623260498 180.149465179443 182.134307098388 184.119149017334 186.484884134928 189.993298848469 193.501713562011 197.010128275553 200.518542989094 204.026957702636 207.535372416178 211.04378712972 212.134450912476 212.419197718303 212.70394452413 212.988691329957 213.273438135783 213.55818494161 213.842931747437 214.133898671469 214.443525950114 214.75315322876 215.062780507406 215.372407786052 215.682035064698 215.991662343344 216.301289621989 218.239861297608 220.721414438883 223.202967580159 225.684520721435 228.166073862711 230.647627003987 233.129180145263 236.302792485554 241.552582422891 246.802372360229 252.052162297566 257.301952234903
172.375463019477 171.633636983236 170.891810946995 170.149984910753 171.379312896728 173.265692223443 175.152071550157 177.038450876872 178.924830203586 180.8112095303 182.697588857015 184.953262837727 188.316820780436 191.680378723144 195.043936665852 198.40749460856 201.771052551269 205.134610493977 208.498168436686 209.415917841594 209.518397733901 209.620877626208 209.723357518514 209.825837410821 209.928317303128 210.030797195435 210.204065873888 210.589700910781 210.975335947673 211.360970984565 211.746606021458 212.13224105835 212.517876095242 212.903511132135 215.098926544189 217.897602081299 220.696277618408 223.494953155517 226.293628692627 229.092304229736 231.890979766845 235.34672618442 240.773685243393 246.200644302367 251.627603361341 257.054562420314
