data/working_set_collections/6091692-Cassins_Sparrow-MC/2005/bio10.asc
NCOLS 265 
NROWS 230 
XLLCORNER -115.5625 
YLLCORNER 24.8333333333333 
CELLSIZE 0.0833333333333333 
NODATA_value -9999 
[rows 80 to 99 of 230, columns 92 to 137 of 265]
18.2497959030998 18.0193344857956 17.7888730684915 17.5584116511874 17.3279502338832 17.2083778301873 17.1257684310276 17.0431590318679 16.9605496327081 16.8779402335484 16.7953308343886 16.7127214352289 16.6494534518983 16.6442097160551 16.6389659802118 16.6337222443686 16.6284785085254 16.6232347726822 16.617991036839 16.6127473009957 16.7959271430969 17.0419148445129 17.2879025459289 17.5338902473449 17.7798779487609 18.025865650177 18.271853351593 18.4667812983195 18.5085299809774 18.5502786636353 18.5920273462931 18.633776028951 18.6755247116089 18.7172733942668 18.7590220769247 19.1747752984364 19.7151966995662 20.255618100696 20.7960395018259 21.3364609029557 21.8768823040855 22.4173037052154 22.8697727256351 23.0583846039242 23.2469964822134 23.4356083605025
19.2512483066982 19.0396036042107 18.8279589017231 18.6163141992356 18.4046694967481 18.2436978419621 18.0996172030766 17.9555365641911 17.8114559253056 17.6673752864201 17.5232946475346 17.3792140086491 17.2455272648069 17.1430222060945 17.0405171473821 16.9380120886697 16.8355070299572 16.7330019712448 16.6304969125324 16.52799185382 16.6901019096374 16.9404170036315 17.1907320976257 17.4410471916198 17.691362285614 17.9416773796081 18.1919924736023 18.3872025171916 18.4170974095662 18.4469923019409 18.4768871943156 18.5067820866903 18.536676979065 18.5665718714396 18.5964667638143 18.9899835745493 19.5047076914045 20.0194318082596 20.5341559251149 21.0488800419701 21.5636041588252 22.0783282756805 22.5127249982622 22.7061395380232 22.8995540777842 23.0929686175452
20.2527007102965 20.0598727226256 19.8670447349547 19.6742167472838 19.4813887596129 19.2790178537367 19.0734659751255 18.8679140965143 18.662362217903 18.4568103392918 18.2512584606805 18.0457065820693 17.8416010777155 17.6418346961339 17.4420683145523 17.2423019329707 17.042535551389 16.8427691698074 16.6430027882258 16.4432364066442 16.584276676178 16.8389191627502 17.0935616493225 17.3482041358947 17.602846622467 17.8574891090393 18.1121315956115 18.3076237360637 18.3256648381551 18.3437059402466 18.3617470423381 18.3797881444295 18.397829246521 18.4158703486125 18.433911450704 18.8051918506622 19.2942186832427 19.7832455158233 20.2722723484039 20.7612991809844 21.250326013565 21.7393528461456 22.1556772708893 22.3538944721222 22.5521116733551 22.750328874588
21.2541531138949 21.0801418410406 20.9061305681863 20.7321192953321 20.5581080224778 20.3143378655115 20.0473147471745 19.7802916288375 19.5132685105005 19.2462453921635 18.9792222738265 18.7121991554896 18.4376748906241 18.1406471861733 17.8436194817225 17.5465917772717 17.2495640728209 16.9525363683701 16.6555086639193 16.3584809594685 16.4784514427185 16.7374213218689 16.9963912010193 17.2553610801696 17.51433095932 17.7733008384704 18.0322707176208 18.2280449549357 18.234232266744 18.2404195785523 18.2466068903605 18.2527942021688 18.2589815139771 18.2651688257853 18.2713561375936 18.6204001267751 19.083729675081 19.5470592233869 20.0103887716929 20.4737183199988 20.9370478683047 21.4003774166107 21.7986295435164 22.0016494062212 22.204669268926 22.4076891316308
21.8562059349484 21.6884576532576 21.5207093715668 21.352961089876 21.1852128081851 20.9195856889089 20.6213322904375 20.3230788919661 20.0248254934947 19.7265720950233 19.4283186965519 19.1300652980805 18.8253014458551 18.5010062323676 18.1767110188802 17.8524158053928 17.5281205919054 17.203825378418 16.8795301649306 16.5552349514431 16.6518930912017 16.8888690153757 17.1258449395497 17.3628208637237 17.5997967878977 17.8367727120717 18.0737486362457 18.2517597410414 18.2528763877021 18.2539930343628 18.2551096810235 18.2562263276842 18.2573429743449 18.2584596210056 18.2595762676663 18.5948734442392 19.041564130783 19.4882548173267 19.9349455038706 20.3816361904143 20.8283268769581 21.2750175635019 21.6586778905656 21.8532471391889 22.0478163878123 22.2423856364356
22.0588591734568 21.8848201592763 21.7107811450958 21.5367421309153 21.3627031167348 21.0947613239289 20.7955186049144 20.4962758858999 20.1970331668854 19.8977904478709 19.5985477288564 19.2993050098419 19.0044807434082 18.7229118347168 18.4413429260254 18.159774017334 17.8782051086426 17.5966361999512 17.3150672912598 17.0334983825683 17.1046016216277 17.2932622432708 17.4819228649139 17.6705834865569 17.8592441082 18.0479047298431 18.2365653514861 18.3787680943807 18.3815972010294 18.3844263076782 18.387255414327 18.3900845209757 18.3929136276245 18.3957427342732 18.398571840922 18.7286118030547 19.1677220503488 19.6068322976429 20.045942544937 20.4850527922311 20.9241630395252 21.3632732868194 21.7358223120371 21.9086876710255 22.081553030014 22.2544183890024
22.2615124119653 22.0811826652951 21.9008529186249 21.7205231719547 21.5401934252845 21.2699369589488 20.9697049193912 20.6694728798337 20.3692408402761 20.0690088007186 19.768776761161 19.4685447216034 19.1836600409614 18.944817437066 18.7059748331706 18.4671322292752 18.2282896253798 17.9894470214844 17.750604417589 17.5117618136935 17.5573101520537 17.6976554711659 17.8380007902781 17.9783461093902 18.1186914285023 18.2590367476145 18.3993820667266 18.50577644772 18.5103180143568 18.5148595809936 18.5194011476305 18.5239427142673 18.5284842809041 18.5330258475409 18.5375674141778 18.8623501618702 19.2938799699146 19.725409777959 20.1569395860035 20.5884693940479 21.0199992020924 21.4515290101368 21.8129667335086 21.9641282028622 22.1152896722158 22.2664511415693
22.4641656504737 22.2775451713138 22.0909246921539 21.9043042129941 21.7176837338342 21.4451125939687 21.1438912338681 20.8426698737674 20.5414485136668 20.2402271535662 19.9390057934655 19.6377844333649 19.3628393385146 19.1667230394151 18.9706067403158 18.7744904412164 18.578374142117 18.3822578430176 18.1861415439182 17.9900252448188 18.0100186824798 18.102048699061 18.1940787156422 18.2861087322235 18.3781387488047 18.4701687653859 18.5621987819671 18.6327848010593 18.6390388276842 18.6452928543091 18.651546880934 18.6578009075588 18.6640549341837 18.6703089608086 18.6765629874335 18.9960885206857 19.4200378894805 19.8439872582752 20.26793662707 20.6918859958648 21.1158353646595 21.5397847334543 21.8901111549801 22.0195687346988 22.1490263144175 22.2784838941362
22.6668188889821 22.4739076773325 22.280996465683 22.0880852540334 21.8951740423838 21.6202882289887 21.318077548345 21.0158668677012 20.7136561870575 20.4114455064138 20.1092348257701 19.8070241451264 19.5420186360677 19.3886286417643 19.2352386474609 19.0818486531575 18.9284586588541 18.7750686645507 18.6216786702474 18.4682886759439 18.4627272129058 18.5064419269561 18.5501566410064 18.5938713550567 18.637586069107 18.6813007831573 18.7250154972076 18.7597931543986 18.7677596410115 18.7757261276245 18.7836926142374 18.7916591008504 18.7996255874634 18.8075920740763 18.8155585606893 19.1298268795012 19.5461958090463 19.9625647385914 20.3789336681365 20.7953025976816 21.2116715272266 21.6280404567718 21.9672555764516 22.0750092665354 22.1827629566192 22.2905166467031
22.8694721274906 22.6702701833513 22.471068239212 22.2718662950728 22.0726643509335 21.7954638640086 21.4922638628218 21.189063861635 20.8858638604482 20.5826638592615 20.2794638580746 19.9762638568878 19.7211979336209 19.6105342441135 19.4998705546061 19.3892068650987 19.2785431755913 19.1678794860839 19.0572157965766 18.9465521070692 18.9154357433318 18.9108351548512 18.9062345663706 18.90163397789 18.8970333894093 18.8924328009287 18.8878322124481 18.8868015077379 18.8964804543389 18.9061594009399 18.9158383475409 18.925517294142 18.935196240743 18.944875187344 18.954554133945 19.2635652383168 19.6723537286122 20.0811422189075 20.489930709203 20.8987191994984 21.3075076897938 21.7162961800892 22.0443999979231 22.130449798372 22.216499598821 22.3025493992699
22.9220427778033 22.7287208928003 22.5353990077973 22.3420771227943 22.1487552377913 21.8769698460897 21.5790299521553 21.2810900582208 20.9831501642863 20.6852102703519 20.3872703764174 20.089330482483 19.8438559691111 19.7557775974274 19.6676992257436 19.5796208540599 19.4915424823761 19.4034641106923 19.3153857390086 19.2273073673248 19.1762631257375 19.1375635941823 19.0988640626272 19.060164531072 19.0214649995168 18.9827654679616 18.9440659364065 18.9226190355089 18.9529300265842 18.9832410176595 19.0135520087348 19.0438629998101 19.0741739908854 19.1044849819607 19.134795973036 19.442367140452 19.8423583666482 20.2423495928445 20.6423408190408 21.0423320452371 21.4423232714334 21.8423144976297 22.1629595438639 22.2455660502115 22.3281725565592 22.4107790629069
22.8245308399201 22.6492598056794 22.4739887714386 22.2987177371979 22.1234467029572 21.864806175232 21.5783758163453 21.2919454574585 21.0055150985718 20.7190847396851 20.4326543807984 20.1462240219117 19.9099927425385 19.8243587017059 19.7387246608734 19.6530906200409 19.5674565792084 19.4818225383759 19.3961884975433 19.3105544567108 19.2452093601227 19.1866272449493 19.128045129776 19.0694630146027 19.0108808994293 18.952298784256 18.8937166690827 18.8672457377116 18.9371083577474 19.0069709777832 19.076833597819 19.1466962178548 19.2165588378906 19.2864214579264 19.3562840779622 19.6662325859069 20.0562097231546 20.4461868604023 20.83616399765 21.2261411348977 21.6161182721454 22.0060954093932 22.322934214274 22.420358022054 22.5177818298339 22.6152056376139
22.7270189020369 22.5697987185584 22.41257853508 22.2553583516015 22.0981381681231 21.8526425043742 21.5777216805353 21.3028008566963 21.0278800328573 20.7529592090183 20.4780383851793 20.2031175613404 19.9761295159658 19.8929398059845 19.8097500960032 19.7265603860219 19.6433706760407 19.5601809660594 19.4769912560781 19.3938015460968 19.3141555945079 19.2356908957164 19.1572261969249 19.0787614981334 19.0002967993419 18.9218321005503 18.8433674017589 18.8118724399143 18.9212866889106 19.0307009379069 19.1401151869032 19.2495294358995 19.3589436848958 19.4683579338921 19.5777721828884 19.8900980313618 20.2700610796609 20.6500241279601 21.0299871762593 21.4099502245584 21.7899132728575 22.1698763211567 22.4829088846842 22.5951499938964 22.7073911031087 22.8196322123209
22.6295069641538 22.4903376314375 22.3511682987213 22.2119989660052 22.0728296332889 21.8404788335165 21.5770675447253 21.313656255934 21.0502449671428 20.7868336783516 20.5234223895603 20.2600111007691 20.0422662893931 19.9615209102631 19.880775531133 19.800030152003 19.7192847728729 19.6385393937429 19.5577940146128 19.4770486354828 19.383101828893 19.2847545464834 19.1864072640737 19.088059981664 18.9897126992544 18.8913654168447 18.793018134435 18.7564991421169 18.9054650200737 19.0544308980306 19.2033967759874 19.3523626539442 19.501328531901 19.6502944098578 19.7992602878146 20.1139634768167 20.4839124361673 20.8538613955179 21.2238103548685 21.593759314219 21.9637082735696 22.3336572329202 22.6428835550944 22.7699419657389 22.8970003763834 23.0240587870279
22.5319950262706 22.4108765443166 22.2897580623627 22.1686395804088 22.0475210984548 21.8283151626587 21.5764134089153 21.3245116551717 21.0726099014283 20.8207081476848 20.5688063939413 20.3169046401978 20.1084030628204 20.0301020145416 19.9518009662628 19.873499917984 19.7951988697052 19.7168978214264 19.6385967731476 19.5602957248688 19.4520480632782 19.3338181972504 19.2155883312225 19.0973584651947 18.9791285991669 18.8608987331391 18.7426688671112 18.7011258443196 18.8896433512369 19.0781608581543 19.2666783650716 19.4551958719889 19.6437133789062 19.8322308858235 20.0207483927408 20.3378289222716 20.6977637926736 21.0576986630756 21.4176335334777 21.7775684038797 22.1375032742817 22.4974381446837 22.8028582255045 22.9447339375813 23.0866096496581 23.228485361735
22.4344830883874 22.3314154571957 22.2283478260041 22.1252801948124 22.0222125636207 21.816151491801 21.5757592731053 21.3353670544095 21.0949748357137 20.854582617018 20.6141903983222 20.3737981796265 20.1745398362478 20.0986831188202 20.0228264013926 19.9469696839651 19.8711129665375 19.7952562491099 19.7193995316823 19.6435428142548 19.5209942976634 19.3828818480174 19.2447693983714 19.1066569487254 18.9685444990794 18.8304320494334 18.6923195997874 18.6457525465223 18.8738216824001 19.101890818278 19.3299599541558 19.5580290900336 19.7860982259114 20.0141673617892 20.242236497667 20.5616943677266 20.91161514918 21.2615359306334 21.6114567120869 21.9613774935403 22.3112982749938 22.6612190564473 22.9628328959147 23.1195259094238 23.2762189229329 23.432911936442
22.2957765950097 22.2046841886309 22.113591782252 22.0224993758732 21.9314069694943 21.7647446791331 21.5728924274445 21.3810401757558 21.1891879240672 20.9973356723786 20.8054834206899 20.6136311690012 20.4512026733822 20.377045445972 20.3028882185618 20.2287309911516 20.1545737637413 20.0804165363311 20.0062593089209 19.9321020815107 19.7992295424143 19.6467852327559 19.4943409230974 19.3418966134389 19.1894523037804 19.0370079941219 18.8845636844635 18.8316655423905 19.0774059030744 19.3231462637583 19.5688866244421 19.814626985126 20.0603673458098 20.3061077064937 20.5518480671775 20.8696784973143 21.2115389506021 21.5533994038898 21.8952598571776 22.2371203104654 22.5789807637531 22.9208412170409 23.2173971123165 23.3780393335553 23.5386815547942 23.6993237760331
22.1158755461375 22.0306827386221 21.9454899311066 21.8602971235912 21.7751043160757 21.6740947246552 21.567812871933 21.4615310192108 21.3552491664886 21.2489673137665 21.1426854610443 21.0364036083221 20.9383915742238 20.865188995997 20.7919864177703 20.7187838395436 20.6455812613169 20.5723786830901 20.4991761048634 20.4259735266367 20.2867537975311 20.1255283514658 19.9643029054005 19.8030774593353 19.64185201327 19.4806265672047 19.3194011211395 19.2588648319243 19.5003960132597 19.7419271945952 19.9834583759307 20.2249895572661 20.4665207386016 20.708051919937 20.9495831012724 21.261781311035 21.59753519694 21.9332890828449 22.2690429687499 22.6047968546548 22.9405507405597 23.2763046264647 23.56655087471 23.7202742099761 23.8739975452422 24.0277208805083
21.9359744972653 21.8566812886132 21.7773880799612 21.6980948713091 21.618801662657 21.5834447701772 21.5627333164215 21.5420218626658 21.5213104089101 21.5005989551544 21.4798875013987 21.459176047643 21.4255804750654 21.3533325460221 21.2810846169789 21.2088366879357 21.1365887588924 21.0643408298492 20.992092900806 20.9198449717627 20.7742780526479 20.6042714701758 20.4342648877037 20.2642583052317 20.0942517227596 19.9242451402876 19.7542385578155 19.6860641214582 19.9233861234452 20.1607081254322 20.3980301274193 20.6353521294063 20.8726741313933 21.1099961333804 21.3473181353674 21.6538841247557 21.9835314432779 22.3131787618 22.6428260803222 22.9724733988443 23.3021207173664 23.6317680358886 23.9157046371035 24.0625090863969 24.2093135356902 24.3561179849836
21.7560734483931 21.6826798386044 21.6092862288157 21.5358926190271 21.4624990092384 21.4927948156993 21.55765376091 21.6225127061208 21.6873716513316 21.7522305965423 21.8170895417531 21.8819484869638 21.912769375907 21.8414760960472 21.7701828161875 21.6988895363277 21.627596256468 21.5563029766082 21.4850096967485 21.4137164168887 21.2618023077647 21.0830145888858 20.904226870007 20.7254391511281 20.5466514322493 20.3678637133704 20.1890759944916 20.113263410992 20.3463762336306 20.5794890562692 20.8126018789078 21.0457147015465 21.2788275241851 21.5119403468237 21.7450531694623 22.0459869384765 22.3695276896158 22.6930684407551 23.0166091918944 23.3401499430337 23.663690694173 23.9872314453124 24.2648583994971 24.4047439628176 24.5446295261382 24.6845150894588
