data/working_set_collections/6091692-Cassins_Sparrow-MC/2005/bio14.asc
NCOLS 265 
NROWS 230 
XLLCORNER -115.5625 
YLLCORNER 24.8333333333333 
CELLSIZE 0.0833333333333333 
NODATA_value -9999 
[rows 80 to 99 of 230, columns 45 to 89 of 265]
3.79577214188052 3.64525899092363 3.49474583996674 3.34423268900982 3.19371953805293 3.04320638709604 2.89269323613912 2.87074080705644 2.89164195193186 2.91254309680729 2.93344424168271 2.95434538655813 2.97524653143355 2.99614767630897 3.04111577073733 3.1582847138246 3.27545365691186 3.39262259999911 3.50979154308639 3.62696048617364 3.74412942926089 3.86129837234817 4.15119182467458 4.49866011341409 4.84612840215365 5.19359669089316 5.54106497963267 5.88853326837223 6.23600155711174 6.6606628338495 7.31690307458241 7.97314331531521 8.62938355604801 9.28562379678092 9.94186403751372 10.5981042782465 11.2543445189794 11.7623969952266 12.2210535499785 12.6797101047305 13.1383666594824 13.5970232142343 14.0556797689863 14.5143363237382 14.9256826824614
3.50394131077665 3.38103552659358 3.2581297424105 3.13522395822741 3.01231817404433 2.88941238986126 2.76650660567816 2.74406112432481 2.75510241058139 2.76614369683797 2.77718498309455 2.78822626935113 2.79926755560771 2.81030884186429 2.84741240938504 2.96270282069843 3.0779932320118 3.19328364332517 3.30857405463855 3.42386446595192 3.53915487726529 3.65444528857868 3.92194004654882 4.24016958673791 4.55839912692705 4.87662866711615 5.19485820730524 5.51308774749439 5.83131728768348 6.22037827968589 6.82193362712859 7.42348897457119 8.02504432201379 8.62659966945649 9.22815501689909 9.82971036434169 10.4312657117844 10.8622666438421 11.2364161041048 11.6105655643676 11.9847150246303 12.358864484893 12.7330139451558 13.1071634054185 13.4645374510024
3.21211047967281 3.11681206226355 3.02151364485429 2.92621522744501 2.83091681003575 2.73561839262649 2.64031997521722 2.61738144159319 2.61856286923093 2.61974429686867 2.6209257245064 2.62210715214414 2.62328857978188 2.62447000741962 2.65370904803277 2.76712092757227 2.88053280711175 2.99394468665124 3.10735656619074 3.22076844573022 3.33418032526971 3.44759220480921 3.69268826842307 3.98167906006175 4.27066985170048 4.55966064333916 4.84865143497784 5.13764222661657 5.42663301825525 5.78009372552231 6.32696417967481 6.87383463382721 7.42070508797961 7.96757554213211 8.51444599628451 9.06131645043692 9.60818690458941 9.96213629245769 10.2517786582312 10.5414210240048 10.8310633897783 11.1207057555518 11.4103481213254 11.6999904870989 12.0033922195436
2.92027964856894 2.8525885979335 2.78489754729806 2.7172064966626 2.64951544602716 2.58182439539171 2.51413334475626 2.49070175886156 2.48202332788046 2.47334489689935 2.46466646591825 2.45598803493714 2.44730960395604 2.43863117297493 2.46000568668048 2.5715390344461 2.68307238221169 2.79460572997729 2.90613907774291 3.01767242550851 3.12920577327411 3.24073912103972 3.46343649029731 3.72318853338557 3.98294057647388 4.24269261956215 4.50244466265042 4.76219670573873 5.02194874882699 5.3398091713587 5.83199473222098 6.32418029308318 6.81636585394539 7.30855141480768 7.80073697566988 8.29292253653208 8.78510809739437 9.06200594107319 9.26714121235751 9.47227648364186 9.67741175492617 9.88254702621049 10.0876822974948 10.2928175687792 10.5422469880847
2.77136211925083 2.73114802042644 2.69093392160204 2.65071982277764 2.61050572395324 2.57029162512885 2.53007752630444 2.50462858080863 2.484101353089 2.46357412536938 2.44304689764976 2.42251966993013 2.40199244221051 2.38146521449089 2.39375260803431 2.50448386536702 2.61521512269971 2.7259463800324 2.83667763736511 2.9474088946978 3.05814015203049 3.1688714093632 3.36834503809607 3.59739945729568 3.82645387649534 4.05550829569495 4.28456271489457 4.51361713409423 4.74267155329384 5.023757900132 5.46094002988601 5.89812215963995 6.3353042893939 6.77248641914791 7.20966854890185 7.6468506786558 8.08403280840981 8.30528696378077 8.45456512769067 8.6038432916006 8.75312145551051 8.90239961942042 9.05167778333035 9.20095594724026 9.4077691382832
2.76535789171855 2.75249032974243 2.73962276776631 2.72675520579019 2.71388764381407 2.70102008183795 2.68815251986183 2.65916190743444 2.62479694485663 2.59043198227881 2.55606701970099 2.52170205712317 2.48733709454535 2.45297213196754 2.45494981209433 2.56595542033511 2.67696102857587 2.78796663681662 2.8989722450574 3.00997785329816 3.12098346153891 3.23198906977969 3.40741391181942 3.60431183179215 3.80120975176492 3.99810767173765 4.19500559171038 4.39190351168314 4.58880143165588 4.83193991184229 5.21380007266998 5.59566023349761 5.97752039432523 6.35938055515292 6.74124071598055 7.12310087680817 7.50496103763586 7.69197936058053 7.81405040423084 7.93612144788116 8.05819249153147 8.18026353518178 8.30233457883211 8.42440562248241 8.59995867013937
2.75935366418626 2.77383263905843 2.78831161393059 2.80279058880275 2.81726956367491 2.83174853854707 2.84622751341923 2.81369523406027 2.76549253662426 2.71728983918825 2.66908714175224 2.62088444431622 2.57268174688021 2.5244790494442 2.51614701615436 2.6274269753032 2.73870693445203 2.84998689360085 2.9612668527497 3.07254681189852 3.18382677104735 3.29510673019619 3.44648278554277 3.61122420628862 3.77596562703449 3.94070704778033 4.10544846852618 4.27018988927205 4.4349313100179 4.64012192355257 4.96666011545393 5.29319830735523 5.61973649925653 5.94627469115789 6.2728128830592 6.5993510749605 6.92588926686186 7.07867175738024 7.17353568077094 7.26839960416167 7.36326352755237 7.45812745094307 7.5529913743338 7.6478552977245 7.79214820199547
2.75334943665398 2.79517494837442 2.83700046009486 2.87882597181531 2.92065148353575 2.96247699525619 3.00430250697663 2.9682285606861 2.9061881283919 2.84414769609768 2.78210726380348 2.72006683150927 2.65802639921506 2.59598596692085 2.57734422021439 2.6888985302713 2.80045284032819 2.91200715038508 3.02356146044199 3.13511577049889 3.24667008055578 3.35822439061269 3.48555165926613 3.61813658078508 3.75072150230407 3.88330642382302 4.01589134534198 4.14847626686096 4.28106118837992 4.44830393526285 4.71952015823788 4.99073638121286 5.26195260418784 5.53316882716286 5.80438505013784 6.07560127311282 6.34681749608785 6.46536415417995 6.53302095731105 6.60067776044217 6.66833456357327 6.73599136670437 6.80364816983549 6.87130497296659 6.98433773385157
2.7473452091217 2.81651725769041 2.88568930625913 2.95486135482786 3.02403340339658 3.09320545196529 3.16237750053402 3.12276188731192 3.04688372015952 2.97100555300711 2.89512738585471 2.81924921870232 2.74337105154991 2.66749288439751 2.63854142427441 2.75037008523939 2.86219874620435 2.97402740716931 3.08585606813428 3.19768472909924 3.3095133900642 3.42134205102918 3.52462053298948 3.62504895528155 3.72547737757364 3.82590579986572 3.92633422215779 4.02676264444988 4.12719106674195 4.25648594697315 4.47238020102185 4.68827445507051 4.90416870911917 5.12006296316787 5.33595721721654 5.5518514712652 5.7677457253139 5.85205655097971 5.89250623385121 5.93295591672273 5.97340559959423 6.01385528246573 6.05430496533724 6.09475464820874 6.17652726570774
2.74134098158941 2.83785956700641 2.93437815242341 3.03089673784042 3.12741532325742 3.22393390867441 3.32045249409142 3.27729521393775 3.18757931192716 3.09786340991655 3.00814750790596 2.91843160589537 2.82871570388476 2.73899980187417 2.69973862833444 2.81184164020748 2.92394465208051 3.03604766395353 3.14815067582658 3.26025368769961 3.37235669957263 3.48445971144568 3.56368940671283 3.63196132977802 3.70023325284322 3.7685051759084 3.83677709897359 3.90504902203879 3.97332094510397 4.06466795868343 4.2252402438058 4.38581252892814 4.54638481405048 4.70695709917284 4.86752938429518 5.02810166941753 5.18867395453989 5.23874894777942 5.25199151039132 5.26523407300323 5.27847663561513 5.29171919822703 5.30496176083893 5.31820432345083 5.36871679756384
2.8075234658188 2.92354387243585 3.0395642790529 3.15558468566997 3.27160509228702 3.38762549890407 3.50364590552114 3.46259738802909 3.36919256250063 3.27578773697216 3.1823829114437 3.08897808591524 2.99557326038677 2.90216843485831 2.85468201041217 2.94495078921315 3.03521956801411 3.12548834681508 3.21575712561606 3.30602590441702 3.39629468321798 3.48656346201896 3.54411453604698 3.59075970848401 3.63740488092105 3.68405005335808 3.73069522579511 3.77734039823215 3.82398557066918 3.89070905844369 4.01766749223074 4.14462592601776 4.27158435980478 4.39854279359183 4.52550122737885 4.65245966116587 4.77941809495291 4.81081015070282 4.810346747107 4.80988334351118 4.80941993991537 4.80895653631955 4.80849313272373 4.80802972912791 4.83995195560985
2.94589266180988 3.07357017397876 3.20124768614763 3.32892519831653 3.4566027104854 3.58428022265428 3.71195773482318 3.67866840958593 3.59172347187994 3.50477853417394 3.41783359646795 3.33088865876196 3.24394372105595 3.15699878334996 3.10337157050763 3.1496975322564 3.19602349400517 3.24234945575393 3.2886754175027 3.33500137925147 3.38132734100023 3.427653302749 3.4658959209919 3.50144409139952 3.53699226180714 3.57254043221475 3.60808860262236 3.64363677302998 3.67918494343759 3.73460924625397 3.84966194629671 3.96471464633943 4.07976734638215 4.19482004642489 4.30987274646761 4.42492544651033 4.53997814655307 4.56824015975003 4.56757194399838 4.56690372824673 4.56623551249508 4.56556729674343 4.56489908099179 4.56423086524014 4.59023273984593
3.08426185780098 3.22359647552168 3.36293109324238 3.5022657109631 3.6416003286838 3.7809349464045 3.92026956412523 3.89473943114279 3.81425438125927 3.73376933137573 3.65328428149221 3.57279923160869 3.49231418172516 3.41182913184164 3.35206113060312 3.35444427529968 3.35682741999624 3.3592105646928 3.36159370938936 3.36397685408592 3.36635999878248 3.36874314347904 3.38767730593682 3.41212847431501 3.43657964269321 3.46103081107141 3.4854819794496 3.5099331478278 3.534384316206 3.57850943406423 3.68165640036266 3.78480336666108 3.8879503329595 3.99109729925793 4.09424426555635 4.19739123185477 4.3005381981532 4.32567016879721 4.32479714088973 4.32392411298225 4.32305108507478 4.3221780571673 4.32130502925982 4.32043200135235 4.34051352408199
3.22263105379207 3.3736227770646 3.52461450033712 3.67560622360968 3.8265979468822 3.97758967015473 4.12858139342728 4.11081045269965 4.0367852906386 3.96276012857753 3.88873496651648 3.81470980445543 3.74068464239436 3.66665948033331 3.6007506906986 3.55919101834295 3.51763134598731 3.47607167363166 3.43451200127601 3.39295232892037 3.35139265656472 3.30983298420907 3.30945869088174 3.32281285723051 3.33616702357929 3.34952118992807 3.36287535627684 3.37622952262562 3.3895836889744 3.42240962187449 3.51365085442862 3.60489208698273 3.69613331953685 3.78737455209098 3.87861578464509 3.9698570171992 4.06109824975333 4.08310017784439 4.08202233778109 4.08094449771778 4.07986665765447 4.07878881759116 4.07771097752786 4.07663313746455 4.09079430831805
3.36100024978316 3.52364907860751 3.68629790743186 3.84894673625623 4.01159556508058 4.17424439390493 4.33689322272931 4.32688147425649 4.25931620001791 4.19175092577931 4.12418565154073 4.05662037730214 3.98905510306355 3.92148982882496 3.84944025079407 3.76393776138621 3.67843527197837 3.59293278257052 3.50743029316266 3.42192780375482 3.33642531434697 3.25092282493911 3.23124007582666 3.23349724014602 3.23575440446537 3.23801156878473 3.24026873310409 3.24252589742345 3.24478306174281 3.26630980968476 3.34564530849459 3.4249808073044 3.50431630611421 3.58365180492404 3.66298730373385 3.74232280254366 3.82165830135349 3.8405301868916 3.83924753467246 3.83796488245332 3.83668223023419 3.83539957801505 3.83411692579592 3.83283427357678 3.84107509255413
3.49936944577425 3.67367538015043 3.8479813145266 4.02228724890281 4.19659318327898 4.37089911765516 4.54520505203136 4.54295249581335 4.48184710939724 4.42074172298111 4.35963633656499 4.29853095014888 4.23742556373275 4.17632017731664 4.09812981088956 3.96868450442948 3.83923919796944 3.70979389150939 3.58034858504932 3.45090327858927 3.32145797212922 3.19201266566915 3.15302146077157 3.14418162306151 3.13534178535145 3.12650194764139 3.11766210993133 3.10882227222127 3.09998243451121 3.11020999749502 3.17763976256054 3.24506952762605 3.31249929269156 3.37992905775708 3.44735882282259 3.5147885878881 3.58221835295362 3.59796019593878 3.59647273156381 3.59498526718885 3.59349780281388 3.59201033843892 3.59052287406395 3.58903540968898 3.59135587679018
3.68875993291532 3.8579986194769 4.02723730603848 4.19647599260008 4.36571467916166 4.53495336572324 4.70419205228484 4.69167707165083 4.6185775352849 4.54547799891896 4.47237846255304 4.39927892618711 4.32617938982118 4.25307985345525 4.16058195167123 4.00988895363281 3.85919595559442 3.70850295755603 3.55780995951762 3.40711696147923 3.25642396344084 3.10573096540242 3.05959702531498 3.04831610454455 3.03703518377411 3.02575426300368 3.01447334223325 3.00319242146281 2.99191150069238 2.99983978139029 3.06539566649331 3.13095155159632 3.19650743669933 3.26206332180235 3.32761920690536 3.39317509200837 3.45873097711139 3.47650552392006 3.47835295796394 3.48020039200783 3.48204782605171 3.48389526009559 3.48574269413948 3.48759012818336 3.48875567118326
3.92917171120638 4.07661879658693 4.22406588196748 4.37151296734805 4.5189600527286 4.66640713810915 4.81385422348973 4.77305520176888 4.66950747768086 4.56595975359282 4.4624120295048 4.35886430541677 4.25531658132873 4.15176885724071 4.03679667313899 3.88755110899611 3.73830554485326 3.5890599807104 3.43981441656752 3.29056885242467 3.14132328828181 2.99207772413893 2.95096676945688 2.94590068459513 2.94083459973337 2.93576851487161 2.93070243000986 2.9256363451481 2.92057026028634 2.93519916137059 3.00891302029292 3.08262687921524 3.15634073813755 3.23005459705988 3.3037684559822 3.37748231490452 3.45119617382685 3.47616617083549 3.48488821387291 3.49361025691032 3.50233229994773 3.51105434298515 3.51977638602256 3.52849842905997 3.53327447573343
4.16958348949745 4.29523897369697 4.42089445789649 4.54654994209604 4.67220542629556 4.79786091049507 4.92351639469462 4.85443333188694 4.72043742007682 4.58644150826667 4.45244559645655 4.31844968464643 4.18445377283629 4.05045786102616 3.91301139460675 3.7652132643594 3.61741513411208 3.46961700386476 3.32181887361742 3.1740207433701 3.02622261312278 2.87842448287543 2.84233651359878 2.8434852646457 2.84463401569262 2.84578276673954 2.84693151778646 2.84808026883338 2.8492290198803 2.87055854135089 2.95243037409252 3.03430220683415 3.11617403957578 3.19804587231742 3.27991770505904 3.36178953780067 3.44366137054231 3.47582681775093 3.49142346978187 3.50702012181282 3.52261677384376 3.5382134258747 3.55381007790565 3.56940672993659 3.57779328028361
4.40999526778853 4.51385915080702 4.61772303382551 4.72158691684402 4.82545079986251 4.929314682881 5.03317856589951 4.935811462005 4.77136736247278 4.60692326294053 4.44247916340831 4.27803506387609 4.11359096434384 3.94914686481162 3.7892261160745 3.64287541972269 3.49652472337091 3.35017402701912 3.20382333066731 3.05747263431553 2.91112193796374 2.76477124161193 2.73370625774067 2.74106984469627 2.74843343165187 2.75579701860747 2.76316060556307 2.77052419251867 2.77788777947427 2.80591792133118 2.89594772789213 2.98597753445306 3.076007341014 3.16603714757495 3.25606695413588 3.34609676069682 3.43612656725777 3.47548746466636 3.49795872569084 3.52042998671531 3.54290124773979 3.56537250876426 3.58784376978874 3.61031503081321 3.62231208483378
