data/working_set_collections/6091692-Cassins_Sparrow-MC/2005/bio16.asc
NCOLS 265 
NROWS 230 
XLLCORNER -115.5625 
YLLCORNER 24.8333333333333 
CELLSIZE 0.0833333333333333 
NODATA_value -9999 
[rows 100 to 119 of 230, columns 184 to 229 of 265]
232.671520614623 237.073143641153 241.474766667683 246.554483032226 251.860230509439 257.165977986652 262.471725463866 267.777472941079 273.083220418293 278.388967895507 284.809422302243 294.573997497555 304.338572692869 314.103147888181 323.867723083493 333.632298278806 343.396873474118 353.16144866943 359.348792266844 364.343725331622 369.338658396401 374.33359146118 379.328524525958 384.323457590737 389.318390655516 393.253018442789 394.006730397542 394.760442352294 395.514154307047 396.2678662618 397.021578216552 397.775290171305 398.529002126057 399.807196044921 401.260217285156 402.71323852539 404.166259765625 405.619281005859 407.072302246093 408.525323486328 409.011874389649 406.599014282227 404.186154174805 401.773294067383 399.360433959961 396.947573852539
232.546172968546 237.097118165757 241.648063362968 246.947614542642 252.496701049803 258.045787556964 263.594874064127 269.143960571288 274.693047078449 280.242133585611 286.95861087375 297.177260504825 307.395910135903 317.614559766979 327.833209398054 338.051859029132 348.270508660208 358.489158291283 364.596625010171 369.333697424993 374.070769839815 378.807842254637 383.544914669459 388.281987084281 393.019059499104 396.684928131103 397.137185414632 397.58944269816 398.041699981689 398.493957265218 398.946214548746 399.398471832275 399.850729115804 401.047452799479 402.492331949869 403.93721110026 405.382090250651 406.826969401041 408.271848551432 409.716727701822 410.277734035916 408.187121921116 406.096509806315 404.005897691515 401.915285576715 399.824673461914
231.367259979248 235.896185557047 240.425111134846 245.912896474202 251.720301734076 257.527706993949 263.335112253824 269.142517513698 274.949922773572 280.757328033446 287.716465504962 298.130799611407 308.545133717853 318.959467824298 329.373801930743 339.788136037189 350.202470143634 360.616804250079 366.56575978597 371.026255798339 375.486751810709 379.947247823079 384.407743835449 388.868239847818 393.328735860188 396.73004260593 396.953781551785 397.17752049764 397.401259443495 397.62499838935 397.848737335205 398.07247628106 398.296215226916 399.371304066976 400.730176205105 402.089048343235 403.447920481364 404.806792619494 406.165664757623 407.524536895752 408.061316087512 406.13181644016 404.202316792807 402.272817145455 400.343317498102 398.41381785075
229.134781646728 233.470345815022 237.805909983316 243.450328826904 249.531032562255 255.611736297606 261.692440032958 267.773143768309 273.853847503661 279.934551239013 287.08298619588 297.434614817299 307.786243438719 318.137872060138 328.489500681556 338.841129302977 349.192757924396 359.544386545814 365.256196594238 369.421400451659 373.586604309081 377.751808166504 381.917012023925 386.082215881347 390.247419738769 393.388361867269 393.456518809001 393.524675750733 393.592832692465 393.660989634197 393.729146575928 393.79730351766 393.865460459392 394.778749847413 395.973750050863 397.168750254314 398.363750457764 399.558750661215 400.753750864665 401.948751068116 402.362620544435 400.433097839357 398.503575134279 396.574052429201 394.644529724123 392.715007019044
226.902303314209 231.044506072997 235.186708831786 240.987761179605 247.341763390434 253.695765601263 260.049767812092 266.403770022921 272.757772233749 279.111774444579 286.449506886798 296.738430023191 307.027353159585 317.316276295978 327.60519943237 337.894122568765 348.183045705157 358.47196884155 363.946633402506 367.81654510498 371.686456807454 375.556368509928 379.426280212402 383.296191914876 387.16610361735 390.046681128608 389.959256066217 389.871831003825 389.784405941434 389.696980879042 389.609555816651 389.52213075426 389.434705691868 390.186195627849 391.21732389662 392.248452165392 393.279580434164 394.310708702936 395.341836971707 396.372965240479 396.663925001358 394.734379238554 392.80483347575 390.875287712946 388.945741950142 387.016196187338
224.669824981689 228.618666330973 232.567507680256 238.525193532307 245.152494218613 251.779794904919 258.407095591226 265.034396277532 271.661696963838 278.288997650145 285.816027577716 296.042245229082 306.268462880451 316.494680531817 326.720898183184 336.947115834552 347.173333485919 357.399551137286 362.637070210774 366.2116897583 369.786309305826 373.360928853353 376.935548400878 380.510167948404 384.084787495931 386.705000389947 386.461993323433 386.218986256918 385.975979190403 385.732972123888 385.489965057374 385.246957990859 385.003950924344 385.593641408285 386.460897742378 387.32815407647 388.195410410564 389.062666744656 389.929923078749 390.797179412842 390.96522945828 389.035660637751 387.106091817221 385.176522996692 383.246954176162 381.317385355632
222.43734664917 226.192826588948 229.948306528727 236.062625885009 242.963225046792 249.863824208576 256.76442337036 263.665022532144 270.565621693927 277.466220855712 285.182548268634 295.346060434974 305.509572601317 315.673084767657 325.836596933998 336.00010910034 346.163621266681 356.327133433021 361.327507019043 364.606834411621 367.886161804199 371.165489196777 374.444816589355 377.724143981933 381.003471374512 383.363319651286 382.964730580649 382.56614151001 382.167552439373 381.768963368734 381.370374298097 380.971785227459 380.57319615682 381.001087188721 381.704471588135 382.407855987549 383.111240386964 383.814624786378 384.518009185792 385.221393585206 385.266533915203 383.336942036948 381.407350158693 379.477758280438 377.548166402182 375.618574523927
220.20486831665 223.766986846923 227.329105377197 233.600058237711 240.773955874972 247.947853512232 255.121751149494 262.295648786755 269.469546424016 276.643444061278 284.549068959552 294.649875640866 304.750682322183 314.851489003497 324.952295684812 335.053102366128 345.153909047443 355.254715728757 360.017943827311 363.001979064941 365.986014302571 368.970049540202 371.954084777832 374.938120015462 377.922155253092 380.021638912625 379.467467837864 378.913296763103 378.359125688342 377.80495461358 377.250783538819 376.696612464058 376.142441389297 376.408532969157 376.948045433893 377.487557898628 378.027070363363 378.566582828098 379.106095292834 379.645607757569 379.567838372126 377.638223436145 375.708608500164 373.778993564183 371.849378628202 369.919763692221
219.451373672485 222.79097006056 226.130566448635 232.310018539428 239.436089197793 246.562159856159 253.688230514525 260.814301172891 267.940371831256 275.066442489623 282.863547092012 292.673753526473 302.483959960936 312.294166395398 322.104372829859 331.914579264322 341.724785698783 351.534992133244 356.073174285889 358.854015011258 361.634855736626 364.415696461996 367.196537187365 369.977377912733 372.758218638103 374.70772688124 374.163237677681 373.618748474122 373.074259270563 372.529770067004 371.985280863445 371.440791659886 370.896302456327 371.107640838624 371.570921749539 372.034202660455 372.497483571371 372.960764482287 373.424045393203 373.887326304118 373.809752231175 372.109613206653 370.40947418213 368.709335157607 367.009196133085 365.309057108562
220.176862716674 223.264776229858 226.352689743041 232.19250679016 238.949625015257 245.706743240355 252.463861465453 259.22097969055 265.978097915648 272.735216140746 280.125982666014 289.417694091795 298.709405517577 308.001116943358 317.292828369139 326.584539794921 335.876251220702 345.167962646483 349.493198394776 352.16294225057 354.832686106364 357.502429962159 360.172173817953 362.841917673747 365.511661529542 367.42158355713 367.052040100099 366.682496643068 366.312953186036 365.943409729005 365.573866271974 365.204322814943 364.834779357911 365.09841079712 365.573100535076 366.047790273032 366.522480010987 366.997169748943 367.471859486899 367.946549224854 367.992275492352 366.751111348471 365.509947204591 364.268783060711 363.02761891683 361.78645477295
220.902351760864 223.738582399156 226.574813037448 232.074995040892 238.463160832722 244.851326624551 251.239492416381 257.62765820821 264.015824000039 270.403989791869 277.388418240016 286.161634657116 294.934851074218 303.708067491318 312.481283908418 321.25450032552 330.02771674262 338.800933159721 342.913222503663 345.471869489882 348.030516476102 350.589163462321 353.147810448541 355.70645743476 358.26510442098 360.13544023302 359.940842522516 359.746244812013 359.551647101509 359.357049391006 359.162451680502 358.967853969999 358.773256259495 359.089180755616 359.575279320612 360.061377885607 360.547476450603 361.033575015599 361.519673580594 362.00577214559 362.174798753528 361.39260949029 360.610420227052 359.828230963814 359.046041700576 358.263852437338
221.627840805053 224.212388568454 226.796936331854 231.957483291625 237.976696650186 243.995910008747 250.015123367309 256.03433672587 262.05355008443 268.072763442992 274.650853814018 282.905575222437 291.160296630858 299.415018039278 307.669739447698 315.924460856119 324.179182264539 332.433903672958 336.333246612549 338.780796729194 341.228346845839 343.675896962484 346.123447079129 348.570997195774 351.018547312419 352.849296908909 352.829644944934 352.809992980958 352.790341016982 352.770689053006 352.751037089031 352.731385125055 352.711733161079 353.079950714112 353.577458106147 354.074965498183 354.572472890219 355.069980282254 355.56748767429 356.064995066325 356.357322014703 356.034107632108 355.710893249512 355.387678866917 355.064464484321 354.741250101726
222.353329849243 224.686194737752 227.019059626261 231.839971542357 237.49023246765 243.140493392943 248.790754318237 254.441015243529 260.091276168822 265.741537094116 271.91328938802 279.649515787759 287.385742187499 295.121968587239 302.858194986978 310.594421386718 318.330647786458 326.066874186197 329.753270721436 332.089723968507 334.426177215577 336.762630462647 339.099083709717 341.435536956788 343.771990203858 345.563153584799 345.718447367351 345.873741149904 346.029034932456 346.184328715008 346.33962249756 346.494916280112 346.650210062664 347.070720672608 347.579636891684 348.088553110759 348.597469329835 349.10638554891 349.615301767986 350.124217987062 350.53984527588 350.675605773927 350.811366271973 350.94712677002 351.082887268067 351.218647766114
223.078818893432 225.16000090705 227.241182920667 231.72245979309 237.003768285114 242.285076777139 247.566385269164 252.847693761189 258.129002253213 263.410310745239 269.175724962021 276.39345635308 283.61118774414 290.828919135199 298.046650526257 305.264381917317 312.482113308376 319.699844699435 323.173294830323 325.398651207818 327.624007585314 329.84936396281 332.074720340305 334.300076717801 336.525433095297 338.277010260689 338.607249789769 338.937489318849 339.267728847928 339.597968377008 339.928207906088 340.258447435168 340.588686964248 341.061490631104 341.58181567722 342.102140723335 342.622465769451 343.142790815566 343.663115861681 344.183440907797 344.722368537056 345.317103915745 345.911839294434 346.506574673123 347.101310051812 347.696045430502
224.169696680704 226.084209654066 227.998722627427 232.195317331949 237.152605946858 242.109894561766 247.067183176676 252.024471791584 256.981760406493 261.939049021402 267.319212680391 273.968001471624 280.616790262857 287.26557905409 293.914367845322 300.563156636555 307.211945427788 313.86073421902 317.049940490723 319.085952589247 321.121964687771 323.157976786296 325.19398888482 327.230000983344 329.266013081869 330.926124742297 331.458535088434 331.990945434571 332.523355780708 333.055766126845 333.588176472982 334.12058681912 334.652997165257 335.22680460612 335.81441107856 336.402017550999 336.989624023438 337.577230495877 338.164836968316 338.752443440756 339.412963528104 340.292224460178 341.171485392253 342.050746324328 342.930007256402 343.809268188477
225.625963211059 227.4588209788 229.291678746541 233.258544158935 237.93674545288 242.614946746825 247.293148040771 251.971349334716 256.649550628661 261.327751922607 266.34375254313 272.37315114339 278.402549743652 284.431948343912 290.461346944172 296.490745544433 302.520144144693 308.549542744954 311.383207702637 313.151628112794 314.92004852295 316.688468933106 318.456889343262 320.225309753419 321.993730163575 323.510497029624 324.272303263347 325.034109497071 325.795915730795 326.557721964519 327.319528198243 328.081334431967 328.843140665691 329.566662597657 330.277423095704 330.988183593751 331.698944091798 332.409704589844 333.120465087891 333.831225585938 334.611630249024 335.600967407227 336.59030456543 337.579641723633 338.568978881836 339.55831604004
227.082229741414 228.833432303534 230.584634865654 234.32177098592 238.720884958902 243.119998931883 247.519112904866 251.918226877847 256.317340850829 260.716454823811 265.368292405869 270.778300815157 276.188309224446 281.598317633734 287.008326043022 292.418334452311 297.828342861599 303.238351270887 305.716474914551 307.217303636339 308.718132358128 310.218961079916 311.719789801704 313.220618523492 314.721447245281 316.09486931695 317.08607143826 318.077273559571 319.068475680882 320.059677802192 321.050879923503 322.042082044814 323.033284166125 323.906520589193 324.740435112848 325.574349636502 326.408264160157 327.242178683811 328.076093207466 328.91000773112 329.810296969944 330.909710354276 332.009123738607 333.108537122939 334.20795050727 335.307363891602
228.538496271769 230.208043628268 231.877590984768 235.384997812906 239.505024464924 243.625051116942 247.745077768961 251.865104420979 255.985131072997 260.105157725016 264.392832268608 269.183450486924 273.97406870524 278.764686923556 283.555305141872 288.345923360188 293.136541578504 297.92715979682 300.049742126465 301.282979159885 302.516216193305 303.749453226726 304.982690260146 306.215927293566 307.449164326986 308.679241604276 309.899839613173 311.120437622071 312.341035630968 313.561633639866 314.782231648764 316.002829657661 317.223427666558 318.24637858073 319.203447129992 320.160515679254 321.117584228516 322.074652777778 323.03172132704 323.988789876302 325.008963690864 326.218453301324 327.427942911784 328.637432522244 329.846922132704 331.056411743164
229.994762802123 231.582654953002 233.170547103881 236.448224639892 240.289163970946 244.130103302001 247.971042633056 251.81198196411 255.652921295165 259.49386062622 263.417372131347 267.58860015869 271.759828186035 275.931056213378 280.102284240722 284.273512268066 288.44474029541 292.615968322754 294.38300933838 295.348654683432 296.314300028484 297.279945373536 298.245590718588 299.21123606364 300.176881408693 301.263613891602 302.713607788087 304.163601684571 305.613595581056 307.06358947754 308.513583374024 309.963577270508 311.413571166993 312.586236572266 313.666459147136 314.746681722006 315.826904296876 316.907126871745 317.987349446615 319.067572021485 320.207630411784 321.527196248373 322.846762084962 324.16632792155 325.485893758138 326.805459594727
231.451029332478 232.957266277737 234.463503222995 237.511451466878 241.073303476968 244.635155487059 248.197007497151 251.758859507242 255.320711517333 258.882563527425 262.441911994086 265.993749830457 269.545587666829 273.097425503201 276.649263339572 280.201101175944 283.752939012315 287.304776848687 288.716276550294 289.414330206978 290.112383863662 290.810437520346 291.50849117703 292.206544833714 292.904598490398 293.847986178929 295.527375963 297.206765747071 298.886155531142 300.565545315213 302.244935099284 303.924324883355 305.603714667427 306.926094563803 308.12947116428 309.332847764757 310.536224365235 311.739600965712 312.94297756619 314.146354166667 315.406297132704 316.835939195421 318.265581258138 319.695223320855 321.124865383572 322.554507446289
