data/working_set_collections/6091692-Cassins_Sparrow-MC/2005/bio1.asc
NCOLS 265 
NROWS 230 
XLLCORNER -115.5625 
YLLCORNER 24.8333333333333 
CELLSIZE 0.0833333333333333 
NODATA_value -9999 
[rows 20 to 39 of 230, columns 46 to 91 of 265]
6.43281744321188 6.15536355442473 5.87790966563754 5.60045577685039 5.32300188806324 5.04554799927605 4.82184454202651 4.61605789528953 4.41027124855251 4.20448460181553 3.99869795507855 3.79291130834153 3.58712466160455 3.50192213588279 3.77847197320718 4.05502181053152 4.33157164785586 4.60812148518025 4.88467132250459 5.16122115982893 5.43777099715332 5.50129228035605 5.4938040455182 5.48631581068034 5.47882757584249 5.47133934100464 5.46385110616679 5.45636287132894 5.49248438543734 5.6594351463847 5.82638590733203 5.99333666827936 6.16028742922672 6.32723819017405 6.49418895112138 6.66113971206874 6.77722702423729 6.87635985347957 6.97549268272186 7.07462551196414 7.17375834120642 7.27289117044871 7.37202399969099 7.44875173436271 7.45826418532266 7.4677766362826
6.69185611406964 6.4186036480798 6.14535118208991 5.87209871610007 5.59884625011023 5.32559378412035 5.11285294294357 4.92028264337117 4.72771234379873 4.53514204422632 4.34257174465392 4.15000144508148 3.95743114550907 3.87912167972978 4.14359471533026 4.4080677509307 4.67254078653114 4.93701382213162 5.20148685773206 5.46595989333249 5.73043292893297 5.80022821029024 5.80513090689973 5.81003360350923 5.81493630011872 5.81983899672822 5.82474169333772 5.82964438994721 5.86463140779064 5.989871389336 6.11511137088134 6.24035135242668 6.36559133397204 6.49083131551739 6.61607129706273 6.74131127860809 6.83944267829257 6.92853788402343 7.0176330897543 7.10672829548516 7.19582350121602 7.28491870694689 7.37401391267775 7.44244806104236 7.44889903730816 7.45535001357397
6.95089478492737 6.68184374173484 6.41279269854226 6.14374165534973 5.8746906121572 5.60563956896462 5.40386134386061 5.22450739145278 5.04515343904492 4.86579948663709 4.68644553422926 4.5070915818214 4.32773762941357 4.25632122357674 4.50871745745332 4.76111369132985 5.01350992520639 5.26590615908296 5.5183023929595 5.77069862683603 6.02309486071261 6.0991641402244 6.11645776828124 6.13375139633809 6.15104502439493 6.16833865245177 6.18563228050861 6.20292590856546 6.23677843014391 6.32030763228728 6.40383683443063 6.48736603657398 6.57089523871735 6.65442444086071 6.73795364300406 6.82148284514743 6.90165833234785 6.98071591456729 7.05977349678674 7.13883107900618 7.21788866122562 7.29694624344507 7.37600382566451 7.43614438772202 7.43953388929367 7.44292339086533
7.20993345578512 6.9450838353899 6.68023421499463 6.41538459459941 6.15053497420419 5.88568535380892 5.69486974477767 5.52873213953441 5.36259453429113 5.19645692904788 5.03031932380463 4.86418171856135 4.6980441133181 4.63352076742373 4.8738401995764 5.11415963172904 5.35447906388167 5.59479849603434 5.83511792818697 6.0754373603396 6.31575679249227 6.39810007015859 6.42778462966278 6.45746918916697 6.48715374867116 6.51683830817535 6.54652286767954 6.57620742718373 6.60892545249721 6.65074387523858 6.69256229797994 6.73438072072131 6.77619914346268 6.81801756620404 6.8598359889454 6.90165441168678 6.96387398640313 7.03289394511115 7.10191390381918 7.1709338625272 7.23995382123521 7.30897377994325 7.37799373865126 7.42984071440167 7.43016874127918 7.43049676815669
7.3649940490723 7.10041962729566 6.83584520551896 6.57127078374231 6.30669636196566 6.04212194018896 5.86969439586005 5.72798247734708 5.58627055883408 5.4445586403211 5.30284672180812 5.16113480329512 5.01942288478215 4.97134507894507 5.20416961113606 5.436994143327 5.66981867551795 5.90264320770894 6.13546773989988 6.36829227209083 6.60111680428181 6.68290296395616 6.71434299945828 6.7457830349604 6.77722307046251 6.80866310596463 6.84010314146675 6.87154317696886 6.89823749197851 6.91069464551076 6.923151799043 6.93560895257524 6.94806610610748 6.96052325963972 6.97298041317197 6.98543756670421 7.03281356890994 7.09182918734019 7.15084480577044 7.20986042420068 7.26887604263092 7.32789166106117 7.38690727949141 7.42830295562744 7.41683880488078 7.40537465413412
7.41607656478886 7.14785111745204 6.87962567011518 6.61140022277836 6.34317477544154 6.07494932810468 5.9283352971077 5.8222584048907 5.71618151267369 5.61010462045668 5.50402772823968 5.39795083602267 5.29187394380567 5.26979415814071 5.49970569213224 5.72961722612372 5.9595287601152 6.18944029410673 6.41935182809821 6.64926336208969 6.87917489608122 6.95357282161708 6.9761328776677 6.99869293371832 7.02125298976894 7.04381304581955 7.06637310187018 7.0889331579208 7.10471454858776 7.10015994310376 7.09560533761975 7.09105073213575 7.08649612665174 7.08194152116774 7.07738691568373 7.07283231019972 7.1084770798683 7.1575216412544 7.20656620264052 7.25561076402663 7.30465532541273 7.35369988679885 7.40274444818496 7.43153111139934 7.39954408009848 7.36755704879762
7.46715908050541 7.19528260760843 6.9234061347114 6.65152966181441 6.37965318891743 6.1077767160204 5.98697619835536 5.91653433243434 5.8460924665133 5.77565060059228 5.70520873467126 5.63476686875023 5.56432500282921 5.56824323733638 5.79524177312844 6.02224030892046 6.24923884471248 6.47623738050454 6.70323591629656 6.93023445208858 7.15723298788064 7.22424267927802 7.23792275587714 7.25160283247626 7.26528290907538 7.2789629856745 7.29264306227363 7.30632313887275 7.31119160519703 7.28962524069678 7.26805887619652 7.24649251169627 7.22492614719601 7.20335978269576 7.1817934181955 7.16022705369525 7.18414059082665 7.22321409516863 7.2622875995106 7.30136110385258 7.34043460819455 7.37950811253653 7.4185816168785 7.43475926717124 7.38224935531617 7.32973944346111
7.51824159622196 7.24271409776481 6.96718659930762 6.69165910085047 6.41613160239331 6.14060410393612 6.04561709960302 6.01081025997797 5.97600342035293 5.94119658072788 5.90638974110284 5.87158290147779 5.83677606185275 5.86669231653205 6.09077785412465 6.3148633917172 6.53894892930976 6.76303446690236 6.98712000449492 7.21120554208747 7.43529107968007 7.49491253693895 7.49971263408658 7.5045127312342 7.50931282838183 7.51411292552945 7.51891302267708 7.5237131198247 7.5176686618063 7.4790905382898 7.44051241477329 7.40193429125679 7.36335616774028 7.32477804422378 7.28619992070728 7.24762179719077 7.25980410178501 7.28890654908285 7.31800899638069 7.34711144367853 7.37621389097637 7.40531633827421 7.43441878557205 7.43798742294313 7.36495463053387 7.29192183812461
7.56932411193852 7.2901455879212 7.01096706390383 6.73178853988651 6.4526100158692 6.17343149185183 6.10425800085067 6.1050861875216 6.10591437419253 6.10674256086347 6.1075707475344 6.10839893420533 6.10922712087627 6.16514139572769 6.38631393512083 6.60748647451392 6.82865901390702 7.04983155330015 7.27100409269324 7.49217663208634 7.71334917147947 7.76558239459987 7.761502512296 7.75742262999213 7.75334274768825 7.74926286538438 7.74518298308051 7.74110310077663 7.72414571841556 7.6685558358828 7.61296595335005 7.5573760708173 7.50178618828454 7.44619630575179 7.39060642321904 7.33501654068628 7.33546761274336 7.35459900299707 7.37373039325077 7.39286178350447 7.41199317375818 7.43112456401188 7.45025595426559 7.44121557871503 7.34765990575156 7.25410423278811
7.62040662765507 7.33757707807759 7.05474752850005 6.77191797892257 6.48908842934508 6.20625887976755 6.16289890209832 6.19936211506524 6.23582532803215 6.27228854099906 6.30875175396598 6.3452149669329 6.38167817989981 6.46359047492336 6.68185001611703 6.90010955731066 7.1183690985043 7.33662863969796 7.5548881808916 7.77314772208523 7.9914072632789 8.03625225226081 8.02329239050544 8.01033252875007 7.9973726669947 7.98441280523933 7.97145294348396 7.95849308172859 7.93062277502483 7.85802113347582 7.78541949192682 7.71281785037782 7.64021620882881 7.56761456727981 7.49501292573081 7.4224112841818 7.41113112370172 7.42029145691129 7.42945179012086 7.43861212333043 7.44777245654 7.45693278974957 7.46609312295913 7.44444373448692 7.33036518096925 7.2162866274516
7.67508542537694 7.37604690922638 7.07700839307577 6.7779698769252 6.47893136077464 6.17989284462403 6.11586604714395 6.13017648922075 6.14448693129755 6.15879737337435 6.17310781545114 6.18741825752794 6.20172869960474 6.26744399666789 6.48737385869031 6.7073037207127 6.92723358273509 7.14716344475751 7.3670933067799 7.58702316880229 7.80695303082471 7.8743716160457 7.89095310899952 7.90753460195334 7.92411609490717 7.94069758786099 7.95727908081481 7.97386057376863 7.96853890683919 7.89750776025986 7.82647661368054 7.75544546710123 7.6844143205219 7.61338317394258 7.54235202736326 7.47132088078394 7.46299092769622 7.47556137243906 7.4881318171819 7.50070226192473 7.51327270666757 7.52584315141041 7.53841359615324 7.51554506089954 7.38635958565606 7.2571741104126
7.73336050510411 7.40555508136756 7.07774965763096 6.74994423389441 6.42213881015786 6.09433338642125 5.96315943598751 5.89752930998808 5.83189918398863 5.7662690579892 5.70063893198977 5.63500880599032 5.56937867999089 5.57670196096109 5.80288546284049 6.02906896471985 6.25525246659921 6.48143596847861 6.70761947035797 6.93380297223733 7.15998647411673 7.27994048595437 7.36448466777809 7.44902884960181 7.53357303142553 7.61811721324924 7.70266139507297 7.78720557689668 7.83789411385857 7.78701571623487 7.73613731861117 7.68525892098747 7.63438052336376 7.58350212574007 7.53262372811637 7.48174533049266 7.49104702472686 7.52040874958037 7.54977047443388 7.5791321992874 7.60849392414091 7.63785564899442 7.66721737384793 7.65451955795289 7.515643119812 7.37676668167114
7.79163558483129 7.43506325350875 7.07849092218615 6.72191859086361 6.36534625954107 6.00877392821847 5.81045282483105 5.66488213075539 5.51931143667969 5.37374074260402 5.22817004852835 5.08259935445265 4.93702866037698 4.88595992525423 5.11839706699061 5.35083420872694 5.58327135046327 5.81570849219965 6.04814563393598 6.28058277567232 6.51301991740869 6.68550935586299 6.83801622655661 6.99052309725024 7.14302996794386 7.29553683863747 7.44804370933111 7.60055058002472 7.70724932087795 7.67652367220987 7.64579802354179 7.61507237487371 7.58434672620563 7.55362107753755 7.52289542886947 7.49216978020138 7.5191031217575 7.56525612672168 7.61140913168588 7.65756213665007 7.70371514161425 7.74986814657845 7.79602115154264 7.79349405500625 7.64492665396796 7.4963592529297
7.84991066455847 7.46457142564994 7.07923218674134 6.69389294783281 6.30855370892428 5.92321447001568 5.6577462136746 5.43223495152269 5.20672368937075 4.98121242721884 4.75570116506693 4.53018990291498 4.30467864076308 4.19521788954737 4.43390867114072 4.67259945273403 4.91129023432734 5.14998101592069 5.388671797514 5.6273625791073 5.86605336070065 6.09107822577162 6.31154778533513 6.53201734489867 6.75248690446219 6.9729564640257 7.19342602358924 7.41389558315275 7.57660452789732 7.56603162818486 7.5554587284724 7.54488582875995 7.53431292904749 7.52374002933503 7.51316712962257 7.50259422991011 7.54715921878813 7.610103503863 7.67304778893787 7.73599207401274 7.7989363590876 7.86188064416248 7.92482492923734 7.93246855205962 7.77421018812392 7.61595182418825
7.90818574428564 7.49407959779113 7.07997345129653 6.66586730480202 6.2517611583075 5.83765501181291 5.50503960251816 5.19958777229002 4.89413594206183 4.58868411183369 4.28323228160555 3.97778045137736 3.67232862114922 3.50447585384057 3.7494202752909 3.99436469674118 4.23930911819146 4.48425353964178 4.72919796109207 4.97414238254235 5.21908680399267 5.49664709568029 5.78507934411369 6.07351159254714 6.36194384098055 6.65037608941395 6.9388083378474 7.22724058628081 7.44595973491671 7.45553958415987 7.46511943340303 7.47469928264619 7.48427913188935 7.49385898113251 7.50343883037567 7.51301867961883 7.57521531581877 7.65495088100431 7.73468644618986 7.8144220113754 7.89415757656094 7.97389314174649 8.05362870693203 8.07144304911297 7.90349372227986 7.73554439544678
7.96646082401282 7.52358776993231 7.08071471585173 6.63784166177122 6.19496860769071 5.75209555361012 5.3523329913617 4.96694059305733 4.58154819475289 4.19615579644851 3.81076339814413 3.42537099983969 3.03997860153532 2.81373381813371 3.06493187944101 3.31612994074827 3.56732800205552 3.81852606336282 4.06972412467008 4.32092218597734 4.57212024728463 4.90221596558891 5.25861090289221 5.61500584019557 5.97140077749888 6.32779571480218 6.68419065210554 7.04058558940884 7.31531494193608 7.34504754013487 7.37478013833365 7.40451273653243 7.43424533473121 7.46397793292999 7.49371053112877 7.52344312932756 7.60327141284941 7.69979825814562 7.79632510344185 7.89285194873807 7.98937879403429 8.08590563933052 8.18243248462674 8.21041754616633 8.03277725643582 7.85513696670534
8.03356994787859 7.56067717605177 7.08778440422487 6.61489163239805 6.14199886057123 5.66910608874433 5.24539098143585 4.83806842896683 4.43074587649774 4.02342332402871 3.61610077155969 3.2087782190906 2.80145566662158 2.56345937450718 2.83344186345731 3.10342435240738 3.37340684135745 3.64338933030758 3.91337181925765 4.18335430820773 4.45333679715785 4.80570561885823 5.1855365514754 5.56536748409263 5.9451984167098 6.32502934932697 6.7048602819442 7.08469121456137 7.37981878254145 7.42083625660999 7.46185373067852 7.50287120474705 7.5438886788156 7.58490615288413 7.62592362695266 7.6669411010212 7.74778370857234 7.8419013606177 7.93601901266306 8.03013666470842 8.12425431675377 8.21837196879914 8.31248962084449 8.33493907186723 8.14238391982186 7.94982876777651
8.10951311588295 7.6053478161495 7.10118251641597 6.59701721668252 6.09285191694908 5.58868661721555 5.18421357274063 4.81297128001858 4.44172898729646 4.07048669457441 3.69924440185236 3.32800210913025 2.95675981640819 2.7536525229612 3.05495022733999 3.35624793171873 3.65754563609747 3.95884334047627 4.26014104485501 4.56143874923375 4.86273645361254 5.20711605548846 5.56585628986344 5.92459652423848 6.28333675861347 6.64207699298845 7.0008172273635 7.35955746173848 7.63947125673289 7.68290573358531 7.72634021043772 7.76977468729014 7.81320916414256 7.85664364099497 7.90007811784739 7.94351259469981 8.00875220298761 8.08126018842056 8.15376817385351 8.22627615928645 8.2987841447194 8.37129213015235 8.44380011558529 8.44500762621565 8.23231371243796 8.0196197986603
8.18545628388731 7.65001845624723 7.11458062860707 6.57914280096699 6.04370497332692 5.50826714568675 5.1230361640454 4.78787413107032 4.45271209809519 4.11755006512011 3.78238803214503 3.4472259991699 3.11206396619482 2.94384567141523 3.27645859122269 3.6090715110301 3.94168443083751 4.27429735064498 4.60691027045239 4.9395231902598 5.27213611006727 5.60852649211872 5.94617602825152 6.28382556438437 6.62147510051717 6.95912463664996 7.29677417278282 7.63442370891561 7.89912373092435 7.94497521056065 7.99082669019695 8.03667816983324 8.08252964946954 8.12838112910584 8.17423260874213 8.22008408837844 8.26972069740291 8.32061901622344 8.37151733504398 8.42241565386451 8.47331397268504 8.52421229150557 8.5751106103261 8.55507618056407 8.32224350505406 8.0894108295441
8.26139945189167 7.69468909634497 7.12797874079816 6.56126838525146 5.99455802970476 5.42784767415796 5.06185875535017 4.76277698212207 4.46369520889392 4.16461343566581 3.86553166243771 3.56644988920956 3.26736811598145 3.13403881986926 3.4979669551054 3.86189509034148 4.22582322557756 4.5897513608137 4.95367949604978 5.31760763128586 5.681535766522 6.00993692874898 6.3264957666396 6.64305460453026 6.95961344242087 7.27617228031148 7.59273111820214 7.90928995609275 8.15877620511581 8.20704468753599 8.25531316995617 8.30358165237634 8.35185013479653 8.40011861721671 8.44838709963688 8.49665558205707 8.5306891918182 8.55997784402632 8.58926649623444 8.61855514844256 8.64784380065068 8.6771324528588 8.70642110506692 8.66514473491249 8.41217329767017 8.15920186042789
