data/working_set_collections/6091692-Cassins_Sparrow-MC/2005/bio11.asc
NCOLS 265 
NROWS 230 
XLLCORNER -115.5625 
YLLCORNER 24.8333333333333 
CELLSIZE 0.0833333333333333 
NODATA_value -9999 
[rows 80 to 99 of 230, columns 184 to 229 of 265]
2.96948105494178 2.9740025202433 2.97852398554481 2.97368578910825 2.96572770542566 2.95776962174307 2.94981153806048 2.94185345437789 2.9338953706953 2.92593728701271 2.91745804746943 2.90741534034409 2.89737263321874 2.8873299260934 2.87728721896805 2.86724451184271 2.85720180471736 2.84715909759202 2.84452511668203 2.84436071117717 2.84419630567231 2.84403190016744 2.84386749466258 2.84370308915772 2.84353868365286 2.84066375361547 2.82965724998049 2.8186507463455 2.80764424271052 2.79663773907554 2.78563123544055 2.77462473180557 2.76361822817059 2.74499330917993 2.72382891840404 2.70266452762814 2.68150013685225 2.66033574607636 2.63917135530047 2.61800696452457 2.6007238169511 2.59508439898489 2.58944498101868 2.58380556305248 2.57816614508627 2.57252672712006
3.1677462895711 3.176558971405 3.18537165323891 3.17913603782652 3.16788432333202 3.15663260883753 3.14538089434304 3.13412917984855 3.12287746535405 3.11162575085956 3.09992761810619 3.08689023057618 3.07385284304617 3.06081545551616 3.04777806798615 3.03474068045614 3.02170329292614 3.00866590539613 3.00358334183691 3.00115238626796 2.99872143069901 2.99629047513006 2.99385951956112 2.99142856399217 2.98899760842322 2.98404273721906 2.97151611910925 2.95898950099944 2.94646288288963 2.93393626477982 2.92140964667001 2.9088830285602 2.89635641045039 2.8778572042783 2.85736713541878 2.83687706655925 2.81638699769973 2.7958969288402 2.77540685998068 2.75491679112115 2.738578047355 2.73469327886898 2.73080851038295 2.72692374189693 2.72303897341091 2.71915420492489
3.3660115242004 3.37911542256669 3.39221932093298 3.38458628654477 3.37004094123837 3.35549559593198 3.34095025062558 3.32640490531918 3.31185956001279 3.29731421470639 3.28239718874293 3.26636512080826 3.25033305287358 3.23430098493891 3.21826891700424 3.20223684906957 3.1862047811349 3.17017271320023 3.16264156699178 3.15794406135874 3.15324655572571 3.14854905009267 3.14385154445964 3.1391540388266 3.13445653319356 3.12742172082263 3.113374988238 3.09932825565336 3.08528152306873 3.07123479048409 3.05718805789945 3.04314132531482 3.02909459273019 3.01072109937666 2.9909053524335 2.97108960549035 2.95127385854719 2.93145811160404 2.91164236466088 2.89182661771772 2.87643227775889 2.87430215875305 2.87217203974721 2.87004192074137 2.86791180173554 2.8657816827297
3.56427675882972 3.5816718737284 3.59906698862708 3.59003653526303 3.57219755914474 3.55435858302644 3.53651960690814 3.51868063078984 3.50084165467154 3.48300267855324 3.46486675937968 3.44584001104035 3.42681326270101 3.40778651436168 3.38875976602235 3.36973301768301 3.35070626934367 3.33167952100434 3.32169979214666 3.31473573644954 3.30777168075242 3.30080762505529 3.29384356935817 3.28687951366105 3.27991545796392 3.27080070442622 3.25523385736676 3.23966701030729 3.22410016324783 3.20853331618837 3.19296646912891 3.17739962206945 3.16183277500999 3.14358499447503 3.12444356944824 3.10530214442146 3.08616071939467 3.06701929436788 3.0478778693411 3.0287364443143 3.0142865081628 3.01391103863714 3.01353556911149 3.01316009958583 3.01278463006018 3.01240916053452
3.69520802895227 3.71331171856985 3.73141540818743 3.72320084969202 3.70621354182561 3.6892262339592 3.67223892609278 3.65525161822636 3.63826431035995 3.62127700249353 3.60404040548536 3.5860559410519 3.56807147661844 3.55008701218498 3.53210254775152 3.51411808331806 3.49613361888461 3.47814915445115 3.46592806577681 3.45562810235552 3.44532813893423 3.43502817551294 3.42472821209165 3.41442824867036 3.40412828524906 3.39280054304334 3.37838946448431 3.36397838592528 3.34956730736626 3.33515622880723 3.3207451502482 3.30633407168917 3.29192299313014 3.27604439457256 3.25967662268214 3.24330885079171 3.22694107890128 3.21057330701085 3.19420553512042 3.17783776322999 3.16518241630658 3.16366434428425 3.16214627226192 3.16062820023959 3.15911012821726 3.15759205619493
3.75880533456801 3.774034957091 3.78926457961399 3.78407922983169 3.77208888928095 3.76009854873021 3.74810820817946 3.73611786762872 3.72412752707798 3.71213718652724 3.69991812705992 3.68701291084288 3.67410769462584 3.6612024784088 3.64829726219176 3.63539204597471 3.62248682975767 3.60958161354063 3.59532638788221 3.58062115907667 3.56591593027113 3.55121070146559 3.53650547266005 3.52180024385451 3.50709501504897 3.49342123667398 3.48284180959064 3.47226238250731 3.46168295542397 3.45110352834064 3.44052410125731 3.42994467417397 3.41936524709064 3.40809929966925 3.39660451213517 3.38510972460109 3.37361493706701 3.36212014953293 3.35062536199885 3.33913057446477 3.32912000219024 3.32356207569438 3.31800414919851 3.31244622270264 3.30688829620677 3.3013303697109
3.82240264018376 3.83475819561215 3.84711375104055 3.84495760997136 3.83796423673629 3.83097086350122 3.82397749026615 3.81698411703109 3.80999074379602 3.80299737056095 3.7957958486345 3.78796988063387 3.78014391263325 3.77231794463262 3.764491976632 3.75666600863137 3.74884004063075 3.74101407263012 3.72472470998762 3.70561421579783 3.68650372160804 3.66739322741825 3.64828273322846 3.62917223903867 3.61006174484888 3.59404193030462 3.58729415469698 3.58054637908934 3.5737986034817 3.56705082787406 3.56030305226642 3.55355527665878 3.54680750105114 3.54015420476594 3.53353240158821 3.52691059841048 3.52028879523275 3.51366699205502 3.5070451888773 3.50042338569957 3.49305758807392 3.48345980710451 3.47386202613511 3.4642642451657 3.45466646419629 3.44506868322688
3.8859999457995 3.89548143413331 3.90496292246712 3.90583599011103 3.90383958419163 3.90184317827224 3.89984677235285 3.89785036643345 3.89585396051406 3.89385755459467 3.89167357020907 3.88892685042486 3.88618013064065 3.88343341085645 3.88068669107224 3.87793997128803 3.87519325150382 3.87244653171962 3.85412303209304 3.830607272519 3.80709151294496 3.78357575337091 3.76005999379687 3.73654423422283 3.71302847464879 3.69466262393526 3.69174649980332 3.68883037567138 3.68591425153943 3.68299812740749 3.68008200327554 3.6771658791436 3.67424975501165 3.67220910986263 3.67046029104125 3.66871147221988 3.6669626533985 3.66521383457712 3.66346501575574 3.66171619693436 3.6569951739576 3.64335753851465 3.62971990307171 3.61608226762876 3.60244463218582 3.58880699674287
3.94959725141524 3.95620467265446 3.96281209389367 3.96671437025069 3.96971493164697 3.97271549304325 3.97571605443953 3.97871661583581 3.98171717723209 3.98471773862837 3.98755129178363 3.98988382021584 3.99221634864805 3.99454887708026 3.99688140551247 3.99921393394468 4.00154646237689 4.0038789908091 3.98352135419844 3.95560032924015 3.92767930428186 3.89975827932356 3.87183725436527 3.84391622940698 3.81599520444869 3.7952833175659 3.79619884490965 3.7971143722534 3.79802989959715 3.7989454269409 3.79986095428465 3.8007764816284 3.80169200897215 3.80426401495931 3.80738818049429 3.81051234602926 3.81363651156423 3.8167606770992 3.81988484263417 3.82300900816915 3.82093275984126 3.80325526992478 3.78557778000829 3.76790029009181 3.75022280017533 3.73254531025884
4.01319455703099 4.01692791117561 4.02066126532024 4.02759275039036 4.03559027910231 4.04358780781427 4.05158533652622 4.05958286523818 4.06758039395013 4.07557792266208 4.08342901335821 4.09084079000683 4.09825256665546 4.10566434330409 4.11307611995271 4.12048789660134 4.12789967324997 4.13531144989859 4.11291967630385 4.08059338596131 4.04826709561877 4.01594080527622 3.98361451493368 3.95128822459114 3.9189619342486 3.89590401119654 3.90065119001599 3.90539836883543 3.91014554765488 3.91489272647432 3.91963990529376 3.92438708411321 3.92913426293265 3.936318920056 3.94431606994733 3.95231321983865 3.96031036972997 3.9683075196213 3.97630466951262 3.98430181940394 3.98487034572494 3.96315300133492 3.94143565694489 3.91971831255487 3.89800096816485 3.87628362377483
4.08196424245834 4.08152629931767 4.081088356177 4.08716198603311 4.09540614022148 4.10365029440985 4.11189444859822 4.12013860278659 4.12838275697496 4.13662691116332 4.14535563521914 4.15553806887732 4.1657205025355 4.17590293619367 4.18608536985185 4.19626780351003 4.2064502371682 4.21663267082637 4.19797993501027 4.16971547603607 4.14145101706187 4.11318655808766 4.08492209911346 4.05665764013926 4.02839318116505 4.00862033234701 4.01432231399747 4.02002429564792 4.02572627729838 4.03142825894884 4.0371302405993 4.04283222224976 4.04853420390022 4.05763946374256 4.06787914964886 4.07811883555517 4.08835852146147 4.09859820736778 4.10883789327408 4.11907757918039 4.12090461783938 4.09749371475643 4.07408281167347 4.05067190859052 4.02726100550757 4.00385010242461
4.15590630769728 4.14999983708063 4.14409336646397 4.14542207717894 4.14916251500447 4.15290295282999 4.15664339065551 4.16038382848103 4.16412426630655 4.16786470413207 4.17333115736643 4.18397565682728 4.19462015628814 4.205264655749 4.21590915520985 4.22655365467071 4.23719815413156 4.24784265359242 4.23870213031768 4.22296659946441 4.20723106861114 4.19149553775786 4.17576000690459 4.16002447605132 4.14428894519804 4.13343228101728 4.13721221685407 4.14099215269087 4.14477208852766 4.14855202436445 4.15233196020124 4.15611189603804 4.15989183187483 4.16822564601896 4.17807741959888 4.18792919317879 4.19778096675871 4.20763274033862 4.21748451391854 4.22733628749845 4.22903557618458 4.2062774101893 4.18351924419402 4.16076107819874 4.13800291220346 4.11524474620818
4.22984837293624 4.21847337484359 4.20709837675094 4.20368216832478 4.20291888978745 4.20215561125013 4.2013923327128 4.20062905417548 4.19986577563815 4.19910249710083 4.20130667951371 4.21241324477725 4.22351981004079 4.23462637530432 4.24573294056786 4.25683950583139 4.26794607109493 4.27905263635846 4.2794243256251 4.27621772289275 4.27301112016041 4.26980451742807 4.26659791469573 4.26339131196339 4.26018470923104 4.25824422968757 4.26010211971069 4.26196000973382 4.26381789975694 4.26567578978007 4.2675336798032 4.26939156982632 4.27124945984945 4.27881182829537 4.2882756895489 4.29773955080242 4.30720341205595 4.31666727330948 4.326131134563 4.33559499581653 4.33716653452978 4.31506110562218 4.29295567671457 4.27085024780696 4.24874481889936 4.22663938999175
4.3037904381752 4.28694691260655 4.27010338703791 4.26194225947062 4.25667526457044 4.25140826967027 4.2461412747701 4.24087427986992 4.23560728496975 4.23034029006958 4.229282201661 4.24085083272721 4.25241946379343 4.26398809485965 4.27555672592586 4.28712535699208 4.2986939880583 4.31026261912451 4.32014652093251 4.3294688463211 4.33879117170969 4.34811349709828 4.35743582248687 4.36675814787545 4.37608047326404 4.38305617835785 4.38299202256731 4.38292786677677 4.38286371098623 4.38279955519569 4.38273539940515 4.38267124361461 4.38260708782407 4.38939801057178 4.39847395949892 4.40754990842606 4.4166258573532 4.42570180628033 4.43477775520747 4.44385370413461 4.44529749287499 4.42384480105506 4.40239210923512 4.38093941741519 4.35948672559526 4.33803403377532
4.37773250341414 4.35542045036951 4.33310839732488 4.32020235061645 4.31043163935343 4.30066092809041 4.29089021682739 4.28111950556437 4.27134879430135 4.26157808303833 4.25725772380828 4.26928842067718 4.28131911754607 4.29334981441497 4.30538051128387 4.31741120815276 4.32944190502166 4.34147260189055 4.36086871623992 4.38271996974944 4.40457122325895 4.42642247676848 4.44827373027799 4.47012498378751 4.49197623729703 4.50786812702813 4.50588192542392 4.50389572381971 4.50190952221551 4.4999233206113 4.49793711900709 4.49595091740288 4.49396471579868 4.49998419284818 4.50867222944893 4.51736026604968 4.52604830265043 4.53473633925118 4.54342437585193 4.55211241245268 4.55342845122018 4.53262849648792 4.51182854175566 4.4910285870234 4.47022863229115 4.44942867755888
4.4516745686531 4.42389398813247 4.39611340761185 4.37846244176228 4.36418801413642 4.34991358651055 4.33563915888468 4.32136473125881 4.30709030363295 4.29281587600708 4.28523324595557 4.29772600862714 4.31021877129872 4.3227115339703 4.33520429664187 4.34769705931345 4.36018982198503 4.3726825846566 4.40159091154733 4.43597109317778 4.47035127480823 4.50473145643868 4.53911163806913 4.57349181969958 4.60787200133003 4.63268007569841 4.62877182828054 4.62486358086266 4.62095533344479 4.61704708602692 4.61313883860904 4.60923059119117 4.6053223437733 4.6105703751246 4.61887049939896 4.62717062367332 4.63547074794768 4.64377087222203 4.6520709964964 4.66037112077075 4.66155940956538 4.6414121919208 4.62126497427621 4.60111775663163 4.58097053898704 4.56082332134246
4.528482512633 4.50061438481013 4.47274625698725 4.45395794709523 4.43819624318016 4.4224345392651 4.40667283535003 4.39091113143496 4.3751494275199 4.35938772360483 4.35012030071681 4.36033572090995 4.3705511411031 4.38076656129624 4.39098198148938 4.40119740168253 4.41141282187567 4.42162824206881 4.45275729894637 4.49085756805207 4.52895783715776 4.56705810626347 4.60515837536916 4.64325864447486 4.68135891358057 4.70936169491874 4.70707201295428 4.70478233098983 4.70249264902538 4.70020296706093 4.69791328509648 4.69562360313203 4.69333392116758 4.7000201622645 4.70969837771521 4.71937659316592 4.72905480861663 4.73873302406734 4.74841123951805 4.75808945496876 4.76068655120001 4.74204028977288 4.72339402834574 4.7047477669186 4.68610150549146 4.66745524406432
4.60815633535384 4.58558164040247 4.56300694545109 4.54668886661528 4.53245632648467 4.51822378635405 4.50399124622344 4.48975870609282 4.47552616596221 4.46129362583159 4.45191888809202 4.45711755752562 4.46231622695921 4.46751489639281 4.4727135658264 4.47791223526 4.48311090469359 4.48830957412719 4.51436787843703 4.54737939437229 4.58039091030755 4.61340242624282 4.64641394217808 4.67942545811334 4.7124369740486 4.73791298468907 4.74078247944513 4.7436519742012 4.74652146895726 4.74939096371332 4.75226045846938 4.75512995322544 4.7579994479815 4.76833355426787 4.78115586439767 4.79397817452747 4.80680048465727 4.81962279478707 4.83244510491687 4.84526741504667 4.85080987612405 4.83451279004414 4.81821570396422 4.8019186178843 4.78562153180439 4.76932444572447
4.68783015807469 4.67054889599481 4.65326763391494 4.63941978613534 4.62671640978918 4.61401303344302 4.60130965709685 4.58860628075069 4.57590290440452 4.56319952805836 4.55371747546724 4.55389939414129 4.55408131281534 4.55426323148938 4.55444515016343 4.55462706883747 4.55480898751152 4.55499090618556 4.57597845792769 4.60390122069251 4.63182398345734 4.65974674622217 4.68766950898699 4.71559227175181 4.74351503451664 4.76646427445941 4.77449294593598 4.78252161741256 4.79055028888914 4.79857896036571 4.80660763184229 4.81463630331886 4.82266497479544 4.83664694627125 4.85261335108014 4.86857975588903 4.88454616069792 4.90051256550681 4.9164789703157 4.9324453751246 4.9409332010481 4.92698529031541 4.91303737958271 4.89908946885002 4.88514155811733 4.87119364738463
4.76750398079554 4.75551615158716 4.74352832237879 4.73215070565541 4.7209764930937 4.70980228053198 4.69862806797027 4.68745385540855 4.67627964284684 4.66510543028513 4.65551606284246 4.65068123075696 4.64584639867146 4.64101156658596 4.63617673450045 4.63134190241495 4.62650707032945 4.62167223824394 4.63758903741835 4.66042304701274 4.68325705660713 4.70609106620152 4.7289250757959 4.75175908539029 4.77459309498468 4.79501556422975 4.80820341242683 4.82139126062393 4.83457910882101 4.8477669570181 4.86095480521519 4.87414265341228 4.88733050160937 4.90496033827463 4.92407083776261 4.94318133725059 4.96229183673857 4.98140233622656 5.00051283571454 5.01962333520252 5.03105652597215 5.01945779058668 5.0078590552012 4.99626031981573 4.98466158443026 4.97306284904479
