data/working_set_collections/6091692-Cassins_Sparrow-MC/2005/bio19.asc
NCOLS 265 
NROWS 230 
XLLCORNER -115.5625 
YLLCORNER 24.8333333333333 
CELLSIZE 0.0833333333333333 
NODATA_value -9999 
[rows 140 to 159 of 230, columns 184 to 229 of 265]
71.5148041725157 72.8761741320289 74.2375440915422 75.6726394653318 77.1323099772132 78.5919804890946 80.0516510009763 81.5113215128577 82.9709920247391 84.4306625366208 86.2593616485588 89.195146560668 92.1309314727777 95.0667163848869 98.0025012969961 100.938286209106 103.874071121215 106.809856033324 107.689596557617 107.883988952637 108.078381347656 108.272773742676 108.467166137695 108.661558532715 108.855950927734 110.11906062232 114.588322215609 119.057583808898 123.526845402187 127.996106995475 132.465368588765 136.934630182053 141.403891775342 146.941658147175 152.835592778522 158.72952740987 164.623462041218 170.517396672565 176.411331303913 182.305265935261 188.346830071342 194.831282721623 201.315735371906 207.800188022188 214.28464067247 220.769093322753
71.3934519767759 72.8459385236101 74.2984250704443 75.8017471313474 77.3220143636064 78.8422815958654 80.3625488281247 81.8828160603837 83.4030832926427 84.923350524902 86.8156520843498 89.8240566253653 92.8324611663813 95.8408657073967 98.8492702484121 101.857674789428 104.866079330444 107.874483871459 108.697918701172 108.793030293782 108.888141886393 108.983253479004 109.078365071614 109.173476664225 109.268588256836 110.46073038313 114.943964110479 119.427197837829 123.910431565178 128.393665292527 132.876899019876 137.360132747225 141.843366474574 147.474255243936 153.487695693968 159.501136144 165.514576594034 171.528017044066 177.541457494098 183.554897944131 189.717768520777 196.328929477266 202.940090433755 209.551251390244 216.162412346732 222.773573303221
71.2720997810361 72.8157029151913 74.3593060493465 75.930854797363 77.5117187499996 79.0925827026362 80.6734466552731 82.2543106079097 83.8351745605463 85.4160385131833 87.3719425201408 90.4529666900625 93.5339908599847 96.6150150299064 99.6960391998281 102.77706336975 105.858087539672 108.939111709594 109.706240844726 109.702071634928 109.69790242513 109.693733215332 109.689564005534 109.685394795736 109.681225585937 110.80240014394 115.299606005349 119.796811866759 124.294017728169 128.791223589578 133.288429450988 137.785635312397 142.282841173806 148.006852340697 154.139798609414 160.272744878131 166.405691146849 172.538637415566 178.671583684284 184.804529953002 191.088706970213 197.826576232908 204.564445495604 211.302314758299 218.040184020994 224.77805328369
71.1507475852964 72.7854673067725 74.4201870282486 76.0599624633786 77.7014231363928 79.342883809407 80.9843444824216 82.6258051554358 84.26726582845 85.9087265014645 87.9282329559318 91.0818767547598 94.2355205535882 97.3891643524162 100.542808151244 103.696451950073 106.8500957489 110.003739547728 110.714562988281 110.611112976074 110.507662963867 110.40421295166 110.300762939453 110.197312927246 110.093862915039 111.14406990475 115.65524790022 120.16642589569 124.67760389116 129.188781886629 133.6999598821 138.211137877569 142.722315873039 148.539449437458 154.79190152486 161.044353612262 167.296805699665 173.549257787067 179.801709874469 186.054161961872 192.459645419649 199.32422298855 206.188800557453 213.053378126355 219.917955695256 226.782533264159
70.977698866526 72.6807327800323 74.3837666935386 76.0947888056434 77.808473650614 79.5221584955846 81.2358433405555 82.9495281855261 84.6632130304967 86.3768978754676 88.459145969814 91.6470838122888 94.8350216547642 98.0229594972391 101.210897339714 104.398835182189 107.586773024664 110.774710867139 111.446683247884 111.280000474718 111.113317701552 110.946634928385 110.779952155219 110.613269382053 110.446586608887 111.443814404804 115.932773907978 120.421733411152 124.910692914326 129.3996524175 133.888611920674 138.377571423847 142.866530927021 148.739694341023 155.074259058633 161.408823776243 167.743388493855 174.077953211465 180.412517929075 186.747082646687 193.245543246797 200.23569149441 207.225839742023 214.215987989636 221.206136237248 228.196284484862
70.7529536247251 72.5014993349707 74.2500450452164 76.0353338241574 77.8328702926632 79.6304067611689 81.427943229675 83.2254796981807 85.0230161666864 86.8205526351925 88.9646815617871 92.1485878626496 95.3324941635125 98.516400464375 101.700306765237 104.8842130661 108.068119366963 111.252025667825 111.902601623535 111.708734130859 111.514866638184 111.320999145508 111.127131652832 110.933264160156 110.73939666748 111.701633644103 116.132184028624 120.562734413146 124.993284797667 129.423835182189 133.854385566711 138.284935951232 142.715486335753 148.607587051391 154.986871210733 161.366155370075 167.745439529418 174.12472368876 180.504007848102 186.883292007445 193.446400451659 200.560981750486 207.675563049315 214.790144348143 221.904725646971 229.019306945799
70.5282083829241 72.3222658899091 74.1163233968942 75.9758788426714 77.8572669347123 79.7386550267532 81.6200431187944 83.5014312108353 85.3828193028762 87.2642073949174 89.4702171537603 92.6500919130104 95.829966672261 99.009841431511 102.189716190761 105.369590950012 108.549465709262 111.729340468512 112.358519999186 112.137467787001 111.916415574816 111.69536336263 111.474311150445 111.25325893826 111.032206726074 111.959452883401 116.33159414927 120.70373541514 125.075876681009 129.448017946878 133.820159212747 138.192300478616 142.564441744485 148.475479761758 154.899483362832 161.323486963906 167.747490564981 174.171494166055 180.595497767129 187.019501368204 193.64725765652 200.886272006563 208.125286356607 215.36430070665 222.603315056693 229.842329406737
70.3034631411232 72.1430324448475 73.9826017485719 75.9164238611854 77.8816635767614 79.8469032923375 81.8121430079139 83.7773827234899 85.742622439066 87.7078621546424 89.9757527457335 93.1515959633712 96.3274391810093 99.503282398647 102.679125616285 105.854968833923 109.03081205156 112.206655269198 112.814438374837 112.566201443142 112.317964511447 112.069727579753 111.821490648058 111.573253716363 111.325016784668 112.2172721227 116.531004269917 120.844736417134 125.15846856435 129.472200711567 133.785932858784 138.099665006001 142.413397153217 148.343372472126 154.812095514932 161.280818557737 167.749541600544 174.21826464335 180.686987686155 187.155710728962 193.848114861381 201.211562262639 208.575009663898 215.938457065157 223.301904466415 230.665351867674
70.0787178993222 71.963798999786 73.8488801002497 75.8569688796994 77.9060602188106 79.9551515579218 82.0042428970333 84.0533342361445 86.1024255752557 88.1515169143672 90.4812883377067 93.653100013732 96.8249116897577 99.9967233657829 103.168535041808 106.340346717834 109.512158393859 112.683970069884 113.270356750488 112.994935099284 112.719513448079 112.444091796875 112.168670145671 111.893248494466 111.617826843262 112.475091361998 116.730414390563 120.985737419128 125.241060447692 129.496383476256 133.751706504821 138.007029533385 142.262352561949 148.211265182494 154.724707667031 161.238150151569 167.751592636107 174.265035120645 180.778477605182 187.291920089721 194.048972066242 201.536852518715 209.02473297119 216.512613423664 224.000493876137 231.488374328612
69.8539726575213 71.7845655547244 73.7151584519275 75.7975138982133 77.9304568608597 80.063399823506 82.1963427861528 84.3292857487991 86.4622287114455 88.5951716740922 90.9868239296799 94.1546040640927 97.3223841985061 100.490164332919 103.657944467332 106.825724601745 109.993504736158 113.161284870571 113.726275126139 113.423668755425 113.121062384711 112.818456013997 112.515849643283 112.213243272569 111.910636901855 112.732910601297 116.929824511209 121.126738421121 125.323652331033 129.520566240945 133.717480150858 137.91439406077 142.111307970682 148.079157892862 154.637319819131 161.1954817454 167.75364367167 174.31180559794 180.869967524209 187.428129450479 194.249829271103 201.862142774792 209.474456278482 217.08676978217 224.699083285859 232.311396789549
69.6676780382789 71.6160412364532 73.5644044346274 75.6874512354529 77.8687259038285 80.050000572204 82.2312752405799 84.4125499089554 86.5938245773309 88.7750992457068 91.2045496622714 94.3785273234041 97.5525049845372 100.72648264567 103.900460306802 107.074437967936 110.248415629068 113.422393290201 113.974222946167 113.652003267076 113.329783587986 113.007563908895 112.685344229804 112.363124550714 112.040904871623 112.841930007934 117.012689590453 121.183449172973 125.354208755492 129.524968338012 133.695727920532 137.866487503051 142.03724708557 148.011189142862 154.586192025077 161.161194907292 167.736197789509 174.311200671724 180.88620355394 187.461206436156 194.314189359875 202.001112408106 209.688035456338 217.374958504569 225.0618815528 232.748804601032
69.5198340415951 71.4582260449723 73.3966180483495 75.5267808914181 77.7208673477168 79.9149538040155 82.1090402603146 84.3031267166133 86.497213172912 88.6912996292111 91.134465535481 94.3248697916658 97.515274047851 100.705678304036 103.89608256022 107.086486816406 110.27689107259 113.467295328775 114.014200210571 113.679938634237 113.345677057902 113.011415481567 112.677153905233 112.342892328898 112.008630752564 112.802149581908 116.979009628295 121.155869674682 125.332729721068 129.509589767455 133.686449813842 137.863309860229 142.040169906615 148.007358932494 154.57132428487 161.135289637246 167.699254989623 174.263220341999 180.827185694375 187.391151046752 194.242052332558 201.953761418658 209.665470504759 217.377179590859 225.088888676959 232.80059776306
69.3719900449114 71.3004108534915 73.2288316620715 75.3661105473833 77.5730087916052 79.779907035827 81.9868052800493 84.1937035242712 86.400601768493 88.6075000127153 91.0643814086907 94.2712122599275 97.4780431111648 100.684873962402 103.891704813638 107.098535664876 110.305366516113 113.512197367349 114.054177474976 113.707874001397 113.361570527819 113.01526705424 112.668963580661 112.322660107083 111.976356633504 112.762369155883 116.945329666137 121.128290176391 125.311250686645 129.494211196898 133.677171707153 137.860132217406 142.04309272766 148.003528722126 154.556456544663 161.109384367199 167.662312189737 174.215240012273 180.76816783481 187.321095657348 194.169915305242 201.906410429211 209.642905553181 217.379400677149 225.115895801118 232.852390925088
69.2241460482277 71.1425956620106 73.0610452757936 75.2054402033485 77.4251502354935 79.6448602676385 81.864570299784 84.084280331929 86.3039903640741 88.5237003962195 90.9942972819003 94.2175547281892 97.4408121744786 100.664069620768 103.887327067056 107.110584513346 110.333841959635 113.557099405924 114.09415473938 113.735809368557 113.377463997735 113.019118626913 112.66077325609 112.302427885268 111.944082514445 112.722588729857 116.911649703978 121.1007106781 125.289771652221 129.478832626342 133.667893600463 137.856954574584 142.046015548705 147.999698511758 154.541588804455 161.083479097153 167.625369389851 174.167259682548 180.709149975245 187.251040267943 194.097778277925 201.859059439763 209.620340601602 217.38162176344 225.142902925277 232.904184087116
69.0763020515439 70.9847804705298 72.8932588895157 75.0447698593136 77.2772916793818 79.5098134994501 81.7423353195187 83.9748571395869 86.2073789596551 88.4399007797238 90.9242131551099 94.1638971964509 97.4035812377924 100.643265279133 103.882949320474 107.122633361816 110.362317403157 113.602001444498 114.134132003784 113.763744735718 113.393357467651 113.022970199585 112.652582931519 112.282195663452 111.911808395386 112.682808303832 116.87796974182 121.073131179809 125.268292617797 129.463454055785 133.658615493774 137.853776931762 142.04893836975 147.99586830139 154.526721064248 161.057573827106 167.588426589965 174.119279352822 180.65013211568 187.180984878539 194.025641250609 201.811708450315 209.597775650023 217.38384284973 225.169910049436 232.955977249144
68.9284580548601 70.826965279049 72.7254725032377 74.8840995152788 77.1294331232702 79.3747667312616 81.6201003392534 83.8654339472448 86.1107675552362 88.356101163228 90.8541290283196 94.1102396647126 97.3663503011062 100.622460937499 103.878571573892 107.134682210286 110.390792846679 113.646903483072 114.174109268189 113.791680102878 113.409250937568 113.026821772258 112.644392606947 112.261963441637 111.879534276327 112.643027877807 116.844289779662 121.045551681518 125.246813583373 129.448075485228 133.649337387084 137.850599288939 142.051861190795 147.992038091023 154.511853324041 161.031668557059 167.551483790079 174.071299023097 180.591114256115 187.110929489135 193.953504223292 201.764357460867 209.575210698444 217.38606393602 225.196917173595 233.007770411172
68.6793258349098 70.572465949588 72.4656060642662 74.6400393803911 76.908237096998 79.1764348136048 81.444632530212 83.7128302468189 85.9810279634258 88.249225680033 90.7757660759812 94.0773345099546 97.3789029439285 100.680471377902 103.982039811875 107.283608245849 110.585176679822 113.886745113796 114.407054011027 114.00027639601 113.593498780992 113.186721165975 112.779943550958 112.37316593594 111.966388320923 112.710976346333 116.909661293029 121.108346239725 125.307031186421 129.505716133116 133.704401079813 137.903086026509 142.101770973204 148.021865717569 154.515763727822 161.009661738076 167.503559748331 173.997457758584 180.491355768838 186.985253779092 193.792908223468 201.541831970213 209.290755716958 217.039679463703 224.788603210447 232.537526957193
68.3289053916928 70.2212824821468 72.1136595726008 74.3125894546505 76.6137036005651 78.9148177464797 81.2159318923947 83.5170460383092 85.8181601842238 88.1192743301388 90.6891242980949 94.0651817321768 97.4412391662592 100.817296600341 104.193354034423 107.569411468505 110.945468902587 114.321526336669 114.8329662323 114.389533615112 113.946100997925 113.502668380737 113.05923576355 112.615803146362 112.172370529175 112.886653709411 117.07408428192 121.26151485443 125.44894542694 129.636375999449 133.82380657196 138.011237144469 142.198667716979 148.085351181029 154.538452275593 160.991553370156 167.444654464721 173.897755559284 180.350856653847 186.803957748412 193.543853251138 201.144131978351 208.744410705565 216.344689432778 223.944968159991 231.545246887206
67.9784849484759 69.8700990147057 71.7617130809355 73.98513952891 76.3191701041323 78.6532006793546 80.9872312545773 83.3212618297996 85.6552924050219 87.9893229802446 90.6024825202086 94.053028954399 97.5035753885899 100.95412182278 104.404668256971 107.855214691161 111.305761125352 114.756307559542 115.258878453573 114.778790834215 114.298703214857 113.8186155955 113.338527976142 112.858440356784 112.378352737427 113.062331072488 117.238507270812 121.414683469136 125.590859667459 129.767035865782 133.943212064107 138.11938826243 142.295564460753 148.148836644489 154.561140823363 160.973445002236 167.385749181111 173.798053359984 180.210357538857 186.622661717732 193.294798278807 200.746431986489 208.198065694172 215.649699401854 223.101333109536 230.552966817219
67.628064505259 69.5189155472646 71.4097665892702 73.6576896031694 76.0246366076994 78.3915836122295 80.7585306167599 83.1254776212899 85.49242462582 87.8593716303504 90.5158407423224 94.0408761766212 97.5659116109206 101.090947045219 104.615982479518 108.141017913818 111.666053348117 115.191088782415 115.684790674845 115.168048053318 114.65130543179 114.134562810262 113.617820188734 113.101077567207 112.584334945679 113.238008435566 117.402930259703 121.567852083841 125.732773907978 129.897695732115 134.062617556253 138.22753938039 142.392461204528 148.21232210795 154.583829371133 160.955336634316 167.326843897501 173.698351160684 180.069858423867 186.441365687051 193.045743306476 200.348731994627 207.651720682779 214.95470937093 222.25769805908 229.560686747232
