data/working_set_collections/6091692-Cassins_Sparrow-MC/2005/bio13.asc
NCOLS 265 
NROWS 230 
XLLCORNER -115.5625 
YLLCORNER 24.8333333333333 
CELLSIZE 0.0833333333333333 
NODATA_value -9999 
[rows 200 to 219 of 230, columns 92 to 137 of 265]
199.380042394003 199.151524225871 198.923006057739 198.694487889608 198.465969721476 196.267069371542 193.411374961006 190.555680550469 187.699986139934 184.844291729398 181.988597318861 179.132902908325 175.862809287178 171.349518034193 166.83622678121 162.322935528226 157.809644275241 153.296353022258 148.783061769274 144.26977051629 140.723036066691 137.498487218221 134.273938369751 131.049389521281 127.824840672811 124.600291824341 121.375742975871 118.533013894823 116.835744116042 115.13847433726 113.441204558479 111.743934779697 110.046665000916 108.349395222134 106.652125443353 105.348670895894 104.176488092211 103.004305288527 101.832122484843 100.659939681159 99.4877568774756 98.3155740737917 96.9174121008984 94.8413126203755 92.7652131398522 90.6891136593294
197.458384831747 197.719933191935 197.981481552124 198.243029912313 198.504578272502 196.726962916057 194.269626320733 191.81228972541 189.354953130086 186.897616534763 184.440279939439 181.982943344116 179.013567564223 174.508074230618 170.002580897014 165.497087563409 160.991594229804 156.4861008962 151.980607562595 147.47511422899 143.804004033407 140.411021550497 137.018039067586 133.625056584676 130.232074101766 126.839091618856 123.446109135946 120.436832957798 118.578675693936 116.720518430074 114.862361166212 113.004203902351 111.146046638489 109.287889374627 107.429732110766 106.029860750834 104.78275135888 103.535641966926 102.288532574972 101.041423183018 99.7943137910634 98.547204399109 97.0678412967263 94.8917170630567 92.7155928293868 90.5394685957172
195.536727269491 196.288342158 197.039957046509 197.791571935018 198.543186823527 197.186856460572 195.127877680461 193.06889890035 191.009920120239 188.950941340129 186.891962560018 184.832983779907 182.164325841268 177.666630427043 173.168935012818 168.671239598593 164.173544184367 159.675848770142 155.178153355917 150.680457941691 146.884972000122 143.323555882772 139.762139765421 136.200723648071 132.639307530721 129.077891413371 125.516475296021 122.340652020772 120.321607271831 118.302562522888 116.283517773946 114.264473025004 112.245428276062 110.22638352712 108.207338778178 106.711050605774 105.38901462555 104.066978645325 102.7449426651 101.422906684876 100.100870704651 98.7788347244265 97.2182704925542 94.942121505738 92.6659725189213 90.389823532105
193.615069707235 194.856751124064 196.098432540893 197.340113957723 198.581795374552 197.646750005086 195.986129040189 194.32550807529 192.664887110392 191.004266145494 189.343645180596 187.683024215698 185.315084118314 180.825186623467 176.335289128622 171.845391633776 167.35549413893 162.865596644084 158.375699149238 153.885801654392 149.965939966838 146.236090215048 142.506240463257 138.776390711467 135.046540959677 131.316691207886 127.586841456096 124.244471083747 122.064538849725 119.884606615702 117.70467438168 115.524742147658 113.344809913635 111.164877679613 108.984945445591 107.392240460714 105.995277892219 104.598315323724 103.201352755229 101.804390186734 100.407427618239 99.0104650497439 97.3686996883821 94.9925259484192 92.6163522084558 90.2401784684928
192.205478837755 193.910617658827 195.615756479899 197.320895300971 199.026034122043 198.458604176839 197.133651309543 195.808698442247 194.483745574951 193.158792707655 191.833839840359 190.508886973063 188.395689604018 183.917758729723 179.439827855428 174.961896981134 170.483966106839 166.006035232544 161.52810435825 157.050173483954 152.94975420634 148.975172127618 145.000590048896 141.026007970174 137.051425891453 133.076843812731 129.102261734009 125.541748703851 123.223442819384 120.905136934916 118.586831050449 116.268525165982 113.950219281515 111.631913397048 109.313607512581 107.650943819682 106.206827523974 104.762711228265 103.318594932556 101.874478636848 100.43036234114 98.9862460454308 97.2865828620069 94.8202790154359 92.3539751688644 89.8876713222934
191.307954661051 193.449941762288 195.591928863525 197.733915964762 199.875903065999 199.62241897583 198.570444488525 197.518470001221 196.466495513916 195.414521026611 194.362546539306 193.310572052002 191.406142298381 186.944346745809 182.482551193238 178.020755640666 173.558960088094 169.097164535523 164.635368982951 160.173573430379 155.836414718628 151.540801620484 147.245188522339 142.949575424195 138.65396232605 134.358349227906 130.062736129761 126.232484881084 123.798319180807 121.36415348053 118.929987780254 116.495822079977 114.0616563797 111.627490679424 109.193324979147 107.487160682679 106.023663520813 104.560166358948 103.096669197083 101.633172035218 100.169674873353 98.7061777114871 96.9719200134284 94.4253807067879 91.878841400147 89.3323020935065
190.410430484347 192.98926586575 195.568101247151 198.146936628553 200.725772009955 200.786233774821 200.007237667508 199.228241560194 198.449245452881 197.670249345567 196.891253238254 196.11225713094 194.416594992744 189.970934761895 185.525274531047 181.079614300199 176.63395406935 172.188293838501 167.742633607653 163.296973376804 158.723075230917 154.10643111335 149.489786995782 144.873142878215 140.256498760648 135.63985464308 131.023210525513 126.923221058316 124.37319554223 121.823170026144 119.273144510058 116.723118993972 114.173093477885 111.623067961799 109.073042445713 107.323377545675 105.840499517653 104.357621489631 102.874743461609 101.391865433587 99.9089874055655 98.4261093775434 96.6572571648498 94.0304823981399 91.4037076314295 88.7769328647196
189.512906307644 192.528589969211 195.544273630777 198.559957292344 201.575640953911 201.950048573812 201.44403084649 200.938013119167 200.431995391845 199.925977664523 199.419959937201 198.913942209879 197.427047687107 192.997522777981 188.567997868856 184.138472959731 179.708948050605 175.27942314148 170.849898232354 166.420373323229 161.609735743205 156.672060606215 151.734385469225 146.796710332235 141.859035195245 136.921360058255 131.983684921265 127.613957235549 124.948071903653 122.282186571757 119.616301239862 116.950415907966 114.284530576071 111.618645244175 108.95275991228 107.159594408671 105.657335514493 104.155076620314 102.652817726136 101.150558831957 99.6482999377785 98.1460410435998 96.3425943162713 93.635584089492 90.9285738627122 88.2215636359328
188.61538213094 192.067914072672 195.520446014404 198.972977956135 202.425509897867 203.113863372803 202.880824025472 202.647784678141 202.41474533081 202.18170598348 201.948666636149 201.715627288818 200.43750038147 196.024110794067 191.610721206665 187.197331619263 182.78394203186 178.370552444458 173.957162857056 169.543773269653 164.496396255494 159.237690099081 153.978983942668 148.720277786255 143.461571629843 138.20286547343 132.944159317017 128.304693412781 125.522948265076 122.741203117371 119.959457969666 117.177712821961 114.395967674256 111.614222526551 108.832477378846 106.995811271668 105.474171511333 103.952531750997 102.430891990662 100.909252230327 99.3876124699915 97.8659727096561 96.0279314676928 93.240685780844 90.4534400939947 87.6661944071459
187.717857954236 191.607238176134 195.49661839803 199.385998619926 203.275378841823 204.277678171793 204.317617204454 204.357556237115 204.397495269775 204.437434302436 204.477373335096 204.517312367757 203.447953075833 199.050698810154 194.653444544475 190.256190278796 185.858936013116 181.461681747437 177.064427481758 172.667173216078 167.383056767782 161.803319591947 156.223582416111 150.643845240276 145.064108064441 139.484370888605 133.904633712769 128.995429590014 126.097824626499 123.200219662985 120.30261469947 117.405009735956 114.507404772441 111.609799808927 108.712194845412 106.832028134664 105.291007508172 103.74998688168 102.208966255188 100.667945628696 99.1269250022045 97.5859043757124 95.7132686191142 92.845787472196 89.9783063252772 87.110825178359
186.469405110676 190.616339111328 194.763273111979 198.91020711263 203.057141113281 204.429095586141 204.87605688307 205.323018179999 205.769979476928 206.216940773858 206.663902070787 207.110863367716 206.330857594808 201.869950612386 197.409043629964 192.948136647543 188.48722966512 184.026322682699 179.565415700277 175.104508717855 169.577744865418 163.695695389643 157.813645913866 151.931596438091 146.049546962315 140.167497486539 134.285448010764 129.160803137886 126.308372073704 123.455941009522 120.60350994534 117.751078881158 114.898647816976 112.046216752795 109.193785688613 107.315970547994 105.763027381897 104.2100842158 102.657141049703 101.104197883606 99.5512547175092 97.998311551412 96.0859258439811 93.0952125125468 90.104499181112 87.1137858496778
184.87002360026 189.095216878255 193.32041015625 197.545603434244 201.770796712239 203.568115615845 204.55614306132 205.544170506795 206.53219795227 207.520225397745 208.508252843221 209.496280288696 209.086213938396 204.481866200765 199.877518463135 195.273170725505 190.668822987874 186.064475250245 181.460127512615 176.855779774984 171.080460548402 164.914817492168 158.749174435934 152.583531379701 146.417888323467 140.252245267233 134.086602211 128.800814056397 126.15459060669 123.508367156983 120.862143707276 118.215920257569 115.569696807862 112.923473358155 110.277249908448 108.447638511658 106.890231132507 105.332823753357 103.775416374207 102.218008995056 100.660601615906 99.1031942367554 97.1459031422938 93.9889609018969 90.8320186614994 87.6750764211025
183.270642089843 187.574094645182 191.87754720052 196.180999755859 200.484452311198 202.707135645548 204.236229239569 205.765322833591 207.294416427612 208.823510021633 210.352603615654 211.881697209676 211.841570281983 207.093781789144 202.345993296306 197.598204803468 192.850416310628 188.10262781779 183.354839324952 178.607050832113 172.583176231385 166.133939594694 159.684702958002 153.23546632131 146.786229684619 140.336993047927 133.887756411236 128.440824974908 126.000809139676 123.560793304444 121.120777469212 118.68076163398 116.240745798747 113.800729963515 111.360714128283 109.579306475322 108.017434883118 106.455563290914 104.89369169871 103.331820106507 101.769948514303 100.208076922099 98.2058804406066 94.882709291247 91.5595381418868 88.2363669925273
181.671260579426 186.052972412109 190.434684244791 194.816396077473 199.198107910156 201.846155675252 203.916315417819 205.986475160387 208.056634902954 210.126794645521 212.196954388088 214.267114130655 214.59692662557 209.705697377523 204.814468129476 199.92323888143 195.032009633382 190.140780385336 185.249551137289 180.358321889242 174.085891914369 167.35306169722 160.620231480069 153.88740126292 147.154571045771 140.421740828621 133.688910611472 128.08083589342 125.847027672662 123.613219451905 121.379411231147 119.14560301039 116.911794789632 114.677986568875 112.444178348118 110.710974438985 109.144638633728 107.578302828471 106.011967023214 104.445631217957 102.8792954127 101.312959607442 99.2658577389194 95.7764576805971 92.2870576222743 88.797657563952
180.07187906901 184.531850179036 188.991821289062 193.451792399088 197.911763509114 200.985175704956 203.596401596069 206.207627487182 208.818853378295 211.430079269408 214.041305160522 216.652531051635 217.352282969158 212.317612965902 207.282942962647 202.248272959392 197.213602956136 192.178932952881 187.144262949626 182.109592946371 175.588607597352 168.572183799745 161.555760002137 154.53933620453 147.522912406923 140.506488609315 133.490064811708 127.720846811931 125.693246205648 123.665645599366 121.638044993083 119.610444386801 117.582843780518 115.555243174235 113.527642567953 111.842642402649 110.271842384339 108.701042366028 107.130242347717 105.559442329407 103.988642311096 102.417842292786 100.325835037232 96.6702060699472 93.0145771026616 89.3589481353767
178.472497558593 183.010727945963 187.548958333333 192.087188720702 196.625419108073 200.12419573466 203.276487774318 206.428779813978 209.581071853637 212.733363893296 215.885655932956 219.037947972614 220.107639312745 214.929528554281 209.751417795817 204.573307037354 199.39519627889 194.217085520427 189.038974761964 183.8608640035 177.091323280335 169.791305902271 162.491288524204 155.19127114614 147.891253768075 140.591236390009 133.291219011944 127.360857730442 125.539464738634 123.718071746826 121.896678755019 120.075285763211 118.253892771403 116.432499779595 114.611106787788 112.974310366313 111.399046134949 109.823781903585 108.248517672221 106.673253440857 105.097989209493 103.522724978129 101.385812335545 97.5639544592972 93.742096583049 89.9202387068014
177.135043546888 181.795652304755 186.456261062621 191.116869820488 195.777478578355 199.563040033976 203.056919055514 206.550798077053 210.044677098592 213.53855612013 217.032435141669 220.526314163207 221.832046678332 216.573339674208 211.314632670085 206.055925665962 200.797218661839 195.538511657716 190.279804653593 185.021097649469 178.229761187237 170.927548238968 163.625335290698 156.323122342429 149.02090939416 141.71869644589 134.416483497621 128.516863102383 126.825020366245 125.133177630107 123.441334893968 121.74949215783 120.057649421692 118.365806685554 116.673963949416 115.047855186462 113.443657747904 111.839460309347 110.235262870789 108.631065432231 107.026867993673 105.422670555115 103.221694607205 99.23038313124 95.2390716552739 91.2477601793084
176.059517033894 180.886623255411 185.713729476928 190.540835698445 195.367941919962 199.301708602905 202.937695439656 206.573682276407 210.209669113159 213.84565594991 217.481642786661 221.117629623412 222.525505065919 217.249046325684 211.97258758545 206.696128845216 201.419670104981 196.143211364747 190.866752624513 185.590293884278 179.003921318055 171.980910809836 164.957900301616 157.934889793397 150.911879285178 143.888868776958 136.865858268739 131.188862927755 129.549913088481 127.910963249206 126.272013409932 124.633063570658 122.994113731384 121.35516389211 119.716214052836 118.063276863098 116.405677223205 114.748077583313 113.09047794342 111.432878303528 109.775278663635 108.117679023743 105.833481852214 101.669492085776 97.5055023193363 93.3415125528977
174.9839905209 179.977594206068 184.971197891235 189.964801576401 194.958405261569 199.040377171834 202.818471823797 206.596566475762 210.374661127726 214.152755779689 217.930850431654 221.708945083617 223.218963453506 217.92475297716 212.630542500815 207.336332024469 202.042121548123 196.747911071778 191.453700595433 186.159490119087 179.778081448874 173.034273380705 166.290465312534 159.546657244365 152.802849176196 146.059041108026 139.315233039857 133.860862753126 132.274805810716 130.688748868306 129.102691925896 127.516634983486 125.930578041076 124.344521098666 122.758464156257 121.078698539734 119.367696698506 117.656694857279 115.945693016052 114.234691174825 112.523689333598 110.81268749237 108.445269097223 104.108601040311 99.7719329833987 95.435264926487
173.908464007906 179.068565156724 184.228666305541 189.388767454358 194.548868603176 198.779045740763 202.699248207939 206.619450675116 210.539653142293 214.459855609469 218.380058076646 222.300260543823 223.912421841093 218.600459628635 213.288497416179 207.976535203723 202.664572991266 197.352610778809 192.040648566353 186.728686353896 180.552241579693 174.087635951573 167.623030323453 161.158424695334 154.693819067215 148.229213439094 141.764607810975 136.532862578498 134.999698532952 133.466534487406 131.933370441861 130.400206396315 128.867042350769 127.333878305223 125.800714259678 124.09412021637 122.329716173808 120.565312131246 118.800908088684 117.036504046122 115.272100003561 113.507695960999 111.057056342232 106.547709994847 102.038363647461 97.5290173000767
