data/working_set_collections/6091692-Cassins_Sparrow-MC/2005/bio16.asc
NCOLS 265 
NROWS 230 
XLLCORNER -115.5625 
YLLCORNER 24.8333333333333 
CELLSIZE 0.0833333333333333 
NODATA_value -9999 
[rows 40 to 59 of 230, columns 92 to 137 of 265]
136.068226877847 140.209124501545 144.350022125243 148.490919748941 152.631817372639 160.780310821531 170.264669545489 179.749028269449 189.233386993406 198.717745717364 208.202104441324 217.686463165282 224.986418406169 225.733163197835 226.479907989502 227.226652781169 227.973397572835 228.720142364502 229.466887156168 230.213631947835 223.735848999025 214.849890136721 205.963931274415 197.077972412111 188.192013549807 179.306054687501 170.420095825197 163.671583938599 163.335412979126 162.999242019654 162.663071060181 162.326900100708 161.990729141236 161.654558181763 161.318387222291 161.446438980103 161.729231643677 162.012024307251 162.294816970826 162.5776096344 162.860402297974 163.143194961548 163.64412765503 164.799480438233 165.954833221436 167.110186004639
140.13974702623 144.034012434217 147.928277842203 151.822543250189 155.716808658175 163.352195485431 172.234622785778 181.117050086126 189.999477386473 198.88190468682 207.764331987168 216.646759287515 223.559003957113 224.560700734456 225.5623975118 226.564094289144 227.565791066488 228.567487843831 229.569184621175 230.570881398519 223.968833414715 214.832203843861 205.695574273005 196.55894470215 187.422315131296 178.28568556044 169.149055989585 162.172489039104 161.676109949748 161.179730860393 160.683351771037 160.186972681682 159.690593592326 159.194214502971 158.697835413615 158.701268641154 158.871305974325 159.041343307496 159.211380640666 159.381417973837 159.551455307007 159.721492640178 160.119430965848 161.201072269016 162.282713572185 163.364354875353
144.298960028753 148.007421196831 151.715882364908 155.424343532985 159.132804701063 166.102264531452 174.158723915946 182.215183300441 190.271642684935 198.328102069429 206.384561453925 214.441020838419 220.735800086128 221.745538923476 222.755277760824 223.765016598172 224.77475543552 225.784494272868 226.794233110216 227.803971947565 221.305846277875 212.305099105838 203.304351933799 194.303604761761 185.302857589724 176.302110417685 167.301363245648 160.396776326498 159.780670166016 159.164564005534 158.548457845052 157.932351684571 157.316245524089 156.700139363607 156.084033203125 156.088080851237 156.298846435547 156.509612019857 156.720377604167 156.931143188477 157.141908772787 157.352674357096 157.791784795125 158.915929794311 160.040074793498 161.164219792684
148.545865885415 152.129350789387 155.712835693358 159.296320597329 162.879805501301 169.030517959593 176.036972935993 183.043427912393 190.049882888793 197.056337865192 204.062792841593 211.069247817993 216.516806793213 217.287677764893 218.058548736573 218.829419708253 219.600290679932 220.371161651612 221.142032623292 221.912903594972 215.746887588503 207.268575922651 198.790264256797 190.311952590945 181.833640925092 173.355329259238 164.877017593386 158.344445800782 157.64909362793 156.953741455079 156.258389282227 155.563037109376 154.867684936524 154.172332763672 153.476980590821 153.606875610352 154.011853027344 154.416830444336 154.821807861328 155.22678527832 155.631762695313 156.036740112305 156.661189142863 157.944053014119 159.226916885376 160.509780756632
152.792771742078 156.251280381943 159.709789021809 163.168297661674 166.62680630154 171.958771387735 177.91522195604 183.871672524345 189.82812309265 195.784573660955 201.741024229261 207.697474797566 212.297813500299 212.82981660631 213.361819712322 213.893822818333 214.425825924344 214.957829030355 215.489832136367 216.021835242378 210.187928899131 202.232052739464 194.276176579795 186.320300420127 178.36442426046 170.408548100791 162.452671941123 156.292115275066 155.517517089844 154.742918904623 153.968320719402 153.19372253418 152.419124348959 151.644526163738 150.869927978516 151.125670369466 151.724859619141 152.324048868815 152.92323811849 153.522427368164 154.121616617839 154.720805867513 155.5305934906 156.972176233927 158.413758977254 159.855341720581
157.03967759874 160.3732099745 163.706742350259 167.040274726019 170.373807101779 174.887024815876 179.793470976086 184.699917136298 189.606363296508 194.512809456718 199.41925561693 204.32570177714 208.078820207384 208.371955447727 208.66509068807 208.958225928413 209.251361168756 209.544496409099 209.837631649442 210.130766889785 204.628970209759 197.195529556277 189.762088902793 182.32864824931 174.895207595827 167.461766942343 160.028326288861 154.239784749349 153.385940551758 152.532096354167 151.678252156576 150.824407958985 149.970563761394 149.116719563803 148.262875366211 148.644465128581 149.437866210938 150.231267293294 151.024668375651 151.818069458008 152.611470540365 153.404871622721 154.399997838338 156.000299453735 157.600601069132 159.200902684529
161.286583455402 164.495139567056 167.70369567871 170.912251790363 174.120807902017 177.815278244017 181.671719996133 185.52816174825 189.384603500366 193.241045252481 197.097487004598 200.953928756714 203.85982691447 203.914094289145 203.968361663819 204.022629038494 204.076896413168 204.131163787843 204.185431162517 204.239698537192 199.070011520388 192.15900637309 185.248001225791 178.336996078493 171.425990931195 164.514985783896 157.603980636598 152.187454223633 151.254364013673 150.321273803711 149.388183593751 148.45509338379 147.522003173829 146.588912963868 145.655822753907 146.163259887696 147.150872802735 148.138485717774 149.126098632813 150.113711547852 151.101324462891 152.08893737793 153.269402186076 155.028422673543 156.787443161011 158.546463648478
165.533489312065 168.617069159613 171.70064900716 174.784228854708 177.867808702256 180.743531672159 183.54996901618 186.356406360202 189.162843704223 191.969281048244 194.775718392266 197.582155736287 199.640833621556 199.456233130562 199.271632639568 199.087032148574 198.90243165758 198.717831166586 198.533230675592 198.348630184598 193.511052831016 187.122483189903 180.733913548789 174.345343907676 167.956774266563 161.568204625449 155.179634984336 150.135123697917 149.122787475587 148.110451253256 147.098115030925 146.085778808594 145.073442586264 144.061106363933 143.048770141602 143.68205464681 144.863879394531 146.045704142253 147.227528889974 148.409353637695 149.591178385417 150.773003133138 152.138806533813 154.056545893351 155.974285252889 157.892024612426
168.745017496744 171.685997517903 174.626977539062 177.56795756022 180.50893758138 182.862982940673 185.021383412678 187.179783884684 189.338184356689 191.496584828694 193.6549853007 195.813385772705 197.324808247884 196.895296732585 196.465785217285 196.036273701986 195.606762186686 195.177250671387 194.747739156088 194.318227640788 189.919409179689 184.197488403322 178.475567626954 172.753646850587 167.03172607422 161.309805297852 155.587884521485 151.029556825426 149.962008370293 148.894459915161 147.826911460029 146.759363004896 145.691814549764 144.624266094631 143.556717639499 144.198380152384 145.409779654608 146.621179156833 147.832578659057 149.043978161281 150.255377663506 151.46677716573 152.853662872314 154.767007191975 156.680351511637 158.593695831298
170.921168009439 173.701924641926 176.482681274413 179.2634379069 182.044194539387 184.17363204956 186.085963185628 187.998294321696 189.910625457763 191.822956593831 193.735287729899 195.647618865966 196.911750793457 196.231285095215 195.550819396973 194.870353698731 194.189888000489 193.509422302246 192.828956604004 192.148490905762 188.295080566407 183.384022013348 178.472963460287 173.561904907227 168.650846354168 163.739787801107 158.828729248047 154.87075360616 153.772026697794 152.673299789428 151.574572881062 150.475845972697 149.377119064331 148.278392155965 147.179665247599 147.712236404418 148.788573582966 149.864910761514 150.941247940063 152.017585118611 153.093922297159 154.170259475707 155.413971201578 157.159806569416 158.905641937255 160.651477305094
173.097318522135 175.71785176595 178.338385009765 180.95891825358 183.579451497395 185.484281158447 187.150542958577 188.816804758707 190.483066558838 192.149328358968 193.815590159098 195.481851959228 196.49869333903 195.567273457845 194.63585357666 193.704433695476 192.773013814291 191.841593933106 190.910174051921 189.978754170736 186.670751953126 182.570555623373 178.47035929362 174.370162963868 170.269966634115 166.169770304362 162.06957397461 158.711950386895 157.582045025295 156.452139663696 155.322234302097 154.192328940497 153.062423578898 151.932518217298 150.802612855699 151.226092656453 152.167367511325 153.108642366197 154.049917221069 154.991192075941 155.932466930813 156.873741785685 157.974279530842 159.552605946858 161.130932362874 162.709258778889
175.27346903483 177.733778889973 180.194088745117 182.65439860026 185.114708455403 186.794930267334 188.215122731526 189.635315195719 191.055507659912 192.475700124104 193.895892588297 195.31608505249 196.085635884603 194.903261820475 193.720887756348 192.53851369222 191.356139628093 190.173765563965 188.991391499838 187.80901743571 185.046423339845 181.757089233399 178.467755126954 175.178421020508 171.889086914063 168.599752807617 165.310418701172 162.55314716763 161.392063352797 160.230979537964 159.069895723131 157.908811908298 156.747728093465 155.586644278632 154.425560463799 154.739948908487 155.546161439683 156.352373970879 157.158586502075 157.96479903327 158.771011564466 159.577224095662 160.534587860107 161.945405324299 163.356222788492 164.767040252685
177.449619547525 179.749706013997 182.049792480468 184.349878946939 186.649965413411 188.10557937622 189.279702504475 190.453825632731 191.627948760986 192.802071889241 193.976195017497 195.150318145752 195.672578430176 194.239250183106 192.805921936036 191.372593688965 189.939265441895 188.505937194825 187.072608947755 185.639280700684 183.422094726563 180.943622843425 178.465150960287 175.986679077149 173.508207194011 171.029735310872 168.551263427734 166.394343948364 165.202081680298 164.009819412231 162.817557144165 161.625294876098 160.433032608032 159.240770339965 158.048508071899 158.253805160522 158.924955368041 159.596105575561 160.26725578308 160.9384059906 161.609556198119 162.280706405639 163.094896189371 164.338204701741 165.581513214111 166.82482172648
179.625770060221 181.76563313802 183.90549621582 186.045359293619 188.185222371419 189.416228485107 190.344282277425 191.272336069743 192.20038986206 193.128443654378 194.056497446696 194.984551239014 195.259520975749 193.575238545736 191.890956115723 190.20667368571 188.522391255697 186.838108825684 185.153826395671 183.469543965658 181.797766113282 180.130156453451 178.46254679362 176.794937133789 175.127327473958 173.459717814127 171.792108154297 170.235540729099 169.012100007799 167.788659286499 166.565218565199 165.341777843899 164.118337122599 162.894896401299 161.671455679999 161.767661412556 162.3037492964 162.839837180243 163.375925064086 163.91201294793 164.448100831773 164.984188715616 165.655204518635 166.731004079182 167.806803639729 168.882603200276
180.959281667073 182.934204355875 184.909127044677 186.884049733479 188.858972422282 189.885684585571 190.59632657369 191.306968561808 192.017610549927 192.728252538045 193.438894526164 194.149536514282 194.264621225993 192.59303410848 190.921446990967 189.249859873454 187.578272755941 185.906685638428 184.235098520915 182.563511403402 181.28606821696 180.140006340875 178.99394446479 177.847882588704 176.701820712619 175.555758836534 174.409696960449 173.266714265611 172.132969114516 170.999223963419 169.865478812324 168.731733661228 167.597988510132 166.464243359036 165.33049820794 165.291462071736 165.617328940497 165.943195809258 166.269062678019 166.59492954678 166.920796415541 167.246663284301 167.699668545193 168.534088982476 169.368509419759 170.202929857042
181.450154368082 183.255419667562 185.060684967041 186.86595026652 188.671215565999 189.513947677612 190.03583539327 190.557723108927 191.079610824585 191.601498540243 192.1233862559 192.645273971558 192.687879180909 191.292636871338 189.897394561768 188.502152252198 187.106909942627 185.711667633057 184.316425323487 182.921183013916 181.887001037598 180.973172505697 180.059343973795 179.145515441894 178.231686909993 177.317858378092 176.404029846191 175.487864557902 174.564689000447 173.641513442993 172.718337885538 171.795162328084 170.871986770629 169.948811213175 169.025635655721 168.825207138061 168.865694300333 168.906181462605 168.946668624877 168.98715578715 169.027642949422 169.068130111694 169.228288269043 169.747459411621 170.266630554199 170.785801696777
181.941027069091 183.576634979248 185.212242889404 186.84785079956 188.483458709717 189.142210769653 189.47534421285 189.808477656047 190.141611099243 190.47474454244 190.807877985637 191.141011428833 191.111137135824 189.992239634196 188.873342132569 187.754444630941 186.635547129313 185.516649627686 184.397752126058 183.27885462443 182.487933858236 181.806338670519 181.124743482802 180.443148295085 179.761553107368 179.07995791965 178.398362731933 177.709014850192 176.99640888638 176.283802922566 175.571196958754 174.858590994941 174.145985031128 173.433379067315 172.720773103502 172.358952204386 172.114059660169 171.869167115953 171.624274571736 171.37938202752 171.134489483303 170.889596939087 170.756907992893 170.960829840766 171.164751688639 171.368673536512
182.4318997701 183.897850290934 185.363800811767 186.829751332601 188.295701853434 188.770473861694 188.91485303243 189.059232203166 189.203611373901 189.347990544637 189.492369715373 189.636748886109 189.534395090739 188.691842397054 187.849289703369 187.006737009685 186.164184315999 185.321631622315 184.47907892863 183.636526234945 183.088866678874 182.639504835341 182.190142991808 181.740781148275 181.291419304742 180.842057461209 180.392695617676 179.930165142483 179.428128772312 178.92609240214 178.424056031969 177.922019661797 177.419983291626 176.917946921454 176.415910551283 175.892697270711 175.362425020006 174.8321527693 174.301880518595 173.77160826789 173.241336017185 172.711063766479 172.285527716742 172.174200269911 172.062872823079 171.951545376248
182.92277247111 184.21906560262 185.515358734131 186.811651865641 188.107944997152 188.398736953735 188.35436185201 188.309986750285 188.26561164856 188.221236546835 188.176861445109 188.132486343384 187.957653045655 187.391445159912 186.82523727417 186.259029388428 185.692821502686 185.126613616944 184.560405731201 183.994197845459 183.689799499512 183.472671000163 183.255542500814 183.038414001465 182.821285502116 182.604157002767 182.387028503418 182.151315434773 181.859848658243 181.568381881713 181.276915105183 180.985448328654 180.693981552124 180.402514775594 180.111047999064 179.426442337036 178.610790379842 177.795138422648 176.979486465454 176.16383450826 175.348182551066 174.532530593872 173.814147440592 173.387570699056 172.960993957519 172.534417215983
183.413645172119 184.540280914306 185.666916656494 186.793552398681 187.920188140869 188.027000045776 187.79387067159 187.560741297404 187.327611923218 187.094482549032 186.861353174846 186.628223800659 186.38091100057 186.09104792277 185.801184844971 185.511321767171 185.221458689372 184.931595611572 184.641732533773 184.351869455973 184.29073232015 184.305837164985 184.32094200982 184.336046854655 184.35115169949 184.366256544325 184.38136138916 184.372465727064 184.291568544176 184.210671361287 184.129774178399 184.04887699551 183.967979812622 183.887082629733 183.806185446845 182.960187403361 181.859155739678 180.758124075995 179.657092412313 178.55606074863 177.455029084947 176.353997421265 175.342767164442 174.600941128201 173.85911509196 173.117289055718
