data/working_set_collections/6091692-Cassins_Sparrow-MC/2005/bio17.asc
NCOLS 265 
NROWS 230 
XLLCORNER -115.5625 
YLLCORNER 24.8333333333333 
CELLSIZE 0.0833333333333333 
NODATA_value -9999 
[rows 0 to 19 of 230, columns 92 to 137 of 265]
53.7906547652344 57.4254392517936 61.0602237383521 64.6950082249107 68.3297927114699 70.5256636619569 72.2418967670865 73.9581298722163 75.6743629773458 77.3905960824754 79.1068291876052 80.8230622927347 80.924226495956 76.1801839934462 71.4361414909371 66.6920989884281 61.9480564859183 57.2040139834093 52.4599714809003 47.7159289783905 44.875758902232 42.6702129681908 40.4646670341492 38.259121100108 36.0535751660668 33.8480292320252 31.642483297984 29.7805315812429 28.9493625164033 28.1181934515635 27.2870243867239 26.4558553218843 25.6246862570446 24.7935171922049 23.9623481273653 24.0176060040791 24.3683395279778 24.7190730518764 25.0698065757751 25.4205400996738 25.7712736235724 26.1220071474711 26.512572145462 27.0226315657297 27.5326909859975 28.0427504062652
52.5807899792983 55.5721307436623 58.5634715080258 61.5548122723893 64.5461530367533 66.7918744087219 68.7890559832253 70.7862375577291 72.7834191322326 74.780600706736 76.7777822812398 78.7749638557432 79.227460829418 75.0459040006007 70.8643471717842 66.6827903429677 62.5012335141504 58.3196766853339 54.1381198565173 49.9565630277001 47.1477173805239 44.7964421272281 42.445166873932 40.0938916206362 37.7426163673405 35.3913411140443 33.0400658607486 31.032191514969 30.0545198917391 29.076848268509 28.0991766452791 27.1215050220492 26.1438333988191 25.1661617755892 24.1884901523593 24.1281468391418 24.3735796292622 24.6190124193827 24.8644452095032 25.1098779996236 25.355310789744 25.6007435798645 25.8876836299896 26.2991454601287 26.7106072902679 27.1220691204071
51.3709251933624 53.7188222355313 56.0667192776997 58.4146163198682 60.7625133620371 63.0580851554872 65.3362151993645 67.6143452432422 69.8924752871196 72.1706053309969 74.4487353748746 76.7268654187519 77.5306951628802 73.9116240077554 70.2925528526313 66.6734816975072 63.0544105423825 59.4353393872584 55.8162682321342 52.1971970770095 49.4196758588156 46.9226712862653 44.4256667137146 41.9286621411643 39.431657568614 36.9346529960633 34.437648423513 32.2838514486949 31.1596772670747 30.0355030854544 28.9113289038342 27.787154722214 26.6629805405936 25.5388063589734 24.4146321773532 24.2386876742045 24.3788197305467 24.5189517868889 24.6590838432312 24.7992158995734 24.9393479559157 25.0794800122579 25.2627951145172 25.5756593545278 25.8885235945384 26.201387834549
50.1610604074264 51.8655137274001 53.5699670473735 55.2744203673468 56.9788736873205 59.3242959022522 61.8833744155034 64.4424529287551 67.0015314420063 69.5606099552576 72.1196884685092 74.6787669817604 75.8339294963422 72.77734401491 69.7207585334784 66.6641730520467 63.6075875706146 60.5510020891829 57.4944166077513 54.4378311263191 51.6916343371075 49.0489004453027 46.4061665534974 43.7634326616925 41.1206987698877 38.4779648780824 35.8352309862776 33.535511382421 32.2648346424105 30.9941579023998 29.7234811623893 28.4528044223788 27.1821276823681 25.9114509423576 24.6407742023471 24.3492285092672 24.3840598318312 24.4188911543952 24.4537224769592 24.4885537995233 24.5233851220873 24.5582164446513 24.6379065990448 24.8521732489268 25.0664398988089 25.2807065486909
48.9511956214903 50.0122052192688 51.0732148170472 52.1342244148255 53.195234012604 55.5905066490172 58.4305336316423 61.2705606142679 64.1105875968931 66.9506145795182 69.7906415621438 72.630668544769 74.1371638298042 71.6430640220646 69.1489642143254 66.6548644065863 64.1607645988467 61.6666647911075 59.1725649833683 56.6784651756288 53.9635928153994 51.1751296043401 48.3866663932802 45.5982031822208 42.8097399711614 40.0212767601015 37.2328135490421 34.7871713161471 33.3699920177463 31.9528127193453 30.5356334209445 29.1184541225437 27.7012748241427 26.2840955257419 24.8669162273411 24.4597693443298 24.3892999331157 24.3188305219015 24.2483611106873 24.1778916994731 24.1074222882589 24.0369528770447 24.0130180835724 24.1286871433258 24.2443562030793 24.3600252628327
47.7413308355544 48.1588967111378 48.5764625867211 48.9940284623044 49.4115943378877 51.8567173957825 54.9776928477815 58.098668299781 61.2196437517801 64.3406192037791 67.4615946557787 70.5825701077777 72.4403981632663 70.5087840292193 68.5771698951725 66.6455557611258 64.7139416270787 62.782327493032 60.8507133589852 58.9190992249382 56.2355512936912 53.3013587633772 50.3671662330628 47.4329737027489 44.4987811724349 41.5645886421205 38.6303961118065 36.038831249873 34.475149393082 32.9114675362906 31.3477856794995 29.7841038227085 28.2204219659171 26.6567401091261 25.093058252335 24.5703101793925 24.3945400344001 24.2187698894078 24.0429997444153 23.867229599423 23.6914594544306 23.5156893094382 23.3881295681001 23.4052010377249 23.4222725073498 23.4393439769746
47.0726234859891 46.9607538435195 46.8488842010499 46.7370145585804 46.6251449161108 49.0251812299089 52.2625195291302 55.499857828352 58.7371961275733 61.9745344267946 65.2118727260165 68.4492110252377 70.5629245652098 69.3057638274302 68.0486030896508 66.7914423518713 65.5342816140917 64.2771208763123 63.0199601385328 61.7627994007532 59.1350336392722 56.050399536557 52.9657654338413 49.8811313311261 46.7964972284109 43.7118631256952 40.62722902298 37.8626889122858 36.058430777656 34.2541726430258 32.449914508396 30.6456563737661 28.841398239136 27.0371401045061 25.2328819698763 24.6025277932485 24.3634749359555 24.1244220786625 23.8853692213695 23.6463163640765 23.4072635067835 23.1682106494904 22.9781310240428 22.9349710941315 22.8918111642202 22.8486512343089
46.9450735727947 46.4177766164145 45.8904796600344 45.3631827036542 44.835885747274 47.0958981513973 50.2850136756891 53.4741291999815 56.6632447242733 59.8523602485651 63.0414757728575 66.2305912971493 68.5047430356346 68.0340034166973 67.5632637977601 67.0925241788229 66.6217845598856 66.1510449409484 65.6803053220112 65.2095657030739 62.6620398521426 59.4222519238794 56.1824639956157 52.9426760673526 49.7028881390894 46.4631002108257 43.2233122825626 40.2587443033857 38.1198361714685 35.980928039551 33.8420199076338 31.7031117757167 29.5642036437991 27.425295511882 25.2863873799648 24.5564221858979 24.2961046377818 24.0357870896658 23.7754695415497 23.5151519934337 23.2548344453177 22.9945168972016 22.7830224514008 22.7179973125458 22.6529721736908 22.5879470348359
46.8175236596004 45.8747993893095 44.9320751190188 43.9893508487282 43.0466265784373 45.1666150728859 48.3075078222482 51.4484005716111 54.5892933209735 57.7301860703358 60.8710788196987 64.0119715690611 66.4465615060597 66.7622430059646 67.0779245058696 67.3936060057745 67.7092875056795 68.0249690055844 68.3406505054893 68.6563320053943 66.1890460650127 62.7941043112016 59.3991625573899 56.0042208035788 52.6092790497677 49.2143372959561 45.819395542145 42.6547996944854 40.1812415652809 37.707683436076 35.2341253068716 32.7605671776671 30.2870090484622 27.8134509192578 25.3398927900533 24.5103165785472 24.2287343396082 23.9471521006691 23.66556986173 23.383987622791 23.1024053838519 22.8208231449128 22.5879138787588 22.5010235309601 22.4141331831615 22.3272428353628
46.689973746406 45.3318221622045 43.9736705780033 42.615518993802 41.2573674096005 43.2373319943743 46.3300019688072 49.4226719432406 52.5153419176735 55.6080118921063 58.7006818665397 61.7933518409726 64.3883799764845 65.4904825952318 66.592585213979 67.6946878327261 68.7967904514734 69.8988930702205 71.0009956889677 72.103098307715 69.7160522778831 66.165956698524 62.6158611191644 59.0657655398054 55.5156699604463 51.9655743810867 48.4154788017276 45.0508550855852 42.2426469590934 39.4344388326012 36.6262307061094 33.8180225796176 31.0098144531254 28.2016063266336 25.3933982001418 24.4642109711966 24.1613640414345 23.8585171116724 23.5556701819103 23.2528232521482 22.9499763223861 22.647129392624 22.3928053061168 22.2840497493744 22.1752941926321 22.0665386358897
46.5624238332117 44.7888449350995 43.0152660369877 41.2416871388758 39.4681082407637 41.3080489158627 44.3524961153661 47.39694331487 50.4413905143734 53.4858377138768 56.5302849133808 59.5747321128842 62.3301984469093 64.218722184499 66.1072459220883 67.9957696596777 69.8842933972674 71.7728171348567 73.661340872446 75.5498646100357 73.2430584907535 69.5378090858465 65.8325596809389 62.1273102760319 58.4220608711249 54.7168114662172 51.0115620613102 47.4469104766851 44.304052352906 41.1611942291264 38.0183361053473 34.8754779815682 31.7326198577886 28.5897617340095 25.4469036102304 24.4181053638459 24.0939937432608 23.7698821226757 23.4457705020905 23.1216588815054 22.7975472609203 22.4734356403352 22.1976967334748 22.0670759677888 21.9364552021027 21.8058344364167
46.4348739200173 44.2458677079946 42.0568614959722 39.8678552839498 37.678849071927 39.3787658373512 42.3749902619252 45.3712146864996 48.3674391110736 51.3636635356475 54.359887960222 57.356112384796 60.2720169173344 62.9469617737663 65.6219066301978 68.2968514866293 70.9717963430612 73.6467411994927 76.3216860559242 78.9966309123561 76.7700647036236 72.9096614731687 69.049258242713 65.1888550122581 61.3284517818032 57.4680485513476 53.6076453208926 49.8429658677847 46.3654577467184 42.8879496256514 39.410441504585 35.9329333835186 32.4554252624517 28.9779171413853 25.5004090203189 24.3719997564952 24.0266234450871 23.681247133679 23.3358708222708 22.9904945108627 22.6451181994545 22.2997418880464 22.0025881608328 21.8501021862031 21.6976162115733 21.5451302369436
46.3671048694192 43.9644997702707 41.5618946711226 39.1592895719746 36.7566844728261 38.2846200942989 41.1227359559795 43.9608518176606 46.7989676793413 49.6370835410219 52.475199402703 55.3133152643837 58.29060183631 61.6854005389741 65.0801992416377 68.4749979443013 71.8697966469654 75.264595349629 78.6593940522926 82.0541927549567 80.1881288528445 76.5684440824724 72.9487593120998 69.3290745417277 65.7093897713557 62.089705000983 58.470020230611 54.8071910911136 51.0149288442402 47.2226665973662 43.4304043504928 39.6381421036194 35.8458798567454 32.053617609872 28.2613553629986 26.8406277656551 26.2104117181562 25.5801956706574 24.9499796231585 24.3197635756597 23.6895475281609 23.0593314806619 22.5281753487056 22.2941989633772 22.0602225780486 21.8262461927202
46.3591166814174 43.9447411219282 41.5303655624394 39.1159900029506 36.7016144434614 38.0256116867061 40.5957331975296 43.1658547083535 45.7359762191769 48.3060977300003 50.8762192408242 53.4463407516477 56.3859532038363 60.4340384801225 64.482123756408 68.5302090326936 72.5782943089798 76.6263795852653 80.6744648615508 84.722550137837 83.4972509384158 80.5141569137577 77.5310628890991 74.547968864441 71.5648748397829 68.5817808151243 65.5986867904662 62.3395861466728 58.2524656454728 54.165345144272 50.0782246430719 45.9911041418718 41.903983640671 37.8168631394709 33.7297426382708 31.8239893913267 30.6453585624694 29.4667277336121 28.2880969047546 27.1094660758972 25.9308352470399 24.7522044181824 23.7744582970937 23.3993662993113 23.0242743015289 22.6491823037466
46.3511284934155 43.9249824735856 41.4988364537561 39.0726904339266 36.6465444140967 37.7666032791134 40.0687304390797 42.3708575990463 44.6729847590126 46.9751119189789 49.2772390789455 51.5793662389118 54.4813045713629 59.1826764212711 63.8840482711785 68.5854201210859 73.2867919709941 77.9881638209015 82.6895356708089 87.3909075207171 86.8063730239868 84.4598697450426 82.113366466098 79.7668631871538 77.4203599082096 75.073856629265 72.7273533503208 69.8719812022314 65.4900024467047 61.1080236911771 56.7260449356503 52.3440661801236 47.962087424596 43.5801086690693 39.1981299135425 36.8073510169979 35.0803054067821 33.3532597965664 31.6262141863503 29.8991685761346 28.1721229659188 26.4450773557028 25.0207412454816 24.5045336352454 23.9883260250091 23.4721184147729
46.3431403054137 43.9052238252431 41.4673073450729 39.0293908649026 36.591474384732 37.5075948715207 39.5417276806297 41.5758604897392 43.6099932988482 45.6441261079573 47.6782589170667 49.7123917261758 52.5766559388892 57.9313143624195 63.2859727859489 68.6406312094782 73.9952896330085 79.3499480565378 84.7046064800672 90.0592649035974 90.115495109558 88.4055825763278 86.6956700430973 84.985757509867 83.2758449766368 81.5659324434063 79.8560199101761 77.4043762577906 72.7275392479372 68.0507022380829 63.3738652282294 58.6970282183759 54.0201912085216 49.3433541986681 44.6665171888147 41.7907126426695 39.5152522510953 37.239791859521 34.9643314679464 32.6888710763721 30.4134106847979 28.1379502932233 26.2670241938697 25.6097009711796 24.9523777484894 24.2950545257993
46.3351521174119 43.8854651769005 41.4357782363896 38.9860912958787 36.5364043553673 37.2485864639279 39.0147249221798 40.780863380432 42.5470018386839 44.3131402969357 46.0792787551879 47.8454172134398 50.6720073064156 56.679952303568 62.6878973007192 68.6958422978705 74.7037872950228 80.7117322921741 86.7196772893254 92.7276222864778 93.4246171951293 92.351295407613 91.2779736200966 90.2046518325803 89.131330045064 88.0580082575476 86.9846864700313 84.9367713133499 79.9650760491697 74.9933807849887 70.0216855208085 65.0499902566283 60.0782949924472 55.106599728267 50.1349044640868 46.7740742683411 43.9501990954084 41.1263239224757 38.3024487495424 35.4785735766097 32.654698403677 29.8308232307437 27.5133071422578 26.7148683071138 25.9164294719697 25.1179906368257
46.32716392941 43.865706528558 41.4042491277063 38.9427917268547 36.4813343260026 36.9895780563352 38.4877221637299 39.9858662711249 41.4840103785196 42.9821544859143 44.4802985933092 45.9784427007039 48.7673586739422 55.4285902447165 62.0898218154897 68.7510533862629 75.4122849570371 82.0735165278104 88.7347480985835 95.3959796693578 96.7337392807003 96.2970082388979 95.8602771970955 95.4235461552931 94.9868151134907 94.5500840716883 94.1133530298859 92.4691663689085 87.2026128504016 81.9360593318938 76.669505813387 71.4029522948801 66.1363987763723 60.8698452578654 55.6032917393586 51.7574358940123 48.3851459397211 45.01285598543 41.6405660311382 38.268276076847 34.8959861225558 31.5236961682641 28.7595900906457 27.8200356430479 26.8804811954499 25.940926747852
45.745216464997 43.433684253693 41.1221520423894 38.8106198310858 36.4990876197817 37.2295394261674 38.9739859051169 40.7184323840667 42.4628788630161 44.2073253419656 45.9517718209154 47.6962182998648 50.7141246477741 57.5524106025682 64.3906965573611 71.2289825121541 78.0672684669481 84.9055544217411 91.743840376534 98.5821263313281 100.057138506571 99.7443927552962 99.4316470040213 99.1189012527464 98.8061555014715 98.4934097501965 98.1806639989216 96.5964239438386 91.1977009773269 85.7989780108142 80.4002550443025 75.0015320777907 69.6028091112781 64.2040861447663 58.8053631782546 54.7669178167984 51.1818983236956 47.5968788305927 44.0118593374893 40.4268398443864 36.8418203512836 33.2568008581801 30.2991919888391 29.2238149907855 28.1484379927317 27.0730609946782
44.5893097241725 42.5893983523054 40.5894869804386 38.5895756085718 36.5896642367047 37.9684705734248 40.4735161463413 42.9785617192582 45.4836072921746 47.9886528650911 50.493698438008 52.9987440109244 56.5123052279135 63.0514133771248 69.5905215263351 76.1296296755454 82.6687378247567 89.207845973967 95.7469541231773 102.286062272389 103.394814872742 102.693448956807 101.992083040873 101.290717124939 100.589351209005 99.8879852930704 99.1866193771363 97.3185440381379 91.9503404299433 86.5821368217477 81.213933213553 75.8457296053583 70.4775259971627 65.109322388968 59.7411187807733 55.8025200366979 52.3404562473304 48.8783924579629 45.4163286685948 41.9542648792273 38.4922010898599 35.0301373004918 32.1321128368379 30.9262063503267 29.7202998638154 28.5143933773042
