data/working_set_collections/6091692-Cassins_Sparrow-MC/2005/bio12.asc
NCOLS 265 
NROWS 230 
XLLCORNER -115.5625 
YLLCORNER 24.8333333333333 
CELLSIZE 0.0833333333333333 
NODATA_value -9999 
[rows 200 to 219 of 230, columns 92 to 137 of 265]
751.43612467448 754.968273925782 758.500423177084 762.032572428385 765.564721679688 759.399207051597 750.00113779704 740.603068542482 731.204999287924 721.806930033368 712.408860778809 703.010791524252 690.606848483619 669.185284084745 647.763719685875 626.342155287004 604.92059088813 583.49902648926 562.07746209039 540.655897691515 523.301176452638 507.302069600425 491.30296274821 475.303855895997 459.304749043785 443.305642191569 427.306535339357 414.140906355116 409.475710974799 404.810515594482 400.145320214166 395.480124833849 390.814929453532 386.149734073215 381.484538692899 378.327331542968 375.672787136502 373.018242730035 370.363698323568 367.709153917101 365.054609510634 362.400065104167 359.0343143887 353.534944746231 348.03557510376 342.536205461291
743.099833170574 747.769571940105 752.439310709636 757.109049479167 761.778788248698 757.064214579266 749.221536763511 741.378858947755 733.536181132 725.693503316245 717.850825500488 710.008147684733 698.913134426544 678.061114841038 657.209095255535 636.357075670033 615.505056084527 594.653036499025 573.801016913522 552.948997328016 535.360621643067 518.860127258302 502.359632873535 485.85913848877 469.358644104006 452.858149719238 436.357655334474 422.718146175808 417.661592695448 412.605039215087 407.548485734727 402.491932254367 397.435378774007 392.378825293647 387.322271813287 383.835260009765 380.871428765191 377.907597520616 374.943766276041 371.979935031467 369.016103786892 366.052272542318 362.28541522556 356.109479692248 349.933544158936 343.757608625625
734.763541666667 740.570869954428 746.378198242188 752.185526529947 757.992854817708 754.729222106935 748.441935729982 742.154649353028 735.867362976075 729.580076599122 723.292790222168 717.005503845215 707.219420369469 686.936945597332 666.654470825197 646.371996053063 626.089521280925 605.807046508791 585.524571736656 565.242096964518 547.420066833497 530.41818491618 513.416302998861 496.414421081544 479.412539164227 462.410657246908 445.408775329591 431.2953859965 425.847474416097 420.399562835693 414.95165125529 409.503739674886 404.055828094482 398.607916514079 393.160004933676 389.343188476562 386.07007039388 382.796952311198 379.523834228515 376.250716145833 372.977598063151 369.704479980469 365.53651606242 358.684014638267 351.831513214112 344.979011789959
726.42725016276 733.37216796875 740.317085774739 747.262003580728 754.206921386718 752.394229634604 747.662334696453 742.930439758301 738.19854482015 733.466649881999 728.734754943847 724.002860005696 715.525706312395 695.812776353625 676.099846394859 656.386916436093 636.673986477323 616.961056518557 597.24812655979 577.53519660102 559.479512023927 541.976242574058 524.472973124187 506.969703674318 489.466434224449 471.963164774577 454.459895324709 439.872625817193 434.033356136746 428.194086456299 422.354816775852 416.515547095405 410.676277414958 404.837007734511 398.997738054064 394.851116943359 391.26871202257 387.68630710178 384.10390218099 380.5214972602 376.93909233941 373.35668741862 368.78761689928 361.258549584285 353.729482269288 346.200414954293
719.651370069715 727.882184007433 736.112997945149 744.343811882865 752.574625820583 752.164154052734 748.873253716363 745.582353379991 742.291453043619 739.000552707248 735.709652370875 732.418752034504 725.104041205514 705.717898898655 686.331756591798 666.945614284941 647.559471978082 628.173329671225 608.787187364368 589.401045057509 570.939489746095 552.786130099828 534.632770453559 516.479410807293 498.326051161027 480.172691514758 462.019331868491 446.854750654433 440.656504737007 434.45825881958 428.260012902154 422.061766984729 415.863521067302 409.665275149876 403.46702923245 399.049891408285 395.226456281874 391.403021155464 387.579586029053 383.756150902643 379.932715776232 376.109280649821 371.20675676134 363.066966586645 354.927176411948 346.787386237252
714.435901387531 724.100918070475 733.765934753417 743.430951436359 753.095968119302 754.038995361328 752.074692789713 750.110390218098 748.146087646484 746.181785074869 744.217482503254 742.253179931639 735.95442504883 716.652313232422 697.350201416017 678.048089599612 658.745977783203 639.443865966798 620.141754150393 600.839642333985 581.800000000001 562.847847493492 543.89569498698 524.943542480471 505.991389973961 487.039237467449 468.08708496094 452.24176050822 445.716920216879 439.192079925537 432.667239634197 426.142399342856 419.617559051514 413.092718760173 406.567878468833 401.939511871338 397.943303171794 393.94709447225 389.950885772705 385.954677073161 381.958468373617 377.962259674073 372.793935648602 364.109265645347 355.424595642091 346.739925638837
709.220432705348 720.319652133517 731.418871561685 742.518090989852 753.617310418022 755.913836669922 755.276131863064 754.638427056206 754.000722249348 753.36301744249 752.725312635633 752.087607828775 746.804808892147 727.58672756619 708.368646240236 689.150564914282 669.932483588325 650.714402262371 631.496320936418 612.278239610461 592.660510253908 572.909564887156 553.1586195204 533.407674153648 513.656728786896 493.90578342014 474.154838053388 457.628770362007 450.777335696751 443.925901031495 437.074466366239 430.223031700983 423.371597035727 416.520162370471 409.668727705215 404.829132334392 400.660150061714 396.491167789036 392.322185516358 388.15320324368 383.984220971002 379.815238698324 374.381114535863 365.15156470405 355.922014872235 346.692465040421
704.004964023164 716.53838619656 729.071808369953 741.605230543346 754.138652716741 757.788677978515 758.477570936414 759.166463894313 759.855356852212 760.544249810111 761.23314276801 761.922035725909 757.655192735462 738.521141899957 719.387091064454 700.253040228952 681.118989393446 661.984938557944 642.850887722441 623.716836886936 603.521020507814 582.971282280819 562.42154405382 541.871805826825 521.32206759983 500.772329372831 480.222591145836 463.015780215794 455.837751176623 448.659722137451 441.481693098281 434.30366405911 427.125635019939 419.947605980768 412.769576941598 407.718752797445 403.376996951633 399.035241105822 394.69348526001 390.351729414199 386.009973568387 381.668217722575 375.968293423125 366.193863762752 356.419434102378 346.645004442005
698.789495340981 712.757120259602 726.724745178221 740.69237009684 754.65999501546 759.663519287109 761.679010009765 763.694500732421 765.709991455077 767.725482177733 769.740972900389 771.756463623045 768.505576578778 749.455556233724 730.405535888673 711.355515543622 692.305495198568 673.255474853517 654.205454508466 635.155434163412 614.38153076172 593.032999674482 571.68446858724 550.335937500002 528.987406412764 507.638875325522 486.290344238284 468.402790069581 460.898166656495 453.393543243409 445.888919830323 438.384296417238 430.879673004151 423.375049591066 415.87042617798 410.608373260498 406.093843841553 401.579314422608 397.064785003662 392.550255584717 388.035726165772 383.521196746827 377.555472310386 367.236162821455 356.916853332521 346.59754384359
693.574026658797 708.975854322644 724.377681986489 739.779509650333 755.18133731418 761.538360595702 764.880449083115 768.222537570529 771.564626057941 774.906714545354 778.248803032767 781.59089152018 779.355960422095 760.389970567492 741.423980712892 722.457990858293 703.49200100369 684.52601114909 665.56002129449 646.594031439888 625.242041015627 603.094717068146 580.947393120661 558.80006917318 536.652745225698 514.505421278213 492.358097330732 473.789799923368 465.958582136368 458.127364349366 450.296146562365 442.464928775365 434.633710988363 426.802493201363 418.971275414363 413.497993723552 408.810690731473 404.123387739394 399.436084747315 394.748781755236 390.061478763157 385.374175771078 379.142651197648 368.278461880157 357.414272562665 346.550083245174
687.287921142576 703.9608988444 720.633876546222 737.306854248044 753.979831949869 761.712395731608 766.464821539984 771.217247348361 775.969673156737 780.722098965113 785.47452477349 790.226950581866 789.026932271324 769.969581604004 750.912230936688 731.854880269371 712.797529602051 693.740178934735 674.682828267418 655.625477600099 633.700834655764 610.82042761909 587.940020582413 565.059613545739 542.179206509065 519.298799472387 496.418392435713 477.258674197728 469.261022355823 461.263370513917 453.265718672012 445.268066830107 437.270414988201 429.272763146296 421.275111304391 415.679666900635 410.884958309598 406.090249718561 401.295541127523 396.500832536486 391.706123945449 386.911415354411 380.498149787057 369.229213290747 357.960276794435 346.691340298125
679.931178792315 697.712253824869 715.49332885742 733.274403889971 751.055478922525 760.185624694823 766.43212738037 772.678630065917 778.925132751463 785.17163543701 791.418138122557 797.664640808103 797.518492126468 778.194389343262 758.87028656006 739.546183776858 720.222080993653 700.897978210451 681.573875427249 662.249772644044 639.757911682132 616.210131327316 592.662350972495 569.114570617679 545.566790262863 522.019009908043 498.471229553226 478.809412892661 470.805487314862 462.801561737062 454.797636159263 446.793710581464 438.789785003663 430.785859425864 422.781933848065 417.153392791749 412.316646575929 407.479900360109 402.643154144288 397.806407928468 392.969661712648 388.132915496827 381.621968078616 370.088417053226 358.554866027834 347.021315002444
672.574436442054 691.463608805337 710.352781168617 729.241953531897 748.13112589518 758.658853658039 766.399433220756 774.140012783473 781.88059234619 789.621171908906 797.361751471624 805.10233103434 806.010051981611 786.41919708252 766.828342183433 747.237487284346 727.646632385255 708.055777486168 688.46492258708 668.87406768799 645.814988708499 621.599835035541 597.384681362578 573.169527689619 548.954374016661 524.739220343698 500.52406667074 480.360151587594 472.349952273901 464.339752960206 456.329553646513 448.31935433282 440.309155019125 432.298955705432 424.288756391739 418.627118682862 413.748334842259 408.869551001656 403.990767161052 399.111983320449 394.233199479846 389.354415639242 382.745786370174 370.947620815704 359.149455261232 347.351289706763
665.217694091793 685.214963785806 705.212233479815 725.209503173824 745.206772867837 757.132082621255 766.366739061142 775.60139550103 784.836051940916 794.070708380802 803.30536482069 812.540021260577 814.501611836755 794.644004821779 774.786397806806 754.928790791833 735.071183776857 715.213576761884 695.355969746911 675.498362731935 651.872065734867 626.989538743766 602.107011752661 577.22448476156 552.341957770459 527.459430779354 502.576903788253 481.910890282527 473.894417232939 465.877944183351 457.861471133764 449.844998084176 441.828525034588 433.812051985001 425.795578935413 420.100844573975 415.180023108589 410.259201643203 405.338380177816 400.41755871243 395.496737247044 390.575915781658 383.869604661732 371.806824578183 359.744044494631 347.681264411081
657.860951741533 678.966318766275 700.071685791013 721.177052815751 742.282419840493 755.605311584471 766.334044901527 777.062778218586 787.791511535642 798.520244852699 809.248978169757 819.977711486813 822.993171691898 802.868812561036 782.744453430178 762.62009429932 742.495735168458 722.3713760376 702.247016906742 682.12265777588 657.929142761234 632.37924245199 606.829342142743 581.2794418335 555.729541524257 530.179641215009 504.629740905766 483.461628977459 475.438882191978 467.416135406495 459.393388621014 451.370641835533 443.34789505005 435.325148264568 427.302401479087 421.574570465088 416.61171137492 411.648852284751 406.685993194581 401.723134104412 396.760275014243 391.797415924073 384.99342295329 372.666028340661 360.338633728029 348.0112391154
650.504209391273 672.717673746744 694.931138102211 717.144602457678 739.358066813149 754.078540547687 766.301350741913 778.524160936142 790.746971130368 802.969781324595 815.192591518823 827.41540171305 831.48473154704 811.093620300293 790.70250905355 770.311397806806 749.920286560059 729.529175313316 709.138064066572 688.746952819825 663.986219787601 637.768946160215 611.551672532825 585.33439890544 559.117125278054 532.899851650664 506.682578023279 485.012367672392 476.983347151017 468.95432662964 460.925306108264 452.896285586889 444.867265065512 436.838244544137 428.809224022761 423.048296356202 418.04339964125 413.038502926298 408.033606211345 403.028709496393 398.023812781441 393.018916066488 386.117241244849 373.525232103139 360.933222961428 348.341213819719
643.308158026797 666.022967868379 688.737777709958 711.452587551536 734.167397393119 749.831741841633 763.145931159123 776.460120476616 789.774309794106 803.088499111597 816.40268842909 829.71687774658 834.602408854172 814.201965332034 793.8015218099 773.401078287765 753.000634765627 732.600191243493 712.199747721359 691.799304199221 666.942807515467 640.600959777838 614.259112040205 587.917264302576 561.575416564947 535.233568827314 508.891721089685 487.156155819365 479.239437950984 471.322720082602 463.406002214221 455.489284345841 447.572566477459 439.655848609078 431.739130740697 425.970236968994 420.917284562853 415.864332156712 410.81137975057 405.758427344429 400.705474938288 395.652522532146 388.662118445505 375.859359317359 363.056600189211 350.253841061065
636.272797648108 658.882201131183 681.491604614255 704.101008097327 726.710411580402 742.864915466307 756.867786153155 770.870656840006 784.873527526854 798.876398213702 812.879268900552 826.8821395874 832.346203613286 812.193847656253 792.041491699222 771.889135742192 751.736779785159 731.584423828129 711.432067871098 691.279711914065 666.798905944829 640.875283304856 614.951660664879 589.028038024907 563.104415384934 537.180792744957 511.257170104984 489.892993418377 482.20715459188 474.521315765382 466.835476938885 459.149638112388 451.463799285889 443.777960459392 436.092121632895 430.340392303467 425.23336613973 420.126339975994 415.019313812256 409.912287648519 404.805261484783 399.698235321045 392.628054555259 379.66840998332 366.708765411379 353.749120839439
629.237437269419 651.741434393988 674.245431518553 696.749428643117 719.253425767686 735.898089090982 750.589641147188 765.281193203396 779.972745259601 794.664297315807 809.355849372015 824.047401428221 830.089998372401 810.185729980471 790.281461588545 770.37719319662 750.47292480469 730.568656412764 710.664388020838 690.760119628909 666.65500437419 641.149606831874 615.644209289554 590.138811747237 564.633414204921 539.1280166626 513.622619120284 492.629831017389 485.174871232776 477.719911448161 470.264951663548 462.809991878935 455.35503209432 447.900072309707 440.445112525093 434.710547637939 429.549447716607 424.388347795275 419.227247873942 414.06614795261 408.905048031278 403.743948109945 396.593990665014 383.477460649281 370.360930633546 357.244400617814
622.202076890729 644.600667656791 666.999258422849 689.397849188906 711.796439954968 728.931262715656 744.311496141219 759.691729566785 775.071962992348 790.452196417912 805.832429843477 821.212663269041 827.833793131515 808.17761230469 788.521431477868 768.865250651046 749.209069824221 729.552888997399 709.896708170577 690.240527343752 666.511102803552 641.423930358892 616.336757914228 591.249585469568 566.162413024908 541.075240580244 515.988068135583 495.366668616402 488.142587873672 480.918507130942 473.694426388212 466.470345645482 459.246264902751 452.022184160022 444.798103417292 439.080702972413 433.865529293485 428.650355614557 423.435181935629 418.220008256701 413.004834577773 407.789660898845 400.559926774769 387.286511315243 374.013095855715 360.739680396189
