data/working_set_collections/6091692-Cassins_Sparrow-MC/2005/bio10.asc
NCOLS 265 
NROWS 230 
XLLCORNER -115.5625 
YLLCORNER 24.8333333333333 
CELLSIZE 0.0833333333333333 
NODATA_value -9999 
[rows 80 to 99 of 230, columns 184 to 229 of 265]
26.8925541718801 26.9011069138845 26.9096596558889 26.900706466039 26.8859179655711 26.8711294651031 26.8563409646352 26.8415524641673 26.8267639636993 26.8119754632314 26.8033234437306 26.8130808671315 26.8228382905324 26.8325957139333 26.8423531373342 26.852110560735 26.8618679841359 26.8716254075368 26.8958326498667 26.9248564985063 26.9538803471459 26.9829041957855 27.0119280444251 27.0409518930647 27.0699757417043 27.089147371716 27.0787623458438 27.0683773199717 27.0579922940996 27.0476072682275 27.0372222423553 27.0268372164832 27.0164521906111 26.9585931460063 26.8849094284905 26.8112257109748 26.7375419934591 26.6638582759433 26.5901745584276 26.5164908409119 26.459640651279 26.4532910452949 26.4469414393107 26.4405918333265 26.4342422273424 26.4278926213582
27.0381283919016 27.0560600757599 27.0739917596181 27.0673437277476 27.0525024573008 27.037661186854 27.0228199164072 27.0079786459605 26.9931373755137 26.9782961050669 26.969426202774 26.9784704049428 26.9875146071116 26.9965588092804 27.0056030114492 27.0146472136179 27.0236914157867 27.0327356179555 27.0533576806386 27.0778390301598 27.102320379681 27.1268017292023 27.1512830787235 27.1757644282447 27.2002457777659 27.2151444805993 27.2012952433692 27.1874460061391 27.173596768909 27.1597475316789 27.1458982944488 27.1320490572188 27.1181998199887 27.0586092313131 26.983771525489 26.9089338196649 26.8340961138407 26.7592584080166 26.6844207021925 26.6095829963684 26.5521603690253 26.5469829771254 26.5418055852254 26.5366281933255 26.5314508014255 26.5262734095255
27.1837026119232 27.2110132376353 27.2383238633473 27.2339809894561 27.2190869490305 27.2041929086049 27.1892988681793 27.1744048277537 27.1595107873281 27.1446167469024 27.1355289618174 27.1438599427541 27.1521909236908 27.1605219046275 27.1688528855641 27.1771838665008 27.1855148474375 27.1938458283742 27.2108827114105 27.2308215618133 27.2507604122162 27.270699262619 27.2906381130218 27.3105769634247 27.3305158138275 27.3411415894826 27.3238281408946 27.3065146923065 27.2892012437184 27.2718877951304 27.2545743465423 27.2372608979543 27.2199474493662 27.1586253166199 27.0826336224874 27.0066419283549 26.9306502342224 26.8546585400899 26.7786668459574 26.702675151825 26.6446800867716 26.6406749089559 26.6366697311401 26.6326645533244 26.6286593755086 26.6246541976929
27.3292768319448 27.3659663995107 27.4026559670766 27.4006182511647 27.3856714407603 27.3707246303558 27.3557778199514 27.3408310095469 27.3258841991424 27.310937388738 27.3016317208608 27.3092494805654 27.31686724027 27.3244849999745 27.3321027596791 27.3397205193837 27.3473382790883 27.3549560387929 27.3684077421824 27.3838040934668 27.3992004447513 27.4145967960357 27.4299931473202 27.4453894986047 27.4607858498891 27.4671386983659 27.4463610384199 27.4255833784739 27.4048057185279 27.3840280585819 27.3632503986359 27.3424727386898 27.3216950787438 27.2586414019267 27.1814957194858 27.104350037045 27.0272043546041 26.9500586721632 26.8729129897224 26.7957673072815 26.737199804518 26.7343668407864 26.7315338770548 26.7287009133233 26.7258679495917 26.7230349858602
27.3760344346364 27.4162893030379 27.4565441714393 27.4587924321493 27.4483718236288 27.4379512151082 27.4275306065877 27.4171099980672 27.4066893895467 27.3962687810262 27.3909946759542 27.4011600812276 27.4113254865011 27.4214908917745 27.4316562970479 27.4418217023214 27.4519871075948 27.4621525128682 27.473336203893 27.4848593235016 27.4963824431101 27.5079055627187 27.5194286823273 27.5309518019358 27.5424749215444 27.5458928320143 27.5249951150682 27.5040973981222 27.4831996811761 27.46230196423 27.4414042472839 27.4205065303379 27.3996088133918 27.3391623973846 27.2655330816905 27.1919037659963 27.1182744503021 27.044645134608 26.9710158189138 26.8973865032196 26.8412542555067 26.8376132117377 26.8339721679687 26.8303311241998 26.8266900804308 26.8230490366618
27.3239754199982 27.3619819482168 27.3999884764353 27.4085035324097 27.4071880976359 27.4058726628622 27.4045572280884 27.4032417933146 27.4019263585409 27.4006109237671 27.4036178270976 27.4195917447408 27.435565662384 27.4515395800273 27.4675134976705 27.4834874153137 27.4994613329569 27.5154352506002 27.5256680965423 27.5339872519175 27.5423064072927 27.5506255626678 27.558944718043 27.5672638734182 27.5755830287933 27.5774039904277 27.5597303708394 27.5420567512512 27.524383131663 27.5067095120748 27.4890358924866 27.4713622728984 27.4536886533101 27.4001883029938 27.3347457091014 27.269303115209 27.2038605213165 27.1384179274241 27.0729753335317 27.0075327396393 26.9568434397379 26.9504140218099 26.9439846038818 26.9375551859538 26.9311257680257 26.9246963500976
27.2719164053599 27.3076745933957 27.3434327814314 27.3582146326701 27.3660043716431 27.373794110616 27.381583849589 27.389373588562 27.397163327535 27.404953066508 27.416240978241 27.438023408254 27.459805838267 27.48158826828 27.503370698293 27.5251531283061 27.5469355583191 27.5687179883321 27.5779999891917 27.5831151803334 27.5882303714752 27.593345562617 27.5984607537587 27.6035759449005 27.6086911360423 27.608915148841 27.5944656266107 27.5800161043803 27.5655665821499 27.5511170599196 27.5366675376892 27.5222180154588 27.5077684932285 27.4612142086029 27.4039583365123 27.3467024644216 27.2894465923309 27.2321907202403 27.1749348481496 27.117678976059 27.0724326239692 27.063214831882 27.0539970397949 27.0447792477078 27.0355614556206 27.0263436635335
27.2198573907216 27.2533672385746 27.2868770864275 27.3079257329305 27.3248206456502 27.34171555837 27.3586104710897 27.3755053838094 27.3924002965291 27.4092952092489 27.4288641293844 27.4564550717672 27.48404601415 27.5116369565328 27.5392278989156 27.5668188412984 27.5944097836812 27.622000726064 27.630331881841 27.6322431087494 27.6341543356577 27.6360655625661 27.6379767894745 27.6398880163828 27.6417992432912 27.6404263072544 27.6292008823819 27.6179754575094 27.6067500326369 27.5955246077643 27.5842991828918 27.5730737580193 27.5618483331468 27.522240114212 27.4731709639231 27.4241018136342 27.3750326633453 27.3259635130564 27.2768943627675 27.2278252124786 27.1880218082004 27.1760156419542 27.164009475708 27.1520033094618 27.1399971432156 27.1279909769694
27.1677983760834 27.1990598837535 27.2303213914235 27.2576368331909 27.2836369196574 27.3096370061239 27.3356370925903 27.3616371790568 27.3876372655233 27.4136373519897 27.4414872805277 27.4748867352803 27.5082861900329 27.5416856447855 27.5750850995382 27.6084845542908 27.6418840090434 27.675283463796 27.6826637744903 27.6813710371653 27.6800782998403 27.6787855625153 27.6774928251902 27.6762000878652 27.6749073505402 27.6719374656677 27.6639361381531 27.6559348106384 27.6479334831238 27.6399321556091 27.6319308280945 27.6239295005798 27.6159281730652 27.5832660198212 27.542383591334 27.5015011628469 27.4606187343597 27.4197363058726 27.3788538773855 27.3379714488983 27.3036109924316 27.2888164520264 27.2740219116211 27.2592273712158 27.2444328308105 27.2296382904053
27.1157393614451 27.1447525289324 27.1737656964196 27.2073479334513 27.2424531936645 27.2775584538778 27.312663714091 27.3477689743042 27.3828742345174 27.4179794947306 27.4541104316711 27.4933183987935 27.5325263659159 27.5717343330383 27.6109423001607 27.6501502672831 27.6893582344055 27.7285662015279 27.7349956671397 27.7304989655813 27.7260022640228 27.7215055624644 27.717008860906 27.7125121593475 27.7080154577891 27.7034486240811 27.6986713939243 27.6938941637675 27.6891169336107 27.6843397034539 27.6795624732971 27.6747852431403 27.6700080129835 27.6442919254303 27.6115962187449 27.5789005120595 27.5462048053741 27.5135090986888 27.4808133920034 27.448117685318 27.4192001766629 27.4016172620985 27.3840343475342 27.3664514329698 27.3488685184055 27.3312856038411
27.0889937559764 27.1132838196225 27.1375738832686 27.1710564295451 27.2076031366984 27.2441498438517 27.280696551005 27.3172432581584 27.3537899653117 27.390336672465 27.4278466648526 27.4682465129428 27.5086463610331 27.5490462091234 27.5894460572137 27.629845905304 27.6702457533942 27.7106456014845 27.7202062606812 27.7194871902466 27.718768119812 27.7180490493774 27.7173299789429 27.7166109085083 27.7158918380737 27.7146330886417 27.7117553022173 27.7088775157928 27.7059997293684 27.703121942944 27.7002441565196 27.6973663700951 27.6944885836707 27.6738201459249 27.6472214910719 27.620622836219 27.594024181366 27.567425526513 27.54082687166 27.514228216807 27.489600886239 27.4708875285255 27.452174170812 27.4334608130985 27.414747455385 27.3960340976715
27.0875615596771 27.1046537558238 27.1217459519704 27.1487623214722 27.1790867487589 27.2094111760457 27.2397356033325 27.2700600306193 27.3003844579061 27.3307088851929 27.362695980072 27.3996710777283 27.4366461753845 27.4736212730408 27.510596370697 27.5475714683533 27.5845465660095 27.6215216636658 27.6382955551148 27.6483357111613 27.6583758672079 27.6684160232544 27.6784561793009 27.6884963353475 27.698536491394 27.7054908593496 27.703187863032 27.7008848667145 27.6985818703969 27.6962788740794 27.6939758777618 27.6916728814443 27.6893698851267 27.6718506813049 27.649259408315 27.6266681353251 27.6040768623352 27.5814855893453 27.5588943163554 27.5363030433655 27.5148131211599 27.4966272513072 27.4784413814545 27.4602555116018 27.4420696417491 27.4238837718964
27.0861293633779 27.0960236920251 27.1059180206723 27.1264682133993 27.1505703608195 27.1746725082397 27.19877465566 27.2228768030802 27.2469789505005 27.2710810979207 27.2975452952915 27.3310956425137 27.3646459897359 27.3981963369581 27.4317466841804 27.4652970314026 27.4988473786248 27.532397725847 27.5563848495483 27.577184232076 27.5979836146037 27.6187829971313 27.639582379659 27.6603817621867 27.6811811447144 27.6963486300574 27.6946204238468 27.6928922176361 27.6911640114254 27.6894358052148 27.6877075990041 27.6859793927934 27.6842511865828 27.669881216685 27.6512973255581 27.6327134344313 27.6141295433044 27.5955456521776 27.5769617610508 27.5583778699239 27.5400253560808 27.5223669740889 27.504708592097 27.487050210105 27.4693918281131 27.4517334461212
27.0846971670787 27.0873936282264 27.0900900893741 27.1041741053263 27.12205397288 27.1399338404338 27.1578137079875 27.1756935755412 27.1935734430949 27.2114533106486 27.2323946105109 27.2625202072991 27.2926458040873 27.3227714008755 27.3528969976637 27.3830225944519 27.4131481912401 27.4432737880283 27.4744741439819 27.5060327529907 27.5375913619995 27.5691499710083 27.6007085800171 27.6322671890259 27.6638257980347 27.6872064007653 27.6860529846615 27.6848995685577 27.683746152454 27.6825927363502 27.6814393202464 27.6802859041426 27.6791324880388 27.667911752065 27.6533352428012 27.6387587335375 27.6241822242737 27.6096057150099 27.5950292057461 27.5804526964823 27.5652375910017 27.5481066968706 27.5309758027395 27.5138449086083 27.4967140144772 27.4795831203461
27.0832649707794 27.0787635644277 27.074262158076 27.0818799972534 27.0935375849406 27.1051951726278 27.1168527603149 27.1285103480021 27.1401679356893 27.1518255233765 27.1672439257304 27.1939447720846 27.2206456184387 27.2473464647929 27.2740473111471 27.3007481575012 27.3274490038554 27.3541498502096 27.3925634384155 27.4348812739054 27.4771991093953 27.5195169448853 27.5618347803752 27.6041526158651 27.646470451355 27.6780641714732 27.6774855454763 27.6769069194794 27.6763282934825 27.6757496674856 27.6751710414886 27.6745924154917 27.6740137894948 27.6659422874451 27.6553731600444 27.6448040326436 27.6342349052429 27.6236657778422 27.6130966504415 27.6025275230408 27.5904498259226 27.5738464196523 27.557243013382 27.5406396071116 27.5240362008413 27.5074327945709
27.0818327744802 27.070133500629 27.0584342267778 27.0595858891805 27.0650211970011 27.0704565048218 27.0758918126424 27.0813271204631 27.0867624282837 27.0921977361043 27.1020932409498 27.12536933687 27.1486454327901 27.1719215287103 27.1951976246304 27.2184737205505 27.2417498164707 27.2650259123908 27.3106527328491 27.3637297948201 27.4168068567912 27.4698839187622 27.5229609807332 27.5760380427043 27.6291151046753 27.6689219421811 27.668918106291 27.668914270401 27.668910434511 27.6689065986209 27.6689027627309 27.6688989268409 27.6688950909509 27.6639728228251 27.6574110772875 27.6508493317498 27.6442875862122 27.6377258406745 27.6311640951369 27.6246023495992 27.6156620608436 27.599586142434 27.5835102240245 27.5674343056149 27.5513583872053 27.5352824687958
27.0773962497711 27.0660266081492 27.0546569665273 27.0549051602681 27.0590259657966 27.063146771325 27.0672675768534 27.0713883823819 27.0755091879103 27.0796299934387 27.0874143123627 27.1061891714732 27.1249640305837 27.1437388896942 27.1625137488047 27.1812886079152 27.2000634670257 27.2188383261363 27.2648844559987 27.3200210094452 27.3751575628916 27.4302941163381 27.4854306697845 27.540567223231 27.5957037766774 27.6375261253781 27.6394058598412 27.6412855943044 27.6431653287676 27.6450450632307 27.6469247976939 27.6488045321571 27.6506842666202 27.6487847010295 27.6456253687541 27.6424660364787 27.6393067042033 27.6361473719279 27.6329880396525 27.6298287073771 27.6238486395942 27.6094063652886 27.5949640909831 27.5805218166775 27.566079542372 27.5516372680664
27.0699553966522 27.0664428869883 27.0629303773244 27.0678378105164 27.0755518913269 27.0832659721374 27.090980052948 27.0986941337585 27.1064082145691 27.1141222953796 27.1232071399689 27.1364042758942 27.1496014118195 27.1627985477447 27.17599568367 27.1891928195953 27.2023899555206 27.2155870914459 27.2552586078644 27.3037549177806 27.3522512276967 27.4007475376129 27.4492438475291 27.4977401574453 27.5462364673614 27.5838767210643 27.5889488061269 27.5940208911896 27.5990929762522 27.6041650613149 27.6092371463776 27.6143092314402 27.6193813165029 27.6203779220581 27.6200160344442 27.6196541468302 27.6192922592163 27.6189303716024 27.6185684839884 27.6182065963745 27.6150095621745 27.6033070882162 27.5916046142578 27.5799021402995 27.5681996663412 27.5564971923828
27.0625145435333 27.0668591658274 27.0712037881215 27.0807704607646 27.0920778168572 27.1033851729499 27.1146925290426 27.1259998851352 27.1373072412279 27.1486145973205 27.1589999675751 27.1666193803151 27.1742387930552 27.1818582057953 27.1894776185354 27.1970970312754 27.2047164440155 27.2123358567556 27.24563275973 27.2874888261159 27.3293448925018 27.3712009588877 27.4130570252736 27.4549130916595 27.4967691580455 27.5302273167504 27.5384917524126 27.5467561880748 27.5550206237369 27.5632850593991 27.5715494950612 27.5798139307234 27.5880783663856 27.5919711430868 27.5944067001343 27.5968422571818 27.5992778142293 27.6017133712769 27.6041489283244 27.6065844853719 27.6061704847548 27.5972078111437 27.5882451375326 27.5792824639214 27.5703197903103 27.5613571166992
27.0550736904144 27.0672754446665 27.0794771989187 27.0937031110128 27.1086037423876 27.1235043737623 27.1384050051371 27.1533056365119 27.1682062678867 27.1831068992615 27.1947927951813 27.1968344847361 27.198876174291 27.2009178638458 27.2029595534007 27.2050012429555 27.2070429325104 27.2090846220652 27.2360069115957 27.2712227344513 27.3064385573069 27.3416543801626 27.3768702030182 27.4120860258738 27.4473018487295 27.4765779124366 27.4880346986983 27.4994914849599 27.5109482712216 27.5224050574833 27.5338618437449 27.5453186300066 27.5567754162682 27.5635643641154 27.5687973658244 27.5740303675334 27.5792633692424 27.5844963709513 27.5897293726603 27.5949623743693 27.5973314073351 27.5911085340712 27.5848856608073 27.5786627875434 27.5724399142795 27.5662170410156
