data/working_set_collections/6091692-Cassins_Sparrow-MC/2005/bio11.asc
NCOLS 265 
NROWS 230 
XLLCORNER -115.5625 
YLLCORNER 24.8333333333333 
CELLSIZE 0.0833333333333333 
NODATA_value -9999 
[rows 160 to 179 of 230, columns 46 to 91 of 265]
14.434669137001 14.3116701046626 14.1886710723241 14.0656720399856 13.9426730076472 13.8196739753087 13.5605413675308 13.2560309012731 12.9515204350153 12.6470099687576 12.3424995024999 12.0379890362421 11.7334785699844 11.4706884543101 11.3330593903859 11.1954303264618 11.0578012625376 10.9201721986134 10.7825431346893 10.6449140707652 10.507285006841 10.4668893098831 10.4589047352472 10.4509201606114 10.4429355859756 10.4349510113398 10.426966436704 10.4189818620681 10.3622656822205 10.159354686737 9.95644369125367 9.75353269577028 9.55062170028686 9.34771070480348 9.1447997093201 8.94188871383668 8.85589938163757 8.80888393719991 8.76186849276225 8.71485304832459 8.66783760388693 8.62082215944926 8.57380671501161 8.56889780362444 8.69030849138894 8.81171917915342
14.5819681247075 14.4787094513575 14.3754507780075 14.2721921046575 14.1689334313075 14.0656747579574 13.818877418836 13.5242338577907 13.2295902967453 12.9349467357 12.6403031746547 12.3456596136093 12.051016052564 11.7962448596954 11.6610907713572 11.525936683019 11.3907825946808 11.2556285063425 11.1204744180043 10.9853203296661 10.8501662413279 10.7985093832016 10.7746849351459 10.7508604870902 10.7270360390345 10.7032115909788 10.6793871429231 10.6555626948674 10.5817604806688 10.3580249680413 10.1342894554138 9.91055394278635 9.68681843015883 9.46308291753135 9.23934740490387 9.01561189227635 8.91596271197001 8.85767564243741 8.7993885729048 8.7411015033722 8.6828144338396 8.62452736430699 8.56624029477438 8.55736666255524 8.69673334227666 8.83610002199806
14.6372008403143 14.5476146565544 14.4580284727944 14.3684422890345 14.2788561052746 14.1892699215147 13.9633827050527 13.6920618110233 13.4207409169939 13.1494200229645 12.8780991289351 12.6067782349057 12.3354573408763 12.098159371482 11.9629301759931 11.8277009805043 11.6924717850155 11.5572425895267 11.4220133940379 11.286784198549 11.1515550030602 11.0970856507619 11.0695362461937 11.0419868416256 11.0144374370574 10.9868880324893 10.9593386279212 10.931789223353 10.8485352595647 10.5981676181157 10.3477999766668 10.0974323352178 9.84706469376881 9.59669705231986 9.3463294108709 9.0959617694219 8.9735666235288 8.89382897615434 8.81409132877987 8.7343536814054 8.65461603403095 8.57487838665647 8.49514073928201 8.4745895160569 8.63159756528008 8.78860561450322
14.6003672838211 14.518385720253 14.4364041566849 14.3544225931168 14.2724410295487 14.1904594659805 13.9940572261811 13.7595147609711 13.5249722957611 13.2904298305512 13.0558873653412 12.8213449001312 12.5868024349213 12.3764319896698 12.2385776042938 12.1007232189178 11.9628688335419 11.8250144481659 11.6871600627899 11.5493056774139 11.4114512920379 11.362618112564 11.3434586683909 11.3242992242177 11.3051397800445 11.2859803358713 11.2668208916982 11.247661447525 11.1625900189082 10.8797826369603 10.5969752550125 10.3141678730647 10.0313604911168 9.74855310916903 9.46574572722121 9.18293834527335 9.02871111631394 8.9173439383507 8.80597676038743 8.69460958242419 8.58324240446094 8.47187522649768 8.36050804853443 8.32056636412937 8.49490116039912 8.66923595666884
14.563533727328 14.4891567839517 14.4147798405753 14.340402897199 14.2660259538227 14.1916490104463 14.0247317473094 13.8269677109189 13.6292036745283 13.4314396381378 13.2336756017473 13.0359115653568 12.8381475289663 12.6547046078576 12.5142250325944 12.3737454573313 12.2332658820682 12.0927863068051 11.9523067315419 11.8118271562788 11.6713475810157 11.6281505743662 11.617381090588 11.6066116068098 11.5958421230316 11.5850726392534 11.5743031554751 11.5635336716969 11.4766447782517 11.1613976558049 10.8461505333583 10.5309034109116 10.2156562884649 9.9004091660182 9.58516204357153 9.2699149211248 9.08385560909909 8.94085890054706 8.797862191995 8.65486548344297 8.51186877489094 8.36887206633889 8.22587535778686 8.16654321220184 8.35820475551817 8.54986629883447
14.5267001708349 14.4599278476503 14.3931555244658 14.3263832012812 14.2596108780967 14.1928385549122 14.0554062684377 13.8944206608667 13.7334350532956 13.5724494457245 13.4114638381534 13.2504782305823 13.0894926230112 12.9329772260454 12.7898724608951 12.6467676957448 12.5036629305945 12.3605581654442 12.217453400294 12.0743486351437 11.9312438699934 11.8936830361684 11.8913035127851 11.8889239894019 11.8865444660186 11.8841649426354 11.8817854192521 11.8794058958689 11.7906995375951 11.4430126746495 11.095325811704 10.7476389487585 10.3999520858129 10.0522652228674 9.70457835992183 9.35689149697624 9.13900010188422 8.96437386274341 8.78974762360257 8.61512138446176 8.44049514532094 8.2658689061801 8.09124266703929 8.01252006027432 8.22150835063723 8.4304966410001
14.4898666143418 14.430698911349 14.3715312083562 14.3123635053635 14.2531958023707 14.194028099378 14.0860807895661 13.9618736108144 13.8376664320628 13.7134592533112 13.5892520745595 13.4650448958079 13.3408377170563 13.2112498442332 13.0655198891957 12.9197899341583 12.7740599791209 12.6283300240834 12.482600069046 12.3368701140086 12.1911401589711 12.1592154979705 12.1652259349822 12.171236371994 12.1772468090057 12.1832572460174 12.1892676830291 12.1952781200408 12.1047542969386 11.7246276934942 11.3445010900498 10.9643744866054 10.5842478831609 10.2041212797165 9.82399467627214 9.44386807282768 9.19414459466937 8.98788882493977 8.78163305521014 8.57537728548054 8.36912151575094 8.16286574602131 7.95660997629171 7.85849690834679 8.08481194575627 8.31112698316572
14.4530330578486 14.4014699750477 14.3499068922467 14.2983438094457 14.2467807266447 14.1952176438438 14.1167553106944 14.0293265607622 13.94189781083 13.8544690608978 13.7670403109656 13.6796115610334 13.5921828111013 13.489522462421 13.3411673174964 13.1928121725718 13.0444570276472 12.8961018827226 12.747746737798 12.5993915928735 12.4510364479489 12.4247479597727 12.4391483571794 12.4535487545861 12.4679491519928 12.4823495493994 12.4967499468061 12.5111503442128 12.4188090562821 12.0062427123388 11.5936763683955 11.1811100244523 10.768543680509 10.3559773365657 9.94341099262245 9.53084464867913 9.24928908745451 9.01140378713613 8.7735184868177 8.53563318649932 8.29774788618094 8.05986258586252 7.82197728554414 7.70447375641925 7.94811554087532 8.19175732533134
14.5952650705973 14.5483987596299 14.5015324486626 14.4546661376953 14.4077998267279 14.3609335157606 14.3018768231073 14.2387566698921 14.1756365166769 14.1125163634617 14.0493962102466 13.9862760570313 13.9231559038162 13.8376338667339 13.6849061780505 13.5321784893671 13.3794508006837 13.2267231120003 13.0739954233169 12.9212677346335 12.7685400459501 12.7431759357452 12.7602663516997 12.7773567676543 12.7944471836089 12.8115375995635 12.8286280155181 12.8457184314727 12.7503824128045 12.3177670902676 11.8851517677307 11.4525364451939 11.0199211226569 10.58730580012 10.1546904775832 9.72207515504624 9.40446686347325 9.12519424888825 8.8459216343032 8.5666490197182 8.2873764051332 8.00810379054814 7.72883117596314 7.57838284836872 7.8144073817465 8.05043191512425
14.9165626525878 14.871485265096 14.8264078776041 14.7813304901123 14.7362531026204 14.6911757151285 14.6414453268051 14.5901639382044 14.5388825496037 14.4876011610031 14.4363197724024 14.3850383838017 14.333756995201 14.2555840571721 14.0967364708582 13.9378888845443 13.7790412982305 13.6201937119166 13.4613461256027 13.3024985392888 13.1436509529749 13.114499425888 13.1285799185434 13.1426604111989 13.1567409038543 13.1708213965097 13.1849018891652 13.1989823818206 13.099474366506 12.6592008272807 12.2189272880554 11.7786537488302 11.3383802096049 10.8981066703797 10.4578331311544 10.0175595919291 9.65967792272569 9.32926021019622 8.99884249766669 8.66842478513722 8.33800707260774 8.00758936007821 7.67717164754874 7.48022418419517 7.6836874683698 7.8871507525444
15.2378602345784 15.194571770562 15.1512833065456 15.1079948425293 15.0647063785129 15.0214179144965 14.9810138305028 14.9415712065167 14.9021285825305 14.8626859585444 14.8232433345582 14.7838007105721 14.7443580865859 14.6735342476103 14.5085667636659 14.3435992797215 14.1786317957772 14.0136643118328 13.8486968278885 13.6837293439441 13.5187618599997 13.4858229160308 13.4968934853871 13.5079640547434 13.5190346240997 13.530105193456 13.5411757628122 13.5522463321685 13.4485663202074 13.0006345642938 12.5527028083802 12.1047710524666 11.6568392965529 11.2089075406393 10.7609757847257 10.313044028812 9.91488898197813 9.53332617150419 9.15176336103018 8.77020055055623 8.38863774008229 8.00707492960828 7.62551211913434 7.38206552002162 7.5529675549931 7.72386958996454
15.559157816569 15.517658276028 15.4761587354871 15.4346591949462 15.3931596544053 15.3516601138644 15.3205823342005 15.2929784748289 15.2653746154573 15.2377707560856 15.210166896714 15.1825630373424 15.1549591779708 15.0914844380484 14.9203970564736 14.7493096748987 14.5782222933239 14.407134911749 14.2360475301742 14.0649601485994 13.8938727670245 13.8571464061736 13.8652070522308 13.8732676982879 13.881328344345 13.8893889904021 13.8974496364593 13.9055102825164 13.7976582739089 13.3420683013068 12.8864783287048 12.4308883561029 11.9752983835008 11.5197084108989 11.0641184382969 10.6085284656948 10.1701000412305 9.73739213281213 9.30468422439365 8.87197631597524 8.43926840755683 8.00656049913835 7.57385259071994 7.28390685584809 7.42224764161641 7.5605884273847
15.8804553985595 15.8407447814941 15.8010341644287 15.7613235473632 15.7216129302978 15.6819023132324 15.6601508378982 15.6443857431411 15.628620648384 15.612855553627 15.5970904588699 15.5813253641128 15.5655602693557 15.5094346284866 15.3322273492813 15.155020070076 14.9778127908706 14.8006055116653 14.62339823246 14.4461909532547 14.2689836740493 14.2284698963165 14.2335206190744 14.2385713418324 14.2436220645904 14.2486727873484 14.2537235101063 14.2587742328643 14.1467502276103 13.6835020383199 13.2202538490296 12.7570056597392 12.2937574704488 11.8305092811585 11.3672610918681 10.9040129025777 10.425311100483 9.9414580941201 9.45760508775714 8.97375208139426 8.48989907503138 8.00604606866842 7.52219306230554 7.18574819167454 7.2915277282397 7.39730726480485
16.2017529805501 16.1638312869601 16.1259095933702 16.0879878997802 16.0500662061903 16.0121445126003 15.9997193415959 15.9957930114534 15.9918666813108 15.9879403511683 15.9840140210257 15.9800876908832 15.9761613607406 15.9273848189248 15.744057642089 15.5607304652532 15.3774032884174 15.1940761115816 15.0107489347458 14.82742175791 14.6440945810742 14.5997933864593 14.6018341859181 14.6038749853769 14.6059157848358 14.6079565842946 14.6099973837534 14.6120381832122 14.4958421813118 14.024935775333 13.5540293693543 13.0831229633756 12.6122165573968 12.1413101514181 11.6704037454394 11.1994973394606 10.6805221597354 10.1455240554281 9.61052595112063 9.07552784681328 8.54052974250593 8.00553163819849 7.47053353389114 7.087589527501 7.160807814863 7.234026102225
16.4198443730672 16.3891341103448 16.3584238476223 16.3277135848999 16.2970033221774 16.266293059455 16.2574240207672 16.2558353900909 16.2542467594146 16.2526581287384 16.2510694980621 16.2494808673858 16.2478922367096 16.2011186758677 16.018790324529 15.8364619731903 15.6541336218516 15.4718052705129 15.2894769191742 15.1071485678355 14.9248202164968 14.8741414149602 14.867345796691 14.8605501784218 14.8537545601527 14.8469589418835 14.8401633236143 14.8333677053451 14.7106647941802 14.2402400043276 13.7698152144751 13.2993904246225 12.8289656347699 12.3585408449174 11.8881160550648 11.4176912652122 10.8777590950331 10.3146577980784 9.75155650112368 9.18845520416903 8.62535390721438 8.06225261025963 7.49915131330497 7.08809972074294 7.13319724135927 7.17829476197559
16.5347295761108 16.5166532516479 16.498576927185 16.4805006027221 16.4624242782593 16.4443479537964 16.433264875412 16.4245128790537 16.4157608826955 16.4070088863373 16.398256889979 16.3895048936208 16.3807528972626 16.3306361993154 16.1564253966014 15.9822145938873 15.8080037911733 15.6337929884593 15.4595821857452 15.2853713830312 15.1111605803172 15.0515139818191 15.0300554513931 15.0085969209671 14.9871383905411 14.965679860115 14.944221329689 14.922762799263 14.7912180662156 14.3294147253037 13.8676113843918 13.40580804348 12.9440047025681 12.4822013616562 12.0203980207444 11.5585946798325 11.017021906376 10.4488593220712 9.88069673776631 9.31253415346153 8.74437156915675 8.17620898485188 7.6080464005471 7.18727877140043 7.20869600772856 7.23011324405669
16.6496147791544 16.6441723929511 16.6387300067478 16.6332876205444 16.6278452343411 16.6224028481377 16.6091057300567 16.5931903680165 16.5772750059763 16.5613596439361 16.5454442818959 16.5295289198557 16.5136135578155 16.4601537227631 16.2940604686737 16.1279672145844 15.961873960495 15.7957807064056 15.6296874523163 15.4635941982269 15.2975009441376 15.2288865486781 15.1927651060952 15.1566436635123 15.1205222209295 15.0844007783466 15.0482793357637 15.0121578931808 14.871771338251 14.4185894462798 13.9654075543086 13.5122256623375 13.0590437703663 12.6058618783951 12.152679986424 11.6994980944528 11.1562847177188 10.5830608460639 10.0098369744089 9.43661310275404 8.86338923109913 8.29016535944414 7.71694148778924 7.28645782205792 7.28419477409786 7.28193172613779
16.7644999821981 16.7716915342543 16.7788830863105 16.7860746383667 16.7932661904229 16.8004577424791 16.7849465847015 16.7618678569793 16.7387891292572 16.715710401535 16.6926316738128 16.6695529460907 16.6464742183685 16.5896712462107 16.431695540746 16.2737198352814 16.1157441298167 15.957768424352 15.7997927188873 15.6418170134226 15.483841307958 15.406259115537 15.3554747607973 15.3046904060575 15.2539060513178 15.2031216965781 15.1523373418384 15.1015529870987 14.9523246102864 14.5077641672559 14.0632037242254 13.618643281195 13.1740828381645 12.729522395134 12.2849619521036 11.8404015090731 11.2955475290617 10.7172623700567 10.1389772110516 9.56069205204653 8.9824068930415 8.40412173403638 7.82583657503136 7.38563687271541 7.35969354046714 7.33375020821889
16.8793851852417 16.8992106755574 16.9190361658732 16.9388616561889 16.9586871465047 16.9785126368204 16.9607874393463 16.9305453459422 16.900303252538 16.8700611591339 16.8398190657298 16.8095769723256 16.7793348789215 16.7191887696584 16.5693306128184 16.4194724559784 16.2696142991384 16.1197561422984 15.9698979854584 15.8200398286184 15.6701816717783 15.5836316823959 15.5181844154994 15.4527371486028 15.3872898817062 15.3218426148097 15.2563953479131 15.1909480810165 15.0328778823218 14.5969388882319 14.1609998941422 13.7250609000525 13.2891219059627 12.8531829118729 12.4172439177832 11.9813049236934 11.4348103404046 10.8514638940494 10.2681174476942 9.68477100133904 9.10142455498389 8.51807810862864 7.93473166227349 7.4848159233729 7.43519230683644 7.38556869029999
16.9942703882853 17.0267298168606 17.0591892454359 17.0916486740112 17.1241081025865 17.1565675311618 17.1366282939911 17.099222834905 17.0618173758189 17.0244119167328 16.9870064576467 16.9496009985606 16.9121955394745 16.8487062931061 16.7069656848907 16.5652250766754 16.4234844684601 16.2817438602447 16.1400032520294 15.9982626438141 15.8565220355987 15.7610042492548 15.6808940702014 15.600783891148 15.5206737120946 15.4405635330412 15.3604533539878 15.2803431749344 15.1134311543571 14.686113609208 14.258796064059 13.83147851891 13.4041609737608 12.9768434286118 12.5495258834628 12.1222083383137 11.5740731517475 10.9856654180422 10.3972576843368 9.80884995063154 9.22044221692627 8.63203448322089 8.04362674951562 7.58399497403039 7.51069107320573 7.43738717238109
