data/working_set_collections/6091692-Cassins_Sparrow-MC/2005/bio18.asc
NCOLS 265 
NROWS 230 
XLLCORNER -115.5625 
YLLCORNER 24.8333333333333 
CELLSIZE 0.0833333333333333 
NODATA_value -9999 
[rows 200 to 219 of 230, columns 184 to 229 of 265]
160.447438049316 162.953291998968 165.459145948621 171.74184099833 179.283483081392 186.825125164453 194.366767247516 201.908409330578 209.450051413639 216.991693496702 223.84471575419 228.631878534951 233.419041315713 238.206204096475 242.993366877236 247.780529657999 252.56769243876 257.354855219522 259.212376658122 260.093350982666 260.97432530721 261.855299631754 262.736273956299 263.617248280843 264.498222605387 265.633583492702 267.532104068331 269.430624643961 271.32914521959 273.227665795219 275.126186370848 277.024706946477 278.923227522106 284.153746541339 290.49493170844 -9999 -9999 -9999 -9999 -9999 -9999 -9999 -9999 -9999 -9999 -9999
163.281718444823 166.304144117566 169.326569790309 175.605072148639 182.968933402165 190.332794655691 197.696655909218 205.060517162745 212.424378416271 219.788239669798 226.42619743347 230.886444727578 235.346692021687 239.806939315795 244.267186609902 248.727433904011 253.187681198119 257.647928492227 259.47189763387 260.417107391357 261.362317148844 262.307526906331 263.252736663818 264.197946421305 265.143156178792 266.62756661309 269.729579077825 272.831591542561 275.933604007295 279.03561647203 282.137628936766 285.2396414015 288.341653866235 -9999 -9999 -9999 -9999 -9999 -9999 -9999 -9999 -9999 -9999 -9999 -9999 -9999
166.115998840331 169.654996236164 173.193993631997 179.468303298948 186.654383722939 193.840464146929 201.026544570921 208.212624994912 215.398705418902 222.584785842894 229.007679112751 233.141010920205 237.27434272766 241.407674535114 245.541006342569 249.674338150024 253.807669957478 257.941001764932 259.731418609619 260.740863800049 261.750308990478 262.759754180908 263.769199371338 264.778644561767 265.788089752197 267.621549733479 271.927054087319 276.232558441161 280.538062795001 284.843567148842 289.149071502684 293.454575856524 297.760080210365 -9999 -9999 -9999 -9999 -9999 -9999 -9999 -9999 -9999 -9999 -9999 -9999 -9999
168.950279235839 173.005848354762 177.061417473685 183.331534449258 190.339834043713 197.348133638168 204.356433232624 211.364732827079 218.373032421534 225.38133201599 231.589160792032 235.395577112832 239.201993433634 243.008409754434 246.814826075235 250.621242396036 254.427658716837 258.234075037637 259.990939585368 261.06462020874 262.138300832112 263.211981455485 264.285662078857 265.359342702229 266.433023325602 268.615532853867 274.124529096813 279.633525339761 285.142521582708 290.651517825654 296.160514068602 301.669510311548 307.178506554495 307.886144002278 306.993328518337 -9999 -9999 -9999 -9999 -9999 -9999 -9999 -9999 -9999 -9999 -9999
173.022971852619 177.476858774819 181.930745697019 188.047779464719 194.719195514253 201.390611563786 208.06202761332 214.733443662853 221.404859712386 228.076275761921 233.913861041598 237.249954011704 240.586046981811 243.922139951917 247.258232922023 250.59432589213 253.930418862236 257.266511832343 258.961452484131 260.109342363146 261.25723224216 262.405122121175 263.55301200019 264.700901879205 265.84879175822 268.038967471652 273.35600068834 278.673033905029 283.990067121718 289.307100338406 294.624133555095 299.941166771784 305.258199988472 305.648170725507 304.395787302655 -9999 -9999 -9999 -9999 -9999 -9999 -9999 -9999 -9999 -9999 -9999
178.334076690672 183.068027496336 187.801978302 193.617038345335 199.79246813456 205.967897923785 212.143327713011 218.318757502236 224.494187291461 230.669617080687 235.981779861449 238.70414161682 241.426503372192 244.148865127563 246.871226882934 249.593588638305 252.315950393676 255.038312149047 256.642957305908 257.875030263265 259.107103220622 260.339176177979 261.571249135335 262.803322092692 264.035395050049 265.891853586832 269.621468861897 273.351084136963 277.080699412028 280.810314687094 284.539929962159 288.269545237224 291.99916051229 293.261425018313 293.701239267987 -9999 -9999 -9999 -9999 -9999 -9999 -9999 -9999 -9999 -9999 -9999
183.645181528726 188.659196217853 193.67321090698 199.18629722595 204.865740754867 210.545184283784 216.224627812702 221.904071341619 227.583514870536 233.262958399453 238.049698681301 240.158329221937 242.266959762573 244.375590303209 246.484220843844 248.592851384481 250.701481925116 252.810112465752 254.324462127686 255.640718163384 256.956974199083 258.273230234782 259.589486270481 260.905742306179 262.221998341878 263.744739702013 265.886937035455 268.029134368897 270.171331702339 272.313529035781 274.455726369223 276.597923702665 278.740121036107 280.874679311118 283.006691233318 -9999 -9999 -9999 -9999 -9999 -9999 -9999 -9999 -9999 -9999 -9999
188.956286366779 194.250364939369 199.54444351196 204.755556106565 209.939013375174 215.122470643783 220.305927912392 225.489385181001 230.67284244961 235.85629971822 240.117617501152 241.612516827053 243.107416152954 244.602315478854 246.097214804755 247.592114130656 249.087013456557 250.581912782457 252.005966949463 253.406406063504 254.806845177545 256.207284291585 257.607723405626 259.008162519667 260.408601633708 261.597625817193 262.152405209012 262.707184600831 263.26196399265 263.816743384469 264.371522776288 264.926302168107 265.481081559925 -9999 -9999 -9999 -9999 -9999 -9999 -9999 -9999 -9999 -9999 -9999 -9999 -9999
194.267391204832 199.841533660886 205.415676116941 210.324814987181 215.012285995481 219.699757003782 224.387228012083 229.074699020384 233.762170028685 238.449641036986 242.185536321004 243.066704432169 243.947872543335 244.8290406545 245.710208765665 246.591376876831 247.472544987996 248.353713099162 249.68747177124 251.172093963623 252.656716156006 254.141338348389 255.625960540771 257.110582733154 258.595204925537 259.450511932374 258.417873382569 257.385234832765 256.35259628296 255.319957733156 254.287319183352 253.254680633547 252.222042083743 256.10118789673 261.617595163982 -9999 -9999 -9999 -9999 -9999 -9999 -9999 -9999 -9999 -9999 -9999
199.578496042886 205.432702382403 211.286908721921 215.894073867796 220.085558615789 224.277043363781 228.468528111774 232.660012859767 236.851497607759 241.042982355752 244.253455140855 244.520892037285 244.788328933716 245.055765830146 245.323202726576 245.590639623006 245.858076519436 246.125513415867 247.368976593018 248.937781863742 250.506587134467 252.075392405192 253.644197675917 255.213002946641 256.781808217367 257.303398047554 254.683341556126 252.063285064698 249.443228573271 246.823172081843 244.203115590415 241.583059098988 238.96300260756 243.714442189535 250.923047129313 258.131652069091 -9999 -9999 -9999 -9999 -9999 -9999 -9999 -9999 -9999 -9999
204.958301162718 210.984361648557 217.010422134397 221.326758321125 225.073186408147 228.81961449517 232.566042582193 236.312470669215 240.058898756237 243.80532684326 246.585914230346 246.468979517618 246.35204480489 246.235110092163 246.118175379435 246.001240666707 245.884305953979 245.767371241251 246.869294357299 248.377503416273 249.885712475246 251.39392153422 252.902130593193 254.410339652167 255.918548711141 256.23529862298 252.977671093412 249.720043563843 246.462416034275 243.204788504707 239.947160975139 236.689533445571 233.431905916003 238.69261741638 246.792775260075 254.892933103771 -9999 -9999 -9999 -9999 -9999 -9999 -9999 -9999 -9999 -9999
210.406806564329 216.496511459348 222.586216354367 226.622868347167 229.975169372557 233.327470397947 236.679771423339 240.032072448729 243.38437347412 246.736674499511 249.182913589477 248.910966873169 248.63902015686 248.367073440551 248.095126724243 247.823180007934 247.551233291626 247.279286575317 248.188425064086 249.491258621215 250.794092178344 252.096925735473 253.399759292602 254.702592849731 256.00542640686 256.246213658651 253.300861994426 250.355510330201 247.410158665975 244.46480700175 241.519455337525 238.5741036733 235.628752009074 241.035713577269 249.226779556272 -9999 -9999 -9999 -9999 -9999 -9999 -9999 -9999 -9999 -9999 -9999
215.855311965941 222.008661270139 228.162010574338 231.918978373208 234.877152336967 237.835326300726 240.793500264485 243.751674228243 246.709848192002 249.668022155761 251.779912948608 251.352954228719 250.92599550883 250.49903678894 250.072078069051 249.645119349162 249.218160629272 248.791201909383 249.507555770874 250.605013826158 251.702471881442 252.799929936727 253.897387992011 254.994846047295 256.09230410258 256.257128694323 253.624052895441 250.990977096558 248.357901297676 245.724825498793 243.091749699911 240.458673901028 237.825598102146 243.378809738157 251.660783852469 259.942757966781 268.224732081094 276.506706195405 -9999 -9999 -9999 -9999 -9999 -9999 -9999 -9999
221.303817367552 227.520811080931 233.737804794309 237.21508839925 239.779135301377 242.343182203504 244.907229105631 247.471276007757 250.035322909884 252.599369812011 254.376912307739 253.794941584269 253.212970860799 252.631000137329 252.049029413859 251.467058690389 250.885087966919 250.303117243449 250.826686477661 251.7187690311 252.61085158454 253.50293413798 254.39501669142 255.287099244859 256.179181798299 256.268043729995 253.947243796455 251.626443862915 249.305643929376 246.984843995837 244.664044062297 242.343244128757 240.022444195218 245.721905899046 254.094788148666 262.467670398286 270.840552647907 -9999 -9999 -9999 -9999 -9999 -9999 -9999 -9999 -9999
226.752322769163 233.032960891721 239.313599014279 242.511198425292 244.681118265786 246.851038106281 249.020957946776 251.190877787271 253.360797627766 255.530717468261 256.97391166687 256.236928939819 255.499946212768 254.762963485718 254.025980758667 253.288998031616 252.552015304565 251.815032577515 252.145817184448 252.832524236043 253.519231287638 254.205938339233 254.892645390828 255.579352442423 256.266059494018 256.278958765666 254.27043469747 252.261910629273 250.253386561076 248.24486249288 246.236338424683 244.227814356486 242.21929028829 248.065002059935 256.528792444863 264.99258282979 -9999 -9999 -9999 -9999 -9999 -9999 -9999 -9999 -9999 -9999
232.200828170774 238.545110702512 244.88939323425 247.807308451333 249.583101230196 251.358894009059 253.134686787922 254.910479566785 256.686272345648 258.462065124511 259.570911026001 258.678916295369 257.786921564738 256.894926834106 256.002932103475 255.110937372843 254.218942642212 253.32694791158 253.464947891235 253.946279440985 254.427610990736 254.908942540486 255.390274090237 255.871605639987 256.352937189738 256.289873801338 254.593625598484 252.89737739563 251.201129192776 249.504880989923 247.808632787069 246.112384584215 244.416136381361 250.408098220823 258.962796741059 267.517495261295 276.072193781533 284.626892301769 -9999 -9999 -9999 -9999 -9999 -9999 -9999 -9999
235.740996424356 242.234468883937 248.727941343517 251.458017603556 252.933628463745 254.409239323933 255.884850184122 257.360461044311 258.8360719045 260.311682764689 261.206440014309 260.358636432224 259.510832850138 258.663029268053 257.815225685967 256.967422103882 256.119618521796 255.271814939711 255.236161677042 255.471225187513 255.706288697984 255.941352208455 256.176415718926 256.411479229397 256.646542739868 256.498518668281 255.201231850518 253.903945032756 252.606658214993 251.30937139723 250.012084579468 248.714797761705 247.417510943943 253.402250544228 261.814332283865 270.226414023503 278.638495763141 287.050577502778 -9999 -9999 -9999 -9999 -9999 -9999 -9999 -9999
237.372827529906 244.101035435993 250.829243342079 253.463325881957 254.73269996643 256.002074050903 257.271448135376 258.540822219848 259.810196304321 261.079570388794 261.880498631795 261.276089350383 260.67168006897 260.067270787557 259.462861506144 258.858452224731 258.254042943318 257.649633661906 257.45945854187 257.407361475626 257.355264409383 257.303167343139 257.251070276896 257.198973210653 257.146876144409 256.904893366496 256.093253453573 255.281613540649 254.469973627726 253.658333714803 252.84669380188 252.035053888956 251.223413976033 257.047459030149 265.08339907328 273.119339116412 281.155279159544 289.191219202675 -9999 -9999 -9999 -9999 -9999 -9999 -9999 -9999
239.004658635456 245.967601988049 252.930545340642 255.468634160359 256.531771469116 257.594908777872 258.658046086629 259.721183395385 260.784320704142 261.847458012898 262.554557249281 262.193542268541 261.832527287801 261.471512307061 261.110497326321 260.749482345581 260.388467364841 260.027452384101 259.682755406697 259.343497763739 259.004240120782 258.664982477824 258.325724834866 257.986467191908 257.64720954895 257.311268064711 256.985275056627 256.659282048543 256.333289040459 256.007296032375 255.681303024291 255.355310016208 255.029317008124 260.69266751607 268.352465862696 276.012264209321 283.672062555947 291.331860902572 -9999 -9999 -9999 -9999 -9999 -9999 -9999 -9999
240.636489741006 247.834168540105 255.031847339204 257.473942438761 258.330842971801 259.187743504842 260.044644037882 260.901544570923 261.758445103963 262.615345637003 263.228615866767 263.1109951867 262.993374506632 262.875753826565 262.758133146498 262.64051246643 262.522891786363 262.405271106296 261.906052271525 261.279634051853 260.65321583218 260.026797612508 259.400379392836 258.773961173164 258.147542953491 257.717642762926 257.877296659681 258.036950556437 258.196604453193 258.356258349948 258.515912246704 258.675566143459 258.835220040215 264.337876001992 271.621532652111 278.90518930223 286.18884595235 -9999 -9999 -9999 -9999 -9999 -9999 -9999 -9999 -9999
