data/working_set_collections/6091692-Cassins_Sparrow-MC/2005/bio12.asc
NCOLS 265 
NROWS 230 
XLLCORNER -115.5625 
YLLCORNER 24.8333333333333 
CELLSIZE 0.0833333333333333 
NODATA_value -9999 
[rows 40 to 59 of 230, columns 0 to 45 of 265]
412.216967264813 409.376930236818 406.536893208823 403.696856180828 400.856819152834 398.016782124839 395.176745096844 376.224596405034 351.901743825283 327.578891245528 303.256038665776 278.933186086025 254.61033350627 230.287480926519 211.431841532391 208.977841695151 206.523841857911 204.069842020672 201.615842183432 199.161842346192 196.707842508953 194.253842671713 200.278302001952 209.128914388019 217.979526774088 226.830139160155 235.680751546222 244.531363932291 253.381976318358 265.742920430496 288.634859720863 311.526799011227 334.41873830159 357.310677591957 380.20261688232 403.094556172684 425.986495463051 445.056238555905 462.851916249589 480.647593943276 498.44327163696 516.238949330644 534.034627024331 551.830304718015 563.324358876548 555.913542429607
405.541679382325 402.945632425945 400.349585469565 397.753538513185 395.157491556805 392.561444600425 389.965397644044 371.072689565028 346.747761111796 322.422832658559 298.097904205327 273.772975752095 249.448047298859 225.123118845627 206.410040791831 204.532513936362 202.654987080893 200.777460225424 198.899933369955 197.022406514486 195.144879659018 193.267352803549 199.567111206053 208.592631361218 217.618151516384 226.643671671548 235.669191826712 244.694711981878 253.720232137043 266.18949873182 288.990004645451 311.790510559078 334.591016472705 357.391522386336 380.192028299964 402.992534213591 425.793040127222 444.751229095456 462.428645748558 480.106062401664 497.783479054766 515.460895707868 533.138312360974 550.815729014076 562.319495222305 555.302310095894
397.960180070666 395.568401845298 393.176623619929 390.78484539456 388.393067169191 386.001288943822 383.609510718453 365.741865666712 342.71559833951 319.689331012305 296.663063685103 273.636796357901 250.610529030696 227.584261703494 209.829922654893 207.89136844211 205.952814229329 204.014260016547 202.075705803764 200.137151590982 198.198597378201 196.260043165418 202.29257545471 210.982136578027 219.671697701347 228.361258824664 237.050819947982 245.740381071301 254.429942194619 266.521156989198 288.817332797578 311.113508605953 333.409684414329 355.705860222708 378.002036031084 400.29821183946 422.594387647839 441.230657958982 458.646959771047 476.063261583115 493.47956339518 510.895865207245 528.312167019313 545.728468831378 556.874087354875 549.207656012643
389.472469329836 387.245238494875 385.018007659914 382.790776824953 380.563545989992 378.336315155031 376.10908432007 360.232124710087 339.805255508428 319.378386306765 298.951517105106 278.524647903446 258.097778701783 237.670909500124 221.691487121581 219.054405212401 216.417323303221 213.780241394042 211.143159484862 208.506077575683 205.868995666503 203.231913757323 208.454694747922 216.297430038449 224.140165328978 231.982900619505 239.825635910032 247.66837120056 255.511106491087 266.737895202632 288.116844177244 309.495793151852 330.87474212646 352.253691101072 373.632640075681 395.011589050289 416.390538024901 434.494525146483 451.506858317055 468.51919148763 485.531524658202 502.543857828774 519.556190999348 536.56852416992 546.988135274255 537.629580179853
380.984758589004 378.922075144451 376.859391699899 374.796708255345 372.734024810792 370.67134136624 368.608657921686 354.722383753463 336.894912677346 319.067441601225 301.239970525109 283.412499448992 265.585028372872 247.757557296755 233.553051588269 230.217441982692 226.881832377115 223.546222771538 220.21061316596 216.875003560384 213.539393954807 210.203784349229 214.616814041136 221.612723498872 228.608632956609 235.604542414346 242.600451872082 249.596361329819 256.592270787556 266.954633416065 287.41635555691 307.878077697751 328.339799838592 348.801521979436 369.263244120277 389.724966261118 410.186688401963 427.758392333982 444.366756863061 460.975121392143 477.583485921222 494.191850450301 510.800214979383 527.408579508462 537.102183193635 526.051504347062
372.497047848173 370.598911794028 368.700775739883 366.802639685738 364.904503631593 363.006367577448 361.108231523303 349.212642796838 333.984569846263 318.756496895686 303.528423945111 288.300350994537 273.07227804396 257.844205093385 245.414616054958 241.380478752983 237.346341451009 233.312204149034 229.278066847059 225.243929545084 221.20979224311 217.175654941135 220.778933334349 226.928016959294 233.077100584241 239.226184209186 245.375267834132 251.524351459078 257.673435084024 267.171371629499 286.715866936576 306.260362243649 325.804857550723 345.3493528578 364.893848164873 384.438343471947 403.982838779024 421.022259521482 437.226655409068 453.431051296657 469.635447184243 485.839843071829 502.044238959417 518.248634847003 527.216231113014 514.473428514272
364.009337107342 362.275748443605 360.542159779868 358.808571116131 357.074982452394 355.341393788657 353.60780512492 343.702901840213 331.074227015181 318.445552190146 305.816877365114 293.188202540082 280.559527715047 267.930852890015 257.276180521646 252.543515523273 247.810850524901 243.078185526529 238.345520528157 233.612855529785 228.880190531413 224.14752553304 226.941052627562 232.243310419716 237.545568211872 242.847826004027 248.150083796182 253.452341588337 258.754599380492 267.388109842932 286.015378316241 304.642646789548 323.269915262854 341.897183736164 360.52445220947 379.151720682777 397.778989156086 414.286126708983 430.086553955076 445.886981201171 461.687408447264 477.487835693357 493.288262939453 509.088690185546 517.330279032394 502.895352681482
355.521626366511 353.952585093182 352.383543819853 350.814502546524 349.245461273195 347.676419999866 346.107378726537 338.193160883588 328.163884184098 318.134607484607 308.105330785117 298.076054085627 288.046777386136 278.017500686646 269.137744988335 263.706552293565 258.275359598795 252.844166904025 247.412974209255 241.981781514485 236.550588819716 231.119396124945 233.103171920775 237.558603880139 242.014035839504 246.469467798868 250.924899758232 255.380331717596 259.83576367696 267.604848056365 285.314889695907 303.024931335446 320.734972974986 338.445014614528 356.155056254067 373.865097893606 391.575139533148 407.549993896483 422.946452501083 438.342911105685 453.739369710285 469.135828314885 484.532286919487 499.928745524087 507.444326951774 491.317276848691
348.150449540881 347.147361501059 346.144273461237 345.141185421414 344.138097381592 343.13500934177 342.131921301948 335.630669148764 327.296695624459 318.962722100153 310.628748575847 302.294775051542 293.960801527236 285.62682800293 277.916544511584 272.077331119114 266.238117726644 260.398904334175 254.559690941705 248.720477549235 242.881264156766 237.042050764296 238.412595113117 242.186392042371 245.960188971625 249.733985900878 253.507782830131 257.281579759385 261.055376688639 268.072310977508 284.81865734524 301.565003712969 318.311350080699 335.057696448431 351.80404281616 368.550389183889 385.296735551621 400.74890899658 415.769691467283 430.790473937987 445.81125640869 460.832038879392 475.852821350097 490.873603820799 498.221823120122 482.552352905276
341.895806630454 341.860077667237 341.824348704021 341.788619740805 341.752890777588 341.717161814372 341.681432851156 336.015426635743 328.472661336265 320.929896036784 313.387130737305 305.844365437827 298.301600138346 290.758834838868 283.61257909139 277.655851999918 271.699124908447 265.742397816976 259.785670725504 253.828943634033 247.872216542562 241.91548945109 242.869322204589 246.126674906411 249.384027608235 252.641380310058 255.89873301188 259.156085713704 262.413438415527 268.79049860636 284.52668126424 300.262863922117 315.999046579994 331.735229237873 347.47141189575 363.207594553627 378.943777211506 393.882872009276 408.556270853676 423.229669698079 437.903068542479 452.57646738688 467.249866231282 481.923265075683 489.662767537439 476.60058085124
335.641163720026 336.572793833415 337.504423946805 338.436054060195 339.367684173584 340.299314286974 341.230944400363 336.400184122722 329.64862704807 322.897069973416 316.145512898764 309.393955824111 302.642398749458 295.890841674805 289.308613671197 283.234372880724 277.160132090251 271.085891299778 265.011650509304 258.937409718832 252.863168928359 246.788928137885 247.32604929606 250.066957770452 252.807866244845 255.548774719237 258.28968319363 261.030591668022 263.771500142415 269.508686235213 284.23470518324 298.960724131264 313.686743079288 328.412762027315 343.13878097534 357.864799923364 372.590818871391 387.016835021971 401.342850240069 415.66886545817 429.994880676268 444.320895894366 458.646911112467 472.972926330565 481.103711954756 470.648808797203
329.386520809598 331.285509999593 333.184499189589 335.083488379585 336.98247756958 338.881466759575 340.780455949571 336.784941609701 330.824592759875 324.864243910048 318.903895060222 312.943546210396 306.983197360569 301.022848510743 295.004648251004 288.812893761529 282.621139272055 276.42938478258 270.237630293104 264.04587580363 257.854121314156 251.66236682468 251.782776387532 254.007240634493 256.231704881456 258.456169128417 260.680633375379 262.905097622341 265.129561869303 270.226873864065 283.942729102239 297.658584340411 311.374439578583 325.090294816758 338.80615005493 352.522005293102 366.237860531276 380.150798034666 394.129429626463 408.108061218261 422.086692810057 436.065324401853 450.043955993652 464.022587585448 472.544656372073 464.697036743166
323.131877899171 325.998226165772 328.864574432373 331.730922698975 334.597270965576 337.463619232177 340.329967498779 337.16969909668 332.000558471681 326.83141784668 321.66227722168 316.49313659668 311.32399597168 306.15485534668 300.700682830811 294.391414642334 288.082146453858 281.772878265381 275.463610076904 269.154341888428 262.845073699952 256.535805511475 256.239503479003 257.947523498534 259.655543518066 261.363563537597 263.071583557128 264.77960357666 266.487623596191 270.945061492917 283.650753021239 296.356444549559 309.062136077878 321.7678276062 334.47351913452 347.17921066284 359.884902191162 373.284761047362 386.916009012856 400.547256978353 414.178504943847 427.809752909341 441.441000874837 455.072248840331 463.985600789391 458.745264689129
316.877234988743 320.71094233195 324.544649675157 328.378357018365 332.212064361572 336.045771704779 339.879479047987 337.55445658366 333.176524183486 328.798591783312 324.420659383138 320.042726982965 315.664794582791 311.286862182617 306.396717410618 299.969935523139 293.543153635661 287.116371748183 280.689589860704 274.262807973226 267.836026085748 261.409244198269 260.696230570474 261.887806362575 263.079382154676 264.270957946777 265.462533738877 266.654109530978 267.845685323079 271.663249121769 283.358776940238 295.054304758706 306.749832577173 318.445360395643 330.14088821411 341.836416032577 353.531943851047 366.418724060057 379.702588399249 392.986452738444 406.270317077636 419.554181416828 432.838045756022 446.121910095214 455.426545206708 452.793492635092
311.340589735243 315.744272867838 320.147956000434 324.55163913303 328.955322265625 333.35900539822 337.762688530816 336.006979370118 332.198139444988 328.389299519858 324.580459594727 320.771619669597 316.962779744467 313.153939819337 308.715758599177 302.389553493924 296.063348388673 289.737143283422 283.410938178169 277.084733072918 270.758527967666 264.432322862414 263.572188059489 264.534076690673 265.495965321858 266.457853953043 267.419742584228 268.381631215413 269.343519846598 272.849125077987 283.985880109997 295.122635142006 306.259390174015 317.396145206026 328.532900238035 339.669655270044 350.806410302055 363.120495351153 375.827023739282 388.533552127413 401.240080515542 413.94660890367 426.653137291801 439.35966567993 448.420871056452 446.54610739814
306.521942138672 311.098217773438 315.674493408203 320.250769042969 324.827044677734 329.4033203125 333.979595947266 332.527267456056 329.065404256186 325.603541056316 322.141677856446 318.679814656577 315.217951456706 311.756088256837 307.657806396486 301.650268554688 295.642730712892 289.635192871095 283.627655029298 277.620117187501 271.612579345704 265.605041503907 264.867375946045 265.886334482828 266.905293019612 267.924251556396 268.94321009318 269.962168629964 270.981127166748 274.502689361569 285.532062530516 296.561435699461 307.590808868405 318.620182037352 329.649555206297 340.678928375241 351.708301544188 363.390074920652 375.289315032956 387.188555145263 399.087795257567 410.987035369871 422.886275482177 434.785515594481 442.968578338625 440.003108978273
301.703294542101 306.452162679036 311.201030815972 315.949898952908 320.698767089843 325.447635226779 330.196503363715 329.047555541993 325.932669067384 322.817782592774 319.702896118165 316.588009643556 313.473123168946 310.358236694337 306.599854193795 300.910983615452 295.22211303711 289.533242458769 283.844371880426 278.155501302084 272.466630723742 266.7777601454 266.162563832601 267.238592274983 268.314620717366 269.390649159749 270.466677602132 271.542706044515 272.618734486897 276.156253645152 287.078244951035 298.000236256915 308.922227562796 319.844218868678 330.766210174559 341.688201480439 352.610192786321 363.659654490151 374.751606326631 385.843558163112 396.935509999592 408.027461836071 419.119413672552 430.211365509032 437.516285620797 433.460110558405
296.88464694553 301.806107584635 306.727568223741 311.649028862847 316.570489501953 321.491950141058 326.413410780165 325.567843627931 322.799933878582 320.032024129232 317.264114379884 314.496204630535 311.728294881185 308.960385131837 305.541901991104 300.171698676216 294.801495361329 289.431292046442 284.061088731554 278.690885416668 273.320682101781 267.950478786893 267.457751719157 268.590850067138 269.72394841512 270.857046763102 271.990145111084 273.123243459065 274.256341807047 277.809817928735 288.624427371554 299.43903681437 310.253646257186 321.068255700004 331.88286514282 342.697474585637 353.512084028455 363.92923405965 374.213897620305 384.498561180961 394.783224741616 405.067888302271 415.352551862928 425.637215423583 432.06399290297 426.917112138538
292.065999348959 297.160052490234 302.25410563151 307.348158772787 312.442211914062 317.536265055338 322.630318196615 322.088131713868 319.66719868978 317.246265665691 314.825332641602 312.404399617514 309.983466593425 307.562533569337 304.483949788413 299.43241373698 294.380877685548 289.329341634116 284.277805582683 279.226269531251 274.174733479819 269.123197428386 268.752939605712 269.943107859293 271.133276112874 272.323444366455 273.513612620035 274.703780873616 275.893949127197 279.463382212318 290.170609792072 300.877837371824 311.585064951576 322.29229253133 332.999520111082 343.706747690834 354.413975270588 364.198813629149 373.676188913979 383.153564198811 392.630939483641 402.108314768472 411.585690053304 421.063065338134 426.611700185142 420.37411371867
287.247351752387 292.513997395833 297.780643039279 303.047288682726 308.313934326172 313.580579969617 318.847225613064 318.608419799805 316.534463500977 314.460507202149 312.386550903321 310.312594604493 308.238638305664 306.164682006836 303.425997585722 298.693128797744 293.960260009766 289.227391221789 284.494522433811 279.761653645834 275.028784857857 270.295916069879 270.048127492269 271.295365651448 272.542603810628 273.789841969808 275.037080128987 276.284318288167 277.531556447347 281.116946495901 291.716792212591 302.316637929279 312.916483645966 323.516329362656 334.116175079344 344.716020796032 355.315866512721 364.468393198648 373.138480207653 381.80856721666 390.478654225666 399.148741234672 407.818828243679 416.488915252685 421.159407467315 413.831115298803
