data/working_set_collections/6091692-Cassins_Sparrow-MC/2005/bio11.asc
NCOLS 265 
NROWS 230 
XLLCORNER -115.5625 
YLLCORNER 24.8333333333333 
CELLSIZE 0.0833333333333333 
NODATA_value -9999 
[rows 60 to 79 of 230, columns 138 to 183 of 265]
0.892443189935501 0.975804549703956 1.0591659094724 1.14252726924084 1.17117612560588 1.18158748083642 1.19199883606697 1.20241019129751 1.21282154652805 1.2232329017586 1.23364425698914 1.24022402995161 1.23530905610984 1.23039408226807 1.22547910842629 1.22056413458452 1.21564916074275 1.21073418690098 1.2058192130592 1.20340779026348 1.20183088448312 1.20025397870275 1.19867707292238 1.19710016714201 1.19552326136165 1.19394635558128 1.19443236589431 1.20110712448755 1.20778188308079 1.21445664167403 1.22113140026728 1.22780615886052 1.23448091745376 1.241155676047 1.22361838618914 1.19801041351424 1.17240244083934 1.14679446816444 1.12118649548954 1.09557852281464 1.06997055013974 1.04899897211127 1.0419365780221 1.03487418393293 1.02781178984377 1.0207493957546
1.13163153703008 1.19972913339729 1.26782672976449 1.33592432613169 1.35618689656254 1.36050445834792 1.36482202013331 1.36913958191869 1.37345714370407 1.37777470548945 1.38209226727483 1.38271876871584 1.37227208912371 1.36182540953157 1.35137872993944 1.34093205034731 1.33048537075518 1.32003869116305 1.30959201157092 1.29973559975623 1.29007594386735 1.28041628797848 1.2707566320896 1.26109697620073 1.25143732031186 1.24177766442298 1.23687989314396 1.24626777569452 1.25565565824508 1.26504354079563 1.27443142334619 1.28381930589675 1.2932071884473 1.30259507099786 1.28570808768272 1.26006281574567 1.23441754380862 1.20877227187156 1.18312699993451 1.15748172799746 1.1318364560604 1.11124383310476 1.10580915709336 1.10037448108195 1.09493980507055 1.08950512905915
1.37081988412468 1.42365371709065 1.4764875500566 1.52932138302256 1.54119766751923 1.53942143585944 1.53764520419966 1.53586897253988 1.5340927408801 1.53231650922031 1.53054027756053 1.52521350748008 1.50923512213758 1.49325673679509 1.4772783514526 1.46129996611011 1.44532158076762 1.42934319542513 1.41336481008264 1.39606340924898 1.3783210032516 1.36057859725422 1.34283619125683 1.32509378525945 1.30735137926207 1.28960897326469 1.27932742039362 1.29142842690149 1.30352943340936 1.31563043991724 1.32773144642511 1.33983245293298 1.35193345944086 1.36403446594873 1.3477977891763 1.3221152179771 1.29643264677789 1.27075007557869 1.24506750437948 1.21938493318028 1.19370236198107 1.17348869409825 1.16968173616461 1.16587477823098 1.16206782029734 1.1582608623637
1.61000823121928 1.647578300784 1.68514837034871 1.72271843991343 1.72620843847591 1.71833841337096 1.71046838826602 1.70259836316107 1.69472833805612 1.68685831295118 1.67898828784623 1.66770824624431 1.64619815515146 1.62468806405861 1.60317797296576 1.58166788187291 1.56015779078006 1.53864769968721 1.51713760859436 1.49239121874173 1.46656606263584 1.44074090652995 1.41491575042406 1.38909059431818 1.36326543821229 1.3374402821064 1.32177494764327 1.33658907810846 1.35140320857365 1.36621733903884 1.38103146950403 1.39584559996922 1.41065973043441 1.4254738608996 1.40988749066988 1.38416762020853 1.35844774974717 1.33272787928581 1.30700800882445 1.2812881383631 1.25556826790174 1.23573355509175 1.23355431523587 1.23137507538 1.22919583552413 1.22701659566826
1.84919657831386 1.87150288447733 1.89380919064081 1.91611549680428 1.91121920943257 1.89725539088246 1.88329157233236 1.86932775378225 1.85536393523214 1.84140011668203 1.82743629813192 1.81020298500854 1.78316118816533 1.75611939132212 1.72907759447891 1.7020357976357 1.67499400079249 1.64795220394928 1.62091040710607 1.58871902823447 1.55481112202008 1.52090321580569 1.48699530959129 1.45308740337689 1.4191794971625 1.3852715909481 1.36422247489292 1.38174972931543 1.39927698373793 1.41680423816044 1.43433149258294 1.45185874700545 1.46938600142795 1.48691325585046 1.47197719216346 1.44622002243995 1.42046285271644 1.39470568299293 1.36894851326942 1.34319134354591 1.3174341738224 1.29797841608523 1.29742689430713 1.29687537252902 1.29632385075091 1.2957723289728
2.08838492540846 2.09542746817069 2.10247001093292 2.10951255369515 2.09622998038925 2.07617236839398 2.05611475639871 2.03605714440344 2.01599953240817 1.99594192041289 1.97588430841762 1.95269772377278 1.92012422117921 1.88755071858564 1.85497721599207 1.8224037133985 1.78983021080493 1.75725670821136 1.72468320561779 1.68504683772722 1.64305618140432 1.60106552508142 1.55907486875852 1.51708421243562 1.47509355611272 1.43310289978981 1.40667000214258 1.4269103805224 1.44715075890222 1.46739113728204 1.48763151566186 1.50787189404169 1.52811227242151 1.54835265080133 1.53406689365704 1.50827242467138 1.48247795568572 1.45668348670005 1.43088901771439 1.40509454872873 1.37930007974306 1.36022327707873 1.36129947337838 1.36237566967804 1.3634518659777 1.36452806227736
2.29636548293959 2.29684183001516 2.29731817709073 2.2977945241663 2.27918663422265 2.25421733193926 2.22924802965587 2.20427872737247 2.17930942508908 2.15434012280569 2.12937082052229 2.10131563742955 2.06400281190872 2.02668998638788 1.98937716086705 1.95206433534622 1.91475150982538 1.87743868430455 1.84012585878372 1.7966952373584 1.7512253506316 1.7057554639048 1.66028557717799 1.61481569045119 1.56934580372439 1.52387591699758 1.4945463074578 1.51363752947911 1.53272875150043 1.55181997352174 1.57091119554306 1.59000241756438 1.60909363958569 1.62818486160701 1.61279852092265 1.5859196593364 1.55904079775015 1.5321619361639 1.50528307457765 1.47840421299139 1.45152535140514 1.43171724213493 1.43312138981288 1.43452553749084 1.43592968516879 1.43733383284674
2.47313825090723 2.47574597001073 2.47835368911422 2.48096140821772 2.46008917093274 2.43139028151828 2.40269139210381 2.37399250268934 2.34529361327487 2.3165947238604 2.28789583444593 2.25605672597883 2.21479696035384 2.17353719472883 2.13227742910384 2.09101766347884 2.04975789785384 2.00849813222884 1.96723836660384 1.92366422712801 1.87931862970192 1.83497303227583 1.79062743484972 1.74628183742363 1.70193623999754 1.65759064257143 1.6278513908386 1.64193117618558 1.65601096153257 1.67009074687955 1.68417053222654 1.69825031757353 1.71233010292051 1.7264098882675 1.70817207396029 1.67916172643502 1.65015137890974 1.62114103138446 1.59213068385918 1.5631203363339 1.53410998880862 1.51246031125385 1.51289264361062 1.51332497596739 1.51375730832416 1.51418964068094
2.64991101887488 2.65465011000631 2.65938920113773 2.66412829226915 2.64099170764285 2.60856323109731 2.57613475455177 2.54370627800622 2.51127780146067 2.47884932491513 2.44642084836958 2.41079781452814 2.36559110879897 2.3203844030698 2.27517769734064 2.22997099161147 2.1847642858823 2.13955758015314 2.09435087442398 2.05063321689764 2.00741190877225 1.96419060064686 1.92096929252147 1.87774798439608 1.83452667627069 1.7913053681453 1.76115647421941 1.77022482289206 1.77929317156472 1.78836152023737 1.79742986891003 1.80649821758269 1.81556656625534 1.824634914928 1.80354562699794 1.77240379353364 1.74126196006933 1.71012012660503 1.67897829314072 1.64783645967642 1.61669462621211 1.59320338037278 1.59266389740837 1.59212441444396 1.59158493147955 1.59104544851514
2.82668378684254 2.83355425000189 2.84042471316123 2.84729517632058 2.82189424435296 2.78573618067634 2.74957811699972 2.7134200533231 2.67726198964648 2.64110392596986 2.60494586229323 2.56553890307744 2.51638525724411 2.46723161141077 2.41807796557744 2.36892431974411 2.31977067391077 2.27061702807744 2.22146338224411 2.17760220666726 2.13550518784258 2.0934081690179 2.05131115019321 2.00921413136853 1.96711711254384 1.92502009371916 1.89446155760022 1.89851846959854 1.90257538159687 1.90663229359519 1.91068920559352 1.91474611759184 1.91880302959017 1.9228599415885 1.89891918003559 1.86564586063226 1.83237254122893 1.7990992218256 1.76582590242227 1.73255258301894 1.6992792636156 1.6739464494917 1.67243515120611 1.67092385292052 1.66941255463493 1.66790125634934
3.00345655481017 3.01245838999745 3.02146022518473 3.030462060372 3.00279678106306 2.96290913025536 2.92302147944766 2.88313382863996 2.84324617783227 2.80335852702457 2.76347087621687 2.72027999162672 2.66717940568923 2.61407881975172 2.56097823381423 2.50787764787673 2.45477706193923 2.40167647600173 2.34857589006423 2.30457119643687 2.26359846691289 2.22262573738892 2.18165300786494 2.14068027834096 2.09970754881699 2.05873481929301 2.02776664098102 2.02681211630501 2.02585759162901 2.024903066953 2.023948542277 2.022994017601 2.02203949292499 2.02108496824899 1.99429273307322 1.95888792773087 1.92348312238852 1.88807831704616 1.8526735117038 1.81726870636145 1.78186390101909 1.75468951861062 1.75220640500385 1.74972329139708 1.74724017779031 1.74475706418354
3.18022932277783 3.19136252999303 3.20249573720823 3.21362894442343 3.18369931777316 3.14008207983439 3.09646484189562 3.05284760395684 3.00923036601807 2.9656131280793 2.92199589014052 2.87502108017603 2.81797355413436 2.76092602809269 2.70387850205103 2.64683097600937 2.58978344996769 2.53273592392603 2.47568839788437 2.43154018620649 2.39169174598322 2.35184330575995 2.31199486553668 2.27214642531341 2.23229798509014 2.19244954486687 2.16107172436183 2.15510576301149 2.14913980166116 2.14317384031082 2.13720787896049 2.13124191761015 2.12527595625982 2.11930999490949 2.08966628611087 2.05212999482949 2.01459370354811 1.97705741226673 1.93952112098534 1.90198482970397 1.86444853842258 1.83543258772955 1.8319776588016 1.82852272987365 1.8250678009457 1.82161287201774
3.255617471536 3.27356028159459 3.29150309165318 3.30944590171178 3.28026050726573 3.23536571131813 3.19047091537053 3.14557611942292 3.10068132347532 3.05578652752771 3.0108917315801 2.96384742193753 2.91035457121002 2.85686172048251 2.80336886975501 2.74987601902751 2.69638316829999 2.64289031757249 2.58939746684499 2.54849350055058 2.51178582906723 2.47507815758387 2.43837048610051 2.40166281461715 2.36495514313379 2.32824747165043 2.29812180532348 2.28774215446577 2.27736250360805 2.26698285275034 2.25660320189263 2.24622355103492 2.2358439001772 2.22546424931949 2.19350811243057 2.15435981353124 2.11521151463191 2.07606321573257 2.03691491683324 1.99776661793391 1.95861831903457 1.92822468280791 1.92409503459929 1.91996538639067 1.91583573818206 1.91170608997344
3.22962100108464 3.25905164480209 3.28848228851954 3.31791293223698 3.29248034954072 3.24876002470653 3.20503969987235 3.16131937503815 3.11759905020397 3.07387872536978 3.03015840053559 2.9867590169112 2.94432245691618 2.90188589692116 2.85944933692614 2.81701277693113 2.77457621693611 2.73213965694109 2.68970309694608 2.65543113946913 2.6238807161649 2.59233029286066 2.56077986955641 2.52922944625217 2.49767902294793 2.46612859964369 2.43891688386597 2.42472129066783 2.41052569746969 2.39633010427155 2.38213451107341 2.36793891787527 2.35374332467713 2.33954773147899 2.30581821203231 2.2655773838361 2.2253365556399 2.18509572744368 2.14485489924748 2.10461407105127 2.06437324285506 2.03306580384571 2.02855853239694 2.02405126094816 2.01954398949939 2.01503671805062
3.20362453063328 3.24454300800959 3.28546148538589 3.32637996276218 3.3047001918157 3.26215433809493 3.21960848437416 3.17706263065339 3.13451677693262 3.09197092321185 3.04942506949107 3.00967061188486 2.97829034262234 2.94691007335981 2.91552980409728 2.88414953483476 2.85276926557222 2.8213889963097 2.79000872704717 2.76236877838769 2.73597560326257 2.70958242813745 2.68318925301233 2.65679607788721 2.63040290276208 2.60400972763696 2.57971196240847 2.56170042686991 2.54368889133134 2.52567735579277 2.50766582025421 2.48965428471564 2.47164274917707 2.45363121363851 2.41812831163405 2.37679495414097 2.33546159664789 2.29412823915481 2.25279488166173 2.21146152416865 2.17012816667556 2.13790692488351 2.13302203019459 2.12813713550566 2.12325224081674 2.11836734612781
3.17762806018192 3.23003437121708 3.28244068225224 3.33484699328739 3.31692003409068 3.27554865148333 3.23417726887598 3.19280588626862 3.15143450366127 3.11006312105392 3.06869173844656 3.03258220685853 3.0122582283285 2.99193424979846 2.97161027126842 2.95128629273838 2.93096231420834 2.91063833567831 2.89031435714827 2.86930641730626 2.84807049036025 2.82683456341425 2.80559863646824 2.78436270952224 2.76312678257623 2.74189085563023 2.72050704095098 2.69867956307198 2.67685208519299 2.65502460731399 2.633197129435 2.611369651556 2.58954217367701 2.56771469579802 2.5304384112358 2.48801252444585 2.44558663765589 2.40316075086593 2.36073486407598 2.31830897728602 2.27588309049606 2.24274804592131 2.23748552799224 2.23222301006316 2.22696049213408 2.22169797420501
3.15163158973057 3.21552573442458 3.27941987911859 3.34331402381259 3.32913987636567 3.28894296487173 3.2487460533778 3.20854914188385 3.16835223038992 3.12815531889598 3.08795840740204 3.0554938018322 3.04622611403465 3.0369584262371 3.02769073843955 3.018423050642 3.00915536284446 2.99988767504691 2.99061998724936 2.97624405622481 2.96016537745792 2.94408669869104 2.92800801992415 2.91192934115726 2.89585066239037 2.87977198362348 2.86130211949347 2.83565869927405 2.81001527905462 2.7843718588352 2.75872843861579 2.73308501839636 2.70744159817694 2.68179817795752 2.64274851083754 2.59923009475071 2.55571167866388 2.51219326257705 2.46867484649022 2.42515643040339 2.38163801431655 2.34758916695911 2.34194902578988 2.33630888462065 2.33066874345142 2.32502860228219
3.12563511927921 3.20101709763208 3.27639907598494 3.3517810543378 3.34135971864065 3.30233727826013 3.26331483787961 3.22429239749909 3.18526995711857 3.14624751673805 3.10722507635753 3.07840539680587 3.08019399974081 3.08198260267575 3.08377120561069 3.08555980854563 3.08734841148057 3.08913701441552 3.09092561735046 3.08318169514337 3.0722602645556 3.06133883396783 3.05041740338006 3.03949597279229 3.02857454220452 3.01765311161675 3.00209719803597 2.97263783547612 2.94317847291627 2.91371911035642 2.88425974779658 2.85480038523673 2.82534102267688 2.79588166011704 2.75505861043929 2.71044766505559 2.66583671967188 2.62122577428817 2.57661482890446 2.53200388352076 2.48739293813705 2.45243028799691 2.44641252358753 2.44039475917815 2.43437699476877 2.42835923035938
3.0262909905778 3.11444016595682 3.20258934133582 3.29073851671483 3.29708303014439 3.2761593229241 3.2552356157038 3.23431190848351 3.21338820126322 3.19246449404292 3.17154078682263 3.15794984565839 3.16635720266234 3.1747645596663 3.18317191667025 3.1915792736742 3.19998663067816 3.20839398768211 3.21680134468606 3.21046296755471 3.19920934571159 3.18795572386846 3.17670210202534 3.16544848018221 3.15419485833909 3.14294123649596 3.12707141439119 3.09735299150149 3.06763456861177 3.03791614572206 3.00819772283236 2.97847929994264 2.94876087705293 2.91904245416323 2.87987863024075 2.83756633930735 2.79525404837396 2.75294175744056 2.71062946650716 2.66831717557377 2.62600488464036 2.59325542449949 2.58919445673623 2.58513348897296 2.5810725212097 2.57701155344643
2.85359920362631 2.95579493939878 3.05799067517122 3.16018641094366 3.19630981087686 3.21040909886361 3.22450838685036 3.23860767483711 3.25270696282386 3.26680625081061 3.28090553879736 3.29412714838979 3.30471572279927 3.31530429720876 3.32589287161824 3.33648144602773 3.34707002043721 3.3576585948467 3.36824716925618 3.35808787345884 3.34101262092588 3.32393736839293 3.30686211585997 3.28978686332701 3.27271161079405 3.25563635826109 3.23622476855913 3.20980416735012 3.18338356614111 3.15696296493211 3.13054236372311 3.1041217625141 3.07770116130509 3.05128056009609 3.01720857024191 2.98058611750601 2.94396366477011 2.9073412120342 2.87071875929831 2.83409630656241 2.7974738538265 2.77006457646685 2.77029482523597 2.7705250740051 2.77075532277422 2.77098557154334
