data/working_set_collections/6091692-Cassins_Sparrow-MC/2005/bio18.asc
NCOLS 265 
NROWS 230 
XLLCORNER -115.5625 
YLLCORNER 24.8333333333333 
CELLSIZE 0.0833333333333333 
NODATA_value -9999 
[rows 180 to 199 of 230, columns 92 to 137 of 265]
401.978234269883 392.043893517386 382.109552764891 372.175212012396 362.240871259899 350.380325571695 337.877711571588 325.375097571478 312.87248357137 300.369869571263 287.867255571153 275.364641571045 263.643586942885 254.267210430569 244.890833918254 235.514457405939 226.138080893623 216.761704381308 207.385327868993 198.008951356676 191.883634694418 186.842004648845 181.800374603271 176.758744557699 171.717114512126 166.675484466553 161.63385442098 157.518177117241 156.180358039008 154.842538960774 153.504719882541 152.166900804307 150.829081726074 149.49126264784 148.153443569607 147.396468989054 146.833109241061 146.269749493069 145.706389745076 145.143029997083 144.579670249091 144.016310501098 143.626000467935 143.754839579264 143.883678690592 144.01251780192
418.726961517334 408.312993621825 397.899025726317 387.48505783081 377.071089935301 364.388224029541 350.949058787029 337.509893544514 324.070728302002 310.63156305949 297.192397816976 283.753232574464 271.184090296428 261.225016911824 251.265943527222 241.30687014262 231.347796758016 221.388723373414 211.429649988812 201.470576604208 195.192041778565 190.140353139242 185.088664499919 180.036975860596 174.985287221273 169.93359858195 164.881909942627 160.779143778483 159.523145039876 158.267146301269 157.011147562662 155.755148824056 154.499150085449 153.243151346842 151.987152608235 151.230764389038 150.640913009643 150.051061630249 149.461210250854 148.871358871459 148.281507492065 147.69165611267 147.200683085123 147.006345113118 146.812007141113 146.617669169108
435.475688764784 424.582093726263 413.688498687744 402.794903649224 391.901308610703 378.396122487387 364.02040600247 349.644689517551 335.268973032634 320.893256547718 306.517540062799 292.141823577882 278.724593649971 268.18282339308 257.641053136191 247.099282879301 236.55751262241 226.01574236552 215.473972108631 204.93220185174 198.500448862712 193.438701629639 188.376954396566 183.315207163493 178.253459930421 173.191712697347 168.129965464275 164.040110439724 162.865932040744 161.691753641764 160.517575242784 159.343396843804 158.169218444824 156.995040045844 155.820861646864 155.065059789021 154.448716778225 153.832373767429 153.216030756632 152.599687745836 151.983344735039 151.367001724243 150.775365702311 150.257850646972 149.740335591634 149.222820536295
452.224416012233 440.8511938307 429.477971649169 418.104749467637 406.731527286104 392.404020945231 377.09175321791 361.779485490586 346.467217763265 331.154950035944 315.842682308621 300.5304145813 286.265097003514 275.140629874335 264.016162745159 252.891695615982 241.767228486803 230.642761357626 219.51829422845 208.393827099271 201.808855946859 196.737050120036 191.665244293213 186.59343846639 181.521632639568 176.449826812744 171.378020985921 167.301077100965 166.208719041612 165.116360982259 164.024002922905 162.931644863552 161.839286804199 160.746928744845 159.654570685492 158.899355189005 158.256520546807 157.613685904608 156.97085126241 156.328016620212 155.685181978013 155.042347335815 154.350048319498 153.509356180826 152.668664042154 151.827971903483
468.973143259684 457.120293935139 445.267444610595 433.414595286052 421.561745961506 406.411919403077 390.163100433351 373.914281463623 357.665462493897 341.416643524172 325.167824554444 308.919005584718 293.805600357057 282.098436355591 270.391272354127 258.684108352663 246.976944351197 235.269780349733 223.562616348269 211.855452346802 205.117263031006 200.035398610434 194.95353418986 189.871669769287 184.789805348715 179.707940928141 174.626076507569 170.562043762207 169.55150604248 168.540968322754 167.530430603027 166.5198928833 165.509355163574 164.498817443847 163.488279724121 162.733650588989 162.064324315389 161.394998041788 160.725671768188 160.056345494588 159.387019220988 158.717692947387 157.924730936686 156.760861714681 155.596992492675 154.43312327067
485.721870507135 473.389394039577 461.056917572021 448.724441104466 436.391964636908 420.419817860922 403.234447648792 386.049077436659 368.863707224529 351.678337012399 334.492966800267 317.307596588136 301.3461037106 289.056242836847 276.766381963095 264.476521089344 252.18666021559 239.896799341839 227.606938468088 215.317077594334 208.425670115153 203.333747100831 198.241824086507 193.149901072185 188.057978057862 182.966055043539 177.874132029216 173.823010423448 172.894293043348 171.965575663248 171.036858283149 170.108140903049 169.179423522949 168.250706142849 167.321988762749 166.567945988973 165.87212808397 165.176310178968 164.480492273966 163.784674368964 163.088856463962 162.39303855896 161.499413553873 160.012367248535 158.525320943196 157.038274637858
495.915028127037 483.755735524496 471.596442921957 459.437150319419 447.277857716878 431.112330627443 413.611392042374 396.110453457303 378.609514872234 361.108576287166 343.607637702094 326.106699117026 309.798148685033 297.066762712266 284.335376739502 271.603990766738 258.872604793972 246.141218821208 233.409832848444 220.678446875678 213.541052627563 208.268322287665 202.995591947767 197.722861607869 192.450131267972 187.177400928073 181.904670588175 177.713470374213 176.766860538058 175.820250701904 174.873640865749 173.927031029595 172.98042119344 172.033811357286 171.087201521131 170.306061426798 169.580077913072 168.854094399346 168.12811088562 167.402127371893 166.676143858167 165.950160344441 164.977616882324 163.265393575032 161.553170267741 159.840946960449
499.552616119387 488.219318389893 476.886020660401 465.55272293091 454.219425201416 438.489457702638 421.293933614098 404.098409525554 386.902885437013 369.707361348473 352.511837259929 335.316313171388 319.161735280356 306.129995981852 293.09825668335 280.066517384849 267.034778086344 254.003038787843 240.971299489341 227.939560190837 220.463410568237 214.839124170939 209.214837773641 203.590551376343 197.966264979045 192.341978581746 186.717692184448 182.233423614501 181.169208526611 180.10499343872 179.04077835083 177.976563262939 176.912348175048 175.848133087158 174.783917999267 173.947996902465 173.188173802693 172.428350702921 171.668527603149 170.908704503377 170.148881403605 169.389058303833 168.359340922038 166.519940694173 164.680540466308 162.841140238444
503.190204111737 492.68290125529 482.175598398845 471.668295542401 461.160992685954 445.866584777834 428.976475185821 412.086365593805 395.196256001792 378.306146409779 361.416036817763 344.52592722575 328.52532187568 315.193229251438 301.861136627198 288.529044002959 275.196951378717 261.864858754477 248.532766130237 235.200673505995 227.385768508911 221.409926054213 215.434083599514 209.458241144816 203.482398690118 197.506556235419 191.530713780721 186.75337685479 185.571556515164 184.389736175537 183.20791583591 182.026095496283 180.844275156657 179.66245481703 178.480634477403 177.589932378133 176.796269692315 176.002607006497 175.208944320678 174.41528163486 173.621618949042 172.827956263224 171.741064961751 169.774487813314 167.807910664876 165.841333516439
506.827792104087 497.146484120687 487.465176137289 477.783868153891 468.102560170491 453.243711853029 436.659016757543 420.074321662055 403.48962656657 386.904931471085 370.320236375597 353.735541280112 337.888908471003 324.256462521023 310.624016571046 296.991570621068 283.359124671088 269.726678721111 256.094232771133 242.461786821154 234.308126449585 227.980727937487 221.653329425387 215.325930913289 208.998532401191 202.671133889092 196.343735376994 191.273330095079 189.973904503716 188.674478912353 187.37505332099 186.075627729627 184.776202138264 183.476776546902 182.177350955539 181.2318678538 180.404365581936 179.576863310072 178.749361038207 177.921858766343 177.094356494479 176.266854222615 175.122789001465 173.029034932454 170.935280863444 168.841526794433
510.465380096437 501.610066986084 492.754753875733 483.899440765382 475.044127655029 460.620838928224 444.341558329267 428.062277730306 411.782997131349 395.503716532391 379.224435933431 362.945155334474 347.252495066326 333.319695790609 319.386896514893 305.454097239178 291.52129796346 277.588498687745 263.65569941203 249.722900136312 241.230484390259 234.55152982076 227.872575251261 221.193620681763 214.514666112265 207.835711542765 201.156756973267 195.793283335367 194.376252492269 192.959221649169 191.542190806071 190.125159962972 188.708129119873 187.291098276774 185.874067433675 184.873803329467 184.012461471557 183.151119613647 182.289777755737 181.428435897827 180.567094039917 179.705752182006 178.504513041178 176.283582051595 174.062651062012 171.841720072428
514.102968088787 506.073649851481 498.044331614177 490.015013376873 481.985695139567 467.99796600342 452.02409990099 436.050233798557 420.076367696128 404.102501593698 388.128635491266 372.154769388836 356.61608166165 342.382929060195 328.149776458741 313.916623857288 299.683471255833 285.45031865438 271.217166052926 256.984013451471 248.152842330933 241.122331704034 234.091821077135 227.061310450236 220.030799823338 213.000289196438 205.96977856954 200.313236575656 198.778600480821 197.243964385986 195.709328291151 194.174692196316 192.640056101481 191.105420006646 189.570783911811 188.515738805135 187.620557361179 186.725375917222 185.830194473266 184.93501302931 184.039831585354 183.144650141398 181.886237080892 179.538129170736 177.190021260579 174.841913350423
512.439960903595 505.413702223038 498.387443542483 491.361184861927 484.334926181371 471.225033823652 456.087263573544 440.949493323433 425.811723073326 410.673952823218 395.536182573107 380.398412322999 365.47061742147 351.172748565674 336.87487970988 322.577010854087 308.279141998291 293.981273142497 279.683404286704 265.385535430908 256.219793955484 248.764761606852 241.309729258219 233.854696909586 226.399664560954 218.94463221232 211.489599863688 205.468538114759 203.749388164943 202.030238215128 200.311088265312 198.591938315497 196.872788365681 195.153638415866 193.434488466051 192.271633275349 191.29420967102 190.316786066691 189.339362462361 188.361938858032 187.384515253702 186.407091649373 185.053229437934 182.570051405165 180.086873372396 177.603695339627
505.476358540855 499.63022410075 493.784089660646 487.937955220542 482.091820780437 470.302042388918 456.531049346927 442.760056304933 428.989063262941 415.21807022095 401.447077178956 387.676084136964 373.816102345786 359.689154307048 345.562206268311 331.435258229575 317.308310190837 303.1813621521 289.054414113364 274.927466074626 265.431339263916 257.478819529216 249.526299794514 241.573780059815 233.621260325115 225.668740590413 217.716220855713 211.259187952677 209.288615544637 207.318043136596 205.347470728556 203.376898320516 201.406325912475 199.435753504435 197.465181096395 196.141486740112 195.033418401082 193.925350062052 192.817281723022 191.709213383992 190.601145044962 189.493076705932 188.005490112305 185.379348754883 182.753207397461 180.127066040039
498.512756178116 493.846745978463 489.18073577881 484.514725579157 479.848715379504 469.379050954185 456.97483512031 444.570619286432 432.166403452557 419.762187618682 407.357971784804 394.953755950929 382.161587270103 368.205560048422 354.249532826743 340.293505605064 326.337478383383 312.381451161704 298.425423940025 284.469396718343 274.642884572347 266.192877451579 257.74287033081 249.292863210043 240.842856089275 232.392848968506 223.942841847738 217.049837790595 214.82784292433 212.605848058064 210.383853191799 208.161858325534 205.939863459269 203.717868593004 201.495873726739 200.011340204874 198.772627131144 197.533914057414 196.295200983683 195.056487909953 193.817774836222 192.579061762492 190.957750786676 188.188646104601 185.419541422526 182.650436740452
491.549153815378 488.063267856176 484.577381896974 481.091495937773 477.605609978571 468.456059519452 457.418620893693 446.381182267932 435.343743642172 424.306305016413 413.268866390652 402.231427764893 390.507072194419 376.721965789795 362.936859385173 349.151752980551 335.366646575928 321.581540171306 307.796433766684 294.01132736206 283.854429880778 274.906935373942 265.959440867105 257.01194636027 248.064451853435 239.116957346598 230.169462839763 222.840487628512 220.367070304022 217.893652979532 215.420235655042 212.946818330553 210.473401006062 207.999983681573 205.526566357083 203.881193669637 202.511835861206 201.142478052775 199.773120244344 198.403762435913 197.034404627482 195.665046819051 193.910011461046 190.997943454319 188.085875447591 185.173807440864
484.585551452638 482.279789733888 479.974028015138 477.668266296388 475.362504577637 467.533068084719 457.862406667076 448.191745249431 438.521083831788 428.850422414145 419.179760996501 409.509099578858 398.852557118735 385.238371531169 371.624185943604 358.01000035604 344.395814768473 330.781629180909 317.167443593345 303.553258005778 293.065975189209 283.620993296306 274.176011403401 264.731029510498 255.286047617595 245.841065724691 236.396083831788 228.63113746643 225.906297683716 223.181457901 220.456618118286 217.731778335571 215.006938552856 212.282098770142 209.557258987427 207.751047134399 206.251044591268 204.751042048136 203.251039505005 201.751036961873 200.251034418742 198.75103187561 196.862272135417 193.807240804037 190.752209472656 187.697178141276
477.621949089899 476.4963116116 475.370674133302 474.245036655003 473.119399176704 466.610076649985 458.306192440459 450.002308230931 441.698424021404 433.394539811877 425.090655602349 416.786771392823 407.198042043052 393.754777272543 380.311512502036 366.868247731528 353.424982961019 339.981718190512 326.538453420005 313.095188649496 302.27752049764 292.33505121867 282.392581939697 272.450112660727 262.507643381756 252.565174102783 242.622704823813 234.421787304348 231.445525063409 228.469262822469 225.493000581529 222.51673834059 219.54047609965 216.56421385871 213.587951617771 211.620900599162 209.99025332133 208.359606043498 206.728958765665 205.098311487834 203.467664210002 201.837016932169 199.814532809788 196.616538153755 193.418543497721 190.220548841689
471.108200412328 470.979364691841 470.850528971355 470.721693250869 470.592857530383 465.24665857951 458.161338551841 451.076018524171 443.990698496502 436.905378468833 429.820058441162 422.734738413493 414.130025143095 400.967132144504 387.804239145916 374.641346147327 361.478453148736 348.315560150147 335.152667151558 321.989774152968 310.066086832683 298.555468071833 287.044849310982 275.534230550132 264.023611789283 252.512993028431 241.002374267582 231.619890509714 228.6218117608 225.623733011884 222.625654262969 219.627575514055 216.629496765139 213.631418016224 210.63333926731 208.646637852989 206.997062216867 205.347486580745 203.697910944623 202.048335308501 200.398759672379 198.749184036257 196.860640504627 194.255193286474 191.64974606832 189.044298850167
465.044305419923 465.72894897461 466.413592529298 467.098236083985 467.782879638672 463.442813873292 457.427845001222 451.412876129151 445.397907257081 439.382938385011 433.36796951294 427.353000640869 419.648506418866 406.875436147054 394.102365875245 381.329295603436 368.556225331625 355.783155059815 343.010084788006 330.237014516195 316.431674194337 302.282243855797 288.132813517254 273.983383178714 259.833952840173 245.68452250163 231.53509216309 220.225447082522 217.435157775882 214.644868469241 211.8545791626 209.06428985596 206.274000549319 203.483711242678 200.693421936038 198.828258895876 197.271471277875 195.714683659874 194.157896041872 192.601108423871 191.04432080587 189.487533187868 188.000595219932 186.723206202191 185.445817184449 184.168428166708
