data/working_set_collections/6091692-Cassins_Sparrow-MC/2005/bio15.asc
NCOLS 265 
NROWS 230 
XLLCORNER -115.5625 
YLLCORNER 24.8333333333333 
CELLSIZE 0.0833333333333333 
NODATA_value -9999 
[rows 120 to 139 of 230, columns 138 to 183 of 265]
70.5346248414783 69.775471687317 69.0163185331558 68.2571653789946 67.8316772460938 67.5174107869467 67.2031443277996 66.8888778686524 66.5746114095053 66.2603449503582 65.946078491211 65.6140204429628 65.228587627411 64.8431548118592 64.4577219963075 64.0722891807557 63.686856365204 63.3014235496522 62.9159907341005 62.4946018218995 62.0612275441489 61.6278532663982 61.1944789886475 60.7611047108969 60.3277304331463 59.8943561553956 59.5495171546936 59.470283985138 59.3910508155823 59.3118176460266 59.232584476471 59.1533513069153 59.0741181373596 58.994884967804 58.9013401031494 58.8030246734619 58.7047092437744 58.6063938140869 58.5080783843994 58.4097629547119 58.3114475250244 58.1937998453776 58.0181554158529 57.8425109863281 57.6668665568034 57.4912221272787
70.5971148808799 69.8264913558961 69.0558678309124 68.2852443059288 67.8423202514649 67.5086293538412 67.1749384562175 66.8412475585938 66.5075566609701 66.1738657633465 65.8401748657227 65.4914733568828 65.0977400143943 64.7040066719056 64.310273329417 63.9165399869284 63.5228066444398 63.1290733019512 62.7353399594626 62.3289684295655 61.9183841705323 61.5077999114992 61.0972156524659 60.6866313934327 60.2760471343995 59.8654628753663 59.5458417574565 59.4991100629171 59.4523783683777 59.4056466738383 59.3589149792989 59.3121832847595 59.2654515902201 59.2187198956807 59.1363117218017 59.0420113881429 58.947711054484 58.8534107208252 58.7591103871663 58.6648100535075 58.5705097198486 58.4502166748047 58.2519454956055 58.0536743164063 57.855403137207 57.6571319580078
70.6596049202815 69.8775110244752 69.095417128669 68.3133232328629 67.852963256836 67.4998479207358 67.1467325846355 66.7936172485352 66.440501912435 66.0873865763348 65.7342712402344 65.3689262708029 64.9668924013775 64.564858531952 64.1628246625266 63.7607907931011 63.3587569236756 62.9567230542502 62.5546891848248 62.1633350372315 61.7755407969158 61.3877465566001 60.9999523162843 60.6121580759685 60.2243638356528 59.836569595337 59.5421663602193 59.5279361406962 59.5137059211731 59.49947570165 59.4852454821269 59.4710152626037 59.4567850430806 59.4425548235575 59.3712833404541 59.2809981028239 59.1907128651937 59.1004276275635 59.0101423899333 58.919857152303 58.8295719146728 58.7066335042318 58.4857355753581 58.2648376464844 58.0439397176107 57.823041788737
70.7220949596831 69.9285306930543 69.1349664264257 68.341402159797 67.8636062622071 67.4910664876303 67.1185267130535 66.7459869384766 66.3734471638998 66.000907389323 65.6283676147462 65.246379184723 64.8360447883607 64.4257103919984 64.0153759956361 63.6050415992738 63.1947072029115 62.7843728065492 62.3740384101869 61.9977016448975 61.6326974232993 61.267693201701 60.9026889801026 60.5376847585043 60.172680536906 59.8076763153077 59.5384909629822 59.5567622184753 59.5750334739685 59.5933047294617 59.6115759849548 59.629847240448 59.6481184959411 59.6663897514343 59.6062549591064 59.5199848175049 59.4337146759033 59.3474445343017 59.2611743927002 59.1749042510986 59.088634109497 58.9630503336589 58.7195256551107 58.4760009765625 58.2324762980144 57.9889516194662
70.7845849990847 69.9795503616334 69.1745157241823 68.3694810867312 67.8742492675782 67.4822850545248 67.0903208414715 66.698356628418 66.3063924153647 65.9144282023113 65.5224639892579 65.1238320986431 64.705197175344 64.2865622520448 63.8679273287456 63.4492924054465 63.0306574821473 62.6120225588482 62.1933876355491 61.8320682525636 61.4898540496827 61.1476398468019 60.805425643921 60.4632114410401 60.1209972381593 59.7787830352784 59.534815565745 59.5855882962544 59.6363610267639 59.6871337572733 59.7379064877828 59.7886792182922 59.8394519488016 59.8902246793111 59.8412265777588 59.7589715321859 59.6767164866129 59.59446144104 59.5122063954671 59.4299513498942 59.3476963043213 59.219467163086 58.9533157348633 58.6871643066406 58.421012878418 58.1548614501954
70.8470750384863 70.0305700302125 69.2140650219389 68.3975600136653 67.8848922729493 67.4735036214194 67.0621149698894 66.6507263183594 66.2393376668295 65.8279490152996 65.4165603637696 65.0012850125632 64.5743495623272 64.1474141120912 63.7204786618552 63.2935432116192 62.8666077613832 62.4396723111472 62.0127368609112 61.6664348602296 61.3470106760662 61.0275864919028 60.7081623077393 60.3887381235759 60.0693139394125 59.7498897552491 59.5311401685079 59.6144143740336 59.6976885795593 59.780962785085 59.8642369906107 59.9475111961364 60.0307854016621 60.1140596071879 60.0761981964111 59.9979582468668 59.9197182973226 59.8414783477783 59.763238398234 59.6849984486898 59.6067584991455 59.475883992513 59.1871058146159 58.8983276367188 58.6095494588217 58.3207712809245
70.7415429857045 69.9184511820477 69.095359378391 68.2722675747344 67.7450812975567 67.3165301958721 66.8879790941876 66.459427992503 66.0308768908184 65.6023257891339 65.1737746874493 64.7459886762832 64.3204979366728 63.8950071970623 63.4695164574519 63.0440257178414 62.6185349782309 62.1930442386205 61.76755349901 61.4557949384054 61.1819471041362 60.908099269867 60.6342514355978 60.3604036013286 60.0865557670594 59.8127079327901 59.6348856925964 59.7451402346293 59.8553947766621 59.965649318695 60.0759038607279 60.1861584027608 60.2964129447936 60.4066674868265 60.3932130813598 60.3385223600599 60.28383163876 60.2291409174601 60.1744501961602 60.1197594748602 60.0650687535603 59.9415404743618 59.6114995214674 59.281458568573 58.9514176156786 58.6213766627842
70.4679888407392 69.6431938171389 68.8183987935386 67.9936037699384 67.4548163414003 67.011364777883 66.5679132143658 66.1244616508485 65.6810100873313 65.2375585238141 64.7941069602968 64.3579430898032 63.9436422983807 63.5293415069581 63.1150407155356 62.7007399241131 62.2864391326906 61.872138341268 61.4578375498456 61.2001484870911 60.9946633338929 60.7891781806947 60.5836930274964 60.3782078742981 60.1727227210999 59.9672375679016 59.8460521380106 59.9777658780415 60.1094796180724 60.2411933581034 60.3729070981343 60.5046208381652 60.6363345781961 60.768048318227 60.7922712326049 60.7806638717651 60.7690565109252 60.7574491500854 60.7458417892455 60.7342344284057 60.7226270675658 60.6164366086324 60.2264968554179 59.8365571022033 59.4466173489889 59.0566775957744
70.1944346957739 69.36793645223 68.5414382086862 67.7149399651424 67.1645513852439 66.706199359894 66.247847334544 65.789495309194 65.3311432838441 64.8727912584942 64.4144392331443 63.9698975033232 63.5667866600886 63.163675816854 62.7605649736194 62.3574541303848 61.9543432871502 61.5512324439156 61.148121600681 60.9445020357768 60.8073795636495 60.6702570915223 60.533134619395 60.3960121472677 60.2588896751404 60.1217672030131 60.0572185834248 60.2103915214538 60.3635644594828 60.5167373975117 60.6699103355407 60.8230832735697 60.9762562115986 61.1294291496276 61.19132938385 61.2228053834703 61.2542813830905 61.2857573827107 61.3172333823309 61.3487093819511 61.3801853815714 61.291332742903 60.8414941893684 60.3916556358337 59.9418170822992 59.4919785287646
69.9208805508086 69.0926790873211 68.2644776238338 67.4362761603464 66.8742864290874 66.4010339419048 65.9277814547223 65.4545289675396 64.981276480357 64.5080239931744 64.0347715059917 63.5818519168431 63.1899310217965 62.7980101267498 62.4060892317031 62.0141683366565 61.6222474416098 61.2303265465632 60.8384056515165 60.6888555844625 60.6200957934062 60.5513360023499 60.4825762112936 60.4138164202372 60.3450566291809 60.2762968381246 60.268385028839 60.443017164866 60.6176493008931 60.7922814369201 60.9669135729471 61.1415457089741 61.3161778450011 61.4908099810281 61.5903875350952 61.6649468951754 61.7395062552557 61.814065615336 61.8886249754163 61.9631843354966 62.0377436955769 61.9662288771736 61.4564915233189 60.9467541694641 60.4370168156095 59.9272794617548
69.6473264058434 68.8174217224123 67.9875170389814 67.1576123555504 66.584021472931 66.0958685239158 65.6077155749005 65.1195626258852 64.6314096768699 64.1432567278546 63.6551037788393 63.1938063303631 62.8130753835044 62.4323444366456 62.0516134897869 61.6708825429282 61.2901515960695 60.9094206492108 60.528689702352 60.4332091331482 60.4328120231629 60.4324149131775 60.4320178031921 60.4316206932068 60.4312235832214 60.4308264732361 60.4795514742532 60.6756428082783 60.8717341423034 61.0678254763284 61.2639168103535 61.4600081443786 61.6560994784036 61.8521908124287 61.9894456863402 62.1070884068806 62.224731127421 62.3423738479613 62.4600165685017 62.577659289042 62.6953020095824 62.6411250114441 62.0714888572693 61.5018527030945 60.9322165489197 60.362580394745
69.3737722608781 68.5421643575034 67.7105564541289 66.8789485507544 66.2937565167746 65.7907031059267 65.2876496950787 64.7845962842307 64.2815428733827 63.7784894625348 63.2754360516867 62.8057607438831 62.4362197452123 62.0666787465415 61.6971377478707 61.3275967491999 60.9580557505291 60.5885147518583 60.2189737531875 60.1775626818339 60.2455282529195 60.3134938240051 60.3814593950907 60.4494249661763 60.5173905372619 60.5853561083475 60.6907179196675 60.9082684516906 61.1258189837137 61.3433695157368 61.5609200477599 61.778470579783 61.9960211118061 62.2135716438292 62.3885038375854 62.5492299185858 62.7099559995862 62.8706820805866 63.0314081615871 63.1921342425875 63.3528603235879 63.3160211457147 62.6864861912198 62.0569512367249 61.42741628223 60.7978813277352
69.3834720399647 68.5232029596966 67.6629338794286 66.8026647991607 66.178294213613 65.6325564596389 65.0868187056649 64.5410809516908 63.9953431977168 63.4496054437427 62.9038676897686 62.4057010014853 62.0502475102744 61.6947940190634 61.3393405278525 60.9838870366416 60.6284335454306 60.2729800542197 59.9175265630088 59.9455920537313 60.1014972050985 60.2574023564656 60.4133075078328 60.5692126592 60.7251178105671 60.8810229619343 61.0492910067239 61.2546477317809 61.4600044568379 61.6653611818949 61.8707179069518 62.0760746320088 62.2814313570658 62.4867880821227 62.6963362058003 62.9072814623514 63.1182267189025 63.3291719754536 63.5401172320047 63.7510624885558 63.9620077451069 63.9519436624316 63.2788515620763 62.6057594617208 61.9326673613655 61.2595752610102
69.6764257431032 68.7605375289918 67.8446493148805 66.9287611007693 66.2376345634461 65.6214285850526 65.0052226066591 64.3890166282655 63.772810649872 63.1566046714785 62.5403986930849 61.9936271031699 61.6551586786908 61.3166902542116 60.9782218297324 60.6397534052532 60.301284980774 59.9628165562949 59.6243481318157 59.7372972488403 60.0007188796997 60.264140510559 60.5275621414184 60.7909837722777 61.0544054031371 61.3178270339965 61.5552707354226 61.7147806485493 61.8742905616759 62.0338004748026 62.1933103879292 62.3528203010558 62.5123302141825 62.6718401273091 62.912942790985 63.1812430381774 63.4495432853697 63.7178435325621 63.9861437797545 64.2544440269469 64.5227442741393 64.5488925615947 63.8485849698386 63.1482773780823 62.4479697863262 61.74766219457
69.9693794462418 68.9978720982871 68.0263647503325 67.0548574023779 66.2969749132793 65.6103007104663 64.9236265076533 64.2369523048402 63.5502781020272 62.8636038992142 62.1769296964011 61.5815532048545 61.2600698471071 60.9385864893597 60.6171031316123 60.2956197738649 59.9741364161174 59.6526530583701 59.3311697006227 59.5290024439494 59.8999405543009 60.2708786646524 60.641816775004 61.0127548853555 61.383692995707 61.7546311060586 62.0612504641214 62.1749135653177 62.288576666514 62.4022397677103 62.5159028689066 62.6295659701029 62.7432290712992 62.8568921724955 63.1295493761697 63.4552046140034 63.780859851837 64.1065150896707 64.4321703275043 64.757825565338 65.0834808031717 65.1458414607579 64.4183183776009 63.6907952944438 62.9632722112868 62.2357491281299
70.2623331493804 69.2352066675823 68.2080801857844 67.1809537039865 66.3563152631125 65.59917283588 64.8420304086475 64.084887981415 63.3277455541825 62.57060312695 61.8134606997174 61.169479306539 60.8649810155234 60.5604827245078 60.2559844334921 59.9514861424765 59.6469878514609 59.3424895604453 59.0379912694297 59.3207076390584 59.7991622289021 60.2776168187458 60.7560714085896 61.2345259984333 61.712980588277 62.1914351781208 62.5672301928202 62.6350464820861 62.7028627713521 62.770679060618 62.838495349884 62.90631163915 62.9741279284159 63.0419442176818 63.3461559613545 63.7291661898294 64.1121764183043 64.4951866467793 64.8781968752542 65.2612071037291 65.644217332204 65.742790359921 64.9880517853632 64.2333132108053 63.4785746362475 62.7238360616898
70.555286852519 69.4725412368776 68.3897956212364 67.3070500055952 66.4156556129457 65.5880449612937 64.7604343096418 63.9328236579897 63.1052130063377 62.2776023546858 61.4499917030337 60.7574054082236 60.4698921839398 60.1823789596559 59.894865735372 59.6073525110882 59.3198392868043 59.0323260625205 58.7448128382366 59.1124128341674 59.6983839035033 60.2843549728392 60.8703260421752 61.4562971115111 62.042268180847 62.6282392501829 63.0732099215189 63.0951793988545 63.1171488761901 63.1391183535257 63.1610878308613 63.183057308197 63.2050267855326 63.2269962628682 63.5627625465392 64.0031277656554 64.4434929847716 64.8838582038878 65.324223423004 65.7645886421201 66.2049538612364 66.3397392590841 65.5577851931255 64.7758311271668 63.9938770612082 63.2119229952496
70.8482405556576 69.7098758061728 68.5715110566883 67.4331463072038 66.4749959627789 65.5769170867074 64.678838210636 63.7807593345644 62.8826804584929 61.9846015824215 61.0865227063499 60.3453315099082 60.0748033523561 59.804275194804 59.5337470372519 59.2632188796998 58.9926907221477 58.7221625645956 58.4516344070436 58.9041180292764 59.5976055781045 60.2910931269326 60.9845806757608 61.6780682245888 62.3715557734169 63.0650433222451 63.5791896502176 63.5553123156229 63.5314349810282 63.5075576464335 63.4836803118387 63.459802977244 63.4359256426493 63.4120483080546 63.7793691317239 64.2770893414814 64.7748095512388 65.2725297609963 65.7702499707538 66.2679701805113 66.7656903902688 66.9366881582473 66.1275186008879 65.3183490435283 64.5091794861689 63.7000099288094
71.2110081990563 70.0132990519207 68.8155899047854 67.61788075765 66.6090367317201 65.6631477461923 64.7172587606644 63.7713697751365 62.8254807896086 61.8795918040808 60.9337028185528 60.1627616564433 59.9166639645895 59.6705662727356 59.4244685808818 59.178370889028 58.9322731971741 58.6861755053203 58.4400778134664 58.9431050618488 59.6958406236435 60.4485761854381 61.2013117472329 61.9540473090276 62.7067828708222 63.459518432617 64.0104308658176 63.9558739132351 63.9013169606527 63.8467600080702 63.7922030554877 63.7376461029053 63.6830891503228 63.6285321977403 64.001106071472 64.5160568873086 65.0310077031452 65.5459585189818 66.0609093348184 66.575860150655 67.0908109664916 67.272678311666 66.4552952448529 65.6379121780397 64.8205291112266 64.0031460444135
71.6435897827151 70.3828109741212 69.1220321655276 67.8612533569339 66.8177779197694 65.8467369397483 64.8756959597272 63.904654979706 62.9336139996849 61.9625730196638 60.9915320396425 60.2096958478292 59.9954740206401 59.781252193451 59.5670303662618 59.3528085390727 59.1385867118835 58.9243648846944 58.7101430575053 59.2293739318846 59.9930890401202 60.7568041483559 61.5205192565916 62.2842343648272 63.0479494730629 63.8116645812986 64.3669335683186 64.296864191691 64.2267948150634 64.1567254384358 64.0866560618082 64.0165866851806 63.946517308553 63.8764479319254 64.2279733657836 64.7200304031371 65.2120874404906 65.7041444778441 66.1962015151976 66.6882585525511 67.1803155899047 67.3477097193402 66.5411151250206 65.7345205307008 64.9279259363812 64.1213313420616
