data/working_set_collections/6091692-Cassins_Sparrow-MC/2005/bio11.asc
NCOLS 265 
NROWS 230 
XLLCORNER -115.5625 
YLLCORNER 24.8333333333333 
CELLSIZE 0.0833333333333333 
NODATA_value -9999 
[rows 120 to 139 of 230, columns 92 to 137 of 265]
2.28309502833415 2.38115795817637 2.47922088801856 2.57728381786076 2.67534674770298 2.94248068730027 3.26597163014931 3.5894625729984 3.91295351584743 4.23644445869647 4.55993540154556 4.8834263443946 5.08527905808555 4.92221708430183 4.75915511051813 4.59609313673444 4.43303116295072 4.26996918916702 4.10690721538333 3.9438452415996 3.86993957757948 3.82575268348057 3.78156578938165 3.73737889528273 3.69319200118382 3.6490051070849 3.60481821298599 3.64337369600924 3.93015631039928 4.21693892478937 4.50372153917941 4.79050415356945 5.07728676795953 5.36406938234957 5.65085199673961 5.81214915116624 5.93161781893832 6.05108648671039 6.17055515448249 6.29002382225456 6.40949249002663 6.52896115779873 6.59241701099608 6.48783442046909 6.38325182994207 6.27866923941507
2.4438738971948 2.58164449036116 2.7194150835275 2.85718567669384 2.9949562698602 3.2654668688773 3.58022413651136 3.89498140414547 4.20973867177953 4.52449593941359 4.8392532070477 5.15401047468175 5.3492709994316 5.18604129552839 5.0228115916252 4.85958188772201 4.69635218381879 4.5331224799156 4.36989277601241 4.2066630721092 4.11393164396283 4.04469964106875 3.97546763817467 3.90623563528059 3.83700363238652 3.76777162949243 3.69853962659835 3.72024343808484 4.01475469271332 4.30926594734185 4.60377720197033 4.89828845659881 5.19279971122735 5.48731096585583 5.78182222048431 5.94664938449855 6.06824851830795 6.18984765211735 6.31144678592677 6.43304591973617 6.55464505354557 6.676244187355 6.73900827964147 6.62526724735897 6.51152621507644 6.39778518279394
2.60465276605547 2.78213102254598 2.95960927903646 3.13708753552694 3.31456579201745 3.58845305045436 3.89447664287344 4.20050023529257 4.50652382771165 4.81254742013073 5.11857101254986 5.42459460496893 5.61326294077767 5.44986550675496 5.28646807273228 5.1230706387096 4.95967320468689 4.79627577066421 4.63287833664152 4.46948090261881 4.3579237103462 4.26364659865696 4.16936948696771 4.07509237527846 3.98081526358922 3.88653815189997 3.79226104021073 3.79711318016044 4.09935307502737 4.40159296989434 4.70383286476127 5.00607275962819 5.30831265449517 5.6105525493621 5.91279244422902 6.08114961783087 6.2048792176776 6.32860881752432 6.45233841737107 6.5760680172178 6.69979761706453 6.82352721691127 6.88559954828687 6.76270007424886 6.63980060021083 6.51690112617282
2.76543163491613 2.98261755473079 3.19980347454541 3.41698939436004 3.6341753141747 3.91143923203142 4.20872914923552 4.50601906643967 4.80330898364377 5.10059890084786 5.39788881805201 5.69517873525611 5.87725488212374 5.71368971798154 5.55012455383936 5.38655938969719 5.22299422555498 5.05942906141281 4.89586389727063 4.73229873312843 4.60191577672958 4.48259355624517 4.36327133576074 4.24394911527634 4.12462689479193 4.00530467430751 3.8859824538231 3.87398292223605 4.18395145734141 4.49391999244684 4.8038885275522 5.11385706265757 5.423825597763 5.73379413286836 6.04376266797373 6.21564985116319 6.34150991704724 6.4673699829313 6.59323004881537 6.71909011469942 6.84495018058348 6.97081024646755 7.03219081693227 6.90013290113875 6.76807498534521 6.6360170695517
2.92621050377678 3.18310408691559 3.43999767005435 3.69689125319311 3.95378483633192 4.23442541360845 4.52298165559757 4.81153789758674 5.10009413957586 5.38865038156498 5.67720662355415 5.96576286554327 6.14124682346979 5.97751392920809 5.81378103494642 5.65004814068475 5.48631524642306 5.32258235216139 5.15884945789972 4.99511656363802 4.84590784311293 4.70154051383336 4.55717318455376 4.4128058552742 4.26843852599463 4.12407119671503 3.97970386743546 3.95085266431164 4.26854983965545 4.58624701499932 4.90394419034313 5.22164136568694 5.53933854103081 5.85703571637462 6.17473289171843 6.3501500844955 6.47814061641688 6.60613114833826 6.73412168025966 6.86211221218104 6.99010274410242 7.11809327602382 7.17878208557765 7.03756572802863 6.89634937047959 6.75513301293056
3.08698937263745 3.3835906191004 3.68019186556331 3.97679311202621 4.27339435848917 4.5574115951855 4.83723416195965 5.11705672873383 5.39687929550798 5.67670186228212 5.95652442905631 6.23634699583045 6.40523876481586 6.24133814043467 6.07743751605351 5.91353689167235 5.74963626729116 5.58573564290999 5.42183501852883 5.25793439414764 5.0898999094963 4.92048747142157 4.7510750333468 4.58166259527207 4.41225015719733 4.24283771912257 4.07342528104784 4.02772240638724 4.3531482219695 4.67857403755181 5.00399985313407 5.32942566871632 5.65485148429863 5.98027729988089 6.30570311546315 6.48465031782782 6.61477131578653 6.74489231374523 6.87501331170396 7.00513430966266 7.13525530762137 7.2653763055801 7.32537335422305 7.17499855491852 7.02462375561397 6.87424895630944
3.31923465728749 3.63930149078362 3.95936832427969 4.27943515777577 4.5995019912719 4.86531365712476 5.11304026709654 5.36076687706836 5.60849348704014 5.85622009701193 6.10394670698375 6.35167331695553 6.50107581350543 6.35550596978931 6.20993612607323 6.06436628235714 5.91879643864103 5.77322659492494 5.62765675120885 5.48208690749274 5.30288363695146 5.1124692241351 4.92205481131872 4.73164039850237 4.54122598568601 4.35081157286963 4.16039716005328 4.10003376536891 4.42982342508094 4.75961308479303 5.08940274450506 5.41919240421709 5.74898206392918 6.07877172364121 6.40856138335324 6.59193656047182 6.72650691005915 6.86107725964647 6.99564760923382 7.13021795882115 7.26478830840847 7.39935865799582 7.46165160470541 7.30711234278152 7.15257308085761 6.99803381893372
3.62294635772692 3.95023670196524 4.2775270462035 4.60481739044176 4.93210773468008 5.15813159942619 5.35039997100822 5.54266834259028 5.73493671417231 5.92720508575434 6.1194734573364 6.31174182891843 6.42875796953841 6.32001741727195 6.21127686500551 6.10253631273907 5.99379576047262 5.88505520820618 5.77631465593974 5.66757410367328 5.48485902547837 5.27748577197395 5.07011251846949 4.86273926496507 4.65536601146065 4.44799275795619 4.24061950445177 4.16778674125663 4.49857544898976 4.82936415672295 5.16015286445609 5.49094157218923 5.82173027992242 6.15251898765555 6.48330769538869 6.67200881242748 6.81334739923473 6.95468598604197 7.09602457284923 7.23736315965647 7.37870174646372 7.52004033327098 7.5876168370247 7.43390709161761 7.28019734621048 7.12648760080339
3.92665805816638 4.26117191314689 4.59568576812734 4.93019962310779 5.26471347808829 5.45094954172764 5.58775967491991 5.72456980811221 5.86137994130448 5.99819007449676 6.13500020768906 6.27181034088133 6.35644012557138 6.28452886475459 6.2126176039378 6.14070634312101 6.06879508230421 5.99688382148742 5.92497256067064 5.85306129985384 5.66683441400529 5.4425023198128 5.21817022562027 4.99383813142778 4.76950603723529 4.54517394304277 4.32084184885028 4.23553971714435 4.56732747289859 4.89911522865289 5.23090298440713 5.56269074016137 5.89447849591566 6.2262662516699 6.55805400742414 6.75208106438315 6.90018788841031 7.04829471243747 7.19640153646465 7.34450836049181 7.49261518451897 7.64072200854615 7.71358206934401 7.5607018404537 7.40782161156337 7.25494138267307
4.23036975860584 4.57210712432854 4.91384449005117 5.25558185577381 5.5973192214965 5.74376748402909 5.82511937883161 5.90647127363414 5.98782316843666 6.06917506323918 6.15052695804171 6.23187885284423 6.28412228160436 6.24904031223722 6.21395834287008 6.17887637350295 6.14379440413581 6.10871243476867 6.07363046540153 6.03854849603439 5.84880980253222 5.60751886765166 5.36622793277106 5.1249369978905 4.88364606300994 4.64235512812934 4.40106419324878 4.30329269303208 4.63607949680742 4.96886630058282 5.30165310435817 5.63443990813351 5.96722671190891 6.30001351568426 6.6328003194596 6.83215331633882 6.9870283775859 7.14190343883297 7.29677850008007 7.45165356132714 7.60652862257422 7.76140368382132 7.83954730166331 7.6874965892898 7.53544587691626 7.38339516454275
4.53408145904528 4.88304233551016 5.23200321197498 5.58096408843981 5.92992496490469 6.03658542633051 6.06247908274328 6.08837273915605 6.11426639556882 6.14016005198159 6.16605370839436 6.19194736480713 6.21180443763734 6.21355175971985 6.21529908180237 6.21704640388488 6.2187937259674 6.22054104804991 6.22228837013242 6.22403569221493 6.03078519105912 5.7725354154905 5.51428563992183 5.2560358643532 4.99778608878457 4.7395363132159 4.48128653764728 4.37104566891979 4.70483152071624 5.03861737251275 5.3724032243092 5.70618907610565 6.03997492790215 6.3737607796986 6.70754663149505 6.91222556829448 7.07386886676147 7.23551216522846 7.39715546369548 7.55879876216247 7.72044206062946 7.88208535909648 7.96551253398261 7.81429133812589 7.66307014226914 7.51184894641242
4.83779315948474 5.19397754669181 5.55016193389882 5.90634632110583 6.2625307083129 6.32940336863196 6.29983878665498 6.27027420467798 6.240709622701 6.21114504072401 6.18158045874702 6.15201587677003 6.13948659367032 6.17806320720249 6.21663982073465 6.25521643426682 6.29379304779899 6.33236966133116 6.37094627486332 6.40952288839549 6.21276057958605 5.93755196332935 5.66234334707261 5.38713473081591 5.11192611455922 4.83671749830248 4.56150888204578 4.43879864480752 4.77358354462507 5.10836844444268 5.44315334426024 5.77793824407779 6.1127231438954 6.44750804371295 6.78229294353051 6.99229782025015 7.16070935593706 7.32912089162396 7.4975324273109 7.66594396299781 7.83435549868471 8.00276703437165 8.09147776630191 7.94108608696198 7.79069440762203 7.6403027282821
5.14055725998338 5.47731330924557 5.81406935850771 6.15082540776985 6.48758145703205 6.53257513046264 6.48031467861599 6.42805422676933 6.37579377492268 6.32353332307603 6.27127287122937 6.21901241938272 6.191876106792 6.24011221196914 6.28834831714628 6.33658442232341 6.38482052750056 6.4330566326777 6.48129273785483 6.52952884303198 6.33573526144032 6.06126511759233 5.78679497374431 5.51232482989632 5.23785468604834 4.96338454220031 4.68891439835233 4.56341713137088 4.8848384949895 5.20625985860818 5.5276812222268 5.84910258584542 6.1705239494641 6.49194531308273 6.81336667670135 7.02434954245882 7.19851957559582 7.37268960873281 7.54685964186983 7.72102967500683 7.89519970814382 8.06936974128084 8.16475074026323 8.02376463678152 7.88277853329978 7.74179242981807
5.44237376054116 5.73304962317141 6.02372548580161 6.31440134843181 6.60507721106206 6.6461007118225 6.60390675862629 6.56171280543008 6.51951885223387 6.47732489903766 6.43513094584145 6.39293699264524 6.36897297700243 6.39969877401985 6.43042457103726 6.46115036805468 6.4918761650721 6.52260196208952 6.55332775910693 6.58405355612436 6.39970923662189 6.14367487827941 5.88764051993689 5.63160616159441 5.37557180325194 5.11953744490942 4.86350308656694 4.74490112860988 5.03859637180953 5.33229161500924 5.62598685820889 5.91968210140854 6.21337734460825 6.5070725878079 6.80076783100756 7.00838073492047 7.18729952573772 7.36621831655497 7.54513710737225 7.7240558981895 7.90297468900675 8.08189347982403 8.18533145586652 8.06232698758446 7.93932251930238 7.81631805102032
5.74419026109898 5.98878593709727 6.23338161309553 6.47797728909379 6.72257296509209 6.75962629318236 6.7274988386366 6.69537138409083 6.66324392954507 6.63111647499931 6.59898902045354 6.56686156590778 6.54606984721287 6.55928533607057 6.57250082492826 6.58571631378596 6.59893180264365 6.61214729150135 6.62536278035904 6.63857826921674 6.46368321180347 6.2260846389665 5.98848606612948 5.75088749329251 5.51328892045554 5.27569034761853 5.03809177478156 4.9263851258489 5.19235424862958 5.45832337141031 5.72429249419099 5.99026161697167 6.2562307397524 6.52219986253308 6.78816898531377 6.99241192738212 7.17607947587963 7.35974702437714 7.54341457287467 7.72708212137218 7.91074966986969 8.09441721836722 8.20591217146981 8.10088933838741 7.99586650530498 7.89084367222257
6.04600676165679 6.24452225102314 6.44303774038945 6.64155322975576 6.84006871912211 6.87315187454223 6.85109091864691 6.82902996275159 6.80696900685627 6.78490805096095 6.76284709506563 6.74078613917031 6.72316671742331 6.71887189812129 6.71457707881926 6.71028225951723 6.70598744021521 6.70169262091318 6.69739780161115 6.69310298230912 6.52765718698505 6.30849439965358 6.08933161232208 5.87016882499061 5.65100603765915 5.43184325032765 5.21268046299618 5.10786912308791 5.34611212544962 5.58435512781138 5.82259813017309 6.0608411325348 6.29908413489655 6.53732713725826 6.77557013961997 6.97644311984377 7.16485942602153 7.3532757321993 7.5416920383771 7.73010834455486 7.91852465073262 8.10694095691042 8.22649288707311 8.13945168919035 8.05241049130758 7.96536929342483
6.34782326221457 6.50025856494898 6.65269386768335 6.80512917041772 6.95756447315212 6.98667745590208 6.97468299865721 6.96268854141233 6.95069408416746 6.93869962692258 6.92670516967771 6.91471071243283 6.90026358763374 6.87845846017199 6.85665333271025 6.8348482052485 6.81304307778675 6.791237950325 6.76943282286325 6.7476276954015 6.59163116216662 6.39090416034066 6.19017715851466 5.9894501566887 5.78872315486274 5.58799615303675 5.38726915121079 5.28935312032692 5.49987000226966 5.71038688421244 5.92090376615518 6.13142064809792 6.3419375300407 6.55245441198344 6.76297129392618 6.96047431230542 7.15363937616344 7.34680444002146 7.53996950387952 7.73313456773753 7.92629963159555 8.11946469545361 8.2470736026764 8.1780140399933 8.10895447731018 8.03989491462708
6.64963976277239 6.75599487887484 6.86234999497727 6.9687051110797 7.07506022718215 7.10020303726195 7.09827507866752 7.09634712007309 7.09441916147866 7.09249120288423 7.0905632442898 7.08863528569537 7.07736045784419 7.03804502222271 6.99872958660124 6.95941415097978 6.9200987153583 6.88078327973683 6.84146784411536 6.80215240849389 6.6556051373482 6.47331392102774 6.29102270470726 6.1087314883868 5.92644027206635 5.74414905574586 5.56185783942541 5.47083711756594 5.65362787908971 5.83641864061351 6.01920940213728 6.20200016366105 6.38479092518485 6.56758168670862 6.75037244823239 6.94450550476707 7.14241932630535 7.34033314784362 7.53824696938193 7.73616079092021 7.93407461245849 8.1319884339968 8.2676543182797 8.21657639079625 8.16549846331278 8.11442053582933
6.87489509317606 6.95504578219517 7.03519647121427 7.11534716023336 7.19549784925247 7.21533602476119 7.21507002909977 7.21480403343835 7.21453803777694 7.21427204211552 7.2140060464541 7.21374005079269 7.20189912054274 7.15533338652716 7.1087676525116 7.06220191849603 7.01563618448045 6.96907045046488 6.92250471644931 6.87593898243374 6.73995054165524 6.57415453195574 6.40835852225622 6.24256251255672 6.07676650285723 5.9109704931577 5.74517448345821 5.6603584117359 5.81848215394543 5.976605896155 6.13472963836453 6.29285338057406 6.45097712278362 6.60910086499316 6.76722460720269 6.9540292024612 7.15039408206935 7.3467589616775 7.54312384128567 7.73948872089381 7.93585360050196 8.13221848011014 8.27173921134738 8.24072749747171 8.20971578359604 8.17870406972038
7.02358925342556 7.09741127490994 7.17123329639431 7.24505531787868 7.31887733936307 7.33207641839979 7.32506784995395 7.31805928150811 7.31105071306227 7.30404214461643 7.29703357617059 7.29002500772475 7.27387957572937 7.23032355308532 7.18676753044128 7.14321150779724 7.09965548515319 7.05609946250915 7.01254343986511 6.96898741722106 6.84466737508775 6.69342599312466 6.54218461116154 6.39094322919846 6.23970184723537 6.08846046527225 5.93721908330917 5.8579170028368 5.99443282683683 6.1309486508369 6.26746447483693 6.40398029883697 6.54049612283703 6.67701194683707 6.8135277708371 6.98904540538784 7.17756364345546 7.36608188152308 7.55460011959073 7.74311835765834 7.93163659572596 8.12015483379361 8.25932828187943 8.25046736001968 8.24160643815994 8.2327455163002
