data/working_set_collections/6091692-Cassins_Sparrow-MC/2005/bio1.asc
NCOLS 265 
NROWS 230 
XLLCORNER -115.5625 
YLLCORNER 24.8333333333333 
CELLSIZE 0.0833333333333333 
NODATA_value -9999 
[rows 60 to 79 of 230, columns 92 to 137 of 265]
7.21368489000539 6.88777914312154 6.56187339623774 6.23596764935395 5.9100619024701 5.28847822959857 4.5683352480644 3.8481922665301 3.12804928499593 2.40790630346175 1.68776332192745 0.967620340393281 0.445902146740404 0.519458316732109 0.593014486723802 0.666570656715494 0.740126826707199 0.813682996698892 0.887239166690585 0.96079533668229 1.41280031899597 1.99095490541705 2.56910949183824 3.14726407825933 3.72541866468042 4.30357325110161 4.88172783752269 5.42045109271991 5.84088035424535 6.26130961577087 6.68173887729632 7.10216813882177 7.52259740034728 7.94302666187273 8.36345592339818 8.72038201491028 9.0561403830845 9.39189875125872 9.72765711943299 10.0634154876072 10.3991738557814 10.7349322239557 11.0240451892216 11.1732219457626 11.3223987023035 11.4715754588444
7.32019848028825 6.96004372437798 6.59988896846777 6.23973421255756 5.87957945664728 5.32958751441921 4.71631651008513 4.10304550575095 3.48977450141688 2.8765034970828 2.26323249274862 1.64996148841454 1.19761685210577 1.22805131987346 1.25848578764114 1.28892025540882 1.31935472317651 1.34978919094419 1.38022365871187 1.41065812647956 1.83317002952082 2.38637441098671 2.93957879245269 3.49278317391857 4.04598755538446 4.59919193685043 5.15239631831632 5.67534949779496 6.10754907131178 6.53974864482867 6.97194821834549 7.40414779186231 7.83634736537921 8.26854693889603 8.70074651241284 9.06169955730427 9.39890375932044 9.73610796133662 10.0733121633528 10.410516365369 10.7477205673852 11.0849247694014 11.3714716831842 11.5060467322666 11.6406217813491 11.7751968304315
7.42671207057113 7.03230830563443 6.6379045406978 6.24350077576116 5.84909701082447 5.37069679923985 4.86429777210588 4.35789874497182 3.85149971783785 3.34510069070389 2.83870166356983 2.33230263643587 1.9493315574712 1.93664432301487 1.92395708855853 1.9112698541022 1.89858261964586 1.88589538518953 1.8732081507332 1.86052091627686 2.25353974004572 2.78179391655639 3.31004809306716 3.83830226957784 4.36655644608852 4.89481062259929 5.42306479910997 5.93024790287004 6.37421778837823 6.8181876738865 7.26215755939469 7.70612744490289 8.15009733041115 8.59406721591935 9.03803710142754 9.40301709969828 9.74166713555641 10.0803171714145 10.4189672072727 10.7576172431309 11.096267278989 11.4349173148472 11.7188981771468 11.8388715187708 11.9588448603947 12.0788182020187
7.533225660854 7.10457288689088 6.67592011292782 6.24726733896477 5.81861456500165 5.41180608406048 5.01227903412662 4.6127519841927 4.21322493425884 3.81369788432498 3.41417083439105 3.01464378445719 2.70104626283663 2.64523732615627 2.58942838947593 2.53361945279558 2.47781051611522 2.42200157943487 2.36619264275452 2.31038370607416 2.67390945057061 3.17721342212608 3.68051739368164 4.18382136523711 4.68712533679258 5.19042930834814 5.69373327990361 6.18514630794512 6.64088650544468 7.09662670294433 7.55236690044389 8.00810709794346 8.4638472954431 8.91958749294267 9.37532769044223 9.74433464209229 10.0844305117924 10.4245263814925 10.7646222511926 11.1047181208927 11.4448139905928 11.784909860293 12.0663246711095 12.1716963052749 12.2770679394404 12.3824395736058
7.63973925113687 7.17683746814732 6.71393568515785 6.25103390216838 5.78813211917883 5.45291536888112 5.16026029614736 4.86760522341355 4.57495015067978 4.28229507794602 3.98964000521221 3.69698493247845 3.452760968202 3.35383032929762 3.25489969039326 3.1559690514889 3.05703841258453 2.95810777368016 2.85917713477581 2.76024649587143 3.09427916109547 3.57263292769573 4.05098669429608 4.52934046089635 5.00769422749662 5.48604799409697 5.96440176069724 6.44004471302018 6.90755522251111 7.37506573200213 7.84257624149307 8.31008675098401 8.77759726047502 9.24510776996596 9.7126182794569 10.0856521844863 10.4271938880283 10.7687355915704 11.1102772951125 11.4518189986545 11.7933607021966 12.1349024057387 12.413751165072 12.504521091779 12.595291018486 12.6860609451929
7.74625284141974 7.24910204940377 6.75195125738788 6.25480046537198 5.75764967335601 5.49402465370176 5.3082415581681 5.12245846263442 4.93667536710077 4.75089227156711 4.56510917603343 4.37932608049977 4.20447567356743 4.06242333243903 3.92037099131066 3.77831865018228 3.63626630905388 3.49421396792551 3.35216162679713 3.21010928566873 3.51464887162036 3.96805243326542 4.42145599491056 4.87485955655562 5.32826311820068 5.78166667984582 6.23507024149088 6.69494311809525 7.17422393957756 7.65350476105996 8.13278558254227 8.61206640402458 9.09134722550697 9.57062804698929 10.0499088684716 10.4269697268803 10.7699572642643 11.1129448016483 11.4559323390324 11.7989198764164 12.1419074138004 12.4848949511845 12.7611776590347 12.8373458782831 12.9135140975316 12.98968231678
7.44228960573693 6.92378830413038 6.40528700252391 5.88678570091745 5.36828439931089 5.15309980114311 5.0390207707883 4.92494174043346 4.81086271007865 4.69678367972383 4.582704649369 4.46862561901418 4.35537057485853 4.24458748930036 4.1338044037422 4.02302131818405 3.91223823262587 3.80145514706772 3.69067206150956 3.57988897595139 3.87258228063573 4.29976771540099 4.72695315016633 5.15413858493159 5.58132401969686 6.0085094544622 6.43569488922746 6.8756781445608 7.3540548615984 7.83243157863608 8.31080829567368 8.78918501271128 9.26756172974896 9.74593844678656 10.2243151638242 10.6092900594075 10.9631310145059 11.3169719696044 11.6708129247029 12.0246538798013 12.3784948348998 12.7323357899983 13.0152747233708 13.0855075915654 13.15574045976 13.2259733279546
6.72784954408829 6.20089623232701 5.67394292056582 5.14698960880463 4.62003629704335 4.43014081120505 4.35259793400778 4.2750550568105 4.19751217961323 4.11996930241596 4.04242642521868 3.96488354802142 3.90544567207503 3.90032279988136 3.89519992768769 3.89007705549401 3.88495418330034 3.87983131110667 3.874708438913 3.86958556671932 4.16807938814151 4.56777877410239 4.96747816006334 5.36717754602422 5.7668769319851 6.16657631794604 6.56627570390692 6.98224979241677 7.44704798857356 7.91184618473044 8.37664438088723 8.84144257704403 9.3062407732009 9.7710389693577 10.2358371655145 10.6326131820678 11.0067151387532 11.3808170954385 11.7549190521239 12.1290210088093 12.5031229654947 12.8772249221801 13.1760423580805 13.2490062316258 13.3219701051712 13.3949339787165
6.01340948243958 5.47800416052358 4.94259883860767 4.40719351669175 3.87178819477575 3.70718182126692 3.6661750972272 3.62516837318748 3.58416164914776 3.54315492510805 3.50214820106832 3.46114147702861 3.4555207692915 3.55605811046233 3.65659545163315 3.75713279280397 3.85767013397481 3.95820747514563 4.05874481631645 4.15928215748729 4.46357649564732 4.83578983280382 5.20800316996037 5.58021650711686 5.95242984427335 6.3246431814299 6.6968565185864 7.08882144027274 7.54004111554873 7.9912607908248 8.44248046610079 8.89370014137678 9.34491981665285 9.79613949192884 10.2473591672048 10.6559363047281 11.0502992630004 11.4446622212727 11.839025179545 12.2333881378173 12.6277510960896 13.0221140543619 13.3368099927902 13.4125048716863 13.4881997505823 13.5638946294784
5.29896942079088 4.75511208872015 4.21125475664951 3.66739742457887 3.12354009250815 2.98422283132879 2.97975226044663 2.97528168956446 2.9708111186823 2.96634054780013 2.96186997691796 2.9573994060358 3.00559586650796 3.21179342104331 3.41799097557862 3.62418853011393 3.83038608464928 4.03658363918459 4.2427811937199 4.44897874825525 4.75907360315314 5.10380089150524 5.4485281798574 5.7932554682095 6.1379827565616 6.48271004491376 6.82743733326587 7.19539308812872 7.63303424252391 8.07067539691917 8.50831655131435 8.94595770570954 9.3835988601048 9.82124001449998 10.2588811688952 10.6792594273884 11.0938833872476 11.5085073471068 11.9231313069661 12.3377552668253 12.7523792266844 13.1670031865437 13.4975776274999 13.5760035117467 13.6544293959935 13.7328552802403
4.58452935914223 4.03222001691678 3.47991067469142 2.92760133246606 2.37529199024061 2.26126384139073 2.29332942366611 2.3253950059415 2.35746058821688 2.38952617049226 2.42159175276765 2.45365733504303 2.55567096372446 2.86752873162431 3.1793864995241 3.4912442674239 3.80310203532375 4.11495980322354 4.42681757112334 4.73867533902319 5.05457071065892 5.37181195020664 5.68905318975441 6.00629442930212 6.32353566884984 6.64077690839761 6.95801814794533 7.30196473598469 7.72602736949907 8.15009000301352 8.57415263652791 8.99821527004229 9.42227790355675 9.84634053707112 10.2704031705855 10.7025825500488 11.1374675114948 11.5723524729409 12.0072374343871 12.4421223958332 12.8770073572793 13.3118923187255 13.6583452622095 13.7395021518071 13.8206590414047 13.9018159310023
3.87008929749353 3.30932794511335 2.74856659273326 2.18780524035318 1.627043887973 1.5383048514526 1.60690658688553 1.67550832231848 1.74411005775141 1.81271179318435 1.88131352861729 1.94991526405023 2.10574606094092 2.52326404220528 2.94078202346957 3.35830000473386 3.77581798599822 4.1933359672625 4.61085394852679 5.02837192979115 5.35006781816473 5.63982300890806 5.92957819965144 6.21933339039477 6.5090885811381 6.79884377188147 7.0885989626248 7.40853638384066 7.81902049647424 8.22950460910789 8.63998872174147 9.05047283437505 9.46095694700869 9.87144105964227 10.2819251722758 10.7259056727091 11.1810516357421 11.6361975987751 12.0913435618082 12.5464895248412 13.0016354878742 13.4567814509073 13.8191128969192 13.9030007918675 13.9868886868159 14.0707765817642
3.60053931176673 3.0568325966597 2.51312588155276 1.96941916644582 1.42571245133879 1.35293482144668 1.43713355329296 1.52133228513925 1.60553101698552 1.6897297488318 1.77392848067809 1.85812721252436 2.0352008571226 2.49089923997712 2.94659762283156 3.402296005686 3.85799438854051 4.31369277139495 4.76939115424939 5.22508953710391 5.54396214485163 5.81722616089708 6.09049017694257 6.36375419298802 6.63701820903347 6.91028222507897 7.18354624112442 7.48353208170988 7.86368339591545 8.2438347101211 8.62398602432667 9.00413733853225 9.38428865273789 9.76443996694347 10.144591281149 10.5963072538375 11.0718781126869 11.5474489715363 12.0230198303858 12.4985906892352 12.9741615480846 13.449732406934 13.828806063864 13.9183881150352 14.0079701662064 14.0975522173775
3.77587940196205 3.27473397155605 2.77358854115013 2.27244311074422 1.77129768033822 1.70515375137322 1.78401032288861 1.86286689440403 1.94172346591942 2.02058003743482 2.09943660895023 2.17829318046563 2.34403535226966 2.77043432493995 3.19683329761017 3.62323227028039 4.04963124295068 4.47603021562089 4.90242918829111 5.3288281609614 5.63625369071954 5.90402140617363 6.17178912162776 6.43955683708185 6.70732455253594 6.97509226799007 7.24285998344416 7.5269518295923 7.86001606782268 8.19308030605311 8.52614454428349 8.85920878251387 9.1922730207443 9.52533725897468 9.85840149720505 10.3137872934341 10.8099469423293 11.3061065912246 11.8022662401199 12.2984258890151 12.7945855379104 13.2907451868057 13.6874247630437 13.7856641213099 13.8839034795761 13.9821428378423
3.95121949215738 3.49263534645242 3.03405120074753 2.57546705504265 2.11688290933768 2.05737268129978 2.1308870924843 2.20440150366883 2.27791591485335 2.35143032603787 2.42494473722241 2.49845914840692 2.65286984741674 3.04996940990281 3.4470689723888 3.8441685348748 4.24126809736086 4.63836765984685 5.03546722233285 5.43256678481891 5.72854523658747 5.99081665145019 6.25308806631296 6.51535948117569 6.77763089603841 7.03990231090118 7.3021737257639 7.57037157747474 7.8563487397299 8.14232590198513 8.4283030642403 8.71428022649547 9.00025738875069 9.28623455100586 9.57221171326103 10.0312673330307 10.5480157719717 11.0647642109128 11.581512649854 12.098261088795 12.6150095277361 13.1317579666773 13.5460434622235 13.6529401275847 13.7598367929459 13.866733458307
4.12655958235271 3.71053672134879 3.29451386034493 2.87849099934107 2.46246813833714 2.40959161122635 2.47776386207999 2.54593611293364 2.61410836378728 2.68228061464092 2.75045286549458 2.81862511634822 2.96170434256383 3.32950449486566 3.69730464716743 4.0651047994692 4.43290495177104 4.80070510407281 5.16850525637458 5.53630540867641 5.82083678245539 6.07761189672675 6.33438701099816 6.59116212526952 6.84793723954088 7.10471235381229 7.36148746808365 7.61379132535717 7.85268141163713 8.09157149791714 8.33046158419711 8.56935167047707 8.80824175675708 9.04713184303705 9.28602192931702 9.7487473726272 10.2860846016141 10.823421830601 11.360759059588 11.898096288575 12.4354335175619 12.9727707465489 13.4046621614032 13.5202161338594 13.6357701063156 13.7513240787718
4.30189967254803 3.92843809624513 3.5549765199423 3.18151494363947 2.80805336733657 2.76181054115288 2.82464063167565 2.88747072219842 2.95030081272118 3.01313090324395 3.07596099376672 3.13879108428949 3.27053883771089 3.60903957982849 3.94754032194604 4.28604106406359 4.6245418061812 4.96304254829875 5.3015432904163 5.64004403253391 5.91312832832331 6.16440714200331 6.41568595568335 6.66696476936335 6.91824358304335 7.16952239672339 7.42080121040339 7.65721107323959 7.84901408354436 8.04081709384916 8.23262010415392 8.42442311445869 8.61622612476349 8.80802913506825 8.99983214537302 9.46622741222377 10.0241534312565 10.5820794502893 11.1400054693221 11.6979314883549 12.2558575073877 12.8137835264205 13.263280860583 13.3874921401342 13.5117034196854 13.6359146992365
4.47723976274336 4.1463394711415 3.8154391795397 3.4845388879379 3.15363859633604 3.11402947107945 3.17151740127133 3.22900533146323 3.28649326165511 3.343981191847 3.40146912203889 3.45895705223078 3.57937333285797 3.88857466479135 4.19777599672468 4.506977328658 4.81617866059138 5.12537999252471 5.43458132445803 5.74378265639141 6.00541987419123 6.25120238727987 6.49698490036855 6.74276741345718 6.98854992654582 7.2343324396345 7.48011495272314 7.70063082112202 7.84534675545158 7.99006268978117 8.13477862411073 8.2794945584403 8.42421049276988 8.56892642709944 8.713642361429 9.18370745182031 9.76222226089892 10.3407370699775 10.9192518790562 11.4977666881348 12.0762814972134 12.6547963062921 13.1218995597627 13.2547681464089 13.3876367330551 13.5205053197013
5.0590008921093 4.76255448394343 4.46610807577762 4.16966166761181 3.87321525944595 3.81854560176519 3.84446819424617 3.87039078672716 3.89631337920814 3.92223597168912 3.94815856417011 3.97408115665109 4.05456072952999 4.29871124360288 4.54286175767572 4.78701227174856 5.03116278582144 5.27531329989428 5.51946381396712 5.76361432804 6.00912673473355 6.25509310563401 6.50105947653451 6.74702584743496 6.99299221833542 7.23895858923592 7.48492496013638 7.69836351474124 7.81421862045921 7.9300737261772 8.04592883189517 8.16178393761315 8.27763904333114 8.39349414904911 8.50934925476708 8.9712087194124 9.5484029703669 10.1255972213214 10.702791472276 11.2799857232305 11.857179974185 12.4343742251395 12.9028122001224 13.04498134719 13.1871504942576 13.3293196413252
6.04718306064595 5.77708313465104 5.50698320865618 5.23688328266132 4.96678335666641 4.8753589332102 4.84349301060024 4.81162708799029 4.77976116538033 4.74789524277038 4.71602932016042 4.68416339755047 4.69610102772698 4.83944931626309 4.98279760479917 5.12614589333525 5.26949418187136 5.41284247040744 5.55619075894352 5.69953904747962 5.92424890995023 6.17607929706569 6.4279096841812 6.67974007129666 6.93157045841212 7.18340084552763 7.43523123264309 7.65040915409722 7.75562967856723 7.86085020303726 7.96607072750726 8.07129125197727 8.1765117764473 8.2817323009173 8.38695282538731 8.82873121500008 9.3826955596605 9.93665990432091 10.4906242489814 11.0445885936418 11.5985529383022 12.1525172829628 12.606018781662 12.7581317424774 12.9102447032929 13.0623576641083
