data/working_set_collections/6091692-Cassins_Sparrow-MC/2005/bio13.asc
NCOLS 265 
NROWS 230 
XLLCORNER -115.5625 
YLLCORNER 24.8333333333333 
CELLSIZE 0.0833333333333333 
NODATA_value -9999 
[rows 20 to 39 of 230, columns 46 to 91 of 265]
73.0031268755597 72.5319372071163 72.0607475386728 71.5895578702294 71.118368201786 70.6471785333426 69.5005169868475 68.1286981476685 66.7568793084892 65.3850604693101 64.0132416301311 62.6414227909518 61.2696039517728 59.5897161377812 56.9856213993504 54.38152666092 51.7774319224897 49.1733371840589 46.5692424456286 43.9651477071982 41.3610529687675 40.6945660591128 40.6739484257171 40.6533307923213 40.6327131589256 40.6120955255299 40.5914778921342 40.5708602587385 40.3351540883387 39.4541823069258 38.5732105255131 37.6922387441004 36.8112669626875 35.9302951812748 35.0493233998621 34.1683516184492 34.1329332828523 34.3793660958609 34.6257989088696 34.8722317218782 35.1186645348868 35.3650973478955 35.6115301609041 35.5691747506463 34.6604546705884 33.7517345905307
72.0113289197288 71.2409236378143 70.4705183558997 69.7001130739851 68.9297077920706 68.159302510156 66.8586730003363 65.3813020812147 63.9039311620929 62.4265602429714 60.9491893238498 59.471818404728 57.9944474856065 56.2983383920467 53.9460147751708 51.5936911582954 49.24136754142 46.8890439245441 44.5367203076687 42.1843966907932 39.8320730739174 39.1824469566347 39.10038667255 39.0183263884652 38.9362661043805 38.8542058202958 38.772145536211 38.6900852521263 38.4265623728438 37.6186517079674 36.8107410430912 36.0028303782149 35.1949197133385 34.3870090484622 33.579098383586 32.7711877187096 32.7592380046846 33.0126086076102 33.2659792105358 33.5193498134614 33.772720416387 34.0260910193127 34.2794616222383 34.2868268489841 33.5561759471895 32.8255250453951
71.0195309638981 69.9499100685124 68.8802891731266 67.810668277741 66.7410473823554 65.6714264869695 64.2168290138252 62.6339060147612 61.0509830156969 59.4680600166328 57.8851370175688 56.3022140185046 54.7192910194405 53.0069606463125 50.9064081509916 48.805855655671 46.7053031603504 44.6047506650295 42.504198169709 40.4036456743884 38.3030931790675 37.6703278541568 37.526824919383 37.3833219846093 37.2398190498355 37.0963161150618 36.952813180288 36.8093102455143 36.5179706573491 35.7831211090092 35.0482715606694 34.3134220123296 33.5785724639896 32.8437229156498 32.10887336731 31.37402381897 31.3855427265169 31.6458511193595 31.9061595122022 32.1664679050447 32.4267762978873 32.68708469073 32.9473930835726 33.0044789473219 32.4518972237907 31.8993155002597
70.0277330080672 68.6588964992104 67.2900599903534 65.9212234814967 64.5523869726399 63.1835504637829 61.5749850273139 59.8865099483074 58.1980348693006 56.5095597902941 54.8210847112876 53.1326096322808 51.4441345532743 49.715582900578 47.866801526812 46.0180201530464 44.1692387792807 42.3204574055147 40.4716760317491 38.6228946579834 36.7741132842174 36.1582087516787 35.953263166216 35.7483175807532 35.5433719952904 35.3384264098276 35.1334808243648 34.9285352389021 34.6093789418543 33.9475905100508 33.2858020782474 32.6240136464441 31.9622252146406 31.3004367828372 30.6386483510339 29.9768599192304 30.0118474483492 30.2790936311087 30.5463398138684 30.813585996628 31.0808321793875 31.3480783621472 31.6153245449068 31.7221310456597 31.3476185003918 30.9731059551241
68.9991689999902 67.4230214118962 65.846873823802 64.270726235708 62.6945786476141 61.1184310595198 59.491768487295 57.8482675870265 56.2047666867577 54.5612657864892 52.9177648862208 51.274263985952 49.6307630856835 47.9669262038341 46.2420813772416 44.5172365506493 42.7923917240571 41.0675468974646 39.3427020708723 37.6178572442801 35.8930124176875 35.2676891167959 35.0088729911381 34.7500568654803 34.4912407398225 34.2324246141647 33.9736084885068 33.714792362849 33.3749389860367 32.7919738557605 32.2090087254844 31.6260435952082 31.043078464932 30.4601133346559 29.8771482043798 29.2941830741035 29.3651426315307 29.6540770848591 29.9430115381876 30.231945991516 30.5208804448445 30.809814898173 31.0987493515014 31.2865726206038 31.1710623370276 31.0555520534514
67.9338389396672 66.24228480657 64.5507306734725 62.8591765403753 61.1676224072781 59.4760682741806 57.9671793937688 56.5191789309189 55.0711784680688 53.6231780052189 52.175177542369 50.7271770795189 49.279176616669 47.7609905560816 46.0322477022809 44.3035048484806 42.5747619946802 40.8460191408795 39.1172762870792 37.3885334332788 35.6597905794782 34.9987689495088 34.6936543941499 34.388539838791 34.0834252834321 33.7783107280733 33.4731961727144 33.1680816173555 32.8146507898969 32.3162711461386 31.8178915023805 31.3195118586224 30.8211322148642 30.3227525711061 29.8243729273479 29.3259932835897 29.4454282760619 29.7708014806111 30.0961746851603 30.4215478897094 30.7469210942585 31.0722942988077 31.3976675033568 31.6978036721546 31.9222287336984 32.1466537952421
66.8685088793441 65.0615482012437 63.2545875231429 61.4476268450424 59.640666166942 57.8337054888412 56.4425903002425 55.1900902748113 53.9375902493798 52.6850902239485 51.4325901985172 50.1800901730858 48.9275901476545 47.555054908329 45.8224140273202 44.0897731463118 42.3571322653033 40.6244913842945 38.891850503286 37.1592096222776 35.4265687412688 34.7298487822216 34.3784357971617 34.0270228121017 33.6756098270417 33.3241968419818 32.9727838569218 32.6213708718619 32.254362593757 31.8405684365168 31.4267742792767 31.0129801220365 30.5991859647964 30.1853918075562 29.7715976503161 29.357803493076 29.5257139205932 29.887525876363 30.2493378321329 30.6111497879027 30.9729617436726 31.3347736994425 31.6965856552123 32.1090347237055 32.6733951303692 33.2377555370328
65.8031788190211 63.8808115959173 61.9584443728133 60.0360771497096 58.1137099266058 56.1913427035018 54.9180012067163 53.8610016187036 52.8040020306908 51.7470024426781 50.6900028546655 49.6330032666526 48.57600367864 47.3491192605765 45.6125803523596 43.876041444143 42.1395025359264 40.4029636277095 38.6664247194929 36.9298858112763 35.1933469030594 34.4609286149344 34.0632172001734 33.6655057854123 33.2677943706514 32.8700829558904 32.4723715411293 32.0746601263683 31.6940743976171 31.3648657268949 31.0356570561728 30.7064483854507 30.3772397147285 30.0480310440064 29.7188223732843 29.3896137025622 29.6059995651244 30.004250272115 30.4025009791056 30.8007516860961 31.1990023930866 31.5972531000772 31.9955038070678 32.5202657752564 33.4245615270401 34.3288572788236
64.737848758698 62.7000749905911 60.6623012224838 58.6245274543768 56.5867536862698 54.5489799181625 53.3934121131901 52.531912962596 51.6704138120018 50.8089146614078 49.9474155108137 49.0859163602195 48.2244172096255 47.1431836128239 45.4027466773989 43.6623097419742 41.9218728065495 40.1814358711245 38.4409989356998 36.7005620002751 34.9601250648501 34.1920084476472 33.7479986031852 33.303988758723 32.859978914261 32.415969069799 31.9719592253368 31.5279493808748 31.1337862014772 30.8891630172731 30.644539833069 30.3999166488649 30.1552934646607 29.9106702804566 29.6660470962525 29.4214239120484 29.6862852096557 30.1209746678669 30.5556641260782 30.9903535842894 31.4250430425007 31.859732500712 32.2944219589232 32.9314968268073 34.1757279237109 35.4199590206142
63.672518698375 61.5193383852647 59.3661580721542 57.2129777590439 55.0597974459337 52.9066171328231 51.8688230196638 51.2028243064884 50.5368255933128 49.8708268801374 49.2048281669619 48.5388294537864 47.8728307406109 46.9372479650714 45.1929130024382 43.4485780398054 41.7042430771726 39.9599081145395 38.2155731519067 36.4712381892738 34.7269032266407 33.92308828036 33.4327800061969 32.9424717320337 32.4521634578706 31.9618551837075 31.4715469095443 30.9812386353812 30.5734980053373 30.4134603076512 30.2534226099651 30.093384912279 29.9333472145929 29.7733095169068 29.6132718192207 29.4532341215346 29.7665708541869 30.2376990636189 30.7088272730509 31.1799554824828 31.6510836919147 32.1222119013468 32.5933401107787 33.3427278783582 34.9268943203817 36.511060762405
63.4674758593244 61.3106152110634 59.1537545628019 56.9968939145409 54.8400332662798 52.6831726180184 51.77957461675 51.2937308311462 50.8078870455423 50.3220432599384 49.8361994743346 49.3503556887307 48.8645119031269 48.0511133299935 46.2550503942701 44.458987458547 42.6629245228239 40.8668615871005 39.0707986513774 37.2747357156544 35.478672779931 34.6368446509042 34.1130947907765 33.5893449306487 33.0655950705209 32.5418452103932 32.0180953502654 31.4943454901376 31.0701336966619 30.9445361031425 30.8189385096231 30.6933409161036 30.5677433225842 30.4421457290648 30.3165481355454 30.1909505420259 30.523601833979 31.0090027544231 31.4944036748672 31.9798045953112 32.4652055157553 32.9506064361994 33.4360073566434 34.2431637552044 36.0155865881175 37.7880094210302
64.1227202415469 62.0739054679874 60.0250906944276 57.9762759208681 55.9274611473086 53.8786463737488 53.1256669044493 52.80463253657 52.4835981686907 52.1625638008115 51.8415294329323 51.520495065053 51.1994606971737 50.4847797075908 48.5891588528949 46.6935379981994 44.7979171435039 42.902296288808 41.0066754341125 39.111054579417 37.2154337247212 36.3332775592802 35.7889429569243 35.2446083545683 34.7002737522123 34.1559391498564 33.6116045475004 33.0672699451445 32.6236932754514 32.4823904037473 32.3410875320432 32.1997846603391 32.058481788635 31.9171789169309 31.7758760452268 31.6345731735227 31.9573781490323 32.4348857402798 32.9123933315274 33.389900922775 33.8674085140225 34.3449161052701 34.8224236965176 35.632804457346 37.4418047269181 39.2508049964899
64.7779646237694 62.8371957249115 60.8964268260533 58.9556579271954 57.0148890283375 55.0741201294793 54.4717591921487 54.315534241994 54.1593092918394 54.0030843416847 53.8468593915301 53.6906344413754 53.5344094912208 52.9184460851882 50.9232673115199 48.928088537852 46.932909764184 44.9377309905158 42.9425522168478 40.9473734431799 38.9521946695116 38.0297104676563 37.4647911230722 36.899871778488 36.3349524339039 35.7700330893198 35.2051137447356 34.6401944001514 34.1772528542411 34.0202447043523 33.8632365544635 33.7062284045747 33.549220254686 33.3922121047972 33.2352039549084 33.0781958050196 33.3911544640856 33.8607687261366 34.3303829881878 34.7999972502388 35.2696115122898 35.7392257743409 36.2088400363919 37.0224451594876 38.8680228657189 40.7136005719498
65.4332090059919 63.6004859818356 61.767762957679 59.9350399335227 58.1023169093665 56.2695938852099 55.8178514798481 55.826435947418 55.835020414988 55.843604882558 55.8521893501279 55.8607738176979 55.8693582852679 55.3521124627857 53.257375770145 51.1626390775046 49.0679023848642 46.9731656922234 44.8784289995831 42.7836923069427 40.6889556143019 39.7261433760324 39.1406392892201 38.5551352024077 37.9696311155954 37.3841270287831 36.7986229419707 36.2131188551584 35.7308124330307 35.5580990049573 35.3853855768838 35.2126721488104 35.0399587207369 34.8672452926634 34.69453186459 34.5218184365165 34.824930779139 35.2866517119935 35.7483726448481 36.2100935777026 36.6718145105571 37.1335354434117 37.5952563762662 38.4120858616293 40.2942410045196 42.1763961474096
66.0884533882143 64.3637762387596 62.6390990893047 60.91442193985 59.1897447903953 57.4650676409403 57.1639437675473 57.3373376528419 57.5107315381365 57.684125423431 57.8575193087256 58.0309131940202 58.2043070793148 57.785778840383 55.5914842287698 53.397189617157 51.2028950055441 49.008600393931 46.8143057823182 44.6200111707053 42.4257165590922 41.4225762844084 40.8164874553679 40.2103986263273 39.6043097972868 38.9982209682463 38.3921321392057 37.7860433101652 37.2843720118203 37.0959533055621 36.907534599304 36.7191158930458 36.5306971867877 36.3422784805296 36.1538597742714 35.9654410680133 36.2587070941922 36.7125346978502 37.1663623015083 37.6201899051663 38.0740175088243 38.5278451124824 38.9816727161404 39.8017265637709 41.7204591433203 43.6391917228693
66.7436977704368 65.1270664956837 63.5104352209304 61.8938039461773 60.2771726714242 58.6605413966709 58.5100360552467 58.8482393582659 59.1864426612851 59.5246459643043 59.8628492673235 60.2010525703427 60.5392558733618 60.2194452179805 57.9255926873948 55.6317401568096 53.3378876262243 51.0440350956387 48.7501825650534 46.4563300344682 44.1624775038825 43.1190091927845 42.4923356215158 41.865662050247 41.2389884789783 40.6123149077097 39.9856413364409 39.3589677651722 38.8379315906099 38.6338076061671 38.4296836217243 38.2255596372815 38.0214356528386 37.8173116683958 37.613187683953 37.4090636995102 37.6924834092455 38.138417683707 38.5843519581686 39.0302862326301 39.4762205070916 39.9221547815532 40.3680890560147 41.1913672659126 43.146677282121 45.1019872983291
67.2025078773501 65.6605050510833 64.1185022248164 62.5764993985496 61.0344965722829 59.4924937460159 59.4419221560159 59.8884943114385 60.3350664668612 60.7816386222838 61.2282107777064 61.6747829331291 62.1213550885517 61.8611629062233 59.4806777106393 57.1001925150557 54.719707319472 52.339222123888 49.9587369283044 47.5782517327208 45.1977665371367 44.1443834622702 43.5333677609762 42.9223520596822 42.3113363583883 41.7003206570944 41.0893049558004 40.4782892545065 39.9789042684767 39.8144114282395 39.6499185880024 39.4854257477654 39.3209329075282 39.1564400672912 38.9919472270541 38.827454386817 39.1355415980019 39.6011554929943 40.0667693879867 40.5323832829791 40.9979971779714 41.4636110729639 41.9292249679563 42.7590082804356 44.6812998453772 46.6035914103185
67.4648837089541 65.9640919049584 64.4633001009624 62.9625082969667 61.4617164929711 59.9609246889751 59.9596020698546 60.4581025123594 60.9566029548643 61.4551033973692 61.953603839874 62.452104282379 62.9506047248838 62.7109319051111 60.2567392985028 57.8025466918948 55.3483540852869 52.8941614786786 50.4399688720707 47.9857762654627 45.5315836588544 44.498699092865 43.9395838737488 43.3804686546326 42.8213534355164 42.2622382164002 41.7031229972839 41.1440077781677 40.7072900454202 40.6377647717792 40.5682394981383 40.4987142244973 40.4291889508563 40.3596636772154 40.2901384035744 40.2206131299334 40.5878816604611 41.1007481257117 41.6136145909624 42.126481056213 42.6393475214636 43.1522139867143 43.665080451965 44.5046496073398 46.3243268330887 48.1440040588373
67.7272595405581 66.2676787588334 64.8080979771085 63.3485171953839 61.8889364136593 60.4293556319344 60.4772819836933 61.0277107132804 61.5781394428676 62.1285681724546 62.6789969020417 63.2294256316289 63.779854361216 63.5607009039989 61.0328008863663 58.5049008687341 55.9770008511018 53.4491008334692 50.921200815837 48.3933007982047 45.8654007805721 44.8530147234599 44.3457999865215 43.8385852495829 43.3313705126445 42.824155775706 42.3169410387675 41.809726301829 41.4356758223638 41.461118115319 41.4865604082742 41.5120027012294 41.5374449941845 41.5628872871397 41.5883295800949 41.6137718730501 42.0402217229204 42.6003407584293 43.1604597939383 43.7205788294471 44.280697864956 44.8408169004649 45.4009359359738 46.2502909342442 47.9673538208004 49.6844167073563
67.9896353721621 66.5712656127085 65.1528958532546 63.7345260938011 62.3161563343475 60.8977865748936 60.994961897532 61.5973189142013 62.1996759308708 62.8020329475401 63.4043899642094 64.0067469808789 64.6091039975482 64.4104699028868 61.8088624742298 59.2072550455733 56.6056476169168 54.0040401882598 51.4024327596033 48.8008253309467 46.1992179022898 45.2073303540548 44.7520160992941 44.2967018445333 43.8413875897726 43.3860733350118 42.930759080251 42.4754448254903 42.1640615993075 42.2844714588588 42.4048813184101 42.5252911779614 42.6457010375127 42.766110897064 42.8865207566154 43.0069306161667 43.4925617853798 44.0999333911469 44.7073049969141 45.3146766026812 45.9220482084483 46.5294198142155 47.1367914199826 47.9959322611485 49.610380808512 51.2248293558752
