data/working_set_collections/6091692-Cassins_Sparrow-MC/2005/bio16.asc
NCOLS 265 
NROWS 230 
XLLCORNER -115.5625 
YLLCORNER 24.8333333333333 
CELLSIZE 0.0833333333333333 
NODATA_value -9999 
[rows 200 to 219 of 230, columns 138 to 183 of 265]
216.713146845501 211.957788467408 207.202430089316 202.447071711224 196.627229181927 190.452558602228 184.27788802253 178.103217442831 171.928546863133 165.753876283435 159.579205703736 154.627482096354 153.344599405925 152.061716715495 150.778834025066 149.495951334636 148.213068644206 146.930185953777 145.647303263347 147.446657562256 150.273424190945 153.100190819634 155.926957448323 158.753724077013 161.580490705702 164.407257334391 166.340655475193 165.593948152331 164.847240829468 164.100533506606 163.353826183744 162.607118860881 161.860411538019 161.113704215156 162.852155049642 165.418991936577 167.985828823513 170.552665710449 173.119502597385 175.68633948432 178.253176371256 181.233695348103 185.455260594685 189.676825841267 193.898391087849 198.11995633443
218.070695622763 212.914658737183 207.758621851604 202.602584966025 196.676074345908 190.492739147612 184.309403949315 178.126068751018 171.942733552722 165.759398354426 159.576063156129 154.537124633789 152.931376139323 151.325627644857 149.719879150391 148.114130655925 146.508382161459 144.902633666993 143.296885172527 144.970743560791 147.7378042433 150.504864925808 153.271925608317 156.038986290826 158.806046973334 161.573107655843 163.469872580635 162.755750232273 162.041627883912 161.32750553555 160.613383187189 159.899260838827 159.185138490466 158.471016142104 160.486431376139 163.411692470974 166.336953565809 169.262214660644 172.187475755479 175.112736850314 178.037997945149 181.411493555704 186.129692713418 190.847891871133 195.566091028848 200.284290186562
219.428244400026 213.871529006959 208.314813613893 202.758098220827 196.724919509889 190.532919692995 184.3409198761 178.148920059205 171.956920242311 165.764920425417 159.572920608522 154.446767171224 152.518152872722 150.589538574219 148.660924275717 146.732309977214 144.803695678712 142.875081380209 140.946467081707 142.494829559326 145.202184295654 147.909539031982 150.616893768311 153.324248504639 156.031603240966 158.738957977295 160.599089686076 159.917552312216 159.236014938355 158.554477564494 157.872940190634 157.191402816773 156.509865442912 155.828328069052 158.120707702637 161.404393005371 164.688078308105 167.97176361084 171.255448913574 174.539134216308 177.822819519042 181.589291763304 186.804124832152 192.018957901 197.233790969847 202.448624038694
220.785793177288 214.828399276734 208.871005376181 202.913611475628 196.77376467387 190.573100238378 184.372435802885 178.171771367392 171.9711069319 165.770442496407 159.569778060914 154.356409708659 152.104929606121 149.853449503581 147.601969401042 145.350489298503 143.099009195964 140.847529093425 138.596048990886 140.018915557861 142.666564348009 145.314213138156 147.961861928304 150.609510718451 153.257159508599 155.904808298747 157.728306791518 157.079354392158 156.430401992798 155.781449593439 155.132497194079 154.483544794719 153.834592395359 153.185639995999 155.754984029134 159.397093539767 163.039203050401 166.681312561035 170.323422071668 173.965531582302 177.607641092936 181.767089970905 187.478556950885 193.190023930866 198.901490910846 204.612957890826
221.937748421565 215.561412938437 209.18507745531 202.808741972183 196.634278106691 190.52710478041 184.41993145413 178.312758127849 172.205584801569 166.098411475289 159.991238149008 154.815392515395 152.433529959785 150.051667404175 147.669804848565 145.287942292956 142.906079737346 140.524217181736 138.142354626126 139.452600479125 141.993549134995 144.534497790865 147.075446446736 149.616395102606 152.157343758476 154.698292414347 156.451320224338 155.840585496691 155.229850769043 154.619116041395 154.008381313748 153.3976465861 152.786911858453 152.176177130805 155.135638809203 159.285165956284 163.434693103365 167.584220250446 171.733747397527 175.883274544608 180.032801691689 184.682319005328 190.831806818641 196.981294631956 203.130782445269 209.280270258582
222.884110132855 216.070569992067 209.257029851279 202.443489710492 196.306459808351 190.394933319093 184.483406829836 178.571880340577 172.66035385132 166.748827362062 160.837300872804 155.823715591431 153.503953933716 151.184192276001 148.864430618286 146.544668960572 144.224907302857 141.905145645142 139.585383987427 140.795884323119 143.183138656615 145.570392990111 147.957647323608 150.344901657104 152.7321559906 155.119410324096 156.768129984538 156.201245625814 155.63436126709 155.067476908366 154.500592549642 153.933708190918 153.366823832194 152.79993947347 156.262672042846 161.068610254922 165.874548466999 170.680486679076 175.486424891152 180.292363103229 185.098301315306 190.334978866575 196.863874435422 203.39277000427 209.921665573117 216.450561141965
223.830471844145 216.579727045696 209.328982247248 202.0782374488 195.978641510011 190.262761857776 184.546882205541 178.831002553305 173.11512290107 167.399243248835 161.683363596599 156.832038667467 154.574377907648 152.316717147827 150.059056388008 147.801395628188 145.543734868368 143.286074108548 141.028413348728 142.139168167114 144.372728178236 146.606288189357 148.83984820048 151.073408211602 153.306968222723 155.540528233846 157.084939744738 156.561905754937 156.038871765137 155.515837775336 154.992803785536 154.469769795736 153.946735805935 153.423701816135 157.389705276488 162.85205455356 168.314403830632 173.776753107705 179.239102384777 184.70145166185 190.163800938922 195.987638727822 202.895942052203 209.804245376585 216.712548700966 223.620852025347
224.776833555435 217.088884099326 209.400934643217 201.712985187109 195.650823211671 190.130590396459 184.610357581246 179.090124766033 173.56989195082 168.049659135608 162.529426320395 157.840361743503 155.644801881579 153.449242019653 151.253682157729 149.058122295804 146.862562433879 144.667002571954 142.471442710029 143.482452011108 145.562317699856 147.642183388603 149.722049077351 151.801914766099 153.881780454847 155.961646143595 157.401749504937 156.92256588406 156.443382263184 155.964198642307 155.48501502143 155.005831400553 154.526647779677 154.0474641588 158.516738510131 164.635498852198 170.754259194266 176.873019536335 182.991779878402 189.11054022047 195.229300562539 201.640298589068 208.928009668983 216.215720748899 223.503431828814 230.791142908729
225.723195266726 217.598041152955 209.472887039186 201.347732925417 195.323004913331 189.998418935141 184.673832956951 179.349246978761 174.024661000571 168.700075022381 163.37548904419 158.84868481954 156.71522585551 154.58176689148 152.44830792745 150.31484896342 148.18138999939 146.04793103536 143.91447207133 144.825735855102 146.751907221476 148.678078587849 150.604249954223 152.530421320597 154.45659268697 156.382764053344 157.718559265137 157.283226013184 156.84789276123 156.412559509277 155.977226257324 155.541893005371 155.106559753418 154.671226501465 159.643771743773 166.418943150836 173.1941145579 179.969285964964 186.744457372027 193.519628779091 200.294800186155 207.292958450315 214.960077285763 222.627196121213 230.294314956662 237.961433792111
226.669556978016 218.107198206585 209.544839435155 200.982480663726 194.995186614991 189.866247473824 184.737308332657 179.608369191488 174.479430050321 169.350490909154 164.221551767986 159.857007895576 157.785649829441 155.714291763306 153.642933697171 151.571575631036 149.500217564901 147.428859498766 145.357501432631 146.169019699096 147.941496743096 149.713973787095 151.486450831095 153.258927875094 155.031404919094 156.803881963094 158.035369025336 157.643886142307 157.252403259277 156.860920376248 156.469437493218 156.077954610189 155.686471727159 155.29498884413 160.770804977416 168.202387449475 175.633969921533 183.065552393594 190.497134865653 197.928717337712 205.360299809772 212.945618311562 220.992144902544 229.038671493528 237.085198084511 245.131724675493
227.557497829863 218.658658854168 209.759819878474 200.86098090278 194.934821319581 189.999554867216 185.06428841485 180.129021962484 175.193755510119 170.258489057754 165.323222605388 161.183131663005 159.42856725057 157.674002838134 155.9194384257 154.164874013265 152.41030960083 150.655745188395 148.90118077596 149.748317209878 151.462687259249 153.177057308619 154.89142735799 156.605797407361 158.320167456731 160.034537506102 161.236425993176 160.900869793361 160.565313593545 160.22975739373 159.894201193914 159.558644994099 159.223088794283 158.887532594468 164.616882578529 172.367867957218 180.118853335907 187.869838714597 195.620824093286 203.371809471975 211.122794850665 219.031958050195 227.415654712249 235.799351374305 244.18304803636 252.566744698415
228.387017822268 219.252423095705 210.117828369143 200.983233642581 195.1419090271 190.398341115317 185.654773203533 180.911205291749 176.167637379965 171.424069468182 166.680501556397 162.827056121826 161.643978118896 160.460900115967 159.277822113037 158.094744110107 156.911666107177 155.728588104247 154.545510101318 155.56362838745 157.315478769937 159.067329152424 160.819179534911 162.571029917398 164.322880299885 166.074730682372 167.32173016866 167.054176966348 166.786623764037 166.519070561726 166.251517359415 165.983964157103 165.716410954792 165.448857752481 171.182004547117 178.915384674069 186.648764801022 194.382144927976 202.115525054929 209.848905181881 217.582285308835 225.551977666216 234.230606714881 242.909235763547 251.587864812212 260.266493860877
229.216537814673 219.846187337241 210.475836859811 201.105486382381 195.34899673462 190.797127363418 186.245257992216 181.693388621013 177.141519249811 172.589649878609 168.037780507406 164.470980580648 163.859388987223 163.247797393799 162.636205800374 162.024614206949 161.413022613525 160.8014310201 160.189839426676 161.378939565022 163.168270280625 164.957600996228 166.746931711832 168.536262427435 170.325593143038 172.114923858641 173.407034344143 173.207484139336 173.007933934529 172.808383729722 172.608833524915 172.409283320108 172.209733115301 172.010182910494 177.747126515704 185.462901390921 193.178676266137 200.894451141355 208.610226016572 216.326000891788 224.041775767006 232.071997282237 241.045558717512 250.019120152789 258.992681588064 267.966243023339
230.046057807077 220.439951578778 210.83384535048 201.227739122182 195.556084442139 191.195913611519 186.835742780899 182.475571950277 178.115401119657 173.755230289036 169.395059458415 166.114905039469 166.07479985555 166.034694671631 165.994589487711 165.954484303792 165.914379119873 165.874273935953 165.834168752034 167.194250742593 169.021061791313 170.847872840032 172.674683888752 174.501494937472 176.328305986191 178.155117034911 179.492338519626 179.360791312323 179.22924410502 179.097696897718 178.966149690415 178.834602483113 178.70305527581 178.571508068508 184.312248484292 192.010418107772 199.708587731253 207.406757354734 215.104926978215 222.803096601695 230.501266225177 238.592016898258 247.860510720144 257.12900454203 266.397498363916 275.665992185801
230.875577799482 221.033715820314 211.191853841148 201.349991861982 195.763172149659 191.59469985962 187.426227569581 183.257755279542 179.089282989503 174.920810699464 170.752338409424 167.758829498291 168.290210723876 168.821591949462 169.352973175048 169.884354400634 170.41573562622 170.947116851806 171.478498077391 173.009561920165 174.873853302001 176.738144683836 178.602436065672 180.466727447508 182.331018829344 184.19531021118 185.577642695108 185.51409848531 185.450554275512 185.387010065713 185.323465855915 185.259921646117 185.196377436319 185.132833226521 190.877370452878 198.557934824623 206.238499196367 213.919063568113 221.599627939857 229.280192311602 236.960756683347 245.112036514279 254.675462722774 264.238888931272 273.802315139767 283.365741348263
231.705097791886 221.627480061851 211.549862331816 201.472244601782 195.970259857178 191.993486107721 188.016712358264 184.039938608806 180.063164859349 176.086391109891 172.109617360433 169.402753957112 170.505621592203 171.608489227294 172.711356862385 173.814224497476 174.917092132567 176.019959767658 177.122827402749 178.824873097736 180.726644812688 182.62841652764 184.530188242593 186.431959957545 188.333731672497 190.235503387449 191.662946870591 191.667405658297 191.671864446003 191.676323233709 191.680782021415 191.685240809121 191.689699596827 191.694158384534 197.442492421465 205.105451541474 212.768410661482 220.431369781491 228.0943289015 235.757288021508 243.420247141517 251.6320561303 261.490414725405 271.348773320513 281.207131915618 291.065490510724
233.38076231215 223.094773610434 212.808784908721 202.522796207007 197.06162223816 193.208719846938 189.355817455716 185.502915064494 181.650012673273 177.797110282051 173.944207890829 171.437052790323 172.96713956197 174.497226333618 176.027313105265 177.557399876912 179.087486648559 180.617573420206 182.147660191853 184.030132166544 186.030065875582 188.029999584621 190.02993329366 192.029867002698 194.029800711737 196.029734420775 197.526601537068 197.514268875121 197.501936213175 197.489603551228 197.477270889282 197.464938227335 197.452605565388 197.440272903442 203.116205469765 210.688226445514 218.260247421262 225.832268397012 233.40428937276 240.976310348508 248.548331324258 256.715773476492 266.669479158186 276.623184839882 286.576890521577 296.530596203271
235.902571360273 225.435596466066 214.968621571861 204.501646677656 199.037259292603 195.240401077271 191.443542861939 187.646684646607 183.849826431275 180.052968215943 176.256110000611 173.861725997924 175.674764633178 177.487803268432 179.300841903686 181.113880538939 182.926919174193 184.739957809447 186.552996444701 188.625339126586 190.784116490681 192.942893854776 195.101671218871 197.260448582966 199.419225947061 201.578003311156 203.168606694538 203.054688135782 202.940769577025 202.826851018269 202.712932459513 202.599013900756 202.485095342 202.371176783243 207.898509597776 215.306259536741 222.714009475705 230.121759414671 237.529509353635 244.9372592926 252.345009231565 260.363188552854 270.212656021115 280.062123489378 289.911590957639 299.7610584259
238.424380408395 227.776419321697 217.128458235001 206.480497148304 201.012896347046 197.272082307604 193.531268268162 189.790454228719 186.049640189277 182.308826149835 178.568012110392 176.286399205525 178.382389704385 180.478380203246 182.574370702107 184.670361200967 186.766351699828 188.862342198688 190.958332697549 193.220546086628 195.538167105779 197.85578812493 200.173409144082 202.491030163233 204.808651182385 207.126272201536 208.810611852009 208.595107396442 208.379602940876 208.16409848531 207.948594029743 207.733089574177 207.517585118611 207.302080663044 212.680813725787 219.924292627968 227.167771530148 234.41125043233 241.654729334511 248.898208236691 256.141687138873 264.010603629215 273.755832884043 283.501062138873 293.246291393701 302.991520648529
240.946189456519 230.117242177329 219.288294898141 208.459347618954 202.98853340149 199.303763537937 195.618993674385 191.934223810832 188.24945394728 184.564684083727 180.879914220175 178.711072413126 181.090014775593 183.468957138061 185.847899500528 188.226841862995 190.605784225463 192.98472658793 195.363668950398 197.815753046671 200.292217720878 202.768682395086 205.245147069294 207.721611743502 210.19807641771 212.674541091918 214.45261700948 214.135526657104 213.818436304728 213.501345952351 213.184255599975 212.867165247599 212.550074895222 212.232984542846 217.463117853799 224.542325719195 231.621533584592 238.70074144999 245.779949315387 252.859157180784 259.938365046182 267.658018705577 277.299009746972 286.940000788369 296.580991829764 306.221982871158
