data/working_set_collections/6091692-Cassins_Sparrow-MC/2005/bio17.asc
NCOLS 265 
NROWS 230 
XLLCORNER -115.5625 
YLLCORNER 24.8333333333333 
CELLSIZE 0.0833333333333333 
NODATA_value -9999 
[rows 140 to 159 of 230, columns 184 to 229 of 265]
53.6293729464213 54.1769304805332 54.724488014645 55.9068824450173 57.3008891741432 58.6948959032691 60.0889026323952 61.4829093615211 62.876916090647 64.2709228197731 66.1121609157979 69.2950931125208 72.4780253092442 75.6609575059671 78.84388970269 82.0268218994135 85.2097540961364 88.3926862928593 89.417531522115 89.7230144288804 90.0284973356458 90.3339802424112 90.6394631491766 90.944946055942 91.2504289627075 92.2232202953756 95.1979369057541 98.1726535161332 101.147370126512 104.12208673689 107.096803347269 110.071519957648 113.046236568026 116.361991246541 119.7914252811 123.220859315659 126.650293350219 130.079727384778 133.509161419338 136.938595453898 140.350497012667 143.709801144069 147.069105275471 150.428409406873 153.787713538275 157.147017669677
52.8684095700582 53.4843352105882 54.1002608511182 55.3493877728778 56.8095817883807 58.2697758038835 59.7299698193866 61.1901638348894 62.6503578503923 64.1105518658954 66.016245863172 69.2584398057717 72.5006337483718 75.7428276909715 78.9850216335711 82.2272155761713 85.4694095187709 88.7116034613706 89.6874817530313 89.9079214943779 90.1283612357245 90.3488009770711 90.5692407184177 90.7896804597642 91.0101202011108 91.9097399605639 94.8468997743387 97.784059588114 100.721219401889 103.658379215664 106.595539029439 109.532698843214 112.469858656988 115.788825098673 119.235060416327 122.681295733981 126.127531051635 129.573766369289 133.020001686943 136.466237004597 139.898027971055 143.286485883924 146.674943796793 150.063401709662 153.451859622531 156.8403175354
52.1074461936951 52.7917399406433 53.4760336875915 54.7918931007384 56.3182744026182 57.8446557044979 59.371037006378 60.8974183082578 62.4237996101375 63.9501809120176 65.9203308105461 69.2217864990225 72.5232421874994 75.8246978759758 79.1261535644522 82.4276092529291 85.7290649414055 89.0305206298818 89.9574319839477 90.0928285598754 90.2282251358032 90.3636217117309 90.4990182876587 90.6344148635864 90.7698114395142 91.5962596257522 94.4958626429232 97.3954656600948 100.295068677266 103.194671694437 106.094274711608 108.99387772878 111.893480745951 115.215658950805 118.678695551554 122.141732152302 125.604768753051 129.0678053538 132.530841954548 135.993878555297 139.445558929443 142.863170623778 146.280782318115 149.69839401245 153.116005706786 156.533617401123
51.3464828173319 52.0991446706983 52.8518065240647 54.2343984285988 55.8269670168556 57.4195356051123 59.0121041933693 60.6046727816261 62.1972413698828 63.7898099581398 65.8244157579202 69.1851331922734 72.545850626627 75.9065680609801 79.2672854953332 82.6280029296869 85.98872036404 89.3494377983931 90.227382214864 90.277735625373 90.3280890358819 90.3784424463908 90.4287958568997 90.4791492674086 90.5295026779175 91.2827792909404 94.1448255115077 97.0068717320756 99.8689179526429 102.73096417321 105.593010393778 108.455056614345 111.317102834913 114.642492802937 118.12233068678 121.602168570624 125.082006454467 128.56184433831 132.041682222153 135.521520105997 138.99308988783 142.439855363633 145.886620839436 149.333386315239 152.780151791042 156.226917266845
50.7590459823607 51.5932874679564 52.427528953552 53.878537114461 55.535134167141 57.191731219821 58.8483282725013 60.5049253251814 62.1615223778614 63.8181194305417 65.9035027821851 69.27524503072 72.6469872792556 76.0187295277906 79.3904717763255 82.7622140248611 86.133956273396 89.505698521931 90.3469745000204 90.3447617212931 90.3425489425659 90.3403361638387 90.3381233851115 90.3359106063843 90.3336978276571 91.0367534849373 93.855614450242 96.6744754155472 99.493336380852 102.312197346157 105.131058311462 107.949919276767 110.768780242071 114.158177312215 117.73775308397 121.317328855725 124.896904627481 128.476480399237 132.056056170992 135.635631942748 139.222957865396 142.833534240721 146.444110616047 150.054686991373 153.665263366698 157.275839742024
50.3451356887817 51.2741683324176 52.2032009760536 53.7243091583249 55.4427758534746 57.1612425486242 58.8797092437741 60.5981759389237 62.3166426340734 64.0351093292233 66.1575918833407 69.4921220143626 72.8266521453851 76.1611822764071 79.495712407429 82.8302425384516 86.1647726694735 89.4993028004955 90.3162088394165 90.2939068476359 90.2716048558553 90.2493028640747 90.2270008722941 90.2046988805135 90.1823968887329 90.8581822077427 93.628229459126 96.3982767105098 99.1683239618931 101.938371213276 104.70841846466 107.478465716044 110.248512967427 113.762712478637 117.524962743123 121.287213007608 125.049463272094 128.811713536579 132.573963801065 136.336214065551 140.135162862141 144.044207255044 147.953251647948 151.862296040852 155.771340433755 159.680384826659
49.9312253952025 50.9550491968789 51.9788729985552 53.5700812021888 55.3504175398081 57.1307538774273 58.9110902150469 60.6914265526661 62.4717628902854 64.2520992279049 66.4116809844963 69.7089989980052 73.0063170115147 76.3036350250236 79.6009530385326 82.8982710520421 86.195589065551 89.4929070790599 90.2854431788127 90.2430519739787 90.2006607691447 90.1582695643107 90.1158783594768 90.0734871546428 90.0310959498088 90.6796109305482 93.40084446801 96.1220780054724 98.8433115429343 101.564545080396 104.285778617858 107.00701215532 109.728245692782 113.36724764506 117.312172402275 121.257097159491 125.202021916707 129.146946673922 133.091871431138 137.036796188354 141.047367858886 145.254880269367 149.462392679849 153.669905090331 157.877417500812 162.084929911295
49.5173151016234 50.6359300613401 51.7545450210568 53.4158532460528 55.2580592261416 57.1002652062305 58.9424711863197 60.7846771664085 62.6268831464974 64.4690891265866 66.6657700856519 69.9258759816478 73.1859818776443 76.4460877736402 79.7061936696361 82.9662995656326 86.2264054616285 89.4865113576244 90.2546775182088 90.1921971003215 90.1297166824341 90.0672362645467 90.0047558466594 89.942275428772 89.8797950108846 90.5010396533536 93.1734594768941 95.845879300435 98.5182991239754 101.190718947516 103.863138771057 106.535558594597 109.207978418138 112.971782811482 117.099382061428 121.226981311373 125.354580561319 129.482179811265 133.60977906121 137.737378311156 141.95957285563 146.46555328369 150.97153371175 155.47751413981 159.98349456787 164.48947499593
49.1034048080443 50.3168109258014 51.5302170435585 53.2616252899167 55.1657009124752 57.0697765350336 58.9738521575924 60.8779277801509 62.7820034027094 64.6860790252682 66.9198591868075 70.1427529652904 73.3656467437738 76.5885405222567 79.8114343007396 83.0343280792231 86.257221857706 89.4801156361889 90.223911857605 90.1413422266642 90.0587725957235 89.9762029647827 89.893633333842 89.8110637029013 89.7284940719605 90.3224683761591 92.9460744857781 95.5696805953975 98.1932867050165 100.816892814636 103.440498924255 106.064105033874 108.687711143493 112.576317977905 116.88659172058 121.196865463256 125.507139205932 129.817412948607 134.127686691283 138.437960433959 142.871777852375 147.676226298013 152.480674743651 157.285123189289 162.089571634927 166.894020080565
48.6894945144652 49.9976917902626 51.30588906606 53.1073973337806 55.0733425988087 57.0392878638368 59.0052331288652 60.9711783938933 62.9371236589214 64.9030689239498 67.1739482879631 70.359629948933 73.5453116099034 76.7309932708733 79.9166749318432 83.1023565928136 86.2880382537834 89.4737199147533 90.1931461970012 90.090487353007 89.9878285090129 89.8851696650187 89.7825108210246 89.6798519770305 89.5771931330363 90.1438970989646 92.7186894946621 95.2934818903601 97.8682742860577 100.443066681755 103.017859077453 105.592651473151 108.167443868848 112.180853144327 116.673801379733 121.166749615138 125.659697850544 130.15264608595 134.645594321356 139.138542556762 143.78398284912 148.886899312336 153.989815775552 159.092732238768 164.195648701984 169.298565165201
48.6473254203793 50.0289473533627 51.410569286346 53.2593475023901 55.2638444794543 57.2683414565186 59.2728384335831 61.2773354106474 63.2818323877116 65.2863293647762 67.5710280736279 70.6963319778433 73.8216358820591 76.9469397862745 80.0722436904898 83.1975475947057 86.322851498921 89.4481554031363 90.1312898000082 90.0003676944309 89.8694455888537 89.7385234832764 89.6076013776992 89.4766792721219 89.3457571665447 89.9059835222027 92.5396552615688 95.1733270009354 97.8069987403016 100.440670479668 103.074342219034 105.7080139584 108.341685697767 112.557062721251 117.299674839442 122.042286957633 126.784899075825 131.527511194016 136.270123312206 141.012735430398 145.920021608139 151.32132996453 156.722638320921 162.123946677312 167.525255033703 172.926563390094
48.976897525787 50.4105776151017 51.8442577044164 53.7174757957454 55.7372065544123 57.7569373130792 59.7766680717464 61.7963988304133 63.8161295890801 65.8358603477474 68.1110985438021 71.1528590520214 74.1946195602411 77.2363800684603 80.2781405766796 83.3199010848994 86.3616615931186 89.4034221013378 90.038342666626 89.8709832509359 89.7036238352458 89.5362644195557 89.3689050038656 89.2015455881755 89.0341861724854 89.6087276458734 92.4089717864982 95.2092159271236 98.0094600677484 100.809704208373 103.609948348998 106.410192489623 109.210436630248 113.704946708678 118.76421209971 123.823477490741 128.882742881774 133.942008272805 139.001273663837 144.060539054869 149.279894129433 154.979518254596 160.679142379759 166.378766504921 172.078390630084 177.778014755247
49.3064696311948 50.7922078768408 52.2779461224869 54.1756040891007 56.2105686293703 58.2455331696398 60.2804977099097 62.3154622501792 64.3504267904487 66.3853913307186 68.6511690139763 71.6093861261994 74.5676032384231 77.5258203506463 80.4840374628694 83.4422545750931 86.4004716873162 89.3586887995394 89.9453955332439 89.7415988074409 89.537802081638 89.334005355835 89.1302086300321 88.9264119042292 88.7226151784262 89.3114717695442 92.2782883114277 95.2451048533117 98.2119213951951 101.178737937079 104.145554478963 107.112371020846 110.07918756273 114.852830696105 120.228749359977 125.604668023849 130.980586687723 136.356505351595 141.732424015467 147.10834267934 152.639766650728 158.637706544662 164.635646438597 170.633586332531 176.631526226465 182.6294661204
49.6360417366025 51.1738381385799 52.7116345405573 54.633732382456 56.6839307043282 58.7341290262003 60.7843273480729 62.834525669945 64.8847239918172 66.9349223136897 69.1912394841504 72.0659132003775 74.9405869166051 77.8152606328321 80.6899343490592 83.5646080652868 86.4392817815138 89.3139554977409 89.8524483998617 89.6122143639459 89.3719803280301 89.1317462921143 88.8915122561986 88.6512782202828 88.411044184367 89.014215893215 92.1476048363571 95.2809937794998 98.414382722642 101.547771665784 104.681160608927 107.814549552069 110.947938495211 116.000714683532 121.693286620244 127.385858556957 133.078430493671 138.771002430384 144.463574367097 150.156146303811 155.999639172022 162.295894834728 168.592150497435 174.88840616014 181.184661822846 187.480917485553
49.9656138420102 51.555468400319 53.1453229586278 55.0918606758113 57.1572927792862 59.222724882761 61.2881569862361 63.353589089711 65.4190211931858 67.4844532966609 69.7313099543246 72.5224402745556 75.313570594787 78.104700915018 80.895831235249 83.6869615554805 86.4780918757114 89.2692221959424 89.7595012664796 89.4828299204509 89.2061585744223 88.9294872283936 88.652815882365 88.3761445363364 88.0994731903077 88.7169600168857 92.0169213612865 95.3168827056879 98.6168440500887 101.91680539449 105.216766738891 108.516728083292 111.816689427693 117.148598670958 123.157823880512 129.167049090066 135.17627429962 141.185499509174 147.194724718727 153.203949928282 159.359511693317 165.954083124794 172.548654556273 179.14322598775 185.737797419227 192.332368850706
50.2951859474179 51.9370986620581 53.5790113766983 55.5499889691667 57.6306548542441 59.7113207393216 61.7919866243994 63.8726525094769 65.9533183945543 68.0339842796321 70.2713804244988 72.9789673487337 75.686554272969 78.3941411972039 81.1017281214388 83.8093150456742 86.516901969909 89.2244888941439 89.6665541330974 89.3534454769559 89.0403368208145 88.7272281646729 88.4141195085315 88.10101085239 87.7879021962485 88.4197041405564 91.886237886216 95.352771631876 98.8193053775355 102.285839123195 105.752372868855 109.218906614515 112.685440360174 118.296482658385 124.622361140779 130.948239623174 137.274118105569 143.599996587963 149.925875070358 156.251753552753 162.719384214611 169.61227141486 176.505158615111 183.39804581536 190.290933015609 197.183820215859
50.6376476287838 52.3151666853158 53.9926857418479 56.0009171803788 58.1193860795757 60.2378549787726 62.3563238779699 64.4747927771668 66.5932616763637 68.711730575561 70.9589380264274 73.592361132303 76.2257842381789 78.8592073440545 81.49263044993 84.1260535558059 86.7594766616814 89.392899767557 89.7827425003052 89.4247251086765 89.0667077170478 88.7086903254191 88.3506729337905 87.9926555421618 87.6346381505331 88.2701234605569 91.8861168755415 95.5021102905267 99.1181037055113 102.734097120496 106.350090535481 109.966083950466 113.58207736545 119.445418739318 126.057876099479 132.67033345964 139.282790819802 145.895248179964 152.507705540125 159.120162900287 165.834707175359 172.855512195161 179.876317214964 186.897122234766 193.917927254568 200.938732274372
50.992998886108 52.6896724700923 54.3863460540766 56.4446453094478 58.623486455281 60.8023276011142 62.9811687469478 65.160009892781 67.3388510386142 69.5176921844477 71.7939827601108 74.3626216252636 76.9312604904169 79.4998993555698 82.0685382207226 84.6371770858759 87.2058159510288 89.7744548161816 90.108066368103 89.6966688156128 89.2852712631226 88.8738737106324 88.4624761581422 88.051078605652 87.6396810531617 88.2682179768872 92.0165583292632 95.7648986816399 99.513239034016 103.261579386392 107.009919738769 110.758260091145 114.506600443521 120.595406913756 127.46436875661 134.333330599465 141.20229244232 148.071254285175 154.940216128029 161.809177970885 168.705480575559 175.683805465696 182.662130355833 189.64045524597 196.618780136106 203.597105026243
51.3483501434323 53.0641782548688 54.7800063663053 56.8883734385168 59.1275868309863 61.3668002234558 63.6060136159256 65.8452270083951 68.0844404008646 70.3236537933345 72.6290274937941 75.1328821182243 77.6367367426549 80.1405913670851 82.6444459915153 85.1483006159459 87.6521552403762 90.1560098648064 90.4333902359009 89.9686125225492 89.5038348091974 89.0390570958456 88.5742793824939 88.1095016691421 87.6447239557903 88.2663124932174 92.146999782985 96.0276870727532 99.9083743625208 103.789061652288 107.669748942057 111.550436231824 115.431123521592 121.745395088194 128.870861413742 135.996327739289 143.121794064838 150.247260390386 157.372726715933 164.498193041482 171.57625397576 178.512098736231 185.447943496703 192.383788257173 199.319633017644 206.255477778115
51.7037014007565 53.4386840396453 55.173666678534 57.3321015675858 59.6316872066916 61.9312728457973 64.2308584849035 66.5304441240092 68.830029763115 71.1296154022211 73.4640722274773 75.9031426111849 78.3422129948928 80.7812833786004 83.220353762308 85.6594241460159 88.0984945297235 90.537564913431 90.7587141036988 90.2405562294855 89.7223983552722 89.2042404810588 88.6860826068455 88.1679247326322 87.6497668584189 88.2644070095477 92.2774412367067 96.2904754638665 100.303509691025 104.316543918185 108.329578145344 112.342612372503 116.355646599662 122.895383262633 130.277354070873 137.659324879114 145.041295687356 152.423266495597 159.805237303837 167.187208112079 174.447027375961 181.340392006766 188.233756637572 195.127121268376 202.020485899181 208.913850529987
