data/working_set_collections/6091692-Cassins_Sparrow-MC/2005/bio18.asc
NCOLS 265 
NROWS 230 
XLLCORNER -115.5625 
YLLCORNER 24.8333333333333 
CELLSIZE 0.0833333333333333 
NODATA_value -9999 
[rows 120 to 139 of 230, columns 184 to 229 of 265]
223.973347091674 226.593677732679 229.214008373683 232.994015121459 237.160580571491 241.327146021524 245.493711471557 249.660276921589 253.826842371621 257.993407821655 261.813274383544 264.593044281005 267.372814178466 270.152584075927 272.932353973388 275.71212387085 278.49189376831 281.271663665771 281.372211201986 280.579684617785 279.787158033584 278.994631449382 278.202104865181 277.40957828098 276.617051696778 275.802404488458 274.921395407784 274.040386327109 273.159377246434 272.278368165759 271.397359085084 270.516350004409 269.635340923734 268.928316752117 268.279287550185 267.630258348254 266.981229146322 266.332199944391 265.68317074246 265.034141540528 264.654244105022 265.081741968791 265.509239832561 265.93673769633 266.3642355601 266.791733423869
225.957791519164 228.672868728637 231.387945938109 234.966814041137 238.833612442015 242.700410842894 246.567209243774 250.434007644652 254.300806045531 258.16760444641 261.60272394816 263.742806752522 265.882889556885 268.022972361247 270.163055165609 272.303137969971 274.443220774333 276.583303578695 276.41250152588 275.471404520672 274.530307515463 273.589210510255 272.648113505047 271.707016499838 270.76591949463 269.832713953655 268.923182805381 268.013651657106 267.104120508831 266.194589360556 265.285058212281 264.375527064007 263.465995915732 262.842878723146 262.315232849122 261.787586975099 261.259941101075 260.732295227052 260.204649353028 259.677003479005 259.387744522096 259.813646316529 260.239548110963 260.665449905396 261.09135169983 261.517253494264
227.942235946654 230.752059724595 233.561883502535 236.939612960815 240.50664431254 244.073675664265 247.64070701599 251.207738367716 254.774769719441 258.341801071166 261.392173512776 262.892569224039 264.392964935303 265.893360646566 267.393756357829 268.894152069092 270.394547780355 271.894943491618 271.452791849773 270.363124423558 269.273456997343 268.183789571127 267.094122144912 266.004454718697 264.914787292481 263.863023418851 262.924970202977 261.986916987102 261.048863771228 260.110810555353 259.172757339479 258.234704123604 257.29665090773 256.757440694174 256.351178148059 255.944915601943 255.538653055828 255.132390509712 254.726127963597 254.319865417481 254.121244939169 254.545550664267 254.969856389364 255.394162114462 255.81846783956 256.242773564657
229.926680374145 232.831250720553 235.735821066961 238.912411880492 242.179676183064 245.446940485635 248.714204788207 251.981469090779 255.24873339335 258.515997695922 261.181623077392 262.042331695557 262.903040313721 263.763748931885 264.624457550049 265.485166168213 266.345874786377 267.206583404541 266.493082173666 265.254844326444 264.016606479222 262.778368632 261.540130784777 260.301892937555 259.063655090333 257.893332884048 256.926757600573 255.960182317099 254.993607033624 254.02703175015 253.060456466676 252.093881183201 251.127305899727 250.672002665203 250.387123446995 250.102244228788 249.81736501058 249.532485792373 249.247606574165 248.962727355958 248.854745356242 249.277455012004 249.700164667766 250.122874323528 250.545583979289 250.968293635051
231.911124801635 234.910441716511 237.909758631387 240.88521080017 243.852708053588 246.820205307006 249.787702560424 252.755199813842 255.72269706726 258.690194320678 260.971072642008 261.192094167074 261.413115692139 261.634137217204 261.855158742269 262.076180267335 262.2972017924 262.518223317465 261.53337249756 260.146564229331 258.759755961102 257.372947692872 255.986139424643 254.599331156414 253.212522888185 251.923642349244 250.92854499817 249.933447647096 248.938350296022 247.943252944948 246.948155593873 245.953058242799 244.957960891725 244.586564636232 244.423068745932 244.259572855633 244.096076965333 243.932581075034 243.769085184734 243.605589294435 243.588245773316 244.009359359742 244.430472946168 244.851586532594 245.272700119019 245.693813705445
233.895569229125 236.989632712469 240.083696195813 242.858009719848 245.525739924112 248.193470128376 250.861200332641 253.528930536905 256.196660741169 258.864390945434 260.760522206624 260.341856638591 259.923191070557 259.504525502523 259.085859934489 258.667194366456 258.248528798422 257.829863230388 256.573662821453 255.038284132217 253.502905442981 251.967526753745 250.432148064508 248.896769375273 247.361390686036 245.953951814441 244.930332395767 243.906712977093 242.883093558419 241.859474139745 240.83585472107 239.812235302396 238.788615883722 238.50112660726 238.459014044869 238.416901482477 238.374788920085 238.332676357694 238.290563795302 238.248451232911 238.32174619039 238.74126370748 239.160781224569 239.580298741659 239.999816258749 240.419333775839
236.001185099283 239.1196814643 242.238177829317 244.802855682372 247.182927364772 249.562999047173 251.943070729573 254.323142411973 256.703214094373 259.083285776774 260.63220676846 259.687675688002 258.743144607544 257.798613527086 256.854082446629 255.909551366171 254.965020285713 254.020489205255 252.631960805258 251.095433298747 249.558905792237 248.022378285726 246.485850779216 244.949323272706 243.412795766195 241.977427970039 240.845539304946 239.713650639852 238.581761974759 237.449873309666 236.317984644572 235.186095979479 234.054207314386 233.784668604533 233.802579879761 233.820491154989 233.838402430217 233.856313705445 233.874224980673 233.8921362559 234.022371927897 234.489580790202 234.956789652507 235.423998514811 235.891207377116 236.358416239421
238.227972412108 241.300587972004 244.3732035319 246.719748687743 248.824270375569 250.928792063394 253.03331375122 255.137835439046 257.242357126871 259.346878814697 260.586126327515 259.229551315308 257.872976303101 256.516401290894 255.159826278687 253.80325126648 252.446676254273 251.090101242066 249.708266448975 248.318011728923 246.927757008871 245.537502288819 244.147247568767 242.756992848715 241.366738128663 239.994070816041 238.674165725709 237.354260635377 236.034355545045 234.714450454713 233.394545364381 232.074640274049 230.754735183717 230.437190628052 230.453766250611 230.47034187317 230.486917495728 230.503493118287 230.520068740845 230.536644363404 230.69012298584 231.254310607911 231.818498229981 232.382685852051 232.946873474121 233.511061096192
240.454759724934 243.481494479708 246.508229234482 248.636641693115 250.465613386365 252.294585079616 254.123556772867 255.952528466118 257.781500159369 259.61047185262 260.54004588657 258.771426942614 257.002807998658 255.234189054702 253.465570110746 251.696951166789 249.928332222833 248.159713278877 246.784572092693 245.540590159099 244.296608225505 243.052626291911 241.808644358318 240.564662424724 239.32068049113 238.010713662042 236.502792146472 234.994870630901 233.48694911533 231.979027599759 230.471106084189 228.963184568618 227.455263053047 227.089712651571 227.10495262146 227.12019259135 227.135432561239 227.150672531128 227.165912501018 227.181152470907 227.357874043783 228.019040425619 228.680206807455 229.341373189291 230.002539571127 230.663705952963
242.68154703776 245.662400987412 248.643254937065 250.553534698486 252.106956397162 253.660378095838 255.213799794515 256.767221493191 258.320643191867 259.874064890543 260.493965445625 258.31330256992 256.132639694214 253.951976818509 251.771313942804 249.590651067099 247.409988191393 245.229325315688 243.86087773641 242.763168589275 241.665459442139 240.567750295004 239.470041147868 238.372332000733 237.274622853597 236.027356508044 234.331418567234 232.635480626425 230.939542685615 229.243604744806 227.547666803996 225.851728863187 224.155790922378 223.74223467509 223.75613899231 223.77004330953 223.78394762675 223.79785194397 223.81175626119 223.82566057841 224.025625101725 224.783770243327 225.541915384929 226.30006052653 227.058205668132 227.816350809733
244.908334350585 247.843307495116 250.778280639647 252.470427703857 253.748299407958 255.02617111206 256.304042816162 257.581914520263 258.859786224365 260.137657928467 260.44788500468 257.855178197226 255.262471389771 252.669764582317 250.077057774863 247.484350967408 244.891644159954 242.2989373525 240.937183380128 239.98574701945 239.034310658773 238.082874298096 237.131437937419 236.180001576742 235.228565216065 234.043999354045 232.160044987997 230.276090621949 228.392136255901 226.508181889853 224.624227523805 222.740273157757 220.856318791708 220.394756698609 220.40732536316 220.419894027711 220.432462692261 220.445031356812 220.457600021363 220.470168685914 220.693376159668 221.548500061035 222.403623962403 223.25874786377 224.113871765137 224.968995666504
247.135121663411 250.02421400282 252.91330634223 254.387320709228 255.389642418755 256.391964128282 257.394285837809 258.396607547336 259.398929256863 260.40125096639 260.401804563735 257.397053824532 254.392303085328 251.387552346124 248.382801606921 245.378050867717 242.373300128514 239.368549389311 238.013489023845 237.208325449626 236.403161875408 235.597998301189 234.79283472697 233.987671152751 233.182507578532 232.060642200047 229.98867140876 227.916700617473 225.844729826186 223.7727590349 221.700788243612 219.628817452326 217.556846661039 217.047278722128 217.058511734009 217.069744745891 217.080977757772 217.092210769654 217.103443781535 217.114676793417 217.361127217611 218.313229878744 219.265332539877 220.217435201009 221.169537862142 222.121640523275
249.498834609985 252.283606847126 255.068379084268 256.317230987548 257.054109446207 257.790987904866 258.527866363525 259.264744822184 260.001623280843 260.738501739502 260.482947879368 257.250097062854 254.017246246338 250.784395429824 247.551544613309 244.318693796794 241.08584298028 237.852992163765 236.541609700521 235.870716688368 235.199823676215 234.528930664063 233.85803765191 233.187144639757 232.516251627604 231.458778889974 229.241566975912 227.024355061849 224.807143147787 222.589931233725 220.372719319662 218.155507405599 215.938295491537 215.37416712443 215.36106660631 215.347966088189 215.334865570068 215.321765051948 215.308664533827 215.295564015706 215.556730990939 216.640700446235 217.72466990153 218.808639356825 219.89260881212 220.976578267415
251.999473190307 254.621486028034 257.243498865762 258.260158538818 258.741700490315 259.223242441813 259.70478439331 260.186326344808 260.667868296305 261.149410247803 260.69131495158 257.414307912192 254.137300872803 250.860293833415 247.583286794028 244.306279754639 241.029272715251 237.752265675864 236.521545410156 235.972920735677 235.424296061198 234.875671386719 234.32704671224 233.77842203776 233.229797363281 232.238409423829 229.918731689454 227.599053955078 225.279376220704 222.959698486329 220.640020751954 218.320343017579 216.000665283204 215.375421905518 215.314989980062 215.254558054606 215.19412612915 215.133694203695 215.073262278239 215.012830352783 215.280187479655 216.530911763509 217.781636047363 219.032360331217 220.283084615071 221.533808898925
254.500111770629 256.959365208943 259.418618647256 260.203086090088 260.429291534424 260.65549697876 260.881702423095 261.107907867431 261.334113311767 261.560318756103 260.899682023791 257.57851876153 254.257355499268 250.936192237007 247.615028974746 244.293865712484 240.972702450223 237.651539187962 236.501481119792 236.075124782986 235.648768446181 235.222412109375 234.796055772569 234.369699435764 233.943343098958 233.018039957683 230.595896402995 228.173752848308 225.75160929362 223.329465738933 220.907322184245 218.485178629558 216.06303507487 215.376676686605 215.268913353814 215.161150021023 215.053386688232 214.945623355442 214.837860022651 214.73009668986 215.00364396837 216.421123080783 217.838602193196 219.25608130561 220.673560418023 222.091039530436
257.000750350951 259.297244389851 261.593738428751 262.146013641357 262.116882578532 262.087751515706 262.058620452881 262.029489390055 262.00035832723 261.971227264404 261.108049096002 257.742729610868 254.377410125733 251.012090640599 247.646771155464 244.281451670329 240.916132185195 237.550812700061 236.481416829427 236.177328830295 235.873240831163 235.569152832031 235.265064832899 234.960976833767 234.656888834635 233.797670491537 231.273061116537 228.748451741537 226.223842366537 223.699232991537 221.174623616537 218.650014241537 216.125404866537 215.377931467692 215.222836727566 215.06774198744 214.912647247314 214.757552507189 214.602457767063 214.447363026937 214.727100457085 216.311334398057 217.89556833903 219.479802280002 221.064036220974 222.648270161946
259.501388931274 261.635123570759 263.768858210245 264.088941192627 263.80447362264 263.520006052653 263.235538482666 262.951070912679 262.666603342692 262.382135772705 261.316416168214 257.906940460206 254.497464752198 251.08798904419 247.678513336183 244.269037628174 240.859561920167 237.450086212159 236.461352539063 236.279532877604 236.097713216146 235.915893554688 235.734073893229 235.552254231771 235.370434570312 234.577301025391 231.950225830079 229.323150634766 226.696075439454 224.069000244141 221.441925048829 218.814849853516 216.187774658204 215.379186248779 215.176760101318 214.974333953857 214.771907806397 214.569481658936 214.367055511475 214.164629364014 214.4505569458 216.201545715332 217.952534484863 219.703523254394 221.454512023925 223.205500793457
262.002027511596 263.973002751668 265.943977991739 266.031868743896 265.492064666748 264.9522605896 264.412456512451 263.872652435303 263.332848358154 262.793044281006 261.524783240425 258.071151309544 254.617519378663 251.163887447782 247.710255516901 244.25662358602 240.802991655139 237.349359724258 236.441288248698 236.381736924913 236.322185601128 236.262634277344 236.203082953559 236.143531629774 236.08398030599 235.356931559245 232.62739054362 229.897849527995 227.16830851237 224.438767496746 221.70922648112 218.979685465495 216.250144449871 215.380441029867 215.130683475071 214.880925920275 214.631168365479 214.381410810683 214.131653255887 213.881895701091 214.174013434516 216.091757032606 218.009500630696 219.927244228786 221.844987826877 223.762731424967
263.225933456421 265.081156200832 266.936378945244 266.875931803386 266.176928032769 265.477924262153 264.778920491537 264.07991672092 263.380912950304 262.681909179688 261.313653861153 257.937643898859 254.561633936565 251.185623974271 247.809614011977 244.433604049683 241.05759408739 237.681584125096 236.859652074178 236.889079327053 236.918506579929 236.947933832804 236.97736108568 237.006788338555 237.036215591431 236.364525985718 233.589485804241 230.814445622762 228.039405441285 225.264365259807 222.489325078329 219.714284896851 216.939244715373 216.046631876628 215.781494818793 215.516357760959 215.251220703125 214.986083645291 214.720946587457 214.455809529622 214.774518500433 216.844765557182 218.915012613932 220.985259670681 223.05550672743 225.125753784179
263.173106765747 264.959583918253 266.74606107076 266.621130371094 265.859063720703 265.096997070313 264.334930419922 263.572863769532 262.810797119141 262.04873046875 260.683028030396 257.50641822815 254.329808425904 251.153198623658 247.976588821412 244.799979019166 241.62336921692 238.446759414674 237.716444015503 237.801560084025 237.886676152547 237.971792221069 238.056908289591 238.142024358113 238.227140426636 237.60008430481 234.836511611939 232.072938919068 229.309366226197 226.545793533326 223.782220840454 221.018648147583 218.255075454712 217.377758789062 217.129194132487 216.880629475911 216.632064819336 216.38350016276 216.134935506185 215.886370849609 216.252072143554 218.460571289062 220.66907043457 222.877569580077 225.086068725585 227.294567871093
