data/working_set_collections/6091692-Cassins_Sparrow-MC/2005/bio15.asc
NCOLS 265 
NROWS 230 
XLLCORNER -115.5625 
YLLCORNER 24.8333333333333 
CELLSIZE 0.0833333333333333 
NODATA_value -9999 
[rows 120 to 139 of 230, columns 184 to 229 of 265]
57.3155776977539 57.1399332682292 56.9642888387045 56.7699620564779 56.5694078233507 56.3688535902236 56.1682993570964 55.9677451239693 55.7671908908421 55.5666366577149 55.3128924581741 54.8995783593921 54.4862642606101 54.0729501618281 53.6596360630461 53.2463219642641 52.8330078654821 52.4196937667001 52.0996585210166 51.810716226366 51.5217739317154 51.2328316370647 50.9438893424142 50.6549470477636 50.3660047531129 49.9968129263986 49.3868725034928 48.7769320805869 48.1669916576812 47.5570512347754 46.9471108118695 46.3371703889637 45.7272299660579 44.666971810659 43.4566077444292 42.2462436781993 41.0358796119692 39.8255155457394 38.6151514795095 37.4047874132795 36.2689468383791 35.3566767374677 34.4444066365562 33.5321365356448 32.6198664347333 31.7075963338218
57.4588607788086 57.2605895996094 57.0623184204102 56.8205307006836 56.564237467448 56.3079442342123 56.0516510009766 55.795357767741 55.5390645345053 55.2827713012696 54.9764418601991 54.520003795624 54.0635657310487 53.6071276664736 53.1506896018984 52.6942515373232 52.237813472748 51.7813754081728 51.4415407180788 51.1405738194785 50.8396069208783 50.538640022278 50.2376731236778 49.9367062250775 49.6357393264772 49.2609282811485 48.6645847956342 48.0682413101199 47.4718978246056 46.8755543390913 46.2792108535769 45.6828673680626 45.0865238825483 44.0651946067813 42.9022034009301 41.739212195079 40.5762209892276 39.4132297833764 38.2502385775252 37.0872473716738 35.9955514272056 35.1177412668867 34.2399311065676 33.3621209462486 32.4843107859296 31.6065006256105
57.6021438598633 57.3812459309896 57.1603480021159 56.8710993448894 56.5590671115452 56.2470348782011 55.9350026448568 55.6229704115127 55.3109381781685 54.9989059448243 54.6399912622241 54.1404292318558 53.6408672014874 53.141305171119 52.6417431407507 52.1421811103822 51.6426190800139 51.1430570496455 50.7834229151409 50.470431412591 50.1574399100411 49.8444484074912 49.5314569049413 49.2184654023914 48.9054738998415 48.5250436358984 47.9422970877756 47.3595505396527 46.7768039915299 46.1940574434071 45.6113108952842 45.0285643471614 44.4458177990386 43.4634174029035 42.347799057431 41.2321807119585 40.1165623664859 39.0009440210134 37.8853256755409 36.7697073300682 35.7221560160321 34.8788057963056 34.035455576579 33.1921053568524 32.3487551371259 31.5054049173992
57.745426940918 57.5019022623698 57.2583775838217 56.9216679890951 56.5538967556424 56.1861255221898 55.8183542887371 55.4505830552844 55.0828118218317 54.715040588379 54.3035406642492 53.7608546680876 53.218168671926 52.6754826757645 52.132796679603 51.5901106834413 51.0474246872798 50.5047386911183 50.1253051122031 49.8002890057035 49.475272899204 49.1502567927044 48.8252406862049 48.5002245797053 48.1752084732057 47.7891589906483 47.220009379917 46.6508597691856 46.0817101584542 45.512560547723 44.9434109369915 44.3742613262602 43.8051117155289 42.8616401990257 41.7933947139319 40.7251492288381 39.6569037437441 38.5886582586503 37.5204127735565 36.4521672884625 35.4487606048586 34.6398703257245 33.8309800465903 33.0220897674563 32.2131994883222 31.404309209188
57.8887100219727 57.62255859375 57.3564071655274 56.9722366333009 56.5487263997397 56.1252161661785 55.7017059326173 55.2781956990561 54.854685465495 54.4311752319337 53.9670900662742 53.3812801043195 52.7954701423647 52.20966018041 51.6238502184552 51.0380402565004 50.4522302945457 49.866420332591 49.4671873092653 49.1301465988161 48.7931058883669 48.4560651779177 48.1190244674685 47.7819837570193 47.44494304657 47.0532743453982 46.4977216720584 45.9421689987185 45.3866163253787 44.8310636520388 44.2755109786989 43.7199583053591 43.1644056320193 42.259862995148 41.2389903704329 40.2181177457177 39.1972451210024 38.1763724962873 37.1554998715722 36.1346272468569 35.1753651936851 34.4009348551435 33.6265045166017 32.8520741780601 32.0776438395185 31.3032135009767
58.0319931030274 57.7432149251303 57.4544367472331 57.0228052775066 56.5435560438369 56.0643068101673 55.5850575764975 55.1058083428278 54.6265591091582 54.1473098754884 53.6306394682992 53.0017055405513 52.3727716128033 51.7438376850554 51.1149037573075 50.4859698295595 49.8570359018116 49.2281019740637 48.8090695063275 48.4600041919286 48.1109388775298 47.7618735631309 47.412808248732 47.0637429343331 46.7146776199342 46.3173897001481 45.7754339641997 45.2334782282513 44.691522492303 44.1495667563547 43.6076110204063 43.0656552844579 42.5236995485096 41.6580857912702 40.6845860269338 39.7110862625973 38.7375864982607 37.7640867339243 36.7905869695879 35.8170872052513 34.9019697825116 34.1619993845624 33.4220289866131 32.6820585886639 31.9420881907147 31.2021177927654
58.2913357098898 57.9612947569954 57.631253804101 57.1546504020692 56.6291928503249 56.1037352985807 55.5782777468364 55.0528201950922 54.527362643348 54.0019050916037 53.4483643213909 52.8105738957725 52.1727834701539 51.5349930445355 50.897202618917 50.2594121932984 49.62162176768 48.9838313420615 48.5655638058981 48.2204705662198 47.8753773265415 47.5302840868632 47.185190847185 46.8400976075067 46.4950043678284 46.0966247452631 45.5383859740365 44.9801472028097 44.4219084315831 43.8636696603565 43.3054308891297 42.7471921179031 42.1889533466765 41.3475479125978 40.4117535909019 39.475959269206 38.5401649475099 37.604370625814 36.6685763041181 35.732781982422 34.8545814355216 34.1491622130078 33.4437429904939 32.7383237679801 32.0329045454663 31.3274853229523
58.6667378425598 58.2767980893453 57.8868583361308 57.3677720069886 56.8056368192038 56.243501631419 55.6813664436341 55.1192312558493 54.5570960680645 53.9949608802796 53.4202646255495 52.8078851699831 52.1955057144166 51.5831262588502 50.9707468032839 50.3583673477174 49.745987892151 49.1336084365846 48.7366702079773 48.4115457216899 48.0864212354025 47.761296749115 47.4361722628276 47.1110477765402 46.7859232902527 46.3909794807435 45.7865777015687 45.1821759223939 44.5777741432191 43.9733723640443 43.3689705848695 42.7645688056947 42.16016702652 41.328249359131 40.4204930623374 39.5127367655439 38.6049804687501 37.6972241719566 36.789467875163 35.8817115783693 35.0332001527152 34.3624233404797 33.6916465282441 33.0208697160086 32.3500929037731 31.6793160915375
59.0421399752299 58.5923014216953 58.1424628681608 57.580893611908 56.9820807880827 56.3832679642573 55.7844551404318 55.1856423166064 54.5868294927811 53.9880166689556 53.392164929708 52.8051964441937 52.2182279586793 51.631259473165 51.0442909876507 50.4573225021363 49.870354016622 49.2833855311077 48.9077766100566 48.60262087716 48.2974651442634 47.9923094113668 47.6871536784702 47.3819979455736 47.076842212677 46.6853342162239 46.034769429101 45.384204641978 44.7336398548551 44.0830750677322 43.4325102806092 42.7819454934863 42.1313807063634 41.3089508056642 40.429232533773 39.5495142618818 38.6697959899904 37.7900777180991 36.9103594462079 36.0306411743165 35.2118188699088 34.5756844679516 33.9395500659943 33.3034156640372 32.66728126208 32.0311468601227
59.4175421079 58.9078047540454 58.3980674001907 57.7940152168275 57.1585247569615 56.5230342970956 55.8875438372295 55.2520533773636 54.6165629174976 53.9810724576315 53.3640652338665 52.8025077184043 52.240950202942 51.6793926874798 51.1178351720176 50.5562776565553 49.994720141093 49.4331626256308 49.0788830121359 48.7936960326301 48.5085090531244 48.2233220736186 47.9381350941129 47.6529481146071 47.3677611351013 46.9796889517044 46.2829611566333 45.5862333615622 44.8895055664912 44.1927777714201 43.496049976349 42.799322181278 42.1025943862069 41.2896522521974 40.4379720052085 39.5862917582196 38.7346115112306 37.8829312642417 37.0312510172528 36.1795707702638 35.3904375871024 34.7889455954235 34.1874536037446 33.5859616120657 32.9844696203869 32.382977628708
59.7929442405701 59.2233080863953 58.6536719322206 58.0071368217469 57.3349687258404 56.6628006299338 55.9906325340272 55.3184644381207 54.6462963422141 53.9741282463075 53.335965538025 52.7998189926149 52.2636724472047 51.7275259017945 51.1913793563844 50.6552328109742 50.1190862655641 49.5829397201539 49.2499894142151 48.9847711881002 48.7195529619853 48.4543347358704 48.1891165097555 47.9238982836406 47.6586800575256 47.2740436871848 46.5311528841656 45.7882620811463 45.0453712781272 44.302480475108 43.5595896720887 42.8166988690696 42.0738080660504 41.2703536987306 40.4467114766441 39.6230692545575 38.7994270324708 37.9757848103843 37.1521425882977 36.328500366211 35.569056304296 35.0022067228954 34.4353571414948 33.8685075600943 33.3016579786937 32.7348083972931
60.1683463732402 59.5388114187454 58.9092764642505 58.2202584266664 57.5114126947192 56.8025669627721 56.0937212308249 55.3848754988778 54.6760297669307 53.9671840349834 53.3078658421835 52.7971302668255 52.2863946914674 51.7756591161093 51.2649235407513 50.7541879653932 50.2434523900351 49.732716814677 49.4210958162944 49.1758463435703 48.9305968708463 48.6853473981222 48.4400979253981 48.194848452674 47.94959897995 47.5683984226652 46.7793446116979 45.9902908007305 45.2012369897632 44.4121831787959 43.6231293678285 42.8340755568612 42.0450217458939 41.2510551452638 40.4554509480796 39.6598467508954 38.8642425537111 38.0686383565269 37.2730341593427 36.4774299621583 35.7476750214896 35.2154678503673 34.683260679245 34.1510535081228 33.6188463370006 33.0866391658783
60.5864831606548 59.9133910602994 59.2402989599441 58.5272362391155 57.8008499781292 57.0744637171429 56.3480774561565 55.6216911951702 54.8953049341839 54.1689186731975 53.4996789932252 53.0018790562949 52.5040791193645 52.0062791824341 51.5084792455038 51.0106793085734 50.5128793716431 50.0150794347128 49.7301249504089 49.516118950314 49.3021129502191 49.0881069501241 48.8741009500291 48.6600949499342 48.4460889498392 48.0774329715306 47.2448270585803 46.41222114563 45.5796152326797 44.7470093197295 43.9144034067791 43.0817974938288 42.2491915808786 41.4620003382366 40.6899473190309 39.9178942998252 39.1458412806194 38.3737882614137 37.601735242208 36.8296822230022 36.120413239797 35.5994963645936 35.0785794893901 34.5576626141867 34.0367457389832 33.5158288637797
61.0473546028138 60.3470470110576 59.6467394193015 58.9280702590943 58.2032805760703 57.4784908930462 56.753701210022 56.028911526998 55.3041218439739 54.5793321609498 53.9114049911499 53.414065361023 52.916725730896 52.4193861007691 51.9220464706422 51.4247068405152 50.9273672103882 50.4300275802613 50.1770768165588 50.0055890083313 49.8341012001037 49.6626133918761 49.4911255836486 49.3196377754211 49.1481499671935 48.801147333781 47.927600224813 47.0540531158448 46.1805060068767 45.3069588979087 44.4334117889405 43.5598646799724 42.6863175710044 41.903189277649 41.150200589498 40.397211901347 39.6442232131959 38.8912345250448 38.1382458368938 37.3852571487427 36.6872709592184 36.1542922655742 35.6213135719299 35.0883348782858 34.5553561846416 34.0223774909973
61.5082260449728 60.7807029618158 60.0531798786589 59.3289042790732 58.6057111740113 57.8825180689495 57.1593249638876 56.4361318588258 55.712938753764 54.9897456487021 54.3231309890748 53.8262516657512 53.3293723424276 52.8324930191041 52.3356136957805 51.8387343724569 51.3418550491334 50.8449757258098 50.6240286827087 50.4950590663486 50.3660894499884 50.2371198336283 50.1081502172681 49.979180600908 49.8502109845479 49.5248616960315 48.6103733910456 47.6958850860596 46.7813967810738 45.866908476088 44.952420171102 44.0379318661161 43.1234435611303 42.3443782170614 41.6104538599651 40.8765295028688 40.1426051457724 39.408680788676 38.6747564315797 37.9408320744833 37.2541286786398 36.7090881665548 36.1640476544698 35.6190071423849 35.0739666303 34.528926118215
61.9690974871318 61.214358912574 60.4596203380163 59.729738299052 59.0081417719524 58.2865452448529 57.5649487177532 56.8433521906536 56.121755663554 55.4001591364543 54.7348569869996 54.2384379704794 53.7420189539592 53.245599937439 52.7491809209189 52.2527619043986 51.7563428878785 51.2599238713583 51.0709805488586 50.9845291243659 50.8980776998731 50.8116262753804 50.7251748508877 50.6387234263949 50.5522720019022 50.2485760582819 49.2931465572783 48.3377170562745 47.3822875552709 46.4268580542672 45.4714285532634 44.5159990522598 43.5605695512562 42.7855671564739 42.0707071304322 41.3558471043906 40.6409870783489 39.9261270523072 39.2112670262656 38.4964070002238 37.8209863980612 37.2638840675355 36.7067817370097 36.149679406484 35.5925770759584 35.0354747454326
62.4299689292908 61.6480148633322 60.8660607973736 60.1305723190308 59.4105723698935 58.6905724207562 57.9705724716187 57.2505725224814 56.530572573344 55.8105726242066 55.1465829849244 54.6506242752076 54.1546655654907 53.658706855774 53.1627481460572 52.6667894363403 52.1708307266236 51.6748720169068 51.5179324150085 51.4739991823831 51.4300659497578 51.3861327171325 51.3421994845071 51.2982662518818 51.2543330192565 50.9722904205323 49.9759197235109 48.9795490264893 47.9831783294679 46.9868076324465 45.9904369354249 44.9940662384035 43.997695541382 43.2267560958863 42.5309604008993 41.8351647059124 41.1393690109253 40.4435733159384 39.7477776209514 39.0519819259644 38.3878441174825 37.8186799685161 37.2495158195496 36.6803516705831 36.1111875216167 35.5420233726502
62.8908403714499 62.0816708140904 61.272501256731 60.5314063390097 59.8130029678346 59.0945995966595 58.3761962254843 57.6577928543092 56.9393894831341 56.2209861119589 55.5583089828492 55.0628105799358 54.5673121770223 54.0718137741089 53.5763153711956 53.0808169682821 52.5853185653687 52.0898201624553 51.9648842811584 51.9634692404005 51.9620541996425 51.9606391588846 51.9592241181267 51.9578090773687 51.9563940366108 51.6960047827828 50.6586928897436 49.6213809967042 48.584069103665 47.5467572106257 46.5094453175864 45.4721334245471 44.4348215315079 43.6679450352987 42.9912136713665 42.3144823074342 41.6377509435018 40.9610195795696 40.2842882156373 39.607556851705 38.9547018369039 38.3734758694968 37.7922499020895 37.2110239346823 36.6297979672751 36.0485719998678
63.1857629776002 62.3683799107871 61.550996843974 60.8222233454387 60.122986369663 59.4237493938872 58.7245124181113 58.0252754423355 57.3260384665597 56.6268014907838 55.9778543472291 55.4797767003378 54.9816990534465 54.4836214065552 53.985543759664 53.4874661127727 52.9893884658814 52.4913108189902 52.3965128580729 52.4361414591471 52.4757700602213 52.5153986612955 52.5550272623697 52.5946558634439 52.6342844645181 52.3991222063702 51.3395873705548 50.2800525347393 49.2205176989239 48.1609828631085 47.101448027293 46.0419131914776 44.9823783556622 44.2123412450155 43.5388033760919 42.8652655071684 42.1917276382447 41.5181897693211 40.8446519003975 40.1711140314738 39.5115099589031 38.8937072753907 38.2759045918783 37.658101908366 37.0402992248537 36.4224965413412
63.3147367477418 62.5081421534222 61.7015475591026 61.003023338318 60.3405225753785 59.6780218124391 59.0155210494996 58.3530202865602 57.6905195236207 57.0280187606812 56.405219078064 55.9015226364136 55.3978261947632 54.8941297531128 54.3904333114625 53.886736869812 53.3830404281617 52.8793439865113 52.8128181457519 52.892015838623 52.971213531494 53.0504112243651 53.1296089172362 53.2088066101073 53.2880043029784 53.0816426912945 52.0186031659446 50.9555636405945 49.8925241152447 48.8294845898948 47.7664450645447 46.7034055391949 45.640366013845 44.8599447250366 44.1737295150757 43.4875143051148 42.8012990951538 42.1150838851929 41.428868675232 40.742653465271 40.0582684834799 39.379374186198 38.7004798889161 38.0215855916342 37.3426912943524 36.6637969970704
