data/working_set_collections/6091692-Cassins_Sparrow-MC/2005/bio17.asc
NCOLS 265 
NROWS 230 
XLLCORNER -115.5625 
YLLCORNER 24.8333333333333 
CELLSIZE 0.0833333333333333 
NODATA_value -9999 
[rows 60 to 79 of 230, columns 184 to 229 of 265]
76.9163323720294 78.1345488230384 79.3527652740475 79.6720869064331 79.6917769326104 79.7114669587877 79.731156984965 79.7508470111423 79.7705370373196 79.7902270634969 79.8457279417249 80.0086613761053 80.1715948104858 80.3345282448662 80.4974616792466 80.660395113627 80.8233285480074 80.9862619823878 81.3455988566079 81.7704035441079 82.1952082316079 82.6200129191079 83.0448176066079 83.4696222941079 83.894426981608 84.4139959335325 85.217857678731 86.0217194239297 86.8255811691282 87.6294429143267 88.4333046595254 89.2371664047239 90.0410281499224 90.6093892415363 91.0992501152885 91.5891109890406 92.0789718627928 92.568832736545 93.0586936102971 93.5485544840493 94.28581061893 95.765252537197 97.2446944554643 98.7241363737314 100.203578291998 101.683020210266
77.1631954193113 78.3328736623125 79.5025519053138 79.8114847183227 79.8335023880005 79.8555200576782 79.8775377273559 79.8995553970337 79.9215730667114 79.9435907363891 80.0262737909952 80.2909530003864 80.5556322097777 80.820311419169 81.0849906285602 81.3496698379515 81.6143490473427 81.879028256734 82.2067749023435 82.5555440266925 82.9043131510414 83.2530822753905 83.6018513997394 83.9506205240884 84.2993896484374 84.7648846308388 85.580557187398 86.3962297439573 87.2119023005165 88.0275748570757 88.843247413635 89.6589199701942 90.4745925267534 91.0731597900389 91.5993586222329 92.1255574544269 92.6517562866209 93.1779551188149 93.7041539510089 94.2303527832029 95.0044197718298 96.5220912297561 98.0397626876827 99.557434145609 101.075105603535 102.592777061462
77.4100584665932 78.5311985015866 79.6523385365801 79.9508825302124 79.9752278433905 79.9995731565687 80.0239184697469 80.048263782925 80.0726090961032 80.0969544092814 80.2068196402655 80.5732446246676 80.9396696090697 81.3060945934718 81.6725195778739 82.038944562276 82.4053695466781 82.7717945310802 83.0679509480792 83.3406845092772 83.6134180704751 83.886151631673 84.158885192871 84.4316187540689 84.7043523152668 85.1157733281451 85.943256696065 86.770740063985 87.5982234319049 88.4257067998247 89.2531901677447 90.0806735356646 90.9081569035845 91.5369303385415 92.0994671291773 92.6620039198131 93.224540710449 93.7870775010849 94.3496142917207 94.9121510823566 95.7230289247296 97.2789299223153 98.8348309199012 100.390731917487 101.946632915072 103.502533912658
77.6569215138751 78.7295233408607 79.8021251678464 80.090280342102 80.1169532987806 80.1436262554592 80.1702992121378 80.1969721688164 80.223645125495 80.2503180821736 80.3873654895357 80.8555362489487 81.3237070083617 81.7918777677746 82.2600485271876 82.7282192866006 83.1963900460135 83.6645608054265 83.929126993815 84.1258249918618 84.3225229899087 84.5192209879556 84.7159189860025 84.9126169840494 85.1093149820963 85.4666620254514 86.305956204732 87.1452503840127 87.9845445632932 88.8238387425738 89.6631329218545 90.502427101135 91.3417212804156 92.0007008870441 92.5995756361218 93.1984503851994 93.7973251342772 94.3961998833548 94.9950746324325 95.5939493815102 96.4416380776295 98.0357686148744 99.6298991521196 101.224029689364 102.818160226609 104.412290763855
77.903784561157 78.9278481801348 79.9519117991127 80.2296781539917 80.2586787541707 80.2876793543497 80.3166799545288 80.3456805547078 80.3746811548868 80.4036817550659 80.567911338806 81.1378278732298 81.7077444076536 82.2776609420774 82.8475774765012 83.4174940109251 83.9874105453489 84.5573270797726 84.7903030395506 84.9109654744465 85.0316279093423 85.1522903442382 85.272952779134 85.3936152140298 85.5142776489257 85.8175507227577 86.668655713399 87.5197607040403 88.3708656946815 89.2219706853228 90.0730756759641 90.9241806666054 91.7752856572466 92.4644714355467 93.0996841430662 93.7348968505857 94.3701095581053 95.0053222656248 95.6405349731442 96.2757476806638 97.1602472305293 98.7926073074335 100.424967384338 102.057327461242 103.689687538146 105.322047615051
78.1506476084389 79.1261730194089 80.101698430379 80.3690759658813 80.4004042095608 80.4317324532403 80.4630606969197 80.4943889405992 80.5257171842787 80.5570454279582 80.7484571880763 81.4201194975109 82.0917818069456 82.7634441163803 83.4351064258149 84.1067687352496 84.7784310446843 85.4500933541189 85.6514790852863 85.6961059570311 85.7407328287759 85.7853597005207 85.8299865722656 85.8746134440103 85.9192403157551 86.1684394200641 87.031355222066 87.894271024068 88.7571868260699 89.6201026280718 90.4830184300739 91.3459342320758 92.2088500340777 92.9282419840493 93.5997926500106 94.271343315972 94.9428939819334 95.6144446478947 96.285995313856 96.9575459798175 97.8788563834292 99.5494459999926 101.220035616556 102.89062523312 104.561214849683 106.231804466247
78.5095637639361 79.4998816384207 80.4901995129052 80.7974301020303 80.8769649293687 80.956499756707 81.0360345840453 81.1155694113836 81.1951042387219 81.2746390660602 81.5130096435544 82.2278874715166 82.9427652994789 83.6576431274411 84.3725209554033 85.0873987833656 85.8022766113278 86.51715443929 86.6833613713581 86.6666780047945 86.6499946382309 86.6333112716674 86.6166279051038 86.5999445385402 86.5832611719766 86.7748624377778 87.5913176006738 88.4077727635699 89.2242279264659 90.040683089362 90.8571382522581 91.6735934151541 92.4900485780501 93.20212504069 93.8794086032442 94.5566921657984 95.2339757283527 95.911259290907 96.5885428534612 97.2658264160155 98.2058808644609 99.9342479705806 101.662615076701 103.39098218282 105.11934928894 106.84771639506
78.9805330276487 80.0489740371701 81.1174150466915 81.5147405624388 81.6883609135944 81.86198126475 82.0356016159056 82.2092219670611 82.3828423182167 82.5564626693723 82.8615687052405 83.561131795247 84.2606948852536 84.96025797526 85.6598210652665 86.3593841552731 87.0589472452796 87.758510335286 87.8859498977659 87.8226816177366 87.7594133377073 87.696145057678 87.6328767776488 87.5696084976195 87.5063402175902 87.636819775899 88.3485428492225 89.0602659225462 89.7719889958697 90.4837120691932 91.1954351425169 91.9071582158405 92.618881289164 93.2861206054686 93.9385320027668 94.5909434000649 95.2433547973632 95.8957661946613 96.5481775919594 97.2005889892577 98.1413206736243 99.9470132191971 101.75270576477 103.558398310343 105.364090855916 107.169783401489
79.4515022913612 80.5980664359195 81.7446305804778 82.2320510228473 82.4997568978202 82.767462772793 83.0351686477659 83.3028745227388 83.5705803977116 83.8382862726845 84.2101277669267 84.8943761189775 85.5786244710283 86.2628728230791 86.9471211751298 87.6313695271807 88.3156178792314 88.9998662312822 89.0885384241738 88.9786852306788 88.8688320371839 88.7589788436888 88.6491256501938 88.5392724566989 88.4294192632038 88.4987771140202 89.1057680977713 89.7127590815224 90.3197500652735 90.9267410490245 91.5337320327757 92.1407230165268 92.7477140002779 93.3701161702473 93.9976554022893 94.6251946343314 95.2527338663736 95.8802730984156 96.5078123304577 97.1353515624999 98.0767604827877 99.9597784678136 101.84279645284 103.725814437866 105.608832422892 107.491850407918
79.9224715550738 81.147158834669 82.3718461142642 82.9493614832559 83.311152882046 83.6729442808361 84.0347356796263 84.3965270784164 84.7583184772065 85.1201098759967 85.558686828613 86.227620442708 86.8965540568031 87.5654876708981 88.2344212849931 88.9033548990883 89.5722885131833 90.2412221272783 90.2911269505818 90.134688843621 89.9782507366604 89.8218126296996 89.6653745227389 89.5089364157782 89.3524983088175 89.3607344521414 89.86299334632 90.3652522404987 90.8675111346773 91.3697700288559 91.8720289230345 92.3742878172131 92.8765467113917 93.4541117350259 94.0567788018119 94.6594458685979 95.262112935384 95.86478000217 96.467447068956 97.0701141357421 98.0122002919511 99.9725437164301 101.932887140909 103.893230565389 105.853573989868 107.813917414347
80.3934408187863 81.6962512334184 82.9990616480505 83.6666719436644 84.1225488662717 84.5784257888791 85.0343027114866 85.4901796340939 85.9460565567013 86.4019334793088 86.9072458902991 87.5608647664384 88.2144836425778 88.8681025187171 89.5217213948564 90.1753402709957 90.828959147135 91.4825780232743 91.4937154769896 91.2906924565632 91.0876694361367 90.8846464157103 90.6816233952839 90.4786003748575 90.275577354431 90.2226917902626 90.6202185948687 91.0177453994749 91.415272204081 91.8127990086872 92.2103258132933 92.6078526178995 93.0053794225056 93.5381072998046 94.1159022013345 94.6936971028644 95.2714920043944 95.8492869059243 96.4270818074543 97.0048767089843 97.9476401011144 99.9853089650466 102.022977828979 104.060646692911 106.098315556843 108.135984420776
80.8644100824989 82.2453436321679 83.6262771818368 84.3839824040729 84.9339448504975 85.4839072969222 86.0338697433469 86.5838321897716 87.1337946361962 87.683757082621 88.2558049519853 88.8941090901689 89.5324132283526 90.1707173665361 90.8090215047197 91.4473256429033 92.0856297810869 92.7239339192705 92.6963040033975 92.4466960695054 92.1970881356132 91.9474802017211 91.697872267829 91.4482643339368 91.1986564000447 91.0846491283839 91.3774438434175 91.6702385584512 91.9630332734848 92.2558279885185 92.5486227035521 92.8414174185858 93.1342121336194 93.6221028645832 94.1750256008571 94.7279483371309 95.2808710734049 95.8337938096787 96.3867165459525 96.9396392822265 97.8830799102778 99.9980742136631 102.113068517049 104.228062820434 106.343057123819 108.458051427205
81.3626504898068 82.857763184441 84.3528758790753 85.1206044514972 85.6458716498479 86.1711388481986 86.6964060465493 87.2216732449 87.7469404432507 88.2722076416015 88.8022314283582 89.346524980333 89.8908185323079 90.4351120842827 90.9794056362576 91.5236991882325 92.0679927402073 92.6122862921821 92.5563292185468 92.3002886030411 92.0442479875355 91.7882073720298 91.5321667565242 91.2761261410186 91.0200855255129 90.9202048195734 91.2888038423326 91.657402865092 92.0260018878513 92.3946009106105 92.7631999333699 93.1317989561292 93.5003979788884 93.9842514673867 94.5065231111313 95.0287947548758 95.5510663986204 96.073338042365 96.5956096861096 97.1178813298542 98.0528365453079 100.22584247589 102.398848406473 104.571854337056 106.744860267638 108.917866198221
81.8881620407101 83.533509890238 85.1788577397658 85.8765380859373 86.2583292643227 86.6401204427081 87.0219116210936 87.403702799479 87.7854939778645 88.16728515625 88.5465253194173 88.9181124369303 89.2896995544434 89.6612866719564 90.0328737894694 90.4044609069825 90.7760480244956 91.1476351420086 91.0737911224368 90.8514700571699 90.629148991903 90.406827926636 90.1845068613691 89.9621857961022 89.7398647308352 89.7293588638306 90.3542985916137 90.979238319397 91.6041780471801 92.2291177749632 92.8540575027465 93.4789972305296 94.1039369583127 94.6245531082151 95.1103947321572 95.5962363560992 96.0820779800413 96.5679196039834 97.0537612279254 97.5396028518675 98.4569100062047 100.668613751729 102.880317497253 105.092021242777 107.303724988301 109.515428733825
82.4136735916134 84.2092565960349 86.0048396004564 86.6324717203775 86.8707868787976 87.1091020372177 87.3474171956379 87.5857323540581 87.8240475124782 88.0623626708984 88.2908192104763 88.4896998935276 88.6885805765788 88.8874612596301 89.0863419426813 89.2852226257325 89.4841033087838 89.682983991835 89.5912530263268 89.4026515112985 89.2140499962703 89.0254484812421 88.8368469662139 88.6482454511857 88.4596439361574 88.5385129080878 89.4197933408948 90.301073773702 91.1823542065089 92.0636346393159 92.944915072123 93.82619550493 94.707475937737 95.2648547490436 95.7142663531831 96.1636779573227 96.6130895614622 97.0625011656018 97.5119127697413 97.9613243738809 98.8609834671015 101.111385027567 103.361786588033 105.612188148498 107.862589708963 110.112991269429
82.9391851425167 84.8850033018319 86.8308214611471 87.3884053548176 87.4832444932725 87.5780836317274 87.6729227701822 87.7677619086371 87.862601047092 87.9574401855469 88.0351131015354 88.0612873501248 88.0874615987143 88.1136358473037 88.1398100958931 88.1659843444825 88.192158593072 88.2183328416614 88.1087149302167 87.9538329654272 87.7989510006377 87.6440690358482 87.4891870710587 87.3343051062692 87.1794231414797 87.347666952345 88.4852880901758 89.6229092280069 90.7605303658377 91.8981515036686 93.0357726414996 94.1733937793305 95.3110149171613 95.9051563898721 96.3181379742091 96.7311195585461 97.1441011428832 97.5570827272202 97.9700643115572 98.3830458958942 99.2650569279983 101.554156303405 103.843255678812 106.132355054219 108.421454429626 110.710553805033
83.46469669342 85.5607500076288 87.6568033218376 88.1443389892577 88.0957021077473 88.0470652262369 87.9984283447265 87.9497914632161 87.9011545817057 87.8525177001953 87.7794069925945 87.6328748067221 87.4863426208497 87.3398104349774 87.193278249105 87.0467460632326 86.9002138773603 86.7536816914879 86.6261768341067 86.5050144195559 86.3838520050052 86.2626895904544 86.1415271759036 86.0203647613528 85.899202346802 86.1568209966023 87.550782839457 88.9447446823119 90.3387065251666 91.7326683680213 93.1266302108762 94.5205920537309 95.9145538965856 96.5454580307005 96.922009595235 97.2985611597695 97.675112724304 98.0516642888385 98.428215853373 98.8047674179076 99.6691303888951 101.996927579243 104.324724769592 106.65252195994 108.980319150288 111.308116340637
83.9902082443233 86.2364967134258 88.4827851825283 88.9002726236978 88.7081597222222 88.5160468207465 88.3239339192708 88.1318210177952 87.9397081163195 87.7475952148438 87.5237008836535 87.2044622633194 86.8852236429852 86.565985022651 86.2467464023168 85.9275077819826 85.6082691616485 85.2890305413143 85.1436387379967 85.0561958736846 84.9687530093725 84.8813101450604 84.7938672807484 84.7064244164363 84.6189815521242 84.9659750408594 86.616277588738 88.2665801366168 89.9168826844954 91.567185232374 93.2174877802528 94.8677903281314 96.5180928760099 97.185759671529 97.525881216261 97.8660027609929 98.206124305725 98.5462458504569 98.8863673951889 99.226488939921 100.073203849792 102.439698855081 104.806193860371 107.172688865661 109.539183870951 111.905678876241
83.8013717651364 86.0600738525387 88.3187759399409 88.6858535766603 88.4223897298179 88.1589258829755 87.895462036133 87.6319981892906 87.3685343424481 87.1050704956056 86.8374943415326 86.5575812657676 86.2776681900025 85.9977551142376 85.7178420384726 85.4379289627076 85.1580158869426 84.8781028111776 84.7106613794962 84.5807104958428 84.4507596121894 84.320808728536 84.1908578448826 84.0609069612292 83.9309560775757 84.2951975504553 86.1420160929357 87.9888346354163 89.8356531778967 91.682471720377 93.5292902628577 95.376108805338 97.2229273478184 97.9170300801594 98.2268942091198 98.5367583380803 98.8466224670409 99.1564865960014 99.4663507249619 99.7762148539224 100.621367814805 103.072387271456 105.523406728108 107.97442618476 110.425445641411 112.876465098063
82.8981872558592 85.0314814249671 87.1647755940751 87.5010818481448 87.2383921305341 86.9757024129235 86.7130126953127 86.4503229777021 86.1876332600914 85.9249435424807 85.7207873662315 85.6922318140667 85.6636762619019 85.6351207097372 85.6065651575724 85.5780096054077 85.549454053243 85.5208985010782 85.3272447586059 85.078558286031 84.8298718134562 84.5811853408813 84.3324988683065 84.0838123957317 83.8351259231568 84.1444885253902 86.1279983520502 88.1115081787106 90.0950180053706 92.0785278320306 94.062037658691 96.045547485351 98.029057312011 98.7392692565916 99.0250485738116 99.3108278910317 99.5966072082518 99.8823865254718 100.168165842692 100.453945159912 101.313622283935 103.894992828368 106.476363372802 109.057733917236 111.639104461669 114.220475006103
