data/working_set_collections/6091692-Cassins_Sparrow-MC/2005/bio12.asc
NCOLS 265 
NROWS 230 
XLLCORNER -115.5625 
YLLCORNER 24.8333333333333 
CELLSIZE 0.0833333333333333 
NODATA_value -9999 
[rows 20 to 39 of 230, columns 138 to 183 of 265]
371.84506149292 369.998230234781 368.151398976644 366.304567718506 368.410159810383 371.833226352267 375.25629289415 378.679359436034 382.102425977918 385.525492519801 388.948559061685 393.146120876734 399.667168511282 406.188216145832 412.70926378038 419.230311414928 425.751359049477 432.272406684026 438.793454318574 444.137187957762 449.088483598495 454.039779239229 458.991074879963 463.942370520696 468.893666161429 473.844961802163 477.471761915418 477.125075446234 476.77838897705 476.431702507866 476.085016038682 475.738329569498 475.391643100314 475.04495663113 474.712924957275 474.385778215196 474.058631473117 473.731484731038 473.404337988959 473.07719124688 472.750044504801 474.250434790715 481.233436160615 488.216437530516 495.199438900415 502.182440270315
378.153338368734 375.362722524007 372.572106679281 369.781490834554 371.593368021646 374.939409552679 378.285451083712 381.631492614745 384.977534145778 388.323575676811 391.669617207844 395.90010104709 402.783911810979 409.667722574868 416.551533338757 423.435344102645 430.319154866535 437.202965630423 444.086776394312 449.378787994383 454.140199873181 458.901611751978 463.663023630777 468.424435509574 473.185847388372 477.94725926717 481.452635871039 481.189906650119 480.927177429199 480.664448208279 480.401718987359 480.138989766438 479.876260545518 479.613531324598 479.228331756591 478.802308739556 478.37628572252 477.950262705485 477.524239688449 477.098216671414 476.672193654378 478.208597395153 485.632281409367 493.055965423582 500.479649437796 507.90333345201
384.461615244548 380.727214813232 376.992814381917 373.258413950603 374.776576232909 378.045592753091 381.314609273273 384.583625793456 387.852642313638 391.12165883382 394.390675354003 398.654081217446 405.900655110674 413.147229003904 420.393802897133 427.640376790362 434.886950683592 442.13352457682 449.380098470049 454.620388031004 459.191916147866 463.763444264728 468.33497238159 472.906500498452 477.478028615314 482.049556732176 485.43350982666 485.254737854003 485.075965881347 484.897193908691 484.718421936034 484.539649963378 484.360877990722 484.182106018066 483.743738555908 483.218839263915 482.693939971923 482.169040679931 481.644141387939 481.119242095947 480.594342803954 482.166759999591 490.031126658119 497.895493316648 505.759859975176 513.624226633704
390.769892120362 386.091707102458 381.413522084555 376.735337066651 377.959784444172 381.151775953504 384.343767462835 387.535758972167 390.727750481498 393.91974199083 397.111733500162 401.408061387802 409.017398410371 416.626735432941 424.23607245551 431.845409478079 439.454746500649 447.064083523218 454.673420545787 459.861988067625 464.243632422551 468.625276777477 473.006921132404 477.38856548733 481.770209842256 486.151854197183 489.41438378228 489.319569057888 489.224754333495 489.129939609103 489.035124884711 488.940310160318 488.845495435926 488.750680711534 488.259145355224 487.635369788275 487.011594221327 486.387818654378 485.764043087429 485.14026752048 484.516491953531 486.124922604029 494.429971906871 502.735021209715 511.040070512557 519.345119815399
395.945490180123 390.895908610026 385.846327039931 380.796745469836 381.846545918782 384.92947370741 388.012401496038 391.095329284667 394.178257073295 397.261184861924 400.344112650552 404.59044681125 412.327000088159 420.06355336507 427.800106641979 435.536659918889 443.273213195799 451.009766472708 458.746319749618 463.940823109944 468.287976498073 472.635129886202 476.982283274332 481.329436662461 485.67659005059 490.02374343872 493.289453379313 493.310832977295 493.332212575276 493.353592173258 493.37497177124 493.396351369222 493.417730967203 493.439110565185 493.261265818277 493.017012956407 492.772760094536 492.528507232665 492.284254370794 492.040001508924 491.795748647053 493.739500935869 502.247268676754 510.75503641764 519.262804158525 527.77057189941
399.988409423829 395.139819335938 390.291229248047 385.442639160157 386.436860656737 389.37868601481 392.320511372882 395.262336730956 398.204162089029 401.145987447101 404.087812805175 408.201237487791 415.82946014404 423.457682800291 431.085905456541 438.71412811279 446.342350769041 453.970573425291 461.59879608154 466.856893157958 471.324948374429 475.7930035909 480.261058807372 484.729114023843 489.197169240314 493.665224456786 497.058718617757 497.228529612223 497.398340606689 497.568151601155 497.737962595621 497.907773590087 498.077584584553 498.247395579019 498.750099945067 499.363768768309 499.977437591551 500.591106414793 501.204775238035 501.818444061277 502.43211288452 505.010494995113 513.483016967769 521.955538940426 530.428060913082 538.900582885738
404.031328667535 399.383730061849 394.736131456164 390.088532850478 391.027175394693 393.82789832221 396.628621249727 399.429344177245 402.230067104762 405.030790032279 407.831512959797 411.812028164332 419.331920199921 426.851812235513 434.371704271102 441.891596306692 449.411488342283 456.931380377873 464.451272413463 469.772963205972 474.361920250785 478.950877295598 483.539834340412 488.128791385225 492.717748430038 497.306705474852 500.827983856201 501.146226247151 501.464468638102 501.782711029052 502.100953420003 502.419195810953 502.737438201904 503.055680592854 504.238934071858 505.710524580213 507.182115088567 508.653705596922 510.125296105277 511.596886613632 513.068477121987 516.281489054358 524.718765258785 533.156041463213 541.59331766764 550.030593872066
408.074247911242 403.627640787761 399.18103366428 394.734426540799 395.617490132649 398.27711062961 400.936731126572 403.596351623534 406.255972120496 408.915592617458 411.57521311442 415.422818840872 422.834380255803 430.245941670734 437.657503085664 445.069064500594 452.480625915526 459.892187330456 467.303748745386 472.689033253987 477.398892127142 482.108751000297 486.818609873453 491.528468746608 496.238327619763 500.948186492919 504.597249094645 505.06392288208 505.530596669514 505.997270456949 506.463944244384 506.930618031819 507.397291819254 507.863965606689 509.727768198648 512.057280392116 514.386792585583 516.716304779051 519.045816972519 521.375329165987 523.704841359455 527.552483113604 535.954513549801 544.356543986 552.758574422197 561.160604858395
412.117167154948 407.871551513672 403.625935872396 399.38032023112 400.207804870604 402.72632293701 405.244841003417 407.763359069823 410.281877136229 412.800395202635 415.318913269042 419.033609517413 426.336840311683 433.640071105955 440.943301900226 448.246532694496 455.549763488768 462.852994283038 470.156225077309 475.605103302001 480.435864003498 485.266624704995 490.097385406493 494.92814610799 499.758906809487 504.589667510985 508.366514333088 508.981619517008 509.596724700927 510.211829884846 510.826935068765 511.442040252685 512.057145436604 512.672250620523 515.216602325438 518.404036204018 521.591470082599 524.77890396118 527.96633783976 531.15377171834 534.341205596921 538.823477172848 547.190261840816 555.557046508786 563.923831176754 572.290615844722
416.160086398655 412.115462239583 408.070838080512 404.026213921441 404.79811960856 407.175535244411 409.552950880261 411.930366516112 414.307782151963 416.685197787813 419.062613423664 422.644400193954 429.839300367565 437.034200541177 444.229100714787 451.424000888398 458.61890106201 465.813801235621 473.008701409231 478.521173350015 483.472835879854 488.424498409693 493.376160939533 498.327823469372 503.279485999211 508.231148529051 512.135779571533 512.899316151936 513.66285273234 514.426389312743 515.189925893147 515.953462473551 516.716999053954 517.480535634358 520.705436452228 524.750792015922 528.796147579615 532.841503143309 536.886858707002 540.932214270695 544.977569834389 550.094471232093 558.426010131832 566.757549031573 575.089087931312 583.420626831051
417.120384470623 413.360998280844 409.601612091065 405.842225901287 406.676414489746 409.041794670952 411.407174852159 413.772555033366 416.137935214572 418.503315395778 420.868695576985 424.395270538328 431.405429840086 438.415589141845 445.425748443602 452.43590774536 459.446067047118 466.456226348876 473.466385650633 479.228059132893 484.573570675319 489.919082217745 495.264593760172 500.610105302597 505.955616845023 511.30112838745 515.441053093804 515.964217291938 516.487381490071 517.010545688205 517.533709886339 518.056874084473 518.580038282606 519.10320248074 523.033835347493 528.100291103786 533.166746860079 538.233202616372 543.299658372665 548.366114128959 553.432569885252 559.295069546167 567.54570092095 575.796332295733 584.046963670516 592.297595045299
414.998061370851 411.608159637452 408.218257904054 404.828356170655 405.84268951416 408.325101216634 410.807512919107 413.289924621582 415.772336324055 418.254748026529 420.737159729004 424.286220550536 431.035228729246 437.784236907958 444.533245086669 451.282253265379 458.031261444091 464.780269622801 471.529277801512 477.725760650634 483.738068389891 489.750376129149 495.762683868407 501.774991607664 507.787299346922 513.79960708618 518.282334899902 518.176322937011 518.070310974121 517.96429901123 517.85828704834 517.752275085449 517.646263122559 517.540251159668 522.201799011229 528.452533467609 534.703267923989 540.95400238037 547.204736836749 553.455471293129 559.70620574951 566.425272115069 574.549334208167 582.673396301267 590.797458394366 598.921520487464
412.875738271079 409.85532099406 406.834903717042 403.814486440024 405.008964538574 407.608407762315 410.207850986056 412.807294209798 415.406737433539 418.00618065728 420.605623881022 424.177170562743 430.665027618406 437.152884674071 443.640741729735 450.128598785399 456.616455841063 463.104312896727 469.592169952391 476.223462168375 482.902566104464 489.581670040553 496.260773976643 502.939877912732 509.618981848821 516.298085784911 521.123616706 520.388428582085 519.65324045817 518.918052334256 518.182864210341 517.447676086426 516.712487962511 515.977299838596 521.369762674966 528.804775831433 536.239788987899 543.674802144367 551.109815300833 558.5448284573 565.979841613767 573.555474683971 581.552967495385 589.550460306801 597.547953118216 605.54544592963
410.753415171306 408.102482350668 405.45154953003 402.800616709392 404.175239562988 406.891714307996 409.608189053005 412.324663798014 415.041138543022 417.757613288031 420.47408803304 424.06812057495 430.294826507567 436.521532440185 442.748238372801 448.974944305418 455.201650238036 461.428356170653 467.65506210327 474.721163686115 482.067063819036 489.412963951956 496.758864084878 504.104764217799 511.450664350719 518.796564483641 523.964898512099 522.600534227159 521.23616994222 519.871805657281 518.507441372342 517.143077087403 515.778712802464 514.414348517524 520.537726338703 529.157018195256 537.776310051809 546.395601908364 555.014893764917 563.634185621471 572.253477478025 580.685677252873 588.556600782603 596.427524312335 604.298447842066 612.169371371796
408.631092071534 406.349643707276 404.068195343018 401.78674697876 403.341514587402 406.175020853678 409.008527119954 411.84203338623 414.675539652506 417.509045918782 420.342552185058 423.959070587157 429.924625396727 435.890180206298 441.855735015868 447.821289825438 453.786844635009 459.752399444579 465.717954254149 473.218865203856 481.231561533608 489.24425786336 497.256954193114 505.269650522866 513.282346852618 521.295043182371 526.806180318197 524.812639872233 522.81909942627 520.825558980306 518.832018534343 516.838478088379 514.844937642416 512.851397196453 519.70569000244 529.50926055908 539.31283111572 549.116401672361 558.919972229001 568.723542785641 578.527113342282 587.815879821774 595.560234069821 603.304588317869 611.048942565915 618.793296813962
406.508768971762 404.596805063884 402.684841156007 400.772877248129 402.507789611816 405.458327399359 408.408865186902 411.359402974446 414.309940761989 417.260478549533 420.211016337076 423.850020599364 429.554424285887 435.258827972411 440.963231658934 446.667635345458 452.372039031982 458.076442718505 463.780846405028 471.716566721597 480.396059248181 489.075551774764 497.755044301349 506.434536827933 515.114029354517 523.793521881102 529.647462124295 527.024745517307 524.402028910319 521.779312303332 519.156595696344 516.533879089356 513.911162482368 511.288445875381 518.873653666177 529.861502922903 540.84935217963 551.837201436358 562.825050693085 573.812899949812 584.80074920654 594.946082390676 602.563867357039 610.181652323403 617.799437289765 625.417222256128
403.363640255399 401.31516647339 399.26669269138 397.218218909371 399.153802744548 402.417405785455 405.681008826361 408.944611867269 412.208214908176 415.471817949083 418.73542098999 422.626361338296 428.399313608804 434.172265879312 439.94521814982 445.718170420327 451.491122690836 457.264074961343 463.03702723185 470.887620544432 479.430760871038 487.973901197643 496.51704152425 505.060181850856 513.603322177461 522.146462504068 528.021047295466 525.889965481229 523.758883666993 521.627801852757 519.496720038521 517.365638224284 515.234556410048 513.103474595812 521.109982299802 532.495686509871 543.88139071994 555.267094930011 566.652799140079 578.038503350148 589.424207560219 599.823540920679 607.263761732311 614.703982543944 622.144203355575 629.584424167207
399.195705922446 396.504727935792 393.813749949139 391.122771962486 393.279553985596 397.052256011963 400.82495803833 404.597660064697 408.370362091064 412.143064117431 415.915766143799 420.288092803954 426.459293365477 432.630493927001 438.801694488524 444.972895050047 451.144095611571 457.315296173094 463.486496734617 470.732026672362 478.335666402179 485.939306131997 493.542945861816 501.146585591633 508.75022532145 516.353865051269 521.926935831707 521.408299763998 520.88966369629 520.371027628581 519.852391560872 519.333755493164 518.815119425455 518.296483357747 526.414675903318 537.411811319984 548.40894673665 559.406082153318 570.403217569984 581.40035298665 592.397488403318 602.448255411782 609.659917195636 616.87157897949 624.083240763344 631.294902547198
395.027771589493 391.694289398195 388.360807206897 385.0273250156 387.405305226644 391.687106238471 395.968907250298 400.250708262126 404.532509273952 408.814310285779 413.096111297607 417.949824269611 424.51927312215 431.08872197469 437.658170827228 444.227619679767 450.797068532307 457.366517384845 463.935966237384 470.576432800292 477.240571933321 483.90471106635 490.568850199381 497.23298933241 503.897128465439 510.56126759847 515.832824367948 516.926634046767 518.020443725586 519.114253404405 520.208063083224 521.301872762044 522.395682440863 523.489492119682 531.719369506833 542.327936130097 552.93650275336 563.545069376625 574.153635999889 584.762202623152 595.370769246417 605.072969902884 612.05607265896 619.039175415038 626.022278171114 633.00538092719
390.859837256539 386.883850860597 382.907864464655 378.931878068714 381.531056467692 386.321956464979 391.112856462266 395.903756459554 400.694656456841 405.485556454128 410.276456451416 415.611555735269 422.579252878823 429.546950022379 436.514647165933 443.482344309487 450.450041453042 457.417738596597 464.385435740151 470.420838928222 476.145477464463 481.870116000704 487.594754536946 493.319393073187 499.044031609428 504.76867014567 509.738712904189 512.444968329535 515.151223754883 517.85747918023 520.563734605576 523.269990030924 525.976245456271 528.682500881618 537.024063110349 547.24406094021 557.46405877007 567.684056599933 577.904054429793 588.124052259654 598.344050089516 607.697684393987 614.452228122285 621.206771850585 627.961315578883 634.715859307181
