data/working_set_collections/6091692-Cassins_Sparrow-MC/2005/bio15.asc
NCOLS 265 
NROWS 230 
XLLCORNER -115.5625 
YLLCORNER 24.8333333333333 
CELLSIZE 0.0833333333333333 
NODATA_value -9999 
[rows 140 to 159 of 230, columns 138 to 183 of 265]
72.076171366374 70.7523228963218 69.4284744262698 68.1046259562178 67.0265191078187 66.0303261333044 65.03413315879 64.0379401842755 63.0417472097611 62.0455542352467 61.0493612607322 60.2566300392151 60.0742840766907 59.8919381141663 59.7095921516419 59.5272461891175 59.344900226593 59.1625542640686 58.9802083015442 59.5156428019204 60.290337456597 61.0650321112736 61.8397267659503 62.614421420627 63.3891160753035 64.1638107299803 64.7234362708197 64.637854470147 64.5522726694742 64.4666908688015 64.3811090681288 64.295527267456 64.2099454667833 64.1243636661106 64.4548406600951 64.9240039189655 65.393167177836 65.8623304367064 66.3314936955769 66.8006569544473 67.2698202133178 67.4227411270143 66.6269350051882 65.8311288833619 65.0353227615358 64.2395166397097
72.5087529500329 71.1218348185223 69.734916687012 68.3479985555017 67.2352602958681 66.2139153268604 65.1925703578528 64.171225388845 63.1498804198373 62.1285354508297 61.1071904818219 60.303564230601 60.1530941327413 60.0026240348816 59.8521539370219 59.7016838391622 59.5512137413025 59.4007436434428 59.2502735455831 59.8019116719562 60.5875858730738 61.3732600741914 62.1589342753091 62.9446084764267 63.7302826775442 64.5159568786619 65.0799389733208 64.978844748603 64.8777505238851 64.7766562991672 64.6755620744493 64.5744678497314 64.4733736250136 64.3722794002957 64.6817079544066 65.127977434794 65.5742469151813 66.0205163955688 66.4667858759561 66.9130553563434 67.3593248367309 67.4977725346885 66.7127548853558 65.9277372360231 65.1427195866904 64.3577019373578
72.9413345336918 71.4913467407228 70.0413589477542 68.5913711547855 67.4440014839174 66.3975045204165 65.3510075569155 64.3045105934145 63.2580136299135 62.2115166664126 61.1650197029115 60.3504984219869 60.2319041887919 60.1133099555969 59.9947157224019 59.876121489207 59.757527256012 59.638933022817 59.520338789622 60.088180541992 60.8848342895505 61.6814880371091 62.4781417846678 63.2747955322263 64.0714492797849 64.8681030273436 65.4364416758219 65.3198350270589 65.2032283782959 65.0866217295329 64.9700150807698 64.8534084320068 64.7368017832438 64.6201951344808 64.9085752487182 65.3319509506224 65.7553266525267 66.1787023544311 66.6020780563353 67.0254537582396 67.4488294601439 67.5728039423626 66.7985747655235 66.0243455886842 65.250116411845 64.4758872350059
73.3739161173506 71.8608586629234 70.3478012084964 68.8347437540694 67.6527426719667 66.5810937139725 65.5094447559783 64.437795797984 63.3661468399898 62.2944978819956 61.2228489240012 60.3974326133728 60.3107142448425 60.2239958763123 60.137277507782 60.0505591392517 59.9638407707214 59.8771224021911 59.7904040336609 60.3744494120278 61.1820827060273 61.9897160000268 62.7973492940265 63.604982588026 64.4126158820255 65.2202491760252 65.792944378323 65.6608253055149 65.5287062327067 65.3965871598985 65.2644680870904 65.1323490142822 65.000229941474 64.8681108686659 65.1354425430297 65.5359244664509 65.9364063898721 66.3368883132934 66.7373702367146 67.1378521601358 67.538334083557 67.6478353500368 66.8843946456911 66.1209539413453 65.3575132369997 64.594072532654
73.6602886623811 72.1200770060224 70.579865349664 69.0396536933055 67.837986691793 66.7491679085628 65.6603491253326 64.5715303421022 63.482711558872 62.3938927756418 61.3050739924115 60.4699099116855 60.3957099384732 60.3215099652608 60.2473099920485 60.1731100188361 60.0989100456238 60.0247100724114 59.9505100991991 60.5249011675515 61.3154892497591 62.1060773319666 62.8966654141743 63.6872534963818 64.4778415785893 65.268429660797 65.8281117333307 65.695075776842 65.5620398203532 65.4290038638645 65.2959679073758 65.1629319508871 65.0298959943984 64.8968600379097 65.1442865371704 65.5185338550143 65.8927811728583 66.2670284907023 66.6412758085462 67.0155231263902 67.3897704442342 67.4825894673668 66.7311236063642 65.9796577453615 65.2281918843589 64.4767260233564
73.800452168783 72.2690017700198 70.7375513712568 69.2061009724939 67.9997335433962 66.9017271041872 65.8037206649783 64.7057142257692 63.6077077865603 62.5097013473514 61.4116949081423 60.567930316925 60.4868912696838 60.4058522224426 60.3248131752014 60.2437741279602 60.162735080719 60.0816960334778 60.0006569862366 60.5395358085631 61.2850539207457 62.0305720329283 62.776090145111 63.5216082572936 64.2671263694761 65.0126444816589 65.5419437408448 65.4225864410401 65.3032291412354 65.1838718414307 65.064514541626 64.9451572418213 64.8257999420167 64.706442642212 64.9351072311401 65.2797791163126 65.6244510014851 65.9691228866577 66.3137947718302 66.6584666570027 67.0031385421753 67.0770662943524 66.3387616475426 65.6004570007326 64.8621523539228 64.1238477071129
73.9406156751849 72.4179265340172 70.8952373928497 69.3725482516823 68.1614803949994 67.0542862998117 65.947092204624 64.8398981094362 63.7327040142485 62.6255099190609 61.518315823873 60.6659507221646 60.5780726008945 60.4901944796244 60.4023163583544 60.3144382370843 60.2265601158142 60.1386819945441 60.0508038732741 60.5541704495747 61.2546185917323 61.9550667338899 62.6555148760477 63.3559630182053 64.0564111603629 64.7568593025207 65.2557757483589 65.1500971052382 65.0444184621176 64.9387398189969 64.8330611758763 64.7273825327556 64.6217038896349 64.5160252465143 64.7259279251098 65.0410243776109 65.356120830112 65.6712172826131 65.9863137351142 66.3014101876153 66.6165066401164 66.6715431213381 65.946399688721 65.2212562561037 64.4961128234865 63.7709693908694
74.0807791815868 72.5668512980146 71.0529234144426 69.5389955308706 68.3232272466026 67.2068454954362 66.0904637442698 64.9740819931032 63.8577002419368 62.7413184907704 61.6249367396039 60.7639711274041 60.6692539321052 60.5745367368062 60.4798195415073 60.3851023462084 60.2903851509094 60.1956679556105 60.1009507603116 60.5688050905862 61.2241832627189 61.8795614348516 62.5349396069844 63.190317779117 63.8456959512497 64.5010741233825 64.969607755873 64.8776077694364 64.7856077829997 64.6936077965631 64.6016078101265 64.5096078236898 64.4176078372532 64.3256078508166 64.5167486190796 64.8022696389092 65.0877906587388 65.3733116785685 65.6588326983981 65.9443537182278 66.2298747380574 66.2660199483238 65.5540377298993 64.8420555114748 64.1300732930503 63.4180910746259
74.2209426879887 72.715776062012 71.2106094360355 69.705442810059 68.4849740982057 67.3594046910606 66.2338352839155 65.1082658767702 63.9826964696251 62.85712706248 61.7315576553346 60.8619915326436 60.7604352633158 60.658878993988 60.5573227246602 60.4557664553325 60.3542101860046 60.2526539166769 60.1510976473491 60.5834397315978 61.1937479337055 61.8040561358132 62.4143643379211 63.0246725400288 63.6349807421365 64.2452889442443 64.6834397633871 64.6051184336345 64.5267971038819 64.4484757741293 64.3701544443767 64.2918331146241 64.2135117848715 64.1351904551189 64.3075693130493 64.5635149002075 64.8194604873657 65.0754060745239 65.3313516616821 65.5872972488403 65.8432428359986 65.8604967753095 65.1616757710777 64.4628547668459 63.7640337626142 63.0652127583824
74.3611061943906 72.8647008260094 71.3682954576284 69.8718900892474 68.6467209498089 67.5119638866851 66.3772068235612 65.2424497604372 64.1076926973133 62.9729356341895 61.8381785710654 60.9600119378832 60.8516165945265 60.7432212511698 60.6348259078132 60.5264305644565 60.4180352210999 60.3096398777432 60.2012445343865 60.5980743726094 61.1633126046921 61.7285508367749 62.2937890688577 62.8590273009405 63.4242655330233 63.9895037651061 64.3972717709012 64.3326290978326 64.267986424764 64.2033437516955 64.1387010786269 64.0740584055583 64.0094157324897 63.9447730594212 64.098390007019 64.3247601615058 64.5511303159926 64.7775004704793 65.0038706249661 65.2302407794528 65.4566109339396 65.4549736022951 64.7693138122561 64.083654022217 63.3979942321779 62.7123344421389
74.4611478381691 73.0148693720502 71.5685909059315 70.1223124398129 68.8855768521628 67.7186888906693 66.5518009291758 65.384912967682 64.2180250061885 63.051137044695 61.8842490832013 60.9744151433309 60.835743268331 60.697071393331 60.558399518331 60.419727643331 60.281055768331 60.142383893331 60.003712018331 60.3732973098755 60.9123016569349 61.4513060039944 61.9903103510539 62.5293146981133 63.0683190451727 63.6073233922323 63.9952368736268 63.9298777580263 63.8645186424257 63.7991595268251 63.7338004112245 63.6684412956239 63.6030821800233 63.5377230644227 63.6826976776124 63.8977835337322 64.1128693898519 64.3279552459718 64.5430411020915 64.7581269582113 64.9732128143311 64.9678119023644 64.3009506861372 63.6340894699099 62.9672282536827 62.3003670374555
74.5210676193241 73.1662817001345 71.8114957809451 70.4567098617557 69.2015418052675 67.9795797030133 66.7576176007592 65.5356554985048 64.3136933962507 63.0917312939965 61.8697691917422 60.9052011489869 60.7128152847291 60.5204294204713 60.3280435562135 60.1356576919557 59.9432718276978 59.75088596344 59.5585000991823 59.909108543396 60.4407150904337 60.9723216374715 61.5039281845093 62.035534731547 62.5671412785847 63.0987478256226 63.4773350715638 63.3968644142152 63.3163937568666 63.2359230995179 63.1554524421693 63.0749817848207 62.994511127472 62.9140404701234 63.0604923248292 63.2825850168864 63.5046777089437 63.726770401001 63.9488630930583 64.1709557851156 64.3930484771729 64.399011675517 63.7565863927208 63.1141611099245 62.4717358271283 61.8293105443321
74.5809874004791 73.3176940282188 72.0544006559586 70.7911072836985 69.5175067583722 68.2404705153574 66.9634342723426 65.6863980293276 64.4093617863128 63.132325543298 61.855289300283 60.8359871546428 60.5898873011272 60.3437874476116 60.097687594096 59.8515877405804 59.6054878870647 59.3593880335491 59.1132881800335 59.4449197769165 59.9691285239325 60.4933372709486 61.0175460179647 61.5417547649807 62.0659635119967 62.5901722590128 62.9594332695008 62.8638510704042 62.7682688713075 62.6726866722108 62.5771044731141 62.4815222740174 62.3859400749208 62.2903578758241 62.438286972046 62.6673865000407 62.8964860280355 63.1255855560303 63.3546850840251 63.5837846120199 63.8128841400147 63.8302114486697 63.2122220993045 62.5942327499391 61.9762434005739 61.3582540512087
74.6409071816342 73.4691063563031 72.2973055309722 71.1255047056413 69.8334717114768 68.5013613277014 67.169250943926 65.8371405601503 64.5050301763749 63.1729197925995 61.8408094088239 60.7667731602987 60.4669593175253 60.1671454747519 59.8673316319785 59.567517789205 59.2677039464316 58.9678901036582 58.6680762608848 58.980731010437 59.4975419574313 60.0143529044257 60.5311638514201 61.0479747984144 61.5647857454088 62.0815966924032 62.4415314674379 62.3308377265932 62.2201439857484 62.1094502449037 61.998756504059 61.8880627632143 61.7773690223695 61.6666752815248 61.8160816192628 62.052187983195 62.2882943471273 62.5244007110597 62.7605070749919 62.9966134389242 63.2327198028565 63.2614112218223 62.6678578058881 62.0743043899538 61.4807509740196 60.8871975580854
74.7008269627892 73.6205186843874 72.5402104059857 71.4599021275841 70.1494366645815 68.7622521400454 67.3750676155094 65.9878830909731 64.6006985664371 63.213514041901 61.8263295173647 60.6975591659547 60.3440313339235 59.9905035018922 59.636975669861 59.2834478378297 58.9299200057985 58.5763921737672 58.222864341736 58.5165422439575 59.0259553909301 59.5353685379028 60.0447816848755 60.5541948318481 61.0636079788207 61.5730211257934 61.9236296653749 61.7978243827821 61.6720191001893 61.5462138175966 61.4204085350038 61.294603252411 61.1687979698182 61.0429926872255 61.1938762664796 61.4369894663493 61.6801026662191 61.9232158660889 62.1663290659587 62.4094422658285 62.6525554656983 62.692610994975 62.1234935124718 61.5543760299684 60.9852585474652 60.416141064962
74.7607467439442 73.7719310124717 72.7831152809993 71.7942995495269 70.4654016176862 69.0231429523895 67.5808842870928 66.1386256217959 64.6963669564992 63.2541082912025 61.8118496259056 60.6283451716106 60.2211033503216 59.8138615290325 59.4066197077435 58.9993778864544 58.5921360651653 58.1848942438763 57.7776524225873 58.052353477478 58.5543688244289 59.0563841713799 59.5583995183309 60.0604148652818 60.5624302122327 61.0644455591837 61.4057278633119 61.2648110389711 61.1238942146302 60.9829773902894 60.8420605659486 60.7011437416078 60.560226917267 60.4193100929262 60.5716709136963 60.8217909495036 61.0719109853109 61.3220310211182 61.5721510569255 61.8222710927328 62.0723911285401 62.1238107681276 61.5791292190554 61.0344476699831 60.4897661209108 59.9450845718386
74.7517720116512 73.856088892619 72.9604057735869 72.0647226545548 70.7296711921694 69.248163615333 67.7666560384966 66.28514846166 64.8036408848236 63.3221333079872 61.8406257311506 60.6198114077251 60.1810768445334 59.7423422813416 59.3036077181499 58.8648731549582 58.4261385917664 57.9874040285747 57.548669465383 57.821319802602 58.3310984399582 58.8408770773144 59.3506557146707 59.8604343520269 60.3702129893831 60.8799916267394 61.2212357838949 61.0568765004476 60.8925172170003 60.7281579335531 60.5637986501058 60.3994393666586 60.2350800832113 60.0707207997641 60.2050493876139 60.4389405992296 60.6728318108452 60.906723022461 61.1406142340766 61.3745054456923 61.608396657308 61.6507613393998 61.1185464329192 60.5863315264386 60.054116619958 59.5219017134775
74.6739027659101 73.8729923248292 73.0720818837485 72.2711714426678 70.9422453880312 69.437314128876 67.9323828697209 66.4274516105654 64.9225203514102 63.417589092255 61.9126578330996 60.6719578742982 60.223951816559 59.7759457588196 59.3279397010804 58.8799336433412 58.4319275856019 57.9839215278626 57.5359154701234 57.8234412193298 58.3561442375182 58.8888472557066 59.4215502738952 59.9542532920836 60.486956310272 61.0196593284606 61.370153427124 61.174020767212 60.9778881072998 60.7817554473877 60.5856227874756 60.3894901275635 60.1933574676514 59.9972248077393 60.0940116882324 60.2884384155273 60.4828651428222 60.6772918701172 60.8717185974121 61.066145324707 61.260572052002 61.2734627087913 60.7417451540631 60.2100275993349 59.6783100446067 59.1465924898786
74.596033520169 73.8898957570395 73.1837579939102 72.4776202307809 71.154819583893 69.6264646424191 68.0981097009451 66.5697547594709 65.0413998179969 63.5130448765229 61.9846899350487 60.7241043408713 60.2668267885845 59.8095492362977 59.3522716840109 58.8949941317242 58.4377165794373 57.9804390271506 57.5231614748638 57.8255626360574 58.3811900350781 58.9368174340988 59.4924448331196 60.0480722321403 60.603699631161 61.1593270301818 61.5190710703532 61.2911650339763 61.0632589975993 60.8353529612224 60.6074469248454 60.3795408884685 60.1516348520915 59.9237288157146 59.9829739888509 60.1379362318251 60.2928984747992 60.4478607177735 60.6028229607476 60.7577852037218 60.912747446696 60.8961640781828 60.364943875207 59.8337236722312 59.3025034692554 58.7712832662796
74.5181642744278 73.9067991892498 73.2954341040718 72.6840690188939 71.3673937797549 69.8156151559621 68.2638365321693 66.7120579083763 65.1602792845835 63.6085006607908 62.0567220369977 60.7762508074443 60.3097017606101 59.8431527137757 59.3766036669414 58.9100546201071 58.4435055732728 57.9769565264385 57.5104074796042 57.8276840527851 58.4062358326381 58.984787612491 59.563339392344 60.141891172197 60.7204429520499 61.298994731903 61.6679887135824 61.4083093007406 61.1486298878988 60.888950475057 60.6292710622152 60.3695916493734 60.1099122365316 59.8502328236899 59.8719362894694 59.9874340481228 60.1029318067763 60.2184295654297 60.3339273240831 60.4494250827366 60.56492284139 60.5188654475744 59.988142596351 59.4574197451275 58.9266968939041 58.3959740426808
