data/working_set_collections/6091692-Cassins_Sparrow-MC/2005/bio19.asc
NCOLS 265 
NROWS 230 
XLLCORNER -115.5625 
YLLCORNER 24.8333333333333 
CELLSIZE 0.0833333333333333 
NODATA_value -9999 
[rows 100 to 119 of 230, columns 138 to 183 of 265]
40.790386549632 39.9254399299623 39.0604933102927 38.1955466906232 38.3979927062987 38.9562362670896 39.5144798278806 40.0727233886717 40.6309669494627 41.1892105102536 41.7474540710447 42.4080955187476 43.3759306271867 44.3437657356259 45.311600844065 46.279435952504 47.2472710609433 48.2151061693823 49.1829412778214 50.4199598312374 51.7467061996455 53.0734525680537 54.400198936462 55.7269453048702 57.0536916732783 58.3804380416867 59.5845844268796 60.4209308624265 61.2572772979735 62.0936237335203 62.9299701690672 63.7663166046142 64.6026630401611 65.4390094757079 67.3015201568601 69.5060855865475 71.7106510162349 73.9152164459227 76.1197818756101 78.3243473052975 80.5289127349852 82.7401992797849 84.9716491699215 87.2030990600585 89.434548950195 91.6659988403316
40.7243454297386 39.9690227826438 39.2137001355491 38.4583774884544 38.7422401428221 39.3724978976777 40.0027556525334 40.6330134073891 41.2632711622448 41.8935289171004 42.5237866719562 43.2492590056522 44.2603750758697 45.2714911460873 46.2826072163048 47.2937232865223 48.30483935674 49.3159554269575 50.327071497175 51.5028670628862 52.7335557937618 53.9642445246374 55.1949332555132 56.4256219863888 57.6563107172644 58.8869994481402 59.9744928571911 60.6324003007675 61.290307744344 61.9482151879203 62.6061226314967 63.2640300750732 63.9219375186496 64.579844962226 66.3347194671629 68.4552496592201 70.5757798512772 72.6963100433348 74.816840235392 76.9373704274491 79.0579006195067 81.2141147189667 83.4773805406354 85.7406463623045 88.0039121839732 90.2671780056419
40.9378472752042 40.3461101214091 39.7543729676141 39.1626358138191 39.5171493530271 40.1870797899031 40.8570102267792 41.5269406636554 42.1968711005314 42.8668015374074 43.5367319742836 44.2916915151804 45.3017383681399 46.3117852210995 47.321832074059 48.3318789270185 49.3419257799781 50.3519726329376 51.3620194858971 52.4673034350074 53.6043330828345 54.7413627306616 55.8783923784889 57.015422026316 58.1524516741431 59.2894813219704 60.2805952178106 60.8339618576896 61.3873284975687 61.9406951374476 62.4940617773266 63.0474284172057 63.6007950570847 64.1541616969637 65.7691813151039 67.7380852593312 69.7069892035585 71.6758931477862 73.6447970920136 75.6137010362409 77.5826049804686 79.6058650334673 81.7921934127804 83.9785217920938 86.1648501714068 88.3511785507199
41.4308920860291 41.0567019462585 40.682511806488 40.3083216667174 40.7227203369137 41.3999819437659 42.0772435506181 42.7545051574704 43.4317667643225 44.1090283711747 44.786289978027 45.5353930473323 46.5000205039973 47.4646479606625 48.4292754173275 49.3939028739925 50.3585303306576 51.3231577873226 52.2877852439876 53.313268947601 54.3590380668636 55.4048071861263 56.4505763053891 57.4963454246518 58.5421145439144 59.5878836631773 60.502891508738 61.0256155331928 61.5483395576476 62.0710635821023 62.593787606557 63.1165116310119 63.6392356554666 64.1619596799213 65.6049057006833 67.3545923868812 69.104279073079 70.8539657592772 72.603652445475 74.3533391316729 76.1030258178711 77.9154502232868 79.9160877863564 81.9167253494263 83.9173629124959 85.9180004755654
41.923936896854 41.7672937711079 41.6106506453619 41.4540075196159 41.9282913208005 42.6128840976288 43.2974768744571 43.9820696512855 44.6666624281138 45.3512552049421 46.0358479817705 46.7790945794843 47.6983026398548 48.6175107002255 49.536718760596 50.4559268209665 51.3751348813372 52.2943429417077 53.2135510020782 54.1592344601946 55.1137430508928 56.068251641591 57.0227602322894 57.9772688229876 58.9317774136858 59.8862860043842 60.7251877996655 61.217269208696 61.7093506177265 62.201432026757 62.6935134357875 63.185594844818 63.6776762538485 64.169757662879 65.4406300862628 66.9710995144311 68.5015689425995 70.0320383707681 71.5625077989364 73.0929772271048 74.6234466552734 76.2250354131061 78.0399821599322 79.8549289067586 81.6698756535847 83.4848224004108
42.4169817076788 42.4778855959573 42.5387894842359 42.5996933725144 43.1338623046872 43.8257862514917 44.5177101982961 45.2096341451007 45.9015580919051 46.5934820387095 47.2854059855141 48.0227961116364 48.8965847757124 49.7703734397885 50.6441621038646 51.5179507679406 52.3917394320167 53.2655280960928 54.1393167601688 55.0051999727882 55.868448034922 56.7316960970557 57.5949441591897 58.4581922213234 59.3214402834572 60.184688345591 60.947484090593 61.4089228841992 61.8703616778055 62.3318004714117 62.7932392650179 63.2546780586242 63.7161168522304 64.1775556458366 65.2763544718422 66.5876066419811 67.8988588121199 69.210110982259 70.5213631523978 71.8326153225367 73.1438674926757 74.5346206029254 76.163876533508 77.7931324640909 79.4223883946736 81.0516443252561
42.9100265185037 43.1884774208067 43.4669283231097 43.7453792254127 44.3394332885739 45.0386884053545 45.737943522135 46.4371986389157 47.1364537556962 47.8357088724768 48.5349639892575 49.2664976437882 50.0948669115698 50.9232361793515 51.751605447133 52.5799747149145 53.4083439826962 54.2367132504778 55.0650825182593 55.8511654853818 56.6231530189511 57.3951405525204 58.1671280860899 58.9391156196592 59.7111031532285 60.4830906867979 61.1697803815205 61.6005765597024 62.0313727378844 62.4621689160664 62.8929650942483 63.3237612724303 63.7545574506123 64.1853536287942 65.1120788574217 66.2041137695311 67.2961486816404 68.38818359375 69.4802185058593 70.5722534179687 71.6642883300782 72.8442057927449 74.2877709070841 75.7313360214234 77.1749011357626 78.6184662501017
43.4030713293285 43.8990692456562 44.3950671619837 44.8910650783112 45.5450042724606 46.2515905592173 46.958176845974 47.6647631327308 48.3713494194875 49.0779357062442 49.784521993001 50.5101991759403 51.2931490474273 52.0760989189145 52.8590487904016 53.6419986618886 54.4249485333758 55.2078984048628 55.9908482763499 56.6971309979754 57.3778580029803 58.0585850079851 58.7393120129901 59.420039017995 60.1007660229998 60.7814930280048 61.3920766724479 61.7922302352056 62.1923837979634 62.5925373607211 62.9926909234787 63.3928444862365 63.7929980489942 64.1931516117519 64.9478032430012 65.820620897081 66.6934385511609 67.5662562052409 68.4390738593207 69.3118915134005 70.1847091674805 71.1537909825642 72.4116652806599 73.6695395787558 74.9274138768514 76.1852881749471
43.9291077401901 44.5189837455748 45.1088597509594 45.698735756344 46.3691780726113 47.0664758258394 47.7637735790674 48.4610713322956 49.1583690855236 49.8556668387517 50.5529645919798 51.2574654261269 51.9835755030312 52.7096855799356 53.4357956568398 54.1619057337441 54.8880158106485 55.6141258875527 56.340235964457 57.0004310290018 57.6386544227599 58.276877816518 58.9151012102762 59.5533246040343 60.1915479977924 60.8297713915506 61.4109995841979 61.8212421735127 62.2314847628275 62.6417273521422 63.051969941457 63.4622125307718 63.8724551200866 64.2826977094013 64.9416322708128 65.6834641562566 66.4252960417003 67.1671279271442 67.908959812588 68.6507916980318 69.3926235834756 70.2223444832694 71.3157324261133 72.4091203689574 73.5025083118013 74.5958962546452
44.4881357510882 45.0482209205626 45.6083060900368 46.1683912595111 46.8119546890257 47.4833442052203 48.1547337214149 48.8261232376097 49.4975127538043 50.1689022699989 50.8402917861937 51.508296394348 52.1661462783811 52.8239961624144 53.4818460464476 54.1396959304808 54.7975458145141 55.4553956985472 56.1132455825804 56.7610655784606 57.4055422782897 58.0500189781188 58.6944956779479 59.338972377777 59.983449077606 60.6279257774352 61.2265491167704 61.6876123746235 62.1486756324767 62.6097388903299 63.070802148183 63.5318654060363 63.9929286638894 64.4539919217426 65.0935659408568 65.7926435470579 66.4917211532591 67.1907987594603 67.8898763656615 68.5889539718626 69.2880315780639 70.0498662948607 70.9999723434446 71.9500783920287 72.9001844406127 73.8502904891966
45.0471637619864 45.5774580955504 46.1077524291143 46.6380467626781 47.2547313054401 47.9002125846013 48.5456938637625 49.1911751429238 49.836656422085 50.4821377012462 51.1276189804076 51.759127362569 52.3487170537311 52.9383067448933 53.5278964360554 54.1174861272175 54.7070758183796 55.2966655095417 55.8862552007038 56.5217001279194 57.1724301338195 57.8231601397195 58.4738901456196 59.1246201515197 59.7753501574197 60.4260801633198 61.0420986493428 61.5539825757343 62.065866502126 62.5777504285175 63.0896343549091 63.6015182813008 64.1134022076923 64.6252861340839 65.2454996109007 65.9018229378593 66.5581462648178 67.2144695917764 67.8707929187349 68.5271162456934 69.1834395726521 69.877388106452 70.6842122607759 71.4910364151 72.297860569424 73.104684723748
45.6061917728846 46.1066952705382 46.6071987681917 47.1077022658452 47.6975079218545 48.3170809639823 48.9366540061101 49.556227048238 50.1758000903658 50.7953731324936 51.4149461746214 52.0099583307901 52.531287829081 53.0526173273721 53.5739468256631 54.0952763239541 54.6166058222452 55.1379353205362 55.6592648188272 56.2823346773782 56.9393179893492 57.5963013013202 58.2532846132913 58.9102679252623 59.5672512372333 60.2242345492044 60.8576481819152 61.4203527768451 61.9830573717752 62.5457619667052 63.1084665616352 63.6711711565653 64.2338757514952 64.7965803464252 65.3974332809447 66.0110023286606 66.6245713763765 67.2381404240925 67.8517094718084 68.4652785195243 69.0788475672403 69.7049099180432 70.3684521781072 71.0319944381713 71.6955366982353 72.3590789582993
46.1652197837827 46.635932445526 47.1066451072691 47.5773577690122 48.1402845382689 48.7339493433632 49.3276141484576 49.9212789535521 50.5149437586465 51.1086085637408 51.7022733688353 52.2607892990111 52.713858604431 53.166927909851 53.6199972152709 54.0730665206908 54.5261358261108 54.9792051315307 55.4322744369506 56.0429692268371 56.706205844879 57.369442462921 58.0326790809631 58.695915699005 59.359152317047 60.022388935089 60.6731977144876 61.286722977956 61.9002482414245 62.5137735048929 63.1272987683612 63.7408240318297 64.3543492952981 64.9678745587665 65.5493669509886 66.1201817194619 66.6909964879352 67.2618112564086 67.8326260248819 68.4034407933552 68.9742555618285 69.5324317296345 70.0526920954385 70.5729524612427 71.0932128270467 71.6134731928507
46.7242477946809 47.1651696205138 47.6060914463465 48.0470132721793 48.5830611546833 49.1508177227442 49.7185742908052 50.2863308588662 50.8540874269272 51.4218439949881 51.9896005630492 52.5116202672321 52.896429379781 53.2812384923298 53.6660476048786 54.0508567174275 54.4356658299764 54.8204749425252 55.205284055074 55.8036037762959 56.4730937004088 57.1425836245217 57.8120735486348 58.4815634727477 59.1510533968606 59.8205433209736 60.48874724706 61.1530931790668 61.8174391110737 62.4817850430805 63.1461309750873 63.8104769070942 64.474822839101 65.1391687711078 65.7013006210326 66.2293611102633 66.7574215994939 67.2854820887247 67.8135425779553 68.341603067186 68.8696635564168 69.3599535412258 69.7369320127698 70.113910484314 70.490888955858 70.8678674274021
46.700382094913 47.1297606468201 47.559139198727 47.988517750634 48.523088423411 49.0927231364779 49.6623578495448 50.2319925626119 50.8016272756788 51.3712619887457 51.9408967018127 52.4558732562595 52.8068753348456 53.1578774134318 53.5088794920179 53.859881570604 54.2108836491903 54.5618857277764 54.9128878063625 55.5167698224385 56.204945151011 56.8931204795836 57.5812958081562 58.2694711367288 58.9576464653013 59.645821793874 60.3282187355888 60.9932805167302 61.6583422978718 62.3234040790133 62.9884658601547 63.6535276412963 64.3185894224378 64.9836512035792 65.5554390271504 66.0961355315314 66.6368320359123 67.1775285402933 67.7182250446742 68.2589215490552 68.7996180534362 69.2792609320746 69.5757429334852 69.8722249348958 70.1687069363064 70.4651889377169
46.0936226844787 46.5297055244446 46.9657883644104 47.4018712043762 47.9603663444519 48.5596655845642 49.1589648246764 49.7582640647888 50.3575633049011 50.9568625450133 51.5561617851257 52.0935482660929 52.4451964696248 52.7968446731567 53.1484928766886 53.5001410802205 53.8517892837524 54.2034374872843 54.5550856908162 55.1824673652648 55.9017601966857 56.6210530281065 57.3403458595275 58.0596386909484 58.7789315223692 59.4982243537902 60.1916121800739 60.8072849909463 61.4229578018188 62.0386306126912 62.6543034235635 63.269976234436 63.8856490453084 64.5013218561807 65.111782169342 65.7205049832661 66.3292277971902 66.9379506111144 67.5466734250385 68.1553962389627 68.7641190528869 69.2903539021809 69.5691248575846 69.8478958129882 70.1266667683919 70.4054377237955
45.4868632740444 45.9296504020691 46.3724375300937 46.8152246581183 47.3976442654927 48.0266080326504 48.655571799808 49.2845355669657 49.9134993341233 50.5424631012809 51.1714268684387 51.7312232759264 52.083517604404 52.4358119328817 52.7881062613593 53.1404005898369 53.4926949183146 53.8449892467922 54.1972835752699 54.8481649080911 55.5985752423603 56.3489855766295 57.0993959108987 57.8498062451679 58.6002165794371 59.3506269137063 60.0550056245591 60.6212894651623 61.1875733057657 61.753857146369 62.3201409869723 62.8864248275756 63.4527086681789 64.0189925087822 64.6681253115336 65.3448744350008 66.0216235584681 66.6983726819355 67.3751218054028 68.0518709288701 68.7286200523375 69.3014468722873 69.562506781684 69.8235666910807 70.0846266004774 70.3456865098741
44.8801038636101 45.3295952796936 45.779086695777 46.2285781118604 46.8349221865336 47.4935504807365 48.1521787749395 48.8108070691426 49.4694353633456 50.1280636575486 50.7866919517516 51.3688982857598 51.7218387391832 52.0747791926066 52.42771964603 52.7806600994533 53.1336005528768 53.4865410063001 53.8394814597235 54.5138624509175 55.2953902880349 56.0769181251524 56.85844596227 57.6399737993875 58.4215016365049 59.2030294736225 59.9183990690442 60.4352939393784 60.9521888097127 61.4690836800468 61.985978550381 62.5028734207153 63.0197682910495 63.5366631613836 64.2244684537251 64.9692438867356 65.7140193197461 66.4587947527567 67.2035701857671 67.9483456187776 68.6931210517882 69.3125398423936 69.5558887057833 69.7992375691731 70.0425864325629 70.2859352959526
44.2733444531758 44.7295401573181 45.1857358614604 45.6419315656026 46.2722001075744 46.9604929288228 47.6487857500711 48.3370785713195 49.0253713925679 49.7136642138162 50.4019570350646 51.0065732955932 51.3601598739624 51.7137464523315 52.0673330307007 52.4209196090698 52.774506187439 53.1280927658081 53.4816793441772 54.1795599937438 54.9922053337096 55.8048506736753 56.6174960136413 57.430141353607 58.2427866935728 59.0554320335387 59.7817925135294 60.2492984135945 60.7168043136596 61.1843102137247 61.6518161137898 62.119322013855 62.58682791392 63.0543338139851 63.7808115959167 64.5936133384703 65.406415081024 66.2192168235778 67.0320185661314 67.8448203086851 68.6576220512389 69.3236328125 69.5492706298828 69.7749084472656 70.0005462646484 70.2261840820312
43.6665850427415 44.1294850349426 44.5923850271437 45.0552850193447 45.7094780286153 46.427435376909 47.1453927252026 47.8633500734964 48.5813074217901 49.2992647700838 50.0172221183776 50.6442483054267 50.9984810087415 51.3527137120565 51.7069464153713 52.0611791186862 52.4154118220011 52.769644525316 53.1238772286309 53.8452575365701 54.6890203793842 55.5327832221983 56.3765460650125 57.2203089078266 58.0640717506407 58.9078345934549 59.6451859580145 60.0633028878105 60.4814198176066 60.8995367474026 61.3176536771985 61.7357706069946 62.1538875367906 62.5720044665866 63.3371547381082 64.2179827902051 65.0988108423019 65.9796388943989 66.8604669464957 67.7412949985926 68.6221230506896 69.3347257826063 69.5426525539822 69.750579325358 69.9585060967339 70.1664328681098
