data/working_set_collections/6091692-Cassins_Sparrow-MC/2005/bio12.asc
NCOLS 265 
NROWS 230 
XLLCORNER -115.5625 
YLLCORNER 24.8333333333333 
CELLSIZE 0.0833333333333333 
NODATA_value -9999 
[rows 20 to 39 of 230, columns 46 to 91 of 265]
555.044473520916 554.936135779488 554.82779803806 554.719460296632 554.611122555204 554.502784813777 549.570786539717 543.030901421445 536.491016303171 529.9511311849 523.411246066627 516.871360948354 510.331475830082 501.059853871671 483.593021392827 466.126188913987 448.659356435147 431.192523956304 413.725691477463 396.258858998623 378.79202651978 367.338092295333 357.888457489018 348.438822682702 338.989187876388 329.539553070073 320.089918263757 310.640283457442 301.480603832673 293.19078975254 284.900975672408 276.611161592276 268.321347512142 260.03153343201 251.741719351878 243.451905271744 242.890928649903 244.906231180828 246.921533711753 248.936836242677 250.952138773601 252.967441304526 254.98274383545 254.792767206831 247.986953099571 241.181138992312
549.638097890219 548.002681562637 546.367265235054 544.731848907472 543.09643257989 541.461016252307 535.234853108727 527.478441026479 519.72202894423 511.965616861982 504.209204779735 496.452792697486 488.696380615238 478.670552825934 461.83647791545 445.002403004969 428.168328094489 411.334253184005 394.500178273524 377.666103363043 360.832028452559 349.485018666589 339.96703058879 330.449042510989 320.93105443319 311.413066355392 301.895078277591 292.377090199792 283.440639962094 276.248803244699 269.056966527306 261.865129809913 254.673293092518 247.481456375125 240.289619657731 233.097782940337 232.796821594239 234.792818705242 236.788815816244 238.784812927247 240.780810038249 242.776807149252 244.772804260255 244.985814030967 239.849861780804 234.713909530641
544.231722259523 541.069227345786 537.906732432049 534.744237518313 531.581742604576 528.419247690839 520.898919677738 511.925980631515 502.95304158529 493.980102539067 485.007163492844 476.034224446619 467.061285400396 456.2812517802 440.079934438075 423.878617095954 407.677299753832 391.475982411708 375.274665069586 359.073347727465 342.87203038534 331.631945037846 322.045603688563 312.459262339278 302.872920989995 293.286579640712 283.700238291427 274.113896942143 265.400676091517 259.306816736861 253.212957382206 247.119098027551 241.025238672895 234.93137931824 228.837519963586 222.74366060893 222.702714538576 224.679406229656 226.656097920737 228.632789611818 230.609481302898 232.586172993979 234.56286468506 235.178860855105 231.712770462038 228.246680068971
538.825346628826 534.135773128935 529.446199629044 524.756626129153 520.067052629262 515.37747912937 506.562986246749 496.37352023655 486.184054226349 475.99458821615 465.805122205951 455.615656195751 445.426190185552 433.891950734463 418.323390960698 402.754831186936 387.186271413174 371.617711639409 356.049151865647 340.480592091884 324.91203231812 313.778871409102 304.124176788335 294.469482167566 284.814787546798 275.16009292603 265.505398305261 255.850703684493 247.360712220937 242.36483022902 237.368948237104 232.373066245188 227.377184253271 222.381302261355 217.385420269439 212.389538277522 212.608607482911 214.56599375407 216.523380025229 218.480766296388 220.438152567547 222.395538838706 224.352925109864 225.371907679242 223.575679143271 221.779450607301
534.393685150148 528.372197723391 522.350710296632 516.329222869875 510.307735443118 504.286248016359 495.195878092451 485.082547336158 474.969216579863 464.85588582357 454.742555067277 444.629224310982 434.515893554689 423.028815460209 407.420495351157 391.812175242109 376.20385513306 360.595535024009 344.987214914961 329.378894805912 313.770574696861 302.583720652265 292.870688629153 283.15765660604 273.444624582929 263.731592559817 254.018560536704 244.305528513593 235.946306567723 231.648514853584 227.350723139446 223.052931425308 218.755139711169 214.457347997031 210.159556282892 205.861764568754 206.335588328044 208.399950578477 210.464312828912 212.528675079346 214.593037329779 216.657399580214 218.721761830648 220.470792855157 221.27383020189 222.076867548624
530.936737823488 523.778501129153 516.620264434816 509.462027740481 502.303791046146 495.145554351809 486.797595214847 478.053061930342 469.308528645835 460.56399536133 451.819462076825 443.074928792319 434.330395507814 423.691845957442 407.371247609458 391.050649261478 374.730050913497 358.409452565513 342.088854217533 325.768255869552 309.447657521568 298.046492767336 288.285139211022 278.523785654706 268.762432098391 259.001078542077 249.23972498576 239.478371429446 231.157459131878 227.157870610556 223.158282089235 219.158693567913 215.159105046591 211.15951652527 207.159928003948 203.160339482626 203.883657073975 206.181276702881 208.478896331787 210.776515960693 213.074135589599 215.371755218506 217.669374847412 220.475516382852 224.807223637898 229.138930892942
527.479790496828 519.184804534915 510.889818573 502.594832611086 494.299846649173 486.004860687258 478.399312337242 471.023576524525 463.647840711807 456.27210489909 448.896369086374 441.520633273656 434.144897460939 424.354876454675 407.321999867759 390.289123280846 373.256246693933 356.223370107017 339.190493520104 322.157616933191 305.124740346275 293.509264882408 283.69958979289 273.889914703371 264.080239613853 254.270564524336 244.460889434816 234.651214345299 226.368611696033 222.667226367528 218.965841039023 215.264455710518 211.563070382013 207.861685053509 204.160299725004 200.458914396499 201.431725819905 203.962602827284 206.493479834663 209.024356842041 211.555233849419 214.086110856798 216.616987864176 220.480239910548 228.340617073905 236.200994237262
524.022843170168 514.591107940676 505.159372711183 495.727637481692 486.2959022522 476.864167022707 470.001029459637 463.994091118709 457.987152777779 451.98021443685 445.973276095922 439.966337754992 433.959399414064 425.017906951908 407.27275212606 389.527597300215 371.78244247437 354.037287648521 336.292132822676 318.546977996831 300.801823170982 288.972036997479 279.114040374759 269.256043752036 259.398047129315 249.540050506595 239.682053883872 229.824057261151 221.579764260187 218.176582124499 214.773399988811 211.370217853124 207.967035717435 204.563853581747 201.16067144606 197.757489310371 198.979794565836 201.743928951687 204.508063337538 207.272197723388 210.036332109239 212.80046649509 215.56460088094 220.484963438243 231.874010509913 243.263057581581
520.565895843508 509.997411346439 499.428926849367 488.860442352298 478.291957855228 467.723473358157 461.602746582033 456.964605712893 452.326464843752 447.688323974611 443.05018310547 438.412042236329 433.773901367188 425.680937449141 407.223504384361 388.766071319583 370.308638254806 351.851205190025 333.393772125248 314.93633906047 296.47890599569 284.434809112551 274.528490956627 264.622172800702 254.715854644778 244.809536488854 234.903218332928 224.996900177005 216.790916824342 213.685937881471 210.5809589386 207.475979995729 204.371001052857 201.266022109986 198.161043167115 195.056064224244 196.527863311768 199.52525507609 202.522646840413 205.520038604736 208.517430369059 211.514822133382 214.512213897705 220.489686965939 235.407403945921 250.3251209259
517.108948516848 505.403714752201 493.698480987551 481.993247222903 470.288013458256 458.582779693606 453.204463704429 449.935120307076 446.665776909723 443.396433512371 440.127090115019 436.857746717665 433.588403320313 426.343967946375 407.174256642662 388.004545338952 368.834834035242 349.665122731529 330.495411427819 311.32570012411 292.155988820397 279.897581227623 269.942941538496 259.988301849367 250.03366216024 240.079022471113 230.124382781984 220.169743092857 212.002069388497 209.195293638442 206.388517888388 203.581742138334 200.774966388279 197.968190638225 195.161414888171 192.354639138116 194.075932057698 197.306581200493 200.537230343289 203.767879486084 206.998528628879 210.229177771674 213.459826914469 220.494410493635 238.940797381928 257.387184270219
518.222262827557 506.206275346546 494.190287865533 482.174300384523 470.158312903512 458.142325422499 453.518441518147 451.358592139349 449.198742760551 447.038893381754 444.879044002956 442.719194624158 440.55934524536 434.10252024333 414.754768371582 395.407016499839 376.059264628095 356.711512756348 337.363760884604 318.016009012861 298.668257141113 285.991228993734 275.537775421143 265.084321848551 254.63086827596 244.17741470337 233.723961130778 223.270507558187 214.705675506591 211.806708017984 208.907740529378 206.008773040771 203.109805552164 200.210838063558 197.311870574951 194.412903086344 196.22644399007 199.610821024575 202.995198059081 206.379575093586 209.763952128091 213.148329162596 216.532706197101 224.224163564041 244.836861928301 265.449560292557
523.905838775636 512.405093129477 500.904347483317 489.403601837159 477.902856191001 466.40211054484 462.544680023192 461.235021209715 459.925362396239 458.615703582762 457.306044769285 455.996385955808 454.686727142332 448.956594340008 429.965039571126 410.973484802247 391.981930033368 372.990375264485 353.998820495606 335.007265726727 316.015710957844 302.715752410888 291.312992604573 279.910232798257 268.507472991943 257.104713185629 245.701953379312 234.299193572998 224.901735178629 221.5201810201 218.138626861571 214.757072703043 211.375518544514 207.993964385986 204.612410227457 201.230856068928 202.979399108885 206.437974548338 209.896549987791 213.355125427244 216.813700866697 220.272276306151 223.730851745604 231.678946177159 253.095597585038 274.512248992915
529.589414723715 518.603910912409 507.618407101102 496.632903289796 485.64739947849 474.661895667182 471.570918528238 471.111450280082 470.651982031927 470.192513783771 469.733045535616 469.27357728746 468.814109039305 463.810668436688 445.175310770671 426.539953104656 407.904595438641 389.269237772624 370.633880106609 351.998522440594 333.363164774576 319.440275828043 307.088209788005 294.736143747965 282.384077707927 270.032011667888 257.679945627848 245.32787958781 235.097794850667 231.233654022216 227.369513193766 223.505372365315 219.641231536865 215.777090708414 211.912949879964 208.048809051513 209.7323542277 213.265128072101 216.797901916502 220.330675760903 223.863449605304 227.396223449706 230.928997294106 239.133728790277 261.354333241777 283.574937693273
535.272990671795 524.802728695341 514.332466718886 503.862204742433 493.391942765979 482.921680789524 480.597157033283 480.987879350449 481.378601667615 481.76932398478 482.160046301946 482.550768619112 482.941490936278 478.664742533368 460.385581970215 442.106421407065 423.827260843915 405.548100280762 387.268939717612 368.989779154462 350.710618591309 336.164799245199 322.863426971437 309.562054697672 296.26068242391 282.959310150148 269.657937876384 256.356565602621 245.293854522705 240.947127024332 236.60039952596 232.253672027588 227.906944529215 223.560217030843 219.213489532471 214.866762034098 216.485309346516 220.092281595864 223.699253845214 227.306226094562 230.913198343911 234.52017059326 238.127142842609 246.588511403396 269.613068898515 292.637626393631
540.956566619874 531.001546478273 521.04652633667 511.091506195069 501.136486053468 491.181465911865 489.623395538328 490.864308420815 492.105221303302 493.346134185789 494.587047068276 495.827959950763 497.068872833249 493.518816630047 475.595853169759 457.672889709473 439.749926249188 421.826962788899 403.903999328614 385.981035868328 368.058072408039 352.889322662353 338.638644154867 324.387965647379 310.137287139893 295.886608632407 281.635930124918 267.385251617432 255.489914194742 250.660600026447 245.831285858154 241.00197168986 236.172657521565 231.343343353271 226.514029184977 221.684715016682 223.23826446533 226.919435119627 230.600605773924 234.281776428221 237.962947082517 241.644117736815 245.325288391111 254.043294016513 277.871804555253 301.700315093989
546.640142567953 537.200364261205 527.760585954454 518.320807647706 508.881029340957 499.441251034207 498.649634043374 500.740737491182 502.83184093899 504.922944386798 507.014047834606 509.105151282414 511.196254730222 508.372890726727 490.806124369303 473.239358011882 455.672591654461 438.105825297037 420.539058939617 402.972292582196 385.405526224772 369.613846079509 354.413861338299 339.213876597086 324.013891855876 308.813907114666 293.613922373454 278.413937632244 265.68597386678 260.374073028564 255.062172190348 249.750271352132 244.438370513915 239.1264696757 233.814568837484 228.502667999267 229.991219584146 233.74658864339 237.501957702635 241.25732676188 245.012695821124 248.76806488037 252.523433939614 261.498076629632 286.130540211991 310.763003794347
549.373130035402 540.387788306344 531.402446577285 522.417104848227 513.43176311917 504.44642139011 504.108896128336 506.653976355658 509.19905658298 511.744136810302 514.289217037624 516.834297264946 519.379377492268 516.843567487932 499.065086788603 481.286606089277 463.508125389951 445.729644690622 427.951163991296 410.172683291969 392.39420259264 376.523923492435 361.289711591936 346.055499691435 330.821287790937 315.587075890438 300.352863989938 285.118652089439 272.428882598878 267.372440338135 262.315998077393 257.259555816651 252.203113555908 247.146671295166 242.090229034424 237.033786773681 238.693541463214 242.592028469507 246.490515475801 250.389002482094 254.287489488388 258.185976494681 262.084463500975 271.189022318515 295.91179656982 320.634570821121
549.155529022218 540.56381861369 531.97210820516 523.380397796632 514.788687388104 506.196976979574 506.001181793212 508.604025014241 511.20686823527 513.809711456298 516.412554677327 519.015397898355 521.618241119384 518.93084691366 500.372740427655 481.814633941653 463.256527455652 444.698420969647 426.140314483646 407.582207997645 389.02410151164 373.619554901126 359.266194915775 344.912834930422 330.559474945071 316.20611495972 301.852754974367 287.499394989016 275.718640391032 271.655701955159 267.592763519287 263.529825083415 259.466886647542 255.403948211669 251.341009775797 247.278071339924 249.345230102537 253.455754597979 257.566279093422 261.676803588865 265.787328084307 269.89785257975 274.008377075193 283.116131083163 307.215573628739 331.31501617431
548.937928009035 540.739848921036 532.541769833036 524.343690745037 516.145611657038 507.947532569038 507.893467458088 510.554073672824 513.214679887559 515.875286102294 518.535892317029 521.196498531765 523.8571047465 521.018126339387 501.680394066707 482.34266179403 463.004929521353 443.667197248673 424.329464975996 404.99173270332 385.65400043064 370.715186309817 357.242678239614 343.770170169408 330.297662099205 316.825154029002 303.352645958796 289.880137888592 279.008398183187 275.938963572184 272.869528961181 269.800094350179 266.730659739176 263.661225128173 260.591790517171 257.522355906167 259.99691874186 264.319480726451 268.642042711044 272.964604695636 277.287166680227 281.60972866482 285.932290649412 295.043239847812 318.519350687659 341.995461527501
548.720326995851 540.915879228382 533.111431460911 525.306983693442 517.502535925973 509.698088158502 509.785753122965 512.504122331407 515.222491539849 517.94086074829 520.659229956732 523.377599165174 526.095968373616 523.105405765114 502.988047705758 482.870689646406 462.753331587054 442.635973527699 422.518615468347 402.401257408995 382.283899349639 367.810817718508 355.219161563453 342.627505408395 330.035849253339 317.444193098283 304.852536943225 292.260880788169 282.298155975342 280.222225189209 278.146294403076 276.070363616943 273.99443283081 271.918502044677 269.842571258544 267.766640472411 270.648607381183 275.183206854924 279.717806328666 284.252405802407 288.787005276148 293.32160474989 297.856204223631 306.970348612461 329.823127746578 352.675906880691
