data/working_set_collections/6091692-Cassins_Sparrow-MC/2005/bio10.asc
NCOLS 265 
NROWS 230 
XLLCORNER -115.5625 
YLLCORNER 24.8333333333333 
CELLSIZE 0.0833333333333333 
NODATA_value -9999 
[rows 20 to 39 of 230, columns 138 to 183 of 265]
23.7106809139251 23.7567135651906 23.8027462164561 23.8487788677215 23.8985868136088 23.9496531910366 24.0007195684645 24.0517859458923 24.1028523233202 24.153918700748 24.2049850781759 24.237591319614 24.214817153083 24.1920429865519 24.1692688200209 24.1464946534899 24.1237204869588 24.1009463204278 24.0781721538968 24.0726187229157 24.0728055371179 24.0729923513201 24.0731791655223 24.0733659797245 24.0735527939267 24.0737396081289 24.0904108789232 24.1565355194939 24.2226601600647 24.2887848006354 24.3549094412062 24.4210340817769 24.4871587223477 24.5532833629184 24.6135073184967 24.6717643790775 24.7300214396583 24.7882785002391 24.8465355608198 24.9047926214006 24.9630496819814 25.0027861648136 24.9869609143999 24.9711356639862 24.9553104135725 24.9394851631589
23.8102566242218 23.8468342940012 23.8834119637807 23.9199896335602 23.9603060086568 24.0018686188592 24.0434312290615 24.0849938392639 24.1265564494663 24.1681190596686 24.209681669871 24.2341370688544 24.2072708341811 24.1804045995077 24.1535383648343 24.1266721301609 24.0998058954875 24.0729396608141 24.0460734261407 24.0368789196014 24.0335749891069 24.0302710586124 24.0269671281179 24.0236631976234 24.0203592671288 24.0170553366343 24.0312813970778 24.0980974303351 24.1649134635925 24.2317294968499 24.2985455301073 24.3653615633647 24.432177596622 24.4989936298794 24.5599566936493 24.61896876759 24.6779808415307 24.7369929154714 24.7960049894121 24.8550170633528 24.9140291372935 24.9544263468848 24.9389789634281 24.9235315799713 24.9080841965146 24.8926368130578
23.9098323345184 23.9369550228119 23.9640777111053 23.9912003993988 24.0220252037048 24.0540840466817 24.0861428896586 24.1182017326355 24.1502605756124 24.1823194185893 24.2143782615662 24.2306828180949 24.1997245152791 24.1687662124634 24.1378079096476 24.1068496068319 24.0758913040161 24.0449330012004 24.0139746983846 24.0011391162872 23.994344441096 23.9875497659048 23.9807550907135 23.9739604155223 23.967165740331 23.9603710651398 23.9721519152323 24.0396593411763 24.1071667671204 24.1746741930644 24.2421816190084 24.3096890449524 24.3771964708964 24.4447038968404 24.5064060688019 24.5661731561025 24.6259402434031 24.6857073307037 24.7454744180043 24.805241505305 24.8650085926056 24.9060665289561 24.8909970124563 24.8759274959564 24.8608579794566 24.8457884629568
24.009408044815 24.0270757516225 24.04474345843 24.0624111652374 24.0837443987528 24.1062994745042 24.1288545502557 24.1514096260071 24.1739647017585 24.1965197775099 24.2190748532613 24.2272285673353 24.1921781963772 24.1571278254191 24.122077454461 24.0870270835029 24.0519767125448 24.0169263415867 23.9818759706285 23.965399312973 23.9551138930851 23.9448284731971 23.9345430533091 23.9242576334212 23.9139722135332 23.9036867936452 23.9130224333869 23.9812212520175 24.0494200706482 24.1176188892788 24.1858177079095 24.2540165265401 24.3222153451708 24.3904141638014 24.4528554439545 24.513377544615 24.5738996452755 24.6344217459361 24.6949438465966 24.7554659472571 24.8159880479177 24.8577067110274 24.8430150614845 24.8283234119415 24.8136317623986 24.7989401128557
24.0156226423052 24.036314090093 24.0570055378808 24.0776969856686 24.0984491825104 24.1192216290368 24.1399940755632 24.1607665220896 24.1815389686161 24.2023114151425 24.2230838616689 24.2302816867828 24.1967556476593 24.1632296085358 24.1297035694122 24.0961775302887 24.0626514911652 24.0291254520416 23.9955994129181 23.9782586574554 23.9663129965464 23.9543673356374 23.9424216747284 23.9304760138194 23.9185303529104 23.9065846920013 23.9140177779727 23.9795871045854 24.0451564311981 24.1107257578108 24.1762950844235 24.2418644110362 24.3074337376488 24.3730030642615 24.4315787156423 24.4878231419457 24.5440675682492 24.6003119945526 24.656556420856 24.7128008471595 24.7690452734629 24.8073559919993 24.7918655872345 24.7763751824697 24.7608847777049 24.7453943729401
23.9284761269887 23.9646700382233 24.0008639494578 24.0370578606923 24.0661395549774 24.0928505102793 24.1195614655812 24.1462724208832 24.1729833761851 24.199694331487 24.2264052867889 24.2398421764374 24.2134568691254 24.1870715618134 24.1606862545013 24.1343009471893 24.1079156398773 24.0815303325653 24.0551450252533 24.0397171497345 24.0279417514801 24.0161663532257 24.0043909549713 23.9926155567169 23.9808401584625 23.9690647602081 23.9751379489898 24.03475689888 24.0943758487701 24.1539947986603 24.2136137485504 24.2732326984405 24.3328516483307 24.3924705982208 24.4425758838653 24.4895099480947 24.536444012324 24.5833780765533 24.6303121407827 24.677246205012 24.7241802692413 24.755014371872 24.7375485897064 24.7200828075409 24.7026170253754 24.6851512432099
23.8413296116723 23.8930259863536 23.9447223610348 23.9964187357161 24.0338299274445 24.0664793915219 24.0991288555993 24.1317783196767 24.1644277837541 24.1970772478316 24.229726711909 24.2494026660919 24.2301580905914 24.2109135150909 24.1916689395905 24.17242436409 24.1531797885895 24.133935213089 24.1146906375885 24.1011756420135 24.0895705064138 24.077965370814 24.0663602352142 24.0547550996145 24.0431499640147 24.0315448284149 24.036258120007 24.0899266931746 24.1435952663421 24.1972638395097 24.2509324126773 24.3046009858449 24.3582695590125 24.4119381321801 24.4535730520884 24.4911967542436 24.5288204563988 24.5664441585541 24.6040678607093 24.6416915628645 24.6793152650197 24.7026727517446 24.6832315921784 24.6637904326121 24.6443492730459 24.6249081134796
23.7541830963558 23.8213819344838 23.8885807726118 23.9557796107398 24.0015202999115 24.0401082727644 24.0786962456173 24.1172842184703 24.1558721913232 24.1944601641761 24.233048137029 24.2589631557465 24.2468593120575 24.2347554683685 24.2226516246796 24.2105477809906 24.1984439373016 24.1863400936127 24.1742362499237 24.1626341342926 24.1511992613474 24.1397643884023 24.1283295154571 24.116894642512 24.1054597695669 24.0940248966217 24.0973782910241 24.1450964874691 24.1928146839142 24.2405328803592 24.2882510768042 24.3359692732493 24.3836874696943 24.4314056661394 24.4645702203115 24.4928835603926 24.5211969004737 24.5495102405548 24.5778235806359 24.606136920717 24.6344502607981 24.6503311316172 24.6289145946503 24.6074980576833 24.5860815207164 24.5646649837494
23.6670365810394 23.7497378826141 23.8324391841888 23.9151404857635 23.9692106723785 24.013737154007 24.0582636356354 24.1027901172638 24.1473165988922 24.1918430805206 24.236369562149 24.268523645401 24.2635605335236 24.2585974216461 24.2536343097687 24.2486711978912 24.2437080860138 24.2387449741363 24.2337818622589 24.2240926265716 24.2128280162811 24.2015634059906 24.1902987957001 24.1790341854095 24.167769575119 24.1565049648285 24.1584984620412 24.2002662817637 24.2420341014862 24.2838019212087 24.3255697409312 24.3673375606537 24.4091053803762 24.4508732000987 24.4755673885345 24.4945703665415 24.5135733445485 24.5325763225555 24.5515793005625 24.5705822785695 24.5895852565765 24.5979895114899 24.5745975971222 24.5512056827545 24.5278137683869 24.5044218540192
23.579890065723 23.6780938307444 23.7762975957658 23.8745013607873 23.9369010448456 23.9873660352495 24.0378310256534 24.0882960160573 24.1387610064612 24.1892259968652 24.2396909872691 24.2780841350555 24.2802617549896 24.2824393749237 24.2846169948578 24.2867946147919 24.288972234726 24.29114985466 24.2933274745941 24.2855511188507 24.2744567712148 24.2633624235789 24.252268075943 24.2411737283071 24.2300793806712 24.2189850330353 24.2196186330583 24.2554360760583 24.2912535190582 24.3270709620582 24.3628884050581 24.3987058480581 24.434523291058 24.4703407340579 24.4865645567576 24.4962571726905 24.5059497886234 24.5156424045563 24.5253350204892 24.535027636422 24.5447202523549 24.5456478913625 24.5202805995941 24.4949133078257 24.4695460160573 24.444178724289
23.5205812825097 23.6264616171519 23.7323419517941 23.8382222864363 23.9079759597778 23.9656874126858 24.0233988655938 24.0811103185018 24.1388217714098 24.1965332243177 24.2542446772257 24.2993955400255 24.3068646325005 24.3143337249756 24.3218028174506 24.3292719099257 24.3367410024007 24.3442100948758 24.3516791873508 24.3459778308868 24.3358863247765 24.3257948186662 24.3157033125559 24.3056118064456 24.2955203003354 24.285428794225 24.285963069068 24.318374686771 24.3507863044739 24.3831979221768 24.4156095398797 24.4480211575826 24.4804327752855 24.5128443929884 24.5223615805308 24.524247291353 24.5261330021752 24.5280187129974 24.5299044238196 24.5317901346419 24.5336758454641 24.5286618391673 24.5029486815135 24.4772355238597 24.4515223662059 24.425809208552
23.4891102313995 23.5948412418365 23.7005722522735 23.8063032627105 23.8824354171753 23.9487012863159 24.0149671554565 24.0812330245972 24.1474988937378 24.2137647628784 24.280030632019 24.3324578603109 24.3433691660563 24.3542804718017 24.3651917775472 24.3761030832926 24.3870143890381 24.3979256947835 24.408837000529 24.40537276268 24.3971166769663 24.3888605912526 24.3806045055389 24.3723484198252 24.3640923341115 24.3558362483978 24.3575317700704 24.3890821139018 24.4206324577331 24.4521828015645 24.4837331453959 24.5152834892273 24.5468338330587 24.57838417689 24.5829584598541 24.5785407225291 24.5741229852041 24.569705247879 24.565287510554 24.560869773229 24.5564520359039 24.5470313549042 24.5226018428803 24.4981723308563 24.4737428188324 24.4493133068085
23.4576391802893 23.5632208665212 23.668802552753 23.7743842389848 23.8568948745727 23.931715159946 24.0065354453193 24.0813557306925 24.1561760160658 24.230996301439 24.3058165868123 24.3655201805962 24.3798736996121 24.3942272186279 24.4085807376438 24.4229342566596 24.4372877756754 24.4516412946913 24.4659948137071 24.4647676944733 24.4583470291561 24.451926363839 24.4455056985219 24.4390850332048 24.4326643678877 24.4262437025706 24.4291004710727 24.4597895410326 24.4904786109924 24.5211676809523 24.5518567509121 24.582545820872 24.6132348908318 24.6439239607917 24.6435553391774 24.6328341537052 24.6221129682329 24.6113917827606 24.6006705972883 24.5899494118161 24.5792282263438 24.5654008706411 24.542255004247 24.519109137853 24.4959632714589 24.4728174050649
23.4261681291792 23.5316004912058 23.6370328532325 23.7424652152591 23.8313543319702 23.9147290335761 23.998103735182 24.0814784367879 24.1648531383938 24.2482278399997 24.3316025416056 24.3985825008816 24.4163782331679 24.4341739654541 24.4519696977403 24.4697654300266 24.4875611623128 24.5053568945991 24.5231526268853 24.5241626262665 24.519577381346 24.5149921364254 24.5104068915049 24.5058216465844 24.5012364016639 24.4966511567434 24.500669172075 24.5304969681634 24.5603247642517 24.59015256034 24.6199803564283 24.6498081525167 24.679635948605 24.7094637446933 24.7041522185008 24.6871275848812 24.6701029512617 24.6530783176422 24.6360536840227 24.6190290504032 24.6020044167837 24.583770386378 24.5619081656138 24.5400459448497 24.5181837240855 24.4963215033213
23.394697078069 23.4999801158905 23.6052631537119 23.7105461915334 23.8058137893677 23.8977429072062 23.9896720250447 24.0816011428833 24.1735302607218 24.2654593785604 24.3573884963989 24.431644821167 24.4528827667236 24.4741207122803 24.4953586578369 24.5165966033935 24.5378345489502 24.5590724945068 24.5803104400635 24.5835575580597 24.5808077335358 24.5780579090118 24.5753080844879 24.572558259964 24.5698084354401 24.5670586109161 24.5722378730774 24.6012043952942 24.630170917511 24.6591374397278 24.6881039619446 24.7170704841614 24.7460370063782 24.775003528595 24.7647490978241 24.7414210160573 24.7180929342906 24.6947648525238 24.671436770757 24.6481086889903 24.6247806072235 24.6021399021149 24.5815613269806 24.5609827518463 24.540404176712 24.5198256015778
23.3632260269589 23.4683597405751 23.5734934541914 23.6786271678077 23.7802732467651 23.8807567808363 23.9812403149075 24.0817238489787 24.1822073830498 24.282690917121 24.3831744511922 24.4647071414524 24.4893873002794 24.5140674591064 24.5387476179335 24.5634277767605 24.5881079355876 24.6127880944146 24.6374682532416 24.6429524898529 24.6420380857256 24.6411236815982 24.6402092774709 24.6392948733436 24.6383804692162 24.6374660650889 24.6438065740797 24.671911822425 24.7000170707703 24.7281223191155 24.7562275674608 24.7843328158061 24.8124380641513 24.8405433124966 24.8253459771474 24.7957144472334 24.7660829173194 24.7364513874054 24.7068198574914 24.6771883275774 24.6475567976634 24.6205094178518 24.6012144883474 24.581919558843 24.5626246293386 24.5433296998342
23.4538559012942 23.5534423669179 23.6530288325415 23.7526152981652 23.8492049853007 23.9447957462734 24.0403865072462 24.135977268219 24.2315680291917 24.3271587901645 24.4227495511373 24.5008078681098 24.5262688530816 24.5517298380534 24.5771908230252 24.602651807997 24.6281127929687 24.6535737779405 24.6790347629123 24.6878733476003 24.6911711321937 24.694468916787 24.6977667013804 24.7010644859738 24.7043622705671 24.7076600551605 24.7166419823964 24.74267633756 24.7687106927236 24.7947450478872 24.8207794030507 24.8468137582143 24.8728481133779 24.8988824685414 24.8817358016968 24.8501954608493 24.8186551200019 24.7871147791545 24.755574438307 24.7240340974596 24.6924937566121 24.664310280482 24.6461973985036 24.6280845165253 24.6099716345469 24.5918587525686
23.6665867010752 23.7552279949188 23.8438692887624 23.9325105826059 24.0126090049743 24.0898598035176 24.1671106020609 24.2443614006042 24.3216121991475 24.3988629976908 24.4761137962341 24.5399470011393 24.5635274251302 24.5871078491211 24.610688273112 24.6342686971029 24.6578491210937 24.6814295450846 24.7050099690755 24.7183201313019 24.7282068729401 24.7380936145782 24.7479803562164 24.7578670978546 24.7677538394928 24.777640581131 24.7907440980275 24.8134979406992 24.836251783371 24.8590056260427 24.8817594687144 24.9045133113861 24.9272671540578 24.9500209967295 24.9339185714722 24.9048640569051 24.8758095423381 24.846755027771 24.8177005132039 24.7886459986369 24.7595914840698 24.7335424900055 24.7165100574493 24.6994776248932 24.682445192337 24.6654127597809
23.8793175008561 23.9570136229197 24.0347097449832 24.1124058670467 24.176013024648 24.2349238607618 24.2938346968756 24.3527455329895 24.4116563691033 24.4705672052171 24.529478041331 24.5790861341688 24.6007859971788 24.6224858601888 24.6441857231988 24.6658855862088 24.6875854492187 24.7092853122287 24.7309851752387 24.7487669150035 24.7652426136864 24.7817183123694 24.7981940110524 24.8146697097354 24.8311454084184 24.8476211071014 24.8648462136586 24.8843195438385 24.9037928740183 24.9232662041982 24.942739534378 24.9622128645579 24.9816861947377 25.0011595249176 24.9861013412476 24.9595326529609 24.9329639646742 24.9063952763875 24.8798265881009 24.8532578998142 24.8266892115275 24.802774699529 24.7868227163951 24.7708707332611 24.7549187501272 24.7389667669932
24.0920483006371 24.1587992509206 24.225550201204 24.2923011514875 24.3394170443217 24.379987918006 24.4205587916904 24.4611296653747 24.5017005390591 24.5422714127434 24.5828422864278 24.6182252671983 24.6380445692274 24.6578638712565 24.6776831732856 24.6975024753147 24.7173217773437 24.7371410793728 24.7569603814019 24.779213698705 24.8022783544328 24.8253430101606 24.8484076658885 24.8714723216163 24.8945369773441 24.9176016330719 24.9389483292897 24.9551411469777 24.9713339646657 24.9875267823537 25.0037196000417 25.0199124177297 25.0361052354177 25.0522980531057 25.0382841110229 25.0142012490167 24.9901183870104 24.9660355250041 24.9419526629978 24.9178698009915 24.8937869389852 24.8720069090525 24.8571353753408 24.842263841629 24.8273923079173 24.8125207742055
