data/working_set_collections/6091692-Cassins_Sparrow-MC/2005/bio19.asc
NCOLS 265 
NROWS 230 
XLLCORNER -115.5625 
YLLCORNER 24.8333333333333 
CELLSIZE 0.0833333333333333 
NODATA_value -9999 
[rows 200 to 219 of 230, columns 184 to 229 of 265]
66.9760466257727 68.0194110870357 69.0627755482986 70.0755853017167 71.0782101525197 72.0808350033226 73.0834598541257 74.0860847049286 75.0887095557315 76.0913344065346 77.3595758226178 79.4246669345426 81.4897580464678 83.5548491583926 85.6199402703175 87.6850313822426 89.7501224941675 91.8152136060923 91.8391278584802 91.1826498243548 90.5261717902294 89.8696937561039 89.2132157219785 88.5567376878531 87.9002596537276 87.8620109134249 89.6784500545923 91.49488919576 93.3113283369275 95.1277674780949 96.9442066192627 98.7606457604301 100.577084901598 103.719742012024 107.304471778869 -9999 -9999 -9999 -9999 -9999 -9999 -9999 -9999 -9999 -9999 -9999
68.3089738210038 69.4854335784907 70.6618933359775 71.5688589731848 72.3859932369652 73.2031275007455 74.020261764526 74.8373960283064 75.6545302920868 76.4716645558673 77.5328263176808 79.3260705735944 81.1193148295082 82.9125590854218 84.7058033413354 86.4990475972493 88.2922918531629 90.0855361090764 90.0369295756027 89.374372778999 88.7118159823953 88.0492591857915 87.3867023891878 86.7241455925841 86.0615887959803 86.0116468217637 87.7995493147107 89.5874518076579 91.3753543006049 93.1632567935519 94.9511592864991 96.7390617794461 98.526964272393 -9999 -9999 -9999 -9999 -9999 -9999 -9999 -9999 -9999 -9999 -9999 -9999 -9999
69.6419010162349 70.9514560699457 72.2610111236566 73.062132644653 73.6937763214108 74.3254199981686 74.9570636749265 75.5887073516843 76.2203510284421 76.8519947052 77.7060768127438 79.2274742126461 80.7488716125486 82.2702690124509 83.7916664123532 85.3130638122558 86.8344612121581 88.3558586120604 88.234731292725 87.566095733643 86.897460174561 86.2288246154789 85.5601890563969 84.891553497315 84.2229179382329 84.1612827301025 85.9206485748289 87.6800144195557 89.4393802642822 91.1987461090086 92.9581119537354 94.7174777984619 96.4768436431883 -9999 -9999 -9999 -9999 -9999 -9999 -9999 -9999 -9999 -9999 -9999 -9999 -9999
70.974828211466 72.4174785614008 73.8601289113356 74.5554063161211 75.0015594058564 75.4477124955916 75.8938655853269 76.3400186750622 76.7861717647974 77.2323248545327 77.8793273078068 79.1288778516978 80.378428395589 81.62797893948 82.8775294833711 84.1270800272623 85.3766305711534 86.6261811150444 86.4325330098474 85.7578186882871 85.0831043667268 84.4083900451664 83.7336757236061 83.0589614020458 82.3842470804854 82.3109186384412 84.0417478349472 85.7725770314534 87.5034062279594 89.2342354244654 90.9650646209717 92.6958938174777 94.4267230139836 97.4008420944211 100.789391136169 -9999 -9999 -9999 -9999 -9999 -9999 -9999 -9999 -9999 -9999 -9999
72.1668567021683 73.7160151799514 75.2651736577345 75.8532180150347 76.1208909988401 76.3885639826454 76.6562369664508 76.9239099502562 77.1915829340616 77.459255917867 77.9084774653115 78.9023447036741 79.8962119420369 80.8900791803995 81.8839464187622 82.8778136571249 83.8716808954875 84.8655481338502 84.6258091608688 83.9748681174389 83.323927074009 82.672986030579 82.0220449871492 81.3711039437193 80.7201629002893 80.646620856391 82.3052758110892 83.9639307657878 85.6225857204861 87.2812406751844 88.939895629883 90.5985505845812 92.2572055392795 95.2022567749022 98.576106770833 -9999 -9999 -9999 -9999 -9999 -9999 -9999 -9999 -9999 -9999 -9999
73.2179864883418 74.8470659255976 76.4761453628533 76.9555677413938 77.051771100362 77.1479744593301 77.2441778182982 77.3403811772664 77.4365845362345 77.5327878952026 77.7935272852578 78.5478747685749 79.3022222518921 80.0565697352091 80.8109172185262 81.5652647018433 82.3196121851604 83.0739596684775 82.814559745789 82.2172440210983 81.6199282964075 81.0226125717167 80.425296847026 79.8279811223352 79.2306653976444 79.1683893839517 80.711232503255 82.2540756225586 83.796918741862 85.3397618611653 86.8826049804688 88.4254480997722 89.9682912190755 92.9113861083982 96.3212315877275 -9999 -9999 -9999 -9999 -9999 -9999 -9999 -9999 -9999 -9999 -9999
74.2691162745154 75.9781166712438 77.6871170679722 78.057917467753 77.9826512018838 77.9073849360147 77.8321186701456 77.7568524042765 77.6815861384074 77.6063198725383 77.6785771052042 78.1934048334757 78.7082325617472 79.2230602900187 79.7378880182902 80.2527157465618 80.7675434748333 81.2823712031048 81.0033103307092 80.4596199247576 79.915929518806 79.3722391128543 78.8285487069028 78.2848583009512 77.7411678949995 77.6901579115125 79.1171891954208 80.5442204793294 81.9712517632378 83.3982830471461 84.8253143310548 86.2523456149631 87.6793768988715 90.6205154418943 94.0663564046219 -9999 -9999 -9999 -9999 -9999 -9999 -9999 -9999 -9999 -9999 -9999
75.3202460606888 77.1091674168898 78.8980887730909 79.160267194112 78.9135313034056 78.6667954126993 78.4200595219929 78.1733236312866 77.9265877405803 77.6798518498739 77.5636269251505 77.8389348983765 78.1142428716024 78.3895508448284 78.6648588180543 78.9401667912803 79.2154747645063 79.4907827377322 79.1920609156295 78.7019958284171 78.2119307412046 77.7218656539921 77.2318005667797 76.7417354795672 76.2516703923547 76.2119264390734 77.5231458875868 78.8343653361004 80.1455847846138 81.4568042331272 82.7680236816408 84.0792431301542 85.3904625786676 -9999 -9999 -9999 -9999 -9999 -9999 -9999 -9999 -9999 -9999 -9999 -9999 -9999
76.3713758468623 78.240218162536 80.1090604782097 80.2626169204711 79.8444114049275 79.4262058893839 79.0080003738403 78.5897948582967 78.1715893427532 77.7533838272095 77.4486767450968 77.4844649632772 77.5202531814576 77.556041399638 77.5918296178184 77.6276178359988 77.6634060541791 77.6991942723595 77.3808115005497 76.9443717320764 76.5079319636031 76.0714921951297 75.6350524266565 75.1986126581832 74.7621728897098 74.7336949666341 75.9291025797525 77.1245101928712 78.3199178059896 79.515325419108 80.7107330322267 81.9061406453452 83.1015482584636 86.0387741088865 89.556606038411 -9999 -9999 -9999 -9999 -9999 -9999 -9999 -9999 -9999 -9999 -9999
77.4225056330358 79.3712689081822 81.3200321833285 81.3649666468302 80.7752915064494 80.1856163660686 79.5959412256877 79.0062660853069 78.4165909449261 77.8269158045452 77.3337265650432 77.129995028178 76.9262634913128 76.7225319544476 76.5188004175824 76.3150688807172 76.111337343852 75.9076058069868 75.5695620854699 75.1867476357357 74.8039331860016 74.4211187362674 74.0383042865333 73.6554898367991 73.2726753870649 73.2554634941948 74.3350592719183 75.414655049642 76.4942508273655 77.573846605089 78.6534423828126 79.7330381605361 80.8126339382596 83.7479034423825 87.3017308553055 90.8555582682285 -9999 -9999 -9999 -9999 -9999 -9999 -9999 -9999 -9999 -9999
78.2716425577795 80.3065931532112 82.3415437486429 82.3255214055379 81.625841416253 80.9261614269681 80.2264814376831 79.5268014483982 78.8271214591133 78.1274414698283 77.5144827524821 77.1616878509522 76.8088929494222 76.4560980478923 76.1033031463624 75.7505082448324 75.3977133433025 75.0449184417726 74.6953395207724 74.3468325932821 73.9983256657919 73.6498187383016 73.3013118108114 72.9528048833212 72.6042979558309 72.5886345121593 73.5715015199446 74.5543685277301 75.5372355355155 76.5201025433008 77.5029695510863 78.4858365588716 79.468703566657 82.3912890752151 85.9604474173644 89.5296057595138 -9999 -9999 -9999 -9999 -9999 -9999 -9999 -9999 -9999 -9999
78.9187866210933 81.0461908976231 83.1735951741529 83.1442811965942 82.3960611343384 81.6478410720826 80.8996210098267 80.1514009475709 79.4031808853151 78.6549608230591 77.9909453074138 77.5795434316 77.1681415557861 76.7567396799724 76.3453378041586 75.9339359283448 75.522534052531 75.1111321767172 74.7581438064576 74.424626604716 74.0911094029745 73.757592201233 73.4240749994914 73.0905577977499 72.7570405960083 72.7332080205279 73.6384293238319 74.5436506271361 75.4488719304401 76.3540932337441 77.2593145370482 78.1645358403522 79.0697571436562 81.9689310073847 85.5327557245883 -9999 -9999 -9999 -9999 -9999 -9999 -9999 -9999 -9999 -9999 -9999
79.5659306844071 81.785788642035 84.0056465996629 83.9630409876506 83.1662808524239 82.3695207171971 81.5727605819703 80.7760004467435 79.9792403115168 79.1824801762899 78.4674078623454 77.9973990122478 77.5273901621501 77.0573813120525 76.5873724619549 76.1173636118572 75.6473547617595 75.1773459116619 74.8209480921428 74.50242061615 74.1838931401571 73.8653656641643 73.5468381881714 73.2283107121786 72.9097832361857 72.8777815288965 73.7053571277192 74.532932726542 75.3605083253647 76.1880839241873 77.0156595230101 77.8432351218328 78.6708107206555 81.5465729395543 85.1050640318121 88.66355512407 92.2220462163284 95.7805373085862 -9999 -9999 -9999 -9999 -9999 -9999 -9999 -9999
80.2130747477209 82.5253863864469 84.8376980251728 84.7818007787069 83.9365005705093 83.0912003623116 82.2459001541138 81.4005999459162 80.5552997377186 79.7099995295208 78.9438704172771 78.4152545928956 77.886638768514 77.3580229441326 76.8294071197511 76.3007912953695 75.7721754709881 75.2435596466066 74.883752377828 74.5802146275839 74.2766768773398 73.9731391270956 73.6696013768515 73.3660636266073 73.0625258763632 73.0223550372652 73.7722849316065 74.522214825948 75.2721447202893 76.0220746146306 76.7720045089721 77.5219344033134 78.2718642976547 81.1242148717239 84.677372339036 88.230529806348 91.7836872736607 -9999 -9999 -9999 -9999 -9999 -9999 -9999 -9999 -9999
80.8602188110346 83.2649841308587 85.6697494506828 85.6005605697632 84.7067202885946 83.8128800074261 82.9190397262574 82.0251994450888 81.1313591639203 80.2375188827515 79.4203329722087 78.8331101735434 78.245887374878 77.6586645762127 77.0714417775473 76.4842189788819 75.8969961802166 75.3097733815513 74.9465566635132 74.6580086390178 74.3694606145224 74.0809125900269 73.7923645655315 73.503816541036 73.2152685165405 73.1669285456338 73.8392127354938 74.5114969253539 75.1837811152139 75.8560653050739 76.528349494934 77.200633684794 77.872917874654 80.7018568038935 84.2496806462598 87.7975044886262 -9999 -9999 -9999 -9999 -9999 -9999 -9999 -9999 -9999 -9999
81.5073628743484 84.0045818752705 86.5018008761927 86.4193203608195 85.47694000668 84.5345596525405 83.5921792984009 82.6497989442614 81.707418590122 80.7650382359823 79.8967955271403 79.2509657541912 78.6051359812419 77.9593062082927 77.3134764353436 76.6676466623943 76.0218168894451 75.3759871164959 75.0093609491984 74.7358026504517 74.462244351705 74.1886860529582 73.9151277542115 73.6415694554647 73.3680111567179 73.3115020540024 73.906140539381 74.5007790247598 75.0954175101385 75.6900559955172 76.284694480896 76.8793329662746 77.4739714516533 80.2794987360631 83.8219889534837 87.3644791709043 90.9069693883255 94.4494596057461 -9999 -9999 -9999 -9999 -9999 -9999 -9999 -9999
81.6524904251095 84.24713230133 86.8417741775505 86.8148403803509 85.9140480253433 85.0132556703358 84.1124633153281 83.2116709603205 82.310878605313 81.4100862503053 80.5705007553101 79.9145358403525 79.2585709253947 78.6026060104371 77.9466410954794 77.2906761805216 76.634711265564 75.9787463506063 75.6223197301228 75.3657392077975 75.1091586854722 74.8525781631469 74.5959976408216 74.3394171184963 74.082836596171 74.0223667992483 74.5502291785343 75.0780915578204 75.6059539371064 76.1338163163924 76.6616786956785 77.1895410749645 77.7174034542505 80.472435251871 83.9698568556035 87.467278459336 90.964700063069 94.4621216668015 -9999 -9999 -9999 -9999 -9999 -9999 -9999 -9999
81.2956014633175 83.9926354090367 86.6896693547559 86.7871206283571 86.0180443445843 85.2489680608115 84.4798917770386 83.7108154932659 82.9417392094931 82.1726629257202 81.4414486567179 80.8238204320272 80.2061922073364 79.5885639826457 78.9709357579549 78.3533075332641 77.7356793085734 77.1180510838826 76.7854330062865 76.5478183110554 76.3102036158242 76.0725889205931 75.834974225362 75.5973595301309 75.3597448348997 75.2995227813717 75.7714786529538 76.2434345245359 76.7153903961179 77.1873462676999 77.659302139282 78.131258010864 78.603213882446 81.2806663513176 84.6932843526195 88.1059023539214 91.5185203552239 94.9311383565258 -9999 -9999 -9999 -9999 -9999 -9999 -9999 -9999
80.9387125015255 83.7381385167434 86.5375645319613 86.7594008763632 86.1220406638253 85.4846804512873 84.8473202387492 84.2099600262112 83.5725998136733 82.9352396011352 82.3123965581257 81.733105023702 81.153813489278 80.5745219548542 79.9952304204304 79.4159388860065 78.8366473515827 78.2573558171589 77.9485462824501 77.7298974143132 77.5112485461763 77.2925996780393 77.0739508099024 76.8553019417655 76.6366530736285 76.5766787634952 76.9927281273732 77.4087774912513 77.8248268551293 78.2408762190073 78.6569255828854 79.0729749467635 79.4890243106415 82.0888974507642 85.4167118496356 88.7445262485069 92.0723406473789 95.4001550462502 -9999 -9999 -9999 -9999 -9999 -9999 -9999 -9999
80.5818235397334 83.4836416244501 86.3854597091667 86.7316811243694 86.2260369830662 85.7203928417631 85.2147487004599 84.7091045591567 84.2034604178535 83.6978162765503 83.1833444595337 82.6423896153769 82.1014347712199 81.560479927063 81.0195250829061 80.4785702387492 79.9376153945923 79.3966605504354 79.111659558614 78.9119765175713 78.7122934765285 78.5126104354857 78.312927394443 78.1132443534002 77.9135613123575 77.8538347456188 78.2139776017928 78.5741204579669 78.934263314141 79.294406170315 79.6545490264891 80.0146918826631 80.3748347388371 82.8971285502109 86.1401393466517 89.3831501430925 92.6261609395339 -9999 -9999 -9999 -9999 -9999 -9999 -9999 -9999 -9999
