data/working_set_collections/6091692-Cassins_Sparrow-MC/2005/bio2.asc
NCOLS 265 
NROWS 230 
XLLCORNER -115.5625 
YLLCORNER 24.8333333333333 
CELLSIZE 0.0833333333333333 
NODATA_value -9999 
[rows 40 to 59 of 230, columns 92 to 137 of 265]
13.8155242363612 13.7689591487249 13.7223940610886 13.6758289734523 13.6292638858159 13.6618638038635 13.7208520571391 13.7798403104146 13.8388285636902 13.8978168169657 13.9568050702413 14.0157933235168 14.0425885677338 13.9728047847748 13.9030210018158 13.8332372188568 13.7634534358978 13.6936696529388 13.6238858699799 13.5541020870209 13.4965137243271 13.4429905017217 13.3894672791163 13.3359440565109 13.2824208339056 13.2288976113002 13.1753743886948 13.1795298258463 13.3567212422688 13.5339126586914 13.7111040751139 13.8882954915364 14.0654869079589 14.2426783243815 14.419869740804 14.5322687149048 14.6230702082316 14.7138717015584 14.8046731948852 14.895474688212 14.9862761815389 15.0770776748657 15.1504438400268 15.1715040206909 15.192564201355 15.213624382019
13.7781257443958 13.7345324542787 13.6909391641617 13.6473458740446 13.6037525839276 13.6559313138326 13.7400340504116 13.8241367869907 13.9082395235697 13.9923422601488 14.0764449967278 14.1605477333069 14.202161582311 14.1163087685903 14.0304559548696 13.9446031411489 13.8587503274282 13.7728975137075 13.6870446999868 13.6011918862661 13.5307508389155 13.4654470470217 13.4001432551278 13.334839463234 13.2695356713401 13.2042318794463 13.1389280875524 13.1392199198405 13.3362986246744 13.5333773295084 13.7304560343424 13.9275347391764 14.1246134440104 14.3216921488443 14.5187708536783 14.6395256678263 14.7348391850789 14.8301527023315 14.9254662195841 15.0207797368367 15.1160932540893 15.2114067713419 15.2874989615546 15.3059271706475 15.3243553797404 15.3427835888333
13.7413484308455 13.6961475955116 13.6509467601776 13.6057459248437 13.5605450895098 13.6268537839254 13.7303323215908 13.8338108592563 13.9372893969218 14.0407679345872 14.1442464722527 14.2477250099182 14.3021156814363 14.2092427545124 14.1163698275884 14.0234969006645 13.9306239737405 13.8377510468165 13.7448781198926 13.6520051929686 13.5758370399475 13.5052371448941 13.4346372498406 13.3640373547872 13.2934374597338 13.2228375646803 13.1522376696269 13.1506218618816 13.3559583160612 13.5612947702407 13.7666312244203 13.9719676785998 14.1773041327794 14.3826405869589 14.5879770411385 14.7127187490463 14.8105955415302 14.908472334014 15.0063491264979 15.1042259189817 15.2021027114656 15.2999795039495 15.376998035113 15.3914417823156 15.4058855295181 15.4203292767207
13.7051922957103 13.6538045724233 13.6024168491364 13.5510291258494 13.4996414025625 13.5746312141418 13.6917468706767 13.8088625272115 13.9259781837463 14.0430938402811 14.160209496816 14.2773251533508 14.3424508651098 14.251606742541 14.1607626199722 14.0699184974035 13.9790743748347 13.8882302522659 13.7973861296972 13.7065420071284 13.6317723274231 13.562360795339 13.4929492632548 13.4235377311707 13.3541261990865 13.2847146670024 13.2153031349182 13.2137356519699 13.4157003164291 13.6176649808883 13.8196296453475 14.0215943098068 14.223558974266 14.4255236387252 14.6274883031844 14.7518479585647 14.8503392775853 14.9488305966059 15.0473219156265 15.1458132346471 15.2443045536677 15.3427958726883 15.418941060702 15.4280478556951 15.4371546506882 15.4462614456812
13.669036160575 13.6114615493351 13.5538869380951 13.4963123268552 13.4387377156152 13.5224086443583 13.6531614197625 13.7839141951667 13.9146669705709 14.045419745975 14.1761725213792 14.3069252967834 14.3827860487832 14.2939707305696 14.2051554123561 14.1163400941425 14.0275247759289 13.9387094577154 13.8498941395018 13.7610788212882 13.6877076148987 13.6194844457838 13.551261276669 13.4830381075541 13.4148149384393 13.3465917693244 13.2783686002096 13.2768494420581 13.475442316797 13.6740351915359 13.8726280662748 14.0712209410137 14.2698138157526 14.4684066904915 14.6669995652304 14.7909771680832 14.8900830136405 14.9891888591978 15.0882947047551 15.1874005503124 15.2865063958698 15.3856122414271 15.460884086291 15.4646539290746 15.4684237718582 15.4721936146418
13.6328800254398 13.5691185262468 13.5053570270539 13.4415955278609 13.3778340286679 13.4701860745748 13.6145759688483 13.7589658631219 13.9033557573954 14.0477456516689 14.1921355459425 14.336525440216 14.4231212324566 14.3363347185983 14.2495482047399 14.1627616908815 14.0759751770232 13.9891886631648 13.9024021493064 13.815615635448 13.7436429023743 13.6766080962287 13.6095732900831 13.5425384839376 13.475503677792 13.4084688716465 13.3414340655009 13.3399632321463 13.5351843171649 13.7304054021835 13.9256264872021 14.1208475722206 14.3160686572392 14.5112897422578 14.7065108272764 14.8301063776016 14.9298267496956 15.0295471217897 15.1292674938837 15.2289878659778 15.3287082380718 15.4284286101659 15.50282711188 15.5012600024541 15.4996928930283 15.4981257836024
13.5967238903046 13.5267755031586 13.4568271160126 13.3868787288666 13.3169303417206 13.4179635047912 13.5759905179341 13.7340175310771 13.8920445442199 14.0500715573628 14.2080985705058 14.3661255836486 14.4634564161301 14.3786987066269 14.2939409971237 14.2091832876206 14.1244255781174 14.0396678686142 13.954910159111 13.8701524496078 13.7995781898499 13.7337317466736 13.6678853034973 13.602038860321 13.5361924171448 13.4703459739685 13.4044995307922 13.4030770222345 13.5949263175328 13.7867756128311 13.9786249081293 14.1704742034276 14.3623234987258 14.5541727940241 14.7460220893223 14.86923558712 14.9695704857508 15.0699053843816 15.1702402830124 15.2705751816431 15.3709100802739 15.4712449789047 15.544770137469 15.5378660758336 15.5309620141983 15.524057952563
13.5605677551694 13.4844324800703 13.4082972049713 13.3321619298723 13.2560266547733 13.3657409350077 13.53740506702 13.7090691990322 13.8807333310445 14.0523974630567 14.224061595069 14.3957257270813 14.5037915998035 14.4210626946555 14.3383337895076 14.2556048843596 14.1728759792116 14.0901470740636 14.0074181689157 13.9246892637677 13.8555134773254 13.7908553971185 13.7261973169115 13.6615392367045 13.5968811564975 13.5322230762906 13.4675649960836 13.4661908123228 13.6546683179007 13.8431458234787 14.0316233290566 14.2201008346345 14.4085783402125 14.5970558457904 14.7855333513683 14.9083647966385 15.009314221806 15.1102636469735 15.211213072141 15.3121624973085 15.413111922476 15.5140613476435 15.586713163058 15.5744721492132 15.5622311353683 15.5499901215235
13.5617702139749 13.4845903582043 13.4074105024338 13.3302306466633 13.2530507908927 13.3624472379684 13.5340357859929 13.7056243340174 13.8772128820419 14.0488014300664 14.2203899780909 14.3919785261154 14.4988281779819 14.4114611413744 14.3240941047669 14.2367270681593 14.1493600315518 14.0619929949443 13.9746259583368 13.8872589217292 13.828971807162 13.7803779999415 13.7317841927211 13.6831903855006 13.6345965782801 13.5860027710597 13.5374089638392 13.5462546163135 13.727418647872 13.9085826794306 14.0897467109892 14.2709107425477 14.4520747741063 14.6332388056649 14.8144028372234 14.9292339245478 15.0219540304608 15.1146741363737 15.2073942422867 15.3001143481996 15.3928344541126 15.4855545600255 15.5515740633011 15.5374917586645 15.5234094540278 15.5093271493912
13.6003312667211 13.5272491375605 13.4541670084 13.3810848792394 13.3080027500788 13.4080824136734 13.565882674853 13.7236829360326 13.8814831972122 14.0392834583918 14.1970837195714 14.354883980751 14.4485661506653 14.3498940467835 14.2512219429016 14.1525498390198 14.053877735138 13.9552056312561 13.8565335273743 13.7578614234925 13.7199531793595 13.7022995551427 13.684645930926 13.6669923067093 13.6493386824926 13.6316850582759 13.6140314340591 13.6432684342066 13.8131773074467 13.9830861806869 14.1529950539271 14.3229039271672 14.4928128004074 14.6627216736475 14.8326305468877 14.9318429708481 15.0074899117152 15.0831368525823 15.1587837934494 15.2344307343165 15.3100776751836 15.3857246160507 15.4393528381984 15.4269249041875 15.4144969701767 15.4020690361659
13.6388923194673 13.5699079169167 13.5009235143662 13.4319391118156 13.362954709265 13.4537175893783 13.597729563713 13.7417415380478 13.8857535123825 14.0297654867172 14.1737774610519 14.3177894353866 14.3983041233487 14.2883269521925 14.1783497810364 14.0683726098803 13.9583954387241 13.848418267568 13.7384410964119 13.6284639252557 13.6109345515569 13.6242211103439 13.637507669131 13.650794227918 13.664080786705 13.677367345492 13.6906539042791 13.7402822520997 13.8989359670215 14.0575896819432 14.216243396865 14.3748971117867 14.5335508267084 14.6922045416302 14.8508582565519 14.9344520171483 14.9930257929696 15.0515995687908 15.1101733446121 15.1687471204334 15.2273208962546 15.2858946720759 15.3271316130956 15.3163580497106 15.3055844863256 15.2948109229406
13.6774533722136 13.612566696273 13.5476800203323 13.4827933443917 13.4179066684511 13.4993527650833 13.6295764525731 13.759800140063 13.8900238275528 14.0202475150426 14.1504712025324 14.2806948900223 14.3480420960321 14.2267598576016 14.1054776191712 13.9841953807407 13.8629131423103 13.7416309038798 13.6203486654494 13.4990664270189 13.5019159237544 13.5461426655451 13.5903694073359 13.6345961491267 13.6788228909174 13.7230496327082 13.767276374499 13.8372960699929 13.9846946265962 14.1320931831995 14.2794917398028 14.4268902964062 14.5742888530095 14.7216874096128 14.8690859662161 14.9370610634486 14.978561674224 15.0200622849994 15.0615628957748 15.1030635065503 15.1445641173257 15.1860647281011 15.2149103879929 15.2057911952337 15.1966720024745 15.1875528097153
13.7160144249598 13.6552254756292 13.5944365262985 13.5336475769679 13.4728586276372 13.5449879407882 13.6614233414332 13.7778587420781 13.8942941427231 14.010729543368 14.127164944013 14.2436003446579 14.2977800687155 14.1651927630107 14.0326054573059 13.9000181516012 13.7674308458964 13.6348435401917 13.502256234487 13.3696689287822 13.3928972959518 13.4680642207464 13.5432311455409 13.6183980703354 13.6935649951299 13.7687319199244 13.8438988447189 13.934309887886 14.0704532861709 14.2065966844558 14.3427400827407 14.4788834810257 14.6150268793106 14.7511702775955 14.8873136758804 14.9396701097488 14.9640975554784 14.988525001208 15.0129524469376 15.0373798926671 15.0618073383967 15.0862347841263 15.1026891628901 15.0952243407568 15.0877595186234 15.08029469649
13.7545754777061 13.6978842549854 13.6411930322647 13.584501809544 13.5278105868234 13.5906231164932 13.6932702302932 13.7959173440933 13.8985644578934 14.0012115716934 14.1038586854935 14.2065057992935 14.2475180413988 14.1036256684198 13.9597332954407 13.8158409224617 13.6719485494826 13.5280561765035 13.3841638035245 13.2402714305454 13.2838786681493 13.3899857759476 13.4960928837458 13.6021999915441 13.7083070993423 13.8144142071406 13.9205213149388 14.0313237057791 14.1562119457456 14.2811001857121 14.4059884256786 14.5308766656451 14.6557649056116 14.7806531455781 14.9055413855446 14.9422791560491 14.9496334367328 14.9569877174166 14.9643419981003 14.971696278784 14.9790505594677 14.9864048401515 14.9904679377874 14.9846574862798 14.9788470347723 14.9730365832647
13.8085370381673 13.7570035934448 13.7054701487223 13.6539367039998 13.6024032592773 13.6443143685659 13.7173736625247 13.7904329564836 13.8634922504425 13.9365515444014 14.0096108383603 14.0826701323191 14.1057775126564 13.9790291521285 13.8522807916006 13.7255324310727 13.5987840705448 13.4720357100169 13.345287349489 13.2185389889611 13.2801227649053 13.4044839196735 13.5288450744417 13.6532062292099 13.7775673839781 13.9019285387463 14.0262896935145 14.1470465766059 14.2569906446668 14.3669347127278 14.4768787807888 14.5868228488498 14.6967669169108 14.8067109849718 14.9166550530327 14.9411546866099 14.9371728420258 14.9331909974416 14.9292091528575 14.9252273082733 14.9212454636892 14.917263619105 14.9133525980843 14.9096540477541 14.9059554974238 14.9022569470935
13.8778991063436 13.8325834910075 13.7872678756714 13.7419522603353 13.6966366449992 13.7060616970062 13.7337336381276 13.7614055792491 13.7890775203705 13.8167494614919 13.8444214026133 13.8720933437348 13.8725584824881 13.7914032141368 13.7102479457856 13.6290926774343 13.5479374090831 13.4667821407318 13.3856268723806 13.3044716040293 13.3816295862197 13.5115586519241 13.6414877176284 13.7714167833328 13.9013458490371 14.0312749147415 14.1612039804458 14.2814785003662 14.3727893829345 14.4641002655029 14.5554111480713 14.6467220306396 14.738032913208 14.8293437957763 14.9206546783447 14.9362967014313 14.9267157713572 14.9171348412832 14.9075539112091 14.8979729811351 14.888392051061 14.8788111209869 14.871343143781 14.8702140251796 14.8690849065781 14.8679557879766
13.9472611745199 13.9081633885701 13.8690656026204 13.8299678166707 13.790870030721 13.7678090254466 13.7500936137305 13.7323782020145 13.7146627902985 13.6969473785824 13.6792319668664 13.6615165551504 13.6393394523197 13.6037772761451 13.5682150999705 13.5326529237959 13.4970907476213 13.4615285714467 13.4259663952722 13.3904042190976 13.4831364075342 13.6186333841747 13.7541303608152 13.8896273374557 14.0251243140962 14.1606212907367 14.2961182673772 14.4159104241265 14.4885881212022 14.561265818278 14.6339435153537 14.7066212124294 14.7792989095052 14.8519766065809 14.9246543036567 14.9314387162526 14.9162587006887 14.9010786851247 14.8858986695608 14.8707186539968 14.8555386384328 14.8403586228689 14.8293336894777 14.830774002605 14.8322143157323 14.8336546288596
14.0166232426961 13.9837432861328 13.9508633295695 13.9179833730062 13.8851034164429 13.8295563538869 13.7664535893334 13.7033508247799 13.6402480602265 13.577145295673 13.5140425311195 13.450939766566 13.4061204221514 13.4161513381534 13.4261822541555 13.4362131701575 13.4462440861596 13.4562750021617 13.4663059181637 13.4763368341658 13.5846432288487 13.7257081164254 13.866773004002 14.0078378915786 14.1489027791553 14.2899676667319 14.4310325543085 14.5503423478868 14.6043868594699 14.658431371053 14.7124758826362 14.7665203942193 14.8205649058024 14.8746094173855 14.9286539289686 14.926580731074 14.9058016300201 14.8850225289663 14.8642434279124 14.8434643268585 14.8226852258047 14.8019061247508 14.7873242351744 14.7913339800305 14.7953437248866 14.7993534697427
14.0859853108724 14.0593231836955 14.0326610565185 14.0059989293416 13.9793368021647 13.8913036823273 13.7828135649363 13.6743234475454 13.5658333301545 13.4573432127635 13.3488530953726 13.2403629779816 13.1729013919831 13.2285254001618 13.2841494083405 13.3397734165192 13.3953974246979 13.4510214328766 13.5066454410553 13.562269449234 13.6861500501632 13.832782848676 13.9794156471888 14.1260484457016 14.2726812442143 14.4193140427271 14.5659468412399 14.6847742716471 14.7201855977376 14.7555969238281 14.7910082499186 14.8264195760091 14.8618309020996 14.8972422281901 14.9326535542806 14.9217227458954 14.8953445593516 14.8689663728078 14.842588186264 14.8162099997203 14.7898318131765 14.7634536266327 14.7453147808711 14.751893957456 14.7584731340408 14.7650523106257
14.1553473790487 14.1349030812581 14.1144587834676 14.0940144856771 14.0735701878865 13.9530510107676 13.7991735405392 13.6452960703108 13.4914186000824 13.337541129854 13.1836636596256 13.0297861893972 12.9396823618147 13.0408994621701 13.1421165625254 13.2433336628808 13.3445507632361 13.4457678635915 13.5469849639468 13.6482020643022 13.7876568714777 13.9398575809266 14.0920582903756 14.2442589998245 14.3964597092734 14.5486604187223 14.7008611281712 14.8192061954074 14.8359843360053 14.8527624766032 14.869540617201 14.8863187577989 14.9030968983968 14.9198750389947 14.9366531795926 14.9168647607168 14.8848874886831 14.8529102166494 14.8209329446157 14.788955672582 14.7569784005483 14.7250011285146 14.7033053265678 14.7124539348814 14.7216025431951 14.7307511515088
