data/working_set_collections/6091692-Cassins_Sparrow-MC/2005/bio2.asc
NCOLS 265 
NROWS 230 
XLLCORNER -115.5625 
YLLCORNER 24.8333333333333 
CELLSIZE 0.0833333333333333 
NODATA_value -9999 
[rows 60 to 79 of 230, columns 138 to 183 of 265]
14.7766491121716 14.7867663145065 14.7968835168414 14.8070007191764 14.8178171078364 14.8288665586048 14.8399160093731 14.8509654601415 14.8620149109099 14.8730643616782 14.8841138124466 14.8869455072615 14.865123934216 14.8433023611704 14.8214807881249 14.7996592150794 14.7778376420339 14.7560160689884 14.7341944959429 14.7059507290522 14.6755662308799 14.6451817327076 14.6147972345352 14.5844127363629 14.5540282381905 14.5236437400182 14.4960341294607 14.4767491817474 14.4574642340342 14.438179286321 14.4188943386078 14.3996093908946 14.3803244431814 14.3610394954681 14.3174888769786 14.2658497015635 14.2142105261485 14.1625713507334 14.1109321753184 14.0592929999034 14.0076538244883 13.9576521158218 13.912562807401 13.8674734989802 13.8223841905594 13.7772948821386
14.8818795442581 14.8913645029068 14.9008494615555 14.9103344202041 14.918405508995 14.9260053078333 14.9336051066716 14.9412049055099 14.9488047043482 14.9564045031865 14.9640043020248 14.9640950361888 14.9416585763295 14.9192221164703 14.8967856566111 14.8743491967519 14.8519127368927 14.8294762770335 14.8070398171743 14.7757816076279 14.7415828148524 14.7073840220769 14.6731852293014 14.638986436526 14.6047876437505 14.570588850975 14.5396096388499 14.5182891686757 14.4969686985016 14.4756482283274 14.4543277581533 14.4330072879791 14.411686817805 14.3903663476308 14.3454420566559 14.292649825414 14.2398575941722 14.1870653629303 14.1342731316884 14.0814809004466 14.0286886692047 13.9774563550949 13.9309037923813 13.8843512296677 13.837798666954 13.7912461042404
14.9871099763446 14.995962691307 15.0048154062695 15.0136681212319 15.0189939101537 15.0231440570619 15.0272942039702 15.0314443508784 15.0355944977866 15.0397446446948 15.0438947916031 15.041244565116 15.0181932184431 14.9951418717702 14.9720905250973 14.9490391784244 14.9259878317515 14.9029364850786 14.8798851384057 14.8456124862035 14.8075993988249 14.7695863114463 14.7315732240677 14.6935601366891 14.6555470493105 14.6175339619319 14.5831851482391 14.559829155604 14.536473162969 14.5131171703339 14.4897611776988 14.4664051850637 14.4430491924286 14.4196931997935 14.3733952363332 14.3194499492645 14.2655046621959 14.2115593751272 14.1576140880585 14.1036688009898 14.0497235139211 13.997260594368 13.9492447773616 13.9012289603551 13.8532131433487 13.8051973263423
15.0923404084311 15.1005608797073 15.1087813509835 15.1170018222597 15.1195823113123 15.1202828062905 15.1209833012687 15.1216837962468 15.122384291225 15.1230847862032 15.1237852811813 15.1183940940433 15.0947278605567 15.0710616270701 15.0473953935835 15.0237291600969 15.0000629266103 14.9763966931237 14.9527304596371 14.9154433647792 14.8736159827974 14.8317886008157 14.7899612188339 14.7481338368522 14.7063064548704 14.6644790728887 14.6267606576284 14.6013691425324 14.5759776274363 14.5505861123403 14.5251945972443 14.4998030821482 14.4744115670522 14.4490200519562 14.4013484160105 14.346250073115 14.2911517302195 14.236053387324 14.1809550444285 14.125856701533 14.0707583586375 14.0170648336411 13.9675857623418 13.9181066910426 13.8686276197434 13.8191485484441
15.1975708405177 15.2051590681076 15.2127472956975 15.2203355232874 15.220170712471 15.2174215555191 15.2146723985672 15.2119232416153 15.2091740846634 15.2064249277115 15.2036757707596 15.1955436229706 15.1712625026703 15.14698138237 15.1227002620697 15.0984191417694 15.0741380214691 15.0498569011688 15.0255757808685 14.9852742433548 14.9396325667699 14.893990890185 14.8483492136002 14.8027075370153 14.7570658604304 14.7114241838455 14.6703361670176 14.6429091294607 14.6154820919037 14.5880550543467 14.5606280167898 14.5332009792328 14.5057739416758 14.4783469041189 14.4293015956879 14.3730501969655 14.3167987982432 14.2605473995209 14.2042960007986 14.1480446020762 14.0917932033539 14.0368690729141 13.9859267473221 13.93498442173 13.884042096138 13.833099770546
15.3028012726042 15.3097572565079 15.3167132404115 15.3236692243152 15.3207591136296 15.3145603047477 15.3083614958657 15.3021626869837 15.2959638781018 15.2897650692198 15.2835662603378 15.2726931518978 15.2477971447839 15.2229011376699 15.1980051305559 15.1731091234419 15.1482131163279 15.1233171092139 15.0984211020999 15.0551051219304 15.0056491507424 14.9561931795544 14.9067372083664 14.8572812371784 14.8078252659904 14.7583692948024 14.7139116764069 14.684449116389 14.6549865563711 14.6255239963531 14.5960614363353 14.5665988763173 14.5371363162994 14.5076737562815 14.4572547753652 14.399850320816 14.3424458662669 14.2850414117177 14.2276369571686 14.1702325026194 14.1128280480703 14.0566733121872 14.0042677323024 13.9518621524175 13.8994565725327 13.8470509926478
15.3990853442086 15.4093601147334 15.4196348852581 15.4299096557829 15.42407310009 15.4128661023246 15.4016591045591 15.3904521067937 15.3792451090283 15.3680381112628 15.3568311134974 15.3416294442283 15.314443760448 15.2872580766678 15.2600723928875 15.2328867091073 15.205701025327 15.1785153415468 15.1513296577666 15.1072935263316 15.0576405790117 15.0079876316918 14.958334684372 14.9086817370521 14.8590287897322 14.8093758424123 14.7640082942115 14.7314969433679 14.6989855925242 14.6664742416806 14.6339628908369 14.6014515399933 14.5689401891496 14.536428838306 14.4836230039597 14.4240523417791 14.3644816795985 14.3049110174179 14.2453403552373 14.1857696930568 14.1261990308762 14.0679841915767 14.0138368209203 13.959689450264 13.9055420796077 13.8513947089513
15.4864230553309 15.5039676427841 15.5215122302373 15.5390568176905 15.5301126718521 15.5123389482498 15.4945652246475 15.4767915010452 15.4590177774429 15.4412440538406 15.4234703302383 15.4023524999619 15.3712023496628 15.3400521993637 15.3089020490646 15.2777518987656 15.2466017484665 15.2154515981674 15.1843014478684 15.1418394565582 15.0956068515778 15.0493742465973 15.0031416416168 14.9569090366364 14.9106764316559 14.8644438266754 14.8206260204315 14.7840526103973 14.7474792003632 14.710905790329 14.6743323802948 14.6377589702606 14.6011855602264 14.5646121501923 14.5084062814713 14.4456562598546 14.382906238238 14.3201562166214 14.2574061950048 14.1946561733882 14.1319061517716 14.0708017110825 14.014634013176 13.9584663152695 13.902298617363 13.8461309194565
15.5737607664532 15.5985751708348 15.6233895752165 15.6482039795981 15.6361522436142 15.611811794175 15.5874713447359 15.5631308952967 15.5387904458576 15.5144499964184 15.4901095469793 15.4630755556954 15.4279609388775 15.3928463220596 15.3577317052417 15.3226170884238 15.2875024716059 15.252387854788 15.2172732379701 15.1763853867849 15.1335731241438 15.0907608615028 15.0479485988617 15.0051363362206 14.9623240735796 14.9195118109385 14.8772437466515 14.8366082774268 14.7959728082021 14.7553373389774 14.7147018697527 14.674066400528 14.6334309313032 14.5927954620785 14.5331895589829 14.4672601779302 14.4013307968776 14.3354014158249 14.2694720347722 14.2035426537196 14.1376132726669 14.0736192305883 14.0154312054316 13.957243180275 13.8990551551183 13.8408671299617
15.6610984775755 15.6931826988856 15.7252669201957 15.7573511415057 15.7421918153763 15.7112846401003 15.6803774648243 15.6494702895482 15.6185631142722 15.5876559389962 15.5567487637202 15.523798611429 15.4847195280923 15.4456404447556 15.4065613614188 15.3674822780821 15.3284031947454 15.2893241114087 15.2502450280719 15.2109313170115 15.1715393967099 15.1321474764082 15.0927555561066 15.0533636358049 15.0139717155033 14.9745797952016 14.9338614728716 14.8891639444563 14.8444664160411 14.7997688876258 14.7550713592106 14.7103738307953 14.66567630238 14.6209787739648 14.5579728364945 14.4888640960058 14.4197553555171 14.3506466150284 14.2815378745397 14.212429134051 14.1433203935623 14.0764367500941 14.0162283976873 13.9560200452805 13.8958116928737 13.8356033404668
15.7484361886978 15.7877902269363 15.8271442651748 15.8664983034134 15.8482313871384 15.8107574860255 15.7732835849126 15.7358096837997 15.6983357826869 15.660861881574 15.6233879804611 15.5845216671626 15.541478117307 15.4984345674515 15.4553910175959 15.4123474677404 15.3693039178848 15.3262603680293 15.2832168181737 15.2454772472382 15.2095056692759 15.1735340913137 15.1375625133514 15.1015909353892 15.065619357427 15.0296477794647 14.9904791990916 14.9417196114858 14.89296002388 14.8442004362742 14.7954408486684 14.7466812610626 14.6979216734568 14.649162085851 14.582756114006 14.5104680140813 14.4381799141566 14.3658918142319 14.2936037143072 14.2213156143824 14.1490275144577 14.0792542695999 14.017025589943 13.954796910286 13.892568230629 13.830339550972
15.8357738998201 15.8823977549871 15.929021610154 15.975645465321 15.9542709589004 15.9102303319507 15.866189705001 15.8221490780512 15.7781084511015 15.7340678241518 15.690027197202 15.6452447228962 15.5982367065218 15.5512286901474 15.504220673773 15.4572126573987 15.4102046410243 15.3631966246499 15.3161886082755 15.2800231774648 15.247471941842 15.2149207062191 15.1823694705963 15.1498182349735 15.1172669993507 15.0847157637278 15.0470969253116 14.9942752785153 14.941453631719 14.8886319849226 14.8358103381263 14.78298869133 14.7301670445336 14.6773453977373 14.6075393915176 14.5320719321569 14.4566044727961 14.3811370134354 14.3056695540746 14.2302020947139 14.1547346353531 14.0820717891057 14.0178227821986 13.9535737752915 13.8893247683843 13.8250757614772
15.8525834825304 15.90284131368 15.9530991448296 16.0033569759793 15.9799462000529 15.9319792217679 15.8840122434828 15.8360452651978 15.7880782869127 15.7401113086277 15.6921443303426 15.6441902107663 15.596274667316 15.5483591238658 15.5004435804155 15.4525280369653 15.404612493515 15.3566969500648 15.3087814066145 15.2756330887477 15.2474071794086 15.2191812700696 15.1909553607305 15.1627294513914 15.1345035420524 15.1062776327133 15.0720921489928 15.0200279421277 14.9679637352626 14.9158995283975 14.8638353215324 14.8117711146673 14.7597069078022 14.7076427009371 14.6373942057292 14.5610842810737 14.4847743564182 14.4084644317627 14.3321545071072 14.2558445824517 14.1795346577962 14.1058507998784 14.0400451421738 13.9742394844691 13.9084338267644 13.8426281690598
15.7988649368286 15.8491209030151 15.8993768692017 15.9496328353882 15.9252571105957 15.8760041554769 15.8267512003581 15.7774982452393 15.7282452901205 15.6789923350017 15.6297393798828 15.5813581307729 15.5355919996898 15.4898258686066 15.4440597375234 15.3982936064402 15.3525274753571 15.3067613442739 15.2609952131907 15.2323069810867 15.2093113819758 15.1863157828649 15.163320183754 15.1403245846431 15.1173289855321 15.0943333864212 15.065464870135 15.0189776023229 14.9724903345108 14.9260030666987 14.8795157988866 14.8330285310745 14.7865412632624 14.7400539954503 14.6723205566406 14.5975050608317 14.5226895650228 14.4478740692139 14.373058573405 14.298243077596 14.2234275817871 14.150591301918 14.0836926698685 14.0167940378189 13.9498954057694 13.8829967737198
15.7451463911268 15.7954004923503 15.8456545935737 15.8959086947971 15.8705680211385 15.8200290891859 15.7694901572334 15.7189512252808 15.6684122933282 15.6178733613756 15.567334429423 15.5185260507796 15.4749093320635 15.4312926133474 15.3876758946313 15.3440591759152 15.3004424571991 15.256825738483 15.2132090197669 15.1889808734258 15.171215584543 15.1534502956602 15.1356850067775 15.1179197178947 15.1001544290119 15.0823891401291 15.0588375912772 15.0179272625182 14.9770169337591 14.936106605 14.8951962762409 14.8542859474818 14.8133756187227 14.7724652899636 14.7072469075521 14.6339258405897 14.5606047736274 14.487283706665 14.4139626397027 14.3406415727404 14.267320505778 14.1953318039576 14.1273401975632 14.0593485911687 13.9913569847743 13.9233653783798
15.6914278454251 15.7416800816854 15.7919323179457 15.842184554206 15.8158789316813 15.764054022895 15.7122291141086 15.6604042053223 15.6085792965359 15.5567543877496 15.5049294789632 15.4556939707862 15.4142266644372 15.3727593580882 15.3312920517392 15.2898247453902 15.2483574390412 15.2068901326921 15.1654228263431 15.1456547657649 15.1331197871102 15.1205848084556 15.1080498298009 15.0955148511463 15.0829798724916 15.070444893837 15.0522103124195 15.0168769227134 14.9815435330073 14.9462101433012 14.9108767535951 14.8755433638891 14.840209974183 14.8048765844769 14.7421732584635 14.6703466203478 14.598519982232 14.5266933441162 14.4548667060004 14.3830400678847 14.3112134297689 14.2400723059972 14.1709877252579 14.1019031445185 14.0328185637792 13.9637339830399
15.6377092997233 15.6879596710205 15.7382100423177 15.7884604136149 15.7611898422241 15.708078956604 15.6549680709839 15.6018571853638 15.5487462997437 15.4956354141236 15.4425245285034 15.3928618907929 15.3535439968109 15.314226102829 15.2749082088471 15.2355903148651 15.1962724208832 15.1569545269013 15.1176366329193 15.102328658104 15.0950239896774 15.0877193212509 15.0804146528244 15.0731099843979 15.0658053159714 15.0585006475449 15.0455830335617 15.0158265829086 14.9860701322556 14.9563136816025 14.9265572309494 14.8968007802963 14.8670443296433 14.8372878789902 14.777099609375 14.7067674001058 14.6364351908366 14.5661029815674 14.4957707722982 14.425438563029 14.3551063537598 14.2848128080368 14.2146352529526 14.1444576978684 14.0742801427841 14.0041025876999
15.5839907540215 15.6342392603556 15.6844877666897 15.7347362730238 15.7065007527669 15.6521038903131 15.5977070278592 15.5433101654053 15.4889133029514 15.4345164404975 15.3801195780436 15.3300298107995 15.2928613291847 15.2556928475698 15.2185243659549 15.1813558843401 15.1441874027252 15.1070189211104 15.0698504394955 15.059002550443 15.0569281922446 15.0548538340463 15.0527794758479 15.0507051176495 15.0486307594511 15.0465564012528 15.038955754704 15.0147762431039 14.9905967315038 14.9664172199037 14.9422377083037 14.9180581967036 14.8938786851035 14.8696991735035 14.8120259602865 14.7431881798638 14.6743503994412 14.6055126190186 14.5366748385959 14.4678370581733 14.3989992777507 14.3295533100764 14.2582827806473 14.1870122512182 14.1157417217891 14.0444711923599
15.5203359789318 15.5667078097661 15.6130796406004 15.6594514714347 15.6349378903707 15.5867958386739 15.5386537869772 15.4905117352804 15.4423696835836 15.3942276318868 15.34608558019 15.3013005865945 15.2665867673026 15.2318729480108 15.1971591287189 15.1624453094271 15.1277314901352 15.0930176708433 15.0583038515515 15.0492922623952 15.0488480832842 15.0484039041731 15.0479597250621 15.047515545951 15.0470713668399 15.0466271877289 15.0410081174639 15.0198643737369 14.99872063001 14.977576886283 14.9564331425561 14.9352893988291 14.9141456551022 14.8930019113753 14.837598657608 14.7707755671607 14.7039524767134 14.6371293862661 14.5703062958188 14.5034832053714 14.4366601149241 14.3691226906247 14.2994422647688 14.229761838913 14.1600814130571 14.0904009872013
15.4467449744542 15.485365319252 15.5239856640498 15.5626060088476 15.5465012550354 15.5121548016866 15.4778083483378 15.443461894989 15.4091154416402 15.3747689882914 15.3404225349426 15.3066742181778 15.2747203111649 15.2427664041519 15.210812497139 15.178858590126 15.1469046831131 15.1149507761002 15.0829968690872 15.0731977939606 15.070783662796 15.0683695316315 15.0659554004669 15.0635412693024 15.0611271381378 15.0587130069733 15.0517401218414 15.0310909748077 15.010441827774 14.9897926807404 14.9691435337067 14.948494386673 14.9278452396393 14.9071960926056 14.8538177013397 14.7895295619965 14.7252414226532 14.6609532833099 14.5966651439667 14.5323770046234 14.4680888652802 14.4035209496816 14.3381137053172 14.2727064609528 14.2072992165883 14.1418919722239
