data/working_set_collections/6091692-Cassins_Sparrow-MC/2005/bio2.asc
NCOLS 265 
NROWS 230 
XLLCORNER -115.5625 
YLLCORNER 24.8333333333333 
CELLSIZE 0.0833333333333333 
NODATA_value -9999 
[rows 100 to 119 of 230, columns 0 to 45 of 265]
14.3807988564173 14.4077562093735 14.4347135623296 14.4616709152857 14.4886282682419 14.515585621198 14.5425429741542 14.548345041275 14.5470953464508 14.5458456516266 14.5445959568024 14.5433462619781 14.5420965671539 14.5408468723297 14.5445689757665 14.5632064739863 14.5818439722061 14.6004814704259 14.6191189686457 14.6377564668655 14.6563939650853 14.6750314633052 14.668615436554 14.6538482348124 14.6390810330709 14.6243138313293 14.6095466295878 14.5947794278463 14.5800122261047 14.5664711713791 14.5566085577011 14.5467459440231 14.5368833303452 14.5270207166672 14.5171581029892 14.5072954893112 14.4974328756332 14.4850825548172 14.4719029982885 14.4587234417597 14.445543885231 14.4323643287023 14.4191847721736 14.4060052156448 14.4362999677658 14.5970176458359
14.4546201096641 14.4595584154129 14.4644967211617 14.4694350269106 14.4743733326594 14.4793116384082 14.4842499441571 14.4990504741669 14.5171384122637 14.5352263503604 14.5533142884572 14.571402226554 14.5894901646508 14.6075781027476 14.6234653764301 14.6327506568697 14.6420359373093 14.6513212177488 14.6606064981884 14.669891778628 14.6791770590676 14.6884623395072 14.6787941296895 14.6628080897861 14.6468220498827 14.6308360099792 14.6148499700758 14.5988639301724 14.582877890269 14.5685579962201 14.5592365397347 14.5499150832494 14.5405936267641 14.5312721702788 14.5219507137934 14.5126292573081 14.5033078008228 14.4864335775375 14.467041765319 14.4476499531004 14.4282581408819 14.4088663286633 14.3894745164447 14.3700827042262 14.4004685110516 14.580187175009
14.4858743482166 14.4745496670405 14.4632249858644 14.4519003046884 14.4405756235123 14.4292509423362 14.4179262611601 14.4389771064123 14.4708197938071 14.502662481202 14.5345051685969 14.5663478559918 14.5981905433867 14.6300332307816 14.6541900740729 14.6552893850539 14.6563886960348 14.6574880070157 14.6585873179966 14.6596866289775 14.6607859399584 14.6618852509393 14.6510983705521 14.6363494263755 14.6216004821989 14.6068515380224 14.5921025938458 14.5773536496692 14.5626047054927 14.5510527292887 14.5490916570028 14.5471305847168 14.5451695124308 14.5432084401449 14.5412473678589 14.5392862955729 14.5373252232869 14.5253171046575 14.5099599705802 14.4946028365029 14.4792457024256 14.4638885683483 14.4485314342711 14.4331743001938 14.4630416048897 14.6285822259055
14.4745615720749 14.4527299642563 14.4308983564377 14.4090667486191 14.3872351408005 14.3654035329819 14.3435719251633 14.3681249380112 14.4081394910812 14.4481540441513 14.4881685972214 14.5281831502914 14.5681977033615 14.6082122564316 14.6367430686951 14.6308226585388 14.6249022483826 14.6189818382263 14.6130614280701 14.6071410179138 14.6012206077576 14.5953001976013 14.5855281591416 14.5744722445806 14.5634163300196 14.5523604154587 14.5413045008977 14.5302485863368 14.5191926717758 14.5139553705851 14.5261739095052 14.5383924484253 14.5506109873454 14.5628295262655 14.5750480651855 14.5872666041056 14.5994851430257 14.601733136177 14.6006576140721 14.5995820919672 14.5985065698623 14.5974310477574 14.5963555256525 14.5952800035476 14.6240192492802 14.7422027985255
14.4632487959332 14.4309102614721 14.398571727011 14.3662331925498 14.3338946580887 14.3015561236276 14.2692175891664 14.2972727696101 14.3454591883553 14.3936456071006 14.4418320258458 14.4900184445911 14.5382048633363 14.5863912820816 14.6192960633172 14.6063559320238 14.5934158007304 14.580475669437 14.5675355381436 14.5545954068502 14.5416552755568 14.5287151442634 14.519957947731 14.5125950627857 14.5052321778403 14.497869292895 14.4905064079497 14.4831435230043 14.475780638059 14.4768580118815 14.5032561620076 14.5296543121338 14.5560524622599 14.5824506123861 14.6088487625122 14.6352469126383 14.6616450627645 14.6781491676966 14.6913552575641 14.7045613474316 14.7177674372991 14.7309735271666 14.744179617034 14.7573857069015 14.7849968936708 14.8558233711454
14.4519360197915 14.4090905586879 14.3662450975842 14.3233996364806 14.2805541753769 14.2377087142733 14.1948632531696 14.226420601209 14.2827788856294 14.3391371700499 14.3954954544703 14.4518537388907 14.5082120233112 14.5645703077316 14.6018490579393 14.5818892055088 14.5619293530782 14.5419695006477 14.5220096482171 14.5020497957865 14.482089943356 14.4621300909254 14.4543877363205 14.4507178809908 14.4470480256611 14.4433781703313 14.4397083150016 14.4360384596719 14.4323686043421 14.4397606531779 14.4803384145101 14.5209161758423 14.5614939371745 14.6020716985067 14.6426494598389 14.683227221171 14.7238049825032 14.7545651992162 14.7820529010561 14.8095406028959 14.8370283047358 14.8645160065757 14.8920037084155 14.9194914102554 14.9459745380613 14.9694439437654
14.4406232436498 14.3872708559036 14.3339184681575 14.2805660804113 14.2272136926651 14.1738613049189 14.1205089171728 14.1555684328079 14.2200985829035 14.2846287329992 14.3491588830948 14.4136890331904 14.478219183286 14.5427493333816 14.5844020525615 14.5574224789937 14.530442905426 14.5034633318583 14.4764837582906 14.4495041847229 14.4225246111552 14.3955450375875 14.38881752491 14.3888406991959 14.3888638734818 14.3888870477676 14.3889102220535 14.3889333963394 14.3889565706253 14.4026632944743 14.4574206670125 14.5121780395508 14.566935412089 14.6216927846273 14.6764501571655 14.7312075297038 14.785964902242 14.8309812307358 14.872750544548 14.9145198583603 14.9562891721725 14.9980584859848 15.039827799797 15.0815971136093 15.1069521824519 15.0830645163854
14.4293104675081 14.3654511531194 14.3015918387307 14.237732524342 14.1738732099533 14.1100138955646 14.0461545811759 14.0847162644068 14.1574182801776 14.2301202959485 14.3028223117193 14.3755243274901 14.4482263432609 14.5209283590317 14.5669550471836 14.5329557524787 14.4989564577739 14.464957163069 14.4309578683641 14.3969585736593 14.3629592789544 14.3289599842496 14.3232473134995 14.326963517401 14.3306797213025 14.334395925204 14.3381121291055 14.341828333007 14.3455445369085 14.3655659357707 14.434502919515 14.5034399032593 14.5723768870036 14.6413138707479 14.7102508544922 14.7791878382365 14.8481248219808 14.9073972622553 14.96344818804 15.0194991138246 15.0755500396092 15.1316009653939 15.1876518911785 15.2437028169632 15.2679298268424 15.1966850890054
14.5023660527335 14.4289570252101 14.3555479976866 14.2821389701631 14.2087299426397 14.1353209151162 14.0619118875927 14.0992748657862 14.1735618458854 14.2478488259845 14.3221358060837 14.3964227861828 14.470709766282 14.5449967463811 14.5912094010247 14.5531990793016 14.5151887575785 14.4771784358554 14.4391681141324 14.4011577924093 14.3631474706862 14.3251371489631 14.317613530159 14.3202521456612 14.3228907611635 14.3255293766657 14.328167992168 14.3308066076703 14.3334452231725 14.3542071210013 14.42933886581 14.5044706106186 14.5796023554272 14.6547341002358 14.7298658450444 14.8049975898531 14.8801293346617 14.9465247154236 15.0100079748365 15.0734912342495 15.1369744936625 15.2004577530755 15.2639410124885 15.3274242719014 15.3515191263623 15.2574487659666
14.659789999326 14.5777884721756 14.4957869450251 14.4137854178746 14.3317838907242 14.2497823635737 14.1677808364232 14.1992442369461 14.2685292800267 14.3378143231074 14.407099366188 14.4763844092687 14.5456694523493 14.61495449543 14.6571651140849 14.6181524594625 14.5791398048401 14.5401271502177 14.5011144955953 14.4621018409729 14.4230891863505 14.3840765317281 14.3719161748886 14.3687065839767 14.3654969930649 14.362287402153 14.3590778112411 14.3558682203293 14.3526586294174 14.3685868501663 14.4419285058975 14.5152701616287 14.5886118173599 14.6619534730911 14.7352951288223 14.8086367845535 14.8819784402847 14.9483635902405 15.0124299049377 15.076496219635 15.1405625343323 15.2046288490295 15.2686951637268 15.3327614784241 15.3577200810115 15.2653555472692
14.8172139459186 14.7266199191411 14.6360258923637 14.5454318655862 14.4548378388087 14.3642438120312 14.2736497852537 14.299213608106 14.3634967141681 14.4277798202303 14.4920629262924 14.5563460323545 14.6206291384167 14.6849122444788 14.723120827145 14.6831058396233 14.6430908521016 14.6030758645799 14.5630608770582 14.5230458895365 14.4830309020148 14.4430159144931 14.4262188196182 14.4171610222922 14.4081032249663 14.3990454276403 14.3899876303143 14.3809298329883 14.3718720356623 14.3829665793313 14.4545181459851 14.5260697126388 14.5976212792926 14.6691728459464 14.7407244126002 14.812275979254 14.8838275459078 14.9502024650574 15.0148518350389 15.0795012050205 15.144150575002 15.2087999449836 15.2734493149651 15.3380986849467 15.3639210356607 15.2732623285718
14.9746378925111 14.8754513661067 14.7762648397022 14.6770783132977 14.5778917868932 14.4787052604887 14.3795187340842 14.3991829792658 14.4584641483095 14.5177453173531 14.5770264863968 14.6363076554404 14.6955888244841 14.7548699935277 14.7890765402052 14.7480592197842 14.7070418993632 14.6660245789422 14.6250072585212 14.5839899381002 14.5429726176792 14.5019552972582 14.4805214643478 14.4656154606077 14.4507094568676 14.4358034531275 14.4208974493874 14.4059914456473 14.3910854419072 14.3973463084962 14.4671077860726 14.536869263649 14.6066307412253 14.6763922188017 14.7461536963781 14.8159151739544 14.8856766515308 14.9520413398743 15.0172737651401 15.0825061904059 15.1477386156718 15.2129710409376 15.2782034662035 15.3434358914693 15.3701219903098 15.2811691098743
15.1320618391037 15.0242828130722 14.9165037870407 14.8087247610092 14.7009457349777 14.5931667089462 14.4853876829147 14.4991523504257 14.5534315824508 14.607710814476 14.6619900465011 14.7162692785263 14.7705485105514 14.8248277425766 14.8550322532654 14.8130125999451 14.7709929466248 14.7289732933044 14.6869536399841 14.6449339866638 14.6029143333435 14.5608946800232 14.5348241090774 14.5140698989232 14.493315688769 14.4725614786148 14.4518072684606 14.4310530583064 14.4102988481522 14.4117260376612 14.4796974261602 14.5476688146591 14.615640203158 14.683611591657 14.7515829801559 14.8195543686549 14.8875257571538 14.9538802146912 15.0196956952413 15.0855111757914 15.1513266563415 15.2171421368917 15.2829576174418 15.3487730979919 15.376322944959 15.2890758911769
15.2894857856962 15.1731142600377 15.0567427343792 14.9403712087207 14.8239996830622 14.7076281574037 14.5912566317452 14.5991217215856 14.6483990165922 14.6976763115989 14.7469536066055 14.7962309016122 14.8455081966188 14.8947854916254 14.9209879663255 14.8779659801059 14.8349439938863 14.7919220076667 14.7489000214471 14.7058780352275 14.6628560490078 14.6198340627882 14.5891267538071 14.5625243372387 14.5359219206704 14.5093195041021 14.4827170875337 14.4561146709654 14.4295122543971 14.4261057668262 14.4922870662477 14.5584683656692 14.6246496650908 14.6908309645123 14.7570122639338 14.8231935633553 14.8893748627769 14.955719089508 15.0221176253425 15.0885161611769 15.1549146970113 15.2213132328457 15.2877117686801 15.3541103045146 15.3825238996082 15.2969826724794
15.3564433256785 15.2471534570058 15.1378635883332 15.0285737196604 14.9192838509878 14.8099939823151 14.7007041136424 14.707081635793 14.7520149548848 14.7969482739766 14.8418815930684 14.8868149121602 14.931748231252 14.9766815503438 14.9989715337753 14.9533315102259 14.9076914866765 14.8620514631271 14.8164114395777 14.7707714160283 14.7251313924789 14.6794913689295 14.6435322443644 14.6108000861274 14.5780679278904 14.5453357696533 14.5126036114163 14.4798714531793 14.4471392949422 14.4377262883716 14.4982707368003 14.558815185229 14.6193596336577 14.6799040820863 14.740448530515 14.8009929789437 14.8615374273724 14.9269003391266 14.9938694053226 15.0608384715186 15.1278075377146 15.1947766039106 15.2617456701067 15.3287147363027 15.3592757066091 15.2806123892466
15.3329344590505 15.2464004039765 15.1598663489024 15.0733322938283 14.9867982387543 14.9002641836802 14.8137301286062 14.8230320930481 14.8642793973287 14.9055267016093 14.9467740058899 14.9880213101705 15.0292686144511 15.0705159187317 15.0889829556147 15.0391091903051 14.9892354249954 14.9393616596858 14.8894878943761 14.8396141290665 14.7897403637568 14.7398665984472 14.6980405807495 14.6588971455892 14.6197537104289 14.5806102752686 14.5414668401082 14.5023234049479 14.4631799697876 14.4465876022975 14.4976484378179 14.5487092733383 14.5997701088587 14.6508309443792 14.7018917798996 14.75295261542 14.8040134509405 14.8674239635468 14.9349510351817 15.0024781068166 15.0700051784515 15.1375322500865 15.2050593217214 15.2725863933563 15.3065783659617 15.2399650414785
15.3094255924225 15.2456473509471 15.1818691094717 15.1180908679962 15.0543126265208 14.9905343850454 14.9267561435699 14.9389825503031 14.9765438397725 15.0141051292419 15.0516664187113 15.0892277081807 15.1267889976501 15.1643502871195 15.1789943774541 15.1248868703842 15.0707793633143 15.0166718562444 14.9625643491745 14.9084568421046 14.8543493350347 14.8002418279648 14.7525489171346 14.706994205051 14.6614394929674 14.6158847808838 14.5703300688002 14.5247753567166 14.479220644633 14.4554489162233 14.4970261388355 14.5386033614476 14.5801805840598 14.621757806672 14.6633350292842 14.7049122518963 14.7464894745085 14.8079475879669 14.8760326650407 14.9441177421146 15.0122028191884 15.0802878962623 15.1483729733361 15.2164580504099 15.2538810253144 15.1993176937103
15.2859167257945 15.2448942979177 15.2038718700409 15.1628494421641 15.1218270142873 15.0808045864105 15.0397821585337 15.0549330075582 15.0888082822164 15.1226835568746 15.1565588315328 15.190434106191 15.2243093808492 15.2581846555074 15.2690057992935 15.2106645504634 15.1523233016332 15.093982052803 15.0356408039729 14.9772995551427 14.9189583063126 14.8606170574824 14.8070572535197 14.7550912645128 14.7031252755059 14.651159286499 14.5991932974921 14.5472273084852 14.4952613194784 14.4643102301492 14.4964038398531 14.528497449557 14.5605910592609 14.5926846689648 14.6247782786687 14.6568718883726 14.6889654980765 14.7484712123871 14.8171142948998 14.8857573774126 14.9544004599253 15.0230435424381 15.0916866249508 15.1603297074636 15.201183684667 15.1586703459422
15.2624078591665 15.2441412448883 15.2258746306101 15.207608016332 15.1893414020538 15.1710747877757 15.1528081734975 15.1708834648132 15.2010727246602 15.2312619845072 15.2614512443542 15.2916405042012 15.3218297640482 15.3520190238952 15.3590172211329 15.2964422305425 15.2338672399521 15.1712922493617 15.1087172587713 15.0461422681808 14.9835672775904 14.920992287 14.8615655899048 14.8031883239746 14.7448110580444 14.6864337921143 14.6280565261841 14.5696792602539 14.5113019943237 14.473171544075 14.4957815408707 14.5183915376663 14.541001534462 14.5636115312576 14.5862215280533 14.6088315248489 14.6314415216446 14.6889948368072 14.7581959247589 14.8273970127106 14.8965981006622 14.9657991886139 15.0350002765656 15.1042013645172 15.1484863440196 15.118022998174
15.2388989925385 15.2433881918589 15.2478773911794 15.2523665904999 15.2568557898203 15.2613449891408 15.2658341884613 15.2868339220683 15.3133371671041 15.3398404121399 15.3663436571757 15.3928469022115 15.4193501472473 15.4458533922831 15.4490286429723 15.3822199106216 15.315411178271 15.2486024459203 15.1817937135696 15.114984981219 15.0481762488683 14.9813675165176 14.9160739262899 14.8512853834364 14.786496840583 14.7217082977295 14.656919754876 14.5921312120226 14.5273426691691 14.4820328580009 14.4951592418883 14.5082856257757 14.5214120096631 14.5345383935505 14.5476647774378 14.5607911613252 14.5739175452126 14.6295184612274 14.699277554618 14.7690366480086 14.8387957413991 14.9085548347897 14.9783139281803 15.0480730215708 15.0957890033722 15.0773756504059
