data/working_set_collections/6091692-Cassins_Sparrow-MC/2005/bio2.asc
NCOLS 265 
NROWS 230 
XLLCORNER -115.5625 
YLLCORNER 24.8333333333333 
CELLSIZE 0.0833333333333333 
NODATA_value -9999 
[rows 20 to 39 of 230, columns 184 to 229 of 265]
13.2397694428762 13.2010663085514 13.1623631742266 13.1091592788696 13.051121796502 12.9930843141344 12.9350468317668 12.8770093493992 12.8189718670315 12.7609343846639 12.7064681477017 12.6627156469557 12.6189631462097 12.5752106454637 12.5314581447178 12.4877056439718 12.4439531432258 12.4002006424798 12.3599721749624 12.3209183851878 12.2818645954132 12.2428108056386 12.2037570158641 12.1647032260895 12.1256494363149 12.0887818283505 12.0584727658166 12.0281637032827 11.9978546407488 11.9675455782149 11.937236515681 11.906927453147 11.8766183906131 11.8677771647771 11.8660918845071 11.864406604237 11.862721323967 11.8610360436969 11.8593507634269 11.8576654831568 11.8589050584369 11.8689192003674 11.8789333422979 11.8889474842283 11.8989616261588 11.9089757680893
13.2431588331858 13.2039671209123 13.1647754086389 13.1106275558472 13.0514943228828 12.9923610899184 12.9332278569539 12.8740946239895 12.8149613910251 12.7558281580607 12.7007825109694 12.6579996214973 12.6152167320252 12.572433842553 12.5296509530809 12.4868680636088 12.4440851741367 12.4013022846646 12.3594843069712 12.3179879665375 12.2764916261037 12.23499528567 12.1934989452362 12.1520026048025 12.1105062643687 12.0724071237776 12.0444995827145 12.0165920416514 11.9886845005883 11.9607769595252 11.9328694184621 11.904961877399 11.8770543363359 11.8667568127314 11.8623292949465 11.8579017771615 11.8534742593765 11.8490467415916 11.8446192238066 11.8401917060216 11.840333559778 11.8541835281584 11.8680334965388 11.8818834649192 11.8957334332996 11.90958340168
13.2465482234955 13.2068679332733 13.1671876430512 13.1120958328247 13.0518668492635 12.9916378657023 12.9314088821411 12.8711798985799 12.8109509150187 12.7507219314575 12.6950968742371 12.6532835960388 12.6114703178406 12.5696570396423 12.5278437614441 12.4860304832459 12.4442172050476 12.4024039268494 12.3589964389801 12.3150575478872 12.2711186567942 12.2271797657013 12.1832408746084 12.1393019835154 12.0953630924225 12.0560324192047 12.0305263996124 12.0050203800201 11.9795143604279 11.9540083408356 11.9285023212433 11.902996301651 11.8774902820587 11.8657364606857 11.8585667053858 11.851396950086 11.8442271947861 11.8370574394862 11.8298876841863 11.8227179288864 11.8217620611191 11.8394478559494 11.8571336507797 11.87481944561 11.8925052404404 11.9101910352707
13.2499376138051 13.2097687456343 13.1695998774635 13.1135641098023 13.0522393756443 12.9909146414863 12.9295899073283 12.8682651731703 12.8069404390123 12.7456157048543 12.6894112375048 12.6485675705804 12.607723903656 12.5668802367316 12.5260365698073 12.4851929028829 12.4443492359585 12.4035055690342 12.358508570989 12.3121271292369 12.2657456874848 12.2193642457326 12.1729828039805 12.1266013622284 12.0802199204763 12.0396577146318 12.0165532165104 11.9934487183889 11.9703442202674 11.9472397221459 11.9241352240245 11.901030725903 11.8779262277815 11.86471610864 11.8548041158252 11.8448921230104 11.8349801301956 11.8250681373808 11.815156144566 11.8052441517512 11.8031905624602 11.8247121837404 11.8462338050206 11.8677554263009 11.8892770475811 11.9107986688614
13.2436543385188 13.2024301025603 13.1612058666017 13.1057408412298 13.0455288860533 12.9853169308769 12.9251049757004 12.8648930205239 12.8046810653475 12.744469110171 12.6893387132221 12.6494529909558 12.6095672686895 12.5696815464232 12.5297958241569 12.4899101018906 12.4500243796243 12.410138657358 12.3656301816305 12.3195807880826 12.2735313945347 12.2274820009867 12.1814326074388 12.1353832138909 12.089333820343 12.0493986023797 12.0278059111701 12.0062132199605 11.9846205287509 11.9630278375414 11.9414351463318 11.9198424551222 11.8982497639126 11.884711710612 11.8738585366143 11.8630053626166 11.852152188619 11.8412990146213 11.8304458406236 11.819592666626 11.816943470637 11.8389062086741 11.8608689467112 11.8828316847483 11.9047944227854 11.9267571608225
13.2276983976364 13.1848520040512 13.142005610466 13.0886260271073 13.0317353804906 12.974844733874 12.9179540872574 12.8610634406408 12.8041727940242 12.7472821474075 12.6948793013891 12.655939857165 12.617000412941 12.5780609687169 12.5391215244929 12.5001820802689 12.4612426360448 12.4223031918208 12.3803612709045 12.3374185244242 12.2944757779439 12.2515330314636 12.2085902849833 12.165647538503 12.1227047920227 12.0852550824483 12.0642844835917 12.0433138847351 12.0223432858785 12.0013726870219 11.9804020881653 11.9594314893087 11.9384608904521 11.9257232666016 11.9157299677531 11.9057366689046 11.8957433700561 11.8857500712077 11.8757567723592 11.8657634735107 11.8630207856496 11.8820299307505 11.9010390758514 11.9200482209523 11.9390573660533 11.9580665111542
13.2117424567541 13.1672739055422 13.1228053543303 13.0715112129847 13.017941874928 12.9643725368712 12.9108031988144 12.8572338607576 12.8036645227009 12.7500951846441 12.700419889556 12.6624267233743 12.6244335571925 12.5864403910107 12.5484472248289 12.5104540586472 12.4724608924654 12.4344677262836 12.3950923601786 12.3552562607659 12.3154201613532 12.2755840619405 12.2357479625278 12.1959118631151 12.1560757637024 12.121111562517 12.1007630560133 12.0804145495097 12.060066043006 12.0397175365024 12.0193690299988 11.9990205234951 11.9786720169915 11.9667348225911 11.9576013988919 11.9484679751926 11.9393345514933 11.930201127794 11.9210677040948 11.9119342803955 11.9090981006622 11.9251536528269 11.9412092049917 11.9572647571564 11.9733203093211 11.9893758614858
13.1957865158717 13.1496958070331 13.1036050981946 13.0543963988622 13.0041483693653 12.9539003398684 12.9036523103714 12.8534042808745 12.8031562513775 12.7529082218806 12.705960477723 12.6689135895835 12.631866701444 12.5948198133045 12.557772925165 12.5207260370255 12.4836791488859 12.4466322607464 12.4098234494527 12.3730939971076 12.3363645447625 12.2996350924174 12.2629056400723 12.2261761877272 12.1894467353821 12.1569680425856 12.1372416284349 12.1175152142843 12.0977888001336 12.0780623859829 12.0583359718323 12.0386095576816 12.018883143531 12.0077463785807 11.9994728300306 11.9911992814806 11.9829257329305 11.9746521843804 11.9663786358303 11.9581050872803 11.9551754156748 11.9682773749034 11.9813793341319 11.9944812933604 12.0075832525889 12.0206852118174
13.1798305749893 13.1321177085241 13.0844048420588 13.0372815847397 12.9903548638026 12.9434281428655 12.8965014219284 12.8495747009913 12.8026479800542 12.7557212591171 12.71150106589 12.6754004557928 12.6392998456955 12.6031992355983 12.567098625501 12.5309980154038 12.4948974053065 12.4587967952093 12.4245545387268 12.3909317334493 12.3573089281718 12.3236861228943 12.2900633176168 12.2564405123393 12.2228177070618 12.1928245226542 12.1737202008565 12.1546158790588 12.1355115572611 12.1164072354635 12.0973029136658 12.0781985918681 12.0590942700704 12.0487579345703 12.0413442611694 12.0339305877685 12.0265169143677 12.0191032409668 12.0116895675659 12.004275894165 12.0012527306875 12.0114010969798 12.0215494632721 12.0316978295644 12.0418461958567 12.051994562149
13.163874634107 13.114539610015 13.0652045859231 13.0201667706172 12.9765613582399 12.9329559458627 12.8893505334854 12.8457451211082 12.8021397087309 12.7585342963537 12.717041654057 12.681887322002 12.646732989947 12.611578657892 12.576424325837 12.541269993782 12.5061156617271 12.4709613296721 12.4392856280009 12.408769469791 12.3782533115811 12.3477371533712 12.3172209951613 12.2867048369514 12.2561886787415 12.2286810027228 12.2101987732781 12.1917165438334 12.1732343143887 12.154752084944 12.1362698554993 12.1177876260546 12.0993053966098 12.0897694905599 12.0832156923082 12.0766618940565 12.0701080958048 12.0635542975532 12.0570004993015 12.0504467010498 12.0473300457001 12.0545248190562 12.0617195924123 12.0689143657684 12.0761091391245 12.0833039124807
13.1640877008438 13.1143193907208 13.0645510805978 13.0201706091563 12.977586083942 12.9350015587277 12.8924170335134 12.8498325082991 12.8072479830848 12.7646634578705 12.724148607254 12.6898427804311 12.6555369536082 12.6212311267853 12.5869252999624 12.5526194731394 12.5183136463165 12.4840078194936 12.453849363327 12.4250733640459 12.3962973647647 12.3675213654836 12.3387453662025 12.3099693669213 12.2811933676402 12.2549725267622 12.2364171610938 12.2178617954254 12.199306429757 12.1807510640886 12.1621956984202 12.1436403327518 12.1250849670834 12.116611735026 12.1114992141724 12.1063866933187 12.101274172465 12.0961616516113 12.0910491307576 12.085936609904 12.0832991653018 12.0880869494544 12.092874733607 12.0976625177595 12.1024503019121 12.1072380860647
13.1804697751999 13.1314570506414 13.0824443260829 13.0372931003571 12.9934290409088 12.9495649814606 12.9057009220123 12.8618368625641 12.8179728031159 12.7741087436676 12.7328219254812 12.6992668310801 12.6657117366791 12.632156642278 12.598601547877 12.565046453476 12.5314913590749 12.4979362646739 12.4682457447052 12.439843416214 12.4114410877228 12.3830387592316 12.3546364307404 12.3262341022491 12.2978317737579 12.2716990947723 12.2523753643036 12.2330516338348 12.2137279033661 12.1944041728973 12.1750804424286 12.1557567119598 12.1364329814911 12.1292846679687 12.1261948267619 12.123104985555 12.1200151443481 12.1169253031413 12.1138354619344 12.1107456207275 12.1091600894928 12.1120874881744 12.1150148868561 12.1179422855377 12.1208696842194 12.123797082901
13.196851849556 13.148594710562 13.100337571568 13.0544155915578 13.0092719978756 12.9641284041935 12.9189848105113 12.8738412168291 12.8286976231469 12.7835540294647 12.7414952437083 12.7086908817291 12.67588651975 12.6430821577708 12.6102777957916 12.5774734338125 12.5446690718333 12.5118647098541 12.4826421260834 12.4546134683821 12.4265848106808 12.3985561529795 12.3705274952783 12.342498837577 12.3144701798757 12.2884256627825 12.2683335675134 12.2482414722443 12.2281493769752 12.2080572817061 12.187965186437 12.1678730911679 12.1477809958988 12.1419576009115 12.1408904393514 12.1398232777913 12.1387561162313 12.1376889546712 12.1366217931112 12.1355546315511 12.1350210136837 12.1360880268945 12.1371550401052 12.1382220533159 12.1392890665266 12.1403560797373
13.2132339239121 13.1657323704826 13.1182308170531 13.0715380827586 13.0251149548425 12.9786918269264 12.9322686990102 12.8858455710941 12.839422443178 12.7929993152618 12.7501685619354 12.7181149323781 12.6860613028208 12.6540076732636 12.6219540437063 12.589900414149 12.5578467845917 12.5257931550344 12.4970385074615 12.4693835205502 12.4417285336389 12.4140735467275 12.3864185598162 12.3587635729048 12.3311085859935 12.3051522307926 12.2842917707231 12.2634313106537 12.2425708505842 12.2217103905148 12.2008499304454 12.1799894703759 12.1591290103065 12.1546305338542 12.1555860519409 12.1565415700277 12.1574970881144 12.1584526062012 12.1594081242879 12.1603636423747 12.1608819378747 12.1600885656145 12.1592951933543 12.1585018210941 12.1577084488339 12.1569150765737
13.2296159982681 13.1828700304031 13.1361240625382 13.0886605739594 13.0409579118093 12.9932552496592 12.9455525875092 12.8978499253591 12.850147263209 12.802444601059 12.7588418801626 12.7275389830271 12.6962360858917 12.6649331887563 12.6336302916209 12.6023273944855 12.5710244973501 12.5397216002146 12.5114348888397 12.4841535727183 12.4568722565969 12.4295909404755 12.402309624354 12.3750283082326 12.3477469921112 12.3218787988027 12.3002499739329 12.2786211490631 12.2569923241933 12.2353634993235 12.2137346744537 12.1921058495839 12.1704770247142 12.1673034667969 12.1702816645304 12.173259862264 12.1762380599976 12.1792162577311 12.1821944554647 12.1851726531982 12.1867428620656 12.1840891043345 12.1814353466034 12.1787815888723 12.1761278311412 12.17347407341
13.2459980726242 13.2000076903237 13.1540173080233 13.1057830651601 13.0568008687761 13.0078186723921 12.9588364760081 12.9098542796241 12.8608720832401 12.8118898868561 12.7675151983897 12.7369630336762 12.7064108689626 12.6758587042491 12.6453065395355 12.614754374822 12.5842022101084 12.5536500453949 12.5258312702179 12.4989236248864 12.4720159795549 12.4451083342234 12.4182006888919 12.3912930435605 12.364385398229 12.3386053668128 12.3162081771427 12.2938109874725 12.2714137978024 12.2490166081323 12.2266194184621 12.204222228792 12.1818250391218 12.1799763997396 12.18497727712 12.1899781545003 12.1949790318807 12.1999799092611 12.2049807866414 12.2099816640218 12.2126037862566 12.2080896430545 12.2035754998525 12.1990613566505 12.1945472134484 12.1900330702464
13.272007505099 13.2263671424654 13.1807267798318 13.1312881151835 13.0805833498637 13.0298785845439 12.979173819224 12.9284690539042 12.8777642885844 12.8270595232646 12.7810601022508 12.7491767141554 12.71729332606 12.6854099379646 12.6535265498691 12.6216431617737 12.5897597736783 12.5578763855828 12.5300458113353 12.503566175037 12.4770865387387 12.4506069024404 12.4241272661421 12.3976476298438 12.3711679935455 12.3457625309626 12.3235795895259 12.3013966480891 12.2792137066523 12.2570307652156 12.2348478237788 12.212664882342 12.1904819409053 12.1887549082438 12.1938465118408 12.1989381154378 12.2040297190348 12.2091213226318 12.2142129262288 12.2193045298258 12.2217727661133 12.216370900472 12.2109690348307 12.2055671691895 12.2001653035482 12.1947634379069
13.3076442956924 13.2619483868281 13.2162524779638 13.1651757240295 13.112305355072 13.0594349861145 13.006564617157 12.9536942481995 12.900823879242 12.8479535102844 12.799476591746 12.7641800244649 12.7288834571838 12.6935868899028 12.6582903226217 12.6229937553406 12.5876971880595 12.5524006207784 12.5240785121918 12.49808122317 12.4720839341482 12.4460866451263 12.4200893561045 12.3940920670827 12.3680947780609 12.3433502912521 12.3223642110825 12.3013781309128 12.2803920507431 12.2594059705734 12.2384198904038 12.2174338102341 12.1964477300644 12.1936389923096 12.196889368693 12.2001397450765 12.20339012146 12.2066404978434 12.2098908742269 12.2131412506104 12.2142498016357 12.2089328765869 12.2036159515381 12.1982990264893 12.1929821014404 12.1876651763916
13.3432810862859 13.2975296311908 13.2517781760958 13.1990633328756 13.1440273602804 13.0889913876852 13.0339554150899 12.9789194424947 12.9238834698995 12.8688474973043 12.8178930812412 12.7791833347744 12.7404735883077 12.701763841841 12.6630540953742 12.6243443489075 12.5856346024407 12.546924855974 12.5181112130483 12.492596271303 12.4670813295576 12.4415663878123 12.416051446067 12.3905365043216 12.3650215625763 12.3409380515417 12.3211488326391 12.3013596137365 12.2815703948339 12.2617811759313 12.2419919570287 12.2222027381261 12.2024135192235 12.1985230763753 12.1999322255452 12.2013413747152 12.2027505238851 12.204159673055 12.2055688222249 12.2069779713949 12.2067268371582 12.2014948527018 12.1962628682454 12.1910308837891 12.1857988993327 12.1805669148763
13.3789178768794 13.3331108755536 13.2873038742277 13.2329509417216 13.1757493654887 13.1185477892558 13.0613462130229 13.00414463679 12.9469430605571 12.8897414843241 12.8363095707364 12.794186645084 12.7520637194316 12.7099407937792 12.6678178681268 12.6256949424744 12.583572016822 12.5414490911696 12.5121439139048 12.487111319436 12.4620787249671 12.4370461304983 12.4120135360294 12.3869809415605 12.3619483470917 12.3385258118312 12.3199334541957 12.3013410965602 12.2827487389247 12.2641563812892 12.2455640236537 12.2269716660182 12.2083793083827 12.2034071604411 12.2029750823975 12.2025430043538 12.2021109263102 12.2016788482666 12.201246770223 12.2008146921794 12.1992038726807 12.1940568288167 12.1889097849528 12.1837627410889 12.1786156972249 12.173468653361
