data/working_set_collections/6091692-Cassins_Sparrow-MC/2005/bio3.asc
NCOLS 265 
NROWS 230 
XLLCORNER -115.5625 
YLLCORNER 24.8333333333333 
CELLSIZE 0.0833333333333333 
NODATA_value -9999 
[rows 40 to 59 of 230, columns 46 to 91 of 265]
29.6477325439453 30.1141741434732 30.5806157430013 31.0470573425292 31.5134989420572 31.9799405415852 32.1485883712768 32.2179716110229 32.287354850769 32.3567380905151 32.4261213302612 32.4955045700073 32.5648878097534 32.6605659802754 32.8351289431254 33.0096919059753 33.1842548688252 33.3588178316752 33.5333807945251 33.707943757375 33.882506720225 33.8690559387207 33.7929339090983 33.7168118794759 33.6406898498535 33.5645678202311 33.4884457906087 33.4123237609863 33.3498365720113 33.3282539049784 33.3066712379456 33.2850885709127 33.2635059038798 33.2419232368469 33.220340569814 33.1987579027812 33.1814743041992 33.1656237284342 33.1497731526693 33.1339225769043 33.1180720011393 33.1022214253744 33.0863708496094 33.0338739871979 32.8714382648468 32.7090025424958
29.5468284606933 30.0327760484483 30.5187236362033 31.0046712239583 31.4906188117132 31.9765663994683 32.1616833368937 32.2465233908759 32.3313634448581 32.4162034988403 32.5010435528225 32.5858836068047 32.6707236607869 32.7779532644483 32.9523515171475 33.1267497698466 33.3011480225457 33.4755462752448 33.6499445279439 33.824342780643 33.9987410333421 33.9687919616699 33.8707271152073 33.7726622687446 33.6745974222819 33.5765325758193 33.4784677293566 33.3804028828939 33.3043282720778 33.2942243682014 33.284120464325 33.2740165604485 33.2639126565721 33.2538087526957 33.2437048488193 33.2336009449429 33.2151095072428 33.1938222249349 33.1725349426269 33.151247660319 33.1299603780111 33.1086730957031 33.0873858133952 33.0322263452742 32.875450319714 32.7186742941539
29.6529173056283 30.1361810631221 30.6194448206159 31.1027085781096 31.5859723356034 32.0692360930972 32.2535898208618 32.3383068720499 32.4230239232381 32.5077409744262 32.5924580256144 32.6771750768025 32.7618921279907 32.8692500326368 33.0445304976569 33.219810962677 33.395091427697 33.5703718927171 33.7456523577372 33.9209328227573 34.0962132877773 34.0628146807353 33.9598563830058 33.8568980852763 33.7539397875468 33.6509814898173 33.5480231920878 33.4450648943583 33.3638188362121 33.347709496816 33.3316001574198 33.3154908180237 33.2993814786275 33.2832721392314 33.2671627998352 33.251053460439 33.2289448102315 33.2048363897536 33.1807279692756 33.1566195487976 33.1325111283196 33.1084027078417 33.0842942873637 33.0274998558892 32.8726473914253 32.7177949269613
29.9659990787505 30.4243891874948 30.8827792962391 31.3411694049834 31.7995595137277 32.257949622472 32.4243078231811 32.493322054545 32.562336285909 32.6313505172729 32.7003647486368 32.7693789800008 32.8383932113647 32.9344562848408 33.1116658846537 33.2888754844665 33.4660850842793 33.6432946840922 33.820504283905 33.9977138837178 34.1749234835306 34.1511240959167 34.0603217124939 33.969519329071 33.8787169456482 33.7879145622253 33.6971121788025 33.6063097953796 33.5283082644144 33.4887092908223 33.4491103172302 33.4095113436381 33.369912370046 33.3303133964539 33.2907144228617 33.2511154492696 33.2229802131653 33.1986662228902 33.1743522326152 33.1500382423401 33.125724252065 33.10141026179 33.0770962715149 33.019694519043 32.8630294799805 32.706364440918
30.2790808518726 30.7125973118675 31.1461137718624 31.5796302318572 32.013146691852 32.4466631518469 32.5950258255005 32.6483372370402 32.7016486485799 32.7549600601196 32.8082714716593 32.861582883199 32.9148942947388 32.9996625370449 33.1788012716505 33.3579400062561 33.5370787408616 33.7162174754672 33.8953562100728 34.0744949446784 34.253633679284 34.2394335110982 34.160787041982 34.0821405728658 34.0034941037496 33.9248476346334 33.8462011655172 33.767554696401 33.6927976926168 33.6297090848287 33.5666204770406 33.5035318692525 33.4404432614644 33.3773546536764 33.3142660458883 33.2511774381002 33.217015616099 33.1924960560269 33.1679764959547 33.1434569358826 33.1189373758104 33.0944178157383 33.0698982556661 33.0118891821968 32.8534115685357 32.6949339548747
30.5921626249948 31.0008054362402 31.4094482474856 31.818091058731 32.2267338699763 32.6353766812218 32.7657438278198 32.8033524195353 32.8409610112508 32.8785696029663 32.9161781946818 32.9537867863973 32.9913953781128 33.064868789249 33.2459366586473 33.4270045280456 33.6080723974439 33.7891402668423 33.9702081362406 34.1512760056389 34.3323438750373 34.3277429262797 34.2612523714701 34.1947618166606 34.128271261851 34.0617807070414 33.9952901522318 33.9287995974223 33.8572871208191 33.770708878835 33.684130636851 33.597552394867 33.5109741528829 33.4243959108989 33.3378176689148 33.2512394269308 33.2110510190328 33.1863258891636 33.1616007592943 33.1368756294251 33.1121504995558 33.0874253696865 33.0627002398173 33.0040838453505 32.843793657091 32.6835034688314
30.905244398117 31.2890135606129 31.6727827231088 32.0565518856048 32.4403210481007 32.8240902105966 32.9364618301391 32.9583676020304 32.9802733739217 33.002179145813 33.0240849177042 33.0459906895955 33.0678964614868 33.130075041453 33.3130720456441 33.4960690498352 33.6790660540262 33.8620630582173 34.0450600624084 34.2280570665995 34.4110540707906 34.4160523414612 34.3617177009583 34.3073830604553 34.2530484199524 34.1987137794495 34.1443791389465 34.0900444984436 34.0217765490214 33.9117086728414 33.8016407966614 33.6915729204814 33.5815050443014 33.4714371681213 33.3613692919414 33.2513014157613 33.2050864219666 33.1801557223002 33.1552250226339 33.1302943229675 33.1053636233012 33.0804329236349 33.0555022239685 32.9962785085043 32.8341757456462 32.6720729827881
31.2183261712391 31.5772216849856 31.9361171987321 32.2950127124785 32.653908226225 33.0128037399715 33.1071798324585 33.1133827845255 33.1195857365926 33.1257886886597 33.1319916407267 33.1381945927938 33.1443975448608 33.195281293657 33.3802074326409 33.5651335716247 33.7500597106085 33.9349858495924 34.1199119885762 34.30483812756 34.4897642665439 34.5043617566427 34.4621830304464 34.4200043042501 34.3778255780538 34.3356468518575 34.2934681256612 34.2512893994649 34.1862659772237 34.0527084668477 33.9191509564718 33.7855934460958 33.6520359357198 33.5184784253438 33.3849209149679 33.2513634045919 33.1991218249003 33.1739855554369 33.1488492859734 33.12371301651 33.0985767470466 33.0734404775831 33.0483042081197 32.988473171658 32.8245578342014 32.6606424967448
31.4476846218108 31.77365849283 32.0996323638492 32.4256062348683 32.7515801058874 33.0775539769066 33.1700524012248 33.1847256766425 33.1993989520603 33.214072227478 33.2287455028958 33.2434187783135 33.2580920537313 33.3097406281365 33.4723150995042 33.634889570872 33.7974640422397 33.9600385136074 34.1226129849752 34.2851874563429 34.4477619277106 34.4659414291382 34.435989273919 34.4060371186998 34.3760849634807 34.3461328082615 34.3161806530423 34.2862284978231 34.2300346904331 34.0951159265306 33.9601971626282 33.8252783987258 33.6903596348233 33.5554408709208 33.4205221070184 33.2856033431159 33.230606842041 33.202251095242 33.1738953484429 33.1455396016439 33.1171838548448 33.0888281080458 33.0604723612467 32.9990042209626 32.8381989002228 32.6773935794831
31.5933197498321 31.878323984146 32.16332821846 32.448332452774 32.733336687088 33.018340921402 33.125079536438 33.1723962783813 33.2197130203247 33.267029762268 33.3143465042114 33.3616632461548 33.4089799880981 33.4734530448913 33.5893950462341 33.7053370475769 33.8212790489196 33.9372210502624 34.0531630516052 34.169105052948 34.2850470542908 34.3007913589478 34.2831364313762 34.2654815038046 34.2478265762329 34.2301716486613 34.2125167210897 34.1948617935181 34.1530826886495 34.0389310518901 33.9247794151306 33.8106277783712 33.6964761416117 33.5823245048523 33.4681728680929 33.3540212313334 33.2995414733887 33.2649523417155 33.2303632100423 33.1957740783691 33.161184946696 33.1265958150228 33.0920066833496 33.0278716564179 32.8750989437103 32.7223262310028
31.7389548778533 31.9829894754621 32.2270240730709 32.4710586706797 32.7150932682885 32.9591278658973 33.0801066716512 33.1600668801202 33.2400270885891 33.3199872970581 33.399947505527 33.479907713996 33.559867922465 33.6371654616462 33.706474992964 33.7757845242818 33.8450940555996 33.9144035869175 33.9837131182353 34.0530226495531 34.1223321808709 34.1356412887573 34.1302835888333 34.1249258889093 34.1195681889852 34.1142104890612 34.1088527891371 34.1034950892131 34.0761306868659 33.9827461772495 33.8893616676331 33.7959771580167 33.7025926484002 33.6092081387838 33.5158236291674 33.4224391195509 33.3684761047363 33.327653588189 33.2868310716417 33.2460085550944 33.2051860385471 33.1643635219998 33.1235410054525 33.0567390918732 32.9119989871979 32.7672588825226
31.8845900058746 32.0876549667782 32.2907199276818 32.4937848885854 32.696849849489 32.8999148103926 33.0351338068644 33.147737481859 33.2603411568536 33.3729448318481 33.4855485068427 33.5981521818373 33.7107558568318 33.800877878401 33.8235549396939 33.8462320009867 33.8689090622796 33.8915861235725 33.9142631848653 33.9369402461582 33.9596173074511 33.9704912185669 33.9774307462904 33.984370274014 33.9913098017375 33.998249329461 34.0051888571845 34.012128384908 33.9991786850824 33.9265613026089 33.8539439201355 33.7813265376621 33.7087091551887 33.6360917727153 33.5634743902419 33.4908570077684 33.437410736084 33.3903548346625 33.3432989332411 33.2962430318197 33.2491871303982 33.2021312289768 33.1550753275553 33.0856065273285 32.9488990306854 32.8121915340424
32.0302251338958 32.1923204580942 32.3544157822927 32.516511106491 32.6786064306895 32.8407017548879 32.9901609420776 33.1354080835978 33.280655225118 33.4259023666382 33.5711495081583 33.7163966496785 33.8616437911987 33.9645902951558 33.9406348864237 33.9166794776916 33.8927240689596 33.8687686602275 33.8448132514954 33.8208578427633 33.7969024340312 33.8053411483765 33.8245779037476 33.8438146591187 33.8630514144898 33.8822881698609 33.9015249252319 33.920761680603 33.9222266832988 33.8703764279684 33.818526172638 33.7666759173076 33.7148256619771 33.6629754066467 33.6111251513163 33.5592748959859 33.5063453674316 33.4530560811361 33.3997667948405 33.3464775085449 33.2931882222494 33.2398989359538 33.1866096496582 33.1144739627838 32.985799074173 32.8571241855621
32.1758602619171 32.2969859494103 32.4181116369035 32.5392373243967 32.66036301189 32.7814886993832 32.9451880772908 33.1230786853366 33.3009692933824 33.4788599014282 33.656750509474 33.8346411175198 34.0125317255655 34.1283027119107 34.0577148331536 33.9871269543966 33.9165390756395 33.8459511968825 33.7753633181254 33.7047754393684 33.6341875606113 33.6401910781861 33.6717250612047 33.7032590442234 33.734793027242 33.7663270102607 33.7978609932794 33.829394976298 33.8452746815152 33.8141915533278 33.7831084251404 33.752025296953 33.7209421687656 33.6898590405782 33.6587759123908 33.6276927842034 33.5752799987793 33.5157573276096 33.4562346564399 33.3967119852702 33.3371893141005 33.2776666429308 33.2181439717611 33.1433413982392 33.0226991176605 32.9020568370819
32.3585633277893 32.4519826783074 32.5454020288255 32.6388213793436 32.7322407298618 32.8256600803799 32.989382425944 33.17653910319 33.3636957804362 33.5508524576823 33.7380091349283 33.9251658121745 34.1123224894205 34.2289465268453 34.1339726448059 34.0389987627665 33.9440248807272 33.8490509986878 33.7540771166484 33.659103234609 33.5641293525696 33.5664447466532 33.6011898994446 33.6359350522359 33.6706802050273 33.7054253578186 33.7401705106099 33.7749156634013 33.7975389692519 33.78379673428 33.7700544993083 33.7563122643365 33.7425700293647 33.7288277943929 33.7150855594211 33.7013433244493 33.6567812601725 33.6019459194607 33.5471105787489 33.4922752380371 33.4374398973253 33.3826045566135 33.3277692159017 33.2601005342272 33.1539318296644 33.0477631251017
32.5783343315124 32.6573106447855 32.7362869580586 32.8152632713317 32.8942395846049 32.973215897878 33.122743988037 33.2957893371581 33.4688346862793 33.6418800354003 33.8149253845214 33.9879707336425 34.1610160827636 34.2665217399597 34.1694083213806 34.0722949028015 33.9751814842224 33.8780680656433 33.7809546470642 33.6838412284851 33.586727809906 33.5841021537781 33.6129724184672 33.6418426831563 33.6707129478455 33.6995832125346 33.7284534772237 33.7573237419128 33.7790195465088 33.7791919708252 33.7793643951416 33.779536819458 33.7797092437744 33.7798816680908 33.7800540924072 33.7802265167236 33.7508491516113 33.7116218566894 33.6723945617676 33.6331672668457 33.5939399719238 33.5547126770019 33.5154853820801 33.4647513707479 33.3794972101847 33.2942430496216
32.7981053352355 32.8626386112637 32.9271718872918 32.9917051633199 33.056238439348 33.1207717153761 33.2561055501302 33.4150395711262 33.5739735921224 33.7329076131184 33.8918416341145 34.0507756551106 34.2097096761067 34.3040969530742 34.2048439979553 34.1055910428365 34.0063380877177 33.9070851325989 33.8078321774801 33.7085792223613 33.6093262672424 33.6017595609029 33.6247549374898 33.6477503140767 33.6707456906637 33.6937410672506 33.7167364438375 33.7397318204244 33.7605001237657 33.7745872073703 33.7886742909749 33.8027613745795 33.8168484581841 33.8309355417887 33.8450226253933 33.8591097089979 33.8449170430501 33.8212977939182 33.7976785447862 33.7740592956543 33.7504400465223 33.7268207973904 33.7032015482584 33.6694022072686 33.605062590705 33.5407229741414
33.0178763389587 33.0679665777418 33.1180568165249 33.168147055308 33.2182372940911 33.2683275328742 33.3894671122233 33.5342898050944 33.6791124979655 33.8239351908366 33.9687578837076 34.1135805765787 34.2584032694498 34.3416721661886 34.24027967453 34.1388871828715 34.037494691213 33.9361021995544 33.8347097078959 33.7333172162374 33.6319247245789 33.6194169680277 33.6365374565124 33.6536579449971 33.6707784334818 33.6878989219665 33.7050194104512 33.722139898936 33.7419807010227 33.7699824439155 33.7979841868083 33.8259859297011 33.8539876725939 33.8819894154866 33.9099911583794 33.9379929012722 33.9389849344889 33.9309737311469 33.9229625278049 33.9149513244629 33.9069401211209 33.8989289177788 33.8909177144368 33.8740530437893 33.8306279712253 33.7872028986613
33.2376473426818 33.2732945442199 33.308941745758 33.3445889472961 33.3802361488342 33.4158833503723 33.5228286743164 33.6535400390624 33.7842514038086 33.9149627685547 34.0456741333007 34.1763854980468 34.3070968627929 34.379247379303 34.2757153511047 34.1721833229065 34.0686512947083 33.96511926651 33.8615872383118 33.7580552101135 33.6545231819153 33.6370743751526 33.6483199755351 33.6595655759176 33.6708111763 33.6820567766825 33.693302377065 33.7045479774475 33.7234612782796 33.7653776804606 33.8072940826416 33.8492104848226 33.8911268870036 33.9330432891846 33.9749596913655 34.0168760935465 34.0330528259277 34.0406496683756 34.0482465108235 34.0558433532715 34.0634401957194 34.0710370381673 34.0786338806152 34.07870388031 34.0561933517456 34.0336828231811
33.457418346405 33.4786225106981 33.4998266749912 33.5210308392842 33.5422350035773 33.5634391678704 33.6561902364095 33.7727902730306 33.8893903096517 34.0059903462728 34.1225903828938 34.239190419515 34.355790456136 34.4168225924174 34.3111510276795 34.2054794629415 34.0998078982036 33.9941363334656 33.8884647687276 33.7827932039897 33.6771216392517 33.6547317822774 33.6601024945577 33.665473206838 33.6708439191182 33.6762146313985 33.6815853436788 33.6869560559591 33.7049418555366 33.7607729170057 33.8166039784749 33.8724350399441 33.9282661014133 33.9840971628825 34.0399282243516 34.0957592858208 34.1271207173665 34.1503256056044 34.1735304938422 34.1967353820801 34.2199402703179 34.2431451585557 34.2663500467936 34.2833547168308 34.2817587322659 34.280162747701
