data/working_set_collections/6091692-Cassins_Sparrow-MC/2005/bio3.asc
NCOLS 265 
NROWS 230 
XLLCORNER -115.5625 
YLLCORNER 24.8333333333333 
CELLSIZE 0.0833333333333333 
NODATA_value -9999 
[rows 0 to 19 of 230, columns 0 to 45 of 265]
29.700346787770599 29.6672020276388 29.6340572675069 29.6009125073751 29.5677677472433 29.5346229871114 29.5014782269796 29.5780961513519 29.6913016372257 29.8045071230994 29.9177126089732 30.0309180948469 30.1441235807207 30.2573290665944 30.3061888429854 30.1620114909278 30.0178341388703 29.8736567868127 29.7294794347551 29.5853020826976 29.44112473064 29.2969473785825 29.2460474014282 29.2262398825752 29.2064323637221 29.186624844869 29.1668173260159 29.1470098071628 29.1272022883097 29.1295567406548 29.1983971065945 29.2672374725342 29.3360778384738 29.4049182044135 29.4737585703532 29.5425989362928 29.6114393022325 29.6281252702077 29.6274264388614 29.6267276075151 29.6260287761688 29.6253299448225 29.6246311134762 29.6239322821299 29.6194952117072 29.6038434240553
29.7421949704488 29.6859089851379 29.6296229998271 29.5733370145162 29.5170510292053 29.4607650438945 29.4044790585836 29.4687317371368 29.5731639703115 29.6775962034861 29.7820284366608 29.8864606698354 29.99089290301 30.0953251361847 30.1401835282644 30.0063203970592 29.8724572658539 29.7385941346487 29.6047310034434 29.4708678722382 29.337004741033 29.2031416098277 29.1624536514282 29.152824083964 29.1431945164998 29.1335649490357 29.1239353815715 29.1143058141073 29.1046762466431 29.1172453562418 29.1964104970296 29.2755756378174 29.3547407786051 29.4339059193929 29.5130710601806 29.5922362009684 29.6714013417562 29.68329205513 29.6727579593658 29.6622238636017 29.6516897678375 29.6411556720734 29.6306215763092 29.620087480545 29.6146025021871 29.6242648760478
29.784043153127 29.7046159426371 29.6251887321472 29.5457615216573 29.4663343111674 29.3869071006775 29.3074798901876 29.3593673229217 29.4550263033973 29.5506852838728 29.6463442643484 29.7420032448239 29.8376622252994 29.933321205775 29.9741782135434 29.8506293031905 29.7270803928376 29.6035314824847 29.4799825721317 29.3564336617788 29.2328847514259 29.109335841073 29.0788599014282 29.0794082853529 29.0799566692776 29.0805050532023 29.081053437127 29.0816018210517 29.0821502049764 29.1049339718289 29.1944238874647 29.2839138031006 29.3734037187364 29.4628936343723 29.5523835500081 29.641873465644 29.7313633812798 29.7384588400523 29.7180894798703 29.6977201196882 29.6773507595062 29.6569813993242 29.6366120391422 29.6162426789602 29.609709792667 29.6446863280402
29.8258913358053 29.7233229001363 29.6207544644674 29.5181860287984 29.4156175931295 29.3130491574606 29.2104807217916 29.2500029087067 29.3368886364831 29.4237743642595 29.5106600920359 29.5975458198123 29.6844315475888 29.7713172753652 29.8081728988224 29.6949382093218 29.5817035198212 29.4684688303206 29.35523414082 29.2419994513194 29.1287647618188 29.0155300723182 28.9952661514282 29.0059924867418 29.0167188220554 29.027445157369 29.0381714926826 29.0488978279962 29.0596241633097 29.0926225874159 29.1924372778998 29.2922519683838 29.3920666588677 29.4918813493517 29.5916960398356 29.6915107303195 29.7913254208035 29.7936256249746 29.7634210003747 29.7332163757748 29.7030117511749 29.672807126575 29.6426025019752 29.6123978773753 29.6048170831468 29.6651077800327
29.8677395184835 29.7420298576355 29.6163201967875 29.4906105359395 29.3649008750916 29.2391912142436 29.1134815533956 29.1406384944916 29.2187509695689 29.2968634446462 29.3749759197235 29.4530883948008 29.5312008698781 29.6093133449554 29.6421675841014 29.5392471154531 29.4363266468048 29.3334061781566 29.2304857095083 29.12756524086 29.0246447722117 28.9217243035635 28.9116724014282 28.9325766881307 28.9534809748332 28.9743852615356 28.9952895482381 29.0161938349406 29.0370981216431 29.0803112030029 29.190450668335 29.300590133667 29.410729598999 29.520869064331 29.6310085296631 29.7411479949951 29.8512874603271 29.8487924098969 29.8087525208791 29.7687126318614 29.7286727428436 29.6886328538259 29.6485929648082 29.6085530757904 29.5999243736267 29.6855292320251
29.9095877011617 29.7607368151347 29.6118859291077 29.4630350430807 29.3141841570537 29.1653332710267 29.0164823849996 29.0312740802765 29.1006133026547 29.1699525250329 29.2392917474111 29.3086309697893 29.3779701921675 29.4473094145457 29.4761622693804 29.3835560215844 29.2909497737885 29.1983435259925 29.1057372781966 29.0131310304006 28.9205247826047 28.8279185348087 28.8280786514282 28.8591608895196 28.890243127611 28.9213253657023 28.9524076037937 28.983489841885 29.0145720799764 29.0679998185899 29.1884640587701 29.3089282989502 29.4293925391303 29.5498567793104 29.6703210194905 29.7907852596706 29.9112494998508 29.9039591948191 29.8540840413835 29.8042088879479 29.7543337345123 29.7044585810767 29.6545834276411 29.6047082742055 29.5950316641066 29.7059506840176
30.0714166694217 29.9202401955922 29.7690637217628 29.6178872479333 29.4667107741038 29.3155343002743 29.1643578264448 29.1641715049743 29.2143152342902 29.264458963606 29.3146026929219 29.3647464222378 29.4148901515537 29.4650338808695 29.4821989642249 29.4004281096988 29.3186572551727 29.2368864006466 29.1551155461205 29.0733446915944 28.9915738370683 28.9098029825422 28.9164965947469 28.9526783625284 28.98886013031 29.0250418980916 29.0612236658732 29.0974054336548 29.1335872014363 29.189670864741 29.3054602146148 29.4212495644887 29.5370389143625 29.6528282642364 29.7686176141103 29.8844069639841 30.000196313858 29.9865330696106 29.9297189606561 29.8729048517015 29.816090742747 29.7592766337925 29.7024625248379 29.6456484158834 29.6354751322004 29.7652243243323
30.3532264232635 30.2205399990082 30.0878535747528 29.9551671504974 29.8224807262421 29.6897943019867 29.5571078777313 29.5393307685852 29.5598567644755 29.5803827603658 29.6009087562561 29.6214347521464 29.6419607480367 29.662486743927 29.6602776686351 29.5898633797963 29.5194490909576 29.4490348021189 29.3786205132802 29.3082062244415 29.2377919356028 29.1673776467641 29.1769262313842 29.2131291071574 29.2493319829305 29.2855348587036 29.3217377344767 29.3579406102498 29.3941434860229 29.445324341456 29.5414391358693 29.6375539302826 29.7336687246958 29.8297835191091 29.9258983135223 30.0220131079356 30.1181279023488 30.0965140342712 30.0356572786967 29.9748005231222 29.9139437675476 29.8530870119731 29.7922302563985 29.731373500824 29.7212547779083 29.8633501529693
30.6350361771053 30.5208398024241 30.4066434277428 30.2924470530616 30.1782506783803 30.064054303699 29.9498579290178 29.914490032196 29.9053982946607 29.8963065571255 29.8872148195902 29.878123082055 29.8690313445197 29.8599396069844 29.8383563730452 29.7792986498938 29.7202409267425 29.6611832035912 29.6021254804399 29.5430677572886 29.4840100341373 29.424952310986 29.4373558680216 29.4735798517862 29.5098038355509 29.5460278193156 29.5822518030802 29.6184757868448 29.6546997706095 29.7009778181711 29.7774180571238 29.8538582960764 29.930298535029 30.0067387739817 30.0831790129343 30.159619251887 30.2360594908396 30.2064949989319 30.1415955967373 30.0766961945428 30.0117967923482 29.9468973901537 29.8819979879591 29.8170985857646 29.8070344236162 29.9614759816063
30.9168459309472 30.82113960584 30.7254332807329 30.6297269556257 30.5340206305186 30.4383143054114 30.3426079803043 30.2896492958068 30.250939824846 30.2122303538852 30.1735208829244 30.1348114119635 30.0961019410027 30.0573924700419 30.0164350774553 29.9687339199914 29.9210327625274 29.8733316050635 29.8256304475996 29.7779292901357 29.7302281326718 29.6825269752078 29.697785504659 29.7340305964152 29.7702756881714 29.8065207799275 29.8427658716837 29.8790109634399 29.9152560551961 29.9566312948862 30.0133969783783 30.0701626618703 30.1269283453623 30.1836940288543 30.2404597123464 30.2972253958384 30.3539910793304 30.3164759635925 30.247533914778 30.1785918659634 30.1096498171488 30.0407077683343 29.9717657195197 29.9028236707052 29.892814069324 30.0596018102434
31.198655684789 31.121439409256 31.0442231337229 30.9670068581899 30.8897905826568 30.8125743071238 30.7353580315908 30.6648085594177 30.5964813550313 30.5281541506449 30.4598269462585 30.3914997418721 30.3231725374857 30.2548453330994 30.1945137818654 30.1581691900889 30.1218245983124 30.0854800065358 30.0491354147593 30.0127908229828 29.9764462312062 29.9401016394297 29.9582151412964 29.9944813410441 30.0307475407918 30.0670137405395 30.1032799402872 30.139546140035 30.1758123397827 30.2122847716013 30.2493758996327 30.2864670276642 30.3235581556956 30.360649283727 30.3977404117584 30.4348315397898 30.4719226678212 30.4264569282532 30.3534722328186 30.280487537384 30.2075028419495 30.1345181465149 30.0615334510803 29.9885487556458 29.9785937150319 30.1577276388804
31.4804654386308 31.4217392126719 31.363012986713 31.304286760754 31.2455605347951 31.1868343088362 31.1281080828772 31.0399678230285 30.9420228852166 30.8440779474046 30.7461330095927 30.6481880717807 30.5502431339688 30.4522981961568 30.3725924862756 30.3476044601864 30.3226164340973 30.2976284080081 30.272640381919 30.2476523558298 30.2226643297407 30.1976763036516 30.2186447779337 30.254932085673 30.2912193934122 30.3275067011515 30.3637940088907 30.40008131663 30.4363686243693 30.4679382483164 30.4853548208872 30.502771393458 30.5201879660288 30.5376045385996 30.5550211111704 30.5724376837412 30.589854256312 30.5364378929138 30.4594105508592 30.3823832088047 30.3053558667501 30.2283285246955 30.1513011826409 30.0742738405863 30.0643733607398 30.2558534675174
31.7172367307875 31.6738468805949 31.6304570304023 31.5870671802097 31.5436773300171 31.5002874798245 31.4568976296319 31.3676066716512 31.2630153444078 31.1584240171644 31.053832689921 30.9492413626777 30.8446500354343 30.7400587081909 30.6552978886498 30.6300285922156 30.6047592957814 30.5794899993472 30.554220702913 30.5289514064788 30.5036821100447 30.4784128136105 30.4896287441253 30.5130064169566 30.5363840897878 30.559761762619 30.5831394354502 30.6065171082814 30.6298947811127 30.6466843605041 30.6437096595764 30.6407349586487 30.6377602577209 30.6347855567932 30.6318108558655 30.6288361549377 30.62586145401 30.5727598508199 30.502949280209 30.4331387095981 30.3633281389872 30.2935175683763 30.2237069977654 30.1538964271545 30.1461597442626 30.324644724528
31.9089695612589 31.8777624130249 31.8465552647908 31.8153481165568 31.7841409683227 31.7529338200887 31.7217266718546 31.6477251052856 31.559458732605 31.4711923599243 31.3829259872436 31.294659614563 31.2063932418823 31.1181268692016 31.0426299889882 31.0054415861765 30.9682531833648 30.9310647805532 30.8938763777415 30.8566879749298 30.8194995721181 30.7823111693064 30.7711670398712 30.7687043348948 30.7662416299184 30.763778924942 30.7613162199656 30.7588535149892 30.7563908100128 30.7485231081645 30.7244404157003 30.7003577232361 30.6762750307719 30.6521923383077 30.6281096458435 30.6040269533793 30.5799442609151 30.5354228019714 30.4840884208679 30.4327540397644 30.3814196586609 30.3300852775574 30.2787508964539 30.2274165153503 30.2239528656005 30.3641014099121
32.1007023917304 32.0816779454549 32.0626534991794 32.0436290529039 32.0246046066284 32.0055801603529 31.9865557140774 31.9278435389201 31.8559021208021 31.7839607026842 31.7120192845662 31.6400778664483 31.5681364483303 31.4961950302124 31.4299620893266 31.3808545801374 31.3317470709482 31.2826395617591 31.2335320525699 31.1844245433807 31.1353170341915 31.0862095250023 31.052705335617 31.024402252833 30.996099170049 30.967796087265 30.939493004481 30.911189921697 30.882886838913 30.8503618558248 30.8051711718241 30.7599804878235 30.7147898038228 30.6695991198222 30.6244084358215 30.5792177518209 30.5340270678202 30.498085753123 30.4652275615268 30.4323693699307 30.3995111783346 30.3666529867384 30.3337947951423 30.3009366035461 30.3017459869384 30.4035580952962
32.2924352222019 32.2855934778849 32.278751733568 32.271909989251 32.2650682449341 32.2582265006171 32.2513847563002 32.2079619725545 32.1523455089993 32.096729045444 32.0411125818888 31.9854961183336 31.9298796547783 31.8742631912231 31.817294189665 31.7562675740983 31.6952409585317 31.634214342965 31.5731877273983 31.5121611118316 31.451134496265 31.3901078806983 31.3342436313629 31.2801001707713 31.2259567101796 31.171813249588 31.1176697889964 31.0635263284047 31.0093828678131 30.9522006034851 30.885901927948 30.8196032524109 30.7533045768738 30.6870059013367 30.6207072257996 30.5544085502625 30.4881098747254 30.4607487042745 30.4463667021857 30.431984700097 30.4176026980082 30.4032206959195 30.3888386938307 30.3744566917419 30.3795391082763 30.4430147806803
32.4841680526733 32.4895090103149 32.4948499679565 32.5001909255981 32.5055318832397 32.5108728408813 32.5162137985229 32.488080406189 32.4487888971964 32.4094973882039 32.3702058792114 32.3309143702189 32.2916228612264 32.2523313522339 32.2046262900034 32.1316805680593 32.0587348461151 31.9857891241709 31.9128434022267 31.8398976802826 31.7669519583384 31.6940062363942 31.6157819271088 31.5357980887095 31.4558142503103 31.375830411911 31.2958465735118 31.2158627351125 31.1358788967133 31.0540393511454 30.9666326840719 30.8792260169983 30.7918193499247 30.7044126828512 30.6170060157776 30.529599348704 30.4421926816305 30.423411655426 30.4275058428446 30.4316000302633 30.4356942176819 30.4397884051005 30.4438825925191 30.4479767799377 30.4573322296142 30.4824714660644
32.6759008831448 32.6934245427449 32.7109482023451 32.7284718619452 32.7459955215454 32.7635191811455 32.7810428407457 32.7681988398234 32.7452322853936 32.7222657309638 32.699299176534 32.6763326221042 32.6533660676744 32.6303995132446 32.5919583903418 32.5070935620202 32.4222287336985 32.3373639053768 32.2524990770552 32.1676342487335 32.0827694204118 31.9979045920902 31.8973202228546 31.7914960066477 31.6856717904409 31.579847574234 31.4740233580271 31.3681991418203 31.2623749256134 31.1558780988058 31.0473634401957 30.9388487815857 30.8303341229757 30.7218194643656 30.6133048057556 30.5047901471456 30.3962754885356 30.3860746065776 30.4086449835035 30.4312153604295 30.4537857373555 30.4763561142815 30.4989264912075 30.5214968681335 30.5351253509521 30.5219281514486
32.751622305976 32.7725721995036 32.7935220930311 32.8144719865587 32.8354218800863 32.8563717736138 32.8773216671414 32.8719374020895 32.8577750841777 32.8436127662659 32.8294504483541 32.8152881304423 32.8011258125305 32.7869634946187 32.7523025936551 32.6561459435357 32.5599892934164 32.463832643297 32.3676759931776 32.2715193430583 32.175362692939 32.0792060428196 31.9708816369375 31.8585013124678 31.7461209879981 31.6337406635285 31.5213603390588 31.4089800145891 31.2965996901195 31.1826045566135 31.0637649959988 30.9449254353841 30.8260858747695 30.7072463141547 30.5884067535401 30.4695671929254 30.3507276323107 30.3481945673625 30.3844303343031 30.4206661012438 30.4569018681844 30.493137635125 30.5293734020657 30.5656091690063 30.5822603331672 30.5401576889886
32.711332321167 32.7269519805908 32.7425716400147 32.7581912994385 32.7738109588623 32.7894306182861 32.80505027771 32.7992960929871 32.7864172935486 32.7735384941101 32.7606596946716 32.7477808952332 32.7349020957947 32.7220232963562 32.6856588999431 32.5788377126058 32.4720165252686 32.3651953379313 32.2583741505941 32.1515529632569 32.0447317759196 31.9379105885824 31.8364661693573 31.7368140061697 31.637161842982 31.5375096797943 31.4378575166067 31.338205353419 31.2385531902313 31.1342187245687 31.0158373514811 30.8974559783936 30.779074605306 30.6606932322184 30.5423118591309 30.4239304860433 30.3055491129557 30.3097715377808 30.3548618952433 30.3999522527059 30.4450426101684 30.490132967631 30.5352233250936 30.5803136825561 30.5987371762594 30.5371600786845
