data/working_set_collections/6091692-Cassins_Sparrow-MC/2005/bio3.asc
NCOLS 265 
NROWS 230 
XLLCORNER -115.5625 
YLLCORNER 24.8333333333333 
CELLSIZE 0.0833333333333333 
NODATA_value -9999 
[rows 140 to 159 of 230, columns 0 to 45 of 265]
42.8095320065816 42.9374147733052 43.0652975400289 43.1931803067525 43.3210630734761 43.4489458401998 43.5768286069234 43.5883051236471 43.5609795570374 43.5336539904277 43.506328423818 43.4790028572083 43.4516772905986 43.4243517239889 43.389484945933 43.3319945335388 43.2745041211446 43.2170137087504 43.1595232963562 43.102032883962 43.0445424715678 42.9870520591736 43.0188763300578 43.0804721620347 43.1420679940117 43.2036638259887 43.2652596579657 43.3268554899427 43.3884513219197 43.4355474154154 43.4391442934672 43.4427411715189 43.4463380495707 43.4499349276224 43.4535318056742 43.457128683726 43.4607255617777 43.4834458986918 43.5125407218933 43.5416355450948 43.5707303682963 43.5998251914978 43.6289200146993 43.6580148379008 43.6862209426032 43.7117608918084
42.788988272349 42.9040452639262 43.0191022555033 43.1341592470805 43.2492162386576 43.3642732302348 43.4793302218119 43.4988671938578 43.4865641593933 43.4742611249288 43.4619580904643 43.4496550559998 43.4373520215352 43.4250489870707 43.4048984209697 43.3612052599589 43.3175120989482 43.2738189379374 43.2301257769267 43.1864326159159 43.1427394549052 43.0990462938944 43.1440501530965 43.2186196857028 43.2931892183092 43.3677587509155 43.4423282835218 43.5168978161282 43.5914673487345 43.6491946856181 43.6563954353332 43.6635961850484 43.6707969347636 43.6779976844787 43.6851984341939 43.6923991839091 43.6995999336242 43.7195703824361 43.7437973976135 43.7680244127909 43.7922514279683 43.8164784431457 43.8407054583231 43.8649324735005 43.8856201065911 43.8956895934211
42.7684445381164 42.8706757545471 42.9729069709778 43.0751381874085 43.1773694038391 43.2796006202698 43.3818318367004 43.4094292640686 43.4121487617493 43.4148682594299 43.4175877571106 43.4203072547913 43.4230267524719 43.4257462501526 43.4203118960063 43.390415986379 43.3605200767517 43.3306241671244 43.3007282574971 43.2708323478699 43.2409364382426 43.2110405286153 43.2692239761352 43.3567672093709 43.4443104426066 43.5318536758422 43.6193969090779 43.7069401423136 43.7944833755493 43.8628419558207 43.8736465771993 43.8844511985778 43.8952558199564 43.906060441335 43.9168650627136 43.9276696840922 43.9384743054707 43.9556948661804 43.9750540733337 43.994413280487 44.0137724876403 44.0331316947937 44.052490901947 44.0718501091003 44.085019270579 44.0796182950337
42.7479008038839 42.837306245168 42.9267116864522 43.0161171277364 43.1055225690206 43.1949280103048 43.284333451589 43.3199913342794 43.3377333641052 43.3554753939311 43.3732174237569 43.3909594535828 43.4087014834086 43.4264435132345 43.4357253710429 43.4196267127991 43.4035280545553 43.3874293963114 43.3713307380676 43.3552320798238 43.33913342158 43.3230347633362 43.394397799174 43.494914733039 43.595431666904 43.695948600769 43.796465534634 43.896982468499 43.997499402364 44.0764892260233 44.0908977190653 44.1053062121073 44.1197147051493 44.1341231981913 44.1485316912333 44.1629401842753 44.1773486773173 44.1918193499247 44.2063107490539 44.2208021481831 44.2352935473124 44.2497849464416 44.2642763455708 44.2787677447001 44.2844184345669 44.2635469966464
42.8157807985941 42.8571080843607 42.8984353701274 42.939762655894 42.9810899416606 43.0224172274272 43.0637445131938 42.9641699155173 42.8176280233597 42.671086131202 42.5245442390444 42.3780023468868 42.2314604547292 42.0849185625715 42.003057543437 42.1152391433719 42.2274207433067 42.3396023432416 42.4517839431765 42.5639655431113 42.6761471430462 42.7883287429811 42.9433716138205 43.1127015749614 43.2820315361024 43.4513614972433 43.6206914583842 43.7900214195252 43.9593513806661 44.0975320922004 44.1422650549147 44.186998017629 44.2317309803433 44.2764639430576 44.3211969057719 44.3659298684862 44.4106628312005 44.4317118644714 44.4448662545946 44.4580206447177 44.4711750348409 44.484329424964 44.4974838150872 44.5106382052103 44.5126376575894 44.481172296736
42.9720845222473 42.9300812721252 42.8880780220032 42.8460747718811 42.8040715217591 42.762068271637 42.720065021515 42.3419650077822 41.8518327395124 41.3617004712425 40.8715682029728 40.381435934703 39.8913036664332 39.4011713981634 39.1223084131881 39.4772532780969 39.8321981430057 40.1871430079145 40.5420878728234 40.8970327377322 41.251977602641 41.6069224675498 41.9161454200746 42.210127735138 42.5041100502015 42.798092365265 43.0920746803284 43.3860569953919 43.6800393104553 43.9259705543518 44.0277485847473 44.1295266151428 44.2313046455383 44.3330826759338 44.4348607063293 44.5366387367248 44.6384167671203 44.6753724098205 44.6907205899556 44.7060687700907 44.7214169502258 44.7367651303609 44.752113310496 44.7674614906311 44.7696769396464 44.7324941953023
43.1283882459005 43.0030544598897 42.877720673879 42.7523868878683 42.6270531018575 42.5017193158468 42.3763855298361 41.719760100047 40.8860374556651 40.052314811283 39.218592166901 38.3848695225191 37.551146878137 36.717424233755 36.2415592829389 36.8392674128218 37.4369755427045 38.0346836725872 38.6323918024701 39.2300999323528 39.8278080622356 40.4255161921184 40.8889192263286 41.3075538953146 41.7261885643006 42.1448232332866 42.5634579022725 42.9820925712585 43.4007272402445 43.7544090165032 43.9132321145799 44.0720552126566 44.2308783107333 44.3897014088101 44.5485245068867 44.7073476049634 44.8661707030402 44.9190329551696 44.9365749253167 44.9541168954637 44.9716588656107 44.9892008357578 45.0067428059048 45.0242847760518 45.0267162217034 44.9838160938687
43.2846919695536 43.0760276476542 42.8673633257548 42.6586990038554 42.450034681956 42.2413703600566 42.0327060381572 41.0975551923119 39.9202421718177 38.7429291513234 37.5656161308292 36.3883031103351 35.2109900898408 34.0336770693466 33.3608101526898 34.2012815475466 35.0417529424033 35.88222433726 36.7226957321168 37.5631671269735 38.4036385218302 39.244109916687 39.8616930325826 40.4049800554911 40.9482670783997 41.4915541013082 42.0348411242167 42.5781281471252 43.1214151700337 43.5828474786546 43.7987156444126 44.0145838101705 44.2304519759284 44.4463201416863 44.6621883074442 44.8780564732021 45.09392463896 45.1626935005188 45.1824292606777 45.2021650208367 45.2219007809957 45.2416365411546 45.2613723013136 45.2811080614725 45.2837555037604 45.235137992435
43.4409956932068 43.1490008354187 42.8570059776307 42.5650111198426 42.2730162620545 41.9810214042665 41.6890265464784 40.4753502845768 38.9544468879705 -9999 -9999 -9999 -9999 31.3499299049385 30.4800610224408 31.5632956822717 32.6465303421023 33.7297650019329 34.8129996617637 35.8962343215943 36.979468981425 38.0627036412558 38.8344668388367 39.5024062156677 40.1703455924988 40.8382849693298 41.5062243461608 42.1741637229919 42.8421030998229 43.411285940806 43.6841991742452 43.9571124076843 44.2300256411234 44.5029388745625 44.7758521080016 45.0487653414407 45.3216785748799 45.4063540458679 45.4282835960388 45.4502131462097 45.4721426963806 45.4940722465515 45.5160017967224 45.5379313468933 45.5407947858174 45.4864598910013
43.59729941686 43.2219740231832 42.8466486295065 42.4713232358297 42.095997842153 41.7206724484763 41.3453470547995 39.8531453768416 37.9886516041231 -9999 -9999 -9999 -9999 -9999 27.5993118921917 28.9253098169965 30.2513077418011 31.5773056666056 32.9033035914104 34.229301516215 35.5552994410196 36.8812973658244 37.8072406450908 38.5998323758443 39.3924241065979 40.1850158373514 40.977607568105 41.7701992988586 42.5627910296121 43.2397244029574 43.5696827040778 43.8996410051981 44.2295993063184 44.5595576074388 44.8895159085591 45.2194742096794 45.5494325107998 45.650014591217 45.6741379313998 45.6982612715827 45.7223846117655 45.7465079519483 45.7706312921312 45.794754632314 45.7978340678745 45.7377817895677
43.7367675569323 43.3030917485556 42.8694159401788 42.4357401318021 42.0020643234254 41.5683885150487 41.1347127066719 39.4177092949554 37.2729300154586 -9999 -9999 -9999 -9999 -9999 -9999 -9999 27.9105468193692 29.2305902242663 -9999 -9999 -9999 34.5107638438548 35.6054724534358 36.6250694645779 37.6446664757203 38.6642634868625 39.6838604980047 40.703457509147 41.7230545202892 42.5985953013103 43.0419673919679 43.4853394826254 43.9287115732829 44.3720836639405 44.815455754598 45.2588278452555 45.702199935913 45.8369937896728 45.8689282311333 45.9008626725938 45.9327971140543 45.9647315555148 45.9966659969753 46.0286004384358 46.0368935585022 45.9742627143859
43.8594001134237 43.3923540115357 42.9253079096477 42.4582618077597 41.9912157058717 41.5241696039837 41.0571235020956 39.169042038918 36.8072821219768 -9999 -9999 -9999 -9999 -9999 -9999 -9999 -9999 -9999 -9999 -9999 -9999 -9999 32.2291622638706 33.5781174818677 34.927072699865 36.2760279178621 37.6249831358592 38.9739383538565 40.3228935718536 41.4878986358643 42.1010532379151 42.7142078399658 43.3273624420166 43.9405170440674 44.5536716461181 45.1668262481688 45.7799808502196 45.9672916412353 46.0126544952392 46.0580173492431 46.103380203247 46.1487430572509 46.1941059112548 46.2394687652587 46.2579732577006 46.1959026654561
43.9820326699151 43.4816162745159 42.9811998791166 42.4807834837172 41.980367088318 41.4799506929187 40.9795342975193 38.9203747828806 36.3416342284951 -9999 -9999 -9999 -9999 -9999 -9999 -9999 -9999 -9999 -9999 -9999 -9999 -9999 -9999 30.5311654991574 32.2094789240097 33.8877923488617 35.5661057737138 37.2444191985661 38.9227326234181 40.3772019704183 41.1601390838623 41.9430761973063 42.7260133107502 43.5089504241943 44.2918875376383 45.0748246510822 45.8577617645263 46.0975894927978 46.1563807593451 46.2151720258924 46.2739632924397 46.332754558987 46.3915458255344 46.4503370920817 46.479052956899 46.4175426165263
44.1046652264066 43.570878537496 43.0370918485854 42.5033051596748 41.9695184707643 41.4357317818537 40.901945092943 38.6717075268433 35.8759863350134 -9999 -9999 -9999 -9999 -9999 -9999 -9999 -9999 -9999 -9999 -9999 -9999 -9999 -9999 -9999 -9999 31.4995567798616 33.5072284115685 35.5149000432757 37.5225716749826 39.2665053049723 40.2192249298096 41.1719445546468 42.124664179484 43.0773838043213 44.0301034291584 44.9828230539956 45.9355426788329 46.2278873443603 46.300107023451 46.3723267025417 46.4445463816324 46.5167660607231 46.5889857398139 46.6612054189046 46.7001326560974 46.6391825675964
44.227297782898 43.6601408004761 43.0929838180543 42.5258268356324 41.9586698532105 41.3915128707887 40.8243558883668 38.4230402708059 35.4103384415316 -9999 -9999 -9999 -9999 -9999 -9999 -9999 -9999 -9999 -9999 -9999 -9999 -9999 -9999 -9999 -9999 -9999 -9999 -9999 -9999 38.1558086395263 39.2783107757569 40.4008129119872 41.5233150482176 42.6458171844482 43.7683193206786 44.890821456909 46.0133235931395 46.3581851959228 46.4438332875569 46.529481379191 46.6151294708252 46.7007775624593 46.7864256540934 46.8720737457275 46.9212123552958 46.8608225186666
44.3499303393894 43.7494030634563 43.1488757875232 42.54834851159 41.9478212356568 41.3472939597237 40.7467666837905 38.1743730147685 34.9446905480499 -9999 -9999 -9999 -9999 -9999 -9999 -9999 -9999 -9999 -9999 -9999 -9999 -9999 -9999 -9999 -9999 -9999 -9999 -9999 -9999 37.0451119740803 38.3373966217041 39.6296812693277 40.9219659169513 42.2142505645751 43.5065352121987 44.7988198598223 46.0911045074461 46.4884830474853 46.5875595516628 46.6866360558404 46.7857125600179 46.8847890641954 46.9838655683729 47.0829420725504 47.1422920544942 47.0824624697367
44.5780913035075 43.9524211883545 43.3267510732016 42.7010809580485 42.0754108428956 41.4497407277426 40.8240706125895 38.202617780368 34.9159040424566 31.6291903045445 -9999 -9999 -9999 -9999 -9999 -9999 -9999 -9999 -9999 -9999 -9999 -9999 -9999 -9999 -9999 -9999 -9999 -9999 -9999 35.9525142245821 37.3914188808865 38.8303235371907 40.2692281934948 41.7081328497992 43.1470375061034 44.5859421624075 46.0248468187119 46.4771878242493 46.6006742795308 46.7241607348124 46.847647190094 46.9711336453755 47.0946201006571 47.2181065559387 47.297518963284 47.2447092268202
44.9117806752523 44.269195175171 43.6266096750896 42.9840241750082 42.3414386749268 41.6988531748455 41.056267674764 38.5077745676046 35.3239789247519 32.1401832818988 -9999 -9999 -9999 -9999 -9999 -9999 -9999 -9999 -9999 -9999 -9999 -9999 -9999 -9999 -9999 -9999 -9999 -9999 -9999 34.8780153910317 36.440377553304 38.002739715576 39.5651018778481 41.1274640401204 42.6898262023924 44.2521883646644 45.8145505269367 46.3242995262146 46.4831774711609 46.6420554161072 46.8009333610534 46.9598113059997 47.118689250946 47.2775671958923 47.386893081665 47.347562789917
45.2454700469971 44.5859691619874 43.9264682769776 43.2669673919678 42.6074665069581 41.9479656219484 41.2884647369385 38.8129313548411 35.7320538070473 32.651176259253 -9999 -9999 -9999 -9999 -9999 -9999 -9999 -9999 -9999 -9999 -9999 -9999 -9999 -9999 -9999 -9999 -9999 -9999 -9999 33.8035165574813 35.4893362257215 37.1751558939614 38.8609755622013 40.5467952304415 42.2326148986814 43.9184345669213 45.6042542351615 46.1714112281799 46.3656806627909 46.5599500974019 46.7542195320129 46.9484889666239 47.1427584012349 47.3370278358459 47.4762672000461 47.4504163530138
45.5791594187419 44.9027431488038 44.2263268788657 43.5499106089274 42.8734943389893 42.1970780690512 41.520661799113 39.1180881420776 36.1401286893427 33.1621692366073 30.1842097838724 27.2062503311375 -9999 -9999 -9999 -9999 -9999 -9999 -9999 -9999 -9999 -9999 -9999 -9999 -9999 -9999 -9999 -9999 -9999 32.729017723931 34.5382948981391 36.3475720723469 38.1568492465546 39.9661264207627 41.7754035949705 43.5846807691783 45.3939579433863 46.0185229301453 46.2481838544209 46.4778447786967 46.7075057029724 46.9371666272481 47.1668275515238 47.3964884757995 47.5656413184272 47.5532699161105
