data/working_set_collections/6091692-Cassins_Sparrow-MC/2005/bio4.asc
NCOLS 265 
NROWS 230 
XLLCORNER -115.5625 
YLLCORNER 24.8333333333333 
CELLSIZE 0.0833333333333333 
NODATA_value -9999 
[rows 180 to 199 of 230, columns 92 to 137 of 265]
553.440998162164 554.291652594673 555.142307027182 555.99296145969 556.843615892199 558.148687235515 559.605230882433 561.061774529352 562.51831817627 563.974861823188 565.431405470107 566.887949117025 568.402839491103 570.092770046658 571.782700602214 573.472631157769 575.162561713325 576.85249226888 578.542422824436 580.232353379992 585.492630513509 591.943023173013 598.39341583252 604.843808492024 611.294201151529 617.744593811035 624.19498647054 629.876614040799 633.251946343316 636.627278645834 640.002610948351 643.377943250868 646.753275553386 650.128607855903 653.50394015842 652.772471618654 650.672069464791 648.571667310928 646.471265157065 644.370863003203 642.27046084934 640.170058695477 638.429851108128 637.770227220325 637.110603332521 636.450979444717
550.067387390137 550.745066833497 551.422746276856 552.100425720215 552.778105163575 554.162406921387 555.782249450684 557.402091979981 559.021934509278 560.641777038574 562.261619567871 563.881462097168 565.516623942057 567.197743733724 568.878863525391 570.559983317057 572.241103108724 573.922222900391 575.603342692057 577.284462483724 582.350608825683 588.545097351073 594.739585876465 600.934074401855 607.128562927245 613.323051452637 619.517539978027 624.980859375 628.250671386719 631.520483398438 634.790295410156 638.060107421875 641.329919433594 644.599731445313 647.869543457031 647.032685852052 644.826938374839 642.621190897625 640.415443420412 638.209695943198 636.003948465985 633.798200988771 631.952509053549 631.186983744305 630.42145843506 629.655933125815
546.69377661811 547.19848107232 547.70318552653 548.20788998074 548.712594434951 550.176126607259 551.959268018935 553.74240943061 555.525550842285 557.308692253961 559.091833665636 560.874975077311 562.630408393012 564.30271742079 565.975026448568 567.647335476345 569.319644504124 570.991953531901 572.664262559679 574.336571587457 579.208587137858 585.147171529133 591.08575592041 597.024340311686 602.962924702961 608.901509094238 614.840093485514 620.085104709201 623.249396430121 626.413688151042 629.577979871962 632.742271592882 635.906563313802 639.070855034722 642.235146755642 641.29290008545 638.981807284886 636.670714484322 634.359621683758 632.048528883194 629.73743608263 627.426343282065 625.47516699897 624.603740268285 623.732313537599 622.860886806913
543.320165846083 543.651895311144 543.983624776205 544.315354241266 544.647083706327 546.189846293132 548.136286587186 550.08272688124 552.029167175293 553.975607469347 555.922047763401 557.868488057455 559.744192843967 561.407691107856 563.071189371745 564.734687635634 566.398185899523 568.061684163412 569.7251824273 571.38868069119 576.066565450032 581.749245707193 587.431925964356 593.114606221517 598.797286478678 604.47996673584 610.162646993001 615.189350043403 618.248121473524 621.306892903646 624.365664333768 627.424435763889 630.483207194011 633.541978624132 636.600750054254 635.553114318849 633.136676194934 630.72023807102 628.303799947104 625.88736182319 623.470923699275 621.05448557536 618.997824944392 618.020496792265 617.043168640138 616.065840488012
539.946555074057 540.105309549968 540.264064025879 540.422818501791 540.581572977703 542.203565979004 544.313305155436 546.423044331869 548.532783508301 550.642522684733 552.752261861166 554.862001037598 556.857977294922 558.512664794922 560.167352294922 561.822039794922 563.476727294922 565.131414794922 566.786102294922 568.440789794922 572.924543762207 578.351319885253 583.778096008301 589.204872131347 594.631648254394 600.058424377441 605.485200500488 610.293595377604 613.246846516927 616.20009765625 619.153348795573 622.106599934896 625.059851074219 628.013102213542 630.966353352865 629.813328552248 627.291545104982 624.769761657717 622.247978210451 619.726194763185 617.20441131592 614.682627868654 612.520482889813 611.437253316245 610.354023742677 609.270794169109
536.57294430203 536.558723788792 536.544503275554 536.530282762316 536.516062249078 538.217285664876 540.490323723687 542.763361782498 545.036399841309 547.309437900119 549.58247595893 551.855514017741 553.971761745877 555.617638481988 557.263515218099 558.90939195421 560.555268690321 562.201145426432 563.847022162543 565.492898898655 569.782522074381 574.953394063313 580.124266052246 585.295138041178 590.46601003011 595.636882019043 600.807754007975 605.397840711806 608.24557156033 611.093302408854 613.941033257379 616.788764105903 619.636494954427 622.484225802952 625.331956651476 624.073542785646 621.44641401503 618.819285244413 616.192156473797 613.565027703181 610.937898932565 608.310770161948 606.043140835233 604.854009840225 603.664878845216 602.475747850207
532.690195973715 532.678952280681 532.667708587647 532.656464894613 532.64522120158 534.382689412435 536.703061591254 539.023433770074 541.343805948894 543.664178127713 545.984550306533 548.304922485352 550.496759202746 552.302989535862 554.109219868978 555.915450202094 557.721680535211 559.527910868327 561.334141201443 563.14037153456 567.260205078124 572.15123969184 577.042274305555 581.93330891927 586.824343532986 591.715378146702 596.606412760417 600.965035671658 603.726423475477 606.487811279297 609.249199083117 612.010586886936 614.771974690756 617.533362494575 620.294750298394 619.026814270021 616.415770297582 613.804726325143 611.193682352703 608.582638380264 605.971594407825 603.360550435385 601.10013631185 599.891611735027 598.683087158204 597.474562581381
528.298310089112 528.465995025635 528.633679962159 528.801364898682 528.969049835206 530.69977722168 532.951518758138 535.203260294597 537.455001831055 539.706743367513 541.958484903972 544.21022644043 546.432969665528 548.568717956543 550.704466247559 552.840214538574 554.97596282959 557.111711120605 559.247459411621 561.383207702637 565.357592773437 569.944856770833 574.532120768229 579.119384765625 583.70664876302 588.293912760417 592.881176757812 596.995180257162 599.68940226237 602.383624267578 605.077846272787 607.772068277995 610.466290283203 613.160512288412 615.85473429362 614.673143005372 612.199613952638 609.726084899904 607.252555847169 604.779026794435 602.3054977417 599.831968688966 597.691469319662 596.550059000652 595.408648681641 594.267238362631
523.906424204509 524.25303777059 524.59965133667 524.946264902751 525.292878468832 527.016865030925 529.199975925022 531.383086819119 533.566197713216 535.749308607313 537.932419501411 540.115530395508 542.36918012831 544.834446377225 547.299712626139 549.764978875054 552.230245123969 554.695511372884 557.160777621799 559.626043870714 563.45498046875 567.738473849826 572.021967230903 576.305460611979 580.588953993055 584.872447374132 589.155940755208 593.025324842665 595.652381049262 598.27943725586 600.906493462457 603.533549669054 606.160605875651 608.787662082248 611.414718288845 610.319471740724 607.983457607694 605.647443474665 603.311429341635 600.975415208606 598.639401075576 596.303386942546 594.282802327475 593.208506266277 592.134210205079 591.059914143881
519.514538319906 520.040080515544 520.565622711182 521.09116490682 521.616707102458 523.33395284017 525.448433091906 527.562913343642 529.677393595378 531.791873847114 533.90635409885 536.020834350586 538.305390591092 541.100174797906 543.89495900472 546.689743211534 549.484527418349 552.279311625163 555.074095831977 557.868880038791 561.552368164062 565.532090928819 569.511813693576 573.491536458333 577.47125922309 581.450981987847 585.430704752604 589.055469428169 591.615359836155 594.175250244141 596.735140652127 599.295031060113 601.854921468099 604.414811876085 606.974702284071 605.965800476076 603.767301262751 601.568802049426 599.370302836101 597.171803622777 594.973304409452 592.774805196127 590.874135335287 589.866953531902 588.859771728517 587.852589925131
515.122652435303 515.827123260499 516.531594085694 517.236064910889 517.940535736084 519.651040649414 521.696890258789 523.742739868164 525.788589477539 527.834439086914 529.88028869629 531.926138305664 534.241601053874 537.365903218588 540.490205383301 543.614507548014 546.738809712728 549.863111877441 552.987414042155 556.111716206868 559.649755859375 563.325708007812 567.00166015625 570.677612304687 574.353564453125 578.029516601563 581.70546875 585.085614013672 587.578338623047 590.071063232422 592.563787841797 595.056512451172 597.549237060547 600.041961669922 602.534686279297 601.612129211427 599.551144917807 597.490160624188 595.429176330567 593.368192036948 591.307207743328 589.246223449708 587.4654683431 586.525400797527 585.585333251954 584.645265706381
510.7307665507 511.614166005453 512.497565460205 513.380964914958 514.264364369711 515.968128458659 517.945347425673 519.922566392687 521.899785359701 523.877004326715 525.854223293729 527.831442260742 530.177811516656 533.631631639269 537.085451761881 540.539271884494 543.993092007107 547.44691212972 550.900732252332 554.354552374945 557.747143554687 561.119325086805 564.491506618923 567.863688151041 571.235869683159 574.608051215278 577.980232747396 581.115758599175 583.541317409939 585.966876220703 588.392435031467 590.817993842231 593.243552652995 595.669111463759 598.094670274523 597.258457946778 595.334988572864 593.411519198949 591.488049825033 589.564580451119 587.641111077204 585.717641703289 584.056801350912 583.183848063152 582.310894775391 581.437941487631
506.675274319119 507.820890638564 508.966506958008 510.112123277452 511.257739596897 512.885750325521 514.674559190538 516.463368055556 518.252176920573 520.040985785591 521.829794650608 523.618603515626 525.863480801053 529.476563347711 533.089645894369 536.702728441027 540.315810987685 543.928893534343 547.541976081 551.155058627659 554.391301472982 557.501931084527 560.612560696073 563.723190307618 566.833819919163 569.944449530708 573.055079142253 575.971490308974 578.305246141222 580.639001973471 582.972757805719 585.306513637967 587.640269470216 589.974025302464 592.307781134712 591.608785502118 589.898872714574 588.188959927031 586.479047139487 584.769134351944 583.0592215644 581.349308776857 579.897078450522 579.217895507814 578.538712565105 577.859529622397
502.95617574056 504.447297159831 505.938418579102 507.429539998372 508.920661417643 510.40390625 511.884525553386 513.365144856771 514.845764160157 516.326383463542 517.807002766928 519.287622070313 521.298608907064 524.900698343913 528.502787780762 532.104877217611 535.70696665446 539.309056091309 542.911145528157 546.513234965007 549.582229614258 552.473526000977 555.364822387696 558.256118774414 561.147415161133 564.038711547852 566.930007934571 569.652809143067 571.870124816895 574.087440490723 576.304756164551 578.52207183838 580.739387512208 582.956703186036 585.174018859864 584.663111877443 583.242797342938 581.822482808433 580.402168273927 578.981853739422 577.561539204917 576.141224670411 574.986299641928 574.627543131511 574.268786621094 573.910030110678
499.237077162001 501.073703681098 502.910330200195 504.746956719292 506.58358323839 507.922062174479 509.094491916233 510.266921657986 511.43935139974 512.611781141493 513.784210883247 514.956640625 516.733737013075 520.324833340115 523.915929667155 527.507025994195 531.098122321235 534.689218648275 538.280314975314 541.871411302355 544.773157755534 547.445120917426 550.117084079319 552.789047241211 555.461010403104 558.132973564996 560.804936726888 563.33412797716 565.435003492568 567.535879007976 569.636754523384 571.737630038792 573.8385055542 575.939381069608 578.040256585016 577.717438252768 576.586721971301 575.456005689834 574.325289408367 573.1945731269 572.063856845433 570.933140563966 570.075520833334 570.037190755209 569.998860677084 569.960530598959
495.517978583442 497.700110202366 499.882241821289 502.064373440213 504.246505059136 505.440218098959 506.30445827908 507.168698459202 508.032938639323 508.897178819445 509.761418999567 510.625659179688 512.168865119086 515.748968336318 519.329071553548 522.909174770779 526.489277988011 530.069381205241 533.649484422472 537.229587639703 539.96408589681 542.416715833876 544.869345770943 547.321975708008 549.774605645074 552.227235582141 554.679865519206 557.015446811253 558.999882168241 560.984317525229 562.968752882216 564.953188239204 566.937623596192 568.92205895318 570.906494310168 570.771764628094 569.930646599665 569.089528571236 568.248410542807 567.407292514378 566.56617448595 565.725056457521 565.164742024741 565.446838378907 565.728934733074 566.01103108724
491.798880004883 494.326516723633 496.854153442383 499.381790161133 501.909426879883 502.958374023438 503.514424641927 504.070475260417 504.626525878907 505.182576497396 505.738627115886 506.294677734376 507.603993225098 511.17310333252 514.742213439942 518.311323547363 521.880433654786 525.449543762207 529.018653869629 532.587763977051 535.155014038086 537.388310750326 539.621607462566 541.854904174805 544.088200887045 546.321497599285 548.554794311524 550.696765645346 552.564760843913 554.432756042481 556.300751241049 558.168746439616 560.036741638184 561.904736836752 563.77273203532 563.826091003419 563.274571228029 562.723051452638 562.171531677247 561.620011901857 561.068492126466 560.516972351075 560.253963216147 560.856486002605 561.459008789063 562.061531575521
488.079781426324 490.9529232449 493.826065063477 496.699206882053 499.572348700629 500.476529947917 500.724391004775 500.972252061632 501.22011311849 501.467974175348 501.715835232205 501.963696289063 503.039121331109 506.597238328722 510.155355326335 513.713472323947 517.271589321561 520.829706319173 524.387823316786 527.945940314399 530.345942179362 532.359905666775 534.373869154189 536.387832641602 538.401796129015 540.415759616429 542.429723103842 544.378084479438 546.129639519586 547.881194559734 549.632749599881 551.384304640029 553.135859680176 554.887414720324 556.638969760471 556.880417378745 556.618495856392 556.35657433404 556.094652811687 555.832731289335 555.570809766982 555.30888824463 555.343184407553 556.266133626302 557.189082845052 558.112032063802
483.696001434326 486.878672536215 490.061343638103 493.24401473999 496.426685841879 497.327104695639 497.466772800022 497.606440904406 497.74610900879 497.885777113173 498.025445217557 498.165113321941 499.069244639079 502.266765594483 505.464286549886 508.66180750529 511.859328460694 515.056849416098 518.254370371501 521.451891326906 523.630462137859 525.469382900663 527.308303663467 529.147224426271 530.986145189075 532.825065951879 534.663986714682 536.490082041424 538.277701059979 540.065320078533 541.852939097088 543.640558115643 545.428177134197 547.215796152752 549.003415171306 549.607275136313 549.816548750137 550.025822363961 550.235095977784 550.444369591608 550.653643205432 550.862916819255 551.35143653022 552.677694532607 554.003952534994 555.330210537381
478.64754002889 482.103764597575 485.55998916626 489.016213734945 492.47243830363 493.510098266602 493.74157002767 493.973041788738 494.204513549805 494.435985310873 494.667457071941 494.898928833008 495.694363149007 498.181685129802 500.669007110596 503.15632909139 505.643651072185 508.130973052979 510.618295033774 513.105617014568 515.008573913575 516.716742451987 518.424910990398 520.13307952881 521.841248067221 523.549416605633 525.257585144044 527.0327583313 529.008945465089 530.985132598878 532.961319732667 534.937506866456 536.913694000245 538.889881134034 540.866068267823 542.006664276124 542.868729909262 543.7307955424 544.592861175538 545.454926808676 546.316992441814 547.179058074952 548.278719584147 550.091168721517 551.903617858887 553.716066996256
