data/working_set_collections/6091692-Cassins_Sparrow-MC/2005/bio4.asc
NCOLS 265 
NROWS 230 
XLLCORNER -115.5625 
YLLCORNER 24.8333333333333 
CELLSIZE 0.0833333333333333 
NODATA_value -9999 
[rows 160 to 179 of 230, columns 46 to 91 of 265]
653.138905334474 649.901826477052 646.66474761963 643.427668762208 640.190589904786 636.953511047364 637.135786437989 638.457846577963 639.779906717937 641.101966857911 642.424026997885 643.746087137859 645.068147277833 646.725553385417 649.388997395834 652.05244140625 654.715885416667 657.379329427084 660.0427734375 662.706217447917 665.369661458334 666.034062194825 666.032115173341 666.030168151857 666.028221130372 666.026274108888 666.024327087404 666.022380065919 665.594215393068 663.887397766115 662.180580139162 660.473762512209 658.766944885256 657.060127258303 655.35330963135 653.646492004396 654.927445983888 657.204323832195 659.481201680503 661.75807952881 664.034957377117 666.311835225425 668.588713073732 671.146131896974 674.545173645021 677.944215393067
651.246407572429 647.762520175511 644.278632778592 640.794745381674 637.310857984756 633.826970587837 633.808901468913 634.946105109321 636.083308749729 637.220512390137 638.357716030545 639.494919670953 640.632123311361 642.128385416667 644.701822916667 647.275260416667 649.848697916667 652.422135416667 654.995572916667 657.569010416667 660.142447916667 660.541688537598 660.216196865507 659.890705193415 659.565213521322 659.239721849231 658.914230177139 658.588738505047 657.830515374079 655.774097866484 653.717680358888 651.661262851293 649.604845343697 647.548427836102 645.492010328507 643.435592820911 644.636179097495 646.922433302139 649.208687506783 651.494941711427 653.781195916071 656.067450120715 658.353704325359 660.97828148736 664.617827521431 668.257373555502
647.673274230959 644.199123975967 640.724973720976 637.250823465984 633.776673210993 630.302522956002 630.152365112305 631.110204739041 632.068044365778 633.025883992514 633.98372361925 634.941563245986 635.899402872722 637.228409152561 639.670915391711 642.11342163086 644.555927870009 646.998434109159 649.440940348308 651.883446587457 654.325952826607 654.52575531006 653.977989874947 653.430224439834 652.882459004722 652.334693569609 651.786928134496 651.239162699383 650.249152289498 647.932406955297 645.615661621096 643.298916286894 640.982170952693 638.665425618492 636.34868028429 634.031934950089 635.099979654949 637.296287706164 639.49259575738 641.688903808595 643.88521185981 646.081519911026 648.277827962241 650.870567491321 654.652601453995 658.434635416668
642.41950531006 639.21163787842 636.003770446779 632.795903015138 629.588035583498 626.380168151857 626.166177368165 626.950145467123 627.734113566081 628.51808166504 629.302049763998 630.086017862956 630.869985961915 632.025624593099 634.296274820964 636.566925048829 638.837575276693 641.108225504558 643.378875732423 645.649525960287 647.920176188152 647.986262512208 647.317494201661 646.648725891115 645.979957580568 645.311189270021 644.642420959474 643.973652648927 642.850126139325 640.362325032554 637.874523925783 635.386722819012 632.898921712241 630.411120605471 627.9233194987 625.435518391929 626.318847656251 628.325887044272 630.332926432293 632.339965820314 634.347005208335 636.354044596356 638.361083984376 640.822989908855 644.64949544271 648.476000976564
637.165736389161 634.224151780872 631.282567172581 628.340982564291 625.399397956002 622.457813347711 622.179989624024 622.790086195204 623.400182766385 624.010279337566 624.620375908746 625.230472479927 625.840569051107 626.822840033637 628.921634250217 631.020428466797 633.119222683377 635.218016899957 637.316811116537 639.415605333117 641.514399549697 641.446769714356 640.656998528376 639.867227342395 639.077456156414 638.287684970433 637.497913784452 636.708142598471 635.451099989151 632.79224310981 630.13338623047 627.47452935113 624.81567247179 622.15681559245 619.497958713109 616.839101833769 617.537715657553 619.355486382379 621.173257107206 622.991027832032 624.808798556859 626.626569281685 628.444340006512 630.77541232639 634.646389431424 638.517366536459
631.911967468263 629.236665683324 626.561363898385 623.886062113445 621.210760328506 618.535458543567 618.193801879883 618.630026923286 619.066251966689 619.502477010092 619.938702053495 620.374927096898 620.8111521403 621.620055474176 623.546993679471 625.473931884766 627.400870090061 629.327808295357 631.254746500652 633.181684705947 635.108622911242 634.907276916505 633.99650285509 633.085728793675 632.174954732261 631.264180670846 630.353406609431 629.442632548016 628.052073838978 625.222161187068 622.392248535158 619.562335883249 616.732423231339 613.902510579429 611.07259792752 608.24268527561 608.756583658856 610.385085720488 612.01358778212 613.642089843752 615.270591905384 616.899093967016 618.527596028648 620.727834743925 624.64328342014 628.558732096356
626.658198547365 624.249179585776 621.840160624187 619.431141662599 617.02212270101 614.613103739422 614.207614135743 614.469967651368 614.732321166993 614.994674682618 615.257028198243 615.519381713868 615.781735229493 616.417270914714 618.172353108725 619.927435302735 621.682517496745 623.437599690756 625.192681884766 626.947764078777 628.702846272787 628.367784118654 627.336007181805 626.304230244956 625.272453308107 624.240676371258 623.208899434409 622.17712249756 620.653047688804 617.652079264325 614.651110839846 611.650142415367 608.649173990887 605.648205566408 602.647237141929 599.64626871745 599.975451660157 601.414685058595 602.853918457033 604.29315185547 605.732385253908 607.171618652345 608.610852050783 610.680257161459 614.640177408855 618.600097656251
621.404429626466 619.261693488228 617.11895734999 614.976221211752 612.833485073515 610.690748935277 610.221426391602 610.30990837945 610.398390367297 610.486872355144 610.575354342991 610.663836330838 610.752318318686 611.214486355252 612.797712537978 614.380938720704 615.964164903429 617.547391086155 619.130617268881 620.713843451606 622.297069634332 621.828291320802 620.675511508519 619.522731696236 618.369951883953 617.21717207167 616.064392259387 614.911612447104 613.25402153863 610.081997341581 606.909973144533 603.737948947484 600.565924750435 597.393900553387 594.221876356339 591.04985215929 591.194319661459 592.444284396702 593.694249131946 594.944213867189 596.194178602432 597.444143337675 598.694108072918 600.632679578994 604.63707139757 608.641463216147
616.75017344157 614.786168585885 612.822163730199 610.858158874513 608.894154018827 606.930149163141 606.423631795248 606.402943589953 606.382255384658 606.361567179363 606.340878974068 606.320190768772 606.299502563477 606.632496473525 608.026536729601 609.420576985678 610.814617241754 612.208657497831 613.602697753907 614.996738009983 616.39077826606 615.843843078614 614.649916076661 613.455989074708 612.262062072755 611.068135070802 609.874208068849 608.680281066896 606.970226542157 603.711789449057 600.453352355959 597.19491526286 593.93647816976 590.678041076662 587.419603983563 584.161166890464 584.209912109376 585.361051432292 586.512190755209 587.663330078126 588.814469401043 589.965608723959 591.116748046876 592.946184624566 596.81051296658 600.674841308594
612.695429992677 610.822604878745 608.949779764812 607.07695465088 605.204129536948 603.331304423015 602.81423034668 602.749073282878 602.683916219076 602.618759155274 602.553602091472 602.48844502767 602.423287963868 602.671301269532 603.858825683594 605.046350097657 606.233874511719 607.421398925782 608.608923339844 609.796447753907 610.98397216797 610.414439392091 609.259220886232 608.104002380372 606.948783874513 605.793565368654 604.638346862794 603.483128356935 601.801662699383 598.541455586753 595.281248474123 592.021041361493 588.760834248862 585.500627136232 582.240420023602 578.980212910971 579.022229003907 580.164986165365 581.307743326824 582.450500488282 583.59325764974 584.736014811199 585.878771972657 587.620772298177 591.160502115886 594.700231933594
608.640686543783 606.859041171605 605.077395799426 603.295750427247 601.514105055068 599.732459682889 599.204828898113 599.095202975803 598.985577053494 598.875951131186 598.766325208876 598.656699286567 598.547073364258 598.710106065539 599.691114637587 600.672123209636 601.653131781684 602.634140353733 603.615148925782 604.59615749783 605.577166069879 604.985035705567 603.868525695802 602.752015686036 601.63550567627 600.518995666505 599.402485656739 598.285975646974 596.63309885661 593.371121724448 590.109144592286 586.847167460125 583.585190327963 580.323213195802 577.061236063641 573.799258931479 573.834545898438 574.968920898438 576.103295898438 577.237670898438 578.372045898438 579.506420898438 580.640795898438 582.295359971788 585.510491265191 588.725622558594
604.58594309489 602.895477464465 601.20501183404 599.514546203614 597.824080573189 596.133614942764 595.595427449545 595.441332668729 595.287237887913 595.133143107097 594.979048326281 594.824953545465 594.670858764649 594.748910861546 595.523403591581 596.297896321615 597.07238905165 597.846881781685 598.62137451172 599.395867241754 600.170359971789 599.555632019044 598.477830505372 597.4000289917 596.322227478029 595.244425964357 594.166624450685 593.088822937013 591.464535013836 588.200787862143 584.937040710451 581.673293558758 578.409546407065 575.145799255373 571.88205210368 568.618304951987 568.64686279297 569.772855631511 570.898848470053 572.024841308595 573.150834147136 574.276826985678 575.40281982422 576.9699476454 579.860480414497 582.751013183595
600.531199645997 598.931913757325 597.332627868653 595.733341979981 594.13405609131 592.534770202638 591.986026000977 591.787462361654 591.588898722331 591.390335083008 591.191771443686 590.993207804363 590.79464416504 590.787715657553 591.355692545574 591.923669433594 592.491646321615 593.059623209636 593.627600097657 594.195576985678 594.763553873699 594.126228332521 593.087135314943 592.048042297364 591.008949279786 589.969856262208 588.93076324463 587.891670227052 586.295971171063 583.030453999839 579.764936828615 576.499419657391 573.233902486167 569.968385314943 566.702868143719 563.437350972495 563.459179687501 564.576790364584 565.694401041667 566.812011718751 567.929622395834 569.047233072917 570.164843750001 571.644535319011 574.210469563803 576.776403808594
596.476456197104 594.968350050185 593.460243903267 591.952137756349 590.44403160943 588.935925462512 588.37662455241 588.13359205458 587.89055955675 587.64752705892 587.40449456109 587.16146206326 586.91842956543 586.82652045356 587.187981499567 587.549442545573 587.91090359158 588.272364637588 588.633825683594 588.995286729601 589.356747775608 588.696824645997 587.696440124513 586.696055603028 585.695671081544 584.69528656006 583.694902038575 582.694517517091 581.127407328289 577.860120137534 574.592832946779 571.325545756024 568.058258565268 564.790971374513 561.523684183758 558.256396993002 558.271496582032 559.380725097657 560.489953613282 561.599182128907 562.708410644532 563.817639160157 564.926867675782 566.319122992622 568.560458713108 570.801794433594
595.00796101888 593.583932156033 592.159903293186 590.735874430339 589.311845567491 587.887816704644 587.227461751302 586.821664767795 586.415867784288 586.010070800781 585.604273817274 585.198476833767 584.792679850261 584.513278876411 584.613065931532 584.712852986654 584.812640041775 584.912427096897 585.012214152019 585.11200120714 585.211788262262 584.373528544109 583.222586568198 582.071644592286 580.920702616375 579.769760640463 578.618818664552 577.46787668864 575.834622870553 572.754433525934 569.674244181316 566.594054836699 563.51386549208 560.433676147462 557.353486802844 554.273297458226 554.374469502767 555.536095343696 556.697721184625 557.859347025554 559.020972866482 560.182598707411 561.34422454834 562.711413574219 564.695292154948 566.679170735677
596.125714111328 594.77866007487 593.431606038411 592.084552001953 590.737497965495 589.390443929036 588.538537597656 587.851680501302 587.164823404948 586.477966308594 585.79110921224 585.104252115886 584.417395019531 583.847990926107 583.630945841472 583.413900756836 583.196855672201 582.979810587565 582.76276550293 582.545720418295 582.328675333659 581.156340026856 579.665574645997 578.174809265138 576.684043884278 575.193278503419 573.70251312256 572.2117477417 570.417617797853 567.71339416504 565.009170532228 562.304946899415 559.600723266602 556.89649963379 554.192276000978 551.488052368165 551.768098449707 553.042901102702 554.317703755697 555.592506408692 556.867309061686 558.142111714681 559.416914367676 560.821407063802 562.614969889323 564.408532714844
597.243467203776 595.973387993707 594.703308783637 593.433229573568 592.163150363498 590.893071153429 589.84961344401 588.881696234809 587.913779025608 586.945861816406 585.977944607205 585.010027398004 584.042110188802 583.182702975803 582.648825751411 582.114948527019 581.581071302626 581.047194078234 580.513316853842 579.979439629449 579.445562405057 577.939151509604 576.108562723797 574.277973937989 572.447385152182 570.616796366375 568.786207580567 566.95561879476 565.000612725153 562.672354804146 560.344096883139 558.015838962132 555.687581041125 553.359323120118 551.031065199111 548.702807278104 549.161727396647 550.549706861708 551.937686326769 553.32566579183 554.71364525689 556.101624721951 557.489604187012 558.931400553385 560.534647623698 562.137894694011
598.361220296224 597.168115912543 595.975011528863 594.781907145182 593.588802761502 592.395698377821 591.160689290364 589.911711968316 588.662734646267 587.413757324219 586.16478000217 584.915802680122 583.666825358073 582.5174150255 581.66670566135 580.815996297201 579.965286933052 579.114577568902 578.263868204753 577.413158840604 576.562449476455 574.721962992351 572.551550801596 570.381138610841 568.210726420086 566.040314229331 563.869902038575 561.69948984782 559.583607652454 557.631315443252 555.679023234051 553.726731024849 551.774438815648 549.822146606446 547.869854397245 545.917562188043 546.555356343588 548.056512620714 549.557668897841 551.058825174968 552.559981452094 554.061137729221 555.562294006348 557.041394042969 558.454325358073 559.867256673177
599.478973388672 598.36284383138 597.246714274089 596.130584716797 595.014455159505 593.898325602213 592.471765136719 590.941727701823 589.411690266927 587.881652832031 586.351615397136 584.82157796224 583.291540527344 581.852127075196 580.684585571289 579.517044067383 578.349502563477 577.181961059571 576.014419555665 574.846878051759 573.679336547852 571.504774475099 568.994538879396 566.484303283692 563.974067687989 561.463832092286 558.953596496583 556.44336090088 554.166602579754 552.590276082358 551.013949584962 549.437623087566 547.86129659017 546.284970092774 544.708643595379 543.132317097983 543.948985290528 545.56331837972 547.177651468913 548.791984558106 550.406317647298 552.020650736491 553.634983825684 555.151387532552 556.374003092448 557.596618652344
600.59672648112 599.557571750217 598.518417019314 597.479262288411 596.440107557509 595.400952826606 593.782840983073 591.97174343533 590.160645887587 588.349548339844 586.538450792101 584.727353244358 582.916255696615 581.186839124892 579.702465481229 578.218091837566 576.733718193902 575.249344550239 573.764970906576 572.280597262913 570.79622361925 568.287585957846 565.437526957195 562.587467956544 559.737408955893 556.887349955242 554.037290954591 551.18723195394 548.749597507054 547.549236721463 546.348875935873 545.148515150283 543.948154364693 542.747793579102 541.547432793512 540.347072007922 541.342614237468 543.070124138726 544.797634039985 546.525143941244 548.252653842502 549.980163743761 551.70767364502 553.261381022136 554.293680826823 555.325980631511
