data/working_set_collections/6091692-Cassins_Sparrow-MC/2005/bio4.asc
NCOLS 265 
NROWS 230 
XLLCORNER -115.5625 
YLLCORNER 24.8333333333333 
CELLSIZE 0.0833333333333333 
NODATA_value -9999 
[rows 0 to 19 of 230, columns 92 to 137 of 265]
1009.36560533312 1012.32049085829 1015.27537638346 1018.23026190864 1021.18514743381 1017.88232625326 1012.49360283746 1007.10487942166 1001.71615600586 996.327432590062 990.938709174263 985.549985758465 981.042901780871 979.180736117893 977.318570454916 975.456404791938 973.59423912896 971.732073465983 969.869907803006 968.007742140028 969.860325113931 972.951157633463 976.041990152994 979.132822672525 982.223655192056 985.314487711588 988.405320231119 991.168068440755 992.946563720703 994.725059000651 996.503554280599 998.282049560546 1000.06054484049 1001.83904012044 1003.61753540039 1004.98002675374 1006.20385013156 1007.42767350939 1008.65149688721 1009.87532026503 1011.09914364285 1012.32296702067 1011.8028137207 1006.05073038737 1000.29864705404 994.546563720704
1005.23145548503 1007.51836140951 1009.80526733398 1012.09217325846 1014.37907918294 1011.63998413086 1007.22555541992 1002.81112670899 998.396697998048 993.98226928711 989.567840576173 985.153411865235 981.45310719808 979.895174662272 978.337242126465 976.779309590658 975.22137705485 973.663444519043 972.105511983236 970.547579447428 972.195965576171 974.913124593098 977.630283610026 980.347442626953 983.06460164388 985.781760660807 988.498919677734 990.936997477213 992.537831624348 994.138665771484 995.73949991862 997.340334065755 998.94116821289 1000.54200236003 1002.14283650716 1003.64166717529 1005.10649668376 1006.57132619222 1008.03615570068 1009.50098520915 1010.96581471761 1012.43064422607 1012.30194295247 1007.39264933268 1002.48335571289 997.5740620931
1001.09730563694 1002.71623196072 1004.33515828451 1005.95408460829 1007.57301093208 1005.39764200846 1001.95750800239 998.517373996312 995.077239990235 991.637105984159 988.196971978082 984.756837972006 981.863312615289 980.609613206651 979.355913798014 978.102214389377 976.84851498074 975.594815572103 974.341116163466 973.087416754828 974.531606038411 976.875091552733 979.218577067057 981.56206258138 983.905548095702 986.249033610026 988.592519124349 990.705926513672 992.129099527994 993.552272542317 994.97544555664 996.398618570963 997.821791585286 999.244964599609 1000.66813761393 1002.30330759684 1004.00914323595 1005.71497887505 1007.42081451416 1009.12665015327 1010.83248579237 1012.53832143148 1012.80107218425 1008.734568278 1004.66806437175 1000.6015604655
996.963155788846 997.914102511936 998.865049235027 999.815995958117 1000.76694268121 999.155299886069 996.689460584854 994.223621283638 991.757781982423 989.291942681208 986.826103379992 984.360264078776 982.273518032498 981.324051751031 980.374585469564 979.425119188097 978.47565290663 977.526186625163 976.576720343696 975.627254062229 976.86724650065 978.837058512369 980.806870524088 982.776682535807 984.746494547526 986.716306559244 988.686118570963 990.47485555013 991.72036743164 992.965879313151 994.211391194661 995.456903076172 996.702414957682 997.947926839192 999.193438720703 1000.96494801839 1002.91178978814 1004.85863155789 1006.80547332764 1008.75231509738 1010.69915686713 1012.64599863688 1013.30020141602 1010.07648722331 1006.8527730306 1003.62905883789
992.829005940756 993.111973063151 993.394940185547 993.677907307943 993.960874430339 992.912957763673 991.421413167318 989.929868570964 988.43832397461 986.946779378256 985.455234781901 983.963690185547 982.683723449707 982.03849029541 981.393257141113 980.748023986816 980.102790832519 979.457557678223 978.812324523926 978.167091369629 979.20288696289 980.799025472005 982.395163981119 983.991302490234 985.587440999348 987.183579508463 988.779718017578 990.243784586588 991.311635335286 992.379486083984 993.447336832682 994.51518758138 995.583038330078 996.650889078776 997.718739827474 999.626588439941 1001.81443634033 1004.00228424072 1006.19013214111 1008.3779800415 1010.56582794189 1012.75367584228 1013.79933064779 1011.41840616862 1009.03748168945 1006.65655721029
988.694856092666 988.309843614367 987.924831136069 987.53981865777 987.154806179471 986.670615641277 986.153365749784 985.636115858291 985.118865966797 984.601616075304 984.084366183811 983.567116292318 983.093928866916 982.752928839789 982.411928812663 982.070928785536 981.729928758409 981.388928731282 981.047928704156 980.706928677029 981.53852742513 982.76099243164 983.983457438151 985.205922444661 986.428387451171 987.650852457682 988.873317464192 990.012713623047 990.902903238932 991.793092854818 992.683282470703 993.573472086588 994.463661702474 995.353851318359 996.244040934245 998.288228861491 1000.71708289252 1003.14593692356 1005.57479095459 1008.00364498562 1010.43249901666 1012.86135304769 1014.29845987956 1012.76032511393 1011.22219034831 1009.68405558268
985.930075581869 985.166202290853 984.402328999838 983.638455708822 982.874582417806 982.70279490153 982.728369310167 982.753943718804 982.779518127442 982.805092536079 982.830666944716 982.856241353353 982.870822143555 982.85242207845 982.834022013346 982.815621948242 982.797221883138 982.778821818034 982.76042175293 982.742021687825 983.31681060791 984.089329189724 984.861847771539 985.634366353353 986.406884935167 987.179403516981 987.951922098796 988.70612487793 989.405380249024 990.104635620117 990.803890991211 991.503146362305 992.202401733399 992.901657104492 993.600912475586 995.58131052653 997.988756137424 1000.39620174832 1002.80364735921 1005.21109297011 1007.618538581 1010.02598419189 1011.60942908393 1010.72087181939 1009.83231455485 1008.94375729031
984.534664408366 983.681049092611 982.827433776856 981.973818461101 981.120203145345 981.009495544434 981.14642384847 981.283352152506 981.420280456543 981.55720876058 981.694137064616 981.831065368652 982.014403279622 982.336970011393 982.659536743164 982.982103474935 983.304670206706 983.627236938476 983.949803670247 984.272370402018 984.53773651123 984.784035746256 985.030334981283 985.276634216309 985.522933451335 985.769232686361 986.015531921387 986.324018351237 986.81906636556 987.314114379883 987.809162394206 988.304210408529 988.799258422852 989.294306437175 989.789354451498 991.505833435059 993.629456075032 995.753078715006 997.87670135498 1000.00032399495 1002.12394663493 1004.2475692749 1005.73223826091 1005.30004628499 1004.86785430908 1004.43566233317
983.139253234864 982.195895894369 981.252538553874 980.309181213379 979.365823872884 979.316196187337 979.564478386773 979.812760586209 980.061042785645 980.30932498508 980.557607184516 980.805889383952 981.15798441569 981.821517944336 982.485051472982 983.148585001627 983.812118530273 984.475652058919 985.139185587565 985.802719116211 985.75866241455 985.478742302789 985.198822191026 984.918902079264 984.638981967502 984.35906185574 984.079141743978 983.941911824544 984.232752482097 984.523593139649 984.814433797201 985.105274454753 985.396115112305 985.686955769857 985.977796427409 987.430356343588 989.270156012641 991.109955681695 992.949755350749 994.789555019803 996.629354688857 998.469154357911 999.85504743788 999.879220750598 999.903394063314 999.927567376031
981.743842061361 980.710742696127 979.677643330892 978.644543965658 977.611444600423 977.622896830241 977.982532925076 978.342169019911 978.701805114746 979.061441209581 979.421077304416 979.780713399251 980.301565551758 981.306065877278 982.310566202799 983.31506652832 984.319566853841 985.324067179362 986.328567504882 987.333067830403 986.979588317871 986.173448859321 985.36730940077 984.56116994222 983.75503048367 982.94889102512 982.142751566569 981.559805297852 981.646438598633 981.733071899414 981.819705200196 981.906338500977 981.992971801758 982.079605102539 982.166238403321 983.354879252116 984.91085595025 986.466832648383 988.022809346517 989.578786044651 991.134762742784 992.690739440918 993.977856614855 994.4583952162 994.938933817546 995.419472418891
980.348430887859 979.225589497884 978.10274810791 976.979906717937 975.857065327962 975.929597473145 976.400587463379 976.871577453613 977.342567443848 977.813557434082 978.284547424317 978.755537414551 979.445146687825 980.790613810221 982.136080932617 983.481548055013 984.827015177409 986.172482299804 987.5179494222 988.863416544596 988.200514221191 986.868155415853 985.535796610514 984.203437805176 982.871078999838 981.538720194499 980.20636138916 979.177698771159 979.060124715169 978.94255065918 978.82497660319 978.707402547201 978.589828491211 978.472254435222 978.354680379232 979.279402160645 980.551555887858 981.823709615071 983.095863342285 984.368017069499 985.640170796712 986.912324523926 988.10066579183 989.037569681804 989.974473571778 990.911377461751
978.953019714356 977.740436299642 976.527852884929 975.315269470215 974.102686055502 974.236298116048 974.818642001682 975.400985887316 975.983329772949 976.565673658583 977.148017544217 977.73036142985 978.588727823893 980.275161743164 981.961595662435 983.648029581705 985.334463500976 987.020897420247 988.707331339518 990.393765258789 989.421440124512 987.562861972385 985.704283820258 983.845705668132 981.987127516005 980.128549363878 978.269971211752 976.795592244467 976.473810831706 976.152029418946 975.830248006185 975.508466593425 975.186685180665 974.864903767904 974.543122355144 975.203925069174 976.192255825467 977.18058658176 978.168917338054 979.157248094347 980.145578850641 981.133909606934 982.223474968805 983.616744147407 985.01001332601 986.403282504612
979.471392313639 978.404223124186 977.337053934733 976.26988474528 975.202715555826 975.355893961588 975.915854899088 976.475815836588 977.035776774088 977.595737711588 978.155698649088 978.715659586588 979.588643900553 981.400698343912 983.212752787272 985.024807230631 986.83686167399 988.64891611735 990.460970560709 992.273025004068 990.998331197103 988.694721306695 986.391111416287 984.087501525879 981.783891635471 979.480281745063 977.176671854655 975.310973103841 974.75900777181 974.207042439779 973.655077107748 973.103111775717 972.551146443685 971.999181111654 971.447215779623 971.91615041097 972.725385030111 973.534619649251 974.343854268392 975.153088887533 975.962323506673 976.771558125814 977.770918952094 979.340658399794 980.910397847494 982.480137295193
981.90354868571 981.216949971517 980.530351257324 979.843752543131 979.157153828939 979.288385009765 979.692226155599 980.096067301432 980.499908447265 980.903749593099 981.307590738932 981.711431884765 982.444894917805 984.167223612467 985.889552307128 987.61188100179 989.334209696451 991.056538391113 992.778867085774 994.501195780436 992.931187438965 990.263733418783 987.5962793986 984.928825378418 982.261371358236 979.593917338054 976.926463317872 974.723841349284 973.915715535482 973.10758972168 972.299463907878 971.491338094076 970.683212280274 969.875086466472 969.06696065267 969.416078186035 970.15094350179 970.885808817545 971.620674133301 972.355539449056 973.090404764811 973.825270080567 974.742997741699 976.209312438965 977.67562713623 979.141941833496
984.33570505778 984.029676818847 983.723648579915 983.417620340983 983.11159210205 983.220876057942 983.468597412109 983.716318766276 983.964040120442 984.211761474609 984.459482828776 984.707204182942 985.301145935058 986.933748881022 988.566351826985 990.198954772948 991.831557718912 993.464160664876 995.096763610839 996.729366556803 994.864043680827 991.832745530871 988.801447380914 985.770149230957 982.738851081001 979.707552931044 976.676254781088 974.136709594727 973.072423299154 972.008137003581 970.943850708008 969.879564412435 968.815278116862 967.75099182129 966.686705525717 966.9160059611 967.57650197347 968.23699798584 968.89749399821 969.55799001058 970.218486022949 970.878982035319 971.715076531304 973.077966478136 974.440856424968 975.803746371799
986.76786142985 986.842403666178 986.916945902506 986.991488138834 987.066030375162 987.15336710612 987.244968668619 987.336570231119 987.428171793619 987.51977335612 987.61137491862 987.702976481119 988.15739695231 989.700274149576 991.243151346842 992.786028544107 994.328905741373 995.871782938639 997.414660135904 998.95753733317 996.796899922689 993.401757642958 990.006615363227 986.611473083497 983.216330803766 979.821188524035 976.426046244304 973.54957784017 972.229131062826 970.908684285482 969.588237508138 968.267790730795 966.947343953451 965.626897176107 964.306450398764 964.415933736165 965.00206044515 965.588187154134 966.174313863119 966.760440572103 967.346567281087 967.932693990072 968.687155320909 969.946620517307 971.206085713705 972.465550910102
989.20001780192 989.655130513509 990.110243225097 990.565355936686 991.020468648275 991.085858154297 991.02133992513 990.956821695963 990.892303466797 990.82778523763 990.763267008463 990.698748779297 991.013647969563 992.466799418131 993.919950866699 995.373102315266 996.826253763834 998.279405212402 999.732556660969 1001.18570810954 998.729756164551 994.970769755046 991.211783345541 987.452796936036 983.693810526531 979.934824117025 976.17583770752 972.962446085612 971.385838826498 969.809231567383 968.232624308269 966.656017049154 965.07940979004 963.502802530925 961.926195271811 961.915861511231 962.42761891683 962.939376322428 963.451133728027 963.962891133626 964.474648539225 964.986405944824 965.659234110514 966.815274556478 967.971315002442 969.127355448405
991.63217417399 992.467857360839 993.303540547688 994.139223734537 994.974906921386 995.018349202473 994.79771118164 994.577073160807 994.356435139974 994.13579711914 993.915159098307 993.694521077473 993.869898986816 995.233324686686 996.596750386555 997.960176086425 999.323601786295 1000.68702748616 1002.05045318603 1003.4138788859 1000.66261240641 996.539781867134 992.416951327854 988.294120788575 984.171290249296 980.048459710016 975.925629170736 972.375314331055 970.54254659017 968.709778849284 966.877011108399 965.044243367514 963.211475626628 961.378707885743 959.545940144858 959.415789286296 959.853177388509 960.290565490723 960.727953592937 961.16534169515 961.602729797364 962.040117899577 962.63131290012 963.683928595649 964.736544291179 965.789159986708
993.504874165852 994.372592671712 995.240311177571 996.108029683431 996.97574818929 997.109116617838 996.997701687283 996.886286756727 996.774871826172 996.663456895616 996.55204196506 996.440627034505 996.628244866264 997.712960984971 998.797677103678 999.882393222385 1000.96710934109 1002.0518254598 1003.1365415785 1004.22125769721 1001.23426208496 996.890029229059 992.545796373156 988.201563517253 983.857330661351 979.513097805448 975.168864949545 971.420983208551 969.462154812284 967.503326416016 965.544498019749 963.585669623482 961.626841227214 959.668012830947 957.70918443468 957.536473083496 957.959134080675 958.381795077854 958.804456075033 959.227117072211 959.64977806939 960.072439066569 960.648039415147 961.682457817925 962.716876220703 963.751294623481
994.818117777506 995.369336446126 995.920555114746 996.471773783366 997.022992451986 997.358160400391 997.621311442057 997.884462483724 998.14761352539 998.410764567057 998.673915608724 998.93706665039 999.28868560791 999.905708312988 1000.52273101807 1001.13975372314 1001.75677642822 1002.3737991333 1002.99082183838 1003.60784454346 1000.4447052002 996.021511840821 991.598318481446 987.175125122071 982.751931762696 978.328738403321 973.905545043946 970.0994527181 968.144663492839 966.189874267578 964.235085042318 962.280295817058 960.325506591797 958.370717366537 956.415928141277 956.277912902832 956.745488993327 957.213065083822 957.680641174316 958.148217264811 958.615793355306 959.083369445801 959.709413655599 960.810862223307 961.912310791015 963.013759358724
