data/working_set_collections/6091692-Cassins_Sparrow-MC/2005/bio4.asc
NCOLS 265 
NROWS 230 
XLLCORNER -115.5625 
YLLCORNER 24.8333333333333 
CELLSIZE 0.0833333333333333 
NODATA_value -9999 
[rows 180 to 199 of 230, columns 184 to 229 of 265]
649.094211832683 647.488440619575 645.882669406468 643.98191986084 641.982844204374 639.983768547907 637.98469289144 635.985617234973 633.986541578506 631.987465922039 630.290758429634 629.501155429417 628.7115524292 627.921949428983 627.132346428766 626.342743428549 625.553140428332 624.763537428115 623.823120625815 622.832432556153 621.841744486492 620.85105641683 619.860368347169 618.869680277508 617.878992207846 616.613742404515 614.524807400175 612.435872395835 610.346937391495 608.258002387154 606.169067382814 604.080132378474 601.991197374134 600.009015909832 598.062418958878 596.115822007923 594.169225056968 592.222628106013 590.276031155058 588.329434204103 586.298576354982 584.014935811363 581.731295267743 579.447654724123 577.164014180504 574.880373636884
646.334112548829 644.938364664714 643.5426167806 641.667256164552 639.632024637859 637.596793111166 635.561561584473 633.526330057781 631.491098531088 629.455867004395 627.684722391765 626.705838521322 625.72695465088 624.748070780437 623.769186909994 622.790303039552 621.811419169109 620.832535298666 619.712330627442 618.545019022625 617.377707417807 616.210395812989 615.043084208172 613.875772603354 612.708460998536 611.310457356772 609.220377604168 607.130297851564 605.04021809896 602.950138346356 600.860058593751 598.769978841147 596.679899088543 594.580770874025 592.478626505535 590.376482137046 588.274337768556 586.172193400067 584.070049031577 581.967904663087 579.718047587079 577.025052388511 574.332057189943 571.639061991376 568.946066792808 566.25307159424
643.574013264975 642.388288709853 641.202564154732 639.352592468262 637.281205071344 635.209817674426 633.138430277507 631.067042880589 628.995655483671 626.924268086752 625.078686353896 623.910521613228 622.742356872559 621.574192131891 620.406027391223 619.237862650554 618.069697909886 616.901533169217 615.60154062907 614.257605489096 612.913670349122 611.569735209148 610.225800069174 608.8818649292 607.537929789226 606.007172309029 603.915947808161 601.824723307293 599.733498806425 597.642274305557 595.551049804689 593.459825303821 591.368600802953 589.152525838217 586.894834052193 584.637142266169 582.379450480144 580.12175869412 577.864066908096 575.606375122072 573.137518819175 570.035168965659 566.932819112144 563.830469258628 560.728119405113 557.625769551597
640.81391398112 639.838212754992 638.862511528863 637.037928771973 634.93038550483 632.822842237686 630.715298970541 628.607755703397 626.500212436253 624.392669169109 622.472650316027 621.115204705133 619.757759094239 618.400313483345 617.042867872451 615.685422261557 614.327976650663 612.970531039769 611.490750630698 609.970191955568 608.449633280438 606.929074605307 605.408515930177 603.887957255047 602.367398579917 600.703887261286 598.611518012155 596.519148763022 594.42677951389 592.334410264759 590.242041015626 588.149671766495 586.057302517363 583.72428080241 581.311041598851 578.897802395293 576.484563191733 574.071323988175 571.658084784616 569.244845581056 566.556990051272 563.045285542808 559.533581034344 556.021876525881 552.510172017418 548.998467508954
638.053814697266 637.288136800131 636.522458902995 634.723265075684 632.579565938315 630.435866800945 628.292167663575 626.148468526205 624.004769388836 621.861070251466 619.866614278158 618.319887797039 616.773161315919 615.226434834799 613.679708353679 612.132981872559 610.58625539144 609.03952891032 607.379960632325 605.682778422039 603.985596211753 602.288414001466 600.59123179118 598.894049580893 597.196867370607 595.400602213543 593.307088216147 591.213574218751 589.120060221356 587.02654622396 584.933032226564 582.839518229168 580.746004231772 578.296035766603 575.727249145509 573.158462524416 570.589675903322 568.020889282228 565.452102661135 562.883316040041 559.976461283368 556.055402119957 552.134342956545 548.213283793134 544.292224629723 540.371165466311
635.293715413412 634.73806084527 634.182406277127 632.408601379395 630.2287463718 628.048891364205 625.869036356609 623.689181349013 621.509326341418 619.329471333822 617.260578240289 615.524570888944 613.788563537598 612.052556186253 610.316548834908 608.580541483562 606.844534132217 605.108526780871 603.269170633953 601.39536488851 599.521559143068 597.647753397625 595.773947652182 593.90014190674 592.026336161297 590.0973171658 588.00265842014 585.90799967448 583.813340928821 581.718682183161 579.624023437501 577.529364691842 575.434705946182 572.867790730795 570.143456692167 567.419122653539 564.69478861491 561.970454576282 559.246120537654 556.521786499025 553.395932515464 549.065518697105 544.735104878745 540.404691060386 536.074277242027 -9999
632.695726013184 632.238653394912 631.781580776639 629.96638437907 627.698480055068 625.430575731067 623.162671407065 620.894767083063 618.626862759062 616.35895843506 614.181342230904 612.274590386286 610.367838541668 608.46108669705 606.554334852432 604.647583007814 602.740831163196 600.834079318578 598.82491760254 596.781619262697 594.738320922853 592.695022583009 590.651724243166 588.608425903322 586.565127563478 584.484057278105 582.289671156143 580.095285034181 577.90089891222 575.706512790258 573.512126668296 571.317740546334 569.123354424373 566.298228454592 563.262855868872 560.227483283151 557.192110697431 554.15673811171 551.12136552599 548.08599294027 544.669054328074 540.107417636451 535.545780944827 530.984144253204 526.422507561581 521.860870869957
630.259846496583 629.789914449057 629.31998240153 627.396614074708 624.98876698812 622.580919901531 620.173072814942 617.765225728354 615.357378641766 612.949531555177 610.628906250001 608.569946289064 606.510986328126 604.452026367189 602.393066406251 600.334106445314 598.275146484376 596.216186523439 594.047201538087 591.841541544598 589.635881551108 587.430221557618 585.224561564129 583.01890157064 580.81324157715 578.560822550457 576.168126424155 573.775430297853 571.382734171551 568.990038045249 566.597341918947 564.204645792645 561.811949666343 558.58734893799 555.085446675621 551.583544413251 548.081642150881 544.579739888512 541.077837626142 537.575935363772 533.795826721194 529.181098937991 524.566371154788 519.951643371585 515.336915588382 -9999
627.823966979981 627.341175503201 626.858384026422 624.826843770346 622.279053921171 619.731264071995 617.18347422282 614.635684373645 612.08789452447 609.540104675294 607.076470269098 604.865302191841 602.654134114584 600.442966037327 598.231797960071 596.020629882813 593.809461805557 591.5982937283 589.269485473634 586.901463826499 584.533442179363 582.165420532228 579.797398885092 577.429377237957 575.061355590821 572.63758782281 570.046581692167 567.455575561525 564.864569430883 562.27356330024 559.682557169598 557.091551038956 554.500544908313 550.876469421388 546.90803748237 542.939605543351 538.971173604331 535.002741665313 531.034309726294 527.065877787274 522.922599114315 518.254780239532 513.586961364748 508.919142489966 504.251323615183 -9999
625.38808746338 624.892436557347 624.396785651314 622.257073465984 619.569340854222 616.88160824246 614.193875630698 611.506143018936 608.818410407174 606.130677795411 603.524034288196 601.16065809462 598.797281901043 596.433905707467 594.07052951389 591.707153320314 589.343777126738 586.980400933161 584.491769409181 581.9613861084 579.431002807619 576.900619506837 574.370236206056 571.839852905275 569.309469604494 566.714353095163 563.92503696018 561.135720825197 558.346404690215 555.557088555232 552.767772420249 549.978456285267 547.189140150284 543.165589904787 538.730628289119 534.295666673451 529.860705057783 525.425743442114 520.990781826446 516.555820210777 512.049371507436 507.328461541073 502.60755157471 -9999 -9999 -9999
622.952207946778 622.443697611491 621.935187276205 619.687303161622 616.859627787273 614.031952412924 611.204277038575 608.376601664226 605.548926289878 602.721250915528 599.971598307293 597.456013997397 594.940429687501 592.424845377605 589.90926106771 587.393676757814 584.878092447918 582.362508138022 579.714053344728 577.021308390301 574.328563435874 571.635818481447 568.94307352702 566.250328572593 563.557583618165 560.791118367515 557.803492228192 554.815866088869 551.828239949546 548.840613810223 545.8529876709 542.865361531577 539.877735392255 535.454710388186 530.553219095868 525.651727803551 520.750236511233 515.848745218915 510.947253926598 506.04576263428 501.176143900556 496.402142842614 -9999 -9999 -9999 -9999
620.516328430176 619.994958665636 619.473588901096 617.11753285726 614.149914720324 611.182296583389 608.214678446453 605.247060309517 602.279442172582 599.311824035645 596.41916232639 593.751369900175 591.083577473959 588.415785047744 585.747992621529 583.080200195314 580.412407769099 577.744615342883 574.936337280275 572.081230672202 569.226124064129 566.371017456056 563.515910847983 560.66080423991 557.805697631837 554.867883639867 551.681947496204 548.496011352541 545.310075208877 542.124139065215 538.938202921551 535.752266777888 532.566330634225 527.743830871584 522.375809902617 517.007788933651 511.639767964683 506.271746995717 -9999 -9999 -9999 -9999 -9999 -9999 -9999 -9999
618.545300801595 618.01570892334 617.486117045085 615.030478413901 611.932824198406 608.835169982911 605.737515767416 602.639861551922 599.542207336427 596.444553120932 593.416063266331 590.595066494413 587.774069722495 584.953072950576 582.132076178658 579.311079406739 576.490082634821 573.669085862903 570.72935892741 567.750055270726 564.770751614042 561.791447957358 558.812144300674 555.83284064399 552.853536987306 549.75185453627 546.283035702177 542.814216868084 539.345398033992 535.876579199899 532.407760365806 528.938941531713 525.470122697621 520.307502746584 514.580282423234 508.853062099884 503.125841776532 497.398621453182 -9999 -9999 -9999 -9999 -9999 -9999 -9999 -9999
617.039125061036 616.505948384603 615.972771708171 613.426139831544 610.208356221518 606.990572611492 603.772789001466 600.55500539144 597.337221781414 594.119438171388 590.962301127117 587.987103780112 585.011906433107 582.036709086101 579.061511739096 576.086314392091 573.111117045086 570.135919698081 567.093118286134 564.027782185874 560.962446085613 557.897109985353 554.831773885093 551.766437784832 548.701101684572 545.443031056724 541.606756846112 537.7704826355 533.934208424888 530.097934214276 526.261660003664 522.425385793052 518.58911158244 513.145726013186 507.166636657717 501.187547302249 495.20845794678 -9999 -9999 -9999 -9999 -9999 -9999 -9999 -9999 -9999
615.532949320476 614.996187845866 614.459426371257 611.821801249187 608.48388824463 605.145975240073 601.808062235515 598.470149230958 595.132236226401 591.794323221843 588.508538987903 585.379141065811 582.249743143718 579.120345221627 575.990947299535 572.861549377442 569.732151455351 566.602753533259 563.456877644858 560.305509101021 557.154140557185 554.002772013347 550.851403469511 547.700034925674 544.548666381837 541.134207577177 536.930477990046 532.726748402915 528.523018815784 524.319289228653 520.115559641522 515.911830054391 511.70810046726 505.983949279787 499.752990892201 493.522032504614 -9999 -9999 -9999 -9999 -9999 -9999 -9999 -9999 -9999 -9999
614.026773579916 613.486427307129 612.946081034343 610.21746266683 606.759420267742 603.301377868654 599.843335469565 596.385293070476 592.927250671388 589.469208272299 586.054776848688 582.77117835151 579.48757985433 576.203981357152 572.920382859973 569.636784362794 566.353185865616 563.069587368437 559.820637003582 556.583236016169 553.345835028756 550.108434041342 546.87103305393 543.633632066517 540.396231079103 536.825384097631 532.254199133981 527.68301417033 523.111829206681 518.540644243031 513.96945927938 509.39827431573 504.82708935208 498.822172546389 492.339345126685 -9999 -9999 -9999 -9999 -9999 -9999 -9999 -9999 -9999 -9999 -9999
612.520597839356 611.976666768392 611.432735697429 608.613124084473 605.034952290854 601.456780497234 597.878608703614 594.300436909995 590.722265116375 587.144093322755 583.601014709474 580.163215637209 576.725416564943 573.287617492677 569.849818420412 566.412019348146 562.97422027588 559.536421203615 556.184396362306 552.860962931317 549.537529500327 546.214096069337 542.890662638348 539.567229207358 536.243795776369 532.516560618085 527.577920277916 522.639279937746 517.700639597577 512.761999257408 507.823358917238 502.884718577069 497.9460782369 491.660395812991 484.925699361168 -9999 471.456306457522 -9999 -9999 -9999 -9999 -9999 -9999 -9999 -9999 -9999
611.014422098796 610.466906229655 609.919390360515 607.008785502117 603.310484313966 599.612183125815 595.913881937664 592.215580749513 588.517279561362 584.818978373211 581.147252570259 577.555252922907 573.963253275555 570.371253628202 566.77925398085 563.187254333497 559.595254686145 556.003255038793 552.54815572103 549.138689846464 545.729223971898 542.319758097332 538.910292222766 535.5008263482 532.091360473634 528.207737138538 522.90164142185 517.595545705161 512.289449988473 506.983354271785 501.677258555096 496.371162838408 491.06506712172 484.498619079592 477.512053595651 -9999 -9999 -9999 -9999 -9999 -9999 -9999 -9999 -9999 -9999 -9999
607.87097981771 607.426628960504 606.9822781033 604.140408833823 600.499366760255 596.858324686688 593.21728261312 589.576240539552 585.935198465985 582.294156392417 578.641982523602 574.956413269045 571.270844014487 567.58527475993 563.899705505373 560.214136250815 556.528566996258 552.842997741701 549.329564412436 545.873509724936 542.417455037436 538.961400349936 535.505345662436 532.049290974936 528.593236287436 524.559539625382 518.792917039662 513.02629445394 507.259671868221 501.4930492825 495.72642669678 489.959804111059 484.193181525339 477.549651336672 470.613818613691 463.67798589071 -9999 -9999 -9999 -9999 -9999 -9999 -9999 -9999 -9999 -9999
603.090270996095 602.855834960938 602.621398925782 600.007994079591 596.601599629721 593.195205179852 589.788810729982 586.382416280112 582.976021830242 579.569627380372 576.0852045695 572.36669667562 568.648188781739 564.929680887859 561.211172993979 557.492665100099 553.774157206219 550.055649312339 546.528622436525 543.065422566733 539.602222696942 536.139022827149 532.675822957358 529.212623087566 525.749423217775 521.571968078615 515.25174713135 508.931526184084 502.611305236819 496.291084289553 489.970863342287 483.650642395022 477.330421447757 470.813492584231 464.230994415286 -9999 -9999 -9999 -9999 -9999 -9999 -9999 -9999 -9999 -9999 -9999
