data/working_set_collections/6091692-Cassins_Sparrow-MC/2005/bio5.asc
NCOLS 265 
NROWS 230 
XLLCORNER -115.5625 
YLLCORNER 24.8333333333333 
CELLSIZE 0.0833333333333333 
NODATA_value -9999 
[rows 0 to 19 of 230, columns 46 to 91 of 265]
30.8618123531342 30.5057566695744 30.1497009860145 29.7936453024547 29.4375896188949 29.081533935335 28.6119785308839 28.1045898861356 27.5972012413873 27.0898125966391 26.5824239518908 26.0750353071425 25.5676466623943 25.1123449961345 24.8133042653402 24.5142635345459 24.2152228037517 23.9161820729574 23.6171413421631 23.3181006113688 23.0190598805745 23.0467451731363 23.1833391401502 23.3199331071641 23.456527074178 23.5931210411919 23.7297150082058 23.8663089752196 24.2113313886852 25.1816391415065 26.1519468943276 27.1222546471487 28.09256239997 29.0628701527912 30.0331779056123 31.0034856584336 31.6463802973428 32.1801372316147 32.7138941658867 33.2476511001586 33.7814080344305 34.3151649687025 34.8489219029744 35.1443310207792 34.7246966891819 34.3050623575847
30.8923820972443 30.5019982496898 30.1116144021353 29.7212305545808 29.3308467070263 28.9404628594717 28.5023654937745 28.0483636220297 27.5943617502849 27.1403598785401 26.6863580067953 26.2323561350505 25.7783542633057 25.3658570607504 25.0778738657634 24.7898906707764 24.5019074757894 24.2139242808024 23.9259410858155 23.6379578908285 23.3499746958415 23.3952213287353 23.5515445709228 23.7078678131103 23.8641910552978 24.0205142974853 24.1768375396728 24.3331607818603 24.6793669382729 25.5952218373615 26.51107673645 27.4269316355385 28.3427865346272 29.2586414337156 30.1744963328041 31.0903512318928 31.6920152664184 32.1889490127562 32.6858827590942 33.182816505432 33.6797502517699 34.1766839981079 34.6736177444457 34.9482223510743 34.5558395385743 34.1634567260743
30.9229518413544 30.4982398298053 30.073527818256 29.6488158067068 29.2241037951576 28.7993917836084 28.3927524566651 27.9921373579238 27.5915222591824 27.1909071604411 26.7902920616998 26.3896769629585 25.9890618642172 25.6193691253662 25.3424434661865 25.0655178070068 24.7885921478272 24.5116664886474 24.2347408294678 23.9578151702881 23.6808895111084 23.7436974843342 23.9197500016953 24.0958025190565 24.2718550364176 24.4479075537787 24.6239600711398 24.8000125885009 25.1474024878605 26.0088045332165 26.8702065785724 27.7316086239283 28.5930106692843 29.4544127146401 30.315814759996 31.177216805352 31.7376502354939 32.1977607938977 32.6578713523017 33.1179819107055 33.5780924691093 34.0382030275133 34.4983135859171 34.7521136813695 34.3869823879666 34.0218510945639
30.9535215854646 30.4944814099207 30.0354412343768 29.5764010588329 29.117360883289 28.6583207077451 28.2831394195557 27.9359110938179 27.58868276808 27.2414544423422 26.8942261166043 26.5469977908664 26.1997694651286 25.8728811899821 25.6070130666097 25.3411449432373 25.0752768198649 24.8094086964925 24.5435405731201 24.2776724497477 24.0118043263753 24.0921736399332 24.2879554324679 24.4837372250026 24.6795190175374 24.8753008100721 25.0710826026068 25.2668643951415 25.6154380374482 26.4223872290716 27.2293364206948 28.036285612318 28.8432348039414 29.6501839955646 30.4571331871878 31.2640823788112 31.7832852045694 32.2065725750392 32.6298599455091 33.0531473159789 33.4764346864488 33.8997220569186 34.3230094273885 34.5560050116646 34.218125237359 33.8802454630535
30.9840913295747 30.4907229900361 29.9973546504975 29.503986310959 29.0106179714204 28.5172496318818 28.1735263824463 27.879684829712 27.5858432769776 27.2920017242432 26.9981601715088 26.7043186187744 26.4104770660401 26.126393254598 25.8715826670329 25.6167720794678 25.3619614919027 25.1071509043376 24.8523403167725 24.5975297292074 24.3427191416423 24.4406497955322 24.6561608632405 24.8716719309488 25.0871829986572 25.3026940663655 25.5182051340738 25.7337162017822 26.0834735870359 26.8359699249266 27.5884662628172 28.3409626007078 29.0934589385985 29.8459552764891 30.5984516143797 31.3509479522704 31.828920173645 32.2153843561807 32.6018485387166 32.9883127212524 33.3747769037882 33.761241086324 34.1477052688598 34.3598963419597 34.0492680867514 33.738639831543
31.0146610736848 30.4869645701516 29.9592680666182 29.431571563085 28.9038750595518 28.3761785560185 28.063913345337 27.8234585656061 27.5830037858751 27.3425490061442 27.1020942264133 26.8616394466824 26.6211846669515 26.3799053192139 26.136152267456 25.8923992156982 25.6486461639404 25.4048931121826 25.1611400604248 24.917387008667 24.6736339569092 24.7891259511311 25.024366294013 25.259606636895 25.4948469797769 25.7300873226588 25.9653276655408 26.2005680084227 26.5515091366236 27.2495526207817 27.9475961049396 28.6456395890976 29.3436830732556 30.0417265574136 30.7397700415715 31.4378135257296 31.8745551427205 32.2241961373222 32.5738371319241 32.9234781265258 33.2731191211276 33.6227601157294 33.9724011103312 34.1637876722549 33.8804109361437 33.5970342000326
30.932712729772 30.4072073883482 29.8817020469242 29.3561967055004 28.8306913640765 28.3051860226526 28.0160411834717 27.8056831783719 27.5953251732721 27.3849671681722 27.1746091630724 26.9642511579726 26.7538931528727 26.5401298099094 26.3161504533556 26.0921710968018 25.868191740248 25.6442123836941 25.4202330271403 25.1962536705865 24.9722743140327 25.0841053009033 25.3078730689154 25.5316408369276 25.7554086049397 25.9791763729519 26.2029441409641 26.4267119089762 26.7652344120872 27.4480211204952 28.1308078289031 28.813594537311 29.496381245719 30.1791679541269 30.8619546625348 31.5447413709428 31.9547358671823 32.2737996260324 32.5928633848826 32.9119271437326 33.2309909025827 33.5500546614329 33.8691184202829 34.0409367084504 33.7710185845693 33.5011004606883
30.7382462978364 30.251451444626 29.7646565914155 29.277861738205 28.7910668849946 28.3042720317841 28.0299098968506 27.8263586680095 27.6228074391683 27.4192562103272 27.215704981486 27.0121537526449 26.8086025238037 26.6070667266846 26.4115772247315 26.2160877227783 26.0205982208252 25.8251087188721 25.629619216919 25.4341297149658 25.2386402130127 25.3255878448486 25.5066811879475 25.6877745310465 25.8688678741455 26.0499612172444 26.2310545603434 26.4121479034424 26.7246494134266 27.4313754240671 28.1381014347075 28.8448274453479 29.5515534559885 30.2582794666289 30.9650054772693 31.6717314879099 32.0694623470306 32.3641948223113 32.6589272975921 32.9536597728729 33.2483922481536 33.5431247234344 33.8378571987152 33.9913434505463 33.7210910320282 33.4508386135102
30.5437798659008 30.0956955009038 29.6476111359067 29.1995267709097 28.7514424059127 28.3033580409156 28.0437786102295 27.8470341576471 27.6502897050646 27.4535452524821 27.2568007998997 27.0600563473172 26.8633118947347 26.6740036434598 26.5070039961073 26.3400043487549 26.1730047014025 26.00600505405 25.8390054066976 25.6720057593452 25.5050061119927 25.5670703887939 25.7054893069797 25.8439082251654 25.9823271433512 26.120746061537 26.2591649797227 26.3975838979085 26.6840644147659 27.414729727639 28.145395040512 28.8760603533849 29.606725666258 30.3373909791309 31.0680562920039 31.7987216048769 32.1841888268788 32.4545900185902 32.7249912103017 32.9953924020131 33.2657935937245 33.536194785436 33.8065959771474 33.9417501926423 33.6711634794871 33.400576766332
30.3493134339651 29.9399395571816 29.5305656803979 29.1211918036144 28.7118179268308 28.3024440500472 28.0576473236084 27.8677096472847 27.6777719709608 27.4878342946371 27.2978966183133 27.1079589419895 26.9180212656657 26.7409405602349 26.6024307674832 26.4639209747315 26.3254111819797 26.186901389228 26.0483915964762 25.9098818037245 25.7713720109728 25.8085529327392 25.9042974260118 26.0000419192844 26.0957864125569 26.1915309058295 26.2872753991021 26.3830198923747 26.6434794161053 27.3980840312109 28.1526886463164 28.9072932614219 29.6618978765275 30.416502491633 31.1711071067384 31.925711721844 32.298915306727 32.5449852148691 32.7910551230112 33.0371250311533 33.2831949392954 33.5292648474375 33.7753347555796 33.8921569347382 33.621235926946 33.3503149191539
30.1548470020295 29.7841836134594 29.4135202248892 29.042856836319 28.6721934477489 28.3015300591787 28.0715160369873 27.8883851369222 27.7052542368571 27.522123336792 27.3389924367269 27.1558615366618 26.9727306365967 26.8078774770101 26.6978575388591 26.587837600708 26.477817662557 26.3677977244059 26.2577777862549 26.1477578481038 26.0377379099528 26.0500354766845 26.1031055450439 26.1561756134033 26.2092456817627 26.2623157501221 26.3153858184814 26.3684558868408 26.6028944174447 27.3814383347828 28.1599822521208 28.9385261694588 29.717070086797 30.495614004135 31.274157921473 32.0527018388111 32.4136417865753 32.635380411148 32.8571190357208 33.0788576602935 33.3005962848663 33.5223349094391 33.7440735340118 33.8425636768342 33.5713083744049 33.3000530719758
29.9603805700939 29.6284276697372 29.2964747693804 28.9645218690237 28.632568968667 28.3006160683102 28.0853847503662 27.9090606265598 27.7327365027534 27.556412378947 27.3800882551405 27.2037641313341 27.0274400075277 26.8748143937853 26.7932843102349 26.7117542266846 26.6302241431342 26.5486940595839 26.4671639760335 26.3856338924832 26.3041038089328 26.2915180206298 26.301913664076 26.3123093075222 26.3227049509684 26.3331005944146 26.3434962378608 26.353891881307 26.5623094187841 27.3647926383547 28.1672758579253 28.9697590774958 29.7722422970665 30.574725516637 31.3772087362076 32.1796919557782 32.5283682664235 32.7257756074269 32.9231829484304 33.1205902894338 33.3179976304372 33.5154049714406 33.712812312444 33.7929704189301 33.5213808218639 33.2497912247976
29.8846508026124 29.5657716115316 29.2468924204509 28.9280132293702 28.6091340382895 28.2902548472087 28.0820860544841 27.9108207278782 27.7395554012723 27.5682900746664 27.3970247480605 27.2257594214546 27.0544940948487 26.918449529012 26.8880672454834 26.8576849619547 26.8273026784261 26.7969203948974 26.7665381113688 26.7361558278401 26.7057735443115 26.6849498748779 26.6673124101426 26.6496749454074 26.6320374806721 26.6144000159369 26.5967625512017 26.5791250864664 26.7575235843656 27.5240299701689 28.2905363559721 29.0570427417753 29.8235491275786 30.5900555133818 31.356561899185 32.1230682849883 32.4503261884054 32.6311679310269 32.8120096736484 32.9928514162699 33.1736931588915 33.354534901513 33.5353766441345 33.6093317243789 33.3626268174914 33.1159219106039
29.927657699585 29.5962154388429 29.2647731781006 28.9333309173585 28.6018886566163 28.2704463958741 28.0616199493409 27.8936654408773 27.7257109324138 27.5577564239502 27.3898019154867 27.2218474070231 27.0538928985596 26.9387828826904 26.9822063446045 27.0256298065185 27.0690532684326 27.1124767303466 27.1559001922607 27.1993236541748 27.2427471160888 27.2303310394287 27.1993017832438 27.1682725270589 27.137243270874 27.1062140146891 27.0751847585042 27.0441555023193 27.1885369141895 27.8591503302255 28.5297637462615 29.2003771622974 29.8709905783335 30.5416039943694 31.2122174104053 31.8828308264414 32.1795155525207 32.3515573819478 32.5235992113749 32.695641040802 32.8676828702291 33.0397246996562 33.2117665290832 33.2916475931804 33.0950463612875 32.8984451293946
29.9706645965577 29.626659266154 29.2826539357504 28.9386486053467 28.5946432749431 28.2506379445394 28.0411538441976 27.8765101538764 27.7118664635552 27.5472227732341 27.3825790829129 27.2179353925917 27.0532917022705 26.9591162363688 27.0763454437256 27.1935746510823 27.3108038584391 27.4280330657958 27.5452622731526 27.6624914805093 27.7797206878661 27.7757122039794 27.7312911563449 27.6868701087103 27.6424490610758 27.5980280134412 27.5536069658067 27.5091859181721 27.6195502440133 28.1942706902821 28.7689911365508 29.3437115828195 29.9184320290883 30.493152475357 31.0678729216257 31.6425933678945 31.9087049166362 32.0719468328688 32.2351887491015 32.3984306653341 32.5616725815667 32.7249144977994 32.888156414032 32.973963461982 32.8274659050836 32.6809683481853
30.0136714935303 29.6571030934652 29.3005346934001 28.943966293335 28.5873978932699 28.2308294932048 28.0206877390544 27.8593548668756 27.6980219946967 27.5366891225179 27.3753562503391 27.2140233781603 27.0526905059815 26.9794495900471 27.1704845428466 27.3615194956461 27.5525544484456 27.7435894012451 27.9346243540445 28.125659306844 28.3166942596435 28.3210933685302 28.263280529446 28.2054676903618 28.1476548512776 28.0898420121934 28.0320291731092 27.974216334025 28.0505635738371 28.5293910503387 29.0082185268401 29.4870460033415 29.9658734798431 30.4447009563445 30.923528432846 31.4023559093475 31.6378942807515 31.7923362837897 31.946778286828 32.1012202898661 32.2556622929043 32.4101042959425 32.5645462989807 32.6562793307835 32.5598854488797 32.4634915669759
30.056678390503 29.6875469207764 29.3184154510498 28.9492839813233 28.5801525115968 28.2110210418702 28.0002216339112 27.8421995798747 27.6841775258382 27.5261554718018 27.3681334177653 27.2101113637289 27.0520893096924 26.9997829437255 27.2646236419677 27.5294643402099 27.7943050384521 28.0591457366943 28.3239864349364 28.5888271331786 28.8536678314208 28.866474533081 28.7952699025472 28.7240652720133 28.6528606414795 28.5816560109456 28.5104513804118 28.4392467498779 28.481576903661 28.8645114103952 29.2474459171294 29.6303804238636 30.0133149305979 30.3962494373321 30.7791839440663 31.1621184508006 31.3670836448669 31.5127257347107 31.6583678245545 31.8040099143982 31.9496520042419 32.0952940940857 32.2409361839294 32.338595199585 32.2923049926758 32.2460147857666
30.0996852874756 29.7179907480877 29.3362962086996 28.9546016693116 28.5729071299236 28.1912125905355 27.9797555287679 27.8250442928738 27.6703330569797 27.5156218210856 27.3609105851916 27.2061993492974 27.0514881134033 27.0201162974039 27.3587627410888 27.6974091847737 28.0360556284585 28.3747020721435 28.7133485158283 29.0519949595132 29.3906414031981 29.4118556976318 29.3272592756483 29.2426628536648 29.1580664316813 29.0734700096978 28.9888735877142 28.9042771657307 28.9125902334848 29.1996317704518 29.4866733074187 29.7737148443857 30.0607563813527 30.3477979183197 30.6348394552866 30.9218809922536 31.0962730089824 31.2331151856317 31.369957362281 31.5067995389303 31.6436417155796 31.7804838922289 31.9173260688782 32.0209110683865 32.0247245364719 32.0285380045573
30.2005746205648 29.817663107978 29.4347515953912 29.0518400828044 28.6689285702176 28.2860170576308 28.0835351308187 27.9411963992649 27.798857667711 27.6565189361572 27.5141802046034 27.3718414730496 27.2295027414958 27.2148806677923 27.5834085676404 27.9519364674885 28.3204643673366 28.6889922671847 29.0575201670328 29.4260480668808 29.794575966729 29.8261653900146 29.7454419877794 29.6647185855441 29.5839951833089 29.5032717810737 29.4225483788384 29.3418249766032 29.3358381907144 29.5540612538655 29.7722843170165 29.9905073801676 30.2087304433186 30.4269535064697 30.6451765696207 30.8633996327718 31.0128114064534 31.1392860836452 31.2657607608371 31.3922354380289 31.5187101152208 31.6451847924126 31.7716594696045 31.8728028032515 31.8979521062639 31.9231014092763
30.3593463897706 29.9865640004477 29.6137816111247 29.2409992218018 28.8682168324789 28.495434443156 28.3115604400635 28.1906558990479 28.0697513580322 27.9488468170166 27.827942276001 27.7070377349853 27.5861331939697 27.5840760548908 27.9385611216226 28.2930461883544 28.6475312550862 29.002016321818 29.3565013885497 29.7109864552815 30.0654715220133 30.1094036102295 30.0498180389404 29.9902324676513 29.9306468963623 29.8710613250732 29.8114757537842 29.7518901824951 29.7513207753499 29.9277998606363 30.1042789459228 30.2807580312092 30.4572371164957 30.6337162017822 30.8101952870686 30.9866743723551 31.1166988372802 31.2312384287516 31.345778020223 31.4603176116943 31.5748572031657 31.689396794637 31.8039363861084 31.8942704041799 31.9119877020518 31.9297049999237
