data/working_set_collections/6091692-Cassins_Sparrow-MC/2005/bio5.asc
NCOLS 265 
NROWS 230 
XLLCORNER -115.5625 
YLLCORNER 24.8333333333333 
CELLSIZE 0.0833333333333333 
NODATA_value -9999 
[rows 40 to 59 of 230, columns 184 to 229 of 265]
33.9538887023926 33.9092445373535 33.8646003723144 33.8037170410156 33.7374206542969 33.6711242675781 33.6048278808594 33.5385314941406 33.4722351074219 33.4059387207031 33.3514671325684 33.3324699401855 33.3134727478027 33.2944755554199 33.2754783630371 33.2564811706543 33.2374839782715 33.2184867858887 33.2212577819824 33.2312848409017 33.241311899821 33.2513389587402 33.2613660176595 33.2713930765788 33.281420135498 33.2907473246256 33.2979749043783 33.3052024841309 33.3124300638835 33.3196576436361 33.3268852233887 33.3341128031413 33.3413403828939 33.388835144043 33.4497522989909 33.5106694539388 33.5715866088867 33.6325037638346 33.6934209187825 33.7543380737305 33.8082590738932 33.8411916097005 33.8741241455078 33.9070566813151 33.9399892171224 33.9729217529297
34.0365165710449 33.9881824917263 33.9398484124078 33.8747975667318 33.8041744656033 33.7335513644748 33.6629282633464 33.5923051622179 33.5216820610894 33.4510589599609 33.3920685662164 33.3679762946235 33.3438840230306 33.3197917514377 33.2956994798448 33.271607208252 33.2475149366591 33.2234226650662 33.226538848877 33.2387245178223 33.2509101867676 33.2630958557129 33.2752815246582 33.2874671936035 33.2996528625488 33.3100373162164 33.3150181240506 33.3199989318848 33.324979739719 33.3299605475532 33.3349413553874 33.3399221632216 33.3449029710558 33.384401957194 33.4354070027669 33.4864120483398 33.5374170939128 33.5884221394857 33.6394271850586 33.6904322306315 33.7362962510851 33.7667371961806 33.797178141276 33.8276190863715 33.858060031467 33.8885009765625
34.1325375874837 34.0807041592068 34.0288707309299 33.9608640034993 33.8874661763509 33.8140683492025 33.740670522054 33.6672726949056 33.5938748677572 33.5204770406087 33.458410305447 33.4303368462457 33.4022633870443 33.3741899278429 33.3461164686415 33.3180430094401 33.2899695502387 33.2618960910373 33.2623769124349 33.2723758273654 33.282374742296 33.2923736572266 33.3023725721571 33.3123714870877 33.3223704020182 33.330690934923 33.3339763217502 33.3372617085775 33.3405470954047 33.343832482232 33.3471178690592 33.3504032558865 33.3536886427138 33.3859079996745 33.4277720133463 33.4696360270182 33.5115000406901 33.553364054362 33.5952280680338 33.6370920817057 33.6743622673882 33.6978509691026 33.7213396708171 33.7448283725315 33.7683170742459 33.7918057759603
34.241951751709 34.1868095397949 34.1316673278809 34.0619163513184 33.9872957865397 33.9126752217611 33.8380546569824 33.7634340922038 33.6888135274251 33.6141929626465 33.5504923502604 33.5195515950521 33.4886108398437 33.4576700846354 33.4267293294271 33.3957885742187 33.3648478190104 33.3339070638021 33.3287719726562 33.3322387695312 33.3357055664062 33.3391723632812 33.3426391601562 33.3461059570312 33.3495727539062 33.3527081807454 33.3548494974772 33.356990814209 33.3591321309408 33.3612734476725 33.3634147644043 33.3655560811361 33.3676973978678 33.3933532714844 33.4268473307292 33.460341389974 33.4938354492188 33.5273295084635 33.5608235677083 33.5943176269531 33.6224571228027 33.6345329284668 33.6466087341309 33.6586845397949 33.670760345459 33.6828361511231
34.3513659159342 34.292914920383 34.2344639248318 34.1629686991374 34.0871253967285 34.0112820943197 33.9354387919108 33.859595489502 33.7837521870931 33.7079088846842 33.6425743950738 33.6087663438585 33.5749582926432 33.5411502414279 33.5073421902127 33.4735341389974 33.4397260877821 33.4059180365668 33.3951670328776 33.392101711697 33.3890363905165 33.3859710693359 33.3829057481554 33.3798404269748 33.3767751057943 33.3747254265679 33.3757226732042 33.3767199198405 33.3777171664768 33.3787144131131 33.3797116597493 33.3807089063856 33.3817061530219 33.4007985432943 33.425922648112 33.4510467529297 33.4761708577474 33.5012949625651 33.5264190673828 33.5515431722005 33.5705519782172 33.571214887831 33.5718777974447 33.5725407070584 33.5732036166721 33.5738665262858
34.4607800801595 34.3990203009711 34.3372605217828 34.2640210469564 34.1869550069173 34.1098889668783 34.0328229268392 33.9557568868001 33.8786908467611 33.801624806722 33.7346564398872 33.6979810926649 33.6613057454427 33.6246303982205 33.5879550509983 33.551279703776 33.5146043565538 33.4779290093316 33.461562093099 33.4519646538628 33.4423672146267 33.4327697753906 33.4231723361545 33.4135748969184 33.4039774576823 33.3967426723904 33.3965958489312 33.396449025472 33.3963022020128 33.3961553785536 33.3960085550944 33.3958617316352 33.395714908176 33.4082438151042 33.4249979654948 33.4417521158854 33.458506266276 33.4752604166667 33.4920145670573 33.5087687174479 33.5186468336317 33.5078968471951 33.4971468607585 33.4863968743218 33.4756468878852 33.4648969014486
34.5701942443848 34.5051256815592 34.4400571187337 34.3650733947754 34.2867846171061 34.2084958394369 34.1302070617676 34.0519182840983 33.973629506429 33.8953407287598 33.8267384847005 33.7871958414714 33.7476531982422 33.708110555013 33.6685679117839 33.6290252685547 33.5894826253255 33.5499399820964 33.5279571533203 33.5118275960286 33.495698038737 33.4795684814453 33.4634389241536 33.447309366862 33.4311798095703 33.4187599182129 33.4174690246582 33.4161781311035 33.4148872375488 33.4135963439941 33.4123054504394 33.4110145568848 33.4097236633301 33.4156890869141 33.4240732828776 33.4324574788411 33.4408416748047 33.4492258707682 33.4576100667318 33.4659942626953 33.4667416890462 33.4445788065593 33.4224159240723 33.4002530415853 33.3780901590983 33.3559272766114
34.67960840861 34.6112310621474 34.5428537156847 34.4661257425944 34.3866142272949 34.3071027119954 34.227591196696 34.1480796813965 34.068568166097 33.9890566507975 33.9188205295139 33.8764105902778 33.8340006510417 33.7915907118056 33.7491807725694 33.7067708333333 33.6643608940972 33.6219509548611 33.5943522135417 33.5716905381944 33.5490288628472 33.5263671875 33.5037055121528 33.4810438368056 33.4583821614583 33.4407771640354 33.4383422003852 33.435907236735 33.4334722730849 33.4310373094347 33.4286023457845 33.4261673821343 33.4237324184842 33.423134358724 33.4231486002604 33.4231628417969 33.4231770833333 33.4231913248698 33.4232055664063 33.4232198079427 33.4148365444607 33.3812607659234 33.3476849873861 33.3141092088488 33.2805334303114 33.2469576517741
34.7311882019043 34.6640383402507 34.596888478597 34.5248906453451 34.4512768215603 34.3776629977756 34.3040491739909 34.2304353502062 34.1568215264215 34.0832077026367 34.0178594801161 33.9773080613878 33.9367566426595 33.8962052239312 33.8556538052029 33.8151023864746 33.7745509677463 33.733999549018 33.7043083190918 33.6782371520996 33.6521659851074 33.6260948181152 33.600023651123 33.5739524841308 33.5478813171387 33.527129957411 33.522338019477 33.517546081543 33.5127541436089 33.5079622056749 33.5031702677409 33.4983783298068 33.4935863918728 33.4818557739258 33.4678122626411 33.4537687513563 33.4397252400716 33.4256817287869 33.4116382175022 33.3975947062174 33.3757909986708 33.3307067023383 33.2856224060059 33.2405381096734 33.195453813341 33.1503695170085
34.7249336242676 34.6635475158692 34.6021614074707 34.5413681030274 34.4807723999023 34.4201766967774 34.3595809936523 34.2989852905273 34.2383895874024 34.1777938842773 34.1238553365072 34.0898882548014 34.0559211730957 34.02195409139 33.9879870096842 33.9540199279785 33.9200528462728 33.886085764567 33.8578254699707 33.8314674377441 33.8051094055176 33.778751373291 33.7523933410644 33.7260353088379 33.6996772766113 33.6778182983398 33.6694564819336 33.6610946655273 33.6527328491211 33.6443710327148 33.6360092163086 33.6276473999023 33.6192855834961 33.5918533325195 33.5580642700195 33.5242752075195 33.4904861450195 33.4566970825195 33.4229080200195 33.3891189575195 33.3496050516765 33.2929166158041 33.2362281799317 33.1795397440593 33.1228513081869 33.0661628723145
34.7186790466309 34.6630566914876 34.6074343363444 34.5578455607096 34.5102679782444 34.4626903957791 34.4151128133138 34.3675352308485 34.3199576483833 34.272380065918 34.2298511928982 34.202468448215 34.1750857035319 34.1477029588487 34.1203202141656 34.0929374694824 34.0655547247992 34.0381719801161 34.0113426208496 33.9846977233887 33.9580528259277 33.9314079284668 33.9047630310058 33.8781181335449 33.851473236084 33.8285066392686 33.8165749443902 33.8046432495117 33.7927115546332 33.7807798597548 33.7688481648763 33.7569164699978 33.7449847751193 33.7018508911133 33.648316277398 33.5947816636827 33.5412470499675 33.4877124362522 33.4341778225369 33.3806432088216 33.3234191046821 33.2551265292698 33.1868339538574 33.1185413784451 33.0502488030328 32.9819562276205
34.7124244689942 34.6625658671061 34.6127072652181 34.5743230183919 34.5397635565864 34.5052040947808 34.4706446329753 34.4360851711697 34.4015257093642 34.3669662475586 34.3358470492893 34.3150486416287 34.2942502339681 34.2734518263075 34.2526534186469 34.2318550109863 34.2110566033257 34.1902581956651 34.1648597717285 34.1379280090332 34.1109962463379 34.0840644836426 34.0571327209473 34.0302009582519 34.0032691955566 33.9791949801975 33.9636934068468 33.9481918334961 33.9326902601454 33.9171886867947 33.901687113444 33.8861855400933 33.8706839667426 33.811848449707 33.7385682847765 33.6652881198459 33.5920079549154 33.5187277899848 33.4454476250543 33.3721674601237 33.2972331576877 33.2173364427355 33.1374397277832 33.057543012831 32.9776462978787 32.8977495829265
34.7061698913574 34.6620750427246 34.6179801940918 34.5908004760742 34.5692591349284 34.5477177937826 34.5261764526367 34.5046351114909 34.483093770345 34.4615524291992 34.4418429056803 34.4276288350423 34.4134147644043 34.3992006937663 34.3849866231282 34.3707725524902 34.3565584818522 34.3423444112142 34.3183769226074 34.2911582946777 34.263939666748 34.2367210388183 34.2095024108887 34.182283782959 34.1550651550293 34.1298833211263 34.1108118693034 34.0917404174805 34.0726689656575 34.0535975138346 34.0345260620117 34.0154546101888 33.9963831583659 33.9218460083008 33.828820292155 33.7357945760091 33.6427688598633 33.5497431437175 33.4567174275716 33.3636917114258 33.2710472106934 33.1795463562012 33.088045501709 32.9965446472168 32.9050437927246 32.8135429382325
34.6999153137207 34.6615842183431 34.6232531229655 34.6072779337565 34.5987547132704 34.5902314927843 34.5817082722982 34.5731850518121 34.564661831326 34.5561386108398 34.5478387620714 34.5402090284559 34.5325792948405 34.524949561225 34.5173198276096 34.5096900939941 34.5020603603787 34.4944306267632 34.4718940734863 34.4443885803222 34.4168830871582 34.3893775939941 34.3618721008301 34.334366607666 34.3068611145019 34.2805716620551 34.25793033176 34.2352890014648 34.2126476711697 34.1900063408746 34.1673650105794 34.1447236802843 34.1220823499891 34.0318435668945 33.9190722995334 33.8063010321723 33.6935297648112 33.5807584974501 33.467987230089 33.3552159627279 33.244861263699 33.1417562696669 33.0386512756348 32.9355462816027 32.8324412875706 32.7293362935384
34.6996587117513 34.6650144788954 34.6303702460395 34.6196207682292 34.6168362087674 34.6140516493056 34.6112670898438 34.608482530382 34.6056979709201 34.6029134114583 34.5996873643663 34.5951368543837 34.590586344401 34.5860358344184 34.5814853244358 34.5769348144531 34.5723843044705 34.5678337944879 34.5475758870443 34.5220821804471 34.4965884738498 34.4710947672526 34.4456010606554 34.4201073540582 34.3946136474609 34.3697970920139 34.3470119900174 34.3242268880208 34.3014417860243 34.2786566840278 34.2558715820312 34.2330864800347 34.2103013780382 34.109095509847 33.9817493862576 33.8544032626682 33.7270571390788 33.5997110154894 33.4723648919 33.3450187683106 33.2229566786025 33.1167466905382 33.010536702474 32.9043267144097 32.7981167263455 32.6919067382813
34.7054000854492 34.6723658243815 34.6393315633138 34.6278289794922 34.6235036214193 34.6191782633463 34.6148529052734 34.6105275472005 34.6062021891276 34.6018768310547 34.5973887125651 34.5924123128255 34.5874359130859 34.5824595133464 34.5774831136068 34.5725067138672 34.5675303141276 34.562553914388 34.5454223632812 34.5242390950521 34.5030558268229 34.4818725585938 34.4606892903646 34.4395060221354 34.4183227539063 34.3975596110026 34.3780568440755 34.3585540771484 34.3390513102214 34.3195485432943 34.3000457763672 34.2805430094401 34.261040242513 34.1536018371582 34.0168515523275 33.8801012674968 33.743350982666 33.6066006978353 33.4698504130046 33.3331001281739 33.2053334554037 33.1045176188151 33.0037017822266 32.902885945638 32.8020701090495 32.701254272461
34.7111414591471 34.6797171698676 34.6482928805881 34.6360371907552 34.6301710340712 34.6243048773872 34.6184387207031 34.6125725640191 34.6067064073351 34.600840250651 34.5950900607639 34.5896877712674 34.5842854817708 34.5788831922743 34.5734809027778 34.5680786132813 34.5626763237847 34.5572740342882 34.5432688395182 34.5263960096571 34.509523179796 34.4926503499349 34.4757775200738 34.4589046902127 34.4420318603516 34.4253221299913 34.4091016981337 34.392881266276 34.3766608344184 34.3604404025608 34.3442199707031 34.3279995388455 34.3117791069878 34.1981081644694 34.0519537183974 33.9057992723253 33.7596448262533 33.6134903801812 33.4673359341092 33.3211814880371 33.1877102322049 33.092288547092 32.9968668619792 32.9014451768663 32.8060234917535 32.7106018066406
34.7168828328451 34.6870685153537 34.6572541978624 34.6442454020182 34.6368384467231 34.629431491428 34.6220245361328 34.6146175808377 34.6072106255425 34.5998036702474 34.5927914089627 34.5869632297092 34.5811350504557 34.5753068712023 34.5694786919488 34.5636505126953 34.5578223334418 34.5519941541884 34.5411153157552 34.5285529242622 34.5159905327691 34.503428141276 34.490865749783 34.4783033582899 34.4657409667969 34.45308464898 34.4401465521918 34.4272084554036 34.4142703586154 34.4013322618273 34.3883941650391 34.3754560682509 34.3625179714627 34.2426144917806 34.0870558844673 33.9314972771539 33.7759386698405 33.6203800625272 33.4648214552138 33.3092628479004 33.1700870090061 33.080059475369 32.9900319417318 32.9000044080946 32.8099768744575 32.7199493408203
34.722624206543 34.6944198608399 34.6662155151367 34.6524536132813 34.643505859375 34.6345581054687 34.6256103515625 34.6166625976563 34.60771484375 34.5987670898438 34.5904927571615 34.584238688151 34.5779846191406 34.5717305501302 34.5654764811198 34.5592224121094 34.552968343099 34.5467142740885 34.5389617919922 34.5307098388672 34.5224578857422 34.5142059326172 34.5059539794922 34.4977020263672 34.4894500732422 34.4808471679687 34.47119140625 34.4615356445312 34.4518798828125 34.4422241210938 34.432568359375 34.4229125976562 34.4132568359375 34.2871208190918 34.1221580505371 33.9571952819825 33.7922325134278 33.6272697448731 33.4623069763184 33.2973442077637 33.1524637858073 33.0678304036459 32.9831970214844 32.8985636393229 32.8139302571615 32.729296875
34.7283655802409 34.701771206326 34.675176832411 34.6606618245443 34.6501732720269 34.6396847195095 34.6291961669922 34.6187076144748 34.6082190619575 34.5977305094401 34.5881941053602 34.5815141465929 34.5748341878255 34.5681542290582 34.5614742702908 34.5547943115234 34.5481143527561 34.5414343939887 34.5368082682292 34.5328667534722 34.5289252387153 34.5249837239583 34.5210422092014 34.5171006944444 34.5131591796875 34.5086096869575 34.5022362603082 34.4958628336588 34.4894894070095 34.4831159803602 34.4767425537109 34.4703691270616 34.4639957004123 34.331627146403 34.157260216607 33.982893286811 33.808526357015 33.634159427219 33.459792497423 33.285425567627 33.1348405626085 33.0556013319228 32.976362101237 32.8971228705512 32.8178836398655 32.7386444091797
