data/working_set_collections/6091692-Cassins_Sparrow-MC/2005/bio5.asc
NCOLS 265 
NROWS 230 
XLLCORNER -115.5625 
YLLCORNER 24.8333333333333 
CELLSIZE 0.0833333333333333 
NODATA_value -9999 
[rows 180 to 199 of 230, columns 92 to 137 of 265]
30.0676652272543 29.9358404795329 29.8040157318116 29.6721909840902 29.5403662363689 29.5697477976481 29.652864795261 29.7359817928738 29.8190987904867 29.9022157880995 29.9853327857123 30.0684497833252 30.2232786178588 30.5932429631551 30.9632073084513 31.3331716537475 31.7031359990437 32.0731003443399 32.4430646896361 32.8130290349324 33.2134747823079 33.6240809970431 34.0346872117784 34.4452934265136 34.8558996412488 35.2665058559841 35.6771120707193 35.9894173516168 36.0068198310004 36.0242223103841 36.0416247897678 36.0590272691515 36.0764297485352 36.0938322279189 36.1112347073025 36.0257746378581 35.9060270521376 35.7862794664172 35.6665318806967 35.5467842949762 35.4270367092557 35.3072891235352 35.2476927015517 35.3685497707791 35.4894068400065 35.610263909234
29.9842734018962 29.8409638722738 29.6976543426514 29.554344813029 29.4110352834066 29.4469379425049 29.5425779978434 29.638218053182 29.7338581085205 29.829498163859 29.9251382191976 30.0207782745361 30.1869779586791 30.5648565292358 30.9427350997924 31.320613670349 31.6984922409057 32.0763708114623 32.454249382019 32.8321279525756 33.2262855529784 33.6258694966633 34.0254534403483 34.4250373840331 34.824621327718 35.224205271403 35.6237892150878 35.9268346150716 35.9402643839518 35.953694152832 35.9671239217122 35.9805536905925 35.9939834594727 36.0074132283529 36.0208429972331 35.9279739379883 35.7996719360352 35.6713699340821 35.543067932129 35.4147659301758 35.2864639282227 35.1581619262696 35.0882024129232 35.1932703653971 35.2983383178711 35.4034062703451
29.9008815765381 29.7460872650147 29.5912929534913 29.4364986419678 29.2817043304444 29.3241280873617 29.4322912004259 29.5404543134901 29.6486174265544 29.7567805396186 29.8649436526828 29.9731067657471 30.1506772994994 30.5364700953165 30.9222628911336 31.3080556869506 31.6938484827677 32.0796412785847 32.4654340744018 32.8512268702189 33.239096323649 33.6276579962835 34.0162196689181 34.4047813415527 34.7933430141872 35.1819046868218 35.5704663594563 35.8642518785265 35.8737089369032 35.88316599528 35.8926230536567 35.9020801120334 35.9115371704102 35.9209942287869 35.9304512871636 35.8301732381185 35.6933168199328 35.556460401747 35.4196039835612 35.2827475653755 35.1458911471897 35.009034729004 34.9287121242947 35.0179909600152 35.1072697957357 35.1965486314562
29.8174897511801 29.6512106577556 29.4849315643311 29.3186524709066 29.1523733774821 29.2013182322184 29.3220044030083 29.4426905737983 29.5633767445882 29.6840629153781 29.8047490861681 29.925435256958 30.1143766403197 30.5080836613973 30.9017906824747 31.2954977035522 31.6892047246297 32.0829117457071 32.4766187667846 32.8703257878621 33.2519070943196 33.6294464959038 34.006985897488 34.3845252990722 34.7620647006564 35.1396041022406 35.5171435038248 35.8016691419813 35.8071534898546 35.8126378377279 35.8181221856011 35.8236065334744 35.8290908813477 35.8345752292209 35.8400595770942 35.7323725382487 35.5869617038303 35.441550869412 35.2961400349935 35.1507292005751 35.0053183661568 34.8599075317383 34.7692218356663 34.8427115546333 34.9162012736003 34.9896909925673
29.734097925822 29.5563340504965 29.3785701751709 29.2008062998454 29.0230424245199 29.0785083770752 29.2117176055908 29.3449268341064 29.4781360626221 29.6113452911377 29.7445545196533 29.8777637481689 30.07807598114 30.479697227478 30.8813184738159 31.2829397201537 31.6845609664917 32.0861822128295 32.4878034591674 32.8894247055053 33.2647178649902 33.631234995524 33.9977521260579 34.3642692565917 34.7307863871256 35.0973035176595 35.4638206481933 35.7390864054362 35.740598042806 35.7421096801758 35.7436213175456 35.7451329549154 35.7466445922852 35.748156229655 35.7496678670248 35.6345718383789 35.4806065877279 35.3266413370769 35.1726760864258 35.0187108357748 34.8647455851238 34.7107803344727 34.6097315470378 34.6674321492513 34.7251327514649 34.7828333536784
29.6507061004639 29.4614574432373 29.2722087860108 29.0829601287842 28.8937114715577 28.955698521932 29.1014308081733 29.2471630944146 29.3928953806559 29.5386276668972 29.6843599531386 29.8300922393799 30.0417753219604 30.4513107935587 30.860846265157 31.2703817367553 31.6799172083536 32.0894526799519 32.4989881515502 32.9085236231486 33.2775286356608 33.6330234951442 33.9885183546278 34.3440132141113 34.6995080735948 35.0550029330783 35.4104977925618 35.6765036688911 35.6740425957574 35.6715815226237 35.66912044949 35.6666593763563 35.6641983032227 35.661737230089 35.6592761569553 35.5367711385092 35.3742514716255 35.2117318047418 35.0492121378581 34.8866924709744 34.7241728040908 34.5616531372071 34.4502412584093 34.4921527438694 34.5340642293294 34.5759757147895
29.5853124406603 29.3781211429172 29.1709298451742 28.9637385474312 28.7565472496881 28.8270053863525 28.9900133344862 29.1530212826199 29.3160292307536 29.4790371788872 29.6420451270209 29.8050530751546 30.0318324406941 30.4499260584513 30.8680196762084 31.2861132939656 31.7042069117228 32.1223005294799 32.540394147237 32.9584877649942 33.3189687093098 33.6602454291449 34.00152214898 34.342798868815 34.6840755886501 35.0253523084852 35.3666290283203 35.6217888726129 35.6185980902778 35.6154073079427 35.6122165256076 35.6090257432726 35.6058349609375 35.6026441786024 35.5994533962674 35.475461324056 35.3112021552192 35.1469429863824 34.9826838175456 34.8184246487088 34.654165479872 34.4899063110352 34.374818166097 34.4072430928548 34.4396680196126 34.4720929463704
29.5379169464112 29.3063251495362 29.0747333526612 28.8431415557862 28.6115497589112 28.6924289703369 28.8774651845296 29.0625013987223 29.247537612915 29.4325738271077 29.6176100413004 29.8026462554931 30.0482473373412 30.4755430221557 30.9028387069701 31.3301343917846 31.7574300765991 32.1847257614135 32.6120214462279 33.0393171310424 33.3890380859374 33.712900797526 34.0367635091145 34.3606262207031 34.6844889322916 35.0083516438802 35.3322143554687 35.5749420166016 35.5742645263672 35.5735870361328 35.5729095458984 35.5722320556641 35.5715545654297 35.5708770751953 35.5701995849609 35.4506423950196 35.2914586385092 35.1322748819987 34.9730911254883 34.8139073689779 34.6547236124675 34.4955398559571 34.3834622701009 34.4127031962077 34.4419441223145 34.4711850484212
29.4905214521621 29.2345291561551 28.9785368601482 28.7225445641412 28.4665522681343 28.5578525543213 28.764917034573 28.9719815148248 29.1790459950765 29.3861104753282 29.59317495558 29.8002394358317 30.0646622339883 30.5011599858601 30.9376577377319 31.3741554896036 31.8106532414754 32.2471509933471 32.6836487452188 33.1201464970906 33.459107462565 33.765556165907 34.0720048692491 34.3784535725911 34.6849022759331 34.9913509792751 35.2977996826171 35.5280951605903 35.5299309624566 35.5317667643229 35.5336025661892 35.5354383680556 35.5372741699219 35.5391099717882 35.5409457736545 35.4258234659831 35.2717151217991 35.1176067776151 34.963498433431 34.809390089247 34.655281745063 34.5011734008789 34.3921063741048 34.4181632995605 34.4442202250163 34.470277150472
29.4431259579129 29.162733162774 28.8823403676352 28.6019475724963 28.3215547773574 28.4232761383057 28.6523688846164 28.8814616309272 29.1105543772379 29.3396471235487 29.5687398698595 29.7978326161702 30.0810771306355 30.5267769495646 30.9724767684936 31.4181765874226 31.8638764063517 32.3095762252807 32.7552760442097 33.2009758631388 33.5291768391926 33.8182115342881 34.1072462293836 34.3962809244791 34.6853156195746 34.9743503146701 35.2633850097656 35.481248304579 35.485597398546 35.489946492513 35.49429558648 35.4986446804471 35.5029937744141 35.5073428683811 35.5116919623481 35.4010045369467 35.251971605089 35.1029386732314 34.9539057413737 34.8048728095161 34.6558398776585 34.5068069458008 34.4007504781087 34.4236234029134 34.4464963277181 34.4693692525228
29.3957304636638 29.090937169393 28.7861438751221 28.4813505808513 28.1765572865805 28.28869972229 28.5398207346598 28.7909417470296 29.0420627593994 29.2931837717692 29.544304784139 29.7954257965087 30.0974920272826 30.552393913269 31.0072957992553 31.4621976852416 31.917099571228 32.3720014572143 32.8269033432006 33.2818052291869 33.5992462158203 33.8708669026692 34.1424875895182 34.4141082763671 34.6857289632161 34.9573496500651 35.228970336914 35.4344014485677 35.4412638346354 35.4481262207031 35.4549886067708 35.4618509928385 35.4687133789063 35.475575764974 35.4824381510417 35.3761856079102 35.2322280883789 35.0882705688477 34.9443130493164 34.8003555297852 34.6563980102539 34.5124404907227 34.4093945821126 34.4290835062663 34.4487724304199 34.4684613545736
29.3483349694147 29.0191411760119 28.6899473826091 28.3607535892064 28.0315597958036 28.1541233062744 28.4272725847032 28.700421863132 28.9735711415608 29.2467204199896 29.5198696984185 29.7930189768473 30.1139069239297 30.5780108769734 31.042114830017 31.5062187830606 31.9703227361043 32.4344266891479 32.8985306421915 33.3626345952351 33.6693155924479 33.9235222710503 34.1777289496527 34.4319356282552 34.6861423068576 34.94034898546 35.1945556640625 35.3875545925564 35.3969302707248 35.4063059488932 35.4156816270616 35.42505730523 35.4344329833984 35.4438086615668 35.4531843397352 35.3513666788737 35.2124845716689 35.073602464464 34.9347203572591 34.7958382500543 34.6569561428494 34.5180740356446 34.4180386861165 34.4345436096191 34.4510485331217 34.4675534566243
29.4510023699867 29.0986101521386 28.7462179342906 28.3938257164426 28.0414334985945 28.1530859629312 28.4194199879963 28.6857540130615 28.9520880381266 29.2184220631917 29.4847560882568 29.7510901133219 30.068455060323 30.5389127731323 31.0093704859415 31.4798281987507 31.95028591156 32.4207436243692 32.8912013371785 33.3616590499878 33.6612327575683 33.9038451300727 34.146457502577 34.3890698750814 34.6316822475857 34.8742946200901 35.1169069925944 35.3017478095161 35.3132739596897 35.3248001098633 35.3363262600369 35.3478524102105 35.3593785603841 35.3709047105577 35.3824308607314 35.2846654256185 35.1504694620769 35.0162734985352 34.8820775349935 34.7478815714519 34.6136856079102 34.4794896443685 34.3830622355143 34.3999404907227 34.416818745931 34.4336970011393
29.7037326653799 29.3293440977732 28.9549555301667 28.5805669625601 28.2061783949534 28.2855876922607 28.5162629445393 28.746938196818 28.9776134490966 29.2082887013753 29.438963953654 29.6696392059326 29.9611364364623 30.4350996017456 30.9090627670287 31.3830259323119 31.8569890975952 32.3309522628784 32.8049154281615 33.2788785934448 33.5749977111816 33.8118354797363 34.048673248291 34.2855110168457 34.5223487854004 34.7591865539551 34.9960243225097 35.1769810994466 35.19029490153 35.2036087036133 35.2169225056966 35.23023630778 35.2435501098633 35.2568639119466 35.27017771403 35.1760818481446 35.0461827596029 34.9162836710613 34.7863845825196 34.6564854939779 34.5265864054362 34.3966873168946 34.304465230306 34.3252741495768 34.3460830688477 34.3668919881185
29.9564629607731 29.5600780434079 29.1636931260427 28.7673082086776 28.3709232913123 28.4180894215901 28.6131059010823 28.8081223805745 29.0031388600667 29.1981553395589 29.3931718190511 29.5881882985433 29.8538178126016 30.3312864303588 30.808755048116 31.2862236658731 31.7636922836303 32.2411609013875 32.7186295191446 33.1960981369018 33.4887626647949 33.7198258293999 33.950888994005 34.18195215861 34.413015323215 34.6440784878201 34.8751416524251 35.0522143893772 35.0673158433702 35.0824172973633 35.0975187513563 35.1126202053494 35.1277216593425 35.1428231133355 35.1579245673286 35.0674982706706 34.941896057129 34.8162938435873 34.6906916300456 34.565089416504 34.4394872029623 34.3138849894206 34.2258682250977 34.250607808431 34.2753473917643 34.3000869750977
30.2091932561663 29.7908119890425 29.3724307219188 28.954049454795 28.5356681876713 28.5505911509195 28.7099488576253 28.869306564331 29.0286642710367 29.1880219777425 29.3473796844482 29.506737391154 29.746499188741 30.2274732589721 30.7084473292032 31.1894213994343 31.6703954696655 32.1513695398966 32.6323436101277 33.1133176803588 33.4025276184082 33.6278161790636 33.853104739719 34.0783933003743 34.3036818610297 34.5289704216851 34.7542589823405 34.9274476793077 34.9443367852105 34.9612258911133 34.9781149970161 34.9950041029189 35.0118932088216 35.0287823147244 35.0456714206272 34.9589146931967 34.837609354655 34.7163040161133 34.5949986775717 34.47369333903 34.3523880004883 34.2310826619467 34.1472712198893 34.1759414672852 34.204611714681 34.2332819620768
30.4619235515595 30.0215459346771 29.5811683177948 29.1407907009125 28.7004130840302 28.683092880249 28.8067918141682 28.9304907480875 29.0541896820068 29.1778886159261 29.3015875498454 29.4252864837646 29.6391805648803 30.1236600875854 30.6081396102905 31.0926191329955 31.5770986557006 32.0615781784057 32.5460577011107 33.0305372238159 33.3162925720215 33.5358065287272 33.7553204854329 33.9748344421387 34.1943483988444 34.4138623555501 34.6333763122558 34.8026809692383 34.8213577270508 34.8400344848633 34.8587112426758 34.8773880004883 34.8960647583008 34.9147415161133 34.9334182739258 34.8503311157227 34.733322652181 34.6163141886394 34.4993057250977 34.382297261556 34.2652887980144 34.1482803344727 34.068674214681 34.1012751261393 34.1338760375977 34.166476949056
30.7146538469527 30.2522798803118 29.7899059136709 29.32753194703 28.8651579803891 28.8155946095784 28.9036347707112 28.9916749318441 29.0797150929769 29.1677552541097 29.2557954152425 29.3438355763753 29.5318619410196 30.0198469161987 30.5078318913777 30.9958168665567 31.4838018417358 31.9717868169148 32.4597717920938 32.9477567672729 33.2300575256347 33.4437968783908 33.6575362311469 33.871275583903 34.085014936659 34.2987542894151 34.5124936421712 34.6779142591689 34.6983786688911 34.7188430786133 34.7393074883355 34.7597718980577 34.78023630778 34.8007007175022 34.8211651272244 34.7417475382487 34.6290359497071 34.5163243611654 34.4036127726237 34.2909011840821 34.1781895955404 34.0654780069987 33.9900772094727 34.0266087849935 34.0631403605143 34.0996719360352
31.0492947684394 30.5765692604912 30.1038437525431 29.631118244595 29.1583927366468 29.0639225006103 29.095537355211 29.1271522098117 29.1587670644124 29.1903819190131 29.2219967736138 29.2536116282145 29.3973985301123 29.8777015739017 30.358004617691 30.8383076614803 31.3186107052697 31.798913749059 32.2792167928483 32.7595198366377 33.0357697963715 33.24400206142 33.4522343264686 33.6604665915172 33.8686988565657 34.0769311216143 34.2851633866628 34.4500345865886 34.4848225911459 34.5196105957032 34.5543986002605 34.5891866048177 34.623974609375 34.6587626139323 34.6935506184896 34.6299570719401 34.5335696750217 34.4371822781033 34.3407948811849 34.2444074842665 34.1480200873481 34.0516326904297 33.990766398112 34.0364634195963 34.0821604410807 34.1278574625651
31.4658463160197 30.9944140752156 30.5229818344116 30.0515495936076 29.5801173528035 29.4280765533447 29.3824995676676 29.3369225819905 29.2913455963135 29.2457686106364 29.2001916249593 29.1546146392823 29.2357903321583 29.6972240606944 30.1586577892303 30.6200915177662 31.0815252463023 31.5429589748382 32.0043927033742 32.4658264319102 32.7334293842316 32.9364220778147 33.1394147713979 33.3424074649811 33.5454001585643 33.7483928521475 33.9513855457306 34.1190419514974 34.1806894938151 34.2423370361329 34.3039845784505 34.3656321207683 34.427279663086 34.4889272054037 34.5505747477214 34.5149597167969 34.446923828125 34.3788879394532 34.3108520507813 34.2428161621094 34.1747802734375 34.1067443847656 34.0707417805989 34.1308390299479 34.1909362792968 34.2510335286458
