data/working_set_collections/6091692-Cassins_Sparrow-MC/2005/bio5.asc
NCOLS 265 
NROWS 230 
XLLCORNER -115.5625 
YLLCORNER 24.8333333333333 
CELLSIZE 0.0833333333333333 
NODATA_value -9999 
[rows 140 to 159 of 230, columns 46 to 91 of 265]
39.5438209533692 39.4039205763076 39.2640201992459 39.1241198221843 38.9842194451227 38.844319068061 38.5731267293295 38.2581704033747 37.9432140774198 37.6282577514649 37.3133014255101 36.9983450995552 36.6833887736003 36.4246256510417 36.3344421386719 36.2442586263021 36.1540751139323 36.0638916015625 35.9737080891927 35.8835245768229 35.7933410644531 35.7851783752441 35.8043559604221 35.8235335456 35.842711130778 35.861888715956 35.8810663011339 35.9002438863119 35.8928875393338 35.8059293958876 35.7189712524414 35.6320131089953 35.5450549655491 35.4580968221029 35.3711386786567 35.2841805352105 35.2361653645833 35.2011311848958 35.1660970052083 35.1310628255208 35.0960286458333 35.0609944661458 35.0259602864583 35.0299279954698 35.1509013705783 35.2718747456868
39.2370933532715 39.1048379686144 38.9725825839573 38.8403271993002 38.7080718146431 38.5758164299859 38.3264185587566 38.0379731920031 37.7495278252496 37.4610824584962 37.1726370917427 36.8841917249892 36.5957463582357 36.3589345296224 36.2770233154297 36.195112101237 36.1132008870443 36.0312896728516 35.9493784586589 35.8674672444662 35.7855560302735 35.7597618103027 35.7526732550727 35.7455846998427 35.7384961446126 35.7314075893826 35.7243190341526 35.7172304789225 35.6991789076064 35.6482382880317 35.597297668457 35.5463570488824 35.4954164293077 35.4444758097331 35.3935351901584 35.3425945705838 35.3249338785807 35.3183664957682 35.3117991129557 35.3052317301432 35.2986643473307 35.2920969645182 35.2855295817057 35.3077815585666 35.4164916144477 35.5252016703287
38.9303657531739 38.8057553609213 38.6811449686687 38.5565345764161 38.4319241841635 38.3073137919109 38.0797103881837 37.8177759806316 37.5558415730795 37.2939071655274 37.0319727579753 36.7700383504232 36.5081039428712 36.2932434082032 36.2196044921875 36.1459655761719 36.0723266601563 35.9986877441406 35.925048828125 35.8514099121094 35.7777709960938 35.7343452453613 35.7009905497233 35.6676358540853 35.6342811584473 35.6009264628093 35.5675717671713 35.5342170715332 35.5054702758789 35.4905471801758 35.4756240844727 35.4607009887696 35.4457778930664 35.4308547973633 35.4159317016602 35.401008605957 35.4137023925781 35.4356018066406 35.4575012207031 35.4794006347656 35.5013000488281 35.5231994628906 35.5450988769531 35.5856351216633 35.682081858317 35.7785285949706
38.6236381530762 38.5066727532282 38.38970735338 38.272741953532 38.1557765536839 38.0388111538358 37.8330022176108 37.5975787692601 37.3621553209093 37.1267318725587 36.891308424208 36.6558849758572 36.4204615275066 36.2275522867839 36.1621856689453 36.0968190511068 36.0314524332683 35.9660858154297 35.9007191975912 35.8353525797526 35.7699859619141 35.7089286804199 35.6493078443739 35.5896870083279 35.5300661722819 35.4704453362359 35.4108245001899 35.3512036641439 35.3117616441515 35.3328560723199 35.3539505004883 35.3750449286567 35.3961393568251 35.4172337849935 35.4383282131619 35.4594226413303 35.5024709065755 35.552837117513 35.6032033284505 35.653569539388 35.7039357503255 35.754301961263 35.8046681722005 35.8634886847601 35.9476721021864 36.0318555196126
38.3823361714681 38.2626255459256 38.1429149203831 38.0232042948405 37.903493669298 37.7837830437555 37.5908587137859 37.3735298156739 37.1562009175619 36.9388720194499 36.721543121338 36.504214223226 36.286885325114 36.1103502909343 36.0561968485515 36.0020434061686 35.9478899637858 35.893736521403 35.8395830790202 35.7854296366374 35.7312761942546 35.6702163696289 35.606854417589 35.5434924655491 35.4801305135091 35.4167685614692 35.3534066094293 35.2900446573893 35.2492700364854 35.2762574089898 35.3032447814941 35.3302321539985 35.3572195265028 35.3842068990072 35.4111942715115 35.4381816440159 35.4978240966797 35.5683515760634 35.638879055447 35.7094065348307 35.7799340142144 35.8504614935981 35.9209889729818 35.9942712571886 36.0758179558648 36.157364654541
38.2064598083497 38.0736137390137 37.9407676696778 37.8079216003419 37.6750755310059 37.54222946167 37.3532798767091 37.1456291198731 36.9379783630372 36.7303276062013 36.5226768493653 36.3150260925294 36.1073753356934 35.9416374206543 35.9016380310059 35.8616386413575 35.821639251709 35.7816398620606 35.7416404724121 35.7016410827637 35.6616416931153 35.6182083129883 35.5736302693685 35.5290522257487 35.4844741821289 35.4398961385091 35.3953180948893 35.3507400512695 35.3179954528808 35.3207511901855 35.3235069274902 35.3262626647949 35.3290184020996 35.3317741394043 35.334529876709 35.3372856140137 35.3997619628906 35.4821451822917 35.5645284016927 35.6469116210937 35.7292948404948 35.8116780598958 35.8940612792969 35.9779828389485 36.0665194193522 36.1550559997558
38.0305834452312 37.8846019321018 37.7386204189725 37.5926389058432 37.4466573927138 37.3006758795845 37.1157010396322 36.9177284240723 36.7197558085124 36.5217831929525 36.3238105773926 36.1258379618327 35.9278653462728 35.7729245503744 35.7470792134603 35.7212338765462 35.6953885396322 35.6695432027181 35.6436978658041 35.61785252889 35.5920071919759 35.5662002563477 35.540406121148 35.5146119859484 35.4888178507487 35.463023715549 35.4372295803494 35.4114354451497 35.3867208692763 35.3652449713813 35.3437690734863 35.3222931755914 35.3008172776964 35.2793413798014 35.2578654819065 35.2363895840115 35.3016998291016 35.39593878852 35.4901777479384 35.5844167073568 35.6786556667752 35.7728946261936 35.867133585612 35.9616944207085 36.0572208828396 36.1527473449707
37.8547070821127 37.69559012519 37.5364731682672 37.3773562113444 37.2182392544217 37.059122297499 36.8781222025554 36.6898277282716 36.5015332539877 36.3132387797038 36.12494430542 35.9366498311361 35.7483553568523 35.6042116800944 35.5925203959147 35.580829111735 35.5691378275554 35.5574465433757 35.545755259196 35.5340639750163 35.5223726908366 35.514192199707 35.5071819729275 35.500171746148 35.4931615193685 35.486151292589 35.4791410658095 35.4721308390299 35.4554462856717 35.409738752577 35.3640312194824 35.3183236863878 35.2726161532932 35.2269086201986 35.181201087104 35.1354935540093 35.2036376953125 35.3097323947482 35.415827094184 35.5219217936198 35.6280164930555 35.7341111924913 35.8402058919271 35.9454060024685 36.047922346327 36.1504386901855
37.6788307189942 37.5065783182781 37.3343259175619 37.1620735168458 36.9898211161296 36.8175687154135 36.6405433654786 36.4619270324708 36.2833106994629 36.1046943664551 35.9260780334473 35.7474617004395 35.5688453674317 35.4354988098145 35.4379615783692 35.4404243469239 35.4428871154785 35.4453498840332 35.4478126525879 35.4502754211426 35.4527381896973 35.4621841430664 35.473957824707 35.4857315063477 35.4975051879883 35.5092788696289 35.5210525512695 35.5328262329101 35.5241717020671 35.4542325337728 35.3842933654785 35.3143541971843 35.24441502889 35.1744758605957 35.1045366923015 35.0345975240072 35.1055755615234 35.2235260009766 35.3414764404297 35.4594268798828 35.5773773193359 35.6953277587891 35.8132781982422 35.9291175842285 36.0386238098144 36.1481300354004
37.5029543558757 37.3175665113662 37.1321786668566 36.9467908223471 36.7614029778375 36.576015133328 36.4029645284018 36.23402633667 36.0650881449382 35.8961499532064 35.7272117614747 35.5582735697429 35.3893353780111 35.2667859395345 35.2834027608236 35.3000195821126 35.3166364034017 35.3332532246908 35.3498700459798 35.3664868672689 35.383103688558 35.4101760864258 35.4407336764865 35.4712912665473 35.5018488566081 35.5324064466688 35.5629640367296 35.5935216267904 35.5928971184625 35.4987263149685 35.4045555114746 35.3103847079807 35.2162139044868 35.1220431009929 35.0278722974989 34.933701494005 35.0075134277344 35.1373196072048 35.2671257866753 35.3969319661458 35.5267381456163 35.6565443250868 35.7863505045573 35.9128291659885 36.0293252733019 36.1458213806152
37.5113502502441 37.3181492275662 37.1249482048882 36.9317471822103 36.7385461595323 36.5453451368544 36.3661898295085 36.1917164272732 36.017243025038 35.8427696228027 35.6682962205675 35.4938228183323 35.319349416097 35.1936667548285 35.2143563164605 35.2350458780924 35.2557354397244 35.2764250013563 35.2971145629883 35.3178041246202 35.3384936862522 35.3789970397949 35.4261049906413 35.4732129414876 35.520320892334 35.5674288431803 35.6145367940267 35.661644744873 35.6694012959798 35.5591036478678 35.4488059997559 35.3385083516439 35.2282107035319 35.1179130554199 35.007615407308 34.897317759196 34.9662101745605 35.094832611084 35.2234550476074 35.3520774841308 35.4806999206543 35.6093223571777 35.7379447937012 35.8643768310547 35.9842376708984 36.1040985107422
37.7040184020996 37.5083264668783 37.3126345316569 37.1169425964355 36.9212506612142 36.7255587259928 36.5302192687988 36.3349973042806 36.1397753397624 35.9445533752442 35.7493314107259 35.5541094462077 35.3588874816895 35.2161412556966 35.2308222452799 35.2455032348633 35.2601842244466 35.2748652140299 35.2895462036133 35.3042271931966 35.31890818278 35.3686470031738 35.4300717671712 35.4914965311686 35.552921295166 35.6143460591634 35.6757708231608 35.7371955871582 35.7536842346192 35.6353645324707 35.5170448303223 35.3987251281738 35.2804054260254 35.162085723877 35.0437660217285 34.9254463195801 34.9816658020019 35.0960650126139 35.2104642232259 35.3248634338379 35.4392626444499 35.5536618550618 35.6680610656738 35.7837605794271 35.9033610026042 36.0229614257812
37.8966865539551 37.6985037061903 37.5003208584256 37.3021380106608 37.1039551628961 36.9057723151313 36.6942487080892 36.478278181288 36.2623076544868 36.0463371276856 35.8303666008844 35.6143960740831 35.3984255472819 35.2386157565647 35.2472881740994 35.2559605916341 35.2646330091688 35.2733054267036 35.2819778442383 35.290650261773 35.2993226793077 35.3582969665527 35.4340385437012 35.5097801208496 35.585521697998 35.6612632751465 35.7370048522949 35.8127464294433 35.8379671732585 35.7116254170736 35.5852836608887 35.4589419047038 35.3326001485189 35.206258392334 35.0799166361491 34.9535748799642 34.9971214294433 35.0972974141439 35.1974733988444 35.2976493835449 35.3978253682454 35.498001352946 35.5981773376465 35.7031443277995 35.8224843343099 35.9418243408203
38.0893547058105 37.8886809455024 37.6880071851942 37.4873334248861 37.2866596645779 37.0859859042697 36.8582781473796 36.6215590582954 36.3848399692112 36.148120880127 35.9114017910428 35.6746827019586 35.4379636128744 35.2610902574327 35.2637541029188 35.2664179484049 35.2690817938911 35.2717456393772 35.2744094848633 35.2770733303494 35.2797371758355 35.3479469299316 35.4380053202311 35.5280637105306 35.6181221008301 35.7081804911295 35.798238881429 35.8882972717285 35.9222501118978 35.7878863016764 35.6535224914551 35.5191586812337 35.3847948710124 35.250431060791 35.1160672505697 34.9817034403483 35.0125770568847 35.0985298156738 35.1844825744629 35.2704353332519 35.356388092041 35.4423408508301 35.5282936096191 35.6225280761719 35.7416076660156 35.8606872558594
38.282022857666 38.0788581848145 37.8756935119629 37.6725288391113 37.4693641662598 37.2661994934082 37.0223075866699 36.7648399353028 36.5073722839356 36.2499046325684 35.9924369812012 35.734969329834 35.4775016784668 35.2835647583008 35.2802200317383 35.2768753051758 35.2735305786133 35.2701858520508 35.2668411254883 35.2634963989258 35.2601516723633 35.3375968933105 35.441972096761 35.5463473002116 35.6507225036621 35.7550977071126 35.8594729105631 35.9638481140136 36.0065330505371 35.8641471862793 35.7217613220215 35.5793754577637 35.4369895935059 35.2946037292481 35.1522178649903 35.0098320007324 35.0280326843262 35.0997622172038 35.1714917500814 35.243221282959 35.3149508158366 35.3866803487142 35.4584098815918 35.5419118245443 35.6607309977214 35.7795501708984
38.4746910095215 38.2690354241265 38.0633798387315 37.8577242533366 37.6520686679416 37.4464130825467 37.1863370259603 36.9081208123102 36.62990459866 36.3516883850098 36.0734721713596 35.7952559577094 35.5170397440593 35.3060392591688 35.2966859605577 35.2873326619466 35.2779793633355 35.2686260647244 35.2592727661133 35.2499194675022 35.2405661688911 35.3272468566894 35.445938873291 35.5646308898926 35.6833229064941 35.8020149230957 35.9207069396972 36.0393989562988 36.0908159891765 35.9404080708822 35.7900001525879 35.6395922342936 35.4891843159994 35.3387763977051 35.1883684794108 35.0379605611166 35.0434883117676 35.1009946187337 35.1585009256999 35.216007232666 35.2735135396322 35.3310198465983 35.3885261535645 35.4612955729167 35.5798543294271 35.6984130859375
38.6403002421061 38.4431197272407 38.2459392123752 38.0487586975098 37.8515781826443 37.6543976677788 37.3892468770345 37.1014393276639 36.8136317782932 36.5258242289225 36.2380166795519 35.9502091301812 35.6624015808105 35.4431550767686 35.4295917087131 35.4160283406575 35.402464972602 35.3889016045464 35.3753382364908 35.3617748684353 35.3482115003797 35.4288169860839 35.5408120897081 35.6528071933322 35.7648022969563 35.8767974005805 35.9887925042046 36.1007876078287 36.1422939724393 35.9723341200087 35.8023742675782 35.6324144151476 35.4624545627171 35.2924947102865 35.122534857856 34.9525750054254 34.9452448527019 34.9921245998807 35.0390043470595 35.0858840942383 35.1327638414171 35.179643588596 35.2265233357748 35.2943605211046 35.4250700208876 35.5557795206706
38.7788505554199 38.6011110941569 38.4233716328939 38.2456321716309 38.0678927103678 37.8901532491048 37.6310371398926 37.344795481364 37.0585538228353 36.7723121643066 36.486070505778 36.1998288472493 35.9135871887207 35.6949122111002 35.6789372762044 35.6629623413085 35.6469874064127 35.6310124715169 35.6150375366211 35.5990626017252 35.5830876668294 35.6423072814941 35.7265917460123 35.8108762105306 35.8951606750488 35.979445139567 36.0637296040853 36.1480140686035 36.1609670003256 35.9599253336589 35.7588836669922 35.5578420003256 35.3568003336589 35.1557586669922 34.9547170003256 34.7536753336589 34.7333023071289 34.7731521606446 34.8130020141602 34.8528518676758 34.8927017211914 34.9325515747071 34.9724014282227 35.0411066691081 35.1963780721029 35.3516494750977
38.9174008687337 38.7591024610731 38.6008040534125 38.442505645752 38.2842072380914 38.1259088304308 37.8728274027507 37.588151635064 37.3034758673774 37.0188000996908 36.7341243320042 36.4494485643175 36.1647727966309 35.9466693454318 35.9282828436957 35.9098963419596 35.8915098402235 35.8731233384874 35.8547368367513 35.8363503350152 35.817963833279 35.8557975769043 35.9123714023166 35.9689452277289 36.0255190531412 36.0820928785536 36.1386667039659 36.1952405293782 36.1796400282119 35.9475165473091 35.7153930664063 35.4832695855035 35.2511461046007 35.019022623698 34.7868991427952 34.5547756618924 34.521359761556 34.5541797214084 34.5869996812609 34.6198196411133 34.6526396009657 34.6854595608182 34.7182795206706 34.7878528171115 34.9676861233182 35.1475194295247
39.0559511820475 38.9170938279894 38.7782364739312 38.639379119873 38.5005217658149 38.3616644117567 38.1146176656087 37.8315077887641 37.5483979119195 37.2652880350749 36.9821781582303 36.6990682813856 36.415958404541 36.1984264797634 36.177628411187 36.1568303426106 36.1360322740342 36.1152342054579 36.0944361368815 36.0736380683051 36.0528399997287 36.0692878723144 36.0981510586208 36.1270142449273 36.1558774312337 36.1847406175401 36.2136038038466 36.242466990153 36.1983130560981 35.9351077609592 35.6719024658204 35.4086971706815 35.1454918755426 34.8822865804037 34.6190812852648 34.3558759901259 34.3094172159831 34.3352072821723 34.3609973483616 34.3867874145508 34.4125774807401 34.4383675469293 34.4641576131185 34.534598965115 34.7389941745334 34.9433893839518
