data/working_set_collections/6091692-Cassins_Sparrow-MC/2005/bio6.asc
NCOLS 265 
NROWS 230 
XLLCORNER -115.5625 
YLLCORNER 24.8333333333333 
CELLSIZE 0.0833333333333333 
NODATA_value -9999 
[rows 120 to 139 of 230, columns 220 to 263 of 265]
0.796941399574258 0.846231696340748 0.895521993107238 0.944812289873736 0.985885559187976 1.00230774614544 1.01872993310291 1.03515212006037 1.05157430701784 1.0679964939753 1.08441868093277 1.10084086789023 1.13100537359712 1.16575065222049 1.20049593084386 1.23524120946723 1.2699864880906 1.30473176671397 1.33947704533734 1.37243187493746 1.40001535746784 1.42759883999823 1.45518232252861 1.48276580505899 1.51034928758937 1.53793277011975 1.56551625265013 1.58326620856919 1.59773832228447 1.61221043599975 1.62668254971503 1.6411546634303 1.65562677714558 1.67009889086086 1.68181111348998 1.68524366286064 1.6886762122313 1.69210876160196 1.69554131097262 1.69897386034328 1.70240640971394 1.7058389590846 1.7416493763526 1.78825241625306
0.912076592445345 0.965823133786487 1.01956967512763 1.07331621646878 1.11760332584378 1.13351213932035 1.14942095279691 1.16532976627347 1.18123857975003 1.1971473932266 1.21305620670316 1.22896502017972 1.25834810435769 1.2922226121028 1.3260971198479 1.35997162759301 1.39384613533812 1.42772064308322 1.46159515082833 1.49374211033183 1.52070642511047 1.54767073988912 1.57463505466776 1.60159936944641 1.62856368422506 1.6555279990037 1.68249231378235 1.70190429091451 1.71879882216451 1.73569335341451 1.75258788466451 1.76948241591451 1.78637694716451 1.80327147841451 1.81725132664042 1.82248712579407 1.82772292494771 1.83295872410136 1.838194523255 1.84343032240865 1.8486661215623 1.85390192071594 1.8833709567785 1.92091773847736
1.02721178531644 1.08541457123224 1.14361735714803 1.20182014306383 1.2493210924996 1.26471653249526 1.28011197249093 1.29550741248658 1.31090285248224 1.3262982924779 1.34169373247356 1.35708917246922 1.38569083511827 1.41869457198511 1.45169830885196 1.48470204571881 1.51770578258565 1.55070951945249 1.58371325631934 1.6150523457262 1.64139749275311 1.66774263978002 1.69408778680693 1.72043293383384 1.74677808086075 1.77312322788766 1.79946837491457 1.82054237325984 1.83985932204456 1.85917627082928 1.87849321961401 1.89781016839873 1.91712711718345 1.93644406596817 1.95269153979087 1.95973058872751 1.96676963766414 1.97380868660077 1.9808477355374 1.98788678447403 1.99492583341066 2.0019648823473 2.0250925372044 2.05358306070166
1.14234697818754 1.20500600867798 1.26766503916843 1.33032406965889 1.38103885915542 1.39592092567018 1.41080299218494 1.4256850586997 1.44056712521445 1.45544919172921 1.47033125824397 1.48521332475872 1.51303356587885 1.54516653186743 1.57729949785601 1.6094324638446 1.64156542983318 1.67369839582176 1.70583136181035 1.73636258112058 1.76208856039575 1.78781453967093 1.8135405189461 1.83926649822127 1.86499247749645 1.89071845677162 1.91644443604679 1.93918045560517 1.96091982192461 1.98265918824406 2.0043985545635 2.02613792088295 2.04787728720239 2.06961665352184 2.08813175294133 2.09697405166094 2.10581635038056 2.11465864910018 2.1235009478198 2.13234324653942 2.14118554525903 2.15002784397865 2.1668141176303 2.18624838292597
1.25748217105862 1.32459744612372 1.39171272118882 1.45882799625393 1.51275662581123 1.52712531884509 1.54149401187894 1.5558627049128 1.57023139794665 1.58460009098051 1.59896878401436 1.61333747704821 1.64037629663942 1.67163849174973 1.70290068686005 1.73416288197038 1.7654250770807 1.79668727219102 1.82794946730134 1.85767281651494 1.88277962803838 1.90788643956182 1.93299325108526 1.95810006260869 1.98320687413213 2.00831368565557 2.033420497179 2.05781853795049 2.08198032180466 2.10614210565882 2.13030388951299 2.15446567336715 2.17862745722132 2.20278924107549 2.22357196609177 2.23421751459437 2.24486306309697 2.25550861159958 2.26615416010218 2.27679970860479 2.28744525710739 2.29809080560999 2.3085356980562 2.31891370515026
1.37261736392972 1.44418888356947 1.51576040320922 1.58733192284899 1.64447439246705 1.65832971202 1.67218503157296 1.68604035112591 1.69989567067886 1.71375099023181 1.72760630978476 1.74146162933771 1.76771902739999 1.79811045163205 1.82850187586411 1.85889330009617 1.88928472432823 1.91967614856029 1.95006757279235 1.97898305190932 2.00347069568102 2.02795833945272 2.05244598322442 2.07693362699612 2.10142127076783 2.12590891453953 2.15039655831123 2.17645662029582 2.20304082168471 2.2296250230736 2.25620922446249 2.28279342585137 2.30937762724026 2.33596182862915 2.35901217924222 2.37146097752781 2.3839097758134 2.39635857409899 2.40880737238458 2.42125617067017 2.43370496895576 2.44615376724135 2.4502572784821 2.45157902737457
1.48678997655707 1.55934653447731 1.63190309239755 1.7044596503178 1.76250187887084 1.77700111932223 1.79150035977362 1.80599960022501 1.8204988406764 1.83499808112779 1.84949732157917 1.86399656203056 1.89040756523607 1.92078915602629 1.95117074681651 1.98155233760673 2.01193392839695 2.04231551918716 2.07269710997739 2.1012688424852 2.12441100014579 2.14755315780638 2.17069531546697 2.19383747312756 2.21697963078815 2.24012178844874 2.26326394610933 2.2904657046 2.31902066336736 2.34757562213472 2.37613058090208 2.40468553966944 2.4332404984368 2.46179545720416 2.48637507756549 2.49902868270872 2.51168228785195 2.52433589299518 2.53698949813841 2.54964310328164 2.56229670842487 2.5749503135681 2.57660690943399 2.57459783554076
1.60000000894067 1.67007039884723 1.74014078875379 1.81021117866036 1.86683908502259 1.88313954075175 1.89943999648092 1.91574045221009 1.93204090793925 1.94834136366842 1.96464181939758 1.98094227512675 2.00844191014764 2.03967460493244 2.07090729971724 2.10213999450204 2.13337268928684 2.16460538407164 2.19583807885644 2.22453018824257 2.24560054143267 2.26667089462278 2.28774124781288 2.30881160100299 2.32988195419309 2.3509523073832 2.3720226605733 2.39984579086301 2.42991984685259 2.45999390284218 2.49006795883176 2.52014201482134 2.55021607081092 2.58029012680051 2.60566066106158 2.6169206301371 2.62818059921262 2.63944056828814 2.65070053736367 2.66196050643919 2.67322047551471 2.68448044459023 2.68758459091185 2.68797012964882
1.71321004132427 1.78079426321715 1.84837848511004 1.91596270700293 1.97117629117434 1.98927796218128 2.00737963318823 2.02548130419517 2.04358297520212 2.06168464620906 2.079786317216 2.09788798822295 2.12647625505922 2.1585600538386 2.19064385261798 2.22272765139736 2.25481145017674 2.28689524895612 2.31897904773551 2.34779153399995 2.36679008271957 2.38578863143919 2.40478718015881 2.42378572887842 2.44278427759804 2.46178282631766 2.48078137503728 2.50922587712604 2.54081903033784 2.57241218354964 2.60400533676145 2.63559848997326 2.66719164318506 2.69878479639687 2.72494624455768 2.73481257756549 2.7446789105733 2.75454524358112 2.76441157658893 2.77427790959674 2.78414424260456 2.79401057561237 2.79856227238971 2.8013424237569
1.82642007370787 1.89151812758708 1.95661618146628 2.0217142353455 2.07551349732609 2.09541638361081 2.11531926989554 2.13522215618026 2.15512504246498 2.1750279287497 2.19493081503442 2.21483370131915 2.2445105999708 2.27744550274476 2.31038040551872 2.34331530829269 2.37625021106665 2.40918511384061 2.44212001661458 2.47105287975733 2.48797962400646 2.5049063682556 2.52183311250473 2.53875985675386 2.555686601003 2.57261334525213 2.58954008950126 2.61860596338906 2.65171821382309 2.68483046425711 2.71794271469114 2.75105496512517 2.7841672155592 2.81727946599323 2.84423182805378 2.85270452499388 2.86117722193399 2.86964991887409 2.87812261581419 2.8865953127543 2.8950680096944 2.90354070663451 2.90953995386758 2.91471471786498
1.93963010609147 2.002241991957 2.06485387782252 2.12746576368806 2.17985070347784 2.20155480504034 2.22325890660284 2.24496300816534 2.26666710972783 2.28837121129034 2.31007531285283 2.33177941441533 2.36254494488237 2.39633095165091 2.43011695841945 2.463902965188 2.49768897195654 2.53147497872508 2.56526098549363 2.5943142255147 2.60916916529335 2.624024105072 2.63887904485064 2.65373398462929 2.66858892440794 2.68344386418658 2.69829880396523 2.72798604965207 2.76261739730832 2.79724874496457 2.83188009262082 2.86651144027707 2.90114278793332 2.93577413558957 2.96351741154986 2.97059647242226 2.97767553329466 2.98475459416705 2.99183365503945 2.99891271591184 3.00599177678424 3.01307083765664 3.02051763534544 3.02808701197304
2.05284013847507 2.11296585632692 2.17309157417877 2.23321729203063 2.28418790962959 2.30769322646987 2.33119854331015 2.35470386015042 2.3782091769907 2.40171449383098 2.42521981067125 2.44872512751153 2.48057928979395 2.51521640055707 2.54985351132019 2.58449062208332 2.61912773284645 2.65376484360957 2.6884019543727 2.71757557127209 2.73035870658025 2.74314184188841 2.75592497719657 2.76870811250473 2.78149124781289 2.79427438312105 2.80705751842921 2.8373661359151 2.87351658079357 2.90966702567204 2.94581747055051 2.98196791542899 3.01811836030745 3.05426880518593 3.08280299504596 3.08848841985065 3.09417384465534 3.09985926946002 3.10554469426471 3.1112301190694 3.11691554387409 3.12260096867878 3.13149531682331 3.14145930608112
2.15193960567314 2.20857106082967 2.26520251598621 2.32183397114275 2.37099057303533 2.39772261513602 2.42445465723672 2.45118669933741 2.47791874143811 2.5046507835388 2.5313828256395 2.55811486774019 2.59035355250039 2.62442778481376 2.65850201712712 2.69257624944049 2.72665048175386 2.76072471406723 2.7947989463806 2.82327913708156 2.83497720294527 2.84667526880899 2.8583733346727 2.87007140053642 2.88176946640013 2.89346753226385 2.90516559812756 2.93439626693724 2.9694711367289 3.00454600652057 3.03962087631224 3.07469574610391 3.10977061589557 3.14484548568724 3.1728365474277 3.1795761850145 3.18631582260131 3.19305546018811 3.19979509777492 3.20653473536172 3.21327437294853 3.22001401053533 3.22901194890339 3.23876265419853
2.23692850768564 2.28905760546523 2.34118670324482 2.39331580102442 2.44025869369505 2.4716429710388 2.50302724838255 2.5344115257263 2.56579580307004 2.5971800804138 2.62856435775754 2.65994863510129 2.69186773300169 2.72396510442096 2.75606247584023 2.7881598472595 2.82025721867877 2.85235459009804 2.88445196151731 2.9114249229431 2.92302465438841 2.93462438583372 2.94622411727903 2.95782384872435 2.96942358016966 2.98102331161497 2.99262304306028 3.01907644271849 3.05048106511432 3.08188568751015 3.11329030990599 3.14469493230182 3.17609955469765 3.20750417709349 3.23361806869506 3.2438597679138 3.25410146713255 3.2643431663513 3.27458486557005 3.2848265647888 3.29506826400755 3.3053099632263 3.31306753158568 3.31999705632526
2.32191740969815 2.36954415010079 2.41717089050344 2.46479763090609 2.50952681435477 2.54556332694158 2.58159983952838 2.61763635211519 2.65367286470199 2.6897093772888 2.7257458898756 2.7617824024624 2.79338191350299 2.82350242402816 2.85362293455334 2.88374344507851 2.91386395560369 2.94398446612886 2.97410497665403 2.99957070880465 3.01107210583155 3.02257350285847 3.03407489988537 3.04557629691228 3.05707769393919 3.0685790909661 3.08008048799301 3.10375661849974 3.13149099349974 3.15922536849974 3.18695974349974 3.21469411849974 3.24242849349974 3.27016286849974 3.29439958996242 3.30814335081311 3.32188711166381 3.3356308725145 3.34937463336519 3.36311839421589 3.37686215506658 3.39060591591727 3.39712311426797 3.401231458452
2.40690631171066 2.45003069473636 2.49315507776205 2.53627946078776 2.5787949350145 2.61948368284435 2.66017243067422 2.70086117850408 2.74154992633394 2.7822386741638 2.82292742199366 2.86361616982352 2.8948960940043 2.92303974363537 2.95118339326645 2.97932704289753 3.0074706925286 3.03561434215968 3.06375799179076 3.08771649466619 3.0991195572747 3.11052261988321 3.12192568249171 3.13332874510022 3.14473180770873 3.15613487031723 3.16753793292574 3.18843679428099 3.21250092188516 3.23656504948932 3.26062917709349 3.28469330469766 3.30875743230182 3.33282155990599 3.35518111122978 3.37242693371242 3.38967275619506 3.4069185786777 3.42416440116033 3.44141022364297 3.45865604612561 3.47590186860825 3.48117869695027 3.48246586057874
2.49189521372316 2.53051723937191 2.56913926502066 2.60776129066942 2.64806305567421 2.69340403874713 2.73874502182005 2.78408600489296 2.82942698796587 2.8747679710388 2.92010895411171 2.96544993718462 2.99641027450559 3.02257706324257 3.04874385197955 3.07491064071653 3.10107742945351 3.12724421819049 3.15341100692747 3.17586228052773 3.18716700871784 3.19847173690794 3.20977646509805 3.22108119328815 3.23238592147825 3.24369064966836 3.25499537785846 3.27311697006224 3.29351085027057 3.3139047304789 3.33429861068724 3.35469249089557 3.37508637110391 3.39548025131224 3.41596263249714 3.43671051661172 3.4574584007263 3.47820628484089 3.49895416895547 3.51970205307005 3.54044993718463 3.56119782129921 3.56523427963255 3.56370026270547
2.57688411573567 2.61100378400748 2.64512345227928 2.67924312055109 2.71733117633394 2.7673243946499 2.81731761296588 2.86731083128185 2.91730404959782 2.9672972679138 3.01729048622977 3.06728370454573 3.0979244550069 3.12211438284978 3.14630431069266 3.17049423853555 3.19468416637843 3.21887409422131 3.24306402206419 3.26400806638928 3.27521446016098 3.28642085393268 3.29762724770438 3.30883364147609 3.32004003524779 3.33124642901949 3.34245282279119 3.35779714584349 3.37452077865599 3.39124441146849 3.40796804428099 3.42469167709349 3.44141530990599 3.45813894271849 3.4767441537645 3.50099409951102 3.52524404525755 3.54949399100408 3.57374393675061 3.59799388249714 3.62224382824366 3.64649377399019 3.64928986231485 3.64493466483221
2.66429154078164 2.6950685183207 2.72584549585976 2.75662247339883 2.79297077390881 2.84603304333155 2.89909531275429 2.95215758217703 3.00521985159977 3.05828212102252 3.11134439044526 3.164406659868 3.1938338279724 3.21538262897066 3.23693142996892 3.25848023096719 3.28002903196545 3.30157783296372 3.32312663396198 3.34202498330009 3.35297197765773 3.36391897201537 3.37486596637301 3.38581296073065 3.39675995508829 3.40770694944593 3.41865394380356 3.43300110499063 3.44848165512084 3.46396220525105 3.47944275538126 3.49492330551146 3.51040385564167 3.52588440577188 3.5440040482415 3.57004096772934 3.59607788721719 3.62211480670504 3.64815172619288 3.67418864568073 3.70022556516858 3.72626248465642 3.72896490097045 3.72388914955986
2.75411748886106 2.78271144231158 2.8113053957621 2.83989934921263 2.87498184839882 2.92952998479204 2.98407812118528 3.0386262575785 3.09317439397173 3.14772253036497 3.20227066675819 3.25681880315142 3.28413839340208 3.30238180160521 3.32062520980833 3.33886861801146 3.35711202621458 3.37535543441771 3.39359884262083 3.40991303126016 3.42043956120807 3.43096609115599 3.44149262110391 3.45201915105183 3.46254568099974 3.47307221094766 3.48359874089557 3.49872884750365 3.51539347966511 3.53205811182656 3.54872274398802 3.56538737614948 3.58205200831094 3.5987166404724 3.61774231592812 3.64385112126666 3.66995992660521 3.69606873194375 3.72217753728229 3.74828634262083 3.77439514795937 3.80050395329791 3.80425939559935 3.80056371688842
