data/working_set_collections/6091692-Cassins_Sparrow-MC/2005/bio6.asc
NCOLS 265 
NROWS 230 
XLLCORNER -115.5625 
YLLCORNER 24.8333333333333 
CELLSIZE 0.0833333333333333 
NODATA_value -9999 
[rows 20 to 39 of 230, columns 132 to 175 of 265]
-6.71677738825484 -6.63171777725223 -6.55979267756147 -6.52727111180626 -6.49474954605104 -6.46222798029584 -6.42970641454063 -6.39718484878541 -6.36466328303021 -6.332141717275 -6.29338591893515 -6.2525520430671 -6.21171816719904 -6.17088429133098 -6.13005041546293 -6.08921653959487 -6.04838266372681 -6.02478087743123 -6.0528753598531 -6.08096984227498 -6.10906432469685 -6.13715880711873 -6.1652532895406 -6.19334777196248 -6.22144225438435 -6.24363946914672 -6.26387092802259 -6.28410238689846 -6.30433384577433 -6.32456530465019 -6.34479676352606 -6.36502822240193 -6.37219773398506 -6.34018140368992 -6.30816507339478 -6.27614874309964 -6.2441324128045 -6.21211608250936 -6.18009975221423 -6.14808342191909 -6.14599262873331 -6.15387701458401 -6.1617614004347 -6.1696457862854
-6.64359776179 -6.53605890274051 -6.44973306655886 -6.42704629898073 -6.4043595314026 -6.38167276382448 -6.35898599624635 -6.33629922866822 -6.3136124610901 -6.29092569351197 -6.25955006281536 -6.22527814441258 -6.1910062260098 -6.15673430760702 -6.12246238920425 -6.08819047080147 -6.05391855239869 -6.0350052833557 -6.06216796239216 -6.08933064142862 -6.11649332046508 -6.14365599950154 -6.170818678538 -6.19798135757446 -6.22514403661091 -6.24916772842407 -6.27214509116278 -6.2951224539015 -6.31809981664021 -6.34107717937893 -6.36405454211764 -6.38703190485636 -6.39586682849461 -6.36227443483141 -6.32868204116822 -6.29508964750502 -6.26149725384183 -6.22790486017863 -6.19431246651544 -6.16072007285225 -6.15786498387654 -6.16525566313002 -6.17264634238349 -6.18003702163696
-6.57041813532516 -6.4404000282288 -6.33967345555626 -6.32682148615521 -6.31396951675417 -6.30111754735313 -6.28826557795208 -6.27541360855104 -6.26256163915 -6.24970966974895 -6.22571420669557 -6.19800424575807 -6.17029428482057 -6.14258432388306 -6.11487436294556 -6.08716440200806 -6.05945444107056 -6.04522968928018 -6.07146056493122 -6.09769144058227 -6.12392231623331 -6.15015319188435 -6.1763840675354 -6.20261494318644 -6.22884581883748 -6.25469598770141 -6.28041925430297 -6.30614252090453 -6.3318657875061 -6.35758905410766 -6.38331232070922 -6.40903558731078 -6.41953592300415 -6.38436746597291 -6.34919900894165 -6.3140305519104 -6.27886209487916 -6.2436936378479 -6.20852518081666 -6.17335672378541 -6.16973733901977 -6.17663431167602 -6.18353128433227 -6.19042825698852
-6.49723850886032 -6.34474115371708 -6.22961384455365 -6.22659667332969 -6.22357950210573 -6.22056233088177 -6.21754515965781 -6.21452798843385 -6.21151081720989 -6.20849364598593 -6.19187835057577 -6.17073034710355 -6.14958234363133 -6.1284343401591 -6.10728633668688 -6.08613833321466 -6.06499032974243 -6.05545409520466 -6.08075316747029 -6.10605223973592 -6.13135131200154 -6.15665038426716 -6.18194945653279 -6.20724852879842 -6.23254760106404 -6.26022424697875 -6.28869341744316 -6.31716258790757 -6.34563175837198 -6.37410092883639 -6.4025700993008 -6.43103926976521 -6.4432050175137 -6.4064604971144 -6.36971597671509 -6.33297145631579 -6.29622693591648 -6.25948241551718 -6.22273789511787 -6.18599337471857 -6.181609694163 -6.18801296022203 -6.19441622628106 -6.20081949234009
-6.48747194210693 -6.31438302596413 -6.18360223770141 -6.17974583307902 -6.17588942845663 -6.17203302383423 -6.16817661921184 -6.16432021458944 -6.16046380996705 -6.15660740534465 -6.14198389053346 -6.12377133899266 -6.10555878745186 -6.08734623591106 -6.06913368437026 -6.05092113282947 -6.03270858128867 -6.02499933242798 -6.04879999160767 -6.07260065078736 -6.09640130996704 -6.12020196914673 -6.14400262832642 -6.16780328750611 -6.1916039466858 -6.22064065933228 -6.25142272313436 -6.28220478693644 -6.31298685073853 -6.34376891454061 -6.37455097834269 -6.40533304214478 -6.41978031794232 -6.38522322972617 -6.35066614151002 -6.31610905329388 -6.28155196507773 -6.24699487686158 -6.21243778864544 -6.17788070042929 -6.17551355361939 -6.18387638727824 -6.19223922093709 -6.20060205459595
-6.541118435065 -6.34932564496997 -6.20163863499959 -6.18626896540324 -6.17089929580689 -6.15552962621054 -6.14015995661419 -6.12479028701783 -6.10942061742148 -6.09405094782513 -6.07603082656862 -6.05712722142539 -6.03822361628216 -6.01932001113893 -6.0004164059957 -5.98151280085247 -5.96260919570924 -5.95386540095012 -5.97560103734335 -5.99733667373658 -6.01907231012981 -6.04080794652304 -6.06254358291627 -6.0842792193095 -6.10601485570273 -6.13594522476197 -6.16860717137655 -6.20126911799113 -6.23393106460572 -6.2665930112203 -6.29925495783488 -6.33191690444947 -6.34926182428998 -6.32065566380821 -6.29204950332643 -6.26344334284466 -6.23483718236289 -6.20623102188111 -6.17762486139935 -6.14901870091758 -6.15144891738892 -6.16422459284465 -6.17700026830037 -6.1897759437561
-6.59476492802307 -6.38426826397581 -6.21967503229777 -6.19279209772746 -6.16590916315715 -6.13902622858684 -6.11214329401653 -6.08526035944622 -6.05837742487591 -6.0314944903056 -6.01007776260377 -5.99048310385811 -5.97088844511246 -5.95129378636679 -5.93169912762114 -5.91210446887548 -5.89250981012981 -5.88273146947225 -5.90240208307902 -5.9220726966858 -5.94174331029257 -5.96141392389934 -5.98108453750611 -6.00075515111288 -6.02042576471965 -6.05124979019166 -6.08579161961874 -6.12033344904582 -6.15487527847291 -6.18941710789999 -6.22395893732707 -6.25850076675415 -6.27874333063763 -6.25608809789023 -6.23343286514284 -6.21077763239544 -6.18812239964804 -6.16546716690064 -6.14281193415325 -6.12015670140585 -6.12738428115845 -6.14457279841105 -6.16176131566365 -6.17894983291626
-6.64841142098115 -6.41921088298165 -6.23771142959596 -6.19931523005169 -6.16091903050741 -6.12252283096315 -6.08412663141888 -6.0457304318746 -6.00733423233034 -5.96893803278607 -5.94412469863893 -5.92383898629084 -5.90355327394275 -5.88326756159466 -5.86298184924657 -5.84269613689848 -5.82241042455039 -5.81159753799439 -5.8292031288147 -5.84680871963502 -5.86441431045533 -5.88201990127564 -5.89962549209595 -5.91723108291627 -5.93483667373658 -5.96655435562134 -6.00297606786092 -6.0393977801005 -6.07581949234009 -6.11224120457967 -6.14866291681925 -6.18508462905884 -6.20822483698528 -6.19152053197226 -6.17481622695924 -6.15811192194622 -6.1414076169332 -6.12470331192017 -6.10799900690715 -6.09129470189413 -6.10331964492798 -6.12492100397746 -6.14652236302693 -6.16812372207641
-6.70205791393922 -6.45415350198749 -6.25574782689413 -6.20583836237591 -6.15592889785768 -6.10601943333945 -6.05610996882123 -6.006200504303 -5.95629103978477 -5.90638157526655 -5.87817163467409 -5.85719486872357 -5.83621810277305 -5.81524133682252 -5.79426457087201 -5.77328780492149 -5.75231103897096 -5.74046360651653 -5.75600417455038 -5.77154474258424 -5.78708531061809 -5.80262587865195 -5.8181664466858 -5.83370701471966 -5.84924758275351 -5.88185892105103 -5.92016051610312 -5.95846211115519 -5.99676370620728 -6.03506530125936 -6.07336689631144 -6.11166849136353 -6.13770634333294 -6.12695296605429 -6.11619958877565 -6.105446211497 -6.09469283421835 -6.08393945693971 -6.07318607966106 -6.06243270238241 -6.07925500869751 -6.10526920954386 -6.13128341039021 -6.15729761123657
-6.7557044068973 -6.48909612099334 -6.27378422419231 -6.21236149470013 -6.15093876520794 -6.08951603571576 -6.02809330622357 -5.96667057673138 -5.9052478472392 -5.84382511774702 -5.81221857070924 -5.79055075115629 -5.76888293160334 -5.74721511205039 -5.72554729249744 -5.70387947294449 -5.68221165339153 -5.66932967503866 -5.68280522028606 -5.69628076553346 -5.70975631078085 -5.72323185602825 -5.73670740127564 -5.75018294652304 -5.76365849177043 -5.79716348648072 -5.8373449643453 -5.87752644220988 -5.91770792007447 -5.95788939793905 -5.99807087580363 -6.03825235366822 -6.06718784968059 -6.06238540013632 -6.05758295059205 -6.05278050104778 -6.04797805150351 -6.04317560195924 -6.03837315241496 -6.03357070287069 -6.05519037246704 -6.08561741511027 -6.11604445775349 -6.14647150039672
-6.78764902088385 -6.52039240598683 -6.30252593358359 -6.23282988866172 -6.16313384373984 -6.09343779881797 -6.0237417538961 -5.95404570897421 -5.88434966405234 -5.81465361913047 -5.7782748858134 -5.75300192303128 -5.72772896024917 -5.70245599746705 -5.67718303468493 -5.65191007190282 -5.6266371091207 -5.61060580147638 -5.62229945924547 -5.63399311701457 -5.64568677478367 -5.65738043255276 -5.66907409032186 -5.68076774809096 -5.69246140586006 -5.72548481623332 -5.7656181441413 -5.80575147204928 -5.84588479995728 -5.88601812786526 -5.92615145577324 -5.96628478368123 -5.99619752036201 -5.99544848336115 -5.99469944636028 -5.99395040935941 -5.99320137235854 -5.99245233535767 -5.9917032983568 -5.99095426135594 -6.01509307225545 -6.0475278324551 -6.07996259265476 -6.11239735285441
-6.79789175589886 -6.54804235696796 -6.34197295506796 -6.26724354426068 -6.19251413345338 -6.11778472264609 -6.0430553118388 -5.9683259010315 -5.89359649022422 -5.81886707941693 -5.77634057998658 -5.74454838434856 -5.71275618871054 -5.68096399307252 -5.6491717974345 -5.61737960179648 -5.58558740615846 -5.56429198582968 -5.57448689142863 -5.5846817970276 -5.59487670262655 -5.60507160822551 -5.61526651382447 -5.62546141942343 -5.63565632502239 -5.66682291030884 -5.70498005549113 -5.74313720067342 -5.78129434585572 -5.81945149103801 -5.8576086362203 -5.89576578140259 -5.92473535537721 -5.92614221572877 -5.92754907608033 -5.9289559364319 -5.93036279678346 -5.93176965713502 -5.93317651748658 -5.93458337783814 -5.95896310806275 -5.99100046157837 -6.023037815094 -6.05507516860962
-6.80813449091388 -6.5756923079491 -6.38141997655234 -6.30165719985964 -6.22189442316692 -6.14213164647422 -6.06236886978151 -5.9826060930888 -5.90284331639609 -5.82308053970339 -5.77440627415976 -5.73609484566583 -5.69778341717192 -5.65947198867799 -5.62116056018407 -5.58284913169015 -5.54453770319622 -5.51797817018297 -5.52667432361179 -5.53537047704061 -5.54406663046943 -5.55276278389825 -5.56145893732707 -5.57015509075589 -5.57885124418471 -5.60816100438436 -5.64434196684096 -5.68052292929755 -5.71670389175415 -5.75288485421075 -5.78906581666734 -5.82524677912395 -5.8532731903924 -5.85683594809639 -5.86039870580038 -5.86396146350438 -5.86752422120837 -5.87108697891236 -5.87464973661635 -5.87821249432035 -5.90283314387004 -5.93447309070163 -5.96611303753323 -5.99775298436483
-6.8183772259289 -6.60334225893024 -6.42086699803672 -6.3360708554586 -6.25127471288046 -6.16647857030234 -6.08168242772422 -5.99688628514609 -5.91209014256797 -5.82729399998985 -5.77247196833293 -5.72764130698311 -5.68281064563329 -5.63797998428346 -5.59314932293363 -5.54831866158381 -5.50348800023398 -5.47166435453627 -5.47886175579495 -5.48605915705363 -5.49325655831231 -5.50045395957099 -5.50765136082968 -5.51484876208836 -5.52204616334704 -5.54949909845988 -5.58370387819078 -5.61790865792168 -5.65211343765259 -5.68631821738349 -5.72052299711439 -5.7547277768453 -5.78181102540759 -5.78752968046401 -5.79324833552043 -5.79896699057686 -5.80468564563328 -5.8104043006897 -5.81612295574613 -5.82184161080255 -5.84670317967733 -5.8779457198249 -5.90918825997246 -5.94043080012004
-6.82861996094391 -6.63099220991138 -6.46031401952109 -6.37048451105755 -6.280655002594 -6.19082549413047 -6.10099598566693 -6.01116647720338 -5.92133696873985 -5.83150746027631 -5.77053766250611 -5.71918776830039 -5.66783787409466 -5.61648797988893 -5.5651380856832 -5.51378819147748 -5.46243829727174 -5.42535053888957 -5.43104918797812 -5.43674783706666 -5.4424464861552 -5.44814513524374 -5.45384378433228 -5.45954243342083 -5.46524108250937 -5.49083719253541 -5.52306578954061 -5.55529438654582 -5.58752298355103 -5.61975158055624 -5.65198017756144 -5.68420877456666 -5.71034886042278 -5.71822341283163 -5.72609796524049 -5.73397251764934 -5.7418470700582 -5.74972162246705 -5.7575961748759 -5.76547072728476 -5.79057321548462 -5.82141834894816 -5.8522634824117 -5.88310861587525
-6.83886269595893 -6.65864216089251 -6.49976104100547 -6.40489816665652 -6.31003529230755 -6.2151724179586 -6.12030954360964 -6.02544666926067 -5.93058379491172 -5.83572092056277 -5.76860335667929 -5.71073422961766 -5.65286510255604 -5.5949959754944 -5.53712684843277 -5.47925772137114 -5.4213885943095 -5.37903672324287 -5.38323662016127 -5.38743651707968 -5.39163641399808 -5.39583631091648 -5.40003620783489 -5.40423610475329 -5.40843600167169 -5.43217528661093 -5.46242770089044 -5.49268011516995 -5.52293252944947 -5.55318494372898 -5.58343735800849 -5.61368977228801 -5.63888669543797 -5.64891714519925 -5.65894759496054 -5.66897804472182 -5.67900849448311 -5.68903894424439 -5.69906939400568 -5.70909984376696 -5.73444325129191 -5.76489097807143 -5.79533870485094 -5.82578643163046
-6.740038310157 -6.57699238459274 -6.43233151965675 -6.34282583660554 -6.25332015355431 -6.1638144705031 -6.07430878745189 -5.98480310440066 -5.89529742134945 -5.80579173829824 -5.74209553400677 -5.68700248930191 -5.63190944459705 -5.57681639989218 -5.52172335518732 -5.46663031048246 -5.41153726577759 -5.37067261801825 -5.37249316109551 -5.37431370417277 -5.37613424725002 -5.37795479032728 -5.37977533340454 -5.3815958764818 -5.38341641955905 -5.40276498794555 -5.42795623143514 -5.45314747492472 -5.4783387184143 -5.50352996190389 -5.52872120539347 -5.55391244888306 -5.57597733603584 -5.5886631541782 -5.60134897232056 -5.61403479046292 -5.62672060860528 -5.63940642674764 -5.65209224489 -5.66477806303236 -5.69006052017212 -5.71954185697767 -5.74902319378323 -5.77850453058879
-6.53214680353808 -6.38604288101202 -6.2580254554749 -6.18426752090459 -6.11050958633427 -6.03675165176395 -5.96299371719364 -5.88923578262332 -5.81547784805301 -5.7417199134827 -5.69101419448854 -5.64799254735313 -5.60497090021771 -5.56194925308229 -5.51892760594687 -5.47590595881145 -5.43288431167603 -5.40025822321573 -5.39881881078084 -5.39737939834594 -5.39593998591105 -5.39450057347615 -5.39306116104126 -5.39162174860636 -5.39018233617147 -5.4026062965393 -5.41965138117472 -5.43669646581014 -5.45374155044556 -5.47078663508097 -5.48783171971639 -5.50487680435181 -5.5216207822164 -5.53746143976848 -5.55330209732056 -5.56914275487264 -5.58498341242473 -5.60082406997681 -5.61666472752889 -5.63250538508097 -5.65742502212525 -5.68537098566691 -5.71331694920858 -5.74126291275025
-6.32425529691915 -6.19509337743128 -6.08371939129303 -6.02570920520363 -5.96769901911421 -5.9096888330248 -5.85167864693539 -5.79366846084597 -5.73565827475656 -5.67764808866715 -5.63993285497031 -5.60898260540434 -5.57803235583836 -5.54708210627239 -5.51613185670641 -5.48518160714044 -5.45423135757446 -5.42984382841322 -5.42514446046617 -5.42044509251912 -5.41574572457207 -5.41104635662503 -5.40634698867798 -5.40164762073093 -5.39694825278388 -5.40244760513306 -5.41134653091431 -5.42024545669556 -5.42914438247681 -5.43804330825806 -5.44694223403931 -5.45584115982056 -5.46726422839695 -5.48625972535875 -5.50525522232056 -5.52425071928236 -5.54324621624417 -5.56224171320598 -5.58123721016778 -5.60023270712958 -5.62478952407837 -5.65120011435615 -5.67761070463392 -5.7040212949117
-6.11636379030021 -6.00414387385054 -5.90941332711117 -5.86715088950266 -5.82488845189415 -5.78262601428564 -5.74036357667713 -5.69810113906862 -5.65583870146012 -5.61357626385161 -5.58885151545208 -5.56997266345555 -5.55109381145902 -5.53221495946249 -5.51333610746596 -5.49445725546943 -5.4755784034729 -5.4594294336107 -5.4514701101515 -5.4435107866923 -5.4355514632331 -5.4275921397739 -5.4196328163147 -5.4116734928555 -5.4037141693963 -5.40228891372681 -5.40304168065389 -5.40379444758097 -5.40454721450806 -5.40529998143514 -5.40605274836223 -5.40680551528931 -5.4129076745775 -5.43505801094903 -5.45720834732056 -5.47935868369208 -5.50150902006361 -5.52365935643514 -5.54580969280667 -5.56796002917819 -5.59215402603149 -5.61702924304538 -5.64190446005927 -5.66677967707316
