data/working_set_collections/6091692-Cassins_Sparrow-MC/2005/bio6.asc
NCOLS 265 
NROWS 230 
XLLCORNER -115.5625 
YLLCORNER 24.8333333333333 
CELLSIZE 0.0833333333333333 
NODATA_value -9999 
[rows 140 to 159 of 230, columns 176 to 219 of 265]
0.622595571395408 0.647688482784546 0.672781394173687 0.704303595754814 0.755113667911929 0.805923740069053 0.856733812226169 0.907543884383284 0.958353956540409 1.00916402869752 1.05997410085464 1.12392834822335 1.19226398732925 1.26059962643515 1.32893526554106 1.39727090464696 1.46560654375286 1.53394218285877 1.60005792081354 1.65951395531493 1.71896998981633 1.77842602431772 1.83788205881911 1.89733809332051 1.9567941278219 2.01625016232329 2.0695365577936 2.1207664069202 2.1719962560468 2.22322610517341 2.27445595430001 2.32568580342661 2.37691565255322 2.42632351981267 2.47026544147065 2.51420736312864 2.55814928478663 2.60209120644461 2.6460331281026 2.68997504976058 2.73391697141857 2.76471064885456 2.79112157821653 2.81753250757851
0.69162565676701 0.717826694664013 0.744027732561019 0.775751180118966 0.824041856659762 0.872332533200566 0.920623209741362 0.968913886282158 1.01720456282296 1.06549523936376 1.11378591590455 1.17727409203845 1.24582810137005 1.31438211070164 1.38293612003325 1.45149012936484 1.52004413869643 1.58859814802804 1.65433563689389 1.7116235643625 1.76891149183113 1.82619941929974 1.88348734676836 1.94077527423698 1.9980632017056 2.05535112917421 2.11005015075205 2.16388620369962 2.2177222566472 2.27155830959478 2.32539436254235 2.37923041548992 2.4330664684375 2.48575921588472 2.5350220468309 2.58428487777708 2.63354770872326 2.68281053966944 2.73207337061562 2.7813362015618 2.83059903250798 2.86108566919961 2.88531357447305 2.90954147974648
0.760655742138606 0.787964906543474 0.815274070948346 0.847198764483111 0.892970045407588 0.938741326332073 0.98451260725655 1.03028388818103 1.07605516910551 1.12182645002999 1.16759773095447 1.23061983585356 1.29939221541084 1.36816459496813 1.43693697452543 1.50570935408272 1.57448173364001 1.64325411319731 1.70861335297423 1.76373317341007 1.81885299384592 1.87397281428176 1.9290926347176 1.98421245515345 2.03933227558929 2.09445209602513 2.1505637437105 2.20700600047904 2.26344825724758 2.31989051401613 2.37633277078467 2.43277502755322 2.48921728432177 2.54519491195676 2.59977865219114 2.65436239242552 2.70894613265989 2.76352987289426 2.81811361312864 2.87269735336301 2.92728109359738 2.95746068954466 2.97950557072955 3.00155045191445
0.829685827510208 0.858103118422941 0.886520409335678 0.918646348847263 0.961898234155421 1.00515011946359 1.04840200477174 1.0916538900799 1.13490577538807 1.17815766069622 1.22140954600438 1.28396557966866 1.35295632945164 1.42194707923463 1.49093782901762 1.5599285788006 1.62891932858358 1.69791007836658 1.76289106905458 1.81584278245765 1.86879449586072 1.92174620926378 1.97469792266685 2.02764963606992 2.08060134947298 2.13355306287605 2.19107733666895 2.25012579725846 2.30917425784798 2.3682227184375 2.42727117902701 2.48631963961652 2.54536810020604 2.60463060802881 2.66453525755138 2.72443990707395 2.78434455659652 2.84424920611908 2.90415385564166 2.96405850516423 3.02396315468679 3.05383570988971 3.07369756698607 3.09355942408242
0.920502580536717 0.95064309702977 0.980783613522829 1.01411075823835 1.05699778762126 1.09988481700418 1.1427718463871 1.18565887577001 1.22854590515293 1.27143293453585 1.31431996391876 1.37479122281072 1.44112389153901 1.50745656026731 1.57378922899562 1.64012189772391 1.70645456645221 1.77278723518051 1.83508530689608 1.88527958757345 1.93547386825083 1.9856681489282 2.03586242960557 2.08605671028294 2.13625099096031 2.18644527163768 2.24451487859088 2.30520959430269 2.36590431001449 2.4265990257263 2.4872937414381 2.5479884571499 2.60868317286172 2.66992873085867 2.7328268157111 2.79572490056354 2.85862298541597 2.92152107026839 2.98441915512083 3.04731723997326 3.11021532482568 3.14149796168008 3.16224211586845 3.18298627005681
1.03310600121813 1.06558484236396 1.0980636835098 1.13359199265636 1.17826870580511 1.22294541895387 1.26762213210262 1.31229884525137 1.35697555840012 1.40165227154887 1.44632898469762 1.50309676527974 1.56389490167296 1.62469303806619 1.68549117445943 1.74628931085265 1.80708744724588 1.86788558363912 1.92519606649873 1.97204358875749 2.01889111101625 2.06573863327501 2.11258615553376 2.15943367779253 2.20628120005129 2.25312872231004 2.3108763694763 2.37225739161171 2.43363841374712 2.49501943588255 2.55640045801796 2.61778148015337 2.6791625022888 2.74108928044634 2.8046533266703 2.86821737289426 2.93178141911822 2.99534546534217 3.05890951156614 3.12247355779009 3.18603760401405 3.22044744491575 3.24513921737669 3.26983098983762
1.14570942189956 1.18052658769817 1.21534375349678 1.25307322707438 1.29953962398897 1.34600602090356 1.39247241781815 1.43893881473273 1.48540521164733 1.53187160856191 1.5783380054765 1.63140230774877 1.68666591180692 1.74192951586508 1.79719311992325 1.85245672398141 1.90772032803956 1.96298393209773 2.01530682610139 2.05880758994153 2.10230835378168 2.14580911762182 2.18930988146197 2.23281064530212 2.27631140914226 2.31981217298241 2.37723786036172 2.43930518892074 2.50137251747976 2.5634398460388 2.62550717459782 2.68757450315685 2.74964183171588 2.81224983003402 2.8764798376295 2.940709845225 3.00493985282048 3.06916986041596 3.13339986801145 3.19762987560694 3.26185988320242 3.29939692815143 3.32803631888494 3.35667570961844
1.25831284258099 1.29546833303237 1.33262382348377 1.37255446149241 1.42081054217283 1.46906662285326 1.51732270353368 1.5655787842141 1.61383486489453 1.66209094557495 1.71034702625537 1.7597078502178 1.80943692194088 1.85916599366397 1.90889506538707 1.95862413711016 2.00835320883324 2.05808228055634 2.10541758570404 2.14557159112557 2.18572559654711 2.22587960196864 2.26603360739017 2.30618761281171 2.34634161823324 2.38649562365477 2.44359935124713 2.50635298622977 2.5691066212124 2.63186025619505 2.69461389117769 2.75736752616032 2.82012116114297 2.88341037962169 2.9483063485887 3.01320231755573 3.07809828652274 3.14299425548975 3.20789022445677 3.27278619342378 3.33768216239079 3.37834641138711 3.41093342039319 3.44352042939926
1.3709162632624 1.41041007836657 1.44990389347074 1.49203569591042 1.54208146035668 1.59212722480294 1.6421729892492 1.69221875369545 1.74226451814172 1.79231028258797 1.84235604703423 1.88801339268681 1.93220793207483 1.97640247146285 2.02059701085088 2.0647915502389 2.10898608962692 2.15318062901495 2.19552834530669 2.23233559230961 2.26914283931253 2.30595008631545 2.34275733331837 2.37956458032129 2.41637182732421 2.45317907432713 2.50996084213255 2.57340078353879 2.63684072494504 2.7002806663513 2.76372060775754 2.82716054916379 2.89060049057005 2.95457092920936 3.0201328595479 3.08569478988645 3.15125672022499 3.21681865056353 3.28238058090208 3.34794251124061 3.41350444157915 3.45729589462278 3.49383052190143 3.53036514918007
1.48351968394383 1.52535182370077 1.56718396345772 1.61151693032845 1.66335237854054 1.71518782675264 1.76702327496473 1.81885872317682 1.87069417138892 1.92252961960101 1.9743650678131 2.01631893515584 2.05497894220879 2.09363894926174 2.1322989563147 2.17095896336765 2.2096189704206 2.24827897747356 2.28563910490935 2.31909959349365 2.35256008207796 2.38602057066227 2.41948105924657 2.45294154783088 2.48640203641519 2.51986252499949 2.57632233301796 2.64044858084782 2.70457482867768 2.76870107650755 2.83282732433741 2.89695357216726 2.96107981999713 3.02573147879704 3.0919593705071 3.15818726221718 3.22441515392725 3.29064304563731 3.35687093734739 3.42309882905746 3.48932672076752 3.53624537785846 3.57672762340967 3.61720986896089
1.56530196136896 1.60852671994101 1.65175147851306 1.69765338765248 1.75158674849402 1.80552010933556 1.8594534701771 1.91338683101863 1.96732019186018 2.02125355270171 2.07518691354325 2.11708288192747 2.15496638615924 2.19284989039101 2.23073339462278 2.26861689885455 2.30650040308632 2.34438390731809 2.38130483627317 2.41533803939816 2.44937124252317 2.48340444564816 2.51743764877316 2.55147085189816 2.58550405502316 2.61953725814816 2.67524684270219 2.73818188773257 2.80111693276295 2.86405197779334 2.92698702282372 2.9899220678541 3.05285711288449 3.11692444483435 3.18438863754268 3.25185283025102 3.31931702295935 3.38678121566768 3.45424540837602 3.52170960108435 3.58917379379268 3.63766495386756 3.67983176973128 3.72199858559499
1.6162630955378 1.65993476708728 1.70360643863676 1.75044506788252 1.80678457021711 1.86312407255171 1.9194635748863 1.97580307722089 2.03214257955549 2.08848208189008 2.14482158422467 2.19030523300169 2.23217026392617 2.27403529485064 2.31590032577512 2.3577653566996 2.39963038762408 2.44149541854856 2.48252553939817 2.52105093002316 2.55957632064817 2.59810171127317 2.63662710189816 2.67515249252317 2.71367788314816 2.75220327377316 2.80673437118527 2.86660070419308 2.92646703720089 2.98633337020871 3.04619970321652 3.10606603622433 3.16593236923215 3.22814982732134 3.29742066065466 3.36669149398801 3.43596232732133 3.50523316065466 3.574503993988 3.64377482732133 3.71304566065466 3.76155462265012 3.80314296086626 3.84473129908241
1.66722422970664 1.71134281423355 1.75546139876046 1.80323674811255 1.8619823919402 1.92072803576785 1.9794736795955 2.03821932342315 2.0969649672508 2.15571061107845 2.2144562549061 2.26352758407591 2.30937414169309 2.35522069931028 2.40106725692747 2.44691381454465 2.49276037216184 2.53860692977903 2.58374624252317 2.62676382064817 2.66978139877317 2.71279897689817 2.75581655502316 2.79883413314817 2.84185171127317 2.88486928939816 2.93822189966835 2.99501952065359 3.05181714163883 3.10861476262408 3.16541238360932 3.22221000459456 3.27900762557981 3.33937520980832 3.41045268376665 3.48153015772499 3.55260763168332 3.62368510564165 3.69476257959999 3.76584005355832 3.83691752751665 3.88544429143267 3.92645415200125 3.96746401256982
1.71818536387547 1.76275086137981 1.80731635888416 1.85602842834258 1.91718021366328 1.978331998984 2.0394837843047 2.1006355696254 2.16178735494611 2.22293914026681 2.28409092558752 2.33674993515012 2.38657801946002 2.43640610376991 2.48623418807981 2.5360622723897 2.58589035669959 2.63571844100949 2.68496694564816 2.73247671127316 2.77998647689816 2.82749624252316 2.87500600814816 2.92251577377316 2.97002553939816 3.01753530502315 3.06970942815141 3.12343833711408 3.17716724607676 3.23089615503944 3.28462506400211 3.33835397296478 3.39208288192746 3.45060059229529 3.52348470687862 3.59636882146196 3.66925293604529 3.74213705062862 3.81502116521196 3.88790527979529 3.96078939437862 4.00933396021522 4.04976534313622 4.09019672605723
1.76914649804431 1.81415890852608 1.85917131900786 1.90882010857262 1.97237803538638 2.03593596220014 2.0994938890139 2.16305181582766 2.22660974264143 2.29016766945518 2.35372559626894 2.40997228622434 2.46378189722694 2.51759150822954 2.57140111923215 2.62521073023475 2.67902034123735 2.73282995223996 2.78618764877316 2.83818960189816 2.89019155502317 2.94219350814816 2.99419546127316 3.04619741439816 3.09819936752316 3.15020132064816 3.20119695663449 3.25185715357459 3.30251735051469 3.3531775474548 3.40383774439491 3.45449794133501 3.50515813827512 3.56182597478227 3.6365167299906 3.71120748519894 3.78589824040727 3.8605889956156 3.93527975082394 4.00997050603227 4.0846612612406 4.13322362899777 4.17307653427121 4.21292943954465
1.82010763221315 1.86556695567235 1.91102627913156 1.96161178880265 2.02757585710947 2.09353992541629 2.1595039937231 2.22546806202992 2.29143213033674 2.35739619864355 2.42336026695037 2.48319463729856 2.54098577499387 2.59877691268918 2.6565680503845 2.71435918807981 2.77215032577512 2.82994146347044 2.88740835189817 2.94390249252316 3.00039663314817 3.05689077377316 3.11338491439816 3.16987905502317 3.22637319564816 3.28286733627316 3.33268448511757 3.3802759700351 3.42786745495263 3.47545893987017 3.5230504247877 3.57064190970524 3.61823339462278 3.67305135726925 3.74954875310258 3.82604614893592 3.90254354476925 3.97904094060258 4.05553833643592 4.13203573226925 4.20853312810258 4.25711329778033 4.2963877254062 4.33566215303206
1.90539136793875 1.94924071960975 1.99309007128077 2.04244462086091 2.10831476416849 2.17418490747608 2.24005505078365 2.30592519409123 2.37179533739882 2.43766548070639 2.50353562401397 2.5647233645121 2.62435030407373 2.68397724363535 2.74360418319699 2.80323112275862 2.86285806232025 2.92248500188189 2.98233090506656 3.04283369912038 3.10333649317421 3.16383928722802 3.22434208128184 3.28484487533566 3.34534766938948 3.40585046344329 3.45826838811235 3.50799135631982 3.55771432452728 3.60743729273474 3.65716026094221 3.70688322914967 3.75660619735714 3.81285280651511 3.88867033852466 3.96448787053422 4.04030540254376 4.11612293455331 4.19194046656286 4.26775799857241 4.34357553058195 4.39026505152381 4.42724523544308 4.46422541936235
2.02499770522115 2.06518020033833 2.10536269545553 2.15131860474742 2.21459475656347 2.27787090837953 2.34114706019557 2.40442321201162 2.46769936382768 2.53097551564373 2.59425166745977 2.65455846786497 2.71387548446652 2.77319250106808 2.83250951766965 2.89182653427121 2.95114355087277 3.01046056747434 3.07095530827837 3.13498322168983 3.19901113510129 3.26303904851274 3.3270669619242 3.39109487533566 3.45512278874712 3.51915070215857 3.57794866561887 3.63500331242876 3.69205795923865 3.74911260604855 3.80616725285844 3.86322189966833 3.92027654647823 3.98123032251989 4.05388148625687 4.12653264999386 4.19918381373083 4.27183497746781 4.3444861412048 4.41713730494177 4.48978846867875 4.53267889022824 4.56564906438189 4.59861923853553
2.14460404250354 2.18111968106691 2.21763531963028 2.26019258863393 2.32087474895845 2.38155690928298 2.44223906960749 2.50292122993201 2.56360339025654 2.62428555058106 2.68496771090557 2.74439357121783 2.80340066485932 2.86240775850081 2.92141485214231 2.9804219457838 3.03942903942529 3.09843613306679 3.15957971149018 3.22713274425927 3.29468577702838 3.36223880979747 3.42979184256656 3.49734487533567 3.56489790810476 3.63245094087385 3.69762894312538 3.7620152685377 3.82640159395002 3.89078791936235 3.95517424477468 4.019560570187 4.08394689559933 4.14960783852467 4.21909263398908 4.2885774294535 4.3580622249179 4.42754702038231 4.49703181584673 4.56651661131113 4.63600140677554 4.67509272893267 4.70405289332069 4.73301305770871
2.26421037978593 2.29705916179548 2.32990794380503 2.36906657252043 2.42715474135342 2.48524291018642 2.54333107901941 2.6014192478524 2.65950741668539 2.71759558551838 2.77568375435137 2.83422867457069 2.89292584525211 2.95162301593353 3.01032018661496 3.06901735729638 3.1277145279778 3.18641169865923 3.24820411470198 3.31928226682871 3.39036041895545 3.46143857108219 3.53251672320892 3.60359487533566 3.67467302746239 3.74575117958912 3.81730922063188 3.88902722464663 3.96074522866138 4.03246323267615 4.1041812366909 4.17589924070565 4.24761724472041 4.31798535452944 4.38430378172128 4.45062220891312 4.51694063610496 4.5832590632968 4.64957749048865 4.71589591768048 4.78221434487232 4.81750656763709 4.84245672225949 4.86740687688188
