data/working_set_collections/6091692-Cassins_Sparrow-MC/2005/bio6.asc
NCOLS 265 
NROWS 230 
XLLCORNER -115.5625 
YLLCORNER 24.8333333333333 
CELLSIZE 0.0833333333333333 
NODATA_value -9999 
[rows 120 to 139 of 230, columns 88 to 131 of 265]
-4.7330824216207 -4.69314152399702 -4.57929976781212 -4.46545801162723 -4.35161625544234 -4.23777449925743 -4.12393274307255 -4.01009098688766 -3.89624923070275 -3.71784651974843 -3.5179234905376 -3.31800046132675 -3.11807743211593 -2.91815440290511 -2.71823137369425 -2.51830834448343 -2.39143405589792 -2.48370598918863 -2.57597792247932 -2.66824985577 -2.76052178906071 -2.8527937223514 -2.94506565564208 -3.03733758893279 -3.04559437433881 -3.02584611044992 -3.00609784656103 -2.98634958267214 -2.96660131878325 -2.94685305489435 -2.92710479100546 -2.8577283289698 -2.63946727249364 -2.42120621601745 -2.2029451595413 -1.98468410306514 -1.76642304658895 -1.54816199011279 -1.32990093363663 -1.26952970027925 -1.26178840796154 -1.25404711564383 -1.24630582332612 -1.23856453100842
-4.66965112686158 -4.63215875625614 -4.49917840957644 -4.36619806289677 -4.23321771621709 -4.10023736953739 -3.96725702285772 -3.83427667617804 -3.70129632949834 -3.52077569663531 -3.32440830171116 -3.12804090678697 -2.93167351186282 -2.73530611693867 -2.53893872201448 -2.34257132709033 -2.21815166771413 -2.30957521498205 -2.40099876224996 -2.49242230951787 -2.58384585678579 -2.6752694040537 -2.76669295132161 -2.85811649858954 -2.87817697525027 -2.8744497617086 -2.87072254816693 -2.86699533462527 -2.8632681210836 -2.85954090754193 -2.85581369400026 -2.79675251245505 -2.57168942689903 -2.34662634134298 -2.12156325578696 -1.89650017023094 -1.67143708467489 -1.44637399911887 -1.22131091356286 -1.15964505672457 -1.15244494279228 -1.14524482885999 -1.13804471492769 -1.1308446009954
-4.60621983210247 -4.57117598851526 -4.41905705134077 -4.2669381141663 -4.11481917699183 -3.96270023981734 -3.81058130264287 -3.6584623654684 -3.50634342829391 -3.32370487352218 -3.1308931128847 -2.93808135224718 -2.7452695916097 -2.55245783097221 -2.35964607033469 -2.16683430969721 -2.04486927953032 -2.13544444077546 -2.22601960202059 -2.31659476326572 -2.40716992451086 -2.49774508575599 -2.58832024700112 -2.67889540824627 -2.71075957616172 -2.72305341296728 -2.73534724977283 -2.74764108657838 -2.75993492338394 -2.77222876018949 -2.78452259699504 -2.73577669594029 -2.50391158130441 -2.2720464666685 -2.04018135203262 -1.80831623739674 -1.57645112276083 -1.34458600812495 -1.11272089348907 -1.04976041316988 -1.043101477623 -1.03644254207613 -1.02978360652925 -1.02312467098238
-4.54278853734335 -4.51019322077438 -4.33893569310509 -4.16767816543583 -3.99642063776657 -3.82516311009728 -3.65390558242803 -3.48264805475877 -3.31139052708948 -3.12663405040905 -2.93737792405824 -2.74812179770739 -2.55886567135657 -2.36960954500576 -2.18035341865491 -1.99109729230409 -1.87158689134651 -1.96131366656887 -2.05104044179122 -2.14076721701357 -2.23049399223594 -2.32022076745828 -2.40994754268063 -2.499674317903 -2.54334217707317 -2.57165706422595 -2.59997195137873 -2.6282868385315 -2.65660172568428 -2.68491661283706 -2.71323149998983 -2.67480087942553 -2.4361337357098 -2.19746659199402 -1.95879944827828 -1.72013230456254 -1.48146516084676 -1.24279801713102 -1.00413087341529 -0.939875769615187 -0.933758012453729 -0.927640255292271 -0.921522498130812 -0.915404740969354
-4.47935724258424 -4.4492104530335 -4.25881433486942 -4.06841821670537 -3.87802209854132 -3.68762598037724 -3.49722986221319 -3.30683374404915 -3.11643762588506 -2.92956322729594 -2.74386273523179 -2.55816224316761 -2.37246175110346 -2.18676125903932 -2.00106076697514 -1.81536027491099 -1.69830450316271 -1.7871828923623 -1.87606128156187 -1.96493967076144 -2.05381805996102 -2.14269644916059 -2.23157483836016 -2.32045322755975 -2.37592477798464 -2.42026071548463 -2.46459665298464 -2.50893259048463 -2.55326852798463 -2.59760446548463 -2.64194040298462 -2.61382506291078 -2.36835589011518 -2.12288671731954 -1.87741754452394 -1.63194837172835 -1.38647919893271 -1.14101002613711 -0.895540853341509 -0.829991126060506 -0.824414547284464 -0.818837968508423 -0.81326138973238 -0.807684810956339
-4.41592594782512 -4.38822768529262 -4.17869297663374 -3.9691582679749 -3.75962355931606 -3.55008885065719 -3.34055414199835 -3.13101943333951 -2.92148472468063 -2.73249240418281 -2.55034754640533 -2.36820268862782 -2.18605783085034 -2.00391297307286 -1.82176811529535 -1.63962325751787 -1.5250221149789 -1.61305211815571 -1.7010821213325 -1.78911212450929 -1.87714212768609 -1.96517213086288 -2.05320213403967 -2.14123213721648 -2.20850737889609 -2.26886436674331 -2.32922135459053 -2.38957834243775 -2.44993533028497 -2.51029231813219 -2.57064930597941 -2.55284924639602 -2.30057804452057 -2.04830684264506 -1.7960356407696 -1.54376443889414 -1.29149323701864 -1.03922203514318 -0.786950833267723 -0.720106482505815 -0.71507108211519 -0.710035681724565 -0.70500028133394 -0.699964880943315
-4.27577244341375 -4.26662064625164 -4.04209332830381 -3.81756601035601 -3.59303869240821 -3.36851137446038 -3.14398405651258 -2.91945673856478 -2.69492942061695 -2.51894462406641 -2.35914066798163 -2.19933671189683 -2.03953275581205 -1.87972879972727 -1.71992484364247 -1.56012088755769 -1.4583197497659 -1.5305270668533 -1.60273438394069 -1.67494170102807 -1.74714901811547 -1.81935633520285 -1.89156365229024 -1.96377096937764 -2.03796013891698 -2.1128099259403 -2.18765971296364 -2.26250949998697 -2.3373592870103 -2.41220907403364 -2.48705886105696 -2.47926695752482 -2.22354998232598 -1.9678330071271 -1.71211603192826 -1.45639905672943 -1.20068208153055 -0.944965106331708 -0.689248131132871 -0.620465066470217 -0.613993305319725 -0.607521544169233 -0.601049783018741 -0.594578021868249
-4.05889672935011 -4.08438933591056 -3.8490153898796 -3.61364144384868 -3.37826749781777 -3.14289355178681 -2.90751960575589 -2.67214565972497 -2.43677171369401 -2.28891988694674 -2.1702420999607 -2.05156431297465 -1.93288652598862 -1.81420873900258 -1.69553095201653 -1.5768531650305 -1.49819740752377 -1.53960773845513 -1.58101806938648 -1.62242840031783 -1.66383873124918 -1.70524906218053 -1.74665939311188 -1.78806972404324 -1.86428305804731 -1.95209739307563 -2.03991172810397 -2.12772606313229 -2.21554039816062 -2.30335473318896 -2.39116906821728 -2.39307819629716 -2.13727170353143 -1.88146521076566 -1.62565871799993 -1.3698522252342 -1.11404573246842 -0.858239239702695 -0.602432746936965 -0.531066877953725 -0.521181216898082 -0.511295555842439 -0.501409894786794 -0.491524233731151
-3.84202101528645 -3.90215802556947 -3.65593745145538 -3.40971687734134 -3.1634963032273 -2.91727572911322 -2.67105515499917 -2.42483458088513 -2.17861400677105 -2.05889514982705 -1.98134353193976 -1.90379191405246 -1.82624029616518 -1.74868867827789 -1.67113706039059 -1.5935854425033 -1.53807506528165 -1.54868841005696 -1.55930175483227 -1.56991509960758 -1.58052844438289 -1.5911417891582 -1.60175513393351 -1.61236847870882 -1.69060597717763 -1.79138486021095 -1.89216374324429 -1.99294262627761 -2.09372150931093 -2.19450039234427 -2.29527927537759 -2.3068894350695 -2.05099342473688 -1.79509741440421 -1.53920140407159 -1.28330539373896 -1.0274093834063 -0.771513373073675 -0.515617362741052 -0.441668689437226 -0.428369128476431 -0.415069567515636 -0.401770006554839 -0.388470445594044
-3.62514530122279 -3.71992671522837 -3.46285951303116 -3.205792310834 -2.94872510863683 -2.69165790643962 -2.43459070424246 -2.17752350204529 -1.92045629984809 -1.82887041270736 -1.79244496391882 -1.75601951513028 -1.71959406634174 -1.6831686175532 -1.64674316876465 -1.61031771997611 -1.57795272303952 -1.55776908165879 -1.53758544027806 -1.51740179889733 -1.4972181575166 -1.47703451613587 -1.45685087475514 -1.43666723337441 -1.51692889630795 -1.63067232734626 -1.7444157583846 -1.85815918942292 -1.97190262046124 -2.08564605149958 -2.1993894825379 -2.22070067384184 -1.96471514594232 -1.70872961804276 -1.45274409014325 -1.19675856224373 -0.94077303434417 -0.684787506444655 -0.428801978545139 -0.352270500920726 -0.335557040054779 -0.318843579188833 -0.302130118322883 -0.285416657456937
-3.40826958715915 -3.53769540488729 -3.26978157460696 -3.00186774432667 -2.73395391404638 -2.46604008376605 -2.19812625348577 -1.93021242320548 -1.66229859292515 -1.59884567558769 -1.6035463958979 -1.6082471162081 -1.6129478365183 -1.61764855682851 -1.62234927713871 -1.62704999744892 -1.61783038079739 -1.56684975326062 -1.51586912572385 -1.46488849818709 -1.41390787065031 -1.36292724311355 -1.31194661557678 -1.26096598804001 -1.34325181543828 -1.46995979448159 -1.59666777352493 -1.72337575256825 -1.85008373161156 -1.9767917106549 -2.10349968969821 -2.13451191261418 -1.87843686714777 -1.62236182168132 -1.36628677621491 -1.1102117307485 -0.85413668528205 -0.598061639815642 -0.341986594349234 -0.262872312404234 -0.242744951633136 -0.222617590862038 -0.202490230090937 -0.182362869319839
-3.19139387309549 -3.3554640945462 -3.07670363618274 -2.79794317781933 -2.51918271945592 -2.24042226109246 -1.96166180272905 -1.68290134436564 -1.40414088600218 -1.368820938468 -1.41464782787696 -1.46047471728591 -1.50630160669486 -1.55212849610382 -1.59795538551277 -1.64378227492173 -1.65770803855526 -1.57593042486245 -1.49415281116964 -1.41237519747684 -1.33059758378402 -1.24881997009121 -1.16704235639841 -1.08526474270559 -1.1695747345686 -1.30924726161691 -1.44891978866525 -1.58859231571356 -1.72826484276187 -1.86793736981021 -2.00760989685852 -2.04832315138652 -1.79215858835322 -1.53599402531987 -1.27982946228657 -1.02366489925327 -0.767500336219923 -0.511335773186622 -0.25517121015332 -0.173474123887734 -0.149932863211485 -0.126391602535235 -0.102850341858981 -0.0793090811827317
-2.87388720034311 -3.044745293922 -2.78283460769396 -2.52092392146596 -2.25901323523796 -1.99710254900991 -1.73519186278191 -1.47328117655391 -1.21137049032587 -1.19392011165619 -1.25795650217268 -1.32199289268918 -1.38602928320567 -1.45006567372216 -1.51410206423866 -1.57813845475515 -1.60344719092055 -1.51257296403252 -1.4216987371445 -1.33082451025648 -1.23995028336845 -1.14907605648043 -1.05820182959242 -0.967327602704383 -1.05103605886299 -1.19293874270384 -1.33484142654471 -1.47674411038556 -1.61864679422641 -1.76054947806729 -1.90245216190814 -1.94726494484484 -1.70080802506879 -1.45435110529269 -1.20789418551663 -0.961437265740575 -0.714980345964476 -0.468523426188419 -0.222066506412362 -0.13732224038492 -0.106482192273775 -0.0756421441626311 -0.0448020960514815 -0.0139620479403372
-2.45574956890198 -2.60553900301469 -2.3881744891406 -2.17080997526655 -1.9534454613925 -1.73608094751842 -1.51871643364437 -1.30135191977032 -1.08398740589623 -1.07414319515229 -1.1334724187851 -1.19280164241792 -1.25213086605073 -1.31146008968354 -1.37078931331636 -1.43011853694917 -1.45504783789321 -1.3767773707708 -1.29850690364841 -1.22023643652602 -1.14196596940361 -1.06369550228122 -0.985425035158823 -0.907154568036416 -0.987635788321483 -1.12103423774241 -1.25443268716335 -1.38783113658427 -1.5212295860052 -1.65462803542614 -1.78802648484707 -1.83133729298917 -1.60438517729449 -1.37743306159978 -1.15048094590511 -0.923528830210439 -0.696576714515728 -0.469624598821056 -0.242672483126383 -0.154416661895816 -0.112392938820033 -0.0703692157442499 -0.0283454926684599 0.0136782304073231
-2.03761193746082 -2.16633271210734 -1.99351437058721 -1.82069602906712 -1.64787768754702 -1.4750593460269 -1.30224100450681 -1.12942266298671 -0.95660432146659 -0.954366278648384 -1.00898833539751 -1.06361039214665 -1.11823244889578 -1.17285450564491 -1.22747656239405 -1.28209861914318 -1.30664848486586 -1.24098177750908 -1.17531507015231 -1.10964836279554 -1.04398165543876 -0.978314948081994 -0.912648240725225 -0.846981533368445 -0.924235517779974 -1.04912973278097 -1.17402394778198 -1.29891816278298 -1.42381237778397 -1.54870659278499 -1.67360080778598 -1.71540964113348 -1.50796232952019 -1.30051501790687 -1.09306770629359 -0.885620394680299 -0.678173083066978 -0.470725771453693 -0.263278459840407 -0.171511083406713 -0.118303685366291 -0.0650962873258683 -0.0118888892854368 0.0413185087549857
-1.61947430601966 -1.72712642119998 -1.59885425203382 -1.47058208286768 -1.34230991370155 -1.21403774453538 -1.08576557536925 -0.957493406203107 -0.829221237036946 -0.834589362144475 -0.884504252009924 -0.934419141875382 -0.984334031740831 -1.03424892160628 -1.08416381147174 -1.13407870133719 -1.15824913183851 -1.10518618424736 -1.05212323665621 -0.999060289065068 -0.945997341473914 -0.89293439388277 -0.839871446291626 -0.786808498700473 -0.860835247238465 -0.97722522781953 -1.09361520840062 -1.21000518898168 -1.32639516956275 -1.44278515014383 -1.5591751307249 -1.59948198927779 -1.41153948174589 -1.22359697421396 -1.03565446668206 -0.84771195915016 -0.659769451618229 -0.471826944086329 -0.28388443655443 -0.188605504917611 -0.124214431912549 -0.0598233589074867 0.00456771409758633 0.0689587871026484
-1.20133667457853 -1.28792013029267 -1.20419413348047 -1.12046813666828 -1.03674213985609 -0.95301614304389 -0.869290146231703 -0.785564149419515 -0.701838152607313 -0.714812445640577 -0.760020168622346 -0.805227891604123 -0.850435614585892 -0.895643337567661 -0.940851060549437 -0.986058783531206 -1.00984977881117 -0.969390590985644 -0.928931403160123 -0.888472215334603 -0.848013027509075 -0.807553839683554 -0.767094651858033 -0.726635464032506 -0.797434976696961 -0.905320722858099 -1.01320646901926 -1.12109221518039 -1.22897796134153 -1.33686370750269 -1.44474945366383 -1.48355433742211 -1.3151166339716 -1.14667893052105 -0.978241227070539 -0.809803523620024 -0.641365820169481 -0.472928116718966 -0.304490413268452 -0.205699926428507 -0.130125178458806 -0.0545504304891055 0.021024317480608 0.0965990654503087
-0.783199043137374 -0.848713839385316 -0.809534014927077 -0.770354190468845 -0.731174366010612 -0.691994541552373 -0.652814717094141 -0.613634892635909 -0.57445506817767 -0.595035529136668 -0.635536085234757 -0.676036641332852 -0.716537197430941 -0.757037753529029 -0.797538309627125 -0.838038865725213 -0.861450425783821 -0.83359499772392 -0.805739569664024 -0.777884141604128 -0.750028713544227 -0.722173285484331 -0.694317857424435 -0.666462429364534 -0.734034706155451 -0.833416217896661 -0.932797729637888 -1.0321792413791 -1.13156075312031 -1.23094226486153 -1.33032377660274 -1.36762668556642 -1.21869378619729 -1.06976088682814 -0.920827987459013 -0.771895088089885 -0.622962188720731 -0.474029289351603 -0.325096389982475 -0.222794347939404 -0.136035925005064 -0.0492775020707239 0.0374809208636311 0.124239343797971
-0.548519115212057 -0.597923596534475 -0.581909327871278 -0.565895059208085 -0.549880790544891 -0.533866521881694 -0.517852253218501 -0.501837984555307 -0.48582371589211 -0.510706307739018 -0.549221186422636 -0.58773606510626 -0.626250943789878 -0.664765822473496 -0.70328070115712 -0.741795579840738 -0.76535243731407 -0.744035231156489 -0.722718024998912 -0.701400818841335 -0.680083612683754 -0.658766406526176 -0.637449200368599 -0.616131994211018 -0.679798867553462 -0.771793767395932 -0.863788667238417 -0.955783567080887 -1.04777846692336 -1.13977336676584 -1.23176826660831 -1.26798313814737 -1.13685792477599 -1.00573271140459 -0.874607498033213 -0.743482284661836 -0.612357071290436 -0.481231857919059 -0.350106644547682 -0.245220950742576 -0.149081763459596 -0.0529425761766163 0.0431966111063799 0.13933579838936
-0.497296890802681 -0.535549401740247 -0.521320072313162 -0.507090742886079 -0.492861413458996 -0.478632084031911 -0.464402754604828 -0.450173425177745 -0.43594409575066 -0.461824781447651 -0.501075472186008 -0.540326162924373 -0.579576853662731 -0.618827544401088 -0.658078235139453 -0.69732892587781 -0.72155581340195 -0.700711291283379 -0.679866769164811 -0.659022247046244 -0.638177724927673 -0.617333202809106 -0.596488680690539 -0.575644158571968 -0.634727460891001 -0.72045337135592 -0.806179281820854 -0.891905192285772 -0.977631102750691 -1.06335701321562 -1.14908292368054 -1.18462369516496 -1.0696090497077 -0.954594404250412 -0.839579758793148 -0.724565113335884 -0.6095504678786 -0.494535822421336 -0.379521176964072 -0.272979734838022 -0.169262693822404 -0.0655456528067862 0.0381713882088493 0.141888429224467
