data/working_set_collections/6091692-Cassins_Sparrow-MC/2005/bio7.asc
NCOLS 265 
NROWS 230 
XLLCORNER -115.5625 
YLLCORNER 24.8333333333333 
CELLSIZE 0.0833333333333333 
NODATA_value -9999 
[rows 0 to 19 of 230, columns 184 to 229 of 265]
44.0925783793132 44.0689676072862 44.0453568352593 43.9922124226888 43.9292234632704 43.866234503852 43.8032455444336 43.7402565850152 43.6772676255968 43.6142786661784 43.5530506557889 43.4971054924859 43.441160329183 43.38521516588 43.3292700025771 43.2733248392741 43.2173796759712 43.1614345126682 43.1594790140788 43.1755200703939 43.191561126709 43.2076021830241 43.2236432393392 43.2396842956543 43.2557253519694 43.2553120083279 43.2055354648166 43.1557589213053 43.1059823777941 43.0562058342828 43.0064292907715 42.9566527472602 42.9068762037489 42.8761805216471 42.8518451266819 42.8275097317166 42.8031743367513 42.778838941786 42.7545035468208 42.7301681518555 42.7080671522352 42.6926693386502 42.6772715250651 42.66187371148 42.646475897895 42.6310780843099
44.007154083252 43.9929135640462 43.9786730448405 43.929670715332 43.8690811157227 43.8084915161133 43.7479019165039 43.6873123168945 43.6267227172852 43.5661331176758 43.5079617818197 43.4570452372233 43.406128692627 43.3552121480306 43.3042956034343 43.2533790588379 43.2024625142416 43.1515459696452 43.147144317627 43.1582476298014 43.1693509419759 43.1804542541504 43.1915575663249 43.2026608784993 43.2137641906738 43.2119951883952 43.1716092427572 43.1312232971191 43.0908373514811 43.0504514058431 43.0100654602051 42.9696795145671 42.929293568929 42.9037124633789 42.8830663045247 42.8624201456706 42.8417739868164 42.8211278279622 42.8004816691081 42.7798355102539 42.7605275472005 42.7452341715495 42.7299407958984 42.7146474202474 42.6993540445963 42.6840606689453
43.9217297871908 43.9168595208062 43.9119892544217 43.8671290079753 43.8089387681749 43.7507485283746 43.6925582885742 43.6343680487739 43.5761778089735 43.5179875691732 43.4628729078505 43.4169849819607 43.371097056071 43.3252091301812 43.2793212042915 43.2334332784017 43.1875453525119 43.1416574266222 43.1348096211751 43.140975189209 43.1471407572428 43.1533063252767 43.1594718933106 43.1656374613444 43.1718030293783 43.1686783684625 43.1376830206977 43.106687672933 43.0756923251682 43.0446969774034 43.0137016296387 42.9827062818739 42.9517109341092 42.9312444051107 42.9142874823676 42.8973305596246 42.8803736368815 42.8634167141385 42.8464597913954 42.8295028686523 42.8129879421658 42.7977990044488 42.7826100667318 42.7674211290147 42.7522321912977 42.7370432535807
43.8363054911296 43.8408054775662 43.8453054640028 43.8045873006185 43.7487964206272 43.6930055406359 43.6372146606445 43.5814237806532 43.5256329006619 43.4698420206706 43.4177840338813 43.3769247266981 43.336065419515 43.2952061123318 43.2543468051487 43.2134874979655 43.1726281907823 43.1317688835992 43.1224749247233 43.1237027486165 43.1249305725098 43.126158396403 43.1273862202962 43.1286140441895 43.1298418680827 43.1253615485297 43.1037567986382 43.0821520487467 43.0605472988553 43.0389425489638 43.0173377990723 42.9957330491808 42.9741282992893 42.9587763468424 42.9455086602105 42.9322409735786 42.9189732869466 42.9057056003147 42.8924379136827 42.8791702270508 42.8654483371311 42.8503638373481 42.8352793375651 42.8201948377821 42.8051103379991 42.7900258382161
43.7508811950684 43.7647514343262 43.778621673584 43.7420455932617 43.6886540730794 43.6352625528972 43.5818710327149 43.5284795125326 43.4750879923503 43.421696472168 43.3726951599121 43.3368644714356 43.301033782959 43.2652030944824 43.2293724060059 43.1935417175293 43.1577110290527 43.1218803405762 43.1101402282715 43.1064303080241 43.1027203877767 43.0990104675293 43.0953005472819 43.0915906270345 43.0878807067871 43.082044728597 43.0698305765788 43.0576164245605 43.0454022725423 43.0331881205241 43.0209739685059 43.0087598164876 42.9965456644694 42.9863082885742 42.9767298380534 42.9671513875326 42.9575729370117 42.9479944864909 42.93841603597 42.9288375854492 42.9179087320964 42.9029286702474 42.8879486083984 42.8729685465495 42.8579884847005 42.8430084228516
43.6654568990072 43.6886973910862 43.7119378831651 43.679503885905 43.6285117255317 43.5775195651584 43.5265274047852 43.4755352444119 43.4245430840387 43.3735509236654 43.3276062859429 43.296804216173 43.266002146403 43.235200076633 43.2043980068631 43.1735959370931 43.1427938673231 43.1119917975532 43.0978055318197 43.0891578674316 43.0805102030436 43.0718625386556 43.0632148742676 43.0545672098796 43.0459195454915 43.0387279086643 43.0359043545193 43.0330808003743 43.0302572462294 43.0274336920844 43.0246101379394 43.0217865837945 43.0189630296495 43.013840230306 43.0079510158963 43.0020618014865 42.9961725870768 42.9902833726671 42.9843941582574 42.9785049438477 42.9703691270616 42.9554935031467 42.9406178792318 42.9257422553168 42.9108666314019 42.895991007487
43.5174049377442 43.5461684332954 43.5749319288466 43.5456230163574 43.4969566345215 43.4482902526856 43.3996238708496 43.3509574890137 43.3022911071778 43.2536247253418 43.2102469550239 43.18273501926 43.1552230834961 43.1277111477322 43.1001992119683 43.0726872762045 43.0451753404406 43.0176634046767 43.0055620829265 42.9985976325141 42.9916331821018 42.9846687316895 42.9777042812771 42.9707398308648 42.9637753804525 42.959241994222 42.9620018005371 42.9647616068522 42.9675214131673 42.9702812194824 42.9730410257975 42.9758008321126 42.9785606384277 42.9772761027018 42.9746434529623 42.9720108032227 42.9693781534831 42.9667455037435 42.9641128540039 42.9614802042643 42.9564506530762 42.9442303975423 42.9320101420085 42.9197898864746 42.9075696309408 42.8953493754069
43.3067253112793 43.3371645609538 43.3676038106283 43.3404029846192 43.2939888000489 43.2475746154785 43.2011604309082 43.1547462463379 43.1083320617676 43.0619178771973 43.020617167155 42.9946568806966 42.9686965942383 42.94273630778 42.9167760213216 42.8908157348633 42.864855448405 42.8388951619466 42.8334098815918 42.8347496032715 42.8360893249512 42.8374290466309 42.8387687683106 42.8401084899902 42.8414482116699 42.8435869852702 42.8481229146322 42.8526588439941 42.8571947733561 42.8617307027181 42.8662666320801 42.8708025614421 42.875338490804 42.8766159057617 42.8768071492513 42.8769983927409 42.8771896362305 42.8773808797201 42.8775721232096 42.8777633666992 42.87615331014 42.8691393534343 42.8621253967285 42.8551114400228 42.8480974833171 42.8410835266113
43.0960456848145 43.1281606886122 43.16027569241 43.1351829528809 43.0910209655762 43.0468589782715 43.0026969909668 42.9585350036621 42.9143730163575 42.8702110290528 42.8309873792861 42.8065787421333 42.7821701049805 42.7577614678277 42.7333528306749 42.7089441935222 42.6845355563694 42.6601269192166 42.6612576802572 42.6709015740289 42.6805454678006 42.6901893615723 42.699833255344 42.7094771491157 42.7191210428874 42.7279319763184 42.7342440287272 42.7405560811361 42.7468681335449 42.7531801859538 42.7594922383626 42.7658042907715 42.7721163431803 42.7759557088216 42.7789708455404 42.7819859822591 42.7850011189779 42.7880162556966 42.7910313924154 42.7940465291341 42.7958559672038 42.7940483093262 42.7922406514486 42.790432993571 42.7886253356934 42.7868176778158
42.8853660583496 42.9191568162706 42.9529475741916 42.9299629211426 42.8880531311035 42.8461433410645 42.8042335510254 42.7623237609864 42.7204139709473 42.6785041809082 42.6413575914171 42.6185006035699 42.5956436157227 42.5727866278755 42.5499296400282 42.527072652181 42.5042156643338 42.4813586764866 42.4891054789225 42.5070535447863 42.52500161065 42.5429496765137 42.5608977423774 42.5788458082411 42.5967938741048 42.6122769673665 42.6203651428223 42.628453318278 42.6365414937337 42.6446296691895 42.6527178446452 42.6608060201009 42.6688941955566 42.6752955118815 42.6811345418294 42.6869735717774 42.6928126017253 42.6986516316732 42.7044906616211 42.710329691569 42.7155586242676 42.7189572652181 42.7223559061686 42.7257545471192 42.7291531880697 42.7325518290202
42.6746864318848 42.710152943929 42.7456194559733 42.7247428894043 42.6850852966309 42.6454277038575 42.605770111084 42.5661125183106 42.5264549255371 42.4867973327637 42.4517278035482 42.4304224650065 42.4091171264649 42.3878117879232 42.3665064493815 42.3452011108399 42.3238957722982 42.3025904337565 42.3169532775879 42.3432055155436 42.3694577534994 42.3957099914551 42.4219622294108 42.4482144673665 42.4744667053223 42.4966219584147 42.5064862569173 42.5163505554199 42.5262148539225 42.5360791524251 42.5459434509277 42.5558077494304 42.565672047933 42.5746353149414 42.5832982381185 42.5919611612956 42.6006240844727 42.6092870076497 42.6179499308268 42.6266128540039 42.6352612813314 42.64386622111 42.6524711608887 42.6610761006673 42.669681040446 42.6782859802246
42.4640068054199 42.5011490715875 42.538291337755 42.519522857666 42.4821174621582 42.4447120666504 42.4073066711426 42.3699012756348 42.332495880127 42.2950904846192 42.2620980156793 42.2423443264432 42.2225906372071 42.202836947971 42.1830832587348 42.1633295694987 42.1435758802626 42.1238221910265 42.1448010762533 42.179357486301 42.2139138963488 42.2484703063965 42.2830267164442 42.317583126492 42.3521395365397 42.3809669494629 42.3926073710124 42.4042477925619 42.4158882141113 42.4275286356608 42.4391690572103 42.4508094787598 42.4624499003093 42.4739751180013 42.4854619344076 42.4969487508138 42.5084355672201 42.5199223836263 42.5314092000326 42.5428960164388 42.5549639383952 42.568775177002 42.5825864156087 42.5963976542155 42.6102088928223 42.624020131429
42.2906392415365 42.3240729437934 42.3575066460504 42.3374165852865 42.2994852701823 42.2615539550781 42.223622639974 42.1856913248698 42.1477600097656 42.1098286946615 42.0766993204753 42.057975769043 42.0392522176107 42.0205286661784 42.0018051147461 41.9830815633138 41.9643580118815 41.9456344604492 41.9703786214193 42.0096120198568 42.0488454182943 42.0880788167318 42.1273122151693 42.1665456136068 42.2057790120443 42.2388366699219 42.2533671061198 42.2678975423177 42.2824279785156 42.2969584147136 42.3114888509115 42.3260192871094 42.3405497233073 42.3549957275391 42.3694135877821 42.3838314480252 42.3982493082682 42.4126671685113 42.4270850287543 42.4415028889974 42.456990814209 42.4756889343262 42.4943870544434 42.5130851745606 42.5317832946777 42.5504814147949
42.1545837402344 42.1789245605469 42.2032653808594 42.1784240722656 42.1371887207031 42.0959533691407 42.0547180175781 42.0134826660156 41.9722473144531 41.9310119628907 41.8955317179362 41.877316792806 41.8591018676758 41.8408869425456 41.8226720174154 41.8044570922852 41.786242167155 41.7680272420248 41.7936859130859 41.8339691162109 41.8742523193359 41.914535522461 41.9548187255859 41.9951019287109 42.0353851318359 42.0702311197917 42.0887654622396 42.1072998046875 42.1258341471354 42.1443684895833 42.1629028320313 42.1814371744792 42.1999715169271 42.2176971435547 42.2351531982422 42.2526092529297 42.2700653076172 42.2875213623047 42.3049774169922 42.3224334716797 42.3413419087728 42.3646074930827 42.3878730773926 42.4111386617025 42.4344042460124 42.4576698303223
42.0185282389323 42.0337761773004 42.0490241156684 42.0194315592448 41.974892171224 41.9303527832032 41.8858133951823 41.8412740071615 41.7967346191407 41.7521952311198 41.7143641153972 41.696657816569 41.6789515177409 41.6612452189128 41.6435389200847 41.6258326212565 41.6081263224284 41.5904200236003 41.6169932047526 41.6583262125651 41.6996592203776 41.7409922281901 41.7823252360026 41.8236582438151 41.8649912516276 41.9016255696615 41.9241638183594 41.9467020670573 41.9692403157552 41.9917785644531 42.0143168131511 42.036855061849 42.0593933105469 42.0803985595703 42.1008928087023 42.1213870578342 42.1418813069662 42.1623755560981 42.18286980523 42.203364054362 42.2256930033366 42.2535260518392 42.2813591003418 42.3091921488444 42.337025197347 42.3648582458496
41.8824727376302 41.8886277940538 41.8947828504774 41.860439046224 41.8125956217448 41.7647521972657 41.7169087727865 41.6690653483073 41.6212219238282 41.573378499349 41.5331965128581 41.515998840332 41.498801167806 41.48160349528 41.4644058227539 41.4472081502279 41.4300104777018 41.4128128051758 41.4403004964193 41.4826833089193 41.5250661214193 41.5674489339193 41.6098317464193 41.6522145589193 41.6945973714193 41.7330200195313 41.7595621744792 41.7861043294271 41.812646484375 41.8391886393229 41.8657307942708 41.8922729492188 41.9188151041667 41.9430999755859 41.9666324191623 41.9901648627387 42.0136973063151 42.0372297498915 42.0607621934679 42.0842946370443 42.1100440979004 42.1424446105957 42.174845123291 42.2072456359863 42.2396461486816 42.272046661377
41.7464172363281 41.7434794108073 41.7405415852865 41.7014465332032 41.6502990722657 41.5991516113282 41.5480041503906 41.4968566894532 41.4457092285157 41.3945617675782 41.352028910319 41.3353398640951 41.3186508178711 41.3019617716471 41.2852727254232 41.2685836791992 41.2518946329753 41.2352055867513 41.2636077880859 41.3070404052734 41.3504730224609 41.3939056396485 41.4373382568359 41.4807708740234 41.524203491211 41.564414469401 41.594960530599 41.6255065917969 41.6560526529948 41.6865987141927 41.7171447753906 41.7476908365885 41.7782368977865 41.8058013916016 41.8323720296224 41.8589426676432 41.8855133056641 41.9120839436849 41.9386545817057 41.9652252197266 41.9943951924642 42.0313631693522 42.0683311462402 42.1052991231283 42.1422671000163 42.1792350769043
41.6103617350261 41.5983310275608 41.5863003200955 41.5424540201823 41.4880025227865 41.4335510253907 41.3790995279948 41.324648030599 41.2701965332032 41.2157450358073 41.17086130778 41.1546808878581 41.1385004679362 41.1223200480144 41.1061396280925 41.0899592081706 41.0737787882487 41.0575983683269 41.0869150797526 41.1313975016276 41.1758799235026 41.2203623453776 41.2648447672526 41.3093271891276 41.3538096110026 41.3958089192708 41.4303588867188 41.4649088541667 41.4994588216146 41.5340087890625 41.5685587565104 41.6031087239583 41.6376586914063 41.6685028076172 41.6981116400825 41.7277204725477 41.757329305013 41.7869381374783 41.8165469699436 41.8461558024089 41.878746287028 41.9202817281087 41.9618171691895 42.0033526102702 42.0448880513509 42.0864234924316
41.4857958475749 41.4681739807129 41.4505521138509 41.4043863932292 41.3487060546875 41.2930257161459 41.2373453776042 41.1816650390625 41.1259847005209 41.0703043619792 41.0257389492459 41.0145183139377 41.0032976786296 40.9920770433214 40.9808564080132 40.9696357727051 40.9584151373969 40.9471945020888 40.9731389363607 41.0114717271593 41.0498045179579 41.0881373087565 41.1264700995551 41.1648028903537 41.2031356811524 41.2417306688097 41.2811122470432 41.3204938252767 41.3598754035102 41.3992569817437 41.4386385599772 41.4780201382107 41.5174017164442 41.551459757487 41.5837432861328 41.6160268147786 41.6483103434245 41.6805938720703 41.7128774007161 41.745160929362 41.7808132595486 41.8265719943576 41.8723307291667 41.9180894639757 41.9638481987847 42.0096069335937
41.3727195739746 41.3530082702637 41.3332969665528 41.2872436523438 41.2324096679688 41.1775756835938 41.1227416992188 41.0679077148438 41.0130737304688 40.9582397460938 40.9166618347168 40.914852142334 40.9130424499512 40.9112327575684 40.9094230651855 40.9076133728027 40.9058036804199 40.9039939880371 40.9222793579102 40.9472630818685 40.9722468058268 40.9972305297852 41.0222142537435 41.0471979777018 41.0721817016602 41.1021797180176 41.1472206115723 41.192261505127 41.2373023986816 41.2823432922363 41.327384185791 41.3724250793457 41.4174659729004 41.4546722412109 41.4892669677734 41.5238616943359 41.5584564208984 41.5930511474609 41.6276458740234 41.6622406005859 41.700596110026 41.7502339680989 41.7998718261719 41.8495096842448 41.8991475423177 41.9487854003906
