data/working_set_collections/6091692-Cassins_Sparrow-MC/2005/bio7.asc
NCOLS 265 
NROWS 230 
XLLCORNER -115.5625 
YLLCORNER 24.8333333333333 
CELLSIZE 0.0833333333333333 
NODATA_value -9999 
[rows 180 to 199 of 230, columns 184 to 229 of 265]
30.1238187154134 30.005045996772 29.8862732781305 29.7744870503744 29.6650296529134 29.5555722554525 29.4461148579916 29.3366574605306 29.2272000630697 29.1177426656087 29.0178338792589 28.9465709262424 28.8753079732259 28.8040450202094 28.732782067193 28.6615191141764 28.59025616116 28.5189932081435 28.4403877258301 28.3593347337511 28.2782817416721 28.1972287495931 28.1161757575141 28.0351227654352 27.9540697733562 27.8644735548232 27.7492476569282 27.6340217590333 27.5187958611383 27.4035699632433 27.2883440653484 27.1731181674534 27.0578922695584 26.8423380533855 26.5933410644532 26.344344075521 26.0953470865886 25.8463500976564 25.5973531087241 25.3483561197918 25.0996896531848 24.8520147535538 24.6043398539227 24.3566649542917 24.1089900546606 23.8613151550295
30.0693016052246 29.961233774821 29.8531659444174 29.7457817077637 29.6386253356934 29.5314689636231 29.4243125915528 29.3171562194824 29.2099998474121 29.1028434753418 29.0034100850423 28.9271456400554 28.8508811950684 28.7746167500814 28.6983523050944 28.6220878601074 28.5458234151205 28.4695589701335 28.3805686950684 28.2873364766439 28.1941042582194 28.100872039795 28.0076398213705 27.914407602946 27.8211753845215 27.721688079834 27.6034355163575 27.4851829528809 27.3669303894044 27.2486778259278 27.1304252624512 27.0121726989747 26.8939201354981 26.6449523925782 26.3524129231772 26.0598734537762 25.7673339843751 25.4747945149741 25.1822550455731 24.889715576172 24.5903673807782 24.2705930074058 23.9508186340334 23.631044260661 23.3112698872886 22.9914955139162
30.0147844950358 29.91742155287 29.8200586107042 29.717076365153 29.6122210184733 29.5073656717937 29.402510325114 29.2976549784343 29.1927996317546 29.0879442850749 28.9889862908258 28.9077203538683 28.8264544169108 28.7451884799534 28.6639225429959 28.5826566060384 28.501390669081 28.4201247321235 28.3207496643067 28.2153382195367 28.1099267747668 28.0045153299968 27.8991038852268 27.7936924404569 27.6882809956869 27.5789026048449 27.4576233757867 27.3363441467286 27.2150649176704 27.0937856886123 26.9725064595541 26.8512272304959 26.7299480014378 26.4475667317709 26.1114847819012 25.7754028320314 25.4393208821616 25.1032389322918 24.767156982422 24.4310750325522 24.0810451083715 23.6891712612578 23.297297414144 22.9054235670304 22.5135497199167 22.1216758728029
29.960267384847 29.8736093309191 29.7869512769911 29.6883710225423 29.5858167012533 29.4832623799642 29.3807080586752 29.2781537373861 29.175599416097 29.073045094808 28.9745624966092 28.8882950676812 28.8020276387533 28.7157602098253 28.6294927808974 28.5432253519694 28.4569579230415 28.3706904941135 28.260930633545 28.1433399624295 28.0257492913141 27.9081586201986 27.7905679490832 27.6729772779677 27.5553866068523 27.4361171298557 27.311811235216 27.1875053405762 27.0631994459365 26.9388935512967 26.814587656657 26.6902817620172 26.5659758673775 26.2501810709636 25.8705566406251 25.4909322102866 25.111307779948 24.7316833496095 24.352058919271 23.9724344889324 23.5717228359648 23.1077495151098 22.6437761942548 22.1798028733998 21.7158295525448 21.2518562316897
29.9057502746582 29.8297971089681 29.753843943278 29.6596656799317 29.5594123840332 29.4591590881348 29.3589057922364 29.2586524963379 29.1583992004395 29.058145904541 28.9601387023926 28.8688697814942 28.7776008605957 28.6863319396973 28.5950630187989 28.5037940979004 28.412525177002 28.3212562561035 28.2011116027832 28.0713417053223 27.9415718078614 27.8118019104004 27.6820320129395 27.5522621154786 27.4224922180176 27.2933316548666 27.1659990946452 27.0386665344239 26.9113339742025 26.7840014139812 26.6566688537598 26.5293362935385 26.4020037333171 26.0527954101564 25.6296284993491 25.2064615885418 24.7832946777345 24.3601277669272 23.93696085612 23.5137939453126 23.0624005635581 22.5263277689618 21.9902549743654 21.4541821797691 20.9181093851728 20.3820365905764
29.8512331644694 29.7859848870172 29.7207366095649 29.630960337321 29.5330080668132 29.4350557963054 29.3371035257975 29.2391512552897 29.1411989847819 29.0432467142741 28.945714908176 28.8494444953071 28.7531740824382 28.6569036695693 28.5606332567003 28.4643628438314 28.3680924309625 28.2718220180936 28.1412925720215 27.9993434482151 27.8573943244087 27.7154452006023 27.5734960767958 27.4315469529894 27.289597829183 27.1505461798774 27.0201869540745 26.8898277282715 26.7594685024686 26.6291092766656 26.4987500508627 26.3683908250597 26.2380315992568 25.8554097493491 25.3887003580731 24.921990966797 24.455281575521 23.9885721842449 23.5218627929689 23.0551534016929 22.5530782911515 21.9449060228138 21.3367337544761 20.7285614861385 20.1203892178009 -9999
29.8217320760091 29.7637337578668 29.7057354397244 29.6163317362468 29.5164595709907 29.4165874057346 29.3167152404785 29.2168430752225 29.1169709099664 29.0170987447103 28.9166060553657 28.8142517937555 28.7118975321452 28.609543270535 28.5071890089247 28.4048347473145 28.3024804857043 28.200126224094 28.059681447347 27.9065398322212 27.7533982170953 27.6002566019695 27.4471149868436 27.2939733717177 27.1408317565919 26.9887193467883 26.8396945529515 26.6906697591147 26.5416449652779 26.3926201714411 26.2435953776043 26.0945705837675 25.9455457899307 25.5121671040855 24.9840037875708 24.4558404710561 23.9276771545413 23.3995138380265 22.8713505215118 22.343187204997 21.7921315511071 21.1723988850915 20.5526662190758 19.9329335530602 19.3132008870446 18.6934682210289
29.8172470092774 29.7630437215169 29.7088404337565 29.615779876709 29.5097668965658 29.4037539164226 29.2977409362793 29.1917279561361 29.0857149759929 28.9797019958496 28.8728121439616 28.7632916768392 28.6537712097168 28.5442507425944 28.434730275472 28.3252098083496 28.2156893412273 28.1061688741049 27.9562782287598 27.7929308573405 27.6295834859213 27.466236114502 27.3028887430827 27.1395413716635 26.9761940002442 26.807851155599 26.6245218912761 26.4411926269532 26.2578633626303 26.0745340983074 25.8912048339845 25.7078755696616 25.5245463053387 25.0230674743654 24.415538787842 23.8080101013186 23.2004814147951 22.5929527282718 21.9854240417484 21.3778953552249 20.7795603434248 20.2088063557946 19.6380523681643 19.0672983805341 18.496544392904 -9999
29.8127619425456 29.7623536851671 29.7119454277886 29.6152280171712 29.5030742221409 29.3909204271105 29.2787666320801 29.1666128370497 29.0544590420194 28.942305246989 28.8290182325575 28.712331559923 28.5956448872884 28.4789582146539 28.3622715420194 28.2455848693848 28.1288981967503 28.0122115241157 27.8528750101726 27.6793218824599 27.5057687547472 27.3322156270346 27.1586624993219 26.9851093716092 26.8115562438965 26.6269829644098 26.4093492296008 26.1917154947917 25.9740817599827 25.7564480251737 25.5388142903647 25.3211805555557 25.1035468207467 24.5339678446454 23.8470737881133 23.1601797315812 22.473285675049 21.786391618517 21.0994975619849 20.4126035054527 19.7669891357424 19.2452138264977 18.7234385172528 18.2016632080081 17.6798878987633 -9999
29.8082768758138 29.7616636488173 29.7150504218208 29.6146761576335 29.496381547716 29.3780869377984 29.2597923278809 29.1414977179634 29.0232031080458 28.9049084981283 28.7852243211535 28.6613714430068 28.5375185648601 28.4136656867134 28.2898128085667 28.16595993042 28.0421070522733 27.9182541741266 27.7494717915853 27.5657129075793 27.3819540235732 27.1981951395671 27.014436255561 26.830677371555 26.6469184875489 26.4461147732206 26.1941765679255 25.9422383626303 25.6903001573352 25.4383619520401 25.1864237467449 24.9344855414498 24.6825473361547 24.0448682149254 23.2786087883846 22.5123493618439 21.746089935303 20.9798305087623 20.2135710822215 19.4473116556807 18.7544179280602 18.2816212972009 17.8088246663414 -9999 -9999 -9999
29.803791809082 29.7609736124675 29.7181554158529 29.6141242980957 29.489688873291 29.3652534484864 29.2408180236817 29.116382598877 28.9919471740723 28.8675117492676 28.7414304097494 28.6104113260905 28.4793922424317 28.3483731587728 28.217354075114 28.0863349914551 27.9553159077963 27.8242968241374 27.6460685729981 27.4521039326986 27.2581392923992 27.0641746520997 26.8702100118002 26.6762453715007 26.4822807312012 26.2652465820313 25.9790039062501 25.6927612304688 25.4065185546876 25.1202758789064 24.8340332031251 24.5477905273439 24.2615478515627 23.5557685852053 22.7101437886559 21.8645189921065 21.0188941955569 20.1732693990075 19.3276446024581 18.4820198059085 17.7418467203779 17.3180287679039 -9999 -9999 -9999 -9999
29.7993067423503 29.7602835761176 29.721260409885 29.613572438558 29.4829961988661 29.3524199591743 29.2218437194824 29.0912674797906 28.9606912400988 28.8301150004069 28.6976364983453 28.5594512091743 28.4212659200033 28.2830806308323 28.1448953416613 28.0067100524903 27.8685247633193 27.7303394741483 27.5426653544109 27.338494957818 27.1343245612251 26.9301541646322 26.7259837680393 26.5218133714465 26.3176429748536 26.0843783908421 25.7638312445748 25.4432840983074 25.12273695204 24.8021898057727 24.4816426595053 24.161095513238 23.8405483669706 23.0666689554853 22.1416787889272 21.2166886223691 20.2916984558108 19.3667082892527 -9999 -9999 -9999 -9999 -9999 -9999 -9999 -9999
29.7897132873535 29.7537896898058 29.717866092258 29.6076032002767 29.4725605434842 29.3375178866917 29.2024752298991 29.0674325731066 28.9323899163141 28.7973472595215 28.6604220920139 28.5178493923612 28.3752766927084 28.2327039930556 28.0901312934028 27.94755859375 27.8049858940973 27.6624131944445 27.470376332601 27.2618514166938 27.0533265007867 26.8448015848796 26.6362766689725 26.4277517530654 26.2192268371582 25.9713481479222 25.6054081386991 25.239468129476 24.873528120253 24.5075881110299 24.1416481018068 23.7757080925837 23.4097680833607 22.5911300659182 21.6215927124027 20.6520553588871 19.6825180053714 18.7129806518558 -9999 -9999 -9999 -9999 -9999 -9999 -9999 -9999
29.7750114440918 29.7414919535319 29.707972462972 29.596216583252 29.4583819071452 29.3205472310385 29.1827125549317 29.0448778788249 28.9070432027181 28.7692085266114 28.6297871907552 28.4856058756511 28.3414245605469 28.1972432454427 28.0530619303386 27.9088806152344 27.7646993001302 27.6205179850261 27.4292015075684 27.2221733093262 27.015145111084 26.8081169128418 26.6010887145997 26.3940605163575 26.1870323181153 25.9261558532716 25.5037345886232 25.0813133239747 24.6588920593263 24.2364707946779 23.8140495300294 23.391628265381 22.9692070007326 22.1291519165042 21.1498855590823 20.1706192016605 19.1913528442385 -9999 -9999 -9999 -9999 -9999 -9999 -9999 -9999 -9999
29.7603096008301 29.729194217258 29.698078833686 29.5848299662272 29.4442032708062 29.3035765753852 29.1629498799642 29.0223231845432 28.8816964891222 28.7410697937012 28.5991522894966 28.453362358941 28.3075724283854 28.1617824978299 28.0159925672744 27.8702026367188 27.7244127061632 27.5786227756077 27.3880266825358 27.1824952019586 26.9769637213814 26.7714322408041 26.5659007602268 26.3603692796496 26.1548377990723 25.880963558621 25.4020610385472 24.9231585184734 24.4442559983997 23.9653534783259 23.4864509582521 23.0075484381783 22.5286459181046 21.6671737670901 20.678178405762 19.6891830444339 -9999 -9999 -9999 -9999 -9999 -9999 -9999 -9999 -9999 -9999
29.7456077575684 29.7168964809842 29.6881852044 29.5734433492025 29.4300246344673 29.286605919732 29.1431872049968 28.9997684902615 28.8563497755263 28.712931060791 28.5685173882379 28.421118842231 28.273720296224 28.1263217502171 27.9789232042101 27.8315246582032 27.6841261121962 27.5367275661893 27.3468518575033 27.142817094591 26.9387823316787 26.7347475687663 26.530712805854 26.3266780429417 26.1226432800293 25.8357712639704 25.3003874884713 24.7650037129721 24.229619937473 23.6942361619739 23.1588523864748 22.6234686109757 22.0880848354766 21.205195617676 20.2064712524417 -9999 -9999 -9999 -9999 -9999 -9999 -9999 -9999 -9999 -9999 -9999
29.7309059143066 29.7045987447103 29.6782915751139 29.5620567321778 29.4158459981283 29.2696352640788 29.1234245300293 28.9772137959798 28.8310030619304 28.6847923278809 28.5378824869792 28.3888753255209 28.2398681640625 28.0908610026042 27.9418538411459 27.7928466796875 27.6438395182292 27.4948323567709 27.3056770324707 27.1031389872234 26.900600941976 26.6980628967286 26.4955248514812 26.2929868062338 26.0904487609864 25.7905789693198 25.1987139383954 24.6068489074708 24.0149838765464 23.423118845622 22.8312538146974 22.239388783773 21.6475237528485 20.743217468262 19.7347640991214 -9999 17.7178573608401 -9999 -9999 -9999 -9999 -9999 -9999 -9999 -9999 -9999
29.7162040710449 29.6923010084364 29.6683979458279 29.550670115153 29.4016673617893 29.2526646084256 29.1036618550619 28.9546591016982 28.8056563483345 28.6566535949707 28.5072475857205 28.3566318088108 28.2060160319011 28.0554002549914 27.9047844780816 27.7541687011719 27.6035529242622 27.4529371473525 27.2645022074382 27.0634608798557 26.8624195522733 26.6613782246908 26.4603368971083 26.2592955695259 26.0582542419434 25.7453866746692 25.0970403883194 24.4486941019695 23.8003478156198 23.15200152927 22.5036552429201 21.8553089565703 21.2069626702205 20.2812393188479 19.2630569458011 -9999 -9999 -9999 -9999 -9999 -9999 -9999 -9999 -9999 -9999 -9999
29.6845583597819 29.6593030293783 29.6340476989746 29.5151893615723 29.3651300218371 29.2150706821018 29.0650113423666 28.9149520026313 28.7648926628961 28.6148333231608 28.464663526747 28.3141623602974 28.1636611938477 28.013160027398 27.8626588609484 27.7121576944987 27.5616565280491 27.4111553615994 27.2242586771648 27.0252301534017 26.8262016296387 26.6271731058757 26.4281445821127 26.2291160583497 26.0300875345866 25.7048511928984 25.000991397434 24.2971316019695 23.5932718065052 22.8894120110408 22.1855522155764 21.481692420112 20.7778326246476 19.8490564982099 18.8453082614478 17.8415600246857 -9999 -9999 -9999 -9999 -9999 -9999 -9999 -9999 -9999 -9999
29.6359687805176 29.6056048075358 29.5752408345541 29.4556144714356 29.3062339782715 29.1568534851075 29.0074729919434 28.8580924987793 28.7087120056153 28.5593315124512 28.4101303100586 28.2614669799805 28.1128036499024 27.9641403198243 27.8154769897461 27.666813659668 27.5181503295899 27.3694869995118 27.1849464416504 26.9884468078614 26.7919471740723 26.5954475402832 26.3989479064942 26.2024482727051 26.0059486389161 25.6689725240073 24.9105669657392 24.1521614074709 23.3937558492027 22.6353502909345 21.8769447326662 21.118539174398 20.3601336161298 19.4466690063479 18.4815180460615 -9999 -9999 -9999 -9999 -9999 -9999 -9999 -9999 -9999 -9999 -9999
