data/working_set_collections/6091692-Cassins_Sparrow-MC/2005/bio7.asc
NCOLS 265 
NROWS 230 
XLLCORNER -115.5625 
YLLCORNER 24.8333333333333 
CELLSIZE 0.0833333333333333 
NODATA_value -9999 
[rows 20 to 39 of 230, columns 0 to 45 of 265]
40.6721318562826 40.717936706543 40.7637415568034 40.8095464070638 40.8553512573242 40.9011561075846 40.9469609578451 41.031475575765 41.1288934495714 41.2263113233778 41.3237291971842 41.4211470709907 41.5185649447971 41.6159828186035 41.7016844855414 41.7522375318739 41.8027905782064 41.8533436245388 41.9038966708713 41.9544497172038 42.0050027635362 42.0555558098687 42.1055768330892 42.1554205152724 42.2052641974555 42.2551078796387 42.3049515618218 42.354795244005 42.4046389261881 42.4664747450087 42.5642869737413 42.6620992024739 42.7599114312066 42.8577236599392 42.9555358886719 43.0533481174045 43.1511603461371 43.1780192057292 43.1812269422743 43.1844346788195 43.1876424153646 43.1908501519098 43.1940578884549 43.197265625 43.1608785841201 43.0057072109647
40.5939000447591 40.6358474731445 40.6777949015299 40.7197423299154 40.7616897583008 40.8036371866862 40.8455846150716 40.9299898783366 41.0285477532281 41.1271056281196 41.2256635030111 41.3242213779025 41.4227792527941 41.5213371276855 41.6089447869195 41.6637017991808 41.7184588114421 41.7732158237033 41.8279728359646 41.8827298482259 41.9374868604872 41.9922438727485 42.0507311503092 42.1104618496365 42.1701925489638 42.229923248291 42.2896539476183 42.3493846469455 42.4091153462728 42.4760179307725 42.5644361707899 42.6528544108073 42.7412726508246 42.829690890842 42.9181091308594 43.0065273708767 43.0949456108941 43.0959920247396 43.0679144965278 43.039836968316 43.0117594401042 42.9836819118924 42.9556043836806 42.9275268554688 42.8728118048775 42.7381841871474
40.5156682332357 40.5537582397461 40.5918482462565 40.6299382527669 40.6680282592773 40.7061182657878 40.7442082722982 40.8285041809082 40.9282020568848 41.0278999328613 41.1275978088379 41.2272956848144 41.326993560791 41.4266914367676 41.5162050882975 41.5751660664876 41.6341270446777 41.6930880228678 41.752049001058 41.811009979248 41.8699709574381 41.9289319356283 41.9958854675293 42.0655031840006 42.135120900472 42.2047386169434 42.2743563334147 42.3439740498861 42.4135917663574 42.4855611165364 42.5645853678385 42.6436096191406 42.7226338704427 42.8016581217448 42.8806823730469 42.9597066243489 43.038730875651 43.01396484375 42.9546020507813 42.8952392578125 42.8358764648438 42.776513671875 42.7171508789063 42.6577880859376 42.5847450256348 42.4706611633301
40.4374364217122 40.4716690063477 40.5059015909831 40.5401341756185 40.5743667602539 40.6085993448893 40.6428319295247 40.7270184834798 40.8278563605414 40.9286942376031 41.0295321146647 41.1303699917263 41.231207868788 41.3320457458496 41.4234653896756 41.4866303337945 41.5497952779134 41.6129602220323 41.6761251661513 41.7392901102702 41.8024550543891 41.865619998508 41.9410397847493 42.0205445183648 42.1000492519802 42.1795539855957 42.2590587192111 42.3385634528266 42.418068186442 42.4951043023003 42.5647345648871 42.6343648274739 42.7039950900608 42.7736253526476 42.8432556152344 42.9128858778212 42.982516140408 42.9319376627605 42.8412896050348 42.7506415473091 42.6599934895834 42.5693454318577 42.478697374132 42.3880493164063 42.2966782463922 42.2031381395129
40.4880570305718 40.5242464701334 40.5604359096951 40.5966253492567 40.6328147888183 40.66900422838 40.7051936679416 40.7842280069987 40.8775439792209 40.9708599514431 41.0641759236653 41.1574918958875 41.2508078681098 41.344123840332 41.4305873446994 41.4964934455024 41.5623995463053 41.6283056471083 41.6942117479112 41.7601178487142 41.8260239495171 41.8919300503201 41.9547470092773 42.016534254286 42.0783214992947 42.1401087443034 42.2018959893121 42.2636832343208 42.3254704793294 42.3846532185873 42.4360224405925 42.4873916625977 42.5387608846029 42.5901301066081 42.6414993286133 42.6928685506185 42.7442377726237 42.693153889974 42.6079189724393 42.5226840549046 42.4374491373698 42.3522142198351 42.2669793023004 42.1817443847657 42.0985521952312 42.0214881896973
40.6675300598144 40.7114906311035 40.7554512023925 40.7994117736816 40.8433723449707 40.8873329162597 40.9312934875488 41.0001327514648 41.0772649129231 41.1543970743815 41.2315292358398 41.3086613972981 41.3857935587565 41.4629257202148 41.5375709533691 41.6047554016113 41.6719398498535 41.7391242980957 41.8063087463379 41.87349319458 41.9406776428222 42.0078620910644 42.0370071411133 42.0534723917643 42.0699376424154 42.0864028930664 42.1028681437175 42.1193333943685 42.1357986450196 42.1542078653972 42.1784489949545 42.2026901245118 42.2269312540691 42.2511723836264 42.2754135131837 42.299654642741 42.3238957722982 42.2976135253907 42.2544901529949 42.211366780599 42.1682434082032 42.1251200358073 42.0819966634115 42.0388732910157 41.9903668721517 41.9257113138835
40.847003089057 40.8987347920735 40.95046649509 41.0021981981065 41.053929901123 41.1056616041395 41.157393307156 41.216037495931 41.2769858466254 41.3379341973198 41.3988825480143 41.4598308987087 41.5207792494032 41.5817276000976 41.6445545620388 41.7130173577202 41.7814801534017 41.8499429490831 41.9184057447645 41.9868685404459 42.0553313361274 42.1237941318088 42.1192672729492 42.0904105292426 42.061553785536 42.0326970418294 42.0038402981229 41.9749835544163 41.9461268107097 41.9237625122071 41.9208755493164 41.9179885864258 41.9151016235352 41.9122146606446 41.909327697754 41.9064407348633 41.9035537719727 41.9020731608073 41.9010613335504 41.9000495062934 41.8990376790365 41.8980258517795 41.8970140245226 41.8960021972656 41.8821815490723 41.8299344380697
41.0264761182997 41.0859789530436 41.1454817877875 41.2049846225314 41.2644874572754 41.3239902920193 41.3834931267632 41.4319422403971 41.4767067803277 41.5214713202582 41.5662358601888 41.6110004001193 41.6557649400499 41.7005294799804 41.7515381707085 41.8212793138292 41.8910204569499 41.9607616000705 42.0305027431912 42.1002438863118 42.1699850294325 42.2397261725531 42.2015274047852 42.1273486667209 42.0531699286567 41.9789911905925 41.9048124525282 41.830633714464 41.7564549763998 41.693317159017 41.6633021036784 41.6332870483399 41.6032719930013 41.5732569376628 41.5432418823243 41.5132268269857 41.4832117716472 41.506532796224 41.5476325141059 41.5887322319879 41.6298319498698 41.6709316677518 41.7120313856337 41.7531311035156 41.7739962259929 41.7341575622559
41.2059491475423 41.2732231140136 41.340497080485 41.4077710469563 41.4750450134277 41.542318979899 41.6095929463704 41.6478469848632 41.6764277140299 41.7050084431966 41.7335891723632 41.7621699015299 41.7907506306966 41.8193313598633 41.8585217793782 41.9295412699381 42.000560760498 42.0715802510579 42.1425997416178 42.2136192321777 42.2846387227376 42.3556582132975 42.2837875366211 42.1642868041992 42.0447860717774 41.9252853393555 41.8057846069336 41.6862838745118 41.5667831420899 41.4628718058269 41.4057286580404 41.348585510254 41.2914423624675 41.2342992146811 41.1771560668946 41.1200129191082 41.0628697713217 41.1109924316407 41.1942036946615 41.2774149576823 41.3606262207032 41.443837483724 41.5270487467448 41.6102600097656 41.6658109029134 41.6383806864421
41.3854221767849 41.4604672749837 41.5355123731825 41.6105574713813 41.68560256958 41.7606476677788 41.8356927659776 41.8637517293294 41.8761486477322 41.888545566135 41.9009424845377 41.9133394029405 41.9257363213433 41.9381332397461 41.9655053880479 42.0378032260471 42.1101010640462 42.1823989020453 42.2546967400445 42.3269945780436 42.3992924160427 42.4715902540419 42.3660476684571 42.2012249416776 42.036402214898 41.8715794881185 41.706756761339 41.5419340345595 41.37711130778 41.2324264526368 41.1481552124024 41.063883972168 40.9796127319337 40.8953414916993 40.8110702514649 40.7267990112305 40.6425277709962 40.7154520670573 40.840774875217 40.9660976833768 41.0914204915365 41.2167432996962 41.3420661078559 41.4673889160156 41.557625579834 41.5426038106283
41.516776614719 41.5831926981608 41.6496087816026 41.7160248650445 41.7824409484863 41.8488570319281 41.91527311537 41.9323649088542 41.9330152723524 41.9336656358507 41.934315999349 41.9349663628472 41.9356167263455 41.9362670898438 41.9533476935493 42.0197190178765 42.0860903422038 42.152461666531 42.2188329908583 42.2852043151856 42.3515756395128 42.4179469638401 42.299116007487 42.1185509575739 41.9379859076606 41.7574208577474 41.5768558078343 41.396290757921 41.2157257080079 41.0544960021973 40.9512723286947 40.8480486551921 40.7448249816895 40.6416013081869 40.5383776346843 40.4351539611817 40.3319302876791 40.4234392801921 40.5798591613769 40.7362790425618 40.8926989237467 41.0491188049316 41.2055386861165 41.3619585673014 41.478529103597 41.4755516052246
41.6000124613444 41.6413993835449 41.6827863057454 41.724173227946 41.7655601501465 41.806947072347 41.8483339945475 41.8536865234375 41.8470275878906 41.8403686523438 41.8337097167969 41.82705078125 41.8203918457031 41.8137329101563 41.8220486958822 41.8752886454265 41.9285285949707 41.981768544515 42.0350084940593 42.0882484436035 42.1414883931478 42.1947283426921 42.082992553711 41.9162648518881 41.7495371500652 41.5828094482423 41.4160817464193 41.2493540445964 41.0826263427735 40.9290804545085 40.8150800069173 40.7010795593262 40.5870791117351 40.4730786641439 40.3590782165528 40.2450777689617 40.1310773213705 40.2349540710449 40.4114565531413 40.5879590352376 40.764461517334 40.9409639994303 41.1174664815267 41.293968963623 41.4285214742025 41.4372240702311
41.6832483079698 41.699606068929 41.7159638298882 41.7323215908474 41.7486793518066 41.7650371127658 41.781394873725 41.7750081380208 41.7610399034288 41.7470716688368 41.7331034342448 41.7191351996528 41.7051669650608 41.6911987304688 41.6907496982151 41.7308582729764 41.7709668477376 41.8110754224989 41.8511839972602 41.8912925720215 41.9314011467828 41.9715097215441 41.866869099935 41.7139787462023 41.5610883924697 41.408198038737 41.2553076850044 41.1024173312717 40.9495269775391 40.8036649068197 40.67888768514 40.5541104634603 40.4293332417807 40.304556020101 40.1797787984213 40.0550015767416 39.9302243550619 40.0464688618978 40.2430539449056 40.4396390279134 40.6362241109212 40.832809193929 41.0293942769368 41.2259793599446 41.378513844808 41.3988965352376
41.7664841545953 41.7578127543132 41.749141354031 41.7404699537489 41.7317985534668 41.7231271531847 41.7144557529026 41.6963297526042 41.675052218967 41.6537746853299 41.6324971516927 41.6112196180556 41.5899420844184 41.5686645507813 41.559450700548 41.5864279005263 41.6134051005046 41.6403823004829 41.6673595004612 41.6943367004395 41.7213139004178 41.7482911003961 41.6507456461589 41.5116926405166 41.3726396348742 41.2335866292318 41.0945336235895 40.9554806179471 40.8164276123047 40.6782493591309 40.5426953633627 40.4071413675944 40.2715873718262 40.136033376058 40.0004793802898 39.8649253845215 39.7293713887533 39.8579836527506 40.0746513366699 40.2913190205892 40.5079867045084 40.7246543884277 40.941322072347 41.1579897562662 41.3285062154134 41.3605690002441
41.8497200012207 41.8160194396973 41.7823188781738 41.7486183166504 41.714917755127 41.6812171936035 41.6475166320801 41.6176513671875 41.5890645345052 41.5604777018229 41.5318908691406 41.5033040364584 41.4747172037761 41.4461303710938 41.4281517028809 41.4419975280762 41.4558433532715 41.4696891784668 41.4835350036621 41.4973808288575 41.5112266540528 41.5250724792481 41.4346221923829 41.3094065348308 41.1841908772787 41.0589752197266 40.9337595621745 40.8085439046224 40.6833282470704 40.5528338114421 40.4065030415853 40.2601722717286 40.1138415018718 39.967510732015 39.8211799621583 39.6748491923015 39.5285184224447 39.6694984436035 39.9062487284342 40.142999013265 40.3797492980957 40.6164995829264 40.8532498677571 41.0900001525879 41.2784985860189 41.3222414652506
41.9329558478461 41.8742261250814 41.8154964023166 41.7567666795519 41.6980369567871 41.6393072340224 41.5805775112576 41.5389729817709 41.5030768500434 41.467180718316 41.4312845865886 41.3953884548611 41.3594923231337 41.3235961914063 41.2968527052138 41.2975671556261 41.2982816060384 41.2989960564508 41.2997105068631 41.3004249572754 41.3011394076877 41.3018538581001 41.2184987386068 41.107120429145 40.9957421196832 40.8843638102214 40.7729855007596 40.6616071912978 40.550228881836 40.4274182637533 40.270310719808 40.1132031758627 39.9560956319174 39.798988087972 39.6418805440267 39.4847730000814 39.3276654561361 39.4810132344564 39.7378461201985 39.9946790059408 40.2515118916829 40.5083447774251 40.7651776631673 41.0220105489095 41.2284909566243 41.2839139302572
41.8989787631565 41.8292071024577 41.7594354417589 41.6896637810601 41.6198921203614 41.5501204596626 41.4803487989638 41.4326972961426 41.3924191792806 41.3521410624186 41.3118629455567 41.2715848286947 41.2313067118327 41.1910285949707 41.1601998223199 41.1577190823025 41.1552383422852 41.1527576022678 41.1502768622505 41.1477961222331 41.1453153822157 41.1428346421984 41.0708638509115 40.9757297092014 40.8805955674913 40.7854614257813 40.6903272840712 40.5951931423611 40.5000590006511 40.3908323499892 40.2393281724718 40.0878239949544 39.9363198174371 39.7848156399197 39.6333114624023 39.481807284885 39.3303031073676 39.4858296712239 39.7436998155381 40.0015699598524 40.2594401041666 40.5173102484808 40.7751803927951 41.0330505371093 41.2385181003146 41.2867779201931
41.7477887471517 41.6809623718262 41.6141359965007 41.5473096211752 41.4804832458496 41.4136568705241 41.3468304951986 41.2988243103028 41.2570915222168 41.2153587341309 41.173625946045 41.131893157959 41.0901603698731 41.0484275817871 41.0181930541992 41.0224533081055 41.0267135620117 41.030973815918 41.0352340698242 41.0394943237305 41.0437545776367 41.048014831543 40.9917175292969 40.915234375 40.8387512207031 40.7622680664063 40.6857849121094 40.6093017578125 40.5328186035156 40.4430760701498 40.3135553995768 40.1840347290039 40.054514058431 39.9249933878581 39.7954727172852 39.6659520467122 39.5364313761393 39.6839477539062 39.923809814453 40.1636718749999 40.4035339355468 40.6433959960937 40.8832580566406 41.1231201171874 41.3085800170898 41.3308334350586
41.596598731147 41.5327176411947 41.4688365512424 41.4049554612902 41.3410743713379 41.2771932813857 41.2133121914334 41.1649513244629 41.121763865153 41.0785764058431 41.0353889465332 40.9922014872233 40.9490140279134 40.9058265686035 40.8761862860786 40.8871875339084 40.8981887817383 40.9091900295682 40.920191277398 40.9311925252279 40.9421937730577 40.9531950208876 40.9125712076823 40.8547390407986 40.7969068739149 40.7390747070313 40.6812425401476 40.6234103732639 40.5655782063802 40.4953197903103 40.3877826266819 40.2802454630534 40.1727082994249 40.0651711357964 39.957633972168 39.8500968085395 39.742559644911 39.8820658365885 40.103919813368 40.3257737901475 40.547627766927 40.7694817437065 40.9913357204861 41.2131896972656 41.378641933865 41.374888949924
41.4454087151422 41.3844729105632 41.3235371059842 41.2626013014052 41.2016654968262 41.1407296922472 41.0797938876682 41.0310783386231 40.9864362080892 40.9417940775554 40.8971519470215 40.8525098164877 40.8078676859538 40.76322555542 40.7341795179579 40.7519217597114 40.7696640014649 40.7874062432183 40.8051484849718 40.8228907267253 40.8406329684787 40.8583752102322 40.8334248860677 40.7942437065972 40.7550625271267 40.7158813476563 40.6767001681858 40.6375189887153 40.5983378092448 40.5475635104709 40.4620098537869 40.3764561971029 40.2909025404188 40.2053488837348 40.1197952270508 40.0342415703668 39.9486879136827 40.0801839192708 40.2840298122829 40.4878757052951 40.6917215983072 40.8955674913194 41.0994133843316 41.3032592773437 41.4487038506402 41.4189444647895
