data/working_set_collections/6091692-Cassins_Sparrow-MC/2005/bio8.asc
NCOLS 265 
NROWS 230 
XLLCORNER -115.5625 
YLLCORNER 24.8333333333333 
CELLSIZE 0.0833333333333333 
NODATA_value -9999 
[rows 100 to 119 of 230, columns 184 to 229 of 265]
25.4175464630127 25.1271127065023 24.8366789499919 24.9523895740508 25.2034816582997 25.4545737425485 25.7056658267974 25.9567579110462 26.2078499952951 26.458942079544 26.6658507506052 26.7402091821034 26.8145676136016 26.8889260450998 26.9632844765981 27.0376429080963 27.1120013395945 27.1863597710927 27.2263810634613 27.2549566427867 27.283532222112 27.3121078014374 27.3406833807627 27.3692589600881 27.3978345394135 27.403196255366 27.3389163812002 27.2746365070343 27.2103566328684 27.1460767587026 27.0817968845367 27.0175170103709 26.953237136205 26.9413007259368 26.9468121369679 26.952323547999 26.9578349590301 26.9633463700612 26.9688577810923 26.9743691921233 26.9761731147765 26.9668545722961 26.9575360298156 26.9482174873351 26.9388989448547 26.9295804023742
25.4182542165121 25.137229707506 24.8562051985 25.0147462368011 25.3198091242048 25.6248720116084 25.9299348990122 26.2349977864158 26.5400606738195 26.8451235612232 27.0781334929995 27.0949845578935 27.1118356227874 27.1286866876814 27.1455377525753 27.1623888174693 27.1792398823632 27.1960909472571 27.2167552153269 27.238690551122 27.2606258869171 27.2825612227122 27.3044965585073 27.3264318943024 27.3483672300975 27.3627016862234 27.3542335033417 27.34576532046 27.3372971375783 27.3288289546966 27.320360771815 27.3118925889333 27.3034244060516 27.3087985197702 27.3187867323557 27.3287749449411 27.3387631575266 27.348751370112 27.3587395826975 27.3687277952829 27.3755468474493 27.3728584183586 27.3701699892679 27.3674815601772 27.3647931310865 27.3621047019958
25.3729610919953 25.1472431023916 24.9215251127879 25.1120647748311 25.4413569874233 25.7706492000155 26.0999414126078 26.4292336252 26.7585258377922 27.0878180503845 27.3315959135691 27.3188307285309 27.3060655434926 27.2933003584544 27.2805351734161 27.2677699883779 27.2550048033396 27.2422396183014 27.2518659909566 27.2689562161763 27.2860464413961 27.3031366666158 27.3202268918355 27.3373171170552 27.354407342275 27.3654578314887 27.3583891126845 27.3513203938802 27.344251675076 27.3371829562717 27.3301142374675 27.3230455186632 27.315976799859 27.3213839371999 27.330949693256 27.340515449312 27.3500812053681 27.3596469614241 27.3692127174802 27.3787784735362 27.3857616901398 27.3849972883861 27.3842328866323 27.3834684848786 27.3827040831248 27.3819396813711
25.2816670894623 25.1571528911591 25.0326386928559 25.2443451881408 25.5681252479552 25.8919053077697 26.2156853675842 26.5394654273986 26.863245487213 27.1870255470275 27.4262380123138 27.4117476940155 27.3972573757172 27.3827670574188 27.3682767391205 27.3537864208221 27.3392961025238 27.3248057842255 27.3317133903503 27.3457536379496 27.3597938855489 27.3738341331482 27.3878743807475 27.4019146283467 27.415954875946 27.4114646911621 27.3513832092285 27.2913017272949 27.2312202453614 27.1711387634278 27.1110572814942 27.0509757995606 26.990894317627 26.9790569782258 26.9833010196686 26.9875450611115 26.9917891025544 26.9960331439973 27.0002771854401 27.004521226883 27.0068176428478 27.0032711823782 26.9997247219086 26.9961782614391 26.9926318009695 26.9890853404999
25.1903730869293 25.1670626799266 25.1437522729238 25.3766256014505 25.6948935084872 26.0131614155238 26.3314293225606 26.6496972295972 26.9679651366339 27.2862330436706 27.5208801110585 27.5046646595001 27.4884492079417 27.4722337563833 27.4560183048248 27.4398028532664 27.423587401708 27.4073719501495 27.411560789744 27.4225510597229 27.4335413297017 27.4445315996806 27.4555218696594 27.4665121396383 27.4775024096171 27.4574715508355 27.3443773057726 27.2312830607097 27.1181888156467 27.0050945705838 26.8920003255209 26.778906080458 26.665811835395 26.6367300192516 26.6356523460813 26.634574672911 26.6334969997407 26.6324193265704 26.6313416534 26.6302639802297 26.6278735955557 26.6215450763703 26.6152165571849 26.6088880379995 26.6025595188141 26.5962309996288
25.0990790843964 25.176972468694 25.2548658529917 25.5089060147603 25.8216617690192 26.134417523278 26.447173277537 26.7599290317958 27.0726847860547 27.3854405403137 27.6155222098033 27.5975816249847 27.5796410401662 27.5617004553477 27.5437598705292 27.5258192857106 27.5078787008921 27.4899381160736 27.4914081891378 27.4993484814962 27.5072887738546 27.515229066213 27.5231693585714 27.5311096509298 27.5390499432882 27.5034784105089 27.3373714023167 27.1712643941244 27.0051573859321 26.8390503777399 26.6729433695476 26.5068363613553 26.3407293531631 26.2944030602773 26.2880036724939 26.2816042847104 26.2752048969269 26.2688055091435 26.26240612136 26.2560067335765 26.2489295482636 26.2398189703624 26.2307083924612 26.22159781456 26.2124872366588 26.2033766587576
25.0077850818634 25.1868822574615 25.3659794330596 25.64118642807 25.9484300295511 26.2556736310322 26.5629172325134 26.8701608339945 27.1774044354756 27.4846480369567 27.710164308548 27.6904985904693 27.6708328723907 27.6511671543121 27.6315014362335 27.6118357181549 27.5921700000763 27.5725042819977 27.5712555885315 27.5761459032694 27.5810362180074 27.5859265327453 27.5908168474833 27.5957071622213 27.6005974769592 27.5494852701823 27.3303654988607 27.1112457275391 26.8921259562175 26.6730061848959 26.4538864135743 26.2347666422527 26.0156468709311 25.9520761013032 25.9403549989065 25.9286338965099 25.9169127941132 25.9051916917166 25.8934705893199 25.8817494869233 25.8699855009715 25.8580928643545 25.8462002277375 25.8343075911205 25.8224149545034 25.8105223178864
24.9164910793304 25.196792046229 25.4770930131275 25.7734668413797 26.0751982900831 26.3769297387864 26.6786611874898 26.9803926361931 27.2821240848964 27.5838555335998 27.8048064072927 27.783415555954 27.7620247046153 27.7406338532766 27.7192430019379 27.6978521505992 27.6764612992604 27.6550704479217 27.6511029879252 27.6529433250427 27.6547836621602 27.6566239992777 27.6584643363952 27.6603046735128 27.6621450106303 27.5954921298557 27.3233595954048 27.0512270609538 26.7790945265029 26.506961992052 26.234829457601 25.9626969231501 25.6905643886991 25.609749142329 25.5927063253191 25.5756635083093 25.5586206912995 25.5415778742897 25.5245350572799 25.50749224027 25.4910414536795 25.4763667583466 25.4616920630138 25.4470173676809 25.4323426723481 25.4176679770152
24.8134108861287 25.120230462816 25.4270500395032 25.7455207506815 26.0678751733567 26.390229596032 26.7125840187072 27.0349384413824 27.3572928640577 27.6796472867329 27.915401453442 27.8913548522525 27.867308251063 27.8432616498735 27.819215048684 27.7951684474945 27.771121846305 27.7470752451155 27.7215970675151 27.6956416977776 27.6696863280402 27.6437309583028 27.6177755885654 27.591820218828 27.5658648490906 27.4781816005708 27.2053147157034 26.932447830836 26.6595809459687 26.3867140611014 26.113847176234 25.8409802913666 25.5681134064993 25.4823049227397 25.4588492393494 25.4353935559591 25.4119378725688 25.3884821891785 25.3650265057882 25.3415708223979 25.3199773947398 25.3039707342784 25.2879640738169 25.2719574133555 25.2559507528941 25.2399440924327
24.6985445022583 24.9571975072225 25.2158505121866 25.5573481559753 25.9264606793721 26.2955732027689 26.6646857261657 27.0337982495625 27.4029107729593 27.7720232963561 28.041949446996 28.014316479365 27.986683511734 27.959050544103 27.931417576472 27.9037846088409 27.8761516412099 27.8485186735789 27.782737827301 27.7042410214742 27.6257442156474 27.5472474098206 27.4687506039938 27.390253798167 27.3117569923401 27.1975536823274 26.9762308597566 26.7549080371857 26.5335852146149 26.3122623920441 26.0909395694733 25.8696167469025 25.6482939243317 25.5697434425354 25.5387837409973 25.5078240394592 25.4768643379211 25.4459046363831 25.414944934845 25.3839852333069 25.3567933241526 25.3409047921499 25.3250162601471 25.3091277281443 25.2932391961416 25.2773506641388
24.5836781183878 24.7941645516289 25.00465098487 25.3691755612691 25.7850461853874 26.2009168095058 26.6167874336242 27.0326580577426 27.4485286818609 27.8643993059793 28.16849744055 28.1372781064775 28.106058772405 28.0748394383324 28.0436201042599 28.0124007701874 27.9811814361148 27.9499621020423 27.843878587087 27.7128403451708 27.5818021032546 27.4507638613383 27.3197256194221 27.1886873775059 27.0576491355897 26.9169257640839 26.7471470038097 26.5773682435354 26.4075894832612 26.2378107229869 26.0680319627126 25.8982532024384 25.7284744421641 25.6571819623311 25.6187182426453 25.5802545229594 25.5417908032735 25.5033270835876 25.4648633639018 25.4263996442159 25.3936092535655 25.3778388500214 25.3620684464773 25.3462980429331 25.330527639389 25.3147572358449
24.4688117345174 24.6311315960354 24.7934514575534 25.1810029665629 25.6436316914028 26.1062604162427 26.5688891410827 27.0315178659226 27.4941465907625 27.9567753156025 28.2950454341041 28.26023973359 28.225434033076 28.1906283325619 28.1558226320479 28.1210169315338 28.0862112310198 28.0514055305057 27.905019346873 27.7214396688674 27.5378599908617 27.3542803128561 27.1707006348505 26.9871209568448 26.8035412788392 26.6362978458405 26.5180631478628 26.3998284498851 26.2815937519074 26.1633590539297 26.045124355952 25.9268896579743 25.8086549599966 25.7446204821269 25.6986527442932 25.6526850064596 25.6067172686259 25.5607495307922 25.5147817929586 25.4688140551249 25.4304251829783 25.4147729078929 25.3991206328074 25.383468357722 25.3678160826365 25.3521638075511
24.353945350647 24.4680986404419 24.5822519302368 24.9928303718566 25.5022171974181 26.0116040229796 26.5209908485412 27.0303776741027 27.5397644996642 28.0491513252257 28.4215934276581 28.3832013607025 28.3448092937469 28.3064172267914 28.2680251598358 28.2296330928802 28.1912410259247 28.1528489589691 27.966160106659 27.7300389925639 27.4939178784689 27.2577967643738 27.0216756502788 26.7855545361838 26.5494334220887 26.3556699275971 26.2889792919159 26.2222886562348 26.1555980205536 26.0889073848725 26.0222167491913 25.9555261135101 25.888835477829 25.8320590019226 25.7785872459412 25.7251154899597 25.6716437339783 25.6181719779968 25.5647002220154 25.5112284660339 25.4672411123912 25.4517069657644 25.4361728191376 25.4206386725108 25.405104525884 25.3895703792572
24.2390789667765 24.3050656848484 24.3710524029202 24.8046577771504 25.3608027034335 25.9169476297165 26.4730925559997 27.0292374822827 27.5853824085658 28.1415273348489 28.5481414212121 28.506162987815 28.4641845544179 28.4222061210208 28.3802276876238 28.3382492542267 28.2962708208296 28.2542923874325 28.0273008664449 27.7386383162605 27.4499757660761 27.1613132158916 26.8726506657071 26.5839881155227 26.2953255653382 26.0750420093537 26.0598954359691 26.0447488625845 26.0296022891999 26.0144557158152 25.9993091424306 25.984162569046 25.9690159956614 25.9194975217183 25.8585217475891 25.7975459734599 25.7365701993307 25.6755944252014 25.6146186510722 25.553642876943 25.504057041804 25.4886410236359 25.4732250054677 25.4578089872996 25.4423929691315 25.4269769509633
24.1950030485789 24.241013235516 24.2870234224531 24.7339332898457 25.3144763840568 25.8950194782679 26.4755625724791 27.0561056666903 27.6366487609014 28.2171918551126 28.6362901210785 28.5710539023082 28.5058176835378 28.4405814647675 28.3753452459971 28.3101090272268 28.2448728084565 28.1796365896861 27.9464214801789 27.6572134070927 27.3680053340065 27.0787972609203 26.7895891878341 26.5003811147479 26.2111730416616 25.9961722638872 26.0037933720483 26.0114144802093 26.0190355883704 26.0266566965315 26.0342778046926 26.0418989128537 26.0495200210147 26.004425017039 25.9417579756843 25.8790909343296 25.8164238929749 25.7537568516201 25.6910898102654 25.6284227689107 25.5772068182627 25.5603441397349 25.5434814612071 25.5266187826792 25.5097561041514 25.4928934256236
24.2217175960541 24.2759412924448 24.3301649888356 24.7806569099425 25.3632382392882 25.9458195686339 26.5284008979796 27.1109822273253 27.693563556671 28.2761448860167 28.6860395272573 28.577874104182 28.4697086811066 28.3615432580312 28.2533778349559 28.1452124118805 28.0370469888052 27.9288815657298 27.7235219478608 27.4857642650605 27.2480065822602 27.0102488994599 26.7724912166596 26.5347335338593 26.296975851059 26.1190606911977 26.1206731001536 26.1222855091095 26.1238979180654 26.1255103270213 26.1271227359772 26.1287351449331 26.1303475538889 26.0868414878845 26.0282959302266 25.9697503725688 25.9112048149109 25.852659257253 25.7941136995951 25.7355681419373 25.6866904417674 25.6668163140615 25.6469421863556 25.6270680586497 25.6071939309438 25.5873198032379
24.2484321435292 24.3108693493737 24.3733065552181 24.8273805300394 25.4120000945196 25.9966196589998 26.5812392234801 27.1658587879603 27.7504783524406 28.3350979169209 28.7357889334361 28.5846943060557 28.4335996786754 28.282505051295 28.1314104239147 27.9803157965343 27.8292211691539 27.6781265417736 27.5006224155427 27.3143151230283 27.1280078305139 26.9417005379995 26.7553932454851 26.5690859529708 26.3827786604564 26.2419491185082 26.2375528282589 26.2331565380096 26.2287602477603 26.224363957511 26.2199676672617 26.2155713770125 26.2111750867632 26.1692579587301 26.114833884769 26.060409810808 26.0059857368469 25.9515616628859 25.8971375889248 25.8427135149638 25.796174065272 25.7732884883881 25.7504029115041 25.7275173346201 25.7046317577362 25.6817461808522
24.2751466910044 24.3457974063025 24.4164481216007 24.8741041501362 25.460761949751 26.0474197493657 26.6340775489806 27.2207353485954 27.8073931482101 28.394050947825 28.7855383396149 28.5915145079295 28.3974906762441 28.2034668445588 28.0094430128734 27.815419181188 27.6213953495026 27.4273715178173 27.2777228832245 27.1428659809961 27.0080090787676 26.8731521765391 26.7382952743107 26.6034383720822 26.4685814698537 26.3648375458187 26.3544325563643 26.3440275669098 26.3336225774553 26.3232175880008 26.3128125985463 26.3024076090919 26.2920026196374 26.2516744295756 26.2013718393114 26.1510692490472 26.100766658783 26.0504640685187 26.0001614782545 25.9498588879903 25.9056576887766 25.8797606627146 25.8538636366526 25.8279666105906 25.8020695845286 25.7761725584666
24.3018612384796 24.3807254632314 24.4595896879832 24.920827770233 25.5095238049824 26.0982198397317 26.6869158744811 27.2756119092304 27.8643079439797 28.4530039787291 28.8352877457937 28.5983347098033 28.3613816738129 28.1244286378225 27.8874756018322 27.6505225658417 27.4135695298514 27.176616493861 27.0548233509064 26.9714168389639 26.8880103270213 26.8046038150788 26.7211973031362 26.6377907911937 26.5543842792511 26.4877259731293 26.4713122844696 26.4548985958099 26.4384849071503 26.4220712184906 26.4056575298309 26.3892438411713 26.3728301525116 26.3340909004211 26.2879097938538 26.2417286872864 26.195547580719 26.1493664741516 26.1031853675842 26.0570042610168 26.0151413122813 25.9862328370412 25.9573243618011 25.9284158865611 25.899507411321 25.8705989360809
24.3285757859548 24.4156535201602 24.5027312543657 24.9675513903299 25.5582856602137 26.1490199300976 26.7397541999816 27.3304884698654 27.9212227397493 28.5119570096333 28.8850371519725 28.6051549116771 28.3252726713817 28.0453904310863 27.7655081907909 27.4856259504955 27.2057437102001 26.9258614699047 26.8319238185883 26.7999676969317 26.768011575275 26.7360554536184 26.7040993319617 26.6721432103051 26.6401870886485 26.6106144004398 26.5881920125749 26.5657696247101 26.5433472368452 26.5209248489804 26.4985024611155 26.4760800732507 26.4536576853858 26.4165073712667 26.3744477483961 26.3323881255256 26.290328502655 26.2482688797845 26.2062092569139 26.1641496340434 26.1246249357859 26.0927050113678 26.0607850869497 26.0288651625315 25.9969452381134 25.9650253136953
