data/working_set_collections/6091692-Cassins_Sparrow-MC/2005/bio8.asc
NCOLS 265 
NROWS 230 
XLLCORNER -115.5625 
YLLCORNER 24.8333333333333 
CELLSIZE 0.0833333333333333 
NODATA_value -9999 
[rows 200 to 219 of 230, columns 46 to 91 of 265]
-9999 -9999 -9999 -9999 -9999 -9999 -9999 -9999 -9999 -9999 -9999 -9999 -9999 -9999 -9999 30.2160683472951 30.3023708926307 30.3886734379662 30.4749759833018 30.5612785286374 30.6475810739729 30.5920861721039 30.4893254545 30.3865647368961 30.2838040192922 30.1810433016883 30.0782825840844 29.9755218664805 29.8030286100176 29.4213377369775 29.0396468639374 28.6579559908973 28.2762651178572 27.8945742448171 27.512883371777 27.1311924987369 26.643567276001 26.1206306033665 25.5976939307319 25.0747572580974 24.5518205854628 24.0288839128282 23.5059472401937 23.0007415559557 22.5487288369073 22.0967161178589
-9999 -9999 -9999 -9999 -9999 -9999 -9999 -9999 -9999 -9999 -9999 -9999 -9999 -9999 -9999 -9999 30.1773932192061 30.2663070943621 30.355220969518 30.444134844674 30.53304871983 30.5007961750031 30.4281548235152 30.3555134720273 30.2828721205394 30.2102307690515 30.1375894175635 30.0649480660756 29.9206139299605 29.5612014399635 29.2017889499665 28.8423764599695 28.4829639699724 28.1235514799754 27.7641389899784 27.4047264999813 26.9419551849365 26.4447309282091 25.9475066714816 25.4502824147542 24.9530581580268 24.4558339012993 23.9586096445719 23.4696003172133 23.0052357779608 22.5408712387085
-9999 -9999 -9999 -9999 -9999 -9999 -9999 -9999 -9999 -9999 -9999 -9999 -9999 -9999 -9999 -9999 -9999 30.1439407507579 30.2354659557343 30.3269911607107 30.4185163656871 30.4095061779022 30.3669841925303 30.3244622071584 30.2819402217865 30.2394182364146 30.1968962510427 30.1543742656708 30.0381992499034 29.7010651429494 29.3639310359955 29.0267969290416 28.6896628220876 28.3525287151337 28.0153946081798 27.6782605012258 27.2403430938721 26.7688312530518 26.2973194122314 25.8258075714112 25.3542957305909 24.8827838897705 24.4112720489502 23.9384590784709 23.4617427190145 22.9850263595581
-9999 -9999 -9999 -9999 -9999 -9999 -9999 -9999 -9999 -9999 -9999 -9999 -9999 -9999 -9999 -9999 -9999 -9999 -9999 30.2098474767473 30.3039840115441 30.3182161808014 30.3058135615455 30.2934109422896 30.2810083230337 30.2686057037777 30.2562030845218 30.2438004652659 30.1557845698463 29.8409288459354 29.5260731220246 29.2112173981137 28.8963616742028 28.581505950292 28.2666502263811 27.9517945024702 27.5387310028076 27.0929315778945 26.6471321529812 26.2013327280681 25.7555333031549 25.3097338782416 24.8639344533285 24.4073178397285 23.9182496600681 23.4291814804077
-9999 -9999 -9999 -9999 -9999 -9999 -9999 -9999 -9999 -9999 -9999 -9999 -9999 -9999 -9999 -9999 -9999 -9999 -9999 -9999 30.1894408014086 30.21892563502 30.2263589964973 30.2337923579746 30.2412257194519 30.2486590809292 30.2560924424066 30.2635258038839 30.1986131456164 29.9166624281142 29.634711710612 29.3527609931099 29.0708102756076 28.7888595581055 28.5069088406033 28.2249581231011 27.8305501619975 27.3986564530267 26.9667627440558 26.5348690350851 26.1029753261143 25.6710816171434 25.2391879081726 24.7912593576644 24.2952262825436 23.7991932074229
-9999 -9999 -9999 -9999 -9999 -9999 -9999 -9999 -9999 -9999 -9999 -9999 -9999 -9999 -9999 -9999 -9999 -9999 -9999 -9999 -9999 30.1116345405579 30.1286204973857 30.1456064542135 30.1625924110413 30.1795783678691 30.1965643246969 30.2135502815247 30.1666849772136 29.9282658894857 29.6898468017578 29.45142771403 29.2130086263021 28.9745895385742 28.7361704508464 28.4977513631185 28.1158005714417 27.6860058784485 27.2562111854553 26.8264164924622 26.396621799469 25.9668271064758 25.5370324134827 25.0902836322785 24.592672586441 24.0950615406037
29.1367898623149 29.0881490389506 -9999 -9999 -9999 -9999 -9999 -9999 -9999 -9999 -9999 -9999 -9999 -9999 -9999 -9999 -9999 -9999 -9999 -9999 -9999 -9999 30.0308819982741 30.0574205504523 30.0839591026306 30.1104976548089 30.1370362069872 30.1635747591654 30.1347568088108 29.9398693508572 29.7449818929037 29.5500944349501 29.3552069769965 29.160319519043 28.9654320610894 28.7705446031358 28.4010509808859 27.9733553038704 27.5456596268548 27.1179639498393 26.6902682728238 26.2625725958082 25.8348769187928 25.3893079068926 24.8901188903385 24.3909298737844
29.1442377408346 29.1055113156637 -9999 -9999 -9999 -9999 -9999 -9999 -9999 -9999 -9999 -9999 -9999 -9999 -9999 -9999 -9999 -9999 -9999 -9999 -9999 -9999 -9999 29.9692346466912 30.00532579422 30.0414169417487 30.0775080892775 30.1135992368062 30.102828640408 29.9514728122287 29.8001169840495 29.6487611558702 29.497405327691 29.3460494995117 29.1946936713325 29.0433378431532 28.68630139033 28.2607047292922 27.8351080682543 27.4095114072164 26.9839147461786 26.5583180851406 26.1327214241028 25.6883321815067 25.1875651942359 24.6867982069652
29.1516856193543 29.1228735923767 -9999 -9999 -9999 -9999 -9999 -9999 -9999 -9999 -9999 -9999 -9999 -9999 -9999 -9999 -9999 -9999 -9999 -9999 -9999 -9999 -9999 -9999 29.9266924858093 29.9723362286886 30.0179799715678 30.063623714447 30.0709004720052 29.9630762736003 29.8552520751953 29.7474278767904 29.6396036783854 29.5317794799805 29.4239552815755 29.3161310831705 28.9715517997742 28.548054154714 28.1245565096537 27.7010588645935 27.2775612195333 26.8540635744731 26.4305659294129 25.9873564561209 25.4850114981333 24.9826665401459
29.1591334978739 29.1402358690898 29.1213382403056 -9999 -9999 -9999 -9999 -9999 -9999 -9999 -9999 -9999 -9999 -9999 -9999 -9999 -9999 -9999 -9999 -9999 -9999 -9999 -9999 -9999 -9999 -9999 -9999 -9999 30.0389723036024 29.9746797349718 29.9103871663411 29.8460945977105 29.7818020290798 29.7175094604492 29.6532168918186 29.5889243231879 29.2568022092184 28.8354035801358 28.4140049510532 27.9926063219707 27.5712076928881 27.1498090638055 26.7284104347229 26.286380730735 25.7824578020308 25.2785348733267
29.102666536967 29.1031912697686 29.1037160025703 -9999 -9999 -9999 -9999 -9999 -9999 -9999 -9999 -9999 -9999 -9999 -9999 -9999 -9999 -9999 -9999 -9999 -9999 -9999 -9999 -9999 -9999 -9999 -9999 -9999 30.016469473309 29.9783142142826 29.9401589552562 29.9020036962297 29.8638484372033 29.8256931781769 29.7875379191505 29.749382660124 29.4348540147146 29.0282009071775 28.6215477996403 28.2148946921031 27.808241584566 27.4015884770287 26.9949353694916 26.5638563262092 26.0594994756911 25.555142625173
28.9822847366333 29.0117397944133 29.0411948521932 29.0706499099731 29.1001049677531 -9999 -9999 -9999 -9999 -9999 -9999 -9999 -9999 -9999 -9999 -9999 -9999 -9999 -9999 -9999 -9999 -9999 -9999 -9999 -9999 -9999 -9999 -9999 30.0033919811249 29.9739797115326 29.9445674419403 29.915155172348 29.8857429027557 29.8563306331635 29.8269183635712 29.7975060939789 29.5057072162629 29.1264461358389 28.7471850554149 28.3679239749909 27.9886628945669 27.6094018141429 27.2301407337189 26.8197832425436 26.3161365191142 25.8124897956849
28.8619029362996 28.9202883190579 28.9786737018161 29.0370590845744 29.0954444673326 -9999 -9999 -9999 -9999 -9999 -9999 -9999 -9999 -9999 -9999 -9999 -9999 -9999 -9999 -9999 -9999 -9999 -9999 -9999 -9999 -9999 -9999 -9999 29.9903144889408 29.9696452087826 29.9489759286245 29.9283066484663 29.9076373683082 29.88696808815 29.8662988079919 29.8456295278337 29.5765604178111 29.2246913645003 28.8728223111895 28.5209532578787 28.1690842045679 27.817215151257 27.4653460979462 27.075710158878 26.5727735625373 26.0698369661967
28.741521135966 28.8288368437025 28.9161525514391 29.0034682591756 29.0907839669121 -9999 -9999 -9999 -9999 -9999 -9999 -9999 -9999 -9999 -9999 -9999 -9999 -9999 -9999 -9999 -9999 -9999 -9999 -9999 -9999 -9999 -9999 -9999 29.9772369967567 29.9653107060326 29.9533844153086 29.9414581245846 29.9295318338606 29.9176055431366 29.9056792524126 29.8937529616886 29.6474136193594 29.3229365931617 28.9984595669641 28.6739825407664 28.3495055145688 28.0250284883711 27.7005514621735 27.3316370752123 26.8294106059604 26.3271841367086
28.6211393356323 28.7373853683472 28.853631401062 28.9698774337768 29.0861234664917 -9999 -9999 -9999 -9999 -9999 -9999 -9999 -9999 -9999 -9999 -9999 -9999 -9999 -9999 -9999 -9999 -9999 -9999 -9999 -9999 -9999 -9999 -9999 29.9641595045726 29.9609762032827 29.9577929019928 29.9546096007029 29.951426299413 29.9482429981232 29.9450596968333 29.9418763955434 29.7182668209076 29.4211818218232 29.1240968227387 28.8270118236542 28.5299268245697 28.2328418254852 27.9357568264008 27.5875639915467 27.0860476493836 26.5845313072205
28.5007575352987 28.6459338929918 28.791110250685 28.9362866083781 29.0814629660712 -9999 -9999 29.1869033018748 -9999 -9999 -9999 -9999 -9999 -9999 -9999 -9999 -9999 -9999 -9999 -9999 -9999 -9999 -9999 -9999 -9999 -9999 -9999 29.8960401852926 29.9510820123884 29.9566417005327 29.962201388677 29.9677610768212 29.9733207649655 29.9788804531097 29.984440141254 29.9899998293982 29.7891200224559 29.5194270504846 29.2497340785133 28.980041106542 28.7103481345707 28.4406551625993 28.170962190628 27.843490907881 27.3426846928067 26.8418784777324
28.4728370825449 28.6218870321909 28.7709369818369 28.9199869314829 29.0690368811289 -9999 -9999 -9999 -9999 -9999 -9999 -9999 -9999 -9999 -9999 -9999 -9999 -9999 -9999 -9999 -9999 -9999 -9999 -9999 -9999 -9999 29.7922720697191 29.8637205441793 29.9205497953627 29.9335213767158 29.9464929580689 29.9594645394219 29.972436120775 29.9854077021281 29.9983792834812 30.0113508648343 29.8383408228557 29.6033369064331 29.3683329900106 29.1333290735881 28.8983251571656 28.663321240743 28.4283173243205 28.1281764030457 27.632624467214 27.1370725313823
28.5373779773712 28.6652447859446 28.793111594518 28.9209784030914 29.0488452116648 -9999 29.1835738658905 -9999 -9999 -9999 -9999 -9999 -9999 -9999 -9999 -9999 -9999 -9999 -9999 -9999 -9999 -9999 -9999 -9999 -9999 -9999 29.7467500368754 29.8159213066101 29.8725628534953 29.8916152318319 29.9106676101685 29.929719988505 29.9487723668416 29.9678247451782 29.9868771235148 30.0059295018514 29.865929222107 29.6729113896688 29.4798935572306 29.2868757247925 29.0938578923543 28.9008400599162 28.707822227478 28.4416204770407 27.9558669726054 27.4701134681702
28.6019188721974 28.7086025396982 28.8152862071991 28.9219698746999 29.0286535422007 -9999 -9999 -9999 -9999 -9999 -9999 -9999 -9999 -9999 -9999 -9999 -9999 -9999 -9999 -9999 -9999 -9999 -9999 -9999 -9999 -9999 -9999 29.7681220690409 29.8245759116279 29.849709086948 29.8748422622681 29.8999754375882 29.9251086129083 29.9502417882284 29.9753749635484 30.0005081388685 29.8935176213583 29.7424858729045 29.5914541244507 29.4404223759969 29.2893906275431 29.1383588790893 28.9873271306355 28.7550645510356 28.2791094779968 27.8031544049581
28.6664597670237 28.7519602934519 28.8374608198802 28.9229613463084 29.0084618727366 29.0939623991648 -9999 -9999 -9999 -9999 -9999 -9999 -9999 -9999 -9999 -9999 -9999 -9999 -9999 -9999 -9999 -9999 -9999 -9999 -9999 -9999 -9999 -9999 29.7765889697605 29.8078029420641 29.8390169143677 29.8702308866713 29.9014448589749 29.9326588312785 29.9638728035821 29.9950867758857 29.9211060206096 29.8120603561402 29.7030146916707 29.5939690272013 29.4849233627319 29.3758776982625 29.2668320337931 29.0685086250306 28.6023519833883 28.1361953417461
