data/working_set_collections/6091692-Cassins_Sparrow-MC/2005/bio8.asc
NCOLS 265 
NROWS 230 
XLLCORNER -115.5625 
YLLCORNER 24.8333333333333 
CELLSIZE 0.0833333333333333 
NODATA_value -9999 
[rows 80 to 99 of 230, columns 138 to 183 of 265]
23.422114610672 23.6729128360748 23.9237110614777 24.1745092868805 24.3125602245331 24.4130287329356 24.5134972413381 24.6139657497406 24.7144342581431 24.8149027665456 24.9153712749481 25.0202268600464 25.1382436752319 25.2562604904175 25.374277305603 25.4922941207885 25.6103109359741 25.7283277511596 25.8463445663452 25.9307058970133 26.0038487328423 26.0769915686713 26.1501344045003 26.2232772403293 26.2964200761583 26.3695629119873 26.4389940632714 26.4972901609209 26.5555862585703 26.6138823562198 26.6721784538693 26.7304745515187 26.7887706491682 26.8470667468177 26.4472676277161 25.8947701030308 25.3422725783455 24.7897750536601 24.2372775289748 23.6847800042894 23.132282479604 22.7216581132675 22.7366532219779 22.7516483306883 22.7666434393987 22.7816385481091
23.0034352779388 23.2839107036591 23.5643861293793 23.8448615550994 24.0162947177887 24.1513804594676 24.2864662011464 24.4215519428253 24.5566376845042 24.691723426183 24.8268091678619 24.9602219263712 25.0886157353719 25.2170095443725 25.3454033533732 25.4737971623738 25.6021909713745 25.7305847803751 25.8589785893758 25.9439523061116 26.0144526587592 26.0849530114068 26.1554533640544 26.2259537167019 26.2964540693495 26.3669544219971 26.4360413498349 26.5008880032433 26.5657346566518 26.6305813100603 26.6954279634687 26.7602746168772 26.8251212702857 26.8899679236942 26.6149786949158 26.2267108387418 25.8384429825677 25.4501751263936 25.0619072702196 24.6736394140455 24.2853715578714 23.9998040093314 24.022337383694 24.0448707580565 24.067404132419 24.0899375067815
22.5847559452057 22.8949085712433 23.2050611972809 23.5152138233185 23.7200292110443 23.8897321859996 24.0594351609548 24.22913813591 24.3988411108653 24.5685440858205 24.7382470607757 24.9002169926961 25.0389877955119 25.1777585983276 25.3165294011434 25.4553002039591 25.5940710067749 25.7328418095906 25.8716126124064 25.9571987152099 26.0250565846761 26.0929144541422 26.1607723236084 26.2286301930745 26.2964880625407 26.3643459320068 26.4330886363983 26.5044858455658 26.5758830547333 26.6472802639007 26.7186774730682 26.7900746822357 26.8614718914032 26.9328691005707 26.7826897621155 26.5586515744527 26.3346133867899 26.1105751991271 25.8865370114643 25.6624988238016 25.4384606361388 25.2779499053953 25.3080215454099 25.3380931854246 25.3681648254392 25.3982364654539
22.1660766124725 22.5059064388275 22.8457362651825 23.1855660915374 23.4237637042999 23.6280839125315 23.8324041207631 24.0367243289947 24.2410445372263 24.4453647454579 24.6496849536896 24.840212059021 24.9893598556518 25.1385076522827 25.2876554489135 25.4368032455444 25.5859510421753 25.7350988388061 25.884246635437 25.9704451243083 26.035660510593 26.1008758968777 26.1660912831624 26.2313066694471 26.2965220557319 26.3617374420166 26.4301359229617 26.5080836878882 26.5860314528147 26.6639792177412 26.7419269826677 26.8198747475942 26.8978225125207 26.9757702774471 26.9504008293152 26.8905923101637 26.8307837910122 26.7709752718607 26.7111667527092 26.6513582335577 26.5915497144062 26.5560958014592 26.593705707126 26.6313156127928 26.6689255184595 26.7065354241263
21.951095591651 22.2951600074768 22.6392244233025 22.9832888391282 23.2379360198974 23.4627774556477 23.6876188913981 23.9124603271484 24.1373017628987 24.362143198649 24.5869846343994 24.7945776356591 24.9504253334469 25.1062730312347 25.2621207290225 25.4179684268103 25.5738161245982 25.729663822386 25.8855115201738 25.9742204984029 26.0405499034458 26.1068793084886 26.1732087135315 26.2395381185743 26.3058675236172 26.3721969286601 26.4422382778591 26.5234154595269 26.6045926411946 26.6857698228624 26.7669470045301 26.8481241861979 26.9293013678656 27.0104785495334 27.0441651980082 27.062021668752 27.0798781394958 27.0977346102397 27.1155910809835 27.1334475517273 27.1513040224711 27.1747600926293 27.2150149610307 27.2552698294322 27.2955246978336 27.335779566235
21.9398128827412 22.2626692771911 22.585525671641 22.9083820660908 23.1625461578369 23.3938128153483 23.6250794728596 23.8563461303711 24.0876127878824 24.3188794453938 24.5501461029052 24.7633137226104 24.9221842288971 25.0810547351837 25.2399252414703 25.3987957477569 25.5576662540436 25.7165367603302 25.8754072666168 25.9685248374939 26.0397247632344 26.110924688975 26.1821246147156 26.2533245404561 26.3245244661967 26.3957243919372 26.4693957010905 26.5504811604817 26.631566619873 26.7126520792643 26.7937375386556 26.8748229980469 26.9559084574381 27.0369939168294 27.0639828681946 27.0729396502177 27.0818964322408 27.0908532142639 27.099809996287 27.1087667783101 27.1177235603333 27.1339427789052 27.1719493071238 27.2099558353424 27.247962363561 27.2859688917796
21.9285301738314 22.2301785469055 22.5318269199795 22.8334752930534 23.0871562957763 23.3248481750488 23.5625400543212 23.8002319335937 24.0379238128662 24.2756156921386 24.5133075714111 24.7320498095618 24.8939431243472 25.0558364391327 25.2177297539181 25.3796230687035 25.541516383489 25.7034096982744 25.8653030130598 25.9628291765849 26.0388996230231 26.1149700694614 26.1910405158996 26.2671109623379 26.3431814087762 26.4192518552144 26.4965531243218 26.5775468614366 26.6585405985514 26.7395343356662 26.820528072781 26.9015218098958 26.9825155470106 27.0635092841254 27.0838005383809 27.0838576316833 27.0839147249858 27.0839718182882 27.0840289115906 27.084086004893 27.0841430981954 27.0931254651811 27.1288836532169 27.1646418412526 27.2004000292884 27.2361582173241
21.9172474649217 22.1976878166198 22.478128168318 22.7585685200161 23.0117664337158 23.2558835347493 23.5000006357828 23.7441177368164 23.9882348378499 24.2323519388834 24.476469039917 24.7007858965132 24.8657020197974 25.0306181430816 25.1955342663659 25.3604503896501 25.5253665129343 25.6902826362186 25.8551987595028 25.9571335156758 26.0380744828118 26.1190154499478 26.1999564170837 26.2808973842197 26.3618383513556 26.4427793184916 26.5237105475531 26.6046125623915 26.6855145772298 26.7664165920681 26.8473186069064 26.9282206217448 27.0091226365831 27.0900246514214 27.1036182085673 27.094775613149 27.0859330177307 27.0770904223124 27.0682478268941 27.0594052314758 27.0505626360575 27.052308151457 27.08581799931 27.1193278471629 27.1528376950158 27.1863475428687
21.9059647560119 22.1651970863342 22.4244294166564 22.6836617469787 22.9363765716552 23.1869188944498 23.4374612172444 23.688003540039 23.9385458628336 24.1890881856282 24.4396305084228 24.6695219834645 24.8374609152476 25.0053998470306 25.1733387788136 25.3412777105967 25.5092166423797 25.6771555741628 25.8450945059458 25.9514378547668 26.0372493426005 26.1230608304341 26.2088723182678 26.2946838061015 26.3804952939351 26.4663067817688 26.5508679707845 26.6316782633463 26.7124885559082 26.79329884847 26.8741091410319 26.9549194335937 27.0357297261556 27.1165400187174 27.1234358787537 27.1056935946147 27.0879513104757 27.0702090263367 27.0524667421977 27.0347244580587 27.0169821739197 27.011490837733 27.042752345403 27.0740138530731 27.1052753607432 27.1365368684133
21.8946820471021 22.1327063560485 22.3707306649949 22.6087549739413 22.8609867095947 23.1179542541503 23.374921798706 23.6318893432617 23.8888568878173 24.145824432373 24.4027919769287 24.6382580704159 24.8092198106977 24.9801815509796 25.1511432912614 25.3221050315433 25.4930667718251 25.664028512107 25.8349902523888 25.9457421938578 26.0364242023892 26.1271062109205 26.2177882194519 26.3084702279832 26.3991522365146 26.489834245046 26.5780253940158 26.6587439643012 26.7394625345866 26.8201811048719 26.9008996751573 26.9816182454427 27.0623368157281 27.1430553860134 27.14325354894 27.1166115760803 27.0899696032206 27.0633276303609 27.0366856575012 27.0100436846415 26.9834017117818 26.9706735240089 26.9996866914961 27.0286998589834 27.0577130264706 27.0867261939579
21.9977476067012 22.2328581015268 22.4679685963524 22.703079091178 22.9480746746063 23.1963652875688 23.4446559005313 23.6929465134938 23.9412371264563 24.1895277394188 24.4378183523813 24.6658522870805 24.8331161869896 25.0003800868988 25.1676439868079 25.334907886717 25.5021717866261 25.6694356865353 25.8366995864444 25.9467584609985 26.0377489937676 26.1287395265367 26.2197300593058 26.3107205920749 26.401711124844 26.4927016576131 26.5809200551775 26.6608220471276 26.7407240390777 26.8206260310279 26.900528022978 26.9804300149282 27.0603320068783 27.1402339988284 27.1403356393178 27.1138371626536 27.0873386859894 27.0608402093252 27.0343417326609 27.0078432559967 26.9813447793325 26.96092933019 26.9587629636129 26.9565965970357 26.9544302304586 26.9522638638815
22.2151614348093 22.4656523227691 22.7161432107289 22.9666340986886 23.19764046669 23.4221519947051 23.6466635227202 23.8711750507354 24.0956865787505 24.3201981067657 24.5447096347808 24.7523046334584 24.9091500441233 25.0659954547882 25.222840865453 25.3796862761179 25.5365316867828 25.6933770974477 25.8502225081125 25.9544866561889 26.0412237167358 26.1279607772827 26.2146978378296 26.3014348983764 26.3881719589233 26.4749090194702 26.5595519542694 26.6379125118255 26.7162730693817 26.7946336269379 26.872994184494 26.9513547420502 27.0297152996063 27.1080758571625 27.1146821498871 27.0973703543345 27.080058558782 27.0627467632294 27.0454349676768 27.0281231721242 27.0108113765717 26.9822582562765 26.9199811617534 26.8577040672303 26.7954269727072 26.7331498781841
22.4325752629173 22.6984465440114 22.9643178251054 23.2301891061994 23.4472062587737 23.6479387018415 23.8486711449092 24.049403587977 24.2501360310448 24.4508684741125 24.6516009171803 24.8387569798363 24.9851839012569 25.1316108226776 25.2780377440982 25.4244646655188 25.5708915869395 25.7173185083601 25.8637454297807 25.9622148513794 26.044698439704 26.1271820280287 26.2096656163533 26.292149204678 26.3746327930026 26.4571163813273 26.5381838533613 26.6150029765235 26.6918220996857 26.7686412228478 26.84546034601 26.9222794691721 26.9990985923343 27.0759177154965 27.0890286604563 27.0809035460154 27.0727784315745 27.0646533171336 27.0565282026927 27.0484030882517 27.0402779738108 27.0035871823629 26.8811993598938 26.7588115374248 26.6364237149557 26.5140358924866
22.6499890910254 22.9312407652536 23.2124924394819 23.4937441137101 23.6967720508575 23.8737254089779 24.0506787670982 24.2276321252187 24.404585483339 24.5815388414594 24.7584921995798 24.9252093262142 25.0612177583906 25.197226190567 25.3332346227434 25.4692430549197 25.6052514870961 25.7412599192725 25.8772683514489 25.9699430465698 26.0481731626722 26.1264032787747 26.2046333948771 26.2828635109795 26.361093627082 26.4393237431844 26.5168157524533 26.5920934412214 26.6673711299896 26.7426488187578 26.817926507526 26.8932041962941 26.9684818850623 27.0437595738305 27.0633751710256 27.0644367376963 27.0654983043671 27.0665598710378 27.0676214377085 27.0686830043793 27.06974457105 27.0249161084493 26.8424175580343 26.6599190076193 26.4774204572042 26.2949219067892
22.8674029191334 23.1640349864959 23.4606670538583 23.7572991212208 23.9463378429412 24.0995121161142 24.2526863892872 24.4058606624603 24.5590349356333 24.7122092088063 24.8653834819793 25.0116616725921 25.1372516155242 25.2628415584564 25.3884315013885 25.5140214443206 25.6396113872528 25.7652013301849 25.890791273117 25.9776712417602 26.0516478856404 26.1256245295206 26.1996011734009 26.2735778172811 26.3475544611613 26.4215311050415 26.4954476515452 26.5691839059194 26.6429201602936 26.7166564146678 26.7903926690419 26.8641289234161 26.9378651777903 27.0116014321645 27.0377216815948 27.0479699293772 27.0582181771596 27.068466424942 27.0787146727244 27.0889629205068 27.0992111682892 27.0462450345358 26.8036357561748 26.5610264778138 26.3184171994528 26.0758079210918
23.0848167472414 23.3968292077382 23.7088416682348 24.0208541287315 24.195903635025 24.3252988232506 24.4546940114762 24.5840891997019 24.7134843879275 24.8428795761532 24.9722747643788 25.09811401897 25.2132854726579 25.3284569263458 25.4436283800337 25.5587998337215 25.6739712874094 25.7891427410973 25.9043141947852 25.9853994369507 26.0551226086087 26.1248457802666 26.1945689519246 26.2642921235826 26.3340152952406 26.4037384668986 26.4740795506371 26.5462743706173 26.6184691905975 26.6906640105777 26.7628588305579 26.8350536505381 26.9072484705183 26.9794432904985 27.0120681921641 27.0315031210581 27.0509380499522 27.0703729788462 27.0898079077403 27.1092428366343 27.1286777655284 27.0675739606222 26.7648539543153 26.4621339480083 26.1594139417013 25.8566939353944
23.3004956828222 23.6042514006296 23.9080071184369 24.2117628362443 24.3794582684834 24.5018002721998 24.6241422759162 24.7464842796325 24.8688262833489 24.9911682870652 25.1135102907816 25.2313395076327 25.3356303638882 25.4399212201436 25.544212076399 25.6485029326544 25.7527937889099 25.8570846451653 25.9613755014207 26.0350349585215 26.0984839492374 26.1619329399532 26.2253819306691 26.288830921385 26.3522799121009 26.4157289028168 26.4798741605547 26.5461082193586 26.6123422781626 26.6785763369666 26.7448103957706 26.8110444545746 26.8772785133786 26.9435125721825 26.9777726650238 27.0013747692108 27.0249768733978 27.0485789775848 27.0721810817719 27.0957831859589 27.1193852901459 27.0550691816543 26.7269984351265 26.3989276885987 26.0708569420709 25.7427861955432
23.5144397258757 23.7863015651702 24.0581634044646 24.3300252437591 24.4970017433166 24.6290164629618 24.761031182607 24.8930459022521 25.0250606218973 25.1570753415425 25.2890900611877 25.4113381385803 25.504286289215 25.5972344398498 25.6901825904846 25.7831307411193 25.8760788917541 25.9690270423889 26.0619751930236 26.1265778064728 26.1817319075266 26.2368860085805 26.2920401096344 26.3471942106882 26.4023483117421 26.457502412796 26.5128314812978 26.5686854521433 26.6245394229889 26.6803933938344 26.73624736468 26.7921013355255 26.847955306371 26.9038092772166 26.934835100174 26.9575848738352 26.9803346474965 27.0030844211578 27.0258341948191 27.0485839684804 27.0713337421417 27.0087306976319 26.6900691986085 26.371407699585 26.0527462005616 25.7340847015382
23.7283837689293 23.9683517297108 24.2083196904923 24.4482876512739 24.6145452181498 24.7562326537238 24.8979200892978 25.0396075248718 25.1812949604458 25.3229823960198 25.4646698315938 25.5913367695278 25.6729422145419 25.754547659556 25.8361531045701 25.9177585495842 25.9993639945984 26.0809694396125 26.1625748846266 26.218120654424 26.2649798658159 26.3118390772078 26.3586982885996 26.4055574999915 26.4524167113834 26.4992759227753 26.5457888020409 26.591262684928 26.6367365678151 26.6822104507022 26.7276843335893 26.7731582164764 26.8186320993635 26.8641059822506 26.8918975353241 26.9137949784597 26.9356924215953 26.9575898647308 26.9794873078664 27.001384751002 27.0232821941376 26.9623922136096 26.6531399620905 26.3438877105713 26.0346354590523 25.7253832075332
23.9423278119828 24.1504018942514 24.35847597652 24.5665500587886 24.732088692983 24.8834488444858 25.0348089959886 25.1861691474914 25.3375292989942 25.488889450497 25.6402496019999 25.7713354004754 25.8415981398688 25.9118608792623 25.9821236186557 26.0523863580491 26.1226490974426 26.192911836836 26.2631745762295 26.3096635023753 26.3482278241051 26.386792145835 26.4253564675649 26.4639207892948 26.5024851110246 26.5410494327545 26.5787461227841 26.6138399177127 26.6489337126414 26.68402750757 26.7191213024987 26.7542150974274 26.789308892356 26.8244026872847 26.8489599704742 26.8700050830841 26.891050195694 26.9120953083038 26.9331404209137 26.9541855335236 26.9752306461334 26.9160537295872 26.6162107255725 26.3163677215577 26.0165247175429 25.7166817135282
