data/working_set_collections/6091692-Cassins_Sparrow-MC/2005/bio8.asc
NCOLS 265 
NROWS 230 
XLLCORNER -115.5625 
YLLCORNER 24.8333333333333 
CELLSIZE 0.0833333333333333 
NODATA_value -9999 
[rows 40 to 59 of 230, columns 184 to 229 of 265]
23.4160131454466 23.2393503189085 23.0626874923704 23.007336759567 22.9924233913419 22.9775100231169 22.9625966548918 22.9476832866667 22.9327699184416 22.9178565502165 22.9128334045408 22.9374809265135 22.9621284484862 22.9867759704589 23.0114234924316 23.0360710144043 23.060718536377 23.0853660583496 23.2844767093659 23.5417417367299 23.799006764094 24.0562717914581 24.3135368188222 24.5708018461863 24.8280668735504 25.0253838539123 25.0428566932678 25.0603295326233 25.0778023719788 25.0952752113342 25.1127480506897 25.1302208900452 25.1476937294006 25.1451065063477 25.1358325958252 25.1265586853027 25.1172847747803 25.1080108642578 25.0987369537353 25.0894630432129 24.8523376782737 23.9316579500836 23.0109782218934 22.0902984937034 21.1696187655133 20.2489390373231
24.4614946365355 24.3944934209186 24.3274922053018 24.2940266768136 24.2717397107017 24.2494527445897 24.2271657784778 24.2048788123659 24.182591846254 24.160304880142 24.0968510945637 23.9098968505859 23.722942606608 23.5359883626302 23.3490341186523 23.1620798746745 22.9751256306967 22.7881713867188 22.9733658631643 23.2826099130842 23.5918539630042 23.9010980129242 24.2103420628441 24.5195861127641 24.8288301626841 25.0649295700921 25.081595049964 25.098260529836 25.114926009708 25.1315914895799 25.1482569694519 25.1649224493239 25.1815879291958 25.1977111816406 25.2136536916097 25.2295962015788 25.2455387115478 25.2614812215169 25.277423731486 25.293366241455 25.0684676382279 24.1210456954111 23.1736237525941 22.2262018097773 21.2787798669606 20.3313579241436
25.0377020517985 25.0251106686062 25.0125192854139 24.9898537317912 24.9638301213582 24.9378065109253 24.9117829004923 24.8857592900594 24.8597356796265 24.8337120691935 24.7469480408563 24.4779627588061 24.2089774767558 23.9399921947056 23.6710069126553 23.4020216306051 23.1330363485548 22.8640510665046 23.0284833113351 23.3373880651261 23.646292818917 23.955197572708 24.264102326499 24.5730070802899 24.881911834081 25.1174081060621 25.1326789326138 25.1479497591654 25.1632205857171 25.1784914122687 25.1937622388204 25.209033065372 25.2243038919237 25.2481661478678 25.2748922136095 25.3016182793511 25.3283443450928 25.3550704108344 25.3817964765761 25.4085225423177 25.207635439767 24.3239088323383 23.4401822249096 22.556455617481 21.6727290100523 20.7890024026235
25.1446353912353 25.131202061971 25.1177687327067 25.0948179244995 25.0686946233114 25.0425713221232 25.016448020935 24.9903247197469 24.9642014185587 24.9380781173706 24.8631242434184 24.6416786511739 24.4202330589294 24.198787466685 23.9773418744405 23.755896282196 23.5344506899516 23.3130050977071 23.4498290538787 23.7060761928557 23.9623233318328 24.2185704708098 24.4748176097869 24.7310647487639 24.987311887741 25.1828194618225 25.196108341217 25.2093972206116 25.2226861000061 25.2359749794006 25.2492638587952 25.2625527381897 25.2758416175842 25.2964714050293 25.3195481618245 25.3426249186198 25.365701675415 25.3887784322103 25.4118551890055 25.4349319458008 25.269841082891 24.5402473608654 23.8106536388398 23.0810599168142 22.3514661947887 21.621872472763
25.2515687306722 25.2372934553358 25.2230181799994 25.1997821172078 25.1735591252645 25.1473361333211 25.1211131413778 25.0948901494344 25.068667157491 25.0424441655477 24.9793004459805 24.8053945435418 24.6314886411031 24.4575827386644 24.2836768362257 24.109770933787 23.9358650313483 23.7619591289096 23.8711747964222 24.0747643205854 24.2783538447485 24.4819433689117 24.6855328930748 24.8891224172379 25.0927119414011 25.2482308175829 25.2595377498203 25.2708446820577 25.2821516142951 25.2934585465325 25.3047654787699 25.3160724110073 25.3273793432448 25.3447766621907 25.3642041100396 25.3836315578884 25.4030590057373 25.4224864535861 25.441913901435 25.4613413492838 25.332046726015 24.7565858893926 24.18112505277 23.6056642161476 23.0302033795251 22.4547425429026
25.358502070109 25.3433848487006 25.3282676272922 25.3047463099162 25.2784236272176 25.252100944519 25.2257782618205 25.1994555791219 25.1731328964233 25.1468102137248 25.0954766485426 24.9691104359097 24.8427442232768 24.7163780106439 24.5900117980109 24.463645585378 24.3372793727451 24.2109131601122 24.2925205389658 24.443452448315 24.5943843576642 24.7453162670135 24.8962481763627 25.047180085712 25.1981119950612 25.3136421733432 25.3229671584235 25.3322921435038 25.3416171285841 25.3509421136644 25.3602670987447 25.369592083825 25.3789170689053 25.3930819193522 25.4088600582547 25.4246381971571 25.4404163360596 25.456194474962 25.4719726138645 25.4877507527669 25.394252369139 24.9729244179197 24.5515964667003 24.1302685154809 23.7089405642616 23.2876126130422
25.4654354095459 25.4494762420654 25.4335170745849 25.4097105026245 25.3832881291707 25.356865755717 25.3304433822632 25.3040210088094 25.2775986353556 25.2511762619018 25.2116528511047 25.1328263282776 25.0539998054504 24.9751732826233 24.8963467597961 24.8175202369689 24.7386937141418 24.6598671913146 24.7138662815093 24.8121405760446 24.91041487058 25.0086891651153 25.1069634596506 25.2052377541859 25.3035120487213 25.3790535291036 25.3863965670268 25.3937396049499 25.4010826428731 25.4084256807963 25.4157687187195 25.4231117566427 25.4304547945658 25.4413871765137 25.4535160064697 25.4656448364258 25.4777736663818 25.4899024963379 25.5020313262939 25.51416015625 25.456458012263 25.1892629464468 24.9220678806305 24.6548728148142 24.387677748998 24.1204826831817
25.5723687489827 25.5555676354302 25.5387665218777 25.5146746953328 25.4881526311239 25.4616305669149 25.4351085027059 25.4085864384969 25.3820643742879 25.3555423100789 25.3278290536668 25.2965422206455 25.2652553876241 25.2339685546027 25.2026817215813 25.1713948885599 25.1401080555386 25.1088212225172 25.1352120240529 25.1808287037743 25.2264453834957 25.2720620632171 25.3176787429385 25.3632954226599 25.4089121023814 25.4444648848639 25.44982597563 25.4551870663961 25.4605481571621 25.4659092479282 25.4712703386942 25.4766314294603 25.4819925202264 25.4896924336751 25.4981719546848 25.5066514756944 25.5151309967041 25.5236105177138 25.5320900387234 25.5405695597331 25.518663655387 25.4056014749739 25.2925392945607 25.1794771141476 25.0664149337344 24.9533527533212
25.6344719092051 25.6196737024519 25.6048754956987 25.5847505092621 25.5628499295976 25.5409493499332 25.5190487702688 25.4971481906043 25.4752476109399 25.4533470312754 25.4356388303969 25.4305077658759 25.425376701355 25.420245636834 25.4151145723131 25.4099835077921 25.4048524432712 25.3997213787503 25.4121208031972 25.4303637239668 25.4486066447364 25.466849565506 25.4850924862755 25.5033354070451 25.5215783278147 25.536032681995 25.5391213364071 25.5422099908193 25.5452986452314 25.5483872996436 25.5514759540558 25.5545646084679 25.5576532628801 25.5607274691264 25.5637968593173 25.5668662495083 25.5699356396993 25.5730050298903 25.5760744200812 25.5791438102722 25.5720221307543 25.5343272421095 25.4966323534648 25.45893746482 25.4212425761753 25.3835476875305
25.651744890213 25.6417944431305 25.631843996048 25.6199379444122 25.6073800245921 25.5948221047719 25.5822641849518 25.5697062651316 25.5571483453115 25.5445904254913 25.5350821812947 25.5347229639689 25.534363746643 25.5340045293172 25.5336453119914 25.5332860946655 25.5329268773397 25.5325676600138 25.5445926189422 25.5607456366221 25.5768986543019 25.5930516719818 25.6092046896616 25.6253577073415 25.6415107250213 25.6537569204966 25.6542826493581 25.6548083782196 25.6553341070811 25.6558598359426 25.6563855648041 25.6569112936656 25.657437022527 25.6544922828674 25.6503907203674 25.6462891578674 25.6421875953674 25.6380860328674 25.6339844703674 25.6298829078674 25.6165334383647 25.5754402478536 25.5343470573425 25.4932538668315 25.4521606763204 25.4110674858093
25.6690178712209 25.6639151838091 25.6588124963972 25.6551253795624 25.6519101195865 25.6486948596107 25.6454795996348 25.6422643396589 25.6390490796831 25.6358338197072 25.6345255321926 25.6389381620619 25.6433507919311 25.6477634218004 25.6521760516696 25.6565886815389 25.6610013114081 25.6654139412774 25.6770644346873 25.6911275492774 25.7051906638675 25.7192537784576 25.7333168930477 25.7473800076378 25.761443122228 25.7714811589983 25.7694439623091 25.7674067656199 25.7653695689307 25.7633323722415 25.7612951755524 25.7592579788632 25.757220782174 25.7482570966085 25.7369845814175 25.7257120662265 25.7144395510356 25.7031670358446 25.6918945206536 25.6806220054626 25.6610447459751 25.6165532535977 25.5720617612203 25.5275702688429 25.4830787764655 25.4385872840881
25.6862908522288 25.6860359244876 25.6857809967465 25.6903128147125 25.696440214581 25.7025676144494 25.7086950143178 25.7148224141863 25.7209498140547 25.7270772139231 25.7339688830905 25.7431533601549 25.7523378372192 25.7615223142836 25.7707067913479 25.7798912684123 25.7890757454766 25.7982602225409 25.8095362504323 25.8215094619327 25.8334826734331 25.8454558849335 25.8574290964338 25.8694023079342 25.8813755194346 25.8892053974999 25.8846052752601 25.8800051530202 25.8754050307804 25.8708049085405 25.8662047863006 25.8616046640608 25.8570045418209 25.8420219103495 25.8235784424676 25.8051349745856 25.7866915067037 25.7682480388217 25.7498045709398 25.7313611030579 25.7055560535855 25.6576662593418 25.6097764650981 25.5618866708544 25.5139968766107 25.466107082367
25.7035638332367 25.7081566651662 25.7127494970957 25.7255002498627 25.7409703095754 25.7564403692881 25.7719104290008 25.7873804887136 25.8028505484263 25.818320608139 25.8334122339884 25.8473685582479 25.8613248825073 25.8752812067667 25.8892375310262 25.9031938552856 25.9171501795451 25.9311065038045 25.9420080661773 25.951891374588 25.9617746829986 25.9716579914093 25.9815412998199 25.9914246082306 26.0013079166412 26.0069296360016 25.999766588211 25.9926035404205 25.98544049263 25.9782774448395 25.9711143970489 25.9639513492584 25.9567883014679 25.9357867240906 25.9101723035177 25.8845578829447 25.8589434623718 25.8333290417989 25.807714621226 25.7821002006531 25.7500673611959 25.6987792650859 25.6474911689758 25.5962030728658 25.5449149767558 25.4936268806458
25.7208368142446 25.7302774058448 25.739717997445 25.7606876850128 25.7855004045698 25.8103131241268 25.8351258436839 25.8599385632409 25.8847512827979 25.9095640023549 25.9328555848863 25.9515837563409 25.9703119277954 25.9890400992499 26.0077682707045 26.026496442159 26.0452246136135 26.0639527850681 26.0744798819224 26.0822732872433 26.0900666925642 26.0978600978851 26.105653503206 26.1134469085269 26.1212403138478 26.1246538745032 26.114927901162 26.1052019278208 26.0954759544796 26.0857499811384 26.0760240077972 26.066298034456 26.0565720611148 26.0295515378316 25.9967661645677 25.9639807913038 25.93119541804 25.8984100447761 25.8656246715122 25.8328392982483 25.7945786688063 25.73989227083 25.6852058728536 25.6305194748773 25.5758330769009 25.5211466789246
25.7493205865224 25.7615603605906 25.7738001346588 25.7984145641327 25.8271538787418 25.8558931933509 25.88463250796 25.9133718225691 25.9421111371782 25.9708504517873 25.997576962577 26.0182650619083 26.0389531612396 26.0596412605709 26.0803293599023 26.1010174592336 26.1217055585649 26.1423936578962 26.1537259419759 26.1619396209717 26.1701532999674 26.1783669789632 26.186580657959 26.1947943369547 26.2030080159505 26.1866485330794 26.0965695646075 26.0064905961355 25.9164116276636 25.8263326591917 25.7362536907197 25.6461747222478 25.5560957537759 25.542756287257 25.5549966547225 25.5672370221881 25.5794773896536 25.5917177571191 25.6039581245847 25.6161984920502 25.6186376094819 25.5916729768118 25.5647083441417 25.5377437114716 25.5107790788015 25.4838144461314
25.7890151500702 25.8020055294037 25.8149959087372 25.8386808872223 25.8659307320913 25.8931805769602 25.9204304218292 25.9476802666982 25.9749301115672 26.0021799564361 26.0275763670603 26.0474124749501 26.06724858284 26.0870846907298 26.1069207986196 26.1267569065094 26.1465930143992 26.166429122289 26.1797462463379 26.1908903757731 26.2020345052083 26.2131786346435 26.2243227640788 26.235466893514 26.2466110229492 26.19291361173 25.9446915785473 25.6964695453645 25.4482475121817 25.200025478999 24.9518034458162 24.7035814126335 24.4553593794507 24.4754009723665 24.5848637739819 24.6943265755972 24.8037893772126 24.913252178828 25.0227149804434 25.1321777820588 25.2222441832225 25.2541213830313 25.28599858284 25.3178757826488 25.3497529824575 25.3816301822662
25.828709713618 25.8424506982167 25.8561916828155 25.8789472103119 25.9047075854407 25.9304679605696 25.9562283356984 25.9819887108273 26.0077490859561 26.033509461085 26.0575757715437 26.076559887992 26.0955440044403 26.1145281208886 26.1335122373369 26.1524963537852 26.1714804702335 26.1904645866818 26.2057665506999 26.2198411305745 26.2339157104492 26.2479902903239 26.2620648701986 26.2761394500732 26.2902140299479 26.1991786903806 25.792813592487 25.3864484945934 24.9800833966999 24.5737182988063 24.1673532009127 23.7609881030191 23.3546230051255 23.4080456574759 23.6147308932411 23.8214161290063 24.0281013647716 24.2347866005368 24.441471836302 24.6481570720673 24.8258507569631 24.9165697892507 25.0072888215383 25.0980078538259 25.1887268861135 25.2794459184011
25.8684042771657 25.8828958670298 25.8973874568939 25.9192135334015 25.9434844387902 25.9677553441789 25.9920262495677 26.0162971549564 26.0405680603451 26.0648389657338 26.0875751760271 26.1057073010339 26.1238394260406 26.1419715510474 26.1601036760542 26.178235801061 26.1963679260678 26.2145000510746 26.2317868550618 26.248791885376 26.2657969156901 26.2828019460042 26.2998069763184 26.3168120066325 26.3338170369466 26.2054437690312 25.6409356064268 25.0764274438224 24.511919281218 23.9474111186136 23.3829029560091 22.8183947934047 22.2538866308003 22.3406903425853 22.6445980125004 22.9485056824154 23.2524133523306 23.5563210222456 23.8602286921607 24.1641363620758 24.4294573307037 24.5790181954702 24.7285790602366 24.878139925003 25.0277007897695 25.1772616545359
25.9080988407135 25.9233410358429 25.9385832309723 25.9594798564911 25.9822612921397 26.0050427277883 26.0278241634369 26.0506055990855 26.0733870347341 26.0961684703827 26.1175745805104 26.1348547140757 26.152134847641 26.1694149812063 26.1866951147715 26.2039752483368 26.221255381902 26.2385355154673 26.2578071594238 26.2777426401774 26.297678120931 26.3176136016846 26.3375490824381 26.3574845631917 26.3774200439453 26.2117088476818 25.4890576203666 24.7664063930513 24.0437551657361 23.3211039384209 22.5984527111056 21.8758014837904 21.1531502564752 21.2733350276948 21.6744651317597 22.0755952358246 22.4767253398896 22.8778554439545 23.2789855480194 23.6801156520844 24.0330639044444 24.2414666016897 24.4498692989349 24.6582719961802 24.8666746934255 25.0750773906708
25.9477934042613 25.963786204656 25.9797790050507 25.9997461795807 26.0210381454892 26.0423301113976 26.0636220773061 26.0849140432146 26.1062060091231 26.1274979750315 26.1475739849938 26.1640021271176 26.1804302692413 26.1968584113651 26.2132865534888 26.2297146956126 26.2461428377363 26.2625709798601 26.2838274637858 26.3066933949788 26.3295593261719 26.3524252573649 26.3752911885579 26.398157119751 26.421023050944 26.2179739263325 25.3371796343064 24.4563853422803 23.5755910502542 22.6947967582282 21.814002466202 20.933208174176 20.05241388215 20.2059797128042 20.704332251019 21.2026847892337 21.7010373274486 22.1993898656633 22.697742403878 23.1960949420929 23.636670478185 23.9039150079091 24.1711595376333 24.4384040673574 24.7056485970815 24.9728931268056
