data/working_set_collections/6091692-Cassins_Sparrow-MC/2005/bio9.asc
NCOLS 265 
NROWS 230 
XLLCORNER -115.5625 
YLLCORNER 24.8333333333333 
CELLSIZE 0.0833333333333333 
NODATA_value -9999 
[rows 0 to 19 of 230, columns 138 to 183 of 265]
-1.55337136592719 -1.54079258075608 -1.52821379558497 -1.51563501041386 -1.22386646239717 -0.839034660098567 -0.454202857799959 -0.0693710555012865 0.315460746797321 0.700292549095928 1.0851243513946 1.36034218321245 1.30671810358764 1.25309402396283 1.19946994433803 1.14584586471322 1.09222178508841 1.0385977054636 0.9849736258388 0.959414658447135 0.943210728466536 0.927006798485936 0.910802868505333 0.894598938524733 0.878395008544134 0.862191078563531 0.843431047764089 0.817002714508111 0.790574381252127 0.764146047996149 0.73771771474017 0.711289381484187 0.684861048228209 0.65843271497223 0.42683660785361 0.126851242780735 -0.173134122292139 -0.473119487365065 -0.77310485243794 -1.07309021751081 -1.37307558258374 -1.61981812947329 -1.7068322218127 -1.79384631415212 -1.88086040649153 -1.96787449883093
-1.35703658281518 -1.31648177001628 -1.27592695721739 -1.23537214441849 -0.962322091125034 -0.611773624333342 -0.261225157541649 0.0893233092501026 0.439871776041795 0.790420242833487 1.14096870962524 1.38085594524942 1.28875948737068 1.19666302949192 1.10456657161318 1.01247011373444 0.920373655855686 0.828277197976946 0.736180740098206 0.732352690398708 0.757947443425665 0.783542196452623 0.809136949479584 0.834731702506541 0.860326455533499 0.88592120856046 0.899167617658775 0.875368994971118 0.851570372283458 0.827771749595801 0.803973126908144 0.780174504220484 0.756375881532827 0.732577258845171 0.538482028245959 0.287621261676196 0.0367604951064326 -0.214100271463373 -0.464961038033137 -0.7158218046029 -0.966682571172706 -1.17479757765931 -1.25467530389628 -1.33455303013327 -1.41443075637025 -1.49430848260722
-1.16070179970319 -1.0921709592765 -1.02364011884983 -0.95510927842315 -0.700777719852916 -0.384512588568136 -0.0682474572833559 0.248017674001478 0.564282805286258 0.880547936571038 1.19681306785587 1.40136970728638 1.27080087115371 1.14023203502102 1.00966319888835 0.879094362755672 0.748525526622978 0.617956690490305 0.487387854357633 0.5052907223503 0.572684158384811 0.640077594419322 0.707471030453844 0.774864466488355 0.842257902522865 0.909651338557387 0.954904187553456 0.933735275434121 0.912566363314782 0.891397451195448 0.870228539076113 0.849059626956775 0.82789071483744 0.806721802718105 0.650127448638299 0.448391280571643 0.246655112504987 0.0449189444382961 -0.15681722362836 -0.358553391695016 -0.560289559761707 -0.729777025845363 -0.802518385979908 -0.875259746114466 -0.948001106249011 -1.02074246638356
-0.964367016591182 -0.867860148536704 -0.771353280482244 -0.674846412427783 -0.439233348580776 -0.157251552802911 0.124730242974954 0.406712038752867 0.688693834530732 0.970675630308597 1.25265742608651 1.42188346932335 1.25284225493675 1.08380104055011 0.9147598261635 0.745718611776892 0.576677397390255 0.407636183003647 0.238594968617039 0.278228754301873 0.387420873343941 0.496612992386008 0.605805111428095 0.714997230470162 0.82418934951223 0.933381468554316 1.01064075744814 0.992101555897128 0.973562354346113 0.9550231527951 0.936483951244087 0.917944749693071 0.899405548142058 0.880866346591046 0.761772869030648 0.609161299467103 0.456549729903559 0.303938160339988 0.151326590776443 -0.00128497878710154 -0.153896548350672 -0.284756474031378 -0.350361468063493 -0.41596646209562 -0.481571456127735 -0.54717645015985
-0.768032233479174 -0.643549337796907 -0.519066442114661 -0.394583546432415 -0.177688977308636 0.0700094829623141 0.317707943233264 0.565406403504256 0.813104863775206 1.06080332404616 1.30850178431715 1.44239723136032 1.23488363871978 1.0273700460792 0.819856453438655 0.612342860798111 0.404829268157532 0.197315675516988 -0.0101979171235554 0.0511667862534459 0.202157588303071 0.353148390352695 0.504139192402346 0.65512999445197 0.806120796501595 0.957111598551246 1.06637732734283 1.05046783636014 1.03455834537744 1.01864885439475 1.00273936341206 0.986829872429368 0.970920381446677 0.955010890463986 0.873418289422997 0.769931318362564 0.66644434730213 0.56295737624168 0.459470405181246 0.355983434120813 0.252496463060362 0.160264077782606 0.101795449852921 0.0433268219232267 -0.0151418060064581 -0.0736104339361429
-0.571697450367184 -0.419238527057129 -0.266779603747101 -0.114320680437072 0.0838553939634819 0.29727051872752 0.510685643491558 0.724100768255632 0.93751589301967 1.15093101778371 1.36434614254778 1.46291099339729 1.21692502250281 0.970939051608295 0.724953080713818 0.478967109819342 0.232981138924824 -0.0130048319696522 -0.258990802864128 -0.175895181794962 0.0168943032622162 0.209683788319394 0.402473273376605 0.595262758433783 0.788052243490962 0.980841728548173 1.12211389723751 1.10883411682314 1.09555433640877 1.0822745559944 1.06899477558003 1.05571499516566 1.04243521475129 1.02915543433692 0.985063709815337 0.930701337258011 0.876338964700685 0.821976592143349 0.767614219586023 0.713251847028697 0.658889474471362 0.605284629596553 0.553952367769298 0.502620105942034 0.451287844114779 0.399955582287524
-0.384233636512595 -0.208690596558206 -0.0331475566038471 0.142395483350512 0.32283116721853 0.504897732391063 0.686964297563595 0.869030862736159 1.05109742790869 1.23316399308122 1.41523055825379 1.4891167344319 1.23846174362639 0.987806752820842 0.737151762015333 0.486496771209824 0.235841780404272 -0.0148132104012367 -0.265468201206746 -0.182915835082588 0.0107056500182574 0.204327135119103 0.397948620219982 0.591570105320828 0.785191590421673 0.978813075522552 1.12165534562536 1.11215997073386 1.10266459584237 1.09316922095088 1.08367384605938 1.07417847116789 1.06468309627639 1.0551877213849 1.03136209895214 1.00275972733896 0.974157355725775 0.945554984112587 0.916952612499404 0.88835024088622 0.859747869273032 0.826638177865092 0.780006527072867 0.733374876280633 0.686743225488408 0.640111574696183
-0.205640791915427 -0.011905546300163 0.181829699315068 0.3755649449303 0.539238342456475 0.692891123952914 0.846543905449353 1.00019668694582 1.15384946844226 1.3075022499387 1.46115503143516 1.52101445446417 1.29949380209054 1.07797314971688 0.856452497343263 0.634931844969641 0.413411192595981 0.19189054022236 -0.029630112151262 0.0301048263906989 0.183591628571302 0.337078430751905 0.490565232932534 0.644052035113136 0.797538837293739 0.951025639474368 1.06500167250634 1.06044539809228 1.05588912367821 1.05133284926415 1.04677657485009 1.04222030043602 1.03766402602196 1.0331077516079 1.01231345683337 0.986106488605348 0.959899520377327 0.933692552149301 0.90748558392128 0.88127861569326 0.855071647465234 0.824324722588073 0.779957927763475 0.735591132938869 0.691224338114271 0.646857543289673
-0.0270479473182753 0.184879503957863 0.396806955233965 0.608734406510068 0.755645517694401 0.880884515514749 1.0061235133351 1.13136251115547 1.25660150897581 1.38184050679616 1.50707950461653 1.55291217449642 1.36052586055469 1.16813954661292 0.975753232671182 0.783366918729445 0.590980604787675 0.398594290845938 0.206207976904202 0.243125487863968 0.356477607124331 0.469829726384695 0.583181845645077 0.696533964905441 0.809886084165804 0.923238203426187 1.00834799938733 1.00873082545069 1.00911365151406 1.00949647757743 1.00987930364079 1.01026212970416 1.01064495576753 1.0110277818309 0.993264814714597 0.969453249871739 0.94564168502888 0.921830120186017 0.898018555343158 0.874206990500299 0.850395425657436 0.822011267311053 0.779909328454082 0.737807389597105 0.695705450740134 0.653603511883164
0.151544897278892 0.381664554215906 0.611784211152881 0.841903868089856 0.972052692932346 1.0688779070766 1.16570312122085 1.26252833536512 1.35935354950938 1.45617876365363 1.5530039777979 1.58480989452869 1.42155791901884 1.25830594350896 1.09505396799911 0.931801992489261 0.768550016979384 0.605298041469535 0.442046065959685 0.456146149337255 0.529363585677376 0.602581022017496 0.675798458357629 0.74901589469775 0.82223333103787 0.895450767378003 0.951694326268307 0.957016252809105 0.962338179349904 0.967660105890701 0.972982032431499 0.978303958972298 0.983625885513096 0.988947812053893 0.974216172595825 0.952800011138128 0.931383849680431 0.909967688222731 0.888551526765034 0.867135365307338 0.845719203849638 0.819697812034033 0.77986072914469 0.740023646255341 0.700186563365998 0.660349480476655
0.330137741876059 0.578449604473949 0.826761467071796 1.07507332966964 1.18845986817029 1.25687129863845 1.32528272910661 1.39369415957478 1.46210559004294 1.5305170205111 1.59892845097928 1.61670761456095 1.48258997748299 1.348472340405 1.21435470332704 1.08023706624908 0.946119429171093 0.812001792093131 0.677884155015169 0.669166810810542 0.70224956423042 0.735332317650297 0.768415071070181 0.801497824490058 0.834580577909936 0.867663331329819 0.895040653149289 0.905301680167517 0.915562707185748 0.925823734203976 0.936084761222204 0.946345788240434 0.956606815258662 0.96686784227689 0.955167530477052 0.936146772404517 0.917126014331983 0.898105256259446 0.879084498186911 0.860063740114377 0.841042982041839 0.817384356757014 0.779812129835298 0.742239902913577 0.704667675991861 0.667095449070146
0.508730586473212 0.775234654731975 1.04173872299069 1.30824279124941 1.40486704340822 1.44486469020029 1.48486233699236 1.52485998378443 1.5648576305765 1.60485527736857 1.64485292416065 1.64860533459321 1.54362203594713 1.43863873730104 1.33365543865496 1.22867214000888 1.12368884136279 1.01870554271671 0.913722244070632 0.882187472283811 0.875135542783449 0.868083613283088 0.861031683782725 0.853979754282363 0.846927824782001 0.839875895281638 0.838386980030276 0.853587107525934 0.868787235021595 0.883987362517253 0.899187490012912 0.914387617508572 0.92958774500423 0.944787872499889 0.936118888358281 0.919493533670908 0.902868178983536 0.886242824296161 0.869617469608789 0.852992114921417 0.836366760234041 0.815070901479994 0.779763530525906 0.744456159571812 0.709148788617724 0.673841417663636
0.621562334563919 0.878305015961284 1.13504769735861 1.39179037875593 1.47661573092143 1.50413530667623 1.53165488243103 1.55917445818583 1.58669403394063 1.61421360969543 1.64173318545024 1.64109596808754 1.55598837137225 1.47088077465695 1.38577317794166 1.30066558122637 1.21555798451107 1.13045038779578 1.0453427910805 1.00441588163376 0.978215867943236 0.952015854252713 0.925815840562185 0.899615826871661 0.873415813181138 0.84721579949061 0.832108768489617 0.850280685557249 0.868452602624885 0.886624519692517 0.90479643676015 0.922968353827786 0.941140270895418 0.959312187963051 0.952546328306195 0.937467876407833 0.922389424509471 0.907310972611106 0.892232520712744 0.877154068814382 0.862075616916017 0.842122263544137 0.807544205751687 0.772966147959232 0.738388090166782 0.703810032374333
0.668632986148132 0.887660688161812 1.10668839017545 1.3257160921891 1.40370593070984 1.4346831480662 1.46566036542256 1.49663758277893 1.52761480013529 1.55859201749165 1.58956923484802 1.59417951504392 1.51968898375831 1.4451984524727 1.3707079211871 1.2962173899015 1.22172685861589 1.14723632733029 1.07274579604469 1.03585203886032 1.01149053970973 0.987129040559137 0.96276754140854 0.938406042257947 0.914044543107354 0.889683043956757 0.876206018527341 0.895382414261491 0.914558809995644 0.933735205729794 0.952911601463944 0.972087997198097 0.991264392932247 1.0104407886664 1.00444985032081 0.99006980061531 0.975689750909805 0.961309701204298 0.946929651498793 0.932549601793289 0.918169552087781 0.898538442949457 0.863154155512656 0.827769868075849 0.792385580639048 0.757001293202247
0.715703637732342 0.897016360362339 1.0783290829923 1.25964180562227 1.33079613049825 1.36523098945618 1.3996658484141 1.43410070737203 1.46853556632996 1.50297042528788 1.53740528424581 1.5472630620003 1.48338959614438 1.41951613028846 1.35564266443254 1.29176919857663 1.2278957327207 1.16402226686479 1.10014880100887 1.06728819608688 1.04476521147622 1.02224222686556 0.999719242254892 0.977196257644229 0.954673273033567 0.9321502884229 0.920303268565061 0.940484142965728 0.960665017366399 0.980845891767067 1.00102676616773 1.0212076405684 1.04138851496907 1.06156938936974 1.05635337233543 1.04267172482278 1.02899007731013 1.01530842979749 1.00162678228484 0.987945134772191 0.974263487259541 0.954954622354773 0.91876410527362 0.882573588192461 0.846383071111309 0.810192554030156
0.762774289316555 0.906372032562866 1.04996977580915 1.19356751905544 1.25788633028666 1.29577883084615 1.33367133140564 1.37156383196513 1.40945633252462 1.4473488330841 1.48524133364359 1.50034660895667 1.44709020853045 1.39383380810421 1.34057740767798 1.28732100725176 1.23406460682552 1.18080820639929 1.12755180597307 1.09872435331345 1.07803988324271 1.05735541317198 1.03667094310125 1.01598647303051 0.995302002959783 0.974617532889047 0.964400518602785 0.98558587166997 1.00677122473716 1.02795657780434 1.04914193087153 1.07032728393872 1.0915126370059 1.11269799007309 1.10825689435005 1.09527364903026 1.08229040371047 1.06930715839068 1.05632391307089 1.0433406677511 1.03035742243131 1.01137080176009 0.974374055034589 0.937377308309078 0.900380561583574 0.86338381485807
0.809844940900769 0.915727704763394 1.021610468626 1.12749323248861 1.18497653007507 1.22632667223612 1.26767681439717 1.30902695655823 1.35037709871927 1.39172724088032 1.43307738304138 1.45343015591305 1.41079082091651 1.36815148591996 1.32551215092342 1.28287281592688 1.24023348093034 1.1975941459338 1.15495481093726 1.13016051054001 1.11131455500921 1.09246859947841 1.0736226439476 1.0547766884168 1.035930732886 1.01708477735519 1.00849776864051 1.03068760037421 1.05287743210792 1.07506726384162 1.09725709557532 1.11944692730903 1.14163675904273 1.16382659077643 1.16016041636467 1.14787557323774 1.1355907301108 1.12330588698387 1.11102104385694 1.09873620073 1.08645135760307 1.06778698116541 1.02998400479556 0.992181028425695 0.95437805205584 0.916575075685984
0.856915592484978 0.92508337696392 0.993251161442851 1.06141894592178 1.11206672986349 1.1568745136261 1.20168229738871 1.24649008115133 1.29129786491394 1.33610564867655 1.38091343243917 1.40651370286943 1.37449143330258 1.34246916373572 1.31044689416886 1.27842462460201 1.24640235503515 1.2143800854683 1.18235781590144 1.16159666776657 1.1445892267757 1.12758178578483 1.11057434479395 1.09356690380308 1.07655946281221 1.05955202182134 1.05259501867823 1.07578932907845 1.09898363947867 1.12217794987889 1.14537226027911 1.16856657067934 1.19176088107956 1.21495519147977 1.21206393837928 1.20047749744521 1.18889105651113 1.17730461557706 1.16571817464298 1.15413173370891 1.14254529277483 1.12420316057073 1.08559395455652 1.04698474854231 1.0083755425281 0.969766336513894
0.936855968998513 0.980441844960035 1.02402772092155 1.06761359688306 1.11032998859881 1.15275655223262 1.19518311586643 1.23760967950025 1.28003624313406 1.32246280676787 1.36488937040169 1.39019648763869 1.36414526568519 1.33809404373169 1.3120428217782 1.2859915998247 1.2599403778712 1.2338891559177 1.2078379339642 1.18778965373834 1.16974235408836 1.15169505443838 1.1336477547884 1.11560045513842 1.09755315548844 1.07950585583846 1.07209710743692 1.09660401278071 1.12111091812451 1.14561782346831 1.1701247288121 1.1946316341559 1.2191385394997 1.2436454448435 1.24242825011412 1.23263635536035 1.22284446060658 1.2130525658528 1.20326067109903 1.19346877634525 1.18367688159148 1.16667516297765 1.12804397278363 1.0894127825896 1.05078159239558 1.01215040220155
1.04966607044139 1.08180310875176 1.11394014706213 1.1460771853725 1.17976630628108 1.21397278805572 1.24817926983037 1.28238575160502 1.31659223337967 1.35079871515432 1.38500519692897 1.40447851022085 1.37975231806438 1.3550261259079 1.33029993375143 1.30557374159496 1.28084754943848 1.25612135728201 1.23139516512553 1.20873946845532 1.18677393694719 1.16480840543906 1.14284287393093 1.12087734242281 1.09891181091468 1.07694627940655 1.06700403491655 1.09313165148099 1.11925926804542 1.14538688460985 1.17151450117428 1.19764211773872 1.22376973430315 1.24989735086758 1.25125335156918 1.24435214698315 1.23745094239712 1.23054973781109 1.22364853322506 1.21674732863903 1.209846124053 1.19520298838616 1.15733405947686 1.11946513056755 1.08159620165825 1.04372727274896
