data/working_set_collections/6091692-Cassins_Sparrow-MC/2005/bio9.asc
NCOLS 265 
NROWS 230 
XLLCORNER -115.5625 
YLLCORNER 24.8333333333333 
CELLSIZE 0.0833333333333333 
NODATA_value -9999 
[rows 80 to 99 of 230, columns 184 to 229 of 265]
8.33990965684224 8.86831875642103 9.39672785599982 10.2031672557191 11.1022834221518 12.0013995885844 12.9005157550173 13.79963192145 14.6987480878826 15.5978642543155 16.2751552608278 16.2869707875781 16.2987863143285 16.3106018410788 16.3224173678292 16.3342328945795 16.3460484213299 16.3578639480802 16.3747013330459 16.3932126707501 16.4117240084542 16.4302353461583 16.4487466838624 16.4672580215666 16.4857693592707 16.3347757458688 15.6752672791483 15.0157588124277 14.3562503457072 13.6967418789867 13.0372334122661 12.3777249455456 11.7182164788251 10.8554895877842 9.92502322197001 8.99455685615582 8.06409049034147 7.13362412452727 6.20315775871308 5.27269139289873 4.57536456320019 4.57745634184942 4.57954812049864 4.58163989914786 4.58373167779709 4.58582345644631
9.87429370085368 10.6632388035452 11.4521839062368 12.1306068340934 12.7721890370048 13.4137712399161 14.0553534428276 14.696935645739 15.3385178486504 15.9801000515618 16.4633238130145 16.4714722500907 16.4796206871668 16.487769124243 16.4959175613191 16.5040659983953 16.5122144354714 16.5203628725476 16.5341084241867 16.5497196806801 16.5653309371736 16.5809421936671 16.5965534501605 16.612164706654 16.6277759631475 16.4086046894393 15.4850858251257 14.5615669608118 13.6380480964981 12.7145292321845 11.7910103678706 10.867491503557 9.94397263924327 9.21128087043792 8.54219813346894 7.87311539649995 7.20403265953085 6.53494992256187 5.86586718559288 5.19678444862378 4.6960443443722 4.70033213827344 4.70461993217467 4.7089077260759 4.71319551997713 4.71748331387836
11.408677744865 12.4581588506693 13.5076399564737 14.0580464124676 14.4420946518576 14.8261428912477 15.2101911306379 15.5942393700279 15.978287609418 16.3623358488082 16.6514923652013 16.6559737126032 16.6604550600052 16.6649364074071 16.669417754809 16.673899102211 16.6783804496129 16.6828617970148 16.6935155153274 16.7062266906102 16.718937865893 16.7316490411758 16.7443602164586 16.7570713917414 16.7697825670242 16.4824336330099 15.294904371103 14.107375109196 12.9198458472892 11.7323165853823 10.5447873234753 9.35725806156847 8.16972879966164 7.56707215309178 7.15937304496798 6.75167393684418 6.34397482872031 5.93627572059651 5.52857661247271 5.12087750434884 4.81672412554421 4.82320793469745 4.82969174385068 4.83617555300392 4.84265936215716 4.8491431713104
12.9430617888764 14.2530788977935 15.5630960067107 15.9854859908419 16.1120002667107 16.2385145425794 16.3650288184482 16.491543094317 16.6180573701857 16.7445716460545 16.839660917388 16.8404751751158 16.8412894328435 16.8421036905712 16.842917948299 16.8437322060267 16.8445464637544 16.8453607214821 16.8529226064682 16.8627337005403 16.8725447946124 16.8823558886846 16.8921669827567 16.9019780768288 16.911789170901 16.5562625765804 15.1047229170804 13.6531832575801 12.2016435980801 10.7501039385801 9.29856427907986 7.84702461957986 6.39548496007986 5.9228634357455 5.7765479564669 5.63023247718831 5.48391699790969 5.3376015186311 5.19128603935251 5.04497056007389 4.93740390671622 4.94608373112147 4.95476355552671 4.96344337993196 4.9721232043372 4.98080302874245
13.9710881948468 15.2944538195925 16.6178194443381 16.9495663960775 16.9507737901476 16.9519811842177 16.9531885782878 16.9543959723579 16.9556033664279 16.956810760498 16.9262718160947 16.8004938562712 16.6747158964476 16.548937936624 16.4231599768004 16.2973820169768 16.1716040571533 16.0458260973297 16.1137328823409 16.2462012489638 16.3786696155867 16.5111379822096 16.6436063488325 16.7760747154554 16.9085430820783 16.6132111125526 15.0344781345796 13.4557451566063 11.8770121786333 10.2982792006603 8.71954622268703 7.14081324471403 5.56208026674102 5.15770805676777 5.14478943612839 5.13187081548902 5.11895219484964 5.10603357421026 5.09311495357088 5.0801963329315 5.07257261673607 5.08083361387251 5.08909461100894 5.09735560814538 5.10561660528181 5.11387760241825
14.4927569627759 15.5822836160657 16.6718102693555 16.9502876281738 16.958415222168 16.9665428161621 16.9746704101562 16.9827980041504 16.9909255981445 16.9990531921387 16.9113250613213 16.5360297560693 16.1607344508173 15.7854391455652 15.4101438403132 15.0348485350612 14.6595532298092 14.2842579245571 14.4759463429453 14.8566293358804 15.2373123288155 15.6179953217507 15.9986783146858 16.379361307621 16.7600443005561 16.6532792409265 15.0841700236007 13.5150608062747 11.9459515889489 10.3768423716232 8.80773315429713 7.23862393697137 5.66951471964561 5.27160601615904 5.26409748395282 5.2565889517466 5.24908041954038 5.24157188733417 5.23406335512795 5.22655482292173 5.22223025560376 5.22745758295057 5.23268491029737 5.23791223764417 5.24313956499097 5.24836689233778
15.014425730705 15.8701134125389 16.7258010943728 16.9510088602702 16.9660566541884 16.9811044481065 16.9961522420247 17.0112000359429 17.0262478298611 17.0412956237793 16.8963783065479 16.2715656558675 15.6467530051869 15.0219403545064 14.397127703826 13.7723150531454 13.1475024024649 12.5226897517844 12.8381598035496 13.4670574227969 14.0959550420443 14.7248526612918 15.3537502805391 15.9826478997865 16.611545519034 16.6933473693003 15.1338619126218 13.574376455943 12.0148909992645 10.455405542586 8.89592008590724 7.33643462922872 5.7769491725502 5.38550397555032 5.38340553177726 5.3813070880042 5.37920864423114 5.37711020045808 5.37501175668503 5.37291331291197 5.37188789447146 5.37408155202863 5.3762752095858 5.37846886714297 5.38066252470014 5.38285618225731
15.5360944986342 16.1579432090122 16.7797919193902 16.9517300923665 16.9736980862088 16.995666080051 17.0176340738932 17.0396020677355 17.0615700615777 17.0835380554199 16.8814315517745 16.0071015556656 15.1327715595565 14.2584415634476 13.3841115673387 12.5097815712296 11.6354515751207 10.7611215790117 11.2003732641538 12.0774855097134 12.9545977552731 13.8317100008328 14.7088222463924 15.5859344919521 16.4630467375118 16.7334154976742 15.183553801643 13.6336921056114 12.0838304095802 10.5339687135489 8.98410701751735 7.43424532148607 5.8843836254548 5.4994019349416 5.5027135796017 5.5060252242618 5.5093368689219 5.512648513582 5.5159601582421 5.5192718029022 5.52154553333917 5.5207055211067 5.51986550887424 5.51902549664178 5.51818548440932 5.51734547217685
16.0577632665633 16.4457730054854 16.8337827444075 16.9524513244629 16.9813395182292 17.0102277119954 17.0391159057617 17.068004099528 17.0968922932943 17.1257804870605 16.8664847970011 15.7426374554638 14.6187901139262 13.4949427723888 12.3710954308515 11.2472480893139 10.1234007477765 8.99955340623918 9.56258672475824 10.6879135966301 11.8132404685019 12.938567340374 14.0638942122458 15.1892210841176 16.3145479559897 16.7734836260481 15.2332456906641 13.6930077552798 12.1527698198958 10.6125318845117 9.07229394912745 7.53205601374342 5.99181807835939 5.61329989433287 5.62202162742613 5.63074336051939 5.63946509361265 5.64818682670591 5.65690855979917 5.66563029289243 5.67120317220685 5.66732949018476 5.66345580816267 5.65958212614057 5.65570844411848 5.65183476209638
16.5794320344924 16.7336028019586 16.8877735694249 16.9531725565592 16.9889809502496 17.0247893439399 17.0605977376302 17.0964061313205 17.1322145250108 17.1680229187012 16.8515380422277 15.4781733552619 14.1048086682958 12.73144398133 11.3580792943642 9.98471460739813 8.6113499204323 7.23798523346647 7.9248001853625 9.29834168354659 10.6718831817307 12.045424679915 13.4189661780991 14.7925076762832 16.1660491744675 16.813551754422 15.2829375796852 13.7523234049482 12.2217092302114 10.6910950554746 9.16048088073755 7.62986670600077 6.09925253126398 5.72719785372414 5.74132967525056 5.75546149677698 5.7695933183034 5.78372513982983 5.79785696135624 5.81198878288267 5.82086081107455 5.81395345926283 5.8070461074511 5.80013875563938 5.79323140382765 5.78632405201592
16.5902977188429 16.7444281511837 16.8985585835245 16.9639774004618 16.9998256789313 17.0356739574008 17.0715222358704 17.1073705143399 17.1432187928094 17.1790670712789 16.8322208947609 15.3372913532791 13.8423618117971 12.3474322703153 10.8525027288335 9.35757318735148 7.8626436458697 6.36771410438792 7.0257543047267 8.40145108567317 9.77714786661964 11.1528446475663 12.5285414285128 13.9042382094593 15.279934990406 15.9620798574559 14.5635689828137 13.1650581081712 11.766547233529 10.3680363588868 8.96952548424432 7.5710146096021 6.17250373495989 5.83555830319721 5.8524680190616 5.869377734926 5.88628745079039 5.90319716665478 5.92010688251918 5.93701659838357 5.95022092395357 5.95230907864039 5.95439723332721 5.95648538801403 5.95857354270085 5.96066169738767
16.0903603196144 16.4782490531603 16.8661377867062 16.9848658561706 17.0138737042745 17.0428815523783 17.0718894004822 17.100897248586 17.1299050966899 17.1589129447937 16.8085333546006 15.3199914495155 13.83144954443 12.3429076393449 10.8543657342597 9.36582382917429 7.87728192408913 6.38874001900397 6.86544908285124 7.99724180301012 9.12903452316899 10.2608272433281 11.3926199634869 12.5244126836458 13.6562054038049 14.2190679351494 13.0751399000492 11.9312118649487 10.7872838298484 9.64335579474812 8.49942775964765 7.35549972454737 6.21157168944709 5.93838124275205 5.95543665885923 5.97249207496641 5.98954749107359 6.00660290718077 6.02365832328794 6.04071373939512 6.05928351084389 6.08239634831743 6.10550918579099 6.12862202326453 6.15173486073808 6.17484769821163
15.590422920386 16.2120699551369 16.8337169898879 17.0057543118795 17.0279217296176 17.0500891473558 17.072256565094 17.0944239828322 17.1165914005703 17.1387588183085 16.7848458144403 15.3026915457518 13.820537277063 12.3383830083744 10.8562287396859 9.37407447099711 7.89192020230857 6.40976593362002 6.70514386097577 7.59303252034703 8.48092117971828 9.36880983908969 10.2566984984609 11.1445871578322 12.0324758172036 12.4760560128428 11.5867108172845 10.697365621726 9.80802042616772 8.9186752306094 8.02933003505093 7.13998483949261 6.25063964393429 6.04120418230691 6.05840529865687 6.07560641500683 6.09280753135679 6.11000864770675 6.12720976405672 6.14441088040668 6.16834609773421 6.21248361799449 6.25662113825477 6.30075865851505 6.34489617877532 6.38903369903561
15.0904855211575 15.9458908571136 16.8012961930696 17.0266427675883 17.0419697549608 17.0572967423333 17.0726237297058 17.0879507170783 17.1032777044508 17.1186046918233 16.76115827428 15.2853916419881 13.8096250096959 12.333858377404 10.8580917451121 9.38232511281992 7.906558480528 6.43079184823608 6.5448386391003 7.18882323768394 7.83280783626757 8.47679243485132 9.12077703343495 9.76476163201859 10.4087462306023 10.7330440905362 10.0982817345199 9.46351937850341 8.82875702248705 8.19399466647068 7.55923231045421 6.92446995443785 6.28970759842148 6.14402712186176 6.16137393845451 6.17872075504725 6.19606757164 6.21341438823275 6.23076120482549 6.24810802141824 6.27740868462454 6.34257088767154 6.40773309071856 6.47289529376556 6.53805749681257 6.60321969985958
14.5905481219291 15.6797117590902 16.7688753962514 17.0475312232971 17.0560177803039 17.0645043373108 17.0729908943176 17.0814774513245 17.0899640083313 17.0984505653381 16.7374707341198 15.2680917382244 13.7987127423289 12.3293337464336 10.8599547505383 9.39057575464274 7.92119675874743 6.45181776285213 6.38453341722484 6.78461395502088 7.18469449281692 7.58477503061303 7.98485556840907 8.38493610620511 8.78501664400122 8.99003216822981 8.60985265175538 8.22967313528088 7.84949361880646 7.46931410233203 7.08913458585754 6.70895506938311 6.32877555290868 6.2468500614166 6.26434257825214 6.28183509508767 6.2993276119232 6.31682012875873 6.33431264559426 6.35180516242979 6.38647127151485 6.47265815734859 6.55884504318233 6.64503192901607 6.7312188148498 6.81740570068354
14.0906107227006 15.4135326610669 16.7364545994331 17.0684196790059 17.0700658056471 17.0717119322883 17.0733580589294 17.0750041855706 17.0766503122118 17.078296438853 16.7137831939595 15.2507918344608 13.7878004749619 12.3248091154632 10.8618177559645 9.39882639646555 7.93583503696687 6.47284367746818 6.22422819534937 6.38040467235779 6.53658114936621 6.69275762637466 6.84893410338308 7.00511058039151 7.16128705739995 7.24702024592321 7.12142356899074 6.99582689205825 6.87023021512578 6.74463353819331 6.61903686126082 6.49344018432835 6.36784350739588 6.34967300097146 6.36731121804977 6.38494943512809 6.4025876522064 6.42022586928472 6.43786408636303 6.45550230344135 6.49553385840518 6.60274542702564 6.70995699564612 6.81716856426658 6.92438013288704 7.03159170150752
13.2388051946957 14.5596868528259 15.880568510956 16.2091146945955 16.2068823867376 16.2046500788797 16.2024177710217 16.2001854631638 16.1979531553059 16.1957208474479 15.8590135296191 14.5188811818764 13.1787488341335 11.8386164863908 10.4984841386482 9.15835179090528 7.81821944316262 6.47808709541995 6.16729708909987 6.19962119658787 6.23194530407586 6.26426941156386 6.29659351905186 6.32891762653985 6.36124173402785 6.38654514418708 6.39078646235995 6.39502778053283 6.39926909870571 6.40351041687859 6.40775173505147 6.41199305322434 6.41623437139722 6.41710499922434 6.41685206360287 6.4165991279814 6.41634619235993 6.41609325673846 6.415840321117 6.41558738549552 6.44975232018364 6.58717086580063 6.72458941141763 6.86200795703462 6.9994265026516 7.13684504826861
12.0351315379143 13.1181743343671 14.2012171308199 14.4696162700656 14.4664675235751 14.4633187770846 14.4601700305942 14.4570212841037 14.4538725376132 14.4507237911227 14.1731617410983 13.0723597804711 11.9715578198437 10.8707558592165 9.76995389858925 8.66915193796185 7.56834997733463 6.46754801670742 6.2137400984764 6.24226352771122 6.27078695694604 6.29931038618087 6.32783381541569 6.35635724465051 6.38488067388534 6.40860686302184 6.4179413318634 6.42727580070495 6.4366102695465 6.44594473838805 6.4552792072296 6.46461367607116 6.47394814491271 6.44914605617523 6.41296511491141 6.37678417364758 6.34060323238375 6.30442229111992 6.26824134985609 6.23206040859226 6.24912665685017 6.42593447367348 6.60274229049682 6.77955010732012 6.95635792414343 7.13316574096677
10.8314578811328 11.6766618159082 12.5218657506837 12.7301178455355 12.7260526604125 12.7219874752895 12.7179222901665 12.7138571050434 12.7097919199204 12.7057267347974 12.4873099525774 11.6258383790656 10.7643668055538 9.90289523204201 9.04142365853027 8.17995208501837 7.31848051150663 6.45700893799489 6.26018310785293 6.28490585883457 6.30962860981622 6.33435136079787 6.35907411177952 6.38379686276117 6.40851961374282 6.43066858185662 6.44509620136684 6.45952382087707 6.47395144038729 6.48837905989752 6.50280667940775 6.51723429891797 6.5316619184282 6.48118711312613 6.40907816621994 6.33696921931375 6.26486027240755 6.19275132550137 6.12064237859518 6.04853343168898 6.04850099351669 6.26469808154632 6.48089516957599 6.69709225760562 6.91328934563525 7.12948643366492
9.62778422435128 10.2351492974494 10.8425143705474 10.9906194210054 10.9856377972499 10.9806561734943 10.9756745497388 10.9706929259832 10.9657113022276 10.9607296784721 10.8014581640565 10.1793169776602 9.55717579126382 8.93503460486755 8.31289341847128 7.6907522320749 7.06861104567863 6.44646985928235 6.30662611722945 6.32754818995793 6.3484702626864 6.36939233541488 6.39031440814335 6.41123648087183 6.4321585536003 6.45273030069139 6.47225107087028 6.49177184104919 6.51129261122809 6.53081338140699 6.55033415158589 6.56985492176479 6.58937569194369 6.51322817007702 6.40519121752847 6.29715426497993 6.18911731243136 6.08108035988282 5.97304340733427 5.8650064547857 5.84787533018321 6.10346168941916 6.35904804865516 6.61463440789112 6.87022076712708 7.12580712636307
