data/working_set_collections/6091692-Cassins_Sparrow-MC/2005/bio9.asc
NCOLS 265 
NROWS 230 
XLLCORNER -115.5625 
YLLCORNER 24.8333333333333 
CELLSIZE 0.0833333333333333 
NODATA_value -9999 
[rows 20 to 39 of 230, columns 0 to 45 of 265]
22.0480452113682 22.0540011405946 22.0599570698209 22.0659129990473 22.0718689282736 22.0778248575 22.0837807867263 22.0875763416291 22.0906517717574 22.0937272018857 22.096802632014 22.0998780621423 22.1029534922706 22.1060289223989 22.0909490214455 22.0214031272465 21.9518572330475 21.8823113388486 21.8127654446496 21.7432195504507 21.6736736562517 21.6041277620528 21.5550285657247 21.5127449353536 21.4704613049825 21.4281776746114 21.3858940442403 21.3436104138692 21.3013267834981 21.2661638206906 21.2523628605737 21.2385619004567 21.2247609403398 21.2109599802229 21.197159020106 21.1833580599891 21.1695570998722 21.0536634127299 20.9037388165792 20.7538142204285 20.6038896242778 20.453965028127 20.3040404319763 20.1541158358256 19.9700236638387 19.6834287643433
21.4459593560961 21.4447880744935 21.4436167928908 21.4424455112882 21.4412742296855 21.4401029480829 21.4389316664802 21.4671449184418 21.5051530149249 21.5431611114079 21.5811692078909 21.6191773043739 21.6571854008569 21.6951934973399 21.7114396784041 21.6624001132118 21.6133605480195 21.5643209828271 21.5152814176348 21.4662418524425 21.4172022872501 21.3681627220578 21.3497264544169 21.3414912859599 21.3332561175029 21.3250209490458 21.3167857805888 21.3085506121318 21.3003154436747 21.2926466676924 21.2866770691342 21.280707470576 21.2747378720177 21.2687682734595 21.2627986749013 21.2568290763431 21.2508594777849 21.1484548886617 21.0139053026835 20.8793557167053 20.7448061307271 20.610256544749 20.4757069587708 20.3411573727926 20.1714371363322 19.8962049484253
20.8438735008241 20.8355750083924 20.8272765159608 20.8189780235292 20.8106795310975 20.8023810386659 20.7940825462342 20.8467134952546 20.9196542580923 20.9925950209301 21.0655357837678 21.1384765466055 21.2114173094432 21.2843580722809 21.3319303353628 21.3033970991771 21.2748638629914 21.2463306268057 21.21779739062 21.1892641544343 21.1607309182485 21.1321976820628 21.1444243431092 21.1702376365662 21.1960509300232 21.2218642234802 21.2476775169373 21.2734908103943 21.2993041038513 21.3191295146942 21.3209912776947 21.3228530406952 21.3247148036957 21.3265765666962 21.3284383296966 21.3303000926971 21.3321618556976 21.2432463645935 21.1240717887879 21.0048972129822 20.8857226371765 20.7665480613709 20.6473734855652 20.5281989097595 20.3728506088257 20.1089811325073
20.241787645552 20.2263619422913 20.2109362390307 20.1955105357701 20.1800848325095 20.1646591292488 20.1492334259882 20.2262820720673 20.3341555012598 20.4420289304522 20.5499023596446 20.657775788837 20.7656492180295 20.8735226472219 20.9524209923215 20.9443940851424 20.9363671779633 20.9283402707842 20.9203133636051 20.912286456426 20.9042595492469 20.8962326420678 20.9391222318014 20.9989839871725 21.0588457425436 21.1187074979146 21.1785692532857 21.2384310086568 21.2982927640279 21.345612361696 21.3553054862552 21.3649986108144 21.3746917353736 21.3843848599328 21.394077984492 21.4037711090512 21.4134642336104 21.3380378405253 21.2342382748922 21.130438709259 21.0266391436259 20.9228395779928 20.8190400123596 20.7152404467265 20.5742640813192 20.3217573165894
19.8369191222721 19.8315270264944 19.8261349307166 19.8207428349389 19.8153507391612 19.8099586433835 19.8045665476057 19.9012697219848 20.0320046530829 20.162739584181 20.2934745152791 20.4242094463772 20.5549443774753 20.6856793085734 20.7889188819461 20.8096723821428 20.8304258823395 20.8511793825361 20.8719328827328 20.8926863829295 20.9134398831261 20.9341933833228 21.000264708201 21.0814419746398 21.1626192410786 21.2437965075174 21.3249737739562 21.4061510403951 21.4873283068338 21.5501177575853 21.5577437612745 21.5653697649637 21.572995768653 21.5806217723422 21.5882477760315 21.5958737797207 21.6034997834099 21.5188977241516 21.4035529772441 21.2882082303365 21.172863483429 21.0575187365214 20.9421739896139 20.8268292427063 20.6781513214112 20.4294738769532
19.6292679309845 19.6510702610016 19.6728725910187 19.6946749210358 19.7164772510529 19.73827958107 19.760081911087 19.8716764450073 20.013201713562 20.1547269821167 20.2962522506714 20.437777519226 20.5793027877807 20.7208280563354 20.8414240042368 20.8992319901784 20.95703997612 21.0148479620615 21.0726559480031 21.1304639339447 21.1882719198862 21.2460799058278 21.3278517723083 21.4176115989684 21.5073714256286 21.5971312522887 21.6868910789489 21.7766509056091 21.8664107322692 21.932645702362 21.9283061027526 21.9239665031432 21.9196269035339 21.9152873039245 21.9109477043151 21.9066081047058 21.9022685050964 21.7858260154724 21.6320158958435 21.4782057762146 21.3243956565857 21.1705855369568 21.0167754173279 20.862965297699 20.6845123291016 20.4321308135987
19.4216167396969 19.4706134955088 19.5196102513207 19.5686070071326 19.6176037629445 19.6666005187564 19.7155972745683 19.8420831680298 19.994398774041 20.1467143800523 20.2990299860636 20.4513455920749 20.6036611980862 20.7559768040975 20.8939291265275 20.988791598214 21.0836540699005 21.1785165415869 21.2733790132734 21.3682414849599 21.4631039566463 21.5579664283328 21.6554388364155 21.753781223297 21.8521236101786 21.9504659970601 22.0488083839416 22.1471507708231 22.2454931577046 22.3151736471388 22.2988684442308 22.2825632413228 22.2662580384148 22.2499528355068 22.2336476325988 22.2173424296908 22.2010372267829 22.0527543067932 21.860478814443 21.6682033220927 21.4759278297424 21.2836523373922 21.0913768450419 20.8991013526917 20.690873336792 20.4347877502442
19.2139655484094 19.2901567300161 19.3663479116228 19.4425390932295 19.5187302748362 19.5949214564429 19.6711126380497 19.8124898910522 19.9755958345201 20.138701777988 20.3018077214559 20.4649136649237 20.6280196083916 20.7911255518595 20.9464342488183 21.0783512062496 21.210268163681 21.3421851211124 21.4741020785437 21.6060190359751 21.7379359934064 21.8698529508378 21.9830259005228 22.0899508476257 22.1968757947285 22.3038007418314 22.4107256889343 22.5176506360371 22.62457558314 22.6977015919155 22.6694307857089 22.6411599795023 22.6128891732957 22.5846183670891 22.5563475608825 22.5280767546759 22.4998059484693 22.319682598114 22.0889417330424 21.8582008679708 21.6274600028992 21.3967191378276 21.165978272756 20.9352374076844 20.6972343444825 20.4374446868897
19.0063143571218 19.1096999645233 19.2130855719248 19.3164711793264 19.4198567867279 19.5232423941294 19.626628001531 19.7828966140747 19.9567928949992 20.1306891759236 20.3045854568481 20.4784817377726 20.6523780186971 20.8262742996215 20.998939371109 21.1679108142852 21.3368822574615 21.5058537006378 21.674825143814 21.8437965869903 22.0127680301665 22.1817394733428 22.31061296463 22.4261204719543 22.5416279792785 22.6571354866027 22.7726429939269 22.8881505012511 23.0036580085754 23.0802295366922 23.039993127187 22.9997567176818 22.9595203081766 22.9192838986714 22.8790474891662 22.838811079661 22.7985746701558 22.5866108894348 22.3174046516419 22.0481984138489 21.7789921760559 21.509785938263 21.24057970047 20.971373462677 20.7035953521729 20.4401016235352
18.7986631658342 18.9292431990306 19.0598232322269 19.1904032654232 19.3209832986196 19.4515633318159 19.5821433650123 19.7533033370971 19.9379899554782 20.1226765738593 20.3073631922404 20.4920498106214 20.6767364290025 20.8614230473836 21.0514444933997 21.2574704223209 21.463496351242 21.6695222801632 21.8755482090844 22.0815741380055 22.2876000669267 22.4936259958478 22.6382000287373 22.7622900962829 22.8863801638285 23.010470231374 23.1345602989196 23.2586503664652 23.3827404340108 23.462757481469 23.4105554686652 23.3583534558614 23.3061514430576 23.2539494302537 23.2017474174499 23.1495454046461 23.0973433918423 22.8535391807556 22.5458675702413 22.238195959727 21.9305243492127 21.6228527386984 21.315181128184 21.0075095176697 20.7099563598633 20.4427585601807
18.8276086648305 18.9570927778879 19.0865768909454 19.2160610040029 19.3455451170603 19.4750292301178 19.6045133431752 19.7819592475891 19.9753924157884 20.1688255839877 20.362258752187 20.5556919203864 20.7491250885857 20.942558256785 21.1104995383156 21.2019651598401 21.2934307813645 21.3848964028889 21.4763620244133 21.5678276459377 21.6592932674621 21.7507588889866 21.965384189288 22.2210627158484 22.4767412424089 22.7324197689693 22.9880982955297 23.2437768220902 23.4994553486506 23.6798000176748 23.63414311409 23.5884862105052 23.5428293069204 23.4971724033356 23.4515154997508 23.405858596166 23.3602016925812 23.0980283419292 22.7636828422547 22.4293373425802 22.0949918429057 21.7606463432313 21.4263008435567 21.0919553438823 20.770037317276 20.4854017098745
19.0931508541107 19.1932487010955 19.2933465480804 19.3934443950653 19.4935422420501 19.593640089035 19.6937379360199 19.8688643455505 20.0690002759297 20.269136206309 20.4692721366882 20.6694080670674 20.8695439974467 21.0696799278259 21.1761045058569 21.0013950268428 20.8266855478288 20.6519760688148 20.4772665898007 20.3025571107867 20.1278476317727 19.9531381527586 20.2921654462816 20.8024383306505 21.3127112150194 21.8229840993882 22.333256983757 22.8435298681259 23.3538027524948 23.7313571453094 23.7107560634613 23.6901549816131 23.669553899765 23.6489528179169 23.6283517360687 23.6077506542205 23.5871495723724 23.3200783729553 22.9708504676819 22.6216225624085 22.272394657135 21.9231667518616 21.5739388465881 21.2247109413147 20.8838382244111 20.5680310726166
19.3586930433909 19.4294046243031 19.5001162052154 19.5708277861277 19.64153936704 19.7122509479522 19.7829625288645 19.9557694435119 20.162608136071 20.3694468286302 20.5762855211893 20.7831242137484 20.9899629063076 21.1968015988667 21.2417094733981 20.8008248938455 20.3599403142931 19.9190557347406 19.478171155188 19.0372865756355 18.596401996083 18.1555174165305 18.6189467032752 19.3838139454524 20.1486811876298 20.913548429807 21.6784156719843 22.4432829141617 23.2081501563389 23.7829142729441 23.7873690128326 23.7918237527211 23.7962784926096 23.8007332324981 23.8051879723867 23.8096427122752 23.8140974521637 23.5421284039816 23.1780180931092 22.8139077822367 22.4497974713644 22.085687160492 21.7215768496196 21.3574665387472 20.9976391315461 20.6506604353587
19.6242352326711 19.6655605475108 19.7068858623504 19.7482111771901 19.7895364920298 19.8308618068695 19.8721871217092 20.0426745414733 20.2562159962124 20.4697574509514 20.6832989056905 20.8968403604295 21.1103818151686 21.3239232699076 21.3073144409393 20.6002547608483 19.8931950807573 19.1861354006664 18.4790757205753 17.7720160404844 17.0649563603934 16.3578966803024 16.9457279602687 17.9651895602543 18.9846511602402 20.0041127602259 21.0235743602115 22.0430359601974 23.0624975601831 23.8344714005788 23.863981962204 23.8934925238291 23.9230030854543 23.9525136470794 23.9820242087046 24.0115347703298 24.0410453319549 23.7641784350078 23.3851857185364 23.006193002065 22.6272002855937 22.2482075691224 21.869214852651 21.4902221361797 21.1114400386811 20.7332897981008
19.8897774219512 19.9017164707183 19.9136555194854 19.9255945682525 19.9375336170196 19.9494726657867 19.9614117145538 20.1295796394348 20.3498238563537 20.5700680732727 20.7903122901916 21.0105565071105 21.2308007240295 21.4510449409484 21.3729194084805 20.399684627851 19.4264498472216 18.4532150665922 17.4799802859627 16.5067455053333 15.533510724704 14.5602759440744 15.2725092172623 16.5465651750564 17.8206211328507 19.0946770906448 20.3687330484389 21.6427890062331 22.9168449640272 23.8860285282135 23.9405949115753 23.9951612949371 24.0497276782989 24.1042940616607 24.1588604450225 24.2134268283843 24.2679932117462 23.986228466034 23.5923533439637 23.1984782218933 22.804603099823 22.4107279777527 22.0168528556824 21.6229777336121 21.2252409458161 20.8159191608429
20.1553196112315 20.137872393926 20.1204251766205 20.102977959315 20.0855307420095 20.068083524704 20.0506363073985 20.2164847373962 20.443431716495 20.6703786955939 20.8973256746927 21.1242726537916 21.3512196328904 21.5781666119893 21.4385243760218 20.1991144948537 18.9597046136859 17.7202947325181 16.48088485135 15.2414749701822 14.0020650890143 12.7626552078463 13.5992904742559 15.1279407898584 16.6565911054611 18.1852414210636 19.7138917366661 21.2425420522689 22.7711923678714 23.9375856558482 24.0172078609466 24.0968300660451 24.1764522711436 24.256074476242 24.3356966813405 24.415318886439 24.4949410915374 24.2082784970602 23.7995209693909 23.3907634417216 22.9820059140524 22.5732483863831 22.1644908587138 21.7557333310446 21.3390418529511 20.898548523585
20.295610109965 20.2651924769084 20.2347748438517 20.2043572107951 20.1739395777384 20.1435219446818 20.1131043116252 20.1842531522115 20.2892574840122 20.3942618158129 20.4992661476136 20.6042704794143 20.709274811215 20.8142791430157 20.5830044296058 19.3428925805625 18.1027807315194 16.8626688824764 15.6225570334331 14.38244518439 13.1423333353469 11.9022214863037 12.8289833625155 14.4780364804794 16.1270895984436 17.7761427164075 19.4251958343714 21.0742489523356 22.7233020702995 23.9803195211622 24.0612299707201 24.1421404202779 24.2230508698357 24.3039613193936 24.3848717689514 24.4657822185092 24.5466926680671 24.2702374935151 23.8746604442597 23.4790833950043 23.083506345749 22.6879292964936 22.2923522472382 21.8967751979828 21.4809800836776 21.0045307742225
20.3106489181519 20.2836767196655 20.2567045211792 20.2297323226929 20.2027601242065 20.1757879257202 20.1488157272339 20.0328848838807 19.8873011589051 19.7417174339296 19.596133708954 19.4505499839785 19.3049662590029 19.1593825340274 18.8063595692322 17.8310188849771 16.8556782007221 15.8803375164672 14.904996832212 13.9296561479571 12.9543154637021 11.978974779447 12.9615878820416 14.5968522469199 16.2321166117984 17.8673809766766 19.5026453415549 21.1379097064334 22.7731740713117 24.0142301241557 24.0726612408956 24.1310923576355 24.1895234743754 24.2479545911153 24.3063857078552 24.3648168245951 24.4232479413351 24.1721054553986 23.81777176857 23.4634380817414 23.1091043949128 22.7547707080842 22.4004370212555 22.0461033344269 21.6510556379955 21.1338659127554
20.3256877263387 20.3021609624227 20.2786341985067 20.2551074345907 20.2315806706746 20.2080539067586 20.1845271428426 19.8815166155498 19.485344833798 19.0891730520462 18.6930012702944 18.2968294885426 17.9006577067907 17.504485925039 17.0297147088585 16.3191451893915 15.6085756699247 14.8980061504579 14.187436630991 13.4768671115241 12.7662975920573 12.0557280725904 13.0941924015678 14.7156680133604 16.3371436251532 17.9586192369458 19.5800948487384 21.2015704605313 22.8230460723238 24.0481407271491 24.0840925110711 24.1200442949931 24.1559960789151 24.1919478628371 24.227899646759 24.263851430681 24.299803214603 24.0739734172822 23.7608830928803 23.4477927684784 23.1347024440766 22.8216121196747 22.5085217952728 22.195431470871 21.8211311923134 21.2632010512882
20.3407265345256 20.3206452051799 20.3005638758342 20.2804825464884 20.2604012171427 20.240319887797 20.2202385584513 19.730148347219 19.0833885086909 18.4366286701628 17.7898688316347 17.1431089931067 16.4963491545785 15.8495893160505 15.2530698484848 14.807271493806 14.3614731391273 13.9156747844486 13.4698764297699 13.0240780750912 12.5782797204125 12.1324813657337 13.226796921094 14.8344837798009 16.4421706385081 18.049857497215 19.6575443559219 21.2652312146291 22.872918073336 24.0820513301425 24.0955237812466 24.1089962323507 24.1224686834547 24.1359411345588 24.1494135856628 24.1628860367669 24.176358487871 23.9758413791657 23.7039944171906 23.4321474552155 23.1603004932404 22.8884535312653 22.6166065692902 22.3447596073151 21.9912067466313 21.3925361898211
