data/working_set_collections/6091692-Cassins_Sparrow-MC/2005/bio9.asc
NCOLS 265 
NROWS 230 
XLLCORNER -115.5625 
YLLCORNER 24.8333333333333 
CELLSIZE 0.0833333333333333 
NODATA_value -9999 
[rows 200 to 219 of 230, columns 184 to 229 of 265]
20.9791087468464 21.4156406190659 21.8521724912854 21.96096367836 21.9605079703861 21.9600522624122 21.9595965544383 21.9591408464644 21.9586851384905 21.9582294305165 21.9436506324344 21.8867025640276 21.8297544956207 21.7728064272139 21.715858358807 21.6589102904002 21.6019622219933 21.5450141535865 21.5667550404866 21.6147255791558 21.6626961178249 21.7106666564941 21.7586371951633 21.8066077338324 21.8545782725016 21.8606069564819 21.7408100763957 21.6210131963094 21.5012163162232 21.3814194361369 21.2616225560506 21.1418256759644 21.0220287958781 20.8942230383555 20.7637476550208 -9999 -9999 -9999 -9999 -9999 -9999 -9999 -9999 -9999 -9999 -9999
21.2340023676553 21.5832823647392 21.9325623618231 22.0261081218719 22.0344091362423 22.0427101506127 22.0510111649831 22.0593121793535 22.0676131937239 22.0759142080943 22.0681318865882 22.0120995574527 21.9560672283172 21.9000348991818 21.8440025700463 21.7879702409108 21.7319379117754 21.6759055826399 21.6998984018961 21.7505662706163 21.8012341393364 21.8519020080566 21.9025698767768 21.9532377454969 22.0039056142171 22.0087790807088 21.8762693405152 21.7437596003215 21.6112498601278 21.4787401199341 21.3462303797404 21.2137206395467 21.0812108993531 -9999 -9999 -9999 -9999 -9999 -9999 -9999 -9999 -9999 -9999 -9999 -9999 -9999
21.4888959884643 21.7509241104125 22.0129522323608 22.0912525653839 22.1083103020986 22.1253680388133 22.1424257755279 22.1594835122426 22.1765412489573 22.193598985672 22.192613140742 22.1374965508779 22.0823799610138 22.0272633711497 21.9721467812856 21.9170301914215 21.8619136015574 21.8067970116933 21.8330417633056 21.8864069620768 21.9397721608479 21.9931373596191 22.0465025583903 22.0998677571614 22.1532329559326 22.1569512049357 22.0117286046346 21.8665060043335 21.7212834040324 21.5760608037313 21.4308382034302 21.2856156031291 21.140393002828 -9999 -9999 -9999 -9999 -9999 -9999 -9999 -9999 -9999 -9999 -9999 -9999 -9999
21.7437896092732 21.9185658560858 22.0933421028984 22.1563970088959 22.1822114679548 22.2080259270138 22.2338403860728 22.2596548451317 22.2854693041907 22.3112837632497 22.3170943948958 22.262893544303 22.2086926937103 22.1544918431176 22.1002909925249 22.0460901419322 21.9918892913394 21.9376884407467 21.9661851247151 22.0222476535373 22.0783101823594 22.1343727111816 22.1904352400038 22.2464977688259 22.3025602976481 22.3051233291626 22.1471878687541 21.9892524083456 21.831316947937 21.6733814875285 21.51544602712 21.3575105667115 21.1995751063029 21.0627011458079 20.9328476852841 -9999 -9999 -9999 -9999 -9999 -9999 -9999 -9999 -9999 -9999 -9999
21.8351935386658 21.9669682714674 22.098743004269 22.1619026660919 22.2021906375885 22.2424786090851 22.2827665805817 22.3230545520782 22.3633425235748 22.4036304950714 22.4214905209011 22.3720667097304 22.3226428985596 22.2732190873888 22.223795276218 22.1743714650472 22.1249476538764 22.0755238427056 22.1033022244771 22.1568146705627 22.2103271166483 22.2638395627339 22.3173520088195 22.3708644549052 22.4243769009908 22.42429183854 22.2634142504798 22.1025366624196 21.9416590743595 21.7807814862993 21.6199038982391 21.459026310179 21.2981487221188 21.155987739563 21.0200656255086 -9999 -9999 -9999 -9999 -9999 -9999 -9999 -9999 -9999 -9999 -9999
21.7631077766418 21.8961313565572 22.0291549364726 22.107769536972 22.1682478109995 22.228726085027 22.2892043590546 22.3496826330821 22.4101609071096 22.4706391811371 22.5058015187581 22.4650160471598 22.4242305755615 22.3834451039632 22.3426596323649 22.3018741607666 22.2610886891683 22.22030321757 22.2443930625915 22.290108013153 22.3358229637146 22.3815379142761 22.4272528648376 22.4729678153991 22.5186827659607 22.5144567330678 22.3604077498118 22.2063587665558 22.0523097832998 21.8982608000438 21.7442118167877 21.5901628335317 21.4361138502757 21.2864015579224 21.1381348292033 -9999 -9999 -9999 -9999 -9999 -9999 -9999 -9999 -9999 -9999 -9999
21.6910220146179 21.825294441647 21.9595668686761 22.0536364078522 22.1343049844106 22.214973560969 22.2956421375275 22.3763107140859 22.4569792906443 22.5376478672027 22.5901125166151 22.5579653845893 22.5258182525635 22.4936711205376 22.4615239885118 22.429376856486 22.3972297244602 22.3650825924343 22.3854839007059 22.4234013557434 22.4613188107808 22.4992362658183 22.5371537208557 22.5750711758931 22.6129886309306 22.6046216275957 22.4574012491438 22.3101808706919 22.1629604922401 22.0157401137882 21.8685197353363 21.7212993568844 21.5740789784326 21.4168153762817 21.256204032898 -9999 -9999 -9999 -9999 -9999 -9999 -9999 -9999 -9999 -9999 -9999
21.618936252594 21.7544575267368 21.8899788008796 21.9995032787323 22.1003621578216 22.201221036911 22.3020799160003 22.4029387950897 22.503797674179 22.6046565532684 22.6744235144721 22.6509147220188 22.6274059295654 22.6038971371121 22.5803883446587 22.5568795522054 22.533370759752 22.5098619672987 22.5265747388204 22.5566946983337 22.5868146578471 22.6169346173604 22.6470545768737 22.6771745363871 22.7072944959004 22.6947865221236 22.5543947484758 22.4140029748281 22.2736112011804 22.1332194275326 21.9928276538849 21.8524358802372 21.7120441065894 -9999 -9999 -9999 -9999 -9999 -9999 -9999 -9999 -9999 -9999 -9999 -9999 -9999
21.5468504905701 21.6836206118266 21.8203907330831 21.9453701496124 22.0664193312327 22.187468512853 22.3085176944732 22.4295668760935 22.5506160577138 22.6716652393341 22.7587345123291 22.7438640594482 22.7289936065674 22.7141231536865 22.6992527008056 22.6843822479248 22.6695117950439 22.6546413421631 22.6676655769348 22.689988040924 22.7123105049133 22.7346329689026 22.7569554328918 22.7792778968811 22.8016003608703 22.7849514166514 22.6513882478078 22.5178250789642 22.3842619101207 22.2506987412771 22.1171355724335 21.9835724035899 21.8500092347463 21.6776430130005 21.4923424402873 -9999 -9999 -9999 -9999 -9999 -9999 -9999 -9999 -9999 -9999 -9999
21.4747647285461 21.6127836969163 21.7508026652866 21.8912370204925 22.0324765046437 22.1737159887949 22.3149554729461 22.4561949570973 22.5974344412485 22.7386739253997 22.8430455101861 22.8368133968777 22.8305812835693 22.8243491702609 22.8181170569526 22.8118849436442 22.8056528303358 22.7994207170274 22.8087564150492 22.8232813835144 22.8378063519796 22.8523313204447 22.8668562889099 22.8813812573751 22.8959062258402 22.8751163111793 22.7483817471398 22.6216471831004 22.494912619061 22.3681780550215 22.2414434909821 22.1147089269426 21.9879743629032 21.8080568313599 21.610411643982 21.412766456604 -9999 -9999 -9999 -9999 -9999 -9999 -9999 -9999 -9999 -9999
21.1591779549917 21.3016501797571 21.4441224045224 21.6202077865601 21.8074975543552 21.9947873221504 22.1820770899455 22.3693668577406 22.5566566255357 22.7439463933309 22.8855007595486 22.8898489210341 22.8941970825195 22.898545244005 22.9028934054904 22.9072415669759 22.9115897284614 22.9159378899468 22.9234428246816 22.9320000171661 22.9405572096507 22.9491144021352 22.9576715946197 22.9662287871043 22.9747859795888 22.95173435741 22.8338562912411 22.7159782250722 22.5981001589033 22.4802220927345 22.3623440265655 22.2444659603967 22.1265878942278 21.9419821739197 21.7351339022319 21.5282856305441 -9999 -9999 -9999 -9999 -9999 -9999 -9999 -9999 -9999 -9999
20.6000901699067 20.7502200603486 20.9003499507905 21.132282447815 21.391482480367 21.6506825129191 21.9098825454712 22.1690825780233 22.4282826105753 22.6874826431274 22.8861002604167 22.9029706319173 22.919841003418 22.9367113749186 22.9535817464193 22.9704521179199 22.9873224894206 23.0041928609212 23.0117248058319 23.0161439418793 23.0205630779266 23.024982213974 23.0294013500213 23.0338204860687 23.0382396221161 23.0148055553436 22.9078118801117 22.8008182048798 22.6938245296478 22.5868308544159 22.479837179184 22.372843503952 22.2658498287201 22.0794190406799 21.8665092150371 -9999 -9999 -9999 -9999 -9999 -9999 -9999 -9999 -9999 -9999 -9999
20.0410023848216 20.1987899409401 20.3565774970585 20.6443571090698 20.9754674063788 21.3065777036878 21.6376880009969 21.9687982983059 22.2999085956149 22.6310188929239 22.8866997612847 22.9160923428006 22.9454849243164 22.9748775058322 23.0042700873481 23.0336626688639 23.0630552503798 23.0924478318956 23.1000067869822 23.1002878665924 23.1005689462026 23.1008500258128 23.101131105423 23.1014121850331 23.1016932646433 23.0778767532773 22.9817674689823 22.8856581846873 22.7895489003923 22.6934396160974 22.5973303318024 22.5012210475074 22.4051117632124 22.2168559074402 21.9978845278422 21.7789131482443 21.5599417686463 21.3409703890483 -9999 -9999 -9999 -9999 -9999 -9999 -9999 -9999
19.4819145997366 19.6473598215315 19.8128050433265 20.1564317703247 20.5594523323906 20.9624728944566 21.3654934565226 21.7685140185885 22.1715345806545 22.5745551427205 22.8872992621528 22.9292140536838 22.9711288452148 23.0130436367459 23.0549584282769 23.0968732198079 23.138788011339 23.18070280287 23.1882887681325 23.1844317913055 23.1805748144785 23.1767178376516 23.1728608608246 23.1690038839976 23.1651469071706 23.1409479512109 23.0557230578529 22.9704981644948 22.8852732711368 22.8000483777788 22.7148234844208 22.6295985910628 22.5443736977047 22.3542927742005 22.1292598406474 21.9042269070944 21.6791939735413 -9999 -9999 -9999 -9999 -9999 -9999 -9999 -9999 -9999
18.9228268146516 19.0959297021231 19.2690325895946 19.6685064315796 20.1434372584025 20.6183680852253 21.0932989120483 21.5682297388712 22.0431605656941 22.518091392517 22.8878987630208 22.942335764567 22.9967727661133 23.0512097676595 23.1056467692057 23.1600837707519 23.2145207722982 23.2689577738444 23.2765707492828 23.2685757160187 23.2605806827545 23.2525856494903 23.2445906162262 23.236595582962 23.2286005496979 23.2040191491445 23.1296786467234 23.0553381443024 22.9809976418813 22.9066571394602 22.8323166370392 22.7579761346181 22.6836356321971 22.4917296409607 22.2606351534526 22.0295406659445 -9999 -9999 -9999 -9999 -9999 -9999 -9999 -9999 -9999 -9999
18.3637390295665 18.5444995827146 18.7252601358626 19.1805810928345 19.7274221844143 20.2742632759941 20.821104367574 21.3679454591538 21.9147865507337 22.4616276423136 22.8884982638889 22.9554574754503 23.0224166870117 23.0893758985731 23.1563351101345 23.2232943216959 23.2902535332573 23.3572127448188 23.3648527304331 23.3527196407318 23.3405865510305 23.3284534613291 23.3163203716278 23.3041872819265 23.2920541922251 23.2670903470781 23.203634235594 23.1401781241099 23.0767220126258 23.0132659011417 22.9498097896576 22.8863536781735 22.8228975666894 22.629166507721 22.3920104662578 22.1548544247946 21.9176983833313 21.6805423418681 -9999 -9999 -9999 -9999 -9999 -9999 -9999 -9999
17.9149869203568 18.1192835304472 18.3235801405377 18.7912994225819 19.3468262619442 19.9023531013064 20.4578799406687 21.0134067800309 21.5689336193931 22.1244604587555 22.5708094808791 22.6896250512865 22.808440621694 22.9272561921014 23.0460717625088 23.1648873329163 23.2837029033237 23.4025184737311 23.4216009934743 23.4074391629961 23.3932773325178 23.3791155020396 23.3649536715613 23.3507918410831 23.3366300106049 23.3099634435442 23.2457826667362 23.1816018899282 23.1174211131202 23.0532403363122 22.9890595595042 22.9248787826962 22.8606980058882 22.6707233587901 22.4388174215953 22.2069114844005 21.9750055472056 21.7430996100108 -9999 -9999 -9999 -9999 -9999 -9999 -9999 -9999
17.5765704870224 17.8202815453211 18.0639926036199 18.5006614208221 19.0016494909922 19.5026375611622 20.0036256313324 20.5046137015025 21.0056017716725 21.5065898418427 21.9348324139914 22.1448384920756 22.35484457016 22.5648506482442 22.7748567263285 22.9848628044128 23.1948688824971 23.4048749605814 23.4468155384064 23.4327342828115 23.4186530272166 23.4045717716217 23.3904905160268 23.3764092604319 23.362328004837 23.3326384385427 23.25612394015 23.1796094417572 23.1030949433645 23.0265804449717 22.950065946579 22.8735514481863 22.7970369497935 22.6164001941681 22.4010560194652 22.1857118447622 21.9703676700592 21.7550234953563 -9999 -9999 -9999 -9999 -9999 -9999 -9999 -9999
17.2381540536881 17.5212795601951 17.8044050667021 18.2100234190623 18.6564727200402 19.1029220210181 19.5493713219961 19.995820622974 20.4422699239519 20.8887192249299 21.2988553471036 21.6000519328648 21.9012485186259 22.2024451043871 22.5036416901482 22.8048382759094 23.1060348616706 23.4072314474317 23.4720300833384 23.4580294026269 23.4440287219153 23.4300280412038 23.4160273604923 23.4020266797807 23.3880259990692 23.3553134335412 23.2664652135637 23.1776169935862 23.0887687736088 22.9999205536313 22.9110723336538 22.8222241136763 22.7333758936988 22.5620770295461 22.3632946173351 22.164512205124 21.9657297929128 21.7669473807017 -9999 -9999 -9999 -9999 -9999 -9999 -9999 -9999
16.8997376203537 17.222277575069 17.5448175297842 17.9193854173024 18.3112959490882 18.7032064808739 19.0951170126597 19.4870275444454 19.8789380762312 20.270848608017 20.6628782802158 21.0552653736538 21.4476524670919 21.8400395605299 22.2324266539679 22.624813747406 23.017200840844 23.409587934282 23.4972446282705 23.4833245224423 23.4694044166141 23.4554843107859 23.4415642049577 23.4276440991296 23.4137239933014 23.3779884285397 23.2768064869775 23.1756245454153 23.074442603853 22.9732606622908 22.8720787207286 22.7708967791664 22.6697148376041 22.5077538649241 22.3255332152049 22.1433125654857 21.9610919157664 -9999 -9999 -9999 -9999 -9999 -9999 -9999 -9999 -9999
