resources/Exp000_Example-Run/Run01_M2/TimeSeries/1985/model/1985_biasfile.asc
NCOLS 265 
NROWS 230 
XLLCORNER -115.5625 
YLLCORNER 24.8333333333333 
CELLSIZE 0.0833333333333333 
NODATA_value -9999 
[rows 18 to 35 of 230, columns 126 to 167 of 265]
0.00103588708916893 0.00106602917202109 0.00109483876366779 0.00112198785159912 0.00114742882126831 0.00117114795613905 0.001193052741525 0.00121306013345026 0.00123109696217806 0.00124710026683472 0.00126089034312409 0.00127227436205225 0.0012814958506315 0.00128854365480684 0.00129341683771467 0.00129612436906767 0.00129668476269132 0.00129512566413885 0.00129112356440191 0.00128509288236434 0.00127710717061759 0.00126722984694445 0.00125552968335719 0.0012420801905526 0.00122695900750999 0.00121008304770358 0.00119162187459711 0.00117178167093382 0.00115065106565157 0.00112831933791982 0.00110487603209016 0.0010804106045367 0.0010549759796743 0.00102860428160555 0.00100151403734517 0.000973790105712527 0.00094551583773067 0.000916772981266761 0.000887641601251461 0.000858200014364588 0.000828503775101687 0.000798676108295105
0.0011155762275633 0.00114809214714783 0.00117918473398109 0.00120850299153542 0.00123599543401843 0.00126164689416022 0.00128535796779475 0.00130703933027695 0.00132661216480125 0.00134400851741611 0.00135903532296017 0.00137148514042531 0.0013816178714507 0.00138942067772672 0.00139489159162712 0.00139803918729869 0.00139888219706849 0.00139744907523005 0.00139339049435546 0.0013871500369981 0.00137880524216274 0.00136842272638981 0.00135607484301173 0.00134183903433332 0.00132579718958341 0.00130785704445397 0.00128819931265547 0.00126704506063658 0.00124448826623359 0.00122062370514476 0.00119554654785153 0.00116935198997419 0.00114209519028109 0.00111380785000539 0.00108472723821009 0.00105494430571914 0.00102454853607026 0.000993627842425281 0.000962268480089293 0.000930554973454232 0.000898544386304901 0.000866372853916791
0.00119846885096336 0.00123345675368343 0.0012669279533245 0.00129850779097175 0.00132814076112468 0.00135581016954154 0.00138140948846425 0.00140484289042234 0.00142602570151517 0.00144488477691126 0.00146121322489547 0.00147478845600228 0.00148588716599357 0.00149449469279908 0.00150060790974807 0.00150423487814172 0.00150539444232951 0.00150411576948948 0.00150002261821113 0.00149358860117409 0.00148489523197543 0.00147401228161724 0.00146101565153343 0.00144598669384362 0.00142901153806365 0.00140998810009834 0.00138910848351234 0.00136660911680137 0.00134258938353346 0.00131714962843361 0.00129039073684897 0.00126241374915542 0.00123327595641836 0.00120300832330502 0.00117186778892863 0.00113995158917819 0.00110735555119289 0.00107417398220688 0.00104049957390549 0.00100642332103517 0.000972003576672121 0.000937390243523105
0.00128442110167422 0.00132197458636705 0.00135791571456666 0.00139184555106461 0.00142370443448631 0.00145347407224172 0.00148104059810731 0.00150630147668874 0.00152916598169772 0.00154955559190493 0.00156724915740129 0.00158200843914654 0.00159412729757983 0.00160358910658618 0.00161038944872212 0.00161453574911505 0.00161604684909203 0.0016149525218809 0.00161084856477512 0.00160423940437086 0.00159521049547691 0.00158383469906855 0.00157019141001262 0.0015543658459541 0.00153644834340442 0.00151632635264946 0.00149420356691536 0.00147033221496495 0.00144481711894906 0.00141776424162693 0.00138928024910543 0.00135947210997709 0.00132839912510215 0.00129609118519835 0.00126282580400352 0.00122870667903849 0.00119383617696781 0.00115831521405731 0.00112224315190592 0.00108571770712055 0.00104879827656953 0.00101164938952806
0.00137326195138733 0.00141346916685816 0.00145196635957002 0.00148832977584657 0.00152249547663507 0.00155444350566245 0.00158405246531415 0.0016112129267763 0.00163582793318581 0.00165781341587113 0.0016769335740643 0.00169293405891585 0.00170612621261531 0.00171649130516545 0.00172402349420074 0.00172872944012672 0.00173062785827352 0.00172974901055231 0.00172565974403258 0.00171889599089616 0.00170954709157316 0.00169768891195785 0.00168340426371306 0.00166678216256633 0.00164791709461503 0.00162668539955244 0.00160330251696577 0.00157803686886526 0.00155099872350967 0.00152229968576658 0.00149205224401598 0.00146036935484794 0.00142731218595951 0.00139290919451181 0.00135745934218031 0.00132107294613866 0.00128385909120726 0.0012459255016179 0.00120737842766458 0.00116832254583481 0.00112881802656824 0.00108904488067635
0.00146479333326681 0.00150773607734976 0.00154886941303971 0.00158774430471972 0.00162429243025721 0.00165849211158985 0.0016902142513794 0.00171934236399502 0.00174577310325395 0.00176941669864278 0.00179002234966638 0.0018073191837842 0.00182163628426412 0.00183295267912946 0.00184126096563466 0.00184656690662911 0.00184888896129915 0.00184825775292617 0.00184421025796516 0.00183731450465872 0.00182766364080271 0.00181533643141262 0.00180041900602509 0.00178300408740312 0.00176319022912195 0.00174084202114178 0.00171618675994984 0.00168950940358842 0.00166092564746911 0.00163055273644512 0.00159850899693122 0.00156491340813815 0.00152982884140036 0.00149328194029543 0.00145559394849144 0.00141688194031017 0.0013772618779871 0.00133684847445644 0.0012957550704718 0.00125409352458235 0.0012119244869582 0.00116944429406056
0.0015589983208874 0.00160475738268909 0.00164860614638794 0.00169006988944315 0.00172907581338793 0.00176560046490828 0.00179950689530449 0.0018306714127526 0.00185898413412504 0.0018843494406791 0.00190650120860128 0.00192515165083327 0.00194064780169914 0.00195296629997223 0.00196209803431269 0.00196804772092585 0.00197083341307457 0.00197048594523508 0.00196651151079178 0.00195951074866527 0.00194958050114289 0.0019368022919963 0.00192126543379211 0.00190306622836779 0.00188230717713286 0.00185884043477503 0.0018329052171878 0.00180480332767786 0.00177465583537988 0.00174258559030182 0.00170871674200363 0.001673174298614 0.00163602263308405 0.00159728613815277 0.00155730919483919 0.00151621575820411 0.00147412881652037 0.00143117024478991 0.00138746067185605 0.00134311935955604 0.00129820709009391 0.00125293742710147
0.00165541177104935 0.00170405327212521 0.00175068256081366 0.00179479895321737 0.00183632511057249 0.00187523576532622 0.00191138600945858 0.00194464483601728 0.0019748957143459 0.00200203706458855 0.00202578719773861 0.00204584111210042 0.00206256391533047 0.00207592972487017 0.00208592758406167 0.00209256102124952 0.00209584753833985 0.00209581803176051 0.00209194716152798 0.00208486852415445 0.00207468252552718 0.00206147329445369 0.00204533317593587 0.00202636190493919 0.00200466579100124 0.00198008393367052 0.00195286746877044 0.00192333526610854 0.00189161368716589 0.00185783112309188 0.00182211750137101 0.00178460383394685 0.00174535578578946 0.00170439507385454 0.00166208995076899 0.00161857134026644 0.00157396936891595 0.00152841321012872 0.00148203094083144 0.00143494940917759 0.00138722918265917 0.00133910186339086
0.00175370293584486 0.00180528236868698 0.00185474703506966 0.00190157012100299 0.00194566970764505 0.0019870186860866 0.00202546411612432 0.00206086759893798 0.00209310587488309 0.00212207131601208 0.00214746649019393 0.00216896895085258 0.00218696192830714 0.00220141689552146 0.00221232091927243 0.00221967620091744 0.0022234995443704 0.00222382175438446 0.0022200853243141 0.00221295701906203 0.00220254065663594 0.00218892279987214 0.00217219865630265 0.00215247122693894 0.00212985046697839 0.00210416183703494 0.00207566833846515 0.00204470605871954 0.00201140654257144 0.00197590363014917 0.00193833295314955 0.00189883147351227 0.0018574659244476 0.00181425491795772 0.00176959123145406 0.00172361281685476 0.00167645702310886 0.00162826043048101 0.00157915869638139 0.00152928641103923 0.00147870356907071 0.00142766057140602
0.00185356751631501 0.0019081304712858 0.00196047583801796 0.00201005060663436 0.00205676826243249 0.00210059983987107 0.00214138432793596 0.00217897589050782 0.00221324448569353 0.00224407637540474 0.00227115826805961 0.00229415010887863 0.00231345322855656 0.00232903634001397 0.00234088440624388 0.00234899816304379 0.00235339356687496 0.0023541011711035 0.00235053077802346 0.00234338239897847 0.00233276309039136 0.00231876165893362 0.00230147598356759 0.00228101214128557 0.00225748354592507 0.00223070146432382 0.0022009406537221 0.00216855450245098 0.00213367960071448 0.00209645511638491 0.00205702228246938 0.00201552392791321 0.00197202761366611 0.0019265484083729 0.00187950419455187 0.00183103998430421 0.00178130040606866 0.00173042952899954 0.0016785706975682 0.00162586637461488 0.00157237560823836 0.00151836831681275
0.00195468048523248 0.00201226196063313 0.00206752314269758 0.00211988486671119 0.00216925603163365 0.0022156058126901 0.00225876512530895 0.00229858068354943 0.00233491563976338 0.00236765011011246 0.00239645489197443 0.00242097222967706 0.00244162145839935 0.00245836842433383 0.00247119586476071 0.00248010291311838 0.0024851045273091 0.00248623084465038 0.00248285856879237 0.00247572089776582 0.00246492793113686 0.00245057051091723 0.00243274897602356 0.00241157226712569 0.00238715704579467 0.00235929986461665 0.00232828707082122 0.00229448936599485 0.00225804821923894 0.00221910797586125 0.00217781533794106 0.0021343188889681 0.00208868676180154 0.00204093003734497 0.00199149220361811 0.00194052533624986 0.00188818137198214 0.00183461192298447 0.00177996809986349 0.00172440034152536 0.00166796636300914 0.00161095626986635
0.00205669832099626 0.00211732211128066 0.00217552341388716 0.00223069706024937 0.00228274739887362 0.00233164175651179 0.00237720300950926 0.00241927044380885 0.00245770041355392 0.00249236688126744 0.00252292474904838 0.00254899854142609 0.00257102542711843 0.00258896828900908 0.00260280752324033 0.00261254052707168 0.00261818110829008 0.00261975881973848 0.00261661698270976 0.00260952178038362 0.00259858613948514 0.0025839027116303 0.00256557406485088 0.00254371176991024 0.00251843550221208 0.00248952661922235 0.00245728283551174 0.00242209210504345 0.00238410058101474 0.00234345760705456 0.00230031519286252 0.00225482753450769 0.00220706306717733 0.00215702843707594 0.00210519315165661 0.00205171632385975 0.00199675719814961 0.0019404749546367 0.00188302852015563 0.00182457638438952 0.0017651745326345 0.00170513387150201
0.00215926246349592 0.00222294062839699 0.00228409503215906 0.00234209476811139 0.00239683969795386 0.0024482953248778 0.00249627655961866 0.00254061531758742 0.00258116119483677 0.00261778202146091 0.00265011689052835 0.00267777266512891 0.00270120409841174 0.00272037102410942 0.00273525138878887 0.00274584072302586 0.00275215153267771 0.00275421261397567 0.00275133375203339 0.00274431376563025 0.00273326817127261 0.00271829118669263 0.00269948735823396 0.00267697063120541 0.00265086343719003 0.00262093149968716 0.00258748361890987 0.00255092486381848 0.00251140584761816 0.0024690807032836 0.00242410655637949 0.00237664304296423 0.00232675861699747 0.00227445504100089 0.00222022816488882 0.0021642440818775 0.00210666931289154 0.00204767060039311 0.00198741470721136 0.0019260682183991 0.00186368498284357 0.0018005972628344
0.00226197247572089 0.00232870344513192 0.00239281088656618 0.00245363858582985 0.00251108202146343 0.00256510491783184 0.00261551434825103 0.00266213496470621 0.00270480968923752 0.00274340027879565 0.00277753019864428 0.00280678880993727 0.00283164808337734 0.00285206472409098 0.00286801412048819 0.00287948979942334 0.0028865028002756 0.00288908097182317 0.00288650055852862 0.00287959245211699 0.0028684744754218 0.00285324212677263 0.00283400163464264 0.00281086901508638 0.00278396914756917 0.00275305169935221 0.00271843617801821 0.00268054452360659 0.00263953153049542 0.00259555585781012 0.00254877950186938 0.00249936731394652 0.00244738744276267 0.00239283627916894 0.0023362362516421 0.00227776033364706 0.00221758225058273 0.00215587626324051 0.00209281695406824 0.00202857901420686 0.00196321370399198 0.00189707516723379
0.00236439282121835 0.00243416145810729 0.00250120860641107 0.00256485325804863 0.00262498663238817 0.00268157073108605 0.00273440494870003 0.00278330681022457 0.00282811267596398 0.00286867831609804 0.00290461181031729 0.00293548524890669 0.00296178740558918 0.00298347179958703 0.00300051117382192 0.00301289693474711 0.00302063851018681 0.00302376262920762 0.0030215121441962 0.00301474935106847 0.00300359410453663 0.00298814291155743 0.0029685033988056 0.00294479336012631 0.00291713982387886 0.00288527607917042 0.00284953193905355 0.0028103459104047 0.00276787668931063 0.00272228719468114 0.00267374404262174 0.00262241706617221 0.00256837380772664 0.00251160485534568 0.00245265931694027 0.00239171692223121 0.00232895850189787 0.00226456576062445 0.00219872105054123 0.00213160714297209 0.00206327230070552 0.00199409294147618
0.00246613320824068 0.00253891169655279 0.00260887294536353 0.00267531177910785 0.0027381153093144 0.0027972438852069 0.00285248942005204 0.00290366248427591 0.00295059302174337 0.00299313093216006 0.00303086922334877 0.00306336302520885 0.00309111742520504 0.00311408271318725 0.00313222890983442 0.00314554519191393 0.00315403923491751 0.0031577364772454 0.00315584666905334 0.00314926269672986 0.0031381061572242 0.00312247428300876 0.00310247580182549 0.00307822997722903 0.0030498656705809 0.00301709952890571 0.00298027121568763 0.00293983542441132 0.00289595444981699 0.00284879517959258 0.00279852857304319 0.00274532918498637 0.00268926364493577 0.00263031631949758 0.00256906299123024 0.00250568999172631 0.0024403851266651 0.00237333743842911 0.00230473696649135 0.00223477450343326 0.00216349490814879 0.00209129718445254
0.00256680135326304 0.00264254916871473 0.00271538660134329 0.00278458504532922 0.00285002768232803 0.00291167329316144 0.00296930654536612 0.00302273126259971 0.00307177115010854 0.00311627038297713 0.00315580728145102 0.00318992040417617 0.00321913058996134 0.00324338487003992 0.00326265047723383 0.00327691425746612 0.00328618199831385 0.00329047767891654 0.0032889783788241 0.00328260661894931 0.00327148543526463 0.00325571249317709 0.00323539731290462 0.00321066030631331 0.00318163183682193 0.00314801170632304 0.00311014892275613 0.00306851391127692 0.00302327224035566 0.00297459445244424 0.00292265554936317 0.00286763452257673 0.00280959677883656 0.00274852006038371 0.00268500671207912 0.00261924948318781 0.00255144299340306 0.00248178348503691 0.00241046857014765 0.00233769697041745 0.00226350974007887 0.00218832869708294
0.0026660066867241 0.00274467069729948 0.0028203341787739 0.00289224594019986 0.00296028543687795 0.00302440997837459 0.00308439725901821 0.00314004459786512 0.00319116967101631 0.00323761110362407 0.00327893298161659 0.00331465775857304 0.00334532139132292 0.00337086763764498 0.00339126088841202 0.00340648556625092 0.00341654544121315 0.00342146286790958 0.00342038282773309 0.00341425638199585 0.00340320769060765 0.00338733455157479 0.00336674695935951 0.00334156614132374 0.00331192361890685 0.00327750220892277 0.00323865970953002 0.00319588174992624 0.00314933682744167 0.00309919880411508 0.00304564640125113 0.00298886273832476 0.00292891168826154 0.00286576398487695 0.00280004831464616 0.00273196363135995 0.00266171117771587 0.0025894942271053 0.00251551781729918 0.00243998847380431 0.0023629430538075 0.00228482633038374
