resources/Exp000_Example-Run/Run01_M2/TimeSeries/1985/model/1985_model_prediction.asc
NCOLS 265 
NROWS 230 
XLLCORNER -115.5625 
YLLCORNER 24.8333333333333 
CELLSIZE 0.0833333333333333 
NODATA_value -9999 
[rows 20 to 39 of 230, columns 132 to 175 of 265]
0.450780004262924 0.45945730805397 0.463398337364197 0.459353357553482 0.455291479825974 0.451213538646698 0.447120279073715 0.443014353513718 0.438892930746078 0.434758633375168 0.436565577983856 0.440196543931961 0.44363859295845 0.446890771389008 0.449950307607651 0.452814877033234 0.455484062433243 0.441661238670349 0.378721475601196 0.317302376031876 0.25959700345993 0.207356333732605 0.161731034517288 0.123224772512913 0.0917642414569855 0.081267274916172 0.0764230564236641 0.0716696754097939 0.067025437951088 0.0625080913305283 0.058132853358984 0.0539129972457886 0.0514114610850811 0.0536731630563736 0.056003998965025 0.0584049969911575 0.0608758740127087 0.063417486846447 0.0660293251276016 0.0687120854854584 0.0683689340949059 0.0669850781559944 0.0655826702713966 0.0641643404960632
0.47072622179985 0.480855792760849 0.485290825366974 0.47882416844368 0.472364097833633 0.465908795595169 0.45946392416954 0.453029602766037 0.446606129407883 0.440198838710785 0.441176354885101 0.444547086954117 0.447839468717575 0.451050072908401 0.454181671142578 0.457231134176254 0.460195511579514 0.445168256759644 0.37527659535408 0.306374937295914 0.241940632462502 0.184720054268837 0.136372998356819 0.0974130108952522 0.0673854723572731 0.0607397519052029 0.0600223988294601 0.0591218695044518 0.0580470263957977 0.056807029992342 0.0554135851562023 0.0538784451782703 0.0532846115529537 0.0559062585234642 0.0586136132478714 0.061407059431076 0.0642858147621155 0.0672498345375061 0.0702989473938942 0.0734316408634186 0.0730131715536118 0.0713693425059319 0.0697008445858955 0.0680114030838013
0.490831434726715 0.502437174320221 0.507347226142883 0.498306691646576 0.489269942045212 0.480242490768433 0.471229463815689 0.462236136198044 0.453267812728882 0.444329530000687 0.444074124097824 0.446667373180389 0.449216365814209 0.451720744371414 0.454179793596268 0.456593006849289 0.458959996700287 0.442794114351273 0.368516325950623 0.293962061405182 0.22425103187561 0.16343554854393 0.113803349435329 0.0757748037576675 0.048306580632925 0.0444701500236988 0.0464803203940392 0.0483400523662567 0.0500251092016697 0.0515130795538425 0.0527837201952934 0.0538192130625248 0.0551639944314957 0.0581512711942196 0.0612405613064766 0.0644311010837555 0.0677221864461899 0.0711115971207619 0.0745979398488998 0.0781790465116501 0.0776915401220322 0.0757949948310852 0.0738643854856491 0.0719045549631119
0.511040806770325 0.524131596088409 0.52949595451355 0.517740190029144 0.505962073802948 0.494169980287552 0.48237818479538 0.470600694417953 0.458845764398575 0.447129040956497 0.445235818624496 0.446535468101501 0.447755008935928 0.448890209197998 0.449944585561752 0.450913935899734 0.451801747083664 0.434590548276901 0.358568966388702 0.280234485864639 0.206696406006813 0.143620908260345 0.0940000489354134 0.0580160841345787 0.0338234193623066 0.0319057814776897 0.0354967229068279 0.039179090410471 0.0429023914039135 0.0466103367507458 0.0502423979341984 0.0537353754043579 0.0570459291338921 0.0604024901986122 0.0638767778873444 0.0674666315317154 0.0711694285273552 0.0749819502234459 0.0789004266262054 0.0829205438494682 0.0823727548122406 0.0802357420325279 0.0780513361096382 0.0758269876241684
0.525836646556854 0.539854645729065 0.545691609382629 0.533389031887054 0.521071135997772 0.508751332759857 0.496442466974258 0.484157830476761 0.471910148859024 0.459712207317352 0.456505119800568 0.456173539161682 0.455713421106339 0.455128848552704 0.45441797375679 0.453579276800156 0.452617019414902 0.434794962406158 0.36101159453392 0.283433109521866 0.209526717662811 0.145511388778687 0.0948947966098785 0.0581703782081604 0.0335747115314007 0.0321641527116299 0.0366426818072796 0.0413722209632397 0.0462965592741966 0.0513477921485901 0.0564475916326046 0.0615090988576412 0.0657781511545181 0.0680092126131058 0.070261761546135 0.0725326463580132 0.0748198553919792 0.0771196112036705 0.0794296711683273 0.0817460641264915 0.0809820294380188 0.0791331082582474 0.0772247686982155 0.0752635672688484
0.534825325012207 0.549102783203125 0.555425345897675 0.54504919052124 0.534668743610382 0.524295806884766 0.513935804367065 0.503596186637878 0.493284374475479 0.483005613088608 0.479096293449402 0.477183252573013 0.475139260292053 0.47296741604805 0.470664590597153 0.4682357609272 0.465678215026855 0.447648853063583 0.378387778997421 0.305103719234467 0.233838126063347 0.169980674982071 0.117111124098301 0.0765083134174347 0.0474523939192295 0.0456444881856441 0.0510347038507462 0.0566468387842178 0.0624214671552181 0.0682890489697456 0.0741731226444244 0.0799911394715309 0.0839306190609932 0.0826091095805168 0.0812697112560272 0.0799138695001602 0.0785430818796158 0.0771588683128357 0.0757626891136169 0.0743560492992401 0.0732565596699715 0.0722013786435127 0.0710800364613533 0.0698967427015305
0.543330490589142 0.557727336883545 0.564500212669373 0.556332230567932 0.548096358776093 0.53980141878128 0.531448125839233 0.523045241832733 0.514596045017242 0.506103515625 0.501473426818848 0.498012065887451 0.494410127401352 0.490665704011917 0.486782312393188 0.482762098312378 0.478607177734375 0.460453480482101 0.396086633205414 0.327640295028687 0.259848117828369 0.197199627757072 0.143078327178955 0.0992539152503014 0.0658788233995438 0.063625194132328 0.0699065551161766 0.0763652622699738 0.0829413533210754 0.0895702019333839 0.0961804315447807 0.102696686983109 0.105864070355892 0.0995578169822693 0.0934854745864868 0.0876511335372925 0.0820561870932579 0.0767023265361786 0.0715899616479874 0.0667173489928246 0.0653499960899353 0.0650430619716644 0.0646703690290451 0.0642330646514893
0.551344096660614 0.565714955329895 0.572904169559479 0.567221164703369 0.56133097410202 0.555238723754883 0.548943758010864 0.542451977729797 0.53576934337616 0.528896391391754 0.52353972196579 0.518580496311188 0.51345682144165 0.508172154426575 0.50272935628891 0.497131675481796 0.491382896900177 0.473188370466232 0.414071887731552 0.350980252027512 0.287487536668777 0.227166429162025 0.172999069094658 0.126945793628693 0.0897859483957291 0.0870597958564758 0.0941210314631462 0.101303175091743 0.108552284538746 0.115810476243496 0.123016707599163 0.130107805132866 0.131950750946999 0.119024462997913 0.106941200792789 0.0957066193223 0.0853168740868568 0.0757583677768707 0.067010685801506 0.0590451434254646 0.0574823878705502 0.0578472688794136 0.0581556782126427 0.058406088501215
0.558851599693298 0.573054909706116 0.580621719360352 0.577700853347778 0.574352324008942 0.570578217506409 0.566380679607391 0.561764895915985 0.556729912757874 0.551281809806824 0.545195281505585 0.538806140422821 0.53221869468689 0.525437474250793 0.518465220928192 0.511311292648315 0.503979206085205 0.48583334684372 0.432309657335281 0.375053942203522 0.316653519868851 0.259804338216782 0.206959500908852 0.159997940063477 0.120045207440853 0.116856820881367 0.124477170407772 0.132160201668739 0.13985987007618 0.147530049085617 0.155122503638268 0.162588879466057 0.162465408444405 0.141139164566994 0.12165106087923 0.104036636650562 0.0882848426699638 0.0743443369865417 0.0621313229203224 0.0515356808900833 0.049850556999445 0.0507872328162193 0.0516861006617546 0.0525443255901337
0.565848112106323 0.579738199710846 0.587645471096039 0.587758004665375 0.587141871452332 0.585797309875488 0.583725273609161 0.580927193164825 0.577405631542206 0.573163628578186 0.566354215145111 0.5586177110672 0.550636291503906 0.542414247989655 0.533957064151764 0.525276482105255 0.516377091407776 0.498369187116623 0.450758814811707 0.399780869483948 0.347207754850388 0.294957637786865 0.244894549250603 0.198624700307846 0.157340452075005 0.153750270605087 0.161597594618797 0.169454902410507 0.177290886640549 0.185069978237152 0.192759558558464 0.200323238968849 0.197537332773209 0.165973857045174 0.137608289718628 0.112590335309505 0.0909240618348122 0.0724859908223152 0.0570586621761322 0.0443581081926823 0.0426201783120632 0.0440126918256283 0.0453959964215755 0.0467665009200573
0.57206779718399 0.585827231407166 0.594111621379852 0.594772160053253 0.594595313072205 0.593585193157196 0.591738402843475 0.589060366153717 0.585551261901855 0.581212043762207 0.574068665504456 0.565951764583588 0.557604908943176 0.549032807350159 0.540242552757263 0.531240522861481 0.522038996219635 0.503645658493042 0.45577734708786 0.405124723911285 0.35328733921051 0.301972895860672 0.252821654081345 0.207251340150833 0.166325449943542 0.164711266756058 0.175324648618698 0.186135292053223 0.197099059820175 0.208172082901001 0.219307377934456 0.230456382036209 0.22895136475563 0.191572830080986 0.157797157764435 0.127958193421364 0.102167919278145 0.0803414732217789 0.0622378401458263 0.0475098825991154 0.0448689833283424 0.0455852709710598 0.0462635233998299 0.0469017587602139
0.577471375465393 0.59090256690979 0.599186420440674 0.597849071025848 0.595816910266876 0.593090713024139 0.589672446250916 0.585564255714417 0.58076947927475 0.575291931629181 0.568145990371704 0.560438990592957 0.552571535110474 0.54454892873764 0.536378860473633 0.528063178062439 0.519610226154327 0.500144362449646 0.445891618728638 0.389656037092209 0.333395749330521 0.279068619012833 0.228414565324783 0.182777538895607 0.143004149198532 0.145177572965622 0.16082227230072 0.177297592163086 0.194525629281998 0.212412327528 0.230849042534828 0.249713778495789 0.254430741071701 0.217398598790169 0.183190584182739 0.152232944965363 0.124769702553749 0.100869961082935 0.0804547220468521 0.0633251368999481 0.0582866072654724 0.0566197708249092 0.0549372062087059 0.0532428175210953
0.582288920879364 0.59474766254425 0.602442979812622 0.59930157661438 0.595593869686127 0.59131783246994 0.586479961872101 0.581079483032227 0.575124621391296 0.568616449832916 0.561405599117279 0.55396968126297 0.546418070793152 0.538759350776672 0.530995905399323 0.52313244342804 0.515174329280853 0.494516730308533 0.434277683496475 0.372967600822449 0.312917113304138 0.256307274103165 0.204901948571205 0.159889563918114 0.121821530163288 0.127105861902237 0.146974727511406 0.168607160449028 0.191893711686134 0.216670915484428 0.242727190256119 0.269801676273346 0.281304836273193 0.245161131024361 0.211079567670822 0.179528459906578 0.150837630033493 0.125201001763344 0.102676920592785 0.0832099542021751 0.0748304650187492 0.0697194486856461 0.064826987683773 0.0601573996245861
0.586518704891205 0.597358047962189 0.603874921798706 0.59912759065628 0.593924522399902 0.588268160820007 0.582162261009216 0.575612962245941 0.568621516227722 0.561195850372314 0.553857147693634 0.546553194522858 0.539157807826996 0.531677186489105 0.524111151695251 0.516468167304993 0.508748769760132 0.486798405647278 0.421025335788727 0.355211615562439 0.292060494422913 0.233919963240623 0.182497709989548 0.138735979795456 0.102828599512577 0.110543303191662 0.133822202682495 0.160081297159195 0.189204350113869 0.220946654677391 0.254932314157486 0.290663033723831 0.30942702293396 0.274724990129471 0.241370469331741 0.209830120205879 0.180475905537605 0.153582438826561 0.129316166043282 0.107742615044117 0.0949168801307678 0.08509661257267 0.0760124996304512 0.0676499083638191
0.590157628059387 0.598729193210602 0.603484928607941 0.597327768802643 0.590814888477325 0.583947837352753 0.576729118824005 0.569168150424957 0.561266899108887 0.553036510944366 0.545513033866882 0.538208186626434 0.530810117721558 0.523322820663452 0.515748798847198 0.508096277713776 0.500368237495422 0.477034509181976 0.406243652105331 0.336561888456345 0.271039813756943 0.212123319506645 0.161375671625137 0.119409620761871 0.0860103219747543 0.0955021753907204 0.121396899223328 0.151739209890366 0.186461642384529 0.225235283374786 0.267449408769608 0.312230229377747 0.338619589805603 0.305901914834976 0.273894637823105 0.243027076125145 0.213672608137131 0.18614099919796 0.160666897892952 0.137409567832947 0.118912287056446 0.102939084172249 0.0885579138994217 0.075716644525528
0.593203246593475 0.59886372089386 0.601271152496338 0.593906223773956 0.586266934871674 0.57835841178894 0.570186078548431 0.561756372451782 0.553076207637787 0.544153273105621 0.536388158798218 0.528948724269867 0.521392703056335 0.513720989227295 0.505942821502686 0.498059570789337 0.490080684423447 0.46529558300972 0.390061646699905 0.317201316356659 0.250064045190811 0.191113516688347 0.141670197248459 0.101951017975807 0.0712977424263954 0.0819660276174545 0.109718695282936 0.14359550178051 0.183669432997704 0.229535758495331 0.280265629291534 0.334426641464233 0.368676513433456 0.338454008102417 0.308407723903656 0.27890008687973 0.250275373458862 0.222839087247849 0.196853592991829 0.172528445720673 0.147092536091805 0.123392559587955 0.102508060634136 0.0843462273478508
0.592882513999939 0.592841506004333 0.590887248516083 0.583464443683624 0.575923085212708 0.568266868591309 0.560500025749207 0.55262678861618 0.544651806354523 0.536579966545105 0.525313496589661 0.512881398200989 0.500326573848724 0.48767077922821 0.474930316209793 0.462122350931168 0.449269682168961 0.423500269651413 0.359837919473648 0.299072414636612 0.243089869618416 0.193253397941589 0.150319293141365 0.114460542798042 0.0853740274906158 0.0975549146533012 0.126852378249168 0.161687701940536 0.201953589916229 0.247144937515259 0.296340256929398 0.348242312669754 0.381537616252899 0.355478674173355 0.329341948032379 0.303379029035568 0.277828902006149 0.252923101186752 0.228868097066879 0.205850392580032 0.17620761692524 0.147039592266083 0.121288470923901 0.0989135652780533
0.588010668754578 0.578433334827423 0.569380044937134 0.564013242721558 0.558581590652466 0.553082406520844 0.547521710395813 0.541896939277649 0.536211967468262 0.530470848083496 0.512360751628876 0.490047425031662 0.467702835798264 0.44541609287262 0.423267692327499 0.401343643665314 0.379720628261566 0.354399174451828 0.317796468734741 0.282744944095612 0.249592259526253 0.21860945224762 0.189993813633919 0.163863807916641 0.140264824032784 0.153527915477753 0.181029230356216 0.211240544915199 0.243921920657158 0.278727412223816 0.315205216407776 0.352818787097931 0.376334726810455 0.355848044157028 0.335224837064743 0.31459653377533 0.29409784078598 0.27385601401329 0.25399374961853 0.234625950455666 0.204837784171104 0.173955902457237 0.146115750074387 0.121406480669975
0.58098179101944 0.559889495372772 0.542293310165405 0.540420770645142 0.538290619850159 0.535907924175262 0.53327214717865 0.530384540557861 0.527244806289673 0.523858904838562 0.498767197132111 0.466492831707001 0.434441596269608 0.402855932712555 0.371957033872604 0.341953426599503 0.313023626804352 0.289270907640457 0.27791491150856 0.266677141189575 0.255579233169556 0.244640409946442 0.23387910425663 0.223312512040138 0.212957933545113 0.225068360567093 0.245386645197868 0.266501933336258 0.288316130638123 0.310717731714249 0.333585798740387 0.35678568482399 0.370658278465271 0.355857282876968 0.340854853391647 0.325715005397797 0.310501128435135 0.295276880264282 0.280105441808701 0.265048742294312 0.235686779022217 0.203531891107559 0.173951104283333 0.147146552801132
0.5718092918396 0.537356376647949 0.509997963905334 0.512930870056152 0.51521223783493 0.516838252544403 0.517806529998779 0.518115520477295 0.517764866352081 0.516754865646362 0.484574854373932 0.442366242408752 0.400909453630447 0.360705107450485 0.322189152240753 0.285728812217712 0.251609921455383 0.230286106467247 0.240662962198257 0.250921249389648 0.261014878749847 0.270899713039398 0.280528455972672 0.289859026670456 0.298849493265152 0.307521432638168 0.316209882497787 0.324941664934158 0.333708167076111 0.342500537633896 0.351310014724731 0.360126048326492 0.364527970552444 0.355504751205444 0.346221327781677 0.336699694395065 0.326968818902969 0.317052662372589 0.306981861591339 0.296781778335571 0.268420815467834 0.235509663820267 0.204634130001068 0.176086992025375
