resources/Exp000_Example-Run/Run01_M2/TimeSeries/1985/model/1985_biasfile.asc
NCOLS 265 
NROWS 230 
XLLCORNER -115.5625 
YLLCORNER 24.8333333333333 
CELLSIZE 0.0833333333333333 
NODATA_value -9999 
[rows 162 to 179 of 230, columns 210 to 251 of 265]
0.00740900537584456 0.0072987046665363 0.00718239250758658 0.0070602429079309 0.00693244867769863 0.00679922109081406 0.00666078952047594 0.00651710295940138 0.00636825356826538 0.00621513715159181 0.00605806353658653 0.005897356670104 0.00573335370482049 0.00556640401107694 0.00539686811399708 0.00522481144309755 0.00505109170155231 0.00487610429660878 0.00470024252588381 0.00452390149740358 0.00434747650177732 0.00417136135613091 0.00399608947724938 0.0038221277649111 0.00364979334386172 0.00347944522811326 0.00331142996392349 0.00314608016149834 0.0029837130922824 0.00282480844144744 0.00267004161315742 0.00251920450061212 0.00237252076270514 0.00223019213817932 0.00209239798217272 0.00195929491778204 0.001831016602958 0.00170852279813616 0.00159116329077977 0.00147889354708957 0.00137173724306145 0.0012696971626792
0.00755578568770693 0.00744470973786397 0.00732746995045483 0.00720424008051079 0.00707521292971811 0.00694060005211684 0.00680063143216565 0.0066552474165958 0.00650453377486465 0.00634940696645534 0.00619017966290435 0.00602717920923324 0.00586074672713947 0.00569123613949743 0.00551901311567536 0.00534412844492866 0.00516746961929411 0.00498943974006069 0.00481044001082797 0.00463087393291568 0.00445114564051285 0.00427165820357328 0.00409294933838272 0.00391550183593738 0.00373964717896337 0.00356575478974143 0.00339418166446923 0.00322527084338938 0.00305934994656206 0.00289691034897825 0.00273864285952531 0.00258434631019791 0.00243425336618118 0.00228857432391983 0.00214749660602927 0.0020111843748915 0.00187977826533896 0.00175426050522818 0.00163397428445973 0.00151887799628932 0.00140899919894924 0.00130434390365345
0.00769664349315222 0.00758495249832155 0.00746694511408244 0.00734279457130435 0.00721269340204767 0.00707685319001967 0.00693550429274581 0.00678857807796749 0.0066361535626523 0.00647916785615864 0.00631793631310861 0.00615278953291085 0.005984072479961 0.0058121435206397 0.00563737337651648 0.00545979763064296 0.00528033397249845 0.00509939317056967 0.00491738431302708 0.0047347192840337 0.0045518110606155 0.00436907197323068 0.00418704374002809 0.00400622519847077 0.00382696240508351 0.00364963521817401 0.00347461111189869 0.0033022435838759 0.00313287062858956 0.00296699521159261 0.0028053233515342 0.00264766117851564 0.00249425037358558 0.00234530979648386 0.0022010349390515 0.0020615975010809 0.00192714508909472 0.00179868197064565 0.00167554509640888 0.00155769581898 0.00144516556603689 0.00133796356377453
0.00783120217859808 0.00771906018401104 0.00760044886661676 0.00747554068756163 0.00734452767641734 0.00720762122758536 0.00706505186760852 0.00691674168771744 0.00676276264037423 0.006604072526059 0.00644098926001032 0.00627384659023582 0.00610299323424116 0.00592879192791241 0.00575161838586656 0.00557149250099477 0.00538936255478695 0.00520564697620924 0.00502076273355597 0.0048351300964051 0.0046491708928583 0.00446330672643654 0.00427808305980146 0.00409401490917301 0.00391146308588415 0.00373081789779117 0.00355245730742271 0.00337674527638255 0.00320403017579794 0.00303482644562489 0.00286985509841716 0.0027089298594275 0.00255230140255772 0.00240019712313206 0.00225282055026643 0.00211035088551317 0.00197294266835213 0.00184162172958699 0.00171571910789486 0.00159519911885431 0.0014800970188095 0.00137042521050995
0.00795851731672053 0.00784610578798158 0.00772707131382002 0.00760158535162514 0.00746983921262477 0.00733204390494715 0.00718842994658717 0.00703890987511502 0.00688354830289981 0.00672332382451668 0.00655855683202343 0.00638958415526305 0.00621675821401704 0.00604044607755315 0.00586102843079363 0.00567850905563162 0.00549386723504191 0.00530752907654658 0.00511991944517944 0.00493146701525097 0.00474260248637973 0.00455375675518695 0.00436547880153917 0.0041782999353598 0.00399259587550648 0.00380876737684496 0.00362720288022229 0.0034482767932104 0.00327234783729364 0.00309994178130299 0.00293179437397039 0.00276772717917912 0.00260799979904966 0.00245284809388596 0.00230248355440164 0.00215709280413456 0.0020168372326969 0.00188276366164313 0.00175419753158106 0.0016311060898096 0.00151352834306727 0.00140147979713565
0.00807866525600097 0.00796615706460061 0.00784687137989178 0.0077209784696734 0.00758866876237336 0.00745015273684751 0.00730566078087456 0.00715509566525117 0.00699851446802812 0.00683691673317436 0.00667062530072934 0.00649998006837503 0.00632533715739964 0.00614706798121603 0.00596555821558017 0.00578079524267711 0.00559378971145574 0.00540497545054342 0.00521478525895774 0.00502365625058551 0.00483202802741845 0.00464034080455519 0.00444914691899738 0.00425899405341717 0.00407027293333417 0.00388339474123966 0.00369875836574514 0.00351674861855417 0.00333773451843465 0.00316225300793853 0.0029910543081179 0.0028239679699797 0.00266126242397018 0.00250318188902872 0.00234994570590847 0.00220174780466015 0.00205875630699633 0.00192203843560187 0.0017909142848014 0.0016653539692504 0.00154540013904894 0.00143107130260305
0.00819158503351205 0.00807914845452703 0.00795977867684453 0.00783364463321278 0.00770093574842581 0.00756186187537539 0.00741665319837074 0.00726520256232519 0.00710755938675869 0.00694474437066129 0.00677708282239907 0.00660491774095927 0.00642860899362114 0.00624853239129158 0.00606507866057848 0.00587821860920932 0.00568899458277576 0.00549784819645375 0.00530522023980888 0.00511155631581212 0.0049173049696573 0.00472291576558421 0.00452894429538533 0.00433595466257448 0.00414435265193543 0.00395455983863394 0.00376698550942132 0.00358202481602419 0.00340005699626575 0.00322162999971816 0.00304750824550644 0.00287752933728902 0.00271197040030474 0.00255108387159645 0.00239509679599278 0.00224421026027716 0.0020985989663247 0.00195934992210706 0.00182577807604822 0.00169785631479404 0.00157563079690761 0.00145912290696368
0.00829708336829025 0.00818488521887737 0.00806559675953132 0.00793938547993029 0.00780643972143767 0.00766696865836151 0.00752120224481631 0.00736902329132169 0.00721047350160395 0.00704659498832138 0.00687771559731317 0.0067041815096545 0.00652635642841338 0.00634462065816075 0.00615937007624433 0.00597055885047774 0.00577926132586469 0.00558592699312122 0.0053910047087848 0.00519494862955403 0.00499821629500249 0.00480126665471674 0.00460465850775108 0.0044089723966083 0.00421462917278448 0.00402206075297609 0.00383168675254456 0.00364391257581611 0.00345912757503824 0.0032778905254482 0.00310097975444635 0.00292824090331083 0.00275995962283222 0.00259639639126544 0.00243778577489266 0.00228433583083501 0.00213622765294946 0.00199456738121343 0.00185866497178792 0.00172849595568425 0.00160410983512072 0.00148553071643287
0.00839501526403248 0.00828321951898871 0.00816417470579838 0.00803804680311596 0.00790502303257025 0.00776531188361544 0.00761914310206489 0.00746638940937069 0.00730708480645013 0.00714229313034022 0.00697234488342146 0.00679758955788107 0.00661839482842224 0.00643514563282354 0.00624824313930752 0.0060576249246286 0.00586439760330465 0.00566901865387818 0.00547194509584892 0.00527363971903557 0.00507456911845213 0.00487520167024927 0.00467609939011236 0.00447785924581996 0.00428091711559403 0.0040857151897073 0.00389268332210039 0.00370223705839628 0.00351477573370834 0.00333086875338067 0.00315130804888603 0.00297594720056504 0.00280508017956657 0.00263897529192468 0.00247787440597375 0.00232199232609963 0.002171516313709 0.00202757095314918 0.00188946131264716 0.00175716540751526 0.0016307358890739 0.00151019940323578
0.00848528453880986 0.0083740509271669 0.00825540761476844 0.00812951904372861 0.00799657132526988 0.00785677230597489 0.00771035159553313 0.0075571718285146 0.00739725938910137 0.00723170019940456 0.00706082758788156 0.00688499453544006 0.006704572870466 0.006519952346837 0.00633153960384293 0.00613925579465862 0.00594424003539477 0.00574695792728217 0.00554787476761717 0.00534746207270406 0.00514619556312832 0.00494455308700116 0.00474309994434908 0.00454244948063345 0.00434305251119167 0.00414536141441144 0.00394981617164981 0.00375684233408623 0.00356684906073535 0.00338041617766127 0.00319834890282475 0.0030205085712172 0.00284719723314792 0.00267869077248546 0.00251523810354289 0.00235706051839774 0.00220435118556531 0.00205825241489402 0.00191806443970031 0.00178376756719788 0.00165541737392524 0.00153304283583175
0.00856784357182837 0.00845732617437252 0.00833923636231757 0.0082137370602137 0.0080810133255985 0.00794127245388639 0.00779474404228382 0.0076412807002744 0.00748090135678241 0.00731471442641479 0.0071430562836322 0.0069662836239719 0.00678477265727812 0.0065989181791242 0.00640913251932467 0.00621532069709264 0.00601865451826441 0.0058196078629878 0.00561865443886089 0.00541627459482846 0.00521295325507389 0.00500917778809593 0.00480551690505119 0.00460260024549868 0.0044008934205855 0.00420085889306953 0.00400294663876271 0.00380759205367211 0.00361521393391139 0.00342640230332657 0.00324197533626772 0.0030618018504872 0.00288619169839861 0.00271542805549696 0.00254976658966954 0.00238943478503815 0.00223463142127627 0.00208651578673144 0.00194438328016847 0.00180821627637221 0.00167807302455596 0.00155398459447668
0.00864181774515075 0.00853217943745788 0.00841480346661169 0.00828985131758541 0.00815750711734966 0.00801797777462926 0.00787149307589047 0.0077178957507908 0.00755719754773498 0.00739052987896579 0.00721823247078114 0.0070406660429993 0.0068582114952483 0.00667126896677147 0.00648025676864195 0.00628506426217799 0.00608689608985597 0.00588623460867663 0.00568356210361307 0.00547936788802413 0.00527414618419689 0.00506839393667968 0.00486268348144685 0.00465766061188529 0.00445380551147344 0.00425159058814325 0.00405147563631247 0.00385390568633236 0.00365930892860534 0.00346828531994542 0.00328166560884513 0.00309932568441936 0.00292158284897226 0.00274872720688299 0.00258102081003422 0.00241869696184706 0.00226195968087854 0.00211198437122358 0.00196806153202415 0.00183017531749379 0.00169838633424948 0.00157272745116491
0.0087081452635778 0.00859952275980032 0.00848299491892061 0.00835872190874387 0.00822688709084821 0.00808769719122195 0.00794138242403565 0.00778777584043771 0.00762688234115319 0.0074598568283071 0.00728704270725053 0.00710880504992108 0.0069255297691131 0.00673762266173073 0.00654550831992797 0.00634906101386706 0.0061495182898531 0.00594737117805031 0.00574311070558793 0.00553723527811049 0.00533024850524408 0.00512265695685308 0.0049150368493591 0.00470804995904871 0.00450219077980492 0.00429794151745791 0.00409577160142663 0.00389613547864835 0.00369947048434954 0.00350638625587211 0.00331772576024947 0.00313337149147699 0.00295364784723448 0.00277885149669619 0.00260925050572954 0.00244508362473905 0.0022865597401114 0.00213486957331651 0.001989298607005 0.00184983248320282 0.00171653385400697 0.00158943709609119
0.00876692577241357 0.00865944582362337 0.00854389035028318 0.00842041837362319 0.00828921270471202 0.00815048014146546 0.00800445161538921 0.00785095076635019 0.00768997605858132 0.00752270640360918 0.00734948925828277 0.0071706944169656 0.00698671316833338 0.00679795731679538 0.00660485806747413 0.00640727529284737 0.00620647944348504 0.00600297043279656 0.00579724820533572 0.00558982039281068 0.00538120008281026 0.00517190351675116 0.00496251110292084 0.00475370038626571 0.00454597985192512 0.0043398413349805 0.00413576369205014 0.00393421054220295 0.00373562808716578 0.00354063537883278 0.00335008723599822 0.00316387220409119 0.00298232138774993 0.00280573762302033 0.00263439458626374 0.0024685360696958 0.00230837542449902 0.00215511787225298 0.0020080437104807 0.00186713974907782 0.00173247034912652 0.00160407108111731
0.0088182972048081 0.00871207545661436 0.00859760544663737 0.00847504526827456 0.00834457744611371 0.00820640915431041 0.00806077238099332 0.00790748168873685 0.00774652959404718 0.00757911955604766 0.00740560349758745 0.00722635634487371 0.00704177516101361 0.006852278140028 0.00665830346032008 0.00645969741582805 0.00625776328737597 0.00605301009204987 0.0058459468743813 0.00563709062882404 0.00542696401016634 0.0052160929720578 0.00500506247895414 0.00479456558467421 0.00458512438809112 0.00437724016244484 0.0041714009587889 0.00396807929671349 0.00376772993710087 0.00357098106657715 0.00337869897759564 0.00319077762876005 0.00300755441041212 0.0028293378949607 0.00265640693370058 0.0024890099241782 0.00232736424902015 0.0021726887960853 0.00202425845947079 0.00188206087049428 0.0017461617399823 0.00161659749738086
0.00886243147550093 0.00875757144502994 0.00864428788808398 0.00852273823645729 0.00839310504020046 0.00825559620190627 0.00811044515301341 0.00795745777980681 0.00779662121577322 0.00762916401474516 0.00745544301820656 0.00727583872864174 0.00709075441376115 0.00690061506728435 0.00670586622533326 0.00650634154579483 0.00630337698343218 0.00609749088588419 0.00588920158385526 0.00567903557074006 0.00546752515326411 0.0052552060296263 0.00504266813381198 0.0048306197210068 0.00461959606708492 0.00441010766879475 0.00420265151314096 0.00399770872105691 0.00379574227613836 0.00359738920561703 0.00340352688575846 0.00321405396841703 0.00302931367683202 0.00284961985816897 0.00267525607268794 0.00250647485728753 0.00234349716429932 0.00218755469948733 0.00203791668857578 0.00189457121350881 0.00175758495495704 0.00162699484762407
0.00889952958476529 0.00879612177720949 0.0086841127383284 0.00856365955070071 0.00843494514776807 0.00829817855815243 0.00815359508768339 0.00800099241397743 0.00784035292560928 0.00767293081630239 0.00749908833227044 0.00731921202690258 0.00713371182939086 0.00694301996626935 0.00674758973500762 0.00654724321961437 0.00634334880226927 0.00613643439012521 0.00592702778584046 0.00571566511370665 0.00550288840920472 0.00528924313596933 0.00507532465518737 0.0048618560661248 0.00464938532523495 0.00443843191343674 0.00422950146874716 0.00402308338634758 0.00381964850703101 0.00361984238959098 0.00342455309180579 0.00323368316135946 0.00304758117154221 0.00286656575329793 0.00269092468138788 0.00252091413865397 0.00235675815920087 0.00219970040546126 0.00204900412712659 0.00190465746411233 0.00176672766871319 0.00163525181064283
0.00892964038997817 0.00882776322019821 0.00871710477767681 0.0085978221630654 0.00847009910638363 0.00833414621494577 0.008190201154393 0.00803805394298095 0.00787768295330704 0.0077103685638876 0.00753647895425863 0.00735640724194735 0.00717057050888407 0.00697940867738659 0.00678338323497115 0.00658230590332181 0.00637757713517089 0.00616973462929878 0.00595931584582805 0.00574686666653568 0.00553293892215826 0.00531808784756956 0.00510291474172993 0.00488815712648278 0.00467437506601304 0.00446209675235818 0.00425183615327769 0.00404409057255765 0.00383933830231179 0.0036382330989822 0.00344167327453153 0.00324956437749608 0.00306225980557918 0.00288008244046894 0.00270332373595171 0.00253224298772268 0.00236706678564196 0.00220904985229129 0.00205744910561372 0.00191225232027943 0.00177352689476346 0.00164130963887173
