resources/Exp000_Example-Run/Run01_M2/TimeSeries/1985/model/1985_biasfile.asc
NCOLS 265 
NROWS 230 
XLLCORNER -115.5625 
YLLCORNER 24.8333333333333 
CELLSIZE 0.0833333333333333 
NODATA_value -9999 
[rows 0 to 17 of 230, columns 126 to 167 of 265]
0.000179697320499551 0.00018471206880641 0.000189460750938323 0.000193880290646495 0.00019796357500441 0.000201709795908442 0.000205102625623441 0.00020812771843731 0.000210772795064359 0.000213027712606452 0.000214860422168254 0.000216237372649848 0.000217207645542897 0.000217771922810428 0.000217933010623738 0.00021769576821486 0.00021706702473687 0.000216055484507137 0.000214608409289797 0.000212804966999606 0.00021066269754873 0.000208197405056039 0.000205425881558171 0.000202365758953368 0.000199035361329072 0.000195428493865813 0.000191579726023819 0.000187527254546833 0.000183290520986182 0.000178888794975015 0.000174341076389504 0.00016966600552401 0.000164877961001933 0.000159990809935851 0.000155036491541178 0.000150030845626194 0.000144989009586587 0.000139925403321 0.000134853720019586 0.000129786922596581 0.000124742637502664 0.000119732159111677
0.000202282672598312 0.000207942887740354 0.000213305759550501 0.000218300644756111 0.000222919444863477 0.000227161137669862 0.000231007344842294 0.000234441898947242 0.0002374509377416 0.000240022982352231 0.0002421219901175 0.000243710177440467 0.000244842380080537 0.000245519198171367 0.000245743603026166 0.000245520858136496 0.00024485842683898 0.000243765867069628 0.000242183580359499 0.000240200267464813 0.000237835385780564 0.000235106437453178 0.000232032034174717 0.00022863173291848 0.000224925872130476 0.000220906975029277 0.000216613656954963 0.000212088784177267 0.000207354002985539 0.000202430783436059 0.00019734031099125 0.000192103387036089 0.000186735887425031 0.000181252923228718 0.000175690823929814 0.00017006735780003 0.000164399528569566 0.000158703558347154 0.000152994876968403 0.000147288117516681 0.000141602637748904 0.00013595176737313
0.000227094807335828 0.000233466184315759 0.00023950617581335 0.000245135880692736 0.000250346106173226 0.000255135579699273 0.000259483671878923 0.000263372212604601 0.000266785596083899 0.00026971086794737 0.0002721076049279 0.00027393337337106 0.000275249268688152 0.000276055776913839 0.000276356023462614 0.000276155685658375 0.000275462890486355 0.000274288098035678 0.000272564141073083 0.00027039012840369 0.000267787580756248 0.000264775822317623 0.000261375419960544 0.000257608001542184 0.000253496074742075 0.000249030679594328 0.000244254830216866 0.000239216501652906 0.0002339397258564 0.000228448356395649 0.000222765948809149 0.000216915650764795 0.000210914936138004 0.000204780207640494 0.000198552672829389 0.000192252208771996 0.000185897863711042 0.000179507837778289 0.000173099470718202 0.000166689236336768 0.000160298322100194 0.000153942385434238
0.000254307877810182 0.00026146148948889 0.000268246735864351 0.000274575721085047 0.000280438039720684 0.000285832128028045 0.000290734889988012 0.00029512595785055 0.000298987808803624 0.00030230586175745 0.000305034897118034 0.00030712738138734 0.000308651205876506 0.000309606704534723 0.000309997141315654 0.000309828613595413 0.000309109939257394 0.00030785252796517 0.000305980875856249 0.000303605433883121 0.000300749937263354 0.000297435659803791 0.000293685263460447 0.000289522597929011 0.000284972500871157 0.0002800243018198 0.000274725787442379 0.000269130511853018 0.000263265082480816 0.000257155928909252 0.000250829171168697 0.000244310498823008 0.000237619085778844 0.000230772667229614 0.000223817862148251 0.000216776849343613 0.000209670912762208 0.000202520419766256 0.000195344807027876 0.000188162573722968 0.000180996833006764 0.00017386589800436
0.000284296981134579 0.000292315300169193 0.000299924933313483 0.000307028148437617 0.000313613189268587 0.000319678151513794 0.000325197224106677 0.000330147616490914 0.000334509687938928 0.000338267054854597 0.000341369222526612 0.000343763038242297 0.00034552379808114 0.000346651635925897 0.000347149931609597 0.00034702520450635 0.000346286989111684 0.000344947693191436 0.000342922583538259 0.000340334520830567 0.000337209621668072 0.000333571249073801 0.000329444313809845 0.000324855053860072 0.000319830814661167 0.000314358939106693 0.000308492409835018 0.000302290899451533 0.000295783803495251 0.000289000343777696 0.000281969423763582 0.000274719495806772 0.00026727154317904 0.000259644667134486 0.000251891524149498 0.000244036815910076 0.000236104281907964 0.000228116675016092 0.000220095745308973 0.000212062231777289 0.000204041271196982 0.000196054227983391
0.000316957668473803 0.00032592034191584 0.000334430848434786 0.000342380820040097 0.000349757015442609 0.000356557140291797 0.000362752430307513 0.000368317455788455 0.000373230264525967 0.000377472500411977 0.000380987934806348 0.000383717296761759 0.000385743862118769 0.000387067514583448 0.000387691723522125 0.000387623427062797 0.000386872895396794 0.000385453574922091 0.000383270639326872 0.000380460374035445 0.000377051429885185 0.000373069385662769 0.000368541540952656 0.000363496674234327 0.000357964801856807 0.000351931001280894 0.000345453849926306 0.000338599653635234 0.000331400793929096 0.000323889486619739 0.00031609762351481 0.00030805662710323 0.000299789386742622 0.000291316388628653 0.00028269693844016 0.000273958471597378 0.000265127393474289 0.000256229052012456 0.000247287719225134 0.000238326581203959 0.00022937287976339 0.000220451427371707
0.000352422451458596 0.000362413337708451 0.000371905312675754 0.0003807785435885 0.000389018162285804 0.000396621430519545 0.000403556381816734 0.000409794720710527 0.00041531198021347 0.000420087652532147 0.000424059295600584 0.000427160997411653 0.000429484606203362 0.000431029699066495 0.000431799802797258 0.000431802265840188 0.000431048108529763 0.000429551852339346 0.000427207666837346 0.000424166315114006 0.00042045913497084 0.000416114046033751 0.000411160875789944 0.000405631095028025 0.00039955755430265 0.000392922760121963 0.000385791294582296 0.000378236632589813 0.000370294342578689 0.00036199983983659 0.000353388213786707 0.000344494069437305 0.000335342295286645 0.000325954768939881 0.000316398096309993 0.000306702665885553 0.000296897768433661 0.000287011566378436 0.000277071072727069 0.000267102139116099 0.000257134185122313 0.000247195903595341
0.000390818193054575 0.000401925209434795 0.000412483216776628 0.000422360062287525 0.000431539101709737 0.00044001709472601 0.000447758613607564 0.000454732260834796 0.000460910842106142 0.000466271509970071 0.000470745110101214 0.000474258544122981 0.000476912840435343 0.000478707206456453 0.000479645188129439 0.000479734530035007 0.000478987011789628 0.000477418261510161 0.000474910487866481 0.000471630018634761 0.000467611029916238 0.00046288390456873 0.00045748113486409 0.000451437034017137 0.00044478744890679 0.000437511981932525 0.00042968163887138 0.000421377618868375 0.000412638879979255 0.000403504244911853 0.000394012213160901 0.000384200788558664 0.000374096946881045 0.00036372394953558 0.000353156392707777 0.000342427845040836 0.000331570710745742 0.000320616195456419 0.000309594282296344 0.00029853371768695 0.000287466161293409 0.000276424655259578
0.000432264438853579 0.000444579355361657 0.000456291736258939 0.000467256230706822 0.000477454262191052 0.000486882025883564 0.000495500364556621 0.000503274533459735 0.0005101743898451 0.000516174550330428 0.000521198631826833 0.000525165783463511 0.000528186833832494 0.000530260550764199 0.000531390454499035 0.000531584665299697 0.000530855725226144 0.000529220394931405 0.000526547921730265 0.000523021314743059 0.000518677736962828 0.000513550152903812 0.000507673852958977 0.000501086139793975 0.000493826016123455 0.000485869818736667 0.000477295402965941 0.000468192264638895 0.000458602954511682 0.000448569911758944 0.00043813526027093 0.000427340621673248 0.000416215140927385 0.000404783439896331 0.000393128833337115 0.000381288304021003 0.000369297605419642 0.000357191223735188 0.000345002350806386 0.000332762867375807 0.000320506723382468 0.000308271816503072
0.000476871679572775 0.000490489855953371 0.000503448482372225 0.000515588113178927 0.000526888077074607 0.000537343938139938 0.000546912533308647 0.000555555517473335 0.000563239570505162 0.000569936569156886 0.000575562369394818 0.000580027782946251 0.000583454067687755 0.000585839474911579 0.000587187447397434 0.000587506453861087 0.000586809795335824 0.000585115384427435 0.000582278465675321 0.000578499870712023 0.000573819893838521 0.000568274194333883 0.000561900989083387 0.000554740712657199 0.000546835678986373 0.000538158568927309 0.000528794517617088 0.000518841904848015 0.000508347075995258 0.000497356295356654 0.000485915525964888 0.000474070227484405 0.00046185178838407 0.000449286150253494 0.000436466111778797 0.000423432309712286 0.000410224089451452 0.000396879462929557 0.000383435078040405 0.000369926199034623 0.000356389102410711 0.000342867085363652
0.00052487459311895 0.000539898752239086 0.000554202675539946 0.000567611874536614 0.000580103407973776 0.000591672135333827 0.00060227059291145 0.000611856564577956 0.000620393307298763 0.000627849738405514 0.00063413338496324 0.000639146095216359 0.000643020216574773 0.000645753396006781 0.000647348937187451 0.000647815621106202 0.00064716749627074 0.000645423639535969 0.000642424168764999 0.000638388945220513 0.000633361538528407 0.000627380413062193 0.000620486838693309 0.000612724523389612 0.000604139247654592 0.000594699598930887 0.000584498441373147 0.000573643662590118 0.000562185609514224 0.000550174586384189 0.000537660617457304 0.000524693229221718 0.000511306121187404 0.000497526491683831 0.000483457457718452 0.000469143564602251 0.000454628008309483 0.000439952588888791 0.000425157676051999 0.00041028218632711 0.000395364743492173 0.000380454651087332
0.00057648261133019 0.000593022108465634 0.000608776872654431 0.000623556384077305 0.00063733524519681 0.000650107530804194 0.000661821166183687 0.000672429778504333 0.00068189294184426 0.000690176380662624 0.00069717869475298 0.000702792107120007 0.000707160737623336 0.000710281529893927 0.000712157576155036 0.000712797923310107 0.000712217346186836 0.000710436089059778 0.000707277944318032 0.000702983062272495 0.000697598427827498 0.000691165414575138 0.000683728466373983 0.000675334701351597 0.000666033518023549 0.000655788924946014 0.000644701976944545 0.000632890723367693 0.000620409720718659 0.000607313530298947 0.000593656463262526 0.000579492346634466 0.000564857248304927 0.000549779534089816 0.000534373539115684 0.000518687983861759 0.000502770187041402 0.000486666014170698 0.000470419838933081 0.000454074516672809 0.000437671019225304 0.000421265326700895
0.000631521833027583 0.000649681005003369 0.000666987403450541 0.000683233554177624 0.000698391426015707 0.000712454231090161 0.000725364991056599 0.000737072906346142 0.000747533621599554 0.000756709446079427 0.000764489487595949 0.000770755717282313 0.000775664659794093 0.000779212455650464 0.000781401910146936 0.000782242284316444 0.00078174905051739 0.000779943613870102 0.000776632295303228 0.000772076710851486 0.00076632738122665 0.000759428675604506 0.000751428313965242 0.000742376941557506 0.000732327705787784 0.000721239553862948 0.000709222155559299 0.000696404335889873 0.000682845047383793 0.000668603304252939 0.000653737909350634 0.000638307203598884 0.000622349663748568 0.000605894716253157 0.000589068784118683 0.000571925013065706 0.000554515101110392 0.000536889241943107 0.000519096081688154 0.00050118268832106 0.000483192361737986 0.000465188421763482
0.000690043377058553 0.000709928336370647 0.000728888968261495 0.000746699925299687 0.000763330363021054 0.000778772550276166 0.000792964311122919 0.000805850147286596 0.000817381524861026 0.000827517112360273 0.000836135957556385 0.000843109147278152 0.000848606235189762 0.000852622452066738 0.000855160233209083 0.000856228993697438 0.000855844865666345 0.000854030398920594 0.000850573275319857 0.000845757748555597 0.000839637984818195 0.000832261423802987 0.000823679152243718 0.000813945448002037 0.000803117326926942 0.000791148165014707 0.00077815666234822 0.000764283034001478 0.000749590806172446 0.000734143633876946 0.000718005009463015 0.000701237995130803 0.000683883503470332 0.000665971891277756 0.000647642565209649 0.000628953346270624 0.00060996056961664 0.000590719022389234 0.000571281895472847 0.000551700748392594 0.000532021168144857 0.00051231451231751
0.000752079715521143 0.00077379776322587 0.000794516470893733 0.000813991709673069 0.000832189641167255 0.000849101508305004 0.000864659644279571 0.000878803580070417 0.000891480353211168 0.000902644764128881 0.000912165232898425 0.000919901327826581 0.000926036242980361 0.000930564186212355 0.000933487132247155 0.000934814581688743 0.000934563279364402 0.000932756893440907 0.000929163283850335 0.00092409050076274 0.000917596453072364 0.000909731713094135 0.000900550811913884 0.000890111752388667 0.000878475525300359 0.00086558939948045 0.000851581508149407 0.000836604067091592 0.000820725343049692 0.000804013809825956 0.000786537838102515 0.000768365410829627 0.000749539888617548 0.000730092403848003 0.000710176264538713 0.000689854215265226 0.000669187485764952 0.000648235722867753 0.000627056936837869 0.000605707461282949 0.00058423510700061 0.000562720000342845
0.000817643014058342 0.000841301994478358 0.000863883243519263 0.000885122960281145 0.000904984132307267 0.000923456892610136 0.000940467793166588 0.000955951124113513 0.000969849245313211 0.000982112861566729 0.000992599202012986 0.00100115568478713 0.00100797973807796 0.00101306442751291 0.00101641116933665 0.00101802947266537 0.00101793663833755 0.00101615741591191 0.00101243865232542 0.00100711333110564 0.00100024318707608 0.00099188197308034 0.000982087727634034 0.000970922256257784 0.000958450616388394 0.000944613409363106 0.000929548588123366 0.00091342097157311 0.000896303721134563 0.000878270295481039 0.000859394121523013 0.000839748292541589 0.000819378613334914 0.000798316811850937 0.000776731032478115 0.000754689188060192 0.000732257658173821 0.00070950121479346 0.000686482962791041 0.000663264294362263 0.000639895157262704 0.000616465208067435
0.000886723583707352 0.000912431184165573 0.000936979389318712 0.000960083860299494 0.000981704232589885 0.00100182944472838 0.0010203799823967 0.00103728462889329 0.00105248082014533 0.00106591493931054 0.00107743247005708 0.0010868680559288 0.00109443393029636 0.00110012189167955 0.00110393269291547 0.0011058757662 0.00110596890193895 0.00110423788307938 0.00110040735196483 0.00109483633119229 0.0010875904492426 0.0010787266719235 0.0010683065923157 0.00105639588001102 0.00104306373439853 0.00102824350675964 0.00101208333628469 0.000994761234432398 0.000976355396728524 0.000956944418910578 0.000936606949058811 0.00091542136846211 0.000893435905146147 0.000870682676788869 0.000847345611258073 0.000823498028845389 0.000799211710144669 0.000774556815088691 0.000749601817167757 0.000724413451855875 0.000699043692471735 0.000673592514681759
0.000959518293175123 0.000987388339947938 0.00101401398813794 0.00103908947389882 0.00106257089522993 0.00108444590638198 0.00110462863153317 0.00112304207072335 0.00113961847889837 0.0011542996803545 0.00116691883689283 0.0011772971653378 0.00118566228175082 0.00119200457874329 0.0011963240263045 0.00119862987919647 0.00119894033533735 0.00119728214696942 0.00119335648969108 0.00118754955812313 0.00117993092734983 0.00117056079173393 0.00115950432949013 0.00114683111956066 0.00113261456305942 0.00111678011741368 0.00109948647173365 0.00108092543830565 0.00106118037647398 0.00104033516326918 0.00101847382680856 0.000995680210016604 0.000972004921117686 0.00094748021819336 0.000922306830055345 0.0008965637309756 0.000870328363555627 0.000843676550750665 0.000816682423327899 0.000789418361716064 0.000761938217084815 0.000734353152770668
