resources/Exp000_Example-Run/Run01_M2/TimeSeries/1985/model/1985_model_prediction.asc
NCOLS 265 
NROWS 230 
XLLCORNER -115.5625 
YLLCORNER 24.8333333333333 
CELLSIZE 0.0833333333333333 
NODATA_value -9999 
[rows 180 to 199 of 230, columns 88 to 131 of 265]
0.181107774376869 0.169202625751495 0.196618691086769 0.218258425593376 0.23182886838913 0.235882058739662 0.229988634586334 0.214774817228317 0.19186070561409 0.244867473840714 0.336749792098999 0.435958564281464 0.533178865909576 0.619703948497772 0.689772844314575 0.741206467151642 0.77441817522049 0.791096866130829 0.792582213878632 0.778988003730774 0.749386608600616 0.702365756034851 0.637177169322968 0.555247008800507 0.5296630859375 0.525254845619202 0.520323514938354 0.514879047870636 0.508927285671234 0.50247710943222 0.49553644657135 0.48820573091507 0.480864375829697 0.473384469747543 0.465772241353989 0.458034694194794 0.450180470943451 0.442213088274002 0.434142202138901 0.413937658071518 0.390033721923828 0.366584658622742 0.343682527542114 0.32140439748764
0.180115401744843 0.166711091995239 0.188690990209579 0.205165579915047 0.214545294642448 0.215920254588127 0.209154710173607 0.194908112287521 0.174558252096176 0.223338425159454 0.30900427699089 0.404250800609589 0.50113707780838 0.591267347335815 0.668106734752655 0.728237152099609 0.769666135311127 0.790043652057648 0.79468959569931 0.783959090709686 0.757065653800964 0.712550222873688 0.649388253688812 0.568586707115173 0.54077535867691 0.53316867351532 0.524924635887146 0.516059756278992 0.50659316778183 0.496541023254395 0.485927313566208 0.476349860429764 0.471189945936203 0.465868949890137 0.460394442081451 0.454769045114517 0.448995232582092 0.443081051111221 0.437029957771301 0.419542998075485 0.398503422737122 0.377787500619888 0.357457309961319 0.337569862604141
0.178943753242493 0.164057955145836 0.18084117770195 0.192458480596542 0.197893172502518 0.1966662555933 0.18888683617115 0.175237759947777 0.156910315155983 0.201652079820633 0.281466037034988 0.372818291187286 0.469088554382324 0.562350332736969 0.645505547523499 0.713944256305695 0.763309240341187 0.787583410739899 0.795508444309235 0.787690579891205 0.763529419898987 0.721562445163727 0.660537898540497 0.581053137779236 0.551185309886932 0.540497004985809 0.529032051563263 0.516816318035126 0.503885924816132 0.490276724100113 0.476032167673111 0.464240998029709 0.461252361536026 0.45808744430542 0.454747796058655 0.451238423585892 0.447557210922241 0.443709403276443 0.439697533845901 0.424970626831055 0.406857877969742 0.388963580131531 0.371326476335526 0.353982895612717
0.17759507894516 0.16125214099884 0.17308509349823 0.1801638007164 0.18192745745182 0.178235784173012 0.169382348656654 0.15606601536274 0.139321595430374 0.180199965834618 0.254465758800507 0.34194016456604 0.437272667884827 0.533132076263428 0.622048258781433 0.698314726352692 0.755313992500305 0.783700346946716 0.795040965080261 0.790201723575592 0.768799006938934 0.729417383670807 0.670621156692505 0.592624545097351 0.560870170593262 0.547228872776031 0.532638967037201 0.51714950799942 0.500811994075775 0.483692497014999 0.46586662530899 0.451902508735657 0.451070308685303 0.450050592422485 0.448842883110046 0.447447806596756 0.445866197347641 0.44409716129303 0.442146122455597 0.430212825536728 0.415086269378662 0.400094777345657 0.385259300470352 0.370604515075684
0.17607294023037 0.158300504088402 0.165438130497932 0.168304175138474 0.166693359613419 0.160722404718399 0.150814175605774 0.137662917375565 0.122167028486729 0.159345656633377 0.228307038545609 0.311878383159637 0.405919969081879 0.503788948059082 0.597827553749084 0.681352615356445 0.745637536048889 0.778364777565002 0.793285429477692 0.791511356830597 0.772900938987732 0.736131548881531 0.679637610912323 0.6032754778862 0.569810390472412 0.553354382514954 0.535745203495026 0.517055630683899 0.497372508049011 0.476795881986618 0.455445915460587 0.43935763835907 0.440662205219269 0.441770374774933 0.442684859037399 0.443401455879211 0.443921536207199 0.44424632191658 0.444371908903122 0.435267686843872 0.423179656267166 0.411163330078125 0.399229317903519 0.387393832206726
0.174381747841835 0.155212730169296 0.157914683222771 0.15689791738987 0.152229011058807 0.144203200936317 0.133323863148689 0.120257280766964 0.105776086449623 0.139408856630325 0.203261315822601 0.282871514558792 0.375247150659561 0.474503606557846 0.572955906391144 0.663069844245911 0.73423570394516 0.771544933319092 0.790230095386505 0.79162585735321 0.775849640369415 0.741721928119659 0.687588453292847 0.612994849681854 0.577996075153351 0.558866083621979 0.538345515727997 0.516536355018616 0.493569225072861 0.469598293304443 0.44479176402092 0.426636040210724 0.430043041706085 0.433258533477783 0.436279863119125 0.439104169607162 0.441729247570038 0.444152653217316 0.44637256860733 0.440128713846207 0.431124776601791 0.422149568796158 0.413210064172745 0.404308557510376
0.165074840188026 0.144021451473236 0.142739281058311 0.138441652059555 0.131379410624504 0.121958635747433 0.110708586871624 0.0982373207807541 0.0851804688572884 0.113644771277905 0.169519603252411 0.241888538002968 0.329500913619995 0.42803218960762 0.530463397502899 0.628625154495239 0.710191607475281 0.757768988609314 0.785743713378906 0.795819282531738 0.788826167583466 0.764174342155457 0.720238268375397 0.655625283718109 0.62139505147934 0.599759757518768 0.576141655445099 0.550673484802246 0.523531317710876 0.494937032461166 0.465148627758026 0.443026781082153 0.446202009916306 0.449188768863678 0.451984971761703 0.454588234424591 0.456996768712997 0.459208816289902 0.461222410202026 0.455675363540649 0.447655081748962 0.439643681049347 0.431649148464203 0.423674017190933
0.148946508765221 0.125927641987801 0.121456399559975 0.114766739308834 0.10622139275074 0.0962695404887199 0.085413359105587 0.0741644501686096 0.063006579875946 0.0854345634579659 0.131295710802078 0.193361565470695 0.272223085165024 0.365657269954681 0.468230575323105 0.572071015834808 0.664873719215393 0.728735685348511 0.772071003913879 0.796439230442047 0.803558647632599 0.794064223766327 0.767123818397522 0.720943331718445 0.691530525684357 0.669315814971924 0.644080102443695 0.615910530090332 0.584978520870209 0.551540374755859 0.5159552693367 0.488307535648346 0.488920122385025 0.489349156618118 0.489592164754868 0.489649266004562 0.489520281553268 0.489205360412598 0.488702803850174 0.481691539287567 0.472543686628342 0.463397830724716 0.454259872436523 0.445135951042175
0.133759185671806 0.109347507357597 0.102396823465824 0.0940157622098923 0.0846147611737251 0.0746304467320442 0.0644923225045204 0.0545921735465527 0.0452600568532944 0.0626903772354126 0.0997962132096291 0.152067482471466 0.221247687935829 0.306679219007492 0.404482394456863 0.507722735404968 0.606480956077576 0.686486780643463 0.746141016483307 0.78562068939209 0.806792676448822 0.811351478099823 0.799730479717255 0.770875990390778 0.747944891452789 0.727427661418915 0.702852964401245 0.674171030521393 0.641438186168671 0.604864001274109 0.564829170703888 0.532428681850433 0.530560433864594 0.528508424758911 0.526269257068634 0.523847937583923 0.52124148607254 0.51845520734787 0.515486359596252 0.507060945034027 0.496836930513382 0.486597031354904 0.476351708173752 0.466111153364182
0.119552433490753 0.0942981392145157 0.0855424553155899 0.0761177688837051 0.0664229989051819 0.0568325333297253 0.0476702302694321 0.0391932353377342 0.0315832868218422 0.044920589774847 0.0744886547327042 0.117746666073799 0.177009925246239 0.252553135156631 0.341600984334946 0.43819659948349 0.536481559276581 0.630780041217804 0.707052230834961 0.762759149074554 0.7987340092659 0.817087352275848 0.819450676441193 0.806065797805786 0.790385663509369 0.77329695224762 0.75127649307251 0.724065244197845 0.691512763500214 0.653648972511292 0.610750257968903 0.574607968330383 0.570459187030792 0.566107332706451 0.561554729938507 0.556804835796356 0.55185604095459 0.546712517738342 0.541377127170563 0.531615257263184 0.520377039909363 0.50909960269928 0.49779799580574 0.486479341983795
0.106351032853127 0.0807659775018692 0.0708186626434326 0.0609169453382492 0.0513959713280201 0.0425262972712517 0.0345054343342781 0.027453139424324 0.0214175283908844 0.0314465798437595 0.0546336472034454 0.0898308902978897 0.139501973986626 0.204270511865616 0.281863987445831 0.366889744997025 0.45809406042099 0.562613666057587 0.654247224330902 0.726872980594635 0.778879523277283 0.811671912670135 0.827540695667267 0.828047335147858 0.819888532161713 0.807383954524994 0.789267778396606 0.765087783336639 0.734427571296692 0.697025954723358 0.65291041135788 0.614181876182556 0.608049213886261 0.601670742034912 0.595049262046814 0.588185787200928 0.581088304519653 0.5737584233284 0.566200911998749 0.555197954177856 0.54302179813385 0.530775010585785 0.518476068973541 0.506136894226074
0.0941639170050621 0.0687079206109047 0.0581072233617306 0.0481988973915577 0.0392081886529922 0.0312771834433079 0.0244667530059814 0.0187685862183571 0.0141193093731999 0.0215172246098518 0.0393983758985996 0.0675726234912872 0.108374558389187 0.162346214056015 0.227170795202255 0.297496289014816 0.376114130020142 0.484759330749512 0.58825945854187 0.677128076553345 0.74619847536087 0.794727027416229 0.824620127677917 0.838309586048126 0.83792781829834 0.830808103084564 0.817488312721252 0.797429859638214 0.769982635974884 0.734538674354553 0.690759479999542 0.65063351392746 0.642881274223328 0.634807705879211 0.626419961452484 0.617718636989594 0.608713507652283 0.599406123161316 0.589808464050293 0.577674508094788 0.564646303653717 0.551510334014893 0.538283944129944 0.524984538555145
0.0893582999706268 0.0637579262256622 0.0525871887803078 0.0425416491925716 0.0337535552680492 0.0262657944113016 0.0200464557856321 0.0150068532675505 0.0110198436304927 0.0170434471219778 0.0318506807088852 0.0553123168647289 0.0891532078385353 0.133304342627525 0.185051128268242 0.239090994000435 0.301171243190765 0.404496192932129 0.511502027511597 0.611757814884186 0.69695633649826 0.762947201728821 0.80954897403717 0.838865995407104 0.848470389842987 0.848850727081299 0.842549264431 0.829194664955139 0.808081805706024 0.77831381559372 0.739039242267609 0.700471937656403 0.689900755882263 0.678827285766602 0.667254626750946 0.655190885066986 0.642646253108978 0.629633665084839 0.61616724729538 0.602100312709808 0.587761640548706 0.573263049125671 0.558623731136322 0.543871343135834
0.0910394713282585 0.0647398084402084 0.0527420043945312 0.04216193780303 0.0330720692873001 0.0254557486623526 0.0192274823784828 0.0142530417069793 0.0103699201717973 0.0158619098365307 0.0291819907724857 0.0496879033744335 0.0782467275857925 0.113978892564774 0.15378500521183 0.192697390913963 0.238228350877762 0.329205363988876 0.430719316005707 0.534354984760284 0.631039798259735 0.713677763938904 0.778728425502777 0.826090097427368 0.848347425460815 0.85847419500351 0.861050963401794 0.856273114681244 0.843784093856812 0.822727620601654 0.791926145553589 0.758470475673676 0.744962573051453 0.730527937412262 0.715164184570312 0.698876976966858 0.681686341762543 0.663615703582764 0.64470112323761 0.627983212471008 0.611934661865234 0.59564208984375 0.579140067100525 0.562464356422424
0.0925269946455956 0.0655695497989655 0.0527649745345116 0.041680134832859 0.032319400459528 0.0246022846549749 0.018386734649539 0.0134925963357091 0.00972288474440575 0.0147238038480282 0.0266850292682648 0.0445329695940018 0.0684166327118874 0.0968229323625565 0.126428693532944 0.152707114815712 0.183968275785446 0.260312020778656 0.351117491722107 0.451172888278961 0.552870810031891 0.648075222969055 0.730295181274414 0.796120762825012 0.833423554897308 0.855243623256683 0.867591738700867 0.871520161628723 0.867390513420105 0.854821443557739 0.832748472690582 0.80559629201889 0.790919601917267 0.774755597114563 0.757064640522003 0.737831354141235 0.717054963111877 0.694758951663971 0.670998156070709 0.651896834373474 0.63431054353714 0.616379797458649 0.598147392272949 0.579658150672913
0.0938119515776634 0.0662404373288155 0.0526559688150883 0.0410997569561005 0.0315013155341148 0.0237114075571299 0.0175300352275372 0.0127308499068022 0.00908313971012831 0.0136317061260343 0.0243541691452265 0.0398216992616653 0.059600155800581 0.0817251577973366 0.102850735187531 0.11905811727047 0.138820052146912 0.200060456991196 0.276849299669266 0.367205530405045 0.466395139694214 0.567494869232178 0.662913918495178 0.74630343914032 0.801912128925323 0.838751554489136 0.862958014011383 0.876530349254608 0.88085275888443 0.876412332057953 0.862708747386932 0.842256009578705 0.827875375747681 0.811416923999786 0.792761743068695 0.771822214126587 0.74853789806366 0.72289901971817 0.694949865341187 0.673744082450867 0.65480238199234 0.635394275188446 0.61557126045227 0.595390617847443
0.0948853343725204 0.0667478814721107 0.0524157136678696 0.040424782782793 0.0306232739239931 0.0227894093841314 0.0166630856692791 0.0119726415723562 0.00845458637923002 0.0125876870006323 0.0221839305013418 0.0355284996330738 0.0517296381294727 0.0685504302382469 0.0828171446919441 0.0913773998618126 0.10246155411005 0.149554774165154 0.211125254631042 0.287615269422531 0.377348870038986 0.47614461183548 0.577644646167755 0.674516022205353 0.751014590263367 0.807132005691528 0.846587061882019 0.871889472007751 0.88554173707962 0.889222085475922 0.883427917957306 0.869568705558777 0.856539845466614 0.840899288654327 0.822414755821228 0.800868034362793 0.77608847618103 0.747972190380096 0.716501474380493 0.693469047546387 0.673356652259827 0.652630388736725 0.631358921527863 0.609608829021454
0.0957393497228622 0.0670886188745499 0.0520460419356823 0.0396604612469673 0.0296915676444769 0.0218421891331673 0.0157914515584707 0.0112224901095033 0.0078408932313323 0.0115932850167155 0.0201678387820721 0.0316269844770432 0.0447363182902336 0.0571465492248535 0.0660242885351181 0.0690793395042419 0.074047140777111 0.108857244253159 0.155812308192253 0.216680333018303 0.292085587978363 0.380807131528854 0.479276806116104 0.581666648387909 0.678593635559082 0.757745146751404 0.816705822944641 0.857055425643921 0.881978154182434 0.894488990306854 0.896444976329803 0.888922214508057 0.877931356430054 0.86389148235321 0.846433997154236 0.825184166431427 0.799792647361755 0.769992530345917 0.735646724700928 0.711058676242828 0.68994277715683 0.668056786060333 0.645477116107941 0.622283279895782
0.106316827237606 0.075821228325367 0.058678075671196 0.0446006841957569 0.0333026088774204 0.0244333725422621 0.0176177974790335 0.0124874021857977 0.00870209839195013 0.0124317975714803 0.0207417886704206 0.0313146598637104 0.0428087003529072 0.0530495196580887 0.0596692003309727 0.0609727874398232 0.063979834318161 0.0923370718955994 0.130542546510696 0.180473893880844 0.243491560220718 0.31989374756813 0.408333301544189 0.505407810211182 0.612992823123932 0.709327697753906 0.784749507904053 0.838572084903717 0.873583734035492 0.893560290336609 0.901489794254303 0.898639500141144 0.88973718881607 0.877751171588898 0.862273693084717 0.842853367328644 0.819037020206451 0.790425896644592 0.75674307346344 0.732738196849823 0.712217152118683 0.690809071063995 0.668579816818237 0.645608484745026
0.128744021058083 0.0952945277094841 0.0743048787117004 0.0568835809826851 0.0427634008228779 0.0315783061087132 0.0229109730571508 0.016336077824235 0.0114496815949678 0.0153976250439882 0.0239658504724503 0.0342618077993393 0.0450175479054451 0.0544149167835712 0.060569990426302 0.0621328949928284 0.0654183626174927 0.0913683101534843 0.125583291053772 0.169631734490395 0.22480620443821 0.291770577430725 0.37012329697609 0.458004504442215 0.568552434444427 0.674462854862213 0.760393738746643 0.823507070541382 0.865721166133881 0.890994906425476 0.902989864349365 0.903215050697327 0.895975470542908 0.885931670665741 0.872724294662476 0.855936527252197 0.835124135017395 0.809860646724701 0.779793620109558 0.758316516876221 0.73989474773407 0.720537722110748 0.700281858444214 0.679180860519409
