resources/Exp000_Example-Run/Run01_M2/TimeSeries/1985/model/1985_model_prediction.asc
NCOLS 265 
NROWS 230 
XLLCORNER -115.5625 
YLLCORNER 24.8333333333333 
CELLSIZE 0.0833333333333333 
NODATA_value -9999 
[rows 60 to 79 of 230, columns 44 to 87 of 265]
0.225998431444168 0.231356739997864 0.236322700977325 0.240869343280792 0.244973361492157 0.248612269759178 0.251769751310349 0.254428297281265 0.260554522275925 0.265518456697464 0.267596811056137 0.266731470823288 0.262948155403137 0.256346732378006 0.247103780508041 0.236129119992256 0.226217076182365 0.2162184715271 0.206177845597267 0.196136340498924 0.186137959361076 0.176221519708633 0.166427791118622 0.165944457054138 0.168225198984146 0.170142486691475 0.171682864427567 0.172838598489761 0.173600748181343 0.17396654188633 0.178098797798157 0.194640174508095 0.211103469133377 0.227254971861839 0.242855608463287 0.257674545049667 0.271490305662155 0.28409668803215 0.279732882976532 0.269520193338394 0.258831083774567 0.247740313410759 0.236322149634361 0.224656030535698
0.191461399197578 0.200174391269684 0.208431914448738 0.216157928109169 0.223280042409897 0.229734197258949 0.235459387302399 0.240401476621628 0.246819630265236 0.252100348472595 0.255224257707596 0.256121754646301 0.254775702953339 0.251212686300278 0.245511129498482 0.237329378724098 0.226992979645729 0.216630145907402 0.206283912062645 0.195991769433022 0.185794189572334 0.17572583258152 0.165823355317116 0.16671434044838 0.170796081423759 0.17442986369133 0.177585691213608 0.180237531661987 0.182365745306015 0.183952137827873 0.188713729381561 0.204290688037872 0.219421327114105 0.233863636851311 0.24738384783268 0.259761899709702 0.270796626806259 0.280309945344925 0.275339305400848 0.265650510787964 0.255735784769058 0.245639011263847 0.235403627157211 0.225076705217361
0.160311594605446 0.171623796224594 0.182467669248581 0.19267863035202 0.202101975679398 0.210589408874512 0.218010410666466 0.22424778342247 0.23114687204361 0.237270146608353 0.24185599386692 0.244827046990395 0.246132224798203 0.245749518275261 0.243686467409134 0.238370731472969 0.22763454914093 0.216931357979774 0.206297606229782 0.195768803358078 0.185382008552551 0.175168111920357 0.165159896016121 0.167455360293388 0.173389941453934 0.178795233368874 0.18361634016037 0.187804028391838 0.191315352916718 0.194114208221436 0.199419483542442 0.213781669735909 0.227309972047806 0.239764511585236 0.250922322273254 0.260587215423584 0.268587052822113 0.274781286716461 0.269507139921188 0.260724574327469 0.251869916915894 0.242968916893005 0.23404261469841 0.225116416811943
0.132684275507927 0.145825073122978 0.158557564020157 0.170594051480293 0.181650608778 0.191463574767113 0.199792549014091 0.206435099244118 0.213941246271133 0.22131273150444 0.227679848670959 0.232957631349564 0.237075969576836 0.239980340003967 0.241632074117661 0.239249214529991 0.228143408894539 0.217121630907059 0.206217885017395 0.19546777009964 0.184901937842369 0.174548998475075 0.164438337087631 0.168168842792511 0.176006764173508 0.183239981532097 0.189775735139847 0.19553180038929 0.200434952974319 0.204422444105148 0.210167080163956 0.223056122660637 0.234710872173309 0.244902744889259 0.253435373306274 0.260140627622604 0.264891594648361 0.267594456672668 0.26231324672699 0.254791378974915 0.24726577103138 0.239745885133743 0.232244417071342 0.224772930145264
0.108574382960796 0.122807562351227 0.136772722005844 0.150023058056831 0.162114933133125 0.172625958919525 0.181183993816376 0.18747852742672 0.195641487836838 0.204537078738213 0.212894380092621 0.220629468560219 0.227664083242416 0.233925968408585 0.239354088902473 0.23996539413929 0.228517428040504 0.217199638485909 0.206046864390373 0.195088878273964 0.184354275465012 0.1738690584898 0.163659185171127 0.168853431940079 0.178646296262741 0.187762558460236 0.1960608959198 0.203415021300316 0.209708869457245 0.214846059679985 0.220906868577003 0.232057571411133 0.241567581892014 0.249235078692436 0.254894584417343 0.258427441120148 0.259760499000549 0.258863180875778 0.253853261470795 0.247913807630539 0.241956740617752 0.23598900437355 0.230017706751823 0.224049732089043
0.0878582373261452 0.102523513138294 0.11712696403265 0.131047487258911 0.143649414181709 0.154328554868698 0.162554487586021 0.167913571000099 0.176710233092308 0.187261745333672 0.197704762220383 0.207961991429329 0.217955842614174 0.227613180875778 0.236858114600182 0.240517035126686 0.228754952549934 0.217167422175407 0.205783754587173 0.194632485508919 0.183739766478539 0.173128917813301 0.162823349237442 0.169508963823318 0.181308418512344 0.192363947629929 0.202472671866417 0.211446464061737 0.219120159745216 0.225349679589272 0.231585010886192 0.240731135010719 0.247831374406815 0.252720683813095 0.255286037921906 0.255469411611557 0.253264248371124 0.248722478747368 0.244240298867226 0.240161374211311 0.235985279083252 0.231720805168152 0.22737318277359 0.222947835922241
0.0824673175811768 0.0961072519421577 0.109416477382183 0.121738463640213 0.13241982460022 0.140870615839958 0.146608829498291 0.149301260709763 0.157511472702026 0.16841521859169 0.179486721754074 0.190667152404785 0.201897203922272 0.213112711906433 0.224248453974724 0.22971211373806 0.218635633587837 0.207749500870705 0.197077676653862 0.186642125248909 0.17646336555481 0.166558817028999 0.156946569681168 0.165751025080681 0.180293768644333 0.194174721837044 0.207098960876465 0.218784019351006 0.228974908590317 0.237447738647461 0.245395258069038 0.255281358957291 0.262659668922424 0.267340362071991 0.269199550151825 0.268190383911133 0.264340162277222 0.257746160030365 0.25146758556366 0.245728030800819 0.239874944090843 0.233919516205788 0.227874636650085 0.221752986311913
0.0898972228169441 0.101187273859978 0.111473731696606 0.120231956243515 0.126995831727982 0.131395637989044 0.133186861872673 0.13226905465126 0.138904556632042 0.14889021217823 0.159155279397964 0.169662356376648 0.18037311732769 0.191243514418602 0.20222632586956 0.208125159144402 0.198678493499756 0.18939109146595 0.180280327796936 0.171362012624741 0.162650927901268 0.154159486293793 0.145901247859001 0.157206013798714 0.17498417198658 0.192378550767899 0.208957985043526 0.22429908812046 0.238004013895988 0.249715387821198 0.260759830474854 0.273999750614166 0.28409805893898 0.290746092796326 0.293743252754211 0.292999714612961 0.288537740707397 0.280491262674332 0.269333302974701 0.257804423570633 0.246265158057213 0.234755247831345 0.223314106464386 0.211982861161232
0.0970870181918144 0.105661690235138 0.112720780074596 0.117899127304554 0.120923951268196 0.121633969247341 0.119989782571793 0.116080336272717 0.12136609852314 0.130487307906151 0.139970779418945 0.149796590209007 0.159944236278534 0.170387104153633 0.181098565459251 0.187303751707077 0.179421171545982 0.171640202403069 0.163975745439529 0.156441852450371 0.14905159175396 0.14181637763977 0.134748846292496 0.148227572441101 0.168932408094406 0.189593762159348 0.209610849618912 0.228378936648369 0.24531352519989 0.259887874126434 0.273542284965515 0.2895328104496 0.301566511392593 0.309209734201431 0.312195241451263 0.310417294502258 0.303937882184982 0.292983829975128 0.276484102010727 0.259044855833054 0.24175138771534 0.22471110522747 0.208029940724373 0.191801369190216
0.103887498378754 0.109435558319092 0.113131023943424 0.114785693585873 0.114313490688801 0.111738242208958 0.107193902134895 0.100911155343056 0.105057448148727 0.113362848758698 0.122085601091385 0.131222561001778 0.140767872333527 0.150710791349411 0.161039739847183 0.167425826191902 0.161015078425407 0.154630973935127 0.148288950324059 0.142003953456879 0.135789960622787 0.129660576581955 0.123627878725529 0.138932645320892 0.162218436598778 0.185857743024826 0.209047973155975 0.230953797698021 0.250758588314056 0.267719924449921 0.283371537923813 0.301344782114029 0.314349949359894 0.321839898824692 0.323501497507095 0.319267958402634 0.309314846992493 0.294055044651031 0.272205412387848 0.249319523572922 0.226832523941994 0.204972222447395 0.183946847915649 0.163935154676437
0.110151305794716 0.112425535917282 0.112696997821331 0.110952086746693 0.107278019189835 0.101857014000416 0.0949525982141495 0.0868913009762764 0.0900945141911507 0.0976248681545258 0.105607695877552 0.114051073789597 0.122960947453976 0.132341265678406 0.14219343662262 0.148639723658562 0.143586486577988 0.138476669788361 0.133327320218086 0.12815548479557 0.122977808117867 0.117810502648354 0.112669162452221 0.129439562559128 0.154930025339127 0.181223824620247 0.207278713583946 0.231979817152023 0.254228532314301 0.273024439811707 0.289966076612473 0.309036046266556 0.321941316127777 0.328039526939392 0.327033668756485 0.318972289562225 0.304250240325928 0.283605486154556 0.25692418217659 0.229648485779762 0.203162670135498 0.177858859300613 0.154066875576973 0.132043540477753
0.115737929940224 0.114566326141357 0.111427247524261 0.106471613049507 0.0999371558427811 0.0921272113919258 0.0833936780691147 0.074108250439167 0.0765431374311447 0.0833375677466393 0.0906010195612907 0.0983505696058273 0.106601998209953 0.115369863808155 0.124666944146156 0.131061166524887 0.127234861254692 0.123267658054829 0.119178630411625 0.114987090229988 0.110712304711342 0.106373719871044 0.10199049860239 0.119862675666809 0.147160217165947 0.175753444433212 0.204327583312988 0.231439203023911 0.255652785301208 0.275672078132629 0.293135344982147 0.31235072016716 0.324042439460754 0.327524244785309 0.322598665952682 0.309548228979111 0.289140582084656 0.262610197067261 0.232181176543236 0.20210936665535 0.173364236950874 0.146504148840904 0.121955014765263 0.0999987199902534
0.119268499314785 0.115504547953606 0.109990775585175 0.102976106107235 0.094766765832901 0.0857101678848267 0.0761679112911224 0.0664959773421288 0.0683727338910103 0.0744302198290825 0.0809094086289406 0.0878276973962784 0.0951998308300972 0.103040859103203 0.111364766955376 0.117357857525349 0.114925391972065 0.112283632159233 0.109448358416557 0.106436438858509 0.103265427052975 0.0999536514282227 0.0965197831392288 0.11475744843483 0.142622515559196 0.172232389450073 0.202236026525497 0.231105282902718 0.257284313440323 0.279337286949158 0.298119634389877 0.31619730591774 0.326034098863602 0.327023833990097 0.319104462862015 0.302764236927032 0.27903601527214 0.249464318156242 0.216163888573647 0.184054911136627 0.154253795742989 0.127233847975731 0.103286720812321 0.0825252085924149
0.120822347700596 0.115468941628933 0.108653746545315 0.100650608539581 0.0917691737413406 0.0823391899466515 0.072689063847065 0.0631260126829147 0.0645657628774643 0.0698929578065872 0.0755524337291718 0.0815532356500626 0.0879039764404297 0.0946117416024208 0.101683765649796 0.107039242982864 0.106124997138977 0.104971297085285 0.103585697710514 0.101977683603764 0.10015657544136 0.0981345623731613 0.0959245190024376 0.114024668931961 0.141441762447357 0.170935779809952 0.201374873518944 0.231427609920502 0.259686887264252 0.284790307283401 0.30601966381073 0.32207915186882 0.329861849546432 0.328904688358307 0.319261312484741 0.301511406898499 0.276749163866043 0.246549472212791 0.211253300309181 0.177693381905556 0.147438377141953 0.120687820017338 0.0974764600396156 0.0776963084936142
0.121674694120884 0.114850401878357 0.106869325041771 0.0980147123336792 0.0885864049196243 0.0788877382874489 0.0692070946097374 0.0598041974008083 0.060845248401165 0.0654917061328888 0.070391058921814 0.0755471736192703 0.0809630528092384 0.0866407677531242 0.0925812497735023 0.0973488390445709 0.097760833799839 0.0979355871677399 0.097870945930481 0.0975683256983757 0.0970288664102554 0.0962567403912544 0.0952577888965607 0.113171055912971 0.140032485127449 0.169241189956665 0.199871137738228 0.230787485837936 0.26074481010437 0.288490206003189 0.311772048473358 0.325401455163956 0.330640107393265 0.327182739973068 0.315230667591095 0.295498311519623 0.269199192523956 0.23800265789032 0.202300980687141 0.168982043862343 0.139443412423134 0.113699987530708 0.0916289165616035 0.0730005726218224
0.121812835335732 0.11365818977356 0.104659333825111 0.0950937718153 0.0852429941296577 0.0753757581114769 0.0657378062605858 0.0565408766269684 0.0572214387357235 0.0612355917692184 0.0654342249035835 0.0698170885443687 0.0743834227323532 0.0791304409503937 0.08405552059412 0.0882836431264877 0.0898381844162941 0.0911844745278358 0.0923139452934265 0.0932175368070602 0.0938896760344505 0.0943245813250542 0.0945200547575951 0.112199164927006 0.138401940464973 0.167159289121628 0.197735533118248 0.229190245270729 0.260447144508362 0.2903813123703 0.315279275178909 0.326101034879684 0.328352898359299 0.321901351213455 0.307132691144943 0.284945011138916 0.256735324859619 0.224320322275162 0.189765080809593 0.158255502581596 0.130479633808136 0.106381200253963 0.0857900753617287 0.06844861805439
0.121233217418194 0.111907981336117 0.102048859000206 0.0919170677661896 0.0817654058337212 0.0718245655298233 0.0622959062457085 0.0533456429839134 0.0537022836506367 0.0571326948702335 0.0606890209019184 0.0643686205148697 0.0681667849421501 0.0720794051885605 0.076100267469883 0.0798361226916313 0.0823575630784035 0.0847259163856506 0.0869238376617432 0.0889351963996887 0.0907461494207382 0.0923430323600769 0.0937134325504303 0.111111976206303 0.136557549238205 0.164704248309135 0.194986894726753 0.226651802659035 0.258796393871307 0.290434122085571 0.316482961177826 0.324168115854263 0.323047250509262 0.313192009925842 0.295211851596832 0.27024981379509 0.23994217813015 0.20629957318306 0.17428708076477 0.145916983485222 0.120775558054447 0.0988437384366989 0.0800016298890114 0.0640496239066124
0.119946673512459 0.109624892473221 0.0990690514445305 0.0885143876075745 0.0781792178750038 0.0682533383369446 0.058895580470562 0.0502272583544254 0.0502957440912724 0.0531894192099571 0.0561606921255589 0.0592040158808231 0.0623135715723038 0.0654826685786247 0.0687049478292465 0.0719929784536362 0.075318232178688 0.0785641297698021 0.081708125770092 0.0847291946411133 0.0876054018735886 0.0903157740831375 0.092840276658535 0.109912812709808 0.134507611393929 0.161889925599098 0.191649332642555 0.223201096057892 0.255812346935272 0.288650661706924 0.315362751483917 0.319634675979614 0.314833551645279 0.301269263029099 0.279833555221558 0.251975566148758 0.219615191221237 0.184984669089317 0.156644403934479 0.132422462105751 0.110572412610054 0.0911981612443924 0.0743042081594467 0.0598102733492851
0.118529327213764 0.107838302850723 0.097103551030159 0.0865305736660957 0.0763014703989029 0.0665720924735069 0.0574675016105175 0.0490801483392715 0.0488458201289177 0.0512136593461037 0.0536279417574406 0.0560853220522404 0.0585809610784054 0.061110831797123 0.0636694356799126 0.0665712282061577 0.0704699233174324 0.0744078308343887 0.0783664286136627 0.0823274552822113 0.0862719863653183 0.0901789218187332 0.0940281674265862 0.110441863536835 0.133443415164948 0.159049212932587 0.187002092599869 0.216912940144539 0.248267978429794 0.28045791387558 0.30781078338623 0.314757168292999 0.31292650103569 0.302436888217926 0.283966898918152 0.258734822273254 0.228450074791908 0.195172920823097 0.168874338269234 0.146155193448067 0.124884016811848 0.105343103408813 0.087718665599823 0.0721052959561348
0.117224365472794 0.106715403497219 0.0962477996945381 0.085994228720665 0.0761077776551247 0.0667180046439171 0.0579283200204372 0.0498148426413536 0.0492465309798717 0.0510722808539867 0.0529288873076439 0.0548145584762096 0.0567283071577549 0.0586678758263588 0.060632023960352 0.063182108104229 0.0675390139222145 0.0720653086900711 0.0767546445131302 0.0816006287932396 0.0865956917405128 0.0917297378182411 0.0969927757978439 0.11224127560854 0.132726699113846 0.1553705483675 0.180042669177055 0.20653247833252 0.234550386667252 0.263735622167587 0.29109400510788 0.306570947170258 0.314463376998901 0.314306378364563 0.306110471487045 0.290357410907745 0.268001109361649 0.240421652793884 0.215757235884666 0.192837759852409 0.170293107628822 0.148553192615509 0.127990931272507 0.108901798725128
