resources/Exp000_Example-Run/Run01_M2/TimeSeries/1985/model/1985_model_prediction.asc
NCOLS 265 
NROWS 230 
XLLCORNER -115.5625 
YLLCORNER 24.8333333333333 
CELLSIZE 0.0833333333333333 
NODATA_value -9999 
[rows 180 to 199 of 230, columns 132 to 175 of 265]
0.299824953079224 0.279002904891968 0.263025552034378 0.259426951408386 0.25578099489212 0.252091586589813 0.248359471559525 0.244588494300842 0.240783020853996 0.236943513154984 0.240744635462761 0.24714407324791 0.253590852022171 0.260080188512802 0.266607493162155 0.273167937994003 0.279756546020508 0.281058788299561 0.266550153493881 0.252258777618408 0.238227143883705 0.224494561553001 0.211100742220879 0.198077380657196 0.185457065701485 0.193930134177208 0.209739953279495 0.225918114185333 0.242367029190063 0.258982807397842 0.275657624006271 0.292277038097382 0.304543763399124 0.303951978683472 0.303022116422653 0.30175307393074 0.300151348114014 0.29821965098381 0.295961707830429 0.293386191129684 0.34173783659935 0.411372661590576 0.483489781618118 0.55518239736557
0.318177551031113 0.299326926469803 0.284543931484222 0.280403316020966 0.276210218667984 0.271968126296997 0.267680674791336 0.26335135102272 0.258983671665192 0.254581212997437 0.256979584693909 0.261633545160294 0.266263782978058 0.270864307880402 0.275432676076889 0.27996551990509 0.284460335969925 0.283590763807297 0.266967982053757 0.250741451978683 0.234957560896873 0.21965765953064 0.204877763986588 0.190650925040245 0.177002027630806 0.183761030435562 0.19741815328598 0.211248442530632 0.225162222981453 0.239062756299973 0.252854108810425 0.266439735889435 0.276810020208359 0.278119325637817 0.279113113880157 0.279790192842484 0.280145615339279 0.280180156230927 0.279893308877945 0.279287427663803 0.326286345720291 0.393635153770447 0.463858485221863 0.534231305122375
0.336971700191498 0.32032385468483 0.306939154863358 0.302279382944107 0.297553807497025 0.29276967048645 0.287928551435471 0.283037424087524 0.278098046779633 0.273117899894714 0.273954570293427 0.276674717664719 0.279317229986191 0.281881660223007 0.284366935491562 0.286768466234207 0.289086818695068 0.286002993583679 0.267281711101532 0.249146893620491 0.231646418571472 0.214824438095093 0.19871661067009 0.183350071310997 0.168745294213295 0.173894315958023 0.185533657670021 0.197172671556473 0.208729490637779 0.220117181539536 0.231248766183853 0.242041125893593 0.250645279884338 0.253614246845245 0.256308943033218 0.258721977472305 0.260846048593521 0.262675434350967 0.26420447230339 0.26542928814888 0.311026901006699 0.376021683216095 0.444222897291183 0.513085901737213
0.356152534484863 0.341925889253616 0.330140441656113 0.324996054172516 0.319767355918884 0.314460933208466 0.309079706668854 0.303630143404007 0.298118114471436 0.29254949092865 0.291663646697998 0.292257755994797 0.292744755744934 0.293126910924911 0.29340261220932 0.293570190668106 0.293632477521896 0.288294583559036 0.267493665218353 0.247475251555443 0.228296533226967 0.209999978542328 0.192621305584908 0.176181748509407 0.160695970058441 0.164340883493423 0.174096345901489 0.183703854680061 0.193085536360741 0.202166989445686 0.210871711373329 0.219127342104912 0.226109817624092 0.23049359023571 0.234660089015961 0.238598868250847 0.242297202348709 0.245742872357368 0.248928114771843 0.251842230558395 0.295994430780411 0.358580827713013 0.424644321203232 0.491819947957993
0.375666975975037 0.364060550928116 0.354064166545868 0.34848627448082 0.342794805765152 0.336995899677277 0.33109524846077 0.325102508068085 0.319022953510284 0.312862783670425 0.31009578704834 0.308373272418976 0.306537300348282 0.304589509963989 0.302531599998474 0.300365567207336 0.298093378543854 0.290460169315338 0.267602056264877 0.245730400085449 0.224910721182823 0.205188795924187 0.18659608066082 0.169152066111565 0.152859732508659 0.155107617378235 0.163114070892334 0.170847803354263 0.178240403532982 0.18522509932518 0.191738486289978 0.1977209597826 0.20323520898819 0.208791807293892 0.2142054438591 0.219457730650902 0.224533632397652 0.229419007897377 0.234096616506577 0.238554447889328 0.281226843595505 0.341359496116638 0.405184000730515 0.470507651567459
0.395453661680222 0.386647492647171 0.378617525100708 0.372667700052261 0.366564631462097 0.360316097736359 0.353932023048401 0.347417503595352 0.340782731771469 0.334038525819778 0.329234063625336 0.325007230043411 0.320680618286133 0.316258102655411 0.311744183301926 0.307145118713379 0.302462071180344 0.292498379945755 0.267605751752853 0.243912562727928 0.221491202712059 0.200392842292786 0.180647641420364 0.162266805768013 0.145244285464287 0.146200478076935 0.152591839432716 0.158609494566917 0.16419443488121 0.16929142177105 0.173849582672119 0.177823901176453 0.182027205824852 0.18852561712265 0.194964274764061 0.201323941349983 0.207585588097572 0.213729918003082 0.219739094376564 0.225592687726021 0.26675546169281 0.324402421712875 0.385901302099228 0.449224531650543
0.415721893310547 0.407797008752823 0.40022686123848 0.393529266119003 0.386648565530777 0.379596441984177 0.372384369373322 0.365019500255585 0.357514888048172 0.349881440401077 0.344140321016312 0.338950663805008 0.333646267652512 0.328236252069473 0.322725206613541 0.31711807847023 0.311424255371094 0.300474584102631 0.274677246809006 0.250090599060059 0.22680239379406 0.204876661300659 0.18435426056385 0.165254309773445 0.147576406598091 0.147304132580757 0.15217262506485 0.156576111912727 0.160472214221954 0.16382047533989 0.16658678650856 0.168742045760155 0.17166505753994 0.1785559207201 0.185446262359619 0.192317947745323 0.199152052402496 0.205929234623909 0.212631225585938 0.219236299395561 0.259902656078339 0.316771924495697 0.377754181623459 0.440899223089218
0.436032116413116 0.426953792572021 0.41823673248291 0.410388976335526 0.402344584465027 0.394114017486572 0.385709077119827 0.377146363258362 0.368438422679901 0.359599828720093 0.35416704416275 0.349738895893097 0.345140099525452 0.340373307466507 0.335448533296585 0.330369204282761 0.325143903493881 0.314615279436111 0.289112091064453 0.264617323875427 0.241236478090286 0.219053968787193 0.198133021593094 0.178515940904617 0.160225048661232 0.158605128526688 0.161817133426666 0.164489820599556 0.166597113013268 0.168118923902512 0.169040381908417 0.169352635741234 0.170904248952866 0.177804097533226 0.18473194539547 0.191670507192612 0.198602125048637 0.205511331558228 0.212379142642021 0.219190075993538 0.260383248329163 0.318188726902008 0.380498290061951 0.445352166891098
0.455879777669907 0.445667713880539 0.435831278562546 0.426896542310715 0.417732924222946 0.408356577157974 0.398784279823303 0.389034986495972 0.379123657941818 0.369070678949356 0.363995790481567 0.360394507646561 0.356556057929993 0.352486908435822 0.348193407058716 0.343683689832687 0.338962256908417 0.32890659570694 0.303816467523575 0.279522895812988 0.256146907806396 0.233791440725327 0.212539851665497 0.192458882927895 0.173592954874039 0.17048853635788 0.171876430511475 0.172678336501122 0.172886952757835 0.172500163316727 0.17152251303196 0.16996131837368 0.170135274529457 0.177049353718758 0.184014767408371 0.191017046570778 0.198041409254074 0.205072954297066 0.212096318602562 0.219095721840858 0.260806113481522 0.319533914327621 0.383140742778778 0.449658811092377
0.475158959627151 0.463843792676926 0.452927529811859 0.442978352308273 0.432753652334213 0.422276824712753 0.411565870046616 0.400646597146988 0.389539182186127 0.378270924091339 0.373602032661438 0.370888233184814 0.367869347333908 0.364549100399017 0.360933303833008 0.357028931379318 0.352843016386032 0.343310743570328 0.31875491142273 0.294775396585464 0.271506309509277 0.249067291617393 0.227562069892883 0.207076624035835 0.187678322196007 0.182952508330345 0.182349890470505 0.181142657995224 0.179342150688171 0.176965415477753 0.174031481146812 0.170566916465759 0.169359132647514 0.17629100382328 0.183294579386711 0.190359339118004 0.197470277547836 0.204616218805313 0.211781471967697 0.218953996896744 0.261170566082001 0.320803791284561 0.385679930448532 0.453812122344971
0.493771851062775 0.481395840644836 0.469447821378708 0.458565831184387 0.447349548339844 0.435823202133179 0.42401397228241 0.411949694156647 0.3996601998806 0.387176722288132 0.382960677146912 0.381199181079865 0.379055470228195 0.376532167196274 0.373637765645981 0.370376616716385 0.36675426363945 0.357795357704163 0.33389538526535 0.310345113277435 0.287287384271622 0.264858812093735 0.24317891895771 0.222354307770729 0.202474698424339 0.195995539426804 0.193235322833061 0.189882338047028 0.185963243246078 0.181513324379921 0.176569059491158 0.171171382069588 0.168576017022133 0.175528213381767 0.182571664452553 0.189695611596107 0.19688868522644 0.204139187932014 0.211434781551361 0.21876323223114 0.261476904153824 0.322000801563263 0.38811469078064 0.457812607288361
0.511630475521088 0.498239785432816 0.485321760177612 0.473600685596466 0.461469352245331 0.448954313993454 0.43609020113945 0.422914028167725 0.409458994865417 0.395766019821167 0.392052233219147 0.39130163192749 0.39008566737175 0.388409078121185 0.386277467012405 0.383692502975464 0.380663841962814 0.372322559356689 0.349198549985886 0.32619446516037 0.303459644317627 0.28113779425621 0.259368419647217 0.238274529576302 0.217967078089714 0.209608003497124 0.204531386494637 0.198896929621696 0.192750573158264 0.18614499270916 0.179133623838425 0.171773612499237 0.167785942554474 0.174762725830078 0.181845977902412 0.189027830958366 0.196296721696854 0.203642904758453 0.211056619882584 0.218524485826492 0.261724501848221 0.323121279478073 0.390443116426468 0.461654335260391
0.52902626991272 0.514117240905762 0.499839961528778 0.487239897251129 0.474140405654907 0.460579454898834 0.446593105792999 0.432226926088333 0.417528837919235 0.40254420042038 0.399229317903519 0.399413645267487 0.399092644453049 0.398265480995178 0.396937608718872 0.395110845565796 0.392789393663406 0.385212302207947 0.363034814596176 0.340779542922974 0.31859490275383 0.296627789735794 0.275024145841599 0.253916084766388 0.233430787920952 0.224260434508324 0.218198150396347 0.21159116923809 0.204489603638649 0.196950450539589 0.189033716917038 0.180799037218094 0.176463305950165 0.184624210000038 0.192967891693115 0.201487556099892 0.210172101855278 0.219013571739197 0.227998957037926 0.237117886543274 0.281962066888809 0.344502836465836 0.412294864654541 0.483247131109238
0.545645475387573 0.528721332550049 0.512707412242889 0.499217718839645 0.485131710767746 0.470492571592331 0.455349117517471 0.439754247665405 0.423765003681183 0.407442390918732 0.404434084892273 0.405484884977341 0.406030148267746 0.406068950891495 0.405600607395172 0.404626697301865 0.403149336576462 0.396485894918442 0.375364512205124 0.354004979133606 0.332547128200531 0.311137408018112 0.289918541908264 0.269029557704926 0.248598486185074 0.239852711558342 0.234350860118866 0.228274628520012 0.221665859222412 0.214573875069618 0.207051262259483 0.19914998114109 0.195638492703438 0.206372201442719 0.217455565929413 0.228881195187569 0.240640103816986 0.252721726894379 0.265113830566406 0.277802616357803 0.325069338083267 0.388272196054459 0.455028563737869 0.523246765136719
0.560959219932556 0.542099595069885 0.524436473846436 0.510200500488281 0.495254427194595 0.479652881622314 0.46344918012619 0.446710735559464 0.429503053426743 0.411903828382492 0.409269005060196 0.411252170801163 0.412726610898972 0.413689106702805 0.414137333631516 0.414070278406143 0.413488149642944 0.40778636932373 0.387760370969772 0.367333143949509 0.346641302108765 0.325825840234756 0.305028319358826 0.284388691186905 0.264043658971786 0.255829393863678 0.25102162361145 0.245610401034355 0.239629507064819 0.233120322227478 0.22612752020359 0.218696251511574 0.21618327498436 0.229799419641495 0.243963837623596 0.258671760559082 0.273911744356155 0.289668947458267 0.305929034948349 0.322670459747314 0.371709376573563 0.43446072936058 0.49908384680748 0.563622415065765
0.574911653995514 0.554202556610107 0.534984469413757 0.520148515701294 0.504477798938751 0.488032191991806 0.470873922109604 0.453080028295517 0.434732645750046 0.415920674800873 0.413726091384888 0.41670686006546 0.419173121452332 0.421119034290314 0.422540009021759 0.423433244228363 0.42379641532898 0.419099152088165 0.40020364522934 0.380743831396103 0.360848218202591 0.340656846761703 0.320308029651642 0.299944162368774 0.2797050178051 0.27213117480278 0.268156826496124 0.263550907373428 0.258339166641235 0.252555340528488 0.246236503124237 0.23942007124424 0.238085150718689 0.254883170127869 0.272458076477051 0.290801018476486 0.309892922639847 0.32971203327179 0.350228875875473 0.371407777070999 0.421427011489868 0.482536435127258 0.543945014476776 0.603933811187744
0.587460815906525 0.564990699291229 0.544317364692688 0.529033839702606 0.512775182723999 0.495605885982513 0.477599501609802 0.458846211433411 0.439439654350281 0.419484108686447 0.417793661355972 0.421836197376251 0.425355911254883 0.428346067667007 0.430796056985855 0.432702422142029 0.434060603380203 0.43041267991066 0.412675887346268 0.394209623336792 0.375139027833939 0.355592519044876 0.335712194442749 0.315638571977615 0.295518428087234 0.288694381713867 0.28569707274437 0.282041132450104 0.277744740247726 0.272834151983261 0.267338842153549 0.26128813624382 0.261313050985336 0.28157714009285 0.3028624355793 0.325150489807129 0.348408192396164 0.37259116768837 0.397642731666565 0.423491925001144 0.473581582307816 0.53184562921524 0.589031219482422 0.643728733062744
0.598569452762604 0.574434459209442 0.55240923166275 0.536828637123108 0.520119071006775 0.502351343631744 0.483611941337585 0.46399462223053 0.443611860275269 0.42258819937706 0.421465128660202 0.426635086536407 0.431269347667694 0.435358762741089 0.438894838094711 0.441866338253021 0.444267988204956 0.441708713769913 0.425158649682999 0.407709926366806 0.389479666948318 0.370594799518585 0.351192325353622 0.331416666507721 0.311418741941452 0.305451422929764 0.303578734397888 0.301018983125687 0.297787040472031 0.293900281190872 0.289379864931107 0.284251183271408 0.285815387964249 0.309800267219543 0.335056126117706 0.361541360616684 0.389190167188644 0.417921394109726 0.447625398635864 0.47817662358284 0.527354001998901 0.581636846065521 0.633718430995941 0.68254542350769
0.621979236602783 0.597790837287903 0.575597941875458 0.559738874435425 0.542536079883575 0.524059951305389 0.504403412342072 0.483671635389328 0.461989134550095 0.439497649669647 0.436020970344543 0.438555002212524 0.440545588731766 0.441989868879318 0.442881643772125 0.443220466375351 0.443007081747055 0.439025402069092 0.424508452415466 0.408972203731537 0.392517924308777 0.375258356332779 0.357321828603745 0.338840693235397 0.319955676794052 0.316100925207138 0.316728264093399 0.316682934761047 0.315962135791779 0.314570963382721 0.312516003847122 0.309807389974594 0.313277453184128 0.337693244218826 0.363246828317642 0.389878809452057 0.417518138885498 0.446067720651627 0.475417941808701 0.505431652069092 0.552318572998047 0.603219151496887 0.651491403579712 0.69630378484726
0.657300353050232 0.634710073471069 0.613602995872498 0.597553253173828 0.579878807067871 0.560643255710602 0.539934933185577 0.517859756946564 0.494554728269577 0.470179468393326 0.461327433586121 0.457391202449799 0.452940702438354 0.447986990213394 0.442539751529694 0.436612397432327 0.430214017629623 0.422363996505737 0.41063866019249 0.397827416658401 0.384014934301376 0.369297832250595 0.35377824306488 0.337572425603867 0.320803612470627 0.320252954959869 0.324689507484436 0.328519940376282 0.331727415323257 0.334299206733704 0.336221277713776 0.337486952543259 0.343142777681351 0.364158242940903 0.38587698340416 0.408257097005844 0.431247979402542 0.454790741205215 0.478818029165268 0.503253877162933 0.547224283218384 0.59608393907547 0.642339587211609 0.685246586799622
