resources/Exp000_Example-Run/Run01_M2/TimeSeries/1985/model/1985_biasfile.asc
NCOLS 265 
NROWS 230 
XLLCORNER -115.5625 
YLLCORNER 24.8333333333333 
CELLSIZE 0.0833333333333333 
NODATA_value -9999 
[rows 90 to 107 of 230, columns 210 to 251 of 265]
0.000627945918485924 0.000583162062773416 0.000540817208411171 0.000500844415106857 0.000463173620257816 0.00042773200862435 0.000394444379315513 0.000363361294618974 0.000334491442637582 0.000307501996142392 0.000282311819184356 0.00025883967762275 0.000237004539680474 0.000216725864981496 0.000197923881697519 0.000180756529250183 0.000164879238124426 0.000150214282542462 0.000136689511473421 0.000124234919885601 0.000112782780723895 0.000102267760801488 9.27195071271575e-05 8.40200747883871e-05 7.60536768110905e-05 6.8767777873912e-05 6.21125224856444e-05 5.60407152908642e-05 5.05077908162431e-05 4.54937857713593e-05 4.09883912872477e-05 3.68888121966046e-05 3.31624288150874e-05 2.97788007774261e-05 2.67095766706044e-05 2.39284017501827e-05 2.14108240490844e-05 1.91699175529787e-05 1.71449693885513e-05 1.53136026214079e-05 1.36591096303921e-05 1.21660727808904e-05
0.00063659332333127 0.000591550227772304 0.000548955322088002 0.000508741053052939 0.000470836673168166 0.000435168629965983 0.000401660951938511 0.000370363712621105 0.000341284851468649 0.000314090140440587 0.000288697766960818 0.000265025879228557 0.000242992894204023 0.000222517792730465 0.000203520401427495 0.000186158415978054 0.000170086912539841 0.000155228076141256 0.000141509743689805 0.000128861969226707 0.000117217150982289 0.000106510141766914 9.67709865327628e-05 8.78820960318797e-05 7.97279670812143e-05 7.22564384502947e-05 6.54180440049095e-05 5.91659863416089e-05 5.34561001030106e-05 4.82690235546535e-05 4.35953043166862e-05 3.93319879578888e-05 3.54467783868149e-05 3.19095295991538e-05 2.86921527793685e-05 2.57685219369741e-05 2.31143783833172e-05 2.07439947850834e-05 1.85958699824275e-05 1.6647567127032e-05 1.48823935593288e-05 1.32849128749072e-05
0.000645108149930111 0.000599866615472212 0.000557078864670722 0.000516676645229545 0.000478588458799588 0.000442739970085733 0.000409054411768426 0.000377581118143212 0.000348327093891964 0.000320957226833338 0.000295389097156657 0.000271540321808186 0.00024932886890829 0.000228673357881881 0.000209493344948555 0.000191945900724391 0.00017568649731075 0.000160637408902034 0.000146726636966364 0.00013388447601415 0.000122043634356775 0.000111139337643384 0.000101202040101083 9.21148333064689e-05 8.37628008834297e-05 7.60943323945996e-05 6.9060522247083e-05 6.26151358359287e-05 5.67145656837741e-05 5.13401860938375e-05 4.64835517016915e-05 4.20417399339722e-05 3.79828932167472e-05 3.42772652023049e-05 3.08971253106023e-05 2.78166623186847e-05 2.50118872988797e-05 2.24984151669085e-05 2.02139646087127e-05 1.81360738033866e-05 1.62480991897844e-05 1.453461231085e-05
0.000653592429162264 0.000608207866424957 0.000565279105016995 0.000524737132384606 0.000486509657087043 0.00045052153770924 0.000416695206678447 0.000385079037416579 0.000355678943935515 0.000328159444342064 0.000302437592716115 0.000278430570959087 0.000256056008671488 0.000235232287257401 0.000215878827916847 0.000198151735871299 0.00018170759145497 0.000166468933983183 0.000152364102980937 0.000139323810551941 0.000127281254584365 0.000116172214199263 0.000106027577142456 9.67314221941098e-05 8.81697016777808e-05 8.02915238743887e-05 7.30487059544024e-05 6.63957318970343e-05 6.02897007905315e-05 5.47128536220403e-05 4.96579004883477e-05 4.50221173874658e-05 4.0774192036755e-05 3.68848752266056e-05 3.33268827987292e-05 3.00747972427777e-05 2.71049692055705e-05 2.4434500560919e-05 2.20003233180746e-05 1.97799796431309e-05 1.77569045514143e-05 1.59156999814429e-05
0.000662141019171291 0.000616668147287163 0.000573649258409509 0.000533014536090867 0.000494690871474642 0.000458602311869995 0.000424670503227648 0.000392942645143948 0.00036342342009519 0.000335777528756519 0.000309921597077737 0.00028577248443573 0.000263247607950682 0.000242265249486979 0.000222744845017043 0.00020484120478057 0.000188212750824575 0.000172782475205037 0.000158479239839859 0.000145234361650857 0.000132981716966986 0.000121657827659127 0.000111294053212718 0.000101775773059125 9.29900930556153e-05 8.48870134630528e-05 7.74192411553028e-05 7.05421386002232e-05 6.42136636766813e-05 5.84170617194473e-05 5.3146356865051e-05 4.82991810166481e-05 4.38448749993923e-05 3.9754784829856e-05 3.60021611510187e-05 3.25620589132091e-05 2.94112375872786e-05 2.6568443631376e-05 2.39698015407956e-05 2.15928831776226e-05 1.94212296492895e-05 1.74394935679711e-05
0.000670859115855206 0.000625351458040507 0.000582291877508446 0.000541609729001079 0.000503231080923439 0.000467079183285389 0.00043307492845865 0.000401264139677453 0.000371650143738232 0.000343898412892233 0.000317925260213569 0.000293647351711727 0.000270982034016759 0.000249847643158845 0.000230163794140398 0.000212083686262185 0.00019526833486615 0.000179641383760481 0.000165132412142226 0.000151673538734793 0.000139199516151354 0.000127647806505315 0.000117050294272284 0.000107293978750542 9.8267405619595e-05 8.99216451738744e-05 8.22104650963084e-05 7.50902698104865e-05 6.85200311939567e-05 6.24841434993967e-05 5.69781137061295e-05 5.19000757260446e-05 4.72201318408503e-05 4.29103214937808e-05 3.89445182252122e-05 3.52983275391586e-05 3.19489859774414e-05 2.89170555520603e-05 2.61378167835183e-05 2.35888932294171e-05 2.12539573033963e-05 1.91177300799052e-05
0.00067986186012458 0.000634371236282523 0.000591318455634982 0.000550632038942608 0.000512237246493437 0.000476056564960855 0.000442010185918827 0.000410142365784946 0.000380454969832158 0.000352614866222923 0.000326538187986691 0.000302141553770568 0.000279342397778715 0.000258059279176016 0.000238212170676493 0.000219952361150821 0.000202944225679121 0.000187112269878482 0.000172386995304489 0.000158701528819989 0.000145991705699129 0.000134196133522805 0.000123347291015891 0.000113334120980075 0.000104046895149305 9.54379361204485e-05 8.74622470758516e-05 8.00774408431518e-05 7.32436609114493e-05 6.6946601778664e-05 6.1183432331688e-05 5.58529215570987e-05 5.09260415560411e-05 4.63756230119543e-05 4.21762496959708e-05 3.83041546452389e-05 3.47371182799943e-05 3.14977028380988e-05 2.85202915447558e-05 2.57825775009358e-05 2.32683870103135e-05 2.09625246011403e-05
0.000689273850007894 0.00064384987021553 0.000600848942597454 0.000560198769380799 0.000521823838090424 0.000485645926714102 0.000451584599305907 0.000419682368680098 0.000389939552497031 0.000362025072816389 0.000335855033206616 0.0003113461678973 0.000288416172815922 0.000266984014427679 0.000246970216123231 0.000228523876077776 0.000211313507037596 0.000195264697109376 0.000180309085054636 0.00016638102110115 0.000153417637590996 0.000141358899995494 0.000130237967450225 0.000119946052930525 0.000110375438875192 0.000101479886060805 9.321581083686e-05 8.55422032604582e-05 7.84205378523982e-05 7.18379672503368e-05 6.57935115537173e-05 6.01866931033284e-05 5.49894616740035e-05 5.01755361146337e-05 4.57202965187509e-05 4.16006788667996e-05 3.77950723934771e-05 3.43282382222837e-05 3.11335909534603e-05 2.8188906506423e-05 2.54781847132877e-05 2.29863254578076e-05
0.000699261121151264 0.000653952727326607 0.000611047589474518 0.000570472630880556 0.000532151626768177 0.000496005726958973 0.000461953967700666 0.00043003694980838 0.000400253376363195 0.000372274946878145 0.000346017912634781 0.000321399312581958 0.000298337304216197 0.000276751470581222 0.000256563103157772 0.000237918840126572 0.000220492154959643 0.000204209960381429 0.000189005267444604 0.000174813884216912 0.000161574472751234 0.000149228586032999 0.000137810173266014 0.000127213061314456 0.000117331837855093 0.000108121899682385 9.95412648680175e-05 9.15504793456614e-05 8.41125168546737e-05 7.72161604198463e-05 7.08624906835316e-05 6.49518890429334e-05 5.94573947088209e-05 5.43537146265977e-05 4.96171134417595e-05 4.52253067945036e-05 4.11573581828957e-05 3.74404511812267e-05 3.40069361336884e-05 3.08346802092062e-05 2.7907873757642e-05 2.52115207761853e-05
0.000710000948377885 0.000664854216751596 0.000622085615510802 0.00058162135487486 0.000543384584839107 0.000507295934317093 0.000473274038141621 0.000441357432961481 0.000411543165075973 0.00038350648289157 0.000357163986579343 0.000332433232050321 0.000309233060360623 0.000287483901539428 0.00026710805263875 0.000248249446191373 0.000230587359850644 0.000214050288780308 0.000198572865986199 0.000184092605311793 0.000170549943523347 0.000157888262021062 0.00014614243335752 0.000135209248586337 0.000124985895185958 0.000115429610202941 0.000106500207483285 9.81599721145826e-05 9.0373549037599e-05 8.31315342371039e-05 7.64372938790606e-05 7.01921549020325e-05 6.43703579738511e-05 5.89476977200687e-05 5.39014106490522e-05 4.92100673225237e-05 4.48534689954331e-05 4.08614662344222e-05 3.71652242395483e-05 3.37427037575347e-05 3.0578298829928e-05 2.76571222438335e-05
0.000721606492738821 0.00067666056724442 0.000634062465107561 0.000593737768922097 0.000555609108601296 0.000519596715885246 0.000485618965374796 0.000453712206195891 0.000423871813262212 0.000395777334943507 0.000369345927366802 0.00034449587974394 0.000321146941031949 0.00029922061931826 0.000278640453758773 0.000259547470137268 0.000241627540622178 0.000224810993758065 0.000209034326921505 0.000194236999497239 0.000180361458987556 0.000167353146434432 0.000155248002953448 0.000143946110343442 0.000133347525028011 0.000123411517272064 0.000114099879476171 0.000105376807964507 9.72087798200389e-05 8.95883811154963e-05 8.25214847369992e-05 7.59104230871354e-05 6.97307409419262e-05 6.39594112910174e-05 5.85747214072547e-05 5.3556164131972e-05 4.88843345829201e-05 4.45919947459044e-05 4.06089890644678e-05 3.69133679396533e-05 3.34897373724761e-05 3.03233191763222e-05
0.000734235201794444 0.000689524952867471 0.00064712688455618 0.000606966059638519 0.00056896471522966 0.000533042831383722 0.000499118684878539 0.000467226333183003 0.000437359489454416 0.00040920277655343 0.000382674130602595 0.00035769280634328 0.000334179699753817 0.00031205764170229 0.000291251662491906 0.000271899709689515 0.000253695036289436 0.000236570063142421 0.000220463401599364 0.000205316702552805 0.00019107466552153 0.0001776850267749 0.000165184960713579 0.000153478163272755 0.000142467820929257 0.00013211543086458 0.000122384946959794 0.000113242648461757 0.000104657004640439 9.66227740566249e-05 8.91485669169672e-05 8.21377597788772e-05 7.55673014614337e-05 6.94154310279849e-05 6.36615622140316e-05 5.82861740937311e-05 5.32707081735867e-05 4.86510965146303e-05 4.43557055623884e-05 4.03626654194686e-05 3.6656798253232e-05 3.32234310433974e-05
0.000748050020672159 0.000703605608962483 0.000661432266979566 0.000621454667772736 0.000583594804916766 0.000547772573787422 0.000513906336677237 0.000482027775432381 0.000452128975896061 0.000423900430382955 0.000397261095474593 0.000372131438972036 0.000348433757149878 0.00032609246137187 0.000305034333956683 0.000285394104404449 0.000266873185084105 0.000249406355260504 0.000232934596278156 0.000217402001928839 0.000202755769507714 0.000188946169678462 0.000176011794631293 0.000163860273205328 0.000152398173572776 0.00014158941354409 0.000131400290856534 0.000121799338297632 0.000112757175828302 0.000104270921755077 9.63521632311495e-05 8.89053372462385e-05 8.19088933935386e-05 7.53424210931207e-05 6.91865326211136e-05 6.34227534515171e-05 5.80334200794711e-05 5.305790733447e-05 4.84229243143818e-05 4.41066646051014e-05 4.00941664981619e-05 3.63708540230963e-05
0.000763218462178833 0.000719064927595307 0.000677135774493794 0.000637355438275389 0.000599645839852563 0.000563926978033909 0.000530117504418704 0.000498246662226809 0.000468304969630939 0.000439989600575947 0.000413220788305767 0.000387920475799195 0.000364012626316798 0.000341423501662971 0.00032008190808254 0.000300119250551558 0.00028124586787706 0.000263399170166446 0.000246522770368102 0.000230563461166162 0.000215471187052858 0.000201198995023556 0.000187787099479464 0.000175147374867559 0.000163190011855007 0.000151881541882628 0.000141190787670477 0.000131088704426215 0.000121548219124884 0.000112569001480961 0.000104165863800031 9.62442963378602e-05 8.87843425214198e-05 8.17670225540117e-05 7.51742153178962e-05 6.8988548712915e-05 6.31932985788356e-05 5.78315689571436e-05 5.28282098182491e-05 4.81614555585872e-05 4.38165561483637e-05 3.977902016798e-05
0.000779911642152392 0.000736068521984258 0.00069439743290981 0.000654822746278146 0.000617266502296758 0.000581649011823445 0.000547889439361302 0.000516014548094728 0.000486013373561945 0.000457590597330139 0.000430668000434542 0.000405169276903391 0.000381020336237201 0.000358149571992425 0.000336488096419852 0.000316163918450492 0.000296897055232553 0.000278627825548102 0.000261302740276935 0.000244871550725626 0.00022928720081191 0.000214505757731913 0.000200569282426045 0.00018739420018038 0.000174894552804179 0.000163039676932533 0.000151801099449805 0.000141152364461252 0.000131068859469172 0.000121553001174131 0.000112623083309014 0.000104185617919266 9.62223312113392e-05 8.8715750339057e-05 8.16490844807835e-05 7.50061155233338e-05 6.87710984779351e-05 6.29911664123382e-05 5.75890858015243e-05 5.25431025872499e-05 4.78386694522784e-05 4.34613625579119e-05
0.000798442094356038 0.00075492361285207 0.000713518665596276 0.000674151770214795 0.000636745315682241 0.000601220171544582 0.000567496277076139 0.000535597896355396 0.000505512702780759 0.00047695378405039 0.000449844776143057 0.00042411143502268 0.000399681929572883 0.000376487099073799 0.00035446067520225 0.000333727235798939 0.000314017261927114 0.000295274284415535 0.00027744800236428 0.000260491407799746 0.000244360717061727 0.000229015280585737 0.000214499269433228 0.000200733977228442 0.000187637526969028 0.00017518226365264 0.000163342607658857 0.000152094867198846 0.000141417051166456 0.000131314537129585 0.000121809384018807 0.000112809063072925 0.000104297073554796 9.62575260082626e-05 8.86750228659236e-05 8.15345498827684e-05 7.48213784971715e-05 6.85870075508563e-05 6.2751853135453e-05 5.72941336307451e-05 5.21994895124012e-05 4.74535411004507e-05
0.000818951751219573 0.00077576463597266 0.000734626570611558 0.000695462445336987 0.000658195242102806 0.000622746649219669 0.000589037654671885 0.000557090030366796 0.000526890232815891 0.000498160633149773 0.000470827034331844 0.000444817568580306 0.000420062979315236 0.000396496866142688 0.000374055892887307 0.000352861214812454 0.000332654512088197 0.000313382825203031 0.000294999325763252 0.000277460521802886 0.000260726167555606 0.00024475915158721 0.000229606032431231 0.000215193267887305 0.00020144326832435 0.000188331580543196 0.00017583569796879 0.000163934858362586 0.00015260984319277 0.000141869201231206 0.000131739039196269 0.000122127697851553 0.000113020531344309 0.000104403301971093 9.62620606925482e-05 8.85830397372988e-05 8.13525573713296e-05 7.46268183596535e-05 6.83236044836787e-05 6.24210610668943e-05 5.69049966632672e-05 5.17610479260751e-05
0.000841547113788195 0.000798691072006949 0.000757813839783767 0.000718840916878028 0.000681696131800141 0.000646302259711898 0.000612581617874846 0.000580553516047636 0.000550203359094835 0.000521263646989822 0.000493662661573895 0.000467331224189277 0.000442202965244597 0.000418214555375484 0.000395305898241443 0.000373594774382523 0.000352834742437893 0.000332976640881595 0.000313977388810235 0.00029579727566332 0.000278399848653169 0.000261751778573664 0.000245902297648955 0.000230783300111465 0.000216321665494321 0.000202496324486924 0.000189288011896786 0.000176679049474549 0.000164653131708188 0.000153222183000375 0.000142416635776928 0.000132145587241608 0.000122396319565223 0.000113156306987872 0.00010441309663032 9.61542026974069e-05 8.83670141235422e-05 8.111278061385e-05 7.43063539016182e-05 6.79257556037058e-05 6.19569386055085e-05 5.63855244961033e-05
