data/working_set_collections/6091692-Cassins_Sparrow-MC/2015/bio1.asc
NCOLS 265 
NROWS 230 
XLLCORNER -115.5625 
YLLCORNER 24.8333333333333 
CELLSIZE 0.0833333333333333 
NODATA_value -9999 
[rows 20 to 39 of 230, columns 138 to 183 of 265]
10.7080034361945 10.7007712364197 10.6935390366448 10.68630683687 10.7014261007309 10.7239958524704 10.7465656042099 10.7691353559494 10.7917051076889 10.8142748594284 10.8368446111679 10.8446422709359 10.8081236547894 10.7716050386429 10.7350864224964 10.6985678063499 10.6620491902034 10.6255305740568 10.5890119579103 10.5714722792308 10.5602589130402 10.5490455468496 10.537832180659 10.5266188144684 10.5154054482778 10.5041920820872 10.4996707333459 10.5152254369524 10.5307801405589 10.5463348441654 10.5618895477719 10.5774442513784 10.5929989549849 10.6085536585914 10.6251682360967 10.6421361049016 10.6591039737066 10.6760718425115 10.6930397113164 10.7100075801213 10.7269754489263 10.7377466360728 10.729927778244 10.7221089204152 10.7142900625865 10.7064712047577
10.8497049225701 10.8315571784973 10.8134094344245 10.7952616903517 10.8010165452957 10.8147389332453 10.828461321195 10.8421837091446 10.8559060970942 10.8696284850438 10.8833508729935 10.8841568814384 10.8462137513691 10.8082706212997 10.7703274912304 10.7323843611611 10.6944412310918 10.6564981010225 10.6185549709532 10.5992510636648 10.5861602306366 10.5730693976084 10.5599785645803 10.5468877315521 10.533796898524 10.5207060654958 10.5150064415402 10.5314804448022 10.5479544480642 10.5644284513262 10.5809024545881 10.5973764578501 10.6138504611121 10.6303244643741 10.6479445377986 10.6659466346105 10.6839487314224 10.7019508282344 10.7199529250463 10.7379550218582 10.7559571186701 10.7678621768951 10.7614761193593 10.7550900618235 10.7487040042877 10.7423179467519
10.9914064089457 10.9623431205749 10.9332798322042 10.9042165438334 10.9006069898605 10.9054820140203 10.91035703818 10.9152320623398 10.9201070864995 10.9249821106593 10.929857134819 10.9236714919408 10.8843038479487 10.8449362039566 10.8055685599645 10.7662009159724 10.7268332719803 10.6874656279882 10.6480979839961 10.6270298480988 10.612061548233 10.5970932483673 10.5821249485016 10.5671566486359 10.5521883487701 10.5372200489044 10.5303421497345 10.547735452652 10.5651287555695 10.5825220584869 10.5999153614044 10.6173086643219 10.6347019672394 10.6520952701569 10.6707208395004 10.6897571643193 10.7087934891383 10.7278298139572 10.7468661387761 10.7659024635951 10.784938788414 10.7979777177175 10.7930244604746 10.7880712032318 10.783117945989 10.7781646887461
11.1331078953213 11.0931290626526 11.0531502299839 11.0131713973151 11.0001974344253 10.9962250947952 10.9922527551651 10.988280415535 10.9843080759048 10.9803357362747 10.9763633966446 10.9631861024433 10.9223939445284 10.8816017866135 10.8408096286986 10.8000174707837 10.7592253128688 10.7184331549539 10.677640997039 10.6548086325328 10.6379628658295 10.6211170991262 10.6042713324229 10.5874255657196 10.5705797990163 10.553734032313 10.5456778579288 10.5639904605018 10.5823030630747 10.6006156656477 10.6189282682207 10.6372408707937 10.6555534733666 10.6738660759396 10.6934971412023 10.7135676940282 10.7336382468541 10.7537087996801 10.773779352506 10.7938499053319 10.8139204581579 10.8280932585398 10.82457280159 10.8210523446401 10.8175318876902 10.8140114307404
11.1891723182466 11.152107946078 11.1150435739093 11.0779792017407 11.0642714420954 11.058349219958 11.0524269978205 11.0465047756831 11.0405825535456 11.0346603314082 11.0287381092707 11.0146704276403 10.9761663675308 10.9376623074214 10.8991582473119 10.8606541872025 10.822150127093 10.7836460669835 10.7451420068741 10.7223971287409 10.7049053112666 10.6874134937922 10.6699216763178 10.6524298588435 10.6349380413691 10.6174462238947 10.6086531162262 10.625956137975 10.6432591597239 10.6605621814728 10.6778652032216 10.6951682249705 10.7124712467193 10.7297742684682 10.747498345375 10.7653627740012 10.7832272026274 10.8010916312536 10.8189560598797 10.8368204885059 10.8546849171321 10.8670141379038 10.8627377351125 10.8584613323212 10.8541849295298 10.8499085267385
11.1595996777217 11.1392797708511 11.1189598639806 11.0986399571101 11.0928290128708 11.0918543895086 11.0908797661463 11.0899051427841 11.0889305194219 11.0879558960597 11.0869812726974 11.0781244675318 11.0456211169561 11.0131177663803 10.9806144158045 10.9481110652288 10.915607714653 10.8831043640772 10.8506010135015 10.8297953367233 10.8128888845444 10.7959824323654 10.7790759801864 10.7621695280075 10.7452630758285 10.7283566236496 10.7192679246266 10.7336324850718 10.7479970455169 10.7623616059621 10.7767261664072 10.7910907268524 10.8054552872975 10.8198198477427 10.8327244520187 10.8451424042384 10.857560356458 10.8699783086777 10.8823962608973 10.894814213117 10.9072321653366 10.9147403558095 10.9075192610423 10.900298166275 10.8930770715078 10.8858559767405
11.1300270371967 11.1264515956243 11.1228761540519 11.1193007124795 11.1213865836461 11.1253595590591 11.1293325344721 11.1333055098851 11.1372784852981 11.1412514607112 11.1452244361242 11.1415785074234 11.1150758663813 11.0885732253392 11.0620705842972 11.0355679432551 11.009065302213 10.982562661171 10.9560600201289 10.9371935447057 10.9208724578222 10.9045513709386 10.8882302840551 10.8719091971715 10.855588110288 10.8392670234044 10.8298827330271 10.8413088321686 10.85273493131 10.8641610304514 10.8755871295929 10.8870132287343 10.8984393278758 10.9098654270172 10.9179505586624 10.9249220344755 10.9318935102887 10.9388649861018 10.9458364619149 10.952807937728 10.9597794135411 10.9624665737152 10.952300786972 10.9421350002289 10.9319692134857 10.9218034267426
11.1004543966717 11.1136234203974 11.1267924441232 11.1399614678489 11.1499441544215 11.1588647286097 11.1677853027979 11.1767058769862 11.1856264511744 11.1945470253626 11.2034675995509 11.205032547315 11.1845306158066 11.1640286842982 11.1435267527898 11.1230248212814 11.102522889773 11.0820209582647 11.0615190267563 11.0445917526881 11.0288560310999 11.0131203095118 10.9973845879237 10.9816488663355 10.9659131447474 10.9501774231593 10.9404975414276 10.9489851792653 10.9574728171031 10.9659604549408 10.9744480927785 10.9829357306162 10.991423368454 10.9999110062917 11.0031766653061 11.0047016647127 11.0062266641193 11.0077516635259 11.0092766629325 11.0108016623391 11.0123266617457 11.0101927916209 10.9970823129018 10.9839718341827 10.9708613554637 10.9577508767446
11.0708817561467 11.1007952451706 11.1307087341944 11.1606222232183 11.1785017251968 11.1923698981603 11.2062380711237 11.2201062440872 11.2339744170507 11.2478425900141 11.2617107629776 11.2684865872065 11.2539853652318 11.2394841432571 11.2249829212824 11.2104816993078 11.1959804773331 11.1814792553584 11.1669780333837 11.1519899606705 11.1368396043777 11.121689248085 11.1065388917923 11.0913885354996 11.0762381792068 11.0610878229141 11.0511123498281 11.0566615263621 11.0622107028961 11.0677598794301 11.0733090559641 11.0788582324982 11.0844074090322 11.0899565855662 11.0884027719498 11.0844812949498 11.0805598179499 11.07663834095 11.0727168639501 11.0687953869502 11.0648739099502 11.0579190095266 11.0418638388316 11.0258086681366 11.0097534974416 10.9936983267466
11.0413091156218 11.0879670699437 11.1346250242657 11.1812829785877 11.2070592959722 11.2258750677109 11.2446908394496 11.2635066111882 11.2823223829269 11.3011381546656 11.3199539264043 11.3319406270981 11.3234401146571 11.3149396022161 11.3064390897751 11.2979385773341 11.2894380648931 11.2809375524521 11.2724370400111 11.2593881686528 11.2448231776555 11.2302581866582 11.2156931956609 11.2011282046636 11.1865632136663 11.171998222669 11.1617271582285 11.1643378734588 11.1669485886892 11.1695593039195 11.1721700191498 11.1747807343801 11.1773914496104 11.1800021648407 11.1736288785934 11.164260925187 11.1548929717806 11.1455250183741 11.1361570649677 11.1267891115612 11.1174211581548 11.1056452274322 11.0866453647614 11.0676455020905 11.0486456394196 11.0296457767487
11.0236248943541 11.0801533778508 11.1366818613476 11.1932103448444 11.2264342864354 11.2518900473912 11.2773458083471 11.3028015693029 11.3282573302587 11.3537130912145 11.3791688521703 11.397474887636 11.3943317466312 11.3911886056264 11.3880454646216 11.3849023236169 11.3817591826121 11.3786160416073 11.3754729006025 11.3647982915242 11.3516131930881 11.338428094652 11.3252429962158 11.3120578977797 11.2988727993435 11.2856877009074 11.275790892707 11.2757589552137 11.2757270177205 11.2756950802273 11.2756631427341 11.2756312052409 11.2755992677477 11.2755673302544 11.2662768999735 11.2539003054301 11.2415237108866 11.2291471163432 11.2167705217997 11.2043939272563 11.1920173327128 11.1775797896915 11.1569594012366 11.1363390127818 11.1157186243269 11.0950982358721
11.0178290923436 11.0773541688919 11.1368792454402 11.1964043219884 11.2366266965866 11.2704148372014 11.3042029778162 11.3379911184311 11.3717792590459 11.4055673996607 11.4393555402756 11.4650893688202 11.4666602611542 11.4682311534881 11.4698020458221 11.4713729381561 11.4729438304901 11.4745147228241 11.4760856151581 11.4682203292847 11.4572096506754 11.4461989720662 11.435188293457 11.4241776148478 11.4131669362386 11.4021562576294 11.3933035532633 11.3909247716268 11.3885459899902 11.3861672083537 11.3837884267171 11.3814096450805 11.379030863444 11.3766520818074 11.3663468360901 11.3533994356791 11.3404520352681 11.3275046348572 11.3145572344462 11.3016098340352 11.2886624336243 11.2737226963043 11.2528059482574 11.2318892002106 11.2109724521637 11.1900557041168
11.0120332903332 11.074554959933 11.1370766295327 11.1995982991324 11.2468191067378 11.2889396270116 11.3310601472854 11.3731806675593 11.4153011878331 11.457421708107 11.4995422283808 11.5327038500044 11.5389887756771 11.5452737013499 11.5515586270226 11.5578435526954 11.5641284783681 11.5704134040409 11.5766983297136 11.5716423670451 11.5628061082628 11.5539698494805 11.5451335906982 11.5362973319159 11.5274610731337 11.5186248143514 11.5108162138197 11.5060905880398 11.5013649622599 11.49663933648 11.4919137107001 11.4871880849202 11.4824624591403 11.4777368333604 11.4664167722066 11.4528985659281 11.4393803596496 11.4258621533712 11.4123439470927 11.3988257408142 11.3853075345357 11.3698656029171 11.3486524952782 11.3274393876394 11.3062262800005 11.2850131723616
11.0062374883228 11.071755750974 11.1372740136252 11.2027922762765 11.2570115168889 11.3074644168218 11.3579173167546 11.4083702166875 11.4588231166204 11.5092760165532 11.5597289164861 11.6003183311886 11.6113172902001 11.6223162492116 11.6333152082231 11.6443141672346 11.6553131262461 11.6663120852576 11.6773110442691 11.6750644048055 11.6684025658501 11.6617407268948 11.6550788879394 11.6484170489841 11.6417552100287 11.6350933710734 11.6283288743761 11.6212564044528 11.6141839345296 11.6071114646064 11.6000389946831 11.5929665247599 11.5858940548367 11.5788215849135 11.5664867083232 11.5523976961772 11.5383086840312 11.5242196718852 11.5101306597392 11.4960416475932 11.4819526354472 11.46600850953 11.4444990422991 11.4229895750681 11.4014801078372 11.3799706406063
11.0004416863123 11.0689565420151 11.1374713977178 11.2059862534205 11.2672039270401 11.325989206632 11.3847744862238 11.4435597658157 11.5023450454076 11.5611303249995 11.6199156045914 11.6679328123728 11.6836458047231 11.6993587970733 11.7150717894236 11.7307847817739 11.7464977741241 11.7622107664744 11.7779237588246 11.7784864425659 11.7739990234375 11.7695116043091 11.7650241851806 11.7605367660522 11.7560493469238 11.7515619277954 11.7458415349324 11.7364222208659 11.7270029067993 11.7175835927327 11.7081642786662 11.6987449645996 11.689325650533 11.6799063364665 11.6665566444397 11.6518968264262 11.6372370084127 11.6225771903992 11.6079173723856 11.5932575543721 11.5785977363586 11.5621514161428 11.5403455893199 11.5185397624969 11.496733935674 11.4749281088511
10.9946458843019 11.0661573330561 11.1376687818103 11.2091802305645 11.2773963371913 11.3445139964421 11.411631655693 11.4787493149439 11.5458669741948 11.6129846334457 11.6801022926966 11.735547293557 11.7559743192461 11.7764013449351 11.7968283706241 11.8172553963131 11.8376824220021 11.8581094476912 11.8785364733802 11.8819084803263 11.8795954810248 11.8772824817233 11.8749694824219 11.8726564831204 11.8703434838189 11.8680304845174 11.8633541954888 11.8515880372789 11.839821879069 11.8280557208591 11.8162895626492 11.8045234044393 11.7927572462294 11.7809910880195 11.7666265805562 11.7513959566752 11.7361653327942 11.7209347089132 11.7057040850321 11.6904734611511 11.6752428372701 11.6582943227556 11.6361921363407 11.6140899499257 11.5919877635108 11.5698855770959
11.0968573066923 11.1636190334956 11.2303807602988 11.297142487102 11.3621966679891 11.426681666904 11.4911666658189 11.5556516647339 11.6201366636488 11.6846216625637 11.7491066614787 11.8028834131029 11.8245354228549 11.846187432607 11.8678394423591 11.8894914521111 11.9111434618632 11.9327954716153 11.9544474813673 11.9611229022344 11.9628061268065 11.9644893513785 11.9661725759506 11.9678558005227 11.9695390250948 11.9712222496668 11.9692852311664 11.9564874834484 11.9436897357305 11.9308919880125 11.9180942402946 11.9052964925766 11.8924987448586 11.8797009971407 11.8652596632639 11.8502704673343 11.8352812714047 11.820292075475 11.8053028795454 11.7903136836158 11.7753244876861 11.7586691220601 11.737015247345 11.7153613726298 11.6937074979146 11.6720536231995
11.3070759534835 11.3613416433334 11.4156073331832 11.4698730230331 11.5216049194336 11.5724922180175 11.6233795166015 11.6742668151855 11.7251541137695 11.7760414123535 11.8269287109375 11.8699411710103 11.8893291155497 11.9087170600891 11.9281050046285 11.9474929491679 11.9668808937073 11.9862688382466 12.005656782786 12.0161297082901 12.0236309607824 12.0311322132746 12.0386334657669 12.0461347182592 12.0536359707514 12.0611372232437 12.0636346419652 12.0511205593745 12.0386064767837 12.026092394193 12.0135783116023 12.0010642290115 11.9885501464208 11.97603606383 11.9624558925629 11.9485203584035 11.9345848242442 11.9206492900848 11.9067137559255 11.8927782217661 11.8788426876068 11.8632758140564 11.8428149223328 11.8223540306091 11.8018931388855 11.7814322471619
11.5172946002748 11.5590642531713 11.6008339060677 11.6426035589642 11.6810131708781 11.7183027691311 11.7555923673841 11.7928819656372 11.8301715638902 11.8674611621433 11.9047507603963 11.9369989289178 11.9541228082445 11.9712466875712 11.9883705668979 12.0054944462246 12.0226183255513 12.0397422048781 12.0568660842048 12.0711365143458 12.0844557947583 12.0977750751707 12.1110943555832 12.1244136359956 12.1377329164081 12.1510521968206 12.157984052764 12.1457536353005 12.133523217837 12.1212928003735 12.10906238291 12.0968319654465 12.0846015479829 12.0723711305194 12.0596521218618 12.0467702494727 12.0338883770837 12.0210065046946 12.0081246323056 11.9952427599165 11.9823608875275 11.9678825060526 11.9486145973205 11.9293466885884 11.9100787798564 11.8908108711243
11.727513247066 11.7567868630091 11.7860604789522 11.8153340948952 11.8404214223226 11.8641133202447 11.8878052181668 11.9114971160888 11.9351890140109 11.958880911933 11.9825728098551 12.0040566868252 12.0189165009393 12.0337763150533 12.0486361291673 12.0634959432814 12.0783557573954 12.0932155715095 12.1080753856235 12.1261433204015 12.1452806287342 12.1644179370668 12.1835552453995 12.2026925537321 12.2218298620648 12.2409671703974 12.2523334635629 12.2403867112266 12.2284399588903 12.216493206554 12.2045464542177 12.1925997018814 12.1806529495451 12.1687061972088 12.1568483511607 12.1450201405419 12.1331919299232 12.1213637193044 12.1095355086856 12.0977072980669 12.0858790874481 12.0724891980489 12.0544142723083 12.0363393465678 12.0182644208272 12.0001894950867
