data/working_set_collections/6091692-Cassins_Sparrow-MC/2015/bio14.asc
NCOLS 265 
NROWS 230 
XLLCORNER -115.5625 
YLLCORNER 24.8333333333333 
CELLSIZE 0.0833333333333333 
NODATA_value -9999 
[rows 40 to 59 of 230, columns 0 to 45 of 265]
9.15661040941875 9.11602425575258 9.0754381020864 9.03485194842022 8.99426579475404 8.95367964108787 8.91309348742169 8.82153106927875 8.71297656297688 8.60442205667498 8.49586755037311 8.38731304407124 8.27875853776935 8.17020403146748 8.06144150495534 7.95205491781238 7.84266833066944 7.7332817435265 7.62389515638354 7.5145085692406 7.40512198209766 7.2957353949547 7.70758316516867 8.29317572116839 8.8787682771682 9.46436083316792 10.0499533891676 10.6355459451675 11.2211385011672 11.7817622264225 12.2674794594446 12.7531966924666 13.2389139254886 13.7246311585108 14.2103483915328 14.6960656245548 15.1817828575769 15.4129171133041 15.5591903765996 15.7054636398951 15.8517369031905 15.998010166486 16.1442834297815 16.290556693077 16.4110227108001 16.454066991806
9.12307778994243 9.07692205111187 9.03076631228131 8.98461057345074 8.93845483462017 8.89229909578961 8.84614335695904 8.74872985283537 8.63423042694731 8.51973100105924 8.40523157517119 8.29073214928313 8.17623272339506 8.061733297507 7.95070863962177 7.85010828574501 7.74950793186826 7.64890757799152 7.54830722411476 7.44770687023801 7.34710651636127 7.2465061624845 7.68136816819499 8.29471762710133 8.90806708600778 9.52141654491413 10.1347660038205 10.7481154627269 11.3614649216333 11.9443033350837 12.4356086121664 12.9269138892491 13.4182191663317 13.9095244434144 14.400829720497 14.8921349975796 15.3834402746624 15.6237874905268 15.7804820193184 15.9371765481101 16.0938710769017 16.2505656056933 16.407260134485 16.5639546632766 16.689580074946 16.7219981352488
9.05921615494624 9.01022880872093 8.96124146249561 8.91225411627029 8.86326677004498 8.81427942381967 8.76529207759435 8.67277588446938 8.56575007571118 8.45872426695295 8.35169845819475 8.24467264943655 8.13764684067833 8.03062103192013 7.9285779701339 7.8414831492636 7.7543883283933 7.66729350752301 7.58019868665271 7.49310386578242 7.40600904491213 7.31891422404182 7.75459724267311 8.36453954113839 8.97448183960377 9.58442413806904 10.1943664365343 10.8043087349997 11.414251033465 11.9895171668793 12.460754805141 12.9319924434025 13.4032300816641 13.8744677199258 14.3457053581873 14.8169429964489 15.2881806347105 15.5241778771083 15.681761654218 15.8393454313278 15.9969292084376 16.1545129855474 16.3120967626572 16.469680539767 16.5919311470456 16.6081822448307
8.96502550443016 8.91594452857974 8.86686355272932 8.81778257687889 8.76870160102847 8.71962062517805 8.67053964932762 8.59366916418078 8.50753550926847 8.42140185435615 8.33526819944383 8.24913454453152 8.1630008896192 8.07686723470689 7.99504949649176 7.92617950836817 7.85730952024459 7.78843953212102 7.71956954399743 7.65069955587386 7.58182956775028 7.51295957962669 7.92727038860308 8.50264146327957 9.07801253795615 9.65338361263264 10.2287546873091 10.8041257619857 11.3794968366622 11.9174037218093 12.3429180383682 12.768432354927 13.1939466714858 13.6194609880447 14.0449753046036 14.4704896211624 14.8960039377213 15.1140882730484 15.2630292812984 15.4119702895483 15.5609112977982 15.7098523060481 15.8587933142981 16.007734322548 16.1180759270987 16.1126193205516
8.87083485391407 8.82166024843854 8.77248564296301 8.72331103748747 8.67413643201194 8.62496182653642 8.57578722106088 8.51456244389218 8.44932094282576 8.38407944175933 8.31883794069292 8.2535964396265 8.18835493856007 8.12311343749365 8.06152102284962 8.01087586747275 7.96023071209589 7.90958555671903 7.85894040134217 7.80829524596531 7.75765009058845 7.70700493521158 8.09994353453306 8.64074338542076 9.18154323630855 9.72234308719625 10.2631429380839 10.8039427889717 11.3447426398594 11.8452902767393 12.2250812715954 12.6048722664515 12.9846632613076 13.3644542561637 13.7442452510198 14.1240362458759 14.503827240732 14.7039986689886 14.8442969083786 14.9845951477687 15.1248933871587 15.2651916265488 15.4054898659389 15.5457881053289 15.6442207071517 15.6170563962725
8.77664420339798 8.72737596829734 8.6781077331967 8.62883949809606 8.57957126299542 8.53030302789479 8.48103479279414 8.43545572360359 8.39110637638306 8.34675702916252 8.302407681942 8.25805833472147 8.21370898750093 8.16935964028041 8.12799254920748 8.09557222657733 8.06315190394719 8.03073158131705 7.9983112586869 7.96589093605676 7.93347061342662 7.90105029079647 8.27261668046305 8.77884530756196 9.28507393466095 9.79130256175986 10.2975311888588 10.8037598159578 11.3099884430567 11.7731768316692 12.1072445048226 12.4413121779759 12.7753798511293 13.1094475242827 13.443515197436 13.7775828705893 14.1116505437427 14.2939090649287 14.4255645354589 14.5572200059891 14.6888754765193 14.8205309470495 14.9521864175797 15.0838418881099 15.1703654872047 15.1214934719934
8.6824535528819 8.63309168815615 8.58372982343041 8.53436795870465 8.4850060939789 8.43564422925316 8.3862823645274 8.35634900331499 8.33289180994035 8.30943461656571 8.28597742319108 8.26252022981644 8.2390630364418 8.21560584306717 8.19446407556533 8.1802685856819 8.16607309579848 8.15187760591505 8.13768211603163 8.1234866261482 8.10929113626477 8.09509564638135 8.44528982639302 8.91694722970314 9.38860463301334 9.86026203632345 10.3319194396336 10.8035768429438 11.2752342462539 11.7010633865992 11.9894077380498 12.2777520895004 12.566096440951 12.8544407924016 13.1427851438522 13.4311294953028 13.7194738467535 13.8838194608689 14.0068321625392 14.1298448642096 14.2528575658799 14.3758702675502 14.4988829692205 14.6218956708909 14.6965102672578 14.6259305477143
8.58826290236581 8.53880740801495 8.4893519136641 8.43989641931324 8.39044092496238 8.34098543061153 8.29152993626067 8.27724228302639 8.27467724349765 8.2721122039689 8.26954716444016 8.26698212491142 8.26441708538267 8.26185204585393 8.26093560192319 8.26496494478648 8.26899428764978 8.27302363051307 8.27705297337636 8.28108231623965 8.28511165910294 8.28914100196624 8.617962972323 9.05504915184433 9.49213533136573 9.92922151088706 10.3663076904084 10.8033938699298 11.2404800494511 11.6289499415291 11.871570971277 12.1141920010249 12.3568130307727 12.5994340605206 12.8420550902685 13.0846761200163 13.3272971497642 13.473729856809 13.5880997896195 13.70246972243 13.8168396552404 13.9312095880509 14.0455795208614 14.1599494536718 14.2226550473108 14.1303676234352
8.62592191166346 8.58446157773334 8.54300124380322 8.5015409098731 8.46008057594297 8.41862024201285 8.37715990808272 8.38652340571082 8.41282818052499 8.43913295533918 8.46543773015335 8.49174250496753 8.51804727978171 8.54435205459588 8.56559920575877 8.57167348596779 8.5777477661768 8.58382204638581 8.58989632659483 8.59597060680384 8.60204488701285 8.60811916722187 8.89940734704325 9.28576682673548 9.67212630642778 10.05848578612 10.4448452658122 10.8312047455045 11.2175642251968 11.5550313287311 11.7458213037915 11.9366112788518 12.1274012539122 12.3181912289726 12.5089812040329 12.6997711790933 12.8905611541536 13.0479611237844 13.1942310916053 13.3405010594262 13.4867710272471 13.633040995068 13.7793109628889 13.9255809307098 14.0130820724699 13.9242767360475
8.79543058077492 8.77005419731137 8.74467781384783 8.71930143038428 8.69392504692074 8.6685486634572 8.64317227999365 8.68419237136835 8.74734462102247 8.8104968706766 8.87364912033073 8.93680136998486 8.99995361963899 9.06310586929311 9.10845488707215 9.10039420922588 9.09233353137961 9.08427285353334 9.07621217568707 9.0681514978408 9.06009081999453 9.05203014214826 9.28962295055377 9.6091002543766 9.92857755819949 10.2480548620223 10.5675321658451 10.887009469668 11.2064867734909 11.479307548205 11.6121587355932 11.7450099229813 11.8778611103694 12.0107122977575 12.1435634851456 12.2764146725337 12.4092658599218 12.6065132617951 12.8252260684967 13.0439388751984 13.2626516819 13.4813644886017 13.7000772953033 13.918790102005 14.0677913427353 14.0076578855514
8.96493924988638 8.95564681688942 8.94635438389246 8.93706195089549 8.92776951789853 8.91847708490156 8.9091846519046 8.9818613370259 9.08186106151998 9.18186078601407 9.28186051050814 9.38186023500222 9.48185995949631 9.58185968399039 9.65131056838558 9.62911493248403 9.60691929658247 9.58472366068092 9.56252802477936 9.5403323888778 9.51813675297625 9.49594111707469 9.67983855406434 9.93243368201775 10.1850288099712 10.4376239379246 10.690219065878 10.9428141938315 11.1954093217849 11.403583767679 11.4784961673949 11.5534085671107 11.6283209668266 11.7032333665424 11.7781457662583 11.8530581659741 11.92797056569 12.1650653998057 12.4562210453881 12.7473766909705 13.0385323365529 13.3296879821353 13.6208436277177 13.9119992733001 14.1225006130007 14.0910390350554
9.13444791899785 9.14123943646747 9.14803095393708 9.1548224714067 9.16161398887632 9.16840550634593 9.17519702381555 9.27953030268345 9.41637750201748 9.55322470135153 9.69007190068556 9.82691910001958 9.96376629935364 10.1006134986877 10.194166249699 10.1578356557422 10.1215050617853 10.0851744678285 10.0488438738716 10.0125132799148 9.97618268595797 9.93985209200113 10.0700541575749 10.2557671096589 10.4414800617429 10.627193013827 10.812905965911 10.998618917995 11.184331870079 11.327859987153 11.3448335991966 11.3618072112402 11.3787808232838 11.3957544353274 11.412728047371 11.4297016594145 11.4466752714581 11.7236175378164 12.0872160222795 12.4508145067427 12.8144129912058 13.1780114756689 13.5416099601321 13.9052084445953 14.177209883266 14.1744201845593
9.3039565881093 9.3268320560455 9.34970752398169 9.37258299191789 9.39545845985408 9.41833392779028 9.44120939572647 9.57719926834099 9.75089394251496 9.92458861668896 10.0982832908629 10.2719779650369 10.4456726392109 10.6193673133849 10.7370219310124 10.6865563790003 10.6360908269881 10.585625274976 10.5351597229639 10.4846941709518 10.4342286189396 10.3837630669275 10.4602697610854 10.5791005373 10.6979313135147 10.8167620897293 10.9355928659439 11.0544236421585 11.1732544183731 11.2521362066269 11.2111710309983 11.1702058553696 11.129240679741 11.0882755041123 11.0473103284837 11.006345152855 10.9653799772263 11.282169675827 11.7182109991709 12.1542523225149 12.5902936458587 13.0263349692026 13.4623762925466 13.8984176158904 14.2319191535314 14.2578013340632
9.47346525722077 9.51242467562354 9.55138409402632 9.5903435124291 9.62930293083187 9.66826234923464 9.70722176763742 9.87486823399854 10.0854103830125 10.2959525320264 10.5064946810404 10.7170368300543 10.9275789790682 11.1381211280822 11.2798776123258 11.2152771022584 11.150676592191 11.0860760821236 11.0214755720562 10.9568750619888 10.8922745519214 10.827674041854 10.850485364596 10.9024339649412 10.9543825652864 11.0063311656316 11.0582797659768 11.110228366322 11.1621769666672 11.1764124261009 11.0775084628 10.978604499499 10.8797005361981 10.7807965728972 10.6818926095963 10.5829886462954 10.4840846829945 10.8407218138377 11.3492059760623 11.857690138287 12.3661743005116 12.8746584627362 13.383142624961 13.8916267871856 14.2866284237967 14.3411824835671
9.49380395147536 9.56171412467956 9.62962429788377 9.69753447108798 9.76544464429218 9.83335481749638 9.9012649907006 10.1067094405492 10.3579986492792 10.6092878580093 10.8605770667393 11.1118662754694 11.3631554841994 11.6144446929295 11.7866052283181 11.721379743682 11.6561542590459 11.5909287744098 11.5257032897737 11.4604778051376 11.3952523205015 11.3300268358654 11.3050417423248 11.2934701124827 11.2818984826405 11.2703268527984 11.2587552229563 11.2471835931142 11.2356119632721 11.191107167138 11.047802872128 10.9044985771179 10.7611942821079 10.6178899870979 10.4745856920878 10.3312813970778 10.1879771020678 10.5365112543105 11.0489915556377 11.5614718569649 12.0739521582921 12.5864324596192 13.0989127609465 13.6113930622736 14.0214623053869 14.1242983738582
9.36497267087302 9.4747004032135 9.58442813555398 9.69415586789448 9.80388360023496 9.91361133257544 10.0233390649159 10.2727228879928 10.5686587413151 10.8645945946375 11.1605304479598 11.4564663012821 11.7524021546045 12.0483380079268 12.2572047789891 12.2048643032709 12.1525238275527 12.1001833518345 12.0478428761164 11.9955024003982 11.94316192468 11.8908214489618 11.8239388942718 11.7522089799245 11.6804790655771 11.6087491512298 11.5370192368825 11.4652893225352 11.3935594081879 11.2962204297384 11.1220542589823 10.9478880882263 10.7737219174703 10.5995557467143 10.4253895759583 10.2512234052023 10.0770572344462 10.3695379972457 10.8175677378972 11.2655974785487 11.7136272192001 12.1616569598516 12.6096867005031 13.0577164411545 13.4364207983018 13.6071490049363
9.23614139027066 9.38768668174742 9.53923197322419 9.69077726470098 9.84232255617774 9.99386784765451 10.1454131391313 10.4387363354364 10.779318833351 11.1199013312657 11.4604838291803 11.8010663270949 12.1416488250096 12.4822313229242 12.7278043296601 12.6883488628599 12.6488933960596 12.6094379292593 12.5699824624591 12.5305269956588 12.4910715288585 12.4516160620583 12.3428360462188 12.2109478473663 12.0790596485138 11.9471714496612 11.8152832508087 11.6833950519562 11.5515068531036 11.4013336923388 11.1963056458367 10.9912775993347 10.7862495528328 10.5812215063307 10.3761934598287 10.1711654133267 9.96613736682472 10.2025647401809 10.5861439201566 10.9697231001324 11.3533022801081 11.7368814600838 12.1204606400596 12.5040398200353 12.8513792912166 13.0899996360143
9.1073101096683 9.30067296028135 9.4940358108944 9.68739866150748 9.88076151212053 10.0741243627336 10.2674872133467 10.6047497828801 10.989978925387 11.3752080678939 11.7604372104008 12.1456663529077 12.5308954954146 12.9161246379215 13.1984038803312 13.1718334224488 13.1452629645665 13.1186925066841 13.0921220488018 13.0655515909194 13.0389811330371 13.0124106751547 12.8617331981659 12.6696867148081 12.4776402314504 12.2855937480926 12.0935472647349 11.9015007813772 11.7094542980194 11.5064469549391 11.2705570326911 11.0346671104432 10.7987771881952 10.5628872659472 10.3269973436992 10.0911074214512 9.85521749920319 10.0355914831161 10.3547201024161 10.6738487217161 10.9929773410161 11.3121059603161 11.6312345796161 11.9503631989161 12.2663377841314 12.5728502670924
8.97847882906595 9.21365923881528 9.44883964856461 9.68402005831398 9.91920046806331 10.1543808778126 10.389561287562 10.7707632303237 11.2006390174229 11.6305148045221 12.0603905916213 12.4902663787204 12.9201421658197 13.3500179529189 13.6690034310022 13.6553179820378 13.6416325330733 13.6279470841089 13.6142616351445 13.60057618618 13.5868907372156 13.5732052882511 13.3806303501129 13.1284255822499 12.876220814387 12.624016046524 12.3718112786611 12.1196065107981 11.8674017429352 11.6115602175395 11.3448084195455 11.0780566215516 10.8113048235576 10.5445530255636 10.2778012275696 10.0110494295757 9.74429763158168 9.86861822605132 10.1232962846756 10.3779743432999 10.6326524019242 10.8873304605484 11.1420085191727 11.396686577797 11.6812962770462 12.0557008981705
8.8496475484636 9.12664551734921 9.40364348623482 9.68064145512048 9.95763942400609 10.2346373928917 10.5116353617774 10.9367766777673 11.4112991094588 11.8858215411503 12.3603439728418 12.8348664045332 13.3093888362248 13.7839112679162 14.1396029816733 14.1388025416268 14.1380021015802 14.1372016615337 14.1364012214872 14.1356007814407 14.1348003413941 14.1339999013476 13.8995275020599 13.5871644496918 13.2748013973236 12.9624383449554 12.6500752925873 12.3377122402191 12.025349187851 11.7166734801399 11.4190598063999 11.12144613266 10.82383245892 10.52621878518 10.2286051114401 9.93099143770014 9.63337776396015 9.7016449689865 9.89187246693504 10.0820999648836 10.2723274628322 10.4625549607807 10.6527824587293 10.8430099566778 11.096254769961 11.5385515292486
