data/working_set_collections/6091692-Cassins_Sparrow-MC/2015/bio14.asc
NCOLS 265 
NROWS 230 
XLLCORNER -115.5625 
YLLCORNER 24.8333333333333 
CELLSIZE 0.0833333333333333 
NODATA_value -9999 
[rows 20 to 39 of 230, columns 92 to 137 of 265]
13.3607756694157 13.4623240232467 13.5638723770777 13.6654207309087 13.7669690847397 13.7624302546183 13.7225290298462 13.682627805074 13.6427265803019 13.6028253555297 13.5629241307575 13.5230229059854 13.6819880750441 14.4375524255962 15.1931167761482 15.9486811267002 16.7042454772523 17.4598098278043 18.2153741783563 18.9709385289084 18.7946952740351 18.3078494840198 17.8210036940044 17.3341579039891 16.8473121139738 16.3604663239584 15.8736205339431 15.3241779671775 14.5869450701608 13.849712173144 13.1124792761273 12.3752463791107 11.6380134820939 10.9007805850772 10.1635476880605 9.75203934510549 9.44910585350463 9.14617236190377 8.84323887030285 8.54030537870199 8.23737188710112 7.93443839550021 7.6944775448905 7.64343461725447 7.59239168961842 7.54134876198238
13.5080339988072 13.6015111525853 13.6949883063634 13.7884654601415 13.8819426139196 13.9595174153645 14.0317914326985 14.1040654500325 14.1763394673665 14.2486134847004 14.3208875020344 14.3931615193684 14.6247242026856 15.3341528839533 16.0435815652209 16.7530102464885 17.4624389277562 18.1718676090238 18.8812962902914 19.5907249715592 19.4421696742376 19.0076197173861 18.5730697605345 18.1385198036829 17.7039698468314 17.2694198899798 16.8348699331283 16.3037317249511 15.4828287627963 14.6619258006414 13.8410228384867 13.0201198763319 12.199216914177 11.3783139520223 10.5574109898675 10.1019970814387 9.76841285758552 9.43482863373233 9.10124440987908 8.76766018602588 8.43407596217269 8.10049173831944 7.83476506604088 7.7726110484865 7.71045703093211 7.64830301337772
13.6552923281987 13.7406982819239 13.8261042356491 13.9115101893742 13.9969161430994 14.1566045761108 14.3410538355508 14.525503094991 14.709952354431 14.8944016138711 15.0788508733112 15.2633001327513 15.567460330327 16.2307533423104 16.8940463542936 17.5573393662768 18.2206323782601 18.8839253902433 19.5472184022265 20.2105114142098 20.08964407444 19.7073899507522 19.3251358270644 18.9428817033767 18.560627579689 18.1783734560012 17.7961193323134 17.2832854827245 16.3787124554317 15.4741394281387 14.5695664008459 13.6649933735531 12.7604203462601 11.8558473189673 10.9512742916745 10.4519548177719 10.0877198616664 9.72348490556086 9.35924994945528 8.99501499334976 8.63078003724423 8.26654508113864 7.97505258719126 7.90178747971852 7.82852237224578 7.75525726477305
13.8025506575902 13.8798854112625 13.9572201649348 14.034554918607 14.1118896722793 14.353691736857 14.6503162384032 14.9469407399495 15.2435652414956 15.5401897430418 15.8368142445881 16.1334387461343 16.5101964579685 17.1273538006675 17.7445111433663 18.3616684860651 18.978825828764 19.5959831714628 20.2131405141616 20.8302978568605 20.7371184746424 20.4071601841185 20.0772018935945 19.7472436030705 19.4172853125466 19.0873270220226 18.7573687314986 18.2628392404981 17.2745961480672 16.2863530556361 15.2981099632052 14.3098668707744 13.3216237783433 12.3333806859124 11.3451375934815 10.8019125541051 10.4070268657473 10.0121411773894 9.6172554890315 9.22236980067365 8.82748411231579 8.43259842395787 8.11534010834164 8.03096391095056 7.94658771355947 7.86221151616839
14.0210154533386 14.1166944821675 14.2123735109964 14.3080525398254 14.4037315686543 14.684586294492 15.0271662526659 15.3697462108399 15.7123261690139 16.0549061271878 16.3974860853618 16.7400660435358 17.1434593730501 17.7292928165859 18.3151262601215 18.9009597036572 19.486793147193 20.0726265907286 20.6584600342643 21.2442934778001 21.1946290334066 20.9331319597033 20.6716348859999 20.4101378122965 20.1486407385932 19.8871436648898 19.6256465911865 19.1654421912301 18.1091158125138 17.0527894337973 15.996463055081 14.9401366763647 13.8838102976482 12.8274839189319 11.7711575402156 11.1917561213176 10.7713296890259 10.3509032567343 9.93047682444258 9.51005039215094 9.08962395985929 8.66919752756758 8.3293613301383 8.23129583729638 8.13323034445443 8.03516485161251
14.3106867154438 14.451125494639 14.5915642738341 14.7320030530293 14.8724418322244 15.1492882490157 15.471603878339 15.7939195076623 16.1162351369857 16.438550766309 16.7608663956323 17.0831820249556 17.4672490755715 18.0365703900654 18.6058917045592 19.175213019053 19.7445343335468 20.3138556480406 20.8831769625344 21.4524982770283 21.4621757507324 21.2853052775065 21.1084348042805 20.9315643310546 20.7546938578287 20.5778233846028 20.4009529113769 19.9910943349204 18.8822714487713 17.7734485626221 16.6646256764731 15.5558027903241 14.4469799041749 13.3381570180259 12.2293341318769 11.6214855194092 11.1806283315023 10.7397711435954 10.2989139556885 9.85805676778162 9.41719957987474 8.9763423919678 8.61711625258126 8.50278325875599 8.3884502649307 8.27411727110543
14.6003579775492 14.7855565071105 14.9707550366719 15.1559535662332 15.3411520957946 15.6139902035394 15.9160415040121 16.2180928044848 16.5201441049575 16.8221954054301 17.1242467059029 17.4262980063755 17.791038778093 18.343847963545 18.8966571489969 19.4494663344488 20.0022755199007 20.5550847053527 21.1078938908046 21.6607030762566 21.7297224680582 21.6374785953098 21.5452347225613 21.4529908498128 21.3607469770643 21.2685031043158 21.1762592315673 20.8167464786107 19.655427085029 18.494107691447 17.3327882978653 16.1714689042836 15.0101495107016 13.8488301171199 12.6875107235381 12.0512149175008 11.5899269739787 11.1286390304566 10.6673510869344 10.2060631434123 9.74477519989022 9.28348725636804 8.90487117502423 8.77427068021562 8.64367018540699 8.51306969059838
14.8900292396545 15.119987519582 15.3499457995096 15.5799040794372 15.8098623593647 16.0786921580631 16.3604791296852 16.6422661013073 16.9240530729293 17.2058400445513 17.4876270161734 17.7694139877954 18.1148284806144 18.6511255370245 19.1874225934345 19.7237196498445 20.2600167062547 20.7963137626647 21.3326108190747 21.8689078754848 21.9972691853841 21.989651913113 21.982034640842 21.9744173685709 21.9668000962998 21.9591828240288 21.9515655517577 21.6423986223011 20.4285827212866 19.2147668202719 18.0009509192575 16.787135018243 15.5733191172283 14.3595032162139 13.1456873151994 12.4809443155925 11.9992256164551 11.5175069173178 11.0357882181804 10.554069519043 10.0723508199057 9.59063212076828 9.19262609746721 9.04575810167526 8.89889010588328 8.75202211009132
15.1797005017597 15.4544185320535 15.7291365623473 16.0038545926411 16.2785726229349 16.5433941125868 16.8049167553582 17.0664393981297 17.3279620409011 17.5894846836725 17.8510073264439 18.1125299692153 18.4386181831358 18.958403110504 19.4781880378722 19.9979729652403 20.5177578926085 21.0375428199767 21.5573277473448 22.077112674713 22.2648159027099 22.3418252309163 22.4188345591226 22.495843887329 22.5728532155354 22.6498625437417 22.7268718719481 22.4680507659914 21.2017383575442 19.9354259490968 18.6691135406496 17.4028011322024 16.136488723755 14.8701763153078 13.6038639068606 12.9106737136841 12.4085242589315 11.906374804179 11.4042253494263 10.9020758946737 10.3999264399211 9.89777698516849 9.48038101991016 9.31724552313487 9.15411002635954 8.99097452958424
15.469371763865 15.7888495445251 16.108327325185 16.427805105845 16.747282886505 17.0080960671106 17.2493543810313 17.4906126949521 17.7318710088729 17.9731293227936 18.2143876367144 18.4556459506352 18.7624078856573 19.2656806839836 19.7689534823099 20.2722262806361 20.7754990789624 21.2787718772887 21.782044675615 22.2853174739413 22.5323626200357 22.6939985487195 22.8556344774034 23.0172704060871 23.1789063347709 23.3405422634547 23.5021781921385 23.2937029096817 21.9748939938018 20.6560850779217 19.3372761620418 18.0184672461619 16.6996583302817 15.3808494144018 14.0620404985219 13.3404031117757 12.8178229014079 12.2952426910401 11.7726624806722 11.2500822703044 10.7275020599366 10.2049218495687 9.76813594235314 9.5887329445945 9.40932994683583 9.22992694907719
15.8933212969037 16.2510212845271 16.6087212721505 16.9664212597739 17.3241212473974 17.5812699953714 17.8049016634622 18.028533331553 18.2521649996438 18.4757966677347 18.6994283358255 18.9230600039163 19.2126583258309 19.7001566092172 20.1876548926034 20.6751531759896 21.1626514593759 21.6501497427621 22.1376480261483 22.6251463095346 22.8841752370198 23.0670477125379 23.249920188056 23.4327926635742 23.6156651390923 23.7985376146104 23.9814100901285 23.7876956409881 22.4642204178708 21.1407451947532 19.8172699716359 18.4937947485185 17.170319525401 15.8468443022836 14.5233690791663 13.7726587931316 13.2128701527914 12.6530815124513 12.0932928721111 11.5335042317709 10.9737155914308 10.4139269510906 9.9457174751494 9.75224549240541 9.55877350966139 9.36530152691739
16.4515491008757 16.8409337520598 17.2303184032438 17.6197030544279 18.009087705612 18.2629158973692 18.4715586026508 18.6802013079324 18.888844013214 19.0974867184955 19.3061294237771 19.5147721290587 19.7893695036568 20.2618308862049 20.7342922687529 21.2067536513009 21.6792150338489 22.1516764163969 22.6241377989449 23.096599181493 23.320253753662 23.4609727223713 23.6016916910807 23.74241065979 23.8831296284993 24.0238485972086 24.1645675659179 23.9500289599103 22.6697176297509 21.3894062995912 20.1090949694318 18.8287836392724 17.5484723091127 16.2681609789533 14.9878496487938 14.2074407577515 13.5936660130819 12.9798912684124 12.3661165237427 11.7523417790732 11.1385670344036 10.524792289734 10.0131256182989 9.80778316656753 9.60244071483615 9.3970982631048
17.0097769048477 17.4308462195925 17.8519155343372 18.2729848490819 18.6940541638267 18.9445617993671 19.1382155418395 19.3318692843118 19.5255230267841 19.7191767692565 19.9128305117288 20.1064842542011 20.3660806814828 20.8235051631926 21.2809296449024 21.7383541266122 22.195778608322 22.6532030900318 23.1106275717416 23.5680520534514 23.7563322703043 23.8548977322048 23.9534631941053 24.0520286560058 24.1505941179063 24.2491595798068 24.3477250417073 24.1123622788326 22.875214841631 21.6380674044293 20.4009199672278 19.1637725300262 17.9266250928245 16.6894776556229 15.4523302184214 14.6422227223715 13.9744618733725 13.3067010243735 12.6389401753744 11.9711793263754 11.3034184773765 10.6356576283774 10.0805337614484 9.86332084072966 9.64610792001092 9.42889499929221
17.5680047088198 18.0207586871252 18.4735126654306 18.9262666437359 19.3790206220414 19.626207701365 19.8048724810281 19.9835372606912 20.1622020403543 20.3408668200174 20.5195315996805 20.6981963793436 20.9427918593087 21.3851794401803 21.8275670210519 22.2699546019235 22.7123421827951 23.1547297636667 23.5971173445382 24.0395049254098 24.1924107869466 24.2488227420382 24.3052346971299 24.3616466522216 24.4180586073133 24.474470562405 24.5308825174967 24.2746955977548 23.0807120535112 21.8867285092673 20.6927449650237 19.4987614207801 18.3047778765362 17.1107943322926 15.9168107880489 15.0770046869914 14.355257733663 13.6335107803346 12.9117638270061 12.1900168736777 11.4682699203493 10.7465229670208 10.1479419045979 9.91885851489179 9.68977512518568 9.46069173547962
18.1262325127917 18.6106711546578 19.0951097965239 19.5795484383899 20.063987080256 20.3078536033629 20.4715294202167 20.6352052370706 20.7988810539244 20.9625568707783 21.1262326876321 21.289908504486 21.5195030371346 21.946853717168 22.3742043972014 22.8015550772347 23.2289057572681 23.6562564373015 24.0836071173348 24.5109577973682 24.6284893035888 24.6427477518717 24.6570062001546 24.6712646484374 24.6855230967203 24.6997815450032 24.7140399932861 24.4370289166771 23.2862092653913 22.1353896141054 20.9845699628196 19.8337503115339 18.6829306602479 17.5321110089622 16.3812913576764 15.5117866516114 14.7360535939536 13.9603205362957 13.1845874786378 12.40885442098 11.6331213633221 10.8573883056642 10.2153500477473 9.97439618905391 9.73344233036045 9.49248847166702
18.6844603167638 19.2005836221905 19.7167069276172 20.2328302330439 20.7489535384706 20.9894995053608 21.1381863594054 21.28687321345 21.4355600674946 21.5842469215392 21.7329337755838 21.8816206296284 22.0962142149606 22.5085279941558 22.9208417733509 23.333155552546 23.7454693317412 24.1577831109363 24.5700968901315 24.9824106693267 25.0645678202311 25.0366727617051 25.0087777031792 24.9808826446533 24.9529875861274 24.9250925276014 24.8971974690755 24.5993622355993 23.4917064772715 22.3840507189434 21.2763949606156 20.1687392022877 19.0610834439597 17.9534276856318 16.845771927304 15.9465686162314 15.1168494542441 14.2871302922569 13.4574111302695 12.6276919682822 11.797972806295 10.9682536443076 10.2827581908968 10.029933863216 9.77710953553521 9.52428520785443
19.3634390036263 19.8980106512704 20.4325822989144 20.9671539465584 21.5017255942025 21.7287622292835 21.8532871935102 21.9778121577368 22.1023371219634 22.22686208619 22.3513870504166 22.4759120146433 22.6710657861496 23.0781059794955 23.4851461728413 23.892186366187 24.2992265595329 24.7062667528787 25.1133069462245 25.5203471395703 25.5518442789713 25.4581604003906 25.3644765218099 25.2707926432292 25.1771087646484 25.0834248860677 24.989741007487 24.6546743392947 23.5954593022667 22.5362442652386 21.4770292282107 20.4178141911827 19.3585991541546 18.2993841171267 17.2401690800987 16.3096847375235 15.4221106264328 14.5345365153421 13.6469624042512 12.7593882931605 11.8718141820698 10.984240070979 10.2529943267505 9.99073368310937 9.72847303946819 9.46621239582705
20.1631685733793 20.7029522418974 21.2427359104154 21.7825195789335 22.3223032474516 22.5256417751311 22.616831922531 22.7080220699309 22.7992122173308 22.8904023647307 22.9815925121306 23.0727826595305 23.2440577507017 23.6555876731871 24.0671175956724 24.4786475181578 24.8901774406432 25.3017073631285 25.7132372856138 26.1247672080992 26.0903186798095 25.907210667928 25.7241026560465 25.540994644165 25.3578866322835 25.174778620402 24.9916706085205 24.6029652277631 23.5974677403771 22.5919702529909 21.5864727656049 20.5809752782188 19.5754777908327 18.5699803034466 17.5644828160606 16.6011350154878 15.6518371105196 14.7025392055514 13.753241300583 12.8039433956148 11.8546454906466 10.9053475856783 10.1260584553084 9.85679564873388 9.58753284215934 9.31827003558485
20.9628981431323 21.5078938325244 22.0528895219165 22.5978852113086 23.1428809007007 23.3225213209787 23.3803766515519 23.4382319821251 23.4960873126983 23.5539426432714 23.6117979738446 23.6696533044178 23.8170497152539 24.2330693668788 24.6490890185037 25.0651086701285 25.4811283217535 25.8971479733783 26.3131676250032 26.7291872766282 26.6287930806478 26.3562609354655 26.0837287902832 25.8111966451009 25.5386644999187 25.2661323547363 24.9936002095541 24.5512561162315 23.5994761784874 22.6476962407432 21.6959163029991 20.744136365255 19.7923564275107 18.8405764897666 17.8887965520225 16.8925852934521 15.8815635946064 14.8705418957607 13.8595201969148 12.8484984980691 11.8374767992234 10.8264551003776 9.9991225838662 9.72285761435836 9.44659264485048 9.17032767534264
21.7626277128853 22.3128354231515 22.8630431334176 23.4132508436837 23.9634585539498 24.1194008668263 24.1439213805728 24.1684418943192 24.1929624080657 24.2174829218122 24.2420034355587 24.2665239493051 24.390041679806 24.8105510605705 25.2310604413349 25.6515698220993 26.0720792028638 26.4925885836282 26.9130979643926 27.3336073451571 27.167267481486 26.805311203003 26.4433549245199 26.0813986460368 25.7194423675538 25.3574860890707 24.9955298105876 24.4995470046999 23.6014846165977 22.7034222284954 21.8053598403933 20.9072974522911 20.0092350641888 19.1111726760866 18.2131102879844 17.1840355714164 16.1112900786932 15.03854458597 13.9657990932466 12.8930536005234 11.8203081078003 10.7475626150769 9.87218671242404 9.58891957998286 9.30565244754162 9.02238531510043
