data/working_set_collections/6091692-Cassins_Sparrow-MC/2015/bio18.asc
NCOLS 265 
NROWS 230 
XLLCORNER -115.5625 
YLLCORNER 24.8333333333333 
CELLSIZE 0.0833333333333333 
NODATA_value -9999 
[rows 40 to 59 of 230, columns 0 to 45 of 265]
35.6072440147401 35.5055315971375 35.403819179535 35.3021067619325 35.2003943443299 35.0986819267274 34.9969695091248 34.7891622543336 34.5459900538128 34.3028178532919 34.0596456527711 33.8164734522503 33.5733012517294 33.3301290512086 33.0887342929841 32.8526718616486 32.6166094303132 32.3805469989777 32.1444845676422 31.9084221363068 31.6723597049713 31.4362972736358 32.1581465244291 33.1992996692654 34.240452814102 35.2816059589383 36.3227591037747 37.3639122486112 38.4050653934476 39.5484213829036 40.9983859062191 42.4483504295345 43.8983149528498 45.3482794761654 46.7982439994808 48.2482085227961 49.6981730461117 50.6865761756894 51.5211255073544 52.3556748390195 53.1902241706845 54.0247735023495 54.8593228340146 55.6938721656796 56.3727328300474 56.584527492523
35.2539588610332 35.1380682309469 35.0221776008607 34.9062869707744 34.7903963406881 34.6745057106019 34.5586150805156 34.3590125401816 34.1315060297649 33.9039995193482 33.6764930089316 33.4489864985149 33.2214799880982 32.9939734776816 32.7886886967554 32.6500691043006 32.5114495118459 32.3728299193912 32.2342103269365 32.0955907344818 31.9569711420271 31.8183515495724 32.6180137157438 33.7304364681241 34.8428592205046 35.9552819728848 37.0677047252651 38.1801274776456 39.2925502300259 40.4950392511151 41.9677270783315 43.4404149055477 44.9131027327639 46.3857905599803 47.8584783871965 49.3311662144126 50.803854041629 51.7757901827491 52.5808090951704 53.3858280075919 54.1908469200132 54.9958658324344 55.8008847448559 56.6059036572772 57.2619755321077 57.4712062941656
35.0011254946391 34.8810470898947 34.7609686851502 34.6408902804057 34.5208118756613 34.4007334709168 34.2806550661723 34.1489536921184 34.0133779949612 33.8778022978041 33.7422266006469 33.6066509034898 33.4710752063327 33.3354995091755 33.213817140791 33.1338147587245 33.053812376658 32.9738099945915 32.893807612525 32.8138052304584 32.7338028483919 32.6538004663254 33.4447246233619 34.5259576267663 35.6071906301708 36.6884236335752 37.7696566369795 38.8508896403841 39.9321226437884 41.0962911499868 42.5092661645676 43.9222411791481 45.3352161937287 46.7481912083095 48.16116622289 49.5741412374706 50.9871162520514 51.9539740244547 52.7721260494655 53.5902780744764 54.4084300994872 55.226582124498 56.044734149509 56.8628861745198 57.5126027213203 57.6570128334893
34.8487439155579 34.7344681739808 34.6201924324036 34.5059166908265 34.3916409492493 34.2773652076722 34.163089466095 34.158985710144 34.1916059494018 34.2242261886596 34.2568464279174 34.2894666671752 34.322086906433 34.3547071456907 34.3641196250914 34.3039088249205 34.2436980247496 34.1834872245787 34.1232764244078 34.0630656242369 34.002854824066 33.942644023895 34.6382792472836 35.5858631451921 36.5334470431007 37.4810309410092 38.4286148389177 39.3761987368264 40.3237826347349 41.3521770795183 42.623003164927 43.8938292503355 45.164655335744 46.4354814211527 47.7063075065611 48.9771335919696 50.2479596773783 51.2211277008056 52.0950763702392 52.9690250396729 53.8429737091064 54.7169223785399 55.5908710479736 56.4648197174072 57.1246143976848 57.1419471104941
34.6963623364767 34.5878892580669 34.479416179657 34.3709431012472 34.2624700228374 34.1539969444275 34.0455238660177 34.1690177281697 34.3698339038424 34.5706500795152 34.7714662551879 34.9722824308606 35.1730986065333 35.373914782206 35.5144221093918 35.4740028911165 35.4335836728412 35.393164454566 35.3527452362907 35.3123260180154 35.2719067997401 35.2314875814648 35.8318338712053 36.645768663618 37.4597034560307 38.2736382484433 39.087573040856 39.9015078332687 40.7154426256814 41.6080630090499 42.7367401652864 43.8654173215228 44.9940944777592 46.1227716339958 47.2514487902322 48.3801259464686 49.5088031027052 50.4882813771565 51.4180266910128 52.3477720048692 53.2775173187255 54.2072626325818 55.1370079464382 56.0667532602945 56.7366260740493 56.6268813874987
34.5439807573955 34.4413103421529 34.3386399269104 34.2359695116679 34.1332990964254 34.0306286811829 33.9279582659404 34.1790497461954 34.548061858283 34.9170739703707 35.2860860824584 35.655098194546 36.0241103066337 36.3931224187213 36.6647245936922 36.6440969573126 36.6234693209329 36.6028416845532 36.5822140481736 36.5615864117939 36.5409587754142 36.5203311390346 37.0253884951271 37.7056741820439 38.3859598689607 39.0662455558775 39.7465312427942 40.4268169297111 41.1071026166279 41.8639489385814 42.8504771656459 43.8370053927102 44.8235336197745 45.810061846839 46.7965900739033 47.7831183009676 48.7696465280321 49.7554350535074 50.7409770117864 51.7265189700656 52.7120609283446 53.6976028866236 54.6831448449028 55.6686868031818 56.3486377504138 56.1118156645034
34.3915991783142 34.2947314262391 34.1978636741639 34.1009959220887 34.0041281700135 33.9072604179383 33.8103926658631 34.1890817642211 34.7262898127236 35.2634978612263 35.8007059097288 36.3379139582314 36.875122006734 37.4123300552366 37.8150270779926 37.8141910235085 37.8133549690245 37.8125189145404 37.8116828600564 37.8108468055723 37.8100107510882 37.8091746966042 38.2189431190488 38.7655797004697 39.3122162818906 39.8588528633115 40.4054894447324 40.9521260261534 41.4987626075743 42.119834868113 42.9642141660053 43.8085934638976 44.6529727617898 45.4973520596822 46.3417313575744 47.1861106554666 48.030489953359 49.0225887298583 50.0639273325601 51.105265935262 52.1466045379638 53.1879431406655 54.2292817433675 55.2706203460692 55.9606494267783 55.5967499415081
34.239217599233 34.1481525103251 34.0570874214173 33.9660223325094 33.8749572436015 33.7838921546936 33.6928270657858 34.1991137822468 34.9045177671643 35.6099217520818 36.3153257369993 37.0207297219168 37.7261337068344 38.4315376917518 38.965329562293 38.9842850897046 39.0032406171161 39.0221961445277 39.0411516719392 39.0601071993508 39.0790627267624 39.0980182541739 39.4124977429705 39.8254852188956 40.2384726948207 40.6514601707457 41.0644476466707 41.4774351225958 41.8904225985208 42.3757207976445 43.0779511663648 43.7801815350849 44.4824119038051 45.1846422725253 45.8868726412455 46.5891030099656 47.2913333786859 48.2897424062092 49.3868776533337 50.4840129004584 51.5811481475829 52.6782833947074 53.7754186418321 54.8725538889566 55.5726611031428 55.0816842185128
34.622922208574 34.556816514333 34.490710820092 34.424605125851 34.35849943161 34.292393737369 34.226288043128 34.8138462384539 35.6192923969689 36.4247385554841 37.2301847139991 38.0356308725142 38.8410770310293 39.6465231895444 40.2542521476744 40.2688295046487 40.283406861623 40.2979842185973 40.3125615755716 40.3271389325458 40.3417162895201 40.3562936464944 40.5453467686969 40.7925584793089 41.039770189921 41.286981900533 41.5341936111449 41.781405321757 42.028617032369 42.3605364057752 42.9465787675645 43.5326211293538 44.118663491143 44.7047058529324 45.2907482147217 45.8767905765109 46.4628329383003 47.4864758173624 48.6559855355155 49.8254952536688 50.995004971822 52.1645146899751 53.3340244081284 54.5035341262816 55.2565373526681 54.7600211037531
35.5427130063373 35.5207234382628 35.4987338701882 35.4767443021137 35.4547547340391 35.4327651659646 35.41077559789 36.0332791328427 36.8706137021379 37.7079482714332 38.5452828407284 39.3826174100236 40.2199519793189 41.0572865486141 41.6817948341367 41.6678242683408 41.6538537025449 41.639883136749 41.6259125709531 41.6119420051573 41.5979714393614 41.5840008735655 41.6174901962278 41.6667994817096 41.7161087671915 41.7654180526733 41.814727338155 41.8640366236369 41.9133459091187 42.0742816925048 42.5700969696045 43.0659122467041 43.5617275238037 44.0575428009034 44.553358078003 45.0491733551026 45.5449886322022 46.6127889633178 47.8712509791055 49.1297129948934 50.388175010681 51.6466370264687 52.9050990422566 54.1635610580443 55.0122781753541 54.6317605972291
36.4625038041007 36.4846303621926 36.5067569202845 36.5288834783764 36.5510100364683 36.5731365945602 36.5952631526521 37.2527120272315 38.1219350073069 38.9911579873824 39.8603809674578 40.7296039475331 41.5988269276086 42.468049907684 43.1093375205992 43.0668190320331 43.024300543467 42.9817820549009 42.9392635663349 42.8967450777688 42.8542265892027 42.8117081006366 42.6896336237588 42.5410404841104 42.392447344462 42.2438542048136 42.0952610651652 41.9466679255168 41.7980747858684 41.7880269792344 42.1936151716444 42.5992033640544 43.0047915564643 43.4103797488743 43.8159679412842 44.2215561336942 44.6271443261041 45.7391021092732 47.0865164226954 48.4339307361178 49.78134504954 51.1287593629623 52.4761736763847 53.823587989807 54.7680189980402 54.5035000907051
37.3822946018642 37.4485372861225 37.5147799703809 37.5810226546392 37.6472653388976 37.7135080231559 37.7797507074143 38.4721449216204 39.3732563124759 40.2743677033316 41.1754790941871 42.0765904850426 42.9777018758983 43.8788132667538 44.5368802070616 44.4658137957254 44.3947473843891 44.3236809730528 44.2526145617166 44.1815481503803 44.1104817390441 44.0394153277078 43.7617770512898 43.4152814865112 43.0687859217325 42.722290356954 42.3757947921753 42.0292992273967 41.6828036626181 41.501772265964 41.8171333736844 42.1324944814046 42.4478555891249 42.7632166968452 43.0785778045655 43.3939389122857 43.709300020006 44.8654152552285 46.3017818662853 47.7381484773423 49.1745150883991 50.6108816994558 52.0472483105128 53.4836149215696 54.5237598207262 54.3752395841811
38.3020853996275 38.4124442100523 38.5228030204771 38.6331618309019 38.7435206413267 38.8538794517515 38.9642382621763 39.6915778160092 40.6245776176448 41.5575774192807 42.4905772209164 43.423577022552 44.3565768241879 45.2895766258236 45.9644228935239 45.8648085594175 45.7651942253111 45.6655798912046 45.5659655570982 45.4663512229917 45.3667368888853 45.2671225547789 44.8339204788207 44.2895224889119 43.745124499003 43.2007265090943 42.6563285191855 42.1119305292766 41.5675325393678 41.2155175526937 41.4406515757243 41.6657855987549 41.8909196217855 42.1160536448162 42.3411876678468 42.5663216908774 42.791455713908 43.991728401184 45.5170473098753 47.0423662185668 48.5676851272582 50.0930040359495 51.618322944641 53.1436418533323 54.2795006434123 54.2469790776571
39.2218761973909 39.3763511339822 39.5308260705734 39.6853010071647 39.8397759437559 39.9942508803472 40.1487258169384 40.911010710398 41.8758989228139 42.8407871352299 43.8056753476457 44.7705635600616 45.7354517724776 46.7003399848934 47.3919655799864 47.2638033231098 47.1356410662331 47.0074788093565 46.8793165524799 46.7511542956033 46.6229920387267 46.49482978185 45.9060639063517 45.1637634913127 44.4214630762736 43.6791626612346 42.9368622461956 42.1945618311565 41.4522614161175 40.9292628394233 41.0641697777642 41.1990767161052 41.3339836544461 41.4688905927871 41.603797531128 41.738704469469 41.8736114078099 43.1180415471393 44.7323127534652 46.3465839597913 47.9608551661172 49.575126372443 51.1893975787691 52.803668785095 54.0352414660984 54.1187185711331
39.2443979051379 39.4865531921387 39.7287084791396 39.9708637661404 40.2130190531413 40.4551743401421 40.697329627143 41.5198116938271 42.5357360204058 43.5516603469847 44.5675846735634 45.5835090001422 46.599433326721 47.6153576532997 48.3481246524387 48.2314196692572 48.1147146860758 47.9980097028944 47.8813047197129 47.7645997365315 47.6478947533501 47.5311897701686 46.8654062271119 46.0165964974298 45.1677867677477 44.3189770380656 43.4701673083836 42.6213575787014 41.7725478490194 41.1663583331637 41.2880294587876 41.4097005844115 41.5313717100354 41.6530428356593 41.7747139612832 41.8963850869071 42.018056212531 43.2397792498267 44.8281862576798 46.4165932655332 48.0050002733863 49.5934072812394 51.1818142890928 52.7702212969459 54.006124443478 54.1845160060458
38.3696505228679 38.7430503845215 39.1164502461751 39.4898501078288 39.8632499694824 40.236649831136 40.6100496927897 41.5179807662962 42.6040889104205 43.6901970545449 44.7763051986692 45.8624133427935 46.948521486918 48.0346296310422 48.8329001108805 48.7676575978596 48.7024150848388 48.6371725718179 48.5719300587971 48.5066875457763 48.4414450327554 48.3762025197346 47.7119474411011 46.8480215072632 45.9840955734253 45.1201696395874 44.2562437057496 43.3923177719116 42.5283918380738 41.926804033915 42.1122306187946 42.2976572036741 42.4830837885537 42.6685103734332 42.8539369583128 43.0393635431923 43.2247901280719 44.3569415092464 45.8046678225194 47.2523941357927 48.7001204490658 50.1478467623388 51.5955730756122 53.0432993888852 54.1921495755513 54.4443713823954
37.4949031405979 37.9995475769043 38.5041920132107 39.0088364495172 39.5134808858235 40.0181253221299 40.5227697584364 41.5161498387653 42.6724418004351 43.8287337621052 44.985025723775 46.1413176854448 47.2976096471149 48.4539016087847 49.3176755693223 49.3038955264621 49.2901154836018 49.2763354407416 49.2625553978813 49.248775355021 49.2349953121608 49.2212152693006 48.5584886550904 47.6794465170967 46.8004043791029 45.9213622411093 45.0423201031156 44.1632779651218 43.2842358271281 42.6872497346664 42.9364317788017 43.1856138229368 43.434795867072 43.6839779112072 43.9331599553424 44.1823419994776 44.4315240436128 45.4741037686662 46.7811493873592 48.0881950060524 49.3952406247454 50.7022862434383 52.0093318621315 53.3163774808245 54.3781747076246 54.7042267587449
36.6201557583279 37.2560447692871 37.8919337802462 38.5278227912055 39.1637118021646 39.7996008131238 40.4354898240831 41.5143189112343 42.7407946904497 43.9672704696654 45.1937462488808 46.4202220280962 47.6466978073118 48.8731735865273 49.8024510277641 49.8401334550645 49.8778158823648 49.9154983096652 49.9531807369655 49.9908631642659 50.0285455915662 50.0662280188665 49.4050298690796 48.5108715269302 47.6167131847806 46.7225548426311 45.8283965004816 44.934238158332 44.0400798161825 43.4476954354179 43.7606329388087 44.0735704421996 44.3865079455904 44.6994454489812 45.0123829523721 45.3253204557629 45.6382579591537 46.591266028086 47.7576309521989 48.923995876312 50.0903608004249 51.2567257245378 52.4230906486509 53.5894555727639 54.5641998396978 54.9640821350945
35.745408376058 36.5125419616699 37.2796755472818 38.0468091328939 38.8139427185058 39.5810763041177 40.3482098897297 41.5124879837034 42.8091475804644 44.1058071772256 45.4024667739866 46.6991263707475 47.9957859675087 49.2924455642697 50.287226486206 50.3763713836669 50.4655162811278 50.5546611785887 50.6438060760497 50.7329509735106 50.8220958709715 50.9112407684325 50.2515710830689 49.3422965367636 48.4330219904581 47.5237474441529 46.6144728978476 45.7051983515421 44.7959238052368 44.2081411361692 44.5848340988157 44.9615270614622 45.3382200241086 45.7149129867552 46.0916059494016 46.4682989120481 46.8449918746946 47.7084282875057 48.7341125170386 49.7597967465716 50.7854809761044 51.8111652056373 52.8368494351703 53.8625336647032 54.7502249717711 55.223937511444
34.870660993788 35.7690391540527 36.6674173143174 37.5657954745822 38.4641736348469 39.3625517951116 40.2609299553764 41.5106570561725 42.877500470479 44.2443438847858 45.6111872990924 46.9780307133989 48.3448741277057 49.7117175420122 50.7720019446478 50.9126093122693 51.0532166798908 51.1938240475124 51.3344314151339 51.4750387827554 51.6156461503769 51.7562535179985 51.0981122970581 50.173721546597 49.2493307961358 48.3249400456747 47.4005492952136 46.4761585447523 45.5517677942912 44.9685868369206 45.4090352588228 45.8494836807249 46.289932102627 46.7303805245292 47.1708289464313 47.6112773683333 48.0517257902355 48.8255905469256 49.7105940818783 50.5955976168312 51.480601151784 52.3656046867368 53.2506082216897 54.1356117566425 54.9362501038444 55.4837928877936
