data/working_set_collections/6091692-Cassins_Sparrow-MC/2015/bio14.asc
NCOLS 265 
NROWS 230 
XLLCORNER -115.5625 
YLLCORNER 24.8333333333333 
CELLSIZE 0.0833333333333333 
NODATA_value -9999 
[rows 180 to 199 of 230, columns 184 to 229 of 265]
16.059468460083 16.8387410905626 17.6180137210421 18.5321576754252 19.4912587377759 20.4503598001267 21.4094608624776 22.3685619248283 23.3276629871791 24.28676404953 25.2574210060966 26.262745645311 27.2680702845255 28.2733949237398 29.2787195629542 30.2840442021687 31.2893688413831 32.2946934805974 32.6235378265381 32.7268887413873 32.8302396562364 32.9335905710855 33.0369414859347 33.1402924007838 33.243643315633 33.3884500715465 33.6576243506535 33.9267986297606 34.1959729088676 34.4651471879746 34.7343214670816 35.0034957461886 35.2726700252956 35.2798971494039 35.1998085551792 35.1197199609544 35.0396313667297 34.9595427725049 34.8794541782802 34.7993655840554 35.0885029686817 36.4853182898622 37.8821336110429 39.2789489322234 40.6757642534039 42.0725795745846
15.537462234497 16.2493432362874 16.9612242380777 17.8680294990539 18.8398095130919 19.81158952713 20.7833695411682 21.7551495552062 22.7269295692442 23.6987095832824 24.6839907964069 25.709775606791 26.7355604171752 27.7613452275593 28.7871300379433 29.8129148483275 30.8386996587116 31.8644844690957 32.3317478179932 32.6128373463948 32.8939268747965 33.1750164031982 33.4561059315998 33.7371954600014 34.0182849884031 34.2593029022215 34.3801059722899 34.5009090423583 34.6217121124267 34.742515182495 34.8633182525634 34.9841213226318 35.1049243927002 35.1814318656921 35.2431741396586 35.304916413625 35.3666586875915 35.4284009615579 35.4901432355244 35.5518855094908 35.9307292938228 37.2608776092524 38.5910259246823 39.9211742401119 41.2513225555415 42.5814708709714
15.0154560089111 15.6599453820122 16.3044347551133 17.2039013226826 18.1883602884079 19.1728192541332 20.1572782198587 21.141737185584 22.1261961513094 23.1106551170348 24.1105605867172 25.156805568271 26.2030505498249 27.2492955313787 28.2955405129324 29.3417854944864 30.3880304760401 31.4342754575939 32.0399578094482 32.4987859514024 32.9576140933565 33.4164422353108 33.8752703772649 34.3340985192191 34.7929266611733 35.1301557328965 35.1025875939262 35.075019454956 35.0474513159857 35.0198831770155 34.9923150380452 34.964746899075 34.9371787601047 35.0829665819804 35.286539724138 35.4901128662956 35.6936860084533 35.8972591506109 36.1008322927685 36.3044054349262 36.7729556189639 38.0364369286427 39.2999182383216 40.5633995480004 41.8268808576791 43.0903621673581
14.4934497833252 15.0705475277371 15.6476452721489 16.5397731463114 17.536911063724 18.5340489811366 19.5311868985494 20.5283248159619 21.5254627333745 22.5226006507873 23.5371303770276 24.6038355297511 25.6705406824747 26.7372458351982 27.8039509879216 28.8706561406453 29.9373612933687 31.0040664460922 31.7481678009033 32.3847345564099 33.0213013119166 33.6578680674234 34.29443482293 34.9310015784367 35.5675683339434 36.0010085635714 35.8250692155625 35.6491298675536 35.4731905195448 35.2972511715359 35.121311823527 34.9453724755182 34.7694331275093 34.9845012982686 35.3299053086174 35.6753093189662 36.0207133293151 36.3661173396639 36.7115213500127 37.0569253603615 37.6151819441049 38.8119962480328 40.0088105519609 41.2056248558888 42.4024391598167 43.5992534637448
13.9714435577393 14.4811496734619 14.9908557891845 15.8756449699401 16.88546183904 17.8952787081399 18.9050955772399 19.9149124463398 20.9247293154397 21.9345461845397 22.9637001673379 24.0508654912311 25.1380308151244 26.2251961390176 27.3123614629107 28.3995267868041 29.4866921106973 30.5738574345904 31.4563777923583 32.2706831614175 33.0849885304767 33.899293899536 34.7135992685951 35.5279046376543 36.3422100067136 36.8718613942463 36.5475508371989 36.2232402801513 35.8989297231038 35.5746191660564 35.2503086090088 34.9259980519613 34.6016874949139 34.8860360145568 35.3732708930968 35.8605057716368 36.3477406501769 36.8349755287169 37.3222104072568 37.8094452857969 38.457408269246 39.587555567423 40.7177028656003 41.8478501637773 42.9779974619543 44.1081447601316
13.4494373321533 13.8917518191867 14.3340663062201 15.2115167935688 16.234012614356 17.2565084351432 18.2790042559305 19.3015000767177 20.3239958975048 21.3464917182921 22.3902699576482 23.4978954527111 24.6055209477741 25.713146442837 26.8207719378999 27.9283974329629 29.0360229280258 30.1436484230887 31.1645877838134 32.156631766425 33.1486757490367 34.1407197316486 35.1327637142602 36.1248076968719 37.1168516794838 37.7427142249213 37.2700324588352 36.797350692749 36.3246689266629 35.8519871605768 35.3793053944906 34.9066236284045 34.4339418623184 34.787570730845 35.4166364775762 36.0457022243074 36.6747679710387 37.3038337177698 37.932899464501 38.5619652112323 39.2996345943871 40.3631148868133 41.4265951792396 42.4900754716658 43.553555764092 -9999
12.8969698826472 13.279975798395 13.6629817141427 14.5068136930465 15.5042543596691 16.5016950262916 17.4991356929143 18.4965763595369 19.4940170261594 20.4914576927821 21.5152668688032 22.61818157302 23.721096277237 24.8240109814538 25.9269256856706 27.0298403898876 28.1327550941044 29.2356697983212 30.3184186299643 31.3944455040826 32.4704723782009 33.5464992523194 34.6225261264378 35.6985530005561 36.7745798746746 37.4464500586196 36.9058501720433 36.3652502854669 35.8246503988906 35.2840505123143 34.7434506257379 34.2028507391616 33.6622508525853 34.0875645319622 34.8348493999906 35.5821342680189 36.3294191360474 37.0767040040758 37.8239888721042 38.5712737401327 39.3950507905747 40.448304388258 41.5015579859415 42.5548115836248 43.6080651813081 44.6613187789916
12.3140412092209 12.6458216110866 12.9776020129522 13.7615356683731 14.6961870749791 15.6308384815851 16.5654898881912 17.5001412947972 18.4347927014032 19.3694441080094 20.3386909008026 21.4117238521575 22.4847568035126 23.5577897548675 24.6308227062224 25.7038556575776 26.7768886089325 27.8499215602874 28.9178703308106 29.9841243743896 31.0503784179687 32.1166324615479 33.182886505127 34.249140548706 35.3153945922852 35.9830688953403 35.4550039768223 34.9269390583042 34.3988741397861 33.8708092212681 33.34274430275 32.8146793842319 32.2866144657139 32.7860174179078 33.6279096603394 34.4698019027709 35.3116941452027 36.1535863876342 36.9954786300658 37.8373708724975 38.7436568578083 39.8431240717568 40.9425912857055 42.042058499654 43.1415257136025 -9999
11.7311125357946 12.0116674237781 12.2922223117617 13.0162576436996 13.8881197902891 14.7599819368785 15.6318440834681 16.5037062300576 17.375568376647 18.2474305232366 19.1621149328019 20.205266131295 21.2484173297882 22.2915685282813 23.3347197267743 24.3778709252675 25.4210221237606 26.4641733222537 27.5173220316569 28.5738032446967 29.6302844577364 30.6867656707764 31.7432468838162 32.7997280968559 33.8562093098959 34.5196877320611 34.0041577816013 33.4886278311414 32.9730978806817 32.4575679302219 31.942037979762 31.4265080293023 30.9109780788425 31.4844703038534 32.4209699206882 33.3574695375229 34.2939691543579 35.2304687711927 36.1669683880275 37.1034680048624 38.0922629250419 39.2379437552556 40.3836245854694 41.5293054156831 42.6749862458968 -9999
11.1481838623683 11.3775132364698 11.6068426105712 12.2709796190262 13.0800525055991 13.889125392172 14.6981982787451 15.507271165318 16.3163440518909 17.1254169384639 17.9855389648014 18.9988084104326 20.0120778560639 21.0253473016951 22.0386167473263 23.0518861929577 24.0651556385888 25.07842508422 26.1167737325034 27.1634821150038 28.2101904975043 29.256898880005 30.3036072625055 31.350315645006 32.3970240275066 33.0563065687819 32.5533115863804 32.0503166039788 31.5473216215773 31.0443266391758 30.5413316567743 30.0383366743727 29.5353416919712 30.1829231897991 31.2140301810371 32.245137172275 33.2762441635132 34.3073511547512 35.3384581459892 36.3695651372273 37.4408689922755 38.6327634387544 39.8246578852335 -9999 -9999 -9999
10.565255188942 10.7433590491613 10.9214629093807 11.5257015943527 12.2719852209091 13.0182688474655 13.7645524740219 14.5108361005783 15.2571197271347 16.0034033536912 16.8089629968007 17.79235068957 18.7757383823395 19.7591260751088 20.7425137678782 21.7259014606476 22.709289153417 23.6926768461863 24.7162254333497 25.7531609853109 26.7900965372721 27.8270320892335 28.8639676411947 29.9009031931559 30.9378387451173 31.5929254055027 31.1024653911594 30.6120053768161 30.1215453624729 29.6310853481297 29.1406253337863 28.6501653194431 28.1597053050999 28.8813760757447 30.0070904413859 31.1328048070271 32.2585191726684 33.3842335383096 34.5099479039508 35.6356622695922 36.7894750595091 38.0275831222532 -9999 -9999 -9999 -9999
9.98232651551571 10.1092048618529 10.2360832081901 10.7804235696793 11.4639179362191 12.1474123027589 12.8309066692988 13.5144010358386 14.1978954023785 14.8813897689184 15.6323870288001 16.5858929687075 17.5393989086151 18.4929048485226 19.44641078843 20.3999167283376 21.3534226682451 22.3069286081525 23.315677134196 24.3428398556179 25.3700025770398 26.3971652984619 27.4243280198839 28.4514907413058 29.4786534627279 30.1295442422234 29.6516191959385 29.1736941496534 28.6957691033684 28.2178440570835 27.7399190107984 27.2619939645135 26.7840689182285 27.5798289616902 28.8001507017347 30.0204724417791 31.2407941818237 32.4611159218681 -9999 -9999 -9999 -9999 -9999 -9999 -9999 -9999
9.45487066109983 9.55048625999034 9.64610185888086 10.150937751929 10.7921804096963 11.4334230674637 12.0746657252312 12.7159083829985 13.3571510407659 13.9983936985334 14.7139222330516 15.6523083978228 16.5906945625941 17.5290807273652 18.4674668921363 19.4058530569076 20.3442392216788 21.2826253864499 22.2840558369954 23.3065010494655 24.3289462619356 25.3513914744059 26.373836686876 27.3962818993461 28.4187271118164 29.0680355177988 28.5979335043168 28.1278314908348 27.6577294773528 27.1876274638708 26.7175254503888 26.2474234369068 25.7773214234249 26.6098676999409 27.8766300731233 29.1433924463058 30.4101548194884 31.6769171926709 -9999 -9999 -9999 -9999 -9999 -9999 -9999 -9999
8.98288762569434 9.06720324357357 9.1515188614528 9.63724414110182 10.2567726413408 10.8763011415799 11.495829641819 12.115358142058 12.734886642297 13.3544151425362 14.0535686095555 14.9915969769158 15.9296253442764 16.8676537116368 17.8056820789971 18.7437104463577 19.6817388137181 20.6197671810784 21.621361541748 22.6441445668537 23.6669275919595 24.6897106170654 25.7124936421711 26.7352766672768 27.7580596923828 28.4083992322288 27.9414083162946 27.4744174003603 27.0074264844261 26.5404355684919 26.0734446525576 25.6064537366233 25.1394628206891 25.9714922904967 27.236528555552 28.5015648206073 29.7666010856627 -9999 -9999 -9999 -9999 -9999 -9999 -9999 -9999 -9999
8.51090459028885 8.5839202271568 8.65693586402474 9.12355053027468 9.72136487298536 10.319179215696 10.9169935584068 11.5148079011175 12.1126222438282 12.7104365865389 13.3932149860593 14.3308855560089 15.2685561259587 16.2062266959083 17.1438972658579 18.0815678358077 19.0192384057574 19.956908975707 20.9586672465006 21.9817880842419 23.0049089219833 24.0280297597249 25.0511505974662 26.0742714352076 27.0973922729491 27.7487629466589 27.2848831282724 26.8210033098858 26.3571234914994 25.8932436731129 25.4293638547263 24.9654840363399 24.5016042179534 25.3331168810525 26.5964270379806 27.8597371949087 -9999 -9999 -9999 -9999 -9999 -9999 -9999 -9999 -9999 -9999
8.0389215548834 8.10063721074006 8.16235286659673 8.60985691944759 9.18595710462992 9.76205728981225 10.3381574749947 10.914257660177 11.4903578453593 12.0664580305418 12.7328613625632 13.670174135102 14.6074869076411 15.5447996801799 16.4821124527188 17.4194252252578 18.3567379977967 19.2940507703356 20.2959729512532 21.3194316016302 22.3428902520072 23.3663489023844 24.3898075527614 25.4132662031384 26.4367248535156 27.089126661089 26.6283579402502 26.1675892194114 25.7068204985727 25.246051777734 24.7852830568951 24.3245143360564 23.8637456152177 24.6947414716084 25.9563255204093 -9999 -9999 -9999 -9999 -9999 -9999 -9999 -9999 -9999 -9999 -9999
7.56693851947792 7.61735419432329 7.66776986916867 8.09616330862045 8.65054933627443 9.20493536392841 9.75932139158249 10.3137074192365 10.8680934468905 11.4224794745445 12.072507739067 13.0094627141951 13.9464176893234 14.8833726644515 15.8203276395796 16.7572826147079 17.694237589836 18.6311925649641 19.6332786560058 20.6570751190184 21.6808715820311 22.7046680450439 23.7284645080565 24.7522609710692 25.776057434082 26.429490375519 25.971832752228 25.514175128937 25.056517505646 24.598859882355 24.1412022590639 23.6835446357729 23.2258870124819 24.0563660621642 25.316224002838 -9999 27.8359398841857 -9999 -9999 -9999 -9999 -9999 -9999 -9999 -9999 -9999
7.09495548407243 7.13407117790652 7.17318687174061 7.58246969779331 8.11514156791895 8.64781343804458 9.18048530817031 9.71315717829595 10.2458290484216 10.7785009185473 11.4121541155708 12.3487512932882 13.2853484710057 14.2219456487231 15.1585428264404 16.095140004158 17.0317371818753 17.9683343595927 18.9705843607584 19.9947186364067 21.0188529120549 22.0429871877034 23.0671214633516 24.0912557389999 25.1153900146484 25.7698540899491 25.3153075642058 24.8607610384625 24.4062145127192 23.951667986976 23.4971214612327 23.0425749354894 22.5880284097462 23.41799065272 24.6761224852666 -9999 -9999 -9999 -9999 -9999 -9999 -9999 -9999 -9999 -9999 -9999
6.92942513624824 6.95763112439046 6.98583711253269 7.37490158875773 7.88425222767711 8.39360286659649 8.90295350551596 9.41230414443534 9.92165478335473 10.4310054222742 11.0478369368445 11.987111078368 12.9263852198917 13.8656593614152 14.8049335029388 15.7442076444624 16.683481785986 17.6227559275095 18.5977866013843 19.5847361193761 20.5716856373679 21.5586351553598 22.5455846733516 23.5325341913433 24.5194837093353 25.1533840974174 24.7281370957695 24.3028900941215 23.8776430924735 23.4523960908256 23.0271490891776 22.6019020875296 22.1766550858817 22.9895872275033 24.2152457502151 25.4409042729269 -9999 -9999 -9999 -9999 -9999 -9999 -9999 -9999 -9999 -9999
7.07034747600553 7.0880340337753 7.10572059154508 7.47345898151388 7.95788131554909 8.4423036495843 8.9267259836196 9.41114831765482 9.89557065169003 10.3799929857253 10.9795562028883 11.9245420694349 12.8695279359816 13.8145138025282 14.7594996690748 15.7044855356215 16.6494714021681 17.5944572687146 18.5148853778838 19.4271275679269 20.33936975797 21.2516119480132 22.1638541380563 23.0760963280994 23.9883385181426 24.580080397924 24.2103213469189 23.8405622959138 23.4708032449088 23.1010441939038 22.7312851428987 22.3615260918936 21.9917670408886 22.7711557865141 23.9335937976835 -9999 -9999 -9999 -9999 -9999 -9999 -9999 -9999 -9999 -9999 -9999
