data/working_set_collections/6091692-Cassins_Sparrow-MC/2015/bio15.asc
NCOLS 265 
NROWS 230 
XLLCORNER -115.5625 
YLLCORNER 24.8333333333333 
CELLSIZE 0.0833333333333333 
NODATA_value -9999 
[rows 160 to 179 of 230, columns 92 to 137 of 265]
91.1825321197506 91.7178699493405 92.2532077789303 92.7885456085201 93.32388343811 93.4218227386472 93.3739625295 93.3261023203529 93.2782421112058 93.2303819020586 93.1825216929115 93.1346614837643 92.8899446487425 92.0546579360959 91.2193712234495 90.3840845108031 89.5487977981565 88.71351108551 87.8782243728636 87.0429376602171 85.7872583389282 84.3914481480917 82.995637957255 81.5998277664185 80.204017575582 78.8082073847453 77.4123971939088 76.2266897837322 75.6712907155356 75.1158916473389 74.5604925791424 74.0050935109458 73.4496944427492 72.8942953745526 72.338896306356 71.8752273559572 71.4421351114911 71.009042867025 70.5759506225588 70.1428583780926 69.7097661336265 69.2766738891603 68.6611456553145 67.4983094533288 66.335473251343 65.1726370493574
92.7306121402313 93.2823565589054 93.8341009775794 94.3858453962534 94.9375898149275 95.0867715199786 95.1017656538219 95.1167597876652 95.1317539215085 95.1467480553518 95.1617421891951 95.1767363230385 94.9727444754705 94.1117946836682 93.2508448918659 92.3898951000637 91.5289453082613 90.667995516459 89.8070457246568 88.9460959328544 87.5354617436727 85.9415994220311 84.3477371003893 82.7538747787477 81.1600124571061 79.5661501354642 77.9722878138226 76.6058480580649 75.9216759999595 75.2375039418539 74.5533318837485 73.8691598256431 73.1849877675376 72.5008157094322 71.8166436513268 71.3324859619142 70.9149997287328 70.4975134955514 70.0800272623699 69.6625410291885 69.2450547960071 68.8275685628257 68.2381432003448 67.1329004499651 66.0276576995852 64.9224149492055
94.0422014448374 94.5760834164087 95.1099653879799 95.643847359551 96.1777293311223 96.3478480021157 96.3967122395831 96.4455764770506 96.494440714518 96.5433049519855 96.592169189453 96.6410334269204 96.4654452006022 95.6164995829264 94.7675539652506 93.9186083475749 93.069662729899 92.2207171122232 91.3717714945475 90.5228258768716 89.005119641622 87.2644932005142 85.5238667594062 83.7832403182985 82.0426138771907 80.3019874360827 78.561360994975 77.0451924218073 76.2023974524606 75.3596024831137 74.516807513767 73.6740125444203 72.8312175750735 71.9884226057268 71.14562763638 70.619865703583 70.1997814496361 69.7796971956892 69.3596129417422 68.9395286877953 68.5194444338484 68.0993601799014 67.5338988304142 66.5323061943059 65.5307135581973 64.529120922089
95.117300033569 95.5990505218504 96.0808010101316 96.5625514984128 97.0443019866941 97.2050521850584 97.2588022867837 97.312552388509 97.3663024902342 97.4200525919595 97.4738026936847 97.52755279541 97.3680468241374 96.5687726338704 95.7694984436035 94.9702242533366 94.1709500630696 93.3716758728027 92.5724016825358 91.7731274922688 90.196232032776 88.3601294835411 86.5240269343059 84.687924385071 82.851821835836 81.0157192866008 79.1796167373659 77.5447228749594 76.513455073039 75.4821872711183 74.4509194691978 73.4196516672774 72.3883838653567 71.3571160634362 70.3258482615157 69.7373665809634 69.2964802742007 68.855593967438 68.4147076606753 67.9738213539126 67.53293504715 67.0920487403872 66.5484125455224 65.6965266863509 64.8446408271792 63.9927549680077
96.1923986223006 96.622017627292 97.0516366322833 97.4812556372746 97.910874642266 98.0622563680012 98.1208923339842 98.1795282999673 98.2381642659504 98.2968002319334 98.3554361979165 98.4140721638996 98.2706484476726 97.5210456848144 96.7714429219564 96.0218401590983 95.2722373962402 94.5226346333821 93.7730318705241 93.0234291076659 91.38734442393 89.4557657665679 87.5241871092055 85.5926084518435 83.6610297944814 81.729451137119 79.7978724797569 78.0442533281116 76.8245126936174 75.6047720591229 74.3850314246287 73.1652907901344 71.9455501556399 70.7258095211457 69.5060688866514 68.8548674583437 68.3931790987653 67.9314907391869 67.4698023796084 67.00811402003 66.5464256604515 66.084737300873 65.5629262606306 64.8607471783959 64.1585680961611 63.4563890139264
97.2674972110321 97.6449847327336 98.022472254435 98.3999597761363 98.7774472978378 98.9194605509438 98.9829823811847 99.0465042114256 99.1100260416665 99.1735478719074 99.2370697021483 99.3005915323891 99.1732500712077 98.4733187357583 97.7733874003092 97.07345606486 96.3735247294107 95.6735933939615 94.9736620585123 94.273730723063 92.5784568150839 90.5514020495947 88.5243472841051 86.4972925186159 84.4702377531267 82.4431829876371 80.4161282221478 78.5437837812638 77.1355703141958 75.7273568471275 74.3191433800595 72.9109299129914 71.5027164459232 70.0945029788552 68.6862895117871 67.9723683357241 67.48987792333 67.0073875109358 66.5248970985415 66.0424066861474 65.5599162737532 65.0774258613589 64.5774399757388 64.024967670441 63.472495365143 62.9200230598452
98.3425957997637 98.6679518381752 98.9933078765867 99.3186639149981 99.6440199534096 99.7766647338866 99.8450724283853 99.913480122884 99.9818878173826 100.050295511881 100.11870320638 100.187110900879 100.075851694743 99.4255917867024 98.775331878662 98.1250719706217 97.4748120625813 96.8245521545409 96.1742922465006 95.5240323384602 93.769569206238 91.6470383326216 89.5245074590048 87.4019765853884 85.279445711772 83.1569148381552 81.0343839645388 79.043314234416 77.4466279347742 75.8499416351321 74.2532553354903 72.6565690358485 71.0598827362064 69.4631964365646 67.8665101369228 67.0898692131045 66.5865767478946 66.0832842826846 65.5799918174746 65.0766993522647 64.5734068870547 64.0701144218447 63.591953690847 63.189188162486 62.7864226341249 62.3836571057639
99.4176943884953 99.6909189436169 99.9641434987384 100.23736805386 100.510592608982 100.633868916829 100.707162475586 100.780456034342 100.853749593099 100.927043151855 101.000336710612 101.073630269368 100.978453318278 100.377864837646 99.7772763570149 99.1766878763835 98.5760993957519 97.9755109151204 97.3749224344889 96.7743339538573 94.960681597392 92.7426746156484 90.5246676339045 88.3066606521609 86.0886536704173 83.8706466886734 81.6526397069298 79.5428446875682 77.7576855553526 75.9725264231367 74.1873672909211 72.4022081587055 70.6170490264896 68.831889894274 67.0467307620585 66.2073700904848 65.6832755724592 65.1591810544335 64.6350865364077 64.110992018382 63.5868975003563 63.0628029823306 62.6064674059552 62.353408654531 62.1003499031068 61.8472911516827
100.357320446438 100.597186745537 100.837053044637 101.076919343736 101.316785642836 101.428049278259 101.496445359124 101.564841439989 101.633237520854 101.701633601718 101.770029682583 101.838425763448 101.746389007568 101.173053741455 100.599718475342 100.026383209229 99.4530479431152 98.8797126770019 98.3063774108887 97.7330421447753 95.8910369873049 93.6261418660486 91.3612467447918 89.0963516235354 86.831456502279 84.5665613810223 82.3016662597659 80.1141967455549 78.1590040524805 76.2038113594058 74.2486186663314 72.293425973257 70.3382332801822 68.3830405871078 66.4278478940334 65.5320015589398 64.9892706765071 64.4465397940744 63.9038089116416 63.361078029209 62.8183471467763 62.2756162643435 61.8421328650582 61.7363919152155 61.6306509653728 61.5249100155301
101.161473973592 101.386755243937 101.612036514282 101.837317784627 102.062599054972 102.159205818176 102.212921079 102.266636339823 102.320351600647 102.37406686147 102.427782122294 102.481497383118 102.379658762614 101.811158498128 101.242658233643 100.674157969157 100.105657704671 99.5371574401855 98.9686571756999 98.4001569112141 96.5606353759768 94.297440083822 92.0342447916668 89.771049499512 87.5078542073572 85.244658915202 82.9814636230471 80.7573704083764 78.6505834261582 76.5437964439395 74.4370094617212 72.330222479503 70.2234354972843 68.116648515066 66.0098615328478 65.0637636184694 64.5045620600385 63.9453605016075 63.3861589431765 62.8269573847455 62.2677558263145 61.7085542678835 61.298950068156 61.3381379445394 61.3773258209229 61.4165136973063
101.965627500746 102.176323742337 102.387019983927 102.597716225518 102.808412467109 102.890362358093 102.929396798875 102.968431239658 103.00746568044 103.046500121222 103.085534562005 103.124569002787 103.01292851766 102.449263254801 101.885597991943 101.321932729085 100.758267466227 100.194602203369 99.6309369405111 99.067271677653 97.2302337646487 94.9687383015955 92.7072428385418 90.4457473754886 88.1842519124353 85.9227564493817 83.6612609863284 81.400544071198 79.1421627998358 76.8837815284732 74.6254002571111 72.3670189857489 70.1086377143864 67.8502564430242 65.5918751716621 64.595525677999 64.0198534435698 63.4441812091406 62.8685089747113 62.292836740282 61.7171645058528 61.1414922714235 60.7557672712538 60.9398839738634 61.124000676473 61.3081173790825
102.7697810279 102.965892240736 103.162003453572 103.358114666409 103.554225879245 103.62151889801 103.645872518751 103.670226139492 103.694579760233 103.718933380975 103.743287001716 103.767640622457 103.646198272705 103.087368011475 102.528537750244 101.969707489014 101.410877227783 100.852046966553 100.293216705322 99.7343864440917 97.8998321533206 95.6400365193689 93.3802408854168 91.1204452514651 88.8606496175134 86.6008539835613 84.3410583496096 82.0437177340194 79.6337421735134 77.223766613007 74.8137910525009 72.4038154919949 69.9938399314885 67.5838643709824 65.1738888104764 64.1272877375287 63.5351448271012 62.9430019166737 62.3508590062461 61.7587160958186 61.1665731853912 60.5744302749636 60.2125844743517 60.5416300031874 60.8706755320231 61.1997210608588
103.573934555054 103.755460739136 103.936986923218 104.1185131073 104.300039291382 104.352675437927 104.362348238627 104.372021039327 104.381693840027 104.391366640727 104.401039441426 104.410712242126 104.279468027751 103.725472768148 103.171477508545 102.617482248942 102.063486989339 101.509491729736 100.955496470133 100.401501210531 98.5694305419924 96.3113347371423 94.0532389322918 91.7951431274417 89.5370473225915 87.278951517741 85.0208557128909 82.6868913968409 80.125321547191 77.5637516975407 75.0021818478908 72.4406119982409 69.8790421485905 67.3174722989407 64.7559024492908 63.6590497970583 63.0504362106325 62.4418226242068 61.833209037781 61.2245954513552 60.6159818649295 60.0073682785036 59.6694016774495 60.1433760325113 60.6173503875732 61.091324742635
104.378088082207 104.545029237535 104.711970392863 104.87891154819 105.045852703518 105.083831977844 105.078823958503 105.073815939161 105.06880791982 105.063799900479 105.058791881137 105.053783861796 104.912737782796 104.363577524821 103.814417266846 103.26525700887 102.716096750895 102.16693649292 101.617776234945 101.068615976969 99.2390289306643 96.9826329549158 94.7262369791668 92.4698410034183 90.2134450276697 87.9570490519207 85.7006530761722 83.3300650596624 80.6169009208686 77.9037367820744 75.1905726432806 72.4774085044868 69.7642443656926 67.0510802268988 64.3379160881051 63.1908118565879 62.5657275941639 61.9406433317399 61.3155590693158 60.6904748068918 60.0653905444678 59.4403062820437 59.1262188805474 59.7451220618353 60.3640252431233 60.9829284244112
105.08035153283 105.264121352302 105.447891171773 105.631660991245 105.815430810716 105.862393506368 105.863753827413 105.865114148458 105.866474469503 105.867834790548 105.869195111592 105.870555432637 105.734580951267 105.186602062649 104.638623174031 104.090644285414 103.542665396796 102.994686508179 102.446707619561 101.898728730943 100.077879905701 97.8327411015832 95.587602297465 93.3424634933473 91.0973246892296 88.8521858851115 86.6070470809938 84.2177071147499 81.3957636621269 78.5738202095035 75.7518767568805 72.9299333042575 70.107989851634 67.286046399011 64.4641029463881 63.2665858268738 62.61054415173 61.9545024765863 61.2984608014425 60.6424191262988 59.986377451155 59.3303357760112 59.0127891328598 59.7107275856863 60.408666038513 61.1066044913396
105.680724906921 105.912737083435 106.144749259949 106.376761436462 106.608773612976 106.688360023498 106.717137845357 106.745915667216 106.774693489075 106.803471310933 106.832249132792 106.861026954651 106.744997533162 106.194546381632 105.644095230102 105.093644078573 104.543192927043 103.992741775513 103.442290623983 102.891839472453 101.085983467102 98.8616591771447 96.6373348871868 94.4130105972292 92.1886863072716 89.9643620173137 87.7400377273562 85.3498175621037 82.4619097709662 79.5740019798282 76.6860941886907 73.7981863975532 70.9102786064151 68.0223708152776 65.1344630241401 63.8863717079163 63.1848858833314 62.4834000587464 61.7819142341614 61.0804284095765 60.3789425849916 59.6774567604066 59.329112434387 60.0401926040647 60.7512727737425 61.4623529434202
106.281098281013 106.561352814568 106.841607348124 107.12186188168 107.402116415236 107.514326540629 107.570521863301 107.626717185974 107.682912508647 107.739107831319 107.795303153992 107.851498476664 107.755414115058 107.202490700616 106.649567286173 106.096643871731 105.543720457289 104.990797042847 104.437873628404 103.884950213962 102.094087028504 99.8905772527063 97.6870674769085 95.483557701111 93.2800479253137 91.0765381495159 88.8730283737185 86.4819280094576 83.5280558798055 80.5741837501529 77.6203116205009 74.6664394908488 71.7125673611963 68.7586952315442 65.8048231018922 64.5061575889588 63.7592276149327 63.0122976409066 62.2653676668803 61.5184376928542 60.7715077188281 60.0245777448019 59.6454357359142 60.369657622443 61.093879508972 61.8181013955008
106.881471655104 107.209968545702 107.538465436299 107.866962326897 108.195459217495 108.340293057759 108.423905881246 108.507518704732 108.591131528218 108.674744351705 108.758357175191 108.841969998677 108.765830696954 108.210435019599 107.655039342244 107.09964366489 106.544247987535 105.988852310181 105.433456632826 104.878060955471 103.102190589905 100.919495328268 98.7368000666301 96.5541048049928 94.3714095433556 92.188714281718 90.0060190200807 87.6140384568113 84.5942019886447 81.5743655204776 78.554529052311 75.5346925841444 72.5148561159773 69.4950196478107 66.4751831796441 65.1259434700012 64.333569346534 63.5411952230667 62.7488210995992 61.956446976132 61.1640728526647 60.3716987291972 59.9617590374414 60.6991226408214 61.4364862442015 62.1738498475814
107.481845029195 107.858584276835 108.235323524475 108.612062772115 108.988802019755 109.16625957489 109.27728989919 109.38832022349 109.49935054779 109.61038087209 109.721411196391 109.832441520691 109.776247278849 109.218379338582 108.660511398315 108.102643458048 107.544775517781 106.986907577515 106.429039637248 105.871171696981 104.110294151306 101.948413403829 99.7865326563518 97.6246519088747 95.4627711613976 93.3008904139201 91.1390096664431 88.7461489041652 85.660348097484 82.5745472908024 79.4887464841212 76.4029456774401 73.3171448707584 70.2313440640773 67.1455432573962 65.7457293510437 64.9079110781353 64.0700928052268 63.2322745323182 62.3944562594097 61.5566379865012 60.7188197135926 60.2780823389687 61.0285876591998 61.779092979431 62.529598299662
108.082218403286 108.507200007968 108.93218161265 109.357163217332 109.782144822015 109.992226092021 110.130673917134 110.269121742248 110.407569567362 110.546017392476 110.68446521759 110.822913042704 110.786663860745 110.226323657566 109.665983454386 109.105643251207 108.545303048028 107.984962844849 107.424622641669 106.86428243849 105.118397712708 102.977331479391 100.836265246073 98.6951990127566 96.5541327794396 94.4130665461223 92.2720003128054 89.878259351519 86.7264942063233 83.5747290611271 80.4229639159314 77.2711987707358 74.1194336255396 70.9676684803439 67.8159033351482 66.3655152320862 65.4822528097366 64.5989903873869 63.7157279650371 62.8324655426875 61.9492031203378 61.065940697988 60.5944056404959 61.3580526775781 62.1216997146605 62.8853467517427
