data/working_set_collections/6091692-Cassins_Sparrow-MC/2015/bio13.asc
NCOLS 265 
NROWS 230 
XLLCORNER -115.5625 
YLLCORNER 24.8333333333333 
CELLSIZE 0.0833333333333333 
NODATA_value -9999 
[rows 200 to 219 of 230, columns 92 to 137 of 265]
200.84789589776 199.531709713406 198.215523529053 196.8993373447 195.583151160346 195.957419586181 196.89517288208 197.832926177978 198.770679473877 199.708432769775 200.646186065674 201.583939361572 201.050201712715 196.101991229588 191.153780746461 186.205570263334 181.257359780206 176.309149297079 171.360938813952 166.412728330824 160.906298891704 155.213796467252 149.521294042799 143.828791618348 138.136289193896 132.443786769443 126.751284344991 121.490629853143 117.525519159106 113.560408465068 109.59529777103 105.630187076993 101.665076382955 97.6999656889179 93.7348549948806 91.0626016616822 88.821300782098 86.5799999025137 84.3386990229291 82.0973981433448 79.8560972637605 77.6147963841759 76.3766154183277 78.1477941936911 79.9189729690549 81.6901517444183
200.232387712267 199.298223961724 198.364060211182 197.429896460639 196.495732710096 196.813372039795 197.548279062907 198.283186086019 199.018093109131 199.753000132243 200.487907155355 201.222814178467 200.655106820002 196.1795563168 191.704005813599 187.228455310398 182.752904807197 178.277354303996 173.801803800795 169.326253297594 164.012673123678 158.41974972619 152.826826328701 147.233902931214 141.640979533726 136.048056136237 130.455132738749 125.214977497525 121.033126725091 116.851275952657 112.669425180224 108.48757440779 104.305723635356 100.123872862922 95.9420220904888 93.0509778976441 90.5902025646636 88.1294272316831 85.6686518987022 83.2078765657216 80.7471012327411 78.2863258997602 76.8372082816225 78.4230638080168 80.0089193344113 81.5947748608056
199.616879526774 199.064738210042 198.512596893311 197.960455576579 197.408314259847 197.669324493408 198.201385243733 198.733445994059 199.265506744385 199.79756749471 200.329628245036 200.861688995361 200.260011927288 196.257121404013 192.254230880738 188.251340357463 184.248449834188 180.245559310913 176.242668787639 172.239778264364 167.119047355652 161.625702985128 156.132358614604 150.63901424408 145.145669873556 139.652325503031 134.158981132508 128.939325141907 124.540734291077 120.142143440247 115.743552589417 111.344961738587 106.946370887757 102.547780036927 98.1491891860971 95.0393541336061 92.3591043472293 89.6788545608526 86.9986047744753 84.3183549880986 81.6381052017218 78.9578554153446 77.2978011449174 78.6983334223425 80.0988656997678 81.4993979771929
199.001371341282 198.831252458361 198.661133575439 198.491014692518 198.320895809597 198.525276947021 198.85449142456 199.1837059021 199.512920379639 199.842134857178 200.171349334717 200.500563812256 199.864917034574 196.334686491225 192.804455947877 189.274225404528 185.743994861179 182.213764317831 178.683533774482 175.153303231133 170.225421587627 164.831656244067 159.437890900506 154.044125556946 148.650360213386 143.256594869826 137.862829526266 132.663672786289 128.048341857063 123.433010927836 118.81767999861 114.202349069384 109.587018140157 104.971687210931 100.356356281705 97.0277303695681 94.1280061297951 91.228281890022 88.3285576502485 85.4288334104755 82.5291091707025 79.629384930929 77.7583940082123 78.9736030366682 80.1888120651243 81.4040210935802
198.786850992838 198.916106160482 199.045361328125 199.174616495768 199.303871663411 199.455769220988 199.615214241875 199.774659262763 199.934104283651 200.093549304538 200.252994325426 200.412439346313 199.697428470188 196.359049903022 193.020671335857 189.682292768691 186.343914201525 183.005535634359 179.667157067194 176.328778500028 171.49276974996 166.157550938925 160.82233212789 155.487113316855 150.15189450582 144.816675694784 139.481456883749 134.302731641135 129.593487103782 124.884242566427 120.174998029074 115.465753491721 110.756508954367 106.047264417014 101.33801987966 97.9050980250046 94.8976170645827 91.8901361041608 88.8826551437383 85.8751741833164 82.8676932228945 79.8602122624721 77.8643736097546 78.9034618801539 79.9425501505533 80.9816384209526
198.973318481445 199.319299316406 199.665280151367 200.011260986328 200.357241821289 200.460801315307 200.483553695679 200.50630607605 200.529058456421 200.551810836792 200.574563217163 200.597315597534 199.757546234132 196.330211639405 192.902877044678 189.475542449952 186.048207855225 182.620873260499 179.193538665772 175.766204071045 170.921091842652 165.603387069703 160.285682296754 154.967977523805 149.650272750856 144.332567977906 139.014863204957 133.856501706442 129.176170031231 124.495838356019 119.815506680808 115.135175005596 110.454843330384 105.774511655173 101.094179979961 97.6714570999151 94.6679371515917 91.6644172032683 88.6608972549444 85.657377306621 82.6538573582976 79.6503374099737 77.6157399495441 78.4879099527993 79.3600799560546 80.2322499593098
199.159785970052 199.722492472331 200.285198974609 200.847905476888 201.410611979166 201.465833409627 201.351893149482 201.237952889336 201.124012629191 201.010072369046 200.8961321089 200.782191848755 199.817663998075 196.301373375787 192.7850827535 189.268792131213 185.752501508925 182.236210886638 178.719920264351 175.203629642063 170.349413935344 165.049223200481 159.749032465618 154.448841730755 149.148650995892 143.848460261028 138.548269526165 133.41027177175 128.758852958681 124.10743414561 119.456015332541 114.804596519472 110.153177706401 105.501758893332 100.850340080263 97.4378161748256 94.4382572386007 91.4386983023758 88.4391393661504 85.4395804299256 82.4400214937007 79.4404625574753 77.3671062893336 78.0723580254448 78.777609761556 79.482861497667
199.346253458659 200.125685628255 200.905117797851 201.684549967448 202.463982137044 202.470865503947 202.220232603285 201.969599702623 201.718966801961 201.468333901299 201.217701000637 200.967068099976 199.877781762018 196.27253511217 192.667288462322 189.062041812474 185.456795162625 181.851548512777 178.24630186293 174.641055213081 169.777736028037 164.495059331259 159.212382634481 153.929705937704 148.647029240927 143.364352544149 138.081675847372 132.964041837058 128.34153588613 123.719029935202 119.096523984274 114.474018033347 109.851512082419 105.229006131491 100.606500180564 97.2041752497361 94.2085773256097 91.2129794014834 88.2173814773565 85.2217835532302 82.2261856291038 79.230587704977 77.1184726291232 77.6568060980902 78.1951395670573 78.7334730360243
199.532720947265 200.52887878418 201.525036621093 202.521194458007 203.517352294922 203.475897598266 203.088572057088 202.70124651591 202.313920974731 201.926595433553 201.539269892375 201.151944351196 199.937899525961 196.243696848552 192.549494171143 188.855291493735 185.161088816325 181.466886138917 177.772683461508 174.078480784099 169.206058120729 163.940895462037 158.675732803345 153.410570144654 148.145407485963 142.880244827271 137.61508216858 132.517811902365 127.92421881358 123.330625724793 118.737032636008 114.143439547222 109.549846458436 104.95625336965 100.362660280865 96.9705343246466 93.9788974126187 90.9872605005909 87.9956235885626 85.0039866765347 82.0123497645069 79.0207128524786 76.8698389689127 77.2412541707356 77.6126693725586 77.9840845743816
199.719188435872 200.932071940104 202.144955444336 203.357838948567 204.570722452799 204.480929692586 203.956911510891 203.432893329196 202.908875147502 202.384856965807 201.860838784112 201.336820602417 199.998017289904 196.214858584934 192.431699879965 188.648541174995 184.865382470025 181.082223765056 177.299065060087 173.515906355117 168.634380213421 163.386731592815 158.139082972209 152.891434351604 147.643785730999 142.396137110393 137.148488489788 132.071581967673 127.506901741029 122.942221514385 118.377541287741 113.812861061098 109.248180834453 104.683500607809 100.118820381166 96.736893399557 93.7492174996277 90.7615415996984 87.7738656997686 84.7861897998393 81.79851389991 78.8108379999802 76.6212053087023 76.8257022433811 77.03019917806 77.2346961127388
200.670794169107 202.01656850179 203.362342834472 204.708117167154 206.053891499837 205.979913075765 205.432683732774 204.885454389784 204.338225046793 203.790995703803 203.243766360812 202.696537017822 201.271274566651 197.211912790934 193.152551015218 189.093189239503 185.033827463786 180.97446568807 176.915103912354 172.855742136638 167.809571075441 162.434463585749 157.059356096057 151.684248606365 146.309141116674 140.934033626981 135.55892613729 130.414959568449 125.964415762161 121.513871955873 117.063328149585 112.612784343297 108.162240537009 103.711696730721 99.2611529244332 96.0129288355517 93.1654779858068 90.3180271360619 87.4705762863165 84.6231254365716 81.7756745868267 78.9282237370813 76.8053357866074 76.856136533949 76.9069372812906 76.9577380286322
202.387538146972 203.782368469238 205.177198791503 206.572029113769 207.966859436035 207.972847747802 207.515888722737 207.058929697672 206.601970672607 206.145011647542 205.688052622477 205.231093597412 203.757671356202 199.234859466553 194.712047576905 190.189235687257 185.666423797608 181.14361190796 176.620800018312 172.097988128663 166.731630706788 161.084091440838 155.436552174887 149.789012908937 144.141473642987 138.493934377036 132.846395111085 127.547944704693 123.296760876975 119.045577049257 114.794393221539 110.543209393821 106.292025566102 102.040841738384 97.7896579106663 94.79864063263 92.2276788711555 89.656717109681 87.0857553482061 84.5147935867316 81.943831825257 79.3728700637821 77.4222304026285 77.3325570424397 77.242883682251 77.1532103220622
204.104282124837 205.548168436686 206.992054748535 208.435941060384 209.879827372233 209.96578241984 209.599093712701 209.232405005561 208.865716298421 208.499027591281 208.132338884141 207.765650177002 206.244068145753 201.257806142171 196.271544138591 191.285282135011 186.29902013143 181.312758127849 176.326496124269 171.340234120688 165.653690338136 159.733719295927 153.813748253717 147.893777211508 141.9738061693 136.05383512709 130.133864084881 124.680929840937 120.629105991789 116.57728214264 112.525458293492 108.473634444344 104.421810595195 100.369986746047 96.3181628968994 93.5843524297084 91.2898797565043 88.9954070833002 86.7009344100957 84.4064617368915 82.1119890636874 79.8175163904829 78.0391250186496 77.8089775509305 77.5788300832113 77.3486826154921
205.821026102701 207.313968404134 208.806910705566 210.299853006998 211.792795308431 211.958717091878 211.682298702664 211.405880313449 211.129461924235 210.85304353502 210.576625145806 210.300206756592 208.730464935304 203.28075281779 197.831040700277 192.381328582765 186.931616465251 181.481904347739 176.032192230226 170.582480112712 164.575749969484 158.383347151016 152.190944332548 145.99854151408 139.806138695613 133.613735877144 127.421333058676 121.813914977181 117.961451106603 114.108987236024 110.256523365446 106.404059494868 102.551595624289 98.6991317537106 94.8466678831325 92.3700642267868 90.352080641853 88.3340970569193 86.3161134719852 84.2981298870515 82.2801463021178 80.2621627171837 78.6560196346707 78.2853980594212 77.9147764841716 77.544154908922
207.537770080566 209.079768371582 210.621766662597 212.163764953613 213.705763244628 213.951651763916 213.765503692627 213.579355621338 213.393207550048 213.207059478759 213.02091140747 212.834763336181 211.216861724854 205.303699493409 199.390537261964 193.477375030519 187.564212799073 181.651050567628 175.737888336183 169.824726104737 163.497809600831 157.032975006105 150.568140411378 144.103305816652 137.638471221926 131.173636627198 124.708802032472 118.946900113425 115.293796221417 111.640692329408 107.9875884374 104.334484545391 100.681380653382 97.028276761374 93.3751728693657 91.1557760238653 89.4142815272019 87.6727870305385 85.9312925338749 84.1897980372115 82.4483035405482 80.7068090438845 79.2729142506918 78.7618185679118 78.2507228851319 77.739627202352
209.25451405843 210.845568339029 212.436622619628 214.027676900227 215.618731180826 215.944586435953 215.84870868259 215.752830929226 215.656953175862 215.561075422498 215.465197669135 215.369319915771 213.703258514405 207.326646169027 200.95003382365 194.573421478273 188.196809132894 181.820196787517 175.44358444214 169.066972096762 162.419869232179 155.682602861194 148.945336490208 142.208070119224 135.470803748239 128.733537377253 121.996271006268 116.079885249669 112.626141336231 109.172397422792 105.718653509353 102.264909595915 98.8111656824758 95.3574217690373 91.9036778555989 89.9414878209437 88.4764824125507 87.0114770041577 85.5464715957645 84.0814661873715 82.6164607789785 81.1514553705853 79.8898088667128 79.2382390764025 78.5866692860922 77.9350994957819
211.459605831569 213.061977725558 214.664349619547 216.266721513536 217.869093407524 218.265263366699 218.259366014268 218.253468661838 218.247571309407 218.241673956977 218.235776604546 218.229879252116 216.558986155193 209.893105824789 203.227225494386 196.561345163982 189.895464833578 183.229584503175 176.563704172771 169.897823842367 162.916087913514 155.829066785178 148.742045656841 141.655024528505 134.568003400168 127.480982271831 120.393961143495 114.255494266087 110.962690141467 107.669886016846 104.377081892226 101.084277767606 97.7914736429856 94.4986695183656 91.2058653937455 89.4056831359865 88.1030415005157 86.8003998650448 85.4977582295738 84.1951165941029 82.892474958632 81.589833323161 80.4281629562379 79.6894063949587 78.9506498336793 78.2118932724
214.153045399983 215.728996531168 217.304947662353 218.880898793538 220.456849924723 220.913682556152 220.997475687662 221.081268819173 221.165061950683 221.248855082193 221.332648213704 221.416441345214 219.784044647218 213.003078460694 206.222112274171 199.441146087648 192.660179901123 185.8792137146 179.098247528077 172.317281341553 164.986465644837 157.472366778057 149.958267911276 142.444169044496 134.930070177716 127.415971310934 119.901872444154 113.47372716268 110.303442637127 107.133158111573 103.96287358602 100.792589060466 97.6223045349127 94.4520200093595 91.2817354838062 89.5483619689943 88.2939587910973 87.0395556132002 85.7851524353029 84.5307492574058 83.2763460795088 82.0219429016115 80.8879765192669 80.11532052358 79.3426645278931 78.5700085322063
216.846484968396 218.396015336778 219.945545705159 221.49507607354 223.044606441921 223.562101745605 223.735585361056 223.909068976508 224.082552591959 224.25603620741 224.429519822862 224.603003438313 223.009103139242 216.113051096598 209.216999053956 202.320947011313 195.424894968669 188.528842926026 181.632790883383 174.736738840739 167.056843376161 159.115666770936 151.174490165711 143.233313560487 135.292136955263 127.350960350038 119.409783744813 112.691960059273 109.644195132786 106.596430206299 103.548665279813 100.500900353327 97.4531354268397 94.4053705003533 91.357605573867 89.6910408020021 88.4848760816788 87.2787113613555 86.072546641032 84.8663819207087 83.6602172003855 82.454052480062 81.3477900822958 80.5412346522015 79.734679222107 78.9281237920126
219.53992453681 221.063034142388 222.586143747965 224.109253353542 225.63236295912 226.210520935058 226.473695034451 226.736869133843 227.000043233235 227.263217332628 227.52639143202 227.789565531412 226.234161631267 219.223023732504 212.211885833741 205.200747934978 198.189610036215 191.178472137452 184.167334238689 177.156196339926 169.127221107484 160.758966763816 152.390712420146 144.022458076478 135.65420373281 127.285949389141 118.917695045473 111.910192955866 108.984947628446 106.059702301026 103.134456973606 100.209211646187 97.2839663187668 94.3587209913472 91.4334756639277 89.8337196350099 88.6757933722604 87.5178671095109 86.3599408467612 85.2020145840117 84.0440883212622 82.8861620585125 81.8076036453249 80.967148780823 80.1266939163209 79.286239051819
