data/working_set_collections/6091692-Cassins_Sparrow-MC/2015/bio18.asc
NCOLS 265 
NROWS 230 
XLLCORNER -115.5625 
YLLCORNER 24.8333333333333 
CELLSIZE 0.0833333333333333 
NODATA_value -9999 
[rows 60 to 79 of 230, columns 0 to 45 of 265]
34.1358994377984 35.103544362386 36.0711892869736 37.0388342115614 38.006479136149 38.9741240607366 39.9417689853244 41.2477398236591 42.6664859665762 44.0852321094936 45.5039782524107 46.9227243953278 48.3414705382452 49.7602166811623 50.8750867207845 51.0783284505208 51.2815701802571 51.4848119099935 51.6880536397298 51.8912953694661 52.0945370992024 52.2977788289387 51.7257113456727 50.8952074580723 50.0647035704719 49.2341996828715 48.4036957952712 47.5731919076707 46.7426880200703 46.251106993357 46.776294549306 47.3014821052548 47.8266696612037 48.3518572171526 48.8770447731015 49.4022323290503 49.9274198849992 50.6913897514339 51.5349537213638 52.378517691294 53.2220816612239 54.0656456311539 54.909209601084 55.7527735710139 56.5009880595733 56.9631541040205
33.5411237080892 34.5160575866699 35.4909914652505 36.4659253438314 37.440859222412 38.4157931009927 39.3907269795736 40.7237362861632 42.1761040687558 43.6284718513488 45.0808396339415 46.5332074165342 47.9855751991271 49.4379429817198 50.5964808146159 50.8735287984212 51.1505767822265 51.4276247660319 51.7046727498372 51.9817207336425 52.2587687174478 52.5358167012532 52.1343682289124 51.5067542711894 50.8791403134663 50.2515263557433 49.6239123980204 48.9962984402973 48.3686844825743 48.0557016054785 48.6866119702653 49.317522335052 49.9484326998388 50.5793430646256 51.2102534294123 51.8411637941991 52.4720741589859 53.3058259010309 54.2071914354953 55.10855696996 56.0099225044244 56.9112880388889 57.8126535733535 58.714019107818 59.4444388389582 59.6620211601253
32.94634797838 33.9285708109537 34.9107936435274 35.8930164761013 36.875239308675 37.8574621412488 38.8396849738227 40.1997327486672 41.6857221709355 43.171711593204 44.6577010154722 46.1436904377405 47.629679860009 49.1156692822772 50.3178749084472 50.6687291463216 51.0195833841959 51.3704376220702 51.7212918599446 52.0721460978189 52.4230003356933 52.7738545735676 52.5430251121521 52.1183010843065 51.6935770564608 51.2688530286152 50.8441290007696 50.419404972924 49.9946809450784 49.8602962176001 50.5969293912248 51.3335625648494 52.0701957384741 52.8068289120988 53.5434620857234 54.280095259348 55.0167284329728 55.9202620506281 56.8794291496271 57.8385962486262 58.7977633476252 59.7569304466241 60.7160975456233 61.6752646446222 62.3878896183434 62.3608882162302
32.3515722486707 33.3410840352375 34.3305958218043 35.3201076083713 36.309619394938 37.2991311815048 38.2886429680718 39.6757292111713 41.1953402731151 42.7149513350592 44.234562397003 45.7541734589468 47.2737845208908 48.7933955828347 50.0392690022786 50.463929494222 50.8885899861653 51.3132504781086 51.737910970052 52.1625714619954 52.5872319539387 53.0118924458821 52.9516819953918 52.7298478974236 52.5080137994554 52.2861797014871 52.0643456035189 51.8425115055507 51.6206774075824 51.6648908297217 52.5072468121843 53.3496027946468 54.1919587771093 55.034314759572 55.8766707420345 56.719026724497 57.5613827069596 58.5346982002254 59.5516668637588 60.5686355272925 61.5856041908259 62.6025728543594 63.619541517893 64.6365101814265 65.3313403977285 65.0597552723352
31.7567965189616 32.7535972595214 33.7503980000813 34.7471987406413 35.7439994812011 36.7408002217609 37.7376009623209 39.1517256736754 40.7049583752947 42.2581910769144 43.8114237785337 45.3646564801531 46.9178891817728 48.4711218833921 49.76066309611 50.2591298421224 50.7575965881347 51.256063334147 51.7545300801594 52.2529968261718 52.7514635721841 53.2499303181965 53.3603388786315 53.3413947105407 53.3224505424498 53.303506374359 53.2845622062681 53.2656180381772 53.2466738700864 53.4694854418431 54.4175642331437 55.3656430244441 56.3137218157445 57.261800607045 58.2098793983454 59.1579581896458 60.1060369809463 61.1491343498224 62.2239045778903 63.2986748059585 64.3734450340264 65.4482152620944 66.5229854901626 67.5977557182305 68.2747911771135 67.75862232844
31.1620207892524 32.1661104838053 33.1702001783581 34.1742898729112 35.1783795674641 36.182469262017 37.1865589565701 38.6277221361794 40.2145764774744 41.8014308187696 43.3882851600645 44.9751395013594 46.5619938426546 48.1488481839496 49.4820571899413 50.0543301900228 50.6266031901041 51.1988761901854 51.7711491902669 52.3434221903482 52.9156951904295 53.487968190511 53.7689957618713 53.9529415236578 54.1368872854443 54.3208330472309 54.5047788090174 54.6887245708039 54.8726703325905 55.2740800539647 56.3278816541032 57.3816832542415 58.4354848543798 59.4892864545182 60.5430880546565 61.5968896547947 62.6506912549332 63.7635704994196 64.8961422920221 66.0287140846247 67.1612858772272 68.2938576698297 69.4264294624323 70.5590012550348 71.2182419564986 70.4574893845449
31.2250373628403 32.1791392644244 33.1332411660086 34.0873430675929 35.041444969177 35.9955468707612 36.9496487723455 38.3861869494118 39.9835372183054 41.5808874871994 43.1782377560931 44.7755880249867 46.3729382938807 47.9702885627744 49.3295988930595 49.9747894075181 50.6199799219766 51.2651704364351 51.9103609508937 52.5555514653522 53.2007419798107 53.8459324942693 54.2823294957478 54.6491286595661 55.0159278233845 55.3827269872028 55.7495261510211 56.1163253148395 56.4831244786578 57.052632395426 58.2302665710446 59.407900746663 60.5855349222814 61.7631690979 62.9408032735184 64.1184374491368 65.2960716247554 66.3833422342931 67.4404916551373 68.4976410759816 69.5547904968258 70.6119399176699 71.6690893385142 72.7262387593584 73.2930183198718 72.388688299391
31.9458462397255 32.7926836013791 33.6395209630328 34.4863583246865 35.3331956863401 36.1800330479938 37.0268704096475 38.4271201133725 40.0118405977881 41.596561082204 43.1812815666196 44.7660020510352 46.3507225354511 47.9354430198667 49.3032882054645 50.0205074946085 50.7377267837523 51.4549460728961 52.1721653620401 52.8893846511839 53.6066039403277 54.3238232294717 54.900340080261 55.4299561182655 55.9595721562701 56.4891881942746 57.0188042322791 57.5484202702837 58.0780363082882 58.8051424662266 60.1247189839676 61.4442955017084 62.7638720194492 64.0834485371902 65.403025054931 66.7226015726718 68.0421780904128 69.0084495544428 69.8569526672357 70.7054557800288 71.5539588928218 72.4024620056147 73.2509651184078 74.0994682312008 74.4991202672323 73.5522190729776
32.6666551166109 33.4062279383339 34.145800760057 34.8853735817802 35.6249464035033 36.3645192252263 37.1040920469495 38.4680532773333 40.0401439772708 41.6122346772086 43.1843253771461 44.7564160770837 46.3285067770214 47.900597476959 49.2769775178696 50.0662255816988 50.855473645528 51.6447217093572 52.4339697731865 53.2232178370156 54.0124659008448 54.801713964674 55.5183506647744 56.2107835769651 56.9032164891559 57.5956494013466 58.2880823135373 58.9805152257281 59.6729481379188 60.5576525370274 62.0191713968908 63.480690256754 64.9422091166172 66.4037279764806 67.8652468363438 69.326765696207 70.7882845560704 71.6335568745926 72.2734136793344 72.9132704840762 73.553127288818 74.1929840935597 74.8328408983016 75.4726977030433 75.7052222145929 74.7157498465644
33.3874639934962 34.0197722752887 34.6520805570812 35.2843888388739 35.9166971206664 36.5490054024589 37.1813136842515 38.5089864412941 40.0684473567535 41.6279082722132 43.1873691876727 44.7468301031321 46.3062910185918 47.8657519340512 49.2506668302746 50.1119436687892 50.9732205073037 51.8344973458182 52.6957741843328 53.5570510228473 54.4183278613618 55.2796046998764 56.1363612492877 56.9916110356646 57.8468608220416 58.7021106084185 59.5573603947954 60.4126101811724 61.2678599675493 62.3101626078282 63.913623809814 65.5170850117996 67.1205462137852 68.724007415771 70.3274686177566 71.9309298197422 73.534391021728 74.2586641947425 74.689874691433 75.1210851881236 75.5522956848141 75.9835061815047 76.4147166781953 76.8459271748858 76.9113241619535 75.8792806201511
34.1082728703815 34.6333166122435 35.1583603541054 35.6834040959675 36.2084478378295 36.7334915796914 37.2585353215535 38.5499196052549 40.0967507362362 41.6435818672178 43.1904129981992 44.7372441291806 46.2840752601622 47.8309063911435 49.2243561426796 50.1576617558796 51.0909673690794 52.0242729822792 52.9575785954792 53.890884208679 54.8241898218788 55.7574954350788 56.754371833801 57.772438494364 58.7905051549273 59.8085718154904 60.8266384760534 61.8447051366167 62.8627717971797 64.0626726786289 65.8080762227371 67.5534797668451 69.298883310953 71.0442868550613 72.7896903991692 74.5350939432771 76.2804974873854 76.8837715148921 77.1063357035314 77.3288998921708 77.5514640808102 77.7740282694495 77.9965924580889 78.2191566467282 78.117426109314 77.0428113937377
34.8290817472668 35.2468609491982 35.6646401511297 36.0824193530612 36.5001985549926 36.917977756924 37.3357569588555 38.5908527692156 40.1250541157189 41.6592554622225 43.1934568087257 44.727658155229 46.2618595017326 47.7960608482358 49.1980454550847 50.20337984297 51.2087142308551 52.2140486187403 53.2193830066256 54.2247173945107 55.2300517823958 56.2353861702811 57.3723824183143 58.5532659530636 59.734149487813 60.9150330225623 62.0959165573116 63.276800092061 64.4576836268103 65.8151827494297 67.7025286356603 69.5898745218907 71.477220408121 73.3645662943517 75.251912180582 77.1392580668123 79.026603953043 79.5088788350419 79.5227967156301 79.5367145962182 79.5506324768063 79.5645503573945 79.5784682379826 79.5923861185708 79.3235280566746 78.2063421673245
35.5845102204216 35.8960125923155 36.2075149642095 36.5190173361036 36.8305197079975 37.1420220798915 37.4535244517856 38.6581517537432 40.1604873657223 41.6628229777017 43.1651585896807 44.6674942016598 46.1698298136392 47.6721654256183 49.0700217564899 50.1544402440388 51.2388587315876 52.3232772191363 53.4076957066853 54.492114194234 55.5765326817828 56.6609511693317 57.9360096613563 59.2746148215396 60.6132199817231 61.9518251419064 63.2904303020897 64.6290354622732 65.9676406224565 67.4531140433411 69.3791922463307 71.30527044932 73.2313486523093 75.1574268552988 77.0835050582881 79.0095832612774 80.935661464267 81.232995669047 80.9874152077569 80.7418347464667 80.4962542851766 80.2506738238866 80.0050933625964 79.7595129013063 79.3092915852868 78.2451477050784
36.3745582898456 36.5807715415953 36.786984793345 36.9931980450947 37.1994112968444 37.4056245485941 37.6118378003438 38.7518165588376 40.2030504862464 41.6542844136554 43.1055183410642 44.556752268473 46.007986195882 47.4592201232908 48.8402850468951 50.010842959086 51.1814008712767 52.3519587834673 53.5225166956582 54.6930746078489 55.8636325200396 57.0341904322304 58.4452535629269 59.936485099792 61.4277166366574 62.9189481735225 64.4101797103877 65.901411247253 67.3926427841182 68.9764665603631 70.8380670547481 72.6996675491327 74.5612680435174 76.4228685379024 78.2844690322871 80.1460695266717 82.0076700210567 82.0561220169067 81.5001911799113 80.9442603429159 80.3883295059205 79.8323986689252 79.2764678319297 78.7205369949343 78.0747166951502 77.159228006999
37.1646063592698 37.2655304908751 37.3664546224805 37.4673787540859 37.5683028856913 37.6692270172966 37.770151148902 38.845481363932 40.2456136067705 41.6457458496092 43.0458780924477 44.4460103352862 45.8461425781249 47.2462748209633 48.6105483373004 49.8672456741332 51.1239430109658 52.3806403477984 53.6373376846312 54.8940350214638 56.1507323582964 57.4074296951292 58.9544974644975 60.5983553780445 62.2422132915918 63.8860712051387 65.5299291186857 67.173787032233 68.81764494578 70.4998190773852 72.2969418631655 74.0940646489456 75.8911874347257 77.6883102205061 79.4854330062861 81.2825557920662 83.0796785778466 82.8792483647665 82.0129671520658 81.146685939365 80.2804047266644 79.4141235139637 78.547842301263 77.6815610885623 76.8401418050134 76.0733083089195
37.9546544286939 37.9502894401549 37.945924451616 37.9415594630771 37.9371944745381 37.9328294859992 37.9284644974602 38.9391461690265 40.2881767272946 41.637207285563 42.9862378438312 44.3352684020993 45.6842989603677 47.0333295186359 48.3808116277056 49.7236483891804 51.0664851506549 52.4093219121294 53.7521586736042 55.0949954350787 56.4378321965532 57.780668958028 59.4637413660682 61.260225656297 63.0567099465261 64.853194236755 66.6496785269838 68.4461628172129 70.2426471074418 72.0231715944073 73.755816671583 75.4884617487585 77.221106825934 78.9537519031097 80.6863969802852 82.4190420574607 84.1516871346364 83.7023747126262 82.5257431242203 81.3491115358142 80.1724799474082 78.9958483590023 77.8192167705962 76.6425851821903 75.6055669148766 74.98738861084
38.744702498118 38.6350483894347 38.5253942807515 38.4157401720682 38.306086063385 38.1964319547017 38.0867778460185 39.0328109741209 40.3307398478187 41.6286687215168 42.9265975952146 44.2245264689125 45.5224553426106 46.8203842163084 48.1510749181109 49.5800511042276 51.009027290344 52.4380034764604 53.8669796625771 55.2959558486936 56.72493203481 58.1539082209267 59.9729852676387 61.9220959345494 63.8712066014604 65.8203172683711 67.7694279352818 69.7185386021928 71.6676492691034 73.5465241114292 75.2146914800004 76.8828588485713 78.5510262171421 80.2191935857133 81.8873609542842 83.555528322855 85.2236956914262 84.5255010604859 83.0385190963747 81.5515371322633 80.0645551681521 78.577573204041 77.0905912399295 75.6036092758183 74.3709920247399 73.9014689127607
39.5347505675421 39.3198073387145 39.104864109887 38.8899208810594 38.6749776522318 38.4600344234043 38.2450911945767 39.1264757792153 40.3733029683428 41.6201301574706 42.8669573465981 44.1137845357256 45.3606117248534 46.6074389139809 47.9213382085161 49.4364538192747 50.9515694300331 52.4666850407915 53.9818006515501 55.4969162623085 57.0120318730668 58.5271474838255 60.4822291692094 62.5839662128019 64.6857032563948 66.7874402999873 68.8891773435798 70.9909143871727 73.0926514307652 75.0698766284513 76.6735662884179 78.2772559483841 79.8809456083504 81.484635268317 83.0883249282832 84.6920145882495 86.2957042482161 85.3486274083457 83.5512950685292 81.7539627287125 79.956630388896 78.1592980490795 76.3619657092627 74.5646333694463 73.1364171346031 72.8155492146812
40.1558074421353 39.8575428326925 39.5592782232497 39.2610136138068 38.962749004364 38.6644843949212 38.3662197854784 39.1590579032896 40.3155969301857 41.472135957082 42.6286749839781 43.7852140108742 44.9417530377705 46.0982920646666 47.3807139608592 49.040784464942 50.7008549690244 52.3609254731069 54.0209959771896 55.6810664812721 57.3411369853545 59.0012074894373 61.1004993120825 63.3461982409153 65.5918971697486 67.8375960985814 70.0832950274143 72.3289939562475 74.5746928850804 76.6330576578771 78.1294199625648 79.6257822672522 81.1221445719396 82.6185068766273 84.1148691813147 85.6112314860022 87.1075937906899 85.9428378423058 83.8910424762306 81.8392471101551 79.78745174408 77.7356563780048 75.6838610119293 73.6320656458541 72.0401686986289 71.827967007955
40.6078731218973 40.2482548713684 39.8886366208395 39.5290183703105 39.1694001197815 38.8097818692526 38.4501636187236 39.1305573463438 40.1576217333474 41.1846861203511 42.2117505073546 43.2388148943582 44.2658792813619 45.2929436683654 46.5292021751401 48.3930430412291 50.2568839073179 52.1207247734066 53.9845656394956 55.8484065055844 57.7122473716731 59.5760882377621 61.827795696258 64.2087920188897 66.5897883415218 68.9707846641535 71.3517809867851 73.7327773094172 76.1137736320489 78.2360671997065 79.582252502441 80.9284378051753 82.2746231079096 83.6208084106442 84.9669937133785 86.3131790161129 87.6593643188474 86.308132362366 84.0577613194788 81.8073902765912 79.557019233704 77.3066481908168 75.0562771479292 72.805906105042 71.0822467168174 70.9387222925824
