data/working_set_collections/6091692-Cassins_Sparrow-MC/2015/bio10.asc
NCOLS 265 
NROWS 230 
XLLCORNER -115.5625 
YLLCORNER 24.8333333333333 
CELLSIZE 0.0833333333333333 
NODATA_value -9999 
[rows 0 to 19 of 230, columns 184 to 229 of 265]
24.1372895717621 24.1217366059621 24.1061836401622 24.0784852345785 24.0467383490668 24.0149914635552 23.9832445780436 23.951497692532 23.9197508070204 23.8880039215088 23.8467885176341 23.7771675586701 23.707546599706 23.637925640742 23.568304681778 23.4986837228139 23.4290627638499 23.3594418048859 23.3468862374624 23.353352467219 23.3598186969757 23.3662849267324 23.372751156489 23.3792173862457 23.3856836160024 23.3640637662676 23.2581856780582 23.1523075898488 23.0464295016395 22.9405514134301 22.8346733252208 22.7287952370114 22.622917148802 22.5306563059489 22.4429345448812 22.3552127838135 22.2674910227458 22.1797692616781 22.0920475006104 22.0043257395426 21.9233122083876 21.8624233669705 21.8015345255534 21.7406456841363 21.6797568427192 21.6188680013021
24.1313278675079 24.1196151574453 24.1079024473826 24.084404373169 24.0569778442383 24.0295513153076 24.002124786377 23.9746982574463 23.9472717285156 23.919845199585 23.8829600811005 23.8176991939545 23.7524383068085 23.6871774196625 23.6219165325165 23.5566556453705 23.4913947582245 23.4261338710785 23.4098557949066 23.4099053223928 23.4099548498789 23.4100043773651 23.4100539048513 23.4101034323374 23.4101529598236 23.3861996809642 23.2902379830679 23.1942762851715 23.0983145872752 23.0023528893789 22.9063911914826 22.8104294935862 22.7144677956899 22.6281742095947 22.5451033274333 22.4620324452718 22.3789615631104 22.2958906809489 22.2128197987874 22.129748916626 22.0518549601237 21.989491780599 21.9271286010742 21.8647654215495 21.8024022420247 21.7400390625
24.1253661632538 24.1174937089284 24.1096212546031 24.0903235117594 24.0672173394097 24.04411116706 24.0210049947103 23.9978988223606 23.9747926500109 23.9516864776611 23.9191316445669 23.8582308292389 23.7973300139109 23.736429198583 23.675528383255 23.614627567927 23.5537267525991 23.4928259372711 23.4728253523509 23.4664581775665 23.4600910027822 23.4537238279978 23.4473566532135 23.4409894784292 23.4346223036448 23.4083355956608 23.3222902880775 23.2362449804942 23.1501996729109 23.0641543653276 22.9781090577443 22.8920637501611 22.8060184425778 22.7256921132406 22.6472721099854 22.5688521067301 22.4904321034749 22.4120121002197 22.3335920969645 22.2551720937093 22.1803977118598 22.1165601942274 22.052722676595 21.9888851589627 21.9250476413303 21.8612101236979
24.1194044589996 24.1153722604116 24.1113400618235 24.0962426503499 24.0774568345812 24.0586710188124 24.0398852030436 24.0210993872749 24.0023135715061 23.9835277557373 23.9553032080333 23.8987624645233 23.8422217210134 23.7856809775035 23.7291402339935 23.6725994904836 23.6160587469737 23.5595180034638 23.5357949097951 23.5230110327403 23.5102271556854 23.4974432786306 23.4846594015757 23.4718755245209 23.459091647466 23.4304715103573 23.3543425930871 23.2782136758169 23.2020847585466 23.1259558412764 23.0498269240061 22.9736980067359 22.8975690894657 22.8232100168864 22.7494408925374 22.6756717681885 22.6019026438395 22.5281335194906 22.4543643951416 22.3805952707926 22.3089404635959 22.2436286078559 22.1783167521159 22.1130048963759 22.0476930406359 21.9823811848958
24.1134427547455 24.1132508118947 24.113058869044 24.1021617889404 24.0876963297526 24.0732308705648 24.058765411377 24.0442999521891 24.0298344930013 24.0153690338135 23.9914747714996 23.9392940998078 23.8871134281158 23.834932756424 23.7827520847321 23.7305714130402 23.6783907413483 23.6262100696564 23.5987644672394 23.579563887914 23.5603633085887 23.5411627292633 23.521962149938 23.5027615706126 23.4835609912872 23.4526074250539 23.3863948980967 23.3201823711395 23.2539698441823 23.1877573172251 23.1215447902679 23.0553322633108 22.9891197363536 22.9207279205322 22.8516096750895 22.7824914296468 22.7133731842041 22.6442549387614 22.5751366933187 22.506018447876 22.437483215332 22.3706970214844 22.3039108276367 22.2371246337891 22.1703384399414 22.1035522460937
24.1074810504913 24.1111293633779 24.1147776762644 24.1080809275309 24.097935824924 24.0877907223172 24.0776456197103 24.0675005171034 24.0573554144965 24.0472103118896 24.027646334966 23.9798257350922 23.9320051352183 23.8841845353444 23.8363639354706 23.7885433355967 23.7407227357229 23.692902135849 23.6617340246836 23.6361167430878 23.6104994614919 23.584882179896 23.5592648983002 23.5336476167043 23.5080303351084 23.4747433397505 23.4184472031064 23.3621510664622 23.3058549298181 23.2495587931739 23.1932626565297 23.1369665198856 23.0806703832414 23.0182458241781 22.9537784576416 22.8893110911051 22.8248437245687 22.7603763580322 22.6959089914958 22.6314416249593 22.5660259670681 22.4977654351128 22.4295049031575 22.3612443712023 22.292983839247 22.2247233072917
24.0539431730906 24.0587397946252 24.0635364161597 24.0591048717499 24.0515972720252 24.0440896723006 24.0365820725759 24.0290744728512 24.0215668731266 24.0140592734019 23.9985943370395 23.959257390764 23.9199204444885 23.880583498213 23.8412465519375 23.801909605662 23.7625726593865 23.723235713111 23.6929139614105 23.6655972745684 23.6382805877262 23.610963900884 23.5836472140418 23.5563305271996 23.5290138403575 23.4963833702935 23.4478115505642 23.399239730835 23.3506679111057 23.3020960913764 23.2535242716471 23.2049524519179 23.1563806321886 23.0998966058095 23.0407751772139 22.9816537486182 22.9225323200226 22.8634108914269 22.8042894628313 22.7451680342356 22.6835073788961 22.6142290433248 22.5449507077535 22.4756723721822 22.4063940366109 22.3371157010396
23.9528291225433 23.9560821056366 23.9593350887299 23.9552336215973 23.9486806710561 23.9421277205149 23.9355747699738 23.9290218194326 23.9224688688914 23.9159159183502 23.9043187777201 23.8775890668233 23.8508593559265 23.8241296450297 23.7973999341329 23.7706702232361 23.7439405123393 23.7172108014425 23.69230427742 23.6680054823558 23.6437066872915 23.6194078922272 23.5951090971629 23.5708103020986 23.5465115070343 23.517527516683 23.4744879404704 23.4314483642578 23.3884087880453 23.3453692118327 23.3023296356201 23.2592900594076 23.216250483195 23.1656802654266 23.1125998338064 23.0595194021861 23.0064389705658 22.9533585389455 22.9002781073252 22.847197675705 22.7899274508158 22.7200878461202 22.6502482414246 22.5804086367289 22.5105690320333 22.4407294273376
23.8517150719961 23.853424416648 23.8551337613 23.8513623714447 23.845764070087 23.8401657687293 23.8345674673716 23.8289691660139 23.8233708646563 23.8177725632986 23.8100432184008 23.7959207428826 23.7817982673645 23.7676757918464 23.7535533163283 23.7394308408101 23.725308365292 23.7111858897739 23.6916945934296 23.6704136901432 23.6491327868568 23.6278518835704 23.606570980284 23.5852900769976 23.5640091737111 23.5386716630724 23.5011643303765 23.4636569976807 23.4261496649848 23.388642332289 23.3511349995931 23.3136276668972 23.2761203342014 23.2314639250437 23.1844244903988 23.1373850557539 23.090345621109 23.0433061864641 22.9962667518192 22.9492273171743 22.8963475227356 22.8259466489156 22.7555457750956 22.6851449012756 22.6147440274557 22.5443431536357
23.7506010214488 23.7507667276594 23.7509324338701 23.7474911212921 23.7428474691179 23.7382038169437 23.7335601647695 23.7289165125953 23.7242728604211 23.7196292082469 23.7157676590814 23.7142524189419 23.7127371788025 23.7112219386631 23.7097066985236 23.7081914583842 23.7066762182448 23.7051609781053 23.6910849094391 23.6728218979306 23.6545588864221 23.6362958749135 23.618032863405 23.5997698518965 23.581506840388 23.5598158094618 23.5278407202827 23.4958656311035 23.4638905419244 23.4319154527452 23.3999403635661 23.3679652743869 23.3359901852078 23.2972475846608 23.2562491469913 23.2152507093218 23.1742522716522 23.1332538339827 23.0922553963131 23.0512569586436 23.0027675946554 22.931805451711 22.8608433087667 22.7898811658224 22.718919022878 22.6479568799337
23.6494869709015 23.6481090386709 23.6467311064402 23.6436198711395 23.6399308681488 23.6362418651581 23.6325528621674 23.6288638591767 23.6251748561859 23.6214858531952 23.621492099762 23.6325840950012 23.6436760902405 23.6547680854797 23.665860080719 23.6769520759583 23.6880440711975 23.6991360664368 23.6904752254486 23.675230105718 23.6599849859874 23.6447398662567 23.6294947465261 23.6142496267955 23.5990045070648 23.5809599558512 23.5545171101888 23.5280742645264 23.5016314188639 23.4751885732015 23.4487457275391 23.4223028818766 23.3958600362142 23.363031244278 23.3280738035838 23.2931163628896 23.2581589221954 23.2232014815013 23.1882440408071 23.1532866001129 23.1091876665751 23.0376642545064 22.9661408424377 22.8946174303691 22.8230940183004 22.7515706062317
23.5483729203542 23.5454513496823 23.5425297790104 23.539748620987 23.5370142671797 23.5342799133725 23.5315455595652 23.528811205758 23.5260768519508 23.5233424981435 23.5272165404426 23.5509157710605 23.5746150016785 23.5983142322964 23.6220134629144 23.6457126935323 23.6694119241503 23.6931111547682 23.6898655414581 23.6776383135054 23.6654110855526 23.6531838575999 23.6409566296472 23.6287294016944 23.6165021737417 23.6021041022407 23.5811935000949 23.5602828979492 23.5393722958035 23.5184616936578 23.497551091512 23.4766404893663 23.4557298872206 23.4288149038951 23.3998984601762 23.3709820164574 23.3420655727386 23.3131491290198 23.284232685301 23.2553162415822 23.2156077384949 23.1435230573018 23.0714383761088 22.9993536949158 22.9272690137227 22.8551843325297
23.4964645544688 23.4913572470347 23.4862499396006 23.4829499085744 23.4802523030175 23.4775546974606 23.4748570919037 23.4721594863468 23.4694618807899 23.466764275233 23.4719377358754 23.5007243951162 23.5295110543569 23.5582977135976 23.5870843728383 23.6158710320791 23.6446576913198 23.6734443505605 23.6740091959635 23.6651667700874 23.6563243442112 23.647481918335 23.6386394924588 23.6297970665826 23.6209546407064 23.6094421068827 23.5899192492167 23.5703963915507 23.5508735338847 23.5313506762187 23.5118278185527 23.4923049608866 23.4727821032206 23.4512720584869 23.429099618064 23.4069271776411 23.3847547372182 23.3625822967953 23.3404098563724 23.3182374159495 23.2846280627781 23.216707971361 23.1487878799439 23.0808677885268 23.0129476971097 22.9450276056925
23.4937618732452 23.4858267307281 23.4778915882111 23.473223733902 23.4696449756622 23.4660662174225 23.4624874591827 23.458908700943 23.4553299427033 23.4517511844635 23.4556556860606 23.4820099671682 23.5083642482758 23.5347185293833 23.5610728104909 23.5874270915985 23.6137813727061 23.6401356538137 23.6429061889648 23.6378154754639 23.6327247619629 23.6276340484619 23.6225433349609 23.61745262146 23.612361907959 23.6029739697774 23.5806943575541 23.5584147453308 23.5361351331075 23.5138555208842 23.4915759086609 23.4692962964376 23.4470166842143 23.4304027080536 23.4156772772471 23.4009518464406 23.3862264156342 23.3715009848277 23.3567755540212 23.3420501232147 23.3162486394246 23.2572189966838 23.1981893539429 23.139159711202 23.0801300684611 23.0211004257202
23.4910591920217 23.4802962144216 23.4695332368215 23.4634975592295 23.459037648307 23.4545777373844 23.4501178264618 23.4456579155392 23.4411980046166 23.4367380936941 23.4393736362457 23.4632955392202 23.4872174421946 23.5111393451691 23.5350612481435 23.558983151118 23.5829050540924 23.6068269570669 23.6118031819661 23.6104641808404 23.6091251797146 23.6077861785889 23.6064471774631 23.6051081763374 23.6037691752116 23.5965058326721 23.5714694658915 23.5464330991109 23.5213967323303 23.4963603655497 23.4713239987691 23.4462876319885 23.4212512652079 23.4095333576202 23.4022549364302 23.3949765152401 23.3876980940501 23.38041967286 23.37314125167 23.3658628304799 23.3478692160712 23.2977300220066 23.2475908279419 23.1974516338772 23.1473124398126 23.0971732457479
23.4883565107981 23.474765698115 23.4611748854319 23.4537713845571 23.4484303209517 23.4430892573463 23.4377481937408 23.4324071301354 23.42706606653 23.4217250029246 23.4230915864309 23.4445811112722 23.4660706361135 23.4875601609548 23.5090496857961 23.5305392106374 23.5520287354787 23.57351826032 23.5807001749675 23.5831128862169 23.5855255974664 23.5879383087158 23.5903510199653 23.5927637312147 23.5951764424642 23.5900376955668 23.5622445742289 23.534451452891 23.5066583315532 23.4788652102153 23.4510720888774 23.4232789675395 23.3954858462016 23.3886640071869 23.3888325956133 23.3890011840396 23.389169772466 23.3893383608924 23.3895069493188 23.3896755377452 23.3794897927178 23.3382410473294 23.2969923019409 23.2557435565525 23.214494811164 23.1732460657756
23.4856538295746 23.4692351818085 23.4528165340424 23.4440452098846 23.4378229935964 23.4316007773081 23.4253785610199 23.4191563447317 23.4129341284434 23.4067119121552 23.406809536616 23.4258666833242 23.4449238300323 23.4639809767405 23.4830381234487 23.5020952701569 23.521152416865 23.5402095635732 23.5495971679687 23.5557615915934 23.5619260152181 23.5680904388428 23.5742548624674 23.5804192860921 23.5865837097168 23.5835695584615 23.5530196825663 23.5224698066712 23.491919930776 23.4613700548808 23.4308201789856 23.4002703030904 23.3697204271952 23.3677946567535 23.3754102547963 23.3830258528391 23.390641450882 23.3982570489248 23.4058726469676 23.4134882450104 23.4111103693644 23.3787520726522 23.3463937759399 23.3140354792277 23.2816771825155 23.2493188858032
23.482951148351 23.4637046655019 23.4444581826528 23.4343190352122 23.4272156662411 23.42011229727 23.413008928299 23.4059055593279 23.3988021903568 23.3916988213857 23.3905274868011 23.4071522553762 23.4237770239512 23.4404017925262 23.4570265611013 23.4736513296763 23.4902760982513 23.5069008668264 23.5184941609701 23.5284102969699 23.5383264329698 23.5482425689697 23.5581587049696 23.5680748409695 23.5779909769694 23.5771014213562 23.5437947909037 23.5104881604513 23.4771815299988 23.4438748995463 23.4105682690938 23.3772616386414 23.3439550081889 23.3469253063202 23.3619879139794 23.3770505216387 23.3921131292979 23.4071757369571 23.4222383446164 23.4373009522756 23.442730946011 23.419263097975 23.395795249939 23.3723274019029 23.3488595538669 23.3253917058309
23.4828736305237 23.4629830784268 23.4430925263299 23.4321340243022 23.4241528722975 23.4161717202928 23.4081905682882 23.4002094162835 23.3922282642788 23.3842471122742 23.3823918819427 23.3989144166311 23.4154369513194 23.4319594860077 23.448482020696 23.4650045553843 23.4815270900726 23.4980496247609 23.507750193278 23.5151767730713 23.5226033528646 23.5300299326579 23.5374565124512 23.5448830922445 23.5523096720378 23.5502962377336 23.5199627611372 23.4896292845408 23.4592958079444 23.428962331348 23.3986288547516 23.3682953781552 23.3379619015588 23.3436860084534 23.361429309845 23.3791726112366 23.3969159126282 23.4146592140198 23.4324025154114 23.450145816803 23.4595203505622 23.4437885814243 23.4280568122864 23.4123250431485 23.3965932740106 23.3808615048726
23.4854212760925 23.4670704205831 23.4487195650737 23.4374901771545 23.4286346117655 23.4197790463765 23.4109234809875 23.4020679155986 23.3932123502096 23.3843567848206 23.3824027220408 23.4011531670888 23.4199036121368 23.4386540571848 23.4574045022329 23.4761549472809 23.4949053923289 23.5136558373769 23.5173652648926 23.5160610198975 23.5147567749023 23.5134525299072 23.5121482849121 23.510844039917 23.5095397949219 23.5031540075938 23.4815235932668 23.4598931789398 23.4382627646128 23.4166323502859 23.3950019359589 23.3733715216319 23.3517411073049 23.3580767631531 23.373734442393 23.3893921216329 23.4050498008728 23.4207074801127 23.4363651593526 23.4520228385925 23.461478583018 23.4523285230001 23.4431784629822 23.4340284029643 23.4248783429464 23.4157282829285
