data/working_set_collections/6091692-Cassins_Sparrow-MC/2015/bio16.asc
NCOLS 265 
NROWS 230 
XLLCORNER -115.5625 
YLLCORNER 24.8333333333333 
CELLSIZE 0.0833333333333333 
NODATA_value -9999 
[rows 60 to 79 of 230, columns 0 to 45 of 265]
115.826830863953 116.848344484965 117.869858105978 118.89137172699 119.912885348002 120.934398969015 121.955912590027 122.426895650228 122.714368523492 123.001841396756 123.28931427002 123.576787143284 123.864260016548 124.151732889812 124.214539294773 123.603346294827 122.992153294882 122.380960294936 121.76976729499 121.158574295044 120.547381295099 119.936188295153 119.401787249248 118.892983521356 118.384179793464 117.875376065572 117.366572337681 116.857768609789 116.348964881897 115.899927859836 115.630190955268 115.3604540507 115.090717146132 114.820980241564 114.551243336996 114.281506432428 114.011769527859 113.088438987732 111.947243902419 110.806048817105 109.664853731792 108.523658646478 107.382463561165 106.241268475851 104.667755953472 101.797291119894
111.907527605693 112.926550483704 113.945573361715 114.964596239726 115.983619117737 117.002641995748 118.02166487376 118.590774536133 119.009913126628 119.429051717123 119.848190307618 120.267328898112 120.686467488607 121.105606079102 121.290156682333 120.770943323772 120.251729965211 119.732516606649 119.213303248088 118.694089889527 118.174876530966 117.655663172404 117.125485038758 116.591651980083 116.057818921408 115.523985862732 114.990152804057 114.456319745382 113.922486686707 113.44675064087 113.145305633545 112.843860626221 112.542415618897 112.240970611573 111.939525604249 111.638080596924 111.3366355896 110.275934028626 108.962146949769 107.648359870911 106.334572792054 105.020785713197 103.706998634339 102.393211555482 100.767186927797 98.2044496536264
107.988224347433 109.004756482443 110.021288617452 111.037820752462 112.054352887472 113.070885022482 114.087417157491 114.754653422038 115.305457729764 115.85626203749 116.407066345215 116.957870652941 117.508674960667 118.059479268392 118.365774069893 117.938540352716 117.511306635539 117.084072918363 116.656839201186 116.229605484009 115.802371766833 115.375138049656 114.849182828268 114.290320438809 113.731458049351 113.172595659892 112.613733270434 112.054870880975 111.496008491517 110.993573421903 110.660420311822 110.327267201742 109.994114091662 109.660960981581 109.327807871501 108.994654761421 108.66150165134 107.46342906952 105.977049997119 104.490670924717 103.004291852316 101.517912779915 100.031533707513 98.5451546351123 96.866617902121 94.6116081873583
104.068921089173 105.082962481181 106.09700387319 107.111045265198 108.125086657207 109.139128049215 110.153169441223 110.918532307943 111.6010023329 112.283472357856 112.965942382813 113.648412407769 114.330882432726 115.013352457683 115.441391457452 115.10613738166 114.770883305868 114.435629230076 114.100375154284 113.765121078492 113.429867002699 113.094612926907 112.572880617778 111.988988897536 111.405097177294 110.821205457052 110.23731373681 109.653422016568 109.069530296326 108.540396202935 108.175534990099 107.810673777263 107.445812564426 107.08095135159 106.716090138754 106.351228925917 105.986367713081 104.650924110413 102.991953044468 101.332981978523 99.674010912578 98.015039846633 96.3560687806877 94.6970977147427 92.9660488764454 91.0187667210903
100.149617830913 101.16116847992 102.172719128927 103.184269777934 104.195820426941 105.207371075949 106.218921724956 107.082411193848 107.896546936036 108.710682678223 109.524818420411 110.338954162598 111.153089904786 111.967225646973 112.517008845012 112.273734410604 112.030459976197 111.787185541789 111.543911107382 111.300636672974 111.057362238567 110.814087804159 110.296578407288 109.687657356263 109.078736305237 108.469815254212 107.860894203187 107.251973152161 106.643052101136 106.087218983969 105.690649668376 105.294080352784 104.897511037191 104.500941721599 104.104372406006 103.707803090414 103.311233774821 101.838419151307 100.006856091818 98.175293032329 96.3437299728402 94.5121669133514 92.6806038538623 90.8490407943735 89.0654798507701 87.4259252548226
96.2303145726526 97.2393744786584 98.2484343846642 99.2574942906702 100.266554196676 101.275614102682 102.284674008688 103.246290079753 104.192091539171 105.13789299859 106.083694458008 107.029495917426 107.975297376845 108.921098836263 109.592626232572 109.441331439548 109.290036646525 109.138741853502 108.987447060479 108.836152267456 108.684857474433 108.53356268141 108.020276196798 107.386325814989 106.75237543318 106.118425051372 105.484474669563 104.850524287754 104.216573905945 103.634041765002 103.205764346653 102.777486928304 102.349209509956 101.920932091607 101.492654673259 101.06437725491 100.636099836562 99.0259141922004 97.0217591391678 95.0176040861348 93.0134490331022 91.0092939800696 89.0051389270366 87.000983874004 85.1649108250944 83.8330837885545
92.5666905509104 93.5226613998415 94.4786322487727 95.434603097704 96.3905739466352 97.3465447955664 98.3025156444977 99.3210624059044 100.360467804803 101.399873203702 102.4392786026 103.478684001499 104.518089400398 105.557494799296 106.339613723755 106.349873224895 106.360132726034 106.370392227173 106.380651728312 106.390911229452 106.401170730591 106.41143023173 105.99942073822 105.446654913161 104.893889088101 104.341123263041 103.788357437982 103.235591612922 102.682825787862 102.150312995911 101.678559303284 101.206805610657 100.73505191803 100.263298225403 99.791544532776 99.3197908401491 98.8480371475221 97.2587516784672 95.2969556172694 93.3351595560712 91.3733634948734 89.4115674336755 87.4497713724774 85.4879753112795 83.7178314632841 82.5226442548964
89.1587457656865 90.0110292434697 90.8633127212529 91.7155961990362 92.5678796768194 93.4201631546025 94.2724466323858 95.3067281723028 96.4016757329309 97.4966232935593 98.5915708541875 99.6865184148157 100.781465975444 101.876413536072 102.757971318563 102.999359766643 103.240748214722 103.482136662802 103.723525110881 103.96491355896 104.20630200704 104.447690455119 104.234012031556 103.868644650778 103.503277269999 103.137909889221 102.772542508443 102.407175127665 102.041807746887 101.636032676697 101.109034538269 100.582036399841 100.055038261414 99.528040122986 99.0010419845583 98.4740438461306 97.9470457077028 96.5369316101078 94.8324455261235 93.1279594421389 91.4234733581546 89.7189872741702 88.0145011901856 86.3100151062013 84.7242417653403 83.4946066538493
85.7508009804624 86.4993970870975 87.2479931937327 87.996589300368 88.7451854070032 89.4937815136384 90.2423776202737 91.2923939387007 92.4428836610585 93.5933733834165 94.7438631057743 95.8943528281321 97.04484255049 98.1953322728478 99.1763289133712 99.6488463083907 100.12136370341 100.59388109843 101.066398493449 101.538915888469 102.011433283488 102.483950678508 102.46860332489 102.290634388394 102.112665451898 101.934696515401 101.756727578905 101.578758642409 101.400789705912 101.121752357483 100.539509773255 99.9572671890261 99.3750246047976 98.792782020569 98.2105394363405 97.6282968521121 97.0460542678835 95.8151115417484 94.3679354349776 92.9207593282066 91.4735832214358 90.026407114665 88.579231007894 87.1320549011232 85.7306520673965 84.4665690528022
82.3428561952382 82.9877649307254 83.6326736662126 84.2775824016998 84.922491137187 85.5673998726742 86.2123086081615 87.2780597050987 88.4840915891861 89.6901234732737 90.8961553573611 92.1021872414484 93.308219125536 94.5142510096234 95.594686508179 96.2983328501386 97.0019791920982 97.7056255340578 98.4092718760175 99.112918217977 99.8165645599366 100.520210901896 100.703194618225 100.712624126011 100.722053633796 100.731483141581 100.740912649367 100.750342157152 100.759771664937 100.607472038269 99.9699850082399 99.3324979782106 98.6950109481814 98.057523918152 97.4200368881228 96.7825498580935 96.1450628280641 95.093291473389 93.9034253438317 92.7135592142742 91.523693084717 90.3338269551597 89.1439608256023 87.954094696045 86.7370623694528 85.4385314517551
78.9349114100144 79.4761327743535 80.0173541386927 80.558575503032 81.0997968673712 81.6410182317103 82.1822395960496 83.2637254714971 84.525299517314 85.7868735631312 87.0484476089482 88.3100216547652 89.5715957005823 90.8331697463993 92.0130441029871 92.9478193918869 93.8825946807865 94.8173699696862 95.752145258586 96.6869205474856 97.6216958363853 98.5564711252851 98.9377859115603 99.1346138636274 99.3314418156944 99.5282697677614 99.7250977198284 99.9219256718955 100.118753623962 100.093191719055 99.4004602432253 98.7077287673952 98.0149972915652 97.3222658157351 96.629534339905 95.936802864075 95.2440713882448 94.3714714050296 93.4389152526858 92.5063591003419 91.5738029479982 90.6412467956545 89.7086906433106 88.7761344909668 87.7434726715089 86.410493850708
75.5269666247902 75.9645006179814 76.4020346111726 76.8395686043638 77.277102597555 77.7146365907462 78.1521705839374 79.249391237895 80.5665074454416 81.8836236529884 83.200739860535 84.5178560680816 85.8349722756284 87.152088483175 88.4314016977949 89.5973059336348 90.7632101694745 91.9291144053143 93.0950186411542 94.260922876994 95.4268271128337 96.5927313486737 97.1723772048952 97.5566036012439 97.9408299975927 98.3250563939414 98.70928279029 99.0935091866388 99.4777355829875 99.5789113998416 98.8309354782106 98.0829595565798 97.334983634949 96.5870077133181 95.8390317916872 95.0910558700564 94.3430799484255 93.6496513366701 92.9744051615399 92.2991589864096 91.6239128112794 90.9486666361492 90.2734204610189 89.5981742858887 88.7498829735652 87.382456249661
73.7328391604953 74.0786955515543 74.4245519426133 74.7704083336724 75.1162647247315 75.4621211157905 75.8079775068495 76.8839190800983 78.2032223807439 79.5225256813897 80.8418289820352 82.1611322826807 83.4804355833265 84.7997388839721 86.1313713497584 87.4999913109673 88.868611272176 90.2372312333846 91.6058511945935 92.9744711558022 94.3430911170109 95.7117110782198 96.512944348653 97.125048722161 97.737153095669 98.349257469177 98.961361842685 99.573466216193 100.185570589701 100.432492574056 99.5838673909504 98.735242207845 97.8866170247396 97.037991841634 96.1893666585286 95.3407414754232 94.4921162923177 93.7303455988566 92.9975264019437 92.2647072050307 91.5318880081178 90.7990688112049 90.0662496142919 89.333430417379 88.4609286838112 87.1693793402781
73.5525290171305 73.8187175750732 74.084906133016 74.3510946909587 74.6172832489014 74.8834718068441 75.1496603647869 76.1673089981078 77.4354443232217 78.7035796483358 79.9717149734497 81.2398502985635 82.5079856236776 83.7761209487915 85.1129530588784 86.6558755238851 88.1987979888915 89.7417204538979 91.2846429189045 92.8275653839109 94.3704878489173 95.913410313924 96.9594873428343 97.8399492263791 98.7204111099241 99.6008729934689 100.481334877014 101.361796760559 102.242258644103 102.653935241699 101.659255981445 100.664576721191 99.6698974609374 98.6752182006834 97.6805389404296 96.6858596801758 95.6911804199218 94.6135541915894 93.5082789738974 92.4030037562053 91.2977285385134 90.1924533208215 89.0871781031294 87.9819028854374 86.8766098022466 85.771263122559
73.3722188737657 73.5587395985921 73.7452603234185 73.9317810482449 74.1183017730713 74.3048224978977 74.4913432227241 75.4506989161172 76.6676662656994 77.8846336152818 79.101600964864 80.3185683144462 81.5355356640286 82.7525030136108 84.0945347679984 85.8117597368028 87.5289847056069 89.246209674411 90.9634346432155 92.6806596120196 94.3978845808237 96.1151095496281 97.4060303370155 98.5548497305972 99.7036691241792 100.852488517761 102.001307911343 103.150127304924 104.298946698506 104.875377909342 103.73464457194 102.593911234538 101.453177897135 100.312444559733 99.1717112223307 98.0309778849285 96.890244547526 95.4967627843222 94.0190315458512 92.54130030738 91.063569068909 89.585837830438 88.1081065919667 86.6303753534957 85.2922909206819 84.3731469048397
73.1919087304009 73.298761622111 73.4056145138211 73.5124674055312 73.6193202972412 73.7261731889513 73.8330260806614 74.7340888341267 75.8998882081772 77.0656875822279 78.2314869562784 79.3972863303289 80.5630857043796 81.7288850784301 83.0761164771183 84.9676439497205 86.8591714223224 88.7506988949242 90.6422263675264 92.5337538401283 94.4252813127301 96.3168087853323 97.8525733311968 99.2697502348154 100.686927138434 102.104104042053 103.521280945671 104.93845784929 106.355634752909 107.096820576986 105.810033162435 104.523245747884 103.236458333333 101.949670918783 100.662883504232 99.3760960896811 98.0893086751302 96.3799713770551 94.529784117805 92.6795968585546 90.8294095993045 88.9792223400545 87.1290350808041 85.278847821554 83.7079720391171 82.9750306871205
73.0115985870362 73.0387836456299 73.0659687042237 73.0931537628175 73.1203388214112 73.147523880005 73.1747089385987 74.0174787521362 75.132110150655 76.246741549174 77.3613729476928 78.4760043462117 79.5906357447307 80.7052671432495 82.0576981862383 84.1235281626383 86.1893581390378 88.2551881154374 90.3210180918374 92.386848068237 94.4526780446366 96.5185080210365 98.2991163253781 99.9846507390335 101.670185152689 103.355719566345 105.04125398 106.726788393656 108.412322807311 109.318263244629 107.885421752929 106.45258026123 105.019738769531 103.586897277832 102.154055786133 100.721214294434 99.2883728027343 97.2631799697878 95.0405366897587 92.8178934097292 90.5952501297001 88.372606849671 86.1499635696415 83.9273202896124 82.1236531575525 81.5769144694013
72.8312884436714 72.7788056691488 72.7263228946263 72.6738401201037 72.6213573455811 72.5688745710586 72.516391796536 73.3008686701456 74.3643320931327 75.4277955161201 76.4912589391072 77.5547223620944 78.6181857850817 79.6816492080688 81.0392798953582 83.279412375556 85.5195448557533 87.7596773359506 89.9998098161483 92.2399422963457 94.480074776543 96.7202072567407 98.7456593195593 100.699551243252 102.653443166944 104.607335090637 106.561227014329 108.515118938022 110.469010861714 111.539705912272 109.960810343424 108.381914774577 106.803019205729 105.224123636881 103.645228068034 102.066332499186 100.487436930339 98.1463885625207 95.5512892617125 92.9561899609039 90.3610906600957 87.7659913592875 85.1708920584789 82.5757927576707 80.5393342759877 80.1787982516821
73.2320112652248 73.0264693578084 72.820927450392 72.6153855429755 72.4098436355591 72.2043017281427 71.9987598207262 72.7320419947305 73.7782655292085 74.8244890636867 75.8707125981647 76.9169361326428 77.963159667121 79.009383201599 80.3776512569846 82.7120528750947 85.0464544932044 87.3808561113141 89.7152577294241 92.0496593475338 94.3840609656435 96.7184625837536 98.8261096954343 100.858171971639 102.890234247843 104.922296524048 106.954358800252 108.986421076457 111.018483352661 112.15441608429 110.60196018219 109.049504280091 107.497048377991 105.944592475891 104.392136573792 102.839680671692 101.287224769592 98.7764127095545 95.9461485968702 93.1158844841854 90.2856203715011 87.4553562588168 84.6250921461321 81.7948280334478 79.6081178241307 79.3520693249173
74.2137670516967 73.7817747116088 73.349782371521 72.9177900314331 72.4857976913453 72.0538053512575 71.6218130111696 72.310998725891 73.3739104588825 74.4368221918741 75.4997339248656 76.5626456578571 77.6255573908487 78.6884691238402 80.0728122711177 82.4214496612547 84.7700870513913 87.1187244415278 89.4673618316648 91.8159992218014 94.164636611938 96.513274002075 98.5404674530026 100.460512924194 102.380558395386 104.300603866577 106.220649337768 108.14069480896 110.060740280151 111.162393760682 109.808871269226 108.455348777771 107.101826286316 105.748303794861 104.394781303406 103.041258811951 101.687736320496 99.1532524108891 96.2251146952318 93.2969769795739 90.3688392639165 87.4407015482591 84.5125638326013 81.5844261169439 79.3300038019817 79.0967276891073
