data/working_set_collections/6091692-Cassins_Sparrow-MC/2015/bio13.asc
NCOLS 265 
NROWS 230 
XLLCORNER -115.5625 
YLLCORNER 24.8333333333333 
CELLSIZE 0.0833333333333333 
NODATA_value -9999 
[rows 140 to 159 of 230, columns 138 to 183 of 265]
61.8430674976775 61.6846326510114 61.5261978043453 61.3677629576792 61.2381804148359 61.1182153066002 60.9982501983645 60.8782850901288 60.758319981893 60.6383548736574 60.5183897654217 60.6223643196953 61.3981578614975 62.1739514032999 62.9497449451022 63.7255384869045 64.5013320287069 65.2771255705091 66.0529191123114 66.2020094553631 66.1421987321643 66.0823880089655 66.0225772857667 65.9627665625679 65.9029558393692 65.8431451161704 66.6484506607049 70.0491050084423 73.4497593561803 76.8504137039178 80.2510680516552 83.6517223993932 87.0523767471306 90.4530310948681 93.8383396148676 97.2185328589538 100.59872610304 103.978919347127 107.359112591213 110.739305835299 114.119499079386 117.373460091484 120.248724407619 123.123988723754 125.999253039889 128.874517356024
60.4681719991898 60.2254537900291 59.9827355808684 59.7400173717077 59.7059213002524 59.7413659413657 59.776810582479 59.8122552235922 59.8476998647055 59.8831445058188 59.918589146932 60.1195953157212 60.8172860675387 61.5149768193562 62.2126675711737 62.9103583229912 63.6080490748087 64.3057398266262 65.0034305784437 65.1713517506919 65.1626830630833 65.1540143754748 65.1453456878663 65.1366770002578 65.1280083126493 65.1193396250408 65.9711194992058 69.4042450586946 72.8373706181839 76.2704961776726 79.7036217371614 83.1367472966507 86.5698728561394 90.0029984156282 93.4794933319086 96.9704447004522 100.461396068996 103.95234743754 107.443298806084 110.934250174627 114.425201543172 117.730197948879 120.477329466077 123.224460983276 125.971592500474 128.718724017672
59.0932765007022 58.7662749290469 58.4392733573917 58.1122717857365 58.1736621856692 58.3645165761314 58.5553709665936 58.7462253570558 58.937079747518 59.1279341379802 59.3187885284425 59.6168263117472 60.2364142735798 60.8560022354126 61.4755901972453 62.0951781590779 62.7147661209107 63.3343540827434 63.953942044576 64.1406940460207 64.1831673940024 64.2256407419842 64.268114089966 64.3105874379477 64.3530607859295 64.3955341339112 65.2937883377068 68.7593851089469 72.2249818801875 75.6905786514275 79.1561754226676 82.6217721939082 86.0873689651482 89.5529657363883 93.1206470489496 96.7223565419507 100.324066034952 103.925775527953 107.527485020955 111.129194513956 114.730904006957 118.086935806274 120.705934524535 123.324933242797 125.943931961059 128.562930679321
57.7183810022145 57.3070960680646 56.8958111339148 56.484526199765 56.6414030710858 56.9876672108969 57.3339313507081 57.6801954905193 58.0264596303304 58.3727237701416 58.7189879099528 59.1140573077731 59.655542479621 60.1970276514689 60.7385128233168 61.2799979951646 61.8214831670126 62.3629683388604 62.9044535107083 63.1100363413494 63.2036517249214 63.2972671084935 63.3908824920655 63.4844978756376 63.5781132592096 63.6717286427817 64.6164571762078 68.1145251591991 71.6125931421911 75.1106611251824 78.6087291081737 82.1067970911657 85.604865074157 89.1029330571483 92.7618007659906 96.4742683834492 100.186736000908 103.899203618367 107.611671235825 111.324138853284 115.036606470743 118.443673663669 120.934539582994 123.425405502319 125.916271421644 128.407137340969
57.2049031151666 56.7931138356527 56.3813245561388 55.9695352766249 56.1357028325398 56.494522666931 56.8533425013223 57.2121623357136 57.5709821701049 57.9298020044962 58.2886218388875 58.6872071372137 59.205088827345 59.7229705174763 60.2408522076076 60.7587338977389 61.2766155878702 61.7944972780015 62.3123789681327 62.5098341941833 62.6004805988736 62.6911270035638 62.781773408254 62.8724198129442 62.9630662176344 63.0537126223247 64.0062946213609 67.544683403438 71.0830721855158 74.621460967593 78.1598497496701 81.6982385317479 85.236627313825 88.7750160959022 92.5064163208002 96.3021536933043 100.097891065808 103.893628438313 107.689365810817 111.485103183321 115.280840555826 118.716170883178 121.070280075073 123.424389266967 125.778498458862 128.132607650756
57.552842839559 57.2243282318115 56.8958136240641 56.5672990163167 56.6565614700316 56.8850829442341 57.1136044184366 57.3421258926391 57.5706473668416 57.7991688410441 58.0276903152466 58.3362758000691 58.885053316752 59.433830833435 59.9826083501179 60.5313858668008 61.0801633834838 61.6289409001667 62.1777184168496 62.3400876045227 62.373654015859 62.4072204271953 62.4407868385315 62.4743532498678 62.5079196612041 62.5414860725404 63.4633006731662 67.0498598416637 70.6364190101618 74.2229781786593 77.8095373471568 81.396096515655 84.9826556841525 88.56921485265 92.3544937133783 96.2060124715161 100.057531229654 103.909049987792 107.76056874593 111.612087504068 115.463606262206 118.904427464803 121.113156000772 123.321884536743 125.530613072713 127.739341608683
57.9007825639513 57.6555426279704 57.4103026919895 57.1650627560086 57.1774201075235 57.2756432215372 57.3738663355509 57.4720894495646 57.5703125635783 57.668535677592 57.7667587916057 57.9853444629245 58.565017806159 59.1446911493937 59.7243644926282 60.3040378358628 60.8837111790974 61.463384522332 62.0430578655665 62.1703410148621 62.1468274328444 62.1233138508267 62.099800268809 62.0762866867914 62.0527731047737 62.029259522756 62.9203067249714 66.5550362798893 70.1897658348078 73.8244953897257 77.4592249446435 81.093954499562 84.7286840544799 88.3634136093977 92.2025711059564 96.1098712497279 100.017171393499 103.924471537271 107.831771681043 111.739071824814 115.646371968587 119.092684046427 121.156031926472 123.219379806518 125.282727686564 127.346075566609
58.2487222883436 58.0867570241292 57.9247917599148 57.7628264957004 57.6982787450154 57.6662034988403 57.6341282526652 57.6020530064901 57.5699777603149 57.5379025141398 57.5058272679647 57.6344131257798 58.244982295566 58.8555514653523 59.4661206351385 60.0766898049247 60.687258974711 61.2978281444972 61.9083973142834 62.0005944252014 61.9200008498298 61.8394072744582 61.7588136990866 61.6782201237149 61.5976265483433 61.5170329729717 62.3773127767767 66.0602127181149 69.7431126594538 73.426012600792 77.1089125421302 80.791812483469 84.4747124248073 88.1576123661455 92.0506484985345 96.0137300279397 99.9768115573448 103.939893086751 107.902974616156 111.866056145561 115.829137674967 119.280940628051 121.198907852172 123.116875076294 125.034842300415 126.952809524536
58.596662012736 58.517971420288 58.4392808278401 58.3605902353922 58.2191373825073 58.0567637761434 57.8943901697795 57.7320165634155 57.5696429570516 57.4072693506877 57.2448957443238 57.2834817886352 57.924946784973 58.566411781311 59.2078767776488 59.8493417739867 60.4908067703246 61.1322717666625 61.7737367630003 61.8308478355408 61.6931742668152 61.5555006980897 61.4178271293641 61.2801535606385 61.142479991913 61.0048064231874 61.834318828582 65.5653891563406 69.2964594840998 73.0275298118583 76.7586001396169 80.4896704673761 84.2207407951347 87.9518111228933 91.8987258911126 95.9175888061514 99.9364517211903 103.95531463623 107.974177551269 111.993040466307 116.011903381347 119.469197209676 121.241783777872 123.014370346069 124.786956914266 126.559543482462
58.9446017371283 58.9491858164469 58.9537698957654 58.958353975084 58.7399960199992 58.4473240534465 58.1546520868938 57.861980120341 57.5693081537883 57.2766361872356 56.9839642206829 56.9325504514905 57.60491127438 58.2772720972696 58.9496329201591 59.6219937430486 60.2943545659382 60.9667153888277 61.6390762117172 61.6611012458802 61.4663476838007 61.2715941217212 61.0768405596416 60.8820869975621 60.6873334354826 60.492579873403 61.2913248803873 65.0705655945662 68.8498063087458 72.6290470229247 76.4082877371036 80.1875284512832 83.9667691654621 87.746009879641 91.7468032836907 95.8214475843632 99.8960918850357 103.970736185709 108.045380486381 112.120024787054 116.194669087727 119.6574537913 121.284659703572 122.911865615844 124.539071528117 126.166277440389
59.638989416758 59.6928080558775 59.7466266949969 59.8004453341164 59.4809479395547 59.0370118670993 58.5930757946438 58.1491397221883 57.7052036497328 57.2612675772774 56.8173315048219 56.6452158715989 57.2885615560742 57.9319072405497 58.575252925025 59.2185986095004 59.8619442939759 60.5052899784512 61.1486356629266 61.1374400456749 60.9080639945139 60.6786879433528 60.4493118921918 60.2199358410308 59.9905597898698 59.7611837387087 60.5431736946099 64.3592616717012 68.1753496487931 71.9914376258843 75.8075256029756 79.6236135800675 83.4397015571587 87.25578953425 91.3020995457962 95.4251502354932 99.5482009251902 103.671251614888 107.794302304585 111.917352994282 116.04040368398 119.51951798333 121.06682311164 122.614128239949 124.161433368259 125.708738496568
60.6798250516254 60.7488381385801 60.8178512255349 60.8868643124896 60.4419931411743 59.8258272171021 59.2096612930299 58.5934953689575 57.9773294448853 57.3611635208131 56.7449975967408 56.4214780489603 56.9758976300556 57.5303172111511 58.0847367922465 58.6391563733418 59.1935759544373 59.7479955355326 60.302415116628 60.2598642349245 60.0183231989545 59.7767821629844 59.5352411270144 59.2937000910443 59.0521590550743 58.8106180191042 59.5898652712497 63.4314773877452 67.2730895042414 71.114701620737 74.9563137372325 78.7979258537287 82.6395379702243 86.4811500867198 90.5646146774286 94.728696759541 98.8927788416534 103.056860923766 107.220943005879 111.385025087991 115.549107170104 119.055389785766 120.588274002075 122.121158218384 123.654042434692 125.186926651001
61.7206606864927 61.8048682212828 61.8890757560728 61.9732832908629 61.4030383427938 60.6146425671048 59.8262467914159 59.0378510157268 58.2494552400378 57.4610594643489 56.6726636886598 56.1977402263217 56.663233704037 57.1287271817525 57.5942206594679 58.0597141371832 58.5252076148987 58.9907010926141 59.4561945703294 59.3822884241742 59.1285824033951 58.874876382616 58.6211703618369 58.3674643410579 58.1137583202788 57.8600522994997 58.6365568478895 62.5036931037893 66.3708293596898 70.2379656155897 74.1051018714895 77.97223812739 81.8393743832899 85.7065106391897 89.8271298090611 94.0322432835888 98.2373567581166 102.442470232645 106.647583707173 110.852697181701 115.057810656229 118.591261588202 120.10972489251 121.628188196818 123.146651501125 124.665114805433
62.76149632136 62.8608983039854 62.9603002866107 63.059702269236 62.3640835444132 61.4034579171075 60.4428322898019 59.482206662496 58.5215810351903 57.5609554078846 56.6003297805788 55.9740024036831 56.3505697780185 56.7271371523539 57.1037045266893 57.4802719010247 57.8568392753602 58.2334066496956 58.609974024031 58.5047126134239 58.2388416078358 57.9729706022477 57.7070995966596 57.4412285910715 57.1753575854834 56.9094865798953 57.6832484245293 61.5759088198335 65.4685692151383 69.3612296104424 73.2538900057465 77.1465504010513 81.0392107963555 84.9318711916596 89.0896449406936 93.3357898076367 97.5819346745798 101.828079541524 106.074224408467 110.32036927541 114.566514142354 118.127133390638 119.631175782945 121.135218175252 122.639260567559 124.143302959866
63.8023319562274 63.916928386688 64.0315248171486 64.1461212476092 63.3251287460327 62.1922732671103 61.0594177881879 59.9265623092653 58.7937068303428 57.6608513514204 56.5279958724978 55.7502645810445 56.0379058519999 56.3255471229553 56.6131883939107 56.9008296648662 57.1884709358216 57.476112206777 57.7637534777324 57.6271368026735 57.3491008122764 57.0710648218793 56.7930288314821 56.514992841085 56.2369568506879 55.9589208602907 56.7299400011691 60.6481245358775 64.5663090705867 68.4844936052951 72.4026781400035 76.3208626747126 80.239047209421 84.1572317441295 88.3521600723261 92.6393363316845 96.926512591043 101.213688850402 105.500865109761 109.788041369119 114.075217628478 117.663005193074 119.15262667338 120.642248153686 122.131869633992 123.621491114298
64.8431675910948 64.9729584693907 65.1027493476866 65.2325402259825 64.2861739476523 62.9810886171131 61.6760032865739 60.3709179560345 59.0658326254953 57.7607472949561 56.4556619644167 55.5265267584059 55.7252419259813 55.9239570935567 56.1226722611322 56.3213874287076 56.520102596283 56.7188177638584 56.9175329314338 56.7495609919232 56.459360016717 56.1691590415109 55.8789580663047 55.5887570910986 55.2985561158924 55.0083551406862 55.7766315778089 59.7203402519216 63.664048926035 67.6077576001477 71.5514662742605 75.4951749483739 79.4388836224866 83.3825922965993 87.6146752039585 91.9428828557323 96.2710905075062 100.599298159281 104.927505811055 109.255713462828 113.583921114603 117.19887699551 118.674077563815 120.149278132121 121.624478700426 123.099679268731
65.4008574697706 65.5659868558247 65.7311162418789 65.896245627933 64.8959488232932 63.5071766217552 62.1184044202172 60.729632218679 59.340860017141 57.952087815603 56.5633156140647 55.5448303010728 55.6372056537204 55.729581006368 55.8219563590156 55.9143317116632 56.0067070643108 56.0990824169584 56.1914577696059 56.0017294565838 55.7179665883384 55.434203720093 55.1504408518475 54.8666779836021 54.5829151153566 54.2991522471111 55.0559281349174 58.9343202908824 62.812712446848 66.691104602813 70.569496758778 74.4478889147436 78.3262810707086 82.2046732266736 86.450859769185 90.8196444405443 95.1884291119036 99.5572137832637 103.925998454623 108.294783125982 112.663567797342 116.334543185764 117.912090725369 119.489638264974 121.067185804579 122.644733344184
65.4754015922546 65.6960135459899 65.9166254997253 66.1372374534606 65.1544533729555 63.7705372810366 62.3866211891178 61.0027050971987 59.6187890052798 58.234872913361 56.8509568214418 55.8051752090454 55.7737970352173 55.7424188613892 55.7110406875611 55.679662513733 55.6482843399049 55.6169061660767 55.5855279922487 55.3836421966554 55.1249205271405 54.8661988576255 54.6074771881105 54.3487555185955 54.0900338490806 53.8313121795656 54.5678296724948 58.2900646527599 62.0122996330256 65.7345346132907 69.4567695935559 73.1790045738216 76.9012395540867 80.6234745343518 84.8607137680049 89.2696210861199 93.6785284042348 98.0874357223506 102.496343040466 106.905250358581 111.314157676696 115.070003763834 116.86666615804 118.663328552246 120.459990946452 122.256653340657
65.5499457147386 65.8260402361551 66.1021347575717 66.3782292789882 65.4129579226178 64.0338979403181 62.6548379580183 61.2757779757184 59.8967179934186 58.5176580111189 57.138598028819 56.065520117018 55.9103884167142 55.7552567164103 55.6001250161066 55.4449933158028 55.2898616154989 55.1347299151951 54.9795982148914 54.765554936727 54.5318744659425 54.298193995158 54.0645135243735 53.830833053589 53.5971525828045 53.36347211202 54.0797312100721 57.6458090146374 61.2118868192032 64.7779646237684 68.3440424283337 71.9101202328995 75.4761980374648 79.04227584203 83.2705677668248 87.7195977316954 92.1686276965661 96.6176576614374 101.066687626308 105.515717591179 109.96474755605 113.805464341905 115.821241590711 117.837018839518 119.852796088324 121.868573337131
65.6244898372225 65.9560669263203 66.287644015418 66.6192211045158 65.67146247228 64.2972585995995 62.9230547269189 61.548850854238 60.1746469815575 58.8004431088769 57.4262392361961 56.3258650249905 56.0469797982111 55.7680945714315 55.4892093446521 55.2103241178726 54.931438891093 54.6525536643136 54.3736684375341 54.1474676767987 53.9388284047446 53.7301891326906 53.5215498606365 53.3129105885825 53.1042713165285 52.8956320444744 53.5916327476495 57.0015533765149 60.4114740053809 63.8213946342462 67.2313152631116 70.6412358919776 74.051156520843 77.4610771497084 81.6804217656449 86.1695743772711 90.6587269888974 95.1478796005244 99.6370322121507 104.126184823777 108.615337435404 112.540924919976 114.775817023383 117.01070912679 119.245601230197 121.480493333604
