data/working_set_collections/6091692-Cassins_Sparrow-MC/2015/bio14.asc
NCOLS 265 
NROWS 230 
XLLCORNER -115.5625 
YLLCORNER 24.8333333333333 
CELLSIZE 0.0833333333333333 
NODATA_value -9999 
[rows 0 to 19 of 230, columns 184 to 229 of 265]
9.35401351451871 9.34654197427959 9.33907043404047 9.42994615236914 9.55360429022043 9.67726242807171 9.80092056592302 9.92457870377431 10.0482368416256 10.1718949794769 10.3011701160007 10.4472962485419 10.5934223810831 10.7395485136244 10.8856746461656 11.0318007787069 11.1779269112481 11.3240530437893 11.316961367925 11.2587970892588 11.2006328105927 11.1424685319265 11.0843042532603 11.0261399745941 10.9679756959279 10.933974287245 10.9724614885118 11.0109486897786 11.0494358910455 11.0879230923123 11.1264102935791 11.1648974948459 11.2033846961127 11.1953364928564 11.1717764880922 11.1482164833281 11.124656478564 11.1010964737998 11.0775364690357 11.0539764642716 11.1334056297937 11.5218023061751 11.9101989825566 12.298595658938 12.6869923353194 13.0753890117009
9.57990915775297 9.56764900684355 9.55538885593413 9.6230535984039 9.71735997200009 9.81166634559628 9.90597271919248 10.0002790927887 10.0945854663849 10.1888918399811 10.2935940424601 10.4294837315877 10.5653734207153 10.7012631098429 10.8371527989705 10.9730424880981 11.1089321772257 11.2448218663533 11.2485851764679 11.2083063602448 11.1680275440216 11.1277487277985 11.0874699115753 11.0471910953522 11.006912279129 10.9794430414836 10.9904025395711 11.0013620376587 11.0123215357463 11.0232810338338 11.0342405319214 11.045200030009 11.0561595280965 11.054654955864 11.0489956935247 11.0433364311854 11.0376771688461 11.0320179065069 11.0263586441676 11.0206993818283 11.1151775598525 11.5100680589675 11.9049585580825 12.2998490571975 12.6947395563124 13.0896300554275
9.80580480098721 9.78875603940749 9.77170727782777 9.81616104443864 9.88111565377973 9.94607026312083 10.0110248724619 10.075979481803 10.1409340911441 10.2058887004852 10.2860179689195 10.4116712146335 10.5373244603475 10.6629777060614 10.7886309517754 10.9142841974894 11.0399374432034 11.1655906889173 11.1802089850108 11.1578156312307 11.1354222774506 11.1130289236705 11.0906355698903 11.0682422161102 11.0458488623301 11.0249117957221 11.0083435906304 10.9917753855387 10.9752071804471 10.9586389753554 10.9420707702637 10.925502565172 10.9089343600803 10.9139734188716 10.9262148989572 10.9384563790427 10.9506978591283 10.9629393392139 10.9751808192995 10.9874222993851 11.0969494899113 11.4983338117598 11.8997181336084 12.301102455457 12.7024867773055 13.1038710991541
10.0317004442215 10.0098630719714 9.98802569972142 10.0092684904734 10.0448713355594 10.0804741806454 10.1160770257314 10.1516798708174 10.1872827159034 10.2228855609894 10.2784418953789 10.3938586976793 10.5092754999796 10.62469230228 10.7401091045803 10.8555259068807 10.970942709181 11.0863595114814 11.1118327935537 11.1073249022166 11.1028170108795 11.0983091195424 11.0938012282054 11.0892933368683 11.0847854455312 11.0703805499607 11.0262846416897 10.9821887334188 10.9380928251479 10.8939969168769 10.849901008606 10.805805100335 10.7617091920641 10.7732918818792 10.8034341043896 10.8335763269001 10.8637185494105 10.8938607719209 10.9240029944314 10.9541452169418 11.0787214199701 11.4865995645522 11.8944777091343 12.3023558537164 12.7102339982985 13.1181121428807
10.2575960874557 10.2309701045354 10.2043441216151 10.2023759365082 10.2086270173391 10.21487809817 10.2211291790008 10.2273802598317 10.2336313406626 10.2398824214935 10.2708658218384 10.3760461807251 10.4812265396118 10.5864068984985 10.6915872573852 10.796767616272 10.9019479751587 11.0071283340454 11.0434566020966 11.0568341732025 11.0702117443085 11.0835893154144 11.0969668865204 11.1103444576263 11.1237220287323 11.1158493041992 11.044225692749 10.9726020812988 10.9009784698487 10.8293548583985 10.7577312469483 10.6861076354981 10.6144840240479 10.6326103448868 10.6806533098221 10.7286962747574 10.7767392396927 10.824782204628 10.8728251695633 10.9208681344986 11.0604933500289 11.4748653173445 11.8892372846603 12.3036092519759 12.7179812192916 13.1323531866073
10.48349173069 10.4520771370993 10.4206625435087 10.3954833825429 10.3723826991187 10.3492820156945 10.3261813322703 10.3030806488461 10.2799799654219 10.2568792819977 10.2632897482978 10.3582336637709 10.453177579244 10.5481214947171 10.6430654101901 10.7380093256632 10.8329532411363 10.9278971566094 10.9750804106394 11.0063434441884 11.0376064777374 11.0688695112864 11.1001325448354 11.1313955783844 11.1626586119334 11.1613180584378 11.0621667438083 10.9630154291789 10.8638641145495 10.76471279992 10.6655614852906 10.5664101706611 10.4672588560317 10.4919288078944 10.5578725152546 10.6238162226147 10.6897599299749 10.755703637335 10.8216473446952 10.8875910520554 11.0422652800877 11.4631310701369 11.8839968601862 12.3048626502354 12.7257284402846 13.1465942303339
10.6742956876755 10.6451278660032 10.615960044331 10.5865906238556 10.5571540037791 10.5277173837026 10.4982807636261 10.4688441435496 10.4394075234731 10.4099709033966 10.408641605907 10.4916342761781 10.5746269464492 10.6576196167204 10.7406122869915 10.8236049572626 10.9065976275338 10.9895902978049 11.0421547174453 11.0845763868755 11.1269980563057 11.1694197257359 11.2118413951662 11.2542630645964 11.2966847340266 11.3038788398107 11.2053902546565 11.1069016695022 11.008413084348 10.9099244991938 10.8114359140396 10.7129473288854 10.6144587437312 10.63621032238 10.6980419556299 10.7598735888798 10.8217052221298 10.8835368553797 10.9453684886296 11.0072001218795 11.1550481451881 11.5609453386729 11.9668425321578 12.3727397256426 12.7786369191274 13.1845341126123
10.8300079584122 10.810122291247 10.7902366240819 10.7756976604462 10.7629409313202 10.7501842021942 10.7374274730682 10.7246707439422 10.7119140148163 10.6991572856903 10.706921394666 10.7762480179468 10.8455746412277 10.9149012645085 10.9842278877894 11.0535545110702 11.1228811343511 11.1922077576319 11.2446795225143 11.2915330012639 11.3383864800135 11.3852399587631 11.4320934375127 11.4789469162623 11.5258003950119 11.543531648318 11.4738962252935 11.404260802269 11.3346253792445 11.26498995622 11.1953545331955 11.125719110171 11.0560836871465 11.0654548883438 11.1011616309483 11.1368683735529 11.1725751161575 11.2082818587621 11.2439886013666 11.2796953439712 11.3988419453302 11.7683081229527 12.1377743005752 12.5072404781976 12.8767066558201 13.2461728334426
10.9857202291488 10.9751167164908 10.9645132038328 10.9648046970367 10.9687278588613 10.9726510206858 10.9765741825103 10.9804973443349 10.9844205061594 10.988343667984 11.005201183425 11.0608617597156 11.1165223360061 11.1721829122967 11.2278434885872 11.2835040648778 11.3391646411683 11.3948252174589 11.4472043275833 11.4984896156523 11.5497749037212 11.6010601917902 11.6523454798592 11.7036307679282 11.7549160559972 11.7831844568252 11.7424021959305 11.7016199350357 11.6608376741409 11.6200554132461 11.5792731523513 11.5384908914566 11.4977086305618 11.4946994543075 11.5042813062667 11.513863158226 11.5234450101852 11.5330268621444 11.5426087141037 11.5521905660629 11.6426357454723 11.9756709072324 12.3087060689925 12.6417412307526 12.9747763925127 13.3078115542729
11.1414324998855 11.1401111417346 11.1387897835837 11.1539117336273 11.1745147864024 11.1951178391774 11.2157208919525 11.2363239447275 11.2569269975026 11.2775300502777 11.303480972184 11.3454755014843 11.3874700307846 11.4294645600848 11.4714590893851 11.5134536186854 11.5554481479856 11.5974426772859 11.6497291326522 11.7054462300406 11.761163327429 11.8168804248174 11.8725975222057 11.9283146195941 11.9840317169825 12.0228372653325 12.0109081665675 11.9989790678024 11.9870499690373 11.9751208702723 11.9631917715072 11.9512626727422 11.9393335739771 11.9239440202713 11.9074009815851 11.890857942899 11.8743149042129 11.8577718655268 11.8412288268407 11.8246857881546 11.8864295456144 12.1830336915121 12.4796378374099 12.7762419833076 13.0728461292054 13.3694502751032
11.2971447706222 11.3051055669784 11.3130663633346 11.3430187702179 11.3803017139435 11.417584657669 11.4548676013946 11.4921505451202 11.5294334888458 11.5667164325714 11.6017607609431 11.630089243253 11.658417725563 11.686746207873 11.715074690183 11.743403172493 11.7717316548029 11.8000601371129 11.8522539377212 11.912402844429 11.9725517511367 12.0327006578445 12.0928495645523 12.15299847126 12.2131473779678 12.2624900738398 12.2794141372045 12.2963382005691 12.3132622639338 12.3301863272984 12.3471103906631 12.3640344540278 12.3809585173924 12.353188586235 12.3105206569036 12.2678527275721 12.2251847982406 12.1825168689092 12.1398489395777 12.0971810102463 12.1302233457565 12.3903964757918 12.6505696058273 12.9107427358627 13.170915865898 13.4310889959335
11.4528570413589 11.4700999922222 11.4873429430855 11.5321258068084 11.5860886414845 11.6400514761606 11.6940143108367 11.7479771455129 11.801939980189 11.8559028148651 11.9000405497021 11.9147029850218 11.9293654203414 11.9440278556611 11.9586902909808 11.9733527263005 11.9880151616202 12.0026775969399 12.0547787427902 12.1193594588173 12.1839401748445 12.2485208908716 12.3131016068988 12.3776823229259 12.4422630389531 12.5021428823471 12.5479201078414 12.5936973333358 12.6394745588302 12.6852517843246 12.731029009819 12.7768062353133 12.8225834608077 12.7824331521987 12.7136403322219 12.6448475122451 12.5760546922683 12.5072618722915 12.4384690523147 12.3696762323379 12.3740171458985 12.5977592600716 12.8215013742446 13.0452434884177 13.2689856025907 13.4927277167638
11.5386596282323 11.5667453474469 11.5948310666614 11.6522710164388 11.7194957097371 11.7867204030355 11.8539450963338 11.9211697896321 11.9883944829305 12.0556191762288 12.1080381366941 12.1160398986604 12.1240416606267 12.132043422593 12.1400451845593 12.1480469465256 12.1560487084918 12.1640504704581 12.2220142205556 12.2966319666968 12.371249712838 12.4458674589793 12.5204852051205 12.5951029512617 12.6697206974029 12.7422389825185 12.808458884557 12.8746787865956 12.9408986886342 13.0071185906728 13.0733384927113 13.1395583947499 13.2057782967885 13.1664943615595 13.0920424805747 13.0175905995899 12.943138718605 12.8686868376202 12.7942349566353 12.7197830756505 12.7097548484801 12.8929975827534 13.0762403170267 13.2594830513 13.4427257855732 13.6259685198465
11.5545525312424 11.5950416326523 11.6355307340622 11.7034543991089 11.7805229187011 11.8575914382934 11.9346599578857 12.011728477478 12.0887969970703 12.1658655166626 12.2257535219192 12.234099984169 12.2424464464187 12.2507929086685 12.2591393709183 12.267485833168 12.2758322954178 12.2841787576675 12.3539603710174 12.4442203680674 12.5344803651174 12.6247403621673 12.7150003592173 12.8052603562673 12.8955203533172 12.982778374354 13.0610304673512 13.1392825603485 13.2175346533457 13.2957867463429 13.3740388393402 13.4522909323374 13.5305430253346 13.5053722143173 13.4457271019618 13.3860819896062 13.3264368772507 13.2667917648951 13.2071466525396 13.147501540184 13.1374364535013 13.2761114438374 13.4147864341735 13.5534614245096 13.6921364148457 13.8308114051818
11.5704454342524 11.6233379178577 11.676230401463 11.7546377817789 11.8415501276652 11.9284624735514 12.0153748194376 12.1022871653239 12.1891995112101 12.2761118570963 12.3434689071443 12.3521600696775 12.3608512322108 12.369542394744 12.3782335572772 12.3869247198105 12.3956158823437 12.4043070448769 12.4859065214793 12.591808769438 12.6977110173967 12.8036132653554 12.9095155133141 13.0154177612728 13.1213200092315 13.2233177661895 13.3136020501454 13.4038863341013 13.4941706180572 13.5844549020131 13.674739185969 13.7650234699249 13.8553077538807 13.8442500670751 13.7994117233488 13.7545733796225 13.7097350358963 13.66489669217 13.6200583484437 13.5752200047175 13.5651180585225 13.6592253049214 13.7533325513203 13.8474397977193 13.9415470441182 14.0356542905171
11.5863383372625 11.6516342030631 11.7169300688637 11.805821164449 11.9025773366292 11.9993335088094 12.0960896809896 12.1928458531697 12.2896020253499 12.3863581975301 12.4611842923694 12.4702201551861 12.4792560180028 12.4882918808195 12.4973277436362 12.5063636064529 12.5153994692696 12.5244353320863 12.6178526719411 12.7393971708085 12.860941669676 12.9824861685435 13.1040306674109 13.2255751662784 13.3471196651458 13.4638571580251 13.5661736329396 13.6684901078542 13.7708065827687 13.8731230576832 13.9754395325978 14.0777560075124 14.1800724824269 14.1831279198328 14.1530963447359 14.1230647696389 14.0930331945419 14.0630016194449 14.0329700443479 14.002938469251 13.9927996635436 14.0423391660054 14.0918786684672 14.1414181709289 14.1909576733907 14.2404971758524
11.6022312402725 11.6799304882685 11.7576297362645 11.8570045471191 11.9636045455932 12.0702045440673 12.1768045425415 12.2834045410156 12.3900045394897 12.4966045379638 12.5788996775945 12.5882802406947 12.5976608037948 12.607041366895 12.6164219299952 12.6258024930954 12.6351830561956 12.6445636192957 12.7497988224029 12.8869855721791 13.0241723219553 13.1613590717315 13.2985458215077 13.4357325712839 13.5729193210601 13.7043965498606 13.8187452157338 13.933093881607 14.0474425474802 14.1617912133534 14.2761398792266 14.3904885450998 14.504837210973 14.5220057725906 14.5067809661229 14.4915561596552 14.4763313531875 14.4611065467198 14.4458817402521 14.4306569337844 14.4204812685648 14.4254530270894 14.430424785614 14.4353965441386 14.4403683026631 14.4453400611877
11.6181241432826 11.7082267734739 11.7983294036653 11.9081879297892 12.0246317545573 12.1410755793253 12.2575194040934 12.3739632288615 12.4904070536295 12.6068508783976 12.6966150628196 12.7063403262032 12.7160655895869 12.7257908529705 12.7355161163542 12.7452413797378 12.7549666431215 12.7646919065051 12.8817449728647 13.0345739735497 13.1874029742346 13.3402319749196 13.4930609756045 13.6458899762895 13.7987189769744 13.9449359416961 14.071316798528 14.1976976553598 14.3240785121917 14.4504593690236 14.5768402258554 14.7032210826873 14.8296019395192 14.8608836253484 14.86046558751 14.8600475496715 14.8596295118331 14.8592114739947 14.8587934361563 14.8583753983179 14.848162873586 14.8085668881734 14.7689709027608 14.7293749173482 14.6897789319356 14.650182946523
11.6055657068888 11.6996434529622 11.7937211990356 11.9048177401225 12.0215872128804 12.1383566856384 12.2551261583964 12.3718956311544 12.4886651039123 12.6054345766703 12.6978616635005 12.7172615925471 12.7366615215937 12.7560614506404 12.775461379687 12.7948613087336 12.8142612377802 12.8336611668269 12.9654053370158 13.1345975875854 13.3037898381551 13.4729820887247 13.6421743392944 13.811366589864 13.9805588404337 14.1375116401248 14.2577460871802 14.3779805342356 14.498214981291 14.6184494283464 14.7386838754018 14.8589183224572 14.9791527695126 15.0275098562241 15.0519078228209 15.0763057894177 15.1007037560145 15.1251017226113 15.1494996892081 15.1738976558049 15.1777150286568 15.119790620274 15.0618662118912 15.0039418035083 14.9460173951255 14.8880929867426
11.5645559310913 11.6541805267334 11.7438051223755 11.8468939781189 11.9544709205627 12.0620478630066 12.1696248054504 12.2772017478943 12.3847786903381 12.492355632782 12.5826394796371 12.6210440397263 12.6594485998154 12.6978531599045 12.7362577199936 12.7746622800827 12.8130668401718 12.8514714002609 13.0007799148559 13.1870564142862 13.3733329137166 13.5596094131469 13.7458859125773 13.9321624120076 14.1184389114379 14.2821236451467 14.3780330816904 14.4739425182342 14.569851954778 14.6657613913218 14.7616708278656 14.8575802644094 14.9534897009531 15.0218844652176 15.0811076720555 15.1403308788935 15.1995540857315 15.2587772925695 15.3180004994074 15.3772237062454 15.4091377337774 15.3591242233912 15.3091107130051 15.2590972026189 15.2090836922328 15.1590701818466
