data/working_set_collections/6091692-Cassins_Sparrow-MC/2015/bio16.asc
NCOLS 265 
NROWS 230 
XLLCORNER -115.5625 
YLLCORNER 24.8333333333333 
CELLSIZE 0.0833333333333333 
NODATA_value -9999 
[rows 80 to 99 of 230, columns 184 to 229 of 265]
333.023080698649 335.668727874756 338.314375050862 339.534686787923 340.279886711968 341.025086636013 341.770286560059 342.515486484104 343.260686408149 344.005886332194 345.511681111653 349.299260457356 353.086839803059 356.874419148762 360.661998494465 364.449577840169 368.237157185871 372.024736531574 377.10039876302 382.605421956379 388.110445149738 393.615468343098 399.120491536457 404.625514729816 410.130537923176 413.764312405057 411.784340752496 409.804369099935 407.824397447375 405.844425794814 403.864454142253 401.884482489693 399.904510837132 402.647127787272 406.963940938313 411.280754089355 415.597567240397 419.914380391438 424.231193542479 428.548006693522 432.346873897976 434.591903262668 436.83693262736 439.081961992052 441.326991356743 443.572020721435
330.568847401937 333.360980987548 336.15311457316 337.705205790202 338.843949551052 339.982693311903 341.121437072754 342.260180833604 343.398924594455 344.537668355306 346.329330444335 350.079747517902 353.830164591471 357.580581665038 361.330998738606 365.081415812174 368.831832885741 372.582249959309 377.472458902994 382.742598470051 388.012738037108 393.282877604166 398.553017171223 403.82315673828 409.093296305338 412.528328789606 410.4580400255 408.387751261394 406.317462497288 404.247173733182 402.176884969076 400.10659620497 398.036307440865 400.762003072102 405.086360168456 409.41071726481 413.735074361165 418.059431457519 422.383788553873 426.708145650227 430.54799202813 432.934306250678 435.320620473226 437.706934695773 440.093248918321 442.479563140869
328.114614105225 331.053234100342 333.991854095459 335.87572479248 337.408012390137 338.940299987793 340.472587585449 342.004875183105 343.537162780761 345.069450378418 347.146979777017 350.860234578449 354.573489379882 358.286744181314 361.999998982746 365.713253784179 369.426508585611 373.139763387043 377.844519042968 382.879774983723 387.915030924478 392.950286865234 397.985542805989 403.020798746743 408.056054687499 411.292345174154 409.131739298503 406.971133422852 404.810527547201 402.64992167155 400.489315795899 398.328709920248 396.168104044597 398.876878356933 403.2087793986 407.540680440266 411.872581481933 416.2044825236 420.536383565266 424.868284606933 428.749110158284 431.276709238688 433.804308319092 436.331907399495 438.859506479899 441.387105560303
325.660380808512 328.745487213134 331.830593617757 334.046243794759 335.972075229221 337.897906663682 339.823738098144 341.749569532606 343.675400967068 345.60123240153 347.9646291097 351.640721638996 355.316814168293 358.99290669759 362.668999226887 366.345091756184 370.021184285481 373.697276814778 378.216579182942 383.016951497395 387.817323811848 392.617696126301 397.418068440754 402.218440755207 407.018813069661 410.056361558703 407.805438571507 405.554515584311 403.303592597114 401.052669609918 398.801746622722 396.550823635526 394.29990064833 396.991753641764 401.331198628743 405.670643615722 410.010088602701 414.34953358968 418.688978576659 423.028423563639 426.950228288438 429.619112226698 432.287996164957 434.956880103217 437.625764041476 440.294647979736
322.53231531779 325.728501637776 328.924687957763 331.381251017253 333.591272989909 335.801294962565 338.011316935221 340.221338907877 342.431360880533 344.64138285319 347.237651231553 350.992658827039 354.747666422526 358.502674018011 362.257681613497 366.012689208984 369.76769680447 373.522704399956 377.895826212564 382.474986097547 387.054145982529 391.633305867512 396.212465752495 400.791625637477 405.37078552246 408.256709882949 406.06292766995 403.86914545695 401.675363243951 399.481581030952 397.287798817953 395.094016604954 392.900234391955 395.502377573648 399.703162553574 403.9039475335 408.104732513427 412.305517493353 416.506302473279 420.707087453206 424.566017150879 427.39938100179 430.232744852702 433.066108703613 435.899472554524 438.732836405436
318.730417633057 322.002277374267 325.274137115478 327.880746459961 330.265605672201 332.65046488444 335.03532409668 337.420183308919 339.805042521159 342.189901733398 344.966046142578 348.916046142577 352.866046142578 356.816046142577 360.766046142577 364.716046142578 368.666046142577 372.616046142577 376.882260131835 381.253878784179 385.625497436522 389.997116088867 394.36873474121 398.740353393554 403.111972045898 405.893390146892 403.904206593832 401.915023040772 399.925839487712 397.936655934653 395.947472381592 393.958288828533 391.969105275473 394.408750152587 398.324671173095 402.240592193603 406.156513214111 410.072434234619 413.988355255126 417.904276275635 421.596476745605 424.617515563964 427.638554382324 430.659593200683 433.680632019042 436.701670837402
314.928519948324 318.276053110758 321.623586273193 324.380241902669 326.939938354492 329.499634806315 332.059331258138 334.619027709961 337.178724161783 339.738420613607 342.694441053602 346.839433458115 350.98442586263 355.129418267143 359.274410671657 363.419403076171 367.564395480685 371.709387885199 375.868694051106 380.032771470811 384.196848890516 388.360926310221 392.525003729926 396.68908114963 400.853158569336 403.530070410835 401.745485517715 399.960900624594 398.176315731473 396.391730838352 394.607145945232 392.822561052111 391.03797615899 393.315122731526 396.946179792616 400.577236853705 404.208293914795 407.839350975884 411.470408036973 415.101465098063 418.626936340332 421.835650126139 425.044363911946 428.253077697754 431.461791483561 434.670505269368
311.12662226359 314.549828847249 317.973035430908 320.879737345378 323.614271036784 326.34880472819 329.083338419596 331.817872111002 334.552405802408 337.286939493815 340.422835964626 344.762820773653 349.102805582682 353.442790391709 357.782775200737 362.122760009765 366.462744818793 370.80272962782 374.855127970377 378.811664157443 382.768200344509 386.724736531575 390.681272718641 394.637808905707 398.594345092773 401.166750674778 399.586764441597 398.006778208415 396.426791975234 394.846805742052 393.266819508871 391.68683327569 390.106847042508 392.221495310465 395.567688412136 398.913881513807 402.260074615478 405.606267717149 408.95246081882 412.298653920491 415.657395935058 419.053784688313 422.450173441569 425.846562194824 429.242950948079 432.639339701334
307.324724578858 310.82360458374 314.322484588623 317.379232788086 320.288603719075 323.197974650065 326.107345581055 329.016716512044 331.926087443033 334.835458374023 338.15123087565 342.686208089192 347.221185302734 351.756162516275 356.291139729817 360.826116943359 365.3610941569 369.896071370441 373.841561889648 377.590556844075 381.339551798502 385.088546752929 388.837541707356 392.586536661783 396.335531616211 398.803430938721 397.428043365479 396.052655792237 394.677268218995 393.301880645753 391.92649307251 390.551105499268 389.175717926026 391.127867889404 394.189197031656 397.250526173909 400.311855316162 403.373184458414 406.434513600667 409.49584274292 412.687855529785 416.271919250488 419.855982971191 423.440046691894 427.024110412597 430.6081741333
303.522826894124 307.097380320231 310.671933746337 313.878728230794 316.962936401367 320.04714457194 323.131352742513 326.215560913086 329.299769083658 332.383977254232 335.879625786675 340.60959540473 345.339565022786 350.069534640841 354.799504258896 359.529473876953 364.259443495008 368.989413113063 372.827995808919 376.369449530707 379.910903252495 383.452356974283 386.993810696071 390.53526441786 394.076718139648 396.440111202664 395.269322289361 394.098533376058 392.927744462755 391.756955549453 390.58616663615 389.415377722847 388.244588809544 390.034240468343 392.810705651177 395.587170834011 398.363636016845 401.14010119968 403.916566382514 406.693031565348 409.718315124511 413.490053812662 417.261792500813 421.033531188964 424.805269877115 428.577008565267
300.252885182698 303.953923119438 307.654961056179 311.077114105224 314.406305525037 317.73549694485 321.064688364664 324.393879784477 327.723071204291 331.052262624104 334.736683146158 339.486790974934 344.23689880371 348.987006632486 353.737114461262 358.487222290038 363.237330118814 367.98743794759 371.785431162516 375.26605283949 378.746674516465 382.22729619344 385.707917870415 389.18853954739 392.669161224365 395.082731204563 394.295146094428 393.507560984294 392.719975874159 391.932390764024 391.14480565389 390.357220543755 389.569635433621 391.385751088459 394.06976699829 396.753782908121 399.437798817952 402.121814727782 404.805830637613 407.489846547444 410.437990654838 414.178519354925 417.919048055012 421.659576755099 425.400105455185 429.140634155272
297.51489944458 301.393232981363 305.271566518147 308.974390411377 312.618711090087 316.263031768798 319.907352447509 323.55167312622 327.195993804931 330.840314483642 334.7224029541 339.317794799803 343.913186645507 348.50857849121 353.103970336913 357.699362182617 362.294754028319 366.890145874022 370.713867950439 374.280366770426 377.846865590413 381.4133644104 384.979863230387 388.546362050373 392.112860870361 394.731290944417 394.50551478068 394.279738616943 394.053962453206 393.828186289469 393.602410125732 393.376633961995 393.150857798258 395.182399749755 397.966381072997 400.750362396239 403.534343719481 406.318325042723 409.102306365965 411.886287689208 414.846882120767 418.337315877277 421.827749633788 425.318183390298 428.808617146808 432.299050903319
294.776913706461 298.832542843288 302.888171980115 306.871666717529 310.831116655137 314.790566592745 318.750016530354 322.709466467963 326.668916405571 330.62836634318 334.708122762043 339.148798624673 343.589474487304 348.030150349934 352.470826212564 356.911502075195 361.352177937825 365.792853800455 369.642304738362 373.294680701361 376.94705666436 380.59943262736 384.251808590358 387.904184553357 391.556560516357 394.379850684272 394.715883466932 395.051916249593 395.387949032253 395.723981814914 396.060014597575 396.396047380235 396.732080162895 398.97904841105 401.862995147704 404.746941884357 407.630888621011 410.514835357665 413.398782094318 416.282728830972 419.255773586696 422.49611239963 425.736451212564 428.976790025498 432.217128838432 435.457467651366
292.038927968343 296.271852705213 300.504777442084 304.768943023681 309.043522220187 313.318101416693 317.592680613199 321.867259809705 326.141839006211 330.416418202717 334.693842569986 338.979802449543 343.265762329101 347.551722208658 351.837682088215 356.123641967773 360.40960184733 364.695561726887 368.570741526285 372.308994632296 376.047247738307 379.785500844319 383.52375395033 387.262007056341 391.000260162353 394.028410424126 394.926252153184 395.824093882243 396.721935611301 397.619777340359 398.517619069417 399.415460798475 400.313302527533 402.775697072346 405.759609222411 408.743521372476 411.727433522541 414.711345672606 417.695257822671 420.679169972737 423.664665052625 426.654908921982 429.64515279134 432.635396660698 435.625640530055 438.615884399413
289.300942230224 293.711162567138 298.121382904052 302.666219329834 307.255927785237 311.84563624064 316.435344696044 321.025053151448 325.614761606851 330.204470062255 334.679562377929 338.810806274413 342.942050170898 347.073294067382 351.204537963866 355.335781860351 359.467025756835 363.598269653319 367.499178314209 371.323308563232 375.147438812255 378.971569061279 382.795699310302 386.619829559325 390.443959808349 393.676970163981 395.136620839436 396.596271514892 398.055922190348 399.515572865803 400.975223541259 402.434874216715 403.89452489217 406.572345733641 409.656223297118 412.740100860594 415.823978424071 418.907855987547 421.991733551024 425.075611114501 428.073556518553 430.813705444334 433.553854370116 436.294003295897 439.034152221678 441.77430114746
286.562956492106 291.150472429063 295.73798836602 300.563495635986 305.468333350287 310.373171064588 315.278008778889 320.18284649319 325.087684207491 329.992521921793 334.665282185871 338.641810099283 342.618338012695 346.594865926106 350.571393839517 354.547921752929 358.52444966634 362.500977579752 366.427615102132 370.337622494167 374.247629886202 378.157637278238 382.067644670274 385.977652062309 389.887659454345 393.325529903835 395.346989525688 397.368449147542 399.389908769395 401.411368391248 403.432828013102 405.454287634955 407.475747256808 410.368994394937 413.552837371825 416.736680348713 419.920523325601 423.104366302489 426.288209279377 429.472052256265 432.482447984482 434.972501966687 437.462555948892 439.952609931097 442.442663913302 444.932717895507
285.916543070474 290.629892137314 295.343241204154 300.350971221923 305.456828223333 310.562685224743 315.668542226154 320.774399227565 325.880256228975 330.986113230386 335.796392991807 339.719941033256 343.643489074706 347.567037116156 351.490585157605 355.414133199055 359.337681240504 363.261229281954 367.138240305582 370.999738989935 374.861237674288 378.722736358642 382.584235042995 386.445733727348 390.307232411702 393.793834516737 396.155746883815 398.517659250895 400.879571617974 403.241483985052 405.603396352132 407.96530871921 410.327221086289 413.465952301025 416.863623131645 420.261293962265 423.658964792886 427.056635623507 430.454306454127 433.851977284748 437.010609605576 439.452126397026 441.893643188476 444.335159979925 446.776676771375 449.218193562824
287.361701965331 292.149421691893 296.937141418455 302.028646087645 307.221412404377 312.414178721108 317.606945037841 322.799711354572 327.992477671304 333.185243988036 338.072894795734 342.045199076333 346.017503356933 349.989807637531 353.96211191813 357.934416198729 361.906720479328 365.879024759927 369.63105392456 373.309658050536 376.988262176512 380.666866302489 384.345470428466 388.024074554442 391.702678680419 395.081884002685 397.562892913817 400.04390182495 402.524910736083 405.005919647216 407.486928558349 409.967937469482 412.448946380614 415.863219451903 419.588580576577 423.313941701252 427.039302825926 430.764663950601 434.490025075275 438.21538619995 441.658041381835 444.25257873535 446.847116088866 449.441653442381 452.036190795897 454.630728149413
288.806860860188 293.668951246472 298.531041632757 303.706320953368 308.985996585421 314.265672217473 319.545347849527 324.82502348158 330.104699113632 335.384374745686 340.349396599662 344.37045711941 348.391517639159 352.412578158907 356.433638678655 360.454699198404 364.475759718152 368.4968202379 372.123867543537 375.619577111137 379.115286678737 382.610996246337 386.106705813937 389.602415381536 393.098124949137 396.369933488633 398.97003894382 401.570144399006 404.170249854193 406.77035530938 409.370460764566 411.970566219753 414.570671674939 418.260486602782 422.31353802151 426.366589440238 430.419640858967 434.472692277695 438.525743696423 442.578795115152 446.305473158093 449.053031073675 451.800588989257 454.548146904838 457.29570482042 460.043262736001
290.252019755045 295.188480801051 300.124941847058 305.383995819091 310.750580766465 316.117165713838 321.483750661213 326.850335608587 332.216920555961 337.583505503335 342.62589840359 346.695715162488 350.765531921386 354.835348680283 358.90516543918 362.974982198078 367.044798956976 371.114615715873 374.616681162515 377.929496171738 381.242311180961 384.555126190185 387.867941199408 391.180756208631 394.493571217854 397.657982974581 400.377184973822 403.096386973063 405.815588972303 408.534790971543 411.253992970784 413.973194970024 416.692396969264 420.657753753661 425.038495466443 429.419237179225 433.799978892007 438.180720604789 442.561462317571 446.942204030354 450.952904934352 453.853483412 456.754061889647 459.654640367295 462.555218844942 465.45579732259
