data/working_set_collections/6091692-Cassins_Sparrow-MC/2015/bio19.asc
NCOLS 265 
NROWS 230 
XLLCORNER -115.5625 
YLLCORNER 24.8333333333333 
CELLSIZE 0.0833333333333333 
NODATA_value -9999 
[rows 20 to 39 of 230, columns 138 to 183 of 265]
31.8445877287123 31.8013565699259 31.7581254111396 31.7148942523532 31.3714946111044 30.9280388090347 30.4845830069649 30.0411272048951 29.5976714028253 29.1542156007556 28.7107597986858 28.5062011877695 29.0183341503142 29.530467112859 30.0426000754037 30.5547330379485 31.0668660004933 31.578998963038 32.0911319255827 32.4333288987477 32.7188805421193 33.0044321854909 33.2899838288625 33.5755354722341 33.8610871156057 34.1466387589773 34.8473200427158 36.7933902475565 38.7394604523975 40.6855306572381 42.6316008620788 44.5776710669198 46.5237412717604 48.4698114766011 49.4535673459371 50.1165517701043 50.7795361942714 51.4425206184387 52.1055050426058 52.768489466773 53.4314738909403 53.9273164113363 53.9217332204183 53.9161500295003 53.9105668385823 53.9049836476644
32.0696254518297 31.9691035588582 31.8685816658868 31.7680597729153 31.4072640101116 30.959710290697 30.5121565712824 30.0646028518677 29.6170491324532 29.1694954130386 28.7219416936239 28.5181297779082 29.0455432732898 29.5729567686716 30.1003702640532 30.6277837594349 31.1551972548166 31.6826107501982 32.2100242455799 32.4386836210886 32.5677582899729 32.6968329588572 32.8259076277415 32.9549822966258 33.0840569655101 33.2131316343944 33.7947346422404 35.7339226669731 37.6731106917061 39.6122987164388 41.5514867411715 43.4906747659045 45.4298627906372 47.3690508153699 48.4588178316752 49.2654445118373 50.0720711919995 50.8786978721618 51.685324552324 52.4919512324861 53.2985779126484 53.9170785268148 53.9712009429931 54.0253233591715 54.0794457753499 54.1335681915283
32.2946631749471 32.1368505477905 31.979037920634 31.8212252934774 31.4430334091187 30.9913817723593 30.5397301355999 30.0880784988404 29.636426862081 29.1847752253216 28.7331235885621 28.530058368047 29.0727523962655 29.6154464244842 30.1581404527027 30.7008344809213 31.2435285091399 31.7862225373585 32.328916565577 32.4440383434296 32.4166360378266 32.3892337322236 32.3618314266206 32.3344291210176 32.3070268154146 32.2796245098116 32.7421492417651 34.6744550863898 36.6067609310149 38.5390667756396 40.4713726202643 42.4036784648894 44.3359843095141 46.2682901541388 47.4640683174133 48.4143372535705 49.3646061897276 50.3148751258849 51.2651440620421 52.2154129981992 53.1656819343565 53.9068406422933 54.020668665568 54.1344966888427 54.2483247121175 54.3621527353922
32.5197008980645 32.3045975367228 32.0894941753812 31.8743908140395 31.4788028081259 31.0230532540216 30.5673036999174 30.1115541458131 29.6558045917088 29.2000550376046 28.7443054835002 28.5419869581857 29.0999615192412 29.6579360802967 30.2159106413522 30.7738852024077 31.3318597634632 31.8898343245187 32.4478088855742 32.4493930657705 32.2655137856802 32.0816345055899 31.8977552254996 31.7138759454093 31.529996665319 31.3461173852286 31.6895638412897 33.6149875058064 35.5404111703235 37.4658348348403 39.391258499357 41.3166821638741 43.2421058283909 45.1675294929077 46.4693188031514 47.5632299953036 48.6571411874557 49.751052379608 50.8449635717602 51.9388747639124 53.0327859560647 53.8966027577718 54.0701363881428 54.2436700185139 54.417203648885 54.5907372792561
32.9824120044708 32.7182001590728 32.4539883136749 32.189776468277 31.79170905749 31.3490231249068 30.9063371923235 30.4636512597402 30.0209653271569 29.5782793945737 29.1355934619903 28.9394483036463 29.4829254680207 30.0264026323953 30.5698797967697 31.1133569611441 31.6568341255186 32.2003112898931 32.7437884542675 32.6878258228302 32.432049926122 32.1762740294139 31.9204981327057 31.6647222359975 31.4089463392894 31.1531704425812 31.4220102575085 33.2646972073443 35.1073841571804 36.9500711070162 38.792758056852 40.6354450066882 42.4781319565239 44.3208189063597 45.6708338737486 46.856624846988 48.0424158202274 49.228206793467 50.4139977667065 51.5997887399459 52.7855797131855 53.7330216619703 53.9654165373908 54.1978114128113 54.4302062882317 54.6626011636521
33.682796494166 33.3776584148406 33.0725203355153 32.76738225619 32.3817521572113 31.9692913850148 31.5568306128184 31.1443698406219 30.7319090684255 30.319448296229 29.9069875240325 29.7224424044289 30.2216442426043 30.7208460807798 31.2200479189553 31.7192497571307 32.2184515953062 32.7176534334817 33.2168552716571 33.1593366146087 32.9162444591522 32.6731523036957 32.4300601482391 32.1869679927826 31.943875837326 31.7007836818695 31.9394884904221 33.6235841910039 35.307679891586 36.9917755921678 38.6758712927496 40.3599669933317 42.0440626939135 43.7281583944953 45.0686135292052 46.2945218086241 47.520430088043 48.746338367462 49.9722466468809 51.1981549262998 52.4240632057189 53.4160973548889 53.7065091133117 53.9969208717346 54.2873326301574 54.5777443885802
34.3831809838613 34.0371166706085 33.6910523573557 33.344988044103 32.9717952569326 32.589559645123 32.2073240333133 31.8250884215037 31.4428528096941 31.0606171978845 30.6783815860748 30.5054365052115 30.9603630171879 31.4152895291645 31.8702160411409 32.3251425531173 32.7800690650938 33.2349955770703 33.6899220890467 33.6308474063873 33.4004389921824 33.1700305779775 32.9396221637725 32.7092137495676 32.4788053353627 32.2483969211578 32.4569667233357 33.9824711746635 35.5079756259915 37.0334800773193 38.5589845286471 40.0844889799752 41.609993431303 43.1354978826307 44.4663931846617 45.7324187702601 46.9984443558584 48.264469941457 49.5304955270553 50.7965211126536 52.0625466982522 53.0991730478074 53.4476016892327 53.7960303306579 54.1444589720831 54.4928876135083
35.0835654735565 34.6965749263763 34.3095843791962 33.922593832016 33.5618383566538 33.2098279052311 32.8578174538083 32.5058070023854 32.1537965509627 31.8017860995399 31.449775648117 31.2884306059942 31.6990817917716 32.1097329775491 32.5203841633265 32.931035349104 33.3416865348815 33.7523377206589 34.1629889064363 34.1023581981659 33.8846335252126 33.6669088522593 33.449184179306 33.2314595063527 33.0137348333995 32.7960101604461 32.9744449562493 34.3413581583231 35.7082713603971 37.0751845624709 38.4420977645446 39.8090109666187 41.1759241686924 42.5428373707662 43.8641728401183 45.1703157318961 46.4764586236739 47.7826015154519 49.0887444072297 50.3948872990075 51.7010301907855 52.782248740726 53.1886942651536 53.5951397895812 54.0015853140088 54.4080308384364
35.7839499632518 35.3560331821441 34.9281164010366 34.500199619929 34.1518814563751 33.8300961653391 33.5083108743032 33.1865255832671 32.8647402922312 32.5429550011952 32.2211697101592 32.0714247067767 32.4378005663552 32.8041764259337 33.1705522855121 33.5369281450905 33.903304004669 34.2696798642475 34.6360557238259 34.5738689899444 34.3688280582428 34.1637871265411 33.9587461948394 33.7537052631378 33.5486643314361 33.3436233997344 33.4919231891628 34.7002451419826 35.9085670948026 37.1168890476224 38.3252110004422 39.5335329532622 40.741854906082 41.9501768589017 43.2619524955748 44.6082126935321 45.9544728914894 47.3007330894469 48.6469932874042 49.9932534853614 51.3395136833189 52.4653244336446 52.9297868410745 53.3942492485046 53.8587116559346 54.3231740633645
36.484334452947 36.015491437912 35.546648422877 35.077805407842 34.7419245560964 34.4503644254472 34.1588042947981 33.8672441641489 33.5756840334998 33.2841239028507 32.9925637722015 32.8544188075594 33.1765193409388 33.4986198743183 33.8207204076977 34.1428209410772 34.4649214744567 34.7870220078361 35.1091225412155 35.045379781723 34.853022591273 34.6606654008229 34.4683082103729 34.2759510199229 34.0835938294728 33.8912366390228 34.0094014220764 35.0591321256422 36.1088628292082 37.1585935327739 38.2083242363397 39.2580549399057 40.3077856434714 41.3575163470372 42.6597321510313 44.0461096551681 45.4324871593048 46.8188646634418 48.2052421675785 49.5916196717153 50.9779971758523 52.1484001265631 52.6708794169955 53.1933587074279 53.7158379978603 54.2383172882926
36.773679690891 36.2695152282716 35.7653507656523 35.2611863030329 34.9507193247478 34.7048181745742 34.4589170244006 34.2130158742269 33.9671147240533 33.7212135738797 33.4753124237061 33.3599473423427 33.6361904674105 33.9124335924784 34.1886767175462 34.464919842614 34.7411629676818 35.0174060927496 35.2936492178174 35.2451094627381 35.0883087476095 34.9315080324809 34.7747073173523 34.6179066022237 34.4611058870952 34.3043051719665 34.4146748436819 35.3265556759302 36.2384365081786 37.1503173404268 38.062198172675 38.9740790049234 39.8859598371716 40.7978406694198 42.069208049774 43.4604042794967 44.8516005092194 46.2427967389423 47.633992968665 49.0251891983877 50.4163854281106 51.606835216946 52.1950456831189 52.783256149292 53.3714666154649 53.9596770816378
36.6519856770835 36.1181045532228 35.5842234293621 35.0503423055015 34.7782657623292 34.5934574127198 34.4086490631104 34.223840713501 34.0390323638916 33.8542240142823 33.6694156646728 33.5880103111266 33.8168139457702 34.0456175804138 34.2744212150573 34.5032248497009 34.7320284843444 34.960832118988 35.1896357536315 35.1730580329895 35.0746865272522 34.9763150215149 34.8779435157776 34.7795720100403 34.681200504303 34.5828289985656 34.7077434539793 35.5025157928464 36.2972881317137 37.0920604705809 37.886832809448 38.6816051483153 39.4763774871825 40.2711498260497 41.4903801918028 42.8510965665179 44.211812941233 45.5725293159484 46.9332456906635 48.2939620653786 49.6546784400939 50.8406297047933 51.5022856394449 52.1639415740967 52.8255975087483 53.4872534434
36.530291663276 35.966693878174 35.403096093072 34.83949830797 34.6058121999105 34.4820966508654 34.3583811018202 34.2346655527751 34.11095000373 33.9872344546848 33.8635189056396 33.8160732799105 33.9974374241298 34.1788015683492 34.3601657125684 34.5415298567877 34.722894001007 34.9042581452263 35.0856222894456 35.101006603241 35.061064306895 35.0211220105489 34.9811797142029 34.9412374178568 34.9012951215108 34.8613528251648 35.0008120642766 35.6784759097627 36.3561397552489 37.033803600735 37.7114674462211 38.3891312917073 39.0667951371934 39.7444589826795 40.9115523338316 42.2417888535391 43.5720253732466 44.9022618929544 46.2324984126619 47.5627349323694 48.8929714520771 50.0744241926405 50.8095255957708 51.5446269989013 52.2797284020317 53.0148298051621
36.4085976494685 35.8152832031251 35.2219687567818 34.6286543104386 34.4333586374919 34.370735889011 34.3081131405301 34.2454903920492 34.1828676435683 34.1202448950874 34.0576221466064 34.0441362486945 34.1780609024895 34.3119855562845 34.4459102100796 34.5798348638746 34.7137595176697 34.8476841714647 34.9816088252597 35.0289551734924 35.0474420865377 35.0659289995829 35.0844159126282 35.1029028256734 35.1213897387186 35.1398766517639 35.293880674574 35.854436026679 36.4149913787841 36.9755467308891 37.5361020829941 38.0966574350992 38.6572127872042 39.2177681393092 40.3327244758604 41.6324811405604 42.9322378052603 44.2319944699604 45.5317511346603 46.8315077993602 48.1312644640603 49.3082186804876 50.1167655520967 50.925312423706 51.7338592953151 52.5424061669242
36.286903635661 35.6638725280763 35.0408414204917 34.4178103129071 34.2609050750733 34.2593751271566 34.2578451792399 34.2563152313232 34.2547852834066 34.2532553354899 34.2517253875732 34.2721992174784 34.3586843808492 34.4451695442199 34.5316547075907 34.6181398709615 34.7046250343323 34.791110197703 34.8775953610738 34.9569037437439 35.0338198661804 35.1107359886169 35.1876521110534 35.2645682334899 35.3414843559265 35.418400478363 35.5869492848713 36.0303961435952 36.4738430023192 36.9172898610432 37.3607367197672 37.8041835784912 38.2476304372151 38.6910772959391 39.7538966178893 41.0231734275816 42.2924502372739 43.5617270469665 44.8310038566588 46.1002806663511 47.3695574760436 48.5420131683349 49.4240055084227 50.3059978485107 51.1879901885985 52.0699825286864
36.1652096218535 35.5124618530275 34.8597140842016 34.2069663153757 34.0884515126546 34.1480143653022 34.2075772179498 34.2671400705973 34.3267029232449 34.3862657758924 34.44582862854 34.5002621862623 34.5393078592088 34.5783535321553 34.6173992051018 34.6564448780483 34.6954905509949 34.7345362239414 34.7735818968879 34.8848523139953 35.0201976458231 35.1555429776509 35.2908883094787 35.4262336413065 35.5615789731343 35.6969243049621 35.8800178951686 36.2063562605115 36.5326946258544 36.8590329911973 37.1853713565402 37.5117097218831 37.838048087226 38.1643864525689 39.1750687599181 40.4138657146028 41.6526626692875 42.8914596239725 44.1302565786572 45.3690535333419 46.6078504880268 47.7758076561821 48.7312454647486 49.6866832733154 50.6421210818819 51.5975588904485
35.6279110378692 34.9515088399254 34.2751066419816 33.5987044440378 33.5243198553722 33.6506078031329 33.7768957508935 33.9031836986542 34.0294716464149 34.1557595941756 34.2820475419363 34.3815439065298 34.4006655216218 34.4197871367137 34.4389087518057 34.4580303668976 34.4771519819896 34.4962735970815 34.5153952121735 34.6366473515829 34.7919429990981 34.9472386466132 35.1025342941284 35.2578299416436 35.4131255891588 35.568421236674 35.7555972841051 36.0384145312839 36.3212317784627 36.6040490256415 36.8868662728203 37.1696835199992 37.452500767178 37.7353180143568 38.7128956794737 39.9220601505701 41.1312246216665 42.3403890927631 43.5495535638595 44.7587180349559 45.9678825060525 47.1247873306273 48.124913215637 49.1250391006469 50.1251649856566 51.1252908706663
34.675007883708 33.9810134887698 33.2870190938317 32.5930246988936 32.5685101032258 32.7671554406485 32.9658007780712 33.1644461154939 33.3630914529165 33.5617367903392 33.7603821277619 33.9160443782807 33.9427573680878 33.969470357895 33.9961833477021 34.0228963375092 34.0496093273163 34.0763223171235 34.1030353069306 34.2122888565064 34.3490559260051 34.4858229955038 34.6225900650025 34.7593571345012 34.8961242039999 35.0328912734986 35.2136874516805 35.5265709559123 35.8394544601441 36.1523379643758 36.4652214686076 36.7781049728394 37.0909884770711 37.4038719813029 38.3673773765562 39.5477567354836 40.728136094411 41.9085154533385 43.0888948122658 44.2692741711932 45.4496535301207 46.5889521916706 47.6050087610879 48.6210653305053 49.6371218999225 50.6531784693398
33.7221047295468 33.0105181376142 32.2989315456817 31.5873449537493 31.6127003510794 31.8837030781641 32.1547058052487 32.4257085323334 32.6967112594181 32.9677139865028 33.2387167135875 33.4505448500316 33.4848492145539 33.5191535790762 33.5534579435985 33.5877623081208 33.6220666726431 33.6563710371654 33.6906754016877 33.7879303614299 33.9061688529121 34.0244073443943 34.1426458358765 34.2608843273587 34.3791228188409 34.4973613103231 34.6717776192559 35.0147273805406 35.3576771418254 35.7006269031101 36.0435766643948 36.3865264256795 36.7294761869642 37.0724259482489 38.0218590736388 39.1734533203971 40.3250475671554 41.4766418139139 42.6282360606721 43.7798303074304 44.9314245541889 46.0531170527139 47.0851043065387 48.1170915603637 49.1490788141885 50.1810660680133
32.7692015753855 32.0400227864586 31.3108439975317 30.5816652086049 30.656890598933 31.0002507156796 31.3436108324263 31.686970949173 32.0303310659197 32.3736911826663 32.717051299413 32.9850453217825 33.0269410610199 33.0688368002574 33.1107325394949 33.1526282787323 33.1945240179698 33.2364197572073 33.2783154964447 33.3635718663534 33.4632817798191 33.5629916932848 33.6627016067505 33.7624115202162 33.8621214336819 33.9618313471477 34.1298677868313 34.502883805169 34.8758998235067 35.2489158418443 35.621931860182 35.9949478785197 36.3679638968573 36.740979915195 37.6763407707213 38.7991499053105 39.9219590398998 41.0447681744892 42.1675773090784 43.2903864436677 44.4131955782571 45.5172819137571 46.5651998519895 47.613117790222 48.6610357284544 49.7089536666868
