data/working_set_collections/6091692-Cassins_Sparrow-MC/2015/bio10.asc
NCOLS 265 
NROWS 230 
XLLCORNER -115.5625 
YLLCORNER 24.8333333333333 
CELLSIZE 0.0833333333333333 
NODATA_value -9999 
[rows 160 to 179 of 230, columns 184 to 229 of 265]
28.0668074607849 28.05038022995 28.033952999115 28.0619836330414 28.1048335552216 28.1476834774017 28.1905333995819 28.2333833217621 28.2762332439423 28.3190831661224 28.3648330688477 28.419282913208 28.4737327575684 28.5281826019287 28.5826324462891 28.6370822906494 28.6915321350098 28.7459819793701 28.7997884273529 28.8533804098765 28.9069723924001 28.9605643749237 29.0141563574473 29.0677483399709 29.1213403224945 29.1772577444712 29.2401514848073 29.3030452251434 29.3659389654795 29.4288327058156 29.4917264461517 29.5546201864878 29.6175139268239 29.604540014267 29.566276884079 29.528013753891 29.489750623703 29.451487493515 29.413224363327 29.374961233139 29.3430189768473 29.3300393422445 29.3170597076416 29.3040800730387 29.2911004384359 29.278120803833
28.0432961463928 28.0190993944804 27.994902642568 28.0174095630646 28.0554843743642 28.0935591856639 28.1316339969635 28.1697088082631 28.2077836195628 28.2458584308624 28.2889714135064 28.3471989101834 28.4054264068603 28.4636539035373 28.5218814002143 28.5801088968913 28.6383363935682 28.6965638902452 28.7621909300486 28.8302844842275 28.8983780384063 28.9664715925852 29.0345651467641 29.102658700943 29.1707522551219 29.2369534227583 29.2974774307675 29.3580014387766 29.4185254467858 29.479049454795 29.5395734628041 29.6000974708133 29.6606214788225 29.6421052773794 29.5972423394521 29.5523794015249 29.5075164635976 29.4626535256704 29.4177905877431 29.3729276498159 29.3360829247369 29.3232928382026 29.3105027516683 29.297712665134 29.2849225785997 29.2721324920654
28.0381294886271 28.0037060843574 27.9692826800876 27.9863106568654 28.0204890939924 28.0546675311194 28.0888459682465 28.1230244053735 28.1572028425005 28.1913812796275 28.2323115295834 28.293497218026 28.3546829064687 28.4158685949114 28.477054283354 28.5382399717967 28.5994256602393 28.660611348682 28.7342619578043 28.8120675404866 28.8898731231689 28.9676787058512 29.0454842885335 29.1232898712158 29.2010954538981 29.2747939003838 29.3361709382799 29.3975479761759 29.458925014072 29.520302051968 29.5816790898641 29.6430561277601 29.7044331656562 29.6835134665171 29.6351615216997 29.5868095768823 29.5384576320648 29.4901056872474 29.44175374243 29.3934017976125 29.3531999270121 29.3374482790629 29.3216966311137 29.3059449831645 29.2901933352152 29.274441687266
28.0513074874878 28.0042002995809 27.957093111674 27.968686914444 27.9998477141062 28.0310085137685 28.0621693134308 28.0933301130931 28.1244909127553 28.1556517124176 28.1948534170786 28.258177836736 28.3215022563934 28.3848266760508 28.4481510957082 28.5114755153656 28.574799935023 28.6381243546804 28.7160015106201 28.798729578654 28.8814576466878 28.9641857147217 29.0469137827555 29.1296418507894 29.2123699188232 29.2907791773478 29.3562320073445 29.4216848373413 29.487137667338 29.5525904973348 29.6180433273315 29.6834961573283 29.748948987325 29.7287645816803 29.6800344308217 29.6313042799632 29.5825741291046 29.5338439782461 29.4851138273875 29.4363836765289 29.3943699836731 29.3725056648254 29.3506413459778 29.3287770271301 29.3069127082825 29.2850483894348
28.0644854863485 28.0046945148044 27.9449035432604 27.9510631720225 27.97920633422 28.0073494964176 28.0354926586151 28.0636358208126 28.0917789830102 28.1199221452077 28.1573953045739 28.222858455446 28.2883216063181 28.3537847571903 28.4192479080624 28.4847110589345 28.5501742098066 28.6156373606788 28.6977410634359 28.7853916168213 28.8730421702067 28.9606927235921 29.0483432769775 29.1359938303629 29.2236443837484 29.3067644543118 29.3762930764092 29.4458216985067 29.5153503206041 29.5848789427015 29.654407564799 29.7239361868964 29.7934648089938 29.7740156968435 29.7249073399438 29.6757989830441 29.6266906261444 29.5775822692447 29.528473912345 29.4793655554454 29.4355400403341 29.407563050588 29.3795860608419 29.3516090710958 29.3236320813497 29.2956550916036
28.0776634852092 28.005188730028 27.9327139748468 27.933439429601 27.9585649543338 27.9836904790666 28.0088160037994 28.0339415285322 28.059067053265 28.0841925779978 28.1199371920691 28.187539074156 28.2551409562429 28.3227428383297 28.3903447204166 28.4579466025035 28.5255484845903 28.5931503666772 28.6794806162516 28.7720536549886 28.8646266937256 28.9571997324626 29.0497727711995 29.1423458099365 29.2349188486735 29.3227497312758 29.3963541454739 29.469958559672 29.5435629738702 29.6171673880683 29.6907718022664 29.7643762164645 29.8379806306627 29.8192668120066 29.7697802490658 29.720293686125 29.6708071231842 29.6213205602434 29.5718339973026 29.5223474343618 29.476710096995 29.4426204363505 29.408530775706 29.3744411150614 29.3403514544169 29.3062617937724
28.0908414840698 28.0056829452515 27.9205244064331 27.9158156871796 27.9379235744476 27.9600314617157 27.9821393489838 28.0042472362518 28.0263551235199 28.048463010788 28.0824790795644 28.152219692866 28.2219603061676 28.2917009194692 28.3614415327708 28.4311821460724 28.500922759374 28.5706633726756 28.6612201690674 28.7587156931559 28.8562112172444 28.953706741333 29.0512022654215 29.1486977895101 29.2461933135986 29.3387350082397 29.4164152145385 29.4940954208374 29.5717756271362 29.649455833435 29.7271360397339 29.8048162460327 29.8824964523315 29.8645179271698 29.8146531581879 29.7647883892059 29.714923620224 29.6650588512421 29.6151940822601 29.5653293132782 29.517880153656 29.477677822113 29.4374754905701 29.3972731590271 29.3570708274841 29.3168684959412
28.1040194829305 28.006177160475 27.9083348380195 27.8981919447581 27.9172821945614 27.9363724443648 27.9554626941681 27.9745529439714 27.9936431937748 28.0127334435781 28.0450209670597 28.116900311576 28.1887796560923 28.2606590006086 28.332538345125 28.4044176896413 28.4762970341576 28.548176378674 28.6429597218831 28.7453777313232 28.8477957407633 28.9502137502034 29.0526317596435 29.1550497690836 29.2574677785237 29.3547202852037 29.4364762836032 29.5182322820027 29.5999882804023 29.6817442788018 29.7635002772013 29.8452562756008 29.9270122740004 29.909769042333 29.8595260673099 29.8092830922869 29.7590401172638 29.7087971422407 29.6585541672177 29.6083111921946 29.559050210317 29.5127352078756 29.4664202054342 29.4201052029928 29.3737902005514 29.32747519811
28.2327526887258 28.1292906602223 28.0258286317189 28.0118773778279 28.0277630488077 28.0436487197875 28.0595343907674 28.0754200617472 28.091305732727 28.1071914037068 28.1363864898681 28.2055098215738 28.2746331532796 28.3437564849853 28.412879816691 28.4820031483968 28.5511264801025 28.6202498118082 28.7110881805419 28.8091648949517 28.9072416093614 29.0053183237711 29.1033950381808 29.2014717525906 29.2995484670003 29.3939096874661 29.4771244261 29.5603391647339 29.6435539033678 29.7267686420017 29.8099833806356 29.8931981192694 29.9764128579033 29.9578156153361 29.9052810457018 29.8527464760674 29.8002119064331 29.7476773367988 29.6951427671645 29.6426081975301 29.5909059471554 29.5417006545597 29.4924953619639 29.4432900693682 29.3940847767724 29.3448794841766
28.4770411014557 28.3750234444936 28.2730057875315 28.2568719863891 28.2693661371866 28.2818602879842 28.2943544387817 28.3068485895792 28.3193427403767 28.3318368911743 28.3565756479899 28.4180482228596 28.4795207977294 28.5409933725992 28.602465947469 28.6639385223388 28.7254110972086 28.7868836720784 28.8656055450439 28.9500771840413 29.0345488230387 29.1190204620361 29.2034921010335 29.2879637400309 29.3724353790283 29.4563032150268 29.5383596420288 29.6204160690307 29.7024724960327 29.7845289230346 29.8665853500366 29.9486417770385 30.0306982040405 30.0086576461792 29.9519180933635 29.8951785405477 29.8384389877319 29.7816994349162 29.7249598821004 29.6682203292847 29.6134473641713 29.5645741621653 29.5157009601593 29.4668277581533 29.4179545561473 29.3690813541412
28.7213295141856 28.6207562287648 28.5201829433441 28.5018665949503 28.5109692255656 28.5200718561808 28.529174486796 28.5382771174113 28.5473797480265 28.5564823786417 28.5767648061116 28.6305866241455 28.6844084421793 28.7382302602132 28.792052078247 28.8458738962809 28.8996957143147 28.9535175323486 29.0201229095459 29.0909894731309 29.161856036716 29.2327226003011 29.3035891638861 29.3744557274712 29.4453222910563 29.5186967425876 29.5995948579576 29.6804929733276 29.7613910886976 29.8422892040676 29.9231873194376 30.0040854348076 30.0849835501777 30.0594996770223 29.9985551410251 29.937610605028 29.8766660690308 29.8157215330336 29.7547769970364 29.6938324610392 29.6359887811873 29.587447669771 29.5389065583547 29.4903654469384 29.4418243355221 29.3932832241058
28.9656179269155 28.8664890130361 28.7673600991567 28.7468612035115 28.7525723139444 28.7582834243774 28.7639945348103 28.7697056452433 28.7754167556762 28.7811278661092 28.7969539642333 28.8431250254313 28.8892960866292 28.9354671478271 28.981638209025 29.0278092702229 29.0739803314209 29.1201513926188 29.1746402740478 29.2319017622206 29.2891632503933 29.346424738566 29.4036862267388 29.4609477149115 29.5182092030843 29.5810902701484 29.6608300738864 29.7405698776245 29.8203096813625 29.9000494851006 29.9797892888387 30.0595290925767 30.1392688963148 30.1103417078654 30.0451921886868 29.9800426695082 29.9148931503296 29.849743631151 29.7845941119724 29.7194445927938 29.6585301982032 29.6103211773766 29.5621121565501 29.5139031357235 29.465694114897 29.4174850940704
29.2099063396454 29.1122217973073 29.0145372549693 28.9918558120727 28.9941754023234 28.996494992574 28.9988145828247 29.0011341730753 29.003453763326 29.0057733535766 29.0171431223551 29.0556634267171 29.0941837310791 29.132704035441 29.171224339803 29.209744644165 29.248264948527 29.286785252889 29.3291576385498 29.3728140513102 29.4164704640706 29.460126876831 29.5037832895914 29.5474397023519 29.5910961151123 29.6434837977091 29.7220652898152 29.8006467819214 29.8792282740275 29.9578097661336 30.0363912582397 30.1149727503458 30.193554242452 30.1611837387085 30.0918292363485 30.0224747339885 29.9531202316284 29.8837657292684 29.8144112269084 29.7450567245483 29.6810716152191 29.6331946849823 29.5853177547455 29.5374408245087 29.4895638942719 29.441686964035
29.4541947523753 29.3579545815786 29.2617144107819 29.2368504206339 29.2357784907023 29.2347065607706 29.233634630839 29.2325627009074 29.2314907709757 29.2304188410441 29.2373322804768 29.2682018280029 29.2990713755289 29.329940923055 29.360810470581 29.3916800181071 29.4225495656331 29.4534191131591 29.4836750030517 29.5137263403998 29.5437776777479 29.573829015096 29.6038803524441 29.6339316897922 29.6639830271403 29.7058773252699 29.783300505744 29.8607236862182 29.9381468666924 30.0155700471666 30.0929932276408 30.1704164081149 30.2478395885891 30.2120257695516 30.1384662840102 30.0649067984687 29.9913473129273 29.9177878273858 29.8442283418444 29.7706688563029 29.703613032235 29.656068192588 29.6085233529409 29.5609785132938 29.5134336736467 29.4658888339996
29.6973388353983 29.608233610789 29.5191283861796 29.4924935976664 29.4866822878519 29.4808709780375 29.475059668223 29.4692483584086 29.4634370485941 29.4576257387797 29.458753326204 29.4806976053449 29.5026418844858 29.5245861636267 29.5465304427676 29.5684747219085 29.5904190010494 29.6123632801903 29.6317445119222 29.6502713945177 29.6687982771131 29.6873251597086 29.7058520423041 29.7243789248996 29.7429058074951 29.7746834860907 29.8462135526869 29.917743619283 29.9892736858792 30.0608037524753 30.1323338190714 30.2038638856676 30.2753939522637 30.2379337946574 30.1641435623169 30.0903533299764 30.0165630976359 29.9427728652954 29.8689826329549 29.7951924006144 29.7275400426653 29.6783013078902 29.629062573115 29.5798238383399 29.5305851035648 29.4813463687897
29.9393385887146 29.8630588849385 29.7867791811625 29.7587853431701 29.7468867937723 29.7349882443746 29.7230896949768 29.711191145579 29.6992925961812 29.6873940467834 29.6814062595367 29.6931507587432 29.7048952579498 29.7166397571563 29.7283842563629 29.7401287555694 29.751873254776 29.7636177539825 29.7733661651611 29.7824492136637 29.7915322621663 29.8006153106689 29.8096983591715 29.8187814076741 29.8278644561767 29.8499022801717 29.9108044306437 29.9717065811157 30.0326087315877 30.0935108820597 30.1544130325317 30.2153151830037 30.2762173334757 30.2389078140259 30.1688610712687 30.0988143285116 30.0287675857544 29.9587208429972 29.8886741002401 29.8186273574829 29.7528526465098 29.6998940308889 29.646935415268 29.593976799647 29.5410181840261 29.4880595684052
30.1813383420308 30.1178841590881 30.0544299761454 30.0250770886739 30.0070912996928 29.9891055107116 29.9711197217305 29.9531339327494 29.9351481437683 29.9171623547872 29.9040591928694 29.9056039121416 29.9071486314137 29.9086933506859 29.9102380699581 29.9117827892303 29.9133275085025 29.9148722277747 29.9149878184 29.9146270328098 29.9142662472195 29.9139054616292 29.9135446760389 29.9131838904487 29.9128231048584 29.9251210742526 29.9753953086005 30.0256695429484 30.0759437772963 30.1262180116441 30.176492245992 30.2267664803399 30.2770407146878 30.2398818333944 30.1735785802206 30.1072753270467 30.0409720738729 29.9746688206991 29.9083655675252 29.8420623143514 29.7781652503543 29.7214867538876 29.6648082574209 29.6081297609541 29.5514512644874 29.4947727680206
30.423338095347 30.3727094332377 30.3220807711283 30.2913688341776 30.2672958056132 30.2432227770487 30.2191497484842 30.1950767199198 30.1710036913553 30.1469306627909 30.126712126202 30.1180570655399 30.1094020048777 30.1007469442155 30.0920918835534 30.0834368228912 30.074781762229 30.0661267015669 30.056609471639 30.0468048519558 30.0370002322727 30.0271956125895 30.0173909929063 30.0075863732232 29.99778175354 30.0003398683336 30.0399861865573 30.0796325047811 30.1192788230048 30.1589251412286 30.1985714594523 30.238217777676 30.2778640958998 30.2408558527629 30.1782960891724 30.1157363255819 30.0531765619914 29.9906167984009 29.9280570348104 29.8654972712199 29.8034778541989 29.7430794768863 29.6826810995738 29.6222827222612 29.5618843449487 29.5014859676361
30.6653378486633 30.6275347073873 30.5897315661112 30.5576605796814 30.5275003115336 30.4973400433858 30.467179775238 30.4370195070902 30.4068592389424 30.3766989707946 30.3493650595347 30.3305102189382 30.3116553783416 30.2928005377451 30.2739456971486 30.2550908565521 30.2362360159556 30.2173811753591 30.1982311248779 30.1789826711019 30.1597342173258 30.1404857635498 30.1212373097738 30.1019888559977 30.0827404022217 30.0755586624145 30.1045770645141 30.1335954666138 30.1626138687134 30.191632270813 30.2206506729126 30.2496690750122 30.2786874771118 30.2418298721314 30.1830135981242 30.124197324117 30.0653810501099 30.0065647761027 29.9477485020956 29.8889322280884 29.8287904580434 29.7646721998851 29.7005539417267 29.6364356835683 29.57231742541 29.5081991672516
30.9073376019795 30.8823599815368 30.8573823610941 30.8239523251851 30.787704817454 30.7514573097229 30.7152098019918 30.6789622942606 30.6427147865295 30.6064672787984 30.5720179928673 30.5429633723365 30.5139087518056 30.4848541312747 30.4557995107439 30.426744890213 30.3976902696821 30.3686356491513 30.3398527781168 30.3111604902479 30.282468202379 30.2537759145101 30.2250836266412 30.1963913387722 30.1676990509033 30.1507774564955 30.169167942471 30.1875584284464 30.2059489144219 30.2243394003974 30.2427298863729 30.2611203723484 30.2795108583238 30.2428038914999 30.187731107076 30.1326583226522 30.0775855382284 30.0225127538045 29.9674399693807 29.9123671849569 29.854103061888 29.7862649228838 29.7184267838796 29.6505886448754 29.5827505058713 29.5149123668671
