data/working_set_collections/6091692-Cassins_Sparrow-MC/2015/bio17.asc
NCOLS 265 
NROWS 230 
XLLCORNER -115.5625 
YLLCORNER 24.8333333333333 
CELLSIZE 0.0833333333333333 
NODATA_value -9999 
[rows 60 to 79 of 230, columns 92 to 137 of 265]
99.127367231581 99.9528889126249 100.778410593669 101.603932274713 102.429453955756 102.678241030375 102.734783236186 102.791325441997 102.847867647807 102.904409853618 102.960952059428 103.017494265239 102.462537680733 100.073084725275 97.6836317698169 95.2941788143591 92.9047258589009 90.5152729034431 88.1258199479853 85.7363669925271 83.6579330444342 81.6831720987962 79.708411153158 77.73365020752 75.7588892618821 73.7841283162438 71.8093673706059 69.6516149097025 66.9448879030024 64.2381608963017 61.5314338896016 58.8247068829014 56.1179798762008 53.4112528695007 50.7045258628005 48.7056608200076 46.9427497651846 45.1798387103616 43.4169276555383 41.6540166007152 39.8911055458922 38.1281944910689 36.3546340571514 34.5491254859506 32.7436169147495 30.9381083435487
97.4082852681479 98.0779513041181 98.7476173400881 99.4172833760582 100.086949412028 100.127583503724 99.9585402806605 99.7894970575974 99.6204538345343 99.4514106114712 99.282367388408 99.1133241653449 98.445400619508 96.2808361053476 94.1162715911875 91.9517070770274 89.787142562867 87.6225780487069 85.4580135345468 83.2934490203864 81.482008361817 79.7882756551114 78.0945429484054 76.4008102416997 74.707077534994 73.0133448282881 71.3196121215824 69.3839366277065 66.7224327723193 64.0609289169316 61.3994250615444 58.7379212061572 56.0764173507695 53.4149134953823 50.753409639995 48.6982683181766 46.8452478408818 44.992227363587 43.1392068862919 41.2861864089971 39.4331659317023 37.5801454544072 35.7520994981135 33.9989771048234 32.245854711533 30.4927323182429
95.6892033047148 96.2030136956111 96.7168240865074 97.2306344774036 97.7444448683 97.5769259770716 97.1822973251348 96.7876686731979 96.3930400212611 95.9984113693243 95.6037827173874 95.2091540654507 94.4282635582828 92.4885874854201 90.5489114125578 88.6092353396955 86.6695592668328 84.7298831939705 82.7902071211081 80.8505310482455 79.3060836791998 77.8933792114264 76.4806747436527 75.0679702758793 73.6552658081059 72.2425613403323 70.8298568725589 69.1162583457105 66.4999776416362 63.8836969375615 61.2674162334872 58.6511355294129 56.0348548253382 53.4185741212639 50.8022934171896 48.6908758163455 46.747745916579 44.8046160168124 42.8614861170455 40.9183562172789 38.9752263175123 37.0320964177454 35.1495649390755 33.4488287236961 31.7480925083164 30.047356292937
93.9701213412816 94.3280760871041 94.6860308329266 95.0439855787491 95.4019403245716 95.0262684504195 94.406054369609 93.7858402887984 93.1656262079879 92.5454121271775 91.9251980463669 91.3049839655564 90.4111264970576 88.6963388654927 86.9815512339281 85.2667636023635 83.5519759707986 81.837188339234 80.1224007076694 78.4076130761045 77.1301589965825 75.9984827677414 74.8668065389 73.7351303100589 72.6034540812178 71.4717778523765 70.3401016235354 68.8485800637145 66.2775225109532 63.7064649581914 61.13540740543 58.5643498526687 55.9932922999069 53.4222347471455 50.8511771943841 48.6834833145145 46.6502439922761 44.6170046700378 42.583765347799 40.5505260255607 38.5172867033223 36.4840473810836 34.5470303800375 32.8986803425688 31.2503303050998 29.6019802676311
92.2510393778485 92.4531384785973 92.655237579346 92.8573366800947 93.0594357808435 92.4756109237677 91.6298114140835 90.7840119043992 89.938212394715 89.0924128850309 88.2466133753466 87.4008138656624 86.3939894358327 84.9040902455656 83.4141910552987 81.9242918650318 80.4343926747647 78.9444934844978 77.454594294231 75.9646951039638 74.9542343139654 74.1035863240565 73.2529383341475 72.4022903442387 71.5516423543298 70.7009943644208 69.850346374512 68.5809017817186 66.0550673802701 63.5292329788213 61.0033985773728 58.4775641759244 55.9517297744755 53.4258953730271 50.9000609715787 48.6760908126835 46.5527420679733 44.4293933232632 42.3060445785527 40.1826958338425 38.0593470891324 35.9359983444218 33.9444958209996 32.3485319614416 30.7525681018833 29.1566042423253
90.5319574144154 90.5782008700903 90.6244443257653 90.6706877814402 90.7169312371151 89.9249533971156 88.8535684585578 87.7821835199997 86.7107985814419 85.639413642884 84.568028704326 83.4966437657681 82.3768523746075 81.1118416256381 79.846830876669 78.5818201276999 77.3168093787305 76.0517986297614 74.7867878807922 73.5217771318229 72.7783096313481 72.2086898803715 71.6390701293948 71.0694503784183 70.4998306274417 69.930210876465 69.3605911254884 68.3132234997226 65.8326122495871 63.3520009994511 60.8713897493156 58.3907784991801 55.9101672490442 53.4295559989087 50.9489447487732 48.6686983108524 46.4552401436705 44.2417819764886 42.0283238093062 39.8148656421243 37.6014074749424 35.3879493077601 33.3419612619616 31.7983835803143 30.2548058986667 28.7112282170194
91.5690433078338 91.6403606838646 91.7116780598953 91.7829954359261 91.8543128119569 90.9313468933102 89.6769532097708 88.4225595262312 87.1681658426918 85.9137721591524 84.6593784756128 83.4049847920733 82.1219344880845 80.7529143227469 79.3838941574096 78.0148739920723 76.6458538267347 75.2768336613974 73.90781349606 72.5387933307225 71.9063391367595 71.5194069332547 71.1324747297499 70.7455425262451 70.3586103227403 69.9716781192355 69.5847459157307 68.6950822936168 66.2972244156737 63.8993665377302 61.501508659787 59.1036507818439 56.7057929039004 54.3079350259572 51.9100771480141 49.5461572964988 47.19355012046 44.8409429444212 42.488335768382 40.1357285923432 37.7831214163044 35.4305142402652 33.2898201836483 31.7848654852977 30.2799107869468 28.7749560885962
95.3622970581048 95.6396179199212 95.9169387817375 96.1942596435539 96.4715805053703 95.494791412353 94.0999656677242 92.7051399230951 91.3103141784663 89.9154884338375 88.5206626892085 87.1258369445797 85.6292357762653 83.8273083368934 82.0253808975218 80.2234534581503 78.4215260187784 76.6195985794068 74.8176711400353 73.0157437006634 72.3383228302002 72.0357374827067 71.7331521352131 71.4305667877197 71.1279814402262 70.8253960927326 70.5228107452392 69.7264781634016 67.4489038785303 65.1713295936586 62.8937553087873 60.616181023916 58.3386067390443 56.061032454173 53.7834581693017 51.3084677696229 48.7676719983422 46.2268762270614 43.6860804557803 41.1452846844995 38.6044889132188 36.0636931419376 33.7880725860598 32.3079776763919 30.8278827667238 29.3477878570559
99.1555508083761 99.6388751559781 100.12219950358 100.605523851182 101.088848198784 100.058235931396 98.5229781256779 96.9877203199594 95.4524625142412 93.917204708523 92.3819469028045 90.8466890970863 89.1365370644464 86.9017023510401 84.6668676376343 82.4320329242284 80.1971982108222 77.9623634974164 75.7275287840105 73.4926940706043 72.7703065236409 72.5520680321587 72.3338295406765 72.1155910491943 71.8973525577121 71.6791140662298 71.4608755747476 70.7578740331865 68.600583341387 66.4432926495872 64.2860019577877 62.1287112659882 59.9714205741884 57.8141298823889 55.6568391905894 53.0707782427472 50.3417938762245 47.6128095097018 44.8838251431786 42.1548407766559 39.4258564101332 36.69687204361 34.2863249884714 32.8310898674862 31.3758547465008 29.9206196255157
102.948804558647 103.638132392035 104.327460225423 105.01678805881 105.706115892198 104.621680450439 102.945990583632 101.270300716824 99.5946108500161 97.9189209832085 96.2432311164006 94.567541249593 92.6438383526274 89.9760963651869 87.3083543777467 84.6406123903066 81.972870402866 79.3051284154259 76.6373864279858 73.9696444405452 73.2022902170817 73.0683985816108 72.9345069461398 72.8006153106689 72.666723675198 72.532832039727 72.3989404042561 71.7892699029714 69.7522628042437 67.7152557055157 65.6782486067881 63.6412415080604 61.6042344093324 59.5672273106048 57.5302202118771 54.8330887158715 51.9159157541068 48.9987427923421 46.0815698305769 43.1643968688123 40.2472239070476 37.3300509452824 34.784577390883 33.3542020585805 31.9238267262779 30.4934513939754
106.742058308918 107.637389628092 108.532720947265 109.428052266438 110.323383585611 109.185124969482 107.369003041585 105.552881113688 103.736759185791 101.920637257894 100.104515329996 98.2883934020993 96.1511396408082 93.0504903793333 89.949841117859 86.8491918563846 83.7485425949097 80.6478933334353 77.547244071961 74.4465948104861 73.6342739105224 73.5847291310627 73.5351843516031 73.4856395721434 73.4360947926838 73.3865500132241 73.3370052337645 72.8206657727562 70.9039422671004 68.9872187614442 67.0704952557884 65.1537717501325 63.2370482444764 61.3203247388205 59.4036012331647 56.5953991889956 53.490037631989 50.3846760749823 47.2793145179752 44.1739529609685 41.0685914039619 37.9632298469548 35.2828297932945 33.8773142496748 32.4717987060548 31.0662831624351
110.53531205919 111.636646864149 112.737981669107 113.839316474066 114.940651279025 113.748569488525 111.792015499539 109.835461510552 107.878907521566 105.922353532579 103.965799543592 102.009245554606 99.6584409289893 96.1248843934801 92.5913278579714 89.0577713224628 85.5242147869535 81.9906582514449 78.4571017159363 74.923545180427 74.0662576039632 74.1010596805148 74.1358617570664 74.1706638336181 74.2054659101697 74.2402679867213 74.275070063273 73.8520616425411 72.0556217299571 70.2591818173727 68.4627419047888 66.6663019922048 64.8698620796204 63.0734221670364 61.2769822544524 58.3577096621199 55.0641595098713 51.7706093576227 48.4770592053735 45.1835090531249 41.8899589008763 38.5964087486272 35.7810821957061 34.4004264407691 33.0197706858319 31.6391149308949
113.314795854356 114.522985415988 115.73117497762 116.939364539252 118.147554100884 117.094775390625 115.288340589735 113.481905788845 111.675470987956 109.869036187066 108.062601386176 106.256166585286 103.934762022231 100.068448172675 96.2021343231203 92.3358204735654 88.4695066240099 84.603192774455 80.7368789249001 76.8705650753446 75.8431657791134 75.7620713339909 75.6809768888683 75.5998824437457 75.5187879986231 75.4376935535005 75.356599108378 74.8750864982608 73.1923193931583 71.5095522880556 69.8267851829531 68.1440180778507 66.4612509727479 64.7784838676455 63.095716762543 60.103573417664 56.6749713261928 53.2463692347217 49.8177671432499 46.3891650517788 42.9605629603076 39.5319608688359 36.6165670765773 35.2407981819579 33.8650292873384 32.489260392719
115.080509694417 116.29640528361 117.512300872802 118.728196461995 119.944092051188 119.223742675781 117.857978312174 116.492213948567 115.126449584961 113.760685221354 112.394920857747 111.02915649414 108.980102920532 104.881181716919 100.782260513306 96.6833393096926 92.5844181060789 88.4854969024659 84.3865756988529 80.2876544952391 78.9649984359737 78.5677640914913 78.1705297470089 77.7732954025266 77.3760610580442 76.9788267135618 76.5815923690794 75.8897403399152 74.314035256704 72.7383301734925 71.1626250902813 69.5869200070701 68.0112149238586 66.4355098406475 64.8598047574363 61.8329904556278 58.3224730809535 54.8119557062792 51.3014383316044 47.7909209569301 44.2804035822558 40.769886207581 37.7892844359081 36.3984294732414 35.0075745105744 33.6167195479076
116.846223534478 118.069825151231 119.293426767985 120.517028384738 121.740630001492 121.352709960937 120.427616034614 119.50252210829 118.577428181966 117.652334255642 116.727240329318 115.802146402994 114.025443818834 109.693915261162 105.362386703491 101.03085814582 96.6993295881482 92.3678010304771 88.0362724728059 83.704743915134 82.0868310928341 81.373456848992 80.6600826051497 79.9467083613076 79.2333341174654 78.5199598736232 77.806585629781 76.9043941815696 75.4357511202497 73.9671080589295 72.4984649976096 71.0298219362897 69.5611788749695 68.0925358136496 66.6238927523297 63.5624074935917 59.9699748357143 56.3775421778369 52.7851095199589 49.1926768620815 45.6002442042041 42.0078115463261 38.9620017952391 37.5560607645249 36.1501197338105 34.7441787030963
118.611937374538 119.843245018853 121.074552663167 122.305860307481 123.537167951795 123.481677246094 122.997253757053 122.512830268012 122.028406778971 121.54398328993 121.059559800889 120.575136311848 119.070784717136 114.506648805406 109.942512893677 105.378376981948 100.814241070218 96.2501051584883 91.685969246759 87.1218333350289 85.2086637496946 84.1791496064927 83.1496354632906 82.1201213200886 81.0906071768867 80.0610930336846 79.0315788904826 77.9190480232241 76.5574669837954 75.1958859443666 73.8343049049379 72.4727238655093 71.1111428260804 69.7495617866517 68.3879807472231 65.2918245315556 61.6174765904751 57.9431286493946 54.2687807083134 50.5944327672329 46.9200848261524 43.2457368850713 40.13471915457 38.7136920558085 37.2926649570466 35.871637858285
120.377651214599 121.616664886474 122.855678558349 124.094692230224 125.333705902099 125.61064453125 125.566891479492 125.523138427734 125.479385375976 125.435632324218 125.39187927246 125.348126220702 124.116125615438 119.31938234965 114.522639083862 109.725895818075 104.929152552287 100.132409286499 95.3356660207117 90.5389227549235 88.3304964065549 86.9848423639932 85.6391883214312 84.2935342788695 82.9478802363078 81.6022261937458 80.2565721511841 78.9337018648784 77.6791828473411 76.4246638298035 75.1701448122661 73.9156257947287 72.6611067771911 71.4065877596537 70.1520687421164 67.0212415695194 63.2649783452358 59.5087151209521 55.7524518966679 51.9961886723842 48.2399254481006 44.4836622238164 41.3074365139009 39.8713233470919 38.4352101802826 36.9990970134737
122.14336505466 123.390084754096 124.636804453531 125.883524152967 127.130243852403 127.739611816406 128.136529201931 128.533446587456 128.930363972981 129.327281358506 129.724198744031 130.121116129557 129.16146651374 124.132115893894 119.102765274048 114.073414654202 109.044064034356 104.01471341451 98.9853627946648 93.9560121748183 91.4523290634154 89.7905351214939 88.128741179572 86.4669472376505 84.805153295729 83.1433593538072 81.4815654118857 79.9483557065329 78.8008987108868 77.6534417152405 76.5059847195944 75.3585277239483 74.211070728302 73.0636137326559 71.9161567370098 68.7506586074833 64.9124800999966 61.0743015925098 57.2361230850224 53.3979445775357 49.5597660700489 45.7215875625615 42.4801538732318 41.0289546383754 39.5777554035188 38.1265561686623
121.094226264954 122.347892697652 123.601559130351 124.855225563049 126.108891995748 126.934388860067 127.617162534926 128.299936209785 128.982709884644 129.665483559503 130.348257234362 131.031030909221 130.351508818734 125.585099432204 120.818690045676 116.052280659147 111.285871272617 106.519461886089 101.75305249956 96.9866431130306 94.3829069773356 92.5000619252524 90.6172168731689 88.7343718210857 86.8515267690024 84.9686817169189 83.0858366648357 81.3800269444784 80.2053232192995 79.0306194941203 77.8559157689414 76.6812120437624 75.5065083185833 74.3318045934043 73.1571008682253 69.9600873311367 66.0889705234112 62.2178537156857 58.3467369079596 54.4756201002341 50.6045032925086 46.7333864847825 43.4602033403187 41.9808211856422 40.5014390309653 39.0220568762888
117.23023484548 118.490088717143 119.749942588807 121.00979646047 122.269650332133 123.194975662232 124.008791478475 124.822607294719 125.636423110962 126.450238927206 127.264054743449 128.077870559693 127.686252530417 123.67833296458 119.670413398744 115.662493832907 111.65457426707 107.646654701233 103.638735135397 99.6308155695597 97.1222301483153 95.1134227752686 93.1046154022215 91.0958080291747 89.087000656128 87.0781932830809 85.0693859100342 83.228715578715 81.892456372579 80.5561971664428 79.2199379603069 77.8836787541709 76.5474195480347 75.2111603418988 73.8749011357628 70.6495277404791 66.7944496154793 62.9393714904795 59.084293365479 55.2292152404793 51.3741371154795 47.519058990479 44.2475849151613 42.7269229888919 41.2062610626222 39.6855991363528
