data/working_set_collections/6091692-Cassins_Sparrow-MC/2015/bio11.asc
NCOLS 265 
NROWS 230 
XLLCORNER -115.5625 
YLLCORNER 24.8333333333333 
CELLSIZE 0.0833333333333333 
NODATA_value -9999 
[rows 140 to 159 of 230, columns 46 to 91 of 265]
13.4373707612356 13.3689794487424 13.3005881362491 13.2321968237559 13.1638055112627 13.0954141987695 12.8088649670284 12.4495964288713 12.0903278907141 11.7310593525569 11.3717908143998 11.0125222762426 10.6532537380855 10.3383845726649 10.1567135254542 9.97504247824354 9.79337143103286 9.61170038382214 9.43002933661145 9.24835828940077 9.06668724219006 9.0105178117752 8.99618225362566 8.98184669547611 8.96751113732656 8.95317557917702 8.93884002102747 8.92450446287793 8.89108208285441 8.80039923720892 8.70971639156344 8.61903354591796 8.52835070027247 8.43766785462699 8.34698500898151 8.25630216333602 8.18990472157796 8.13160241444906 8.07330010732014 8.01499780019124 7.95669549306233 7.89839318593341 7.84009087880451 7.81306615802973 7.87987419631743 7.94668223460512
13.3573083082835 13.2772567802006 13.1972052521176 13.1171537240347 13.0371021959517 12.9570506678687 12.6804469188055 12.3383257627488 11.996204606692 11.6540834506353 11.3119622945786 10.9698411385219 10.6277199824652 10.3280964136124 10.1559656063716 9.98383479913079 9.81170399188999 9.63957318464917 9.46744237740837 9.29531157016758 9.12318076292675 9.05201222896576 9.01449778609806 8.97698334323036 8.93946890036266 8.90195445749496 8.86444001462726 8.82692557175956 8.78112876945075 8.71048488881855 8.63984100818636 8.56919712755417 8.49855324692197 8.42790936628979 8.3572654856576 8.2866216050254 8.24149138132731 8.20486570994059 8.16824003855387 8.13161436716715 8.09498869578043 8.0583630243937 8.02173735300698 8.00894987450702 8.06767697466742 8.1264040748278
13.2772458553314 13.1855341116588 13.0938223679861 13.0021106243134 12.9103988806407 12.818687136968 12.5520288705827 12.2270550966264 11.90208132267 11.5771075487138 11.2521337747575 10.9271600008011 10.6021862268448 10.3178082545599 10.1552176872889 9.99262712001803 9.83003655274712 9.66744598547619 9.50485541820528 9.34226485093437 9.17967428366344 9.09350664615631 9.03281331857047 8.97211999098461 8.91142666339876 8.85073333581291 8.79004000822705 8.7293466806412 8.67117545604709 8.62057054042818 8.56996562480929 8.51936070919039 8.46875579357148 8.41815087795259 8.36754596233369 8.31694104671478 8.29307804107665 8.27812900543212 8.26317996978758 8.24823093414305 8.23328189849851 8.21833286285398 8.20338382720944 8.2048335909843 8.25547975301739 8.30612591505047
13.1971834023794 13.093811443117 12.9904394838545 12.8870675245921 12.7836955653297 12.6803236060673 12.4236108223598 12.1157844305039 11.807958038648 11.5001316467922 11.1923052549363 10.8844788630804 10.5766524712245 10.3075200955073 10.1544697682063 10.0014194409053 9.84836911360426 9.69531878630321 9.5422684590022 9.38921813170118 9.23616780440014 9.13500106334687 9.05112885104287 8.96725663873885 8.88338442643485 8.79951221413085 8.71564000182684 8.63176778952283 8.56122214264342 8.53065619203781 8.50009024143221 8.4695242908266 8.43895834022099 8.40839238961538 8.37782643900978 8.34726048840417 8.344664700826 8.35139230092365 8.35811990102131 8.36484750111896 8.37157510121661 8.37830270131427 8.38503030141192 8.4007173074616 8.44328253136738 8.48584775527315
13.1519677400589 13.0335272073746 12.9150866746903 12.7966461420059 12.6782056093216 12.5597650766373 12.3078804334005 12.0115144199796 11.7151484065586 11.4187823931377 11.1224163797167 10.8260503662958 10.5296843528748 10.271577249633 10.1282468769286 9.98491650422417 9.84158613151978 9.69825575881536 9.55492538611097 9.41159501340657 9.26826464070216 9.16705261866253 9.0798800468445 8.99270747502645 8.90553490320842 8.81836233139039 8.73118975957235 8.64401718775431 8.57170126967959 8.54395531283484 8.51620935599009 8.48846339914533 8.46071744230058 8.43297148545583 8.40522552861108 8.37747957176632 8.3858264128367 8.40620418654547 8.42658196025424 8.446959733963 8.46733750767177 8.48771528138054 8.5080930550893 8.53355053000978 8.57424710856542 8.61494368712106
13.1415988683701 13.0046814044317 12.8677639404933 12.7308464765549 12.5939290126165 12.4570115486781 12.2048377037049 11.9142450650534 11.6236524264018 11.3330597877503 11.0424671490988 10.7518745104472 10.4612818717957 10.2099797169368 10.0765490134557 9.9431183099747 9.80968760649367 9.67625690301261 9.54282619953158 9.40939549605055 9.27596479256949 9.18966131210328 9.11906690597535 9.04847249984741 8.97787809371948 8.90728368759155 8.83668928146361 8.76609487533568 8.70261283715565 8.6604679028193 8.61832296848296 8.57617803414662 8.53403309981027 8.49188816547393 8.4497432311376 8.40759829680125 8.41656317710875 8.44256466229755 8.46856614748636 8.49456763267516 8.52056911786396 8.54657060305276 8.57257208824156 8.60333325862882 8.64837348461149 8.69341371059416
13.1312299966812 12.9758356014888 12.8204412062963 12.6650468111039 12.5096524159114 12.3542580207189 12.1017949740093 11.8169757101272 11.532156446245 11.2473371823629 10.9625179184808 10.6776986545987 10.3928793907166 10.1483821842406 10.0248511499829 9.90132011572523 9.77778908146755 9.65425804720986 9.53072701295219 9.40719597869452 9.28366494443683 9.21227000554403 9.15825376510621 9.10423752466837 9.05022128423055 8.99620504379272 8.94218880335489 8.88817256291706 8.83352440463172 8.77698049280378 8.72043658097584 8.66389266914791 8.60734875731998 8.55080484549205 8.49426093366412 8.43771702183618 8.44729994138081 8.47892513804964 8.51055033471848 8.54217553138732 8.57380072805615 8.60542592472499 8.63705112139382 8.67311598724787 8.72249986065757 8.77188373406726
13.1208611249924 12.9469897985459 12.7731184720993 12.5992471456528 12.4253758192063 12.2515044927597 11.9987522443136 11.7197063552009 11.4406604660882 11.1616145769756 10.8825686878629 10.6035227987502 10.3244769096375 10.0867846515444 9.97315328651006 9.85952192147575 9.74589055644144 9.63225919140711 9.5186278263728 9.40499646133849 9.29136509630416 9.23487869898479 9.19744062423707 9.16000254948934 9.12256447474162 9.0851263999939 9.04768832524617 9.01025025049845 8.96443597210778 8.89349308278825 8.82255019346873 8.75160730414921 8.68066441482968 8.60972152551016 8.53877863619064 8.4678357468711 8.47803670565286 8.51528561380173 8.55253452195061 8.58978343009948 8.62703233824834 8.66428124639722 8.70153015454609 8.74289871586691 8.79662623670364 8.85035375754037
13.1104922533036 12.918143995603 12.7257957379024 12.5334474802018 12.3410992225012 12.1487509648006 11.895709514618 11.6224370002747 11.3491644859314 11.0758919715882 10.8026194572449 10.5293469429017 10.2560744285584 10.0251871188482 9.92145542303723 9.81772372722628 9.71399203141533 9.61026033560436 9.50652863979342 9.40279694398247 9.2990652481715 9.25748739242554 9.23662748336792 9.2157675743103 9.19490766525268 9.17404775619506 9.15318784713744 9.13232793807982 9.09534753958384 9.01000567277272 8.92466380596161 8.8393219391505 8.75398007233937 8.66863820552826 8.58329633871715 8.49795447190603 8.50877346992491 8.55164608955382 8.59451870918273 8.63739132881163 8.68026394844053 8.72313656806944 8.76600918769834 8.81268144448596 8.87075261274972 8.92882378101347
13.1001233816147 12.8892981926601 12.6784730037054 12.4676478147507 12.2568226257961 12.0459974368414 11.7926667849223 11.5251676453485 11.2576685057746 10.9901693662008 10.722670226627 10.4551710870531 10.1876719474793 9.963589586152 9.8697575595644 9.77592553297681 9.68209350638922 9.58826147980162 9.49442945321403 9.40059742662644 9.30676540003883 9.28009608586629 9.27581434249878 9.27153259913126 9.26725085576374 9.26296911239623 9.25868736902871 9.2544056256612 9.22625910705991 9.12651826275719 9.02677741845449 8.92703657415179 8.82729572984907 8.72755488554638 8.62781404124368 8.52807319694096 8.53951023419697 8.5880065653059 8.63650289641485 8.68499922752379 8.73349555863273 8.78199188974167 8.83048822085061 8.882464173105 8.94487898879579 9.00729380448657
13.2241159598032 13.0053924295637 12.7866688993242 12.5679453690847 12.3492218388451 12.1304983086056 11.8708165566126 11.5974820640352 11.3241475714577 11.0508130788803 10.7774785863029 10.5041440937254 10.230809601148 10.0027050971985 9.91029055913288 9.81787602106729 9.72546148300171 9.6330469449361 9.54063240687052 9.44821786880494 9.35580333073933 9.34016898473102 9.35012803607514 9.36008708741927 9.3700461387634 9.38000519010753 9.38996424145165 9.39992329279578 9.3805726289749 9.27329281965889 9.1660130103429 9.05873320102691 8.9514533917109 8.8441735823949 8.73689377307891 8.6296139637629 8.63780728975928 8.68449166085981 8.73117603196035 8.77786040306088 8.82454477416141 8.87122914526195 8.91791351636248 8.96852285597056 9.03090710110132 9.09329134623207
13.4824699878693 13.2664267063141 13.0503834247589 12.8343401432037 12.6182968616486 12.4022535800934 12.130158829689 11.839380256335 11.5486016829809 11.2578231096268 10.9670445362727 10.6762659629186 10.3854873895645 10.1425336519877 10.0430544217427 9.9435751914978 9.84409596125285 9.74461673100789 9.64513750076294 9.54565827051799 9.44617904027303 9.43770608901976 9.45956856409706 9.48143103917437 9.50329351425168 9.52515598932899 9.5470184644063 9.56888093948361 9.55828810532887 9.45032934347787 9.34237058162688 9.2344118197759 9.12645305792489 9.0184942960739 8.91053553422292 8.80257677237191 8.8036646366119 8.84110137621558 8.87853811581927 8.91597485542294 8.95341159502662 8.9908483346303 9.02828507423398 9.07085749308265 9.12883694966632 9.18681640624997
13.7408240159353 13.5274609830645 13.3140979501936 13.1007349173228 12.887371884452 12.6740088515811 12.3895011027654 12.0812784486347 11.773055794504 11.4648331403733 11.1566104862425 10.8483878321118 10.5401651779811 10.2823622067769 10.1758182843526 10.0692743619283 9.962730439504 9.85618651707967 9.74964259465536 9.64309867223105 9.53655474980672 9.53524319330849 9.56900909211898 9.60277499092948 9.63654088973997 9.67030678855046 9.70407268736095 9.73783858617144 9.73600358168284 9.62736586729684 9.51872815291086 9.41009043852488 9.30145272413888 9.1928150097529 9.08417729536692 8.97553958098093 8.96952198346453 8.99771109157136 9.02590019967819 9.05408930778501 9.08227841589184 9.11046752399866 9.13865663210549 9.17319213019474 9.22676679823132 9.28034146626788
13.9991780440012 13.7884952598148 13.5778124756283 13.3671296914418 13.1564469072554 12.9457641230689 12.6488433758418 12.3231766409344 11.997509906027 11.6718431711197 11.3461764362124 11.020509701305 10.6948429663976 10.4221907615662 10.3085821469625 10.1949735323588 10.0813649177551 9.96775630315144 9.85414768854777 9.7405390739441 9.62693045934041 9.63278029759722 9.67844962014089 9.72411894268457 9.76978826522824 9.81545758777191 9.86112691031558 9.90679623285925 9.91371905803679 9.8044023911158 9.69508572419483 9.58576905727385 9.47645239035286 9.36713572343189 9.25781905651092 9.14850238958992 9.13537933031714 9.15432080692712 9.17326228353709 9.19220376014706 9.21114523675704 9.23008671336701 9.24902818997699 9.27552676730683 9.32469664679631 9.37386652628578
14.2575320720673 14.0495295365651 13.841527001063 13.6335244655609 13.4255219300588 13.2175193945567 12.9081856489182 12.5650748332342 12.2219640175501 11.8788532018662 11.5357423861822 11.1926315704982 10.8495207548142 10.5620193163554 10.4413460095723 10.3206727027893 10.1999993960063 10.0793260892232 9.95865278244019 9.83797947565716 9.7173061688741 9.73031740188596 9.78789014816281 9.84546289443967 9.90303564071652 9.96060838699337 10.0181811332702 10.0757538795471 10.0914345343908 9.98143891493478 9.87144329547881 9.76144767602284 9.65145205656686 9.54145643711089 9.43146081765492 9.32146519819894 9.30123667716977 9.31093052228289 9.32062436739601 9.33031821250913 9.34001205762225 9.34970590273537 9.35939974784849 9.37786140441892 9.42262649536131 9.46739158630369
14.5158861001333 14.3105638133155 14.1052415264977 13.89991923968 13.6945969528622 13.4892746660444 13.1675279219946 12.8069730255339 12.4464181290733 12.0858632326126 11.725308336152 11.3647534396913 11.0041985432307 10.7018478711446 10.5741098721822 10.4463718732198 10.3186338742574 10.190895875295 10.0631578763326 9.93541987737021 9.8076818784078 9.8278545061747 9.89733067618473 9.96680684619477 10.0362830162048 10.1057591862148 10.1752353562249 10.2447115262349 10.2691500107447 10.1584754387538 10.0478008667628 9.93712629477183 9.82645172278085 9.71577715078989 9.60510257879893 9.49442800680795 9.4670940240224 9.46754023763866 9.46798645125493 9.4684326648712 9.46887887848746 9.46932509210373 9.46977130572 9.48019604153101 9.5205563439263 9.56091664632159
14.7220526774724 14.5288718620936 14.3356910467148 14.1425102313359 13.9493294159571 13.7561486005783 13.4340316772461 13.0689360512628 12.7038404252794 12.3387447992961 11.9736491733127 11.6085535473294 11.243457921346 10.9370690133836 10.8068002594841 10.6765315055847 10.5462627516852 10.4159939977857 10.2857252438863 10.1554564899868 10.0251877360873 10.0426406939824 10.1093342224756 10.1760277509689 10.2427212794621 10.3094148079554 10.3761083364486 10.4428018649419 10.4622856193118 10.3401400513119 10.217994483312 10.095848915312 9.97370334731207 9.85155777931213 9.7294122113122 9.60726664331225 9.56988162994384 9.56075013478597 9.55161863962809 9.54248714447021 9.53335564931234 9.52422415415446 9.51509265899659 9.52020895216199 9.5680686102973 9.61592826843261
14.8760318040848 14.7044536828995 14.5328755617142 14.3612974405289 14.1897193193436 14.0181411981582 13.7076969146729 13.3509639104208 12.9942309061686 12.6374979019165 12.2807648976644 11.9240318934123 11.5672988891602 11.2676827430725 11.1394171714782 11.011151599884 10.8828860282898 10.7546204566955 10.6263548851013 10.498089313507 10.3698237419128 10.3746759653091 10.4239007870356 10.473125608762 10.5223504304885 10.571575252215 10.6208000739415 10.670024895668 10.6708413600922 10.5264327526092 10.3820241451263 10.2376155376434 10.0932069301605 9.94879832267762 9.80438971519472 9.6599811077118 9.60959949493408 9.59056021372477 9.57152093251546 9.55248165130615 9.53344237009685 9.51440308888754 9.49536380767823 9.49790013631184 9.56516329447428 9.6324264526367
15.0300109306971 14.8800355037054 14.7300600767136 14.5800846497218 14.43010922273 14.2801337957382 13.9813621520996 13.6329917695788 13.2846213870578 12.936251004537 12.5878806220161 12.2395102394952 11.8911398569743 11.5982964727613 11.4720340834723 11.3457716941833 11.2195093048943 11.0932469156053 10.9669845263163 10.8407221370273 10.7144597477383 10.7067112366358 10.7384673515955 10.7702234665552 10.801979581515 10.8337356964747 10.8654918114344 10.8972479263941 10.8793971008725 10.7127254539066 10.5460538069407 10.3793821599749 10.212710513009 10.0460388660431 9.87936721907724 9.71269557211135 9.64931735992432 9.62037029266358 9.59142322540283 9.56247615814209 9.53352909088135 9.50458202362061 9.47563495635987 9.47559132046168 9.56225797865125 9.6489246368408
15.1839900573095 15.0556173245112 14.9272445917129 14.7988718589147 14.6704991261164 14.5421263933181 14.2550273895264 13.9150196287367 13.575011867947 13.2350041071574 12.8949963463677 12.554988585578 12.2149808247884 11.9289102024502 11.8046509954664 11.6803917884826 11.5561325814988 11.4318733745151 11.3076141675313 11.1833549605475 11.0590957535637 11.0387465079625 11.0530339161554 11.0673213243484 11.0816087325413 11.0958961407343 11.1101835489273 11.1244709571202 11.0879528416528 10.8990181552039 10.7100834687551 10.5211487823063 10.3322140958574 10.1432794094086 9.95434472295976 9.7654100365109 9.68903522491455 9.65018037160238 9.6113255182902 9.57247066497803 9.53361581166586 9.49476095835368 9.45590610504152 9.45328250461152 9.55935266282822 9.6654228210449
