data/working_set_collections/6091692-Cassins_Sparrow-MC/2015/bio15.asc
NCOLS 265 
NROWS 230 
XLLCORNER -115.5625 
YLLCORNER 24.8333333333333 
CELLSIZE 0.0833333333333333 
NODATA_value -9999 
[rows 100 to 119 of 230, columns 184 to 229 of 265]
62.2996518135072 62.112997531891 61.9263432502748 61.5905972480775 61.2051540056866 60.8197107632957 60.4342675209047 60.0488242785137 59.6633810361228 59.2779377937318 58.9334608395895 58.7118827501934 58.4903046607972 58.268726571401 58.0471484820049 57.8255703926087 57.6039923032126 57.3824142138164 57.2062964439392 57.0453321139018 56.8843677838644 56.723403453827 56.5624391237895 56.4014747937521 56.2405104637147 56.0438939412436 55.7403208414715 55.4367477416993 55.1331746419272 54.8296015421551 54.5260284423829 54.2224553426108 53.9188822428387 53.489177131653 53.0174280166628 52.5456789016726 52.0739297866823 51.6021806716921 51.1304315567019 50.6586824417116 50.1729831059776 49.6454331080121 49.1178831100466 48.5903331120811 48.0627831141157 47.5352331161501
61.9580125490825 61.7758661376106 61.5937197261387 61.2754271507264 60.9117525206673 60.5480778906082 60.184403260549 59.8207286304899 59.4570540004308 59.0933793703716 58.7699258062575 58.5671354399788 58.3643450737 58.1615547074213 57.9587643411425 57.7559739748637 57.553183608585 57.3503932423062 57.1510688463847 56.9528997739157 56.7547307014466 56.5565616289775 56.3583925565085 56.1602234840394 55.9620544115703 55.7332790798612 55.412684970432 55.0920908610027 54.7714967515735 54.4509026421442 54.1303085327149 53.8097144232857 53.4891203138565 53.0587250391644 52.5917293760513 52.1247337129383 51.6577380498252 51.1907423867121 50.7237467235991 50.256751060486 49.7634531868831 49.1912486818104 48.6190441767376 48.046839671665 47.4746351665923 46.9024306615196
61.7512985547384 61.5797629356385 61.4082273165386 61.1085233688355 60.7660966449314 60.4236699210274 60.0812431971233 59.7388164732192 59.3963897493151 59.053963025411 58.7472721205818 58.5477886729771 58.3483052253723 58.1488217777676 57.949338330163 57.7498548825582 57.5503714349535 57.3508879873488 57.1186325391134 56.8754530906678 56.6322736422222 56.3890941937765 56.1459147453309 55.9027352968853 55.6595558484396 55.3949778556825 55.0662042299908 54.737430604299 54.4086569786073 54.0798833529156 53.7511097272238 53.4223361015321 53.0935624758404 52.6644909222922 52.2019867261252 51.7394825299583 51.2769783337912 50.8144741376243 50.3519699414573 49.8894657452902 49.3952779134116 48.806039174398 48.2168004353843 47.6275616963706 47.038322957357 46.4490842183432
61.6795098304749 61.5246879259746 61.3698660214743 61.0898859024048 60.7681863784791 60.4464868545533 60.1247873306275 59.8030878067017 59.481388282776 59.1596887588501 58.8654997825623 58.6538424491883 58.4421851158142 58.2305277824402 58.0188704490662 57.8072131156922 57.5955557823182 57.3838984489441 57.1089875221253 56.8129920641582 56.5169966061911 56.221001148224 55.9250056902569 55.6290102322898 55.3330147743226 55.0289902687074 54.7008786201479 54.3727669715883 54.0446553230287 53.7165436744692 53.3884320259095 53.06032037735 52.7322087287904 52.3064747810365 51.8482000668845 51.3899253527325 50.9316506385805 50.4733759244285 50.0151012102765 49.5568264961244 49.0684572855633 48.489804585775 47.9111518859865 47.3324991861981 46.7538464864097 46.1751937866212
61.6077211062114 61.4696129163107 61.33150472641 61.0712484359742 60.7702761120267 60.4693037880792 60.1683314641317 59.8673591401842 59.5663868162368 59.2654144922893 58.9837274445428 58.7598962253995 58.5360650062561 58.3122337871128 58.0884025679695 57.8645713488261 57.6407401296828 57.4169089105395 57.0993425051372 56.7505310376486 56.40171957016 56.0529081026714 55.7040966351828 55.3552851676942 55.0064737002056 54.6630026817323 54.3355530103049 54.0081033388775 53.6806536674501 53.3532039960227 53.0257543245952 52.6983046531679 52.3708549817405 51.9484586397808 51.4944134076438 51.0403681755068 50.5863229433697 50.1322777112327 49.6782324790956 49.2241872469585 48.741636657715 48.1735699971519 47.6055033365887 47.0374366760256 46.4693700154624 45.9013033548992
61.5359323819479 61.4145379066468 61.2931434313457 61.0526109695435 60.7723658455743 60.4921207216052 60.211875597636 59.9316304736668 59.6513853496976 59.3711402257284 59.1019551065233 58.8659500016107 58.629944896698 58.3939397917854 58.1579346868727 57.9219295819601 57.6859244770474 57.4499193721348 57.0896974881491 56.688070011139 56.286442534129 55.8848150571188 55.4831875801088 55.0815601030987 54.6799326260886 54.2970150947572 53.970227400462 53.6434397061667 53.3166520118715 52.9898643175762 52.6630766232809 52.3362889289857 52.0095012346905 51.5904424985251 51.140626748403 50.690810998281 50.2409952481589 49.7911794980368 49.3413637479148 48.8915479977927 48.4148160298667 47.8573354085288 47.2998547871909 46.742374165853 46.1848935445152 45.6274129231772
61.4641436576844 61.3594628969829 61.2547821362814 61.0339735031128 60.774455579122 60.5149376551311 60.2554197311402 59.9959018071493 59.7363838831584 59.4768659591675 59.2201827685039 58.9720037778219 58.7238247871399 58.475645796458 58.227466805776 57.979287815094 57.7311088244121 57.4829298337301 57.080052471161 56.6256089846294 56.1711654980979 55.7167220115663 55.2622785250347 54.8078350385032 54.3533915519716 53.9310275077821 53.604901790619 53.2787760734559 52.9526503562929 52.6265246391298 52.3003989219667 51.9742732048036 51.6481474876405 51.2324263572694 50.7868400891623 50.3412538210553 49.8956675529481 49.4500812848411 49.004495016734 48.5589087486268 48.0879954020184 47.5411008199058 46.9942062377931 46.4473116556805 45.9004170735679 45.3535224914552
61.3923549334208 61.304387887319 61.2164208412171 61.0153360366822 60.7765453126696 60.537754588657 60.2989638646444 60.0601731406318 59.8213824166193 59.5825916926066 59.3384104304844 59.0780575540331 58.8177046775818 58.5573518011306 58.2969989246793 58.036646048228 57.7762931717767 57.5159402953254 57.0704074541729 56.5631479581198 56.0558884620668 55.5486289660137 55.0413694699607 54.5341099739076 54.0268504778545 53.565039920807 53.2395761807761 52.9141124407451 52.5886487007142 52.2631849606833 51.9377212206524 51.6122574806215 51.2867937405906 50.8744102160137 50.4330534299216 49.9916966438295 49.5503398577374 49.1089830716452 48.6676262855531 48.226269499461 47.7611747741701 47.2248662312828 46.6885576883953 46.152249145508 45.6159406026206 45.0796320597332
61.2092319806417 61.1357993549771 61.0623667293125 60.8799235661825 60.6611435572307 60.4423635482789 60.223583539327 60.0048035303752 59.7860235214234 59.5672435124716 59.3366946008471 59.0708389812047 58.8049833615622 58.5391277419197 58.2732721222772 58.0074165026347 57.7415608829923 57.4757052633498 57.0034182230633 56.4623207092287 55.921223195394 55.3801256815593 54.8390281677248 54.2979306538901 53.7568331400555 53.2695249875388 52.943584918976 52.6176448504131 52.2917047818503 51.9657647132875 51.6398246447246 51.3138845761618 50.987944507599 50.5761535326641 50.1357455889385 49.695337645213 49.2549297014873 48.8145217577618 48.3741138140362 47.9337058703106 47.4705001195273 46.938900947571 46.4073017756145 45.8757026036582 45.3441034317018 44.8125042597454
60.914774799347 60.8536972999573 60.7926198005677 60.6277360916138 60.4282503128053 60.2287645339967 60.0292787551881 59.8297929763795 59.6303071975709 59.4308214187623 59.215035279592 58.9503480593364 58.6856608390809 58.4209736188254 58.1562863985698 57.8915991783143 57.6269119580588 57.3622247378032 56.8790847778321 56.3231272379559 55.7671696980796 55.2112121582032 54.655254618327 54.0992970784507 53.5433395385744 53.0444827079774 52.7169280052186 52.3893733024598 52.061818599701 51.7342638969423 51.4067091941834 51.0791544914247 50.7515997886659 50.3376563072206 49.8949165662131 49.4521768252057 49.0094370841981 48.5666973431907 48.1239576021832 47.6812178611757 47.2159714380902 46.6832049687705 46.1504384994508 45.6176720301312 45.0849055608116 44.5521390914918
60.6203176180522 60.5715952449375 60.5228728718228 60.3755486170452 60.1953570683798 60.0151655197144 59.834973971049 59.6547824223837 59.4745908737183 59.294399325053 59.0933759583368 58.8298571374682 58.5663383165996 58.302819495731 58.0393006748624 57.7757818539938 57.5122630331252 57.2487442122566 56.754751332601 56.1839337666831 55.6131162007652 55.0422986348471 54.4714810689292 53.9006635030113 53.3298459370932 52.819440428416 52.4902710914613 52.1611017545065 51.8319324175518 51.5027630805971 51.1735937436423 50.8444244066875 50.5152550697328 50.099159081777 49.6540875434877 49.2090160051983 48.7639444669089 48.3188729286195 47.8738013903302 47.4287298520407 46.961442756653 46.4275089899701 45.8935752232871 45.3596414566042 44.8257076899212 44.2917739232382
60.3258604367574 60.2894931899177 60.253125943078 60.1233611424765 59.9624638239543 59.8015665054322 59.64066918691 59.4797718683879 59.3188745498658 59.1579772313436 58.9717166370816 58.7093662156 58.4470157941183 58.1846653726367 57.922314951155 57.6599645296733 57.3976141081917 57.13526368671 56.6304178873699 56.0447402954103 55.4590627034507 54.873385111491 54.2877075195314 53.7020299275718 53.1163523356121 52.5943981488547 52.263614177704 51.9328302065532 51.6020462354025 51.2712622642518 50.9404782931011 50.6096943219504 50.2789103507997 49.8606618563335 49.4132585207623 48.965855185191 48.5184518496197 48.0710485140484 47.6236451784771 47.1762418429058 46.7069140752158 46.1718130111696 45.6367119471233 45.1016108830771 44.566509819031 44.0314087549847
60.0314032554627 60.0073911348979 59.9833790143331 59.8711736679078 59.7295705795289 59.58796749115 59.446364402771 59.3047613143922 59.1631582260133 59.0215551376343 58.8500573158265 58.5888752937318 58.327693271637 58.0665112495423 57.8053292274476 57.5441472053528 57.2829651832581 57.0217831611634 56.5060844421388 55.9055468241375 55.3050092061363 54.7044715881349 54.1039339701336 53.5033963521324 52.902858734131 52.3693558692933 52.0369572639467 51.7045586586 51.3721600532533 51.0397614479066 50.7073628425599 50.3749642372132 50.0425656318666 49.62216463089 49.1724294980368 48.7226943651837 48.2729592323304 47.8232240994773 47.3734889666241 46.9237538337709 46.4523853937786 45.9161170323692 45.3798486709596 44.8435803095501 44.3073119481407 43.7710435867311
59.7369460741679 59.7252890798781 59.7136320855883 59.6189861933391 59.4966773351034 59.3743684768677 59.252059618632 59.1297507603964 59.0074419021607 58.885133043925 58.7283979945713 58.4683843718636 58.2083707491557 57.948357126448 57.6883435037402 57.4283298810324 57.1683162583246 56.9083026356168 56.3817509969077 55.7663533528647 55.1509557088218 54.5355580647788 53.9201604207358 53.3047627766929 52.6893651326499 52.144313589732 51.8103003501893 51.4762871106467 51.142273871104 50.8082606315614 50.4742473920187 50.1402341524761 49.8062209129335 49.3836674054465 48.9316004753114 48.4795335451764 48.0274666150412 47.5753996849061 47.1233327547711 46.6712658246359 46.1978567123415 45.6604210535687 45.1229853947959 44.5855497360231 44.0481140772504 43.5106784184775
59.3160471598308 59.3187014261882 59.3213556925456 59.2538459777833 59.1629482693143 59.0720505608453 58.9811528523764 58.8902551439074 58.7993574354384 58.7084597269694 58.5757608731588 58.3176585833233 58.0595562934876 57.801454003652 57.5433517138164 57.2852494239808 57.0271471341452 56.7690448443096 56.2293487866721 55.5957881397673 54.9622274928625 54.3286668459576 53.6951061990528 53.061545552148 52.4279849052431 51.8705281893413 51.5413832664491 51.2122383435568 50.8830934206646 50.5539484977723 50.2248035748801 49.8956586519878 49.5665137290956 49.1340382258098 48.6671191957263 48.2002001656428 47.7332811355592 47.2663621054757 46.7994430753922 46.3325240453086 45.8428786701628 45.2850542598303 44.7272298494976 44.1694054391651 43.6115810288326 43.0537566184999
58.7687065124513 58.7876281738282 58.8065498352052 58.7757530212403 58.7283833821615 58.6810137430828 58.633644104004 58.5862744649252 58.5389048258464 58.4915351867676 58.392145951589 58.1366979281109 57.8812499046326 57.6258018811545 57.3703538576763 57.1149058341981 56.8594578107199 56.6040097872417 56.048877811432 55.3938511848452 54.7388245582583 54.0837979316713 53.4287713050844 52.7737446784976 52.1187180519106 51.5479996681215 51.230206012726 50.9124123573304 50.5946187019349 50.2768250465394 49.9590313911439 49.6412377357484 49.3234440803529 48.8732770919801 48.3789856592816 47.884694226583 47.3904027938844 46.8961113611859 46.4018199284873 45.9075284957887 45.3874512672426 44.7900166511538 44.1925820350649 43.5951474189761 42.9977128028872 42.4002781867983
58.2213658650717 58.2565549214682 58.2917439778646 58.2976600646973 58.2938184950087 58.2899769253201 58.2861353556316 58.282293785943 58.2784522162544 58.2746106465658 58.2085310300192 57.9557372728985 57.7029435157777 57.4501497586569 57.1973560015361 56.9445622444154 56.6917684872946 56.4389747301738 55.8684068361919 55.191914229923 54.5154216236541 53.838929017385 53.162436411116 52.4859438048471 51.809451198578 51.2254711469016 50.9190287590028 50.612586371104 50.3061439832053 49.9997015953065 49.6932592074077 49.386816819509 49.0803744316102 48.6125159581504 48.0908521228368 47.5691882875232 47.0475244522096 46.5258606168961 46.0041967815825 45.4825329462689 44.9320238643224 44.2949790424773 43.6579342206321 43.020889398787 42.3838445769419 41.7467997550966
57.6740252176921 57.7254816691081 57.7769381205241 57.8195671081543 57.8592536078559 57.8989401075575 57.9386266072591 57.9783131069607 58.0179996066623 58.057686106364 58.0249161084494 57.774776617686 57.5246371269227 57.2744976361593 57.024358145396 56.7742186546326 56.5240791638693 56.273939673106 55.6879358609519 54.9899772750009 54.2920186890498 53.5940601030987 52.8961015171477 52.1981429311967 51.5001843452455 50.9029426256817 50.6078515052797 50.3127603848776 50.0176692644756 49.7225781440736 49.4274870236715 49.1323959032695 48.8373047828675 48.3517548243206 47.802718586392 47.2536823484635 46.7046461105348 46.1556098726062 45.6065736346777 45.057537396749 44.4765964614022 43.7999414338008 43.1232864061993 42.4466313785979 41.7699763509965 41.093321323395
57.1266845703126 57.1944084167481 57.2621322631837 57.3414741516114 57.4246887207032 57.507903289795 57.5911178588868 57.6743324279785 57.7575469970703 57.8407615661621 57.8413011868796 57.5938159624737 57.3463307380677 57.0988455136618 56.8513602892559 56.6038750648499 56.356389840444 56.1089046160381 55.5074648857118 54.7880403200787 54.0686157544456 53.3491911888124 52.6297666231793 51.9103420575462 51.190917491913 50.5804141044618 50.2966742515565 50.0129343986512 49.729194545746 49.4454546928407 49.1617148399354 48.8779749870301 48.5942351341249 48.0909936904909 47.5145850499473 46.9381764094037 46.36176776886 45.7853591283164 45.2089504877729 44.6325418472292 44.0211690584821 43.3049038251244 42.5886385917666 41.8723733584089 41.1561081250512 40.4398428916933
56.579343922933 56.6633351643881 56.7473264058431 56.8633811950684 56.9901238335504 57.1168664720324 57.2436091105143 57.3703517489963 57.4970943874783 57.6238370259603 57.6576862653097 57.4128553072613 57.1680243492127 56.9231933911642 56.6783624331157 56.4335314750672 56.1887005170187 55.9438695589702 55.3269939104718 54.5861033651566 53.8452128198414 53.1043222745261 52.363431729211 51.6225411838958 50.8816506385805 50.2578855832419 49.9854969978334 49.7131084124248 49.4407198270163 49.1683312416078 48.8959426561992 48.6235540707907 48.3511654853822 47.8302325566611 47.2264515135025 46.6226704703439 46.0188894271852 45.4151083840266 44.811327340868 44.2075462977093 43.5657416555619 42.8098662164479 42.0539907773338 41.2981153382198 40.5422398991058 39.7863644599917
