data/working_set_collections/6091692-Cassins_Sparrow-MC/2015/bio16.asc
NCOLS 265 
NROWS 230 
XLLCORNER -115.5625 
YLLCORNER 24.8333333333333 
CELLSIZE 0.0833333333333333 
NODATA_value -9999 
[rows 40 to 59 of 230, columns 138 to 183 of 265]
214.800585937499 217.762246704101 220.723907470703 223.685568237304 226.158822631836 228.469274902343 230.779727172851 233.090179443359 235.400631713867 237.711083984374 240.021536254883 242.323992538452 244.602460861206 246.88092918396 249.159397506714 251.437865829467 253.716334152221 255.994802474975 258.273270797729 258.661791992188 258.420330810547 258.178869628906 257.937408447266 257.695947265625 257.454486083984 257.213024902344 257.684798685709 260.296277364094 262.90775604248 265.519234720865 268.130713399251 270.742192077636 273.353670756022 275.965149434407 278.622843933105 281.29594370524 283.969043477376 286.642143249511 289.315243021647 291.988342793782 294.661442565918 297.182868703206 299.249273935953 301.315679168701 303.382084401448 305.448489634195
213.057095336913 216.168025716146 219.278956095377 222.389886474609 224.96186726888 227.354198201497 229.746529134114 232.138860066731 234.531190999349 236.923521931966 239.315852864583 241.6707253774 243.913222630818 246.155719884236 248.398217137654 250.640714391072 252.88321164449 255.125708897908 257.368206151326 257.899468994141 257.860320366754 257.821171739366 257.782023111979 257.742874484592 257.703725857205 257.664577229818 258.254151238335 260.729893154567 263.2056350708 265.681376987033 268.157118903265 270.632860819498 273.108602735731 275.584344651963 278.155539449056 280.758551873101 283.361564297146 285.964576721191 288.567589145236 291.170601569281 293.773613993327 296.295253923204 298.572776370578 300.850298817952 303.127821265326 305.4053437127
210.98856578403 214.250796381632 217.513026979234 220.775257576836 223.465352503458 225.964735539754 228.464118576049 230.963501612345 233.46288464864 235.962267684936 238.461650721232 240.892037158542 243.115433798895 245.338830439249 247.562227079603 249.785623719957 252.009020360311 254.232417000664 256.455813641018 257.060653559367 257.12597457038 257.191295581394 257.256616592407 257.321937603421 257.387258614434 257.452579625448 258.085257000393 260.420003467135 262.754749933878 265.089496400621 267.424242867363 269.758989334106 272.093735800849 274.428482267591 276.922077941894 279.46862335205 282.015168762207 284.561714172363 287.108259582519 289.654804992675 292.201350402832 294.71526023017 297.131263309054 299.547266387939 301.963269466824 304.379272545708
208.594997278849 212.010558700561 215.426120122273 218.841681543985 221.669278335571 224.300886917114 226.932495498657 229.5641040802 232.195712661743 234.827321243286 237.458929824829 239.987927881876 242.209094365437 244.430260848999 246.65142733256 248.872593816121 251.093760299682 253.314926783243 255.536093266805 256.145345687866 256.217293421428 256.289241154989 256.36118888855 256.433136622111 256.505084355672 256.577032089234 257.178115971883 259.366608301798 261.555100631714 263.743592961629 265.932085291544 268.12057762146 270.309069951375 272.49756228129 274.922459411621 277.42615814209 279.929856872558 282.433555603027 284.937254333496 287.440953063965 289.944651794434 292.442887624105 294.924734751383 297.406581878662 299.888429005941 302.370276133219
206.201428773667 209.77032101949 213.339213265313 216.908105511135 219.873204167684 222.637038294474 225.400872421264 228.164706548055 230.928540674845 233.692374801635 236.456208928426 239.083818605211 241.302754931979 243.521691258748 245.740627585517 247.959563912285 250.178500239054 252.397436565823 254.616372892591 255.230037816366 255.308612272475 255.387186728584 255.465761184692 255.544335640801 255.62291009691 255.701484553019 256.270974943373 258.313213136461 260.355451329549 262.397689522637 264.439927715725 266.482165908813 268.524404101901 270.566642294989 272.922840881348 275.383692932129 277.84454498291 280.305397033691 282.766249084472 285.227101135254 287.687953186035 290.170515018039 292.718206193712 295.265897369385 297.813588545057 300.36127972073
203.807860268486 207.530083338419 211.252306408352 214.974529478284 218.077129999796 220.973189671834 223.869249343871 226.76530901591 229.661368687947 232.557428359985 235.453488032023 238.179709328545 240.396415498521 242.613121668497 244.829827838473 247.046534008449 249.263240178426 251.479946348402 253.696652518378 254.314729944865 254.399931123522 254.485132302178 254.570333480835 254.655534659492 254.740735838148 254.825937016805 255.363833914862 257.259817971123 259.155802027384 261.051786083645 262.947770139906 264.843754196167 266.739738252428 268.635722308688 270.923222351074 273.341227722168 275.759233093261 278.177238464355 280.595243835449 283.013249206543 285.431254577637 287.898142411973 290.51167763604 293.125212860107 295.738748084174 298.352283308241
201.414291763305 205.289845657348 209.165399551391 213.040953445434 216.281055831909 219.309341049194 222.337626266479 225.365911483764 228.394196701049 231.422481918334 234.45076713562 237.27560005188 239.490076065063 241.704552078247 243.91902809143 246.133504104614 248.347980117798 250.562456130981 252.776932144165 253.399422073364 253.491249974569 253.583077875773 253.674905776978 253.766733678182 253.858561579387 253.950389480591 254.456692886352 256.206422805786 257.95615272522 259.705882644653 261.455612564087 263.20534248352 264.955072402954 266.704802322388 268.923603820801 271.298762512207 273.673921203613 276.049079895019 278.424238586426 280.799397277832 283.174555969238 285.625769805908 288.305149078369 290.98452835083 293.663907623291 296.343286895752
199.020723258124 203.049607976277 207.07849269443 211.107377412583 214.484981664022 217.645492426554 220.806003189086 223.966513951619 227.127024714151 230.287535476684 233.448046239217 236.371490775214 238.583736631605 240.795982487996 243.008228344387 245.220474200778 247.432720057169 249.64496591356 251.857211769951 252.484114201864 252.582568825616 252.681023449368 252.77947807312 252.877932696872 252.976387320625 253.074841944377 253.549551857842 255.153027640448 256.756503423055 258.359979205661 259.963454988267 261.566930770874 263.17040655348 264.773882336087 266.923985290527 269.256297302246 271.588609313964 273.920921325683 276.253233337402 278.585545349121 280.91785736084 283.353397199842 286.098620520697 288.843843841553 291.589067162407 294.334290483262
198.515209028455 202.499319203694 206.483429378932 210.467539554171 213.848064041137 217.027393298678 220.206722556219 223.386051813761 226.565381071302 229.744710328843 232.924039586385 235.875217649671 238.141942130194 240.408666610717 242.67539109124 244.942115571763 247.208840052286 249.475564532809 251.742289013332 252.424025599162 252.577432886759 252.730840174357 252.884247461955 253.037654749552 253.19106203715 253.344469324748 253.820552868313 255.264665179782 256.708777491251 258.15288980272 259.597002114189 261.041114425659 262.485226737128 263.929339048597 265.991751861572 268.260264841715 270.528777821858 272.797290802002 275.065803782145 277.334316762288 279.602829742431 281.993480173746 284.750542958577 287.507605743408 290.264668528238 293.021731313069
199.897749074299 203.638979339599 207.380209604898 211.121439870197 214.370302963256 217.455043665567 220.539784367878 223.62452507019 226.709265772501 229.794006474812 232.878747177123 235.786780675252 238.164692560831 240.542604446411 242.92051633199 245.298428217569 247.676340103149 250.054251988728 252.432163874307 253.219156265259 253.475842157999 253.73252805074 253.989213943481 254.245899836222 254.502585728963 254.759271621704 255.269695917765 256.541335423787 257.812974929809 259.084614435831 260.356253941853 261.627893447876 262.899532953898 264.17117245992 266.126903533935 268.310665130615 270.494426727294 272.678188323974 274.861949920654 277.045711517333 279.229473114013 281.54601872762 284.260916392008 286.975814056396 289.690711720784 292.405609385172
201.280289120143 204.778639475504 208.276989830864 211.775340186224 214.892541885375 217.882694032456 220.872846179537 223.862998326619 226.8531504737 229.843302620781 232.833454767862 235.698343700832 238.187442991468 240.676542282104 243.16564157274 245.654740863375 248.143840154012 250.632939444647 253.122038735283 254.014286931356 254.37425142924 254.734215927124 255.094180425008 255.454144922892 255.814109420776 256.17407391866 256.718838967217 257.818005667792 258.917172368367 260.016339068942 261.115505769517 262.214672470092 263.313839170668 264.413005871243 266.262055206298 268.361065419514 270.460075632731 272.559085845947 274.658096059163 276.757106272379 278.856116485595 281.098557281494 283.771289825439 286.444022369384 289.11675491333 291.789487457275
202.662829165987 205.918299611409 209.17377005683 212.42924050225 215.414780807495 218.310344399346 221.205907991197 224.101471583048 226.997035174899 229.89259876675 232.788162358601 235.609906726413 238.210193422105 240.810480117797 243.41076681349 246.011053509182 248.611340204874 251.211626900566 253.811913596258 254.809417597453 255.27266070048 255.735903803507 256.199146906535 256.662390009562 257.125633112589 257.588876215617 258.167982016669 259.094675911797 260.021369806925 260.948063702053 261.874757597181 262.801451492309 263.728145387437 264.654839282565 266.397206878662 268.411465708414 270.425724538167 272.43998336792 274.454242197672 276.468501027425 278.482759857177 280.651095835367 283.28166325887 285.912230682373 288.542798105875 291.173365529378
204.045369211832 207.057959747314 210.070550282795 213.083140818277 215.937019729614 218.737994766235 221.538969802856 224.339944839477 227.140919876098 229.941894912719 232.74286994934 235.521469751993 238.232943852742 240.944417953491 243.655892054239 246.367366154988 249.078840255737 251.790314356485 254.501788457234 255.60454826355 256.17106997172 256.737591679891 257.304113388061 257.870635096232 258.437156804402 259.003678512573 259.617125066121 260.371346155802 261.125567245483 261.879788335164 262.634009424845 263.388230514526 264.142451604207 264.896672693888 266.532358551025 268.461865997314 270.391373443603 272.320880889892 274.250388336181 276.17989578247 278.10940322876 280.203634389241 282.792036692301 285.380438995361 287.968841298421 290.55724360148
205.427909257676 208.197619883219 210.967330508761 213.737041134304 216.459258651733 219.165645133124 221.872031614515 224.578418095906 227.284804577297 229.991191058688 232.697577540079 235.433032777574 238.255694283379 241.078355789184 243.901017294989 246.723678800794 249.546340306599 252.369001812404 255.191663318209 256.399678929647 257.06947924296 257.739279556274 258.409079869588 259.078880182902 259.748680496215 260.418480809529 261.066268115573 261.648016399807 262.229764684041 262.811512968275 263.393261252509 263.975009536743 264.556757820977 265.138506105211 266.667510223388 268.512266286214 270.357022349039 272.201778411865 274.04653447469 275.891290537516 277.736046600342 279.756172943115 282.302410125732 284.848647308349 287.394884490966 289.941121673583
206.205583741929 208.715581130981 211.225578520033 213.735575909084 216.401436742146 219.119252056545 221.837067370944 224.554882685343 227.272697999742 229.99051331414 232.70832862854 235.472815322875 238.377316157022 241.28181699117 244.186317825317 247.090818659464 249.995319493611 252.899820327758 255.804321161905 257.061443074544 257.769438680013 258.477434285481 259.18542989095 259.893425496419 260.601421101888 261.309416707357 261.962874179416 262.452717251248 262.942560323079 263.432403394911 263.922246466742 264.412089538574 264.901932610406 265.391775682237 266.894044494629 268.733788553873 270.573532613118 272.413276672363 274.253020731608 276.092764790852 277.932508850097 279.955632781982 282.528896331786 285.102159881591 287.675423431396 290.2486869812
206.378392664591 208.6118434906 210.845294316609 213.078745142618 215.763554000854 218.598815536498 221.434077072143 224.269338607788 227.104600143432 229.939861679076 232.775123214721 235.640817387898 238.597809473673 241.554801559448 244.511793645222 247.468785730997 250.425777816772 253.382769902546 256.339761988321 257.589840698242 258.270948282877 258.952055867513 259.633163452148 260.314271036784 260.995378621419 261.676486206055 262.30694325765 262.785448710123 263.263954162598 263.742459615071 264.220965067545 264.699470520019 265.177975972493 265.656481424967 267.211961364746 269.126432800292 271.040904235839 272.955375671386 274.869847106933 276.78431854248 278.698789978027 280.802013905842 283.471495310465 286.140976715087 288.81045811971 291.479939524332
206.551201587253 208.508105850219 210.465010113186 212.421914376152 215.125671259562 218.078379016452 221.031086773342 223.983794530232 226.936502287122 229.889210044012 232.841917800903 235.808819452921 238.818302790323 241.827786127726 244.837269465128 247.84675280253 250.856236139933 253.865719477335 256.875202814737 258.11823832194 258.772457885742 259.426677449544 260.080897013346 260.735116577148 261.38933614095 262.043555704752 262.651012335883 263.118180168999 263.585348002116 264.052515835232 264.519683668348 264.986851501465 265.454019334581 265.921187167697 267.529878234863 269.519077046712 271.508275858561 273.49747467041 275.486673482259 277.475872294107 279.465071105957 281.648395029703 284.414094289143 287.179793548583 289.945492808023 292.711192067463
206.724010509914 208.404368209839 210.084725909763 211.765083609687 214.487788518269 217.557942496405 220.628096474541 223.698250452677 226.768404430813 229.838558408948 232.908712387084 235.976821517944 239.038796106973 242.100770696004 245.162745285033 248.224719874063 251.286694463094 254.348669052123 257.410643641153 258.646635945638 259.273967488607 259.901299031575 260.528630574544 261.155962117513 261.783293660482 262.41062520345 262.995081414117 263.450911627875 263.906741841634 264.362572055393 264.818402269151 265.27423248291 265.730062696669 266.185892910427 267.84779510498 269.911721293131 271.975647481282 274.039573669433 276.103499857584 278.167426045735 280.231352233886 282.494776153564 285.356693267821 288.21861038208 291.080527496337 293.942444610595
206.896819432576 208.300630569458 209.704441706339 211.108252843221 213.849905776977 217.037505976358 220.22510617574 223.412706375122 226.600306574503 229.787906773884 232.975506973266 236.144823582966 239.259289423624 242.373755264282 245.488221104939 248.602686945596 251.717152786254 254.831618626912 257.946084467569 259.175033569336 259.775477091471 260.375920613607 260.976364135742 261.576807657877 262.177251180013 262.777694702148 263.33915049235 263.783643086751 264.228135681152 264.672628275553 265.117120869954 265.561613464355 266.006106058756 266.450598653157 268.165711975097 270.30436553955 272.443019104003 274.581672668457 276.72032623291 278.858979797363 280.997633361816 283.341157277424 286.2992922465 289.257427215575 292.215562184651 295.173697153726
207.069628355238 208.196892929077 209.324157502916 210.451422076755 213.212023035685 216.517069456312 219.822115876939 223.127162297566 226.432208718193 229.73725513882 233.042301559448 236.312825647989 239.479782740274 242.64673983256 245.813696924845 248.98065401713 252.147611109415 255.3145682017 258.481525293985 259.703431193034 260.276986694336 260.850542195638 261.42409769694 261.997653198242 262.571208699544 263.144764200846 263.683219570584 264.116374545627 264.54952952067 264.982684495714 265.415839470757 265.848994445801 266.282149420844 266.715304395887 268.483628845214 270.69700978597 272.910390726725 275.12377166748 277.337152608235 279.55053354899 281.763914489746 284.187538401285 287.241891225178 290.296244049072 293.350596872965 296.404949696858
