data/working_set_collections/6091692-Cassins_Sparrow-MC/2015/bio12.asc
NCOLS 265 
NROWS 230 
XLLCORNER -115.5625 
YLLCORNER 24.8333333333333 
CELLSIZE 0.0833333333333333 
NODATA_value -9999 
[rows 80 to 99 of 230, columns 184 to 229 of 265]
724.486622619628 732.36173587375 740.236849127873 746.616196187336 752.496954515244 758.377712843152 764.25847117106 770.139229498968 776.019987826875 781.900746154784 789.056450229218 800.036991543237 811.017532857257 821.998074171275 832.978615485294 843.959156799314 854.939698113333 865.920239427351 878.947130839027 892.656138949921 906.365147060814 920.07415517171 933.783163282603 947.492171393496 961.201179504392 970.30580766466 965.597295973037 960.888784281414 956.180272589791 951.471760898168 946.763249206544 942.054737514921 937.346225823298 945.605989583332 958.188511827254 970.771034071177 983.353556315102 995.936078559025 1008.51860080295 1021.10112304687 1032.88639831543 1042.27993265788 1051.67346700032 1061.06700134277 1070.46053568522 1079.85407002767
723.32690887451 731.307077195908 739.287245517305 745.96879526774 752.217472161186 758.466149054631 764.714825948078 770.963502841524 777.21217973497 783.460856628417 790.875717332625 801.789129469127 812.70254160563 823.615953742131 834.529365878632 845.442778015135 856.356190151636 867.269602288137 880.245917256671 893.909866502547 907.573815748423 921.237764994301 934.901714240177 948.565663486053 962.229612731931 971.176787143285 965.973637051054 960.770486958823 955.567336866592 950.364186774361 945.16103668213 939.957886589899 934.754736497669 943.020023600259 955.774789767793 968.529555935327 981.284322102863 994.039088270397 1006.79385443793 1019.54862060547 1031.45972391764 1040.83983866373 1050.21995340983 1059.60006815592 1068.98018290202 1078.36029764811
722.167195129393 730.252418518065 738.337641906736 745.321394348143 751.937989807127 758.554585266111 765.171180725096 771.78777618408 778.404371643064 785.02096710205 792.694984436032 803.541267395016 814.387550354002 825.233833312986 836.08011627197 846.926399230955 857.772682189939 868.618965148922 881.544703674314 895.163594055172 908.782484436031 922.401374816892 936.020265197751 949.639155578609 963.25804595947 972.047766621909 966.349978129071 960.652189636231 954.954401143393 949.256612650555 943.558824157716 937.861035664878 932.16324717204 940.434057617186 953.361067708331 966.288077799476 979.215087890623 992.142097981768 1005.06910807291 1017.99611816406 1030.03304951985 1039.39974466959 1048.76643981933 1058.13313496907 1067.49983011881 1076.86652526855
721.007481384276 729.197759840222 737.388038296167 744.673993428547 751.658507453069 758.643021477591 765.627535502115 772.612049526637 779.596563551159 786.581077575682 794.51425153944 805.293405320906 816.072559102374 826.851712883841 837.630866665307 848.410020446775 859.189174228242 869.968328009708 882.843490091957 896.417321607798 909.99115312364 923.564984639483 937.138816155325 950.712647671166 964.286479187009 972.918746100533 966.726319207087 960.53389231364 954.341465420195 948.149038526749 941.956611633302 935.764184739856 929.571757846411 937.848091634113 950.947345648869 964.046599663625 977.145853678383 990.24510769314 1003.3443617079 1016.44361572265 1028.60637512207 1037.95965067545 1047.31292622884 1056.66620178222 1066.01947733561 1075.372752889
716.614792887369 724.757049560546 732.899306233723 740.28707224528 747.423341369628 754.559610493977 761.695879618327 768.832148742675 775.968417867024 783.104686991374 791.201726108126 802.181075202092 813.16042429606 824.139773390026 835.119122483993 846.098471577961 857.077820671927 868.057169765894 881.027149963377 894.660673862031 908.294197760685 921.927721659341 935.561245557994 949.194769456648 962.828293355304 971.423090108238 964.901705423993 958.380320739748 951.858936055503 945.337551371259 938.816166687013 932.294782002769 925.773397318525 934.076445007323 947.320970153806 960.56549530029 973.810020446776 987.054545593259 1000.29907073974 1013.54359588623 1025.88610975477 1035.52258978949 1045.15906982422 1054.79554985894 1064.43202989366 1074.06850992838
708.989129638672 716.930287679036 724.8714457194 732.16063079834 739.232491556803 746.304352315266 753.376213073731 760.448073832194 767.519934590657 774.591795349121 782.757408142089 794.204277038572 805.651145935058 817.098014831541 828.544883728025 839.991752624511 851.438621520995 862.885490417478 876.095683288573 889.893650817869 903.691618347165 917.489585876463 931.287553405759 945.085520935055 958.883488464354 967.560798645022 960.876136779788 954.191474914553 947.506813049319 940.822151184085 934.13748931885 927.452827453616 920.768165588382 929.119117736815 942.481941223142 955.84476470947 969.207588195799 982.570411682127 995.933235168454 1009.29605865478 1021.87225341797 1032.08856201172 1042.30487060547 1052.52117919922 1062.73748779297 1072.95379638672
701.363466389974 709.103525797525 716.843585205077 724.0341893514 731.041641743977 738.049094136555 745.056546529134 752.063998921712 759.07145131429 766.078903706869 774.313090176051 786.227478875052 798.141867574055 810.056256273056 821.970644972057 833.88503367106 845.799422370061 857.713811069062 871.164216613768 885.126627773706 899.089038933645 913.051450093585 927.013861253524 940.976272413462 954.938683573403 963.698507181805 956.850568135582 950.002629089357 943.154690043134 936.30675099691 929.458811950685 922.610872904462 915.762933858238 924.161790466307 937.642912292478 951.124034118649 964.605155944823 978.086277770994 991.567399597165 1005.04852142334 1017.85839708116 1028.65453423394 1039.45067138672 1050.24680853949 1061.04294569227 1071.83908284505
693.737803141276 701.276763916015 708.815724690754 715.90774790446 722.850791931152 729.793835957844 736.736879984537 743.67992401123 750.622968037922 757.566012064616 765.868772210013 778.250680711532 790.632589213052 803.01449771457 815.396406216089 827.778314717609 840.160223219128 852.542131720646 866.232749938963 880.359604729544 894.486459520125 908.613314310708 922.740169101289 936.867023891869 950.993878682452 959.836215718589 952.824999491376 945.813783264162 938.802567036949 931.791350809736 924.780134582521 917.768918355308 910.757702128095 919.204463195799 932.803883361814 946.403303527829 960.002723693846 973.602143859861 987.201564025876 1000.80098419189 1013.84454074436 1025.22050645616 1036.59647216797 1047.97243787977 1059.34840359158 1070.72436930338
686.112139892578 693.450002034505 700.787864176432 707.78130645752 714.659942118327 721.538577779134 728.417213439942 735.295849100749 742.174484761556 749.053120422364 757.424454243976 770.273882548012 783.12331085205 795.972739156085 808.822167460121 821.671595764159 834.521024068195 847.37045237223 861.301283264159 875.592581685382 889.883880106605 904.17517852783 918.466476949053 932.757775370277 947.049073791502 955.973924255373 948.799430847171 941.624937438967 934.450444030764 927.275950622561 920.101457214358 912.926963806155 905.752470397952 914.247135925291 927.96485443115 941.682572937009 955.40029144287 969.118009948728 982.835728454587 996.553446960448 1009.83068440755 1021.78647867838 1033.74227294922 1045.69806722005 1057.65386149088 1069.60965576172
678.48647664388 685.623240152994 692.760003662109 699.65486501058 706.469092305501 713.283319600422 720.097546895345 726.911774190267 733.726001485188 740.540228780111 748.980136277939 762.297084384492 775.614032491047 788.9309805976 802.247928704153 815.564876810708 828.881824917261 842.198773023814 856.369816589354 870.825558641219 885.281300693085 899.737042744953 914.192784796818 928.648526848684 943.104268900552 952.111632792157 944.773862202965 937.436091613771 930.098321024579 922.760550435387 915.422779846194 908.085009257001 900.747238667809 909.289808654784 923.125825500486 936.961842346188 950.797859191893 964.633876037595 978.469892883298 992.305909729002 1005.81682807074 1018.3524509006 1030.88807373047 1043.42369656033 1055.95931939019 1068.49494222005
671.38925221761 678.573980543348 685.758708869085 693.051316324869 700.379883490667 707.708450656465 715.037017822265 722.365584988063 729.694152153861 737.02271931966 745.854420810272 759.195525275332 772.536629740395 785.877734205455 799.218838670515 812.559943135577 825.901047600637 839.242152065697 853.190819295245 867.342007446286 881.493195597327 895.64438374837 909.795571899411 923.946760050452 938.097948201496 947.195845709909 941.133871290421 935.071896870932 929.009922451444 922.947948031956 916.885973612468 910.82399919298 904.762024773492 913.743336995439 927.739078097869 941.734819200298 955.73056030273 969.72630140516 983.72204250759 997.717783610022 1011.33284267849 1023.80585564507 1036.27886861165 1048.75188157823 1061.22489454481 1073.69790751139
664.820466613769 672.302223205566 679.783979797362 687.97066040039 696.392315673827 704.813970947264 713.235626220702 721.657281494139 730.078936767576 738.500592041014 748.04730784098 760.969205220536 773.891102600095 786.812999979652 799.734897359209 812.656794738767 825.578692118324 838.500589497881 851.764291381834 865.141928100583 878.519564819333 891.897201538084 905.274838256834 918.652474975583 932.030111694335 941.226563008628 937.879458109539 934.53235321045 931.185248311361 927.838143412272 924.491038513183 921.143933614094 917.796828715005 927.607720947261 941.804612223302 956.001503499342 970.198394775386 984.395286051427 998.592177327467 1012.78906860351 1026.37872823079 1038.14669291178 1049.91465759277 1061.68262227376 1073.45058695475 1085.21855163574
658.251681009928 666.030465867784 673.809250725639 682.890004475911 692.404747856986 701.919491238062 711.434234619139 720.948978000215 730.463721381291 739.978464762368 750.240194871687 762.74288516574 775.245575459796 787.748265753849 800.250956047902 812.753646341958 825.256336636011 837.759026930064 850.337763468423 862.94184875488 875.545934041338 888.150019327798 900.754104614256 913.358189900713 925.962275187173 935.257280307347 934.625044928657 933.992809549968 933.360574171278 932.728338792588 932.096103413899 931.463868035209 930.83163265652 941.472104899084 955.870146348736 970.268187798388 984.666229248042 999.064270697694 1013.46231214735 1027.860353597 1041.42461378309 1052.48753017849 1063.55044657389 1074.61336296929 1085.67627936469 1096.73919576009
651.682895406087 659.758708530001 667.834521653916 677.809348551431 688.417180040146 699.02501152886 709.632843017577 720.240674506291 730.848505995006 741.456337483722 752.433081902395 764.516565110945 776.600048319497 788.683531528046 800.767014736596 812.850497945148 824.933981153697 837.017464362247 848.911235555011 860.741769409177 872.572303263343 884.402837117511 896.233370971677 908.063904825844 919.894438680012 929.287997606066 931.370631747775 933.453265889485 935.535900031195 937.618534172905 939.701168314615 941.783802456324 943.866436598034 955.336488850907 969.93568047417 984.534872097433 999.134063720699 1013.73325534396 1028.33244696722 1042.93163859049 1056.47049933539 1066.8283674452 1077.18623555501 1087.54410366482 1097.90197177463 1108.25983988444
645.114109802246 653.486951192219 661.859792582193 672.728692626952 684.429612223305 696.130531819659 707.831451416014 719.532371012367 731.233290608721 742.934210205076 754.625968933102 766.290245056149 777.954521179197 789.618797302243 801.28307342529 812.947349548338 824.611625671384 836.27590179443 847.4847076416 858.541690063474 869.598672485349 880.655654907225 891.7126373291 902.769619750974 913.826602172851 923.318714904785 928.116218566894 932.913722229003 937.711225891112 942.50872955322 947.30623321533 952.103736877438 956.901240539547 969.200872802729 984.001214599603 998.801556396478 1013.60189819335 1028.40223999023 1043.2025817871 1058.00292358398 1071.51638488769 1081.16920471191 1090.82202453613 1100.47484436035 1110.12766418457 1119.78048400879
638.545324198404 647.215193854437 655.885063510469 667.648036702472 680.442044406465 693.236052110457 706.030059814451 718.824067518443 731.618075222436 744.41208292643 756.81885596381 768.063925001353 779.308994038897 790.55406307644 801.799132113983 813.044201151528 824.289270189071 835.534339226614 846.058179728189 856.341610717772 866.625041707354 876.908472696939 887.191903686522 897.475334676105 907.758765665689 917.349432203504 924.861805386012 932.374178568521 939.886551751029 947.398924933537 954.911298116046 962.423671298554 969.936044481062 983.065256754553 998.066748725038 1013.06824069552 1028.06973266601 1043.0712246365 1058.07271660698 1073.07420857747 1086.56227043999 1095.51004197862 1104.45781351725 1113.40558505588 1122.35335659451 1131.30112813313
637.836892191567 646.700492858884 655.564093526201 667.859147135414 681.298018391923 694.736889648433 708.175760904945 721.614632161455 735.053503417964 748.492374674476 761.338105265296 772.404413859046 783.470722452797 794.537031046546 805.603339640296 816.669648234047 827.735956827796 838.802265421546 848.904378255206 858.685092502167 868.465806749128 878.246520996091 888.027235243053 897.807949490014 907.588663736977 917.131391906736 925.960161844886 934.788931783038 943.617701721189 952.446471659339 961.275241597491 970.104011535642 978.932781473792 992.67356363932 1008.05168321397 1023.42980278862 1038.80792236328 1054.18604193793 1069.56416151258 1084.94228108724 1098.78158162435 1108.00442504882 1117.2272684733 1126.45011189778 1135.67295532226 1144.89579874674
642.988813781736 651.942848205563 660.896882629391 673.362023925778 686.997534179683 700.633044433589 714.268554687497 727.904064941402 741.539575195308 755.175085449215 768.183716837561 779.311711629228 790.439706420895 801.567701212561 812.695696004227 823.823690795895 834.951685587561 846.079680379227 856.023303222653 865.572135416663 875.120967610673 884.669799804685 894.218631998695 903.767464192705 913.316296386716 922.664594014483 931.411287943519 940.157981872556 948.904675801592 957.651369730628 966.398063659666 975.144757588702 983.891451517738 998.025793457028 1013.9560180664 1029.88624267578 1045.81646728515 1061.74669189453 1077.6769165039 1093.60714111328 1108.17431844075 1118.65235392252 1129.13038940429 1139.60842488606 1150.08646036783 1160.5644958496
648.140735371905 657.185203552243 666.229671732581 678.864900716143 692.697049967444 706.529199218745 720.361348470049 734.19349772135 748.025646972651 761.857796223955 775.029328409827 786.21900939941 797.408690388995 808.598371378577 819.78805236816 830.977733357744 842.167414347327 853.35709533691 863.142228190102 872.45917833116 881.776128472219 891.093078613279 900.410028754337 909.726978895396 919.043929036456 928.19779612223 936.862414042152 945.527031962075 954.191649881996 962.856267801917 971.52088572184 980.185503641762 988.850121561683 1003.37802327474 1019.86035291883 1036.34268256293 1052.82501220703 1069.30734185112 1085.78967149522 1102.27200113932 1117.56705525716 1129.30028279622 1141.03351033528 1152.76673787434 1164.49996541341 1176.23319295247
653.292656962075 662.427558898923 671.562460835772 684.367777506508 698.396565755205 712.425354003902 726.454142252601 740.482930501298 754.511718749995 768.540506998695 781.874939982093 793.126307169592 804.377674357094 815.629041544593 826.880408732092 838.131775919594 849.383143107093 860.634510294592 870.26115315755 879.346221245657 888.431289333764 897.516357421873 906.60142550998 915.686493598087 924.771561686196 933.730998229978 942.313540140785 950.896082051593 959.4786239624 968.061165873207 976.643707784015 985.226249694822 993.808791605629 1008.73025309244 1025.76468777126 1042.79912245008 1059.8335571289 1076.86799180772 1093.90242648654 1110.93686116536 1126.95979207356 1139.94821166992 1152.93663126627 1165.92505086263 1178.91347045898 1191.90189005533
