data/working_set_collections/6091692-Cassins_Sparrow-MC/2015/bio18.asc
NCOLS 265 
NROWS 230 
XLLCORNER -115.5625 
YLLCORNER 24.8333333333333 
CELLSIZE 0.0833333333333333 
NODATA_value -9999 
[rows 140 to 159 of 230, columns 184 to 229 of 265]
188.898397954305 189.871309704251 190.844221454196 191.495323689779 192.03915608724 192.5829884847 193.126820882162 193.670653279623 194.214485677083 194.758318074544 195.661119418674 197.64082760281 199.620535786947 201.600243971083 203.579952155219 205.559660339356 207.539368523492 209.519076707628 208.098348871868 205.544142362807 202.989935853747 200.435729344687 197.881522835627 195.327316326566 192.773109817506 190.849708896214 190.818724738227 190.787740580241 190.756756422255 190.725772264269 190.694788106283 190.663803948297 190.632819790311 189.356491724651 187.665049023099 185.973606321548 184.282163619996 182.590720918444 180.899278216893 179.207835515341 177.631220584446 176.399088965523 175.166957346599 173.934825727675 172.702694108752 171.470562489828
189.053907648722 189.884033415052 190.714159181383 191.107856241862 191.356077067057 191.604297892253 191.852518717448 192.100739542643 192.348960367839 192.597181193034 193.265854051378 195.195883009169 197.12591196696 199.05594092475 200.985969882541 202.915998840332 204.846027798123 206.776056755913 205.3159837087 202.725876659818 200.135769610936 197.545662562053 194.955555513171 192.365448464289 189.775341415406 187.818416510688 187.761038038466 187.703659566244 187.646281094022 187.588902621799 187.531524149577 187.474145677355 187.416767205133 186.204535802206 184.607353422378 183.010171042549 181.41298866272 179.815806282892 178.218623903063 176.621441523235 175.153180864123 174.071685367161 172.990189870199 171.908694373237 170.827198876275 169.745703379314
189.20941734314 189.896757125854 190.584096908569 190.720388793945 190.672998046875 190.625607299805 190.578216552735 190.530825805664 190.483435058594 190.436044311524 190.870588684082 192.750938415527 194.631288146973 196.511637878418 198.391987609863 200.272337341309 202.152687072754 204.033036804199 202.533618545533 199.907610956829 197.281603368125 194.65559577942 192.029588190716 189.403580602011 186.777573013307 184.787124125163 184.703351338705 184.619578552247 184.535805765788 184.45203297933 184.368260192872 184.284487406413 184.200714619955 183.052579879762 181.549657821656 180.046735763551 178.543813705445 177.04089164734 175.537969589234 174.035047531129 172.675141143799 171.7442817688 170.813422393799 169.882563018799 168.951703643799 168.020844268799
189.364927037557 189.909480836656 190.454034635756 190.332921346029 189.989919026693 189.646916707357 189.303914388021 188.960912068685 188.617909749349 188.274907430013 188.475323316786 190.305993821886 192.136664326986 193.967334832085 195.798005337185 197.628675842285 199.459346347385 201.290016852485 199.751253382366 197.089345253839 194.427437125313 191.765528996786 189.10362086826 186.441712739734 183.779804611207 181.755831739638 181.645664638944 181.535497538249 181.425330437555 181.31516333686 181.204996236166 181.094829135471 180.984662034777 179.900623957317 178.491962220934 177.083300484552 175.67463874817 174.265977011787 172.857315275405 171.448653539022 170.197101423476 169.416878170438 168.6366549174 167.856431664361 167.076208411323 166.295985158285
189.065142059326 189.522197723389 189.979253387451 189.667296854655 189.099002922906 188.530708991157 187.962415059408 187.394121127659 186.82582719591 186.25753326416 186.261624357435 187.982870525784 189.704116694132 191.425362862481 193.146609030829 194.867855199178 196.589101367527 198.310347535875 197.095094299317 194.901007927789 192.706921556262 190.512835184733 188.318748813206 186.124662441678 183.93057607015 182.154054217868 181.630225923326 181.106397628784 180.582569334242 180.0587410397 179.534912745158 179.011084450616 178.487256156074 177.364149983724 176.041284518772 174.71841905382 173.395553588868 172.072688123915 170.749822658963 169.426957194011 168.306822119819 167.794878217909 167.282934316 166.77099041409 166.25904651218 165.74710261027
188.310062408447 188.734907786051 189.159753163656 188.723515319825 188.000249735515 187.276984151205 186.553718566895 185.830452982585 185.107187398275 184.383921813965 184.22949180603 185.781568527222 187.333645248413 188.885721969605 190.437798690796 191.989875411988 193.541952133179 195.09402885437 194.565141296387 193.342598978679 192.12005666097 190.897514343262 189.674972025553 188.452429707845 187.229887390136 185.981791559855 184.657035191854 183.332278823852 182.007522455851 180.68276608785 179.358009719849 178.033253351848 176.708496983847 175.443157958985 174.19762471517 172.952091471355 171.70655822754 170.461024983725 169.215491739909 167.969958496094 167.004303232829 166.878281911214 166.7522605896 166.626239267985 166.50021794637 166.374196624756
187.554982757568 187.947617848714 188.34025293986 187.779733784994 186.901496548123 186.023259311253 185.145022074382 184.266784837511 183.388547600641 182.51031036377 182.197359254625 183.580266528659 184.963173802694 186.346081076728 187.728988350762 189.111895624797 190.494802898831 191.877710172865 192.035188293457 191.784190029568 191.533191765679 191.28219350179 191.031195237901 190.780196974012 190.529198710123 189.809528901842 187.683844460382 185.558160018921 183.432475577461 181.306791136 179.18110669454 177.05542225308 174.929737811619 173.522165934245 172.353964911567 171.185763888889 170.017562866211 168.849361843533 167.681160820856 166.512959798177 165.701784345839 165.961685604519 166.2215868632 166.48148812188 166.741389380561 167.001290639241
186.79990310669 187.160327911377 187.520752716064 186.835952250163 185.802743360732 184.7695344713 183.736325581869 182.703116692437 181.669907803006 180.636698913575 180.16522670322 181.378964530097 182.592702356974 183.806440183851 185.020178010729 186.233915837606 187.447653664483 188.66139149136 189.505235290528 190.225781080458 190.946326870388 191.666872660319 192.387418450249 193.10796424018 193.82851003011 193.637266243829 190.710653728909 187.78404121399 184.85742869907 181.930816184151 179.004203669231 176.077591154311 173.150978639392 171.601173909506 170.510305107965 169.419436306424 168.328567504883 167.237698703342 166.146829901802 165.055961100261 164.399265458849 165.045089297824 165.6909131368 166.336736975776 166.982560814751 167.628384653727
186.044823455811 186.37303797404 186.701252492269 185.892170715332 184.70399017334 183.515809631348 182.327629089356 181.139448547364 179.951268005372 178.763087463379 178.133094151815 179.177662531535 180.222230911255 181.266799290975 182.311367670695 183.355936050415 184.400504430135 185.445072809855 186.975282287598 188.667372131348 190.359461975097 192.051551818847 193.743641662597 195.435731506347 197.127821350097 197.465003585816 193.737462997437 190.009922409058 186.282381820679 182.554841232301 178.827300643922 175.099760055543 171.372219467164 169.680181884766 168.666645304363 167.653108723959 166.639572143555 165.626035563152 164.612498982748 163.598962402344 163.096746571859 164.128492991129 165.1602394104 166.191985829671 167.223732248942 168.255478668213
185.289743804932 185.585748036703 185.881752268473 184.948389180502 183.605236985949 182.262084791396 180.918932596843 179.57578040229 178.232628207737 176.889476013184 176.10096160041 176.976360532973 177.851759465536 178.727158398099 179.602557330661 180.477956263225 181.353355195787 182.22875412835 184.445329284668 187.108963182237 189.772597079806 192.436230977376 195.099864874945 197.763498772514 200.427132670084 201.292740927803 196.764272265965 192.235803604126 187.707334942289 183.178866280451 178.650397618612 174.121928956775 169.593460294937 167.759189860026 166.82298550076 165.886781141494 164.950576782227 164.014372422961 163.078168063694 162.141963704427 161.794227684869 163.211896684434 164.629565684 166.047234683566 167.464903683132 168.882572682698
184.662660090129 184.923726611667 185.184793133206 184.157778167725 182.701402706571 181.245027245416 179.788651784261 178.332276323107 176.875900861953 175.419525400798 174.525401009454 175.318029827542 176.11065864563 176.903287463718 177.695916281806 178.488545099894 179.281173917982 180.07380273607 182.680861282348 185.892729738023 189.104598193698 192.316466649373 195.528335105048 198.740203560722 201.952072016398 203.226688554553 198.689549340143 194.152410125733 189.615270911323 185.078131696914 180.540992482503 176.003853268094 171.466714053684 169.585562642414 168.58974049886 167.593918355305 166.59809621175 165.602274068196 164.606451924641 163.610629781087 163.305580986869 165.072852240667 166.840123494465 168.607394748262 170.37466600206 172.141937255858
184.163572311401 184.386973698934 184.610375086466 183.520337677002 181.992487335206 180.464636993409 178.936786651612 177.408936309815 175.881085968018 174.353235626221 173.406412378947 174.202670415242 174.998928451538 175.795186487834 176.591444524129 177.387702560425 178.18396059672 178.980218633016 181.681878280639 185.018671798705 188.355465316772 191.692258834838 195.029052352905 198.365845870971 201.702639389038 203.266846466065 199.513294219972 195.759741973877 192.006189727784 188.25263748169 184.499085235596 180.745532989502 176.991980743408 175.159300231933 173.966910298665 172.774520365397 171.582130432128 170.38974049886 169.197350565592 168.004960632324 167.630806477863 169.711359659829 171.791912841796 173.872466023762 175.953019205728 178.033572387694
183.664484532674 183.850220786201 184.035957039727 182.88289718628 181.283571963841 179.684246741401 178.084921518962 176.485596296523 174.886271074084 173.286945851644 172.28742374844 173.087311002943 173.887198257446 174.687085511949 175.486972766452 176.286860020955 177.086747275458 177.886634529961 180.68289527893 184.144613859388 187.606332439846 191.068051020304 194.529769600762 197.991488181219 201.453206761677 203.307004377578 200.3370390998 197.367073822022 194.397108544244 191.427143266466 188.457177988688 185.48721271091 182.517247433133 180.733037821451 179.34408009847 177.955122375488 176.566164652506 175.177206929524 173.788249206543 172.399291483561 171.956031968857 174.349867078992 176.743702189126 179.137537299261 181.531372409395 183.92520751953
183.165396753947 183.313467873467 183.461538992988 182.245456695557 180.574656592476 178.903856489394 177.233056386312 175.562256283231 173.891456180149 172.220656077068 171.168435117934 171.971951590644 172.775468063355 173.578984536065 174.382501008775 175.186017481486 175.989533954197 176.793050426907 179.683912277221 183.27055592007 186.85719956292 190.443843205769 194.030486848619 197.617130491468 201.203774134317 203.34716228909 201.160783979628 198.974405670166 196.788027360704 194.601649051242 192.41527074178 190.228892432318 188.042514122857 186.306775410969 184.721249898274 183.135724385579 181.550198872883 179.964673360188 178.379147847493 176.793622334798 176.281257459851 178.988374498154 181.695491536457 184.40260857476 187.109725613062 189.816842651366
182.66630897522 182.776714960734 182.887120946248 181.608016204834 179.865741221111 178.123466237387 176.381191253663 174.638916269939 172.896641286215 171.154366302491 170.049446487427 170.856592178345 171.663737869263 172.470883560181 173.278029251099 174.085174942017 174.892320632935 175.699466323852 178.684929275512 182.396497980753 186.108066685994 189.819635391235 193.531204096475 197.242772801716 200.954341506957 203.387320200603 201.984528859457 200.581737518311 199.178946177165 197.776154836019 196.373363494873 194.970572153727 193.567780812581 191.880513000488 190.098419698079 188.31632639567 186.534233093261 184.752139790852 182.970046488444 181.187953186035 180.606482950845 183.626881917316 186.647280883788 189.667679850259 192.68807881673 195.708477783202
182.167221196493 182.239962048001 182.312702899509 180.970575714112 179.156825849746 177.343075985379 175.529326121013 173.715576256647 171.90182639228 170.088076527914 168.93045785692 169.741232766045 170.552007675171 171.362782584296 172.173557493422 172.984332402547 173.795107311673 174.605882220798 177.685946273803 181.522440041435 185.358933809067 189.1954275767 193.031921344332 196.868415111965 200.704908879597 203.427478112115 202.808273739285 202.189069366455 201.569864993625 200.950660620795 200.331456247965 199.712251875135 199.093047502305 197.454250590006 195.475589497884 193.496928405762 191.518267313639 189.539606221517 187.560945129394 185.582284037272 184.931708441839 188.265389336478 191.599070231119 194.932751125758 198.266432020398 201.600112915038
181.568482335409 181.61143260532 181.654382875231 180.293008295695 178.463525433011 176.634042570327 174.804559707642 172.975076844958 171.145593982273 169.316111119589 168.173574574788 169.091876983642 170.010179392497 170.928481801351 171.846784210205 172.765086619059 173.683389027913 174.601691436767 177.846526082356 181.866871473523 185.88721686469 189.907562255858 193.927907647026 197.948253038193 201.968598429361 204.911060036553 204.619870291815 204.328680547078 204.037490802341 203.746301057603 203.455111312866 203.163921568128 202.872731823391 201.742225392659 200.331946733262 198.921668073865 197.511389414468 196.101110755071 194.690832095674 193.280553436277 193.157241524587 196.894829856021 200.632418187456 204.37000651889 208.107594850324 211.845183181759
180.870092391968 180.891126632691 180.912160873413 179.575313949585 177.785839970907 175.996365992229 174.20689201355 172.417418034872 170.627944056194 168.838470077515 167.778796641032 168.908524831136 170.03825302124 171.167981211344 172.297709401448 173.427437591552 174.557165781656 175.686893971761 179.166668701171 183.429792277017 187.692915852863 191.95603942871 196.219163004556 200.482286580402 204.745410156249 207.838065973917 207.419318517049 207.00057106018 206.581823603312 206.163076146443 205.744328689575 205.325581232706 204.906833775838 204.744437408447 204.667491404215 204.590545399983 204.513599395751 204.436653391519 204.359707387287 204.282761383055 205.283082199094 209.515203475949 213.747324752805 217.97944602966 222.211567306515 226.443688583371
180.171702448527 180.170820660061 180.169938871596 178.857619603475 177.108154508803 175.358689414131 173.609224319458 171.859759224786 170.110294130114 168.360829035441 167.384018707275 168.725172678629 170.066326649983 171.407480621338 172.748634592692 174.089788564046 175.4309425354 176.772096506754 180.486811319986 184.992713080511 189.498614841036 194.004516601561 198.510418362086 203.016320122611 207.522221883137 210.765071911282 210.218766742282 209.672461573283 209.126156404283 208.579851235284 208.033546066284 207.487240897284 206.940935728285 207.746649424234 209.003036075167 210.2594227261 211.515809377033 212.772196027966 214.028582678899 215.284969329832 217.4089228736 222.135577095876 226.862231318153 231.588885540429 236.315539762706 241.042193984982
179.473312505086 179.450514687432 179.427716869778 178.139925257365 176.430469046699 174.721012836033 173.011556625367 171.3021004147 169.592644204034 167.883187993368 166.989240773519 168.541820526123 170.094400278727 171.646980031331 173.199559783935 174.752139536539 176.304719289143 177.857299041747 181.806953938801 186.555633884005 191.304313829208 196.052993774413 200.801673719617 205.55035366482 210.299033610025 213.692077848646 213.018214967515 212.344352086385 211.670489205254 210.996626324123 210.322763442993 209.648900561862 208.975037680732 210.748861440022 213.338580746119 215.928300052217 218.518019358315 221.107738664413 223.697457970511 226.287177276609 229.534763548106 234.755950715803 239.977137883501 245.198325051198 250.419512218895 255.640699386593
