data/working_set_collections/6091692-Cassins_Sparrow-MC/2015/bio10.asc
NCOLS 265 
NROWS 230 
XLLCORNER -115.5625 
YLLCORNER 24.8333333333333 
CELLSIZE 0.0833333333333333 
NODATA_value -9999 
[rows 140 to 159 of 230, columns 138 to 183 of 265]
28.8064411587185 28.8730480194092 28.9396548800998 29.0062617407904 28.9953538099925 28.9586076153649 28.9218614207374 28.8851152261098 28.8483690314823 28.8116228368547 28.7748766422272 28.7401718086666 28.7115910583072 28.6830103079478 28.6544295575884 28.6258488072289 28.5972680568695 28.5686873065101 28.5401065561507 28.5579671223958 28.5913081275092 28.6246491326226 28.657990137736 28.6913311428494 28.7246721479628 28.7580131530762 28.7842273659176 28.7890612019433 28.793895037969 28.7987288739946 28.8035627100203 28.8083965460459 28.8132303820716 28.8180642180973 28.7990660349528 28.7721238454183 28.7451816558838 28.7182394663493 28.6912972768148 28.6643550872803 28.6374128977458 28.6100306404962 28.5813281801012 28.5526257197062 28.5239232593113 28.4952207989163
28.8869946373833 28.9787170410156 29.0704394446479 29.1621618482801 29.1564503510793 29.1182608869341 29.0800714227888 29.0418819586436 29.0036924944983 28.9655030303531 28.9273135662079 28.8876131110721 28.8433796829647 28.7991462548574 28.75491282675 28.7106793986426 28.6664459705353 28.6222125424279 28.5779791143205 28.5911524454752 28.6234613630507 28.6557702806261 28.6880791982015 28.7203881157769 28.7526970333523 28.7850059509277 28.808080233468 28.8034506109026 28.7988209883372 28.7941913657718 28.7895617432065 28.7849321206411 28.7803024980757 28.7756728755103 28.7562959035238 28.7320031483968 28.7077103932699 28.6834176381429 28.659124883016 28.634832127889 28.610539372762 28.585670958625 28.5590755674574 28.5324801762899 28.5058847851224 28.4792893939548
28.9675481160481 29.084386062622 29.2012240091959 29.3180619557698 29.3175468921661 29.2779141585032 29.2382814248403 29.1986486911773 29.1590159575144 29.1193832238515 29.0797504901886 29.0350544134776 28.9751683076223 28.915282201767 28.8553960959117 28.7955099900564 28.735623884201 28.6757377783457 28.6158516724904 28.6243377685547 28.6556145985921 28.6868914286295 28.718168258667 28.7494450887044 28.7807219187418 28.8119987487793 28.8319331010183 28.8178400198619 28.8037469387054 28.789653857549 28.7755607763926 28.7614676952362 28.7473746140798 28.7332815329234 28.7135257720947 28.6918824513753 28.6702391306559 28.6485958099365 28.6269524892171 28.6053091684977 28.5836658477783 28.5613112767538 28.5368229548137 28.5123346328735 28.4878463109334 28.4633579889933
29.0481015947129 29.1900550842285 29.332008573744 29.4739620632595 29.478643433253 29.4375674300723 29.3964914268917 29.3554154237111 29.3143394205305 29.2732634173499 29.2321874141693 29.182495715883 29.1069569322798 29.0314181486766 28.9558793650733 28.8803405814701 28.8048017978668 28.7292630142636 28.6537242306604 28.6575230916341 28.6877678341336 28.718012576633 28.7482573191325 28.7785020616319 28.8087468041314 28.8389915466309 28.8557859685686 28.8322294288211 28.8086728890737 28.7851163493262 28.7615598095788 28.7380032698313 28.7144467300839 28.6908901903365 28.6707556406657 28.6517617543538 28.632767868042 28.6137739817302 28.5947800954183 28.5757862091065 28.5567923227946 28.5369515948826 28.5145703421699 28.4921890894572 28.4698078367445 28.4474265840319
29.1176075193617 29.2787850062052 29.4399624930487 29.6011399798923 29.6129621505737 29.5749992158678 29.5370362811618 29.4990733464559 29.4611104117499 29.423147477044 29.385184542338 29.3355463875665 29.2508825725979 29.1662187576294 29.0815549426609 28.9968911276923 28.9122273127238 28.8275634977553 28.7428996827867 28.7365300496419 28.756258477105 28.7759869045681 28.7957153320312 28.8154437594944 28.8351721869575 28.8549006144206 28.8622454007467 28.8324392636617 28.8026331265767 28.7728269894918 28.7430208524068 28.7132147153219 28.6834085782369 28.653602441152 28.6344243367513 28.6187889099121 28.6031534830729 28.5875180562337 28.5718826293945 28.5562472025553 28.5406117757162 28.5243946817186 28.5064325862461 28.4884704907735 28.470508395301 28.4525462998284
29.1760658899942 29.3505758285522 29.5250857671101 29.6995957056681 29.7205030441284 29.6902095158895 29.6599159876505 29.6296224594116 29.5993289311727 29.5690354029337 29.5387418746948 29.4942064285278 29.4069452285767 29.3196840286255 29.2324228286743 29.1451616287231 29.057900428772 28.9706392288208 28.8833780288696 28.8613586425781 28.8610865275065 28.8608144124349 28.8605422973633 28.8602701822917 28.85999806722 28.8597259521484 28.8513113975525 28.8184695243836 28.7856276512146 28.7527857780457 28.7199439048767 28.6871020317078 28.6542601585388 28.6214182853699 28.6045318603516 28.5929639180501 28.5813959757487 28.5698280334473 28.5582600911458 28.5466921488444 28.535124206543 28.523640537262 28.5124096870422 28.5011788368225 28.4899479866028 28.4787171363831
29.2345242606268 29.4223666508992 29.6102090411716 29.7980514314439 29.8280439376831 29.8054198159112 29.7827956941393 29.7601715723673 29.7375474505954 29.7149233288235 29.6922992070516 29.6528664694892 29.5630078845554 29.4731492996216 29.3832907146878 29.293432129754 29.2035735448201 29.1137149598863 29.0238563749525 28.9861872355143 28.965914577908 28.9456419203016 28.9253692626953 28.905096605089 28.8848239474826 28.8645512898763 28.8403773943583 28.8044997851054 28.7686221758525 28.7327445665995 28.6968669573466 28.6609893480937 28.6251117388408 28.5892341295878 28.5746393839518 28.5671389261882 28.5596384684245 28.5521380106608 28.5446375528971 28.5371370951335 28.5296366373698 28.5228863928053 28.5183867878384 28.5138871828715 28.5093875779046 28.5048879729377
29.2929826312594 29.4941574732462 29.695332315233 29.8965071572197 29.9355848312378 29.9206301159329 29.905675400628 29.8907206853231 29.8757659700182 29.8608112547133 29.8458565394084 29.8115265104506 29.7190705405341 29.6266145706177 29.5341586007012 29.4417026307848 29.3492466608683 29.2567906909519 29.1643347210354 29.1110158284505 29.0707426283095 29.0304694281684 28.9901962280273 28.9499230278863 28.9096498277452 28.8693766276042 28.8294433911642 28.7905300458272 28.7516167004903 28.7127033551534 28.6737900098165 28.6348766644796 28.5959633191427 28.5570499738058 28.5447469075521 28.5413139343262 28.5378809611003 28.5344479878743 28.5310150146484 28.5275820414225 28.5241490681966 28.5221322483487 28.5243638886346 28.5265955289205 28.5288271692064 28.5310588094923
29.351441001892 29.5659482955932 29.7804555892944 29.9949628829955 30.0431257247925 30.0358404159546 30.0285551071167 30.0212697982788 30.0139844894409 30.006699180603 29.9994138717651 29.9701865514119 29.8751331965129 29.7800798416138 29.6850264867147 29.5899731318156 29.4949197769165 29.3998664220174 29.3048130671183 29.2358444213867 29.1755706787109 29.1152969360352 29.0550231933594 28.9947494506836 28.9344757080078 28.874201965332 28.81850938797 28.7765603065491 28.7346112251282 28.6926621437073 28.6507130622864 28.6087639808655 28.5668148994446 28.5248658180237 28.5148544311523 28.5154889424642 28.516123453776 28.5167579650879 28.5173924763997 28.5180269877116 28.5186614990234 28.521378103892 28.5303409894307 28.5393038749695 28.5482667605082 28.557229646047
29.4098993725246 29.6377391179402 29.8655788633558 30.0934186087714 30.1506666183472 30.1510507159763 30.1514348136054 30.1518189112345 30.1522030088636 30.1525871064928 30.1529712041219 30.1288465923733 30.0311958524916 29.9335451126099 29.8358943727281 29.7382436328464 29.6405928929647 29.542942153083 29.4452914132012 29.3606730143229 29.2803987291124 29.2001244439019 29.1198501586914 29.0395758734809 28.9593015882704 28.8790273030599 28.8075753847758 28.7625905672709 28.717605749766 28.6726209322612 28.6276361147563 28.5826512972514 28.5376664797465 28.4926816622416 28.4849619547526 28.4896639506022 28.4943659464518 28.4990679423014 28.503769938151 28.5084719340007 28.5131739298503 28.5206239594354 28.5363180902269 28.5520122210185 28.56770635181 28.5834004826016
29.3222344981299 29.5547185738881 29.7872026496463 30.0196867254045 30.0887983798981 30.1034525606368 30.1181067413754 30.1327609221141 30.1474151028527 30.1620692835914 30.1767234643301 30.1639644781749 30.0689659913381 29.9739675045014 29.8789690176646 29.7839705308279 29.6889720439911 29.5939735571544 29.4989750703176 29.409735584259 29.3224157651266 29.2350959459941 29.1477761268616 29.0604563077291 28.9731364885966 28.8858166694641 28.8079877111647 28.7586313353645 28.7092749595642 28.659918583764 28.6105622079637 28.5612058321635 28.5118494563633 28.462493080563 28.4530185699463 28.4568380143907 28.4606574588352 28.4644769032796 28.4682963477241 28.4721157921685 28.475935236613 28.4835538387299 28.5025699138641 28.5215859889984 28.5406020641327 28.559618139267
29.0884463787079 29.3168866634369 29.5453269481659 29.7737672328949 29.8575210094452 29.8930459499359 29.9285708904267 29.9640958309174 29.9996207714081 30.0351457118988 30.0706706523895 30.0755402088166 29.9884436130524 29.9013470172882 29.8142504215241 29.7271538257599 29.6400572299958 29.5529606342316 29.4658640384674 29.3830321311951 29.3016217867534 29.2202114423116 29.1388010978699 29.0573907534282 28.9759804089864 28.8945700645447 28.8197463671366 28.7646826108297 28.7096188545227 28.6545550982158 28.5994913419088 28.5444275856018 28.4893638292949 28.4343000729879 28.4190242767334 28.4170111338298 28.4149979909261 28.4129848480225 28.4109717051188 28.4089585622152 28.4069454193115 28.4101677417755 28.4290964603424 28.4480251789093 28.4669538974762 28.4858826160431
28.8546582592858 29.0790547529856 29.3034512466854 29.5278477403852 29.6262436389923 29.6826393392351 29.7390350394779 29.7954307397207 29.8518264399635 29.9082221402062 29.964617840449 29.9871159394582 29.9079212347667 29.8287265300751 29.7495318253835 29.670337120692 29.5911424160004 29.5119477113088 29.4327530066173 29.3563286781311 29.2808278083801 29.2053269386292 29.1298260688782 29.0543251991272 28.9788243293762 28.9033234596253 28.8315050231086 28.7707338862949 28.7099627494812 28.6491916126675 28.5884204758538 28.5276493390401 28.4668782022264 28.4061070654128 28.3850299835205 28.3771842532688 28.369338523017 28.3614927927653 28.3536470625136 28.3458013322618 28.3379556020101 28.3367816448212 28.3556230068207 28.3744643688202 28.3933057308197 28.4121470928192
28.6208701398637 28.8412228425344 29.061575545205 29.2819282478756 29.3949662685395 29.4722327285343 29.5494991885291 29.626765648524 29.7040321085188 29.7812985685137 29.8585650285085 29.8986916700999 29.827398856481 29.756106042862 29.684813229243 29.613520415624 29.542227602005 29.470934788386 29.3996419747671 29.3296252250672 29.2600338300069 29.1904424349467 29.1208510398865 29.0512596448263 28.981668249766 28.9120768547058 28.8432636790806 28.7767851617601 28.7103066444397 28.6438281271193 28.5773496097989 28.5108710924785 28.444392575158 28.3779140578376 28.3510356903076 28.3373573727078 28.323679055108 28.3100007375082 28.2963224199083 28.2826441023085 28.2689657847087 28.2633955478668 28.282149553299 28.3009035587311 28.3196575641632 28.3384115695953
28.3870820204417 28.6033909320831 28.8196998437246 29.036008755366 29.1636888980866 29.2618261178335 29.3599633375804 29.4581005573273 29.5562377770742 29.6543749968211 29.752512216568 29.8102674007416 29.7468764781952 29.6834855556488 29.6200946331024 29.5567037105561 29.4933127880097 29.4299218654633 29.3665309429169 29.3029217720032 29.2392398516337 29.1755579312643 29.1118760108948 29.0481940905253 28.9845121701559 28.9208302497864 28.8550223350525 28.7828364372254 28.7106505393982 28.6384646415711 28.5662787437439 28.4940928459168 28.4219069480896 28.3497210502625 28.3170413970947 28.2975304921468 28.2780195871989 28.258508682251 28.2389977773031 28.2194868723552 28.1999759674072 28.1900094509125 28.2086760997772 28.227342748642 28.2460093975067 28.2646760463715
28.1532939010196 28.3655590216319 28.5778241422441 28.7900892628563 28.9324115276337 29.0514195071326 29.1704274866316 29.2894354661306 29.4084434456295 29.5274514251285 29.6464594046275 29.7218431313833 29.6663540999095 29.6108650684357 29.5553760369619 29.4998870054881 29.4443979740143 29.3889089425405 29.3334199110667 29.2762183189392 29.2184458732605 29.1606734275818 29.1029009819031 29.0451285362244 28.9873560905457 28.929583644867 28.8667809910245 28.7888877126906 28.7109944343567 28.6331011560228 28.555207877689 28.4773145993551 28.3994213210212 28.3215280426873 28.2830471038818 28.2577036115858 28.2323601192898 28.2070166269938 28.1816731346978 28.1563296424018 28.1309861501058 28.1166233539581 28.1352026462555 28.1537819385529 28.1723612308502 28.1909405231476
27.9044257269965 28.09734471639 28.2902637057834 28.4831826951769 28.6258420149486 28.751748111513 28.8776542080774 29.0035603046418 29.1294664012062 29.2553724977706 29.381278594335 29.4664064354368 29.4291995101506 29.3919925848644 29.3547856595782 29.317578734292 29.2803718090058 29.2431648837196 29.2059579584334 29.1675552686056 29.1287539905972 29.0899527125889 29.0511514345805 29.0123501565721 28.9735488785638 28.9347476005554 28.8863111707899 28.808969285753 28.7316274007162 28.6542855156793 28.5769436306424 28.4996017456055 28.4222598605686 28.3449179755317 28.3014178276062 28.2691982587179 28.2369786898295 28.2047591209412 28.1725395520528 28.1403199831645 28.1081004142761 28.0875984509786 28.1022493044535 28.1169001579285 28.1315510114034 28.1462018648783
27.6404774983724 27.7987480163574 27.9570185343425 28.1152890523275 28.2439803600312 28.3628119309744 28.4816435019176 28.6004750728608 28.719306643804 28.8381382147472 28.9569697856904 29.0439573129019 29.0354127089183 29.0268681049348 29.0183235009512 29.0097788969676 29.0012342929841 28.9926896890005 28.9841450850169 28.9769326210022 28.9701642036438 28.9633957862854 28.956627368927 28.9498589515686 28.9430905342102 28.9363221168518 28.913612874349 28.8430811564128 28.7725494384766 28.7020177205404 28.6314860026042 28.560954284668 28.4904225667318 28.4198908487956 28.3721535682678 28.3320144335429 28.291875298818 28.251736164093 28.2115970293681 28.1714578946432 28.1313187599182 28.1029347419739 28.1098160743713 28.1166974067688 28.1235787391663 28.1304600715637
27.3765292697483 27.5001513163249 27.6237733629015 27.7473954094781 27.8621187051138 27.9738757504358 28.0856327957577 28.1973898410798 28.3091468864017 28.4209039317237 28.5326609770457 28.621508190367 28.6416259076861 28.6617436250051 28.6818613423242 28.7019790596433 28.7220967769623 28.7422144942814 28.7623322116004 28.7863099733989 28.8115744166904 28.836838859982 28.8621033032735 28.8873677465651 28.9126321898566 28.9378966331482 28.940914577908 28.8771930270725 28.813471476237 28.7497499254015 28.686028374566 28.6223068237305 28.558585272895 28.4948637220595 28.4428893089294 28.3948306083679 28.3467719078064 28.2987132072449 28.2506545066834 28.2025958061218 28.1545371055603 28.1182710329692 28.1173828442891 28.1164946556091 28.1156064669291 28.1147182782491
27.1125810411242 27.2015546162924 27.2905281914606 27.3795017666287 27.4802570501964 27.5849395698972 27.689622089598 27.7943046092988 27.8989871289996 28.0036696487003 28.1083521684011 28.1990590678322 28.2478391064539 28.2966191450755 28.3453991836972 28.3941792223189 28.4429592609406 28.4917392995623 28.540519338184 28.5956873257955 28.652984629737 28.7102819336785 28.76757923762 28.8248765415615 28.8821738455031 28.9394711494446 28.968216281467 28.9113048977322 28.8543935139974 28.7974821302626 28.7405707465278 28.683659362793 28.6267479790582 28.5698365953234 28.5136250495911 28.457646783193 28.4016685167948 28.3456902503967 28.2897119839986 28.2337337176005 28.1777554512024 28.1336073239644 28.124949614207 28.1162919044495 28.107634194692 28.0989764849345
