data/working_set_collections/6091692-Cassins_Sparrow-MC/2015/bio13.asc
NCOLS 265 
NROWS 230 
XLLCORNER -115.5625 
YLLCORNER 24.8333333333333 
CELLSIZE 0.0833333333333333 
NODATA_value -9999 
[rows 40 to 59 of 230, columns 46 to 91 of 265]
75.6442022323609 76.0570478439331 76.4698934555054 76.8827390670777 77.2955846786499 77.7084302902222 76.4745068550114 74.6916604042058 72.9088139533999 71.1259675025943 69.3431210517887 67.5602746009829 65.7774281501773 63.8333647092189 61.405650297801 58.9779358863835 56.550221474966 54.1225070635481 51.6947926521306 49.2670782407132 46.8393638292953 46.0660747528078 45.8442607879641 45.6224468231203 45.4006328582765 45.1788188934328 44.957004928589 44.7351909637452 44.6554259300232 45.0018076896668 45.3481894493103 45.6945712089538 46.0409529685974 46.3873347282409 46.7337164878845 47.080098247528 48.0685075759885 49.2709260940549 50.4733446121214 51.6757631301877 52.8781816482541 54.0806001663206 55.2830186843869 56.7882135073338 59.2017372449235 61.6152609825129
75.0587597529094 75.4916861004299 75.9246124479506 76.3575387954712 76.7904651429918 77.2233914905124 76.0611571311954 74.3672025362655 72.6732479413353 70.9792933464053 69.2853387514754 67.5913841565452 65.8974295616153 63.9822861883381 61.4035764800181 58.8248667716985 56.2461570633789 53.6674473550588 51.0887376467392 48.5100279384196 45.9313182300996 45.1703759511313 45.015356148614 44.8603363460966 44.7053165435792 44.5502967410619 44.3952769385445 44.2402571360271 44.226000436147 44.6340330441793 45.0420656522115 45.4500982602437 45.8581308682759 46.2661634763081 46.6741960843403 47.0822286923726 48.1328964869179 49.3977760103011 50.6626555336845 51.9275350570676 53.1924145804508 54.4572941038342 55.7221736272173 57.3012576315132 59.8229550785485 62.3446525255834
73.3367892901105 73.7564642694264 74.1761392487423 74.5958142280581 75.015489207374 75.4351641866899 74.2818916638699 72.6043033070042 70.9267149501382 69.2491265932725 67.5715382364069 65.8939498795409 64.2163615226752 62.3384035216447 59.8593365881184 57.3802696545926 54.9012027210668 52.4221357875405 49.9430688540147 47.4640019204889 44.9849349869626 44.301341311137 44.2162387212119 44.1311361312867 44.0460335413616 43.9609309514364 43.8758283615113 43.7907257715862 43.8434530576069 44.309669971466 44.7758868853251 45.2421037991841 45.7083207130432 46.1745376269022 46.6407545407612 47.1069714546203 48.2169618606565 49.5415434307519 50.8661250008475 52.1907065709429 53.5152881410383 54.839869711134 56.1644512812294 57.7922109921767 60.3295051256812 62.8667992591853
70.478290843964 70.851382350922 71.2244738578801 71.5975653648381 71.9706568717961 72.3437483787542 71.1367104530343 69.4029627164214 67.6692149798083 65.9354672431954 64.2017195065826 62.4679717699695 60.7342240333566 58.901716709138 56.7729306221016 54.6441445350655 52.5153584480295 50.386572360993 48.257786273957 46.1290001869209 44.0002140998844 43.4589708328249 43.4469085057578 43.4348461786907 43.4227838516236 43.4107215245566 43.3986591974895 43.3865968704224 43.507783794403 44.0287184715271 44.5496531486511 45.070587825775 45.5915225028991 46.1124571800231 46.6333918571471 47.1543265342712 48.3207036972043 49.7022283554074 51.0837530136106 52.4652776718137 53.8468023300167 55.22832698822 56.609851646423 58.2610735893243 60.7213873863217 63.1817011833186
67.6197923978173 67.9463004324175 68.2728084670177 68.5993165016178 68.925824536218 69.2523325708181 67.9915292421984 66.2016221258384 64.4117150094781 62.621807893118 60.831900776758 59.0419936603977 57.2520865440377 55.4650298966311 53.6865246560845 51.9080194155382 50.1295141749919 48.3510089344453 46.5725036938991 44.7939984533528 43.0154932128062 42.6166003545126 42.6775782903036 42.7385562260947 42.7995341618857 42.8605120976767 42.9214900334677 42.9824679692587 43.172114531199 43.7477669715881 44.3234194119771 44.899071852366 45.4747242927551 46.050376733144 46.626029173533 47.201681613922 48.4244455337522 49.8629132800629 51.3013810263738 52.7398487726845 54.1783165189951 55.616784265306 57.0552520116167 58.729936186472 61.1132696469622 63.4966031074519
64.7612939516706 65.0412185139129 65.3211430761552 65.6010676383975 65.8809922006398 66.1609167628821 64.8463480313626 63.0002815352554 61.1542150391479 59.3081485430406 57.4620820469334 55.6160155508259 53.7699490547187 52.0283430841241 50.6001186900674 49.1718942960109 47.7436699019544 46.3154455078977 44.8872211138412 43.4589967197847 42.030772325728 41.7742298762004 41.9082480748495 42.0422662734986 42.1762844721477 42.3103026707967 42.4443208694458 42.5783390680949 42.8364452679951 43.4668154716491 44.0971856753031 44.727555878957 45.357926082611 45.988296286265 46.6186664899189 47.2490366935729 48.5281873703 50.0235982047183 51.5190090391369 53.0144198735552 54.5098307079735 56.0052415423921 57.5006523768104 59.1987987836196 61.5051519076026 63.8115050315853
61.9027955055241 62.1361365954086 62.369477685293 62.6028187751775 62.8361598650619 63.0695009549464 61.701166820527 59.7989409446726 57.8967150688179 55.9944891929635 54.0922633171092 52.1900374412545 50.2878115654001 48.5916562716175 47.5137127240505 46.4357691764838 45.3578256289171 44.2798820813502 43.2019385337834 42.1239949862167 41.0460514386498 40.9318593978883 41.1389178593954 41.3459763209026 41.5530347824097 41.7600932439169 41.967151705424 42.1742101669312 42.5007760047912 43.1858639717102 43.8709519386291 44.556039905548 45.241127872467 45.9262158393859 46.6113038063048 47.2963917732238 48.6319292068479 50.1842831293738 51.7366370519 53.288990974426 54.8413448969519 56.3936988194781 57.9460527420041 59.6676613807672 61.8970341682431 64.1264069557186
59.0442970593774 59.231054676904 59.4178122944306 59.6045699119572 59.7913275294838 59.9780851470104 58.5559856096911 56.5976003540896 54.6392150984877 52.6808298428861 50.7224445872846 48.7640593316827 46.8056740760812 45.1549694591105 44.4273067580334 43.6996440569565 42.9719813558795 42.2443186548025 41.5166559537255 40.7889932526486 40.0613305515715 40.0894889195761 40.3695876439413 40.6496863683065 40.9297850926718 41.209883817037 41.4899825414022 41.7700812657674 42.1651067415872 42.9049124717712 43.6447182019551 44.3845239321389 45.1243296623229 45.8641353925068 46.6039411226907 47.3437468528747 48.7356710433957 50.3449680540293 51.9542650646631 53.5635620752967 55.1728590859303 56.7821560965642 58.3914531071977 60.1365239779149 62.2889164288836 64.4413088798519
56.1314677238468 56.2720617400279 56.412655756209 56.5532497723901 56.6938437885712 56.8344378047523 55.4610496521003 53.5830007765036 51.7049519009066 49.8269030253098 47.9488541497131 46.0708052741161 44.1927563985194 42.6549342897206 42.1377924813167 41.6206506729129 41.103508864509 40.5863670561051 40.0692252477012 39.5520834392974 39.0349416308935 39.1636874198914 39.5077290746901 39.8517707294889 40.1958123842875 40.5398540390863 40.883895693885 41.2279373486837 41.6838491121927 42.4753712018331 43.2668932914733 44.0584153811136 44.849937470754 45.6414595603942 46.4329816500344 47.2245037396748 48.6637974103289 50.3190149413211 51.9742324723136 53.6294500033058 55.284667534298 56.9398850652905 58.5951025962827 60.3395266109038 62.3515700764124 64.3636135419207
53.1643074989324 53.2591577847804 53.3540080706284 53.4488583564764 53.5437086423243 53.6385589281723 52.4163589477547 50.7551422119149 49.0939254760749 47.4327087402351 45.7714920043953 44.1102752685552 42.4490585327154 41.0915507634484 40.6451698939009 40.1987890243533 39.7524081548058 39.3060272852583 38.8596464157107 38.4132655461632 37.9668846766156 38.1544548988343 38.5533421516419 38.9522294044496 39.3511166572572 39.7500039100647 40.1488911628724 40.54777841568 41.0570031166076 41.8972401618958 42.7374772071838 43.5777142524718 44.41795129776 45.258188343048 46.0984253883361 46.9386624336242 48.4163083076475 50.1064237912492 51.7965392748513 53.4866547584531 55.1767702420549 56.866885725657 58.5570012092588 60.2766692797339 62.0849951108295 63.8933209419248
50.1971472740178 50.2462538295326 50.2953603850475 50.3444669405624 50.3935734960772 50.4426800515921 49.3716682434089 47.927283647326 46.4828990512429 45.0385144551601 43.5941298590772 42.1497452629942 40.7053606669113 39.5281672371761 39.1525473064849 38.7769273757937 38.4013074451025 38.0256875144113 37.6500675837201 37.274447653029 36.8988277223377 37.1452223777772 37.5989552285936 38.0526880794102 38.5064209302267 38.9601537810432 39.4138866318597 39.8676194826762 40.4301571210224 41.3191091219584 42.2080611228942 43.09701312383 43.985965124766 44.8749171257018 45.7638691266376 46.6528211275736 48.168819204966 49.8938326411773 51.618846077389 53.3438595136004 55.0688729498118 56.7938863860234 58.5188998222348 60.213811948564 61.8184201452466 63.4230283419289
47.2299870491031 47.2333498742849 47.2367126994666 47.2400755246484 47.2434383498301 47.2468011750119 46.3269775390631 45.0994250827371 43.871872626411 42.6443201700851 41.4167677137592 40.1892152574331 38.9616628011072 37.9647837109038 37.6599247190689 37.3550657272341 37.0502067353993 36.7453477435644 36.4404887517295 36.1356297598947 35.8307707680598 36.13598985672 36.6445683055454 37.1531467543708 37.6617252031962 38.1703036520216 38.6788821008471 39.1874605496724 39.8033111254373 40.740978082021 41.6786450386046 42.6163119951882 43.553978951772 44.4916459083556 45.4293128649392 46.366979821523 47.9213301022845 49.6812414911054 51.4411528799267 53.2010642687477 54.9609756575687 56.7208870463899 58.4807984352109 60.150954617394 61.5518451796636 62.952735741933
44.2628268241887 44.2204459190374 44.178065013886 44.1356841087347 44.0933032035833 44.050922298432 43.2822868347175 42.2715665181485 41.2608462015793 40.2501258850103 39.2394055684414 38.2286852518722 37.2179649353032 36.4014001846317 36.1673021316531 35.9332040786746 35.6991060256961 35.4650079727175 35.230909919739 34.9968118667605 34.762713813782 35.1267573356629 35.6901813824972 36.2536054293316 36.8170294761658 37.3804535230001 37.9438775698345 38.5073016166687 39.1764651298522 40.1628470420837 41.1492289543151 42.1356108665465 43.121992778778 44.1083746910094 45.0947566032408 46.0811385154723 47.673840999603 49.4686503410336 51.2634596824644 53.058269023895 54.8530783653255 56.6478877067564 58.442697048187 60.0880972862241 61.2852702140807 62.4824431419371
41.2956665992741 41.2075419637897 41.1194173283052 41.0312926928207 40.9431680573362 40.8550434218517 40.2375961303717 39.4437079535596 38.6498197767474 37.8559315999354 37.0620434231233 36.2681552463111 35.4742670694991 34.8380166583594 34.6746795442372 34.511342430115 34.3480053159928 34.1846682018706 34.0213310877484 33.8579939736262 33.694656859504 34.1175248146058 34.7357944594489 35.3540641042922 35.9723337491354 36.5906033939785 37.2088730388218 37.827142683665 38.549619134267 39.5847160021464 40.6198128700255 41.6549097379047 42.690006605784 43.7251034736632 44.7602003415424 45.7952972094217 47.4263518969215 49.2560591909617 51.0857664850021 52.9154737790423 54.7451810730824 56.5748883671229 58.404595661163 60.0252399550542 61.0186952484978 62.0121505419412
39.6417113939922 39.4760994911195 39.3104875882467 39.144875685374 38.9792637825013 38.8136518796286 38.2584852059684 37.5734669420457 36.8884486781228 36.2034304142 35.5184121502773 34.8333938863544 34.1483756224317 33.6052899095749 33.4880018499164 33.3707137902579 33.2534257305994 33.1361376709409 33.0188496112825 32.901561551624 32.7842734919655 33.2465118408203 33.9019256591796 34.5573394775391 35.2127532958984 35.8681671142577 36.5235809326172 37.1789947509765 37.9404455502826 39.0200072924295 40.0995690345763 41.179130776723 42.25869251887 43.3382542610167 44.4178160031634 45.4973777453104 47.1307859420774 48.9488096237179 50.7668333053587 52.5848569869993 54.4028806686398 56.2209043502806 58.0389280319212 59.6189343558416 60.4848886066013 61.3508428573608
39.3009612083436 39.0261185010276 38.7512757937115 38.4764330863954 38.2015903790794 37.9267476717633 37.3449540615085 36.6608434836073 35.976732905706 35.2926223278048 34.6085117499037 33.9244011720024 33.2402905941012 32.7032199382784 32.607269048691 32.5113181591036 32.4153672695162 32.3194163799287 32.2234654903413 32.1275146007539 32.0315637111665 32.5137184143067 33.1885749816894 33.8634315490723 34.5382881164551 35.2131446838379 35.8880012512207 36.5628578186035 37.348944377899 38.4687209129333 39.5884974479674 40.7082739830015 41.8280505180358 42.9478270530699 44.067603588104 45.1873801231384 46.7871431350706 48.5469016393022 50.3066601435342 52.0664186477659 53.8261771519976 55.5859356562296 57.3456941604612 58.8691804885864 59.6838502883912 60.4985200881958
38.960211022695 38.5761375109356 38.1920639991761 37.8079904874167 37.4239169756573 37.0398434638979 36.4314229170484 35.7482200251688 35.0650171332891 34.3818142414095 33.69861134953 33.0154084576503 32.3322055657707 31.8011499669818 31.7265362474655 31.6519225279492 31.5773088084328 31.5026950889165 31.4280813694001 31.3534676498838 31.2788539303675 31.780924987793 32.4752243041992 33.1695236206055 33.8638229370117 34.5581222534179 35.2524215698242 35.9467208862304 36.7574432055154 37.917434533437 39.0774258613585 40.23741718928 41.3974085172017 42.5573998451231 43.7173911730446 44.8773825009663 46.4435003280637 48.1449936548866 49.8464869817097 51.5479803085325 53.2494736353553 54.9509669621784 56.6524602890013 58.119426621331 58.882811970181 59.6461973190308
38.6194608370464 38.1261565208437 37.6328522046408 37.1395478884381 36.6462435722353 36.1529392560325 35.5178917725883 34.8355965667303 34.1533013608722 33.4710061550143 32.7887109491563 32.1064157432982 31.4241205374402 30.8990799956853 30.84580344624 30.7925268967947 30.7392503473495 30.6859737979042 30.632697248459 30.5794206990137 30.5261441495684 31.0481315612793 31.7618736267089 32.4756156921387 33.1893577575683 33.903099822998 34.6168418884277 35.3305839538574 36.1659420331317 37.3661481539408 38.5663542747496 39.7665603955585 40.9667665163675 42.1669726371764 43.3671787579852 44.5673848787943 46.0998575210569 47.7430856704709 49.3863138198851 51.0295419692991 52.6727701187131 54.3159982681273 55.9592264175413 57.3696727540757 58.0817736519708 58.7938745498657
38.2787106513979 37.6761755307518 37.0736404101055 36.4711052894594 35.8685701688133 35.2660350481671 34.6043606281283 33.9229731082919 33.2415855884554 32.560198068619 31.8788105487827 31.1974230289462 30.5160355091098 29.9970100243888 29.9650706450146 29.9331312656404 29.9011918862662 29.869252506892 29.8373131275178 29.8053737481437 29.7734343687695 30.3153381347656 31.0485229492187 31.7817077636719 32.514892578125 33.2480773925781 33.9812622070313 34.7144470214844 35.5744408607481 36.8148617744445 38.0552826881407 39.295703601837 40.5361245155334 41.7765454292296 43.0169663429258 44.2573872566222 45.7562147140501 47.3411776860552 48.9261406580606 50.5111036300657 52.0960666020709 53.6810295740763 55.2659925460814 56.6199188868205 57.2807353337606 57.9415517807007
37.9379604657493 37.2261945406598 36.5144286155702 35.8026626904808 35.0908967653913 34.3791308403017 33.6908294836683 33.0103496498535 32.3298698160386 31.6493899822238 30.968910148409 30.288430314594 29.6079504807793 29.0949400530922 29.0843378437891 29.073735634486 29.0631334251829 29.0525312158798 29.0419290065767 29.0313267972735 29.0207245879704 29.5825447082519 30.3351722717284 31.0877998352051 31.8404273986816 32.5930549621581 33.3456825256348 34.0983100891113 34.9829396883645 36.2635753949483 37.5442111015318 38.8248468081154 40.1054825146992 41.3861182212828 42.6667539278664 43.9473896344502 45.4125719070433 46.9392697016395 48.4659674962361 49.9926652908323 51.5193630854286 53.0460608800252 54.5727586746214 55.8701650195651 56.4796970155504 57.0892290115357
