data/working_set_collections/6091692-Cassins_Sparrow-MC/2015/bio1.asc
NCOLS 265 
NROWS 230 
XLLCORNER -115.5625 
YLLCORNER 24.8333333333333 
CELLSIZE 0.0833333333333333 
NODATA_value -9999 
[rows 20 to 39 of 230, columns 0 to 45 of 265]
10.1804031067425 10.1682596166929 10.1561161266434 10.1439726365938 10.1318291465442 10.1196856564947 10.1075421664451 10.0891624887785 10.0687040819063 10.0482456750341 10.0277872681618 10.0073288612896 9.9868704544174 9.96641204754518 9.92962731520342 9.843863606453 9.7580998977026 9.67233618895219 9.58657248020177 9.50080877145137 9.41504506270097 9.32928135395055 9.28190352121993 9.24732098049591 9.21273843977189 9.17815589904787 9.14357335832386 9.10899081759984 9.07440827687582 9.02880231406955 8.95012608501646 8.87144985596339 8.79277362691032 8.71409739785723 8.63542116880416 8.55674493975108 8.478068710698 8.32588950792948 8.14920931392246 7.97252911991541 7.7958489259084 7.61916873190138 7.44248853789433 7.26580834388732 7.06666633685432 6.80013889074324
9.61506053474221 9.59507747093843 9.57509440713466 9.55511134333088 9.5351282795271 9.51514521572332 9.49516215191954 9.49816179672884 9.50882234440916 9.51948289208948 9.5301434397698 9.54080398745012 9.55146453513044 9.56212508281076 9.55300395488745 9.48453780015315 9.41607164541885 9.34760549068456 9.27913933595026 9.21067318121597 9.14220702648167 9.07374087174737 9.05684350331627 9.05713573031957 9.05742795732288 9.05772018432618 9.05801241132949 9.0583046383328 9.0585968653361 9.04726638926401 9.00106780396567 8.95486921866735 8.90867063336902 8.86247204807068 8.81627346277236 8.77007487747403 8.72387629217569 8.58390396436056 8.41267372237312 8.24144348038566 8.07021323839823 7.8989829964108 7.72775275442334 7.55652251243591 7.36224167744321 7.0988090634346
9.04971796274195 9.02189532518397 8.99407268762599 8.966250050068 8.93842741251003 8.91060477495204 8.88278213739406 8.9071611046792 8.94894060691206 8.99072010914493 9.03249961137779 9.07427911361065 9.11605861584352 9.15783811807639 9.17638059457151 9.12521199385332 9.07404339313514 9.02287479241696 8.97170619169877 8.92053759098059 8.86936899026241 8.81820038954422 8.83178348541263 8.86695048014325 8.90211747487388 8.93728446960451 8.97245146433513 9.00761845906576 9.04278545379638 9.06573046445846 9.05200952291488 9.0382885813713 9.02456763982771 9.01084669828412 8.99712575674054 8.98340481519696 8.96968387365337 8.84191842079161 8.67613813082376 8.51035784085589 8.34457755088804 8.1787972609202 8.01301697095232 7.84723668098448 7.65781701803208 7.39747923612592
8.48437539074165 8.44871317942946 8.41305096811727 8.37738875680508 8.3417265454929 8.30606433418071 8.27040212286852 8.31616041262952 8.38905886941492 8.46195732620034 8.53485578298575 8.60775423977115 8.68065269655657 8.75355115334197 8.79975723425553 8.76588618755346 8.73201514085139 8.69814409414933 8.66427304744725 8.63040200074519 8.59653095404312 8.56265990734104 8.60672346750897 8.67676522996692 8.74680699242487 8.81684875488282 8.88689051734076 8.95693227979872 9.02697404225666 9.08419453965292 9.10295124186409 9.12170794407525 9.14046464628641 9.15922134849758 9.17797805070874 9.1967347529199 9.21549145513107 9.09993287722269 8.93960253927443 8.77927220132614 8.61894186337788 8.45861152542962 8.29828118748133 8.13795084953307 7.95339235862098 7.69614940881728
8.10422215196824 8.07522957324984 8.04623699453144 8.01724441581304 7.98825183709464 7.95925925837625 7.93026667965784 7.99299408594766 8.08629482057358 8.17959555519951 8.27289628982543 8.36619702445134 8.45949775907727 8.55279849370319 8.62143512831794 8.6160794628991 8.61072379748025 8.60536813206141 8.60001246664257 8.59465680122373 8.58930113580489 8.58394547038605 8.65372236569717 8.7485434479183 8.84336453013945 8.93818561236058 9.03300669458171 9.12782777680285 9.22264885902399 9.30196126302078 9.33474763234451 9.36753400166824 9.40032037099197 9.43310674031571 9.46589310963943 9.49867947896316 9.5314658482869 9.40693555672962 9.22996637821198 9.0529971996943 8.87602802117666 8.69905884265901 8.52208966414134 8.34512048562369 8.14722122881152 7.88653173711567
7.90925824642185 7.90144450664523 7.89363076686862 7.885817027092 7.87800328731539 7.87018954753878 7.86237580776216 7.93766212463378 8.04064846038817 8.14363479614257 8.24662113189696 8.34960746765135 8.45259380340575 8.55558013916014 8.64141427675882 8.67579181989032 8.71016936302183 8.74454690615333 8.77892444928484 8.81330199241634 8.84767953554784 8.88205707867935 8.97278017997734 9.08228513399752 9.19179008801771 9.30129504203788 9.41079999605806 9.52030495007825 9.62980990409842 9.7190306345621 9.74739869435621 9.77576675415032 9.80413481394442 9.83250287373853 9.86087093353264 9.88923899332675 9.91760705312086 9.76292645931241 9.54722964763641 9.33153283596037 9.11583602428436 8.90013921260835 8.68444240093231 8.4687455892563 8.23930362860366 7.96862622102103
7.71429434087544 7.72765944004061 7.74102453920578 7.75438963837095 7.76775473753613 7.7811198367013 7.79448493586647 7.88233016331989 7.99500210020275 8.10767403708563 8.22034597396849 8.33301791085135 8.44568984773423 8.55836178461709 8.6613934251997 8.73550417688156 8.80961492856341 8.88372568024526 8.95783643192712 9.03194718360896 9.10605793529081 9.18016868697267 9.29183799425754 9.41602682007676 9.540215645896 9.66440447171522 9.78859329753444 9.91278212335368 10.0369709491729 10.1361000061035 10.1600497563679 10.1839995066324 10.2079492568969 10.2318990071614 10.2558487574259 10.2797985076904 10.3037482579549 10.1189173618952 9.86449291706086 9.61006847222645 9.35564402739208 9.10121958255771 8.84679513772329 8.59237069288892 8.33138602839581 8.0507207049264
7.51933043532903 7.55387437343599 7.58841831154294 7.62296224964991 7.65750618775686 7.69205012586382 7.72659406397078 7.82699820200601 7.94935574001734 8.07171327802869 8.19407081604002 8.31642835405135 8.4387858920627 8.56114343007403 8.68137257364058 8.7952165338728 8.90906049410499 9.02290445433719 9.1367484145694 9.25059237480159 9.36443633503379 9.478280295266 9.61089580853774 9.749768506156 9.88864120377429 10.0275139013926 10.1663865990108 10.3052592966291 10.4441319942474 10.5531693776448 10.5727008183797 10.5922322591145 10.6117636998494 10.6312951405843 10.6508265813191 10.670358022054 10.6898894627889 10.4749082644781 10.1817561864853 9.88860410849253 9.5954520304998 9.30229995250706 9.00914787451428 8.71599579652154 8.42346842818795 8.13281518883178
7.32436652978264 7.38008930683138 7.43581208388012 7.49153486092887 7.54725763797761 7.60298041502635 7.6587031920751 7.77166624069213 7.90370937983193 8.03575251897175 8.16779565811155 8.29983879725136 8.43188193639118 8.56392507553098 8.70135172208146 8.85492889086403 9.00850605964656 9.1620832284291 9.31566039721166 9.4692375659942 9.62281473477674 9.7763919035593 9.92995362281791 10.0835101922352 10.2370667616526 10.3906233310699 10.5441799004872 10.6977364699045 10.8512930393218 10.9702387491861 10.9853518803914 11.0004650115966 11.0155781428018 11.0306912740071 11.0458044052123 11.0609175364176 11.0760306676228 10.8308991670608 10.4990194559097 10.1671397447586 9.8352600336075 9.5033803224564 9.17150061130525 8.83962090015415 8.5155508279801 8.21490967273714
7.12940262423623 7.20630424022676 7.28320585621728 7.36010747220782 7.43700908819835 7.51391070418887 7.59081232017941 7.71633427937824 7.85806301964651 7.99979175991481 8.14152050018309 8.28324924045136 8.42497798071966 8.56670672098793 8.72133087052235 8.91464124785526 9.10795162518815 9.30126200252103 9.49457237985394 9.68788275718683 9.88119313451971 10.0745035118526 10.2490114370981 10.4172518783145 10.5854923195308 10.7537327607472 10.9219732019635 11.0902136431799 11.2584540843963 11.3873081207275 11.3980029424031 11.4086977640787 11.4193925857543 11.43008740743 11.4407822291056 11.4514770507812 11.4621718724568 11.1868900696437 10.8162827253342 10.4456753810247 10.0750680367152 9.70446069240576 9.33385334809623 8.96324600378677 8.60763322777224 8.29700415664251
7.16297107934948 7.2383061210314 7.31364116271333 7.38897620439526 7.46431124607719 7.53964628775911 7.61498132944105 7.74622463782625 7.89610403511255 8.04598343239887 8.19586282968517 8.34574222697147 8.4956216242578 8.6455010215441 8.81249116261793 9.03081353505448 9.24913590749099 9.4674582799275 9.68578065236405 9.90410302480056 10.1224253972371 10.3407477696736 10.519670454661 10.6854599104987 10.8512493663364 11.017038822174 11.1828282780117 11.3486177338494 11.5144071896871 11.6427248742845 11.6586272451613 11.674529616038 11.6904319869147 11.7063343577915 11.7222367286682 11.7381390995449 11.7540414704217 11.462148809433 11.0676578044892 10.6731667995453 10.2786757946015 9.88418478965766 9.48969378471377 9.09520277976995 8.71712195608357 8.38827167616953
7.42507189512248 7.4760949492454 7.52711800336833 7.57814105749126 7.62916411161419 7.68018716573712 7.73121021986005 7.86133731603618 8.01783242623006 8.17432753642396 8.33082264661784 8.48731775681172 8.64381286700562 8.8003079771995 8.97483259836825 9.2034457524617 9.43205890655511 9.66067206064852 9.88928521474196 10.1178983688354 10.3465115229288 10.5751246770222 10.7419306755065 10.8881342887878 11.034337902069 11.1805415153503 11.3267451286315 11.4729487419128 11.619152355194 11.7364890098572 11.7672247886658 11.7979605674743 11.8286963462829 11.8594321250915 11.8901679039001 11.9209036827087 11.9516394615173 11.6566753864289 11.2531446933747 10.8496140003205 10.4460833072663 10.0425526142121 9.63902192115786 9.23549122810368 8.84401701291408 8.48871223131818
7.6871727108955 7.71388377745942 7.74059484402335 7.76730591058728 7.79401697715121 7.82072804371513 7.84743911027906 7.97644999424612 8.13956081734758 8.30267164044906 8.46578246355052 8.62889328665198 8.79200410975346 8.95511493285492 9.13717403411857 9.37607796986893 9.61498190561923 9.85388584136955 10.0927897771199 10.3316937128702 10.5705976486205 10.8095015843709 10.9641908963521 11.0908086670769 11.2174264378017 11.3440442085266 11.4706619792514 11.5972797499762 11.7238975207011 11.8302531454298 11.8758223321703 11.9213915189107 11.9669607056511 12.0125298923916 12.058099079132 12.1036682658725 12.1492374526129 11.8512019634247 11.4386315822602 11.0260612010956 10.6134908199311 10.2009204387666 9.78835005760195 9.37577967643743 8.9709120697446 8.58915278646684
7.94927352666852 7.95167260567344 7.95407168467837 7.9564707636833 7.95886984268822 7.96126892169315 7.96366800069808 8.09156267245606 8.2612892084651 8.43101574447416 8.6007422804832 8.77046881649224 8.9401953525013 9.10992188851034 9.2995154698689 9.54871018727616 9.79790490468337 10.0470996220906 10.2962943394978 10.545489056905 10.7946837743123 11.0438784917195 11.1864511171976 11.293483045366 11.4005149735344 11.5075469017028 11.6145788298712 11.7216107580397 11.8286426862081 11.9240172810024 11.9844198756748 12.0448224703471 12.1052250650194 12.1656276596917 12.226030254364 12.2864328490363 12.3468354437086 12.0457285404206 11.6241184711457 11.2025084018708 10.7808983325959 10.359288263321 9.93767819404605 9.51606812477117 9.09780712657513 8.6895933416155
8.21137434244152 8.18946143388744 8.16754852533337 8.1456356167793 8.12372270822523 8.10180979967116 8.07989689111708 8.206675350666 8.38301759958261 8.55935984849926 8.73570209741587 8.91204434633249 9.08838659524913 9.26472884416575 9.46185690561922 9.72134240468337 9.98082790374748 10.2403134028116 10.4997989018757 10.7592844009399 11.018769900004 11.2782553990681 11.4087113380432 11.4961574236551 11.5836035092671 11.6710495948791 11.7584956804911 11.8459417661031 11.9333878517151 12.0177814165751 12.0930174191793 12.1682534217834 12.2434894243876 12.3187254269917 12.3939614295959 12.4691974322001 12.5444334348042 12.2402551174164 11.8096053600312 11.3789556026459 10.9483058452607 10.5176560878754 10.0870063304901 9.65635657310491 9.22470218340564 8.79003389676415
8.47347515821454 8.42725026210146 8.3810253659884 8.33480046987532 8.28857557376224 8.24235067764917 8.19612578153609 8.32178802887594 8.50474599070013 8.68770395252436 8.87066191434855 9.05361987617275 9.23657783799697 9.41953579982116 9.62419834136955 9.8939746220906 10.1637509028116 10.4335271835326 10.7033034642537 10.9730797449747 11.2428560256957 11.5126323064168 11.6309715588887 11.6988318019443 11.7666920449998 11.8345522880554 11.9024125311109 11.9702727741665 12.0381330172221 12.1115455521477 12.2016149626838 12.2916843732198 12.3817537837558 12.4718231942918 12.5618926048278 12.6519620153639 12.7420314258999 12.4347816944123 11.9950922489167 11.555402803421 11.1157133579255 10.6760239124299 10.2363344669342 9.79664502143865 9.35159724023616 8.89047445191281
8.62805471155379 8.57202336788178 8.51599202420977 8.45996068053775 8.40392933686574 8.34789799319374 8.29186664952172 8.41972526709235 8.60888053841056 8.7980358097288 8.98719108104702 9.17634635236523 9.36550162368347 9.55465689500168 9.76574726634548 10.0426429377661 10.3195386091867 10.5964342806074 10.873329952028 11.1502256234486 11.4271212948692 11.7040169662899 11.8117721557617 11.8631471845839 11.914522213406 11.9658972422282 12.0172722710503 12.0686472998725 12.1200223286946 12.1779433197445 12.2555021974775 12.3330610752106 12.4106199529436 12.4881788306766 12.5657377084096 12.6432965861427 12.7208554638757 12.4262735366822 12.0076446745132 11.5890158123441 11.170386950175 10.751758088006 10.3331292258369 9.91450036366787 9.47849417659981 8.99035601483455
8.67511300245921 8.62378075122833 8.57244849999746 8.52111624876658 8.4697839975357 8.41845174630483 8.36711949507395 8.5004870653152 8.69542124271387 8.89035542011257 9.08528959751124 9.28022377490991 9.47515795230861 9.67009212970728 9.88650368054699 10.1673473517099 10.4481910228729 10.7290346940358 11.0098783651987 11.2907220363616 11.5715657075245 11.8524093786875 11.9511131286621 11.9891035715739 12.0270940144857 12.0650844573974 12.1030749003092 12.141065343221 12.1790557861328 12.2169747193654 12.2546791235606 12.2923835277557 12.3300879319509 12.3677923361461 12.4054967403412 12.4432011445364 12.4809055487315 12.2147306442262 11.8472626368206 11.4797946294149 11.1123266220094 10.7448586146038 10.3773906071981 10.0099225997925 9.60539299249659 9.08967858552937
8.72217129336463 8.67553813457489 8.62890497578515 8.5822718169954 8.53563865820567 8.48900549941593 8.44237234062618 8.58124886353806 8.78196194701719 8.98267503049635 9.18338811397548 9.3841011974546 9.58481428093377 9.78552736441289 10.0072600947485 10.2920517656538 10.576843436559 10.8616351074642 11.1464267783694 11.4312184492746 11.7160101201798 12.0008017910851 12.0904541015625 12.1150599585639 12.1396658155653 12.1642716725667 12.1888775295681 12.2134833865695 12.238089243571 12.2560061189863 12.2538560496436 12.2517059803009 12.2495559109582 12.2474058416155 12.2452557722728 12.2431057029301 12.2409556335873 12.0031877517701 11.686880599128 11.3705734464858 11.0542662938437 10.7379591412015 10.4216519885593 10.1053448359172 9.73229180839337 9.18900115622419
8.76922958427005 8.72729551792145 8.68536145157285 8.64342738522423 8.60149331887563 8.55955925252703 8.51762518617842 8.66201066176092 8.86850265132051 9.07499464088013 9.28148663043971 9.4879786199993 9.69447060955892 9.9009625991185 10.12801650895 10.4167561795976 10.7054958502451 10.9942355208926 11.2829751915401 11.5717148621876 11.8604545328351 12.1491942034827 12.2297950744629 12.2410163455539 12.252237616645 12.263458887736 12.274680158827 12.2859014299181 12.2971227010091 12.2950375186073 12.2530329757267 12.2110284328461 12.1690238899655 12.1270193470849 12.0850148042043 12.0430102613237 12.0010057184432 11.791644859314 11.5264985614354 11.2613522635566 10.9962059656779 10.7310596677993 10.4659133699205 10.2007670720419 9.85919062429016 9.28832372691902
