data/working_set_collections/6091692-Cassins_Sparrow-MC/2015/bio11.asc
NCOLS 265 
NROWS 230 
XLLCORNER -115.5625 
YLLCORNER 24.8333333333333 
CELLSIZE 0.0833333333333333 
NODATA_value -9999 
[rows 0 to 19 of 230, columns 138 to 183 of 265]
-4.12407277458249 -4.1054785082738 -4.08688424196512 -4.06828997565645 -3.78829255898803 -3.42116075886632 -3.0540289587446 -2.68689715862283 -2.31976535850111 -1.9526335583794 -1.58550175825762 -1.32944182621107 -1.40659749839039 -1.48375317056973 -1.56090884274905 -1.63806451492838 -1.71522018710772 -1.79237585928704 -1.86953153146636 -1.92645458877087 -1.97663344111707 -2.02681229346328 -2.07699114580949 -2.1271699981557 -2.1773488505019 -2.22752770284812 -2.27971885369883 -2.33794690006308 -2.39617494642734 -2.45440299279159 -2.51263103915585 -2.57085908552011 -2.62908713188436 -2.68731517824861 -2.75553236405054 -2.82707926299836 -2.89862616194618 -2.97017306089401 -3.04171995984183 -3.11326685878965 -3.18481375773748 -3.25462283160951 -3.31921843025419 -3.38381402889888 -3.44840962754356 -3.51300522618823
-3.75812120536966 -3.75142020881179 -3.74471921225392 -3.73801821569605 -3.48883843421944 -3.15883239110321 -2.82882634798697 -2.49882030487068 -2.16881426175444 -1.83880821863821 -1.50880217552191 -1.27978553175925 -1.35373708605765 -1.42768864035606 -1.50164019465445 -1.57559174895285 -1.64954330325126 -1.72349485754966 -1.79744641184805 -1.85417853891849 -1.90517085691293 -1.95616317490736 -2.0071554929018 -2.05814781089623 -2.10914012889066 -2.16013244688511 -2.21257384320099 -2.26936247448125 -2.32615110576152 -2.38293973704178 -2.43972836832204 -2.49651699960231 -2.55330563088257 -2.61009426216283 -2.67248402833938 -2.73674083948135 -2.80099765062331 -2.86525446176529 -2.92951127290725 -2.99376808404922 -3.05802489519119 -3.12109079758326 -3.18058397372563 -3.24007714986801 -3.29957032601039 -3.35906350215276
-3.39216963615687 -3.39736190934981 -3.40255418254274 -3.40774645573568 -3.18938430945088 -2.89650402334012 -2.60362373722936 -2.31074345111855 -2.01786316500779 -1.72498287889702 -1.43210259278621 -1.23012923730743 -1.3008766737249 -1.37162411014239 -1.44237154655986 -1.51311898297733 -1.58386641939481 -1.65461385581228 -1.72536129222975 -1.78190248906613 -1.83370827270879 -1.88551405635144 -1.93731983999411 -1.98912562363677 -2.04093140727943 -2.0927371909221 -2.14542883270316 -2.20077804889943 -2.25612726509571 -2.31147648129198 -2.36682569748825 -2.42217491368453 -2.4775241298808 -2.53287334607707 -2.58943569262823 -2.64640241596434 -2.70336913930045 -2.76033586263657 -2.81730258597268 -2.87426930930879 -2.93123603264492 -2.98755876355702 -3.04194951719708 -3.09634027083716 -3.15073102447723 -3.20512177811729
-3.02621806694405 -3.0433036098878 -3.06038915283154 -3.07747469577528 -2.88993018468229 -2.63417565557701 -2.37842112647172 -2.1226665973664 -1.86691206826112 -1.61115753915583 -1.35540301005051 -1.18047294285561 -1.24801626139216 -1.31555957992871 -1.38310289846525 -1.4506462170018 -1.51818953553835 -1.58573285407489 -1.65327617261144 -1.70962643921375 -1.76224568850464 -1.81486493779553 -1.86748418708642 -1.92010343637731 -1.9727226856682 -2.02534193495909 -2.07828382220533 -2.1321936233176 -2.18610342442989 -2.24001322554217 -2.29392302665445 -2.34783282776674 -2.40174262887901 -2.45565242999129 -2.50638735691706 -2.55606399244732 -2.60574062797758 -2.65541726350785 -2.7050938990381 -2.75477053456836 -2.80444717009863 -2.85402672953076 -2.90331506066852 -2.95260339180629 -3.00189172294405 -3.05118005408181
-2.66026649773123 -2.68924531042578 -2.71822412312033 -2.74720293581488 -2.5904760599137 -2.37184728781389 -2.15321851571409 -1.93458974361425 -1.71596097151445 -1.49733219941464 -1.2787034273148 -1.13081664840379 -1.19515584905941 -1.25949504971504 -1.32383425037065 -1.38817345102627 -1.45251265168189 -1.51685185233751 -1.58119105299313 -1.63735038936138 -1.69078310430049 -1.74421581923961 -1.79764853417873 -1.85108124911785 -1.90451396405696 -1.95794667899608 -2.01113881170749 -2.06360919773578 -2.11607958376407 -2.16854996979236 -2.22102035582065 -2.27349074184894 -2.32596112787723 -2.37843151390552 -2.4233390212059 -2.46572556893031 -2.50811211665471 -2.55049866437912 -2.59288521210353 -2.63527175982793 -2.67765830755234 -2.72049469550451 -2.76468060413996 -2.80886651277543 -2.85305242141088 -2.89723833004634
-2.29431492851844 -2.3351870109638 -2.37605909340915 -2.41693117585451 -2.29102193514513 -2.10951892005081 -1.92801590495648 -1.74651288986212 -1.56500987476779 -1.38350685967346 -1.2020038445791 -1.08116035395198 -1.14229543672667 -1.20343051950137 -1.26456560227605 -1.32570068505074 -1.38683576782544 -1.44797085060013 -1.50910593337482 -1.56507433950901 -1.61932052009635 -1.67356670068369 -1.72781288127105 -1.78205906185839 -1.83630524244573 -1.89055142303308 -1.94399380120966 -1.99502477215396 -2.04605574309826 -2.09708671404256 -2.14811768498685 -2.19914865593116 -2.25017962687545 -2.30121059781975 -2.34029068549475 -2.3753871454133 -2.41048360533185 -2.44558006525041 -2.48067652516896 -2.51577298508751 -2.55086944500606 -2.58696266147826 -2.62604614761141 -2.66512963374457 -2.70421311987772 -2.74329660601087
-1.99767133792243 -2.03835602204007 -2.0790407061577 -2.11972539027534 -2.01789446026092 -1.86855832553578 -1.71922219081064 -1.56988605608547 -1.42054992136033 -1.27121378663519 -1.12187765191002 -1.0261758537756 -1.09137706541351 -1.15657827705144 -1.22177948868936 -1.28698070032727 -1.3521819119652 -1.41738312360312 -1.48258433524103 -1.54055244823296 -1.59610952834287 -1.65166660845278 -1.7072236885627 -1.76278076867261 -1.81833784878252 -1.87389492889244 -1.92764470146761 -1.97597255143853 -2.02430040140946 -2.07262825138038 -2.1209561013513 -2.16928395132223 -2.21761180129315 -2.26593965126407 -2.3012075126171 -2.33212204443083 -2.36303657624456 -2.39395110805829 -2.42486563987201 -2.45578017168574 -2.48669470349947 -2.51881475514835 -2.55455136630269 -2.59028797745704 -2.62602458861138 -2.66176119976573
-1.77033572594326 -1.79875234365465 -1.82716896136603 -1.85558557907742 -1.7710936352611 -1.64896550426885 -1.5268373732766 -1.40470924228433 -1.28258111129208 -1.16045298029983 -1.03832484930756 -0.965863147874661 -1.04240073511996 -1.11893832236527 -1.19547590961057 -1.27201349685587 -1.34855108410119 -1.42508867134649 -1.50162625859179 -1.56378471553324 -1.62115012904007 -1.67851554254689 -1.73588095605372 -1.79324636956054 -1.85061178306737 -1.9079771965742 -1.96209151248136 -2.00645253558952 -2.05081355869769 -2.09517458180585 -2.13953560491402 -2.18389662802219 -2.22825765113035 -2.27261867423851 -2.30608950257301 -2.33593026598294 -2.36577102939287 -2.39561179280281 -2.42545255621274 -2.45529331962267 -2.4851340830326 -2.51605097651481 -2.55019626021384 -2.58434154391288 -2.61848682761192 -2.65263211131095
-1.54300011396411 -1.55914866526925 -1.57529721657438 -1.59144576787952 -1.5242928102613 -1.42937268300194 -1.33445255574258 -1.23953242848321 -1.14461230122385 -1.04969217396449 -0.954772046705115 -0.905550441973728 -0.993424404826411 -1.08129836767911 -1.16917233053179 -1.25704629338448 -1.34492025623717 -1.43279421908986 -1.52066818194254 -1.58701698283353 -1.64619072973726 -1.705364476641 -1.76453822354474 -1.82371197044848 -1.88288571735221 -1.94205946425595 -1.99653832349511 -2.03693251974051 -2.07732671598592 -2.11772091223133 -2.15811510847673 -2.19850930472214 -2.23890350096754 -2.27929769721295 -2.31097149252891 -2.33973848753505 -2.36850548254118 -2.39727247754732 -2.42603947255346 -2.45480646755959 -2.48357346256574 -2.51328719788127 -2.54584115412499 -2.57839511036872 -2.61094906661245 -2.64350302285617
-1.31566450198494 -1.31954498688383 -1.32342547178271 -1.3273059566816 -1.27749198526148 -1.20977986173501 -1.14206773820855 -1.07435561468207 -1.0066434911556 -0.938931367629136 -0.871219244102658 -0.845237736072789 -0.944448074532857 -1.04365841299294 -1.14286875145301 -1.24207908991308 -1.34128942837316 -1.44049976683323 -1.5397101052933 -1.61024925013382 -1.67123133043446 -1.73221341073511 -1.79319549103577 -1.85417757133641 -1.91515965163706 -1.97614173193771 -2.03098513450886 -2.06741250389151 -2.10383987327416 -2.1402672426568 -2.17669461203945 -2.2131219814221 -2.24954935080474 -2.28597672018739 -2.31585348248481 -2.34354670908715 -2.37123993568949 -2.39893316229184 -2.42662638889418 -2.45431961549652 -2.48201284209887 -2.51052341924773 -2.54148604803614 -2.57244867682456 -2.60341130561298 -2.6343739344014
-1.08832889000577 -1.0799413084984 -1.07155372699104 -1.06316614548368 -1.03069116026166 -0.990187040468085 -0.949682920674511 -0.90917880088093 -0.868674681087356 -0.828170561293782 -0.787666441500201 -0.784925030171851 -0.895471744239303 -1.00601845830677 -1.11656517237423 -1.22711188644168 -1.33765860050915 -1.4482053145766 -1.55875202864405 -1.63348151743411 -1.69627193113166 -1.75906234482922 -1.82185275852679 -1.88464317222435 -1.9474335859219 -2.01022399961947 -2.06543194552262 -2.0978924880425 -2.13035303056239 -2.16281357308228 -2.19527411560216 -2.22773465812206 -2.26019520064194 -2.29265574316183 -2.32073547244071 -2.34735493063926 -2.37397438883781 -2.40059384703636 -2.4272133052349 -2.45383276343345 -2.480452221632 -2.50775964061419 -2.53713094194729 -2.56650224328041 -2.59587354461351 -2.62524484594662
-0.860993278026619 -0.840337630113003 -0.819681982199391 -0.79902633428578 -0.783890335261859 -0.770594219201175 -0.757298103140491 -0.744001987079805 -0.730705871019121 -0.717409754958437 -0.704113638897751 -0.724612324270918 -0.846495413945753 -0.968378503620609 -1.09026159329544 -1.21214468297028 -1.33402777264514 -1.45591086231997 -1.57779395199481 -1.65671378473439 -1.72131253182886 -1.78591127892333 -1.85051002601781 -1.91510877311228 -1.97970752020675 -2.04430626730123 -2.09987875653637 -2.12837247219349 -2.15686618785063 -2.18535990350775 -2.21385361916488 -2.24234733482201 -2.27084105047914 -2.29933476613627 -2.32561746239662 -2.35116315219137 -2.37670884198612 -2.40225453178087 -2.42780022157563 -2.45334591137038 -2.47889160116513 -2.50499586198064 -2.53277583585844 -2.56055580973625 -2.58833578361405 -2.61611575749185
-0.755599111980867 -0.731719168027244 -0.707839224073624 -0.683959280120005 -0.677362156411008 -0.676525972783562 -0.675689789156116 -0.67485360552867 -0.674017421901223 -0.673181238273777 -0.672345054646331 -0.702288874487052 -0.824572704732383 -0.946856534977734 -1.06914036522306 -1.19142419546839 -1.31370802571375 -1.43599185595908 -1.55827568620441 -1.63723475337028 -1.70175223284297 -1.76626971231565 -1.83078719178835 -1.89530467126104 -1.95982215073373 -2.02433963020642 -2.0794872045517 -2.10652506351471 -2.13356292247773 -2.16060078144074 -2.18763864040375 -2.21467649936676 -2.24171435832977 -2.26875221729279 -2.29436123768489 -2.31949397855335 -2.34462671942181 -2.36975946029028 -2.39489220115874 -2.4200249420272 -2.44515768289566 -2.47079012129042 -2.49792165226406 -2.52505318323771 -2.55218471421136 -2.579316245185
-0.772146391868595 -0.754085922241212 -0.736025452613832 -0.717964982986453 -0.711106623709199 -0.707982301215329 -0.704857978721458 -0.701733656227587 -0.698609333733716 -0.695485011239846 -0.692360688745974 -0.71795468082028 -0.82970361659921 -0.941452552378159 -1.05320148815709 -1.16495042393602 -1.27669935971497 -1.3884482954939 -1.50019723127283 -1.57504442334175 -1.63759103417396 -1.70013764500617 -1.76268425583839 -1.8252308666706 -1.88777747750281 -1.95032408833503 -2.00425728956858 -2.03235026200612 -2.06044323444367 -2.0885362068812 -2.11662917931874 -2.14472215175629 -2.17281512419383 -2.20090809663137 -2.22696679830551 -2.25234740972519 -2.27772802114487 -2.30310863256455 -2.32848924398422 -2.3538698554039 -2.37925046682358 -2.4051424185435 -2.43256839116414 -2.45999436378479 -2.48742033640544 -2.51484630902608
-0.788693671756322 -0.776452676455179 -0.764211681154038 -0.751970685852897 -0.744851091007388 -0.739438629647093 -0.734026168286798 -0.728613706926502 -0.723201245566207 -0.717788784205912 -0.712376322845616 -0.733620487153505 -0.834834528466036 -0.936048569778585 -1.03726261109112 -1.13847665240365 -1.2396906937162 -1.34090473502873 -1.44211877634126 -1.51285409331322 -1.57342983550495 -1.63400557769669 -1.69458131988843 -1.75515706208017 -1.8157328042719 -1.87630854646365 -1.92902737458547 -1.95817546049754 -1.98732354640961 -2.01647163232168 -2.04561971823375 -2.07476780414582 -2.10391589005788 -2.13306397596995 -2.15957235892614 -2.18520084089703 -2.21082932286793 -2.23645780483882 -2.26208628680971 -2.2877147687806 -2.3133432507515 -2.33949471579658 -2.36721513006422 -2.39493554433187 -2.42265595859952 -2.45037637286716
-0.80524095164405 -0.798819430669147 -0.792397909694246 -0.785976388719345 -0.778595558305579 -0.770894958078859 -0.76319435785214 -0.755493757625419 -0.7477931573987 -0.74009255717198 -0.732391956945259 -0.749286293486732 -0.839965440332863 -0.93064458717901 -1.02132373402514 -1.11200288087127 -1.20268202771742 -1.29336117456355 -1.38404032140968 -1.45066376328468 -1.50926863683594 -1.5678735103872 -1.62647838393847 -1.68508325748973 -1.74368813104099 -1.80229300459226 -1.85379745960236 -1.88400065898895 -1.91420385837555 -1.94440705776215 -1.97461025714874 -2.00481345653534 -2.03501665592194 -2.06521985530853 -2.09217791954677 -2.11805427206887 -2.14393062459098 -2.16980697711309 -2.1956833296352 -2.2215596821573 -2.24743603467942 -2.27384701304966 -2.3018618689643 -2.32987672487895 -2.35789158079359 -2.38590643670824
-0.821788231531778 -0.821186184883116 -0.820584138234454 -0.819982091585792 -0.81234002560377 -0.802351286510626 -0.792362547417482 -0.782373808324336 -0.772385069231192 -0.762396330138048 -0.752407591044903 -0.764952099819958 -0.84509635219969 -0.925240604579436 -1.00538485695917 -1.0855291093389 -1.16567336171864 -1.24581761409838 -1.32596186647811 -1.38847343325615 -1.44510743816693 -1.50174144307771 -1.55837544798851 -1.61500945289929 -1.67164345781007 -1.72827746272087 -1.77856754461924 -1.80982585748036 -1.84108417034149 -1.87234248320262 -1.90360079606374 -1.93485910892487 -1.96611742178599 -1.99737573464711 -2.02478348016739 -2.05090770324071 -2.07703192631403 -2.10315614938736 -2.12928037246068 -2.155404595534 -2.18152881860733 -2.20819931030273 -2.23650860786438 -2.26481790542603 -2.29312720298767 -2.32143650054931
-0.838335511419504 -0.843552939097083 -0.84877036677466 -0.853987794452237 -0.846084492901958 -0.83380761494239 -0.821530736982822 -0.809253859023251 -0.796976981063683 -0.784700103104115 -0.772423225144544 -0.780617906153184 -0.850227264066517 -0.919836621979861 -0.989445979893194 -1.05905533780653 -1.12866469571987 -1.1982740536332 -1.26788341154654 -1.32628310322762 -1.38094623949792 -1.43560937576823 -1.49027251203855 -1.54493564830886 -1.59959878457917 -1.65426192084948 -1.70333762963613 -1.73565105597178 -1.76796448230744 -1.80027790864309 -1.83259133497874 -1.8649047613144 -1.89721818765005 -1.9295316139857 -1.95738904078802 -1.98376113441256 -2.01013322803709 -2.03650532166164 -2.06287741528617 -2.08924950891071 -2.11562160253525 -2.14255160755582 -2.17115534676446 -2.19975908597311 -2.22836282518175 -2.2569665643904
-0.773129562868025 -0.786866367856675 -0.800603172845322 -0.814339977833969 -0.8106473957499 -0.80114501797492 -0.791642640199939 -0.782140262424957 -0.772637884649976 -0.763135506874995 -0.753633129100013 -0.762691584643382 -0.827432540141861 -0.892173495640352 -0.956914451138832 -1.02165540663731 -1.0863963621358 -1.15113731763428 -1.21587827313276 -1.2724869231383 -1.32638480464617 -1.38028268615404 -1.43418056766192 -1.48807844916979 -1.54197633067766 -1.59587421218554 -1.64438578453329 -1.67673842940065 -1.70909107426802 -1.74144371913539 -1.77379636400275 -1.80614900887012 -1.83850165373749 -1.87085429860486 -1.89847179551919 -1.92451090978252 -1.95055002404584 -1.97658913830916 -2.00262825257248 -2.0286673668358 -2.05470648109913 -2.08132933345106 -2.10970340006881 -2.13807746668657 -2.16645153330432 -2.19482559992207
-0.626170385877297 -0.65112647116185 -0.676082556446398 -0.701038641730947 -0.706028734147558 -0.70436349560818 -0.702698257068801 -0.701033018529422 -0.699367779990044 -0.697702541450665 -0.696037302911287 -0.711173135290533 -0.776712180425709 -0.842251225560896 -0.907790270696073 -0.97332931583125 -1.03886836096644 -1.10440740610161 -1.16994645123679 -1.2270848929882 -1.28142313361167 -1.33576137423514 -1.39009961485862 -1.44443785548209 -1.49877609610556 -1.55311433672904 -1.60171200931072 -1.63308797776699 -1.66446394622326 -1.69583991467952 -1.72721588313579 -1.75859185159206 -1.78996782004833 -1.8213437885046 -1.84803174436092 -1.8731570293506 -1.89828231434027 -1.92340759932995 -1.94853288431962 -1.9736581693093 -1.99878345429897 -2.02453248798847 -2.05215276777744 -2.07977304756641 -2.10739332735538 -2.13501360714435
