data/working_set_collections/6091692-Cassins_Sparrow-MC/2015/bio15.asc
NCOLS 265 
NROWS 230 
XLLCORNER -115.5625 
YLLCORNER 24.8333333333333 
CELLSIZE 0.0833333333333333 
NODATA_value -9999 
[rows 120 to 139 of 230, columns 184 to 229 of 265]
56.0529198328654 56.1520104938084 56.2511011547513 56.3986057281494 56.562248272366 56.7258908165826 56.8895333607992 57.0531759050157 57.2168184492323 57.3804609934489 57.440213447147 57.1882956292895 56.936377811432 56.6844599935744 56.4325421757169 56.1806243578594 55.9287065400019 55.6767887221443 55.0445215225221 54.285471195645 53.5264208687679 52.7673705418906 52.0083202150135 51.2492698881364 50.4902195612591 49.8554879188539 49.5937123298646 49.3319367408753 49.0701611518861 48.8083855628969 48.5466099739076 48.2848343849183 48.0230587959291 47.4905856132509 46.867879899343 46.2451741854352 45.6224684715273 44.9997627576194 44.3770570437116 43.7543513298036 43.093127261268 42.3163481288489 41.5395689964296 40.7627898640105 39.9860107315914 39.2092315991721
55.5474123001099 55.660434405009 55.7734565099081 55.9471477508545 56.1410620371501 56.3349763234456 56.5288906097412 56.7228048960368 56.9167191823324 57.110633468628 57.1888827323915 56.9201369285585 56.6513911247254 56.3826453208925 56.1138995170595 55.8451537132264 55.5764079093934 55.3076621055604 54.660047721863 53.886143811544 53.1122399012251 52.338335990906 51.564432080587 50.790528170268 50.0166242599489 49.3732211112978 49.1213202476503 48.8694193840028 48.6175185203554 48.3656176567079 48.1137167930604 47.861815929413 47.6099150657655 47.0720528602602 46.4388702074689 45.8056875546776 45.1725049018862 44.5393222490949 43.9061395963036 43.2729569435121 42.6033258756004 41.8243495623274 41.0453732490542 40.2663969357811 39.487420622508 38.7084443092348
55.0419047673544 55.1688583162096 55.2958118650649 55.4956897735596 55.7198758019341 55.9440618303087 56.1682478586833 56.3924338870578 56.6166199154324 56.840805943807 56.9375520176359 56.6519782278274 56.3664044380189 56.0808306482104 55.795256858402 55.5096830685934 55.224109278785 54.9385354889765 54.2755739212038 53.486816427443 52.6980589336822 51.9093014399213 51.1205439461605 50.3317864523996 49.5430289586387 48.8909543037416 48.6489281654359 48.4069020271302 48.1648758888246 47.9228497505189 47.6808236122132 47.4387974739076 47.1967713356019 46.6535201072695 46.0098605155947 45.3662009239199 44.722541332245 44.0788817405703 43.4352221488955 42.7915625572206 42.1135244899328 41.3323509958058 40.5511775016787 39.7700040075517 38.9888305134246 38.2076570192975
54.5363972345988 54.6772822274102 54.8181672202216 55.0442317962647 55.2986895667182 55.5531473371717 55.8076051076253 56.0620628780789 56.3165206485324 56.570978418986 56.6862213028803 56.3838195270963 56.0814177513123 55.7790159755284 55.4766141997445 55.1742124239605 54.8718106481765 54.5694088723926 53.8911001205446 53.087489043342 52.2838779661393 51.4802668889365 50.6766558117339 49.8730447345313 49.0694336573285 48.4086874961854 48.1765360832216 47.9443846702577 47.7122332572938 47.48008184433 47.2479304313661 47.0157790184022 46.7836276054383 46.2349873542787 45.5808508237205 44.9267142931623 44.2725777626039 43.6184412320457 42.9643047014875 42.3101681709291 41.6237231042652 40.8403524292843 40.0569817543032 39.2736110793222 38.4902404043412 37.7068697293601
54.0308897018433 54.1857061386109 54.3405225753785 54.5927738189698 54.8775033315023 55.1622328440348 55.4469623565674 55.7316918690999 56.0164213816325 56.301150894165 56.4348905881247 56.1156608263653 55.7964310646058 55.4772013028464 55.157971541087 54.8387417793275 54.5195120175681 54.2002822558087 53.5066263198855 52.688161659241 51.8696969985965 51.0512323379519 50.2327676773074 49.4143030166629 48.5958383560183 47.9264206886293 47.7041440010072 47.4818673133851 47.2595906257631 47.037313938141 46.8150372505189 46.5927605628968 46.3704838752748 45.816454601288 45.1518411318463 44.4872276624046 43.8226141929628 43.1580007235211 42.4933872540795 41.8287737846376 41.1339217185977 40.3483538627628 39.5627860069277 38.7772181510928 37.9916502952579 37.2060824394228
53.5253821690878 53.6941300498115 53.8628779305352 54.1413158416748 54.4563170962863 54.7713183508979 55.0863196055094 55.401320860121 55.7163221147325 56.0313233693441 56.1835598733691 55.8475021256342 55.5114443778993 55.1753866301644 54.8393288824295 54.5032711346945 54.1672133869596 53.8311556392247 53.1221525192263 52.2888342751399 51.4555160310536 50.6221977869672 49.7888795428808 48.9555612987945 48.122243054708 47.4441538810731 47.2317519187929 47.0193499565126 46.8069479942323 46.594546031952 46.3821440696717 46.1697421073915 45.9573401451112 45.3979218482973 44.7228314399721 44.047741031647 43.3726506233217 42.6975602149966 42.0224698066714 41.3473793983461 40.6441203329301 39.8563552962412 39.0685902595522 38.2808252228633 37.4930601861745 36.7052951494855
53.1471039454142 53.3237218856811 53.5003398259481 53.7842303911845 54.1038784980773 54.4235266049702 54.7431747118632 55.0628228187561 55.382470925649 55.7021190325419 55.8528367890253 55.4967634942798 55.1406901995342 54.7846169047887 54.4285436100431 54.0724703152976 53.716397020552 53.3603237258065 52.6436153093976 51.8066951857675 50.9697750621375 50.1328549385073 49.2959348148772 48.4590146912472 47.622094567617 46.9461125161914 46.7529446813796 46.5597768465679 46.3666090117561 46.1734411769444 45.9802733421326 45.7871055073209 45.5939376725092 45.0496478398642 44.3883173412749 43.7269868426855 43.065656344096 42.4043258455066 41.7429953469172 41.0816648483278 40.3931537840103 39.6231010225086 38.8530482610068 38.0829954995051 37.3129427380034 36.5428899765016
52.8960550308228 53.0744816462199 53.252908261617 53.5215174674988 53.8201875368754 54.118857606252 54.4175276756287 54.7161977450053 55.0148678143819 55.3135378837586 55.4427213350933 55.063444932302 54.6841685295106 54.3048921267193 53.925615723928 53.5463393211366 53.1670629183453 52.787786515554 52.0710146903994 51.2417443911237 50.4124740918481 49.5832037925723 48.7539334932966 47.9246631940209 47.0953928947451 46.4322965939841 46.2677222887676 46.1031479835511 45.9385736783347 45.7739993731182 45.6094250679017 45.4448507626852 45.2802764574688 44.7716325759889 44.1482988357546 43.5249650955202 42.9016313552858 42.2782976150514 41.6549638748171 41.0316301345826 40.3810220718385 39.6485910415651 38.9161600112916 38.1837289810182 37.4512979507448 36.7188669204713
52.6450061162313 52.8252414067586 53.005476697286 53.2588045438131 53.5364965756734 53.8141886075337 54.0918806393941 54.3695726712545 54.6472647031148 54.9249567349752 55.0326058811613 54.6301263703242 54.227646859487 53.8251673486499 53.4226878378128 53.0202083269756 52.6177288161385 52.2152493053014 51.4984140714012 50.6767935964799 49.8551731215586 49.0335526466372 48.2119321717159 47.3903116967946 46.5686912218732 45.9184806717768 45.7824998961556 45.6465191205343 45.5105383449132 45.374557569292 45.2385767936707 45.1025960180495 44.9666152424283 44.4936173121136 43.9082803302343 43.322943348355 42.7376063664755 42.1522693845962 41.5669324027169 40.9815954208375 40.3688903596668 39.6740810606217 38.9792717615764 38.2844624625313 37.5896531634862 36.894843864441
52.3939572016398 52.5760011672973 52.7580451329549 52.9960916201274 53.2528056144714 53.5095196088155 53.7662336031596 54.0229475975037 54.2796615918477 54.5363755861918 54.6224904272293 54.1968078083464 53.7711251894634 53.3454425705805 52.9197599516976 52.4940773328147 52.0683947139318 51.6427120950489 50.925813452403 50.1118428018361 49.2978721512691 48.4839015007021 47.6699308501352 46.8559601995683 46.0419895490013 45.4046647495694 45.2972775035435 45.1898902575176 45.0825030114916 44.9751157654657 44.8677285194398 44.7603412734138 44.6529540273879 44.2156020482382 43.668261824714 43.1209216011897 42.5735813776653 42.026241154141 41.4789009306168 40.9315607070924 40.356758647495 39.6995710796782 39.0423835118613 38.3851959440445 37.7280083762276 37.0708208084107
52.1429082870483 52.3267609278361 52.5106135686238 52.7333786964416 52.9691146532694 53.2048506100972 53.4405865669251 53.6763225237529 53.9120584805806 54.1477944374085 54.2123749732973 53.7634892463686 53.3146035194398 52.8657177925112 52.4168320655825 51.9679463386537 51.519060611725 51.0701748847964 50.3532128334048 49.5468920071923 48.7405711809797 47.9342503547671 47.1279295285546 46.321608702342 45.5152878761294 44.8908488273622 44.8120551109315 44.7332613945008 44.6544676780702 44.5756739616395 44.4968802452088 44.4180865287781 44.3392928123475 43.9375867843629 43.4282433191937 42.9188998540244 42.4095563888551 41.9002129236858 41.3908694585166 40.8815259933473 40.3446269353232 39.7250610987347 39.1054952621461 38.4859294255576 37.8663635889691 37.2467977523804
51.8918593724569 52.0775206883748 52.2631820042928 52.4706657727559 52.6854236920675 52.900181611379 53.1149395306905 53.329697450002 53.5444553693135 53.7592132886251 53.8022595193653 53.3301706843908 52.8580818494162 52.3859930144418 51.9139041794673 51.4418153444927 50.9697265095183 50.4976376745438 49.7806122144065 48.9819412125484 48.1832702106903 47.384599208832 46.5859282069739 45.7872572051157 44.9885862032575 44.3770329051548 44.3268327183194 44.276632531484 44.2264323446486 44.1762321578132 44.1260319709778 44.0758317841425 44.025631597307 43.6595715204876 43.1882248136734 42.7168781068592 42.2455314000449 41.7741846932307 41.3028379864164 40.8314912796021 40.3324952231514 39.7505511177912 39.1686070124309 38.5866629070707 38.0047188017105 37.4227746963502
51.6203569730123 51.8039642439948 51.9875715149773 52.1826060612996 52.3814496994018 52.5802933375041 52.7791369756063 52.9779806137085 53.1768242518107 53.3756678899129 53.4038120163813 52.9198576079476 52.4359031995139 51.9519487910802 51.4679943826465 50.9840399742128 50.5000855657791 50.0161311573454 49.3121110916139 48.5347358067833 47.7573605219526 46.9799852371217 46.2026099522911 45.4252346674604 44.6478593826295 44.0565081278483 44.0232289632162 43.989949798584 43.9566706339518 43.9233914693197 43.8901123046875 43.8568331400554 43.8235539754232 43.4955952008566 43.0694098896451 42.6432245784337 42.2170392672221 41.7908539560107 41.3646686447992 40.9384833335877 40.481132581499 39.9302855067784 39.3794384320577 38.8285913573372 38.2777442826166 37.726897207896
51.3284010887146 51.5060915946961 51.6837821006775 51.8691995620728 52.0571926752726 52.2451857884725 52.4331789016724 52.6211720148723 52.8091651280721 52.997158241272 53.0170324643455 52.5325500170392 52.0480675697328 51.5635851224265 51.0791026751202 50.5946202278139 50.1101377805076 49.6256553332013 48.947709465027 48.2052757898969 47.4628421147667 46.7204084396364 45.9779747645062 45.2355410893761 44.4931074142458 43.9292744954427 43.9012438456218 43.8732131958008 43.8451825459798 43.8171518961589 43.7891212463379 43.761090596517 43.733059946696 43.44565782547 43.0717985471091 42.6979392687481 42.324079990387 41.950220712026 41.576361433665 41.202502155304 40.7905390103659 40.2642642656963 39.7379895210266 39.2117147763571 38.6854400316875 38.1591652870178
51.0364452044169 51.2082189453973 51.3799926863776 51.5557930628459 51.7329356511434 51.9100782394409 52.0872208277385 52.264363416036 52.4415060043335 52.618648592631 52.6302529123096 52.1452424261307 51.6602319399517 51.1752214537728 50.6902109675939 50.2052004814149 49.720189995236 49.2351795090571 48.5833078384401 47.8758157730105 47.1683237075808 46.460831642151 45.7533395767214 45.0458475112917 44.338355445862 43.8020408630371 43.7792587280274 43.7564765930176 43.7336944580078 43.7109123229981 43.6881301879883 43.6653480529785 43.6425659179688 43.3957204500835 43.074187204573 42.7526539590624 42.4311207135519 42.1095874680414 41.7880542225308 41.4665209770203 41.0999454392328 40.5982430246142 40.0965406099956 39.594838195377 39.0931357807584 38.5914333661398
50.7444893201192 50.9103462960985 51.0762032720778 51.242386563619 51.4086786270142 51.5749706904093 51.7412627538045 51.9075548171997 52.0738468805949 52.2401389439901 52.2434733602737 51.7579348352222 51.2723963101706 50.7868577851191 50.3013192600676 49.815780735016 49.3302422099645 48.844703684913 48.2189062118532 47.546355756124 46.8738053003949 46.2012548446657 45.5287043889365 44.8561539332074 44.1836034774782 43.6748072306315 43.657273610433 43.6397399902344 43.6222063700358 43.6046727498373 43.5871391296387 43.5696055094401 43.5520718892415 43.3457830746969 43.0765758620369 42.8073686493768 42.5381614367167 42.2689542240567 41.9997470113967 41.7305397987366 41.4093518680997 40.9322217835321 40.4550916989645 39.9779616143969 39.5008315298293 39.0237014452617
50.4525334358216 50.6124736467997 50.7724138577779 50.9289800643921 51.0844216028849 51.2398631413778 51.3953046798706 51.5507462183635 51.7061877568563 51.8616292953492 51.8566938082379 51.3706272443138 50.8845606803896 50.3984941164654 49.9124275525413 49.4263609886171 48.940294424693 48.4542278607688 47.8545045852663 47.2168957392377 46.579286893209 45.9416780471803 45.3040692011517 44.6664603551231 44.0288515090944 43.5475735982259 43.5352884928386 43.5230033874512 43.5107182820638 43.4984331766764 43.4861480712891 43.4738629659017 43.4615778605143 43.2958456993103 43.0789645195008 42.8620833396912 42.6452021598816 42.428320980072 42.2114398002625 41.9945586204529 41.7187582969666 41.26620054245 40.8136427879334 40.3610850334168 39.9085272789002 39.4559695243835
50.1605775515239 50.314600997501 50.468624443478 50.6155735651652 50.7601645787557 50.9047555923462 51.0493466059367 51.1939376195272 51.3385286331177 51.4831196467082 51.469914256202 50.9833196534053 50.4967250506085 50.0101304478117 49.523535845015 49.0369412422182 48.5503466394214 48.0637520366247 47.4901029586794 46.8874357223513 46.2847684860232 45.682101249695 45.0794340133669 44.4767667770388 43.8740995407106 43.4203399658203 43.4133033752442 43.406266784668 43.3992301940918 43.3921936035156 43.3851570129395 43.3781204223633 43.3710838317871 43.2459083239238 43.0813531769647 42.9167980300056 42.7522428830465 42.5876877360874 42.4231325891283 42.2585774421692 42.0281647258335 41.6001793013679 41.1721938769023 40.7442084524367 40.3162230279711 39.8882376035055
49.8893020629883 50.0339817470974 50.1786614312066 50.3185826619466 50.4569177415636 50.5952528211805 50.7335879007975 50.8719229804145 51.0102580600315 51.1485931396485 51.134448697832 50.662865691715 50.1912826855978 49.7196996794808 49.2481166733637 48.7765336672466 48.3049506611295 47.8333676550125 47.2888562838237 46.7200354576112 46.1512146313987 45.582393805186 45.0135729789735 44.444752152761 43.8759313265483 43.4474299112956 43.4398867289225 43.4323435465495 43.4248003641764 43.4172571818034 43.4097139994303 43.4021708170573 43.3946276346842 43.2942739804586 43.162983502282 43.0316930241055 42.900402545929 42.7691120677524 42.6378215895759 42.5065311113993 42.3056846618653 41.8961702982586 41.4866559346517 41.077141571045 40.6676272074382 40.2581128438314
49.6387069702149 49.7706158955892 49.9025248209635 50.0380073547363 50.1746810913086 50.3113548278809 50.4480285644532 50.5847023010254 50.7213760375977 50.85804977417 50.850297133128 50.4092653592429 49.9682335853578 49.5272018114727 49.0861700375876 48.6451382637025 48.2041064898174 47.7630747159323 47.2507645606996 46.7146949450176 46.1786253293357 45.6425557136536 45.1064860979717 44.5704164822898 44.0343468666077 43.6288434346517 43.6150385538737 43.6012336730957 43.5874287923177 43.5736239115397 43.5598190307617 43.5460141499837 43.5322092692057 43.4409426689148 43.3238554954529 43.206768321991 43.089681148529 42.9725939750671 42.8555068016052 42.7384196281433 42.5513181050619 42.1541735331218 41.7570289611817 41.3598843892416 40.9627398173015 40.5655952453613
