data/working_set_collections/6091692-Cassins_Sparrow-MC/2015/bio11.asc
NCOLS 265 
NROWS 230 
XLLCORNER -115.5625 
YLLCORNER 24.8333333333333 
CELLSIZE 0.0833333333333333 
NODATA_value -9999 
[rows 60 to 79 of 230, columns 46 to 91 of 265]
-1.00067739884051 -1.27871170375075 -1.55674600866103 -1.83478031357126 -2.1128146184815 -2.39084892339178 -2.1283185688159 -1.68559999441121 -1.24288142000644 -0.800162845601743 -0.357444271197047 0.0852743032077238 0.527992877612419 0.873263325459402 0.926189393632922 0.979115461806432 1.03204152997994 1.08496759815346 1.13789366632697 1.19081973450048 1.243745802674 1.17816440463066 1.07308051784834 0.967996631066003 0.862912744283683 0.757828857501362 0.652744970719024 0.547661083936704 0.43058770183063 0.277545833753232 0.124503965675861 -0.0285379024015113 -0.181579770478909 -0.334621638556281 -0.487663506633653 -0.640705374711051 -0.925658239424156 -1.2545814363492 -1.58350463327431 -1.91242783019935 -2.2413510271244 -2.5702742240495 -2.89919742097455 -3.22284119195405 -3.53064668509695 -3.8384521782398
-1.21168484091752 -1.3744050820668 -1.53712532321611 -1.69984556436538 -1.86256580551466 -2.02528604666396 -1.76164417490376 -1.35588159884031 -0.950119022776779 -0.544356446713322 -0.138593870649865 0.267168705413662 0.672931281477119 0.991968789199954 1.05083109190064 1.10969339460131 1.16855569730199 1.22741800000267 1.28628030270335 1.34514260540402 1.4040049081047 1.32756778597831 1.2060308555762 1.08449392517407 0.962956994771961 0.841420064369851 0.71988313396772 0.59834620356561 0.461141759653923 0.276934775213422 0.0927277907729518 -0.0914791936675181 -0.275686178108019 -0.459893162548489 -0.644100146988959 -0.82830713142946 -1.06711552590125 -1.32412439038349 -1.58113325486578 -1.83814211934802 -2.09515098383026 -2.35215984831254 -2.60916871279479 -2.88849949240682 -3.23479601740838 -3.58109254240988
-1.42269228299455 -1.47009846038286 -1.51750463777118 -1.56491081515949 -1.6123169925478 -1.65972316993612 -1.39496978099159 -1.02616320326937 -0.657356625547095 -0.28855004782488 0.0802565298973364 0.449063107619615 0.817869685341831 1.11067425294052 1.17547279016837 1.2402713273962 1.30506986462404 1.36986840185189 1.43466693907973 1.49946547630757 1.56426401353542 1.47697116732598 1.33898119330407 1.20099121928215 1.06300124526025 0.925011271238346 0.787021297216422 0.64903132319452 0.491695817477218 0.276323716673611 0.0609516158700402 -0.15442048493353 -0.369792585737137 -0.585164686540708 -0.800536787344278 -1.01590888814789 -1.20857281237835 -1.39366734441778 -1.57876187645725 -1.76385640849668 -1.94895094053611 -2.13404547257557 -2.319140004615 -2.55415779285957 -2.93894534971979 -3.32373290657994
-1.63369972507158 -1.56579183869892 -1.49788395232625 -1.4299760659536 -1.36206817958094 -1.29416029320828 -1.02829538707942 -0.696444807698442 -0.364594228317411 -0.032743648936437 0.299106930444537 0.630957509825568 0.962808089206543 1.22937971668108 1.30011448843609 1.3708492601911 1.4415840319461 1.51231880370111 1.58305357545611 1.65378834721112 1.72452311896613 1.62637454867364 1.47193153103195 1.31748851339023 1.16304549574853 1.00860247810684 0.854159460465123 0.699716442823431 0.522249875300513 0.2757126581338 0.0291754409671287 -0.217361776199542 -0.463898993366256 -0.710436210532927 -0.956973427699598 -1.20351064486631 -1.35003009885546 -1.46321029845208 -1.57639049804872 -1.68957069764534 -1.80275089724195 -1.91593109683859 -2.02911129643521 -2.21981609331231 -2.64309468203119 -3.06637327075
-1.84470716714859 -1.66148521701497 -1.47826326688133 -1.29504131674772 -1.11181936661411 -0.928597416480466 -0.661620993167275 -0.366726412127539 -0.0718318310877523 0.223062749951984 0.51795733099172 0.812851912031506 1.10774649307124 1.34808518042163 1.42475618670381 1.50142719298598 1.57809819926814 1.65476920555032 1.73144021183248 1.80811121811465 1.88478222439683 1.77577793002129 1.60488186875981 1.4339858074983 1.26308974623681 1.09219368497533 0.921297623713819 0.750401562452337 0.552803933123805 0.275101599593989 -0.00260073393578011 -0.280303067465549 -0.558005400995366 -0.835707734525135 -1.1134100680549 -1.39111240158472 -1.49148738533255 -1.53275325248637 -1.57401911964019 -1.615284986794 -1.65655085394781 -1.69781672110163 -1.73908258825545 -1.88547439376508 -2.34724401434262 -2.80901363492009
-2.05571460922561 -1.75717859533103 -1.45864258143641 -1.16010656754183 -0.861570553647251 -0.563034539752622 -0.294946599255102 -0.0370080165566069 0.220930566141932 0.478869148840426 0.736807731538921 0.99474631423746 1.25268489693595 1.4667906441622 1.54939788497154 1.63200512578087 1.7146123665902 1.79721960739954 1.87982684820887 1.9624340890182 2.04504132982754 1.92518131136895 1.73783220648768 1.55048310160637 1.3631339967251 1.17578489184383 0.988435786962521 0.801086682081247 0.5833579909471 0.274490541054178 -0.0343769088386916 -0.343244358731562 -0.652111808624484 -0.960979258517354 -1.26984670841022 -1.57871415830315 -1.63294467180966 -1.60229620652066 -1.57164774123166 -1.54099927594266 -1.51035081065366 -1.47970234536466 -1.44905388007566 -1.55113269421783 -2.05139334665403 -2.55165399909015
-2.07821424280612 -1.72480089705861 -1.37138755131105 -1.01797420556354 -0.664560859816039 -0.311147514068474 -0.0477063558996267 0.185744073076314 0.419194502052295 0.652644931028236 0.886095360004177 1.11954578898016 1.3529962179561 1.54544003638954 1.61486402319536 1.68428801000117 1.75371199680698 1.8231359836128 1.89255997041861 1.96198395722442 2.03140794403025 1.89851043472693 1.69817242672053 1.49783441871409 1.29749641070769 1.09715840270129 0.896820394694856 0.696482386688455 0.470923054383958 0.169699749185037 -0.131523556013832 -0.432746861212702 -0.733970166411622 -1.03519347161049 -1.33641677680936 -1.63764008200828 -1.70039559503397 -1.68366184400187 -1.66692809296977 -1.65019434193767 -1.63346059090557 -1.61672683987347 -1.59999308884137 -1.71842038167828 -2.24233080612275 -2.76624123056713
-1.91220606789002 -1.56435212219766 -1.21649817650523 -0.868644230812873 -0.520790285120511 -0.172936339428091 0.0800997368990779 0.301529856771161 0.522959976643281 0.744390096515364 0.965820216387446 1.18725033625957 1.40868045613165 1.58403335710365 1.62115460137526 1.65827584564686 1.69539708991846 1.73251833419006 1.76963957846166 1.80676082273326 1.84388206700487 1.69576530009515 1.48590252945829 1.27603975882139 1.06617698818453 0.856314217547664 0.646451446910766 0.436588676273903 0.215499123434327 -0.0392707760134686 -0.294040675461221 -0.548810574908973 -0.803580474356769 -1.05835037380452 -1.31312027325227 -1.56789017270007 -1.69384015500544 -1.77685016492999 -1.85986017485455 -1.9428701847791 -2.02588019470365 -2.10889020462822 -2.19190021455276 -2.38733745614664 -2.92005639274897 -3.45277532935122
-1.7461978929739 -1.40390334733668 -1.06160880169941 -0.71931425606219 -0.377019710424972 -0.0347251647876954 0.207905829697794 0.417315640466017 0.626725451234276 0.836135262002499 1.04554507277072 1.25495488353898 1.4643646943072 1.62262667781776 1.62744517955515 1.63226368129254 1.63708218302992 1.64190068476731 1.6467191865047 1.65153768824209 1.65635618997947 1.49302016546335 1.27363263219603 1.05424509892867 0.834857565661342 0.615470032394017 0.396082499126654 0.176694965859329 -0.0399248075153256 -0.248241301211992 -0.456557794908624 -0.664874288605255 -0.873190782301922 -1.08150727599855 -1.28982376969518 -1.49814026339185 -1.68728471497692 -1.87003848585812 -2.05279225673936 -2.23554602762056 -2.41829979850177 -2.601053569383 -2.78380734026421 -3.05625453061506 -3.59778197937526 -4.13930942813536
-1.58018971805779 -1.24345457247571 -0.906719426893582 -0.569984281311507 -0.233249135729432 0.1034860098527 0.335711922496509 0.533101424160873 0.73049092582527 0.927880427489634 1.125269929154 1.3226594308184 1.52004893248276 1.66121999853187 1.63373575773504 1.60625151693822 1.57876727614139 1.55128303534456 1.52379879454774 1.49631455375091 1.46883031295408 1.29027503083156 1.06136273493377 0.832450439035944 0.603538143138156 0.374625847240369 0.145713551342542 -0.0831987445552457 -0.295348738464978 -0.457211826410516 -0.619074914356027 -0.780938002301537 -0.942801090247075 -1.10466417819259 -1.2665272661381 -1.42839035408363 -1.68072927494839 -1.96322680678625 -2.24572433862416 -2.52822187046202 -2.81071940229988 -3.09321693413779 -3.37571446597565 -3.72517160508348 -4.27550756600154 -4.82584352691951
-1.41418154314169 -1.08300579761476 -0.751830052087768 -0.420654306560837 -0.089478561033905 0.241697184493083 0.463518015295214 0.648887207855719 0.834256400416256 1.01962559297676 1.20499478553727 1.3903639780978 1.57573317065831 1.69981331924598 1.64002633591494 1.5802393525839 1.52045236925286 1.46066538592182 1.40087840259078 1.34109141925975 1.2813044359287 1.08752989619978 0.849092837671529 0.610655779143239 0.37221872061499 0.133781662086741 -0.104655396441549 -0.343092454969798 -0.550772669414609 -0.666182351609022 -0.781592033803416 -0.897001715997809 -1.01241139819222 -1.12782108038662 -1.24323076258101 -1.35864044477542 -1.67417383491987 -2.05641512771437 -2.43865642050894 -2.82089771330345 -3.20313900609796 -3.58538029889253 -3.96762159168704 -4.39408867955184 -4.95323315262777 -5.5123776257036
-1.24817336822557 -0.922557022753786 -0.596940677281942 -0.271324331810154 0.0542920136616345 0.379908359133478 0.591324108093929 0.764672991550575 0.93802187500725 1.1113707584639 1.28471964192054 1.45806852537722 1.63141740883386 1.73840663996009 1.64631691409483 1.55422718822958 1.46213746236433 1.37004773649907 1.27795801063382 1.18586828476857 1.09377855890331 0.884784761567982 0.63682294040927 0.388861119250516 0.140899298091805 -0.107062523066907 -0.355024344225661 -0.602986165384372 -0.806196600364262 -0.875152876807546 -0.944109153250818 -1.01306542969409 -1.08202170613737 -1.15097798258065 -1.21993425902392 -1.2888905354672 -1.66761839489134 -2.1496034486425 -2.63158850239375 -3.11357355614491 -3.59555860989607 -4.07754366364732 -4.55952871739848 -5.06300575402026 -5.63095873925405 -6.19891172448775
-0.943812399606013 -0.63540277034056 -0.326993141075054 -0.0185835118096012 0.289826117455852 0.598235746721358 0.797510783374249 0.960407622489596 1.12330446160497 1.28620130072032 1.44909813983566 1.61199497895104 1.77489181806638 1.86869130962425 1.75519875850941 1.6417062073946 1.52821365627978 1.41472110516494 1.30122855405013 1.18773600293531 1.07424345182048 0.871561112999936 0.639148844944134 0.406736576888293 0.174324308832492 -0.058087959223309 -0.29050022727915 -0.522912495334951 -0.713117808186381 -0.776702255424565 -0.840286702662738 -0.90387114990091 -0.967455597139094 -1.03104004437727 -1.09462449161544 -1.15820893885362 -1.579309255133 -2.11958152775953 -2.65985380038614 -3.20012607301267 -3.7403983456392 -4.28067061826582 -4.82094289089234 -5.36371653742249 -5.91399430566359 -6.4642720739046
-0.501098637282972 -0.221543040375049 0.0580125565329213 0.337568153440844 0.617123750348767 0.896679347256737 1.08207804113619 1.2360911006728 1.39010416020943 1.54411721974604 1.69813027928265 1.85214333881929 2.0061563983559 2.09066732823848 1.96667186915872 1.84267641007899 1.71868095099926 1.5946854919195 1.47069003283977 1.34669457376003 1.22269911468028 1.04785895049572 0.856070551276214 0.664282152056672 0.472493752837163 0.280705353617654 0.0889169543981123 -0.102871444821397 -0.271536292880826 -0.370830487459956 -0.470124682039069 -0.569418876618181 -0.668713071197311 -0.768007265776424 -0.867301460355536 -0.966595654934666 -1.40924641564482 -1.96634936506539 -2.52345231448607 -3.08055526390664 -3.63765821332722 -4.19476116274789 -4.75186411216847 -5.29622102975835 -5.80233985185619 -6.30845867395395
-0.0583848749598923 0.192316689590497 0.44301825414093 0.693719818691319 0.944421383241709 1.19512294779214 1.36664529889816 1.51177457885603 1.65690385881392 1.80203313877179 1.94716241872966 2.09229169868756 2.23742097864543 2.31264334685273 2.17814497980805 2.0436466127634 1.90914824571875 1.77464987867407 1.64015151162942 1.50565314458477 1.3711547775401 1.22415678799152 1.07299225760831 0.921827727225072 0.770663196841859 0.619498666458646 0.468334136075407 0.317169605692194 0.170045222424766 0.0350412805046877 -0.0999626614153681 -0.234966603335424 -0.369970545255503 -0.504974487175558 -0.639978429095614 -0.774982371015693 -1.23918357615662 -1.81311720237125 -2.38705082858598 -2.9609844548006 -3.53491808101523 -4.10885170722996 -4.68278533344459 -5.22872552209421 -5.69068539804879 -6.15264527400329
0.384328887363187 0.606176419556043 0.828023951748938 1.04987148394179 1.27171901613465 1.49356654832755 1.65121255666012 1.78745805703925 1.92370355741841 2.05994905779754 2.19619455817667 2.33244005855583 2.46868555893496 2.53461936546697 2.38961809045738 2.24461681544781 2.09961554043824 1.95461426542864 1.80961299041908 1.66461171540951 1.51961044039991 1.40045462548733 1.28991396394041 1.17937330239347 1.06883264084656 0.958291979299638 0.847751317752702 0.737210656205784 0.611626737730359 0.440913048469331 0.270199359208332 0.0994856699473336 -0.0712280193136944 -0.241941708574693 -0.412655397835692 -0.58336908709672 -1.06912073666843 -1.65988503967711 -2.25064934268589 -2.84141364569457 -3.43217794870325 -4.02294225171203 -4.61370655472071 -5.16123001443006 -5.57903094424138 -5.99683187405263
0.827042649686228 1.02003614952155 1.21302964935691 1.40602314919224 1.59901664902757 1.79201014886292 1.93577981442206 2.06314153522245 2.19050325602287 2.31786497682326 2.44522669762366 2.57258841842407 2.69995013922447 2.7565953840812 2.60109120110669 2.4455870181322 2.29008283515771 2.1345786521832 1.97907446920871 1.82357028623423 1.66806610325971 1.57675246298311 1.50683567027249 1.43691887756185 1.36700208485123 1.2970852921406 1.22716849942996 1.15725170671934 1.05320825303591 0.84678481643394 0.640361379832001 0.433937943230063 0.227514506628088 0.0210910700261496 -0.185332366575789 -0.391755803177763 -0.899057897180244 -1.50665287698297 -2.11424785678581 -2.72184283658854 -3.32943781639127 -3.9370327961941 -4.54462777599683 -5.09373450676593 -5.46737649043399 -5.84101847410198
1.26975641200931 1.4338958794871 1.59803534696492 1.76217481444272 1.92631428192051 2.09045374939833 2.22034707218403 2.33882501340568 2.45730295462736 2.57578089584901 2.69425883707067 2.81273677829234 2.931214719514 2.97857140269545 2.81256431175602 2.64655722081661 2.48055012987721 2.31454303893777 2.14853594799837 1.98252885705896 1.81652176611953 1.75305030047892 1.72375737660459 1.69446445273025 1.66517152885592 1.63587860498159 1.60658568110726 1.57729275723293 1.49478976834151 1.25265658439858 1.0105234004557 0.76839021651282 0.526257032569897 0.284123848627015 0.0419906646841329 -0.20014251925879 -0.728995057692048 -1.35342071428883 -1.97784637088572 -2.6022720274825 -3.22669768407928 -3.85112334067617 -4.47554899727295 -5.02623899910179 -5.35572203662658 -5.68520507415132
1.60669132967785 1.75127547283962 1.89585961600141 2.04044375916317 2.18502790232494 2.32961204548673 2.43786382675168 2.53400482071767 2.63014581468368 2.72628680864968 2.82242780261567 2.91856879658168 3.01470979054768 3.0482022662958 2.89374918739003 2.7392961084843 2.58484302957856 2.4303899506728 2.27593687176706 2.12148379286132 1.96703071395556 1.92202171981333 1.91349408725896 1.90496645470459 1.89643882215021 1.88791118959584 1.87938355704147 1.8708559244871 1.80133062079553 1.54881230369211 1.29629398658874 1.04377566948536 0.791257352381947 0.538739035278574 0.2862207181752 0.0337024010717842 -0.472344437489845 -1.06290078320428 -1.65345712891882 -2.24401347463326 -2.8345698203477 -3.42512616606224 -4.01568251177668 -4.532318018708 -4.82719100928976 -5.12206399987147
1.83784740269178 1.97217492957903 2.10650245646631 2.24082998335356 2.37515751024081 2.50948503712808 2.58833007812496 2.64868095715837 2.70903183619179 2.7693827152252 2.82973359425861 2.89008447329203 2.95043535232544 2.96548797488217 2.84464582800867 2.7238036811352 2.60296153426173 2.48211938738823 2.36127724051476 2.24043509364129 2.11959294676779 2.08366672098634 2.07604580223558 2.06842488348481 2.06080396473405 2.05318304598329 2.04556212723252 2.03794120848176 1.97283081039789 1.73525197431445 1.49767313823105 1.26009430214764 1.0225154660642 0.784936629980801 0.5473577938974 0.309778957813958 -0.129106036573621 -0.635093083729305 -1.14108013088507 -1.64706717804076 -2.15305422519644 -2.65904127235221 -3.1650283195079 -3.61197156558444 -3.8817834084234 -4.15159525126231
