data/working_set_collections/6091692-Cassins_Sparrow-MC/2015/bio17.asc
NCOLS 265 
NROWS 230 
XLLCORNER -115.5625 
YLLCORNER 24.8333333333333 
CELLSIZE 0.0833333333333333 
NODATA_value -9999 
[rows 120 to 139 of 230, columns 46 to 91 of 265]
31.4137586752573 32.5751206874846 33.7364826997122 34.8978447119395 36.0592067241668 37.2205687363943 38.0879578431448 38.8573559814029 39.6267541196612 40.3961522579194 41.1655503961775 41.9349485344358 42.7043466726939 43.246546649933 43.1071521441143 42.9677576382956 42.828363132477 42.6889686266582 42.5495741208396 42.4101796150209 42.2707851092022 42.2130446434022 42.1825221909418 42.1519997384814 42.121477286021 42.0909548335606 42.0604323811002 42.0299099286398 41.9856991555957 41.9004234208002 41.8151476860047 41.7298719512093 41.6445962164138 41.5593204816183 41.4740447468229 41.3887690120274 41.1528987566631 40.8668303277759 40.5807618988886 40.2946934700013 40.0086250411141 39.7225566122268 39.4364881833396 39.1407808515762 38.8161568111845 38.4915327707928
30.1296728610993 31.1768606026967 32.2240483442944 33.2712360858918 34.3184238274893 35.3656115690869 36.2649164676668 37.1149270852408 37.9649377028149 38.8149483203889 39.6649589379629 40.514969555537 41.364980173111 41.9881654421491 41.9308746655784 41.8735838890078 41.8162931124371 41.7590023358665 41.7017115592958 41.6444207827252 41.5871300061545 41.5615712165834 41.5465897560121 41.5316082954408 41.5166268348695 41.5016453742982 41.4866639137269 41.4716824531556 41.436467075348 41.3405499458314 41.2446328163148 41.1487156867982 41.0527985572816 40.956881427765 40.8609642982484 40.7650471687318 40.5104907035829 40.2030544598899 39.8956182161968 39.5881819725038 39.2807457288108 38.9733094851178 38.6658732414247 38.3561311086021 38.0394713083905 37.7228115081789
28.8455870469411 29.7786005179087 30.7116139888765 31.644627459844 32.5776409308116 33.5106544017793 34.4418750921886 35.3724981890785 36.3031212859685 37.2337443828583 38.1643674797482 39.0949905766382 40.0256136735281 40.729784234365 40.7545971870424 40.7794101397198 40.8042230923972 40.8290360450746 40.853848997752 40.8786619504294 40.9034749031068 40.9100977897645 40.9106573210823 40.9112168524001 40.9117763837179 40.9123359150358 40.9128954463536 40.9134549776714 40.8872349951003 40.7806764708626 40.6741179466249 40.5675594223871 40.4610008981494 40.3544423739116 40.2478838496739 40.1413253254362 39.8680826505027 39.5392785920039 39.210474533505 38.8816704750063 38.5528664165075 38.2240623580086 37.8952582995098 37.5714813656279 37.2627858055964 36.9540902455649
27.561501232783 28.3803404331207 29.1991796334585 30.0180188337962 30.8368580341339 31.6556972344718 32.6188337167104 33.6300692929162 34.641304869122 35.6525404453278 36.6637760215335 37.6750115977394 38.6862471739451 39.4714030265809 39.5783197085064 39.6852363904318 39.7921530723573 39.8990697542827 40.0059864362082 40.1129031181336 40.2198198000591 40.2586243629456 40.2747248861525 40.2908254093595 40.3069259325664 40.3230264557733 40.3391269789802 40.3552275021871 40.3380029148527 40.2208029958938 40.1036030769349 39.986403157976 39.8692032390171 39.7520033200583 39.6348034010994 39.5176034821405 39.2256745974224 38.8755027241179 38.5253308508132 38.1751589775087 37.8249871042041 37.4748152308995 37.124643357595 36.7868316226537 36.4861003028023 36.185368982951
26.277415418625 26.9820803483328 27.6867452780407 28.3914102077486 29.0960751374564 29.8007400671643 30.7957923412324 31.887640396754 32.9794884522758 34.0713365077973 35.1631845633189 36.2550326188407 37.3468806743622 38.213021818797 38.4020422299705 38.591062641144 38.7800830523174 38.9691034634909 39.1581238746644 39.3471442858379 39.5361646970114 39.6071509361268 39.6387924512228 39.6704339663189 39.7020754814149 39.7337169965109 39.765358511607 39.797000026703 39.788770834605 39.660929520925 39.533088207245 39.405246893565 39.277405579885 39.149564266205 39.021722952525 38.8938816388449 38.5832665443422 38.2117268562319 37.8401871681215 37.4686474800112 37.0971077919008 36.7255681037905 36.3540284156801 36.0021818796796 35.7094148000083 35.4166477203371
24.9933296044668 25.5838202635448 26.1743109226228 26.7648015817008 27.3552922407787 27.9457828998568 28.9727509657543 30.1452115005917 31.3176720354293 32.4901325702667 33.6625931051042 34.8350536399418 36.0075141747792 36.9546406110129 37.2257647514345 37.496888891856 37.7680130322775 38.0391371726991 38.3102613131206 38.5813854535421 38.8525095939637 38.9556775093079 39.0028600162931 39.0500425232782 39.0972250302633 39.1444075372485 39.1915900442336 39.2387725512187 39.2395387543573 39.1010560459562 38.962573337555 38.8240906291539 38.6856079207527 38.5471252123516 38.4086425039504 38.2701597955493 37.940858491262 37.5479509883459 37.1550434854297 36.7621359825136 36.3692284795975 35.9763209766813 35.5834134737652 35.2175321367054 34.9327292972142 34.6479264577231
24.0295221805572 24.5244341161516 25.019346051746 25.5142579873403 26.0091699229346 26.504081858529 27.5121486822763 28.6912671354081 29.87038558854 31.0495040416717 32.2286224948034 33.4077409479353 34.5868594010671 35.5501069227855 35.8657416502636 36.1813763777416 36.4970111052196 36.8126458326977 37.1282805601757 37.4439152876537 37.7595500151318 37.8772015253704 37.9288586298626 37.9805157343548 38.032172838847 38.0838299433392 38.1354870478314 38.1871441523236 38.1958063496486 38.0754838254718 37.9551613012951 37.8348387771184 37.7145162529417 37.594193728765 37.4738712045883 37.3535486804116 37.0608806769055 36.7107641802896 36.3606476836736 36.0105311870576 35.6604146904417 35.3102981938257 34.9601816972098 34.6385870509678 34.4025579558479 34.166528860728
23.3859931468964 23.8039219061534 24.2218506654105 24.6397794246674 25.0577081839244 25.4756369431815 26.4139854907989 27.5258073012034 28.637629111608 29.7494509220124 30.8612727324168 31.9730945428214 33.0849163532258 33.999420754115 34.3219729264579 34.6445250988009 34.9670772711438 35.2896294434868 35.6121816158297 35.9347337881726 36.2572859605156 36.3717229843142 36.4167882919314 36.4618535995486 36.5069189071658 36.551984214783 36.5970495224002 36.6421148300173 36.6575736204786 36.5842128594719 36.5108520984652 36.4374913374585 36.3641305764519 36.2907698154452 36.2174090544385 36.1440482934318 35.9433331012728 35.700166432063 35.4569997628532 35.2138330936434 34.9706664244336 34.7274997552237 34.4843330860139 34.2653466224671 34.1189007759095 33.9724549293519
22.7424641132355 23.0834096961551 23.4243552790749 23.7653008619945 24.1062464449141 24.4471920278338 25.3158222993215 26.3603474669986 27.4048726346758 28.4493978023529 29.49392297003 30.5384481377073 31.5829733053843 32.4487345854443 32.7782042026522 33.10767381986 33.4371434370678 33.7666130542757 34.0960826714835 34.4255522886913 34.7550219058992 34.8662444432579 34.904717954 34.9431914647422 34.9816649754844 35.0201384862266 35.0586119969688 35.097085507711 35.1193408913085 35.0929418934718 35.0665428956352 35.0401438977985 35.0137448999619 34.9873459021252 34.9609469042886 34.9345479064519 34.82578552564 34.6895686838364 34.5533518420327 34.417135000229 34.2809181584254 34.1447013166217 34.008484474818 33.8921061939664 33.835243595971 33.7783809979757
22.0989350795746 22.3628974861569 22.6268598927393 22.8908222993215 23.1547847059038 23.4187471124862 24.217659107844 25.1948876327938 26.1721161577437 27.1493446826935 28.1265732076432 29.1038017325932 30.0810302575429 30.8980484167736 31.2344354788464 31.5708225409191 31.9072096029918 32.2435966650646 32.5799837271374 32.9163707892101 33.2527578512829 33.3607659022015 33.3926476160687 33.4245293299359 33.4564110438031 33.4882927576703 33.5201744715374 33.5520561854046 33.5811081621384 33.6016709274718 33.6222336928051 33.6427964581385 33.6633592234719 33.6839219888053 33.7044847541387 33.725047519472 33.7082379500073 33.6789709356097 33.6497039212122 33.6204369068147 33.5911698924171 33.5619028780196 33.5326358636221 33.5188657654657 33.5515864160326 33.5843070665995
21.4554060459138 21.6423852761587 21.8293645064037 22.0163437366487 22.2033229668936 22.3903021971386 23.1194959163666 24.0294277985891 24.9393596808117 25.8492915630341 26.7592234452566 27.6691553274792 28.5790872097016 29.347362248103 29.6906667550407 30.0339712619784 30.377275768916 30.7205802758537 31.0638847827913 31.407189289729 31.7504937966667 31.8552873611453 31.8805772781375 31.9058671951297 31.9311571121218 31.956447029114 31.9817369461062 32.0070268630984 32.0428754329684 32.1103999614718 32.1779244899752 32.2454490184786 32.312973546982 32.3804980754854 32.4480226039888 32.5155471324923 32.5906903743746 32.6683731873832 32.7460560003918 32.8237388134004 32.901421626409 32.9791044394176 33.0567872524262 33.145625336965 33.2679292360942 33.3902331352234
20.8118770122529 20.9218730661605 21.0318691200681 21.1418651739757 21.2518612278833 21.361857281791 22.0213327248891 22.8639679643843 23.7066032038795 24.5492384433747 25.3918736828698 26.2345089223651 27.0771441618602 27.7966760794323 28.1468980312349 28.4971199830375 28.84734193484 29.1975638866426 29.5477858384452 29.8980077902477 30.2482297420503 30.3498088200889 30.3685069402061 30.3872050603233 30.4059031804405 30.4246013005577 30.4432994206749 30.461997540792 30.5046427037983 30.6191289954717 30.7336152871452 30.8481015788186 30.962587870492 31.0770741621655 31.1915604538389 31.3060467455124 31.4731427987418 31.6577754391565 31.8424080795713 32.027040719986 32.2116733604008 32.3963060008156 32.5809386412303 32.7723849084642 32.9842720561558 33.1961592038472
20.2658998330435 20.3235262817807 20.381152730518 20.4387791792552 20.4964056279925 20.5540320767297 21.1611229578653 21.9513686498005 22.7416143417358 23.531860033671 24.3221057256062 25.1123514175415 25.9025971094767 26.5848349147373 26.9430490599739 27.3012632052104 27.6594773504469 28.0176914956835 28.37590564092 28.7341197861566 29.0923339313931 29.1848627090455 29.1888296975031 29.1927966859607 29.1967636744182 29.2007306628758 29.2046976513334 29.208664639791 29.2363856262632 29.3353686067794 29.4343515872956 29.5333345678119 29.6323175483281 29.7313005288443 29.8302835093606 29.9292664898768 30.1255215644838 30.3542006704544 30.582879776425 30.8115588823956 31.0402379883662 31.2689170943368 31.4975962003074 31.745490524504 32.0510305033791 32.3565704822541
19.8174745082856 19.8473449230195 19.8772153377534 19.9070857524873 19.9369561672212 19.966826581955 20.5388666152954 21.291629854838 22.0443930943807 22.7971563339233 23.5499195734659 24.3026828130087 25.0554460525513 25.7118387540182 26.0791198412578 26.4464009284974 26.813682015737 27.1809631029766 27.5482441902161 27.9155252774557 28.2828063646953 28.3604490280153 28.3415455500286 28.322642072042 28.3037385940553 28.2848351160687 28.265931638082 28.2470281600954 28.2381042003633 28.2591187953951 28.2801333904268 28.3011479854586 28.3221625804903 28.3431771755221 28.3641917705538 28.3852063655856 28.5478266716006 28.7576488812767 28.9674710909528 29.1772933006289 29.387115510305 29.5969377199811 29.8067599296572 30.0649421850842 30.4682045777641 30.8714669704439
19.3690491835277 19.3711635642582 19.3732779449887 19.3753923257193 19.3775067064498 19.3796210871803 19.9166102727254 20.6318910598754 21.3471718470256 22.0624526341756 22.7777334213256 23.4930142084758 24.2082949956258 24.8388425932991 25.2151906225417 25.5915386517843 25.9678866810269 26.3442347102696 26.7205827395122 27.0969307687548 27.4732787979974 27.536035346985 27.4942614025541 27.4524874581232 27.4107135136924 27.3689395692615 27.3271656248306 27.2853916803997 27.2398227744634 27.1828689840106 27.1259151935579 27.0689614031052 27.0120076126524 26.9550538221997 26.898100031747 26.8411462412942 26.9701317787172 27.1610970920988 27.3520624054805 27.5430277188621 27.7339930322437 27.9249583456253 28.115923659007 28.3843938456643 28.8853786521489 29.3863634586336
18.9206238587698 18.894982205497 18.8693405522241 18.8436988989513 18.8180572456784 18.7924155924056 19.2943539301554 19.9721522649128 20.6499505996704 21.3277489344279 22.0055472691853 22.6833456039429 23.3611439387003 23.9658464325799 24.3512614038256 24.7366763750712 25.1220913463169 25.5075063175626 25.8929212888082 26.2783362600539 26.6637512312996 26.7116216659547 26.6469772550796 26.5823328442045 26.5176884333294 26.4530440224543 26.3883996115792 26.3237552007041 26.2415413485634 26.1066191726262 25.971696996689 25.8367748207518 25.7018526448146 25.5669304688773 25.4320082929401 25.2970861170029 25.3924368858339 25.564545302921 25.7366537200082 25.9087621370953 26.0808705541824 26.2529789712696 26.4250873883567 26.7038455062443 27.3025527265338 27.9012599468232
18.4721985340119 18.4188008467357 18.3654031594595 18.3120054721833 18.2586077849071 18.2052100976309 18.6720975875854 19.3124134699503 19.9527293523153 20.5930452346802 21.2333611170451 21.8736769994101 22.5139928817749 23.0928502718608 23.4873321851096 23.8818140983582 24.2762960116069 24.6707779248556 25.0652598381043 25.459741751353 25.8542236646017 25.8872079849245 25.7996931076051 25.7121782302858 25.6246633529665 25.5371484756472 25.4496335983278 25.3621187210085 25.2432599226636 25.0303693612419 24.8174787998202 24.6045882383985 24.3916976769768 24.1788071155551 23.9659165541334 23.7530259927117 23.8147419929507 23.9679935137433 24.121245034536 24.2744965553286 24.4277480761213 24.5809995969139 24.7342511177066 25.0232971668245 25.7197268009188 26.416156435013
18.023773209254 17.9426194879745 17.8614657666949 17.7803120454153 17.6991583241358 17.6180046028562 18.0498412450154 18.6526746749878 19.2555081049602 19.8583415349325 20.4611749649048 21.0640083948772 21.6668418248495 22.2198541111417 22.6234029663934 23.0269518216452 23.4305006768969 23.8340495321486 24.2375983874004 24.6411472426521 25.0446960979038 25.0627943038942 24.9524089601306 24.8420236163671 24.7316382726035 24.6212529288399 24.5108675850764 24.4004822413128 24.2449784967637 23.9541195498574 23.6632606029513 23.3724016560451 23.0815427091389 22.7906837622327 22.4998248153265 22.2089658684203 22.2370471000673 22.3714417245655 22.5058363490637 22.6402309735618 22.77462559806 22.9090202225581 23.0434148470563 23.3427488274045 24.1369008753036 24.9310529232026
17.7533012866974 17.6610119554732 17.568722624249 17.4764332930247 17.3841439618005 17.2918546305763 17.690115960439 18.2518941773308 18.8136723942226 19.3754506111144 19.9372288280062 20.4990070448981 21.0607852617899 21.5857574992709 22.0003117985196 22.4148660977681 22.8294203970167 23.2439746962653 23.6585289955139 24.0730832947624 24.4876375940111 24.5145682493846 24.4122910234664 24.3100137975481 24.2077365716299 24.1054593457116 24.0031821197934 23.9009048938751 23.7385143385994 23.3957837952508 23.0530532519023 22.7103227085538 22.3675921652053 22.0248616218568 21.6821310785083 21.3394005351597 21.3186385790507 21.405199485355 21.4917603916592 21.5783212979635 21.6648822042678 21.751443110572 21.8380040168763 22.1017763190798 22.897182808982 23.6925892988841
17.6607827663422 17.573978249232 17.4871737321218 17.4003692150116 17.3135646979014 17.2267601807912 17.5929217338561 18.1100719769795 18.6272222201029 19.1443724632263 19.6615227063496 20.1786729494731 20.6958231925964 21.1905604362487 21.618058681488 22.0455569267273 22.4730551719665 22.9005534172058 23.3280516624451 23.7555499076843 24.1830481529236 24.2425298213959 24.1793392976126 24.1161487738292 24.0529582500458 23.9897677262624 23.9265772024791 23.8633866786957 23.7238674481711 23.3553620974223 22.9868567466737 22.618351395925 22.2498460451762 21.8813406944276 21.5128353436789 21.1443299929302 21.0595164299012 21.0692667961121 21.0790171623231 21.088767528534 21.098517894745 21.1082682609559 21.1180186271669 21.3003796418508 22.0005726019542 22.7007655620575
