data/working_set_collections/6091692-Cassins_Sparrow-MC/2015/bio13.asc
NCOLS 265 
NROWS 230 
XLLCORNER -115.5625 
YLLCORNER 24.8333333333333 
CELLSIZE 0.0833333333333333 
NODATA_value -9999 
[rows 40 to 59 of 230, columns 184 to 229 of 265]
117.388596725464 117.638873418172 117.889150110881 118.251202774048 118.650514094035 119.049825414022 119.449136734009 119.848448053996 120.247759373983 120.64707069397 121.215663401286 122.292100270589 123.368537139892 124.444974009196 125.521410878499 126.597847747802 127.674284617106 128.750721486409 130.284205055236 131.970037523905 133.655869992573 135.341702461242 137.027534929911 138.713367398579 140.399199867248 141.660868962606 141.650047938029 141.639226913452 141.628405888875 141.617584864298 141.606763839721 141.595942815145 141.585121790568 142.722106933593 144.241694132486 145.761281331379 147.280868530273 148.800455729166 150.320042928059 151.839630126952 153.094639078776 153.555913289387 154.0171875 154.478461710611 154.939735921223 155.401010131836
116.573708470662 116.964641359117 117.355574247572 117.836412175496 118.34721844991 118.858024724324 119.368830998739 119.879637273153 120.390443547567 120.901249821981 121.566324954562 122.694206661648 123.822088368733 124.949970075819 126.077851782904 127.20573348999 128.333615197075 129.461496904161 131.087930615743 132.880548328823 134.673166041903 136.465783754984 138.258401468064 140.051019181145 141.843636894226 143.20247010125 143.259949790107 143.317429478963 143.374909167819 143.432388856676 143.489868545532 143.547348234388 143.604827923245 144.798185221354 146.370168389214 147.942151557074 149.514134724934 151.086117892794 152.658101060655 154.230084228515 155.507622612847 155.901826646592 156.296030680338 156.690234714084 157.084438747829 157.478642781575
116.421605300903 116.924662484063 117.427719667223 118.000940322876 118.597548802693 119.194157282511 119.790765762329 120.387374242147 120.983982721964 121.580591201782 122.325255097283 123.514085239834 124.702915382385 125.891745524936 127.080575667487 128.269405810038 129.458235952589 130.64706609514 132.359586207071 134.24666964213 136.133753077188 138.020836512247 139.907919947306 141.795003382364 143.682086817423 145.14128803677 145.316842608981 145.492397181193 145.667951753404 145.843506325615 146.019060897827 146.194615470038 146.370170042249 147.530716578165 149.019593768649 150.508470959133 151.997348149617 153.486225340101 154.975102530585 156.463979721069 157.658285013834 157.968874613444 158.279464213053 158.590053812663 158.900643412272 159.211233011881
116.932287216186 117.518936793009 118.105586369832 118.744787216186 119.401505152384 120.058223088582 120.71494102478 121.371658960978 122.028376897176 122.685094833374 123.492453829447 124.751736005147 126.011018180847 127.270300356547 128.529582532246 129.788864707946 131.048146883646 132.307429059346 134.099171829223 136.068401463826 138.037631098428 140.006860733032 141.976090367634 143.945320002237 145.91454963684 147.477322769165 147.820726394653 148.164130020141 148.507533645629 148.850937271118 149.194340896606 149.537744522094 149.881148147582 150.919701004028 152.189970270792 153.460239537556 154.730508804321 156.000778071085 157.271047337849 158.541316604614 159.546626281738 159.757057189941 159.967488098144 160.177919006347 160.38834991455 160.598780822754
117.44296913147 118.113211101956 118.783453072442 119.488634109497 120.205461502075 120.922288894653 121.639116287231 122.355943679809 123.072771072387 123.789598464966 124.659652561611 125.98938677046 127.319120979309 128.648855188157 129.978589397006 131.308323605855 132.638057814704 133.967792023552 135.838757451375 137.890133285522 139.941509119669 141.992884953816 144.044260787963 146.09563662211 148.147012456257 149.813357501559 150.324610180324 150.83586285909 151.347115537855 151.85836821662 152.369620895385 152.88087357415 153.392126252915 154.30868542989 155.360346772935 156.41200811598 157.463669459025 158.515330802069 159.566992145114 160.618653488159 161.434967549642 161.545239766438 161.655511983235 161.765784200032 161.876056416829 161.986328633626
117.953651046753 118.707485410902 119.461319775051 120.232481002807 121.009417851766 121.786354700724 122.563291549682 123.340228398641 124.117165247599 124.894102096557 125.826851293775 127.227037535773 128.627223777771 130.027410019768 131.427596261766 132.827782503763 134.227968745761 135.628154987758 137.578343073526 139.711865107218 141.845387140909 143.978909174601 146.112431208292 148.245953241983 150.379475275675 152.149392233954 152.828493965996 153.507595698038 154.18669743008 154.865799162122 155.544900894165 156.224002626207 156.903104358249 157.697669855753 158.530723275078 159.363776694403 160.196830113728 161.029883533053 161.862936952379 162.695990371704 163.323308817545 163.333422342936 163.343535868327 163.353649393717 163.363762919108 163.373876444499
118.464332962036 119.301759719848 120.139186477661 120.976327896118 121.813374201456 122.650420506795 123.487466812133 124.324513117472 125.16155942281 125.998605728149 126.994050025939 128.464688301086 129.935326576232 131.405964851379 132.876603126525 134.347241401672 135.817879676818 137.288517951965 139.317928695678 141.533596928914 143.749265162149 145.964933395385 148.180601628621 150.396269861856 152.611938095092 154.485426966349 155.332377751668 156.179328536987 157.026279322306 157.873230107625 158.720180892944 159.567131678263 160.414082463582 161.086654281616 161.701099777221 162.315545272826 162.929990768432 163.544436264038 164.158881759643 164.773327255249 165.211650085449 165.121604919433 165.031559753418 164.941514587402 164.851469421386 164.761424255371
118.975014877319 119.896034028795 120.81705318027 121.720174789428 122.617330551147 123.514486312866 124.411642074585 125.308797836303 126.205953598022 127.103109359741 128.161248758104 129.702339066399 131.243429374694 132.78451968299 134.325609991285 135.86670029958 137.407790607876 138.948880916171 141.05751431783 143.35532875061 145.653143183389 147.95095761617 150.248772048949 152.546586481729 154.844400914509 156.821461698743 157.836261537339 158.851061375935 159.865861214531 160.880661053127 161.895460891723 162.910260730319 163.925060568915 164.475638707478 164.871476279364 165.26731385125 165.663151423136 166.058988995022 166.454826566908 166.850664138794 167.099991353353 166.909787495931 166.719583638509 166.529379781087 166.339175923665 166.148972066243
119.837860425313 120.831864992777 121.825869560241 122.776505470276 123.712685161166 124.648864852057 125.585044542948 126.521224233839 127.45740392473 128.393583615621 129.494122611151 131.087739520602 132.681356430053 134.274973339504 135.868590248955 137.462207158406 139.055824067857 140.649440977308 142.814954249064 145.171099641587 147.527245034111 149.883390426635 152.239535819159 154.595681211683 156.951826604207 158.982416746351 160.036341137356 161.090265528361 162.144189919365 163.19811431037 164.252038701375 165.30596309238 166.359887483384 166.852600351969 167.15824271308 167.463885074191 167.769527435303 168.075169796414 168.380812157525 168.686454518636 168.867820188734 168.676355785794 168.484891382853 168.293426979912 168.101962576972 167.910498174031
121.052869606018 122.109252611796 123.165635617574 124.145319938659 125.099438031514 126.053556124369 127.007674217224 127.961792310078 128.915910402933 129.870028495788 130.992671585082 132.620889663696 134.249107742309 135.877325820922 137.505543899535 139.133761978149 140.761980056762 142.390198135375 144.590248489379 146.980909601846 149.371570714314 151.762231826781 154.152892939249 156.543554051716 158.934215164184 160.968292109171 161.932616551717 162.896940994262 163.861265436808 164.825589879353 165.789914321899 166.754238764444 167.71856320699 168.217539215088 168.561399078369 168.90525894165 169.249118804931 169.592978668213 169.936838531494 170.280698394775 170.515136591593 170.421309789022 170.32748298645 170.233656183878 170.139829381307 170.046002578735
122.267878786722 123.386640230814 124.505401674906 125.514134407043 126.486190901862 127.458247396681 128.430303891499 129.402360386318 130.374416881137 131.346473375956 132.491220559014 134.154039806789 135.816859054565 137.47967830234 139.142497550116 140.805316797892 142.468136045667 144.130955293443 146.365542729695 148.790719562106 151.215896394517 153.641073226928 156.066250059339 158.49142689175 160.916603724161 162.954167471991 163.828891966078 164.703616460164 165.57834095425 166.453065448337 167.327789942423 168.202514436509 169.077238930596 169.582478078206 169.964555443657 170.346632809109 170.72871017456 171.110787540012 171.492864905463 171.874942270914 172.162452994452 172.16626379225 172.170074590047 172.173885387844 172.177696185642 172.181506983439
123.482887967427 124.664027849833 125.845167732238 126.882948875427 127.87294377221 128.862938668992 129.852933565775 130.842928462558 131.832923359341 132.822918256124 133.989769532945 135.687189949883 137.384610366821 139.082030783759 140.779451200696 142.476871617635 144.174292034572 145.87171245151 148.140836970011 150.600529522365 153.06022207472 155.519914627075 157.979607179429 160.439299731783 162.898992284138 164.940042834811 165.725167380438 166.510291926066 167.295416471693 168.08054101732 168.865665562947 169.650790108574 170.435914654202 170.947416941325 171.367711808946 171.788006676568 172.208301544189 172.628596411811 173.048891279432 173.469186147054 173.809769397312 173.911217795478 174.012666193644 174.11411459181 174.215562989976 174.317011388143
124.697897148132 125.941415468851 127.184933789571 128.251763343811 129.259696642557 130.267629941304 131.275563240051 132.283496538798 133.291429837544 134.299363136291 135.488318506876 137.220340092976 138.952361679077 140.684383265177 142.416404851277 144.148426437377 145.880448023477 147.612469609578 149.916131210326 152.410339482624 154.904547754922 157.398756027221 159.892964299519 162.387172571817 164.881380844115 166.925918197631 167.621442794799 168.316967391967 169.012491989135 169.708016586303 170.403541183471 171.099065780639 171.794590377807 172.312355804443 172.770868174235 173.229380544026 173.687892913818 174.14640528361 174.604917653401 175.063430023193 175.457085800171 175.656171798706 175.855257797241 176.054343795776 176.253429794311 176.452515792846
125.912906328837 127.21880308787 128.524699846903 129.620577812194 130.646449512905 131.672321213616 132.698192914327 133.724064615037 134.749936315748 135.775808016459 136.986867480807 138.75349023607 140.520112991332 142.286735746595 144.053358501857 145.81998125712 147.586604012383 149.353226767645 151.691425450642 154.220149442884 156.748873435125 159.277597427367 161.806321419609 164.335045411851 166.863769404093 168.911793560452 169.51771820916 170.123642857869 170.729567506578 171.335492155287 171.941416803995 172.547341452704 173.153266101413 173.677294667562 174.174024539523 174.670754411485 175.167484283447 175.664214155409 176.160944027371 176.657673899332 177.10440220303 177.401125801934 177.697849400838 177.994572999742 178.291296598646 178.58802019755
126.97047030131 128.358772065904 129.747073830498 130.886989720662 131.944110319349 133.001230918036 134.058351516723 135.11547211541 136.172592714097 137.229713312784 138.474818166096 140.283875783284 142.092933400472 143.901991017659 145.711048634846 147.520106252034 149.329163869221 151.138221486409 153.454581324259 155.940041902329 158.4255024804 160.910963058471 163.396423636542 165.881884214612 168.367344792683 170.357308197021 170.860780080159 171.364251963297 171.867723846435 172.371195729573 172.874667612711 173.378139495849 173.881611378987 174.425553512573 174.982985729641 175.540417946709 176.097850163778 176.655282380846 177.212714597914 177.770146814982 178.291162575616 178.702928966946 179.114695358276 179.526461749606 179.938228140937 180.349994532267
127.870589065551 129.361322402954 130.852055740356 132.050999069214 133.152679061889 134.254359054565 135.356039047241 136.457719039917 137.559399032592 138.661079025268 139.952170562743 141.811496734618 143.670822906494 145.530149078368 147.389475250243 149.248801422119 151.108127593993 152.967453765868 155.205598831176 157.570016860961 159.934434890746 162.298852920532 164.663270950317 167.027688980102 169.392107009887 171.26246210734 171.650628407796 172.038794708252 172.426961008708 172.815127309163 173.203293609619 173.591459910075 173.97962621053 174.557132339477 175.197751744588 175.838371149699 176.478990554809 177.11960995992 177.760229365031 178.400848770141 179.017366917928 179.561581293742 180.105795669555 180.650010045369 181.194224421183 181.738438796997
128.770707829793 130.363872740003 131.957037650214 133.215008417765 134.361247804429 135.507487191094 136.653726577758 137.799965964423 138.946205351087 140.092444737752 141.429522959391 143.339117685953 145.248712412516 147.158307139078 149.06790186564 150.977496592203 152.887091318766 154.796686045328 156.956616338093 159.199991819593 161.443367301092 163.686742782592 165.930118264092 168.173493745591 170.416869227091 172.167616017659 172.440476735433 172.713337453206 172.98619817098 173.259058888753 173.531919606527 173.8047803243 174.077641042073 174.688711166382 175.412517759535 176.136324352688 176.860130945841 177.583937538994 178.307744132148 179.031550725301 179.74357126024 180.420233620537 181.096895980835 181.773558341132 182.450220701429 183.126883061727
129.670826594034 131.366423077053 133.062019560072 134.379017766316 135.56981654697 136.760615327623 137.951414108276 139.142212888929 140.333011669582 141.523810450236 142.906875356038 144.866738637288 146.826601918538 148.786465199788 150.746328481038 152.706191762288 154.666055043538 156.625918324788 158.707633845011 160.829966778225 162.952299711439 165.074632644653 167.196965577867 169.319298511081 171.441631444295 173.072769927978 173.23032506307 173.387880198161 173.545435333252 173.702990468343 173.860545603434 174.018100738525 174.175655873616 174.820289993286 175.627283774482 176.434277555677 177.241271336873 178.048265118069 178.855258899265 179.66225268046 180.469775602552 181.278885947333 182.087996292114 182.897106636895 183.706216981676 184.515327326456
130.570945358276 132.368973414103 134.167001469929 135.543027114868 136.77838528951 138.013743464151 139.249101638794 140.484459813435 141.719817988077 142.955176162719 144.384227752685 146.394359588622 148.40449142456 150.414623260497 152.424755096435 154.434886932372 156.44501876831 158.455150604247 160.458651351928 162.459941736856 164.461232121785 166.462522506713 168.463812891642 170.46510327657 172.466393661499 173.977923838297 174.020173390706 174.062422943115 174.104672495524 174.146922047933 174.189171600342 174.231421152751 174.27367070516 174.95186882019 175.842049789428 176.732230758667 177.622411727905 178.512592697143 179.402773666381 180.29295463562 181.195979944865 182.137538274129 183.079096603393 184.020654932657 184.962213261922 185.903771591186
131.471064122517 133.371523751152 135.271983379787 136.707036463419 137.98695403205 139.26687160068 140.546789169311 141.826706737942 143.106624306572 144.386541875203 145.861580149332 147.921980539957 149.982380930582 152.042781321207 154.103181711832 156.163582102457 158.223982493082 160.284382883707 162.209668858845 164.089916695488 165.970164532131 167.850412368774 169.730660205417 171.610908042059 173.491155878702 174.883077748616 174.810021718343 174.73696568807 174.663909657796 174.590853627523 174.517797597249 174.444741566976 174.371685536703 175.083447647095 176.056815804375 177.030183961656 178.003552118937 178.976920276218 179.950288433498 180.923656590779 181.922184287177 182.996190600925 184.070196914672 185.14420322842 186.218209542168 187.292215855916
