data/working_set_collections/6091692-Cassins_Sparrow-MC/2015/bio12.asc
NCOLS 265 
NROWS 230 
XLLCORNER -115.5625 
YLLCORNER 24.8333333333333 
CELLSIZE 0.0833333333333333 
NODATA_value -9999 
[rows 120 to 139 of 230, columns 184 to 229 of 265]
677.579774475096 685.670255025226 693.760735575356 705.697372945147 718.916062588159 732.13475223117 745.353441874184 758.572131517195 771.790821160207 785.00951080322 798.972913445363 815.170455084902 831.367996724444 847.565538363983 863.763080003522 879.960621643064 896.158163282603 912.355704922142 930.050248209633 948.243792046437 966.437335883242 984.630879720049 1002.82442355685 1021.01796739366 1039.21151123047 1054.23733859592 1059.76001654731 1065.2826944987 1070.80537245009 1076.32805040147 1081.85072835286 1087.37340630425 1092.89608425564 1104.33572692871 1117.74769117567 1131.15965542263 1144.5716196696 1157.98358391656 1171.39554816352 1184.80751241048 1198.63070882161 1213.68760172526 1228.7444946289 1243.80138753255 1258.8582804362 1273.91517333984
677.257231140135 685.634320576984 694.011410013832 706.039994812009 719.285744730628 732.531494649248 745.777244567869 759.022994486488 772.268744405107 785.514494323728 799.404230244951 815.225924173986 831.047618103025 846.86931203206 862.691005961096 878.512699890134 894.33439381917 910.156087748205 927.605676269529 945.597896321611 963.590116373693 981.582336425779 999.574556477861 1017.56677652994 1035.55899658203 1050.29385986328 1055.25665283203 1060.21944580078 1065.18223876953 1070.14503173828 1075.10782470703 1080.07061767578 1085.03341064453 1096.22693176269 1109.497362264 1122.7677927653 1136.0382232666 1149.3086537679 1162.5790842692 1175.84951477051 1189.45350341797 1204.0581665039 1218.66282958984 1233.26749267578 1247.87215576172 1262.47681884766
676.934687805174 685.598386128741 694.262084452309 706.382616678871 719.655426873098 732.928237067325 746.201047261554 759.47385745578 772.746667650007 786.019477844236 799.835547044539 815.281393263071 830.727239481605 846.173085700138 861.61893191867 877.064778137205 892.510624355737 907.956470574269 925.161104329424 942.952000596785 960.742896864145 978.533793131508 996.324689398868 1014.11558566623 1031.90648193359 1046.35038113064 1050.75328911675 1055.15619710286 1059.55910508898 1063.96201307509 1068.3649210612 1072.76782904731 1077.17073703342 1088.11813659668 1101.24703335232 1114.37593010796 1127.50482686361 1140.63372361925 1153.76262037489 1166.89151713053 1180.27629801432 1194.42873128255 1208.58116455078 1222.73359781901 1236.88603108724 1251.03846435547
676.612144470213 685.562451680499 694.512758890785 706.725238545733 720.025109015568 733.324979485402 746.624849955239 759.924720425073 773.224590894907 786.524461364744 800.266863844126 815.336862352155 830.406860860186 845.476859368215 860.546857876244 875.616856384275 890.686854892304 905.756853400332 922.71653238932 940.306104871958 957.895677354596 975.485249837237 993.074822319875 1010.66439480251 1028.25396728515 1042.406902398 1046.24992540148 1050.09294840495 1053.93597140842 1057.77899441189 1061.62201741536 1065.46504041884 1069.30806342231 1080.00934143066 1092.99670444064 1105.98406745063 1118.97143046061 1131.95879347059 1144.94615648057 1157.93351949056 1171.09909261068 1184.7992960612 1198.49949951172 1212.19970296224 1225.89990641276 1239.60010986328
676.289601135252 685.526517232257 694.763433329262 707.067860412595 720.394791158037 733.721721903479 747.048652648924 760.375583394365 773.702514139807 787.029444885252 800.698180643714 815.392331441239 830.086482238767 844.780633036292 859.474783833818 874.168934631345 888.863085428871 903.557236226396 920.271960449216 937.660209147132 955.048457845048 972.436706542966 989.824955240882 1007.2132039388 1024.60145263672 1038.46342366536 1041.7465616862 1045.02969970703 1048.31283772786 1051.5959757487 1054.87911376953 1058.16225179037 1061.4453898112 1071.90054626465 1084.74637552897 1097.59220479329 1110.43803405762 1123.28386332194 1136.12969258626 1148.97552185059 1161.92188720703 1175.16986083984 1188.41783447266 1201.66580810547 1214.91378173828 1228.16175537109
675.967057800291 685.490582784015 695.014107767738 707.410482279457 720.764473300507 734.118464321557 747.472455342608 760.826446363658 774.180437384707 787.534428405759 801.129497443302 815.447800530324 829.766103617348 844.08440670437 858.402709791391 872.721012878416 887.039315965437 901.357619052459 917.827388509112 935.014313422305 952.201238335499 969.388163248695 986.575088161889 1003.76201307508 1020.94893798828 1034.51994493273 1037.24319797092 1039.96645100911 1042.68970404731 1045.4129570855 1048.1362101237 1050.85946316189 1053.58271620009 1063.79175109863 1076.49604661729 1089.20034213596 1101.90463765462 1114.60893317328 1127.31322869195 1140.01752421061 1152.74468180338 1165.54042561849 1178.33616943359 1191.1319132487 1203.9276570638 1216.72340087891
678.931433614093 688.870933532712 698.810433451331 711.20259094238 724.41230095757 737.62201097276 750.831720987953 764.041431003143 777.251141018333 790.460851033526 803.795029364688 817.502612643767 831.210195922849 844.917779201928 858.625362481007 872.332945760089 886.040529039168 899.748112318247 915.879640706377 932.819150797522 949.758660888667 966.698170979815 983.63768107096 1000.5771911621 1017.51670125325 1030.82465515137 1033.23794047038 1035.65122578939 1038.0645111084 1040.47779642741 1042.89108174642 1045.30436706543 1047.71765238444 1057.61117248535 1069.99810418023 1082.38503587511 1094.77196756999 1107.15889926486 1119.54583095974 1131.93276265462 1144.33167114258 1156.76651000976 1169.20134887695 1181.63618774414 1194.07102661133 1206.50586547851
685.182728576657 695.667569478349 706.152410380041 718.444186401364 731.338274129228 744.232361857092 757.126449584958 770.020537312822 782.914625040685 795.808712768552 808.694776407874 821.556767781571 834.418759155271 847.280750528968 860.142741902665 873.004733276365 885.866724650062 898.72871602376 914.428717041013 931.074721272783 947.720725504553 964.366729736326 981.012733968096 997.658738199866 1014.30474243164 1027.37755432129 1029.73078918457 1032.08402404785 1034.43725891113 1036.79049377441 1039.1437286377 1041.49696350098 1043.85019836426 1053.3588104248 1065.25254821777 1077.14628601074 1089.04002380371 1100.93376159668 1112.82749938965 1124.72123718262 1136.68285522461 1148.84811401367 1161.01337280273 1173.1786315918 1185.34389038086 1197.50914916992
691.434023539222 702.464205423987 713.494387308752 725.685781860348 738.264247300886 750.842712741423 763.421178181963 775.999643622501 788.578109063038 801.156574503578 813.59452345106 825.610922919375 837.627322387693 849.643721856008 861.660121324324 873.676520792641 885.692920260956 897.709319729272 912.977793375648 929.330291748043 945.682790120438 962.035288492836 978.387786865231 994.740285237626 1011.09278361002 1023.93045349121 1026.22363789876 1028.51682230632 1030.81000671387 1033.10319112142 1035.39637552897 1037.68955993652 1039.98274434408 1049.10644836426 1060.50699225532 1071.90753614637 1083.30808003743 1094.70862392849 1106.10916781955 1117.50971171061 1129.03403930664 1140.92971801758 1152.82539672851 1164.72107543945 1176.61675415039 1188.51243286133
697.685318501788 709.260841369625 720.836364237463 732.927377319333 745.190220472544 757.453063625755 769.715906778969 781.97874993218 794.241593085391 806.504436238604 818.494270494246 829.66507805718 840.835885620115 852.006693183048 863.177500745982 874.348308308917 885.519115871851 896.689923434784 911.526869710284 927.585862223304 943.644854736324 959.703847249346 975.762839762367 991.821832275386 1007.88082478841 1020.48335266113 1022.71648661296 1024.94962056478 1027.1827545166 1029.41588846842 1031.64902242025 1033.88215637207 1036.11529032389 1044.85408630371 1055.76143629286 1066.66878628201 1077.57613627116 1088.48348626031 1099.39083624946 1110.29818623861 1121.38522338867 1133.01132202148 1144.6374206543 1156.26351928711 1167.88961791992 1179.51571655273
703.936613464352 716.057477315263 728.178341166174 740.168972778317 752.116193644202 764.063414510087 776.010635375973 787.957856241858 799.905077107743 811.85229797363 823.394017537432 833.719233194984 844.044448852537 854.369664510088 864.69488016764 875.020095825193 885.345311482745 895.670527140297 910.07594604492 925.841432698564 941.606919352209 957.372406005857 973.137892659502 988.903379313147 1004.66886596679 1017.03625183105 1019.20933532715 1021.38241882324 1023.55550231934 1025.72858581543 1027.90166931152 1030.07475280762 1032.24783630371 1040.60172424316 1051.0158803304 1061.43003641764 1071.84419250488 1082.25834859212 1092.67250467936 1103.0866607666 1113.7364074707 1125.09292602539 1136.44944458008 1147.80596313476 1159.16248168945 1170.51900024414
710.187908426917 722.854113260901 735.520318094885 747.410568237302 759.04216681586 770.673765394419 782.305363972979 793.936962551537 805.568561130096 817.200159708656 828.293764580618 837.773388332788 847.253012084959 856.732635837129 866.212259589298 875.69188334147 885.171507093639 894.651130845809 908.625022379555 924.097003173825 939.568983968095 955.040964762367 970.512945556637 985.984926350907 1001.45690714518 1013.58915100098 1015.70218404134 1017.81521708171 1019.92825012207 1022.04128316243 1024.1543162028 1026.26734924316 1028.38038228353 1036.34936218262 1046.27032436795 1056.19128655327 1066.11224873861 1076.03321092394 1085.95417310926 1095.8751352946 1106.08759155273 1117.1745300293 1128.26146850586 1139.34840698242 1150.43534545898 1161.52228393555
716.480127461748 729.431466844343 742.382806226938 753.923870849607 764.994843885631 776.065816921654 787.13678995768 798.207762993704 809.278736029727 820.349709065753 830.87257486979 839.751118977862 848.629663085936 857.508207194008 866.386751302081 875.265295410155 884.143839518227 893.0223836263 906.905948893227 922.457854546438 938.009760199648 953.561665852862 969.113571506073 984.665477159284 1000.2173828125 1012.39249318441 1014.4372177124 1016.4819422404 1018.52666676839 1020.57139129639 1022.61611582438 1024.66084035238 1026.70556488037 1034.45093892415 1044.0965294732 1053.74212002224 1063.38771057129 1073.03330112033 1082.67889166938 1092.32448221842 1102.21900160047 1112.86030748155 1123.50161336263 1134.1429192437 1144.78422512478 1155.42553100586
722.813270568844 735.789538065588 748.765805562333 759.708880615232 769.974224853513 780.239569091793 790.504913330076 800.770257568357 811.035601806637 821.30094604492 831.130448404946 839.652425130206 848.174401855467 856.696378580727 865.218355305987 873.740332031249 882.262308756509 890.784285481769 904.918725585935 920.923986816403 936.929248046871 952.934509277341 968.939770507809 984.945031738277 1000.95029296875 1013.44627838135 1015.41443634033 1017.38259429932 1019.3507522583 1021.31891021728 1023.28706817627 1025.25522613525 1027.22338409424 1034.90645446777 1044.49449564616 1054.08253682454 1063.67057800293 1073.25861918131 1082.8466603597 1092.43470153808 1102.13063761393 1112.15025838216 1122.16987915039 1132.18949991862 1142.20912068685 1152.22874145508
729.146413675941 742.147609286834 755.148804897728 765.493890380857 774.953605821395 784.413321261932 793.873036702472 803.33275214301 812.792467583547 822.252183024087 831.388321940102 839.55373128255 847.719140624999 855.884549967446 864.049959309894 872.215368652343 880.38077799479 888.546187337238 902.931502278643 919.390119086368 935.848735894093 952.30735270182 968.765969509545 985.22458631727 1001.683203125 1014.50006357829 1016.39165496826 1018.28324635824 1020.17483774821 1022.06642913818 1023.95802052816 1025.84961191813 1027.7412033081 1035.36197001139 1044.89246181912 1054.42295362684 1063.95344543457 1073.48393724229 1083.01442905002 1092.54492085775 1102.04227362738 1111.44020928277 1120.83814493815 1130.23608059353 1139.63401624891 1149.0319519043
735.479556783037 748.50568050808 761.531804233123 771.278900146482 779.932986789277 788.587073432072 797.241160074868 805.895246717663 814.549333360457 823.203420003254 831.646195475259 839.455037434894 847.26387939453 855.072721354165 862.8815633138 870.690405273436 878.499247233071 886.308089192706 900.944278971352 917.856251356333 934.768223741315 951.680196126299 968.592168511281 985.504140896262 1002.41611328125 1015.55384877523 1017.36887359619 1019.18389841715 1020.99892323812 1022.81394805908 1024.62897288005 1026.44399770101 1028.25902252197 1035.81748555501 1045.29042799208 1054.76337042914 1064.23631286621 1073.70925530327 1083.18219774034 1092.65514017741 1101.95390964084 1110.73016018337 1119.50641072591 1128.28266126844 1137.05891181098 1145.83516235351
741.812699890133 754.863751729325 767.914803568517 777.063909912107 784.912367757159 792.760825602211 800.609283447264 808.457741292315 816.306199137367 824.15465698242 831.904069010415 839.356343587238 846.808618164061 854.260892740884 861.713167317706 869.16544189453 876.617716471353 884.069991048175 898.95705566406 916.322383626298 933.687711588537 951.053039550778 968.418367513017 985.783695475255 1003.1490234375 1016.60763397217 1018.34609222412 1020.08455047607 1021.82300872803 1023.56146697998 1025.29992523193 1027.03838348389 1028.77684173584 1036.27300109863 1045.68839416504 1055.10378723144 1064.51918029785 1073.93457336426 1083.34996643066 1092.76535949707 1101.86554565429 1110.02011108398 1118.17467651367 1126.32924194336 1134.48380737305 1142.63837280273
748.14584299723 761.221822950571 774.297802903912 782.848919677732 789.891748725041 796.93457777235 803.97740681966 811.020235866969 818.063064914277 825.105893961587 832.161942545571 839.257649739581 846.353356933593 853.449064127603 860.544771321613 867.640478515624 874.736185709634 881.831892903644 896.969832356768 914.788515896264 932.607199435759 950.425882975258 968.244566514753 986.063250054248 1003.88193359375 1017.66141916911 1019.32331085205 1020.98520253499 1022.64709421794 1024.30898590088 1025.97087758382 1027.63276926676 1029.29466094971 1036.72851664225 1046.086360338 1055.44420403374 1064.80204772949 1074.15989142524 1083.51773512098 1092.87557881673 1101.77718166775 1109.31006198459 1116.84294230143 1124.37582261827 1131.90870293511 1139.44158325195
751.711925252276 764.498407999671 777.284890747067 785.139802042642 791.350856187607 797.561910332572 803.772964477538 809.984018622504 816.195072767468 822.406126912435 828.826359049478 835.874125162759 842.921891276041 849.969657389322 857.017423502603 864.065189615885 871.112955729166 878.160721842446 893.619301859535 911.881486511227 930.143671162918 948.405855814613 966.668040466305 984.930225117996 1003.19240976969 1017.20457255046 1018.46666971842 1019.72876688639 1020.99086405436 1022.25296122233 1023.5150583903 1024.77715555827 1026.03925272624 1033.66303304036 1043.40737440321 1053.15171576606 1062.89605712891 1072.64039849175 1082.3847398546 1092.12908121745 1101.23382737901 1108.41978793674 1115.60574849446 1122.79170905219 1129.97766960992 1137.16363016764
752.510946655271 764.693506876625 776.876067097978 783.936557006835 789.289690144856 794.642823282877 799.995956420898 805.349089558919 810.702222696939 816.055355834961 821.897318522135 829.20576985677 836.514221191406 843.822672526041 851.131123860676 858.439575195312 865.748026529947 873.056477864582 888.905464172361 907.601295471188 926.297126770015 944.992958068845 963.688789367672 982.384620666499 1001.08045196533 1015.23709411621 1015.77616882324 1016.31524353027 1016.85431823731 1017.39339294434 1017.93246765137 1018.4715423584 1019.01061706543 1027.07655029297 1037.65143636068 1048.22632242838 1058.80120849609 1069.3760945638 1079.95098063151 1090.52586669922 1100.23548278808 1107.34928894043 1114.46309509277 1121.57690124512 1128.69070739746 1135.8045135498
