data/working_set_collections/6091692-Cassins_Sparrow-MC/2015/bio19.asc
NCOLS 265 
NROWS 230 
XLLCORNER -115.5625 
YLLCORNER 24.8333333333333 
CELLSIZE 0.0833333333333333 
NODATA_value -9999 
[rows 0 to 19 of 230, columns 138 to 183 of 265]
56.8287337303168 55.3931775728866 53.9576214154566 52.5220652580267 51.1609970092777 49.8247580634227 48.4885191175677 47.1522801717125 45.8160412258575 44.4798022800025 43.1435633341473 42.2929079797531 42.8990033997428 43.5050988197325 44.1111942397222 44.7172896597119 45.3233850797016 45.9294804996913 46.535575919681 46.3249113082886 45.841993353102 45.3590753979154 44.8761574427287 44.3932394875421 43.9103215323555 43.4274035771688 43.2060169643824 43.7692243787975 44.3324317932127 44.8956392076278 45.4588466220429 46.0220540364581 46.5852614508733 47.1484688652884 47.3774517059325 47.4950263553195 47.6126010047064 47.7301756540933 47.8477503034803 47.9653249528672 48.0828996022542 48.0997676001655 47.8145156436497 47.5292636871338 47.244011730618 46.9587597741022
55.0153114000961 53.7985253334049 52.5817392667139 51.3649532000228 50.2257827758792 49.112484232585 47.9991856892907 46.8858871459963 45.7725886027021 44.6592900594079 43.5459915161134 42.8409828503925 43.3608438173928 43.8807047843932 44.4005657513935 44.9204267183938 45.4402876853942 45.9601486523945 46.4800096193948 46.3516641616822 46.0072498957317 45.6628356297812 45.3184213638306 44.9740070978801 44.6295928319296 44.285178565979 44.1582852681476 44.6839548746743 45.209624481201 45.7352940877277 46.2609636942543 46.7866333007811 47.3123029073078 47.8379725138344 48.0275379180907 48.1050685882568 48.1825992584228 48.2601299285888 48.3376605987548 48.4151912689208 48.4927219390869 48.469658279419 48.1448116302491 47.8199649810791 47.4951183319092 47.1702716827393
53.2018890698756 52.2038730939233 51.2058571179712 50.2078411420191 49.2905685424807 48.4002104017473 47.5098522610138 46.6194941202801 45.7291359795466 44.8387778388132 43.9484196980795 43.3890577210319 43.8226842350428 44.2563107490538 44.6899372630648 45.1235637770757 45.5571902910867 45.9908168050977 46.4244433191086 46.3784170150757 46.1725064383613 45.9665958616469 45.7606852849324 45.554774708218 45.3488641315036 45.1429535547891 45.1105535719127 45.5986853705509 46.0868171691892 46.5749489678275 47.0630807664657 47.551212565104 48.0393443637422 48.5274761623804 48.6776241302489 48.715110821194 48.7525975121391 48.7900842030842 48.8275708940293 48.8650575849744 48.9025442759195 48.8395489586724 48.4751076168485 48.1106662750244 47.7462249332005 47.3817835913765
51.388466739655 50.6092208544416 49.8299749692284 49.0507290840152 48.3553543090822 47.6879365709095 47.0205188327368 46.3531010945639 45.6856833563912 45.0182656182185 44.3508478800456 43.9371325916713 44.2845246526929 44.6319167137145 44.9793087747361 45.3267008357577 45.6740928967793 46.0214849578009 46.3688770188225 46.4051698684693 46.3377629809909 46.2703560935126 46.2029492060343 46.135542318556 46.0681354310777 46.0007285435994 46.062821875678 46.5134158664277 46.9640098571776 47.4146038479273 47.8651978386771 48.3157918294269 48.7663858201767 49.2169798109264 49.3277103424072 49.3251530541313 49.3225957658555 49.3200384775797 49.3174811893039 49.314923901028 49.3123666127522 49.2094396379259 48.8054036034479 48.4013675689698 47.9973315344917 47.5932955000137
49.5750444094343 49.0145686149599 48.4540928204857 47.8936170260114 47.4201400756837 46.9756627400718 46.5311854044598 46.0867080688477 45.6422307332358 45.1977533976238 44.7532760620118 44.4852074623107 44.7463650703429 45.0075226783752 45.2686802864074 45.5298378944396 45.7909955024719 46.0521531105041 46.3133107185363 46.4319227218628 46.5030195236206 46.5741163253784 46.6452131271362 46.716309928894 46.7874067306518 46.8585035324096 47.0150901794432 47.4281463623045 47.8412025451659 48.2542587280272 48.6673149108885 49.0803710937499 49.4934272766112 49.9064834594725 49.9777965545654 49.9351952870686 49.8925940195719 49.8499927520752 49.8073914845784 49.7647902170817 49.7221889495849 49.5793303171794 49.1356995900473 48.6920688629151 48.248438135783 47.8048074086508
47.7616220792138 47.4199163754784 47.078210671743 46.7365049680077 46.4849258422853 46.2633889092341 46.0418519761828 45.8203150431316 45.5987781100804 45.3772411770291 45.1557042439778 45.03328233295 45.2082054879929 45.3831286430358 45.5580517980787 45.7329749531215 45.9078981081644 46.0828212632073 46.2577444182501 46.4586755752563 46.6682760662502 46.8778765572441 47.087477048238 47.2970775392319 47.5066780302258 47.7162785212197 47.9673584832083 48.3428768581812 48.7183952331541 49.093913608127 49.4694319830998 49.8449503580727 50.2204687330456 50.5959871080185 50.6278827667236 50.5452375200059 50.4625922732882 50.3799470265706 50.2973017798529 50.2146565331353 50.1320112864176 49.9492209964329 49.4659955766467 48.9827701568604 48.4995447370742 48.016319317288
46.0159739070471 45.8462428092959 45.6765117115447 45.5067806137935 45.3657250722251 45.2342280493844 45.1027310265437 44.971234003703 44.8397369808623 44.7082399580216 44.5767429351809 44.5205830044218 44.6904343499079 44.860285695394 45.0301370408801 45.1999883863662 45.3698397318523 45.5396910773384 45.7095424228245 46.0038383165996 46.339615726471 46.6753931363424 47.0111705462138 47.3469479560852 47.6827253659566 48.018502775828 48.374988969167 48.7936015129088 49.2122140566507 49.6308266003925 50.0494391441344 50.4680516878763 50.8866642316181 51.3052767753599 51.3242804527282 51.2100811746385 51.0958818965487 50.981682618459 50.8674833403693 50.7532840622796 50.6390847841898 50.4282088809544 49.9273031022814 49.4263973236084 48.9254915449355 48.4245857662626
44.3380998929343 44.2935479164125 44.2489959398907 44.2044439633689 44.0625377655031 43.8881801605226 43.7138225555422 43.5394649505617 43.3651073455812 43.1907497406008 43.0163921356203 42.9471094767253 43.1930516560873 43.4389938354493 43.6849360148113 43.9308781941732 44.1768203735352 44.4227625528972 44.6687047322591 45.0674109458923 45.5170385042826 45.9666660626729 46.4162936210632 46.8659211794535 47.3155487378437 47.7651762962341 48.2379816373188 48.7803203264871 49.3226590156554 49.8649977048237 50.4073363939919 50.9496750831603 51.4920137723285 52.0343524614968 52.0669896125793 51.9297262509664 51.7924628893534 51.6551995277405 51.5179361661275 51.3806728045145 51.2434094429016 51.0162939707439 50.5196221669516 50.0229503631592 49.5262785593669 49.0296067555746
42.6602258788217 42.7408530235293 42.8214801682368 42.9021073129444 42.7593504587811 42.5421322716609 42.3249140845407 42.1076958974205 41.8904777103003 41.6732595231801 41.4560413360598 41.373635949029 41.6956689622668 42.0177019755047 42.3397349887425 42.6617680019803 42.9838010152182 43.305834028456 43.6278670416938 44.1309835751852 44.6944612820943 45.2579389890034 45.8214166959127 46.3848944028218 46.9483721097309 47.5118498166402 48.1009743054707 48.7670391400653 49.4331039746601 50.0991688092548 50.7652336438494 51.4312984784442 52.0973633130389 52.7634281476336 52.8096987724303 52.6493713272942 52.489043882158 52.3287164370218 52.1683889918856 52.0080615467495 51.8477341016133 51.6043790605333 51.1119412316217 50.61950340271 50.1270655737983 49.6346277448867
40.9823518647089 41.1881581306459 41.3939643965828 41.5997706625198 41.4561631520591 41.1960843827991 40.9360056135392 40.6759268442792 40.4158480750192 40.1557693057593 39.8956905364992 39.8001624213326 40.1982862684462 40.59641011556 40.9945339626737 41.3926578097874 41.7907816569011 42.1889055040148 42.5870293511285 43.1945562044779 43.8718840599059 44.549211915334 45.2265397707621 45.9038676261901 46.5811954816181 47.2585233370462 47.9639669736225 48.7537579536436 49.5435489336648 50.3333399136859 51.123130893707 51.9129218737282 52.7027128537493 53.4925038337704 53.5524079322814 53.369016403622 53.1856248749627 53.0022333463033 52.8188418176439 52.6354502889845 52.4520587603251 52.1924641503228 51.7042602962918 51.2160564422608 50.7278525882298 50.2396487341988
39.3044778505962 39.6354632377625 39.9664486249288 40.2974340120952 40.1529758453371 39.8500364939374 39.5470971425376 39.2441577911379 38.9412184397382 38.6382790883384 38.3353397369387 38.2266888936361 38.7009035746256 39.1751182556153 39.6493329366048 40.1235476175944 40.597762298584 41.0719769795736 41.5461916605631 42.2581288337707 43.0493068377176 43.8404848416645 44.6316628456115 45.4228408495584 46.2140188535053 47.0051968574523 47.8269596417743 48.7404767672218 49.6539938926695 50.567511018117 51.4810281435646 52.3945452690123 53.3080623944598 54.2215795199073 54.2951170921325 54.0886614799499 53.8822058677673 53.6757502555847 53.4692946434021 53.2628390312195 53.0563834190368 52.7805492401124 52.296579360962 51.8126094818115 51.3286396026612 50.8446697235108
37.6266038364835 38.0827683448793 38.538932853275 38.9950973616707 38.8497885386152 38.5039886050757 38.1581886715362 37.8123887379967 37.4665888044572 37.1207888709177 36.7749889373782 36.6532153659398 37.2035208808052 37.7538263956707 38.3041319105361 38.8544374254015 39.404742940267 39.9550484551324 40.5053539699978 41.3217014630635 42.2267296155293 43.131757767995 44.0367859204609 44.9418140729267 45.8468422253925 46.7518703778584 47.6899523099261 48.7271955808001 49.7644388516742 50.8016821225482 51.8389253934221 52.8761686642962 53.9134119351702 54.9506552060441 55.0378262519836 54.8083065562777 54.5787868605719 54.3492671648661 54.1197474691603 53.8902277734544 53.6607080777486 53.3686343299018 52.8888984256321 52.4091625213623 51.9294266170926 51.4496907128229
36.3288607120514 36.8127182483673 37.2965757846832 37.7804333209991 37.6218512376151 37.2491226143309 36.8763939910467 36.5036653677624 36.1309367444782 35.758208121194 35.3854794979097 35.2506370279524 35.8294530179765 36.4082690080007 36.9870849980248 37.565900988049 38.1447169780732 38.7235329680973 39.3023489581214 40.1506923039754 41.0888781017727 42.0270638995699 42.9652496973674 43.9034354951646 44.8416212929619 45.7798070907593 46.7762265523274 47.9473470052082 49.1184674580892 50.2895879109699 51.4607083638507 52.6318288167317 53.8029492696125 54.9740697224932 55.1201191902162 54.9244783295526 54.7288374688891 54.5331966082256 54.337555747562 54.1419148868985 53.946274026235 53.6868630621169 53.2361417876351 52.7854205131531 52.3346992386713 51.8839779641894
35.4112484773 35.8253129482269 36.2393774191538 36.6534418900807 36.4691639423372 36.0854385217033 35.7017131010693 35.3179876804354 34.9342622598014 34.5505368391675 34.1668114185335 34.0189538796742 34.5786999861399 35.1384460926056 35.6981921990712 36.2579383055369 36.8176844120026 37.3774305184682 37.9371766249338 38.7451013565063 39.6357522964477 40.526403236389 41.4170541763305 42.3077051162719 43.1983560562133 44.0890069961548 45.0857823689777 46.4009310404457 47.716079711914 49.031228383382 50.34637705485 51.6615257263182 52.9766743977862 54.2918230692542 54.5419959068299 54.4371767997742 54.3323576927186 54.2275385856629 54.1227194786072 54.0179003715515 53.9130812644959 53.7352354367575 53.3383094469707 52.9413834571839 52.5444574673971 52.1475314776104
34.4936362425487 34.8379076480866 35.1821790536245 35.5264504591625 35.3164766470594 34.9217544290757 34.5270322110921 34.1323099931084 33.7375877751247 33.3428655571411 32.9481433391573 32.7872707313962 33.3279469543033 33.8686231772106 34.4092994001177 34.9499756230249 35.4906518459321 36.0313280688392 36.5720042917464 37.3395104090373 38.1826264911228 39.0257425732083 39.8688586552939 40.7119747373793 41.5550908194648 42.3982069015504 43.3953381856282 44.8545150756834 46.3136919657389 47.7728688557941 49.2320457458494 50.6912226359048 52.1503995259601 53.6095764160153 53.9638726234437 53.9498752699959 53.935877916548 53.9218805631002 53.9078832096524 53.8938858562046 53.8798885027568 53.783607811398 53.4404771063064 53.0973464012146 52.754215696123 52.4110849910313
33.5760240077973 33.8505023479462 34.1249806880951 34.3994590282441 34.1637893517814 33.758070336448 33.3523513211147 32.9466323057813 32.5409132904479 32.1351942751145 31.7294752597811 31.555587583118 32.0771939224667 32.5988002618154 33.1204066011641 33.6420129405128 34.1636192798615 34.6852256192102 35.2068319585588 35.9339194615682 36.7295006857978 37.5250819100273 38.320663134257 39.1162443584866 39.9118255827162 40.7074068069459 41.7048940022785 43.308099110921 44.9113042195637 46.5145093282062 48.1177144368486 49.7209195454914 51.3241246541338 52.9273297627763 53.3857493400574 53.4625737402175 53.5393981403775 53.6162225405375 53.6930469406976 53.7698713408576 53.8466957410177 53.8319801860386 53.542644765642 53.2533093452454 52.9639739248488 52.6746385044522
32.6584117730459 32.8630970478058 33.0677823225658 33.2724675973257 33.0111020565035 32.5943862438204 32.1776704311373 31.7609546184542 31.3442388057711 30.927522993088 30.5108071804048 30.3239044348399 30.82644089063 31.3289773464203 31.8315138022105 32.3340502580007 32.8365867137909 33.3391231695811 33.8416596253713 34.5283285140991 35.2763748804728 36.0244212468464 36.7724676132202 37.5205139795939 38.2685603459675 39.0166067123413 40.0144498189288 41.7616831461585 43.5089164733885 45.2561498006182 47.0033831278479 48.7506164550779 50.4978497823076 52.2450831095373 52.8076260566712 52.975272210439 53.1429183642069 53.3105645179749 53.4782106717427 53.6458568255106 53.8135029792785 53.8803525606792 53.6448124249777 53.4092722892761 53.1737321535747 52.9381920178732
31.7407995382946 31.8756917476655 32.0105839570365 32.1454761664074 31.8584147612256 31.4307021511928 31.00298954116 30.5752769311272 30.1475643210944 29.7198517110616 29.2921391010287 29.0922212865618 29.5756878587935 30.0591544310253 30.542621003257 31.0260875754887 31.5095541477204 31.9930207199521 32.4764872921838 33.1227375666301 33.8232490751479 34.5237605836656 35.2242720921835 35.9247836007013 36.625295109219 37.3258066177369 38.3240056355792 40.2152671813962 42.1065287272134 43.9977902730304 45.8890518188473 47.7803133646645 49.6715749104815 51.5628364562984 52.229502773285 52.4879706806607 52.7464385880364 53.0049064954122 53.2633744027879 53.5218423101636 53.7803102175394 53.9287249353197 53.7469800843133 53.5652352333069 53.3834903823005 53.2017455312941
31.3945122824774 31.4658625920613 31.5372129016452 31.6085632112291 31.2999558130901 30.86469584571 30.4294358783299 29.9941759109498 29.5589159435697 29.1236559761896 28.6883960088095 28.482344007492 28.9639159043629 29.4454878012338 29.9270596981047 30.4086315949756 30.8902034918466 31.3717753887175 31.8533472855884 32.4226194540659 33.021125046412 33.6196306387582 34.2181362311045 34.8166418234507 35.4151474157968 36.0136530081431 36.9524908436666 38.9123254087232 40.8721599737801 42.8319945388367 44.7918291038933 46.7516636689502 48.7114982340068 50.6713327990634 51.4430663744609 51.8187662866381 52.1944661988152 52.5701661109924 52.9458660231696 53.3215659353467 53.697265847524 53.9477921803793 53.8227977752686 53.6978033701579 53.5728089650472 53.4478145599365
31.6195500055949 31.6336095809936 31.6476691563924 31.6617287317912 31.3357252120972 30.8963673273723 30.4570094426474 30.0176515579224 29.5782936731975 29.1389357884726 28.6995779037476 28.4942725976307 28.9911250273385 29.4879774570464 29.9848298867542 30.481682316462 30.97853474617 31.4753871758778 31.9722396055856 32.4279741764068 32.8700027942657 33.3120314121245 33.7540600299835 34.1960886478424 34.6381172657012 35.0801458835602 35.8999054431912 37.8528578281398 39.8058102130887 41.7587625980374 43.711714982986 45.6646673679349 47.6176197528836 49.5705721378322 50.448316860199 50.9676590283711 51.4870011965433 52.0063433647155 52.5256855328877 53.0450277010599 53.5643698692321 53.9375542958578 53.8722654978434 53.8069766998291 53.7416879018148 53.6763991038005
