data/working_set_collections/6091692-Cassins_Sparrow-MC/2015/bio12.asc
NCOLS 265 
NROWS 230 
XLLCORNER -115.5625 
YLLCORNER 24.8333333333333 
CELLSIZE 0.0833333333333333 
NODATA_value -9999 
[rows 40 to 59 of 230, columns 184 to 229 of 265]
660.571365356445 666.641718546549 672.712071736652 678.011734008789 683.054499308268 688.097264607746 693.140029907226 698.182795206705 703.225560506184 708.268325805664 713.627714538574 719.936973571776 726.24623260498 732.555491638183 738.864750671386 745.174009704589 751.483268737792 757.792527770995 764.468849182128 771.267524719237 778.066200256346 784.864875793456 791.663551330565 798.462226867674 805.260902404784 810.28684539795 809.994590759278 809.702336120606 809.410081481934 809.117826843262 808.82557220459 808.533317565918 808.241062927246 813.693695068358 821.061289469399 828.42888387044 835.796478271483 843.164072672524 850.531667073565 857.899261474608 864.860909016925 870.604715983071 876.348522949217 882.092329915363 887.836136881509 893.579943847655
657.620321655273 663.633041381835 669.645761108397 674.864759318034 679.819183688693 684.773608059352 689.728032430013 694.682456800672 699.636881171332 704.591305541992 709.883535597059 716.189182705348 722.494829813639 728.800476921928 735.106124030218 741.411771138508 747.717418246798 754.023065355088 760.880070495605 767.920861646863 774.961652798121 782.002443949381 789.043235100639 796.084026251897 803.124817403157 808.411111280654 808.43391333686 808.456715393067 808.479517449273 808.50231950548 808.525121561686 808.547923617893 808.570725674099 814.365061442056 822.083241780597 829.801422119138 837.519602457681 845.237782796222 852.955963134763 860.674143473306 867.801036241318 873.154066297741 878.507096354165 883.860126410589 889.213156467012 894.566186523436
655.003180440266 661.067877027722 667.132573615179 672.447504170735 677.512512715656 682.577521260578 687.6425298055 692.707538350422 697.772546895344 702.837555440266 708.266752454968 714.788514879013 721.310277303059 727.832039727103 734.353802151148 740.875564575194 747.397326999239 753.919089423283 761.026510620116 768.329151407876 775.631792195635 782.934432983397 790.237073771157 797.539714558917 804.842355346678 810.493215942382 811.188735961913 811.884255981444 812.579776000975 813.275296020506 813.970816040038 814.666336059569 815.3618560791 821.330977376299 829.057965766056 836.784954155812 844.51194254557 852.238930935327 859.965919325083 867.692907714841 874.725254143607 879.673674689396 884.622095235187 889.570515780977 894.518936326766 899.467356872557
652.719941711425 658.946225484211 665.172509256997 670.759968566894 676.134486389159 681.509004211424 686.883522033691 692.258039855956 697.632557678221 703.007075500487 708.777365112303 715.734970092771 722.692575073241 729.650180053709 736.607785034177 743.565390014647 750.522994995115 757.480599975583 764.908169555662 772.492394002276 780.07661844889 787.660842895506 795.24506734212 802.829291788734 810.413516235349 816.533159383137 818.259058634438 819.984957885741 821.710857137042 823.436756388344 825.162655639646 826.888554890948 828.61445414225 834.59144287109 841.985461425777 849.379479980464 856.773498535153 864.16751708984 871.561535644527 878.955554199216 885.633562723793 890.163541158037 894.693519592283 899.223498026527 903.753476460772 908.283454895017
650.436702982584 656.8245739407 663.212444898816 669.072432963053 674.756460062662 680.440487162271 686.124514261881 691.80854136149 697.492568461099 703.176595560709 709.287977769638 716.68142530653 724.074872843423 731.468320380315 738.861767917207 746.2552154541 753.648662990992 761.042110527884 768.789828491209 776.655636596677 784.521444702146 792.387252807615 800.253060913083 808.118869018552 815.984677124021 822.573102823892 825.329381306964 828.085659790037 830.84193827311 833.598216756183 836.354495239256 839.110773722328 841.867052205401 847.851908365882 854.9129570855 861.974005805118 869.035054524737 876.096103244354 883.157151963972 890.218200683591 896.54187130398 900.653407626679 904.764943949379 908.876480272079 912.988016594778 917.099552917479
648.153464253743 654.702922397188 661.252380540634 667.384897359211 673.378433736164 679.371970113117 685.365506490071 691.359042867023 697.352579243976 703.34611562093 709.798590426973 717.627880520288 725.457170613605 733.286460706921 741.115750800236 748.945040893553 756.774330986868 764.603621080184 772.671487426756 780.818879191078 788.966270955401 797.113662719725 805.261054484047 813.40844624837 821.555838012693 828.613046264647 832.39970397949 836.186361694334 839.973019409178 843.759677124021 847.546334838865 851.332992553709 855.119650268552 861.112373860674 867.840452745223 874.568531629771 881.29661051432 888.024689398869 894.752768283417 901.480847167966 907.450179884167 911.143274095321 914.836368306476 918.529462517631 922.222556728785 925.91565093994
645.870225524902 652.581270853677 659.292316182453 665.69736175537 672.000407409667 678.303453063963 684.606498718261 690.909544372557 697.212590026854 703.515635681151 710.309203084308 718.574335734047 726.839468383787 735.104601033526 743.369733683266 751.634866333006 759.899998982745 768.165131632484 776.553146362303 784.982121785479 793.411097208656 801.840072631834 810.26904805501 818.698023478187 827.126998901365 834.652989705402 839.470026652016 844.287063598631 849.104100545245 853.921137491859 858.738174438474 863.555211385088 868.372248331702 874.372839355466 880.767948404944 887.163057454423 893.558166503903 899.953275553382 906.348384602861 912.743493652341 918.358488464353 921.633140563962 924.907792663572 928.182444763181 931.45709686279 934.7317489624
643.58698679606 650.459619310166 657.332251824271 664.009826151529 670.622381083169 677.23493601481 683.847490946451 690.460045878091 697.072600809731 703.685155741373 710.819815741643 719.520790947805 728.22176615397 736.922741360132 745.623716566295 754.324691772459 763.025666978622 771.726642184784 780.43480529785 789.14536437988 797.855923461911 806.566482543943 815.277041625974 823.987600708005 832.698159790037 840.692933146157 846.540349324542 852.387765502928 858.235181681313 864.082597859697 869.930014038083 875.777430216468 881.624846394853 887.633304850258 893.695444064667 899.757583279076 905.819722493487 911.881861707896 917.944000922306 924.006140136716 929.26679704454 932.123007032604 934.979217020669 937.835427008733 940.691636996797 943.547846984861
643.070131937661 650.087740580239 657.105349222817 663.934329732258 670.700434197318 677.466538662379 684.23264312744 690.9987475925 697.764852057561 704.530956522622 711.808884175616 720.622281392413 729.435678609211 738.249075826007 747.062473042804 755.875870259601 764.689267476398 773.502664693194 782.343956502277 791.194546508787 800.045136515297 808.895726521808 817.746316528318 826.596906534828 835.44749654134 843.67266438802 850.021565755207 856.370467122395 862.719368489582 869.068269856769 875.417171223957 881.766072591144 888.114973958332 894.406616719563 900.679173278807 906.951729838052 913.224286397297 919.496842956541 925.769399515786 932.041956075031 937.435582817924 940.192420111761 942.949257405598 945.706094699435 948.462931993271 951.219769287108
644.319660949706 651.465634663898 658.61160837809 665.470872497557 672.234566752114 678.998261006671 685.761955261229 692.525649515786 699.289343770343 706.053038024901 713.276408386228 721.878807067868 730.48120574951 739.08360443115 747.68600311279 756.288401794432 764.890800476072 773.493199157712 782.280599975584 791.129668172199 799.978736368813 808.827804565428 817.676872762042 826.525940958656 835.375009155272 843.592183430988 849.913675944009 856.23516845703 862.556660970051 868.878153483071 875.199645996093 881.521138509113 887.842631022134 894.692774963378 901.719136047362 908.745497131345 915.77185821533 922.798219299314 929.824580383298 936.850941467283 942.864845784504 945.84137980143 948.817913818358 951.794447835285 954.770981852212 957.747515869139
645.56918996175 652.843528747557 660.117867533364 667.007415262857 673.76869930691 680.529983350964 687.291267395018 694.052551439072 700.813835483125 707.57511952718 714.74393259684 723.135332743324 731.52673288981 739.918133036294 748.309533182777 756.700933329263 765.092333475747 773.483733622231 782.217243448892 791.06478983561 799.912336222328 808.759882609048 817.607428995766 826.454975382485 835.302521769204 843.511702473957 849.805786132811 856.099869791666 862.39395345052 868.688037109373 874.982120768228 881.276204427082 887.570288085936 894.978933207193 902.759098815916 910.53926442464 918.319430033364 926.099595642088 933.879761250811 941.659926859536 948.294108751084 951.490339491101 954.686570231118 957.882800971136 961.079031711153 964.27526245117
646.818718973794 654.221422831216 661.624126688637 668.543958028156 675.302831861706 682.061705695256 688.820579528807 695.579453362357 702.338327195907 709.097201029458 716.211456807452 724.39185841878 732.572260030109 740.752661641437 748.933063252765 757.113464864094 765.293866475421 773.474268086749 782.153886922199 790.999911499021 799.845936075844 808.691960652668 817.53798522949 826.384009806313 835.230034383137 843.431221516926 849.697896321613 855.964571126301 862.231245930988 868.497920735675 874.764595540364 881.031270345051 887.297945149738 895.265091451008 903.799061584471 912.333031717934 920.867001851398 929.400971984861 937.934942118324 946.468912251788 953.723371717664 957.139299180771 960.555226643879 963.971154106986 967.387081570094 970.803009033202
648.068247985838 655.599316914874 663.13038584391 670.080500793456 676.836964416502 683.593428039549 690.349891662596 697.106355285643 703.862818908689 710.619282531737 717.678981018064 725.648384094236 733.617787170409 741.58719024658 749.556593322751 757.525996398924 765.495399475096 773.464802551267 782.090530395506 790.935033162433 799.77953592936 808.624038696288 817.468541463214 826.313044230141 835.157546997069 843.350740559895 849.590006510415 855.829272460936 862.068538411457 868.307804361977 874.547070312499 880.786336263019 887.02560221354 895.551249694823 904.839024353025 914.126799011228 923.414573669432 932.702348327634 941.990122985836 951.277897644041 959.152634684243 962.788258870441 966.423883056639 970.059507242837 973.695131429034 977.330755615233
649.317776997883 656.977210998533 664.636644999184 671.617043558755 678.371096971298 685.125150383841 691.879203796385 698.633257208928 705.387310621471 712.141364034016 719.146505228676 726.904909769692 734.663314310708 742.421718851723 750.180123392739 757.938527933755 765.69693247477 773.455337015786 782.027173868814 790.870154825844 799.713135782875 808.556116739907 817.399097696938 826.242078653969 835.085059611001 843.270259602863 849.482116699217 855.693973795572 861.905830891926 868.11768798828 874.329545084634 880.541402180988 886.753259277342 895.837407938638 905.87898712158 915.920566304522 925.962145487465 936.003724670407 946.045303853349 956.086883036293 964.581897650823 968.437218560111 972.2925394694 976.147860378687 980.003181287975 983.858502197264
651.282845560708 659.09723832872 666.911631096731 673.804059855142 680.389167277016 686.974274698891 693.559382120767 700.144489542642 706.729596964516 713.314704386392 720.120845879447 727.590089586044 735.059333292642 742.528576999239 749.997820705836 757.467064412434 764.936308119031 772.405551825628 780.949206034341 789.850997077092 798.752788119844 807.654579162597 816.556370205348 825.458161248099 834.359952290852 842.510822550455 848.40893046061 854.307038370768 860.205146280923 866.10325419108 872.001362101237 877.899470011392 883.797577921548 893.218260701496 903.813135104707 914.408009507919 925.002883911131 935.597758314343 946.192632717554 956.787507120767 965.813567606607 970.133186340331 974.452805074056 978.772423807779 983.092042541503 987.411661275227
653.963453674315 661.959398905434 669.955344136553 676.641549682616 682.891175333657 689.140800984698 695.390426635741 701.640052286782 707.889677937824 714.139303588866 720.602002970376 727.703923543292 734.80584411621 741.907764689126 749.009685262042 756.11160583496 763.213526407876 770.315446980793 778.856626892089 787.877559916177 796.898492940265 805.919425964354 814.940358988442 823.96129201253 832.98222503662 841.072429402668 846.370447794595 851.668466186523 856.96648457845 862.264502970377 867.562521362305 872.860539754231 878.158558146158 887.693807983398 898.641468302407 909.589128621417 920.536788940429 931.484449259438 942.432109578448 953.37976989746 962.847644551594 967.876162211099 972.904679870605 977.93319753011 982.961715189614 987.99023284912
656.644061787921 664.821559482148 672.999057176375 679.47903951009 685.393183390298 691.307327270506 697.221471150715 703.135615030923 709.049758911131 714.96390279134 721.083160061305 727.817757500541 734.552354939778 741.286952379013 748.021549818249 754.756147257486 761.490744696722 768.225342135958 776.764047749836 785.904122755261 795.044197760686 804.184272766112 813.324347771537 822.464422776962 831.604497782388 839.634036254882 844.33196512858 849.029894002278 853.727822875976 858.425751749674 863.123680623372 867.82160949707 872.519538370768 882.169355265298 893.469801500107 904.770247734915 916.070693969725 927.371140204534 938.671586439342 949.972032674152 959.881721496581 965.619138081867 971.356554667154 977.09397125244 982.831387837726 988.568804423013
659.324669901528 667.683720058863 676.042770216197 682.316529337564 687.895191446938 693.473853556313 699.052515665689 704.631177775064 710.209839884438 715.788501993814 721.564317152234 727.931591457789 734.298865763345 740.666140068901 747.033414374456 753.400688680012 759.767962985567 766.135237291123 774.671468607583 783.930685594345 793.189902581107 802.44911956787 811.708336554631 820.967553541393 830.226770528156 838.195643107096 842.293482462564 846.391321818033 850.489161173502 854.58700052897 858.68483988444 862.782679239908 866.880518595377 876.644902547199 888.298134697806 899.951366848413 911.604598999022 923.257831149629 934.911063300236 946.564295450845 956.915798441568 963.362113952635 969.808429463704 976.254744974771 982.701060485838 989.147375996906
662.005278015135 670.545880635577 679.086483256019 685.154019165038 690.397199503579 695.64037984212 700.883560180663 706.126740519204 711.369920857746 716.613101196288 722.045474243163 728.045425415037 734.045376586913 740.045327758788 746.045278930663 752.045230102538 758.045181274413 764.045132446288 772.578889465331 781.957248433429 791.335607401528 800.713966369628 810.092325337726 819.470684305825 828.849043273925 836.757249959309 840.254999796549 843.752749633789 847.250499471029 850.748249308268 854.245999145508 857.743748982748 861.241498819987 871.120449829101 883.126467895506 895.132485961911 907.138504028319 919.144522094725 931.15054016113 943.156558227538 953.949875386555 961.105089823403 968.260304260253 975.415518697101 982.57073313395 989.7259475708
664.685886128742 673.408041212291 682.130196295841 687.991508992512 692.89920756022 697.806906127928 702.714604695637 707.622303263345 712.530001831053 717.437700398762 722.526631334092 728.159259372286 733.791887410481 739.424515448675 745.057143486869 750.689771525064 756.322399563258 761.955027601453 770.486310323078 779.983811272513 789.481312221949 798.978813171385 808.476314120821 817.973815070256 827.471316019692 835.318856811523 838.216517130533 841.114177449544 844.011837768555 846.909498087565 849.807158406576 852.704818725586 855.602479044596 865.595997111001 877.954801093206 890.31360507541 902.672409057616 915.03121303982 927.390017022024 939.74882100423 950.983952331542 958.848065694171 966.712179056802 974.576292419432 982.440405782062 990.304519144693
