data/working_set_collections/6091692-Cassins_Sparrow-MC/2015/bio19.asc
NCOLS 265 
NROWS 230 
XLLCORNER -115.5625 
YLLCORNER 24.8333333333333 
CELLSIZE 0.0833333333333333 
NODATA_value -9999 
[rows 80 to 99 of 230, columns 46 to 91 of 265]
71.863676961263 71.5593699137369 71.2550628662108 70.9507558186848 70.6464487711588 70.3421417236327 69.538142490387 68.5675791952346 67.5970159000821 66.6264526049297 65.6558893097774 64.6853260146248 63.7147627194724 63.1641721195644 63.8734996053907 64.5828270912169 65.2921545770432 66.0014820628695 66.7108095486958 67.420137034522 68.1294645203484 70.480349985758 73.3784214443624 76.2764929029674 79.1745643615718 82.0726358201763 84.9707072787812 87.8687787373856 91.3020952860504 96.3411471048987 101.380198923746 106.419250742594 111.458302561442 116.497354380289 121.536406199137 126.575458017985 130.919366645813 135.031560876634 139.143755107456 143.255949338277 147.368143569099 151.480337799921 155.592532030742 158.872944556343 159.658011966282 160.443079376222
72.6937784830729 72.4134256998697 72.1330729166666 71.8527201334635 71.5723673502604 71.2920145670572 70.3757456779481 69.2475047535368 68.1192638291254 66.9910229047141 65.8627819803028 64.7345410558914 63.6063001314801 62.943943648868 63.6792404916551 64.414537334442 65.149834177229 65.8851310200161 66.620427862803 67.35572470559 68.0910215483771 70.4002576192215 73.2341400994189 76.0680225796167 78.901905059814 81.7357875400113 84.5696700202091 87.4035525004065 90.6737637837718 95.2529614766435 99.8321591695144 104.411356862385 108.990554555257 113.569752248128 118.148949940999 122.72814763387 126.508986473083 130.02370569441 133.538424915738 137.053144137065 140.567863358392 144.082582579719 147.597301801046 150.548287540013 151.808072831896 153.06785812378
73.5238800048827 73.2674814860025 73.0110829671223 72.7546844482421 72.4982859293619 72.2418874104816 71.2133488655091 69.927430311839 68.6415117581686 67.3555932044984 66.0696746508283 64.7837560971579 63.4978375434878 62.7237151781717 63.4849813779195 64.2462475776671 65.0075137774148 65.7687799771626 66.5300461769103 67.291312376658 68.0525785764058 70.3201652526851 73.0898587544753 75.859552256266 78.6292457580562 81.3989392598464 84.1686327616371 86.9383262634273 90.0454322814933 94.1647758483884 98.2841194152828 102.403462982177 106.522806549072 110.642150115967 114.761493682861 118.880837249756 122.098606300354 125.015850512187 127.93309472402 130.850338935853 133.767583147685 136.684827359518 139.602071571351 142.223630523683 143.958133697511 145.692636871339
74.3539815266926 74.1215372721354 73.889093017578 73.6566487630207 73.4242045084635 73.1917602539061 72.0509520530702 70.6073558701411 69.1637596872119 67.7201635042828 66.2765673213538 64.8329711384245 63.3893749554955 62.5034867074753 63.2907222641838 64.0779578208922 64.8651933776006 65.6524289343091 66.4396644910175 67.2269000477259 68.0141356044345 70.2400728861486 72.9455774095317 75.6510819329153 78.3565864562984 81.0620909796815 83.7675955030651 86.4731000264482 89.4171007792147 93.0765902201332 96.736079661051 100.395569101969 104.055058542887 107.714547983805 111.374037424723 115.033526865641 117.688226127625 120.007995329963 122.327764532302 124.64753373464 126.967302936978 129.287072139317 131.606841341655 133.898973507352 136.108194563125 138.317415618897
75.7446530024209 75.6357394112479 75.5268258200749 75.4179122289019 75.3089986377289 75.2000850465559 73.9132774670918 72.2338385581971 70.5543996493021 68.8749607404074 67.1955218315127 65.5160829226176 63.8366440137229 62.7793555259702 63.5885183016457 64.3976810773212 65.2068438529965 66.0160066286721 66.8251694043475 67.6343321800229 68.4434949556984 70.6986343383783 73.4357659233933 76.1728975084088 78.9100290934239 81.6471606784389 84.3842922634544 87.1214238484694 89.9801801469582 93.2038105858691 96.4274410247796 99.6510714636901 102.874701902601 106.098332341512 109.321962780422 112.545593219333 114.669206555684 116.426147524516 118.183088493347 119.940029462179 121.69697043101 123.453911399842 125.210852368673 127.141483836704 129.593186802335 132.044889767965
77.6958944320675 77.8100879033403 77.924281374613 78.0384748458858 78.1526683171585 78.2668617884313 76.8003251075743 74.8068783760071 72.8134316444395 70.8199849128723 68.8265381813051 66.8330914497376 64.8396447181703 63.5513216336565 64.3783694903054 65.2054173469541 66.0324652036028 66.8595130602516 67.6865609169003 68.5136087735491 69.3406566301979 71.6958496093743 74.5604242960603 77.4249989827469 80.2895736694329 83.1541483561189 86.0187230428054 88.8832977294914 91.734670384724 94.5464369455968 97.3582035064691 100.169970067341 102.981736628214 105.793503189086 108.605269749959 111.417036310832 113.041547584534 114.270307095846 115.499066607158 116.72782611847 117.956585629781 119.185345141094 120.414104652405 121.951161511739 124.413110415141 126.875059318543
79.6471358617143 79.9844363954328 80.3217369291514 80.6590374628699 80.9963379965883 81.3336385303069 79.687372748057 77.3799181938173 75.0724636395772 72.7650090853374 70.4575545310977 68.1500999768576 65.8426454226178 64.3232877413429 65.168220678965 66.0131536165871 66.8580865542091 67.7030194918312 68.5479524294533 69.3928853670753 70.2378183046974 72.6930648803705 75.6850826687275 78.677100457085 81.669118245442 84.661136033799 87.6531538221566 90.6451716105136 93.48916062249 95.8890633053245 98.2889659881586 100.688868670993 103.088771353827 105.488674036661 107.888576719496 110.28847940233 111.413888613383 112.114466667175 112.815044720968 113.51562277476 114.216200828553 114.916778882345 115.617356936137 116.760839186775 119.233034027948 121.705228869121
81.5983772913612 82.1587848875254 82.7191924836897 83.2796000798539 83.8400076760182 84.4004152721825 82.5744203885397 79.9529580116275 77.3314956347148 74.7100332578026 72.0885708808903 69.4671085039776 66.8456461270654 65.0952538490292 65.9580718676247 66.8208898862201 67.6837079048154 68.5465259234109 69.4093439420062 70.2721619606015 71.134979979197 73.6902801513666 76.8097410413946 79.9292019314231 83.0486628214511 86.1681237114792 89.2875846015077 92.4070454915357 95.243650860256 97.2316896650522 99.2197284698482 101.207767274644 103.19580607944 105.183844884236 107.171883689032 109.159922493829 109.786229642232 109.958626238505 110.131022834778 110.303419431051 110.475816027324 110.648212623597 110.82060921987 111.57051686181 114.052957640754 116.535398419698
83.5496187210078 84.3331333796178 85.1166480382279 85.9001626968378 86.6836773554477 87.4671920140578 85.4614680290222 82.5259978294375 79.5905276298523 76.6550574302675 73.7195872306828 70.7841170310975 67.8486468315128 65.8672199567156 66.7479230562843 67.628626155853 68.5093292554216 69.3900323549904 70.270735454559 71.1514385541277 72.0321416536964 74.6874954223626 77.9343994140616 81.1813034057611 84.4282073974602 87.6751113891592 90.9220153808587 94.1689193725578 96.9981410980218 98.5743160247799 100.150490951538 101.726665878295 103.302840805054 104.879015731811 106.455190658569 108.031365585327 108.158570671082 107.802785809835 107.447000948589 107.091216087342 106.735431226095 106.379646364849 106.023861503602 106.380194536845 108.872881253561 111.365567970276
85.5008601506547 86.5074818717104 87.5141035927662 88.5207253138219 89.5273470348776 90.5339687559334 88.348515669505 85.0990376472477 81.8495596249899 78.6000816027326 75.3506035804754 72.1011255582175 68.8516475359603 66.639186064402 67.537774244944 68.436362425486 69.3349506060279 70.23353878657 71.132126967112 72.0307151476539 72.929303328196 75.6847106933587 79.0590577867287 82.4334048800993 85.8077519734693 89.1820990668393 92.5564461602099 95.9307932535799 98.7526313357878 99.9169423845076 101.081253433227 102.245564481947 103.409875530667 104.574186579386 105.738497628106 106.902808676826 106.530911699931 105.646945381165 104.762979062399 103.879012743633 102.995046424866 102.1110801061 101.227113787334 101.18987221188 103.692804866367 106.195737520854
87.9128253300979 89.1274518118958 90.3420782936939 91.5567047754918 92.7713312572896 93.9859577390877 91.4881588300072 87.752884790633 84.0176107512582 80.282336711884 76.5470626725099 72.811788633135 69.0765145937609 66.5076512760585 67.4380201233758 68.3683889706929 69.29875781801 70.2291266653273 71.1594955126444 72.0898643599615 73.0202332072787 75.8259929021195 79.2568828794684 82.687772856818 86.118662834167 89.549552811516 92.9804427888655 96.4113327662145 99.2159581926133 100.141789966159 101.067621739705 101.993453513251 102.919285286797 103.845117060343 104.770948833889 105.696780607435 105.020620663961 103.81046348148 102.600306298998 101.390149116517 100.179991934035 98.9698347515534 97.7596775690719 97.4364718119301 99.7741203308106 102.111768849691
90.7855142593376 92.1930432001741 93.6005721410108 95.0081010818473 96.4156300226838 97.8231589635205 94.8803975105287 90.4875392595932 86.094681008657 81.7018227577215 77.3089645067859 72.9161062558497 68.5232480049142 65.4726155916849 66.4486606915792 67.4247057914734 68.4007508913675 69.3767959912618 70.352841091156 71.3288861910501 72.3049312909444 75.1113420486446 78.5278746922804 81.9444073359169 85.3609399795528 88.7774726231887 92.1940052668251 95.610537910461 98.3881216684977 99.2488587697348 100.109595870972 100.970332972209 101.831070073446 102.691807174683 103.55254427592 104.413281377157 103.627697563172 102.293340110779 100.958982658387 99.6246252059942 98.2902677536017 96.955910301209 95.6215528488165 95.1199933369954 97.1168276468915 99.1136619567873
93.6582031885776 95.2586345884527 96.8590659883281 98.4594973882032 100.059928788078 101.660360187954 98.2726361910506 93.2221937285537 88.1717512660559 83.121308803559 78.0708663410621 73.0204238785643 67.9699814160674 64.4375799073112 65.4593012597826 66.4810226122538 67.502743964725 68.5244653171963 69.5461866696675 70.5679080221387 71.58962937461 74.3966911951696 77.7988665050924 81.2010418150157 84.6032171249385 88.0053924348612 91.4075677447846 94.8097430547074 97.560285144382 98.35592757331 99.151570002238 99.9472124311659 100.742854860094 101.538497289022 102.33413971795 103.129782146878 102.234774462382 100.776216740079 99.3176590177752 97.8591012954717 96.4005435731682 94.9419858508644 93.483428128561 92.8035148620605 94.4595349629722 96.1155550638836
96.5308921178176 98.3242259767313 100.117559835645 101.910893694559 103.704227553473 105.497561412387 101.664874871572 95.9568481975141 90.2488215234549 84.5407948493966 78.8327681753383 73.124741501279 67.4167148272207 63.4025442229376 64.469941827986 65.5373394330342 66.6047370380824 67.6721346431308 68.739532248179 69.8069298532272 70.8743274582756 73.6820403416947 77.0698583179043 80.4576762941146 83.8454942703242 87.2333122465339 90.6211302227441 94.0089481989538 96.7324486202663 97.4629963768853 98.1935441335042 98.9240918901231 99.6546396467421 100.385187403361 101.11573515998 101.846282916599 100.841851361593 99.2590933693785 97.6763353771637 96.0935773849492 94.5108193927347 92.9280614005199 91.3453034083054 90.4870363871256 91.8022422790529 93.1174481709799
99.4035810470573 101.38981736501 103.376053682962 105.362290000915 107.348526318867 109.33476263682 105.057113552094 98.6915026664744 92.3258917808536 85.960280895234 79.5946700096143 73.2290591239936 66.863448238374 62.367508538564 63.4805823961894 64.5936562538147 65.7067301114399 66.8198039690654 67.9328778266906 69.0459516843159 70.1590255419413 72.9673894882198 76.3408501307163 79.7143107732135 83.08777141571 86.4612320582065 89.8346927007037 93.2081533432003 95.9046120961507 96.5700651804607 97.2355182647705 97.9009713490804 98.5664244333904 99.2318775177003 99.8973306020102 100.56278368632 99.4489282608038 97.7419699986782 96.0350117365524 94.3280534744269 92.6210952123013 90.9141369501755 89.20717868805 88.1705579121909 89.1449495951338 90.1193412780765
102.276269976297 104.455408753288 106.63454753028 108.81368630727 110.992825084261 113.171963861253 108.449352232616 101.426157135435 94.4029620382526 87.3797669410715 80.3565718438905 73.3333767467083 66.3101816495272 61.3324728541903 62.4912229643928 63.6499730745951 64.8087231847974 65.9674732949998 67.1262234052022 68.2849735154044 69.4437236256069 72.2527386347448 75.6118419435282 78.9709452523123 82.3300485610957 85.6891518698792 89.0482551786632 92.4073584874466 95.076775572035 95.677133984036 96.2774923960368 96.8778508080377 97.4782092200386 98.0785676320394 98.6789260440403 99.2792844560412 98.0560051600143 96.2248466279778 94.3936880959409 92.5625295639044 90.7313710318678 88.900212499831 87.0690539677944 85.854079437256 86.4876569112145 87.1212343851729
104.354185740153 106.334125518798 108.314065297444 110.29400507609 112.273944854736 114.253884633382 109.311809221905 102.062395413718 94.8129816055308 87.5635677973443 80.3141539891578 73.0647401809701 65.8153263727837 60.6323235511778 61.6485536893208 62.6647838274637 63.6810139656066 64.6972441037497 65.7134742418926 66.7297043800354 67.7459345181785 70.4545491854348 73.7272920290625 77.0000348726908 80.2727777163186 83.5455205599463 86.8182634035747 90.0910062472024 92.7065158208214 93.350325584412 93.9941353480024 94.6379451115929 95.2817548751834 95.9255646387738 96.5693744023643 97.2131841659548 95.9682783126837 94.093800587125 92.219322861566 90.3448451360073 88.4703674104486 86.5958896848896 84.7214119593309 83.4106666988799 83.7911188337541 84.1715709686282
105.637328338623 107.025967661539 108.414606984456 109.803246307373 111.19188563029 112.580524953207 107.64448451996 100.600217501324 93.5559504826874 86.5116834640517 79.467416445416 72.4231494267791 65.3788824081434 60.2670606295267 60.9525745709738 61.6380885124207 62.3236024538677 63.0091163953147 63.6946303367617 64.3801442782087 65.0656582196557 67.5728211402893 70.6872003873187 73.8015796343488 76.9159588813782 80.0303381284077 83.1447173754377 86.2590966224672 88.7938328425094 89.5896399815883 90.385447120667 91.1812542597457 91.9770613988245 92.7728685379032 93.5686756769819 94.3644828160608 93.1857477188118 91.3488318761199 89.5119160334276 87.6750001907356 85.8380843480437 84.0011685053514 82.1642526626594 80.8403196970626 81.0553353627527 81.2703510284428
106.920470937093 107.71780980428 108.515148671468 109.312487538656 110.109826405843 110.907165273031 105.977159818015 99.13803958893 92.2989193598439 85.459799130759 78.620678901674 71.781558672588 64.942438443503 59.9017977078755 60.2565954526266 60.6113931973776 60.9661909421286 61.3209886868797 61.6757864316307 62.0305841763817 62.3853819211328 64.6910930951435 67.6471087455747 70.6031243960064 73.5591400464375 76.5151556968687 79.4711713473004 82.4271869977316 84.8811498641971 85.8289543787643 86.7767588933312 87.7245634078982 88.6723679224654 89.6201724370324 90.5679769515993 91.5157814661665 90.4032171249397 88.6038631651145 86.804509205289 85.0051552454638 83.2058012856385 81.406447325813 79.6070933659878 78.269972695245 78.3195518917512 78.3691310882572
108.203613535563 108.409651947021 108.61569035848 108.821728769938 109.027767181397 109.233805592855 104.30983511607 97.6758616765357 91.0418882370004 84.4079147974663 77.7739413579321 71.1399679183968 64.5059944788627 59.5365347862244 59.5606163342795 59.5846978823345 59.6087794303896 59.6328609784446 59.6569425264997 59.6810240745547 59.7051056226098 61.8093650499978 64.6070171038307 67.404669157664 70.2023212114969 72.9999732653298 75.7976253191631 78.595277372996 80.9684668858848 82.0682687759402 83.1680706659955 84.2678725560507 85.3676744461062 86.4674763361615 87.5672782262167 88.6670801162722 87.6206865310675 85.858894454109 84.0971023771503 82.3353103001918 80.5735182232334 78.8117261462747 77.0499340693162 75.6996256934275 75.5837684207496 75.4679111480716
