data/working_set_collections/6091692-Cassins_Sparrow-MC/2015/bio12.asc
NCOLS 265 
NROWS 230 
XLLCORNER -115.5625 
YLLCORNER 24.8333333333333 
CELLSIZE 0.0833333333333333 
NODATA_value -9999 
[rows 0 to 19 of 230, columns 46 to 91 of 265]
677.011469523112 679.794055514866 682.57664150662 685.359227498373 688.141813490127 690.924399481881 705.375759887694 723.716711764863 742.057663642035 760.398615519205 778.739567396374 797.080519273546 815.421471150715 826.242639499245 814.504457261831 802.766275024418 791.028092787006 779.289910549591 767.551728312178 755.813546074766 744.075363837351 723.895899963385 700.902675543898 677.909451124407 654.916226704921 631.923002285434 608.929777865943 585.936553446457 563.074504174133 540.605980343292 518.137456512456 495.668932681619 473.200408850779 450.731885019942 428.263361189106 405.794837358265 397.407559967041 393.714031389025 390.020502811008 386.326974232992 382.633445654976 378.939917076959 375.246388498943 374.749935234915 383.844707912868 392.939480590819
669.433407592774 670.746692911784 672.059978230795 673.373263549805 674.686548868816 675.999834187827 689.662350463866 707.441277058917 725.220203653971 742.999130249022 760.778056844073 778.556983439127 796.335910034178 806.889633178715 795.767745971683 784.645858764652 773.523971557621 762.402084350589 751.280197143558 740.158309936527 729.036422729495 709.609135437017 687.413381449388 665.217627461755 643.021873474126 620.826119486497 598.630365498864 576.434611511235 554.523150380458 533.464567820234 512.405985260014 491.347402699794 470.28882013957 449.230237579349 428.171655019129 407.113072458905 398.957775115967 395.10357284546 391.249370574951 387.395168304444 383.540966033936 379.686763763428 375.83256149292 374.958889770506 383.026809692382 391.094729614257
661.855345662436 661.699330308704 661.543314954971 661.387299601239 661.231284247506 661.075268893774 673.948941040038 691.165842352971 708.382743665908 725.599644978841 742.816546291774 760.03344760471 777.250348917643 787.536626858187 777.031034681536 766.525442504887 756.019850328238 745.514258151588 735.008665974939 724.50307379829 713.99748162164 695.32237091065 673.924087354879 652.525803799104 631.127520243332 609.729236687561 588.330953131786 566.932669576014 545.971796586784 526.323155297177 506.674514007573 487.025872717968 467.377231428361 447.728590138757 428.079948849153 408.431307559545 400.507990264893 396.493114301894 392.478238338895 388.463362375896 384.448486412897 380.433610449897 376.418734486898 375.167844306096 382.208911471896 389.249978637694
654.277283732098 652.651967705622 651.026651679146 649.401335652671 647.776019626195 646.15070359972 658.23553161621 674.890407647025 691.545283677843 708.200159708658 724.855035739473 741.509911770291 758.164787801106 768.183620537656 758.294323391388 748.405026245121 738.515729098854 728.626431952585 718.737134806319 708.847837660052 698.958540513783 681.035606384283 660.434793260369 639.833980136451 619.233167012537 598.632353888624 578.031540764706 557.430727640792 537.42044279311 519.181742774119 500.943042755131 482.704342736143 464.465642717152 446.226942698164 427.988242679176 409.749542660185 402.058205413819 397.882655758329 393.707106102838 389.531556447348 385.356006791857 381.180457136366 377.004907480876 375.376798841687 381.39101325141 387.405227661132
646.699221801759 643.60460510254 640.509988403322 637.415371704103 634.320755004885 631.226138305666 642.522122192381 658.614972941078 674.707823689778 690.800674438475 706.893525187172 722.986375935872 739.079226684569 748.830614217126 739.55761210124 730.284609985355 721.01160786947 711.738605753583 702.465603637698 693.192601521813 683.919599405927 666.748841857915 646.945499165858 627.142156473799 607.338813781743 587.535471089686 567.732128397627 547.928785705571 528.869088999435 512.04033025106 495.211571502689 478.382812754317 461.554054005943 444.725295257571 427.8965365092 411.067777760825 403.608420562745 399.272197214763 394.935973866781 390.599750518799 386.263527170818 381.927303822836 377.591080474854 375.585753377278 380.573115030924 385.56047668457
639.121159871421 634.55724249946 629.993325127498 625.429407755536 620.865490383575 616.301573011613 626.808712768554 642.339538235133 657.870363701715 673.401189168294 688.932014634873 704.462840101455 719.993665568034 729.477607896598 720.820900811093 712.16419372559 703.507486640087 694.850779554582 686.194072469079 677.537365383576 668.880658298072 652.462077331548 633.45620507135 614.450332811148 595.444460550949 576.43858829075 557.432716030548 538.42684377035 520.317735205761 504.898917728003 489.480100250248 474.061282772492 458.642465294734 443.223647816979 427.804830339223 412.386012861465 405.15863571167 400.661738671198 396.164841630724 391.667944590251 387.171047549778 382.674150509305 378.177253468832 375.794707912868 379.755216810438 383.715725708007
637.593454996745 631.941667344836 626.289879692926 620.638092041016 614.986304389107 609.334516737197 619.024303181964 633.827947658959 648.631592135958 663.435236612954 678.238881089949 693.042525566948 707.846170043943 716.713164265953 707.770207722984 698.827251180016 689.884294637047 680.941338094078 671.99838155111 663.055425008142 654.112468465172 638.555146535242 620.79303614299 603.030925750736 585.268815358484 567.506704966232 549.744594573977 531.982484181725 515.034650929772 500.529649098716 486.024647267662 471.519645436608 457.014643605552 442.509641774498 428.004639943444 413.499638112388 406.212749989828 401.331899770102 396.451049550375 391.570199330649 386.689349110923 381.808498891195 376.927648671469 374.068620385064 377.275057898627 380.481495412191
642.116107177735 635.757879638673 629.39965209961 623.041424560548 616.683197021486 610.324969482422 619.168893432615 633.080201212562 646.991508992512 660.902816772459 674.814124552406 688.725432332355 702.636740112303 710.537283325198 700.405532836916 690.273782348635 680.142031860355 670.010281372072 659.878530883792 649.746780395511 639.615029907229 625.028049468998 608.955992380783 592.883935292565 576.811878204349 560.739821116134 544.667764027916 528.5957069397 513.019836171472 498.932524363202 484.845212554934 470.757900746667 456.670588938397 442.583277130129 428.495965321862 414.408653513592 406.770763397218 401.282680511476 395.794597625733 390.306514739991 384.818431854249 379.330348968507 373.842266082765 370.407490793864 373.132638295492 375.857785797119
646.638759358725 639.57409193251 632.509424506294 625.444757080079 618.380089653864 611.315422227648 619.313483683266 632.332454766165 645.351425849066 658.370396931964 671.389368014863 684.408339097764 697.427310180663 704.361402384444 693.040857950849 681.720313517256 670.399769083663 659.079224650068 647.758680216475 636.438135782882 625.117591349287 611.500952402755 597.118948618576 582.736944834394 568.354941050215 553.972937266036 539.590933481855 525.208929697675 511.005021413171 497.335399627687 483.665777842206 469.996156056725 456.326534271242 442.656912485761 428.98729070028 415.317668914796 407.328776804607 401.23346125285 395.138145701091 389.042830149334 382.947514597577 376.852199045818 370.756883494061 366.746361202664 368.990218692356 371.234076182048
651.161411539714 643.390304226347 635.619196912978 627.84808959961 620.076982286243 612.305874972874 619.458073933917 631.584708319767 643.71134270562 655.83797709147 667.96461147732 680.091245863172 692.217880249022 698.185521443688 685.676183064781 673.166844685876 660.65750630697 648.148167928063 635.638829549157 623.129491170252 610.620152791344 597.973855336511 585.281904856368 572.589954376223 559.898003896081 547.206053415938 534.514102935793 521.82215245565 508.99020665487 495.738274892173 482.486343129478 469.234411366784 455.982479604087 442.730547841392 429.478616078698 416.226684316001 407.886790211997 401.184241994223 394.481693776449 387.779145558676 381.076597340903 374.374049123129 367.671500905356 363.085231611464 364.84779908922 366.610366566976
655.684063720704 647.206516520184 638.728969319662 630.251422119142 621.773874918622 613.2963277181 619.602664184568 630.83696187337 642.071259562173 653.305557250975 664.539854939776 675.77415262858 687.008450317381 692.009640502933 678.311508178713 664.613375854495 650.915243530277 637.217111206057 623.518978881839 609.820846557622 596.122714233401 584.446758270267 573.44486109416 562.442963918052 551.441066741946 540.43916956584 529.437272389732 518.435375213625 506.975391896569 494.141150156659 481.30690841675 468.472666676842 455.638424936932 442.804183197024 429.969941457116 417.135699717205 408.444803619386 401.135022735597 393.825241851808 386.515460968019 379.20568008423 371.895899200441 364.586118316652 359.424102020264 360.705379486084 361.986656951904
660.206715901694 651.022728814021 641.838741726346 632.654754638673 623.470767551 614.286780463326 619.74725443522 630.089215426972 640.431176418727 650.77313741048 661.115098402233 671.457059393988 681.799020385741 685.833759562179 670.946833292646 656.059907023116 641.172980753585 626.286054484053 611.399128214523 596.512201944992 581.62527567546 570.919661204024 561.607817331954 552.295973459882 542.984129587812 533.672285715742 524.36044184367 515.0485979716 504.960577138268 492.544025421144 480.127473704022 467.710921986901 455.294370269777 442.877818552655 430.461266835533 418.04471511841 409.002817026775 401.085803476971 393.168789927166 385.251776377362 377.334762827557 369.417749277752 361.500735727948 355.762972429064 356.562959882949 357.362947336833
664.506454467775 655.577458699546 646.648462931315 637.719467163087 628.790471394858 619.861475626627 624.12649892171 632.789528571232 641.452558220756 650.115587870278 658.778617519801 667.441647169325 676.104676818847 678.646318393288 662.823795742461 647.001273091638 631.178750440814 615.356227789988 599.533705139164 583.71118248834 567.888659837514 557.627466074629 549.220048607724 540.812631140817 532.405213673912 523.997796207007 515.590378740101 507.182961273196 497.952155727814 486.251185946997 474.550216166181 462.849246385366 451.148276604549 439.447306823733 427.746337042918 416.0453672621 406.850566609702 398.491155666778 390.131744723851 381.772333780927 373.412922838002 365.053511895075 356.694100952151 350.590627882216 351.254968431262 351.919308980307
668.583279418946 660.870706176759 653.158132934571 645.445559692384 637.732986450196 630.020413208008 632.740397644041 638.93790130615 645.135404968261 651.33290863037 657.530412292479 663.727915954589 669.925419616699 670.447316996261 653.94239552816 637.437474060062 620.932552591964 604.427631123863 587.922709655765 571.417788187668 554.912866719567 544.570172882083 536.281554921471 527.992936960858 519.704319000247 511.415701039635 503.127083079022 494.838465118411 485.950127665205 475.262631734214 464.575135803225 453.887639872236 443.200143941245 432.512648010256 421.825152079267 411.137656148276 401.988052368166 393.351079305015 384.714106241863 376.077133178713 367.440160115562 358.80318705241 350.16621398926 343.90706837972 344.781405131023 345.655741882325
672.660104370118 666.163953653972 659.667802937825 653.17165222168 646.675501505534 640.179350789387 641.354296366372 645.086274041068 648.818251715765 652.550229390461 656.282207065158 660.014184739855 663.746162414551 662.248315599235 645.060995313859 627.873675028487 610.686354743115 593.49903445774 576.311714172368 559.124393886996 541.937073601621 531.512879689538 523.34306123522 515.1732427809 507.003424326582 498.833605872264 490.663787417944 482.493968963626 473.948099602597 464.274077521433 454.60005544027 444.926033359107 435.252011277943 425.57798919678 415.903967115617 406.229945034453 397.12553812663 388.211002943254 379.296467759876 370.3819325765 361.467397393124 352.552862209746 343.63832702637 337.223508877225 338.307841830784 339.392174784343
676.73692932129 671.457201131185 666.177472941081 660.897744750977 655.618016560873 650.338288370768 649.968195088703 651.234646775986 652.50109846327 653.767550150553 655.034001837836 656.30045352512 657.566905212403 654.049314202208 636.179595099558 618.309875996912 600.440156894265 582.570437791616 564.700718688969 546.830999586323 528.961280483673 518.455586496992 510.404567548967 502.353548600941 494.302529652916 486.251510704892 478.200491756865 470.149472808841 461.946071539988 453.28552330865 444.624975077314 435.964426845977 427.303878614639 418.643330383303 409.982782151967 401.322233920629 392.263023885093 383.070926581491 373.878829277888 364.686731974286 355.494634670684 346.302537367081 337.110440063479 330.539949374729 331.834278530545 333.128607686361
680.813754272461 676.750448608399 672.687142944336 668.623837280274 664.560531616211 660.497225952148 658.582093811035 657.383019510905 656.183945210775 654.984870910645 653.785796610515 652.586722310385 651.387648010255 645.850312805181 627.298194885257 608.746076965336 590.193959045415 571.641841125491 553.08972320557 534.53760528565 515.985487365726 505.398293304446 497.466073862714 489.533854420982 481.60163497925 473.669415537519 465.737196095786 457.804976654055 449.944043477379 442.296969095868 434.649894714358 427.002820332848 419.355745951336 411.708671569826 404.061597188316 396.414522806805 387.400509643557 377.930850219729 368.4611907959 358.991531372072 349.521871948245 340.052212524416 330.582553100588 323.856389872233 325.360715230306 326.865040588379
684.890579223633 682.043696085612 679.19681294759 676.34992980957 673.503046671549 670.656163533528 667.195992533365 663.531392245823 659.866791958279 656.202191670736 652.537591383193 648.87299109565 645.208390808107 637.651311408154 618.416794670956 599.182277933761 579.947761196566 560.713244459368 541.478727722173 522.244210984978 503.00969424778 492.341000111901 484.527580176463 476.714160241024 468.900740305586 461.087320370148 453.273900434709 445.460480499271 437.942015414771 431.308414883086 424.674814351402 418.041213819719 411.407613288034 404.77401275635 398.140412224666 391.506811692981 382.537995402021 372.790773857967 363.043552313912 353.296330769859 343.549109225806 333.801887681751 324.054666137698 317.172830369738 318.887151930068 320.601473490398
680.099070739748 677.166654968264 674.23423919678 671.301823425296 668.369407653811 665.436991882327 660.99776331584 656.056263817685 651.114764319529 646.173264821374 641.231765323218 636.290265825063 631.348766326907 622.889388275153 603.876374562586 584.863360850022 565.850347137458 546.83733342489 527.824319712326 508.811305999762 489.798292287194 479.094291432701 471.159961530901 463.225631629099 455.291301727298 447.356971825497 439.422641923695 431.488312021894 424.054000769724 418.119745466447 412.18549016317 406.251234859893 400.316979556616 394.382724253339 388.448468950063 382.514213646785 374.003550465905 364.634084659156 355.264618852406 345.895153045657 336.525687238908 327.156221432158 317.786755625409 311.167167833116 312.797214084202 314.427260335287
666.439228820803 662.11932525635 657.799421691896 653.479518127444 649.159614562991 644.839710998537 639.98740615845 634.957634226484 629.927862294517 624.898090362551 619.868318430586 614.838546498619 609.808774566653 601.564543406174 583.676934560144 565.789325714116 547.901716868088 530.014108022057 512.12649917603 494.238890330002 476.351281483971 465.658167266848 457.363217926028 449.068268585207 440.773319244387 432.478369903568 424.183420562746 415.888471221927 408.279999542239 402.730960845949 397.18192214966 391.632883453372 386.083844757082 380.534806060793 374.985767364504 369.436728668215 361.797174835208 353.460782623294 345.124390411379 336.787998199465 328.451605987551 320.115213775636 311.778821563723 305.83940226237 307.090901692709 308.342401123047
