data/working_set_collections/6091692-Cassins_Sparrow-MC/2015/bio19.asc
NCOLS 265 
NROWS 230 
XLLCORNER -115.5625 
YLLCORNER 24.8333333333333 
CELLSIZE 0.0833333333333333 
NODATA_value -9999 
[rows 60 to 79 of 230, columns 138 to 183 of 265]
32.5857644451994 30.9355857690178 29.2854070928366 27.6352284166553 27.0070433139802 26.7195227358077 26.4320021576353 26.1444815794627 25.8569610012903 25.5694404231178 25.2819198449453 25.2383023315004 25.926394012239 26.6144856929778 27.3025773737164 27.990669054455 28.6787607351938 29.3668524159324 30.054944096671 30.4047057628631 30.6416907575395 30.8786757522158 31.1156607468923 31.3526457415686 31.589630736245 31.8266157309214 32.1614013248019 32.7895887162949 33.417776107788 34.045963499281 34.674150890774 35.3023382822672 35.9305256737602 36.5587130652532 37.6164509773252 38.8173723962569 40.0182938151886 41.2192152341205 42.4201366530522 43.6210580719838 44.8219794909157 46.0303094651961 47.2608651055226 48.4914207458494 49.7219763861759 50.9525320265025
32.2976284186051 30.6466346263889 28.995640834173 27.3446470419571 26.7574012279511 26.5247380733491 26.292074918747 26.059411764145 25.8267486095429 25.5940854549409 25.3614223003388 25.3592069466907 26.0483349959053 26.7374630451201 27.4265910943347 28.1157191435494 28.8048471927641 29.4939752419788 30.1831032911934 30.4961241245269 30.6837758858998 30.8714276472727 31.0590794086456 31.2467311700185 31.4343829313914 31.6220346927643 31.9267902374266 32.5828571319579 33.2389240264892 33.8949909210204 34.5510578155516 35.2071247100829 35.8631916046141 36.5192584991453 37.6058600425718 38.83597313563 40.0660862286882 41.2961993217466 42.5263124148048 43.756425507863 44.9865386009214 46.2135012308753 47.4310124715166 48.648523712158 49.8660349527992 51.0835461934404
32.0094923920107 30.3576834837599 28.7058745755094 27.0540656672589 26.5077591419221 26.3299534108904 26.1521476798588 25.9743419488271 25.7965362177955 25.6187304867639 25.4409247557322 25.480111561881 26.1702759795717 26.8604403972624 27.5506048149531 28.2407692326438 28.9309336503345 29.6210980680252 30.3112624857159 30.5875424861908 30.7258610142602 30.8641795423295 31.002498070399 31.1408165984683 31.2791351265377 31.4174536546071 31.6921791500514 32.3761255476208 33.0600719451903 33.7440183427597 34.4279647403291 35.1119111378987 35.7958575354681 36.4798039330375 37.5952691078184 38.8545738750031 40.1138786421878 41.3731834093727 42.6324881765575 43.8917929437422 45.1510977109271 46.3966929965546 47.6011598375105 48.8056266784666 50.0100935194224 51.2145603603783
31.7213563654163 30.0687323411309 28.4161083168458 26.7634842925607 26.258117055893 26.1351687484318 26.0122204409706 25.8892721335093 25.7663238260481 25.6433755185869 25.5204272111257 25.6010161770713 26.292216963238 26.9834177494048 27.6746185355715 28.3658193217381 29.0570201079049 29.7482208940716 30.4394216802383 30.6789608478546 30.7679461426205 30.8569314373864 30.9459167321523 31.0349020269182 31.1238873216841 31.21287261645 31.4575680626762 32.1693939632838 32.8812198638915 33.5930457644991 34.3048716651067 35.0166975657144 35.728523466322 36.4403493669296 37.584678173065 38.8731746143762 40.1616710556874 41.4501674969989 42.7386639383101 44.0271603796213 45.3156568209328 46.5798847622339 47.7713072035044 48.9627296447752 50.1541520860457 51.3455745273163
31.4332203388219 29.7797811985019 28.1263420581822 26.4729029178625 26.0084749698639 25.9403840859732 25.8722932020824 25.8042023181916 25.7361114343008 25.66802055041 25.5999296665192 25.7219207922616 26.4141579469043 27.1063951015471 27.7986322561898 28.4908694108325 29.1831065654753 29.875343720118 30.5675808747607 30.7703792095184 30.8100312709808 30.8496833324432 30.8893353939056 30.928987455368 30.9686395168305 31.0082915782929 31.222956975301 31.9626623789468 32.7023677825927 33.4420731862385 34.1817785898842 34.9214839935302 35.6611893971759 36.4008948008217 37.5740872383115 38.8917753537493 40.209463469187 41.527151584625 42.8448397000628 44.1625278155005 45.4802159309385 46.7630765279131 47.9414545694983 49.1198326110838 50.298210652669 51.4765886942542
31.1450843122275 29.4908300558729 27.8365757995186 26.1823215431642 25.7588328838349 25.7455994235145 25.7323659631941 25.7191325028738 25.7058990425534 25.692665582233 25.6794321219126 25.8428254074519 26.5360989305706 27.2293724536894 27.9226459768082 28.6159194999269 29.3091930230457 30.0024665461644 30.6957400692832 30.8617975711822 30.8521163993412 30.8424352275001 30.832754055659 30.8230728838179 30.8133917119768 30.8037105401357 30.9883458879257 31.7559307946097 32.5235157012938 33.2911006079778 34.0586855146618 34.8262704213459 35.5938553280299 36.3614402347139 37.5634963035581 38.9103760931224 40.2572558826866 41.6041356722511 42.9510154618154 44.2978952513797 45.6447750409442 46.9462682935924 48.1116019354923 49.2769355773924 50.4422692192922 51.6076028611921
31.1880761941278 29.5346301873527 27.8811841805779 26.2277381738031 25.8292080243428 25.8489831606547 25.8687582969665 25.8885334332784 25.9083085695902 25.928083705902 25.9478588422139 26.1308066527047 26.8032724857328 27.475738318761 28.1482041517892 28.8206699848173 29.4931358178455 30.1656016508736 30.8380674839018 30.9781103928884 30.9406789938609 30.9032475948334 30.8658161958059 30.8283847967784 30.7909533977509 30.7535219987233 30.920848004023 31.7024462223051 32.4840444405872 33.2656426588692 34.0472408771513 34.8288390954334 35.6104373137154 36.3920355319974 37.6078523953753 38.9684088071184 40.3289652188615 41.6895216306048 43.0500780423479 44.410634454091 45.7711908658343 47.0809446758691 48.238290680779 49.3956366856891 50.552982690599 51.7103286955088
31.5621959845229 29.9111815929415 28.2601672013604 26.6091528097793 26.2196003913879 26.2505352973937 26.2814702033996 26.3124051094054 26.3433400154113 26.3742749214172 26.405209827423 26.58586452802 27.2156786123909 27.8454926967619 28.4753067811328 29.1051208655037 29.7349349498747 30.3647490342456 30.9945631186165 31.1193176746368 31.07571905454 31.0321204344432 30.9885218143463 30.9449231942495 30.9013245741526 30.8577259540558 31.0204633235929 31.8022086620328 32.5839540004729 33.3656993389128 34.1474446773527 34.9291900157927 35.7109353542326 36.4926806926725 37.7071555137632 39.0658734957374 40.4245914777116 41.783309459686 43.1420274416602 44.5007454236344 45.8594634056089 47.1671056747434 48.3215208053585 49.4759359359739 50.6303510665891 51.7847661972042
31.936315774918 30.2877329985303 28.6391502221429 26.9905674457554 26.609992758433 26.6520874341328 26.6941821098327 26.7362767855326 26.7783714612324 26.8204661369323 26.8625608126322 27.0409224033354 27.628084739049 28.2152470747628 28.8024094104765 29.3895717461902 29.976734081904 30.5638964176176 31.1510587533313 31.2605249563853 31.2107591152191 31.1609932740529 31.1112274328867 31.0614615917206 31.0116957505544 30.9619299093882 31.1200786431629 31.9019711017606 32.6838635603585 33.4657560189563 34.2476484775541 35.029540936152 35.8114333947498 36.5933258533475 37.806458632151 39.1633381843564 40.5202177365617 41.8770972887673 43.2339768409726 44.5908563931779 45.9477359453835 47.2532666736176 48.4047509299381 49.5562351862587 50.7077194425792 51.8592036988997
32.3104355653131 30.6642844041191 29.0181332429253 27.3719820817316 27.0003851254781 27.0536395708719 27.1068940162658 27.1601484616597 27.2134029070536 27.2666573524474 27.3199117978413 27.4959802786507 28.0404908657072 28.5850014527637 29.1295120398202 29.6740226268766 30.2185332139332 30.7630438009896 31.3075543880461 31.4017322381337 31.3457991758982 31.2898661136627 31.2339330514272 31.1779999891917 31.1220669269562 31.0661338647207 31.2196939627328 32.0017335414884 32.7837731202442 33.5658126989998 34.3478522777555 35.1298918565113 35.9119314352669 36.6939710140226 37.9057617505389 39.2608028729753 40.6158439954118 41.9708851178485 43.3259262402849 44.6809673627214 46.036008485158 47.3394276724919 48.4879810545176 49.6365344365436 50.7850878185693 51.9336412005951
32.6845553557082 31.0408358097079 29.3971162637078 27.7533967177077 27.3907774925231 27.455191707611 27.5196059226989 27.5840201377868 27.6484343528747 27.7128485679626 27.7772627830504 27.9510381539661 28.4528969923653 28.9547558307646 29.4566146691639 29.9584735075631 30.4603323459624 30.9621911843616 31.4640500227609 31.5429395198822 31.4808392365773 31.4187389532725 31.3566386699676 31.2945383866628 31.232438103358 31.1703378200531 31.3193092823027 32.1014959812162 32.8836826801299 33.6658693790434 34.4480560779569 35.2302427768706 36.0124294757841 36.7946161746976 38.0050648689268 39.3582675615943 40.7114702542619 42.0646729469297 43.4178756395973 44.7710783322648 46.1242810249326 47.4255886713661 48.5712111790971 49.7168336868284 50.8624561945595 52.0080787022905
33.0586751461033 31.4173872152967 29.7760992844903 28.1348113536839 27.7811698595682 27.8567438443501 27.932317829132 28.0078918139139 28.0834657986958 28.1590397834777 28.2346137682596 28.4060960292814 28.8653031190235 29.3245102087655 29.7837172985075 30.2429243882495 30.7021314779916 31.1613385677336 31.6205456574756 31.6841468016306 31.6158792972565 31.5476117928823 31.4793442885081 31.4110767841339 31.3428092797597 31.2745417753855 31.4189246018726 32.201258420944 32.9835922400155 33.7659260590869 34.5482598781583 35.3305936972299 36.1129275163013 36.8952613353727 38.1043679873146 39.4557322502133 40.807096513112 42.1584607760109 43.5098250389096 44.8611893018083 46.2125535647072 47.5117496702403 48.6544413036767 49.7971329371132 50.9398245705496 52.0825162039859
33.6313539928864 31.9928035100303 30.3542530271745 28.7157025443187 28.3546509106953 28.4194322268167 28.4842135429381 28.5489948590596 28.613776175181 28.6785574913024 28.7433388074238 28.903416999181 29.3493858178455 29.7953546365101 30.2413234551746 30.6872922738391 31.1332610925037 31.5792299111682 32.0251987298328 32.0760759671529 31.9952560106913 31.9144360542297 31.8336160977681 31.7527961413065 31.6719761848449 31.5911562283833 31.7272305011747 32.5139874617256 33.3007444222766 34.0875013828275 34.8742583433784 35.6610153039294 36.4477722644803 37.2345292250312 38.4278431892392 39.7566761546661 41.085509120093 42.4143420855202 43.7431750509471 45.072008016374 46.4008409818011 47.6840701209171 48.8304877811004 49.9769054412839 51.1233231014673 52.2697407616506
34.4025918960575 32.7670846939088 31.1315774917605 29.4960702896121 29.1112206459044 29.1432568550109 29.1752930641173 29.2073292732238 29.2393654823302 29.2714016914367 29.3034379005431 29.4430010636646 29.9051450888314 30.3672891139982 30.829433139165 31.2915771643318 31.7537211894987 32.2158652146655 32.6780092398323 32.7187270164489 32.6189693768818 32.5192117373148 32.4194540977477 32.3196964581807 32.2199388186136 32.1201811790466 32.2442269802091 33.0396831035611 33.8351392269132 34.6305953502652 35.4260514736172 36.2215075969694 37.0169637203214 37.8124198436734 38.9754904747006 40.2610992749528 41.546708075205 42.8323168754575 44.1179256757097 45.4035344759619 46.6891432762143 47.9425500233965 49.0993506113684 50.2561511993406 51.4129517873125 52.5697523752845
35.1738297992286 33.5413658777874 31.9089019563466 30.2764380349057 29.8677903811136 29.8670814832051 29.8663725852965 29.865663687388 29.8649547894795 29.864245891571 29.8635369936624 29.9825851281482 30.4609043598173 30.9392235914865 31.4175428231555 31.8958620548246 32.3741812864938 32.8525005181628 33.3308197498319 33.361378065745 33.2426827430725 33.1239874203999 33.0052920977274 32.8865967750549 32.7679014523824 32.6492061297098 32.7612234592435 33.5653787453966 34.3695340315499 35.173689317703 35.9778446038561 36.7819998900093 37.5861551761625 38.3903104623156 39.5231377601621 40.7655223952396 42.0079070303171 43.2502916653948 44.4926763004723 45.7350609355499 46.9774455706276 48.2010299258759 49.3682134416365 50.5353969573972 51.7025804731578 52.8697639889184
35.9450677023997 34.315647061666 32.6862264209326 31.0568057801992 30.6243601163228 30.5909061113993 30.5574521064758 30.5239981015523 30.4905440966288 30.4570900917053 30.4236360867818 30.5221691926319 31.0166636308032 31.5111580689747 32.005652507146 32.5001469453174 32.9946413834888 33.4891358216602 33.9836302598315 34.004029115041 33.8663961092631 33.7287631034851 33.5911300977071 33.4534970919291 33.3158640861511 33.1782310803731 33.278219938278 34.0910743872322 34.9039288361865 35.7167832851407 36.529637734095 37.3424921830493 38.1553466320035 38.9682010809578 40.0707850456235 41.2699455155263 42.4691059854292 43.6682664553322 44.867426925235 46.0665873951378 47.2657478650409 48.4595098283553 49.6370762719045 50.8146427154539 51.9922091590031 53.1697756025523
36.7163056055708 35.0899282455446 33.4635508855186 31.8371735254927 31.3809298515319 31.3147307395934 31.2485316276549 31.1823325157165 31.116133403778 31.0499342918395 30.983735179901 31.0617532571155 31.5724229017891 32.0830925464628 32.5937621911365 33.1044318358101 33.6151014804838 34.1257711251574 34.6364407698311 34.6466801643371 34.4901094754536 34.3335387865702 34.1769680976867 34.0203974088032 33.8638267199198 33.7072560310363 33.7952164173123 34.6167700290677 35.4383236408231 36.2598772525785 37.0814308643338 37.9029844760892 38.7245380878446 39.5460916995999 40.6184323310849 41.774368635813 42.9303049405412 44.0862412452695 45.2421775499976 46.3981138547258 47.5540501594541 48.7179897308346 49.9059391021725 51.0938884735105 52.2818378448483 53.4697872161861
37.487543508742 35.8642094294232 34.2408753501047 32.6175412707862 32.137499586741 32.0385553677876 31.9396111488342 31.8406669298807 31.7417227109273 31.6427784919738 31.5438342730204 31.6013373215991 32.128182172775 32.655027023951 33.181871875127 33.7087167263029 34.2355615774789 34.7624064286548 35.2892512798307 35.2893312136332 35.1138228416442 34.9383144696553 34.7628060976664 34.5872977256775 34.4117893536885 34.2362809816996 34.3122128963468 35.1424656709032 35.9727184454598 36.8029712200162 37.6332239945726 38.4634767691292 39.2937295436856 40.1239823182421 41.1660796165464 42.2787917560998 43.3915038956532 44.5042160352069 45.6169281747603 46.7296403143137 47.8423524538674 48.976469633314 50.1748019324405 51.3731342315671 52.5714665306936 53.76979882982
38.1308254559839 36.5019623120628 34.873099168142 33.2442360242212 32.7309835751851 32.5896013577779 32.4482191403707 32.3068369229635 32.1654547055562 32.024072488149 31.8826902707418 31.9186788347031 32.4867797427705 33.0548806508381 33.6229815589056 34.191082466973 34.7591833750405 35.327284283108 35.8953851911754 35.8712874094645 35.6497900644938 35.4282927195231 35.2067953745524 34.9852980295817 34.763800684611 34.5423033396403 34.5901906543306 35.4462319480046 36.3022732416787 37.1583145353527 38.0143558290267 38.8703971227008 39.7264384163748 40.5824797100488 41.5985590298968 42.6679843584694 43.7374096870419 44.8068350156146 45.8762603441872 46.9456856727597 48.0151110013324 49.1163072586057 50.3128163019813 51.5093253453571 52.7058343887326 53.9023434321082
38.6461514472965 37.0031868934633 35.3602223396304 33.7172577857975 33.161381816864 32.9678687095642 32.7743556022644 32.5808424949646 32.3873293876648 32.193816280365 32.0003031730652 32.0137777964272 32.6482156117755 33.2826534271239 33.9170912424721 34.5515290578204 35.1859668731688 35.820404688517 36.4548425038653 36.392548751831 36.0980111440023 35.8034735361735 35.5089359283447 35.214398320516 34.9198607126872 34.6253231048584 34.6291496912636 35.5280688603716 36.4269880294798 37.3259071985878 38.2248263676958 39.123745536804 40.022664705912 40.92158387502 41.9158705711363 42.9419464429217 43.9680223147071 44.9940981864927 46.0201740582781 47.0462499300636 48.0723258018492 49.1375026067095 50.3199822107947 51.5024618148802 52.6849414189654 53.8674210230506
