data/working_set_collections/6091692-Cassins_Sparrow-MC/2015/bio1.asc
NCOLS 265 
NROWS 230 
XLLCORNER -115.5625 
YLLCORNER 24.8333333333333 
CELLSIZE 0.0833333333333333 
NODATA_value -9999 
[rows 160 to 179 of 230, columns 138 to 183 of 265]
18.6282513618469 18.7074460029602 18.7866406440735 18.8658352851868 18.9549968719483 19.0474807739258 19.1399646759033 19.2324485778809 19.3249324798584 19.417416381836 19.5099002838135 19.5979712168376 19.6728032430013 19.7476352691651 19.8224672953288 19.8972993214925 19.9721313476563 20.04696337382 20.1217953999837 20.1862508773804 20.247247505188 20.3082441329956 20.3692407608032 20.4302373886108 20.4912340164184 20.552230644226 20.5849694728851 20.5329349040985 20.4809003353119 20.4288657665253 20.3768311977386 20.324796628952 20.2727620601654 20.2207274913788 20.1652408599853 20.1086035410563 20.0519662221273 19.9953289031982 19.9386915842692 19.8820542653402 19.8254169464111 19.7807513554891 19.772000948588 19.763250541687 19.754500134786 19.7457497278849
18.4530559857686 18.5020941734314 18.5511323610942 18.6001705487569 18.6786954243978 18.7670491960314 18.8554029676649 18.9437567392985 19.0321105109321 19.1204642825657 19.2088180541992 19.3006108601888 19.4027207692464 19.5048306783041 19.6069405873617 19.7090504964193 19.8111604054769 19.9132703145345 20.0153802235921 20.1069760004679 20.1950670666165 20.283158132765 20.3712491989136 20.4593402650621 20.5474313312106 20.6355223973592 20.6892709996965 20.6399922106001 20.5907134215037 20.5414346324073 20.4921558433109 20.4428770542145 20.3935982651181 20.3443194760217 20.2838113149007 20.2195600297716 20.1553087446425 20.0910574595133 20.0268061743842 19.9625548892551 19.898303604126 19.8463390138414 19.8312345080905 19.8161300023397 19.8010254965888 19.7859209908379
18.4408537546793 18.4669844309489 18.4931151072184 18.5192457834879 18.5930801550547 18.6828157583872 18.7725513617197 18.8622869650522 18.9520225683848 19.0417581717173 19.1314937750498 19.2290872732798 19.3502544562021 19.4714216391245 19.5925888220468 19.7137560049692 19.8349231878916 19.9560903708139 20.0772575537363 20.1829167048136 20.2834065119425 20.3838963190714 20.4843861262003 20.5848759333292 20.6853657404581 20.785855547587 20.8487369378407 20.7987930774688 20.7488492170969 20.698905356725 20.6489614963531 20.5990176359812 20.5490737756093 20.4991299152374 20.4319218476613 20.3589590443505 20.2859962410397 20.2130334377289 20.1400706344181 20.0671078311072 19.9941450277964 19.9334824191199 19.9097203943464 19.8859583695729 19.8621963447995 19.838434320026
18.5916446685791 18.6021167755127 18.6125888824463 18.6230609893799 18.698151063919 18.7947804609934 18.8914098580678 18.9880392551422 19.0846686522165 19.1812980492909 19.2779274463653 19.3834004561106 19.5154043038685 19.6474081516265 19.7794119993845 19.9114158471425 20.0434196949005 20.1754235426584 20.3074273904164 20.4140729904174 20.5122658411661 20.6104586919148 20.7086515426635 20.8068443934122 20.9050372441609 21.0032300949096 21.0633672873179 21.0093375047048 20.9553077220916 20.9012779394785 20.8472481568654 20.7932183742523 20.7391885916392 20.6851588090261 20.6095724582672 20.5268005847931 20.444028711319 20.3612568378448 20.2784849643707 20.1957130908966 20.1129412174225 20.0421815713247 20.0074586073557 19.9727356433868 19.9380126794179 19.903289715449
18.7424355824788 18.7372491200765 18.7320626576741 18.7268761952718 18.8032219727834 18.9067451635996 19.0102683544158 19.1137915452321 19.2173147360483 19.3208379268646 19.4243611176808 19.5377136389414 19.680554151535 19.8233946641286 19.9662351767222 20.1090756893157 20.2519162019093 20.3947567145029 20.5375972270965 20.6452292760213 20.7411251703898 20.8370210647582 20.9329169591267 21.0288128534952 21.1247087478637 21.2206046422322 21.277997636795 21.2198819319407 21.1617662270864 21.103650522232 21.0455348173777 20.9874191125234 20.9293034076691 20.8711877028147 20.7872230688731 20.6946421252357 20.6020611815982 20.5094802379608 20.4168992943234 20.324318350686 20.2317374070485 20.1508807235294 20.1051968203651 20.0595129172007 20.0138290140364 19.9681451108721
18.8932264963786 18.8723814646403 18.851536432902 18.8306914011637 18.9082928816477 19.0187098662058 19.1291268507639 19.239543835322 19.3499608198801 19.4603778044382 19.5707947889963 19.6920268217722 19.8457039992014 19.9993811766306 20.1530583540598 20.306735531489 20.4604127089182 20.6140898863474 20.7677670637766 20.8763855616251 20.9699844996134 21.0635834376017 21.1571823755899 21.2507813135782 21.3443802515665 21.4379791895548 21.4926279862721 21.4304263591766 21.3682247320811 21.3060231049855 21.24382147789 21.1816198507944 21.1194182236989 21.0572165966034 20.964873679479 20.8624836656782 20.7600936518775 20.6577036380768 20.5553136242761 20.4529236104753 20.3505335966746 20.2595798757341 20.2029350333744 20.1462901910146 20.0896453486549 20.0330005062951
19.0440174102783 19.0075138092041 18.9710102081299 18.9345066070557 19.013363790512 19.130674568812 19.247985347112 19.3652961254119 19.4826069037119 19.5999176820119 19.7172284603118 19.846340004603 20.0108538468678 20.1753676891326 20.3398815313974 20.5043953736622 20.6689092159271 20.8334230581919 20.9979369004567 21.107541847229 21.198843828837 21.2901458104451 21.3814477920532 21.4727497736612 21.5640517552693 21.6553537368774 21.7072583357493 21.6409707864125 21.5746832370758 21.508395687739 21.4421081384023 21.3758205890655 21.3095330397288 21.243245490392 21.1425242900848 21.0303252061208 20.9181261221568 20.8059270381927 20.6937279542287 20.5815288702647 20.4693297863007 20.3682790279388 20.3006732463837 20.2330674648285 20.1654616832733 20.0978559017181
19.1948083241781 19.1426461537679 19.0904839833577 19.0383218129476 19.1184346993764 19.2426392714182 19.36684384346 19.4910484155019 19.6152529875437 19.7394575595855 19.8636621316274 20.0006531874338 20.1760036945342 20.3513542016347 20.5267047087351 20.7020552158355 20.8774057229359 21.0527562300363 21.2281067371368 21.3386981328328 21.4277031580607 21.5167081832885 21.6057132085164 21.6947182337443 21.7837232589721 21.8727282842 21.9218886852264 21.8515152136485 21.7811417420705 21.7107682704925 21.6403947989146 21.5700213273366 21.4996478557587 21.4292743841807 21.3201749006907 21.1981667465634 21.0761585924361 20.9541504383087 20.8321422841814 20.7101341300541 20.5881259759267 20.4769781801436 20.398411459393 20.3198447386424 20.2412780178918 20.1627112971412
19.4024312814076 19.3468168735504 19.2912024656931 19.2355880578359 19.3122469425201 19.4329969247181 19.5537469069162 19.6744968891143 19.7952468713124 19.9159968535105 20.0367468357086 20.1679939746856 20.3307325839996 20.4934711933136 20.6562098026275 20.8189484119415 20.9816870212555 21.1444256305694 21.3071642398834 21.4173653443654 21.5100539472368 21.6027425501082 21.6954311529795 21.7881197558509 21.8808083587222 21.9734969615936 22.0277882628971 21.9668876594967 21.9059870560964 21.8450864526961 21.7841858492957 21.7232852458954 21.662384642495 21.6014840390947 21.4944994767507 21.3721535947588 21.2498077127669 21.1274618307749 21.005115948783 20.8827700667911 20.7604241847992 20.647983095381 20.5652563836839 20.4825296719869 20.3998029602898 20.3170762485928
19.6668862819671 19.6200259685516 19.5731656551361 19.5263053417205 19.5948005199432 19.7017475287119 19.8086945374806 19.9156415462493 20.022588555018 20.1295355637868 20.2364825725555 20.3483623663584 20.4750405152638 20.6017186641693 20.7283968130747 20.8550749619801 20.9817531108856 21.108431259791 21.2351094086965 21.3435434818268 21.4458961963653 21.5482489109039 21.6506016254425 21.7529543399811 21.8553070545196 21.9576597690582 22.0249570687612 21.9870881239573 21.9492191791534 21.9113502343496 21.8734812895457 21.8356123447418 21.7977433999379 21.7598744551341 21.6654980182648 21.552285750707 21.4390734831492 21.3258612155914 21.2126489480336 21.0994366804759 20.9862244129181 20.8812937736511 20.8012080192566 20.721122264862 20.6410365104675 20.560950756073
19.9313412825266 19.8932350635528 19.855128844579 19.8170226256052 19.8773540973663 19.9704981327056 20.063642168045 20.1567862033843 20.2499302387237 20.3430742740631 20.4362183094024 20.5287307580312 20.6193484465281 20.709966135025 20.8005838235219 20.8912015120188 20.9818192005157 21.0724368890126 21.1630545775095 21.2697216192881 21.3817384454939 21.4937552716997 21.6057720979055 21.7177889241112 21.829805750317 21.9418225765228 22.0221258746253 22.0072885884179 21.9924513022105 21.9776140160031 21.9627767297957 21.9479394435882 21.9331021573808 21.9182648711734 21.8364965597788 21.7324179066552 21.6283392535316 21.5242606004079 21.4201819472843 21.3161032941606 21.212024641037 21.1146044519212 21.0371596548292 20.9597148577372 20.8822700606452 20.8048252635532
20.1957962830861 20.166444158554 20.137092034022 20.1077399094899 20.1599076747894 20.2392487366994 20.3185897986093 20.3979308605193 20.4772719224293 20.5566129843393 20.6359540462493 20.7090991497039 20.7636563777923 20.8182136058807 20.8727708339691 20.9273280620575 20.9818852901459 21.0364425182342 21.0909997463226 21.1958997567495 21.3175806946224 21.4392616324954 21.5609425703684 21.6826235082414 21.8043044461144 21.9259853839874 22.0192946804894 22.0274890528785 22.0356834252675 22.0438777976566 22.0520721700456 22.0602665424347 22.0684609148237 22.0766552872128 22.0074951012929 21.9125500626034 21.8176050239139 21.7226599852244 21.6277149465349 21.5327699078454 21.4378248691559 21.3479151301913 21.2731112904019 21.1983074506124 21.1235036108229 21.0486997710334
20.4602512836456 20.4396532535553 20.4190552234649 20.3984571933746 20.4424612522125 20.5079993406931 20.5735374291737 20.6390755176544 20.704613606135 20.7701516946156 20.8356897830963 20.8894675413767 20.9079643090566 20.9264610767364 20.9449578444163 20.9634546120961 20.981951379776 21.0004481474559 21.0189449151357 21.1220778942108 21.253422943751 21.3847679932912 21.5161130428314 21.6474580923716 21.7788031419118 21.910148191452 22.0164634863536 22.0476895173391 22.0789155483246 22.1101415793101 22.1413676102956 22.1725936412811 22.2038196722666 22.2350457032521 22.178493642807 22.0926822185516 22.0068707942963 21.9210593700409 21.8352479457855 21.7494365215301 21.6636250972748 21.5812258084615 21.5090629259745 21.4369000434875 21.3647371610005 21.2925742785136
20.7247062842051 20.7128623485565 20.7010184129079 20.6891744772593 20.7250148296356 20.7767499446868 20.8284850597381 20.8802201747894 20.9319552898407 20.9836904048919 21.0354255199432 21.0698359330495 21.0522722403208 21.0347085475922 21.0171448548635 20.9995811621348 20.9820174694061 20.9644537766775 20.9468900839488 21.0482560316721 21.1892651928795 21.330274354087 21.4712835152944 21.6122926765018 21.7533018377092 21.8943109989166 22.0136322922177 22.0678899817996 22.1221476713816 22.1764053609636 22.2306630505456 22.2849207401275 22.3391784297095 22.3934361192915 22.3494921843211 22.2728143744998 22.1961365646786 22.1194587548574 22.0427809450361 21.9661031352149 21.8894253253937 21.8145364867316 21.7450145615472 21.6754926363627 21.6059707111782 21.5364487859938
20.8416571511163 20.8449641545614 20.8482711580065 20.8515781614515 20.8930696646372 20.9472893344031 21.001509004169 21.0557286739349 21.1099483437008 21.1641680134667 21.2183876832326 21.2417293866475 21.1724371910095 21.1031449953715 21.0338527997335 20.9645606040955 20.8952684084575 20.8259762128195 20.7566840171815 20.8457511266073 20.9876046710544 21.1294582155016 21.2713117599488 21.4131653043959 21.5550188488431 21.6968723932903 21.8260056283739 21.9169779353672 22.0079502423605 22.0989225493537 22.189894856347 22.2808671633403 22.3718394703335 22.4628117773268 22.440754699707 22.3810211605496 22.3212876213921 22.2615540822347 22.2018205430772 22.1420870039198 22.0823534647623 22.0218105475108 21.9588394959768 21.8958684444427 21.8328973929087 21.7699263413747
20.8111038843791 20.8359586715698 20.8608134587606 20.8856682459513 20.9466257572174 21.0196175098419 21.0926092624664 21.1656010150909 21.2385927677154 21.3115845203399 21.3845762729644 21.4051479021708 21.2684591611227 21.1317704200745 20.9950816790263 20.8583929379782 20.72170419693 20.5850154558818 20.4483267148337 20.5145631790161 20.6484413782756 20.782319577535 20.9161977767945 21.0500759760539 21.1839541753133 21.3178323745728 21.4535834948222 21.5949533780416 21.736323261261 21.8776931444804 22.0190630276998 22.1604329109192 22.3018027941386 22.443172677358 22.4522811889648 22.4173025767008 22.3823239644368 22.3473453521728 22.3123667399088 22.2773881276448 22.2424095153808 22.2030479907989 22.1505377292633 22.0980274677276 22.045517206192 21.9930069446564
20.7805506176419 20.8269531885783 20.8733557595147 20.9197583304511 21.0001818497975 21.0919456852807 21.1837095207638 21.2754733562469 21.36723719173 21.4590010272132 21.5507648626963 21.5685664176941 21.3644811312358 21.1603958447775 20.9563105583191 20.7522252718608 20.5481399854025 20.3440546989442 20.1399694124859 20.183375231425 20.3092780854967 20.4351809395684 20.5610837936402 20.6869866477119 20.8128895017836 20.9387923558553 21.0811613612705 21.272928820716 21.4646962801615 21.6564637396071 21.8482311990526 22.0399986584981 22.2317661179436 22.4235335773891 22.4638076782227 22.4535839928521 22.4433603074815 22.433136622111 22.4229129367404 22.4126892513699 22.4024655659993 22.3842854340871 22.3422359625498 22.3001864910126 22.2581370194753 22.216087547938
20.7499973509047 20.8179477055867 20.8858980602688 20.9538484149509 21.0537379423777 21.1642738607194 21.2748097790612 21.3853456974029 21.4958816157446 21.6064175340864 21.7169534524281 21.7319849332174 21.4605031013489 21.1890212694804 20.917539437612 20.6460576057435 20.374575773875 20.1030939420065 19.8316121101381 19.8521872838339 19.9701147927179 20.0880423016019 20.2059698104859 20.3238973193699 20.4418248282539 20.5597523371379 20.7087392277188 20.9509042633904 21.1930692990621 21.4352343347337 21.6773993704054 21.919564406077 22.1617294417487 22.4038944774203 22.4753341674805 22.4898654090034 22.5043966505262 22.5189278920491 22.533459133572 22.5479903750949 22.5625216166178 22.5655228773753 22.5339341958364 22.5023455142974 22.4707568327585 22.4391681512197
20.7194440841675 20.8089422225952 20.8984403610229 20.9879384994506 21.1072940349579 21.2366020361582 21.3659100373585 21.4952180385589 21.6245260397593 21.7538340409596 21.88314204216 21.8954034487407 21.5565250714621 21.2176466941834 20.8787683169048 20.5398899396262 20.2010115623475 19.8621331850689 19.5232548077903 19.5209993362427 19.630951499939 19.7409036636353 19.8508558273316 19.9608079910279 20.0707601547242 20.1807123184205 20.3363170941671 20.6288797060648 20.9214423179626 21.2140049298604 21.5065675417582 21.799130153656 22.0916927655537 22.3842553774515 22.4868606567383 22.5261468251546 22.5654329935709 22.6047191619873 22.6440053304036 22.68329149882 22.7225776672363 22.7467603206634 22.7256324291229 22.7045045375824 22.6833766460418 22.6622487545013
20.6888908174303 20.7999367396037 20.910982661777 21.0220285839504 21.160850127538 21.308930211597 21.4570102956559 21.6050903797149 21.7531704637739 21.9012505478328 22.0493306318918 22.058821964264 21.6525470415752 21.2462721188864 20.8399971961976 20.4337222735088 20.02744735082 19.6211724281312 19.2148975054425 19.1898113886516 19.2917882071601 19.3937650256687 19.4957418441773 19.5977186626858 19.6996954811944 19.801672299703 19.9638949606153 20.3068551487392 20.6498153368632 20.9927755249871 21.335735713111 21.6786959012349 22.0216560893588 22.3646162774827 22.4983871459961 22.5624282413059 22.6264693366156 22.6905104319254 22.7545515272352 22.818592622545 22.8826337178548 22.9279977639516 22.9173306624094 22.9066635608673 22.8959964593251 22.885329357783
