data/working_set_collections/6091692-Cassins_Sparrow-MC/2015/bio1.asc
NCOLS 265 
NROWS 230 
XLLCORNER -115.5625 
YLLCORNER 24.8333333333333 
CELLSIZE 0.0833333333333333 
NODATA_value -9999 
[rows 180 to 199 of 230, columns 138 to 183 of 265]
20.59881011645 20.7140994866689 20.8293888568878 20.9446782271067 21.0907623926799 21.2471114900377 21.4034605873956 21.5598096847534 21.7161587821113 21.8725078794691 22.028856976827 22.038041162491 21.6057306130729 21.1734200636547 20.7411095142366 20.3087989648185 19.8764884154003 19.4441778659822 19.0118673165641 18.990113178889 19.1052111784617 19.2203091780344 19.3354071776072 19.4505051771799 19.5656031767527 19.6807011763254 19.8564308590358 20.2140555911593 20.5716803232828 20.9293050554063 21.2869297875297 21.6445545196532 22.0021792517767 22.3598039839002 22.5087847709656 22.5882175763448 22.667650381724 22.7470831871033 22.8265159924825 22.9059487978617 22.9853816032409 23.044618346956 23.0432669056786 23.0419154644012 23.0405640231238 23.0392125818464
20.4492019812266 20.5514304637909 20.6536589463552 20.7558874289195 20.8970308303833 21.0511458714803 21.2052609125773 21.3593759536743 21.5134909947713 21.6676060358683 21.8217210769653 21.8330610434216 21.4160757859549 20.9990905284883 20.5821052710216 20.165120013555 19.7481347560883 19.3311494986217 18.9141642411551 18.9219047069549 19.0712204138438 19.2205361207326 19.3698518276214 19.5191675345102 19.6684832413991 19.8177989482879 20.0139247894286 20.3504810333251 20.6870372772216 21.0235935211181 21.3601497650145 21.6967060089111 22.0332622528075 22.369818496704 22.5180535316467 22.6035148302714 22.688976128896 22.7744374275207 22.8598987261454 22.9453600247701 23.0308213233948 23.0966220696767 23.1034411589304 23.1102602481842 23.1170793374379 23.1238984266917
20.2995938460032 20.3887614409129 20.4779290358226 20.5670966307322 20.7032992680868 20.8551802529229 21.007061237759 21.1589422225952 21.3108232074314 21.4627041922675 21.6145851771037 21.6280809243521 21.226420958837 20.8247609933218 20.4231010278067 20.0214410622916 19.6197810967764 19.2181211312613 18.8164611657462 18.8536962350209 19.0372296492258 19.2207630634307 19.4042964776357 19.5878298918406 19.7713633060455 19.9548967202504 20.1714187198214 20.4869064754909 20.8023942311604 21.1178819868299 21.4333697424994 21.7488574981689 22.0643452538384 22.3798330095078 22.5273222923279 22.618812084198 22.7103018760681 22.8017916679382 22.8932814598083 22.9847712516784 23.0762610435486 23.1486257923974 23.1636154121823 23.1786050319672 23.193594651752 23.2085842715369
20.1499857107798 20.2260924180349 20.3021991252899 20.378305832545 20.5095677057902 20.6592146343655 20.8088615629408 20.9585084915161 21.1081554200914 21.2578023486667 21.407449277242 21.4231008052827 21.0367661317191 20.6504314581554 20.2640967845918 19.8777621110282 19.4914274374645 19.1050927639009 18.7187580903372 18.7854877630869 19.0032388846079 19.2209900061289 19.4387411276499 19.6564922491709 19.8742433706919 20.0919944922129 20.3289126502142 20.6233319176567 20.9177511850992 21.2121704525417 21.5065897199842 21.8010089874267 22.0954282548692 22.3898475223117 22.536591053009 22.6341093381246 22.7316276232401 22.8291459083557 22.9266641934712 23.0241824785868 23.1217007637024 23.2006295151181 23.2237896654341 23.2469498157501 23.2701099660661 23.2932701163822
20.0003775755564 20.0634233951569 20.1264692147573 20.1895150343577 20.3158361434937 20.4632490158081 20.6106618881226 20.758074760437 20.9054876327515 21.0529005050659 21.2003133773804 21.2181206862133 20.8471113046012 20.476101922989 20.1050925413769 19.7340831597647 19.3630737781526 18.9920643965404 18.6210550149283 18.7172792911529 18.96924811999 19.221216948827 19.4731857776641 19.7251546065012 19.9771234353382 20.2290922641753 20.486406580607 20.7597573598225 21.033108139038 21.3064589182535 21.579809697469 21.8531604766845 22.1265112559 22.3998620351155 22.5458598136902 22.6494065920512 22.7529533704122 22.8565001487732 22.9600469271342 23.0635937054952 23.1671404838562 23.2526332378387 23.2839639186859 23.3152945995331 23.3466252803802 23.3779559612274
19.8507694403331 19.9007543722789 19.9507393042247 20.0007242361705 20.1221045811971 20.2672833972507 20.4124622133043 20.5576410293579 20.7028198454115 20.8479986614651 20.9931774775187 21.0131405671439 20.6574564774832 20.3017723878226 19.9460882981619 19.5904042085013 19.2347201188406 18.87903602918 18.5233519395194 18.6490708192189 18.935257355372 19.2214438915252 19.5076304276784 19.7938169638315 20.0800034999846 20.3661900361378 20.6439005109998 20.8961828019883 21.1484650929768 21.4007473839653 21.6530296749538 21.9053119659423 22.1575942569308 22.4098765479193 22.5551285743713 22.6647038459778 22.7742791175842 22.8838543891907 22.9934296607971 23.1030049324035 23.21258020401 23.3046369605594 23.3441381719377 23.383639383316 23.4231405946943 23.4626418060726
19.7869872940911 19.8291800498962 19.8713728057013 19.9135655615065 20.0256305535634 20.1609862910376 20.2963420285119 20.4316977659861 20.5670535034603 20.7024092409346 20.8377649784088 20.855343023936 20.5195879936219 20.1838329633078 19.8480779329937 19.5123229026795 19.1765678723654 18.8408128420513 18.5050578117371 18.6460369586944 18.9459274980756 19.2458180374568 19.5457085768381 19.8455991162193 20.1454896556006 20.4453801949818 20.7326904985639 20.9822600947485 21.2318296909332 21.4813992871178 21.7309688833024 21.980538479487 22.2301080756716 22.4796776718563 22.6196303685506 22.7230440987481 22.8264578289455 22.929871559143 23.0332852893405 23.136699019538 23.2401127497355 23.3297020382351 23.3778180016412 23.4259339650472 23.4740499284532 23.5221658918592
19.8090311368306 19.848700428009 19.8883697191874 19.9280390103658 20.0264140605926 20.144357697169 20.2623013337453 20.3802449703216 20.498188606898 20.6161322434743 20.7340758800507 20.7447280565898 20.4335058530173 20.1222836494446 19.8110614458721 19.4998392422995 19.1886170387269 18.8773948351543 18.5661726315817 18.7081777095794 19.0012585481007 19.294339386622 19.5874202251434 19.8805010636647 20.173581902186 20.4666627407073 20.7527765432993 21.0179892381031 21.2832019329071 21.5484146277109 21.8136273225148 22.0788400173187 22.3440527121225 22.6092654069264 22.739365196228 22.8244273503621 22.9094895044962 22.9945516586303 23.0796138127645 23.1646759668986 23.2497381210327 23.3278284708659 23.3850034077962 23.4421783447265 23.4993532816569 23.5565282185872
19.8310749795702 19.8682208061218 19.9053666326735 19.9425124592251 20.0271975676218 20.1277291033003 20.2282606389787 20.3287921746572 20.4293237103356 20.529855246014 20.6303867816925 20.6341130892436 20.3474237124126 20.0607343355815 19.7740449587505 19.4873555819194 19.2006662050883 18.9139768282573 18.6272874514263 18.7703184604644 19.0565895981258 19.3428607357872 19.6291318734486 19.91540301111 20.2016741487714 20.4879452864329 20.7728625880347 21.0537183814578 21.3345741748809 21.615429968304 21.8962857617271 22.1771415551503 22.4579973485734 22.7388531419965 22.8591000239054 22.9258106019762 22.9925211800469 23.0592317581177 23.1259423361884 23.1926529142591 23.2593634923299 23.3259549034966 23.3921888139513 23.4584227244059 23.5246566348606 23.5908905453152
19.8531188223097 19.8877411842346 19.9223635461595 19.9569859080844 20.0279810746511 20.1111005094316 20.1942199442122 20.2773393789927 20.3604588137733 20.4435782485538 20.5266976833344 20.5234981218975 20.261341571808 19.9991850217184 19.7370284716289 19.4748719215394 19.2127153714498 18.9505588213603 18.6884022712708 18.8324592113494 19.1119206481509 19.3913820849524 19.6708435217539 19.9503049585554 20.2297663953568 20.5092278321584 20.79294863277 21.0894475248124 21.3859464168548 21.6824453088972 21.9789442009395 22.2754430929819 22.5719419850243 22.8684408770666 22.9788348515828 23.0271938535902 23.0755528555976 23.123911857605 23.1722708596123 23.2206298616197 23.2689888636271 23.3240813361274 23.3993742201063 23.4746671040853 23.5499599880642 23.6252528720432
19.8751626650492 19.9072615623474 19.9393604596456 19.9714593569438 20.0287645816803 20.0944719155629 20.1601792494456 20.2258865833282 20.2915939172109 20.3573012510935 20.4230085849762 20.4128831545513 20.1752594312033 19.9376357078553 19.7000119845073 19.4623882611593 19.2247645378113 18.9871408144633 18.7495170911154 18.8945999622344 19.167251698176 19.4399034341176 19.7125551700591 19.9852069060007 20.2578586419423 20.5305103778839 20.8130346775054 21.125176668167 21.4373186588287 21.7494606494903 22.0616026401519 22.3737446308135 22.6858866214751 22.9980286121367 23.0985696792602 23.1285771052042 23.1585845311483 23.1885919570923 23.2185993830363 23.2486068089803 23.2786142349243 23.3222077687581 23.4065596262614 23.4909114837646 23.5752633412679 23.6596151987711
19.8972065077888 19.9267819404602 19.9563573731316 19.9859328058031 20.0295480887095 20.0778433216943 20.126138554679 20.1744337876638 20.2227290206485 20.2710242536333 20.319319486618 20.3022681872051 20.0891772905986 19.8760863939921 19.6629954973857 19.4499046007793 19.2368137041728 19.0237228075664 18.8106319109599 18.9567407131195 19.2225827482011 19.4884247832827 19.7542668183644 20.020108853446 20.2859508885277 20.5517929236094 20.8331207222408 21.1609058115216 21.4886909008025 21.8164759900834 22.1442610793642 22.4720461686452 22.799831257926 23.1276163472069 23.2183045069376 23.2299603568183 23.2416162066989 23.2532720565796 23.2649279064602 23.2765837563409 23.2882396062215 23.3203342013889 23.4137450324164 23.507155863444 23.6005666944715 23.6939775254991
19.901194164488 19.9306868394216 19.9601795143551 19.9896721892887 20.0313353379567 20.077055311203 20.1227752844492 20.1684952576955 20.2142152309418 20.259935204188 20.3056551774343 20.2883688078987 20.0820634100173 19.8757580121358 19.6694526142545 19.4631472163731 19.2568418184916 19.0505364206103 18.8442310227289 18.9884970506032 19.2496202203962 19.5107433901892 19.7718665599823 20.0329897297753 20.2941128995683 20.5552360693613 20.8362864335377 21.1771183808644 21.5179503281911 21.8587822755177 22.1996142228443 22.540446170171 22.8812781174977 23.2221100648243 23.3134403864542 23.3216034995185 23.3297666125827 23.337929725647 23.3460928387112 23.3542559517754 23.3624190648397 23.3917175028059 23.4844219154781 23.5771263281504 23.6698307408226 23.7625351534949
19.8871256351471 19.9189762592316 19.950826883316 19.9826775074005 20.034126329422 20.0921078840891 20.1500894387563 20.2080709934234 20.2660525480906 20.3240341027577 20.3820156574249 20.3711850166321 20.1539177894593 19.9366505622864 19.7193833351136 19.5021161079407 19.2848488807679 19.067581653595 18.8503144264222 18.9898689746856 19.2483641147613 19.506859254837 19.7653543949127 20.0238495349883 20.282344675064 20.5408398151397 20.8225318113962 21.1738143761952 21.5250969409942 21.8763795057932 22.2276620705921 22.5789446353912 22.9302272001901 23.2815097649891 23.38397731781 23.4035065333048 23.4230357487996 23.4425649642944 23.4620941797892 23.481623395284 23.5011526107788 23.5363576730092 23.6185902754465 23.7008228778839 23.7830554803212 23.8652880827585
19.8730571058061 19.9072656790415 19.9414742522769 19.9756828255123 20.0369173208872 20.1071604569753 20.1774035930633 20.2476467291514 20.3178898652394 20.3881330013275 20.4583761374155 20.4540012253656 20.2257721689013 19.997543112437 19.7693140559727 19.5410849995084 19.3128559430441 19.0846268865798 18.8563978301155 18.9912408987681 19.2471080091264 19.5029751194847 19.7588422298431 20.0147093402014 20.2705764505598 20.5264435609181 20.8087771892547 21.170510371526 21.5322435537973 21.8939767360686 22.2557099183399 22.6174431006113 22.9791762828826 23.3409094651539 23.4545142491658 23.4854095670912 23.5163048850165 23.5472002029419 23.5780955208672 23.6089908387926 23.6398861567179 23.6809978432125 23.7527586354149 23.8245194276174 23.8962802198198 23.9680410120222
19.8589885764652 19.8955550988515 19.9321216212379 19.9686881436242 20.0397083123525 20.1222130298614 20.2047177473704 20.2872224648793 20.3697271823883 20.4522318998972 20.5347366174062 20.536817434099 20.2976265483433 20.0584356625875 19.8192447768318 19.580053891076 19.3408630053203 19.1016721195645 18.8624812338088 18.9926128228505 19.2458519034915 19.4990909841325 19.7523300647735 20.0055691454145 20.2588082260555 20.5120473066965 20.7950225671132 21.1672063668568 21.5393901666005 21.9115739663441 22.2837577660877 22.6559415658314 23.0281253655751 23.4003091653187 23.5250511805216 23.5673126008775 23.6095740212334 23.6518354415893 23.6940968619452 23.7363582823011 23.778619702657 23.8256380134158 23.8869269953833 23.9482159773508 24.0095049593183 24.0707939412858
19.8449200471242 19.8838445186615 19.9227689901988 19.961693461736 20.0424993038177 20.1372656027476 20.2320319016774 20.3267982006073 20.4215644995371 20.516330798467 20.6110970973968 20.6196336428325 20.3694809277853 20.1193282127381 19.8691754976909 19.6190227826437 19.3688700675965 19.1187173525493 18.8685646375021 18.9939847469329 19.2445957978566 19.4952068487802 19.7458178997039 19.9964289506276 20.2470400015512 20.4976510524749 20.7812679449716 21.1639023621876 21.5465367794036 21.9291711966196 22.3118056138355 22.6944400310516 23.0770744482675 23.4597088654835 23.5955881118774 23.6492156346639 23.7028431574503 23.7564706802368 23.8100982030232 23.8637257258097 23.9173532485962 23.9702781836191 24.0210953553517 24.0719125270843 24.1227296988169 24.1735468705495
19.8308515177833 19.8721339384715 19.9134163591597 19.9546987798479 20.045290295283 20.1523181756337 20.2593460559845 20.3663739363352 20.473401816686 20.5804296970367 20.6874575773875 20.7024498515659 20.4413353072273 20.1802207628886 19.91910621855 19.6579916742114 19.3968771298727 19.135762585534 18.8746480411954 18.9953566710154 19.2433396922217 19.491322713428 19.7393057346344 19.9872887558407 20.235271777047 20.4832547982533 20.7675133228301 21.1605983575184 21.5536833922068 21.9467684268951 22.3398534615833 22.7329384962717 23.12602353096 23.5191085656483 23.6661250432332 23.7311186684502 23.7961122936672 23.8611059188842 23.9260995441013 23.9910931693183 24.0560867945353 24.1149183538225 24.1552637153201 24.1956090768178 24.2359544383155 24.2762997998131
19.9115372074974 19.9591760158538 20.0068148242102 20.0544536325666 20.1423841158548 20.2437451574537 20.3451061990525 20.4464672406514 20.5478282822503 20.6491893238491 20.750550365448 20.7609194225736 20.4983125262791 20.2357056299846 19.9730987336901 19.7104918373956 19.4478849411011 19.1852780448066 18.9226711485122 19.047710164388 19.3019644843207 19.5562188042534 19.8104731241861 20.0647274441188 20.3189817640515 20.5732360839843 20.8584405846065 21.2364956272972 21.6145506699879 21.9926057126786 22.3706607553693 22.74871579806 23.1267708407507 23.5048258834414 23.6506840546926 23.7191432687971 23.7876024829017 23.8560616970062 23.9245209111108 23.9929801252153 24.0614393393199 24.1240286297268 24.1690081490411 24.2139876683553 24.2589671876695 24.3039467069838
20.0869771162668 20.1449707508087 20.2029643853505 20.2609580198923 20.3337807655334 20.4115465482076 20.4893123308817 20.5670781135559 20.64484389623 20.7226096789042 20.8003754615783 20.7950423558554 20.5404125849407 20.2857828140259 20.0311530431112 19.7765232721965 19.5218935012818 19.2672637303671 19.0126339594524 19.1510452270507 19.4204701741536 19.6898951212564 19.9593200683593 20.2287450154622 20.498169962565 20.7675949096679 21.0540497303008 21.3915941715239 21.7291386127471 22.0666830539702 22.4042274951934 22.7417719364166 23.0793163776397 23.4168608188628 23.5492651462555 23.6132894357046 23.6773137251536 23.7413380146027 23.8053623040517 23.8693865935008 23.9334108829498 23.9976090113322 24.0623286565145 24.1270483016968 24.1917679468791 24.2564875920614
