data/working_set_collections/6091692-Cassins_Sparrow-MC/2015/bio17.asc
NCOLS 265 
NROWS 230 
XLLCORNER -115.5625 
YLLCORNER 24.8333333333333 
CELLSIZE 0.0833333333333333 
NODATA_value -9999 
[rows 60 to 79 of 230, columns 184 to 229 of 265]
50.9351538976031 51.9280078676009 52.9208618375987 53.1086462020874 53.028074031406 52.9475018607245 52.8669296900431 52.7863575193617 52.7057853486803 52.6252131779989 52.7639968978032 53.5608482890656 54.3576996803282 55.1545510715906 55.9514024628531 56.7482538541157 57.5451052453781 58.3419566366405 59.7927502314247 61.461524560716 63.1302988900074 64.799073219299 66.4678475485904 68.1366218778817 69.8053962071733 71.1586200502182 71.5651924345227 71.9717648188272 72.3783372031317 72.7849095874361 73.1914819717407 73.5980543560451 74.0046267403496 75.4305491129554 77.1962548149953 78.9619605170351 80.7276662190752 82.4933719211151 84.2590776231549 86.0247833251951 87.5457676781547 88.332587983873 89.1194082895914 89.9062285953096 90.6930489010279 91.4798692067463
51.2800207138059 52.3030487696327 53.3260768254594 53.4920045852661 53.3722322463989 53.2524599075317 53.1326875686645 53.0129152297974 52.8931428909302 52.773370552063 52.8830696423846 53.6811830202736 54.4792963981627 55.2774097760516 56.0755231539406 56.8736365318297 57.6717499097186 58.4698632876076 59.939670372009 61.6333753585811 63.3270803451533 65.0207853317257 66.7144903182979 68.4081953048701 70.1019002914425 71.458482424418 71.8036959966022 72.1489095687865 72.4941231409708 72.839336713155 73.1845502853393 73.5297638575235 73.8749774297078 75.2431396484372 76.9522847493486 78.66142985026 80.3705749511716 82.079720052083 83.7888651529944 85.498010253906 86.997743097941 87.8692391713459 88.7407352447509 89.6122313181558 90.4837273915607 91.3552234649657
51.6248875300087 52.6780896716645 53.7312918133202 53.8753629684448 53.7163904613919 53.5574179543389 53.398445447286 53.239472940233 53.0805004331801 52.9215279261271 53.0021423869661 53.8015177514816 54.6008931159972 55.4002684805126 56.1996438450281 56.9990192095437 57.7983945740592 58.5977699385747 60.0865905125933 61.8052261564463 63.5238618002992 65.2424974441525 66.9611330880055 68.6797687318585 70.3984043757117 71.7583447986178 72.0421995586818 72.3260543187459 72.6099090788099 72.8937638388739 73.1776185989379 73.461473359002 73.745328119066 75.055730183919 76.7083146837019 78.3608991834848 80.013483683268 81.6660681830509 83.3186526828338 84.971237182617 86.4497185177272 87.4058903588187 88.3620621999104 89.3182340410019 90.2744058820934 91.2305777231851
51.9697543462115 53.0531305736963 54.136506801181 54.2587213516235 54.0605486763848 53.8623760011461 53.6642033259074 53.4660306506687 53.26785797543 53.0696853001913 53.1212151315475 53.9218524826895 54.7224898338316 55.5231271849736 56.3237645361156 57.1244018872577 57.9250392383997 58.7256765895417 60.2335106531776 61.9770769543114 63.7206432554452 65.4642095565793 67.2077758577131 68.9513421588469 70.694908459981 72.0582071728176 72.2807031207614 72.5031990687052 72.725695016649 72.9481909645928 73.1706869125366 73.3931828604804 73.6156788084241 74.8683207194008 76.4643446180552 78.0603685167097 79.6563924153644 81.2524163140188 82.8484402126732 84.4444641113279 85.9016939375134 86.9425415462915 87.9833891550698 89.024236763848 90.0650843726261 91.1059319814045
52.3146211624143 53.428171475728 54.5417217890418 54.6420797348022 54.4047068913778 54.1673340479533 53.9299612045288 53.6925883611044 53.4552155176799 53.2178426742554 53.2402878761289 54.0421872138975 54.8440865516661 55.6459858894346 56.4478852272031 57.2497845649718 58.0516839027403 58.8535832405088 60.3804307937619 62.1489277521765 63.9174247105911 65.685921669006 67.4544186274206 69.2229155858352 70.9914125442501 72.3580695470173 72.5192066828409 72.6803438186645 72.8414809544881 73.0026180903116 73.1637552261352 73.3248923619588 73.4860294977824 74.6809112548826 76.2203745524085 77.7598378499345 79.2993011474607 80.8387644449867 82.3782277425127 83.9176910400389 85.3536693572996 86.4791927337644 87.6047161102294 88.7302394866941 89.8557628631589 90.9812862396238
52.6594879786171 53.8032123777598 54.9469367769026 55.025438117981 54.7488651063707 54.4722920947605 54.1957190831502 53.91914607154 53.6425730599298 53.3660000483195 53.3593606207104 54.1625219451054 54.9656832695006 55.7688445938956 56.5720059182906 57.3751672426858 58.1783285670808 58.9814898914759 60.5273509343462 62.3207785500416 64.114206165737 65.9076337814328 67.7010613971282 69.4944890128236 71.2879166285194 72.6579319212171 72.7577102449204 72.8574885686238 72.9572668923272 73.0570452160305 73.1568235397339 73.2566018634372 73.3563801871406 74.4935017903643 75.9764044867619 77.4593071831594 78.9422098795571 80.4251125759546 81.9080152723521 83.3909179687498 84.8056447770859 86.0158439212372 87.2260430653889 88.4362422095403 89.6464413536916 90.8566404978432
52.8676747004189 54.0250207053288 55.1823667102387 55.2850775082906 55.0362432373895 54.7874089664883 54.5385746955872 54.289740424686 54.0409061537849 53.7920718828837 53.8147415902877 54.651923232608 55.4891048749285 56.3262865172489 57.1634681595693 58.0006498018898 58.8378314442102 59.6750130865305 61.221143341064 63.0035897996685 64.786036258273 66.5684827168778 68.3509291754823 70.1333756340868 71.9158220926917 73.2636287901135 73.3075162039862 73.3514036178588 73.3952910317314 73.439178445604 73.4830658594766 73.5269532733492 73.5708406872219 74.6380665461219 76.0464052200314 77.4547438939408 78.8630825678505 80.2714212417599 81.6797599156694 83.088098589579 84.4578485276961 85.7118322584361 86.9658159891762 88.2197997199162 89.4737834506561 90.7277671813963
52.9391813278196 54.0935964584348 55.24801158905 55.4209979057312 55.266841284434 55.1126846631368 54.9585280418396 54.8043714205424 54.6502147992451 54.4960581779479 54.6064307848609 55.5103910764054 56.4143513679501 57.3183116594947 58.2222719510392 59.1262322425839 60.0301925341284 60.934152825673 62.4618080139155 64.1973615010573 65.9329149881992 67.6684684753413 69.4040219624831 71.139575449625 72.8751289367671 74.1751601537067 74.1686245600381 74.1620889663695 74.1555533727009 74.1490177790323 74.1424821853637 74.135946591695 74.1294109980264 75.1146055221555 76.4303767522172 77.746147982279 79.061919212341 80.3776904424028 81.6934616724646 83.0092329025266 84.3102806091306 85.567157745361 86.8240348815916 88.080912017822 89.3377891540524 90.594666290283
53.0106879552203 54.1621722115408 55.3136564678613 55.5569183031718 55.4974393314785 55.4379603597853 55.378481388092 55.3190024163987 55.2595234447055 55.2000444730122 55.3981199794342 56.3688589202029 57.3395978609718 58.3103368017405 59.2810757425092 60.2518146832781 61.2225536240468 62.1932925648155 63.7024726867671 65.3911332024463 67.0797937181254 68.7684542338049 70.4571147494841 72.1457752651632 73.8344357808427 75.0866915173 75.0297329160901 74.9727743148803 74.9158157136704 74.8588571124606 74.8018985112507 74.7449399100409 74.687981308831 75.591144498189 76.8143482844031 78.0375520706173 79.2607558568316 80.4839596430458 81.7071634292599 82.9303672154743 84.1627126905651 85.4224832322859 86.682253774007 87.9420243157278 89.2017948574487 90.4615653991697
53.0821945826211 54.2307479646468 55.3793013466726 55.6928387006124 55.7280373785231 55.7632360564337 55.7984347343444 55.8336334122551 55.8688320901658 55.9040307680765 56.1898091740075 57.2273267640004 58.2648443539935 59.3023619439863 60.3398795339792 61.3773971239723 62.4149147139651 63.452432303958 64.9431373596187 66.5849049038352 68.2266724480517 69.8684399922685 71.510207536485 73.1519750807015 74.7937426249182 75.9982228808932 75.8908412721421 75.783459663391 75.67607805464 75.5686964458889 75.4613148371378 75.3539332283867 75.2465516196357 76.0676834742226 77.1983198165891 78.3289561589555 79.4595925013222 80.5902288436887 81.7208651860552 82.8515015284219 84.0151447719995 85.2778087192108 86.5404726664223 87.8031366136336 89.0658005608449 90.3284645080564
53.1537012100218 54.2993237177528 55.4449462254839 55.8287590980529 55.9586354255676 56.0885117530822 56.2183880805968 56.3482644081114 56.4781407356261 56.6080170631407 56.9814983685808 58.0857946077978 59.190090847015 60.2943870862321 61.3986833254491 62.5029795646664 63.6072758038834 64.7115720431005 66.1838020324702 67.778676605224 69.3735511779779 70.968425750732 72.5633003234858 74.1581748962396 75.7530494689937 76.9097542444864 76.7519496281941 76.5941450119017 76.4363403956094 76.2785357793172 76.1207311630248 75.9629265467325 75.8051219304402 76.5442224502561 77.5822913487749 78.6203602472938 79.6584291458128 80.6964980443316 81.7345669428504 82.7726358413695 83.867576853434 85.1331342061357 86.3986915588377 87.6642489115394 88.9298062642412 90.1953636169432
53.2252078374225 54.3678994708588 55.5105911042952 55.9646794954935 56.1892334726121 56.4137874497306 56.6383414268493 56.8628954039678 57.0874493810864 57.312003358205 57.773187563154 58.9442624515953 60.1153373400367 61.2864122284779 62.4574871169191 63.6285620053606 64.7996368938018 65.970711782243 67.4244667053218 68.972448306613 70.5204299079041 72.0684115091955 73.6163931104867 75.1643747117779 76.7123563130693 77.8212856080796 77.6130579842461 77.4048303604125 77.196602736579 76.9883751127455 76.7801474889119 76.5719198650783 76.3636922412448 77.0207614262897 77.9662628809608 78.911764335632 79.8572657903034 80.8027672449745 81.7482686996457 82.6937701543171 83.7200089348685 84.9884596930606 86.2569104512531 87.5253612094453 88.7938119676375 90.0622627258299
53.4161584218341 54.5625760820174 55.7089937422007 56.2347181320189 56.5535447650484 56.8723713980779 57.1911980311074 57.5100246641369 57.8288512971664 58.147677930196 58.696794668833 59.9367817242935 61.1767687797543 62.4167558352148 63.6567428906754 64.8967299461361 66.1367170015966 67.3767040570572 68.7975820541378 70.2787570317581 71.7599320093785 73.2411069869991 74.7222819646195 76.2034569422399 77.6846319198605 78.7444987403021 78.5404410892062 78.3363834381103 78.1323257870144 77.9282681359184 77.7242104848225 77.5201528337266 77.3160951826306 77.9089638392128 78.7674745983544 79.6259853574961 80.4844961166379 81.3430068757796 82.2015176349213 83.0600283940631 84.0223401599457 85.2960549460513 86.5697697321571 87.8434845182627 89.1171993043683 90.3909140904741
53.7265529632566 54.8833535512285 56.0401541392005 56.6388750076293 57.0515693028766 57.464263598124 57.8769578933714 58.2896521886187 58.7023464838661 59.1150407791135 59.7523196856176 61.0633524258926 62.3743851661678 63.6854179064428 64.9964506467177 66.3074833869929 67.6185161272679 68.9295488675429 70.303148078918 71.6976027806594 73.0920574824009 74.4865121841426 75.8809668858841 77.2754215876256 78.6698762893673 79.6793936411539 79.5340989430744 79.388804244995 79.2435095469155 79.0982148488361 78.9529201507567 78.8076254526772 78.6623307545978 79.2088296890255 79.9859265009558 80.7630233128861 81.5401201248166 82.3172169367469 83.0943137486772 83.8714105606076 84.7745705286658 86.0559199651077 87.33726940155 88.6186188379919 89.8999682744339 91.1813177108761
54.0369475046791 55.2041310204397 56.3713145362002 57.0430318832396 57.5495938407048 58.0561557981701 58.5627177556354 59.0692797131006 59.5758416705659 60.0824036280312 60.8078447024023 62.1899231274917 63.5720015525814 64.9540799776708 66.3361584027602 67.7182368278499 69.1003152529393 70.4823936780288 71.8087141036983 73.1164485295609 74.4241829554234 75.7319173812862 77.0396518071488 78.3473862330113 79.6551206588742 80.6142885420056 80.5277567969427 80.4412250518797 80.3546933068168 80.2681615617539 80.1816298166909 80.095098071628 80.008566326565 80.5086955388384 81.2043784035573 81.9000612682763 82.5957441329953 83.2914269977143 83.9871098624332 84.6827927271523 85.5268008973859 86.8157849841643 88.1047690709429 89.3937531577212 90.6827372444996 91.9717213312782
54.3473420461017 55.5249084896508 56.7024749332 57.44718875885 58.0476183785331 58.6480479982162 59.2484776178994 59.8489072375825 60.4493368572656 61.0497664769488 61.863369719187 63.3164938290908 64.769617938995 66.2227420488989 67.6758661588027 69.1289902687069 70.5821143786108 72.0352384885146 73.3142801284786 74.5352942784623 75.756308428446 76.9773225784298 78.1983367284135 79.4193508783972 80.640365028381 81.5491834428574 81.521414650811 81.4936458587645 81.4658770667181 81.4381082746716 81.4103394826252 81.3825706905787 81.3548018985323 81.8085613886513 82.4228303061588 83.0370992236664 83.6513681411741 84.2656370586817 84.8799059761892 85.4941748936969 86.2790312661061 87.5756500032209 88.8722687403358 90.1688874774505 91.4655062145653 92.7621249516802
54.6577365875242 55.845685958862 57.0336353301998 57.8513456344603 58.5456429163612 59.2399401982622 59.9342374801633 60.6285347620643 61.3228320439653 62.0171293258664 62.9188947359716 64.4430645306899 65.9672343254085 67.4914041201268 69.0155739148451 70.5397437095637 72.063913504282 73.5880832990003 74.8198461532588 75.9541400273636 77.0884339014684 78.2227277755733 79.3570216496781 80.4913155237829 81.6256093978878 82.4840783437091 82.5150725046792 82.5460666656492 82.5770608266193 82.6080549875893 82.6390491485594 82.6700433095294 82.7010374704994 83.108427238464 83.6412822087602 84.1741371790565 84.7069921493528 85.239847119649 85.7727020899452 86.3055570602415 87.0312616348262 88.3355150222773 89.6397684097287 90.9440217971797 92.2482751846308 93.5525285720822
54.9681311289467 56.1664634280731 57.3647957271996 58.2555025100706 59.0436674541895 59.8318323983083 60.6199973424273 61.4081622865462 62.1963272306651 62.9844921747841 63.9744197527562 65.569635232289 67.1648507118221 68.7600661913549 70.3552816708876 71.9504971504207 73.5457126299534 75.1409281094862 76.3254121780392 77.372985776265 78.4205593744909 79.4681329727169 80.5157065709428 81.5632801691686 82.6108537673947 83.4189732445609 83.5087303585475 83.598487472534 83.6882445865206 83.7780017005071 83.8677588144936 83.9575159284802 84.0472730424667 84.4082930882769 84.8597341113617 85.3111751344466 85.7626161575315 86.2140571806164 86.6654982037012 87.1169392267861 87.7834920035464 89.0953800413339 90.4072680791216 91.719156116909 93.0310441546965 94.3429321924842
55.098852475484 56.2953615188596 57.4918705622352 58.441499519348 59.3088351143729 60.1761707093978 61.0435063044228 61.9108418994477 62.7781774944726 63.6455130894977 64.7115680906503 66.3737813101869 68.0359945297238 69.6982077492603 71.3604209687969 73.0226341883338 74.6848474078704 76.3470606274069 77.5310251871742 78.5555735270179 79.5801218668616 80.6046702067054 81.6292185465491 82.6537668863928 83.6783152262367 84.4729403601751 84.5777958763969 84.6826513926187 84.7875069088404 84.8923624250622 84.997217941284 85.1020734575058 85.2069289737276 85.5716133117674 86.0229072570799 86.4742012023923 86.9254951477049 87.3767890930173 87.8280830383298 88.2793769836423 88.9611434088808 90.3343272738981 91.7075111389156 93.0806950039328 94.4538788689501 95.8270627339676
55.049900627136 56.2323802312213 57.4148598353065 58.4093366622923 59.3411458969114 60.2729551315305 61.2047643661497 62.1365736007688 63.0683828353879 64.0001920700071 65.1303397496537 66.8555027643834 68.5806657791134 70.3058287938431 72.0309918085728 73.7561548233028 75.4813178380325 77.2064808527622 78.4366851806637 79.501903279622 80.5671213785803 81.6323394775387 82.697557576497 83.7627756754552 84.8279937744137 85.6459796905515 85.7222690582273 85.7985584259031 85.8748477935789 85.9511371612547 86.0274265289305 86.1037158966063 86.180005264282 86.5983879089353 87.1308016459144 87.6632153828935 88.1956291198727 88.7280428568519 89.260456593831 89.7928703308102 90.5642158508295 92.05235671997 93.5404975891108 95.0286384582513 96.5167793273918 98.0049201965326
