data/working_set_collections/6091692-Cassins_Sparrow-MC/2015/bio10.asc
NCOLS 265 
NROWS 230 
XLLCORNER -115.5625 
YLLCORNER 24.8333333333333 
CELLSIZE 0.0833333333333333 
NODATA_value -9999 
[rows 120 to 139 of 230, columns 46 to 91 of 265]
29.1549035867055 28.7671448442671 28.3793861018287 27.9916273593903 27.6038686169519 27.2161098745134 26.8714475949605 26.5411508030362 26.2108540111118 25.8805572191874 25.5502604272631 25.2199636353386 24.8896668434143 24.5827627658844 24.3460368315378 24.1093108971913 23.8725849628448 23.6358590284983 23.3991330941518 23.1624071598053 22.9256812254588 22.6108314196269 22.2699403232999 21.9290492269728 21.5881581306458 21.2472670343187 20.9063759379917 20.5654848416646 20.3186836772494 20.35415230857 20.3896209398905 20.425089571211 20.4605582025316 20.4960268338521 20.5314954651726 20.5669640964932 20.6261884689331 20.6933314217461 20.7604743745592 20.8276173273722 20.8947602801853 20.9619032329983 21.0290461858114 21.1140259106954 21.2525159517924 21.3910059928894
29.7576032161712 29.3681459585825 28.9786887009938 28.5892314434051 28.1997741858164 27.8103169282277 27.4649638175964 27.1343120892842 26.803660360972 26.4730086326599 26.1423569043477 25.8117051760355 25.4810534477233 25.1679235617319 24.9073592027028 24.6467948436737 24.3862304846445 24.1256661256154 23.8651017665863 23.6045374075572 23.343973048528 23.0227198600769 22.6812370618185 22.33975426356 21.9982714653015 21.6567886670431 21.3153058687846 20.9738230705261 20.7151270866393 20.7047915458679 20.6944560050964 20.6841204643249 20.6737849235534 20.663449382782 20.6531138420105 20.642778301239 20.6760358810425 20.7238245010376 20.7716131210327 20.8194017410278 20.8671903610229 20.9149789810181 20.9627676010132 21.0463470141093 21.2372988065084 21.4282505989074
30.360302845637 29.969147072898 29.577991300159 29.18683552742 28.7956797546811 28.404523981942 28.0584800402323 27.7274733755323 27.3964667108323 27.0654600461324 26.7344533814324 26.4034467167324 26.0724400520324 25.7530843575795 25.4686815738678 25.184278790156 24.8998760064443 24.6154732227325 24.3310704390208 24.046667655309 23.7622648715973 23.4346083005269 23.0925338003371 22.7504593001471 22.4083847999573 22.0663102997674 21.7242357995775 21.3821612993876 21.1115704960293 21.0554307831658 20.9992910703023 20.9431513574388 20.8870116445753 20.8308719317118 20.7747322188483 20.7185925059848 20.7258832931518 20.754317580329 20.7827518675062 20.8111861546834 20.8396204418606 20.8680547290378 20.896489016215 20.9786681175231 21.2220816612243 21.4654952049255
30.9630024751027 30.5701481872135 30.1772938993242 29.7844396114349 29.3915853235457 28.9987310356564 28.6519962628682 28.3206346617805 27.9892730606927 27.6579114596049 27.3265498585171 26.9951882574293 26.6638266563415 26.3382451534271 26.0300039450327 25.7217627366384 25.413521528244 25.1052803198496 24.7970391114553 24.4887979030609 24.1805566946665 23.846496740977 23.5038305388557 23.1611643367343 22.818498134613 22.4758319324918 22.1331657303704 21.7904995282491 21.5080139054192 21.4060700204637 21.3041261355082 21.2021822505527 21.1002383655972 20.9982944806417 20.8963505956862 20.7944067107307 20.7757307052612 20.7848106596205 20.7938906139798 20.802970568339 20.8120505226983 20.8211304770576 20.8302104314168 20.910989220937 21.2068645159403 21.5027398109436
31.5657021045684 31.1711493015289 30.7765964984893 30.3820436954498 29.9874908924103 29.5929380893707 29.2455124855041 28.9137959480285 28.5820794105529 28.2503628730773 27.9186463356018 27.5869297981262 27.2552132606506 26.9234059492747 26.5913263161977 26.2592466831207 25.9271670500437 25.5950874169667 25.2630077838897 24.9309281508128 24.5988485177358 24.258385181427 23.9151272773743 23.5718693733215 23.2286114692688 22.8853535652161 22.5420956611633 22.1988377571106 21.9044573148091 21.7567092577616 21.6089612007141 21.4612131436666 21.313465086619 21.1657170295715 21.017968972524 20.8702209154765 20.8255781173706 20.8153037389119 20.8050293604533 20.7947549819946 20.784480603536 20.7742062250773 20.7639318466187 20.8433103243509 21.1916473706563 21.5399844169616
32.1684017340342 31.7721504158444 31.3758990976545 30.9796477794647 30.5833964612749 30.187145143085 29.83902870814 29.5069572342767 29.1748857604132 28.8428142865499 28.5107428126865 28.1786713388231 27.8465998649597 27.5085667451223 27.1526486873626 26.796730629603 26.4408125718435 26.0848945140838 25.7289764563243 25.3730583985647 25.017140340805 24.670273621877 24.3264240158929 23.9825744099087 23.6387248039246 23.2948751979404 22.9510255919562 22.6071759859721 22.3009007241991 22.1073484950595 21.91379626592 21.7202440367805 21.5266918076409 21.3331395785014 21.1395873493619 20.9460351202223 20.87542552948 20.8457968182034 20.8161681069268 20.7865393956502 20.7569106843737 20.7272819730971 20.6976532618205 20.7756314277648 21.1764302253723 21.5772290229797
32.5165178298951 32.132497851054 31.7484778722128 31.3644578933716 30.9804379145305 30.5964179356893 30.2484657605489 29.9125361866422 29.5766066127353 29.2406770388286 28.9047474649218 28.568817891015 28.2328883171082 27.8917102442848 27.5347866747115 27.1778631051382 26.8209395355649 26.4640159659916 26.1070923964183 25.750168826845 25.3932452572717 25.0638333797455 24.743592066235 24.4233507527245 24.1031094392141 23.7828681257036 23.4626268121931 23.1423854986826 22.8478860855102 22.630612373352 22.4133386611938 22.1960649490356 21.9787912368774 21.7615175247192 21.544243812561 21.3269701004028 21.2193534215291 21.1482890870836 21.077224752638 21.0061604181925 20.935096083747 20.8640317493015 20.7929674148559 20.8490326298607 21.2864864932165 21.7239403565724
32.6100503921509 32.2521916071574 31.8943328221639 31.5364740371704 31.178615252177 30.8207564671834 30.4738236427307 30.130532805125 29.7872419675191 29.4439511299134 29.1006602923076 28.7573694547017 28.414078617096 28.0728364467621 27.737740278244 27.402644109726 27.0675479412079 26.7324517726898 26.3973556041718 26.0622594356537 25.7271632671356 25.4390644550323 25.1666314284007 24.894198401769 24.6217653751373 24.3493323485056 24.0768993218739 23.8044662952422 23.5454133987426 23.3265008926391 23.1075883865356 22.8886758804321 22.6697633743285 22.450850868225 22.2319383621215 22.013025856018 21.857361793518 21.7227805455525 21.588199297587 21.4536180496215 21.3190368016561 21.1844555536906 21.0498743057251 21.0635139306385 21.5218161741892 21.9801184177397
32.7035829544068 32.371885363261 32.0401877721151 31.7084901809693 31.3767925898235 31.0450949986776 30.6991815249125 30.3485294236078 29.9978773223029 29.6472252209982 29.2965731196934 28.9459210183885 28.5952689170838 28.2539626492395 27.9406938817766 27.6274251143138 27.314156346851 27.0008875793881 26.6876188119253 26.3743500444624 26.0610812769996 25.8142955303192 25.5896707905663 25.3650460508134 25.1404213110606 24.9157965713077 24.6911718315548 24.4665470918019 24.242940711975 24.0223894119262 23.8018381118774 23.5812868118286 23.3607355117797 23.1401842117309 22.9196329116821 22.6990816116332 22.4953701655069 22.2972720040215 22.099173842536 21.9010756810506 21.7029775195651 21.5048793580797 21.3067811965942 21.2779952314164 21.7571458551618 22.2362964789072
32.7971155166626 32.4915791193645 32.1860427220663 31.8805063247681 31.5749699274699 31.2694335301717 30.9245394070944 30.5665260420906 30.2085126770867 29.850499312083 29.4924859470792 29.1344725820754 28.7764592170716 28.4350888517168 28.1436474853092 27.8522061189016 27.560764752494 27.2693233860864 26.9778820196788 26.6864406532712 26.3949992868635 26.1895266056061 26.012710152732 25.8358936998579 25.6590772469838 25.4822607941097 25.3054443412356 25.1286278883616 24.9404680252075 24.7182779312133 24.4960878372192 24.2738977432251 24.0517076492309 23.8295175552368 23.6073274612426 23.3851373672485 23.1333785374959 22.8717634624905 22.610148387485 22.3485333124796 22.0869182374742 21.8253031624688 21.5636880874634 21.4924765321942 21.9924755361344 22.4924745400746
32.8906480789185 32.611272875468 32.3318976720174 32.0525224685669 31.7731472651164 31.4937720616658 31.1498972892761 30.7845226605734 30.4191480318705 30.0537734031677 29.688398774465 29.3230241457621 28.9576495170594 28.6162150541942 28.3466010888418 28.0769871234894 27.807373158137 27.5377591927846 27.2681452274322 26.9985312620799 26.7289172967275 26.5647576808929 26.4357495148976 26.3067413489023 26.177733182907 26.0487250169118 25.9197168509165 25.7907086849212 25.6379953384399 25.4141664505004 25.190337562561 24.9665086746215 24.742679786682 24.5188508987426 24.2950220108032 24.0711931228637 23.7713869094848 23.4462549209594 23.121122932434 22.7959909439087 22.4708589553833 22.1457269668579 21.8205949783325 21.7069578329721 22.227805217107 22.7486526012419
32.9841806411743 32.7309666315715 32.4777526219686 32.2245386123657 31.9713246027629 31.71811059316 31.375255171458 31.0025192790562 30.6297833866543 30.2570474942526 29.8843116018508 29.5115757094489 29.1388398170472 28.7973412566715 28.5495546923743 28.3017681280772 28.0539815637801 27.8061949994829 27.5584084351858 27.3106218708886 27.0628353065914 26.9399887561798 26.8587888770633 26.7775889979468 26.6963891188303 26.6151892397138 26.5339893605973 26.4527894814808 26.3355226516723 26.1100549697875 25.8845872879028 25.659119606018 25.4336519241332 25.2081842422485 24.9827165603637 24.7572488784789 24.4093952814738 24.0207463794284 23.6320974773831 23.2434485753377 22.8547996732924 22.466150771247 22.0775018692017 21.9214391337499 22.4631348980797 23.0048306624093
32.9573636213939 32.7280328591665 32.4987020969391 32.2693713347118 32.0400405724844 31.810709810257 31.4682316621145 31.088037718667 30.7078437752194 30.3276498317719 29.9474558883244 29.5672619448768 29.1870680014293 28.8443984826406 28.6143022378286 28.3842059930166 28.1541097482046 27.9240135033926 27.6939172585806 27.4638210137686 27.2337247689565 27.1423834164937 27.097293694814 27.0522039731344 27.0071142514547 26.962024529775 26.9169348080953 26.8718450864156 26.7829238202837 26.562507920795 26.3420920213064 26.1216761218177 25.901260222329 25.6808443228404 25.4604284233517 25.240012523863 24.8900433540345 24.4968897607592 24.1037361674839 23.7105825742086 23.3174289809333 22.924275387658 22.5311217943827 22.3660326851737 22.8851370281642 23.4042413711546
32.8101970195771 32.602471558253 32.394746096929 32.1870206356049 31.9792951742809 31.7715697129568 31.4288267612458 31.0410779794058 30.6533291975658 30.2655804157258 29.8778316338858 29.4900828520457 29.1023340702058 28.7573867321015 28.5408437252045 28.3243007183075 28.1077577114106 27.8912147045136 27.6746716976166 27.4581286907197 27.2415856838227 27.1719416618347 27.1512639681498 27.1305862744649 27.10990858078 27.0892308870951 27.0685531934102 27.0478754997253 26.9801988442739 26.7715253035227 26.5628517627716 26.3541782220205 26.1455046812693 25.9368311405182 25.728157599767 25.5194840590159 25.2133311271668 24.8746850649516 24.5360390027364 24.1973929405212 23.8587468783061 23.5201008160908 23.1814547538757 23.0407384872434 23.4938116073607 23.9468847274779
32.6630304177603 32.4769102573395 32.2907900969188 32.104669936498 31.9185497760773 31.7324296156566 31.3894218603771 30.9941182401446 30.5988146199121 30.2035109996796 29.8082073794472 29.4129037592147 29.0176001389822 28.6703749815624 28.4673852125804 28.2643954435985 28.0614056746165 27.8584159056346 27.6554261366527 27.4524363676707 27.2494465986888 27.2014999071757 27.2052342414856 27.2089685757955 27.2127029101054 27.2164372444153 27.2201715787252 27.223905913035 27.1774738682641 26.9805426862505 26.7836115042369 26.5866803222233 26.3897491402096 26.192817958196 25.9958867761824 25.7989555941687 25.5366189002991 25.252480369144 24.9683418379889 24.6842033068339 24.4000647756788 24.1159262445237 23.8317877133687 23.7154442893132 24.1024861865572 24.4895280838011
32.5158638159434 32.351348956426 32.1868340969086 32.0223192373912 31.8578043778738 31.6932895183563 31.3500169595083 30.9471585008834 30.5443000422584 30.1414415836335 29.7385831250086 29.3357246663836 28.9328662077587 28.5833632310232 28.3939266999563 28.2044901688894 28.0150536378225 27.8256171067556 27.6361805756887 27.4467440446218 27.2573075135549 27.2310581525167 27.2592045148214 27.287350877126 27.3154972394307 27.3436436017354 27.3717899640401 27.3999363263448 27.3747488922543 27.1895600689782 27.0043712457021 26.819182422426 26.6339935991499 26.4488047758738 26.2636159525977 26.0784271293216 25.8599066734314 25.6302756733365 25.4006446732415 25.1710136731466 24.9413826730516 24.7117516729566 24.4821206728617 24.390150091383 24.7111607657537 25.0321714401244
32.3686972141266 32.2257876555125 32.0828780968984 31.9399685382843 31.7970589796703 31.6541494210561 31.3106120586396 30.9001987616222 30.4897854646048 30.0793721675874 29.66895887057 29.2585455735525 28.8481322765351 28.4963514804841 28.3204681873322 28.1445848941803 27.9687016010285 27.7928183078766 27.6169350147248 27.4410517215729 27.265168428421 27.2606163978576 27.3131747881571 27.3657331784566 27.4182915687561 27.4708499590555 27.523408349355 27.5759667396545 27.5720239162445 27.3985774517059 27.2251309871674 27.0516845226288 26.8782380580902 26.7047915935516 26.5313451290131 26.3578986644745 26.1831944465637 26.0080709775289 25.832947508494 25.6578240394592 25.4827005704243 25.3075771013895 25.1324536323547 25.0648558934528 25.3198353449502 25.5748147964476
32.2215306123098 32.100226354599 31.9789220968883 31.8576178391775 31.7363135814667 31.6150093237559 31.2712071577709 30.853239022361 30.4352708869511 30.0173027515412 29.5993346161314 29.1813664807214 28.7633983453116 28.4093397299449 28.2470096747081 28.0846796194713 27.9223495642345 27.7600195089976 27.5976894537608 27.435359398524 27.2730293432872 27.2901746431986 27.3671450614929 27.4441154797872 27.5210858980814 27.5980563163757 27.67502673467 27.7519971529642 27.7692989402347 27.6075948344337 27.4458907286326 27.2841866228316 27.1224825170305 26.9607784112294 26.7990743054284 26.6373701996273 26.506482219696 26.3858662817213 26.2652503437466 26.1446344057718 26.0240184677971 25.9034025298224 25.7827865918477 25.7395616955226 25.9285099241468 26.1174581527709
31.9946121215821 31.882159890069 31.7697076585558 31.6572554270427 31.5448031955296 31.4323509640164 31.0973108291627 30.6880747265287 30.2788386238947 29.8696025212607 29.4603664186267 29.0511303159926 28.6418942133587 28.2972813500299 28.146538204617 27.9957950592041 27.8450519137913 27.6943087683784 27.5435656229655 27.3928224775527 27.2420793321398 27.2617493947347 27.3382238599989 27.4146983252631 27.4911727905274 27.5676472557916 27.6441217210558 27.72059618632 27.7434139039782 27.6052613788181 27.4671088536581 27.328956328498 27.190803803338 27.0526512781779 26.9144987530179 26.7763462278578 26.6837354660034 26.6063052919176 26.5288751178318 26.4514449437459 26.3740147696601 26.2965845955743 26.2191544214884 26.1989912192026 26.3506289323171 26.5022666454315
31.6879417419434 31.5715882619223 31.4552347819011 31.33888130188 31.2225278218588 31.1061743418376 30.7889230728151 30.4047058741253 30.0204886754355 29.6362714767457 29.252054278056 28.8678370793661 28.4836198806764 28.160176340739 28.019053777059 27.8779312133789 27.7368086496989 27.5956860860189 27.4545635223389 27.3134409586589 27.1723183949789 27.1753406524658 27.2264111836751 27.2774817148845 27.3285522460938 27.3796227773031 27.4306933085124 27.4817638397217 27.4943688074748 27.3915770848593 27.2887853622437 27.1859936396281 27.0832019170126 26.980410194397 26.8776184717814 26.7748267491659 26.7149541854858 26.6693880081177 26.6238218307495 26.5782556533813 26.5326894760132 26.487123298645 26.4415571212768 26.4431444644927 26.586192369461 26.7292402744293
