data/working_set_collections/6091692-Cassins_Sparrow-MC/2015/bio2.asc
NCOLS 265 
NROWS 230 
XLLCORNER -115.5625 
YLLCORNER 24.8333333333333 
CELLSIZE 0.0833333333333333 
NODATA_value -9999 
[rows 140 to 159 of 230, columns 138 to 183 of 265]
15.4168791029188 15.4530699412028 15.4892607794868 15.5254516177707 15.5198388020198 15.5002914349238 15.4807440678279 15.4611967007319 15.441649333636 15.42210196654 15.4025545994441 15.3822791126039 15.3598192665312 15.3373594204585 15.3148995743858 15.292439728313 15.2699798822403 15.2475200361676 15.2250601900949 15.1979833602905 15.169367535909 15.1407517115275 15.112135887146 15.0835200627645 15.054904238383 15.0262884140015 14.9935212877062 14.9483002556695 14.9030792236328 14.8578581915962 14.8126371595595 14.7674161275228 14.7221950954861 14.6769740634495 14.6167571942012 14.551541712549 14.4863262308969 14.4211107492447 14.3558952675926 14.2906797859404 14.2254643042882 14.1539077573353 14.0633280144798 13.9727482716243 13.8821685287688 13.7915887859133
15.3898645189073 15.4341332753499 15.4784020317925 15.5226707882351 15.5226739962896 15.507922021548 15.4931700468063 15.4784180720647 15.4636660973231 15.4489141225815 15.4341621478399 15.4160934421751 15.388074543741 15.3600556453069 15.3320367468728 15.3040178484387 15.2759989500046 15.2479800515705 15.2199611531364 15.1903966903687 15.1603170394898 15.1302373886109 15.1001577377319 15.070078086853 15.0399984359741 15.0099187850952 14.97558754815 14.9285015530057 14.8814155578613 14.834329562717 14.7872435675727 14.7401575724284 14.6930715772841 14.6459855821398 14.587840183576 14.5260083172057 14.4641764508354 14.402344584465 14.3405127180947 14.2786808517244 14.2168489853541 14.1485105382072 14.0606523487303 13.9727941592535 13.8849359697766 13.7970777802997
15.3628499348958 15.4151966094971 15.4675432840983 15.5198899586995 15.5255091905594 15.5155526081721 15.5055960257848 15.4956394433975 15.4856828610102 15.4757262786229 15.4657696962357 15.4499077717463 15.4163298209508 15.3827518701553 15.3491739193598 15.3155959685644 15.2820180177689 15.2484400669734 15.2148621161779 15.1828100204468 15.1512665430705 15.1197230656942 15.0881795883179 15.0566361109416 15.0250926335653 14.993549156189 14.9576538085938 14.9087028503418 14.8597518920899 14.8108009338379 14.761849975586 14.712899017334 14.663948059082 14.6149971008301 14.5589231729508 14.5004749218623 14.4420266707738 14.3835784196854 14.3251301685969 14.2666819175085 14.20823366642 14.1431133190791 14.0579766829809 13.9728400468826 13.8877034107844 13.8025667746862
15.3358353508843 15.3962599436442 15.4566845364041 15.5171091291639 15.5283443848292 15.5231831947962 15.5180220047633 15.5128608147303 15.5076996246974 15.5025384346644 15.4973772446314 15.4837221013175 15.4445850981606 15.4054480950038 15.3663110918469 15.32717408869 15.2880370855331 15.2489000823763 15.2097630792194 15.1752233505249 15.1422160466512 15.1092087427775 15.0762014389038 15.0431941350301 15.0101868311564 14.9771795272827 14.9397200690376 14.888904147678 14.8380882263184 14.7872723049588 14.7364563835992 14.6856404622396 14.63482454088 14.5840086195204 14.5300061623256 14.4749415265189 14.4198768907123 14.3648122549057 14.3097476190991 14.2546829832925 14.1996183474859 14.137716099951 14.0553010172314 13.9728859345118 13.8904708517922 13.8080557690727
15.3084987640381 15.37245165507 15.4364045461019 15.5003574371338 15.517177383105 15.5182863473892 15.5193953116735 15.5205042759577 15.521613240242 15.5227222045263 15.5238311688105 15.5140999820497 15.4718483421538 15.4295967022578 15.3873450623618 15.3450934224659 15.3028417825699 15.2605901426739 15.218338502778 15.1807573636373 15.1447330580817 15.1087087525262 15.0726844469706 15.0366601414151 15.0006358358595 14.964611530304 14.9243536260393 14.8713949256473 14.8184362252553 14.7654775248634 14.7125188244714 14.6595601240794 14.6066014236874 14.5536427232954 14.5009157737096 14.4482660743925 14.3956163750755 14.3429666757584 14.2903169764413 14.2376672771242 14.1850175778071 14.1256039592955 14.0458985832003 13.966193207105 13.8864878310098 13.8067824549145
15.2808401743571 15.3437717437744 15.4067033131917 15.469634882609 15.4920081853867 15.500862065951 15.5097159465154 15.5185698270798 15.5274237076441 15.5362775882085 15.5451314687729 15.541041413943 15.4981195529302 15.4551976919174 15.4122758309047 15.3693539698919 15.3264321088791 15.2835102478663 15.2405883868535 15.1994120597839 15.1588175773621 15.1182230949402 15.0776286125183 15.0370341300964 14.9964396476746 14.9558451652527 14.911554479599 14.8561751842499 14.8007958889008 14.7454165935517 14.6900372982025 14.6346580028534 14.5792787075043 14.5238994121552 14.471652007103 14.4204485654831 14.3692451238632 14.3180416822434 14.2668382406235 14.2156347990036 14.1644313573837 14.1067768971125 14.0297693808874 13.9527618646622 13.875754348437 13.7987468322118
15.2531815846761 15.3150918324788 15.3770020802816 15.4389123280843 15.4668389876684 15.4834377845128 15.5000365813573 15.5166353782018 15.5332341750463 15.5498329718908 15.5664317687352 15.5679828458362 15.5243907637066 15.480798681577 15.4372065994475 15.3936145173179 15.3500224351883 15.3064303530587 15.2628382709291 15.2180667559306 15.1729020966424 15.1277374373542 15.082572778066 15.0374081187778 14.9922434594896 14.9470788002014 14.8987553331587 14.8409554428525 14.7831555525462 14.7253556622399 14.6675557719337 14.6097558816274 14.5519559913212 14.4941561010149 14.4423882404963 14.3926310565737 14.342873872651 14.2931166887283 14.2433595048057 14.193602320883 14.1438451369604 14.0879498349296 14.0136401785745 13.9393305222194 13.8650208658642 13.7907112095091
15.2255229949951 15.2864119211833 15.3473008473714 15.4081897735596 15.4416697899501 15.4660135030746 15.4903572161992 15.5147009293238 15.5390446424484 15.563388355573 15.5877320686976 15.5949242777295 15.5506619744831 15.5063996712367 15.4621373679903 15.4178750647439 15.3736127614975 15.3293504582511 15.2850881550047 15.2367214520772 15.1869866159227 15.1372517797682 15.0875169436137 15.0377821074592 14.9880472713047 14.9383124351502 14.8859561867184 14.825735701455 14.7655152161916 14.7052947309282 14.6450742456648 14.5848537604014 14.524633275138 14.4644127898746 14.4131244738897 14.3648135476642 14.3165026214388 14.2681916952133 14.2198807689879 14.1715698427624 14.123258916537 14.0691227727466 13.9975109762616 13.9258991797765 13.8542873832915 13.7826755868064
15.1978644053141 15.2577320098877 15.3175996144613 15.3774672190348 15.4165005922317 15.4485892216364 15.4806778510412 15.5127664804459 15.5448551098506 15.5769437392553 15.60903236866 15.6218657096227 15.5769331852595 15.5320006608963 15.4870681365331 15.4421356121699 15.3972030878067 15.3522705634435 15.3073380390803 15.2553761482239 15.2010711352031 15.1467661221822 15.0924611091614 15.0381560961406 14.9838510831197 14.9295460700989 14.8731570402781 14.8105159600576 14.747874879837 14.6852337996165 14.622592719396 14.5599516391754 14.4973105589549 14.4346694787344 14.383860707283 14.3369960387548 14.2901313702266 14.2432667016983 14.1964020331701 14.1495373646418 14.1026726961136 14.0502957105637 13.9813817739487 13.9124678373337 13.8435539007187 13.7746399641037
15.1702058156331 15.2290520985921 15.2878983815511 15.3467446645101 15.3913313945134 15.4311649401983 15.4709984858831 15.5108320315679 15.5506655772527 15.5904991229375 15.6303326686223 15.648807141516 15.6032043960359 15.5576016505559 15.5119989050759 15.4663961595959 15.4207934141159 15.3751906686359 15.3295879231559 15.2740308443705 15.2151556544834 15.1562804645962 15.0974052747091 15.0385300848219 14.9796548949348 14.9207797050476 14.8603578938378 14.7952962186602 14.7302345434825 14.6651728683048 14.6001111931271 14.5350495179494 14.4699878427718 14.4049261675941 14.3545969406764 14.3091785298454 14.2637601190143 14.2183417081833 14.1729232973523 14.1275048865212 14.0820864756902 14.0314686483807 13.9652525716358 13.8990364948909 13.8328204181459 13.766604341401
15.1386329624388 15.1920611143112 15.2454892661836 15.2989174180561 15.3448021173477 15.3881723324458 15.4315425475438 15.4749127626419 15.51828297774 15.561653192838 15.6050234079361 15.6271206431919 15.5853989389208 15.5436772346497 15.5019555303786 15.4602338261075 15.4185121218364 15.3767904175653 15.3350687132942 15.2800078312556 15.2205005566279 15.1609932820002 15.1014860073725 15.0419787327449 14.9824714581172 14.9229641834895 14.8612866163254 14.793098171552 14.7249097267787 14.6567212820053 14.588532837232 14.5203443924586 14.4521559476853 14.3839675029119 14.3320709466934 14.2856050199933 14.2391390932931 14.1926731665929 14.1462072398928 14.0997413131926 14.0532753864924 14.0027623335521 13.9401079018911 13.8774534702301 13.8147990385692 13.7521446069082
15.1031458457311 15.146759057045 15.1903722683589 15.2339854796728 15.2769127607346 15.319611398379 15.3623100360235 15.4050086736679 15.4477073113124 15.4904059489568 15.5331045866013 15.5568062146505 15.523516813914 15.4902274131775 15.456938012441 15.4236486117045 15.390359210968 15.3570698102315 15.323780409495 15.2733071088791 15.2171058416367 15.1609045743942 15.1047033071518 15.0485020399094 14.9923007726669 14.9360995054245 14.8759432077408 14.8039218187332 14.7319004297257 14.6598790407181 14.5878576517105 14.515836262703 14.4438148736954 14.3717934846878 14.3162827253342 14.2662755091985 14.2162682930629 14.1662610769272 14.1162538607915 14.0662466446559 14.0162394285202 13.9641767660777 13.9059477647146 13.8477187633515 13.7894897619883 13.7312607606252
15.0676587290234 15.1014569997787 15.1352552705341 15.1690535412894 15.2090234041214 15.2510504643122 15.2930775245031 15.3351045846939 15.3771316448847 15.4191587050756 15.4611857652664 15.4864917861091 15.4616346889072 15.4367775917053 15.4119204945035 15.3870633973016 15.3622063000997 15.3373492028978 15.3124921056959 15.2666063865026 15.2137111266454 15.1608158667882 15.1079206069311 15.0550253470739 15.0021300872167 14.9492348273595 14.8905997991562 14.8147454659144 14.7388911326726 14.6630367994309 14.5871824661891 14.5113281329473 14.4354737997055 14.3596194664637 14.3004945039749 14.2469459984038 14.1933974928326 14.1398489872615 14.0863004816903 14.0327519761192 13.979203470548 13.9255911986033 13.8717876275381 13.8179840564728 13.7641804854075 13.7103769143423
15.0321716123157 15.0561549425125 15.0801382727093 15.1041216029061 15.1411340475082 15.1824895302455 15.2238450129827 15.2652004957199 15.3065559784571 15.3479114611944 15.3892669439316 15.4161773575677 15.3997525639004 15.3833277702332 15.3669029765659 15.3504781828986 15.3340533892314 15.3176285955641 15.3012038018968 15.2599056641261 15.2103164116542 15.1607271591822 15.1111379067103 15.0615486542384 15.0119594017665 14.9623701492945 14.9052563905716 14.8255691130956 14.7458818356196 14.6661945581436 14.5865072806676 14.5068200031916 14.4271327257157 14.3474454482397 14.2847062826157 14.227616487609 14.1705266926024 14.1134368975957 14.0563471025891 13.9992573075825 13.9421675125758 13.887005631129 13.8376274903616 13.7882493495941 13.7388712088267 13.6894930680593
14.996684495608 15.0108528852463 15.0250212748845 15.0391896645228 15.0732446908951 15.1139285961787 15.1546125014623 15.1952964067459 15.2359803120295 15.2766642173131 15.3173481225967 15.3458629290263 15.3378704388937 15.329877948761 15.3218854586283 15.3138929684957 15.305900478363 15.2979079882304 15.2899154980977 15.2532049417496 15.2069216966629 15.1606384515762 15.1143552064896 15.0680719614029 15.0217887163162 14.9755054712296 14.919912981987 14.8363927602768 14.7528725385666 14.6693523168564 14.5858320951462 14.502311873436 14.4187916517258 14.3352714300156 14.2689180612564 14.2082869768143 14.1476558923722 14.08702480793 14.0263937234879 13.9657626390457 13.9051315546036 13.8484200636546 13.803467353185 13.7585146427155 13.7135619322459 13.6686092217763
14.9611973789003 14.96555082798 14.9699042770598 14.9742577261395 15.0053553342819 15.0453676621119 15.0853799899419 15.1253923177719 15.1654046456019 15.2054169734319 15.2454293012619 15.2755485004849 15.2759883138869 15.2764281272888 15.2768679406908 15.2773077540927 15.2777475674947 15.2781873808967 15.2786271942986 15.2465042193731 15.2035269816717 15.1605497439702 15.1175725062688 15.0745952685674 15.031618030866 14.9886407931646 14.9345695734024 14.847216407458 14.7598632415136 14.6725100755692 14.5851569096248 14.4978037436803 14.4104505777359 14.3230974117915 14.2531298398972 14.1889574660195 14.1247850921419 14.0606127182643 13.9964403443867 13.932267970509 13.8680955966314 13.8098344961802 13.7693072160085 13.7287799358368 13.6882526556651 13.6477253754934
14.9424141512977 14.939525047938 14.9366359445784 14.9337468412187 14.9603502353032 14.9967844618691 15.033218688435 15.0696529150009 15.1060871415668 15.1425213681327 15.1789555946986 15.208011285464 15.2149313688278 15.2218514521917 15.2287715355555 15.2356916189194 15.2426117022832 15.2495317856471 15.2564518690109 15.2288617372513 15.1897682004505 15.1506746636497 15.1115811268489 15.0724875900481 15.0333940532473 14.9943005164464 14.9424603992039 14.8523805406359 14.7623006820679 14.6722208234999 14.5821409649319 14.4920611063639 14.401981247796 14.311901389228 14.2386274417242 14.170955464575 14.1032834874259 14.0356115102768 13.9679395331277 13.9002675559786 13.8325955788295 13.7721782975727 13.7335251039929 13.6948719104131 13.6562187168333 13.6175655232536
14.9403348128001 14.9327755451202 14.9252162774404 14.9176570097605 14.938229393959 14.9681789954503 14.9981285969416 15.0280781984329 15.0580277999242 15.0879774014155 15.1179270029068 15.1432512839635 15.1546996037165 15.1661479234696 15.1775962432226 15.1890445629756 15.2004928827286 15.2119412024816 15.2233895222346 15.2002774953842 15.1656453529994 15.1310132106145 15.0963810682297 15.0617489258448 15.02711678346 14.9924846410751 14.9435854593913 14.8518851598104 14.7601848602295 14.6684845606486 14.5767842610677 14.4850839614868 14.3933836619059 14.3016833623251 14.2254108667374 14.1542809724808 14.0831510782242 14.0120211839676 13.940891289711 13.8697613954544 13.7986315011978 13.7354514678319 13.6961210171382 13.6567905664444 13.6174601157506 13.5781296650569
14.9382554743025 14.9260260423025 14.9137966103024 14.9015671783023 14.9161085526148 14.9395735290315 14.9630385054482 14.9865034818649 15.0099684582816 15.0334334346983 15.056898411115 15.0784912824631 15.0944678386052 15.1104443947474 15.1264209508896 15.1423975070318 15.1583740631739 15.1743506193161 15.1903271754583 15.1716932535172 15.1415225055483 15.1113517575794 15.0811810096105 15.0510102616416 15.0208395136727 14.9906687657038 14.9447105195787 14.8513897789849 14.7580690383911 14.6647482977973 14.5714275572035 14.4781068166097 14.3847860760159 14.2914653354221 14.2121942917506 14.1376064803865 14.0630186690225 13.9884308576584 13.9138430462943 13.8392552349303 13.7646674235662 13.6987246380912 13.6587169302835 13.6187092224757 13.5787015146679 13.5386938068602
14.9361761358049 14.9192765394847 14.9023769431644 14.8854773468442 14.8939877112707 14.9109680626127 14.9279484139548 14.9449287652969 14.961909116639 14.9788894679811 14.9958698193232 15.0137312809626 15.034236073494 15.0547408660253 15.0752456585566 15.095750451088 15.1162552436193 15.1367600361506 15.1572648286819 15.1431090116501 15.1173996580972 15.0916903045442 15.0659809509913 15.0402715974384 15.0145622438855 14.9888528903325 14.9458355797662 14.8508943981595 14.7559532165528 14.661012034946 14.5660708533393 14.4711296717326 14.3761884901259 14.2812473085192 14.1989777167638 14.1209319882923 14.0428862598208 13.9648405313492 13.8867948028777 13.8087490744061 13.7307033459346 13.6619978083505 13.6213128434287 13.580627878507 13.5399429135853 13.4992579486635
