data/working_set_collections/6091692-Cassins_Sparrow-MC/2015/bio2.asc
NCOLS 265 
NROWS 230 
XLLCORNER -115.5625 
YLLCORNER 24.8333333333333 
CELLSIZE 0.0833333333333333 
NODATA_value -9999 
[rows 160 to 179 of 230, columns 46 to 91 of 265]
15.1908995866775 15.1969634612401 15.2030273358027 15.2090912103653 15.2151550849279 15.2212189594904 15.1958928823471 15.1601034879684 15.1243140935898 15.0885246992111 15.0527353048325 15.0169459104538 14.9811565160751 14.9682754278183 15.0241192579269 15.0799630880356 15.1358069181442 15.1916507482529 15.2474945783615 15.3033384084701 15.3591822385788 15.3667791366577 15.3582937240601 15.3498083114624 15.3413228988647 15.3328374862671 15.3243520736694 15.3158666610718 15.2967542568843 15.2457608779272 15.19476749897 15.1437741200129 15.0927807410558 15.0417873620987 14.9907939831416 14.9398006041845 14.9423654079437 14.9627829392751 14.9832004706065 15.0036180019379 15.0240355332692 15.0444530646006 15.064870595932 15.0908230225245 15.1333801349004 15.1759372472763
15.2464479843775 15.2586134884092 15.270778992441 15.2829444964727 15.2951100005044 15.3072755045361 15.2796300172806 15.238714199596 15.1977983819114 15.1568825642268 15.1159667465422 15.0750509288576 15.034135111173 15.017155512174 15.0719845692317 15.1268136262894 15.181642683347 15.2364717404048 15.2913007974624 15.3461298545201 15.4009589115778 15.3980825424194 15.375971031189 15.3538595199585 15.331748008728 15.3096364974976 15.2875249862671 15.2654134750366 15.2363236294853 15.1862987809711 15.136273932457 15.0862490839429 15.0362242354287 14.9861993869146 14.9361745384005 14.8861496898863 14.8937131722768 14.9204727649689 14.9472323576609 14.973991950353 15.000751543045 15.0275111357371 15.0542707284292 15.0856368515226 15.1308225658205 15.1760082801183
15.2479956944784 15.2681525548299 15.2883094151815 15.308466275533 15.3286231358846 15.3487799962362 15.3224236249924 15.2805628432168 15.2387020614412 15.1968412796656 15.1549804978901 15.1131197161145 15.0712589343389 15.0529099755817 15.1050964858797 15.1572829961777 15.2094695064756 15.2616560167736 15.3138425270716 15.3660290373696 15.4182155476676 15.4095244646072 15.3805408504274 15.3515572362476 15.3225736220678 15.293590007888 15.2646063937081 15.2356227795283 15.2020068698459 15.1544940736559 15.1069812774658 15.0594684812758 15.0119556850857 14.9644428888957 14.9169300927056 14.8694172965156 14.8786470015844 14.9067908737394 14.9349347458945 14.9630786180496 14.9912224902047 15.0193663623598 15.0475102345149 15.0807605902354 15.1293303966522 15.177900203069
15.19554271698 15.2255806605021 15.2556186040243 15.2856565475464 15.3156944910685 15.3457324345907 15.3242737054825 15.2856494188309 15.2470251321793 15.2084008455277 15.169776558876 15.1311522722244 15.0925279855728 15.0755388180415 15.123455007871 15.1713711977005 15.21928738753 15.2672035773595 15.315119767189 15.3630359570185 15.410952146848 15.4011049032211 15.3720031817754 15.3429014603297 15.313799738884 15.2846980174383 15.2555962959925 15.2264945745468 15.1938039779663 15.1503467559814 15.1068895339966 15.0634323120117 15.0199750900269 14.976517868042 14.9330606460571 14.8896034240723 14.8971668958664 14.9217372655868 14.9463076353073 14.9708780050278 14.9954483747482 15.0200187444687 15.0445891141891 15.0761942386627 15.1289036273956 15.1816130161285
15.1430897394816 15.1830087661743 15.222927792867 15.2628468195597 15.3027658462524 15.3426848729451 15.3261237859726 15.290735994445 15.2553482029173 15.2199604113897 15.184572619862 15.1491848283344 15.1137970368067 15.0981676605013 15.1418135298623 15.1854593992233 15.2291052685843 15.2727511379454 15.3163970073064 15.3600428766674 15.4036887460285 15.392685341835 15.3634655131234 15.3342456844118 15.3050258557002 15.2758060269886 15.2465861982769 15.2173663695653 15.1856010860867 15.146199438307 15.1067977905274 15.0673961427477 15.027994494968 14.9885928471883 14.9491911994086 14.909789551629 14.9156867901484 14.9366836574342 14.9576805247201 14.9786773920059 14.9996742592917 15.0206711265776 15.0416679938634 15.07162788709 15.128476858139 15.185325829188
15.0906367619832 15.1404368718465 15.1902369817098 15.2400370915731 15.2898372014364 15.3396373112996 15.3279738664627 15.295822570059 15.2636712736554 15.2315199772517 15.199368680848 15.1672173844443 15.1350660880407 15.120796502961 15.1601720518536 15.1995476007461 15.2389231496387 15.2782986985313 15.3176742474238 15.3570497963163 15.3964253452089 15.3842657804489 15.3549278444714 15.3255899084939 15.2962519725164 15.2669140365389 15.2375761005614 15.2082381645838 15.1773981942071 15.1420521206326 15.1067060470581 15.0713599734836 15.0360138999091 15.0006678263346 14.9653217527602 14.9299756791857 14.9342066844304 14.9516300492816 14.9690534141329 14.9864767789841 15.0039001438353 15.0213235086865 15.0387468735377 15.0670615355174 15.1280500888824 15.1890386422475
15.0381837844849 15.0978649775187 15.1575461705526 15.2172273635864 15.2769085566203 15.3365897496541 15.3298239469528 15.3009091456731 15.2719943443934 15.2430795431137 15.214164741834 15.1852499405543 15.1563351392746 15.1434253454208 15.1785305738449 15.213635802269 15.248741030693 15.2838462591171 15.3189514875412 15.3540567159653 15.3891619443893 15.3758462190628 15.3463901758194 15.316934132576 15.2874780893326 15.2580220460892 15.2285660028458 15.1991099596024 15.1691953023275 15.1379048029582 15.1066143035889 15.0753238042196 15.0440333048503 15.012742805481 14.9814523061117 14.9501618067424 14.9527265787125 14.966576441129 14.9804263035456 14.9942761659622 15.0081260283788 15.0219758907954 15.035825753212 15.0624951839447 15.1276233196258 15.192751455307
14.9857308069865 15.0552930831909 15.1248553593953 15.1944176355998 15.2639799118042 15.3335421880086 15.3316740274429 15.3059957212872 15.2803174151315 15.2546391089757 15.22896080282 15.2032824966643 15.1776041905085 15.1660541878806 15.1968890958362 15.2277240037918 15.2585589117474 15.289393819703 15.3202287276586 15.3510636356142 15.3818985435698 15.3674266576767 15.3378525071674 15.3082783566581 15.2787042061488 15.2491300556395 15.2195559051302 15.1899817546209 15.1609924104479 15.1337574852838 15.1065225601196 15.0792876349555 15.0520527097914 15.0248177846273 14.9975828594632 14.970347934299 14.9712464729945 14.9815228329764 14.9917991929584 15.0020755529404 15.0123519129223 15.0226282729043 15.0329046328862 15.057928832372 15.1271965503693 15.1964642683665
14.8989863157272 14.9771666182412 15.0553469207552 15.1335272232692 15.2117075257831 15.2898878282971 15.2971292734146 15.2807244327333 15.264319592052 15.2479147513708 15.2315099106895 15.2151050700082 15.1987002293269 15.1930349641376 15.2195884254244 15.2461418867111 15.2726953479979 15.2992488092846 15.3258022705714 15.3523557318581 15.3789091931449 15.3635506629944 15.3342214690314 15.3048922750685 15.2755630811056 15.2462338871426 15.2169046931797 15.1875754992167 15.159423494339 15.1348030567169 15.1101826190949 15.0855621814728 15.0609417438507 15.0363213062286 15.0117008686066 14.9870804309845 14.9862226565679 14.9932857698864 15.000348883205 15.0074119965235 15.0144751098421 15.0215382231606 15.0286013364792 15.0515893485811 15.1223520570331 15.1931147654851
14.7779503107071 14.8634855826696 14.9490208546321 15.0345561265945 15.120091398557 15.2056266705195 15.2261896848679 15.2250952800115 15.2240008751551 15.2229064702988 15.2218120654424 15.220717660586 15.2196232557297 15.2243676741918 15.2466285626094 15.2688894510269 15.2911503394445 15.313411227862 15.3356721162796 15.3579330046972 15.3801938931147 15.3642182350159 15.3354970614115 15.3067758878072 15.2780547142029 15.2493335405986 15.2206123669942 15.1918911933899 15.1644885540009 15.1410415172577 15.1175944805145 15.0941474437714 15.0707004070282 15.047253370285 15.0238063335419 15.0003592967987 14.9976551294327 15.001865251859 15.0060753742854 15.0102854967117 15.0144956191381 15.0187057415644 15.0229158639908 15.0434767325719 15.1130898396174 15.1827029466629
14.656914305687 14.7498045470979 14.842694788509 14.9355850299199 15.0284752713309 15.1213655127419 15.1552500963211 15.1694661272897 15.1836821582582 15.1978981892268 15.2121142201953 15.2263302511639 15.2405462821325 15.255700384246 15.2736686997943 15.2916370153427 15.3096053308911 15.3275736464394 15.3455419619878 15.3635102775362 15.3814785930845 15.3648858070374 15.3367726537916 15.3086595005459 15.2805463473002 15.2524331940545 15.2243200408088 15.1962068875631 15.1695536136627 15.1472799777985 15.1250063419342 15.10273270607 15.0804590702057 15.0581854343414 15.0359117984772 15.0136381626129 15.0090876022975 15.0104447338316 15.0118018653658 15.0131589968999 15.0145161284341 15.0158732599682 15.0172303915024 15.0353641165627 15.1038276222017 15.1722911278407
14.5358783006668 14.6361235115263 14.7363687223858 14.8366139332453 14.9368591441048 15.0371043549644 15.0843105077744 15.1138369745678 15.1433634413613 15.1728899081548 15.2024163749483 15.2319428417418 15.2614693085352 15.2870330943002 15.3007088369793 15.3143845796585 15.3280603223377 15.3417360650168 15.355411807696 15.3690875503752 15.3827632930544 15.3655533790588 15.3380482461717 15.3105431132846 15.2830379803975 15.2555328475105 15.2280277146233 15.2005225817363 15.1746186733246 15.1535184383392 15.1324182033539 15.1113179683685 15.0902177333832 15.0691174983978 15.0480172634125 15.0269170284271 15.0205200751622 15.0190242158042 15.0175283564462 15.0160324970881 15.0145366377301 15.013040778372 15.011544919014 15.0272515005535 15.094565404786 15.1618793090184
14.4148422956467 14.5224424759547 14.6300426562627 14.7376428365707 14.8452430168788 14.9528431971868 15.0133709192276 15.058207821846 15.1030447244644 15.1478816270828 15.1927185297012 15.2375554323196 15.282392334938 15.3183658043543 15.3277489741643 15.3371321439743 15.3465153137843 15.3558984835943 15.3652816534042 15.3746648232142 15.3840479930242 15.3662209510803 15.3393238385518 15.3124267260234 15.2855296134949 15.2586325009664 15.2317353884379 15.2048382759094 15.1796837329865 15.15975689888 15.1398300647736 15.1199032306671 15.0999763965607 15.0800495624542 15.0601227283478 15.0401958942413 15.031952548027 15.0276036977768 15.0232548475266 15.0189059972763 15.0145571470261 15.0102082967758 15.0058594465256 15.0191388845444 15.0853031873703 15.1514674901962
14.2938062906265 14.4087614403831 14.5237165901396 14.6386717398961 14.7536268896527 14.8685820394092 14.9424313306808 15.0025786691242 15.0627260075675 15.1228733460108 15.1830206844542 15.2431680228975 15.3033153613408 15.3496985144085 15.3547891113493 15.3598797082901 15.3649703052309 15.3700609021717 15.3751514991124 15.3802420960532 15.385332692994 15.3668885231018 15.3405994309319 15.3143103387621 15.2880212465922 15.2617321544223 15.2354430622525 15.2091539700826 15.1847487926483 15.1659953594208 15.1472419261932 15.1284884929657 15.1097350597382 15.0909816265106 15.0722281932831 15.0534747600555 15.0433850208918 15.0361831797494 15.0289813386069 15.0217794974645 15.0145776563221 15.0073758151796 15.0001739740372 15.0110262685352 15.0760409699546 15.141055671374
14.170284430186 14.3023765881856 14.4344687461853 14.566560904185 14.6986530621846 14.8307452201843 14.9124438285828 14.9773445871141 15.0422453456455 15.1071461041768 15.1720468627082 15.2369476212396 15.3018483797709 15.3514197270076 15.35500284036 15.3585859537125 15.3621690670649 15.3657521804174 15.3693352937698 15.3729184071223 15.3765015204748 15.3584035158157 15.3330784718196 15.3077534278234 15.2824283838272 15.257103339831 15.2317782958349 15.2064532518387 15.1846753279368 15.1735387643178 15.1624022006988 15.1512656370799 15.1401290734609 15.1289925098419 15.1178559462229 15.1067193826039 15.0955914417902 15.084466375245 15.0733413086997 15.0622162421544 15.0510911756092 15.0399661090639 15.0288410425186 15.0358920812607 15.0974714358647 15.1590507904688
14.0442767143249 14.2032879193624 14.3622991243998 14.5213103294372 14.6803215344747 14.8393327395121 14.9234084129333 14.9825055758158 15.0416027386983 15.1006999015808 15.1597970644633 15.2188942273458 15.2779913902283 15.3235294421514 15.3283901611964 15.3332508802414 15.3381115992864 15.3429723183314 15.3478330373764 15.3526937564214 15.3575544754664 15.3407659292221 15.3167609612147 15.2927559932073 15.2687510251999 15.2447460571925 15.2207410891851 15.1967361211777 15.1794633388519 15.1823871135712 15.1853108882904 15.1882346630096 15.1911584377289 15.1940822124481 15.1970059871673 15.1999297618866 15.1885718107223 15.1724532842636 15.1563347578049 15.1402162313461 15.1240977048874 15.1079791784286 15.0918606519699 15.0937363227208 15.1495945851008 15.2054528474808
13.9182689984639 14.1041992505391 14.2901295026143 14.4760597546895 14.6619900067647 14.8479202588399 14.9343729972839 14.9876665645175 15.0409601317512 15.0942536989848 15.1475472662184 15.200840833452 15.2541344006856 15.2956391572952 15.3017774820328 15.3079158067703 15.3140541315079 15.3201924562454 15.326330780983 15.3324691057205 15.3386074304581 15.3231283426285 15.3004434506099 15.2777585585912 15.2550736665726 15.2323887745539 15.2097038825353 15.1870189905167 15.174251349767 15.1912354628245 15.208219575882 15.2252036889394 15.2421878019969 15.2591719150543 15.2761560281118 15.2931401411692 15.2815521796544 15.2604401932822 15.23932820691 15.2182162205378 15.1971042341656 15.1759922477934 15.1548802614212 15.151580564181 15.2017177343368 15.2518549044927
13.7922612826029 14.0051105817159 14.2179598808288 14.4308091799418 14.6436584790547 14.8565077781677 14.9453375816345 14.9928275532193 15.040317524804 15.0878074963887 15.1352974679735 15.1827874395582 15.230277411143 15.2677488724391 15.2751648028692 15.2825807332993 15.2899966637294 15.2974125941594 15.3048285245895 15.3122444550196 15.3196603854497 15.3054907560349 15.284125940005 15.2627611239751 15.2413963079453 15.2200314919154 15.1986666758855 15.1773018598557 15.1690393606822 15.2000838120778 15.2311282634735 15.2621727148692 15.2932171662648 15.3242616176605 15.3553060690562 15.3863505204518 15.3745325485865 15.3484271023008 15.3223216560152 15.2962162097295 15.2701107634438 15.2440053171582 15.2178998708725 15.2094248056412 15.2538408835729 15.2982569615046
13.6662535667419 13.9060219128926 14.1457902590434 14.3855586051941 14.6253269513448 14.8650952974955 14.9563021659851 14.997988541921 15.0396749178568 15.0813612937927 15.1230476697286 15.1647340456645 15.2064204216003 15.2398585875829 15.2485521237056 15.2572456598282 15.2659391959508 15.2746327320735 15.2833262681961 15.2920198043187 15.3007133404414 15.2878531694412 15.2678084294001 15.247763689359 15.2277189493179 15.2076742092768 15.1876294692357 15.1675847291946 15.1638273715973 15.2089321613312 15.2540369510651 15.2991417407989 15.3442465305328 15.3893513202667 15.4344561100006 15.4795608997345 15.4675129175186 15.4364140113195 15.4053151051203 15.3742161989212 15.3431172927221 15.3120183865229 15.2809194803238 15.2672690471013 15.3059640328089 15.3446590185165
13.5402458508809 13.8069332440694 14.0736206372579 14.3403080304463 14.6069954236348 14.8736828168233 14.9672667503357 15.0031495306227 15.0390323109097 15.0749150911967 15.1107978714837 15.1466806517707 15.1825634320577 15.2119683027267 15.2219394445419 15.2319105863571 15.2418817281723 15.2518528699875 15.2618240118027 15.2717951536179 15.281766295433 15.2702155828476 15.2514909187953 15.2327662547429 15.2140415906906 15.1953169266383 15.176592262586 15.1578675985336 15.1586153825124 15.2177805105845 15.2769456386566 15.3361107667287 15.3952758948008 15.4544410228729 15.513606150945 15.5727712790171 15.5604932864507 15.5244009203381 15.4883085542255 15.4522161881129 15.4161238220003 15.3800314558877 15.3439390897751 15.3251132885615 15.358087182045 15.3910610755285
