data/working_set_collections/6091692-Cassins_Sparrow-MC/2015/bio2.asc
NCOLS 265 
NROWS 230 
XLLCORNER -115.5625 
YLLCORNER 24.8333333333333 
CELLSIZE 0.0833333333333333 
NODATA_value -9999 
[rows 0 to 19 of 230, columns 138 to 183 of 265]
13.0330563094881 12.9926404078801 12.9522245062722 12.9118086046643 12.9785406192143 13.0809886058171 13.1834365924199 13.2858845790227 13.3883325656255 13.4907805522283 13.593228538831 13.6732845756743 13.6861647632387 13.6990449508031 13.7119251383675 13.724805325932 13.7376855134964 13.7505657010608 13.7634458886252 13.7383596340815 13.7006178988351 13.6628761635886 13.6251344283422 13.5873926930958 13.5496509578493 13.5119092226029 13.4752576536603 13.4418765836292 13.4084955135981 13.3751144435671 13.341733373536 13.308352303505 13.2749712334739 13.2415901634428 13.2053324937821 13.168115957578 13.130899421374 13.09368288517 13.056466348966 13.019249812762 12.9820332765579 12.9421857992808 12.8944454987844 12.846705198288 12.7989648977916 12.7512245972951
13.191476337115 13.1533686876297 13.1152610381444 13.0771533886592 13.1374859094619 13.2306318203608 13.3237777312596 13.4169236421585 13.5100695530573 13.6032154639562 13.696361374855 13.767071223259 13.7704728841782 13.7738745450973 13.7772762060165 13.7806778669357 13.7840795278549 13.7874811887741 13.7908828496933 13.7549247503281 13.705846730868 13.656768711408 13.6076906919479 13.5586126724879 13.5095346530279 13.4604566335678 13.415398701032 13.3824010292689 13.3494033575058 13.3164056857427 13.2834080139796 13.2504103422165 13.2174126704534 13.1844149986903 13.1527381658554 13.1215016126633 13.0902650594711 13.059028506279 13.0277919530869 12.9965553998947 12.9653188467026 12.9311174233755 12.8880213896434 12.8449253559113 12.8018293221792 12.7587332884471
13.3498963647418 13.3140969673792 13.2782975700166 13.242498172654 13.2964311997095 13.3802750349044 13.4641188700993 13.5479627052943 13.6318065404892 13.7156503756841 13.799494210879 13.8608578708437 13.8547810051176 13.8487041393916 13.8426272736655 13.8365504079395 13.8304735422134 13.8243966764874 13.8183198107613 13.7714898665746 13.711075562901 13.6506612592273 13.5902469555537 13.5298326518801 13.4694183482064 13.4090040445328 13.3555397484038 13.3229254749086 13.2903112014135 13.2576969279183 13.2250826544232 13.1924683809281 13.1598541074329 13.1272398339378 13.1001438379288 13.0748872677485 13.0496306975683 13.024374127388 12.9991175572078 12.9738609870275 12.9486044168472 12.9200490474701 12.8815972805023 12.8431455135346 12.8046937465668 12.766241979599
13.5083163923687 13.4748252471288 13.4413341018889 13.4078429566489 13.4553764899571 13.5299182494481 13.6044600089391 13.67900176843 13.753543527921 13.828085287412 13.902627046903 13.9546445184284 13.9390891260571 13.9235337336858 13.9079783413145 13.8924229489432 13.876867556572 13.8613121642007 13.8457567718294 13.7880549828212 13.7163043949339 13.6445538070467 13.5728032191595 13.5010526312722 13.429302043385 13.3575514554978 13.2956807957755 13.2634499205484 13.2312190453212 13.198988170094 13.1667572948668 13.1345264196396 13.1022955444124 13.0700646691852 13.0475495100021 13.0282729228338 13.0089963356654 12.989719748497 12.9704431613286 12.9511665741603 12.9318899869919 12.9089806715647 12.8751731713613 12.8413656711578 12.8075581709544 12.7737506707509
13.6667364199956 13.6355535268783 13.6043706337611 13.5731877406438 13.6143217802047 13.6795614639918 13.7448011477788 13.8100408315658 13.8752805153529 13.9405201991399 14.0057598829269 14.0484311660131 14.0233972469966 13.99836332798 13.9733294089635 13.948295489947 13.9232615709305 13.898227651914 13.8731937328974 13.8046200990677 13.7215332269669 13.6384463548661 13.5553594827652 13.4722726106644 13.3891857385636 13.3060988664627 13.2358218431473 13.2039743661881 13.1721268892288 13.1402794122696 13.1084319353104 13.0765844583511 13.0447369813919 13.0128895044327 12.9949551820755 12.981658577919 12.9683619737625 12.955065369606 12.9417687654495 12.928472161293 12.9151755571365 12.8979122956594 12.8687490622203 12.8395858287811 12.810422595342 12.7812593619029
13.8251564476225 13.7962818066279 13.7674071656333 13.7385325246387 13.7732670704523 13.8292046785354 13.8851422866185 13.9410798947016 13.9970175027847 14.0529551108678 14.1088927189509 14.1422178135978 14.107705367936 14.0731929222743 14.0386804766125 14.0041680309508 13.969655585289 13.9351431396272 13.9006306939655 13.8211852153142 13.7267620589998 13.6323389026854 13.537915746371 13.4434925900566 13.3490694337421 13.2546462774277 13.1759628905191 13.1444988118278 13.1130347331365 13.0815706544452 13.050106575754 13.0186424970627 12.9871784183714 12.9557143396802 12.9423608541489 12.9350442330043 12.9277276118596 12.920410990715 12.9130943695704 12.9057777484258 12.8984611272812 12.886843919754 12.8623249530792 12.8378059864044 12.8132870197296 12.7887680530548
13.9161599026786 13.8934293826421 13.8706988626056 13.8479683425691 13.8783919652303 13.9265336354573 13.9746753056844 14.0228169759114 14.0709586461385 14.1191003163655 14.1672419865926 14.1921502086851 14.1473580863741 14.102565964063 14.057773841752 14.0129817194409 13.9681895971298 13.9233974748188 13.8786053525077 13.7947523911794 13.6978791501787 13.601005909178 13.5041326681773 13.4072594271766 13.3103861861759 13.2135129451752 13.1331354220708 13.1022450526555 13.0713546832403 13.040464313825 13.0095739444097 12.9786835749944 12.9477932055791 12.9169028361638 12.9046657800674 12.8986464950773 12.8926272100873 12.8866079250972 12.8805886401071 12.874569355117 12.8685500701269 12.8583517471949 12.8356163104375 12.8128808736801 12.7901454369227 12.7674100001653
13.9397467851639 13.926996254921 13.914245724678 13.9014951944351 13.9296964645386 13.9715483347575 14.0134002049764 14.0552520751953 14.0971039454142 14.1389558156331 14.180807685852 14.1982283512751 14.1423554023107 14.0864824533463 14.0306095043818 13.9747365554174 13.918863606453 13.8629906574885 13.8071177085241 13.7253216266632 13.6348845005036 13.5444473743439 13.4540102481842 13.3635731220246 13.2731359958649 13.1826988697052 13.1073394378026 13.0772130886714 13.0470867395401 13.0169603904088 12.9868340412776 12.9567076921463 12.926581343015 12.8964549938838 12.8818699598312 12.8724653641383 12.8630607684453 12.8536561727524 12.8442515770594 12.8348469813665 12.8254423856735 12.8124357779821 12.7886231342952 12.7648104906082 12.7409978469213 12.7171852032344
13.9633336676492 13.9605631271998 13.9577925867505 13.9550220463011 13.9810009638468 14.0165630340576 14.0521251042684 14.0876871744792 14.1232492446899 14.1588113149007 14.1943733851115 14.2043064938651 14.1373527182473 14.0703989426295 14.0034451670117 13.9364913913939 13.8695376157761 13.8025838401583 13.7356300645405 13.655890862147 13.5718898508284 13.4878888395098 13.4038878281911 13.3198868168725 13.2358858055539 13.1518847942352 13.0815434535345 13.0521811246872 13.02281879584 12.9934564669927 12.9640941381455 12.9347318092982 12.905369480451 12.8760071516037 12.859074139595 12.8462842331992 12.8334943268034 12.8207044204076 12.8079145140118 12.795124607616 12.7823347012202 12.7665198087692 12.7416299581528 12.7167401075363 12.6918502569199 12.6669604063034
13.9869205501344 13.9941299994787 14.0013394488229 14.0085488981671 14.0323054631551 14.0615777333577 14.0908500035604 14.120122273763 14.1493945439656 14.1786668141683 14.2079390843709 14.2103846364551 14.132350034184 14.0543154319128 13.9762808296416 13.8982462273704 13.8202116250992 13.742177022828 13.6641424205568 13.5864600976308 13.5088952011532 13.4313303046757 13.3537654081981 13.2762005117205 13.1986356152429 13.1210707187653 13.0557474692663 13.027149160703 12.9985508521398 12.9699525435766 12.9413542350133 12.9127559264501 12.8841576178869 12.8555593093236 12.8362783193588 12.8201031022602 12.8039278851615 12.7877526680629 12.7715774509642 12.7554022338655 12.7392270167669 12.7206038395564 12.6946367820104 12.6686697244644 12.6427026669184 12.6167356093725
14.0105074326197 14.0276968717575 14.0448863108953 14.0620757500331 14.0836099624634 14.1065924326579 14.1295749028524 14.1525573730469 14.1755398432414 14.1985223134359 14.2215047836304 14.2164627790451 14.1273473501206 14.038231921196 13.9491164922714 13.8600010633469 13.7708856344223 13.6817702054978 13.5926547765732 13.5170293331146 13.4459005514781 13.3747717698415 13.303642988205 13.2325142065684 13.1613854249319 13.0902566432953 13.0299514849981 13.0021171967189 12.9742829084396 12.9464486201604 12.9186143318812 12.890780043602 12.8629457553228 12.8351114670436 12.8134824991226 12.7939219713211 12.7743614435196 12.7548009157181 12.7352403879166 12.7156798601151 12.6961193323135 12.6746878703435 12.647643605868 12.6205993413925 12.593555076917 12.5665108124415
14.034094315105 14.0612637440363 14.0884331729677 14.115602601899 14.1349144617716 14.151607131958 14.1682998021444 14.1849924723307 14.2016851425171 14.2183778127034 14.2350704828898 14.2225409216351 14.1223446660572 14.0221484104792 13.9219521549013 13.8217558993234 13.7215596437454 13.6213633881675 13.5211671325896 13.4475985685985 13.3829059018029 13.3182132350074 13.2535205682119 13.1888279014164 13.1241352346209 13.0594425678253 13.0041555007299 12.9770852327347 12.9500149647395 12.9229446967443 12.8958744287491 12.8688041607539 12.8417338927587 12.8146636247635 12.7906866788864 12.7677408403821 12.7447950018777 12.7218491633733 12.698903324869 12.6759574863646 12.6530116478602 12.6287719011307 12.6006504297257 12.5725289583206 12.5444074869156 12.5162860155106
14.0360732714335 14.0641339937846 14.0921947161357 14.1202554384867 14.1358165343603 14.1472110880746 14.1586056417889 14.1700001955032 14.1813947492176 14.1927893029319 14.2041838566462 14.1873079140981 14.0856204827627 13.9839330514272 13.8822456200918 13.7805581887563 13.6788707574209 13.5771833260854 13.47549589475 13.40541361173 13.3458663781484 13.2863191445669 13.2267719109853 13.1672246774038 13.1076774438222 13.0481302102407 12.9968589040968 12.970415380266 12.9439718564351 12.9175283326043 12.8910848087735 12.8646412849426 12.8381977611118 12.811754237281 12.787296072642 12.7634996944004 12.7397033161587 12.7159069379171 12.6921105596754 12.6683141814338 12.6445178031921 12.6192313856549 12.5894748502308 12.5597183148066 12.5299617793825 12.5002052439584
14.0164443016052 14.0363076210022 14.0561709403992 14.0760342597961 14.0863161802292 14.0934043010076 14.100492421786 14.1075805425644 14.1146686633428 14.1217567841212 14.1288449048996 14.1107637564341 14.0171748002371 13.9235858440399 13.8299968878428 13.7364079316457 13.6428189754486 13.5492300192515 13.4556410630544 13.3904744625092 13.3347819805145 13.2790894985199 13.2233970165253 13.1677045345307 13.112012052536 13.0563195705414 13.0080616950989 12.9821076393127 12.9561535835266 12.9301995277405 12.9042454719544 12.8782914161682 12.8523373603821 12.826383304596 12.8033106803894 12.7811985333761 12.7590863863627 12.7369742393494 12.714862092336 12.6927499453227 12.6706377983093 12.6460663239161 12.6141168673833 12.5821674108505 12.5502179543177 12.5182684977849
13.9968153317769 14.0084812482198 14.0201471646627 14.0318130811056 14.0368158260981 14.0395975139406 14.0423792017831 14.0451608896256 14.047942577468 14.0507242653105 14.053505953153 14.0342195987702 13.9487291177114 13.8632386366527 13.7777481555939 13.6922576745351 13.6067671934764 13.5212767124176 13.4357862313589 13.3755353132884 13.3236975828807 13.271859852473 13.2200221220652 13.1681843916575 13.1163466612498 13.0645089308421 13.0192644861009 12.9937998983595 12.9683353106181 12.9428707228767 12.9174061351352 12.8919415473938 12.8664769596524 12.841012371911 12.8193252881368 12.7988973723518 12.7784694565667 12.7580415407817 12.7376136249966 12.7171857092116 12.6967577934265 12.6729012621774 12.6387588845359 12.6046165068944 12.570474129253 12.5363317516115
13.9771863619487 13.9806548754374 13.9841233889262 13.987591902415 13.9873154719671 13.9857907268736 13.9842659817802 13.9827412366867 13.9812164915933 13.9796917464998 13.9781670014064 13.9576754411062 13.8802834351858 13.8028914292654 13.725499423345 13.6481074174245 13.5707154115041 13.4933234055837 13.4159313996633 13.3605961640676 13.3126131852468 13.264630206426 13.2166472276052 13.1686642487844 13.1206812699636 13.0726982911428 13.030467277103 13.0054921574063 12.9805170377096 12.9555419180128 12.9305667983161 12.9055916786194 12.8806165589227 12.8556414392259 12.8353398958842 12.8165962113274 12.7978525267707 12.7791088422139 12.7603651576572 12.7416214731005 12.7228777885437 12.6997362004386 12.6634009016885 12.6270656029383 12.5907303041882 12.5543950054381
13.9575573921204 13.952828502655 13.9480996131897 13.9433707237244 13.937815117836 13.9319839398066 13.9261527617772 13.9203215837479 13.9144904057185 13.9086592276891 13.9028280496597 13.8811312834422 13.8118377526601 13.7425442218781 13.673250691096 13.6039571603139 13.5346636295319 13.4653700987498 13.3960765679678 13.3456570148468 13.3015287876129 13.257400560379 13.2132723331451 13.1691441059113 13.1250158786774 13.0808876514435 13.0416700681051 13.017184416453 12.992698764801 12.968213113149 12.943727461497 12.919241809845 12.894756158193 12.8702705065409 12.8513545036316 12.8342950503031 12.8172355969747 12.8001761436462 12.7831166903178 12.7660572369893 12.7489977836609 12.7265711386999 12.6880429188411 12.6495146989822 12.6109864791234 12.5724582592646
13.9379284222921 13.9250021298726 13.9120758374532 13.8991495450338 13.8883147637049 13.8781771527396 13.8680395417743 13.857901930809 13.8477643198437 13.8376267088784 13.8274890979131 13.8045871257782 13.7433920701345 13.6821970144908 13.6210019588471 13.5598069032034 13.4986118475596 13.4374167919159 13.3762217362722 13.330717865626 13.2904443899791 13.2501709143321 13.2098974386851 13.1696239630381 13.1293504873912 13.0890770117442 13.0528728591071 13.0288766754998 13.0048804918925 12.9808843082852 12.9568881246779 12.9328919410706 12.9088957574632 12.8848995738559 12.867369111379 12.8519938892788 12.8366186671787 12.8212434450785 12.8058682229784 12.7904930008782 12.7751177787781 12.7534060769611 12.7126849359936 12.6719637950261 12.6312426540587 12.5905215130912
13.9624179760615 13.9460475524267 13.9296771287918 13.913306705157 13.8986456394196 13.884554359648 13.8704630798764 13.8563718001048 13.8422805203332 13.8281892405616 13.81409796079 13.788728761673 13.7295258045197 13.6703228473663 13.611119890213 13.5519169330597 13.4927139759064 13.4335110187531 13.3743080615997 13.3313289006551 13.2937576717801 13.256186442905 13.21861521403 13.1810439851549 13.1434727562798 13.1059015274048 13.0717562993368 13.0478890736898 13.0240218480428 13.0001546223958 12.9762873967489 12.9524201711019 12.9285529454549 12.9046857198079 12.8873214960098 12.8721249394947 12.8569283829795 12.8417318264643 12.8265352699492 12.811338713434 12.7961421569188 12.7742293198903 12.7321676413218 12.6901059627533 12.6480442841848 12.6059826056163
14.0310260534286 14.0159647703171 14.0009034872055 13.9858422040939 13.9688077449799 13.9511155605316 13.9334233760834 13.9157311916351 13.8980390071869 13.8803468227386 13.8626546382904 13.8335561911265 13.7702389558156 13.7069217205048 13.6436044851939 13.580287249883 13.5169700145722 13.4536527792613 13.3903355439504 13.3474901199341 13.311468633016 13.2754471460978 13.2394256591797 13.2034041722616 13.1673826853434 13.1313611984253 13.0983203887939 13.074221611023 13.050122833252 13.026024055481 13.00192527771 12.977826499939 12.953727722168 12.929628944397 12.9112116575241 12.8946882009506 12.8781647443771 12.8616412878036 12.8451178312302 12.8285943746567 12.8120709180832 12.7890408674876 12.7464910348257 12.7039412021637 12.6613913695018 12.6188415368398
