data/working_set_collections/6091692-Cassins_Sparrow-MC/2015/bio2.asc
NCOLS 265 
NROWS 230 
XLLCORNER -115.5625 
YLLCORNER 24.8333333333333 
CELLSIZE 0.0833333333333333 
NODATA_value -9999 
[rows 100 to 119 of 230, columns 46 to 91 of 265]
14.7937841653824 14.9567514340082 15.1197187026342 15.28268597126 15.4456532398859 15.6086205085118 15.5974913358688 15.5283300161362 15.4591686964035 15.3900073766708 15.3208460569382 15.2516847372055 15.1825234174728 15.121054037412 15.0826604763667 15.0442669153213 15.005873354276 14.9674797932307 14.9290862321854 14.89069267114 14.8522991100947 14.8256001710892 14.8027994394302 14.7799987077713 14.7571979761124 14.7343972444534 14.7115965127945 14.6887957811355 14.6705455780029 14.6659469604492 14.6613483428955 14.6567497253418 14.6521511077881 14.6475524902344 14.6429538726807 14.6383552551269 14.6160696029663 14.5878882726034 14.5597069422404 14.5315256118774 14.5033442815145 14.4751629511515 14.4469816207886 14.4199811140696 14.3965230782827 14.3730650424957
14.7941832939783 14.9779702689912 15.1617572440041 15.345544219017 15.5293311940299 15.7131181690428 15.7073990742365 15.6385112894906 15.5696235047446 15.5007357199987 15.4318479352527 15.3629601505068 15.2940723657608 15.2319976250331 15.19036201636 15.1487264076869 15.1070907990138 15.0654551903407 15.0238195816676 14.9821839729945 14.9405483643214 14.914638431867 14.8939703914854 14.8733023511039 14.8526343107223 14.8319662703408 14.8112982299593 14.7906301895777 14.7718571556939 14.7587691413032 14.7456811269124 14.7325931125217 14.719505098131 14.7064170837402 14.6933290693495 14.6802410549588 14.6523505528768 14.6195258882311 14.5867012235853 14.5538765589396 14.5210518942939 14.4882272296482 14.4554025650024 14.4243551201291 14.3986393345727 14.3729235490163
14.8200719753901 14.9908689525392 15.1616659296883 15.3324629068374 15.5032598839866 15.6740568611357 15.6763162056605 15.6223963393106 15.5684764729606 15.5145566066106 15.4606367402607 15.4067168739107 15.3527970075607 15.3025804758072 15.2634739478429 15.2243674198786 15.1852608919144 15.1461543639501 15.1070478359858 15.0679413080215 15.0288347800573 15.0035000880559 14.9827560080422 14.9620119280285 14.9412678480148 14.9205237680011 14.8997796879874 14.8790356079737 14.8583636230893 14.8379079235925 14.8174522240957 14.7969965245989 14.7765408251021 14.7560851256053 14.7356294261085 14.7151737266117 14.6844861110051 14.6503878566954 14.6162896023856 14.5821913480759 14.5480930937661 14.5139948394563 14.4798965851466 14.4487180127038 14.4262984858619 14.40387895902
14.8714502096176 14.9954474846522 15.1194447596868 15.2434420347214 15.367439309756 15.4914365847906 15.5042427301407 15.479985165596 15.4557276010514 15.4314700365067 15.407212471962 15.3829549074173 15.3586973428726 15.3328025897344 15.3019962708155 15.2711899518967 15.2403836329778 15.2095773140589 15.1787709951401 15.1479646762212 15.1171583573023 15.0921851396561 15.0691562891006 15.0461274385452 15.0230985879898 15.0000697374344 14.977040886879 14.9540120363235 14.930064980189 14.9033633073171 14.8766616344452 14.8499599615733 14.8232582887014 14.7965566158295 14.7698549429576 14.7431532700857 14.7124762773514 14.6804741779963 14.6484720786413 14.6164699792862 14.5844678799311 14.5524657805761 14.520463681221 14.4930697917938 14.4795005321503 14.4659312725067
14.9228284438451 15.0000260167652 15.0772235896852 15.1544211626053 15.2316187355253 15.3088163084454 15.3321692546209 15.3375739918815 15.3429787291421 15.3483834664027 15.3537882036633 15.3591929409239 15.3645976781845 15.3630247036616 15.3405185937881 15.3180124839147 15.2955063740412 15.2730002641678 15.2504941542943 15.2279880444209 15.2054819345474 15.1808701912562 15.1555565701591 15.1302429490619 15.1049293279648 15.0796157068676 15.0543020857705 15.0289884646734 15.0017663372887 14.9688186910417 14.9358710447947 14.9029233985477 14.8699757523007 14.8370281060537 14.8040804598067 14.7711328135596 14.7404664436976 14.7105604992972 14.6806545548969 14.6507486104965 14.6208426660962 14.5909367216958 14.5610307772954 14.5374215708839 14.5327025784386 14.5279835859934
14.9742066780726 15.0046045488781 15.0350024196837 15.0654002904892 15.0957981612947 15.1261960321003 15.1600957791011 15.195162818167 15.2302298572328 15.2652968962987 15.3003639353646 15.3354309744305 15.3704980134964 15.3932468175888 15.3790409167608 15.3648350159327 15.3506291151047 15.3364232142766 15.3222173134486 15.3080114126205 15.2938055117925 15.2695552428563 15.2419568512175 15.2143584595786 15.1867600679398 15.1591616763009 15.131563284662 15.1039648930232 15.0734676943885 15.0342740747664 14.9950804551442 14.9558868355221 14.9166932159 14.8774995962779 14.8383059766558 14.7991123570336 14.7684566100438 14.7406468205982 14.7128370311525 14.6850272417068 14.6572174522612 14.6294076628155 14.6015978733699 14.5817733499739 14.585904624727 14.5900358994802
15.0255849123001 15.0091830809911 14.9927812496821 14.9763794183731 14.9599775870641 14.9435757557551 14.9880223035813 15.0527516444524 15.1174809853236 15.1822103261948 15.2469396670659 15.3116690079371 15.3763983488083 15.423468931516 15.4175632397334 15.4116575479507 15.4057518561681 15.3998461643855 15.3939404726028 15.3880347808202 15.3821290890376 15.3582402944565 15.3283571322759 15.2984739700953 15.2685908079147 15.2387076457341 15.2088244835536 15.178941321373 15.1451690514882 15.099729458491 15.0542898654938 15.0088502724965 14.9634106794993 14.9179710865021 14.8725314935048 14.8270919005076 14.7964467763901 14.7707331418991 14.7450195074081 14.7193058729172 14.6935922384262 14.6678786039352 14.6421649694443 14.6261251290639 14.6391066710154 14.6520882129669
15.0769631465276 15.0137616131041 14.9505600796806 14.887358546257 14.8241570128335 14.76095547941 14.8159488280614 14.9103404707379 15.0047321134143 15.0991237560908 15.1935153987672 15.2879070414437 15.3822986841202 15.4536910454432 15.456085562706 15.4584800799688 15.4608745972315 15.4632691144943 15.4656636317571 15.4680581490199 15.4704526662826 15.4469253460566 15.4147574133343 15.382589480612 15.3504215478897 15.3182536151674 15.2860856824451 15.2539177497228 15.216870408588 15.1651848422156 15.1134992758433 15.061813709471 15.0101281430986 14.9584425767263 14.9067570103539 14.8550714439816 14.8244369427363 14.8008194632 14.7772019836638 14.7535845041275 14.7299670245912 14.706349545055 14.6827320655187 14.6704769081539 14.6923087173038 14.7141405264536
15.1103869915009 15.024251932568 14.9381168736352 14.8519818147024 14.7658467557695 14.6797116968367 14.7348169883092 14.8370023965835 14.9391878048579 15.0413732131322 15.1435586214065 15.2457440296809 15.3479294379552 15.4267529143228 15.4354905949699 15.444228275617 15.4529659562641 15.4617036369112 15.4704413175583 15.4791789982054 15.4879166788525 15.4649913072586 15.4315115849177 15.3980318625768 15.3645521402359 15.331072417895 15.2975926955541 15.2641129732132 15.2263624138302 15.1757993433211 15.1252362728119 15.0746732023027 15.0241101317936 14.9735470612844 14.9229839907752 14.8724209202661 14.8433805863063 14.8215144978629 14.7996484094196 14.7777823209763 14.7559162325329 14.7340501440896 14.7121840556463 14.7027154154248 14.7304391198688 14.7581628243128
15.1258564472199 15.040654039383 14.955451631546 14.8702492237091 14.7850468158722 14.6998444080353 14.7446267843246 14.8327374219894 14.9208480596542 15.008958697319 15.0970693349838 15.1851799726486 15.2732906103134 15.3426545381546 15.355778336525 15.3689021348953 15.3820259332657 15.3951497316361 15.4082735300064 15.4213973283768 15.4345211267471 15.4124381780625 15.3786196470261 15.3448011159897 15.3109825849533 15.2771640539169 15.2433455228806 15.2095269918442 15.173645067215 15.1315729618073 15.0895008563995 15.0474287509918 15.0053566455841 14.9632845401764 14.9212124347687 14.879140329361 14.8532777070999 14.8328182458878 14.8123587846756 14.7918993234634 14.7714398622513 14.7509804010391 14.730520939827 14.7228406508764 14.7534978787104 14.7841551065445
15.1413259029389 15.0570561461979 14.9727863894569 14.8885166327159 14.8042468759749 14.7199771192339 14.7544365803401 14.8284724473953 14.9025083144506 14.9765441815058 15.0505800485611 15.1246159156164 15.1986517826716 15.2585561619865 15.2760660780801 15.2935759941737 15.3110859102673 15.3285958263609 15.3461057424545 15.3636156585481 15.3811255746418 15.3598850488663 15.3257277091344 15.2915703694026 15.2574130296707 15.2232556899389 15.189098350207 15.1549410104752 15.1209277205997 15.0873465802935 15.0537654399872 15.0201842996809 14.9866031593747 14.9530220190684 14.9194408787621 14.8858597384559 14.8631748278936 14.8441219939126 14.8250691599316 14.8060163259506 14.7869634919696 14.7679106579887 14.7488578240077 14.7429658863279 14.776556637552 14.8101473887761
15.1567953586578 15.0734582530128 14.9901211473677 14.9067840417226 14.8234469360776 14.7401098304325 14.7642463763555 14.8242074728012 14.8841685692469 14.9441296656926 15.0040907621384 15.0640518585841 15.1240129550298 15.1744577858183 15.1963538196352 15.218249853452 15.2401458872689 15.2620419210858 15.2839379549027 15.3058339887195 15.3277300225364 15.3073319196701 15.2728357712428 15.2383396228155 15.2038434743881 15.1693473259608 15.1348511775335 15.1003550291062 15.0682103739845 15.0431201987796 15.0180300235748 14.99293984837 14.9678496731652 14.9427594979604 14.9176693227556 14.8925791475508 14.8730719486872 14.8554257419374 14.8377795351876 14.8201333284378 14.802487121688 14.7848409149382 14.7671947081884 14.7630911217795 14.7996153963937 14.8361396710078
15.1722648143768 15.0898603598277 15.0074559052785 14.9250514507294 14.8426469961802 14.7602425416311 14.7740561723709 14.8199424982071 14.8658288240433 14.9117151498795 14.9576014757156 15.0034878015518 15.049374127388 15.0903594096502 15.1166415611903 15.1429237127304 15.1692058642705 15.1954880158107 15.2217701673508 15.2480523188909 15.274334470431 15.254778790474 15.2199438333512 15.1851088762283 15.1502739191055 15.1154389619827 15.0806040048599 15.0457690477371 15.0154930273692 14.9988938172658 14.9822946071625 14.9656953970591 14.9490961869558 14.9324969768524 14.9158977667491 14.8992985566457 14.8829690694809 14.8667294899623 14.8504899104436 14.834250330925 14.8180107514064 14.8017711718877 14.7855315923691 14.7832163572311 14.8226741552353 14.8621319532394
15.1877342700958 15.1062624666426 15.0247906631894 14.9433188597361 14.8618470562829 14.7803752528297 14.7838659683863 14.815677523613 14.8474890788396 14.8793006340663 14.9111121892929 14.9429237445196 14.9747352997462 15.006261033482 15.0369293027454 15.0675975720088 15.0982658412721 15.1289341105355 15.1596023797989 15.1902706490623 15.2209389183256 15.2022256612778 15.1670518954595 15.1318781296412 15.096704363823 15.0615305980047 15.0263568321864 14.9911830663681 14.9627756807539 14.954667435752 14.9465591907501 14.9384509457482 14.9303427007463 14.9222344557444 14.9141262107425 14.9060179657406 14.8928661902746 14.8780332379871 14.8632002856996 14.8483673334122 14.8335343811247 14.8187014288372 14.8038684765498 14.8033415926827 14.8457329140769 14.8881242354711
15.1740504264832 15.0994989924961 15.024947558509 14.9503961245219 14.8758446905348 14.8012932565477 14.7997148275375 14.8224607335197 14.8452066395018 14.8679525454839 14.890698451466 14.9134443574481 14.9361902634303 14.9599189784792 14.9865961207284 15.0132732629776 15.0399504052268 15.066627547476 15.0933046897252 15.1199818319745 15.1466589742237 15.1283690770467 15.0950901667277 15.0618112564087 15.0285323460897 14.9952534357707 14.9619745254517 14.9286956151327 14.9038605637021 14.9043570889367 14.9048536141714 14.905350139406 14.9058466646406 14.9063431898753 14.9068397151099 14.9073362403446 14.8996724128723 14.8892884678311 14.8789045227899 14.8685205777486 14.8581366327074 14.8477526876661 14.8373687426249 14.8390726778242 14.8770402537452 14.9150078296661
15.1312132835388 15.0695699373881 15.0079265912374 14.9462832450867 14.884639898936 14.8229965527852 14.8216027498245 14.8402921279271 14.8589815060298 14.8776708841324 14.896360262235 14.9150496403376 14.9337390184402 14.9513332446416 14.9656420151393 14.9799507856369 14.9942595561345 15.0085683266322 15.0228770971298 15.0371858676275 15.0514946381251 15.0332090377808 15.0040586471558 14.9749082565308 14.9457578659058 14.9166074752808 14.8874570846558 14.8583066940308 14.8387476762136 14.8479627768199 14.8571778774262 14.8663929780324 14.8756080786387 14.884823179245 14.8940382798513 14.9032533804576 14.9033877372742 14.9004951794942 14.8976026217143 14.8947100639343 14.8918175061544 14.8889249483744 14.8860323905945 14.8904096126556 14.9165961742401 14.9427827358246
15.0883761405945 15.0396408822802 14.9909056239658 14.9421703656515 14.8934351073371 14.8446998490228 14.8434906721115 14.8581235223346 14.8727563725577 14.8873892227809 14.902022073004 14.9166549232271 14.9312877734502 14.9427475108041 14.9446879095501 14.9466283082962 14.9485687070423 14.9505091057883 14.9524495045344 14.9543899032805 14.9563303020265 14.9380489985148 14.9130271275838 14.8880052566528 14.8629833857219 14.8379615147909 14.8129396438599 14.7879177729289 14.7736347887251 14.791568464703 14.809502140681 14.8274358166589 14.8453694926368 14.8633031686147 14.8812368445926 14.8991705205705 14.907103061676 14.9117018911574 14.9163007206387 14.92089955012 14.9254983796014 14.9300972090827 14.934696038564 14.941746547487 14.956152094735 14.970557641983
15.0455389976502 15.0097118271722 14.9738846566942 14.9380574862162 14.9022303157383 14.8664031452603 14.8653785943985 14.8759549167421 14.8865312390857 14.8971075614293 14.907683883773 14.9182602061166 14.9288365284602 14.9341617769665 14.923733803961 14.9133058309555 14.90287785795 14.8924498849445 14.882021911939 14.8715939389335 14.861165965928 14.8428889592489 14.8219956080119 14.8011022567749 14.7802089055379 14.759315554301 14.738422203064 14.717528851827 14.7085219012366 14.7351741525862 14.7618264039357 14.7884786552853 14.8151309066349 14.8417831579844 14.868435409334 14.8950876606835 14.9108183860779 14.9229086028205 14.9349988195631 14.9470890363057 14.9591792530484 14.971269469791 14.9833596865336 14.9930834823184 14.99570801523 14.9983325481415
15.0027018547058 14.9797827720642 14.9568636894226 14.933944606781 14.9110255241394 14.8881064414978 14.8872665166855 14.8937863111496 14.9003061056137 14.9068259000778 14.9133456945419 14.919865489006 14.9263852834702 14.925576043129 14.9027796983719 14.8799833536148 14.8571870088577 14.8343906641007 14.8115943193436 14.7887979745865 14.7660016298294 14.7477289199829 14.73096408844 14.714199256897 14.697434425354 14.6806695938111 14.6639047622681 14.6471399307251 14.6434090137482 14.6787798404694 14.7141506671906 14.7495214939117 14.7848923206329 14.8202631473541 14.8556339740753 14.8910048007965 14.9145337104797 14.9341153144836 14.9536969184875 14.9732785224914 14.9928601264954 15.0124417304993 15.0320233345032 15.0444204171499 15.0352639357249 15.0261074542999
14.9598647117615 14.9498537169563 14.939842722151 14.9298317273458 14.9198207325406 14.9098097377353 14.9091544389725 14.9116177055571 14.9140809721417 14.9165442387263 14.9190075053109 14.9214707718955 14.9239340384801 14.9169903092914 14.8818255927828 14.8466608762741 14.8114961597655 14.7763314432568 14.7411667267482 14.7060020102395 14.6708372937309 14.652568880717 14.639932568868 14.6272962570191 14.6146599451701 14.6020236333211 14.5893873214722 14.5767510096232 14.5782961262597 14.6223855283525 14.6664749304454 14.7105643325382 14.754653734631 14.7987431367238 14.8428325388167 14.8869219409095 14.9182490348816 14.9453220261468 14.972395017412 14.9994680086772 15.0265409999423 15.0536139912075 15.0806869824727 15.0957573519813 15.0748198562198 15.0538823604584
