data/working_set_collections/6091692-Cassins_Sparrow-MC/2015/bio3.asc
NCOLS 265 
NROWS 230 
XLLCORNER -115.5625 
YLLCORNER 24.8333333333333 
CELLSIZE 0.0833333333333333 
NODATA_value -9999 
[rows 20 to 39 of 230, columns 138 to 183 of 265]
36.2119898690118 36.1661801020304 36.1203703350491 36.0745605680677 36.0305349349975 35.9871040132311 35.9436730914646 35.9002421696981 35.8568112479316 35.8133803261651 35.7699494043986 35.7110410160489 35.6057002279494 35.5003594398499 35.3950186517504 35.2896778636509 35.1843370755514 35.0789962874519 34.9736554993524 34.8365656852722 34.6888928625319 34.5412200397916 34.3935472170512 34.2458743943109 34.0982015715705 33.9505287488302 33.8156585587396 33.7191962665982 33.6227339744568 33.5262716823154 33.429809390174 33.3333470980326 33.2368848058913 33.1404225137499 33.0523977915446 32.9671855926514 32.8819733937581 32.7967611948649 32.7115489959717 32.6263367970785 32.5411245981852 32.4550270239512 32.3662733236949 32.2775196234385 32.1887659231822 32.1000122229258
36.3630612479316 36.3188075383504 36.2745538287692 36.2303001191881 36.1831422805786 36.1350163989597 36.0868905173408 36.0387646357218 35.9906387541029 35.942512872484 35.8943869908651 35.8313574367099 35.7236168649462 35.6158762931824 35.5081357214186 35.4003951496548 35.292654577891 35.1849140061273 35.0771734343635 34.9420342445374 34.7977621820238 34.6534901195103 34.5092180569967 34.3649459944831 34.2206739319696 34.076401869456 33.9442496087816 33.8484567536248 33.752663898468 33.6568710433112 33.5610781881544 33.4652853329976 33.3694924778409 33.2736996226841 33.184800084432 33.0981983184815 33.0115965525309 32.9249947865804 32.8383930206299 32.7517912546794 32.6651894887288 32.5776820341746 32.4874575138092 32.3972329934438 32.3070084730784 32.216783952713
36.5141326268514 36.4714349746704 36.4287373224894 36.3860396703084 36.3357496261597 36.2829287846883 36.230107943217 36.1772871017456 36.1244662602742 36.0716454188029 36.0188245773315 35.951673857371 35.841533501943 35.7313931465149 35.6212527910868 35.5111124356588 35.4009720802307 35.2908317248027 35.1806913693746 35.0475028038025 34.9066315015157 34.765760199229 34.6248888969421 34.4840175946554 34.3431462923686 34.2022749900818 34.0728406588236 33.9777172406515 33.8825938224792 33.787470404307 33.6923469861349 33.5972235679626 33.5021001497904 33.4069767316182 33.3172023773193 33.2292110443115 33.1412197113037 33.0532283782959 32.9652370452881 32.8772457122803 32.7892543792725 32.700337044398 32.6086417039236 32.5169463634491 32.4252510229747 32.3335556825002
36.6652040057712 36.6240624109904 36.5829208162096 36.5417792214288 36.4883569717407 36.4308411704169 36.3733253690932 36.3158095677694 36.2582937664456 36.2007779651218 36.143262163798 36.0719902780321 35.9594501389398 35.8469099998474 35.7343698607551 35.6218297216627 35.5092895825704 35.3967494434781 35.2842093043857 35.1529713630676 35.0155008210076 34.8780302789476 34.7405597368876 34.6030891948276 34.4656186527676 34.3281481107076 34.2014317088657 34.1069777276781 34.0125237464905 33.9180697653029 33.8236157841153 33.7291618029276 33.63470782174 33.5402538405524 33.4496046702067 33.3602237701416 33.2708428700765 33.1814619700114 33.0920810699463 33.0027001698812 32.9133192698161 32.8229920546214 32.7298258940379 32.6366597334544 32.5434935728709 32.4503274122874
36.7571386867099 36.7228222211202 36.6885057555305 36.6541892899407 36.6030072530111 36.5462033589681 36.4893994649251 36.4325955708822 36.3757916768392 36.3189877827962 36.2621838887532 36.1915736622281 36.0795444382562 35.9675152142843 35.8554859903124 35.7434567663405 35.6314275423686 35.5193983183967 35.4073690944248 35.2764073371887 35.1391347355313 35.0018621338739 34.8645895322164 34.727316930559 34.5900443289015 34.4527717272441 34.3264930937025 34.2331963645087 34.139899635315 34.0466029061212 33.9533061769274 33.8600094477336 33.7667127185398 33.673415989346 33.5800681114197 33.4867031839159 33.3933382564121 33.2999733289083 33.2066084014045 33.1132434739007 33.0198785463969 32.9258922364977 32.8300417794122 32.7341913223267 32.6383408652412 32.5424904081557
36.7899366696676 36.7677144050598 36.7454921404521 36.7232698758443 36.6797004699707 36.6290153503418 36.5783302307129 36.527645111084 36.4769599914551 36.4262748718262 36.3755897521973 36.3104240099589 36.2018163998922 36.0932087898254 35.9846011797587 35.875993569692 35.7673859596252 35.6587783495585 35.5501707394918 35.4178107261658 35.2775332450867 35.1372557640076 34.9969782829285 34.8567008018494 34.7164233207703 34.5761458396912 34.4480248133342 34.3563731511434 34.2647214889526 34.1730698267619 34.0814181645711 33.9897665023804 33.8981148401896 33.8064631779989 33.7085927009582 33.6086492856344 33.5087058703105 33.4087624549866 33.3088190396627 33.2088756243388 33.1089322090149 33.0090375900269 32.9092893600464 32.8095411300659 32.7097929000855 32.610044670105
36.8227346526252 36.8126065889994 36.8024785253737 36.7923504617479 36.7563936869303 36.7118273417155 36.6672609965007 36.6226946512858 36.578128306071 36.5335619608561 36.4889956156413 36.4292743576898 36.3240883615282 36.2189023653666 36.1137163692051 36.0085303730435 35.9033443768819 35.7981583807204 35.6929723845588 35.5592141151428 35.4159317546421 35.2726493941413 35.1293670336405 34.9860846731398 34.842802312639 34.6995199521383 34.5695565329658 34.4795499377781 34.3895433425903 34.2995367474026 34.2095301522149 34.1195235570272 34.0295169618395 33.9395103666518 33.8371172904968 33.7305953873528 33.6240734842089 33.5175515810649 33.4110296779209 33.3045077747769 33.1979858716329 33.0921829435561 32.9885369406806 32.8848909378052 32.7812449349298 32.6775989320543
36.8555326355828 36.857498772939 36.8594649102953 36.8614310476515 36.83308690389 36.7946393330892 36.7561917622884 36.7177441914876 36.6792966206868 36.6408490498861 36.6024014790853 36.5481247054206 36.4463603231642 36.3445959409078 36.2428315586514 36.141067176395 36.0393027941386 35.9375384118822 35.8357740296258 35.7006175041199 35.5543302641975 35.4080430242751 35.2617557843526 35.1154685444302 34.9691813045078 34.8228940645854 34.6910882525974 34.6027267244127 34.514365196228 34.4260036680434 34.3376421398587 34.249280611674 34.1609190834893 34.0725575553046 33.9656418800354 33.8525414890713 33.7394410981072 33.6263407071432 33.5132403161791 33.400139925215 33.2870395342509 33.1753282970853 33.0677845213149 32.9602407455444 32.852696969774 32.7451531940037
36.8883306185404 36.9023909568787 36.9164512952169 36.9305116335551 36.9097801208496 36.8774513244629 36.8451225280762 36.8127937316894 36.7804649353027 36.748136138916 36.7158073425293 36.6669750531515 36.5686322848002 36.470289516449 36.3719467480977 36.2736039797465 36.1752612113953 36.076918443044 35.9785756746928 35.8420208930969 35.6927287737529 35.5434366544088 35.3941445350647 35.2448524157206 35.0955602963766 34.9462681770325 34.812619972229 34.7259035110474 34.6391870498657 34.5524705886841 34.4657541275024 34.3790376663208 34.2923212051392 34.2056047439575 34.094166469574 33.9744875907898 33.8548087120056 33.7351298332214 33.6154509544373 33.4957720756531 33.3760931968689 33.2584736506144 33.1470321019491 33.0355905532837 32.9241490046183 32.812707455953
36.9211286014981 36.9472831408183 36.9734376801385 36.9995922194587 36.9864733378092 36.9602633158366 36.9340532938639 36.9078432718913 36.8816332499186 36.855423227946 36.8292132059733 36.7858254008823 36.6909042464362 36.5959830919901 36.5010619375441 36.406140783098 36.3112196286519 36.2162984742059 36.1213773197598 35.983424282074 35.8311272833083 35.6788302845425 35.5265332857768 35.3742362870111 35.2219392882453 35.0696422894796 34.9341516918606 34.849080297682 34.7640089035034 34.6789375093248 34.5938661151462 34.5087947209676 34.423723326789 34.3386519326104 34.2226910591126 34.0964336925083 33.970176325904 33.8439189592997 33.7176615926955 33.5914042260912 33.4651468594869 33.3416190041436 33.2262796825833 33.110940361023 32.9956010394626 32.8802617179023
36.9967995325724 37.0270152409871 37.0572309494018 37.0874466578165 37.0775451978048 37.0542713483175 37.0309974988302 37.0077236493428 36.9844497998555 36.9611759503682 36.9379021008809 36.8965593443977 36.8010098669264 36.7054603894552 36.6099109119839 36.5143614345127 36.4188119570414 36.3232624795702 36.227713002099 36.0905230522156 35.9394529448615 35.7883828375075 35.6373127301534 35.4862426227994 35.3351725154453 35.1841024080912 35.0490053282844 34.9618273311191 34.8746493339539 34.7874713367886 34.7002933396234 34.6131153424581 34.5259373452928 34.4387593481276 34.3204088528951 34.1916675249736 34.062926197052 33.9341848691305 33.8054435412089 33.6767022132874 33.5479608853658 33.4219232665168 33.3039967748854 33.186070283254 33.0681437916226 32.9502172999912
37.1153434117635 37.1415872573852 37.167831103007 37.1940749486287 37.1829957008362 37.1594754219055 37.1359551429748 37.1124348640442 37.0889145851135 37.0653943061829 37.0418740272522 36.9991768836975 36.8989491462708 36.798721408844 36.6984936714172 36.5982659339905 36.4980381965637 36.397810459137 36.2975827217102 36.1633172035217 36.0177057584127 35.8720943133037 35.7264828681946 35.5808714230855 35.4352599779765 35.2896485328674 35.1571808815003 35.0641446113586 34.971108341217 34.8780720710754 34.7850358009338 34.6919995307922 34.5989632606506 34.505926990509 34.3873198509216 34.2601890881856 34.1330583254496 34.0059275627136 33.8787967999776 33.7516660372416 33.6245352745056 33.499386437734 33.3801833788554 33.2609803199768 33.1417772610982 33.0225742022197
37.2338872909546 37.2561592737833 37.2784312566121 37.3007032394409 37.2884462038676 37.2646794954936 37.2409127871195 37.2171460787455 37.1933793703715 37.1696126619975 37.1458459536234 37.1017944229974 36.9968884256151 36.8919824282328 36.7870764308506 36.6821704334683 36.577264436086 36.4723584387038 36.3674524413215 36.2361113548279 36.0959585719639 35.9558057890998 35.8156530062358 35.6755002233717 35.5353474405077 35.3951946576436 35.2653564347161 35.1664618915982 35.0675673484802 34.9686728053623 34.8697782622443 34.7708837191264 34.6719891760085 34.5730946328905 34.4542308489482 34.3287106513977 34.2031904538473 34.0776702562968 33.9521500587464 33.8266298611959 33.7011096636454 33.5768496089512 33.4563699828254 33.3358903566996 33.2154107305739 33.0949311044481
37.3524311701456 37.3707312901815 37.3890314102173 37.4073315302531 37.393896706899 37.3698835690816 37.3458704312642 37.3218572934469 37.2978441556295 37.2738310178121 37.2498178799947 37.2044119622972 37.0948277049595 36.9852434476217 36.8756591902839 36.7660749329461 36.6564906756083 36.5469064182706 36.4373221609328 36.308905506134 36.174211385515 36.039517264896 35.9048231442769 35.7701290236579 35.6354349030389 35.5007407824199 35.373531987932 35.2687791718377 35.1640263557434 35.0592735396491 34.9545207235548 34.8497679074605 34.7450150913663 34.640262275272 34.5211418469747 34.3972322146098 34.2733225822449 34.14941294988 34.0255033175151 33.9015936851502 33.7776840527852 33.6543127801683 33.5325565867954 33.4108003934225 33.2890442000495 33.1672880066766
37.4709750493367 37.4853033065796 37.4996315638224 37.5139598210652 37.4993472099304 37.4750876426697 37.4508280754089 37.4265685081482 37.4023089408874 37.3780493736267 37.353789806366 37.3070295015971 37.1927669843038 37.0785044670105 36.9642419497172 36.8499794324239 36.7357169151306 36.6214543978373 36.507191880544 36.3816996574402 36.2524641990662 36.1232287406922 35.9939932823181 35.8647578239441 35.7355223655701 35.606286907196 35.4817075411479 35.3710964520773 35.2604853630066 35.149874273936 35.0392631848653 34.9286520957947 34.818041006724 34.7074299176534 34.5880528450012 34.4657537778219 34.3434547106425 34.2211556434631 34.0988565762838 33.9765575091044 33.8542584419251 33.7317759513855 33.6087431907654 33.4857104301453 33.3626776695252 33.239644908905
37.5895189285278 37.5998753229777 37.6102317174275 37.6205881118774 37.6047977129618 37.5802917162577 37.5557857195536 37.5312797228495 37.5067737261454 37.4822677294413 37.4577617327372 37.409647040897 37.2907062636482 37.1717654863993 37.0528247091505 36.9338839319017 36.8149431546529 36.6960023774041 36.5770616001553 36.4544938087463 36.3307170126173 36.2069402164883 36.0831634203593 35.9593866242303 35.8356098281013 35.7118330319722 35.5898830943638 35.4734137323168 35.3569443702698 35.2404750082228 35.1240056461758 35.0075362841288 34.8910669220819 34.7745975600349 34.6549638430278 34.534275341034 34.4135868390401 34.2928983370463 34.1722098350525 34.0515213330587 33.9308328310649 33.8092391226027 33.6849297947354 33.5606204668681 33.4363111390008 33.3120018111335
37.7417353947957 37.7469887415568 37.7522420883178 37.7574954350789 37.7357391993205 37.7049797693888 37.6742203394572 37.6434609095255 37.6127014795939 37.5819420496623 37.5511826197306 37.4974855105082 37.3749753634135 37.2524652163188 37.1299550692241 37.0074449221293 36.8849347750346 36.7624246279399 36.6399144808452 36.5178799629212 36.3960039880541 36.274128013187 36.1522520383199 36.0303760634528 35.9085000885858 35.7866241137187 35.6655493736267 35.5468783378601 35.4282073020935 35.3095362663269 35.1908652305603 35.0721941947937 34.9535231590271 34.8348521232605 34.7156684875488 34.5963139851888 34.4769594828288 34.3576049804688 34.2382504781087 34.1188959757487 33.9995414733887 33.8788559383816 33.7541773054335 33.6294986724854 33.5048200395372 33.3801414065891
37.9276244481404 37.9266435623169 37.9256626764933 37.9246817906697 37.8921716690063 37.849151802063 37.8061319351196 37.7631120681763 37.7200922012329 37.6770723342895 37.6340524673462 37.5705449104309 37.4455742835999 37.3206036567688 37.1956330299378 37.0706624031067 36.9456917762756 36.8207211494446 36.6957505226136 36.5718581199646 36.4483251253764 36.3247921307882 36.2012591362 36.0777261416118 35.9541931470235 35.8306601524353 35.7087063789368 35.5914902687073 35.4742741584778 35.3570580482483 35.2398419380188 35.1226258277893 35.0054097175598 34.8881936073303 34.7701667785645 34.6518697102865 34.5335726420085 34.4152755737305 34.2969785054525 34.1786814371745 34.0603843688965 33.9406263987223 33.8164857228597 33.6923450469971 33.5682043711345 33.4440636952718
38.1135135014852 38.106298383077 38.0990832646688 38.0918681462606 38.0486041386922 37.9933238347371 37.9380435307821 37.882763226827 37.8274829228719 37.7722026189168 37.7169223149617 37.6436043103536 37.5161732037862 37.3887420972188 37.2613109906515 37.1338798840841 37.0064487775167 36.8790176709493 36.7515865643819 36.6258362770081 36.5006462626987 36.3754562483894 36.25026623408 36.1250762197707 35.9998862054613 35.874696191152 35.7518633842468 35.6361021995545 35.5203410148621 35.4045798301697 35.2888186454773 35.1730574607849 35.0572962760925 34.9415350914002 34.8246650695801 34.7074254353841 34.5901858011882 34.4729461669922 34.3557065327962 34.2384668986003 34.1212272644043 34.0023968590631 33.878794140286 33.7551914215088 33.6315887027317 33.5079859839546
38.2994025548299 38.2859532038371 38.2725038528442 38.2590545018514 38.2050366083781 38.1374958674113 38.0699551264445 38.0024143854777 37.9348736445109 37.8673329035441 37.7997921625773 37.7166637102763 37.5867721239726 37.4568805376689 37.3269889513652 37.1970973650615 37.0672057787577 36.937314192454 36.8074226061503 36.6798144340515 36.552967400021 36.4261203659906 36.2992733319601 36.1724262979296 36.0455792638991 35.9187322298686 35.7950203895569 35.6807141304016 35.5664078712463 35.4521016120911 35.3377953529358 35.2234890937805 35.1091828346253 34.99487657547 34.8791633605957 34.7629811604818 34.6467989603679 34.5306167602539 34.41443456014 34.2982523600261 34.1820701599121 34.0641673194038 33.9411025577122 33.8180377960205 33.6949730343289 33.5719082726373
