data/working_set_collections/6091692-Cassins_Sparrow-MC/2015/bio3.asc
NCOLS 265 
NROWS 230 
XLLCORNER -115.5625 
YLLCORNER 24.8333333333333 
CELLSIZE 0.0833333333333333 
NODATA_value -9999 
[rows 120 to 139 of 230, columns 184 to 229 of 265]
37.6041265805563 37.4423726929559 37.2806188053555 37.0977011680603 36.9077289475335 36.7177567270067 36.5277845064799 36.3378122859531 36.1478400654263 35.9578678448995 35.7819876882765 35.648383723365 35.5147797584534 35.3811757935418 35.2475718286303 35.1139678637187 34.9803638988071 34.8467599338956 34.750647799174 34.6670329411825 34.5834180831909 34.4998032251994 34.4161883672079 34.3325735092163 34.2489586512248 34.1548446125455 34.0292330318027 33.90362145106 33.7780098703173 33.6523982895745 33.5267867088318 33.4011751280891 33.2755635473464 33.206671333313 33.1566855748494 33.1066998163859 33.0567140579224 33.0067282994588 32.9567425409953 32.9067567825317 32.8877425617642 32.9616429540846 33.035543346405 33.1094437387254 33.1833441310458 33.2572445233663
37.645505809784 37.4851495424907 37.3247932751974 37.1449887275696 36.9587014198304 36.7724141120911 36.5861268043518 36.3998394966126 36.2135521888733 36.027264881134 35.8540517489116 35.7200611432394 35.5860705375672 35.452079931895 35.3180893262228 35.1840987205506 35.0501081148784 34.9161175092062 34.8182413101196 34.7324032465617 34.6465651830038 34.5607271194458 34.4748890558879 34.3890509923299 34.303212928772 34.2078446388245 34.0838856697083 33.959926700592 33.8359677314758 33.7120087623596 33.5880497932434 33.4640908241272 33.340131855011 33.2653318405151 33.2069181442261 33.148504447937 33.090090751648 33.0316770553589 32.9732633590698 32.9148496627808 32.8900414466858 32.9660496711731 33.0420578956604 33.1180661201477 33.194074344635 33.2700825691223
37.6868850390117 37.5279263920254 37.3689677450392 37.1922762870789 37.0096738921272 36.8270714971755 36.6444691022237 36.461866707272 36.2792643123203 36.0966619173686 35.9261158095466 35.7917385631138 35.6573613166809 35.5229840702481 35.3886068238153 35.2542295773824 35.1198523309496 34.9854750845168 34.8858348210653 34.7977735519409 34.7097122828166 34.6216510136922 34.5335897445679 34.4455284754435 34.3574672063192 34.2608446651035 34.1385383076138 34.0162319501241 33.8939255926344 33.7716192351448 33.649312877655 33.5270065201654 33.4047001626757 33.3239923477173 33.2571507136027 33.1903090794881 33.1234674453735 33.056625811259 32.9897841771444 32.9229425430298 32.8923403316074 32.9704563882616 33.0485724449158 33.1266885015699 33.2048045582241 33.2829206148783
37.7282642682394 37.5707032415602 37.4131422148811 37.2395638465882 37.060646364424 36.8817288822598 36.7028114000956 36.5238939179315 36.3449764357673 36.1660589536031 35.9981798701816 35.8634159829882 35.7286520957947 35.5938882086012 35.4591243214078 35.3243604342143 35.1895965470208 35.0548326598274 34.9534283320109 34.8631438573202 34.7728593826294 34.6825749079386 34.5922904332479 34.5020059585571 34.4117214838664 34.3138446913825 34.1931909455194 34.0725371996562 33.951883453793 33.8312297079299 33.7105759620667 33.5899222162035 33.4692684703403 33.3826528549194 33.3073832829793 33.2321137110392 33.1568441390991 33.081574567159 33.0063049952189 32.9310354232788 32.894639216529 32.9748631053501 33.0550869941711 33.1353108829922 33.2155347718133 33.2957586606343
37.7696434974671 37.613480091095 37.4573166847229 37.2868514060974 37.1116188367208 36.9363862673442 36.7611536979676 36.5859211285909 36.4106885592143 36.2354559898377 36.0702439308167 35.9350934028626 35.7999428749085 35.6647923469544 35.5296418190003 35.3944912910462 35.2593407630921 35.124190235138 35.0210218429566 34.9285141626994 34.8360064824422 34.7434988021851 34.6509911219279 34.5584834416708 34.4659757614136 34.3668447176616 34.2478435834249 34.1288424491882 34.0098413149516 33.8908401807149 33.7718390464783 33.6528379122416 33.533836778005 33.4413133621216 33.357615852356 33.2739183425903 33.1902208328247 33.1065233230591 33.0228258132935 32.9391283035278 32.8969381014506 32.9792698224385 33.0616015434265 33.1439332644144 33.2262649854024 33.3085967063904
37.8110227266948 37.6562569406298 37.5014911545648 37.3341389656067 37.1625913090176 36.9910436524286 36.8194959958395 36.6479483392504 36.4764006826613 36.3048530260722 36.1423079914517 36.006770822737 35.8712336540222 35.7356964853075 35.6001593165928 35.464622147878 35.3290849791633 35.1935478104486 35.0886153539022 34.9938844680786 34.8991535822551 34.8044226964315 34.7096918106079 34.6149609247844 34.5202300389608 34.4198447439406 34.3024962213305 34.1851476987203 34.0677991761102 33.9504506535001 33.8331021308899 33.7157536082798 33.5984050856696 33.4999738693237 33.4078484217326 33.3157229741415 33.2235975265503 33.1314720789592 33.039346631368 32.9472211837769 32.8992369863722 32.983676539527 33.0681160926819 33.1525556458367 33.2369951989915 33.3214347521464
37.8418893178304 37.6879134707981 37.5339376237658 37.3707131385803 37.2044057740106 37.0380984094408 36.871791044871 36.7054836803013 36.5391763157315 36.3728689511617 36.2142376899719 36.0786347389221 35.9430317878723 35.8074288368225 35.6718258857727 35.5362229347229 35.4006199836731 35.2650170326233 35.1573660850525 35.0590324719747 34.9606988588969 34.8623652458191 34.7640316327413 34.6656980196635 34.5673644065857 34.4651828765869 34.3514575958252 34.2377323150635 34.1240070343018 34.0102817535401 33.8965564727783 33.7828311920166 33.6691059112549 33.5703954060872 33.4766898261176 33.382984246148 33.2892786661784 33.1955730862088 33.1018675062392 33.0081619262695 32.9577179061042 33.0370585653517 33.1163992245992 33.1957398838467 33.2750805430942 33.3544212023417
37.862243270874 37.7084496816 37.5546560923259 37.3965739250183 37.2370622316997 37.077550538381 36.9180388450623 36.7585271517436 36.5990154584249 36.4395037651062 36.2860330263774 36.1506851514181 36.0153372764588 35.8799894014995 35.7446415265401 35.6092936515808 35.4739457766215 35.3385979016622 35.2272740364075 35.1239581743876 35.0206423123678 34.9173264503479 34.8140105883281 34.7106947263082 34.6073788642883 34.5028591156006 34.3947277069092 34.2865962982178 34.1784648895264 34.070333480835 33.9622020721436 33.8540706634522 33.7459392547608 33.6525779724121 33.5641400655111 33.47570215861 33.387264251709 33.2988263448079 33.2103884379069 33.1219505310059 33.0723808606465 33.1394158999125 33.2064509391784 33.2734859784444 33.3405210177103 33.4075560569763
37.8825972239177 37.7289858924018 37.575374560886 37.4224347114563 37.2697186893887 37.1170026673211 36.9642866452535 36.8115706231859 36.6588546011183 36.5061385790507 36.3578283627828 36.222735563914 36.0876427650452 35.9525499661764 35.8174571673076 35.6823643684387 35.5472715695699 35.4121787707011 35.2971819877625 35.1888838768006 35.0805857658386 34.9722876548767 34.8639895439148 34.7556914329529 34.647393321991 34.5405353546143 34.4379978179932 34.3354602813721 34.232922744751 34.1303852081299 34.0278476715088 33.9253101348877 33.8227725982666 33.734760538737 33.6515903049045 33.5684200710721 33.4852498372396 33.4020796034071 33.3189093695747 33.2357391357422 33.1870438151889 33.2417732344733 33.2965026537577 33.3512320730421 33.4059614923265 33.4606909116109
37.9029511769613 37.7495221032037 37.5960930294461 37.4482954978943 37.3023751470778 37.1564547962613 37.0105344454448 36.8646140946283 36.7186937438117 36.5727733929952 36.4296236991883 36.29478597641 36.1599482536316 36.0251105308533 35.890272808075 35.7554350852966 35.6205973625183 35.48575963974 35.3670899391174 35.2538095792135 35.1405292193095 35.0272488594055 34.9139684995016 34.8006881395976 34.6874077796936 34.578211593628 34.4812679290772 34.3843242645264 34.2873805999756 34.1904369354248 34.093493270874 33.9965496063233 33.8996059417725 33.8169431050619 33.739040544298 33.6611379835341 33.5832354227702 33.5053328620063 33.4274303012424 33.3495277404785 33.3017067697313 33.3441305690341 33.386554368337 33.4289781676398 33.4714019669427 33.5138257662455
37.9233051300049 37.7700583140056 37.6168114980062 37.4741562843323 37.3350316047669 37.1959069252015 37.056782245636 36.9176575660706 36.7785328865052 36.6394082069397 36.5014190355937 36.3668363889059 36.232253742218 36.0976710955302 35.9630884488424 35.8285058021546 35.6939231554667 35.5593405087789 35.4369978904724 35.3187352816264 35.2004726727804 35.0822100639343 34.9639474550883 34.8456848462423 34.7274222373963 34.6158878326416 34.5245380401612 34.4331882476807 34.3418384552002 34.2504886627197 34.1591388702393 34.0677890777588 33.9764392852783 33.8991256713867 33.8264907836914 33.7538558959961 33.6812210083008 33.6085861206055 33.5359512329102 33.4633163452148 33.4163697242737 33.446487903595 33.4766060829162 33.5067242622375 33.5368424415588 33.5669606208801
37.9436590830485 37.7905945248074 37.6375299665663 37.5000170707703 37.367688062456 37.2353590541416 37.1030300458272 36.9707010375129 36.8383720291986 36.7060430208842 36.5732143719991 36.4388868014018 36.3045592308045 36.1702316602071 36.0359040896098 35.9015765190125 35.7672489484151 35.6329213778178 35.5069058418274 35.3836609840393 35.2604161262512 35.1371712684631 35.0139264106751 34.890681552887 34.7674366950989 34.6535640716553 34.5678081512451 34.482052230835 34.3962963104248 34.3105403900147 34.2247844696045 34.1390285491944 34.0532726287842 33.9813082377116 33.9139410230849 33.8465738084581 33.7792065938314 33.7118393792046 33.6444721645779 33.5771049499512 33.531032678816 33.5488452381558 33.5666577974955 33.5844703568352 33.602282916175 33.6200954755147
37.9677134195964 37.8160387674968 37.6643641153972 37.5318330446879 37.4056831677755 37.2795332908631 37.1533834139506 37.0272335370382 36.9010836601258 36.7749337832133 36.6468859354655 36.5131441752116 36.3794024149577 36.2456606547038 36.1119188944499 35.978177134196 35.8444353739421 35.7106936136882 35.5832062721253 35.4578037367927 35.3324012014601 35.2069986661275 35.081596130795 34.9561935954624 34.8307910601298 34.7159121407403 34.63260406918 34.5492959976196 34.4659879260593 34.382679854499 34.2993717829386 34.2160637113783 34.132755639818 34.0660311063131 34.0048344188266 33.9436377313402 33.8824410438538 33.8212443563673 33.7600476688809 33.6988509813945 33.6543172094557 33.65977218416 33.6652271588643 33.6706821335686 33.676137108273 33.6815920829773
37.9954681396485 37.8463910420736 37.6973139444987 37.5696042060852 37.4490169207255 37.3284296353658 37.2078423500061 37.0872550646464 36.9666677792867 36.846080493927 36.7224337259929 36.5896085103353 36.4567832946777 36.3239580790202 36.1911328633627 36.0583076477051 35.9254824320475 35.79265721639 35.665899181366 35.5411635398865 35.416427898407 35.2916922569275 35.166956615448 35.0422209739685 34.917485332489 34.8029320398967 34.7189257939657 34.6349195480347 34.5509133021037 34.4669070561727 34.3829008102417 34.2988945643107 34.2148883183797 34.1532942771912 34.0991709709167 34.0450476646423 33.9909243583679 33.9368010520935 33.8826777458191 33.8285544395447 33.7862233161926 33.7792687416077 33.7723141670227 33.7653595924377 33.7584050178528 33.7514504432678
38.0232228597005 37.8767433166504 37.7302637736003 37.6073753674825 37.4923506736756 37.3773259798686 37.2623012860616 37.1472765922547 37.0322518984477 36.9172272046407 36.7979815165202 36.666072845459 36.5341641743978 36.4022555033366 36.2703468322754 36.1384381612142 36.006529490153 35.8746208190918 35.7485920906067 35.6245233429803 35.5004545953539 35.3763858477275 35.2523171001011 35.1282483524747 35.0041796048482 34.889951939053 34.8052475187514 34.7205430984497 34.6358386781481 34.5511342578464 34.4664298375448 34.3817254172431 34.2970209969415 34.2405574480693 34.1935075230069 34.1464575979445 34.0994076728821 34.0523577478197 34.0053078227573 33.9582578976949 33.9181294229295 33.8987652990553 33.8794011751811 33.8600370513068 33.8406729274326 33.8213088035583
38.0509775797526 37.9070955912272 37.7632136027019 37.6451465288798 37.5356844266256 37.4262223243714 37.3167602221171 37.2072981198629 37.0978360176087 36.9883739153544 36.8735293070476 36.7425371805827 36.6115450541178 36.480552927653 36.3495608011882 36.2185686747233 36.0875765482585 35.9565844217936 35.8312849998474 35.7078831460741 35.5844812923008 35.4610794385274 35.3376775847541 35.2142757309808 35.0908738772074 34.9769718382094 34.8915692435371 34.8061666488648 34.7207640541924 34.6353614595201 34.5499588648478 34.4645562701755 34.3791536755032 34.3278206189473 34.287844075097 34.2478675312466 34.2078909873962 34.1679144435459 34.1279378996955 34.0879613558451 34.0500355296665 34.018261856503 33.9864881833394 33.9547145101759 33.9229408370124 33.8911671638489
38.0787322998047 37.9374478658041 37.7961634318034 37.6829176902771 37.5790181795756 37.4751186688741 37.3712191581726 37.2673196474711 37.1634201367696 37.0595206260681 36.9490770975749 36.8190015157064 36.6889259338379 36.5588503519694 36.4287747701009 36.2986991882324 36.1686236063639 36.0385480244955 35.9139779090881 35.7912429491679 35.6685079892477 35.5457730293274 35.4230380694072 35.3003031094869 35.1775681495667 35.0639917373657 34.9778909683228 34.8917901992798 34.8056894302368 34.7195886611939 34.6334878921509 34.5473871231079 34.461286354065 34.4150837898254 34.3821806271871 34.3492774645487 34.3163743019104 34.283471139272 34.2505679766337 34.2176648139953 34.1819416364034 34.1377584139506 34.0935751914978 34.049391969045 34.0052087465922 33.9610255241394
38.1064870198568 37.9678001403809 37.829113260905 37.7206888516744 37.6223519325257 37.5240150133769 37.4256780942281 37.3273411750794 37.2290042559306 37.1306673367818 37.0246248881022 36.8954658508301 36.7663068135579 36.6371477762858 36.5079887390137 36.3788297017416 36.2496706644694 36.1205116271973 35.9966708183289 35.8746027522617 35.7525346861945 35.6304666201274 35.5083985540602 35.3863304879931 35.2642624219259 35.1510116365221 35.0642126931085 34.9774137496948 34.8906148062812 34.8038158628676 34.7170169194539 34.6302179760403 34.5434190326267 34.5023469607035 34.4765171792772 34.4506873978509 34.4248576164245 34.3990278349982 34.3731980535719 34.3473682721456 34.3138477431403 34.2572549713982 34.2006621996562 34.1440694279141 34.087476656172 34.0308838844299
38.1763012568156 38.0404316584269 37.9045620600383 37.7984277089437 37.7022051069472 37.6059825049506 37.5097599029541 37.4135373009576 37.3173146989611 37.2210920969645 37.1168678389655 36.9886386129591 36.8604093869527 36.7321801609463 36.6039509349399 36.4757217089335 36.3474924829271 36.2192632569207 36.0959449768066 35.9742636786567 35.8525823805067 35.7309010823568 35.6092197842068 35.4875384860569 35.3658571879069 35.2522472805447 35.1628515455458 35.0734558105469 34.984060075548 34.8946643405491 34.8052686055501 34.7158728705512 34.6264771355523 34.5862586339315 34.5624325434367 34.5386064529419 34.5147803624471 34.4909542719523 34.4671281814575 34.4433020909627 34.4087764951918 34.3421523835924 34.275528271993 34.2089041603936 34.1422800487942 34.0756559371948
38.2881750106812 38.1553424199422 38.0225098292033 37.916134262085 37.8185777028402 37.7210211435954 37.6234645843506 37.5259080251058 37.428351465861 37.3307949066162 37.2258059501648 37.0985198020935 36.9712336540222 36.8439475059509 36.7166613578797 36.5893752098084 36.4620890617371 36.3348029136658 36.2118003845215 36.0902257283529 35.9686510721843 35.8470764160156 35.725501759847 35.6039271036784 35.4823524475098 35.3676986694336 35.2738075256348 35.1799163818359 35.0860252380371 34.9921340942383 34.8982429504395 34.8043518066406 34.7104606628418 34.6668188095093 34.6399267196655 34.6130346298218 34.586142539978 34.5592504501343 34.5323583602905 34.5054662704468 34.4667278925578 34.3924506505331 34.3181734085083 34.2438961664836 34.1696189244588 34.0953416824341
