data/working_set_collections/6091692-Cassins_Sparrow-MC/2015/bio3.asc
NCOLS 265 
NROWS 230 
XLLCORNER -115.5625 
YLLCORNER 24.8333333333333 
CELLSIZE 0.0833333333333333 
NODATA_value -9999 
[rows 80 to 99 of 230, columns 184 to 229 of 265]
36.3174367904663 36.1802549362183 36.0430730819702 35.9022740364075 35.7602692604065 35.6182644844055 35.4762597084046 35.3342549324036 35.1922501564026 35.0502453804016 34.908291276296 34.7664891878764 34.6246870994568 34.4828850110372 34.3410829226176 34.199280834198 34.0574787457784 33.9156766573588 33.7873834927877 33.6635933028327 33.5398031128778 33.4160129229228 33.2922227329678 33.1684325430129 33.0446423530579 32.9380361980862 32.8829821480645 32.8279280980428 32.7728740480211 32.7178199979994 32.6627659479777 32.607711897956 32.5526578479343 32.4869671344757 32.4177308665382 32.3484945986006 32.2792583306631 32.2100220627255 32.140785794788 32.0715495268504 32.0068396780226 31.9557090865241 31.9045784950256 31.8534479035272 31.8023173120287 31.7511867205302
36.3883249282837 36.2564617792765 36.1245986302694 35.9860892295838 35.845364411672 35.7046395937602 35.5639147758484 35.4231899579366 35.2824651400249 35.141740322113 35.0003982226054 34.8572042783102 34.7140103340149 34.5708163897197 34.4276224454244 34.2844285011292 34.1412345568339 33.9980406125387 33.8662309328715 33.7382160080804 33.6102010832893 33.4821861584981 33.354171233707 33.2261563089159 33.0981413841248 32.9881537331475 32.9322479036119 32.8763420740763 32.8204362445408 32.7645304150052 32.7086245854696 32.652718755934 32.5968129263984 32.5290708065033 32.4573832564884 32.3856957064735 32.3140081564585 32.2423206064436 32.1706330564287 32.0989455064138 32.0342572000292 31.9905666245355 31.9468760490417 31.903185473548 31.8594948980543 31.8158043225606
36.4592130661011 36.3326686223348 36.2061241785685 36.06990442276 35.9304595629374 35.7910147031148 35.6515698432922 35.5121249834697 35.3726801236471 35.2332352638245 35.0925051689148 34.9479193687439 34.803333568573 34.6587477684021 34.5141619682312 34.3695761680603 34.2249903678894 34.0804045677185 33.9450783729553 33.8128387133281 33.6805990537008 33.5483593940735 33.4161197344462 33.283880074819 33.1516404151917 33.0382712682088 32.9815136591593 32.9247560501099 32.8679984410604 32.8112408320109 32.7544832229614 32.697725613912 32.6409680048625 32.5711744785309 32.4970356464386 32.4228968143463 32.348757982254 32.2746191501618 32.2004803180695 32.1263414859772 32.0616747220357 32.0254241625468 31.9891736030579 31.9529230435689 31.91667248408 31.8804219245911
36.5301012039185 36.4088754653931 36.2876497268677 36.1537196159363 36.0155547142029 35.8773898124695 35.7392249107361 35.6010600090027 35.4628951072693 35.3247302055359 35.1846121152242 35.0386344591777 34.8926568031311 34.7466791470846 34.600701491038 34.4547238349915 34.3087461789449 34.1627685228984 34.0239258130392 33.8874614185757 33.7509970241123 33.6145326296489 33.4780682351854 33.341603840722 33.2051394462586 33.0883888032701 33.0307794147068 32.9731700261434 32.91556063758 32.8579512490167 32.8003418604533 32.7427324718899 32.6851230833266 32.6132781505585 32.5366880363888 32.4600979222192 32.3835078080495 32.3069176938799 32.2303275797102 32.1537374655406 32.0890922440423 32.0602817005581 32.031471157074 32.0026606135898 31.9738500701057 31.9450395266215
36.5671184857687 36.4464835590787 36.3258486323887 36.1928740501404 36.0557862493727 35.918698448605 35.7816106478373 35.6445228470697 35.507435046302 35.3703472455343 35.2309053632949 35.0844012366401 34.9378971099854 34.7913929833307 34.6448888566759 34.4983847300212 34.3518806033665 34.2053764767117 34.0642730394999 33.9249698321025 33.785666624705 33.6463634173076 33.5070602099101 33.3677570025127 33.2284537951152 33.110339917077 33.0557940271166 33.0012481371562 32.9467022471958 32.8921563572354 32.837610467275 32.7830645773146 32.7285186873542 32.6604165712992 32.5877957132128 32.5151748551263 32.4425539970398 32.3699331389533 32.2973122808668 32.2246914227804 32.1622606701321 32.1304002337986 32.098539797465 32.0666793611314 32.0348189247979 32.0029584884644
36.5702649116516 36.4454929033915 36.3207208951315 36.1873677253723 36.0511541684469 35.9149406115214 35.778727054596 35.6425134976705 35.5062999407451 35.3700863838196 35.2313849131267 35.0852197011312 34.9390544891358 34.7928892771403 34.6467240651449 34.5005588531494 34.354393641154 34.2082284291586 34.0661200523377 33.9253639539083 33.784607855479 33.6438517570496 33.5030956586202 33.3623395601909 33.2215834617615 33.1041246096293 33.0565574963888 33.0089903831482 32.9614232699076 32.9138561566671 32.8662890434265 32.818721930186 32.7711548169454 32.7125897407532 32.6503586769104 32.5881276130676 32.5258965492248 32.4636654853821 32.4014344215393 32.3392033576965 32.2811800003052 32.2357797622681 32.190379524231 32.1449792861938 32.0995790481567 32.0541788101196
36.5734113375346 36.4445022477044 36.3155931578742 36.1818614006043 36.0465220875211 35.9111827744378 35.7758434613546 35.6405041482714 35.5051648351882 35.3698255221049 35.2318644629585 35.0860381656223 34.9402118682862 34.79438557095 34.6485592736139 34.5027329762777 34.3569066789415 34.2110803816054 34.0679670651754 33.9257580757141 33.7835490862529 33.6413400967916 33.4991311073304 33.3569221178691 33.2147131284078 33.0979093021817 33.057320965661 33.0167326291402 32.9761442926195 32.9355559560988 32.894967619578 32.8543792830573 32.8137909465366 32.7647629102071 32.712921640608 32.661080371009 32.6092391014099 32.5573978318108 32.5055565622118 32.4537152926127 32.4000993304782 32.3411592907376 32.2822192509969 32.2232792112562 32.1643391715156 32.1053991317749
36.5765577634176 36.4435115920173 36.310465420617 36.1763550758362 36.0418900065952 35.9074249373542 35.7729598681132 35.6384947988722 35.5040297296312 35.3695646603902 35.2323440127903 35.0868566301134 34.9413692474365 34.7958818647597 34.6503944820828 34.504907099406 34.3594197167291 34.2139323340522 34.0698140780131 33.92615219752 33.7824903170268 33.6388284365336 33.4951665560405 33.3515046755473 33.2078427950541 33.091693994734 33.0580844349331 33.0244748751322 32.9908653153314 32.9572557555305 32.9236461957296 32.8900366359287 32.8564270761278 32.8169360796611 32.7754846043057 32.7340331289503 32.692581653595 32.6511301782396 32.6096787028842 32.5682272275289 32.5190186606513 32.4465388192071 32.3740589777629 32.3015791363186 32.2290992948744 32.1566194534302
36.5797041893006 36.4425209363302 36.3053376833598 36.1708487510681 36.0372579256694 35.9036671002706 35.7700762748718 35.6364854494731 35.5028946240743 35.3693037986756 35.2328235626221 35.0876750946045 34.9425266265869 34.7973781585694 34.6522296905518 34.5070812225342 34.3619327545166 34.2167842864991 34.0716610908509 33.9265463193258 33.7814315478007 33.6363167762757 33.4912020047506 33.3460872332255 33.2009724617005 33.0854786872864 33.0588479042053 33.0322171211243 33.0055863380432 32.9789555549622 32.9523247718811 32.9256939888001 32.899063205719 32.869109249115 32.8380475680033 32.8069858868917 32.77592420578 32.7448625246684 32.7138008435567 32.682739162445 32.6379379908244 32.5519183476766 32.4658987045288 32.379879061381 32.2938594182332 32.2078397750855
36.5828506151835 36.4415302806431 36.3002099461026 36.1653424263001 36.0326258447435 35.899909263187 35.7671926816305 35.634476100074 35.5017595185174 35.3690429369609 35.2333031124539 35.0884935590956 34.9436840057373 34.798874452379 34.6540648990208 34.5092553456625 34.3644457923042 34.2196362389459 34.0735081036886 33.9269404411316 33.7803727785747 33.6338051160177 33.4872374534607 33.3406697909038 33.1941021283468 33.0792633798387 33.0596113734775 33.0399593671163 33.0203073607551 33.0006553543939 32.9810033480326 32.9613513416714 32.9416993353102 32.9212824185689 32.900610531701 32.879938644833 32.8592667579651 32.8385948710971 32.8179229842292 32.7972510973612 32.7568573209975 32.6572978761461 32.5577384312948 32.4581789864434 32.3586195415921 32.2590600967407
36.620244216919 36.4758430057102 36.3314417945014 36.1911303838094 36.0521822399564 35.9132340961033 35.7742859522502 35.6353378083971 35.496389664544 35.3574415206909 35.2162646505568 35.0684016015795 34.9205385526022 34.7726755036249 34.6248124546475 34.4769494056702 34.3290863566929 34.1812233077156 34.0392500241598 33.8992399957445 33.7592299673293 33.619219938914 33.4792099104988 33.3391998820835 33.1991898536682 33.0904864947001 33.0757031440735 33.0609197934469 33.0461364428202 33.0313530921936 33.016569741567 33.0017863909404 32.9870030403137 32.9714657465617 32.9556771384345 32.9398885303073 32.9240999221802 32.908311314053 32.8925227059258 32.8767340977987 32.8382535828485 32.7316973474291 32.6251411120097 32.5185848765903 32.412028641171 32.3054724057516
36.6918849945069 36.5454591115316 36.3990332285563 36.2482126235962 36.0959271113078 35.9436415990194 35.791356086731 35.6390705744426 35.4867850621542 35.3344995498658 35.1817081769308 35.0273992220561 34.8730902671814 34.7187813123068 34.5644723574321 34.4101634025574 34.2558544476828 34.1015454928081 33.9688868522644 33.8434449831645 33.7180031140646 33.5925612449646 33.4671193758647 33.3416775067648 33.2162356376648 33.1191480318705 33.1071232159932 33.095098400116 33.0830735842387 33.0710487683614 33.0590239524841 33.0469991366068 33.0349743207296 33.0196592330933 33.0032473882039 32.9868355433146 32.9704236984253 32.954011853536 32.9376000086466 32.9211881637573 32.8821267763774 32.7751167615255 32.6681067466736 32.5610967318217 32.4540867169698 32.3470767021179
36.7635257720947 36.615075217353 36.4666246626113 36.305294863383 36.1396719826593 35.9740491019355 35.8084262212118 35.642803340488 35.4771804597643 35.3115575790406 35.1471517033048 34.9863968425327 34.8256419817607 34.6648871209887 34.5041322602167 34.3433773994446 34.1826225386726 34.0218676779006 33.8985236803691 33.7876499705845 33.6767762607999 33.5659025510152 33.4550288412306 33.344155131446 33.2332814216614 33.1478095690409 33.138543287913 33.1292770067851 33.1200107256571 33.1107444445292 33.1014781634013 33.0922118822733 33.0829456011454 33.0678527196248 33.0508176379734 33.0337825563219 33.0167474746704 32.9997123930189 32.9826773113675 32.965642229716 32.9259999699063 32.8185361756219 32.7110723813375 32.6036085870531 32.4961447927687 32.3886809984843
36.8351665496826 36.6846913231744 36.5342160966662 36.3623771031698 36.1834168540107 36.0044566048517 35.8254963556926 35.6465361065335 35.4675758573745 35.2886156082154 35.1125952296787 34.9453944630094 34.77819369634 34.6109929296706 34.4437921630012 34.2765913963318 34.1093906296625 33.9421898629931 33.8281605084737 33.7318549580044 33.6355494075352 33.5392438570659 33.4429383065966 33.3466327561273 33.250327205658 33.1764711062113 33.1699633598328 33.1634556134542 33.1569478670756 33.150440120697 33.1439323743184 33.1374246279399 33.1309168815613 33.1160462061564 33.0983878877428 33.0807295693292 33.0630712509155 33.0454129325019 33.0277546140883 33.0100962956746 32.9698731634352 32.8619555897183 32.7540380160014 32.6461204422845 32.5382028685676 32.4302852948507
36.9068073272705 36.7543074289958 36.6018075307211 36.4194593429566 36.2271617253622 36.0348641077678 35.8425664901734 35.650268872579 35.4579712549846 35.2656736373902 35.0780387560527 34.904392083486 34.7307454109192 34.5570987383525 34.3834520657858 34.209805393219 34.0361587206523 33.8625120480856 33.7577973365784 33.6760599454244 33.5943225542705 33.5125851631165 33.4308477719625 33.3491103808085 33.2673729896546 33.2051326433817 33.2013834317525 33.1976342201233 33.1938850084941 33.1901357968648 33.1863865852356 33.1826373736064 33.1788881619771 33.164239692688 33.1459581375122 33.1276765823364 33.1093950271606 33.0911134719849 33.0728319168091 33.0545503616333 33.0137463569641 32.9053750038147 32.7970036506653 32.6886322975159 32.5802609443665 32.4718895912171
36.9784481048584 36.8239235348172 36.669398964776 36.4765415827434 36.2709065967136 36.0652716106839 35.8596366246542 35.6540016386245 35.4483666525947 35.242731666565 35.0434822824267 34.8633897039626 34.6832971254985 34.5032045470344 34.3231119685703 34.1430193901062 33.9629268116422 33.7828342331781 33.6874341646831 33.6202649328444 33.5530957010058 33.4859264691671 33.4187572373284 33.3515880054898 33.2844187736511 33.2337941805522 33.2328035036723 33.2318128267924 33.2308221499125 33.2298314730326 33.2288407961527 33.2278501192729 33.226859442393 33.2124331792196 33.1935283872816 33.1746235953437 33.1557188034058 33.1368140114678 33.1179092195299 33.099004427592 33.057619550493 32.9487944179111 32.8399692853292 32.7311441527473 32.6223190201654 32.5134938875834
37.0382751464844 36.8825319078234 36.7267886691624 36.5264259974162 36.3111901813084 36.0959543652005 35.8807185490926 35.6654827329848 35.450246916877 35.2350111007691 35.0276541180081 34.8439336352879 34.6602131525676 34.4764926698473 34.2927721871271 34.1090517044068 33.9253312216865 33.7416107389663 33.6497818628947 33.5885835223728 33.5273851818509 33.466186841329 33.404988500807 33.3437901602851 33.2825918197632 33.2368300543891 33.2373780144585 33.237925974528 33.2384739345974 33.2390218946669 33.2395698547363 33.2401178148058 33.2406657748752 33.2301353772481 33.2159121937222 33.2016890101963 33.1874658266703 33.1732426431444 33.1590194596185 33.1447962760925 33.106908331977 32.9980261060927 32.8891438802083 32.780261654324 32.6713794284397 32.5624972025553
37.0862884521485 36.9301325480143 36.7739766438802 36.5691125869751 36.3480124791464 36.1269123713176 35.9058122634888 35.68471215566 35.4636120478313 35.2425119400025 35.0305542627971 34.8460238774618 34.6614934921265 34.4769631067912 34.2924327214559 34.1079023361206 33.9233719507854 33.7388415654501 33.6448404312134 33.5810157140096 33.5171909968058 33.4533662796021 33.3895415623983 33.3257168451945 33.2618921279907 33.2142402648926 33.2151069641113 33.2159736633301 33.2168403625488 33.2177070617676 33.2185737609863 33.2194404602051 33.2203071594238 33.2173462867737 33.2131095568339 33.2088728268941 33.2046360969543 33.2003993670146 33.1961626370748 33.191925907135 33.161612701416 33.0530700683594 32.9445274353027 32.8359848022461 32.7274421691895 32.6188995361328
37.1343017578125 36.9777331882053 36.8211646185981 36.6117991765341 36.3848347769844 36.1578703774347 35.930905977885 35.7039415783353 35.4769771787856 35.2500127792359 35.033454407586 34.8481141196357 34.6627738316854 34.4774335437351 34.2920932557848 34.1067529678345 33.9214126798842 33.7360723919339 33.6398989995321 33.5734479056464 33.5069968117608 33.4405457178752 33.3740946239895 33.3076435301039 33.2411924362183 33.191650475396 33.1928359137641 33.1940213521322 33.1952067905002 33.1963922288683 33.1975776672363 33.1987631056044 33.1999485439724 33.2045571962992 33.2103069199456 33.216056643592 33.2218063672384 33.2275560908847 33.2333058145311 33.2390555381775 33.216317070855 33.1081140306261 32.9999109903971 32.8917079501682 32.7835049099393 32.6753018697103
37.1823150634766 37.0253338283963 36.868352593316 36.654485766093 36.4216570748224 36.1888283835518 35.9559996922811 35.7231710010105 35.4903423097399 35.2575136184693 35.036354552375 34.8502043618097 34.6640541712443 34.477903980679 34.2917537901137 34.1056035995484 33.9194534089831 33.7333032184177 33.6349575678508 33.5658800972833 33.4968026267158 33.4277251561483 33.3586476855808 33.2895702150133 33.2204927444458 33.1690606858995 33.1705648634169 33.1720690409342 33.1735732184516 33.175077395969 33.1765815734863 33.1780857510037 33.1795899285211 33.1917681058248 33.2075042830573 33.2232404602898 33.2389766375224 33.2547128147549 33.2704489919874 33.28618516922 33.2710214402941 33.1631579928928 33.0552945454915 32.9474310980903 32.839567650689 32.7317042032878
