data/working_set_collections/6091692-Cassins_Sparrow-MC/2015/bio3.asc
NCOLS 265 
NROWS 230 
XLLCORNER -115.5625 
YLLCORNER 24.8333333333333 
CELLSIZE 0.0833333333333333 
NODATA_value -9999 
[rows 20 to 39 of 230, columns 184 to 229 of 265]
32.0112585226695 31.9225048224131 31.8337511221568 31.7177866776784 31.5927519851261 31.4677172925737 31.3426826000214 31.217647907469 31.0926132149167 30.9675785223643 30.8447507063548 30.7285435199738 30.6123363335927 30.4961291472117 30.3799219608307 30.2637147744497 30.1475075880687 30.0313004016876 29.9221118450165 29.815262831582 29.7084138181475 29.6015648047129 29.4947157912784 29.3878667778439 29.2810177644094 29.1786566363441 29.0897591643863 29.0008616924286 28.9119642204709 28.8230667485131 28.7341692765554 28.6452718045976 28.5563743326399 28.5052412986755 28.466696410709 28.4281515227424 28.3896066347758 28.3510617468092 28.3125168588426 28.2739719708761 28.2293968624539 28.1667310926649 28.104065322876 28.041399553087 27.9787337832981 27.9160680135091
32.1265594323476 32.0363349119822 31.9461103916168 31.8266188780467 31.697371700075 31.5681245221032 31.4388773441315 31.3096301661598 31.180382988188 31.0511358102163 30.9242516358694 30.8044564723969 30.6846613089244 30.5648661454519 30.4450709819794 30.3252758185069 30.2054806550344 30.0856854915619 29.9755468845368 29.8686271296607 29.7617073747847 29.6547876199087 29.5478678650326 29.4409481101566 29.3340283552806 29.2332273536258 29.150782611635 29.0683378696442 28.9858931276533 28.9034483856625 28.8210036436717 28.7385589016808 28.65611415969 28.6016255378723 28.556455622779 28.5112857076857 28.4661157925924 28.420945877499 28.3757759624057 28.3306060473124 28.2827342563205 28.2267568376329 28.1707794189453 28.1148020002577 28.0588245815701 28.0028471628825
32.2418603420258 32.1501650015513 32.0584696610769 31.9354510784149 31.8019914150238 31.6685317516327 31.5350720882416 31.4016124248505 31.2681527614594 31.1346930980682 31.0037525653839 30.88036942482 30.756986284256 30.633603143692 30.5102200031281 30.3868368625641 30.2634537220001 30.1400705814362 30.028981924057 29.9219914277395 29.8150009314219 29.7080104351044 29.6010199387868 29.4940294424693 29.3870389461517 29.2877980709076 29.2118060588837 29.1358140468597 29.0598220348358 28.9838300228119 28.907838010788 28.831845998764 28.7558539867401 28.6980097770691 28.646214834849 28.594419892629 28.5426249504089 28.4908300081889 28.4390350659688 28.3872401237488 28.3360716501872 28.2867825826009 28.2374935150146 28.1882044474284 28.1389153798421 28.0896263122559
32.3571612517039 32.2639950911204 32.1708289305369 32.0442832787832 31.9066111299727 31.7689389811622 31.6312668323517 31.4935946835412 31.3559225347307 31.2182503859202 31.0832534948985 30.9562823772431 30.8293112595876 30.7023401419322 30.5753690242768 30.4483979066213 30.3214267889659 30.1944556713105 30.0824169635773 29.9753557258182 29.8682944880592 29.7612332503001 29.654172012541 29.547110774782 29.4400495370229 29.3423687881894 29.2728295061324 29.2032902240753 29.1337509420183 29.0642116599613 28.9946723779043 28.9251330958472 28.8555938137902 28.7943940162659 28.7359740469191 28.6775540775723 28.6191341082255 28.5607141388787 28.5022941695319 28.4438742001851 28.3894090440538 28.3468083275689 28.304207611084 28.2616068945991 28.2190061781141 28.1764054616292
32.4466399510702 32.3507894939847 32.2549390368992 32.1280900796255 31.9909082889557 31.853726498286 31.7165447076162 31.5793629169464 31.4421811262767 31.3049993356069 31.1703864362505 31.0434802108341 30.9165739854177 30.7896677600013 30.6627615345849 30.5358553091685 30.4089490837521 30.2820428583357 30.1709396203359 30.0651040448083 29.9592684692807 29.853432893753 29.7475973182254 29.6417617426978 29.5359261671702 29.4396742714776 29.37217341529 29.3046725591024 29.2371717029148 29.1696708467272 29.1021699905396 29.0346691343519 28.9671682781643 28.903889242808 28.8420174810621 28.7801457193163 28.7182739575704 28.6564021958245 28.5945304340786 28.5326586723328 28.4761500729455 28.435730960634 28.3953118483225 28.3548927360111 28.3144736236996 28.2740545113881
32.5102964401245 32.4105482101441 32.3107999801636 32.1868714809418 32.0548828919729 31.922894303004 31.790905714035 31.6589171250661 31.5269285360972 31.3949399471283 31.2651513894399 31.1419629255931 31.0187744617462 30.8955859978994 30.7723975340526 30.6492090702057 30.5260206063589 30.402832142512 30.2945498943329 30.1912363847097 30.0879228750865 29.9846093654632 29.88129585584 29.7779823462168 29.6746688365936 29.5797145207723 29.5098377863566 29.4399610519409 29.3700843175252 29.3002075831095 29.2303308486938 29.1604541142782 29.0905773798625 29.0264954566955 28.9643451372782 28.9021948178609 28.8400444984436 28.7778941790263 28.715743859609 28.6535935401916 28.5962947368622 28.5535504817963 28.5108062267303 28.4680619716644 28.4253177165985 28.3825734615326
32.5739529291789 32.4703069263035 32.366660923428 32.2456528822581 32.11885749499 31.992062107722 31.8652667204539 31.7384713331858 31.6116759459178 31.4848805586497 31.3599163426293 31.2404456403521 31.1209749380748 31.0015042357975 30.8820335335202 30.7625628312429 30.6430921289656 30.5236214266883 30.4181601683299 30.3173687246111 30.2165772808923 30.1157858371735 30.0149943934547 29.9142029497359 29.813411506017 29.719754770067 29.6475021574232 29.5752495447795 29.5029969321357 29.4307443194919 29.3584917068481 29.2862390942044 29.2139864815606 29.1491016705831 29.0866727934943 29.0242439164056 28.9618150393168 28.8993861622281 28.8369572851393 28.7745284080505 28.7164394007789 28.6713700029585 28.6263006051381 28.5812312073178 28.5361618094974 28.491092411677
32.6376094182332 32.5300656424629 32.4225218666925 32.3044342835744 32.1828320980072 32.06122991244 31.9396277268728 31.8180255413056 31.6964233557383 31.5748211701711 31.4546812958188 31.338928355111 31.2231754144033 31.1074224736956 30.9916695329878 30.8759165922801 30.7601636515723 30.6444107108646 30.5417704423269 30.4435010645125 30.3452316866981 30.2469623088837 30.1486929310693 30.0504235532549 29.9521541754405 29.8597950193617 29.7851665284899 29.710538037618 29.6359095467461 29.5612810558743 29.4866525650024 29.4120240741306 29.3373955832587 29.2717078844706 29.2090004497104 29.1462930149502 29.08358558019 29.0208781454298 28.9581707106696 28.8954632759094 28.8365840646956 28.7891895241208 28.7417949835459 28.6944004429711 28.6470059023963 28.5996113618215
32.7012659072876 32.5898243586222 32.4783828099569 32.3632156848908 32.2468067010244 32.130397717158 32.0139887332916 31.8975797494253 31.7811707655589 31.6647617816925 31.5494462490082 31.43741106987 31.3253758907318 31.2133407115936 31.1013055324555 30.9892703533173 30.8772351741791 30.7651999950409 30.6653807163238 30.5696334044139 30.4738860925039 30.3781387805939 30.2823914686839 30.1866441567739 30.0908968448639 29.9998352686564 29.9228308995565 29.8458265304565 29.7688221613566 29.6918177922567 29.6148134231567 29.5378090540568 29.4608046849569 29.3943140983581 29.3313281059265 29.2683421134949 29.2053561210632 29.1423701286316 29.0793841362 29.0163981437683 28.9567287286123 28.907009045283 28.8572893619537 28.8075696786245 28.7578499952952 28.7081303119659
32.764922396342 32.6495830747816 32.5342437532213 32.4219970862071 32.3107813040416 32.199565521876 32.0883497397105 31.977133957545 31.8659181753795 31.7547023932139 31.6442112021976 31.535893784629 31.4275763670603 31.3192589494917 31.2109415319231 31.1026241143545 30.9943066967858 30.8859892792172 30.7889909903208 30.6957657443153 30.6025404983097 30.5093152523041 30.4160900062985 30.3228647602929 30.2296395142873 30.1398755179511 30.0604952706231 29.9811150232951 29.9017347759671 29.8223545286391 29.742974281311 29.663594033983 29.584213786655 29.5169203122457 29.4536557621426 29.3903912120395 29.3271266619364 29.2638621118334 29.2005975617303 29.1373330116272 29.076873392529 29.0248285664452 28.9727837403615 28.9207389142778 28.8686940881941 28.8166492621104
32.8322908083598 32.7143643167284 32.596437825097 32.4845697085063 32.3747210502625 32.2648723920187 32.1550237337748 32.045175075531 31.9353264172872 31.8254777590434 31.7168402300941 31.6118360890283 31.5068319479625 31.4018278068966 31.2968236658308 31.191819524765 31.0868153836992 30.9818112426334 30.8872581958771 30.7961888472239 30.7051194985708 30.6140501499176 30.5229808012645 30.4319114526113 30.3408421039581 30.2524169709947 30.1719244851007 30.0914319992065 30.0109395133125 29.9304470274184 29.8499545415243 29.7694620556302 29.6889695697361 29.6218411922455 29.5591675175561 29.4964938428667 29.4338201681773 29.3711464934879 29.3084728187985 29.2457991441091 29.1851340081957 29.1304944886102 29.0758549690247 29.0212154494392 28.9665759298537 28.9119364102681
32.9033711433411 32.7841680844625 32.6649650255839 32.5509335517883 32.4386259396871 32.3263183275859 32.2140107154846 32.1017031033834 31.9893954912822 31.8770878791809 31.7673333326976 31.6652379830679 31.5631426334381 31.4610472838084 31.3589519341787 31.256856584549 31.1547612349192 31.0526658852895 30.9601823329926 30.8709027131399 30.7816230932872 30.6923434734345 30.6030638535818 30.5137842337291 30.4245046138763 30.3374596277873 30.2571185429891 30.1767774581909 30.0964363733927 30.0160952885946 29.9357542037964 29.8554131189982 29.7750720342 29.7090767383575 29.647863372167 29.5866500059764 29.5254366397858 29.4642232735952 29.4030099074046 29.341796541214 29.2815105756124 29.2240068117778 29.1665030479431 29.1089992841085 29.0514955202738 28.9939917564392
32.9744514783224 32.8539718521966 32.7334922260709 32.6172973950704 32.5025308291117 32.3877642631531 32.2729976971944 32.1582311312358 32.0434645652771 31.9286979993185 31.8178264353011 31.7186398771074 31.6194533189138 31.5202667607202 31.4210802025265 31.3218936443329 31.2227070861393 31.1235205279456 31.033106470108 30.9456165790558 30.8581266880036 30.7706367969513 30.6831469058991 30.5956570148468 30.5081671237946 30.4225022845798 30.3423126008776 30.2621229171753 30.181933233473 30.1017435497708 30.0215538660685 29.9413641823663 29.861174498664 29.7963122844696 29.7365592267778 29.676806169086 29.6170531113942 29.5573000537025 29.4975469960107 29.4377939383189 29.3778871430291 29.3175191349453 29.2571511268616 29.1967831187778 29.136415110694 29.0760471026103
33.0455318133036 32.9237756199307 32.8020194265578 32.6836612383525 32.5664357185364 32.4492101987203 32.3319846789042 32.2147591590882 32.0975336392721 31.980308119456 31.8683195379045 31.772041771147 31.6757640043895 31.5794862376319 31.4832084708744 31.3869307041168 31.2906529373593 31.1943751706018 31.1060306072235 31.0203304449717 30.93463028272 30.8489301204681 30.7632299582164 30.6775297959646 30.5918296337128 30.5075449413723 30.427506658766 30.3474683761597 30.2674300935533 30.187391810947 30.1073535283407 30.0273152457343 29.947276963128 29.8835478305817 29.8252550813887 29.7669623321957 29.7086695830027 29.6503768338097 29.5920840846168 29.5337913354238 29.4742637104458 29.4110314581129 29.34779920578 29.2845669534471 29.2213347011142 29.1581024487813
33.1166121482849 32.9935793876648 32.8705466270447 32.7500250816345 32.630340607961 32.5106561342875 32.390971660614 32.2712871869405 32.151602713267 32.0319182395935 31.918812640508 31.8254436651866 31.7320746898651 31.6387057145437 31.5453367392222 31.4519677639008 31.3585987885793 31.2652298132579 31.178954744339 31.0950443108877 31.0111338774363 30.927223443985 30.8433130105337 30.7594025770823 30.675492143631 30.5925875981649 30.5127007166545 30.432813835144 30.3529269536336 30.2730400721232 30.1931531906128 30.1132663091024 30.033379427592 29.9707833766937 29.9139509359995 29.8571184953054 29.8002860546112 29.743453613917 29.6866211732229 29.6297887325287 29.5706402778625 29.5045437812805 29.4384472846985 29.3723507881165 29.3062542915344 29.2401577949524
33.1876924832662 33.0633831553989 32.9390738275316 32.8163889249166 32.6942454973857 32.5721020698548 32.4499586423238 32.3278152147929 32.205671787262 32.083528359731 31.9693057431115 31.8788455592262 31.7883853753408 31.6979251914554 31.6074650075701 31.5170048236847 31.4265446397993 31.336084455914 31.2518788814545 31.1697581768036 31.0876374721527 31.0055167675018 30.923396062851 30.8412753582001 30.7591546535492 30.6776302549574 30.5978947745429 30.5181592941284 30.4384238137139 30.3586883332994 30.2789528528849 30.1992173724704 30.119481892056 30.0580189228058 30.0026467906104 29.9472746584151 29.8919025262197 29.8365303940243 29.781158261829 29.7257861296336 29.6670168452793 29.5980561044481 29.5290953636169 29.4601346227858 29.3911738819546 29.3222131411235
33.255462773641 33.1307841406928 33.0061055077447 32.8816787719727 32.757336001926 32.6329932318794 32.5086504618327 32.384307691786 32.2599649217394 32.1356221516927 32.0194975852966 31.9280276298523 31.836557674408 31.7450877189636 31.6536177635193 31.562147808075 31.4706778526306 31.3792078971863 31.2959266662598 31.2153750101725 31.1348233540853 31.0542716979981 30.9737200419108 30.8931683858236 30.8126167297363 30.7329607592689 30.6559918456608 30.5790229320526 30.5020540184445 30.4250851048364 30.3481161912282 30.2711472776201 30.194178364012 30.133703438441 30.0787265088823 30.0237495793237 29.968772649765 29.9137957202064 29.8588187906477 29.8038418610891 29.7449724356334 29.6744255224864 29.6038786093394 29.5333316961924 29.4627847830455 29.3922378698985
33.3199230194092 33.1957823435466 33.0716416676839 32.9458946228027 32.819612121582 32.6933296203614 32.5670471191406 32.4407646179199 32.3144821166992 32.1881996154785 32.0693881670634 31.972989877065 31.8765915870667 31.7801932970683 31.6837950070699 31.5873967170715 31.4909984270732 31.3946001370748 31.3110980987549 31.2318948109945 31.1526915232341 31.0734882354736 30.9942849477132 30.9150816599528 30.8358783721924 30.7585791110993 30.686991930008 30.6154047489166 30.5438175678253 30.472230386734 30.4006432056427 30.3290560245514 30.2574688434601 30.1978369235992 30.1421900908152 30.0865432580312 30.0308964252472 29.9752495924632 29.9196027596792 29.8639559268951 29.8045070489248 29.7336520353953 29.6627970218658 29.5919420083364 29.5210869948069 29.4502319812775
33.3843832651774 33.2607805464003 33.1371778276232 33.0101104736328 32.8818882412381 32.7536660088433 32.6254437764486 32.4972215440538 32.3689993116591 32.2407770792643 32.1192787488302 32.0179521242778 31.9166254997254 31.815298875173 31.7139722506206 31.6126456260681 31.5113190015157 31.4099923769633 31.32626953125 31.2484146118164 31.1705596923828 31.0927047729492 31.0148498535156 30.936994934082 30.8591400146484 30.7841974629296 30.7179920143551 30.6517865657806 30.5855811172062 30.5193756686317 30.4531702200572 30.3869647714827 30.3207593229082 30.2619704087575 30.2056536727481 30.1493369367388 30.0930202007294 30.03670346472 29.9803867287106 29.9240699927012 29.8640416622162 29.7928785483043 29.7217154343923 29.6505523204804 29.5793892065684 29.5082260926565
33.4488435109457 33.325778749254 33.2027139875624 33.0743263244629 32.9441643608941 32.8140023973253 32.6838404337565 32.5536784701877 32.423516506619 32.2933545430501 32.1691693305969 32.0629143714905 31.956659412384 31.8504044532776 31.7441494941712 31.6378945350647 31.5316395759583 31.4253846168518 31.3414409637451 31.2649344126384 31.1884278615316 31.1119213104248 31.035414759318 30.9589082082113 30.8824016571045 30.80981581476 30.7489920987023 30.6881683826447 30.627344666587 30.5665209505293 30.5056972344716 30.444873518414 30.3840498023563 30.3261038939158 30.2691172546811 30.2121306154463 30.1551439762115 30.0981573369768 30.041170697742 29.9841840585073 29.9235762755076 29.8521050612132 29.7806338469188 29.7091626326243 29.6376914183299 29.5662202040354
