data/working_set_collections/6091692-Cassins_Sparrow-MC/2015/bio4.asc
NCOLS 265 
NROWS 230 
XLLCORNER -115.5625 
YLLCORNER 24.8333333333333 
CELLSIZE 0.0833333333333333 
NODATA_value -9999 
[rows 60 to 79 of 230, columns 184 to 229 of 265]
987.53442586263 989.292958577474 991.051491292317 993.072783406575 995.181661987305 997.290540568034 999.399419148763 1001.50829772949 1003.61717631022 1005.72605489095 1007.63273298475 1008.93280961778 1010.23288625081 1011.53296288384 1012.83303951687 1014.1331161499 1015.43319278293 1016.73326941596 1017.20000864665 1017.38896874322 1017.57792883979 1017.76688893636 1017.95584903293 1018.1448091295 1018.33376922607 1018.71965077718 1019.69629669189 1020.67294260661 1021.64958852132 1022.62623443604 1023.60288035075 1024.57952626546 1025.55617218018 1024.83880310059 1023.55676235623 1022.27472161187 1020.99268086751 1019.71064012316 1018.4285993788 1017.14655863444 1015.81559024387 1014.33783891466 1012.86008758545 1011.38233625624 1009.90458492703 1008.42683359782
985.858807373047 987.533315022786 989.207822672526 991.119766235352 993.110855102539 995.101943969726 997.093032836914 999.084121704102 1001.07521057129 1003.06629943848 1004.8586034139 1006.05455271403 1007.25050201416 1008.44645131429 1009.64240061442 1010.83834991455 1012.03429921468 1013.23024851481 1013.61751861572 1013.73522898356 1013.8529393514 1013.97064971924 1014.08836008708 1014.20607045492 1014.32378082275 1014.66164601644 1015.65997568766 1016.65830535889 1017.65663503011 1018.65496470134 1019.65329437256 1020.65162404378 1021.64995371501 1020.89175109863 1019.54803771973 1018.20432434082 1016.86061096191 1015.51689758301 1014.1731842041 1012.8294708252 1011.47488352458 1010.08767445882 1008.70046539307 1007.31325632731 1005.92604726156 1004.5388381958
984.183188883464 985.773671468099 987.364154052734 989.166749064128 991.040048217773 992.913347371419 994.786646525065 996.659945678711 998.533244832357 1000.406543986 1002.08447384304 1003.17629581028 1004.26811777751 1005.35993974474 1006.45176171197 1007.5435836792 1008.63540564643 1009.72722761366 1010.0350285848 1010.0814892239 1010.12794986301 1010.17441050212 1010.22087114122 1010.26733178033 1010.31379241943 1010.6036412557 1011.62365468343 1012.64366811117 1013.6636815389 1014.68369496663 1015.70370839437 1016.7237218221 1017.74373524984 1016.94469909668 1015.53931308323 1014.13392706977 1012.72854105632 1011.32315504286 1009.91776902941 1008.51238301595 1007.13417680529 1005.83751000298 1004.54084320068 1003.24417639838 1001.94750959608 1000.65084279378
982.50757039388 984.014027913411 985.520485432942 987.213731892904 988.969241333008 990.724750773112 992.480260213216 994.23576965332 995.991279093424 997.746788533529 999.31034427219 1000.29803890652 1001.28573354085 1002.27342817518 1003.26112280952 1004.24881744385 1005.23651207818 1006.22420671251 1006.45253855387 1006.42774946425 1006.40296037462 1006.37817128499 1006.35338219537 1006.32859310574 1006.30380401611 1006.54563649495 1007.5873336792 1008.62903086344 1009.67072804769 1010.71242523193 1011.75412241618 1012.79581960042 1013.83751678467 1012.99764709473 1011.53058844672 1010.06352979872 1008.59647115072 1007.12941250271 1005.66235385471 1004.19529520671 1002.79347008599 1001.58734554715 1000.3812210083 999.175096469456 997.968971930611 996.762847391765
980.831951904297 982.254384358724 983.676816813151 985.26071472168 986.898434448242 988.536154174805 990.173873901367 991.81159362793 993.449313354492 995.087033081055 996.536214701335 997.419782002767 998.3033493042 999.186916605632 1000.07048390706 1000.9540512085 1001.83761850993 1002.72118581136 1002.87004852295 1002.77400970459 1002.67797088623 1002.58193206787 1002.48589324951 1002.38985443115 1002.29381561279 1002.48763173421 1003.55101267497 1004.61439361572 1005.67777455648 1006.74115549723 1007.80453643799 1008.86791737874 1009.9312983195 1009.05059509277 1007.52186381022 1005.99313252767 1004.46440124512 1002.93566996257 1001.40693868001 999.878207397462 998.4527633667 997.33718109131 996.221598815919 995.106016540528 993.990434265138 992.874851989747
979.156333414714 980.494740804036 981.833148193359 983.307697550456 984.827627563477 986.347557576497 987.867487589518 989.387417602539 990.90734761556 992.427277628581 993.76208513048 994.541525099013 995.320965067546 996.100405036079 996.879845004612 997.659284973145 998.438724941678 999.218164910211 999.287558492025 999.120269944933 998.952981397841 998.785692850749 998.618404303657 998.451115756565 998.283827209473 998.42962697347 999.514691670736 1000.599756368 1001.68482106527 1002.76988576253 1003.8549504598 1004.94001515706 1006.02507985433 1005.10354309082 1003.51313917372 1001.92273525662 1000.33233133952 998.741927422418 997.151523505318 995.561119588217 994.112056647408 993.087016635472 992.061976623536 991.0369366116 990.011896599664 988.986856587729
976.802290344238 978.091502719455 979.380715094672 980.793742370606 982.248041280111 983.702340189616 985.156639099121 986.610938008626 988.065236918132 989.519535827637 990.788759867351 991.502759297689 992.216758728028 992.930758158366 993.644757588705 994.358757019043 995.072756449382 995.78675587972 995.798311360678 995.575718858507 995.353126356337 995.130533854167 994.907941351997 994.685348849827 994.462756347657 994.560620625814 995.619855244954 996.679089864095 997.738324483236 998.797559102376 999.856793721517 1000.91602834066 1001.9752629598 1001.02480163574 999.404441663955 997.784081692167 996.163721720378 994.54336174859 992.923001776802 991.302641805014 989.852445644803 988.912740919326 987.973036193848 987.033331468371 986.093626742894 985.153922017416
973.769822692871 975.044670104981 976.31951751709 977.718849182129 979.159675598145 980.60050201416 982.041328430176 983.482154846192 984.922981262207 986.363807678223 987.616238911947 988.303484598796 988.990730285645 989.677975972494 990.365221659343 991.052467346192 991.739713033041 992.42695871989 992.402307128907 992.140356445313 991.87840576172 991.616455078126 991.354504394532 991.092553710938 990.830603027344 990.880612691244 991.866503397624 992.852394104004 993.838284810384 994.824175516765 995.810066223145 996.795956929525 997.781847635905 996.81437072754 995.195771280925 993.577171834311 991.958572387696 990.339972941082 988.721373494467 987.102774047853 985.673930358888 984.814353942872 983.954777526856 983.095201110841 982.235624694825 981.376048278809
970.737355041504 971.997837490506 973.258319939507 974.643955993653 976.071309916179 977.498663838704 978.926017761231 980.353371683757 981.780725606283 983.208079528809 984.443717956543 985.104209899902 985.764701843262 986.425193786621 987.085685729981 987.74617767334 988.4066696167 989.067161560059 989.006302897136 988.704994032119 988.403685167101 988.102376302084 987.801067437067 987.499758572049 987.198449707032 987.200604756673 988.113151550293 989.025698343913 989.938245137533 990.850791931153 991.763338724772 992.675885518392 993.588432312012 992.603939819337 990.987100897896 989.370261976455 987.753423055014 986.136584133573 984.519745212132 982.902906290691 981.495415072972 980.715966966418 979.936518859864 979.15707075331 978.377622646756 977.598174540202
967.704887390137 968.951004876031 970.197122361925 971.569062805176 972.982944234212 974.396825663248 975.810707092285 977.224588521322 978.638469950358 980.052351379395 981.27119700114 981.904935201009 982.538673400879 983.172411600749 983.806149800619 984.439888000489 985.073626200358 985.707364400228 985.610298665365 985.269631618924 984.928964572483 984.588297526042 984.247630479601 983.90696343316 983.566296386719 983.520596822103 984.359799702962 985.199002583822 986.038205464681 986.87740834554 987.7166112264 988.555814107259 989.395016988119 988.393508911133 986.778430514866 985.163352118599 983.548273722331 981.933195326064 980.318116929797 978.703038533529 977.316899787056 976.617579989964 975.918260192872 975.21894039578 974.519620598688 973.820300801596
964.67241973877 965.904172261556 967.135924784343 968.4941696167 969.894578552246 971.294987487793 972.69539642334 974.095805358887 975.496214294434 976.896623229981 978.098676045736 978.705660502116 979.312644958497 979.919629414877 980.526613871257 981.133598327637 981.740582784017 982.347567240397 982.214294433594 981.83426920573 981.454243977865 981.074218750001 980.694193522136 980.314168294272 979.934143066407 979.840588887533 980.606447855632 981.372306823731 982.13816579183 982.904024759929 983.669883728028 984.435742696127 985.201601664226 984.183078002931 982.569760131837 980.956442260743 979.343124389649 977.729806518556 976.116488647462 974.503170776368 973.13838450114 972.51919301351 971.90000152588 971.28081003825 970.661618550619 970.042427062989
961.639952087402 962.857339647081 964.07472720676 965.419276428223 966.80621287028 968.193149312337 969.580085754395 970.967022196452 972.353958638509 973.740895080567 974.926155090332 975.506385803223 976.086616516114 976.666847229004 977.247077941895 977.827308654786 978.407539367676 978.987770080567 978.818290201823 978.398906792535 977.979523383247 977.560139973959 977.140756564671 976.721373155382 976.301989746094 976.160580952963 976.853096008301 977.54561106364 978.238126118978 978.930641174317 979.623156229655 980.315671284994 981.008186340332 979.972647094727 978.361089748807 976.749532402887 975.137975056967 973.526417711047 971.914860365127 970.303303019207 968.959869215224 968.420806037056 967.881742858887 967.342679680719 966.80361650255 966.264553324382
959.434506734212 960.629524230957 961.824541727702 963.121408589681 964.452225240071 965.783041890462 967.113858540853 968.444675191243 969.775491841634 971.106308492025 972.244564141168 972.805136786567 973.365709431966 973.926282077365 974.486854722765 975.047427368164 975.608000013563 976.168572658963 975.980364481608 975.542562696669 975.10476091173 974.66695912679 974.229157341851 973.791355556912 973.353553771973 973.181595357259 973.807167053223 974.432738749186 975.05831044515 975.683882141113 976.309453837077 976.93502553304 977.560597229004 976.469874064128 974.807052612305 973.144231160483 971.481409708659 969.818588256837 968.155766805014 966.492945353191 965.125408935547 964.643727620443 964.162046305339 963.680364990235 963.198683675131 962.717002360026
958.056083679199 959.220726013184 960.385368347168 961.600566101074 962.832615661621 964.064665222168 965.296714782715 966.528764343262 967.760813903809 968.992863464356 970.053903198242 970.601913452148 971.149923706055 971.697933959961 972.245944213867 972.793954467774 973.34196472168 973.889974975586 973.70051727295 973.265236918132 972.829956563314 972.394676208497 971.959395853679 971.524115498861 971.088835144043 970.903632100423 971.468660990397 972.033689880371 972.598718770345 973.163747660319 973.728776550293 974.293805440267 974.858834330241 973.674758911134 971.907648722332 970.14053853353 968.373428344727 966.606318155925 964.839207967123 963.072097778321 961.63500366211 961.187957763673 960.740911865235 960.293865966798 959.84682006836 959.399774169922
956.677660624186 957.81192779541 958.946194966634 960.079723612468 961.21300608317 962.346288553874 963.479571024577 964.61285349528 965.746135965983 966.879418436686 967.863242255317 968.39869011773 968.934137980144 969.469585842557 970.00503370497 970.540481567383 971.075929429796 971.61137729221 971.420670064291 970.987911139595 970.555152214898 970.122393290202 969.689634365506 969.25687544081 968.824116516114 968.625668843587 969.130154927572 969.634641011556 970.13912709554 970.643613179525 971.148099263509 971.652585347494 972.157071431478 970.879643758139 969.008244832358 967.136845906577 965.265446980795 963.394048055014 961.522649129233 959.651250203451 958.144598388673 957.732187906902 957.319777425131 956.90736694336 956.494956461589 956.082545979818
955.299237569173 956.403129577637 957.5070215861 958.558881123861 959.59339650472 960.627911885579 961.662427266439 962.696942647298 963.731458028157 964.765973409017 965.672581312392 966.195466783312 966.718352254232 967.241237725152 967.764123196072 968.287008666992 968.809894137912 969.332779608832 969.140822855632 968.710585361057 968.280347866483 967.850110371908 967.419872877333 966.989635382759 966.559397888184 966.347705586751 966.791648864746 967.235592142741 967.679535420736 968.123478698731 968.567421976725 969.01136525472 969.455308532715 968.084528605144 966.108840942384 964.133153279623 962.157465616863 960.181777954102 958.206090291342 956.230402628581 954.654193115235 954.276418050131 953.898642985027 953.520867919922 953.143092854818 952.765317789714
953.92081451416 954.994331359863 956.067848205566 957.038038635254 957.97378692627 958.909535217285 959.845283508301 960.781031799316 961.716780090332 962.652528381348 963.481920369466 963.992243448893 964.50256652832 965.012889607748 965.523212687175 966.033535766602 966.543858846029 967.054181925456 966.860975646973 966.43325958252 966.005543518067 965.577827453614 965.15011138916 964.722395324708 964.294679260254 964.069742329916 964.453142801921 964.836543273926 965.219943745931 965.603344217937 965.986744689942 966.370145161947 966.753545633952 965.289413452149 963.20943705241 961.12946065267 959.049484252931 956.969507853191 954.889531453452 952.809555053712 951.163787841798 950.82064819336 950.477508544922 950.134368896485 949.791229248047 949.44808959961
952.542391459147 953.58553314209 954.628674825032 955.517196146647 956.354177347819 957.191158548991 958.028139750163 958.865120951335 959.702102152506 960.539083353678 961.291259426541 961.789020114475 962.286780802409 962.784541490343 963.282302178277 963.780062866211 964.277823554145 964.775584242079 964.581128438314 964.155933803983 963.730739169651 963.305544535319 962.880349900988 962.455155266656 962.029960632325 961.79177907308 962.114636739095 962.437494405111 962.760352071126 963.083209737142 963.406067403158 963.728925069173 964.051782735189 962.494298299154 960.310033162436 958.125768025717 955.941502888998 953.75723775228 951.572972615561 949.388707478842 947.67338256836 947.364878336589 947.056374104818 946.747869873047 946.439365641276 946.130861409506
951.646447753906 952.710489908854 953.774532063802 954.619249979655 955.390859815809 956.162469651964 956.934079488118 957.705689324273 958.477299160427 959.248908996582 959.947638617621 960.427727593316 960.90781656901 961.387905544705 961.867994520399 962.348083496094 962.828172471788 963.308261447483 963.090882873535 962.641015116374 962.191147359212 961.741279602051 961.29141184489 960.841544087728 960.391676330566 960.122328016493 960.394538031684 960.666748046875 960.938958062066 961.211168077257 961.483378092448 961.755588107639 962.02779812283 960.413928222657 958.171365017362 955.928801812067 953.686238606771 951.443675401476 949.201112196181 946.958548990886 945.196296691895 944.874977111817 944.553657531738 944.23233795166 943.911018371582 943.589698791504
951.232983398437 952.369201660156 953.505419921875 954.344200134277 955.083834330241 955.823468526204 956.563102722168 957.302736918131 958.042371114095 958.782005310059 959.451057942708 959.908365885417 960.365673828125 960.822981770833 961.280289713542 961.73759765625 962.194905598958 962.652213541667 962.390238952637 961.888503519694 961.386768086752 960.885032653809 960.383297220866 959.881561787923 959.379826354981 959.061389160156 959.292846679688 959.524304199219 959.75576171875 959.987219238281 960.218676757813 960.450134277344 960.681591796875 959.048303222657 956.793432617188 954.53856201172 952.283691406251 950.028820800782 947.773950195313 945.519079589844 943.732530212403 943.350944519043 942.969358825684 942.587773132325 942.206187438965 941.824601745606
