data/working_set_collections/6091692-Cassins_Sparrow-MC/2015/bio4.asc
NCOLS 265 
NROWS 230 
XLLCORNER -115.5625 
YLLCORNER 24.8333333333333 
CELLSIZE 0.0833333333333333 
NODATA_value -9999 
[rows 140 to 159 of 230, columns 0 to 45 of 265]
751.277795579699 753.151269022624 755.024742465549 756.898215908475 758.7716893514 760.645162794325 762.518636237251 759.884749857586 755.748410203723 751.61207054986 747.475730895997 743.339391242135 739.203051588272 735.066711934409 731.827945285374 731.281897650826 730.735850016277 730.189802381729 729.64375474718 729.097707112631 728.551659478083 728.005611843534 726.937370300294 725.695064120824 724.452757941353 723.210451761883 721.968145582412 720.725839402942 719.483533223472 718.554762946236 718.566600375706 718.578437805177 718.590275234647 718.602112664118 718.613950093588 718.625787523059 718.63762495253 719.033901468914 719.558324347603 720.082747226293 720.607170104982 721.131592983671 721.65601586236 722.18043874105 722.052265421551 719.966303507489
746.813909742567 748.868195088705 750.922480434842 752.976765780979 755.031051127116 757.085336473253 759.13962181939 756.279037984213 751.780164421931 747.281290859647 742.782417297365 738.283543735082 733.784670172798 729.285796610516 725.697868516711 724.842776828343 723.987685139975 723.132593451607 722.277501763239 721.422410074871 720.567318386503 719.712226698135 718.537574768068 717.256402757434 715.9752307468 714.694058736167 713.412886725533 712.131714714899 710.850542704266 709.908593580459 709.984313117134 710.06003265381 710.135752190485 710.21147172716 710.287191263836 710.362910800511 710.438630337186 710.669254048666 710.951512485081 711.233770921496 711.516029357911 711.798287794326 712.080546230741 712.362804667156 712.129717000327 710.350591023764
742.350023905437 744.585121154785 746.820218404134 749.055315653483 751.290412902832 753.525510152181 755.76060740153 752.673326110841 747.811918640138 742.950511169435 738.089103698732 733.227696228029 728.366288757326 723.504881286623 719.567791748048 718.403656005861 717.239520263673 716.075384521486 714.911248779298 713.747113037111 712.582977294923 711.418841552736 710.137779235842 708.817741394045 707.497703552248 706.177665710451 704.857627868654 703.537590026857 702.21755218506 701.262424214682 701.402025858563 701.541627502443 701.681229146323 701.820830790203 701.960432434083 702.100034077964 702.239635721844 702.304606628419 702.34470062256 702.384794616701 702.424888610841 702.464982604982 702.505076599123 702.545170593263 702.207168579104 700.734878540041
737.886138068305 740.302047220866 742.717956373427 745.133865525988 747.549774678548 749.965683831109 752.38159298367 749.067614237469 743.843672858346 738.619731479222 733.395790100099 728.171848720976 722.947907341852 717.72396596273 713.437714979385 711.964535183378 710.491355387371 709.018175591364 707.544995795357 706.07181599935 704.598636203343 703.125456407337 701.737983703615 700.379080030655 699.020176357694 697.661272684735 696.302369011775 694.943465338814 693.584561665854 692.616254848905 692.81973859999 693.023222351075 693.22670610216 693.430189853245 693.633673604331 693.837157355416 694.040641106501 693.939959208172 693.737888760038 693.535818311904 693.333747863771 693.131677415637 692.929606967504 692.72753651937 692.284620157879 691.119166056317
730.960089789497 733.492525227865 736.024960666233 738.557396104601 741.089831542969 743.622266981337 746.154702419705 742.122225443524 735.901444329159 729.680663214792 723.459882100426 717.23910098606 711.018319871693 704.797538757328 699.827389695912 698.609136793351 697.39088389079 696.17263098823 694.954378085668 693.736125183108 692.517872280547 691.299619377986 690.226843770347 689.202560594349 688.17827741835 687.153994242352 686.129711066354 685.105427890355 684.081144714357 683.40471242269 683.771832784018 684.138953145346 684.506073506674 684.873193868002 685.24031422933 685.607434590658 685.974554951987 685.814494832358 685.478707885743 685.142920939129 684.807133992514 684.471347045899 684.135560099285 683.79977315267 683.30914815267 682.354008992514
721.571879069012 724.156555175782 726.741231282553 729.325907389324 731.910583496095 734.495259602866 737.079935709637 731.837159729007 723.985233052575 716.133306376143 708.281379699711 700.429453023279 692.577526346847 684.725599670415 678.736815897627 678.337460835778 677.938105773929 677.53875071208 677.139395650231 676.740040588382 676.340685526533 675.941330464684 675.604359436038 675.288183085126 674.972006734215 674.655830383303 674.339654032392 674.02347768148 673.707301330568 673.627796936037 674.258308410646 674.888819885255 675.519331359865 676.149842834474 676.780354309083 677.410865783693 678.041377258302 677.928213500978 677.567157999676 677.206102498374 676.845046997072 676.48399149577 676.122935994468 675.761880493166 675.280752563478 674.439407348634
712.183668348525 714.820585123699 717.457501898872 720.094418674046 722.73133544922 725.368252224393 728.005168999567 721.552094014489 712.069021775991 702.585949537492 693.102877298995 683.619805060497 674.136732821998 664.653660583501 657.646242099341 658.065784878204 658.485327657067 658.904870435929 659.324413214792 659.743955993655 660.163498772517 660.58304155138 660.981875101727 661.373805575903 661.765736050078 662.157666524253 662.549596998428 662.941527472604 663.333457946779 663.850881449383 664.744784037273 665.638686625164 666.532589213055 667.426491800945 668.320394388836 669.214296976726 670.108199564617 670.041932169598 669.655608113608 669.269284057618 668.882960001629 668.496635945639 668.11031188965 667.72398783366 667.252356974285 666.524805704754
702.795457628039 705.484615071615 708.173772515191 710.862929958768 713.552087402344 716.241244845921 718.930402289497 711.26702829997 700.152810499407 689.038592698842 677.924374898278 666.810157097715 655.69593929715 644.581721496586 636.555668301055 637.794108920629 639.032549540204 640.270990159778 641.509430779353 642.747871398927 643.986312018502 645.224752638077 646.359390767417 647.459428066679 648.559465365941 649.659502665203 650.759539964465 651.859577263727 652.959614562989 654.073965962729 655.231259663901 656.388553365073 657.545847066244 658.703140767416 659.860434468588 661.01772816976 662.175021870932 662.155650838217 661.74405822754 661.332465616863 660.920873006186 660.509280395509 660.097687784832 659.686095174155 659.223961385092 658.610204060873
693.407246907553 696.148645019532 698.890043131511 701.631441243491 704.37283935547 707.114237467449 709.855635579428 700.981962585453 688.236599222824 -9999 -9999 -9999 -9999 624.509782409674 615.46509450277 617.522432963057 619.579771423343 621.637109883629 623.694448343916 625.751786804202 627.809125264488 629.866463724775 631.736906433108 633.545050557456 635.353194681805 637.161338806154 638.969482930503 640.777627054852 642.585771179201 644.297050476076 645.717735290529 647.138420104982 648.559104919435 649.979789733888 651.400474548341 652.821159362794 654.241844177247 654.269369506837 653.832508341473 653.395647176108 652.958786010744 652.521924845379 652.085063680014 651.64820251465 651.1955657959 650.695602416994
684.019036187067 686.812674967449 689.606313747831 692.399952528213 695.193591308595 697.987230088977 700.780868869359 690.696896870935 676.32038794624 -9999 -9999 -9999 -9999 -9999 594.374520704484 597.250757005482 600.12699330648 603.003229607478 605.879465908477 608.755702209475 611.631938510473 614.508174811471 617.114422098797 619.630673048233 622.146923997669 624.663174947104 627.17942589654 629.695676845976 632.211927795411 634.520134989422 636.204210917156 637.88828684489 639.572362772625 641.256438700359 642.940514628093 644.624590555828 646.308666483562 646.383088175457 645.920958455405 645.458828735353 644.996699015301 644.534569295249 644.072439575197 643.610309855144 643.167170206707 642.781000773113
675.348173353408 678.634406534832 681.920639716255 685.206872897679 688.493106079102 691.779339260525 695.065572441949 684.165518697106 668.536702643505 -9999 -9999 -9999 -9999 -9999 -9999 -9999 584.815960439048 587.547049374052 -9999 -9999 -9999 598.471405114071 601.695318349205 605.083506351049 608.471694352894 611.859882354738 615.248070356583 618.636258358427 622.024446360272 625.098887634279 627.232088724774 629.365289815268 631.498490905763 633.631691996258 635.764893086752 637.898094177247 640.031295267742 640.239599609376 639.80627170139 639.372943793404 638.939615885418 638.506287977431 638.072960069445 637.639632161459 637.226218159994 636.872545878093
667.394658406576 671.61383972168 675.833021036784 680.052202351888 684.271383666992 688.490564982096 692.7097462972 681.387828063968 664.88554331462 -9999 -9999 -9999 -9999 -9999 -9999 -9999 -9999 -9999 -9999 -9999 -9999 -9999 585.479595184328 589.903550465903 594.327505747479 598.751461029054 603.175416310629 607.599371592205 612.02332687378 616.033308410645 618.80136871338 621.569429016114 624.337489318848 627.105549621583 629.873609924317 632.641670227051 635.409730529786 635.838903808595 635.488448079428 635.137992350261 634.787536621095 634.437080891928 634.086625162761 633.736169433594 633.372709655762 632.970237731934
659.441143459744 664.593272908529 669.745402357313 674.897531806098 680.049661254882 685.201790703667 690.353920152452 678.61013743083 661.234383985736 -9999 -9999 -9999 -9999 -9999 -9999 -9999 -9999 -9999 -9999 -9999 -9999 -9999 -9999 574.723594580757 580.183317142064 585.64303970337 591.102762264676 596.562484825983 602.022207387289 606.967729187012 610.370648701987 613.77356821696 617.176487731934 620.579407246908 623.982326761882 627.385246276855 630.78816579183 631.438208007813 631.170624457466 630.903040907119 630.635457356771 630.367873806424 630.100290256077 629.83270670573 629.519201151531 629.067929585775
651.487628512913 657.572706095378 663.657783677843 669.742861260308 675.827938842773 681.913016425238 687.998094007704 675.832446797692 657.583224656852 -9999 -9999 -9999 -9999 -9999 -9999 -9999 -9999 -9999 -9999 -9999 -9999 -9999 -9999 -9999 -9999 572.534618377687 579.030108218724 585.525598059762 592.021087900798 597.90214996338 601.939928690594 605.977707417807 610.01548614502 614.053264872234 618.091043599447 622.12882232666 626.166601053874 627.037512207032 626.852800835504 626.668089463976 626.483378092449 626.298666720921 626.113955349393 625.929243977865 625.665692647299 625.165621439617
643.534113566081 650.552139282227 657.570164998372 664.588190714518 671.606216430664 678.624242146809 685.642267862955 673.054756164554 653.932065327967 -9999 -9999 -9999 -9999 -9999 -9999 -9999 -9999 -9999 -9999 -9999 -9999 -9999 -9999 -9999 -9999 -9999 -9999 -9999 -9999 588.836570739747 593.5092086792 598.181846618653 602.854484558106 607.527122497559 612.199760437012 616.872398376465 621.545036315918 622.636816406251 622.534977213542 622.433138020834 622.331298828126 622.229459635417 622.127620442709 622.025781250001 621.812184143067 621.263313293458
635.580598619249 643.531572469075 651.482546318901 659.433520168728 667.384494018554 675.33546786838 683.286441718207 670.277065531417 650.280905999083 -9999 -9999 -9999 -9999 -9999 -9999 -9999 -9999 -9999 -9999 -9999 -9999 -9999 -9999 -9999 -9999 -9999 -9999 -9999 -9999 579.770991516113 585.078488667807 590.385985819499 595.693482971191 601.000980122884 606.308477274577 611.615974426269 616.923471577962 618.236120605469 618.21715359158 618.198186577692 618.179219563803 618.160252549914 618.141285536025 618.122318522136 617.958675638835 617.361005147299
622.181328243682 631.816464487713 641.451600731744 651.086736975777 660.721873219808 670.357009463839 679.992145707872 667.456492106124 647.530575222444 627.604658338761 -9999 -9999 -9999 -9999 -9999 -9999 -9999 -9999 -9999 -9999 -9999 -9999 -9999 -9999 -9999 -9999 -9999 -9999 -9999 572.6916047838 578.450292799208 584.208980814616 589.967668830023 595.726356845432 601.48504486084 607.243732876247 613.002420891656 614.540911865235 614.672670491537 614.804429117839 614.936187744141 615.067946370443 615.199704996745 615.331463623047 615.248517693414 614.521458095975
603.336302439374 615.406815338136 627.477328236897 639.547841135661 651.618354034423 663.688866933185 675.759379831949 664.593035888676 645.681072998051 626.769110107424 -9999 -9999 -9999 -9999 -9999 -9999 -9999 -9999 -9999 -9999 -9999 -9999 -9999 -9999 -9999 -9999 -9999 -9999 -9999 567.598410542805 573.624621073405 579.650831604004 585.677042134602 591.703252665202 597.7294631958 603.755673726399 609.781884256999 611.551190185547 611.901527913412 612.251865641276 612.602203369141 612.952541097005 613.30287882487 613.653216552735 613.681710306804 612.744672139486
584.491276635065 598.997166188558 613.50305574205 628.008945295546 642.514834849038 657.020724402531 671.526613956026 661.729579671227 643.831570773659 625.933561876087 -9999 -9999 -9999 -9999 -9999 -9999 -9999 -9999 -9999 -9999 -9999 -9999 -9999 -9999 -9999 -9999 -9999 -9999 -9999 562.505216301811 568.798949347602 575.092682393391 581.386415439181 587.680148484972 593.973881530761 600.267614576551 606.561347622341 608.56146850586 609.130385335287 609.699302164714 610.268218994141 610.837135823568 611.406052652995 611.974969482422 612.114902920194 610.967886182997
565.646250830758 582.587517038981 599.528783247205 616.470049455431 633.411315663655 650.352581871878 667.293848080104 658.86612345378 641.982068549266 625.09801364475 608.213958740237 591.329903835724 -9999 -9999 -9999 -9999 -9999 -9999 -9999 -9999 -9999 -9999 -9999 -9999 -9999 -9999 -9999 -9999 -9999 557.412022060818 563.973277621799 570.53453318278 577.09578874376 583.657044304742 590.218299865722 596.779555426703 603.340810987684 605.571746826172 606.359242757162 607.146738688151 607.934234619141 608.72173055013 609.50922648112 610.29672241211 610.548095533583 609.191100226509
