data/working_set_collections/6091692-Cassins_Sparrow-MC/2015/bio4.asc
NCOLS 265 
NROWS 230 
XLLCORNER -115.5625 
YLLCORNER 24.8333333333333 
CELLSIZE 0.0833333333333333 
NODATA_value -9999 
[rows 180 to 199 of 230, columns 184 to 229 of 265]
698.556946818034 697.887788560656 697.218630303277 696.017599995931 694.639279005263 693.260958014595 691.882637023926 690.504316033258 689.12599504259 687.747674051921 686.551262580024 685.900579664443 685.249896748861 684.59921383328 683.948530917698 683.297848002117 682.647165086535 681.996482170954 680.951835632325 679.775867886014 678.599900139704 677.423932393393 676.247964647082 675.071996900772 673.896029154461 672.825668843588 672.072130839031 671.318592834474 670.565054829917 669.811516825359 669.057978820802 668.304440816245 667.550902811687 664.800326538088 661.384070841473 657.967815144859 654.551559448244 651.13530375163 647.719048055015 644.3027923584 640.654478454592 636.309989929202 631.965501403811 627.621012878421 623.27652435303 618.932035827639
696.29894104004 695.971186319987 695.643431599935 694.528361511231 693.150852966309 691.773344421387 690.395835876465 689.018327331544 687.640818786622 686.2633102417 685.010355122885 684.13106028239 683.251765441895 682.3724706014 681.493175760906 680.613880920411 679.734586079916 678.855291239421 677.577687072755 676.167313130697 674.75693918864 673.346565246583 671.936191304526 670.525817362469 669.115443420411 667.849711608888 667.017906188966 666.186100769044 665.354295349122 664.5224899292 663.690684509278 662.858879089357 662.027073669435 659.074270629884 655.414468383791 651.754666137697 648.094863891603 644.43506164551 640.775259399416 637.115457153322 633.193891906741 628.487037658694 623.780183410647 619.0733291626 614.366474914554 609.659620666506
694.040935262045 694.054584079319 694.068232896593 693.03912302653 691.662426927355 690.28573082818 688.909034729004 687.532338629829 686.155642530654 684.778946431478 683.469447665745 682.361540900337 681.253634134929 680.145727369521 679.037820604113 677.929913838705 676.822007073297 675.714100307889 674.203538513184 672.558758375381 670.913978237577 669.269198099773 667.624417961969 665.979637824166 664.334857686362 662.873754374187 661.963681538901 661.053608703614 660.143535868328 659.233463033041 658.323390197755 657.413317362468 656.503244527182 653.348214721681 649.444865926108 645.541517130536 641.638168334963 637.73481953939 633.831470743817 629.928121948244 625.733305358889 620.664085388186 615.594865417483 610.52564544678 605.456425476077 600.387205505373
691.78292948405 692.13798183865 692.493034193251 691.54988454183 690.174000888401 688.798117234972 687.422233581544 686.046349928115 684.670466274686 683.294582621257 681.928540208605 680.592021518284 679.255502827963 677.918984137642 676.582465447321 675.245946757 673.909428066678 672.572909376357 670.829389953614 668.950203620064 667.071017286514 665.191830952963 663.312644619413 661.433458285863 659.554271952312 657.897797139487 656.909456888836 655.921116638185 654.932776387534 653.944436136883 652.956095886232 651.967755635581 650.97941538493 647.622158813478 643.475263468427 639.328368123375 635.181472778322 631.03457743327 626.887682088219 622.740786743166 618.272718811038 612.841133117679 607.409547424319 601.97796173096 596.546376037601 591.114790344241
689.524923706055 690.221379597982 690.917835489909 690.060646057129 688.685574849447 687.310503641765 685.935432434083 684.5603612264 683.185290018718 681.810218811036 680.387632751466 678.822502136231 677.257371520997 675.692240905762 674.127110290528 672.561979675294 670.99684906006 669.431718444825 667.455241394044 665.341648864747 663.22805633545 661.114463806153 659.000871276857 656.88727874756 654.773686218263 652.921839904786 651.855232238771 650.788624572755 649.72201690674 648.655409240724 647.588801574708 646.522193908693 645.455586242677 641.896102905275 637.505661010744 633.115219116213 628.724777221682 624.334335327151 619.94389343262 615.553451538088 610.812132263186 605.018180847171 599.224229431155 593.43027801514 587.636326599124 581.842375183108
687.26691792806 688.304777357313 689.342636786567 688.571407572429 687.197148810493 685.822890048557 684.448631286622 683.074372524686 681.70011376275 680.325855000814 678.846725294326 677.052982754178 675.259240214031 673.465497673883 671.671755133736 669.878012593588 668.084270053441 666.290527513293 664.081092834474 661.73309410943 659.385095384387 657.037096659343 654.6890979343 652.341099209257 649.993100484213 647.945882670085 646.801007588705 645.656132507325 644.511257425945 643.366382344565 642.221507263184 641.076632181804 639.931757100424 636.170046997072 631.536058553062 626.902070109052 622.268081665041 617.634093221031 613.00010477702 608.36611633301 603.351545715335 597.195228576663 591.03891143799 584.882594299319 578.726277160648 -9999
684.22615814209 685.477626376682 686.729094611274 686.009877014161 684.633764139812 683.257651265463 681.881538391114 680.505425516765 679.129312642416 677.753199768067 676.221947224936 674.225275675457 672.228604125978 670.231932576499 668.23526102702 666.23858947754 664.241917928061 662.245246378582 659.856146240236 657.336236572267 654.816326904299 652.29641723633 649.776507568361 647.256597900392 644.736688232423 642.509559122723 641.160771687827 639.811984252931 638.463196818035 637.11440938314 635.765621948244 634.416834513348 633.068047078453 628.98513590495 623.990850151913 618.996564398875 614.002278645836 609.007992892798 604.01370713976 599.019421386722 593.681113094758 587.310737186012 580.940361277266 574.569985368521 568.199609459775 561.829233551029
680.402644348145 681.739926656088 683.07720896403 682.376054382325 680.995420837403 679.614787292482 678.234153747559 676.853520202638 675.472886657716 674.092253112794 672.513298543295 670.339380900066 668.165463256837 665.991545613608 663.817627970379 661.64371032715 659.46979268392 657.295875040692 654.78040161133 652.151076253257 649.521750895184 646.892425537111 644.263100179038 641.633774820965 639.004449462892 636.612869262697 634.934524536134 633.256179809572 631.577835083009 629.899490356447 628.221145629884 626.542800903322 624.86445617676 620.341369628909 614.870035807294 609.39870198568 603.927368164065 598.456034342451 592.984700520837 587.513366699222 581.800834401452 575.364706675216 568.928578948978 562.492451222741 556.056323496505 -9999
676.5791305542 678.002226935493 679.425323316786 678.742231750489 677.357077534994 675.9719233195 674.586769104005 673.20161488851 671.816460673015 670.43130645752 668.804649861655 666.453486124676 664.102322387696 661.751158650717 659.399994913738 657.048831176759 654.69766743978 652.346503702801 649.704656982423 646.965915934246 644.227174886069 641.488433837892 638.749692789715 636.010951741538 633.272210693361 630.71617940267 628.708277384442 626.700375366212 624.692473347983 622.684571329754 620.676669311525 618.668767293296 616.660865275067 611.697603352867 605.749221462676 599.800839572486 593.852457682294 587.904075792104 581.955693901913 576.007312011721 569.920555708147 563.418676164419 556.91679662069 550.414917076962 543.913037533234 -9999
672.755616760254 674.264527214898 675.773437669542 675.108409118653 673.718734232586 672.329059346518 670.93938446045 669.549709574383 668.160034688315 666.770359802247 665.096001180014 662.567591349285 660.039181518556 657.510771687827 654.982361857098 652.453952026369 649.92554219564 647.397132364911 644.628912353517 641.780755615236 638.932598876955 636.084442138673 633.236285400392 630.388128662111 627.53997192383 624.819489542645 622.482030232749 620.144570922853 617.807111612958 615.469652303062 613.132192993166 610.79473368327 608.457274373375 603.053837076826 596.628407118059 590.202977159292 583.777547200524 577.352117241757 570.92668728299 564.501257324222 558.040277014842 551.472645653623 544.905014292403 -9999 -9999 -9999
668.932102966309 670.526827494304 672.121552022298 671.474586486817 670.080390930177 668.686195373536 667.291999816895 665.897804260255 664.503608703614 663.109413146974 661.387352498374 658.681696573895 655.976040649415 653.270384724936 650.564728800457 647.859072875978 645.153416951499 642.44776102702 639.553167724611 636.595595296226 633.63802286784 630.680450439454 627.722878011069 624.765305582684 621.807733154298 618.922799682619 616.255783081057 613.588766479494 610.921749877931 608.254733276369 605.587716674806 602.920700073244 600.253683471682 594.410070800784 587.507592773441 580.605114746097 573.702636718753 566.80015869141 559.897680664066 552.995202636722 546.159998321537 539.526615142826 -9999 -9999 -9999 -9999
665.108589172364 666.789127773709 668.469666375054 667.840763854981 666.442047627768 665.043331400554 663.644615173341 662.245898946127 660.847182718914 659.4484664917 657.678703816733 654.795801798504 651.912899780274 649.029997762046 646.147095743817 643.264193725587 640.381291707358 637.498389689129 634.477423095704 631.410434977215 628.343446858726 625.276458740236 622.209470621746 619.142482503257 616.075494384767 613.026109822593 610.029535929364 607.032962036134 604.036388142905 601.039814249676 598.043240356447 595.046666463218 592.050092569989 585.766304524742 578.386778428822 571.007252332903 563.627726236982 556.248200141062 -9999 -9999 -9999 -9999 -9999 -9999 -9999 -9999
661.47538248698 663.16148546007 664.84758843316 664.199406433106 662.773129442004 661.346852450902 659.920575459799 658.494298468697 657.068021477595 655.641744486492 653.813268873428 650.778197394479 647.743125915529 644.708054436579 641.67298295763 638.63791147868 635.60283999973 632.567768520781 629.478353881837 626.37082485623 623.263295830622 620.155766805015 617.048237779407 613.9407087538 610.833179728192 607.659730699329 604.288521660701 600.917312622072 597.546103583444 594.174894544816 590.803685506187 587.432476467559 584.06126742893 577.390948740644 569.620926835805 561.850904930966 554.080883026126 546.310861121287 -9999 -9999 -9999 -9999 -9999 -9999 -9999 -9999
658.032482910156 659.643900553386 661.255318196615 660.550514221192 659.073636372885 657.596758524578 656.11988067627 654.643002827963 653.166124979656 651.689247131349 649.791047668459 646.628883361818 643.466719055177 640.304554748537 637.142390441896 633.980226135255 630.818061828615 627.655897521974 624.555960083009 621.47676493327 618.39756978353 615.31837463379 612.239179484051 609.159984334312 606.080789184572 602.823662312827 599.032740275067 595.241818237306 591.450896199546 587.659974161786 583.869052124025 580.078130086265 576.287208048505 569.284003448489 561.210037994388 553.136072540287 545.062107086185 -9999 -9999 -9999 -9999 -9999 -9999 -9999 -9999 -9999
654.589583333334 656.126315646702 657.663047960069 656.901622009278 655.374143303766 653.846664598254 652.319185892742 650.79170718723 649.264228481718 647.736749776205 645.768826463489 642.479569329157 639.190312194825 635.901055060494 632.611797926163 629.322540791831 626.033283657499 622.744026523168 619.633566284181 616.58270501031 613.531843736438 610.480982462566 607.430121188695 604.379259914824 601.328398640952 597.987593926325 593.776958889433 589.566323852541 585.355688815649 581.145053778757 576.934418741864 572.723783704972 568.51314866808 561.177058156334 552.799149152971 544.421240149608 -9999 -9999 -9999 -9999 -9999 -9999 -9999 -9999 -9999 -9999
651.146683756511 652.608730740018 654.070777723525 653.252729797364 651.674650234647 650.09657067193 648.518491109213 646.940411546496 645.362331983779 643.784252421062 641.746605258519 638.330255296497 634.913905334474 631.497555372452 628.08120541043 624.664855448406 621.248505486384 617.832155524362 614.711172485353 611.68864508735 608.666117689346 605.643590291343 602.621062893339 599.598535495336 596.576008097332 593.151525539824 588.5211775038 583.890829467775 579.260481431751 574.630133395728 569.999785359703 565.369437323679 560.739089287655 553.07011286418 544.388260311554 -9999 -9999 -9999 -9999 -9999 -9999 -9999 -9999 -9999 -9999 -9999
647.703784179688 649.091145833334 650.478507486979 649.60383758545 647.975157165528 646.346476745607 644.717796325685 643.089115905763 641.460435485841 639.831755065919 637.72438405355 634.180941263836 630.637498474122 627.094055684409 623.550612894696 620.007170104982 616.463727315269 612.920284525555 609.788778686525 606.79458516439 603.800391642254 600.806198120119 597.812004597983 594.817811075848 591.823617553712 588.315457153322 583.265396118166 578.21533508301 573.165274047854 568.115213012698 563.065151977541 558.015090942385 552.965029907229 544.963167572024 535.977371470137 -9999 518.00577926636 -9999 -9999 -9999 -9999 -9999 -9999 -9999 -9999 -9999
644.260884602865 645.57356092665 646.886237250434 645.954945373536 644.275664096409 642.596382819283 640.917101542156 639.237820265029 637.558538987902 635.879257710776 633.70216284858 630.031627231176 626.361091613771 622.690555996366 619.020020378962 615.349484761557 611.678949144153 608.008413526749 604.866384887696 601.900525241429 598.934665595162 595.968805948894 593.002946302627 590.03708665636 587.071227010092 583.479388766821 578.009614732533 572.539840698244 567.070066663956 561.600292629668 556.13051859538 550.660744561092 545.190970526804 536.856222279869 527.56648262872 -9999 -9999 -9999 -9999 -9999 -9999 -9999 -9999 -9999 -9999 -9999
639.508048502605 640.847459581164 642.186870659723 641.336508687339 639.756222364639 638.175936041939 636.595649719239 635.01536339654 633.43507707384 631.85479075114 629.728971862795 625.966555277508 622.204138692221 618.441722106935 614.679305521649 610.916888936362 607.154472351076 603.39205576579 600.29153289795 597.411641269261 594.531749640572 591.651858011883 588.771966383194 585.892074754505 583.012183125815 579.353397793242 573.357931349015 567.362464904787 561.36699846056 555.371532016333 549.376065572105 543.380599127878 537.385132683651 528.909690093997 519.607588789202 510.305487484406 -9999 -9999 -9999 -9999 -9999 -9999 -9999 -9999 -9999 -9999
633.445275878907 634.912841796876 636.380407714844 635.748527526857 634.416831970216 633.085136413575 631.753440856935 630.421745300294 629.090049743653 627.758354187013 625.804811096193 621.985725402834 618.166639709474 614.347554016115 610.528468322756 606.709382629396 602.890296936037 599.071211242678 596.064222717286 593.327933247885 590.591643778484 587.855354309083 585.119064839682 582.382775370281 579.64648590088 575.937484232587 569.310345967613 562.683207702639 556.056069437665 549.428931172692 542.801792907717 536.174654642744 529.54751637777 521.123571014407 512.100689951582 -9999 -9999 -9999 -9999 -9999 -9999 -9999 -9999 -9999 -9999 -9999
