data/working_set_collections/6091692-Cassins_Sparrow-MC/2015/bio4.asc
NCOLS 265 
NROWS 230 
XLLCORNER -115.5625 
YLLCORNER 24.8333333333333 
CELLSIZE 0.0833333333333333 
NODATA_value -9999 
[rows 40 to 59 of 230, columns 0 to 45 of 265]
943.462832132976 945.286650085449 947.110468037923 948.934285990397 950.758103942871 952.581921895345 954.405739847819 955.869993591309 957.214392598471 958.558791605632 959.903190612793 961.247589619955 962.591988627116 963.936387634278 965.284577941895 966.64414215088 968.003706359864 969.363270568848 970.722834777833 972.082398986817 973.441963195801 974.801527404786 976.195788574219 977.601615397136 979.007442220053 980.413269042969 981.819095865886 983.224922688803 984.630749511719 985.974534606934 987.132194519044 988.289854431153 989.447514343262 990.605174255372 991.762834167481 992.92049407959 994.0781539917 993.500108337403 992.343494160971 991.186879984538 990.030265808106 988.873651631674 987.717037455241 986.560423278809 984.200426228842 978.230280558269
940.610020107693 942.399545796712 944.189071485731 945.97859717475 947.76812286377 949.557648552789 951.347174241808 952.656041971843 953.804690382216 954.953338792589 956.101987202963 957.250635613336 958.399284023709 959.547932434082 960.777165900337 962.248154534234 963.719143168132 965.190131802029 966.661120435927 968.132109069825 969.603097703722 971.07408633762 972.417716471354 973.718893771702 975.020071072049 976.321248372396 977.622425672743 978.923602973091 980.224780273438 981.453738911947 982.466041564942 983.478344217937 984.490646870931 985.502949523926 986.515252176921 987.527554829916 988.539857482911 988.696671040854 988.568321567112 988.439972093371 988.311622619629 988.183273145888 988.054923672146 987.926574198405 986.202152167427 979.689512464736
938.232460021973 939.90299021403 941.573520406087 943.244050598145 944.914580790202 946.585110982259 948.255641174317 949.353641764323 950.260799153646 951.167956542969 952.075113932292 952.982271321615 953.889428710938 954.796586100261 955.862538655599 957.404876708985 958.94721476237 960.489552815755 962.031890869141 963.574228922526 965.116566975912 966.658905029297 968.105947875977 969.521225653755 970.936503431532 972.35178120931 973.767058987088 975.182336764866 976.597614542643 977.886758422852 978.797500610352 979.708242797852 980.618984985352 981.529727172852 982.440469360352 983.351211547852 984.261953735352 984.754867045085 985.108504062229 985.462141079373 985.815778096517 986.169415113661 986.523052130806 986.87668914795 985.513201565215 978.998340182835
936.330151875814 937.796983337402 939.263814798991 940.73064626058 942.197477722168 943.664309183757 945.131140645345 945.96279296875 946.582718912761 947.202644856771 947.822570800782 948.442496744792 949.062422688803 949.682348632813 950.540696207683 952.114308675131 953.687921142579 955.261533610027 956.835146077475 958.408758544923 959.98237101237 961.555983479818 963.260482788087 965.008611043295 966.756739298503 968.504867553711 970.25299580892 972.001124064128 973.749252319336 975.273593139649 976.126571655274 976.979550170899 977.832528686524 978.685507202149 979.538485717774 980.391464233399 981.244442749024 981.674696350098 981.964041646322 982.253386942546 982.54273223877 982.832077534994 983.121422831218 983.410768127442 982.133574422202 976.156763712566
934.427843729655 935.690976460775 936.954109191895 938.217241923015 939.480374654134 940.743507385254 942.006640116374 942.571944173178 942.904638671876 943.237333170573 943.570027669271 943.902722167969 944.235416666667 944.568111165365 945.218853759766 946.823740641277 948.428627522787 950.033514404297 951.638401285808 953.243288167318 954.848175048828 956.453061930339 958.415017700196 960.495996432834 962.576975165473 964.657953898112 966.738932630751 968.81991136339 970.900890096029 972.660427856445 973.455642700196 974.250857543946 975.046072387695 975.841287231446 976.636502075196 977.431716918946 978.226931762696 978.594525655111 978.819579230415 979.044632805719 979.269686381023 979.494739956326 979.71979353163 979.944847106934 978.75394727919 973.315187242297
932.525535583496 933.584969584147 934.644403584798 935.703837585449 936.7632715861 937.822705586751 938.882139587402 939.181095377605 939.22655843099 939.272021484376 939.317484537761 939.362947591146 939.408410644532 939.453873697917 939.897011311849 941.533172607422 943.169333902995 944.805495198568 946.441656494141 948.077817789714 949.713979085287 951.35014038086 953.569552612305 955.983381822374 958.397211032444 960.811040242513 963.224869452582 965.638698662652 968.052527872721 970.047262573242 970.784713745117 971.522164916992 972.259616088867 972.997067260742 973.734518432618 974.471969604492 975.209420776367 975.514354960124 975.675116814508 975.835878668891 975.996640523275 976.157402377659 976.318164232043 976.478926086426 975.374320136178 970.473610772028
930.623227437337 931.47896270752 932.334697977702 933.190433247884 934.046168518067 934.901903788249 935.757639058431 935.790246582032 935.548478190105 935.306709798178 935.064941406251 934.823173014324 934.581404622397 934.33963623047 934.575168863933 936.242604573568 937.910040283204 939.577475992839 941.244911702475 942.91234741211 944.579783121745 946.247218831381 948.724087524414 951.470767211914 954.217446899414 956.964126586914 959.710806274414 962.457485961914 965.204165649414 967.434097290039 968.11378479004 968.793472290039 969.473159790039 970.15284729004 970.832534790039 971.51222229004 972.191909790039 972.434184265137 972.530654398601 972.627124532064 972.723594665528 972.820064798991 972.916534932455 973.013005065918 971.994692993166 967.632034301759
928.720919291178 929.372955830892 930.024992370606 930.677028910319 931.329065450033 931.981101989746 932.63313852946 932.399397786459 931.870397949219 931.34139811198 930.81239827474 930.283398437501 929.754398600261 929.225398763022 929.253326416016 930.952036539714 932.650746663412 934.34945678711 936.048166910808 937.746877034506 939.445587158203 941.144297281901 943.878622436524 946.958152601454 950.037682766385 953.117212931315 956.196743096246 959.276273261176 962.355803426107 964.820932006836 965.442855834961 966.064779663086 966.686703491211 967.308627319336 967.930551147461 968.552474975586 969.174398803711 969.35401357015 969.386191982694 969.418370395237 969.45054880778 969.482727220324 969.514905632867 969.547084045411 968.615065850153 964.79045783149
926.190392388238 926.74379272461 927.297193060981 927.850593397353 928.403993733724 928.957394070096 929.510794406467 929.183463541667 928.562555609809 927.941647677952 927.320739746094 926.699831814237 926.078923882379 925.458015950521 925.4244172838 927.152746412489 928.881075541178 930.609404669868 932.337733798557 934.066062927246 935.794392055935 937.522721184625 940.444822692871 943.764848327636 947.084873962402 950.404899597168 953.724925231933 957.044950866699 960.364976501464 962.998577711317 963.57290564643 964.147233581543 964.721561516656 965.295889451769 965.870217386882 966.444545321994 967.018873257107 966.991343688965 966.763194953071 966.535046217177 966.306897481283 966.078748745389 965.850600009495 965.622451273601 964.592798868816 961.158635457358
923.031646728516 923.591473388672 924.151300048828 924.711126708985 925.270953369141 925.830780029297 926.390606689454 926.142443847657 925.624951171876 925.107458496094 924.589965820313 924.072473144532 923.554980468751 923.037487792969 923.088441467285 924.844734191895 926.601026916504 928.357319641113 930.113612365723 931.869905090332 933.626197814941 935.382490539551 938.422688293457 941.890854390462 945.359020487467 948.827186584472 952.295352681477 955.763518778483 959.231684875488 961.967034403483 962.503934224447 963.04083404541 963.577733866374 964.114633687337 964.651533508301 965.188433329264 965.725333150228 965.346174621582 964.661663309734 963.977151997885 963.292640686036 962.608129374187 961.923618062338 961.239106750489 959.927892049155 956.736567179363
919.872901068794 920.439154052735 921.005407036676 921.571660020617 922.137913004558 922.704165988499 923.27041897244 923.101424153646 922.687346733941 922.273269314237 921.859191894532 921.445114474827 921.031037055122 920.616959635417 920.75246565077 922.5367219713 924.32097829183 926.105234612359 927.889490932889 929.673747253418 931.458003573947 933.242259894477 936.400553894043 940.016860453287 943.633167012532 947.249473571777 950.865780131021 954.482086690267 958.098393249511 960.935491095649 961.434962802463 961.934434509277 962.433906216092 962.933377922906 963.43284962972 963.932321336534 964.431793043349 963.7010055542 962.560131666396 961.419257778592 960.278383890788 959.137510002985 957.996636115181 956.855762227377 955.262985229494 952.314498901368
916.714155409072 917.286834716797 917.859514024523 918.432193332249 919.004872639974 919.5775519477 920.150231255426 920.060404459636 919.749742296007 919.439080132379 919.12841796875 918.817755805122 918.507093641493 918.196431477865 918.416489834256 920.228709750705 922.040929667155 923.853149583604 925.665369500054 927.477589416504 929.289809332953 931.102029249403 934.378419494628 938.142866516113 941.907313537597 945.671760559082 949.436207580566 953.20065460205 956.965101623535 959.903947787815 960.36599138048 960.828034973145 961.29007856581 961.752122158475 962.214165751139 962.676209343804 963.138252936469 962.055836486817 960.458600023058 958.8613635593 957.264127095541 955.666890631783 954.069654168024 952.472417704265 950.598078409832 947.892430623373
913.55540974935 914.13451538086 914.71362101237 915.292726643881 915.871832275391 916.450937906901 917.030043538412 917.019384765625 916.812137858073 916.604890950521 916.397644042969 916.190397135417 915.983150227865 915.775903320313 916.080514017741 917.920697530111 919.76088104248 921.60106455485 923.44124806722 925.28143157959 927.12161509196 928.96179860433 932.356285095214 936.268872578938 940.181460062663 944.094047546386 948.00663503011 951.919222513834 955.831809997558 958.87240447998 959.297019958496 959.721635437012 960.146250915527 960.570866394043 960.995481872559 961.420097351074 961.84471282959 960.410667419434 958.357068379721 956.303469340007 954.249870300294 952.19627126058 950.142672220867 948.089073181153 945.933171590171 943.470362345379
910.396664089627 910.982196044922 911.567728000217 912.153259955512 912.738791910808 913.324323866103 913.909855821398 913.978365071615 913.874533420139 913.770701768663 913.666870117188 913.563038465712 913.459206814236 913.355375162761 913.744538201226 915.612685309516 917.480832417806 919.348979526096 921.217126634386 923.085273742676 924.953420850966 926.821567959256 930.3341506958 934.394878641764 938.455606587728 942.516334533691 946.577062479654 950.637790425618 954.698518371581 957.840861172146 958.228048536513 958.615235900879 959.002423265245 959.389610629612 959.776797993978 960.163985358344 960.551172722711 958.765498352052 956.255536736383 953.745575120715 951.235613505046 948.725651889378 946.21569027371 943.705728658041 941.268264770509 939.048294067384
907.710809495714 908.265642801921 908.820476108127 909.375309414334 909.930142720541 910.484976026747 911.039809332954 911.136860148112 911.081316799588 911.025773451064 910.970230102539 910.914686754015 910.859143405491 910.803600056967 911.242152743869 913.162993537055 915.083834330241 917.004675123427 918.925515916613 920.846356709798 922.767197502984 924.68803829617 928.229409790039 932.310958184136 936.392506578233 940.47405497233 944.555603366427 948.637151760525 952.718700154622 955.807404412164 955.917576260037 956.027748107911 956.137919955784 956.248091803657 956.35826365153 956.468435499404 956.578607347277 954.633324178061 952.002889336481 949.372454494901 946.742019653321 944.111584811742 941.481149970161 938.850715128582 936.41722208659 934.57455444336
905.497845967611 905.984855651856 906.471865336101 906.958875020345 907.44588470459 907.932894388835 908.41990407308 908.494869995118 908.43248799642 908.370105997722 908.307723999024 908.245342000326 908.182960001628 908.12057800293 908.573357645671 910.571622212728 912.569886779785 914.568151346842 916.5664159139 918.564680480957 920.562945048014 922.561209615072 926.042062377929 930.017111206054 933.99216003418 937.967208862304 941.942257690429 945.917306518555 949.89235534668 952.772034200033 952.36560312907 951.959172058106 951.552740987143 951.146309916179 950.739878845216 950.333447774252 949.927016703289 948.014144897463 945.599126180015 943.184107462566 940.769088745119 938.354070027671 935.939051310223 933.524032592775 931.380043538413 930.049143473308
903.284882439508 903.704068501791 904.123254564074 904.542440626357 904.96162668864 905.380812750923 905.799998813206 905.852879842123 905.783659193251 905.71443854438 905.645217895508 905.575997246637 905.506776597765 905.437555948894 905.904562547472 907.980250888401 910.055939229329 912.131627570258 914.207315911187 916.283004252116 918.358692593045 920.434380933974 923.85471496582 927.723264227973 931.591813490126 935.460362752278 939.328912014431 943.197461276584 947.066010538737 949.736663987902 948.813629998102 947.890596008301 946.967562018501 946.044528028701 945.1214940389 944.1984600491 943.2754260593 941.394965616863 939.195363023547 936.995760430231 934.796157836915 932.596555243599 930.396952650283 928.197350056967 926.342864990235 925.523732503256
901.071918911404 901.423281351726 901.774643792047 902.126006232368 902.477368672689 902.82873111301 903.180093553331 903.210889689128 903.134830390083 903.058771091038 902.982711791993 902.906652492947 902.830593193902 902.754533894857 903.235767449273 905.388879564073 907.541991678874 909.695103793674 911.848215908474 914.001328023275 916.154440138075 918.307552252875 921.667367553711 925.429417249891 929.191466946072 932.953516642252 936.715566338432 940.477616034614 944.239665730794 946.701293775771 945.261656867134 943.822019958497 942.38238304986 940.942746141223 939.503109232586 938.063472323949 936.623835415311 934.775786336264 932.79159986708 930.807413397896 928.823226928712 926.839040459528 924.854853990344 922.87066752116 921.305686442058 920.998321533204
898.858955383301 899.14249420166 899.42603302002 899.709571838379 899.993110656739 900.276649475098 900.560188293457 900.568899536133 900.486001586915 900.403103637696 900.320205688477 900.237307739258 900.15440979004 900.071511840821 900.566972351074 902.797508239746 905.028044128418 907.25858001709 909.489115905762 911.719651794434 913.950187683105 916.180723571777 919.480020141601 923.13557027181 926.791120402018 930.446670532226 934.102220662434 937.757770792643 941.413320922851 943.66592356364 941.709683736166 939.753443908692 937.797204081219 935.840964253745 933.884724426271 931.928484598797 929.972244771323 928.156607055666 926.387836710614 924.619066365561 922.850296020509 921.081525675457 919.312755330405 917.543984985353 916.268507893881 916.472910563152
896.645991855198 896.861707051595 897.077422247993 897.29313744439 897.508852640788 897.724567837186 897.940283033583 897.926909383138 897.837172783746 897.747436184354 897.657699584961 897.567962985569 897.478226386177 897.388489786784 897.898177252875 900.206136915419 902.514096577962 904.822056240506 907.130015903049 909.437975565592 911.745935228136 914.053894890679 917.292672729492 920.841723293728 924.390773857964 927.9398244222 931.488874986436 935.037925550673 938.586976114909 940.630553351509 938.157710605198 935.684867858888 933.212025112577 930.739182366266 928.266339619956 925.793496873645 923.320654127334 921.537427775066 919.984073554146 918.430719333226 916.877365112306 915.324010891386 913.770656670465 912.217302449545 911.231329345704 911.9474995931
