data/working_set_collections/6091692-Cassins_Sparrow-MC/2015/bio5.asc
NCOLS 265 
NROWS 230 
XLLCORNER -115.5625 
YLLCORNER 24.8333333333333 
CELLSIZE 0.0833333333333333 
NODATA_value -9999 
[rows 60 to 79 of 230, columns 92 to 137 of 265]
28.9358229319255 28.5706048329672 28.2053867340089 27.8401686350505 27.4749505360922 26.78112932841 25.9777737511531 25.174418173896 24.3710625966391 23.5677070193822 22.7643514421251 21.9609958648682 21.3760311126708 21.4462388356526 21.5164465586344 21.5866542816161 21.6568620045979 21.7270697275797 21.7972774505615 21.8674851735432 22.2572109222411 22.753442679511 23.249674436781 23.745906194051 24.2421379513209 24.738369708591 25.2346014658609 25.6928269704182 26.0370337168374 26.3812404632568 26.725447209676 27.0696539560952 27.4138607025146 27.7580674489338 28.1022741953531 28.4658102512359 28.8357894102731 29.2057685693104 29.5757477283477 29.9457268873849 30.3157060464222 30.6856852054595 31.0144227716657 31.2194355593786 31.4244483470916 31.6294611348045
28.975583267212 28.572897720337 28.170212173462 27.767526626587 27.364841079712 26.7491489410402 26.0624546051027 25.3757602691651 24.6890659332276 24.0023715972901 23.3156772613525 22.628982925415 22.1203044891356 22.1456737518309 22.1710430145263 22.1964122772216 22.2217815399169 22.2471508026122 22.2725200653075 22.2978893280029 22.6544994354247 23.1215231577554 23.5885468800862 24.0555706024169 24.5225943247476 24.9896180470784 25.4566417694091 25.8979971567789 26.2623475392658 26.6266979217528 26.9910483042398 27.3553986867267 27.7197490692138 28.0840994517007 28.4484498341877 28.8246211528777 29.2047327836353 29.5848444143929 29.9649560451506 30.3450676759083 30.7251793066659 31.1052909374236 31.4381549676258 31.6292761961618 31.8203974246978 32.0115186532337
29.0153436024985 28.5751906077068 28.1350376129151 27.6948846181235 27.2547316233318 26.7171685536703 26.1471354590523 25.5771023644342 25.0070692698161 24.4370361751981 23.86700308058 23.2969699859619 22.8645778656005 22.8451086680093 22.8256394704182 22.8061702728271 22.7867010752359 22.7672318776448 22.7477626800537 22.7282934824625 23.0517879486083 23.4896036359997 23.9274193233913 24.3652350107828 24.8030506981742 25.2408663855658 25.6786820729573 26.1031673431395 26.4876613616942 26.8721553802489 27.2566493988036 27.6411434173583 28.025637435913 28.4101314544676 28.7946254730223 29.1834320545195 29.5736761569975 29.9639202594755 30.3541643619536 30.7444084644316 31.1346525669096 31.5248966693877 31.861887163586 32.039116832945 32.216346502304 32.393576171663
29.0551039377849 28.5774834950765 28.0998630523682 27.62224260966 27.1446221669516 26.6851881663005 26.2318163130019 25.7784444597033 25.3250726064047 24.8717007531061 24.4183288998074 23.9649570465088 23.6088512420654 23.5445435841878 23.4802359263102 23.4159282684326 23.351620610555 23.2873129526774 23.2230052947998 23.1586976369222 23.4490764617919 23.8576841142441 24.2662917666964 24.6748994191487 25.0835070716009 25.4921147240532 25.9007223765054 26.3083375295002 26.7129751841226 27.117612838745 27.5222504933674 27.9268881479898 28.3315258026122 28.7361634572346 29.1408011118569 29.5422429561614 29.9426195303598 30.3429961045582 30.7433726787566 31.143749252955 31.5441258271534 31.9445024013518 32.2856193595462 32.4489574697282 32.6122955799102 32.7756336900922
29.0948642730714 28.5797763824463 28.0646884918214 27.5496006011964 27.0345127105714 26.6532077789307 26.3164971669516 25.9797865549723 25.6430759429932 25.306365331014 24.9696547190348 24.6329441070556 24.3531246185302 24.2439785003661 24.1348323822021 24.025686264038 23.9165401458739 23.8073940277099 23.6982479095458 23.5891017913818 23.8463649749755 24.2257645924885 24.6051642100015 24.9845638275145 25.3639634450275 25.7433630625406 26.1227626800536 26.5135077158609 26.9382890065509 27.3630702972411 27.7878515879312 28.2126328786212 28.6374141693114 29.0621954600015 29.4869767506916 29.9010538578032 30.311562903722 30.7220719496407 31.1325809955596 31.5430900414783 31.9535990873971 32.3641081333159 32.7093515555063 32.8587981065113 33.0082446575164 33.1576912085214
29.1346246083579 28.5820692698161 28.0295139312745 27.4769585927329 26.9244032541912 26.6212273915609 26.4011780209012 26.1811286502414 25.9610792795817 25.741029908922 25.5209805382622 25.3009311676025 25.097397994995 24.9434134165445 24.789428838094 24.6354442596435 24.481459681193 24.3274751027425 24.173490524292 24.0195059458414 24.2436534881591 24.5938450707328 24.9440366533067 25.2942282358804 25.6444198184542 25.994611401028 26.3448029836018 26.7186779022216 27.1636028289793 27.6085277557372 28.053452682495 28.4983776092528 28.9433025360106 29.3882274627684 29.8331523895262 30.2598647594451 30.6805062770842 31.1011477947233 31.5217893123625 31.9424308300017 32.3630723476408 32.78371386528 33.1330837514665 33.2686387432945 33.4041937351226 33.5397487269507
28.6708073510066 28.1060799068877 27.5413524627688 26.9766250186499 26.4118975745309 26.1675853729249 26.0300782521567 25.8925711313885 25.7550640106202 25.617556889852 25.4800497690837 25.3425426483155 25.2096566518149 25.0906340281169 24.971611404419 24.8525887807211 24.7335661570231 24.6145435333252 24.4955209096273 24.3764982859293 24.5904440561929 24.9153792911105 25.240314526028 25.5652497609456 25.8901849958631 26.2151202307806 26.5400554656982 26.8953637440998 27.341791152954 27.7882185618082 28.2346459706623 28.6810733795165 29.1275007883707 29.5739281972248 30.020355606079 30.4597833633422 30.8968779034084 31.3339724434745 31.7710669835408 32.2081615236069 32.6452560636731 33.0823506037393 33.4429012722439 33.5738203260633 33.7047393798828 33.8356584337022
27.7034125010175 27.1518082936607 26.600204086304 26.0485998789472 25.4969956715904 25.2922817230226 25.2031978607179 25.1141139984132 25.0250301361085 24.9359462738039 24.8468624114991 24.7577785491944 24.6899005889894 24.6856403350831 24.6813800811768 24.6771198272705 24.6728595733643 24.668599319458 24.6643390655517 24.6600788116455 24.886736679077 25.1903672536213 25.4939978281656 25.7976284027099 26.1012589772541 26.4048895517984 26.7085201263427 27.0435652414956 27.4728539784748 27.902142715454 28.3314314524332 28.7607201894123 29.1900089263915 29.6192976633707 30.0485864003498 30.5008096694945 30.9606777826944 31.4205458958942 31.8804140090941 32.340282122294 32.8001502354938 33.2600183486937 33.6388041178385 33.7743428548176 33.9098815917968 34.045420328776
26.7360176510284 26.1975366804337 25.6590557098391 25.1205747392445 24.5820937686498 24.4169780731202 24.3763174692791 24.3356568654379 24.2949962615968 24.2543356577556 24.2136750539145 24.1730144500733 24.1701445261638 24.2806466420492 24.3911487579346 24.50165087382 24.6121529897054 24.7226551055908 24.8331572214762 24.9436593373616 25.1830293019612 25.4653552161322 25.7476811303032 26.0300070444742 26.3123329586452 26.5946588728162 26.8769847869872 27.1917667388915 27.6039168039956 28.0160668690998 28.428216934204 28.8403669993081 29.2525170644124 29.6646671295165 30.0768171946206 30.5418359756469 31.0244776619804 31.5071193483139 31.9897610346475 32.472402720981 32.9550444073146 33.4376860936482 33.8347069634331 33.974865383572 34.1150238037109 34.2551822238498
25.7686228010392 25.2432650672067 24.7179073333742 24.1925495995418 23.6671918657093 23.5416744232179 23.5494370778403 23.5571997324627 23.564962387085 23.5727250417074 23.5804876963298 23.5882503509522 23.6503884633382 23.8756529490153 24.1009174346924 24.3261819203694 24.5514464060465 24.7767108917236 25.0019753774006 25.2272398630777 25.4793219248453 25.740343178643 26.0013644324408 26.2623856862385 26.5234069400363 26.784428193834 27.0454494476318 27.3399682362873 27.7349796295165 28.1299910227457 28.5250024159748 28.920013809204 29.3150252024332 29.7100365956623 30.1050479888915 30.5828622817992 31.0882775412664 31.5936928007336 32.0991080602009 32.6045233196681 33.1099385791353 33.6153538386026 34.0306098090277 34.1753879123263 34.320166015625 34.4649441189236
24.8012279510501 24.2889934539797 23.7767589569094 23.2645244598391 22.7522899627688 22.6663707733156 22.7225566864015 22.7787425994874 22.8349285125734 22.8911144256593 22.9473003387452 23.0034862518311 23.1306324005127 23.4706592559815 23.8106861114502 24.1507129669189 24.4907398223877 24.8307666778564 25.1707935333251 25.5108203887939 25.7756145477294 26.0153311411539 26.2550477345784 26.4947643280029 26.7344809214273 26.9741975148518 27.2139141082763 27.4881697336832 27.8660424550373 28.2439151763915 28.6217878977457 28.9996606190998 29.377533340454 29.7554060618082 30.1332787831623 30.6238885879516 31.1520774205524 31.6802662531533 32.2084550857543 32.7366439183552 33.264832750956 33.793021583557 34.2265126546223 34.3759104410806 34.525308227539 34.6747060139973
23.8338331010609 23.3347218407527 22.8356105804446 22.3364993201364 21.8373880598282 21.7910671234132 21.8956762949627 22.0002854665121 22.1048946380616 22.2095038096111 22.3141129811606 22.41872215271 22.6108763376871 23.0656655629476 23.520454788208 23.9752440134683 24.4300332387288 24.8848224639892 25.3396116892495 25.79440091451 26.0719071706135 26.2903191036647 26.508731036716 26.7271429697672 26.9455549028184 27.1639668358696 27.3823787689208 27.636371231079 27.9971052805581 28.3578393300374 28.7185733795165 29.0793074289957 29.4400414784749 29.800775527954 30.1615095774332 30.6649148941039 31.2158772998385 31.766839705573 32.3178021113077 32.8687645170422 33.4197269227768 33.9706893285114 34.422415500217 34.576432969835 34.7304504394531 34.8844679090711
23.40301967197 22.9394600338406 22.4759003957113 22.012340757582 21.5487811194526 21.5242598215738 21.646084637112 21.7679094526502 21.8897342681884 22.0115590837266 22.1333838992648 22.255208714803 22.4712418026393 22.9698997073703 23.4685576121011 23.967215516832 24.465873421563 24.9645313262938 25.4631892310247 25.9618471357557 26.2454532623291 26.4573754628499 26.6692976633707 26.8812198638916 27.0931420644124 27.3050642649332 27.5169864654541 27.7572272830538 28.0824239518906 28.4076206207275 28.7328172895643 29.0580139584011 29.3832106272379 29.7084072960747 30.0336039649115 30.5407963434855 31.1086539586384 31.6765115737914 32.2443691889444 32.8122268040974 33.3800844192504 33.9479420344034 34.4137473212348 34.5733956231011 34.7330439249674 34.8926922268338
23.5087876637777 23.1032080332438 22.69762840271 22.2920487721762 21.8864691416422 21.8659488677978 21.9737817128499 22.081614557902 22.189447402954 22.2972802480061 22.4051130930582 22.5129459381103 22.7117287953693 23.1833616892496 23.6549945831298 24.12662747701 24.5982603708902 25.0698932647704 25.5415261586506 26.0131590525309 26.2962528228759 26.5165002187093 26.7367476145426 26.9569950103759 27.1772424062092 27.3974898020426 27.6177371978759 27.8507378896077 28.1219984690347 28.3932590484619 28.6645196278889 28.935780207316 29.2070407867431 29.4783013661702 29.7495619455973 30.2515329360961 30.8304073969522 31.4092818578083 31.9881563186645 32.5670307795206 33.1459052403767 33.7247797012328 34.2005081176758 34.3667984008789 34.533088684082 34.6993789672852
23.6145556555855 23.266956032647 22.9193564097087 22.5717567867703 22.2241571638319 22.2076379140217 22.3014787885877 22.3953196631537 22.4891605377197 22.5830014122856 22.6768422868516 22.7706831614176 22.9522157880994 23.3968236711289 23.8414315541584 24.2860394371879 24.7306473202175 25.175255203247 25.6198630862765 26.064470969306 26.3470523834228 26.5756249745686 26.8041975657145 27.0327701568603 27.2613427480061 27.489915339152 27.7184879302978 27.9442484961615 28.1615729861789 28.3788974761963 28.5962219662136 28.813546456231 29.0308709462484 29.2481954362657 29.4655199262831 29.9622695287068 30.552160835266 31.1420521418252 31.7319434483845 32.3218347549438 32.911726061503 33.5016173680623 33.9872689141167 34.1602011786567 34.3331334431966 34.5060657077365
23.7203236473932 23.4307040320503 23.1410844167074 22.8514648013645 22.5618451860216 22.5493269602457 22.6291758643256 22.7090247684054 22.7888736724853 22.8687225765652 22.948571480645 23.0284203847249 23.1927027808294 23.6102856530083 24.0278685251871 24.4454513973659 24.8630342695448 25.2806171417235 25.6982000139023 26.1157828860812 26.3978519439697 26.634749730428 26.8716475168864 27.1085453033447 27.345443089803 27.5823408762614 27.8192386627197 28.0377591027153 28.201147503323 28.3645359039306 28.5279243045383 28.6913127051459 28.8547011057536 29.0180895063612 29.1814779069688 29.6730061213175 30.2739142735798 30.8748224258421 31.4757305781046 32.0766387303669 32.6775468826293 33.2784550348917 33.7740297105577 33.9536039564344 34.1331782023112 34.3127524481879
23.8260916392009 23.5944520314535 23.3628124237061 23.1311728159587 22.8995332082112 22.8910160064697 22.9568729400634 23.0227298736572 23.0885868072509 23.1544437408447 23.2203006744384 23.2861576080322 23.4331897735594 23.8237476348876 24.2143054962157 24.6048633575438 24.995421218872 25.3859790802001 25.7765369415282 26.1670948028564 26.4486515045166 26.6938744862874 26.9390974680582 27.184320449829 27.4295434315999 27.6747664133707 27.9199893951415 28.1312697092692 28.2407220204671 28.350174331665 28.4596266428629 28.5690789540609 28.6785312652588 28.7879835764567 28.8974358876546 29.3837427139282 29.9956677118936 30.6075927098591 31.2195177078246 31.8314427057901 32.4433677037556 33.0552927017211 33.5607905069987 33.7470067342122 33.9332229614258 34.1194391886393
23.9318596310086 23.7582000308567 23.5845404307047 23.4108808305528 23.2372212304009 23.2327050526936 23.2845700158013 23.3364349789089 23.3882999420165 23.4401649051242 23.4920298682318 23.5438948313395 23.6736767662895 24.037209616767 24.4007424672444 24.7642753177218 25.1278081681993 25.4913410186767 25.8548738691541 26.2184067196316 26.4994510650634 26.7529992421467 27.0065474192301 27.2600955963134 27.5136437733967 27.7671919504801 28.0207401275634 28.224780315823 28.2802965376112 28.3358127593994 28.3913289811876 28.4468452029758 28.502361424764 28.5578776465522 28.6133938683404 29.0944793065388 29.7174211502074 30.340362993876 30.9633048375447 31.5862466812133 32.2091885248819 32.8321303685505 33.3475513034397 33.54040951199 33.7332677205404 33.9261259290907
24.5432962629529 24.4014732784694 24.2596502939859 24.1178273095024 23.9760043250189 23.9476187388101 23.9570456186929 23.9664724985757 23.9758993784586 23.9853262583414 23.9947531382242 24.004180018107 24.0863441043429 24.386719809638 24.6870955149332 24.9874712202283 25.2878469255235 25.5882226308186 25.8885983361138 26.1889740414089 26.4582841237386 26.717238998413 26.9761938730875 27.235148747762 27.4941036224365 27.753058497111 28.0120133717855 28.2121340857612 28.2357523176405 28.2593705495199 28.2829887813992 28.3066070132786 28.3302252451579 28.3538434770372 28.3774617089166 28.8440444469451 29.4582820203568 30.0725195937685 30.6867571671803 31.300994740592 31.9152323140037 32.5294698874155 33.0398420386844 33.2386179235246 33.4373938083649 33.6361696932051
25.660401535034 25.5242717742918 25.3881420135496 25.2520122528075 25.1158824920652 25.0357570648192 24.9742997487384 24.9128424326577 24.851385116577 24.7899278004963 24.7284704844156 24.6670131683349 24.6711917877196 24.8722782135009 25.0733646392821 25.2744510650634 25.4755374908447 25.6766239166259 25.8777103424072 26.0787967681885 26.325150680542 26.5865937550862 26.8480368296305 27.1094799041748 27.370922978719 27.6323660532633 27.8938091278076 28.0933310190837 28.107089360555 28.1208477020264 28.1346060434977 28.1483643849691 28.1621227264405 28.1758810679118 28.1896394093832 28.632438135147 29.2182503223418 29.8040625095366 30.3898746967315 30.9756868839263 31.5614990711211 32.147311258316 32.637662712733 32.8416319688161 33.0456012248993 33.2495704809825
