data/working_set_collections/6091692-Cassins_Sparrow-MC/2015/bio5.asc
NCOLS 265 
NROWS 230 
XLLCORNER -115.5625 
YLLCORNER 24.8333333333333 
CELLSIZE 0.0833333333333333 
NODATA_value -9999 
[rows 100 to 119 of 230, columns 0 to 45 of 265]
37.2280693054199 37.457479095459 37.686888885498 37.9162986755371 38.1457084655762 38.3751182556153 38.6045280456544 38.711442565918 38.7775253295899 38.8436080932618 38.9096908569336 38.9757736206055 39.0418563842774 39.1079391479492 39.0294876098634 38.517433166504 38.0053787231446 37.4933242797853 36.9812698364259 36.4692153930665 35.9571609497072 35.4451065063477 35.0518066406251 34.6980916341147 34.3443766276042 33.9906616210938 33.6369466145834 33.283231608073 32.9295166015626 32.6292638778687 32.4893980026245 32.3495321273804 32.2096662521363 32.0698003768921 31.929934501648 31.7900686264038 31.6502027511597 31.4796298503876 31.2988212744396 31.1180126984915 30.9372041225434 30.7563955465953 30.5755869706473 30.3947783946992 30.3988139947255 30.9573821226756
37.1940566168891 37.3403968811035 37.4867371453179 37.6330774095324 37.7794176737468 37.9257579379612 38.0720982021756 38.1975306193034 38.3159937540691 38.4344568888347 38.5529200236003 38.6713831583659 38.7898462931315 38.9083094278972 38.8707134670683 38.3649402194554 37.8591669718426 37.3533937242297 36.8476204766168 36.341847229004 35.8360739813912 35.3303007337783 34.9423716227214 34.5937238905166 34.2450761583117 33.8964284261068 33.547780693902 33.1991329616971 32.8504852294923 32.5550335990058 32.4191702736749 32.283306948344 32.147443623013 32.011580297682 31.8757169723511 31.7398536470202 31.6039903216892 31.3957472324372 31.1633775552115 30.9310078779857 30.69863820076 30.4662685235342 30.2338988463085 30.0015291690827 29.9809471077388 30.5957278940413
37.2065332200792 37.3143969217936 37.422260623508 37.5301243252224 37.6379880269368 37.7458517286512 37.8537154303657 37.9915753682454 38.1394340515136 38.2872927347819 38.4351514180501 38.5830101013183 38.7308687845866 38.8787274678548 38.8632690429689 38.3578592936198 37.8524495442709 37.347039794922 36.841630045573 36.336220296224 35.8308105468751 35.3254007975261 34.9390513102214 34.5923885769315 34.2457258436415 33.8990631103516 33.5524003770617 33.2057376437717 32.8590749104818 32.5672983540429 32.4401803281572 32.3130623022715 32.1859442763859 32.0588262505001 31.9317082246145 31.8045901987288 31.6774721728431 31.4600171248118 31.2124497360654 30.9648823473189 30.7173149585724 30.4697475698259 30.2221801810794 29.974612792333 29.9341786543527 30.5151442686716
37.2654991149902 37.3794792175293 37.4934593200683 37.6074394226074 37.7214195251465 37.8353996276855 37.9493797302246 38.0935768127441 38.2478462219238 38.4021156311035 38.5563850402832 38.7106544494628 38.8649238586425 39.0191932678222 39.0071543375652 38.4961903889974 37.9852264404298 37.4742624918621 36.9632985432943 36.4523345947266 35.941370646159 35.4304066975912 35.041845703125 34.6940856933594 34.3463256835938 33.9985656738282 33.6508056640626 33.3030456542969 32.9552856445313 32.66605814298 32.5524281660716 32.4387981891632 32.3251682122548 32.2115382353465 32.0979082584381 31.9842782815297 31.8706483046214 31.6724395275116 31.4460378170014 31.2196361064911 30.9932343959808 30.7668326854706 30.5404309749603 30.3140292644501 30.2585086345671 30.7156312465667
37.3244650099012 37.4445615132649 37.5646580166287 37.6847545199924 37.8048510233561 37.9249475267198 38.0450440300835 38.1955782572428 38.3562583923339 38.5169385274251 38.6776186625162 38.8382987976074 38.9989789326985 39.1596590677897 39.1510396321616 38.634521484375 38.1180033365886 37.6014851888022 37.0849670410157 36.5684488932292 36.0519307454428 35.5354125976563 35.1446400960287 34.7957828097874 34.446925523546 34.0980682373047 33.7492109510634 33.4003536648221 33.0514963785808 32.764817931917 32.6646760039859 32.5645340760549 32.4643921481238 32.3642502201928 32.2641082922618 32.1639663643307 32.0638244363997 31.8848619302114 31.6796258979374 31.4743898656633 31.2691538333893 31.0639178011153 30.8586817688412 30.6534457365672 30.5828386147816 30.9161182244618
37.3834309048123 37.5096438090006 37.635856713189 37.7620696173774 37.8882825215657 38.0144954257541 38.1407083299425 38.2975797017415 38.4646705627441 38.6317614237467 38.7988522847493 38.9659431457519 39.1330340067545 39.3001248677571 39.2949249267579 38.7728525797527 38.2507802327475 37.7287078857423 37.206635538737 36.6845631917318 36.1624908447267 35.6404184977214 35.2474344889323 34.8974799262153 34.5475253634983 34.1975708007813 33.8476162380643 33.4976616753473 33.1477071126303 32.863577720854 32.7769238419003 32.6902699629466 32.6036160839929 32.5169622050391 32.4303083260854 32.3436544471317 32.257000568178 32.0972843329112 31.9132139788734 31.7291436248355 31.5450732707977 31.3610029167599 31.1769325627221 30.9928622086843 30.907168594996 31.1166052023569
37.4423967997233 37.5747261047363 37.7070554097493 37.8393847147623 37.9717140197754 38.1040433247884 38.2363726298014 38.3995811462402 38.5730827331542 38.7465843200683 38.9200859069824 39.0935874938964 39.2670890808105 39.4405906677246 39.4388102213543 38.9111836751302 38.3835571289063 37.8559305826824 37.3283040364584 36.8006774902344 36.2730509440105 35.7454243977865 35.350228881836 34.9991770426433 34.6481252034505 34.2970733642579 33.9460215250652 33.5949696858724 33.2439178466797 32.9623375097911 32.8891716798146 32.8160058498382 32.7428400198619 32.6696741898854 32.596508359909 32.5233425299326 32.4501766999562 32.309706735611 32.1468020598094 31.9838973840078 31.8209927082062 31.6580880324046 31.495183356603 31.3322786808014 31.2314985752105 31.317092180252
37.5013626946343 37.639808400472 37.7782541063096 37.9166998121473 38.055145517985 38.1935912238227 38.3320369296603 38.5015825907389 38.6814949035644 38.8614072163899 39.0413195292154 39.221231842041 39.4011441548665 39.581056467692 39.5826955159506 39.0495147705079 38.5163340250652 37.9831532796225 37.4499725341797 36.9167917887371 36.3836110432944 35.8504302978516 35.4530232747396 35.1008741590712 34.7487250434028 34.3965759277344 34.044426812066 33.6922776963976 33.3401285807292 33.0610972987281 33.001419517729 32.9417417367299 32.8820639557309 32.8223861747318 32.7627083937327 32.7030306127336 32.6433528317345 32.5221291383107 32.3803901407454 32.23865114318 32.0969121456146 31.9551731480492 31.8134341504838 31.6716951529185 31.555828555425 31.5175791581472
37.8360616895887 37.9585772196451 38.0810927497015 38.203608279758 38.3261238098144 38.4486393398708 38.5711548699272 38.7358047485351 38.9144994099934 39.0931940714518 39.2718887329101 39.4505833943684 39.6292780558268 39.8079727172851 39.8130861918132 39.2974561055502 38.7818260192872 38.2661959330242 37.7505658467611 37.2349357604981 36.7193056742351 36.203675587972 35.8083114624023 35.4530359903971 35.0977605183919 34.7424850463867 34.3872095743815 34.0319341023763 33.6766586303711 33.38993818495 33.3088828192816 33.2278274536132 33.1467720879449 33.0657167222764 32.9846613566081 32.9036059909397 32.8225506252713 32.7254200458527 32.6229310618507 32.5204420778486 32.4179530938466 32.3154641098446 32.2129751258426 32.1104861418406 31.9979404608408 31.8552246888478
38.4464937845865 38.5310325622558 38.615571339925 38.7001101175943 38.7846488952636 38.8691876729329 38.9537264506021 39.1022476196288 39.2720962524413 39.4419448852538 39.6117935180663 39.7816421508788 39.9514907836913 40.1213394165038 40.1299822489421 39.6550076802572 39.1800331115723 38.7050585428874 38.2300839742024 37.7551094055176 37.2801348368327 36.8051602681477 36.4160934448242 36.0556625366211 35.6952316284179 35.3348007202148 34.9743698120117 34.6139389038085 34.2535079956054 33.948860168457 33.8115615844726 33.6742630004882 33.5369644165039 33.3996658325195 33.2623672485351 33.1250686645508 32.9877700805664 32.9195794582367 32.8744248231252 32.8292701880137 32.7841155529022 32.7389609177907 32.6938062826792 32.6486516475677 32.5578342914581 32.3300287723541
39.0569258795843 39.1034879048664 39.1500499301486 39.1966119554307 39.2431739807128 39.2897360059949 39.3362980312771 39.4686904907226 39.6296930948892 39.7906956990559 39.9516983032226 40.1127009073892 40.2737035115559 40.4347061157226 40.446878306071 40.0125592549642 39.5782402038574 39.1439211527507 38.7096021016439 38.2752830505371 37.8409639994304 37.4066449483235 37.0238754272461 36.658289082845 36.292702738444 35.927116394043 35.5615300496419 35.1959437052408 34.8303573608398 34.5077821519639 34.3142403496636 34.1206985473633 33.9271567450629 33.7336149427626 33.5400731404622 33.3465313381619 33.1529895358615 33.1137388706207 33.1259185843997 33.1380982981787 33.1502780119577 33.1624577257368 33.1746374395158 33.1868171532948 33.1177281220754 32.8048328558604
39.6673579745822 39.6759432474772 39.6845285203721 39.6931137932671 39.7016990661621 39.710284339057 39.718869611952 39.8351333618163 39.9872899373372 40.139446512858 40.2916030883788 40.4437596638997 40.5959162394205 40.7480728149413 40.7637743631999 40.3701108296712 39.9764472961426 39.582783762614 39.1891202290853 38.7954566955567 38.401793162028 38.0081296284993 37.631657409668 37.260915629069 36.89017384847 36.5194320678711 36.1486902872721 35.7779485066732 35.4072067260742 35.0667041354709 34.8169191148546 34.5671340942383 34.317349073622 34.0675640530056 33.8177790323893 33.567994011773 33.3182089911567 33.3078982830047 33.3774123456743 33.4469264083438 33.5164404710133 33.5859545336829 33.6554685963524 33.7249826590219 33.6776219526927 33.2796369393667
40.27779006958 40.2483985900878 40.2190071105956 40.1896156311034 40.1602241516113 40.1308326721191 40.1014411926269 40.2015762329101 40.3448867797851 40.4881973266601 40.6315078735351 40.7748184204101 40.9181289672851 41.0614395141601 41.0806704203288 40.7276624043782 40.3746543884277 40.0216463724772 39.6686383565266 39.3156303405761 38.9626223246256 38.6096143086751 38.2394393920898 37.863542175293 37.487644958496 37.1117477416992 36.7358505249023 36.3599533081054 35.9840560913086 35.6256261189778 35.3195978800455 35.0135696411133 34.707541402181 34.4015131632487 34.0954849243164 33.7894566853841 33.4834284464518 33.5020576953887 33.6289061069488 33.7557545185088 33.8826029300689 34.0094513416289 34.136299753189 34.263148164749 34.23751578331 33.7544410228729
40.8882221645778 40.8208539326985 40.7534857008192 40.6861174689398 40.6187492370605 40.5513810051812 40.4840127733018 40.5680191040038 40.702483622233 40.8369481404622 40.9714126586913 41.1058771769205 41.2403416951497 41.3748062133788 41.3975664774577 41.0852139790853 40.7728614807129 40.4605089823405 40.1481564839681 39.8358039855957 39.5234514872233 39.2110989888509 38.8472213745117 38.4661687215169 38.0851160685221 37.7040634155273 37.3230107625326 36.9419581095377 36.560905456543 36.1845481024848 35.8222766452365 35.4600051879883 35.09773373074 34.7354622734917 34.3731908162435 34.0109193589953 33.648647901747 33.6962171077728 33.8803998682233 34.0645826286739 34.2487653891245 34.432948149575 34.6171309100256 34.8013136704762 34.7974096139273 34.2292451063792
41.1706695556641 41.1103179931641 41.0499664306641 40.9896148681641 40.9292633056641 40.8689117431641 40.808560180664 40.8873570760091 41.0125367906358 41.1377165052625 41.2628962198893 41.388075934516 41.5132556491428 41.6384353637695 41.6601226806641 41.371332804362 41.0825429280599 40.7937530517579 40.5049631754557 40.2161732991537 39.9273834228516 39.6385935465495 39.2853569030762 38.9106380038792 38.5359191046821 38.1612002054851 37.786481306288 37.4117624070909 37.0370435078939 36.6648295084636 36.3001302083333 35.9354309082031 35.5707316080729 35.2060323079427 34.8413330078125 34.4766337076823 34.111934407552 34.1619969685871 34.3503134833441 34.538629998101 34.726946512858 34.9152630276149 35.1035795423719 35.2918960571288 35.2856703599295 34.6958180268606
41.1251322428385 41.1167907714844 41.1084493001302 41.100107828776 41.0917663574218 41.0834248860677 41.0750834147135 41.1595901489257 41.2750462849934 41.3905024210611 41.5059585571288 41.6214146931965 41.7368708292643 41.852326965332 41.868339029948 41.5860188802083 41.3036987304688 41.0213785807292 40.7390584309896 40.45673828125 40.1744181315104 39.8920979817708 39.5538459777832 39.1969500223796 38.8400540669759 38.4831581115723 38.1262621561686 37.769366200765 37.4124702453613 37.0664703369141 36.7531585693359 36.4398468017578 36.1265350341797 35.8132232666015 35.4999114990234 35.1865997314453 34.8732879638671 34.8993972778319 35.038646952311 35.1778966267902 35.3171463012694 35.4563959757486 35.5956456502278 35.7348953247069 35.7022980213166 35.154159784317
41.079594930013 41.1232635498047 41.1669321695963 41.210600789388 41.2542694091797 41.2979380289713 41.341606648763 41.4318232218424 41.5375557793511 41.6432883368598 41.7490208943684 41.8547534518771 41.9604860093858 42.0662185668945 42.0765553792318 41.8007049560547 41.5248545328776 41.2490041097006 40.9731536865234 40.6973032633464 40.4214528401693 40.1456024169922 39.8223350524903 39.48326204088 39.1441890292697 38.8051160176595 38.4660430060493 38.126969994439 37.7878969828288 37.4681111653646 37.2061869303385 36.9442626953125 36.6823384602864 36.4204142252604 36.1584899902343 35.8965657552083 35.6346415201822 35.6367975870767 35.7269804212781 35.8171632554795 35.9073460896809 35.9975289238823 36.0877117580837 36.1778945922851 36.1189256827037 35.6125015417735
41.0340576171875 41.129736328125 41.2254150390625 41.32109375 41.4167724609375 41.512451171875 41.6081298828125 41.7040562947591 41.8000652737087 41.8960742526584 41.992083231608 42.0880922105577 42.1841011895073 42.280110168457 42.2847717285157 42.015391031901 41.7460103352865 41.4766296386719 41.2072489420573 40.9378682454427 40.6684875488282 40.3991068522135 40.0908241271973 39.7695740593805 39.4483239915636 39.1270739237468 38.8058238559299 38.4845737881131 38.1633237202962 37.8697519938151 37.6592152913411 37.4486785888672 37.2381418863932 37.0276051839192 36.8170684814453 36.6065317789713 36.3959950764973 36.3741978963215 36.4153138902451 36.4564298841688 36.4975458780924 36.538661872016 36.5797778659396 36.6208938598632 36.5355533440908 36.0708432992299
40.988520304362 41.1362091064453 41.2838979085286 41.4315867106119 41.5792755126953 41.7269643147786 41.8746531168619 41.9762893676757 42.0625747680663 42.148860168457 42.2351455688476 42.3214309692382 42.4077163696289 42.4940017700195 42.4929880777995 42.2300771077474 41.9671661376953 41.7042551676433 41.4413441975911 41.1784332275391 40.915522257487 40.6526112874349 40.3593132019043 40.0558860778809 39.7524589538574 39.449031829834 39.1456047058106 38.8421775817871 38.5387504577637 38.2713928222656 38.1122436523437 37.9530944824218 37.7939453124999 37.634796142578 37.4756469726562 37.3164978027343 37.1573486328124 37.1115982055663 37.1036473592121 37.095696512858 37.0877456665038 37.0797948201497 37.0718439737955 37.0638931274413 36.9521810054779 36.5291850566864
40.9429829915364 41.1426818847656 41.3423807779947 41.5420796712239 41.7417785644531 41.9414774576822 42.1411763509114 42.2485224405924 42.325084262424 42.4016460842556 42.4782079060872 42.5547697279188 42.6313315497504 42.707893371582 42.7012044270834 42.4447631835938 42.1883219401042 41.9318806966146 41.675439453125 41.4189982096354 41.1625569661459 40.9061157226563 40.6278022766113 40.3421980963813 40.0565939161513 39.7709897359212 39.4853855556912 39.1997813754611 38.9141771952311 38.6730336507161 38.5652720133463 38.4575103759765 38.3497487386067 38.2419871012369 38.1342254638671 38.0264638264973 37.9187021891275 37.8489985148111 37.7919808281792 37.7349631415472 37.6779454549153 37.6209277682834 37.5639100816514 37.5068923950195 37.3688086668651 36.9875268141428
