data/working_set_collections/6091692-Cassins_Sparrow-MC/2015/bio5.asc
NCOLS 265 
NROWS 230 
XLLCORNER -115.5625 
YLLCORNER 24.8333333333333 
CELLSIZE 0.0833333333333333 
NODATA_value -9999 
[rows 0 to 19 of 230, columns 92 to 137 of 265]
31.5630097071331 31.1868981043498 30.8107865015666 30.4346748987835 30.0585632960002 29.7412270863851 29.4434826744928 29.1457382626004 28.847993850708 28.5502494388157 28.2525050269233 27.9547606150309 27.8938095728554 28.5432386398314 29.1926677068073 29.8420967737832 30.4915258407592 31.1409549077351 31.790383974711 32.4398130416869 32.517470741272 32.40453798506 32.291605228848 32.1786724726359 32.0657397164239 31.9528069602119 31.8398742039999 31.7560144583384 31.7593737443288 31.7627330303192 31.7660923163096 31.7694516023 31.7728108882904 31.7761701742808 31.7795294602712 31.6505515734355 31.4774612956577 31.3043710178799 31.1312807401021 30.9581904623244 30.7851001845466 30.6120099067688 30.4425373183356 30.2839177979363 30.125298277537 29.9666787571377
31.4945765813193 31.13993918101 30.7853017807007 30.4306643803915 30.0760269800822 29.8021472930909 29.5551868438721 29.3082263946533 29.0612659454346 28.8143054962159 28.5673450469971 28.3203845977783 28.2808624903359 28.8636554082234 29.4464483261107 30.0292412439981 30.6120341618855 31.1948270797728 31.7776199976602 32.3604129155476 32.4295572280884 32.3274853388469 32.2254134496053 32.1233415603638 32.0212696711223 31.9191977818807 31.8171258926392 31.7463303724925 31.7693639596303 31.7923975467682 31.815431133906 31.8384647210439 31.8614983081818 31.8845318953196 31.9075654824575 31.8107176780701 31.6739094098409 31.5371011416118 31.4002928733826 31.2634846051534 31.1266763369242 30.9898680686951 30.8508513450623 30.7052092552185 30.5595671653747 30.413925075531
31.4261434555055 31.0929802576701 30.7598170598349 30.4266538619996 30.0934906641643 29.8630674997966 29.6668910132514 29.4707145267063 29.2745380401611 29.078361553616 28.8821850670708 28.6860085805257 28.6679154078164 29.1840721766153 29.7002289454141 30.2163857142129 30.7325424830118 31.2486992518106 31.7648560206094 32.2810127894083 32.3416437149048 32.2504326926338 32.1592216703627 32.0680106480917 31.9767996258206 31.8855886035495 31.7943775812785 31.7366462866465 31.7793541749318 31.8220620632172 31.8647699515025 31.9074778397878 31.9501857280731 31.9928936163584 32.0356015046437 31.9708837827047 31.8703575240241 31.7698312653436 31.669305006663 31.5687787479824 31.4682524893019 31.3677262306213 31.2591653717888 31.1265007125007 30.9938360532124 30.8611713939243
31.3577103296916 31.0460213343303 30.734332338969 30.4226433436077 30.1109543482463 29.9239877065023 29.7785951826308 29.6332026587592 29.4878101348877 29.3424176110162 29.1970250871446 29.0516325632731 29.0549683252969 29.5044889450072 29.9540095647175 30.4035301844278 30.8530508041381 31.3025714238484 31.7520920435587 32.201612663269 32.2537302017212 32.1733800464207 32.0930298911201 32.0126797358195 31.932329580519 31.8519794252184 31.7716292699178 31.7269622008006 31.7893443902333 31.8517265796661 31.9141087690989 31.9764909585317 32.0388731479645 32.1012553373972 32.16363752683 32.1310498873393 32.0668056382073 32.0025613890754 31.9383171399434 31.8740728908115 31.8098286416795 31.7455843925476 31.6674793985155 31.5477921697828 31.4281049410502 31.3084177123175
31.2892772038778 30.9990624109904 30.7088476181031 30.4186328252157 30.1284180323283 29.984907913208 29.8902993520101 29.7956907908122 29.7010822296143 29.6064736684163 29.5118651072184 29.4172565460205 29.4420212427774 29.8249057133992 30.2077901840209 30.5906746546426 30.9735591252644 31.3564435958862 31.7393280665079 32.1222125371297 32.1658166885376 32.0963274002075 32.0268381118775 31.9573488235474 31.8878595352173 31.8183702468872 31.7488809585571 31.7172781149546 31.7993346055348 31.8813910961151 31.9634475866953 32.0455040772756 32.1275605678558 32.209617058436 32.2916735490163 32.2912159919739 32.2632537523905 32.2352915128072 32.2073292732239 32.1793670336405 32.1514047940572 32.1234425544738 32.0757934252421 31.969083627065 31.8623738288879 31.7556640307108
31.220844078064 30.9521034876506 30.6833628972372 30.4146223068238 30.1458817164103 30.0458281199137 30.0020035213894 29.9581789228651 29.9143543243408 29.8705297258165 29.8267051272922 29.7828805287679 29.8290741602578 30.1453224817911 30.4615708033243 30.7778191248575 31.0940674463907 31.4103157679239 31.7265640894571 32.0428124109904 32.077903175354 32.0192747539944 31.9606463326348 31.9020179112752 31.8433894899157 31.7847610685561 31.7261326471965 31.7075940291087 31.8093248208363 31.9110556125641 32.0127864042918 32.1145171960194 32.2162479877472 32.3179787794748 32.4197095712026 32.4513820966084 32.4597018665737 32.468021636539 32.4763414065043 32.4846611764695 32.4929809464348 32.5013007164001 32.4841074519687 32.3903750843472 32.2966427167256 32.2029103491041
31.1606744395363 30.9007645977868 30.6408547560374 30.3809449142881 30.1210350725386 30.054944229126 30.0534597184923 30.0519752078586 30.0504906972249 30.0490061865912 30.0475216759576 30.0460371653239 30.1121653927696 30.381131834454 30.6500982761382 30.9190647178225 31.1880311595069 31.4569976011911 31.7259640428754 31.9949304845598 32.0258212566376 31.9773534721798 31.9288856877221 31.8804179032644 31.8319501188066 31.7834823343489 31.7350145498912 31.7256236394246 31.8334633509318 31.9413030624389 32.0491427739461 32.1569824854533 32.2648221969604 32.3726619084676 32.4805016199747 32.5270144144694 32.5530849032932 32.579155392117 32.6052258809408 32.6312963697645 32.6573668585883 32.6834373474121 32.6849158393012 32.6126183403863 32.5403208414714 32.4680233425564
31.1087682882945 30.8450457413992 30.5813231945038 30.3176006476085 30.0538781007131 30.0122562408447 30.0446679433187 30.0770796457926 30.1094913482666 30.1419030507405 30.1743147532145 30.2067264556885 30.2912949403126 30.5323337713877 30.7733726024627 31.0144114335377 31.2554502646128 31.4964890956878 31.7375279267628 31.9785667578379 32.0095709323883 31.9705635547638 31.9315561771393 31.8925487995148 31.8535414218903 31.8145340442657 31.7755266666412 31.7713669459025 31.8717501958211 31.9721334457397 32.0725166956583 32.172899945577 32.2732831954956 32.3736664454142 32.4740496953328 32.5181129455566 32.5434028625488 32.568692779541 32.5939826965332 32.6192726135254 32.6445625305176 32.6698524475098 32.6782185872396 32.6358133951823 32.593408203125 32.5510030110677
31.0568621370528 30.7893268850115 30.5217916329702 30.254256380929 29.9867211288876 29.9695682525635 30.0358761681451 30.1021840837267 30.1684919993083 30.2347999148898 30.3011078304714 30.367415746053 30.4704244878556 30.6835357083214 30.8966469287872 31.1097581492529 31.3228693697187 31.5359805901845 31.7490918106502 31.962203031116 31.993320608139 31.9637736373478 31.9342266665565 31.9046796957652 31.8751327249739 31.8455857541826 31.8160387833913 31.8171102523803 31.9100370407104 32.0029638290405 32.0958906173706 32.1888174057007 32.2817441940308 32.3746709823608 32.4675977706909 32.5092114766439 32.5337208218045 32.5582301669651 32.5827395121256 32.6072488572862 32.6317582024468 32.6562675476074 32.671521335178 32.6590084499783 32.6464955647786 32.633982679579
31.0049559858111 30.7336080286238 30.4622600714366 30.1909121142494 29.9195641570621 29.9268802642822 30.0270843929714 30.1272885216607 30.2274926503499 30.3276967790391 30.4279009077284 30.5281050364176 30.6495540353986 30.8347376452552 31.0199212551117 31.2051048649681 31.3902884748247 31.5754720846812 31.7606556945377 31.9458393043942 31.9770702838898 31.9569837199317 31.9368971559736 31.9168105920156 31.8967240280575 31.8766374640995 31.8565509001414 31.8628535588582 31.9483238855997 32.0337942123413 32.1192645390828 32.2047348658244 32.2902051925659 32.3756755193074 32.461145846049 32.5003100077311 32.5240387810601 32.5477675543891 32.5714963277181 32.5952251010471 32.6189538743761 32.6426826477051 32.6648240831163 32.6822035047743 32.6995829264323 32.7169623480903
30.9530498345694 30.6778891722362 30.402728509903 30.1275678475698 29.8524071852367 29.884192276001 30.0182926177978 30.1523929595947 30.2864933013916 30.4205936431884 30.5546939849853 30.6887943267822 30.8286835829416 30.9859395821889 31.1431955814361 31.3004515806833 31.4577075799306 31.6149635791778 31.7722195784251 31.9294755776723 31.9608199596405 31.9501938025157 31.9395676453908 31.928941488266 31.9183153311412 31.9076891740163 31.8970630168915 31.9085968653361 31.9866107304891 32.0646245956421 32.1426384607951 32.220652325948 32.2986661911011 32.376680056254 32.454693921407 32.4914085388184 32.5143567403157 32.5373049418131 32.5602531433105 32.5832013448079 32.6061495463053 32.6290977478027 32.6581268310547 32.7053985595703 32.7526702880859 32.7999420166015
30.9011436833276 30.6221703158485 30.3431969483694 30.0642235808903 29.7852502134112 29.8415042877197 30.0095008426242 30.1774973975287 30.3454939524332 30.5134905073377 30.6814870622423 30.8494836171468 31.0078131304846 31.1371415191226 31.2664699077606 31.3957982963985 31.5251266850365 31.6544550736745 31.7837834623125 31.9131118509504 31.9445696353912 31.9434038850996 31.942238134808 31.9410723845164 31.9399066342248 31.9387408839332 31.9375751336416 31.9543401718139 32.0248975753784 32.0954549789429 32.1660123825073 32.2365697860718 32.3071271896362 32.3776845932007 32.4482419967651 32.4825070699056 32.5046746995714 32.5268423292372 32.549009958903 32.5711775885688 32.5933452182346 32.6155128479004 32.651429578993 32.7285936143663 32.8057576497396 32.8829216851128
30.7850354936389 30.5264332665338 30.2678310394288 30.0092288123237 29.7506265852187 29.8239622751871 30.0079439375135 30.1919255998399 30.3759072621663 30.5598889244927 30.7438705868191 30.9278522491455 31.0858442942301 31.1658674875895 31.2458906809489 31.3259138743083 31.4059370676677 31.485960261027 31.5659834543864 31.6460066477458 31.6734299977621 31.683320066664 31.6932101355659 31.7031002044678 31.7129902733697 31.7228803422716 31.7327704111736 31.7636154810588 31.8573255538941 31.9510356267293 32.0447456995646 32.1384557723999 32.2321658452352 32.3258759180705 32.4195859909057 32.457899983724 32.4777486165365 32.497597249349 32.5174458821615 32.537294514974 32.5571431477865 32.576991780599 32.6133925543891 32.6994497511122 32.7855069478353 32.8715641445584
30.604725265503 30.390678024292 30.1766307830811 29.9625835418702 29.7485363006592 29.8315662384033 30.0136219024658 30.1956775665283 30.3777332305908 30.5597888946533 30.7418445587158 30.9239002227783 31.0627770741781 31.0721174875895 31.081457901001 31.0907983144125 31.1001387278239 31.1094791412354 31.1188195546468 31.1281599680583 31.147401046753 31.1699423472087 31.1924836476644 31.2150249481202 31.2375662485759 31.2601075490316 31.2826488494873 31.3364227930705 31.483894666036 31.6313665390015 31.778838411967 31.9263102849324 32.0737821578979 32.2212540308634 32.3687259038289 32.4175872802734 32.4335784912109 32.4495697021484 32.4655609130859 32.4815521240234 32.4975433349609 32.5135345458984 32.5440157572428 32.6179669698079 32.691918182373 32.7658693949381
30.4244150373671 30.2549227820503 30.0854305267334 29.9159382714166 29.7464460160997 29.8391702016194 30.019299867418 30.1994295332167 30.3795591990153 30.5596888648139 30.7398185306125 30.9199481964111 31.039709854126 30.9783674875895 30.9170251210531 30.8556827545167 30.7943403879802 30.7329980214437 30.6716556549073 30.6103132883708 30.6213720957439 30.6565646277534 30.691757159763 30.7269496917725 30.7621422237821 30.7973347557916 30.8325272878012 30.9092301050822 31.1104637781779 31.3116974512736 31.5129311243693 31.714164797465 31.9153984705607 32.1166321436564 32.3178658167521 32.3772745768229 32.3894083658854 32.4015421549479 32.4136759440104 32.4258097330729 32.4379435221354 32.4500773111979 32.4746389600966 32.5364841885037 32.5983294169108 32.6601746453179
30.2441048092313 30.1191675398085 29.9942302703858 29.869293000963 29.7443557315403 29.8467741648356 30.0249778323703 30.203181499905 30.3813851674397 30.5595888349745 30.7377925025092 30.9159961700439 31.0166426340739 30.8846174875895 30.7525923411052 30.6205671946208 30.4885420481364 30.3565169016521 30.2244917551677 30.0924666086833 30.0953431447348 30.1431869082981 30.1910306718615 30.2388744354249 30.2867181989882 30.3345619625516 30.382405726115 30.4820374170939 30.7370328903198 30.9920283635457 31.2470238367716 31.5020193099975 31.7570147832234 32.0120102564493 32.2670057296752 32.3369618733724 32.3452382405599 32.3535146077474 32.3617909749349 32.3700673421224 32.3783437093099 32.3866200764974 32.4052621629503 32.4550014071994 32.5047406514486 32.5544798956977
30.0637945810954 29.9834122975668 29.9030300140381 29.8226477305095 29.7422654469808 29.8543781280517 30.0306557973225 30.2069334665934 30.3832111358642 30.5594888051351 30.7357664744059 30.9120441436767 30.9935754140219 30.7908674875895 30.5881595611573 30.385451634725 30.1827437082927 29.9800357818604 29.7773278554281 29.5746199289958 29.5693141937256 29.6298091888428 29.69030418396 29.7507991790772 29.8112941741944 29.8717891693116 29.9322841644287 30.0548447291056 30.3636020024617 30.6723592758178 30.9811165491739 31.28987382253 31.5986310958862 31.9073883692423 32.2161456425984 32.2966491699219 32.3010681152344 32.3054870605469 32.3099060058594 32.3143249511719 32.3187438964844 32.3231628417969 32.335885365804 32.3735186258952 32.4111518859863 32.4487851460775
29.8834843529596 29.847657055325 29.8118297576905 29.7760024600559 29.7401751624213 29.8619820912679 30.0363337622748 30.2106854332818 30.3850371042887 30.5593887752956 30.7337404463026 30.9080921173095 30.9705081939698 30.6971174875896 30.4237267812094 30.1503360748292 29.876945368449 29.6035546620688 29.3301639556886 29.0567732493084 29.0432852427165 29.1164314693875 29.1895776960585 29.2627239227295 29.3358701494005 29.4090163760716 29.4821626027426 29.6276520411173 29.9901711146036 30.35269018809 30.7152092615763 31.0777283350626 31.440247408549 31.8027664820353 32.1652855555215 32.2563364664714 32.2568979899089 32.2574595133464 32.2580210367839 32.2585825602214 32.2591440836589 32.2597056070964 32.2665085686578 32.2920358445909 32.3175631205241 32.3430903964573
29.8087089114719 29.7950139787462 29.7813190460205 29.7676241132948 29.7539291805691 29.8695774078369 30.0283400217692 30.1871026357015 30.3458652496338 30.5046278635661 30.6633904774984 30.8221530914307 30.8658657073975 30.5644283294678 30.2629909515382 29.9615535736085 29.6601161956788 29.3586788177491 29.0572414398194 28.7558040618897 28.741545232137 28.8230125851101 28.9044799380832 28.9859472910563 29.0674146440294 29.1488819970025 29.2303493499756 29.3888830237918 29.7786156601375 30.1683482964833 30.558080932829 30.9478135691748 31.3375462055206 31.7272788418663 32.117011478212 32.2257714748383 32.2408739248911 32.255976374944 32.2710788249969 32.2861812750498 32.3012837251027 32.3163861751556 32.3310317993164 32.3443069458008 32.3575820922851 32.3708572387695
29.8394682566325 29.8254830678304 29.8114978790283 29.7975126902262 29.7835275014242 29.8771640777588 30.0066745758056 30.1361850738525 30.2656955718994 30.3952060699463 30.5247165679932 30.65422706604 30.6796479543051 30.3928000132243 30.1059520721436 29.8191041310629 29.5322561899821 29.2454082489014 28.9585603078207 28.67171236674 28.6640941619873 28.7495525360107 28.8350109100342 28.9204692840576 29.005927658081 29.0913860321045 29.1768444061279 29.338537677129 29.7289356390634 30.1193336009979 30.5097315629322 30.9001295248666 31.2905274868011 31.6809254487355 32.0713234106699 32.2049541950226 32.2529959201813 32.3010376453399 32.3490793704986 32.3971210956573 32.445162820816 32.4932045459747 32.5294550577799 32.5303319295247 32.5312088012695 32.5320856730143
