data/working_set_collections/6091692-Cassins_Sparrow-MC/2015/bio6.asc
NCOLS 265 
NROWS 230 
XLLCORNER -115.5625 
YLLCORNER 24.8333333333333 
CELLSIZE 0.0833333333333333 
NODATA_value -9999 
[rows 60 to 79 of 230, columns 88 to 131 of 265]
-9.24714172681171 -9.54685456620321 -9.79428803258473 -10.0417214989662 -10.2891549653477 -10.5365884317292 -10.7840218981107 -11.0314553644922 -11.2788888308737 -11.8507600148518 -12.5307771046955 -13.2107941945393 -13.8908112843831 -14.5708283742268 -15.2508454640706 -15.9308625539143 -16.4607759263781 -16.5403781467014 -16.6199803670248 -16.6995825873481 -16.7791848076715 -16.8587870279948 -16.9383892483182 -17.0179914686415 -16.5170143127443 -15.8225106981068 -15.1280070834691 -14.4335034688315 -13.738999854194 -13.0444962395563 -12.3499926249188 -11.6928634378647 -11.147857533561 -10.6028516292573 -10.0578457249537 -9.51283982065008 -8.96783391634636 -8.42282801204273 -7.87782210773911 -7.48021631240854 -7.13174388673582 -6.78327146106309 -6.43479903539031 -6.08632660971758
-8.9000379085541 -9.15735116402308 -9.46440579493843 -9.77146042585372 -10.078515056769 -10.3855696876844 -10.6926243185997 -10.999678949515 -11.3067335804303 -11.8351116180419 -12.4372641245523 -13.0394166310628 -13.6415691375732 -14.2437216440836 -14.8458741505941 -15.4480266571045 -15.9235242207846 -16.0190569559734 -16.1145896911622 -16.210122426351 -16.3056551615398 -16.4011878967286 -16.4967206319174 -16.5922533671062 -16.112014770508 -15.4398523966474 -14.7676900227866 -14.095527648926 -13.4233652750653 -12.7512029012046 -12.0790405273439 -11.4364544073742 -10.8825970490776 -10.3287396907808 -9.7748823324841 -9.22102497418742 -8.66716761589065 -8.11331025759397 -7.55945289929729 -7.16789484024059 -6.83043654759738 -6.49297825495417 -6.1555199623109 -5.81806166966768
-8.55293409029645 -8.76784776184291 -9.1345235572921 -9.50119935274122 -9.86787514819034 -10.2345509436395 -10.6012267390886 -10.9679025345378 -11.334578329987 -11.819463221232 -12.3437511444091 -12.8680390675862 -13.3923269907633 -13.9166149139404 -14.4409028371175 -14.9651907602946 -15.386272515191 -15.4977357652453 -15.6091990152995 -15.7206622653538 -15.832125515408 -15.9435887654623 -16.0550520155165 -16.1665152655708 -15.7070152282717 -15.0571940951879 -14.4073729621041 -13.7575518290203 -13.1077306959366 -12.4579095628528 -11.808088429769 -11.1800453768838 -10.617336564594 -10.0546277523042 -9.49191894001448 -8.92921012772474 -8.36650131543491 -7.80379250314518 -7.24108369085544 -6.85557336807261 -6.52912920845891 -6.20268504884521 -5.87624088923146 -5.54979672961776
-8.2058302720388 -8.37834435966274 -8.80464131964577 -9.23093827962871 -9.65723523961166 -10.0835321995947 -10.5098291595776 -10.9361261195606 -11.3624230795436 -11.8038148244221 -12.2502381642659 -12.6966615041097 -13.1430848439534 -13.5895081837971 -14.0359315236409 -14.4823548634847 -14.8490208095975 -14.9764145745172 -15.1038083394369 -15.2312021043566 -15.3585958692763 -15.485989634196 -15.6133833991157 -15.7407771640354 -15.3020156860353 -14.6745357937285 -14.0470559014216 -13.4195760091147 -12.7920961168079 -12.164616224501 -11.5371363321941 -10.9236363463933 -10.3520760801105 -9.78051581382764 -9.20895554754485 -8.63739528126206 -8.06583501497918 -7.49427474869639 -6.9227144824136 -6.54325189590463 -6.22782186932045 -5.91239184273626 -5.59696181615202 -5.28153178956784
-7.85872645378119 -7.98884095748261 -8.47475908199946 -8.96067720651623 -9.446595331033 -9.93251345554985 -10.4184315800666 -10.9043497045834 -11.3902678291002 -11.7881664276122 -12.1567251841227 -12.5252839406331 -12.8938426971435 -13.2624014536539 -13.6309602101644 -13.9995189666748 -14.311769104004 -14.4550933837891 -14.5984176635743 -14.7417419433594 -14.8850662231446 -15.0283905029297 -15.1717147827149 -15.3150390625001 -14.897016143799 -14.2918774922691 -13.6867388407391 -13.0816001892091 -12.4764615376792 -11.8713228861492 -11.2661842346193 -10.6672273159029 -10.086815595627 -9.5064038753511 -8.92599215507525 -8.34558043479941 -7.76516871452347 -7.18475699424762 -6.60434527397178 -6.23093042373668 -5.926514530182 -5.62209863662733 -5.31768274307261 -5.01326684951794
-7.51162263552354 -7.59933755530245 -8.14487684435313 -8.69041613340372 -9.23595542245432 -9.781494711505 -10.3270340005556 -10.8725732896062 -11.4181125786569 -11.7725180308024 -12.0632122039794 -12.3539063771566 -12.6446005503336 -12.9352947235107 -13.2259888966879 -13.5166830698649 -13.7745173984104 -13.933772193061 -14.0930269877116 -14.2522817823622 -14.4115365770129 -14.5707913716635 -14.730046166314 -14.8893009609647 -14.4920166015627 -13.9092191908096 -13.3264217800565 -12.7436243693035 -12.1608269585505 -11.5780295477974 -10.9952321370444 -10.4108182854124 -9.82155511114353 -9.23229193687453 -8.64302876260563 -8.05376558833673 -7.46450241406773 -6.87523923979883 -6.28597606552993 -5.9186089515687 -5.62520719104354 -5.33180543051838 -5.03840366999317 -4.74500190946801
-7.60251720746353 -7.70280596282727 -8.28100346856634 -8.8592009743053 -9.43739848004427 -10.0155959857833 -10.5937934915223 -11.1719909972613 -11.7501885030003 -12.073643875122 -12.3121852027044 -12.5507265302869 -12.7892678578694 -13.0278091854518 -13.2663505130343 -13.5048918406168 -13.7130352867973 -13.8299850887722 -13.946934890747 -14.0638846927219 -14.1808344946967 -14.2977842966715 -14.4147340986464 -14.5316839006212 -14.1473491668702 -13.5959195878772 -13.0444900088841 -12.4930604298911 -11.941630850898 -11.3902012719049 -10.8387716929119 -10.2776085482705 -9.68724470668386 -9.09688086509715 -8.50651702351054 -7.91615318192393 -7.32578934033721 -6.7354254987506 -6.145061657164 -5.77325474421188 -5.47430014080478 -5.17534553739768 -4.87639093399053 -4.57743633058344
-8.13141016960135 -8.29924618005729 -8.88313895463927 -9.46703172922114 -10.050924503803 -10.634817278385 -11.2187100529669 -11.8026028275487 -12.3864956021307 -12.6915439605711 -12.9036441802977 -13.1157444000243 -13.3278446197508 -13.5399448394774 -13.752045059204 -13.9641452789305 -14.127322769165 -14.1437320709228 -14.1601413726806 -14.1765506744385 -14.1929599761963 -14.2093692779541 -14.2257785797119 -14.2421878814698 -13.8630138397218 -13.3519786834718 -12.8409435272218 -12.3299083709718 -11.8188732147218 -11.3078380584718 -10.7968029022218 -10.2675981044771 -9.68388438224809 -9.10017066001902 -8.51645693779005 -7.93274321556108 -7.349029493332 -6.76531577110303 -6.18160204887406 -5.79486780166631 -5.47379337946581 -5.15271895726531 -4.83164453506476 -4.51057011286426
-8.6603031317392 -8.89568639728736 -9.48527444071225 -10.074862484137 -10.6644505275618 -11.2540385709867 -11.8436266144115 -12.4332146578363 -13.0228027012612 -13.3094440460204 -13.495103157891 -13.6807622697617 -13.8664213816324 -14.052080493503 -14.2377396053737 -14.4233987172444 -14.5416102515326 -14.4574790530734 -14.3733478546142 -14.2892166561551 -14.2050854576959 -14.1209542592367 -14.0368230607775 -13.9526918623183 -13.5786785125734 -13.1080377790664 -12.6373970455594 -12.1667563120525 -11.6961155785456 -11.2254748450386 -10.7548341115317 -10.2575876606837 -9.68052405781233 -9.10346045494089 -8.52639685206956 -7.94933324919823 -7.3722696463268 -6.79520604345546 -6.21814244058413 -5.81648085912074 -5.47328661812684 -5.13009237713294 -4.78689813613898 -4.44370389514508
-9.18919609387706 -9.49212661451743 -10.0874099267852 -10.6826932390529 -11.2779765513206 -11.8732598635884 -12.4685431758561 -13.0638264881238 -13.6591098003916 -13.9273441314696 -14.0865621354844 -14.2457801394992 -14.4049981435139 -14.5642161475287 -14.7234341515434 -14.8826521555582 -14.9558977339003 -14.7712260352241 -14.5865543365479 -14.4018826378717 -14.2172109391954 -14.0325392405192 -13.8478675418431 -13.6631958431668 -13.2943431854249 -12.864096874661 -12.4338505638971 -12.0036042531332 -11.5733579423694 -11.1431116316054 -10.7128653208415 -10.2475772168903 -9.67716373337656 -9.10675024986277 -8.53633676634907 -7.96592328283538 -7.39550979932159 -6.82509631580789 -6.2546828322942 -5.83809391657517 -5.47277985678787 -5.10746579700057 -4.7421517372132 -4.3768376774259
-9.71808905601488 -10.0885668317475 -10.6895454128582 -11.2905239939688 -11.8915025750794 -12.4924811561901 -13.0934597373007 -13.6944383184113 -14.295416899522 -14.5452442169188 -14.6780211130777 -14.8107980092365 -14.9435749053954 -15.0763518015542 -15.2091286977131 -15.341905593872 -15.3701852162679 -15.0849730173747 -14.7997608184815 -14.5145486195883 -14.229336420695 -13.9441242218018 -13.6589120229086 -13.3736998240154 -13.0100078582765 -12.6201559702557 -12.2303040822348 -11.840452194214 -11.4506003061931 -11.0607484181723 -10.6708965301514 -10.2375667730968 -9.67380340894079 -9.11004004478464 -8.54627668062858 -7.98251331647253 -7.41874995231638 -6.85498658816032 -6.29122322400426 -5.8597069740296 -5.4722730954489 -5.0848392168682 -4.69740533828743 -4.30997145970672
-10.2469820181527 -10.6850070489775 -11.2916808989311 -11.8983547488846 -12.5050285988382 -13.1117024487918 -13.7183762987453 -14.3250501486988 -14.9317239986524 -15.1631443023681 -15.269480090671 -15.375815878974 -15.4821516672769 -15.5884874555799 -15.6948232438828 -15.8011590321858 -15.7844726986356 -15.3987199995253 -15.0129673004151 -14.6272146013049 -14.2414619021946 -13.8557092030844 -13.4699565039742 -13.0842038048639 -12.725672531128 -12.3762150658503 -12.0267576005724 -11.6773001352947 -11.3278426700169 -10.9783852047391 -10.6289277394613 -10.2275563293034 -9.67044308450503 -9.11332983970652 -8.5562165949081 -7.99910335010968 -7.44199010531117 -6.88487686051275 -6.32776361571433 -5.88132003148404 -5.47176633410993 -5.06221263673582 -4.65265893936165 -4.24310524198754
-10.516564353307 -10.9973361968993 -11.5873050689697 -12.1772739410399 -12.7672428131102 -13.3572116851806 -13.9471805572509 -14.5371494293212 -15.1271183013916 -15.3421400705973 -15.4321794721815 -15.5222188737658 -15.61225827535 -15.7022976769341 -15.7923370785184 -15.8823764801026 -15.8427297380237 -15.414024564955 -14.9853193918865 -14.5566142188179 -14.1279090457493 -13.6992038726808 -13.2704986996122 -12.8417935265436 -12.4939757029216 -12.1731203291152 -11.8522649553088 -11.5314095815023 -11.2105542076959 -10.8896988338895 -10.5688434600831 -10.1958844224613 -9.66661439339335 -9.13734436432529 -8.60807433525732 -8.07880430618935 -7.54953427712129 -7.02026424805333 -6.49099421898536 -6.03123200337096 -5.5946390589079 -5.15804611444483 -4.72145316998169 -4.28486022551863
-10.5268360614776 -11.0255542755126 -11.5764179229736 -12.1272815704345 -12.6781452178954 -13.2290088653564 -13.7798725128173 -14.3307361602782 -14.8815998077392 -15.0822315216065 -15.1661192576091 -15.2500069936117 -15.3338947296143 -15.4177824656169 -15.5016702016195 -15.5855579376221 -15.5449563344321 -15.1308867136638 -14.7168170928956 -14.3027474721274 -13.8886778513591 -13.4746082305909 -13.0605386098227 -12.6464689890544 -12.3149173736573 -12.0108717600506 -11.7068261464437 -11.402780532837 -11.0987349192302 -10.7946893056234 -10.4906436920167 -10.1425510525705 -9.66231733560576 -9.18208361864097 -8.70184990167627 -8.22161618471157 -7.74138246774678 -7.26114875078208 -6.78091503381738 -6.30944288969043 -5.84089126984285 -5.37233964999526 -4.9037880301476 -4.43523641030002
-10.5371077696481 -11.0537723541259 -11.5655307769775 -12.077289199829 -12.5890476226806 -13.1008060455322 -13.6125644683837 -14.1243228912353 -14.6360813140869 -14.8223229726156 -14.9000590430366 -14.9777951134576 -15.0555311838786 -15.1332672542996 -15.2110033247206 -15.2887393951416 -15.2471829308405 -14.8477488623726 -14.4483147939047 -14.0488807254369 -13.6494466569689 -13.2500125885011 -12.8505785200332 -12.4511444515653 -12.135859044393 -11.8486231909859 -11.5613873375787 -11.2741514841716 -10.9869156307645 -10.6996797773574 -10.4124439239503 -10.0892176826796 -9.65802027781817 -9.22682287295666 -8.79562546809523 -8.3644280632338 -7.93323065837229 -7.50203325351086 -7.07083584864943 -6.58765377600992 -6.08714348077782 -5.58663318554572 -5.08612289031353 -4.58561259508142
-10.5473794778187 -11.0819904327391 -11.5546436309814 -12.0272968292236 -12.4999500274657 -12.972603225708 -13.4452564239501 -13.9179096221923 -14.3905628204345 -14.5624144236247 -14.6339988284641 -14.7055832333035 -14.7771676381429 -14.8487520429823 -14.9203364478218 -14.9919208526612 -14.9494095272489 -14.5646110110813 -14.1798124949138 -13.7950139787463 -13.4102154625787 -13.0254169464112 -12.6406184302437 -12.2558199140761 -11.9568007151286 -11.6863746219212 -11.4159485287137 -11.1455224355062 -10.8750963422988 -10.6046702490913 -10.3342441558838 -10.0358843127887 -9.65372322003057 -9.27156212727235 -8.88940103451418 -8.50723994175602 -8.1250788489978 -7.74291775623963 -7.36075666348147 -6.86586466232942 -6.33339569171279 -5.80092672109617 -5.26845775047945 -4.73598877986283
-10.5576511859893 -11.1102085113524 -11.5437564849853 -11.9773044586181 -12.4108524322509 -12.8444004058838 -13.2779483795166 -13.7114963531494 -14.1450443267822 -14.3025058746338 -14.3679386138916 -14.4333713531495 -14.4988040924073 -14.5642368316651 -14.6296695709229 -14.6951023101807 -14.6516361236574 -14.2814731597901 -13.911310195923 -13.5411472320558 -13.1709842681886 -12.8008213043214 -12.4306583404542 -12.060495376587 -11.7777423858643 -11.5241260528565 -11.2705097198487 -11.0168933868409 -10.7632770538331 -10.5096607208252 -10.2560443878174 -9.98255094289788 -9.64942616224298 -9.31630138158803 -8.98317660093313 -8.65005182027824 -8.31692703962328 -7.98380225896839 -7.65067747831349 -7.14407554864888 -6.57964790264774 -6.0152202566466 -5.45079261064536 -4.88636496464422
-10.5679228941598 -11.1384265899657 -11.5328693389892 -11.9273120880126 -12.3217548370361 -12.7161975860595 -13.110640335083 -13.5050830841064 -13.8995258331299 -14.0425973256429 -14.1018783993191 -14.1611594729954 -14.2204405466716 -14.2797216203478 -14.339002694024 -14.3982837677002 -14.3538627200658 -13.9983353084989 -13.6428078969321 -13.2872804853652 -12.9317530737984 -12.5762256622315 -12.2206982506647 -11.8651708390978 -11.5986840566 -11.3618774837919 -11.1250709109837 -10.8882643381755 -10.6514577653674 -10.4146511925592 -10.177844619751 -9.92921757300702 -9.64512910445539 -9.36104063590372 -9.07695216735209 -8.79286369880047 -8.50877523024879 -8.22468676169716 -7.94059829314554 -7.42228643496838 -6.82590011358271 -6.22951379219705 -5.63312747081128 -5.03674114942562
-10.1731747508049 -10.7200850566228 -11.0855198303859 -11.4509546041489 -11.8163893779119 -12.181824151675 -12.547258925438 -12.912693699201 -13.278128472964 -13.4222655336063 -13.492636689875 -13.5630078461436 -13.6333790024123 -13.7037501586809 -13.7741213149495 -13.8444924712182 -13.8239868587919 -13.5308509402806 -13.2377150217693 -12.944579103258 -12.6514431847467 -12.3583072662354 -12.0651713477241 -11.7720354292128 -11.524793624878 -11.2928498586019 -11.0609060923259 -10.8289623260498 -10.5970185597738 -10.3650747934977 -10.1331310272217 -9.89606471591531 -9.64363076951776 -9.39119682312016 -9.1387628767226 -8.88632893032505 -8.63389498392745 -8.38146103752989 -8.12902709113233 -7.61271862983713 -7.00845199690937 -6.40418536398161 -5.79991873105376 -5.195652098126
-9.37340675592427 -9.85518391132362 -10.2017079591752 -10.5482320070268 -10.8947560548783 -11.2412801027299 -11.5878041505815 -11.934328198433 -12.2808522462846 -12.4415104985239 -12.540213485559 -12.6389164725941 -12.7376194596292 -12.8363224466643 -12.9350254336994 -13.0337284207345 -13.0620085398358 -12.8790200551352 -12.6960315704347 -12.5130430857342 -12.3300546010336 -12.1470661163331 -11.9640776316325 -11.781089146932 -11.5560710906983 -11.3170431772868 -11.0780152638754 -10.8389873504639 -10.5999594370525 -10.360931523641 -10.1219036102295 -9.88309237162278 -9.64493115743008 -9.40676994323734 -9.16860872904465 -8.93044751485195 -8.69228630065921 -8.45412508646651 -8.21596387227382 -7.71537213325509 -7.12730355262768 -6.53923497200027 -5.95116639137276 -5.36309781074534
