data/working_set_collections/6091692-Cassins_Sparrow-MC/2015/bio6.asc
NCOLS 265 
NROWS 230 
XLLCORNER -115.5625 
YLLCORNER 24.8333333333333 
CELLSIZE 0.0833333333333333 
NODATA_value -9999 
[rows 60 to 79 of 230, columns 176 to 219 of 265]
-4.84599568049113 -4.87436075210571 -4.9027258237203 -4.92812662124634 -4.94463459650676 -4.96114257176718 -4.97765054702759 -4.99415852228801 -5.01066649754843 -5.02717447280884 -5.04368244806926 -5.06069981257121 -5.07788697348701 -5.09507413440281 -5.11226129531861 -5.1294484562344 -5.1466356171502 -5.163822778066 -5.18075825373332 -5.19693867365519 -5.21311909357707 -5.22929951349895 -5.24547993342082 -5.2616603533427 -5.27784077326457 -5.29402119318645 -5.30950301488241 -5.32475197050307 -5.34000092612373 -5.35524988174439 -5.37049883736505 -5.38574779298571 -5.40099674860637 -5.41669490602282 -5.43374066882664 -5.45078643163046 -5.46783219443428 -5.4848779572381 -5.50192372004192 -5.51896948284574 -5.53601524564955 -5.55315434137981 -5.57032454808554 -5.58749475479127
-4.77925475438436 -4.80759541193645 -4.83593606948853 -4.86160338719687 -4.87925068537395 -4.89689798355103 -4.91454528172812 -4.9321925799052 -4.94983987808228 -4.96748717625936 -4.98513447443645 -5.00189294815064 -5.01835514704387 -5.0348173459371 -5.05127954483033 -5.06774174372356 -5.08420394261679 -5.10066614151002 -5.11697753270468 -5.13283650080364 -5.1486954689026 -5.16455443700155 -5.18041340510051 -5.19627237319947 -5.21213134129843 -5.22799030939739 -5.24291925430299 -5.25753819147747 -5.27215712865194 -5.28677606582642 -5.3013950030009 -5.31601394017538 -5.33063287734986 -5.34527088801067 -5.35996611913046 -5.37466135025026 -5.38935658137005 -5.40405181248984 -5.41874704360963 -5.43344227472942 -5.44813750584921 -5.46512079238893 -5.48286676406862 -5.5006127357483
-4.71251382827759 -4.74083007176717 -4.76914631525676 -4.79508015314739 -4.81386677424113 -4.83265339533489 -4.85144001642863 -4.87022663752238 -4.88901325861614 -4.90779987970988 -4.92658650080363 -4.94308608373007 -4.95882332060073 -4.97456055747138 -4.99029779434205 -5.00603503121271 -5.02177226808336 -5.03750950495403 -5.05319681167603 -5.06873432795207 -5.08427184422812 -5.09980936050416 -5.1153468767802 -5.13088439305624 -5.14642190933228 -5.16195942560832 -5.17633549372356 -5.19032441245186 -5.20431333118016 -5.21830224990845 -5.23229116863675 -5.24628008736505 -5.26026900609335 -5.27384686999852 -5.28619156943428 -5.29853626887004 -5.31088096830581 -5.32322566774157 -5.33557036717734 -5.3479150666131 -5.36025976604886 -5.37708724339804 -5.39540898005168 -5.41373071670533
-4.64577290217082 -4.6740647315979 -4.70235656102499 -4.7285569190979 -4.74848286310832 -4.76840880711874 -4.78833475112915 -4.80826069513957 -4.82818663914999 -4.8481125831604 -4.86803852717082 -4.88427921930949 -4.89929149415758 -4.91430376900567 -4.92931604385376 -4.94432831870185 -4.95934059354994 -4.97435286839803 -4.98941609064738 -5.00463215510051 -5.01984821955363 -5.03506428400676 -5.05028034845988 -5.06549641291301 -5.08071247736613 -5.09592854181926 -5.10975173314413 -5.12311063342625 -5.13646953370836 -5.14982843399048 -5.1631873342726 -5.17654623455472 -5.18990513483684 -5.20242285198636 -5.2124170197381 -5.22241118748983 -5.23240535524157 -5.24239952299331 -5.25239369074504 -5.26238785849678 -5.27238202624852 -5.28905369440715 -5.30795119603475 -5.32684869766236
-4.57903197606405 -4.60729939142863 -4.63556680679322 -4.66203368504843 -4.68309895197551 -4.7041642189026 -4.72522948582968 -4.74629475275676 -4.76736001968384 -4.78842528661093 -4.80949055353801 -4.82547235488892 -4.83975966771444 -4.85404698053996 -4.86833429336549 -4.88262160619101 -4.89690891901653 -4.91119623184205 -4.92563536961874 -4.94052998224895 -4.95542459487916 -4.97031920750937 -4.98521382013957 -5.00010843276978 -5.01500304539999 -5.0298976580302 -5.04316797256471 -5.05589685440064 -5.06862573623658 -5.08135461807252 -5.09408349990846 -5.10681238174439 -5.11954126358033 -5.13099883397421 -5.13864247004192 -5.14628610610963 -5.15392974217734 -5.16157337824505 -5.16921701431276 -5.17686065038046 -5.18450428644817 -5.20102014541627 -5.22049341201783 -5.23996667861939
-4.51229104995728 -4.54053405125936 -4.56877705256145 -4.59551045099895 -4.6177150408427 -4.63991963068645 -4.6621242205302 -4.68432881037394 -4.7065334002177 -4.72873799006145 -4.75094257990519 -4.76666549046835 -4.7802278412713 -4.79379019207425 -4.8073525428772 -4.82091489368015 -4.8344772444831 -4.84803959528606 -4.86185464859009 -4.87642780939739 -4.89100097020468 -4.90557413101197 -4.92014729181926 -4.93472045262655 -4.94929361343384 -4.96386677424114 -4.97658421198528 -4.98868307537503 -5.00078193876479 -5.01288080215455 -5.0249796655443 -5.03707852893406 -5.04917739232382 -5.05957481596206 -5.06486792034574 -5.07016102472942 -5.0754541291131 -5.08074723349678 -5.08604033788046 -5.09133344226414 -5.09662654664782 -5.11298659642538 -5.1330356280009 -5.15308465957642
-4.44887128406101 -4.47741267946031 -4.50595407485962 -4.53306758668688 -4.55589744779799 -4.5787273089091 -4.60155717002021 -4.62438703113132 -4.64721689224243 -4.67004675335354 -4.69287661446465 -4.7084387143453 -4.72157822714912 -4.73471773995294 -4.74785725275676 -4.76099676556058 -4.7741362783644 -4.78727579116822 -4.80068529976739 -4.81490479575263 -4.82912429173788 -4.84334378772312 -4.85756328370836 -4.87178277969361 -4.88600227567885 -4.90022177166409 -4.9116857846578 -4.922231303321 -4.93277682198419 -4.94332234064739 -4.95386785931058 -4.96441337797377 -4.97495889663697 -4.98386290868124 -4.98784240086874 -4.99182189305624 -4.99580138524374 -4.99978087743124 -5.00376036961874 -5.00773986180624 -5.01171935399374 -5.02718413670858 -5.04647734959921 -5.06577056248983
-4.38877267837525 -4.4179352760315 -4.44709787368775 -4.47470509211223 -4.49764617284139 -4.52058725357056 -4.54352833429973 -4.56646941502889 -4.58941049575806 -4.61235157648723 -4.63529265721639 -4.65079202651978 -4.66381082534791 -4.67682962417603 -4.68984842300416 -4.70286722183228 -4.71588602066041 -4.72890481948853 -4.74212732315064 -4.7559609413147 -4.76979455947877 -4.78362817764283 -4.79746179580689 -4.81129541397095 -4.82512903213502 -4.83896265029908 -4.84847269058229 -4.85654153823853 -4.86461038589478 -4.87267923355104 -4.88074808120729 -4.88881692886354 -4.89688577651979 -4.90386311213177 -4.90756591161093 -4.9112687110901 -4.91497151056927 -4.91867431004843 -4.9223771095276 -4.92607990900677 -4.92978270848593 -4.94361276626588 -4.96081857681276 -4.97802438735963
-4.32867407268948 -4.35845787260268 -4.38824167251587 -4.41634259753757 -4.43939489788479 -4.46244719823202 -4.48549949857924 -4.50855179892646 -4.53160409927369 -4.55465639962091 -4.57770869996813 -4.59314533869426 -4.60604342354669 -4.61894150839912 -4.63183959325155 -4.64473767810398 -4.65763576295641 -4.67053384780884 -4.68356934653389 -4.69701708687677 -4.71046482721965 -4.72391256756253 -4.73736030790541 -4.7508080482483 -4.76425578859118 -4.77770352893406 -4.78525959650676 -4.79085177315607 -4.79644394980537 -4.80203612645468 -4.80762830310399 -4.81322047975329 -4.8188126564026 -4.82386331558229 -4.82728942235312 -4.83071552912395 -4.83414163589479 -4.83756774266562 -4.84099384943645 -4.84441995620729 -4.84784606297812 -4.86004139582317 -4.87515980402629 -4.89027821222942
-4.26857546700372 -4.29898046917385 -4.329385471344 -4.35798010296292 -4.3811436229282 -4.40430714289348 -4.42747066285875 -4.45063418282403 -4.47379770278931 -4.49696122275459 -4.52012474271986 -4.53549865086874 -4.54827602174547 -4.56105339262221 -4.57383076349895 -4.58660813437568 -4.59938550525242 -4.61216287612915 -4.62501136991713 -4.63807323243883 -4.65113509496054 -4.66419695748224 -4.67725882000394 -4.69032068252564 -4.70338254504734 -4.71644440756904 -4.72204650243124 -4.7251620080736 -4.72827751371596 -4.73139301935832 -4.73450852500069 -4.73762403064305 -4.74073953628541 -4.74386351903281 -4.7470129330953 -4.7501623471578 -4.7533117612203 -4.7564611752828 -4.75961058934531 -4.7627600034078 -4.7659094174703 -4.77647002538046 -4.78950103123984 -4.80253203709921
-4.20847686131796 -4.23950306574504 -4.27052927017212 -4.29961760838827 -4.3228923479716 -4.34616708755494 -4.36944182713827 -4.3927165667216 -4.41599130630494 -4.43926604588827 -4.4625407854716 -4.47785196304322 -4.49050861994426 -4.5031652768453 -4.51582193374635 -4.52847859064739 -4.54113524754843 -4.55379190444947 -4.56645339330038 -4.5791293780009 -4.59180536270142 -4.60448134740194 -4.61715733210246 -4.62983331680299 -4.64250930150351 -4.65518528620403 -4.65883340835572 -4.65947224299114 -4.66011107762656 -4.66074991226198 -4.66138874689739 -4.66202758153281 -4.66266641616823 -4.66386372248333 -4.6667364438375 -4.66960916519166 -4.67248188654583 -4.6753546079 -4.67822732925416 -4.68110005060833 -4.6839727719625 -4.69289865493776 -4.70384225845338 -4.71478586196901
-4.14837825563219 -4.18002566231622 -4.21167306900025 -4.24125511381362 -4.264641073015 -4.28802703221639 -4.31141299141778 -4.33479895061917 -4.35818490982056 -4.38157086902195 -4.40495682822334 -4.4202052752177 -4.43274121814304 -4.44527716106839 -4.45781310399374 -4.47034904691909 -4.48288498984443 -4.49542093276978 -4.50789541668363 -4.52018552356297 -4.53247563044231 -4.54476573732165 -4.55705584420099 -4.56934595108033 -4.58163605795967 -4.59392616483901 -4.5956203142802 -4.59378247790867 -4.59194464153715 -4.59010680516562 -4.58826896879409 -4.58643113242256 -4.58459329605104 -4.58386392593385 -4.58645995457968 -4.58905598322552 -4.59165201187135 -4.59424804051718 -4.59684406916302 -4.59944009780885 -4.60203612645468 -4.60932728449504 -4.61818348566692 -4.6270396868388
-4.09513262642754 -4.12768911785549 -4.16024560928345 -4.19032636218601 -4.2129798995124 -4.23563343683879 -4.25828697416518 -4.28094051149156 -4.30359404881795 -4.32624758614434 -4.34890112347073 -4.3632607460022 -4.37485573026869 -4.38645071453519 -4.39804569880168 -4.40964068306817 -4.42123566733467 -4.43283065160116 -4.44433713489109 -4.45557811525133 -4.46681909561158 -4.47806007597182 -4.48930105633206 -4.50054203669231 -4.51178301705255 -4.52302399741279 -4.52304315567018 -4.51932170655993 -4.51560025744969 -4.51187880833945 -4.5081573592292 -4.50443591011896 -4.50071446100872 -4.49827805625069 -4.4996967845493 -4.50111551284791 -4.50253424114652 -4.50395296944513 -4.50537169774374 -4.50679042604236 -4.50820915434097 -4.51445805231731 -4.5223170068529 -4.53017596138849
-4.04873997370402 -4.08249343236287 -4.11624689102173 -4.14683135350545 -4.16790882746379 -4.18898630142212 -4.21006377538046 -4.23114124933879 -4.25221872329712 -4.27329619725546 -4.29437367121379 -4.30701837539674 -4.31685215632122 -4.3266859372457 -4.33651971817017 -4.34635349909465 -4.35618728001913 -4.36602106094361 -4.37577854792278 -4.38530715306601 -4.39483575820924 -4.40436436335247 -4.4138929684957 -4.42342157363893 -4.43295017878216 -4.44247878392539 -4.44110193252565 -4.43608992894492 -4.43107792536419 -4.42606592178346 -4.42105391820273 -4.41604191462201 -4.41102991104128 -4.40710611343385 -4.40644693374635 -4.40578775405885 -4.40512857437135 -4.40446939468386 -4.40381021499635 -4.40315103530886 -4.40249185562136 -4.40829095840456 -4.41624282201133 -4.4241946856181
-4.00234732098049 -4.03729774687025 -4.07224817276001 -4.1033363448249 -4.12283775541518 -4.14233916600546 -4.16184057659573 -4.18134198718601 -4.20084339777629 -4.22034480836657 -4.23984621895684 -4.25077600479127 -4.25884858237373 -4.2669211599562 -4.27499373753866 -4.28306631512113 -4.29113889270359 -4.29921147028606 -4.30721996095446 -4.31503619088068 -4.32285242080689 -4.33066865073311 -4.33848488065932 -4.34630111058554 -4.35411734051176 -4.36193357043797 -4.35916070938112 -4.3528581513299 -4.34655559327869 -4.34025303522747 -4.33395047717626 -4.32764791912504 -4.32134536107383 -4.31593417061701 -4.3131970829434 -4.31045999526979 -4.30772290759618 -4.30498581992257 -4.30224873224896 -4.29951164457535 -4.29677455690174 -4.30212386449179 -4.31016863716975 -4.3182134098477
-3.95595466825697 -3.99210206137763 -4.02824945449829 -4.05984133614434 -4.07776668336656 -4.09569203058879 -4.11361737781101 -4.13154272503323 -4.14946807225545 -4.16739341947768 -4.1853187666999 -4.1945336341858 -4.20084500842625 -4.2071563826667 -4.21346775690715 -4.2197791311476 -4.22609050538805 -4.23240187962851 -4.23866137398614 -4.24476522869535 -4.25086908340455 -4.25697293811375 -4.26307679282295 -4.26918064753215 -4.27528450224135 -4.28138835695056 -4.27721948623658 -4.26962637371488 -4.26203326119318 -4.25444014867148 -4.24684703614978 -4.23925392362808 -4.23166081110638 -4.22476222780017 -4.21994723214045 -4.21513223648073 -4.210317240821 -4.20550224516128 -4.20068724950156 -4.19587225384184 -4.19105725818212 -4.19595677057903 -4.20409445232816 -4.21223213407729
-3.90956201553345 -3.94690637588501 -3.98425073623657 -4.01634632746379 -4.03269561131795 -4.04904489517212 -4.06539417902629 -4.08174346288046 -4.09809274673462 -4.11444203058879 -4.13079131444296 -4.13829126358033 -4.14284143447877 -4.14739160537721 -4.15194177627564 -4.15649194717408 -4.16104211807252 -4.16559228897096 -4.17010278701783 -4.17449426651002 -4.17888574600221 -4.1832772254944 -4.18766870498658 -4.19206018447877 -4.19645166397096 -4.20084314346315 -4.19527826309206 -4.18639459609987 -4.17751092910768 -4.16862726211549 -4.15974359512331 -4.15085992813112 -4.14197626113893 -4.13359028498333 -4.1266973813375 -4.11980447769167 -4.11291157404584 -4.1060186704 -4.09912576675417 -4.09223286310834 -4.0853399594625 -4.08978967666628 -4.09802026748659 -4.1062508583069
-3.86316936280992 -3.90171069039238 -3.94025201797485 -3.97285131878323 -3.98762453926934 -4.00239775975546 -4.01717098024157 -4.03194420072768 -4.04671742121379 -4.0614906416999 -4.07626386218601 -4.08204889297486 -4.08483786053128 -4.08762682808771 -4.09041579564413 -4.09320476320056 -4.09599373075698 -4.0987826983134 -4.10154420004952 -4.10422330432469 -4.10690240859986 -4.10958151287504 -4.11226061715021 -4.11493972142538 -4.11761882570056 -4.12029792997573 -4.11333703994752 -4.10316281848485 -4.09298859702218 -4.0828143755595 -4.07264015409683 -4.06246593263416 -4.05229171117148 -4.04241834216649 -4.03344753053455 -4.0244767189026 -4.01550590727066 -4.00653509563872 -3.99756428400677 -3.98859347237483 -3.97962266074288 -3.98362258275351 -3.99194608264501 -4.0002695825365
-3.79961404800415 -3.83549661636353 -3.8713791847229 -3.90112229453194 -3.91244702868992 -3.92377176284791 -3.9350964970059 -3.94642123116388 -3.95774596532187 -3.96907069947986 -3.98039543363784 -3.98495009740195 -3.98724807103476 -3.98954604466758 -3.99184401830039 -3.9941419919332 -3.99643996556601 -3.99873793919883 -4.001051680247 -4.00341272354127 -4.00577376683554 -4.00813481012982 -4.01049585342409 -4.01285689671836 -4.01521794001263 -4.0175789833069 -4.01027485529583 -3.99974900351632 -3.98922315173681 -3.97869729995729 -3.96817144817778 -3.95764559639826 -3.94711974461875 -3.93678556018407 -3.9270263777839 -3.91726719538372 -3.90750801298355 -3.89774883058338 -3.8879896481832 -3.87823046578303 -3.86847128338286 -3.87220824559531 -3.88044392267864 -3.88867959976197
-3.71889607111614 -3.74826415379843 -3.77763223648072 -3.8011592547099 -3.80716307957969 -3.81316690444948 -3.81917072931927 -3.82517455418906 -3.83117837905886 -3.83718220392865 -3.84318602879844 -3.8469948768616 -3.8500720659892 -3.8531492551168 -3.85622644424441 -3.85930363337201 -3.86238082249962 -3.86545801162722 -3.86862522761029 -3.87206252415977 -3.87549982070925 -3.87893711725873 -3.88237441380821 -3.88581171035769 -3.88924900690717 -3.89268630345664 -3.88609170913699 -3.87615315119428 -3.86621459325157 -3.85627603530886 -3.84633747736615 -3.83639891942344 -3.82646036148074 -3.81669193903607 -3.80743392308555 -3.79817590713503 -3.78891789118451 -3.77965987523399 -3.77040185928347 -3.76114384333295 -3.75188582738243 -3.75554666519167 -3.7635137875875 -3.77148090998333
