data/working_set_collections/6091692-Cassins_Sparrow-MC/2015/bio6.asc
NCOLS 265 
NROWS 230 
XLLCORNER -115.5625 
YLLCORNER 24.8333333333333 
CELLSIZE 0.0833333333333333 
NODATA_value -9999 
[rows 20 to 39 of 230, columns 88 to 131 of 265]
-10.8157655080159 -10.7579065534803 -10.8031105465359 -10.8483145395914 -10.893518532647 -10.9387225257026 -10.9839265187581 -11.0291305118137 -11.0743345048692 -11.0086577097575 -10.9060206519233 -10.8033835940891 -10.7007465362549 -10.5981094784207 -10.4954724205865 -10.3928353627523 -10.3528321584065 -10.5007305145263 -10.6486288706461 -10.7965272267659 -10.9444255828857 -11.0923239390055 -11.2402222951253 -11.3881206512451 -11.1886430104574 -10.8733733707005 -10.5581037309435 -10.2428340911866 -9.92756445142963 -9.61229481167265 -9.29702517191573 -8.97001636823025 -8.60779007275908 -8.24556377728785 -7.88333748181668 -7.52111118634551 -7.15888489087428 -6.79665859540311 -6.43443229993194 -6.32521575291952 -6.30033578872682 -6.27545582453411 -6.25057586034141 -6.2256958961487
-10.9960379282633 -10.942501619127 -10.9695144229465 -10.9965272267659 -11.0235400305854 -11.0505528344048 -11.0775656382243 -11.1045784420437 -11.1315912458632 -11.0736199696859 -10.987320666843 -10.9010213640001 -10.8147220611572 -10.7284227583144 -10.6421234554715 -10.5558241526286 -10.5271984100341 -10.6715933481852 -10.8159882863362 -10.9603832244873 -11.1047781626383 -11.2491731007893 -11.3935680389404 -11.5379629770914 -11.3342993418376 -11.0146161821154 -10.6949330223931 -10.3752498626709 -10.0555667029487 -9.73588354322648 -9.41620038350427 -9.08276508649198 -8.70807337760935 -8.33338166872666 -7.95868995984403 -7.5839982509614 -7.20930654207871 -6.83461483319608 -6.45992312431346 -6.32707935969036 -6.27485157648724 -6.22262379328412 -6.17039601008099 -6.11816822687787
-11.1763103485107 -11.1270966847737 -11.1359182993571 -11.1447399139404 -11.1535615285237 -11.1623831431071 -11.1712047576904 -11.1800263722737 -11.1888479868571 -11.1385822296143 -11.0686206817627 -10.9986591339111 -10.9286975860596 -10.858736038208 -10.7887744903564 -10.7188129425049 -10.7015646616617 -10.842456181844 -10.9833477020263 -11.1242392222086 -11.2651307423909 -11.4060222625732 -11.5469137827555 -11.6878053029378 -11.4799556732178 -11.1558589935303 -10.8317623138428 -10.5076656341553 -10.1835689544678 -9.85947227478029 -9.53537559509281 -9.19551380475369 -8.80835668245961 -8.42119956016546 -8.03404243787137 -7.64688531557729 -7.25972819328314 -6.87257107098906 -6.48541394869497 -6.3289429664612 -6.24936736424766 -6.16979176203413 -6.09021615982058 -6.01064055760705
-11.3565827687581 -11.3116917504204 -11.3023221757677 -11.2929526011149 -11.2835830264621 -11.2742134518093 -11.2648438771566 -11.2554743025038 -11.246104727851 -11.2035444895426 -11.1499206966824 -11.0962969038221 -11.0426731109619 -10.9890493181017 -10.9354255252414 -10.8818017323812 -10.8759309132893 -11.0133190155029 -11.1507071177164 -11.28809521993 -11.4254833221435 -11.562871424357 -11.7002595265706 -11.8376476287841 -11.625612004598 -11.2971018049453 -10.9685916052924 -10.6400814056397 -10.3115712059869 -9.98306100633411 -9.65455080668136 -9.30826252301541 -8.90863998730987 -8.50901745160426 -8.10939491589872 -7.70977238019318 -7.31014984448757 -6.91052730878203 -6.51090477307649 -6.33080657323203 -6.22388315200808 -6.11695973078414 -6.01003630956017 -5.90311288833622
-11.4456114451091 -11.4186673906114 -11.4134027693007 -11.4081381479899 -11.4028735266791 -11.3976089053684 -11.3923442840576 -11.3870796627468 -11.3818150414361 -11.3480576833089 -11.3048027462429 -11.261547809177 -11.218292872111 -11.175037935045 -11.131782997979 -11.0885280609131 -11.0872256384955 -11.2117807600233 -11.3363358815511 -11.4608910030788 -11.5854461246066 -11.7100012461344 -11.8345563676622 -11.95911148919 -11.7452910105388 -11.4186786651612 -11.0920663197836 -10.765453974406 -10.4388416290284 -10.1122292836507 -9.78561693827315 -9.43984024789606 -9.03657052252037 -8.63330079714462 -8.23003107176894 -7.82676134639326 -7.4234916210175 -7.02022189564182 -6.61695217026614 -6.41720361709595 -6.28529545466106 -6.15338729222618 -6.02147912979127 -5.88957096735638
-11.4433963775635 -11.4480236053467 -11.469160079956 -11.4902965545654 -11.5114330291748 -11.5325695037842 -11.5537059783935 -11.5748424530029 -11.5959789276123 -11.5721218109131 -11.5332668304443 -11.4944118499756 -11.4555568695068 -11.4167018890381 -11.3778469085693 -11.3389919281005 -11.3354488372802 -11.4378414154052 -11.5402339935302 -11.6426265716552 -11.7450191497802 -11.8474117279052 -11.9498043060302 -12.0521968841552 -11.8389926910401 -11.5205895741781 -11.2021864573161 -10.8837833404541 -10.5653802235922 -10.2469771067302 -9.9285739898682 -9.59024697939561 -9.19214828809111 -8.79404959678654 -8.39595090548204 -7.99785221417753 -7.59975352287296 -7.20165483156846 -6.80355614026396 -6.58813409805298 -6.43360427220663 -6.27907444636029 -6.12454462051392 -5.97001479466758
-11.4411813100179 -11.4773798200819 -11.5249173906114 -11.5724549611409 -11.6199925316704 -11.6675301022 -11.7150676727295 -11.762605243259 -11.8101428137885 -11.7961859385172 -11.7617309146457 -11.7272758907742 -11.6928208669026 -11.6583658430311 -11.6239108191596 -11.5894557952881 -11.5836720360649 -11.6639020707872 -11.7441321055094 -11.8243621402316 -11.9045921749539 -11.9848222096761 -12.0650522443983 -12.1452822791205 -11.9326943715414 -11.622500483195 -11.3123065948487 -11.0021127065023 -10.691918818156 -10.3817249298096 -10.0715310414632 -9.74065371089518 -9.34772605366186 -8.95479839642847 -8.56187073919515 -8.16894308196182 -7.77601542472843 -7.38308776749511 -6.99016011026179 -6.75906457901002 -6.58191308975222 -6.40476160049442 -6.22761011123659 -6.05045862197879
-11.4389662424723 -11.5067360348171 -11.5806747012668 -11.6546133677165 -11.7285520341661 -11.8024907006158 -11.8764293670654 -11.950368033515 -12.0243066999647 -12.0202500661214 -11.9901949988471 -11.9601399315728 -11.9300848642985 -11.9000297970242 -11.8699747297499 -11.8399196624756 -11.8318952348497 -11.8899627261691 -11.9480302174886 -12.006097708808 -12.0641652001275 -12.1222326914469 -12.1803001827664 -12.2383676740858 -12.0263960520427 -11.724411392212 -11.4224267323812 -11.1204420725505 -10.8184574127198 -10.516472752889 -10.2144880930583 -9.89106044239475 -9.50330381923261 -9.1155471960704 -8.72779057290826 -8.34003394974612 -7.95227732658391 -7.56452070342177 -7.17676408025962 -6.92999505996706 -6.7302219072978 -6.53044875462854 -6.33067560195925 -6.13090244928999
-11.4367511749267 -11.5360922495524 -11.6364320119222 -11.736771774292 -11.8371115366617 -11.9374512990315 -12.0377910614013 -12.1381308237711 -12.2384705861409 -12.2443141937256 -12.2186590830485 -12.1930039723714 -12.1673488616943 -12.1416937510172 -12.1160386403401 -12.090383529663 -12.0801184336344 -12.1160233815511 -12.1519283294677 -12.1878332773844 -12.2237382253011 -12.2596431732177 -12.2955481211344 -12.3314530690511 -12.120097732544 -11.8263223012289 -11.5325468699138 -11.2387714385987 -10.9449960072836 -10.6512205759684 -10.3574451446533 -10.0414671738943 -9.65888158480334 -9.27629599571232 -8.89371040662136 -8.51112481753039 -8.12853922843937 -7.7459536393484 -7.36336805025744 -7.10092554092408 -6.87853072484337 -6.65613590876266 -6.4337410926819 -6.21134627660119
-11.4345361073812 -11.5654484642876 -11.6921893225776 -11.8189301808675 -11.9456710391574 -12.0724118974473 -12.1991527557373 -12.3258936140272 -12.4526344723171 -12.4683783213297 -12.4471231672499 -12.42586801317 -12.4046128590901 -12.3833577050103 -12.3621025509304 -12.3408473968506 -12.3283416324191 -12.342084036933 -12.3558264414469 -12.3695688459608 -12.3833112504747 -12.3970536549886 -12.4107960595025 -12.4245384640164 -12.2137994130453 -11.9282332102458 -11.6426670074463 -11.3571008046468 -11.0715346018474 -10.7859683990479 -10.5004021962484 -10.1918739053939 -9.81445935037409 -9.43704479535425 -9.05963024033447 -8.68221568531468 -8.30480113029484 -7.92738657527506 -7.54997202025527 -7.27185602188112 -7.02683954238895 -6.78182306289678 -6.53680658340457 -6.2917901039124
-11.3831679026286 -11.5251333024767 -11.6746141645643 -11.824095026652 -11.9735758887397 -12.1230567508274 -12.272537612915 -12.4220184750027 -12.5714993370904 -12.617188390096 -12.6282801734076 -12.6393719567193 -12.6504637400309 -12.6615555233425 -12.6726473066541 -12.6837390899658 -12.6902625613742 -12.683081097073 -12.6758996327718 -12.6687181684705 -12.6615367041693 -12.6543552398681 -12.6471737755669 -12.6399923112657 -12.4156134287516 -12.1188354068333 -11.8220573849148 -11.5252793629964 -11.2285013410781 -10.9317233191596 -10.6349452972412 -10.3156075106728 -9.92859043015384 -9.54157334963487 -9.15455626911596 -8.76753918859705 -8.38052210807807 -7.99350502755916 -7.60648794704025 -7.32431573867803 -7.07709182103481 -6.8298679033916 -6.58264398574833 -6.33542006810512
-11.2826465606689 -11.4151467641194 -11.5837065378825 -11.7522663116455 -11.9208260854085 -12.0893858591715 -12.2579456329345 -12.4265054066976 -12.5950651804606 -12.6907444000244 -12.7621301015218 -12.8335158030192 -12.9049015045165 -12.9762872060139 -13.0476729075113 -13.1190586090087 -13.1658812204996 -13.139014561971 -13.1121479034423 -13.0852812449137 -13.058414586385 -13.0315479278564 -13.0046812693277 -12.9778146107991 -12.7255397796631 -12.3981288909912 -12.0707180023193 -11.7433071136475 -11.4158962249756 -11.0884853363037 -10.7610744476319 -10.4126679897309 -10.0012748241426 -9.58988165855414 -9.17848849296579 -8.76709532737744 -8.35570216178902 -7.94430899620066 -7.53291583061231 -7.25830469131475 -7.0292875607809 -6.80027043024706 -6.57125329971318 -6.34223616917933
-11.1821252187093 -11.3051602257622 -11.4927989112006 -11.680437596639 -11.8680762820773 -12.0557149675157 -12.2433536529541 -12.4309923383924 -12.6186310238308 -12.7643004099528 -12.8959800296359 -13.0276596493191 -13.1593392690022 -13.2910188886854 -13.4226985083685 -13.5543781280517 -13.6414998796251 -13.594948026869 -13.5483961741129 -13.5018443213568 -13.4552924686008 -13.4087406158447 -13.3621887630886 -13.3156369103325 -13.0354661305746 -12.6774223751492 -12.3193786197239 -11.9613348642985 -11.6032911088732 -11.2452473534478 -10.8872035980225 -10.5097284687891 -10.0739592181313 -9.63818996747341 -9.20242071681562 -8.76665146615782 -8.33088221549995 -7.89511296484216 -7.45934371418437 -7.19229364395146 -6.98148330052699 -6.77067295710252 -6.55986261367802 -6.34905227025355
-11.0816038767497 -11.195173687405 -11.4018912845188 -11.6086088816325 -11.8153264787462 -12.0220440758599 -12.2287616729736 -12.4354792700873 -12.642196867201 -12.8378564198811 -13.02982995775 -13.221803495619 -13.4137770334879 -13.6057505713568 -13.7977241092257 -13.9896976470946 -14.1171185387505 -14.050881491767 -13.9846444447835 -13.9184073978 -13.8521703508165 -13.785933303833 -13.7196962568495 -13.653459209866 -13.345392481486 -12.9567158593072 -12.5680392371284 -12.1793626149496 -11.7906859927708 -11.4020093705919 -11.0133327484131 -10.6067889478472 -10.14664361212 -9.68649827639269 -9.22635294066545 -8.76620760493821 -8.3060622692109 -7.84591693348366 -7.38577159775642 -7.12628259658818 -6.93367904027308 -6.74107548395798 -6.54847192764286 -6.35586837132776
-10.98108253479 -11.0851871490478 -11.3109836578369 -11.5367801666259 -11.762576675415 -11.9883731842041 -12.2141696929931 -12.4399662017822 -12.6657627105713 -12.9114124298095 -13.1636798858642 -13.4159473419189 -13.6682147979735 -13.9204822540282 -14.1727497100829 -14.4250171661376 -14.5927371978759 -14.506814956665 -14.420892715454 -14.3349704742431 -14.2490482330322 -14.1631259918212 -14.0772037506103 -13.9912815093994 -13.6553188323975 -13.2360093434652 -12.8166998545329 -12.3973903656006 -11.9780808766684 -11.558771387736 -11.1394618988038 -10.7038494269054 -10.2193280061087 -9.73480658531196 -9.25028516451528 -8.7657637437186 -8.28124232292184 -7.79672090212516 -7.31219948132848 -7.06027154922489 -6.88587478001917 -6.71147801081345 -6.5370812416077 -6.36268447240198
-10.8805611928304 -10.9752006106906 -11.220076031155 -11.4649514516194 -11.7098268720838 -11.9547022925483 -12.1995777130127 -12.444453133477 -12.6893285539415 -12.9849684397379 -13.2975298139783 -13.6100911882188 -13.9226525624592 -14.2352139366996 -14.5477753109401 -14.8603366851805 -15.0683558570014 -14.962748421563 -14.8571409861246 -14.7515335506863 -14.6459261152479 -14.5403186798095 -14.4347112443712 -14.3291038089328 -13.965245183309 -13.5153028276232 -13.0653604719374 -12.6154181162517 -12.1654757605659 -11.7155334048801 -11.2655910491944 -10.8009099059636 -10.2920124000974 -9.78311489423124 -9.27421738836511 -8.76531988249899 -8.25642237663278 -7.74752487076666 -7.23862736490053 -6.99426050186161 -6.83807051976526 -6.68188053766891 -6.52569055557254 -6.36950057347619
-10.720417658488 -10.8191663530137 -11.0883117251926 -11.3574570973714 -11.6266024695502 -11.895747841729 -12.1648932139078 -12.4340385860866 -12.7031839582655 -13.0336340586344 -13.3845190684 -13.7354040781656 -14.0862890879312 -14.4371740976969 -14.7880591074625 -15.1389441172281 -15.3743647681342 -15.2633923424615 -15.1524199167887 -15.041447491116 -14.9304750654432 -14.8195026397705 -14.7085302140978 -14.597557788425 -14.2144779205323 -13.7406955718995 -13.2669132232666 -12.7931308746339 -12.3193485260011 -11.8455661773682 -11.3717838287354 -10.8805142455632 -10.3367829587726 -9.79305167198191 -9.24932038519131 -8.70558909840071 -8.16185781161002 -7.61812652481941 -7.07439523802882 -6.83368616104131 -6.6939844873217 -6.55428281360209 -6.41458113988245 -6.27487946616284
-10.5006519317627 -10.6170843760172 -10.9156907399495 -11.2142971038818 -11.5129034678141 -11.8115098317464 -12.1101161956787 -12.4087225596109 -12.7073289235433 -13.057409286499 -13.4246476491291 -13.7918860117594 -14.1591243743896 -14.5263627370198 -14.89360109965 -15.2608394622802 -15.5107639312744 -15.4087467193603 -15.3067295074463 -15.2047122955322 -15.1026950836181 -15.0006778717041 -14.89866065979 -14.796643447876 -14.4030170440674 -13.912187576294 -13.4213581085205 -12.9305286407471 -12.4396991729737 -11.9488697052002 -11.4580402374268 -10.9426624457043 -10.3536396821342 -9.76461691856395 -9.17559415499384 -8.58657139142373 -7.99754862785352 -7.40852586428341 -6.8195031007133 -6.57854852676398 -6.45361668268846 -6.32868483861295 -6.20375299453741 -6.0788211504619
-10.2808862050375 -10.4150023990207 -10.7430697547065 -11.0711371103922 -11.399204466078 -11.7272718217638 -12.0553391774495 -12.3834065331352 -12.711473888821 -13.0811845143635 -13.4647762298583 -13.8483679453531 -14.2319596608479 -14.6155513763427 -14.9991430918375 -15.3827348073323 -15.6471630944146 -15.5541010962592 -15.4610390981038 -15.3679770999485 -15.2749151017931 -15.1818531036377 -15.0887911054823 -14.9957291073269 -14.5915561676026 -14.0836795806886 -13.5758029937744 -13.0679264068604 -12.5600498199464 -12.0521732330323 -11.5442966461182 -11.0048106458453 -10.3704964054957 -9.73618216514599 -9.10186792479636 -8.46755368444674 -7.83323944409701 -7.19892520374739 -6.56461096339777 -6.32341089248663 -6.21324887805521 -6.10308686362379 -5.99292484919235 -5.88276283476093
-10.0611204783122 -10.2129204220241 -10.5704487694634 -10.9279771169026 -11.2855054643418 -11.6430338117811 -12.0005621592203 -12.3580905066595 -12.7156188540988 -13.1049597422281 -13.5049048105875 -13.9048498789469 -14.3047949473062 -14.7047400156656 -15.104685084025 -15.5046301523844 -15.7835622575548 -15.6994554731581 -15.6153486887614 -15.5312419043647 -15.447135119968 -15.3630283355713 -15.2789215511746 -15.1948147667779 -14.7800952911378 -14.2551715850831 -13.7302478790284 -13.2053241729737 -12.680400466919 -12.1554767608643 -11.6305530548096 -11.0669588459864 -10.3873531288573 -9.70774741172802 -9.02814169459889 -8.34853597746976 -7.66893026034051 -6.98932454321137 -6.30971882608224 -6.06827325820927 -5.97288107342195 -5.87748888863463 -5.78209670384729 -5.68670451905997
