data/working_set_collections/6091692-Cassins_Sparrow-MC/2015/bio6.asc
NCOLS 265 
NROWS 230 
XLLCORNER -115.5625 
YLLCORNER 24.8333333333333 
CELLSIZE 0.0833333333333333 
NODATA_value -9999 
[rows 180 to 199 of 230, columns 88 to 131 of 265]
0.772739395499329 0.300008048282765 0.14201210770344 -0.0159838328758579 -0.173979773455156 -0.331975714034481 -0.489971654613779 -0.647967595193076 -0.805963535772401 -0.788277923067414 -0.712031792600959 -0.63578566213449 -0.559539531668034 -0.483293401201579 -0.40704727073511 -0.330801140268654 -0.210975228084514 0.0395900292528713 0.290155286590214 0.540720543927557 0.791285801264942 1.04185105860229 1.29241631593963 1.54298157327701 1.75423178275422 1.95237697627804 2.15052216980189 2.34866736332571 2.54681255684953 2.74495775037339 2.94310294389721 3.08309825261434 3.04864390691122 3.01418956120809 2.97973521550497 2.94528086980184 2.91082652409872 2.87637217839559 2.84191783269247 2.80393412907919 2.76477397282919 2.72561381657919 2.68645366032919 2.64729350407919
0.766686233878233 0.301651758948999 0.136029814680437 -0.0295921295880966 -0.19521407385663 -0.360836018125192 -0.526457962393726 -0.69207990666226 -0.857701850930822 -0.837239816784864 -0.754749789834034 -0.67225976288319 -0.589769735932359 -0.507279708981529 -0.424789682030684 -0.342299655079854 -0.216242731610991 0.0405148814121589 0.297272494435265 0.554030107458372 0.810787720481522 1.06754533350463 1.32430294652774 1.58106055955089 1.79220582246776 1.98814696868256 2.18408811489738 2.38002926111217 2.57597040732697 2.77191155354179 2.96785269975658 3.10616140365601 3.07157278060914 3.03698415756226 3.00239553451538 2.96780691146851 2.93321828842163 2.89862966537476 2.86404104232789 2.82314901351929 2.78015584945679 2.7371626853943 2.69416952133179 2.6511763572693
0.760633072257137 0.303295469615234 0.130047521657434 -0.0432004263003353 -0.216448374258105 -0.389696322215904 -0.562944270173674 -0.736192218131444 -0.909440166089243 -0.886201710502315 -0.79746778706711 -0.708733863631889 -0.619999940196684 -0.531266016761479 -0.442532093326258 -0.353798169891053 -0.221510235137469 0.0414397335714464 0.304389702280317 0.567339670989187 0.830289639698102 1.09323960840697 1.35618957711584 1.61913954582476 1.83017986218131 2.02391696108707 2.21765405999287 2.41139115889863 2.6051282578044 2.7988653567102 2.99260245561596 3.12922455469768 3.09450165430705 3.05977875391642 3.0250558535258 2.99033295313518 2.95561005274455 2.92088715235393 2.8861642519633 2.8423638979594 2.7955377260844 2.7487115542094 2.7018853823344 2.6550592104594
0.754579910636041 0.304939180281468 0.124065228634432 -0.0568087230125728 -0.237682674659578 -0.418556626306613 -0.599430577953618 -0.780304529600623 -0.961178481247659 -0.935163604219761 -0.840185784300181 -0.745207964380586 -0.650230144461006 -0.555252324541427 -0.460274504621831 -0.365296684702251 -0.226777738663945 0.0423645857307338 0.311506910125367 0.580649234520001 0.84979155891468 1.11893388330931 1.38807620770395 1.65721853209863 1.86815390189485 2.05968695349158 2.25122000508835 2.44275305668509 2.63428610828183 2.8258191598786 3.01735221147533 3.15228770573934 3.11743052800497 3.08257335027059 3.04771617253622 3.01285899480184 2.97800181706747 2.94314463933309 2.90828746159872 2.8615787823995 2.810919602712 2.76026042302451 2.709601243337 2.65894206364951
0.748526749014945 0.306582890947702 0.118082935611429 -0.0704170197248114 -0.258916975061052 -0.447416930397325 -0.635916885733566 -0.824416841069807 -1.01291679640608 -0.984125497937211 -0.882903781533257 -0.781682065129285 -0.680460348725331 -0.579238632321377 -0.478016915917405 -0.376795199513451 -0.232045242190423 0.0432894378900213 0.318624117970418 0.593958798050816 0.86929347813126 1.14462815821166 1.41996283829205 1.6952975183725 1.90612794160839 2.0954569458961 2.28478595018384 2.47411495447155 2.66344395875926 2.852772963047 3.04210196733471 3.17535085678101 3.14035940170289 3.10536794662476 3.07037649154663 3.03538503646851 3.00039358139038 2.96540212631226 2.93041067123414 2.88079366683961 2.82630147933961 2.77180929183961 2.71731710433961 2.66282491683961
0.742473587393849 0.308226601613937 0.112100642588427 -0.0840253164370501 -0.280151275462527 -0.476277234488037 -0.672403193513514 -0.86852915253899 -1.0646551115645 -1.03308739165466 -0.925621778766333 -0.818156165877985 -0.710690552989656 -0.603224940101327 -0.495759327212979 -0.38829371432465 -0.2373127457169 0.0442142900493088 0.32574132581547 0.60726836158163 0.888795397347839 1.170322433114 1.45184946888016 1.73337650464637 1.94410198132193 2.13122693830061 2.31835189527933 2.50547685225801 2.69260180923669 2.8797267662154 3.06685172319409 3.19841400782268 3.1632882754008 3.12816254297893 3.09303681055705 3.05791107813518 3.0227853457133 2.98765961329143 2.95253388086955 2.90000855127971 2.84168335596722 2.78335816065472 2.72503296534221 2.66670777002972
0.828487637887451 0.385772448198681 0.170728303078148 -0.0443158420423485 -0.259359987162845 -0.474404132283378 -0.689448277403875 -0.904492422524371 -1.1195365676449 -1.08429232731773 -0.965618625174607 -0.846944923031464 -0.728271220888341 -0.609597518745218 -0.490923816602075 -0.372250114458952 -0.211993413051252 0.0730122861503703 0.358017985351945 0.643023684553519 0.928029383755141 1.21303508295672 1.49804078215829 1.78304648135991 1.99054947197433 2.17221822639301 2.35388698081173 2.53555573523041 2.71722448964909 2.8988932440678 3.08056199848649 3.20850879881118 3.17528973685371 3.14207067489625 3.10885161293878 3.07563255098132 3.04241348902385 3.00919442706638 2.97597536510892 2.92290970484416 2.86322851181031 2.80354731877646 2.7438661257426 2.68418493270875
1.00656890049583 0.539220430702001 0.293965917080648 0.0487114034593365 -0.196543110161975 -0.441797623783328 -0.687052137404639 -0.93230665102595 -1.1775611646473 -1.13774030492642 -1.00289432075808 -0.868048336589721 -0.73320235242138 -0.59835636825304 -0.463510384084677 -0.328664399916337 -0.156087244193455 0.12968342619323 0.415454096579866 0.701224766966501 0.986995437353186 1.27276610773982 1.55853677812646 1.84430744851314 2.0454704135656 2.2184308101733 2.39139120678104 2.56435160338875 2.73731199999646 2.9102723966042 3.08323279321191 3.20563522974651 3.17636378606161 3.14709234237671 3.11782089869182 3.08854945500692 3.05927801132202 3.03000656763713 3.00073512395223 2.94949712753296 2.8909369468689 2.83237676620485 2.77381658554078 2.71525640487672
1.18465016310421 0.69266841320532 0.417203531083147 0.141738648961021 -0.133726233161104 -0.409191115283277 -0.684655997405403 -0.960120879527529 -1.2355857616497 -1.19118828253512 -1.04017001634156 -0.889151750147978 -0.73813348395442 -0.587115217760862 -0.436096951567279 -0.285078685373721 -0.100181075335657 0.186354566236089 0.472890207807787 0.759425849379484 1.04596149095123 1.33249713252293 1.61903277409463 1.90556841566637 2.10039135515686 2.2646433939536 2.42889543275036 2.59314747154709 2.75739951034383 2.92165154914059 3.08590358793733 3.20276166068184 3.17743783526951 3.15211400985718 3.12679018444486 3.10146635903253 3.0761425336202 3.05081870820788 3.02549488279555 2.97608455022177 2.9186453819275 2.86120621363323 2.80376704533895 2.74632787704469
1.36273142571257 0.846116395708627 0.540441145085636 0.234765894462699 -0.0709093561602394 -0.376584606783229 -0.682259857406167 -0.987935108029105 -1.2936103586521 -1.24463626014381 -1.07744571192504 -0.910255163706233 -0.743064615487459 -0.575874067268685 -0.408683519049883 -0.241492970831109 -0.0442749064778639 0.243025706278944 0.530326319035703 0.817626931792462 1.10492754454927 1.39222815730603 1.67952877006279 1.9668293828196 2.15531229674812 2.31085597773389 2.46639965871967 2.62194333970544 2.7774870206912 2.93303070167698 3.08857438266275 3.19988809161717 3.17851188447741 3.15713567733765 3.13575947019789 3.11438326305814 3.09300705591838 3.07163084877862 3.05025464163886 3.00267197291057 2.94635381698609 2.89003566106161 2.83371750513713 2.77739934921265
1.54081268832095 0.999564378211946 0.663678759088136 0.327793139964383 -0.00809247915936902 -0.343978098283179 -0.679863717406931 -1.01574933653068 -1.35163495565449 -1.2980842377525 -1.11472140750851 -0.93135857726449 -0.747995747020499 -0.564632916776507 -0.381270086532484 -0.197907256288493 0.0116312623799339 0.299696846321804 0.587762430263624 0.875828014205445 1.16389359814731 1.45195918208914 1.74002476603096 2.02809034997283 2.21023323833939 2.35706856151418 2.50390388468899 2.65073920786378 2.79757453103857 2.94440985421338 3.09124517738817 3.1970145225525 3.17958593368531 3.16215734481812 3.14472875595093 3.12730016708374 3.10987157821655 3.09244298934937 3.07501440048218 3.02925939559937 2.97406225204469 2.91886510849 2.86366796493531 2.80847082138062
1.71889395092933 1.15301236071527 0.786916373090636 0.420820385466068 0.0547243978415014 -0.311371589783128 -0.677467577407695 -1.04356356503226 -1.40965955265689 -1.3515322153612 -1.15199710309199 -0.952461990822747 -0.752926878553538 -0.553391766284329 -0.353856654015086 -0.154321541745877 0.0675374312377316 0.356367986364663 0.645198541491545 0.934029096618428 1.22285965174536 1.51169020687224 1.80052076199912 2.08935131712606 2.26515417993066 2.40328114529447 2.54140811065831 2.67953507602212 2.81766204138593 2.95578900674977 3.09391597211359 3.19414095348782 3.18065998289321 3.16717901229859 3.15369804170397 3.14021707110935 3.12673610051473 3.11325512992011 3.09977415932549 3.05584681828817 3.00177068710328 2.94769455591839 2.89361842473348 2.83954229354859
2.00104319949948 1.4185750467289 1.02803956603422 0.637504085339605 0.246968604644992 -0.143566876049687 -0.534102356744299 -0.924637837438912 -1.31517331813359 -1.26725614485339 -1.07318808691481 -0.8791200289762 -0.685051971037623 -0.490983913099046 -0.296915855160436 -0.10284779722186 0.114681155136196 0.402592790752816 0.690504426369388 0.978416061985959 1.26632769760258 1.55423933321915 1.84215096883572 2.13006260445234 2.30408468246457 2.44014357460866 2.57620246675277 2.71226135889686 2.84832025104095 2.98437914318506 3.12043803532915 3.21967772377861 3.20845980114406 3.19724187850951 3.18602395587496 3.17480603324042 3.16358811060587 3.15237018797132 3.14115226533677 3.09610560735067 3.03978270424737 2.98345980114408 2.92713689804077 2.87081399493748
2.38726043403153 1.79625243625296 1.387048337919 0.977844239585113 0.568640141251225 0.159436042917266 -0.249768055416622 -0.658972153750511 -1.06817625208447 -1.04525602622896 -0.878294358976877 -0.71133269172477 -0.544371024472692 -0.377409357220613 -0.210447689968506 -0.0434860227164267 0.153062434075329 0.438371259486264 0.723680084897151 1.00898891030804 1.29429773571897 1.57960656112986 1.86491538654075 2.15022421195168 2.32702474594113 2.46765584945675 2.60828695297239 2.74891805648801 2.88954916000362 3.03018026351926 3.17081136703488 3.27362483342488 3.2629853884379 3.25234594345092 3.24170649846394 3.23106705347696 3.22042760848998 3.209788163503 3.19914871851603 3.15003576278687 3.08809830347698 3.02616084416708 2.96422338485718 2.90228592554729
2.77347766856358 2.17392982577702 1.74605710980379 1.31818439383062 0.890311677857457 0.462438961884219 0.0345662459110545 -0.39330647006211 -0.821179186035348 -0.823255907604526 -0.683400631038946 -0.543545354473341 -0.40369007790776 -0.263834801342179 -0.123979524776575 0.0158757517890061 0.191443713014462 0.474149728219712 0.756855743424914 1.03956175863012 1.32226777383537 1.60497378904057 1.88767980424577 2.17038581945102 2.3499648094177 2.49516812430484 2.64037143919201 2.78557475407915 2.9307780689663 3.07598138385347 3.22118469874061 3.32757194307115 3.31751097573174 3.30745000839233 3.29738904105292 3.28732807371351 3.2772671063741 3.26720613903469 3.25714517169528 3.20396591822307 3.13641390270658 3.06886188719009 3.00130987167359 2.9337578561571
3.1596949030956 2.55160721530106 2.10506588168854 1.6585245480761 1.21198321446366 0.765441880851147 0.318900547238707 -0.127640786373732 -0.574182119986248 -0.601255788980115 -0.48850690310103 -0.375758017221926 -0.263009131342841 -0.150260245463756 -0.0375113595846513 0.0752375262944338 0.229824991953591 0.509928196953157 0.790031401952674 1.07013460695219 1.35023781195176 1.63034101695127 1.91044422195079 2.19054742695036 2.37290487289426 2.52268039915293 2.67245592541162 2.8222314516703 2.97200697792897 3.12178250418766 3.27155803044633 3.38151905271741 3.37203656302557 3.36255407333373 3.35307158364189 3.34358909395005 3.33410660425821 3.32462411456637 3.31514162487453 3.25789607365926 3.18472950193618 3.11156293021309 3.03839635849 2.96522978676691
3.54591213762765 2.92928460482512 2.46407465357333 1.99886470232161 1.53365475106989 1.0684447998181 0.603234848566384 0.138024897314669 -0.327185053937126 -0.379255670355685 -0.293613175163098 -0.207970679970497 -0.122328184777909 -0.0366856895853223 0.0489568056072795 0.134599300799867 0.268206270892724 0.545706665686604 0.823207060480437 1.10070745527427 1.37820785006815 1.65570824486198 1.93320863965582 2.2107090344497 2.39584493637082 2.55019267400102 2.70454041163124 2.85888814926144 3.01323588689164 3.16758362452187 3.32193136215206 3.43546616236368 3.42656215031941 3.41765813827514 3.40875412623087 3.3998501141866 3.39094610214233 3.38204209009806 3.37313807805378 3.31182622909546 3.23304510116578 3.1542639732361 3.0754828453064 2.99670171737672
3.9321293721597 3.30696199434919 2.82308342545811 2.33920485656712 1.85532628767613 1.37144771878505 0.887569149894061 0.403690581003069 -0.080187987888005 -0.157255551731255 -0.0987194472251663 -0.0401833427190672 0.018352761787022 0.0768888662931111 0.13542497079921 0.193961075305299 0.306587549831857 0.581485134420052 0.8563827190082 1.13128030359635 1.40617788818454 1.68107547277269 1.95597305736084 2.23087064194904 2.41878499984738 2.57770494884911 2.73662489785086 2.89554484685259 3.05446479585432 3.21338474485607 3.37230469385779 3.48941327200995 3.48108773761325 3.47276220321655 3.46443666881985 3.45611113442314 3.44778560002644 3.43946006562974 3.43113453123304 3.36575638453166 3.28136070039538 3.1969650162591 3.11256933212281 3.02817364798653
4.39865717887879 3.77381379105565 3.27270906656562 2.77160434207567 2.27049961758572 1.76939489309568 1.26829016860574 0.767185444115787 0.266080719625753 0.148963667390168 0.159842505906125 0.170721344422083 0.18160018293804 0.192479021453997 0.203357859969956 0.214236698485913 0.29003345900107 0.560583985514096 0.831134512027075 1.10168503854005 1.37223556505308 1.64278609156606 1.91333661807904 2.18388714459207 2.37188279728094 2.5323601586951 2.69283752010929 2.85331488152345 3.01379224293761 3.17426960435179 3.33474696576595 3.45583308537803 3.45874547958376 3.46165787378948 3.46457026799521 3.46748266220093 3.47039505640666 3.47330745061238 3.47621984481811 3.41645421981812 3.33579592174955 3.25513762368097 3.17447932561238 3.09382102754381
4.94549555778505 4.32983999494465 3.81295157689598 3.29606315884739 2.7791747407988 2.26228632275013 1.74539790470154 1.22850948665295 0.711621068604273 0.539401987008693 0.482072684230862 0.42474338145302 0.367414078675189 0.310084775897357 0.252755473119515 0.195426170341683 0.218543998400322 0.483003218968693 0.747462439537018 1.01192166010534 1.27638088067371 1.54084010124204 1.80529932181036 2.06975854237873 2.25513832867145 2.41415830353894 2.57317827840646 2.73219825327396 2.89121822814145 3.05023820300897 3.20925817787647 3.33472560246787 3.35953537623089 3.38434514999391 3.40915492375692 3.43396469751994 3.45877447128296 3.48358424504597 3.50839401880899 3.46391973495484 3.39635076522828 3.32878179550172 3.26121282577514 3.19364385604858
