data/working_set_collections/6091692-Cassins_Sparrow-MC/2015/bio7.asc
NCOLS 265 
NROWS 230 
XLLCORNER -115.5625 
YLLCORNER 24.8333333333333 
CELLSIZE 0.0833333333333333 
NODATA_value -9999 
[rows 160 to 179 of 230, columns 0 to 45 of 265]
28.3435897827149 28.7335983276367 29.1236068725586 29.5136154174805 29.9036239624023 30.2936325073241 30.683641052246 29.5424354553225 27.8908251444502 26.2392148335776 24.5876045227053 22.935994211833 -9999 -9999 -9999 -9999 -9999 -9999 -9999 -9999 -9999 -9999 -9999 -9999 -9999 -9999 -9999 -9999 -9999 21.6974604288736 22.690793355306 23.6841262817382 24.6774592081704 25.6707921346028 26.664125061035 27.6574579874673 28.6507909138997 29.1789710998535 29.5521003723144 29.9252296447754 30.2983589172363 30.6714881896972 31.0446174621582 31.4177467346191 31.7050237019857 31.734743754069
27.7753914727105 28.2767430623372 28.7780946519639 29.2794462415907 29.7807978312174 30.2821494208441 30.7835010104709 29.6895235697431 28.0637697855635 26.4380160013836 24.812262217204 23.1865084330244 -9999 -9999 -9999 -9999 -9999 -9999 -9999 -9999 -9999 -9999 -9999 -9999 -9999 -9999 -9999 -9999 -9999 -9999 22.2174402872721 23.2553980509439 24.2933558146157 25.3313135782877 26.3692713419595 27.4072291056313 28.4451868693033 29.006078338623 29.4079477098252 29.8098170810275 30.2116864522298 30.613555823432 31.0154251946343 31.4172945658365 31.7269234551324 31.7598308987088
26.9177012973363 27.5440803527833 28.1704594082303 28.7968384636774 29.4232175191244 30.0495965745713 30.6759756300184 29.6648742675784 28.1079460991757 26.5510179307727 24.99408976237 23.4371615939673 -9999 -9999 -9999 -9999 -9999 -9999 -9999 -9999 -9999 -9999 -9999 -9999 -9999 -9999 -9999 -9999 -9999 -9999 -9999 22.7467567443847 23.8168485005695 24.8869402567545 25.9570320129394 27.0271237691242 28.0972155253092 28.6882827758789 29.1196751912435 29.5510676066081 29.9824600219727 30.4138524373372 30.8452448527018 31.2766372680664 31.6111768086752 31.6551577250163
25.7705192565919 26.5356101989746 27.3007011413574 28.0657920837403 28.830883026123 29.5959739685058 30.3610649108886 29.4684875488284 28.0233540852868 26.578220621745 25.1330871582033 23.6879536946617 -9999 -9999 -9999 -9999 -9999 -9999 -9999 -9999 -9999 -9999 -9999 -9999 -9999 -9999 -9999 -9999 -9999 -9999 -9999 -9999 23.2479372660317 24.3376721700032 25.4274070739745 26.5171419779458 27.6068768819173 28.2255844116211 28.687282816569 29.1489812215169 29.6106796264648 30.0723780314127 30.5340764363607 30.9957748413086 31.357783762614 31.4207242329916
24.6233372158475 25.527140045166 26.4309428744845 27.3347457038032 28.2385485331217 29.1423513624402 30.0461541917588 29.2721008300784 27.9387620713979 26.6054233127172 25.2720845540367 23.9387457953562 -9999 -9999 -9999 -9999 -9999 -9999 -9999 -9999 -9999 -9999 -9999 -9999 -9999 -9999 -9999 -9999 -9999 -9999 -9999 -9999 22.679026031494 23.7884040832519 24.8977821350097 26.0071601867674 27.1165382385253 27.7628860473633 28.2548904418945 28.7468948364258 29.238899230957 29.7309036254882 30.2229080200195 30.7149124145507 31.1043907165528 31.1862907409668
23.4761551751032 24.5186698913574 25.5611846076117 26.6036993238661 27.6462140401204 28.6887287563746 29.7312434726291 29.0757141113284 27.854170057509 26.6326260036894 25.41108194987 24.1895378960506 -9999 -9999 -9999 -9999 -9999 -9999 -9999 -9999 -9999 -9999 -9999 -9999 -9999 -9999 -9999 -9999 -9999 -9999 -9999 -9999 22.1101147969562 23.2391359965006 24.3681571960448 25.497178395589 26.6261995951334 27.3001876831055 27.82249806722 28.3448084513347 28.8671188354492 29.3894292195637 29.9117396036784 30.4340499877929 30.8509976704916 30.9518572489421
22.3289731343588 23.5101997375488 24.6914263407388 25.872652943929 27.053879547119 28.2351061503091 29.4163327534993 28.8793273925783 27.7695780436201 26.6598286946616 25.5500793457033 24.440329996745 -9999 -9999 -9999 -9999 -9999 -9999 -9999 -9999 -9999 -9999 -9999 -9999 -9999 -9999 -9999 -9999 -9999 -9999 -9999 -9999 21.5412035624185 22.6898679097493 23.83853225708 24.9871966044106 26.1358609517415 26.8374893188476 27.3901056925455 27.9427220662435 28.4953384399414 29.0479548136393 29.6005711873372 30.1531875610351 30.5976046244304 30.7174237569173
21.1817910936144 22.5017295837402 23.8216680738659 25.1416065639919 26.4615450541177 27.7814835442435 29.1014220343695 28.6829406738283 27.6849860297311 26.6870313856338 25.6890767415366 24.6911220974394 -9999 -9999 -9999 -9999 -9999 -9999 -9999 -9999 -9999 -9999 -9999 -9999 -9999 -9999 -9999 -9999 -9999 -9999 -9999 -9999 20.9722923278807 22.140599822998 23.3089073181151 24.4772148132322 25.6455223083496 26.3747909545898 26.957713317871 27.5406356811523 28.1235580444335 28.7064804077148 29.2894027709961 29.8723251342773 30.3442115783692 30.4829902648926
19.708500756158 21.1286277770997 22.5487547980415 23.9688818189834 25.3890088399252 26.8091358608669 28.2292628818089 27.9850791931156 27.1861252678769 26.387171342638 25.5882174173993 24.7892634921606 23.9903095669217 -9999 -9999 -9999 -9999 -9999 -9999 -9999 -9999 -9999 -9999 -9999 -9999 -9999 -9999 -9999 -9999 -9999 -9999 -9999 -9999 21.6768598768446 22.8113311767577 23.9458024766709 25.0802737765842 25.8290321350098 26.4492195129394 27.0694068908692 27.6895942687988 28.3097816467285 28.9299690246582 29.5501564025879 30.0537268744575 30.2074466281467
17.9091021219891 19.390894317627 20.8726865132649 22.3544787089031 23.836270904541 25.318063100179 26.7998552958171 26.7857429504397 26.2729957580569 25.760248565674 25.2475013732912 24.7347541809083 24.2220069885254 23.7092597961426 23.1391596476237 -9999 -9999 -9999 -9999 -9999 -9999 -9999 -9999 -9999 -9999 -9999 -9999 -9999 -9999 -9999 -9999 -9999 -9999 -9999 22.3458038330077 23.3929595947264 24.4401153564453 25.2002128601074 25.8646242777506 26.5290356953939 27.1934471130371 27.8578585306803 28.5222699483236 29.1866813659667 29.7261505126953 29.8907928466797
16.1097034878202 17.6531608581543 19.1966182284884 20.7400755988228 22.2835329691569 23.826990339491 25.3704477098253 25.5864067077639 25.3598662482369 25.13332578871 24.906785329183 24.6802448696561 24.4537044101291 24.2271639506022 23.8797707451715 23.169819302029 -9999 -9999 -9999 -9999 -9999 -9999 -9999 -9999 -9999 -9999 -9999 -9999 -9999 -9999 -9999 -9999 -9999 -9999 -9999 22.840116712782 23.7999569363064 24.571393585205 25.2800290425618 25.9886644999186 26.6972999572753 27.4059354146321 28.1145708719889 28.8232063293456 29.3985741509332 29.5741390652127
14.3103048536514 15.9154273986817 17.520549943712 19.1256724887425 20.7307950337728 22.3359175788031 23.9410401238337 24.3870704650881 24.446736738417 24.506403011746 24.5660692850749 24.6257355584039 24.6854018317328 24.7450681050617 24.6203818427192 23.9426379733615 23.2648941040039 22.5871502346463 -9999 -9999 -9999 -9999 -9999 -9999 -9999 -9999 -9999 -9999 -9999 -9999 -9999 -9999 -9999 -9999 -9999 22.2872738308376 23.1597985161676 23.9425743103027 24.695433807373 25.4482933044434 26.2011528015136 26.9540122985839 27.7068717956543 28.4597312927246 29.070997789171 29.2574852837457
12.5109062194825 14.177693939209 15.8444816589355 17.5112693786622 19.1780570983887 20.8448448181151 22.5116325378418 23.1877342224123 23.5336072285971 23.879480234782 24.2253532409668 24.5712262471516 24.9170992533365 25.2629722595213 25.3609929402669 24.715456644694 24.0699203491211 23.4243840535482 -9999 -9999 -9999 -9999 -9999 -9999 -9999 -9999 -9999 -9999 -9999 -9999 -9999 -9999 -9999 -9999 -9999 -9999 22.5196400960287 23.3137550354004 24.1108385721842 24.9079221089681 25.7050056457519 26.5020891825357 27.2991727193196 28.0962562561034 28.7434214274089 28.9408315022787
-9999 12.4399604797363 14.1684133741589 15.8968662685818 17.6253191630045 19.3537720574271 21.08222495185 21.9883979797364 22.6204777187771 23.2525574578179 23.8846371968587 24.5167169358994 25.1487966749402 25.7808764139809 26.1016040378147 25.4882753160264 24.8749465942383 24.2616178724501 23.6482891506618 23.0349604288737 22.4216317070855 -9999 -9999 -9999 19.8820576137966 -9999 -9999 -9999 -9999 -9999 -9999 -9999 -9999 -9999 -9999 -9999 21.8794816758898 22.684935760498 23.5262433369953 24.3675509134928 25.2088584899902 26.0501660664875 26.891473642985 27.7327812194823 28.4158450656467 28.6241777208117
-9999 -9999 -9999 14.4128623962403 16.050784556071 17.6887067159017 19.3266288757326 20.3719487508141 21.2197345309789 22.0675203111439 22.9153060913088 23.7630918714736 24.6108776516386 25.4586634318035 25.975327809652 25.4986279805503 25.0219281514488 24.5452283223472 24.0685284932455 23.5918286641439 23.1151288350423 -9999 -9999 21.2327970716689 20.4976787990994 19.76256052653 19.0274422539606 -9999 -9999 -9999 -9999 -9999 -9999 -9999 -9999 -9999 21.3923072814941 22.1971961975097 23.0687060038247 23.9402158101399 24.811725616455 25.68323542277 26.5547452290852 27.4262550354003 28.1371485392253 28.3661931355794
-9999 -9999 -9999 -9999 14.4544532775879 15.8496487935384 17.2448443094891 18.3383865356447 19.3313776652019 20.3243687947593 21.3173599243165 22.3103510538737 23.3033421834311 24.2963333129883 24.9821642557782 24.7465146382651 24.5108650207521 24.275215403239 24.0395657857259 23.8039161682129 23.5682665506998 23.3326169331868 -9999 21.899723815918 21.1145919799805 20.329460144043 19.5443283081056 18.759196472168 -9999 -9999 -9999 -9999 -9999 -9999 -9999 -9999 -9999 21.8505363464355 22.7382265726724 23.6259167989095 24.5136070251464 25.4012972513833 26.2889874776204 27.1766777038573 27.9073318481445 28.166877746582
-9999 -9999 -9999 -9999 -9999 -9999 -9999 16.3048243204754 17.4430207994249 18.5812172783747 19.7194137573243 20.8576102362738 21.9958067152236 23.1340031941731 23.9890007019044 23.9944012959799 23.9998018900554 24.0052024841309 24.0106030782064 24.0160036722819 24.0214042663574 24.0268048604328 23.4017959594727 22.5666505601672 21.7315051608616 20.8963597615561 20.0612143622506 19.2260689629449 18.3909235636394 17.8666114807127 -9999 -9999 -9999 -9999 -9999 -9999 -9999 -9999 22.40774714152 23.311617787679 24.2154884338378 25.1193590799966 26.0232297261555 26.9271003723143 27.6775151570638 27.9675623575846
-9999 -9999 -9999 -9999 -9999 -9999 -9999 -9999 15.5546639336481 16.8380657619902 18.1214675903321 19.404869418674 20.6882712470162 21.9716730753581 22.9958371480307 23.2422879536948 23.4887387593588 23.7351895650228 23.9816403706868 24.2280911763508 24.4745419820148 24.7209927876789 24.1187362670899 23.2335773044163 -9999 21.463259379069 20.5781004163955 19.6929414537218 18.8077824910482 18.2213554382323 -9999 -9999 -9999 -9999 -9999 -9999 -9999 21.157216644287 22.0772677103677 22.9973187764485 23.9173698425292 24.8374209086099 25.7574719746907 26.6775230407714 27.447698465983 27.7682469685872
-9999 -9999 -9999 -9999 -9999 -9999 -9999 -9999 -9999 15.0949142456056 16.5235214233399 17.9521286010741 19.3807357788087 20.8093429565429 22.002673594157 22.4901746114096 22.9776756286621 23.4651766459146 23.9526776631673 24.4401786804198 24.9276796976723 25.415180714925 24.8356765747071 23.9005040486655 -9999 -9999 21.0949864705405 20.1598139444987 19.2246414184571 -9999 -9999 -9999 -9999 -9999 -9999 -9999 20.0555458068848 20.8105567932128 21.7467882792153 22.683019765218 23.6192512512206 24.5554827372231 25.4917142232258 26.4279457092284 27.2178817749023 27.5689315795898
-9999 -9999 -9999 -9999 -9999 -9999 -9999 -9999 -9999 -9999 -9999 16.4993877834742 18.0732003106011 19.6470128377278 21.0095100402832 21.7380612691244 22.4666124979654 23.1951637268065 23.9237149556477 24.6522661844888 25.3808174133298 26.109368642171 25.5526168823243 24.5674307929146 23.5822447035048 -9999 -9999 20.6266864352757 -9999 -9999 -9999 -9999 -9999 -9999 -9999 19.6084251403809 19.7213554382325 20.4638969421386 21.416308848063 22.3687207539876 23.321132659912 24.2735445658364 25.225956471761 26.1783683776854 26.9880650838216 27.3696161905924
