data/working_set_collections/6091692-Cassins_Sparrow-MC/2015/bio7.asc
NCOLS 265 
NROWS 230 
XLLCORNER -115.5625 
YLLCORNER 24.8333333333333 
CELLSIZE 0.0833333333333333 
NODATA_value -9999 
[rows 120 to 139 of 230, columns 184 to 229 of 265]
37.9331349690755 37.963370429145 37.9936058892144 37.9254959106446 37.8246041191949 37.7237123277453 37.6228205362956 37.521928744846 37.4210369533963 37.3201451619466 37.2111331515842 37.0777604844836 36.9443878173828 36.8110151502822 36.6776424831815 36.5442698160808 36.4108971489801 36.2775244818794 36.1535723368327 36.0327603658041 35.9119483947754 35.7911364237468 35.6703244527181 35.5495124816895 35.4287005106608 35.3672342936198 35.4838053385416 35.6003763834635 35.7169474283854 35.8335184733073 35.9500895182291 36.066660563151 36.1832316080729 36.0392738342286 35.8084731207954 35.5776724073623 35.3468716939291 35.1160709804959 34.8852702670628 34.6544695536296 34.4630869547526 34.3899586995443 34.316830444336 34.2437021891276 34.1705739339193 34.097445678711
37.8499969482422 37.872807820638 37.8956186930339 37.8239974975586 37.7208989461263 37.6178003946941 37.5147018432618 37.4116032918295 37.3085047403972 37.2054061889649 37.0960561116537 36.9679514567058 36.8398468017579 36.7117421468099 36.583637491862 36.4555328369141 36.3274281819662 36.1993235270183 36.0812980651856 35.9666323343913 35.851966603597 35.7373008728028 35.6226351420085 35.5079694112142 35.39330368042 35.3374877929687 35.4582214355468 35.578955078125 35.6996887207031 35.8204223632812 35.9411560058594 36.0618896484375 36.1826232910156 36.0360343933106 35.8003379821778 35.564641571045 35.3289451599122 35.0932487487794 34.8575523376466 34.6218559265137 34.4269358317058 34.3543446858724 34.2817535400391 34.2091623942057 34.1365712483724 34.0639801025391
37.7668589274089 37.7822452121311 37.7976314968533 37.7224990844727 37.6171937730578 37.5118884616428 37.4065831502279 37.301277838813 37.195972527398 37.0906672159831 36.9809790717231 36.858142428928 36.7353057861328 36.6124691433377 36.4896325005426 36.3667958577474 36.2439592149523 36.1211225721572 36.0090237935384 35.9005043029785 35.7919848124187 35.6834653218588 35.5749458312989 35.466426340739 35.3579068501791 35.3077412923177 35.432637532552 35.5575337727864 35.6824300130208 35.8073262532552 35.9322224934896 36.0571187337239 36.1820149739583 36.0327949523926 35.7922028435602 35.5516107347277 35.3110186258952 35.0704265170628 34.8298344082303 34.5892422993978 34.3907847086589 34.3187306722005 34.2466766357422 34.1746225992839 34.1025685628255 34.0305145263672
37.6837209065755 37.6916826036241 37.6996443006728 37.6210006713868 37.5134885999892 37.4059765285916 37.298464457194 37.1909523857965 37.0834403143989 36.9759282430013 36.8659020317926 36.7483334011502 36.6307647705078 36.5131961398655 36.3956275092231 36.2780588785808 36.1604902479384 36.042921617296 35.9367495218913 35.8343762715658 35.7320030212403 35.6296297709147 35.5272565205892 35.4248832702637 35.3225100199382 35.2779947916666 35.4070536295573 35.5361124674479 35.6651713053385 35.7942301432291 35.9232889811198 36.0523478190104 36.181406656901 36.0295555114747 35.7840677049426 35.5385798984104 35.2930920918783 35.0476042853462 34.8021164788141 34.5566286722819 34.354633585612 34.2831166585287 34.2115997314453 34.140082804362 34.0685658772787 33.9970489501953
37.6005828857422 37.6011199951172 37.6016571044922 37.5195022583008 37.4097834269206 37.3000645955404 37.1903457641602 37.08062693278 36.9709081013998 36.8611892700196 36.750824991862 36.6385243733724 36.5262237548828 36.4139231363933 36.3016225179037 36.1893218994141 36.0770212809245 35.9647206624349 35.8644752502442 35.768248240153 35.6720212300619 35.5757942199707 35.4795672098796 35.3833401997884 35.2871131896973 35.2482482910156 35.3814697265625 35.5146911621094 35.6479125976562 35.7811340332031 35.91435546875 36.0475769042968 36.1807983398437 36.0263160705567 35.7759325663249 35.5255490620932 35.2751655578614 35.0247820536296 34.7743985493979 34.5240150451661 34.3184824625651 34.2475026448568 34.1765228271485 34.1055430094401 34.0345631917318 33.9635833740235
37.5174448649089 37.5105573866103 37.5036699083116 37.4180038452149 37.306078253852 37.1941526624892 37.0822270711263 36.9703014797635 36.8583758884007 36.7464502970378 36.6357479519315 36.5287153455947 36.4216827392578 36.314650132921 36.2076175265842 36.1005849202474 35.9935523139106 35.8865197075738 35.792200978597 35.7021202087403 35.6120394388835 35.5219586690267 35.43187789917 35.3417971293132 35.2517163594564 35.2185017903646 35.3558858235677 35.4932698567708 35.6306538899739 35.768037923177 35.9054219563802 36.0428059895833 36.1801900227864 36.0230766296387 35.7677974277073 35.5125182257759 35.2572390238445 35.001959821913 34.7466806199816 34.4914014180502 34.2823313395183 34.2118886311849 34.1414459228516 34.0710032145182 34.0005605061849 33.9301177978516
37.4204961140951 37.4035161336263 37.3865361531576 37.2979858398438 37.185578748915 37.0731716579862 36.9607645670573 36.8483574761285 36.7359503851997 36.6235432942709 36.5141939798991 36.4140179951986 36.3138420104981 36.2136660257976 36.113490041097 36.0133140563965 35.913138071696 35.8129620869955 35.7271621704102 35.64615427653 35.5651463826498 35.4841384887695 35.4031305948893 35.3221227010091 35.2411148071289 35.2141213311089 35.3491711086697 35.4842208862304 35.6192706637912 35.754320441352 35.8893702189127 36.0244199964735 36.1594697740343 36.0045875549317 35.7530613369413 35.5015351189508 35.2500089009603 34.9984826829699 34.7469564649795 34.495430246989 34.2878624810113 34.2121700710721 34.1364776611328 34.0607852511936 33.9850928412544 33.9094004313151
37.3097366333008 37.2799962361654 37.25025583903 37.1594482421875 37.0482849121094 36.9371215820313 36.8259582519532 36.7147949218751 36.6036315917969 36.4924682617188 36.386163075765 36.2944323221843 36.2027015686036 36.1109708150228 36.0192400614421 35.9275093078614 35.8357785542806 35.7440478006999 35.6693588256836 35.6003504435222 35.5313420613607 35.4623336791992 35.3933252970378 35.3243169148763 35.2553085327148 35.2351069132487 35.3613255818684 35.4875442504883 35.613762919108 35.7399815877278 35.8662002563476 35.9924189249674 36.1186375935872 35.9708488464356 35.7317242940268 35.4925997416179 35.253475189209 35.0143506368002 34.7752260843913 34.5361015319825 34.3350758870443 34.2483469645182 34.1616180419922 34.0748891194662 33.9881601969401 33.9014312744141
37.1989771525065 37.1564763387045 37.1139755249024 37.0209106445313 36.9109910753039 36.8010715060764 36.691151936849 36.5812323676216 36.4713127983942 36.3613932291667 36.2581321716309 36.17484664917 36.091561126709 36.0082756042481 35.9249900817871 35.8417045593262 35.7584190368653 35.6751335144043 35.611555480957 35.5545466105143 35.4975377400716 35.4405288696289 35.3835199991862 35.3265111287435 35.2695022583008 35.2560924953884 35.3734800550672 35.4908676147461 35.6082551744249 35.7256427341037 35.8430302937825 35.9604178534614 36.0778054131402 35.9371101379395 35.7103872511123 35.483664364285 35.2569414774577 35.0302185906305 34.8034957038032 34.5767728169759 34.3822892930773 34.2845238579644 34.1867584228516 34.0889929877387 33.9912275526259 33.893462117513
37.0882176717123 37.0329564412435 36.9776952107748 36.882373046875 36.7736972384983 36.6650214301216 36.5563456217448 36.4476698133681 36.3389940049914 36.2303181966146 36.1301012674968 36.0552609761556 35.9804206848145 35.9055803934733 35.8307401021322 35.755899810791 35.6810595194499 35.6062192281088 35.5537521362305 35.5087427775065 35.4637334187826 35.4187240600586 35.3737147013346 35.3287053426107 35.2836959838867 35.2770780775282 35.385634528266 35.4941909790039 35.6027474297417 35.7113038804796 35.8198603312174 35.9284167819553 36.0369732326931 35.9033714294434 35.6890502081978 35.4747289869521 35.2604077657064 35.0460865444608 34.8317653232151 34.6174441019694 34.4295026991103 34.3207007514106 34.211898803711 34.1030968560113 33.9942949083117 33.885492960612
36.977458190918 36.9094365437826 36.8414148966472 36.7438354492188 36.6364034016928 36.5289713541667 36.4215393066407 36.3141072591146 36.2066752115886 36.0992431640625 36.0020703633627 35.9356753031413 35.86928024292 35.8028851826986 35.7364901224772 35.6700950622559 35.6037000020345 35.5373049418132 35.4959487915039 35.4629389444987 35.4299290974935 35.3969192504883 35.3639094034831 35.3308995564779 35.2978897094727 35.2980636596679 35.3977890014648 35.4975143432617 35.5972396850586 35.6969650268554 35.7966903686523 35.8964157104492 35.9961410522461 35.8696327209473 35.6677131652833 35.4657936096192 35.2638740539551 35.0619544982911 34.860034942627 34.6581153869629 34.4767161051432 34.3568776448568 34.2370391845703 34.1172007242839 33.9973622639974 33.877523803711
36.8666987101237 36.7859166463216 36.7051345825196 36.6052978515625 36.4991095648872 36.3929212782119 36.2867329915365 36.1805447048611 36.0743564181858 35.9681681315105 35.8740394592285 35.816089630127 35.7581398010254 35.7001899719239 35.6422401428223 35.5842903137207 35.5263404846192 35.4683906555176 35.4381454467774 35.4171351114909 35.3961247762044 35.375114440918 35.3541041056315 35.333093770345 35.3120834350586 35.3190492418077 35.4099434746636 35.5008377075195 35.5917319403754 35.6826261732313 35.7735204060872 35.8644146389431 35.955308871799 35.8358940124512 35.6463761223688 35.4568582322863 35.2673403422038 35.0778224521214 34.8883045620389 34.6987866719564 34.5239295111762 34.393054538303 34.2621795654297 34.1313045925565 34.0004296196832 33.8695546468099
36.7338994344076 36.6436013115777 36.5533031887479 36.4534169514974 36.3503346761068 36.2472524007162 36.1441701253256 36.0410878499349 35.9380055745443 35.8349232991537 35.7457644144694 35.6983757019043 35.6509869893392 35.6035982767741 35.556209564209 35.5088208516439 35.4614321390788 35.4140434265137 35.389271291097 35.3720380147298 35.3548047383626 35.3375714619955 35.3203381856283 35.3031049092611 35.2858716328939 35.2936738755968 35.37658267551 35.4594914754232 35.5424002753364 35.6253090752496 35.7082178751628 35.7911266750759 35.8740354749891 35.7629572550456 35.5872166951498 35.411476135254 35.2357355753581 35.0599950154623 34.8842544555665 34.7085138956706 34.5425322638618 34.4058274163141 34.2691225687663 34.1324177212186 33.9957128736708 33.8590080261231
36.5790603637696 36.4824905395508 36.3859207153321 36.2881927490235 36.1900787353516 36.0919647216797 35.9938507080079 35.895736694336 35.7976226806641 35.6995086669922 35.6172452290853 35.5825335184733 35.5478218078614 35.5131100972494 35.4783983866374 35.4436866760254 35.4089749654134 35.3742632548014 35.3493263244629 35.3276476542155 35.3059689839681 35.2842903137207 35.2626116434733 35.2409329732259 35.2192543029785 35.2219375610352 35.2977066040039 35.3734756469727 35.4492446899414 35.5250137329102 35.6007827758789 35.6765518188477 35.7523208618164 35.6508224487305 35.4902348836263 35.3296473185222 35.169059753418 35.0084721883138 34.8478846232097 34.6872970581055 34.5325243631999 34.39519627889 34.2578681945801 34.1205401102702 33.9832120259603 33.8458839416504
36.4242212931315 36.3213797675239 36.2185382419163 36.1229685465495 36.0298227945964 35.9366770426433 35.8435312906901 35.750385538737 35.6572397867839 35.5640940348308 35.4887260437012 35.4666913350423 35.4446566263835 35.4226219177246 35.4005872090658 35.3785525004069 35.3565177917481 35.3344830830892 35.3093813578288 35.2832572937012 35.2571332295736 35.231009165446 35.2048851013184 35.1787610371908 35.1526369730632 35.1502012464735 35.2188305324978 35.2874598185221 35.3560891045464 35.4247183905707 35.493347676595 35.5619769626194 35.6306062486437 35.5386876424154 35.3932530721029 35.2478185017904 35.1023839314779 34.9569493611654 34.8115147908529 34.6660802205404 34.522516462538 34.384565141466 34.2466138203939 34.1086624993219 33.9707111782498 33.8327598571778
36.2693822224935 36.160268995497 36.0511557685005 35.9577443440756 35.8695668538412 35.7813893636068 35.6932118733724 35.6050343831381 35.5168568929037 35.4286794026693 35.3602068583171 35.3508491516113 35.3414914449056 35.3321337381999 35.3227760314942 35.3134183247884 35.3040606180827 35.294702911377 35.2694363911947 35.2388669331869 35.208297475179 35.1777280171712 35.1471585591634 35.1165891011556 35.0860196431478 35.0784649319119 35.1399544609917 35.2014439900716 35.2629335191515 35.3244230482313 35.3859125773112 35.447402106391 35.5088916354709 35.4265528361003 35.2962712605795 35.1659896850586 35.0357081095378 34.905426534017 34.7751449584961 34.6448633829753 34.5125085618761 34.3739340040419 34.2353594462077 34.0967848883735 33.9582103305393 33.8196357727051
36.1145431518555 35.9991582234701 35.8837732950847 35.7925201416016 35.709310913086 35.6261016845704 35.5428924560547 35.4596832275391 35.3764739990235 35.2932647705078 35.231687672933 35.2350069681804 35.2383262634278 35.2416455586751 35.2449648539225 35.2482841491699 35.2516034444173 35.2549227396647 35.2294914245606 35.1944765726725 35.1594617207845 35.1244468688965 35.0894320170085 35.0544171651205 35.0194023132324 35.0067286173503 35.0610783894857 35.1154281616211 35.1697779337565 35.2241277058919 35.2784774780273 35.3328272501628 35.3871770222982 35.3144180297852 35.199289449056 35.0841608683269 34.9690322875977 34.8539037068685 34.7387751261394 34.6236465454102 34.5025006612142 34.3633028666179 34.2241050720215 34.0849072774252 33.9457094828288 33.8065116882324
35.9597040812175 35.8380474514432 35.7163908216689 35.6272959391276 35.5490549723308 35.4708140055339 35.392573038737 35.3143320719401 35.2360911051433 35.1578501383464 35.1031684875488 35.1191647847494 35.1351610819499 35.1511573791504 35.1671536763509 35.1831499735514 35.199146270752 35.2151425679525 35.1895464579264 35.1500862121582 35.11062596639 35.0711657206218 35.0317054748535 34.9922452290853 34.9527849833171 34.9349923027886 34.9822023179796 35.0294123331706 35.0766223483615 35.1238323635525 35.1710423787435 35.2182523939345 35.2654624091254 35.2022832234701 35.1023076375326 35.0023320515951 34.9023564656576 34.8023808797201 34.7024052937826 34.6024297078451 34.4924927605523 34.3526717291938 34.2128506978353 34.0730296664768 33.9332086351183 33.7933876037598
35.8412605285645 35.7185910542806 35.5959215799968 35.5096076965332 35.4354123433431 35.361216990153 35.2870216369629 35.2128262837728 35.1386309305827 35.0644355773926 35.0135791354709 35.0327394273546 35.0518997192383 35.071060011122 35.0902203030057 35.1093805948893 35.128540886773 35.1477011786567 35.1207089742025 35.0783326043023 35.0359562344021 34.993579864502 34.9512034946018 34.9088271247016 34.8664507548014 34.8454762776693 34.8887074788411 34.931938680013 34.9751698811849 35.0184010823568 35.0616322835287 35.1048634847005 35.1480946858724 35.092025756836 35.0028567843967 34.9136878119575 34.8245188395183 34.735349867079 34.6461808946398 34.5570119222005 34.4567961798774 34.3234401279026 34.1900840759278 34.0567280239529 33.9233719719781 33.7900159200033
35.7592124938965 35.6407890319825 35.5223655700684 35.4394554138184 35.3683830261231 35.2973106384278 35.2262382507324 35.1551658630371 35.0840934753418 35.0130210876465 34.9629196166992 34.9757308959961 34.988542175293 35.0013534545899 35.0141647338867 35.0269760131836 35.0397872924805 35.0525985717774 35.0229789733887 34.9792157491048 34.935452524821 34.8916893005371 34.8479260762533 34.8041628519694 34.7603996276856 34.7381805419922 34.7805938720703 34.8230072021484 34.8654205322266 34.9078338623047 34.9502471923828 34.9926605224609 35.0350738525391 34.9836456298828 34.9009368896485 34.8182281494141 34.7355194091797 34.6528106689453 34.570101928711 34.4873931884766 34.3954109191895 34.2756080627442 34.1558052062989 34.0360023498535 33.9161994934082 33.7963966369629
