data/working_set_collections/6091692-Cassins_Sparrow-MC/2015/bio7.asc
NCOLS 265 
NROWS 230 
XLLCORNER -115.5625 
YLLCORNER 24.8333333333333 
CELLSIZE 0.0833333333333333 
NODATA_value -9999 
[rows 60 to 79 of 230, columns 138 to 183 of 265]
36.5902912563747 36.7077252705892 36.8251592848036 36.942593299018 37.0327728271484 37.1138675265842 37.1949622260199 37.2760569254557 37.3571516248915 37.4382463243272 37.519341023763 37.5951371934678 37.65503777398 37.7149383544922 37.7748389350043 37.8347395155165 37.8946400960286 37.9545406765408 38.0144412570529 38.0851122538248 38.15937338935 38.2336345248752 38.3078956604004 38.3821567959255 38.4564179314507 38.5306790669759 38.6013438754611 38.6612197028266 38.721095530192 38.7809713575575 38.8408471849229 38.9007230122884 38.9605988396539 39.0204746670193 39.0358454386393 39.0363811916775 39.0369169447157 39.0374526977539 39.0379884507921 39.0385242038303 39.0390599568685 39.0389685736762 39.0369957817925 39.0350229899089 39.0330501980252 39.0310774061415
36.7711016337076 36.8865547180175 37.0020078023274 37.1174608866373 37.2045989990234 37.2822987874348 37.3599985758463 37.4376983642578 37.5153981526692 37.5930979410807 37.6707977294922 37.7436553955078 37.8019866943359 37.860317993164 37.9186492919922 37.9769805908203 38.0353118896484 38.0936431884765 38.1519744873046 38.214363861084 38.2781059265136 38.3418479919433 38.405590057373 38.4693321228027 38.5330741882324 38.5968162536621 38.6570304870605 38.7066612243652 38.7562919616699 38.8059226989746 38.8555534362793 38.905184173584 38.9548149108887 39.0044456481934 39.0166610717773 39.0164047241211 39.0161483764648 39.0158920288086 39.0156356811523 39.0153793334961 39.0151229858399 39.0139170328776 39.0098622639974 39.0058074951172 39.001752726237 38.9976979573568
36.9519120110405 37.0653841654459 37.1788563198513 37.2923284742567 37.3764251708984 37.4507300482855 37.5250349256727 37.5993398030599 37.673644680447 37.7479495578342 37.8222544352213 37.8921735975477 37.9489356146918 38.0056976318359 38.06245964898 38.1192216661241 38.1759836832682 38.2327457004123 38.2895077175564 38.3436154683431 38.3968384636773 38.4500614590115 38.5032844543457 38.5565074496799 38.6097304450141 38.6629534403483 38.7127170986599 38.7521027459038 38.7914883931478 38.8308740403917 38.8702596876356 38.9096453348795 38.9490309821235 38.9884166293674 38.9974767049154 38.9964282565647 38.995379808214 38.9943313598633 38.9932829115126 38.9922344631619 38.9911860148112 38.988865492079 38.9827287462023 38.9765920003255 38.9704552544488 38.9643185085721
37.1327223883734 37.2442136128743 37.3557048373752 37.467196061876 37.5482513427734 37.6191613091362 37.6900712754991 37.760981241862 37.8318912082248 37.9028011745876 37.9737111409505 38.0406917995876 38.0958845350477 38.1510772705078 38.2062700059679 38.2614627414279 38.316655476888 38.3718482123481 38.4270409478081 38.4728670756022 38.5155710008409 38.5582749260796 38.6009788513183 38.6436827765571 38.6863867017958 38.7290906270345 38.7684037102593 38.7975442674425 38.8266848246256 38.8558253818088 38.884965938992 38.9141064961751 38.9432470533583 38.9723876105414 38.9782923380534 38.9764517890083 38.9746112399631 38.972770690918 38.9709301418728 38.9690895928277 38.9672490437826 38.9638139512804 38.9555952284071 38.9473765055339 38.9391577826606 38.9309390597873
37.3135327657063 37.4230430603027 37.532553354899 37.6420636494954 37.7200775146484 37.7875925699869 37.8551076253255 37.922622680664 37.9901377360026 38.0576527913411 38.1251678466796 38.1892100016276 38.2428334554036 38.2964569091797 38.3500803629557 38.4037038167317 38.4573272705078 38.5109507242838 38.5645741780599 38.6021186828613 38.6343035380045 38.6664883931478 38.698673248291 38.7308581034342 38.7630429585775 38.7952278137207 38.8240903218587 38.8429857889811 38.8618812561035 38.8807767232259 38.8996721903483 38.9185676574707 38.9374631245931 38.9563585917155 38.9591079711914 38.9564753214518 38.9538426717122 38.9512100219727 38.9485773722331 38.9459447224935 38.9433120727539 38.9387624104818 38.928461710612 38.9181610107422 38.9078603108724 38.8975596110026
37.4943431430392 37.6018725077311 37.7094018724229 37.8169312371147 37.8919036865234 37.9560238308376 38.0201439751519 38.0842641194661 38.1483842637804 38.2125044080946 38.2766245524088 38.3377282036675 38.3897823757595 38.4418365478515 38.4938907199435 38.5459448920356 38.5979990641276 38.6500532362196 38.7021074083116 38.7313702901204 38.7530360751682 38.7747018602159 38.7963676452637 38.8180334303114 38.8396992153591 38.8613650004069 38.8797769334581 38.8884273105197 38.8970776875814 38.905728064643 38.9143784417046 38.9230288187663 38.9316791958279 38.9403295728895 38.9399236043294 38.9364988538954 38.9330741034614 38.9296493530274 38.9262246025933 38.9227998521593 38.9193751017253 38.9137108696832 38.9013281928168 38.8889455159505 38.8765628390842 38.8641801622179
37.6380795796712 37.7492785135905 37.8604774475097 37.971676381429 38.0430516560872 38.1011523776584 38.1592530992296 38.2173538208008 38.2754545423719 38.3335552639431 38.3916559855143 38.4473704867893 38.4959263271755 38.5444821675618 38.5930380079481 38.6415938483344 38.6901496887207 38.738705529107 38.7872613694933 38.8143112182617 38.8341924031575 38.8540735880534 38.8739547729492 38.893835957845 38.9137171427409 38.9335983276367 38.9476462470161 38.9441943698459 38.9407424926758 38.9372906155056 38.9338387383355 38.9303868611654 38.9269349839952 38.9234831068251 38.9166501363119 38.9086901346842 38.9007301330566 38.892770131429 38.8848101298014 38.8768501281738 38.8688901265462 38.8595508999295 38.8460739983453 38.8325970967611 38.8191201951769 38.8056432935927
37.7447420756022 37.8652610778808 37.9857800801595 38.1062990824381 38.1735214233398 38.2229782104492 38.2724349975586 38.3218917846679 38.3713485717773 38.4208053588867 38.4702621459961 38.5181368509928 38.5612653096517 38.6043937683105 38.6475222269694 38.6906506856282 38.7337791442871 38.776907602946 38.8200360616048 38.8509414672851 38.8777725219726 38.9046035766601 38.9314346313476 38.9582656860351 38.9850967407226 39.0119277954101 39.0276982625325 39.0102869669596 38.9928756713867 38.9754643758138 38.9580530802409 38.940641784668 38.9232304890951 38.9058191935221 38.8892875671387 38.8730491638184 38.8568107604981 38.8405723571777 38.8243339538574 38.8080955505371 38.7918571472168 38.7762825012207 38.7626991271973 38.7491157531738 38.7355323791504 38.721949005127
37.8514045715332 37.9812436421712 38.1110827128092 38.2409217834472 38.3039911905924 38.34480404324 38.3856168958876 38.4264297485351 38.4672426011827 38.5080554538303 38.5488683064778 38.5889032151964 38.6266042921278 38.6643053690592 38.7020064459907 38.7397075229221 38.7774085998535 38.8151096767849 38.8528107537164 38.8875717163086 38.9213526407877 38.9551335652669 38.9889144897461 39.0226954142252 39.0564763387044 39.0902572631836 39.107750278049 39.0763795640733 39.0450088500977 39.013638136122 38.9822674221463 38.9508967081706 38.9195259941949 38.8881552802192 38.8619249979655 38.8374081929525 38.8128913879395 38.7883745829264 38.7638577779134 38.7393409729004 38.7148241678874 38.693014102512 38.6793242560493 38.6656344095866 38.6519445631239 38.6382547166613
37.9580670674641 38.0972262064615 38.2363853454589 38.3755444844563 38.434460957845 38.4666298760308 38.4987987942166 38.5309677124023 38.5631366305881 38.5953055487739 38.6274744669596 38.6596695793999 38.6919432746039 38.7242169698079 38.7564906650119 38.7887643602159 38.8210380554199 38.8533117506239 38.8855854458279 38.924201965332 38.9649327596029 39.0056635538737 39.0463943481445 39.0871251424153 39.1278559366862 39.168586730957 39.1878022935655 39.1424721611871 39.0971420288086 39.0518118964301 39.0064817640517 38.9611516316732 38.9158214992947 38.8704913669162 38.8345624287923 38.8017672220866 38.7689720153809 38.7361768086751 38.7033816019694 38.6705863952637 38.637791188558 38.6097457038032 38.5959493849013 38.5821530659994 38.5683567470974 38.5545604281955
38.0647295633951 38.2132087707519 38.3616879781087 38.5101671854654 38.5649307250976 38.5884557088216 38.6119806925455 38.6355056762695 38.6590306599935 38.6825556437174 38.7060806274414 38.7304359436035 38.7572822570801 38.7841285705566 38.8109748840332 38.8378211975098 38.8646675109863 38.8915138244629 38.9183601379394 38.9608322143555 39.008512878418 39.0561935424805 39.103874206543 39.1515548706055 39.199235534668 39.2469161987304 39.267854309082 39.2085647583008 39.1492752075195 39.0899856567383 39.030696105957 38.9714065551758 38.9121170043945 38.8528274536133 38.8071998596192 38.7661262512207 38.7250526428223 38.6839790344238 38.6429054260254 38.601831817627 38.5607582092285 38.5264773050944 38.5125745137533 38.4986717224121 38.484768931071 38.4708661397298
38.1713920593261 38.3291913350423 38.4869906107584 38.6447898864745 38.6954004923502 38.7102815416124 38.7251625908745 38.7400436401367 38.7549246893989 38.769805738661 38.7846867879232 38.8012023078071 38.8226212395562 38.8440401713053 38.8654591030545 38.8868780348036 38.9082969665527 38.9297158983019 38.951134830051 38.9974624633789 39.0520929972331 39.1067235310872 39.1613540649414 39.2159845987956 39.2706151326497 39.3252456665039 39.3479063245985 39.2746573554145 39.2014083862305 39.1281594170465 39.0549104478624 38.9816614786784 38.9084125094944 38.8351635403103 38.779837290446 38.7304852803548 38.6811332702637 38.6317812601725 38.5824292500814 38.5330772399903 38.4837252298991 38.4432089063856 38.4291996426053 38.4151903788249 38.4011811150445 38.3871718512641
38.1461563958062 38.308059946696 38.4699634975857 38.6318670484754 38.6793813069662 38.6887658013238 38.6981502956814 38.7075347900391 38.7169192843967 38.7263037787544 38.735688273112 38.7477950202094 38.7680685255263 38.7883420308431 38.80861553616 38.8288890414768 38.8491625467936 38.8694360521105 38.8897095574273 38.94408009847 39.0098163180881 39.0755525377062 39.1412887573242 39.2070249769423 39.2727611965603 39.3384974161784 39.3691979302301 39.2947913275825 39.2203847249349 39.1459781222873 39.0715715196398 38.9971649169922 38.9227583143446 38.8483517116971 38.789754486084 38.7364270528158 38.6830996195475 38.6297721862793 38.5764447530111 38.5231173197429 38.4697898864746 38.4260137769911 38.4108916388618 38.3957695007324 38.3806473626031 38.3655252244737
37.9890225728353 38.1498146057129 38.3106066385905 38.4713986714681 38.5168731689453 38.5239084879558 38.5309438069662 38.5379791259766 38.545014444987 38.5520497639974 38.5590850830078 38.5702140808106 38.5936241149903 38.6170341491699 38.6404441833496 38.6638542175293 38.687264251709 38.7106742858887 38.7340843200684 38.8006851196289 38.8816828409831 38.9626805623372 39.0436782836914 39.1246760050456 39.2056737263997 39.2866714477539 39.3317291259766 39.2689666748047 39.2062042236328 39.143441772461 39.0806793212891 39.0179168701172 38.9551544189453 38.8923919677734 38.8369514465332 38.7839515686035 38.7309516906738 38.6779518127441 38.6249519348145 38.5719520568848 38.5189521789551 38.4748919169108 38.4576505025228 38.4404090881348 38.4231676737467 38.4059262593587
37.8318887498643 37.9915692647298 38.1512497795952 38.3109302944607 38.3543650309245 38.3590511745877 38.3637373182509 38.3684234619141 38.3731096055773 38.3777957492405 38.3824818929037 38.3926331414117 38.4191797044542 38.4457262674968 38.4722728305393 38.4988193935818 38.5253659566244 38.5519125196669 38.5784590827094 38.6572901407878 38.753549363878 38.8498085869683 38.9460678100586 39.0423270331489 39.1385862562391 39.2348454793294 39.2942603217231 39.2431420220269 39.1920237223307 39.1409054226346 39.0897871229384 39.0386688232422 38.987550523546 38.9364322238498 38.8841484069824 38.8314760843913 38.7788037618001 38.726131439209 38.6734591166178 38.6207867940267 38.5681144714355 38.5237700568305 38.5044093661838 38.4850486755371 38.4656879848904 38.4463272942437
37.6747549268934 37.8333239237467 37.9918929206 38.1504619174533 38.1918568929037 38.1941938612196 38.1965308295356 38.1988677978516 38.2012047661676 38.2035417344835 38.2058787027995 38.2150522020128 38.2447352939182 38.2744183858236 38.304101477729 38.3337845696343 38.3634676615397 38.3931507534451 38.4228338453505 38.5138951619466 38.625415886773 38.7369366115994 38.8484573364258 38.9599780612522 39.0714987860785 39.1830195109049 39.2567915174696 39.2173173692491 39.1778432210287 39.1383690728082 39.0988949245877 39.0594207763672 39.0199466281467 38.9804724799262 38.9313453674316 38.879000600179 38.8266558329264 38.7743110656738 38.7219662984212 38.6696215311686 38.617276763916 38.5726481967502 38.5511682298448 38.5296882629395 38.5082082960341 38.4867283291287
37.5176211039225 37.6750785827637 37.8325360616048 37.9899935404459 38.0293487548828 38.0293365478516 38.0293243408203 38.0293121337891 38.0292999267578 38.0292877197266 38.0292755126953 38.037471262614 38.0702908833822 38.1031105041504 38.1359301249186 38.1687497456869 38.2015693664551 38.2343889872233 38.2672086079916 38.3705001831055 38.497282409668 38.6240646362305 38.750846862793 38.8776290893555 39.004411315918 39.1311935424805 39.2193227132162 39.1914927164714 39.1636627197266 39.1358327229818 39.108002726237 39.0801727294922 39.0523427327474 39.0245127360026 38.9785423278809 38.9265251159668 38.8745079040527 38.8224906921387 38.7704734802246 38.7184562683106 38.6664390563965 38.6215263366699 38.5979270935059 38.5743278503418 38.5507286071777 38.5271293640137
37.3604872809516 37.5168332417806 37.6731792026096 37.8295251634386 37.866840616862 37.8644792344835 37.8621178521051 37.8597564697266 37.8573950873481 37.8550337049696 37.8526723225912 37.8598903232151 37.8958464728462 37.9318026224772 37.9677587721083 38.0037149217394 38.0396710713705 38.0756272210015 38.1115833706326 38.2271052042643 38.3691489325629 38.5111926608615 38.6532363891601 38.7952801174588 38.9373238457573 39.079367574056 39.1818539089627 39.1656680636936 39.1494822184245 39.1332963731554 39.1171105278863 39.1009246826172 39.0847388373481 39.068552992079 39.0257392883301 38.9740496317546 38.922359975179 38.8706703186035 38.818980662028 38.7672910054525 38.715601348877 38.6704044765896 38.6446859571669 38.6189674377441 38.5932489183214 38.5675303988987
37.1635915120442 37.314067586263 37.4645436604818 37.6150197347005 37.6580718994141 37.6653160942926 37.672560289171 37.6798044840495 37.687048678928 37.6942928738064 37.7015370686849 37.717746480306 37.7608515421549 37.8039566040039 37.8470616658529 37.8901667277018 37.9332717895508 37.9763768513997 38.0194819132487 38.1428080240885 38.292874484592 38.4429409450954 38.5930074055989 38.7430738661024 38.8931403266059 39.0432067871093 39.1540959676107 39.1474533081055 39.1408106486003 39.1341679890951 39.1275253295898 39.1208826700846 39.1142400105794 39.1075973510742 39.0694483439128 39.0207972208659 38.972146097819 38.9234949747721 38.8748438517253 38.8261927286784 38.7775416056315 38.7348690456814 38.7101321750217 38.685395304362 38.6606584337023 38.6359215630425
36.9269337972005 37.066781616211 37.2066294352214 37.3464772542318 37.4030426025391 37.4318471272787 37.4606516520183 37.4894561767578 37.5182607014974 37.547065226237 37.5758697509766 37.6110397338867 37.6653060913086 37.7195724487305 37.7738388061523 37.8281051635742 37.8823715209961 37.936637878418 37.9909042358398 38.1176086425781 38.2684590657552 38.4193094889323 38.5701599121094 38.7210103352864 38.8718607584635 39.0227111816406 39.1360488891602 39.136848449707 39.1376480102539 39.1384475708008 39.1392471313477 39.1400466918945 39.1408462524414 39.1416458129883 39.1096694946289 39.0667678833008 39.0238662719727 38.9809646606445 38.9380630493164 38.8951614379883 38.8522598266602 38.8149200439453 38.7942657470703 38.7736114501953 38.7529571533203 38.7323028564453
