data/working_set_collections/6091692-Cassins_Sparrow-MC/2015/bio7.asc
NCOLS 265 
NROWS 230 
XLLCORNER -115.5625 
YLLCORNER 24.8333333333333 
CELLSIZE 0.0833333333333333 
NODATA_value -9999 
[rows 180 to 199 of 230, columns 92 to 137 of 265]
31.1223810831706 31.174132792155 31.2258845011393 31.2776362101237 31.3293879191081 31.3164573669434 31.2819660610623 31.2474747551812 31.2129834493001 31.1784921434191 31.144000837538 31.1095095316569 31.1141522725423 31.2361971537272 31.3582420349121 31.480286916097 31.6023317972819 31.7243766784668 31.8464215596517 31.9684664408366 32.1383440653483 32.3241659376356 32.509987809923 32.6958096822103 32.8816315544976 33.0674534267849 33.2532752990722 33.3977128770616 33.4179975721571 33.4382822672526 33.4585669623481 33.4788516574436 33.4991363525391 33.5194210476346 33.53970574273 33.4526677449545 33.3298555162218 33.2070432874892 33.0842310587566 32.9614188300239 32.8386066012913 32.7157943725586 32.6230020311144 32.6202693515354 32.6175366719564 32.6148039923774
31.0545232137044 31.1041224161784 31.1537216186523 31.2033208211263 31.2529200236003 31.2436714172363 31.2148068745931 31.1859423319499 31.1570777893067 31.1282132466634 31.0993487040202 31.070484161377 31.0802070617676 31.2056922912598 31.3311775207519 31.4566627502441 31.5821479797363 31.7076332092285 31.8331184387207 31.9586036682129 32.125072479248 32.3052024841308 32.4853324890137 32.6654624938965 32.8455924987793 33.0257225036621 33.2058525085449 33.344965616862 33.3610280354818 33.3770904541016 33.3931528727214 33.4092152913412 33.425277709961 33.4413401285807 33.4574025472005 33.3659133911133 33.2385737101237 33.1112340291342 32.9838943481446 32.856554667155 32.7292149861654 32.6018753051758 32.5029660542806 32.4893480936686 32.4757301330567 32.4621121724447
30.9866653442383 31.0341120402018 31.0815587361654 31.1290054321289 31.1764521280924 31.1708854675293 31.1476476881239 31.1244099087185 31.1011721293132 31.0779343499078 31.0546965705024 31.031458791097 31.0462618509928 31.1751874287923 31.3041130065918 31.4330385843913 31.5619641621907 31.6908897399902 31.8198153177897 31.9487408955892 32.1118008931478 32.286239030626 32.4606771681044 32.6351153055827 32.809553443061 32.9839915805393 33.1584297180176 33.2922183566623 33.3040584988064 33.3158986409505 33.3277387830946 33.3395789252387 33.3514190673828 33.3632592095269 33.375099351671 33.2791590372722 33.1472919040256 33.0154247707791 32.8835576375326 32.7516905042861 32.6198233710396 32.487956237793 32.3829300774469 32.3584268358019 32.3339235941569 32.309420352512
30.9188074747721 30.9641016642253 31.0093958536784 31.0546900431315 31.0999842325846 31.0980995178223 31.0804885016547 31.0628774854872 31.0452664693197 31.0276554531521 31.0100444369846 30.9924334208171 31.0123166402181 31.1446825663249 31.2770484924316 31.4094144185384 31.5417803446452 31.6741462707519 31.8065121968587 31.9388781229655 32.0985293070475 32.2672755771213 32.4360218471951 32.6047681172689 32.7735143873426 32.9422606574164 33.1110069274902 33.2394710964627 33.2470889621311 33.2547068277995 33.2623246934679 33.2699425591363 33.2775604248047 33.2851782904731 33.2927961561415 33.192404683431 33.0560100979276 32.9196155124241 32.7832209269206 32.6468263414172 32.5104317559137 32.3740371704102 32.2628941006131 32.2275055779351 32.1921170552572 32.1567285325793
30.850949605306 30.8940912882487 30.9372329711914 30.9803746541341 31.0235163370768 31.0253135681152 31.0133293151856 31.0013450622559 30.9893608093262 30.9773765563965 30.9653923034668 30.9534080505371 30.9783714294433 31.1141777038574 31.2499839782715 31.3857902526855 31.5215965270996 31.6574028015137 31.7932090759277 31.9290153503418 32.0852577209472 32.2483121236165 32.4113665262858 32.5744209289551 32.7374753316243 32.9005297342936 33.0635841369629 33.186723836263 33.1901194254557 33.1935150146484 33.1969106038412 33.2003061930339 33.2037017822266 33.2070973714193 33.210492960612 33.1056503295899 32.9647282918295 32.8238062540691 32.6828842163086 32.5419621785482 32.4010401407878 32.2601181030274 32.1428581237793 32.0965843200684 32.0503105163575 32.0040367126465
30.7830917358398 30.8240809122721 30.8650700887044 30.9060592651367 30.947048441569 30.9525276184082 30.9461701287164 30.9398126390245 30.9334551493327 30.9270976596408 30.920740169949 30.9143826802572 30.9444262186686 31.08367284139 31.2229194641113 31.3621660868327 31.501412709554 31.6406593322754 31.7799059549967 31.9191525777181 32.071986134847 32.2293486701117 32.3867112053765 32.5440737406413 32.701436275906 32.8587988111708 33.0161613464355 33.1339765760634 33.1331498887804 33.1323232014974 33.1314965142144 33.1306698269314 33.1298431396485 33.1290164523655 33.1281897650825 33.0188959757487 32.8734464857314 32.727996995714 32.5825475056967 32.4370980156793 32.291648525662 32.1461990356446 32.0228221469456 31.9656630622016 31.9085039774577 31.8513448927138
30.6679540846083 30.7149067348904 30.7618593851725 30.8088120354547 30.8557646857368 30.8674550374349 30.867391289605 30.8673275417752 30.8672637939453 30.8672000461155 30.8671362982856 30.8670725504557 30.9032265557183 31.0480338202582 31.1928410847982 31.3376483493381 31.482455613878 31.627262878418 31.7720701429579 31.9168774074978 32.0669413248698 32.2187574598524 32.370573594835 32.5223897298177 32.6742058648003 32.826021999783 32.9778381347656 33.0912266201443 33.0893321567112 33.087437693278 33.0855432298448 33.0836487664117 33.0817543029785 33.0798598395454 33.0779653761122 32.9691373189291 32.8246647304959 32.6801921420628 32.5357195536296 32.3912469651964 32.2467743767633 32.1023017883301 31.9780905829536 31.914663526747 31.8512364705404 31.7878094143338
30.5055366516113 30.5665687561035 30.6276008605957 30.6886329650879 30.7496650695801 30.7700958251953 30.7769927978516 30.7838897705078 30.7907867431641 30.7976837158203 30.8045806884766 30.8114776611328 30.8547724405924 31.0072606404622 31.159748840332 31.3122370402018 31.4647252400716 31.6172134399414 31.7697016398112 31.922189839681 32.0701232910156 32.2165384928385 32.3629536946614 32.5093688964844 32.6557840983073 32.8021993001302 32.9486145019531 33.0584739685059 33.058666229248 33.0588584899902 33.0590507507324 33.0592430114746 33.0594352722168 33.059627532959 33.0598197937012 32.9563743591309 32.8183830261231 32.6803916931153 32.5424003601074 32.4044090270996 32.2664176940918 32.128426361084 32.0086634318034 31.9435857137044 31.8785079956055 31.8134302775065
30.3431192186144 30.4182307773166 30.4933423360189 30.5684538947211 30.6435654534234 30.6727366129557 30.6865943060981 30.7004519992405 30.7143096923828 30.7281673855252 30.7420250786675 30.7558827718099 30.8063183254665 30.9664874606662 31.1266565958659 31.2868257310655 31.4469948662652 31.6071640014648 31.7673331366645 31.9275022718641 32.0733052571614 32.2143195258246 32.3553337944878 32.496348063151 32.6373623318142 32.7783766004774 32.9193908691406 33.0257213168674 33.0280003017849 33.0302792867025 33.03255827162 33.0348372565375 33.0371162414551 33.0393952263726 33.0416742112902 32.9436113993327 32.8121013217502 32.6805912441678 32.5490811665853 32.4175710890028 32.2860610114204 32.1545509338379 32.0392362806532 31.9725079006619 31.9057795206706 31.8390511406793
30.1807017856174 30.2698927985298 30.3590838114421 30.4482748243544 30.5374658372667 30.5753774007162 30.5961958143446 30.6170142279731 30.6378326416016 30.65865105523 30.6794694688585 30.700287882487 30.7578642103407 30.9257142808702 31.0935643513997 31.2614144219292 31.4292644924588 31.5971145629883 31.7649646335178 31.9328147040473 32.0764872233073 32.2121005588107 32.3477138943142 32.4833272298177 32.6189405653212 32.7545539008246 32.8901672363281 32.992968665229 32.9973343743218 33.0017000834147 33.0060657925076 33.0104315016005 33.0147972106934 33.0191629197862 33.0235286288791 32.9308484395345 32.8058196173774 32.6807907952203 32.5557619730632 32.4307331509061 32.3057043287489 32.1806755065918 32.069809129503 32.0014300876194 31.9330510457357 31.864672003852
30.0182843526204 30.1215548197429 30.2248252868652 30.3280957539876 30.43136622111 30.4780181884766 30.5057973225912 30.5335764567057 30.5613555908203 30.5891347249349 30.6169138590495 30.6446929931641 30.7094100952148 30.8849411010742 31.0604721069336 31.2360031127929 31.4115341186523 31.5870651245117 31.762596130371 31.9381271362304 32.0796691894531 32.2098815917968 32.3400939941406 32.4703063964844 32.6005187988281 32.7307312011719 32.8609436035156 32.9602160135905 32.9666684468587 32.973120880127 32.9795733133952 32.9860257466634 32.9924781799316 32.9989306131999 33.0053830464681 32.9180854797363 32.7995379130046 32.6809903462728 32.562442779541 32.4438952128093 32.3253476460775 32.2068000793457 32.1003819783529 32.0303522745768 31.9603225708008 31.8902928670248
29.8558669196235 29.973216840956 30.0905667622884 30.2079166836209 30.3252666049533 30.380658976237 30.4153988308377 30.4501386854384 30.4848785400391 30.5196183946398 30.5543582492405 30.5890981038411 30.6609559800889 30.8441679212782 31.0273798624674 31.2105918036566 31.3938037448459 31.5770156860351 31.7602276272243 31.9434395684136 32.0828511555989 32.207662624783 32.332474093967 32.457285563151 32.582097032335 32.7069085015191 32.8317199707031 32.927463361952 32.9360025193956 32.9445416768392 32.9530808342828 32.9616199917263 32.9701591491699 32.9786983066135 32.9872374640571 32.9053225199382 32.7932562086317 32.6811898973253 32.5691235860189 32.4570572747125 32.3449909634061 32.2329246520996 32.1309548272027 32.0592744615343 31.9875940958659 31.9159137301975
29.7125473870171 29.835942501492 29.9593376159668 30.0827327304416 30.2061278449165 30.2636202494304 30.2991450839573 30.3346699184842 30.3701947530111 30.405719587538 30.4412444220649 30.4767692565918 30.5508518642849 30.7406077914768 30.9303637186686 31.1201196458604 31.3098755730523 31.4996315002441 31.689387427436 31.8791433546278 32.0148635864258 32.1325719197591 32.2502802530925 32.3679885864258 32.4856969197591 32.6034052530925 32.7211135864258 32.8125231424968 32.8250363667806 32.8375495910645 32.8500628153483 32.8625760396322 32.875089263916 32.8876024881999 32.9001157124838 32.825978088379 32.7229568481446 32.6199356079102 32.5169143676758 32.4138931274415 32.3108718872071 32.2078506469727 32.1133499145508 32.0444107055664 31.975471496582 31.9065322875977
29.5883257548014 29.7097318013509 29.8311378479004 29.9525438944499 30.0739499409994 30.1269020080567 30.1570360819499 30.1871701558431 30.2173042297363 30.2474383036296 30.2775723775228 30.307706451416 30.3790977478027 30.5742607116699 30.7694236755371 30.9645866394043 31.1597496032715 31.3549125671387 31.5500755310058 31.745238494873 31.8757064819336 31.9846094767253 32.0935124715169 32.2024154663086 32.3113184611003 32.420221455892 32.5291244506836 32.6153953552246 32.6337699890137 32.6521446228028 32.6705192565918 32.6888938903809 32.70726852417 32.725643157959 32.7440177917481 32.6800521850586 32.588639831543 32.4972274780274 32.4058151245117 32.3144027709961 32.2229904174805 32.1315780639649 32.0475672403972 31.9857610066732 31.9239547729492 31.8621485392253
29.4641041225857 29.5835211012099 29.702938079834 29.8223550584581 29.9417720370823 29.990183766683 30.0149270799425 30.0396703932021 30.0644137064616 30.0891570197212 30.1139003329807 30.1386436462403 30.2073436313205 30.4079136318631 30.6084836324056 30.8090536329481 31.0096236334907 31.2101936340332 31.4107636345757 31.6113336351183 31.7365493774414 31.8366470336914 31.9367446899414 32.0368423461914 32.1369400024414 32.2370376586914 32.3371353149414 32.4182675679525 32.4425036112468 32.466739654541 32.4909756978353 32.5152117411296 32.5394477844238 32.5636838277181 32.5879198710124 32.5341262817383 32.4543228149414 32.3745193481446 32.2947158813477 32.2149124145508 32.1351089477539 32.0553054809571 31.9817845662435 31.92711130778 31.8724380493164 31.8177647908529
29.33988249037 29.4573104010688 29.5747383117676 29.6921662224664 29.8095941331652 29.8534655253093 29.8728180779351 29.892170630561 29.9115231831869 29.9308757358127 29.9502282884386 29.9695808410645 30.0355895148383 30.2415665520562 30.4475435892741 30.653520626492 30.8594976637099 31.0654747009277 31.2714517381456 31.4774287753635 31.5973922729492 31.6886845906576 31.7799769083659 31.8712692260742 31.9625615437826 32.0538538614909 32.1451461791992 32.2211397806804 32.2512372334798 32.2813346862793 32.3114321390788 32.3415295918783 32.3716270446778 32.4017244974772 32.4318219502767 32.388200378418 32.3200057983399 32.2518112182618 32.1836166381836 32.1154220581055 32.0472274780274 31.9790328979492 31.9160018920899 31.8684616088867 31.8209213256836 31.7733810424805
29.2156608581543 29.3310997009277 29.4465385437012 29.5619773864746 29.6774162292481 29.7167472839356 29.7307090759278 29.7446708679199 29.7586326599121 29.7725944519043 29.7865562438965 29.8005180358887 29.8638353983561 30.0752194722494 30.2866035461426 30.4979876200358 30.709371693929 30.9207557678223 31.1321398417155 31.3435239156087 31.458235168457 31.5407221476237 31.6232091267904 31.705696105957 31.7881830851237 31.8706700642904 31.953157043457 32.0240119934082 32.0599708557129 32.0959297180176 32.1318885803223 32.167847442627 32.2038063049317 32.2397651672363 32.275724029541 32.2422744750977 32.1856887817383 32.1291030883789 32.0725173950196 32.0159317016602 31.9593460083008 31.9027603149414 31.8502192179362 31.8098119099935 31.7694046020508 31.7289972941081
29.0914392259386 29.2048890007867 29.3183387756348 29.4317885504828 29.545238325331 29.5800290425619 29.5886000739204 29.5971711052789 29.6057421366374 29.6143131679959 29.6228841993544 29.6314552307129 29.6920812818739 29.9088723924425 30.1256635030111 30.3424546135796 30.5592457241482 30.7760368347168 30.9928279452853 31.2096190558539 31.3190780639649 31.3927597045898 31.4664413452149 31.5401229858399 31.6138046264649 31.6874862670899 31.7611679077149 31.8268842061361 31.868704477946 31.9105247497559 31.9523450215658 31.9941652933757 32.0359855651856 32.0778058369955 32.1196261088053 32.0963485717774 32.0513717651368 32.0063949584961 31.9614181518555 31.9164413452149 31.8714645385742 31.8264877319336 31.7844365437826 31.7511622111003 31.717887878418 31.6846135457357
28.9583483378092 29.0755999247233 29.1928515116374 29.3101030985514 29.4273546854655 29.4605690002442 29.4657708909777 29.4709727817112 29.4761746724447 29.4813765631782 29.4865784539117 29.4917803446452 29.5484719170464 29.759632534451 29.9707931518555 30.18195376926 30.3931143866645 30.604275004069 30.8154356214735 31.0265962388781 31.1298042297364 31.1970280117459 31.2642517937555 31.331475575765 31.3986993577746 31.4659231397841 31.5331469217937 31.5959298875597 31.6453904045953 31.6948509216309 31.7443114386665 31.7937719557021 31.8432324727377 31.8926929897733 31.9421535068088 31.9314465840658 31.9006838480632 31.8699211120606 31.839158376058 31.8083956400554 31.7776329040528 31.7468701680502 31.7179197523329 31.6944062974718 31.6708928426107 31.6473793877496
28.8163881937663 28.9432324727376 29.070076751709 29.1969210306803 29.3237653096517 29.3583671569824 29.3622215270996 29.3660758972168 29.369930267334 29.3737846374512 29.3776390075684 29.3814933776856 29.4330073038737 29.6274998982747 29.8219924926758 30.0164850870768 30.2109776814779 30.4054702758789 30.5999628702799 30.794455464681 30.8904136657715 30.9535270690918 31.0166404724121 31.0797538757325 31.1428672790528 31.2059806823731 31.2690940856934 31.3311490376791 31.3900286356608 31.4489082336426 31.5077878316244 31.5666674296061 31.6255470275879 31.6844266255697 31.7433062235514 31.7475685119629 31.7336250305176 31.7196815490723 31.705738067627 31.6917945861817 31.6778511047363 31.663907623291 31.6506688435873 31.6395441691081 31.6284194946289 31.6172948201497
