data/working_set_collections/6091692-Cassins_Sparrow-MC/2015/bio8.asc
NCOLS 265 
NROWS 230 
XLLCORNER -115.5625 
YLLCORNER 24.8333333333333 
CELLSIZE 0.0833333333333333 
NODATA_value -9999 
[rows 160 to 179 of 230, columns 0 to 45 of 265]
17.2244985103606 17.2252219676971 17.2259454250335 17.2266688823699 17.2273923397063 17.2281157970428 17.2288392543792 17.9511953830717 18.9140957355497 19.8769960880279 20.8398964405059 21.8027967929839 -9999 -9999 -9999 -9999 -9999 -9999 -9999 -9999 -9999 -9999 -9999 -9999 -9999 -9999 -9999 -9999 -9999 30.9083913485209 30.9631946881612 31.0179980278015 31.0728013674418 31.1276047070821 31.1824080467224 31.2372113863627 31.292014726003 31.1883266448975 31.03180809021 30.8752895355225 30.718770980835 30.5622524261475 30.40573387146 30.2492153167725 30.0892459710439 29.9189242521922
17.7308662467532 17.7267440636952 17.7226218806372 17.7184996975792 17.7143775145212 17.7102553314632 17.7061331484052 18.2631010214486 19.0070989131926 19.7510968049367 20.4950946966806 21.2390925884246 -9999 -9999 -9999 -9999 -9999 -9999 -9999 -9999 -9999 -9999 -9999 -9999 -9999 -9999 -9999 -9999 -9999 -9999 30.8945847087436 30.9601154009501 31.0256460931566 31.0911767853631 31.1567074775696 31.2222381697761 31.2877688619826 31.1940769195557 31.0473107655843 30.900544611613 30.7537784576416 30.6070123036703 30.4602461496989 30.3134799957276 30.1647620254093 30.0101886060503
18.0830173227522 18.0717844168345 18.0605515109168 18.0493186049991 18.0380856990814 18.0268527931637 18.015619887246 18.4740114212035 19.0889444351195 19.7038774490356 20.3188104629516 20.9337434768675 -9999 -9999 -9999 -9999 -9999 -9999 -9999 -9999 -9999 -9999 -9999 -9999 -9999 -9999 -9999 -9999 -9999 -9999 -9999 30.8775350570679 30.9486059188843 31.0196767807007 31.0907476425171 31.1618185043335 31.2328893661499 31.1407377878825 30.9941787295872 30.8476196712918 30.7010606129965 30.5545015547011 30.4079424964058 30.2613834381104 30.1161584483253 29.974935664071
18.2809517383575 18.2603430271148 18.2397343158722 18.2191256046295 18.1985168933868 18.1779081821441 18.1572994709015 18.5839265823363 19.1596323013304 19.7353380203246 20.3110437393187 20.8867494583129 -9999 -9999 -9999 -9999 -9999 -9999 -9999 -9999 -9999 -9999 -9999 -9999 -9999 -9999 -9999 -9999 -9999 -9999 -9999 -9999 30.8416808446248 30.9131046930949 30.984528541565 31.055952390035 31.1273762385051 31.028309249878 30.8724119822185 30.716514714559 30.5606174468995 30.40472017924 30.2488229115805 30.092925643921 29.9434352397919 29.8131654262543
18.4788861539629 18.4489016373952 18.4189171208276 18.3889326042599 18.3589480876922 18.3289635711246 18.2989790545569 18.6938417434691 19.2303201675414 19.7667985916137 20.3032770156859 20.8397554397582 -9999 -9999 -9999 -9999 -9999 -9999 -9999 -9999 -9999 -9999 -9999 -9999 -9999 -9999 -9999 -9999 -9999 -9999 -9999 -9999 30.7347557703654 30.8065326054891 30.8783094406128 30.9500862757365 31.0218631108602 30.9158807118734 30.7506452348498 30.5854097578261 30.4201742808025 30.2549388037788 30.0897033267551 29.9244678497315 29.7707120312585 29.6513951884376
18.6768205695682 18.6374602476755 18.5980999257829 18.5587396038903 18.5193792819977 18.480018960105 18.4406586382124 18.8037569046019 19.3010080337523 19.7982591629028 20.2955102920531 20.7927614212035 -9999 -9999 -9999 -9999 -9999 -9999 -9999 -9999 -9999 -9999 -9999 -9999 -9999 -9999 -9999 -9999 -9999 -9999 -9999 -9999 30.627830696106 30.6999605178833 30.7720903396607 30.844220161438 30.9163499832153 30.8034521738689 30.6288784874811 30.4543048010933 30.2797311147055 30.1051574283177 29.9305837419299 29.7560100555421 29.5979888227251 29.4896249506209
18.8747549851735 18.8260188579559 18.7772827307383 18.7285466035207 18.6798104763031 18.6310743490855 18.5823382218679 18.9136720657348 19.3716958999633 19.8297197341918 20.2877435684203 20.7457674026488 -9999 -9999 -9999 -9999 -9999 -9999 -9999 -9999 -9999 -9999 -9999 -9999 -9999 -9999 -9999 -9999 -9999 -9999 -9999 -9999 30.5209056218465 30.5933884302775 30.6658712387085 30.7383540471395 30.8108368555705 30.6910236358643 30.5071117401124 30.3231998443604 30.1392879486085 29.9553760528565 29.7714641571045 29.5875522613526 29.4252656141917 29.3278547128042
19.0726894007789 19.0145774682363 18.9564655356937 18.8983536031511 18.8402416706085 18.7821297380659 18.7240178055233 19.0235872268676 19.4423837661742 19.8611803054809 20.2799768447875 20.6987733840941 -9999 -9999 -9999 -9999 -9999 -9999 -9999 -9999 -9999 -9999 -9999 -9999 -9999 -9999 -9999 -9999 -9999 -9999 -9999 -9999 30.4139805475871 30.4868163426717 30.5596521377563 30.632487932841 30.7053237279256 30.5785950978598 30.3853449927437 30.1920948876275 29.9988447825114 29.8055946773954 29.6123445722792 29.4190944671631 29.2525424056583 29.1660844749875
19.3311742146809 19.2984333038329 19.2656923929849 19.2329514821369 19.200210571289 19.167469660441 19.134728749593 19.3400699456531 19.6247718440161 19.909473742379 20.194175640742 20.4788775391049 20.7635794374679 -9999 -9999 -9999 -9999 -9999 -9999 -9999 -9999 -9999 -9999 -9999 -9999 -9999 -9999 -9999 -9999 -9999 -9999 -9999 -9999 30.4305389139387 30.5048743724823 30.5792098310258 30.6535452895694 30.534694592158 30.3514485094283 30.1682024266985 29.9849563439687 29.801710261239 29.6184641785092 29.4352180957794 29.2779059622023 29.198395676083
19.6502094268798 19.677586364746 19.7049633026122 19.7323402404784 19.7597171783446 19.7870941162108 19.814471054077 19.8631202220916 19.9188601334889 19.9746000448863 20.0303399562836 20.0860798676809 20.1418197790783 20.1975596904756 20.1565527121228 -9999 -9999 -9999 -9999 -9999 -9999 -9999 -9999 -9999 -9999 -9999 -9999 -9999 -9999 -9999 -9999 -9999 -9999 -9999 30.5015379428863 30.5785197416941 30.6555015405019 30.5593221187592 30.4054222901662 30.2515224615733 30.0976226329804 29.9437228043874 29.7898229757945 29.6359231472015 29.5013562838236 29.4247883160909
19.9692446390787 20.0567394256591 20.1442342122395 20.2317289988199 20.3192237854003 20.4067185719807 20.4942133585611 20.38617049853 20.2129484229618 20.0397263473935 19.8665042718252 19.6932821962569 19.5200601206887 19.3468380451204 19.164305077659 18.9538394345179 -9999 -9999 -9999 -9999 -9999 -9999 -9999 -9999 -9999 -9999 -9999 -9999 -9999 -9999 -9999 -9999 -9999 -9999 -9999 30.5778296523624 30.6574577914344 30.5839496453603 30.4593960709042 30.3348424964481 30.210288921992 30.0857353475359 29.9611817730798 29.8366281986237 29.724806605445 29.6511809560987
20.2882798512776 20.4358924865722 20.5835051218667 20.7311177571613 20.8787303924559 21.0263430277505 21.1739556630451 20.9092207749684 20.5070367124346 20.1048526499007 19.7026685873668 19.300484524833 18.8983004622991 18.4961163997653 18.1720574431951 18.0823738045164 17.9926901658378 17.9030065271591 -9999 -9999 -9999 -9999 -9999 -9999 -9999 -9999 -9999 -9999 -9999 -9999 -9999 -9999 -9999 -9999 -9999 30.5771395630306 30.6594140423669 30.6085771719615 30.5133698516422 30.4181625313229 30.3229552110036 30.2277478906843 30.132540570365 30.0373332500458 29.9482569270664 29.8775735961066
20.6073150634765 20.8150455474853 21.022776031494 21.2305065155028 21.4382369995116 21.6459674835204 21.8536979675292 21.4322710514069 20.8011250019074 20.1699789524079 19.5388329029085 18.907686853409 18.2765408039095 17.64539475441 17.1798098087312 17.2109081745149 17.2420065402986 17.2731049060823 -9999 -9999 -9999 -9999 -9999 -9999 -9999 -9999 -9999 -9999 -9999 -9999 -9999 -9999 -9999 -9999 -9999 -9999 30.6613702932993 30.6332046985626 30.5673436323802 30.5014825661977 30.4356215000153 30.3697604338328 30.3038993676503 30.2380383014679 30.1717072486877 30.1039662361145
-9999 21.1941986083983 21.4620469411213 21.7298952738443 21.9977436065673 22.2655919392902 22.5334402720132 21.9553213278453 21.0952132913803 20.2351052549151 19.3749972184501 18.514889181985 17.6547811455199 16.7946731090548 16.1875621742673 16.3394425445134 16.4913229147594 16.6432032850054 16.7950836552514 16.9469640254975 17.0988443957435 -9999 -9999 -9999 21.9599437766603 -9999 -9999 -9999 -9999 -9999 -9999 -9999 -9999 -9999 -9999 -9999 30.6633265442318 30.6578322251638 30.6213174131182 30.5848026010725 30.5482877890269 30.5117729769813 30.4752581649356 30.43874335289 30.3951575703091 30.3303588761223
-9999 -9999 -9999 21.7293642308978 21.9923566023509 22.2553489738041 22.5183413452573 21.8980655670169 20.9833670722117 20.0686685774063 19.1539700826011 18.2392715877959 17.3245730929906 16.4098745981854 15.7716930124494 15.9630621539221 16.1544312953948 16.3458004368676 16.5371695783403 16.728538719813 16.9199078612857 -9999 -9999 20.1586983256866 21.872743490007 23.5867886543271 25.3008338186472 -9999 -9999 -9999 -9999 -9999 -9999 -9999 -9999 -9999 30.6696816073523 30.6837552070618 30.6723947842916 30.6610343615214 30.6496739387512 30.638313515981 30.6269530932108 30.6155926704406 30.5926263544294 30.5348423586951
-9999 -9999 -9999 -9999 21.4220759868622 21.6152385870616 21.808401187261 21.2605037689211 20.4655863444013 19.6706689198813 18.8757514953615 18.0808340708417 17.2859166463217 16.4909992218019 15.9322023232777 16.0817670027415 16.2313316822052 16.3808963616689 16.5304610411326 16.6800257205963 16.82959040006 16.9791550795237 -9999 20.0468761761979 21.7784932772317 23.5101103782651 25.2417274792985 26.9733445803322 -9999 -9999 -9999 -9999 -9999 -9999 -9999 -9999 -9999 30.7109736442566 30.7205757459005 30.7301778475443 30.7397799491882 30.7493820508321 30.758984152476 30.7685862541198 30.7641136010488 30.7174166838328
-9999 -9999 -9999 -9999 -9999 -9999 -9999 20.6229419708254 19.9478056165909 19.2726692623564 18.5975329081219 17.9223965538874 17.2472601996529 16.5721238454184 16.0927116341061 16.2004718515608 16.3082320690155 16.4159922864702 16.5237525039249 16.6315127213796 16.7392729388343 16.847033156289 18.1858649889625 19.9350540267093 21.6842430644563 23.4334321022031 25.1826211399498 26.9318101776969 28.6809992154436 30.0169702476925 -9999 -9999 -9999 -9999 -9999 -9999 -9999 -9999 30.7687567075093 30.7993213335673 30.8298859596252 30.8604505856832 30.8910152117411 30.921579837799 30.9356008476681 30.8999910089705
-9999 -9999 -9999 -9999 -9999 -9999 -9999 -9999 19.4300248887806 18.8746696048314 18.3193143208823 17.7639590369332 17.208603752984 16.6532484690349 16.2532209449344 16.3191767003801 16.3851324558258 16.4510882112715 16.5170439667172 16.5829997221629 16.6489554776086 16.7149112330543 18.0564709027605 19.8232318772206 -9999 23.3567538261411 25.1235148006011 26.8902757750615 28.6570367495216 30.0069294028812 -9999 -9999 -9999 -9999 -9999 -9999 -9999 30.7654105186462 30.8169376691182 30.8684648195902 30.9199919700622 30.9715191205342 31.0230462710062 31.0745734214782 31.1070880942874 31.0825653341081
-9999 -9999 -9999 -9999 -9999 -9999 -9999 -9999 -9999 18.4766699473064 18.0410957336427 17.605521519979 17.1699473063152 16.7343730926514 16.4137302557627 16.4378815491994 16.4620328426361 16.4861841360728 16.5103354295095 16.5344867229462 16.5586380163829 16.5827893098196 17.9270768165586 19.711409727732 -9999 -9999 25.0644084612525 26.8487413724262 28.6330742835995 -9999 -9999 -9999 -9999 -9999 -9999 -9999 30.7126971085866 30.792628955841 30.8651186307271 30.9376083056132 31.0100979804992 31.0825876553853 31.1550773302714 31.2275670051574 31.2785753409068 31.2651396592458
-9999 -9999 -9999 -9999 -9999 -9999 -9999 -9999 -9999 -9999 -9999 17.4470840030247 17.1312908596463 16.815497716268 16.574239566591 16.5565863980187 16.5389332294464 16.5212800608741 16.5036268923018 16.4859737237295 16.4683205551571 16.4506673865848 17.7976827303566 19.5995875782433 21.4014924261303 -9999 -9999 26.8072069697908 -9999 -9999 -9999 -9999 -9999 -9999 -9999 30.6182219452328 30.7234509838952 30.8198473930359 30.913299592336 31.0067517916361 31.1002039909363 31.1936561902364 31.2871083895365 31.3805605888366 31.4500625875261 31.4477139843835
