data/working_set_collections/6091692-Cassins_Sparrow-MC/2015/bio8.asc
NCOLS 265 
NROWS 230 
XLLCORNER -115.5625 
YLLCORNER 24.8333333333333 
CELLSIZE 0.0833333333333333 
NODATA_value -9999 
[rows 160 to 179 of 230, columns 46 to 91 of 265]
29.7486025333405 29.5782808144887 29.407959095637 29.2376373767853 29.0673156579336 28.8969939390818 28.6005324840546 28.2620244503022 27.9235164165497 27.5850083827973 27.2465003490448 26.9079923152924 26.5694842815399 26.298495054245 26.2300622463226 26.1616294384002 26.0931966304779 26.0247638225555 25.9563310146332 25.8878982067108 25.8194653987884 25.8025254249572 25.8027497291565 25.8029740333557 25.8031983375549 25.8034226417541 25.8036469459534 25.8038712501526 25.7460706233979 25.5141952037812 25.2823197841645 25.0504443645478 24.8185689449311 24.5866935253144 24.3548181056977 24.122942686081 24.0779640197754 24.0952842712403 24.1126045227051 24.12992477417 24.1472450256348 24.1645652770997 24.1818855285645 24.2504282156626 24.4726382096609 24.6948482036591
29.8556151866913 29.7010417673323 29.5464683479733 29.3918949286143 29.2373215092553 29.0827480898963 28.7933719476064 28.4590615643396 28.1247511810727 27.7904407978058 27.456130414539 27.121820031272 26.7875096480052 26.5195832411448 26.450808763504 26.3820342858632 26.3132598082224 26.2444853305816 26.1757108529409 26.1069363753001 26.0381618976593 26.0000435193379 25.9721438407898 25.9442441622416 25.9163444836934 25.8884448051453 25.8605451265971 25.8326454480489 25.7457743379805 25.4819889333513 25.2182035287222 24.954418124093 24.6906327194638 24.4268473148347 24.1630619102055 23.8992765055763 23.838013458252 23.8442578633627 23.8505022684733 23.856746673584 23.8629910786947 23.8692354838054 23.8754798889161 23.9421623918745 24.1901591883765 24.4381559848785
29.8337128798167 29.6924900955625 29.5512673113082 29.4100445270539 29.2688217427996 29.1275989585453 28.8552189509075 28.5391198688084 28.2230207867093 27.9069217046102 27.5908226225112 27.2747235404121 26.958624458313 26.7033785131242 26.6306919786665 26.5580054442088 26.485318909751 26.4126323752933 26.3399458408356 26.2672593063778 26.1945727719201 26.1459011395772 26.105234474606 26.0645678096347 26.0239011446635 25.9832344796922 25.942567814721 25.9019011497497 25.7972503026327 25.500646909078 25.2040435155233 24.9074401219687 24.6108367284139 24.3142333348593 24.0176299413046 23.7210265477499 23.6336354096731 23.615981690089 23.5983279705048 23.5806742509207 23.5630205313365 23.5453668117524 23.5277130921683 23.5821551799774 23.8528846899669 24.1236141999563
29.6828956127167 29.5526257991791 29.4223559856415 29.2920861721039 29.1618163585663 29.0315465450287 28.7860734939576 28.5021993637086 28.2183252334595 27.9344511032105 27.6505769729615 27.3667028427124 27.0828287124634 26.8498808701833 26.7697118918101 26.6895429134369 26.6093739350637 26.5292049566905 26.4490359783173 26.368866999944 26.2886980215708 26.240098285675 26.2020216306051 26.1639449755351 26.1258683204651 26.0877916653951 26.0497150103251 26.0116383552551 25.9004985173544 25.5701691309611 25.2398397445679 24.9095103581747 24.5791809717815 24.2488515853883 23.918522198995 23.5881928126018 23.4648298740387 23.4104557514191 23.3560816287995 23.3017075061799 23.2473333835602 23.1929592609406 23.138585138321 23.1704065799713 23.4608147144318 23.7512228488922
29.5320783456167 29.4127615027958 29.2934446599749 29.174127817154 29.0548109743331 28.9354941315121 28.7169280370077 28.4652788586087 28.2136296802097 27.9619805018107 27.7103313234118 27.4586821450128 27.2070329666138 26.9963832272424 26.9087318049537 26.821080382665 26.7334289603763 26.6457775380876 26.558126115799 26.4704746935103 26.3828232712216 26.3342954317729 26.2988087866041 26.2633221414354 26.2278354962667 26.1923488510979 26.1568622059292 26.1213755607605 26.0037467320761 25.6396913528443 25.2756359736125 24.9115805943808 24.547525215149 24.1834698359172 23.8194144566855 23.4553590774537 23.2960243384044 23.2049298127493 23.1138352870942 23.0227407614391 22.931646235784 22.8405517101288 22.7494571844737 22.7586579799652 23.0687447388967 23.3788314978282
29.3812610785167 29.2728972064125 29.1645333343082 29.056169462204 28.9478055900998 28.8394417179956 28.6477825800578 28.4283583535089 28.2089341269599 27.989509900411 27.7700856738621 27.5506614473131 27.3312372207642 27.1428855843014 27.0477517180972 26.9526178518931 26.8574839856889 26.7623501194848 26.6672162532806 26.5720823870765 26.4769485208723 26.4284925778707 26.3955959426032 26.3626993073357 26.3298026720683 26.2969060368008 26.2640094015333 26.2311127662659 26.1069949467978 25.7092135747274 25.3114322026571 24.9136508305868 24.5158694585165 24.1180880864462 23.7203067143759 23.3225253423056 23.12721880277 22.9994038740795 22.8715889453889 22.7437740166983 22.6159590880077 22.4881441593171 22.3603292306265 22.3469093799591 22.6766747633617 23.0064401467641
29.2304438114167 29.1330329100291 29.0356220086416 28.9382111072541 28.8408002058665 28.743389304479 28.578637123108 28.3914378484091 28.2042385737101 28.0170392990113 27.8298400243124 27.6426407496134 27.4554414749146 27.2893879413605 27.1867716312408 27.0841553211212 26.9815390110016 26.878922700882 26.7763063907623 26.6736900806427 26.5710737705231 26.5226897239685 26.4923830986023 26.4620764732361 26.4317698478699 26.4014632225037 26.3711565971374 26.3408499717712 26.2102431615195 25.7787357966105 25.3472284317017 24.9157210667929 24.484213701884 24.0527063369752 23.6211989720664 23.1896916071575 22.9584132671357 22.7938779354096 22.6293426036835 22.4648072719575 22.3002719402314 22.1357366085053 21.9712012767793 21.935160779953 22.2846047878266 22.6340487957001
29.0796265443166 28.9931686136458 28.906710682975 28.8202527523041 28.7337948216333 28.6473368909624 28.5094916661581 28.3545173433092 28.1995430204604 28.0445686976115 27.8895943747627 27.7346200519138 27.579645729065 27.4358902984195 27.3257915443844 27.2156927903493 27.1055940363142 26.9954952822791 26.885396528244 26.7752977742089 26.6651990201738 26.6168868700663 26.5891702546014 26.5614536391364 26.5337370236715 26.5060204082065 26.4783037927416 26.4505871772766 26.3134913762411 25.8482580184937 25.3830246607463 24.917791302999 24.4525579452515 23.9873245875042 23.5220912297568 23.0568578720093 22.7896077315013 22.5883519967398 22.3870962619782 22.1858405272167 21.9845847924551 21.7833290576936 21.582073322932 21.5234121799469 21.8925348122915 22.261657444636
29.1188853899638 29.0393751038445 28.9598648177253 28.880354531606 28.8008442454868 28.7213339593675 28.6013605912526 28.4678995291392 28.3344384670257 28.2009774049123 28.0675163427988 27.9340552806854 27.8005942185719 27.670121357176 27.5486130979326 27.4271048386891 27.3055965794457 27.1840883202023 27.0625800609588 26.9410718017154 26.819563542472 26.7687457243601 26.7414913866255 26.7142370488908 26.6869827111562 26.6597283734215 26.6324740356869 26.6052196979522 26.4636550744375 25.9791595935822 25.4946641127269 25.0101686318716 24.5256731510163 24.041177670161 23.5566821893057 23.0721867084503 22.7683744589488 22.5247899532319 22.2812054475149 22.0376209417979 21.794036436081 21.550451930364 21.3068674246471 21.2139775594075 21.5731716156006 21.9323656717936
29.3482203483581 29.2716523806254 29.1950844128926 29.1185164451599 29.0419484774271 28.9653805096944 28.8542438983917 28.731584405899 28.6089249134063 28.4862654209137 28.363605928421 28.2409464359283 28.1182869434356 27.99208111763 27.8552362918853 27.7183914661407 27.5815466403961 27.4447018146515 27.3078569889068 27.1710121631622 27.0341673374176 26.9782662868499 26.9493464946747 26.9204267024994 26.8915069103241 26.8625871181488 26.8336673259735 26.8047475337982 26.6607342561087 26.171440521876 25.6821467876435 25.1928530534109 24.7035593191783 24.2142655849457 23.7249718507132 23.2356781164805 22.8947134494782 22.6031918048859 22.3116701602936 22.0201485157013 21.7286268711091 21.4371052265168 21.1455835819245 21.0068569183349 21.3265151977539 21.6461734771728
29.5775553067525 29.5039296574063 29.43030400806 29.3566783587138 29.2830527093675 29.2094270600213 29.1071272055308 28.9952692826589 28.883411359787 28.7715534369151 28.6596955140432 28.5478375911712 28.4359796682993 28.314040878084 28.1618594858381 28.0096780935923 27.8574967013465 27.7053153091007 27.5531339168548 27.400952524609 27.2487711323632 27.1877868493398 27.1572016027238 27.1266163561079 27.096031109492 27.065445862876 27.0348606162601 27.0042753696441 26.8578134377798 26.3637214501699 25.8696294625601 25.3755374749502 24.8814454873403 24.3873534997305 23.8932615121207 23.3991695245107 23.0210524400076 22.68159365654 22.3421348730723 22.0026760896048 21.6632173061372 21.3237585226695 20.9842997392019 20.7997362772623 21.0798587799072 21.3599812825521
29.8068902651469 29.7362069341871 29.6655236032274 29.5948402722676 29.5241569413079 29.4534736103481 29.3600105126698 29.2589541594187 29.1578978061676 29.0568414529164 28.9557850996653 28.8547287464141 28.753672393163 28.6360006385379 28.4684826797909 28.3009647210439 28.1334467622969 27.9659288035498 27.7984108448028 27.6308928860558 27.4633749273088 27.3973074118296 27.365056710773 27.3328060097164 27.3005553086598 27.2683046076033 27.2360539065467 27.2038032054901 27.054892619451 26.5560023784638 26.0571121374767 25.5582218964895 25.0593316555023 24.5604414145152 24.0615511735281 23.5626609325409 23.1473914305369 22.759995508194 22.3725995858511 21.9852036635082 21.5978077411653 21.2104118188223 20.8230158964794 20.5926156361898 20.8332023620606 21.0737890879313
30.0362252235412 29.968484210968 29.9007431983947 29.8330021858215 29.7652611732483 29.697520160675 29.6128938198089 29.5226390361786 29.4323842525482 29.3421294689178 29.2518746852874 29.1616199016571 29.0713651180267 28.9579603989919 28.7751058737437 28.5922513484955 28.4093968232473 28.226542297999 28.0436877727508 27.8608332475026 27.6779787222544 27.6068279743194 27.5729118188222 27.538995663325 27.5050795078277 27.4711633523305 27.4372471968333 27.403331041336 27.2519718011221 26.7482833067576 26.2445948123932 25.7409063180288 25.2372178236644 24.7335293293 24.2298408349356 23.7261523405711 23.2737304210663 22.8383973598481 22.4030642986298 21.9677312374116 21.5323981761933 21.097065114975 20.6617320537568 20.3854949951172 20.5865459442139 20.7875968933106
30.2655601819356 30.2007614877489 30.1359627935621 30.0711640993754 30.0063654051886 29.9415667110019 29.865777126948 29.7863239129384 29.7068706989288 29.6274174849192 29.5479642709096 29.4685110569 29.3890578428904 29.2799201594459 29.0817290676964 28.8835379759471 28.6853468841977 28.4871557924482 28.2889647006989 28.0907736089495 27.8925825172 27.8163485368093 27.7807669268714 27.7451853169335 27.7096037069956 27.6740220970577 27.6384404871199 27.602858877182 27.4490509827933 26.9405642350515 26.4320774873098 25.9235907395682 25.4151039918264 24.9066172440847 24.3981304963431 23.8896437486013 23.4000694115957 22.9167992115022 22.4335290114085 21.950258811315 21.4669886112214 20.9837184111278 20.5004482110342 20.1783743540446 20.3398895263672 20.5014046986898
30.4770583629608 30.4192743672265 30.3614903714921 30.3037063757578 30.2459223800235 30.1881383842892 30.1125325202942 30.0309860335456 29.949439546797 29.8678930600484 29.7863465732998 29.7048000865512 29.6232535998026 29.5108438544803 29.3058443334368 29.1008448123932 28.8958452913496 28.690845770306 28.4858462492625 28.2808467282189 28.0758472071754 27.9880483150482 27.9393162992265 27.8905842834049 27.8418522675832 27.7931202517616 27.7443882359399 27.6956562201182 27.5332847648198 27.0299949910906 26.5267052173615 26.0234154436325 25.5201256699033 25.0168358961742 24.5135461224451 24.0102563487159 23.5040024121603 22.9967604213292 22.489518430498 21.9822764396668 21.4750344488357 20.9677924580045 20.4605504671733 20.1120071676042 20.2395599418216 20.367112716039
30.6707197666168 30.6240228494008 30.5773259321848 30.5306290149688 30.4839320977529 30.4372351805369 30.3531599998474 30.2566253980001 30.1600907961527 30.0635561943054 29.9670215924581 29.8704869906107 29.7739523887634 29.6507314840953 29.4474516709646 29.2441718578339 29.0408920447032 28.8376122315725 28.6343324184418 28.4310526053111 28.2277727921804 28.1219273090362 28.0485599358877 27.975192562739 27.9018251895905 27.8284578164419 27.7550904432933 27.6817230701447 27.5046731472017 27.0165755748749 26.5284780025483 26.0403804302217 25.5522828578949 25.0641852855683 24.5760877132417 24.087990140915 23.5855294227601 23.0782809893291 22.5710325558981 22.0637841224671 21.5565356890362 21.0492872556051 20.5420388221741 20.1863934357961 20.2855571905772 20.3847209453583
30.8643811702728 30.8287713315752 30.7931614928775 30.7575516541799 30.7219418154822 30.6863319767846 30.5937874794006 30.4822647624546 30.3707420455085 30.2592193285624 30.1476966116163 30.0361738946703 29.9246511777242 29.7906191137102 29.5890590084924 29.3874989032746 29.1859387980567 28.9843786928389 28.7828185876211 28.5812584824032 28.3796983771854 28.2558063030243 28.1578035725488 28.0598008420732 27.9617981115977 27.8637953811222 27.7657926506466 27.6677899201711 27.4760615295835 27.0031561586592 26.5302507877351 26.0573454168109 25.5844400458866 25.1115346749624 24.6386293040383 24.165723933114 23.6670564333599 23.1598015573291 22.6525466812982 22.1452918052674 21.6380369292366 21.1307820532057 20.623527177175 20.2607797039879 20.3315544393327 20.4023291746775
31.0580425739288 31.0335198137495 31.0089970535702 30.9844742933909 30.9599515332116 30.9354287730322 30.8344149589538 30.707904126909 30.5813932948642 30.4548824628194 30.3283716307746 30.2018607987298 30.075349966685 29.9305067433251 29.7306663460202 29.5308259487152 29.3309855514103 29.1311451541053 28.9313047568003 28.7314643594954 28.5316239621904 28.3896852970123 28.2670472092099 28.1444091214074 28.021771033605 27.8991329458025 27.776494858 27.6538567701976 27.4474499119654 26.9897367424436 26.5320235729218 26.0743104034001 25.6165972338783 25.1588840643566 24.7011708948348 24.243457725313 23.7485834439596 23.241322125329 22.7340608066983 22.2267994880677 21.7195381694371 21.2122768508064 20.7050155321758 20.3351659721798 20.3775516880883 20.4199374039968
31.2517039775848 31.2382682959238 31.2248326142629 31.2113969326019 31.1979612509409 31.1845255692799 31.0750424385071 30.9335434913635 30.7920445442199 30.6505455970764 30.5090466499329 30.3675477027893 30.2260487556457 30.0703943729401 29.872273683548 29.6741529941559 29.4760323047638 29.2779116153717 29.0797909259796 28.8816702365875 28.6835495471954 28.5235642910004 28.376290845871 28.2290174007416 28.0817439556122 27.9344705104828 27.7871970653534 27.639923620224 27.4188382943472 26.9763173262279 26.5337963581086 26.0912753899893 25.64875442187 25.2062334537507 24.7637124856314 24.321191517512 23.8301104545594 23.322842693329 22.8155749320984 22.308307170868 21.8010394096376 21.293771648407 20.7865038871766 20.4095522403717 20.4235489368439 20.437545633316
31.4453653812408 31.4430167780982 31.4406681749555 31.4383195718129 31.4359709686703 31.4336223655276 31.3156699180603 31.159182855818 31.0026957935757 30.8462087313334 30.6897216690911 30.5332346068488 30.3767475446065 30.210282002555 30.0138810210758 29.8174800395966 29.6210790581174 29.4246780766381 29.2282770951589 29.0318761136797 28.8354751322005 28.6574432849884 28.4855344825321 28.3136256800758 28.1417168776194 27.9698080751631 27.7978992727068 27.6259904702505 27.3902266767291 26.9628979100122 26.5355691432954 26.1082403765785 25.6809116098616 25.2535828431448 24.826254076428 24.3989253097111 23.9116374651592 23.4043632613289 22.8970890574986 22.3898148536683 21.882540649838 21.3752664460077 20.8679922421774 20.4839385085636 20.4695461855994 20.4551538626353
