data/working_set_collections/6091692-Cassins_Sparrow-MC/2015/bio8.asc
NCOLS 265 
NROWS 230 
XLLCORNER -115.5625 
YLLCORNER 24.8333333333333 
CELLSIZE 0.0833333333333333 
NODATA_value -9999 
[rows 200 to 219 of 230, columns 138 to 183 of 265]
25.7568131711747 25.8706288814544 25.9844445917341 26.0982603020138 25.9726141929627 25.7671474774679 25.5616807619731 25.3562140464783 25.1507473309835 24.9452806154887 24.7398138999939 24.5168245686426 24.2412673897214 23.9657102108002 23.6901530318791 23.4145958529579 23.1390386740367 22.8634814951155 22.5879243161944 22.7181985696156 22.9837499671511 23.2493013646867 23.5148527622222 23.7804041597577 24.0459555572933 24.3115069548288 24.5980486339992 24.9475611580742 25.2970736821492 25.6465862062241 25.9960987302991 26.3456112543741 26.6951237784491 27.0446363025241 27.2139417807261 27.3231782436371 27.432414706548 27.541651169459 27.65088763237 27.760124095281 27.8693605581919 27.9783078829447 28.0863877932231 28.1944677035014 28.3025476137797 28.410627524058
25.917393181059 26.048480272293 26.179567363527 26.310654454761 26.1694561958313 25.9374961535136 25.7055361111959 25.4735760688782 25.2416160265605 25.0096559842428 24.7776959419251 24.5365034368304 24.2676135434045 23.9987236499787 23.7298337565529 23.460943863127 23.1920539697012 22.9231640762753 22.6542741828495 22.8020916144052 23.0888114876216 23.375531360838 23.6622512340545 23.9489711072709 24.2356909804873 24.5224108537037 24.8127594206067 25.1139940685695 25.4152287165323 25.7164633644951 26.0176980124579 26.3189326604207 26.6201673083835 26.9214019563462 27.0722591241201 27.1729904651642 27.2737218062083 27.3744531472524 27.4751844882965 27.5759158293406 27.6766471703847 27.7849895159404 27.9161648750305 28.0473402341207 28.1785155932108 28.309690952301
26.0779731909433 26.2263316631317 26.37469013532 26.5230486075083 26.3662981987 26.1078448295594 25.8493914604188 25.5909380912781 25.3324847221375 25.0740313529969 24.8155779838562 24.5561823050182 24.2939596970877 24.0317370891571 23.7695144812267 23.5072918732962 23.2450692653656 22.9828466574351 22.7206240495047 22.8859846591949 23.1938730080922 23.5017613569894 23.8096497058868 24.117538054784 24.4254264036813 24.7333147525786 25.0274702072143 25.2804269790648 25.5333837509155 25.786340522766 26.0392972946166 26.2922540664672 26.5452108383178 26.7981676101684 26.930576467514 27.0228026866913 27.1150289058685 27.2072551250458 27.299481344223 27.3917075634003 27.4839337825775 27.591671148936 27.745941956838 27.90021276474 28.054483572642 28.208754380544
26.2385532008276 26.4041830539703 26.5698129071129 26.7354427602555 26.5631402015686 26.2781935056051 25.9932468096416 25.708300113678 25.4233534177145 25.138406721751 24.8534600257874 24.575861173206 24.3203058507708 24.0647505283356 23.8091952059005 23.5536398834653 23.2980845610301 23.042529238595 22.7869739161598 22.9698777039845 23.2989345285627 23.6279913531408 23.957048177719 24.2861050022972 24.6151618268754 24.9442186514536 25.2421809938218 25.4468598895602 25.6515387852986 25.856217681037 26.0608965767754 26.2655754725138 26.4702543682522 26.6749332639906 26.788893810908 26.8726149082184 26.9563360055288 27.0400571028392 27.1237782001495 27.2074992974599 27.2912203947703 27.3983527819315 27.5757190386454 27.7530852953593 27.9304515520731 28.107817808787
26.3310465865665 26.5043316046397 26.6776166227128 26.850901640786 26.6819007555644 26.3988045692444 26.1157083829245 25.8326121966044 25.5495160102845 25.2664198239645 24.9833236376445 24.7146285904778 24.4891369607714 24.2636453310648 24.0381537013583 23.8126620716519 23.5871704419453 23.3616788122388 23.1361871825324 23.2902177015939 23.5707556035782 23.8512935055625 24.1318314075469 24.4123693095312 24.6929072115156 24.9734451134999 25.2315576447381 25.4223940637376 25.6132304827372 25.8040669017368 25.9949033207363 26.1857397397359 26.3765761587355 26.567412577735 26.6704769293467 26.7442839251624 26.8180909209781 26.8918979167938 26.9657049126095 27.0395119084252 27.1133189042409 27.2162495878008 27.406551334593 27.5968530813853 27.7871548281775 27.9774565749698
26.3554533481597 26.5267773151397 26.6981012821197 26.8694252490997 26.7225798606873 26.4696780204773 26.2167761802674 25.9638743400574 25.7109724998474 25.4580706596375 25.2051688194275 24.9724845568339 24.8004530270894 24.6284214973449 24.4563899676005 24.284358437856 24.1123269081115 23.940295378367 23.7682638486226 23.8470046520232 24.0093362331389 24.1716678142547 24.3339993953704 24.4963309764862 24.6586625576019 24.8209941387177 24.995600159963 25.2070295015971 25.4184588432312 25.6298881848653 25.8413175264994 26.0527468681335 26.2641762097676 26.4756055514017 26.5753258228302 26.6378097375234 26.7002936522166 26.7627775669098 26.825261481603 26.8877453962962 26.9502293109894 27.0453615665436 27.2384388446808 27.431516122818 27.6245934009552 27.8176706790924
26.379860109753 26.5492230256398 26.7185859415266 26.8879488574133 26.7632589658102 26.5405514717102 26.3178439776103 26.0951364835104 25.8724289894104 25.6497214953105 25.4270140012105 25.23034052319 25.1117690934075 24.993197663625 24.8746262338426 24.7560548040602 24.6374833742777 24.5189119444953 24.4003405147128 24.4037916024525 24.4479168626996 24.4920421229468 24.5361673831939 24.5802926434411 24.6244179036882 24.6685431639354 24.7596426751878 24.9916649394565 25.2236872037252 25.4557094679938 25.6877317322625 25.9197539965311 26.1517762607998 26.3837985250684 26.4801747163137 26.5313355498844 26.5824963834551 26.6336572170258 26.6848180505965 26.7359788841671 26.7871397177378 26.8744735452864 27.0703263547685 27.2661791642507 27.4620319737328 27.657884783215
26.4042668713463 26.5716687361399 26.7390706009335 26.906472465727 26.8039380709331 26.6114249229431 26.4189117749532 26.2263986269633 26.0338854789734 25.8413723309835 25.6488591829936 25.488196489546 25.4230851597256 25.3579738299051 25.2928625000847 25.2277511702643 25.1626398404438 25.0975285106234 25.032417180803 24.9605785528818 24.8864974922603 24.8124164316389 24.7383353710174 24.664254310396 24.5901732497745 24.5160921891531 24.5236851904127 24.7763003773159 25.0289155642192 25.2815307511223 25.5341459380255 25.7867611249288 26.039376311832 26.2919914987352 26.3850236097972 26.4248613622454 26.4646991146935 26.5045368671417 26.5443746195899 26.5842123720381 26.6240501244863 26.7035855240292 26.9022138648563 27.1008422056834 27.2994705465105 27.4980988873376
26.4286736329396 26.59411444664 26.7595552603403 26.9249960740407 26.8446171760559 26.682298374176 26.5199795722962 26.3576607704163 26.1953419685364 26.0330231666565 25.8707043647766 25.7460524559021 25.7344012260436 25.7227499961852 25.7110987663268 25.6994475364684 25.68779630661 25.6761450767516 25.6644938468932 25.5173655033111 25.3250781218211 25.132790740331 24.9405033588409 24.7482159773509 24.5559285958609 24.3636412143708 24.2877277056376 24.5609358151753 24.8341439247131 25.1073520342509 25.3805601437886 25.6537682533264 25.9269763628641 26.2001844724019 26.2898725032807 26.3183871746063 26.346901845932 26.3754165172577 26.4039311885834 26.4324458599091 26.4609605312348 26.532697502772 26.734101374944 26.9355052471161 27.1369091192881 27.3383129914601
26.4530803945329 26.6165601571401 26.7800399197472 26.9435196823544 26.8852962811788 26.753171825409 26.6210473696391 26.4889229138692 26.3567984580994 26.2246740023295 26.0925495465596 26.0039084222581 26.0457172923617 26.0875261624653 26.129335032569 26.1711439026726 26.2129527727762 26.2547616428798 26.2965705129834 26.0741524537404 25.7636587513818 25.4531650490231 25.1426713466645 24.8321776443058 24.5216839419472 24.2111902395885 24.0517702208625 24.3455712530348 24.6393722852071 24.9331733173794 25.2269743495517 25.520775381724 25.8145764138963 26.1083774460686 26.1947213967641 26.2119129869673 26.2291045771705 26.2462961673737 26.2634877575769 26.28067934778 26.2978709379832 26.3618094815148 26.5659888850318 26.7701682885488 26.9743476920657 27.1785270955827
26.3866525861952 26.5620198567708 26.7373871273464 26.9127543979221 26.8817794322968 26.7820237212711 26.6822680102455 26.5825122992198 26.4827565881941 26.3830008771684 26.2832451661428 26.2227157857682 26.2798653973473 26.3370150089264 26.3941646205054 26.4513142320844 26.5084638436635 26.5656134552426 26.6227630668216 26.372245613734 26.019172472424 25.6660993311141 25.3130261898041 24.9599530484942 24.6068799071842 24.2538067658742 24.0593508932324 24.3407468265956 24.6221427599588 24.903538693322 25.1849346266852 25.4663305600484 25.7477264934115 26.0291224267747 26.1083120663961 26.1200996081034 26.1318871498108 26.1436746915182 26.1554622332255 26.1672497749329 26.1790373166402 26.2385362254248 26.4411692354414 26.6438022454579 26.8464352554745 27.049068265491
26.2293902079264 26.4304935455322 26.631596883138 26.8327002207438 26.8340666294098 26.7688540617625 26.7036414941152 26.6384289264679 26.5732163588206 26.5080037911733 26.442791223526 26.4024745464325 26.4368455410003 26.4712165355682 26.5055875301361 26.539958524704 26.5743295192718 26.6087005138397 26.6430715084076 26.4116449832917 26.0916192849478 25.7715935866039 25.4515678882599 25.131542189916 24.8115164915721 24.4914907932282 24.3104697227477 24.5464625358581 24.7824553489684 25.0184481620788 25.2544409751891 25.4904337882995 25.7264266014099 25.9624194145202 26.0306445121765 26.0429470380147 26.055249563853 26.0675520896912 26.0798546155294 26.0921571413676 26.1044596672058 26.1628777345021 26.3596424261729 26.5564071178436 26.7531718095143 26.9499365011851
26.0721278296576 26.2989672342936 26.5258066389295 26.7526460435655 26.7863538265228 26.7556844022539 26.725014977985 26.694345553716 26.6636761294471 26.6330067051781 26.6023372809092 26.5822333070967 26.5938256846534 26.6054180622101 26.6170104397668 26.6286028173235 26.6401951948802 26.6517875724369 26.6633799499936 26.4510443528494 26.1640660974715 25.8770878420936 25.5901095867157 25.3031313313379 25.01615307596 24.7291748205821 24.561588552263 24.7521782451205 24.9427679379781 25.1333576308356 25.3239473236931 25.5145370165507 25.7051267094082 25.8957164022657 25.952976957957 25.965794467926 25.9786119778951 25.9914294878642 26.0042469978333 26.0170645078023 26.0298820177714 26.0872192435794 26.2781156169043 26.4690119902293 26.6599083635542 26.8508047368791
25.9148654513888 26.167440923055 26.4200163947211 26.6725918663872 26.7386410236359 26.7425147427453 26.7463884618547 26.7502621809641 26.7541359000736 26.758009619183 26.7618833382924 26.7619920677609 26.7508058283064 26.7396195888519 26.7284333493974 26.717247109943 26.7060608704885 26.694874631034 26.6836883915795 26.4904437224071 26.2365129099952 25.9825820975834 25.7286512851715 25.4747204727597 25.2207896603479 24.966858847936 24.8127073817782 24.9578939543829 25.1030805269877 25.2482670995924 25.3934536721971 25.5386402448018 25.6838268174065 25.8290133900112 25.8753094037374 25.8886418978373 25.9019743919373 25.9153068860372 25.9286393801371 25.9419718742371 25.955304368337 26.0115607526567 26.1965888076358 26.3816168626149 26.566644917594 26.7516729725731
25.7576030731201 26.0359146118164 26.3142261505127 26.5925376892089 26.6909282207489 26.7293450832367 26.7677619457245 26.8061788082123 26.8445956707001 26.8830125331878 26.9214293956756 26.9417508284251 26.9077859719594 26.8738211154938 26.8398562590281 26.8058914025625 26.7719265460968 26.7379616896311 26.7039968331655 26.5298430919648 26.308959722519 26.0880763530732 25.8671929836273 25.6463096141815 25.4254262447357 25.2045428752899 25.0638262112935 25.1636096636454 25.2633931159973 25.3631765683492 25.462960020701 25.562743473053 25.6625269254049 25.7623103777567 25.7976418495178 25.8114893277486 25.8253368059794 25.8391842842102 25.853031762441 25.8668792406718 25.8807267189026 25.935902261734 26.1150619983673 26.2942217350006 26.4733814716339 26.6525412082672
25.6003406948513 25.9043883005778 26.2084359063042 26.5124835120306 26.6432154178619 26.7161754237281 26.7891354295942 26.8620954354604 26.9350554413265 27.0080154471927 27.0809754530588 27.1215095890893 27.0647661156124 27.0080226421356 26.9512791686588 26.894535695182 26.8377922217051 26.7810487482283 26.7243052747515 26.5692424615224 26.3814065350427 26.1935706085629 26.0057346820831 25.8178987556034 25.6300628291236 25.4422269026438 25.3149450408087 25.3693253729078 25.4237057050069 25.4780860371059 25.532466369205 25.5868467013041 25.6412270334032 25.6956073655023 25.7199742952983 25.7343367576599 25.7486992200216 25.7630616823832 25.7774241447449 25.7917866071065 25.8061490694682 25.8602437708113 26.0335351890987 26.2068266073863 26.3801180256737 26.5534094439612
25.4805406040615 25.7941809018453 26.107821199629 26.4214614974127 26.5715665499369 26.6671598540412 26.7627531581455 26.8583464622497 26.953939766354 27.0495330704583 27.1451263745626 27.1987822903527 27.1266260412005 27.0544697920482 26.9823135428959 26.9101572937436 26.8380010445913 26.765844795439 26.6936885462867 26.5433602174124 26.3669745286306 26.1905888398489 26.0142031510671 25.8378174622854 25.6614317735037 25.4850460847219 25.3570985900031 25.3744656774733 25.3918327649435 25.4091998524136 25.4265669398838 25.443934027354 25.4613011148241 25.4786682022943 25.4834584554037 25.4840564303928 25.484654405382 25.4852523803712 25.4858503553603 25.4864483303495 25.4870463053386 25.5353299458822 25.7266705830892 25.9180112202962 26.1093518575033 26.3006924947103
25.3982028007507 25.7052924156189 26.012382030487 26.3194716453552 26.4759816169739 26.582298374176 26.6886151313782 26.7949318885803 26.9012486457825 27.0075654029846 27.1138821601868 27.1735689322154 27.0933657487234 27.0131625652313 26.9329593817393 26.8527561982473 26.7725530147553 26.6923498312633 26.6121466477712 26.4521963596344 26.2656637032827 26.079131046931 25.8925983905793 25.7060657342276 25.5195330778758 25.3330004215241 25.1902868588766 25.1790305773418 25.1677742958069 25.1565180142721 25.1452617327373 25.1340054512024 25.1227491696676 25.1114928881328 25.0880943298341 25.0606483459473 25.0332023620606 25.0057563781739 24.9783103942872 24.9508644104005 24.9234184265138 24.9611607869467 25.1944681803386 25.4277755737305 25.6610829671224 25.8943903605143
25.3158649974398 25.6164039293925 25.916942861345 26.2174817932976 26.3803966840108 26.4974368943108 26.6144771046108 26.7315173149109 26.8485575252109 26.9655977355109 27.0826379458109 27.1483555740781 27.0601054562463 26.9718553384145 26.8836052205828 26.795355102751 26.7071049849193 26.6188548670875 26.5306047492558 26.3610325018565 26.1643528779348 25.9676732540131 25.7709936300914 25.5743140061697 25.377634382248 25.1809547583263 25.02347512775 24.9835954772102 24.9437158266704 24.9038361761306 24.8639565255908 24.8240768750509 24.7841972245111 24.7443175739713 24.6927302042644 24.6372402615018 24.5817503187393 24.5262603759767 24.4707704332141 24.4152804904515 24.3597905476889 24.3869916280111 24.6622657775879 24.9375399271648 25.2128140767416 25.4880882263184
25.233527194129 25.5275154431661 25.821503692203 26.11549194124 26.2848117510478 26.4125754144456 26.5403390778435 26.6681027412414 26.7958664046393 26.9236300680372 27.0513937314351 27.1231422159407 27.0268451637692 26.9305481115977 26.8342510594262 26.7379540072547 26.6416569550832 26.5453599029117 26.4490628507403 26.2698686440786 26.0630420525869 25.8562154610952 25.6493888696035 25.4425622781118 25.2357356866202 25.0289090951284 24.8566633966234 24.7881603770786 24.7196573575338 24.651154337989 24.5826513184442 24.5141482988994 24.4456452793546 24.3771422598098 24.2973660786947 24.2138321770563 24.1302982754178 24.0467643737794 23.9632304721409 23.8796965705025 23.796162668864 23.8128224690755 24.1300633748372 24.447304280599 24.7645451863607 25.0817860921224
