data/working_set_collections/6091692-Cassins_Sparrow-MC/2015/bio8.asc
NCOLS 265 
NROWS 230 
XLLCORNER -115.5625 
YLLCORNER 24.8333333333333 
CELLSIZE 0.0833333333333333 
NODATA_value -9999 
[rows 60 to 79 of 230, columns 138 to 183 of 265]
20.0034067524803 20.2050325552622 20.406658358044 20.6082841608258 20.7291076978047 20.8229971461825 20.9168865945604 21.0107760429382 21.104665491316 21.1985549396938 21.2924443880717 21.3777823501163 21.4374658531612 21.4971493562062 21.5568328592512 21.6165163622962 21.6761998653412 21.7358833683861 21.7955668714311 21.8739705721537 21.9586143387688 22.0432581053839 22.1279018719991 22.2125456386142 22.2971894052293 22.3818331718445 22.4615611924065 22.5265419748094 22.5915227572123 22.6565035396152 22.7214843220181 22.786465104421 22.8514458868238 22.9164266692267 22.9569816271464 22.9893946435716 23.0218076599969 23.0542206764221 23.0866336928473 23.1190467092726 23.1514597256978 23.185029607349 23.2220700846778 23.2591105620066 23.2961510393354 23.3331915166643
20.3423537413278 20.5291159152984 20.7158780892689 20.9026402632394 21.0141079902648 21.1004775683084 21.1868471463521 21.2732167243957 21.3595863024393 21.4459558804829 21.5323254585266 21.6103907108306 21.6635429859161 21.7166952610015 21.769847536087 21.8229998111724 21.8761520862579 21.9293043613433 21.9824566364288 22.0523919105529 22.12792151769 22.203451124827 22.2789807319641 22.3545103391011 22.4300399462382 22.5055695533752 22.5773467699686 22.6378668149312 22.6983868598938 22.7589069048563 22.8194269498189 22.8799469947815 22.940467039744 23.0009870847066 23.0389231681824 23.0693312644958 23.0997393608093 23.1301474571228 23.1605555534363 23.1909636497497 23.2213717460632 23.2525147914886 23.2858626842499 23.3192105770111 23.3525584697723 23.3859063625336
20.6813007301753 20.8531992753346 21.0250978204938 21.196996365653 21.299108282725 21.3779579904344 21.4568076981438 21.5356574058532 21.6145071135626 21.693356821272 21.7722065289815 21.842999071545 21.8896201186709 21.9362411657969 21.9828622129228 22.0294832600487 22.0761043071746 22.1227253543006 22.1693464014265 22.2308132489522 22.2972286966112 22.3636441442701 22.4300595919291 22.496475039588 22.562890487247 22.629305934906 22.6931323475308 22.749191655053 22.8052509625753 22.8613102700975 22.9173695776197 22.973428885142 23.0294881926642 23.0855475001865 23.1208647092183 23.14926788542 23.1776710616218 23.2060742378235 23.2344774140252 23.2628805902269 23.2912837664286 23.3199999756283 23.3496552838219 23.3793105920156 23.4089659002092 23.4386212084028
21.0202477190229 21.1772826353708 21.3343175517187 21.4913524680667 21.5841085751851 21.6554384125603 21.7267682499355 21.7980980873108 21.869427924686 21.9407577620612 22.0120875994364 22.0756074322594 22.1156972514258 22.1557870705922 22.1958768897586 22.235966708925 22.2760565280914 22.3161463472578 22.3562361664242 22.4092345873515 22.4665358755323 22.5238371637132 22.5811384518941 22.638439740075 22.6957410282559 22.7530423164367 22.8089179250929 22.8605164951748 22.9121150652567 22.9637136353387 23.0153122054206 23.0669107755025 23.1185093455844 23.1701079156663 23.2028062502543 23.2292045063442 23.2556027624342 23.2820010185242 23.3083992746141 23.3347975307041 23.361195786794 23.387485159768 23.413447883394 23.43941060702 23.4653733306461 23.4913360542721
21.3591947078704 21.501365995407 21.6435372829436 21.7857085704803 21.8691088676452 21.9329188346862 21.9967288017272 22.0605387687683 22.1243487358093 22.1881587028503 22.2519686698913 22.3082157929738 22.3417743841807 22.3753329753875 22.4088915665944 22.4424501578013 22.4760087490081 22.509567340215 22.5431259314219 22.5876559257507 22.6358430544535 22.6840301831563 22.7322173118591 22.7804044405619 22.8285915692647 22.8767786979675 22.924703502655 22.9718413352966 23.0189791679382 23.0661170005798 23.1132548332214 23.160392665863 23.2075304985046 23.2546683311462 23.2847477912903 23.3091411272685 23.3335344632466 23.3579277992248 23.382321135203 23.4067144711812 23.4311078071594 23.4549703439077 23.4772404829661 23.4995106220245 23.521780761083 23.5440509001414
21.6981416967179 21.8254493554433 21.9527570141686 22.0800646728939 22.1541091601053 22.2103992568121 22.266689353519 22.3229794502258 22.3792695469326 22.4355596436394 22.4918497403462 22.5408241536882 22.5678515169355 22.5948788801829 22.6219062434302 22.6489336066775 22.6759609699249 22.7029883331722 22.7300156964196 22.76607726415 22.8051502333747 22.8442232025994 22.8832961718241 22.9223691410488 22.9614421102735 23.0005150794983 23.0404890802171 23.0831661754184 23.1258432706197 23.168520365821 23.2111974610223 23.2538745562235 23.2965516514248 23.3392287466261 23.3666893323262 23.3890777481927 23.4114661640591 23.4338545799255 23.4562429957919 23.4786314116584 23.5010198275248 23.5224555280473 23.5410330825382 23.559610637029 23.5781881915198 23.5967657460107
21.963933081097 22.0846574624379 22.2053818437788 22.3261062251196 22.3939608732859 22.4441922770606 22.4944236808353 22.54465508461 22.5948864883846 22.6451178921593 22.695349295934 22.7383783075544 22.759800142712 22.7812219778697 22.8026438130273 22.8240656481849 22.8454874833425 22.8669093185001 22.8883311536577 22.9207880179087 22.9569232251909 22.9930584324731 23.0291936397552 23.0653288470374 23.1014640543196 23.1375992616017 23.1736592345767 23.2094935046302 23.2453277746836 23.281162044737 23.3169963147905 23.3528305848439 23.3886648548974 23.4244991249508 23.447066227595 23.4652109411028 23.4833556546105 23.5015003681183 23.519645081626 23.5377897951338 23.5559345086416 23.5733464611901 23.5885601308611 23.603773800532 23.618987470203 23.6342011398739
22.1565688610076 22.2789903163909 22.4014117717742 22.5238332271575 22.5886640071868 22.6342978954315 22.6799317836761 22.7255656719207 22.7711995601654 22.81683344841 22.8624673366546 22.9008782545725 22.9176202615102 22.9343622684478 22.9511042753855 22.9678462823232 22.9845882892608 23.0013302961985 23.0180723031362 23.0517881870269 23.0911620299021 23.1305358727773 23.1699097156524 23.2092835585276 23.2486574014028 23.2880312442779 23.3242139657338 23.3508233229319 23.37743268013 23.4040420373281 23.4306513945261 23.4572607517242 23.4838701089223 23.5104794661204 23.5258784770965 23.5375407059987 23.5492029349009 23.5608651638031 23.5725273927053 23.5841896216075 23.5958518505096 23.607643143336 23.6198216279348 23.6320001125336 23.6441785971324 23.6563570817312
22.3492046409182 22.473323170344 22.5974416997697 22.7215602291954 22.7833671410878 22.8244035138024 22.865439886517 22.9064762592315 22.9475126319461 22.9885490046607 23.0295853773753 23.0633782015906 23.0754403803083 23.0875025590261 23.0995647377438 23.1116269164615 23.1236890951792 23.1357512738969 23.1478134526147 23.1827883561452 23.2254008346133 23.2680133130815 23.3106257915497 23.3532382700178 23.395850748486 23.4384632269541 23.4747686968909 23.4921531412336 23.5095375855763 23.5269220299191 23.5443064742618 23.5616909186045 23.5790753629472 23.59645980729 23.6046907265981 23.6098704708947 23.6150502151913 23.6202299594879 23.6254097037845 23.6305894480811 23.6357691923777 23.6419398254818 23.6510831250085 23.6602264245351 23.6693697240617 23.6785130235884
22.5418404208289 22.667656024297 22.7934716277652 22.9192872312333 22.9780702749888 23.0145091321733 23.0509479893578 23.0873868465423 23.1238257037268 23.1602645609114 23.1967034180959 23.2258781486087 23.2332604991065 23.2406428496043 23.248025200102 23.2554075505998 23.2627899010976 23.2701722515954 23.2775546020932 23.3137885252634 23.3596396393246 23.4054907533857 23.4513418674469 23.497192981508 23.5430440955692 23.5888952096303 23.625323428048 23.6334829595354 23.6416424910227 23.6498020225101 23.6579615539974 23.6661210854848 23.6742806169722 23.6824401484595 23.6835029760996 23.6822002357907 23.6808974954817 23.6795947551727 23.6782920148638 23.6769892745548 23.6756865342458 23.6762365076277 23.6823446220822 23.6884527365367 23.6945608509911 23.7006689654456
22.7344762007395 22.8619888782501 22.9895015557606 23.1170142332712 23.1727734088897 23.2046147505442 23.2364560921987 23.2682974338531 23.3001387755076 23.331980117162 23.3638214588165 23.3883780956268 23.3910806179046 23.3937831401825 23.3964856624603 23.3991881847381 23.401890707016 23.4045932292938 23.4072957515716 23.4447886943817 23.4938784440358 23.5429681936899 23.5920579433441 23.6411476929982 23.6902374426523 23.7393271923065 23.7758781592051 23.7748127778371 23.7737473964691 23.7726820151011 23.7716166337331 23.7705512523651 23.7694858709971 23.7684204896291 23.7623152256012 23.7545300006866 23.7467447757721 23.7389595508575 23.731174325943 23.7233891010284 23.7156038761139 23.7105331897736 23.7136061191559 23.7166790485382 23.7197519779205 23.7228249073029
22.9271119806501 23.0563217322031 23.1855314837561 23.3147412353091 23.3674765427907 23.3947203689151 23.4219641950395 23.4492080211639 23.4764518472883 23.5036956734127 23.5309394995371 23.5508780426449 23.5489007367028 23.5469234307607 23.5449461248186 23.5429688188765 23.5409915129344 23.5390142069922 23.5370369010501 23.5757888634999 23.6281172487471 23.6804456339942 23.7327740192413 23.7851024044884 23.8374307897355 23.8897591749827 23.9264328903622 23.9161425961388 23.9058523019155 23.8955620076921 23.8852717134688 23.8749814192454 23.864691125022 23.8544008307987 23.8411274751027 23.8268597655826 23.8125920560625 23.7983243465424 23.7840566370222 23.7697889275021 23.755521217982 23.7448298719194 23.7448676162296 23.7449053605397 23.7449431048499 23.7449808491601
22.9494820064968 23.0828350067139 23.2161880069309 23.3495410071479 23.4013791402181 23.426045650906 23.450712161594 23.4753786722819 23.5000451829698 23.5247116936578 23.5493782043457 23.5683867878384 23.5704215897454 23.5724563916524 23.5744911935594 23.5765259954665 23.5785607973735 23.5805955992805 23.5826304011875 23.6284232139587 23.6888020303514 23.7491808467441 23.8095596631368 23.8699384795295 23.9303172959222 23.9906961123148 24.0325870090061 24.0190141465929 24.0054412841797 23.9918684217665 23.9782955593533 23.9647226969401 23.9511498345269 23.9375769721137 23.9201780954997 23.9015038808187 23.8828296661377 23.8641554514567 23.8454812367757 23.8268070220947 23.8081328074137 23.7936327139536 23.7916549841563 23.7896772543589 23.7876995245616 23.7857217947642
22.8015862782796 22.9415287017822 23.0814711252848 23.2214135487874 23.2744812011719 23.2985905965169 23.322699991862 23.346809387207 23.3709187825521 23.3950281778971 23.4191375732422 23.4409043312073 23.4556431770325 23.4703820228577 23.4851208686829 23.4998597145081 23.5145985603333 23.5293374061585 23.5440762519836 23.602691745758 23.6759327888489 23.7491738319397 23.8224148750305 23.8956559181213 23.9688969612121 24.042138004303 24.0943405151367 24.0834274291992 24.0725143432617 24.0616012573242 24.0506881713867 24.0397750854492 24.0288619995117 24.0179489135742 23.999467086792 23.9784623463948 23.9574576059977 23.9364528656006 23.9154481252034 23.8944433848063 23.8734386444092 23.8569417158762 23.853968222936 23.8509947299957 23.8480212370554 23.8450477441152
22.6536905500624 22.8002223968506 22.9467542436388 23.093286090427 23.1475832621257 23.1711355421278 23.19468782213 23.2182401021322 23.2417923821343 23.2653446621365 23.2888969421387 23.3134218745762 23.3408647643195 23.3683076540629 23.3957505438063 23.4231934335497 23.4506363232931 23.4780792130364 23.5055221027798 23.5769602775574 23.6630635473463 23.7491668171353 23.8352700869242 23.9213733567132 24.0074766265021 24.0935798962911 24.1560940212674 24.1478407118055 24.1395874023437 24.1313340928819 24.1230807834201 24.1148274739583 24.1065741644965 24.0983208550347 24.0787560780843 24.055420811971 24.0320855458577 24.0087502797445 23.9854150136312 23.9620797475179 23.9387444814046 23.9202507177989 23.9162814617157 23.9123122056325 23.9083429495494 23.9043736934662
22.5057948218451 22.6589160919189 22.8120373619927 22.9651586320665 23.0206853230794 23.0436804877387 23.066675652398 23.0896708170573 23.1126659817166 23.1356611463759 23.1586563110352 23.185939417945 23.2260863516066 23.2662332852682 23.3063802189297 23.3465271525913 23.3866740862528 23.4268210199144 23.466967953576 23.5512288093567 23.6501943058438 23.7491598023308 23.8481252988179 23.947090795305 24.0460562917921 24.1450217882792 24.217847527398 24.2122539944119 24.2066604614258 24.2010669284397 24.1954733954536 24.1898798624674 24.1842863294813 24.1786927964952 24.1580450693766 24.1323792775472 24.1067134857178 24.0810476938883 24.0553819020589 24.0297161102295 24.0040503184001 23.9835597197215 23.9785947004954 23.9736296812693 23.9686646620432 23.9636996428172
22.3578990936279 22.5176097869873 22.6773204803467 22.837031173706 22.8937873840332 22.9162254333496 22.938663482666 22.9611015319824 22.9835395812988 23.0059776306153 23.0284156799317 23.0584569613139 23.1113079388936 23.1641589164734 23.2170098940531 23.2698608716329 23.3227118492126 23.3755628267924 23.4284138043721 23.525497341156 23.6373250643412 23.7491527875264 23.8609805107116 23.9728082338969 24.0846359570821 24.1964636802673 24.2796010335286 24.2766672770182 24.2737335205078 24.2707997639974 24.267866007487 24.2649322509765 24.2619984944661 24.2590647379557 24.2373340606689 24.2093377431234 24.1813414255778 24.1533451080322 24.1253487904867 24.0973524729411 24.0693561553955 24.0468687216441 24.0409079392751 24.0349471569061 24.0289863745371 24.0230255921682
22.2100033654107 22.3763034820557 22.5426035987006 22.7089037153456 22.766889444987 22.7887703789605 22.810651312934 22.8325322469076 22.8544131808811 22.8762941148546 22.8981750488281 22.9309745046828 22.9965295261807 23.0620845476786 23.1276395691766 23.1931945906745 23.2587496121724 23.3243046336704 23.3898596551683 23.4997658729553 23.6244558228387 23.749145772722 23.8738357226054 23.9985256724887 24.1232156223721 24.2479055722554 24.3413545396593 24.3410805596246 24.3408065795898 24.3405325995551 24.3402586195204 24.3399846394857 24.3397106594509 24.3394366794162 24.3166230519613 24.2862962086995 24.2559693654378 24.2256425221761 24.1953156789144 24.1649888356527 24.1346619923909 24.1101777235667 24.1032211780548 24.0962646325429 24.089308087031 24.0823515415192
22.1620058377583 22.34181655248 22.5216272672017 22.7014379819234 22.7753495216369 22.8139613363478 22.8525731510586 22.8911849657694 22.9297967804802 22.9684085951911 23.0070204099019 23.0486136542426 23.0991511874728 23.1496887207031 23.2002262539333 23.2507637871636 23.3013013203939 23.3518388536241 23.4023763868544 23.512224372228 23.641842508316 23.771460644404 23.9010787804921 24.0306969165802 24.1603150526682 24.2899331887563 24.3880307144589 24.3915664090051 24.3951021035512 24.3986377980974 24.4021734926436 24.4057091871897 24.4092448817359 24.4127805762821 24.3932974974314 24.3661414941152 24.3389854907989 24.3118294874827 24.2846734841665 24.2575174808502 24.230361477534 24.2090375476413 24.2052098380195 24.2013821283976 24.1975544187758 24.1937267091539
22.2139065106709 22.4141489982605 22.61439148585 22.8146339734395 22.9191676139831 22.9917983055114 23.0644289970397 23.1370596885681 23.2096903800964 23.2823210716247 23.354951763153 23.4113744099934 23.4191729227701 23.4269714355468 23.4347699483235 23.4425684611002 23.4503669738769 23.4581654866536 23.4659639994303 23.562872838974 23.6894851207733 23.8160974025726 23.9427096843719 24.0693219661712 24.1959342479705 24.3225465297699 24.4196295579274 24.4281248251597 24.436620092392 24.4451153596242 24.4536106268565 24.4621058940887 24.470601161321 24.4790964285532 24.4673573970795 24.4488735993703 24.4303898016612 24.411906003952 24.3934222062429 24.3749384085337 24.3564546108246 24.343448193868 24.3468739191691 24.3502996444702 24.3537253697713 24.3571510950724
