data/working_set_collections/6091692-Cassins_Sparrow-MC/2015/bio9.asc
NCOLS 265 
NROWS 230 
XLLCORNER -115.5625 
YLLCORNER 24.8333333333333 
CELLSIZE 0.0833333333333333 
NODATA_value -9999 
[rows 120 to 139 of 230, columns 46 to 91 of 265]
22.3437986373901 21.9854455524021 21.627092467414 21.2687393824259 20.9103862974379 20.5520332124498 20.2289284070333 19.9175730281406 19.6062176492479 19.2948622703552 18.9835068914625 18.6721515125698 18.3607961336771 18.0753222306569 17.8674927552541 17.6596632798513 17.4518338044484 17.2440043290456 17.0361748536428 16.8283453782399 16.6205159028371 16.2929272413254 15.9254188511107 15.557910460896 15.1904020706813 14.8228936804666 14.4553852902519 14.0878769000372 13.6891571336324 13.1968032386569 12.7044493436814 12.212095448706 11.7197415537305 11.2273876587551 10.7350337637796 10.2426798688041 10.1636828184128 10.2224713828828 10.2812599473529 10.340048511823 10.3988370762931 10.4576256407632 10.5164142052332 10.4990286747615 10.253120859464 10.0072130441666
22.9479162216186 22.5885658899943 22.2292155583699 21.8698652267456 21.5105148951212 21.1511645634968 20.8307969093322 20.5234234809875 20.2160500526428 19.908676624298 19.6013031959533 19.2939297676086 18.9865563392639 18.6983367125193 18.4675784905751 18.2368202686309 18.0060620466868 17.7753038247426 17.5445456027984 17.3137873808543 17.0830291589101 16.6749481439591 16.2077595313391 15.740570918719 15.273382306099 14.806193693479 14.3390050808589 13.8718164682389 13.4113935073218 12.9712675015133 12.5311414957048 12.0910154898963 11.6508894840877 11.2107634782792 10.7706374724707 10.3305114666621 10.2507696390152 10.2911558707555 10.3315421024958 10.3719283342361 10.4123145659764 10.4527007977168 10.4930870294571 10.4914096275966 10.3635413249334 10.2356730222702
23.5520338058471 23.1916862275865 22.8313386493259 22.4709910710652 22.1106434928046 21.750295914544 21.4326654116312 21.1292739338345 20.8258824560377 20.5224909782409 20.2190995004442 19.9157080226474 19.6123165448506 19.3213511943817 19.0676642258961 18.8139772574106 18.5602902889251 18.3066033204396 18.0529163519541 17.7992293834686 17.5455424149831 17.0569690465928 16.4901002115674 15.923231376542 15.3563625415167 14.7894937064914 14.222624871466 13.6557560364407 13.1336298810112 12.7457317643696 12.3578336477281 11.9699355310865 11.5820374144449 11.1941392978033 10.8062411811618 10.4183430645201 10.3378564596176 10.3598403586282 10.3818242576387 10.4038081566493 10.4257920556598 10.4477759546704 10.4697598536809 10.4837905804316 10.4739617904027 10.4641330003738
24.1561513900757 23.7948065651788 23.4334617402818 23.0721169153849 22.710772090488 22.3494272655911 22.0345339139302 21.7351243866815 21.4357148594326 21.1363053321838 20.836895804935 20.5374862776862 20.2380767504374 19.9443656762441 19.6677499612172 19.3911342461904 19.1145185311635 18.8379028161366 18.5612871011098 18.284671386083 18.0080556710561 17.4389899492264 16.7724408917958 16.1058918343651 15.4393427769344 14.7727937195038 14.106244662073 13.4396956046424 12.8558662547007 12.520196027226 12.1845257997514 11.8488555722767 11.5131853448021 11.1775151173274 10.8418448898528 10.5061746623781 10.42494328022 10.4285248465008 10.4321064127816 10.4356879790624 10.4392695453432 10.442851111624 10.4464326779048 10.4761715332667 10.5843822558721 10.6925929784774
24.7602689743042 24.397926902771 24.0355848312377 23.6732427597046 23.3109006881714 22.9485586166381 22.6364024162292 22.3409748395284 22.0455472628275 21.7501196861267 21.4546921094258 21.1592645327249 20.8638369560241 20.5673801581064 20.2678356965382 19.96829123497 19.6687467734019 19.3692023118336 19.0696578502655 18.7701133886973 18.4705689271291 17.8210108518601 17.0547815720242 16.2885522921881 15.5223230123521 14.7560937325161 13.9898644526801 13.2236351728441 12.5781026283901 12.2946602900824 12.0112179517747 11.727775613467 11.4443332751592 11.1608909368516 10.8774485985439 10.5940062602361 10.5120301008224 10.4972093343735 10.4823885679245 10.4675678014755 10.4527470350266 10.4379262685776 10.4231055021286 10.4685524861017 10.6948027213414 10.921052956581
25.3643865585327 25.0010472403632 24.6377079221937 24.2743686040242 23.9110292858548 23.5476899676852 23.2382709185282 22.9468252923753 22.6553796662224 22.3639340400695 22.0724884139167 21.7810427877638 21.4895971616109 21.1903946399689 20.8679214318593 20.5454482237498 20.2229750156403 19.9005018075307 19.5780285994212 19.2555553913116 18.9330821832021 18.2030317544938 17.3371222522525 16.4712127500111 15.6053032477698 14.7393937455285 13.8734842432871 13.0075747410458 12.3003390020795 12.0691245529387 11.837910103798 11.6066956546572 11.3754812055164 11.1442667563757 10.9130523072349 10.6818378580941 10.5991169214249 10.5658938222461 10.5326707230674 10.4994476238887 10.4662245247099 10.4330014255312 10.3997783263524 10.4609334389368 10.8052231868108 11.1495129346847
25.6171555201213 25.2180448532106 24.8189341862997 24.4198235193889 24.0207128524782 23.6216021855673 23.3023615201315 23.0097441885208 22.7171268569099 22.4245095252992 22.1318921936884 21.8392748620776 21.5466575304668 21.2460793866053 20.9216188059914 20.5971582253775 20.2726976447636 19.9482370641497 19.6237764835359 19.299315902922 18.9748553223081 18.2613812764487 17.4182360755075 16.5750908745661 15.7319456736248 14.8888004726835 14.0456552717421 13.2025100708009 12.5185025162167 12.3119079007042 12.1053132851918 11.8987186696794 11.692124054167 11.4855294386545 11.2789348231421 11.0723402076297 10.9655620813369 10.8920561181174 10.8185501548978 10.7450441916783 10.6715382284588 10.5980322652393 10.5245263020197 10.5727034462822 10.9859299129909 11.3991563796996
25.5185758590699 25.0489197413128 24.5792636235556 24.1096075057985 23.6399513880414 23.1702952702841 22.828674221039 22.5297315279644 22.2307888348898 21.9318461418153 21.6329034487408 21.3339607556662 21.0350180625917 20.7344343980155 20.4289278189342 20.123421239853 19.8179146607718 19.5124080816906 19.2069015026094 18.9013949235282 18.5958883444469 17.9960594177248 17.2981230417889 16.6001866658529 15.9022502899171 15.2043139139812 14.5063775380452 13.8084411621094 13.2325931708017 13.023010333379 12.8134274959563 12.6038446585337 12.3942618211109 12.1846789836883 11.9750961462656 11.7655133088429 11.6113655805587 11.4756962219873 11.340026863416 11.2043575048446 11.0686881462733 10.9330187877019 10.7973494291305 10.8038625081379 11.2369228998819 11.6699832916259
25.4199961980185 24.879794629415 24.3395930608115 23.799391492208 23.2591899236045 22.7189883550009 22.3549869219463 22.049718867408 21.7444508128697 21.4391827583314 21.1339147037931 20.8286466492548 20.5233785947165 20.2227894094257 19.9362368318771 19.6496842543285 19.36313167678 19.0765790992314 18.7900265216828 18.5034739441343 18.2169213665857 17.7307375590008 17.1780100080703 16.6252824571398 16.0725549062094 15.5198273552789 14.9670998043484 14.414372253418 13.9466838253868 13.7341127660539 13.5215417067209 13.308970647388 13.096399588055 12.8838285287221 12.6712574693891 12.4586864100561 12.2571690797805 12.0593363258573 11.8615035719341 11.6636708180109 11.4658380640878 11.2680053101645 11.0701725562413 11.0350215699936 11.4879158867729 11.9408102035521
25.3214165369671 24.7106695175173 24.0999224980673 23.4891754786175 22.8784284591677 22.2676814397177 21.8812996228537 21.5697062068517 21.2581127908496 20.9465193748475 20.6349259588455 20.3233325428434 20.0117391268413 19.7111444208358 19.4435458448199 19.175947268804 18.9083486927881 18.6407501167722 18.3731515407563 18.1055529647404 17.8379543887245 17.4654157002768 17.0578969743518 16.6503782484267 16.2428595225017 15.8353407965767 15.4278220706516 15.0203033447266 14.660774479972 14.4452151987287 14.2296559174855 14.0140966362423 13.7985373549991 13.5829780737559 13.3674187925127 13.1518595112694 12.9029725790024 12.6429764297273 12.3829802804523 12.1229841311773 11.8629879819022 11.6029918326272 11.3429956833522 11.2661806318494 11.7389088736639 12.2116371154784
25.2228368759157 24.5415444056195 23.8602519353232 23.178959465027 22.4976669947308 21.8163745244346 21.4076123237611 21.0896935462953 20.7717747688295 20.4538559913637 20.1359372138979 19.818018436432 19.5000996589662 19.199499432246 18.9508548577628 18.7022102832795 18.4535657087963 18.204921134313 17.9562765598298 17.7076319853466 17.4589874108633 17.2000938415528 16.9377839406332 16.6754740397136 16.413164138794 16.1508542378744 15.8885443369547 15.6262344360351 15.374865134557 15.1563176314035 14.93777012825 14.7192226250966 14.5006751219431 14.2821276187896 14.0635801156361 13.8450326124826 13.5487760782241 13.2266165335973 12.9044569889704 12.5822974443435 12.2601378997167 11.9379783550898 11.615818810463 11.4973396937051 11.9899018605549 12.4824640274047
25.1242572148642 24.3724192937217 23.6205813725791 22.8687434514365 22.116905530294 21.3650676091514 20.9339250246685 20.6096808857389 20.2854367468093 19.9611926078798 19.6369484689502 19.3127043300206 18.988460191091 18.6878544436562 18.4581638707056 18.228473297755 17.9987827248045 17.7690921518539 17.5394015789033 17.3097110059527 17.0800204330021 16.9347719828288 16.8176709069146 16.7005698310004 16.5834687550863 16.4663676791721 16.3492666032579 16.2321655273437 16.0889557891421 15.8674200640784 15.6458843390146 15.4243486139509 15.2028128888871 14.9812771638234 14.7597414387596 14.5382057136959 14.194579577446 13.8102566374673 13.4259336974885 13.0416107575099 12.6572878175312 12.2729648775525 11.8886419375738 11.7284987555608 12.2408948474459 12.7532909393309
24.7922310352327 24.0649439334872 23.3376568317415 22.6103697299959 21.8830826282503 21.1557955265046 20.7252674420675 20.3936590300667 20.0620506180658 19.7304422060649 19.3988337940641 19.0672253820632 18.7356169700623 18.4329375902812 18.2170453071594 18.0011530240377 17.785260740916 17.5693684577942 17.3534761746725 17.1375838915507 16.921691608429 16.8418312072754 16.8073147667779 16.7727983262804 16.7382818857829 16.7037654452854 16.6692490047879 16.6347325642903 16.5546298133003 16.3377681308322 16.1209064483643 15.9040447658963 15.6871830834283 15.4703214009603 15.2534597184923 15.0365980360243 14.6896741310756 14.2993961519666 13.9091181728575 13.5188401937485 13.1285622146395 12.7382842355304 12.3480062564214 12.178160161442 12.6696097188524 13.1610592762628
24.2267583370211 23.6191183249158 23.0114783128104 22.4038383007051 21.7961982885998 21.1885582764944 20.7816395759583 20.4416279792786 20.1016163825989 19.7616047859192 19.4215931892396 19.0815815925598 18.7415699958802 18.4347488721212 18.2274991671244 18.0202494621277 17.812999757131 17.6057500521342 17.3985003471375 17.1912506421407 16.984000937144 16.9212715148926 16.906715520223 16.8921595255534 16.8776035308838 16.8630475362142 16.8484915415446 16.833935546875 16.7718872070313 16.567361831665 16.3628364562988 16.1583110809326 15.9537857055664 15.7492603302002 15.544734954834 15.3402095794677 15.0340597391129 14.694035077095 14.3540104150772 14.0139857530594 13.6739610910415 13.3339364290237 12.9939117670059 12.8463239113488 13.2760464747745 13.7057690382002
23.6612856388094 23.1732927163444 22.6852997938793 22.1973068714143 21.7093139489493 21.2213210264842 20.8380117098491 20.4895969284906 20.1411821471321 19.7927673657736 19.4443525844151 19.0959378030565 18.7475230216981 18.4365601539612 18.2379530270895 18.0393459002177 17.840738773346 17.6421316464742 17.4435245196025 17.2449173927307 17.046310265859 17.0007118225098 17.0061162736681 17.0115207248264 17.0169251759847 17.022329627143 17.0277340783013 17.0331385294596 16.9891446007623 16.7969555324978 16.6047664642334 16.412577395969 16.2203883277045 16.0281992594401 15.8360101911757 15.6438211229112 15.3784453471502 15.0886740022236 14.7989026572969 14.5091313123703 14.2193599674437 13.929588622517 13.6398172775904 13.5144876612556 13.8824832306967 14.2504788001377
23.0958129405977 22.727467107773 22.3591212749482 21.9907754421235 21.6224296092988 21.254083776474 20.8943838437399 20.5375658777026 20.1807479116652 19.8239299456279 19.4671119795906 19.1102940135532 18.7534760475159 18.4383714358012 18.2484068870545 18.0584423383077 17.868477789561 17.6785132408142 17.4885486920675 17.2985841433208 17.108619594574 17.0801521301269 17.1055170271132 17.1308819240994 17.1562468210856 17.1816117180718 17.206976615058 17.2323415120442 17.2064019944933 17.0265492333306 16.846696472168 16.6668437110053 16.4869909498427 16.30713818868 16.1272854275174 15.9474326663547 15.7228309551875 15.4833129273521 15.2437948995166 15.0042768716812 14.7647588438458 14.5252408160103 14.2857227881749 14.1826514111623 14.4889199866188 14.7951885620752
22.530340242386 22.2816414992016 22.0329427560171 21.7842440128327 21.5355452696483 21.2868465264639 20.9507559776307 20.5855348269145 20.2203136761984 19.8550925254822 19.4898713747661 19.1246502240499 18.7594290733338 18.4401827176412 18.2588607470195 18.0775387763977 17.896216805776 17.7148948351542 17.5335728645325 17.3522508939108 17.170928923289 17.1595924377441 17.2049177805582 17.2502431233724 17.2955684661865 17.3408938090006 17.3862191518147 17.4315444946289 17.4236593882243 17.2561429341634 17.0886264801025 16.9211100260417 16.7535935719808 16.5860771179199 16.418560663859 16.2510442097981 16.0672165632248 15.8779518524805 15.6886871417363 15.4994224309921 15.3101577202479 15.1208930095036 14.9316282987594 14.8508151610691 15.0953567425409 15.3398983240126
21.9648675441743 21.8358158906302 21.706764237086 21.5777125835419 21.4486609299978 21.3196092764537 21.0071281115215 20.6335037761265 20.2598794407315 19.8862551053366 19.5126307699416 19.1390064345466 18.7653820991517 18.4419939994812 18.2693146069845 18.0966352144877 17.923955821991 17.7512764294942 17.5785970369975 17.4059176445008 17.233238252004 17.2390327453613 17.3043185340033 17.3696043226454 17.4348901112874 17.5001758999294 17.5654616885715 17.6307474772135 17.6409167819553 17.4857366349962 17.3305564880371 17.175376341078 17.0201961941189 16.8650160471598 16.7098359002007 16.5546557532416 16.4116021712621 16.2725907776091 16.133579383956 15.994567990303 15.85555659665 15.7165452029969 15.5775338093439 15.5189789109759 15.701793498463 15.8846080859501
21.5833242575328 21.5115590572358 21.4397938569387 21.3680286566417 21.2962634563446 21.2244982560476 20.930581744512 20.5626147958968 20.1946478472816 19.8266808986665 19.4587139500513 19.0907470014361 18.7227800528209 18.4060763729944 18.2431624995338 18.0802486260732 17.9173347526127 17.7544208791521 17.5915070056916 17.428593132231 17.2656792587704 17.2723560333252 17.3355630238851 17.398770014445 17.4619770050049 17.5251839955648 17.5883909861247 17.6515979766846 17.6657302644518 17.5326384438409 17.39954662323 17.2664548026191 17.1333629820082 17.0002711613973 16.8671793407864 16.7340875201755 16.6272516568502 16.5291677792867 16.4310839017232 16.3330000241597 16.2349161465963 16.1368322690328 16.0387483914693 16.0019986152648 16.1492511431376 16.2965036710103
21.3857103824616 21.3088709990184 21.2320316155752 21.155192232132 21.0783528486888 21.0015134652456 20.7211168766023 20.3728678862255 20.0246188958487 19.6763699054719 19.3281209150951 18.9798719247183 18.6316229343415 18.3324298381806 18.1804044246674 18.0283790111542 17.876353597641 17.7243281841278 17.5723027706147 17.4202773571015 17.2682519435883 17.2595623016357 17.2986512502034 17.3377401987712 17.3768291473389 17.4159180959066 17.4550070444743 17.494095993042 17.4980998357138 17.3968483606975 17.2955968856812 17.1943454106649 17.0930939356486 16.9918424606323 16.8905909856161 16.7893395105998 16.714165019989 16.6476828575134 16.5812006950378 16.5147185325622 16.4482363700866 16.381754207611 16.3152720451355 16.2998742739359 16.4377296765645 16.575585079193
