data/working_set_collections/6091692-Cassins_Sparrow-MC/2015/bio9.asc
NCOLS 265 
NROWS 230 
XLLCORNER -115.5625 
YLLCORNER 24.8333333333333 
CELLSIZE 0.0833333333333333 
NODATA_value -9999 
[rows 200 to 219 of 230, columns 184 to 229 of 265]
16.142397514979 16.1997589270274 16.2571203390757 16.2717843373616 16.2722158643934 16.2726473914252 16.273078918457 16.2735104454888 16.2739419725206 16.2743734995524 16.2687079482608 16.2447511619992 16.2207943757375 16.1968375894758 16.1728808032142 16.1489240169525 16.1249672306908 16.1010104444292 16.1472973187764 16.21699874666 16.2867001745436 16.3564016024271 16.4261030303107 16.4958044581943 16.5655058860778 16.6343284289042 16.7005143165588 16.7667002042134 16.832886091868 16.8990719795227 16.9652578671773 17.0314437548319 17.0976296424865 17.2066511154174 17.3299511167738 -9999 -9999 -9999 -9999 -9999 -9999 -9999 -9999 -9999 -9999 -9999
16.1934764703115 16.2685158252716 16.3435551802317 16.366698328654 16.3725427415636 16.3783871544732 16.3842315673828 16.3900759802924 16.395920393202 16.4017648061116 16.400685400433 16.3788345389896 16.3569836775462 16.3351328161027 16.3132819546593 16.2914310932159 16.2695802317725 16.2477293703291 16.2972243944803 16.3705013804965 16.4437783665127 16.5170553525288 16.590332338545 16.6636093245612 16.7368863105773 16.8076631228129 16.8709394137064 16.9342157046 16.9974919954935 17.0607682863871 17.1240445772806 17.1873208681742 17.2505971590677 -9999 -9999 -9999 -9999 -9999 -9999 -9999 -9999 -9999 -9999 -9999 -9999 -9999
16.2445554256439 16.3372727235158 16.4299900213877 16.4616123199463 16.4728696187337 16.4841269175211 16.4953842163086 16.506641515096 16.5178988138834 16.5291561126709 16.5326628526052 16.51291791598 16.4931729793548 16.4734280427297 16.4536831061045 16.4339381694793 16.4141932328542 16.394448296229 16.4471514701843 16.524004014333 16.6008565584818 16.6777091026306 16.7545616467793 16.8314141909281 16.9082667350769 16.9809978167216 17.041364510854 17.1017312049865 17.162097899119 17.2224645932515 17.282831287384 17.3431979815165 17.403564675649 -9999 -9999 -9999 -9999 -9999 -9999 -9999 -9999 -9999 -9999 -9999 -9999 -9999
16.2956343809763 16.40602962176 16.5164248625437 16.5565263112386 16.5731964959038 16.5898666805691 16.6065368652344 16.6232070498996 16.6398772345649 16.6565474192301 16.6646403047773 16.6470012929704 16.6293622811635 16.6117232693566 16.5940842575497 16.5764452457428 16.5588062339359 16.541167222129 16.5970785458882 16.6775066481696 16.7579347504509 16.8383628527323 16.9187909550137 16.999219057295 17.0796471595764 17.1543325106303 17.2117896080017 17.2692467053731 17.3267038027445 17.3841609001159 17.4416179974874 17.4990750948588 17.5565321922302 17.661577796936 17.7824862374199 -9999 -9999 -9999 -9999 -9999 -9999 -9999 -9999 -9999 -9999 -9999
16.3125738938649 16.4321603510115 16.551746808158 16.6018149058024 16.6287102169461 16.6556055280897 16.6825008392334 16.709396150377 16.7362914615207 16.7631867726644 16.7799937566121 16.7665357589722 16.7530777613322 16.7396197636922 16.7261617660522 16.7127037684122 16.6992457707723 16.6857877731323 16.7413453420003 16.8199080997043 16.8984708574083 16.9770336151123 17.0555963728163 17.1341591305202 17.2127218882243 17.2861347622341 17.3440979851616 17.4020612080892 17.4600244310167 17.5179876539442 17.5759508768717 17.6339140997992 17.6918773227267 17.7936162312825 17.9099470350477 -9999 -9999 -9999 -9999 -9999 -9999 -9999 -9999 -9999 -9999 -9999
16.2953739643097 16.4156649112701 16.5359558582306 16.5974781036377 16.6394107818603 16.681343460083 16.7232761383056 16.7652088165283 16.807141494751 16.8490741729736 16.8787232081095 16.8715213139852 16.8643194198608 16.8571175257365 16.8499156316121 16.8427137374878 16.8355118433634 16.8283099492391 16.8799518585205 16.9512083689371 17.0224648793538 17.0937213897705 17.1649779001871 17.2362344106038 17.3074909210205 17.3764045715332 17.438289642334 17.5001747131347 17.5620597839355 17.6239448547363 17.6858299255371 17.7477149963379 17.8096000671386 17.9060508728027 18.0140235900878 -9999 -9999 -9999 -9999 -9999 -9999 -9999 -9999 -9999 -9999 -9999
16.2781740347544 16.3991694715288 16.5201649083031 16.593141301473 16.6501113467746 16.7070813920763 16.7640514373779 16.8210214826796 16.8779915279812 16.9349615732829 16.9774526596069 16.9765068689982 16.9755610783895 16.9746152877807 16.973669497172 16.9727237065633 16.9717779159546 16.9708321253458 17.0185583750407 17.08250863817 17.1464589012993 17.2104091644287 17.274359427558 17.3383096906874 17.4022599538167 17.4666743808322 17.5324812995063 17.5982882181803 17.6640951368544 17.7299020555284 17.7957089742024 17.8615158928765 17.9273228115505 18.0184855143229 18.118100145128 -9999 -9999 -9999 -9999 -9999 -9999 -9999 -9999 -9999 -9999 -9999
16.2609741051992 16.3826740317874 16.5043739583757 16.5888044993083 16.6608119116889 16.7328193240695 16.8048267364502 16.8768341488308 16.9488415612114 17.0208489735921 17.0761821111043 17.0814924240112 17.0868027369181 17.092113049825 17.0974233627319 17.1027336756388 17.1080439885457 17.1133543014526 17.1571648915608 17.2138089074028 17.2704529232449 17.3270969390869 17.3837409549289 17.4403849707709 17.4970289866129 17.5569441901313 17.6266729566786 17.6964017232259 17.7661304897732 17.8358592563205 17.9055880228678 17.9753167894151 18.0450455559624 -9999 -9999 -9999 -9999 -9999 -9999 -9999 -9999 -9999 -9999 -9999 -9999 -9999
16.2437741756439 16.3661785920461 16.4885830084482 16.5844676971435 16.6715124766032 16.7585572560628 16.8456020355224 16.9326468149821 17.0196915944417 17.1067363739013 17.1749115626017 17.1864779790242 17.1980443954468 17.2096108118693 17.2211772282918 17.2327436447143 17.2443100611369 17.2558764775594 17.295771408081 17.3451091766357 17.3944469451904 17.4437847137451 17.4931224822998 17.5424602508545 17.5917980194092 17.6472139994303 17.7208646138509 17.7945152282715 17.868165842692 17.9418164571126 18.0154670715332 18.0891176859537 18.1627683003743 18.2433547973632 18.3262532552083 -9999 -9999 -9999 -9999 -9999 -9999 -9999 -9999 -9999 -9999 -9999
16.2265742460886 16.3496831523047 16.4727920585208 16.5801308949788 16.6822130415174 16.7842951880561 16.8863773345947 16.9884594811333 17.0905416276719 17.1926237742106 17.2736410140991 17.2914635340373 17.3092860539754 17.3271085739136 17.3449310938517 17.3627536137899 17.380576133728 17.3983986536662 17.4343779246012 17.4764094458686 17.5184409671359 17.5604724884033 17.6025040096707 17.644535530938 17.6865670522054 17.7374838087294 17.8150562710232 17.892628733317 17.9702011956109 18.0477736579047 18.1253461201985 18.2029185824924 18.2804910447862 18.3557894388834 18.4303298102484 18.5048701816135 -9999 -9999 -9999 -9999 -9999 -9999 -9999 -9999 -9999 -9999
16.2700719992319 16.385302623113 16.500533246994 16.6102029482523 16.7180190086364 16.8258350690205 16.9336511294047 17.0414671897888 17.1492832501729 17.257099310557 17.3439446502262 17.3678778277503 17.3918110052744 17.4157441827986 17.4396773603227 17.4636105378469 17.487543715371 17.5114768928951 17.5455504099528 17.5830040401882 17.6204576704237 17.6579113006592 17.6953649308946 17.7328185611301 17.7702721913655 17.8185000207689 17.8990504476759 17.9796008745829 18.0601513014899 18.1407017283969 18.2212521553039 18.3018025822109 18.3823530091179 18.4548876126607 18.524750275082 18.5946129375034 -9999 -9999 -9999 -9999 -9999 -9999 -9999 -9999 -9999 -9999
16.3742674350738 16.4730370044708 16.5718065738678 16.6746838569641 16.7789303779602 16.8831768989563 16.9874234199524 17.0916699409485 17.1959164619445 17.3001629829406 17.3858224709829 17.4157208601634 17.4456192493439 17.4755176385244 17.5054160277049 17.5353144168854 17.5652128060659 17.5951111952464 17.6292888641357 17.6648929595947 17.7004970550537 17.7361011505127 17.7717052459717 17.8073093414306 17.8429134368896 17.8902626355489 17.972847143809 18.0554316520691 18.1380161603292 18.2206006685892 18.3031851768493 18.3857696851094 18.4683541933695 18.540649318695 18.609514649709 -9999 -9999 -9999 -9999 -9999 -9999 -9999 -9999 -9999 -9999 -9999
16.4784628709157 16.5607713858286 16.6430799007415 16.7391647656758 16.8398417472839 16.940518728892 17.0411957105001 17.1418726921081 17.2425496737162 17.3432266553243 17.4277002917396 17.4635638925764 17.4994274934133 17.5352910942501 17.571154695087 17.6070182959239 17.6428818967607 17.6787454975976 17.7130273183187 17.7467818790012 17.7805364396837 17.8142910003662 17.8480455610487 17.8818001217312 17.9155546824137 17.9620252503289 18.046643839942 18.1312624295552 18.2158810191684 18.3004996087816 18.3851181983947 18.4697367880079 18.5543553776211 18.6264110247294 18.694279024336 18.7621470239427 18.8300150235494 18.897883023156 -9999 -9999 -9999 -9999 -9999 -9999 -9999 -9999
16.5826583067576 16.6485057671865 16.7143532276153 16.8036456743876 16.9007531166076 16.9978605588277 17.0949680010477 17.1920754432678 17.2891828854878 17.3862903277079 17.4695781124963 17.5114069249895 17.5532357374827 17.5950645499759 17.6368933624691 17.6787221749623 17.7205509874556 17.7623797999488 17.7967657725016 17.8286707984076 17.8605758243137 17.8924808502197 17.9243858761257 17.9562909020318 17.9881959279378 18.0337878651089 18.1204405360751 18.2070932070414 18.2937458780076 18.3803985489739 18.4670512199402 18.5537038909064 18.6403565618727 18.7121727307637 18.7790433989631 18.8459140671624 18.9127847353617 -9999 -9999 -9999 -9999 -9999 -9999 -9999 -9999 -9999
16.6868537425995 16.7362401485443 16.7856265544891 16.8681265830993 16.9616644859314 17.0552023887634 17.1487402915954 17.2422781944275 17.3358160972595 17.4293540000915 17.511455933253 17.5592499574025 17.6070439815521 17.6548380057017 17.7026320298513 17.7504260540008 17.7982200781504 17.8460141023 17.8805042266846 17.9105597178141 17.9406152089437 17.9706707000732 18.0007261912028 18.0307816823323 18.0608371734619 18.1055504798889 18.1942372322082 18.2829239845276 18.3716107368469 18.4602974891662 18.5489842414856 18.6376709938049 18.7263577461242 18.7979344367981 18.8638077735901 18.929681110382 -9999 -9999 -9999 -9999 -9999 -9999 -9999 -9999 -9999 -9999
16.7910491784413 16.8239745299021 16.8568998813629 16.9326074918111 17.0225758552551 17.1125442186991 17.2025125821431 17.2924809455871 17.3824493090311 17.4724176724752 17.5533337540096 17.6070929898156 17.6608522256215 17.7146114614275 17.7683706972334 17.8221299330393 17.8758891688453 17.9296484046512 17.9642426808675 17.9924486372206 18.0206545935736 18.0488605499267 18.0770665062798 18.1052724626329 18.133478418986 18.1773130946689 18.2680339283413 18.3587547620137 18.4494755956861 18.5401964293585 18.630917263031 18.7216380967034 18.8123589303758 18.8836961428324 18.9485721482171 19.0134481536017 19.0783241589864 19.143200164371 -9999 -9999 -9999 -9999 -9999 -9999 -9999 -9999
16.7570774555206 16.8136815230052 16.8702855904897 16.9583891709645 17.0569925891028 17.1555960072411 17.2541994253794 17.3528028435177 17.451406261656 17.5500096797943 17.6369303014543 17.6888025336795 17.7406747659047 17.7925469981299 17.8444192303551 17.8962914625803 17.9481636948056 18.0000359270308 18.0330969015757 18.0598874568939 18.0866780122121 18.1134685675303 18.1402591228485 18.1670496781667 18.1938402334849 18.2362298700544 18.325416750378 18.4146036307017 18.5037905110253 18.5929773913489 18.6821642716726 18.7713511519962 18.8605380323198 18.936018705368 19.0069306426578 19.0778425799476 19.1487545172373 19.2196664545271 -9999 -9999 -9999 -9999 -9999 -9999 -9999 -9999
16.5849385738373 16.7053611278534 16.8257836818695 16.9454716205597 17.0649146874745 17.1843577543894 17.3038008213043 17.4232438882192 17.542686955134 17.6621300220489 17.7622455755869 17.8043785889943 17.8465116024017 17.8886446158091 17.9307776292165 17.9729106426239 18.0150436560313 18.0571766694387 18.0870668888092 18.1128761768341 18.138685464859 18.1644947528839 18.1903040409088 18.2161133289337 18.2419226169586 18.2823008060455 18.3663856983184 18.4504705905914 18.5345554828644 18.6186403751373 18.7027252674103 18.7868101596832 18.8708950519562 18.9549021244049 19.0388832569122 19.1228643894195 19.2068455219269 19.2908266544342 -9999 -9999 -9999 -9999 -9999 -9999 -9999 -9999
16.4127996921539 16.5970407327016 16.7812817732493 16.9325540701548 17.0728367858463 17.2131195015377 17.3534022172292 17.4936849329206 17.6339676486121 17.7742503643035 17.8875608497195 17.9199546443091 17.9523484388987 17.9847422334883 18.0171360280778 18.0495298226674 18.081923617257 18.1143174118466 18.1410368760427 18.1658648967743 18.1906929175059 18.2155209382375 18.2403489589691 18.2651769797007 18.2900050004323 18.3283717420366 18.4073546462588 18.4863375504811 18.5653204547034 18.6443033589257 18.723286263148 18.8022691673702 18.8812520715925 18.9737855434418 19.0708358711666 19.1678861988915 19.2649365266164 19.3619868543413 -9999 -9999 -9999 -9999 -9999 -9999 -9999 -9999
16.2406608104706 16.4887203375498 16.736779864629 16.9196365197499 17.080758884218 17.241881248686 17.4030036131541 17.5641259776221 17.7252483420901 17.8863707065582 18.0128761238522 18.0355306996239 18.0581852753957 18.0808398511675 18.1034944269392 18.126149002711 18.1488035784827 18.1714581542545 18.1950068632762 18.2188536167145 18.2427003701528 18.2665471235911 18.2903938770294 18.3142406304677 18.338087383906 18.3744426780277 18.4483235941993 18.5222045103709 18.5960854265425 18.6699663427141 18.7438472588857 18.8177281750573 18.8916090912289 18.9926689624786 19.102788485421 19.2129080083635 19.3230275313059 -9999 -9999 -9999 -9999 -9999 -9999 -9999 -9999 -9999
