data/working_set_collections/6091692-Cassins_Sparrow-MC/2015/bio9.asc
NCOLS 265 
NROWS 230 
XLLCORNER -115.5625 
YLLCORNER 24.8333333333333 
CELLSIZE 0.0833333333333333 
NODATA_value -9999 
[rows 200 to 219 of 230, columns 92 to 137 of 265]
16.7805291917589 16.2758704715305 15.7712117513021 15.2665530310737 14.7618943108453 14.6276452382405 14.616866048177 14.6060868581136 14.5953076680501 14.5845284779866 14.5737492879232 14.5629700978597 14.6672325187258 15.1166197723812 15.5660070260365 16.0153942796918 16.4647815333472 16.9141687870025 17.3635560406578 17.8129432943132 17.9599231561025 18.0061005539364 18.0522779517704 18.0984553496043 18.1446327474382 18.1908101452721 18.236987543106 18.2997360865274 18.4121980667114 18.5246600468953 18.6371220270792 18.7495840072631 18.862045987447 18.9745079676309 19.0869699478148 19.2777136961618 19.4945513672298 19.7113890382978 19.9282267093658 20.1450643804337 20.3619020515017 20.5787397225697 20.5988866859013 20.0289615260231 19.4590363661448 18.8891112062666
17.3115834130181 16.780534532335 16.249485651652 15.718436770969 15.1873878902859 14.9900183359781 14.9038752237955 14.8177321116129 14.7315889994303 14.6454458872477 14.5593027750651 14.4731596628825 14.5184002505408 14.9577919377221 15.3971836249033 15.8365753120846 16.2759669992659 16.7153586864471 17.1547503736283 17.5941420608097 17.786168495814 17.8957398467594 18.0053111977047 18.1148825486501 18.2244538995954 18.3340252505408 18.4435966014861 18.5617845535277 18.7058223088581 18.8498600641885 18.9938978195189 19.1379355748493 19.2819733301797 19.4260110855101 19.5700488408405 19.7362009843189 19.9097245905133 20.0832481967077 20.2567718029021 20.4302954090965 20.6038190152909 20.7773426214853 20.8129283852048 20.434700621499 20.0564728577931 19.6782450940873
17.8426376342774 17.2851985931396 16.727759552002 16.1703205108643 15.6128814697266 15.3523914337158 15.190884399414 15.0293773651123 14.8678703308106 14.7063632965088 14.5448562622071 14.3833492279053 14.3695679823557 14.7989641030629 15.2283602237701 15.6577563444773 16.0871524651845 16.5165485858917 16.9459447065989 17.3753408273061 17.6124138355255 17.7853791395823 17.9583444436391 18.1313097476959 18.3042750517527 18.4772403558095 18.6502056598663 18.8238330205281 18.9994465510049 19.1750600814818 19.3506736119587 19.5262871424356 19.7019006729125 19.8775142033894 20.0531277338662 20.1946882724761 20.3248978137969 20.4551073551177 20.5853168964385 20.7155264377593 20.8457359790801 20.9759455204009 21.0269700845083 20.8404397169749 20.6539093494415 20.4673789819081
18.3736918555366 17.7898626539442 17.2060334523519 16.6222042507596 16.0383750491672 15.7147645314534 15.4778935750326 15.2410226186116 15.0041516621908 14.7672807057699 14.530409749349 14.2935387929281 14.2207357141706 14.6401362684038 15.0595368226369 15.47893737687 15.8983379311032 16.3177384853363 16.7371390395694 17.1565395938025 17.438659175237 17.6750184324052 17.9113776895735 18.1477369467417 18.3840962039099 18.6204554610782 18.8568147182464 19.0858814875284 19.2930707931518 19.5002600987751 19.7074494043985 19.9146387100219 20.1218280156452 20.3290173212686 20.536206626892 20.6531755606333 20.7400710370805 20.8269665135277 20.9138619899749 21.0007574664221 21.0876529428693 21.1745484193166 21.2410117838118 21.2461788124508 21.2513458410898 21.2565128697288
18.8602481895023 18.2541585551368 17.6480689207713 17.0419792864058 16.4358896520403 16.0593667348226 15.7593660566542 15.4593653784858 15.1593647003174 14.859364022149 14.5593633439806 14.2593626658122 14.1306604067484 14.5158534049988 14.9010464032491 15.2862394014994 15.6714323997498 16.0566253980001 16.4418183962504 16.8270113945008 17.1366313616435 17.421060318417 17.7054892751906 17.9899182319641 18.2743471887377 18.5587761455112 18.8432051022847 19.0942770348655 19.2452778948678 19.3962787548702 19.5472796148725 19.6982804748748 19.8492813348772 20.0002821948795 20.1512830548818 20.3069909969968 20.4642679664825 20.6215449359683 20.7788219054541 20.9360988749399 21.0933758444256 21.2506528139114 21.3714004172219 21.3825599220064 21.3937194267909 21.4048789315754
19.3023066361746 18.6780862967173 18.0538659572602 17.429645617803 16.8054252783458 16.3861980438232 16.035301844279 15.6844056447347 15.3335094451905 14.9826132456462 14.6317170461019 14.2808208465577 14.099342060089 14.4261155128479 14.7528889656067 15.0796624183654 15.4064358711243 15.7332093238831 16.0599827766418 16.3867562294007 16.7063303947449 17.0235047976176 17.3406792004903 17.657853603363 17.9750280062357 18.2922024091085 18.6093768119812 18.8490196625392 18.8560678561529 18.8631160497666 18.8701642433803 18.8772124369941 18.8842606306078 18.8913088242215 18.8983570178352 19.156134581566 19.4974886020025 19.8388426224391 20.1801966428757 20.5215506633123 20.8629046837488 21.2042587041854 21.4181359847387 21.2495830456417 21.0810301065446 20.9124771674475
19.7443650828468 19.1020140382979 18.459662993749 17.8173119492002 17.1749609046512 16.7130293528239 16.3112376319038 15.9094459109836 15.5076541900635 15.1058624691434 14.7040707482232 14.3022790273031 14.0680237134297 14.336377620697 14.6047315279642 14.8730854352315 15.1414393424988 15.409793249766 15.6781471570333 15.9465010643006 16.2760294278463 16.6259492768181 16.9758691257901 17.325788974762 17.6757088237338 18.0256286727058 18.3755485216776 18.6037622902129 18.466857817438 18.3299533446631 18.1930488718882 18.0561443991133 17.9192399263384 17.7823354535635 17.6454309807886 18.0052781661352 18.5307092375226 19.0561403089099 19.5815713802973 20.1070024516847 20.632433523072 21.1578645944595 21.4648715522555 21.1166061692769 20.7683407862982 20.4200754033196
20.186423529519 19.5259417798784 18.8654600302379 18.2049782805973 17.5444965309567 17.0398606618246 16.5871734195286 16.1344861772325 15.6817989349366 15.2291116926406 14.7764244503445 14.3237372080486 14.0367053667704 14.2466397285461 14.4565740903219 14.6665084520976 14.8764428138733 15.086377175649 15.2963115374247 15.5062458992005 15.8457284609477 16.2283937560187 16.6110590510898 16.9937243461609 17.3763896412319 17.759054936303 18.1417202313741 18.3585049178866 18.0776477787231 17.7967906395596 17.5159335003961 17.2350763612326 16.954219222069 16.6733620829055 16.392504943742 16.8544217507046 17.5639298730427 18.2734379953808 18.982946117719 19.6924542400571 20.4019623623952 21.1114704847335 21.5116071197723 20.9836292929121 20.4556514660519 19.9276736391917
20.6284819761913 19.949869521459 19.2712570667267 18.5926446119945 17.9140321572622 17.3666919708252 16.8631092071534 16.3595264434815 15.8559436798096 15.3523609161378 14.8487781524659 14.345195388794 14.0053870201111 14.1569018363953 14.3084166526794 14.4599314689636 14.6114462852478 14.762961101532 14.9144759178162 15.0659907341004 15.4154274940491 15.8308382352193 16.2462489763896 16.6616597175598 17.07707045873 17.4924811999003 17.9078919410705 18.1132475455603 17.6884377400082 17.263627934456 16.8388181289039 16.4140083233518 15.9891985177996 15.5643887122475 15.1395789066954 15.7035653352738 16.5971505085627 17.4907356818516 18.3843208551406 19.2779060284295 20.1714912017184 21.0650763750075 21.5583426872891 20.8506524165474 20.1429621458055 19.4352718750638
21.0705404228635 20.3737972630395 19.6770541032156 18.9803109433917 18.2835677835677 17.6935232798259 17.1390449947782 16.5845667097304 16.0300884246827 15.475610139635 14.9211318545872 14.3666535695395 13.9740686734517 14.0671639442444 14.160259215037 14.2533544858297 14.3464497566223 14.439545027415 14.5326402982076 14.6257355690003 14.9851265271505 15.4332827144198 15.8814389016893 16.3295950889587 16.7777512762281 17.2259074634976 17.674063650767 17.867990173234 17.2992277012933 16.7304652293525 16.1617027574118 15.592940285471 15.0241778135302 14.4554153415895 13.8866528696487 14.552708919843 15.6303711440827 16.7080333683224 17.7856955925623 18.8633578168019 19.9410200410416 21.0186822652815 21.6050782548059 20.7176755401826 19.8302728255592 18.9428701109359
21.4903401268854 20.7903363969591 20.0903326670329 19.3903289371067 18.6903252071804 18.0652354319891 17.4651169750426 16.8649985180961 16.2648800611496 15.6647616042032 15.0646431472567 14.4645246903102 14.0251215908262 14.06786456373 14.1106075366338 14.1533505095376 14.1960934824414 14.2388364553452 14.2815794282489 14.3243224011527 14.6877819061279 15.1581469217935 15.6285119374593 16.0988769531249 16.5692419687906 17.0396069844563 17.509972000122 17.7027497159112 17.0627655320699 16.4227813482286 15.7827971643873 15.1428129805461 14.5028287967047 13.8628446128635 13.2228604290222 13.8773176908492 14.9632554345659 16.0491931782826 17.1351309219996 18.2210686657163 19.307006409433 20.39294415315 20.9866094774675 20.1034575435855 19.2203056097034 18.3371536758214
21.8878810882569 21.1994869232178 20.5110927581788 19.8226985931397 19.1343044281006 18.4818284273148 17.8413251479468 17.2008218685786 16.5603185892106 15.9198153098425 15.2793120304744 14.6388087511063 14.1585457722346 14.1590036948522 14.1594616174698 14.1599195400874 14.160377462705 14.1608353853226 14.1612933079402 14.1617512305578 14.5233936309814 15.0054308573404 15.4874680836995 15.9695053100585 16.4515425364176 16.9335797627767 17.4156169891357 17.6175261735918 16.9790512323381 16.3405762910844 15.7021013498308 15.0636264085772 14.4251514673234 13.7866765260698 13.1482015848162 13.6773916482924 14.5958033800124 15.5142151117323 16.4326268434524 17.3510385751724 18.2694503068923 19.1878620386124 19.7029363552733 19.0079984267557 18.3130604982379 17.6181225697202
22.2854220496285 21.6086374494765 20.9318528493246 20.2550682491727 19.5782836490207 18.8984214226405 18.2175333208509 17.5366452190611 16.8557571172715 16.1748690154819 15.4939809136921 14.8130928119025 14.2919699536429 14.2501428259744 14.2083156983058 14.1664885706372 14.1246614429686 14.0828343153 14.0410071876314 13.9991800599628 14.3590053558349 14.8527147928873 15.3464242299397 15.8401336669921 16.3338431040445 16.827552541097 17.3212619781493 17.5323026312724 16.8953369326064 16.2583712339402 15.6214055352742 14.9844398366082 14.3474741379421 13.7105084392761 13.0735427406101 13.4774656057357 14.2283513254588 14.979237045182 15.7301227649053 16.4810084846284 17.2318942043516 17.9827799240749 18.4192632330791 17.9125393099258 17.4058153867724 16.899091463619
22.682963011 22.0177879757352 21.3526129404704 20.6874379052057 20.0222628699409 19.3150144179663 18.593741493755 17.8724685695437 17.1511956453324 16.4299227211212 15.7086497969098 14.9873768726986 14.4253941350513 14.3412819570965 14.2571697791418 14.173057601187 14.0889454232322 14.0048332452774 13.9207210673227 13.8366088893679 14.1946170806884 14.6999987284341 15.20538037618 15.7107620239257 16.2161436716714 16.7215253194173 17.226906967163 17.447079088953 16.8116226328746 16.1761661767961 15.5407097207177 14.9052532646393 14.2697968085608 13.6343403524824 12.998883896404 13.2775395631789 13.8608992709053 14.4442589786317 15.0276186863581 15.6109783940845 16.1943381018108 16.7776978095373 17.135590110885 16.817080193096 16.4985702753069 16.1800603575178
23.0805039723715 22.4269385019938 21.7733730316163 21.1198075612387 20.466242090861 19.731607413292 18.9699496666591 18.2082919200262 17.4466341733933 16.6849764267605 15.9233186801275 15.1616609334947 14.5588183164597 14.4324210882187 14.3060238599777 14.1796266317368 14.0532294034958 13.9268321752549 13.8004349470139 13.6740377187729 14.0302288055419 14.547282663981 15.0643365224202 15.5813903808593 16.0984442392984 16.6154980977376 17.1325519561767 17.3618555466336 16.7279083331428 16.0939611196519 15.4600139061611 14.8260666926704 14.1921194791795 13.5581722656887 12.924225052198 13.0776135206222 13.4934472163518 13.9092809120814 14.325114607811 14.7409483035406 15.1567819992702 15.5726156949998 15.8519169886909 15.7216210762662 15.5913251638414 15.4610292514167
23.478044933743 22.8360890282525 22.1941331227621 21.5521772172716 20.9102213117811 20.1482004086177 19.3461578395633 18.5441152705087 17.7420727014542 16.9400301323998 16.1379875633452 15.3359449942908 14.692242497868 14.5235602193409 14.3548779408137 14.1861956622866 14.0175133837594 13.8488311052323 13.6801488267051 13.511466548178 13.8658405303955 14.3945665995279 14.9232926686605 15.4520187377929 15.9807448069254 16.5094708760579 17.0381969451904 17.2766320043142 16.644194033411 16.0117560625078 15.3793180916046 14.7468801207015 14.1144421497982 13.4820041788951 12.8495662079919 12.8776874780655 13.1259951617983 13.3743028455311 13.6226105292639 13.8709182129967 14.1192258967295 14.3675335804624 14.5682438664969 14.6261619594364 14.684080052376 14.7419981453155
23.8672837893169 23.2628352165222 22.6583866437277 22.0539380709331 21.4494894981384 20.6806771675746 19.8570769177544 19.033476667934 18.2098764181138 17.3862761682935 16.5626759184732 15.7390756686529 15.0671029832628 14.8500129911634 14.6329229990641 14.4158330069648 14.1987430148654 13.9816530227661 13.7645630306668 13.5474730385674 13.8763002475102 14.3870998568004 14.8978994660907 15.4086990753809 15.9194986846711 16.4302982939614 16.9410979032516 17.1691387282479 16.5489032003617 15.9286676724753 15.308432144589 14.6881966167028 14.0679610888164 13.4477255609302 12.8274900330439 12.7916924873988 12.9507076025009 13.109722717603 13.2687378327052 13.4277529478073 13.5867680629094 13.7457831780116 13.9043240335252 14.0614421102735 14.2185601870219 14.3756782637702
24.2482205390931 23.707177066803 23.1661335945129 22.6250901222229 22.0840466499328 21.3290376901627 20.5027069012325 19.6763761123021 18.8500453233719 18.0237145344417 17.1973837455114 16.3710529565811 15.683399772644 15.4117794036865 15.140159034729 14.8685386657715 14.5969182968139 14.3252979278564 14.0536775588989 13.7820571899414 14.0616079568862 14.5248824357985 14.9881569147109 15.4514313936233 15.9147058725356 16.377980351448 16.8412548303604 17.0393757184348 16.4420358339947 15.8446959495546 15.2473560651145 14.6500161806744 14.0526762962342 13.4553364117942 12.8579965273541 12.8196285486221 12.9675845384597 13.1155405282974 13.263496518135 13.4114525079727 13.5594084978103 13.707364487648 13.8601574897766 14.027461528778 14.1947655677795 14.362069606781
24.6291572888692 24.1515189170837 23.6738805452982 23.1962421735128 22.7186038017272 21.9773982127507 21.1483368847106 20.3192755566702 19.4902142286301 18.6611529005899 17.8320915725496 17.0030302445094 16.2996965620252 15.9735458162095 15.6473950703938 15.3212443245782 14.9950935787624 14.6689428329468 14.3427920871311 14.0166413413154 14.2469156662622 14.6626650147967 15.0784143633312 15.4941637118657 15.9099130604001 16.3256624089347 16.7414117574691 16.9096127086217 16.3351684676278 15.7607242266338 15.1862799856399 14.611835744646 14.037391503652 13.4629472626581 12.8885030216642 12.8475646098454 12.9844614744186 13.1213583389918 13.2582552035649 13.3951520681381 13.5320489327113 13.6689457972844 13.8159909460279 13.9934809472825 14.1709709485372 14.3484609497918
25.0100940386455 24.5958607673645 24.1816274960836 23.7673942248027 23.3531609535217 22.6257587353389 21.7939668681888 20.9621750010385 20.1303831338883 19.2985912667382 18.4667993995879 17.6350075324377 16.9159933514065 16.5353122287326 16.1546311060588 15.7739499833849 15.393268860711 15.0125877380371 14.6319066153633 14.2512254926894 14.4322233756382 14.8004475937948 15.1686718119515 15.5368960301081 15.9051202482647 16.2733444664213 16.6415686845779 16.7798496988086 16.2283011012609 15.6767525037131 15.1252039061654 14.5736553086176 14.0221067110698 13.4705581135221 12.9190095159744 12.8755006710688 13.0013384103775 13.1271761496861 13.2530138889948 13.3788516283035 13.5046893676122 13.6305271069209 13.7718244022793 13.959500365787 14.1471763292948 14.3348522928026
