data/working_set_collections/6091692-Cassins_Sparrow-MC/2015/bio9.asc
NCOLS 265 
NROWS 230 
XLLCORNER -115.5625 
YLLCORNER 24.8333333333333 
CELLSIZE 0.0833333333333333 
NODATA_value -9999 
[rows 40 to 59 of 230, columns 92 to 137 of 265]
19.588982820511 19.2472441196442 18.9055054187775 18.5637667179109 18.2220280170441 17.8377527236939 17.4392985661826 17.0408444086711 16.6423902511597 16.2439360936484 15.8454819361369 15.4470277786256 15.1302396059036 15.0584493875504 14.9866591691971 14.9148689508438 14.8430787324906 14.7712885141373 14.699498295784 14.6277080774307 14.6206637144089 14.6352013031642 14.6497388919194 14.6642764806747 14.67881406943 14.6933516581853 14.7078892469405 14.2309015944604 12.2793382182722 10.3277748420837 8.37621146589555 6.42464808970739 4.47308471351889 2.52152133733073 0.569957961142564 0.165179198793997 0.27599530772609 0.386811416658183 0.497627525590295 0.608443634522388 0.719259743454482 0.830075852386594 0.908757799056635 0.891037258940407 0.873316718824176 0.855596178707949
19.5196063306597 19.1684199386173 18.817233546575 18.4660471545326 18.1148607624902 17.741936937968 17.3617673026192 16.9815976672703 16.6014280319215 16.2212583965726 15.8410887612237 15.4609191258749 15.1534593131807 15.0641289684508 14.9747986237208 14.8854682789909 14.7961379342609 14.706807589531 14.617477244801 14.5281469000711 14.5702302535375 14.6561181730694 14.7420060926013 14.8278940121332 14.9137819316652 14.9996698511971 15.085557770729 14.6580246181955 12.6902282494643 10.7224318807327 8.75463551200138 6.7868391432701 4.81904277453849 2.85124640580721 0.883450037075928 0.46662996802473 0.566801998867693 0.666974029710655 0.767146060553635 0.867318091396597 0.967490122239559 1.06766215308254 1.13523977107055 1.10503415049362 1.07482852991668 1.04462290933975
19.3722813659245 18.9920652972328 18.6118492285412 18.2316331598495 17.8514170911578 17.5062718868257 17.1728169706134 16.839362054401 16.5059071381888 16.1724522219765 15.8389973057641 15.5055423895518 15.2292077620824 15.1242340008418 15.0192602396011 14.9142864783605 14.8093127171199 14.7043389558792 14.5993651946386 14.4943914333979 14.5589445193608 14.6800065543916 14.8010685894224 14.9221306244532 15.043192659484 15.1642546945148 15.2853167295456 14.8864910703571 12.928002328509 10.9695135866605 9.01102484481245 7.05253610296436 5.09404736111593 3.13555861926783 1.17706987741973 0.749176701406594 0.831482047339235 0.913787393271875 0.99609273920453 1.07839808513717 1.16070343106981 1.24300877700247 1.29579562743505 1.26002699136734 1.22425835529963 1.18848971923192
19.1470079263053 18.7181801954906 18.289352464676 17.8605247338614 17.4316970030468 17.1307575702668 16.8724475701651 16.6141375700633 16.3558275699616 16.0975175698599 15.8392075697581 15.5808975696564 15.3574849526088 15.2387644847234 15.1200440168381 15.0013235489528 14.8826030810674 14.7638826131821 14.6451621452968 14.5264416774114 14.5868065118789 14.7068664471308 14.8269263823827 14.9469863176346 15.0670462528864 15.1871061881383 15.3071661233902 14.9163009509449 12.9926604554062 11.0690199598673 9.1453794643287 7.2217389687901 5.29809847325116 3.37445797771255 1.45081748217394 1.01281939893955 1.07003545314068 1.12725150734181 1.18446756154295 1.24168361574407 1.2988996699452 1.35611572414634 1.39042536815007 1.35601578156153 1.32160619497298 1.28719660838444
18.921734486686 18.4442950937484 17.9668557008109 17.4894163078734 17.0119769149358 16.755243253708 16.5720781697168 16.3889130857256 16.2057480017345 16.0225829177433 15.8394178337521 15.656252749761 15.4857621431351 15.353294968605 15.220827794075 15.088360619545 14.955893445015 14.8234262704849 14.6909590959549 14.5584919214249 14.614668504397 14.73372633987 14.852784175343 14.9718420108159 15.0908998462889 15.2099576817618 15.3290155172348 14.9461108315326 13.0573185823035 11.1685263330741 9.27973408384497 7.39094183461585 5.50214958538641 3.61335733615729 1.72456508692818 1.27646209647254 1.30858885894215 1.34071562141176 1.37284238388138 1.40496914635099 1.4370959088206 1.46922267129022 1.4850551088651 1.45200457175572 1.41895403464634 1.38590349753697
18.6964610470667 18.1704099920062 17.6443589369457 17.1183078818853 16.5922568268247 16.3797289371491 16.2717087692685 16.1636886013879 16.0556684335073 15.9476482656267 15.8396280977461 15.7316079298655 15.6140393336614 15.4678254524867 15.321611571312 15.1753976901373 15.0291838089625 14.8829699277878 14.7367560466131 14.5905421654383 14.6425304969152 14.7605862326092 14.8786419683032 14.9966977039973 15.1147534396913 15.2328091753854 15.3508649110794 14.9759207121204 13.1219767092008 11.2680327062809 9.41408870336123 7.5601447004416 5.70620069752166 3.85225669460204 1.99831269168241 1.54010479400552 1.54714226474362 1.55417973548171 1.56121720621981 1.5682546769579 1.575292147696 1.5823296184341 1.57968484958013 1.54799336194992 1.51630187431971 1.4846103866895
18.4711876074475 17.896524890264 17.3218621730806 16.7471994558972 16.1725367387137 16.0042146205903 15.9713393688202 15.9384641170502 15.9055888652802 15.8727136135102 15.8398383617401 15.8069631099701 15.7423165241877 15.5823559363683 15.4223953485489 15.2624347607295 15.1024741729101 14.9425135850907 14.7825529972712 14.6225924094518 14.6703924894333 14.7874461253484 14.9044997612635 15.0215533971786 15.1386070330937 15.2556606690089 15.372714304924 15.0057305927082 13.1866348360981 11.3675390794876 9.54844332287748 7.72934756626734 5.9102518096569 4.09115605304676 2.27206029643662 1.80374749153848 1.78569567054506 1.76764384955165 1.74959202855823 1.73154020756481 1.71348838657139 1.69543656557797 1.67431459029515 1.64398215214411 1.61364971399306 1.58331727584202
18.2459141678282 17.6226397885218 16.9993654092154 16.3760910299091 15.7528166506027 15.6287003040314 15.670969968372 15.7132396327125 15.755509297053 15.7977789613936 15.8400486257341 15.8823182900747 15.8705937147141 15.6968864202499 15.5231791257858 15.3494718313217 15.1757645368576 15.0020572423935 14.8283499479294 14.6546426534653 14.6982544819514 14.8143060180876 14.9303575542238 15.04640909036 15.1624606264962 15.2785121626324 15.3945636987686 15.035540473296 13.2512929629953 11.4670454526944 9.68279794239374 7.8985504320931 6.11430292179215 4.3300554114915 2.54580790119086 2.06739018907147 2.02424907634653 1.9811079636216 1.93796685089666 1.89482573817172 1.85168462544679 1.80854351272185 1.76894433101018 1.7399709423383 1.71099755366642 1.68202416499455
18.2388207488591 17.6121477709877 16.9854747931163 16.358801815245 15.7321288373735 15.6169996897379 15.6723851521809 15.727770614624 15.783156077067 15.8385415395101 15.8939270019531 15.9493124643961 15.9261794010799 15.6674907604854 15.4088021198909 15.1501134792965 14.891424838702 14.6327361981075 14.3740475575131 14.1153589169186 14.1066998362542 14.1813839422333 14.2560680482124 14.3307521541915 14.4054362601706 14.4801203661497 14.5548044721287 14.1961877495056 12.5376685410744 10.879149332643 9.22063012421181 7.56211091578063 5.90359170734918 4.245072498918 2.58655329048683 2.13341683546704 2.08207463158504 2.03073242770304 1.97939022382103 1.92804801993902 1.87670581605702 1.82536361217501 1.78361285593776 1.7706364426348 1.75766002933185 1.74468361602889
18.4499073505403 17.8650488376618 17.2801903247834 16.695331811905 16.1104732990265 15.9691127777099 15.9755849202473 15.9820570627848 15.9885292053222 15.9950013478597 16.0014734903971 16.0079456329346 15.9090735832851 15.4941689570746 15.0792643308641 14.6643597046536 14.249455078443 13.8345504522326 13.4196458260221 13.0047411998115 12.8957285523417 12.8886798977854 12.8816312432291 12.8745825886729 12.8675339341166 12.8604852795604 12.8534366250041 12.4876724213368 11.0457615703351 9.60385071933316 8.16193986833146 6.72002901732977 5.27811816632783 3.83620731532613 2.39429646432444 2.00182743072513 1.95917233626051 1.91651724179589 1.87386214733126 1.83120705286664 1.78855195840203 1.7458968639374 1.71832016507785 1.73597865303358 1.7536371409893 1.77129562894502
18.6609939522214 18.1179499043359 17.5749058564504 17.031861808565 16.4888177606795 16.3212258656819 16.2787846883138 16.2363435109456 16.1939023335775 16.1514611562093 16.1090199788411 16.066578801473 15.8919677654903 15.3208471536637 14.7497265418372 14.1786059300107 13.6074853181841 13.0363647063575 12.465244094531 11.8941234827044 11.684757268429 11.5959758533374 11.5071944382458 11.4184130231542 11.3296316080626 11.2408501929709 11.1520687778793 10.7791570931678 9.55385459959563 8.32855210602323 7.10324961245103 5.87794711887883 4.65264462530643 3.42734213173423 2.20203963816203 1.8702380259832 1.83627004093597 1.80230205588873 1.76833407084149 1.73436608579426 1.70039810074702 1.66643011569979 1.65302747421794 1.70132086343235 1.74961425264676 1.79790764186116
18.8720805539026 18.37085097101 17.8696213881175 17.368391805225 16.8671622223324 16.6733389536539 16.5819844563802 16.4906299591064 16.3992754618327 16.3079209645589 16.2165664672852 16.1252119700114 15.8748619476956 15.1475253502529 14.4201887528103 13.6928521553678 12.9655155579251 12.2381789604825 11.5108423630399 10.7835057655972 10.4737859845163 10.3032718088894 10.1327576332624 9.96224345763544 9.79172928200849 9.62121510638151 9.45070093075457 9.07064176499886 8.06194762885616 7.05325349271329 6.04455935657059 5.0358652204279 4.02717108428503 3.01847694814233 2.00978281199963 1.73864862124127 1.71336774561142 1.68808686998157 1.66280599435172 1.63752511872187 1.61224424309202 1.58696336746217 1.58773478335803 1.66666307383112 1.74559136430421 1.82451965477729
19.0831671555838 18.6237520376841 18.1643369197846 17.704921801885 17.2455066839854 17.0254520416259 16.8851842244466 16.7449164072672 16.6046485900879 16.4643807729085 16.3241129557292 16.1838451385498 15.8577561299008 14.9742035468421 14.0906509637835 13.2070983807249 12.3235457976661 11.4399932146075 10.5564406315489 9.67288804849018 9.26281470060374 9.01056776444145 8.75832082827912 8.50607389211684 8.25382695595455 8.00158001979223 7.74933308362994 7.36212643683004 6.57004065811682 5.77795487940347 4.98586910069025 4.19378332197703 3.40169754326368 2.60961176455046 1.81752598583724 1.60705921649935 1.59046545028689 1.57387168407443 1.55727791786196 1.5406841516495 1.52409038543703 1.50749661922456 1.52244209249813 1.63200528422989 1.74156847596167 1.85113166769343
19.2942537572649 18.8766531043583 18.4590524514516 18.041451798545 17.6238511456384 17.377565129598 17.188383992513 16.999202855428 16.8100217183431 16.6208405812582 16.4316594441732 16.2424783070882 15.8406503121061 14.8008817434312 13.7611131747566 12.721344606082 11.6815760374071 10.6418074687325 9.60203890005785 8.56227033138303 8.05184341669106 7.71786371999343 7.38388402329574 7.04990432659811 6.71592462990048 6.3819449332028 6.04796523650517 5.65361110866107 5.07813368737735 4.50265626609353 3.92717884480981 3.35170142352609 2.77622400224228 2.20074658095856 1.62526915967484 1.47546981175743 1.46756315496235 1.45965649816727 1.45174984137219 1.44384318457711 1.43593652778203 1.42802987098695 1.45714940163822 1.59734749462866 1.73754558761912 1.87774368060956
18.9944371951953 18.4872120049266 17.9799868146581 17.4727616243895 16.9655364341209 16.7302947719894 16.5857142859037 16.441133799818 16.2965533137323 16.1519728276466 16.0073923415609 15.8628118554752 15.4736061155799 14.3505246142548 13.2274431129299 12.104361611605 10.9812801102799 9.85819860895503 8.73511710763012 7.61203560630502 7.02042397459365 6.6059689660869 6.19151395758009 5.77705894907335 5.36260394056661 4.9481489320598 4.53369392355305 4.12487430477332 3.73296085517464 3.3410474055759 2.94913395597722 2.55722050637854 2.1653070567798 1.77339360718112 1.38148015758244 1.299080548808 1.31985222030846 1.34062389180893 1.3613955633094 1.38216723480986 1.40293890631032 1.42371057781079 1.47694830563329 1.62758420242198 1.7782200992107 1.9288559959994
18.1837174693746 17.455428739389 16.7271400094036 15.9988512794181 15.2705625494325 15.0836409687999 15.0771751046183 15.0707092404368 15.0642433762552 15.0577775120737 15.0513116478922 15.0448457837106 14.7566235403224 13.6231321593128 12.4896407783035 11.3561493972941 10.2226580162846 9.08916663527521 7.95567525426586 6.82218387325631 6.16855637431168 5.67488350272206 5.18121063113235 4.68753775954274 4.19386488795312 3.70019201636341 3.20651914477379 2.77591602516699 2.53452216150887 2.29312829785071 2.05173443419259 1.81034057053447 1.5689467068763 1.32755284321818 1.08615897956006 1.07789142765107 1.14733264632524 1.21677386499941 1.2862150836736 1.35565630234777 1.42509752102194 1.49453873969612 1.58183880448336 1.72271540760988 1.86359201073643 2.00446861386295
17.3729977435539 16.4236454738514 15.474293204149 14.5249409344465 13.575588664744 13.4369871656102 13.5686359233328 13.7002846810555 13.8319334387781 13.9635821965007 14.0952309542233 14.2268797119459 14.0396409650647 12.8957397043707 11.7518384436769 10.6079371829831 9.46403592228913 8.32013466159533 7.17623340090153 6.03233214020753 5.31668877402963 4.74379803935713 4.17090730468453 3.59801657001203 3.02512583533952 2.45223510066692 1.87934436599442 1.42695774556055 1.336083467843 1.24520919012543 1.15433491240788 1.06346063469032 0.972586356972755 0.881712079255201 0.790837801537648 0.856702306494128 0.974813072342009 1.09292383818989 1.21103460403779 1.32914536988567 1.44725613573355 1.56536690158146 1.68672930333345 1.81784661279779 1.94896392226216 2.0800812317265
16.5622780177332 15.3918622083137 14.2214463988943 13.051030589475 11.8806147800555 11.7903333624205 12.0600967420473 12.3298601216741 12.5996235013009 12.8693868809277 13.1391502605545 13.4089136401813 13.3226583898071 12.1683472494286 11.0140361090504 9.85972496867215 8.7054138282937 7.55110268791545 6.3967915475372 5.24248040715876 4.46482117374759 3.8127125759922 3.16060397823671 2.50849538048132 1.85638678272593 1.20427818497044 0.55216958721505 0.077999465954112 0.137644774177127 0.197290082400153 0.256935390623168 0.316580698846183 0.376226007069208 0.435871315292223 0.495516623515238 0.635513185337182 0.802293498358774 0.969073811380366 1.13585412440199 1.30263443742358 1.46941475044517 1.63619506346679 1.79161980218354 1.9129778179857 2.03433583378789 2.15569384959005
15.7515582919125 14.3600789427761 12.9685995936398 11.5771202445036 10.1856408953671 10.143679559231 10.5515575607619 10.9594355622929 11.3673135638238 11.7751915653548 12.1830695668857 12.5909475684167 12.6056758145495 11.4409547944866 10.2762337744239 9.11151275436123 7.94679173429833 6.78207071423564 5.61734969417294 4.45262867411004 3.61295357346562 2.88162711262735 2.15030065178897 1.4189741909507 0.687647730112441 -0.0436787307259462 -0.775005191564209 -1.27095881365221 -1.06079391948864 -0.850629025325036 -0.640464131161465 -0.430299236997895 -0.220134342834288 -0.0099694486707167 0.200195445492854 0.414324064180256 0.629773924375554 0.845223784570853 1.06067364476619 1.27612350496149 1.49157336515678 1.70702322535212 1.89651030103361 2.0081090231736 2.11970774531361 2.2313064674536
14.9408385660918 13.3282956772384 11.7157527883852 10.103209899532 8.49066701067861 8.49702575604135 9.04301837947643 9.5890110029116 10.1350036263467 10.6809962497817 11.2269888732169 11.772981496652 11.8886932392919 10.7135623395445 9.53843143979739 8.36330054005024 7.1881696403029 6.01303874055576 4.83790784080861 3.66277694106127 2.76108597318357 1.95054164926243 1.13999732534114 0.329453001419996 -0.48109132250115 -1.29163564642243 -2.10217997034358 -2.61991709325866 -2.25923261315452 -1.89854813305031 -1.53786365294617 -1.17717917284204 -0.816494692737834 -0.455810212633695 -0.095125732529555 0.19313494302331 0.457254350392319 0.721373757761328 0.985493165130382 1.24961257249939 1.5137319798684 1.77785138723745 2.0014007998837 2.10324022836151 2.20507965683934 2.30691908531715
