resources/Exp000_Example-Run/Run01_M2/TimeSeries/2000/model_set/frwlt_avg.asc
NCOLS 265 
NROWS 230 
XLLCORNER -115.5625 
YLLCORNER 24.8333333333333 
CELLSIZE 0.0833333333333333 
NODATA_value -9999 
[rows 140 to 159 of 230, columns 132 to 175 of 265]
0.787664115428925 0.782909154891968 0.773487389087677 0.750065386295319 0.726643323898315 0.703221321105957 0.679799258708954 0.656377255916595 0.632955253124237 0.609533190727234 0.589622378349304 0.570881903171539 0.552141487598419 0.533401072025299 0.514660596847534 0.495920151472092 0.477179706096649 0.462414860725403 0.4595767557621 0.456738650798798 0.453900545835495 0.451062440872192 0.44822433590889 0.445386230945587 0.442548125982285 0.444091707468033 0.44709587097168 0.450100034475327 0.453104197978973 0.45610836148262 0.459112524986267 0.462116688489914 0.466319024562836 0.474115937948227 0.481912851333618 0.489709764719009 0.497506707906723 0.505303621292114 0.513100564479828 0.520897448062897 0.508923530578613 0.490359276533127 0.471795052289963 0.453230828046799
0.793505311012268 0.788994610309601 0.780418336391449 0.759645462036133 0.738872587680817 0.7180997133255 0.697326838970184 0.676553964614868 0.655781090259552 0.635008215904236 0.614696979522705 0.59453958272934 0.574382245540619 0.554224908351898 0.534067511558533 0.513910174369812 0.493752807378769 0.477489531040192 0.472908437252045 0.468327343463898 0.463746249675751 0.459165155887604 0.454584062099457 0.450002998113632 0.445421904325485 0.448354959487915 0.453792780637741 0.459230571985245 0.464668363332748 0.470106154680252 0.475543946027756 0.480981737375259 0.486997663974762 0.494748055934906 0.50249844789505 0.510248839855194 0.517999172210693 0.525749564170837 0.533499956130981 0.541250348091125 0.528785347938538 0.509581923484802 0.490378499031067 0.471175074577332
0.799346506595612 0.795080065727234 0.787349283695221 0.769225597381592 0.751101851463318 0.732978105545044 0.71485435962677 0.696730613708496 0.678606927394867 0.660483181476593 0.639771521091461 0.61819726228714 0.596623003482819 0.575048744678497 0.553474426269531 0.53190016746521 0.510325908660889 0.492564171552658 0.486240118741989 0.479916036128998 0.473591953516006 0.467267900705338 0.460943818092346 0.454619765281677 0.448295682668686 0.45261824131012 0.46048966050148 0.468361079692841 0.476232498884201 0.484103947877884 0.491975367069244 0.499846786260605 0.507676303386688 0.515380144119263 0.523083984851837 0.530787825584412 0.538491666316986 0.546195507049561 0.553899347782135 0.56160318851471 0.548647224903107 0.528804540634155 0.508961915969849 0.489119291305542
0.805187702178955 0.801165521144867 0.794280230998993 0.778805673122406 0.763331055641174 0.747856497764587 0.732381880283356 0.716907322406769 0.701432704925537 0.68595814704895 0.664846122264862 0.64185494184494 0.618863761425018 0.595872581005096 0.57288134098053 0.549890160560608 0.526898980140686 0.507638871669769 0.499571800231934 0.491504728794098 0.483437687158585 0.475370615720749 0.467303574085236 0.4592365026474 0.451169461011887 0.456881493330002 0.467186540365219 0.477491617202759 0.487796664237976 0.498101741075516 0.508406758308411 0.518711864948273 0.528354942798615 0.536012291908264 0.543669581413269 0.551326870918274 0.558984160423279 0.566641509532928 0.574298799037933 0.581956088542938 0.568509042263031 0.548027217388153 0.527545392513275 0.507063508033752
0.809565186500549 0.80626916885376 0.800609409809113 0.787858426570892 0.775107502937317 0.762356519699097 0.749605596065521 0.736854612827301 0.724103689193726 0.711352705955505 0.69080263376236 0.667652904987335 0.644503176212311 0.621353447437286 0.598203659057617 0.575053930282593 0.551904201507568 0.531418025493622 0.518922746181488 0.506427466869354 0.493932157754898 0.481436848640442 0.468941569328308 0.456446260213852 0.443950980901718 0.451313734054565 0.465295881032944 0.479278028011322 0.493260145187378 0.507242321968079 0.521224439144135 0.53520655632019 0.547633647918701 0.555395603179932 0.563157498836517 0.570919394493103 0.578681349754333 0.586443245410919 0.59420520067215 0.601967096328735 0.588253974914551 0.567382454872131 0.546510994434357 0.525639474391937
0.812478959560394 0.810390949249268 0.80633670091629 0.796383857727051 0.786431014537811 0.776478230953217 0.766525387763977 0.756572544574738 0.746619701385498 0.736666858196259 0.717641174793243 0.69559121131897 0.673541247844696 0.651491343975067 0.629441380500793 0.60739141702652 0.585341453552246 0.563901782035828 0.544292986392975 0.524684190750122 0.505075395107269 0.485466599464417 0.465857803821564 0.446249008178711 0.426640212535858 0.435914993286133 0.454817652702332 0.47372031211853 0.492622971534729 0.511525630950928 0.530428290367126 0.549330949783325 0.565512359142303 0.573530077934265 0.581547737121582 0.589565455913544 0.597583115100861 0.605600833892822 0.613618493080139 0.621636211872101 0.607881903648376 0.58687037229538 0.565858781337738 0.544847190380096
0.815392732620239 0.814512670040131 0.812063992023468 0.804909288883209 0.79775458574295 0.790599882602692 0.783445179462433 0.776290476322174 0.769135773181915 0.761981010437012 0.744479715824127 0.723529577255249 0.702579379081726 0.681629240512848 0.660679042339325 0.639728844165802 0.618778705596924 0.596385478973389 0.569663226604462 0.54294091463089 0.516218602657318 0.489496320486069 0.462774038314819 0.43605175614357 0.409329444169998 0.4205162525177 0.444339454174042 0.468162626028061 0.49198579788208 0.515808999538422 0.539632201194763 0.56345534324646 0.58339112997055 0.591664552688599 0.599938035011292 0.60821145772934 0.616484940052032 0.624758362770081 0.633031845092773 0.641305267810822 0.627509891986847 0.606358230113983 0.585206568241119 0.564054906368256
0.818306505680084 0.818634450435638 0.81779134273529 0.813434720039368 0.80907815694809 0.804721534252167 0.800364971160889 0.796008348464966 0.791651785373688 0.78729522228241 0.771318256855011 0.751467883586884 0.731617510318756 0.711767137050629 0.691916704177856 0.672066330909729 0.652215957641602 0.628869235515594 0.595033407211304 0.561197638511658 0.527361869812012 0.493526071310043 0.459690272808075 0.425854474306107 0.392018705606461 0.405117511749268 0.43386122584343 0.462604939937592 0.491348624229431 0.520092368125916 0.548836052417755 0.577579736709595 0.601269841194153 0.609799087047577 0.618328273296356 0.62685751914978 0.63538670539856 0.643915951251984 0.652445197105408 0.660974383354187 0.647137880325317 0.625846147537231 0.604554355144501 0.583262622356415
0.821220219135284 0.822756230831146 0.823518633842468 0.821960151195526 0.820401728153229 0.818843245506287 0.817284762859344 0.815726280212402 0.81416779756546 0.812609374523163 0.798156797885895 0.779406189918518 0.760655581951141 0.741905033588409 0.723154425621033 0.704403817653656 0.685653209686279 0.661352932453156 0.62040364742279 0.579454362392426 0.538505077362061 0.497555792331696 0.456606507301331 0.415657222270966 0.374707937240601 0.389718770980835 0.423382997512817 0.4570472240448 0.490711450576782 0.524375677108765 0.558039903640747 0.59170413017273 0.619148552417755 0.62793356180191 0.636718571186066 0.645503520965576 0.654288530349731 0.663073539733887 0.671858489513397 0.680643498897552 0.666765868663788 0.645334005355835 0.623902142047882 0.602470338344574
0.824133992195129 0.826878011226654 0.829245924949646 0.830485582351685 0.831725239753723 0.832964897155762 0.8342045545578 0.835444211959839 0.836683869361877 0.837923526763916 0.824995338916779 0.807344496250153 0.789693713188171 0.77204293012619 0.754392087459564 0.736741304397583 0.719090461730957 0.693836688995361 0.645773887634277 0.597711086273193 0.549648344516754 0.50158554315567 0.453522741794586 0.405459970235825 0.357397168874741 0.374320030212402 0.412904798984528 0.45148953795433 0.490074276924133 0.528659045696259 0.567243814468384 0.605828523635864 0.637027263641357 0.646068036556244 0.65510880947113 0.664149582386017 0.673190295696259 0.682231068611145 0.691271841526031 0.700312614440918 0.686393857002258 0.664821922779083 0.643249988555908 0.621678054332733
0.822958528995514 0.82676899433136 0.830376446247101 0.833374679088593 0.836372971534729 0.839371204376221 0.842369496822357 0.845367729663849 0.848366022109985 0.851364254951477 0.839937567710876 0.8237025141716 0.807467460632324 0.791232407093048 0.774997353553772 0.758762300014496 0.74252724647522 0.718038499355316 0.668788909912109 0.619539260864258 0.570289611816406 0.521040022373199 0.471790373325348 0.422540754079819 0.37329113483429 0.39014345407486 0.429029762744904 0.467916071414948 0.506802380084991 0.545688688755035 0.584574997425079 0.623461306095123 0.654747486114502 0.66323322057724 0.671718955039978 0.680204689502716 0.688690423965454 0.697176158428192 0.70566189289093 0.714147627353668 0.699921607971191 0.678125083446503 0.656328558921814 0.634532034397125
0.817693769931793 0.822429180145264 0.826910078525543 0.83062744140625 0.834344804286957 0.838062167167664 0.84177953004837 0.845496892929077 0.849214255809784 0.852931618690491 0.842983424663544 0.828480124473572 0.813976764678955 0.799473464488983 0.784970104694366 0.77046674489975 0.755963444709778 0.73395848274231 0.689448654651642 0.644938886165619 0.600429058074951 0.555919229984283 0.511409401893616 0.46689960360527 0.422389805316925 0.437189012765884 0.471757918596268 0.506326794624329 0.540895700454712 0.575464606285095 0.610033512115479 0.644602417945862 0.672309100627899 0.679428994655609 0.686548948287964 0.693668842315674 0.700788736343384 0.707908689975739 0.715028584003448 0.722148537635803 0.707349240779877 0.685243606567383 0.663137972354889 0.641032338142395
0.812429010868073 0.818089365959167 0.82344377040863 0.827880203723907 0.832316637039185 0.836753129959106 0.841189563274384 0.845625996589661 0.850062489509583 0.85449892282486 0.846029341220856 0.833257734775543 0.820486128330231 0.807714521884918 0.794942855834961 0.782171249389648 0.769399642944336 0.749878466129303 0.710108458995819 0.670338451862335 0.630568444728851 0.590798437595367 0.551028430461884 0.511258482933044 0.471488445997238 0.484234571456909 0.514486074447632 0.544737577438354 0.574989080429077 0.6052405834198 0.635492086410522 0.665743589401245 0.689870715141296 0.695624828338623 0.70137894153595 0.707133054733276 0.712887108325958 0.718641221523285 0.724395334720612 0.730149447917938 0.714776873588562 0.692362129688263 0.669947385787964 0.64753258228302
0.807164251804352 0.813749551773071 0.819977402687073 0.825132966041565 0.830288529396057 0.835444033145905 0.840599596500397 0.845755159854889 0.850910723209381 0.856066226959229 0.849075198173523 0.838035345077515 0.826995432376862 0.815955579280853 0.8049156665802 0.793875753879547 0.782835900783539 0.765798449516296 0.730768263339996 0.695738077163696 0.660707890987396 0.625677704811096 0.590647518634796 0.555617332458496 0.520587146282196 0.531280159950256 0.557214260101318 0.583148300647736 0.609082400798798 0.63501650094986 0.660950601100922 0.686884701251984 0.707432329654694 0.711820602416992 0.716208934783936 0.720597207546234 0.724985480308533 0.729373753070831 0.733762085437775 0.738150358200073 0.722204506397247 0.699480652809143 0.676756739616394 0.65403288602829
0.801899552345276 0.809409737586975 0.81651109457016 0.822385728359222 0.828260362148285 0.834134995937347 0.84000962972641 0.845884263515472 0.85175895690918 0.857633590698242 0.852121114730835 0.842812955379486 0.833504796028137 0.824196636676788 0.814888417720795 0.805580258369446 0.796272099018097 0.781718373298645 0.751428008079529 0.721137642860413 0.690847277641296 0.66055691242218 0.630266547203064 0.599976181983948 0.569685757160187 0.578325688838959 0.59994238615036 0.621559083461761 0.643175780773163 0.664792478084564 0.686409175395966 0.708025813102722 0.724993944168091 0.728016436100006 0.731038928031921 0.734061360359192 0.737083852291107 0.740106344223022 0.743128776550293 0.746151268482208 0.729632139205933 0.706599175930023 0.683566153049469 0.66053318977356
0.796634793281555 0.805069923400879 0.813044726848602 0.81963849067688 0.826232194900513 0.83282595872879 0.839419662952423 0.846013426780701 0.852607190608978 0.859200894832611 0.855167031288147 0.847590565681458 0.840014100074768 0.832437694072723 0.824861228466034 0.817284762859344 0.8097083568573 0.797638356685638 0.772087812423706 0.746537208557129 0.720986664295197 0.695436120033264 0.669885575771332 0.644335031509399 0.618784427642822 0.625371277332306 0.642670571804047 0.659969806671143 0.677269101142883 0.694568395614624 0.711867690086365 0.729166984558105 0.742555618286133 0.74421226978302 0.745868921279907 0.747525572776794 0.749182224273682 0.750838875770569 0.752495527267456 0.754152178764343 0.737059772014618 0.713717699050903 0.690375566482544 0.667033493518829
0.792366564273834 0.800934970378876 0.809123337268829 0.816171646118164 0.823219895362854 0.830268204212189 0.837316513061523 0.844364821910858 0.851413130760193 0.858461380004883 0.85541158914566 0.848995745182037 0.842579901218414 0.836164057254791 0.829748213291168 0.823332369327545 0.816916465759277 0.806716680526733 0.785164833068848 0.763613045215607 0.742061197757721 0.72050940990448 0.698957562446594 0.677405774593353 0.655853927135468 0.660481810569763 0.67383623123169 0.687190651893616 0.700545012950897 0.713899433612823 0.72725385427475 0.740608274936676 0.750815629959106 0.751581788063049 0.752347946166992 0.753114104270935 0.753880262374878 0.754646420478821 0.755412578582764 0.756178736686707 0.738613665103912 0.714938163757324 0.691262662410736 0.667587161064148
0.789094805717468 0.797004759311676 0.804746866226196 0.811985194683075 0.819223463535309 0.826461791992188 0.833700120449066 0.840938448905945 0.848176777362823 0.855415105819702 0.85285484790802 0.847028493881226 0.841202139854431 0.835375726222992 0.829549372196198 0.823722958564758 0.817896604537964 0.808953285217285 0.790659129619598 0.772365033626556 0.75407087802887 0.735776722431183 0.717482566833496 0.699188411235809 0.680894315242767 0.683657288551331 0.693439364433289 0.703221440315247 0.713003516197205 0.722785592079163 0.732567667961121 0.742349743843079 0.749774038791656 0.750124990940094 0.750476002693176 0.750826954841614 0.751177966594696 0.751528918743134 0.751879870891571 0.752230882644653 0.734293699264526 0.710260570049286 0.686227381229401 0.662194192409515
0.785823106765747 0.793074607849121 0.800370395183563 0.807798743247986 0.815227031707764 0.822655379772186 0.830083727836609 0.837512075901031 0.844940423965454 0.852368772029877 0.850298166275024 0.845061242580414 0.839824318885803 0.834587454795837 0.829350531101227 0.824113607406616 0.81887674331665 0.811189949512482 0.796153426170349 0.781116962432861 0.766080498695374 0.751044034957886 0.736007571220398 0.72097110748291 0.705934643745422 0.706832826137543 0.713042557239532 0.719252288341522 0.725462019443512 0.731671750545502 0.737881481647491 0.744091212749481 0.748732447624207 0.748668253421783 0.74860405921936 0.748539865016937 0.748475611209869 0.748411417007446 0.748347222805023 0.7482830286026 0.729973793029785 0.705582976341248 0.681192100048065 0.656801283359528
0.782551348209381 0.789144456386566 0.79599392414093 0.803612291812897 0.811230599880219 0.818848967552185 0.826467335224152 0.834085702896118 0.841704070568085 0.849322438240051 0.847741425037384 0.843093991279602 0.83844655752182 0.833799123764038 0.829151690006256 0.824504256248474 0.819856822490692 0.813426554203033 0.801647782325745 0.789868950843811 0.778090178966522 0.766311407089233 0.7545325756073 0.742753803730011 0.730974972248077 0.730008363723755 0.732645750045776 0.735283136367798 0.737920522689819 0.740557909011841 0.743195295333862 0.745832681655884 0.747690916061401 0.747211515903473 0.746732115745544 0.746252715587616 0.745773315429688 0.745293915271759 0.744814515113831 0.744335114955902 0.725653886795044 0.700905382633209 0.676156878471375 0.651408314704895
