resources/Exp000_Example-Run/Run01_M2/TimeSeries/2000/model_set/frwlt_avg.asc
NCOLS 265 
NROWS 230 
XLLCORNER -115.5625 
YLLCORNER 24.8333333333333 
CELLSIZE 0.0833333333333333 
NODATA_value -9999 
[rows 200 to 219 of 230, columns 176 to 219 of 265]
0.733036398887634 0.711266279220581 0.689496099948883 0.670277535915375 0.658713698387146 0.647149920463562 0.635586082935333 0.624022305011749 0.61245846748352 0.600894629955292 0.589330852031708 0.584287464618683 0.581417560577393 0.578547656536102 0.575677752494812 0.572807848453522 0.569937944412231 0.567068040370941 0.563041746616364 0.555546343326569 0.548050940036774 0.540555536746979 0.533060133457184 0.525564670562744 0.518069267272949 0.510573863983154 0.507554233074188 0.506026566028595 0.504498898983002 0.502971231937408 0.501443564891815 0.4999158680439 0.498388171195984 0.490131795406342 0.46168926358223 0.43324676156044 0.404804229736328 0.376361697912216 0.347919195890427 0.319476664066315 -9999 -9999 0.39363306760788 -9999
0.7410449385643 0.719014942646027 0.696984946727753 0.677049219608307 0.66339647769928 0.649743735790253 0.636090993881226 0.622438251972198 0.608785450458527 0.5951327085495 0.581479966640472 0.576595902442932 0.574634671211243 0.572673499584198 0.570712268352509 0.568751096725464 0.566789865493774 0.564828634262085 0.560593128204346 0.549534618854523 0.5384761095047 0.527417600154877 0.516359090805054 0.505300581455231 0.494242072105408 0.483183562755585 0.480563402175903 0.480756014585495 0.480948626995087 0.481141209602356 0.481333822011948 0.481526434421539 0.481719046831131 0.47394123673439 0.442252218723297 0.410563200712204 0.378874182701111 0.347185134887695 0.315496116876602 0.283807098865509 0.252118080854416 -9999 -9999 -9999
0.749053478240967 0.726763606071472 0.704473733901978 0.683820962905884 0.668079257011414 0.652337551116943 0.636595845222473 0.620854198932648 0.605112493038177 0.589370787143707 0.573629081249237 0.568904280662537 0.567851781845093 0.566799283027649 0.565746784210205 0.564694285392761 0.563641786575317 0.562589287757874 0.558144509792328 0.543522894382477 0.528901278972626 0.514279723167419 0.499658107757568 0.485036492347717 0.470414876937866 0.455793291330338 0.453572541475296 0.455485433340073 0.457398325204849 0.459311217069626 0.461224138736725 0.463137030601501 0.465049922466278 0.457750707864761 0.422815173864365 0.387879639863968 0.352944105863571 0.318008571863174 0.2830730676651 0.248137518763542 0.213201999664307 0.262616753578186 -9999 -9999
0.757062017917633 0.734512269496918 0.711962580680847 0.690592646598816 0.672762036323547 0.654931366443634 0.637100756168365 0.619270145893097 0.601439476013184 0.583608865737915 0.565778255462646 0.561212718486786 0.561068952083588 0.560925126075745 0.560781300067902 0.560637533664703 0.56049370765686 0.560349941253662 0.55569589138031 0.537511169910431 0.519326508045197 0.501141786575317 0.482957094907761 0.464772403240204 0.446587681770325 0.428402990102768 0.426581710577011 0.430214881896973 0.433848053216934 0.437481224536896 0.44111442565918 0.444747596979141 0.448380768299103 0.44156014919281 0.403378129005432 0.365196079015732 0.327014058828354 0.288832008838654 0.250649988651276 0.212467953562737 0.174285918474197 0.228454187512398 0.313405901193619 -9999
0.758767008781433 0.735581636428833 0.712396264076233 0.690342843532562 0.671685457229614 0.653028011322021 0.634370565414429 0.615713119506836 0.597055673599243 0.57839822769165 0.559740781784058 0.556149542331696 0.557580292224884 0.559011042118073 0.560441792011261 0.561872541904449 0.563303351402283 0.564734101295471 0.560788452625275 0.540713667869568 0.520638823509216 0.50056403875351 0.48048922419548 0.460414409637451 0.440339595079422 0.420264780521393 0.417691141366959 0.420951217412949 0.424211293458939 0.427471399307251 0.430731475353241 0.433991551399231 0.437251627445221 0.430295437574387 0.39269033074379 0.355085223913193 0.317480146884918 0.279875040054321 0.242269948124886 0.20466485619545 0.167059749364853 0.217944175004959 0.299919039011002 -9999
0.754168391227722 0.729971587657928 0.705774784088135 0.683071613311768 0.664849519729614 0.646627366542816 0.628405272960663 0.610183119773865 0.591961026191711 0.573738932609558 0.55551677942276 0.553714692592621 0.557385861873627 0.561057031154633 0.564728260040283 0.568399429321289 0.57207065820694 0.575741827487946 0.573422253131866 0.553130269050598 0.532838344573975 0.512546420097351 0.492254465818405 0.471962541341782 0.451670587062836 0.431378662586212 0.426900863647461 0.427694469690323 0.428488075733185 0.429281681776047 0.430075287818909 0.430868893861771 0.43166247010231 0.423956513404846 0.390751779079437 0.357547074556351 0.324342370033264 0.291137635707855 0.257932931184769 0.224728226661682 0.191523507237434 0.231423690915108 0.299673408269882 -9999
0.749569833278656 0.724361538887024 0.699153244495392 0.675800323486328 0.658013582229614 0.640226781368256 0.622439980506897 0.604653179645538 0.58686637878418 0.569079577922821 0.551292777061462 0.551279842853546 0.557191431522369 0.563103079795837 0.569014668464661 0.574926316738129 0.580837905406952 0.58674955368042 0.586055994033813 0.565546929836273 0.545037865638733 0.524528801441193 0.504019737243652 0.483510673046112 0.463001608848572 0.442492544651031 0.436110615730286 0.434437721967697 0.432764858007431 0.431091964244843 0.429419100284576 0.427746206521988 0.426073312759399 0.417617589235306 0.388813257217407 0.360008925199509 0.33120459318161 0.302400261163712 0.273595929145813 0.244791597127914 0.215987265110016 -9999 0.299406588077545 -9999
0.74497127532959 0.718751490116119 0.692531764507294 0.668529093265533 0.651177644729614 0.63382613658905 0.616474688053131 0.599123179912567 0.581771731376648 0.564420282840729 0.547068774700165 0.548844933509827 0.556997001171112 0.565149068832397 0.573301136493683 0.581453204154968 0.589605212211609 0.597757279872894 0.598689794540405 0.577963590621948 0.557237386703491 0.536511182785034 0.515784978866577 0.495058804750443 0.474332600831985 0.453606426715851 0.445320338010788 0.441180974245071 0.437041610479355 0.432902246713638 0.428762882947922 0.424623519182205 0.420484155416489 0.411278665065765 0.386874705553055 0.362470746040344 0.338066816329956 0.313662856817245 0.289258897304535 0.264854967594147 0.240451008081436 0.25981417298317 -9999 -9999
0.740372657775879 0.71314150094986 0.685910284519196 0.661257863044739 0.644341707229614 0.62742555141449 0.610509395599365 0.593593239784241 0.576677083969116 0.559760928153992 0.542844772338867 0.546410083770752 0.556802570819855 0.567195057868958 0.57758754491806 0.587980031967163 0.598372519016266 0.608765006065369 0.611323535442352 0.590380191802979 0.56943690776825 0.548493564128876 0.527550280094147 0.506606936454773 0.485663622617722 0.46472030878067 0.454530090093613 0.447924226522446 0.441318392753601 0.434712558984756 0.42810669541359 0.421500861644745 0.4148950278759 0.404939740896225 0.384936183691025 0.364932596683502 0.344929039478302 0.324925482273102 0.304921895265579 0.284918338060379 0.264914751052856 0.274776726961136 0.29879754781723 -9999
0.735774099826813 0.707531452178955 0.679288804531097 0.653986573219299 0.637505769729614 0.621024906635284 0.604544103145599 0.58806324005127 0.571582436561584 0.555101633071899 0.53862076997757 0.543975234031677 0.556608200073242 0.569241106510162 0.581874012947083 0.594506919384003 0.607139825820923 0.619772732257843 0.623957335948944 0.602796852588654 0.581636428833008 0.560475945472717 0.539315521717072 0.518155097961426 0.496994614601135 0.475834161043167 0.463739812374115 0.45466747879982 0.445595175027847 0.436522841453552 0.427450507879257 0.418378174304962 0.40930587053299 0.398600816726685 0.382997632026672 0.36739444732666 0.351791262626648 0.336188077926636 0.320584893226624 0.304981708526611 0.289378523826599 0.290288388729095 0.298447817564011 0.309611558914185
0.739191293716431 0.711481273174286 0.683771252632141 0.658804357051849 0.642066895961761 0.625329434871674 0.608591914176941 0.591854453086853 0.575116991996765 0.558379530906677 0.541642010211945 0.54653799533844 0.558645129203796 0.570752322673798 0.582859456539154 0.59496659040451 0.607073724269867 0.619180858135223 0.623570322990417 0.604806840419769 0.586043298244476 0.567279815673828 0.548516273498535 0.529752731323242 0.510989248752594 0.492225736379623 0.479725539684296 0.469313114881516 0.458900690078735 0.448488265275955 0.438075840473175 0.427663415670395 0.417250990867615 0.406572431325912 0.395095527172089 0.383618593215942 0.372141689062119 0.360664784908295 0.349187850952148 0.337710946798325 0.326234012842178 0.322268575429916 0.32040923833847 0.317865282297134
0.750624299049377 0.724991023540497 0.699357688426971 0.675711214542389 0.658025085926056 0.640339016914368 0.622652888298035 0.604966819286346 0.587280750274658 0.569594621658325 0.551908552646637 0.55409836769104 0.562913537025452 0.571728706359863 0.580543875694275 0.589359045028687 0.598174214363098 0.60698938369751 0.610162615776062 0.596410095691681 0.5826575756073 0.568905055522919 0.555152535438538 0.541400015354156 0.527647495269775 0.513894975185394 0.502487242221832 0.491861075162888 0.481234937906265 0.470608800649643 0.459982663393021 0.449356526136398 0.438730388879776 0.428854614496231 0.421229839324951 0.413605093955994 0.405980318784714 0.398355573415756 0.390730798244476 0.383106052875519 0.375481277704239 0.368988633155823 0.36157613992691 0.352118819952011
0.762057304382324 0.738500714302063 0.714944183826447 0.692618072032928 0.673983335494995 0.655348598957062 0.636713922023773 0.61807918548584 0.599444448947906 0.580809772014618 0.562175035476685 0.56165874004364 0.567181944847107 0.572705149650574 0.578228294849396 0.583751499652863 0.589274704456329 0.594797909259796 0.596754908561707 0.588013350963593 0.579271852970123 0.570530295372009 0.56178879737854 0.553047239780426 0.544305741786957 0.535564184188843 0.525248944759369 0.514409065246582 0.50356924533844 0.492729365825653 0.481889516115189 0.471049666404724 0.46020981669426 0.451136767864227 0.447364181280136 0.443591564893723 0.439818948507309 0.436046361923218 0.432273745536804 0.428501158952713 0.424728542566299 0.414054870605469 0.399036705493927 0.381046712398529
0.773490309715271 0.752010464668274 0.730530619621277 0.709524869918823 0.68994152545929 0.670358240604401 0.650774896144867 0.631191551685333 0.6116082072258 0.592024862766266 0.572441518306732 0.56921911239624 0.571450352668762 0.573681533336639 0.575912773609161 0.578143954277039 0.58037519454956 0.582606375217438 0.583347201347351 0.579616665840149 0.575886130332947 0.572155594825745 0.568425059318542 0.56469452381134 0.560963988304138 0.557233452796936 0.548010587692261 0.536957025527954 0.525903463363647 0.514849901199341 0.503796339035034 0.492742776870728 0.481689214706421 0.473418921232224 0.473498493432999 0.473578035831451 0.473657608032227 0.473737150430679 0.473816692829132 0.473896265029907 0.47397580742836 0.457553595304489 0.433269888162613 0.40580141544342
0.784923315048218 0.76552015542984 0.746117055416107 0.726431727409363 0.705899775028229 0.685367822647095 0.664835870265961 0.644303917884827 0.623771965503693 0.603240013122559 0.582708060741425 0.57677948474884 0.575718700885773 0.57465797662735 0.573597192764282 0.572536408901215 0.571475684642792 0.570414900779724 0.569939434528351 0.57121992111206 0.572500348091125 0.573780834674835 0.5750612616539 0.57634174823761 0.577622175216675 0.578902661800385 0.570772290229797 0.559505045413971 0.5482377409935 0.536970496177673 0.525703191757202 0.514435887336731 0.503168642520905 0.495701104402542 0.499632805585861 0.503564536571503 0.507496237754822 0.511427938938141 0.51535964012146 0.519291341304779 0.523223102092743 0.499565184116364 0.464675545692444 0.427225202322006
0.79635626077652 0.779029905796051 0.761703491210938 0.743338584899902 0.721857964992523 0.700377404689789 0.678896844387054 0.65741628408432 0.635935664176941 0.614455103874207 0.592974543571472 0.58433985710144 0.579987108707428 0.575634360313416 0.571281611919403 0.566928923130035 0.562576174736023 0.55822342634201 0.556531727313995 0.562823176383972 0.569114625453949 0.575406074523926 0.581697523593903 0.587988972663879 0.594280421733856 0.600571870803833 0.593533992767334 0.582053005695343 0.570572018623352 0.559091031551361 0.54761004447937 0.536129057407379 0.524648070335388 0.517983257770538 0.525767147541046 0.533550977706909 0.541334867477417 0.549118757247925 0.556902587413788 0.564686477184296 0.572470366954803 0.540164649486542 0.493590116500854 0.445948004722595
0.802416086196899 0.78606766462326 0.769719302654266 0.751987516880035 0.730105459690094 0.708223402500153 0.686341345310211 0.66445928812027 0.642577230930328 0.620695173740387 0.598813116550446 0.588490784168243 0.582021772861481 0.575552701950073 0.56908369064331 0.562614679336548 0.55614560842514 0.549676597118378 0.547188639640808 0.556644022464752 0.566099405288696 0.575554728507996 0.58501011133194 0.594465494155884 0.603920817375183 0.613376200199127 0.608029305934906 0.597748339176178 0.58746737241745 0.577186405658722 0.566905438899994 0.556624412536621 0.546343445777893 0.540779650211334 0.549367368221283 0.557955086231232 0.56654280424118 0.575130522251129 0.583718240261078 0.592305958271027 0.600893676280975 0.564527094364166 0.513175785541534 0.461824476718903
0.803102672100067 0.786633551120758 0.770164489746094 0.752378582954407 0.730642139911652 0.708905756473541 0.687169313430786 0.665432929992676 0.643696486949921 0.62196010351181 0.6002237200737 0.589232325553894 0.581822693347931 0.574413061141968 0.56700336933136 0.559593737125397 0.552184104919434 0.544774413108826 0.541910231113434 0.552682399749756 0.563454627990723 0.574226796627045 0.584999024868011 0.595771193504333 0.606543362140656 0.617315590381622 0.614258229732513 0.606590986251831 0.598923802375793 0.591256558895111 0.583589315414429 0.575922131538391 0.568254888057709 0.564090311527252 0.570433557033539 0.576776802539825 0.583120048046112 0.589463293552399 0.59580659866333 0.602149844169617 0.608493089675903 0.573667645454407 0.525119245052338 0.476570904254913
0.80378919839859 0.787199437618256 0.770609617233276 0.752769589424133 0.731178879737854 0.70958811044693 0.687997341156006 0.666406571865082 0.644815802574158 0.623225092887878 0.601634323596954 0.58997392654419 0.581623613834381 0.573273360729218 0.564923107624054 0.556572794914246 0.548222541809082 0.539872288703918 0.53663182258606 0.548720836639404 0.560809850692749 0.572898864746094 0.584987878799438 0.597076892852783 0.609165906906128 0.621254920959473 0.620487093925476 0.615433633327484 0.610380172729492 0.6053267121315 0.600273251533508 0.595219790935516 0.590166330337524 0.58740097284317 0.591499745845795 0.595598518848419 0.599697291851044 0.603796124458313 0.607894897460938 0.611993670463562 0.616092503070831 0.582808136940002 0.537062704563141 0.491317331790924
0.804475784301758 0.787765324115753 0.771054804325104 0.753160655498505 0.731715559959412 0.710270464420319 0.688825368881226 0.667380213737488 0.645935118198395 0.624490022659302 0.603044927120209 0.59071546792984 0.581424593925476 0.572133660316467 0.562842786312103 0.553551912307739 0.54426097869873 0.534970104694366 0.53135335445404 0.544759213924408 0.558165073394775 0.571570932865143 0.58497679233551 0.598382651805878 0.6117884516716 0.625194311141968 0.626716017723083 0.624276340007782 0.621836602687836 0.619396924972534 0.616957187652588 0.614517509937286 0.61207777261734 0.610711574554443 0.61256593465805 0.614420235157013 0.61627459526062 0.618128895759583 0.619983196258545 0.621837556362152 0.623691856861115 0.591948628425598 0.549006223678589 0.506063759326935
