resources/Exp000_Example-Run/Run01_M2/TimeSeries/2000/model_set/frwlt_avg.asc
NCOLS 265 
NROWS 230 
XLLCORNER -115.5625 
YLLCORNER 24.8333333333333 
CELLSIZE 0.0833333333333333 
NODATA_value -9999 
[rows 160 to 179 of 230, columns 44 to 87 of 265]
0.922523200511932 0.917622685432434 0.912722170352936 0.907821655273438 0.902921140193939 0.898020625114441 0.893120110034943 0.888219594955444 0.88174158334732 0.874737739562988 0.867733955383301 0.860730171203613 0.853726327419281 0.846722543239594 0.839718699455261 0.83257520198822 0.825012624263763 0.817449986934662 0.809887409210205 0.802324771881104 0.794762194156647 0.787199556827545 0.779636979103088 0.778719246387482 0.780016541481018 0.78131377696991 0.782611072063446 0.783908367156982 0.785205602645874 0.78650289773941 0.786295592784882 0.781574606895447 0.776853621006012 0.772132635116577 0.767411649227142 0.762690603733063 0.757969617843628 0.753248631954193 0.760784804821014 0.772406697273254 0.78402853012085 0.79565042257309 0.807272255420685 0.818894147872925
0.926380932331085 0.922268807888031 0.918156683444977 0.914044618606567 0.909932494163513 0.905820369720459 0.901708245277405 0.897596180438995 0.891009390354156 0.883597791194916 0.876186192035675 0.868774592876434 0.861362934112549 0.853951334953308 0.846539735794067 0.838900089263916 0.830576300621033 0.822252571582794 0.813928842544556 0.805605113506317 0.797281324863434 0.788957595825195 0.780633866786957 0.778231501579285 0.77780294418335 0.777374386787415 0.776945769786835 0.7765172123909 0.776088654994965 0.77566009759903 0.773805856704712 0.767674624919891 0.761543393135071 0.75541216135025 0.74928092956543 0.743149697780609 0.737018465995789 0.730887293815613 0.738957166671753 0.75176078081131 0.764564394950867 0.777368009090424 0.79017162322998 0.802975237369537
0.927728712558746 0.924079596996307 0.920430421829224 0.916781306266785 0.913132131099701 0.909482955932617 0.905833840370178 0.902184665203094 0.896031320095062 0.889043211936951 0.882055103778839 0.875067055225372 0.868078947067261 0.861090838909149 0.854102730751038 0.846692025661469 0.838013470172882 0.829334914684296 0.820656359195709 0.811977803707123 0.803299248218536 0.79462069272995 0.785942137241364 0.78258740901947 0.781007349491119 0.779427289962769 0.777847230434418 0.776267170906067 0.774687111377716 0.773107051849365 0.770097017288208 0.762796938419342 0.755496919155121 0.7481968998909 0.740896880626678 0.733596861362457 0.726296842098236 0.718996822834015 0.726252019405365 0.738359034061432 0.750466048717499 0.762573003768921 0.774680018424988 0.786787033081055
0.92656660079956 0.923054933547974 0.919543325901031 0.916031718254089 0.912520051002502 0.90900844335556 0.905496776103973 0.901985168457031 0.896807312965393 0.891074061393738 0.885340809822083 0.879607558250427 0.873874306678772 0.868141055107117 0.862407803535461 0.855951070785522 0.847324013710022 0.838696956634521 0.830069899559021 0.82144284248352 0.81281578540802 0.80418872833252 0.795561671257019 0.791787028312683 0.789629817008972 0.787472605705261 0.78531539440155 0.783158183097839 0.781000971794128 0.778843760490417 0.775169014930725 0.766941606998444 0.758714199066162 0.750486850738525 0.742259442806244 0.734032034873962 0.725804626941681 0.717577219009399 0.722669422626495 0.732201397418976 0.741733431816101 0.751265466213226 0.760797441005707 0.770329475402832
0.925404489040375 0.922030329704285 0.918656229972839 0.915282130241394 0.911907970905304 0.908533871173859 0.905159771442413 0.901785612106323 0.897583305835724 0.893104910850525 0.888626456260681 0.884148061275482 0.879669666290283 0.875191271305084 0.87071281671524 0.865210115909576 0.856634616851807 0.848059058189392 0.839483499526978 0.830907940864563 0.822332382202148 0.813756823539734 0.805181264877319 0.800986647605896 0.798252284526825 0.795517921447754 0.792783558368683 0.790049195289612 0.787314832210541 0.784580528736115 0.780241072177887 0.771086275577545 0.761931478977203 0.752776741981506 0.743621945381165 0.734467208385468 0.725312411785126 0.716157674789429 0.719086766242981 0.726043820381165 0.733000814914703 0.739957869052887 0.74691492319107 0.753871977329254
0.924242317676544 0.921005725860596 0.917769134044647 0.914532542228699 0.911295890808105 0.908059298992157 0.904822707176208 0.90158611536026 0.898359298706055 0.895135700702667 0.891912162303925 0.888688564300537 0.885465025901794 0.882241427898407 0.879017889499664 0.874469220638275 0.865945160388947 0.857421100139618 0.848897039890289 0.840373039245605 0.831848978996277 0.823324918746948 0.81480085849762 0.810186266899109 0.806874752044678 0.803563237190247 0.800251722335815 0.796940267086029 0.793628752231598 0.790317237377167 0.785313069820404 0.775230944156647 0.765148818492889 0.755066633224487 0.74498450756073 0.734902381896973 0.724820256233215 0.714738130569458 0.715504109859467 0.719886183738708 0.72426825761795 0.728650331497192 0.733032405376434 0.737414419651031
0.923080205917358 0.919981122016907 0.916882038116455 0.913782954216003 0.910683870315552 0.9075847864151 0.904485702514648 0.901386618614197 0.899135291576385 0.897166550159454 0.895197808742523 0.893229126930237 0.891260385513306 0.889291644096375 0.887322962284088 0.883728265762329 0.875255703926086 0.866783201694489 0.858310639858246 0.849838078022003 0.841365575790405 0.832893013954163 0.82442045211792 0.819385826587677 0.81549721956253 0.811608552932739 0.807719886302948 0.803831279277802 0.79994261264801 0.796053946018219 0.790385127067566 0.779375612735748 0.768366098403931 0.757356584072113 0.746347069740295 0.735337555408478 0.72432804107666 0.713318526744843 0.711921453475952 0.713728547096252 0.715535640716553 0.717342734336853 0.719149827957153 0.720956921577454
0.921918034553528 0.918956458568573 0.915994942188263 0.913033366203308 0.910071790218353 0.907110214233398 0.904148638248444 0.901187062263489 0.899911284446716 0.899197399616241 0.898483514785767 0.897769629955292 0.897055745124817 0.896341860294342 0.895627975463867 0.892987310886383 0.884566307067871 0.876145243644714 0.867724180221558 0.859303176403046 0.850882112979889 0.842461109161377 0.83404004573822 0.82858544588089 0.824119687080383 0.819653868675232 0.815188050270081 0.810722291469574 0.806256473064423 0.801790714263916 0.795457124710083 0.783520221710205 0.771583378314972 0.759646475315094 0.747709631919861 0.735772728919983 0.723835825920105 0.711898982524872 0.708338856697083 0.707570970058441 0.7068030834198 0.706035196781158 0.705267310142517 0.704499423503876
0.920878291130066 0.917793333530426 0.914708316326141 0.911623358726501 0.908538401126862 0.905453443527222 0.902368426322937 0.899283468723297 0.898733258247375 0.89902800321579 0.899322688579559 0.899617433547974 0.899912118911743 0.900206863880157 0.900501549243927 0.898702621459961 0.890622556209564 0.882542550563812 0.874462485313416 0.866382479667664 0.858302414417267 0.850222408771515 0.842142403125763 0.836619973182678 0.831950187683105 0.827280342578888 0.82261049747467 0.817940711975098 0.81327086687088 0.808601021766663 0.802074491977692 0.789977848529816 0.777881145477295 0.765784502029419 0.753687798976898 0.741591095924377 0.729494452476501 0.717397749423981 0.711433231830597 0.707512736320496 0.70359218120575 0.699671685695648 0.695751190185547 0.691830694675446
0.919960856437683 0.916491568088531 0.91302227973938 0.909552991390228 0.906083703041077 0.902614414691925 0.899145126342773 0.895675837993622 0.895601272583008 0.896658360958099 0.897715449333191 0.898772478103638 0.899829566478729 0.900886654853821 0.901943683624268 0.900874137878418 0.893424570560455 0.885975062847137 0.878525495529175 0.871075987815857 0.863626480102539 0.856176912784576 0.848727405071259 0.843489468097687 0.838988721370697 0.834487974643707 0.829987227916718 0.825486540794373 0.820985794067383 0.816485047340393 0.810237288475037 0.79874837398529 0.787259459495544 0.775770545005798 0.764281630516052 0.752792716026306 0.74130380153656 0.729814887046814 0.721204578876495 0.713553845882416 0.705903053283691 0.698252260684967 0.690601527690887 0.682950735092163
0.919043481349945 0.915189862251282 0.911336243152618 0.907482624053955 0.903629004955292 0.899775385856628 0.895921766757965 0.892068147659302 0.892469346523285 0.894288718700409 0.896108150482178 0.897927582263947 0.899747014045715 0.901566386222839 0.903385818004608 0.903045654296875 0.896226584911346 0.889407575130463 0.882588565349579 0.87576949596405 0.868950486183167 0.862131476402283 0.855312407016754 0.85035890340805 0.846027255058289 0.841695606708527 0.837363958358765 0.833032310009003 0.828700661659241 0.824369013309479 0.818400025367737 0.807518839836121 0.796637713909149 0.785756587982178 0.774875462055206 0.763994336128235 0.753113150596619 0.742232024669647 0.730975985527039 0.719594955444336 0.708213925361633 0.696832895278931 0.685451865196228 0.674070775508881
0.918126046657562 0.913888096809387 0.909650206565857 0.905412256717682 0.901174306869507 0.896936357021332 0.892698466777802 0.888460516929626 0.889337360858917 0.891919136047363 0.894500911235809 0.897082686424255 0.899664402008057 0.902246177196503 0.904827952384949 0.905217170715332 0.899028599262238 0.892840087413788 0.886651575565338 0.880463004112244 0.874274492263794 0.868085980415344 0.86189740896225 0.857228398323059 0.853065848350525 0.848903238773346 0.844740688800812 0.840578138828278 0.836415588855743 0.832253038883209 0.826562762260437 0.816289365291595 0.806016027927399 0.795742630958557 0.78546929359436 0.775195896625519 0.764922559261322 0.75464916229248 0.740747332572937 0.725636065006256 0.71052473783493 0.69541347026825 0.680302143096924 0.665190875530243
0.91720861196518 0.912586390972137 0.907964110374451 0.903341889381409 0.898719608783722 0.89409738779068 0.889475107192993 0.884852886199951 0.88620537519455 0.889549493789673 0.892893612384796 0.896237730979919 0.899581849575043 0.902925968170166 0.906270086765289 0.907388687133789 0.901830613613129 0.896272599697113 0.890714585781097 0.885156571865082 0.879598498344421 0.874040484428406 0.86848247051239 0.864097833633423 0.860104382038116 0.856110870838165 0.852117419242859 0.848123967647552 0.844130456447601 0.840137004852295 0.834725499153137 0.82505989074707 0.815394282341003 0.805728733539581 0.796063125133514 0.786397516727448 0.776731908321381 0.767066299915314 0.75051873922348 0.731677174568176 0.712835609912872 0.693994045257568 0.675152480602264 0.65631091594696
0.916291236877441 0.911284625530243 0.906278073787689 0.901271522045135 0.896264910697937 0.891258358955383 0.88625180721283 0.881245195865631 0.883073389530182 0.887179911136627 0.891286373138428 0.895392835140228 0.899499297142029 0.903605759143829 0.90771222114563 0.909560203552246 0.90463262796402 0.899705111980438 0.894777595996857 0.889850080013275 0.884922564029694 0.879994988441467 0.875067472457886 0.870967328548431 0.867142915725708 0.863318562507629 0.859494149684906 0.855669736862183 0.851845383644104 0.848020970821381 0.842888236045837 0.833830416202545 0.824772596359253 0.815714776515961 0.806656956672668 0.797599077224731 0.788541257381439 0.779483437538147 0.760290145874023 0.737718284130096 0.715146481990814 0.692574620246887 0.670002818107605 0.647431015968323
0.918080389499664 0.912359595298767 0.90663880109787 0.900918066501617 0.89519727230072 0.889476478099823 0.883755683898926 0.878034949302673 0.879689931869507 0.883803606033325 0.887917280197144 0.892030894756317 0.896144568920135 0.900258183479309 0.904371857643127 0.906291782855988 0.901630520820618 0.896969258785248 0.892308056354523 0.887646794319153 0.882985591888428 0.878324329853058 0.873663067817688 0.869859576225281 0.866342067718506 0.862824499607086 0.859306931495667 0.855789363384247 0.852271795272827 0.848754227161407 0.843853950500488 0.83480554819107 0.825757086277008 0.81670868396759 0.807660222053528 0.79861181974411 0.789563357830048 0.78051495552063 0.759831666946411 0.735270082950592 0.710708558559418 0.686147034168243 0.661585450172424 0.63702392578125
0.922576129436493 0.915811240673065 0.909046411514282 0.902281522750854 0.895516633987427 0.888751745223999 0.881986856460571 0.875221967697144 0.876055002212524 0.879420697689056 0.882786333560944 0.886151969432831 0.889517664909363 0.89288330078125 0.896248936653137 0.897583425045013 0.892824232578278 0.888065099716187 0.883305907249451 0.87854677438736 0.873787581920624 0.869028449058533 0.864269256591797 0.86077469587326 0.85770171880722 0.85462874174118 0.851555705070496 0.848482728004456 0.845409750938416 0.842336714267731 0.83762264251709 0.827985227108002 0.818347811698914 0.808710396289825 0.799072980880737 0.789435565471649 0.779798209667206 0.770160794258118 0.749143362045288 0.724332630634308 0.699521899223328 0.674711167812347 0.649900376796722 0.625089645385742
0.927071928977966 0.919262945652008 0.91145396232605 0.903644979000092 0.895835995674133 0.888027012348175 0.880218029022217 0.872409045696259 0.872420072555542 0.875037729740143 0.877655386924744 0.880273103713989 0.88289076089859 0.885508418083191 0.888126075267792 0.888875067234039 0.884018003940582 0.87916088104248 0.874303817749023 0.869446694850922 0.864589631557465 0.859732508659363 0.854875445365906 0.851689875125885 0.84906142950058 0.846432983875275 0.84380453824997 0.841176092624664 0.838547646999359 0.835919201374054 0.831391274929047 0.821164906024933 0.810938537120819 0.800712168216705 0.790485739707947 0.780259370803833 0.770033001899719 0.759806632995605 0.738455057144165 0.713395118713379 0.688335180282593 0.663275301456451 0.638215363025665 0.613155424594879
0.931567668914795 0.922714591026306 0.913861513137817 0.905008435249329 0.89615535736084 0.887302279472351 0.878449201583862 0.869596123695374 0.86878514289856 0.870654821395874 0.872524499893188 0.874394178390503 0.876263856887817 0.878133535385132 0.880003213882446 0.880166709423065 0.875211715698242 0.870256662368774 0.865301668643951 0.860346674919128 0.855391681194305 0.850436627864838 0.845481634140015 0.842604994773865 0.840421080589294 0.838237226009369 0.836053371429443 0.833869457244873 0.831685602664948 0.829501748085022 0.825159966945648 0.814344584941864 0.803529262542725 0.79271388053894 0.781898558139801 0.771083176136017 0.760267794132233 0.749452471733093 0.727766752243042 0.702457666397095 0.677148520946503 0.651839435100555 0.626530289649963 0.601221144199371
0.936063408851624 0.926166236400604 0.916269063949585 0.906371891498566 0.896474719047546 0.886577546596527 0.876680374145508 0.866783201694489 0.865150213241577 0.86627185344696 0.867393553256989 0.868515253067017 0.869636952877045 0.870758652687073 0.871880352497101 0.871458351612091 0.866405427455902 0.861352503299713 0.856299579143524 0.85124659538269 0.846193671226501 0.841140747070312 0.836087822914124 0.833520114421844 0.831780791282654 0.830041468143463 0.828302145004272 0.826562821865082 0.824823498725891 0.823084235191345 0.81892865896225 0.80752432346344 0.79611998796463 0.78471565246582 0.77331131696701 0.761906981468201 0.750502645969391 0.739098310470581 0.717078506946564 0.691520154476166 0.665961861610413 0.640403568744659 0.614845216274261 0.589286923408508
0.940559148788452 0.929617881774902 0.918676614761353 0.907735347747803 0.896794080734253 0.885852813720703 0.874911546707153 0.863970279693604 0.86151522397995 0.861888945102692 0.862262666225433 0.86263632774353 0.863010048866272 0.863383769989014 0.863757431507111 0.862749993801117 0.857599139213562 0.852448284626007 0.847297430038452 0.842146575450897 0.836995720863342 0.831844866275787 0.826694011688232 0.824435234069824 0.823140442371368 0.821845710277557 0.820550978183746 0.81925618648529 0.81796145439148 0.816666722297668 0.812697291374207 0.800704002380371 0.788710713386536 0.776717364788055 0.76472407579422 0.752730786800385 0.740737438201904 0.728744149208069 0.706390202045441 0.680582702159882 0.654775202274323 0.628967702388763 0.60316014289856 0.577352643013
