resources/Exp000_Example-Run/Run01_M2/TimeSeries/2000/model_set/frwlt_avg.asc
NCOLS 265 
NROWS 230 
XLLCORNER -115.5625 
YLLCORNER 24.8333333333333 
CELLSIZE 0.0833333333333333 
NODATA_value -9999 
[rows 60 to 79 of 230, columns 88 to 131 of 265]
0.710027933120728 0.699052095413208 0.674357295036316 0.649662554264069 0.624967813491821 0.600273013114929 0.575578272342682 0.550883531570435 0.526188790798187 0.503583669662476 0.481675148010254 0.45976659655571 0.437858045101166 0.415949523448944 0.3940409719944 0.372132450342178 0.358561217784882 0.370001882314682 0.381442546844482 0.392883211374283 0.404323875904083 0.415764570236206 0.427205234766006 0.438645899295807 0.450063586235046 0.461473643779755 0.472883701324463 0.484293729066849 0.495703786611557 0.507113814353943 0.518523871898651 0.531878530979156 0.551067113876343 0.570255696773529 0.589444279670715 0.608632862567902 0.627821445465088 0.647010028362274 0.66619861125946 0.671843409538269 0.6729736328125 0.674103856086731 0.675234079360962 0.676364302635193
0.705663979053497 0.696760773658752 0.674844622612 0.652928471565247 0.631012380123138 0.609096229076385 0.587180137634277 0.565263986587524 0.543347895145416 0.525056302547455 0.507972955703735 0.490889638662338 0.473806262016296 0.456722915172577 0.439639568328857 0.422556221485138 0.412414789199829 0.423099100589752 0.433783411979675 0.444467723369598 0.455152064561844 0.465836375951767 0.47652068734169 0.487204998731613 0.495798915624619 0.503696024417877 0.511593103408813 0.51949018239975 0.527387261390686 0.535284399986267 0.543181478977203 0.553406178951263 0.570613741874695 0.587821304798126 0.605028808116913 0.622236371040344 0.639443933963776 0.656651437282562 0.673859000205994 0.681356310844421 0.685616910457611 0.689877450466156 0.694138050079346 0.698398590087891
0.701300084590912 0.694469451904297 0.675331950187683 0.656194448471069 0.637056946754456 0.617919445037842 0.598781943321228 0.579644501209259 0.560506999492645 0.546528995037079 0.534270823001862 0.522012650966644 0.509754478931427 0.497496336698532 0.485238164663315 0.472979992628098 0.466268360614777 0.476196318864822 0.486124277114868 0.496052265167236 0.50598019361496 0.515908181667328 0.525836169719696 0.535764098167419 0.541534185409546 0.545918345451355 0.550302505493164 0.554686665534973 0.559070825576782 0.563454926013947 0.567839086055756 0.57493382692337 0.590160369873047 0.605386853218079 0.62061333656311 0.635839879512787 0.651066362857819 0.666292905807495 0.681519389152527 0.690869212150574 0.698260128498077 0.705651044845581 0.713041961193085 0.720432877540588
0.696936130523682 0.692178130149841 0.675819277763367 0.659460425376892 0.643101513385773 0.626742660999298 0.610383808612823 0.594024956226349 0.577666103839874 0.568001627922058 0.560568690299988 0.553135693073273 0.545702695846558 0.538269698619843 0.530836760997772 0.523403763771057 0.520121932029724 0.529293537139893 0.538465142250061 0.54763674736023 0.556808352470398 0.565980017185211 0.57515162229538 0.584323227405548 0.58726954460144 0.588140726089478 0.589011907577515 0.589883089065552 0.590754330158234 0.591625511646271 0.592496693134308 0.596461474895477 0.609706938266754 0.622952401638031 0.636197924613953 0.64944338798523 0.662688851356506 0.675934314727783 0.689179837703705 0.700382113456726 0.710903406143188 0.721424639225006 0.731945931911469 0.742467164993286
0.692572176456451 0.689886808395386 0.676306545734406 0.66272634267807 0.649146139621735 0.635565876960754 0.621985673904419 0.608405411243439 0.594825208187103 0.589474320411682 0.586866497993469 0.584258735179901 0.581650912761688 0.57904314994812 0.576435327529907 0.573827564716339 0.573975503444672 0.582390785217285 0.590806007385254 0.599221289157867 0.607636570930481 0.61605179309845 0.624467074871063 0.632882297039032 0.63300484418869 0.630363047122955 0.627721309661865 0.625079572200775 0.622437834739685 0.619796097278595 0.61715430021286 0.617989122867584 0.629253566265106 0.640518009662628 0.65178245306015 0.663046896457672 0.674311339855194 0.685575783252716 0.696840226650238 0.709895014762878 0.723546624183655 0.737198233604431 0.750849902629852 0.764501512050629
0.688208222389221 0.68759548664093 0.676793873310089 0.665992319583893 0.655190706253052 0.644389092922211 0.63358747959137 0.622785925865173 0.611984312534332 0.610946953296661 0.613164365291595 0.615381717681885 0.617599129676819 0.619816541671753 0.622033894062042 0.624251306056976 0.627829074859619 0.635487973690033 0.643146872520447 0.650805830955505 0.658464729785919 0.666123628616333 0.673782527446747 0.681441426277161 0.67874014377594 0.672585427761078 0.666430711746216 0.660276055335999 0.654121339321136 0.647966623306274 0.641811966896057 0.639516770839691 0.648800194263458 0.658083558082581 0.667366981506348 0.676650404930115 0.685933828353882 0.695217192173004 0.704500615596771 0.719407916069031 0.736189901828766 0.752971887588501 0.769753813743591 0.786535799503326
0.661316335201263 0.660278499126434 0.652151346206665 0.64402425289154 0.635897099971771 0.627770006656647 0.619642913341522 0.611515760421753 0.603388667106628 0.605842411518097 0.611823081970215 0.617803812026978 0.623784482479095 0.629765212535858 0.635745882987976 0.641726613044739 0.648366630077362 0.656984686851501 0.665602743625641 0.67422080039978 0.68283885717392 0.691456973552704 0.700075030326843 0.708693087100983 0.704871952533722 0.696904361248016 0.688936829566956 0.680969297885895 0.673001706600189 0.665034174919128 0.657066643238068 0.653092980384827 0.661101043224335 0.669109046459198 0.677117109298706 0.685125172138214 0.693133175373077 0.701141238212585 0.709149241447449 0.725099921226501 0.743698120117188 0.762296319007874 0.78089451789856 0.79949277639389
0.611896395683289 0.607935786247253 0.602379024028778 0.596822202205658 0.591265380382538 0.585708618164062 0.580151796340942 0.574595034122467 0.569038212299347 0.574160635471344 0.582842707633972 0.591524839401245 0.600206971168518 0.608889102935791 0.617571234703064 0.626253366470337 0.6355881690979 0.646880865097046 0.658173620700836 0.669466316699982 0.680759072303772 0.692051827907562 0.703344523906708 0.714637279510498 0.711400210857391 0.703319907188416 0.69523960351944 0.687159299850464 0.679078996181488 0.670998692512512 0.662918388843536 0.658717751502991 0.666156113147736 0.67359447479248 0.681032776832581 0.688471138477325 0.69590950012207 0.70334780216217 0.710786163806915 0.72697103023529 0.746071338653564 0.765171706676483 0.784272015094757 0.803372383117676
0.562476456165314 0.555593073368073 0.552606642246246 0.549620151519775 0.546633660793304 0.543647229671478 0.540660738945007 0.537674248218536 0.534687757492065 0.542478799819946 0.553862392902374 0.565245926380157 0.576629519462585 0.588013052940369 0.599396586418152 0.61078017950058 0.622809648513794 0.63677704334259 0.650744438171387 0.664711892604828 0.678679287433624 0.692646682262421 0.706614077091217 0.720581471920013 0.717928528785706 0.709735453128815 0.701542437076569 0.693349361419678 0.685156285762787 0.676963269710541 0.66877019405365 0.6643425822258 0.671211183071136 0.678079843521118 0.6849485039711 0.691817164421082 0.698685765266418 0.7055544257164 0.712423086166382 0.728842079639435 0.748444557189941 0.768047034740448 0.787649512290955 0.807251989841461
0.513056516647339 0.503250420093536 0.502834260463715 0.502418100833893 0.502001941204071 0.501585781574249 0.501169681549072 0.50075352191925 0.500337362289429 0.510797023773193 0.524882018566132 0.53896701335907 0.553052008152008 0.567137002944946 0.58122193813324 0.595306932926178 0.610031187534332 0.62667328119278 0.643315315246582 0.659957408905029 0.676599442958832 0.693241536617279 0.709883570671082 0.726525664329529 0.724456787109375 0.716150999069214 0.707845211029053 0.699539422988892 0.691233575344086 0.682927787303925 0.674621999263763 0.669967353343964 0.676266312599182 0.682565271854401 0.688864171504974 0.695163130760193 0.701462090015411 0.70776104927063 0.714059948921204 0.730713188648224 0.750817775726318 0.770922422409058 0.791027009487152 0.811131656169891
0.463636606931686 0.450907707214355 0.453061878681183 0.45521605014801 0.457370221614838 0.459524393081665 0.461678564548492 0.46383273601532 0.465986907482147 0.479115277528763 0.495901674032211 0.512688100337982 0.529474496841431 0.546260893344879 0.563047289848328 0.579833745956421 0.597252726554871 0.616569459438324 0.635886192321777 0.655202925205231 0.674519658088684 0.693836390972137 0.713153123855591 0.732469856739044 0.730985105037689 0.722566545009613 0.714147984981537 0.705729424953461 0.697310864925385 0.688892304897308 0.680473744869232 0.675592124462128 0.681321382522583 0.687050640583038 0.692779898643494 0.698509156703949 0.70423835515976 0.709967613220215 0.71569687128067 0.732584238052368 0.753190994262695 0.773797750473022 0.79440450668335 0.815011262893677
0.414216697216034 0.398565024137497 0.403289526700974 0.40801402926445 0.412738502025604 0.417463004589081 0.422187507152557 0.426911979913712 0.431636482477188 0.447433471679688 0.466921329498291 0.486409157514572 0.505896985530853 0.525384843349457 0.544872641563416 0.564360499382019 0.584474205970764 0.606465637683868 0.628457009792328 0.650448441505432 0.672439813613892 0.694431245326996 0.716422617435455 0.73841404914856 0.737513422966003 0.728982090950012 0.720450758934021 0.711919486522675 0.703388154506683 0.694856822490692 0.686325550079346 0.681216955184937 0.686376512050629 0.691536009311676 0.696695566177368 0.70185512304306 0.707014679908752 0.712174236774445 0.717333793640137 0.734455347061157 0.755564212799072 0.776673138141632 0.797782003879547 0.818890869617462
0.389081031084061 0.372020959854126 0.378504365682602 0.384987771511078 0.391471177339554 0.397954612970352 0.404438018798828 0.410921424627304 0.41740483045578 0.434262961149216 0.454579323530197 0.474895685911179 0.49521204829216 0.515528440475464 0.535844802856445 0.556161165237427 0.577145099639893 0.600131928920746 0.623118698596954 0.646105527877808 0.669092297554016 0.692079126834869 0.715065896511078 0.738052725791931 0.738172590732574 0.730670213699341 0.723167777061462 0.715665400028229 0.70816296339035 0.700660586357117 0.693158209323883 0.688657402992249 0.69316154718399 0.697665631771088 0.70216977596283 0.706673920154572 0.711178004741669 0.715682148933411 0.720186293125153 0.736924409866333 0.757740557193756 0.778556704521179 0.799372851848602 0.82018905878067
0.388229638338089 0.37127548456192 0.37870642542839 0.386137336492538 0.393568277359009 0.400999188423157 0.408430129289627 0.415861070156097 0.423291981220245 0.439603716135025 0.458875685930252 0.478147685527802 0.497419655323029 0.5166916847229 0.535963654518127 0.555235624313354 0.575265347957611 0.597568273544312 0.619871199131012 0.642174124717712 0.664477050304413 0.686780035495758 0.709082961082458 0.731385886669159 0.732962727546692 0.727630853652954 0.722299039363861 0.716967225074768 0.71163535118103 0.706303536891937 0.7009716629982 0.697913527488708 0.701676547527313 0.705439507961273 0.709202468395233 0.712965488433838 0.716728448867798 0.720491409301758 0.724254369735718 0.739991545677185 0.759720087051392 0.779448628425598 0.79917711019516 0.818905651569366
0.38737827539444 0.370530009269714 0.378908455371857 0.387286901473999 0.395665347576141 0.404043793678284 0.412422239780426 0.420800685882568 0.429179131984711 0.444944471120834 0.463172078132629 0.481399685144424 0.49962729215622 0.517854869365692 0.53608250617981 0.554310142993927 0.57338559627533 0.595004677772522 0.61662369966507 0.638242781162262 0.659861862659454 0.681480884552002 0.703099966049194 0.724719047546387 0.727752864360809 0.724591553211212 0.72143030166626 0.718268990516663 0.71510773897171 0.711946487426758 0.708785176277161 0.707169711589813 0.710191488265991 0.713213324546814 0.716235160827637 0.71925699710846 0.722278833389282 0.725300669670105 0.728322505950928 0.743058621883392 0.761699557304382 0.780340492725372 0.798981368541718 0.817622303962708
0.386526882648468 0.369784533977509 0.379110515117645 0.38843646645546 0.397762447595596 0.407088398933411 0.416414350271225 0.425740331411362 0.435066282749176 0.450285196304321 0.467468440532684 0.484651684761047 0.50183492898941 0.519018113613129 0.536201357841492 0.553384602069855 0.571505844593048 0.592441022396088 0.613376200199127 0.634311437606812 0.655246615409851 0.676181793212891 0.69711697101593 0.718052208423615 0.722542941570282 0.72155225276947 0.720561563968658 0.719570815563202 0.71858012676239 0.717589378356934 0.716598689556122 0.716425836086273 0.718706488609314 0.720987200737 0.72326785326004 0.725548565387726 0.727829277515411 0.730109930038452 0.732390642166138 0.746125757694244 0.763679027557373 0.781232357025146 0.798785626888275 0.816338956356049
0.385675489902496 0.369039058685303 0.379312545061111 0.38958603143692 0.399859517812729 0.410133004188538 0.420406490564346 0.430679947137833 0.440953433513641 0.455625951290131 0.471764802932739 0.487903654575348 0.504042506217957 0.520181357860565 0.536320209503174 0.552459061145782 0.569626033306122 0.589877367019653 0.610128700733185 0.630380034446716 0.650631368160248 0.670882701873779 0.691134035587311 0.711385369300842 0.717333078384399 0.718512952327728 0.719692766666412 0.720872640609741 0.72205251455307 0.723232328891754 0.724412202835083 0.725681960582733 0.727221488952637 0.72876101732254 0.730300605297089 0.731840133666992 0.733379662036896 0.734919190406799 0.736458718776703 0.749192893505096 0.765658557415009 0.782124221324921 0.798589885234833 0.815055549144745
0.384824097156525 0.368293613195419 0.3795146048069 0.390735596418381 0.401956588029861 0.413177609443665 0.424398601055145 0.435619592666626 0.446840584278107 0.46096670627594 0.476061165332794 0.491155654191971 0.506250143051147 0.521344602108002 0.536439120769501 0.551533579826355 0.56774628162384 0.587313771247864 0.606881201267242 0.626448690891266 0.646016120910645 0.665583610534668 0.685151040554047 0.70471853017807 0.712123215198517 0.715473592281342 0.718824028968811 0.72217446565628 0.725524842739105 0.728875279426575 0.732225716114044 0.734938085079193 0.73573648929596 0.736534893512726 0.737333297729492 0.738131642341614 0.73893004655838 0.739728450775146 0.740526854991913 0.752259969711304 0.767638027667999 0.783016085624695 0.79839414358139 0.813772201538086
0.407121688127518 0.390801042318344 0.400867998600006 0.410934954881668 0.42100191116333 0.431068867444992 0.441135823726654 0.451202809810638 0.4612697660923 0.473871946334839 0.48731917142868 0.500766456127167 0.514213681221008 0.52766090631485 0.541108191013336 0.554555416107178 0.569246232509613 0.58766782283783 0.606089413166046 0.624510943889618 0.642932534217834 0.661354124546051 0.679775714874268 0.698197245597839 0.706025421619415 0.710322380065918 0.714619398117065 0.718916416168213 0.723213374614716 0.727510392665863 0.73180741071701 0.735181152820587 0.73578530550003 0.736389398574829 0.736993551254272 0.737597644329071 0.73820173740387 0.738805890083313 0.739409983158112 0.750146150588989 0.76425963640213 0.778373062610626 0.792486548423767 0.806600034236908
0.452568233013153 0.4365613758564 0.44337272644043 0.450184106826782 0.456995457410812 0.463806837797165 0.470618188381195 0.477429568767548 0.484240919351578 0.494341641664505 0.505538821220398 0.516735970973969 0.527933120727539 0.539130330085754 0.550327479839325 0.561524629592896 0.574125945568085 0.590939581394196 0.607753276824951 0.624566912651062 0.641380608081818 0.658194243907928 0.675007939338684 0.691821575164795 0.699039697647095 0.703059315681458 0.707078874111176 0.711098492145538 0.715118110179901 0.719137668609619 0.723157286643982 0.726411163806915 0.727367877960205 0.728324592113495 0.729281306266785 0.730238020420074 0.731194734573364 0.732151508331299 0.733108222484589 0.742851316928864 0.755523264408112 0.76819521188736 0.780867099761963 0.793539047241211
