resources/Exp000_Example-Run/Run01_M2/TimeSeries/2000/model_set/hflux_avg.asc
NCOLS 265 
NROWS 230 
XLLCORNER -115.5625 
YLLCORNER 24.8333333333333 
CELLSIZE 0.0833333333333333 
NODATA_value -9999 
[rows 0 to 19 of 230, columns 0 to 45 of 265]
51.288860321044901 51.5705871582031 51.8523139953613 52.1340408325195 52.4157676696777 52.6974945068359 52.9792213439941 53.5466117858887 54.2092247009277 54.8718376159668 55.5344505310059 56.1970634460449 56.859676361084 57.522289276123 57.8950157165527 57.398078918457 56.9011421203613 56.4042091369629 55.9072723388672 55.4103355407715 54.913402557373 54.4164657592773 54.2213668823242 54.1268844604492 54.0324020385742 53.9379196166992 53.843433380127 53.748950958252 53.654468536377 53.5330352783203 53.330753326416 53.1284713745117 52.9261894226074 52.7239074707031 52.5216255187988 52.3193435668945 52.1170654296875 51.1691818237305 49.9727630615234 48.7763442993164 47.5799293518066 46.3835105895996 45.1870956420898 43.9906768798828 42.859375 41.9234161376953
51.5890235900879 51.7712783813477 51.9535293579102 52.1357841491699 52.3180351257324 52.5002899169922 52.6825408935547 53.2276496887207 53.8937110900879 54.5597724914551 55.2258338928223 55.8918952941895 56.5579528808594 57.2240142822266 57.6377029418945 57.2942695617676 56.9508361816406 56.6074028015137 56.2639694213867 55.9205360412598 55.5771026611328 55.2336692810059 55.1035842895508 55.0446128845215 54.9856414794922 54.9266700744629 54.8676948547363 54.808723449707 54.7497520446777 54.6357192993164 54.356502532959 54.0772819519043 53.7980651855469 53.5188446044922 53.2396240234375 52.9604072570801 52.6811866760254 51.6933479309082 50.4693031311035 49.2452583312988 48.0212097167969 46.7971649169922 45.5731201171875 44.3490715026855 43.2129974365234 42.3408279418945
51.8891868591309 51.9719657897949 52.054744720459 52.137523651123 52.2203063964844 52.3030853271484 52.3858642578125 52.90869140625 53.578197479248 54.2477073669434 54.9172172546387 55.5867233276367 56.256233215332 56.9257431030273 57.3803901672363 57.1904602050781 57.0005302429199 56.8105964660645 56.6206665039062 56.430736541748 56.2408065795898 56.0508766174316 55.9857978820801 55.9623374938965 55.9388771057129 55.9154205322266 55.891960144043 55.8684997558594 55.8450393676758 55.7384071350098 55.3822479248047 55.0260925292969 54.6699371337891 54.3137817382812 53.9576263427734 53.6014671325684 53.2453117370605 52.2175178527832 50.9658432006836 49.714168548584 48.4624938964844 47.2108192443848 45.9591445922852 44.7074699401855 43.5666198730469 42.758243560791
52.1893501281738 52.1726570129395 52.1559600830078 52.1392669677734 52.1225738525391 52.1058807373047 52.089183807373 52.589729309082 53.2626838684082 53.9356422424316 54.6085968017578 55.2815551757812 55.9545097351074 56.6274681091309 57.1230773925781 57.0866508483887 57.050220489502 57.0137939453125 56.9773635864258 56.9409370422363 56.9045104980469 56.8680801391602 56.8680114746094 56.8800659179688 56.8921165466309 56.9041709899902 56.9162216186523 56.9282722473145 56.9403266906738 56.8410911560059 56.4079971313477 55.9749031066895 55.5418128967285 55.1087188720703 54.6756248474121 54.2425308227539 53.8094367980957 52.7416877746582 51.4623832702637 50.1830787658691 48.9037780761719 47.6244735717773 46.3451690673828 45.0658683776855 43.9202423095703 43.1756553649902
52.4895133972168 52.3733444213867 52.2571754455566 52.1410102844238 52.0248413085938 51.9086723327637 51.7925071716309 52.2707672119141 52.9471702575684 53.6235771179199 54.2999801635742 54.9763870239258 55.6527900695801 56.3291931152344 56.8657684326172 56.9828414916992 57.0999145507812 57.2169876098633 57.3340644836426 57.4511375427246 57.5682106018066 57.6852836608887 57.7502288818359 57.7977905273438 57.8453559875488 57.8929214477539 57.9404830932617 57.9880485534668 58.0356140136719 57.9437789916992 57.4337463378906 56.9237174987793 56.4136848449707 55.9036521911621 55.3936233520508 54.8835906982422 54.3735618591309 53.2658538818359 51.9589233398438 50.6519889831543 49.3450584411621 48.0381278991699 46.7311935424805 45.4242630004883 44.2738647460938 43.5930671691895
52.7896766662598 52.5740356445312 52.3583946228027 52.142749786377 51.9271087646484 51.7114677429199 51.4958267211914 51.9518051147461 52.6316604614258 53.3115119934082 53.9913635253906 54.671215057373 55.3510704040527 56.0309219360352 56.608455657959 56.8790321350098 57.1496086120605 57.4201850891113 57.6907615661621 57.9613380432129 58.2319145202637 58.5024909973145 58.6324424743652 58.715518951416 58.7985954284668 58.8816719055176 58.9647445678711 59.0478210449219 59.1308975219727 59.0464630126953 58.4594955444336 57.8725280761719 57.2855606079102 56.6985893249512 56.1116218566895 55.5246543884277 54.937686920166 53.7900238037109 52.4554634094238 51.1209030151367 49.7863426208496 48.4517822265625 47.1172218322754 45.7826614379883 44.6274871826172 44.0104827880859
53.1186408996582 52.8981246948242 52.677604675293 52.4570846557617 52.2365646362305 52.0160484313965 51.7955284118652 52.2166328430176 52.8516082763672 53.4865875244141 54.1215667724609 54.7565422058105 55.3915214538574 56.0265007019043 56.5900535583496 56.9393424987793 57.288631439209 57.6379203796387 57.9872093200684 58.336498260498 58.6857872009277 59.0350761413574 59.1790924072266 59.2546844482422 59.3302764892578 59.4058685302734 59.4814605712891 59.5570526123047 59.6326446533203 59.5366897583008 58.926097869873 58.3155059814453 57.7049102783203 57.0943183898926 56.4837265014648 55.8731307983398 55.2625389099121 54.1001243591309 52.7537727355957 51.4074172973633 50.0610618591309 48.7147102355957 47.3683547973633 46.0219993591309 44.872142791748 44.3117713928223
53.4764137268066 53.3456115722656 53.2148094177246 53.0840110778809 52.9532089233398 52.8224067687988 52.6916084289551 53.065242767334 53.6070251464844 54.1488037109375 54.6905860900879 55.232364654541 55.7741470336914 56.3159294128418 56.8105659484863 57.1637763977051 57.5169868469238 57.8702011108398 58.2234115600586 58.5766220092773 58.9298324584961 59.2830429077148 59.3901824951172 59.4152946472168 59.4404067993164 59.465518951416 59.4906272888184 59.515739440918 59.5408515930176 59.4144592285156 58.833553314209 58.2526512145996 57.671745300293 57.0908393859863 56.5099334716797 55.929027557373 55.3481216430664 54.1961631774902 52.8538475036621 51.5115356445312 50.1692237854004 48.8269119262695 47.4845962524414 46.1422843933105 45.0078277587891 44.496940612793
53.8341827392578 53.793098449707 53.7520179748535 53.7109336853027 53.6698532104492 53.6287689208984 53.5876884460449 53.9138526916504 54.3624382019043 54.8110198974609 55.2596054077148 55.7081871032715 56.1567726135254 56.6053581237793 57.031078338623 57.3882102966309 57.7453460693359 58.1024780273438 58.4596099853516 58.8167457580566 59.1738777160645 59.5310134887695 59.6012687683105 59.5759010314941 59.5505332946777 59.5251655578613 59.4997978210449 59.4744300842285 59.4490585327148 59.2922286987305 58.7410125732422 58.1897926330566 57.6385765075684 57.0873603820801 56.5361404418945 55.9849243164062 55.4337043762207 54.2921981811523 52.9539260864258 51.6156539916992 50.2773818969727 48.9391136169434 47.6008415222168 46.2625694274902 45.1435127258301 44.6821060180664
54.191951751709 54.2405891418457 54.2892227172852 54.3378601074219 54.3864936828613 54.435131072998 54.4837646484375 54.7624664306641 55.1178512573242 55.4732398986816 55.8286247253418 56.1840133666992 56.5393981933594 56.8947830200195 57.2515869140625 57.6126441955566 57.9737014770508 58.3347549438477 58.6958122253418 59.0568695068359 59.4179229736328 59.778980255127 59.8123588562012 59.7365112304688 59.6606597900391 59.5848121643066 59.5089645385742 59.4331169128418 59.3572692871094 59.1699981689453 58.6484680175781 58.1269378662109 57.6054077148438 57.0838775634766 56.5623474121094 56.0408172607422 55.519287109375 54.3882331848145 53.0540046691895 51.7197723388672 50.3855438232422 49.0513153076172 47.7170829772949 46.3828544616699 45.2792015075684 44.8672752380371
54.5497207641602 54.6880760192871 54.8264312744141 54.9647827148438 55.1031379699707 55.2414932250977 55.3798446655273 55.6110763549805 55.8732643127441 56.1354560852051 56.3976440429688 56.6598358154297 56.9220237731934 57.184211730957 57.4720993041992 57.8370780944824 58.2020568847656 58.5670356750488 58.932014465332 59.2969932556152 59.6619682312012 60.0269470214844 60.0234451293945 59.8971176147461 59.7707901000977 59.6444625854492 59.5181312561035 59.3918037414551 59.2654762268066 59.0477676391602 58.5559272766113 58.0640830993652 57.5722427368164 57.0803985595703 56.5885543823242 56.0967140197754 55.6048698425293 54.4842681884766 53.1540794372559 51.8238945007324 50.4937057495117 49.163516998291 47.8333282470703 46.5031394958496 45.4148864746094 45.0524406433105
54.9074935913086 55.1355628967285 55.3636360168457 55.5917091369629 55.8197822570801 56.0478515625 56.2759246826172 56.4596862792969 56.6286811828613 56.7976722717285 56.9666633605957 57.1356582641602 57.3046493530273 57.4736404418945 57.6926116943359 58.0615119934082 58.4304122924805 58.7993125915527 59.168212890625 59.5371131896973 59.9060134887695 60.2749176025391 60.2345352172852 60.0577278137207 59.880916595459 59.7041091918945 59.5273017883301 59.3504905700684 59.1736831665039 58.925537109375 58.4633827209473 58.0012283325195 57.5390739440918 57.0769195556641 56.6147651672363 56.1526107788086 55.6904525756836 54.5803070068359 53.2541580200195 51.9280128479004 50.601863861084 49.2757186889648 47.9495697021484 46.6234245300293 45.5505714416504 45.2376098632812
55.2181282043457 55.4482879638672 55.6784477233887 55.9086074829102 56.1387672424316 56.3689270019531 56.5990867614746 56.7348899841309 56.839241027832 56.9435920715332 57.0479393005371 57.1522903442383 57.2566413879395 57.3609924316406 57.5307884216309 57.8969268798828 58.2630653381348 58.6292037963867 58.9953422546387 59.3614768981934 59.7276153564453 60.0937538146973 60.0618667602539 59.8973007202148 59.732738494873 59.568172454834 59.4036102294922 59.2390480041504 59.0744819641113 58.8391990661621 58.3917503356934 57.9443016052246 57.4968528747559 57.0494041442871 56.6019554138184 56.1545066833496 55.7070579528809 54.6398048400879 53.3659477233887 52.0920906066895 50.8182373046875 49.5443801879883 48.2705230712891 46.9966697692871 45.9751052856445 45.7104263305664
55.4816360473633 55.6262512207031 55.770866394043 55.9154815673828 56.0601005554199 56.2047157287598 56.3493309020996 56.4366836547852 56.5049476623535 56.5732116699219 56.641471862793 56.7097358703613 56.7779998779297 56.846263885498 56.9866333007812 57.3433227539062 57.7000122070312 58.0567054748535 58.4133949279785 58.7700843811035 59.1267738342285 59.4834632873535 59.5054397583008 59.4158477783203 59.3262519836426 59.2366561889648 59.1470642089844 59.0574684143066 58.9678764343262 58.7887496948242 58.3410263061523 57.8933029174805 57.4455795288086 56.9978561401367 56.5501289367676 56.1024055480957 55.6546821594238 54.6627655029297 53.4894485473633 52.3161354064941 51.1428184509277 49.9695014953613 48.7961883544922 47.6228713989258 46.6884841918945 46.4708862304688
55.7451400756836 55.8042106628418 55.8632850646973 55.9223594665527 55.9814300537109 56.0405044555664 56.0995750427246 56.1384773254395 56.170654296875 56.2028312683105 56.2350044250488 56.2671813964844 56.2993583679199 56.3315353393555 56.4424781799316 56.789722442627 57.136962890625 57.484203338623 57.8314476013184 58.1786880493164 58.5259284973145 58.8731727600098 58.9490127563477 58.9343910217285 58.9197654724121 58.9051399230957 58.8905181884766 58.8758926391602 58.861270904541 58.7383003234863 58.2903022766113 57.8423042297363 57.3943061828613 56.9463043212891 56.4983062744141 56.0503082275391 55.6023063659668 54.6857261657715 53.6129531860352 52.5401763916016 51.467399597168 50.3946266174316 49.321849822998 48.2490730285645 47.4018630981445 47.2313499450684
56.0086441040039 55.9821739196777 55.9557037353516 55.9292335510254 55.9027633666992 55.8762893676758 55.8498191833496 55.8402709960938 55.8363609313965 55.8324508666992 55.8285369873047 55.8246269226074 55.8207168579102 55.8168067932129 55.898323059082 56.2361183166504 56.5739135742188 56.9117050170898 57.2495002746582 57.5872917175293 57.9250869750977 58.262882232666 58.3925895690918 58.4529342651367 58.5132789611816 58.5736236572266 58.6339721679688 58.6943168640137 58.7546615600586 58.6878547668457 58.2395782470703 57.7913055419922 57.3430290222168 56.8947563171387 56.4464836120605 55.9982070922852 55.549934387207 54.7086868286133 53.7364540100098 52.764217376709 51.7919845581055 50.8197479248047 49.8475151062012 48.8752784729004 48.1152458190918 47.991813659668
56.2721481323242 56.1601371765137 56.0481224060059 55.936107635498 55.8240928649902 55.7120780944824 55.6000633239746 55.5420608520508 55.5020637512207 55.4620666503906 55.4220695495605 55.3820724487305 55.3420753479004 55.3020782470703 55.3541679382324 55.6825141906738 56.0108604431152 56.3392066955566 56.667552947998 56.9958992004395 57.3242454528809 57.6525917053223 57.8361625671387 57.9714775085449 58.1067924499512 58.2421073913574 58.3774261474609 58.5127410888672 58.6480560302734 58.6374053955078 58.1888542175293 57.740306854248 57.2917556762695 56.8432083129883 56.3946571350098 55.9461059570312 55.49755859375 54.7316513061523 53.8599548339844 52.9882621765137 52.1165657043457 51.2448692321777 50.373176574707 49.5014801025391 48.8286247253418 48.7522773742676
56.5356559753418 56.3380966186523 56.1405410766602 55.9429817199707 55.7454223632812 55.5478668212891 55.3503074645996 55.2438545227051 55.1677703857422 55.0916862487793 55.0156021118164 54.9395217895508 54.8634376525879 54.787353515625 54.8100128173828 55.1289100646973 55.447811126709 55.7667083740234 56.0856056213379 56.4045028686523 56.7234001159668 57.0422973632812 57.2797355651855 57.4900207519531 57.7003059387207 57.9105911254883 58.1208801269531 58.3311653137207 58.5414505004883 58.5869560241699 58.1381301879883 57.6893081665039 57.2404823303223 56.7916564941406 56.3428344726562 55.8940086364746 55.445182800293 54.7546119689941 53.983455657959 53.2123031616211 52.4411468505859 51.669994354248 50.8988380432129 50.127685546875 49.5420036315918 49.5127372741699
56.7184638977051 56.503589630127 56.2887153625488 56.0738372802734 55.8589630126953 55.6440887451172 55.4292144775391 55.3224639892578 55.2517509460449 55.1810417175293 55.1103324890137 55.0396194458008 54.9689102172852 54.8982009887695 54.9205207824707 55.2219352722168 55.5233459472656 55.8247604370117 56.1261711120605 56.4275856018066 56.7290000915527 57.0304107666016 57.257152557373 57.4590072631836 57.6608581542969 57.8627128601074 58.0645637512207 58.266414642334 58.4682693481445 58.5115356445312 58.0790481567383 57.646556854248 57.2140693664551 56.7815818786621 56.3490943908691 55.9166030883789 55.4841156005859 54.8399276733398 54.1251754760742 53.4104232788086 52.695671081543 51.9809188842773 51.2661666870117 50.5514144897461 50.0047798156738 49.9624938964844
56.8205757141113 56.6566123962402 56.4926452636719 56.3286781311035 56.1647148132324 56.0007476806641 55.8367805480957 55.7778816223145 55.7540054321289 55.7301292419434 55.7062530517578 55.6823768615723 55.6585006713867 55.6346244812012 55.6856918334961 55.9615821838379 56.2374725341797 56.5133628845215 56.7892532348633 57.0651473999023 57.3410377502441 57.6169281005859 57.7684135437012 57.8784294128418 57.9884452819824 58.0984649658203 58.2084808349609 58.3184967041016 58.4285125732422 58.4111404418945 58.0116004943848 57.612060546875 57.212516784668 56.8129768371582 56.4134368896484 56.0138969421387 55.6143569946289 54.9876022338867 54.2851142883301 53.5826263427734 52.8801383972168 52.1776466369629 51.4751586914062 50.7726707458496 50.2169494628906 50.1015357971191
