resources/Exp000_Example-Run/Run01_M2/TimeSeries/2000/model_set/hflux_avg.asc
NCOLS 265 
NROWS 230 
XLLCORNER -115.5625 
YLLCORNER 24.8333333333333 
CELLSIZE 0.0833333333333333 
NODATA_value -9999 
[rows 160 to 179 of 230, columns 0 to 45 of 265]
92.9561462402344 89.7942428588867 86.6323394775391 83.4704284667969 80.3085250854492 77.1466217041016 73.9847183227539 67.571418762207 60.0743141174316 52.5772132873535 45.0801124572754 37.5830116271973 -9999 -9999 -9999 -9999 -9999 -9999 -9999 -9999 -9999 -9999 -9999 -9999 -9999 -9999 -9999 -9999 -9999 -9999 41.7204818725586 46.4013137817383 51.082145690918 55.7629737854004 60.4438056945801 65.124641418457 69.8054733276367 71.2272720336914 71.5627212524414 71.8981781005859 72.2336349487305 72.569091796875 72.9045486450195 73.2399978637695 73.4270095825195 73.1686935424805
93.0736465454102 90.2231216430664 87.3725891113281 84.5220642089844 81.6715316772461 78.8210067749023 75.9704818725586 69.5983963012695 62.0524597167969 54.5065269470215 46.9605903625488 39.4146537780762 -9999 -9999 -9999 -9999 -9999 -9999 -9999 -9999 -9999 -9999 -9999 -9999 -9999 -9999 -9999 -9999 -9999 -9999 -9999 45.0565376281738 49.8974914550781 54.7384414672852 59.5793952941895 64.4203491210938 69.2612991333008 70.7981491088867 71.2336273193359 71.6691055297852 72.1045837402344 72.5400619506836 72.9755401611328 73.411018371582 73.6520080566406 73.3095474243164
92.3975296020508 90.0128479003906 87.628173828125 85.2434921264648 82.8588180541992 80.4741363525391 78.0894622802734 71.9032363891602 64.449836730957 56.9964370727539 49.5430335998535 42.0896339416504 -9999 -9999 -9999 -9999 -9999 -9999 -9999 -9999 -9999 -9999 -9999 -9999 -9999 -9999 -9999 -9999 -9999 -9999 -9999 -9999 48.2005386352539 53.1948852539062 58.1892318725586 63.1835784912109 68.1779251098633 69.8810501098633 70.4871063232422 71.0931625366211 71.69921875 72.3052673339844 72.9113235473633 73.5173797607422 73.8727874755859 73.4762496948242
90.9277877807617 89.1634292602539 87.3990783691406 85.6347198486328 83.8703689575195 82.1060104370117 80.3416595458984 74.4859466552734 67.2664413452148 60.0469436645508 52.8274459838867 45.6079444885254 -9999 -9999 -9999 -9999 -9999 -9999 -9999 -9999 -9999 -9999 -9999 -9999 -9999 -9999 -9999 -9999 -9999 -9999 -9999 -9999 45.9912910461426 51.1323051452637 56.2733192443848 61.4143333435059 66.5553436279297 68.4759826660156 69.3231735229492 70.1703567504883 71.0175399780273 71.8647232055664 72.7119064331055 73.5590896606445 74.0893402099609 73.6687927246094
89.4580459594727 88.3140106201172 87.1699829101562 86.0259475708008 84.8819198608398 83.7378921508789 82.5938568115234 77.0686492919922 70.0830535888672 63.0974540710449 56.1118545532227 49.1262588500977 -9999 -9999 -9999 -9999 -9999 -9999 -9999 -9999 -9999 -9999 -9999 -9999 -9999 -9999 -9999 -9999 -9999 -9999 -9999 -9999 43.7820434570312 49.0697250366211 54.3574066162109 59.6450843811035 64.9327621459961 67.0709228515625 68.1592330932617 69.2475509643555 70.3358612060547 71.4241790771484 72.5124893188477 73.6008071899414 74.3059005737305 73.8613357543945
87.9883041381836 87.4645919799805 86.9408874511719 86.4171829223633 85.8934707641602 85.3697662353516 84.8460540771484 79.6513595581055 72.899658203125 66.1479644775391 59.3962669372559 52.6445693969727 -9999 -9999 -9999 -9999 -9999 -9999 -9999 -9999 -9999 -9999 -9999 -9999 -9999 -9999 -9999 -9999 -9999 -9999 -9999 -9999 41.5727996826172 47.0071449279785 52.4414901733398 57.8758392333984 63.3101844787598 65.6658554077148 66.9953002929688 68.3247451782227 69.6541900634766 70.9836273193359 72.3130722045898 73.6425170898438 74.5224533081055 74.0538787841797
86.5185623168945 86.6151809692383 86.7117919921875 86.8084106445312 86.9050216674805 87.0016403198242 87.098258972168 82.2340621948242 75.7162704467773 69.1984710693359 62.6806793212891 56.1628837585449 -9999 -9999 -9999 -9999 -9999 -9999 -9999 -9999 -9999 -9999 -9999 -9999 -9999 -9999 -9999 -9999 -9999 -9999 -9999 -9999 39.3635520935059 44.9445648193359 50.525577545166 56.1065940856934 61.6876068115234 64.2607879638672 65.8313598632812 67.4019393920898 68.9725112915039 70.543083190918 72.113655090332 73.6842269897461 74.739013671875 74.2464218139648
85.0488204956055 85.7657623291016 86.4826965332031 87.1996383666992 87.9165802001953 88.6335144042969 89.350456237793 84.8167724609375 78.5328750610352 72.2489852905273 65.965087890625 59.6811943054199 -9999 -9999 -9999 -9999 -9999 -9999 -9999 -9999 -9999 -9999 -9999 -9999 -9999 -9999 -9999 -9999 -9999 -9999 -9999 -9999 -9999 42.8819847106934 48.6096649169922 54.337345123291 60.0650253295898 62.8557243347168 64.6674270629883 66.479133605957 68.2908325195312 70.1025390625 71.9142379760742 73.725944519043 74.95556640625 74.43896484375
79.6660995483398 81.2892913818359 82.912483215332 84.5356826782227 86.1588745117188 87.7820663452148 89.4052581787109 85.5966033935547 79.9773330688477 74.3580551147461 68.7387847900391 63.1195068359375 57.5002326965332 51.8809585571289 -9999 -9999 -9999 -9999 -9999 -9999 -9999 -9999 -9999 -9999 -9999 -9999 -9999 -9999 -9999 -9999 -9999 -9999 -9999 -9999 46.4755439758301 52.0568962097168 57.6382484436035 60.5825653076172 62.6478652954102 64.7131729125977 66.7784729003906 68.8437728881836 70.9090805053711 72.9743804931641 74.4062042236328 73.9375915527344
70.3703918457031 73.1857757568359 76.0011520385742 78.816535949707 81.6319122314453 84.4472961425781 87.2626724243164 84.5735626220703 80.0496292114258 75.5256958007812 71.0017547607422 66.4778213500977 61.9538841247559 57.4299507141113 52.9089546203613 -9999 -9999 -9999 -9999 -9999 -9999 -9999 -9999 -9999 -9999 -9999 -9999 -9999 -9999 -9999 -9999 -9999 -9999 -9999 -9999 49.2652397155762 54.4072685241699 57.4413070678711 59.7726821899414 62.1040534973145 64.4354248046875 66.7667999267578 69.0981750488281 71.4295425415039 73.0909194946289 72.7422943115234
61.0746879577637 65.0822525024414 69.0898208618164 73.0973892211914 77.1049499511719 81.1125183105469 85.1200866699219 83.5505294799805 80.1219329833984 76.6933288574219 73.2647323608398 69.8361358642578 66.4075393676758 62.9789390563965 59.2498931884766 54.6195106506348 49.989128112793 -9999 -9999 -9999 -9999 -9999 -9999 -9999 -9999 -9999 -9999 -9999 -9999 -9999 -9999 -9999 -9999 -9999 -9999 46.4735832214355 51.1762924194336 54.3000526428223 56.8974952697754 59.4949378967285 62.0923805236816 64.689826965332 67.2872695922852 69.8847122192383 71.775634765625 71.547004699707
51.7789840698242 56.9787368774414 62.1784896850586 67.3782424926758 72.577995300293 77.7777481079102 82.9775009155273 82.5274887084961 80.1942291259766 77.860969543457 75.5277099609375 73.194450378418 70.8611907958984 68.5279312133789 65.5908355712891 60.8422317504883 56.0936317443848 51.3450317382812 -9999 -9999 -9999 -9999 -9999 -9999 -9999 -9999 -9999 -9999 -9999 -9999 -9999 -9999 -9999 -9999 -9999 -9999 47.9453125 51.1587944030762 54.0223083496094 56.8858222961426 59.7493362426758 62.612850189209 65.4763641357422 68.3398742675781 70.4603500366211 70.3517074584961
-9999 48.8752174377441 55.2671546936035 61.6590957641602 68.0510330200195 74.4429702758789 80.8349075317383 81.5044555664062 80.2665328979492 79.0286102294922 77.7906875610352 76.5527648925781 75.3148422241211 74.0769195556641 71.931770324707 67.0649566650391 62.1981353759766 57.3313179016113 52.4645004272461 47.5976829528809 -9999 -9999 -9999 -9999 -9999 -9999 -9999 -9999 -9999 -9999 -9999 -9999 -9999 -9999 -9999 -9999 44.7143363952637 48.0175399780273 51.1471214294434 54.2767066955566 57.4062881469727 60.5358734130859 63.6654586791992 66.7950439453125 69.1450653076172 69.1564102172852
-9999 -9999 -9999 55.9399490356445 63.5240745544434 71.1082000732422 78.6923217773438 80.4814147949219 80.3388290405273 80.1962432861328 80.0536651611328 79.9110794067383 79.7684936523438 79.6259078979492 78.2727127075195 73.2876739501953 68.3026428222656 63.3176078796387 58.3325729370117 53.3475379943848 48.3625030517578 -9999 -9999 36.2541885375977 32.8958930969238 29.53759765625 -9999 -9999 -9999 -9999 -9999 -9999 -9999 -9999 -9999 -9999 41.4833564758301 44.8762817382812 48.2719383239746 51.6675910949707 55.0632438659668 58.4588966369629 61.8545532226562 65.2502059936523 67.8297805786133 67.9611206054688
-9999 -9999 -9999 -9999 57.0840797424316 64.6952514648438 72.3064193725586 75.005241394043 76.0666198730469 77.1279983520508 78.1893768310547 79.2507553100586 80.312126159668 81.3735046386719 81.0314712524414 76.4791870117188 71.9269027709961 67.3746109008789 62.8223304748535 58.2700462341309 53.7177581787109 -9999 -9999 41.0412940979004 37.0492286682129 33.0571670532227 29.0651035308838 -9999 -9999 -9999 -9999 -9999 -9999 -9999 -9999 -9999 -9999 42.4653091430664 46.0299835205078 49.5946578979492 53.1593322753906 56.724006652832 60.2886810302734 63.8533554077148 66.5868988037109 66.8270492553711
-9999 -9999 -9999 -9999 -9999 -9999 -9999 65.075927734375 67.4498901367188 69.823860168457 72.1978225708008 74.5717849731445 76.9457550048828 79.3197174072266 80.2080459594727 76.6394805908203 73.0709075927734 69.5023422241211 65.9337768554688 62.3652038574219 58.7966346740723 55.2280654907227 50.9442024230957 46.4219093322754 41.8996124267578 37.3773155212402 32.8550224304199 28.3327255249023 23.8104305267334 -9999 -9999 -9999 -9999 -9999 -9999 -9999 -9999 -9999 44.4212646484375 48.0579109191895 51.6945533752441 55.3311996459961 58.967845916748 62.6044883728027 65.4164199829102 65.7542190551758
-9999 -9999 -9999 -9999 -9999 -9999 -9999 -9999 58.8331680297852 62.519718170166 66.2062683105469 69.892822265625 73.5793762207031 77.2659301757812 79.3846282958984 76.7997741699219 74.2149200439453 71.6300735473633 69.0452194213867 66.4603652954102 63.8755111694336 61.2906608581543 56.855052947998 51.8025245666504 -9999 41.6974678039551 36.6449394226074 31.5924129486084 26.5398845672607 23.2028884887695 -9999 -9999 -9999 -9999 -9999 -9999 -9999 39.103931427002 42.8125457763672 46.5211601257324 50.2297782897949 53.9383926391602 57.6470069885254 61.3556213378906 64.2459411621094 64.6813812255859
-9999 -9999 -9999 -9999 -9999 -9999 -9999 -9999 -9999 55.2155799865723 60.2147216796875 65.2138595581055 70.2129974365234 75.2121353149414 78.5612106323242 76.9600677490234 75.3589324951172 73.7577972412109 72.1566619873047 70.5555267333984 68.9543914794922 67.3532562255859 62.7658996582031 57.1831398010254 -9999 -9999 40.4348602294922 34.8521003723145 29.2693386077881 25.3991203308105 -9999 -9999 -9999 -9999 -9999 -9999 34.2709503173828 37.4232406616211 41.2038269042969 44.9844131469727 48.7649993896484 52.5455856323242 56.326171875 60.1067581176758 63.0754661560059 63.6085433959961
-9999 -9999 -9999 -9999 -9999 -9999 -9999 -9999 -9999 -9999 -9999 60.5348930358887 66.8466186523438 73.1583480834961 77.7377853393555 77.1203689575195 76.5029449462891 75.8855285644531 75.2681045532227 74.6506881713867 74.0332641601562 73.4158477783203 68.6767501831055 62.5637550354004 -9999 -9999 -9999 38.1117858886719 31.9987926483154 -9999 -9999 -9999 -9999 -9999 -9999 31.9466190338135 32.6718292236328 35.7425498962402 39.5951080322266 43.4476623535156 47.300220489502 51.1527786254883 55.0053329467773 58.8578910827637 61.9049873352051 62.5357055664062
-9999 -9999 -9999 -9999 -9999 -9999 -9999 -9999 -9999 -9999 -9999 -9999 63.4802436828613 71.1045532226562 76.9143676757812 77.2806625366211 77.6469573974609 78.0132522583008 78.3795471191406 78.745849609375 79.1121444702148 79.4784393310547 74.5875930786133 67.9443664550781 61.3011436462402 54.6579208374023 -9999 -9999 -9999 -9999 -9999 -9999 -9999 -9999 -9999 30.8896923065186 31.0727100372314 34.0618591308594 37.9863891601562 41.9109153747559 -9999 49.7599678039551 53.684497833252 57.6090240478516 60.7345085144043 61.4628677368164
