resources/Exp000_Example-Run/Run01_M2/TimeSeries/2000/model_set/hflux_avg.asc
NCOLS 265 
NROWS 230 
XLLCORNER -115.5625 
YLLCORNER 24.8333333333333 
CELLSIZE 0.0833333333333333 
NODATA_value -9999 
[rows 60 to 79 of 230, columns 184 to 229 of 265]
49.5292625427246 49.1265602111816 48.7238578796387 48.2214279174805 47.6857566833496 47.1500854492188 46.6144142150879 46.0787391662598 45.5430679321289 45.007396697998 44.4669723510742 43.912296295166 43.3576164245605 42.8029365539551 42.2482604980469 41.6935806274414 41.1389007568359 40.5842247009277 40.3689193725586 40.2667350769043 40.1645545959473 40.0623741149902 39.9601936340332 39.8580131530762 39.7558326721191 39.6802177429199 39.6843032836914 39.6883888244629 39.6924705505371 39.6965560913086 39.7006416320801 39.7047271728516 39.708812713623 39.476016998291 39.1642646789551 38.8525123596191 38.5407562255859 38.22900390625 37.9172515869141 37.6054954528809 37.2828178405762 36.927360534668 36.5719032287598 36.2164459228516 35.8609886169434 35.5055313110352
49.5973091125488 49.2044105529785 48.8115119934082 48.3109588623047 47.7745246887207 47.2380867004395 46.7016525268555 46.1652145385742 45.628776550293 45.092342376709 44.548095703125 43.9804306030273 43.4127655029297 42.845100402832 42.2774353027344 41.7097702026367 41.1421051025391 40.5744400024414 40.3626022338867 40.2693672180176 40.1761360168457 40.0829048156738 39.9896697998047 39.8964385986328 39.8032073974609 39.7257423400879 39.6955833435059 39.6654281616211 39.6352691650391 39.6051139831543 39.5749549865723 39.5447998046875 39.5146408081055 39.2619247436523 38.9350242614746 38.6081199645996 38.2812156677246 37.9543151855469 37.6274108886719 37.3005065917969 36.9691963195801 36.6246604919434 36.2801246643066 35.9355888366699 35.5910530090332 35.2465171813965
49.665355682373 49.2822608947754 48.8991661071777 48.4004936218262 47.8632926940918 47.3260917663574 46.788890838623 46.2516860961914 45.714485168457 45.1772842407227 44.629222869873 44.0485687255859 43.4679183959961 42.887264251709 42.3066139221191 41.7259635925293 41.1453094482422 40.5646591186523 40.3562812805176 40.2719993591309 40.1877136230469 40.1034317016602 40.0191459655762 39.9348640441895 39.8505783081055 39.7712669372559 39.7068672180176 39.6424674987793 39.578067779541 39.5136680603027 39.4492721557617 39.3848724365234 39.3204727172852 39.0478324890137 38.7057800292969 38.3637275695801 38.0216751098633 37.6796226501465 37.3375701904297 36.9955177307129 36.655574798584 36.3219604492188 35.9883460998535 35.6547317504883 35.3211135864258 34.9874992370605
49.7334060668945 49.3601150512695 48.9868202209473 48.4900245666504 47.9520568847656 47.4140930175781 46.8761291503906 46.3381614685059 45.8001976013184 45.2622299194336 44.7103462219238 44.1167068481445 43.5230674743652 42.9294319152832 42.3357925415039 41.7421531677246 41.1485137939453 40.554874420166 40.3499641418457 40.2746315002441 40.1992950439453 40.1239585876465 40.0486221313477 39.9732894897461 39.8979530334473 39.8167915344238 39.7181510925293 39.6195106506348 39.520866394043 39.4222259521484 39.3235855102539 39.2249412536621 39.1263008117676 38.833740234375 38.4765396118164 38.1193351745605 37.762134552002 37.4049339294434 37.0477294921875 36.6905288696289 36.3419532775879 36.0192604064941 35.6965675354004 35.3738708496094 35.0511779785156 34.7284851074219
49.8014526367188 49.4379653930664 49.0744781494141 48.5795555114746 48.0408248901367 47.5020942687988 46.9633674621582 46.4246368408203 45.8859062194824 45.3471755981445 44.7914695739746 44.1848449707031 43.5782203674316 42.9715957641602 42.3649711608887 41.7583427429199 41.1517181396484 40.545093536377 40.3436470031738 40.2772598266602 40.2108726501465 40.1444892883301 40.0781021118164 40.0117149353027 39.9453277587891 39.8623161315918 39.7294311523438 39.596549987793 39.4636650085449 39.3307838439941 39.1978988647461 39.065013885498 38.9321327209473 38.6196479797363 38.2472953796387 37.874942779541 37.5025939941406 37.130241394043 36.7578887939453 36.3855400085449 36.0283317565918 35.7165603637695 35.40478515625 35.0930137634277 34.7812423706055 34.4694671630859
49.8695030212402 49.5158157348633 49.1621322631836 48.6690902709961 48.1295928955078 47.5900993347168 47.0506057739258 46.5111083984375 45.9716148376465 45.4321174621582 44.8725929260254 44.2529830932617 43.6333694458008 43.0137596130371 42.3941459655762 41.7745361328125 41.1549224853516 40.5353126525879 40.337329864502 40.2798919677734 40.2224540710449 40.1650161743164 40.1075782775879 40.0501403808594 39.9927024841309 39.9078407287598 39.7407150268555 39.5735893249512 39.4064636230469 39.2393379211426 39.0722122192383 38.905086517334 38.7379608154297 38.4055557250977 38.0180549621582 37.6305541992188 37.2430534362793 36.8555526733398 36.4680519104004 36.0805511474609 35.7147102355957 35.4138603210449 35.1130065917969 34.8121566772461 34.511302947998 34.2104530334473
49.908748626709 49.569091796875 49.229434967041 48.7343292236328 48.1874046325684 47.6404800415039 47.0935592651367 46.5466346740723 45.9997100830078 45.4527893066406 44.8831748962402 44.245491027832 43.6078109741211 42.9701271057129 42.332447052002 41.694766998291 41.0570831298828 40.4194030761719 40.2289505004883 40.187572479248 40.1461982727051 40.1048202514648 40.0634460449219 40.0220680236816 39.9806938171387 39.8988761901855 39.695743560791 39.4926109313965 39.2894821166992 39.0863494873047 38.8832168579102 38.6800842285156 38.4769515991211 38.1298065185547 37.7346572875977 37.3395042419434 36.9443550109863 36.5492057800293 36.1540565490723 35.7589073181152 35.3915252685547 35.1074447631836 34.8233642578125 34.5392875671387 34.2552070617676 33.9711265563965
49.919189453125 49.5977897644043 49.2763862609863 48.7752723693848 48.2142562866211 47.6532440185547 47.092227935791 46.5312118530273 45.9701957702637 45.4091796875 44.8232116699219 44.1623764038086 43.5015411376953 42.840705871582 42.1798706054688 41.5190353393555 40.8582000732422 40.1973648071289 40.0185050964355 40.0003051757812 39.9821014404297 39.9639015197754 39.9457015991211 39.9275016784668 39.9093017578125 39.8354225158691 39.5945205688477 39.3536186218262 39.1127128601074 38.8718109130859 38.6309089660645 38.3900032043457 38.1491012573242 37.7924003601074 37.397102355957 37.0018043518066 36.6065063476562 36.2112045288086 35.8159065246582 35.4206085205078 35.0587692260742 34.7973175048828 34.5358619689941 34.2744064331055 34.0129508972168 33.7514953613281
49.9296340942383 49.6264839172363 49.3233375549316 48.816219329834 48.2411117553711 47.6660041809082 47.0908966064453 46.5157890319824 45.9406814575195 45.3655738830566 44.7632484436035 44.0792579650879 43.3952713012695 42.7112808227539 42.0272903442383 41.3433036804199 40.6593132019043 39.9753265380859 39.8080596923828 39.8130340576172 39.8180084228516 39.8229827880859 39.8279609680176 39.832935333252 39.8379096984863 39.77197265625 39.4932975769043 39.2146224975586 38.9359474182129 38.6572761535645 38.3786010742188 38.099925994873 37.8212509155273 37.4549980163574 37.0595512390137 36.6641006469727 36.2686538696289 35.8732070922852 35.4777565002441 35.0823097229004 34.726016998291 34.4871864318848 34.2483558654785 34.0095252990723 33.770694732666 33.5318641662598
49.9400749206543 49.6551818847656 49.3702850341797 48.8571624755859 48.2679634094238 47.6787643432617 47.0895652770996 46.5003662109375 45.9111671447754 45.3219680786133 44.7032814025879 43.9961395263672 43.2889976501465 42.5818557739258 41.8747138977051 41.1675720214844 40.4604301452637 39.753288269043 39.5976142883301 39.6257667541504 39.6539154052734 39.6820678710938 39.7102165222168 39.7383651733398 39.7665176391602 39.7085189819336 39.3920745849609 39.075626373291 38.7591819763184 38.4427375793457 38.126293182373 37.8098487854004 37.4934005737305 37.1175918579102 36.721996307373 36.3264007568359 35.9308013916016 35.5352058410645 35.1396102905273 34.744010925293 34.3932647705078 34.177059173584 33.9608535766602 33.7446441650391 33.5284385681152 33.3122329711914
49.9505195617676 49.6838798522949 49.417236328125 48.8981094360352 48.2948188781738 47.6915245056152 47.0882339477539 46.4849433898926 45.8816528320312 45.2783622741699 44.6433181762695 43.9130249023438 43.1827278137207 42.4524345397949 41.7221374511719 40.9918403625488 40.261547088623 39.53125 39.3871726989746 39.4384956359863 39.4898223876953 39.5411491394043 39.592472076416 39.643798828125 39.695125579834 39.6450653076172 39.2908477783203 38.9366340637207 38.5824165344238 38.228199005127 37.8739852905273 37.5197677612305 37.1655540466309 36.7801895141602 36.3844451904297 35.988697052002 35.5929527282715 35.197208404541 34.8014602661133 34.4057159423828 34.0605087280273 33.8669281005859 33.6733474731445 33.4797668457031 33.2861824035645 33.092601776123
49.9609603881836 49.712574005127 49.4641876220703 48.9390525817871 48.3216705322266 47.704288482666 47.0869026184082 46.4695205688477 45.8521385192871 45.2347526550293 44.5833549499512 43.829906463623 43.0764579772949 42.3230094909668 41.5695610046387 40.8161125183105 40.0626640319824 39.3092155456543 39.1767272949219 39.2512283325195 39.3257293701172 39.4002304077148 39.4747314453125 39.5492324829102 39.6237335205078 39.5816116333008 39.189624786377 38.7976379394531 38.4056510925293 38.0136642456055 37.6216773986816 37.2296905517578 36.837703704834 36.4427871704102 36.0468902587891 35.6509971618652 35.2551002502441 34.8592071533203 34.4633102416992 34.0674171447754 33.7277565002441 33.5568008422852 33.3858413696289 33.2148857116699 33.0439262390137 32.8729705810547
49.9945182800293 49.7704200744629 49.5463180541992 49.0220718383789 48.397777557373 47.7734870910645 47.1491928100586 46.5248985290527 45.9006042480469 45.276309967041 44.6173248291016 43.8542594909668 43.091194152832 42.3281326293945 41.5650672912598 40.8020057678223 40.0389404296875 39.2758750915527 39.1461219787598 39.227466583252 39.3088150024414 39.3901596069336 39.471508026123 39.5528526306152 39.6342010498047 39.5870323181152 39.1543350219727 38.7216339111328 38.288932800293 37.8562316894531 37.4235305786133 36.9908294677734 36.5581283569336 36.1627082824707 35.7797164916992 35.396728515625 35.0137367248535 34.630744934082 34.2477531433105 33.8647613525391 33.5365447998047 33.3726501464844 33.2087593078613 33.0448684692383 32.880973815918 32.7170829772949
50.0511932373047 49.8574104309082 49.6636276245117 49.1471672058105 48.5231437683105 47.8991203308105 47.2750968933105 46.6510734558105 46.0270500183105 45.4030265808105 44.7452239990234 43.986083984375 43.2269439697266 42.4678001403809 41.7086601257324 40.949520111084 40.1903800964355 39.4312400817871 39.2953491210938 39.3672142028809 39.4390754699707 39.5109367370605 39.5827980041504 39.6546630859375 39.7265243530273 39.6613311767578 39.1849746704102 38.7086181640625 38.2322578430176 37.7559013366699 37.2795448303223 36.8031883239746 36.3268280029297 35.9399642944336 35.5829277038574 35.2258911132812 34.8688545227051 34.5118179321289 34.1547813415527 33.7977447509766 33.4868698120117 33.3144836425781 33.1420974731445 32.9697113037109 32.7973251342773 32.6249389648438
50.1078643798828 49.9444007873535 49.7809410095215 49.2722587585449 48.6485061645508 48.0247535705566 47.4010009765625 46.7772483825684 46.1534957885742 45.5297431945801 44.8731231689453 44.1179084777832 43.3626899719238 42.6074714660645 41.8522529602051 41.0970344543457 40.3418197631836 39.5866012573242 39.444580078125 39.5069580078125 39.5693359375 39.6317138671875 39.694091796875 39.7564697265625 39.8188514709473 39.7356300354004 39.2156143188477 38.6956024169922 38.1755867004395 37.6555709838867 37.1355590820312 36.6155433654785 36.095531463623 35.7172164916992 35.3861351013184 35.0550537109375 34.7239723205566 34.3928909301758 34.0618095397949 33.7307281494141 33.437198638916 33.2563171386719 33.0754356384277 32.8945541381836 32.7136726379395 32.5327911376953
50.1645393371582 50.0313949584961 49.898250579834 49.3973541259766 48.773868560791 48.1503868103027 47.5269050598145 46.9034233093262 46.2799415588379 45.6564598083496 45.0010261535645 44.2497291564941 43.4984359741211 42.747142791748 41.9958457946777 41.2445526123047 40.4932556152344 39.7419624328613 39.5938110351562 39.6467018127441 39.6995964050293 39.7524909973145 39.8053855895996 39.8582801818848 39.9111747741699 39.809928894043 39.2462577819824 38.6825866699219 38.1189155578613 37.5552444458008 36.9915733337402 36.4279022216797 35.8642311096191 35.4944686889648 35.1893424987793 34.8842163085938 34.5790901184082 34.2739677429199 33.9688415527344 33.6637153625488 33.3875274658203 33.1981506347656 33.0087738037109 32.8193969726562 32.6300239562988 32.4406471252441
50.2212104797363 50.1183853149414 50.0155601501465 49.5224456787109 48.8992347717285 48.2760238647461 47.6528129577637 47.0296020507812 46.4063873291016 45.7831764221191 45.1289253234863 44.3815536499023 43.6341819763184 42.8868103027344 42.1394386291504 41.3920669555664 40.6446952819824 39.8973236083984 39.7430381774902 39.786449432373 39.8298606872559 39.8732681274414 39.9166793823242 39.960090637207 40.0034980773926 39.8842239379883 39.2768974304199 38.6695709228516 38.0622406005859 37.4549140930176 36.8475875854492 36.2402572631836 35.6329307556152 35.2717208862305 34.9925498962402 34.71337890625 34.434211730957 34.1550407409668 33.8758697509766 33.5966987609863 33.3378524780273 33.1399841308594 32.9421119689941 32.7442436218262 32.5463714599609 32.348503112793
50.2778854370117 50.205379486084 50.132869720459 49.6475372314453 49.0245971679688 48.4016571044922 47.7787170410156 47.1557769775391 46.5328369140625 45.9098930358887 45.2568283081055 44.5133781433105 43.7699279785156 43.026481628418 42.283031463623 41.5395851135254 40.7961349487305 40.0526847839355 39.8922691345215 39.9261932373047 39.9601211547852 39.9940452575684 40.0279731750488 40.061897277832 40.0958251953125 39.9585227966309 39.3075370788574 38.6565551757812 38.0055694580078 37.3545837402344 36.7036018371582 36.0526161193848 35.4016304016113 35.0489730834961 34.7957572937012 34.5425453186035 34.2893295288086 34.0361137390137 33.7828979492188 33.5296821594238 33.2881813049316 33.0818176269531 32.8754501342773 32.6690864562988 32.4627227783203 32.2563552856445
50.3565254211426 50.2985801696777 50.2406349182129 49.7624740600586 49.1442413330078 48.5260047912598 47.907772064209 47.2895393371582 46.6713027954102 46.0530700683594 45.4018898010254 44.6518745422363 43.90185546875 43.1518402099609 42.4018211364746 41.6518058776855 40.9017868041992 40.1517715454102 39.9900093078613 40.0243301391602 40.058650970459 40.0929756164551 40.1272964477539 40.1616172790527 40.1959419250488 40.0519943237305 39.3732490539551 38.6945037841797 38.0157585144043 37.3370094299316 36.6582641601562 35.9795188903809 35.3007736206055 34.9558601379395 34.722225189209 34.4885902404785 34.254955291748 34.0213241577148 33.7876892089844 33.5540542602539 33.3258819580078 33.1140975952148 32.9023132324219 32.6905250549316 32.4787406921387 32.2669563293457
50.4571304321289 50.3979911804199 50.3388557434082 49.8672523498535 49.2581596374512 48.6490707397461 48.0399780273438 47.4308853149414 46.8217964172363 46.212703704834 45.5641174316406 44.7970390319824 44.0299606323242 43.262882232666 42.4958076477051 41.7287292480469 40.9616508483887 40.1945762634277 40.0362548828125 40.0808525085449 40.1254501342773 40.170051574707 40.2146492004395 40.2592468261719 40.3038482666016 40.1646423339844 39.4740295410156 38.7834167480469 38.0928039550781 37.4021911621094 36.7115783691406 36.0209655761719 35.3303527832031 34.9923782348633 34.7719497680664 34.5515213012695 34.3310928344727 34.1106643676758 33.8902397155762 33.6698112487793 33.4509544372559 33.2368240356445 33.0226936340332 32.8085632324219 32.5944328308105 32.3803024291992
