resources/Exp000_Example-Run/Run01_M2/TimeSeries/2000/model_set/qv2m_avg.asc
NCOLS 265 
NROWS 230 
XLLCORNER -115.5625 
YLLCORNER 24.8333333333333 
CELLSIZE 0.0833333333333333 
NODATA_value -9999 
[rows 133 to 151 of 230, columns 0 to 41 of 265]
0.00578399607911706 0.00575691973790526 0.00572984339669347 0.00570276705548167 0.00567569071426988 0.00564861437305808 0.00562153803184628 0.00563813000917435 0.00566927809268236 0.00570042617619038 0.00573157472535968 0.00576272280886769 0.00579387089237571 0.00582501897588372 0.00584536837413907 0.00583332171663642 0.00582127505913377 0.00580922793596983 0.00579718127846718 0.00578513415530324 0.00577308749780059 0.00576104037463665 0.00574242416769266 0.00572161795571446 0.00570081174373627 0.00568000599741936 0.00565919978544116 0.00563839357346296 0.00561758736148477 0.00559546425938606 0.00556939002126455 0.00554331578314304 0.00551724154502153 0.00549116730690002 0.00546509306877851 0.00543901929631829 0.00541294505819678 0.00540648447349668 0.00540656223893166 0.00540664000436664 0.00540671730414033 0.00540679506957531
0.00567729445174336 0.0056750699877739 0.00567284598946571 0.00567062152549624 0.00566839752718806 0.00566617352887988 0.00566394906491041 0.00569272972643375 0.0057318452745676 0.00577096082270145 0.0058100763708353 0.00584919191896915 0.005888307467103 0.00592742301523685 0.00595310982316732 0.00593851087614894 0.00592391192913055 0.00590931344777346 0.00589471450075507 0.00588011555373669 0.0058655166067183 0.00585091765969992 0.005827353335917 0.00580079993233085 0.00577424699440598 0.00574769405648112 0.00572114065289497 0.00569458771497011 0.00566803431138396 0.00564076378941536 0.00561134098097682 0.00558191770687699 0.00555249489843845 0.00552307162433863 0.00549364881590009 0.00546422600746155 0.00543480273336172 0.00542717985808849 0.00542682316154242 0.00542646646499634 0.00542611023411155 0.00542575353756547
0.00557059235870838 0.00559322070330381 0.00561584858223796 0.0056384764611721 0.00566110434010625 0.00568373221904039 0.00570636056363583 0.00574732944369316 0.00579441245645285 0.00584149546921253 0.00588857801631093 0.00593566102907062 0.00598274357616901 0.0060298265889287 0.00606085127219558 0.00604370003566146 0.00602654926478863 0.0060093984939158 0.00599224772304296 0.00597509695217013 0.00595794571563601 0.00594079494476318 0.00591228203848004 0.00587998190894723 0.00584768177941442 0.00581538211554289 0.00578308198601007 0.00575078185647726 0.00571848172694445 0.00568606331944466 0.0056532914750278 0.00562051963061094 0.00558774778619409 0.00555497594177723 0.00552220409736037 0.00548943225294352 0.00545666040852666 0.00544787477701902 0.00544708408415318 0.00544629339128733 0.00544550269842148 0.00544471200555563
0.00546389073133469 0.00551137095317245 0.0055588511750102 0.00560633139684796 0.00565381161868572 0.00570129137486219 0.00574877159669995 0.00580192916095257 0.00585697963833809 0.00591202965006232 0.00596708012744784 0.00602213013917208 0.00607718015089631 0.00613223062828183 0.00616859225556254 0.00614888966083527 0.0061291866004467 0.00610948354005814 0.00608978094533086 0.00607007788494229 0.00605037529021502 0.00603067222982645 0.00599721120670438 0.0059591643512249 0.00592111703008413 0.00588307017460465 0.00584502285346389 0.00580697553232312 0.00576892867684364 0.00573136331513524 0.00569524243474007 0.00565912202000618 0.00562300113961101 0.00558688025921583 0.00555075984448195 0.00551463896408677 0.00547851854935288 0.00546856969594955 0.00546734500676394 0.00546612031757832 0.0054648956283927 0.00546367093920708
0.00535718910396099 0.00542952120304108 0.00550185376778245 0.00557418586686254 0.00564651843160391 0.00571885053068399 0.00579118309542537 0.00585652934387326 0.00591954682022333 0.0059825642965734 0.00604558177292347 0.00610859924927354 0.00617161672562361 0.00623463420197368 0.0062763337045908 0.00625407882034779 0.00623182393610477 0.00620956905186176 0.00618731416761875 0.00616505928337574 0.00614280439913273 0.00612054951488972 0.00608214037492871 0.00603834632784128 0.00599455228075385 0.00595075823366642 0.0059069637209177 0.00586316967383027 0.00581937562674284 0.00577666284516454 0.00573719339445233 0.00569772394374013 0.00565825449302793 0.00561878504231572 0.00557931512594223 0.00553984567523003 0.00550037622451782 0.00548926461488008 0.0054876059293747 0.0054859472438693 0.00548428809270263 0.00548262940719724
0.00529093248769641 0.00537920976057649 0.00546748656779528 0.00555576337501407 0.00564404064789414 0.00573231745511293 0.00582059426233172 0.00589854130521417 0.00597304478287697 0.00604754826053977 0.00612205220386386 0.00619655568152666 0.00627105915918946 0.00634556263685226 0.00639550015330315 0.00637173885479569 0.00634797755628824 0.0063242157921195 0.00630045449361205 0.0062766931951046 0.00625293143093586 0.00622917013242841 0.00618538167327642 0.0061349174939096 0.00608445284888148 0.00603398866951466 0.00598352449014783 0.005933060310781 0.00588259566575289 0.00583406118676066 0.00579131674021482 0.0057485718280077 0.00570582691580057 0.00566308246925473 0.00562033755704761 0.00557759264484048 0.00553484819829464 0.00552162667736411 0.00551824690774083 0.00551486667245626 0.00551148690283298 0.00550810666754842
0.00526512181386352 0.0053604356944561 0.00545574957504869 0.00555106345564127 0.00564637780189514 0.00574169168248773 0.00583700556308031 0.00592796551063657 0.00601747399196029 0.00610698247328401 0.00619649095460773 0.00628599943593144 0.00637550791725516 0.00646501639857888 0.00652609206736088 0.00650186976417899 0.00647764699533582 0.00645342469215393 0.00642920192331076 0.00640497962012887 0.0063807568512857 0.00635653454810381 0.0063069355674088 0.00624887784942985 0.0061908196657896 0.00613276194781065 0.0060747042298317 0.00601664651185274 0.00595858879387379 0.00590355880558491 0.00585761247202754 0.00581166567280889 0.00576571933925152 0.00571977300569415 0.00567382667213678 0.00562788033857942 0.00558193353936076 0.00556565588340163 0.00555926747620106 0.00555287906900048 0.0055464911274612 0.00554010272026062
0.00523931067436934 0.005341662093997 0.00544401304796338 0.00554636400192976 0.00564871495589614 0.00575106590986252 0.0058534168638289 0.00595738971605897 0.00606190320104361 0.00616641622036695 0.00627092970535159 0.00637544319033623 0.00647995667532086 0.0065844701603055 0.00665668398141861 0.006632000207901 0.00660731690004468 0.00658263312652707 0.00655794935300946 0.00653326604515314 0.00650858227163553 0.00648389849811792 0.00642848899587989 0.00636283773928881 0.00629718648269773 0.00623153522610664 0.00616588396951556 0.00610023271292448 0.0060345814563334 0.00597305642440915 0.00592390820384026 0.00587475998327136 0.00582561176270247 0.00577646354213357 0.00572731532156467 0.00567816756665707 0.00562901934608817 0.00560968508943915 0.00560028851032257 0.00559089193120599 0.0055814953520894 0.00557209877297282
0.00521350000053644 0.00532288802787662 0.00543227605521679 0.00554166408255696 0.00565105210989714 0.00576044013723731 0.00586982816457748 0.00598681392148137 0.00610633194446564 0.00622585043311119 0.00634536845609546 0.00646488694474101 0.00658440543338656 0.00670392345637083 0.00678727589547634 0.0067621311172843 0.00673698633909225 0.00671184156090021 0.00668669678270817 0.00666155200451612 0.00663640722632408 0.00661126244813204 0.00655004289001226 0.00647679809480906 0.00640355329960585 0.00633030897006392 0.00625706417486072 0.00618381937965751 0.0061105745844543 0.00604255357757211 0.00599020393565297 0.00593785382807255 0.00588550418615341 0.00583315454423428 0.00578080443665385 0.00572845479473472 0.00567610468715429 0.00565371382981539 0.0056413090787828 0.00562890432775021 0.00561649957671762 0.00560409482568502
0.00518768932670355 0.00530411396175623 0.0054205390624702 0.00553696416318417 0.00565338926389813 0.0057698143646121 0.00588623946532607 0.00601623812690377 0.00615076115354896 0.00628528418019414 0.00641980767250061 0.00655433069914579 0.00668885372579098 0.00682337721809745 0.00691786780953407 0.0068922620266676 0.00686665624380112 0.00684105046093464 0.00681544467806816 0.0067898384295404 0.00676423264667392 0.00673862686380744 0.00667159678414464 0.0065907584503293 0.00650992011651397 0.00642908224835992 0.00634824391454458 0.00626740558072925 0.0061865677125752 0.00611205119639635 0.00605649966746569 0.00600094813853502 0.00594539660960436 0.0058898450806737 0.00583429355174303 0.00577874202281237 0.0057231904938817 0.00569774303585291 0.00568233011290431 0.00566691672429442 0.00565150380134583 0.00563609087839723
0.00516187818720937 0.00528534036129713 0.00540880253538489 0.00553226424381137 0.00565572641789913 0.0057791885919869 0.00590265030041337 0.00604566186666489 0.00619519036263227 0.00634471839293838 0.00649424642324448 0.00664377445355058 0.00679330248385668 0.00694283051416278 0.00704846018925309 0.00702239293605089 0.00699632614850998 0.00697025889530778 0.00694419210776687 0.00691812485456467 0.00689205806702375 0.00686599081382155 0.00679315021261573 0.00670471880584955 0.00661628693342209 0.00652785552665591 0.00643942365422845 0.00635099224746227 0.00626256037503481 0.00618154834955931 0.0061227953992784 0.00606404198333621 0.0060052890330553 0.00594653561711311 0.00588778266683221 0.00582902925089002 0.00577027630060911 0.00574177177622914 0.00572335068136454 0.00570492958649993 0.00568650802597404 0.00566808693110943
0.00516835413873196 0.00529974279925227 0.00543113145977259 0.0055625201202929 0.00569390878081322 0.00582529744133353 0.00595668610185385 0.00613122992217541 0.00632015848532319 0.00650908751413226 0.00669801607728004 0.00688694510608912 0.0070758736692369 0.00726480223238468 0.00739752408117056 0.00736162345856428 0.00732572330161929 0.00728982267901301 0.00725392252206802 0.00721802189946175 0.00718212174251676 0.00714622111991048 0.00705706374719739 0.00695015443488955 0.00684324465692043 0.0067363353446126 0.00662942556664348 0.00652251625433564 0.00641560694202781 0.00631801364943385 0.00624837074428797 0.0061787273734808 0.00610908446833491 0.00603944109752774 0.00596979819238186 0.00590015482157469 0.0058305119164288 0.00579626951366663 0.00577382789924741 0.00575138628482819 0.00572894467040896 0.00570650305598974
0.00520711718127131 0.00534732220694423 0.00548752676695585 0.00562773179262877 0.00576793635264039 0.0059081413783133 0.00604834593832493 0.00627294136211276 0.00652566645294428 0.0067783915437758 0.00703111663460732 0.00728384172543883 0.00753656728193164 0.00778929237276316 0.00796505995094776 0.00790995359420776 0.00785484723746777 0.00779974181205034 0.00774463545531034 0.00768952956423163 0.00763442367315292 0.00757931778207421 0.00746333738788962 0.00732706533744931 0.007190793287009 0.00705452170222998 0.00691824965178967 0.00678197806701064 0.00664570601657033 0.00652144709601998 0.00643322570249438 0.00634500430896878 0.00625678291544318 0.00616856152191758 0.00608034012839198 0.00599211873486638 0.00590389734134078 0.00586123624816537 0.00583376223221421 0.00580628775060177 0.00577881373465061 0.00575133925303817
0.00524588022381067 0.0053949011489749 0.00554392207413912 0.00569294299930334 0.00584196392446756 0.00599098531529307 0.0061400062404573 0.00641465233638883 0.00673117395490408 0.00704769557341933 0.00736421719193459 0.00768073881044984 0.00799726042896509 0.00831378251314163 0.00853259582072496 0.00845828372985125 0.0083839725703001 0.00830966047942638 0.00823534931987524 0.00816103722900152 0.00808672606945038 0.00801241397857666 0.00786961056292057 0.00770397624000907 0.00753834191709757 0.00737270805984735 0.00720707373693585 0.00704143941402435 0.00687580555677414 0.00672488007694483 0.00661808019503951 0.00651128077879548 0.00640448136255145 0.00629768194630742 0.0061908820644021 0.00608408264815807 0.00597728323191404 0.00592620298266411 0.00589369609951973 0.00586118921637535 0.00582868233323097 0.00579617591574788
0.00528464326635003 0.00544248055666685 0.00560031738132238 0.0057581546716392 0.00591599196195602 0.00607382878661156 0.00623166607692838 0.00655636377632618 0.00693668192252517 -9999 0.00769731821492314 -9999 -9999 0.00883827172219753 0.00910013169050217 0.00900661386549473 0.00891309697180986 0.00881957914680243 0.00872606225311756 0.0086325453594327 0.00853902753442526 0.0084455106407404 0.00827588327229023 0.00808088760823011 0.00788589101284742 0.00769089441746473 0.00749589782208204 0.00730090122669935 0.00710590463131666 0.00692831305786967 0.00680293515324593 0.00667755771428347 0.00655217980965972 0.00642680190503597 0.00630142446607351 0.00617604656144977 0.00605066865682602 0.00599116971716285 0.00595363043248653 0.00591609068214893 0.00587855139747262 0.00584101211279631
0.00532340630888939 0.00549005949869752 0.00565671268850565 0.00582336634397507 0.0059900195337832 0.00615667272359133 0.00632332591339946 0.00669807521626353 0.00714218989014626 -9999 -9999 -9999 -9999 -9999 0.00966766756027937 0.00955494400113821 0.00944222137331963 0.00932949874550104 0.00921677518635988 0.0091040525585413 0.00899132993072271 0.00887860637158155 0.00868215691298246 0.00845779851078987 0.0082334391772747 0.00800908077508211 0.00778472190722823 0.00756036303937435 0.00733600417152047 0.00713174603879452 0.00698779011145234 0.00684383418411016 0.00669987825676799 0.00655592232942581 0.00641196640208364 0.00626801047474146 0.00612405454739928 0.00605613645166159 0.00601356429979205 0.00597099214792252 0.00592842046171427 0.00588584830984473
0.00536216935142875 0.00553763890638947 0.00571310799568892 0.00588857755064964 0.00606404710561037 0.0062395166605711 0.00641498621553183 0.00683978665620089 0.00734769739210606 -9999 -9999 -9999 -9999 -9999 -9999 -9999 0.00997134577482939 0.00983941741287708 0.00970748905092478 -9999 -9999 0.00931170303374529 0.0090884305536747 0.00883470941334963 0.00858098827302456 0.00832726713269949 0.00807354599237442 0.00781982485204935 0.00756610371172428 0.00733517901971936 0.00717264506965876 0.00701011111959815 0.00684757670387626 0.00668504275381565 0.00652250833809376 0.00635997438803315 0.00619744043797255 0.00612110318616033 0.00607349863275886 0.0060258936136961 0.00597828906029463 0.00593068450689316
0.00538000371307135 0.00555505277588964 0.00573010183870792 0.00590515090152621 0.0060801999643445 0.00625524902716279 0.00643029808998108 0.00688914395868778 0.00744258891791105 -9999 -9999 -9999 -9999 -9999 -9999 -9999 -9999 -9999 -9999 -9999 -9999 -9999 0.00949382781982422 0.00921990443021059 0.00894598010927439 0.00867205671966076 0.00839813333004713 0.0081242099404335 0.00785028655081987 0.00759814120829105 0.00741133186966181 0.00722452206537127 0.00703771272674203 0.00685090338811278 0.00666409358382225 0.006477284245193 0.00629047490656376 0.00620342651382089 0.00614963192492723 0.00609583733603358 0.00604204321280122 0.00598824862390757
0.00537691032513976 0.00554230203852057 0.00570769421756268 0.00587308639660478 0.00603847810998559 0.00620387028902769 0.00636926246806979 0.00684614758938551 0.00742686446756124 -9999 -9999 -9999 -9999 -9999 -9999 -9999 -9999 -9999 -9999 -9999 -9999 -9999 -9999 0.00961338263005018 0.00932841654866934 0.00904345046728849 0.00875848438590765 0.00847351830452681 0.00818855222314596 0.0079206321388483 0.00770385004580021 0.00748706795275211 0.00727028585970402 0.00705350376665592 0.00683672213926911 0.00661994004622102 0.00640315795317292 0.00630310643464327 0.00624196510761976 0.00618082331493497 0.00611968198791146 0.00605854066088796
