resources/Exp000_Example-Run/Run01_M2/TimeSeries/2000/model_set/qv2m_avg.asc
NCOLS 265 
NROWS 230 
XLLCORNER -115.5625 
YLLCORNER 24.8333333333333 
CELLSIZE 0.0833333333333333 
NODATA_value -9999 
[rows 171 to 189 of 230, columns 84 to 125 of 265]
0.00592902023345232 0.0058651976287365 0.00580137455835938 0.00573755195364356 0.00567372888326645 0.00562233850359917 0.00560824433341622 0.00559415016323328 0.00558005599305034 0.00556596182286739 0.00555186765268445 0.00553777348250151 0.00552367931231856 0.00552072748541832 0.00552148977294564 0.00552225252613425 0.00552301481366158 0.0055237771011889 0.00552453938871622 0.00552530167624354 0.00553668942302465 0.00557995354756713 0.0056232176721096 0.00566648133099079 0.00570974545553327 0.00575300911441445 0.00579627323895693 0.0058395373634994 0.00587717769667506 0.0059129442088306 0.00594871025532484 0.00598447630181909 0.00602024281397462 0.00605600886046886 0.00609177490696311 0.00612683827057481 0.00615979172289371 0.00619274517521262 0.00622569862753153 0.00625865207985044 0.00629160553216934 0.00632455898448825
0.00597996590659022 0.00591287994757295 0.00584579398855567 0.00577870802953839 0.00571162207052112 0.00565679604187608 0.00563875120133162 0.00562070636078715 0.00560266152024269 0.00558461714535952 0.00556657230481505 0.00554852746427059 0.00553048262372613 0.00552568444982171 0.00552530167624354 0.00552491936832666 0.0055245365947485 0.00552415428683162 0.00552377197891474 0.00552338920533657 0.0055344901047647 0.00558004202321172 0.00562559347599745 0.00567114492878318 0.00571669638156891 0.00576224830001593 0.00580779975280166 0.00585335120558739 0.00589057104662061 0.00592501321807504 0.00595945585519075 0.00599389802664518 0.0060283406637609 0.00606278283521533 0.00609722547233105 0.006130694411695 0.00616124272346497 0.00619179103523493 0.00622233934700489 0.00625288765877485 0.0062834364362061 0.00631398474797606
0.00603091111406684 0.0059605622664094 0.00589021295309067 0.00581986363977194 0.0057495147921145 0.00569125404581428 0.0056692585349083 0.00564726302400231 0.00562526751309633 0.00560327200219035 0.00558127649128437 0.00555928098037839 0.00553728546947241 0.0055306414142251 0.00552911357954144 0.00552758621051908 0.00552605884149671 0.00552453147247434 0.00552300410345197 0.0055214767344296 0.00553229078650475 0.00558013003319502 0.00562796927988529 0.00567580852657557 0.00572364777326584 0.00577148701995611 0.00581932626664639 0.00586716551333666 0.00590396393090487 0.00593708269298077 0.00597020145505667 0.00600331975147128 0.00603643851354718 0.00606955727562308 0.0061026755720377 0.0061345505528152 0.00616269372403622 0.00619083736091852 0.00621898053213954 0.00624712370336056 0.00627526687458158 0.00630341051146388
0.00609185267239809 0.00601941999047995 0.0059469873085618 0.00587455462664366 0.00580212194472551 0.00574133731424809 0.00571549823507667 0.00568965869024396 0.00566381961107254 0.00563798053190112 0.0056121414527297 0.005586301907897 0.00556046282872558 0.00555196683853865 0.00554925203323364 0.00554653722792864 0.00554382195696235 0.00554110715165734 0.00553839234635234 0.00553567754104733 0.00554558727890253 0.00559337111189961 0.00564115541055799 0.00568893924355507 0.00573672354221344 0.00578450737521052 0.0058322916738689 0.00588007550686598 0.00591661734506488 0.00594941154122353 0.00598220573738217 0.00601499993354082 0.00604779412969947 0.00608058832585812 0.00611338252201676 0.00614436157047749 0.00616989471018314 0.0061954278498888 0.00622096052393317 0.00624649366363883 0.00627202680334449 0.00629755994305015
0.00616279104724526 0.00608945405110717 0.00601611705496907 0.00594278005883098 0.00586944306269288 0.0058070458471775 0.00577746983617544 0.00574789382517338 0.00571831781417131 0.00568874180316925 0.00565916579216719 0.00562958978116512 0.00560001377016306 0.00558966118842363 0.00558571610599756 0.00558177148923278 0.00557782640680671 0.00557388132438064 0.00556993670761585 0.00556599162518978 0.00557437958195806 0.00561976572498679 0.00566515186801553 0.00571053801104426 0.00575592368841171 0.00580130983144045 0.00584669597446918 0.00589208211749792 0.00592853082343936 0.00596199976280332 0.00599546916782856 0.00602893810719252 0.00606240751221776 0.00609587645158172 0.00612934585660696 0.00616012699902058 0.00618284475058317 0.00620556250214577 0.00622828025370836 0.00625099800527096 0.00627371575683355 0.00629643350839615
0.00623372895643115 0.0061594876460731 0.00608524633571506 0.00601100502535701 0.00593676418066025 0.00587275484576821 0.0058394419029355 0.0058061289601028 0.00577281648293138 0.00573950354009867 0.00570619059726596 0.00567287765443325 0.00563956517726183 0.00562735553830862 0.00562218064442277 0.00561700575053692 0.00561183085665107 0.00560665596276522 0.00560148060321808 0.00559630570933223 0.00560317188501358 0.00564615987241268 0.00568914785981178 0.00573213631287217 0.00577512430027127 0.00581811228767037 0.00586110074073076 0.00590408872812986 0.00594044383615255 0.00597458798438311 0.00600873213261366 0.00604287628084421 0.00607702042907476 0.0061111650429666 0.00614530919119716 0.00617589289322495 0.00619579525664449 0.00621569762006402 0.00623559998348355 0.00625550234690309 0.00627540471032262 0.00629530707374215
0.00630466686561704 0.00622952124103904 0.00615437608212233 0.00607923045754433 0.00600408529862761 0.00593846337869763 0.00590141396969557 0.00586436409503222 0.00582731468603015 0.0057902648113668 0.00575321540236473 0.00571616552770138 0.00567911611869931 0.00566504988819361 0.00565864518284798 0.00565224001184106 0.00564583484083414 0.00563943013548851 0.00563302496448159 0.00562662025913596 0.00563196372240782 0.00567255401983857 0.00571314431726933 0.00575373461470008 0.00579432491213083 0.0058349147439003 0.00587550504133105 0.00591609533876181 0.00595235731452703 0.0059871762059629 0.00602199556306005 0.00605681492015719 0.00609163381159306 0.0061264531686902 0.00616127206012607 0.00619165832176805 0.00620874529704452 0.00622583227232099 0.00624291971325874 0.00626000668853521 0.00627709366381168 0.00629418063908815
0.00637560477480292 0.00629955530166626 0.00622350536286831 0.00614745588973165 0.00607140641659498 0.00600417237728834 0.00596338603645563 0.00592259922996163 0.00588181288912892 0.00584102654829621 0.0058002402074635 0.00575945386663079 0.0057186670601368 0.00570274423807859 0.0056951092556119 0.0056874742731452 0.0056798392906785 0.0056722043082118 0.00566456932574511 0.00565693434327841 0.00566075602546334 0.00569894816726446 0.00573714077472687 0.00577533291652799 0.0058135250583291 0.00585171720013022 0.00588990980759263 0.00592810194939375 0.00596427079290152 0.00599976489320397 0.00603525899350643 0.00607075309380889 0.00610624719411135 0.0061417412944138 0.00617723539471626 0.00620742375031114 0.00622169580310583 0.00623596739023924 0.00625023897737265 0.00626451103016734 0.00627878261730075 0.00629305420443416
0.00644654268398881 0.0063695888966322 0.00629263510927558 0.00621568132191896 0.00613872753456235 0.00606988091021776 0.00602535763755441 0.00598083436489105 0.00593631155788898 0.00589178828522563 0.00584726501256227 0.00580274173989892 0.00575821846723557 0.00574043858796358 0.0057315737940371 0.00572270853444934 0.00571384374052286 0.0057049784809351 0.00569611368700862 0.00568724842742085 0.00568954832851887 0.00572534278035164 0.00576113676652312 0.00579693121835589 0.00583272567018867 0.00586851965636015 0.00590431410819292 0.00594010856002569 0.00597618380561471 0.00601235311478376 0.00604852195829153 0.00608469126746058 0.00612086011096835 0.0061570294201374 0.00619319872930646 0.00622318964451551 0.00623464584350586 0.00624610250815749 0.00625755870714784 0.00626901490613818 0.00628047157078981 0.00629192776978016
0.0065042837522924 0.00642599770799279 0.0063477111980319 0.0062694251537323 0.00619113864377141 0.00612066360190511 0.00607362063601613 0.00602657767012715 0.00597953470423818 0.0059324917383492 0.00588544923812151 0.00583840627223253 0.00579136330634356 0.00577288866043091 0.00576393725350499 0.00575498584657907 0.00574603397399187 0.00573708256706595 0.00572813069447875 0.00571917928755283 0.00572082586586475 0.00575426872819662 0.0057877111248672 0.00582115352153778 0.00585459591820836 0.00588803831487894 0.00592148071154952 0.00595492357388139 0.00599007681012154 0.00602580001577735 0.00606152368709445 0.00609724735841155 0.00613297102972865 0.00616869423538446 0.00620441790670156 0.00623360555619001 0.00624318607151508 0.00625276658684015 0.00626234710216522 0.00627192761749029 0.00628150766715407 0.00629108818247914
0.00654882797971368 0.00646878127008677 0.00638873456045985 0.00630868785083294 0.00622864067554474 0.0061565195210278 0.00610817410051823 0.00605982868000865 0.00601148372516036 0.00596313830465078 0.00591479288414121 0.00586644746363163 0.00581810204312205 0.00580009492114186 0.00579220009967685 0.00578430527821183 0.00577641045674682 0.00576851610094309 0.00576062127947807 0.00575272645801306 0.00575458956882358 0.0057857264764607 0.00581686291843653 0.00584799982607365 0.00587913626804948 0.0059102731756866 0.00594141008332372 0.00597254652529955 0.00600594887509942 0.0060401065275073 0.0060742637142539 0.00610842136666179 0.00614257855340838 0.00617673620581627 0.00621089339256287 0.00623867241665721 0.0062473164871335 0.00625596009194851 0.0062646041624248 0.00627324776723981 0.0062818918377161 0.00629053544253111
0.00659337267279625 0.00651156529784203 0.00642975745722651 0.00634795008227229 0.00626614270731807 0.0061923754401505 0.00614272756502032 0.00609307968989015 0.00604343228042126 0.00599378440529108 0.0059441365301609 0.00589448912069201 0.00584484124556184 0.00582730071619153 0.0058204629458487 0.00581362517550588 0.00580678740516305 0.00579994916915894 0.00579311139881611 0.00578627362847328 0.00578835280612111 0.00581718375906348 0.00584601517766714 0.00587484613060951 0.00590367708355188 0.00593250803649426 0.00596133898943663 0.005990169942379 0.00602182140573859 0.00605441257357597 0.00608700374141335 0.00611959537491202 0.0061521865427494 0.00618477771058679 0.00621736934408545 0.0062437392771244 0.00625144643709064 0.00625915406271815 0.00626686122268438 0.00627456838265061 0.00628227554261684 0.00628998270258307
0.00663791690021753 0.006554348859936 0.00647078081965446 0.00638721277937293 0.0063036447390914 0.0062282313592732 0.00617728102952242 0.00612633116543293 0.00607538083568215 0.00602443050593138 0.00597348064184189 0.00592253031209111 0.00587157998234034 0.00585450697690248 0.00584872579202056 0.00584294460713863 0.005837163887918 0.00583138270303607 0.00582560198381543 0.00581982079893351 0.00582211650907993 0.00584864150732756 0.00587516697123647 0.00590169243514538 0.005928217433393 0.00595474289730191 0.00598126789554954 0.00600779335945845 0.00603769347071648 0.00606871861964464 0.00609974376857281 0.00613076891750097 0.00616179453209043 0.00619281968101859 0.00622384482994676 0.0062488061375916 0.00625557685270905 0.00626234756782651 0.00626911828294396 0.00627588853240013 0.00628265924751759 0.00628942996263504
0.00668246112763882 0.00659713242202997 0.00651180418208241 0.00642647547647357 0.00634114677086473 0.00626408727839589 0.00621183449402452 0.00615958217531443 0.00610732939094305 0.00605507707223296 0.00600282428786159 0.00595057150349021 0.00589831918478012 0.00588171277195215 0.00587698863819242 0.00587226450443268 0.00586754037067294 0.0058628162369132 0.00585809210315347 0.00585336796939373 0.00585587974637747 0.00588009925559163 0.00590431876480579 0.00592853827401996 0.00595275778323412 0.00597697729244828 0.00600119680166245 0.00602541631087661 0.00605356553569436 0.00608302466571331 0.00611248379573226 0.00614194292575121 0.00617140205577016 0.00620086118578911 0.00623032031580806 0.0062538729980588 0.00625970726832747 0.00626554107293487 0.00627137487754226 0.00627720914781094 0.00628304295241833 0.00628887722268701
0.0067270053550601 0.00663991644978523 0.00655282707884908 0.00646573817357421 0.00637864880263805 0.00629994319751859 0.0062463884241879 0.00619283318519592 0.00613927794620395 0.00608572317287326 0.00603216793388128 0.00597861316055059 0.00592505792155862 0.00590891856700182 0.00590525148436427 0.00590158440172672 0.00589791685342789 0.00589424977079034 0.00589058268815279 0.00588691513985395 0.00588964344933629 0.0059115570038557 0.00593347102403641 0.00595538457855582 0.00597729859873652 0.00599921215325594 0.00602112617343664 0.00604303972795606 0.00606943806633353 0.00609733117744327 0.00612522382289171 0.00615311693400145 0.00618101004511118 0.00620890315622091 0.00623679580166936 0.00625893985852599 0.00626383721828461 0.00626873457804322 0.00627363193780184 0.00627852929756045 0.00628342665731907 0.00628832401707768
0.00678117293864489 0.00669058691710234 0.00660000136122108 0.00650941533967853 0.00641882978379726 0.00633697956800461 0.00628133723512292 0.00622569443657994 0.00617005163803697 0.00611440883949399 0.00605876604095101 0.00600312324240804 0.00594748044386506 0.00593147985637188 0.00592869333922863 0.00592590635642409 0.00592311983928084 0.00592033285647631 0.00591754633933306 0.00591475935652852 0.00591785553842783 0.00593859935179353 0.00595934363082051 0.00598008744418621 0.0060008317232132 0.00602157553657889 0.00604231934994459 0.00606306362897158 0.00608811248093843 0.00611459696665406 0.0061410809867084 0.00616756500676274 0.00619404949247837 0.00622053351253271 0.00624701753258705 0.00626802863553166 0.00627262005582452 0.00627721101045609 0.00628180243074894 0.00628639338538051 0.00629098480567336 0.00629557576030493
0.00684496341273189 0.00674914475530386 0.00665332656353712 0.0065575079061091 0.00646168924868107 0.00637519685551524 0.00631668092682958 0.0062581654638052 0.00619964953511953 0.00614113407209516 0.00608261814340949 0.00602410268038511 0.00596558675169945 0.00594939617440104 0.0059473137371242 0.00594523083418608 0.00594314839690924 0.0059410659596324 0.00593898352235556 0.00593690108507872 0.00594051647931337 0.00596122676506639 0.0059819370508194 0.00600264687091112 0.00602335715666413 0.00604406744241714 0.00606477772817016 0.00608548801392317 0.00610958971083164 0.00613482249900699 0.00616005528718233 0.00618528760969639 0.00621052039787173 0.00623575318604708 0.00626098550856113 0.00628113886341453 0.00628605438396335 0.00629096990451217 0.00629588542506099 0.00630080094560981 0.00630571646615863 0.00631063198670745
0.00690875388681889 0.00680770259350538 0.00670665176585317 0.00660560047253966 0.00650454917922616 0.00641341367736459 0.00635202508419752 0.00629063649103045 0.00622924789786339 0.00616785930469632 0.00610647071152925 0.00604508211836219 0.00598369305953383 0.00596731249243021 0.00596593413501978 0.00596455577760935 0.00596317742019892 0.00596179906278849 0.00596042070537806 0.00595904234796762 0.00596317742019892 0.00598385371267796 0.00600453047081828 0.00602520676329732 0.00604588305577636 0.0060665593482554 0.00608723564073443 0.00610791193321347 0.00613106694072485 0.00615504803135991 0.00617902912199497 0.00620301021263003 0.0062269913032651 0.00625097239390016 0.0062749539501965 0.00629424955695868 0.00629948917776346 0.00630472926422954 0.00630996888503432 0.00631520850583911 0.00632044859230518 0.00632568821310997
0.00697254436090589 0.0068662604317069 0.00675997650250793 0.00665369257330894 0.00654740910977125 0.00645163049921393 0.00638736924156547 0.00632310751825571 0.00625884579494596 0.00619458453729749 0.00613032281398773 0.00606606109067798 0.00600179983302951 0.00598522881045938 0.00598455453291535 0.00598388025537133 0.00598320597782731 0.00598253170028329 0.00598185788840055 0.00598118361085653 0.00598583882674575 0.00600648112595081 0.00602712342515588 0.00604776619002223 0.0060684084892273 0.00608905125409365 0.00610969355329871 0.00613033631816506 0.00615254417061806 0.00617527356371284 0.0061980034224689 0.00622073281556368 0.00624346267431974 0.00626619206741452 0.00628892192617059 0.00630735978484154 0.00631292397156358 0.00631848815828562 0.00632405234500766 0.0063296165317297 0.00633518025279045 0.00634074443951249
