resources/Exp000_Example-Run/Run01_M2/TimeSeries/2000/model_set/qv2m_avg.asc
NCOLS 265 
NROWS 230 
XLLCORNER -115.5625 
YLLCORNER 24.8333333333333 
CELLSIZE 0.0833333333333333 
NODATA_value -9999 
[rows 38 to 56 of 230, columns 0 to 41 of 265]
0.00379061885178089 0.00378600903786719 0.00378139922395349 0.00377678917720914 0.00377217936329544 0.00376756931655109 0.00376295950263739 0.00375153170898557 0.00373783125542104 0.00372413103468716 0.00371043058112264 0.00369673012755811 0.00368302990682423 0.00366932945325971 0.00366475293412805 0.00368754821829498 0.00371034350246191 0.00373313878662884 0.00375593407079577 0.00377872935496271 0.00380152463912964 0.00382431992329657 0.00387582113035023 0.00393689051270485 0.0039979605935514 0.00405903020873666 0.00412009982392192 0.00418116943910718 0.00424223905429244 0.00430972035974264 0.00439643720164895 0.00448315357789397 0.00456986995413899 0.0046565867960453 0.00474330317229033 0.00483002001419663 0.00491673639044166 0.00489696161821485 0.00484168995171785 0.00478641828522086 0.00473114661872387 0.00467587495222688
0.00377749046310782 0.00377354375086725 0.00376959703862667 0.00376565032638609 0.00376170361414552 0.00375775713473558 0.00375381042249501 0.00374278612434864 0.00372940301895142 0.00371601968072355 0.00370263634249568 0.00368925300426781 0.00367586966603994 0.00366248632781208 0.00365820620208979 0.00368123571388423 0.00370426499284804 0.00372729450464249 0.00375032378360629 0.00377335329540074 0.00379638257436454 0.00381941208615899 0.00386377237737179 0.00391524285078049 0.00396671378985047 0.00401818426325917 0.00406965473666787 0.00412112567573786 0.00417259614914656 0.0042310212738812 0.0043103089556098 0.00438959710299969 0.00446888478472829 0.00454817293211818 0.00462746061384678 0.00470674876123667 0.00478603644296527 0.00477768434211612 0.00474011851474643 0.00470255268737674 0.00466498686000705 0.00462742103263736
0.00376436184160411 0.00376107846386731 0.0037577950861305 0.00375451170839369 0.00375122809782624 0.00374794472008944 0.00374466134235263 0.00373404077254236 0.00372097454965115 0.00370790832675993 0.00369484210386872 0.00368177588097751 0.0036687096580863 0.00365564343519509 0.00365165947005153 0.00367492297664285 0.00369818648323417 0.00372144998982549 0.00374471372924745 0.00376797723583877 0.00379124074243009 0.00381450424902141 0.00385172385722399 0.00389359542168677 0.00393546698614955 0.00397733831778169 0.00401921011507511 0.00406108191236854 0.00410295324400067 0.00415232172235847 0.00422418117523193 0.00429604016244411 0.00436789961531758 0.00443975860252976 0.00451161805540323 0.0045834775082767 0.00465533649548888 0.0046584066003561 0.00463854661211371 0.00461868708953261 0.00459882710129023 0.00457896711304784
0.00375123345293105 0.00374861317686737 0.00374599290080369 0.00374337285757065 0.00374075258150697 0.00373813230544329 0.00373551226221025 0.00372529518790543 0.00371254608035088 0.00369979697279632 0.00368704786524177 0.00367429852485657 0.00366154941730201 0.00364880030974746 0.00364511273801327 0.0036686104722321 0.0036921079736203 0.00371560570783913 0.00373910344205797 0.00376260094344616 0.003786098677665 0.00380959641188383 0.00383967510424554 0.00387194775976241 0.00390422018244863 0.00393649283796549 0.00396876549348235 0.00400103768333793 0.00403331033885479 0.00407362263649702 0.00413805292919278 0.00420248368754983 0.00426691444590688 0.00433134473860264 0.00439577549695969 0.00446020625531673 0.0045246365480125 0.00453912885859609 0.00453697517514229 0.0045348210260272 0.0045326673425734 0.00453051319345832
0.00373515347018838 0.00373322702944279 0.00373130082152784 0.00372937438078225 0.0037274481728673 0.00372552173212171 0.00372359552420676 0.0037143868394196 0.00370275066234171 0.00369111471809447 0.00367947854101658 0.00366784259676933 0.00365620641969144 0.0036445704754442 0.00364155787974596 0.00366441626101732 0.00368727440945804 0.0037101327907294 0.00373299093917012 0.00375584932044148 0.0037787074688822 0.00380156585015357 0.00382764497771859 0.00385479745455086 0.00388195016421378 0.00390910264104605 0.00393625535070896 0.00396340806037188 0.00399056077003479 0.00402517849579453 0.00408219313248992 0.0041392077691853 0.00419622240588069 0.00425323704257607 0.00431025167927146 0.00436726631596684 0.00442428095266223 0.00444497214630246 0.00445355521515012 0.00446213828399777 0.00447072135284543 0.00447930442169309
0.00371612212620676 0.00371492025442421 0.00371371838264167 0.00371251651085913 0.00371131463907659 0.00371011300012469 0.00370891112834215 0.00370131549425423 0.0036915885284543 0.00368186156265438 0.00367213459685445 0.00366240763105452 0.00365268089808524 0.00364295393228531 0.00364099512808025 0.0036623403429985 0.0036836857907474 0.0037050312384963 0.0037263766862452 0.0037477221339941 0.00376906734891236 0.00379041279666126 0.00381563301198184 0.00384214473888278 0.00386865669861436 0.00389516842551529 0.00392168015241623 0.00394819211214781 0.00397470407187939 0.00400699069723487 0.00405660178512335 0.00410621333867311 0.00415582442656159 0.00420543598011136 0.00425504706799984 0.00430465862154961 0.00435426970943809 0.00437593599781394 0.00438828719779849 0.00440063839778304 0.00441298959776759 0.00442534079775214
0.00369709078222513 0.00369661347940564 0.00369613617658615 0.00369565864093602 0.00369518133811653 0.00369470403529704 0.00369422673247755 0.00368824391625822 0.00368042616173625 0.00367260840721428 0.00366479065269232 0.00365697289817035 0.00364915514364839 0.00364133738912642 0.00364043214358389 0.00366026465781033 0.00368009717203677 0.0036999296862632 0.00371976220048964 0.00373959471471608 0.00375942722894251 0.00377925974316895 0.00380362127907574 0.00382949225604534 0.00385536323301494 0.00388123420998454 0.00390710541978478 0.00393297616392374 0.00395884737372398 0.00398880243301392 0.00403101043775678 0.00407321844249964 0.0041154264472425 0.00415763445198536 0.00419984245672822 0.00424205046147108 0.00428425846621394 0.00430690031498671 0.00432301918044686 0.00433913851156831 0.00435525784268975 0.0043713771738112
0.00367805943824351 0.00367830647155643 0.00367855373769999 0.0036788007710129 0.00367904803715646 0.00367929507046938 0.00367954233661294 0.00367517257109284 0.00366926402784884 0.00366335525177419 0.00365744670853019 0.00365153816528618 0.00364562938921154 0.00363972084596753 0.00363986915908754 0.00365818897262216 0.00367650855332613 0.0036948281340301 0.00371314794756472 0.0037314675282687 0.00374978710897267 0.00376810668967664 0.003791609313339 0.00381683954037726 0.00384206976741552 0.00386729999445379 0.00389253022149205 0.00391776021569967 0.00394299067556858 0.00397061463445425 0.00400541909039021 0.00404022401198745 0.0040750284679234 0.00410983338952065 0.0041446378454566 0.00417944276705384 0.00421424768865108 0.00423786416649818 0.00425775162875652 0.00427763909101486 0.00429752608761191 0.00431741354987025
0.00365902809426188 0.00365999969653785 0.00366097129881382 0.00366194290108979 0.00366291450336576 0.00366388610564172 0.00366485770791769 0.00366210122592747 0.00365810166113079 0.0036541020963341 0.00365010276436806 0.00364610319957137 0.00364210386760533 0.00363810430280864 0.00363930640742183 0.00365611305460334 0.00367291993461549 0.003689726581797 0.00370653346180916 0.00372334010899067 0.00374014698900282 0.00375695363618433 0.00377959758043289 0.00380418682470918 0.00382877630181611 0.00385336577892303 0.00387795502319932 0.00390254450030625 0.00392713397741318 0.0039524263702333 0.00397982774302363 0.00400722911581397 0.00403463048860431 0.00406203186139464 0.00408943369984627 0.0041168350726366 0.00414423644542694 0.00416882801800966 0.0041924836114049 0.00421613920480013 0.00423979433253407 0.00426344992592931
0.00363999675028026 0.00364169292151928 0.0036433890927583 0.00364508503116667 0.00364678120240569 0.00364847737364471 0.00365017331205308 0.00364902964793146 0.00364693929441273 0.00364484894089401 0.00364275882020593 0.0036406684666872 0.00363857811316848 0.00363648775964975 0.00363874342292547 0.00365403736941516 0.00366933131590486 0.00368462526239455 0.0036999189760536 0.00371521292254329 0.00373050686903298 0.00374580058269203 0.00376758561469615 0.00379153434187174 0.00381548283621669 0.00383943156339228 0.00386338005773723 0.00388732878491282 0.00391127727925777 0.00393423810601234 0.00395423639565706 0.00397423468530178 0.00399423250928521 0.00401423079892993 0.00403422908857465 0.00405422691255808 0.0040742252022028 0.00409979233518243 0.00412721559405327 0.0041546393185854 0.00418206257745624 0.00420948630198836
0.00362448440864682 0.00362699013203382 0.00362949608825147 0.00363200204446912 0.00363450800068676 0.00363701395690441 0.00363951968029141 0.00363942934200168 0.00363847333937883 0.00363751733675599 0.00363656133413315 0.00363560533151031 0.00363464956171811 0.00363369355909526 0.00363655318506062 0.00365086016245186 0.00366516690701246 0.00367947388440371 0.00369378086179495 0.00370808760635555 0.00372239458374679 0.00373670132830739 0.00375828868709505 0.00378230260685086 0.00380631675943732 0.00383033091202378 0.0038543448317796 0.00387835898436606 0.00390237313695252 0.00392454070970416 0.00394116807729006 0.00395779544487596 0.00397442281246185 0.00399105018004775 0.00400767801329494 0.00402430538088083 0.00404093274846673 0.00406566727906466 0.00409310357645154 0.00412054033949971 0.0041479766368866 0.00417541339993477
0.00361249083653092 0.00361589179374278 0.00361929275095463 0.00362269370816648 0.00362609489820898 0.00362949585542083 0.00363289681263268 0.00363329984247684 0.0036327033303678 0.00363210705108941 0.00363151077181101 0.00363091425970197 0.00363031798042357 0.00362972146831453 0.00363273569382727 0.00364658143371344 0.0036604271735996 0.00367427291348577 0.00368811865337193 0.0037019643932581 0.00371581013314426 0.00372965587303042 0.00375170656479895 0.00377649231813848 0.00380127807147801 0.00382606382481754 0.00385084981098771 0.00387563556432724 0.00390042131766677 0.00392333278432488 0.00394062232226133 0.00395791186019778 0.00397520139813423 0.00399249093607068 0.00400978047400713 0.00402706954628229 0.00404435908421874 0.00406645238399506 0.00409014709293842 0.00411384180188179 0.00413753651082516 0.00416123121976852
0.00360049726441503 0.00360479322262108 0.00360908941365778 0.00361338560469449 0.00361768179573119 0.00362197775393724 0.00362627394497395 0.00362717034295201 0.00362693355418742 0.00362669676542282 0.00362645997665823 0.00362622318789363 0.00362598639912903 0.00362574961036444 0.00362891820259392 0.00364230270497501 0.0036556872073561 0.00366907194256783 0.00368245644494891 0.00369584094733 0.00370922568254173 0.00372261018492281 0.00374512444250286 0.0037706820294261 0.0037962393835187 0.00382179697044194 0.00384735455736518 0.00387291191145778 0.00389846949838102 0.0039221253246069 0.0039400770328939 0.00395802827551961 0.00397597998380661 0.00399393122643232 0.00401188293471932 0.00402983417734504 0.00404778588563204 0.00406723795458674 0.00408719107508659 0.00410714372992516 0.00412709638476372 0.00414704903960228
0.00358850345946848 0.00359369488433003 0.00359888607636094 0.00360407726839185 0.00360926846042275 0.0036144598852843 0.00361965107731521 0.00362104084342718 0.00362116377800703 0.00362128647975624 0.00362140918150544 0.00362153211608529 0.0036216548178345 0.0036217775195837 0.00362510047852993 0.00363802397623658 0.00365094747394323 0.00366387073881924 0.00367679423652589 0.00368971773423254 0.00370264099910855 0.0037155644968152 0.00373854232020676 0.00376487150788307 0.00379120069555938 0.00381753011606634 0.00384385930374265 0.00387018849141896 0.00389651767909527 0.00392091786488891 0.00393953127786517 0.00395814469084144 0.00397675856947899 0.00399537198245525 0.00401398539543152 0.00403259880840778 0.00405121222138405 0.00406802352517843 0.00408423459157348 0.00410044519230723 0.00411665625870228 0.00413286685943604
0.00357650988735259 0.00358259631320834 0.0035886827390641 0.00359476916491985 0.00360085535794497 0.00360694178380072 0.00361302820965648 0.00361491157673299 0.003615393768996 0.00361587619408965 0.0036163586191833 0.00361684104427695 0.00361732323653996 0.00361780566163361 0.00362128298729658 0.00363374524749815 0.00364620750769973 0.0036586697679013 0.00367113202810287 0.00368359428830445 0.00369605654850602 0.0037085188087076 0.00373196019791067 0.00375906121917069 0.00378616200760007 0.00381326302886009 0.00384036405012012 0.00386746507138014 0.00389456585980952 0.00391971040517092 0.00393898598849773 0.00395826157182455 0.00397753668949008 0.0039968122728169 0.00401608785614371 0.00403536297380924 0.00405463855713606 0.00406880909577012 0.00408127810806036 0.0040937471203506 0.00410621613264084 0.00411868514493108
0.00356451631523669 0.00357149797491729 0.00357847940176725 0.00358546082861722 0.00359244225546718 0.00359942368231714 0.00360640534199774 0.00360878207720816 0.00360962399281561 0.00361046590842307 0.00361130782403052 0.00361214973963797 0.00361299165524542 0.00361383380368352 0.00361746549606323 0.00362946651875973 0.00364146777428687 0.00365346879698336 0.00366546981967986 0.003677471075207 0.00368947209790349 0.00370147335343063 0.00372537807561457 0.00375325069762766 0.00378112331964076 0.00380899617448449 0.00383686879649758 0.00386474141851068 0.00389261404052377 0.00391850294545293 0.00393844023346901 0.00395837798714638 0.00397831527516246 0.00399825256317854 0.00401819031685591 0.00403812760487199 0.00405806489288807 0.00406959466636181 0.00407832162454724 0.00408704858273268 0.0040957760065794 0.00410450296476483
0.00355117348954082 0.00355898728594184 0.00356680108234286 0.00357461487874389 0.00358242867514491 0.00359024247154593 0.00359805626794696 0.00360097642987967 0.00360226538032293 0.00360355409793556 0.00360484304837883 0.00360613176599145 0.00360742071643472 0.00360870943404734 0.00361265987157822 0.00362459453754127 0.00363652920350432 0.00364846386946738 0.00366039853543043 0.00367233320139349 0.00368426786735654 0.00369620253331959 0.00372049561701715 0.00374890817329288 0.00377732049673796 0.00380573305301368 0.00383414537645876 0.00386255793273449 0.00389097048901021 0.0039174105040729 0.00393793312832713 0.00395845575258136 0.00397897884249687 0.0039995014667511 0.00402002409100533 0.00404054718092084 0.00406106980517507 0.00407047849148512 0.00407618191093206 0.0040818857960403 0.00408758968114853 0.00409329356625676
0.00353648141026497 0.00354506471194327 0.00355364801362157 0.00356223131529987 0.00357081484980881 0.00357939815148711 0.00358798145316541 0.0035914946347475 0.00359331769868731 0.00359514076262712 0.00359696382656693 0.00359878689050674 0.0036006101872772 0.00360243325121701 0.00360686611384153 0.00361912907101214 0.00363139202818274 0.00364365498535335 0.00365591794252396 0.00366818089969456 0.00368044385686517 0.00369270681403577 0.0037173128221184 0.00374603318050504 0.00377475353889167 0.00380347389727831 0.00383219425566494 0.00386091438122094 0.00388963473960757 0.00391643308103085 0.00393746420741081 0.00395849579945207 0.00397952692583203 0.00400055851787329 0.00402159010991454 0.00404262123629451 0.00406365282833576 0.00407146010547876 0.00407485943287611 0.00407825876027346 0.00408165762200952 0.00408505694940686
0.00352178909815848 0.0035311421379447 0.00354049494490027 0.00354984775185585 0.00355920079164207 0.00356855359859765 0.00357790663838387 0.00358201283961535 0.00358437024988234 0.00358672742731869 0.00358908483758569 0.00359144224785268 0.00359379942528903 0.00359615683555603 0.00360107258893549 0.00361366383731365 0.00362625508569181 0.00363884633406997 0.00365143758244812 0.00366402883082628 0.00367662007920444 0.0036892113275826 0.0037141302600503 0.00374315842054784 0.00377218658104539 0.00380121474154294 0.00383024290204048 0.00385927106253803 0.00388829922303557 0.0039154551923275 0.00393699528649449 0.00395853538066149 0.00398007547482848 0.00400161556899548 0.00402315566316247 0.00404469575732946 0.00406623585149646 0.00407244171947241 0.00407353648915887 0.00407463125884533 0.00407572602853179 0.00407682079821825
