resources/Exp000_Example-Run/Run01_M2/TimeSeries/2000/model_set/swgnt_avg.asc
NCOLS 265 
NROWS 230 
XLLCORNER -115.5625 
YLLCORNER 24.8333333333333 
CELLSIZE 0.0833333333333333 
NODATA_value -9999 
[rows 180 to 199 of 230, columns 46 to 91 of 265]
198.260833740234 197.585876464844 196.910934448242 196.235977172852 195.561019897461 194.886077880859 195.753051757812 197.134017944336 198.51496887207 199.895919799805 201.276885986328 202.657836914062 204.038803100586 205.332321166992 206.363540649414 207.394775390625 208.425994873047 209.457229614258 210.48844909668 211.519668579102 212.550903320312 213.320114135742 214.001998901367 214.683883666992 215.365768432617 216.047668457031 216.729553222656 217.411437988281 217.983673095703 218.226974487305 218.470275878906 218.713562011719 218.95686340332 219.200164794922 219.443466186523 219.686767578125 219.994201660156 220.323013305664 220.651840209961 220.980651855469 221.309463500977 221.638290405273 221.967102050781 222.092819213867 221.60920715332 221.125595092773
201.352874755859 200.275970458984 199.19905090332 198.122131347656 197.045211791992 195.968292236328 196.695098876953 198.023132324219 199.351150512695 200.679183959961 202.007217407227 203.335250854492 204.663284301758 205.902191162109 206.873748779297 207.845306396484 208.816864013672 209.788421630859 210.759979248047 211.731536865234 212.703094482422 213.417739868164 214.046752929688 214.675765991211 215.304779052734 215.933792114258 216.56282043457 217.191833496094 217.724044799805 217.965866088867 218.207702636719 218.449523925781 218.691345214844 218.933181762695 219.175003051758 219.41682434082 219.764862060547 220.148284912109 220.531723022461 220.915145874023 221.298583984375 221.682006835938 222.065444946289 222.244537353516 221.810668945312 221.376800537109
204.444931030273 202.966049194336 201.487167358398 200.008285522461 198.529403686523 197.050521850586 197.637130737305 198.912246704102 200.187347412109 201.462448120117 202.737564086914 204.012664794922 205.28776550293 206.472076416016 207.38395690918 208.295852661133 209.207733154297 210.11962890625 211.031509399414 211.943389892578 212.855285644531 213.515365600586 214.091506958008 214.66764831543 215.243789672852 215.819931030273 216.396087646484 216.972229003906 217.464416503906 217.704772949219 217.945129394531 218.185485839844 218.425842285156 218.666198730469 218.906539916992 219.146896362305 219.535522460938 219.973556518555 220.411605834961 220.849639892578 221.287689208984 221.725723266602 222.163772583008 222.396270751953 222.012130737305 221.627990722656
207.536972045898 205.656127929688 203.775283813477 201.894439697266 200.013595581055 198.132751464844 198.579177856445 199.801345825195 201.023529052734 202.245712280273 203.467895507812 204.690078735352 205.912261962891 207.041946411133 207.894165039062 208.746383666992 209.598602294922 210.450820922852 211.303039550781 212.155258178711 213.007476806641 213.612991333008 214.136260986328 214.659530639648 215.182800292969 215.706069946289 216.229354858398 216.752624511719 217.204803466797 217.44367980957 217.682556152344 217.921447753906 218.16032409668 218.399200439453 218.638092041016 218.876968383789 219.306182861328 219.798828125 220.291488647461 220.784149169922 221.276794433594 221.769454956055 222.262100219727 222.547988891602 222.213592529297 221.879196166992
210.629028320312 208.346221923828 206.063400268555 203.78059387207 201.497787475586 199.214965820312 199.521209716797 200.690460205078 201.859725952148 203.02897644043 204.198226928711 205.367492675781 206.536743164062 207.611831665039 208.404373168945 209.196929931641 209.989471435547 210.782028198242 211.574569702148 212.367126464844 213.15966796875 213.710601806641 214.181015014648 214.651412963867 215.121810913086 215.592208862305 216.062622070312 216.533020019531 216.945175170898 217.182586669922 217.419982910156 217.65739440918 217.894805908203 218.132217407227 218.36962890625 218.607040405273 219.076843261719 219.624099731445 220.171371459961 220.718643188477 221.265899658203 221.813171386719 222.360443115234 222.699722290039 222.415054321289 222.130386352539
213.721069335938 211.03630065918 208.351516723633 205.666748046875 202.981964111328 200.29719543457 200.463241577148 201.579574584961 202.695907592773 203.812240600586 204.928573608398 206.044906616211 207.161239624023 208.181701660156 208.914581298828 209.6474609375 210.380340576172 211.113220214844 211.846099853516 212.578979492188 213.311859130859 213.808227539062 214.22575378418 214.643295288086 215.060821533203 215.47834777832 215.895889282227 216.313415527344 216.685546875 216.921478271484 217.157424926758 217.393356323242 217.629287719727 217.865234375 218.101165771484 218.337112426758 218.847503662109 219.449371337891 220.051254272461 220.653137207031 221.255020141602 221.856887817383 222.458770751953 222.851455688477 222.616516113281 222.381576538086
-9999 213.776275634766 211.03840637207 208.300552368164 205.562698364258 202.824844360352 202.77815246582 203.628509521484 204.478881835938 205.329238891602 206.179611206055 207.029983520508 207.880340576172 208.683410644531 209.344604492188 210.005798339844 210.667007446289 211.328201293945 211.989395141602 212.650588989258 213.311782836914 213.773620605469 214.168991088867 214.564361572266 214.959732055664 215.355102539062 215.750473022461 216.145843505859 216.500701904297 216.734008789062 216.967330932617 217.200637817383 217.433944702148 217.667266845703 217.900573730469 218.133880615234 218.661544799805 219.287307739258 219.9130859375 220.538848876953 221.164627075195 221.790405273438 222.416168212891 222.844573974609 222.680847167969 222.517120361328
-9999 -9999 -9999 211.682022094727 209.239959716797 206.797912597656 206.465911865234 206.837280273438 207.208633422852 207.579986572266 207.951354980469 208.322708129883 208.694061279297 209.116958618164 209.694458007812 210.271957397461 210.849456787109 211.426956176758 212.004440307617 212.581939697266 213.159439086914 213.60676574707 214.010681152344 214.414611816406 214.818542480469 215.222457885742 215.626388549805 216.030319213867 216.390640258789 216.620178222656 216.849716186523 217.079238891602 217.308776855469 217.538299560547 217.767837524414 217.997360229492 218.518951416016 219.137908935547 219.756851196289 220.375793457031 220.994750976562 221.613693237305 222.232635498047 222.679092407227 222.608047485352 222.537002563477
-9999 -9999 -9999 -9999 212.917236328125 210.770980834961 210.153686523438 210.046035766602 209.938385009766 209.83073425293 209.723098754883 209.615447998047 209.507797241211 209.550506591797 210.044311523438 210.538101196289 211.03190612793 211.525695800781 212.019500732422 212.513290405273 213.007095336914 213.439910888672 213.852386474609 214.264862060547 214.677352905273 215.089828491211 215.502304077148 215.914794921875 216.28059387207 216.506332397461 216.732086181641 216.95783996582 217.18359375 217.40934753418 217.635101318359 217.860855102539 218.376373291016 218.988494873047 219.600616455078 220.212738037109 220.824859619141 221.436981201172 222.049102783203 222.513595581055 222.535247802734 222.556884765625
-9999 -9999 -9999 -9999 -9999 214.744049072266 213.841445922852 213.254791259766 212.66813659668 212.081481933594 211.494827270508 210.908172607422 210.321517944336 209.98405456543 210.394149780273 210.804260253906 211.21435546875 211.624450683594 212.034545898438 212.444641113281 212.854751586914 213.273040771484 213.694076538086 214.115112304688 214.536148071289 214.957183837891 215.378219604492 215.799255371094 216.170532226562 216.392501831055 216.614471435547 216.836441040039 217.058410644531 217.280395507812 217.502365112305 217.724334716797 218.233795166016 218.839096069336 219.444381713867 220.049682617188 220.654983520508 221.260269165039 221.865570068359 222.348114013672 222.462432861328 222.576766967773
-9999 -9999 -9999 -9999 -9999 -9999 217.529205322266 216.46354675293 215.397888183594 214.332229614258 213.266571044922 212.200912475586 211.13525390625 210.417602539062 210.744003295898 211.070404052734 211.39680480957 211.723205566406 212.049606323242 212.376007080078 212.702407836914 213.106185913086 213.535781860352 213.965377807617 214.394958496094 214.824554443359 215.254135131836 215.683731079102 216.060470581055 216.278671264648 216.496856689453 216.715042114258 216.933242797852 217.151428222656 217.36962890625 217.587814331055 218.091217041016 218.689682006836 219.288146972656 219.886627197266 220.485092163086 221.083557128906 221.682037353516 222.182632446289 222.389633178711 222.596633911133
-9999 -9999 -9999 -9999 -9999 -9999 -9999 219.672317504883 218.127639770508 216.582977294922 215.038314819336 213.49365234375 211.948974609375 210.851150512695 211.093856811523 211.336547851562 211.579254150391 211.821960449219 212.064651489258 212.307357788086 212.550048828125 212.939331054688 213.377487182617 213.815628051758 214.253768920898 214.691909790039 215.130065917969 215.568206787109 215.950408935547 216.164825439453 216.379241943359 216.593658447266 216.808059692383 217.022476196289 217.236892700195 217.451293945312 217.948638916016 218.540283203125 219.131927490234 219.723571777344 220.315216064453 220.906845092773 221.498489379883 222.017150878906 222.316833496094 222.616516113281
-9999 -9999 -9999 -9999 -9999 -9999 -9999 -9999 220.196533203125 218.451065063477 216.705612182617 214.960144042969 213.21467590332 211.915618896484 211.955764770508 211.99592590332 212.036071777344 212.076217651367 212.116363525391 212.156509399414 212.196670532227 212.536071777344 212.975219726562 213.414367675781 213.853515625 214.292678833008 214.731826782227 215.170974731445 215.559097290039 215.794143676758 216.029190063477 216.264236450195 216.499267578125 216.734313964844 216.969360351562 217.204406738281 217.693389892578 218.267028808594 218.84065246582 219.414291381836 219.987930297852 220.561569213867 221.135192871094 221.660232543945 222.039474487305 222.418716430664
-9999 -9999 -9999 -9999 -9999 -9999 -9999 -9999 -9999 -9999 -9999 -9999 -9999 213.61100769043 213.32975769043 213.048492431641 212.767242431641 212.485992431641 212.204742431641 211.923492431641 211.642227172852 211.896377563477 212.328994750977 212.761596679688 213.194213867188 213.626831054688 214.059448242188 214.492050170898 214.886535644531 215.166610717773 215.446701049805 215.726776123047 216.006866455078 216.286956787109 216.567031860352 216.847122192383 217.325469970703 217.869918823242 218.414367675781 218.958801269531 219.50325012207 220.047698974609 220.592132568359 221.111892700195 221.557556152344 222.003219604492
-9999 -9999 -9999 -9999 -9999 -9999 -9999 -9999 -9999 -9999 -9999 -9999 -9999 215.306396484375 214.703735351562 214.10107421875 213.498428344727 212.895767211914 212.293106079102 211.690460205078 211.087799072266 211.256683349609 211.682769775391 212.108840942383 212.534912109375 212.960983276367 213.387054443359 213.813125610352 214.213958740234 214.539093017578 214.864212036133 215.189331054688 215.514465332031 215.839584350586 216.164703369141 216.489837646484 216.957550048828 217.472808837891 217.988067626953 218.503311157227 219.018569946289 219.533828735352 220.049087524414 220.563552856445 221.075637817383 221.587738037109
-9999 -9999 -9999 -9999 -9999 -9999 -9999 -9999 -9999 -9999 -9999 -9999 -9999 217.00178527832 216.077713012695 215.153656005859 214.229598999023 213.305541992188 212.381484985352 211.457427978516 210.53337097168 210.617004394531 211.036529541016 211.456069946289 211.875610351562 212.295135498047 212.71467590332 213.134201049805 213.541397094727 213.911560058594 214.281723022461 214.651885986328 215.022048950195 215.392227172852 215.762390136719 216.132553100586 216.589645385742 217.075698852539 217.561767578125 218.047836303711 218.533889770508 219.019958496094 219.50602722168 220.015197753906 220.593719482422 221.172256469727
-9999 -9999 -9999 -9999 -9999 -9999 -9999 -9999 -9999 -9999 -9999 -9999 -9999 218.697158813477 217.451705932617 216.206237792969 214.960784912109 213.715316772461 212.469863891602 211.224395751953 209.978927612305 209.977310180664 210.39030456543 210.803298950195 211.216293334961 211.629287719727 212.042282104492 212.455276489258 212.868835449219 213.284042358398 213.699234008789 214.114440917969 214.529647827148 214.944854736328 215.360061645508 215.775268554688 216.221725463867 216.678588867188 217.135467529297 217.592346191406 218.049209594727 218.506088256836 218.962966918945 219.466857910156 220.111801147461 220.756759643555
-9999 -9999 -9999 -9999 -9999 -9999 -9999 -9999 -9999 -9999 -9999 -9999 -9999 220.392547607422 218.82568359375 217.258819580078 215.691955566406 214.125091552734 212.558227539062 210.991363525391 209.424499511719 209.337631225586 209.744079589844 210.150543212891 210.556991577148 210.963455200195 211.369903564453 211.7763671875 212.196258544922 212.656509399414 213.116760253906 213.576995849609 214.037246704102 214.497497558594 214.957733154297 215.417984008789 215.853805541992 216.281494140625 216.709167480469 217.136856079102 217.564544677734 217.992218017578 218.419906616211 218.918518066406 219.629898071289 220.341278076172
-9999 -9999 -9999 -9999 -9999 -9999 -9999 -9999 -9999 -9999 -9999 -9999 -9999 -9999 220.114395141602 218.38818359375 216.661972045898 214.935760498047 213.209548950195 211.483337402344 209.757125854492 209.544036865234 209.835311889648 210.126602172852 210.417877197266 210.709167480469 211.000442504883 211.291732788086 211.63037109375 212.111083984375 212.591812133789 213.072525024414 213.553253173828 214.033966064453 214.514694213867 214.995422363281 215.426116943359 215.840133666992 216.254165649414 216.668182373047 217.08219909668 217.496231079102 217.910247802734 218.4072265625 219.153015136719 219.898818969727
-9999 -9999 -9999 -9999 -9999 -9999 -9999 -9999 -9999 -9999 -9999 -9999 -9999 -9999 -9999 219.594345092773 217.870834350586 216.147323608398 214.423828125 212.700317382812 210.976806640625 210.596542358398 210.664016723633 210.731491088867 210.798965454102 210.866439819336 210.93391418457 211.001388549805 211.171142578125 211.64778137207 212.124404907227 212.601043701172 213.077667236328 213.554306030273 214.03092956543 214.507568359375 214.93864440918 215.354537963867 215.770431518555 216.186325073242 216.60221862793 217.018112182617 217.434005737305 217.932983398438 218.681182861328 219.429382324219
