resources/Exp000_Example-Run/Run01_M2/TimeSeries/2000/model_set/swgnt_avg.asc
NCOLS 265 
NROWS 230 
XLLCORNER -115.5625 
YLLCORNER 24.8333333333333 
CELLSIZE 0.0833333333333333 
NODATA_value -9999 
[rows 20 to 39 of 230, columns 0 to 45 of 265]
176.280166625977 175.854644775391 175.429107666016 175.00358581543 174.578048706055 174.152526855469 173.727005004883 173.64469909668 173.676803588867 173.708908081055 173.740997314453 173.773101806641 173.805206298828 173.837310791016 173.847778320312 173.793334960938 173.738891601562 173.684432983398 173.629989624023 173.575546264648 173.521087646484 173.466644287109 173.416152954102 173.366973876953 173.317810058594 173.268630981445 173.219451904297 173.170272827148 173.121109008789 173.044555664062 172.885894775391 172.727233886719 172.568588256836 172.409927368164 172.251266479492 172.09260559082 171.933944702148 171.789764404297 171.650421142578 171.511077880859 171.371719360352 171.232376098633 171.093017578125 170.953674316406 170.87109375 170.958847045898
176.930847167969 176.557281494141 176.183715820312 175.810134887695 175.436569213867 175.06298828125 174.689422607422 174.619705200195 174.651260375977 174.682830810547 174.714385986328 174.745941162109 174.77751159668 174.809066772461 174.805923461914 174.698638916016 174.591354370117 174.48405456543 174.376770019531 174.269485473633 174.162200927734 174.054916381836 173.946563720703 173.837875366211 173.72917175293 173.620483398438 173.511779785156 173.403091430664 173.294387817383 173.165374755859 172.975387573242 172.785400390625 172.595397949219 172.405410766602 172.215423583984 172.025436401367 171.83544921875 171.759887695312 171.722457885742 171.685028076172 171.647598266602 171.610168457031 171.572738647461 171.535308837891 171.536117553711 171.651641845703
177.58154296875 177.259918212891 176.93830871582 176.61669921875 176.295074462891 175.97346496582 175.651840209961 175.594711303711 175.625732421875 175.656753540039 175.687774658203 175.718795776367 175.749816894531 175.780838012695 175.764068603516 175.603942871094 175.443817138672 175.28369140625 175.123550415039 174.963424682617 174.803298950195 174.643173217773 174.476989746094 174.30876159668 174.140548706055 173.97233581543 173.804107666016 173.635894775391 173.467681884766 173.286178588867 173.064865112305 172.843551635742 172.622222900391 172.400909423828 172.179595947266 171.958267211914 171.736953735352 171.729995727539 171.794479370117 171.858978271484 171.923477172852 171.98796081543 172.052459716797 172.116958618164 172.201156616211 172.344451904297
178.232223510742 177.96257019043 177.692901611328 177.423248291016 177.153594970703 176.883926391602 176.614273071289 176.569717407227 176.600189208984 176.630676269531 176.661148071289 176.691635131836 176.722106933594 176.752593994141 176.722213745117 176.509246826172 176.296279907227 176.083312988281 175.870346069336 175.657379150391 175.444412231445 175.2314453125 175.007400512695 174.779663085938 174.55192565918 174.324188232422 174.096435546875 173.868698120117 173.640960693359 173.406997680664 173.154342651367 172.901702880859 172.649047851562 172.396408081055 172.143753051758 171.891098022461 171.638458251953 171.700103759766 171.866516113281 172.032928466797 172.199356079102 172.365768432617 172.532180786133 172.698593139648 172.866180419922 173.037261962891
178.582427978516 178.365112304688 178.147811889648 177.930511474609 177.71321105957 177.495910644531 177.278594970703 177.238052368164 177.256439208984 177.274810791016 177.293197631836 177.311584472656 177.329956054688 177.348342895508 177.280288696289 176.95295715332 176.625640869141 176.298309326172 175.970993041992 175.643661499023 175.316345214844 174.989013671875 174.742858886719 174.52375793457 174.304641723633 174.085540771484 173.866439819336 173.647338867188 173.42822265625 173.222610473633 173.05744934082 172.892288208008 172.727127075195 172.561965942383 172.39680480957 172.231643676758 172.066482543945 172.173355102539 172.370895385742 172.568450927734 172.765991210938 172.96354675293 173.161087036133 173.358642578125 173.548370361328 173.714645385742
178.632141113281 178.467590332031 178.303039550781 178.138488769531 177.973937988281 177.809387207031 177.644836425781 177.599746704102 177.594467163086 177.58918762207 177.583908081055 177.578628540039 177.573348999023 177.568069458008 177.43830871582 176.935104370117 176.431900024414 175.9287109375 175.425506591797 174.922302246094 174.419097900391 173.915893554688 173.683349609375 173.541046142578 173.398727416992 173.256408691406 173.11408996582 172.971786499023 172.829467773438 172.733016967773 172.774154663086 172.815307617188 172.856460571289 172.897598266602 172.938751220703 172.979904174805 173.021041870117 173.149749755859 173.307632446289 173.465530395508 173.623413085938 173.781295776367 173.939193725586 174.097076416016 174.247711181641 174.376617431641
178.681854248047 178.570053100586 178.458251953125 178.346466064453 178.234664916992 178.12287902832 178.011077880859 177.96142578125 177.932495117188 177.903549194336 177.874618530273 177.845687866211 177.816741943359 177.787811279297 177.596343994141 176.917251586914 176.238174438477 175.559097290039 174.880020141602 174.200927734375 173.521850585938 172.8427734375 172.62385559082 172.558334350586 172.492813110352 172.427276611328 172.361755371094 172.296234130859 172.230697631836 172.243423461914 172.490875244141 172.738327026367 172.985778808594 173.233245849609 173.480697631836 173.728149414062 173.975601196289 174.12614440918 174.244369506836 174.362594604492 174.480819702148 174.599060058594 174.71728515625 174.835510253906 174.947067260742 175.038589477539
178.731567382812 178.672515869141 178.613479614258 178.554443359375 178.495391845703 178.43635559082 178.377319335938 178.323104858398 178.270523071289 178.217926025391 178.165328979492 178.112731933594 178.060134887695 178.007553100586 177.754364013672 176.899398803711 176.044448852539 175.189483642578 174.334533691406 173.479568481445 172.624603271484 171.769653320312 171.564361572266 171.575622558594 171.586883544922 171.59814453125 171.609405517578 171.620681762695 171.631942749023 171.753829956055 172.207595825195 172.661346435547 173.115112304688 173.568878173828 174.022644042969 174.47639465332 174.930160522461 175.102523803711 175.181106567383 175.259674072266 175.338241577148 175.416809082031 175.495376586914 175.573959350586 175.646423339844 175.700561523438
178.781280517578 178.774993896484 178.768707275391 178.762420654297 178.756134033203 178.749847412109 178.743560791016 178.684799194336 178.608551025391 178.532287597656 178.456039428711 178.379791259766 178.303527832031 178.227279663086 177.912384033203 176.881546020508 175.850708007812 174.819869995117 173.789031982422 172.758209228516 171.72737121582 170.696533203125 170.504852294922 170.592910766602 170.680969238281 170.769012451172 170.857070922852 170.945129394531 171.033172607422 171.264236450195 171.924301147461 172.584365844727 173.244445800781 173.904510498047 174.564575195312 175.224655151367 175.884719848633 176.078918457031 176.117828369141 176.156753540039 176.195663452148 176.234573364258 176.273483276367 176.312393188477 176.345764160156 176.362533569336
178.830993652344 178.877456665039 178.923919677734 178.970397949219 179.016860961914 179.063323974609 179.109802246094 179.046478271484 178.946563720703 178.846664428711 178.74674987793 178.646835327148 178.546936035156 178.447021484375 178.070404052734 176.863693237305 175.656982421875 174.450271606445 173.243545532227 172.036834716797 170.830123901367 169.623413085938 169.445358276367 169.610198974609 169.775039672852 169.939880371094 170.104736328125 170.269577026367 170.434417724609 170.774642944336 171.641021728516 172.507400512695 173.373779296875 174.240142822266 175.106521606445 175.972900390625 176.839279174805 177.055313110352 177.054565429688 177.053817749023 177.053070068359 177.052322387695 177.051574707031 177.050827026367 177.045120239258 177.024505615234
179.02653503418 179.066268920898 179.105987548828 179.145721435547 179.185455322266 179.225189208984 179.264923095703 179.172561645508 179.036178588867 178.899780273438 178.763381958008 178.626998901367 178.490600585938 178.354202270508 177.904754638672 176.516082763672 175.127426147461 173.738754272461 172.35009765625 170.96142578125 169.572769165039 168.184097290039 168.032989501953 168.294387817383 168.555786132812 168.817184448242 169.078567504883 169.339965820312 169.601364135742 170.078811645508 171.204406738281 172.330001831055 173.455596923828 174.581192016602 175.706771850586 176.832366943359 177.957962036133 178.172775268555 178.083999633789 177.995223999023 177.906448364258 177.817672729492 177.728897094727 177.640121459961 177.561813354492 177.514907836914
179.367904663086 179.341415405273 179.314910888672 179.288421630859 179.261932373047 179.235443115234 179.208953857422 179.063049316406 178.877349853516 178.691650390625 178.505950927734 178.320251464844 178.134552001953 177.948852539062 177.415405273438 175.838714599609 174.26203918457 172.685348510742 171.108673095703 169.531982421875 167.955291748047 166.378616333008 166.267730712891 166.645446777344 167.023162841797 167.400894165039 167.778610229492 168.156326293945 168.534042358398 169.1767578125 170.614471435547 172.052185058594 173.48991394043 174.927627563477 176.365341186523 177.80305480957 179.240768432617 179.43132019043 179.206146240234 178.980972290039 178.755798339844 178.530624389648 178.305465698242 178.080291748047 177.895874023438 177.833755493164
179.709274291992 179.616561889648 179.523834228516 179.431121826172 179.338409423828 179.245681762695 179.152969360352 178.953536987305 178.718521118164 178.483520507812 178.248504638672 178.01350402832 177.778503417969 177.543487548828 176.926055908203 175.161346435547 173.39665222168 171.631942749023 169.867233276367 168.1025390625 166.337829589844 164.573120117188 164.502487182617 164.996520996094 165.49055480957 165.984603881836 166.478637695312 166.972671508789 167.466720581055 168.274703979492 170.024551391602 171.774383544922 173.524215698242 175.274063110352 177.023895263672 178.773727416992 180.523574829102 180.689849853516 180.32829284668 179.966720581055 179.60514831543 179.243576049805 178.882019042969 178.520446777344 178.229934692383 178.152603149414
180.050643920898 179.891708374023 179.732757568359 179.573822021484 179.41487121582 179.255935668945 179.096984863281 178.844024658203 178.559707641602 178.275390625 177.991073608398 177.706756591797 177.422439575195 177.138137817383 176.436706542969 174.483993530273 172.531265258789 170.578536987305 168.62580871582 166.673095703125 164.720367431641 162.767639160156 162.737228393555 163.347595214844 163.957946777344 164.568313598633 165.178665161133 165.789031982422 166.399398803711 167.372650146484 169.434616088867 171.49658203125 173.558532714844 175.620498657227 177.68244934082 179.744415283203 181.806381225586 181.948394775391 181.450424194336 180.95246887207 180.454498291016 179.956527709961 179.458572387695 178.960601806641 178.563995361328 178.471435546875
180.392013549805 180.166854858398 179.941680908203 179.716506958008 179.491348266602 179.266174316406 179.041015625 178.734497070312 178.40087890625 178.067260742188 177.733642578125 177.400009155273 177.066390991211 176.732772827148 175.947372436523 173.806625366211 171.665878295898 169.525131225586 167.384384155273 165.243637084961 163.102890014648 160.962142944336 160.971969604492 161.698654174805 162.425338745117 163.15202331543 163.878707885742 164.605392456055 165.332061767578 166.470596313477 168.844680786133 171.218765258789 173.592849731445 175.966934204102 178.341018676758 180.715103149414 183.08918762207 183.206924438477 182.572570800781 181.938201904297 181.303848266602 180.669479370117 180.035125732422 179.400756835938 178.898040771484 178.790283203125
180.733383178711 180.442001342773 180.150604248047 179.85920715332 179.567810058594 179.276428222656 178.98503112793 178.624984741211 178.242050170898 177.859130859375 177.476196289062 177.093276977539 176.710342407227 176.327407836914 175.458023071289 173.129257202148 170.800491333008 168.471725463867 166.142959594727 163.814193725586 161.485427856445 159.156661987305 159.206726074219 160.049728393555 160.892730712891 161.735733032227 162.578735351562 163.421737670898 164.264739990234 165.568542480469 168.254745483398 170.940963745117 173.627166748047 176.313369750977 178.999572753906 181.685775756836 184.371978759766 184.465469360352 183.694702148438 182.923950195312 182.153198242188 181.382431030273 180.611679077148 179.840911865234 179.23210144043 179.109130859375
180.924240112305 180.60270690918 180.281158447266 179.959609985352 179.638061523438 179.316528320312 178.994979858398 178.582931518555 178.140731811523 177.698516845703 177.256317138672 176.814102172852 176.37190246582 175.9296875 174.992645263672 172.571090698242 170.149536132812 167.727981567383 165.306427001953 162.884872436523 160.463317871094 158.041763305664 158.116241455078 159.022720336914 159.929214477539 160.835693359375 161.7421875 162.648666381836 163.555160522461 164.934616088867 167.732986450195 170.531356811523 173.329727172852 176.12809753418 178.926467895508 181.724853515625 184.523223876953 184.67204284668 183.937683105469 183.203323364258 182.468978881836 181.734619140625 181.000259399414 180.265899658203 179.671661376953 179.497787475586
180.964584350586 180.648971557617 180.333343505859 180.017715454102 179.702102661133 179.386474609375 179.070846557617 178.608352661133 178.096893310547 177.585433959961 177.073974609375 176.562515258789 176.051055908203 175.539596557617 174.551223754883 172.132110595703 169.712997436523 167.293884277344 164.874786376953 162.455673217773 160.036560058594 157.617446899414 157.70051574707 158.617645263672 159.534774780273 160.451904296875 161.369033813477 162.286178588867 163.203308105469 164.568801879883 167.279388427734 169.989959716797 172.700546264648 175.4111328125 178.121719360352 180.832305908203 183.542892456055 183.82666015625 183.301498413086 182.776336669922 182.251190185547 181.726028442383 181.200866699219 180.675704956055 180.216720581055 179.956268310547
181.004928588867 180.695236206055 180.385528564453 180.075820922852 179.766128540039 179.456420898438 179.146713256836 178.633758544922 178.05305480957 177.472351074219 176.891632080078 176.310928344727 175.730224609375 175.149505615234 174.109817504883 171.693145751953 169.276473999023 166.859802246094 164.443130493164 162.026458740234 159.609802246094 157.193130493164 157.284790039062 158.21257019043 159.140350341797 160.068115234375 160.995895385742 161.923675537109 162.851455688477 164.202987670898 166.825775146484 169.448577880859 172.071365356445 174.69416809082 177.316955566406 179.939758300781 182.562545776367 182.98127746582 182.665313720703 182.349349975586 182.033386230469 181.717437744141 181.401473999023 181.085510253906 180.761779785156 180.414764404297
181.045272827148 180.741500854492 180.437713623047 180.133941650391 179.830154418945 179.5263671875 179.222595214844 178.6591796875 178.009216308594 177.359252929688 176.70930480957 176.059341430664 175.409378051758 174.759414672852 173.668395996094 171.254165649414 168.839935302734 166.425720214844 164.011489868164 161.597259521484 159.183029174805 156.768814086914 156.869064331055 157.807495117188 158.745910644531 159.684341430664 160.622756958008 161.561172485352 162.499603271484 163.837173461914 166.372177124023 168.907180786133 171.442184448242 173.977203369141 176.51220703125 179.047210693359 181.582214355469 182.135894775391 182.02912902832 181.92236328125 181.81559753418 181.708847045898 181.602081298828 181.495315551758 181.306838989258 180.873245239258
