resources/Exp000_Example-Run/Run01_M2/TimeSeries/2000/model_set/swgnt_avg.asc
NCOLS 265 
NROWS 230 
XLLCORNER -115.5625 
YLLCORNER 24.8333333333333 
CELLSIZE 0.0833333333333333 
NODATA_value -9999 
[rows 120 to 139 of 230, columns 138 to 183 of 265]
193.611785888672 193.729827880859 193.847885131836 193.965927124023 193.84992980957 193.655944824219 193.461944580078 193.267944335938 193.073944091797 192.879943847656 192.685943603516 192.440795898438 192.04216003418 191.643539428711 191.244903564453 190.846282958984 190.447647094727 190.049026489258 189.650390625 189.412506103516 189.228179931641 189.043869018555 188.859558105469 188.675231933594 188.490921020508 188.306610107422 188.172973632812 188.19140625 188.209838867188 188.228271484375 188.246704101562 188.265151977539 188.283584594727 188.302017211914 188.409149169922 188.545852661133 188.682556152344 188.819274902344 188.955978393555 189.092681884766 189.229385375977 189.249282836914 188.918731689453 188.588165283203 188.257614135742 187.927062988281
193.693435668945 193.830383300781 193.967346191406 194.104293823242 193.999114990234 193.813232421875 193.627349853516 193.441467285156 193.255584716797 193.069702148438 192.883819580078 192.63818359375 192.213287353516 191.788391113281 191.363494873047 190.938598632812 190.513702392578 190.088806152344 189.663909912109 189.410659790039 189.214630126953 189.018585205078 188.822555541992 188.626525878906 188.43049621582 188.234466552734 188.099411010742 188.147308349609 188.195205688477 188.243103027344 188.291000366211 188.338897705078 188.386779785156 188.434677124023 188.557067871094 188.70426940918 188.851486206055 188.99870300293 189.145904541016 189.293121337891 189.440338134766 189.461349487305 189.103790283203 188.746231079102 188.388671875 188.031112670898
193.775085449219 193.930938720703 194.086791992188 194.242660522461 194.148284912109 193.970520019531 193.792755126953 193.614990234375 193.437210083008 193.25944519043 193.081680297852 192.835556030273 192.384399414062 191.933227539062 191.482070922852 191.030899047852 190.579742431641 190.128570556641 189.67741394043 189.408813476562 189.201065063477 188.993316650391 188.785568237305 188.577819824219 188.370071411133 188.162322998047 188.025863647461 188.103210449219 188.180572509766 188.257919311523 188.33528137207 188.412643432617 188.489990234375 188.567352294922 188.704971313477 188.862701416016 189.020416259766 189.178131103516 189.335845947266 189.493560791016 189.651275634766 189.673431396484 189.288864135742 188.904281616211 188.519714355469 188.135147094727
193.856735229492 194.031494140625 194.206253051758 194.38102722168 194.297470092773 194.127807617188 193.958160400391 193.788497924805 193.618850708008 193.449188232422 193.279541015625 193.032943725586 192.555511474609 192.078079223633 191.600646972656 191.12321472168 190.645782470703 190.168350219727 189.69091796875 189.406951904297 189.1875 188.968032836914 188.748580932617 188.529113769531 188.309646606445 188.090194702148 187.952301025391 188.059112548828 188.165939331055 188.272750854492 188.37956237793 188.486389160156 188.593200683594 188.70002746582 188.852890014648 189.021118164062 189.189331054688 189.357559204102 189.525787353516 189.694000244141 189.862228393555 189.885498046875 189.473922729492 189.062347412109 188.650772094727 188.239181518555
193.938385009766 194.132049560547 194.325714111328 194.519378662109 194.446640014648 194.285110473633 194.123565673828 193.962020874023 193.800491333008 193.638946533203 193.477401733398 193.230316162109 192.726623535156 192.222915649414 191.719223022461 191.215515136719 190.711822509766 190.208114624023 189.70442199707 189.40510559082 189.173934936523 188.942749023438 188.711578369141 188.480407714844 188.249221801758 188.018051147461 187.87873840332 188.015014648438 188.151290893555 188.287582397461 188.423858642578 188.560134887695 188.696411132812 188.83268737793 189.00080871582 189.179534912109 189.358261108398 189.536987304688 189.715713500977 189.894454956055 190.073181152344 190.097579956055 189.658981323242 189.220397949219 188.781814575195 188.343231201172
194.020034790039 194.232604980469 194.445175170898 194.657745361328 194.595825195312 194.442398071289 194.288970947266 194.135543823242 193.982116699219 193.828689575195 193.675262451172 193.427703857422 192.897735595703 192.367767333984 191.837799072266 191.307830810547 190.777862548828 190.247894287109 189.717926025391 189.403259277344 189.160369873047 188.91748046875 188.674591064453 188.431701660156 188.18879699707 187.945907592773 187.80517578125 187.970916748047 188.136657714844 188.302398681641 188.468139648438 188.633880615234 188.799621582031 188.965362548828 189.148727416992 189.337951660156 189.527191162109 189.716415405273 189.905654907227 190.09489440918 190.284118652344 190.309646606445 189.844055175781 189.378463745117 188.912857055664 188.447265625
193.945327758789 194.164154052734 194.382995605469 194.601821899414 194.549118041992 194.405883789062 194.262664794922 194.119430541992 193.976211547852 193.832977294922 193.689758300781 193.446960449219 192.90544128418 192.363922119141 191.822402954102 191.280883789062 190.739364624023 190.197845458984 189.656326293945 189.335083007812 189.087265014648 188.839431762695 188.591613769531 188.343795776367 188.095977783203 187.84814453125 187.71435546875 187.922637939453 188.130920410156 188.339202880859 188.547485351562 188.755767822266 188.964050292969 189.172332763672 189.353698730469 189.526107788086 189.698516845703 189.870910644531 190.043319702148 190.215713500977 190.388122558594 190.397644042969 189.918533325195 189.439422607422 188.960311889648 188.481201171875
193.714263916016 193.926712036133 194.13916015625 194.351608276367 194.306518554688 194.175582885742 194.044647216797 193.913696289062 193.782760620117 193.651824951172 193.520874023438 193.2880859375 192.749740600586 192.211395263672 191.673034667969 191.134689331055 190.596343994141 190.057983398438 189.519638061523 189.200576782227 188.954605102539 188.708633422852 188.462661743164 188.216705322266 187.970733642578 187.724761962891 187.606262207031 187.870162963867 188.134078979492 188.397979736328 188.661880493164 188.925796508789 189.189697265625 189.453598022461 189.615753173828 189.743988037109 189.872222900391 190.000457763672 190.128692626953 190.256927490234 190.385162353516 190.361557006836 189.882431030273 189.403305053711 188.924179077148 188.445037841797
193.483200073242 193.689270019531 193.89533996582 194.10139465332 194.063919067383 193.945266723633 193.826614379883 193.707962036133 193.589309692383 193.470657348633 193.352005004883 193.129211425781 192.594039916992 192.058853149414 191.523681640625 190.988494873047 190.453308105469 189.91813659668 189.382949829102 189.066070556641 188.82194519043 188.577835083008 188.333724975586 188.089599609375 187.845489501953 187.601364135742 187.498168945312 187.81770324707 188.137222290039 188.456756591797 188.776290893555 189.095809936523 189.415344238281 189.734878540039 189.877807617188 189.961883544922 190.045944213867 190.130004882812 190.214080810547 190.298141479492 190.382217407227 190.325469970703 189.846328735352 189.367172241211 188.888031005859 188.408874511719
193.252151489258 193.45182800293 193.651504516602 193.851181030273 193.821334838867 193.714965820312 193.608596801758 193.502227783203 193.395858764648 193.289489746094 193.183120727539 192.970352172852 192.438339233398 191.906326293945 191.374313354492 190.842300415039 190.310287475586 189.778274536133 189.24626159668 188.931564331055 188.689300537109 188.447036743164 188.204772949219 187.962509155273 187.720245361328 187.477981567383 187.390075683594 187.765228271484 188.140380859375 188.515533447266 188.890686035156 189.265838623047 189.640991210938 190.016143798828 190.139862060547 190.179763793945 190.219665527344 190.259567260742 190.299453735352 190.33935546875 190.379257202148 190.289398193359 189.81022644043 189.3310546875 188.85188293457 188.372711181641
193.021087646484 193.214385986328 193.407669067383 193.600967407227 193.578735351562 193.484649658203 193.390563964844 193.296493530273 193.202407836914 193.108322143555 193.014251708984 192.811477661133 192.282638549805 191.753784179688 191.224945068359 190.696105957031 190.167251586914 189.638412475586 189.109573364258 188.797058105469 188.556640625 188.31623840332 188.075820922852 187.835418701172 187.595001220703 187.354598999023 187.281982421875 187.712753295898 188.143539428711 188.574310302734 189.005096435547 189.43586730957 189.866638183594 190.297424316406 190.401916503906 190.397644042969 190.393371582031 190.389114379883 190.384841918945 190.380569458008 190.376312255859 190.253311157227 189.774124145508 189.294937133789 188.81575012207 188.336547851562
192.790023803711 192.976928710938 193.163848876953 193.35075378418 193.336135864258 193.254348754883 193.172546386719 193.090759277344 193.00895690918 192.927169799805 192.845367431641 192.652603149414 192.126937866211 191.601257324219 191.075576782227 190.549911499023 190.024230957031 189.498550415039 188.972885131836 188.662551879883 188.423980712891 188.185424804688 187.946868896484 187.708312988281 187.469757080078 187.231201171875 187.173889160156 187.660293579102 188.146682739258 188.633087158203 189.119491577148 189.605895996094 190.092300415039 190.578689575195 190.663970947266 190.615539550781 190.567092895508 190.518661499023 190.470230102539 190.421783447266 190.373352050781 190.217224121094 189.738021850586 189.258804321289 188.779602050781 188.300384521484
192.650054931641 192.810180664062 192.970291137695 193.130401611328 193.119400024414 193.051361083984 192.983306884766 192.915267944336 192.847213745117 192.779174804688 192.711135864258 192.534973144531 192.034530639648 191.534072875977 191.033615112305 190.533157348633 190.032699584961 189.532257080078 189.031799316406 188.721221923828 188.473937988281 188.226654052734 187.979385375977 187.73210144043 187.484817504883 187.237533569336 187.177703857422 187.680236816406 188.182769775391 188.685287475586 189.18782043457 189.690353393555 190.19287109375 190.695404052734 190.769073486328 190.699798583984 190.630523681641 190.561248779297 190.491973876953 190.422698974609 190.353424072266 190.188095092773 189.734619140625 189.281158447266 188.827682495117 188.374206542969
192.601181030273 192.714096069336 192.827011108398 192.939926147461 192.92854309082 192.875701904297 192.822860717773 192.770034790039 192.717193603516 192.664352416992 192.611526489258 192.458602905273 192.005416870117 191.552230834961 191.099044799805 190.645858764648 190.192672729492 189.739501953125 189.286315917969 188.973083496094 188.706497192383 188.439910888672 188.17333984375 187.906753540039 187.640167236328 187.373596191406 187.293441772461 187.772598266602 188.251754760742 188.730911254883 189.210067749023 189.689224243164 190.168380737305 190.647537231445 190.717239379883 190.650451660156 190.58366394043 190.516876220703 190.450088500977 190.38330078125 190.316513061523 190.165924072266 189.763946533203 189.361968994141 188.959991455078 188.557998657227
192.552322387695 192.618026733398 192.683746337891 192.749465942383 192.737670898438 192.700042724609 192.662414550781 192.624786376953 192.587173461914 192.549545288086 192.511917114258 192.382217407227 191.976303100586 191.570388793945 191.164474487305 190.758560180664 190.352661132812 189.946746826172 189.540832519531 189.224945068359 188.939056396484 188.653167724609 188.367294311523 188.081405639648 187.795516967773 187.509643554688 187.4091796875 187.864959716797 188.320755004883 188.77653503418 189.232330322266 189.688110351562 190.143905639648 190.599685668945 190.665405273438 190.601104736328 190.536804199219 190.472503662109 190.408203125 190.343902587891 190.279586791992 190.143753051758 189.793258666992 189.442779541016 189.09228515625 188.741806030273
192.503448486328 192.521957397461 192.540466308594 192.558990478516 192.546798706055 192.524383544922 192.501968383789 192.479553222656 192.457138061523 192.434722900391 192.412307739258 192.30583190918 191.947189331055 191.588562011719 191.229919433594 190.871276855469 190.512634277344 190.153991699219 189.795349121094 189.476791381836 189.171615600586 188.866424560547 188.561248779297 188.256057739258 187.950881958008 187.645690917969 187.524917602539 187.957321166992 188.389739990234 188.822158813477 189.254577636719 189.686996459961 190.119415283203 190.551834106445 190.613571166992 190.5517578125 190.489944458008 190.428131103516 190.366317749023 190.304504394531 190.24267578125 190.121566772461 189.82258605957 189.523590087891 189.224594116211 188.925598144531
192.454574584961 192.425888061523 192.397201538086 192.368515014648 192.355926513672 192.348724365234 192.341522216797 192.334320068359 192.327117919922 192.319915771484 192.312698364258 192.229461669922 191.918090820312 191.606719970703 191.295349121094 190.983978271484 190.672607421875 190.361236572266 190.049865722656 189.728652954102 189.404174804688 189.079681396484 188.75520324707 188.430709838867 188.106231689453 187.781753540039 187.640640258789 188.049697875977 188.458740234375 188.867782592773 189.276824951172 189.685882568359 190.094924926758 190.503967285156 190.561737060547 190.502410888672 190.443084716797 190.383758544922 190.324432373047 190.265090942383 190.205764770508 190.099395751953 189.851898193359 189.604400634766 189.356903076172 189.109390258789
192.405715942383 192.329818725586 192.253921508789 192.178039550781 192.165069580078 192.173065185547 192.181076049805 192.189086914062 192.197082519531 192.205093383789 192.213104248047 192.153076171875 191.888977050781 191.624877929688 191.360778808594 191.0966796875 190.832580566406 190.568481445312 190.304382324219 189.980514526367 189.636734008789 189.292938232422 188.949157714844 188.605377197266 188.261581420898 187.91780090332 187.756378173828 188.142059326172 188.527725219727 188.91340637207 189.299087524414 189.684753417969 190.070434570312 190.456115722656 190.509902954102 190.453063964844 190.396224975586 190.339385986328 190.282531738281 190.225692749023 190.168853759766 190.077224731445 189.881210327148 189.685211181641 189.489196777344 189.293197631836
192.316696166992 192.195861816406 192.07502746582 191.954193115234 191.936553955078 191.953308105469 191.970062255859 191.986831665039 192.00358581543 192.02033996582 192.037094116211 191.992492675781 191.763763427734 191.535034179688 191.306304931641 191.077575683594 190.848846435547 190.6201171875 190.391387939453 190.077850341797 189.736038208008 189.394226074219 189.05241394043 188.710601806641 188.368789672852 188.026977539062 187.860717773438 188.221115112305 188.581512451172 188.941909790039 189.302307128906 189.662704467773 190.023101806641 190.383499145508 190.445983886719 190.409164428711 190.372344970703 190.335525512695 190.298706054688 190.26188659668 190.225067138672 190.154098510742 189.980728149414 189.807357788086 189.633987426758 189.46061706543
192.187530517578 192.024017333984 191.860488891602 191.696975708008 191.670394897461 191.689437866211 191.70849609375 191.727554321289 191.746597290039 191.765655517578 191.784713745117 191.747680664062 191.542434692383 191.337173461914 191.131927490234 190.926666259766 190.721405029297 190.516159057617 190.310897827148 190.020660400391 189.702102661133 189.383544921875 189.064987182617 188.746429443359 188.427856445312 188.109298706055 187.953689575195 188.286895751953 188.620101928711 188.953308105469 189.286514282227 189.619720458984 189.952926635742 190.2861328125 190.369995117188 190.370727539062 190.371459960938 190.372192382812 190.372924804688 190.373657226562 190.374389648438 190.330047607422 190.150451660156 189.970855712891 189.791275024414 189.611679077148
