resources/Exp000_Example-Run/Run01_M2/TimeSeries/2005/selection_set/frwlt_avg.asc
NCOLS 265 
NROWS 230 
XLLCORNER -115.5625 
YLLCORNER 24.8333333333333 
CELLSIZE 0.0833333333333333 
NODATA_value -9999 
[rows 80 to 99 of 230, columns 220 to 263 of 265]
0.0565151050686836 0.0597263090312481 0.0629375129938126 0.0661487132310867 0.0702583640813828 0.0770633444190025 0.0838683322072029 0.0906733125448227 0.0974783003330231 0.104283280670643 0.111088268458843 0.117893248796463 0.121945701539516 0.125080645084381 0.128215581178665 0.131350517272949 0.134485453367233 0.137620404362679 0.140755340456963 0.144543126225471 0.150289490818977 0.156035840511322 0.161782190203667 0.167528554797173 0.173274904489517 0.179021254181862 0.184767618775368 0.187379419803619 0.188946381211281 0.190513327717781 0.192080289125443 0.193647250533104 0.195214197039604 0.196781158447266 0.197637662291527 0.196362808346748 0.19508795440197 0.193813100457191 0.192538231611252 0.191263377666473 0.189988523721695 0.188713669776917 0.183083578944206 0.176001742482185
0.0588035993278027 0.06275574862957 0.0667079016566277 0.0706600472331047 0.0753719061613083 0.0823628827929497 0.0893538594245911 0.096344843506813 0.103335820138454 0.110326796770096 0.117317773401737 0.124308750033379 0.128329157829285 0.13135938346386 0.134389609098434 0.137419819831848 0.140450045466423 0.143480271100998 0.146510481834412 0.150220140814781 0.155968099832535 0.16171607375145 0.167464032769203 0.173211991786957 0.17895995080471 0.184707909822464 0.190455883741379 0.193162351846695 0.194854989647865 0.196547627449036 0.198240265250206 0.199932903051376 0.201625540852547 0.203318178653717 0.204094886779785 0.202123776078224 0.200152665376663 0.198181554675102 0.196210458874702 0.194239348173141 0.19226823747158 0.19029712677002 0.184245556592941 0.17683382332325
0.0610920898616314 0.0657851919531822 0.0704782903194427 0.0751713886857033 0.0804854556918144 0.0876624211668968 0.0948393940925598 0.102016367018223 0.109193339943886 0.116370312869549 0.123547278344631 0.130724251270294 0.134712621569633 0.137638121843338 0.140563622117043 0.143489137291908 0.146414637565613 0.149340137839317 0.152265638113022 0.155897155404091 0.161646723747253 0.167396292090416 0.173145860433578 0.178895428776741 0.184644997119904 0.190394565463066 0.196144133806229 0.198945268988609 0.20076359808445 0.202581912279129 0.204400241374969 0.20621857047081 0.208036884665489 0.20985521376133 0.210552111268044 0.2078847438097 0.205217391252518 0.202550023794174 0.199882671236992 0.197215303778648 0.194547951221466 0.191880583763123 0.185407534241676 0.177665904164314
0.0633805841207504 0.0688146278262138 0.0742486789822578 0.0796827226877213 0.08559899777174 0.0929619669914246 0.100324928760529 0.107687897980213 0.115050859749317 0.122413821518421 0.129776790738106 0.13713975250721 0.141096085309982 0.143916875123978 0.146737650036812 0.149558439850807 0.152379229664803 0.155200004577637 0.158020794391632 0.161574169993401 0.167325347661972 0.173076525330544 0.178827702999115 0.184578880667686 0.190330058336258 0.196081221103668 0.20183239877224 0.204728201031685 0.206672206521034 0.208616212010384 0.210560217499733 0.212504222989082 0.214448228478432 0.216392233967781 0.217009335756302 0.213645726442337 0.210282102227211 0.206918492913246 0.203554883599281 0.200191274285316 0.196827664971352 0.193464055657387 0.18656949698925 0.178497970104218
0.0678320974111557 0.0739999637007713 0.0801678225398064 0.086335688829422 0.0929142534732819 0.100724898278713 0.108535543084145 0.116346187889576 0.124156832695007 0.131967470049858 0.13977812230587 0.147588759660721 0.151173695921898 0.153350040316582 0.155526399612427 0.157702758908272 0.159879118204117 0.162055462598801 0.164231821894646 0.16727015376091 0.172894388437271 0.178518638014793 0.184142887592316 0.189767122268677 0.195391371846199 0.20101560652256 0.206639856100082 0.209504157304764 0.211448490619659 0.213392823934555 0.21533714234829 0.217281475663185 0.219225808978081 0.221170127391815 0.221670910716057 0.217841058969498 0.214011192321777 0.210181340575218 0.206351473927498 0.202521622180939 0.19869177043438 0.194861903786659 0.187843903899193 0.179763197898865
0.0744466334581375 0.0813411846756935 0.0882357358932495 0.0951302871108055 0.102431200444698 0.110951215028763 0.119471222162247 0.127991229295731 0.136511251330376 0.14503125846386 0.153551265597343 0.162071272730827 0.164945438504219 0.165937662124634 0.166929870843887 0.167922094464302 0.168914303183556 0.169906511902809 0.170898735523224 0.172985091805458 0.178353860974312 0.183722630143166 0.189091399312019 0.194460183382034 0.199828952550888 0.205197721719742 0.210566505789757 0.213273167610168 0.215092450380325 0.216911733150482 0.2187310308218 0.220550313591957 0.222369611263275 0.224188894033432 0.224536836147308 0.220470741391182 0.216404646635056 0.212338551878929 0.208272457122803 0.204206362366676 0.20014026761055 0.196074172854424 0.189230740070343 0.181461542844772
0.0810611695051193 0.0886824056506157 0.0963036417961121 0.103924885392189 0.111948154866695 0.121177531778812 0.13040691614151 0.139636293053627 0.148865669965744 0.158095046877861 0.167324423789978 0.176553800702095 0.178717195987701 0.178525269031525 0.178333342075348 0.178141415119171 0.177949488162994 0.177757561206818 0.177565634250641 0.178700014948845 0.183813318610191 0.188926622271538 0.194039925932884 0.199153229594231 0.204266533255577 0.209379836916924 0.21449314057827 0.217042163014412 0.218736410140991 0.22043065726757 0.22212490439415 0.22381916642189 0.22551341354847 0.227207660675049 0.22740276157856 0.223100438714027 0.218798100948334 0.21449576318264 0.210193425416946 0.205891087651253 0.20158876478672 0.197286427021027 0.190617576241493 0.183159902691841
0.0876757055521011 0.0960236266255379 0.104371555149555 0.112719483673573 0.121465109288692 0.131403848528862 0.141342595219612 0.151281341910362 0.161220088601112 0.171158820390701 0.181097567081451 0.191036313772202 0.192488953471184 0.191112875938416 0.189736813306808 0.188360750675201 0.186984688043594 0.185608610510826 0.184232547879219 0.184414952993393 0.189272791147232 0.194130629301071 0.198988452553749 0.203846290707588 0.208704128861427 0.213561952114105 0.218419790267944 0.220811158418655 0.222380369901657 0.223949581384659 0.225518792867661 0.227088004350662 0.228657215833664 0.230226427316666 0.230268701910973 0.225730121135712 0.221191555261612 0.216652974486351 0.212114408612251 0.20757582783699 0.203037261962891 0.19849868118763 0.192004412412643 0.18485826253891
0.094290241599083 0.10336484760046 0.112439461052418 0.121514074504375 0.130982056260109 0.141630172729492 0.152278274297714 0.162926390767097 0.17357449233532 0.184222608804703 0.194870710372925 0.205518826842308 0.206260696053505 0.203700497746468 0.201140284538269 0.198580086231232 0.196019873023033 0.193459659814835 0.190899461507797 0.190129891037941 0.194732263684273 0.199334621429443 0.203936979174614 0.208539351820946 0.213141709566116 0.217744067311287 0.222346425056458 0.224580153822899 0.226024329662323 0.227468505501747 0.228912681341171 0.230356857180595 0.231801018118858 0.233245193958282 0.233134627342224 0.228359818458557 0.223584994673729 0.218810185790062 0.214035376906395 0.209260568022728 0.204485759139061 0.199710935354233 0.193391263484955 0.186556622385979
0.100904777646065 0.110706076025963 0.120507374405861 0.130308672785759 0.140499010682106 0.151856496930122 0.163213968276978 0.174571439623833 0.185928910970688 0.197286397218704 0.208643868565559 0.220001339912415 0.220032453536987 0.216288104653358 0.21254375576973 0.208799406886101 0.205055058002472 0.201310709118843 0.197566375136375 0.195844829082489 0.200191721320152 0.204538613557816 0.208885505795479 0.213232398033142 0.217579290270805 0.221926182508469 0.226273074746132 0.228349149227142 0.229668289422989 0.230987414717674 0.232306554913521 0.233625695109367 0.234944835305214 0.236263960599899 0.236000552773476 0.230989500880241 0.225978448987007 0.220967397093773 0.215956345200539 0.210945293307304 0.205934256315231 0.200923204421997 0.194778099656105 0.188254967331886
0.105400495231152 0.115984439849854 0.126568391919136 0.137152343988419 0.148114413022995 0.160210877656937 0.172307327389717 0.184403792023659 0.1965002566576 0.208596706390381 0.220693171024323 0.232789620757103 0.232306644320488 0.227630525827408 0.222954392433167 0.218278273940086 0.213602140545845 0.208926022052765 0.204249888658524 0.201782956719398 0.205943614244461 0.210104256868362 0.214264914393425 0.218425557017326 0.222586214542389 0.22674685716629 0.230907514691353 0.232601881027222 0.233474150300026 0.23434641957283 0.235218688845634 0.236090958118439 0.236963227391243 0.237835496664047 0.237289130687714 0.232486858963966 0.227684587240219 0.222882315516472 0.218080043792725 0.213277786970139 0.208475515246391 0.203673243522644 0.197740942239761 0.191431954503059
0.107777401804924 0.119199961423874 0.130622521042824 0.142045080661774 0.153828263282776 0.166693314909935 0.179558381438255 0.192423433065414 0.205288499593735 0.218153566122055 0.231018617749214 0.243883684277534 0.243083283305168 0.237727746367455 0.23237219452858 0.227016657590866 0.221661120653152 0.216305568814278 0.210950031876564 0.207944273948669 0.211987912654877 0.216031551361084 0.220075190067291 0.224118828773499 0.228162467479706 0.232206091284752 0.236249729990959 0.237338319420815 0.237441897392273 0.237545475363731 0.23764905333519 0.237752616405487 0.237856194376945 0.237959772348404 0.237000331282616 0.232851877808571 0.228703409433365 0.224554941058159 0.220406472682953 0.216258004307747 0.212109550833702 0.207961082458496 0.202279791235924 0.196087554097176
0.110154308378696 0.122415475547314 0.134676650166512 0.146937817335129 0.159542113542557 0.173175767064095 0.186809435486794 0.200443089008331 0.214076742529869 0.227710410952568 0.241344064474106 0.254977732896805 0.25385993719101 0.247824966907501 0.241790011525154 0.235755041241646 0.229720085859299 0.223685130476952 0.217650160193443 0.214105606079102 0.218032225966454 0.221958845853806 0.225885465741158 0.22981208562851 0.233738720417023 0.237665340304375 0.241591960191727 0.242074772715569 0.241409659385681 0.240744531154633 0.240079417824745 0.239414289593697 0.238749176263809 0.238084048032761 0.236711546778679 0.233216881752014 0.229722216725349 0.226227566599846 0.222732901573181 0.219238236546516 0.215743571519852 0.212248906493187 0.206818640232086 0.200743168592453
0.112531214952469 0.125630989670753 0.138730764389038 0.151830554008484 0.165255948901176 0.179658219218254 0.194060474634171 0.208462744951248 0.222865000367165 0.237267255783081 0.251669526100159 0.266071796417236 0.26463657617569 0.257922202348709 0.251207798719406 0.244493439793587 0.237779051065445 0.231064677238464 0.224350303411484 0.220266923308372 0.224076524376869 0.227886140346527 0.231695741415024 0.235505357384682 0.23931497335434 0.243124574422836 0.246934190392494 0.246811226010323 0.245377406477928 0.243943601846695 0.242509782314301 0.241075962781906 0.239642143249512 0.238208338618279 0.236422762274742 0.233581900596619 0.230741038918495 0.227900177240372 0.225059315562248 0.222218468785286 0.219377607107162 0.216536745429039 0.211357489228249 0.205398768186569
0.114908114075661 0.128846511244774 0.142784893512726 0.156723290681839 0.170969799160957 0.186140656471252 0.201311528682709 0.216482385993004 0.231653243303299 0.246824115514755 0.261994987726212 0.277165830135345 0.27541321516037 0.268019407987595 0.260625630617142 0.253231823444366 0.245838031172752 0.238444238901138 0.231050431728363 0.226428240537643 0.230120837688446 0.233813434839249 0.237506031990051 0.241198629140854 0.244891211390495 0.248583808541298 0.252276420593262 0.251547664403915 0.249345168471336 0.247142657637596 0.244940146803856 0.242737635970116 0.240535125136375 0.238332614302635 0.236133962869644 0.233946919441223 0.231759861111641 0.229572802782059 0.227385744452477 0.225198686122894 0.223011642694473 0.220824584364891 0.215896338224411 0.210054382681847
0.117285020649433 0.132062017917633 0.146839022636414 0.161616027355194 0.176683649420738 0.192623108625412 0.208562567830086 0.224502041935921 0.240441501140594 0.256380975246429 0.272320419549942 0.288259893655777 0.28618985414505 0.278116643428802 0.270043432712555 0.261970221996307 0.25389701128006 0.245823785662651 0.237750574946404 0.232589557766914 0.236165136098862 0.23974072933197 0.243316307663918 0.246891885995865 0.250467479228973 0.25404304265976 0.257618635892868 0.256284117698669 0.253312915563583 0.250341713428497 0.247370511293411 0.244399309158325 0.241428107023239 0.238456889986992 0.235845178365707 0.234311923384666 0.232778668403625 0.231245428323746 0.229712173342705 0.228178918361664 0.226645663380623 0.225112408399582 0.220435187220573 0.214709982275963
0.124393612146378 0.140443861484528 0.156494110822678 0.172544360160828 0.188510581851006 0.204224705696106 0.219938844442368 0.235652968287468 0.251367092132568 0.26708123087883 0.282795339822769 0.298509478569031 0.296096205711365 0.287640452384949 0.279184699058533 0.270728945732117 0.262273222208023 0.253817468881607 0.245361715555191 0.23989300429821 0.243385419249535 0.246877834200859 0.250370234251022 0.253862649202347 0.257355064153671 0.260847479104996 0.26433989405632 0.262709885835648 0.259372442960739 0.256034970283508 0.2526975274086 0.249360054731369 0.246022596955299 0.24268513917923 0.23976531624794 0.238098412752151 0.236431509256363 0.234764590859413 0.233097687363625 0.231430783867836 0.229763880372047 0.228096961975098 0.223549425601959 0.21804167330265
0.136233896017075 0.153992027044296 0.171750172972679 0.189508318901062 0.206450626254082 0.220945477485657 0.235440328717232 0.249935179948807 0.264430016279221 0.278924882411957 0.293419718742371 0.307914584875107 0.305132240056992 0.296590834856033 0.288049459457397 0.279508054256439 0.270966649055481 0.262425273656845 0.253883868455887 0.248338580131531 0.251781672239304 0.255224734544754 0.258667826652527 0.2621109187603 0.26555398106575 0.268997073173523 0.272440135478973 0.27082496881485 0.26752370595932 0.264222413301468 0.260921150445938 0.257619887590408 0.254318624734879 0.251017361879349 0.247894391417503 0.245306372642517 0.242718353867531 0.240130320191383 0.237542301416397 0.234954282641411 0.232366263866425 0.229778245091438 0.225239038467407 0.220049440860748
0.14807416498661 0.167540207505226 0.187006235122681 0.206472262740135 0.224390670657158 0.237666249275208 0.250941812992096 0.264217406511307 0.277492970228195 0.290768533945084 0.304044127464294 0.317319691181183 0.314168304204941 0.30554124712944 0.29691419005394 0.288287162780762 0.279660105705261 0.271033048629761 0.262406021356583 0.256784170866013 0.260177910327911 0.26357164978981 0.266965419054031 0.27035915851593 0.273752897977829 0.27714666724205 0.280540406703949 0.278940051794052 0.275674968957901 0.27240988612175 0.269144803285599 0.265879720449448 0.262614637613297 0.259349554777145 0.256023466587067 0.252514332532883 0.249005183577538 0.245496049523354 0.24198691546917 0.238477781414986 0.234968647360802 0.231459513306618 0.226928651332855 0.222057223320007
0.159914448857307 0.181088373064995 0.202262282371521 0.223436206579208 0.242330715060234 0.254387021064758 0.266443312168121 0.278499603271484 0.290555894374847 0.302612215280533 0.314668506383896 0.326724797487259 0.323204338550568 0.314491659402847 0.305778950452805 0.297066241502762 0.288353562355042 0.279640853404999 0.270928144454956 0.265229731798172 0.268574148416519 0.271918565034866 0.275263011455536 0.278607428073883 0.28195184469223 0.285296261310577 0.288640677928925 0.287055104970932 0.283826231956482 0.280597329139709 0.277368426322937 0.274139553308487 0.270910650491714 0.267681777477264 0.264152526855469 0.259722292423248 0.255292028188705 0.250861793756485 0.246431529521942 0.24200128018856 0.237571030855179 0.233140781521797 0.228618264198303 0.224064990878105
