resources/Exp000_Example-Run/Run01_M2/TimeSeries/2005/selection_set/frwlt_avg.asc
NCOLS 265 
NROWS 230 
XLLCORNER -115.5625 
YLLCORNER 24.8333333333333 
CELLSIZE 0.0833333333333333 
NODATA_value -9999 
[rows 200 to 219 of 230, columns 132 to 175 of 265]
0.80350786447525 0.809135019779205 0.815577208995819 0.824464440345764 0.833351671695709 0.842238903045654 0.851126134395599 0.860013365745544 0.86890059709549 0.877787828445435 0.884195268154144 0.889776051044464 0.895356893539429 0.900937676429749 0.906518518924713 0.912099301815033 0.917680144309998 0.920678555965424 0.915929675102234 0.911180853843689 0.906432032585144 0.901683211326599 0.896934390068054 0.892185568809509 0.887436747550964 0.88808685541153 0.890536606311798 0.892986357212067 0.895436108112335 0.897885859012604 0.900335550308228 0.902785301208496 0.90455973148346 0.904308140277863 0.904056549072266 0.903804957866669 0.903553366661072 0.903301775455475 0.903050243854523 0.902798652648926 0.889433026313782 0.8716961145401 0.853959202766418 0.836222290992737
0.801364183425903 0.807485342025757 0.814339280128479 0.823391795158386 0.832444250583649 0.841496765613556 0.850549221038818 0.859601736068726 0.868654191493988 0.877706706523895 0.884612321853638 0.890802323818207 0.896992266178131 0.9031822681427 0.909372270107269 0.915562272071838 0.921752214431763 0.925473034381866 0.921786367893219 0.918099701404572 0.914413034915924 0.910726368427277 0.907039701938629 0.903353035449982 0.899666368961334 0.899880051612854 0.90139377117157 0.90290755033493 0.904421269893646 0.905934989452362 0.907448768615723 0.908962488174438 0.910074174404144 0.909979701042175 0.909885227680206 0.909790694713593 0.909696221351624 0.909601747989655 0.909507215023041 0.909412741661072 0.896044015884399 0.878250479698181 0.860457003116608 0.842663466930389
0.799220561981201 0.805835664272308 0.813101410865784 0.822319149971008 0.831536889076233 0.840754628181458 0.849972367286682 0.859190106391907 0.868407845497131 0.877625584602356 0.885029375553131 0.891828536987305 0.898627698421478 0.905426859855652 0.912226021289825 0.919025182723999 0.925824344158173 0.930267572402954 0.927643060684204 0.925018548965454 0.922394096851349 0.919769585132599 0.917145073413849 0.914520561695099 0.911896049976349 0.911673247814178 0.912250995635986 0.912828683853149 0.913406431674957 0.913984179496765 0.914561927318573 0.915139675140381 0.915588617324829 0.915651261806488 0.915713846683502 0.915776431560516 0.915839076042175 0.91590166091919 0.915964245796204 0.916026830673218 0.902654945850372 0.884804844856262 0.866954743862152 0.849104702472687
0.797076940536499 0.804185926914215 0.811863481998444 0.821246445178986 0.830629467964172 0.840012431144714 0.849395453929901 0.858778417110443 0.86816143989563 0.877544403076172 0.885446429252625 0.892854750156403 0.900263071060181 0.907671451568604 0.915079772472382 0.92248809337616 0.929896473884583 0.935062110424042 0.933499753475189 0.931937456130981 0.930375099182129 0.928812742233276 0.927250385284424 0.925688028335571 0.924125730991364 0.923466444015503 0.923108160495758 0.922749876976013 0.922391653060913 0.922033369541168 0.921675145626068 0.921316862106323 0.921103060245514 0.921322762966156 0.921542465686798 0.92176216840744 0.921981871128082 0.922201573848724 0.922421276569366 0.922640979290009 0.909265875816345 0.891359210014343 0.873452544212341 0.855545878410339
0.791211664676666 0.798414826393127 0.806313693523407 0.816299676895142 0.826285660266876 0.836271643638611 0.846257627010345 0.85624361038208 0.866229593753815 0.876215577125549 0.884732842445374 0.892760574817657 0.900788307189941 0.908816039562225 0.916843771934509 0.924871504306793 0.932899236679077 0.938696146011353 0.937800645828247 0.936905205249786 0.936009705066681 0.935114204883575 0.93421870470047 0.933323204517365 0.932427704334259 0.931366145610809 0.930249214172363 0.929132342338562 0.928015410900116 0.926898539066315 0.925781607627869 0.924664735794067 0.923866987228394 0.924026787281036 0.924186646938324 0.924346446990967 0.924506306648254 0.924666106700897 0.924825966358185 0.924985766410828 0.910954117774963 0.892192006111145 0.873429834842682 0.854667723178864
0.781624734401703 0.788522243499756 0.796452045440674 0.807478725910187 0.818505465984344 0.829532146453857 0.840558886528015 0.851585566997528 0.862612307071686 0.873638987541199 0.882888674736023 0.891546010971069 0.900203347206116 0.908860683441162 0.917518019676208 0.9261754155159 0.934832751750946 0.941169738769531 0.940545797348022 0.939921796321869 0.93929785490036 0.938673913478851 0.938049912452698 0.937425971031189 0.93680202960968 0.935372352600098 0.933674156665802 0.931976020336151 0.930277824401855 0.92857962846756 0.926881432533264 0.925183236598969 0.923880338668823 0.923763334751129 0.923646330833435 0.923529326915741 0.923412322998047 0.923295319080353 0.923178315162659 0.923061311244965 0.907719671726227 0.887303113937378 0.866886615753174 0.84647011756897
0.77203780412674 0.778629660606384 0.786590397357941 0.798657834529877 0.810725271701813 0.822792708873749 0.834860146045685 0.846927583217621 0.858995020389557 0.871062457561493 0.881044507026672 0.890331447124481 0.89961838722229 0.908905386924744 0.918192327022552 0.927479267120361 0.93676620721817 0.94364333152771 0.943290889263153 0.942938446998596 0.942586064338684 0.942233622074127 0.94188117980957 0.941528737545013 0.941176295280457 0.939378619194031 0.937099158763885 0.934819638729095 0.93254017829895 0.930260717868805 0.92798125743866 0.925701797008514 0.923893690109253 0.923499882221222 0.923106014728546 0.92271214723587 0.922318339347839 0.921924471855164 0.921530604362488 0.921136796474457 0.904485166072845 0.882414281368256 0.860343396663666 0.838272571563721
0.762450933456421 0.768737077713013 0.776728689670563 0.789836883544922 0.802945077419281 0.816053211688995 0.829161405563354 0.842269539833069 0.855377733707428 0.868485867977142 0.879200339317322 0.889116883277893 0.899033486843109 0.90895003080368 0.918866574764252 0.928783118724823 0.938699722290039 0.946116924285889 0.946035981178284 0.945955097675323 0.945874214172363 0.945793330669403 0.945712447166443 0.945631504058838 0.945550620555878 0.943384826183319 0.940524101257324 0.937663316726685 0.93480259180069 0.93194180727005 0.929081082344055 0.926220297813416 0.923907101154327 0.92323637008667 0.922565698623657 0.921895027160645 0.921224355697632 0.920553684234619 0.919882953166962 0.919212281703949 0.901250660419464 0.877525448799133 0.853800177574158 0.830074965953827
0.752864003181458 0.758844494819641 0.76686704158783 0.781015932559967 0.795164823532104 0.809313714504242 0.823462665081024 0.837611556053162 0.851760447025299 0.865909337997437 0.877356171607971 0.887902319431305 0.898448526859283 0.908994674682617 0.919540822505951 0.93008702993393 0.940633177757263 0.948590457439423 0.948781132698059 0.948971748352051 0.949162364006042 0.949353039264679 0.949543654918671 0.949734330177307 0.949924945831299 0.947391092777252 0.943949043750763 0.940506994724274 0.937064945697784 0.933622896671295 0.930180907249451 0.926738858222961 0.923920452594757 0.922972917556763 0.922025382518768 0.921077907085419 0.920130372047424 0.91918283700943 0.918235301971436 0.917287766933441 0.898016214370728 0.872636616230011 0.847257018089294 0.821877360343933
0.743277072906494 0.74895191192627 0.757005393505096 0.772195041179657 0.787384629249573 0.802574276924133 0.817763864994049 0.83295351266861 0.84814316034317 0.863332748413086 0.875512003898621 0.886687755584717 0.897863566875458 0.909039318561554 0.920215129852295 0.931390881538391 0.942566692829132 0.951064050197601 0.95152622461319 0.951988399028778 0.952450573444366 0.952912747859955 0.953374922275543 0.953837096691132 0.95429927110672 0.95139729976654 0.947373986244202 0.943350672721863 0.939327359199524 0.935304045677185 0.931280732154846 0.927257359027863 0.923933804035187 0.922709465026855 0.921485066413879 0.920260727405548 0.919036388397217 0.917811989784241 0.916587650775909 0.915363311767578 0.894781708717346 0.867747724056244 0.840713798999786 0.813679814338684
0.729874670505524 0.73508358001709 0.743223190307617 0.760154962539673 0.777086794376373 0.794018566608429 0.810950338840485 0.82788211107254 0.844813942909241 0.861745715141296 0.874679207801819 0.886279940605164 0.897880673408508 0.909481406211853 0.921082139015198 0.932682871818542 0.944283604621887 0.953084647655487 0.953486561775208 0.953888475894928 0.954290390014648 0.954692304134369 0.955094218254089 0.95549613237381 0.95589804649353 0.952727913856506 0.948367059230804 0.944006204605103 0.939645349979401 0.935284495353699 0.930923640727997 0.926562786102295 0.922925293445587 0.921457827091217 0.919990420341492 0.918522953987122 0.917055487632751 0.915588080883026 0.914120614528656 0.912653148174286 0.892136871814728 0.865270972251892 0.838405013084412 0.811539113521576
0.712656736373901 0.717239499092102 0.725520431995392 0.744895815849304 0.764271199703217 0.783646583557129 0.803021967411041 0.822397351264954 0.841772735118866 0.861148118972778 0.874857783317566 0.886678814888 0.898499846458435 0.91032087802887 0.922141909599304 0.933962941169739 0.945783972740173 0.95465224981308 0.954662084579468 0.9546719789505 0.954681813716888 0.954691708087921 0.954701602458954 0.954711437225342 0.954721331596375 0.95138281583786 0.946928203105927 0.942473590373993 0.938018977642059 0.933564305305481 0.929109692573547 0.924655079841614 0.920894920825958 0.919218122959137 0.917541325092316 0.915864586830139 0.914187788963318 0.912510991096497 0.910834193229675 0.909157395362854 0.890081644058228 0.865206182003021 0.840330719947815 0.815455317497253
0.695438802242279 0.699395477771759 0.707817733287811 0.72963672876358 0.751455664634705 0.773274660110474 0.795093655586243 0.816912591457367 0.838731586933136 0.860550582408905 0.875036299228668 0.887077689170837 0.899119019508362 0.911160349845886 0.923201680183411 0.935243010520935 0.947284400463104 0.956219851970673 0.955837666988373 0.955455482006073 0.955073297023773 0.954691112041473 0.954308927059174 0.953926742076874 0.953544557094574 0.950037717819214 0.945489346981049 0.940940976142883 0.936392545700073 0.931844174861908 0.927295744419098 0.922747373580933 0.918864548206329 0.916978418827057 0.915092289447784 0.913206160068512 0.91132003068924 0.909433901309967 0.907547771930695 0.905661642551422 0.888026416301727 0.865141451358795 0.842256486415863 0.819371461868286
0.678220868110657 0.681551456451416 0.690114974975586 0.714377582073212 0.738640129566193 0.762902677059174 0.787165284156799 0.81142783164978 0.835690438747406 0.859952986240387 0.875214874744415 0.88747650384903 0.899738192558289 0.911999821662903 0.924261450767517 0.936523139476776 0.94878476858139 0.957787454128265 0.957013189792633 0.956238985061646 0.955464780330658 0.954690515995026 0.953916311264038 0.953142046928406 0.952367842197418 0.948692679405212 0.944050490856171 0.939408302307129 0.934766173362732 0.93012398481369 0.925481855869293 0.920839667320251 0.9168341755867 0.914738714694977 0.912643253803253 0.91054779291153 0.908452332019806 0.906356871128082 0.904261410236359 0.902165949344635 0.885971188545227 0.865076661109924 0.844182193279266 0.823287665843964
0.661002933979034 0.663707375526428 0.672412276268005 0.699118435382843 0.725824594497681 0.752530753612518 0.779236912727356 0.805943071842194 0.832649290561676 0.859355449676514 0.875393450260162 0.887875378131866 0.900357365608215 0.912839293479919 0.925321221351624 0.937803208827972 0.950285136699677 0.959355056285858 0.958188772201538 0.957022488117218 0.955856204032898 0.954689919948578 0.953523635864258 0.952357411384583 0.951191127300262 0.947347581386566 0.942611634731293 0.937875688076019 0.933139801025391 0.928403854370117 0.923667907714844 0.91893196105957 0.914803802967072 0.912499010562897 0.910194218158722 0.907889366149902 0.905584573745728 0.903279781341553 0.900974988937378 0.898670196533203 0.883915960788727 0.865011930465698 0.84610790014267 0.827203869819641
0.643784999847412 0.645863354206085 0.65470951795578 0.683859288692474 0.713009059429169 0.742158830165863 0.771308541297913 0.800458312034607 0.829608082771301 0.858757853507996 0.875572025775909 0.888274252414703 0.900976538658142 0.913678765296936 0.92638099193573 0.939083278179169 0.951785504817963 0.960922658443451 0.959364295005798 0.95780599117279 0.956247687339783 0.95468932390213 0.953131020069122 0.951572716236115 0.950014352798462 0.946002542972565 0.941172778606415 0.93634307384491 0.931513369083405 0.926683664321899 0.921853959560394 0.917024254798889 0.912773430347443 0.910259306430817 0.907745122909546 0.90523099899292 0.902716875076294 0.900202691555023 0.897688567638397 0.895174443721771 0.881860733032227 0.864947140216827 0.848033607006073 0.831120073795319
0.630337655544281 0.631923794746399 0.640638053417206 0.67073655128479 0.700835108757019 0.730933606624603 0.761032104492188 0.791130661964417 0.821229159832001 0.851327657699585 0.868963122367859 0.882444262504578 0.895925343036652 0.90940648317337 0.922887563705444 0.936368644237518 0.949849784374237 0.959571480751038 0.958015024662018 0.956458628177643 0.954902172088623 0.953345775604248 0.951789319515228 0.950232863426208 0.948676466941833 0.944587647914886 0.939654648303986 0.93472170829773 0.929788768291473 0.924855768680573 0.919922828674316 0.91498988866806 0.910647332668304 0.908075988292694 0.905504643917084 0.902933239936829 0.900361895561218 0.897790551185608 0.895219206809998 0.892647862434387 0.880135536193848 0.864309549331665 0.848483622074127 0.832657635211945
0.620660781860352 0.621888816356659 0.630197882652283 0.65975034236908 0.689302742481232 0.718855202198029 0.748407602310181 0.777960062026978 0.80751246213913 0.837064921855927 0.8555668592453 0.870385348796844 0.885203897953033 0.900022387504578 0.914840877056122 0.929659366607666 0.94447785615921 0.955301582813263 0.954140961170197 0.95298033952713 0.951819777488708 0.950659155845642 0.949498534202576 0.948337912559509 0.947177290916443 0.943102896213531 0.938057243824005 0.933011531829834 0.927965879440308 0.922920167446136 0.91787451505661 0.912828862667084 0.908425450325012 0.905949056148529 0.903472602367401 0.900996208190918 0.89851975440979 0.896043360233307 0.893566906452179 0.891090512275696 0.878740429878235 0.863099157810211 0.847457885742188 0.831816613674164
0.610983967781067 0.611853778362274 0.61975771188736 0.648764073848724 0.677770376205444 0.706776738166809 0.735783100128174 0.764789402484894 0.793795764446259 0.822802126407623 0.842170596122742 0.858326494693756 0.87448239326477 0.890638291835785 0.906794190406799 0.922950029373169 0.939105927944183 0.951031684875488 0.950266897678375 0.949502110481262 0.948737323284149 0.947972536087036 0.947207748889923 0.94644296169281 0.945678174495697 0.941618204116821 0.93645977973938 0.931301414966583 0.926142990589142 0.920984625816345 0.915826201438904 0.910667777061462 0.906203627586365 0.903822124004364 0.901440620422363 0.899059116840363 0.896677613258362 0.894296169281006 0.891914665699005 0.889533162117004 0.877345323562622 0.861888766288757 0.846432149410248 0.830975532531738
0.601307153701782 0.601818740367889 0.609317541122437 0.637777805328369 0.666238069534302 0.694698333740234 0.723158538341522 0.751618802547455 0.780079066753387 0.80853933095932 0.828774333000183 0.846267640590668 0.863760888576508 0.881254196166992 0.898747444152832 0.916240751743317 0.933733999729156 0.946761727333069 0.946392774581909 0.94602382183075 0.94565486907959 0.94528591632843 0.94491696357727 0.944548010826111 0.944179058074951 0.940133452415466 0.934862375259399 0.929591238498688 0.924320101737976 0.919049024581909 0.913777887821198 0.908506751060486 0.903981804847717 0.901695191860199 0.899408638477325 0.897122085094452 0.894835472106934 0.89254891872406 0.890262365341187 0.887975811958313 0.875950217247009 0.860678315162659 0.845406413078308 0.830134510993958
