resources/Exp000_Example-Run/Run01_M2/TimeSeries/2005/selection_set/frwlt_avg.asc
NCOLS 265 
NROWS 230 
XLLCORNER -115.5625 
YLLCORNER 24.8333333333333 
CELLSIZE 0.0833333333333333 
NODATA_value -9999 
[rows 120 to 139 of 230, columns 220 to 263 of 265]
0.435428559780121 0.420832127332687 0.406235694885254 0.39163926243782 0.377572596073151 0.365095317363739 0.352618038654327 0.340140730142593 0.327663451433182 0.31518617272377 0.302708894014359 0.290231615304947 0.290581732988358 0.295207679271698 0.299833595752716 0.304459542036057 0.309085458517075 0.313711404800415 0.318337321281433 0.321510195732117 0.320323944091797 0.319137662649155 0.317951411008835 0.316765129566193 0.315578877925873 0.314392596483231 0.313206344842911 0.306072473526001 0.296956062316895 0.287839651107788 0.278723239898682 0.269606828689575 0.260490417480469 0.251374006271362 0.243108570575714 0.237396016716957 0.2316834628582 0.225970894098282 0.220258340239525 0.214545771479607 0.20883321762085 0.203120663762093 0.202880173921585 0.204463720321655
0.447258353233337 0.430825382471085 0.414392441511154 0.397959470748901 0.382494360208511 0.369932740926743 0.357371091842651 0.344809472560883 0.332247853279114 0.319686233997345 0.307124614715576 0.294562965631485 0.294411242008209 0.298396110534668 0.302381008863449 0.30636590719223 0.310350775718689 0.31433567404747 0.318320572376251 0.321433007717133 0.321928113698959 0.322423189878464 0.32291829586029 0.323413401842117 0.323908507823944 0.324403613805771 0.324898689985275 0.318348616361618 0.30945011973381 0.300551623106003 0.291653126478195 0.282754629850388 0.27385613322258 0.264957666397095 0.256580680608749 0.249768182635307 0.242955699563026 0.236143216490746 0.229330733418465 0.222518265247345 0.215705782175064 0.208893299102783 0.208131030201912 0.209385499358177
0.459088116884232 0.440818637609482 0.422549158334732 0.404279708862305 0.38741609454155 0.374770134687424 0.362124174833298 0.349478214979172 0.336832255125046 0.324186265468597 0.311540305614471 0.298894345760345 0.298240751028061 0.30158457159996 0.304928421974182 0.308272272348404 0.311616122722626 0.314959973096848 0.318303793668747 0.321355789899826 0.323532283306122 0.325708746910095 0.327885210514069 0.330061674118042 0.332238137722015 0.334414601325989 0.336591064929962 0.330624759197235 0.321944177150726 0.313263595104218 0.304583013057709 0.2959024310112 0.287221878767014 0.278541296720505 0.270052760839462 0.262140363454819 0.254227936267853 0.246315538883209 0.238403141498566 0.230490744113922 0.222578331828117 0.214665934443474 0.213381871581078 0.214307263493538
0.470917880535126 0.450811892747879 0.430705904960632 0.410599917173386 0.39233785867691 0.379607558250427 0.366877257823944 0.354146927595139 0.341416627168655 0.328686326742172 0.315956026315689 0.303225725889206 0.30207023024559 0.304773032665253 0.307475835084915 0.310178637504578 0.31288143992424 0.315584242343903 0.318287044763565 0.321278601884842 0.325136423110962 0.328994274139404 0.332852095365524 0.336709916591644 0.340567767620087 0.344425588846207 0.348283439874649 0.342900902032852 0.334438234567642 0.325975567102432 0.317512899637222 0.309050261974335 0.300587594509125 0.292124927043915 0.283524841070175 0.274512529373169 0.26550018787384 0.256487876176834 0.247475549578667 0.238463222980499 0.229450896382332 0.220438569784164 0.218632727861404 0.21922904253006
0.482747673988342 0.460805147886276 0.438862651586533 0.416920155286789 0.397259622812271 0.384444981813431 0.371630311012268 0.358815670013428 0.346001029014587 0.333186388015747 0.320371747016907 0.307557076215744 0.305899739265442 0.307961493730545 0.310023248195648 0.312085002660751 0.314146757125854 0.316208511590958 0.318270266056061 0.321201384067535 0.326740592718124 0.332279801368713 0.337819010019302 0.343358188867569 0.348897397518158 0.354436606168747 0.359975785017014 0.355177044868469 0.346932291984558 0.338687539100647 0.330442786216736 0.322198063135147 0.313953310251236 0.305708557367325 0.29699695110321 0.286884695291519 0.276772439479828 0.266660183668137 0.256547957658768 0.246435701847076 0.236323460936546 0.226211205124855 0.223883584141731 0.224150821566582
0.494577437639236 0.470798403024673 0.447019398212433 0.423240393400192 0.402181357145309 0.389282375574112 0.376383394002914 0.363484412431717 0.350585430860519 0.337686419487 0.324787437915802 0.311888456344604 0.309729248285294 0.311149954795837 0.312570661306381 0.313991367816925 0.315412104129791 0.316832810640335 0.318253517150879 0.321124196052551 0.328344762325287 0.335565328598022 0.342785894870758 0.350006461143494 0.357227027416229 0.364447593688965 0.3716681599617 0.367453187704086 0.359426349401474 0.351399511098862 0.343372672796249 0.33534586429596 0.327319025993347 0.319292187690735 0.310469031333923 0.299256861209869 0.288044691085815 0.276832520961761 0.265620350837708 0.254408180713654 0.2431960105896 0.231983840465546 0.229134425520897 0.229072600603104
0.500508248806 0.475700914859772 0.450893610715866 0.426086276769638 0.404250085353851 0.391327261924744 0.378404438495636 0.365481644868851 0.352558821439743 0.339635998010635 0.326713174581528 0.31379035115242 0.311241090297699 0.312149703502655 0.313058346509933 0.31396695971489 0.314875572919846 0.315784186124802 0.316692799329758 0.319242238998413 0.326714128255844 0.334186017513275 0.341657876968384 0.349129766225815 0.356601655483246 0.364073544740677 0.371545433998108 0.367750853300095 0.360200792551041 0.352650731801987 0.345100671052933 0.337550610303879 0.330000549554825 0.322450459003448 0.314025491476059 0.302975803613663 0.291926115751266 0.28087642788887 0.269826740026474 0.258777052164078 0.247727379202843 0.236677691340446 0.233852937817574 0.233769819140434
0.500540018081665 0.475512653589249 0.45048525929451 0.425457894802094 0.403465807437897 0.390579640865326 0.377693504095078 0.364807337522507 0.351921200752258 0.339035034179688 0.326148897409439 0.313262730836868 0.31043529510498 0.31096076965332 0.31148624420166 0.31201171875 0.31253719329834 0.31306266784668 0.31358814239502 0.315555512905121 0.321848660707474 0.328141838312149 0.334434986114502 0.340728133916855 0.347021281719208 0.353314429521561 0.359607607126236 0.356070041656494 0.349255621433258 0.3424411714077 0.335626721382141 0.328812271356583 0.321997851133347 0.315183401107788 0.30766636133194 0.298041552305222 0.288416743278503 0.278791964054108 0.26916715502739 0.259542346000671 0.249917536973953 0.240292727947235 0.238039091229439 0.238242506980896
0.500571846961975 0.475324392318726 0.450076937675476 0.424829483032227 0.40268149971962 0.389832019805908 0.376982539892197 0.364133059978485 0.351283580064774 0.338434100151062 0.32558462023735 0.312735140323639 0.309629529714584 0.309771835803986 0.309914171695709 0.31005647778511 0.310198813676834 0.310341149568558 0.310483455657959 0.311868816614151 0.316983222961426 0.322097659111023 0.327212065458298 0.332326501607895 0.33744090795517 0.342555344104767 0.347669780254364 0.344389259815216 0.338310420513153 0.332231611013412 0.326152801513672 0.320073962211609 0.313995152711868 0.307916313409805 0.30130723118782 0.29310730099678 0.28490737080574 0.276707470417023 0.268507540225983 0.260307610034943 0.252107709646225 0.243907779455185 0.242225259542465 0.242715194821358
0.500603675842285 0.475136131048203 0.44966858625412 0.42420107126236 0.401897221803665 0.38908439874649 0.376271605491638 0.363458782434464 0.350645989179611 0.337833166122437 0.325020343065262 0.31220754981041 0.308823734521866 0.308582901954651 0.308342069387436 0.308101266622543 0.307860434055328 0.307619601488113 0.307378798723221 0.308182090520859 0.312117785215378 0.316053479909897 0.319989174604416 0.323924869298935 0.327860563993454 0.331796258687973 0.335731953382492 0.332708448171616 0.32736524939537 0.322022050619125 0.31667885184288 0.311335653066635 0.30599245429039 0.300649255514145 0.294948071241379 0.288173049688339 0.281397998332977 0.274622976779938 0.267847925424576 0.261072903871536 0.254297852516174 0.247522830963135 0.246411427855492 0.247187882661819
0.50063544511795 0.474947869777679 0.449260264635086 0.423572659492493 0.401112914085388 0.388336777687073 0.375560641288757 0.362784504890442 0.350008368492126 0.337232232093811 0.324456095695496 0.31167995929718 0.308017939329147 0.307393968105316 0.306769996881485 0.306146025657654 0.305522054433823 0.304898083209991 0.30427411198616 0.304495394229889 0.30725234746933 0.310009300708771 0.312766253948212 0.315523236989975 0.318280190229416 0.321037143468857 0.323794096708298 0.321027666330338 0.316420078277588 0.311812490224838 0.307204902172089 0.302597343921661 0.297989755868912 0.293382167816162 0.28858894109726 0.283238798379898 0.277888625860214 0.272538483142853 0.267188340425491 0.261838167905807 0.256488025188446 0.251137882471085 0.250597596168518 0.251660585403442
0.50066727399826 0.474759608507156 0.448851943016052 0.422944247722626 0.400328636169434 0.387589156627655 0.374849677085876 0.36211022734642 0.349370747804642 0.336631298065186 0.323891818523407 0.311152338981628 0.307212144136429 0.306205034255981 0.305197924375534 0.304190784692764 0.303183674812317 0.30217656493187 0.301169455051422 0.300808668136597 0.302386909723282 0.303965121507645 0.30554336309433 0.307121574878693 0.308699816465378 0.310278058052063 0.311856269836426 0.309346854686737 0.305474907159805 0.301602929830551 0.297730982303619 0.293859004974365 0.289987057447433 0.286115080118179 0.28222981095314 0.278304517269135 0.274379253387451 0.270453989505768 0.266528725624084 0.262603461742401 0.258678197860718 0.254752933979034 0.254783749580383 0.256133258342743
0.497365534305573 0.4719358086586 0.44650611281395 0.421076387166977 0.398872345685959 0.386345267295837 0.373818188905716 0.361291110515594 0.348764032125473 0.336236953735352 0.32370987534523 0.311182796955109 0.307260274887085 0.306205928325653 0.305151581764221 0.304097265005112 0.30304291844368 0.301988571882248 0.300934255123138 0.300456255674362 0.301707297563553 0.302958339452744 0.304209381341934 0.305460423231125 0.306711465120316 0.307962507009506 0.309213548898697 0.306524246931076 0.302521497011185 0.298518747091293 0.294515997171402 0.290513217449188 0.286510467529297 0.282507717609406 0.278720796108246 0.275581419467926 0.272442013025284 0.269302636384964 0.266163259744644 0.263023853302002 0.259884476661682 0.25674507021904 0.256791830062866 0.2579006254673
0.490730226039886 0.466476500034332 0.4422228038311 0.417969077825546 0.396744042634964 0.384605079889297 0.372466117143631 0.360327154397964 0.348188191652298 0.336049228906631 0.323910236358643 0.311771273612976 0.308162301778793 0.307396680116653 0.306631058454514 0.305865406990051 0.305099785327911 0.304334133863449 0.303568512201309 0.303438127040863 0.305213540792465 0.306988954544067 0.308764338493347 0.310539752244949 0.312315165996552 0.314090549945831 0.315865963697433 0.312559843063354 0.307559877634048 0.302559912204742 0.297559946775436 0.29255998134613 0.287560015916824 0.282560050487518 0.278061926364899 0.275069415569305 0.272076904773712 0.269084393978119 0.266091883182526 0.263099372386932 0.260106861591339 0.257114350795746 0.256621837615967 0.256962656974792
0.4840949177742 0.461017191410065 0.437939494848251 0.414861768484116 0.394615769386292 0.38286492228508 0.371114045381546 0.359363198280334 0.347612351179123 0.335861474275589 0.324110627174377 0.312359780073166 0.309064358472824 0.308587431907654 0.308110505342484 0.307633578777313 0.307156652212143 0.306679725646973 0.30620276927948 0.306420028209686 0.308719784021378 0.311019539833069 0.31331929564476 0.315619081258774 0.317918837070465 0.320218592882156 0.322518348693848 0.318595409393311 0.31259822845459 0.306601077318192 0.300603896379471 0.29460671544075 0.288609534502029 0.282612383365631 0.277403086423874 0.274557441473007 0.27171179652214 0.268866151571274 0.26602053642273 0.263174891471863 0.260329246520996 0.257483601570129 0.256451845169067 0.256024688482285
0.477459609508514 0.455557882785797 0.433656185865402 0.411754459142685 0.392487496137619 0.38112473487854 0.369762003421783 0.358399242162704 0.347036510705948 0.335673749446869 0.324311017990112 0.312948256731033 0.309966415166855 0.309778183698654 0.309589952230453 0.309401720762253 0.309213489294052 0.309025287628174 0.308837056159973 0.309401899576187 0.31222602725029 0.315050154924393 0.317874282598495 0.320698380470276 0.323522508144379 0.326346635818481 0.329170763492584 0.324631005525589 0.317636609077454 0.310642242431641 0.303647845983505 0.296653479337692 0.289659082889557 0.282664716243744 0.276744216680527 0.274045467376709 0.271346688270569 0.268647938966751 0.265949159860611 0.263250410556793 0.260551631450653 0.257852882146835 0.256281852722168 0.255086749792099
0.470824301242828 0.45009857416153 0.429372876882553 0.408647149801254 0.390359222888947 0.379384577274323 0.368409931659698 0.357435286045074 0.346460670232773 0.335486024618149 0.324511379003525 0.313536763191223 0.310868442058563 0.310968935489655 0.311069399118423 0.311169892549515 0.311270356178284 0.311370849609375 0.311471313238144 0.31238380074501 0.315732270479202 0.319080740213394 0.322429239749908 0.3257777094841 0.329126179218292 0.332474678754807 0.335823148488998 0.330666571855545 0.322674989700317 0.31468340754509 0.30669179558754 0.298700213432312 0.290708631277084 0.282717019319534 0.276085376739502 0.273533463478088 0.270981580018997 0.268429696559906 0.265877813100815 0.263325929641724 0.26077401638031 0.258222132921219 0.256111860275269 0.254148781299591
0.464188992977142 0.444639265537262 0.425089567899704 0.405539840459824 0.388230919837952 0.377644389867783 0.367057889699936 0.356471359729767 0.345884829759598 0.335298299789429 0.32471176981926 0.314125239849091 0.311770498752594 0.312159687280655 0.312548846006393 0.312938034534454 0.313327223062515 0.313716411590576 0.314105600118637 0.315365672111511 0.319238513708115 0.323111355304718 0.326984196901321 0.330857038497925 0.334729880094528 0.338602691888809 0.342475533485413 0.336702138185501 0.327713340520859 0.318724542856216 0.309735745191574 0.300746947526932 0.291758149862289 0.282769352197647 0.275426506996155 0.27302148938179 0.270616471767426 0.268211454153061 0.265806436538696 0.263401418924332 0.260996401309967 0.258591383695602 0.255941867828369 0.253210812807083
0.457546830177307 0.43955135345459 0.42155584692955 0.403560370206833 0.38757860660553 0.377637982368469 0.367697328329086 0.357756704092026 0.347816079854965 0.337875455617905 0.327934831380844 0.317994177341461 0.315642982721329 0.315821617841721 0.31600022315979 0.316178858280182 0.316357463598251 0.316536098718643 0.316714704036713 0.317792981863022 0.32157027721405 0.325347542762756 0.329124838113785 0.332902103662491 0.336679399013519 0.340456664562225 0.344233959913254 0.338017165660858 0.328469008207321 0.318920880556107 0.30937272310257 0.299824565649033 0.290276437997818 0.280728280544281 0.272927552461624 0.270369082689285 0.267810583114624 0.265252083539963 0.262693613767624 0.260135114192963 0.257576644420624 0.255018144845963 0.252063035964966 0.248975709080696
0.450897783041 0.434834778308868 0.418771743774414 0.40270870923996 0.388402223587036 0.379365265369415 0.370328336954117 0.361291378736496 0.352254420518875 0.343217492103577 0.334180533885956 0.325143575668335 0.322485953569412 0.321954727172852 0.321423530578613 0.320892304182053 0.320361077785492 0.319829881191254 0.319298654794693 0.31966570019722 0.322727531194687 0.325789332389832 0.328851133584976 0.331912934780121 0.334974735975266 0.338036566972733 0.341098368167877 0.334611594676971 0.324941962957382 0.315272331237793 0.305602699518204 0.295933067798615 0.286263436079025 0.276593804359436 0.26858851313591 0.265576213598251 0.262563914060593 0.259551614522934 0.256539314985275 0.253526985645294 0.250514686107635 0.247502401471138 0.244475364685059 0.241443440318108
