resources/Exp000_Example-Run/Run01_M2/TimeSeries/2005/selection_set/frwlt_avg.asc
NCOLS 265 
NROWS 230 
XLLCORNER -115.5625 
YLLCORNER 24.8333333333333 
CELLSIZE 0.0833333333333333 
NODATA_value -9999 
[rows 120 to 139 of 230, columns 0 to 43 of 265]
0.94327986240387 0.944152772426605 0.945025742053986 0.945898711681366 0.946771681308746 0.947644650936127 0.948517560958862 0.943953275680542 0.937576472759247 0.931199729442596 0.924822986125946 0.918446242809296 0.912069499492645 0.90569269657135 0.900270462036133 0.897711753845215 0.895153045654297 0.892594397068024 0.890035688877106 0.887476980686188 0.88491827249527 0.882359564304352 0.882079899311066 0.882559955120087 0.883040010929108 0.883520066738129 0.884000062942505 0.884480118751526 0.884960174560547 0.883954048156738 0.878489375114441 0.873024702072144 0.867560088634491 0.862095415592194 0.856630742549896 0.851166069507599 0.845701456069946 0.834491789340973 0.821367084980011 0.808242440223694 0.795117735862732 0.781993091106415 0.768868386745453 0.755743741989136
0.945345222949982 0.946311414241791 0.947277545928955 0.948243737220764 0.949209928512573 0.950176060199738 0.951142251491547 0.946704089641571 0.940464496612549 0.934224843978882 0.92798525094986 0.921745657920837 0.915506064891815 0.909266412258148 0.904011785984039 0.90171205997467 0.899412333965302 0.897112607955933 0.894812881946564 0.89251321554184 0.890213489532471 0.887913763523102 0.887813150882721 0.888445556163788 0.8890780210495 0.889710426330566 0.890342891216278 0.890975296497345 0.891607701778412 0.890847980976105 0.885911762714386 0.880975544452667 0.876039266586304 0.871103048324585 0.866166830062866 0.861230611801147 0.856294393539429 0.845839321613312 0.833544671535492 0.821250021457672 0.808955430984497 0.796660780906677 0.784366130828857 0.772071480751038
0.947410583496094 0.948469996452332 0.949529349803925 0.950588762760162 0.9516481757164 0.952707529067993 0.953766942024231 0.9494549036026 0.943352460861206 0.937250018119812 0.931147515773773 0.925045073032379 0.91894257068634 0.912840127944946 0.907753109931946 0.905712366104126 0.903671622276306 0.901630878448486 0.899590134620667 0.897549390792847 0.895508646965027 0.893467903137207 0.893546342849731 0.894331157207489 0.895115971565247 0.895900845527649 0.896685659885406 0.897470474243164 0.898255288600922 0.897741913795471 0.893334150314331 0.888926327228546 0.884518504142761 0.880110740661621 0.875702917575836 0.871295094490051 0.866887331008911 0.857186913490295 0.845722258090973 0.834257662296295 0.822793066501617 0.81132847070694 0.799863815307617 0.78839921951294
0.949476003646851 0.950628578662872 0.951781213283539 0.95293378829956 0.954086422920227 0.955238997936249 0.95639157295227 0.952205777168274 0.946240425109863 0.940275132656097 0.934309780597687 0.928344488143921 0.92237913608551 0.916413843631744 0.911494433879852 0.909712672233582 0.907930910587311 0.90614914894104 0.904367387294769 0.902585625648499 0.900803864002228 0.899022102355957 0.899279594421387 0.900216817855835 0.901153981685638 0.902091205120087 0.903028428554535 0.903965592384338 0.904902815818787 0.904635906219482 0.900756478309631 0.896877110004425 0.892997741699219 0.889118373394012 0.885239005088806 0.8813596367836 0.877480208873749 0.868534445762634 0.857899904251099 0.847265303134918 0.836630702018738 0.825996160507202 0.815361559391022 0.804726958274841
0.951541364192963 0.952787160873413 0.954033017158508 0.955278813838959 0.956524610519409 0.957770466804504 0.959016263484955 0.954956591129303 0.949128448963165 0.943300247192383 0.9374720454216 0.931643903255463 0.92581570148468 0.919987559318542 0.915235698223114 0.913712918758392 0.912190139293671 0.910667419433594 0.909144639968872 0.90762186050415 0.906099081039429 0.904576301574707 0.905012786388397 0.906102418899536 0.90719199180603 0.908281564712524 0.909371197223663 0.910460770130157 0.911550343036652 0.911529839038849 0.908178865909576 0.904827952384949 0.901476979255676 0.898126006126404 0.894775092601776 0.891424119472504 0.888073146343231 0.879882037639618 0.87007749080658 0.860272943973541 0.850468397140503 0.84066379070282 0.830859243869781 0.821054697036743
0.953606724739075 0.954945802688599 0.956284821033478 0.957623839378357 0.958962857723236 0.96030193567276 0.961640954017639 0.957707405090332 0.952016413211823 0.946325361728668 0.940634310245514 0.934943318367004 0.92925226688385 0.923561215400696 0.91897702217102 0.917713224887848 0.916449427604675 0.915185630321503 0.91392183303833 0.912658095359802 0.91139429807663 0.910130500793457 0.910746037960052 0.911988019943237 0.913230001926422 0.914471983909607 0.915713965892792 0.916955947875977 0.918197929859161 0.918423771858215 0.915601253509521 0.912778735160828 0.909956216812134 0.90713369846344 0.904311180114746 0.901488602161407 0.898666083812714 0.891229569911957 0.88225507736206 0.87328052520752 0.864306032657623 0.855331480503082 0.846356987953186 0.837382435798645
0.954932868480682 0.95648992061615 0.958046913146973 0.959603905677795 0.961160898208618 0.962717890739441 0.964274883270264 0.960536181926727 0.955032289028168 0.949528396129608 0.944024443626404 0.938520550727844 0.93301659822464 0.92751270532608 0.923105001449585 0.921986043453217 0.920867145061493 0.919748187065125 0.918629229068756 0.917510330677032 0.916391372680664 0.915272414684296 0.915903210639954 0.917117238044739 0.918331205844879 0.919545233249664 0.92075926065445 0.921973288059235 0.923187255859375 0.923484623432159 0.921032071113586 0.918579518795013 0.91612696647644 0.913674414157867 0.911221861839294 0.908769309520721 0.906316757202148 0.899535477161407 0.891311228275299 0.883087038993835 0.874862790107727 0.866638600826263 0.858414351940155 0.850190162658691
0.955519795417786 0.957419514656067 0.959319233894348 0.961218953132629 0.963118672370911 0.965018391609192 0.966918110847473 0.963442921638489 0.958176076412201 0.952909231185913 0.947642385959625 0.942375540733337 0.93710869550705 0.931841850280762 0.927619695663452 0.926531434059143 0.925443232059479 0.924355030059814 0.923266768455505 0.922178566455841 0.921090304851532 0.920002102851868 0.920484304428101 0.921490013599396 0.922495722770691 0.923501372337341 0.924507081508636 0.925512790679932 0.926518440246582 0.926712453365326 0.924471437931061 0.922230362892151 0.919989347457886 0.917748332023621 0.915507256984711 0.913266241550446 0.91102522611618 0.904799699783325 0.897246062755585 0.889692425727844 0.882138729095459 0.874585092067719 0.867031455039978 0.859477758407593
0.956106722354889 0.958349168300629 0.960591614246368 0.962834060192108 0.965076506137848 0.967318952083588 0.969561398029327 0.96634966135025 0.961319863796234 0.956290125846863 0.951260328292847 0.946230590343475 0.941200792789459 0.936171054840088 0.932134330272675 0.93107682466507 0.930019319057465 0.92896181344986 0.927904307842255 0.92684680223465 0.925789296627045 0.92473179101944 0.925065457820892 0.925862789154053 0.926660180091858 0.927457511425018 0.928254902362823 0.929052293300629 0.929849624633789 0.929940283298492 0.92791074514389 0.925881206989288 0.923851728439331 0.921822190284729 0.919792652130127 0.917763113975525 0.915733635425568 0.910063922405243 0.903180837631226 0.896297752857208 0.889414668083191 0.882531583309174 0.875648498535156 0.868765413761139
0.956693649291992 0.959278762340546 0.961863934993744 0.964449107646942 0.96703428030014 0.969619452953339 0.972204625606537 0.969256401062012 0.964463710784912 0.959671020507812 0.954878330230713 0.950085639953613 0.945292890071869 0.940500199794769 0.936649024486542 0.935622215270996 0.93459540605545 0.93356865644455 0.932541847229004 0.931515038013458 0.930488288402557 0.929461479187012 0.929646551609039 0.930235624313354 0.930824637413025 0.93141371011734 0.93200272321701 0.932591736316681 0.933180809020996 0.933168053627014 0.93135005235672 0.929532051086426 0.927714049816132 0.925896048545837 0.924078047275543 0.922260046005249 0.920442044734955 0.915328145027161 0.909115612506866 0.902903139591217 0.896690607070923 0.890478074550629 0.884265542030334 0.878053069114685
0.957280516624451 0.960208415985107 0.963136315345764 0.966064214706421 0.968992054462433 0.97191995382309 0.974847853183746 0.972163140773773 0.967607498168945 0.963051855564117 0.958496272563934 0.953940629959106 0.949385046958923 0.944829404354095 0.941163659095764 0.940167605876923 0.939171552658081 0.938175439834595 0.937179386615753 0.936183333396912 0.935187220573425 0.934191167354584 0.934227705001831 0.934608399868011 0.934989094734192 0.935369849205017 0.935750544071198 0.936131238937378 0.936511993408203 0.936395883560181 0.934789419174194 0.933182895183563 0.931576430797577 0.929969906806946 0.92836344242096 0.926756978034973 0.925150454044342 0.920592367649078 0.915050446987152 0.909508466720581 0.903966546058655 0.898424565792084 0.892882645130157 0.887340664863586
0.957867443561554 0.961138069629669 0.96440863609314 0.967679262161255 0.97094988822937 0.974220514297485 0.977491080760956 0.97506982088089 0.970751285552979 0.966432750225067 0.962114214897156 0.957795679569244 0.953477144241333 0.949158608913422 0.945678353309631 0.944712996482849 0.943747639656067 0.942782282829285 0.941816926002502 0.94085156917572 0.939886212348938 0.938920855522156 0.938808798789978 0.938981175422668 0.939153611660004 0.939325988292694 0.939498364925385 0.939670741558075 0.93984317779541 0.939623713493347 0.938228726387024 0.936833739280701 0.935438752174377 0.934043824672699 0.932648837566376 0.931253850460052 0.929858863353729 0.925856590270996 0.920985221862793 0.91611385345459 0.911242485046387 0.906371057033539 0.901499688625336 0.896628320217133
0.957249939441681 0.960962653160095 0.96467536687851 0.968388140201569 0.972100853919983 0.975813567638397 0.979526281356812 0.977341055870056 0.973189890384674 0.969038784503937 0.964887619018555 0.960736453533173 0.95658528804779 0.952434122562408 0.949028134346008 0.947857677936554 0.946687161922455 0.945516705513 0.944346249103546 0.943175792694092 0.942005336284637 0.940834879875183 0.940693855285645 0.940895974636078 0.941098093986511 0.941300213336945 0.941502392292023 0.941704511642456 0.941906630992889 0.941722393035889 0.940379083156586 0.939035713672638 0.937692403793335 0.936349093914032 0.935005724430084 0.933662414550781 0.932319104671478 0.92865389585495 0.924214720726013 0.919775485992432 0.915336310863495 0.910897135734558 0.906457960605621 0.902018785476685
0.955428063869476 0.959682285785675 0.963936507701874 0.968190729618073 0.972444951534271 0.97669917345047 0.980953395366669 0.978976845741272 0.974923372268677 0.970869898796082 0.966816425323486 0.962762951850891 0.958709418773651 0.954655945301056 0.951213002204895 0.949601590633392 0.947990238666534 0.946378827095032 0.944767415523529 0.943156003952026 0.941544651985168 0.939933240413666 0.939882814884186 0.940352737903595 0.940822660923004 0.941292583942413 0.941762506961823 0.942232429981232 0.942702353000641 0.942691922187805 0.94124037027359 0.939788818359375 0.93833726644516 0.936885714530945 0.93543416261673 0.933982610702515 0.9325310587883 0.92898416519165 0.924738824367523 0.920493483543396 0.916248142719269 0.912002801895142 0.907757461071014 0.903512120246887
0.953606188297272 0.958401918411255 0.963197648525238 0.967993378639221 0.97278904914856 0.977584779262543 0.982380509376526 0.980612576007843 0.976656794548035 0.972701013088226 0.968745231628418 0.964789390563965 0.960833609104156 0.956877827644348 0.953397870063782 0.951345562934875 0.949293255805969 0.947240889072418 0.945188581943512 0.943136274814606 0.941083908081055 0.939031600952148 0.939071774482727 0.939809501171112 0.940547227859497 0.941284954547882 0.942022681236267 0.942760407924652 0.943498134613037 0.943661510944366 0.942101716995239 0.940541923046112 0.93898218870163 0.937422394752502 0.935862600803375 0.934302866458893 0.932743072509766 0.929314494132996 0.925262987613678 0.92121148109436 0.917159974575043 0.913108468055725 0.909056961536407 0.90500545501709
0.951784312725067 0.957121551036835 0.962458729743958 0.967795968055725 0.973133206367493 0.97847044467926 0.983807623386383 0.982248365879059 0.978390276432037 0.974532127380371 0.97067403793335 0.966815888881683 0.962957799434662 0.95909970998764 0.955582797527313 0.953089535236359 0.950596272945404 0.94810301065445 0.945609748363495 0.94311648607254 0.940623223781586 0.938129961490631 0.938260793685913 0.939266264438629 0.94027179479599 0.941277325153351 0.942282855510712 0.943288385868073 0.944293916225433 0.944631040096283 0.942963063716888 0.941295027732849 0.939627051353455 0.93795907497406 0.936291038990021 0.934623062610626 0.932955026626587 0.929644823074341 0.925787150859833 0.921929478645325 0.918071806430817 0.914214134216309 0.9103564620018 0.906498789787292
0.949962437152863 0.955841183662415 0.961719870567322 0.967598617076874 0.973477303981781 0.979356050491333 0.98523473739624 0.98388409614563 0.980123698711395 0.976363241672516 0.972602844238281 0.968842387199402 0.965081989765167 0.961321532726288 0.9577676653862 0.954833507537842 0.951899290084839 0.948965072631836 0.946030914783478 0.943096697330475 0.940162479877472 0.937228322029114 0.937449753284454 0.938723087310791 0.939996361732483 0.94126969575882 0.942543029785156 0.943816363811493 0.945089638233185 0.9456005692482 0.943824350833893 0.942048132419586 0.94027191400528 0.938495695590973 0.936719477176666 0.93494325876236 0.933167040348053 0.929975092411041 0.926311254501343 0.922647476196289 0.918983638286591 0.915319800376892 0.911655962467194 0.907992124557495
0.948140561580658 0.95456075668335 0.960981011390686 0.967401206493378 0.973821461200714 0.980241656303406 0.986661851406097 0.985519886016846 0.981857120990753 0.978194415569305 0.974531650543213 0.97086888551712 0.967206180095673 0.96354341506958 0.959952592849731 0.95657742023468 0.953202307224274 0.949827194213867 0.946452081203461 0.943076908588409 0.939701795578003 0.936326682567596 0.936638712882996 0.938179850578308 0.939720928668976 0.941262066364288 0.942803204059601 0.944344282150269 0.945885419845581 0.946570158004761 0.944685697555542 0.942801237106323 0.940916836261749 0.93903237581253 0.937147915363312 0.935263454914093 0.933379054069519 0.930305421352386 0.926835417747498 0.923365414142609 0.919895470142365 0.916425466537476 0.912955462932587 0.909485459327698
0.945252776145935 0.952184617519379 0.959116518497467 0.966048419475555 0.972980320453644 0.979912221431732 0.986844062805176 0.986002326011658 0.982569336891174 0.979136347770691 0.975703299045563 0.972270309925079 0.968837320804596 0.965404331684113 0.96195513010025 0.958457112312317 0.954959154129028 0.95146119594574 0.947963237762451 0.944465219974518 0.940967261791229 0.937469303607941 0.937601387500763 0.93894350528717 0.940285623073578 0.941627681255341 0.942969799041748 0.944311916828156 0.945654034614563 0.946161329746246 0.944164156913757 0.942166984081268 0.940169811248779 0.93817263841629 0.936175465583801 0.934178292751312 0.932181119918823 0.929155230522156 0.925786435604095 0.922417640686035 0.919048845767975 0.915680050849915 0.912311255931854 0.908942461013794
0.941299021244049 0.948712766170502 0.956126511096954 0.963540196418762 0.970953941345215 0.978367626667023 0.985781371593475 0.985331416130066 0.982260227203369 0.979189038276672 0.976117849349976 0.973046660423279 0.969975531101227 0.96690434217453 0.963775277137756 0.960472524166107 0.957169830799103 0.953867077827454 0.950564384460449 0.947261691093445 0.943958938121796 0.940656244754791 0.940337777137756 0.941014051437378 0.941690325737 0.942366600036621 0.943042874336243 0.943719148635864 0.944395422935486 0.944374084472656 0.942259669303894 0.940145313739777 0.938030898571014 0.935916483402252 0.933802127838135 0.931687712669373 0.929573357105255 0.926524579524994 0.923164308071136 0.919804036617279 0.916443824768066 0.913083553314209 0.909723281860352 0.906363070011139
