resources/Exp000_Example-Run/Run01_M2/TimeSeries/2005/selection_set/hflux_avg.asc
NCOLS 265 
NROWS 230 
XLLCORNER -115.5625 
YLLCORNER 24.8333333333333 
CELLSIZE 0.0833333333333333 
NODATA_value -9999 
[rows 20 to 39 of 230, columns 92 to 137 of 265]
49.0326766967773 49.664722442627 50.2967720031738 50.9288177490234 51.5608673095703 51.282283782959 50.7001571655273 50.1180305480957 49.5359077453613 48.9537811279297 48.371654510498 47.7895278930664 46.976016998291 45.4683418273926 43.9606704711914 42.4529991149902 40.9453277587891 39.4376564025879 37.9299850463867 36.4223136901855 35.9795074462891 35.891658782959 35.8038063049316 35.7159538269043 35.6281051635742 35.5402526855469 35.4524040222168 35.5890884399414 36.3993873596191 37.2096824645996 38.0199813842773 38.8302764892578 39.6405754089355 40.450870513916 41.2611694335938 41.8493003845215 42.3633804321289 42.8774566650391 43.3915367126465 43.9056167602539 44.4196929931641 44.9337730407715 45.3984642028809 45.7149848937988 46.0315055847168 46.348030090332
49.2197875976562 49.7346534729004 50.2495193481445 50.7643890380859 51.2792549133301 50.9448318481445 50.3273124694824 49.7097930908203 49.0922737121582 48.4747543334961 47.857234954834 47.2397155761719 46.3987045288086 44.8872222900391 43.3757362365723 41.8642539978027 40.3527679443359 38.8412818908691 37.3297996520996 35.8183135986328 35.3828125 35.3059730529785 35.2291297912598 35.1522903442383 35.0754508972168 34.998607635498 34.9217681884766 35.0673294067383 35.8801078796387 36.6928863525391 37.5056610107422 38.3184394836426 39.1312141418457 39.9439926147461 40.7567710876465 41.3115348815918 41.7802963256836 42.2490615844727 42.7178230285645 43.1865844726562 43.655345916748 44.1241073608398 44.5730285644531 44.9624137878418 45.3517990112305 45.7411842346191
49.4068984985352 49.8045845031738 50.2022705078125 50.5999565124512 50.9976425170898 50.6073799133301 49.9544677734375 49.3015556335449 48.6486396789551 47.9957275390625 47.3428153991699 46.6899032592773 45.8213958740234 44.3060989379883 42.7908020019531 41.275505065918 39.7602081298828 38.2449111938477 36.7296142578125 35.2143173217773 34.7861213684082 34.720287322998 34.6544570922852 34.5886268615723 34.5227928161621 34.4569625854492 34.3911323547363 34.5455703735352 35.3608283996582 36.1760864257812 36.9913444519043 37.8066024780273 38.6218566894531 39.4371147155762 40.2523727416992 40.7737693786621 41.1972160339355 41.620662689209 42.0441055297852 42.4675521850586 42.890998840332 43.3144454956055 43.7475891113281 44.2098388671875 44.6720886230469 45.134334564209
49.5940132141113 49.8745155334473 50.1550216674805 50.4355239868164 50.7160301208496 50.2699279785156 49.5816192626953 48.8933143615723 48.2050094604492 47.5167007446289 46.8283958435059 46.1400909423828 45.244083404541 43.7249755859375 42.2058639526367 40.6867561340332 39.1676483154297 37.6485366821289 36.1294288635254 34.6103210449219 34.1894264221191 34.1346054077148 34.0797805786133 34.024959564209 33.9701385498047 33.9153175354004 33.8604965209961 34.023811340332 34.8415489196777 35.6592864990234 36.4770240783691 37.2947616577148 38.1124992370605 38.9302368164062 39.747974395752 40.2360038757324 40.6141357421875 40.9922637939453 41.3703918457031 41.7485198974609 42.126651763916 42.5047798156738 42.9221534729004 43.4572677612305 43.9923782348633 44.5274887084961
49.6394157409668 49.7725563049316 49.9056968688965 50.0388374328613 50.1719779968262 49.6065559387207 48.8082809448242 48.0100021362305 47.211727142334 46.4134483337402 45.6151733398438 44.81689453125 43.8637733459473 42.4461135864258 41.0284576416016 39.6107978820801 38.1931381225586 36.7754783630371 35.3578224182129 33.9401626586914 33.5926895141602 33.6019401550293 33.6111946105957 33.6204490661621 33.6296997070312 33.6389541625977 33.6482086181641 33.8605422973633 34.6821250915527 35.5037040710449 36.3252868652344 37.1468696594238 37.968448638916 38.7900314331055 39.6116104125977 40.0688209533691 40.4045715332031 40.7403221130371 41.0760726928711 41.4118270874023 41.7475776672363 42.0833282470703 42.4776420593262 43.0476455688477 43.6176490783691 44.1876525878906
49.5431137084961 49.498706817627 49.4542999267578 49.4098968505859 49.3654899597168 48.6172676086426 47.6344451904297 46.6516189575195 45.6687927246094 44.6859703063965 43.7031440734863 42.7203178405762 41.6804656982422 40.4695205688477 39.2585754394531 38.0476303100586 36.8366851806641 35.6257400512695 34.414794921875 33.2038497924805 32.995906829834 33.1223030090332 33.2486953735352 33.3750877380371 33.5014801025391 33.6278762817383 33.7542686462402 34.0557594299316 34.8825492858887 35.7093391418457 36.5361289978027 37.3629188537598 38.1897048950195 39.0164947509766 39.8432846069336 40.272216796875 40.5685272216797 40.8648414611816 41.1611518859863 41.4574661254883 41.753776550293 42.0500907897949 42.4140548706055 42.9809761047363 43.5479011535645 44.1148223876953
49.4468078613281 49.2248573303223 49.0029029846191 48.7809524536133 48.5589981079102 47.6279830932617 46.4606094360352 45.2932357788086 44.125862121582 42.9584884643555 41.7911148071289 40.6237411499023 39.4971542358398 38.4929237365723 37.4886932373047 36.4844589233398 35.4802284240723 34.4759979248047 33.4717674255371 32.4675331115723 32.3991279602051 32.6426620483398 32.8861961364746 33.1297302246094 33.3732604980469 33.6167945861816 33.8603286743164 34.2509803771973 35.0829772949219 35.9149742126465 36.7469711303711 37.5789680480957 38.4109649658203 39.2429618835449 40.0749588012695 40.4756126403809 40.7324867248535 40.9893569946289 41.2462310791016 41.5031051635742 41.7599792480469 42.0168533325195 42.3504676818848 42.9143104553223 43.4781494140625 44.0419921875
49.3505058288574 48.9510078430176 48.5515060424805 48.1520080566406 47.7525100708008 46.6386947631836 45.2867736816406 43.9348526000977 42.5829315185547 41.2310066223145 39.8790855407715 38.5271644592285 37.3138465881348 36.5163269042969 35.7188110351562 34.9212913513184 34.1237754821777 33.3262557983398 32.5287399291992 31.7312202453613 31.8023471832275 32.1630210876465 32.5236930847168 32.8843688964844 33.245044708252 33.6057167053223 33.9663925170898 34.4461975097656 35.2834014892578 36.12060546875 36.9578132629395 37.7950172424316 38.6322212219238 39.469425201416 40.3066291809082 40.6790084838867 40.8964424133301 41.1138763427734 41.3313102722168 41.5487442016602 41.7661781311035 41.9836158752441 42.2868804931641 42.8476409912109 43.4084014892578 43.9691619873047
49.2542037963867 48.6771583557129 48.1001129150391 47.5230674743652 46.9460220336914 45.6494064331055 44.1129379272461 42.5764656066895 41.0399971008301 39.5035285949707 37.9670600891113 36.4305877685547 35.1305351257324 34.5397300720215 33.9489288330078 33.3581237792969 32.7673187255859 32.176513671875 31.5857105255127 30.9949054718018 31.20556640625 31.6833801269531 32.1611938476562 32.6390075683594 33.1168251037598 33.5946388244629 34.072452545166 34.641414642334 35.483829498291 36.3262405395508 37.1686553955078 38.0110664367676 38.8534774780273 39.6958923339844 40.5383033752441 40.8824043273926 41.0603981018066 41.238395690918 41.416389465332 41.5943870544434 41.7723808288574 41.9503746032715 42.2232933044434 42.7809715270996 43.3386535644531 43.8963317871094
49.1578979492188 48.4033050537109 47.6487159729004 46.8941230773926 46.1395301818848 44.6601181030273 42.9391021728516 41.2180824279785 39.4970664978027 37.7760467529297 36.0550308227539 34.3340110778809 32.9472274780273 32.5631370544434 32.1790466308594 31.7949542999268 31.4108638763428 31.0267734527588 30.6426830291748 30.2585926055908 30.6087856292725 31.2037391662598 31.7986946105957 32.3936500549316 32.9886054992676 33.5835571289062 34.1785125732422 34.8366355895996 35.684253692627 36.5318756103516 37.3794937133789 38.2271156311035 39.0747375488281 39.9223556518555 40.7699775695801 41.0858001708984 41.2243576049805 41.3629112243652 41.5014686584473 41.6400260925293 41.7785835266113 41.9171371459961 42.1597061157227 42.7143058776855 43.2689056396484 43.8235015869141
49.2998199462891 48.4487190246582 47.5976181030273 46.7465171813965 45.8954124450684 44.2977523803711 42.4512405395508 40.6047286987305 38.7582130432129 36.9117012023926 35.065185546875 33.2186737060547 31.765115737915 31.4904193878174 31.2157230377197 30.9410285949707 30.666332244873 30.3916358947754 30.1169414520264 29.8422451019287 30.3162155151367 31.0397396087646 31.7632656097412 32.4867897033691 33.2103157043457 33.9338417053223 34.6573638916016 35.4040946960449 36.2204360961914 37.0367736816406 37.8531150817871 38.6694564819336 39.4857978820801 40.3021392822266 41.1184768676758 41.41796875 41.5451812744141 41.6723899841309 41.7995986938477 41.9268112182617 42.0540199279785 42.1812286376953 42.4110908508301 42.9489059448242 43.4867210388184 44.0245399475098
49.6799621582031 48.8133888244629 47.9468154907227 47.0802459716797 46.2136726379395 44.562313079834 42.649356842041 40.736400604248 38.8234443664551 36.9104881286621 34.9975318908691 33.0845756530762 31.5842018127441 31.3215827941895 31.0589637756348 30.7963447570801 30.5337238311768 30.2711048126221 30.0084857940674 29.7458648681641 30.3278541564941 31.1913795471191 32.0549049377441 32.9184303283691 33.7819557189941 34.6454811096191 35.5090065002441 36.3437957763672 37.0923690795898 37.8409423828125 38.5895156860352 39.3380889892578 40.0866622924805 40.8352355957031 41.5838088989258 41.8789176940918 42.0228729248047 42.1668281555176 42.3107833862305 42.4547386169434 42.5986938476562 42.7426490783691 42.9774475097656 43.4847793579102 43.9921112060547 44.499439239502
50.0601043701172 49.1780624389648 48.2960166931152 47.4139747619629 46.5319290161133 44.8268699645996 42.847469329834 40.8680725097656 38.888671875 36.9092712402344 34.929874420166 32.9504737854004 31.4032897949219 31.1527462005615 30.9022026062012 30.6516590118408 30.4011154174805 30.1505737304688 29.9000301361084 29.649486541748 30.3394947052002 31.3430213928223 32.3465461730957 33.3500747680664 34.3535995483398 35.3571243286133 36.360652923584 37.2834968566895 37.9643020629883 38.6451072692871 39.3259124755859 40.0067176818848 40.6875267028809 41.3683319091797 42.0491371154785 42.3398628234863 42.5005645751953 42.6612663269043 42.821964263916 42.982666015625 43.143367767334 43.3040657043457 43.5438041687012 44.0206489562988 44.4974975585938 44.9743423461914
50.4402503967285 49.5427322387695 48.6452178955078 47.7477035522461 46.8501853942871 45.0914268493652 43.0455856323242 40.9997444152832 38.9538993835449 36.9080581665039 34.8622169494629 32.8163757324219 31.2223777770996 30.9839115142822 30.7454433441162 30.5069751739502 30.2685089111328 30.0300407409668 29.7915744781494 29.5531063079834 30.3511352539062 31.4946613311768 32.6381874084473 33.7817153930664 34.9252395629883 36.0687675476074 37.2122955322266 38.2231979370117 38.8362350463867 39.449275970459 40.062313079834 40.675350189209 41.288387298584 41.9014282226562 42.5144653320312 42.8008079528809 42.9782562255859 43.1557006835938 43.3331489562988 43.5105934143066 43.6880416870117 43.8654861450195 44.1101608276367 44.5565223693848 45.0028839111328 45.4492454528809
50.8203926086426 49.9074058532715 48.9944190979004 48.0814323425293 47.1684455871582 45.3559837341309 43.2436981201172 41.1314163208008 39.0191307067871 36.9068450927734 34.7945594787598 32.6822776794434 31.0414657592773 30.8150749206543 30.5886821746826 30.3622913360596 30.1359004974365 29.9095096588135 29.6831188201904 29.4567260742188 30.3627738952637 31.6463012695312 32.9298286437988 34.2133560180664 35.496883392334 36.7804107666016 38.0639381408691 39.162899017334 39.7081718444824 40.2534408569336 40.798713684082 41.3439826965332 41.8892517089844 42.4345245361328 42.979793548584 43.2617568969727 43.4559478759766 43.6501388549805 43.8443298339844 44.0385208129883 44.2327156066895 44.4269065856934 44.6765174865723 45.0923957824707 45.5082702636719 45.924144744873
51.2005348205566 50.2720756530762 49.343620300293 48.4151611328125 47.486701965332 45.6205406188965 43.4418144226074 41.2630882263184 39.084358215332 36.905632019043 34.7269058227539 32.5481758117676 30.8605537414551 30.6462383270264 30.4319229125977 30.2176074981689 30.0032920837402 29.7889766693115 29.5746631622314 29.3603477478027 30.3744144439697 31.7979412078857 33.2214698791504 34.6449966430664 36.0685234069824 37.4920539855957 38.9155807495117 40.1026000976562 40.5801048278809 41.0576095581055 41.5351104736328 42.0126152038574 42.4901161193848 42.9676208496094 43.4451217651367 43.7227020263672 43.9336395263672 44.1445770263672 44.3555145263672 44.5664520263672 44.7773895263672 44.9883270263672 45.2428741455078 45.6282653808594 46.0136566162109 46.3990478515625
51.7258491516113 50.770637512207 49.8154258728027 48.8602180480957 47.9050064086914 46.0242881774902 43.8350677490234 41.6458473205566 39.4566307067871 37.2674102783203 35.0781898498535 32.8889694213867 31.1974582672119 30.9990692138672 30.8006801605225 30.6022911071777 30.4039039611816 30.2055149078369 30.0071258544922 29.8087368011475 30.8694458007812 32.3498573303223 33.830265045166 35.310676574707 36.7910842895508 38.2714958190918 39.7519035339355 40.9665603637695 41.3839492797852 41.8013381958008 42.2187232971191 42.6361122131348 43.0535011291504 43.470890045166 43.8882789611816 44.1567611694336 44.3756065368652 44.5944519042969 44.8132972717285 45.0321426391602 45.2509880065918 45.4698371887207 45.7299156188965 46.1137008666992 46.4974899291992 46.881275177002
52.3963356018066 51.4030914306641 50.4098434448242 49.4165992736816 48.4233551025391 46.5672225952148 44.4234619140625 42.2797012329102 40.1359405517578 37.9921760559082 35.8484153747559 33.7046546936035 32.0521812438965 31.8735694885254 31.6949558258057 31.5163440704346 31.3377323150635 31.1591186523438 30.9805068969727 30.8018951416016 31.8478717803955 33.3020439147949 34.756217956543 36.210391998291 37.6645660400391 39.1187400817871 40.5729103088379 41.7547721862793 42.119701385498 42.4846267700195 42.8495559692383 43.2144813537598 43.5794067382812 43.9443359375 44.3092613220215 44.5639305114746 44.7818489074707 44.9997673034668 45.2176856994629 45.4356002807617 45.6535186767578 45.8714370727539 46.137638092041 46.5487022399902 46.9597625732422 47.3708267211914
53.0668182373047 52.0355415344238 51.0042610168457 49.9729843139648 48.9417037963867 47.1101570129395 45.0118560791016 42.9135513305664 40.8152503967285 38.7169456481934 36.6186447143555 34.5203399658203 32.9069023132324 32.7480697631836 32.5892333984375 32.4303970336914 32.2715606689453 32.1127243041992 31.9538898468018 31.7950534820557 32.8262977600098 34.2542343139648 35.6821708679199 37.110107421875 38.5380439758301 39.9659805297852 41.3939170837402 42.5429878234863 42.8554534912109 43.1679191589355 43.4803848266602 43.7928504943848 44.1053123474121 44.4177780151367 44.7302436828613 44.9711036682129 45.1880912780762 45.4050788879395 45.6220703125 45.8390579223633 46.0560493469238 46.2730369567871 46.5453643798828 46.983699798584 47.4220390319824 47.8603744506836
53.7373046875 52.6679916381836 51.5986785888672 50.529369354248 49.4600563049316 47.6530952453613 45.6002502441406 43.5474052429199 41.4945602416992 39.4417152404785 37.3888702392578 35.3360252380371 33.7616271972656 33.6225662231445 33.4835090637207 33.3444480895996 33.2053909301758 33.0663299560547 32.9272689819336 32.7882118225098 33.8047218322754 35.2064208984375 36.6081237792969 38.009822845459 39.4115257263184 40.8132247924805 42.2149238586426 43.3311996459961 43.5912055969238 43.8512077331543 44.111213684082 44.3712158203125 44.6312217712402 44.8912239074707 45.1512260437012 45.3782730102539 45.5943336486816 45.8103942871094 46.0264549255371 46.2425155639648 46.4585762023926 46.6746368408203 46.9530868530273 47.418701171875 47.8843116760254 48.349925994873
