resources/Exp000_Example-Run/Run01_M2/TimeSeries/2005/selection_set/hflux_avg.asc
NCOLS 265 
NROWS 230 
XLLCORNER -115.5625 
YLLCORNER 24.8333333333333 
CELLSIZE 0.0833333333333333 
NODATA_value -9999 
[rows 60 to 79 of 230, columns 92 to 137 of 265]
63.5415496826172 63.8035430908203 64.0655364990234 64.3275299072266 64.5895233154297 63.3922843933105 61.7086372375488 60.0249900817871 58.3413429260254 56.6576919555664 54.9740447998047 53.290397644043 51.8779373168945 51.2790412902832 50.6801452636719 50.0812530517578 49.4823570251465 48.8834609985352 48.2845649719238 47.6856689453125 48.4411354064941 49.6480522155762 50.8549728393555 52.0618934631348 53.2688140869141 54.4757308959961 55.6826515197754 56.6404914855957 56.8510971069336 57.0616989135742 57.2723045349121 57.4829063415527 57.6935081481934 57.9041137695312 58.1147155761719 57.6609725952148 56.9857749938965 56.3105812072754 55.6353874206543 54.9601936340332 54.2849998474121 53.609806060791 53.1242904663086 53.2078132629395 53.2913360595703 53.3748626708984
63.5293006896973 63.8615188598633 64.193733215332 64.5259552001953 64.8581695556641 63.7865219116211 62.2469177246094 60.7073135375977 59.1677093505859 57.6281051635742 56.0885009765625 54.5488929748535 53.2781829833984 52.8141593933105 52.3501358032227 51.8861122131348 51.4220886230469 50.9580612182617 50.4940376281738 50.0300140380859 50.6826210021973 51.7074394226074 52.7322616577148 53.757080078125 54.7818984985352 55.8067169189453 56.8315353393555 57.61328125 57.6658058166504 57.718334197998 57.7708587646484 57.8233833312988 57.8759078979492 57.9284324645996 57.98095703125 57.5074920654297 56.8586921691895 56.2098922729492 55.5610961914062 54.912296295166 54.2634963989258 53.6146965026855 53.1493759155273 53.2344779968262 53.3195838928223 53.4046897888184
63.5170555114746 63.9194984436035 64.3219375610352 64.7243804931641 65.126823425293 64.1807632446289 62.7852020263672 61.3896369934082 59.9940757751465 58.5985145568848 57.202953338623 55.8073921203613 54.6784324645996 54.3492774963379 54.0201225280762 53.6909713745117 53.36181640625 53.0326652526855 52.7035102844238 52.3743591308594 52.9241104125977 53.7668266296387 54.609546661377 55.4522666931152 56.2949829101562 57.1377029418945 57.9804191589355 58.5860710144043 58.4805183410645 58.3749656677246 58.2694129943848 58.1638603210449 58.0583076477051 57.9527549743652 57.8472023010254 57.3540115356445 56.7316055297852 56.109203338623 55.4868011474609 54.8643989562988 54.2419929504395 53.6195907592773 53.1744575500488 53.2611465454102 53.3478317260742 53.4345169067383
63.5048065185547 63.9774742126465 64.4501419067383 64.9228057861328 65.3954772949219 64.5750045776367 63.3234825134277 62.071964263916 60.820442199707 59.5689239501953 58.3174057006836 57.0658874511719 56.0786781311035 55.8843955993652 55.690113067627 55.4958305358887 55.3015480041504 55.1072692871094 54.9129867553711 54.7187042236328 55.1655960083008 55.8262138366699 56.4868316650391 57.1474494934082 57.8080673217773 58.4686889648438 59.1293067932129 59.5588607788086 59.2952308654785 59.0315971374512 58.7679672241211 58.504337310791 58.2407073974609 57.9770736694336 57.7134437561035 57.2005310058594 56.6045227050781 56.0085144042969 55.4125061035156 54.8164978027344 54.2204895019531 53.6244850158691 53.1995429992676 53.2878112792969 53.3760795593262 53.4643478393555
63.492561340332 64.0354537963867 64.5783462524414 65.1212310791016 65.6641235351562 64.96923828125 63.8617630004883 62.7542877197266 61.6468124389648 60.5393333435059 59.4318580627441 58.3243827819824 57.4789237976074 57.4195137023926 57.3601036071777 57.3006896972656 57.2412796020508 57.1818695068359 57.1224594116211 57.0630493164062 57.4070854187012 57.8856010437012 58.3641204833984 58.8426361083984 59.3211555480957 59.7996711730957 60.278190612793 60.5316505432129 60.1099395751953 59.688232421875 59.2665214538574 58.8448143005371 58.4231033325195 58.0013961791992 57.5796852111816 57.0470504760742 56.4774360656738 55.9078254699707 55.3382148742676 54.7686004638672 54.1989898681641 53.6293754577637 53.2246284484863 53.3144760131836 53.4043273925781 53.4941749572754
63.4803161621094 64.0934295654297 64.70654296875 65.3196563720703 65.9327774047852 65.3634796142578 64.4000473022461 63.4366111755371 62.4731788635254 61.5097465515137 60.5463104248047 59.582878112793 58.8791694641113 58.9546279907227 59.0300903320312 59.1055526733398 59.1810111999512 59.2564735412598 59.3319320678711 59.4073944091797 59.6485710144043 59.9449882507324 60.2414054870605 60.5378227233887 60.8342399597168 61.1306571960449 61.427074432373 61.5044403076172 60.9246520996094 60.3448638916016 59.765079498291 59.1852912902832 58.6055030822754 58.0257148742676 57.445930480957 56.8935699462891 56.3503532409668 55.8071365356445 55.2639198303223 54.720703125 54.1774864196777 53.6342697143555 53.2497138977051 53.3411445617676 53.4325714111328 53.5240020751953
62.7524375915527 63.3345527648926 63.9166679382324 64.4987869262695 65.0808944702148 64.6253204345703 63.8238487243652 63.0223731994629 62.2208976745605 61.4194259643555 60.6179504394531 59.816478729248 59.2622909545898 59.4499588012695 59.6376266479492 59.8252944946289 60.0129661560059 60.2006340026855 60.3883018493652 60.5759735107422 60.7629165649414 60.9496154785156 61.1363182067871 61.3230171203613 61.5097198486328 61.696418762207 61.8831214904785 61.8585739135742 61.2002868652344 60.5419998168945 59.883716583252 59.2254295349121 58.5671424865723 57.9088554382324 57.2505683898926 56.6873550415039 56.1558303833008 55.6243095397949 55.0927848815918 54.5612640380859 54.0297431945801 53.498218536377 53.126895904541 53.2361679077148 53.3454399108887 53.4547119140625
61.3089332580566 61.7588233947754 62.2087135314941 62.6586036682129 63.1084938049316 62.754768371582 62.133171081543 61.5115737915039 60.8899726867676 60.2683753967285 59.6467781066895 59.0251808166504 58.6282844543457 58.9054985046387 59.1827125549316 59.4599266052246 59.7371406555176 60.0143547058105 60.2915687561035 60.5687828063965 60.7501106262207 60.8994827270508 61.0488510131836 61.1982231140137 61.3475914001465 61.4969596862793 61.6463317871094 61.5940551757812 60.9368476867676 60.2796401977539 59.6224327087402 58.9652252197266 58.3080177307129 57.6508102416992 56.9936027526855 56.4284057617188 55.8938751220703 55.3593444824219 54.8248138427734 54.2902870178223 53.7557563781738 53.2212257385254 52.8561706542969 52.9995460510254 53.1429214477539 53.2862968444824
59.8654251098633 60.1830902099609 60.5007591247559 60.8184242248535 61.1360893249512 60.8842163085938 60.4424934387207 60.0007705688477 59.5590476989746 59.1173286437988 58.6756057739258 58.2338829040527 57.9942817687988 58.3610382080078 58.7277984619141 59.094554901123 59.4613151550293 59.8280715942383 60.1948318481445 60.5615882873535 60.7373085021973 60.8493461608887 60.9613876342773 61.0734252929688 61.1854629516602 61.2975044250488 61.4095420837402 61.3295402526855 60.673412322998 60.0172805786133 59.3611526489258 58.7050247192383 58.0488967895508 57.3927688598633 56.7366409301758 56.1694526672363 55.6319160461426 55.0943794250488 54.5568428039551 54.0193061828613 53.4817695617676 52.9442329406738 52.58544921875 52.7629280090332 52.9404067993164 53.1178855895996
58.4219169616699 58.6073608398438 58.7928047180176 58.9782447814941 59.163688659668 59.0136642456055 58.7518157958984 58.4899711608887 58.2281227111816 57.9662780761719 57.7044334411621 57.4425849914551 57.3602752685547 57.8165817260742 58.2728843688965 58.7291870117188 59.185489654541 59.6417922973633 60.0980949401855 60.5543975830078 60.7245063781738 60.7992134094238 60.8739204406738 60.9486274719238 61.0233383178711 61.0980453491211 61.1727523803711 61.0650215148926 60.4099731445312 59.7549209594727 59.0998725891113 58.44482421875 57.7897720336914 57.1347236633301 56.4796752929688 55.9105033874512 55.3699607849121 54.829418182373 54.2888717651367 53.7483291625977 53.2077865600586 52.6672401428223 52.3147277832031 52.526309967041 52.7378921508789 52.9494705200195
56.9784126281738 57.0316314697266 57.084846496582 57.1380653381348 57.1912841796875 57.1431121826172 57.0611419677734 56.9791717529297 56.8971977233887 56.8152275085449 56.7332572937012 56.6512870788574 56.7262725830078 57.2721214294434 57.8179664611816 58.3638153076172 58.9096641540527 59.4555130004883 60.0013618469238 60.5472068786621 60.7117042541504 60.749080657959 60.7864570617676 60.8238334655762 60.8612098693848 60.8985862731934 60.935962677002 60.8005027770996 60.1465339660645 59.492561340332 58.8385925292969 58.1846199035645 57.5306510925293 56.8766822814941 56.2227096557617 55.651554107666 55.1080017089844 54.564453125 54.0209007263184 53.4773483276367 52.9337997436523 52.3902473449707 52.0440063476562 52.2896919250488 52.5353736877441 52.7810592651367
55.5349044799805 55.4558982849121 55.3768920898438 55.2978858947754 55.218879699707 55.2725601196289 55.3704643249512 55.4683685302734 55.5662727355957 55.6641807556152 55.7620849609375 55.8599891662598 56.0922698974609 56.7276611328125 57.3630523681641 57.9984474182129 58.6338386535645 59.269229888916 59.9046249389648 60.5400161743164 60.6988983154297 60.6989440917969 60.6989898681641 60.6990356445312 60.6990814208984 60.6991271972656 60.6991729736328 60.5359840393066 59.8830947875977 59.2302017211914 58.5773124694824 57.9244194030762 57.2715301513672 56.6186370849609 55.9657440185547 55.3926048278809 54.8460464477539 54.299488067627 53.7529296875 53.206371307373 52.6598129272461 52.1132545471191 51.7732849121094 52.0530700683594 52.3328590393066 52.6126441955566
54.9588050842285 54.8239212036133 54.6890411376953 54.5541610717773 54.4192810058594 54.5019493103027 54.6571350097656 54.8123207092285 54.9675064086914 55.1226921081543 55.2778778076172 55.4330635070801 55.7160110473633 56.3822441101074 57.0484809875488 57.714714050293 58.3809509277344 59.0471839904785 59.7134170532227 60.3796539306641 60.5383911132812 60.527961730957 60.5175361633301 60.5071067810059 60.4966812133789 60.4862518310547 60.4758262634277 60.3177032470703 59.7164993286133 59.1152992248535 58.5140953063965 57.9128952026367 57.3116912841797 56.7104873657227 56.1092872619629 55.5179214477539 54.9298324584961 54.3417434692383 53.7536582946777 53.1655693054199 52.5774803161621 51.9893951416016 51.6264801025391 51.9390869140625 52.2516899108887 52.5642967224121
55.2501068115234 55.1357002258301 55.0212936401367 54.9068870544434 54.79248046875 54.8312835693359 54.9211540222168 55.0110206604004 55.1008911132812 55.1907615661621 55.280632019043 55.3705024719238 55.5974998474121 56.2358741760254 56.8742485046387 57.5126190185547 58.150993347168 58.7893676757812 59.4277420043945 60.0661163330078 60.2301788330078 60.2361335754395 60.2420883178711 60.248046875 60.2540016174316 60.2599601745605 60.2659149169922 60.1456565856934 59.6467514038086 59.1478500366211 58.6489448547363 58.1500434875488 57.6511383056641 57.1522369384766 56.6533317565918 56.0275001525879 55.3593635559082 54.6912231445312 54.0230827331543 53.3549423217773 52.6868019104004 52.0186614990234 51.6035919189453 51.9477348327637 52.2918739318848 52.6360130310059
55.5414123535156 55.4474792480469 55.3535461425781 55.2596168518066 55.1656837463379 55.1606140136719 55.1851692199707 55.2097244262695 55.2342796325684 55.2588348388672 55.283390045166 55.3079414367676 55.4789886474609 56.0895004272461 56.7000122070312 57.3105278015137 57.9210395812988 58.5315551757812 59.1420669555664 59.7525787353516 59.9219627380371 59.9443016052246 59.9666442871094 59.9889831542969 60.0113258361816 60.0336647033691 60.0560035705566 59.9736099243164 59.5770034790039 59.1804008483887 58.7837944030762 58.3871917724609 57.9905853271484 57.5939826965332 57.197380065918 56.5370826721191 55.788890838623 55.040699005127 54.2925071716309 53.5443153381348 52.7961235046387 52.0479316711426 51.5807075500488 51.9563827514648 52.3320579528809 52.7077331542969
55.8327178955078 55.7592582702637 55.6857986450195 55.6123428344727 55.5388832092285 55.4899482727051 55.4491882324219 55.4084281921387 55.3676681518555 55.326904296875 55.2861442565918 55.2453842163086 55.3604774475098 55.9431266784668 56.5257797241211 57.1084327697754 57.6910858154297 58.273738861084 58.8563919067383 59.4390411376953 59.6137504577637 59.652473449707 59.6911964416504 59.729923248291 59.7686462402344 59.8073692321777 59.8460960388184 59.8015632629395 59.5072555541992 59.2129516601562 58.9186477661133 58.624340057373 58.3300361633301 58.0357284545898 57.7414245605469 57.0466651916504 56.2184219360352 55.3901786804199 54.5619316101074 53.7336883544922 52.905445098877 52.0772018432617 51.5578193664551 51.965030670166 52.3722381591797 52.7794494628906
56.1240196228027 56.0710372924805 56.0180549621582 55.9650688171387 55.9120864868164 55.8192825317383 55.713207244873 55.6071281433105 55.5010528564453 55.3949775695801 55.2889022827148 55.1828231811523 55.2419662475586 55.7967567443848 56.3515472412109 56.9063377380371 57.4611320495605 58.0159225463867 58.5707130432129 59.1255073547363 59.305534362793 59.3606452941895 59.4157524108887 59.4708595275879 59.5259704589844 59.5810775756836 59.6361846923828 59.6295166015625 59.4375076293945 59.2455024719238 59.0534973144531 58.8614883422852 58.6694831848145 58.4774780273438 58.2854690551758 57.5562477111816 56.64794921875 55.7396545410156 54.8313598632812 53.9230613708496 53.0147666931152 52.1064720153809 51.5349349975586 51.9736785888672 52.4124221801758 52.8511657714844
56.4153251647949 56.3828163146973 56.3503074645996 56.317798614502 56.285285949707 56.1486167907715 55.977222442627 55.8058319091797 55.6344413757324 55.4630470275879 55.2916564941406 55.1202659606934 55.1234550476074 55.6503829956055 56.1773147583008 56.7042465209961 57.2311782836914 57.7581062316895 58.2850379943848 58.8119697570801 58.9973220825195 59.0688133239746 59.1403045654297 59.211799621582 59.2832908630371 59.3547821044922 59.4262771606445 59.4574699401855 59.3677597045898 59.2780532836914 59.188346862793 59.0986404418945 59.0089302062988 58.9192237854004 58.829517364502 58.0658302307129 57.0774803161621 56.0891304016113 55.1007843017578 54.112434387207 53.1240882873535 52.1357383728027 51.5120468139648 51.9823265075684 52.4526023864746 52.9228820800781
57.3030853271484 57.3368949890137 57.3707008361816 57.4045066833496 57.4383125305176 57.2593460083008 57.0094566345215 56.7595634460449 56.5096740722656 56.2597846984863 56.0098915100098 55.7600021362305 55.6969223022461 56.1942863464355 56.691650390625 57.1890144348145 57.6863784790039 58.1837425231934 58.6811065673828 59.1784706115723 59.3402099609375 59.3900680541992 59.4399299621582 59.4897880554199 59.5396499633789 59.5895080566406 59.6393661499023 59.6717071533203 59.6514930725098 59.631275177002 59.6110572814941 59.5908393859863 59.5706253051758 59.550407409668 59.5301895141602 58.7607345581055 57.7415313720703 56.7223281860352 55.703125 54.6839218139648 53.6647186279297 52.6455192565918 51.993408203125 52.4425773620605 52.8917465209961 53.3409194946289
58.7873039245605 58.9332695007324 59.0792350769043 59.2252006530762 59.3711624145508 59.1514739990234 58.8099021911621 58.4683265686035 58.1267547607422 57.7851791381836 57.4436073303223 57.1020355224609 56.9623756408691 57.428466796875 57.8945579528809 58.3606491088867 58.8267402648926 59.2928314208984 59.7589225769043 60.2250137329102 60.3341979980469 60.324405670166 60.3146171569824 60.3048286437988 60.2950401306152 60.2852516174316 60.275463104248 60.2722358703613 60.2887001037598 60.3051643371582 60.3216323852539 60.3380966186523 60.3545608520508 60.3710250854492 60.3874893188477 59.6409606933594 58.6401023864746 57.6392440795898 56.6383857727051 55.637523651123 54.6366653442383 53.6358070373535 52.9790153503418 53.354434967041 53.7298545837402 54.1052742004395
