resources/Exp000_Example-Run/Run01_M2/TimeSeries/2005/selection_set/hflux_avg.asc
NCOLS 265 
NROWS 230 
XLLCORNER -115.5625 
YLLCORNER 24.8333333333333 
CELLSIZE 0.0833333333333333 
NODATA_value -9999 
[rows 180 to 199 of 230, columns 92 to 137 of 265]
71.6398239135742 70.9333419799805 70.2268676757812 69.5203857421875 68.8139114379883 68.608268737793 68.5695877075195 68.5308990478516 68.4922103881836 68.4535217285156 68.4148330688477 68.3761444091797 68.4154205322266 68.6885757446289 68.9617233276367 69.2348785400391 69.5080337524414 69.7811889648438 70.0543441772461 70.3274993896484 70.1435470581055 69.8072280883789 69.4709091186523 69.1345901489258 68.7982635498047 68.4619445800781 68.1256256103516 67.9689559936523 68.3512344360352 68.7335205078125 69.1157989501953 69.4980850219727 69.8803634643555 70.2626495361328 70.6449279785156 71.1443634033203 71.6828460693359 72.2213287353516 72.7598037719727 73.2982864379883 73.8367691040039 74.3752517700195 74.8716583251953 75.2418365478516 75.6120147705078 75.9821929931641
70.9474105834961 70.298454284668 69.6495056152344 69.0005493164062 68.3516006469727 68.1731414794922 68.1515197753906 68.1298980712891 68.108268737793 68.0866470336914 68.0650253295898 68.0434036254883 68.1152954101562 68.4677276611328 68.8201675415039 69.1725997924805 69.5250396728516 69.8774719238281 70.2299118041992 70.5823440551758 70.4554748535156 70.1688385009766 69.8822021484375 69.5955657958984 69.3089218139648 69.0222854614258 68.7356491088867 68.6027679443359 68.9311752319336 69.2595825195312 69.5879898071289 69.9163970947266 70.2448043823242 70.5732116699219 70.9016189575195 71.3567962646484 71.8542327880859 72.3516693115234 72.8490982055664 73.3465347290039 73.8439712524414 74.3414077758789 74.8128433227539 75.2062911987305 75.599739074707 75.9931793212891
70.254997253418 69.6635665893555 69.0721435546875 68.4807205200195 67.889289855957 67.7380142211914 67.7334518432617 67.7288970947266 67.7243347167969 67.7197799682617 67.715217590332 67.7106552124023 67.8151702880859 68.2468872070312 68.6786041259766 69.1103210449219 69.5420379638672 69.9737548828125 70.4054794311523 70.8371963500977 70.7674102783203 70.5304489135742 70.2934951782227 70.0565414428711 69.819580078125 69.5826263427734 69.3456649780273 69.2365875244141 69.511116027832 69.78564453125 70.0601806640625 70.3347091674805 70.609245300293 70.8837738037109 71.1583023071289 71.5692291259766 72.0256195068359 72.4820098876953 72.9383926391602 73.3947830200195 73.8511734008789 74.3075561523438 74.7540283203125 75.1707458496094 75.5874557495117 76.0041732788086
69.5625839233398 69.028678894043 68.4947814941406 67.9608840942383 67.4269790649414 67.3028869628906 67.3153915405273 67.3278961181641 67.3404006958008 67.3529052734375 67.3654098510742 67.3779144287109 67.5150375366211 68.0260391235352 68.5370407104492 69.0480422973633 69.5590438842773 70.0700454711914 70.5810394287109 71.092041015625 71.0793380737305 70.8920593261719 70.7047882080078 70.5175170898438 70.3302383422852 70.1429672241211 69.9556884765625 69.8703994750977 70.0910568237305 70.3117141723633 70.5323715209961 70.7530212402344 70.9736785888672 71.1943359375 71.4149932861328 71.7816619873047 72.1970062255859 72.6123504638672 73.0276870727539 73.4430313110352 73.8583679199219 74.2737121582031 74.6952133178711 75.1352005004883 75.5751800537109 76.0151672363281
68.8701705932617 68.3937911987305 67.9174194335938 67.441047668457 66.9646759033203 66.8677597045898 66.8973236083984 66.9268951416016 66.9564590454102 66.9860305786133 67.0156021118164 67.045166015625 67.2149124145508 67.8051986694336 68.3954772949219 68.9857635498047 69.576042175293 70.1663284301758 70.7566070556641 71.3468933105469 71.3912658691406 71.2536773681641 71.116081237793 70.9784927368164 70.8408966064453 70.7033004760742 70.5657119750977 70.5042114257812 70.6709976196289 70.837776184082 71.0045547485352 71.1713409423828 71.3381195068359 71.5048980712891 71.6716842651367 71.9941024780273 72.3683929443359 72.7426910400391 73.1169815063477 73.4912796020508 73.8655700683594 74.2398681640625 74.6363983154297 75.0996475219727 75.5629043579102 76.0261535644531
68.1777572631836 67.758903503418 67.3400573730469 66.9212112426758 66.5023651123047 66.4326248168945 66.4792633056641 66.5258941650391 66.5725250244141 66.6191558837891 66.6657943725586 66.7124252319336 66.9147872924805 67.5843505859375 68.2539138793945 68.9234848022461 69.5930480957031 70.2626113891602 70.9321746826172 71.6017379760742 71.7031936645508 71.6152877807617 71.5273742675781 71.4394683837891 71.3515548706055 71.2636413574219 71.1757354736328 71.1380233764648 71.2509307861328 71.3638381958008 71.4767456054688 71.5896530151367 71.7025604248047 71.8154678344727 71.9283752441406 72.2065353393555 72.5397796630859 72.8730316162109 73.2062759399414 73.5395202636719 73.8727722167969 74.2060165405273 74.5775833129883 75.0641021728516 75.5506210327148 76.0371475219727
67.9233779907227 67.5552139282227 67.1870498657227 66.8188858032227 66.4507217407227 66.3695068359375 66.3839416503906 66.3983764648438 66.4128112792969 66.42724609375 66.4416809082031 66.4561157226562 66.6435546875 67.3499984741211 68.0564422607422 68.7628860473633 69.4693298339844 70.1757736206055 70.882209777832 71.5886535644531 71.7415924072266 71.7100296020508 71.6784744262695 71.6469116210938 71.615348815918 71.5837860107422 71.5522232055664 71.5492935180664 71.6322784423828 71.7152557373047 71.7982330322266 71.8812103271484 71.9641952514648 72.0471725463867 72.1301498413086 72.39111328125 72.7114028930664 73.0316925048828 73.3519821166992 73.6722717285156 73.992561340332 74.3128509521484 74.6667785644531 75.1216125488281 75.5764389038086 76.0312728881836
68.1070327758789 67.7827072143555 67.458381652832 67.1340637207031 66.8097381591797 66.6783905029297 66.6113662719727 66.5443420410156 66.4773254394531 66.4103012084961 66.3432769775391 66.276252746582 66.4012145996094 67.1021347045898 67.8030548095703 68.5039749145508 69.2048873901367 69.9058074951172 70.6067276000977 71.3076477050781 71.506462097168 71.5379180908203 71.5693664550781 71.6008224487305 71.6322708129883 71.6637268066406 71.695182800293 71.7380218505859 71.8150177001953 71.8920211791992 71.9690246582031 72.0460205078125 72.1230239868164 72.2000198364258 72.2770233154297 72.5478363037109 72.8832626342773 73.2186813354492 73.5541000366211 73.8895263671875 74.2249450683594 74.5603637695312 74.9039840698242 75.2721710205078 75.6403579711914 76.008544921875
68.2906951904297 68.0102081298828 67.7297210693359 67.4492340087891 67.1687545776367 66.9872741699219 66.8387908935547 66.6903076171875 66.5418319702148 66.3933486938477 66.244873046875 66.0963897705078 66.1588821411133 66.8542709350586 67.5496673583984 68.2450561523438 68.9404525756836 69.6358489990234 70.3312377929688 71.0266342163086 71.2713317871094 71.3657989501953 71.4602661132812 71.5547332763672 71.6492004394531 71.7436676025391 71.838134765625 71.9267425537109 71.9977645874023 72.0687866210938 72.1398086547852 72.2108306884766 72.281852722168 72.3528747558594 72.4238967895508 72.7045669555664 73.0551147460938 73.4056701660156 73.7562255859375 74.1067733764648 74.4573287963867 74.8078842163086 75.1411819458008 75.4227294921875 75.7042694091797 75.9858169555664
68.4743499755859 68.2377014160156 68.0010604858398 67.7644119262695 67.5277709960938 67.2961502075195 67.0662155151367 66.8362808227539 66.6063385009766 66.3764038085938 66.1464614868164 65.9165267944336 65.9165420532227 66.6064071655273 67.2962799072266 67.9861450195312 68.6760177612305 69.3658828735352 70.0557479858398 70.7456207275391 71.0362014770508 71.1936798095703 71.3511657714844 71.5086441040039 71.666130065918 71.8236083984375 71.9810943603516 72.1154632568359 72.1805114746094 72.2455520629883 72.3105926513672 72.3756408691406 72.4406814575195 72.5057220458984 72.5707702636719 72.8612899780273 73.2269744873047 73.592658996582 73.9583435058594 74.3240280151367 74.6897125244141 75.0553970336914 75.3783874511719 75.5732879638672 75.768180847168 75.9630813598633
68.6580047607422 68.465202331543 68.2723999023438 68.07958984375 67.8867874145508 67.6050338745117 67.2936401367188 66.9822463989258 66.6708526611328 66.3594512939453 66.0480575561523 65.7366638183594 65.674201965332 66.3585433959961 67.0428848266602 67.7272338867188 68.4115753173828 69.0959167480469 69.7802658081055 70.4646072387695 70.8010711669922 71.0215682983398 71.2420654296875 71.4625625610352 71.6830596923828 71.9035568237305 72.1240539550781 72.3041915893555 72.3632583618164 72.4223175048828 72.4813842773438 72.5404434204102 72.5995101928711 72.658576965332 72.7176361083984 73.0180130004883 73.3988342285156 73.7796478271484 74.1604614257812 74.5412826538086 74.9220962524414 75.3029098510742 75.615592956543 75.7238464355469 75.8320999145508 75.9403533935547
68.841667175293 68.6927032470703 68.5437316894531 68.3947677612305 68.2458038330078 67.9139175415039 67.5210647583008 67.1282119750977 66.7353591918945 66.3425064086914 65.9496536254883 65.5568008422852 65.4318618774414 66.1106796264648 66.7894973754883 67.4683227539062 68.1471405029297 68.8259582519531 69.5047760009766 70.18359375 70.5659332275391 70.8494491577148 71.1329574584961 71.4164733886719 71.6999816894531 71.9834976196289 72.2670059204102 72.4929122924805 72.5459976196289 72.5990829467773 72.6521682739258 72.7052536010742 72.7583389282227 72.8114242553711 72.8645095825195 73.1747436523438 73.570686340332 73.9666366577148 74.3625869750977 74.7585296630859 75.1544799804688 75.5504302978516 75.8527908325195 75.8744049072266 75.8960113525391 75.9176254272461
69.1942367553711 69.0918807983398 68.9895324707031 68.8871765136719 68.7848205566406 68.403564453125 67.9293441772461 67.4551162719727 66.9808959960938 66.5066680908203 66.0324478149414 65.558219909668 65.361083984375 65.9952163696289 66.6293411254883 67.2634735107422 67.8976058959961 68.5317306518555 69.1658630371094 69.7999877929688 70.2004776000977 70.5230865478516 70.8456878662109 71.1682968139648 71.4908981323242 71.8135070800781 72.1361083984375 72.3916549682617 72.4459991455078 72.5003509521484 72.5546951293945 72.6090469360352 72.6633911132812 72.7177429199219 72.772087097168 73.0903701782227 73.4966354370117 73.9029006958008 74.3091583251953 74.7154235839844 75.1216812133789 75.527946472168 75.8291549682617 75.8152160644531 75.8012847900391 75.7873458862305
69.7157211303711 69.6627502441406 69.6097869873047 69.5568237304688 69.5038528442383 69.0739822387695 68.5184783935547 67.9629669189453 67.4074554443359 66.8519515991211 66.2964401245117 65.7409362792969 65.4618682861328 66.0121459960938 66.5624237060547 67.1126937866211 67.662971496582 68.2132415771484 68.7635192871094 69.3137893676758 69.7046966552734 70.0424728393555 70.3802490234375 70.7180252075195 71.0558013916016 71.3935775756836 71.7313613891602 72.0004043579102 72.0632553100586 72.1261138916016 72.18896484375 72.2518157958984 72.3146743774414 72.3775253295898 72.4403762817383 72.7649078369141 73.1766662597656 73.5884246826172 74.0001831054688 74.4119491577148 74.8237075805664 75.235466003418 75.5446853637695 75.5462951660156 75.5479049682617 75.5495147705078
70.2371978759766 70.2336196899414 70.2300415039062 70.2264633178711 70.2228851318359 69.7444000244141 69.1076049804688 68.470817565918 67.8340225219727 67.1972274780273 66.5604400634766 65.9236450195312 65.5626602172852 66.0290756225586 66.4954986572266 66.9619140625 67.428337097168 67.8947525024414 68.3611755371094 68.8275909423828 69.2089080810547 69.5618591308594 69.9148101806641 70.2677612304688 70.6207046508789 70.9736557006836 71.3266067504883 71.6091537475586 71.6805191040039 71.7518768310547 71.8232345581055 71.8945922851562 71.965950012207 72.0373077392578 72.1086654663086 72.4394454956055 72.8567047119141 73.2739562988281 73.6912155151367 74.1084671020508 74.5257263183594 74.9429779052734 75.2602157592773 75.2773742675781 75.2945327758789 75.3116912841797
70.7586822509766 70.8044891357422 70.8503036499023 70.896110534668 70.9419174194336 70.4148101806641 69.6967391967773 68.9786605834961 68.2605895996094 67.5425109863281 66.8244323730469 66.1063613891602 65.663444519043 66.0460052490234 66.4285736083984 66.8111343383789 67.1937026977539 67.5762634277344 67.9588317871094 68.3413925170898 68.7131271362305 69.0812454223633 69.4493713378906 69.8174896240234 70.1856079101562 70.5537338256836 70.9218521118164 71.2179107666016 71.2977752685547 71.3776397705078 71.4574966430664 71.5373611450195 71.6172256469727 71.6970901489258 71.7769546508789 72.1139831542969 72.536735534668 72.9594879150391 73.3822402954102 73.8049926757812 74.2277450561523 74.6504974365234 74.9757385253906 75.0084457397461 75.0411529541016 75.073860168457
71.2801666259766 71.375358581543 71.4705581665039 71.5657501220703 71.6609497070312 71.0852279663086 70.2858657836914 69.4865112304688 68.6871490478516 67.8877868652344 67.0884323120117 66.2890701293945 65.7642288208008 66.0629425048828 66.3616485595703 66.6603546142578 66.9590682983398 67.2577743530273 67.5564880371094 67.8551940917969 68.2173385620117 68.6006317138672 68.9839248657227 69.3672180175781 69.7505111694336 70.1338043212891 70.5170974731445 70.82666015625 70.9150314331055 71.0033950805664 71.0917663574219 71.1801376342773 71.2685012817383 71.3568725585938 71.4452438354492 71.7885208129883 72.2167663574219 72.64501953125 73.0732650756836 73.5015182495117 73.9297714233398 74.3580169677734 74.6912689208984 74.7395248413086 74.7877807617188 74.8360290527344
71.801643371582 71.9462280273438 72.0908126831055 72.2353973388672 72.3799819946289 71.7556457519531 70.875 69.9943542480469 69.1137161254883 68.2330703735352 67.352424621582 66.4717864990234 65.8650131225586 66.0798721313477 66.2947235107422 66.5095825195312 66.7244338989258 66.9392852783203 67.1541442871094 67.3689956665039 67.7215576171875 68.1200256347656 68.5184860229492 68.9169540405273 69.3154144287109 69.7138824462891 70.1123428344727 70.435417175293 70.5322875976562 70.6291580200195 70.7260360717773 70.8229064941406 70.9197845458984 71.0166549682617 71.113525390625 71.4630584716797 71.8968048095703 72.3305511474609 72.7642974853516 73.1980438232422 73.6317901611328 74.0655364990234 74.4067993164062 74.4705963134766 74.5344009399414 74.5982055664062
72.2817077636719 72.4442443847656 72.6067886352539 72.7693252563477 72.9318695068359 72.2914428710938 71.3833694458008 70.4752960205078 69.5672149658203 68.6591415405273 67.7510681152344 66.8429870605469 66.191276550293 66.3086624145508 66.4260406494141 66.5434265136719 66.6608047485352 66.778190612793 66.8955764770508 67.0129547119141 67.3670272827148 67.7999954223633 68.2329635620117 68.6659317016602 69.0988998413086 69.531867980957 69.9648361206055 70.3129959106445 70.4067153930664 70.5004348754883 70.5941543579102 70.687873840332 70.7815933227539 70.8753128051758 70.9690322875977 71.2822723388672 71.6686782836914 72.0550918579102 72.4414978027344 72.8279113769531 73.2143173217773 73.6007308959961 73.8996200561523 73.9359588623047 73.972297668457 74.0086364746094
72.7203369140625 72.8694076538086 73.0184707641602 73.1675415039062 73.3166046142578 72.6926345825195 71.8109741210938 70.929313659668 70.0476608276367 69.1660003662109 68.2843475341797 67.4026870727539 66.7430191040039 66.7493133544922 66.7556076049805 66.7619018554688 66.7681884765625 66.7744827270508 66.7807769775391 66.7870712280273 67.1537475585938 67.6405563354492 68.1273574829102 68.6141586303711 69.1009674072266 69.5877685546875 70.074577331543 70.4594039916992 70.5383148193359 70.6172180175781 70.6961288452148 70.775032043457 70.8539428710938 70.9328460693359 71.0117568969727 71.2461624145508 71.5324020385742 71.8186416625977 72.1048812866211 72.3911209106445 72.677360534668 72.9636001586914 73.1697463989258 73.1356048583984 73.1014633178711 73.0673294067383
