resources/Exp000_Example-Run/Run01_M2/TimeSeries/2005/selection_set/tsurf_avg.asc
NCOLS 265 
NROWS 230 
XLLCORNER -115.5625 
YLLCORNER 24.8333333333333 
CELLSIZE 0.0833333333333333 
NODATA_value -9999 
[rows 140 to 159 of 230, columns 92 to 137 of 265]
290.044982910156 290.180908203125 290.316833496094 290.452789306641 290.588714599609 290.645690917969 290.676330566406 290.706939697266 290.737579345703 290.768218994141 290.798858642578 290.829498291016 290.827941894531 290.729766845703 290.631622314453 290.533447265625 290.435272216797 290.337097167969 290.238952636719 290.140777587891 289.947570800781 289.72265625 289.497741699219 289.272857666016 289.047943115234 288.823028564453 288.59814453125 288.462554931641 288.594940185547 288.727325439453 288.859710693359 288.992095947266 289.124481201172 289.256896972656 289.389282226562 289.604919433594 289.848327636719 290.091705322266 290.335113525391 290.578521728516 290.821899414062 291.065307617188 291.264984130859 291.333404541016 291.40185546875 291.470275878906
290.263854980469 290.391021728516 290.518188476562 290.645355224609 290.772552490234 290.818023681641 290.836242675781 290.8544921875 290.872741699219 290.890960693359 290.909210205078 290.927459716797 290.917633056641 290.823699951172 290.729736328125 290.635803222656 290.541870117188 290.447906494141 290.353973388672 290.260040283203 290.086059570312 289.885437011719 289.684783935547 289.484130859375 289.283508300781 289.082855224609 288.882232666016 288.758636474609 288.866271972656 288.973876953125 289.081481933594 289.189086914062 289.296722412109 289.404327392578 289.511932373047 289.709136962891 289.936218261719 290.163299560547 290.390380859375 290.617462158203 290.844543457031 291.071594238281 291.264862060547 291.356689453125 291.448516845703 291.540344238281
290.482727050781 290.601135253906 290.719543457031 290.837951660156 290.956359863281 290.990356445312 290.996185302734 291.002014160156 291.007873535156 291.013702392578 291.01953125 291.025390625 291.00732421875 290.917602539062 290.827880859375 290.738159179688 290.6484375 290.558715820312 290.468994140625 290.379272460938 290.224578857422 290.048187255859 289.871826171875 289.695434570312 289.519073486328 289.342681884766 289.166320800781 289.054748535156 289.137573242188 289.220397949219 289.303253173828 289.386077880859 289.468933105469 289.5517578125 289.634613037109 289.813385009766 290.024139404297 290.234893798828 290.445648193359 290.656402587891 290.867156982422 291.077911376953 291.264770507812 291.379974365234 291.495208740234 291.610412597656
290.701599121094 290.811248779297 290.9208984375 291.030548095703 291.140197753906 291.162689208984 291.156127929688 291.149566650391 291.143005371094 291.136444091797 291.1298828125 291.123321533203 291.097015380859 291.011535644531 290.926025390625 290.840545654297 290.755035400391 290.669525146484 290.584045410156 290.49853515625 290.363067626953 290.210968017578 290.058868408203 289.90673828125 289.754638671875 289.602508544922 289.450408935547 289.350830078125 289.408905029297 289.466949462891 289.525024414062 289.583068847656 289.641143798828 289.69921875 289.757263183594 289.917602539062 290.112030029297 290.306457519531 290.500915527344 290.695343017578 290.889770507812 291.084197998047 291.264678955078 291.403289794922 291.541870117188 291.680480957031
290.842468261719 290.950866699219 291.059265136719 291.167633056641 291.276031494141 291.290679931641 291.274108886719 291.257537841797 291.240966796875 291.224395751953 291.207824707031 291.191253662109 291.159210205078 291.080810546875 291.002380371094 290.923980712891 290.845550537109 290.767150878906 290.688751220703 290.610321044922 290.490081787109 290.355895996094 290.221710205078 290.087493896484 289.953308105469 289.819122314453 289.684936523438 289.594329833984 289.634521484375 289.674713134766 289.714935302734 289.755126953125 289.795318603516 289.835510253906 289.875701904297 290.023162841797 290.206420898438 290.3896484375 290.572875976562 290.756134033203 290.939361572266 291.122589111328 291.299102783203 291.455474853516 291.611846923828 291.768188476562
290.905364990234 291.019989013672 291.134613037109 291.249237060547 291.363861083984 291.374359130859 291.350158691406 291.325958251953 291.3017578125 291.277557373047 291.253356933594 291.229156494141 291.193878173828 291.125427246094 291.056976318359 290.988494873047 290.920043945312 290.851593017578 290.783111572266 290.714660644531 290.605590820312 290.482971191406 290.3603515625 290.237731933594 290.115142822266 289.992523193359 289.869903564453 289.785247802734 289.814483642578 289.843719482422 289.872955322266 289.902191162109 289.931427001953 289.960662841797 289.989898681641 290.130096435547 290.307250976562 290.484405517578 290.661590576172 290.838745117188 291.015899658203 291.193084716797 291.368072509766 291.536560058594 291.705078125 291.873565673828
290.968231201172 291.089111328125 291.2099609375 291.330841064453 291.451721191406 291.458038330078 291.426208496094 291.394378662109 291.362548828125 291.330718994141 291.298889160156 291.267059326172 291.228546142578 291.170043945312 291.111541748047 291.053009033203 290.994506835938 290.936004638672 290.877502441406 290.818969726562 290.721069335938 290.610046386719 290.4990234375 290.387969970703 290.276947021484 290.165924072266 290.054870605469 289.976165771484 289.994445800781 290.012725830078 290.031005859375 290.049285888672 290.067565917969 290.085845947266 290.104125976562 290.236999511719 290.408081054688 290.579193115234 290.750274658203 290.92138671875 291.092468261719 291.263549804688 291.437042236328 291.61767578125 291.798309326172 291.978912353516
291.031097412109 291.158203125 291.285339355469 291.412445068359 291.53955078125 291.541717529297 291.502258300781 291.462799072266 291.42333984375 291.383880615234 291.344421386719 291.304962158203 291.263244628906 291.214660644531 291.166107177734 291.117553710938 291.069000244141 291.020416259766 290.971862792969 290.923309326172 290.836578369141 290.737121582031 290.637664794922 290.538208007812 290.438751220703 290.339294433594 290.239868164062 290.167083740234 290.174407958984 290.181732177734 290.189056396484 290.196350097656 290.203674316406 290.210998535156 290.218322753906 290.343902587891 290.508941650391 290.673950195312 290.838989257812 291.003997802734 291.169036865234 291.334045410156 291.506011962891 291.698760986328 291.891540527344 292.084289550781
291.093963623047 291.227325439453 291.360687255859 291.494049072266 291.627380371094 291.625396728516 291.578308105469 291.531219482422 291.484130859375 291.437042236328 291.389953613281 291.342864990234 291.297912597656 291.25927734375 291.220672607422 291.182067871094 291.143463134766 291.104858398438 291.066223144531 291.027618408203 290.952056884766 290.864196777344 290.776336669922 290.688446044922 290.6005859375 290.5126953125 290.424835205078 290.358001708984 290.354370117188 290.350738525391 290.347076416016 290.343444824219 290.339813232422 290.336151123047 290.33251953125 290.450836181641 290.609771728516 290.768737792969 290.927673339844 291.086639404297 291.245574951172 291.404541015625 291.574981689453 291.779876708984 291.984771728516 292.189666748047
291.156860351562 291.296447753906 291.43603515625 291.575622558594 291.715240478516 291.709075927734 291.654357910156 291.599639892578 291.544921875 291.490203857422 291.435485839844 291.380767822266 291.332580566406 291.303924560547 291.275268554688 291.24658203125 291.217926025391 291.189270019531 291.160614013672 291.131958007812 291.067565917969 290.991271972656 290.914978027344 290.838684082031 290.762390136719 290.686096191406 290.609802246094 290.548919677734 290.534332275391 290.519744873047 290.505126953125 290.490539550781 290.475921630859 290.461334228516 290.446716308594 290.557739257812 290.710632324219 290.863494873047 291.016387939453 291.169250488281 291.322143554688 291.475036621094 291.643951416016 291.860961914062 292.078002929688 292.295013427734
291.180969238281 291.323181152344 291.465423583984 291.607635498047 291.749877929688 291.745819091797 291.693023681641 291.640228271484 291.587432861328 291.534637451172 291.481811523438 291.429016113281 291.383544921875 291.359954833984 291.336364746094 291.312805175781 291.289215087891 291.265625 291.242065429688 291.218475341797 291.162872314453 291.096557617188 291.030242919922 290.963958740234 290.897644042969 290.831329345703 290.765045166016 290.710693359375 290.692291259766 290.673889160156 290.655456542969 290.637054443359 290.61865234375 290.600219726562 290.581817626953 290.678070068359 290.812561035156 290.947021484375 291.081512451172 291.216003417969 291.350463867188 291.484954833984 291.641326904297 291.863342285156 292.085357666016 292.307373046875
291.166320800781 291.307556152344 291.448822021484 291.590057373047 291.731323242188 291.735626220703 291.694305419922 291.652954101562 291.611633300781 291.570281982422 291.528930664062 291.487609863281 291.450775146484 291.427398681641 291.404022216797 291.380676269531 291.357299804688 291.333953857422 291.310577392578 291.287200927734 291.237945556641 291.180053710938 291.122131347656 291.064239501953 291.00634765625 290.948425292969 290.890533447266 290.843322753906 290.828247070312 290.813171386719 290.798095703125 290.783020019531 290.767944335938 290.752868652344 290.73779296875 290.811828613281 290.915588378906 291.019317626953 291.123077392578 291.226837158203 291.330596923828 291.434356689453 291.567138671875 291.786987304688 292.0068359375 292.226715087891
291.151672363281 291.291961669922 291.432220458984 291.572479248047 291.712768554688 291.725433349609 291.695556640625 291.665679931641 291.635803222656 291.605926513672 291.576049804688 291.546203613281 291.518005371094 291.494842529297 291.471710205078 291.448547363281 291.425384521484 291.402252197266 291.379089355469 291.35595703125 291.313018798828 291.263519287109 291.214019775391 291.164520263672 291.115020751953 291.065521240234 291.016021728516 290.975952148438 290.964202880859 290.952453613281 290.940734863281 290.928985595703 290.917236328125 290.905487060547 290.893737792969 290.945587158203 291.018615722656 291.091644287109 291.164642333984 291.237670898438 291.310699462891 291.383728027344 291.492919921875 291.710632324219 291.928344726562 292.146057128906
291.137023925781 291.276336669922 291.415618896484 291.554931640625 291.694213867188 291.715240478516 291.696807861328 291.678405761719 291.660003662109 291.6416015625 291.623168945312 291.604766845703 291.585235595703 291.562286376953 291.539367675781 291.516418457031 291.493499755859 291.470550537109 291.447601318359 291.424682617188 291.388122558594 291.347015380859 291.305908203125 291.264801025391 291.223724365234 291.1826171875 291.141510009766 291.108581542969 291.100158691406 291.091766357422 291.083343505859 291.074951171875 291.066528320312 291.05810546875 291.049713134766 291.079345703125 291.121643066406 291.163940429688 291.206237792969 291.24853515625 291.290832519531 291.333129882812 291.418731689453 291.63427734375 291.849822998047 292.065368652344
291.122406005859 291.260711669922 291.399017333984 291.537353515625 291.675659179688 291.705017089844 291.698089599609 291.691131591797 291.684204101562 291.67724609375 291.670288085938 291.663360595703 291.652465820312 291.629730224609 291.607025146484 291.584289550781 291.561584472656 291.538848876953 291.516143798828 291.493408203125 291.463195800781 291.430511474609 291.397796630859 291.365112304688 291.332397460938 291.299682617188 291.266998291016 291.2412109375 291.236114501953 291.231048583984 291.225982666016 291.220886230469 291.2158203125 291.210754394531 291.205688476562 291.213073730469 291.224639892578 291.236236572266 291.247802734375 291.259368896484 291.270935058594 291.282501220703 291.344543457031 291.557922363281 291.771331787109 291.984710693359
291.107757568359 291.245086669922 291.382415771484 291.519775390625 291.657104492188 291.69482421875 291.699340820312 291.703857421875 291.708374023438 291.712890625 291.717407226562 291.721923828125 291.719696044922 291.697174072266 291.674682617188 291.652160644531 291.629669189453 291.607147216797 291.584655761719 291.562133789062 291.538299560547 291.513977050781 291.489685058594 291.465393066406 291.441101074219 291.416778564453 291.392486572266 291.373809814453 291.3720703125 291.370330810547 291.368591308594 291.366851806641 291.365112304688 291.363372802734 291.361633300781 291.346832275391 291.327667236328 291.308532714844 291.289367675781 291.270202636719 291.251037597656 291.231903076172 291.270324707031 291.481567382812 291.692810058594 291.904052734375
291.038940429688 291.188049316406 291.337127685547 291.486206054688 291.635314941406 291.685943603516 291.703765869141 291.721618652344 291.739440917969 291.757263183594 291.775085449219 291.792938232422 291.800476074219 291.777221679688 291.753967285156 291.730712890625 291.707458496094 291.684204101562 291.660949707031 291.6376953125 291.617370605469 291.598022460938 291.578674316406 291.559326171875 291.539978027344 291.520599365234 291.501251220703 291.487823486328 291.492095947266 291.496368408203 291.500640869141 291.504913330078 291.509185791016 291.513458251953 291.517761230469 291.484741210938 291.439300537109 291.393859863281 291.348419189453 291.302978515625 291.257537841797 291.212097167969 291.226593017578 291.420837402344 291.615112304688 291.809356689453
290.915985107422 291.089569091797 291.263122558594 291.436706542969 291.610260009766 291.678405761719 291.711395263672 291.744384765625 291.777374267578 291.810363769531 291.843353271484 291.876342773438 291.894836425781 291.869873046875 291.844909667969 291.819946289062 291.794982910156 291.77001953125 291.745056152344 291.720092773438 291.700469970703 291.6826171875 291.664764404297 291.646881103516 291.629028320312 291.611175537109 291.593322753906 291.583160400391 291.596130371094 291.609130859375 291.622100830078 291.635070800781 291.648040771484 291.661010742188 291.673980712891 291.626770019531 291.559509277344 291.492218017578 291.424957275391 291.357666015625 291.290405273438 291.223114013672 291.213287353516 291.375732421875 291.538208007812 291.700653076172
290.793029785156 290.991058349609 291.189117431641 291.387176513672 291.585235595703 291.670837402344 291.718994140625 291.767150878906 291.815307617188 291.863433837891 291.911590576172 291.959747314453 291.989196777344 291.962524414062 291.935852050781 291.9091796875 291.882507324219 291.855834960938 291.829162597656 291.802490234375 291.783538818359 291.767181396484 291.750823974609 291.734466552734 291.718109130859 291.701751708984 291.685363769531 291.678527832031 291.7001953125 291.721862792969 291.743560791016 291.765228271484 291.786895751953 291.808563232422 291.830230712891 291.768829345703 291.679718017578 291.590606689453 291.501495361328 291.412353515625 291.3232421875 291.234130859375 291.199981689453 291.330627441406 291.461273193359 291.591949462891
290.670043945312 290.892578125 291.115112304688 291.337646484375 291.560180664062 291.663299560547 291.726593017578 291.789916992188 291.853210449219 291.916534423828 291.979827880859 292.043151855469 292.083526611328 292.055145263672 292.026794433594 291.998413085938 291.970031738281 291.941650390625 291.913269042969 291.884887695312 291.866638183594 291.851776123047 291.8369140625 291.822052001953 291.807159423828 291.792297363281 291.777435302734 291.773864746094 291.804260253906 291.834625244141 291.864990234375 291.895385742188 291.925750732422 291.956115722656 291.986480712891 291.910858154297 291.799926757812 291.68896484375 291.578002929688 291.467071533203 291.356109619141 291.245147705078 291.186676025391 291.285522460938 291.384368896484 291.483215332031
