resources/Exp000_Example-Run/Run01_M2/TimeSeries/2005/selection_set/tsurf_avg.asc
NCOLS 265 
NROWS 230 
XLLCORNER -115.5625 
YLLCORNER 24.8333333333333 
CELLSIZE 0.0833333333333333 
NODATA_value -9999 
[rows 80 to 99 of 230, columns 92 to 137 of 265]
278.554962158203 278.207977294922 277.860961914062 277.513977050781 277.166961669922 277.045562744141 276.999359130859 276.953125 276.906921386719 276.860717773438 276.814514160156 276.768280029297 276.7607421875 276.869201660156 276.977630615234 277.086090087891 277.194519042969 277.302978515625 277.411407470703 277.519866943359 277.765441894531 278.056762695312 278.348052978516 278.639343261719 278.9306640625 279.221954345703 279.513275146484 279.761901855469 279.882598876953 280.003265380859 280.123962402344 280.24462890625 280.365325927734 280.485992431641 280.606689453125 281.055572509766 281.613861083984 282.172149658203 282.730438232422 283.288726806641 283.847015380859 284.405303955078 284.871551513672 285.061645507812 285.251739501953 285.441833496094
279.727630615234 279.405792236328 279.083923339844 278.762084960938 278.440216064453 278.265777587891 278.140472412109 278.015167236328 277.889831542969 277.764526367188 277.639221191406 277.513916015625 277.418823242188 277.414337158203 277.409881591797 277.405395507812 277.400939941406 277.396453857422 277.391998291016 277.387512207031 277.615875244141 277.921875 278.227844238281 278.533813476562 278.839813232422 279.145782470703 279.451782226562 279.709564208984 279.82275390625 279.935943603516 280.049133300781 280.162353515625 280.275543212891 280.388732910156 280.501922607422 280.931030273438 281.465454101562 281.999877929688 282.534301757812 283.068725585938 283.603118896484 284.137542724609 284.587982177734 284.786437988281 284.984893798828 285.183349609375
280.900299072266 280.603607177734 280.306884765625 280.010192871094 279.713470458984 279.485992431641 279.281585693359 279.077178955078 278.872772216797 278.668365478516 278.463958740234 278.259552001953 278.076873779297 277.959503173828 277.842102050781 277.724731445312 277.607330322266 277.489959716797 277.37255859375 277.255157470703 277.46630859375 277.786987304688 278.107635498047 278.428283691406 278.748962402344 279.069610595703 279.390289306641 279.657196044922 279.762908935547 279.868621826172 279.974334716797 280.080047607422 280.185760498047 280.291442871094 280.397155761719 280.806488037109 281.317047119141 281.827606201172 282.338134765625 282.848693847656 283.359222412109 283.869781494141 284.304382324219 284.511199951172 284.718017578125 284.924835205078
282.072967529297 281.801391601562 281.529846191406 281.25830078125 280.986724853516 280.706207275391 280.422698974609 280.139190673828 279.855682373047 279.572174072266 279.288665771484 279.005157470703 278.734954833984 278.504638671875 278.274353027344 278.044036865234 277.813720703125 277.583435058594 277.353118896484 277.122833251953 277.316741943359 277.652099609375 277.987426757812 278.32275390625 278.658111572266 278.993438720703 279.328796386719 279.604858398438 279.703063964844 279.801300048828 279.899505615234 279.997741699219 280.095947265625 280.194183349609 280.292388916016 280.681976318359 281.168640136719 281.655303955078 282.141998291016 282.628662109375 283.115356445312 283.602020263672 284.020812988281 284.235992431641 284.451171875 284.666351318359
282.820678710938 282.569122314453 282.317565917969 282.066009521484 281.814453125 281.504119873047 281.174194335938 280.844268798828 280.514343261719 280.184417724609 279.854461669922 279.524536132812 279.210205078125 278.942687988281 278.675170898438 278.407653808594 278.140106201172 277.872589111328 277.605072021484 277.337524414062 277.506896972656 277.821929931641 278.136932373047 278.451934814453 278.766937255859 279.081939697266 279.396942138672 279.656860351562 279.751525878906 279.846160888672 279.940826416016 280.035491943359 280.130126953125 280.224792480469 280.319458007812 280.697021484375 281.168884277344 281.640777587891 282.112640380859 282.584533691406 283.056396484375 283.528289794922 283.934753417969 284.14501953125 284.355255126953 284.565521240234
283.143493652344 282.906768798828 282.670074462891 282.433349609375 282.196655273438 281.879730224609 281.536041259766 281.1923828125 280.848693847656 280.505035400391 280.161346435547 279.817687988281 279.502655029297 279.273620605469 279.044555664062 278.815521240234 278.586456298828 278.357421875 278.128356933594 277.899322509766 278.036804199219 278.296447753906 278.556121826172 278.815765380859 279.075439453125 279.335083007812 279.594757080078 279.813232421875 279.908264160156 280.003265380859 280.098266601562 280.193267822266 280.288269042969 280.38330078125 280.478302001953 280.851654052734 281.317810058594 281.783966064453 282.250122070312 282.716247558594 283.182403564453 283.648559570312 284.046173095703 284.238250732422 284.430328369141 284.622406005859
283.46630859375 283.244445800781 283.022583007812 282.800689697266 282.578826904297 282.255310058594 281.897888183594 281.540496826172 281.183074951172 280.825653076172 280.468231201172 280.110809326172 279.795104980469 279.604553222656 279.413970947266 279.223388671875 279.032836914062 278.842254638672 278.651672363281 278.461090087891 278.566680908203 278.77099609375 278.975311279297 279.179626464844 279.383941650391 279.588226318359 279.792541503906 279.969635009766 280.064971923828 280.160339355469 280.255706787109 280.35107421875 280.446441650391 280.541778564453 280.637145996094 281.006317138672 281.466735839844 281.927154541016 282.387573242188 282.847991943359 283.308410644531 283.768829345703 284.157623291016 284.331512451172 284.505401611328 284.679260253906
283.789093017578 283.582092285156 283.375061035156 283.168060302734 282.961029052734 282.630920410156 282.259735107422 281.888580322266 281.517425537109 281.146270751953 280.775115966797 280.403961181641 280.087554931641 279.935455322266 279.783386230469 279.631286621094 279.479187011719 279.327087402344 279.174987792969 279.022888183594 279.096588134766 279.245544433594 279.394500732422 279.54345703125 279.692413330078 279.841400146484 279.990356445312 280.126007080078 280.221710205078 280.317443847656 280.413146972656 280.508850097656 280.604583740234 280.700286865234 280.795989990234 281.160949707031 281.615661621094 282.070343017578 282.525024414062 282.979736328125 283.434417724609 283.889129638672 284.269073486328 284.424743652344 284.580444335938 284.736145019531
284.111907958984 283.919738769531 283.727569580078 283.535400390625 283.343231201172 283.006500244141 282.621612548828 282.236694335938 281.851806640625 281.466888427734 281.082000732422 280.697113037109 280.380004882812 280.266387939453 280.152770996094 280.039154052734 279.925537109375 279.811920166016 279.698272705078 279.584655761719 279.62646484375 279.720092773438 279.813690185547 279.907318115234 280.000915527344 280.094543457031 280.188140869141 280.282379150391 280.378448486328 280.474517822266 280.570587158203 280.666656494141 280.762725830078 280.858795166016 280.954864501953 281.315612792969 281.764556884766 282.213531494141 282.662506103516 283.111480712891 283.560424804688 284.009399414062 284.380493164062 284.518005371094 284.655517578125 284.792999267578
284.434692382812 284.257385253906 284.080047607422 283.902740478516 283.725402832031 283.382080078125 282.983459472656 282.584808349609 282.186157226562 281.787536621094 281.388885498047 280.990234375 280.672454833984 280.597320556641 280.522186279297 280.447021484375 280.371887207031 280.296752929688 280.221588134766 280.146453857422 280.156372070312 280.194610595703 280.232879638672 280.271148681641 280.309417724609 280.347686767578 280.385955810547 280.438751220703 280.535186767578 280.631591796875 280.72802734375 280.824432373047 280.920867919922 281.017272949219 281.113708496094 281.470245361328 281.913482666016 282.356719970703 282.799957275391 283.243194580078 283.686431884766 284.129699707031 284.491943359375 284.611267089844 284.730560302734 284.849884033203
284.578887939453 284.416931152344 284.254974365234 284.092987060547 283.931030273438 283.594940185547 283.200805664062 282.806640625 282.412506103516 282.018371582031 281.624206542969 281.230072021484 280.918853759766 280.856384277344 280.793914794922 280.7314453125 280.669006347656 280.606536865234 280.544067382812 280.481597900391 280.469177246094 280.473419189453 280.477691650391 280.48193359375 280.486206054688 280.490447998047 280.494720458984 280.526489257812 280.640899658203 280.755310058594 280.869689941406 280.984100341797 281.098480224609 281.212890625 281.327301025391 281.6826171875 282.118255615234 282.553894042969 282.989532470703 283.425170898438 283.860809326172 284.296417236328 284.651824951172 284.766540527344 284.881225585938 284.995941162109
284.544464111328 284.398376464844 284.252288818359 284.106201171875 283.960113525391 283.64501953125 283.273620605469 282.902221679688 282.530822753906 282.159423828125 281.788024902344 281.416625976562 281.119171142578 281.043579101562 280.968017578125 280.892425537109 280.816864013672 280.741271972656 280.665710449219 280.590118408203 280.564910888672 280.556488037109 280.548095703125 280.539672851562 280.53125 280.522827148438 280.514404296875 280.545593261719 280.695587158203 280.845611572266 280.99560546875 281.145599365234 281.295593261719 281.445617675781 281.595611572266 281.952728271484 282.378875732422 282.805023193359 283.231170654297 283.657318115234 284.08349609375 284.509643554688 284.860168457031 284.983825683594 285.107482910156 285.231140136719
284.510040283203 284.379821777344 284.249603271484 284.119384765625 283.989166259766 283.695129394531 283.346466064453 282.997802734375 282.649139404297 282.300476074219 281.951812744141 281.603149414062 281.319488525391 281.230804443359 281.14208984375 281.053405761719 280.964721679688 280.876037597656 280.787353515625 280.698669433594 280.660675048828 280.639587402344 280.618469238281 280.597381591797 280.576293945312 280.555206298828 280.534118652344 280.564697265625 280.750305175781 280.935913085938 281.121520996094 281.307098388672 281.492706298828 281.678314208984 281.863922119141 282.222839355469 282.639495849609 283.05615234375 283.472839355469 283.889495849609 284.306182861328 284.722839355469 285.068481445312 285.201110839844 285.333740234375 285.466369628906
284.475646972656 284.361297607422 284.246948242188 284.132598876953 284.018249511719 283.745208740234 283.419311523438 283.093383789062 282.767456054688 282.441528320312 282.115600585938 281.789703369141 281.519805908203 281.417999267578 281.316192626953 281.214385986328 281.112579345703 281.010803222656 280.908996582031 280.807189941406 280.756408691406 280.72265625 280.688873291016 280.655120849609 280.621337890625 280.587585449219 280.553802490234 280.583801269531 280.804992675781 281.026214599609 281.247406005859 281.468627929688 281.689819335938 281.911041259766 282.132232666016 282.492919921875 282.900115966797 283.307312011719 283.714477539062 284.121673583984 284.528839111328 284.93603515625 285.276824951172 285.418426513672 285.559997558594 285.701599121094
284.441223144531 284.342742919922 284.244262695312 284.145782470703 284.047332763672 283.795318603516 283.492126464844 283.18896484375 282.885772705078 282.582580566406 282.279418945312 281.976226806641 281.720123291016 281.605194091797 281.490295410156 281.375366210938 281.260467529297 281.145538330078 281.030639648438 280.915710449219 280.852142333984 280.805725097656 280.75927734375 280.712829589844 280.666412353516 280.619964599609 280.573516845703 280.602905273438 280.859710693359 281.116516113281 281.373321533203 281.630126953125 281.886932373047 282.143737792969 282.400543212891 282.763031005859 283.160736083984 283.558441162109 283.956146240234 284.353851318359 284.751525878906 285.149230957031 285.485168457031 285.635711669922 285.786254882812 285.936828613281
284.406799316406 284.324188232422 284.241607666016 284.158996582031 284.076385498047 283.845428466797 283.564971923828 283.284545898438 283.004089355469 282.7236328125 282.443206787109 282.162750244141 281.920440673828 281.792388916016 281.664367675781 281.536346435547 281.408325195312 281.280303955078 281.152282714844 281.024230957031 280.947906494141 280.888793945312 280.829681396484 280.770568847656 280.711456298828 280.65234375 280.593231201172 280.621978759766 280.914398193359 281.206817626953 281.499237060547 281.791625976562 282.084045410156 282.37646484375 282.668884277344 283.033142089844 283.421356201172 283.8095703125 284.197784423828 284.585998535156 284.974212646484 285.362457275391 285.693481445312 285.852996826172 286.012512207031 286.172058105469
284.344360351562 284.273986816406 284.203582763672 284.133209228516 284.062835693359 283.872375488281 283.641876220703 283.411407470703 283.180908203125 282.950439453125 282.719940185547 282.489471435547 282.283935546875 282.153259277344 282.022613525391 281.891937255859 281.761260986328 281.630615234375 281.499938964844 281.369262695312 281.284637451172 281.21533203125 281.146026611328 281.076721191406 281.007415771484 280.938110351562 280.868804931641 280.893737792969 281.201416015625 281.509094238281 281.816741943359 282.124420166016 282.432067871094 282.73974609375 283.047393798828 283.406860351562 283.783599853516 284.160339355469 284.537048339844 284.913787841797 285.29052734375 285.667266845703 285.989105224609 286.146240234375 286.303405761719 286.460571289062
284.253936767578 284.192108154297 284.130279541016 284.068450927734 284.006622314453 283.876190185547 283.722900390625 283.569580078125 283.416259765625 283.262969970703 283.109649658203 282.956329345703 282.810638427734 282.687805175781 282.564971923828 282.442138671875 282.319305419922 282.196472167969 282.073638916016 281.950805664062 281.862335205078 281.785308837891 281.708312988281 281.631317138672 281.554290771484 281.477294921875 281.400299072266 281.418182373047 281.720733642578 282.023315429688 282.325866699219 282.628448486328 282.930999755859 283.233581542969 283.5361328125 283.884216308594 284.247467041016 284.610687255859 284.973937988281 285.337188720703 285.700439453125 286.063659667969 286.371978759766 286.515441894531 286.658905029297 286.802398681641
284.163482666016 284.110229492188 284.056976318359 284.003692626953 283.950439453125 283.880035400391 283.803894042969 283.727752685547 283.651611328125 283.575469970703 283.499328613281 283.423217773438 283.337341308594 283.222351074219 283.107330322266 282.992340087891 282.877319335938 282.762329101562 282.647308349609 282.532318115234 282.440032958984 282.355316162109 282.270599365234 282.185882568359 282.101196289062 282.016479492188 281.931762695312 281.942596435547 282.240051269531 282.537536621094 282.834991455078 283.132476806641 283.429931640625 283.727416992188 284.024871826172 284.361572265625 284.711334228516 285.061065673828 285.410827636719 285.760589599609 286.110321044922 286.460083007812 286.754852294922 286.884643554688 287.014404296875 287.144195556641
284.073059082031 284.028350830078 283.983642578125 283.938934326172 283.894256591797 283.883850097656 283.884887695312 283.885925292969 283.886962890625 283.888000488281 283.889038085938 283.890075683594 283.864074707031 283.756896972656 283.649719238281 283.542541503906 283.435363769531 283.328186035156 283.221008300781 283.113830566406 283.017730712891 282.925323486328 282.832885742188 282.740478515625 282.648071289062 282.5556640625 282.463226318359 282.467010498047 282.759399414062 283.0517578125 283.344146728516 283.636505126953 283.928894042969 284.221252441406 284.513641357422 284.838928222656 285.175170898438 285.511444091797 285.847717285156 286.183959960938 286.520233154297 286.856506347656 287.137725830078 287.253814697266 287.369934082031 287.486022949219
