resources/Exp000_Example-Run/Run01_M2/TimeSeries/2005/selection_set/tsurf_avg.asc
NCOLS 265 
NROWS 230 
XLLCORNER -115.5625 
YLLCORNER 24.8333333333333 
CELLSIZE 0.0833333333333333 
NODATA_value -9999 
[rows 0 to 19 of 230, columns 138 to 183 of 265]
280.205413818359 280.053924560547 279.902404785156 279.750915527344 280.043701171875 280.484558105469 280.925415039062 281.366271972656 281.80712890625 282.247985839844 282.688842773438 283.038024902344 283.112213134766 283.186401367188 283.260589599609 283.334777832031 283.408966064453 283.483154296875 283.557342529297 283.580047607422 283.585632324219 283.591217041016 283.596801757812 283.602386474609 283.607940673828 283.613525390625 283.616912841797 283.61376953125 283.610595703125 283.607421875 283.604248046875 283.601104736328 283.597930908203 283.594757080078 283.565765380859 283.528167724609 283.490570068359 283.453002929688 283.415405273438 283.377807617188 283.340209960938 283.301239013672 283.258178710938 283.215087890625 283.172027587891 283.128967285156
280.636657714844 280.498504638672 280.360321044922 280.222137451172 280.482177734375 280.874969482422 281.267791748047 281.660583496094 282.053375244141 282.446166992188 282.838958740234 283.150207519531 283.216766357422 283.283355712891 283.349914550781 283.416473388672 283.483062744141 283.549621582031 283.6162109375 283.633392333984 283.634124755859 283.634826660156 283.635559082031 283.636291503906 283.637023925781 283.637756347656 283.637023925781 283.631896972656 283.626800537109 283.621704101562 283.616607666016 283.611511230469 283.606384277344 283.601287841797 283.57470703125 283.540954589844 283.507232666016 283.473480224609 283.439727783203 283.405975341797 283.372222900391 283.337524414062 283.299896240234 283.262268066406 283.224670410156 283.187042236328
281.067932128906 280.943054199219 280.818206787109 280.693359375 280.920684814453 281.265411376953 281.610168457031 281.954895019531 282.299621582031 282.644348144531 282.989105224609 283.262390136719 283.321350097656 283.380279541016 283.439239501953 283.498199462891 283.557159423828 283.616119384766 283.675079345703 283.686706542969 283.682586669922 283.678466796875 283.674346923828 283.670227050781 283.666076660156 283.661956787109 283.657104492188 283.650054931641 283.643035888672 283.635986328125 283.628967285156 283.621917724609 283.614868164062 283.607849121094 283.583648681641 283.553741455078 283.523864746094 283.493957519531 283.464050292969 283.434143066406 283.404266357422 283.373779296875 283.341613769531 283.309448242188 283.277282714844 283.2451171875
281.499176025391 281.387634277344 281.276092529297 281.164581298828 281.359191894531 281.655853271484 281.952545166016 282.249206542969 282.545867919922 282.842559814453 283.139221191406 283.374572753906 283.425903320312 283.477233886719 283.528594970703 283.579925537109 283.631256103516 283.682586669922 283.733947753906 283.740051269531 283.731079101562 283.722076416016 283.713104248047 283.704132080078 283.695159912109 283.686187744141 283.677215576172 283.668243408203 283.659240722656 283.650268554688 283.641296386719 283.63232421875 283.623352050781 283.614379882812 283.592590332031 283.566528320312 283.540496826172 283.514434814453 283.488372802734 283.462341308594 283.436279296875 283.410064697266 283.383361816406 283.356628417969 283.329895019531 283.303192138672
281.930419921875 281.832214355469 281.734008789062 281.635803222656 281.797698974609 282.046295166016 282.294921875 282.543518066406 282.792144775391 283.040740966797 283.289367675781 283.486755371094 283.530456542969 283.574188232422 283.617919921875 283.661651611328 283.705352783203 283.749084472656 283.792816162109 283.793365478516 283.779541015625 283.765716552734 283.751892089844 283.738067626953 283.724212646484 283.710388183594 283.697296142578 283.686401367188 283.675476074219 283.66455078125 283.653656005859 283.642730712891 283.6318359375 283.620910644531 283.601531982422 283.579315185547 283.55712890625 283.534912109375 283.512725830078 283.490509033203 283.468322753906 283.446350097656 283.425079345703 283.40380859375 283.382537841797 283.361267089844
282.361663818359 282.276794433594 282.19189453125 282.106994628906 282.236206054688 282.436737060547 282.637298583984 282.837829589844 283.038391113281 283.238952636719 283.439483642578 283.598937988281 283.635040283203 283.671142578125 283.707244873047 283.743347167969 283.779479980469 283.815582275391 283.851684570312 283.846710205078 283.828002929688 283.809326171875 283.790649414062 283.77197265625 283.753295898438 283.734619140625 283.717407226562 283.704528808594 283.691680908203 283.678833007812 283.665985107422 283.653137207031 283.640289306641 283.62744140625 283.610473632812 283.592102050781 283.573760986328 283.555389404297 283.537048339844 283.518707275391 283.500335693359 283.482604980469 283.466796875 283.450988769531 283.435150146484 283.419342041016
282.648620605469 282.582122802734 282.515625 282.449127197266 282.556884765625 282.722747802734 282.888580322266 283.054443359375 283.220275878906 283.386138916016 283.551971435547 283.682189941406 283.705444335938 283.728698730469 283.751983642578 283.775238037109 283.798492431641 283.821746826172 283.845031738281 283.833892822266 283.811248779297 283.788635253906 283.766021728516 283.743408203125 283.720794677734 283.698181152344 283.678497314453 283.667602539062 283.65673828125 283.645843505859 283.634979248047 283.624084472656 283.613220214844 283.602325439453 283.588439941406 283.573577880859 283.558685302734 283.543792724609 283.528900146484 283.514007568359 283.499145507812 283.484741210938 283.471832275391 283.458892822266 283.445983886719 283.433074951172
282.791229248047 282.748229980469 282.705200195312 282.662170410156 282.759796142578 282.904296875 283.048797607422 283.193298339844 283.337829589844 283.482330322266 283.626831054688 283.736511230469 283.74169921875 283.746887207031 283.752075195312 283.757263183594 283.762451171875 283.767639160156 283.772827148438 283.754913330078 283.729278564453 283.703643798828 283.678009033203 283.652374267578 283.626708984375 283.60107421875 283.580596923828 283.575592041016 283.570587158203 283.565612792969 283.560607910156 283.555603027344 283.550598144531 283.545593261719 283.535491943359 283.523681640625 283.511901855469 283.500091552734 283.48828125 283.476501464844 283.464691162109 283.452697753906 283.440124511719 283.427551269531 283.415008544922 283.402435302734
282.933868408203 282.914306640625 282.894775390625 282.875213623047 282.962707519531 283.085876464844 283.209014892578 283.332183837891 283.455352783203 283.578521728516 283.701690673828 283.790832519531 283.777954101562 283.765075683594 283.752197265625 283.739288330078 283.726409912109 283.713531494141 283.700653076172 283.675933837891 283.647277832031 283.618621826172 283.589965820312 283.561309814453 283.532653808594 283.503997802734 283.482727050781 283.483581542969 283.484466552734 283.4853515625 283.486206054688 283.487091064453 283.487976074219 283.488830566406 283.482543945312 283.473815917969 283.465118408203 283.456390380859 283.447692871094 283.43896484375 283.430267333984 283.420684814453 283.408447265625 283.396240234375 283.384002685547 283.371795654297
283.076477050781 283.080413818359 283.084320068359 283.088256835938 283.165588378906 283.267425537109 283.369232177734 283.471069335938 283.572875976562 283.674713134766 283.776519775391 283.845153808594 283.814208984375 283.783233642578 283.752288818359 283.721343994141 283.690399169922 283.659423828125 283.628479003906 283.596984863281 283.565307617188 283.533630371094 283.501922607422 283.470245361328 283.438568115234 283.406890869141 283.384826660156 283.391571044922 283.398345947266 283.405090332031 283.411834716797 283.418579101562 283.425354003906 283.432098388672 283.429565429688 283.423950195312 283.418334960938 283.412689208984 283.407073974609 283.401458740234 283.395812988281 283.388641357422 283.376770019531 283.364898681641 283.35302734375 283.341156005859
283.219116210938 283.246520996094 283.273895263672 283.301300048828 283.368499755859 283.448974609375 283.529449462891 283.609924316406 283.6904296875 283.770904541016 283.851379394531 283.899475097656 283.850463867188 283.801422119141 283.752410888672 283.703369140625 283.654357910156 283.605316162109 283.556304931641 283.518005371094 283.483306884766 283.448608398438 283.413909912109 283.379211425781 283.344512939453 283.309814453125 283.286926269531 283.299560546875 283.312194824219 283.324829101562 283.337463378906 283.35009765625 283.362731933594 283.375366210938 283.376617431641 283.374084472656 283.371520996094 283.368988037109 283.366455078125 283.363922119141 283.361389160156 283.356597900391 283.345092773438 283.333557128906 283.322052001953 283.310516357422
283.361724853516 283.41259765625 283.463470458984 283.514343261719 283.571411132812 283.630554199219 283.689666748047 283.748809814453 283.807952880859 283.867095947266 283.926239013672 283.953796386719 283.88671875 283.819610595703 283.752502441406 283.685394287109 283.618316650391 283.551208496094 283.484100341797 283.439056396484 283.401306152344 283.363586425781 283.325866699219 283.288146972656 283.250427246094 283.212707519531 283.189056396484 283.207550048828 283.22607421875 283.244567871094 283.263092041016 283.281585693359 283.300109863281 283.318603515625 283.323638916016 283.324188232422 283.324737548828 283.325286865234 283.325866699219 283.326416015625 283.326965332031 283.324584960938 283.313415527344 283.302215576172 283.291046142578 283.279876708984
283.394683837891 283.456207275391 283.517700195312 283.579223632812 283.630798339844 283.679077148438 283.727325439453 283.775604248047 283.823852539062 283.872131347656 283.920379638672 283.938446044922 283.865844726562 283.793273925781 283.720672607422 283.648101806641 283.575500488281 283.5029296875 283.430328369141 283.384643554688 283.347961425781 283.311248779297 283.274566650391 283.237854003906 283.201141357422 283.164459228516 283.142578125 283.165222167969 283.187835693359 283.21044921875 283.233093261719 283.255706787109 283.2783203125 283.300964355469 283.309295654297 283.312866210938 283.316467285156 283.320037841797 283.323638916016 283.327209472656 283.330780029297 283.330596923828 283.319091796875 283.307586669922 283.296051025391 283.284545898438
283.317962646484 283.377288818359 283.436645507812 283.495971679688 283.546691894531 283.594573974609 283.642425537109 283.690277099609 283.738159179688 283.786010742188 283.833862304688 283.853393554688 283.787902832031 283.722412109375 283.656921386719 283.591430664062 283.525939941406 283.46044921875 283.394958496094 283.354858398438 283.323211669922 283.291595458984 283.259948730469 283.228302001953 283.196685791016 283.1650390625 283.147552490234 283.172546386719 283.197509765625 283.222503662109 283.247467041016 283.272430419922 283.297424316406 283.322387695312 283.333557128906 283.340118408203 283.3466796875 283.353240966797 283.359802246094 283.366333007812 283.372894287109 283.374694824219 283.362152099609 283.349609375 283.337066650391 283.324523925781
283.241241455078 283.298400878906 283.355560302734 283.412719726562 283.462585449219 283.510070800781 283.557525634766 283.60498046875 283.652435302734 283.699890136719 283.747375488281 283.768371582031 283.7099609375 283.651550292969 283.593170166016 283.534759521484 283.476379394531 283.41796875 283.359558105469 283.325042724609 283.298492431641 283.271911621094 283.245330810547 283.218780517578 283.192199707031 283.165649414062 283.152526855469 283.179870605469 283.207183837891 283.234527587891 283.261840820312 283.289184570312 283.316497802734 283.343841552734 283.357818603516 283.367340087891 283.376892089844 283.386413574219 283.395935058594 283.405487060547 283.415008544922 283.418762207031 283.405212402344 283.391632080078 283.378051757812 283.364501953125
283.164520263672 283.219482421875 283.274475097656 283.329467773438 283.378509521484 283.425567626953 283.472625732422 283.519683837891 283.566741943359 283.613800048828 283.660858154297 283.683319091797 283.632019042969 283.580718994141 283.529418945312 283.478088378906 283.426788330078 283.37548828125 283.324188232422 283.295227050781 283.273742675781 283.252227783203 283.230743408203 283.209228515625 283.187713623047 283.166229248047 283.157531738281 283.187194824219 283.216888427734 283.246551513672 283.276245117188 283.305908203125 283.335601806641 283.365264892578 283.382080078125 283.394592285156 283.407104492188 283.419586181641 283.432098388672 283.444610595703 283.457122802734 283.462860107422 283.448272705078 283.433654785156 283.419067382812 283.404449462891
283.087768554688 283.140594482422 283.193389892578 283.246185302734 283.294403076172 283.341033935547 283.3876953125 283.434356689453 283.481018066406 283.527679443359 283.574340820312 283.598266601562 283.554077148438 283.509857177734 283.465637207031 283.421447753906 283.377227783203 283.3330078125 283.288818359375 283.265441894531 283.248992919922 283.232574462891 283.216125488281 283.199676513672 283.183258056641 283.166809082031 283.162506103516 283.194519042969 283.2265625 283.258575439453 283.290618896484 283.322662353516 283.354675292969 283.38671875 283.406341552734 283.421813964844 283.437316894531 283.452789306641 283.46826171875 283.483764648438 283.499237060547 283.506927490234 283.491302490234 283.475677490234 283.460052490234 283.444427490234
283.011047363281 283.061676025391 283.1123046875 283.162933349609 283.210296630859 283.256530761719 283.302795410156 283.349060058594 283.395294189453 283.441558837891 283.487823486328 283.513214111328 283.476104736328 283.438995361328 283.401885986328 283.364776611328 283.327667236328 283.290557861328 283.253448486328 283.235626220703 283.224273681641 283.212890625 283.201507568359 283.190155029297 283.178771972656 283.167419433594 283.16748046875 283.201843261719 283.236236572266 283.270629882812 283.304992675781 283.339385986328 283.373779296875 283.408142089844 283.430603027344 283.449066162109 283.467498779297 283.485961914062 283.504425048828 283.522888183594 283.541351318359 283.551025390625 283.534362792969 283.517700195312 283.501068115234 283.484405517578
283.027893066406 283.072875976562 283.117889404297 283.162872314453 283.205505371094 283.247375488281 283.289245605469 283.331085205078 283.372955322266 283.414825439453 283.456695556641 283.479888916016 283.447143554688 283.414398193359 283.381652832031 283.348937988281 283.316192626953 283.283447265625 283.250701904297 283.234191894531 283.223114013672 283.212036132812 283.200958251953 283.189880371094 283.178802490234 283.167724609375 283.168426513672 283.204467773438 283.240478515625 283.276489257812 283.3125 283.348510742188 283.384521484375 283.420562744141 283.445037841797 283.465698242188 283.486358642578 283.507019042969 283.527679443359 283.54833984375 283.569000244141 283.580291748047 283.5634765625 283.546691894531 283.529876708984 283.513092041016
283.138336181641 283.174194335938 283.210083007812 283.245971679688 283.280059814453 283.313537597656 283.347015380859 283.380493164062 283.413970947266 283.447448730469 283.480926513672 283.498260498047 283.467163085938 283.436065673828 283.404968261719 283.373870849609 283.3427734375 283.311676025391 283.280578613281 283.261138916016 283.24560546875 283.230041503906 283.214477539062 283.198944091797 283.183380126953 283.167816162109 283.165374755859 283.202331542969 283.2392578125 283.276184082031 283.313110351562 283.350036621094 283.386962890625 283.423919677734 283.44970703125 283.471771240234 283.493865966797 283.515930175781 283.537994384766 283.560089111328 283.582153320312 283.594696044922 283.578643798828 283.562591552734 283.546508789062 283.530456542969
