resources/Exp000_Example-Run/Run01_M2/TimeSeries/2005/selection_set/tsurf_avg.asc
NCOLS 265 
NROWS 230 
XLLCORNER -115.5625 
YLLCORNER 24.8333333333333 
CELLSIZE 0.0833333333333333 
NODATA_value -9999 
[rows 120 to 139 of 230, columns 92 to 137 of 265]
284.28857421875 284.445892333984 284.603240966797 284.760559082031 284.917907714844 285.265563964844 285.676696777344 286.087799072266 286.498931884766 286.910034179688 287.321166992188 287.732269287109 287.996337890625 287.819305419922 287.642242431641 287.465209960938 287.288146972656 287.111114501953 286.934051513672 286.757019042969 286.642944335938 286.549835205078 286.456726074219 286.363647460938 286.270538330078 286.177459716797 286.084350585938 286.090057373047 286.392211914062 286.6943359375 286.996459960938 287.298583984375 287.600738525391 287.902862548828 288.204986572266 288.428070068359 288.624755859375 288.821441650391 289.018157958984 289.21484375 289.411560058594 289.608245849609 289.736663818359 289.660247802734 289.583831787109 289.507415771484
284.374633789062 284.584838867188 284.795043945312 285.005249023438 285.215454101562 285.574584960938 285.9833984375 286.392181396484 286.800964355469 287.209777832031 287.618560791016 288.02734375 288.290191650391 288.115203857422 287.940185546875 287.765197753906 287.590179443359 287.415191650391 287.240203857422 287.065185546875 286.921447753906 286.788116455078 286.65478515625 286.521484375 286.388153076172 286.254821777344 286.121490478516 286.100341796875 286.415679931641 286.731048583984 287.04638671875 287.361755371094 287.677093505859 287.992462158203 288.307800292969 288.539245605469 288.742706298828 288.946166992188 289.149597167969 289.353057861328 289.556518554688 289.759979248047 289.891235351562 289.805847167969 289.720489501953 289.635101318359
284.460723876953 284.723785400391 284.986846923828 285.249938964844 285.513000488281 285.883636474609 286.290100097656 286.696563720703 287.10302734375 287.509490966797 287.915954589844 288.322418212891 288.584014892578 288.411071777344 288.238128662109 288.065185546875 287.892211914062 287.719268798828 287.546325683594 287.373382568359 287.199981689453 287.026428222656 286.852844238281 286.679290771484 286.505737304688 286.332183837891 286.158630371094 286.110595703125 286.439178466797 286.767761230469 287.096313476562 287.424896240234 287.753479003906 288.08203125 288.410614013672 288.650421142578 288.860626220703 289.070861816406 289.281066894531 289.491302490234 289.701507568359 289.911743164062 290.045806884766 289.951446533203 289.857116699219 289.762756347656
284.546783447266 284.862731933594 285.178680419922 285.49462890625 285.810546875 286.192657470703 286.596801757812 287.000915527344 287.405059814453 287.809204101562 288.213348388672 288.617492675781 288.877868652344 288.706970214844 288.536071777344 288.365173339844 288.194244384766 288.023345947266 287.852447509766 287.681549072266 287.478485107422 287.264709472656 287.050903320312 286.837127685547 286.623352050781 286.409545898438 286.195770263672 286.120880126953 286.462677001953 286.804473876953 287.146240234375 287.488037109375 287.829833984375 288.171630859375 288.513427734375 288.761596679688 288.978576660156 289.195556640625 289.412536621094 289.629516601562 289.846496582031 290.0634765625 290.200378417969 290.097076416016 289.993743896484 289.890441894531
284.632873535156 285.001678466797 285.370483398438 285.739288330078 286.108123779297 286.501678466797 286.903503417969 287.305297851562 287.707122802734 288.108917236328 288.5107421875 288.912567138672 289.171691894531 289.002838134766 288.833984375 288.665130615234 288.496276855469 288.327423095703 288.158569335938 287.989715576172 287.757019042969 287.502990722656 287.248962402344 286.994964599609 286.740936279297 286.486938476562 286.23291015625 286.131164550781 286.486175537109 286.841186523438 287.196197509766 287.551177978516 287.906188964844 288.261199951172 288.6162109375 288.872772216797 289.096527099609 289.320251464844 289.544006347656 289.767730712891 289.991455078125 290.215209960938 290.354949951172 290.24267578125 290.130401611328 290.018127441406
284.718933105469 285.140625 285.562316894531 285.983978271484 286.405670166016 286.810699462891 287.210174560547 287.609680175781 288.009155273438 288.408660888672 288.808135986328 289.207611083984 289.465545654297 289.298736572266 289.131927490234 288.965118408203 288.798309326172 288.631530761719 288.464721679688 288.297912597656 288.035522460938 287.741271972656 287.447021484375 287.152801513672 286.858551025391 286.564300537109 286.270050048828 286.141418457031 286.509643554688 286.877899169922 287.246124267578 287.614349365234 287.982574462891 288.350799560547 288.719024658203 288.983947753906 289.214447021484 289.444946289062 289.675445556641 289.905944824219 290.136444091797 290.366943359375 290.509521484375 290.388275146484 290.267028808594 290.145782470703
284.886077880859 285.347564697266 285.809051513672 286.270568847656 286.732055664062 287.125579833984 287.496429443359 287.867279052734 288.238159179688 288.609008789062 288.979858398438 289.350738525391 289.591094970703 289.440032958984 289.288940429688 289.137878417969 288.986785888672 288.835723876953 288.684631347656 288.533569335938 288.252838134766 287.928863525391 287.604919433594 287.280944824219 286.957000732422 286.633026123047 286.30908203125 286.160186767578 286.536529541016 286.912902832031 287.289245605469 287.665588378906 288.041931152344 288.418304443359 288.794647216797 289.067077636719 289.304870605469 289.542663574219 289.780487060547 290.018280029297 290.256072998047 290.493865966797 290.640960693359 290.515930175781 290.390869140625 290.265838623047
285.134246826172 285.622497558594 286.110748291016 286.599029541016 287.087280273438 287.4462890625 287.76220703125 288.078155517578 288.394073486328 288.709991455078 289.025939941406 289.341857910156 289.548400878906 289.426727294922 289.305053710938 289.183380126953 289.061706542969 288.940032958984 288.818389892578 288.696716308594 288.408905029297 288.065765380859 287.722595214844 287.379425048828 287.036285400391 286.693115234375 286.349945068359 286.187438964844 286.566802978516 286.946197509766 287.325561523438 287.704956054688 288.084320068359 288.463714599609 288.843078613281 289.122161865234 289.367797851562 289.613433837891 289.859069824219 290.104705810547 290.350341796875 290.595977783203 290.749298095703 290.625610351562 290.501922607422 290.378265380859
285.382415771484 285.897430419922 286.412445068359 286.927490234375 287.442504882812 287.766998291016 288.028015136719 288.289001464844 288.549987792969 288.811004638672 289.071990966797 289.332977294922 289.505676269531 289.413421630859 289.321166992188 289.228881835938 289.136627197266 289.044372558594 288.952117919922 288.859832763672 288.565002441406 288.20263671875 287.840301513672 287.477935791016 287.115570068359 286.753204345703 286.390838623047 286.214660644531 286.597076416016 286.9794921875 287.361877441406 287.744293212891 288.126708984375 288.509124755859 288.891510009766 289.177215576172 289.430694580078 289.684173583984 289.937652587891 290.191131591797 290.444610595703 290.698089599609 290.857635498047 290.735321044922 290.613006591797 290.490692138672
285.630584716797 286.17236328125 286.714172363281 287.255950927734 287.797729492188 288.087707519531 288.293792724609 288.499847412109 288.705932617188 288.911987304688 289.118072509766 289.324127197266 289.462951660156 289.400115966797 289.337249755859 289.2744140625 289.211547851562 289.148681640625 289.085845947266 289.022979736328 288.721099853516 288.339538574219 287.957977294922 287.576416015625 287.194854736328 286.813293457031 286.431732177734 286.241912841797 286.627349853516 287.012786865234 287.398223876953 287.783660888672 288.169097900391 288.554534912109 288.939971923828 289.232299804688 289.493621826172 289.754943847656 290.016265869141 290.277587890625 290.538879394531 290.800201416016 290.965972900391 290.845001220703 290.724060058594 290.603118896484
285.878753662109 286.447326660156 287.015869140625 287.584411621094 288.152954101562 288.408447265625 288.5595703125 288.710723876953 288.861846923828 289.012969970703 289.164123535156 289.315246582031 289.420257568359 289.386810302734 289.353363037109 289.319915771484 289.286468505859 289.253021240234 289.219573974609 289.186126708984 288.877197265625 288.476440429688 288.075653076172 287.674896240234 287.274139404297 286.873382568359 286.472595214844 286.269165039062 286.657623291016 287.046081542969 287.434539794922 287.822998046875 288.211456298828 288.599945068359 288.988403320312 289.287384033203 289.556549072266 289.82568359375 290.094848632812 290.364013671875 290.633148193359 290.902313232422 291.074279785156 290.954711914062 290.835113525391 290.715515136719
286.126953125 286.722259521484 287.317565917969 287.912872314453 288.508178710938 288.729156494141 288.825347900391 288.921569824219 289.017761230469 289.113983154297 289.210174560547 289.306396484375 289.377532958984 289.373504638672 289.369445800781 289.365417480469 289.361389160156 289.357330322266 289.353302001953 289.349273681641 289.033294677734 288.613311767578 288.193359375 287.773376464844 287.353424072266 286.933471679688 286.513488769531 286.29638671875 286.687896728516 287.079376220703 287.470855712891 287.862365722656 288.253845214844 288.645355224609 289.036834716797 289.342437744141 289.619445800781 289.896453857422 290.173431396484 290.450439453125 290.727447509766 291.004425048828 291.1826171875 291.064392089844 290.946166992188 290.827941894531
286.521606445312 287.092712402344 287.663818359375 288.234954833984 288.806060791016 288.999938964844 289.068115234375 289.136260986328 289.204406738281 289.272552490234 289.340698242188 289.408843994141 289.460144042969 289.460845947266 289.461578369141 289.462280273438 289.463012695312 289.463714599609 289.464447021484 289.465148925781 289.152160644531 288.734588623047 288.317016601562 287.899475097656 287.481903076172 287.064331054688 286.646759033203 286.427703857422 286.804168701172 287.180603027344 287.557037353516 287.933502197266 288.309936523438 288.686401367188 289.062835693359 289.367858886719 289.649047851562 289.930236816406 290.21142578125 290.492614746094 290.773803710938 291.054992675781 291.239166259766 291.132232666016 291.025329589844 290.918395996094
287.062713623047 287.558685302734 288.054656982422 288.550659179688 289.046630859375 289.220825195312 289.287811279297 289.354766845703 289.421752929688 289.488708496094 289.5556640625 289.622650146484 289.668060302734 289.648895263672 289.629699707031 289.610504150391 289.591339111328 289.572143554688 289.552978515625 289.533782958984 289.233825683594 288.840240478516 288.446685791016 288.053131103516 287.659545898438 287.265991210938 286.872436523438 286.6630859375 287.006439208984 287.349761962891 287.693084716797 288.036437988281 288.379760742188 288.723114013672 289.066436767578 289.363586425781 289.645324707031 289.927062988281 290.208801269531 290.490539550781 290.772277832031 291.054016113281 291.243896484375 291.158233642578 291.072570800781 290.986907958984
287.603851318359 288.024688720703 288.445526123047 288.866363525391 289.287170410156 289.441741943359 289.507507324219 289.573303222656 289.639068603516 289.704864501953 289.770629882812 289.83642578125 289.8759765625 289.8369140625 289.797821044922 289.758758544922 289.719665527344 289.680572509766 289.641510009766 289.602416992188 289.315490722656 288.945922851562 288.576354980469 288.206787109375 287.837219238281 287.467651367188 287.098083496094 286.898468017578 287.208709716797 287.518920898438 287.829132080078 288.139373779297 288.449584960938 288.759826660156 289.070037841797 289.359313964844 289.6416015625 289.923889160156 290.206176757812 290.488464355469 290.770721435547 291.053009033203 291.248626708984 291.184234619141 291.119812011719 291.055389404297
288.144958496094 288.490661621094 288.836364746094 289.182037353516 289.527740478516 289.662628173828 289.727203369141 289.791809082031 289.856414794922 289.921020507812 289.985595703125 290.050201416016 290.083892822266 290.024932861328 289.965942382812 289.906982421875 289.847991943359 289.789001464844 289.730041503906 289.671051025391 289.397125244141 289.051574707031 288.706024169922 288.360443115234 288.014892578125 287.669311523438 287.323760986328 287.133850097656 287.410980224609 287.688079833984 287.965179443359 288.242309570312 288.519409179688 288.796508789062 289.073638916016 289.355041503906 289.637878417969 289.920715332031 290.203521728516 290.486358642578 290.769195556641 291.052032470703 291.253387451172 291.210205078125 291.167053222656 291.123901367188
288.686096191406 288.956634521484 289.227203369141 289.497741699219 289.768310546875 289.883514404297 289.946929931641 290.010345458984 290.073760986328 290.137145996094 290.200561523438 290.263977050781 290.291839599609 290.212951660156 290.134063720703 290.055206298828 289.976318359375 289.897430419922 289.818572998047 289.739685058594 289.478790283203 289.1572265625 288.835662841797 288.514099121094 288.192535400391 287.870971679688 287.549407958984 287.369232177734 287.613250732422 287.857238769531 288.101226806641 288.345245361328 288.589233398438 288.833221435547 289.077209472656 289.350769042969 289.634155273438 289.917510986328 290.200897216797 290.484283447266 290.767669677734 291.051055908203 291.258117675781 291.236206054688 291.214294433594 291.1923828125
289.227233886719 289.422637939453 289.618041992188 289.813446044922 290.008880615234 290.104400634766 290.166625976562 290.228851318359 290.291076660156 290.353302001953 290.41552734375 290.477783203125 290.499755859375 290.400970458984 290.302185058594 290.203430175781 290.104644775391 290.005859375 289.907104492188 289.808319091797 289.560455322266 289.262908935547 288.96533203125 288.667755126953 288.370208740234 288.072631835938 287.775085449219 287.604614257812 287.815521240234 288.026397705078 288.237274169922 288.448150634766 288.659057617188 288.869934082031 289.080810546875 289.346496582031 289.630401611328 289.914337158203 290.198272705078 290.482208251953 290.766143798828 291.050079345703 291.262847900391 291.26220703125 291.261535644531 291.260864257812
289.607238769531 289.760681152344 289.914154052734 290.067596435547 290.221069335938 290.300994873047 290.3564453125 290.411895751953 290.467315673828 290.522766113281 290.578186035156 290.633636474609 290.648559570312 290.541931152344 290.435333251953 290.328704833984 290.222106933594 290.115478515625 290.008880615234 289.902282714844 289.670532226562 289.397125244141 289.123687744141 288.850250244141 288.576812744141 288.303375244141 288.029968261719 287.870361328125 288.052307128906 288.234252929688 288.416198730469 288.598114013672 288.780059814453 288.962005615234 289.143951416016 289.396453857422 289.672515869141 289.948547363281 290.224578857422 290.500640869141 290.776672363281 291.052734375 291.265167236328 291.286834716797 291.308502197266 291.330169677734
289.826110839844 289.970794677734 290.115509033203 290.260192871094 290.404876708984 290.473327636719 290.516387939453 290.559417724609 290.602447509766 290.6455078125 290.688537597656 290.731567382812 290.738250732422 290.635864257812 290.533477783203 290.431091308594 290.328704833984 290.226287841797 290.123901367188 290.021514892578 289.809051513672 289.559875488281 289.310699462891 289.061553955078 288.812377929688 288.563201904297 288.314056396484 288.166442871094 288.323608398438 288.480773925781 288.637939453125 288.795104980469 288.952270507812 289.109436035156 289.2666015625 289.500701904297 289.760406494141 290.020141601562 290.279846191406 290.539581298828 290.799285888672 291.059020996094 291.265075683594 291.310119628906 291.355163574219 291.400238037109
