data/working_set_collections/6091692-Cassins_Sparrow-M2/2015/albedo_avg.asc
NCOLS 265 
NROWS 230 
XLLCORNER -115.5625 
YLLCORNER 24.8333333333333 
CELLSIZE 0.0833333333333333 
NODATA_value -9999 
[rows 100 to 119 of 230, columns 44 to 87 of 265]
0.164269536733627 0.171985521912575 0.179701507091522 0.18741749227047 0.195133477449417 0.202849462628365 0.210565447807312 0.218281432986259 0.223992198705673 0.229034528136253 0.234076872467995 0.239119216799736 0.244161561131477 0.249203905463219 0.254246234893799 0.256810307502747 0.251939594745636 0.247068852186203 0.242198124527931 0.237327396869659 0.232456669211388 0.227585941553116 0.222715198993683 0.218406647443771 0.214285492897034 0.210164323449135 0.206043168902397 0.201921999454498 0.197800844907761 0.193679675459862 0.190746665000916 0.191378101706505 0.192009538412094 0.192640975117683 0.193272411823273 0.193903848528862 0.194535285234451 0.195166721940041 0.197864979505539 0.201252207159996 0.204639419913292 0.208026632666588 0.211413860321045 0.214801073074341
0.158468574285507 0.164938047528267 0.171407505869865 0.177876964211464 0.184346422553062 0.190815880894661 0.197285339236259 0.203754797577858 0.210887014865875 0.218240156769753 0.225593283772469 0.232946425676346 0.240299567580223 0.247652694582939 0.255005836486816 0.259206861257553 0.253951609134674 0.248696342110634 0.243441075086594 0.238185808062553 0.232930555939674 0.227675288915634 0.222420021891594 0.217979222536087 0.213809922337532 0.209640622138977 0.205471307039261 0.201302006840706 0.19713269174099 0.192963391542435 0.189782455563545 0.189566642045975 0.189350828528404 0.189135015010834 0.188919186592102 0.188703373074532 0.188487559556961 0.188271746039391 0.190646439790726 0.193884655833244 0.197122856974602 0.200361058115959 0.203599274158478 0.206837475299835
0.154168710112572 0.159921586513519 0.165674462914467 0.171427354216576 0.177180230617523 0.182933107018471 0.18868599832058 0.194438874721527 0.202231466770172 0.210703983902931 0.219176486134529 0.227648988366127 0.236121490597725 0.244593992829323 0.253066509962082 0.258189529180527 0.25326418876648 0.248338848352432 0.243413493037224 0.238488137722015 0.233562797307968 0.22863744199276 0.223712101578712 0.2193553596735 0.215188175439835 0.211020991206169 0.206853806972504 0.202686607837677 0.198519423604012 0.194352239370346 0.190972313284874 0.189954191446304 0.188936069607735 0.187917947769165 0.186899840831757 0.185881718993187 0.184863597154617 0.183845475316048 0.185662448406219 0.188424468040466 0.191186487674713 0.193948492407799 0.196710512042046 0.199472531676292
0.151369914412498 0.156936153769493 0.162502408027649 0.168068662285805 0.173634916543961 0.179201155900955 0.184767410159111 0.190333664417267 0.198025554418564 0.20642600953579 0.214826449751854 0.22322690486908 0.231627345085144 0.24002780020237 0.248428240418434 0.25375834107399 0.249877348542213 0.245996356010437 0.242115378379822 0.238234385848045 0.234353393316269 0.230472415685654 0.226591423153877 0.222535073757172 0.218420252203941 0.214305445551872 0.210190638899803 0.206075817346573 0.201961010694504 0.197846204042435 0.194316223263741 0.192540749907494 0.190765276551247 0.188989803195 0.187214329838753 0.185438856482506 0.183663383126259 0.181887909770012 0.182913020253181 0.184871658682823 0.186830297112465 0.188788935542107 0.19074758887291 0.192706227302551
0.148571118712425 0.153950735926628 0.159330353140831 0.164709970355034 0.170089587569237 0.17546920478344 0.180848821997643 0.186228454113007 0.193819642066956 0.202148035168648 0.21047642827034 0.218804821372032 0.227133214473724 0.235461592674255 0.243789985775948 0.249327123165131 0.246490508317947 0.243653878569603 0.240817248821259 0.237980619072914 0.235144004225731 0.232307374477386 0.229470744729042 0.225714772939682 0.221652328968048 0.217589899897575 0.213527470827103 0.20946504175663 0.205402597784996 0.201340168714523 0.197660133242607 0.195127308368683 0.192594483494759 0.190061658620834 0.187528818845749 0.184995993971825 0.1824631690979 0.179930344223976 0.180163577198982 0.18131884932518 0.182474121451378 0.183629378676414 0.184784650802612 0.18593992292881
0.145772308111191 0.150965303182602 0.156158298254013 0.161351278424263 0.166544273495674 0.171737253665924 0.176930248737335 0.182123228907585 0.189613729715347 0.197870060801506 0.206126406788826 0.214382737874985 0.222639068961143 0.230895400047302 0.239151731133461 0.244895920157433 0.24310365319252 0.241311386227608 0.239519134163857 0.237726867198944 0.235934600234032 0.234142333269119 0.232350081205368 0.228894472122192 0.224884420633316 0.220874354243279 0.216864302754402 0.212854251265526 0.208844199776649 0.204834133386612 0.201004058122635 0.197713866829872 0.194423690438271 0.191133499145508 0.187843322753906 0.184553131461143 0.181262955069542 0.177972763776779 0.177414149045944 0.177766039967537 0.17811793088913 0.178469821810722 0.178821727633476 0.179173618555069
0.142973512411118 0.147979870438576 0.152986228466034 0.157992586493492 0.16299894452095 0.168005302548409 0.173011660575867 0.178018018603325 0.185407817363739 0.193592101335526 0.201776370406151 0.209960654377937 0.218144923448563 0.226329207420349 0.234513476490974 0.240464717149734 0.239716812968254 0.238968908786774 0.238221004605293 0.237473100423813 0.236725211143494 0.235977306962013 0.235229402780533 0.232074171304703 0.228116497397423 0.224158808588982 0.220201134681702 0.216243460774422 0.212285786867142 0.208328112959862 0.204347968101501 0.200300425291061 0.196252897381783 0.192205354571342 0.188157811760902 0.184110283851624 0.180062741041183 0.176015198230743 0.174664705991745 0.174213230609894 0.173761755228043 0.17331026494503 0.172858789563179 0.172407314181328
0.140174716711044 0.144994452595711 0.149814173579216 0.154633894562721 0.159453630447388 0.164273351430893 0.169093087315559 0.173912808299065 0.181201905012131 0.189314126968384 0.197426348924637 0.20553857088089 0.213650777935982 0.221762999892235 0.229875221848488 0.236033499240875 0.236329957842827 0.23662643134594 0.236922889947891 0.237219348549843 0.237515807151794 0.237812265753746 0.238108724355698 0.235253870487213 0.23134857416153 0.227443277835846 0.223537966609001 0.219632670283318 0.215727373957634 0.21182207763195 0.207691878080368 0.202886983752251 0.198082089424133 0.193277195096016 0.18847231566906 0.183667421340942 0.178862527012825 0.174057632684708 0.171915262937546 0.170660421252251 0.169405564665794 0.168150708079338 0.166895866394043 0.165641009807587
0.139694914221764 0.143854454159737 0.14801399409771 0.152173534035683 0.156333073973656 0.160492613911629 0.164652153849602 0.168811693787575 0.175747275352478 0.183608204126358 0.191469132900238 0.199330061674118 0.207191005349159 0.215051934123039 0.222912862896919 0.229043498635292 0.229983255267143 0.230923011898994 0.231862768530846 0.232802510261536 0.233742266893387 0.234682023525238 0.235621780157089 0.233194530010223 0.229644939303398 0.226095348596573 0.222545757889748 0.218996167182922 0.215446576476097 0.211896985769272 0.208013758063316 0.203129649162292 0.198245525360107 0.193361416459084 0.188477292656898 0.183593168854713 0.17870905995369 0.173824936151505 0.171300202608109 0.169561937451363 0.167823657393456 0.16608539223671 0.164347112178802 0.162608847022057
0.141534090042114 0.144559875130653 0.147585675120354 0.150611475110054 0.153637275099754 0.156663075089455 0.159688860177994 0.162714660167694 0.169043928384781 0.176474332809448 0.183904752135277 0.191335156559944 0.198765575885773 0.20619598031044 0.213626399636269 0.219494700431824 0.220676675438881 0.221858665347099 0.223040640354156 0.224222615361214 0.225404590368271 0.226586565375328 0.227768555283546 0.225896134972572 0.223005577921867 0.220115035772324 0.217224478721619 0.214333936572075 0.21144337952137 0.208552837371826 0.205313622951508 0.201028406620026 0.196743190288544 0.192457973957062 0.18817275762558 0.183887541294098 0.179602339863777 0.175317123532295 0.172819510102272 0.170917764306068 0.169016033411026 0.167114287614822 0.165212541818619 0.163310810923576
0.143373265862465 0.145265311002731 0.147157371044159 0.149049431085587 0.150941476225853 0.152833536267281 0.154725581407547 0.156617641448975 0.162340566515923 0.169340461492538 0.176340356469154 0.18334025144577 0.190340146422386 0.197340041399002 0.204339936375618 0.209945902228355 0.21137011051178 0.212794303894043 0.214218512177467 0.215642720460892 0.217066913843155 0.218491122126579 0.219915330410004 0.218597739934921 0.216366231441498 0.214134722948074 0.211903214454651 0.209671705961227 0.207440197467804 0.20520868897438 0.202613472938538 0.198927164077759 0.19524085521698 0.191554546356201 0.187868237495422 0.184181928634644 0.180495604872704 0.176809296011925 0.174338817596436 0.172273606061935 0.170208394527435 0.168143182992935 0.166077971458435 0.164012774825096
0.145212441682816 0.145970746874809 0.146729066967964 0.147487372159958 0.148245677351952 0.149003997445107 0.1497623026371 0.150520607829094 0.155637219548225 0.162206590175629 0.168775975704193 0.175345346331596 0.181914716959 0.188484087586403 0.195053473114967 0.200397104024887 0.202063530683517 0.203729957342148 0.205396384000778 0.207062810659409 0.208729237318039 0.210395663976669 0.2120620906353 0.21129934489727 0.209726884961128 0.208154410123825 0.206581950187683 0.20500947535038 0.203437000513077 0.201864540576935 0.199913337826729 0.196825921535492 0.193738520145416 0.190651103854179 0.187563702464104 0.184476301074028 0.181388884782791 0.178301483392715 0.175858125090599 0.173629447817802 0.171400770545006 0.169172093272209 0.166943415999413 0.164714738726616
0.147051617503166 0.146676182746887 0.146300747990608 0.145925313234329 0.145549893379211 0.145174458622932 0.144799023866653 0.144423589110374 0.148933872580528 0.15507273375988 0.161211580038071 0.167350441217422 0.173489287495613 0.179628148674965 0.185767009854317 0.190848305821419 0.192756965756416 0.194665610790253 0.196574255824089 0.198482915759087 0.200391560792923 0.202300220727921 0.204208865761757 0.20400096476078 0.203087523579597 0.202174097299576 0.201260671019554 0.200347244739532 0.199433818459511 0.198520392179489 0.197213187813759 0.194724678993225 0.192236185073853 0.189747676253319 0.187259167432785 0.184770673513412 0.182282164692879 0.179793655872345 0.177377432584763 0.174985274672508 0.172593131661415 0.170200988650322 0.167808845639229 0.165416702628136
0.148890793323517 0.147381618618965 0.145872443914413 0.144363269209862 0.14285409450531 0.141344919800758 0.139835745096207 0.138326570391655 0.142230525612831 0.14793886244297 0.153647199273109 0.159355536103249 0.165063872933388 0.170772194862366 0.176480531692505 0.18129950761795 0.183450385928154 0.185601264238358 0.187752142548561 0.189903005957603 0.192053884267807 0.194204762578011 0.196355640888214 0.196702569723129 0.196448177099228 0.196193784475327 0.195939406752586 0.195685014128685 0.195430621504784 0.195176243782043 0.19451305270195 0.192623451352119 0.190733850002289 0.188844248652458 0.186954647302628 0.185065045952797 0.183175444602966 0.181285843253136 0.178896725177765 0.176341116428375 0.173785507678986 0.171229884028435 0.168674275279045 0.166118666529655
0.150287851691246 0.148128405213356 0.145968943834305 0.143809482455254 0.141650021076202 0.139490559697151 0.1373310983181 0.135171636939049 0.138390228152275 0.143401488661766 0.148412749171257 0.153424009680748 0.158435270190239 0.16344653069973 0.168457806110382 0.172743991017342 0.174854978919029 0.176965951919556 0.179076939821243 0.18118791282177 0.183298900723457 0.185409888625145 0.187520861625671 0.188157737255096 0.188303232192993 0.18844872713089 0.188594236969948 0.188739731907845 0.188885226845741 0.189030736684799 0.188774675130844 0.187313959002495 0.185853242874146 0.184392526745796 0.182931810617447 0.181471094489098 0.180010363459587 0.178549647331238 0.176654249429703 0.174613952636719 0.172573655843735 0.170533359050751 0.168493062257767 0.166452765464783
0.151242807507515 0.148916527628899 0.146590247750282 0.144263952970505 0.141937673091888 0.139611393213272 0.137285113334656 0.134958833456039 0.13741298019886 0.141460612416267 0.145508244633675 0.149555876851082 0.15360352396965 0.157651156187057 0.161698788404465 0.165181756019592 0.166970729827881 0.168759688735008 0.170548662543297 0.172337636351585 0.174126595258713 0.175915569067001 0.17770454287529 0.178366452455521 0.178652688860893 0.178938925266266 0.179225161671638 0.179511398077011 0.179797634482384 0.180083870887756 0.179998084902763 0.178796231746674 0.177594363689423 0.176392510533333 0.175190657377243 0.173988804221153 0.172786951065063 0.171585097908974 0.170649975538254 0.169803783297539 0.168957591056824 0.168111398816109 0.167265206575394 0.166419014334679
0.152197748422623 0.149704650044441 0.147211536765099 0.144718438386917 0.142225325107574 0.139732226729393 0.13723911345005 0.134746015071869 0.136435732245445 0.13951975107193 0.142603754997253 0.145687758922577 0.1487717628479 0.151855766773224 0.154939770698547 0.157619521021843 0.159086480736732 0.160553425550461 0.16202038526535 0.16348734498024 0.164954304695129 0.166421264410019 0.167888209223747 0.168575182557106 0.169002160429955 0.169429123401642 0.16985610127449 0.170283064246178 0.170710042119026 0.171137005090714 0.171221479773521 0.170278489589691 0.169335499405861 0.168392509222031 0.167449504137039 0.166506513953209 0.165563523769379 0.164620533585548 0.164645716547966 0.16499362885952 0.165341541171074 0.165689453482628 0.166037365794182 0.166385263204575
0.153152704238892 0.150492772459984 0.147832840681076 0.145172908902168 0.14251297712326 0.139853060245514 0.137193128466606 0.134533196687698 0.135458499193192 0.137578874826431 0.139699250459671 0.141819626092911 0.14394000172615 0.14606037735939 0.148180767893791 0.150057286024094 0.151202231645584 0.152347162365913 0.153492107987404 0.154637053608894 0.155781999230385 0.156926944851875 0.158071890473366 0.158783912658691 0.159351617097855 0.159919321537018 0.160487025976181 0.161054730415344 0.161622434854507 0.162190139293671 0.162444889545441 0.16176076233387 0.161076620221138 0.160392493009567 0.159708365797997 0.159024238586426 0.158340096473694 0.157655969262123 0.158641442656517 0.16018345952034 0.161725476384163 0.163267493247986 0.164809510111809 0.166351526975632
0.154107645153999 0.151280894875526 0.148454144597054 0.145627394318581 0.142800644040108 0.139973878860474 0.137147128582001 0.134320378303528 0.134481251239777 0.135637998580933 0.136794745922089 0.137951493263245 0.139108255505562 0.140265002846718 0.141421750187874 0.142495051026344 0.143317982554436 0.144140914082527 0.144963845610619 0.14578677713871 0.146609708666801 0.147432640194893 0.148255571722984 0.148992627859116 0.149701073765755 0.150409519672394 0.151117950677872 0.151826396584511 0.15253484249115 0.153243273496628 0.15366829931736 0.153243020176888 0.152817755937576 0.152392491698265 0.151967212557793 0.151541948318481 0.151116669178009 0.150691404938698 0.152637183666229 0.15537329018116 0.158109411597252 0.160845533013344 0.163581654429436 0.166317775845528
0.155062600970268 0.152069017291069 0.149075448513031 0.146081864833832 0.143088296055794 0.140094712376595 0.137101143598557 0.134107559919357 0.133504003286362 0.133697137236595 0.133890256285667 0.13408337533474 0.134276494383812 0.134469613432884 0.134662732481956 0.134932801127434 0.135433733463287 0.13593465089798 0.136435568332672 0.136936485767365 0.137437403202057 0.137938320636749 0.138439238071442 0.139201357960701 0.140050530433655 0.140899702906609 0.141748890280724 0.142598062753677 0.143447235226631 0.144296422600746 0.144891694188118 0.144725292921066 0.144558876752853 0.144392475485802 0.14422607421875 0.144059658050537 0.143893256783485 0.143726840615273 0.14663290977478 0.150563135743141 0.154493361711502 0.158423572778702 0.162353798747063 0.166284024715424
