data/working_set_collections/6091692-Cassins_Sparrow-M2/2015/albedo_avg.asc
NCOLS 265 
NROWS 230 
XLLCORNER -115.5625 
YLLCORNER 24.8333333333333 
CELLSIZE 0.0833333333333333 
NODATA_value -9999 
[rows 200 to 219 of 230, columns 44 to 87 of 265]
-9999 -9999 -9999 -9999 -9999 -9999 -9999 -9999 -9999 -9999 -9999 -9999 -9999 -9999 -9999 -9999 -9999 -9999 0.118919439613819 0.124602816998959 0.130286201834679 0.135969579219818 0.141652956604958 0.143597260117531 0.144295185804367 0.144993126392365 0.145691066980362 0.146389007568359 0.147086933255196 0.147784873843193 0.147797927260399 0.145756348967552 0.143714770674706 0.141673192381859 0.139631599187851 0.137590020895004 0.135548442602158 0.133506864309311 0.132359459996223 0.131510123610497 0.130660772323608 0.129811435937881 0.128962099552155 0.128112748265266
-9999 -9999 -9999 -9999 -9999 -9999 -9999 -9999 -9999 -9999 -9999 -9999 -9999 -9999 -9999 -9999 -9999 -9999 -9999 0.120319090783596 0.125908106565475 0.131497129797935 0.137086138129234 0.139602154493332 0.141093835234642 0.142585530877113 0.144077211618423 0.145568892359734 0.147060573101044 0.148552253842354 0.149165034294128 0.147141143679619 0.145117253065109 0.1430933624506 0.14106947183609 0.13904558122158 0.137021690607071 0.1349977850914 0.133743494749069 0.132745712995529 0.13174794614315 0.13075016438961 0.129752397537231 0.128754630684853
-9999 -9999 -9999 -9999 -9999 -9999 -9999 -9999 -9999 -9999 -9999 -9999 -9999 -9999 -9999 -9999 -9999 -9999 -9999 -9999 -9999 0.127024665474892 0.132519319653511 0.135607063770294 0.137892484664917 0.140177920460701 0.142463341355324 0.144748777151108 0.147034198045731 0.149319633841515 0.150532156229019 0.148525953292847 0.146519735455513 0.14451353251934 0.142507329583168 0.140501126646996 0.138494923710823 0.136488720774651 0.135127514600754 0.133981317281723 0.132835105061531 0.1316889077425 0.13054271042347 0.129396498203278
-9999 -9999 -9999 -9999 -9999 -9999 -9999 -9999 -9999 -9999 -9999 -9999 -9999 -9999 -9999 -9999 -9999 -9999 -9999 -9999 -9999 -9999 0.127952516078949 0.131611958146095 0.134691134095192 0.137770310044289 0.140849485993385 0.143928661942482 0.147007837891579 0.150087013840675 0.151899263262749 0.149910748004913 0.147922232747078 0.145933717489243 0.143945202231407 0.141956672072411 0.139968156814575 0.13797964155674 0.136511534452438 0.135216906666756 0.133922278881073 0.132627636194229 0.131333008408546 0.130038380622864
0.0985335111618042 -9999 -9999 -9999 -9999 -9999 -9999 -9999 -9999 -9999 -9999 -9999 -9999 -9999 -9999 -9999 -9999 -9999 -9999 -9999 -9999 -9999 -9999 0.126436769962311 0.130082383751869 0.133727997541428 0.137373611330986 0.141019240021706 0.144664853811264 0.148310467600822 0.150646090507507 0.14905172586441 0.147457361221313 0.145863011479378 0.144268646836281 0.142674282193184 0.141079932451248 0.139485567808151 0.13801620900631 0.136588528752327 0.135160833597183 0.133733138442039 0.132305443286896 0.130877763032913
0.10269782692194 0.0998599454760551 0.0970220640301704 -9999 -9999 -9999 -9999 -9999 -9999 -9999 -9999 -9999 -9999 -9999 -9999 -9999 -9999 -9999 -9999 -9999 -9999 -9999 -9999 -9999 0.124066233634949 0.128050982952118 0.132035732269287 0.136020496487617 0.140005245804787 0.143989995121956 0.146772623062134 0.145948886871338 0.145125165581703 0.144301429390907 0.143477693200111 0.142653957009315 0.14183022081852 0.141006499528885 0.139641523361206 0.138096153736115 0.136550784111023 0.13500539958477 0.133460029959679 0.131914660334587
0.106862150132656 0.103562392294407 0.100262634456158 0.0969628691673279 -9999 -9999 -9999 -9999 -9999 -9999 -9999 -9999 -9999 -9999 -9999 -9999 -9999 -9999 -9999 -9999 -9999 -9999 -9999 -9999 -9999 0.122373975813389 0.126697853207588 0.131021752953529 0.135345637798309 0.139669522643089 0.14289915561676 0.142846047878265 0.142792955040932 0.142739847302437 0.142686739563942 0.142633631825447 0.142580524086952 0.142527416348457 0.141266852617264 0.139603793621063 0.137940734624863 0.136277675628662 0.134614616632462 0.132951557636261
0.111026465892792 0.107264831662178 0.103503197431564 0.0997415632009506 -9999 -9999 -9999 -9999 -9999 -9999 -9999 -9999 -9999 -9999 -9999 -9999 -9999 -9999 -9999 -9999 -9999 -9999 -9999 -9999 -9999 -9999 0.12135998159647 0.126023009419441 0.130686029791832 0.135349050164223 0.139025703072548 0.139743223786354 0.14046074450016 0.141178265213966 0.141895785927773 0.142613306641579 0.143330827355385 0.144048348069191 0.14289216697216 0.141111418604851 0.139330685138702 0.137549936771393 0.135769188404083 0.133988440036774
0.115190781652927 0.110967271029949 0.106743760406971 0.102520249783993 -9999 -9999 -9999 -9999 -9999 -9999 -9999 -9999 -9999 -9999 -9999 -9999 -9999 -9999 -9999 -9999 -9999 -9999 -9999 -9999 -9999 -9999 -9999 -9999 -9999 -9999 0.135152235627174 0.136640384793282 0.138128533959389 0.139616683125496 0.141104832291603 0.142592966556549 0.144081115722656 0.145569264888763 0.144517481327057 0.1426190584898 0.140720620751381 0.138822197914124 0.136923775076866 0.135025337338448
0.119355104863644 0.114669717848301 0.109984323382378 0.105298936367035 0.100613549351692 -9999 -9999 -9999 -9999 -9999 -9999 -9999 -9999 -9999 -9999 -9999 -9999 -9999 -9999 -9999 -9999 -9999 -9999 -9999 -9999 -9999 -9999 -9999 -9999 -9999 0.131278768181801 0.133537545800209 0.135796323418617 0.138055101037025 0.140313863754272 0.142572641372681 0.144831418991089 0.147090196609497 0.146142795681953 0.144126683473587 0.142110571265221 0.140094459056854 0.138078346848488 0.136062234640121
0.122520320117474 0.117578789591789 0.112637259066105 0.107695728540421 0.102754198014736 0.0978126674890518 -9999 -9999 -9999 -9999 -9999 -9999 -9999 -9999 -9999 -9999 -9999 -9999 -9999 -9999 -9999 -9999 -9999 -9999 -9999 -9999 -9999 -9999 -9999 -9999 0.128265410661697 0.131134927272797 0.134004443883896 0.136873960494995 0.139743477106094 0.142612978816032 0.145482495427132 0.148352012038231 0.147573783993721 0.145579621195793 0.143585473299026 0.14159132540226 0.139597177505493 0.137603029608727
0.124686427414417 0.119694493710995 0.114702560007572 0.10971062630415 0.104718685150146 0.0997267514467239 0.0947348177433014 -9999 -9999 -9999 -9999 -9999 -9999 -9999 -9999 -9999 -9999 -9999 -9999 -9999 -9999 -9999 -9999 -9999 -9999 -9999 -9999 -9999 -9999 -9999 0.126112163066864 0.129432529211044 0.132752895355225 0.136073261499405 0.139393627643585 0.142713993787766 0.146034359931946 0.149354726076126 0.148810416460037 0.146977871656418 0.145145326852798 0.143312782049179 0.14148023724556 0.13964769244194
0.126852542161942 0.1218101978302 0.116767860949039 0.111725516617298 0.106683179736137 0.101640835404396 0.0965984985232353 -9999 -9999 -9999 -9999 -9999 -9999 -9999 -9999 -9999 -9999 -9999 -9999 -9999 -9999 -9999 -9999 -9999 -9999 -9999 -9999 -9999 -9999 -9999 0.123958922922611 0.127730131149292 0.131501361727715 0.135272577404976 0.139043793082237 0.142815008759499 0.14658622443676 0.150357440114021 0.150047048926353 0.148376107215881 0.14670518040657 0.145034238696098 0.143363311886787 0.141692370176315
0.129018649458885 0.123925901949406 0.118833154439926 0.113740414381027 0.108647666871548 0.103554926812649 0.0984621793031693 -9999 -9999 -9999 -9999 -9999 -9999 -9999 -9999 -9999 -9999 -9999 -9999 -9999 -9999 -9999 -9999 -9999 -9999 -9999 -9999 -9999 -9999 -9999 0.121805675327778 0.126027747988701 0.130249813199043 0.134471878409386 0.138693958520889 0.142916023731232 0.147138088941574 0.151360169053078 0.15128368139267 0.149774357676506 0.148265033960342 0.146755695343018 0.145246371626854 0.14373704791069
0.131184756755829 0.126041606068611 0.120898455381393 0.115755304694176 0.110612161457539 0.105469010770321 0.100325860083103 -9999 -9999 -9999 -9999 -9999 -9999 -9999 -9999 -9999 -9999 -9999 -9999 -9999 -9999 -9999 -9999 -9999 -9999 -9999 -9999 -9999 -9999 0.1148392111063 0.119652420282364 0.124325342476368 0.128998264670372 0.133671194314957 0.13834410905838 0.143017038702965 0.147689953446388 0.152362883090973 0.152520313858986 0.15117259323597 0.149824872612953 0.148477151989937 0.14712943136692 0.145781710743904
0.133350864052773 0.128157317638397 0.122963756322861 0.117770202457905 0.112576648592949 0.107383094727993 0.102189540863037 -9999 -9999 0.0920364856719971 -9999 -9999 -9999 -9999 -9999 -9999 -9999 -9999 -9999 -9999 -9999 -9999 -9999 -9999 -9999 -9999 -9999 -9999 0.107966400682926 0.112681731581688 0.117499172687531 0.122622951865196 0.127746731042862 0.132870495319366 0.137994274497032 0.143118038773537 0.148241817951202 0.153365597128868 0.153756946325302 0.152570843696594 0.151384726166725 0.150198608636856 0.149012506008148 0.147826388478279
0.136961624026299 0.131588578224182 0.126215547323227 0.120842501521111 0.115469463169575 0.110096424818039 0.104723386466503 -9999 -9999 -9999 -9999 -9999 -9999 -9999 -9999 -9999 -9999 -9999 -9999 -9999 -9999 -9999 -9999 -9999 -9999 -9999 -9999 -9999 0.105798728764057 0.110248126089573 0.114913053810596 0.120224580168724 0.125536099076271 0.130847617983818 0.136159136891365 0.141470655798912 0.14678218960762 0.152093708515167 0.152778655290604 0.151921406388283 0.151064157485962 0.150206908583641 0.14934965968132 0.148492425680161
0.142017021775246 0.136335417628288 0.130653813481331 0.124972209334373 0.119290605187416 0.113609001040459 0.107927404344082 -9999 0.0987791046500206 -9999 -9999 -9999 -9999 -9999 -9999 -9999 -9999 -9999 -9999 -9999 -9999 -9999 -9999 -9999 -9999 -9999 -9999 -9999 -9999 0.107538387179375 0.111894063651562 0.117130227386951 0.122366391122341 0.127602562308311 0.132838726043701 0.138074889779091 0.143311053514481 0.14854721724987 0.149585410952568 0.149224296212196 0.148863166570663 0.148502051830292 0.148140922188759 0.147779807448387
0.147072419524193 0.141082242131233 0.135092079639435 0.129101917147636 0.123111747205257 0.117121584713459 0.11113141477108 -9999 -9999 -9999 -9999 -9999 -9999 -9999 -9999 -9999 -9999 -9999 -9999 -9999 -9999 -9999 -9999 -9999 -9999 -9999 -9999 -9999 -9999 -9999 0.108875066041946 0.114035874605179 0.119196683168411 0.124357491731644 0.129518300294876 0.134679108858109 0.139839917421341 0.145000725984573 0.146392181515694 0.146527171134949 0.146662175655365 0.146797180175781 0.146932184696198 0.147067189216614
0.15212781727314 0.145829081535339 0.139530345797539 0.133231624960899 0.126932889223099 0.120634160935879 0.114335432648659 0.108036696910858 0.103903874754906 -9999 -9999 -9999 -9999 -9999 -9999 -9999 -9999 -9999 -9999 -9999 -9999 -9999 -9999 -9999 -9999 -9999 -9999 -9999 -9999 -9999 -9999 0.110941529273987 0.116026975214481 0.121112428605556 0.126197874546051 0.131283327937126 0.136368781328201 0.141454234719276 0.143198937177658 0.143830060958862 0.144461184740067 0.145092308521271 0.145723447203636 0.14635457098484
