data/working_set_collections/6091692-Cassins_Sparrow-M2/2015/albedo_avg.asc
NCOLS 265 
NROWS 230 
XLLCORNER -115.5625 
YLLCORNER 24.8333333333333 
CELLSIZE 0.0833333333333333 
NODATA_value -9999 
[rows 140 to 159 of 230, columns 0 to 43 of 265]
0.256853103637695 0.257112801074982 0.257372498512268 0.257632166147232 0.257891863584518 0.258151531219482 0.258411228656769 0.264135628938675 0.271681576967239 0.279227554798126 0.286773502826691 0.294319450855255 0.301865428686142 0.309411376714706 0.314373761415482 0.311585396528244 0.308797031641006 0.306008666753769 0.303220331668854 0.300431966781616 0.297643601894379 0.294855237007141 0.288241475820541 0.280352562665939 0.272463649511337 0.264574736356735 0.256685853004456 0.248796939849854 0.240908026695251 0.234096303582191 0.230516120791435 0.226935938000679 0.223355740308762 0.219775557518005 0.216195374727249 0.212615191936493 0.209035009145737 0.209196701645851 0.210605695843697 0.212014690041542 0.213423684239388 0.214832678437233 0.216241672635078 0.217650666832924
0.252314627170563 0.25322300195694 0.254131346940994 0.255039721727371 0.255948066711426 0.25685641169548 0.257764786481857 0.264216005802155 0.272514849901199 0.280813694000244 0.289112538099289 0.297411382198334 0.305710226297379 0.314009070396423 0.319355487823486 0.315844565629959 0.312333643436432 0.308822721242905 0.3053118288517 0.301800906658173 0.298289984464645 0.294779062271118 0.287724733352661 0.279489278793335 0.271253794431686 0.26301833987236 0.254782855510712 0.246547400951385 0.238311931490898 0.231434673070908 0.228631988167763 0.225829318165779 0.223026648163795 0.220223963260651 0.217421293258667 0.214618623256683 0.2118159532547 0.211554676294327 0.212140545248985 0.212726414203644 0.213312283158302 0.2138981372118 0.214484006166458 0.215069875121117
0.247776165604591 0.249333187937737 0.250890225172043 0.252447247505188 0.254004269838333 0.255561292171478 0.257118314504623 0.264296382665634 0.273348122835159 0.282399863004684 0.291451573371887 0.300503313541412 0.309555053710938 0.31860676407814 0.324337214231491 0.320103734731674 0.315870255231857 0.31163677573204 0.307403296232224 0.303169846534729 0.298936367034912 0.294702887535095 0.287207990884781 0.278625965118408 0.270043939352036 0.261461913585663 0.25287988781929 0.244297862052917 0.235715836286545 0.228773027658463 0.226747870445251 0.224722698330879 0.222697541117668 0.220672383904457 0.218647211790085 0.216622054576874 0.214596882462502 0.213912650942802 0.213675394654274 0.213438123464584 0.213200867176056 0.212963610887527 0.212726354598999 0.212489083409309
0.243237689137459 0.245443388819695 0.24764908850193 0.249854788184166 0.25206047296524 0.254266172647476 0.256471872329712 0.264376759529114 0.274181395769119 0.283986002206802 0.293790608644485 0.303595244884491 0.313399851322174 0.32320448756218 0.329318940639496 0.324362903833389 0.319406867027283 0.314450830221176 0.30949479341507 0.304538786411285 0.299582749605179 0.294626712799072 0.286691248416901 0.277762681245804 0.268834084272385 0.259905517101288 0.250976920127869 0.242048338055611 0.233119741082191 0.226111397147179 0.224863737821579 0.22361609339714 0.222368434071541 0.221120789647102 0.219873130321503 0.218625485897064 0.217377826571465 0.216270625591278 0.215210229158401 0.214149847626686 0.213089466094971 0.212029069662094 0.210968688130379 0.209908306598663
0.236855939030647 0.239582568407059 0.24230919778347 0.245035827159882 0.247762456536293 0.250489085912704 0.253215700387955 0.260250717401505 0.268721848726273 0.277193009853363 0.285664141178131 0.294135272502899 0.30260643362999 0.311077564954758 0.316433161497116 0.312442183494568 0.308451175689697 0.304460197687149 0.300469219684601 0.29647821187973 0.292487233877182 0.288496226072311 0.281426429748535 0.273330330848694 0.265234261751175 0.257138162851334 0.249042093753815 0.240946009755135 0.232849910855293 0.226507306098938 0.225425124168396 0.224342927336693 0.223260745406151 0.222178563475609 0.221096366643906 0.220014184713364 0.218932002782822 0.217496946454048 0.215944275259972 0.214391618967056 0.21283894777298 0.211286276578903 0.209733620285988 0.208180949091911
0.228630900382996 0.231750726699829 0.234870538115501 0.237990364432335 0.241110190749168 0.244230002164841 0.247349828481674 0.251918256282806 0.256969541311264 0.262020856142044 0.267072141170502 0.272123426198959 0.277174741029739 0.282226026058197 0.285679906606674 0.28434157371521 0.283003211021423 0.281664878129959 0.280326515436172 0.278988182544708 0.277649819850922 0.276311486959457 0.271413505077362 0.265328973531723 0.259244441986084 0.253159940242767 0.247075408697128 0.240990877151489 0.234906360507011 0.229960769414902 0.22843199968338 0.226903229951859 0.225374460220337 0.223845705389977 0.222316935658455 0.220788165926933 0.219259396195412 0.217591628432274 0.215877532958984 0.214163422584534 0.212449327111244 0.210735231637955 0.209021121263504 0.207307025790215
0.220405861735344 0.223918870091438 0.227431893348694 0.230944901704788 0.234457910060883 0.237970933318138 0.241483941674232 0.243585780262947 0.245217233896255 0.246848687529564 0.248480141162872 0.25011157989502 0.251743048429489 0.253374487161636 0.254926651716232 0.256240963935852 0.257555246353149 0.258869528770447 0.260183840990067 0.261498123407364 0.262812435626984 0.264126718044281 0.261400580406189 0.257327616214752 0.253254652023315 0.249181687831879 0.245108723640442 0.241035759449005 0.236962795257568 0.233414232730865 0.231438890099525 0.229463532567024 0.227488189935684 0.225512832403183 0.223537489771843 0.221562147140503 0.219586789608002 0.2176863104105 0.215810775756836 0.213935241103172 0.212059706449509 0.210184171795845 0.208308637142181 0.206433102488518
0.212180823087692 0.216087028384209 0.219993233680725 0.223899438977242 0.227805644273758 0.231711849570274 0.235618054866791 0.235253319144249 0.233464926481247 -9999 0.229888141155243 -9999 -9999 0.224522963166237 0.22417339682579 0.228140339255333 0.232107266783714 0.236074209213257 0.240041151642799 0.244008079171181 0.247975021600723 0.251941949129105 0.251387625932693 0.24932624399662 0.247264832258224 0.24520343542099 0.243142038583755 0.24108062684536 0.239019230008125 0.236867696046829 0.23444576561451 0.23202383518219 0.22960190474987 0.227179974317551 0.224758058786392 0.222336128354073 0.219914197921753 0.217780992388725 0.215744018554688 0.213707059621811 0.211670085787773 0.209633111953735 0.207596153020859 0.205559179186821
0.203955784440041 0.208255186676979 0.212554588913918 0.216853976249695 0.221153378486633 0.225452780723572 0.229752168059349 0.22692084312439 0.221712604165077 -9999 -9999 -9999 -9999 -9999 0.193420141935349 0.200039729475975 0.20665930211544 0.213278874754906 0.219898462295532 0.226518034934998 0.233137622475624 0.239757195115089 0.241374716162682 0.241324871778488 0.241275027394295 0.241225183010101 0.241175353527069 0.241125509142876 0.241075664758682 0.240321159362793 0.237452656030655 0.234584137797356 0.231715634465218 0.228847116231918 0.22597861289978 0.223110109567642 0.220241591334343 0.21787565946579 0.215677261352539 0.213478863239288 0.211280465126038 0.209082067012787 0.206883668899536 0.204685270786285
0.195730745792389 0.200423344969749 0.205115929245949 0.209808513522148 0.214501112699509 0.219193696975708 0.223886281251907 0.218588382005692 0.209960296750069 -9999 -9999 -9999 -9999 -9999 -9999 -9999 0.181211337447166 0.190483555197716 0.199755772948265 -9999 -9999 0.227572441101074 0.231361776590347 0.233323499560356 0.235285222530365 0.237246945500374 0.239208668470383 0.24117037653923 0.243132099509239 0.243774622678757 0.240459531545639 0.237144440412521 0.233829349279404 0.230514258146286 0.227199167013168 0.223884075880051 0.220568984746933 0.217970341444016 0.215610504150391 0.213250681757927 0.210890844464302 0.208531007170677 0.206171184778214 0.203811347484589
0.188886344432831 0.194205433130264 0.199524506926537 0.204843580722809 0.210162654519081 0.215481728315353 0.220800802111626 0.213945373892784 0.203031778335571 -9999 -9999 -9999 -9999 -9999 -9999 -9999 -9999 -9999 -9999 -9999 -9999 -9999 0.216407105326653 0.220191240310669 0.223975360393524 0.227759480476379 0.231543600559235 0.23532772064209 0.239111840724945 0.241185054183006 0.238125517964363 0.23506598174572 0.232006430625916 0.228946894407272 0.225887358188629 0.222827821969986 0.219768285751343 0.217212364077568 0.214824333786964 0.212436303496361 0.210048273205757 0.207660242915154 0.205272197723389 0.202884167432785
0.183422595262527 0.189601451158524 0.19578030705452 0.201959162950516 0.208138018846512 0.214316874742508 0.220495730638504 0.21299184858799 0.200927063822746 -9999 -9999 -9999 -9999 -9999 -9999 -9999 -9999 -9999 -9999 -9999 -9999 -9999 -9999 0.201928064227104 0.207345426082611 0.212762787938118 0.218180164694786 0.223597526550293 0.2290148884058 0.232552453875542 0.230450600385666 0.22834874689579 0.226246878504753 0.224145025014877 0.222043171525002 0.219941318035126 0.21783946454525 0.215601742267609 0.213318735361099 0.211035743355751 0.208752736449242 0.206469744443893 0.204186737537384 0.201903730630875
0.177958831191063 0.184997469186783 0.192036107182503 0.199074745178223 0.206113383173943 0.213152006268501 0.220190644264221 0.212038323283195 0.198822349309921 -9999 -9999 -9999 -9999 -9999 -9999 -9999 -9999 -9999 -9999 -9999 -9999 -9999 -9999 -9999 -9999 0.197766110301018 0.204816728830338 0.211867332458496 0.218917936086655 0.223919853568077 0.222775682806969 0.22163151204586 0.220487326383591 0.219343155622482 0.218198984861374 0.217054814100266 0.215910628437996 0.213991120457649 0.211813151836395 0.209635183215141 0.207457214593887 0.205279245972633 0.203101277351379 0.200923308730125
0.17249508202076 0.180393487215042 0.188291907310486 0.19619032740593 0.204088732600212 0.211987152695656 0.2198855727911 0.211084797978401 0.196717619895935 -9999 -9999 -9999 -9999 -9999 -9999 -9999 -9999 -9999 -9999 -9999 -9999 -9999 -9999 -9999 -9999 -9999 -9999 -9999 -9999 0.215287253260612 0.215100765228271 0.21491427719593 0.214727774262428 0.214541286230087 0.214354798197746 0.214168310165405 0.213981807231903 0.212380483746529 0.21030755341053 0.208234623074532 0.206161677837372 0.204088747501373 0.202015817165375 0.199942871928215
0.167031317949295 0.175789505243301 0.184547707438469 0.193305909633636 0.202064096927643 0.21082229912281 0.219580486416817 0.210131272673607 0.19461290538311 -9999 -9999 -9999 -9999 -9999 -9999 -9999 -9999 -9999 -9999 -9999 -9999 -9999 -9999 -9999 -9999 -9999 -9999 -9999 -9999 0.206654652953148 0.207425847649574 0.208197042346001 0.208968222141266 0.209739416837692 0.210510611534119 0.211281806230545 0.21205298602581 0.210769861936569 0.208801954984665 0.206834048032761 0.204866155982018 0.202898249030113 0.200930342078209 0.198962450027466
0.16156755387783 0.171185538172722 0.180803507566452 0.190421476960182 0.200039461255074 0.209657430648804 0.219275414943695 0.209177732467651 0.192508190870285 -9999 -9999 -9999 -9999 -9999 -9999 -9999 -9999 -9999 -9999 -9999 -9999 -9999 -9999 -9999 -9999 -9999 -9999 -9999 -9999 0.198022052645683 0.199750930070877 0.201479807496071 0.203208670020103 0.204937547445297 0.206666424870491 0.208395302295685 0.210124164819717 0.20915924012661 0.2072963565588 0.205433487892151 0.203570619225502 0.201707750558853 0.199844881892204 0.197982013225555
0.157432109117508 0.167164504528046 0.176896914839745 0.186629310250282 0.19636170566082 0.206094101071358 0.215826511383057 0.205739974975586 0.189047142863274 0.172354310750961 -9999 -9999 -9999 -9999 -9999 -9999 -9999 -9999 -9999 -9999 -9999 -9999 -9999 -9999 -9999 -9999 -9999 -9999 -9999 0.189976215362549 0.19260610640049 0.19523598253727 0.197865858674049 0.20049574971199 0.20312562584877 0.20575550198555 0.208385393023491 0.207782492041588 0.20610199868679 0.204421505331993 0.202741011977196 0.201060518622398 0.199380025267601 0.197699531912804
0.154624983668327 0.163726449012756 0.172827914357185 0.181929379701614 0.191030845046043 0.200132310390472 0.209233775734901 0.199817985296249 0.184229791164398 0.168641582131386 -9999 -9999 -9999 -9999 -9999 -9999 -9999 -9999 -9999 -9999 -9999 -9999 -9999 -9999 -9999 -9999 -9999 -9999 -9999 0.182517156004906 0.185991361737251 0.189465582370758 0.192939788103104 0.19641400873661 0.199888214468956 0.203362435102463 0.206836640834808 0.206639617681503 0.205218851566315 0.203798070549965 0.202377304434776 0.200956523418427 0.199535757303238 0.198114991188049
0.151817843317986 0.160288378596306 0.168758913874626 0.177229449152946 0.185699984431267 0.194170519709587 0.202641040086746 0.193895995616913 0.179412424564362 0.16492885351181 0.15044529736042 -9999 -9999 -9999 -9999 -9999 -9999 -9999 -9999 -9999 -9999 -9999 -9999 -9999 -9999 -9999 -9999 -9999 -9999 0.175058081746101 0.179376631975174 0.183695167303085 0.188013717532158 0.19233226776123 0.196650817990303 0.200969353318214 0.205287903547287 0.20549675822258 0.204335704445839 0.203174650669098 0.202013596892357 0.200852543115616 0.199691489338875 0.198530450463295
0.149010717868805 0.156850323081017 0.164689913392067 0.172529518604279 0.18036912381649 0.188208714127541 0.196048319339752 0.187974005937576 0.174595072865486 0.161216124892235 0.147837191820145 0.134458258748055 -9999 -9999 -9999 -9999 -9999 -9999 -9999 -9999 -9999 -9999 -9999 -9999 -9999 -9999 -9999 -9999 -9999 0.167599007487297 0.172761887311935 0.177924767136574 0.183087646961212 0.188250526785851 0.193413406610489 0.198576286435127 0.203739166259766 0.204353883862495 0.203452557325363 0.202551230788231 0.201649889349937 0.200748562812805 0.199847236275673 0.198945909738541
