data/working_set_collections/6091692-Cassins_Sparrow-M2/2015/albedo_avg.asc
NCOLS 265 
NROWS 230 
XLLCORNER -115.5625 
YLLCORNER 24.8333333333333 
CELLSIZE 0.0833333333333333 
NODATA_value -9999 
[rows 20 to 39 of 230, columns 0 to 43 of 265]
0.206608027219772 0.208104893565178 0.209601774811745 0.21109864115715 0.212595507502556 0.214092373847961 0.215589240193367 0.216597676277161 0.217443287372589 0.218288913369179 0.219134524464607 0.219980150461197 0.220825761556625 0.221671387553215 0.222371593117714 0.222635537385941 0.222899496555328 0.223163440823555 0.223427399992943 0.223691344261169 0.223955303430557 0.224219247698784 0.22482693195343 0.225549206137657 0.226271465420723 0.226993724703789 0.227715983986855 0.22843824326992 0.229160502552986 0.230154037475586 0.231961384415627 0.233768731355667 0.235576078295708 0.237383425235748 0.239190772175789 0.240998119115829 0.24280546605587 0.244268178939819 0.245615988969803 0.246963813900948 0.248311638832092 0.249659448862076 0.251007288694382 0.252355098724365
0.211342722177505 0.212510794401169 0.213678881525993 0.214846953749657 0.216015040874481 0.217183113098145 0.218351185321808 0.218907445669174 0.21925975382328 0.219612061977386 0.219964385032654 0.22031669318676 0.220669001340866 0.221021309494972 0.221387669444084 0.221796184778214 0.222204685211182 0.22261318564415 0.223021700978279 0.223430201411247 0.223838701844215 0.224247217178345 0.225083574652672 0.226062566041946 0.22704154253006 0.228020533919334 0.228999510407448 0.229978501796722 0.230957478284836 0.232044771313667 0.233456939458847 0.234869122505188 0.236281290650368 0.237693473696709 0.239105641841888 0.240517824888229 0.241929993033409 0.243020415306091 0.2440035790205 0.244986742734909 0.245969906449318 0.246953085064888 0.247936248779297 0.248919412493706
0.216077402234077 0.21691669523716 0.217755988240242 0.218595266342163 0.219434559345245 0.220273852348328 0.22111314535141 0.221217215061188 0.221076220273972 0.220935225486755 0.220794230699539 0.220653235912323 0.220512241125107 0.220371246337891 0.220403760671616 0.220956817269325 0.221509873867035 0.222062930464745 0.222615987062454 0.223169058561325 0.223722115159035 0.224275171756744 0.225340217351913 0.226575925946236 0.227811634540558 0.22904734313488 0.230283051729202 0.231518745422363 0.232754454016685 0.233935490250587 0.234952494502068 0.235969498753548 0.236986503005028 0.238003507256508 0.239020511507988 0.240037515759468 0.241054520010948 0.241772651672363 0.242391169071198 0.243009671568871 0.243628188967705 0.244246706366539 0.244865208864212 0.245483726263046
0.220812097191811 0.221322596073151 0.221833094954491 0.222343593835831 0.222854092717171 0.223364591598511 0.223875090479851 0.223526984453201 0.222892686724663 0.222258374094963 0.221624076366425 0.220989778637886 0.220355466008186 0.219721168279648 0.219419836997986 0.220117449760437 0.220815062522888 0.221512675285339 0.222210288047791 0.222907900810242 0.223605513572693 0.224303126335144 0.225596860051155 0.227089285850525 0.228581711649895 0.230074152350426 0.231566578149796 0.233059003949165 0.234551429748535 0.235826209187508 0.236448049545288 0.237069875001907 0.237691715359688 0.238313540816307 0.238935381174088 0.239557206630707 0.240179032087326 0.240524888038635 0.240778744220734 0.241032615303993 0.241286471486092 0.24154032766819 0.241794183850288 0.242048040032387
0.224854469299316 0.225167632102966 0.225480780005455 0.225793942809105 0.226107090711594 0.226420253515244 0.226733416318893 0.226099222898483 0.225149273872375 0.224199309945107 0.223249346017838 0.222299382090569 0.221349433064461 0.220399469137192 0.219949081540108 0.220997422933578 0.222045749425888 0.223094090819359 0.22414243221283 0.225190758705139 0.22623910009861 0.227287441492081 0.228544354438782 0.229870811104774 0.231197267770767 0.232523709535599 0.233850166201591 0.235176607966423 0.236503064632416 0.237488657236099 0.237451672554016 0.237414687871933 0.23737770318985 0.237340703606606 0.237303718924522 0.237266734242439 0.237229749560356 0.237324640154839 0.237463489174843 0.237602338194847 0.237741187214851 0.237880036234856 0.23801888525486 0.238157734274864
0.228204548358917 0.228451803326607 0.228699073195457 0.228946328163147 0.229193583130836 0.229440852999687 0.229688107967377 0.228933945298195 0.22784598171711 0.226758018136024 0.225670039653778 0.224582076072693 0.223494112491608 0.222406148910522 0.22199147939682 0.223596706986427 0.225201934576035 0.226807177066803 0.22841240465641 0.230017632246017 0.231622859835625 0.233228087425232 0.234182730317116 0.234920501708984 0.235658273100853 0.236396044492722 0.237133800983429 0.237871572375298 0.238609343767166 0.23892280459404 0.237963363528252 0.237003907561302 0.236044451594353 0.235085010528564 0.234125554561615 0.233166113495827 0.232206657528877 0.232171908020973 0.232445389032364 0.232718870043755 0.232992351055145 0.233265832066536 0.233539313077927 0.233812794089317
0.231554627418518 0.231735989451408 0.231917351484299 0.232098713517189 0.232280075550079 0.23246143758297 0.23264279961586 0.231768667697906 0.230542689561844 0.229316711425781 0.22809074819088 0.226864770054817 0.225638791918755 0.224412813782692 0.224033877253532 0.226195991039276 0.228358119726181 0.230520248413086 0.232682377099991 0.234844505786896 0.237006619572639 0.239168748259544 0.239821091294289 0.239970192313194 0.240119278430939 0.240268364548683 0.240417450666428 0.240566536784172 0.240715622901917 0.240356966853142 0.238475054502487 0.236593127250671 0.234711214900017 0.232829302549362 0.230947390198708 0.229065477848053 0.227183565497398 0.227019160985947 0.227427273988724 0.227835386991501 0.228243499994278 0.228651612997055 0.229059725999832 0.229467839002609
0.234904691576958 0.235020160675049 0.23513562977314 0.235251098871231 0.235366567969322 0.235482037067413 0.235597506165504 0.234603390097618 0.233239397406578 0.231875419616699 0.23051144182682 0.229147464036942 0.227783471345901 0.226419493556023 0.226076260209084 0.228795289993286 0.231514304876328 0.234233319759369 0.236952349543571 0.239671364426613 0.242390379309654 0.245109409093857 0.245459467172623 0.245019868016243 0.244580283761024 0.244140684604645 0.243701100349426 0.243261501193047 0.242821902036667 0.241791114211082 0.238986745476723 0.236182361841202 0.233377978205681 0.23057359457016 0.2277692258358 0.224964842200279 0.222160458564758 0.221866428852081 0.222409173846245 0.222951918840408 0.223494663834572 0.224037408828735 0.224580153822899 0.225122898817062
0.238254770636559 0.23830434679985 0.238353908061981 0.238403484225273 0.238453060388565 0.238502621650696 0.238552197813988 0.237438097596169 0.235936120152473 0.234434127807617 0.232932135462761 0.231430143117905 0.22992816567421 0.228426173329353 0.228118658065796 0.231394574046135 0.234670490026474 0.237946406006813 0.241222321987152 0.244498237967491 0.24777415394783 0.251050055027008 0.251097828149796 0.250069558620453 0.24904128909111 0.248013019561768 0.246984735131264 0.245956465601921 0.244928196072578 0.243225276470184 0.239498421549797 0.235771581530571 0.232044741511345 0.228317901492119 0.224591061472893 0.220864206552505 0.217137366533279 0.216713696718216 0.217391073703766 0.218068450689316 0.218745827674866 0.219423204660416 0.220100581645966 0.220777958631516
0.241604849696159 0.241588518023491 0.241572201251984 0.241555869579315 0.241539552807808 0.241523221135139 0.241506889462471 0.24027281999588 0.238632827997208 0.236992835998535 0.235352829098701 0.233712837100029 0.232072845101357 0.230432853102684 0.230161055922508 0.233993858098984 0.23782667517662 0.241659477353096 0.245492294430733 0.249325096607208 0.253157913684845 0.256990730762482 0.256736218929291 0.255119234323502 0.253502279520035 0.251885324716568 0.250268369913101 0.248651430010796 0.247034475207329 0.244659423828125 0.240010112524033 0.235360816121101 0.230711504817009 0.226062193512917 0.221412882208824 0.216763585805893 0.212114274501801 0.211560949683189 0.212372958660126 0.213184967637062 0.21399699151516 0.214809000492096 0.215621009469032 0.216433018445969
0.242889851331711 0.242938756942749 0.242987677454948 0.243036583065987 0.243085503578186 0.243134409189224 0.243183314800262 0.242026671767235 0.240468174219131 0.238909691572189 0.237351194024086 0.235792696475983 0.234234198927879 0.232675701379776 0.232600823044777 0.236976787447929 0.241352736949921 0.245728701353073 0.250104665756226 0.254480600357056 0.258856564760208 0.263232529163361 0.262787789106369 0.260736137628555 0.258684486150742 0.25663286447525 0.254581212997437 0.252529561519623 0.250477939844131 0.247510269284248 0.241794541478157 0.236078828573227 0.230363100767136 0.224647387862206 0.218931660056114 0.213215947151184 0.207500219345093 0.206910654902458 0.208029806613922 0.209148943424225 0.210268095135689 0.211387231945992 0.212506383657455 0.213625535368919
0.242109790444374 0.242355063557625 0.242600351572037 0.242845624685287 0.243090912699699 0.24333618581295 0.243581458926201 0.242699667811394 0.241442173719406 0.24018469452858 0.238927200436592 0.237669706344604 0.236412227153778 0.23515473306179 0.235437959432602 0.240343317389488 0.245248675346375 0.250154048204422 0.255059391260147 0.259964764118195 0.264870136976242 0.269775480031967 0.269252568483353 0.266920238733292 0.264587908983231 0.26225557923317 0.259923219680786 0.257590889930725 0.255258560180664 0.251777797937393 0.24485170841217 0.237925633788109 0.230999544262886 0.224073469638824 0.217147395014763 0.21022130548954 0.203295230865479 0.202762797474861 0.204361587762833 0.205960363149643 0.207559138536453 0.209157928824425 0.210756704211235 0.212355494499207
0.241329729557037 0.241771370172501 0.242213025689125 0.242654666304588 0.243096321821213 0.243537962436676 0.2439796179533 0.243372663855553 0.242416173219681 0.24145969748497 0.240503221750259 0.239546731114388 0.238590255379677 0.237633764743805 0.238275095820427 0.243709862232208 0.24914462864399 0.254579395055771 0.260014146566391 0.265448927879333 0.270883679389954 0.276318430900574 0.275717347860336 0.273104339838028 0.270491302013397 0.267878264188766 0.265265256166458 0.262652218341827 0.260039180517197 0.256045311689377 0.247908875346184 0.239772439002991 0.231636002659798 0.223499551415443 0.21536311507225 0.207226678729057 0.199090242385864 0.198614940047264 0.200693354010582 0.202771782875061 0.204850196838379 0.206928610801697 0.209007039666176 0.211085453629494
0.240549668669701 0.241187676787376 0.241825699806213 0.242463707923889 0.243101730942726 0.243739739060402 0.244377762079239 0.244045659899712 0.243390172719955 0.24273470044136 0.242079228162766 0.241423755884171 0.240768268704414 0.240112796425819 0.241112232208252 0.247076407074928 0.253040581941605 0.25900474190712 0.264968901872635 0.27093306183815 0.276897221803665 0.282861411571503 0.282182157039642 0.279288440942764 0.276394695043564 0.273500978946686 0.270607262849808 0.26771354675293 0.264819830656052 0.26031282544136 0.250966042280197 0.241619244217873 0.232272446155548 0.222925648093224 0.213578835129738 0.204232037067413 0.194885239005089 0.194467082619667 0.197025135159492 0.199583187699318 0.202141255140305 0.20469930768013 0.207257360219955 0.209815412759781
0.239769607782364 0.240603983402252 0.241438373923302 0.24227274954319 0.24310714006424 0.243941515684128 0.244775906205177 0.244718641042709 0.24436417222023 0.244009703397751 0.243655234575272 0.243300765752792 0.242946296930313 0.242591828107834 0.243949368596077 0.250442951917648 0.256936520338058 0.263430088758469 0.269923657178879 0.276417225599289 0.282910794019699 0.289404362440109 0.288646936416626 0.285472512245178 0.282298117876053 0.279123693704605 0.27594929933548 0.272774875164032 0.269600450992584 0.264580368995667 0.254023194313049 0.243466049432755 0.232908889651299 0.222351729869843 0.211794570088387 0.201237410306931 0.190680250525475 0.19031922519207 0.193356916308403 0.196394607424736 0.199432298541069 0.202469989657402 0.205507680773735 0.208545371890068
0.238989546895027 0.240020290017128 0.24105104804039 0.242081791162491 0.243112549185753 0.244143292307854 0.245174050331116 0.245391637086868 0.245338171720505 0.245284721255302 0.245231255888939 0.245177790522575 0.245124325156212 0.245070859789848 0.246786504983902 0.253809481859207 0.260832458734512 0.267855435609818 0.2748783826828 0.281901359558105 0.288924336433411 0.295947313308716 0.29511171579361 0.291656613349915 0.28820151090622 0.284746408462524 0.281291306018829 0.277836203575134 0.274381101131439 0.26884788274765 0.257080376148224 0.245312854647636 0.233545333147049 0.221777811646461 0.210010290145874 0.198242768645287 0.18647526204586 0.186171367764473 0.189688697457314 0.193206027150154 0.196723356842995 0.200240686535835 0.203758001327515 0.207275331020355
0.238581210374832 0.23971888422966 0.240856572985649 0.241994246840477 0.243131920695305 0.244269609451294 0.245407283306122 0.245849922299385 0.246060878038406 0.246271833777428 0.24648280441761 0.246693760156631 0.246904715895653 0.247115671634674 0.24911242723465 0.256466537714005 0.263820648193359 0.271174758672714 0.278528869152069 0.285882979631424 0.293237090110779 0.300591230392456 0.299700736999512 0.296062082052231 0.29242342710495 0.288784772157669 0.285146087408066 0.281507432460785 0.277868777513504 0.272107869386673 0.259980291128159 0.247852683067322 0.235725089907646 0.223597496747971 0.211469903588295 0.199342310428619 0.187214717268944 0.186723500490189 0.190111070871353 0.193498626351357 0.196886196732521 0.200273767113686 0.20366133749485 0.207048892974854
0.238544628024101 0.23969978094101 0.240854948759079 0.242010101675987 0.243165269494057 0.244320437312126 0.245475590229034 0.246093481779099 0.246532276272774 0.246971070766449 0.247409880161285 0.247848674654961 0.248287469148636 0.248726278543472 0.250927120447159 0.25841411948204 0.265901118516922 0.273388087749481 0.280875086784363 0.288362085819244 0.295849084854126 0.303336083889008 0.302414000034332 0.298688918352127 0.294963836669922 0.291238754987717 0.287513643503189 0.283788561820984 0.280063480138779 0.274360328912735 0.262722939252853 0.251085549592972 0.239448174834251 0.227810800075531 0.216173410415649 0.204536035656929 0.192898645997047 0.191975608468056 0.194624021649361 0.197272434830666 0.199920848011971 0.202569246292114 0.205217659473419 0.207866072654724
0.238508030772209 0.239680677652359 0.240853324532509 0.242025971412659 0.243198618292809 0.244371265172958 0.245543897151947 0.246337041258812 0.247003674507141 0.247670322656631 0.248336955904961 0.24900358915329 0.249670222401619 0.250336855649948 0.252741813659668 0.260361671447754 0.267981559038162 0.275601416826248 0.283221304416656 0.290841192007065 0.298461049795151 0.306080937385559 0.305127263069153 0.301315754652023 0.297504246234894 0.293692737817764 0.289881199598312 0.286069691181183 0.282258182764053 0.276612758636475 0.265465587377548 0.254318416118622 0.243171259760857 0.23202408850193 0.220876917243004 0.209729745984077 0.198582574725151 0.197227731347084 0.199136972427368 0.201046228408813 0.202955484390259 0.204864740371704 0.206773996353149 0.208683237433434
0.238471448421478 0.239661574363708 0.240851700305939 0.242041826248169 0.243231952190399 0.244422093033791 0.245612218976021 0.246580600738525 0.24747508764267 0.248369559645653 0.249264031648636 0.25015851855278 0.251052975654602 0.251947462558746 0.254556506872177 0.26230925321579 0.270061999559402 0.277814775705338 0.28556752204895 0.293320268392563 0.301073014736176 0.308825790882111 0.307840526103973 0.30394259095192 0.300044655799866 0.296146720647812 0.292248755693436 0.288350820541382 0.284452885389328 0.278865218162537 0.268208235502243 0.257551282644272 0.246894329786301 0.236237376928329 0.225580424070358 0.214923471212387 0.204266503453255 0.202479839324951 0.203649938106537 0.204820036888123 0.205990120768547 0.207160219550133 0.208330318331718 0.209500417113304
