data/working_set_collections/6091692-Cassins_Sparrow-M2/2015/echange_avg.asc
NCOLS 265 
NROWS 230 
XLLCORNER -115.5625 
YLLCORNER 24.8333333333333 
CELLSIZE 0.0833333333333333 
NODATA_value -9999 
[rows 19 to 37 of 230, columns 44 to 87 of 265]
0.125162482261658 0.132799357175827 0.140436232089996 0.148073092103004 0.155709967017174 0.163346841931343 0.170983716845512 0.178620591759682 0.18929423391819 0.200980141758919 0.212666049599648 0.224351972341537 0.236037880182266 0.247723788022995 0.259409695863724 0.26832327246666 0.268919855356216 0.269516408443451 0.270112991333008 0.270709544420242 0.271306127309799 0.271902680397034 0.272499263286591 0.260788202285767 0.244974568486214 0.229160949587822 0.21334733068943 0.197533711791039 0.181720092892647 0.165906473994255 0.15289394557476 0.148284673690796 0.143675401806831 0.139066144824028 0.134456872940063 0.129847601056099 0.125238329172134 0.12062905728817 0.118349500000477 0.116846509277821 0.115343518555164 0.113840535283089 0.112337544560432 0.110834561288357
0.115433320403099 0.124368362128735 0.13330340385437 0.142238453030586 0.151173502206802 0.160108536481857 0.169043585658073 0.17797863483429 0.187455803155899 0.197113692760468 0.206771582365036 0.216429471969604 0.226087361574173 0.235745251178741 0.24540314078331 0.25310406088829 0.254934161901474 0.256764233112335 0.258594304323196 0.260424375534058 0.262254446744919 0.26408451795578 0.265914589166641 0.254861801862717 0.239514708518982 0.224167630076408 0.208820551633835 0.193473473191261 0.178126394748688 0.162779316306114 0.149978503584862 0.144816488027573 0.139654472470284 0.134492456912994 0.129330441355705 0.124168425798416 0.119006410241127 0.113844394683838 0.112042896449566 0.11136157810688 0.110680252313614 0.109998933970928 0.109317608177662 0.108636289834976
0.10570415109396 0.115937367081642 0.126170590519905 0.136403799057007 0.14663702249527 0.156870231032372 0.167103454470634 0.177336663007736 0.185617372393608 0.193247243762016 0.200877115130424 0.208506971597672 0.21613684296608 0.223766714334488 0.231396585702896 0.237884879112244 0.24094845354557 0.244012027978897 0.247075602412224 0.250139176845551 0.253202766180038 0.256266325712204 0.259329915046692 0.248935401439667 0.23405484855175 0.219174310564995 0.204293772578239 0.189413234591484 0.174532696604729 0.159652158617973 0.147063061594963 0.141348302364349 0.135633543133736 0.129918769001961 0.124204009771347 0.118489250540733 0.11277449131012 0.107059724628925 0.105736292898655 0.105876639485359 0.106016986072063 0.106157332658768 0.106297671794891 0.106438018381596
0.0959749892354012 0.10750637948513 0.119037769734859 0.130569159984589 0.142100542783737 0.153631940484047 0.165163323283195 0.176694706082344 0.183778941631317 0.189380794763565 0.194982632994652 0.2005844861269 0.206186324357986 0.211788177490234 0.217390030622482 0.222665682435036 0.226962760090828 0.23125983774662 0.235556915402412 0.239853993058205 0.244151070713997 0.248448148369789 0.252745240926743 0.243009001016617 0.22859500348568 0.214180991053581 0.199766993522644 0.185352995991707 0.17093899846077 0.156524986028671 0.144147619605064 0.137880101799965 0.131612598896027 0.125345095992088 0.119077585637569 0.112810082733631 0.106542572379112 0.100275062024593 0.0994296967983246 0.100391708314419 0.101353719830513 0.102315731346607 0.103277742862701 0.104239746928215
0.0862458273768425 0.0990753844380379 0.111904948949814 0.124734506011009 0.137564063072205 0.150393635034561 0.163223192095757 0.176052749156952 0.181940510869026 0.185514345765114 0.18908816576004 0.192661985754967 0.196235820651054 0.199809640645981 0.203383460640907 0.207446485757828 0.212977066636086 0.218507647514343 0.224038228392601 0.229568809270859 0.235099390149117 0.240629971027374 0.246160551905632 0.237082600593567 0.223135143518448 0.209187671542168 0.195240214467049 0.18129275739193 0.167345285415649 0.15339782834053 0.141232162714005 0.134411916136742 0.127591669559479 0.120771415531635 0.113951161503792 0.107130907475948 0.100310653448105 0.0934903994202614 0.0931230932474136 0.0949067696928978 0.096690446138382 0.0984741300344467 0.100257806479931 0.102041482925415
0.0767660364508629 0.0906903892755508 0.104614742100239 0.118539094924927 0.132463440299034 0.146387800574303 0.16031214594841 0.174236506223679 0.179395452141762 0.181632578372955 0.18386971950531 0.186106860637665 0.18834400177002 0.190581142902374 0.192818284034729 0.195867985486984 0.201355367898941 0.206842765212059 0.212330147624016 0.217817544937134 0.223304927349091 0.228792324662209 0.234279707074165 0.225970059633255 0.213061407208443 0.20015275478363 0.187244102358818 0.174335435032845 0.161426782608032 0.14851813018322 0.137141600251198 0.13036148250103 0.123581364750862 0.116801239550114 0.110021121799946 0.103240996599197 0.0964608788490295 0.0896807536482811 0.0897212401032448 0.0920352637767792 0.0943492949008942 0.0966633185744286 0.098977342247963 0.101291365921497
0.0675356239080429 0.0823513865470886 0.0971671491861343 0.11198291182518 0.126798674464226 0.141614437103271 0.156430199742317 0.171245962381363 0.176143735647202 0.177735522389412 0.179327309131622 0.180919095873833 0.182510882616043 0.184102669358253 0.185694456100464 0.187930181622505 0.192097678780556 0.196265175938606 0.200432687997818 0.204600185155869 0.20876769721508 0.212935194373131 0.217102691531181 0.209671393036842 0.198373809456825 0.187076210975647 0.175778642296791 0.164481058716774 0.153183460235596 0.14188589155674 0.131875917315483 0.12572880089283 0.119581691920757 0.113434575498104 0.107287466526031 0.101140350103378 0.0949932411313057 0.0888461247086525 0.089224137365818 0.0917771905660629 0.0943302437663078 0.0968832969665527 0.0994363501667976 0.101989403367043
0.0583052113652229 0.0740123838186264 0.0897195562720299 0.105426728725433 0.121133901178837 0.13684107363224 0.152548253536224 0.168255418539047 0.172892034053802 0.173838466405869 0.174784913659096 0.175731346011162 0.176677778363228 0.177624210715294 0.17857064306736 0.179992377758026 0.18283998966217 0.185687601566315 0.18853522837162 0.191382840275764 0.194230452179909 0.197078064084053 0.199925690889359 0.193372711539268 0.183686196804047 0.173999682068825 0.164313167333603 0.154626667499542 0.14494015276432 0.135253638029099 0.126610234379768 0.12109612673521 0.115582019090652 0.110067918896675 0.104553811252117 0.0990397036075592 0.0935255959630013 0.0880114957690239 0.0887270271778107 0.0915191099047661 0.0943111926317215 0.0971032753586769 0.0998953580856323 0.102687440812588
0.049074798822403 0.0656733810901642 0.0822719633579254 0.0988705456256866 0.115469127893448 0.132067710161209 0.14866629242897 0.165264874696732 0.169640332460403 0.169941410422325 0.170242503285408 0.17054358124733 0.170844659209251 0.171145737171173 0.171446830034256 0.172054573893547 0.173582300543785 0.175110027194023 0.176637753844261 0.178165480494499 0.179693222045898 0.181220948696136 0.182748675346375 0.177074030041695 0.168998599052429 0.160923153162003 0.152847707271576 0.14477227628231 0.136696830391884 0.128621399402618 0.121344543993473 0.11646344512701 0.111582353711128 0.106701254844666 0.101820155978203 0.0969390571117401 0.0920579582452774 0.0871768593788147 0.0882299244403839 0.0912610366940498 0.0942921489477158 0.0973232612013817 0.100354373455048 0.103385485708714
0.0398443825542927 0.057334378361702 0.074824370443821 0.0923143625259399 0.109804354608059 0.127294346690178 0.144784346222878 0.162274330854416 0.166388630867004 0.166044354438782 0.16570009291172 0.165355816483498 0.165011540055275 0.164667278528214 0.164323002099991 0.164116770029068 0.1643246114254 0.164532452821732 0.164740294218063 0.164948135614395 0.165155977010727 0.165363818407059 0.16557165980339 0.160775348544121 0.154310986399651 0.14784662425518 0.141382247209549 0.134917885065079 0.128453522920609 0.121989153325558 0.116078861057758 0.111830770969391 0.107582680881023 0.103334590792656 0.0990865007042885 0.094838410615921 0.0905903205275536 0.0863422304391861 0.0877328142523766 0.091002956032753 0.0942730978131294 0.0975432395935059 0.100813381373882 0.104083523154259
0.0306139718741179 0.0489953756332397 0.0673767775297165 0.0857581794261932 0.10413958132267 0.122520990669727 0.140902385115623 0.1592837870121 0.163136929273605 0.162147298455238 0.161157682538033 0.160168051719666 0.15917843580246 0.158188804984093 0.157199189066887 0.156178966164589 0.155066922307014 0.15395487844944 0.152842834591866 0.151730790734291 0.150618746876717 0.149506703019142 0.148394659161568 0.144476681947708 0.139623388648033 0.134770095348358 0.129916787147522 0.125063493847847 0.120210207998753 0.115356914699078 0.110813170671463 0.107198089361191 0.103583008050919 0.0999679267406464 0.0963528454303741 0.0927377641201019 0.0891226828098297 0.0855076014995575 0.0872357115149498 0.0907448828220367 0.0942540466785431 0.09776321798563 0.101272389292717 0.104781560599804
0.0246680472046137 0.0430238395929337 0.0613796301186085 0.0797354206442833 0.0980912148952484 0.116447001695633 0.134802788496017 0.153158590197563 0.15591761469841 0.153477743268013 0.151037856936455 0.148597970604897 0.1461580991745 0.143718212842941 0.141278326511383 0.138964295387268 0.137027829885483 0.135091364383698 0.133154898881912 0.131218433380127 0.129281967878342 0.127345517277718 0.125409051775932 0.122931078076363 0.120272614061832 0.117614150047302 0.114955686032772 0.112297222018242 0.109638750553131 0.106980286538601 0.104303389787674 0.101571179926395 0.0988389775156975 0.096106767654419 0.093374565243721 0.0906423553824425 0.0879101529717445 0.085177943110466 0.087276503443718 0.0909853205084801 0.0946941301226616 0.0984029471874237 0.102111764252186 0.105820573866367
0.0220066122710705 0.0394197702407837 0.0568329244852066 0.0742460787296295 0.091659240424633 0.109072394669056 0.126485556364059 0.143898710608482 0.144730716943741 0.140035659074783 0.135340616106987 0.130645573139191 0.125950515270233 0.121255472302437 0.11656042933464 0.112472787499428 0.110207363963127 0.107941940426826 0.105676516890526 0.103411100804806 0.101145677268505 0.0988802537322044 0.0966148301959038 0.0961385667324066 0.0962586849927902 0.0963788032531738 0.0964989215135574 0.096619039773941 0.0967391654849052 0.0968592837452888 0.09654950350523 0.0949500426650047 0.0933505818247795 0.0917511135339737 0.0901516526937485 0.0885521918535233 0.086952731013298 0.0853532701730728 0.0878552049398422 0.0917242765426636 0.0955933481454849 0.0994624197483063 0.103331491351128 0.107200562953949
0.0193451773375273 0.0358156971633434 0.052286222577095 0.0687567442655563 0.0852272659540176 0.101697787642479 0.11816830933094 0.134638831019402 0.13354380428791 0.126593589782715 0.119643375277519 0.112693160772324 0.105742953717709 0.098792739212513 0.0918425247073174 0.0859812721610069 0.0833868905901909 0.0807925164699554 0.0781981348991394 0.0756037533283234 0.0730093792080879 0.0704149976372719 0.0678206235170364 0.0693460553884506 0.072244755923748 0.0751434564590454 0.0780421644449234 0.0809408649802208 0.0838395729660988 0.0867382735013962 0.0887956246733665 0.088328905403614 0.0878621861338615 0.087395466864109 0.0869287475943565 0.086462028324604 0.0859953090548515 0.085528589785099 0.0884339064359665 0.0924632325768471 0.0964925661683083 0.100521892309189 0.10455122590065 0.108580552041531
0.0166837405413389 0.0322116278111935 0.0477395169436932 0.0632674023509026 0.0787952914834023 0.094323180615902 0.109851069748402 0.125378951430321 0.12235689163208 0.113151513040066 0.103946134448051 0.0947407558560371 0.0855353772640228 0.0763299986720085 0.0671246200799942 0.0594897568225861 0.0565664209425449 0.0536430850625038 0.0507197491824627 0.0477964133024216 0.0448730774223804 0.0419497415423393 0.0390264056622982 0.0425535403192043 0.0482308268547058 0.0539081133902073 0.0595854036509991 0.0652626901865005 0.0709399804472923 0.0766172632575035 0.0810417383909225 0.0817077606916428 0.082373782992363 0.0830398127436638 0.083705835044384 0.0843718573451042 0.085037887096405 0.0857039093971252 0.0890126079320908 0.0932021960616112 0.0973917841911316 0.101581372320652 0.105770960450172 0.109960548579693
0.0140223056077957 0.0286075584590435 0.0431928113102913 0.0577780641615391 0.0723633170127869 0.086948573589325 0.101533822715282 0.116119079291821 0.11116998642683 0.0997094437479973 0.0882488936185837 0.0767883509397507 0.0653278082609177 0.0538672655820847 0.0424067229032516 0.0329982414841652 0.0297459475696087 0.0264936555176973 0.023241363465786 0.0199890714138746 0.0167367793619633 0.0134844873100519 0.0102321952581406 0.015761025249958 0.0242168977856636 0.0326727703213692 0.0411286428570747 0.0495845153927803 0.0580403879284859 0.0664962604641914 0.0732878521084785 0.0750866234302521 0.076885387301445 0.0786841586232185 0.0804829224944115 0.082281693816185 0.0840804576873779 0.0858792290091515 0.0895913019776344 0.0939411520957947 0.0982909947633743 0.102640844881535 0.106990687549114 0.111340537667274
0.0113608706742525 0.0250034891068935 0.0386461094021797 0.0522887259721756 0.0659313425421715 0.079573966562748 0.0932165831327438 0.10685919970274 0.0999830737709999 0.0862673670053482 0.0725516527891159 0.0588359460234642 0.0451202392578125 0.0314045287668705 0.0176888201385736 0.00650672568008304 0.00292547675780952 -0.00065577233908698 -0.00423702131956816 -0.00781827047467232 -0.0113995196297765 -0.0149807687848806 -0.0185620170086622 -0.0110314879566431 0.000202968891244382 0.0114374253898859 0.0226718820631504 0.0339063368737698 0.0451407954096794 0.0563752502202988 0.0655339732766151 0.0684654861688614 0.071396991610527 0.0743285045027733 0.0772600173950195 0.0801915228366852 0.0831230357289314 0.0860545486211777 0.0901700034737587 0.0946801081299782 0.0991902127861977 0.103700317442417 0.108210422098637 0.112720526754856
0.0159589629620314 0.0292649529874325 0.0425709448754787 0.0558769330382347 0.069182924926281 0.0824889093637466 0.0957949012517929 0.109100893139839 0.102101571857929 0.0883338078856468 0.074566051363945 0.0607982873916626 0.0470305271446705 0.0332627668976784 0.0194950066506863 0.00770003721117973 0.00182343868073076 -0.00405315961688757 -0.00992975849658251 -0.0158063564449549 -0.0216829553246498 -0.0275595523416996 -0.0334361530840397 -0.025124229490757 -0.0120828002691269 0.000958628894295543 0.0140000581741333 0.0270414873957634 0.0400829166173935 0.0531243458390236 0.0638311579823494 0.0675341114401817 0.0712370723485947 0.074940025806427 0.0786429867148399 0.0823459401726723 0.0860489010810852 0.0897518545389175 0.094042643904686 0.0985293686389923 0.103016093373299 0.107502818107605 0.111989542841911 0.116476275026798
0.0278165824711323 0.0413919501006603 0.0549673177301884 0.0685426816344261 0.0821180492639542 0.0956934168934822 0.10926878452301 0.122844152152538 0.117525473237038 0.105908773839474 0.0942920744419098 0.0826753750443459 0.0710586756467819 0.0594419799745083 0.0478252843022346 0.0365781746804714 0.0264398343861103 0.0163014940917492 0.00616315379738808 -0.00397518603131175 -0.0141135258600116 -0.0242518670856953 -0.0343902073800564 -0.0265171993523836 -0.0126404091715813 0.00123638077639043 0.0151131702587008 0.0289899613708258 0.0428667515516281 0.0567435398697853 0.0681794062256813 0.0722925141453743 0.0764056220650673 0.0805187299847603 0.0846318379044533 0.0887449383735657 0.0928580462932587 0.0969711542129517 0.101209215819836 0.105488926172256 0.109768636524677 0.114048354327679 0.118328064680099 0.12260777503252
