data/working_set_collections/6091692-Cassins_Sparrow-M2/2015/echange_avg.asc
NCOLS 265 
NROWS 230 
XLLCORNER -115.5625 
YLLCORNER 24.8333333333333 
CELLSIZE 0.0833333333333333 
NODATA_value -9999 
[rows 152 to 170 of 230, columns 132 to 175 of 265]
0.121150232851505 0.120853178203106 0.122037574648857 0.127666354179382 0.133295118808746 0.138923898339272 0.144552677869797 0.150181457400322 0.155810222029686 0.161439001560211 0.160145148634911 0.156543761491776 0.15294237434864 0.149340987205505 0.14573960006237 0.142138212919235 0.1385368257761 0.136224329471588 0.137778490781784 0.139332637190819 0.140886798501015 0.142440944910049 0.143995106220245 0.14554925262928 0.147103413939476 0.148572981357574 0.150014355778694 0.151455745100975 0.152897119522095 0.154338493943214 0.155779883265495 0.157221257686615 0.156681075692177 0.150196179747581 0.143711298704147 0.137226417660713 0.130741521716118 0.124256640672684 0.117771752178669 0.111286871135235 0.107206970453262 0.103928737342358 0.100650511682034 0.0973722785711288
0.11181066930294 0.110495992004871 0.111010417342186 0.117012150585651 0.123013876378536 0.129015609622002 0.135017335414886 0.141019061207771 0.147020787000656 0.153022512793541 0.152786776423454 0.150471866130829 0.148156955838203 0.145842045545578 0.143527135252953 0.141212224960327 0.138897314667702 0.137531742453575 0.139014154672623 0.14049656689167 0.141978979110718 0.143461391329765 0.144943803548813 0.14642621576786 0.147908627986908 0.149661883711815 0.151505425572395 0.153348967432976 0.155192494392395 0.157036036252975 0.158879578113556 0.160723119974136 0.160465076565742 0.153902322053909 0.147339582443237 0.140776827931404 0.134214073419571 0.127651318907738 0.121088571846485 0.114525824785233 0.110177256166935 0.106566749513149 0.102956242859364 0.0993457362055779
0.102471105754375 0.100138813257217 0.0999832674860954 0.10635794699192 0.112732626497746 0.119107306003571 0.125481992959976 0.131856679916382 0.138231351971626 0.144606038928032 0.145428389310837 0.144399955868721 0.143371522426605 0.142343103885651 0.141314670443535 0.140286237001419 0.139257818460464 0.138839155435562 0.140249833464622 0.141660496592522 0.143071174621582 0.144481837749481 0.14589250087738 0.147303178906441 0.14871384203434 0.150750786066055 0.152996480464935 0.155242174863815 0.157487884163857 0.159733578562737 0.161979272961617 0.164224967360497 0.164249092340469 0.157608479261398 0.150967851281166 0.144327238202095 0.137686625123024 0.131046012043953 0.124405391514301 0.11776477843523 0.113147534430027 0.10920475423336 0.105261974036694 0.101319193840027
0.0931315422058105 0.0897816345095634 0.0889561101794243 0.0957037433981895 0.102451376616955 0.109199017286301 0.115946650505066 0.122694283723831 0.129441916942596 0.136189550161362 0.138070002198219 0.138328045606613 0.138586103916168 0.138844147324562 0.139102205634117 0.139360249042511 0.139618307352066 0.140146568417549 0.141485497355461 0.142824426293373 0.144163355231285 0.145502284169197 0.146841213107109 0.148180142045021 0.149519070982933 0.151839688420296 0.154487550258636 0.157135397195816 0.159783259034157 0.162431105971336 0.165078967809677 0.167726829648018 0.168033093214035 0.161314621567726 0.154596135020256 0.147877648472786 0.141159176826477 0.134440690279007 0.127722203731537 0.121003732085228 0.1161178201437 0.111842758953571 0.107567705214024 0.103292651474476
0.08836829662323 0.0841846168041229 0.0826519131660461 0.0890721082687378 0.0954922959208488 0.10191249102354 0.108332686126232 0.114752881228924 0.121173076331615 0.127593263983727 0.13003334403038 0.13114669919014 0.13226006925106 0.133373439311981 0.134486809372902 0.135600164532661 0.136713534593582 0.13791061937809 0.139358848333359 0.140807077288628 0.142255306243896 0.143703550100327 0.145151779055595 0.146600008010864 0.148048236966133 0.150733470916748 0.153831034898758 0.156928598880768 0.160026177763939 0.163123741745949 0.166221305727959 0.169318869709969 0.169935941696167 0.163111552596092 0.156287163496017 0.149462774395943 0.142638370394707 0.135813981294632 0.128989592194557 0.122165195643902 0.117153935134411 0.112747050821781 0.108340173959732 0.103933289647102
0.0881813541054726 0.0833477675914764 0.0810706689953804 0.086463026702404 0.0918553844094276 0.0972477421164513 0.102640099823475 0.108032457530499 0.113424815237522 0.118817172944546 0.121318399906158 0.122855924069881 0.124393440783024 0.125930964946747 0.127468481659889 0.129005998373032 0.130543515086174 0.132131308317184 0.133869886398315 0.135608464479446 0.137347042560577 0.139085620641708 0.140824198722839 0.14256277680397 0.144301354885101 0.147432133555412 0.151026964187622 0.154621794819832 0.158216625452042 0.161811456084251 0.165406286716461 0.169001117348671 0.169957637786865 0.162999287247658 0.15604093670845 0.149082586169243 0.142124235630035 0.135165870189667 0.128207519650459 0.121249169111252 0.116255886852741 0.11191762983799 0.107579372823238 0.103241115808487
0.0879944190382957 0.08251091837883 0.0794894248247147 0.0838539525866508 0.0882184728980064 0.092582993209362 0.0969475135207176 0.101312041282654 0.105676561594009 0.110041081905365 0.112603470683098 0.114565141499043 0.116526812314987 0.118488483130932 0.120450153946877 0.122411824762821 0.124373495578766 0.126351982355118 0.128380909562111 0.130409836769104 0.132438763976097 0.134467706084251 0.136496633291245 0.138525560498238 0.140554487705231 0.144130781292915 0.148222878575325 0.152314975857735 0.156407073140144 0.160499155521393 0.164591252803802 0.168683350086212 0.169979333877563 0.162887021899223 0.155794709920883 0.148702397942543 0.141610085964203 0.134517773985863 0.127425462007523 0.120333142578602 0.115357838571072 0.111088208854198 0.106818571686745 0.102548941969872
0.0878074839711189 0.0816740691661835 0.0779081806540489 0.0812448710203171 0.0845815613865852 0.0879182443022728 0.091254934668541 0.0945916175842285 0.0979283079504967 0.101264990866184 0.103888534009457 0.106274358928204 0.108660183846951 0.111046008765697 0.113431826233864 0.115817651152611 0.118203476071358 0.120572663843632 0.122891947627068 0.125211223959923 0.127530500292778 0.129849776625633 0.132169052958488 0.134488329291344 0.136807605624199 0.14082944393158 0.145418807864189 0.150008156895638 0.154597520828247 0.159186869859695 0.163776233792305 0.168365582823753 0.170001029968262 0.162774756550789 0.155548483133316 0.148322209715843 0.14109593629837 0.133869662880898 0.126643389463425 0.119417116045952 0.114459790289402 0.110258780419827 0.106057778000832 0.101856768131256
0.0876205489039421 0.080837219953537 0.0763269439339638 0.0786357894539833 0.0809446424245834 0.0832534953951836 0.0855623483657837 0.0878712013363838 0.0901800468564034 0.0924888998270035 0.0951735973358154 0.0979835763573647 0.100793547928333 0.103603526949883 0.106413505971432 0.109223484992981 0.11203345656395 0.114793352782726 0.117402978241444 0.120012603700161 0.122622229158878 0.125231862068176 0.127841487526894 0.130451112985611 0.133060738444328 0.137528106570244 0.142614722251892 0.147701352834702 0.15278796851635 0.157874584197998 0.162961199879646 0.168047830462456 0.170022740960121 0.162662506103516 0.15530227124691 0.147942036390305 0.140581801533699 0.133221566677094 0.125861331820488 0.118501089513302 0.113561742007732 0.109429359436035 0.105296976864338 0.101164594292641
0.0874336138367653 0.0800003707408905 0.074745699763298 0.0760267153382301 0.0773077309131622 0.0785887464880943 0.0798697620630264 0.0811507776379585 0.0824317932128906 0.0837128087878227 0.0864586606621742 0.0896927937865257 0.0929269194602966 0.0961610525846481 0.099395178258419 0.102629311382771 0.105863437056541 0.10901403427124 0.11191400885582 0.114813983440399 0.117713958024979 0.120613932609558 0.123513907194138 0.126413881778717 0.129313856363297 0.134226769208908 0.139810651540756 0.145394533872604 0.150978416204453 0.156562298536301 0.162146180868149 0.167730063199997 0.170044437050819 0.162550240755081 0.155056044459343 0.147561848163605 0.140067651867867 0.132573455572128 0.12507925927639 0.117585062980652 0.112663693726063 0.108599938452244 0.104536175727844 0.100472420454025
0.0918176472187042 0.0846925005316734 0.0794740170240402 0.0799755454063416 0.0804770737886429 0.0809785947203636 0.081480123102665 0.0819816440343857 0.082483172416687 0.0829847007989883 0.0859409421682358 0.0897154211997986 0.093489907681942 0.0972643867135048 0.101038873195648 0.104813352227211 0.108587831258774 0.112088426947594 0.114767335355282 0.117446251213551 0.120125159621239 0.122804075479507 0.125482991337776 0.128161907196045 0.130840808153152 0.135725155472755 0.141344651579857 0.146964147686958 0.15258364379406 0.158203139901161 0.163822621107101 0.169442117214203 0.171810373663902 0.164424866437912 0.157039374113083 0.149653881788254 0.142268374562263 0.134882882237434 0.127497389912605 0.120111890137196 0.115186043083668 0.111080080270767 0.106974117457867 0.102868154644966
0.10077265650034 0.0949136018753052 0.0905119031667709 0.0904822871088982 0.0904526636004448 0.090423047542572 0.0903934240341187 0.0903638079762459 0.0903341919183731 0.0903045684099197 0.0936204418540001 0.0980514734983444 0.102482505142689 0.106913544237614 0.111344575881958 0.115775607526302 0.120206639170647 0.124016523361206 0.12596295773983 0.127909407019615 0.129855841398239 0.131802275776863 0.133748725056648 0.135695159435272 0.137641593813896 0.142023295164108 0.147216752171516 0.152410194277763 0.157603651285172 0.162797093391418 0.167990550398827 0.173183992505074 0.17532055079937 0.168286398053169 0.16125226020813 0.15421812236309 0.147183984518051 0.140149831771851 0.133115693926811 0.126081556081772 0.121128775179386 0.116869792342186 0.112610802054405 0.108351811766624
0.109727673232555 0.105134703218937 0.101549781858921 0.100989021360874 0.100428260862827 0.0998674929141998 0.099306732416153 0.0987459719181061 0.0981852039694786 0.0976244434714317 0.101299941539764 0.10638752579689 0.111475110054016 0.116562694311142 0.121650278568268 0.126737862825394 0.13182544708252 0.135944619774818 0.137158587574959 0.138372555375099 0.13958652317524 0.14080049097538 0.14201445877552 0.143228426575661 0.14444237947464 0.148321434855461 0.153088837862015 0.157856240868568 0.162623643875122 0.167391061782837 0.172158464789391 0.176925867795944 0.178830727934837 0.172147944569588 0.165465146303177 0.158782362937927 0.152099579572678 0.145416796207428 0.138734012842178 0.132051214575768 0.127071514725685 0.122659496963024 0.118247486650944 0.113835468888283
0.118682682514191 0.115355804562569 0.112587668001652 0.111495763063431 0.110403850674629 0.109311945736408 0.108220040798187 0.107128128409386 0.106036223471165 0.104944318532944 0.108979441225529 0.114723578095436 0.120467707514763 0.126211851835251 0.131955981254578 0.137700110673904 0.143444254994392 0.147872731089592 0.148354217410088 0.148835703730583 0.14931720495224 0.149798691272736 0.150280192494392 0.150761678814888 0.151243165135384 0.154619559645653 0.158960923552513 0.163302287459373 0.167643651366234 0.171985015273094 0.176326379179955 0.180667743086815 0.182340905070305 0.176009476184845 0.169678047299385 0.163346603512764 0.157015174627304 0.150683745741844 0.144352316856384 0.138020887970924 0.133014246821404 0.128449201583862 0.123884171247482 0.119319126009941
0.127637684345245 0.12557689845562 0.123625554144382 0.122002497315407 0.120379447937012 0.118756398558617 0.117133341729641 0.115510292351246 0.11388723552227 0.112264186143875 0.116658940911293 0.123059622943401 0.12946030497551 0.135860994458199 0.142261683940887 0.148662373423576 0.155063062906265 0.159800827503204 0.159549847245216 0.159298866987228 0.15904788672924 0.158796906471252 0.158545926213264 0.158294945955276 0.158043965697289 0.160917699337006 0.164833024144173 0.168748334050179 0.172663658857346 0.176578968763351 0.180494293570518 0.184409618377686 0.185851082205772 0.179871007800102 0.173890933394432 0.167910858988762 0.161930784583092 0.155950710177422 0.149970635771751 0.143990561366081 0.138956978917122 0.134238913655281 0.12952084839344 0.124802783131599
0.136592701077461 0.135798007249832 0.134663432836533 0.132509231567383 0.130355045199394 0.128200843930244 0.126046642661095 0.123892448842525 0.121738255023956 0.119584061205387 0.124338440597057 0.131395682692528 0.138452917337418 0.145510151982307 0.152567386627197 0.159624621272087 0.166681870818138 0.171728923916817 0.170745477080345 0.169762015342712 0.168778568506241 0.167795106768608 0.166811659932137 0.165828198194504 0.164844751358032 0.167215839028358 0.170705109834671 0.174194380640984 0.177683666348457 0.18117293715477 0.184662207961082 0.188151478767395 0.18936125934124 0.18373253941536 0.178103819489479 0.172475099563599 0.166846379637718 0.161217659711838 0.155588939785957 0.149960219860077 0.144899725914001 0.1400286257267 0.135157540440559 0.130286440253258
0.141240447759628 0.141499534249306 0.141129016876221 0.138869717717171 0.136610418558121 0.134351119399071 0.13209180533886 0.12983250617981 0.12757320702076 0.12531390786171 0.129866257309914 0.136689156293869 0.143512055277824 0.15033495426178 0.157157853245735 0.163980752229691 0.170803651213646 0.175742745399475 0.175030440092087 0.174318134784698 0.17360582947731 0.172893524169922 0.172181218862534 0.171468913555145 0.170756608247757 0.173016920685768 0.176268115639687 0.179519310593605 0.182770505547523 0.186021700501442 0.18927289545536 0.192524090409279 0.193578496575356 0.188042491674423 0.182506486773491 0.176970481872559 0.171434476971626 0.165898472070694 0.160362467169762 0.154826477169991 0.149881973862648 0.145134642720222 0.140387326478958 0.135639995336533
0.141580924391747 0.142681479454041 0.143022298812866 0.141083940863609 0.139145568013191 0.137207195162773 0.135268837213516 0.133330464363098 0.13139209151268 0.129453733563423 0.133242398500443 0.138940066099167 0.144637733697891 0.150335401296616 0.156033083796501 0.161730751395226 0.16742841899395 0.17184229195118 0.172404751181602 0.172967210412025 0.17352968454361 0.174092143774033 0.174654603004456 0.17521707713604 0.175779536366463 0.178320959210396 0.181522041559219 0.184723123908043 0.187924206256866 0.191125273704529 0.194326356053352 0.197527438402176 0.198502764105797 0.192800849676132 0.187098920345306 0.181397005915642 0.175695076584816 0.16999314725399 0.164291232824326 0.1585893034935 0.153903752565384 0.14955697953701 0.145210206508636 0.140863433480263
0.141921401023865 0.143863424658775 0.144915595650673 0.143298149108887 0.141680717468262 0.140063285827637 0.138445854187012 0.136828422546387 0.135210990905762 0.133593559265137 0.13661852478981 0.141190975904465 0.145763412117958 0.150335863232613 0.154908299446106 0.15948075056076 0.164053186774254 0.167941823601723 0.169779062271118 0.171616300940514 0.173453524708748 0.175290763378143 0.177128002047539 0.178965225815773 0.180802464485168 0.183624997735023 0.186775967478752 0.18992692232132 0.193077892065048 0.196228861808777 0.199379816651344 0.202530786395073 0.203427046537399 0.197559207677841 0.191691353917122 0.185823515057564 0.179955676198006 0.174087822437286 0.168219983577728 0.16235214471817 0.157925516366959 0.153979301452637 0.150033101439476 0.146086886525154
