data/working_set_collections/6091692-Cassins_Sparrow-M2/2015/echange_avg.asc
NCOLS 265 
NROWS 230 
XLLCORNER -115.5625 
YLLCORNER 24.8333333333333 
CELLSIZE 0.0833333333333333 
NODATA_value -9999 
[rows 171 to 189 of 230, columns 132 to 175 of 265]
0.142261892557144 0.145045384764671 0.146808877587318 0.145512372255325 0.144215881824493 0.1429193764925 0.141622871160507 0.140326380729675 0.139029875397682 0.13773338496685 0.139994665980339 0.143441885709763 0.146889090538025 0.150336310267448 0.153783529996872 0.157230734825134 0.160677954554558 0.164041370153427 0.167153373360634 0.170265376567841 0.173377379775047 0.176489382982254 0.179601386189461 0.182713389396667 0.185825392603874 0.188929036259651 0.192029893398285 0.195130735635757 0.19823157787323 0.201332435011864 0.204433277249336 0.20753413438797 0.208351328969002 0.20231756567955 0.196283802390099 0.190250039100647 0.184216275811195 0.178182497620583 0.172148734331131 0.166114971041679 0.161947295069695 0.158401638269424 0.154855981469154 0.151310339570045
0.142602369189262 0.146227329969406 0.148702159523964 0.147726595401764 0.146751031279564 0.145775467157364 0.144799903035164 0.143824338912964 0.142848759889603 0.141873195767403 0.143370807170868 0.14569279551506 0.148014768958092 0.150336757302284 0.152658745646477 0.154980733990669 0.157302722334862 0.160140916705132 0.16452768445015 0.168914452195168 0.173301234841347 0.177688002586365 0.182074785232544 0.186461552977562 0.190848335623741 0.194233074784279 0.197283804416656 0.200334548950195 0.203385278582573 0.206436008214951 0.209486737847328 0.212537482380867 0.213275611400604 0.207075923681259 0.200876235961914 0.194676548242569 0.188476860523224 0.182277172803879 0.176077499985695 0.16987781226635 0.165969058871269 0.162823975086212 0.159678876399994 0.156533777713776
0.142942845821381 0.147409275174141 0.150595441460609 0.149940818548203 0.149286180734634 0.148631557822227 0.147976920008659 0.147322282195091 0.146667659282684 0.146013021469116 0.146746933460236 0.147943690419197 0.14914046227932 0.150337219238281 0.151533976197243 0.152730733156204 0.153927490115166 0.156240448355675 0.161901995539665 0.167563542723656 0.173225089907646 0.178886622190475 0.184548169374466 0.190209716558456 0.195871263742447 0.199537113308907 0.202537730336189 0.205538347363472 0.208538964390755 0.211539581418037 0.214540213346481 0.217540830373764 0.218199893832207 0.211834281682968 0.20546866953373 0.199103072285652 0.192737460136414 0.186371847987175 0.180006250739098 0.173640638589859 0.169990837574005 0.167246297001839 0.164501756429672 0.161757230758667
0.138201117515564 0.142590641975403 0.145866483449936 0.145801290869713 0.14573609828949 0.145670905709267 0.145605728030205 0.145540535449982 0.145475342869759 0.145410150289536 0.146016642451286 0.146847024559975 0.147677406668663 0.148507788777351 0.14933817088604 0.150168567895889 0.150998950004578 0.152908340096474 0.158054783940315 0.163201227784157 0.168347656726837 0.173494100570679 0.178640529513359 0.183786973357201 0.188933417201042 0.192915558815002 0.196509599685669 0.200103655457497 0.203697696328163 0.20729173719883 0.210885792970657 0.214479833841324 0.2157361805439 0.209979400038719 0.2042226344347 0.19846585392952 0.1927090883255 0.18695230782032 0.181195542216301 0.175438761711121 0.17240472137928 0.170278266072273 0.168151795864105 0.166025340557098
0.128377199172974 0.131771415472031 0.134515270590782 0.135308027267456 0.13610078394413 0.136893540620804 0.137686297297478 0.138479053974152 0.139271825551987 0.140064582228661 0.141179904341698 0.142402768135071 0.143625631928444 0.144848495721817 0.14607135951519 0.147294223308563 0.148517072200775 0.150144591927528 0.1529860496521 0.155827507376671 0.158668950200081 0.161510407924652 0.164351865649223 0.167193323373795 0.170034781098366 0.174368411302567 0.179199427366257 0.184030443429947 0.188861459493637 0.193692475557327 0.198523491621017 0.203354507684708 0.205884486436844 0.201511293649673 0.197138100862503 0.192764922976494 0.188391730189323 0.184018537402153 0.179645359516144 0.175272166728973 0.173210725188255 0.171919852495193 0.170628994703293 0.169338122010231
0.118553265929222 0.120952196419239 0.123164065182209 0.12481477111578 0.12646546959877 0.128116175532341 0.129766881465912 0.131417587399483 0.133068293333054 0.134718999266624 0.13634318113327 0.137958526611328 0.139573857188225 0.141189202666283 0.142804533243179 0.144419878721237 0.146035209298134 0.147380828857422 0.147917300462723 0.148453786969185 0.148990258574486 0.149526730179787 0.150063201785088 0.150599673390388 0.151136144995689 0.155821263790131 0.161889255046844 0.167957231402397 0.174025222659111 0.180093213915825 0.186161205172539 0.192229196429253 0.196032777428627 0.193043187260628 0.190053582191467 0.187063977122307 0.184074372053146 0.181084766983986 0.178095176815987 0.175105571746826 0.174016714096069 0.173561453819275 0.173106178641319 0.172650918364525
0.108729340136051 0.110132969915867 0.111812852323055 0.114321507513523 0.116830162703991 0.119338817894459 0.121847465634346 0.124356120824814 0.126864776015282 0.12937343120575 0.131506457924843 0.133514270186424 0.135522082448006 0.137529894709587 0.139537706971169 0.141545534133911 0.143553346395493 0.144617080688477 0.142848566174507 0.141080066561699 0.13931155204773 0.13754303753376 0.135774537920952 0.134006023406982 0.132237523794174 0.137274116277695 0.144579067826271 0.151884034276009 0.159188985824585 0.166493952274323 0.173798903822899 0.181103870272636 0.186181083321571 0.184575065970421 0.18296904861927 0.18136303126812 0.179757013916969 0.17815101146698 0.176544994115829 0.174938976764679 0.174822717905045 0.175203040242195 0.175583377480507 0.175963699817657
0.0989054143428802 0.0993137434124947 0.100461646914482 0.103828243911266 0.107194848358631 0.110561445355415 0.11392804980278 0.117294654250145 0.120661251246929 0.124027855694294 0.126669719815254 0.12907001376152 0.131470307707787 0.133870601654053 0.136270895600319 0.138671189546585 0.14107146859169 0.14185331761837 0.137779831886292 0.133706346154213 0.129632845520973 0.125559359788895 0.121485866606236 0.117412380874157 0.113338887691498 0.118726961314678 0.127268895506859 0.135810822248459 0.144352748990059 0.15289469063282 0.16143661737442 0.16997854411602 0.176329389214516 0.176106959581375 0.175884529948235 0.175662100315094 0.175439670681953 0.175217241048813 0.174994811415672 0.174772381782532 0.175628706812859 0.176844641566277 0.178060561418533 0.17927648127079
0.0890814810991287 0.0884945169091225 0.0891104340553284 0.0933349877595901 0.0975595340132713 0.101784080266953 0.106008633971214 0.110233180224895 0.114457733929157 0.118682280182838 0.121832996606827 0.124625764787197 0.127418532967567 0.130211293697357 0.133004069328308 0.135796830058098 0.138589605689049 0.139089569449425 0.132711097598076 0.126332625746727 0.119954146444798 0.113575674593449 0.1071972027421 0.100818730890751 0.094440259039402 0.100179813802242 0.109958715736866 0.11973761767149 0.129516512155533 0.139295414090157 0.14907431602478 0.158853217959404 0.166477680206299 0.167638838291168 0.168799996376038 0.169961154460907 0.171122312545776 0.172283470630646 0.173444628715515 0.174605786800385 0.176434710621834 0.178486227989197 0.18053774535656 0.182589262723923
0.0836409851908684 0.0824171006679535 0.0826147347688675 0.0870769396424294 0.0915391370654106 0.0960013419389725 0.100463539361954 0.104925736784935 0.109387941658497 0.113850139081478 0.117045104503632 0.119817651808262 0.122590206563473 0.125362753868103 0.128135308623314 0.130907848477364 0.133680403232574 0.133859008550644 0.126255765557289 0.118652515113354 0.111049272119999 0.103446029126644 0.0958427861332893 0.0882395431399345 0.0806363001465797 0.0871036574244499 0.0982612147927284 0.109418772161007 0.120576329529285 0.131733894348145 0.142891451716423 0.154049009084702 0.162826657295227 0.164464548230171 0.166102454066277 0.167740359902382 0.169378250837326 0.171016156673431 0.172654062509537 0.174291968345642 0.176705285906792 0.17937707901001 0.182048857212067 0.184720650315285
0.082583911716938 0.0810814872384071 0.0809745565056801 0.0850541070103645 0.0891336649656296 0.093213215470314 0.0972927734255791 0.101372323930264 0.105451881885529 0.109531432390213 0.112306050956249 0.114645689725876 0.116985321044922 0.119324959814548 0.121664598584175 0.124004229903221 0.126343861222267 0.126161649823189 0.118413843214512 0.110666036605835 0.102918229997158 0.0951704308390617 0.0874226242303848 0.0796748250722885 0.0719270184636116 0.0794984921813011 0.0921763926744461 0.104854293167591 0.117532193660736 0.130210101604462 0.142887994647026 0.155565902590752 0.165376275777817 0.166584074497223 0.16779188811779 0.168999701738358 0.170207500457764 0.171415314078331 0.172623112797737 0.173830926418304 0.176440432667732 0.179517164826393 0.182593896985054 0.185670629143715
0.0815268456935883 0.0797458738088608 0.0793343707919121 0.0830312743782997 0.086728185415268 0.0904250964522362 0.0941220000386238 0.097818911075592 0.10151582211256 0.105212725698948 0.107566997408867 0.109473720192909 0.111380442976952 0.113287165760994 0.115193888545036 0.117100611329079 0.11900732666254 0.118464283645153 0.110571920871735 0.102679558098316 0.0947871953248978 0.0868948325514793 0.0790024623274803 0.0711100995540619 0.0632177367806435 0.0718933343887329 0.0860915705561638 0.100289814174175 0.114488057792187 0.128686308860779 0.14288455247879 0.157082781195641 0.167925894260406 0.168703615665436 0.169481322169304 0.170259028673172 0.171036750078201 0.171814456582069 0.172592177987099 0.173369884490967 0.176175579428673 0.179657250642776 0.183138936758041 0.186620622873306
0.0804697722196579 0.0784102603793144 0.0776941850781441 0.0810084491968155 0.0843227133154869 0.0876369699835777 0.0909512341022491 0.0942654982209206 0.097579762339592 0.100894026458263 0.102827943861485 0.104301750659943 0.105775564908981 0.107249371707439 0.108723178505898 0.110196985304356 0.111670792102814 0.110766917467117 0.102729998528957 0.0946930721402168 0.0866561532020569 0.0786192268133163 0.0705823078751564 0.0625453814864159 0.0545084588229656 0.0642881691455841 0.0800067558884621 0.0957253351807594 0.111443921923637 0.127162501215935 0.142881095409393 0.158599674701691 0.170475527644157 0.170823141932487 0.171170756220818 0.171518370509148 0.171865984797478 0.172213613986969 0.172561228275299 0.172908842563629 0.175910726189613 0.179797351360321 0.183683976531029 0.187570601701736
0.0794126987457275 0.0770746394991875 0.0760539993643761 0.0789856165647507 0.0819172337651253 0.0848488509654999 0.0877804681658745 0.0907120853662491 0.0936437025666237 0.0965753197669983 0.0980888903141022 0.0991297885775566 0.10017067939043 0.101211577653885 0.102252468466759 0.103293359279633 0.104334257543087 0.103069558739662 0.0948880761861801 0.0867065936326981 0.078525111079216 0.070343628525734 0.0621621422469616 0.0539806596934795 0.0457991771399975 0.0566830039024353 0.0739219337701797 0.0911608561873436 0.108399786055088 0.125638708472252 0.142877638339996 0.160116568207741 0.173025146126747 0.172942668199539 0.172860190272331 0.172777712345123 0.172695234417915 0.172612756490707 0.172530278563499 0.172447800636292 0.175645858049393 0.179937437176704 0.184229016304016 0.188520580530167
0.0783556327223778 0.0757390260696411 0.0744138136506081 0.0769627839326859 0.0795117616653442 0.082060731947422 0.0846097022294998 0.0871586725115776 0.0897076427936554 0.0922566130757332 0.0933498367667198 0.09395781904459 0.0945658013224602 0.0951737836003304 0.0957817584276199 0.0963897407054901 0.0969977229833603 0.0953721925616264 0.0870461538434029 0.0787201076745987 0.0703940689563751 0.062068022787571 0.0537419803440571 0.0454159379005432 0.0370898954570293 0.0490778386592865 0.0678371116518974 0.0865963771939278 0.105355650186539 0.12411492317915 0.142874196171761 0.161633461713791 0.175574764609337 0.175062194466591 0.174549624323845 0.174037054181099 0.173524484038353 0.173011913895607 0.172499343752861 0.171986758708954 0.175381004810333 0.180077522993088 0.184774041175842 0.189470559358597
0.0794712677598 0.0766906514763832 0.0751111656427383 0.0771350860595703 0.0791589990258217 0.0811829119920731 0.0832068249583244 0.0852307379245758 0.0872546508908272 0.0892785638570786 0.0898634865880013 0.0899687483906746 0.0900740101933479 0.0901792645454407 0.090284526348114 0.0903897807002068 0.0904950425028801 0.088554821908474 0.0804781690239906 0.0724015161395073 0.064324863255024 0.0562482066452503 0.048171553760767 0.0400949008762836 0.03201824426651 0.0446635521948338 0.0642161816358566 0.0837688148021698 0.103321440517902 0.122874073684216 0.142426699399948 0.161979332566261 0.176558509469032 0.176217332482338 0.175876170396805 0.17553499341011 0.175193831324577 0.174852669239044 0.17451149225235 0.174170330166817 0.177358329296112 0.181722730398178 0.186087116599083 0.190451517701149
0.0827596113085747 0.0799295157194138 0.0781460553407669 0.0795025005936623 0.0808589458465576 0.0822153985500336 0.0835718438029289 0.0849282890558243 0.0862847343087196 0.087641179561615 0.0876298397779465 0.0871625691652298 0.0866952985525131 0.0862280279397964 0.0857607647776604 0.0852934941649437 0.084826223552227 0.0826174393296242 0.0751841217279434 0.0677508041262627 0.0603174902498722 0.0528841726481915 0.0454508550465107 0.0380175411701202 0.0305842235684395 0.0434401482343674 0.0630591511726379 0.0826781541109085 0.102297157049179 0.12191616743803 0.14153516292572 0.161154165863991 0.175976365804672 0.176408097147942 0.176839828491211 0.17727155983448 0.17770329117775 0.178135022521019 0.178566753864288 0.178998485207558 0.181577816605568 0.184873029589653 0.188168242573738 0.191463440656662
0.0860479548573494 0.0831683799624443 0.0811809450387955 0.0818699225783348 0.0825589001178741 0.0832478776574135 0.0839368626475334 0.0846258401870728 0.0853148177266121 0.0860037952661514 0.0853961929678917 0.0843563973903656 0.0833165943622589 0.0822767987847328 0.0812369957566261 0.0801972001791 0.0791573971509933 0.0766800567507744 0.0698900744318962 0.0631000995635986 0.0563101209700108 0.0495201386511326 0.0427301600575447 0.0359401814639568 0.029150202870369 0.0422167405486107 0.0619021207094193 0.0815875008702278 0.101272881031036 0.120958261191845 0.140643641352654 0.160329014062881 0.175394207239151 0.176598846912384 0.177803471684456 0.179008111357689 0.180212751030922 0.181417375802994 0.182622015476227 0.183826640248299 0.185797318816185 0.188023343682289 0.190249353647232 0.192475378513336
0.0893362984061241 0.0864072442054749 0.0842158272862434 0.0842373445630074 0.0842588543891907 0.084280364215374 0.0843018814921379 0.0843233913183212 0.0843449011445045 0.0843664109706879 0.0831625461578369 0.0815502181649208 0.0799378901720047 0.0783255621790886 0.0767132341861725 0.0751009061932564 0.0734885782003403 0.0707426741719246 0.0645960345864296 0.0584493912756443 0.052302747964859 0.0461561046540737 0.0400094650685787 0.0338628217577934 0.0277161803096533 0.0409933365881443 0.0607450902462006 0.0804968476295471 0.100248597562313 0.12000035494566 0.139752104878426 0.159503862261772 0.174812063574791 0.176789596676826 0.178767129778862 0.180744662880898 0.182722195982933 0.184699729084969 0.186677277088165 0.188654810190201 0.190016806125641 0.191173642873764 0.192330479621887 0.193487301468849
