data/working_set_collections/6091692-Cassins_Sparrow-M2/2015/eflux_avg.asc
NCOLS 265 
NROWS 230 
XLLCORNER -115.5625 
YLLCORNER 24.8333333333333 
CELLSIZE 0.0833333333333333 
NODATA_value -9999 
[rows 40 to 59 of 230, columns 184 to 229 of 265]
48.5168685913086 48.8651161193848 49.2133636474609 49.5160293579102 49.8035011291504 50.0909690856934 50.3784408569336 50.6659126281738 50.9533805847168 51.240852355957 51.5486373901367 51.9173736572266 52.2861099243164 52.6548461914062 53.0235824584961 53.3923187255859 53.7610549926758 54.1297912597656 54.5337867736816 54.9495315551758 55.3652763366699 55.7810211181641 56.1967658996582 56.6125106811523 57.0282554626465 57.3300437927246 57.2899589538574 57.2498741149902 57.209789276123 57.1697082519531 57.1296234130859 57.0895385742188 57.0494537353516 57.3850364685059 57.8458404541016 58.3066444396973 58.767448425293 59.2282524108887 59.6890563964844 60.1498603820801 60.5946197509766 60.9912414550781 61.3878631591797 61.7844848632812 62.1811065673828 62.5777282714844
48.4424247741699 48.761833190918 49.0812377929688 49.3618621826172 49.6295547485352 49.8972473144531 50.1649398803711 50.4326324462891 50.700325012207 50.968017578125 51.2577514648438 51.6136054992676 51.9694595336914 52.3253135681152 52.6811676025391 53.0370216369629 53.3928756713867 53.7487297058105 54.1633605957031 54.5975799560547 55.0318031311035 55.4660263061523 55.9002456665039 56.3344688415527 56.7686920166016 57.0906600952148 57.075870513916 57.0610809326172 57.0462875366211 57.0314979553223 57.0167083740234 57.0019187927246 56.9871292114258 57.3351020812988 57.8040008544922 58.2728996276855 58.7417984008789 59.210693359375 59.6795921325684 60.1484909057617 60.6000747680664 60.9997215270996 61.3993682861328 61.799015045166 62.1986618041992 62.5983085632324
48.3548698425293 48.6674919128418 48.980110168457 49.2613182067871 49.532054901123 49.802791595459 50.0735282897949 50.3442649841309 50.6150016784668 50.8857383728027 51.1803970336914 51.5468254089355 51.9132537841797 52.2796821594238 52.646110534668 53.0125389099121 53.3789672851562 53.7453956604004 54.1722984313965 54.6193580627441 55.0664176940918 55.5134773254395 55.9605369567871 56.4075927734375 56.8546524047852 57.1947288513184 57.2138442993164 57.2329597473145 57.2520751953125 57.2711906433105 57.2903060913086 57.3094215393066 57.3285369873047 57.6807823181152 58.1440773010254 58.6073684692383 59.0706596374512 59.5339508056641 59.997241973877 60.4605331420898 60.9040107727051 61.2880439758301 61.6720733642578 62.0561065673828 62.4401359558105 62.8241691589355
48.2541999816895 48.582088470459 48.9099769592285 49.2144012451172 49.5110054016113 49.8076057434082 50.1042098999023 50.4008102416992 50.6974143981934 50.9940147399902 51.3165817260742 51.717041015625 52.1175003051758 52.5179595947266 52.9184188842773 53.3188781738281 53.7193374633789 54.1197967529297 54.560604095459 55.0148620605469 55.4691162109375 55.9233741760254 56.3776321411133 56.8318862915039 57.2861442565918 57.6422424316406 57.7038764953613 57.765510559082 57.8271446228027 57.8887786865234 57.9504127502441 58.0120429992676 58.0736770629883 58.4220771789551 58.8660621643066 59.3100471496582 59.754035949707 60.1980209350586 60.6420059204102 61.085994720459 61.5064277648926 61.8562049865723 62.205982208252 62.5557594299316 62.9055328369141 63.2553100585938
48.1535301208496 48.4966888427734 48.83984375 49.1674842834473 49.4899520874023 49.8124237060547 50.1348915100098 50.4573593139648 50.7798271179199 51.102294921875 51.452766418457 51.8872566223145 52.3217468261719 52.7562370300293 53.1907272338867 53.6252174377441 54.0597076416016 54.494197845459 54.9489097595215 55.4103660583496 55.8718185424805 56.3332710266113 56.7947273254395 57.2561798095703 57.7176322937012 58.0897598266602 58.1939125061035 58.2980651855469 58.402214050293 58.5063667297363 58.6105194091797 58.7146682739258 58.8188209533691 59.1633682250977 59.5880508422852 60.0127296447754 60.4374084472656 60.8620910644531 61.2867698669434 61.7114524841309 62.1088409423828 62.4243659973145 62.7398872375488 63.0554084777832 63.3709335327148 63.6864547729492
48.052864074707 48.4112892150879 48.7697143554688 49.1205711364746 49.4689025878906 49.8172378540039 50.1655693054199 50.5139045715332 50.8622398376465 51.2105712890625 51.5889511108398 52.0574722290039 52.525993347168 52.994514465332 53.4630355834961 53.9315567016602 54.4000778198242 54.8685989379883 55.3372192382812 55.8058700561523 56.2745208740234 56.7431716918945 57.2118225097656 57.6804733276367 58.1491241455078 58.5372772216797 58.6839485168457 58.8306159973145 58.9772872924805 59.1239547729492 59.2706260681152 59.417293548584 59.5639610290527 59.9046592712402 60.3100357055664 60.7154121398926 61.1207847595215 61.5261611938477 61.9315338134766 62.3369102478027 62.7112579345703 62.9925270080566 63.2737922668457 63.555061340332 63.8363304138184 64.1175994873047
47.9521942138672 48.3258857727051 48.6995811462402 49.0736541748047 49.4478530883789 49.8220520019531 50.1962509155273 50.5704498291016 50.944652557373 51.3188514709473 51.7251358032227 52.2276878356934 52.7302398681641 53.2327919006348 53.7353439331055 54.2378959655762 54.7404479980469 55.2430000305176 55.7255249023438 56.2013740539551 56.6772193908691 57.1530685424805 57.6289176940918 58.1047630310059 58.5806121826172 58.9847946166992 59.1739845275879 59.3631706237793 59.5523567199707 59.7415428161621 59.9307289123535 60.1199188232422 60.3091049194336 60.6459541320801 61.0320205688477 61.4180908203125 61.8041610717773 62.1902313232422 62.5762977600098 62.9623680114746 63.3136749267578 63.5606880187988 63.8077011108398 64.0547103881836 64.3017272949219 64.5487442016602
47.8515243530273 48.2404861450195 48.6294479370117 49.0267372131348 49.4268035888672 49.8268661499023 50.2269325256348 50.6269989013672 51.0270614624023 51.4271278381348 51.8613243103027 52.3979034423828 52.9344863891602 53.4710693359375 54.0076522827148 54.5442352294922 55.0808181762695 55.6174011230469 56.1138305664062 56.5968742370605 57.0799217224121 57.5629653930664 58.046012878418 58.5290565490723 59.0121040344238 59.4323120117188 59.6640167236328 59.8957214355469 60.1274261474609 60.359130859375 60.5908355712891 60.8225402832031 61.0542449951172 61.3872451782227 61.7540092468262 62.1207733154297 62.4875373840332 62.8542976379395 63.221061706543 63.5878257751465 63.916088104248 64.1288452148438 64.3416061401367 64.5543670654297 64.7671279907227 64.9798812866211
47.808666229248 48.208854675293 48.6090431213379 49.0195922851562 49.4335975646973 49.8476028442383 50.2616119384766 50.6756172180176 51.0896224975586 51.5036277770996 51.9527549743652 52.5072364807129 53.0617218017578 53.6162033081055 54.1706886291504 54.725170135498 55.279655456543 55.8341369628906 56.3392486572266 56.8279037475586 57.3165588378906 57.8052139282227 58.2938690185547 58.7825241088867 59.2711791992188 59.7019271850586 59.9589462280273 60.2159690856934 60.4729881286621 60.7300071716309 60.9870300292969 61.2440490722656 61.5010681152344 61.8433799743652 62.2141265869141 62.5848693847656 62.9556121826172 63.3263549804688 63.6970977783203 64.0678405761719 64.3936233520508 64.5845184326172 64.7754058837891 64.9663009643555 65.1571960449219 65.3480834960938
47.8236236572266 48.2309913635254 48.6383590698242 49.0522193908691 49.4682388305664 49.8842620849609 50.3002853393555 50.71630859375 51.1323280334473 51.5483512878418 51.9994316101074 52.5556869506836 53.1119384765625 53.6681938171387 54.2244491577148 54.7807006835938 55.3369560241699 55.8932113647461 56.401782989502 56.894458770752 57.3871383666992 57.8798141479492 58.3724899291992 58.8651695251465 59.3578453063965 59.7936363220215 60.0587692260742 60.323902130127 60.589038848877 60.8541717529297 61.1193046569824 61.3844375610352 61.6495704650879 62.0143623352051 62.4123687744141 62.8103790283203 63.2083892822266 63.6063995361328 64.0044097900391 64.4024200439453 64.7462768554688 64.9276962280273 65.1091079711914 65.2905197143555 65.4719314575195 65.6533432006836
47.8385772705078 48.2531280517578 48.6676788330078 49.0848426818848 49.5028839111328 49.9209213256836 50.3389587402344 50.7569961547852 51.1750373840332 51.593074798584 52.0461082458496 52.604133605957 53.1621589660645 53.7201843261719 54.2782096862793 54.8362350463867 55.3942604064941 55.9522819519043 56.4643135070801 56.9610137939453 57.4577140808105 57.9544143676758 58.4511108398438 58.947811126709 59.4445114135742 59.8853492736816 60.1585960388184 60.4318389892578 60.7050857543945 60.9783325195312 61.251579284668 61.5248260498047 61.7980728149414 62.1853408813477 62.6106147766113 63.0358924865723 63.4611663818359 63.8864440917969 64.3117218017578 64.7369918823242 65.0989379882812 65.270866394043 65.4428024291992 65.6147384643555 65.7866744995117 65.9586029052734
47.8535308837891 48.2752647399902 48.6969947814941 49.1174697875977 49.537525177002 49.9575805664062 50.3776321411133 50.7976875305176 51.2177429199219 51.6377983093262 52.0927848815918 52.6525802612305 53.2123794555664 53.7721748352051 54.3319702148438 54.8917655944824 55.4515609741211 56.0113563537598 56.5268478393555 57.0275688171387 57.5282897949219 58.0290107727051 58.5297355651855 59.0304565429688 59.531177520752 59.9770584106445 60.2584190368652 60.5397758483887 60.8211364746094 61.1024971008301 61.3838539123535 61.6652145385742 61.9465751647949 62.3563194274902 62.8088607788086 63.261402130127 63.7139434814453 64.1664886474609 64.619026184082 65.0715713500977 65.4515914916992 65.6140441894531 65.776496887207 65.9389572143555 66.1014099121094 66.2638626098633
47.8684844970703 48.2974014282227 48.7263145446777 49.1500968933105 49.5721664428711 49.9942359924316 50.4163093566895 50.83837890625 51.2604484558105 51.6825180053711 52.1394653320312 52.7010307312012 53.2625961303711 53.824161529541 54.3857307434082 54.9472961425781 55.508861541748 56.0704307556152 56.5893783569336 57.094123840332 57.5988655090332 58.1036109924316 58.6083564758301 59.1130981445312 59.6178436279297 60.0687675476074 60.3582420349121 60.6477127075195 60.9371871948242 61.2266578674316 61.5161323547363 61.8056030273438 62.0950736999512 62.5272979736328 63.0071067810059 63.4869155883789 63.9667205810547 64.446533203125 64.9263381958008 65.4061431884766 65.8042449951172 65.9572219848633 66.1101989746094 66.2631759643555 66.416145324707 66.5691223144531
47.8834381103516 48.3195381164551 48.7556343078613 49.1827239990234 49.6068077087402 50.0308952331543 50.4549827575684 50.8790702819824 51.3031539916992 51.7272415161133 52.1861419677734 52.7494773864746 53.312816619873 53.8761520385742 54.4394912719727 55.0028266906738 55.5661659240723 56.1295013427734 56.651912689209 57.1606788635254 57.6694450378418 58.1782112121582 58.6869773864746 59.195743560791 59.7045097351074 60.1604804992676 60.458065032959 60.7556495666504 61.0532341003418 61.3508224487305 61.6484069824219 61.9459915161133 62.2435760498047 62.6982765197754 63.2053527832031 63.7124252319336 64.2194976806641 64.7265701293945 65.2336502075195 65.74072265625 66.1568984985352 66.3003997802734 66.4438934326172 66.5873870849609 66.7308883666992 66.874382019043
48.015064239502 48.4632568359375 48.911449432373 49.3336296081543 49.747142791748 50.1606521606445 50.574161529541 50.9876708984375 51.401180267334 51.8146896362305 52.2624359130859 52.8128814697266 53.3633308410645 53.9137802124023 54.4642295837402 55.0146789550781 55.5651245117188 56.1155738830566 56.6419563293457 57.1603164672852 57.6786766052246 58.1970329284668 58.7153930664062 59.2337532043457 59.7521095275879 60.2120933532715 60.4969367980957 60.7817840576172 61.0666313171387 61.3514785766602 61.6363220214844 61.9211692810059 62.2060165405273 62.6820220947266 63.2217483520508 63.761474609375 64.3012008666992 64.8409271240234 65.3806533813477 65.9203796386719 66.3627243041992 66.5129165649414 66.6631088256836 66.8133010864258 66.9635009765625 67.1136932373047
48.2633590698242 48.7285652160645 49.1937675476074 49.6028213500977 49.9931640625 50.3835029602051 50.7738418579102 51.1641845703125 51.5545234680176 51.9448623657227 52.3683433532715 52.891242980957 53.4141464233398 53.9370460510254 54.4599456787109 54.9828453063965 55.505744934082 56.0286483764648 56.559513092041 57.0930366516113 57.6265602111816 58.160083770752 58.6936073303223 59.2271270751953 59.7606506347656 60.2236061096191 60.4748611450195 60.7261161804199 60.9773712158203 61.2286262512207 61.4798812866211 61.7311363220215 61.9823913574219 62.4785308837891 63.0562973022461 63.6340599060059 64.2118225097656 64.7895889282227 65.3673553466797 65.9451217651367 66.4217147827148 66.5947799682617 66.7678451538086 66.94091796875 67.1139831542969 67.2870483398438
48.5116577148438 48.9938697814941 49.4760818481445 49.872013092041 50.239185333252 50.6063575744629 50.9735260009766 51.3406982421875 51.7078666687012 52.0750389099121 52.4742546081543 52.9696044921875 53.464958190918 53.9603118896484 54.4556617736816 54.9510154724121 55.4463653564453 55.9417190551758 56.4770736694336 57.0257606506348 57.5744438171387 58.1231307983398 58.671817779541 59.2205047607422 59.7691917419434 60.2351226806641 60.4527854919434 60.6704483032227 60.8881149291992 61.1057777404785 61.3234405517578 61.5411033630371 61.7587699890137 62.2750396728516 62.8908424377441 63.506649017334 64.1224517822266 64.7382583618164 65.3540573120117 65.9698638916016 66.4807052612305 66.676643371582 66.8725814819336 67.0685272216797 67.2644653320312 67.4604034423828
48.759952545166 49.2591781616211 49.7583999633789 50.1412048339844 50.4852066040039 50.8292083740234 51.173210144043 51.5172119140625 51.8612098693848 52.2052116394043 52.5801620483398 53.047966003418 53.5157699584961 53.9835739135742 54.4513778686523 54.9191818237305 55.3869857788086 55.8547897338867 56.3946304321289 56.9584808349609 57.522331237793 58.086181640625 58.650032043457 59.2138824462891 59.7777328491211 60.2466354370117 60.4307098388672 60.6147804260254 60.7988548278809 60.9829292297363 61.1669998168945 61.35107421875 61.5351448059082 62.0715446472168 62.7253913879395 63.3792343139648 64.033073425293 64.6869201660156 65.3407669067383 65.9946060180664 66.5396957397461 66.7585067749023 66.9773178100586 67.1961364746094 67.4149475097656 67.6337585449219
49.0082473754883 49.5244827270508 50.0407180786133 50.4103965759277 50.7312278747559 51.052059173584 51.3728904724121 51.6937217712402 52.0145530700684 52.3353843688965 52.6860733032227 53.1263275146484 53.5665855407715 54.0068397521973 54.4470977783203 54.8873519897461 55.3276062011719 55.7678642272949 56.3121871948242 56.8912010192871 57.47021484375 58.0492286682129 58.6282424926758 59.2072563171387 59.7862701416016 60.2581520080566 60.408634185791 60.5591163635254 60.7095947265625 60.8600769042969 61.0105590820312 61.1610412597656 61.3115234375 61.8680534362793 62.5599365234375 63.2518196105957 63.9437026977539 64.6355819702148 65.3274688720703 66.0193481445312 66.5986862182617 66.8403701782227 67.0820541381836 67.3237457275391 67.5654296875 67.8071136474609
49.2565460205078 49.7897872924805 50.3230323791504 50.6795883178711 50.9772529602051 51.2749137878418 51.5725746154785 51.8702354431152 52.1679000854492 52.4655609130859 52.7919845581055 53.2046890258789 53.6173973083496 54.0301055908203 54.442813873291 54.8555221557617 55.2682266235352 55.6809349060059 56.2297477722168 56.8239250183105 57.4181022644043 58.012279510498 58.6064567565918 59.2006340026855 59.7948112487793 60.2696685791016 60.3865585327148 60.5034484863281 60.6203384399414 60.7372283935547 60.854118347168 60.9710083007812 61.0878982543945 61.6645622253418 62.3944854736328 63.1244049072266 63.8543281555176 64.5842514038086 65.3141708374023 66.0440902709961 66.6576766967773 66.922233581543 67.1867904663086 67.4513549804688 67.7159118652344 67.98046875
