data/working_set_collections/6091692-Cassins_Sparrow-M2/2015/eflux_avg.asc
NCOLS 265 
NROWS 230 
XLLCORNER -115.5625 
YLLCORNER 24.8333333333333 
CELLSIZE 0.0833333333333333 
NODATA_value -9999 
[rows 100 to 119 of 230, columns 138 to 183 of 265]
34.9247894287109 35.0158042907715 35.106819152832 35.1978340148926 35.3015441894531 35.4094848632812 35.5174255371094 35.6253662109375 35.7333068847656 35.8412437438965 35.9491844177246 36.1866340637207 36.8126029968262 37.4385719299316 38.0645408630371 38.6905097961426 39.316478729248 39.9424476623535 40.568416595459 40.904411315918 41.1437454223633 41.3830833435059 41.6224212646484 41.8617553710938 42.1010932922363 42.3404273986816 42.6219520568848 43.0300331115723 43.438117980957 43.8461990356445 44.2542839050293 44.6623649597168 45.0704498291016 45.4785308837891 45.5274391174316 45.4566268920898 45.3858108520508 45.3149948120117 45.2441787719727 45.1733627319336 45.1025466918945 45.2299385070801 45.9519500732422 46.673957824707 47.3959693908691 48.117977142334
34.6593475341797 34.74658203125 34.833812713623 34.9210472106934 35.0259819030762 35.1368179321289 35.2476539611816 35.3584861755371 35.4693222045898 35.5801582336426 35.690990447998 35.953441619873 36.6707420349121 37.3880386352539 38.105339050293 38.8226356506348 39.5399322509766 40.2572326660156 40.9745292663574 41.2969512939453 41.4877510070801 41.6785469055176 41.8693466186523 42.0601425170898 42.2509384155273 42.4417381286621 42.6947708129883 43.1345138549805 43.5742568969727 44.0139999389648 44.4537467956543 44.8934898376465 45.3332328796387 45.7729759216309 45.8344879150391 45.7699241638184 45.7053604125977 45.640796661377 45.5762329101562 45.5116691589355 45.4471054077148 45.5834426879883 46.3224868774414 47.0615310668945 47.8005752563477 48.5396194458008
34.394718170166 34.4827919006348 34.5708656311035 34.6589393615723 34.7954406738281 34.9480781555176 35.1007194519043 35.253360748291 35.4060020446777 35.5586395263672 35.7112808227539 36.0156936645508 36.7754135131836 37.5351371765137 38.2948608398438 39.0545845031738 39.8143081665039 40.574031829834 41.3337554931641 41.636116027832 41.7860221862793 41.9359283447266 42.0858345031738 42.2357406616211 42.3856468200684 42.5355529785156 42.757869720459 43.1974143981934 43.6369590759277 44.0765037536621 44.5160484313965 44.9555931091309 45.395133972168 45.8346786499023 45.9323539733887 45.916072845459 45.899787902832 45.8835067749023 45.8672256469727 45.8509407043457 45.834659576416 46.0112838745117 46.7666206359863 47.5219612121582 48.2772979736328 49.0326385498047
34.1309013366699 34.224437713623 34.3179779052734 34.4115142822266 34.6099166870117 34.8432731628418 35.0766296386719 35.309986114502 35.543342590332 35.7766952514648 36.0100517272949 36.3733825683594 37.1266250610352 37.8798713684082 38.633113861084 39.3863563537598 40.1396026611328 40.8928451538086 41.6460914611816 41.9218978881836 42.0385627746582 42.1552276611328 42.2718887329102 42.3885536193848 42.5052146911621 42.6218795776367 42.8112487792969 43.2187309265137 43.6262168884277 44.0337028503418 44.4411888122559 44.8486747741699 45.2561569213867 45.6636428833008 45.8210372924805 45.8950653076172 45.9690933227539 46.0431213378906 46.1171493530273 46.1911811828613 46.265209197998 46.5134544372559 47.284351348877 48.0552444458008 48.8261413574219 49.597038269043
33.8670806884766 33.9660835266113 34.0650863647461 34.1640892028809 34.4243965148926 34.738468170166 35.0525398254395 35.3666114807129 35.6806831359863 35.9947547912598 36.3088264465332 36.731071472168 37.4778366088867 38.2246017456055 38.9713668823242 39.718132019043 40.4648971557617 41.2116622924805 41.9584274291992 42.2076835632324 42.2911033630371 42.3745231628418 42.4579429626465 42.5413627624512 42.6247825622559 42.7082061767578 42.8646240234375 43.2400512695312 43.615478515625 43.9909019470215 44.3663291931152 44.741756439209 45.1171798706055 45.4926071166992 45.709716796875 45.8740577697754 46.0383987426758 46.2027359008789 46.3670768737793 46.5314178466797 46.6957588195801 47.015625 47.8020782470703 48.5885314941406 49.3749847412109 50.1614379882812
33.6032638549805 33.7077293395996 33.812198638916 33.9166641235352 34.2388725280762 34.633659362793 35.0284461975098 35.4232330322266 35.8180236816406 36.2128105163574 36.6075973510742 37.0887603759766 37.829044342041 38.5693321228027 39.3096160888672 40.0499038696289 40.7901916503906 41.5304756164551 42.2707633972168 42.493465423584 42.543643951416 42.593822479248 42.6439971923828 42.6941757202148 42.7443542480469 42.7945289611816 42.9180030822754 43.2613716125488 43.604736328125 43.9481048583984 44.2914695739746 44.634838104248 44.9782028198242 45.3215675354004 45.5984001159668 45.8530502319336 46.1077003479004 46.3623542785645 46.6170043945312 46.871654510498 47.1263046264648 47.5177955627441 48.3198051452637 49.1218147277832 49.9238243103027 50.7258338928223
33.3394432067871 33.4493751525879 33.5593070983887 33.6692390441895 34.0533485412598 34.5288543701172 35.0043563842773 35.4798583984375 35.9553642272949 36.4308662414551 36.9063682556152 37.4464492797852 38.1802558898926 38.9140625 39.6478691101074 40.3816757202148 41.1154823303223 41.849292755127 42.5830993652344 42.7792510986328 42.7961845397949 42.813117980957 42.8300514221191 42.8469886779785 42.8639221191406 42.8808555603027 42.9713821411133 43.2826881408691 43.5939979553223 43.9053039550781 44.216609954834 44.5279197692871 44.839225769043 45.1505317687988 45.4870796203613 45.8320426940918 46.1770057678223 46.5219688415527 46.8669319152832 47.2118911743164 47.5568542480469 48.0199699401855 48.8375358581543 49.655101776123 50.4726676940918 51.2902336120605
33.075626373291 33.1910209655762 33.3064193725586 33.4218139648438 33.8678283691406 34.4240455627441 34.9802665710449 35.5364837646484 36.0927047729492 36.6489219665527 37.2051429748535 37.8041381835938 38.5314674377441 39.2587928771973 39.9861221313477 40.713451385498 41.4407768249512 42.1681060791016 42.895435333252 43.0650329589844 43.0487251281738 43.0324172973633 43.0161056518555 42.9997978210449 42.9834899902344 42.9671821594238 43.0247611999512 43.3040084838867 43.5832557678223 43.8625030517578 44.1417503356934 44.4210014343262 44.7002487182617 44.9794960021973 45.3757629394531 45.81103515625 46.2463111877441 46.681583404541 47.1168556213379 47.552131652832 47.9874038696289 48.5221405029297 49.3552627563477 50.1883888244629 51.0215110778809 51.8546333312988
32.942138671875 33.0802345275879 33.2183265686035 33.3564224243164 33.838752746582 34.4358329772949 35.0329132080078 35.6299896240234 36.2270698547363 36.8241500854492 37.4212303161621 38.0444564819336 38.7461204528809 39.4477882385254 40.1494522094727 40.8511199951172 41.5527839660645 42.254451751709 42.9561195373535 43.1097145080566 43.0806159973145 43.0515213012695 43.0224266052246 42.9933319091797 42.9642372131348 42.9351425170898 42.9824676513672 43.2590599060059 43.5356483459473 43.8122406005859 44.0888328552246 44.3654251098633 44.642017364502 44.9186058044434 45.3508415222168 45.8349533081055 46.3190689086914 46.8031806945801 47.287296295166 47.771411895752 48.2555236816406 48.8260803222656 49.6559524536133 50.4858283996582 51.3157043457031 52.145580291748
32.9389801025391 33.1170082092285 33.2950325012207 33.4730606079102 33.9661293029785 34.5642127990723 35.162296295166 35.7603797912598 36.3584632873535 36.9565467834473 37.554630279541 38.1674003601074 38.8242225646973 39.4810409545898 40.1378631591797 40.7946853637695 41.4515075683594 42.1083297729492 42.7651481628418 42.9132843017578 42.8918609619141 42.8704376220703 42.8490104675293 42.8275871276855 42.8061599731445 42.7847366333008 42.8445014953613 43.1478385925293 43.4511795043945 43.7545166015625 44.0578536987305 44.3611907958984 44.6645278930664 44.9678688049316 45.4123153686523 45.9037971496582 46.3952827453613 46.8867645263672 47.3782501220703 47.8697319030762 48.3612174987793 48.9317855834961 49.7396049499512 50.5474281311035 51.3552474975586 52.1630706787109
32.9358253479004 33.1537818908691 33.3717422485352 33.5896987915039 34.093505859375 34.6925926208496 35.2916831970215 35.8907699584961 36.4898567199707 37.0889472961426 37.6880340576172 38.2903442382812 38.9023208618164 39.5142974853516 40.1262741088867 40.7382507324219 41.350227355957 41.9622039794922 42.5741806030273 42.7168579101562 42.7031059265137 42.6893501281738 42.675594329834 42.6618423461914 42.6480865478516 42.6343307495117 42.7065353393555 43.03662109375 43.3667068481445 43.6967887878418 44.0268745422363 44.3569602966309 44.6870422363281 45.0171279907227 45.4737892150879 45.9726409912109 46.4714965820312 46.9703483581543 47.4692039489746 47.9680557250977 48.466911315918 49.0374908447266 49.8232574462891 50.6090240478516 51.3947944641113 52.1805610656738
32.9326667785645 33.190559387207 33.4484481811523 33.7063407897949 34.2208824157715 34.820972442627 35.4210662841797 36.0211601257324 36.6212539672852 37.2213439941406 37.8214378356934 38.4132919311523 38.9804229736328 39.5475540161133 40.1146850585938 40.6818161010742 41.248950958252 41.8160820007324 42.3832130432129 42.5204315185547 42.514347076416 42.5082626342773 42.5021781921387 42.49609375 42.4900093078613 42.4839248657227 42.5685691833496 42.9254035949707 43.2822341918945 43.6390647888184 43.9958953857422 44.352725982666 44.7095565795898 45.0663871765137 45.5352630615234 46.0414848327637 46.5477104187012 47.0539321899414 47.5601577758789 48.0663795471191 48.5726013183594 49.1431999206543 49.906909942627 50.6706237792969 51.4343376159668 52.1980514526367
32.9295120239258 33.2273330688477 33.5251579284668 33.8229789733887 34.348258972168 34.9493560791016 35.5504531860352 36.1515502929688 36.7526473999023 37.3537445068359 37.9548416137695 38.5362358093262 39.058521270752 39.580810546875 40.1030960083008 40.6253852844238 41.1476707458496 41.6699562072754 42.1922454833984 42.3240051269531 42.3255920410156 42.3271789550781 42.3287620544434 42.3303489685059 42.3319358825684 42.3335227966309 42.430606842041 42.8141822814941 43.1977615356445 43.5813369750977 43.964916229248 44.3484916687012 44.7320709228516 45.115650177002 45.596736907959 46.1103324890137 46.6239242553711 47.1375160217285 47.6511077880859 48.1647033691406 48.678295135498 49.2489051818848 49.9905624389648 50.7322235107422 51.4738807678223 52.2155418395996
32.9263534545898 33.2641105651855 33.601863861084 33.9396171569824 34.4756317138672 35.0777359008789 35.6798362731934 36.2819404602051 36.8840408325195 37.486141204834 38.0882453918457 38.6591796875 39.1366233825684 39.6140670776367 40.0915069580078 40.5689506530762 41.0463905334473 41.5238342285156 42.0012741088867 42.1275787353516 42.136833190918 42.1460914611816 42.155345916748 42.1646041870117 42.1738586425781 42.1831169128418 42.2926406860352 42.7029647827148 43.1132888793945 43.5236129760742 43.9339370727539 44.3442611694336 44.7545852661133 45.164909362793 45.6582107543945 46.1791763305664 46.700138092041 47.2210998535156 47.7420616149902 48.2630271911621 48.7839889526367 49.3546104431152 50.0742149353027 50.7938194274902 51.513427734375 52.2330322265625
32.7684211730957 33.1383476257324 33.5082740783691 33.8782005310059 34.427619934082 35.0368690490723 35.6461181640625 36.2553634643555 36.8646125793457 37.4738616943359 38.0831108093262 38.6510047912598 39.0948371887207 39.5386657714844 39.9824981689453 40.4263305664062 40.8701591491699 41.3139915466309 41.7578239440918 41.8855667114258 41.9079437255859 41.9303245544434 41.9527053833008 41.9750862121582 41.9974670410156 42.019847869873 42.1431198120117 42.5690689086914 42.9950180053711 43.4209671020508 43.8469200134277 44.2728691101074 44.6988182067871 45.1247673034668 45.625732421875 46.1516990661621 46.6776695251465 47.2036361694336 47.7296028137207 48.2555732727051 48.7815399169922 49.3494873046875 50.0433769226074 50.7372665405273 51.43115234375 52.1250419616699
32.4557189941406 32.8500556945801 33.2443923950195 33.6387329101562 34.2042198181152 34.8267555236816 35.449291229248 36.0718269348145 36.6943664550781 37.3169021606445 37.9394378662109 38.5117034912109 38.9331588745117 39.3546142578125 39.776065826416 40.1975212097168 40.6189765930176 41.0404281616211 41.4618835449219 41.5979652404785 41.6389236450195 41.6798820495605 41.7208366394043 41.7617950439453 41.8027534484863 41.8437118530273 41.9820442199707 42.4124984741211 42.8429527282715 43.2734069824219 43.7038612365723 44.1343154907227 44.564769744873 44.9952239990234 45.4992942810059 46.027904510498 46.5565147399902 47.0851249694824 47.6137351989746 48.1423454284668 48.6709518432617 49.2335357666016 49.8980445861816 50.5625534057617 51.2270622253418 51.8915710449219
32.1430130004883 32.5617599487305 32.9805107116699 33.3992614746094 33.9808158874512 34.616641998291 35.2524681091309 35.8882904052734 36.5241165161133 37.1599426269531 37.7957649230957 38.3724060058594 38.7714805603027 39.1705589294434 39.569637298584 39.9687118530273 40.367790222168 40.7668685913086 41.1659469604492 41.3103675842285 41.3698997497559 41.4294357299805 41.4889717102051 41.5485038757324 41.608039855957 41.6675758361816 41.8209648132324 42.2559242248535 42.6908836364746 43.1258430480957 43.5608024597168 43.9957618713379 44.430721282959 44.8656806945801 45.372859954834 45.904109954834 46.4353637695312 46.9666137695312 47.4978637695312 48.0291137695312 48.5603675842285 49.1175880432129 49.7527160644531 50.3878440856934 51.0229721069336 51.6581001281738
31.8303070068359 32.2734680175781 32.7166290283203 33.1597900390625 33.7574157714844 34.4065284729004 35.0556411743164 35.7047538757324 36.3538665771484 37.0029792785645 37.6520957946777 38.2331047058105 38.609806060791 38.9865036010742 39.3632049560547 39.7399063110352 40.1166076660156 40.4933052062988 40.8700065612793 41.0227661132812 41.1008796691895 41.1789894104004 41.2571029663086 41.3352165222168 41.4133262634277 41.4914398193359 41.6598892211914 42.0993537902832 42.538818359375 42.9782829284668 43.4177474975586 43.8572120666504 44.2966766357422 44.7361373901367 45.2464256286621 45.7803153991699 46.314208984375 46.8481025695801 47.3819923400879 47.915885925293 48.449779510498 49.001636505127 49.6073837280273 50.213134765625 50.8188819885254 51.424633026123
31.5176010131836 31.9851741790771 32.4527473449707 32.9203186035156 33.5340118408203 34.1964149475098 34.8588180541992 35.5212173461914 36.1836204528809 36.846019744873 37.5084228515625 38.0938034057617 38.448127746582 38.8024520874023 39.1567726135254 39.5110969543457 39.865421295166 40.2197456359863 40.5740699768066 40.735164642334 40.8318557739258 40.9285469055176 41.0252342224121 41.1219253540039 41.2186126708984 41.3153038024902 41.4988136291504 41.9427833557129 42.3867492675781 42.8307189941406 43.2746887207031 43.7186584472656 44.1626281738281 44.6065979003906 45.119987487793 45.6565208435059 46.193058013916 46.7295913696289 47.2661247253418 47.8026580810547 48.3391914367676 48.885684967041 49.4620513916016 50.0384216308594 50.6147918701172 51.191162109375
31.2048969268799 31.6968803405762 32.1888656616211 32.6808471679688 33.3106117248535 33.9863014221191 34.6619911193848 35.3376808166504 36.013370513916 36.6890602111816 37.3647499084473 37.9545059204102 38.286449432373 38.6183967590332 38.9503440856934 39.2822914123535 39.6142349243164 39.9461822509766 40.2781295776367 40.447566986084 40.5628318786621 40.6781005859375 40.7933654785156 40.908634185791 41.0238990783691 41.1391677856445 41.3377342224121 41.7862091064453 42.2346839904785 42.6831588745117 43.1316299438477 43.5801048278809 44.0285797119141 44.4770545959473 44.9935531616211 45.5327262878418 46.0719032287598 46.6110801696777 47.1502532958984 47.6894302368164 48.2286033630371 48.7697334289551 49.316722869873 49.863712310791 50.410701751709 50.957691192627
