data/working_set_collections/6091692-Cassins_Sparrow-M2/2015/eflux_avg.asc
NCOLS 265 
NROWS 230 
XLLCORNER -115.5625 
YLLCORNER 24.8333333333333 
CELLSIZE 0.0833333333333333 
NODATA_value -9999 
[rows 80 to 99 of 230, columns 138 to 183 of 265]
32.4616851806641 32.5088348388672 32.5559844970703 32.6031341552734 32.8552665710449 33.1757202148438 33.4961776733398 33.8166351318359 34.137092590332 34.4575500488281 34.7780075073242 35.1794128417969 35.823673248291 36.4679336547852 37.112190246582 37.7564506530762 38.4007110595703 39.0449676513672 39.6892280578613 39.6986923217773 39.4965591430664 39.2944221496582 39.0922889709473 38.8901557922363 38.6880226135254 38.4858856201172 38.5567932128906 39.4468154907227 40.3368377685547 41.2268600463867 42.1168823242188 43.0069046020508 43.8969306945801 44.7869529724121 45.602123260498 46.3923416137695 47.182559967041 47.9727821350098 48.7630004882812 49.55322265625 50.3434410095215 51.071475982666 51.6129608154297 52.1544456481934 52.695930480957 53.2374153137207
33.1955718994141 33.2601432800293 33.3247146606445 33.3892860412598 33.6325569152832 33.9353942871094 34.2382278442383 34.5410652160645 34.8438987731934 35.1467361450195 35.4495735168457 35.8299446105957 36.4429244995117 37.0559043884277 37.6688842773438 38.2818641662598 38.8948440551758 39.5078239440918 40.1208038330078 40.1039695739746 39.8772010803223 39.6504287719727 39.4236602783203 39.1968879699707 38.9701194763184 38.743350982666 38.7888374328613 39.6510963439941 40.513355255127 41.3756141662598 42.2378730773926 43.1001358032227 43.9623947143555 44.8246536254883 45.6238059997559 46.4019203186035 47.1800384521484 47.9581527709961 48.736270904541 49.5143852233887 50.2925033569336 51.0082397460938 51.5368423461914 52.0654411315918 52.5940437316895 53.1226425170898
33.9294586181641 34.0114517211914 34.0934448242188 34.1754379272461 34.4098472595215 34.6950645446777 34.9802780151367 35.265495300293 35.550708770752 35.8359222412109 36.1211395263672 36.4804763793945 37.0621757507324 37.6438751220703 38.2255783081055 38.8072776794434 39.3889770507812 39.9706802368164 40.5523796081543 40.5092506408691 40.2578430175781 40.0064353942871 39.7550315856934 39.5036239624023 39.2522163391113 39.0008125305176 39.020881652832 39.8553771972656 40.6898727416992 41.5243682861328 42.3588638305664 43.1933631896973 44.0278587341309 44.8623542785645 45.6454887390137 46.4114990234375 47.1775131225586 47.9435234069824 48.7095375061035 49.4755516052246 50.2415618896484 50.9450035095215 51.4607200622559 51.9764366149902 52.4921569824219 53.0078735351562
34.6633415222168 34.7627601623535 34.862174987793 34.9615898132324 35.187141418457 35.4547348022461 35.7223281860352 35.9899215698242 36.2575149536133 36.5251083374023 36.7927055358887 37.1310043334961 37.6814270019531 38.2318496704102 38.7822685241699 39.332691192627 39.883113861084 40.4335327148438 40.9839553833008 40.9145278930664 40.638484954834 40.3624420166016 40.0864028930664 39.810359954834 39.5343170166016 39.2582740783691 39.2529258728027 40.0596580505371 40.8663902282715 41.6731224060059 42.4798583984375 43.2865905761719 44.0933227539062 44.9000549316406 45.6671714782715 46.4210777282715 47.1749877929688 47.928897857666 48.6828079223633 49.4367141723633 50.1906242370605 50.881763458252 51.3845977783203 51.8874320983887 52.390266418457 52.8931007385254
35.2974624633789 35.4101104736328 35.5227584838867 35.6354064941406 35.8446235656738 36.0860328674316 36.3274383544922 36.56884765625 36.8102569580078 37.0516624450684 37.2930717468262 37.6028480529785 38.117733001709 38.6326179504395 39.1474990844727 39.6623840332031 40.1772689819336 40.6921539306641 41.2070350646973 41.1259307861328 40.8461570739746 40.5663871765137 40.2866172790527 40.0068473815918 39.7270774841309 39.4473037719727 39.4291152954102 40.1956748962402 40.962230682373 41.7287864685059 42.4953422546387 43.2618980407715 44.0284538269043 44.7950134277344 45.5327529907227 46.2608909606934 46.9890289306641 47.7171669006348 48.4453048706055 49.1734428405762 49.9015808105469 50.5718955993652 51.0687408447266 51.5655860900879 52.0624313354492 52.5592765808105
35.8318138122559 35.9535026550293 36.0751953125 36.1968841552734 36.3823013305664 36.5889587402344 36.7956123352051 37.002269744873 37.208927154541 37.415584564209 37.622241973877 37.8960075378418 38.37109375 38.8461799621582 39.3212699890137 39.7963562011719 40.2714462280273 40.7465324401855 41.221622467041 41.1434516906738 40.880859375 40.6182708740234 40.3556785583496 40.0930862426758 39.8304977416992 39.5679054260254 39.5494575500488 40.2634239196777 40.9773902893066 41.6913566589355 42.4053230285645 43.1192893981934 43.8332557678223 44.5472221374512 45.2422370910645 45.9309387207031 46.6196365356445 47.3083343505859 47.9970321655273 48.6857299804688 49.3744277954102 50.0153923034668 50.5131416320801 51.0108909606934 51.5086402893066 52.0063934326172
36.3661613464355 36.4968948364258 36.627628326416 36.7583618164062 36.9199752807617 37.0918807983398 37.263786315918 37.4356918334961 37.6076011657715 37.7795066833496 37.9514122009277 38.1891632080078 38.624454498291 39.0597457885742 39.4950370788574 39.9303321838379 40.3656234741211 40.8009147644043 41.2362060546875 41.1609725952148 40.9155616760254 40.6701507568359 40.4247398376465 40.179328918457 39.9339179992676 39.6885070800781 39.6697959899902 40.3311729431152 40.9925498962402 41.6539268493652 42.3153038024902 42.9766807556152 43.6380577087402 44.2994346618652 44.9517211914062 45.6009826660156 46.2502403259277 46.8995018005371 47.5487594604492 48.1980209350586 48.8472785949707 49.4588890075684 49.9575424194336 50.4561996459961 50.9548530578613 51.4535102844238
36.9005126953125 37.0402908325195 37.1800651550293 37.3198432922363 37.4576530456543 37.5948066711426 37.7319602966309 37.8691177368164 38.0062713623047 38.143424987793 38.2805824279785 38.4823188781738 38.877815246582 39.2733116149902 39.6688079833984 40.0643043518066 40.4598007202148 40.855297088623 41.250789642334 41.1784934997559 40.9502601623535 40.7220306396484 40.4938011169434 40.2655715942383 40.0373420715332 39.8091087341309 39.7901344299316 40.3989219665527 41.0077095031738 41.6164970397949 42.225284576416 42.8340721130371 43.4428596496582 44.0516471862793 44.6612091064453 45.2710266113281 45.8808479309082 46.4906692504883 47.1004867553711 47.7103080749512 48.3201293945312 48.9023857116699 49.4019432067871 49.9015045166016 50.401065826416 50.9006271362305
37.4348640441895 37.583683013916 37.7325019836426 37.8813209533691 37.9953269958496 38.0977325439453 38.2001342773438 38.3025398254395 38.4049415588379 38.5073471069336 38.609748840332 38.7754783630371 39.131175994873 39.4868774414062 39.8425788879395 40.1982765197754 40.5539779663086 40.9096755981445 41.2653770446777 41.1960144042969 40.9849624633789 40.7739143371582 40.5628623962402 40.3518104553223 40.1407623291016 39.9297103881836 39.910472869873 40.4666709899902 41.0228691101074 41.5790672302246 42.1352653503418 42.6914596557617 43.2476577758789 43.8038558959961 44.3706932067871 44.9410743713379 45.5114555358887 46.0818367004395 46.6522178649902 47.222599029541 47.7929801940918 48.3458786010742 48.8463439941406 49.346809387207 49.8472747802734 50.3477401733398
37.9692115783691 38.1270751953125 38.2849349975586 38.442798614502 38.5330047607422 38.6006546020508 38.6683082580566 38.7359619140625 38.8036155700684 38.871265411377 38.9389190673828 39.0686340332031 39.3845405578613 39.7004432678223 40.0163459777832 40.3322486877441 40.6481552124023 40.9640579223633 41.2799606323242 41.2135353088379 41.0196647644043 40.8257942199707 40.6319236755371 40.4380531311035 40.2441825866699 40.0503120422363 40.0308113098145 40.5344200134277 41.038028717041 41.5416374206543 42.0452423095703 42.5488510131836 43.0524597167969 43.5560684204102 44.0801773071289 44.6111183166504 45.1420593261719 45.6730041503906 46.2039451599121 46.7348861694336 47.2658271789551 47.7893753051758 48.2907485961914 48.7921180725098 49.2934875488281 49.7948570251465
38.0599632263184 38.2178153991699 38.3756713867188 38.5335235595703 38.6134872436523 38.6674842834473 38.7214813232422 38.7754783630371 38.829475402832 38.8834686279297 38.9374656677246 39.0502777099609 39.3395309448242 39.6287879943848 39.918041229248 40.2072944641113 40.4965515136719 40.7858047485352 41.0750579833984 41.0486030578613 40.9169082641602 40.785213470459 40.6535224914551 40.5218276977539 40.3901329040527 40.2584419250488 40.2745895385742 40.734260559082 41.1939315795898 41.6536026000977 42.1132736206055 42.5729446411133 43.0326156616211 43.4922866821289 43.9524841308594 44.4128608703613 44.873233795166 45.333610534668 45.7939834594727 46.2543601989746 46.7147331237793 47.1884613037109 47.7022476196289 48.2160301208496 48.7298164367676 49.2435989379883
37.7071075439453 37.8559036254883 38.0047035217285 38.1534996032715 38.2367744445801 38.298210144043 38.3596458435059 38.421085357666 38.4825210571289 38.5439567565918 38.6053924560547 38.7204093933105 38.9961585998535 39.2719116210938 39.5476608276367 39.823413848877 40.0991630554199 40.3749160766602 40.6506652832031 40.7012138366699 40.6766929626465 40.6521759033203 40.6276550292969 40.6031341552734 40.5786170959473 40.5540962219238 40.6418037414551 41.0661888122559 41.4905776977539 41.9149627685547 42.3393516540527 42.7637367248535 43.1881256103516 43.6125144958496 43.987621307373 44.3462982177734 44.7049789428711 45.0636596679688 45.4223403930664 45.7810173034668 46.1396980285645 46.5431365966797 47.0808410644531 47.6185493469238 48.1562576293945 48.693962097168
37.3542556762695 37.4939956665039 37.633731842041 37.7734718322754 37.8600654602051 37.9289398193359 37.9978141784668 38.0666923522949 38.1355667114258 38.2044410705566 38.2733192443848 38.3905372619629 38.6527862548828 38.9150352478027 39.1772804260254 39.4395294189453 39.7017784118652 39.9640274047852 40.2262763977051 40.3538284301758 40.4364814758301 40.5191345214844 40.6017875671387 40.6844444274902 40.7670974731445 40.8497505187988 41.0090179443359 41.398120880127 41.787223815918 42.176326751709 42.5654296875 42.954532623291 43.343635559082 43.732738494873 44.0227546691895 44.2797393798828 44.5367240905762 44.7937088012695 45.0506935119629 45.3076782226562 45.5646629333496 45.8978080749512 46.4594383239746 47.021068572998 47.5826988220215 48.1443290710449
37.0013999938965 37.1320838928223 37.2627639770508 37.3934478759766 37.4833526611328 37.5596694946289 37.6359825134277 37.7122993469238 37.7886123657227 37.8649291992188 37.9412422180176 38.0606651306152 38.3094100952148 38.5581588745117 38.8069038391113 39.0556488037109 39.3043937683105 39.5531387329102 39.8018836975098 40.0064392089844 40.1962661743164 40.3860969543457 40.5759239196777 40.7657508850098 40.9555778503418 41.1454048156738 41.3762321472168 41.7300491333008 42.083869934082 42.437686920166 42.7915077209473 43.1453285217285 43.4991455078125 43.8529663085938 44.0578880310059 44.2131767272949 44.368465423584 44.5237579345703 44.6790466308594 44.8343353271484 44.9896278381348 45.2524833679199 45.8380355834961 46.4235877990723 47.0091400146484 47.5946922302246
36.6485481262207 36.7701721191406 36.8917961120605 37.0134201049805 37.1066436767578 37.1903953552246 37.2741508483887 37.3579063415527 37.4416618347168 37.5254135131836 37.6091690063477 37.7307968139648 37.9660377502441 38.2012786865234 38.4365234375 38.6717643737793 38.9070053100586 39.1422500610352 39.3774909973145 39.6590538024902 39.9560546875 40.2530555725098 40.5500564575195 40.8470573425293 41.1440582275391 41.4410591125488 41.7434463500977 42.0619812011719 42.3805160522461 42.6990509033203 43.0175857543945 43.3361206054688 43.654655456543 43.9731903076172 44.0930213928223 44.146614074707 44.2002105712891 44.2538070678711 44.3073997497559 44.3609962463379 44.4145889282227 44.6071548461914 45.2166290283203 45.8261070251465 46.4355812072754 47.0450553894043
36.2956924438477 36.408260345459 36.5208282470703 36.6333923339844 36.7299308776855 36.8211250305176 36.9123191833496 37.0035133361816 37.0947074890137 37.1859016418457 37.2770957946777 37.4009246826172 37.6226654052734 37.8444023132324 38.0661430358887 38.2878837585449 38.5096206665039 38.7313613891602 38.9530982971191 39.3116645812988 39.7158393859863 40.1200141906738 40.5241889953613 40.9283638000488 41.3325386047363 41.7367134094238 42.1106567382812 42.3939094543457 42.6771621704102 42.9604110717773 43.2436637878418 43.5269165039062 43.8101654052734 44.0934181213379 44.1281547546387 44.0800552368164 44.0319557189941 43.9838562011719 43.9357528686523 43.8876533508301 43.8395538330078 43.9618301391602 44.5952262878418 45.2286224365234 45.8620223999023 46.495418548584
35.9865455627441 36.0926933288574 36.1988410949707 36.3049850463867 36.4037933349609 36.5001564025879 36.5965156555176 36.6928787231445 36.7892379760742 36.8856010437012 36.9819602966309 37.1193962097168 37.3800468444824 37.6407012939453 37.9013519287109 38.1620025634766 38.4226570129395 38.6833076477051 38.943962097168 39.3342437744141 39.7677345275879 40.201229095459 40.6347198486328 41.0682106018066 41.5017051696777 41.9351959228516 42.3306770324707 42.6121139526367 42.8935546875 43.1749954223633 43.4564323425293 43.7378730773926 44.0193138122559 44.3007507324219 44.2992477416992 44.2034225463867 44.1076011657715 44.0117797851562 43.915958404541 43.8201370239258 43.7243156433105 43.81591796875 44.4697952270508 45.1236686706543 45.7775459289551 46.4314231872559
35.7211074829102 35.8234710693359 35.9258346557617 36.0281982421875 36.128231048584 36.2274894714355 36.3267440795898 36.4259986877441 36.5252571105957 36.62451171875 36.7237663269043 36.8862037658691 37.2381858825684 37.5901679992676 37.9421501159668 38.294132232666 38.646110534668 38.9980926513672 39.3500747680664 39.7267837524414 40.1117401123047 40.4966926574707 40.8816452026367 41.2665977478027 41.6515502929688 42.0365028381348 42.4034957885742 42.7165946960449 43.0296936035156 43.3427963256836 43.6558952331543 43.9689979553223 44.282096862793 44.5951957702637 44.6062965393066 44.5167236328125 44.4271545410156 44.3375854492188 44.2480125427246 44.1584434509277 44.0688743591309 44.1694221496582 44.84033203125 45.5112419128418 46.1821517944336 46.8530616760254
35.4556694030762 35.5542488098145 35.6528282165527 35.7514114379883 35.852668762207 35.9548187255859 36.0569725036621 36.159122467041 36.2612724304199 36.3634223937988 36.4655723571777 36.6530151367188 37.0963249206543 37.5396347045898 37.9829444885254 38.4262580871582 38.8695678710938 39.3128776550293 39.7561874389648 40.119327545166 40.4557418823242 40.7921562194824 41.1285705566406 41.4649848937988 41.801399230957 42.1378135681152 42.4763145446777 42.8210754394531 43.1658363342285 43.5105972290039 43.8553581237793 44.2001190185547 44.5448799133301 44.8896408081055 44.9133415222168 44.8300247192383 44.7467079162598 44.663387298584 44.5800704956055 44.4967498779297 44.4134330749512 44.5229301452637 45.2108726501465 45.8988151550293 46.5867576599121 47.2747001647949
35.1902275085449 35.285026550293 35.379825592041 35.4746246337891 35.5771064758301 35.6821517944336 35.7871971130371 35.8922424316406 35.9972877502441 36.1023330688477 36.2073783874512 36.4198226928711 36.9544639587402 37.4891052246094 38.0237426757812 38.5583839416504 39.0930213928223 39.6276626586914 40.1623039245605 40.5118675231934 40.7997436523438 41.0876197814941 41.3754959106445 41.6633682250977 41.951244354248 42.2391204833984 42.5491333007812 42.9255561828613 43.3019752502441 43.6783981323242 44.0548210144043 44.4312438964844 44.8076629638672 45.1840858459473 45.2203903198242 45.1433258056641 45.0662574768066 44.9891891479492 44.9121246337891 44.8350563049316 44.7579879760742 44.8764343261719 45.5814094543457 46.2863883972168 46.9913635253906 47.6963386535645
