data/working_set_collections/6091692-Cassins_Sparrow-M2/2015/evland_avg.asc
NCOLS 265 
NROWS 230 
XLLCORNER -115.5625 
YLLCORNER 24.8333333333333 
CELLSIZE 0.0833333333333333 
NODATA_value -9999 
[rows 126 to 143 of 230, columns 164 to 204 of 265]
1.64056637004251e-05 1.66060417541303e-05 1.68064179888461e-05 1.70067942235619e-05 1.72071704582777e-05 1.74075466929935e-05 1.76079229277093e-05 1.78082991624251e-05 1.80180795723572e-05 1.82309941010317e-05 1.84439104486955e-05 1.865682497737e-05 1.88697395060444e-05 1.90826558537083e-05 1.92955703823827e-05 1.95247284864308e-05 1.98026173165999e-05 2.00805043277796e-05 2.03583931579487e-05 2.06362801691284e-05 2.09141689992975e-05 2.11920560104772e-05 2.14699448406463e-05 2.18218428926775e-05 2.2198411897989e-05 2.25749790843111e-05 2.29515480896225e-05 2.3328117094934e-05 2.3704684281256e-05 2.40812532865675e-05 2.44544662564294e-05 2.48176129389321e-05 2.51807614404242e-05 2.5543908122927e-05 2.59070566244191e-05 2.62702033069218e-05 2.66333518084139e-05 2.69964984909166e-05 2.73190744337626e-05 2.76281243714038e-05 2.79371761280345e-05
1.6352587408619e-05 1.65677665791009e-05 1.67829475685721e-05 1.6998126739054e-05 1.72133077285253e-05 1.74284868990071e-05 1.76436678884784e-05 1.78588470589602e-05 1.8078619177686e-05 1.82999228854897e-05 1.85212265932932e-05 1.87425303010968e-05 1.89638340089004e-05 1.9185137716704e-05 1.94064414245076e-05 1.96458895516116e-05 1.99397763935849e-05 2.02336614165688e-05 2.05275482585421e-05 2.08214351005154e-05 2.11153201234993e-05 2.14092069654725e-05 2.17030919884564e-05 2.20488764171023e-05 2.24119576159865e-05 2.277504063386e-05 2.31381236517336e-05 2.35012066696072e-05 2.38642878684914e-05 2.4227370886365e-05 2.45811934291851e-05 2.49072345468448e-05 2.52332756645046e-05 2.55593167821644e-05 2.58853578998242e-05 2.62113990174839e-05 2.65374401351437e-05 2.68634812528035e-05 2.71547178272158e-05 2.74343547062017e-05 2.77139897661982e-05
1.62995092978235e-05 1.65294932230609e-05 1.67594771482982e-05 1.69894610735355e-05 1.72194449987728e-05 1.74494271050207e-05 1.76794110302581e-05 1.79093949554954e-05 1.81391606020043e-05 1.83688516699476e-05 1.85985445568804e-05 1.88282356248237e-05 1.90579285117565e-05 1.92876195796998e-05 1.95173124666326e-05 1.97670524357818e-05 2.00769354705699e-05 2.03868203243474e-05 2.06967033591354e-05 2.10065882129129e-05 2.1316471247701e-05 2.16263561014785e-05 2.19362391362665e-05 2.22759081225377e-05 2.26255051529733e-05 2.2975102183409e-05 2.33246992138447e-05 2.36742962442804e-05 2.40238932747161e-05 2.43734884861624e-05 2.47079206019407e-05 2.49968561547576e-05 2.5285789888585e-05 2.55747254414018e-05 2.58636591752293e-05 2.61525947280461e-05 2.64415284618735e-05 2.67304640146904e-05 2.69903630396584e-05 2.72405832220102e-05 2.74908052233513e-05
1.62464330060175e-05 1.64912198670208e-05 1.67360067280242e-05 1.69807935890276e-05 1.7225580450031e-05 1.74703691300238e-05 1.77151559910271e-05 1.79599428520305e-05 1.81997002073331e-05 1.84377804544056e-05 1.86758607014781e-05 1.89139409485506e-05 1.91520211956231e-05 1.9390103261685e-05 1.96281835087575e-05 1.98882135009626e-05 2.02140963665443e-05 2.05399774131365e-05 2.08658602787182e-05 2.11917413253104e-05 2.15176241908921e-05 2.18435052374844e-05 2.2169388103066e-05 2.25029416469624e-05 2.28390526899602e-05 2.3175163732958e-05 2.35112747759558e-05 2.38473858189536e-05 2.41834968619514e-05 2.45196079049492e-05 2.48346477746964e-05 2.50864759436809e-05 2.53383041126654e-05 2.55901322816499e-05 2.58419622696238e-05 2.60937904386083e-05 2.63456186075928e-05 2.65974467765773e-05 2.6826008252101e-05 2.7046813556808e-05 2.72676188615151e-05
1.6193354895222e-05 1.64529465109808e-05 1.67125363077503e-05 1.69721279235091e-05 1.72317177202785e-05 1.74913093360374e-05 1.77508991328068e-05 1.80104907485656e-05 1.82602398126619e-05 1.85067092388636e-05 1.87531786650652e-05 1.89996462722775e-05 1.92461156984791e-05 1.94925851246808e-05 1.97390545508824e-05 2.00093763851328e-05 2.03512554435292e-05 2.06931363209151e-05 2.10350153793115e-05 2.1376894437708e-05 2.17187753150938e-05 2.20606543734903e-05 2.24025352508761e-05 2.27299733523978e-05 2.30525984079577e-05 2.3375225282507e-05 2.36978503380669e-05 2.40204753936268e-05 2.43431004491867e-05 2.46657255047467e-05 2.4961374947452e-05 2.51760975515936e-05 2.53908183367457e-05 2.56055409408873e-05 2.58202635450289e-05 2.60349861491704e-05 2.62497069343226e-05 2.64644295384642e-05 2.66616534645436e-05 2.68530420726165e-05 2.70444324996788e-05
1.61402786034159e-05 1.64146713359514e-05 1.66890658874763e-05 1.69634604390012e-05 1.72378549905261e-05 1.7512249542051e-05 1.77866440935759e-05 1.80610386451008e-05 1.83207794179907e-05 1.85756380233215e-05 1.88304948096629e-05 1.90853515960043e-05 1.93402102013351e-05 1.95950669876765e-05 1.98499255930074e-05 2.01305374503136e-05 2.04884145205142e-05 2.08462934097042e-05 2.12041704799049e-05 2.15620493690949e-05 2.19199264392955e-05 2.22778053284856e-05 2.26356823986862e-05 2.29570068768226e-05 2.32661459449446e-05 2.35752850130666e-05 2.3884425900178e-05 2.41935649683001e-05 2.45027040364221e-05 2.48118431045441e-05 2.50881021202076e-05 2.52657173405169e-05 2.54433343798155e-05 2.56209496001247e-05 2.5798564820434e-05 2.59761800407432e-05 2.61537970800418e-05 2.63314123003511e-05 2.64972968579968e-05 2.66592724074144e-05 2.68212461378425e-05
1.60866475198418e-05 1.63746481121052e-05 1.66626487043686e-05 1.69506511156214e-05 1.72386517078849e-05 1.75266523001483e-05 1.78146528924117e-05 1.81026534846751e-05 1.83767169801285e-05 1.86461347766453e-05 1.89155507541727e-05 1.91849667317001e-05 1.94543845282169e-05 1.97238005057443e-05 1.99932183022611e-05 2.02866522158729e-05 2.06521417567274e-05 2.10176294785924e-05 2.13831190194469e-05 2.1748606741312e-05 2.21140962821664e-05 2.24795840040315e-05 2.2845073544886e-05 2.31540780077921e-05 2.34442541113822e-05 2.37344302149722e-05 2.40246063185623e-05 2.43147824221523e-05 2.46049585257424e-05 2.48951346293325e-05 2.51459587161662e-05 2.52787340286886e-05 2.54115093412111e-05 2.55442846537335e-05 2.56770599662559e-05 2.58098352787783e-05 2.59426105913008e-05 2.60753859038232e-05 2.62377980106976e-05 2.6410090868012e-05 2.65823819063371e-05
1.60324652824784e-05 1.63328750204528e-05 1.66332865774166e-05 1.6933696315391e-05 1.72341060533654e-05 1.75345176103292e-05 1.78349273483036e-05 1.81353389052674e-05 1.8428050680086e-05 1.87181976798456e-05 1.90083446796052e-05 1.92984916793648e-05 1.95886386791244e-05 1.9878785678884e-05 2.01689326786436e-05 2.04777225008002e-05 2.08424335141899e-05 2.12071463465691e-05 2.15718573599588e-05 2.1936570192338e-05 2.23012812057277e-05 2.26659940381069e-05 2.3030706870486e-05 2.33211849263171e-05 2.35869210882811e-05 2.38526554312557e-05 2.41183915932197e-05 2.43841259361943e-05 2.46498602791689e-05 2.49155964411329e-05 2.51349483733065e-05 2.52151476161089e-05 2.52953486779006e-05 2.53755497396924e-05 2.54557489824947e-05 2.55359500442864e-05 2.56161511060782e-05 2.56963503488805e-05 2.58831569226459e-05 2.61054974544095e-05 2.63278398051625e-05
1.59782812261255e-05 1.62911019288003e-05 1.66039226314751e-05 1.69167415151605e-05 1.72295622178353e-05 1.75423829205101e-05 1.78552036231849e-05 1.81680225068703e-05 1.84793861990329e-05 1.87902624020353e-05 1.91011404240271e-05 1.94120166270295e-05 1.97228946490213e-05 2.00337726710131e-05 2.03446488740155e-05 2.0668790966738e-05 2.10327270906419e-05 2.13966613955563e-05 2.17605975194601e-05 2.2124533643364e-05 2.24884679482784e-05 2.28524040721823e-05 2.32163401960861e-05 2.34882936638314e-05 2.372958806518e-05 2.39708824665286e-05 2.42121768678771e-05 2.44534712692257e-05 2.46947638515849e-05 2.49360582529334e-05 2.51239362114575e-05 2.51515612035291e-05 2.51791880145902e-05 2.52068130066618e-05 2.52344379987335e-05 2.52620648097945e-05 2.52896898018662e-05 2.53173147939378e-05 2.55285158345941e-05 2.58009058597963e-05 2.60732977039879e-05
1.59240989887621e-05 1.62493288371479e-05 1.65745586855337e-05 1.68997885339195e-05 1.72250183823053e-05 1.75502482306911e-05 1.78754780790769e-05 1.82007079274626e-05 1.85307198989904e-05 1.8862327124225e-05 1.91939343494596e-05 1.95255415746942e-05 1.98571506189182e-05 2.01887578441529e-05 2.05203650693875e-05 2.08598594326759e-05 2.12230188481044e-05 2.15861782635329e-05 2.19493358599721e-05 2.23124952754006e-05 2.26756546908291e-05 2.30388141062576e-05 2.34019717026968e-05 2.36554024013458e-05 2.38722550420789e-05 2.4089107682812e-05 2.43059621425346e-05 2.45228147832677e-05 2.47396674240008e-05 2.49565218837233e-05 2.51129240496084e-05 2.50879747909494e-05 2.50630255322903e-05 2.50380762736313e-05 2.50131270149723e-05 2.49881777563132e-05 2.49632303166436e-05 2.49382810579846e-05 2.5173872927553e-05 2.54963142651832e-05 2.58187537838239e-05
1.58699149324093e-05 1.62075557454955e-05 1.65451947395923e-05 1.6882833733689e-05 1.72204727277858e-05 1.7558113540872e-05 1.78957525349688e-05 1.82333915290656e-05 1.85820554179372e-05 1.89343918464147e-05 1.92867300938815e-05 1.96390665223589e-05 1.99914047698257e-05 2.03437430172926e-05 2.069607944577e-05 2.10509278986137e-05 2.1413310605567e-05 2.17756933125202e-05 2.21380760194734e-05 2.25004587264266e-05 2.28628414333798e-05 2.32252223213436e-05 2.35876050282968e-05 2.38225111388601e-05 2.40149220189778e-05 2.42073347180849e-05 2.4399747417192e-05 2.45921601162991e-05 2.47845709964167e-05 2.49769836955238e-05 2.51019118877593e-05 2.50243883783696e-05 2.49468648689799e-05 2.48693413595902e-05 2.47918160312111e-05 2.47142925218213e-05 2.46367690124316e-05 2.45592455030419e-05 2.48192318395013e-05 2.519172267057e-05 2.55642116826493e-05
1.58157326950459e-05 1.61657808348536e-05 1.65158307936508e-05 1.68658789334586e-05 1.72159288922558e-05 1.75659788510529e-05 1.79160269908607e-05 1.82660769496579e-05 1.86333891178947e-05 1.90064565686043e-05 1.9379524019314e-05 1.97525914700236e-05 2.01256607397227e-05 2.04987281904323e-05 2.08717956411419e-05 2.1241998183541e-05 2.16036041820189e-05 2.19652101804968e-05 2.23268143599853e-05 2.26884203584632e-05 2.30500263569411e-05 2.3411632355419e-05 2.37732383538969e-05 2.39896180573851e-05 2.41575908148661e-05 2.43255617533578e-05 2.44935326918494e-05 2.4661503630341e-05 2.48294745688327e-05 2.49974473263137e-05 2.50908997259103e-05 2.49608019657899e-05 2.48307023866801e-05 2.47006046265597e-05 2.45705050474498e-05 2.44404072873294e-05 2.43103077082196e-05 2.41802099480992e-05 2.44645907514496e-05 2.48871292569675e-05 2.53096695814747e-05
1.57362173922593e-05 1.60975141625386e-05 1.64588127518073e-05 1.6820111341076e-05 1.71814099303447e-05 1.75427085196134e-05 1.79040071088821e-05 1.82653038791614e-05 1.86474444490159e-05 1.90365317394026e-05 1.94256190297892e-05 1.98147063201759e-05 2.0203795429552e-05 2.05928827199386e-05 2.09819700103253e-05 2.13632301893085e-05 2.17210144910496e-05 2.20787969738012e-05 2.24365794565529e-05 2.27943619393045e-05 2.31521462410456e-05 2.35099287237972e-05 2.38677112065488e-05 2.40663448494161e-05 2.42119294853183e-05 2.4357512302231e-05 2.45030969381332e-05 2.46486815740354e-05 2.47942643909482e-05 2.49398490268504e-05 2.50129742198624e-05 2.48687210842036e-05 2.47244697675342e-05 2.45802166318754e-05 2.4435965315206e-05 2.42917121795472e-05 2.41474608628778e-05 2.40032095462084e-05 2.43045997194713e-05 2.47545376623748e-05 2.52044737862889e-05
1.56313672050601e-05 1.60027539095609e-05 1.6374142433051e-05 1.67455291375518e-05 1.71169158420525e-05 1.74883025465533e-05 1.78596892510541e-05 1.82310759555548e-05 1.86242214113008e-05 1.90246173588093e-05 1.94250151253073e-05 1.98254110728158e-05 2.02258088393137e-05 2.06262047868222e-05 2.10266025533201e-05 2.14146275538951e-05 2.1765541532659e-05 2.21164555114228e-05 2.24673694901867e-05 2.28182834689505e-05 2.3169195628725e-05 2.35201096074888e-05 2.38710235862527e-05 2.40526896959636e-05 2.41779398493236e-05 2.43031900026836e-05 2.44284401560435e-05 2.45536903094035e-05 2.46789404627634e-05 2.48041906161234e-05 2.48681317316368e-05 2.47481475526001e-05 2.46281633735634e-05 2.45081791945267e-05 2.43881950154901e-05 2.42682108364534e-05 2.41482266574167e-05 2.402824247838e-05 2.43392587435665e-05 2.47939424298238e-05 2.52486279350705e-05
1.55265188368503e-05 1.59079936565831e-05 1.62894702953054e-05 1.66709451150382e-05 1.70524217537604e-05 1.74338965734933e-05 1.78153732122155e-05 1.81968498509377e-05 1.86009983735858e-05 1.90127029782161e-05 1.94244094018359e-05 1.98361158254556e-05 2.02478222490754e-05 2.06595286726952e-05 2.10712350963149e-05 2.14660249184817e-05 2.18100703932578e-05 2.21541140490444e-05 2.24981577048311e-05 2.28422031796072e-05 2.31862468353938e-05 2.35302923101699e-05 2.38743359659566e-05 2.40390345425112e-05 2.41439502133289e-05 2.42488658841467e-05 2.43537833739538e-05 2.44586990447715e-05 2.45636147155892e-05 2.46685303864069e-05 2.47232892434113e-05 2.46275722020073e-05 2.45318569795927e-05 2.44361399381887e-05 2.43404247157741e-05 2.42447076743701e-05 2.41489906329662e-05 2.40532754105516e-05 2.4373919586651e-05 2.48333490162622e-05 2.52927802648628e-05
1.54216704686405e-05 1.58132334036054e-05 1.62047981575597e-05 1.6596362911514e-05 1.69879276654683e-05 1.73794924194226e-05 1.77710571733769e-05 1.81626219273312e-05 1.85777735168813e-05 1.90007885976229e-05 1.94238054973539e-05 1.98468205780955e-05 2.02698356588371e-05 2.06928507395787e-05 2.11158676393097e-05 2.15174222830683e-05 2.18545974348672e-05 2.2191772586666e-05 2.25289477384649e-05 2.28661228902638e-05 2.32032980420627e-05 2.35404731938615e-05 2.38776483456604e-05 2.40253793890588e-05 2.41099605773343e-05 2.41945435845992e-05 2.42791247728746e-05 2.43637077801395e-05 2.44482907874044e-05 2.45328719756799e-05 2.45784467551857e-05 2.45069986704038e-05 2.4435550585622e-05 2.43641025008401e-05 2.42926544160582e-05 2.42212045122869e-05 2.41497564275051e-05 2.40783083427232e-05 2.44085786107462e-05 2.48727556027006e-05 2.53369325946551e-05
1.53168202814413e-05 1.57184731506277e-05 1.61201278388035e-05 1.65217807079898e-05 1.69234335771762e-05 1.73250864463625e-05 1.77267393155489e-05 1.81283940037247e-05 1.85545504791662e-05 1.89888760360191e-05 1.94231997738825e-05 1.98575253307354e-05 2.02918490685988e-05 2.07261746254517e-05 2.11605001823045e-05 2.15688196476549e-05 2.18991244764766e-05 2.22294311242877e-05 2.25597377720987e-05 2.28900426009204e-05 2.32203492487315e-05 2.35506540775532e-05 2.38809607253643e-05 2.4011722416617e-05 2.40759709413396e-05 2.41402194660623e-05 2.42044679907849e-05 2.42687165155075e-05 2.43329650402302e-05 2.43972135649528e-05 2.44336042669602e-05 2.43864251388004e-05 2.43392441916512e-05 2.42920632445021e-05 2.42448822973529e-05 2.41977031691931e-05 2.41505222220439e-05 2.41033412748948e-05 2.44432394538308e-05 2.49121621891391e-05 2.53810849244474e-05
1.52119719132315e-05 1.562371289765e-05 1.60354557010578e-05 1.64471985044656e-05 1.68589394888841e-05 1.72706822922919e-05 1.76824232767103e-05 1.80941660801182e-05 1.85313274414511e-05 1.89769616554258e-05 1.94225958694005e-05 1.98682300833752e-05 2.03138642973499e-05 2.07594985113246e-05 2.12051327252993e-05 2.16202170122415e-05 2.19436533370754e-05 2.22670896619093e-05 2.25905259867432e-05 2.29139623115771e-05 2.32374004554003e-05 2.35608367802342e-05 2.38842731050681e-05 2.39980672631646e-05 2.40419831243344e-05 2.40858971665148e-05 2.41298112086952e-05 2.41737252508756e-05 2.42176411120454e-05 2.42615551542258e-05 2.4288763597724e-05 2.42658497882076e-05 2.42429377976805e-05 2.42200258071534e-05 2.4197111997637e-05 2.41742000071099e-05 2.41512880165828e-05 2.41283742070664e-05 2.44778984779259e-05 2.49515687755775e-05 2.5425239073229e-05
