data/working_set_collections/6091692-Cassins_Sparrow-M2/2015/evland_avg.asc
NCOLS 265 
NROWS 230 
XLLCORNER -115.5625 
YLLCORNER 24.8333333333333 
CELLSIZE 0.0833333333333333 
NODATA_value -9999 
[rows 0 to 17 of 230, columns 123 to 163 of 265]
1.29193158500129e-05 1.3064958693576e-05 1.32106015371392e-05 1.33562443807023e-05 1.35573673105682e-05 1.37769829962053e-05 1.39965986818424e-05 1.42162143674796e-05 1.44358300531167e-05 1.46554457387538e-05 1.48750614243909e-05 1.50756577568245e-05 1.52191978486371e-05 1.5362737030955e-05 1.55062771227676e-05 1.56498153955908e-05 1.57933554874035e-05 1.59368955792161e-05 1.60804338520393e-05 1.5967023500707e-05 1.576796239533e-05 1.55689012899529e-05 1.53698401845759e-05 1.51707799886935e-05 1.49717188833165e-05 1.47726577779395e-05 1.46194533954258e-05 1.4603820090997e-05 1.45881858770736e-05 1.45725516631501e-05 1.45569174492266e-05 1.45412832353031e-05 1.45256490213796e-05 1.45100157169509e-05 1.44994919537567e-05 1.44906725836336e-05 1.44818523040158e-05 1.44730329338927e-05 1.44642126542749e-05 1.44553932841518e-05 1.44465739140287e-05
1.27832290672814e-05 1.29156906041317e-05 1.3048152140982e-05 1.31806136778323e-05 1.33758803713135e-05 1.35920818138402e-05 1.38082832563668e-05 1.40244856083882e-05 1.42406870509149e-05 1.44568884934415e-05 1.46730908454629e-05 1.48714852912235e-05 1.50164596561808e-05 1.51614349306328e-05 1.53064083860954e-05 1.54513836605474e-05 1.55963589349994e-05 1.5741332390462e-05 1.58863076649141e-05 1.57993781613186e-05 1.56351488840301e-05 1.54709177877521e-05 1.53066866914742e-05 1.51424565046909e-05 1.49782263179077e-05 1.48139961311244e-05 1.46886677612201e-05 1.4680046660942e-05 1.46714255606639e-05 1.46628044603858e-05 1.4654182450613e-05 1.46455613503349e-05 1.46369402500568e-05 1.46283191497787e-05 1.46273032441968e-05 1.46288211908541e-05 1.46303391375113e-05 1.46318579936633e-05 1.46333759403205e-05 1.46348938869778e-05 1.46364127431298e-05
1.26471413750551e-05 1.27664216051926e-05 1.28857018353301e-05 1.30049820654676e-05 1.31943934320589e-05 1.34071806314751e-05 1.3619968740386e-05 1.38327559398022e-05 1.40455440487131e-05 1.42583312481293e-05 1.44711193570402e-05 1.46673128256225e-05 1.48137223732192e-05 1.49601319208159e-05 1.51065414684126e-05 1.5252951925504e-05 1.5399360563606e-05 1.55457710206974e-05 1.56921814777888e-05 1.56317328219302e-05 1.55023335537408e-05 1.53729324665619e-05 1.52435331983725e-05 1.51141330206883e-05 1.49847337524989e-05 1.48553335748147e-05 1.47578812175198e-05 1.4756273230887e-05 1.47546643347596e-05 1.47530563481268e-05 1.47514483614941e-05 1.47498403748614e-05 1.47482314787339e-05 1.47466234921012e-05 1.47551136251423e-05 1.47669697980746e-05 1.47788259710069e-05 1.47906821439392e-05 1.48025392263662e-05 1.48143953992985e-05 1.48262515722308e-05
1.25110536828288e-05 1.26171526062535e-05 1.27232524391729e-05 1.28293513625977e-05 1.30129064928042e-05 1.32222803586046e-05 1.34316533149104e-05 1.36410271807108e-05 1.38504010465113e-05 1.40597749123117e-05 1.42691478686174e-05 1.44631394505268e-05 1.46109850902576e-05 1.47588298204937e-05 1.49066745507298e-05 1.50545192809659e-05 1.5202364011202e-05 1.53502096509328e-05 1.54980534716742e-05 1.54640874825418e-05 1.53695182234515e-05 1.52749489643611e-05 1.51803797052708e-05 1.50858104461804e-05 1.49912402775954e-05 1.4896671018505e-05 1.48270946738194e-05 1.4832499800832e-05 1.48379040183499e-05 1.48433091453626e-05 1.48487133628805e-05 1.48541184898932e-05 1.48595227074111e-05 1.48649278344237e-05 1.48829240060877e-05 1.49051184052951e-05 1.49273128045024e-05 1.49495072037098e-05 1.49717016029172e-05 1.49938960021245e-05 1.50160904013319e-05
1.23749669000972e-05 1.24678845168091e-05 1.25608021335211e-05 1.2653719750233e-05 1.28314195535495e-05 1.30373791762395e-05 1.32433387989295e-05 1.34492984216195e-05 1.36552580443094e-05 1.38612176669994e-05 1.40671772896894e-05 1.42589669849258e-05 1.44082468978013e-05 1.45575268106768e-05 1.47068067235523e-05 1.48560866364278e-05 1.5005367458798e-05 1.51546473716735e-05 1.5303927284549e-05 1.52964421431534e-05 1.52367038026568e-05 1.51769645526656e-05 1.51172253026743e-05 1.50574869621778e-05 1.49977477121865e-05 1.49380084621953e-05 1.48963090396137e-05 1.4908726370777e-05 1.49211437019403e-05 1.49335610331036e-05 1.49459792737616e-05 1.49583966049249e-05 1.49708139360882e-05 1.49832312672515e-05 1.50107352965279e-05 1.50432670125156e-05 1.5075799637998e-05 1.51083322634804e-05 1.51408648889628e-05 1.51733966049505e-05 1.5205929230433e-05
1.22388792078709e-05 1.23186155178701e-05 1.23983527373639e-05 1.2478089047363e-05 1.26499326142948e-05 1.28524779938743e-05 1.30550233734539e-05 1.32575696625281e-05 1.34601150421076e-05 1.36626604216872e-05 1.38652058012667e-05 1.40547945193248e-05 1.42055096148397e-05 1.43562247103546e-05 1.45069398058695e-05 1.46576549013844e-05 1.48083699968993e-05 1.49590850924142e-05 1.51098001879291e-05 1.51287977132597e-05 1.51038893818622e-05 1.50789801409701e-05 1.50540718095726e-05 1.50291634781752e-05 1.50042551467777e-05 1.49793468153803e-05 1.49655224959133e-05 1.4984952940722e-05 1.50043833855307e-05 1.50238138303393e-05 1.5043244275148e-05 1.50626747199567e-05 1.50821051647654e-05 1.51015356095741e-05 1.51385456774733e-05 1.51814165292308e-05 1.52242864714935e-05 1.52671564137563e-05 1.53100281750085e-05 1.53528981172713e-05 1.5395768059534e-05
1.21449938887963e-05 1.22083329188172e-05 1.2271671948838e-05 1.23350118883536e-05 1.25021497296984e-05 1.27038874779828e-05 1.29056252262671e-05 1.31073629745515e-05 1.33091007228359e-05 1.35108384711202e-05 1.37125762194046e-05 1.3901602869737e-05 1.40524980452028e-05 1.4203392311174e-05 1.43542865771451e-05 1.4505181752611e-05 1.46560760185821e-05 1.48069702845532e-05 1.49578645505244e-05 1.4992647265899e-05 1.49887264342397e-05 1.49848046930856e-05 1.49808829519316e-05 1.49769621202722e-05 1.49730403791182e-05 1.49691195474588e-05 1.49741035784245e-05 1.50058049257495e-05 1.50375062730745e-05 1.50692085298942e-05 1.51009098772192e-05 1.51326112245442e-05 1.51643134813639e-05 1.51960148286889e-05 1.52376369442209e-05 1.52825650729937e-05 1.53274941112613e-05 1.53724231495289e-05 1.54173521877965e-05 1.54622812260641e-05 1.55072102643317e-05
1.20933100333787e-05 1.21370358101558e-05 1.21807615869329e-05 1.22244873637101e-05 1.23880708997604e-05 1.25916067190701e-05 1.27951434478746e-05 1.29986792671843e-05 1.32022150864941e-05 1.34057518152986e-05 1.36092876346083e-05 1.37993938551517e-05 1.39492121888907e-05 1.40990305226296e-05 1.42488488563686e-05 1.43986671901075e-05 1.45484846143518e-05 1.46983029480907e-05 1.48481212818297e-05 1.48879926200607e-05 1.48912149597891e-05 1.48944372995174e-05 1.48976596392458e-05 1.49008819789742e-05 1.49041043187026e-05 1.4907326658431e-05 1.49220513776527e-05 1.49712823258596e-05 1.50205132740666e-05 1.50697451317683e-05 1.51189760799753e-05 1.51682070281822e-05 1.52174379763892e-05 1.52666689245962e-05 1.53080072777811e-05 1.5346717191278e-05 1.53854252857855e-05 1.54241333802929e-05 1.54628414748004e-05 1.55015495693078e-05 1.55402576638153e-05
1.2041626177961e-05 1.20657387014944e-05 1.20898512250278e-05 1.21139628390665e-05 1.22739920698223e-05 1.24793268696521e-05 1.26846607599873e-05 1.28899955598172e-05 1.3095330359647e-05 1.33006642499822e-05 1.35059990498121e-05 1.36971848405665e-05 1.38459272420732e-05 1.39946687340853e-05 1.41434102260973e-05 1.42921526276041e-05 1.44408941196161e-05 1.45896356116282e-05 1.47383780131349e-05 1.47833379742224e-05 1.47937043948332e-05 1.48040699059493e-05 1.48144363265601e-05 1.48248027471709e-05 1.4835168258287e-05 1.48455346788978e-05 1.48699991768808e-05 1.49367597259698e-05 1.50035202750587e-05 1.50702808241476e-05 1.51370413732366e-05 1.52038019223255e-05 1.52705633809092e-05 1.53373239299981e-05 1.53783785208361e-05 1.54108674905729e-05 1.54433546413202e-05 1.54758417920675e-05 1.55083289428148e-05 1.55408160935622e-05 1.55733050632989e-05
1.19899423225434e-05 1.1994441592833e-05 1.1998939953628e-05 1.20034392239177e-05 1.21599132398842e-05 1.23670461107395e-05 1.25741789815947e-05 1.278131185245e-05 1.29884447233053e-05 1.31955775941606e-05 1.34027104650158e-05 1.35949758259812e-05 1.37426413857611e-05 1.38903069455409e-05 1.40379725053208e-05 1.41856380651006e-05 1.43333036248805e-05 1.44809691846604e-05 1.46286338349455e-05 1.46786833283841e-05 1.46961929203826e-05 1.47137025123811e-05 1.47312130138744e-05 1.47487226058729e-05 1.47662321978714e-05 1.47837426993647e-05 1.48179469761089e-05 1.49022371260799e-05 1.49865272760508e-05 1.50708174260217e-05 1.51551075759926e-05 1.52393977259635e-05 1.53236869664397e-05 1.54079771164106e-05 1.54487497638911e-05 1.54750177898677e-05 1.55012839968549e-05 1.55275502038421e-05 1.55538182298187e-05 1.55800844368059e-05 1.56063506437931e-05
1.19382584671257e-05 1.19231444841716e-05 1.19080295917229e-05 1.18929146992741e-05 1.20458344099461e-05 1.22547662613215e-05 1.24636972032022e-05 1.26726281450829e-05 1.28815590869635e-05 1.30904900288442e-05 1.32994218802196e-05 1.3492766811396e-05 1.36393564389437e-05 1.37859451569966e-05 1.39325347845443e-05 1.40791235025972e-05 1.42257122206502e-05 1.43723018481978e-05 1.45188905662508e-05 1.45740277730511e-05 1.4598681445932e-05 1.4623335118813e-05 1.46479887916939e-05 1.46726424645749e-05 1.46972961374559e-05 1.47219498103368e-05 1.47658947753371e-05 1.486771452619e-05 1.49695342770428e-05 1.50713540278957e-05 1.51731737787486e-05 1.52749926201068e-05 1.53768123709597e-05 1.54786321218126e-05 1.55191210069461e-05 1.55391680891626e-05 1.55592133523896e-05 1.55792604346061e-05 1.55993056978332e-05 1.56193509610603e-05 1.56393980432767e-05
1.18865755212028e-05 1.18518473755103e-05 1.18171192298178e-05 1.17823910841253e-05 1.19317564895027e-05 1.21424855024088e-05 1.23532154248096e-05 1.25639444377157e-05 1.27746734506218e-05 1.29854033730226e-05 1.31961323859286e-05 1.33905577968108e-05 1.35360705826315e-05 1.36815833684523e-05 1.3827096154273e-05 1.39726089400938e-05 1.41181217259145e-05 1.42636345117353e-05 1.4409147297556e-05 1.44693731272127e-05 1.45011708809761e-05 1.45329686347395e-05 1.45647654790082e-05 1.45965632327716e-05 1.46283600770403e-05 1.46601578308037e-05 1.47138434840599e-05 1.48331919263001e-05 1.49525412780349e-05 1.50718906297698e-05 1.51912390720099e-05 1.53105884237448e-05 1.54299377754796e-05 1.55492871272145e-05 1.55894922500011e-05 1.56033183884574e-05 1.56171427079244e-05 1.56309688463807e-05 1.56447931658477e-05 1.5658619304304e-05 1.5672443623771e-05
1.18855823529884e-05 1.18402876978507e-05 1.1794993042713e-05 1.17496983875753e-05 1.18919242595439e-05 1.20966569738812e-05 1.23013896882185e-05 1.25061233120505e-05 1.27108560263878e-05 1.29155887407251e-05 1.31203214550624e-05 1.33100757011562e-05 1.34548909045407e-05 1.35997061079252e-05 1.37445213113097e-05 1.38893365146942e-05 1.40341517180786e-05 1.41789669214631e-05 1.43237830343423e-05 1.43891338666435e-05 1.44279956657556e-05 1.44668583743623e-05 1.45057210829691e-05 1.45445837915759e-05 1.45834465001826e-05 1.46223092087894e-05 1.46843531183549e-05 1.48159415402915e-05 1.49475299622281e-05 1.50791183841648e-05 1.52107068061014e-05 1.5342295228038e-05 1.54738845594693e-05 1.56054720719112e-05 1.56438800331671e-05 1.5651226931368e-05 1.56585738295689e-05 1.56659225467592e-05 1.56732694449602e-05 1.56806163431611e-05 1.5687963241362e-05
1.19352807814721e-05 1.18884663606877e-05 1.18416519399034e-05 1.1794837519119e-05 1.1926339539059e-05 1.21172806757386e-05 1.23082227219129e-05 1.24991638585925e-05 1.26901049952721e-05 1.28810470414464e-05 1.3071988178126e-05 1.32513187054428e-05 1.33958155856817e-05 1.35403124659206e-05 1.36848093461595e-05 1.38293062263983e-05 1.39738031066372e-05 1.41182999868761e-05 1.4262796867115e-05 1.4333308172354e-05 1.43791576192598e-05 1.44250070661656e-05 1.44708565130713e-05 1.45167059599771e-05 1.45625544973882e-05 1.4608403944294e-05 1.46774254972115e-05 1.48159633681644e-05 1.49545003296225e-05 1.50930382005754e-05 1.52315760715283e-05 1.53701130329864e-05 1.55086509039393e-05 1.56471887748921e-05 1.56822825374547e-05 1.56828955368837e-05 1.56835067173233e-05 1.56841197167523e-05 1.56847327161813e-05 1.56853438966209e-05 1.56859568960499e-05
1.19849792099558e-05 1.19366450235248e-05 1.18883108370937e-05 1.1839975741168e-05 1.19607548185741e-05 1.2137904377596e-05 1.23150548461126e-05 1.24922053146292e-05 1.26693548736512e-05 1.28465053421678e-05 1.30236549011897e-05 1.31925617097295e-05 1.33367402668227e-05 1.3480918823916e-05 1.36250973810093e-05 1.37692759381025e-05 1.39134544951958e-05 1.4057633052289e-05 1.42018116093823e-05 1.42774833875592e-05 1.4330319572764e-05 1.43831548484741e-05 1.44359910336789e-05 1.44888272188837e-05 1.45416634040885e-05 1.45944995892933e-05 1.46704978760681e-05 1.48159842865425e-05 1.49614716065116e-05 1.5106958016986e-05 1.52524444274604e-05 1.53979308379348e-05 1.55434172484092e-05 1.5688905477873e-05 1.57206850417424e-05 1.57145623234101e-05 1.57084396050777e-05 1.57023168867454e-05 1.56961959874025e-05 1.56900732690701e-05 1.56839505507378e-05
1.20346785479342e-05 1.19848236863618e-05 1.19349688247894e-05 1.18851148727117e-05 1.19951700980891e-05 1.21585289889481e-05 1.23218869703123e-05 1.24852458611713e-05 1.26486047520302e-05 1.28119627333945e-05 1.29753216242534e-05 1.31338056235109e-05 1.32776658574585e-05 1.34215260914061e-05 1.35653854158591e-05 1.37092456498067e-05 1.38531058837543e-05 1.3996966117702e-05 1.41408263516496e-05 1.42216576932697e-05 1.42814806167735e-05 1.43413035402773e-05 1.44011264637811e-05 1.44609493872849e-05 1.4520771401294e-05 1.45805943247979e-05 1.46635702549247e-05 1.48160061144154e-05 1.4968441973906e-05 1.51208778333967e-05 1.52733136928873e-05 1.54257486428833e-05 1.55781854118686e-05 1.57306203618646e-05 1.57590875460301e-05 1.57462291099364e-05 1.57333724928321e-05 1.57205158757279e-05 1.57076574396342e-05 1.56948008225299e-05 1.56819442054257e-05
1.20843769764178e-05 1.20330023491988e-05 1.19816277219797e-05 1.19302530947607e-05 1.20295853776042e-05 1.21791526908055e-05 1.23287200040068e-05 1.24782864077133e-05 1.26278537209146e-05 1.27774210341158e-05 1.29269883473171e-05 1.30750486277975e-05 1.32185905385995e-05 1.33621324494015e-05 1.35056743602036e-05 1.36492153615109e-05 1.37927572723129e-05 1.39362991831149e-05 1.40798401844222e-05 1.41658329084748e-05 1.42326425702777e-05 1.42994522320805e-05 1.43662609843886e-05 1.44330706461915e-05 1.44998803079943e-05 1.45666890603025e-05 1.46566426337813e-05 1.48160279422882e-05 1.49754123413004e-05 1.51347976498073e-05 1.52941829583142e-05 1.54535664478317e-05 1.56129517563386e-05 1.57723370648455e-05 1.57974900503177e-05 1.57778977154521e-05 1.57583053805865e-05 1.57387130457209e-05 1.57191207108553e-05 1.56995283759898e-05 1.56799360411242e-05
1.21340754049015e-05 1.20811810120358e-05 1.20282866191701e-05 1.19753922263044e-05 1.20640006571193e-05 1.21997763926629e-05 1.23355521282065e-05 1.247132786375e-05 1.26071035992936e-05 1.27428793348372e-05 1.28786550703808e-05 1.30162925415789e-05 1.31595152197406e-05 1.3302738807397e-05 1.34459623950534e-05 1.3589185073215e-05 1.37324086608714e-05 1.38756313390331e-05 1.40188549266895e-05 1.411000812368e-05 1.41838036142872e-05 1.4257600014389e-05 1.43313964144909e-05 1.4405191905098e-05 1.44789883051999e-05 1.45527847053017e-05 1.46497150126379e-05 1.48160488606663e-05 1.49823836181895e-05 1.51487174662179e-05 1.53150504047517e-05 1.54813860717695e-05 1.5647719919798e-05 1.58140537678264e-05 1.58358925546054e-05 1.58095645019785e-05 1.57832382683409e-05 1.5756910215714e-05 1.57305839820765e-05 1.5704257748439e-05 1.56779296958121e-05
