data/working_set_collections/6091692-Cassins_Sparrow-M2/2015/evland_avg.asc
NCOLS 265 
NROWS 230 
XLLCORNER -115.5625 
YLLCORNER 24.8333333333333 
CELLSIZE 0.0833333333333333 
NODATA_value -9999 
[rows 72 to 89 of 230, columns 41 to 81 of 265]
9.12567338673398e-06 8.95040284376591e-06 8.77513321029255e-06 8.61708667798666e-06 8.5107139966567e-06 8.40434131532675e-06 8.29796772450209e-06 8.19159504317213e-06 8.08522236184217e-06 7.97884877101751e-06 7.87247608968755e-06 7.7500999395852e-06 7.6223900578043e-06 7.49467972127604e-06 7.36696983949514e-06 7.23925950296689e-06 7.11154916643864e-06 6.98383882991038e-06 6.90357364874217e-06 6.96564211466466e-06 7.0277110353345e-06 7.08977995600435e-06 7.15184842192684e-06 7.21391734259669e-06 7.27598580851918e-06 7.33805472918903e-06 7.57796351535944e-06 7.87715180194937e-06 8.17634099803399e-06 8.47552928462392e-06 8.77471848070854e-06 9.07390676729847e-06 9.37309596338309e-06 9.7230113169644e-06 1.02251069620252e-05 1.07272026070859e-05 1.12292982521467e-05 1.17313938972075e-05 1.22334895422682e-05 1.2735585187329e-05 1.32376808323897e-05
9.08247147890506e-06 8.88707018020796e-06 8.69166888151085e-06 8.52082939672982e-06 8.42367353470763e-06 8.32651858218014e-06 8.22936272015795e-06 8.13220776763046e-06 8.03505190560827e-06 7.93789695308078e-06 7.84074200055329e-06 7.716450454609e-06 7.58311352910823e-06 7.44977660360746e-06 7.31644013285404e-06 7.18310320735327e-06 7.04976673659985e-06 6.91642981109908e-06 6.83117832522839e-06 6.89018224875326e-06 6.94918662702548e-06 7.00819055055035e-06 7.06719447407522e-06 7.12619885234744e-06 7.18520277587231e-06 7.24420669939718e-06 7.48134880268481e-06 7.77787045080913e-06 8.07439209893346e-06 8.37091283756308e-06 8.66743448568741e-06 8.96395613381173e-06 9.26047687244136e-06 9.61187197390245e-06 1.01278883448686e-05 1.06439047158347e-05 1.11599210868008e-05 1.16759374577668e-05 1.21919538287329e-05 1.2707970199699e-05 1.32239865706651e-05
9.03926957107615e-06 8.82373751665e-06 8.60820455272915e-06 8.42457120597828e-06 8.33663307275856e-06 8.24869584903354e-06 8.16075771581382e-06 8.0728204920888e-06 7.98488235886907e-06 7.89694513514405e-06 7.80900700192433e-06 7.68280006013811e-06 7.54383700041217e-06 7.40487394068623e-06 7.26591042621294e-06 7.126947366487e-06 6.98798385201371e-06 6.84902079228777e-06 6.75878300171462e-06 6.81472238284186e-06 6.87066221871646e-06 6.92660159984371e-06 6.98254098097095e-06 7.0384803620982e-06 7.09441974322544e-06 7.15035912435269e-06 7.38473454475752e-06 7.6785881901742e-06 7.97244229033822e-06 8.26629639050225e-06 8.56015049066627e-06 8.8540045908303e-06 9.14785869099433e-06 9.5007335403352e-06 1.00306706372066e-05 1.05606077340781e-05 1.10905439214548e-05 1.16204810183262e-05 1.2150417205703e-05 1.26803543025744e-05 1.32102913994459e-05
8.99606766324723e-06 8.76040485309204e-06 8.52474113344215e-06 8.32831301522674e-06 8.24959352030419e-06 8.17087311588693e-06 8.09215271146968e-06 8.01343321654713e-06 7.93471281212987e-06 7.85599240771262e-06 7.77727291279007e-06 7.64915057516191e-06 7.5045604717161e-06 7.35997082301765e-06 7.21538071957184e-06 7.07079107087338e-06 6.92620142217493e-06 6.78161177347647e-06 6.6863881329482e-06 6.73926297167782e-06 6.79213735566009e-06 6.84501219438971e-06 6.89788703311933e-06 6.95076187184895e-06 7.00363625583122e-06 7.05651109456085e-06 7.28811983208288e-06 7.57930683903396e-06 7.87049339123769e-06 8.16167994344141e-06 8.45286740513984e-06 8.74405395734357e-06 9.03524050954729e-06 9.38959510676796e-06 9.93345202005003e-06 1.04773098428268e-05 1.10211667561089e-05 1.15650245788856e-05 1.21088814921677e-05 1.26527393149445e-05 1.31965962282266e-05
8.95286575541832e-06 8.69707128003938e-06 8.44127680466045e-06 8.2320557339699e-06 8.16255305835512e-06 8.09305038274033e-06 8.02354770712554e-06 7.95404503151076e-06 7.88454326539068e-06 7.81504058977589e-06 7.7455379141611e-06 7.61550018069101e-06 7.46528394302004e-06 7.31506770534907e-06 7.16485146767809e-06 7.01463523000712e-06 6.86441899233614e-06 6.71420275466517e-06 6.61399280943442e-06 6.66380310576642e-06 6.71361294735107e-06 6.76342324368306e-06 6.81323308526771e-06 6.86304292685236e-06 6.91285322318436e-06 6.962663064769e-06 7.1915055741556e-06 7.48002503314638e-06 7.76854449213715e-06 8.05706349638058e-06 8.34558341011871e-06 8.63410332385683e-06 8.92262232810026e-06 9.27845667320071e-06 9.83623431238811e-06 1.03940119515755e-05 1.09517895907629e-05 1.1509568139445e-05 1.20673457786324e-05 1.26251234178199e-05 1.31829010570073e-05
8.9096638475894e-06 8.63373861648142e-06 8.35781338537345e-06 8.13579754321836e-06 8.07551259640604e-06 8.01522764959373e-06 7.95494270278141e-06 7.89465775596909e-06 7.83437280915678e-06 7.77408786234446e-06 7.71380291553214e-06 7.58184978622012e-06 7.42600741432398e-06 7.27016458768048e-06 7.11432176103699e-06 6.9584789343935e-06 6.80263610775e-06 6.64679328110651e-06 6.54159748592065e-06 6.58834323985502e-06 6.63508853904204e-06 6.68183383822907e-06 6.72857913741609e-06 6.77532443660311e-06 6.82207019053749e-06 6.86881548972451e-06 7.09489086148096e-06 7.38074322725879e-06 7.66659559303662e-06 7.95244704931974e-06 8.23829941509757e-06 8.5241517808754e-06 8.81000414665323e-06 9.16731823963346e-06 9.7390166047262e-06 1.03107149698189e-05 1.08824133349117e-05 1.14541107905097e-05 1.20258091556025e-05 1.25975075206952e-05 1.3169205885788e-05
8.86233829078265e-06 8.57269697007723e-06 8.28305564937182e-06 8.05280251370277e-06 8.00071484263754e-06 7.9486271715723e-06 7.89653859101236e-06 7.84445091994712e-06 7.79236324888188e-06 7.74027466832194e-06 7.68818699725671e-06 7.55240534999757e-06 7.3887263170036e-06 7.22504728400963e-06 7.06136779626831e-06 6.89768876327435e-06 6.73400927553303e-06 6.57033024253906e-06 6.45851150693488e-06 6.50227502774214e-06 6.54603809380205e-06 6.58980115986196e-06 6.63356422592187e-06 6.67732774672913e-06 6.72109081278904e-06 6.76485387884895e-06 6.9870793595328e-06 7.26879170542816e-06 7.55050450607087e-06 7.83221730671357e-06 8.11392965260893e-06 8.39564290799899e-06 8.67735525389435e-06 9.02977808436844e-06 9.59433145908406e-06 1.01588857432944e-05 1.072343911801e-05 1.12879924927256e-05 1.18525458674412e-05 1.24171001516515e-05 1.29816535263672e-05
8.81088726600865e-06 8.51394634082681e-06 8.21700450615026e-06 7.98307064542314e-06 7.93815888755489e-06 7.89324712968664e-06 7.84833537181839e-06 7.80342361395014e-06 7.7585118560819e-06 7.71360009821365e-06 7.6686883403454e-06 7.52716687202337e-06 7.35344110580627e-06 7.17971533958917e-06 7.00599002811941e-06 6.83226426190231e-06 6.65853895043256e-06 6.48481318421545e-06 6.36473487247713e-06 6.40559846942779e-06 6.44646161163109e-06 6.48732520858175e-06 6.52818880553241e-06 6.56905194773572e-06 6.60991554468637e-06 6.65077914163703e-06 6.86807061356376e-06 7.14417137714918e-06 7.4202721407346e-06 7.69637335906737e-06 7.97247412265278e-06 8.2485748862382e-06 8.52467564982362e-06 8.86583711690037e-06 9.40218069445109e-06 9.93852427200181e-06 1.04748687590472e-05 1.1011212336598e-05 1.15475559141487e-05 1.20838994916994e-05 1.26202430692501e-05
8.75943624123465e-06 8.45519480208168e-06 8.1509533629287e-06 7.91333877714351e-06 7.87560384196695e-06 7.83786799729569e-06 7.80013215262443e-06 7.76239721744787e-06 7.72466137277661e-06 7.68692643760005e-06 7.64919059292879e-06 7.50192793930182e-06 7.31815589460894e-06 7.13438384991605e-06 6.95061180522316e-06 6.76683976053027e-06 6.58306817058474e-06 6.39929612589185e-06 6.27095778327202e-06 6.30892191111343e-06 6.34688558420748e-06 6.38484925730154e-06 6.42281293039559e-06 6.46077660348965e-06 6.4987402765837e-06 6.53670394967776e-06 6.74906186759472e-06 7.0195510488702e-06 7.29003977539833e-06 7.56052895667381e-06 7.83101768320194e-06 8.10150686447741e-06 8.37199604575289e-06 8.70189614943229e-06 9.21002992981812e-06 9.71816371020395e-06 1.02262974905898e-05 1.07344312709756e-05 1.12425650513615e-05 1.17506988317473e-05 1.22588326121331e-05
8.70798612595536e-06 8.39644417283125e-06 8.08490312920185e-06 7.84360690886388e-06 7.81304788688431e-06 7.78248886490474e-06 7.75192893343046e-06 7.72136991145089e-06 7.69081088947132e-06 7.66025186749175e-06 7.62969284551218e-06 7.47668900658027e-06 7.2828706834116e-06 7.08905236024293e-06 6.89523403707426e-06 6.70141571390559e-06 6.50759739073692e-06 6.31377906756825e-06 6.17718114881427e-06 6.21224535279907e-06 6.24730910203652e-06 6.28237330602133e-06 6.31743705525878e-06 6.35250125924358e-06 6.38756546322838e-06 6.42262921246584e-06 6.63005312162568e-06 6.89493026584387e-06 7.15980741006206e-06 7.4246850090276e-06 7.68956215324579e-06 7.95443884271663e-06 8.21931644168217e-06 8.53795518196421e-06 9.01787916518515e-06 9.49780314840609e-06 9.97772713162703e-06 1.0457651114848e-05 1.09375750980689e-05 1.14174990812899e-05 1.18974221550161e-05
8.65653510118136e-06 8.33769354358083e-06 8.01885198598029e-06 7.77387504058424e-06 7.75049193180166e-06 7.72710882301908e-06 7.7037266237312e-06 7.68034351494862e-06 7.65696040616604e-06 7.63357729738345e-06 7.61019418860087e-06 7.45145007385872e-06 7.24758547221427e-06 7.04372087056981e-06 6.83985581417801e-06 6.63599121253355e-06 6.4321266108891e-06 6.22826155449729e-06 6.08340451435652e-06 6.11556879448472e-06 6.14773307461292e-06 6.17989735474112e-06 6.21206163486931e-06 6.24422591499751e-06 6.27639019512571e-06 6.30855447525391e-06 6.51104437565664e-06 6.77030993756489e-06 7.02957504472579e-06 7.28884060663404e-06 7.54810616854229e-06 7.80737173045054e-06 8.06663683761144e-06 8.37401421449613e-06 8.82572840055218e-06 9.27744258660823e-06 9.72915586316958e-06 1.01808700492256e-05 1.06325842352817e-05 1.10842984213377e-05 1.15360126073938e-05
8.60508407640737e-06 8.2789429143304e-06 7.95280084275873e-06 7.70414317230461e-06 7.68793688621372e-06 7.67172969062813e-06 7.65552340453723e-06 7.63931620895164e-06 7.6231094681134e-06 7.60690272727516e-06 7.59069644118426e-06 7.42621114113717e-06 7.21230026101694e-06 6.99838892614935e-06 6.78447804602911e-06 6.57056671116152e-06 6.35665583104128e-06 6.14274449617369e-06 5.98962742515141e-06 6.01889223617036e-06 6.04815659244196e-06 6.07742094871355e-06 6.1066857597325e-06 6.1359501160041e-06 6.16521492702304e-06 6.19447928329464e-06 6.3920356296876e-06 6.64568915453856e-06 6.89934313413687e-06 7.15299665898783e-06 7.40665018383879e-06 7.66030370868975e-06 7.91395723354071e-06 8.21007324702805e-06 8.63357763591921e-06 9.05708202481037e-06 9.48058550420683e-06 9.90408989309799e-06 1.03275933724944e-05 1.07510977613856e-05 1.11746021502768e-05
8.6280815594364e-06 8.30019325803732e-06 7.97230495663825e-06 7.72538987803273e-06 7.72139264881844e-06 7.71739541960414e-06 7.71339819038985e-06 7.70940096117556e-06 7.70540373196127e-06 7.70140650274698e-06 7.69740927353268e-06 7.5245648076816e-06 7.29543762645335e-06 7.06630999047775e-06 6.8371828092495e-06 6.60805562802125e-06 6.37892799204565e-06 6.1498008108174e-06 5.98581164013012e-06 6.01723604631843e-06 6.04866090725409e-06 6.08008576818975e-06 6.1115106291254e-06 6.14293503531371e-06 6.17435989624937e-06 6.20578475718503e-06 6.40454663880519e-06 6.65908737573773e-06 6.91362856741762e-06 7.16816930435016e-06 7.42271049603005e-06 7.67725123296259e-06 7.93179242464248e-06 8.22024867375148e-06 8.61045100464253e-06 9.00065242603887e-06 9.39085475692991e-06 9.78105708782095e-06 1.0171259418712e-05 1.0561461749603e-05 1.09516631709994e-05
8.72552573127905e-06 8.4014454841963e-06 8.07736432761885e-06 7.83761424827389e-06 7.85086012911052e-06 7.86410600994714e-06 7.87735189078376e-06 7.89059777162038e-06 7.9038427429623e-06 7.91708862379892e-06 7.93033450463554e-06 7.746511073492e-06 7.49699756852351e-06 7.24748406355502e-06 6.99797055858653e-06 6.74845705361804e-06 6.4989440033969e-06 6.24943049842841e-06 6.0719567045453e-06 6.11060113442363e-06 6.14924601904931e-06 6.187890903675e-06 6.22653533355333e-06 6.26518021817901e-06 6.30382510280469e-06 6.34246953268303e-06 6.5485764935147e-06 6.81050414641504e-06 7.07243179931538e-06 7.33435899746837e-06 7.59628665036871e-06 7.85821430326905e-06 8.12014150142204e-06 8.40453958517173e-06 8.75634759722743e-06 9.10815560928313e-06 9.45996453083353e-06 9.81177254288923e-06 1.01635805549449e-05 1.05153885670006e-05 1.0867197488551e-05
8.8229708126164e-06 8.50269680086058e-06 8.18242278910475e-06 7.94983952800976e-06 7.9803285188973e-06 8.01081660029013e-06 8.04130559117766e-06 8.07179367257049e-06 8.10228266345803e-06 8.13277074485086e-06 8.16325973573839e-06 7.96845688455505e-06 7.69855705584632e-06 7.42865813663229e-06 7.15875830792356e-06 6.88885893396218e-06 6.6189595600008e-06 6.34906018603942e-06 6.15810176896048e-06 6.20396622252883e-06 6.24983113084454e-06 6.29569603916025e-06 6.3415604927286e-06 6.38742540104431e-06 6.43328985461267e-06 6.47915476292837e-06 6.69260634822422e-06 6.96192046234501e-06 7.2312345764658e-06 7.50054869058658e-06 7.76986325945472e-06 8.03917737357551e-06 8.3084914876963e-06 8.58883049659198e-06 8.90224509930704e-06 9.21565879252739e-06 9.52907339524245e-06 9.8424879979575e-06 1.01559026006726e-05 1.04693162938929e-05 1.0782730896608e-05
8.92041589395376e-06 8.60394902701955e-06 8.28748216008535e-06 8.06206480774563e-06 8.10979599918937e-06 8.15752719063312e-06 8.20525838207686e-06 8.25299048301531e-06 8.30072167445906e-06 8.3484528659028e-06 8.39618405734655e-06 8.1904026956181e-06 7.90011745266384e-06 7.60983175496222e-06 7.31954651200795e-06 7.02926081430633e-06 6.73897511660471e-06 6.44868941890309e-06 6.2442463786283e-06 6.29733131063404e-06 6.35041624263977e-06 6.40350071989815e-06 6.45658565190388e-06 6.50967058390961e-06 6.56275506116799e-06 6.61583999317372e-06 6.83663665768108e-06 7.11333723302232e-06 7.39003780836356e-06 7.6667383837048e-06 7.94343941379339e-06 8.22014044388197e-06 8.49684056447586e-06 8.77312140801223e-06 9.04814169189194e-06 9.32316197577165e-06 9.59818225965137e-06 9.87320345302578e-06 1.01482237369055e-05 1.04232440207852e-05 1.06982643046649e-05
9.01786097529111e-06 8.70520125317853e-06 8.39254062157124e-06 8.17428917798679e-06 8.23926347948145e-06 8.30423778097611e-06 8.36921208247077e-06 8.43418638396543e-06 8.49916068546008e-06 8.56413498695474e-06 8.6291092884494e-06 8.41234941617586e-06 8.10167784948135e-06 7.79100537329214e-06 7.48033426134498e-06 7.16966269465047e-06 6.85899067320861e-06 6.5483191065141e-06 6.33039144304348e-06 6.39069639873924e-06 6.45100135443499e-06 6.5113058553834e-06 6.57161081107915e-06 6.63191531202756e-06 6.69222026772331e-06 6.75252522341907e-06 6.9806665123906e-06 7.26475400369964e-06 7.54884104026132e-06 7.83292853157036e-06 8.11701556813205e-06 8.40110260469373e-06 8.68519055075012e-06 8.95741231943248e-06 9.19403919397155e-06 9.43066515901592e-06 9.66729203355499e-06 9.90391890809406e-06 1.01405448731384e-05 1.03771717476775e-05 1.06137986222166e-05
9.11530605662847e-06 8.8064525698428e-06 8.49759999255184e-06 8.28651445772266e-06 8.36873186926823e-06 8.4509483713191e-06 8.53316578286467e-06 8.61538319441024e-06 8.69759969646111e-06 8.77981710800668e-06 8.86203451955225e-06 8.63429522723891e-06 8.30323733680416e-06 7.97217944636941e-06 7.64112155593466e-06 7.31006412024726e-06 6.97900668455986e-06 6.64794879412511e-06 6.41653650745866e-06 6.48406148684444e-06 6.55158601148287e-06 6.61911099086865e-06 6.68663597025443e-06 6.75416049489286e-06 6.82168547427864e-06 6.88920999891707e-06 7.12469682184746e-06 7.4161703196296e-06 7.70764472690644e-06 7.99911776994122e-06 8.29059172247071e-06 8.5820656750002e-06 8.87353962752968e-06 9.14170323085273e-06 9.33993578655645e-06 9.53816834226018e-06 9.7364008979639e-06 9.93463345366763e-06 1.01328669188661e-05 1.03310994745698e-05 1.05293320302735e-05
