data/working_set_collections/6091692-Cassins_Sparrow-M2/2015/evland_avg.asc
NCOLS 265 
NROWS 230 
XLLCORNER -115.5625 
YLLCORNER 24.8333333333333 
CELLSIZE 0.0833333333333333 
NODATA_value -9999 
[rows 54 to 71 of 230, columns 82 to 122 of 265]
1.11832387119648e-05 1.16593573693535e-05 1.2135476936237e-05 1.26115965031204e-05 1.30877160700038e-05 1.35638356368872e-05 1.4039954294276e-05 1.4458411897067e-05 1.47038845170755e-05 1.4949357137084e-05 1.51948297570925e-05 1.5440302377101e-05 1.56857749971095e-05 1.59312476171181e-05 1.61767202371266e-05 1.63294553203741e-05 1.64512784976978e-05 1.65731016750215e-05 1.66949248523451e-05 1.68167480296688e-05 1.69385712069925e-05 1.70603943843162e-05 1.71262636285974e-05 1.70242674357723e-05 1.69222712429473e-05 1.68202750501223e-05 1.67182788572973e-05 1.66162826644722e-05 1.65142864716472e-05 1.64122902788222e-05 1.63148088176968e-05 1.62188334797975e-05 1.61228581418982e-05 1.60268828039989e-05 1.59309074660996e-05 1.58349303092109e-05 1.57389549713116e-05 1.56040205183672e-05 1.53522032633191e-05 1.51003878272604e-05 1.4848571481707e-05
1.12840198198683e-05 1.17470817713183e-05 1.22101428132737e-05 1.26732047647238e-05 1.31362658066791e-05 1.35993277581292e-05 1.40623888000846e-05 1.4467783330474e-05 1.47001765071764e-05 1.49325696838787e-05 1.5164962860581e-05 1.53973560372833e-05 1.56297501234803e-05 1.5862142390688e-05 1.6094536476885e-05 1.62312753673177e-05 1.63361328304745e-05 1.64409884746419e-05 1.65458441188093e-05 1.66506997629767e-05 1.67555554071441e-05 1.68604110513115e-05 1.69055238075089e-05 1.67714006238384e-05 1.6637277440168e-05 1.65031560754869e-05 1.63690328918165e-05 1.62349115271354e-05 1.6100788343465e-05 1.59666669787839e-05 1.58617422130192e-05 1.57665508595528e-05 1.56713595060864e-05 1.55761681526201e-05 1.54809767991537e-05 1.53857854456874e-05 1.5290594092221e-05 1.51682361320127e-05 1.49643792610732e-05 1.47605223901337e-05 1.45566655191942e-05
1.13848018372664e-05 1.18348052637884e-05 1.22848086903105e-05 1.27348130263272e-05 1.31848164528492e-05 1.36348198793712e-05 1.40848233058932e-05 1.44771547638811e-05 1.46964684972772e-05 1.49157822306734e-05 1.51350959640695e-05 1.53544096974656e-05 1.55737234308617e-05 1.57930371642578e-05 1.6012350897654e-05 1.61330954142613e-05 1.62209853442619e-05 1.6308873455273e-05 1.63967615662841e-05 1.64846514962846e-05 1.65725396072958e-05 1.66604277183069e-05 1.6684782167431e-05 1.65185338119045e-05 1.6352285456378e-05 1.61860371008515e-05 1.60197887453251e-05 1.58535403897986e-05 1.56872920342721e-05 1.55210436787456e-05 1.54086756083416e-05 1.53142682393081e-05 1.52198608702747e-05 1.5125454410736e-05 1.50310470417025e-05 1.49366396726691e-05 1.48422323036357e-05 1.47324526551529e-05 1.45765543493326e-05 1.4420656953007e-05 1.42647586471867e-05
1.14855838546646e-05 1.19225296657532e-05 1.23594754768419e-05 1.27964203784359e-05 1.32333661895245e-05 1.36703120006132e-05 1.41072578117019e-05 1.44865252877935e-05 1.46927595778834e-05 1.4898994777468e-05 1.5105229067558e-05 1.53114633576479e-05 1.55176985572325e-05 1.57239319378277e-05 1.59301671374124e-05 1.60349172801943e-05 1.61058378580492e-05 1.61767602548935e-05 1.62476808327483e-05 1.63186032295926e-05 1.63895238074474e-05 1.64604443853023e-05 1.64640423463425e-05 1.626566881896e-05 1.60672934725881e-05 1.58689181262162e-05 1.56705445988337e-05 1.54721692524618e-05 1.52737939060898e-05 1.50754194692126e-05 1.4955609003664e-05 1.48619856190635e-05 1.47683631439577e-05 1.46747397593572e-05 1.45811172842514e-05 1.44874938996509e-05 1.43938714245451e-05 1.42966691782931e-05 1.41887303470867e-05 1.40807915158803e-05 1.39728526846739e-05
1.15863658720627e-05 1.20102531582233e-05 1.24341413538787e-05 1.28580286400393e-05 1.32819168356946e-05 1.37058041218552e-05 1.41296923175105e-05 1.44958967212006e-05 1.46890515679843e-05 1.4882206414768e-05 1.50753621710464e-05 1.52685170178302e-05 1.54616718646139e-05 1.56548267113976e-05 1.58479815581813e-05 1.5936737327138e-05 1.59906903718365e-05 1.60446452355245e-05 1.60986000992125e-05 1.61525531439111e-05 1.6206508007599e-05 1.6260462871287e-05 1.6243302525254e-05 1.6012802007026e-05 1.57823014887981e-05 1.55517991515808e-05 1.53212986333529e-05 1.50907981151249e-05 1.4860297596897e-05 1.46297970786691e-05 1.45025423989864e-05 1.44097039083135e-05 1.4316864508146e-05 1.42240260174731e-05 1.41311875268002e-05 1.40383481266326e-05 1.39455096359598e-05 1.38608857014333e-05 1.38009054353461e-05 1.37409260787535e-05 1.36809458126663e-05
1.16871478894609e-05 1.20979775601882e-05 1.25088072309154e-05 1.29196369016427e-05 1.33304665723699e-05 1.37412962430972e-05 1.41521259138244e-05 1.45052672451129e-05 1.46853435580852e-05 1.48654189615627e-05 1.50454952745349e-05 1.52255706780124e-05 1.54056469909847e-05 1.55857214849675e-05 1.57657977979397e-05 1.58385573740816e-05 1.58755447046133e-05 1.59125302161556e-05 1.59495175466873e-05 1.5986504877219e-05 1.60234922077507e-05 1.60604795382824e-05 1.60225627041655e-05 1.57599351950921e-05 1.54973076860188e-05 1.52346810864401e-05 1.49720544868615e-05 1.47094269777881e-05 1.44468003782094e-05 1.41841737786308e-05 1.40494757943088e-05 1.39574212880689e-05 1.38653667818289e-05 1.3773312275589e-05 1.3681257769349e-05 1.35892023536144e-05 1.34971478473744e-05 1.34251022245735e-05 1.34130814331002e-05 1.34010606416268e-05 1.33890398501535e-05
1.17729232442798e-05 1.21625544124981e-05 1.25521846712218e-05 1.29418158394401e-05 1.33314460981637e-05 1.37210772663821e-05 1.41107084346004e-05 1.44436253322056e-05 1.46064039654448e-05 1.47691816891893e-05 1.49319603224285e-05 1.5094738046173e-05 1.52575166794122e-05 1.54202953126514e-05 1.55830730363959e-05 1.56360601977212e-05 1.56524511112366e-05 1.56688402057625e-05 1.56852311192779e-05 1.57016202138038e-05 1.57180111273192e-05 1.57344020408345e-05 1.5679024727433e-05 1.54083500092383e-05 1.51376762005384e-05 1.48670014823438e-05 1.45963267641491e-05 1.43256520459545e-05 1.40549773277598e-05 1.37843026095652e-05 1.36618200485827e-05 1.35887357828324e-05 1.35156506075873e-05 1.34425654323422e-05 1.33694802570972e-05 1.32963950818521e-05 1.32233108161017e-05 1.31717388285324e-05 1.31847064039903e-05 1.31976748889429e-05 1.32106433738954e-05
1.18436937555089e-05 1.2203984624648e-05 1.25642745842924e-05 1.29245654534316e-05 1.32848563225707e-05 1.36451462822151e-05 1.40054371513543e-05 1.43109700729838e-05 1.44522327900631e-05 1.45934955071425e-05 1.47347582242219e-05 1.48760200318065e-05 1.50172827488859e-05 1.51585454659653e-05 1.529980727355e-05 1.53292457980569e-05 1.53214095917065e-05 1.5313573385356e-05 1.53057371790055e-05 1.5297900972655e-05 1.5290066585294e-05 1.52822303789435e-05 1.52126913235406e-05 1.49580473589594e-05 1.4703404303873e-05 1.44487603392918e-05 1.41941163747106e-05 1.39394724101294e-05 1.36848284455482e-05 1.3430184480967e-05 1.33395760713029e-05 1.33036464831093e-05 1.32677159854211e-05 1.32317863972276e-05 1.31958558995393e-05 1.31599263113458e-05 1.31239967231522e-05 1.310079551331e-05 1.31157821670058e-05 1.31307688207016e-05 1.31457563838921e-05
1.19144642667379e-05 1.22454139273032e-05 1.25763644973631e-05 1.2907315067423e-05 1.3238265637483e-05 1.35692152980482e-05 1.39001658681082e-05 1.41783157232567e-05 1.42980616146815e-05 1.4417808415601e-05 1.45375552165206e-05 1.46573020174401e-05 1.47770488183596e-05 1.48967956192791e-05 1.50165424201987e-05 1.50224323078874e-05 1.49903698911658e-05 1.49583074744442e-05 1.49262450577226e-05 1.4894182641001e-05 1.48621202242794e-05 1.48300578075578e-05 1.47463579196483e-05 1.45077447086805e-05 1.42691314977128e-05 1.40305182867451e-05 1.3791905985272e-05 1.35532927743043e-05 1.33146795633365e-05 1.30760663523688e-05 1.3017332094023e-05 1.30185571833863e-05 1.30197822727496e-05 1.30210073621129e-05 1.30222324514762e-05 1.30234575408394e-05 1.30246826302027e-05 1.30298521980876e-05 1.30468579300214e-05 1.30638636619551e-05 1.30808693938889e-05
1.19852338684723e-05 1.2286844139453e-05 1.25884544104338e-05 1.28900646814145e-05 1.31916749523953e-05 1.34932843138813e-05 1.3794894584862e-05 1.40456604640349e-05 1.41438913487946e-05 1.42421222335543e-05 1.43403531183139e-05 1.44385840030736e-05 1.45368148878333e-05 1.4635045772593e-05 1.47332766573527e-05 1.47156179082231e-05 1.46593292811303e-05 1.46030406540376e-05 1.45467520269449e-05 1.44904633998522e-05 1.44341747727594e-05 1.43778861456667e-05 1.42800245157559e-05 1.40574420584016e-05 1.38348596010474e-05 1.36122771436931e-05 1.33896955958335e-05 1.31671131384792e-05 1.29445306811249e-05 1.27219482237706e-05 1.26950881167431e-05 1.27334678836633e-05 1.27718476505834e-05 1.28102283269982e-05 1.28486080939183e-05 1.28869878608384e-05 1.29253685372532e-05 1.29589097923599e-05 1.29779336930369e-05 1.29969575937139e-05 1.30159824038856e-05
1.20560043797013e-05 1.23282743516029e-05 1.26005443235044e-05 1.2872814295406e-05 1.31450842673075e-05 1.34173542392091e-05 1.36896242111106e-05 1.39130052048131e-05 1.39897201734129e-05 1.40664351420128e-05 1.41431510201073e-05 1.42198659887072e-05 1.4296580957307e-05 1.43732959259069e-05 1.44500108945067e-05 1.44088035085588e-05 1.43282886710949e-05 1.42477738336311e-05 1.41672589961672e-05 1.40867441587034e-05 1.40062293212395e-05 1.39257144837757e-05 1.38136902023689e-05 1.36071394081227e-05 1.34005877043819e-05 1.31940360006411e-05 1.29874842969002e-05 1.27809335026541e-05 1.25743817989132e-05 1.23678300951724e-05 1.23728441394633e-05 1.24483785839402e-05 1.25239139379119e-05 1.25994492918835e-05 1.26749837363604e-05 1.27505190903321e-05 1.28260544443037e-05 1.28879664771375e-05 1.29090094560524e-05 1.29300524349674e-05 1.29510954138823e-05
1.21267739814357e-05 1.2369703654258e-05 1.26126333270804e-05 1.28555639093975e-05 1.30984935822198e-05 1.33414232550422e-05 1.35843529278645e-05 1.37803499455913e-05 1.38355489980313e-05 1.3890748959966e-05 1.3945948012406e-05 1.40011479743407e-05 1.40563470267807e-05 1.41115460792207e-05 1.41667460411554e-05 1.41019900183892e-05 1.39972489705542e-05 1.38925079227192e-05 1.37877659653896e-05 1.36830249175546e-05 1.35782838697196e-05 1.34735428218846e-05 1.33473567984765e-05 1.31568358483491e-05 1.29663158077165e-05 1.27757948575891e-05 1.25852739074617e-05 1.2394753866829e-05 1.22042329167016e-05 1.20137119665742e-05 1.20505992526887e-05 1.21632892842172e-05 1.22759793157456e-05 1.23886702567688e-05 1.25013602882973e-05 1.26140503198258e-05 1.27267403513542e-05 1.28170231619151e-05 1.2840085219068e-05 1.28631463667261e-05 1.2886208423879e-05
1.22923192975577e-05 1.2541086107376e-05 1.27898538266891e-05 1.30386206365074e-05 1.32873883558204e-05 1.35361560751335e-05 1.37849228849518e-05 1.39822714118054e-05 1.40253605422913e-05 1.40684505822719e-05 1.41115406222525e-05 1.41546306622331e-05 1.41977207022137e-05 1.42408098326996e-05 1.42838998726802e-05 1.4195847143128e-05 1.40640804602299e-05 1.39323137773317e-05 1.38005461849389e-05 1.36687795020407e-05 1.35370128191425e-05 1.34052452267497e-05 1.32566274260171e-05 1.30574571812758e-05 1.28582869365346e-05 1.26591166917933e-05 1.24599464470521e-05 1.22607762023108e-05 1.20616059575696e-05 1.18624357128283e-05 1.19078667921713e-05 1.20348313430441e-05 1.21617958939169e-05 1.22887613542844e-05 1.24157259051572e-05 1.25426913655247e-05 1.26696559163975e-05 1.27712582980166e-05 1.27967732623802e-05 1.28222882267437e-05 1.28478031911072e-05
1.2552638509078e-05 1.28424217109568e-05 1.3132204003341e-05 1.34219862957252e-05 1.37117694976041e-05 1.40015517899883e-05 1.42913349918672e-05 1.45187686939607e-05 1.4559154806193e-05 1.45995418279199e-05 1.46399279401521e-05 1.46803140523843e-05 1.47207010741113e-05 1.47610871863435e-05 1.48014742080704e-05 1.46903767017648e-05 1.45287840496167e-05 1.43671923069633e-05 1.42055996548152e-05 1.40440079121618e-05 1.38824152600137e-05 1.37208226078656e-05 1.35415039039799e-05 1.33090034069028e-05 1.30765029098256e-05 1.28440024127485e-05 1.26115019156714e-05 1.23790014185943e-05 1.21465009215171e-05 1.191400042444e-05 1.19446449389216e-05 1.20630038509262e-05 1.21813636724255e-05 1.22997225844301e-05 1.24180824059295e-05 1.25364422274288e-05 1.26548011394334e-05 1.2750671885442e-05 1.27790744954837e-05 1.28074771055253e-05 1.2835879715567e-05
1.28129577205982e-05 1.3143756405043e-05 1.3474554179993e-05 1.3805351954943e-05 1.41361506393878e-05 1.44669484143378e-05 1.47977461892879e-05 1.50552659761161e-05 1.50929490700946e-05 1.51306321640732e-05 1.51683152580517e-05 1.52059983520303e-05 1.52436814460088e-05 1.52813645399874e-05 1.53190485434607e-05 1.51849053509068e-05 1.49934885484981e-05 1.48020708365948e-05 1.46106531246915e-05 1.44192354127881e-05 1.42278177008848e-05 1.40363999889814e-05 1.3826379472448e-05 1.3560548723035e-05 1.3294717973622e-05 1.3028887224209e-05 1.2763056474796e-05 1.24972266348777e-05 1.22313958854647e-05 1.19655651360517e-05 1.19814230856718e-05 1.2091177268303e-05 1.22009305414394e-05 1.23106847240706e-05 1.24204389067017e-05 1.25301930893329e-05 1.2639947271964e-05 1.27300854728674e-05 1.27613757285872e-05 1.2792665984307e-05 1.28239562400267e-05
1.30732778416132e-05 1.34450910991291e-05 1.3816904356645e-05 1.41887176141609e-05 1.45605308716767e-05 1.49323450386873e-05 1.53041582962032e-05 1.55917623487767e-05 1.56267433339963e-05 1.56617225002265e-05 1.5696703485446e-05 1.57316826516762e-05 1.57666618179064e-05 1.5801642803126e-05 1.58366219693562e-05 1.56794340000488e-05 1.54581921378849e-05 1.52369493662263e-05 1.50157065945677e-05 1.47944638229092e-05 1.45732201417559e-05 1.43519773700973e-05 1.41112550409161e-05 1.3812094948662e-05 1.35129339469131e-05 1.32137729451642e-05 1.29146119434154e-05 1.26154509416665e-05 1.23162908494123e-05 1.20171298476635e-05 1.20182012324221e-05 1.21193497761851e-05 1.22204983199481e-05 1.23216468637111e-05 1.2422795407474e-05 1.2523943951237e-05 1.2625092495e-05 1.2709498150798e-05 1.27436769616907e-05 1.27778548630886e-05 1.28120336739812e-05
1.33335970531334e-05 1.37464257932152e-05 1.41592545332969e-05 1.45720832733787e-05 1.49849120134604e-05 1.53977416630369e-05 1.58105704031186e-05 1.61282605404267e-05 1.61605366884032e-05 1.61928128363797e-05 1.62250908033457e-05 1.62573669513222e-05 1.62896430992987e-05 1.63219192472752e-05 1.63541953952517e-05 1.61739644681802e-05 1.59228966367664e-05 1.56718269863632e-05 1.54207591549493e-05 1.51696913235355e-05 1.49186234921217e-05 1.46675547512132e-05 1.4396131518879e-05 1.40636402647942e-05 1.37311490107095e-05 1.33986586661194e-05 1.30661674120347e-05 1.273367615795e-05 1.24011858133599e-05 1.20686945592752e-05 1.20549793791724e-05 1.21475222840672e-05 1.2240065188962e-05 1.23326080938568e-05 1.24251519082463e-05 1.25176948131411e-05 1.26102377180359e-05 1.26889117382234e-05 1.27259781947942e-05 1.27630437418702e-05 1.2800110198441e-05
1.35939162646537e-05 1.40477604873013e-05 1.45016047099489e-05 1.49554489325965e-05 1.54092922457494e-05 1.58631373778917e-05 1.63169806910446e-05 1.66647569130873e-05 1.66943300428102e-05 1.67239049915224e-05 1.67534781212453e-05 1.67830512509681e-05 1.6812624380691e-05 1.68421975104138e-05 1.68717706401367e-05 1.66684931173222e-05 1.63875993166585e-05 1.61067055159947e-05 1.58258135343203e-05 1.55449197336566e-05 1.52640259329928e-05 1.4983132132329e-05 1.46810070873471e-05 1.43151855809265e-05 1.39493649840006e-05 1.358354347758e-05 1.3217722880654e-05 1.28519013742334e-05 1.24860807773075e-05 1.21202592708869e-05 1.20917575259227e-05 1.21756947919494e-05 1.22596329674707e-05 1.23435702334973e-05 1.24275084090186e-05 1.25114456750453e-05 1.25953838505666e-05 1.26683253256488e-05 1.27082794278977e-05 1.27482326206518e-05 1.27881867229007e-05
