data/working_set_collections/6091692-Cassins_Sparrow-M2/2015/evpsoil_avg.asc
NCOLS 265 
NROWS 230 
XLLCORNER -115.5625 
YLLCORNER 24.8333333333333 
CELLSIZE 0.0833333333333333 
NODATA_value -9999 
[rows 0 to 19 of 230, columns 46 to 91 of 265]
30.4496688842773 29.5134754180908 28.5772819519043 27.6410884857178 26.7048950195312 25.7686996459961 25.1584930419922 24.656946182251 24.1554012298584 23.6538562774658 23.1523094177246 22.650764465332 22.1492195129395 21.7029418945312 21.4224720001221 21.1420021057129 20.8615303039551 20.5810604095459 20.3005905151367 20.0201206207275 19.7396507263184 19.7970390319824 19.9670467376709 20.1370544433594 20.3070640563965 20.477071762085 20.6470794677734 20.8170871734619 21.0124759674072 21.2840061187744 21.5555381774902 21.8270683288574 22.0985984802246 22.3701286315918 22.6416606903076 22.9131908416748 22.9813709259033 22.9817676544189 22.9821662902832 22.9825630187988 22.9829597473145 22.9833564758301 22.9837532043457 23.0403575897217 23.2655811309814 23.4908027648926
30.3107738494873 29.2962779998779 28.2817802429199 27.2672843933105 26.2527885437012 25.2382907867432 24.6374607086182 24.1745204925537 23.7115783691406 23.2486381530762 22.7856979370117 22.3227558135986 21.8598155975342 21.4484367370605 21.1917457580566 20.9350528717041 20.6783618927002 20.4216709136963 20.1649780273438 19.9082870483398 19.6515941619873 19.7349605560303 19.9316787719727 20.128396987915 20.3251152038574 20.5218334197998 20.7185516357422 20.9152698516846 21.1266632080078 21.3820858001709 21.637508392334 21.8929309844971 22.1483535766602 22.4037742614746 22.6591968536377 22.9146194458008 22.9823303222656 22.9874706268311 22.9926109313965 22.9977493286133 23.0028896331787 23.0080299377441 23.0131702423096 23.0713882446289 23.2888469696045 23.5063056945801
30.1718788146973 29.079080581665 27.9862804412842 26.8934803009033 25.8006820678711 24.7078819274902 24.1164302825928 23.6920928955078 23.2677574157715 22.8434219360352 22.4190845489502 21.9947490692139 21.5704135894775 21.1939315795898 20.9610195159912 20.7281055450439 20.4951915740967 20.262279510498 20.0293655395508 19.7964515686035 19.5635395050049 19.6728820800781 19.8963108062744 20.1197376251221 20.3431663513184 20.5665950775146 20.7900218963623 21.0134506225586 21.2408504486084 21.4801635742188 21.7194786071777 21.9587917327881 22.1981067657471 22.4374217987061 22.6767349243164 22.9160499572754 22.9832897186279 22.9931716918945 23.0030555725098 23.0129375457764 23.022819519043 23.0327033996582 23.0425853729248 23.1024208068848 23.3121147155762 23.5218067169189
30.0329856872559 28.8618831634521 27.6907806396484 26.5196781158447 25.348575592041 24.1774711608887 23.5953979492188 23.2096672058105 22.8239345550537 22.4382038116455 22.0524730682373 21.6667404174805 21.2810096740723 20.9394283294678 20.7302932739258 20.5211582183838 20.3120231628418 20.1028881072998 19.8937530517578 19.6846179962158 19.4754829406738 19.610803604126 19.8609409332275 20.1110801696777 20.3612174987793 20.6113548278809 20.8614940643311 21.1116313934326 21.355037689209 21.5782432556152 21.8014488220215 22.0246543884277 22.247859954834 22.4710674285889 22.6942729949951 22.9174785614014 22.9842491149902 22.9988746643066 23.013500213623 23.0281257629395 23.0427494049072 23.0573749542236 23.07200050354 23.133451461792 23.3353805541992 23.5373096466064
29.8940906524658 28.6446857452393 27.3952789306641 26.1458740234375 24.8964691162109 23.6470623016357 23.0743656158447 22.7272396087646 22.3801136016846 22.0329856872559 21.6858596801758 21.3387336730957 20.991605758667 20.6849231719971 20.4995670318604 20.314208984375 20.1288528442383 19.9434967041016 19.7581405639648 19.5727844238281 19.3874282836914 19.5487251281738 19.8255729675293 20.1024208068848 20.3792686462402 20.6561164855957 20.9329662322998 21.2098140716553 21.4692230224609 21.6763210296631 21.8834190368652 22.0905170440674 22.2976150512695 22.5047130584717 22.7118091583252 22.9189071655273 22.9852085113525 23.0045757293701 23.0239448547363 23.0433120727539 23.0626811981201 23.0820484161377 23.1014156341553 23.1644840240479 23.3586483001709 23.5528125762939
29.7551956176758 28.4274883270264 27.0997791290283 25.7720699310303 24.4443626403809 23.1166534423828 22.5533351898193 22.2448120117188 21.9362907409668 21.6277694702148 21.3192481994629 21.0107250213623 20.7022037506104 20.4304180145264 20.2688407897949 20.1072616577148 19.9456844329834 19.7841053009033 19.6225280761719 19.4609508514404 19.2993717193604 19.4866466522217 19.7902050018311 20.0937633514404 20.3973197937012 20.7008781433105 21.0044364929199 21.3079948425293 21.5834102630615 21.7744007110596 21.965389251709 22.156379699707 22.3473682403564 22.5383586883545 22.7293472290039 22.920337677002 22.9861679077148 23.0102787017822 23.0343894958496 23.058500289917 23.0826110839844 23.1067218780518 23.1308326721191 23.1955146789551 23.3819141387939 23.5683135986328
29.9113349914551 28.5021476745605 27.0929584503174 25.6837711334229 24.2745819091797 22.8653945922852 22.3095359802246 22.0381202697754 21.7667045593262 21.495288848877 21.2238731384277 20.9524574279785 20.6810417175293 20.4426765441895 20.3034629821777 20.164249420166 20.0250358581543 19.8858222961426 19.7466087341309 19.6073951721191 19.4681816101074 19.650842666626 19.9407958984375 20.230749130249 20.5207023620605 20.8106555938721 21.1006107330322 21.3905639648438 21.6529445648193 21.8326072692871 22.0122699737549 22.1919345855713 22.3715972900391 22.5512599945068 22.7309226989746 22.910587310791 22.9646778106689 22.9769096374512 22.9891414642334 23.0013732910156 23.0136070251465 23.0258388519287 23.0380706787109 23.0895748138428 23.2588882446289 23.428201675415
30.3625068664551 28.8686618804932 27.3748188018799 25.880973815918 24.3871288299561 22.8932857513428 22.3429679870605 22.1071605682373 21.8713531494141 21.6355457305908 21.3997383117676 21.1639308929443 20.9281234741211 20.721700668335 20.6034374237061 20.4851741790771 20.3669090270996 20.2486457824707 20.1303825378418 20.0121173858643 19.8938541412354 20.0413131713867 20.2773475646973 20.5133819580078 20.7494163513184 20.9854507446289 21.2214851379395 21.45751953125 21.6778240203857 21.8509426116943 22.0240631103516 22.1971817016602 22.3703002929688 22.5434188842773 22.7165374755859 22.8896579742432 22.9207363128662 22.9044704437256 22.8882026672363 22.8719348907471 22.8556690216064 22.8394012451172 22.8231334686279 22.8466606140137 22.9895687103271 23.1324768066406
30.8136787414551 29.2351779937744 27.6566772460938 26.0781764984131 24.4996776580811 22.9211769104004 22.3764019012451 22.1762027740479 21.976001739502 21.7758026123047 21.5756034851074 21.3754024505615 21.1752033233643 21.0007247924805 20.9034118652344 20.8060970306396 20.7087841033936 20.6114692687988 20.5141544342041 20.416841506958 20.3195266723633 20.4317836761475 20.613899230957 20.7960147857666 20.9781284332275 21.1602439880371 21.3423595428467 21.5244731903076 21.7027034759521 21.8692779541016 22.0358543395996 22.202428817749 22.3690032958984 22.5355777740479 22.7021522521973 22.8687286376953 22.8767967224121 22.8320293426514 22.7872638702393 22.7424964904785 22.6977291107178 22.6529636383057 22.6081962585449 22.6037483215332 22.720251083374 22.8367538452148
31.2648506164551 29.6016941070557 27.9385375976562 26.2753810882568 24.6122245788574 22.949068069458 22.4098339080811 22.2452430725098 22.0806503295898 21.9160594940186 21.7514686584473 21.5868759155273 21.4222850799561 21.279748916626 21.2033843994141 21.1270217895508 21.0506572723389 20.974292755127 20.897928237915 20.8215637207031 20.7451992034912 20.8222560882568 20.9504508972168 21.0786476135254 21.2068424224854 21.3350372314453 21.4632339477539 21.5914287567139 21.7275848388672 21.8876152038574 22.0476455688477 22.2076759338379 22.3677062988281 22.5277366638184 22.6877670288086 22.8477993011475 22.832857131958 22.7595901489258 22.6863231658936 22.61305809021 22.5397911071777 22.4665260314941 22.3932590484619 22.3608341217041 22.4509315490723 22.5410289764404
31.7160224914551 29.9682102203369 28.2203960418701 26.472583770752 24.7247714996338 22.9769592285156 22.4432678222656 22.3142833709717 22.1853008270264 22.0563163757324 21.9273319244385 21.7983493804932 21.6693649291992 21.5587730407715 21.5033588409424 21.4479446411133 21.3925304412842 21.3371162414551 21.281702041626 21.2262878417969 21.1708736419678 21.2127265930176 21.2870025634766 21.3612785339355 21.4355564117432 21.5098323822021 21.5841083526611 21.6583843231201 21.7524642944336 21.9059505462646 22.0594367980957 22.2129230499268 22.3664093017578 22.5198955535889 22.6733818054199 22.826868057251 22.7889156341553 22.6871509552002 22.5853843688965 22.4836196899414 22.3818531036377 22.2800884246826 22.1783218383789 22.117919921875 22.1816120147705 22.245304107666
32.1671943664551 30.3347244262695 28.5022563934326 26.6697883605957 24.8373184204102 23.0048503875732 22.4767017364502 22.3833255767822 22.2899494171143 22.1965732574463 22.1031970977783 22.0098209381104 21.9164447784424 21.837797164917 21.8033332824707 21.7688674926758 21.7344036102295 21.6999397277832 21.6654739379883 21.631010055542 21.5965461730957 21.6031970977783 21.6235542297363 21.6439113616943 21.6642684936523 21.6846256256104 21.7049827575684 21.7253398895264 21.77734375 21.9242858886719 22.0712280273438 22.2181701660156 22.3651123046875 22.5120544433594 22.6589965820312 22.8059387207031 22.7449760437012 22.6147117614746 22.4844455718994 22.3541812896729 22.2239151000977 22.0936508178711 21.9633846282959 21.8750076293945 21.9122924804688 21.9495792388916
32.022144317627 30.2451572418213 28.468168258667 26.6911792755127 24.9141902923584 23.1372013092041 22.6315822601318 22.5497531890869 22.4679260253906 22.3860969543457 22.3042678833008 22.2224388122559 22.1406097412109 22.0810108184814 22.0881004333496 22.0951900482178 22.1022777557373 22.1093673706055 22.1164569854736 22.1235466003418 22.1306343078613 22.0998859405518 22.0565223693848 22.0131587982178 21.9697952270508 21.9264335632324 21.8830699920654 21.8397064208984 21.8374977111816 21.9587459564209 22.0799961090088 22.2012462615967 22.3224964141846 22.4437446594238 22.5649948120117 22.6862449645996 22.5993347167969 22.4430389404297 22.2867431640625 22.1304473876953 21.9741516113281 21.8178558349609 21.6615600585938 21.5525321960449 21.5853118896484 21.618091583252
31.2808780670166 29.6995048522949 28.1181316375732 26.5367584228516 24.9553871154785 23.3740139007568 22.9079132080078 22.8135719299316 22.7192287445068 22.6248874664307 22.5305442810059 22.4362030029297 22.3418598175049 22.2884159088135 22.3576622009277 22.426908493042 22.4961547851562 22.5654010772705 22.6346473693848 22.703893661499 22.7731399536133 22.7027893066406 22.5859050750732 22.4690208435059 22.3521366119385 22.2352523803711 22.1183681488037 22.0014839172363 21.9329242706299 22.0093326568604 22.0857410430908 22.1621494293213 22.2385578155518 22.3149662017822 22.3913745880127 22.4677829742432 22.351993560791 22.1721363067627 21.9922771453857 21.8124198913574 21.6325626373291 21.4527053833008 21.2728481292725 21.1504974365234 21.2006702423096 21.2508449554443
30.5396099090576 29.1538524627686 27.7680950164795 26.3823394775391 24.99658203125 23.6108245849609 23.1842441558838 23.0773887634277 22.9705333709717 22.863676071167 22.7568206787109 22.6499652862549 22.5431098937988 22.4958190917969 22.6272220611572 22.7586269378662 22.8900299072266 23.0214347839355 23.1528377532959 23.2842426300049 23.4156475067139 23.3056945800781 23.1152877807617 22.9248828887939 22.7344779968262 22.5440731048584 22.353666305542 22.1632614135742 22.0283489227295 22.0599174499512 22.0914859771729 22.1230525970459 22.1546211242676 22.1861877441406 22.2177562713623 22.2493228912354 22.1046504974365 21.9012317657471 21.6978130340576 21.4943923950195 21.2909736633301 21.0875549316406 20.8841361999512 20.748462677002 20.8160285949707 20.8835964202881
29.7983417510986 28.6082000732422 27.4180603027344 26.2279186248779 25.0377769470215 23.8476371765137 23.4605751037598 23.3412055969238 23.2218360900879 23.102466583252 22.983097076416 22.8637275695801 22.7443580627441 22.7032222747803 22.8967838287354 23.0903453826904 23.2839069366455 23.4774684906006 23.6710300445557 23.8645915985107 24.0581531524658 23.908597946167 23.6446723937988 23.380744934082 23.1168193817139 22.8528919219971 22.5889663696289 22.3250389099121 22.1237754821777 22.110502243042 22.0972290039062 22.0839557647705 22.0706825256348 22.057409286499 22.0441360473633 22.0308628082275 21.8573093414307 21.6303272247314 21.4033470153809 21.1763668060303 20.9493846893311 20.7224044799805 20.4954242706299 20.3464279174805 20.4313869476318 20.5163478851318
29.0570735931396 28.0625476837158 27.0680236816406 26.0734977722168 25.0789737701416 24.0844478607178 23.7369060516357 23.6050224304199 23.4731388092041 23.3412570953369 23.2093734741211 23.0774917602539 22.9456081390381 22.9106254577637 23.1663455963135 23.4220638275146 23.6777820587158 23.9335021972656 24.1892204284668 24.444938659668 24.7006587982178 24.5115013122559 24.1740550994873 23.8366069793701 23.4991588592529 23.1617126464844 22.8242645263672 22.48681640625 22.219202041626 22.1610889434814 22.1029739379883 22.0448589324951 21.9867458343506 21.9286308288574 21.8705158233643 21.8124027252197 21.6099662780762 21.3594245910645 21.1088809967041 20.8583393096924 20.607795715332 20.3572540283203 20.10671043396 19.944393157959 20.046745300293 20.1490993499756
28.3158054351807 27.5168952941895 26.7179870605469 25.9190788269043 25.1201686859131 24.3212604522705 24.0132350921631 23.868839263916 23.7244434356689 23.5800476074219 23.4356498718262 23.2912540435791 23.146858215332 23.1180305480957 23.435905456543 23.7537822723389 24.0716590881348 24.3895359039307 24.7074108123779 25.0252876281738 25.3431644439697 25.1144065856934 24.7034378051758 24.2924690246582 23.8815002441406 23.470531463623 23.0595626831055 22.6485939025879 22.3146286010742 22.2116737365723 22.1087188720703 22.0057621002197 21.9028072357178 21.7998523712158 21.6968975067139 21.5939407348633 21.3626251220703 21.0885200500488 20.8144149780273 20.5403118133545 20.266206741333 19.9921035766602 19.7179985046387 19.5423564910889 19.6621036529541 19.7818508148193
28.3710021972656 27.6945667266846 27.0181312561035 26.3416957855225 25.6652603149414 24.9888248443604 24.6708431243896 24.4723472595215 24.2738513946533 24.0753536224365 23.8768577575684 23.6783618927002 23.4798641204834 23.4081230163574 23.7166423797607 24.0251617431641 24.3336811065674 24.6422004699707 24.950719833374 25.2592391967773 25.5677585601807 25.3053798675537 24.8527011871338 24.4000225067139 23.9473438262939 23.494665145874 23.0419883728027 22.5893096923828 22.2168884277344 22.0852451324463 21.9535999298096 21.8219547271729 21.6903095245361 21.5586643218994 21.4270210266113 21.2953758239746 21.0535984039307 20.775110244751 20.4966220855713 20.218132019043 19.9396438598633 19.6611557006836 19.3826675415039 19.2016868591309 19.3132286071777 19.4247703552246
29.2226638793945 28.5955581665039 27.9684543609619 27.3413505554199 26.7142467498779 26.0871429443359 25.7097282409668 25.4155464172363 25.1213626861572 24.8271789550781 24.532995223999 24.2388134002686 23.9446296691895 23.7809047698975 24.0085525512695 24.2362003326416 24.4638500213623 24.6914978027344 24.9191455841064 25.1467952728271 25.3744430541992 25.0844230651855 24.6218452453613 24.1592693328857 23.6966915130615 23.2341136932373 22.7715377807617 22.3089599609375 21.9259815216064 21.7817993164062 21.6376171112061 21.4934349060059 21.3492527008057 21.2050685882568 21.0608863830566 20.9167041778564 20.6828861236572 20.4191913604736 20.15549659729 19.8918018341064 19.6281070709229 19.3644123077393 19.1007175445557 18.9223804473877 19.0001182556152 19.0778560638428
