data/working_set_collections/6091692-Cassins_Sparrow-M2/2015/evpsoil_avg.asc
NCOLS 265 
NROWS 230 
XLLCORNER -115.5625 
YLLCORNER 24.8333333333333 
CELLSIZE 0.0833333333333333 
NODATA_value -9999 
[rows 120 to 139 of 230, columns 138 to 183 of 265]
27.4844284057617 27.8410205841064 28.1976108551025 28.5542011260986 28.530855178833 28.3808650970459 28.2308731079102 28.080883026123 27.9308910369873 27.7809009552002 27.6309089660645 27.5539569854736 27.6961250305176 27.8382930755615 27.9804592132568 28.1226272583008 28.2647933959961 28.40696144104 28.549129486084 28.6638145446777 28.7693424224854 28.8748683929443 28.9803943634033 29.0859203338623 29.1914463043213 29.2969722747803 29.4204368591309 29.597713470459 29.7749919891357 29.9522686004639 30.129545211792 30.3068237304688 30.4841003417969 30.6613788604736 30.8349018096924 31.0071754455566 31.1794490814209 31.3517208099365 31.5239944458008 31.6962661743164 31.8685398101807 32.0160293579102 32.0891761779785 32.1623229980469 32.2354698181152 32.3086166381836
27.1088809967041 27.4625663757324 27.8162536621094 28.1699390411377 28.1545124053955 28.0160465240479 27.8775825500488 27.7391185760498 27.6006546020508 27.4621906280518 27.3237266540527 27.2507915496826 27.3744430541992 27.4980945587158 27.6217460632324 27.745397567749 27.8690490722656 27.9927005767822 28.1163520812988 28.3058261871338 28.517240524292 28.7286529541016 28.9400672912598 29.151481628418 29.3628959655762 29.5743083953857 29.7674598693848 29.9058246612549 30.044189453125 30.1825542449951 30.3209190368652 30.4592838287354 30.5976486206055 30.7360134124756 30.8910255432129 31.051586151123 31.2121486663818 31.372709274292 31.5332717895508 31.6938343048096 31.8543949127197 31.9962978363037 32.082218170166 32.1681442260742 32.2540664672852 32.3399887084961
26.7333335876465 27.084114074707 27.4348945617676 27.7856750488281 27.7781677246094 27.6512298583984 27.5242919921875 27.3973560333252 27.2704181671143 27.1434803009033 27.0165424346924 26.947624206543 27.0527591705322 27.1578960418701 27.263032913208 27.3681678771973 27.4733047485352 27.5784397125244 27.6835765838623 27.9478359222412 28.2651386260986 28.5824394226074 28.8997421264648 29.2170429229736 29.5343437194824 29.8516464233398 30.1144847869873 30.2139377593994 30.3133888244629 30.4128398895264 30.5122928619385 30.611743927002 30.7111949920654 30.8106479644775 30.9471473693848 31.0959987640381 31.2448482513428 31.3936996459961 31.5425491333008 31.6914005279541 31.8402500152588 31.9765625 32.0752601623535 32.1739616394043 32.2726593017578 32.3713607788086
26.3577861785889 26.7056617736816 27.0535373687744 27.4014129638672 27.4018230438232 27.286413192749 27.1710014343262 27.055591583252 26.9401817321777 26.8247699737549 26.7093601226807 26.6444568634033 26.7310771942139 26.8176975250244 26.904317855835 26.9909381866455 27.0775585174561 27.1641788482666 27.2507991790771 27.5898475646973 28.0130367279053 28.4362258911133 28.8594150543213 29.2826042175293 29.7057933807373 30.1289825439453 30.4615097045898 30.5220489501953 30.5825881958008 30.6431274414062 30.7036647796631 30.7642040252686 30.824743270874 30.8852825164795 31.0032711029053 31.1404094696045 31.2775497436523 31.4146881103516 31.5518283843994 31.6889667510986 31.8261051177979 31.9568290710449 32.0683059692383 32.1797790527344 32.2912559509277 32.4027290344238
25.9822387695312 26.3272094726562 26.6721782684326 27.0171489715576 27.0254783630371 26.921594619751 26.8177108764648 26.7138271331787 26.6099433898926 26.5060596466064 26.4021759033203 26.3412895202637 26.4093952178955 26.4774990081787 26.5456047058105 26.6137084960938 26.6818141937256 26.7499179840088 26.8180236816406 27.2318572998047 27.7609348297119 28.2900123596191 28.8190879821777 29.348165512085 29.8772430419922 30.4063205718994 30.8085346221924 30.8301601409912 30.85178565979 30.8734130859375 30.8950386047363 30.9166641235352 30.9382915496826 30.9599170684814 31.0593948364258 31.1848220825195 31.3102493286133 31.435676574707 31.5611057281494 31.6865329742432 31.8119602203369 31.9370937347412 32.0613479614258 32.1855964660645 32.3098487854004 32.4341011047363
25.6066913604736 25.9487571716309 26.2908210754395 26.6328868865967 26.649133682251 26.5567779541016 26.4644203186035 26.3720645904541 26.2797069549561 26.1873512268066 26.0949935913086 26.0381240844727 26.0877132415771 26.1373023986816 26.1868915557861 26.2364807128906 26.2860679626465 26.335657119751 26.3852462768555 26.8738670349121 27.5088329315186 28.1437969207764 28.7787628173828 29.4137268066406 30.0486927032471 30.6836566925049 31.1555595397949 31.1382713317871 31.1209850311279 31.1036987304688 31.0864124298096 31.0691242218018 31.0518379211426 31.0345516204834 31.1155166625977 31.2292327880859 31.3429508209229 31.4566669464111 31.5703830718994 31.6840991973877 31.797815322876 31.9173603057861 32.0543899536133 32.1914176940918 32.3284454345703 32.4654731750488
25.3217792510986 25.6597194671631 25.9976596832275 26.3356018066406 26.3514080047607 26.259838104248 26.1682682037354 26.0766983032227 25.98512840271 25.8935585021973 25.8019886016846 25.7404880523682 25.769193649292 25.7979011535645 25.8266067504883 25.8553123474121 25.8840198516846 25.9127254486084 25.9414310455322 26.5104007720947 27.2594585418701 28.0085182189941 28.7575759887695 29.5066337585449 30.2556915283203 31.0047492980957 31.551664352417 31.4921550750732 31.4326438903809 31.3731327056885 31.3136215209961 31.2541103363037 31.19460105896 31.1350898742676 31.2032165527344 31.3138885498047 31.424560546875 31.5352344512939 31.6459064483643 31.7565784454346 31.8672504425049 31.9872760772705 32.1353569030762 32.2834396362305 32.4315223693848 32.5796012878418
25.1275043487549 25.4601001739502 25.7926979064941 26.1252937316895 26.1323013305664 26.0307788848877 25.9292545318604 25.8277320861816 25.7262096405029 25.6246852874756 25.5231628417969 25.4483852386475 25.4538402557373 25.4592971801758 25.4647521972656 25.4702091217041 25.4756641387939 25.4811191558838 25.4865760803223 26.1414566040039 27.0128135681152 27.8841705322266 28.7555274963379 29.6268844604492 30.4982414245605 31.3695983886719 31.9968528747559 31.8918075561523 31.7867603302002 31.6817150115967 31.5766696929932 31.471622467041 31.3665771484375 31.2615299224854 31.3224906921387 31.4387874603271 31.555082321167 31.6713790893555 31.7876739501953 31.9039707183838 32.0202674865723 32.146842956543 32.3042526245117 32.4616661071777 32.6190795898438 32.7764892578125
24.9332275390625 25.2604808807373 25.5877342224121 25.9149875640869 25.9131927490234 25.8017177581787 25.6902408599854 25.5787658691406 25.4672889709473 25.3558139801025 25.2443370819092 25.1562824249268 25.1384868621826 25.1206932067871 25.102897644043 25.0851039886475 25.067310333252 25.0495147705078 25.0317211151123 25.7725143432617 26.7661685943604 27.7598247528076 28.7534790039062 29.7471351623535 30.7407913208008 31.7344455718994 32.4420433044434 32.2914619445801 32.1408805847168 31.9902973175049 31.8397159576416 31.6891345977783 31.538553237915 31.3879718780518 31.441764831543 31.563684463501 31.685604095459 31.807523727417 31.929443359375 32.0513610839844 32.173282623291 32.3064079284668 32.4731521606445 32.639892578125 32.8066368103027 32.9733810424805
24.7389526367188 25.0608615875244 25.3827705383301 25.7046794891357 25.6940860748291 25.5726566314697 25.4512271881104 25.329797744751 25.2083702087402 25.0869407653809 24.9655113220215 24.8641777038574 24.8231334686279 24.7820892333984 24.7410449981689 24.6999988555908 24.6589546203613 24.6179103851318 24.5768642425537 25.4035701751709 26.5195236206055 27.63547706604 28.7514324188232 29.8673858642578 30.9833393096924 32.099292755127 32.8872299194336 32.6911125183105 32.4949951171875 32.2988777160645 32.1027641296387 31.906644821167 31.7105293273926 31.5144119262695 31.5610389709473 31.6885833740234 31.816125869751 31.9436683654785 32.0712127685547 32.1987533569336 32.3262977600098 32.4659729003906 32.6420478820801 32.8181190490723 32.9941940307617 33.1702690124512
24.5446758270264 24.8612422943115 25.177806854248 25.4943733215332 25.4749774932861 25.3435955047607 25.2122135162354 25.08083152771 24.9494495391846 24.8180675506592 24.6866855621338 24.5720748901367 24.5077800750732 24.4434852600098 24.3791904449463 24.3148956298828 24.2505989074707 24.1863040924072 24.1220092773438 25.0346260070801 26.2728786468506 27.5111312866211 28.7493839263916 29.9876365661621 31.2258892059326 32.4641418457031 33.3324203491211 33.0907669067383 32.8491134643555 32.6074600219727 32.3658103942871 32.1241569519043 31.8825054168701 31.6408519744873 31.6803150177002 31.8134803771973 31.946647644043 32.0798149108887 32.2129783630371 32.3461456298828 32.4793128967285 32.6255378723145 32.8109436035156 32.9963455200195 33.1817512512207 33.3671569824219
24.3504009246826 24.6616230010986 24.9728450775146 25.284065246582 25.2558708190918 25.1145343780518 24.9731998443604 24.8318653106689 24.6905288696289 24.5491943359375 24.4078598022461 24.279972076416 24.1924266815186 24.1048812866211 24.0173358917236 23.9297904968262 23.8422451019287 23.7546997070312 23.6671543121338 24.6656818389893 26.0262336730957 27.3867855072021 28.74733543396 30.1078872680664 31.4684391021729 32.8289909362793 33.7776069641113 33.490421295166 33.2032318115234 32.9160423278809 32.6288566589355 32.341667175293 32.0544815063477 31.7672939300537 31.7995891571045 31.9383792877197 32.0771675109863 32.2159576416016 32.3547477722168 32.493537902832 32.6323280334473 32.7851028442383 32.9798393249512 33.1745758056641 33.3693084716797 33.5640449523926
24.1502895355225 24.431941986084 24.7135963439941 24.9952507019043 24.9655075073242 24.8319644927979 24.6984214782715 24.5648784637451 24.4313354492188 24.297794342041 24.1642513275146 24.0547943115234 24.017599105835 23.9804039001465 23.9432106018066 23.9060153961182 23.8688201904297 23.8316249847412 23.7944297790527 24.8056755065918 26.1664028167725 27.5271282196045 28.8878555297852 30.2485809326172 31.6093082427979 32.9700355529785 33.9194259643555 33.6348114013672 33.3501930236816 33.0655784606934 32.7809600830078 32.4963455200195 32.2117309570312 31.9271144866943 31.9636249542236 32.107177734375 32.2507286071777 32.3942794799805 32.5378303527832 32.6813850402832 32.8249359130859 32.9813346862793 33.1762771606445 33.3712196350098 33.566162109375 33.7611045837402
23.9443416595459 24.1722030639648 24.4000644683838 24.6279258728027 24.6038875579834 24.4958820343018 24.3878784179688 24.2798728942871 24.1718692779541 24.0638637542725 23.9558601379395 23.8965454101562 23.9833011627197 24.0700569152832 24.1568126678467 24.2435684204102 24.330322265625 24.4170780181885 24.503833770752 25.4546070098877 26.6933841705322 27.9321632385254 29.1709403991699 30.4097194671631 31.6484966278076 32.8872756958008 33.7578735351562 33.5239372253418 33.2900009155273 33.0560646057129 32.8221244812012 32.5881881713867 32.3542518615723 32.1203155517578 32.172420501709 32.3198738098145 32.4673233032227 32.6147766113281 32.7622299194336 32.9096832275391 33.0571365356445 33.2142333984375 33.400260925293 33.5862884521484 33.7723159790039 33.9583435058594
23.7383937835693 23.9124622344971 24.0865325927734 24.2606010437012 24.2422676086426 24.1598014831543 24.077335357666 23.9948692321777 23.9124011993408 23.8299350738525 23.7474689483643 23.7382965087891 23.9490013122559 24.1597080230713 24.3704147338867 24.5811214447021 24.7918262481689 25.0025329589844 25.2132396697998 26.1035385131836 27.2203674316406 28.3371963500977 29.4540271759033 30.5708560943604 31.6876850128174 32.804515838623 33.596321105957 33.4130630493164 33.2298049926758 33.0465469360352 32.8632888793945 32.6800308227539 32.4967727661133 32.3135147094727 32.3812141418457 32.5325698852539 32.6839218139648 32.8352737426758 32.986629486084 33.1379814147949 33.2893333435059 33.4471282958984 33.6242408752441 33.8013534545898 33.9784660339355 34.1555786132812
23.5324459075928 23.6527233123779 23.7729988098145 23.8932762145996 23.8806495666504 23.8237209320068 23.7667922973633 23.7098636627197 23.6529350280762 23.5960063934326 23.5390777587891 23.5800457000732 23.9147033691406 24.2493591308594 24.5840167999268 24.9186744689941 25.2533302307129 25.5879878997803 25.922643661499 26.7524700164795 27.747350692749 28.7422313690186 29.7371120452881 30.7319927215576 31.7268753051758 32.7217559814453 33.4347724914551 33.3021926879883 33.1696128845215 33.0370330810547 32.9044532775879 32.7718734741211 32.6392936706543 32.5067176818848 32.5900115966797 32.7452659606934 32.900520324707 33.0557746887207 33.2110252380371 33.3662796020508 33.5215339660645 33.6800231933594 33.8482208251953 34.0164184570312 34.1846160888672 34.3528137207031
23.3264999389648 23.3929824829102 23.4594669342041 23.525951385498 23.5190296173096 23.4876384735107 23.4562492370605 23.4248580932617 23.3934688568115 23.3620777130127 23.3306865692139 23.4217967987061 23.8804035186768 24.3390121459961 24.7976188659668 25.2562274932861 25.7148342132568 26.1734409332275 26.6320495605469 27.4014015197754 28.2743339538574 29.1472663879395 30.0201988220215 30.8931312561035 31.7660636901855 32.6389961242676 33.2732200622559 33.1913185119629 33.1094207763672 33.0275192260742 32.9456176757812 32.8637161254883 32.7818183898926 32.6999168395996 32.7988090515137 32.9579620361328 33.117115020752 33.2762718200684 33.4354248046875 33.5945816040039 33.753734588623 33.9129219055176 34.0722045898438 34.2314872741699 34.3907661437988 34.550048828125
23.1205520629883 23.133243560791 23.1459350585938 23.1586265563965 23.1574096679688 23.1515579223633 23.1457061767578 23.1398525238037 23.1340007781982 23.1281490325928 23.1222972869873 23.2635459899902 23.8461055755615 24.4286632537842 25.0112209320068 25.5937805175781 26.1763381958008 26.7588958740234 27.3414535522461 28.0503311157227 28.8013153076172 29.5522994995117 30.3032836914062 31.0542678833008 31.8052520751953 32.5562362670898 33.1116676330566 33.0804481506348 33.0492248535156 33.0180053710938 32.9867820739746 32.9555587768555 32.9243392944336 32.8931159973145 33.0076026916504 33.1706581115723 33.3337135314941 33.496768951416 33.6598243713379 33.8228797912598 33.9859352111816 34.1458168029785 34.2961845397949 34.4465522766113 34.5969200134277 34.7472877502441
23.0114765167236 22.9970245361328 22.9825744628906 22.9681224822998 22.9834671020508 23.0087451934814 23.0340232849121 23.0593013763428 23.0845794677734 23.1098575592041 23.1351337432861 23.317907333374 23.9731636047363 24.6284217834473 25.2836780548096 25.9389362335205 26.5941925048828 27.2494487762451 27.9047069549561 28.5466461181641 29.1841468811035 29.821647644043 30.4591464996338 31.0966472625732 31.7341480255127 32.3716468811035 32.8592529296875 32.8971672058105 32.9350852966309 32.9729995727539 33.0109176635742 33.0488319396973 33.0867500305176 33.1246643066406 33.259952545166 33.4276962280273 33.5954437255859 33.7631874084473 33.9309310913086 34.0986785888672 34.2664222717285 34.4224586486816 34.5433692932129 34.6642799377441 34.7851905822754 34.9061012268066
22.9992733001709 22.9843292236328 22.9693832397461 22.954439163208 22.9972038269043 23.0592021942139 23.1212024688721 23.1832027435303 23.2452011108398 23.307201385498 23.3692016601562 23.5848770141602 24.2615814208984 24.9382858276367 25.614990234375 26.2916946411133 26.9683990478516 27.6451015472412 28.3218059539795 28.8903427124023 29.4228248596191 29.9553070068359 30.4877872467041 31.0202693939209 31.5527496337891 32.0852317810059 32.5159721374512 32.6414833068848 32.7669944763184 32.8925094604492 33.0180206298828 33.1435356140137 33.2690467834473 33.3945617675781 33.5558547973633 33.7290802001953 33.9023056030273 34.0755271911621 34.2487525939941 34.4219779968262 34.5951995849609 34.742847442627 34.8137588500977 34.8846702575684 34.9555854797363 35.026496887207
