data/working_set_collections/6091692-Cassins_Sparrow-M2/2015/evpsoil_avg.asc
NCOLS 265 
NROWS 230 
XLLCORNER -115.5625 
YLLCORNER 24.8333333333333 
CELLSIZE 0.0833333333333333 
NODATA_value -9999 
[rows 200 to 219 of 230, columns 138 to 183 of 265]
26.0551795959473 26.3729133605957 26.6906452178955 27.0083789825439 27.0362071990967 26.9674034118652 26.8985977172852 26.8297939300537 26.7609882354736 26.6921844482422 26.6233787536621 26.6915054321289 27.1704273223877 27.6493492126465 28.1282711029053 28.6071929931641 29.0861148834229 29.5650367736816 30.0439567565918 29.8721332550049 29.4833946228027 29.0946559906006 28.7059154510498 28.3171768188477 27.9284381866455 27.5396976470947 27.4501628875732 28.2582359313965 29.0663108825684 29.8743839263916 30.6824588775635 31.4905319213867 32.2986068725586 33.1066818237305 33.3781547546387 33.4707641601562 33.5633735656738 33.6559791564941 33.7485885620117 33.8411979675293 33.9338073730469 33.8269958496094 33.1219367980957 32.4168739318848 31.7118148803711 31.0067539215088
26.0291576385498 26.3183689117432 26.6075801849365 26.8967914581299 26.8973350524902 26.8016548156738 26.7059764862061 26.6102962493896 26.5146179199219 26.4189376831055 26.3232593536377 26.3671817779541 26.8299083709717 27.2926349639893 27.7553615570068 28.2180881500244 28.680814743042 29.1435432434082 29.6062698364258 29.4417304992676 29.0681018829346 28.6944732666016 28.3208446502686 27.9472160339355 27.5735874176025 27.1999588012695 27.117639541626 27.9092445373535 28.7008514404297 29.4924564361572 30.2840633392334 31.0756683349609 31.8672752380371 32.6588821411133 32.9520568847656 33.0790901184082 33.2061233520508 33.3331565856934 33.4601898193359 33.5872230529785 33.7142562866211 33.6460494995117 32.9921264648438 32.338207244873 31.6842842102051 31.0303611755371
26.003137588501 26.2638263702393 26.5245151519775 26.7852058410645 26.7584629058838 26.6359081268311 26.513355255127 26.3908004760742 26.2682456970215 26.1456928253174 26.0231380462646 26.0428562164307 26.4893894195557 26.935920715332 27.3824520111084 27.8289852142334 28.2755165100098 28.7220497131348 29.1685810089111 29.0113258361816 28.6528072357178 28.2942905426025 27.9357719421387 27.5772552490234 27.2187366485596 26.8602180480957 26.7851142883301 27.5602531433105 28.3353900909424 29.1105289459229 29.8856678009033 30.6608047485352 31.4359436035156 32.2110824584961 32.5259590148926 32.6874160766602 32.8488731384277 33.0103340148926 33.1717910766602 33.3332481384277 33.4947052001953 33.4651031494141 32.8623199462891 32.2595367431641 31.6567516326904 31.0539684295654
25.9771156311035 26.2092838287354 26.4414501190186 26.6736183166504 26.6195888519287 26.4701614379883 26.3207321166992 26.1713047027588 26.0218753814697 25.8724479675293 25.7230186462402 25.7185325622559 26.148868560791 26.5792064666748 27.0095443725586 27.4398803710938 27.8702182769775 28.3005561828613 28.7308921813965 28.5809211730957 28.2375144958496 27.8941078186035 27.5507011413574 27.2072944641113 26.8638858795166 26.5204792022705 26.4525909423828 27.2112617492676 27.9699306488037 28.7286014556885 29.4872703552246 30.2459411621094 31.0046100616455 31.7632808685303 32.0998611450195 32.2957420349121 32.491626739502 32.6875076293945 32.8833923339844 33.079273223877 33.2751579284668 33.2841567993164 32.7325134277344 32.1808662414551 31.6292209625244 31.0775756835938
25.9009399414062 26.0910606384277 26.2811832427979 26.4713039398193 26.3930988311768 26.2254505157471 26.057804107666 25.8901557922363 25.7225093841553 25.5548629760742 25.3872146606445 25.3701839447021 25.8050003051758 26.2398166656494 26.674633026123 27.1094493865967 27.5442676544189 27.9790840148926 28.4139003753662 28.2637405395508 27.9185905456543 27.5734405517578 27.2282905578613 26.8831405639648 26.5379886627197 26.1928386688232 26.1225643157959 26.8769226074219 27.6312789916992 28.3856353759766 29.1399917602539 29.8943481445312 30.6487045288086 31.4030609130859 31.7819976806641 32.0357971191406 32.2895927429199 32.5433921813965 32.7971878051758 33.0509872436523 33.3047828674316 33.3720588684082 32.8797607421875 32.3874626159668 31.8951663970947 31.4028701782227
25.7746105194092 25.9091606140137 26.0437107086182 26.178258895874 26.0789890289307 25.9017791748047 25.7245693206787 25.5473575592041 25.3701477050781 25.1929378509521 25.0157279968262 24.9978122711182 25.4577827453613 25.9177532196045 26.377721786499 26.8376922607422 27.2976627349854 27.7576313018799 28.217601776123 28.0597839355469 27.6960353851318 27.3322887420654 26.9685401916504 26.604793548584 26.2410449981689 25.8772983551025 25.795036315918 26.5572338104248 27.3194332122803 28.0816307067871 28.8438282012939 29.6060256958008 30.3682231903076 31.1304225921631 31.5723724365234 31.9075756072998 32.2427787780762 32.5779800415039 32.9131851196289 33.2483863830566 33.5835876464844 33.7288055419922 33.3040657043457 32.8793296813965 32.45458984375 32.0298500061035
25.6482830047607 25.7272605895996 25.8062381744385 25.8852157592773 25.7648792266846 25.5781059265137 25.3913326263428 25.2045593261719 25.0177879333496 24.8310146331787 24.6442413330078 24.6254425048828 25.1105651855469 25.5956878662109 26.080810546875 26.5659351348877 27.0510578155518 27.5361804962158 28.0213031768799 27.8558254241943 27.4734802246094 27.091136932373 26.7087917327881 26.3264465332031 25.9441013336182 25.5617561340332 25.46750831604 26.2375469207764 27.0075855255127 27.7776260375977 28.547664642334 29.3177051544189 30.0877437591553 30.8577823638916 31.3627490997314 31.7793560028076 32.1959648132324 32.6125717163086 33.0291786193848 33.4457855224609 33.8623924255371 34.0855522155762 33.7283744812012 33.3711929321289 33.0140151977539 32.6568336486816
25.5219535827637 25.5453586578369 25.5687656402588 25.592170715332 25.4507694244385 25.2544345855713 25.0580978393555 24.8617610931396 24.6654262542725 24.4690895080566 24.2727546691895 24.2530708312988 24.7633476257324 25.273624420166 25.7839012145996 26.2941761016846 26.8044528961182 27.3147296905518 27.8250064849854 27.6518688201904 27.2509269714355 26.849983215332 26.4490413665771 26.0480995178223 25.6471576690674 25.2462158203125 25.1399784088135 25.9178600311279 26.6957397460938 27.4736213684082 28.251501083374 29.0293827056885 29.8072624206543 30.5851440429688 31.1531238555908 31.6511363983154 32.1491470336914 32.647159576416 33.1451721191406 33.6431846618652 34.1411972045898 34.4423027038574 34.1526794433594 33.8630599975586 33.5734367370605 33.2838134765625
25.3956241607666 25.3634586334229 25.3312931060791 25.2991256713867 25.1366596221924 24.9307613372803 24.7248630523682 24.5189628601074 24.3130645751953 24.1071662902832 23.9012660980225 23.8807010650635 24.416130065918 24.9515590667725 25.4869899749756 26.0224189758301 26.5578479766846 27.0932788848877 27.6287078857422 27.4479103088379 27.0283718109131 26.6088314056396 26.1892929077148 25.7697525024414 25.3502140045166 24.9306735992432 24.8124504089355 25.5981731414795 26.3838939666748 27.1696166992188 27.9553375244141 28.741060256958 29.526782989502 30.3125038146973 30.9434986114502 31.5229148864746 32.1023330688477 32.6817512512207 33.2611694335938 33.8405838012695 34.4200019836426 34.7990493774414 34.5769882202148 34.354923248291 34.1328620910645 33.9107971191406
25.2692947387695 25.1815586090088 25.0938205718994 25.00608253479 24.8225517272949 24.6070899963379 24.3916282653809 24.1761646270752 23.9607028961182 23.7452411651611 23.5297794342041 23.5083293914795 24.0689125061035 24.6294956207275 25.1900787353516 25.7506618499756 26.311243057251 26.871826171875 27.432409286499 27.243953704834 26.8058166503906 26.3676795959473 25.9295425415039 25.4914054870605 25.0532703399658 24.6151332855225 24.4849224090576 25.2784843444824 26.0720481872559 26.8656120300293 27.6591758728027 28.4527378082275 29.246301651001 30.0398654937744 30.7338733673096 31.3946952819824 32.0555191040039 32.7163391113281 33.3771629333496 34.0379829406738 34.6988067626953 35.1557960510254 35.001293182373 34.8467864990234 34.6922836303711 34.5377807617188
25.0641384124756 24.9208564758301 24.7775764465332 24.6342964172363 24.4424324035645 24.2343730926514 24.0263156890869 23.8182563781738 23.6101989746094 23.4021396636963 23.1940822601318 23.1793270111084 23.7444763183594 24.309627532959 24.8747787475586 25.4399280548096 26.0050792694092 26.5702304840088 27.1353797912598 26.9483242034912 26.5105323791504 26.0727405548096 25.6349487304688 25.1971569061279 24.7593669891357 24.3215751647949 24.188606262207 24.9701118469238 25.751615524292 26.5331211090088 27.3146266937256 28.0961303710938 28.8776359558105 29.6591396331787 30.3749217987061 31.0687961578369 31.7626705169678 32.45654296875 33.1504173278809 33.8442916870117 34.5381660461426 35.0410766601562 34.9710998535156 34.901123046875 34.8311462402344 34.7611694335938
24.7801513671875 24.5813579559326 24.3825626373291 24.1837673187256 23.9963035583496 23.812614440918 23.628927230835 23.4452381134033 23.2615509033203 23.0778617858887 22.8941745758057 22.8936901092529 23.4428234100342 23.9919567108154 24.5410900115967 25.0902214050293 25.6393547058105 26.1884880065918 26.737621307373 26.5610256195068 26.142520904541 25.7240161895752 25.3055114746094 24.8870067596436 24.4685020446777 24.0499973297119 23.9235057830811 24.6730518341064 25.4225978851318 26.1721439361572 26.9216899871826 27.671236038208 28.4207820892334 29.1703281402588 29.8666439056396 30.5452175140381 31.2237892150879 31.9023609161377 32.5809326171875 33.2595062255859 33.9380798339844 34.4548873901367 34.4864082336426 34.5179252624512 34.549446105957 34.5809631347656
24.496166229248 24.2418575286865 23.987548828125 23.7332401275635 23.5501747131348 23.3908557891846 23.2315368652344 23.0722198486328 22.9129009246826 22.7535839080811 22.5942649841309 22.6080551147461 23.141170501709 23.6742858886719 24.2074012756348 24.740514755249 25.2736301422119 25.8067455291748 26.3398609161377 26.1737270355225 25.7745094299316 25.3752918243408 24.97607421875 24.5768566131592 24.1776390075684 23.7784214019775 23.6584053039551 24.3759937286377 25.0935802459717 25.8111686706543 26.5287551879883 27.2463417053223 27.9639301300049 28.6815166473389 29.3583679199219 30.0216369628906 30.684907913208 31.3481788635254 32.0114517211914 32.6747207641602 33.3379898071289 33.8686981201172 34.0017127990723 34.1347312927246 34.2677459716797 34.4007606506348
24.21217918396 23.9023571014404 23.5925331115723 23.2827110290527 23.1040439605713 22.9690971374512 22.8341484069824 22.6992015838623 22.5642528533936 22.4293041229248 22.2943572998047 22.3224201202393 22.8395175933838 23.3566150665283 23.8737125396729 24.3908081054688 24.9079055786133 25.4250030517578 25.9421005249023 25.7864265441895 25.4064960479736 25.0265655517578 24.6466369628906 24.2667064666748 23.886775970459 23.5068454742432 23.3933048248291 24.0789337158203 24.7645626068115 25.4501914978027 26.1358203887939 26.8214492797852 27.5070762634277 28.1927051544189 28.8500900268555 29.4980583190918 30.1460285186768 30.7939968109131 31.441967010498 32.0899353027344 32.7379035949707 33.2825088500977 33.5170211791992 33.7515335083008 33.9860458374023 34.2205581665039
23.9281940460205 23.5628566741943 23.1975193023682 22.8321838378906 22.6579151153564 22.5473384857178 22.4367599487305 22.3261814117432 22.2156047821045 22.1050262451172 21.9944477081299 22.0367851257324 22.5378646850586 23.0389442443848 23.5400238037109 24.0411014556885 24.5421810150146 25.0432605743408 25.544340133667 25.3991279602051 25.0384845733643 24.6778411865234 24.3171977996826 23.9565563201904 23.5959129333496 23.2352695465088 23.1282043457031 23.7818737030029 24.4355449676514 25.0892143249512 25.742883682251 26.3965549468994 27.0502243041992 27.703893661499 28.3418121337891 28.974479675293 29.6071472167969 30.2398147583008 30.8724822998047 31.5051498413086 32.1378173828125 32.6963195800781 33.0323295593262 33.368335723877 33.704345703125 34.0403518676758
23.6442070007324 23.2233562469482 22.8025054931641 22.3816547393799 22.2117862701416 22.1255779266357 22.0393714904785 21.9531631469727 21.8669548034668 21.7807483673096 21.6945400238037 21.7511501312256 22.2362117767334 22.7212734222412 23.206335067749 23.6913948059082 24.176456451416 24.6615180969238 25.1465797424316 25.0118293762207 24.6704730987549 24.3291168212891 23.9877605438232 23.6464042663574 23.3050498962402 22.9636936187744 22.8631038665771 23.4848155975342 24.1065273284912 24.7282371520996 25.3499488830566 25.9716606140137 26.5933723449707 27.2150821685791 27.8335361480713 28.4509010314941 29.0682678222656 29.6856327056885 30.30299949646 30.9203643798828 31.5377311706543 32.1101303100586 32.5476341247559 32.9851417541504 33.4226455688477 33.8601493835449
23.5083236694336 23.0789966583252 22.6496696472168 22.2203426361084 22.0569705963135 21.982250213623 21.9075298309326 21.8328094482422 21.7580890655518 21.6833686828613 21.6086483001709 21.6680717468262 22.1299324035645 22.5917930603027 23.053653717041 23.5155143737793 23.9773750305176 24.4392356872559 24.9010963439941 24.7763195037842 24.455997467041 24.1356754302979 23.8153533935547 23.4950313568115 23.174711227417 22.8543891906738 22.7633953094482 23.360387802124 23.9573802947998 24.5543727874756 25.1513671875 25.7483596801758 26.3453521728516 26.9423446655273 27.5661678314209 28.1989364624023 28.8317050933838 29.4644718170166 30.097240447998 30.7300071716309 31.3627758026123 31.9645385742188 32.4732818603516 32.9820289611816 33.4907760620117 33.9995193481445
23.520544052124 23.1297779083252 22.7390117645264 22.3482456207275 22.1934680938721 22.1173515319824 22.0412349700928 21.9651184082031 21.8890037536621 21.8128871917725 21.7367706298828 21.7875518798828 22.2190284729004 22.650505065918 23.0819816589355 23.5134582519531 23.9449348449707 24.3764114379883 24.8078880310059 24.6926002502441 24.3950595855713 24.0975189208984 23.7999782562256 23.5024375915527 23.2048969268799 22.907356262207 22.8290786743164 23.4085922241211 23.9881076812744 24.5676212310791 25.1471366882324 25.7266502380371 26.3061637878418 26.8856792449951 27.5397129058838 28.2185859680176 28.8974590301514 29.5763339996338 30.2552070617676 30.9340801239014 31.6129550933838 32.2595405578613 32.8092727661133 33.3590049743652 33.9087371826172 34.4584655761719
23.5327625274658 23.1805591583252 22.8283538818359 22.4761505126953 22.3299655914307 22.2524528503418 22.1749420166016 22.0974292755127 22.0199165344238 21.9424057006836 21.8648929595947 21.9070320129395 22.3081245422363 22.7092170715332 23.1103096008301 23.511402130127 23.9124946594238 24.3135852813721 24.7146778106689 24.6088809967041 24.3341217041016 24.059362411499 23.7846031188965 23.5098419189453 23.2350826263428 22.9603233337402 22.8947620391846 23.4567985534668 24.0188331604004 24.5808696746826 25.1429061889648 25.7049407958984 26.2669773101807 26.8290138244629 27.513256072998 28.2382354736328 28.9632148742676 29.6881942749023 30.4131736755371 31.1381530761719 31.8631324768066 32.5545463562012 33.145263671875 33.7359809875488 34.3266944885254 34.9174118041992
23.5449829101562 23.2313404083252 22.9176959991455 22.6040534973145 22.4664630889893 22.3875541687012 22.3086471557617 22.2297401428223 22.1508312225342 22.0719242095947 21.9930171966553 22.0265121459961 22.3972206115723 22.7679290771484 23.1386375427246 23.5093460083008 23.8800525665283 24.2507610321045 24.6214694976807 24.5251636505127 24.2731838226318 24.0212059020996 23.7692260742188 23.5172481536865 23.2652683258057 23.0132904052734 22.9604454040527 23.5050029754639 24.049560546875 24.5941181182861 25.1386756896973 25.6832332611084 26.2277908325195 26.7723484039307 27.4868011474609 28.2578868865967 29.0289707183838 29.8000564575195 30.5711402893066 31.3422260284424 32.1133117675781 32.8495483398438 33.4812507629395 34.1129531860352 34.7446556091309 35.3763580322266
