data/working_set_collections/6091692-Cassins_Sparrow-M2/2015/evptrns_avg.asc
NCOLS 265 
NROWS 230 
XLLCORNER -115.5625 
YLLCORNER 24.8333333333333 
CELLSIZE 0.0833333333333333 
NODATA_value -9999 
[rows 140 to 159 of 230, columns 180 to 224 of 265]
16.0077133178711 16.7783184051514 17.548921585083 18.3195247650146 19.0901298522949 19.8607330322266 20.6313362121582 20.9545974731445 21.1287422180176 21.3028869628906 21.4770336151123 21.6511783599854 21.8253231048584 21.9994697570801 21.9764785766602 21.3620834350586 20.747688293457 20.1332931518555 19.5188961029053 18.9045009613037 18.2901058197021 17.675708770752 17.9010314941406 18.4062576293945 18.9114856719971 19.416711807251 19.9219379425049 20.4271659851074 20.9323921203613 21.3220882415771 21.3651924133301 21.408296585083 21.4514007568359 21.4945030212402 21.5376071929932 21.5807113647461 21.623815536499 22.0138969421387 22.5196399688721 23.0253829956055 23.5311241149902 24.0368671417236 24.542610168457 25.0483512878418 25.4718379974365
15.8457098007202 16.6484546661377 17.4512004852295 18.2539463043213 19.0566921234131 19.8594379425049 20.6621837615967 20.9851150512695 21.1481075286865 21.3111019134521 21.4740943908691 21.6370887756348 21.8000812530518 21.9630756378174 21.9470119476318 21.3937759399414 20.8405380249023 20.2873020172119 19.7340660095215 19.1808300018311 18.6275939941406 18.0743560791016 18.353759765625 18.9107112884521 19.4676609039307 20.0246105194092 20.5815601348877 21.1385097503662 21.6954612731934 22.1168441772461 22.1315288543701 22.1462116241455 22.1608963012695 22.1755809783936 22.1902656555176 22.204948425293 22.219633102417 22.5587253570557 23.005952835083 23.4531803131104 23.9004077911377 24.347635269165 24.7948627471924 25.2420902252197 25.6087474822998
15.683705329895 16.5185928344727 17.3534812927246 18.1883678436279 19.0232543945312 19.8581428527832 20.6930294036865 21.0156326293945 21.1674747467041 21.3193168640137 21.4711570739746 21.6229991912842 21.7748413085938 21.9266815185547 21.9175434112549 21.4254665374756 20.9333896636963 20.441312789917 19.9492359161377 19.4571590423584 18.9650802612305 18.4730033874512 18.806489944458 19.4151630401611 20.0238361358643 20.6325092315674 21.2411823272705 21.8498554229736 22.4585285186768 22.911600112915 22.8978652954102 22.8841285705566 22.8703937530518 22.8566570281982 22.8429222106934 22.8291873931885 22.815450668335 23.103551864624 23.4922637939453 23.8809776306152 24.2696895599365 24.6584014892578 25.0471153259277 25.435827255249 25.7456569671631
15.5217018127441 16.3887310028076 17.2557601928711 18.1227893829346 18.989818572998 19.8568477630615 20.723876953125 21.0461521148682 21.186840057373 21.3275299072266 21.4682197570801 21.6089096069336 21.7495994567871 21.8902893066406 21.8880767822266 21.4571590423584 21.0262413024902 20.5953216552734 20.1644039154053 19.7334861755371 19.3025684356689 18.8716506958008 19.2592182159424 19.9196147918701 20.5800113677979 21.2404079437256 21.9008045196533 22.5612010955811 23.2215976715088 23.706356048584 23.6641998291016 23.6220455169678 23.5798892974854 23.5377349853516 23.4955806732178 23.4534244537354 23.4112701416016 23.6483783721924 23.9785766601562 24.3087749481201 24.6389713287354 24.9691696166992 25.2993679046631 25.6295642852783 25.8825664520264
15.3220748901367 16.2063770294189 17.0906791687012 17.9749813079834 18.8592834472656 19.7435855865479 20.6278877258301 20.9466953277588 21.0770053863525 21.2073173522949 21.3376274108887 21.4679393768311 21.5982494354248 21.7285614013672 21.7407855987549 21.3987503051758 21.0567150115967 20.7146816253662 20.3726463317871 20.030611038208 19.6885757446289 19.3465423583984 19.7575073242188 20.4194736480713 21.0814399719238 21.7434062957764 22.4053726196289 23.0673389434814 23.729305267334 24.2128105163574 24.1609382629395 24.1090679168701 24.0571956634521 24.0053234100342 23.9534511566162 23.9015789031982 23.8497066497803 24.0531120300293 24.3416118621826 24.6301116943359 24.9186115264893 25.2071113586426 25.4956111907959 25.7841110229492 25.9969291687012
15.0848264694214 15.971531867981 16.8582382202148 17.7449436187744 18.631649017334 19.5183544158936 20.4050598144531 20.7172660827637 20.8379707336426 20.9586753845215 21.079381942749 21.2000865936279 21.3207931518555 21.4414978027344 21.4756698608398 21.2502422332764 21.0248146057129 20.7993869781494 20.5739593505859 20.3485317230225 20.123104095459 19.8976764678955 20.3013553619385 20.9147396087646 21.5281219482422 22.1415042877197 22.7548866271973 23.3682689666748 23.9816513061523 24.4309673309326 24.3880805969238 24.345193862915 24.3023071289062 24.2594203948975 24.2165336608887 24.1736469268799 24.1307601928711 24.3177528381348 24.581371307373 24.8449897766113 25.1086082458496 25.3722267150879 25.6358451843262 25.8994636535645 26.0887432098389
14.8475780487061 15.736686706543 16.6257953643799 17.5149059295654 18.4040145874023 19.2931232452393 20.1822319030762 20.4878349304199 20.5989360809326 20.7100353240967 20.8211345672607 20.9322357177734 21.0433349609375 21.1544361114502 21.2105560302734 21.101734161377 20.9929141998291 20.8840942382812 20.7752723693848 20.6664524078369 20.5576305389404 20.4488105773926 20.8452053070068 21.4100036621094 21.9748020172119 22.5396022796631 23.1044006347656 23.6692008972168 24.2339992523193 24.6491241455078 24.6152229309082 24.5813217163086 24.547420501709 24.5135192871094 24.4796180725098 24.4457168579102 24.4118156433105 24.5823936462402 24.8211307525635 25.0598678588867 25.29860496521 25.5373420715332 25.7760791778564 26.0148162841797 26.1805572509766
14.6103296279907 15.5018424987793 16.3933544158936 17.2848682403564 18.1763801574707 19.067892074585 19.9594058990479 20.2584056854248 20.359899520874 20.4613952636719 20.5628890991211 20.6643848419189 20.7658786773682 20.8673725128174 20.9454402923584 20.9532279968262 20.9610137939453 20.9687995910645 20.9765853881836 20.9843730926514 20.9921588897705 20.9999446868896 21.3890533447266 21.9052677154541 22.4214839935303 22.9377002716064 23.453914642334 23.9701309204102 24.4863471984863 24.8672790527344 24.8423633575439 24.8174476623535 24.7925338745117 24.7676181793213 24.7427024841309 24.7177867889404 24.69287109375 24.8470344543457 25.0608901977539 25.2747459411621 25.4886016845703 25.7024574279785 25.9163131713867 26.1301689147949 26.2723712921143
14.3730802536011 15.2669973373413 16.1609134674072 17.0548305511475 17.9487457275391 18.8426628112793 19.7365779876709 20.0289745330811 20.1208648681641 20.2127532958984 20.3046436309814 20.3965320587158 20.4884223937988 20.5803108215332 20.680326461792 20.8047199249268 20.9291133880615 21.0535068511963 21.1778984069824 21.3022918701172 21.426685333252 21.5510787963867 21.9329013824463 22.4005336761475 22.8681659698486 23.3357982635498 23.803430557251 24.2710609436035 24.7386932373047 25.0854358673096 25.0695056915283 25.0535755157471 25.0376453399658 25.0217151641846 25.0057849884033 24.9898567199707 24.9739265441895 25.1116752624512 25.3006496429443 25.4896240234375 25.6785984039307 25.8675727844238 26.056547164917 26.2455215454102 26.3641872406006
14.1358318328857 15.0321521759033 15.9284715652466 16.8247909545898 17.7211112976074 18.617431640625 19.5137519836426 19.7995452880859 19.8818283081055 19.9641132354736 20.0463962554932 20.1286811828613 20.2109642028809 20.293249130249 20.4152126312256 20.6562118530273 20.8972129821777 21.1382122039795 21.3792133331299 21.6202125549316 21.861213684082 22.1022129058838 22.476749420166 22.8957977294922 23.3148460388184 23.7338962554932 24.1529445648193 24.5719928741455 24.9910411834717 25.3035907745361 25.2966480255127 25.2897033691406 25.2827587127686 25.2758140563965 25.2688694000244 25.2619247436523 25.2549800872803 25.376314163208 25.5404071807861 25.7045001983643 25.868595123291 26.0326881408691 26.1967811584473 26.3608741760254 26.4560012817383
13.836501121521 14.7115745544434 15.5866479873657 16.4617214202881 17.3367958068848 18.2118701934814 19.0869445800781 19.3654651641846 19.4451389312744 19.5248107910156 19.6044826507568 19.684154510498 19.7638263702393 19.8434982299805 19.9778614044189 20.2763023376465 20.574743270874 20.8731842041016 21.1716232299805 21.470064163208 21.7685050964355 22.0669460296631 22.4495449066162 22.8601989746094 23.2708511352539 23.6815032958984 24.0921573638916 24.5028095245361 24.9134635925293 25.2245845794678 25.2371082305908 25.2496337890625 25.2621574401855 25.2746810913086 25.2872066497803 25.2997303009033 25.3122539520264 25.4421882629395 25.6112613677979 25.7803325653076 25.9494037628174 26.1184749603271 26.2875461578369 26.4566192626953 26.5554275512695
13.4750871658325 14.3052644729614 15.1354427337646 15.9656209945679 16.7957992553711 17.6259765625 18.4561557769775 18.7267398834229 18.8107929229736 18.8948459625244 18.9788990020752 19.062952041626 19.1470050811768 19.2310581207275 19.3682765960693 19.6649913787842 19.9617042541504 20.2584190368652 20.5551338195801 20.8518466949463 21.1485614776611 21.4452743530273 21.8512878417969 22.2937335968018 22.7361793518066 23.1786231994629 23.6210689544678 24.0635147094727 24.5059604644775 24.8484134674072 24.89089012146 24.9333667755127 24.9758415222168 25.0183181762695 25.0607948303223 25.1032695770264 25.1457462310791 25.3092975616455 25.5132064819336 25.7171173095703 25.9210262298584 26.1249370574951 26.3288459777832 26.5327548980713 26.662467956543
13.113673210144 13.8989553451538 14.6842374801636 15.4695196151733 16.2548007965088 17.0400829315186 17.825366973877 18.0880126953125 18.1764469146729 18.2648811340332 18.3533153533936 18.4417495727539 18.5301837921143 18.6186199188232 18.7586917877197 19.0536785125732 19.3486671447754 19.6436538696289 19.9386425018311 20.2336292266846 20.5286178588867 20.8236045837402 21.2530307769775 21.7272682189941 22.2015056610107 22.6757431030273 23.1499824523926 23.6242198944092 24.0984573364258 24.4722442626953 24.5446720123291 24.6170997619629 24.6895275115967 24.7619552612305 24.8343830108643 24.906810760498 24.9792385101318 25.1764068603516 25.415153503418 25.653902053833 25.8926486968994 26.1313972473145 26.3701457977295 26.6088924407959 26.7695083618164
12.7522592544556 13.4926452636719 14.2330312728882 14.9734182357788 15.7138042449951 16.4541912078857 17.1945781707764 17.4492855072021 17.5421009063721 17.634916305542 17.7277336120605 17.8205490112305 17.9133644104004 18.0061798095703 18.1491069793701 18.4423675537109 18.7356281280518 19.0288906097412 19.322151184082 19.6154117584229 19.9086742401123 20.2019348144531 20.6547718048096 21.1608028411865 21.6668338775635 22.1728630065918 22.6788940429688 23.1849250793457 23.690954208374 24.0960731506348 24.1984519958496 24.3008327484131 24.4032115936279 24.5055904388428 24.6079711914062 24.7103500366211 24.8127307891846 25.043514251709 25.3171005249023 25.5906867980957 25.8642730712891 26.1378574371338 26.4114437103271 26.6850299835205 26.8765487670898
12.3908452987671 13.0863351821899 13.7818260192871 14.4773168563843 15.1728076934814 15.8682975769043 16.5637893676758 16.8105583190918 16.9077548980713 17.0049533843994 17.1021499633789 17.1993465423584 17.2965431213379 17.3937397003174 17.5395221710205 17.8310565948486 18.1225910186768 18.4141254425049 18.705659866333 18.9971942901611 19.2887306213379 19.580265045166 20.0565147399902 20.5943374633789 21.1321601867676 21.6699829101562 22.2078075408936 22.7456302642822 23.2834529876709 23.7199020385742 23.8522338867188 23.9845657348633 24.1168956756592 24.2492275238037 24.3815593719482 24.5138912200928 24.6462230682373 24.910623550415 25.2190475463867 25.5274715423584 25.8358955383301 26.1443195343018 26.4527435302734 26.7611675262451 26.9835872650146
12.0294313430786 12.6800260543823 13.330620765686 13.9812154769897 14.6318101882935 15.2824048995972 15.9329996109009 16.1718311309814 16.2734107971191 16.3749885559082 16.4765663146973 16.5781440734863 16.679723739624 16.7813014984131 16.9299373626709 17.2197456359863 17.5095539093018 17.7993621826172 18.0891704559326 18.378978729248 18.6687870025635 18.9585952758789 19.4582576751709 20.0278739929199 20.5974884033203 21.1671028137207 21.7367191314697 22.3063335418701 22.8759498596191 23.3437328338623 23.5060157775879 23.6682987213135 23.8305816650391 23.9928646087646 24.1551475524902 24.3174304962158 24.4797134399414 24.7777309417725 25.1209945678711 25.4642562866211 25.8075180053711 26.1507797241211 26.4940414428711 26.8373050689697 27.0906276702881
11.7477684020996 12.3778619766235 13.0079545974731 13.6380472183228 14.2681398391724 14.898232460022 15.5283250808716 15.765627861023 15.8719997406006 15.9783716201782 16.0847434997559 16.1911163330078 16.2974891662598 16.4038600921631 16.5509605407715 16.820240020752 17.0895195007324 17.3587989807129 17.6280784606934 17.8973579406738 18.1666374206543 18.4359169006348 18.9338760375977 19.5080604553223 20.0822448730469 20.6564292907715 21.2306137084961 21.8047981262207 22.3789844512939 22.8603610992432 23.0633144378662 23.2662677764893 23.4692211151123 23.6721744537354 23.8751277923584 24.0780811309814 24.2810344696045 24.6175518035889 24.9985885620117 25.3796272277832 25.7606658935547 26.1417045593262 26.522741317749 26.9037799835205 27.1914749145508
11.5458583831787 12.1798429489136 12.8138275146484 13.4478120803833 14.0817966461182 14.7157802581787 15.3497648239136 15.5919456481934 15.7035245895386 15.8151035308838 15.926682472229 16.0382614135742 16.1498413085938 16.2614192962646 16.4025917053223 16.6325397491455 16.8624897003174 17.0924377441406 17.3223876953125 17.5523357391357 17.7822856903076 18.0122356414795 18.4833698272705 19.0349006652832 19.5864315032959 20.1379623413086 20.6894931793213 21.241024017334 21.7925548553467 22.2697868347168 22.5241298675537 22.778470993042 23.0328140258789 23.2871570587158 23.5414981842041 23.795841217041 24.0501823425293 24.430082321167 24.8518333435059 25.2735862731934 25.6953392028809 26.1170902252197 26.5388431549072 26.9605941772461 27.2861289978027
11.3439483642578 11.9818239212036 12.6197004318237 13.2575769424438 13.8954524993896 14.5333290100098 15.1712045669556 15.4182634353638 15.5350494384766 15.6518354415894 15.7686204910278 15.8854064941406 16.0021915435791 16.1189785003662 16.254222869873 16.4448413848877 16.6354598999023 16.826078414917 17.0166969299316 17.2073154449463 17.3979339599609 17.5885524749756 18.0328636169434 18.5617408752441 19.0906181335449 19.6194934844971 20.1483707427979 20.6772480010986 21.2061252593994 21.6792144775391 21.9849452972412 22.2906761169434 22.5964069366455 22.9021377563477 23.2078685760498 23.513599395752 23.8193302154541 24.2426128387451 24.7050800323486 25.1675453186035 25.6300106048584 26.0924777984619 26.5549430847168 27.0174102783203 27.3807830810547
11.1420373916626 11.783805847168 12.425573348999 13.0673408508301 13.7091093063354 14.3508768081665 14.9926452636719 15.2445812225342 15.3665742874146 15.4885663986206 15.610559463501 15.732551574707 15.8545446395874 15.9765367507935 16.1058540344238 16.2571411132812 16.4084300994873 16.5597171783447 16.7110061645508 16.8622932434082 17.0135803222656 17.1648693084717 17.5823574066162 18.0885810852051 18.5948028564453 19.1010265350342 19.607250213623 20.1134719848633 20.6196956634521 21.0886421203613 21.4457607269287 21.8028812408447 22.1599998474121 22.5171203613281 22.8742408752441 23.2313594818115 23.5884799957275 24.0551433563232 24.5583248138428 25.0615043640137 25.5646839141846 26.0678634643555 26.571044921875 27.0742244720459 27.4754371643066
