data/working_set_collections/6091692-Cassins_Sparrow-M2/2015/evptrns_avg.asc
NCOLS 265 
NROWS 230 
XLLCORNER -115.5625 
YLLCORNER 24.8333333333333 
CELLSIZE 0.0833333333333333 
NODATA_value -9999 
[rows 0 to 19 of 230, columns 90 to 134 of 265]
0.676509976387024 0.81056410074234 0.944618225097656 1.07867240905762 1.21272647380829 1.34678065776825 1.48083484172821 1.75293183326721 2.07104301452637 2.3891544342041 2.70726561546326 3.02537703514099 3.34348821640015 3.66159963607788 3.80651307106018 3.43183326721191 3.05715346336365 2.6824734210968 2.30779361724854 1.93311381340027 1.558434009552 1.18375420570374 1.0705840587616 1.04458391666412 1.01858377456665 0.992583692073822 0.966583549976349 0.940583407878876 0.914583265781403 0.906456172466278 0.95194810628891 0.997440099716187 1.04293203353882 1.08842396736145 1.13391602039337 1.179407954216 1.22489988803864 1.4069482088089 1.63451528549194 1.86208236217499 2.08964943885803 2.31721639633179 2.54478359222412 2.77235054969788 3.15331435203552
0.700384199619293 0.821465790271759 0.942547380924225 1.06362903118134 1.1847106218338 1.30579221248627 1.42687380313873 1.65053462982178 1.90838849544525 2.16624236106873 2.42409634590149 2.68195009231567 2.93980407714844 3.19765782356262 3.31314897537231 3.00155162811279 2.68995404243469 2.37835669517517 2.06675934791565 1.75516200065613 1.44356453418732 1.1319671869278 1.03641867637634 1.01288664340973 0.98935455083847 0.965822458267212 0.942290365695953 0.918758273124695 0.895226180553436 0.888068497180939 0.930033922195435 0.971999406814575 1.01396489143372 1.05593025684357 1.09789574146271 1.13986122608185 1.18182671070099 1.34340047836304 1.54484367370605 1.74628686904907 1.94773006439209 2.14917325973511 2.35061645507812 2.55205965042114 2.89980697631836
0.724258422851562 0.832367479801178 0.940476536750793 1.04858565330505 1.15669465065002 1.26480376720428 1.37291276454926 1.54813742637634 1.74573385715485 1.94333040714264 2.14092683792114 2.33852338790894 2.53611969947815 2.73371624946594 2.81978487968445 2.57126998901367 2.32275485992432 2.07423996925354 1.82572495937347 1.5772100687027 1.32869505882263 1.08018016815186 1.00225341320038 0.98118931055069 0.960125267505646 0.939061224460602 0.917997181415558 0.896933138370514 0.87586909532547 0.869680821895599 0.908119738101959 0.946558713912964 0.984997630119324 1.02343654632568 1.06187558174133 1.10031449794769 1.13875341415405 1.27985262870789 1.45517206192017 1.63049137592316 1.80581080913544 1.98113012313843 2.15644955635071 2.33176875114441 2.6462996006012
0.748132646083832 0.843269169330597 0.938405692577362 1.03354227542877 1.12867879867554 1.2238153219223 1.31895184516907 1.44574022293091 1.58307933807373 1.72041833400726 1.85775744915009 1.99509644508362 2.13243556022644 2.26977467536926 2.32642078399658 2.14098811149597 1.95555567741394 1.77012312412262 1.58469069004059 1.39925813674927 1.21382558345795 1.02839314937592 0.96808797121048 0.94949197769165 0.930895984172821 0.912299990653992 0.893703997135162 0.875108003616333 0.856512010097504 0.851293087005615 0.886205554008484 0.921117961406708 0.956030428409576 0.9909428358078 1.02585530281067 1.06076776981354 1.09568011760712 1.21630489826202 1.36550045013428 1.51469588279724 1.66389143466949 1.81308698654175 1.96228241920471 2.11147809028625 2.39279246330261
0.772006869316101 0.854170858860016 0.936334848403931 1.0184987783432 1.10066282749176 1.18282687664032 1.26499080657959 1.34334301948547 1.42042469978333 1.49750638008118 1.57458794116974 1.65166962146759 1.72875130176544 1.805832862854 1.83305668830872 1.71070659160614 1.58835649490356 1.46600639820099 1.34365630149841 1.22130620479584 1.09895610809326 0.976606070995331 0.933922588825226 0.917794644832611 0.901666700839996 0.885538756847382 0.869410812854767 0.853282868862152 0.837154924869537 0.832905411720276 0.864291369915009 0.895677268505096 0.927063226699829 0.958449125289917 0.98983508348465 1.02122104167938 1.05260694026947 1.15275716781616 1.27582883834839 1.39890050888062 1.52197217941284 1.64504373073578 1.76811540126801 1.89118707180023 2.13928508758545
0.79588109254837 0.865072548389435 0.934264004230499 1.00345540046692 1.07264685630798 1.14183831214905 1.21102976799011 1.24094581604004 1.25777006149292 1.2745943069458 1.29141855239868 1.30824279785156 1.32506704330444 1.34189128875732 1.33969259262085 1.28042495250702 1.22115731239319 1.16188967227936 1.10262203216553 1.0433543920517 0.984086692333221 0.924819052219391 0.899757206439972 0.886097311973572 0.872437417507172 0.858777523040771 0.845117628574371 0.831457734107971 0.817797839641571 0.814517736434937 0.842377185821533 0.870236575603485 0.898096024990082 0.925955414772034 0.953814804553986 0.981674253940582 1.00953364372253 1.0892094373703 1.1861572265625 1.2831050157547 1.3800528049469 1.4770005941391 1.5739483833313 1.67089629173279 1.88577771186829
0.774946391582489 0.83490115404129 0.894855856895447 0.954810559749603 1.01476526260376 1.07472002506256 1.13467466831207 1.14080440998077 1.12899231910706 1.11718034744263 1.1053683757782 1.09355628490448 1.08174431324005 1.06993234157562 1.05515313148499 1.03147220611572 1.00779139995575 0.984110593795776 0.960429728031158 0.936748921871185 0.913068056106567 0.889387249946594 0.87693464756012 0.868224799633026 0.859514951705933 0.850805103778839 0.842095255851746 0.833385407924652 0.824675619602203 0.824315965175629 0.84900689125061 0.873697817325592 0.898388803005219 0.9230797290802 0.947770655155182 0.972461640834808 0.99715256690979 1.06551170349121 1.14842677116394 1.23134195804596 1.31425702571869 1.39717221260071 1.48008739948273 1.56300246715546 1.75074052810669
0.709202885627747 0.763656616210938 0.818110406398773 0.872564136981964 0.927017867565155 0.981471657752991 1.03592538833618 1.0429185628891 1.03409147262573 1.02526438236237 1.016437292099 1.00761020183563 0.998783111572266 0.989956021308899 0.979438304901123 0.963848650455475 0.948258936405182 0.932669281959534 0.917079627513885 0.901489913463593 0.885900259017944 0.870310604572296 0.865454852581024 0.864177048206329 0.862899303436279 0.861621558666229 0.860343754291534 0.859066009521484 0.857788264751434 0.862300038337708 0.884180545806885 0.906061053276062 0.927941560745239 0.949822068214417 0.971702575683594 0.993583083152771 1.01546359062195 1.08166396617889 1.162637591362 1.2436112165451 1.3245849609375 1.40555858612061 1.48653221130371 1.56750583648682 1.73417365550995
0.643459320068359 0.69241213798523 0.741364896297455 0.790317714214325 0.839270532131195 0.88822329044342 0.93717610836029 0.94503265619278 0.93919050693512 0.93334835767746 0.9275062084198 0.92166405916214 0.91582190990448 0.90997976064682 0.903723537921906 0.896225035190582 0.888726532459259 0.881227970123291 0.873729467391968 0.866230964660645 0.858732461929321 0.851233959197998 0.853975057601929 0.860129356384277 0.866283655166626 0.872437953948975 0.878592252731323 0.884746551513672 0.89090085029602 0.900284111499786 0.919354200363159 0.938424289226532 0.95749431848526 0.976564407348633 0.995634496212006 1.01470458507538 1.03377461433411 1.09781622886658 1.17684841156006 1.25588059425354 1.33491277694702 1.4139449596405 1.49297714233398 1.57200920581818 1.71760666370392
0.577715814113617 0.621167659759521 0.664619445800781 0.708071291446686 0.75152313709259 0.794974982738495 0.838426768779755 0.847146809101105 0.844289600849152 0.841432392597198 0.838575184345245 0.835717976093292 0.832860708236694 0.830003499984741 0.828008770942688 0.82860141992569 0.829194068908691 0.829786717891693 0.830379366874695 0.830972015857697 0.831564664840698 0.8321573138237 0.842495262622833 0.856081604957581 0.869668006896973 0.88325434923172 0.896840751171112 0.910427153110504 0.924013495445251 0.938268184661865 0.954527854919434 0.970787465572357 0.987047135829926 1.00330674648285 1.01956641674042 1.03582608699799 1.05208563804626 1.11396861076355 1.19105923175812 1.26814997196198 1.34524059295654 1.4223313331604 1.49942195415497 1.57651269435883 1.70103967189789
0.51197224855423 0.549923121929169 0.587873995304108 0.625824868679047 0.663775742053986 0.701726615428925 0.739677488803864 0.74926096200943 0.749388694763184 0.749516427516937 0.749644100666046 0.7497718334198 0.749899506568909 0.750027239322662 0.75229400396347 0.760977804660797 0.769661605358124 0.77834540605545 0.787029206752777 0.795713007450104 0.804396867752075 0.813080668449402 0.831015467643738 0.852033913135529 0.873052358627319 0.89407080411911 0.915089249610901 0.936107695102692 0.957126140594482 0.976252317428589 0.989701509475708 1.00315070152283 1.01659989356995 1.03004908561707 1.04349827766418 1.0569474697113 1.07039678096771 1.13012087345123 1.20527005195618 1.28041934967041 1.35556852817535 1.4307177066803 1.50586688518524 1.58101606369019 1.68447279930115
0.446228742599487 0.478678643703461 0.511128544807434 0.543578445911407 0.576028347015381 0.608478307723999 0.640928208827972 0.6513751745224 0.654487788677216 0.657600402832031 0.660713076591492 0.663825690746307 0.666938364505768 0.670050978660583 0.676579177379608 0.693354189395905 0.710129141807556 0.726904094219208 0.743679106235504 0.760454058647156 0.777229011058807 0.794004023075104 0.819535672664642 0.847986161708832 0.876436710357666 0.904887199401855 0.93333774805069 0.961788237094879 0.990238785743713 1.01423633098602 1.02487516403198 1.03551387786865 1.04615271091461 1.05679142475128 1.06743025779724 1.07806897163391 1.08870780467987 1.14627325534821 1.21948099136353 1.29268860816956 1.36589634418488 1.4391040802002 1.51231169700623 1.58551943302155 1.66790580749512
0.405279368162155 0.432921171188354 0.460562974214554 0.488204807043076 0.515846610069275 0.543488442897797 0.571130216121674 0.581295192241669 0.585634589195251 0.58997392654419 0.594313263893127 0.598652601242065 0.602991998195648 0.607331335544586 0.617181122303009 0.643562376499176 0.669943571090698 0.696324825286865 0.722706019878387 0.749087274074554 0.775468468666077 0.801849722862244 0.833854794502258 0.867734551429749 0.901614248752594 0.93549394607544 0.96937370300293 1.00325345993042 1.03713309764862 1.06545233726501 1.07709002494812 1.08872783184052 1.10036551952362 1.11200320720673 1.12364101409912 1.13527870178223 1.14691638946533 1.22580707073212 1.32711541652679 1.42842376232147 1.52973198890686 1.63104033470154 1.73234868049622 1.83365702629089 1.92584192752838
0.389124125242233 0.412650734186172 0.436177313327789 0.459703892469406 0.483230471611023 0.506757080554962 0.530283629894257 0.539021193981171 0.542829036712646 0.546636879444122 0.550444722175598 0.554252564907074 0.558060467243195 0.56186830997467 0.574099838733673 0.611602365970612 0.649104952812195 0.686607539653778 0.724110066890717 0.7616126537323 0.799115180969238 0.836617767810822 0.873972952365875 0.911278963088989 0.948585033416748 0.985891044139862 1.02319705486298 1.06050312519073 1.09780919551849 1.12990021705627 1.1463463306427 1.16279232501984 1.17923843860626 1.1956844329834 1.21213054656982 1.22857666015625 1.24502265453339 1.36872243881226 1.52817356586456 1.68762457370758 1.8470755815506 2.00652670860291 2.16597771644592 2.32542872428894 2.45828127861023
0.372968912124634 0.392380267381668 0.411791622638702 0.431202977895737 0.450614333152771 0.470025688409805 0.48943704366684 0.496747136116028 0.500023484230042 0.503299832344055 0.506576180458069 0.509852588176727 0.513128936290741 0.516405284404755 0.531018495559692 0.579642415046692 0.628266334533691 0.676890194416046 0.725514113903046 0.774138033390045 0.8227618932724 0.871385812759399 0.914091050624847 0.954823434352875 0.995555758476257 1.03628814220428 1.07702052593231 1.11775290966034 1.15848529338837 1.19434809684753 1.21560251712799 1.23685693740845 1.2581113576889 1.27936565876007 1.30062007904053 1.32187449932098 1.34312891960144 1.5116378068924 1.72923159599304 1.94682538509369 2.16441917419434 2.38201308250427 2.59960675239563 2.81720066070557 2.99072051048279
0.356813699007034 0.372109830379486 0.387405931949615 0.402702063322067 0.417998194694519 0.433294296264648 0.4485904276371 0.454473108053207 0.457217961549759 0.45996281504631 0.462707668542862 0.465452522039413 0.468197375535965 0.470942258834839 0.487937211990356 0.547682464122772 0.607427656650543 0.667172908782959 0.726918160915375 0.786663353443146 0.846408605575562 0.906153857707977 0.954209208488464 0.998367846012115 1.04252660274506 1.08668518066406 1.13084387779236 1.17500257492065 1.21916127204895 1.25879597663879 1.28485870361328 1.31092143058777 1.33698415756226 1.36304700374603 1.38910973072052 1.41517245769501 1.44123518466949 1.65455329418182 1.93028974533081 2.20602631568909 2.48176288604736 2.75749921798706 3.03323578834534 3.30897235870361 3.52315974235535
0.340658485889435 0.351839363574982 0.363020271062851 0.374201148748398 0.385382026433945 0.396562933921814 0.407743811607361 0.412199050188065 0.414412409067154 0.416625767946243 0.418839126825333 0.421052485704422 0.423265844583511 0.425479203462601 0.444855868816376 0.515722453594208 0.58658903837204 0.657455623149872 0.728322207927704 0.799188733100891 0.870055317878723 0.940921902656555 0.994327306747437 1.041912317276 1.08949732780457 1.13708233833313 1.18466734886169 1.23225235939026 1.27983736991882 1.32324385643005 1.35411489009857 1.38498604297638 1.4158570766449 1.4467282295227 1.47759926319122 1.50847029685974 1.53934144973755 1.79746866226196 2.13134789466858 2.4652271270752 2.79910635948181 3.13298559188843 3.46686482429504 3.80074405670166 4.05559873580933
0.324503242969513 0.3315689265728 0.338634580373764 0.345700234174728 0.352765887975693 0.35983157157898 0.366897225379944 0.369925022125244 0.371606886386871 0.373288750648499 0.374970614910126 0.376652479171753 0.37833434343338 0.380016177892685 0.401774555444717 0.483762472867966 0.565750360488892 0.64773827791214 0.729726195335388 0.811714112758636 0.893702030181885 0.975689947605133 1.03444540500641 1.08545672893524 1.13646805286407 1.18747937679291 1.23849070072174 1.28950202465057 1.34051334857941 1.38769173622131 1.42337119579315 1.4590505361557 1.49472999572754 1.53040945529938 1.56608879566193 1.60176825523376 1.6374477148056 1.9403840303421 2.33240604400635 2.7244279384613 3.11645007133484 3.5084719657898 3.90049386024475 4.29251575469971 4.58803796768188
0.306118488311768 0.310803830623627 0.315489172935486 0.320174545049667 0.324859887361526 0.329545229673386 0.334230601787567 0.338170766830444 0.341862559318542 0.345554322004318 0.349246114492416 0.352937906980515 0.35662966966629 0.360321462154388 0.385188639163971 0.473581939935684 0.561975240707397 0.650368571281433 0.738761901855469 0.827155232429504 0.915548503398895 1.00394189357758 1.06434607505798 1.11542057991028 1.16649508476257 1.21756958961487 1.26864409446716 1.31971859931946 1.37079310417175 1.42015171051025 1.46436238288879 1.50857305526733 1.55278372764587 1.59699440002441 1.64120507240295 1.68541586399078 1.72962653636932 2.05533123016357 2.47486734390259 2.8944034576416 3.31393933296204 3.73347544670105 4.15301132202148 4.5725474357605 4.89544582366943
0.285504162311554 0.289544105529785 0.293584078550339 0.297624051570892 0.301664024591446 0.305703967809677 0.309743940830231 0.316936284303665 0.325179398059845 0.333422541618347 0.341665655374527 0.349908769130707 0.358151912689209 0.366395026445389 0.395098060369492 0.485180854797363 0.575263619422913 0.665346443653107 0.755429208278656 0.84551203250885 0.935594797134399 1.02567756175995 1.08402919769287 1.13180375099182 1.17957830429077 1.22735285758972 1.27512741088867 1.32290196418762 1.37067651748657 1.4206235408783 1.4770884513855 1.5335533618927 1.5900182723999 1.6464831829071 1.70294809341431 1.75941300392151 1.81587791442871 2.14231038093567 2.5587317943573 2.97515320777893 3.39157462120056 3.80799627304077 4.2244176864624 4.64083909988403 4.97782182693481
