data/working_set_collections/6091692-Cassins_Sparrow-M2/2015/evptrns_avg.asc
NCOLS 265 
NROWS 230 
XLLCORNER -115.5625 
YLLCORNER 24.8333333333333 
CELLSIZE 0.0833333333333333 
NODATA_value -9999 
[rows 80 to 99 of 230, columns 180 to 224 of 265]
19.0719203948975 19.354398727417 19.6368770599365 19.9193553924561 20.2018356323242 20.4843139648438 20.7667922973633 20.9976444244385 21.2112884521484 21.4249305725098 21.6385746002197 21.8522167205811 22.065860748291 22.2795028686523 22.4886169433594 22.6841411590576 22.8796653747559 23.0751895904541 23.2707138061523 23.4662380218506 23.6617622375488 23.8572864532471 24.3660259246826 24.9791698455811 25.5923118591309 26.2054557800293 26.8185997009277 27.4317436218262 28.044885635376 28.5365219116211 28.6636390686035 28.7907543182373 28.9178695678711 29.0449848175049 29.1721000671387 29.2992153167725 29.4263305664062 29.6156597137451 29.8257255554199 30.0357913970947 30.2458572387695 30.4559230804443 30.6659889221191 30.8760547637939 30.9883804321289
18.7128124237061 18.9847869873047 19.2567615509033 19.528736114502 19.8007106781006 20.0726852416992 20.3446578979492 20.6044807434082 20.8602523803711 21.116024017334 21.3717956542969 21.6275672912598 21.8833389282227 22.1391105651855 22.397123336792 22.6618537902832 22.926586151123 23.1913185119629 23.4560489654541 23.7207813262939 23.9855117797852 24.250244140625 24.7785167694092 25.3946380615234 26.0107593536377 26.6268787384033 27.2430000305176 27.8591213226318 28.4752407073975 28.9611225128174 29.0562858581543 29.1514472961426 29.2466106414795 29.3417720794678 29.4369354248047 29.5320987701416 29.6272602081299 29.7919692993164 29.9798603057861 30.1677513122559 30.3556423187256 30.5435333251953 30.731424331665 30.9193134307861 31.0160999298096
18.3537044525146 18.6151752471924 18.8766441345215 19.1381149291992 19.3995838165283 19.6610546112061 19.9225254058838 20.2113170623779 20.5092182159424 20.8071174621582 21.1050186157227 21.4029197692871 21.7008190155029 21.9987201690674 22.3056297302246 22.6395683288574 22.9735069274902 23.307445526123 23.6413841247559 23.9753227233887 24.3092613220215 24.6431999206543 25.1910095214844 25.8101062774658 26.4292049407959 27.048303604126 27.6674003601074 28.2864990234375 28.9055976867676 29.3857231140137 29.4489326477051 29.5121421813965 29.5753517150879 29.6385612487793 29.7017707824707 29.7649803161621 29.8281898498535 29.9682788848877 30.1339950561523 30.299711227417 30.4654273986816 30.6311416625977 30.7968578338623 30.962574005127 31.0438194274902
17.9945983886719 18.2455635070801 18.4965286254883 18.7474937438965 18.9984588623047 19.2494258880615 19.5003910064697 19.8181533813477 20.158182144165 20.4982128143311 20.8382415771484 21.1782703399658 21.5182991027832 21.8583278656006 22.2141361236572 22.6172828674316 23.0204277038574 23.4235744476318 23.8267192840576 24.229866027832 24.6330108642578 25.0361576080322 25.6035003662109 26.2255764007568 26.8476505279541 27.4697265625 28.0918006896973 28.7138767242432 29.3359527587891 29.8103218078613 29.8415794372559 29.8728351593018 29.9040927886963 29.9353485107422 29.9666061401367 29.9978618621826 30.0291194915771 30.144588470459 30.2881298065186 30.4316711425781 30.5752124786377 30.7187519073486 30.8622932434082 31.0058345794678 31.0715370178223
17.6324253082275 17.8898181915283 18.1472110748291 18.4046020507812 18.661994934082 18.9193878173828 19.1767807006836 19.5019989013672 19.8498268127441 20.1976547241211 20.5454807281494 20.8933086395264 21.2411365509033 21.5889644622803 21.9616107940674 22.408712387085 22.8558158874512 23.3029193878174 23.750020980835 24.1971244812012 24.6442279815674 25.091329574585 25.6770401000977 26.3089542388916 26.9408664703369 27.5727806091309 28.2046947479248 28.8366069793701 29.4685211181641 29.9442920684814 29.9516353607178 29.9589805603027 29.9663257598877 29.973669052124 29.981014251709 29.9883594512939 29.9957027435303 30.0975532531738 30.2309055328369 30.3642578125 30.4976100921631 30.6309623718262 30.7643146514893 30.8976669311523 30.9550476074219
17.2671871185303 17.5479393005371 17.8286895751953 18.1094417572021 18.3901920318604 18.6709423065186 18.9516944885254 19.2628536224365 19.5841503143311 19.905445098877 20.2267398834229 20.5480365753174 20.8693313598633 21.1906280517578 21.5480518341064 22.0138607025146 22.4796714782715 22.9454803466797 23.4112892150879 23.8770999908447 24.3429088592529 24.8087177276611 25.4116287231445 26.0602416992188 26.708854675293 27.3574657440186 28.0060787200928 28.6546897888184 29.3033027648926 29.7876300811768 29.7791023254395 29.7705764770508 29.7620506286621 29.7535228729248 29.7449970245361 29.7364692687988 29.7279434204102 29.8271732330322 29.9623222351074 30.0974731445312 30.2326221466064 30.3677711486816 30.5029201507568 30.638069152832 30.6943492889404
16.9019508361816 17.2060604095459 17.5101699829102 17.8142795562744 18.1183891296387 18.4224987030029 18.7266082763672 19.0237083435059 19.3184719085693 19.6132354736328 19.9079990386963 20.2027645111084 20.4975280761719 20.7922916412354 21.1344928741455 21.6190090179443 22.1035251617432 22.588041305542 23.0725574493408 23.5570735931396 24.0415897369385 24.5261058807373 25.14621925354 25.8115291595459 26.4768409729004 27.1421508789062 27.8074626922607 28.4727725982666 29.1380844116211 29.6309680938721 29.6065692901611 29.5821723937988 29.5577735900879 29.5333766937256 29.5089778900146 29.4845809936523 29.4601821899414 29.5567932128906 29.6937408447266 29.8306865692139 29.9676342010498 30.1045799255371 30.241527557373 30.3784732818604 30.4336490631104
16.5367126464844 16.8641815185547 17.1916484832764 17.5191173553467 17.846586227417 18.1740531921387 18.501522064209 18.7845630645752 19.0527954101562 19.3210277557373 19.5892581939697 19.8574905395508 20.1257228851318 20.3939552307129 20.7209358215332 21.224157333374 21.7273807525635 22.2306022644043 22.7338256835938 23.2370491027832 23.740270614624 24.2434940338135 24.8808078765869 25.562816619873 26.2448272705078 26.9268360137939 27.6088466644287 28.2908554077148 28.9728660583496 29.4743061065674 29.4340362548828 29.3937683105469 29.3534984588623 29.3132305145264 29.2729606628418 29.2326908111572 29.1924228668213 29.286413192749 29.4251575469971 29.5639019012451 29.7026443481445 29.8413887023926 29.9801330566406 30.1188774108887 30.1729507446289
16.1714744567871 16.5223026275635 16.8731288909912 17.2239551544189 17.5747814178467 17.925609588623 18.2764358520508 18.5454177856445 18.7871170043945 19.0288181304932 19.2705173492432 19.5122184753418 19.7539196014404 19.9956188201904 20.3073768615723 20.8293056488037 21.3512344360352 21.8731651306152 22.3950939178467 22.9170227050781 23.4389533996582 23.9608821868896 24.6153964996338 25.3141040802002 26.0128135681152 26.7115211486816 27.4102306365967 28.1089401245117 28.8076477050781 29.3176441192627 29.2615032196045 29.2053642272949 29.1492233276367 29.0930824279785 29.0369434356689 28.9808025360107 28.9246616363525 29.0160331726074 29.1565742492676 29.2971153259277 29.4376564025879 29.578197479248 29.7187404632568 29.859281539917 29.9122524261475
15.8062372207642 16.1804218292236 16.5546073913574 16.9287929534912 17.302978515625 17.6771640777588 18.0513496398926 18.3062725067139 18.5214405059814 18.736608505249 18.9517765045166 19.1669464111328 19.3821144104004 19.597282409668 19.8938179016113 20.4344539642334 20.9750900268555 21.5157260894775 22.0563621520996 22.5969982147217 23.1376342773438 23.6782703399658 24.3499851226807 25.0653915405273 25.7807998657227 26.4962062835693 27.2116146087646 27.92702293396 28.6424293518066 29.160982131958 29.0889701843262 29.016960144043 28.9449481964111 28.8729362487793 28.8009243011475 28.7289123535156 28.6569023132324 28.7456531524658 28.8879909515381 29.030330657959 29.1726684570312 29.3150081634521 29.4573459625244 29.5996837615967 29.6515522003174
15.2433519363403 15.6414031982422 16.0394535064697 16.4375038146973 16.8355541229248 17.233606338501 17.6316566467285 17.9153213500977 18.1608581542969 18.4063949584961 18.6519317626953 18.8974704742432 19.1430072784424 19.3885440826416 19.7118835449219 20.2686309814453 20.8253803253174 21.3821277618408 21.9388751983643 22.4956245422363 23.0523719787598 23.6091213226318 24.286678314209 25.0045051574707 25.7223320007324 26.4401588439941 27.1579875946045 27.8758144378662 28.5936412811279 29.1206398010254 29.0751552581787 29.029670715332 28.9841861724854 28.9387016296387 28.893217086792 28.8477325439453 28.8022480010986 28.8941783905029 29.0319156646729 29.1696529388428 29.3073902130127 29.4451274871826 29.5828647613525 29.7206020355225 29.7590522766113
14.4828195571899 14.9052419662476 15.3276643753052 15.7500877380371 16.1725101470947 16.5949325561523 17.01735496521 17.3725662231445 17.7053718566895 18.0381774902344 18.3709831237793 18.7037887573242 19.0365962982178 19.3694019317627 19.7615718841553 20.3318386077881 20.9021034240723 21.4723701477051 22.0426368713379 22.6129016876221 23.1831684112549 23.7534332275391 24.4254760742188 25.1314430236816 25.8374118804932 26.5433788299561 27.2493457794189 27.9553146362305 28.6612815856934 29.1966171264648 29.2200584411621 29.2434978485107 29.266939163208 29.2903785705566 29.3138198852539 29.3372592926025 29.3607006072998 29.461612701416 29.5883483886719 29.7150859832764 29.8418235778809 29.9685592651367 30.0952968597412 30.2220325469971 30.2347526550293
13.7222862243652 14.1690807342529 14.6158761978149 15.0626707077026 15.5094652175903 15.9562606811523 16.40305519104 16.8298091888428 17.249885559082 17.6699600219727 18.0900344848633 18.5101089477539 18.9301853179932 19.3502597808838 19.8112621307373 20.3950462341309 20.9788284301758 21.5626125335693 22.1463966369629 22.7301788330078 23.3139629364014 23.8977470397949 24.5642738342285 25.2583808898926 25.9524898529053 26.646598815918 27.340705871582 28.0348148345947 28.7289237976074 29.2725944519043 29.3649597167969 29.4573268890381 29.5496921539307 29.6420574188232 29.7344226837158 29.8267879486084 29.919153213501 30.0290451049805 30.1447830200195 30.26051902771 30.3762550354004 30.4919910430908 30.6077270507812 30.7234649658203 30.7104530334473
12.9617538452148 13.4329204559326 13.9040870666504 14.3752536773682 14.8464212417603 15.317587852478 15.7887544631958 16.2870540618896 16.794397354126 17.3017425537109 17.8090858459473 18.3164291381836 18.8237743377686 19.3311176300049 19.8609504699707 20.458251953125 21.0555534362793 21.6528549194336 22.2501564025879 22.8474578857422 23.4447574615479 24.0420589447021 24.7030715942383 25.3853206634521 26.0675678253174 26.7498168945312 27.4320659637451 28.114315032959 28.7965641021729 29.3485736846924 29.5098628997803 29.6711540222168 29.8324432373047 29.9937343597412 30.1550235748291 30.3163146972656 30.4776039123535 30.5964794158936 30.7012157440186 30.8059520721436 30.9106864929199 31.0154228210449 31.1201591491699 31.2248954772949 31.1861534118652
12.2012205123901 12.696759223938 13.1922979354858 13.687837600708 14.1833763122559 14.6789150238037 15.1744537353516 15.7442979812622 16.3389110565186 16.9335250854492 17.5281372070312 18.1227493286133 18.7173633575439 19.311975479126 19.9106407165527 20.5214595794678 21.1322784423828 21.7430973052979 22.3539161682129 22.9647350311279 23.575553894043 24.186372756958 24.841869354248 25.5122585296631 26.1826477050781 26.8530368804932 27.5234260559082 28.1938152313232 28.8642044067383 29.4245510101318 29.6547660827637 29.8849811553955 30.1151962280273 30.3454113006592 30.575626373291 30.8058414459229 31.0360565185547 31.163911819458 31.2576484680176 31.3513832092285 31.4451198577881 31.538854598999 31.6325912475586 31.7263259887695 31.6618537902832
11.4406871795654 11.9605989456177 12.4805097579956 13.0004205703735 13.5203313827515 14.0402421951294 14.5601530075073 15.2015428543091 15.8834247589111 16.5653057098389 17.2471885681152 17.929069519043 18.6109523773193 19.2928333282471 19.9603290557861 20.5846652984619 21.2090034484863 21.8333396911621 22.4576759338379 23.0820121765137 23.7063484191895 24.3306846618652 24.9806671142578 25.639196395874 26.2977256774902 26.9562568664551 27.6147861480713 28.2733154296875 28.9318466186523 29.5005283355713 29.7996673583984 30.0988082885742 30.39794921875 30.6970882415771 30.9962291717529 31.2953681945801 31.5945091247559 31.7313461303711 31.8140811920166 31.8968162536621 31.9795513153076 32.0622863769531 32.1450233459473 32.2277565002441 32.1375541687012
10.9845952987671 11.5326280593872 12.0806608200073 12.6286935806274 13.1767263412476 13.7247591018677 14.2727918624878 14.9810171127319 15.742639541626 16.5042629241943 17.2658843994141 18.0275077819824 18.7891292572021 19.5507526397705 20.2794227600098 20.9092350006104 21.5390491485596 22.1688613891602 22.7986755371094 23.42848777771 24.0583000183105 24.6881141662598 25.3165111541748 25.9444351196289 26.5723609924316 27.2002868652344 27.8282108306885 28.4561367034912 29.0840606689453 29.6404132843018 29.9820518493652 30.3236885070801 30.6653251647949 31.0069618225098 31.3486003875732 31.6902370452881 32.0318756103516 32.1489295959473 32.1911277770996 32.233325958252 32.2755241394043 32.3177185058594 32.3599166870117 32.4021148681641 32.2742958068848
10.8329429626465 11.4128475189209 11.9927520751953 12.5726566314697 13.1525611877441 13.7324657440186 14.312370300293 15.0827226638794 15.9165573120117 16.7503910064697 17.5842266082764 18.4180603027344 19.251895904541 20.085729598999 20.8679180145264 21.4951667785645 22.1224155426025 22.7496643066406 23.3769130706787 24.0041618347168 24.6314105987549 25.258659362793 25.849401473999 26.4279766082764 27.0065517425537 27.5851268768311 28.1637001037598 28.7422752380371 29.3208503723145 29.8442077636719 30.2019138336182 30.5596199035645 30.9173259735107 31.275032043457 31.6327381134033 31.9904441833496 32.3481483459473 32.4166679382324 32.3887901306152 32.360912322998 32.3330307006836 32.3051528930664 32.2772750854492 32.249397277832 32.0720825195312
10.6812906265259 11.2930669784546 11.9048433303833 12.516619682312 13.1283960342407 13.7401723861694 14.3519487380981 15.1844282150269 16.0904750823975 16.9965209960938 17.9025688171387 18.808614730835 19.7146606445312 20.6207084655762 21.456413269043 22.0810985565186 22.7057819366455 23.3304672241211 23.955150604248 24.5798358917236 25.2045192718506 25.8292045593262 26.3822937011719 26.9115180969238 27.4407424926758 27.9699668884277 28.4991912841797 29.0284156799316 29.5576400756836 30.048002243042 30.4217758178711 30.7955513000488 31.1693267822266 31.5431022644043 31.9168758392334 32.2906532287598 32.6644248962402 32.6844062805176 32.5864486694336 32.4884948730469 32.3905410766602 32.2925872802734 32.1946334838867 32.0966796875 31.8698711395264
10.5296392440796 11.1732873916626 11.8169355392456 12.4605836868286 13.1042318344116 13.7478799819946 14.3915281295776 15.2861337661743 16.2643928527832 17.2426509857178 18.2209091186523 19.1991691589355 20.1774272918701 21.1556854248047 22.0449104309082 22.6670303344727 23.2891502380371 23.9112701416016 24.533390045166 25.1555080413818 25.7776279449463 26.3997478485107 26.9151840209961 27.3950576782227 27.8749332427979 28.3548069000244 28.834680557251 29.3145542144775 29.7944297790527 30.2517948150635 30.6416397094727 31.0314826965332 31.4213275909424 31.8111705780029 32.2010154724121 32.5908584594727 32.9807014465332 32.9521408081055 32.7841110229492 32.616081237793 32.4480514526367 32.2800216674805 32.1119918823242 31.943962097168 31.6676578521729
