data/working_set_collections/6091692-Cassins_Sparrow-M2/2015/frwlt_avg.asc
NCOLS 265 
NROWS 230 
XLLCORNER -115.5625 
YLLCORNER 24.8333333333333 
CELLSIZE 0.0833333333333333 
NODATA_value -9999 
[rows 0 to 19 of 230, columns 176 to 219 of 265]
0.308415502309799 0.30124819278717 0.294080853462219 0.287607818841934 0.283217698335648 0.278827548027039 0.274437427520752 0.270047307014465 0.265657186508179 0.26126703619957 0.256876915693283 0.244440525770187 0.229322031140327 0.214203536510468 0.199085041880608 0.183966562151909 0.168848067522049 0.153729572892189 0.138944387435913 0.125159129500389 0.111373864114285 0.0975885987281799 0.0838033333420753 0.0700180679559708 0.0562328062951565 0.0424475409090519 0.0374734103679657 0.035436324775219 0.0333992391824722 0.0313621498644352 0.0293250642716885 0.0272879786789417 0.0252508912235498 0.0235541015863419 0.0228782016783953 0.0222023017704487 0.0215264037251472 0.0208505038172007 0.0201746039092541 0.0194987058639526 0.018822805956006 0.0189433712512255 0.0193294268101454 0.0197154805064201
0.291709810495377 0.286976426839828 0.28224304318428 0.277661085128784 0.273533403873444 0.269405722618103 0.265278041362762 0.261150360107422 0.257022678852081 0.252894997596741 0.2487673163414 0.237145483493805 0.223025605082512 0.208905726671219 0.194785848259926 0.180665969848633 0.16654609143734 0.152426213026047 0.138542205095291 0.125365808606148 0.112189412117004 0.099013015627861 0.0858366191387177 0.0726602226495743 0.0594838224351406 0.0463074259459972 0.0410418622195721 0.0384132377803326 0.0357846170663834 0.0331559963524342 0.0305273737758398 0.0278987511992455 0.0252701304852962 0.0231153760105371 0.0223822239786386 0.0216490738093853 0.0209159217774868 0.0201827697455883 0.019449619576335 0.0187164675444365 0.017983315512538 0.0186378750950098 0.0197550058364868 0.0208721347153187
0.275004148483276 0.272704690694809 0.270405262708664 0.267714351415634 0.26384910941124 0.259983897209167 0.256118655204773 0.252253413200378 0.248388186097145 0.244522944092751 0.240657716989517 0.229850456118584 0.216729193925858 0.20360791683197 0.190486654639244 0.177365392446518 0.164244115352631 0.151122853159904 0.138140022754669 0.125572487711906 0.113004960119724 0.100437432527542 0.08786990493536 0.0753023698925972 0.062734842300415 0.0501673109829426 0.0446103103458881 0.0413901545107365 0.0381699986755848 0.0349498391151428 0.0317296832799911 0.0285095255821943 0.0252893678843975 0.0226766504347324 0.021886246278882 0.0210958439856768 0.0203054398298264 0.0195150356739759 0.0187246333807707 0.0179342292249203 0.017143826931715 0.0183323789387941 0.0201805830001831 0.0220287889242172
0.258298456668854 0.258432954549789 0.258567452430725 0.257767617702484 0.254164844751358 0.25056204199791 0.246959269046783 0.243356481194496 0.239753693342209 0.236150905489922 0.232548117637634 0.222555428743362 0.210432767868042 0.198310121893883 0.186187461018562 0.174064800143242 0.161942154169083 0.149819493293762 0.137737840414047 0.125779181718826 0.113820508122444 0.101861849427223 0.0899031832814217 0.0779445245862007 0.0659858584403992 0.0540271960198879 0.0481787621974945 0.0443670675158501 0.0405553765594959 0.0367436856031418 0.0329319909214973 0.0291202999651432 0.0253086071461439 0.0222379248589277 0.0213902685791254 0.0205426141619682 0.0196949578821659 0.0188473034650087 0.0179996471852064 0.0171519927680492 0.0163043364882469 0.0180268827825785 0.0206061620265245 0.0231854412704706
0.24159274995327 0.244161203503609 0.246729657053947 0.247820898890495 0.244480565190315 0.241140216588974 0.237799882888794 0.234459534287453 0.231119200587273 0.227778851985931 0.22443850338459 0.21526038646698 0.204136341810226 0.193012312054634 0.181888267397881 0.170764222741127 0.159640178084373 0.14851613342762 0.137335658073425 0.125985860824585 0.114636063575745 0.103286266326904 0.091936469078064 0.0805866718292236 0.0692368745803833 0.0578870810568333 0.0517472103238106 0.047343984246254 0.0429407544434071 0.0385375283658504 0.0341343022882938 0.0297310724854469 0.0253278464078903 0.021799199283123 0.0208942908793688 0.0199893843382597 0.0190844759345055 0.0181795693933964 0.0172746628522873 0.0163697544485331 0.0154648469761014 0.0177213866263628 0.021031741052866 0.0243420954793692
0.224887073040009 0.229889467358589 0.23489186167717 0.237874180078506 0.234796285629272 0.231718391180038 0.228640496730804 0.225562587380409 0.222484692931175 0.219406798481941 0.216328904032707 0.207965359091759 0.197839930653572 0.187714502215385 0.177589073777199 0.167463630437851 0.157338201999664 0.147212773561478 0.136933475732803 0.126192539930344 0.115451611578465 0.104710683226585 0.0939697548747063 0.0832288265228271 0.0724878907203674 0.0617469623684883 0.0553156584501266 0.0503208972513676 0.0453261360526085 0.0403313711285591 0.0353366099298 0.0303418468683958 0.0253470838069916 0.0213604737073183 0.0203983131796122 0.0194361545145512 0.0184739958494902 0.017511835321784 0.016549676656723 0.0155875170603395 0.0146253574639559 0.0174158904701471 0.0214573200792074 0.0254987496882677
0.211479678750038 0.21681359410286 0.222147524356842 0.22533418238163 0.222079068422318 0.218823954463005 0.215568840503693 0.21231372654438 0.209058612585068 0.205803498625755 0.202548399567604 0.195008233189583 0.186039716005325 0.177071198821068 0.16810268163681 0.159134164452553 0.150165647268295 0.141197130084038 0.132031798362732 0.122276023030281 0.11252024024725 0.102764464914799 0.0930086821317673 0.0832528993487358 0.0734971165657043 0.0637413412332535 0.0575827062129974 0.0526231229305267 0.047663539648056 0.0427039563655853 0.0377443730831146 0.0327847898006439 0.0278252046555281 0.0238410979509354 0.0227834191173315 0.0217257402837276 0.0206680633127689 0.0196103844791651 0.0185527056455612 0.0174950268119574 0.0164373479783535 0.0193786844611168 0.0236530229449272 0.0279273632913828
0.201370596885681 0.204933628439903 0.208496645092964 0.210200920701027 0.206328928470612 0.202456936240196 0.198584944009781 0.194712951779366 0.19084095954895 0.186968967318535 0.18309697508812 0.176389008760452 0.168735697865486 0.161082401871681 0.153429105877876 0.145775809884071 0.138122513890266 0.130469217896461 0.122630655765533 0.114236302673817 0.105841957032681 0.0974476039409637 0.089053250849247 0.0806589052081108 0.072264552116394 0.0638702064752579 0.0585483498871326 0.0542506575584412 0.04995296895504 0.0456552803516388 0.0413575880229473 0.0370598994195461 0.0327622070908546 0.0292410738766193 0.0280496086925268 0.0268581435084343 0.0256666801869869 0.0244752150028944 0.0232837498188019 0.0220922846347094 0.0209008194506168 0.0236097667366266 0.0276188533753157 0.0316279381513596
0.191261529922485 0.193053647875786 0.194845765829086 0.195067644119263 0.190578773617744 0.186089903116226 0.181601032614708 0.17711216211319 0.172623291611671 0.168134421110153 0.163645550608635 0.157769769430161 0.151431694626808 0.145093619823456 0.138755530118942 0.13241745531559 0.126079380512238 0.119741298258305 0.113229505717754 0.106196582317352 0.0991636663675308 0.0921307429671288 0.0850978270173073 0.0780649110674858 0.0710319876670837 0.0639990717172623 0.0595139898359776 0.0558781959116459 0.0522423982620239 0.048606600612402 0.04497080296278 0.0413350090384483 0.0376992113888264 0.0346410498023033 0.0333158001303673 0.0319905467331409 0.0306652951985598 0.0293400436639786 0.0280147921293974 0.0266895405948162 0.025364289060235 0.0278408508747816 0.0315846838057041 0.0353285148739815
0.181152448058128 0.181173667311668 0.18119490146637 0.17993438243866 0.174828633666039 0.169722884893417 0.164617136120796 0.159511387348175 0.154405638575554 0.149299874901772 0.14419412612915 0.13915054500103 0.13412769138813 0.129104822874069 0.124081961810589 0.119059100747108 0.114036239683628 0.109013371169567 0.103828355669975 0.0981568694114685 0.0924853757023811 0.0868138894438744 0.0811424031853676 0.0754709094762802 0.0697994232177734 0.0641279369592667 0.0604796335101128 0.0575057305395603 0.0545318275690079 0.0515579245984554 0.048584021627903 0.0456101186573505 0.0426362156867981 0.0400410257279873 0.0385819897055626 0.0371229499578476 0.0356639139354229 0.0342048741877079 0.0327458381652832 0.0312867984175682 0.0298277605324984 0.0320719331502914 0.0355505123734474 0.0390290878713131
0.171043366193771 0.169293701648712 0.167544022202492 0.164801105856895 0.159078478813171 0.153355851769447 0.147633224725723 0.141910597681999 0.136187970638275 0.130465343594551 0.124742709100246 0.120531320571899 0.116823673248291 0.113116033375263 0.109408386051655 0.105700738728046 0.101993098855019 0.0982854515314102 0.0944272056221962 0.0901171490550041 0.085807092487812 0.0814970284700394 0.0771869719028473 0.0728769153356552 0.0685668587684631 0.0642568022012711 0.061445277184248 0.0591332651674747 0.0568212568759918 0.0545092485845089 0.0521972365677357 0.0498852282762527 0.0475732162594795 0.0454410016536713 0.0438481792807579 0.0422553531825542 0.0406625308096409 0.0390697047114372 0.0374768786132336 0.0358840562403202 0.0342912301421165 0.0363030172884464 0.0395163409411907 0.042729664593935
0.160934284329414 0.157413721084595 0.153893142938614 0.149667844176292 0.143328338861465 0.136988833546638 0.130649328231812 0.124309815466404 0.117970310151577 0.111630797386169 0.105291292071342 0.101912096142769 0.099519670009613 0.0971272364258766 0.0947348102927208 0.092342384159565 0.0899499580264091 0.0875575318932533 0.0850260555744171 0.0820774286985397 0.0791288018226624 0.076180174946785 0.0732315480709076 0.0702829211950302 0.0673342943191528 0.0643856674432755 0.0624109208583832 0.0607608035206795 0.0591106861829758 0.0574605688452721 0.0558104515075684 0.054160337895155 0.0525102205574512 0.0508409775793552 0.0491143688559532 0.0473877564072609 0.0456611476838589 0.0439345352351665 0.0422079227864742 0.0404813140630722 0.0387547016143799 0.0405341014266014 0.043482169508934 0.0464302375912666
0.157724231481552 0.153510510921478 0.149296790361404 0.144266724586487 0.136787578463554 0.129308447241783 0.121829308569431 0.114350169897079 0.106871031224728 0.0993918925523758 0.091912753880024 0.0888203904032707 0.0871902853250504 0.08556018024683 0.083930067718029 0.0822999626398087 0.0806698575615883 0.0790397524833679 0.0772728025913239 0.0750953257083893 0.0729178488254547 0.0707403719425201 0.0685628950595856 0.066385418176651 0.0642079412937164 0.0620304606854916 0.0607294663786888 0.0597206279635429 0.0587117932736874 0.0577029585838318 0.0566941201686859 0.0556852854788303 0.0546764470636845 0.0535771250724792 0.0522063337266445 0.0508355461061001 0.0494647547602654 0.0480939671397209 0.0467231757938862 0.0453523844480515 0.043981596827507 0.0455653965473175 0.048134058713913 0.0507027208805084
0.161413207650185 0.157584086060524 0.153754964470863 0.148597747087479 0.139456227421761 0.130314707756042 0.121173180639744 0.112031660974026 0.102890141308308 0.0937486216425896 0.0846071019768715 0.0812562108039856 0.0798355266451836 0.0784148424863815 0.0769941583275795 0.0755734741687775 0.0741527900099754 0.0727321058511734 0.0711674392223358 0.0691708326339722 0.0671742260456085 0.0651776194572449 0.0631810128688812 0.0611844062805176 0.0591877996921539 0.0571911931037903 0.0564009137451649 0.0560127459466457 0.0556245781481266 0.0552364103496075 0.054848238825798 0.0544600710272789 0.0540719032287598 0.0536494366824627 0.0531240776181221 0.0525987148284912 0.0520733557641506 0.05154799669981 0.0510226339101791 0.0504972748458385 0.049971915781498 0.0513969026505947 0.0534720048308372 0.0555471070110798
0.165102168917656 0.161657646298409 0.158213123679161 0.152928754687309 0.142124861478806 0.131320953369141 0.120517052710056 0.109713152050972 0.0989092513918877 0.0881053507328033 0.077301450073719 0.0736920312047005 0.0724807679653168 0.0712695047259331 0.0700582414865494 0.0688469782471657 0.0676357224583626 0.0664244592189789 0.0650620758533478 0.063246339559555 0.0614306032657623 0.0596148669719696 0.0577991306781769 0.0559833943843842 0.0541676580905914 0.0523519217967987 0.0520723648369312 0.0523048639297485 0.0525373630225658 0.0527698621153831 0.0530023612082005 0.0532348603010178 0.0534673593938351 0.0537217520177364 0.0540418177843094 0.0543618872761726 0.0546819567680359 0.0550020262598991 0.0553220957517624 0.0556421615183353 0.0559622310101986 0.0572284087538719 0.0588099509477615 0.0603914968669415
0.168791145086288 0.165731221437454 0.16267129778862 0.157259777188301 0.144793495535851 0.1323272138834 0.119860932230949 0.107394650578499 0.0949283689260483 0.0824620798230171 0.0699957981705666 0.0661278516054153 0.06512600928545 0.0641241744160652 0.0631223320960999 0.0621204897761345 0.0611186511814594 0.0601168125867844 0.05895671620965 0.0573218502104282 0.0556869842112064 0.0540521182119846 0.0524172522127628 0.050782386213541 0.0491475202143192 0.0475126542150974 0.0477438122034073 0.048596978187561 0.0494501478970051 0.0503033138811588 0.0511564798653126 0.0520096458494663 0.0528628155589104 0.0537940636277199 0.054959561675787 0.0561250597238541 0.0572905577719212 0.0584560558199883 0.0596215538680553 0.0607870519161224 0.0619525499641895 0.0630599111318588 0.0641478970646858 0.0652358829975128
0.172480121254921 0.169804781675339 0.167129456996918 0.161590799689293 0.147462129592896 0.133333474397659 0.119204804301262 0.105076141655445 0.0909474790096283 0.0768188163638115 0.0626901537179947 0.0585636720061302 0.0577712543308735 0.0569788366556168 0.05618641898036 0.0553940013051033 0.0546015836298466 0.0538091659545898 0.052851352840662 0.0513973571360111 0.0499433614313602 0.0484893657267094 0.0470353700220585 0.0455813743174076 0.0441273786127567 0.0426733829081059 0.0434152595698833 0.0448890961706638 0.046362929046154 0.0478367656469345 0.0493105985224247 0.0507844351232052 0.0522582679986954 0.0538663789629936 0.0558773055672646 0.0578882321715355 0.0598991587758064 0.0619100853800774 0.0639210119843483 0.0659319385886192 0.0679428651928902 0.0688914209604263 0.0694858431816101 0.0700802728533745
0.176169097423553 0.173878356814384 0.171587616205215 0.165921807289124 0.15013076364994 0.134339720010757 0.118548676371574 0.102757632732391 0.0869665890932083 0.0711755454540253 0.0553844980895519 0.0509994924068451 0.0504164956510067 0.0498335026204586 0.0492505058646202 0.0486675091087818 0.0480845160782337 0.0475015193223953 0.0467459931969643 0.0454728677868843 0.0441997423768044 0.0429266169667244 0.0416534915566444 0.0403803661465645 0.0391072407364845 0.0378341153264046 0.0390867106616497 0.0411812141537666 0.0432757139205933 0.0453702174127102 0.0474647209048271 0.0495592206716537 0.0516537241637707 0.0539386905729771 0.0567950457334518 0.0596514046192169 0.062507763504982 0.0653641149401665 0.0682204738259315 0.0710768327116966 0.0739331841468811 0.0747229233384132 0.0748237892985344 0.0749246627092361
0.185022115707397 0.182628661394119 0.18023519217968 0.1741833537817 0.157156348228455 0.140129342675209 0.123102344572544 0.106075346469879 0.0890483409166336 0.0720213353633881 0.0549943372607231 0.0499423667788506 0.048882070928812 0.0478217788040638 0.0467614829540253 0.045701190829277 0.0446408949792385 0.0435806028544903 0.0427375361323357 0.0425461567938328 0.0423547774553299 0.042163398116827 0.0419720150530338 0.0417806357145309 0.0415892563760281 0.0413978733122349 0.0424231365323067 0.0438539497554302 0.0452847592532635 0.0467155687510967 0.04814637824893 0.0495771914720535 0.0510080009698868 0.0529827885329723 0.0565895177423954 0.0601962432265282 0.0638029724359512 0.0674096941947937 0.0710164234042168 0.0746231526136398 0.0782298743724823 0.0788570642471313 0.0784910693764687 0.078125074505806
0.199039191007614 0.196055680513382 0.193072184920311 0.186375424265862 0.168538883328438 0.150702342391014 0.132865816354752 0.115029275417328 0.0971927344799042 0.0793562009930611 0.0615196600556374 0.0553922913968563 0.0531679801642895 0.0509436652064323 0.0487193539738655 0.0464950390160084 0.0442707277834415 0.0420464128255844 0.0408259890973568 0.0426172278821468 0.0444084666669369 0.0461997091770172 0.0479909479618073 0.0497821867465973 0.0515734255313873 0.0533646643161774 0.0534245446324348 0.0529073029756546 0.0523900613188744 0.0518728196620941 0.0513555817306042 0.0508383400738239 0.0503210984170437 0.0509986765682697 0.0552607141435146 0.0595227517187595 0.0637847855687141 0.068046823143959 0.072308860719204 0.0765708982944489 0.0808329358696938 0.0812938287854195 0.0804876685142517 0.079681508243084
