data/working_set_collections/6091692-Cassins_Sparrow-M2/2015/frwlt_avg.asc
NCOLS 265 
NROWS 230 
XLLCORNER -115.5625 
YLLCORNER 24.8333333333333 
CELLSIZE 0.0833333333333333 
NODATA_value -9999 
[rows 40 to 59 of 230, columns 132 to 175 of 265]
0.305010199546814 0.273949384689331 0.249973431229591 0.247252091765404 0.244530752301216 0.241809412837029 0.239088073372841 0.236366748809814 0.233645409345627 0.230924069881439 0.221850335597992 0.210659146308899 0.199467942118645 0.188276752829552 0.177085563540459 0.165894359350204 0.154703170061111 0.150251820683479 0.166020035743713 0.181788235902786 0.19755645096302 0.213324651122093 0.229092866182327 0.244861081242561 0.260629296302795 0.262984454631805 0.260868579149246 0.258752733469009 0.25663685798645 0.254521012306213 0.252405136823654 0.250289291143417 0.246317014098167 0.236775457859039 0.227233916521072 0.217692375183105 0.208150833845139 0.19860927760601 0.189067736268044 0.179526194930077 0.167047083377838 0.153588771820068 0.14013047516346 0.12667216360569
0.309350490570068 0.272826075553894 0.245109394192696 0.243815898895264 0.242522418498993 0.241228923201561 0.23993544280529 0.238641962409019 0.237348467111588 0.236054986715317 0.225985541939735 0.212990760803223 0.199995994567871 0.18700122833252 0.174006462097168 0.161011695861816 0.148016929626465 0.143896892666817 0.16640105843544 0.188905224204063 0.211409404873848 0.233913570642471 0.256417721509933 0.278921902179718 0.30142605304718 0.301470041275024 0.294027328491211 0.286584585905075 0.279141843318939 0.271699100732803 0.26425638794899 0.256813645362854 0.249249562621117 0.241321489214897 0.233393415808678 0.225465327501297 0.217537254095078 0.209609180688858 0.201681092381477 0.193753018975258 0.181272059679031 0.167273476719856 0.153274893760681 0.139276310801506
0.327358335256577 0.290233105421066 0.261934340000153 0.260115087032318 0.258295863866806 0.256476610898972 0.254657357931137 0.252838134765625 0.251018881797791 0.249199628829956 0.239547029137611 0.227283298969269 0.215019568800926 0.202755853533745 0.190492123365402 0.17822839319706 0.165964677929878 0.161879420280457 0.182329624891281 0.202779814600945 0.223230004310608 0.243680194020271 0.264130383729935 0.284580588340759 0.305030792951584 0.303710490465164 0.295133352279663 0.286556243896484 0.277979105710983 0.269401997327805 0.260824859142303 0.252247750759125 0.244231551885605 0.237898111343384 0.231564670801163 0.225231230258942 0.218897789716721 0.2125643491745 0.206230908632278 0.199897468090057 0.18781541287899 0.173817157745361 0.159818902611732 0.145820632576942
0.359033763408661 0.326170444488525 0.300448298454285 0.296149671077728 0.291851073503494 0.28755247592926 0.283253848552704 0.27895525097847 0.274656623601913 0.270358026027679 0.262534826993942 0.253536760807037 0.244538679718971 0.235540598630905 0.226542532444 0.217544451355934 0.208546385169029 0.204199403524399 0.213805690407753 0.223411977291107 0.233018279075623 0.242624565958977 0.252230852842331 0.261837154626846 0.271443426609039 0.26970574259758 0.264186710119247 0.258667707443237 0.253148674964905 0.247629657387733 0.242110639810562 0.236591622233391 0.23126295208931 0.226505324244499 0.221747696399689 0.216990068554878 0.212232440710068 0.207474812865257 0.202717185020447 0.197959557175636 0.186677142977715 0.173219799995422 0.159762471914291 0.146305128931999
0.390709161758423 0.362107783555984 0.338962227106094 0.332184255123138 0.325406283140182 0.318628311157227 0.311850339174271 0.305072367191315 0.298294395208359 0.291516423225403 0.285522609949112 0.279790192842484 0.274057775735855 0.268325358629227 0.262592941522598 0.25686052441597 0.251128107309341 0.246519386768341 0.245281770825386 0.244044154882431 0.242806538939476 0.241568922996521 0.240331307053566 0.239093691110611 0.237856090068817 0.235700994729996 0.233240082859993 0.230779156088829 0.228318244218826 0.225857332348824 0.22339640557766 0.220935493707657 0.218294352293015 0.215112537145615 0.211930721998215 0.208748906850815 0.205567091703415 0.202385261654854 0.199203446507454 0.196021631360054 0.185538873076439 0.172622457146645 0.15970604121685 0.146789625287056
0.422384589910507 0.398045122623444 0.377476185560226 0.368218839168549 0.358961492776871 0.349704176187515 0.340446829795837 0.33118948340416 0.321932137012482 0.312674820423126 0.308510392904282 0.30604362487793 0.3035768866539 0.301110118627548 0.298643350601196 0.296176582574844 0.293709814548492 0.288839370012283 0.276757836341858 0.264676332473755 0.252594798803329 0.240513294935226 0.228431776165962 0.216350257396698 0.204268738627434 0.201696246862411 0.202293440699577 0.202890619635582 0.203487813472748 0.204084992408752 0.204682186245918 0.205279365181923 0.205325752496719 0.20371975004673 0.202113747596741 0.200507745146751 0.198901727795601 0.197295725345612 0.195689722895622 0.194083705544472 0.184400588274002 0.172025099396706 0.159649610519409 0.147274121642113
0.454059988260269 0.433982461690903 0.415990114212036 0.404253423213959 0.392516732215881 0.380780011415482 0.369043320417404 0.357306599617004 0.345569908618927 0.333833187818527 0.331498205661774 0.332297086715698 0.333095967769623 0.333894848823547 0.334693759679794 0.335492640733719 0.336291521787643 0.331159353256226 0.308233916759491 0.285308510065079 0.262383073568344 0.239457651972771 0.216532230377197 0.193606808781624 0.17068138718605 0.167691498994827 0.171346798539162 0.175002083182335 0.178657367825508 0.182312667369843 0.185967952013016 0.189623236656189 0.192357167601585 0.192326962947845 0.192296773195267 0.192266568541527 0.192236378788948 0.192206174135208 0.192175984382629 0.192145794630051 0.183262318372726 0.171427741646767 0.159593179821968 0.14775861799717
0.485735416412354 0.469919800758362 0.454504072666168 0.440288007259369 0.42607194185257 0.41185587644577 0.397639811038971 0.383423745632172 0.36920765042305 0.354991585016251 0.354485988616943 0.358550518751144 0.362615078687668 0.366679608821869 0.370744168758392 0.374808698892593 0.378873229026794 0.373479306697845 0.339709997177124 0.30594065785408 0.272171348333359 0.238402023911476 0.204632684588432 0.17086336016655 0.137094035744667 0.133686751127243 0.140400156378746 0.147113546729088 0.15382693707943 0.160540327429771 0.167253717780113 0.173967123031616 0.17938856780529 0.180934175848961 0.182479798793793 0.184025406837463 0.185571029782295 0.187116637825966 0.188662245869637 0.190207868814468 0.18212403357029 0.170830398797989 0.159536749124527 0.148243114352226
0.487674862146378 0.473386853933334 0.4594686627388 0.446659803390503 0.433850944042206 0.421042084693909 0.408233225345612 0.395424365997314 0.382615506649017 0.36980664730072 0.370934009552002 0.376706808805466 0.382479578256607 0.388252347707748 0.394025146961212 0.399797916412354 0.405570685863495 0.400579780340195 0.363297820091248 0.326015830039978 0.288733869791031 0.251451879739761 0.214169904589653 0.176887929439545 0.139605969190598 0.135070994496346 0.141451686620712 0.14783239364624 0.154213085770607 0.160593792796135 0.166974484920502 0.17335519194603 0.178451970219612 0.179696977138519 0.180941998958588 0.182187005877495 0.183432027697563 0.184677049517632 0.185922056436539 0.187167078256607 0.179436311125755 0.168713614344597 0.157990917563438 0.14726822078228
0.459878325462341 0.444383651018143 0.430883884429932 0.423368811607361 0.41585373878479 0.408338665962219 0.400823593139648 0.393308520317078 0.385793447494507 0.378278374671936 0.380842298269272 0.386765897274017 0.392689496278763 0.398613095283508 0.404536694288254 0.410460293292999 0.416383892297745 0.412460744380951 0.378997355699539 0.34553399682045 0.31207063794136 0.278607249259949 0.245143890380859 0.211680516600609 0.178217157721519 0.171844214200974 0.174501419067383 0.177158623933792 0.179815828800201 0.182473048567772 0.185130253434181 0.18778745830059 0.18954735994339 0.188615366816521 0.187683373689651 0.186751380562782 0.185819387435913 0.184887394309044 0.183955401182175 0.183023408055305 0.175199121236801 0.165077388286591 0.15495565533638 0.144833937287331
0.432081788778305 0.415380448102951 0.402299106121063 0.400077819824219 0.397856533527374 0.395635217428207 0.393413931131363 0.391192644834518 0.388971358537674 0.386750072240829 0.390750557184219 0.396824985742569 0.402899384498596 0.408973813056946 0.415048241615295 0.421122640371323 0.427197068929672 0.424341678619385 0.394696921110153 0.365052163600922 0.33540740609169 0.305762618780136 0.276117861270905 0.246473103761673 0.216828346252441 0.208617433905602 0.207551151514053 0.206484869122505 0.205418586730957 0.204352289438248 0.2032860070467 0.202219724655151 0.200642764568329 0.197533756494522 0.194424763321877 0.19131575524807 0.188206762075424 0.185097754001617 0.181988760828972 0.178879752755165 0.170961931347847 0.161441177129745 0.151920408010483 0.142399653792381
0.404285252094269 0.386377215385437 0.373714327812195 0.376786828041077 0.379859298467636 0.382931798696518 0.3860042989254 0.389076799154282 0.392149299383163 0.395221799612045 0.400658845901489 0.406884074211121 0.413109302520752 0.419334530830383 0.425559788942337 0.431785017251968 0.4380102455616 0.436222642660141 0.410396486520767 0.384570330381393 0.35874417424202 0.332918018102646 0.30709183216095 0.281265676021576 0.255439519882202 0.24539065361023 0.240600883960724 0.235811099410057 0.231021329760551 0.226231545209885 0.221441775560379 0.216651991009712 0.211738154292107 0.206452146172523 0.20116613805294 0.195880129933357 0.190594121813774 0.185308113694191 0.180022105574608 0.174736097455025 0.166724741458893 0.157804951071739 0.148885160684586 0.139965370297432
0.376488745212555 0.357374012470245 0.345129549503326 0.353495806455612 0.36186209321022 0.370228379964828 0.378594666719437 0.386960953474045 0.395327210426331 0.403693497180939 0.410567104816437 0.416943162679672 0.423319220542908 0.429695278406143 0.436071336269379 0.442447394132614 0.44882345199585 0.448103606700897 0.426096051931381 0.404088497161865 0.382080942392349 0.360073387622833 0.338065832853317 0.316058278083801 0.294050723314285 0.282163888216019 0.273650616407394 0.26513734459877 0.256624072790146 0.248110800981522 0.239597529172897 0.231084257364273 0.222833558917046 0.215370535850525 0.207907527685165 0.200444504618645 0.192981481552124 0.185518473386765 0.178055450320244 0.170592427253723 0.1624875664711 0.154168739914894 0.145849913358688 0.137531086802483
0.348692208528519 0.328370809555054 0.316544771194458 0.33020481467247 0.343864887952805 0.357524961233139 0.371185004711151 0.384845077991486 0.39850515127182 0.412165224552155 0.420475393533707 0.427002251148224 0.433529138565063 0.440055996179581 0.44658288359642 0.453109741210938 0.459636628627777 0.459984540939331 0.441795587539673 0.423606634140015 0.405417710542679 0.387228757143021 0.369039803743362 0.350850850343704 0.332661896944046 0.318937093019485 0.306700348854065 0.294463574886322 0.282226800918579 0.269990056753159 0.257753282785416 0.245516538619995 0.233928948640823 0.224288925528526 0.214648902416229 0.205008879303932 0.195368856191635 0.185728818178177 0.17608879506588 0.166448771953583 0.158250376582146 0.150532513856888 0.14281465113163 0.135096803307533
0.349990159273148 0.330830544233322 0.320219486951828 0.335254043340683 0.350288569927216 0.365323126316071 0.380357682704926 0.395392209291458 0.410426765680313 0.425461322069168 0.434051126241684 0.440492659807205 0.446934223175049 0.453375786542892 0.459817320108414 0.466258883476257 0.472700417041779 0.473426729440689 0.457007259130478 0.440587818622589 0.424168348312378 0.407748878002167 0.391329437494278 0.374909967184067 0.358490496873856 0.343813300132751 0.329716861248016 0.315620392560959 0.301523953676224 0.287427484989166 0.273331046104431 0.259234607219696 0.245899364352226 0.234847828745842 0.223796278238297 0.212744727730751 0.201693192124367 0.190641641616821 0.179590091109276 0.168538555502892 0.159927800297737 0.152130663394928 0.144333511590958 0.136536374688148
0.380382597446442 0.364753276109695 0.356153696775436 0.368643432855606 0.381133168935776 0.393622905015945 0.406112611293793 0.418602347373962 0.431092083454132 0.443581819534302 0.451294302940369 0.457414388656616 0.463534474372864 0.469654589891434 0.475774675607681 0.481894761323929 0.488014847040176 0.488430142402649 0.471731066703796 0.455031961202621 0.438332885503769 0.421633780002594 0.404934674501419 0.388235598802567 0.371536493301392 0.356792479753494 0.342700153589249 0.328607797622681 0.314515471458435 0.300423115491867 0.286330789327621 0.272238433361053 0.258744806051254 0.24704721570015 0.235349640250206 0.223652064800262 0.211954489350319 0.200256913900375 0.188559338450432 0.176861763000488 0.167519852519035 0.158963158726692 0.15040647983551 0.141849786043167
0.410775035619736 0.398675978183746 0.392087936401367 0.402032852172852 0.411977767944336 0.421922653913498 0.431867569684982 0.441812485456467 0.451757401227951 0.461702287197113 0.468537509441376 0.474336117506027 0.480134755373001 0.485933393239975 0.491732001304626 0.4975306391716 0.503329277038574 0.503433585166931 0.486454844474792 0.469476103782654 0.452497392892838 0.435518682003021 0.418539941310883 0.401561230421066 0.38458251953125 0.369771659374237 0.355683445930481 0.341595202684402 0.327506989240646 0.313418745994568 0.299330532550812 0.285242289304733 0.271590232849121 0.259246617555618 0.246903017163277 0.234559401869774 0.222215801477432 0.209872201085091 0.197528585791588 0.185184985399246 0.175111904740334 0.165795668959618 0.156479433178902 0.147163212299347
0.44116747379303 0.43259871006012 0.428022146224976 0.435422241687775 0.442822337150574 0.450222432613373 0.457622528076172 0.465022623538971 0.472422689199448 0.479822784662247 0.48578068614006 0.491257846355438 0.496735036373138 0.502212166786194 0.507689356803894 0.513166546821594 0.51864367723465 0.518436968326569 0.501178622245789 0.483920276165009 0.466661930084229 0.449403554201126 0.432145208120346 0.414886862039566 0.397628515958786 0.38275083899498 0.368666708469391 0.354582607746124 0.340498507022858 0.326414376497269 0.312330275774002 0.298246145248413 0.284435659646988 0.271446019411087 0.258456379175186 0.245466753840446 0.232477113604546 0.219487473368645 0.206497833132744 0.193508192896843 0.182703956961632 0.172628179192543 0.162552401423454 0.152476623654366
0.471559911966324 0.466521441936493 0.463956385850906 0.46881166100502 0.473666936159134 0.478522211313248 0.483377456665039 0.488232731819153 0.493088006973267 0.49794328212738 0.503023862838745 0.508179605007172 0.513335287570953 0.518490970134735 0.523646712303162 0.528802394866943 0.53395813703537 0.533440411090851 0.515902400016785 0.498364418745041 0.480826437473297 0.463288456201553 0.44575047492981 0.428212493658066 0.410674512386322 0.395730018615723 0.381650000810623 0.367570012807846 0.353490024805069 0.33941000699997 0.325330018997192 0.311250001192093 0.297281086444855 0.283645421266556 0.270009756088257 0.256374090909958 0.242738425731659 0.229102745652199 0.2154670804739 0.201831415295601 0.19029600918293 0.179460689425468 0.168625369668007 0.157790049910545
0.501952350139618 0.500444173812866 0.499890595674515 0.502201080322266 0.504511535167694 0.506821990013123 0.509132444858551 0.51144289970398 0.513753294944763 0.516063749790192 0.520267069339752 0.52510130405426 0.529935538768768 0.534769773483276 0.539604067802429 0.544438302516937 0.549272537231445 0.548443794250488 0.530626177787781 0.512808561325073 0.494990974664688 0.477173358201981 0.459355741739273 0.441538125276566 0.423720508813858 0.408709198236465 0.394633293151855 0.380557417869568 0.36648154258728 0.35240563750267 0.338329762220383 0.324253857135773 0.310126513242722 0.295844823122025 0.281563133001328 0.267281413078308 0.252999722957611 0.238718032836914 0.224436327815056 0.210154637694359 0.197888061404228 0.186293199658394 0.174698323011398 0.163103461265564
