data/working_set_collections/6091692-Cassins_Sparrow-M2/2015/frwlt_avg.asc
NCOLS 265 
NROWS 230 
XLLCORNER -115.5625 
YLLCORNER 24.8333333333333 
CELLSIZE 0.0833333333333333 
NODATA_value -9999 
[rows 40 to 59 of 230, columns 44 to 87 of 265]
0.399417668581009 0.398782551288605 0.398147404193878 0.397512286901474 0.396877139806747 0.396241992712021 0.395606875419617 0.39497172832489 0.394029706716537 0.39298540353775 0.391941070556641 0.390896767377853 0.389852434396744 0.388808101415634 0.387763798236847 0.397489488124847 0.439525187015533 0.48156088590622 0.523596584796906 0.565632283687592 0.607667982578278 0.649703681468964 0.69173938035965 0.714242696762085 0.73023521900177 0.746227741241455 0.76222026348114 0.778212785720825 0.79420530796051 0.810197830200195 0.820518851280212 0.813825309276581 0.807131767272949 0.800438225269318 0.793744623661041 0.78705108165741 0.780357539653778 0.773663997650146 0.747203528881073 0.714154064655304 0.681104600429535 0.648055136203766 0.615005671977997 0.581956207752228
0.394203156232834 0.394461393356323 0.394719630479813 0.394977867603302 0.395236104726791 0.395494341850281 0.395752608776093 0.396010845899582 0.396508574485779 0.397086173295975 0.397663772106171 0.398241370916367 0.39881893992424 0.399396538734436 0.399974137544632 0.410891622304916 0.452828854322433 0.494766086339951 0.53670334815979 0.578640580177307 0.620577812194824 0.662515044212341 0.704452276229858 0.725882172584534 0.740476369857788 0.755070507526398 0.769664704799652 0.784258842468262 0.798853039741516 0.813447177410126 0.822576582431793 0.81531172990799 0.808046877384186 0.800782024860382 0.793517172336578 0.78625226020813 0.778987407684326 0.771722555160522 0.743361830711365 0.707969188690186 0.672576546669006 0.637183845043182 0.601791203022003 0.566398501396179
0.401942104101181 0.402954488992691 0.403966873884201 0.404979288578033 0.405991673469543 0.407004058361053 0.408016443252563 0.409028828144073 0.411177009344101 0.413703769445419 0.41623055934906 0.418757349252701 0.421284109354019 0.42381089925766 0.426337689161301 0.438133150339127 0.477734714746475 0.517336249351501 0.55693781375885 0.596539378166199 0.636140942573547 0.675742506980896 0.7153440117836 0.734940409660339 0.747868418693542 0.760796427726746 0.773724377155304 0.786652386188507 0.79958039522171 0.812508404254913 0.820140302181244 0.811883866786957 0.80362743139267 0.795371055603027 0.78711462020874 0.778858184814453 0.770601809024811 0.762345373630524 0.733114540576935 0.696892201900482 0.660669922828674 0.624447584152222 0.588225245475769 0.552002906799316
0.42263451218605 0.424261838197708 0.425889134407043 0.427516460418701 0.429143786430359 0.430771082639694 0.432398408651352 0.434025704860687 0.438034981489182 0.442838221788406 0.447641462087631 0.452444702386856 0.457247942686081 0.462051182985306 0.466854423284531 0.479214042425156 0.514242708683014 0.54927134513855 0.58430004119873 0.619328737258911 0.654357373714447 0.689386069774628 0.724414706230164 0.741417407989502 0.752411425113678 0.763405382633209 0.774399399757385 0.785393416881561 0.796387434005737 0.807381451129913 0.813209891319275 0.803541719913483 0.793873488903046 0.784205317497253 0.774537086486816 0.764868855476379 0.755200684070587 0.74553245306015 0.716461598873138 0.680923163890839 0.645384728908539 0.609846293926239 0.574307858943939 0.538769423961639
0.44332692027092 0.445569157600403 0.447811394929886 0.450053632259369 0.452295869588852 0.454538136720657 0.45678037405014 0.459022611379623 0.464892953634262 0.471972644329071 0.479052364826202 0.486132085323334 0.493211776018143 0.500291466712952 0.507371187210083 0.520294904708862 0.550750732421875 0.581206500530243 0.611662268638611 0.642118036746979 0.672573804855347 0.703029632568359 0.733485400676727 0.74789434671402 0.756954371929169 0.766014397144318 0.775074422359467 0.784134447574615 0.793194472789764 0.802254498004913 0.806279540061951 0.795199513435364 0.784119546413422 0.773039519786835 0.761959552764893 0.750879526138306 0.739799559116364 0.728719532489777 0.699808657169342 0.66495406627655 0.630099534988403 0.595245003700256 0.560390472412109 0.525535941123962
0.464019328355789 0.46687650680542 0.469733655452728 0.472590833902359 0.475447982549667 0.478305160999298 0.481162339448929 0.484019488096237 0.491750925779343 0.501107096672058 0.510463237762451 0.519819438457489 0.529175639152527 0.53853178024292 0.547887980937958 0.561375796794891 0.587258696556091 0.613141596317291 0.639024496078491 0.664907395839691 0.690790295600891 0.716673195362091 0.742556095123291 0.754371345043182 0.761497378349304 0.768623411655426 0.775749444961548 0.78287547826767 0.790001571178436 0.797127604484558 0.799349188804626 0.78685736656189 0.774365603923798 0.761873781681061 0.749382019042969 0.736890196800232 0.72439843416214 0.711906611919403 0.683155655860901 0.648985028266907 0.614814400672913 0.580643713474274 0.54647308588028 0.512302398681641
0.484711736440659 0.488183826208115 0.491655915975571 0.495128005743027 0.498600095510483 0.502072215080261 0.505544304847717 0.509016394615173 0.518608868122101 0.530241549015045 0.541874170303345 0.553506791591644 0.565139412879944 0.576772093772888 0.588404715061188 0.60245668888092 0.623766720294952 0.64507669210434 0.666386723518372 0.687696754932404 0.709006726741791 0.730316758155823 0.75162672996521 0.7608482837677 0.76604038476944 0.771232426166534 0.776424467563629 0.781616508960724 0.786808609962463 0.792000651359558 0.792418777942657 0.778515219688416 0.764611601829529 0.750708043575287 0.736804485321045 0.722900867462158 0.708997309207916 0.69509369134903 0.666502714157104 0.633015990257263 0.599529206752777 0.566042423248291 0.53255569934845 0.499068915843964
0.505404114723206 0.509491145610809 0.513578176498413 0.517665207386017 0.521752238273621 0.52583920955658 0.529926240444183 0.534013271331787 0.545466840267181 0.559375941753387 0.573285043239594 0.5871941447258 0.601103246212006 0.615012347698212 0.628921449184418 0.64353758096695 0.660274684429169 0.677011847496033 0.693748950958252 0.710486054420471 0.727223217487335 0.743960320949554 0.760697424411774 0.767325282096863 0.77058333158493 0.773841440677643 0.77709949016571 0.780357539653778 0.78361564874649 0.786873698234558 0.785488426685333 0.770173072814941 0.754857659339905 0.739542305469513 0.724226891994476 0.708911538124084 0.693596184253693 0.678280770778656 0.649849772453308 0.617046892642975 0.584244012832642 0.551441133022308 0.51863831281662 0.485835403203964
0.528810024261475 0.532713949680328 0.536617815494537 0.540521740913391 0.544425666332245 0.548329532146454 0.552233457565308 0.556137382984161 0.568585395812988 0.583881556987762 0.599177658557892 0.614473760128021 0.629769861698151 0.645066022872925 0.660362124443054 0.675093472003937 0.688130497932434 0.701167583465576 0.714204609394073 0.727241694927216 0.740278720855713 0.753315806388855 0.766352832317352 0.771109282970428 0.773105502128601 0.775101721286774 0.777097940444946 0.779094159603119 0.781090378761292 0.783086597919464 0.780650734901428 0.764918506145477 0.749186217784882 0.733453989028931 0.71772176027298 0.701989531517029 0.686257302761078 0.670525074005127 0.642097353935242 0.609437823295593 0.576778292655945 0.544118702411652 0.511459171772003 0.478799641132355
0.554929375648499 0.557852149009705 0.560774862766266 0.563697636127472 0.566620409488678 0.569543123245239 0.572465896606445 0.575388610363007 0.587964534759521 0.603758215904236 0.61955189704895 0.635345578193665 0.651139259338379 0.666932940483093 0.682726621627808 0.697124302387238 0.707334160804749 0.717543959617615 0.727753758430481 0.737963557243347 0.748173415660858 0.758383214473724 0.768593013286591 0.772200345993042 0.773606836795807 0.775013327598572 0.776419818401337 0.777826309204102 0.779232859611511 0.780639350414276 0.777905642986298 0.762751519680023 0.747597336769104 0.73244321346283 0.71728903055191 0.702134847640991 0.686980724334717 0.671826541423798 0.643245458602905 0.610188663005829 0.577131927013397 0.544075131416321 0.511018395423889 0.477961599826813
0.581048786640167 0.582990348339081 0.584931969642639 0.586873531341553 0.588815093040466 0.590756714344025 0.592698276042938 0.594639897346497 0.6073437333107 0.623634934425354 0.639926195144653 0.656217396259308 0.672508656978607 0.688799858093262 0.705091118812561 0.719155192375183 0.726537764072418 0.733920335769653 0.741302907466888 0.748685479164124 0.756068050861359 0.763450622558594 0.770833194255829 0.773291409015656 0.774108171463013 0.77492493391037 0.775741755962372 0.776558518409729 0.777375280857086 0.778192043304443 0.775160610675812 0.760584533214569 0.746008455753326 0.731432378292084 0.716856300830841 0.702280223369598 0.687704145908356 0.673128068447113 0.644393503665924 0.610939502716064 0.57748556137085 0.54403156042099 0.51057755947113 0.477123558521271
0.607168138027191 0.608128547668457 0.609089016914368 0.610049426555634 0.611009836196899 0.61197030544281 0.612930715084076 0.613891124725342 0.626722872257233 0.643511652946472 0.660300433635712 0.677089214324951 0.693878054618835 0.710666835308075 0.727455615997314 0.741186022758484 0.745741367340088 0.750296711921692 0.754852056503296 0.759407341480255 0.763962686061859 0.768518030643463 0.773073375225067 0.774382472038269 0.774609506130219 0.774836599826813 0.775063633918762 0.775290668010712 0.775517702102661 0.775744795799255 0.772415578365326 0.758417546749115 0.744419574737549 0.730421543121338 0.716423511505127 0.702425539493561 0.68842750787735 0.674429535865784 0.645541608333588 0.611690402030945 0.577839195728302 0.543987929821014 0.510136723518372 0.476285517215729
0.63328754901886 0.633266806602478 0.633246064186096 0.633225321769714 0.633204579353333 0.633183896541595 0.633163154125214 0.633142411708832 0.646102011203766 0.66338837146759 0.68067467212677 0.697961032390594 0.715247392654419 0.732533752918243 0.749820113182068 0.76321691274643 0.764944970607758 0.76667308807373 0.768401145935059 0.770129263401031 0.771857380867004 0.773585438728333 0.775313556194305 0.775473535060883 0.775110900402069 0.774748206138611 0.774385511875153 0.774022817611694 0.773660182952881 0.773297488689423 0.769670486450195 0.756250560283661 0.742830634117126 0.729410707950592 0.715990781784058 0.702570855617523 0.689150929450989 0.675731003284454 0.646689713001251 0.61244124174118 0.578192830085754 0.543944358825684 0.509695947170258 0.475447475910187
0.659406900405884 0.658405005931854 0.657403111457825 0.656401216983795 0.655399322509766 0.654397428035736 0.653395533561707 0.652393698692322 0.665481150150299 0.683265030384064 0.701048970222473 0.718832850456238 0.736616790294647 0.754400730133057 0.772184610366821 0.78524774312973 0.784148633480072 0.783049464225769 0.781950294971466 0.780851185321808 0.779752016067505 0.778652846813202 0.777553677558899 0.776564598083496 0.775612235069275 0.774659812450409 0.773707389831543 0.772755026817322 0.771802604198456 0.77085018157959 0.76692545413971 0.754083573818207 0.741241753101349 0.728399872779846 0.715558052062988 0.70271623134613 0.689874351024628 0.67703253030777 0.647837817668915 0.613192141056061 0.578546464443207 0.543900787830353 0.509255111217499 0.474609434604645
0.66801905632019 0.667632758617401 0.667246401309967 0.666860103607178 0.666473805904388 0.666087508201599 0.66570121049881 0.66531491279602 0.678772628307343 0.69684511423111 0.714917540550232 0.732989966869354 0.751062393188477 0.769134819507599 0.787207245826721 0.800236821174622 0.798137724399567 0.796038687229156 0.793939590454102 0.791840493679047 0.789741456508636 0.787642359733582 0.785543322563171 0.783829092979431 0.782243251800537 0.780657351016998 0.77907145023346 0.777485549449921 0.775899648666382 0.774313747882843 0.769907355308533 0.757039368152618 0.744171380996704 0.73130339384079 0.718435406684875 0.705567419528961 0.692699432373047 0.679831445217133 0.651035964488983 0.616931259632111 0.582826614379883 0.548721969127655 0.514617323875427 0.480512648820877
0.659123957157135 0.660949945449829 0.662775993347168 0.664601981639862 0.666428029537201 0.66825407743454 0.670080065727234 0.671906113624573 0.685976564884186 0.704128444194794 0.722280383110046 0.740432262420654 0.758584201335907 0.77673614025116 0.794888019561768 0.808184027671814 0.806912362575531 0.805640697479248 0.804369032382965 0.803097367286682 0.801825702190399 0.800553977489471 0.799282312393188 0.797267079353333 0.795003890991211 0.792740762233734 0.790477633476257 0.788214445114136 0.785951316356659 0.783688187599182 0.77861624956131 0.765117883682251 0.751619517803192 0.738121211528778 0.724622845649719 0.71112447977066 0.697626173496246 0.684127807617188 0.656284153461456 0.623658716678619 0.591033339500427 0.55840790271759 0.525782465934753 0.493157058954239
0.65022885799408 0.654267191886902 0.658305525779724 0.662343919277191 0.666382253170013 0.670420587062836 0.674458980560303 0.678497314453125 0.693180441856384 0.711411833763123 0.729643225669861 0.747874617576599 0.766106009483337 0.784337401390076 0.802568793296814 0.816131293773651 0.815687000751495 0.81524270772934 0.814798474311829 0.814354181289673 0.813909888267517 0.813465654850006 0.81302136182785 0.810705006122589 0.80776458978653 0.80482417345047 0.80188375711441 0.798943400382996 0.796002984046936 0.793062567710876 0.787325084209442 0.773196399211884 0.759067714214325 0.744938969612122 0.730810284614563 0.716681599617004 0.702552855014801 0.688424170017242 0.66153234243393 0.630386173725128 0.599240005016327 0.568093836307526 0.536947667598724 0.505801498889923
0.641333758831024 0.647584438323975 0.653835117816925 0.660085797309875 0.666336476802826 0.672587156295776 0.678837835788727 0.685088515281677 0.700384318828583 0.718695223331451 0.737006068229675 0.755316972732544 0.773627817630768 0.791938662528992 0.81024956703186 0.824078500270844 0.82446163892746 0.824844777584076 0.825227856636047 0.825610995292664 0.82599413394928 0.826377272605896 0.826760411262512 0.824142932891846 0.820525288581848 0.816907584667206 0.813289940357208 0.809672296047211 0.806054651737213 0.802436947822571 0.796033978462219 0.781274914741516 0.766515851020813 0.75175678730011 0.736997723579407 0.722238659858704 0.707479596138 0.692720532417297 0.666780591011047 0.637113630771637 0.607446730136871 0.577779769897461 0.548112869262695 0.518445909023285
0.632438659667969 0.640901625156403 0.649364650249481 0.65782767534256 0.666290700435638 0.674753665924072 0.683216691017151 0.69167971611023 0.707588195800781 0.725978553295135 0.74436891078949 0.762759268283844 0.781149625778198 0.799539983272552 0.817930340766907 0.832025706768036 0.833236277103424 0.834446787834167 0.835657298564911 0.836867809295654 0.838078379631042 0.839288890361786 0.840499401092529 0.837580859661102 0.833285927772522 0.828991055488586 0.824696123600006 0.820401191711426 0.816106259822845 0.81181138753891 0.804742813110352 0.789353430271149 0.773963987827301 0.758574604988098 0.74318516254425 0.727795720100403 0.7124063372612 0.697016894817352 0.67202877998352 0.643841087818146 0.615653395652771 0.587465703487396 0.559278011322021 0.531090319156647
0.623543560504913 0.634218871593475 0.644894242286682 0.655569553375244 0.666244864463806 0.676920235157013 0.687595546245575 0.698270916938782 0.714792132377625 0.733261942863464 0.751731753349304 0.770201623439789 0.788671433925629 0.807141244411469 0.825611114501953 0.839972972869873 0.842010855674744 0.844048798084259 0.846086740493774 0.84812468290329 0.85016256570816 0.852200508117676 0.854238450527191 0.851018786430359 0.846046626567841 0.841074466705322 0.836102306842804 0.831130087375641 0.826157927513123 0.821185767650604 0.813451707363129 0.797431945800781 0.781412124633789 0.765392363071442 0.749372601509094 0.733352839946747 0.717333018779755 0.701313257217407 0.677276968955994 0.650568544864655 0.623860120773315 0.597151637077332 0.570443212985992 0.543734788894653
