data/working_set_collections/6091692-Cassins_Sparrow-M2/2015/ghland_avg.asc
NCOLS 265 
NROWS 230 
XLLCORNER -115.5625 
YLLCORNER 24.8333333333333 
CELLSIZE 0.0833333333333333 
NODATA_value -9999 
[rows 38 to 56 of 230, columns 176 to 219 of 265]
0.0879994556307793 0.0861199721693993 0.0842404887080193 0.0828448385000229 0.0829006880521774 0.0829565450549126 0.0830123946070671 0.0830682441592216 0.0831241011619568 0.0831799507141113 0.0832358002662659 0.0833190754055977 0.0834114849567413 0.0835039019584656 0.0835963115096092 0.0836887210607529 0.0837811380624771 0.0838735476136208 0.0839033350348473 0.0837452411651611 0.083587147295475 0.0834290459752083 0.0832709521055222 0.083112858235836 0.0829547643661499 0.0827966704964638 0.081833578646183 0.0806021466851234 0.0793707147240639 0.0781392827630043 0.0769078582525253 0.0756764262914658 0.0744449943304062 0.0742937326431274 0.07738296687603 0.0804721936583519 0.0835614278912544 0.086650662124157 0.0897398963570595 0.092829130589962 0.0959183573722839 0.0951308831572533 0.0930511727929115 0.0909714698791504
0.0910865962505341 0.0892350971698761 0.0873835980892181 0.0860288664698601 0.0861644297838211 0.0862999856472015 0.0864355489611626 0.0865711122751236 0.086706668138504 0.0868422314524651 0.0869777947664261 0.0867592841386795 0.0864227563142776 0.0860862210392952 0.0857496857643127 0.0854131579399109 0.0850766226649284 0.0847400948405266 0.0844775587320328 0.0844370201230049 0.084396481513977 0.0843559354543686 0.0843153968453407 0.0842748582363129 0.0842343121767044 0.0841937735676765 0.083099715411663 0.0816544890403748 0.0802092552185059 0.0787640288472176 0.0773188024759293 0.0758735686540604 0.0744283422827721 0.0740580558776855 0.0769125819206238 0.079767107963562 0.0826216340065002 0.0854761675000191 0.0883306935429573 0.0911852195858955 0.0940397456288338 0.0925474911928177 0.0896063074469566 0.0866651311516762
0.0941737294197083 0.0923502221703529 0.090526707470417 0.0892128944396973 0.0894281640648842 0.0896434336900711 0.089858703315258 0.090073972940445 0.0902892425656319 0.0905045121908188 0.0907197818160057 0.0901994928717613 0.0894340202212334 0.0886685401201248 0.0879030674695969 0.0871375948190689 0.0863721147179604 0.0856066420674324 0.0850517898797989 0.0851287990808487 0.0852058082818985 0.0852828249335289 0.0853598341345787 0.0854368507862091 0.0855138599872589 0.0855908766388893 0.0843658596277237 0.0827068313956261 0.0810478031635284 0.0793887749314308 0.0777297466993332 0.0760707184672356 0.0744116902351379 0.0738223791122437 0.0764421969652176 0.0790620222687721 0.0816818475723267 0.0843016654253006 0.0869214907288551 0.0895413085818291 0.0921611338853836 0.0899640992283821 0.0861614421010017 0.082358792424202
0.097260870039463 0.0954653397202492 0.0936698168516159 0.0923969224095345 0.0926918983459473 0.0929868742823601 0.0932818576693535 0.0935768336057663 0.0938718169927597 0.0941667929291725 0.0944617688655853 0.0936397016048431 0.0924452841281891 0.091250866651535 0.0900564417243004 0.0888620242476463 0.0876676067709923 0.0864731892943382 0.0856260135769844 0.0858205780386925 0.0860151425004005 0.0862097144126892 0.0864042788743973 0.0865988433361053 0.0867934077978134 0.0869879722595215 0.0856319963932037 0.0837591737508774 0.0818863436579704 0.0800135210156441 0.0781406909227371 0.0762678682804108 0.0743950381875038 0.0735867023468018 0.075971819460392 0.0783569365739822 0.0807420536875725 0.0831271708011627 0.085512287914753 0.0878974050283432 0.0902825221419334 0.0873807072639465 0.0827165767550468 0.0780524536967278
0.0975989550352097 0.0960122123360634 0.0944254621863365 0.0933406949043274 0.0937618315219879 0.0941829681396484 0.094604104757309 0.0950252413749695 0.09544637799263 0.0958675146102905 0.096288651227951 0.0954245924949646 0.0941321402788162 0.0928396806120872 0.0915472283959389 0.0902547687292099 0.0889623090624809 0.0876698568463326 0.0867465287446976 0.0869305953383446 0.0871146693825722 0.0872987359762192 0.0874828100204468 0.0876668766140938 0.0878509432077408 0.0880350172519684 0.0863556265830994 0.0840550810098648 0.0817545428872108 0.0794539973139763 0.0771534591913223 0.0748529136180878 0.0725523754954338 0.0713298171758652 0.0733412280678749 0.0753526389598846 0.0773640424013138 0.0793754532933235 0.0813868641853333 0.083398275077343 0.0854096785187721 0.0824343711137772 0.0777968093752861 0.0731592550873756
0.0951879844069481 0.0939908176660538 0.0927936509251595 0.0920442044734955 0.0926379561424255 0.093231700360775 0.0938254445791245 0.0944191887974739 0.0950129330158234 0.0956066846847534 0.0962004289031029 0.0955541729927063 0.0944945886731148 0.0934349969029427 0.0923754125833511 0.091315820813179 0.0902562290430069 0.0891966447234154 0.0884133353829384 0.0884588584303856 0.0885043814778328 0.08854990452528 0.0885954275727272 0.0886409506201744 0.0886864736676216 0.0887319967150688 0.08653674274683 0.0835945680737495 0.0806523934006691 0.0777102187275887 0.0747680366039276 0.0718258619308472 0.0688836872577667 0.0670517310500145 0.0685504302382469 0.0700491294264793 0.0715478211641312 0.0730465203523636 0.074545219540596 0.0760439187288284 0.0775426179170609 0.0751250833272934 0.0714021474123001 0.0676792040467262
0.0927770212292671 0.0919694229960442 0.0911618322134018 0.0907477214932442 0.0915140733122826 0.0922804325819016 0.0930467844009399 0.0938131436705589 0.0945794954895973 0.0953458473086357 0.0961122065782547 0.095683753490448 0.0948570296168327 0.0940303131937981 0.0932035967707634 0.0923768728971481 0.0915501564741135 0.0907234326004982 0.0900801345705986 0.089987114071846 0.0898940935730934 0.0898010656237602 0.0897080451250076 0.089615024626255 0.0895219966769218 0.0894289761781693 0.0867178589105606 0.0831340551376343 0.0795502439141273 0.0759664326906204 0.0723826214671135 0.0687988176941872 0.0652150064706802 0.0627736449241638 0.0637596324086189 0.064745619893074 0.0657315999269485 0.0667175874114037 0.0677035748958588 0.0686895623803139 0.069675549864769 0.0678158029913902 0.0650074779987335 0.0621991530060768
0.0903660506010056 0.0899480357766151 0.0895300135016441 0.0894512385129929 0.0903901979327202 0.0913291648030281 0.0922681242227554 0.0932070910930634 0.0941460505127907 0.0950850173830986 0.0960239768028259 0.0958133339881897 0.0952194780111313 0.0946256294846535 0.0940317809581757 0.0934379249811172 0.0928440764546394 0.092250220477581 0.0917469412088394 0.0915153697133064 0.091283805668354 0.091052234172821 0.090820662677288 0.0905890911817551 0.0903575271368027 0.0901259556412697 0.0868989825248718 0.0826735347509384 0.0784480944275856 0.0742226466536522 0.0699972063302994 0.0657717660069466 0.0615463219583035 0.0584955587983131 0.0589688308537006 0.0594421066343784 0.0599153824150562 0.0603886544704437 0.0608619302511215 0.0613352060317993 0.0618084780871868 0.0605065152049065 0.0586128085851669 0.0567190982401371
0.0879550874233246 0.0879266411066055 0.0878981947898865 0.0881547555327415 0.0892663225531578 0.0903778970241547 0.0914894714951515 0.0926010385155678 0.0937126129865646 0.0948241800069809 0.0959357544779778 0.0959429144859314 0.0955819264054298 0.0952209457755089 0.0948599651455879 0.0944989770650864 0.0941379964351654 0.0937770158052444 0.0934137478470802 0.0930436328053474 0.0926735103130341 0.0923033952713013 0.0919332802295685 0.0915631651878357 0.0911930501461029 0.0908229351043701 0.0870800986886024 0.0822130218148232 0.0773459449410439 0.0724788680672646 0.0676117911934853 0.062744714319706 0.0578776374459267 0.0542174689471722 0.0541780330240726 0.0541385971009731 0.0540991611778736 0.0540597215294838 0.0540202856063843 0.0539808496832848 0.0539414137601852 0.053197231143713 0.0522181391716003 0.0512390434741974
0.085544116795063 0.0859052464365959 0.0862663760781288 0.0868582651019096 0.0881424471735954 0.0894266292452812 0.090710811316967 0.0919949933886528 0.093279168009758 0.0945633500814438 0.0958475321531296 0.0960724875330925 0.0959443747997284 0.0958162620663643 0.0956881493330002 0.0955600291490555 0.0954319164156914 0.0953038036823273 0.0950805470347404 0.0945718884468079 0.0940632224082947 0.0935545638203621 0.0930458977818489 0.0925372391939163 0.0920285731554031 0.0915199145674706 0.0872612148523331 0.0817525014281273 0.0762437954545021 0.0707350820302963 0.0652263760566711 0.0597176626324654 0.0542089529335499 0.0499393828213215 0.0493872351944447 0.0488350875675678 0.048282939940691 0.0477307885885239 0.047178640961647 0.0466264933347702 0.0460743457078934 0.0458879470825195 0.0458234697580338 0.045758992433548
0.0844299644231796 0.0849205553531647 0.0854111462831497 0.0860881209373474 0.0873242318630219 0.0885603427886963 0.0897964462637901 0.0910325571894646 0.092268668115139 0.0935047790408134 0.0947408825159073 0.0950874835252762 0.0951375812292099 0.095187671482563 0.0952377617359161 0.0952878594398499 0.095337949693203 0.0953880473971367 0.0953051000833511 0.094823032617569 0.0943409651517868 0.0938588976860046 0.0933768302202225 0.0928947627544403 0.0924126952886581 0.0919306352734566 0.0875329598784447 0.0818300917744637 0.0761272236704826 0.0704243555665016 0.06472148001194 0.059018611907959 0.0533157400786877 0.0488581173121929 0.0481362417340279 0.0474143624305725 0.0466924831271172 0.0459706038236618 0.0452487245202065 0.0445268452167511 0.0438049659132957 0.0439356416463852 0.0443504974246025 0.0447653569281101
0.0846126154065132 0.0849725604057312 0.0853325128555298 0.0858443155884743 0.0868116691708565 0.0877790302038193 0.0887463912367821 0.0897137448191643 0.0906811058521271 0.0916484594345093 0.0926158204674721 0.0929878950119019 0.0931615382432938 0.0933351740241051 0.093508817255497 0.0936824604868889 0.0938561037182808 0.0940297469496727 0.0940873995423317 0.0937970653176308 0.0935067385435104 0.0932164117693901 0.0929260775446892 0.0926357507705688 0.0923454165458679 0.0920550897717476 0.0878953412175179 0.0824457854032516 0.0769962295889854 0.0715466737747192 0.0660971105098724 0.0606475584208965 0.05519799888134 0.0509736761450768 0.050425048917532 0.0498764216899872 0.0493277907371521 0.0487791635096073 0.0482305362820625 0.0476819090545177 0.047133281826973 0.0473403073847294 0.0477992221713066 0.0482581369578838
0.0847952663898468 0.0850245729088783 0.0852538719773293 0.0856005027890205 0.0862991139292717 0.0869977176189423 0.0876963287591934 0.088394932448864 0.0890935435891151 0.0897921472787857 0.0904907584190369 0.0908882990479469 0.0911854952573776 0.0914826840162277 0.0917798727750778 0.0920770689845085 0.0923742577433586 0.0926714465022087 0.0928696915507317 0.0927710980176926 0.0926725119352341 0.092573918402195 0.0924753248691559 0.0923767313361168 0.0922781378030777 0.0921795517206192 0.0882577151060104 0.0830614790320396 0.0778652355074883 0.0726689919829369 0.0674727484583855 0.0622765012085438 0.0570802614092827 0.0530892312526703 0.0527138561010361 0.0523384772241116 0.0519631020724773 0.0515877231955528 0.0512123480439186 0.0508369691669941 0.0504615940153599 0.0507449768483639 0.051247950643301 0.0517509207129478
0.0849779173731804 0.0850765779614449 0.0851752385497093 0.0853566974401474 0.0857865512371063 0.0862164050340652 0.0866462662816048 0.0870761200785637 0.0875059813261032 0.0879358351230621 0.0883656889200211 0.0887887105345726 0.0892094522714615 0.0896301865577698 0.0900509282946587 0.0904716700315475 0.0908924117684364 0.0913131460547447 0.0916519910097122 0.091745138168335 0.0918382778763771 0.0919314250349998 0.0920245721936226 0.0921177193522453 0.0922108590602875 0.0923040062189102 0.0886200964450836 0.083677165210247 0.0787342339754105 0.0737913101911545 0.0688483789563179 0.0639054477214813 0.058962520211935 0.0552047900855541 0.0550026632845402 0.0548005364835262 0.0545984096825123 0.0543962828814983 0.0541941598057747 0.0539920330047607 0.0537899062037468 0.0541496463119984 0.0546966753900051 0.0552437007427216
0.0851605758070946 0.085128590464592 0.0850965976715088 0.0851128846406937 0.0852739959955215 0.0854350998997688 0.0855962038040161 0.0857573077082634 0.0859184116125107 0.0860795229673386 0.0862406268715858 0.0866891220211983 0.0872334092855453 0.0877776965498924 0.0883219838142395 0.0888662710785866 0.0894105583429337 0.0899548530578613 0.0904342904686928 0.0907191708683968 0.0910040512681007 0.0912889316678047 0.0915738195180893 0.0918586999177933 0.0921435803174973 0.0924284681677818 0.0889824777841568 0.084292858839035 0.0796032398939133 0.0749136283993721 0.0702240094542503 0.0655343905091286 0.0608447790145874 0.0573203451931477 0.0572914704680443 0.0572625957429409 0.0572337210178375 0.0572048462927341 0.0571759678423405 0.0571470931172371 0.0571182183921337 0.0575543120503426 0.0581454001367092 0.0587364844977856
0.0853432267904282 0.0851805955171585 0.0850179642438889 0.0848690792918205 0.0847614333033562 0.0846537873148918 0.0845461413264275 0.0844384953379631 0.0843308493494987 0.0842232033610344 0.0841155648231506 0.0845895260572433 0.0852573662996292 0.0859251990914345 0.0865930393338203 0.0872608795762062 0.0879287123680115 0.0885965526103973 0.0892165824770927 0.0896932035684586 0.0901698246598244 0.0906464457511902 0.091123066842556 0.0915996804833412 0.092076301574707 0.0925529226660728 0.0893448516726494 0.084908552467823 0.0804722458124161 0.0760359466075897 0.0715996399521828 0.0671633407473564 0.0627270340919495 0.0594359040260315 0.0595802776515484 0.0597246550023556 0.0598690286278725 0.0600134059786797 0.0601577796041965 0.0603021569550037 0.0604465305805206 0.060958981513977 0.0615941248834133 0.0622292645275593
0.0858593285083771 0.0854801312088966 0.0851009339094162 0.0846826434135437 0.0841470435261726 0.0836114436388016 0.0830758512020111 0.08254025131464 0.0820046588778496 0.0814690589904785 0.0809334591031075 0.0812982991337776 0.0819632783532143 0.0826282575726509 0.0832932367920876 0.0839582160115242 0.0846231952309608 0.0852881669998169 0.085938073694706 0.0865427330136299 0.0871473923325539 0.0877520516514778 0.0883567184209824 0.0889613777399063 0.0895660370588303 0.0901707038283348 0.0872144252061844 0.0830711722373962 0.0789279192686081 0.07478466629982 0.0706414133310318 0.0664981603622437 0.0623549073934555 0.0593750029802322 0.0598851442337036 0.0603952892124653 0.0609054304659367 0.0614155754446983 0.0619257166981697 0.0624358579516411 0.0629459992051125 0.063616968691349 0.0643415376543999 0.0650661066174507
0.0867088660597801 0.0860271975398064 0.085345521569252 0.0845535770058632 0.083430826663971 0.0823080763220787 0.0811853259801865 0.0800625756382942 0.078939825296402 0.0778170749545097 0.0766943246126175 0.0768154263496399 0.0773511379957199 0.0778868570923805 0.0784225687384605 0.0789582803845406 0.0794939920306206 0.0800297111272812 0.0805987492203712 0.0812677517533302 0.0819367617368698 0.0826057642698288 0.0832747742533684 0.0839437767863274 0.0846127867698669 0.0852817967534065 0.0825911909341812 0.0787807255983353 0.0749702602624893 0.0711597874760628 0.0673493221402168 0.0635388493537903 0.0597283840179443 0.0571376383304596 0.0582060664892197 0.0592744946479797 0.0603429228067398 0.0614113509654999 0.06247977912426 0.06354820728302 0.0646166354417801 0.0655282661318779 0.0663876309990883 0.0672469958662987
0.0875584110617638 0.0865742564201355 0.0855901017785072 0.0844245105981827 0.0827146098017693 0.0810047015547752 0.0792948007583618 0.0775848999619484 0.075874999165535 0.0741650983691216 0.0724551975727081 0.0723325535655022 0.0727390050888062 0.0731454491615295 0.0735519006848335 0.0739583522081375 0.0743647962808609 0.0747712478041649 0.0752594247460365 0.0759927704930305 0.0767261236906052 0.0774594768881798 0.0781928300857544 0.078926183283329 0.0796595364809036 0.0803928896784782 0.0779679641127586 0.0744902789592743 0.07101259380579 0.0675349161028862 0.0640572309494019 0.0605795457959175 0.0571018643677235 0.0549002774059772 0.0565269887447357 0.0581537038087845 0.059780415147543 0.0614071264863014 0.0630338415503502 0.0646605491638184 0.0662872642278671 0.0674395635724068 0.0684337243437767 0.0694278925657272
