data/working_set_collections/6091692-Cassins_Sparrow-M2/2015/ghland_avg.asc
NCOLS 265 
NROWS 230 
XLLCORNER -115.5625 
YLLCORNER 24.8333333333333 
CELLSIZE 0.0833333333333333 
NODATA_value -9999 
[rows 38 to 56 of 230, columns 0 to 43 of 265]
-0.100639492273331 -0.0989752560853958 -0.0973110124468803 -0.0956467762589455 -0.0939825400710106 -0.0923183038830757 -0.0906540676951408 -0.0863084718585014 -0.0810690894722939 -0.0758297145366669 -0.0705903321504593 -0.0653509572148323 -0.0601115748286247 -0.0548721961677074 -0.0485470071434975 -0.0389643833041191 -0.0293817557394505 -0.0197991319000721 -0.010216505266726 -0.000633880204986781 0.00894874520599842 0.0185313709080219 0.0242465883493423 0.0286726709455252 0.033098753541708 0.0375248342752457 0.0419509150087833 0.046376995742321 0.050803080201149 0.0530252568423748 0.0486357137560844 0.0442461706697941 0.0398566275835037 0.0354670844972134 0.0310775432735682 0.0266880001872778 0.0222984571009874 0.00716444011777639 -0.0115510690957308 -0.0302665792405605 -0.0489820875227451 -0.06769759953022 -0.0864131078124046 -0.105128616094589
-0.100578829646111 -0.0990670472383499 -0.0975552648305893 -0.0960434824228287 -0.094531700015068 -0.0930199176073074 -0.0915081351995468 -0.0860597491264343 -0.0792991667985916 -0.0725385844707489 -0.0657780021429062 -0.0590174198150635 -0.0522568374872208 -0.045496255159378 -0.0381372161209583 -0.028982812538743 -0.0198284089565277 -0.0106740044429898 -0.00151959992945194 0.00763480458408594 0.0167892090976238 0.0259436126798391 0.0310965329408646 0.0349156223237514 0.0387347117066383 0.0425538010895252 0.0463728941977024 0.0501919835805893 0.0540110729634762 0.0552783384919167 0.0488901250064373 0.0425019152462482 0.0361137017607689 0.0297254920005798 0.0233372803777456 0.0169490687549114 0.0105608571320772 -0.00296947197057307 -0.0188805069774389 -0.0347915440797806 -0.0507025793194771 -0.0666136145591736 -0.0825246497988701 -0.0984356850385666
-0.10051815956831 -0.099158838391304 -0.0977995097637177 -0.0964401811361313 -0.0950808599591255 -0.0937215313315392 -0.0923622027039528 -0.0858110338449478 -0.0775292441248894 -0.0692474618554115 -0.0609656721353531 -0.0526838861405849 -0.0444021001458168 -0.0361203141510487 -0.0277274288237095 -0.0190012454986572 -0.0102750612422824 -0.00154887768439949 0.00717730587348342 0.015903489664197 0.0246296729892492 0.0333558581769466 0.0379464775323868 0.0411585755646229 0.044370673596859 0.0475827716290951 0.0507948696613312 0.0540069676935673 0.0572190657258034 0.0575314201414585 0.0491445399820805 0.0407576598227024 0.0323707796633244 0.0239838976413012 0.0155970174819231 0.00721013732254505 -0.00117674330249429 -0.0131033835932612 -0.0262099448591471 -0.0393165051937103 -0.0524230673909187 -0.0655296295881271 -0.0786361917853355 -0.0917427465319633
-0.10045749694109 -0.0992506220936775 -0.098043754696846 -0.0968368873000145 -0.0956300124526024 -0.0944231450557709 -0.0932162702083588 -0.0855623111128807 -0.0757593214511871 -0.0659563317894936 -0.0561533421278 -0.0463503524661064 -0.0365473628044128 -0.0267443731427193 -0.0173176396638155 -0.00901967659592628 -0.000721713819075376 0.00757624907419086 0.0158742107450962 0.0241721738129854 0.0324701368808746 0.0407680980861187 0.0447964183986187 0.047401525080204 0.0500066317617893 0.0526117384433746 0.0552168451249599 0.0578219518065453 0.0604270584881306 0.0597845017910004 0.0493989512324333 0.0390134043991566 0.0286278538405895 0.0182423032820225 0.00785675458610058 -0.00252879457548261 -0.0129143437370658 -0.0232372954487801 -0.0335393808782101 -0.0438414700329304 -0.0541435554623604 -0.0644456446170807 -0.0747477263212204 -0.0850498154759407
-0.0973066836595535 -0.0961548760533333 -0.095003068447113 -0.0938512682914734 -0.0926994606852531 -0.0915476530790329 -0.0903958454728127 -0.082515761256218 -0.072392925620079 -0.0622700862586498 -0.0521472468972206 -0.0420244112610817 -0.0319015718996525 -0.0217787344008684 -0.012186435982585 -0.00418576132506132 0.0038149137981236 0.0118155889213085 0.0198162645101547 0.0278169382363558 0.0358176119625568 0.043818287551403 0.0476617068052292 0.0501193702220917 0.0525770336389542 0.055034700781107 0.0574923641979694 0.0599500313401222 0.0624076947569847 0.0613662265241146 0.0498273521661758 0.0382884815335274 0.0267496109008789 0.0152107393369079 0.00367186800576746 -0.00786700285971165 -0.0194058753550053 -0.0284877493977547 -0.0367506258189678 -0.0450135059654713 -0.0532763823866844 -0.0615392588078976 -0.0698021352291107 -0.0780650153756142
-0.0910657271742821 -0.0898715928196907 -0.0886774584650993 -0.087483324110508 -0.0862891897559166 -0.0850950479507446 -0.0839009135961533 -0.0766713842749596 -0.0674300491809845 -0.05818872153759 -0.0489473901689053 -0.0397060588002205 -0.0304647274315357 -0.0212233979254961 -0.0123338187113404 -0.00449949875473976 0.00333482143469155 0.0111691420897841 0.0190034620463848 0.0268377829343081 0.0346721038222313 0.0425064228475094 0.0465423315763474 0.0493121072649956 0.0520818792283535 0.0548516511917114 0.0576214268803596 0.0603911988437176 0.0631609708070755 0.0622765906155109 0.050429742783308 0.0385828986763954 0.0267360508441925 0.0148892039433122 0.00304235774092376 -0.00880448892712593 -0.0206513348966837 -0.0288547463715076 -0.0358436778187752 -0.0428326092660427 -0.0498215407133102 -0.0568104758858681 -0.0637994036078453 -0.0707883387804031
-0.0848247781395912 -0.0835883095860481 -0.0823518484830856 -0.0811153799295425 -0.07987891882658 -0.078642450273037 -0.0774059891700745 -0.0708270072937012 -0.0624671801924706 -0.0541073568165302 -0.0457475334405899 -0.0373877100646496 -0.0290278848260641 -0.0206680614501238 -0.0124812014400959 -0.0048132361844182 0.00285472930409014 0.0105226943269372 0.0181906595826149 0.0258586257696152 0.0335265919566154 0.0411945581436157 0.0454229600727558 0.0485048405826092 0.0515867248177528 0.0546686053276062 0.0577504858374596 0.0608323700726032 0.0639142543077469 0.0631869584321976 0.0510321334004402 0.0388773120939732 0.0267224907875061 0.014567669481039 0.00241284724324942 -0.00974197499454021 -0.0218967963010073 -0.0292217414826155 -0.0349367298185825 -0.0406517162919044 -0.0463667027652264 -0.0520816892385483 -0.0577966794371605 -0.0635116621851921
-0.0785838216543198 -0.0773050263524055 -0.0760262310504913 -0.0747474431991577 -0.0734686478972435 -0.0721898525953293 -0.0709110572934151 -0.0649826228618622 -0.0575043074786663 -0.0500259920954704 -0.0425476729869843 -0.0350693576037884 -0.0275910403579473 -0.0201127249747515 -0.012628585100174 -0.00512697407975793 0.00237463694065809 0.00987624749541283 0.0173778589814901 0.0248794686049223 0.0323810800909996 0.0398826897144318 0.044303584843874 0.0476975776255131 0.0510915666818619 0.054485559463501 0.0578795485198498 0.0612735375761986 0.0646675303578377 0.0640973225235939 0.0516345240175724 0.0391717292368412 0.0267089307308197 0.0142461340874434 0.00178333674557507 -0.0106794601306319 -0.0231422577053308 -0.0295887384563684 -0.0340297818183899 -0.0384708233177662 -0.0429118648171425 -0.0473529063165188 -0.0517939478158951 -0.0562349930405617
-0.0723428651690483 -0.071021743118763 -0.0697006210684776 -0.0683794990181923 -0.067058376967907 -0.0657372549176216 -0.0644161328673363 -0.0591382421553135 -0.0525414347648621 -0.0459446236491203 -0.0393478162586689 -0.0327510051429272 -0.0261541977524757 -0.0195573884993792 -0.0127759678289294 -0.00544071150943637 0.00189454469364136 0.00922980066388845 0.0165650565177202 0.0239003133028746 0.0312355682253838 0.0385708250105381 0.0431842133402824 0.0468903109431267 0.0505964122712612 0.0543025098741055 0.0580086074769497 0.0617147088050842 0.0654208064079285 0.0650076866149902 0.0522369146347046 0.0394661426544189 0.0266953706741333 0.0139245986938477 0.00115382624790072 -0.0116169461980462 -0.0243877191096544 -0.0299557354301214 -0.033122830092907 -0.0362899303436279 -0.0394570268690586 -0.0426241233944893 -0.04579121991992 -0.0489583164453506
-0.0661019086837769 -0.0647384598851204 -0.0633750110864639 -0.0620115585625172 -0.0606481060385704 -0.0592846535146236 -0.0579212047159672 -0.0532938651740551 -0.0475785620510578 -0.0418632589280605 -0.0361479595303535 -0.0304326564073563 -0.024717353284359 -0.0190020520240068 -0.0129233505576849 -0.00575444893911481 0.00141445233020931 0.00858335383236408 0.0157522559165955 0.0229211561381817 0.0300900582224131 0.0372589603066444 0.0420648418366909 0.0460830479860306 0.0501012541353703 0.0541194640100002 0.0581376701593399 0.0621558763086796 0.0661740824580193 0.0659180507063866 0.0528393052518368 0.039760559797287 0.0266818106174469 0.013603063300252 0.0005243158666417 -0.0125544322654605 -0.0256331786513329 -0.0303227305412292 -0.0322158820927143 -0.0341090336441994 -0.0360021889209747 -0.0378953404724598 -0.0397884920239449 -0.0416816435754299
-0.0595796294510365 -0.0580434165894985 -0.0565072000026703 -0.0549709871411324 -0.0534347742795944 -0.0518985614180565 -0.0503623485565186 -0.0466734990477562 -0.0422671064734459 -0.0378607101738453 -0.033454317599535 -0.0290479250252247 -0.0246415305882692 -0.0202351361513138 -0.0151166059076786 -0.0078616626560688 -0.000606720393989235 0.00664822198450565 0.0139031652361155 0.0211581066250801 0.0284130498766899 0.0356679931282997 0.0406432040035725 0.0448585003614426 0.049073800444603 0.0532891005277634 0.0575044006109238 0.0617196969687939 0.0659350007772446 0.066091425716877 0.0540712252259254 0.0420510284602642 0.0300308298319578 0.0180106330662966 0.00599043536931276 -0.00602976232767105 -0.0180499590933323 -0.022188376635313 -0.0236995331943035 -0.0252106916159391 -0.0267218481749296 -0.0282330047339201 -0.0297441612929106 -0.0312553197145462
-0.0527760162949562 -0.0509366095066071 -0.0490971989929676 -0.0472577922046185 -0.045418381690979 -0.0435789749026299 -0.0417395681142807 -0.0392771512269974 -0.036607064306736 -0.0339369811117649 -0.0312668979167938 -0.0285968109965324 -0.0259267259389162 -0.0232566408813 -0.019355732947588 -0.0117623535916209 -0.00416897376999259 0.00342440605163574 0.0110177854076028 0.0186111647635698 0.0262045450508595 0.0337979234755039 0.0389192998409271 0.0432166717946529 0.047514047473669 0.0518114194273949 0.056108795106411 0.0604061670601368 0.0647035390138626 0.0655277892947197 0.0559326708316803 0.0463375486433506 0.0367424264550209 0.0271473061293364 0.0175521839410067 0.00795706268399954 -0.00163805868942291 -0.0055526727810502 -0.00757378432899714 -0.00959489587694407 -0.0116160064935684 -0.0136371180415154 -0.0156582295894623 -0.0176793411374092
-0.0459724068641663 -0.0438298024237156 -0.0416871979832649 -0.0395445972681046 -0.0374019928276539 -0.0352593883872032 -0.0331167839467525 -0.0318808034062386 -0.0309470258653164 -0.0300132501870394 -0.0290794745087624 -0.0281456988304853 -0.0272119231522083 -0.0262781456112862 -0.0235948599874973 -0.0156630426645279 -0.00773122673854232 0.000200589856831357 0.00813240651041269 0.0160642229020596 0.023996040225029 0.0319278575479984 0.0371953956782818 0.0415748469531536 0.0459542945027351 0.0503337420523167 0.0547131896018982 0.05909264087677 0.0634720847010612 0.064964160323143 0.0577941164374352 0.0506240725517273 0.0434540249407291 0.0362839810550213 0.0291139334440231 0.0219438876956701 0.0147738419473171 0.0110830310732126 0.00855196546763182 0.00602089939638972 0.00348983379080892 0.000958767952397466 -0.00157229788601398 -0.00410336349159479
-0.039168793708086 -0.0367229953408241 -0.0342771969735622 -0.0318313986063004 -0.0293856002390385 -0.0269398018717766 -0.0244940035045147 -0.0244844537228346 -0.0252869874238968 -0.0260895192623138 -0.026892052963376 -0.0276945848017931 -0.0284971185028553 -0.0292996522039175 -0.0278339870274067 -0.0195637345314026 -0.0112934801727533 -0.00302322627976537 0.0052470276132226 0.0135172810405493 0.0217875353991985 0.0300577878952026 0.0354714952409267 0.039933018386364 0.0443945415318012 0.0488560646772385 0.0533175878226757 0.057779110968113 0.0622406341135502 0.0644005313515663 0.05965556204319 0.0549105927348137 0.0501656234264374 0.0454206541180611 0.0406756810843945 0.0359307117760181 0.0311857424676418 0.027718735858798 0.0246777143329382 0.0216366946697235 0.0185956750065088 0.0155546544119716 0.0125136338174343 0.00947261415421963
-0.0323651842772961 -0.0296161901205778 -0.0268671959638596 -0.0241182036697865 -0.0213692095130682 -0.0186202153563499 -0.0158712211996317 -0.0170881059020758 -0.019626947119832 -0.0221657883375883 -0.0247046314179897 -0.027243472635746 -0.0297823138535023 -0.0323211550712585 -0.0320731140673161 -0.0234644245356321 -0.0148557331413031 -0.00624704267829657 0.00236164825037122 0.010970339179039 0.0195790305733681 0.028187720105052 0.0337475910782814 0.0382911898195744 0.0428347885608673 0.04737838357687 0.0519219823181629 0.0564655810594559 0.0610091760754585 0.0638369023799896 0.0615170076489449 0.0591971129179001 0.0568772219121456 0.0545573271811008 0.0522374324500561 0.0499175377190113 0.0475976429879665 0.0443544387817383 0.0408034659922123 0.037252489477396 0.03370151668787 0.0301505401730537 0.0265995655208826 0.0230485908687115
-0.025561572983861 -0.0225093849003315 -0.0194571949541569 -0.0164050068706274 -0.0133528178557754 -0.0103006297722459 -0.00724844075739384 -0.0096917562186718 -0.0139669077470899 -0.0182420574128628 -0.0225172080099583 -0.0267923604696989 -0.0310675110667944 -0.0353426598012447 -0.0363122411072254 -0.0273651145398617 -0.0184179861098528 -0.00947085861116648 -0.000523730821441859 0.00842339731752872 0.0173705257475376 0.0263176523149014 0.0320236906409264 0.0366493612527847 0.0412750318646431 0.0459007062017918 0.0505263768136501 0.0551520511507988 0.0597777217626572 0.0632732734084129 0.0633784532546997 0.0634836331009865 0.0635888203978539 0.0636940002441406 0.0637991800904274 0.0639043599367142 0.0640095472335815 0.0609901435673237 0.0569292157888412 0.0528682842850685 0.0488073565065861 0.0447464287281036 0.0406854972243309 0.0366245694458485
-0.0194242037832737 -0.0160702671855688 -0.0127163296565413 -0.00936239119619131 -0.00600845413282514 -0.00265451637096703 0.000699421390891075 -0.00229062233120203 -0.00739532615989447 -0.0125000299885869 -0.0176047347486019 -0.0227094385772943 -0.0278141424059868 -0.0329188480973244 -0.034535076469183 -0.0256858859211206 -0.0168366953730583 -0.00798750296235085 0.000861687818542123 0.00971087906509638 0.0185600705444813 0.0274092610925436 0.0330755487084389 0.0376808643341064 0.0422861836850643 0.0468915030360222 0.0514968186616898 0.0561021380126476 0.0607074573636055 0.0644495189189911 0.0656018331646919 0.0667541399598122 0.0679064467549324 0.0690587535500526 0.0702110603451729 0.0713633745908737 0.072515681385994 0.0691687613725662 0.0643220916390419 0.0594754293560982 0.0546287670731544 0.0497821010649204 0.0449354387819767 0.0400887727737427
-0.013953079469502 -0.0102988388389349 -0.00664459820836782 -0.00299035757780075 0.000663882936351001 0.0043181236833334 0.00797236431390047 0.00511529808863997 8.77961647347547e-05 -0.0049397055990994 -0.0099672069773078 -0.0149947088211775 -0.0200222097337246 -0.0250497125089169 -0.0267416182905436 -0.0184267368167639 -0.0101118572056293 -0.0017969764303416 0.00651790434494615 0.014832784421742 0.0231476649641991 0.0314625464379787 0.0369031690061092 0.0413857027888298 0.0458682365715504 0.0503507740795612 0.0548333078622818 0.0593158416450024 0.0637983754277229 0.0673656463623047 0.0681871324777603 0.0690086185932159 0.0698301047086716 0.0706515908241272 0.0714730769395828 0.0722945630550385 0.0731160491704941 0.0688902884721756 0.0629821047186852 0.0570739284157753 0.0511657483875751 0.045257568359375 0.0393493883311749 0.0334412083029747
-0.0084819532930851 -0.00452741049230099 -0.000572866934817284 0.0033816765062511 0.0073362197726965 0.0112907635048032 0.0152453063055873 0.0125212175771594 0.00757091864943504 0.00262061925604939 -0.00232968013733625 -0.0072799795307219 -0.0122302789241076 -0.0171805787831545 -0.0189481601119041 -0.0111675895750523 -0.00338701973669231 0.00439355056732893 0.0121741201728582 0.0199546907097101 0.027735261246562 0.0355158299207687 0.0407307893037796 0.0450905375182629 0.0494502894580364 0.05381004139781 0.0581697933375835 0.0625295490026474 0.066889300942421 0.0702817812561989 0.0707724392414093 0.0712631046772003 0.0717537701129913 0.0722444280982018 0.0727350935339928 0.0732257589697838 0.0737164244055748 0.068611815571785 0.0616421215236187 0.0546724237501621 0.0477027297019958 0.0407330319285393 0.033763337880373 0.0267936419695616
