data/working_set_collections/6091692-Cassins_Sparrow-M2/2015/ghland_avg.asc
NCOLS 265 
NROWS 230 
XLLCORNER -115.5625 
YLLCORNER 24.8333333333333 
CELLSIZE 0.0833333333333333 
NODATA_value -9999 
[rows 76 to 94 of 230, columns 176 to 219 of 265]
0.0859204605221748 0.0831578597426414 0.0803952589631081 0.0782841071486473 0.0781272798776627 0.077970452606678 0.077813632786274 0.0776568055152893 0.0774999782443047 0.0773431584239006 0.077186331152916 0.0764569118618965 0.0755366235971451 0.0746163353323936 0.0736960470676422 0.0727757588028908 0.0718554779887199 0.0709351897239685 0.0697178691625595 0.0676094368100166 0.0655010119080544 0.0633925870060921 0.0612841583788395 0.0591757334768772 0.0570673048496246 0.0549588799476624 0.0526093877851963 0.0501795411109924 0.0477496907114983 0.0453198440372944 0.0428899973630905 0.0404601469635963 0.0380303002893925 0.0374974496662617 0.0426555946469307 0.0478137359023094 0.0529718771576881 0.0581300221383572 0.0632881671190262 0.0684463083744049 0.0736044496297836 0.0737045854330063 0.0721187144517899 0.0705328434705734
0.083830289542675 0.0808373540639877 0.0778444185853004 0.0756557583808899 0.0758799165487289 0.076104074716568 0.0763282254338264 0.0765523836016655 0.0767765417695045 0.0770006999373436 0.0772248581051826 0.0765269622206688 0.07552170753479 0.0745164602994919 0.0735112130641937 0.072505958378315 0.0715007111430168 0.0704954639077187 0.0691928043961525 0.0669979378581047 0.0648030713200569 0.0626082047820091 0.0604133382439613 0.0582184717059135 0.0560236051678658 0.053828738629818 0.0512783788144588 0.048609521239996 0.0459406636655331 0.0432718060910702 0.0406029522418976 0.0379340946674347 0.0352652370929718 0.0346152037382126 0.0400216467678547 0.0454280860722065 0.0508345291018486 0.0562409684062004 0.0616474114358425 0.0670538544654846 0.0724602937698364 0.0727920085191727 0.0714321509003639 0.0700722932815552
0.0839950740337372 0.0810294821858406 0.0780638977885246 0.0759540796279907 0.0764115825295448 0.0768690854310989 0.077326588332653 0.0777840912342072 0.0782415941357613 0.078699104487896 0.0791566073894501 0.0784586295485497 0.0773754864931107 0.0762923508882523 0.0752092078328133 0.0741260722279549 0.0730429366230965 0.0719597935676575 0.0705898031592369 0.0683592408895493 0.0661286786198616 0.0638981238007545 0.0616675615310669 0.0594370029866695 0.0572064407169819 0.0549758821725845 0.0522558987140656 0.0493727773427963 0.0464896522462368 0.0436065308749676 0.040723405778408 0.0378402844071388 0.0349571593105793 0.034171674400568 0.0396790988743305 0.0451865196228027 0.0506939440965652 0.0562013685703278 0.0617087893188 0.0672162100672722 0.0727236345410347 0.0732053741812706 0.0720118805766106 0.0708183795213699
0.0864147990942001 0.0837342441082001 0.0810536891222 0.0791790708899498 0.0797222852706909 0.080265499651432 0.0808087140321732 0.0813519284129143 0.0818951427936554 0.0824383571743965 0.0829815715551376 0.0822519063949585 0.0810979530215263 0.0799439996480942 0.078790046274662 0.0776360929012299 0.0764821395277977 0.0753281861543655 0.0739088505506516 0.0716933459043503 0.069477841258049 0.0672623291611671 0.0650468245148659 0.0628313198685646 0.0606158152222633 0.0584003105759621 0.0555419512093067 0.0524693056941032 0.0493966564536095 0.046324010938406 0.0432513654232025 0.040178719907999 0.0371060706675053 0.0361668579280376 0.0416279472410679 0.0470890365540981 0.0525501221418381 0.0580112114548683 0.0634723007678986 0.0689333900809288 0.074394479393959 0.0749446600675583 0.073857881128788 0.0727711021900177
0.0888345241546631 0.0864390060305595 0.0840434804558754 0.0824040696024895 0.0830329954624176 0.0836619138717651 0.0842908397316933 0.0849197581410408 0.0855486840009689 0.0861776098608971 0.0868065282702446 0.0860451832413673 0.084820419549942 0.0835956558585167 0.0823708847165108 0.0811461210250854 0.0799213498830795 0.0786965861916542 0.0772278979420662 0.0750274434685707 0.0728269964456558 0.0706265419721603 0.0684260949492455 0.06622564047575 0.0640251934528351 0.0618247427046299 0.0588280037045479 0.0555658340454102 0.0523036643862724 0.0490414947271347 0.045779325067997 0.0425171554088593 0.0392549857497215 0.0381620451807976 0.0435767993330956 0.0489915497601032 0.0544063039124012 0.0598210580646992 0.0652358084917068 0.0706505626440048 0.0760653167963028 0.0766839534044266 0.075703889131546 0.0747238248586655
0.091254249215126 0.0891437605023384 0.0870332717895508 0.0856290608644485 0.0863436982035637 0.0870583280920982 0.0877729654312134 0.0884875953197479 0.0892022252082825 0.0899168625473976 0.0906314924359322 0.0898384675383568 0.0885428860783577 0.0872473046183586 0.0859517231583595 0.0846561416983604 0.0833605602383614 0.0820649787783623 0.0805469453334808 0.0783615484833717 0.0761761516332626 0.0739907547831535 0.0718053579330444 0.0696199610829353 0.0674345716834068 0.0652491748332977 0.0621140524744987 0.0586623623967171 0.0552106685936451 0.0517589747905731 0.0483072809875011 0.0448555871844292 0.0414038971066475 0.0401572287082672 0.0455256476998329 0.0508940666913986 0.056262481957674 0.0616309009492397 0.0669993162155151 0.0723677352070808 0.0777361541986465 0.0784232467412949 0.0775498896837234 0.0766765400767326
0.0936739817261696 0.0918485224246979 0.0900230631232262 0.0888540595769882 0.0896544009447098 0.0904547423124313 0.0912550836801529 0.092055432498455 0.0928557738661766 0.0936561152338982 0.0944564566016197 0.0936317443847656 0.0922653526067734 0.0908989533782005 0.0895325616002083 0.0881661623716354 0.0867997705936432 0.0854333713650703 0.0838659927248955 0.0816956460475922 0.0795253068208694 0.0773549675941467 0.075184628367424 0.0730142816901207 0.070843942463398 0.0686736032366753 0.0654001086950302 0.061758890748024 0.0581176728010178 0.0544764548540115 0.0508352406322956 0.0471940226852894 0.0435528084635735 0.0421524159610271 0.0474744997918606 0.0527965798974037 0.0581186637282372 0.0634407475590706 0.068762831389904 0.0740849077701569 0.0794069916009903 0.0801625326275826 0.0793958976864815 0.0786292627453804
0.0960937067866325 0.0945532843470573 0.0930128544569016 0.0920790508389473 0.0929651036858559 0.0938511565327644 0.094737209379673 0.0956232622265816 0.0965093150734901 0.0973953679203987 0.0982814207673073 0.0974250286817551 0.0959878191351891 0.094550609588623 0.093113400042057 0.091676190495491 0.0902389734983444 0.0888017639517784 0.0871850401163101 0.0850297510623932 0.0828744620084763 0.0807191804051399 0.078563891351223 0.0764086022973061 0.0742533206939697 0.0720980316400528 0.0686861574649811 0.0648554190993309 0.0610246770083904 0.0571939386427402 0.0533631965517998 0.0495324581861496 0.0457017198204994 0.0441475994884968 0.0494233481585979 0.0546990968286991 0.05997484177351 0.0652505904436111 0.0705263391137123 0.0758020877838135 0.0810778364539146 0.0819018259644508 0.0812419056892395 0.0805819779634476
0.0969168320298195 0.0956888273358345 0.0944608226418495 0.0937372371554375 0.0945269241929054 0.0953166037797928 0.0961062908172607 0.0968959778547287 0.0976856648921967 0.0984753519296646 0.099265031516552 0.0984077453613281 0.0970014706254005 0.095595195889473 0.0941889137029648 0.0927826389670372 0.091376356780529 0.0899700820446014 0.0883535742759705 0.0861063599586487 0.0838591530919075 0.0816119387745857 0.079364724457264 0.0771175175905228 0.074870303273201 0.0726230964064598 0.0691262036561966 0.0652127489447594 0.0612992979586124 0.0573858469724655 0.0534723922610283 0.0495589412748814 0.0456454902887344 0.0440066121518612 0.0491914600133896 0.0543763041496277 0.0595611520111561 0.0647459998726845 0.0699308440089226 0.0751156881451607 0.0803005397319794 0.081016294658184 0.080242358148098 0.0794684216380119
0.0961433500051498 0.0952551513910294 0.0943669527769089 0.0938286110758781 0.0943398475646973 0.094851091504097 0.0953623354434967 0.0958735719323158 0.0963848158717155 0.0968960523605347 0.0974072962999344 0.096579909324646 0.0953063070774078 0.0940327122807503 0.0927591174840927 0.0914855152368546 0.090211920440197 0.0889383181929588 0.0873715952038765 0.0849254801869392 0.082479365170002 0.0800332501530647 0.0775871351361275 0.0751410201191902 0.072694905102253 0.0702487900853157 0.0667202398180962 0.06283088773489 0.0589415356516838 0.0550521798431873 0.0511628277599812 0.0472734719514847 0.0433841198682785 0.0417294502258301 0.0467788279056549 0.05182820931077 0.0568775869905949 0.0619269646704197 0.0669763460755348 0.0720257237553596 0.0770751014351845 0.0775059387087822 0.076397255063057 0.0752885788679123
0.0953698679804802 0.0948214754462242 0.0942730829119682 0.0939199849963188 0.0941527783870697 0.0943855792284012 0.0946183726191521 0.0948511734604836 0.0950839668512344 0.0953167602419853 0.0955495610833168 0.0947520732879639 0.0936111509799957 0.0924702361226082 0.09132931381464 0.0901883989572525 0.0890474766492844 0.0879065617918968 0.0863896161317825 0.0837445929646492 0.0810995772480965 0.0784545540809631 0.0758095383644104 0.0731645151972771 0.0705194994807243 0.067874476313591 0.0643142834305763 0.0604490265250206 0.0565837733447552 0.0527185164391994 0.0488532595336437 0.0449880063533783 0.0411227494478226 0.0394522845745087 0.0443661995232105 0.0492801107466221 0.0541940219700336 0.0591079369187355 0.0640218481421471 0.0689357593655586 0.0738496705889702 0.0739955827593803 0.0725521594285965 0.0711087360978127
0.0945963859558105 0.0943877995014191 0.0941792130470276 0.0940113589167595 0.0939657092094421 0.0939200595021248 0.093874417245388 0.0938287675380707 0.0937831178307533 0.093737468123436 0.0936918258666992 0.0929242298007011 0.0919159948825836 0.0909077525138855 0.0898995101451874 0.0888912752270699 0.0878830328583717 0.0868747979402542 0.0854076370596886 0.0825637131929398 0.079719789326191 0.0768758654594421 0.0740319415926933 0.0711880177259445 0.0683440938591957 0.0655001699924469 0.0619083233177662 0.0580671653151512 0.0542260073125362 0.0503848530352116 0.0465436950325966 0.0427025370299816 0.0388613790273666 0.0371751226484776 0.0419535674154758 0.0467320121824741 0.0515104569494724 0.056288905441761 0.0610673502087593 0.0658457949757576 0.0706242397427559 0.0704852268099785 0.0687070563435555 0.066928893327713
0.0938229039311409 0.0939541235566139 0.094085343182087 0.0941027328372002 0.0937786400318146 0.093454547226429 0.0931304544210434 0.0928063616156578 0.0924822688102722 0.0921581760048866 0.091834083199501 0.091096393764019 0.0902208313345909 0.0893452763557434 0.0884697139263153 0.0875941514968872 0.0867185965180397 0.0858430340886116 0.0844256579875946 0.0813828334212303 0.0783400014042854 0.0752971768379211 0.0722543448209763 0.069211520254612 0.0661686956882477 0.0631258636713028 0.059502363204956 0.0556853041052818 0.0518682450056076 0.0480511859059334 0.0442341268062592 0.0404170677065849 0.0366000086069107 0.0348979607224464 0.0395409390330315 0.0441839173436165 0.0488268956542015 0.0534698739647865 0.0581128522753716 0.0627558305859566 0.0673988088965416 0.0669748708605766 0.064861960709095 0.0627490505576134
0.0930494219064713 0.0935204476118088 0.0939914733171463 0.0941941067576408 0.093591570854187 0.0929890349507332 0.0923864915966988 0.0917839556932449 0.0911814197897911 0.0905788838863373 0.0899763479828835 0.0892685502767563 0.0885256752371788 0.0877827927470207 0.0870399102568626 0.0862970352172852 0.0855541527271271 0.084811270236969 0.0834436789155006 0.0802019461989403 0.0769602134823799 0.0737184807658195 0.0704767554998398 0.0672350227832794 0.063993290066719 0.0607515573501587 0.0570964030921459 0.0533034428954124 0.049510482698679 0.0457175225019455 0.0419245585799217 0.0381315983831882 0.0343386381864548 0.032620795071125 0.0371283069252968 0.0416358187794685 0.0461433306336403 0.050650842487812 0.0551583543419838 0.0596658661961555 0.0641733780503273 0.0634645149111748 0.061016857624054 0.0585692040622234
0.0924772769212723 0.0932607874274254 0.0940442904829979 0.0944126099348068 0.0935353562235832 0.0926581025123596 0.0917808562517166 0.090903602540493 0.09002635627985 0.0891491025686264 0.0882718563079834 0.0873398706316948 0.0863896459341049 0.085439421236515 0.0844891890883446 0.0835389643907547 0.0825887396931648 0.081638514995575 0.0801279842853546 0.0769365355372429 0.0737450867891312 0.0705536380410194 0.0673621892929077 0.064170740544796 0.0609792917966843 0.0577878430485725 0.0543992929160595 0.0509450435638428 0.0474907904863358 0.044036541134119 0.0405822917819023 0.0371280424296856 0.0336737930774689 0.0320787467062473 0.0360613130033016 0.0400438793003559 0.0440264455974102 0.0480090118944645 0.0519915781915188 0.0559741482138634 0.0599567145109177 0.0590776652097702 0.0565780773758888 0.0540784858167171
0.0921064838767052 0.0931751430034637 0.0942438021302223 0.0947582349181175 0.0936100035905838 0.0924617722630501 0.0913135334849358 0.090165302157402 0.0890170708298683 0.0878688395023346 0.0867206081748009 0.0853103473782539 0.0838127508759499 0.0823151543736458 0.0808175504207611 0.079319953918457 0.077822357416153 0.0763247609138489 0.0744785666465759 0.071586586534977 0.068694606423378 0.0658026337623596 0.0629106536507607 0.0600186735391617 0.057126697152853 0.054234717041254 0.0514110289514065 0.0486101023852825 0.0458091758191586 0.0430082492530346 0.0402073226869106 0.0374063961207867 0.0346054695546627 0.0332718081772327 0.0363399535417557 0.0394080989062786 0.0424762405455112 0.0455443859100342 0.0486125312745571 0.0516806729137897 0.0547488182783127 0.0538143217563629 0.0515456087887287 0.0492768958210945
0.0917356833815575 0.0930894985795021 0.0944433063268661 0.0951038673520088 0.0936846509575844 0.0922654345631599 0.0908462181687355 0.0894270017743111 0.0880077853798866 0.0865885689854622 0.0851693525910378 0.0832808241248131 0.0812358558177948 0.0791908875107765 0.0771459117531776 0.0751009434461594 0.0730559751391411 0.0710110068321228 0.0688291490077972 0.0662366449832916 0.0636441335082054 0.0610516257584095 0.0584591180086136 0.0558666102588177 0.0532741025090218 0.0506815947592258 0.0484227649867535 0.0462751612067223 0.0441275574266911 0.0419799536466599 0.0398323498666286 0.0376847460865974 0.0355371423065662 0.0344648733735085 0.0366185940802097 0.038772314786911 0.0409260392189026 0.0430797599256039 0.0452334806323051 0.0473872013390064 0.049540925770998 0.0485509783029556 0.0465131402015686 0.0444753021001816
0.0913648828864098 0.0930038541555405 0.0946428179740906 0.0954494997859001 0.093759298324585 0.0920690968632698 0.0903789028525352 0.0886887013912201 0.0869984999299049 0.0853083059191704 0.0836181044578552 0.0812513008713722 0.0786589607596397 0.0760666206479073 0.0734742730855942 0.0708819329738617 0.0682895928621292 0.0656972527503967 0.0631797388195992 0.060886699706316 0.0585936605930328 0.0563006214797497 0.0540075823664665 0.0517145469784737 0.0494215078651905 0.0471284687519073 0.0454344972968102 0.043940220028162 0.0424459390342236 0.0409516580402851 0.039457380771637 0.0379630997776985 0.0364688187837601 0.0356579348444939 0.0368972346186638 0.0381365343928337 0.0393758341670036 0.0406151339411736 0.0418544299900532 0.0430937297642231 0.044333029538393 0.043287631124258 0.0414806716144085 0.0396737083792686
0.090994082391262 0.0929182097315788 0.094842329621315 0.0957951247692108 0.0938339456915855 0.0918727666139603 0.0899115800857544 0.0879504010081291 0.0859892219305038 0.084028035402298 0.0820668563246727 0.0792217776179314 0.0760820657014847 0.072942353785038 0.0698026418685913 0.066662922501564 0.0635232105851173 0.0603834986686707 0.0575303211808205 0.0555367544293404 0.0535431876778603 0.0515496172010899 0.0495560504496098 0.0475624799728394 0.0455689132213593 0.0435753427445889 0.0424462333321571 0.0416052788496017 0.0407643206417561 0.0399233661592007 0.039082407951355 0.0382414534687996 0.0374004952609539 0.0368510000407696 0.0371758751571178 0.0375007502734661 0.0378256291151047 0.0381505042314529 0.0384753830730915 0.0388002581894398 0.0391251370310783 0.0380242876708508 0.0364482030272484 0.0348721146583557
