data/working_set_collections/6091692-Cassins_Sparrow-M2/2015/gwetprof_avg.asc
NCOLS 265 
NROWS 230 
XLLCORNER -115.5625 
YLLCORNER 24.8333333333333 
CELLSIZE 0.0833333333333333 
NODATA_value -9999 
[rows 160 to 179 of 230, columns 0 to 43 of 265]
0.387169569730759 0.391163259744644 0.395156979560852 0.39915069937706 0.403144419193268 0.407138139009476 0.411131829023361 0.408377945423126 0.40337485074997 0.398371756076813 0.393368661403656 0.388365566730499 -9999 -9999 -9999 -9999 -9999 -9999 -9999 -9999 -9999 -9999 -9999 -9999 -9999 -9999 -9999 -9999 -9999 -9999 0.452186822891235 0.445386439561844 0.438586056232452 0.431785672903061 0.424985289573669 0.418184906244278 0.411384522914886 0.409857004880905 0.410087108612061 0.410317212343216 0.410547316074371 0.410777449607849 0.411007553339005 0.41123765707016
0.386863559484482 0.392274707555771 0.39768585562706 0.403097033500671 0.40850818157196 0.413919359445572 0.419330507516861 0.416076868772507 0.409934937953949 0.403793036937714 0.397651135921478 0.391509205102921 -9999 -9999 -9999 -9999 -9999 -9999 -9999 -9999 -9999 -9999 -9999 -9999 -9999 -9999 -9999 -9999 -9999 -9999 -9999 0.448793232440948 0.441645562648773 0.43449792265892 0.427350252866745 0.420202612876892 0.413054943084717 0.41134774684906 0.411454021930695 0.411560297012329 0.411666572093964 0.411772847175598 0.411879122257233 0.411985397338867
0.384695261716843 0.390514761209488 0.396334260702133 0.402153760194778 0.407973259687424 0.413792759180069 0.419612288475037 0.416503220796585 0.410417944192886 0.40433269739151 0.398247450590134 0.392162173986435 -9999 -9999 -9999 -9999 -9999 -9999 -9999 -9999 -9999 -9999 -9999 -9999 -9999 -9999 -9999 -9999 -9999 -9999 -9999 -9999 0.443625748157501 0.436905592679977 0.430185437202454 0.42346528172493 0.416745126247406 0.414883494377136 0.414641380310059 0.414399266242981 0.414157152175903 0.413915038108826 0.413672924041748 0.41343080997467
0.380664676427841 0.385883420705795 0.391102164983749 0.396320909261703 0.401539653539658 0.406758397817612 0.411977142095566 0.409657001495361 0.404823869466782 0.399990737438202 0.395157605409622 0.390324503183365 -9999 -9999 -9999 -9999 -9999 -9999 -9999 -9999 -9999 -9999 -9999 -9999 -9999 -9999 -9999 -9999 -9999 -9999 -9999 -9999 0.444526612758636 0.439008712768555 0.433490842580795 0.427972942590714 0.422455042600632 0.420464277267456 0.419649213552475 0.418834149837494 0.418019115924835 0.417204052209854 0.416388988494873 0.415573924779892
0.37663409113884 0.381252080202103 0.385870069265366 0.390488058328629 0.395106047391891 0.399724036455154 0.404342025518417 0.402810782194138 0.399229794740677 0.395648777484894 0.392067790031433 0.388486802577972 -9999 -9999 -9999 -9999 -9999 -9999 -9999 -9999 -9999 -9999 -9999 -9999 -9999 -9999 -9999 -9999 -9999 -9999 -9999 -9999 0.445427477359772 0.441111862659454 0.436796218156815 0.432480603456497 0.428164958953857 0.426045060157776 0.424657046794891 0.423269063234329 0.421881049871445 0.42049303650856 0.419105023145676 0.417717039585114
0.372603505849838 0.37662073969841 0.380637973546982 0.384655207395554 0.388672441244125 0.392689675092697 0.396706908941269 0.395964562892914 0.39363569021225 0.391306817531586 0.388977974653244 0.38664910197258 -9999 -9999 -9999 -9999 -9999 -9999 -9999 -9999 -9999 -9999 -9999 -9999 -9999 -9999 -9999 -9999 -9999 -9999 -9999 -9999 0.446328341960907 0.443214982748032 0.440101623535156 0.436988264322281 0.433874905109406 0.431625843048096 0.429664880037308 0.427703946828842 0.425742983818054 0.423782050609589 0.421821087598801 0.419860154390335
0.368572950363159 0.37198942899704 0.375405877828598 0.378822356462479 0.382238835096359 0.38565531373024 0.38907179236412 0.38911834359169 0.388041615486145 0.3869648873806 0.385888129472733 0.384811401367188 -9999 -9999 -9999 -9999 -9999 -9999 -9999 -9999 -9999 -9999 -9999 -9999 -9999 -9999 -9999 -9999 -9999 -9999 -9999 -9999 0.447229206562042 0.445318102836609 0.443406999111176 0.441495925188065 0.439584821462631 0.437206625938416 0.434672713279724 0.432138830423355 0.429604947566986 0.427071034908295 0.424537152051926 0.422003239393234
0.364542365074158 0.367358088493347 0.370173811912537 0.372989505529404 0.375805228948593 0.378620952367783 0.381436675786972 0.382272154092789 0.38244754076004 0.382622927427292 0.382798314094543 0.382973700761795 -9999 -9999 -9999 -9999 -9999 -9999 -9999 -9999 -9999 -9999 -9999 -9999 -9999 -9999 -9999 -9999 -9999 -9999 -9999 -9999 -9999 0.447421222925186 0.446712404489517 0.446003556251526 0.445294737815857 0.442787408828735 0.43968054652214 0.436573714017868 0.433466881513596 0.430360049009323 0.427253186702728 0.424146354198456
0.360635131597519 0.362963169813156 0.365291208028793 0.367619216442108 0.369947254657745 0.372275292873383 0.374603301286697 0.375973731279373 0.377024918794632 0.378076136112213 0.379127323627472 0.380178511142731 0.381229728460312 0.382280915975571 -9999 -9999 -9999 -9999 -9999 -9999 -9999 -9999 -9999 -9999 -9999 -9999 -9999 -9999 -9999 -9999 -9999 -9999 -9999 -9999 0.447831451892853 0.448355972766876 0.4488804936409 0.44642299413681 0.442971467971802 0.439519941806793 0.436068415641785 0.432616889476776 0.429165363311768 0.425713837146759
0.356851279735565 0.358804672956467 0.360758095979691 0.362711489200592 0.364664882421494 0.366618305444717 0.368571698665619 0.370223075151443 0.371773779392242 0.373324483633041 0.37487518787384 0.376425892114639 0.377976596355438 0.379527300596237 0.380469143390656 -9999 -9999 -9999 -9999 -9999 -9999 -9999 -9999 -9999 -9999 -9999 -9999 -9999 -9999 -9999 -9999 -9999 -9999 -9999 -9999 0.448553144931793 0.450342088937759 0.44811338186264 0.444545447826385 0.440977483987808 0.437409549951553 0.433841586112976 0.430273652076721 0.426705718040466
0.353067398071289 0.354646176099777 0.356224954128265 0.357803761959076 0.359382539987564 0.360961318016052 0.36254009604454 0.364472448825836 0.366522639989853 0.368572860956192 0.370623052120209 0.372673243284225 0.374723464250565 0.376773655414581 0.378171354532242 0.377611607313156 0.37705186009407 -9999 -9999 -9999 -9999 -9999 -9999 -9999 -9999 -9999 -9999 -9999 -9999 -9999 -9999 -9999 -9999 -9999 -9999 0.448750287294388 0.451803714036942 0.44980376958847 0.446119397878647 0.442435026168823 0.438750684261322 0.435066312551498 0.431381940841675 0.427697569131851
0.349283516407013 0.350487679243088 0.351691842079163 0.352896004915237 0.354100167751312 0.355304330587387 0.356508493423462 0.358721822500229 0.361271530389786 0.36382120847702 0.366370916366577 0.368920624256134 0.371470302343369 0.374020010232925 0.375873565673828 0.375638693571091 0.375403821468353 0.375168919563293 -9999 -9999 -9999 -9999 -9999 -9999 -9999 -9999 -9999 -9999 -9999 -9999 -9999 -9999 -9999 -9999 -9999 -9999 0.453265309333801 0.451494187116623 0.447693377733231 0.443892598152161 0.440091788768768 0.436291009187698 0.432490229606628 0.428689420223236
-9999 0.346329212188721 0.34715873003006 0.347988277673721 0.348817825317383 0.349647372961044 0.350476920604706 0.352971196174622 0.356020390987396 0.359069585800171 0.362118780612946 0.36516797542572 0.368217170238495 0.37126636505127 0.373575776815414 0.373665779829025 0.373755753040314 0.373845756053925 0.373935759067535 0.374025762081146 -9999 -9999 -9999 -9999 -9999 -9999 -9999 -9999 -9999 -9999 -9999 -9999 -9999 -9999 -9999 -9999 0.454726904630661 0.453184574842453 0.449267357587814 0.445350140333176 0.441432923078537 0.437515705823898 0.433598518371582 0.429681301116943
-9999 -9999 -9999 0.343080550432205 0.343535453081131 0.343990385532379 0.344445317983627 0.347220569849014 0.350769251585007 0.354317963123322 0.357866644859314 0.361415326595306 0.364964038133621 0.368512719869614 0.371277958154678 0.371692836284637 0.372107714414597 0.372522592544556 0.372937470674515 0.373352348804474 0.373767197132111 -9999 -9999 0.381814032793045 0.386115878820419 0.390417754650116 -9999 -9999 -9999 -9999 -9999 -9999 -9999 -9999 -9999 -9999 0.456188499927521 0.454874962568283 0.450841337442398 0.446807682514191 0.442774057388306 0.438740432262421 0.434706777334213 0.430673152208328
-9999 -9999 -9999 -9999 0.340832591056824 0.341109484434128 0.341386407613754 0.34412756562233 0.347690105438232 0.351252645254135 0.35481521487236 0.358377754688263 0.361940294504166 0.365502834320068 0.368371725082397 0.369159549474716 0.369947373867035 0.370735198259354 0.371523022651672 0.372310847043991 0.37309867143631 -9999 -9999 0.380221128463745 0.383728355169296 0.387235581874847 0.390742808580399 -9999 -9999 -9999 -9999 -9999 -9999 -9999 -9999 -9999 -9999 0.455643445253372 0.452213734388351 0.448784023523331 0.445354342460632 0.441924631595612 0.438494920730591 0.43506520986557
-9999 -9999 -9999 -9999 -9999 -9999 -9999 0.343692183494568 0.346782952547073 0.349873691797256 0.352964460849762 0.356055200099945 0.359145969152451 0.362236708402634 0.364856988191605 0.366065859794617 0.367274731397629 0.368483573198318 0.369692444801331 0.370901316404343 0.372110188007355 0.373319029808044 0.375836044549942 0.378789126873016 0.381742209196091 0.384695261716843 0.387648344039917 0.390601396560669 0.393554478883743 -9999 -9999 -9999 -9999 -9999 -9999 -9999 -9999 -9999 0.453384578227997 0.451279163360596 0.449173748493195 0.447068303823471 0.44496288895607 0.442857474088669
-9999 -9999 -9999 -9999 -9999 -9999 -9999 -9999 0.345875799655914 0.348494738340378 0.351113706827164 0.35373267531395 0.356351613998413 0.358970582485199 0.361342281103134 0.362972170114517 0.3646020591259 0.366231977939606 0.367861866950989 0.369491755962372 0.371121674776077 0.37275156378746 0.374958217144012 0.377357125282288 -9999 0.38215497136116 0.384553879499435 0.386952787637711 0.389351695775986 0.39330992102623 -9999 -9999 -9999 -9999 -9999 -9999 -9999 0.455336570739746 0.454555422067642 0.453774273395538 0.452993154525757 0.452212005853653 0.451430857181549 0.450649708509445
-9999 -9999 -9999 -9999 -9999 -9999 -9999 -9999 -9999 0.347115784883499 0.349262952804565 0.351410120725632 0.353557288646698 0.355704456567764 0.357827544212341 0.359878480434418 0.361929416656494 0.363980352878571 0.366031289100647 0.368082225322723 0.3701331615448 0.372184097766876 0.374080389738083 0.375925153493881 -9999 -9999 0.381459414958954 0.38330414891243 0.385148912668228 0.388807237148285 -9999 -9999 -9999 -9999 -9999 -9999 0.452500998973846 0.455183118581772 0.455726265907288 0.456269413232803 0.456812560558319 0.457355678081512 0.457898825407028 0.458441972732544
-9999 -9999 -9999 -9999 -9999 -9999 -9999 -9999 -9999 -9999 -9999 0.349087566137314 0.35076293349266 0.352438300848007 0.354312837123871 0.356784790754318 0.359256774187088 0.361728727817535 0.364200711250305 0.366672694683075 0.369144648313522 0.371616631746292 0.373202562332153 0.374493151903152 -9999 -9999 -9999 0.379655539989471 0.380946129560471 -9999 -9999 -9999 -9999 -9999 -9999 0.441676586866379 0.451238602399826 0.455029666423798 0.456897109746933 0.458764523267746 0.460631966590881 0.462499380111694 0.464366793632507 0.466234236955643
-9999 -9999 -9999 -9999 -9999 -9999 -9999 -9999 -9999 -9999 -9999 -9999 0.347968608140945 0.349172174930573 0.350798100233078 0.353691130876541 0.356584131717682 0.359477132558823 0.362370133399963 0.365263134241104 0.368156135082245 0.371049135923386 0.372324734926224 0.373061150312424 0.373797595500946 0.374534040689468 -9999 -9999 -9999 -9999 -9999 -9999 -9999 -9999 -9999 0.439951330423355 0.449976235628128 0.454876244068146 0.458067953586578 0.461259663105011 -9999 0.467643052339554 0.470834761857986 0.474026471376419
