data/working_set_collections/6091692-Cassins_Sparrow-M2/2015/gwetprof_avg.asc
NCOLS 265 
NROWS 230 
XLLCORNER -115.5625 
YLLCORNER 24.8333333333333 
CELLSIZE 0.0833333333333333 
NODATA_value -9999 
[rows 200 to 219 of 230, columns 132 to 175 of 265]
0.476147443056107 0.479142904281616 0.481536030769348 0.48212206363678 0.482708066701889 0.483294099569321 0.483880132436752 0.484466135501862 0.485052168369293 0.485638201236725 0.47983530163765 0.471902757883072 0.463970214128494 0.456037700176239 0.448105156421661 0.440172612667084 0.432240068912506 0.427242666482925 0.431050568819046 0.434858500957489 0.43866640329361 0.44247430562973 0.446282237768173 0.450090140104294 0.453898072242737 0.459329009056091 0.465300977230072 0.471272945404053 0.477244913578033 0.483216881752014 0.489188849925995 0.495160818099976 0.499740451574326 0.500143051147461 0.500545620918274 0.500948250293732 0.501350820064545 0.501753449440002 0.502156019210815 0.502558648586273 0.497801154851913 0.491323679685593 0.484846204519272 0.478368729352951
0.478294849395752 0.482025027275085 0.484959244728088 0.485505700111389 0.48605215549469 0.486598581075668 0.487145036458969 0.48769149184227 0.488237947225571 0.488784372806549 0.483723819255829 0.476794272661209 0.469864726066589 0.46293517947197 0.45600563287735 0.449076056480408 0.442146509885788 0.437946647405624 0.441935807466507 0.44592496752739 0.449914127588272 0.453903287649155 0.457892447710037 0.46188160777092 0.465870767831802 0.470091074705124 0.474388420581818 0.478685796260834 0.482983142137527 0.487280517816544 0.49157789349556 0.495875239372253 0.499251693487167 0.499865412712097 0.500479161739349 0.501092910766602 0.501706600189209 0.502320349216461 0.502934098243713 0.503547847270966 0.499074518680573 0.492905557155609 0.486736565828323 0.48056760430336
0.48044228553772 0.484907120466232 0.488382458686829 0.488889336585999 0.489396214485168 0.489903092384338 0.490409940481186 0.490916818380356 0.491423696279526 0.491930574178696 0.487612366676331 0.481685787439346 0.475759238004684 0.4698326587677 0.463906079530716 0.457979530096054 0.45205295085907 0.448650628328323 0.452821046113968 0.45699143409729 0.461161851882935 0.465332239866257 0.469502657651901 0.473673045635223 0.477843463420868 0.480853140354156 0.483475893735886 0.486098647117615 0.488721400499344 0.491344153881073 0.493966907262802 0.496589660644531 0.498762935400009 0.499587804079056 0.500412702560425 0.501237571239471 0.502062439918518 0.502887308597565 0.503712177276611 0.504537045955658 0.500347912311554 0.494487404823303 0.488626927137375 0.482766479253769
0.482589691877365 0.487789213657379 0.491805672645569 0.492272973060608 0.492740273475647 0.493207573890686 0.493674874305725 0.494142174720764 0.494609475135803 0.495076775550842 0.491500914096832 0.486577332019806 0.481653720140457 0.476730138063431 0.471806555986404 0.466882973909378 0.461959391832352 0.459354609251022 0.463706254959106 0.468057930469513 0.472409576177597 0.476761221885681 0.481112867593765 0.485464513301849 0.489816159009933 0.491615176200867 0.492563337087631 0.493511497974396 0.494459629058838 0.495407789945602 0.496355950832367 0.497304081916809 0.498274207115173 0.499310195446014 0.5003462433815 0.501382231712341 0.502418220043182 0.503454208374023 0.504490256309509 0.50552624464035 0.501621246337891 0.49606928229332 0.490517318248749 0.484965354204178
0.479046642780304 0.484338045120239 0.488542258739471 0.489484697580338 0.490427166223526 0.491369634866714 0.492312103509903 0.493254572153091 0.494197010993958 0.495139479637146 0.492391467094421 0.488413274288177 0.484435081481934 0.480456918478012 0.476478725671768 0.472500532865524 0.468522369861603 0.466588705778122 0.470788687467575 0.474988669157028 0.479188650846481 0.483388632535934 0.487588614225388 0.491788595914841 0.495988577604294 0.497094601392746 0.49716928601265 0.497243970632553 0.497318655252457 0.49739333987236 0.497468024492264 0.497542709112167 0.497896432876587 0.499087244272232 0.500278055667877 0.501468896865845 0.502659738063812 0.503850519657135 0.505041360855103 0.50623220205307 0.502610385417938 0.497384458780289 0.492158502340317 0.486932545900345
0.469813078641891 0.474553644657135 0.478592187166214 0.48052453994751 0.482456892728806 0.484389275312424 0.48632162809372 0.488254010677338 0.490186363458633 0.492118746042252 0.49028405547142 0.487193673849106 0.484103322029114 0.481012940406799 0.477922588586807 0.474832206964493 0.471741855144501 0.470352917909622 0.474068313837051 0.477783709764481 0.48149910569191 0.485214501619339 0.488929927349091 0.49264532327652 0.496360719203949 0.497291326522827 0.497293710708618 0.497296065092087 0.497298449277878 0.497300803661346 0.497303187847137 0.497305542230606 0.497629642486572 0.498918950557709 0.500208258628845 0.501497566699982 0.502786874771118 0.504076242446899 0.505365550518036 0.506654858589172 0.503315329551697 0.49843293428421 0.493550509214401 0.488668084144592
0.460579544305801 0.464769244194031 0.468642115592957 0.471564382314682 0.474486649036407 0.477408915758133 0.480331182479858 0.483253449201584 0.486175715923309 0.489097982645035 0.488176643848419 0.485974073410034 0.483771532773972 0.481568992137909 0.479366421699524 0.477163881063461 0.474961340427399 0.474117130041122 0.477347940206528 0.480578750371933 0.483809560537338 0.487040400505066 0.490271210670471 0.493502020835876 0.496732860803604 0.497488081455231 0.497418135404587 0.497348189353943 0.497278243303299 0.497208267450333 0.497138321399689 0.497068375349045 0.497362852096558 0.498750656843185 0.500138461589813 0.501526296138763 0.502914071083069 0.504301905632019 0.505689680576324 0.507077515125275 0.504020273685455 0.499481409788132 0.494942486286163 0.490403592586517
0.451345980167389 0.454984843730927 0.458692044019699 0.462604194879532 0.466516375541687 0.470428556203842 0.474340707063675 0.47825288772583 0.482165068387985 0.486077219247818 0.486069232225418 0.484754502773285 0.483439743518829 0.482125014066696 0.480810284614563 0.47949555516243 0.478180825710297 0.4778813123703 0.480627566576004 0.483373790979385 0.486120045185089 0.48886626958847 0.491612493991852 0.494358748197556 0.497104972600937 0.497684836387634 0.497542560100555 0.497400283813477 0.497258007526398 0.497115761041641 0.496973484754562 0.496831208467484 0.497096061706543 0.498582363128662 0.500068664550781 0.5015549659729 0.50304126739502 0.504527568817139 0.506013870239258 0.507500171661377 0.504725217819214 0.500529885292053 0.496334493160248 0.492139130830765
0.442112445831299 0.445200443267822 0.448741972446442 0.453644037246704 0.458546102046967 0.463448196649551 0.468350261449814 0.473252326250076 0.478154420852661 0.483056485652924 0.483961820602417 0.483534902334213 0.48310798406601 0.482681065797806 0.482254147529602 0.481827229261398 0.481400310993195 0.481645524501801 0.48390719294548 0.486168831586838 0.488430500030518 0.490692138671875 0.492953807115555 0.495215475559235 0.497477114200592 0.497881591320038 0.497666984796524 0.497452408075333 0.497237801551819 0.497023224830627 0.496808618307114 0.496594041585922 0.496829271316528 0.498414069414139 0.499998867511749 0.501583695411682 0.50316846370697 0.504753232002258 0.506338059902191 0.507922828197479 0.505430161952972 0.501578330993652 0.497726500034332 0.493874669075012
0.432878911495209 0.435416042804718 0.438791900873184 0.444683879613876 0.450575858354568 0.456467837095261 0.462359815835953 0.468251794576645 0.474143743515015 0.480035722255707 0.481854408979416 0.482315301895142 0.482776194810867 0.483237087726593 0.483697980642319 0.484158903360367 0.484619796276093 0.485409736633301 0.487186819314957 0.48896387219429 0.490740954875946 0.492518037557602 0.494295090436935 0.496072173118591 0.497849255800247 0.498078346252441 0.497791409492493 0.497504502534866 0.49721759557724 0.496930688619614 0.496643781661987 0.496356844902039 0.496562510728836 0.498245775699615 0.499929070472717 0.501612365245819 0.503295660018921 0.504978954792023 0.506662249565125 0.508345544338226 0.506135106086731 0.502626836299896 0.499118506908417 0.49561020731926
0.425543010234833 0.427427798509598 0.430422097444534 0.436744868755341 0.443067610263824 0.449390381574631 0.455713123083115 0.462035894393921 0.468358635902405 0.474681407213211 0.477293699979782 0.478669196367264 0.480044722557068 0.48142021894455 0.482795715332031 0.484171211719513 0.485546708106995 0.48695906996727 0.488481968641281 0.490004897117615 0.491527795791626 0.493050694465637 0.494573622941971 0.496096521615982 0.497619450092316 0.497770994901657 0.497465431690216 0.497159868478775 0.496854305267334 0.496548771858215 0.496243208646774 0.495937645435333 0.496062517166138 0.497478663921356 0.498894840478897 0.500311017036438 0.501727163791656 0.50314337015152 0.504559516906738 0.505975663661957 0.503460943698883 0.499635934829712 0.495810896158218 0.491985887289047
0.420104771852493 0.421235740184784 0.423632562160492 0.429826974868774 0.436021387577057 0.442215800285339 0.448410212993622 0.454604625701904 0.460799038410187 0.466993451118469 0.470279723405838 0.472596615552902 0.474913507699966 0.477230399847031 0.479547291994095 0.481864184141159 0.484181046485901 0.486293524503708 0.487792670726776 0.489291846752167 0.490791022777557 0.492290169000626 0.493789345026016 0.495288521051407 0.496787697076797 0.496959567070007 0.496689051389694 0.496418505907059 0.496147960424423 0.49587744474411 0.495606899261475 0.495336353778839 0.495329320430756 0.496112763881683 0.496896177530289 0.497679620981216 0.498463064432144 0.49924647808075 0.500029921531677 0.500813364982605 0.497407704591751 0.492605715990067 0.48780369758606 0.483001708984375
0.414666563272476 0.41504368185997 0.416843056678772 0.422909110784531 0.428975194692612 0.43504124879837 0.441107332706451 0.44717338681221 0.453239470720291 0.45930552482605 0.463265746831894 0.466524034738541 0.469782322645187 0.473040580749512 0.476298868656158 0.479557126760483 0.48281541466713 0.485627979040146 0.487103402614594 0.488578826189041 0.490054249763489 0.491529673337936 0.493005067110062 0.494480490684509 0.495955914258957 0.496148139238358 0.49591264128685 0.495677143335342 0.495441615581512 0.495206117630005 0.494970589876175 0.494735091924667 0.494596123695374 0.494746834039688 0.49489751458168 0.495048224925995 0.495198935270309 0.495349615812302 0.495500326156616 0.495651036500931 0.491354465484619 0.485575497150421 0.479796499013901 0.474017530679703
0.409228324890137 0.408851623535156 0.41005352139473 0.415991246700287 0.421928972005844 0.427866697311401 0.433804422616959 0.439742147922516 0.445679873228073 0.45161759853363 0.456251800060272 0.460451453924179 0.464651107788086 0.468850761651993 0.473050445318222 0.477250099182129 0.481449753046036 0.484962433576584 0.486414104700089 0.487865775823593 0.489317446947098 0.490769147872925 0.492220818996429 0.493672490119934 0.495124161243439 0.495336711406708 0.495136231184006 0.494935750961304 0.494735270738602 0.4945347905159 0.494334310293198 0.494133800268173 0.493862926959991 0.493380904197693 0.492898881435394 0.492416828870773 0.491934806108475 0.491452753543854 0.490970730781555 0.490488708019257 0.485301226377487 0.478545278310776 0.471789330244064 0.46503335237503
0.403790086507797 0.402659565210342 0.40326401591301 0.409073382616043 0.414882779121399 0.420692145824432 0.426501542329788 0.432310909032822 0.438120305538177 0.443929672241211 0.449237823486328 0.454378873109818 0.459519922733307 0.464660972356796 0.469802021980286 0.474943071603775 0.480084121227264 0.484296888113022 0.485724806785583 0.487152755260468 0.488580673933029 0.490008622407913 0.491436541080475 0.492864489555359 0.494292408227921 0.49452531337738 0.494359850883484 0.494194388389587 0.494028925895691 0.493863463401794 0.493698000907898 0.493532538414001 0.493129760026932 0.492014974355698 0.490900218486786 0.489785432815552 0.48867067694664 0.487555891275406 0.486441135406494 0.485326379537582 0.479247987270355 0.47151505947113 0.463782131671906 0.456049203872681
0.39835187792778 0.396467506885529 0.396474480628967 0.402155518531799 0.407836556434631 0.413517594337463 0.419198632240295 0.424879670143127 0.43056070804596 0.436241745948792 0.442223846912384 0.448306292295456 0.454388707876205 0.460471153259277 0.466553598642349 0.472636014223099 0.478718459606171 0.48363134264946 0.485035508871078 0.48643970489502 0.487843900918961 0.489248096942902 0.49065226316452 0.492056459188461 0.493460655212402 0.493713885545731 0.49358344078064 0.493452996015549 0.49332258105278 0.493192136287689 0.493061691522598 0.49293127655983 0.49239656329155 0.490649044513702 0.488901555538177 0.48715403676033 0.485406547784805 0.483659029006958 0.481911540031433 0.480164051055908 0.473194748163223 0.464484840631485 0.455774933099747 0.447065025568008
0.395179241895676 0.392867088317871 0.392406642436981 0.397501349449158 0.402596026659012 0.407690733671188 0.412785440683365 0.417880147695541 0.422974824905396 0.428069531917572 0.434613347053528 0.441640168428421 0.448667019605637 0.45569384098053 0.462720692157745 0.469747543334961 0.476774364709854 0.482411324977875 0.483878552913666 0.485345810651779 0.486813068389893 0.488280326128006 0.489747583866119 0.491214841604233 0.492682099342346 0.492989599704742 0.492910534143448 0.492831468582153 0.492752403020859 0.492673337459564 0.49259427189827 0.492515206336975 0.49199503660202 0.490151464939117 0.488307923078537 0.486464351415634 0.484620809555054 0.482777237892151 0.48093369603157 0.479090124368668 0.472330540418625 0.463932275772095 0.455534011125565 0.447135716676712
0.394272178411484 0.39185830950737 0.391060471534729 0.395110845565796 0.399161219596863 0.403211563825607 0.407261937856674 0.411312282085419 0.415362656116486 0.41941300034523 0.426406294107437 0.434380561113358 0.442354798316956 0.450329065322876 0.458303332328796 0.466277599334717 0.474251836538315 0.480636805295944 0.482253938913345 0.483871072530746 0.485488206148148 0.487105339765549 0.488722443580627 0.490339577198029 0.49195671081543 0.492352485656738 0.492341130971909 0.492329776287079 0.492318451404572 0.492307096719742 0.492295742034912 0.492284417152405 0.491925150156021 0.490522235631943 0.489119291305542 0.487716376781464 0.486313432455063 0.484910517930984 0.483507573604584 0.482104659080505 0.476655393838882 0.46985736489296 0.463059335947037 0.456261307001114
0.393365114927292 0.390849530696869 0.389714330434799 0.392720341682434 0.395726382732391 0.398732393980026 0.401738405227661 0.404744446277618 0.407750457525253 0.410756498575211 0.418199241161346 0.427120923995972 0.436042606830597 0.444964289665222 0.453885972499847 0.46280762553215 0.471729308366776 0.478862315416336 0.480629324913025 0.482396334409714 0.48416331410408 0.485930323600769 0.487697333097458 0.489464312791824 0.491231322288513 0.491715341806412 0.491771727800369 0.491828083992004 0.491884469985962 0.491940855979919 0.491997212171555 0.492053598165512 0.491855293512344 0.490892976522446 0.489930689334869 0.488968372344971 0.488006085157394 0.487043768167496 0.486081480979919 0.485119163990021 0.48098024725914 0.475782454013824 0.470584660768509 0.465386897325516
0.392458081245422 0.389840751886368 0.388368159532547 0.390329867601395 0.39229154586792 0.394253224134445 0.39621490240097 0.398176610469818 0.400138288736343 0.402099967002869 0.409992218017578 0.419861316680908 0.429730415344238 0.439599514007568 0.449468612670898 0.459337681531906 0.469206780195236 0.477087825536728 0.479004710912704 0.480921566486359 0.482838451862335 0.484755337238312 0.486672192811966 0.488589078187943 0.490505933761597 0.491078227758408 0.49120232462883 0.491326421499252 0.491450488567352 0.491574585437775 0.491698682308197 0.491822779178619 0.491785436868668 0.491263747215271 0.490742057561874 0.4902203977108 0.489698708057404 0.489177048206329 0.488655358552933 0.488133668899536 0.485305100679398 0.481707572937012 0.478110015392303 0.474512457847595
