data/working_set_collections/6091692-Cassins_Sparrow-M2/2015/gwetroot_avg.asc
NCOLS 265 
NROWS 230 
XLLCORNER -115.5625 
YLLCORNER 24.8333333333333 
CELLSIZE 0.0833333333333333 
NODATA_value -9999 
[rows 0 to 19 of 230, columns 0 to 43 of 265]
0.483371615409851 0.474935680627823 0.466499745845795 0.458063811063766 0.449627876281738 0.44119194149971 0.432756006717682 0.446641862392426 0.467968344688416 0.489294826984406 0.510621309280396 0.531947791576385 0.553274273872375 0.574600756168365 0.589590847492218 0.585571825504303 0.581552743911743 0.577533721923828 0.573514640331268 0.569495618343353 0.565476536750793 0.561457455158234 0.560026407241821 0.559457957744598 0.558889508247375 0.558321118354797 0.557752668857574 0.557184219360352 0.556615829467773 0.556777119636536 0.559127807617188 0.561478435993195 0.563829064369202 0.566179752349854 0.568530380725861 0.570881009101868 0.57323169708252 0.573111116886139 0.572166860103607 0.571222543716431 0.570278286933899 0.569333970546722 0.568389713764191 0.567445397377014
0.501677453517914 0.493380844593048 0.485084235668182 0.476787656545639 0.468491047620773 0.46019446849823 0.451897859573364 0.463520258665085 0.48178231716156 0.500044345855713 0.518306374549866 0.536568462848663 0.554830491542816 0.573092520236969 0.5857053399086 0.58137047290802 0.57703560590744 0.57270073890686 0.568365931510925 0.564031064510345 0.559696197509766 0.555361330509186 0.554151654243469 0.553983688354492 0.55381578207016 0.553647816181183 0.553479909896851 0.553311944007874 0.553144037723541 0.553627908229828 0.556067168712616 0.558506488800049 0.560945808887482 0.563385128974915 0.565824449062347 0.568263709545135 0.570703029632568 0.570148825645447 0.568596839904785 0.567044794559479 0.565492749214172 0.563940763473511 0.562388718128204 0.560836672782898
0.519983232021332 0.511825978755951 0.50366872549057 0.495511502027512 0.487354248762131 0.47919699549675 0.471039742231369 0.480398654937744 0.495596259832382 0.51079386472702 0.525991499423981 0.541189074516296 0.556386709213257 0.571584284305573 0.581819832324982 0.577169179916382 0.572518527507782 0.567867815494537 0.563217163085938 0.558566510677338 0.553915798664093 0.549265146255493 0.548276901245117 0.548509478569031 0.5487419962883 0.548974573612213 0.549207091331482 0.549439668655396 0.549672245979309 0.550478637218475 0.553006589412689 0.555534541606903 0.558062553405762 0.560590505599976 0.56311845779419 0.565646409988403 0.568174421787262 0.567186594009399 0.565026819705963 0.562867045402527 0.560707271099091 0.558547496795654 0.556387722492218 0.554228007793427
0.538289070129395 0.530271172523499 0.522253274917603 0.514235317707062 0.506217420101166 0.49819952249527 0.490181624889374 0.497277021408081 0.509410202503204 0.521543383598328 0.533676564693451 0.545809745788574 0.557942926883698 0.570076107978821 0.577934324741364 0.572967886924744 0.568001389503479 0.563034892082214 0.55806839466095 0.55310195684433 0.548135459423065 0.543168962001801 0.542402148246765 0.543035209178925 0.543668210506439 0.544301271438599 0.544934332370758 0.545567393302917 0.546200454235077 0.547329366207123 0.549946010112762 0.552562654018402 0.555179238319397 0.557795882225037 0.560412526130676 0.563029110431671 0.565645754337311 0.564224302768707 0.561456799507141 0.558689296245575 0.555921792984009 0.553154289722443 0.550386786460876 0.54761928319931
0.556594908237457 0.548716306686401 0.54083776473999 0.532959222793579 0.525080621242523 0.517202079296112 0.509323477745056 0.514155387878418 0.523224174976349 0.532292902469635 0.541361629962921 0.550430357456207 0.559499144554138 0.568567872047424 0.574048817157745 0.568766534328461 0.563484251499176 0.558201968669891 0.552919685840607 0.547637403011322 0.542355120182037 0.537072837352753 0.536527395248413 0.537560939788818 0.538594484329224 0.539628028869629 0.540661573410034 0.541695117950439 0.542728662490845 0.54418009519577 0.546885371208191 0.549590706825256 0.552295982837677 0.555001258850098 0.557706534862518 0.560411810874939 0.563117146492004 0.561262011528015 0.557886779308319 0.554511547088623 0.551136255264282 0.547761023044586 0.54438579082489 0.541010558605194
0.574900686740875 0.567161500453949 0.559422254562378 0.551683068275452 0.543943822383881 0.53620457649231 0.528465390205383 0.5310338139534 0.537038087844849 0.543042421340942 0.549046695232391 0.555051028728485 0.561055302619934 0.567059636116028 0.570163369178772 0.564565241336823 0.558967113494873 0.553369045257568 0.547770917415619 0.542172849178314 0.536574721336365 0.53097665309906 0.530652642250061 0.532086670398712 0.533520698547363 0.534954726696014 0.536388754844666 0.537822782993317 0.539256870746613 0.541030824184418 0.543824791908264 0.546618759632111 0.549412667751312 0.552206635475159 0.555000603199005 0.557794511318207 0.560588479042053 0.558299720287323 0.554316759109497 0.550333797931671 0.5463507771492 0.542367815971375 0.538384795188904 0.534401834011078
0.577346086502075 0.570070862770081 0.562795579433441 0.555520355701447 0.548245131969452 0.540969848632812 0.533694624900818 0.535246670246124 0.539741158485413 0.544235706329346 0.548730194568634 0.553224682807922 0.557719171047211 0.562213718891144 0.56433492898941 0.559336423873901 0.554337918758392 0.549339413642883 0.544340908527374 0.539342403411865 0.534343898296356 0.529345393180847 0.528900980949402 0.529974579811096 0.53104817867279 0.532121777534485 0.533195376396179 0.534268975257874 0.535342574119568 0.53678286075592 0.539323449134827 0.541864037513733 0.544404625892639 0.546945214271545 0.549485802650452 0.552026391029358 0.554566979408264 0.552885293960571 0.549796164035797 0.546707034111023 0.543617963790894 0.540528833866119 0.537439703941345 0.534350574016571
0.563931047916412 0.557444393634796 0.550957798957825 0.544471144676208 0.537984490394592 0.531497895717621 0.525011241436005 0.526794075965881 0.531333386898041 0.5358726978302 0.540412068367004 0.544951379299164 0.549490690231323 0.554030060768127 0.556563675403595 0.553080141544342 0.549596667289734 0.546113133430481 0.542629659175873 0.53914612531662 0.535662651062012 0.532179117202759 0.531272411346436 0.53122466802597 0.531176865100861 0.531129062175751 0.531081318855286 0.531033515930176 0.530985772609711 0.531436204910278 0.533381402492523 0.535326600074768 0.537271797657013 0.539216995239258 0.541162192821503 0.543107390403748 0.545052587985992 0.54501861333847 0.544324994087219 0.543631374835968 0.542937755584717 0.542244076728821 0.54155045747757 0.540856838226318
0.55051600933075 0.544817984104156 0.539119958877563 0.53342193365097 0.527723908424377 0.522025883197784 0.516327857971191 0.518341422080994 0.522925615310669 0.527509748935699 0.53209388256073 0.536678075790405 0.541262209415436 0.545846343040466 0.548792362213135 0.546823859214783 0.544855356216431 0.542886853218079 0.540918350219727 0.538949847221375 0.536981344223022 0.53501284122467 0.533643901348114 0.5324746966362 0.531305551528931 0.530136406421661 0.528967261314392 0.527798116207123 0.526628971099854 0.526089549064636 0.52743935585022 0.528789162635803 0.530138969421387 0.53148877620697 0.532838523387909 0.534188330173492 0.535538136959076 0.537151992321014 0.538853824138641 0.540555655956268 0.542257487773895 0.543959379196167 0.545661211013794 0.547363042831421
0.537100970745087 0.532191514968872 0.527282118797302 0.522372722625732 0.517463266849518 0.512553870677948 0.507644474506378 0.509888827800751 0.514517784118652 0.519146800041199 0.5237757563591 0.528404772281647 0.533033728599548 0.53766268491745 0.541021049022675 0.540567576885223 0.540114045143127 0.539660573005676 0.539207100868225 0.538753569126129 0.538300096988678 0.537846565246582 0.536015331745148 0.533724784851074 0.531434237957001 0.529143750667572 0.526853203773499 0.52456271648407 0.522272169589996 0.520742893218994 0.521497309207916 0.522251725196838 0.523006081581116 0.523760497570038 0.52451491355896 0.525269329547882 0.526023745536804 0.529285311698914 0.533382654190063 0.537479996681213 0.541577279567719 0.545674622058868 0.549771964550018 0.553869307041168
0.523685932159424 0.519565105438232 0.515444278717041 0.511323511600494 0.507202684879303 0.503081858158112 0.498961061239243 0.501436233520508 0.50611001253128 0.510783851146698 0.515457630157471 0.520131468772888 0.524805247783661 0.529479026794434 0.533249795436859 0.534311294555664 0.535372793674469 0.536434292793274 0.537495791912079 0.538557291030884 0.539618790149689 0.540680289268494 0.538386762142181 0.534974873065948 0.531562983989716 0.528151094913483 0.524739146232605 0.521327257156372 0.517915368080139 0.515396177768707 0.515555202960968 0.515714228153229 0.51587325334549 0.51603227853775 0.516191303730011 0.516350328922272 0.516509354114532 0.521418690681458 0.527911484241486 0.534404277801514 0.540897071361542 0.547389924526215 0.553882718086243 0.560375511646271
0.510270833969116 0.506938636302948 0.50360643863678 0.500274240970612 0.496942073106766 0.493609875440598 0.490277677774429 0.492983609437943 0.497702240943909 0.502420842647552 0.507139503955841 0.511858105659485 0.516576766967773 0.521295368671417 0.525478482246399 0.528055012226105 0.530631482601166 0.533208012580872 0.535784482955933 0.538361012935638 0.540937542915344 0.543514013290405 0.540758192539215 0.536224901676178 0.531691670417786 0.527158379554749 0.522625148296356 0.518091857433319 0.513558566570282 0.510049521923065 0.509613156318665 0.509176790714264 0.508740425109863 0.508304059505463 0.507867693901062 0.507431328296661 0.506994962692261 0.513552069664001 0.522440314292908 0.531328618526459 0.540216863155365 0.549105167388916 0.557993471622467 0.566881716251373
0.501453936100006 0.498845666646957 0.496237426996231 0.493629187345505 0.491020947694778 0.48841267824173 0.485804438591003 0.488927513360977 0.493961036205292 0.498994529247284 0.504028022289276 0.509061574935913 0.514095067977905 0.519128561019897 0.523697555065155 0.526872873306274 0.530048251152039 0.533223628997803 0.536398947238922 0.539574325084686 0.54274970293045 0.54592502117157 0.542553544044495 0.536999702453613 0.531445920467377 0.52589213848114 0.520338296890259 0.514784514904022 0.509230673313141 0.505036473274231 0.504921078681946 0.504805684089661 0.504690289497375 0.50457489490509 0.504459500312805 0.50434410572052 0.504228711128235 0.511180579662323 0.520488262176514 0.529795944690704 0.53910356760025 0.548411250114441 0.557718932628632 0.567026555538177
0.497235089540482 0.495286136865616 0.49333718419075 0.491388231515884 0.489439278841019 0.487490326166153 0.485541373491287 0.489267975091934 0.49488639831543 0.500504851341248 0.506123244762421 0.511741697788239 0.517360150814056 0.522978603839874 0.527906954288483 0.530764997005463 0.533623039722443 0.536481142044067 0.539339184761047 0.542197227478027 0.545055329799652 0.547913372516632 0.543772757053375 0.53729921579361 0.530825734138489 0.524352252483368 0.517878711223602 0.511405229568481 0.504931688308716 0.500357031822205 0.501478970050812 0.502600908279419 0.503722846508026 0.504844784736633 0.50596672296524 0.507088661193848 0.508210599422455 0.514304280281067 0.522055268287659 0.529806196689606 0.537557184696198 0.545308113098145 0.553059101104736 0.560810029506683
0.493016242980957 0.491726577281952 0.490436941385269 0.489147275686264 0.487857609987259 0.486567944288254 0.485278308391571 0.489608407020569 0.49581179022789 0.502015113830566 0.50821852684021 0.514421880245209 0.520625233650208 0.526828587055206 0.532116293907166 0.534657061100006 0.537197828292847 0.539738595485687 0.542279362678528 0.544820129871368 0.547360897064209 0.54990166425705 0.544991970062256 0.537598788738251 0.530205547809601 0.522812366485596 0.515419125556946 0.508025944232941 0.500632703304291 0.495677620172501 0.498036891222 0.500396132469177 0.502755403518677 0.505114674568176 0.507473945617676 0.509833216667175 0.512192487716675 0.517427980899811 0.523622274398804 0.529816508293152 0.5360107421875 0.542205035686493 0.548399269580841 0.554593503475189
0.488797396421432 0.48816704750061 0.487536668777466 0.486906319856644 0.486275941133499 0.485645592212677 0.485015243291855 0.489948868751526 0.496737152338028 0.50352543592453 0.510313749313354 0.517102003097534 0.523890316486359 0.530678629875183 0.536325693130493 0.538549184799194 0.540772676467896 0.542996108531952 0.545219600200653 0.547443091869354 0.549666523933411 0.551890015602112 0.546211183071136 0.537898302078247 0.529585361480713 0.521272480487823 0.512959539890289 0.5046466588974 0.496333718299866 0.490998178720474 0.494594782590866 0.498191386461258 0.501788020133972 0.505384564399719 0.508981168270111 0.512577772140503 0.516174376010895 0.520551681518555 0.525189220905304 0.529826819896698 0.534464359283447 0.539101898670197 0.543739438056946 0.548376977443695
0.48457857966423 0.484607487916946 0.484636425971985 0.484665364027023 0.484694302082062 0.4847232401371 0.484752148389816 0.49028930068016 0.497662514448166 0.505035758018494 0.512408971786499 0.519782185554504 0.52715539932251 0.534528613090515 0.540535092353821 0.542441248893738 0.5443474650383 0.546253621578217 0.548159778118134 0.550065994262695 0.551972150802612 0.553878307342529 0.547430396080017 0.538197815418243 0.528965175151825 0.519732594490051 0.510499954223633 0.501267373561859 0.492034733295441 0.48631876707077 0.491152703762054 0.495986640453339 0.500820577144623 0.505654513835907 0.510488450527191 0.515322387218475 0.52015632390976 0.523675382137299 0.526756227016449 0.529837071895599 0.53291791677475 0.5359987616539 0.539079606533051 0.542160451412201
0.480359733104706 0.481047958135605 0.481736183166504 0.482424408197403 0.483112633228302 0.483800858259201 0.4844890832901 0.490629762411118 0.498587906360626 0.506546080112457 0.514504194259644 0.522462368011475 0.530420482158661 0.538378655910492 0.544744491577148 0.546333372592926 0.547922253608704 0.549511134624481 0.551100015640259 0.552688896656036 0.554277777671814 0.555866658687592 0.548649609088898 0.53849732875824 0.528344988822937 0.518192708492279 0.508040368556976 0.497888058423996 0.487735748291016 0.481639325618744 0.48771059513092 0.493781864643097 0.499853134155273 0.50592440366745 0.511995673179626 0.518066942691803 0.52413821220398 0.526799142360687 0.528323233127594 0.529847383499146 0.531371533870697 0.532895624637604 0.534419775009155 0.535943925380707
0.47514221072197 0.476563841104507 0.477985501289368 0.479407131671906 0.480828791856766 0.482250422239304 0.483672052621841 0.489744514226913 0.497367233037949 0.504989981651306 0.512612700462341 0.520235419273376 0.527858138084412 0.535480856895447 0.541572272777557 0.543069899082184 0.544567465782166 0.546065032482147 0.547562599182129 0.549060165882111 0.550557732582092 0.552055299282074 0.544934689998627 0.53494131565094 0.524947941303253 0.514954626560211 0.504961252212524 0.494967877864838 0.484974503517151 0.478951454162598 0.484839260578156 0.490727066993713 0.496614873409271 0.502502679824829 0.508390486240387 0.514278292655945 0.520166099071503 0.523534297943115 0.526062607765198 0.528590857982635 0.531119167804718 0.533647477626801 0.536175787448883 0.538704097270966
0.468925982713699 0.471155166625977 0.473384350538254 0.475613534450531 0.477842718362808 0.480071902275085 0.482301086187363 0.487633585929871 0.494000554084778 0.50036746263504 0.506734430789948 0.513101398944855 0.519468307495117 0.525835275650024 0.531018555164337 0.532650768756866 0.53428304195404 0.535915315151215 0.537547588348389 0.539179801940918 0.540812075138092 0.542444348335266 0.536285579204559 0.527529835700989 0.518774032592773 0.510018289089203 0.501262545585632 0.492506802082062 0.483751058578491 0.478255122900009 0.482538670301437 0.486822217702866 0.491105765104294 0.495389342308044 0.499672889709473 0.503956437110901 0.508239984512329 0.513880908489227 0.519974231719971 0.526067614555359 0.532160937786102 0.53825432062149 0.544347643852234 0.550440967082977
