data/working_set_collections/6091692-Cassins_Sparrow-M2/2015/gwetroot_avg.asc
NCOLS 265 
NROWS 230 
XLLCORNER -115.5625 
YLLCORNER 24.8333333333333 
CELLSIZE 0.0833333333333333 
NODATA_value -9999 
[rows 20 to 39 of 230, columns 0 to 43 of 265]
0.462709754705429 0.465746492147446 0.468783229589462 0.471819937229156 0.474856674671173 0.477893382310867 0.480930119752884 0.48552268743515 0.490633845329285 0.495745003223419 0.500856161117554 0.505967319011688 0.511078536510468 0.516189694404602 0.520464777946472 0.522231698036194 0.52399867773056 0.525765597820282 0.527532517910004 0.529299437999725 0.531066417694092 0.532833337783813 0.527636468410492 0.520118296146393 0.512600183486938 0.505082011222839 0.497563868761063 0.490045726299286 0.482527583837509 0.477558791637421 0.480238080024719 0.48291739821434 0.485596686601639 0.488275974988937 0.490955293178558 0.493634581565857 0.496313869953156 0.504227519035339 0.513885915279388 0.523544311523438 0.533202707767487 0.542861104011536 0.552519500255585 0.562177896499634
0.456493556499481 0.460337817668915 0.464182078838348 0.468026340007782 0.471870601177216 0.475714892148972 0.479559153318405 0.483411759138107 0.487267136573792 0.491122543811798 0.494977921247482 0.498833298683167 0.502688705921173 0.506544053554535 0.509911000728607 0.511812627315521 0.513714253902435 0.515615880489349 0.517517507076263 0.519419074058533 0.521320700645447 0.523222327232361 0.518987357616425 0.512706816196442 0.506426274776459 0.500145733356476 0.493865191936493 0.48758465051651 0.481304109096527 0.476862460374832 0.477937489748001 0.479012548923492 0.480087608098984 0.481162637472153 0.482237696647644 0.483312726020813 0.484387785196304 0.494574129581451 0.507797539234161 0.521021008491516 0.534244418144226 0.547467887401581 0.560691356658936 0.573914766311646
0.450277328491211 0.454929143190384 0.459580928087234 0.464232742786407 0.46888455748558 0.473536372184753 0.478188186883926 0.481300830841064 0.483900457620621 0.486500054597855 0.489099651575089 0.491699278354645 0.494298875331879 0.496898472309113 0.499357253313065 0.501393556594849 0.50342983007431 0.505466163158417 0.507502436637878 0.509538769721985 0.511575043201447 0.513611316680908 0.510338187217712 0.505295276641846 0.500252366065979 0.49520942568779 0.490166485309601 0.485123544931412 0.480080634355545 0.476166129112244 0.475636929273605 0.475107699632645 0.474578499794006 0.474049299955368 0.47352010011673 0.472990870475769 0.472461670637131 0.484920740127563 0.501709222793579 0.518497705459595 0.53528618812561 0.552074670791626 0.568863153457642 0.585651636123657
0.444061100482941 0.449520438909531 0.454979807138443 0.460439145565033 0.465898513793945 0.471357852220535 0.476817220449448 0.479189932346344 0.480533748865128 0.481877565383911 0.483221411705017 0.484565228223801 0.485909074544907 0.48725289106369 0.488803505897522 0.490974485874176 0.49314546585083 0.495316445827484 0.497487425804138 0.499658405780792 0.501829385757446 0.5040003657341 0.501689076423645 0.497883766889572 0.494078457355499 0.490273118019104 0.486467808485031 0.482662469148636 0.478857159614563 0.475469797849655 0.473336338996887 0.471202880144119 0.469069421291351 0.466935962438583 0.464802503585815 0.462669014930725 0.460535556077957 0.475267350673676 0.495620876550674 0.515974402427673 0.536327958106995 0.556681513786316 0.577035009860992 0.597388565540314
0.444082081317902 0.449357837438583 0.454633623361588 0.459909379482269 0.465185135602951 0.470460921525955 0.475736677646637 0.477762043476105 0.478703945875168 0.479645818471909 0.480587720870972 0.481529623270035 0.482471495866776 0.483413398265839 0.484875589609146 0.487898677587509 0.490921765565872 0.493944853544235 0.496967941522598 0.499991029500961 0.503014147281647 0.50603723526001 0.503678441047668 0.499525755643845 0.495373070240021 0.491220355033875 0.487067669630051 0.482914954423904 0.478762269020081 0.474991858005524 0.472368270158768 0.469744712114334 0.467121124267578 0.464497566223145 0.461873978376389 0.459250420331955 0.456626832485199 0.471722841262817 0.492725372314453 0.513727903366089 0.534730434417725 0.55573296546936 0.576735496520996 0.597737967967987
0.450340241193771 0.45444130897522 0.458542376756668 0.462643414735794 0.466744482517242 0.470845520496368 0.474946588277817 0.477017194032669 0.478411018848419 0.479804813861847 0.481198608875275 0.482592403888702 0.483986228704453 0.48538002371788 0.487573534250259 0.49216616153717 0.496758788824081 0.501351416110992 0.505944073200226 0.510536670684814 0.515129327774048 0.519721925258636 0.516306340694427 0.510221242904663 0.504136204719543 0.498051136732101 0.491966068744659 0.48588103055954 0.479795962572098 0.474732279777527 0.472732752561569 0.470733195543289 0.468733668327332 0.466734111309052 0.464734584093094 0.462735027074814 0.460735499858856 0.474287211894989 0.493022680282593 0.511758148670197 0.5304936170578 0.549229085445404 0.567964553833008 0.586700022220612
0.456598430871964 0.459524780511856 0.462451130151749 0.465377449989319 0.468303799629211 0.471230149269104 0.474156498908997 0.476272374391556 0.478118091821671 0.479963779449463 0.481809496879578 0.483655214309692 0.485500931739807 0.487346649169922 0.49027144908905 0.496433645486832 0.502595782279968 0.508758008480072 0.514920175075531 0.52108234167099 0.527244508266449 0.533406674861908 0.528934180736542 0.520916759967804 0.512899339199066 0.504881918430328 0.496864497661591 0.488847076892853 0.480829656124115 0.474472731351852 0.473097205162048 0.471721708774567 0.470346182584763 0.468970686197281 0.467595160007477 0.466219663619995 0.464844137430191 0.476851552724838 0.49331995844841 0.509788393974304 0.526256799697876 0.542725205421448 0.55919361114502 0.575662016868591
0.462856590747833 0.46460822224617 0.466359853744507 0.468111515045166 0.469863146543503 0.47161477804184 0.473366409540176 0.47552752494812 0.477825164794922 0.480122774839401 0.482420384883881 0.484718024730682 0.487015634775162 0.489313244819641 0.492969393730164 0.500701129436493 0.508432805538177 0.516164541244507 0.523896276950836 0.531627953052521 0.53935968875885 0.547091424465179 0.541562020778656 0.5316122174263 0.521662473678589 0.511712670326233 0.501762926578522 0.491813123226166 0.481863349676132 0.474213153123856 0.473461657762527 0.472710192203522 0.471958696842194 0.471207231283188 0.47045573592186 0.469704270362854 0.468952775001526 0.47941592335701 0.49361726641655 0.507818639278412 0.522019982337952 0.536221325397491 0.550422668457031 0.564624011516571
0.469114780426025 0.469691693782806 0.470268607139587 0.470845550298691 0.471422463655472 0.471999406814575 0.472576320171356 0.474782705307007 0.477532237768173 0.48028177022934 0.483031272888184 0.48578080534935 0.488530337810516 0.491279870271683 0.495667338371277 0.504968583583832 0.514269828796387 0.523571133613586 0.532872378826141 0.542173624038696 0.551474869251251 0.560776114463806 0.55418986082077 0.542307734489441 0.530425608158112 0.518543481826782 0.506661295890808 0.494779169559479 0.482897043228149 0.473953574895859 0.473826140165329 0.473698675632477 0.473571240901947 0.473443776369095 0.473316341638565 0.473188877105713 0.473061442375183 0.481980293989182 0.493914574384689 0.50584888458252 0.517783164978027 0.529717445373535 0.541651725769043 0.553586006164551
0.475372940301895 0.474775165319443 0.474177360534668 0.473579585552216 0.472981810569763 0.472384005784988 0.471786230802536 0.474037855863571 0.477239310741425 0.480440735816956 0.483642160892487 0.48684361577034 0.490045040845871 0.493246495723724 0.498365253210068 0.509236037731171 0.520106852054596 0.530977666378021 0.541848480701447 0.552719295024872 0.563590049743652 0.574460864067078 0.566817700862885 0.553003191947937 0.539188742637634 0.525374233722687 0.511559724807739 0.497745245695114 0.483930736780167 0.473694026470184 0.474190592765808 0.474687188863754 0.475183755159378 0.475680351257324 0.476176917552948 0.476673513650894 0.477170079946518 0.484544664621353 0.494211882352829 0.503879070281982 0.513546347618103 0.523213565349579 0.532880783081055 0.54254800081253
0.477617532014847 0.476639837026596 0.475662171840668 0.474684476852417 0.473706781864166 0.472729116678238 0.471751421689987 0.473721146583557 0.476673305034637 0.47962549328804 0.48257765173912 0.485529839992523 0.488481998443604 0.491434186697006 0.496190369129181 0.506358563899994 0.516526699066162 0.526694893836975 0.536863088607788 0.547031223773956 0.557199418544769 0.567367613315582 0.559985756874084 0.546753883361816 0.533521950244904 0.520290076732635 0.507058203220367 0.493826329708099 0.480594456195831 0.471088081598282 0.472758322954178 0.474428564310074 0.47609880566597 0.477769047021866 0.479439258575439 0.481109499931335 0.482779741287231 0.489349186420441 0.497551679611206 0.505754172801971 0.513956665992737 0.522159159183502 0.530361652374268 0.538564145565033
0.47584855556488 0.475285768508911 0.474723011255264 0.474160224199295 0.473597437143326 0.473034679889679 0.47247189283371 0.473832488059998 0.475834250450134 0.477835983037949 0.479837715625763 0.4818394780159 0.483841210603714 0.485842943191528 0.489142626523972 0.49633601307869 0.503529369831085 0.510722815990448 0.517916202545166 0.525109589099884 0.532302975654602 0.53949636220932 0.533693969249725 0.52355968952179 0.513425350189209 0.503291070461273 0.493156760931015 0.483022451400757 0.472888141870499 0.466135799884796 0.469529300928116 0.472922831773758 0.476316332817078 0.47970986366272 0.483103364706039 0.486496895551682 0.489890396595001 0.496393859386444 0.503933966159821 0.511474072933197 0.519014179706573 0.52655428647995 0.534094393253326 0.541634500026703
0.474079579114914 0.473931699991226 0.473783850669861 0.473635971546173 0.473488092422485 0.473340213298798 0.473192363977432 0.47394385933876 0.474995195865631 0.476046502590179 0.477097809314728 0.478149116039276 0.479200422763824 0.480251729488373 0.482094883918762 0.486313462257385 0.490532070398331 0.494750678539276 0.498969286680222 0.503187894821167 0.507406532764435 0.511625111103058 0.507402241230011 0.500365495681763 0.493328750133514 0.486292034387589 0.47925528883934 0.472218573093414 0.465181827545166 0.461183488368988 0.466300278902054 0.47141706943512 0.476533889770508 0.481650680303574 0.486767470836639 0.491884261369705 0.497001051902771 0.503438532352448 0.510316252708435 0.517193973064423 0.52407169342041 0.530949413776398 0.537827134132385 0.544704794883728
0.472310602664948 0.472577631473541 0.472844690084457 0.473111718893051 0.473378747701645 0.473645776510239 0.473912835121155 0.474055230617523 0.474156111478806 0.474256992340088 0.47435787320137 0.474458754062653 0.474559634923935 0.474660515785217 0.475047141313553 0.476290941238403 0.477534770965576 0.478778570890427 0.4800224006176 0.481266230344772 0.482510030269623 0.483753859996796 0.481110453605652 0.477171301841736 0.47323215007782 0.469292998313904 0.465353846549988 0.461414694786072 0.457475543022156 0.45623117685318 0.463071256875992 0.469911336898804 0.476751416921616 0.483591496944427 0.490431576967239 0.497271627187729 0.504111707210541 0.510483205318451 0.51669853925705 0.522913873195648 0.529129207134247 0.535344481468201 0.541559815406799 0.547775149345398
0.470541626214981 0.471223562955856 0.471905529499054 0.472587466239929 0.473269402980804 0.47395133972168 0.474633276462555 0.474166601896286 0.473317056894302 0.472467511892319 0.471617937088013 0.470768392086029 0.469918847084045 0.469069302082062 0.467999398708344 0.466268420219421 0.464537441730499 0.4628064930439 0.461075514554977 0.459344536066055 0.457613587379456 0.455882608890533 0.454818695783615 0.453977108001709 0.453135520219803 0.452293962240219 0.451452374458313 0.450610816478729 0.449769228696823 0.451278895139694 0.45984223484993 0.468405604362488 0.476968944072723 0.485532313585281 0.494095653295517 0.502659022808075 0.511222362518311 0.517527937889099 0.523080825805664 0.528633773326874 0.534186720848083 0.539739608764648 0.545292556285858 0.550845503807068
0.468772649765015 0.469869494438171 0.470966339111328 0.472063213586807 0.473160058259964 0.474256902933121 0.475353747606277 0.474277973175049 0.472478002309799 0.470678001642227 0.468878030776978 0.467078030109406 0.465278059244156 0.463478058576584 0.460951656103134 0.456245899200439 0.451540142297745 0.44683438539505 0.442128628492355 0.437422871589661 0.432717114686966 0.428011357784271 0.428526908159256 0.430782914161682 0.433038920164108 0.435294926166534 0.437550932168961 0.439806938171387 0.442062944173813 0.446326583623886 0.456613212823868 0.466899871826172 0.477186501026154 0.487473130226135 0.497759759426117 0.508046388626099 0.51833301782608 0.524572610855103 0.529463112354279 0.534353673458099 0.53924423456192 0.544134736061096 0.549025297164917 0.553915798664093
0.468164503574371 0.469363838434219 0.47056320309639 0.471762537956238 0.472961902618408 0.474161237478256 0.475360572338104 0.473698943853378 0.471083611249924 0.468468308448792 0.465852975845337 0.463237673044205 0.46062234044075 0.458007037639618 0.454512298107147 0.448379218578339 0.442246168851852 0.436113119125366 0.429980039596558 0.423846989870071 0.417713940143585 0.411580890417099 0.412953853607178 0.416828840970993 0.420703828334808 0.424578815698624 0.428453803062439 0.432328790426254 0.43620377779007 0.442041456699371 0.453767269849777 0.465493053197861 0.477218836545944 0.48894464969635 0.500670433044434 0.512396216392517 0.524121999740601 0.530046582221985 0.534037351608276 0.538028120994568 0.542018949985504 0.546009719371796 0.550000548362732 0.553991317749023
0.468717187643051 0.469706624746323 0.470696061849594 0.471685469150543 0.472674906253815 0.473664343357086 0.474653780460358 0.472429484128952 0.469133943319321 0.465838372707367 0.462542831897736 0.459247291088104 0.45595172047615 0.452656179666519 0.44868129491806 0.442668437957764 0.436655551195145 0.430642694234848 0.424629807472229 0.41861692070961 0.412604063749313 0.406591176986694 0.408099502325058 0.412114888429642 0.416130274534225 0.420145630836487 0.424161016941071 0.428176403045654 0.432191789150238 0.43842351436615 0.451304346323013 0.464185178279877 0.47706601023674 0.489946842193604 0.502827644348145 0.51570850610733 0.528589308261871 0.533949792385101 0.536803483963013 0.539657175540924 0.542510867118835 0.545364618301392 0.548218309879303 0.551072001457214
0.469269871711731 0.470049381256104 0.470828890800476 0.471608430147171 0.472387939691544 0.473167449235916 0.473946988582611 0.471160024404526 0.467184245586395 0.463208466768265 0.459232687950134 0.455256909132004 0.451281130313873 0.44730532169342 0.442850321531296 0.436957627534866 0.431064933538437 0.425172239542007 0.419279545545578 0.413386881351471 0.407494187355042 0.401601493358612 0.403245151042938 0.407400906085968 0.41155669093132 0.415712475776672 0.419868230819702 0.424024015665054 0.428179800510406 0.434805572032928 0.448841452598572 0.462877303361893 0.476913183927536 0.490949034690857 0.5049849152565 0.519020736217499 0.533056616783142 0.537853062152863 0.539569616317749 0.54128623008728 0.543002843856812 0.544719457626343 0.546436071395874 0.548152685165405
0.469822555780411 0.470392137765884 0.47096174955368 0.471531361341476 0.472100973129272 0.472670555114746 0.473240166902542 0.4698905646801 0.46523454785347 0.46057853102684 0.455922514200211 0.451266497373581 0.446610510349274 0.441954493522644 0.437019348144531 0.431246846914291 0.425474315881729 0.419701814651489 0.413929313421249 0.40815681219101 0.402384281158447 0.396611779928207 0.398390769958496 0.402686953544617 0.406983107328415 0.411279290914536 0.415575444698334 0.419871628284454 0.424167782068253 0.431187629699707 0.446378529071808 0.461569428443909 0.47676032781601 0.49195122718811 0.507142126560211 0.522333025932312 0.537523925304413 0.541756272315979 0.54233580827713 0.542915284633636 0.543494820594788 0.544074296951294 0.544653832912445 0.545233309268951
