data/working_set_collections/6091692-Cassins_Sparrow-M2/2015/gwetroot_avg.asc
NCOLS 265 
NROWS 230 
XLLCORNER -115.5625 
YLLCORNER 24.8333333333333 
CELLSIZE 0.0833333333333333 
NODATA_value -9999 
[rows 160 to 179 of 230, columns 0 to 43 of 265]
0.385357350111008 0.389377802610397 0.393398255109787 0.397418707609177 0.401439160108566 0.405459612607956 0.409480065107346 0.406653106212616 0.40154367685318 0.396434247493744 0.391324788331985 0.386215358972549 -9999 -9999 -9999 -9999 -9999 -9999 -9999 -9999 -9999 -9999 -9999 -9999 -9999 -9999 -9999 -9999 -9999 -9999 0.449000656604767 0.442383229732513 0.435765773057938 0.429148346185684 0.422530889511108 0.415913462638855 0.409296005964279 0.408168405294418 0.408870786428452 0.409573137760162 0.410275489091873 0.410977870225906 0.411680221557617 0.412382572889328
0.384908765554428 0.390330046415329 0.39575132727623 0.401172578334808 0.406593859195709 0.41201514005661 0.417436391115189 0.414122015237808 0.407895743846893 0.401669472455978 0.395443171262741 0.389216899871826 -9999 -9999 -9999 -9999 -9999 -9999 -9999 -9999 -9999 -9999 -9999 -9999 -9999 -9999 -9999 -9999 -9999 -9999 -9999 0.44573175907135 0.43878048658371 0.431829243898392 0.424878001213074 0.417926728725433 0.410975486040115 0.409684211015701 0.410279631614685 0.410875052213669 0.41147044301033 0.412065863609314 0.412661284208298 0.413256675004959
0.382684051990509 0.388496875762939 0.394309729337692 0.400122553110123 0.405935406684875 0.411748230457306 0.417561054229736 0.414397865533829 0.408242613077164 0.402087390422821 0.395932137966156 0.389776915311813 -9999 -9999 -9999 -9999 -9999 -9999 -9999 -9999 -9999 -9999 -9999 -9999 -9999 -9999 -9999 -9999 -9999 -9999 -9999 -9999 0.440747171640396 0.434222966432571 0.427698761224747 0.421174556016922 0.414650350809097 0.413204878568649 0.413452357053757 0.413699805736542 0.413947254419327 0.414194703102112 0.414442151784897 0.414689630270004
0.378683179616928 0.383878320455551 0.389073461294174 0.394268602132797 0.399463772773743 0.404658913612366 0.409854054450989 0.407480627298355 0.402584314346313 0.397688001394272 0.39279168844223 0.387895375490189 -9999 -9999 -9999 -9999 -9999 -9999 -9999 -9999 -9999 -9999 -9999 -9999 -9999 -9999 -9999 -9999 -9999 -9999 -9999 -9999 0.441665828227997 0.436329513788223 0.430993229150772 0.425656944513321 0.420320630073547 0.418730437755585 0.418388932943344 0.418047398328781 0.41770589351654 0.4173643887043 0.417022854089737 0.416681349277496
0.374682307243347 0.379259765148163 0.383837223052979 0.388414680957794 0.39299213886261 0.397569596767426 0.402147054672241 0.400563389062881 0.396925985813141 0.393288612365723 0.389651209115982 0.386013835668564 -9999 -9999 -9999 -9999 -9999 -9999 -9999 -9999 -9999 -9999 -9999 -9999 -9999 -9999 -9999 -9999 -9999 -9999 -9999 -9999 0.442584455013275 0.438436090946198 0.434287697076797 0.430139303207397 0.42599093914032 0.424255967140198 0.423325479030609 0.422395020723343 0.421464532613754 0.420534044504166 0.419603586196899 0.418673098087311
0.370681434869766 0.374641209840775 0.378600984811783 0.382560729980469 0.386520504951477 0.390480279922485 0.394440054893494 0.393646150827408 0.391267687082291 0.388889193534851 0.386510729789734 0.384132266044617 -9999 -9999 -9999 -9999 -9999 -9999 -9999 -9999 -9999 -9999 -9999 -9999 -9999 -9999 -9999 -9999 -9999 -9999 -9999 -9999 0.443503111600876 0.440542638301849 0.437582165002823 0.434621691703796 0.43166121840477 0.429781496524811 0.428262054920197 0.426742613315582 0.425223171710968 0.423703730106354 0.42218428850174 0.420664846897125
0.366680562496185 0.370022654533386 0.373364716768265 0.376706808805466 0.380048871040344 0.383390963077545 0.386733025312424 0.386728912591934 0.385609358549118 0.384489804506302 0.383370280265808 0.382250726222992 -9999 -9999 -9999 -9999 -9999 -9999 -9999 -9999 -9999 -9999 -9999 -9999 -9999 -9999 -9999 -9999 -9999 -9999 -9999 -9999 0.444421768188477 0.442649185657501 0.440876632928848 0.439104050397873 0.43733149766922 0.435307055711746 0.433198630809784 0.431090235710144 0.428981810808182 0.42687338590622 0.42476499080658 0.422656565904617
0.362679719924927 0.365404099225998 0.368128478527069 0.37085285782814 0.373577266931534 0.376301646232605 0.379026025533676 0.379811674356461 0.379951030015945 0.380090415477753 0.38022980093956 0.380369186401367 -9999 -9999 -9999 -9999 -9999 -9999 -9999 -9999 -9999 -9999 -9999 -9999 -9999 -9999 -9999 -9999 -9999 -9999 -9999 -9999 -9999 0.444755733013153 0.444171100854874 0.443586438894272 0.44300177693367 0.440832585096359 0.438135206699371 0.435437828302383 0.432740449905396 0.430043071508408 0.42734569311142 0.424648314714432
0.358815163373947 0.361045122146606 0.363275051116943 0.365505009889603 0.36773493885994 0.369964867830276 0.372194826602936 0.373515397310257 0.374532878398895 0.375550359487534 0.376567840576172 0.37758532166481 0.378602802753448 0.379620283842087 -9999 -9999 -9999 -9999 -9999 -9999 -9999 -9999 -9999 -9999 -9999 -9999 -9999 -9999 -9999 -9999 -9999 -9999 -9999 -9999 0.445317924022675 0.44595730304718 0.446596652269363 0.444450050592422 0.441374838352203 0.438299596309662 0.435224384069443 0.432149171829224 0.429073929786682 0.425998717546463
0.355086982250214 0.356945723295212 0.35880446434021 0.360663205385208 0.362521946430206 0.364380657672882 0.36623939871788 0.367840141057968 0.369354873895645 0.370869636535645 0.372384369373322 0.373899102210999 0.375413864850998 0.376928597688675 0.377852708101273 -9999 -9999 -9999 -9999 -9999 -9999 -9999 -9999 -9999 -9999 -9999 -9999 -9999 -9999 -9999 -9999 -9999 -9999 -9999 -9999 0.446216613054276 0.448116064071655 0.446159482002258 0.44291752576828 0.439675569534302 0.436433613300323 0.433191657066345 0.429949700832367 0.426707774400711
0.35135880112648 0.352846324443817 0.354333847761154 0.355821400880814 0.357308924198151 0.358796447515488 0.360284000635147 0.362164884805679 0.364176899194717 0.366188883781433 0.368200898170471 0.370212912559509 0.372224897146225 0.374236911535263 0.375613152980804 0.375082045793533 0.374550968408585 -9999 -9999 -9999 -9999 -9999 -9999 -9999 -9999 -9999 -9999 -9999 -9999 -9999 -9999 -9999 -9999 -9999 -9999 0.446475952863693 0.44963550567627 0.447868883609772 0.444460213184357 0.441051512956619 0.437642842531204 0.434234172105789 0.430825501680374 0.427416831254959
0.347630590200424 0.348746925592422 0.349863260984421 0.350979596376419 0.352095931768417 0.353212267160416 0.354328572750092 0.35648962855339 0.358998894691467 0.361508160829544 0.364017426967621 0.366526693105698 0.369035959243774 0.371545225381851 0.373373568058014 0.373159140348434 0.372944682836533 0.372730255126953 -9999 -9999 -9999 -9999 -9999 -9999 -9999 -9999 -9999 -9999 -9999 -9999 -9999 -9999 -9999 -9999 -9999 -9999 0.451154917478561 0.449578285217285 0.446002870798111 0.442427486181259 0.438852071762085 0.435276687145233 0.431701272726059 0.428125888109207
-9999 0.344647526741028 0.345392674207687 0.346137791872025 0.346882909536362 0.347628057003021 0.348373174667358 0.350814342498779 0.353820890188217 0.356827408075333 0.35983395576477 0.362840503454208 0.365847021341324 0.368853569030762 0.371134012937546 0.371236205101013 0.371338427066803 0.37144061923027 0.371542811393738 0.371645033359528 -9999 -9999 -9999 -9999 -9999 -9999 -9999 -9999 -9999 -9999 -9999 -9999 -9999 -9999 -9999 -9999 0.452674359083176 0.451287686824799 0.447545558214188 0.443803429603577 0.440061300992966 0.436319172382355 0.432577043771744 0.428834915161133
-9999 -9999 -9999 0.34129598736763 0.341669917106628 0.342043846845627 0.342417746782303 0.34513908624649 0.348642885684967 0.352146685123444 0.35565048456192 0.359154284000397 0.362658083438873 0.36616188287735 0.368894428014755 0.369313299655914 0.369732141494751 0.370150983333588 0.370569854974747 0.370988696813583 0.37140753865242 -9999 -9999 0.37938579916954 0.383645623922348 0.387905418872833 -9999 -9999 -9999 -9999 -9999 -9999 -9999 -9999 -9999 -9999 0.454193770885468 0.452997088432312 0.449088245630264 0.445179402828217 0.441270530223846 0.437361687421799 0.433452844619751 0.429543972015381
-9999 -9999 -9999 -9999 0.339010506868362 0.339209526777267 0.339408546686172 0.342096984386444 0.345615208148956 0.349133461713791 0.352651685476303 0.356169909238815 0.359688133001328 0.36320635676384 0.366041123867035 0.366825371980667 0.367609649896622 0.368393927812576 0.369178205728531 0.369962483644485 0.37074676156044 -9999 -9999 0.377809047698975 0.381284415721893 0.384759813547134 0.388235211372375 -9999 -9999 -9999 -9999 -9999 -9999 -9999 -9999 -9999 -9999 0.453798025846481 0.450460344552994 0.447122693061829 0.443785011768341 0.440447360277176 0.437109678983688 0.433772027492523
-9999 -9999 -9999 -9999 -9999 -9999 -9999 0.34168803691864 0.344737887382507 0.347787708044052 0.350837528705597 0.353887379169464 0.356937199831009 0.359987020492554 0.362574011087418 0.363772481679916 0.364970952272415 0.366169422864914 0.367367893457413 0.368566364049911 0.36976483464241 0.370963305234909 0.373460084199905 0.376389622688293 0.379319161176682 0.38224869966507 0.385178208351135 0.388107746839523 0.391037285327911 -9999 -9999 -9999 -9999 -9999 -9999 -9999 -9999 -9999 0.451661884784698 0.449633300304413 0.44760474562645 0.445576161146164 0.443547606468201 0.441519051790237
-9999 -9999 -9999 -9999 -9999 -9999 -9999 -9999 0.343860536813736 0.346441954374313 0.349023401737213 0.35160481929779 0.35418626666069 0.356767684221268 0.359106928110123 0.360719591379166 0.362332284450531 0.363944947719574 0.365557610988617 0.36717027425766 0.368782937526703 0.370395600795746 0.372586518526077 0.374970197677612 -9999 0.379737555980682 0.382121235132217 0.384504914283752 0.386888593435287 0.390857875347137 -9999 -9999 -9999 -9999 -9999 -9999 -9999 0.453582882881165 0.452863395214081 0.452143937349319 0.451424449682236 0.450704991817474 0.449985533952713 0.449266046285629
-9999 -9999 -9999 -9999 -9999 -9999 -9999 -9999 -9999 0.345096230506897 0.347209274768829 0.349322289228439 0.351435333490372 0.353548347949982 0.355639845132828 0.357666701078415 0.359693586826324 0.361720442771912 0.363747298717499 0.365774184465408 0.367801040410995 0.369827896356583 0.371712982654572 0.373550802469254 -9999 -9999 0.379064232110977 0.380902051925659 0.382739871740341 0.386415392160416 -9999 -9999 -9999 -9999 -9999 -9999 0.45073589682579 0.453475296497345 0.454064935445786 0.454654544591904 0.455244183540344 0.455833822488785 0.456423431634903 0.457013070583344
-9999 -9999 -9999 -9999 -9999 -9999 -9999 -9999 -9999 -9999 -9999 0.347039759159088 0.348684400320053 0.350329011678696 0.352172762155533 0.354613810777664 0.357054889202118 0.359495937824249 0.361937016248703 0.364378064870834 0.366819113492966 0.369260191917419 0.370839416980743 0.372131377458572 -9999 -9999 -9999 0.377299219369888 0.378591179847717 -9999 -9999 -9999 -9999 -9999 -9999 0.43987974524498 0.449530899524689 0.453367710113525 0.455266445875168 0.45716518163681 0.459063917398453 0.460962623357773 0.462861359119415 0.464760094881058
-9999 -9999 -9999 -9999 -9999 -9999 -9999 -9999 -9999 -9999 -9999 -9999 0.345933467149734 0.34710967540741 0.348705679178238 0.351560920476913 0.354416191577911 0.357271462678909 0.360126703977585 0.362981975078583 0.365837216377258 0.368692487478256 0.369965881109238 0.370711952447891 0.371458053588867 0.372204154729843 -9999 -9999 -9999 -9999 -9999 -9999 -9999 -9999 -9999 0.438212245702744 0.448325872421265 0.453260153532028 0.456467986106873 0.459675788879395 -9999 0.466091454029083 0.469299286603928 0.472507119178772
