data/working_set_collections/6091692-Cassins_Sparrow-M2/2015/gwetroot_avg.asc
NCOLS 265 
NROWS 230 
XLLCORNER -115.5625 
YLLCORNER 24.8333333333333 
CELLSIZE 0.0833333333333333 
NODATA_value -9999 
[rows 120 to 139 of 230, columns 88 to 131 of 265]
0.422659516334534 0.416415721178055 0.412428110837936 0.408440470695496 0.404452830553055 0.400465220212936 0.396477580070496 0.392489939928055 0.388502329587936 0.385282754898071 0.382319211959839 0.379355639219284 0.376392096281052 0.373428523540497 0.370464980602264 0.367501437664032 0.366180270910263 0.369786322116852 0.373392373323441 0.376998424530029 0.380604475736618 0.384210497140884 0.387816548347473 0.391422599554062 0.39194643497467 0.391442894935608 0.390939325094223 0.39043578505516 0.389932215213776 0.389428675174713 0.388925105333328 0.387857586145401 0.385098218917847 0.382338851690292 0.379579454660416 0.376820087432861 0.374060720205307 0.371301352977753 0.368541955947876 0.366293132305145 0.364214479923248 0.362135827541351 0.360057175159454 0.357978522777557
0.434899836778641 0.42891189455986 0.42317271232605 0.417433530092239 0.411694377660751 0.405955195426941 0.40021601319313 0.394476860761642 0.388737678527832 0.384975582361221 0.381872475147247 0.378769397735596 0.375666290521622 0.37256321310997 0.369460135698318 0.366357028484344 0.364484965801239 0.366306006908417 0.368127018213272 0.36994805932045 0.371769070625305 0.373590111732483 0.375411123037338 0.377232164144516 0.377786248922348 0.377918004989624 0.3780497610569 0.378181517124176 0.378313302993774 0.37844505906105 0.378576815128326 0.37827542424202 0.376674562692642 0.375073701143265 0.373472809791565 0.371871948242188 0.37027108669281 0.368670225143433 0.367069363594055 0.365159541368484 0.363146722316742 0.361133903264999 0.359121084213257 0.357108265161514
0.447140127420425 0.441408038139343 0.433917313814163 0.426426619291306 0.418935894966125 0.411445170640945 0.403954476118088 0.396463751792908 0.388973027467728 0.384668380022049 0.381425768136978 0.378183126449585 0.374940514564514 0.371697872877121 0.36845526099205 0.365212619304657 0.362789660692215 0.362825661897659 0.362861692905426 0.36289769411087 0.362933695316315 0.362969696521759 0.363005697727203 0.36304172873497 0.363626033067703 0.36439311504364 0.365160197019577 0.365927278995514 0.366694360971451 0.367461442947388 0.368228524923325 0.368693262338638 0.368250906467438 0.367808550596237 0.367366164922714 0.366923809051514 0.366481453180313 0.366039097309113 0.365596741437912 0.364025920629501 0.362078934907913 0.360131978988647 0.358184993267059 0.356238007545471
0.45938041806221 0.453904181718826 0.444661915302277 0.435419678688049 0.4261774122715 0.416935175657272 0.407692909240723 0.398450642824173 0.389208406209946 0.384361207485199 0.380979061126709 0.377596884965897 0.374214738607407 0.370832562446594 0.367450386285782 0.364068239927292 0.361094355583191 0.359345346689224 0.357596337795258 0.355847328901291 0.354098320007324 0.352349281311035 0.350600272417068 0.348851263523102 0.349465817213058 0.350868225097656 0.352270632982254 0.353673040866852 0.355075418949127 0.356477826833725 0.357880234718323 0.359111070632935 0.359827220439911 0.360543370246887 0.361259520053864 0.361975699663162 0.362691849470139 0.363407999277115 0.364124149084091 0.362892329692841 0.361011177301407 0.359130024909973 0.357248902320862 0.355367749929428
0.471620738506317 0.466400325298309 0.455406546592712 0.444412738084793 0.433418929576874 0.422425150871277 0.411431342363358 0.400437563657761 0.389443755149841 0.384054034948349 0.380532324314117 0.377010643482208 0.373488932847977 0.369967222213745 0.366445541381836 0.362923830747604 0.359399050474167 0.355865031480789 0.352330982685089 0.348796963691711 0.345262914896011 0.341728895902634 0.338194847106934 0.334660828113556 0.335305601358414 0.337343335151672 0.339381039142609 0.341418772935867 0.343456506729126 0.345494210720062 0.347531944513321 0.349528908729553 0.351403564214706 0.35327821969986 0.355152904987335 0.357027560472488 0.358902215957642 0.360776871442795 0.362651526927948 0.361758708953857 0.3599434196949 0.358128100633621 0.356312781572342 0.354497492313385
0.483861029148102 0.478896468877792 0.466151148080826 0.453405797481537 0.44066047668457 0.427915126085281 0.415169805288315 0.402424454689026 0.389679104089737 0.383746862411499 0.380085617303848 0.376424372196198 0.372763156890869 0.369101911783218 0.365440666675568 0.361779451370239 0.357703745365143 0.352384686470032 0.347065657377243 0.341746598482132 0.336427539587021 0.33110848069191 0.325789421796799 0.32047039270401 0.321145385503769 0.323818445205688 0.326491475105286 0.329164534807205 0.331837564706802 0.334510624408722 0.337183654308319 0.33994671702385 0.342979907989502 0.346013069152832 0.349046260118484 0.352079421281815 0.355112582445145 0.358145773410797 0.361178934574127 0.360625118017197 0.358875632286072 0.357126176357269 0.355376690626144 0.35362720489502
0.491061091423035 0.48657363653183 0.472639441490173 0.458705246448517 0.44477105140686 0.430836856365204 0.416902661323547 0.402968466281891 0.389034271240234 0.382847726345062 0.379243731498718 0.375639706850052 0.372035712003708 0.368431687355042 0.364827692508698 0.361223667860031 0.356879472732544 0.350314646959305 0.343749821186066 0.337184995412827 0.330620139837265 0.324055314064026 0.317490488290787 0.310925662517548 0.311740964651108 0.31501629948616 0.318291634321213 0.321566969156265 0.324842303991318 0.32811763882637 0.331392973661423 0.334765493869781 0.338429600000381 0.342093706130981 0.345757812261581 0.349421918392181 0.353085994720459 0.356750100851059 0.360414206981659 0.360107183456421 0.358476430177689 0.356845706701279 0.355214953422546 0.353584200143814
0.493220925331116 0.489431858062744 0.4748714864254 0.460311114788055 0.445750743150711 0.431190371513367 0.416629999876022 0.402069628238678 0.387509256601334 0.381356656551361 0.378006637096405 0.374656617641449 0.371306598186493 0.367956578731537 0.364606559276581 0.361256539821625 0.356926202774048 0.349654853343964 0.342383474111557 0.335112124681473 0.327840775251389 0.320569425821304 0.313298046588898 0.306026697158813 0.307092308998108 0.310936897993088 0.314781486988068 0.318626075983047 0.32247069478035 0.32631528377533 0.330159872770309 0.333985179662704 0.337752640247345 0.341520100831985 0.345287561416626 0.349055022001266 0.352822482585907 0.356589943170547 0.360357403755188 0.36020490527153 0.358745813369751 0.357286691665649 0.355827569961548 0.354368478059769
0.495380759239197 0.492290049791336 0.477103501558304 0.461916953325272 0.446730405092239 0.431543856859207 0.416357308626175 0.401170760393143 0.38598421216011 0.379865556955338 0.376769542694092 0.373673528432846 0.370577484369278 0.367481470108032 0.364385455846786 0.361289411783218 0.356972932815552 0.348995059728622 0.341017156839371 0.333039283752441 0.32506138086319 0.31708350777626 0.309105604887009 0.301127731800079 0.302443653345108 0.306857496500015 0.311271369457245 0.315685212612152 0.320099055767059 0.324512928724289 0.328926771879196 0.333204865455627 0.337075680494308 0.34094649553299 0.344817310571671 0.348688125610352 0.352558940649033 0.356429755687714 0.360300570726395 0.360302656888962 0.359015166759491 0.35772767663002 0.356440186500549 0.355152726173401
0.497540593147278 0.495148241519928 0.479335516691208 0.463522791862488 0.447710067033768 0.431897342205048 0.416084617376328 0.40027192234993 0.38445919752121 0.378374487161636 0.375532448291779 0.372690409421921 0.369848400354385 0.367006361484528 0.36416432261467 0.361322313547134 0.357019662857056 0.348335266113281 0.339650839567184 0.330966413021088 0.322282016277313 0.313597589731216 0.30491316318512 0.296228766441345 0.297794997692108 0.302778095006943 0.3077612221241 0.312744349241257 0.317727446556091 0.322710573673248 0.327693670988083 0.33242455124855 0.336398720741272 0.340372890233994 0.344347059726715 0.348321229219437 0.352295398712158 0.35626956820488 0.360243737697601 0.360400378704071 0.359284520149231 0.358168661594391 0.357052832841873 0.355936974287033
0.499700427055359 0.498006463050842 0.481567561626434 0.465128660202026 0.448689758777618 0.43225085735321 0.415811955928802 0.399373054504395 0.382934153079987 0.376883387565613 0.374295353889465 0.371707320213318 0.36911928653717 0.366531252861023 0.363943219184875 0.361355185508728 0.357066422700882 0.34767547249794 0.338284522294998 0.328893572092056 0.319502621889114 0.310111671686172 0.300720721483231 0.291329771280289 0.293146342039108 0.29869869351387 0.304251074790955 0.309803456068039 0.315355837345123 0.320908218622208 0.326460599899292 0.331644237041473 0.335721760988235 0.339799284934998 0.34387680888176 0.347954332828522 0.352031856775284 0.356109380722046 0.360186904668808 0.360498130321503 0.359553903341293 0.358609676361084 0.357665449380875 0.356721222400665
0.50186026096344 0.500864624977112 0.483799576759338 0.466734498739243 0.449669420719147 0.432604342699051 0.415539264678955 0.398474186658859 0.381409108638763 0.375392317771912 0.373058259487152 0.370724231004715 0.368390172719955 0.366056144237518 0.363722085952759 0.361388057470322 0.357113152742386 0.347015678882599 0.336918205022812 0.326820731163025 0.316723227500916 0.306625753641129 0.296528279781342 0.286430805921555 0.288497686386108 0.29461932182312 0.300740957260132 0.306862592697144 0.312984228134155 0.319105863571167 0.325227499008179 0.330863952636719 0.335044831037521 0.339225709438324 0.343406558036804 0.347587436437607 0.351768314838409 0.355949193239212 0.360130071640015 0.360595852136612 0.359823256731033 0.359050661325455 0.358278065919876 0.357505470514297
0.493012934923172 0.492327481508255 0.476160049438477 0.459992587566376 0.443825155496597 0.427657693624496 0.411490261554718 0.395322799682617 0.379155367612839 0.373462587594986 0.371261388063431 0.369060188531876 0.36685898900032 0.364657789468765 0.36245658993721 0.360255390405655 0.356062203645706 0.345893174409866 0.335724115371704 0.325555086135864 0.315386027097702 0.305216997861862 0.2950479388237 0.28487890958786 0.28715592622757 0.293581604957581 0.300007313489914 0.306433022022247 0.312858700752258 0.319284409284592 0.325710117816925 0.331575244665146 0.335758745670319 0.339942246675491 0.344125717878342 0.348309218883514 0.352492690086365 0.356676191091537 0.360859662294388 0.36133885383606 0.360583275556564 0.359827727079391 0.359072148799896 0.358316570520401
0.473158478736877 0.472394943237305 0.458648949861526 0.444902926683426 0.431156933307648 0.417410910129547 0.403664886951447 0.389918893575668 0.376172870397568 0.371094226837158 0.368904709815979 0.366715222597122 0.364525705575943 0.362336188554764 0.360146671533585 0.357957154512405 0.353913605213165 0.344307959079742 0.33470231294632 0.325096666812897 0.315491020679474 0.305885374546051 0.296279728412628 0.286674082279205 0.289121061563492 0.295585632324219 0.302050203084946 0.30851474404335 0.314979314804077 0.321443885564804 0.327908426523209 0.333778202533722 0.337863564491272 0.341948926448822 0.34603425860405 0.3501196205616 0.35420498251915 0.3582903444767 0.36237570643425 0.362727165222168 0.361833989620209 0.360940843820572 0.360047668218613 0.359154522418976
0.453304022550583 0.452462434768677 0.441137850284576 0.429813265800476 0.418488681316376 0.407164126634598 0.395839542150497 0.384514957666397 0.373190402984619 0.36872586607933 0.36654806137085 0.364370226860046 0.362192422151566 0.360014587640762 0.357836753129959 0.355658948421478 0.351765006780624 0.342722743749619 0.333680510520935 0.324638247489929 0.315595984458923 0.30655375123024 0.297511488199234 0.288469225168228 0.291086226701736 0.297589659690857 0.304093062877655 0.310596495866776 0.317099928855896 0.323603332042694 0.330106765031815 0.335981130599976 0.339968353509903 0.343955606222153 0.34794282913208 0.351930052042007 0.355917274951935 0.359904497861862 0.36389172077179 0.364115446805954 0.363084703683853 0.362053960561752 0.361023217439651 0.359992444515228
0.433449536561966 0.432529896497726 0.423626750707626 0.414723604917526 0.405820459127426 0.396917313337326 0.388014197349548 0.379111051559448 0.370207905769348 0.366357505321503 0.364191383123398 0.362025260925293 0.359859108924866 0.357692986726761 0.355526864528656 0.353360712528229 0.349616408348083 0.341137558221817 0.332658678293228 0.324179828166962 0.315700978040695 0.307222098112106 0.29874324798584 0.290264397859573 0.293051391839981 0.299593657255173 0.306135952472687 0.312678247690201 0.319220513105392 0.325762808322906 0.332305103540421 0.338184088468552 0.342073172330856 0.345962256193161 0.349851369857788 0.353740453720093 0.357629537582397 0.361518651247025 0.365407735109329 0.365503758192062 0.364335417747498 0.363167077302933 0.361998736858368 0.360830396413803
0.413595080375671 0.412597358226776 0.406115651130676 0.399633944034576 0.393152236938477 0.386670529842377 0.380188822746277 0.373707115650177 0.367225408554077 0.363989144563675 0.361834704875946 0.359680265188217 0.357525825500488 0.355371385812759 0.35321694612503 0.351062506437302 0.347467809915543 0.339552342891693 0.331636875867844 0.323721408843994 0.315805941820145 0.307890474796295 0.299975007772446 0.292059540748596 0.295016527175903 0.301597684621811 0.308178842067719 0.314759969711304 0.321341127157211 0.327922284603119 0.334503412246704 0.340387016534805 0.34417799115181 0.347968935966492 0.351759910583496 0.3555508852005 0.359341830015182 0.363132804632187 0.366923749446869 0.366892039775848 0.365586131811142 0.364280194044113 0.362974256277084 0.361668348312378
0.393740624189377 0.392664849758148 0.388604551553726 0.384544283151627 0.380484014749527 0.376423746347427 0.372363477945328 0.368303209543228 0.364242941141129 0.361620783805847 0.359478056430817 0.357335299253464 0.355192542076111 0.353049784898758 0.350907027721405 0.348764300346375 0.345319211483002 0.337967127561569 0.330615073442459 0.323262989521027 0.315910935401917 0.308558851480484 0.301206767559052 0.293854713439941 0.296981692314148 0.303601711988449 0.310221701860428 0.316841721534729 0.32346174120903 0.330081731081009 0.33670175075531 0.342589974403381 0.346282809972763 0.349975615739822 0.353668451309204 0.357361286878586 0.361054122447968 0.364746958017349 0.368439763784409 0.368280351161957 0.366836816072464 0.365393310785294 0.363949805498123 0.36250627040863
0.382526367902756 0.381370425224304 0.378653854131699 0.375937283039093 0.373220711946487 0.370504140853882 0.367787599563599 0.365071028470993 0.362354457378387 0.359757900238037 0.357201367616653 0.35464483499527 0.352088302373886 0.34953173995018 0.346975207328796 0.344418674707413 0.340940564870834 0.334697753190994 0.328454941511154 0.322212159633636 0.315969347953796 0.309726536273956 0.303483724594116 0.297240912914276 0.300631880760193 0.307234108448029 0.313836336135864 0.320438534021378 0.327040761709213 0.333642989397049 0.340245217084885 0.346044391393661 0.349434465169907 0.352824538946152 0.356214612722397 0.359604686498642 0.362994760274887 0.366384834051132 0.369774907827377 0.369494378566742 0.367990344762802 0.36648628115654 0.364982217550278 0.363478153944016
0.37995234131813 0.378714114427567 0.376263529062271 0.373812943696976 0.37136235833168 0.368911772966385 0.366461157798767 0.364010572433472 0.361559987068176 0.358400493860245 0.355004668235779 0.351608872413635 0.348213076591492 0.344817250967026 0.341421455144882 0.338025659322739 0.33433187007904 0.329744219779968 0.325156539678574 0.320568859577179 0.315981209278107 0.311393529176712 0.30680587887764 0.302218198776245 0.30596712231636 0.312494903802872 0.319022655487061 0.325550436973572 0.332078218460083 0.338605999946594 0.345133781433105 0.350750297307968 0.353632986545563 0.356515675783157 0.359398394823074 0.362281084060669 0.365163773298264 0.368046492338181 0.370929181575775 0.370534181594849 0.369046628475189 0.36755907535553 0.36607152223587 0.364583969116211
