data/working_set_collections/6091692-Cassins_Sparrow-M2/2015/gwetprof_avg.asc
NCOLS 265 
NROWS 230 
XLLCORNER -115.5625 
YLLCORNER 24.8333333333333 
CELLSIZE 0.0833333333333333 
NODATA_value -9999 
[rows 80 to 99 of 230, columns 220 to 263 of 265]
0.512812197208405 0.512892425060272 0.512972593307495 0.513052821159363 0.514427244663239 0.519684314727783 0.524941444396973 0.530198514461517 0.535455644130707 0.540712714195251 0.545969843864441 0.551226913928986 0.562895238399506 0.576700627803802 0.590505957603455 0.604311347007751 0.618116736412048 0.6319220662117 0.645727455615997 0.656622886657715 0.658788561820984 0.660954236984253 0.663119971752167 0.665285646915436 0.667451322078705 0.669616997241974 0.671782672405243 0.675834119319916 0.680514097213745 0.685194075107574 0.689874112606049 0.694554090499878 0.699234068393707 0.703914046287537 0.709223449230194 0.716420888900757 0.723618388175964 0.730815827846527 0.738013327121735 0.745210766792297 0.75240820646286 0.759605705738068 0.757018208503723 0.751169145107269
0.507793724536896 0.508149147033691 0.508504509925842 0.508859872817993 0.510492742061615 0.51595813035965 0.521423518657684 0.526888906955719 0.532354295253754 0.537819683551788 0.543285071849823 0.548750460147858 0.560601711273193 0.574581503868103 0.588561356067657 0.602541148662567 0.616520941257477 0.630500793457031 0.644480586051941 0.655680418014526 0.65854012966156 0.661399841308594 0.664259552955627 0.667119264602661 0.669978976249695 0.672838687896729 0.675698399543762 0.679930746555328 0.684620678424835 0.689310610294342 0.694000542163849 0.698690474033356 0.703380465507507 0.708070397377014 0.713266313076019 0.719980180263519 0.726694047451019 0.733407914638519 0.740121781826019 0.746835649013519 0.753549575805664 0.760263442993164 0.757400095462799 0.751344382762909
0.502775311470032 0.503405869007111 0.504036426544189 0.504666984081268 0.506558299064636 0.512231945991516 0.517905652523041 0.523579299449921 0.529253005981445 0.534926652908325 0.540600299835205 0.54627400636673 0.558308124542236 0.572462379932404 0.586616694927216 0.600770950317383 0.61492520570755 0.629079520702362 0.643233776092529 0.654737889766693 0.658291637897491 0.66184538602829 0.665399134159088 0.668952882289886 0.672506630420685 0.676060318946838 0.679614067077637 0.684027433395386 0.68872731924057 0.69342714548111 0.698127031326294 0.702826917171478 0.707526803016663 0.712226688861847 0.7173091173172 0.723539412021637 0.729769706726074 0.736000001430511 0.742230296134949 0.748460590839386 0.754690885543823 0.76092118024826 0.757781982421875 0.751519620418549
0.497756838798523 0.498662561178207 0.499568313360214 0.500474035739899 0.502623856067657 0.508505821228027 0.514387726783752 0.520269691944122 0.526151657104492 0.532033622264862 0.537915587425232 0.543797552585602 0.556014537811279 0.570343315601349 0.584672033786774 0.599000751972198 0.613329470157623 0.627658188343048 0.641986966133118 0.653795421123505 0.658043205738068 0.662290930747986 0.666538715362549 0.670786499977112 0.67503422498703 0.679282009601593 0.683529794216156 0.688124060630798 0.69283390045166 0.697543740272522 0.702253520488739 0.706963360309601 0.711673140525818 0.71638298034668 0.721351981163025 0.727098703384399 0.732845366001129 0.738592088222504 0.744338810443878 0.750085473060608 0.755832195281982 0.761578857898712 0.758163809776306 0.751694798469543
0.494168817996979 0.495313853025436 0.496458858251572 0.497603863477707 0.500143349170685 0.506866157054901 0.513588964939117 0.520311772823334 0.52703458070755 0.533757328987122 0.540480136871338 0.547202944755554 0.559207081794739 0.57297158241272 0.586736142635345 0.600500643253326 0.614265203475952 0.628029763698578 0.641794264316559 0.653358995914459 0.658324420452118 0.663289844989777 0.66825520992279 0.673220634460449 0.678186058998108 0.683151423931122 0.68811684846878 0.692857205867767 0.697522521018982 0.702187776565552 0.706853091716766 0.711518406867981 0.716183722019196 0.72084903717041 0.725560009479523 0.730408072471619 0.73525607585907 0.740104079246521 0.744952142238617 0.749800145626068 0.754648149013519 0.75949615240097 0.755802989006042 0.749262690544128
0.492011278867722 0.493359684944153 0.494708061218262 0.496056437492371 0.499116778373718 0.507313013076782 0.515509247779846 0.523705422878265 0.531901657581329 0.540097892284393 0.548294067382812 0.556490302085876 0.567885637283325 0.580347299575806 0.592809021472931 0.605270683765411 0.617732405662537 0.630194067955017 0.642655789852142 0.653428733348846 0.659135341644287 0.664842009544373 0.670548677444458 0.676255345344543 0.681961953639984 0.68766862154007 0.693375289440155 0.698226690292358 0.702793061733246 0.707359433174133 0.711925804615021 0.716492176055908 0.721058547496796 0.725624918937683 0.729933261871338 0.733467519283295 0.737001776695251 0.740536034107208 0.744070291519165 0.747604548931122 0.751138806343079 0.754673063755035 0.750699400901794 0.744223117828369
0.489853739738464 0.491405516862869 0.492957264184952 0.494509011507034 0.498090237379074 0.507759869098663 0.517429530620575 0.527099132537842 0.536768734455109 0.54643839597702 0.556107997894287 0.565777659416199 0.576564192771912 0.587723016738892 0.598881900310516 0.610040724277496 0.621199607849121 0.632358431816101 0.643517315387726 0.653498411178589 0.659946322441101 0.666394233703613 0.672842085361481 0.679289996623993 0.685737907886505 0.692185819149017 0.69863373041153 0.703596234321594 0.708063662052155 0.712531089782715 0.716998517513275 0.721465945243835 0.725933372974396 0.730400800704956 0.734306454658508 0.736526966094971 0.738747477531433 0.740967929363251 0.743188440799713 0.745408952236176 0.747629404067993 0.749849915504456 0.745595812797546 0.73918354511261
0.487696200609207 0.489451348781586 0.491206467151642 0.492961585521698 0.49706369638443 0.508206725120544 0.519349753856659 0.530492842197418 0.541635870933533 0.552778899669647 0.563921928405762 0.575065016746521 0.585242748260498 0.595098733901978 0.604954779148102 0.614810764789581 0.624666810035706 0.634522795677185 0.644378781318665 0.653568089008331 0.66075724363327 0.667946398258209 0.675135552883148 0.682324707508087 0.689513862133026 0.696703016757965 0.703892111778259 0.70896577835083 0.713334262371063 0.717702746391296 0.72207123041153 0.726439714431763 0.730808198451996 0.735176682472229 0.738679707050323 0.739586412906647 0.740493178367615 0.741399884223938 0.742306590080261 0.743213355541229 0.744120061397552 0.745026767253876 0.740492284297943 0.734144032001495
0.48553866147995 0.48749715089798 0.489455670118332 0.491414159536362 0.496037155389786 0.508653581142426 0.521270036697388 0.53388649225235 0.546502947807312 0.559119403362274 0.571735858917236 0.584352314472198 0.593921303749084 0.602474510669708 0.611027657985687 0.619580805301666 0.628133952617645 0.636687159538269 0.645240306854248 0.653637766838074 0.66156816482544 0.669498562812805 0.677428960800171 0.685359358787537 0.693289756774902 0.701220154762268 0.709150552749634 0.714335322380066 0.718604862689972 0.722874402999878 0.727143943309784 0.73141348361969 0.735683023929596 0.739952564239502 0.743052959442139 0.742645919322968 0.742238879203796 0.741831839084625 0.741424798965454 0.741017758846283 0.740610718727112 0.740203678607941 0.735388696193695 0.729104459285736
0.483381122350693 0.485542982816696 0.487704873085022 0.489866733551025 0.495010614395142 0.509100496768951 0.523190319538116 0.537280201911926 0.551370084285736 0.565459966659546 0.579549789428711 0.593639671802521 0.602599859237671 0.609850227832794 0.617100536823273 0.624350845813751 0.63160115480423 0.638851523399353 0.646101832389832 0.653707444667816 0.662379145622253 0.671050786972046 0.679722428321838 0.688394069671631 0.697065711021423 0.705737352371216 0.714408993721008 0.719704866409302 0.723875463008881 0.72804605960846 0.732216656208038 0.736387252807617 0.740557789802551 0.74472838640213 0.747426152229309 0.745705366134644 0.743984520435333 0.742263734340668 0.740542948246002 0.738822162151337 0.737101316452026 0.735380530357361 0.730285167694092 0.724064946174622
0.483491629362106 0.485719799995422 0.487947940826416 0.49017608165741 0.495573967695236 0.510480940341949 0.525387942790985 0.540295004844666 0.555202007293701 0.570109009742737 0.585016012191772 0.599923014640808 0.608453691005707 0.614858984947205 0.621264278888702 0.6276695728302 0.634074866771698 0.640480101108551 0.646885395050049 0.653940320014954 0.662944257259369 0.671948134899139 0.68095201253891 0.689955949783325 0.698959827423096 0.707963705062866 0.716967642307281 0.722348093986511 0.726520717144012 0.730693399906158 0.73486602306366 0.739038705825806 0.743211328983307 0.747384011745453 0.74977833032608 0.746837854385376 0.743897318840027 0.740956783294678 0.738016307353973 0.735075771808624 0.732135236263275 0.729194760322571 0.724126219749451 0.718348264694214
0.485870212316513 0.488027572631836 0.490184903144836 0.492342233657837 0.49772721529007 0.512795090675354 0.527862966060638 0.542930841445923 0.557998716831207 0.573066592216492 0.588134467601776 0.60320234298706 0.611482799053192 0.617500841617584 0.623518884181976 0.629536926746368 0.63555496931076 0.641573011875153 0.647591054439545 0.654336392879486 0.663263559341431 0.67219066619873 0.681117832660675 0.69004499912262 0.698972105979919 0.707899272441864 0.716826438903809 0.722265005111694 0.726540684700012 0.730816423892975 0.735092103481293 0.739367842674255 0.743643581867218 0.747919261455536 0.750109493732452 0.74604332447052 0.741977155208588 0.737910985946655 0.733844816684723 0.72977864742279 0.725712478160858 0.721646308898926 0.716911792755127 0.711954593658447
0.48824879527092 0.490335315465927 0.492421865463257 0.494508385658264 0.499880462884903 0.515109181404114 0.530337929725647 0.54556667804718 0.560795426368713 0.576024174690247 0.591252863407135 0.606481611728668 0.614511907100677 0.620142698287964 0.625773549079895 0.631404340267181 0.637035131454468 0.642665922641754 0.64829671382904 0.654732465744019 0.663582861423492 0.672433257102966 0.68128365278244 0.690134048461914 0.698984444141388 0.707834839820862 0.716685235500336 0.722181916236877 0.726560652256012 0.730939447879791 0.73531824350357 0.73969703912735 0.744075775146484 0.748454570770264 0.750440716743469 0.745248854160309 0.740057051181793 0.734865188598633 0.729673326015472 0.724481523036957 0.719289660453796 0.714097857475281 0.709697425365448 0.705560863018036
0.490627378225327 0.492643088102341 0.494658797979355 0.496674507856369 0.502033710479736 0.517423331737518 0.532812893390656 0.548202514648438 0.56359213590622 0.578981757164001 0.594371318817139 0.609760940074921 0.617541015148163 0.622784554958344 0.628028154373169 0.63327169418335 0.638515293598175 0.643758833408356 0.649002373218536 0.655128479003906 0.663902103900909 0.672675788402557 0.68144941329956 0.690223097801208 0.698996722698212 0.707770347595215 0.716544032096863 0.72209882736206 0.726580679416656 0.731062471866608 0.735544323921204 0.7400261759758 0.744508028030396 0.748989880084991 0.750771880149841 0.744454383850098 0.738136887550354 0.73181939125061 0.725501894950867 0.719184398651123 0.712866902351379 0.706549406051636 0.702483057975769 0.699167132377625
0.493005961179733 0.494950860738754 0.496895760297775 0.498840659856796 0.504186928272247 0.519737422466278 0.535287916660309 0.550838351249695 0.566388845443726 0.581939339637756 0.597489774227142 0.613040268421173 0.620570123195648 0.625426471233368 0.630282759666443 0.635139107704163 0.639995396137238 0.644851744174957 0.649708092212677 0.655524551868439 0.664221405982971 0.672918319702148 0.681615233421326 0.690312147140503 0.699009001255035 0.707705914974213 0.71640282869339 0.722015738487244 0.726600646972656 0.731185555458069 0.735770404338837 0.740355312824249 0.744940221309662 0.749525129795074 0.751103043556213 0.743659853935242 0.736216723918915 0.728773593902588 0.721330404281616 0.713887274265289 0.706444084644318 0.699000954627991 0.69526869058609 0.692773401737213
0.49538454413414 0.497258633375168 0.499132722616196 0.501006782054901 0.506340205669403 0.522051513195038 0.537762880325317 0.553474187850952 0.569185554981232 0.584896922111511 0.600608229637146 0.616319596767426 0.623599231243134 0.628068327903748 0.632537364959717 0.637006461620331 0.641475558280945 0.645944654941559 0.650413751602173 0.655920565128326 0.664540708065033 0.67316085100174 0.681781053543091 0.690401196479797 0.699021339416504 0.70764148235321 0.716261625289917 0.721932649612427 0.726620614528656 0.731308579444885 0.735996544361115 0.740684509277344 0.745372474193573 0.750060439109802 0.751434206962585 0.74286538362503 0.734296560287476 0.725727736949921 0.71715897321701 0.708590149879456 0.700021326541901 0.691452503204346 0.688054323196411 0.686379671096802
0.500112533569336 0.502771139144897 0.505429744720459 0.50808835029602 0.513876020908356 0.529050707817078 0.544225454330444 0.559400200843811 0.574574947357178 0.589749693870544 0.604924440383911 0.620099186897278 0.626978814601898 0.631093382835388 0.635207951068878 0.639322519302368 0.643437087535858 0.647551655769348 0.651666224002838 0.656737148761749 0.664677202701569 0.672617316246033 0.680557370185852 0.688497424125671 0.696437537670135 0.704377591609955 0.712317645549774 0.717673599720001 0.722168207168579 0.726662755012512 0.73115736246109 0.735651910305023 0.740146517753601 0.744641065597534 0.745892763137817 0.737415850162506 0.728938937187195 0.720462083816528 0.711985170841217 0.703508257865906 0.695031344890594 0.686554431915283 0.683672547340393 0.682655692100525
0.507189929485321 0.511488378047943 0.51578688621521 0.520085334777832 0.526794373989105 0.540735006332397 0.554675698280334 0.568616390228271 0.582557022571564 0.596497714519501 0.610438406467438 0.62437903881073 0.630708813667297 0.634501576423645 0.638294339179993 0.642087161540985 0.645879924297333 0.64967268705368 0.653465449810028 0.657974243164062 0.664630889892578 0.671287596225739 0.677944242954254 0.684600949287415 0.69125759601593 0.697914302349091 0.704570949077606 0.709238708019257 0.713243424892426 0.717248141765594 0.721252858638763 0.725257575511932 0.729262292385101 0.73326700925827 0.734478712081909 0.727311313152313 0.720143854618073 0.712976455688477 0.705809056758881 0.69864159822464 0.691474199295044 0.684306740760803 0.682123363018036 0.681601345539093
0.514267325401306 0.520205676555634 0.526143968105316 0.532082319259644 0.539712727069855 0.552419304847717 0.565125942230225 0.577832520008087 0.590539157390594 0.603245735168457 0.61595231294632 0.628658950328827 0.634438812732697 0.637909829616547 0.641380786895752 0.644851803779602 0.648322761058807 0.651793777942657 0.655264735221863 0.659211277961731 0.664584577083588 0.669957876205444 0.675331115722656 0.680704414844513 0.68607771396637 0.691451013088226 0.696824252605438 0.700803756713867 0.704318642616272 0.707833528518677 0.711348354816437 0.714863240718842 0.718378126621246 0.721893012523651 0.723064661026001 0.717206716537476 0.71134877204895 0.705490827560425 0.699632883071899 0.693774998188019 0.687917053699493 0.682059109210968 0.680574178695679 0.680546998977661
0.521344721317291 0.528922915458679 0.536501109600067 0.544079303741455 0.552631080150604 0.564103603363037 0.57557612657547 0.587048709392548 0.59852123260498 0.609993755817413 0.621466279029846 0.632938802242279 0.63816887140274 0.641318023204803 0.644467234611511 0.647616446018219 0.650765597820282 0.65391480922699 0.657064020633698 0.660448372364044 0.664538264274597 0.66862815618515 0.672718048095703 0.676807940006256 0.680897772312164 0.684987664222717 0.68907755613327 0.692368805408478 0.695393860340118 0.698418855667114 0.701443910598755 0.704468905925751 0.707493960857391 0.710518956184387 0.711650609970093 0.707102179527283 0.702553689479828 0.698005259037018 0.693456768989563 0.688908338546753 0.684359848499298 0.679811418056488 0.679025053977966 0.679492712020874
