data/working_set_collections/6091692-Cassins_Sparrow-M2/2015/lwgnt_avg.asc
NCOLS 265 
NROWS 230 
XLLCORNER -115.5625 
YLLCORNER 24.8333333333333 
CELLSIZE 0.0833333333333333 
NODATA_value -9999 
[rows 60 to 79 of 230, columns 44 to 87 of 265]
-96.24853515625 -96.198860168457 -96.1491775512695 -96.0995025634766 -96.0498199462891 -96.0001373291016 -95.9504623413086 -95.9007797241211 -96.3683166503906 -97.0082550048828 -97.648193359375 -98.2881393432617 -98.9280776977539 -99.5680160522461 -100.207954406738 -100.672576904297 -100.611236572266 -100.54988861084 -100.488548278809 -100.427207946777 -100.365867614746 -100.30451965332 -100.243179321289 -100.119209289551 -99.9743728637695 -99.8295288085938 -99.684684753418 -99.5398406982422 -99.3950042724609 -99.2501602172852 -99.0645446777344 -98.7566146850586 -98.4486846923828 -98.1407470703125 -97.8328170776367 -97.5248870849609 -97.2169570922852 -96.9090270996094 -96.0438079833984 -94.9928359985352 -93.9418640136719 -92.8908920288086 -91.8399124145508 -90.7889404296875
-95.7446746826172 -95.8910140991211 -96.037353515625 -96.1836929321289 -96.3300323486328 -96.4763717651367 -96.6227111816406 -96.7690505981445 -97.1949691772461 -97.7140808105469 -98.2331848144531 -98.7522964477539 -99.2714080810547 -99.7905120849609 -100.309623718262 -100.687683105469 -100.642570495605 -100.597465515137 -100.552352905273 -100.507247924805 -100.462135314941 -100.417030334473 -100.371917724609 -100.239936828613 -100.078994750977 -99.9180526733398 -99.7571105957031 -99.5961608886719 -99.4352188110352 -99.2742767333984 -99.0647048950195 -98.709228515625 -98.3537445068359 -97.9982681274414 -97.6427917480469 -97.2873153686523 -96.9318389892578 -96.5763626098633 -95.8239517211914 -94.9392395019531 -94.0545272827148 -93.1698150634766 -92.2851028442383 -91.400390625
-95.2408142089844 -95.5831680297852 -95.9255294799805 -96.2678833007812 -96.6102447509766 -96.9526062011719 -97.2949600219727 -97.637321472168 -98.0216217041016 -98.4198989868164 -98.8181762695312 -99.2164535522461 -99.6147384643555 -100.01301574707 -100.411293029785 -100.702781677246 -100.67391204834 -100.645034790039 -100.616157531738 -100.587280273438 -100.558410644531 -100.52953338623 -100.50065612793 -100.360656738281 -100.183616638184 -100.006568908691 -99.8295288085938 -99.6524810791016 -99.4754409790039 -99.2984008789062 -99.0648574829102 -98.6618347167969 -98.2588119506836 -97.8557891845703 -97.452766418457 -97.0497436523438 -96.6467208862305 -96.2436904907227 -95.6040954589844 -94.8856430053711 -94.1671905517578 -93.4487380981445 -92.7302856445312 -92.011833190918
-94.736946105957 -95.2753219604492 -95.8137054443359 -96.3520812988281 -96.8904571533203 -97.4288330078125 -97.9672088623047 -98.5055847167969 -98.8482666015625 -99.1257171630859 -99.4031677246094 -99.6806182861328 -99.9580612182617 -100.235511779785 -100.512962341309 -100.717887878418 -100.70524597168 -100.692604064941 -100.679962158203 -100.667320251465 -100.654678344727 -100.642036437988 -100.62939453125 -100.481376647949 -100.288238525391 -100.095092773438 -99.9019470214844 -99.7088012695312 -99.5156631469727 -99.3225173950195 -99.0650177001953 -98.6144485473633 -98.1638793945312 -97.7133102416992 -97.2627410888672 -96.8121643066406 -96.3615951538086 -95.9110260009766 -95.3842391967773 -94.8320465087891 -94.2798614501953 -93.727668762207 -93.1754760742188 -92.6232833862305
-94.2330856323242 -94.9674835205078 -95.7018737792969 -96.4362716674805 -97.1706695556641 -97.9050674438477 -98.6394577026367 -99.3738555908203 -99.674919128418 -99.8315353393555 -99.9881591796875 -100.144775390625 -100.301391601562 -100.458015441895 -100.614631652832 -100.73299407959 -100.736587524414 -100.740173339844 -100.743766784668 -100.747360229492 -100.750953674316 -100.754547119141 -100.75813293457 -100.602104187012 -100.392860412598 -100.183616638184 -99.9743728637695 -99.7651290893555 -99.5558853149414 -99.3466415405273 -99.0651779174805 -98.5670623779297 -98.0689468383789 -97.5708236694336 -97.0727081298828 -96.574592590332 -96.0764770507812 -95.5783615112305 -95.1643829345703 -94.778450012207 -94.3925247192383 -94.006591796875 -93.6206588745117 -93.234733581543
-93.7292251586914 -94.6596374511719 -95.5900497436523 -96.5204696655273 -97.4508819580078 -98.3812942504883 -99.3117065429688 -100.242126464844 -100.501571655273 -100.53736114502 -100.573143005371 -100.608932495117 -100.644721984863 -100.680511474609 -100.716300964355 -100.748100280762 -100.767921447754 -100.787750244141 -100.807571411133 -100.82740020752 -100.847221374512 -100.867050170898 -100.886871337891 -100.72282409668 -100.49747467041 -100.272132873535 -100.04679107666 -99.8214492797852 -99.5960998535156 -99.3707580566406 -99.0653305053711 -98.5196685791016 -97.974006652832 -97.4283447265625 -96.882682800293 -96.3370208740234 -95.7913589477539 -95.2456970214844 -94.9445266723633 -94.7248611450195 -94.5051879882812 -94.285514831543 -94.0658493041992 -93.8461761474609
-94.0986022949219 -95.0424957275391 -95.9863891601562 -96.9302749633789 -97.8741683959961 -98.8180618286133 -99.7619552612305 -100.705848693848 -100.926193237305 -100.905349731445 -100.88451385498 -100.863677978516 -100.842834472656 -100.821998596191 -100.801162719727 -100.791358947754 -100.814682006836 -100.837997436523 -100.861320495605 -100.884635925293 -100.907958984375 -100.931274414062 -100.954597473145 -100.772491455078 -100.521911621094 -100.271331787109 -100.020751953125 -99.7701721191406 -99.5195922851562 -99.2690124511719 -98.9457702636719 -98.4045333862305 -97.8632965087891 -97.3220672607422 -96.7808303833008 -96.2395935058594 -95.698356628418 -95.1571197509766 -94.8474197387695 -94.6148986816406 -94.3823776245117 -94.1498489379883 -93.9173278808594 -93.6848068237305
-95.3412322998047 -96.1160583496094 -96.8908843994141 -97.6657104492188 -98.4405364990234 -99.2153625488281 -99.9901962280273 -100.765022277832 -100.948783874512 -100.935516357422 -100.922256469727 -100.908996582031 -100.895736694336 -100.882476806641 -100.869216918945 -100.862785339355 -100.876861572266 -100.890930175781 -100.905006408691 -100.919075012207 -100.933151245117 -100.947219848633 -100.961296081543 -100.751098632812 -100.466156005859 -100.181205749512 -99.8962554931641 -99.6113052368164 -99.3263626098633 -99.0414123535156 -98.7064895629883 -98.2216567993164 -97.73681640625 -97.2519836425781 -96.7671432495117 -96.2823104858398 -95.7974700927734 -95.3126373291016 -94.8730621337891 -94.4485702514648 -94.0240859985352 -93.5995941162109 -93.1751098632812 -92.750617980957
-96.583854675293 -97.1896209716797 -97.7953796386719 -98.4011459350586 -99.0069046020508 -99.6126708984375 -100.21842956543 -100.824195861816 -100.971374511719 -100.965690612793 -100.960006713867 -100.954322814941 -100.948638916016 -100.942947387695 -100.93726348877 -100.934211730957 -100.939033508301 -100.943862915039 -100.948692321777 -100.953514099121 -100.958343505859 -100.963172912598 -100.967994689941 -100.729713439941 -100.41039276123 -100.091079711914 -99.7717590332031 -99.4524459838867 -99.1331253051758 -98.8138046264648 -98.4672088623047 -98.0387725830078 -97.6103363037109 -97.1819000244141 -96.7534637451172 -96.3250198364258 -95.8965835571289 -95.468147277832 -94.8986968994141 -94.2822494506836 -93.6657943725586 -93.0493392944336 -92.4328842163086 -91.8164367675781
-97.8264770507812 -98.2631759643555 -98.6998748779297 -99.1365737915039 -99.5732727050781 -100.009971618652 -100.446670532227 -100.883369445801 -100.993965148926 -100.99585723877 -100.997749328613 -100.999641418457 -101.001533508301 -101.003425598145 -101.005317687988 -101.005638122559 -101.00121307373 -100.996795654297 -100.992378234863 -100.987953186035 -100.983535766602 -100.979118347168 -100.97469329834 -100.70832824707 -100.354637145996 -100.000953674316 -99.6472625732422 -99.2935791015625 -98.9398880004883 -98.5862045288086 -98.2279281616211 -97.8558883666992 -97.4838485717773 -97.11181640625 -96.7397766113281 -96.3677368164062 -95.9957046508789 -95.623664855957 -94.9243392944336 -94.1159210205078 -93.307502746582 -92.4990844726562 -91.6906661987305 -90.8822479248047
-99.0691070556641 -99.3367385864258 -99.6043701171875 -99.8720092773438 -100.139640808105 -100.407272338867 -100.674911499023 -100.942543029785 -101.016555786133 -101.026023864746 -101.035491943359 -101.044960021973 -101.05443572998 -101.063903808594 -101.073371887207 -101.077056884766 -101.06339263916 -101.049728393555 -101.036064147949 -101.022392272949 -101.008728027344 -100.995063781738 -100.981399536133 -100.686935424805 -100.298881530762 -99.9108276367188 -99.5227661132812 -99.1347122192383 -98.7466583251953 -98.3585968017578 -97.9886474609375 -97.6730117797852 -97.3573684692383 -97.0417327880859 -96.7260894775391 -96.4104537963867 -96.0948181152344 -95.7791748046875 -94.9499816894531 -93.949592590332 -92.9492111206055 -91.9488296508789 -90.9484405517578 -89.9480590820312
-100.311729431152 -100.410301208496 -100.50887298584 -100.607437133789 -100.706008911133 -100.804580688477 -100.903144836426 -101.00171661377 -101.03914642334 -101.056190490723 -101.073234558105 -101.090286254883 -101.107330322266 -101.124382019043 -101.141426086426 -101.148483276367 -101.12557220459 -101.102661132812 -101.079750061035 -101.056831359863 -101.033920288086 -101.011009216309 -100.988098144531 -100.665550231934 -100.243125915527 -99.8207015991211 -99.3982696533203 -98.9758453369141 -98.5534210205078 -98.1309967041016 -97.7493667602539 -97.4901275634766 -97.2308883666992 -96.9716491699219 -96.7124099731445 -96.4531707763672 -96.1939315795898 -95.9346923828125 -94.9756164550781 -93.7832717895508 -92.5909194946289 -91.3985748291016 -90.2062225341797 -89.0138702392578
-101.116966247559 -101.111854553223 -101.106742858887 -101.101631164551 -101.096519470215 -101.091407775879 -101.086296081543 -101.081184387207 -101.097015380859 -101.119819641113 -101.142623901367 -101.165428161621 -101.188232421875 -101.211036682129 -101.233840942383 -101.244316101074 -101.217826843262 -101.191337585449 -101.164840698242 -101.13835144043 -101.111854553223 -101.08536529541 -101.058868408203 -100.742614746094 -100.329772949219 -99.9169311523438 -99.5040893554688 -99.0912475585938 -98.6784057617188 -98.2655563354492 -97.8834381103516 -97.5934982299805 -97.3035507202148 -97.0136032104492 -96.7236633300781 -96.4337158203125 -96.1437683105469 -95.8538284301758 -94.8616943359375 -93.635498046875 -92.4093017578125 -91.1831130981445 -89.956916809082 -88.7307205200195
-101.484802246094 -101.441398620605 -101.397994995117 -101.354583740234 -101.311180114746 -101.267768859863 -101.224365234375 -101.180953979492 -101.190162658691 -101.216903686523 -101.243644714355 -101.270385742188 -101.297134399414 -101.323875427246 -101.350616455078 -101.364570617676 -101.34016418457 -101.31575012207 -101.291343688965 -101.266937255859 -101.242523193359 -101.218116760254 -101.193710327148 -100.918128967285 -100.558822631836 -100.199516296387 -99.8402099609375 -99.4809036254883 -99.1215972900391 -98.7622909545898 -98.3908767700195 -97.9831161499023 -97.5753631591797 -97.1676025390625 -96.7598495483398 -96.3520965576172 -95.9443359375 -95.5365829467773 -94.6082000732422 -93.5062866210938 -92.4043655395508 -91.3024444580078 -90.2005310058594 -89.0986099243164
-101.852645874023 -101.770942687988 -101.689239501953 -101.607536315918 -101.525833129883 -101.444129943848 -101.362426757812 -101.280723571777 -101.283309936523 -101.313987731934 -101.344673156738 -101.375350952148 -101.406028747559 -101.436714172363 -101.467391967773 -101.484817504883 -101.462493896484 -101.440170288086 -101.417846679688 -101.395523071289 -101.373199462891 -101.350875854492 -101.328552246094 -101.093643188477 -100.787872314453 -100.48210144043 -100.176338195801 -99.8705673217773 -99.5647964477539 -99.2590255737305 -98.898307800293 -98.3727416992188 -97.8471755981445 -97.3216094970703 -96.7960357666016 -96.2704696655273 -95.7449035644531 -95.2193374633789 -94.3547134399414 -93.377067565918 -92.3994216918945 -91.4217834472656 -90.4441375732422 -89.4664993286133
-102.220489501953 -102.100486755371 -101.980491638184 -101.860488891602 -101.740493774414 -101.620491027832 -101.500495910645 -101.380493164062 -101.376457214355 -101.411079406738 -101.445693969727 -101.480316162109 -101.514930725098 -101.549545288086 -101.584167480469 -101.605072021484 -101.584831237793 -101.564590454102 -101.54434967041 -101.524108886719 -101.503868103027 -101.483627319336 -101.463386535645 -101.269157409668 -101.01692199707 -100.764694213867 -100.51245880127 -100.260223388672 -100.007995605469 -99.7557601928711 -99.4057464599609 -98.7623672485352 -98.1189880371094 -97.4756088256836 -96.8322296142578 -96.188850402832 -95.5454711914062 -94.9020919799805 -94.1012191772461 -93.2478485107422 -92.3944854736328 -91.5411148071289 -90.6877517700195 -89.8343811035156
-102.588325500488 -102.430030822754 -102.27173614502 -102.113441467285 -101.955146789551 -101.796852111816 -101.638557434082 -101.480262756348 -101.469604492188 -101.508163452148 -101.546714782715 -101.585273742676 -101.623832702637 -101.662384033203 -101.700942993164 -101.725318908691 -101.707168579102 -101.689010620117 -101.670852661133 -101.652694702148 -101.634536743164 -101.616386413574 -101.59822845459 -101.444664001465 -101.245971679688 -101.04727935791 -100.848579406738 -100.649887084961 -100.451194763184 -100.252494812012 -99.9131774902344 -99.151985168457 -98.3907928466797 -97.6296081542969 -96.8684158325195 -96.1072235107422 -95.3460311889648 -94.5848388671875 -93.8477249145508 -93.1186370849609 -92.3895416259766 -91.6604537963867 -90.9313583374023 -90.2022705078125
-102.956169128418 -102.759574890137 -102.56298828125 -102.366394042969 -102.169807434082 -101.973213195801 -101.77661895752 -101.580032348633 -101.56275177002 -101.605247497559 -101.647743225098 -101.690238952637 -101.732727050781 -101.77522277832 -101.817718505859 -101.845573425293 -101.829498291016 -101.813430786133 -101.797355651855 -101.781280517578 -101.765213012695 -101.749137878418 -101.733070373535 -101.620178222656 -101.475021362305 -101.329864501953 -101.184707641602 -101.03955078125 -100.894386291504 -100.749229431152 -100.420608520508 -99.5416107177734 -98.6626052856445 -97.7836074829102 -96.9046020507812 -96.0256042480469 -95.146598815918 -94.2675933837891 -93.5942306518555 -92.9894180297852 -92.3846054077148 -91.77978515625 -91.1749725341797 -90.5701522827148
-103.113975524902 -102.910789489746 -102.70760345459 -102.504417419434 -102.301223754883 -102.098037719727 -101.89485168457 -101.691665649414 -101.677787780762 -101.727020263672 -101.776245117188 -101.825477600098 -101.874702453613 -101.923934936523 -101.973159790039 -102.003265380859 -101.976013183594 -101.948760986328 -101.921501159668 -101.894248962402 -101.866989135742 -101.839736938477 -101.812484741211 -101.70475769043 -101.570205688477 -101.435653686523 -101.30110168457 -101.166557312012 -101.032005310059 -100.897453308105 -100.578140258789 -99.7045288085938 -98.8309173583984 -97.9573059082031 -97.0836944580078 -96.2100830078125 -95.3364715576172 -94.4628601074219 -93.8726043701172 -93.3768005371094 -92.8809967041016 -92.3851928710938 -91.8893890380859 -91.3935852050781
-103.061752319336 -102.883666992188 -102.705581665039 -102.527496337891 -102.349418640137 -102.171333312988 -101.99324798584 -101.815162658691 -101.814712524414 -101.873474121094 -101.932228088379 -101.990989685059 -102.049751281738 -102.108505249023 -102.167266845703 -102.19841003418 -102.146705627441 -102.095001220703 -102.04328918457 -101.991584777832 -101.939880371094 -101.888175964355 -101.836471557617 -101.698387145996 -101.531517028809 -101.364646911621 -101.197776794434 -101.030906677246 -100.864036560059 -100.697166442871 -100.385757446289 -99.640739440918 -98.8957214355469 -98.1507034301758 -97.4056854248047 -96.6606674194336 -95.9156494140625 -95.1706314086914 -94.6828308105469 -94.2807769775391 -93.8787155151367 -93.4766616821289 -93.0746078491211 -92.6725463867188
