data/working_set_collections/6091692-Cassins_Sparrow-M2/2015/lwgnt_avg.asc
NCOLS 265 
NROWS 230 
XLLCORNER -115.5625 
YLLCORNER 24.8333333333333 
CELLSIZE 0.0833333333333333 
NODATA_value -9999 
[rows 100 to 119 of 230, columns 0 to 43 of 265]
-110.745361328125 -110.912857055664 -111.080352783203 -111.247840881348 -111.415336608887 -111.582832336426 -111.750328063965 -111.467529296875 -111.034629821777 -110.60173034668 -110.168830871582 -109.735939025879 -109.303039550781 -108.870140075684 -108.43098449707 -107.973068237305 -107.515151977539 -107.057235717773 -106.599319458008 -106.141403198242 -105.683486938477 -105.225570678711 -104.957023620605 -104.751602172852 -104.546173095703 -104.340751647949 -104.135330200195 -103.929908752441 -103.724487304688 -103.517875671387 -103.307716369629 -103.097564697266 -102.887405395508 -102.67724609375 -102.467086791992 -102.256927490234 -102.046768188477 -102.014923095703 -102.042518615723 -102.070106506348 -102.097694396973 -102.125289916992 -102.152877807617 -102.180473327637
-110.570907592773 -110.672515869141 -110.774124145508 -110.87572479248 -110.977333068848 -111.078941345215 -111.180549621582 -110.927444458008 -110.556106567383 -110.184761047363 -109.813423156738 -109.442085266113 -109.070739746094 -108.699401855469 -108.311462402344 -107.873741149902 -107.436012268066 -106.99828338623 -106.560562133789 -106.122833251953 -105.685104370117 -105.247375488281 -104.996391296387 -104.807655334473 -104.618919372559 -104.430183410645 -104.24144744873 -104.052711486816 -103.863975524902 -103.669380187988 -103.45719909668 -103.245010375977 -103.032829284668 -102.820640563965 -102.608459472656 -102.396270751953 -102.184089660645 -102.117729187012 -102.099975585938 -102.082221984863 -102.064468383789 -102.046714782715 -102.028961181641 -102.011207580566
-110.524688720703 -110.59245300293 -110.660224914551 -110.727989196777 -110.795753479004 -110.86351776123 -110.931282043457 -110.704025268555 -110.378425598145 -110.052825927734 -109.727226257324 -109.401626586914 -109.076026916504 -108.750427246094 -108.399444580078 -107.972305297852 -107.545166015625 -107.118034362793 -106.690895080566 -106.263763427734 -105.836624145508 -105.409484863281 -105.159156799316 -104.967765808105 -104.776374816895 -104.584983825684 -104.393592834473 -104.202194213867 -104.010803222656 -103.81307220459 -103.596336364746 -103.379600524902 -103.162864685059 -102.94612121582 -102.729385375977 -102.512649536133 -102.295906066895 -102.141799926758 -102.008567810059 -101.875328063965 -101.742095947266 -101.608863830566 -101.475631713867 -101.342399597168
-110.606712341309 -110.67268371582 -110.738655090332 -110.804618835449 -110.870590209961 -110.936561584473 -111.00252532959 -110.797264099121 -110.501586914062 -110.205909729004 -109.91024017334 -109.614562988281 -109.318885803223 -109.023208618164 -108.694915771484 -108.268775939941 -107.842628479004 -107.416481018066 -106.990333557129 -106.564193725586 -106.138046264648 -105.711898803711 -105.445320129395 -105.231925964355 -105.018531799316 -104.805137634277 -104.591743469238 -104.378356933594 -104.164962768555 -103.948959350586 -103.725143432617 -103.501327514648 -103.277503967285 -103.053688049316 -102.829872131348 -102.606048583984 -102.382232666016 -102.087142944336 -101.768287658691 -101.449440002441 -101.130592346191 -100.811737060547 -100.492889404297 -100.174041748047
-110.688735961914 -110.752906799316 -110.817077636719 -110.881256103516 -110.945426940918 -111.00959777832 -111.073776245117 -110.890502929688 -110.62474822998 -110.359001159668 -110.093246459961 -109.827499389648 -109.561744689941 -109.295997619629 -108.990394592285 -108.565238952637 -108.140083312988 -107.71492767334 -107.289772033691 -106.864624023438 -106.439468383789 -106.014312744141 -105.731475830078 -105.496086120605 -105.260688781738 -105.025299072266 -104.789901733398 -104.554512023926 -104.319114685059 -104.084846496582 -103.853950500488 -103.623046875 -103.392150878906 -103.161254882812 -102.930351257324 -102.69945526123 -102.468559265137 -102.032485961914 -101.528015136719 -101.023551940918 -100.519081115723 -100.014617919922 -99.5101470947266 -99.0056838989258
-110.77075958252 -110.833137512207 -110.8955078125 -110.957885742188 -111.020263671875 -111.082641601562 -111.14501953125 -110.983741760254 -110.747917175293 -110.512084960938 -110.276260375977 -110.040435791016 -109.804611206055 -109.568778991699 -109.285873413086 -108.861709594727 -108.437545776367 -108.013381958008 -107.589218139648 -107.165054321289 -106.74089050293 -106.31672668457 -106.017639160156 -105.760246276855 -105.50284576416 -105.245452880859 -104.988059997559 -104.730667114258 -104.473274230957 -104.220733642578 -103.982749938965 -103.744773864746 -103.506797790527 -103.268814086914 -103.030838012695 -102.792861938477 -102.554878234863 -101.977821350098 -101.287742614746 -100.59765625 -99.9075698852539 -99.2174911499023 -98.5274047851562 -97.8373260498047
-110.852783203125 -110.913360595703 -110.973937988281 -111.034523010254 -111.095100402832 -111.155685424805 -111.216262817383 -111.07698059082 -110.871078491211 -110.665176391602 -110.459274291992 -110.253372192383 -110.047470092773 -109.841567993164 -109.581344604492 -109.158172607422 -108.735000610352 -108.311828613281 -107.888656616211 -107.465484619141 -107.042304992676 -106.619132995605 -106.30379486084 -106.024398803711 -105.745010375977 -105.465614318848 -105.186218261719 -104.90682220459 -104.627426147461 -104.356620788574 -104.111557006836 -103.866500854492 -103.621444702148 -103.37638092041 -103.131324768066 -102.886260986328 -102.641204833984 -101.923164367676 -101.047462463379 -100.171768188477 -99.2960662841797 -98.4203643798828 -97.5446624755859 -96.6689682006836
-110.93480682373 -110.993583679199 -111.052368164062 -111.111152648926 -111.169937133789 -111.228721618652 -111.287506103516 -111.170219421387 -110.994239807129 -110.818260192871 -110.642288208008 -110.46630859375 -110.290328979492 -110.114349365234 -109.876823425293 -109.454643249512 -109.032455444336 -108.610275268555 -108.188095092773 -107.765914916992 -107.343727111816 -106.921546936035 -106.589958190918 -106.288558959961 -105.987167358398 -105.685768127441 -105.384376525879 -105.082977294922 -104.781585693359 -104.492500305176 -104.240364074707 -103.988227844238 -103.736083984375 -103.483947753906 -103.231811523438 -102.979667663574 -102.727531433105 -101.868507385254 -100.807189941406 -99.7458724975586 -98.6845550537109 -97.6232376098633 -96.5619201660156 -95.5006103515625
-111.21605682373 -111.252090454102 -111.288116455078 -111.324150085449 -111.36018371582 -111.396217346191 -111.432250976562 -111.329078674316 -111.179512023926 -111.029945373535 -110.880378723145 -110.730812072754 -110.581245422363 -110.431678771973 -110.215194702148 -109.797973632812 -109.380752563477 -108.963523864746 -108.54630279541 -108.129081726074 -107.711853027344 -107.294631958008 -106.952392578125 -106.635147094727 -106.317901611328 -106.000648498535 -105.683403015137 -105.366157531738 -105.04891204834 -104.735794067383 -104.435066223145 -104.134346008301 -103.833618164062 -103.532897949219 -103.23217010498 -102.931442260742 -102.630722045898 -101.784858703613 -100.757286071777 -99.7297058105469 -98.7021331787109 -97.674560546875 -96.6469802856445 -95.6194076538086
-111.696533203125 -111.688858032227 -111.681182861328 -111.67350769043 -111.665832519531 -111.658157348633 -111.650482177734 -111.553565979004 -111.426895141602 -111.300224304199 -111.173553466797 -111.046882629395 -110.920211791992 -110.79354095459 -110.596466064453 -110.188171386719 -109.779876708984 -109.371574401855 -108.963279724121 -108.554985046387 -108.146690368652 -107.738395690918 -107.391105651855 -107.064155578613 -106.737205505371 -106.410255432129 -106.083305358887 -105.756355285645 -105.429405212402 -105.086486816406 -104.695671081543 -104.30485534668 -103.914039611816 -103.523223876953 -103.13240814209 -102.741592407227 -102.350776672363 -101.672218322754 -100.897743225098 -100.123268127441 -99.3487930297852 -98.5743179321289 -97.7998428344727 -97.0253677368164
-112.177017211914 -112.125633239746 -112.074249267578 -112.022872924805 -111.971488952637 -111.920104980469 -111.868721008301 -111.778045654297 -111.674270629883 -111.570503234863 -111.466728210449 -111.362953186035 -111.259178161621 -111.155403137207 -110.977729797363 -110.57836151123 -110.179000854492 -109.779632568359 -109.380264282227 -108.980895996094 -108.581527709961 -108.182159423828 -107.82982635498 -107.493171691895 -107.156517028809 -106.819862365723 -106.483207702637 -106.146560668945 -105.809906005859 -105.437187194824 -104.956275939941 -104.475372314453 -103.994468688965 -103.513557434082 -103.032653808594 -102.551742553711 -102.070838928223 -101.559577941895 -101.038200378418 -100.516830444336 -99.9954528808594 -99.4740753173828 -98.9527053833008 -98.4313278198242
-112.657493591309 -112.562408447266 -112.467315673828 -112.372230529785 -112.277137756348 -112.182052612305 -112.086959838867 -112.002532958984 -111.921653747559 -111.840774536133 -111.759902954102 -111.679023742676 -111.59814453125 -111.517272949219 -111.359001159668 -110.968559265137 -110.578125 -110.187683105469 -109.797241210938 -109.406799316406 -109.016357421875 -108.625923156738 -108.268539428711 -107.922187805176 -107.575828552246 -107.229469299316 -106.883110046387 -106.536758422852 -106.190399169922 -105.787879943848 -105.21688079834 -104.645889282227 -104.074890136719 -103.503890991211 -102.932891845703 -102.361892700195 -101.790893554688 -101.446937561035 -101.178665161133 -100.910385131836 -100.642112731934 -100.373840332031 -100.105560302734 -99.837287902832
-113.137977600098 -112.999183654785 -112.860382080078 -112.721588134766 -112.582794189453 -112.443992614746 -112.305198669434 -112.227012634277 -112.169036865234 -112.111053466797 -112.053077697754 -111.995094299316 -111.937110900879 -111.879135131836 -111.740272521973 -111.358757019043 -110.977249145508 -110.595733642578 -110.214218139648 -109.832710266113 -109.451194763184 -109.069679260254 -108.707260131836 -108.351196289062 -107.995140075684 -107.63907623291 -107.283020019531 -106.926956176758 -106.570892333984 -106.138580322266 -105.477485656738 -104.816398620605 -104.155311584473 -103.494216918945 -102.833129882812 -102.17204284668 -101.510955810547 -101.334297180176 -101.319122314453 -101.30394744873 -101.288772583008 -101.273597717285 -101.258422851562 -101.24324798584
-113.618453979492 -113.43595123291 -113.253448486328 -113.070945739746 -112.888442993164 -112.705940246582 -112.5234375 -112.451499938965 -112.416412353516 -112.381332397461 -112.346252441406 -112.311164855957 -112.276084899902 -112.240997314453 -112.121543884277 -111.748954772949 -111.376373291016 -111.003784179688 -110.631202697754 -110.258613586426 -109.886032104492 -109.513442993164 -109.145973205566 -108.780212402344 -108.414443969727 -108.048683166504 -107.682922363281 -107.317153930664 -106.951393127441 -106.489273071289 -105.738090515137 -104.986915588379 -104.235733032227 -103.484550476074 -102.733367919922 -101.982192993164 -101.231010437012 -101.221656799316 -101.459587097168 -101.697509765625 -101.935432434082 -102.173355102539 -102.411277770996 -102.649208068848
-113.79418182373 -113.608596801758 -113.423011779785 -113.237434387207 -113.051849365234 -112.866264343262 -112.680679321289 -112.608985900879 -112.575263977051 -112.541534423828 -112.507804870605 -112.474075317383 -112.44034576416 -112.406623840332 -112.290405273438 -111.926719665527 -111.563034057617 -111.199348449707 -110.835670471191 -110.471984863281 -110.108299255371 -109.744613647461 -109.378921508789 -109.012565612793 -108.646209716797 -108.279846191406 -107.91349029541 -107.547134399414 -107.180770874023 -106.723236083984 -105.992179870605 -105.261116027832 -104.530059814453 -103.79899597168 -103.067932128906 -102.336875915527 -101.605812072754 -101.655166625977 -101.964660644531 -102.274147033691 -102.583641052246 -102.893135070801 -103.202629089355 -103.512115478516
-113.665145874023 -113.517112731934 -113.369079589844 -113.221038818359 -113.07300567627 -112.924964904785 -112.776931762695 -112.699485778809 -112.645568847656 -112.591659545898 -112.537742614746 -112.483825683594 -112.429916381836 -112.375999450684 -112.246864318848 -111.892051696777 -111.537239074707 -111.182434082031 -110.827621459961 -110.472808837891 -110.118003845215 -109.763191223145 -109.406105041504 -109.048263549805 -108.690414428711 -108.332572937012 -107.974731445312 -107.616882324219 -107.25904083252 -106.840476989746 -106.23974609375 -105.639015197754 -105.038284301758 -104.437553405762 -103.836822509766 -103.23609161377 -102.635360717773 -102.634826660156 -102.834350585938 -103.033874511719 -103.233406066895 -103.432929992676 -103.632453918457 -103.831977844238
-113.536117553711 -113.425628662109 -113.315139770508 -113.204650878906 -113.094161987305 -112.983673095703 -112.873184204102 -112.789985656738 -112.715881347656 -112.641784667969 -112.567680358887 -112.493583679199 -112.419479370117 -112.34538269043 -112.203323364258 -111.857383728027 -111.511451721191 -111.165512084961 -110.819580078125 -110.473640441895 -110.127700805664 -109.781768798828 -109.433288574219 -109.083953857422 -108.73462677002 -108.385299682617 -108.03596496582 -107.686637878418 -107.337310791016 -106.957710266113 -106.487312316895 -106.016914367676 -105.546508789062 -105.076110839844 -104.605712890625 -104.135314941406 -103.664909362793 -103.614479064941 -103.704040527344 -103.793601989746 -103.883163452148 -103.972724914551 -104.062286376953 -104.151840209961
-113.407089233398 -113.334144592285 -113.261199951172 -113.188255310059 -113.11531829834 -113.042373657227 -112.969429016113 -112.880477905273 -112.786193847656 -112.691909790039 -112.597618103027 -112.50333404541 -112.409049987793 -112.314758300781 -112.159782409668 -111.822715759277 -111.485656738281 -111.148590087891 -110.811531066895 -110.474472045898 -110.137405395508 -109.800346374512 -109.460464477539 -109.119651794434 -108.778839111328 -108.438018798828 -108.097206115723 -107.756393432617 -107.415573120117 -107.07494354248 -106.734878540039 -106.394805908203 -106.054740905762 -105.714668273926 -105.37459564209 -105.034530639648 -104.694458007812 -104.594139099121 -104.57373046875 -104.553329467773 -104.532920837402 -104.512519836426 -104.492111206055 -104.471702575684
-113.278053283691 -113.242660522461 -113.207260131836 -113.171867370605 -113.136474609375 -113.10107421875 -113.06568145752 -112.970977783203 -112.856506347656 -112.742034912109 -112.627555847168 -112.513084411621 -112.398612976074 -112.284141540527 -112.116241455078 -111.788047790527 -111.459861755371 -111.131675720215 -110.803482055664 -110.475296020508 -110.147109985352 -109.818923950195 -109.487648010254 -109.155349731445 -108.823043823242 -108.490745544434 -108.158447265625 -107.826141357422 -107.493843078613 -107.192184448242 -106.982444763184 -106.772705078125 -106.562965393066 -106.353225708008 -106.143486022949 -105.933746337891 -105.724006652832 -105.573799133301 -105.443428039551 -105.313056945801 -105.182685852051 -105.052314758301 -104.921943664551 -104.791572570801
-113.149024963379 -113.151176452637 -113.153327941895 -113.155479431152 -113.15763092041 -113.159782409668 -113.161933898926 -113.061470031738 -112.926811218262 -112.792152404785 -112.657493591309 -112.522834777832 -112.388175964355 -112.253517150879 -112.072700500488 -111.753379821777 -111.434066772461 -111.114753723145 -110.795440673828 -110.476127624512 -110.156814575195 -109.837493896484 -109.514831542969 -109.191040039062 -108.867256164551 -108.543472290039 -108.219680786133 -107.895896911621 -107.572113037109 -107.309417724609 -107.230010986328 -107.150604248047 -107.071189880371 -106.99178314209 -106.912376403809 -106.832969665527 -106.753555297852 -106.553451538086 -106.313117980957 -106.072776794434 -105.832443237305 -105.592102050781 -105.351768493652 -105.111434936523
