data/working_set_collections/6091692-Cassins_Sparrow-M2/2015/lwgnt_avg.asc
NCOLS 265 
NROWS 230 
XLLCORNER -115.5625 
YLLCORNER 24.8333333333333 
CELLSIZE 0.0833333333333333 
NODATA_value -9999 
[rows 40 to 59 of 230, columns 88 to 131 of 265]
-93.4342422485352 -92.8998031616211 -92.019416809082 -91.1390380859375 -90.258659362793 -89.3782730102539 -88.4978942871094 -87.6175079345703 -86.7371292114258 -85.7227172851562 -84.6636276245117 -83.6045379638672 -82.5454406738281 -81.4863510131836 -80.4272613525391 -79.3681716918945 -78.6696243286133 -79.0527267456055 -79.4358291625977 -79.8189239501953 -80.2020263671875 -80.5851211547852 -80.9682235717773 -81.3513259887695 -82.2297744750977 -83.2733459472656 -84.3169174194336 -85.360481262207 -86.404052734375 -87.447624206543 -88.4911956787109 -89.4412155151367 -90.110595703125 -90.7799758911133 -91.4493560791016 -92.1187362670898 -92.7881240844727 -93.4575042724609 -94.1268844604492 -93.9851989746094 -93.5731658935547 -93.1611328125 -92.7490997314453 -92.3370666503906
-93.6257858276367 -93.0658721923828 -92.1517333984375 -91.2375946044922 -90.3234481811523 -89.409309387207 -88.4951705932617 -87.5810241699219 -86.6668853759766 -85.6384582519531 -84.5719375610352 -83.5054168701172 -82.4388961791992 -81.3723754882812 -80.3058547973633 -79.2393264770508 -78.5153045654297 -78.8187866210938 -79.1222686767578 -79.4257507324219 -79.7292327880859 -80.03271484375 -80.3361968994141 -80.6396789550781 -81.5400772094727 -82.6394500732422 -83.7388229370117 -84.8381958007812 -85.9375686645508 -87.0369415283203 -88.1363143920898 -89.1494522094727 -89.9038772583008 -90.6582946777344 -91.4127197265625 -92.1671371459961 -92.9215621948242 -93.6759796142578 -94.4303970336914 -94.315299987793 -93.9103546142578 -93.5054092407227 -93.1004638671875 -92.6955184936523
-93.578971862793 -92.9774551391602 -92.0081939697266 -91.038932800293 -90.0696716308594 -89.1004104614258 -88.1311492919922 -87.1618881225586 -86.192626953125 -85.2115707397461 -84.2265777587891 -83.2415924072266 -82.2566070556641 -81.271614074707 -80.2866287231445 -79.3016357421875 -78.6265716552734 -78.8812713623047 -79.1359710693359 -79.3906707763672 -79.6453704833984 -79.9000625610352 -80.1547622680664 -80.4094619750977 -81.3246459960938 -82.4599914550781 -83.595329284668 -84.7306747436523 -85.8660202026367 -87.0013656616211 -88.1367034912109 -89.1845474243164 -89.9698867797852 -90.7552261352539 -91.5405654907227 -92.3259124755859 -93.1112518310547 -93.8965911865234 -94.6819305419922 -94.5849075317383 -94.1937561035156 -93.8026123046875 -93.4114685058594 -93.0203170776367
-93.2937850952148 -92.6345291137695 -91.5887908935547 -90.5430450439453 -89.4973068237305 -88.4515686035156 -87.4058303833008 -86.3600921630859 -85.3143463134766 -84.4420471191406 -83.627555847168 -82.8130645751953 -81.9985733032227 -81.18408203125 -80.3695907592773 -79.5550994873047 -79.00341796875 -79.2401733398438 -79.476921081543 -79.7136688232422 -79.9504241943359 -80.1871719360352 -80.4239196777344 -80.6606674194336 -81.5834655761719 -82.7349472045898 -83.8864288330078 -85.0379104614258 -86.1893920898438 -87.3408737182617 -88.4923553466797 -89.546501159668 -90.3086395263672 -91.0707778930664 -91.8329162597656 -92.5950546264648 -93.3571929931641 -94.1193313598633 -94.8814697265625 -94.7940216064453 -94.4233856201172 -94.0527496337891 -93.6821060180664 -93.3114700317383
-93.0085983276367 -92.2916030883789 -91.1693878173828 -90.0471649169922 -88.9249496459961 -87.8027267456055 -86.6805114746094 -85.5582885742188 -84.4360733032227 -83.6725234985352 -83.0285263061523 -82.3845367431641 -81.7405395507812 -81.096549987793 -80.4525527954102 -79.8085632324219 -79.3802719116211 -79.5990676879883 -79.81787109375 -80.0366744995117 -80.2554702758789 -80.4742736816406 -80.6930770874023 -80.9118804931641 -81.8422927856445 -83.0099105834961 -84.1775283813477 -85.3451461791992 -86.5127716064453 -87.6803894042969 -88.8480072021484 -89.9084548950195 -90.6473922729492 -91.3863296508789 -92.1252670288086 -92.8641967773438 -93.6031341552734 -94.3420715332031 -95.0810089111328 -95.0031433105469 -94.6530151367188 -94.3028793334961 -93.952751159668 -93.6026153564453
-92.7234115600586 -91.9486846923828 -90.7499847412109 -89.5512847900391 -88.3525848388672 -87.1538925170898 -85.955192565918 -84.7564926147461 -83.5577926635742 -82.9029998779297 -82.4295043945312 -81.9560089111328 -81.4825134277344 -81.0090179443359 -80.5355224609375 -80.0620269775391 -79.7571182250977 -79.9579696655273 -80.158821105957 -80.3596725463867 -80.5605239868164 -80.7613830566406 -80.9622344970703 -81.1630859375 -82.1011199951172 -83.2848739624023 -84.4686279296875 -85.6523895263672 -86.8361434936523 -88.0198974609375 -89.2036590576172 -90.2704086303711 -90.9861450195312 -91.7018737792969 -92.417610168457 -93.1333465576172 -93.8490829467773 -94.564811706543 -95.2805480957031 -95.2122650146484 -94.8826370239258 -94.5530166625977 -94.223388671875 -93.8937606811523
-92.4382247924805 -91.6057586669922 -90.3305816650391 -89.0554046630859 -87.7802276611328 -86.5050506591797 -85.2298736572266 -83.9546966552734 -82.6795196533203 -82.1334762573242 -81.8304748535156 -81.5274810791016 -81.224479675293 -80.9214782714844 -80.6184844970703 -80.3154830932617 -80.1339645385742 -80.3168716430664 -80.4997711181641 -80.6826782226562 -80.8655776977539 -81.0484848022461 -81.2313919067383 -81.4142913818359 -82.3599395751953 -83.5598373413086 -84.7597274780273 -85.9596252441406 -87.1595153808594 -88.3594131469727 -89.5593032836914 -90.6323623657227 -91.3248901367188 -92.0174255371094 -92.7099609375 -93.4024887084961 -94.0950241088867 -94.7875595092773 -95.4800872802734 -95.42138671875 -95.1122665405273 -94.8031463623047 -94.494026184082 -94.1849136352539
-92.1530380249023 -91.2628402709961 -89.9111785888672 -88.5595245361328 -87.2078628540039 -85.8562088012695 -84.5045547485352 -83.1528930664062 -81.8012390136719 -81.3639526367188 -81.2314453125 -81.0989456176758 -80.9664459228516 -80.8339462280273 -80.7014465332031 -80.5689468383789 -80.5108108520508 -80.6757659912109 -80.8407211303711 -81.0056762695312 -81.1706314086914 -81.3355865478516 -81.5005493164062 -81.6655044555664 -82.618766784668 -83.8347930908203 -85.0508270263672 -86.2668609619141 -87.4828948974609 -88.6989212036133 -89.9149551391602 -90.9943161010742 -91.6636428833008 -92.3329772949219 -93.0023040771484 -93.6716384887695 -94.3409652709961 -95.0102996826172 -95.6796264648438 -95.630500793457 -95.3418960571289 -95.0532836914062 -94.7646713256836 -94.4760589599609
-92.0095977783203 -91.1096115112305 -89.7682266235352 -88.4268493652344 -87.0854721069336 -85.7440948486328 -84.402717590332 -83.0613403320312 -81.7199554443359 -81.330810546875 -81.2590713500977 -81.1873321533203 -81.115592956543 -81.0438537597656 -80.9721145629883 -80.9003829956055 -80.8733596801758 -80.9804992675781 -81.0876312255859 -81.1947708129883 -81.3019027709961 -81.4090423583984 -81.5161743164062 -81.6233139038086 -82.5981063842773 -83.8621215820312 -85.1261367797852 -86.3901596069336 -87.6541748046875 -88.9181900024414 -90.1822052001953 -91.2983322143555 -91.9707870483398 -92.6432495117188 -93.3157119750977 -93.988166809082 -94.6606292724609 -95.3330841064453 -96.0055465698242 -95.9596633911133 -95.6743240356445 -95.3889923095703 -95.1036605834961 -94.8183212280273
-92.0079040527344 -91.1460723876953 -89.9017333984375 -88.6573867797852 -87.4130477905273 -86.168701171875 -84.9243621826172 -83.6800155639648 -82.435676574707 -82.0340576171875 -81.9133453369141 -81.7926330566406 -81.6719207763672 -81.5512084960938 -81.4304962158203 -81.3097839355469 -81.2216110229492 -81.2310562133789 -81.2405014038086 -81.2499465942383 -81.259391784668 -81.2688369750977 -81.2782821655273 -81.287727355957 -82.2979736328125 -83.6418151855469 -84.9856643676758 -86.3295135498047 -87.6733551025391 -89.017204284668 -90.3610458374023 -91.5444107055664 -92.2463302612305 -92.9482498168945 -93.6501693725586 -94.3520812988281 -95.0540008544922 -95.7559204101562 -96.4578399658203 -96.4088516235352 -96.1095657348633 -95.8102798461914 -95.5109939575195 -95.2117004394531
-92.0062103271484 -91.1825408935547 -90.0352325439453 -88.8879241943359 -87.7406158447266 -86.5933151245117 -85.4460067749023 -84.298698425293 -83.1513900756836 -82.7373046875 -82.5676116943359 -82.3979263305664 -82.2282409667969 -82.0585556030273 -81.8888702392578 -81.7191848754883 -81.5698547363281 -81.4816131591797 -81.3933639526367 -81.3051223754883 -81.2168731689453 -81.1286315917969 -81.0403900146484 -80.9521408081055 -81.9978408813477 -83.421516418457 -84.8451919555664 -86.2688674926758 -87.6925430297852 -89.1162185668945 -90.5398941040039 -91.7904968261719 -92.5218734741211 -93.2532501220703 -93.9846267700195 -94.7160034179688 -95.447380065918 -96.1787567138672 -96.9101333618164 -96.8580474853516 -96.544807434082 -96.2315673828125 -95.918327331543 -95.6050872802734
-92.0045166015625 -91.2190017700195 -90.1687316894531 -89.1184616088867 -88.0681915283203 -87.0179214477539 -85.9676513671875 -84.9173812866211 -83.8671112060547 -83.440544128418 -83.2218856811523 -83.0032272338867 -82.7845611572266 -82.5659027099609 -82.3472442626953 -82.1285858154297 -81.9181060791016 -81.7321701049805 -81.5462341308594 -81.3602981567383 -81.1743621826172 -80.9884262084961 -80.802490234375 -80.6165542602539 -81.6977005004883 -83.2012100219727 -84.7047119140625 -86.2082214355469 -87.7117233276367 -89.2152328491211 -90.7187347412109 -92.0365753173828 -92.7974090576172 -93.5582504272461 -94.3190841674805 -95.0799179077148 -95.8407516479492 -96.6015853881836 -97.3624267578125 -97.3072357177734 -96.9800415039062 -96.6528549194336 -96.3256607055664 -95.9984664916992
-92.0028228759766 -91.2554702758789 -90.3022308349609 -89.3489990234375 -88.3957672119141 -87.4425277709961 -86.4892959594727 -85.5360641479492 -84.5828247070312 -84.1437911987305 -83.8761596679688 -83.6085205078125 -83.3408889770508 -83.0732498168945 -82.8056182861328 -82.5379867553711 -82.2663497924805 -81.9827270507812 -81.6990966796875 -81.4154739379883 -81.1318511962891 -80.8482208251953 -80.5645980834961 -80.2809677124023 -81.3975677490234 -82.9809036254883 -84.5642395019531 -86.147575378418 -87.7309112548828 -89.3142471313477 -90.8975830078125 -92.2826614379883 -93.0729522705078 -93.8632431030273 -94.6535415649414 -95.4438323974609 -96.234130859375 -97.0244216918945 -97.8147125244141 -97.7564315795898 -97.415283203125 -97.0741424560547 -96.7329940795898 -96.391845703125
-92.0011215209961 -91.2919311523438 -90.4357376098633 -89.5795364379883 -88.7233352661133 -87.8671417236328 -87.0109405517578 -86.1547393798828 -85.2985458374023 -84.847038269043 -84.5304260253906 -84.2138214111328 -83.8972091674805 -83.5806045532227 -83.2639923095703 -82.9473876953125 -82.6146011352539 -82.233283996582 -81.8519668579102 -81.4706497192383 -81.0893325805664 -80.7080154418945 -80.3266983032227 -79.9453811645508 -81.0974273681641 -82.7605972290039 -84.4237594604492 -86.0869293212891 -87.7500915527344 -89.4132614135742 -91.0764312744141 -92.5287399291992 -93.3484954833984 -94.1682434082031 -94.9879989624023 -95.807746887207 -96.6275024414062 -97.4472579956055 -98.2670059204102 -98.2056198120117 -97.8505249023438 -97.4954223632812 -97.1403274536133 -96.7852325439453
-91.7793426513672 -91.0555648803711 -90.2339935302734 -89.4124221801758 -88.5908508300781 -87.7692794799805 -86.9477081298828 -86.1261367797852 -85.304573059082 -84.8254699707031 -84.4605178833008 -84.095573425293 -83.7306289672852 -83.3656845092773 -83.0007400512695 -82.6357879638672 -82.30615234375 -82.0824432373047 -81.8587265014648 -81.6350173950195 -81.4113082885742 -81.1875915527344 -80.9638824462891 -80.7401733398438 -81.9176025390625 -83.5620803833008 -85.2065582275391 -86.8510360717773 -88.4955139160156 -90.1399917602539 -91.7844696044922 -93.2047958374023 -93.9526748657227 -94.7005462646484 -95.4484252929688 -96.1963043212891 -96.9441757202148 -97.6920547485352 -98.4399261474609 -98.3591537475586 -98.0021667480469 -97.6451797485352 -97.2881927490234 -96.9311981201172
-91.3374862670898 -90.5463562011719 -89.6970062255859 -88.84765625 -87.9983062744141 -87.1489562988281 -86.2996063232422 -85.4502563476562 -84.6009063720703 -84.0790786743164 -83.6664352416992 -83.2537841796875 -82.8411407470703 -82.4284973144531 -82.0158462524414 -81.6032028198242 -81.3410110473633 -81.5302047729492 -81.7193908691406 -81.908576965332 -82.097770690918 -82.2869567871094 -82.4761428833008 -82.6653289794922 -83.8580856323242 -85.3853530883789 -86.9126281738281 -88.4398956298828 -89.967170715332 -91.4944381713867 -93.0217132568359 -94.3108291625977 -94.885498046875 -95.4601593017578 -96.0348205566406 -96.609489440918 -97.1841506958008 -97.7588119506836 -98.3334808349609 -98.2170333862305 -97.8702163696289 -97.5233993530273 -97.1765823364258 -96.8297653198242
-90.895622253418 -90.0371551513672 -89.160026550293 -88.2828903198242 -87.40576171875 -86.5286331176758 -85.651496887207 -84.7743682861328 -83.8972396850586 -83.3326950073242 -82.8723449707031 -82.4120025634766 -81.9516525268555 -81.4913024902344 -81.0309600830078 -80.5706100463867 -80.3758773803711 -80.9779586791992 -81.5800476074219 -82.1821365356445 -82.7842254638672 -83.3863143920898 -83.9884033203125 -84.5904922485352 -85.7985610961914 -87.208625793457 -88.6186904907227 -90.0287551879883 -91.4388198852539 -92.8488922119141 -94.2589569091797 -95.416862487793 -95.8183135986328 -96.2197723388672 -96.621223449707 -97.0226745605469 -97.4241256713867 -97.8255767822266 -98.2270278930664 -98.0749053955078 -97.7382659912109 -97.4016189575195 -97.0649719238281 -96.7283248901367
-90.4537658691406 -89.5279541015625 -88.6230392456055 -87.718132019043 -86.8132171630859 -85.9083023071289 -85.0033950805664 -84.0984802246094 -83.1935653686523 -82.5863037109375 -82.0782623291016 -81.5702133178711 -81.0621643066406 -80.5541152954102 -80.0460662841797 -79.5380249023438 -79.4107360839844 -80.4257202148438 -81.4407119750977 -82.455696105957 -83.4706878662109 -84.4856796264648 -85.5006637573242 -86.5156555175781 -87.7390441894531 -89.0318984985352 -90.3247604370117 -91.6176223754883 -92.9104766845703 -94.2033386230469 -95.4961929321289 -96.5228958129883 -96.7511367797852 -96.979377746582 -97.2076187133789 -97.4358596801758 -97.6641006469727 -97.892333984375 -98.1205749511719 -97.9327850341797 -97.6063079833984 -97.2798385620117 -96.9533615112305 -96.6268920898438
-90.0119018554688 -89.0187530517578 -88.0860595703125 -87.1533660888672 -86.2206726074219 -85.2879791259766 -84.3552856445312 -83.4225921630859 -82.4898986816406 -81.8399200439453 -81.2841720581055 -80.7284240722656 -80.1726760864258 -79.6169281005859 -79.0611801147461 -78.5054321289062 -78.4455947875977 -79.8734817504883 -81.3013687133789 -82.7292633056641 -84.1571502685547 -85.5850372314453 -87.0129241943359 -88.4408111572266 -89.6795272827148 -90.8551788330078 -92.0308303833008 -93.2064819335938 -94.3821334838867 -95.5577850341797 -96.7334365844727 -97.6289291381836 -97.6839599609375 -97.7389907836914 -97.7940139770508 -97.8490447998047 -97.9040679931641 -97.959098815918 -98.0141296386719 -97.790657043457 -97.4743576049805 -97.1580581665039 -96.8417587280273 -96.5254516601562
-89.5700454711914 -88.5095443725586 -87.549072265625 -86.5886001586914 -85.6281280517578 -84.6676559448242 -83.7071838378906 -82.746711730957 -81.7862319946289 -81.0935287475586 -80.4900817871094 -79.8866348266602 -79.2831878662109 -78.6797409057617 -78.0762939453125 -77.4728469848633 -77.4804534912109 -79.3212432861328 -81.1620330810547 -83.0028228759766 -84.8436050415039 -86.6843948364258 -88.5251846313477 -90.3659744262695 -91.620002746582 -92.6784515380859 -93.7368927001953 -94.7953414916992 -95.8537826538086 -96.9122314453125 -97.9706802368164 -98.7349624633789 -98.6167831420898 -98.4985961914062 -98.3804092407227 -98.2622299194336 -98.14404296875 -98.0258636474609 -97.9076766967773 -97.6485366821289 -97.3424072265625 -97.0362777709961 -96.7301483154297 -96.4240188598633
