data/working_set_collections/6091692-Cassins_Sparrow-M2/2015/lwgnt_avg.asc
NCOLS 265 
NROWS 230 
XLLCORNER -115.5625 
YLLCORNER 24.8333333333333 
CELLSIZE 0.0833333333333333 
NODATA_value -9999 
[rows 200 to 219 of 230, columns 176 to 219 of 265]
-83.0124053955078 -82.5986251831055 -82.1848449707031 -81.778923034668 -81.3965530395508 -81.0141830444336 -80.6318130493164 -80.2494506835938 -79.8670806884766 -79.4847106933594 -79.1023483276367 -78.6547012329102 -78.1852951049805 -77.7158966064453 -77.2464904785156 -76.7770843505859 -76.3076858520508 -75.8382797241211 -75.3323287963867 -74.7167510986328 -74.1011734008789 -73.4855880737305 -72.8700103759766 -72.2544326782227 -71.6388473510742 -71.0232696533203 -70.4484252929688 -69.8871536254883 -69.3258895874023 -68.7646255493164 -68.2033615112305 -67.64208984375 -67.0808258056641 -66.5395202636719 -66.0580902099609 -65.5766677856445 -65.0952453613281 -64.6138153076172 -64.1323928833008 -63.6509666442871 -9999 -9999 -63.1689720153809 -9999
-83.3897171020508 -82.9484176635742 -82.5071182250977 -82.070556640625 -81.648193359375 -81.2258224487305 -80.8034591674805 -80.3810958862305 -79.9587249755859 -79.5363616943359 -79.1139984130859 -78.6504058837891 -78.1730728149414 -77.6957397460938 -77.2184066772461 -76.7410736083984 -76.2637405395508 -75.7864074707031 -75.2797241210938 -74.6849975585938 -74.0902709960938 -73.4955368041992 -72.9008102416992 -72.3060760498047 -71.7113494873047 -71.1166229248047 -70.5769882202148 -70.0557250976562 -69.5344543457031 -69.0131912231445 -68.4919281005859 -67.9706649780273 -67.4493942260742 -66.9193344116211 -66.3628997802734 -65.8064575195312 -65.2500152587891 -64.6935729980469 -64.1371307373047 -63.5806884765625 -63.0242500305176 -9999 -9999 -9999
-83.7670288085938 -83.298210144043 -82.8293914794922 -82.362190246582 -81.8998260498047 -81.4374618530273 -80.9751052856445 -80.5127410888672 -80.0503768920898 -79.5880126953125 -79.1256484985352 -78.6461181640625 -78.1608505249023 -77.6755905151367 -77.1903305053711 -76.7050628662109 -76.2198028564453 -75.7345428466797 -75.2271194458008 -74.6532440185547 -74.0793685913086 -73.505485534668 -72.9316101074219 -72.3577270507812 -71.7838516235352 -71.2099685668945 -70.7055511474609 -70.2242889404297 -69.7430267333984 -69.2617645263672 -68.7804946899414 -68.2992324829102 -67.8179702758789 -67.2991561889648 -66.6677017211914 -66.0362396240234 -65.40478515625 -64.7733306884766 -64.1418685913086 -63.5104141235352 -62.8789558410645 -62.7824020385742 -9999 -9999
-84.1443328857422 -83.6480026245117 -83.1516647338867 -82.6538238525391 -82.1514663696289 -81.6491012573242 -81.1467437744141 -80.6443862915039 -80.1420211791992 -79.6396636962891 -79.1373062133789 -78.6418228149414 -78.1486282348633 -77.6554412841797 -77.1622467041016 -76.6690521240234 -76.1758651733398 -75.6826705932617 -75.1745147705078 -74.6214904785156 -74.0684661865234 -73.5154342651367 -72.9624099731445 -72.4093780517578 -71.8563537597656 -71.3033218383789 -70.8341217041016 -70.3928527832031 -69.9515914916992 -69.5103302001953 -69.0690689086914 -68.627799987793 -68.1865386962891 -67.6789703369141 -66.9725036621094 -66.2660293579102 -65.5595550537109 -64.8530807495117 -64.146614074707 -63.4401397705078 -62.7336654663086 -62.6233444213867 -62.7117385864258 -9999
-84.3631744384766 -83.8320541381836 -83.3009414672852 -82.7743225097656 -82.2611923217773 -81.7480697631836 -81.2349472045898 -80.7218170166016 -80.2086944580078 -79.6955642700195 -79.1824417114258 -78.6803512573242 -78.1819458007812 -77.6835403442383 -77.1851348876953 -76.6867294311523 -76.1883163452148 -75.6899108886719 -75.1813888549805 -74.6425323486328 -74.1036682128906 -73.564811706543 -73.0259475708008 -72.4870910644531 -71.9482269287109 -71.4093704223633 -70.9534606933594 -70.5251998901367 -70.0969467163086 -69.6686935424805 -69.2404327392578 -68.8121795654297 -68.383918762207 -67.879150390625 -67.1448211669922 -66.4104995727539 -65.6761703491211 -64.9418487548828 -64.20751953125 -63.4731979370117 -62.7388725280762 -62.5963096618652 -62.6510009765625 -9999
-84.4235382080078 -83.8503723144531 -83.277214050293 -82.7236785888672 -82.2290191650391 -81.7343597412109 -81.2397003173828 -80.7450408935547 -80.2503814697266 -79.7557220458984 -79.2610626220703 -78.7617111206055 -78.2608032226562 -77.759895324707 -77.2589874267578 -76.7580795288086 -76.2571716308594 -75.7562637329102 -75.2477416992188 -74.7163619995117 -74.1849899291992 -73.6536102294922 -73.1222305297852 -72.5908584594727 -72.0594787597656 -71.5281066894531 -71.0635757446289 -70.6213302612305 -70.1790924072266 -69.7368469238281 -69.2946014404297 -68.8523559570312 -68.4101181030273 -67.8996810913086 -67.1846618652344 -66.4696502685547 -65.754638671875 -65.0396194458008 -64.3246078491211 -63.6095924377441 -62.8945770263672 -62.701301574707 -62.6819381713867 -9999
-84.4838943481445 -83.8686981201172 -83.2534942626953 -82.6730422973633 -82.1968460083008 -81.7206573486328 -81.2444610595703 -80.7682647705078 -80.2920684814453 -79.8158721923828 -79.3396835327148 -78.8430709838867 -78.3396682739258 -77.8362579345703 -77.3328475952148 -76.8294372558594 -76.3260269165039 -75.8226165771484 -75.3140869140625 -74.7901992797852 -74.2663040161133 -73.7424087524414 -73.2185211181641 -72.6946258544922 -72.1707305908203 -71.646842956543 -71.1736907958984 -70.7174606323242 -70.26123046875 -69.8050003051758 -69.3487701416016 -68.8925399780273 -68.4363098144531 -67.9202117919922 -67.2245025634766 -66.5288009643555 -65.8330993652344 -65.1373901367188 -64.4416885375977 -63.7459869384766 -63.0502815246582 -9999 -62.7128753662109 -9999
-84.5442581176758 -83.8870162963867 -83.2297744750977 -82.6224060058594 -82.1646728515625 -81.7069473266602 -81.2492141723633 -80.7914886474609 -80.3337554931641 -79.8760299682617 -79.4182968139648 -78.924430847168 -78.4185256958008 -77.9126129150391 -77.4067077636719 -76.9007949829102 -76.3948822021484 -75.8889770507812 -75.3804397583008 -74.8640289306641 -74.3476257324219 -73.8312149047852 -73.3148040771484 -72.7983932495117 -72.2819900512695 -71.7655792236328 -71.2838134765625 -70.813591003418 -70.343376159668 -69.8731536865234 -69.4029388427734 -68.9327163696289 -68.4625015258789 -67.9407424926758 -67.2643432617188 -66.5879516601562 -65.9115600585938 -65.2351684570312 -64.5587692260742 -63.8823776245117 -63.2059860229492 -62.9112854003906 -9999 -9999
-84.604621887207 -83.9053344726562 -83.2060470581055 -82.5717697143555 -82.1324996948242 -81.6932373046875 -81.2539749145508 -80.8147125244141 -80.3754501342773 -79.9361801147461 -79.4969177246094 -79.0057907104492 -78.4973831176758 -77.9889755249023 -77.4805603027344 -76.9721527099609 -76.463737487793 -75.9553298950195 -75.4467926025391 -74.9378662109375 -74.4289398193359 -73.9200134277344 -73.4110870361328 -72.9021682739258 -72.3932418823242 -71.8843154907227 -71.393928527832 -70.9097213745117 -70.4255142211914 -69.9413146972656 -69.4571075439453 -68.972900390625 -68.4886932373047 -67.9612655639648 -67.3041839599609 -66.647102355957 -65.9900207519531 -65.3329391479492 -64.6758575439453 -64.0187759399414 -63.3616905212402 -63.0162734985352 -62.7747497558594 -9999
-84.6649856567383 -83.9236602783203 -83.1823272705078 -82.521125793457 -82.1003265380859 -81.6795349121094 -81.2587356567383 -80.8379364013672 -80.4171371459961 -79.996337890625 -79.5755386352539 -79.0871505737305 -78.5762405395508 -78.0653305053711 -77.5544204711914 -77.0435028076172 -76.5325927734375 -76.0216827392578 -75.5131378173828 -75.0116958618164 -74.51025390625 -74.0088195800781 -73.5073776245117 -73.0059356689453 -72.5044937133789 -72.0030517578125 -71.5040435791016 -71.0058517456055 -70.5076599121094 -70.0094680786133 -69.5112762451172 -69.0130767822266 -68.5148849487305 -67.9817962646484 -67.3440246582031 -66.7062530517578 -66.0684814453125 -65.4307098388672 -64.7929382324219 -64.1551666259766 -63.5173950195312 -63.121265411377 -62.8056869506836 -62.4901084899902
-85.0782928466797 -84.3164672851562 -83.5546493530273 -82.867431640625 -82.4040374755859 -81.9406433105469 -81.4772491455078 -81.0138549804688 -80.5504608154297 -80.0870666503906 -79.6236724853516 -79.1237869262695 -78.6117401123047 -78.0996932983398 -77.587646484375 -77.0755996704102 -76.5635452270508 -76.0514984130859 -75.5446624755859 -75.0534515380859 -74.5622482299805 -74.0710372924805 -73.579833984375 -73.088623046875 -72.597412109375 -72.1062088012695 -71.6001281738281 -71.0891036987305 -70.5780715942383 -70.0670471191406 -69.5560150146484 -69.0449829101562 -68.5339584350586 -67.9985427856445 -67.3899841308594 -66.7814254760742 -66.1728668212891 -65.5643081665039 -64.9557495117188 -64.3471908569336 -63.7386283874512 -63.3003349304199 -62.9187965393066 -62.5372581481934
-85.8445434570312 -85.0837783813477 -84.3230056762695 -83.6106719970703 -83.0436172485352 -82.4765701293945 -81.9095230102539 -81.3424682617188 -80.7754211425781 -80.208366394043 -79.6413192749023 -79.1156921386719 -78.603874206543 -78.0920562744141 -77.5802383422852 -77.0684204101562 -76.5566024780273 -76.0447845458984 -75.5413589477539 -75.0631332397461 -74.5849075317383 -74.1066818237305 -73.6284561157227 -73.1502304077148 -72.672004699707 -72.1937789916992 -71.6821823120117 -71.1594696044922 -70.6367568969727 -70.1140441894531 -69.5913314819336 -69.0686187744141 -68.5459060668945 -68.0115051269531 -67.4420623779297 -66.8726196289062 -66.3031768798828 -65.7337341308594 -65.1642837524414 -64.594841003418 -64.0253982543945 -63.5534820556641 -63.1140785217285 -62.674674987793
-86.6107940673828 -85.8510818481445 -85.0913696289062 -84.3539123535156 -83.6832046508789 -83.0124969482422 -82.3417892456055 -81.6710891723633 -81.0003814697266 -80.3296737670898 -79.6589660644531 -79.1075973510742 -78.5960083007812 -78.0844192504883 -77.5728302001953 -77.0612411499023 -76.5496520996094 -76.0380630493164 -75.5380630493164 -75.0728149414062 -74.6075744628906 -74.1423263549805 -73.6770782470703 -73.2118377685547 -72.7465896606445 -72.2813415527344 -71.7642364501953 -71.2298355102539 -70.695442199707 -70.1610412597656 -69.6266479492188 -69.0922470092773 -68.5578536987305 -68.0244674682617 -67.494140625 -66.9638137817383 -66.433479309082 -65.9031524658203 -65.3728256225586 -64.8424911499023 -64.3121643066406 -63.8066291809082 -63.3093605041504 -62.8120918273926
-87.3770446777344 -86.6183853149414 -85.859733581543 -85.0971450805664 -84.3227844238281 -83.5484237670898 -82.7740631103516 -81.9997024536133 -81.225341796875 -80.4509811401367 -79.6766204833984 -79.0995101928711 -78.5881500244141 -78.076789855957 -77.5654296875 -77.054069519043 -76.5427093505859 -76.0313491821289 -75.5347595214844 -75.0824966430664 -74.6302337646484 -74.1779708862305 -73.7257080078125 -73.2734451293945 -72.8211822509766 -72.3689117431641 -71.8462905883789 -71.3002090454102 -70.7541275024414 -70.2080459594727 -69.6619644165039 -69.1158828735352 -68.5698013305664 -68.0374374389648 -67.5462188720703 -67.0550079345703 -66.5637893676758 -66.0725784301758 -65.5813598632812 -65.0901489257812 -64.5989303588867 -64.0597763061523 -63.5046424865723 -62.9495086669922
-88.1432952880859 -87.3856964111328 -86.6280899047852 -85.8403854370117 -84.9623718261719 -84.0843505859375 -83.2063369750977 -82.3283157348633 -81.4503021240234 -80.5722808837891 -79.6942672729492 -79.0914154052734 -78.5802841186523 -78.0691528320312 -77.5580215454102 -77.0468902587891 -76.535758972168 -76.0246276855469 -75.5314636230469 -75.0921783447266 -74.6528930664062 -74.2136154174805 -73.7743301391602 -73.3350524902344 -72.8957672119141 -72.4564819335938 -71.928337097168 -71.3705749511719 -70.8128051757812 -70.2550430297852 -69.6972808837891 -69.1395111083984 -68.5817489624023 -68.0503997802734 -67.5982971191406 -67.1461944580078 -66.6940994262695 -66.2419967651367 -65.7898941040039 -65.3377990722656 -64.8856964111328 -64.3129196166992 -63.6999244689941 -63.0869255065918
-88.9095458984375 -88.1529998779297 -87.3964538574219 -86.583625793457 -85.6019515991211 -84.6202850341797 -83.6386108398438 -82.6569366455078 -81.6752624511719 -80.6935882568359 -79.7119140625 -79.0833206176758 -78.5724182128906 -78.0615158081055 -77.5506134033203 -77.0397109985352 -76.5288162231445 -76.0179138183594 -75.5281600952148 -75.1018600463867 -74.6755599975586 -74.2492599487305 -73.8229598999023 -73.3966598510742 -72.9703521728516 -72.5440521240234 -72.0103912353516 -71.4409408569336 -70.8714904785156 -70.3020401000977 -69.7325897216797 -69.1631393432617 -68.5936965942383 -68.063362121582 -67.6503753662109 -67.2373886108398 -66.8244018554688 -66.4114227294922 -65.9984359741211 -65.58544921875 -65.1724624633789 -64.5660705566406 -63.895206451416 -63.2243423461914
-89.6958465576172 -88.9162063598633 -88.1365585327148 -87.2883911132812 -86.2346649169922 -85.1809310913086 -84.127197265625 -83.0734634399414 -82.0197296142578 -80.9659957885742 -79.9122695922852 -79.2506332397461 -78.7197036743164 -78.1887741088867 -77.657844543457 -77.1269149780273 -76.5959854125977 -76.065055847168 -75.5619354248047 -75.1422424316406 -74.7225494384766 -74.3028564453125 -73.8831634521484 -73.4634704589844 -73.0437774658203 -72.6240844726562 -72.0748825073242 -71.4825210571289 -70.8901519775391 -70.2977828979492 -69.7054138183594 -69.1130447387695 -68.5206756591797 -67.9747161865234 -67.568000793457 -67.1612777709961 -66.7545547485352 -66.3478317260742 -65.9411087036133 -65.5343856811523 -65.1276626586914 -64.5195693969727 -63.8443565368652 -63.1691398620605
-90.5022048950195 -89.6753082275391 -88.8484115600586 -87.9546890258789 -86.8604888916016 -85.7662963867188 -84.6721038818359 -83.5779037475586 -82.4837112426758 -81.3895111083984 -80.2953186035156 -79.5933609008789 -79.0221481323242 -78.450927734375 -77.8797149658203 -77.3085021972656 -76.7372894287109 -76.1660766601562 -75.6327972412109 -75.2133407592773 -74.7938766479492 -74.3744201660156 -73.9549560546875 -73.5354995727539 -73.1160354614258 -72.6965789794922 -72.1218185424805 -71.4953002929688 -70.868782043457 -70.2422561645508 -69.6157379150391 -68.9892196655273 -68.3626937866211 -67.7844772338867 -67.3511657714844 -66.917854309082 -66.4845428466797 -66.0512313842773 -65.617919921875 -65.1846160888672 -64.7513046264648 -64.1734313964844 -63.5473747253418 -62.9213180541992
-91.3085632324219 -90.4344100952148 -89.5602569580078 -88.620979309082 -87.4863204956055 -86.3516616821289 -85.2170028686523 -84.0823440551758 -82.9476852416992 -81.8130340576172 -80.6783752441406 -79.9360809326172 -79.3245849609375 -78.7130889892578 -78.1015853881836 -77.4900894165039 -76.8785858154297 -76.26708984375 -75.7036590576172 -75.2844314575195 -74.8652038574219 -74.4459762573242 -74.0267486572266 -73.6075210571289 -73.1882934570312 -72.7690658569336 -72.1687545776367 -71.5080795288086 -70.847412109375 -70.1867370605469 -69.5260620117188 -68.8653869628906 -68.2047119140625 -67.59423828125 -67.1343383789062 -66.6744384765625 -66.2145385742188 -65.754638671875 -65.2947387695312 -64.8348388671875 -64.3749389648438 -63.8272895812988 -63.2503929138184 -62.6734962463379
-92.1149139404297 -91.1935119628906 -90.272102355957 -89.2872695922852 -88.1121520996094 -86.9370269775391 -85.7619094848633 -84.586784362793 -83.4116668701172 -82.2365493774414 -81.0614242553711 -80.27880859375 -79.6270217895508 -78.9752426147461 -78.3234558105469 -77.6716690063477 -77.019889831543 -76.3681030273438 -75.7745132446289 -75.3555221557617 -74.9365310668945 -74.5175323486328 -74.0985412597656 -73.6795425415039 -73.2605514526367 -72.8415603637695 -72.215690612793 -71.520866394043 -70.8260345458984 -70.1312103271484 -69.4363861083984 -68.7415618896484 -68.0467376708984 -67.4039916992188 -66.9175033569336 -66.4310150146484 -65.9445266723633 -65.4580383300781 -64.971549987793 -64.4850616455078 -63.9985733032227 -63.4811477661133 -62.9534111022949 -62.4256744384766
