data/working_set_collections/6091692-Cassins_Sparrow-M2/2015/prectotcorr_avg.asc
NCOLS 265 
NROWS 230 
XLLCORNER -115.5625 
YLLCORNER 24.8333333333333 
CELLSIZE 0.0833333333333333 
NODATA_value -9999 
[rows 36 to 53 of 230, columns 164 to 204 of 265]
1.64238008437678e-05 1.66203735716408e-05 1.68169444805244e-05 1.70135172083974e-05 1.7210088117281e-05 1.7406660845154e-05 1.76032317540376e-05 1.77998044819105e-05 1.80912466021255e-05 1.8414311853121e-05 1.87373771041166e-05 1.90604423551122e-05 1.93835076061077e-05 1.97065746760927e-05 2.00296399270883e-05 2.0321887859609e-05 2.05216892936733e-05 2.07214889087481e-05 2.0921288523823e-05 2.11210881388979e-05 2.13208877539728e-05 2.15206873690477e-05 2.17204869841225e-05 2.18987697735429e-05 2.2069880287745e-05 2.22409908019472e-05 2.24121013161493e-05 2.25832118303515e-05 2.27543223445537e-05 2.29254328587558e-05 2.31038957281271e-05 2.33044193009846e-05 2.35049428738421e-05 2.37054646277102e-05 2.39059882005677e-05 2.41065117734252e-05 2.43070353462826e-05 2.45075589191401e-05 2.46963445533765e-05 2.48812193603953e-05 2.50660941674141e-05
1.64135726663517e-05 1.66164700203808e-05 1.68193655554205e-05 1.70222629094496e-05 1.72251602634788e-05 1.74280576175079e-05 1.7630954971537e-05 1.78338505065767e-05 1.8114913473255e-05 1.84220316441497e-05 1.8729147996055e-05 1.90362661669496e-05 1.93433843378443e-05 1.96505006897496e-05 1.99576188606443e-05 2.02374503714964e-05 2.04354219022207e-05 2.0633393432945e-05 2.08313667826587e-05 2.1029338313383e-05 2.12273116630968e-05 2.14252831938211e-05 2.16232547245454e-05 2.17989800148644e-05 2.1967289285385e-05 2.21355985559057e-05 2.23039078264264e-05 2.24722170969471e-05 2.26405263674678e-05 2.28088356379885e-05 2.29851684707683e-05 2.31855774472933e-05 2.33859864238184e-05 2.35863954003435e-05 2.37868043768685e-05 2.39872115344042e-05 2.41876205109293e-05 2.43880294874543e-05 2.45825449383119e-05 2.47750976996031e-05 2.49676504608942e-05
1.64033444889355e-05 1.66125664691208e-05 1.6821788449306e-05 1.70310104294913e-05 1.72402324096765e-05 1.74494543898618e-05 1.7658676370047e-05 1.78678983502323e-05 1.81385803443845e-05 1.84297496161889e-05 1.87209188879933e-05 1.90120881597977e-05 1.93032592505915e-05 1.95944285223959e-05 1.98855977942003e-05 2.01530110643944e-05 2.03491545107681e-05 2.05452997761313e-05 2.07414450414944e-05 2.09375903068576e-05 2.11337337532314e-05 2.13298790185945e-05 2.15260242839577e-05 2.16991902561858e-05 2.18646982830251e-05 2.20302063098643e-05 2.21957143367035e-05 2.23612223635428e-05 2.2526730390382e-05 2.26922365982318e-05 2.28664412134094e-05 2.30667355936021e-05 2.32670299737947e-05 2.34673243539874e-05 2.366761873418e-05 2.38679131143726e-05 2.40682074945653e-05 2.42685000557685e-05 2.44687471422367e-05 2.46689760388108e-05 2.48692049353849e-05
1.639311449253e-05 1.66086629178608e-05 1.68242095242022e-05 1.70397561305435e-05 1.72553027368849e-05 1.74708511622157e-05 1.76863977685571e-05 1.79019443748984e-05 1.81622472155141e-05 1.84374694072176e-05 1.87126897799317e-05 1.89879119716352e-05 1.92631341633387e-05 1.95383545360528e-05 1.98135767277563e-05 2.00685717572924e-05 2.0262888938305e-05 2.04572061193176e-05 2.06515233003302e-05 2.08458404813427e-05 2.10401576623553e-05 2.12344748433679e-05 2.14287920243805e-05 2.15994004975073e-05 2.17621072806651e-05 2.19248140638229e-05 2.20875208469806e-05 2.22502276301384e-05 2.24129325943068e-05 2.25756393774645e-05 2.27477139560506e-05 2.29478937399108e-05 2.3148073523771e-05 2.33482533076312e-05 2.35484330914915e-05 2.37486128753517e-05 2.39487926592119e-05 2.41489724430721e-05 2.4354947527172e-05 2.45628543780185e-05 2.4770761228865e-05
1.63828863151139e-05 1.66047575476114e-05 1.68266305990983e-05 1.70485036505852e-05 1.72703748830827e-05 1.74922479345696e-05 1.77141191670671e-05 1.7935992218554e-05 1.8185915905633e-05 1.84451891982462e-05 1.87044624908594e-05 1.89637357834727e-05 1.92230090760859e-05 1.94822823686991e-05 1.97415556613123e-05 1.99841324501904e-05 2.01766215468524e-05 2.03691124625038e-05 2.05616015591659e-05 2.07540906558279e-05 2.09465797524899e-05 2.11390706681414e-05 2.13315597648034e-05 2.14996107388288e-05 2.16595162783051e-05 2.18194218177814e-05 2.19793273572577e-05 2.21392310777446e-05 2.22991366172209e-05 2.24590421566973e-05 2.26289866986917e-05 2.28290518862195e-05 2.30291170737473e-05 2.32291822612751e-05 2.34292474488029e-05 2.36293126363307e-05 2.38293778238585e-05 2.40294430113863e-05 2.42411479121074e-05 2.44567327172263e-05 2.46723175223451e-05
1.63726581376977e-05 1.66008539963514e-05 1.68290516739944e-05 1.70572493516374e-05 1.72854470292805e-05 1.75136447069235e-05 1.77418423845666e-05 1.79700382432202e-05 1.82095827767625e-05 1.84529071702855e-05 1.86962333827978e-05 1.89395577763207e-05 1.91828839888331e-05 1.9426208382356e-05 1.96695345948683e-05 1.98996931430884e-05 2.00903559743892e-05 2.02810169867007e-05 2.04716798180016e-05 2.0662340830313e-05 2.08530036616139e-05 2.10436664929148e-05 2.12343275052262e-05 2.13998209801503e-05 2.15569252759451e-05 2.171402957174e-05 2.18711338675348e-05 2.20282363443403e-05 2.21853406401351e-05 2.234244493593e-05 2.25102612603223e-05 2.27102118515177e-05 2.2910162442713e-05 2.31101130339084e-05 2.33100636251038e-05 2.35100142162992e-05 2.37099648074945e-05 2.39099153986899e-05 2.41273482970428e-05 2.4350611056434e-05 2.45738719968358e-05
1.6349815268768e-05 1.65776164067211e-05 1.68054175446741e-05 1.70332205016166e-05 1.72610216395697e-05 1.74888227775227e-05 1.77166257344652e-05 1.79444268724183e-05 1.81772775249556e-05 1.84118125616806e-05 1.86463475984056e-05 1.88808826351305e-05 1.91154158528661e-05 1.93499508895911e-05 1.95844859263161e-05 1.98084635485429e-05 2.00007743842434e-05 2.01930834009545e-05 2.0385394236655e-05 2.05777050723555e-05 2.07700140890665e-05 2.0962324924767e-05 2.11546357604675e-05 2.13231705856742e-05 2.14837818930391e-05 2.16443913814146e-05 2.18050026887795e-05 2.1965612177155e-05 2.21262234845199e-05 2.22868329728954e-05 2.24589930439834e-05 2.26657957682619e-05 2.28726003115298e-05 2.30794030358084e-05 2.32862075790763e-05 2.34930103033548e-05 2.36998148466228e-05 2.39066175709013e-05 2.413199217699e-05 2.4363556804019e-05 2.45951232500374e-05
1.63143595273141e-05 1.65350447787205e-05 1.67557300301269e-05 1.69764152815333e-05 1.71971005329397e-05 1.7417785784346e-05 1.76384710357524e-05 1.78591562871588e-05 1.80890037881909e-05 1.83219035534421e-05 1.85548051376827e-05 1.87877067219233e-05 1.90206064871745e-05 1.92535080714151e-05 1.94864096556557e-05 1.97104436665541e-05 1.99078767764149e-05 2.01053117052652e-05 2.03027448151261e-05 2.05001797439763e-05 2.06976146728266e-05 2.08950477826875e-05 2.10924827115377e-05 2.12696595554007e-05 2.14400843105977e-05 2.16105090657948e-05 2.17809338209918e-05 2.19513585761888e-05 2.21217833313858e-05 2.22922080865828e-05 2.24751838686643e-05 2.2695807274431e-05 2.29164306801977e-05 2.31370559049537e-05 2.33576793107204e-05 2.35783045354765e-05 2.37989279412432e-05 2.40195531659992e-05 2.42550795519492e-05 2.44955735979602e-05 2.47360676439712e-05
1.62789019668708e-05 1.64924713317305e-05 1.67060406965902e-05 1.69196100614499e-05 1.71331776073202e-05 1.734674697218e-05 1.75603163370397e-05 1.777388388291e-05 1.80007282324368e-05 1.82319945452036e-05 1.84632626769599e-05 1.86945308087161e-05 1.89257971214829e-05 1.91570652532391e-05 1.93883333849953e-05 1.96124237845652e-05 1.98149809875758e-05 2.00175381905865e-05 2.02200972125866e-05 2.04226544155972e-05 2.06252134375973e-05 2.08277706406079e-05 2.1030329662608e-05 2.12161485251272e-05 2.13963867281564e-05 2.15766267501749e-05 2.17568649532041e-05 2.19371049752226e-05 2.21173431782518e-05 2.22975832002703e-05 2.24913746933453e-05 2.27258187806001e-05 2.29602628678549e-05 2.31947087740991e-05 2.34291528613539e-05 2.36635969486088e-05 2.3898042854853e-05 2.41324869421078e-05 2.43781651079189e-05 2.46275885729119e-05 2.48770120379049e-05
1.62434462254168e-05 1.64498978847405e-05 1.66563513630535e-05 1.68628030223772e-05 1.70692565006902e-05 1.72757081600139e-05 1.74821616383269e-05 1.76886132976506e-05 1.79124526766827e-05 1.81420855369652e-05 1.8371720216237e-05 1.86013548955088e-05 1.88309877557913e-05 1.90606224350631e-05 1.9290257114335e-05 1.95144020835869e-05 1.97220851987367e-05 1.99297664948972e-05 2.01374477910576e-05 2.03451309062075e-05 2.05528122023679e-05 2.07604934985284e-05 2.09681766136782e-05 2.11626356758643e-05 2.1352689145715e-05 2.15427444345551e-05 2.17327979044057e-05 2.19228513742564e-05 2.21129048441071e-05 2.23029583139578e-05 2.25075655180262e-05 2.27558302867692e-05 2.30040950555122e-05 2.32523598242551e-05 2.35006264119875e-05 2.37488911807304e-05 2.39971559494734e-05 2.42454225372057e-05 2.4501252482878e-05 2.47596053668531e-05 2.50179564318387e-05
1.62079904839629e-05 1.64073262567399e-05 1.66066620295169e-05 1.68059978022939e-05 1.70053335750708e-05 1.72046711668372e-05 1.74040069396142e-05 1.76033427123912e-05 1.78241771209287e-05 1.80521783477161e-05 1.82801777555142e-05 1.85081789823016e-05 1.87361802090891e-05 1.89641796168871e-05 1.91921808436746e-05 1.9416382201598e-05 1.96291875909083e-05 1.98419929802185e-05 2.00548001885181e-05 2.02676055778284e-05 2.04804109671386e-05 2.06932163564488e-05 2.09060217457591e-05 2.11091246455908e-05 2.1308993382263e-05 2.15088602999458e-05 2.1708729036618e-05 2.19085977732902e-05 2.2108464690973e-05 2.23083334276453e-05 2.25237563427072e-05 2.27858417929383e-05 2.30479272431694e-05 2.33100126934005e-05 2.35720981436316e-05 2.38341854128521e-05 2.40962708630832e-05 2.43583563133143e-05 2.46243398578372e-05 2.48916203418048e-05 2.51589008257724e-05
1.6172534742509e-05 1.63647528097499e-05 1.65569726959802e-05 1.67491925822105e-05 1.69414124684408e-05 1.71336323546711e-05 1.73258522409014e-05 1.75180721271317e-05 1.77359015651746e-05 1.79622693394776e-05 1.81886352947913e-05 1.84150030690944e-05 1.86413708433975e-05 1.88677367987111e-05 1.90941045730142e-05 1.93183623196092e-05 1.95362918020692e-05 1.97542212845292e-05 1.99721507669892e-05 2.01900802494492e-05 2.04080097319093e-05 2.06259392143693e-05 2.08438686968293e-05 2.10556136153173e-05 2.12652957998216e-05 2.1474977984326e-05 2.16846601688303e-05 2.18943423533347e-05 2.21040263568284e-05 2.23137085413327e-05 2.25399471673882e-05 2.28158532991074e-05 2.30917594308266e-05 2.33676655625459e-05 2.36435716942651e-05 2.39194778259844e-05 2.4195385776693e-05 2.44712919084122e-05 2.47474254138069e-05 2.50236353167566e-05 2.52998452197062e-05
1.61990956257796e-05 1.63846434588777e-05 1.65701912919758e-05 1.67557391250739e-05 1.6941286958172e-05 1.71268347912701e-05 1.73123826243682e-05 1.74979304574663e-05 1.77122219611192e-05 1.79360940819606e-05 1.81599643838126e-05 1.8383836504654e-05 1.86077086254954e-05 1.88315807463368e-05 1.90554510481888e-05 1.92789866559906e-05 1.95015127246734e-05 1.97240406123456e-05 1.99465666810283e-05 2.01690945687005e-05 2.03916206373833e-05 2.06141467060661e-05 2.08366745937383e-05 2.10532198252622e-05 2.12677714443998e-05 2.14823230635375e-05 2.16968746826751e-05 2.19114244828233e-05 2.2125976101961e-05 2.23405277210986e-05 2.25713101826841e-05 2.28507815336343e-05 2.31302528845845e-05 2.34097242355347e-05 2.36891937674955e-05 2.39686651184456e-05 2.42481364693958e-05 2.4527607820346e-05 2.48079650191357e-05 2.50886150752194e-05 2.53692651313031e-05
1.62876767717535e-05 1.64669982041232e-05 1.66463178175036e-05 1.68256392498733e-05 1.70049606822431e-05 1.71842802956235e-05 1.73636017279932e-05 1.75429213413736e-05 1.77531383087626e-05 1.7973652575165e-05 1.81941650225781e-05 1.84146792889806e-05 1.8635193555383e-05 1.88557078217855e-05 1.90762220881879e-05 1.92982570297318e-05 1.95248539966997e-05 1.97514509636676e-05 1.99780479306355e-05 2.02046467165928e-05 2.04312436835608e-05 2.06578406505287e-05 2.08844376174966e-05 2.11019432754256e-05 2.13164184970083e-05 2.1530893718591e-05 2.17453689401736e-05 2.19598441617563e-05 2.21743175643496e-05 2.23887927859323e-05 2.2617845388595e-05 2.28906246775296e-05 2.31634057854535e-05 2.34361868933775e-05 2.3708966182312e-05 2.39817472902359e-05 2.42545283981599e-05 2.45273076870944e-05 2.48059550358448e-05 2.5086557798204e-05 2.53671605605632e-05
1.63762579177273e-05 1.65493511303794e-05 1.67224443430314e-05 1.68955375556834e-05 1.70686325873248e-05 1.72417257999768e-05 1.74148190126289e-05 1.75879122252809e-05 1.77940528374165e-05 1.801120924938e-05 1.8228367480333e-05 1.84455238922965e-05 1.866268030426e-05 1.88798367162235e-05 1.9096993128187e-05 1.93175274034729e-05 1.9548195268726e-05 1.9778863133979e-05 2.00095309992321e-05 2.02401970454957e-05 2.04708649107488e-05 2.07015327760018e-05 2.09322006412549e-05 2.1150666725589e-05 2.13650655496167e-05 2.15794643736444e-05 2.17938631976722e-05 2.20082620216999e-05 2.22226608457277e-05 2.2437057850766e-05 2.26643805945059e-05 2.29304696404142e-05 2.31965586863225e-05 2.34626495512202e-05 2.37287385971285e-05 2.39948294620262e-05 2.42609185079345e-05 2.45270075538429e-05 2.48039468715433e-05 2.50845005211886e-05 2.53650541708339e-05
1.64648390637012e-05 1.66317058756249e-05 1.67985708685592e-05 1.69654376804829e-05 1.71323044924065e-05 1.72991713043302e-05 1.74660362972645e-05 1.76329031091882e-05 1.78349691850599e-05 1.80487677425845e-05 1.82625681190984e-05 1.8476366676623e-05 1.86901652341476e-05 1.89039637916721e-05 1.91177641681861e-05 1.93367977772141e-05 1.95715347217629e-05 1.98062734853011e-05 2.00410122488393e-05 2.0275749193388e-05 2.05104879569262e-05 2.0745224901475e-05 2.09799636650132e-05 2.11993901757523e-05 2.14137126022251e-05 2.16280350286979e-05 2.18423574551707e-05 2.20566798816435e-05 2.22710023081163e-05 2.24853247345891e-05 2.27109158004168e-05 2.29703146032989e-05 2.3229713406181e-05 2.3489112209063e-05 2.37485110119451e-05 2.40079098148271e-05 2.42673086177092e-05 2.45267074205913e-05 2.48019368882524e-05 2.50824432441732e-05 2.53629477811046e-05
1.65534202096751e-05 1.6714058801881e-05 1.6874697394087e-05 1.70353378052823e-05 1.71959763974883e-05 1.73566149896942e-05 1.75172554008896e-05 1.76778939930955e-05 1.78758855327033e-05 1.80863262357889e-05 1.82967687578639e-05 1.85072094609495e-05 1.87176519830246e-05 1.89280926861102e-05 1.91385352081852e-05 1.93560681509553e-05 1.95948759937892e-05 1.98336838366231e-05 2.00724934984464e-05 2.03113013412803e-05 2.05501091841143e-05 2.07889188459376e-05 2.10277266887715e-05 2.12481136259157e-05 2.14623596548336e-05 2.16766056837514e-05 2.18908517126692e-05 2.21050977415871e-05 2.23193437705049e-05 2.25335897994228e-05 2.27574510063278e-05 2.30101595661836e-05 2.326286630705e-05 2.35155748669058e-05 2.37682834267616e-05 2.40209919866174e-05 2.42736987274839e-05 2.45264072873397e-05 2.47999269049615e-05 2.50803859671578e-05 2.53608432103647e-05
1.66419995366596e-05 1.67964117281372e-05 1.69508239196148e-05 1.71052361110924e-05 1.725964830257e-05 1.74140604940476e-05 1.75684726855252e-05 1.77228848770028e-05 1.79168000613572e-05 1.81238847289933e-05 1.83309693966294e-05 1.8538052245276e-05 1.87451369129121e-05 1.89522215805482e-05 1.91593044291949e-05 1.93753385246964e-05 1.96182172658155e-05 1.98610960069345e-05 2.01039747480536e-05 2.03468534891726e-05 2.05897322302917e-05 2.08326109714108e-05 2.10754897125298e-05 2.12968370760791e-05 2.1511006707442e-05 2.17251763388049e-05 2.19393459701678e-05 2.21535156015307e-05 2.23676852328936e-05 2.25818548642565e-05 2.28039862122387e-05 2.30500027100788e-05 2.32960210269084e-05 2.35420375247486e-05 2.37880558415782e-05 2.40340723394183e-05 2.42800906562479e-05 2.45261071540881e-05 2.479791874066e-05 2.50783286901424e-05 2.53587368206354e-05
