data/working_set_collections/6091692-Cassins_Sparrow-M2/2015/prectotcorr_avg.asc
NCOLS 265 
NROWS 230 
XLLCORNER -115.5625 
YLLCORNER 24.8333333333333 
CELLSIZE 0.0833333333333333 
NODATA_value -9999 
[rows 72 to 89 of 230, columns 82 to 122 of 265]
1.43110692079063e-05 1.48241115311976e-05 1.53371529449942e-05 1.58501952682855e-05 1.63632375915768e-05 1.68762799148681e-05 1.73893222381594e-05 1.77961537701776e-05 1.78843511093874e-05 1.79725466296077e-05 1.80607439688174e-05 1.81489413080271e-05 1.82371368282475e-05 1.83253341674572e-05 1.84135315066669e-05 1.82392868737224e-05 1.79775615833933e-05 1.77158381120535e-05 1.74541128217243e-05 1.71923875313951e-05 1.69306640600553e-05 1.66689387697261e-05 1.63491768034874e-05 1.585530480952e-05 1.53614328155527e-05 1.48675608215854e-05 1.43736879181233e-05 1.3879815924156e-05 1.33859439301887e-05 1.28920719362213e-05 1.28180145111401e-05 1.28838964883471e-05 1.29497784655541e-05 1.30156604427611e-05 1.30815424199682e-05 1.31474243971752e-05 1.32133063743822e-05 1.32712284539593e-05 1.33052717501414e-05 1.33393159558182e-05 1.33733592520002e-05
1.42912540468387e-05 1.48184444697108e-05 1.53456348925829e-05 1.58728234964656e-05 1.64000139193377e-05 1.69272043422097e-05 1.74543929460924e-05 1.78704740392277e-05 1.79532271431526e-05 1.80359784280881e-05 1.8118731532013e-05 1.8201484635938e-05 1.82842377398629e-05 1.83669890247984e-05 1.84497421287233e-05 1.83248648681911e-05 1.81307768798433e-05 1.79366888914956e-05 1.77426009031478e-05 1.75485129148001e-05 1.73544249264523e-05 1.71603369381046e-05 1.68840342666954e-05 1.6361083908123e-05 1.58381335495505e-05 1.53151831909781e-05 1.47922337419004e-05 1.4269283383328e-05 1.37463330247556e-05 1.32233826661832e-05 1.31113110910519e-05 1.31361985040712e-05 1.31610859170905e-05 1.31859724206151e-05 1.32108598336345e-05 1.32357472466538e-05 1.32606346596731e-05 1.32910336105851e-05 1.33379699036595e-05 1.33849061967339e-05 1.34318415803136e-05
1.42714397952659e-05 1.48127774082241e-05 1.53541150211822e-05 1.58954517246457e-05 1.64367902470985e-05 1.6978126950562e-05 1.75194636540255e-05 1.79447943082778e-05 1.80221031769179e-05 1.8099412045558e-05 1.81767190952087e-05 1.82540279638488e-05 1.83313368324889e-05 1.8408645701129e-05 1.84859527507797e-05 1.84104428626597e-05 1.8283990357304e-05 1.81575396709377e-05 1.80310889845714e-05 1.79046382982051e-05 1.77781876118388e-05 1.76517351064831e-05 1.7418889910914e-05 1.68668630067259e-05 1.63148342835484e-05 1.57628073793603e-05 1.52107786561828e-05 1.46587508425e-05 1.41067230288172e-05 1.35546943056397e-05 1.3404606761469e-05 1.33884996103006e-05 1.33723924591322e-05 1.33562853079638e-05 1.33401772473007e-05 1.33240700961323e-05 1.33079629449639e-05 1.33108396767057e-05 1.33706680571777e-05 1.3430495528155e-05 1.3490323908627e-05
1.42516255436931e-05 1.48071103467373e-05 1.53625951497816e-05 1.59180799528258e-05 1.647356475587e-05 1.70290495589143e-05 1.75845343619585e-05 1.80191145773279e-05 1.80909792106831e-05 1.81628438440384e-05 1.82347066584043e-05 1.83065712917596e-05 1.83784359251149e-05 1.84503005584702e-05 1.85221651918255e-05 1.84960190381389e-05 1.84372056537541e-05 1.83783904503798e-05 1.8319577065995e-05 1.82607636816101e-05 1.82019484782359e-05 1.8143135093851e-05 1.7953747374122e-05 1.73726421053289e-05 1.67915350175463e-05 1.62104297487531e-05 1.56293244799599e-05 1.5048218301672e-05 1.44671121233841e-05 1.38860059450963e-05 1.36979033413809e-05 1.36408007165301e-05 1.3583699001174e-05 1.35265972858178e-05 1.34694955704617e-05 1.34123929456109e-05 1.33552912302548e-05 1.33306448333315e-05 1.34033653012011e-05 1.34760857690708e-05 1.35488071464351e-05
1.42318103826256e-05 1.48014432852506e-05 1.53710752783809e-05 1.59407081810059e-05 1.65103410836309e-05 1.70799739862559e-05 1.76496050698915e-05 1.80934348463779e-05 1.81598552444484e-05 1.82262756425189e-05 1.82926960405894e-05 1.83591146196704e-05 1.84255350177409e-05 1.84919554158114e-05 1.85583758138819e-05 1.85815970326075e-05 1.85904191312147e-05 1.85992430488113e-05 1.86080651474185e-05 1.86168872460257e-05 1.86257111636223e-05 1.86345332622295e-05 1.84886030183407e-05 1.78784193849424e-05 1.72682357515441e-05 1.66580521181459e-05 1.60478684847476e-05 1.54376848513493e-05 1.48275012179511e-05 1.42173175845528e-05 1.3991199011798e-05 1.38931027322542e-05 1.37950055432157e-05 1.36969092636718e-05 1.3598812984128e-05 1.35007157950895e-05 1.34026195155457e-05 1.33504499899573e-05 1.34360634547193e-05 1.35216760099865e-05 1.36072894747485e-05
1.42119961310527e-05 1.47957762237638e-05 1.53795572259696e-05 1.5963336409186e-05 1.65471174113918e-05 1.71308965946082e-05 1.77146757778246e-05 1.8167755115428e-05 1.82287312782137e-05 1.82897074409993e-05 1.8350683603785e-05 1.84116597665707e-05 1.84726341103669e-05 1.85336102731526e-05 1.85945864359383e-05 1.86671750270762e-05 1.87436344276648e-05 1.88200938282534e-05 1.88965532288421e-05 1.89730126294307e-05 1.90494720300194e-05 1.9125931430608e-05 1.90234604815487e-05 1.83841984835453e-05 1.7744936485542e-05 1.7105676306528e-05 1.64664143085247e-05 1.58271523105213e-05 1.51878912220127e-05 1.45486292240093e-05 1.42844955917099e-05 1.41454038384836e-05 1.40063129947521e-05 1.38672212415258e-05 1.37281303977943e-05 1.35890395540628e-05 1.34499478008365e-05 1.33702560560778e-05 1.34687616082374e-05 1.35672662509023e-05 1.36657718030619e-05
1.40038082463434e-05 1.45687563417596e-05 1.51337053466705e-05 1.56986534420867e-05 1.62636024469975e-05 1.68285514519084e-05 1.73935004568193e-05 1.78355494426796e-05 1.79089001903776e-05 1.79822509380756e-05 1.80556016857736e-05 1.81289524334716e-05 1.82023031811696e-05 1.82756539288675e-05 1.83490046765655e-05 1.84552573045949e-05 1.85724748007488e-05 1.86896941158921e-05 1.8806911612046e-05 1.89241291081998e-05 1.90413484233432e-05 1.9158565919497e-05 1.90946630027611e-05 1.84873988473555e-05 1.78801328729605e-05 1.72728668985656e-05 1.666560274316e-05 1.6058336768765e-05 1.545107079437e-05 1.48438057294698e-05 1.45660724228946e-05 1.43981824294315e-05 1.42302924359683e-05 1.40624024425051e-05 1.38945124490419e-05 1.37266224555788e-05 1.35587333716103e-05 1.34585206978954e-05 1.35613427119097e-05 1.36641638164292e-05 1.37669849209487e-05
1.36072458190029e-05 1.41203836392378e-05 1.46335223689675e-05 1.51466610986972e-05 1.56597998284269e-05 1.61729367391672e-05 1.66860754688969e-05 1.70968160091434e-05 1.72003601619508e-05 1.73039061337477e-05 1.74074521055445e-05 1.7510996258352e-05 1.76145422301488e-05 1.77180863829562e-05 1.78216323547531e-05 1.79458438651636e-05 1.8076942069456e-05 1.82080420927377e-05 1.83391402970301e-05 1.84702385013225e-05 1.86013385246042e-05 1.87324367288966e-05 1.87022124009673e-05 1.81880186573835e-05 1.76738230948104e-05 1.71596275322372e-05 1.66454319696641e-05 1.61312382260803e-05 1.56170426635072e-05 1.5102847100934e-05 1.48359295053524e-05 1.46514366861084e-05 1.4466944776359e-05 1.4282451957115e-05 1.40979600473656e-05 1.39134672281216e-05 1.37289744088775e-05 1.36152457343997e-05 1.37138067657361e-05 1.38123677970725e-05 1.39109288284089e-05
1.32106833916623e-05 1.36720118462108e-05 1.41333393912646e-05 1.45946678458131e-05 1.50559953908669e-05 1.55173238454154e-05 1.59786522999639e-05 1.63580825756071e-05 1.64918219525134e-05 1.66255613294197e-05 1.6759300706326e-05 1.68930400832323e-05 1.70267794601386e-05 1.71605206560344e-05 1.72942600329407e-05 1.7436428606743e-05 1.75814093381632e-05 1.7726388250594e-05 1.78713689820142e-05 1.80163497134345e-05 1.81613286258653e-05 1.83063093572855e-05 1.83097617991734e-05 1.78886384674115e-05 1.74675133166602e-05 1.70463881659089e-05 1.66252630151575e-05 1.62041378644062e-05 1.57830145326443e-05 1.5361889381893e-05 1.51057865878101e-05 1.49046918522799e-05 1.47035971167497e-05 1.45025014717248e-05 1.43014067361946e-05 1.41003120006644e-05 1.38992163556395e-05 1.37719707709039e-05 1.38662717290572e-05 1.39605726872105e-05 1.40548727358691e-05
1.28141209643218e-05 1.32236391436891e-05 1.36331564135617e-05 1.4042674592929e-05 1.44521918628016e-05 1.48617100421689e-05 1.52712273120414e-05 1.56193491420709e-05 1.5783283743076e-05 1.59472165250918e-05 1.6111151126097e-05 1.62750839081127e-05 1.64390185091179e-05 1.66029531101231e-05 1.67668858921388e-05 1.69270151673118e-05 1.70858766068704e-05 1.72447362274397e-05 1.74035976669984e-05 1.75624591065571e-05 1.77213187271263e-05 1.7880180166685e-05 1.79173111973796e-05 1.75892564584501e-05 1.726120353851e-05 1.69331487995805e-05 1.6605094060651e-05 1.62770393217215e-05 1.5948984582792e-05 1.56209316628519e-05 1.53756445797626e-05 1.51579461089568e-05 1.49402485476458e-05 1.47225509863347e-05 1.45048534250236e-05 1.42871558637125e-05 1.40694583024015e-05 1.39286958074081e-05 1.40187357828836e-05 1.41087766678538e-05 1.41988166433293e-05
1.24175594464759e-05 1.27752664411673e-05 1.31329743453534e-05 1.34906813400448e-05 1.38483883347362e-05 1.42060962389223e-05 1.45638032336137e-05 1.48806157085346e-05 1.50747437146492e-05 1.52688717207639e-05 1.54629997268785e-05 1.56571295519825e-05 1.58512575580971e-05 1.60453855642118e-05 1.62395135703264e-05 1.64176017278805e-05 1.65903438755777e-05 1.67630842042854e-05 1.69358263519825e-05 1.71085684996797e-05 1.72813088283874e-05 1.74540509760845e-05 1.75248605955858e-05 1.72898762684781e-05 1.70548937603598e-05 1.68199094332522e-05 1.65849251061445e-05 1.63499407790368e-05 1.61149564519292e-05 1.58799721248215e-05 1.56455007527256e-05 1.54112003656337e-05 1.51769008880365e-05 1.49426005009445e-05 1.47083010233473e-05 1.44740006362554e-05 1.42397002491634e-05 1.40854199344176e-05 1.41712007462047e-05 1.42569806484971e-05 1.43427605507895e-05
1.20209970191354e-05 1.23268937386456e-05 1.26327913676505e-05 1.29386880871607e-05 1.32445848066709e-05 1.35504824356758e-05 1.3856379155186e-05 1.41418822749984e-05 1.43662045957171e-05 1.45905278259306e-05 1.48148501466494e-05 1.50391724673682e-05 1.5263494788087e-05 1.54878180183005e-05 1.57121412485139e-05 1.59081882884493e-05 1.60948111442849e-05 1.62814321811311e-05 1.64680550369667e-05 1.66546778928023e-05 1.68412989296485e-05 1.70279217854841e-05 1.7132409993792e-05 1.69904960785061e-05 1.68485821632203e-05 1.67066700669238e-05 1.6564756151638e-05 1.64228422363522e-05 1.62809283210663e-05 1.61390144057805e-05 1.59153587446781e-05 1.56644564413e-05 1.54135523189325e-05 1.51626500155544e-05 1.49117477121763e-05 1.46608444993035e-05 1.44099421959254e-05 1.42421449709218e-05 1.43236648000311e-05 1.44051846291404e-05 1.44867044582497e-05
1.17617246360169e-05 1.20158920253743e-05 1.22700594147318e-05 1.25242268040893e-05 1.27783941934467e-05 1.30325615828042e-05 1.3286728062667e-05 1.35387199406978e-05 1.37841861942434e-05 1.40296515382943e-05 1.42751168823452e-05 1.45205822263961e-05 1.4766047570447e-05 1.50115138239926e-05 1.52569791680435e-05 1.54499830387067e-05 1.56255009642337e-05 1.58010188897606e-05 1.59765349962981e-05 1.61520529218251e-05 1.6327570847352e-05 1.6503088772879e-05 1.66183926921804e-05 1.65530618687626e-05 1.64877310453448e-05 1.64224002219271e-05 1.63570675795199e-05 1.62917367561022e-05 1.62264059326844e-05 1.61610751092667e-05 1.59646806423552e-05 1.57245976879494e-05 1.54845147335436e-05 1.52444326886325e-05 1.50043506437214e-05 1.47642685988103e-05 1.45241856444045e-05 1.43629995363881e-05 1.44384994200664e-05 1.45139993037446e-05 1.45895000969176e-05
1.16397422971204e-05 1.18422603918589e-05 1.20447784865974e-05 1.22472965813358e-05 1.2449815585569e-05 1.26523336803075e-05 1.2854851775046e-05 1.30711296151276e-05 1.33286866912385e-05 1.35862437673495e-05 1.38438008434605e-05 1.41013579195715e-05 1.43589149956824e-05 1.46164720717934e-05 1.48740291479044e-05 1.50429887071368e-05 1.51824151544133e-05 1.53218425111845e-05 1.54612680489663e-05 1.56006954057375e-05 1.57401227625087e-05 1.58795483002905e-05 1.59828105097404e-05 1.59775736392476e-05 1.59723367687548e-05 1.5967099898262e-05 1.59618630277691e-05 1.59566261572763e-05 1.59513892867835e-05 1.59461524162907e-05 1.57934646267677e-05 1.55916259245714e-05 1.53897872223752e-05 1.51879485201789e-05 1.4986108908488e-05 1.47842702062917e-05 1.45824315040954e-05 1.44479827213218e-05 1.45157036968158e-05 1.45834246723098e-05 1.46511456478038e-05
1.15177599582239e-05 1.16686287583434e-05 1.18194984679576e-05 1.19703672680771e-05 1.21212360681966e-05 1.22721057778108e-05 1.24229745779303e-05 1.26035392895574e-05 1.28731871882337e-05 1.31428359964048e-05 1.34124848045758e-05 1.36821336127468e-05 1.39517824209179e-05 1.42214303195942e-05 1.44910791277653e-05 1.46359934660723e-05 1.4739329344593e-05 1.48426652231137e-05 1.49460011016345e-05 1.50493378896499e-05 1.51526737681706e-05 1.52560096466914e-05 1.5347226508311e-05 1.54020835907431e-05 1.54569424921647e-05 1.55117995745968e-05 1.55666584760183e-05 1.56215155584505e-05 1.5676374459872e-05 1.57312315423042e-05 1.56222504301695e-05 1.54586541611934e-05 1.52950597112067e-05 1.51314634422306e-05 1.49678680827492e-05 1.48042727232678e-05 1.46406773637864e-05 1.45329659062554e-05 1.45929079735652e-05 1.46528500408749e-05 1.47127921081847e-05
1.13957767098327e-05 1.14949971248279e-05 1.15942175398231e-05 1.16934379548184e-05 1.17926574603189e-05 1.18918778753141e-05 1.19910982903093e-05 1.21359480544925e-05 1.24176885947236e-05 1.269942822546e-05 1.29811687656911e-05 1.32629083964275e-05 1.35446489366586e-05 1.38263894768897e-05 1.41081291076262e-05 1.42289982250077e-05 1.42962435347727e-05 1.43634888445376e-05 1.44307341543026e-05 1.44979794640676e-05 1.45652247738326e-05 1.46324700835976e-05 1.47116425068816e-05 1.48265944517334e-05 1.49415473060799e-05 1.50565001604264e-05 1.51714530147729e-05 1.52864049596246e-05 1.54013578139711e-05 1.55163106683176e-05 1.5451034414582e-05 1.53256823978154e-05 1.52003303810488e-05 1.50749783642823e-05 1.49496272570104e-05 1.48242752402439e-05 1.46989232234773e-05 1.46179500006838e-05 1.46701122503146e-05 1.472227540944e-05 1.47744376590708e-05
1.12737943709362e-05 1.13213654913125e-05 1.13689366116887e-05 1.14165077320649e-05 1.14640788524412e-05 1.15116499728174e-05 1.15592210931936e-05 1.16683577289223e-05 1.19621890917188e-05 1.22560204545152e-05 1.25498527268064e-05 1.28436840896029e-05 1.31375163618941e-05 1.34313477246906e-05 1.3725179087487e-05 1.38220029839431e-05 1.38531577249523e-05 1.38843124659616e-05 1.39154672069708e-05 1.394662194798e-05 1.39777766889893e-05 1.40089305205038e-05 1.40760585054522e-05 1.42511062222184e-05 1.44261530294898e-05 1.46011998367612e-05 1.47762475535274e-05 1.49512943607988e-05 1.51263420775649e-05 1.5301389794331e-05 1.52798202179838e-05 1.51927106344374e-05 1.51056028698804e-05 1.50184941958287e-05 1.4931385521777e-05 1.48442768477253e-05 1.47571690831683e-05 1.47029331856174e-05 1.4747316527064e-05 1.47917007780052e-05 1.48360841194517e-05
1.11518120320397e-05 1.1147733857797e-05 1.11436556835542e-05 1.11395784188062e-05 1.11355002445634e-05 1.11314220703207e-05 1.11273438960779e-05 1.12007664938574e-05 1.15066895887139e-05 1.18126135930652e-05 1.21185366879217e-05 1.24244597827783e-05 1.27303828776348e-05 1.30363059724914e-05 1.33422299768426e-05 1.34150086523732e-05 1.3410071915132e-05 1.34051360873855e-05 1.3400200259639e-05 1.33952635223977e-05 1.33903276946512e-05 1.33853918669047e-05 1.34404745040229e-05 1.36756170832086e-05 1.39107587528997e-05 1.41459004225908e-05 1.43810420922819e-05 1.46161837619729e-05 1.4851325431664e-05 1.50864680108498e-05 1.51086042023962e-05 1.50597397805541e-05 1.50108744492172e-05 1.49620091178804e-05 1.49131446960382e-05 1.48642793647014e-05 1.48154140333645e-05 1.47879163705511e-05 1.48245208038134e-05 1.48611252370756e-05 1.48977305798326e-05
