data/working_set_collections/6091692-Cassins_Sparrow-M2/2015/prectotcorr_avg.asc
NCOLS 265 
NROWS 230 
XLLCORNER -115.5625 
YLLCORNER 24.8333333333333 
CELLSIZE 0.0833333333333333 
NODATA_value -9999 
[rows 162 to 179 of 230, columns 205 to 245 of 265]
2.93776301987236e-05 2.99840157822473e-05 3.05903995467816e-05 3.11967851303052e-05 3.16168043354992e-05 3.14777353196405e-05 3.13386663037818e-05 3.11995936499443e-05 3.10605246340856e-05 3.09214519802481e-05 3.07823829643894e-05 3.06433103105519e-05 3.10787327180151e-05 3.1705651053926e-05 3.23325693898369e-05 3.29594877257477e-05 3.35864060616586e-05 3.42133243975695e-05 3.48402427334804e-05 3.54554904333781e-05 3.60357189492788e-05 3.66159511031583e-05 3.71961832570378e-05 3.77764117729384e-05 3.83566439268179e-05 3.89368760806974e-05 3.95171082345769e-05 4.00894386984874e-05 4.06591389037203e-05 4.12288354709744e-05 4.17985356762074e-05 4.23682322434615e-05 4.29379324486945e-05 4.35076326539274e-05 4.40997828263789e-05 4.4759286538465e-05 4.5418790250551e-05 4.6078293962637e-05 4.6737797674723e-05 4.7397301386809e-05 4.8056805098895e-05
2.94838791887742e-05 3.00948358926689e-05 3.07057889585849e-05 3.13167438434903e-05 3.17343801725656e-05 3.15720499202143e-05 3.14097196678631e-05 3.12473930534907e-05 3.10850628011394e-05 3.09227325487882e-05 3.07604059344158e-05 3.05980756820645e-05 3.1039697205415e-05 3.16826371999923e-05 3.23255735565908e-05 3.29685135511681e-05 3.36114535457455e-05 3.4254389902344e-05 3.48973298969213e-05 3.55271404259838e-05 3.61175589205232e-05 3.67079810530413e-05 3.72984031855594e-05 3.78888216800988e-05 3.84792438126169e-05 3.90696623071562e-05 3.96600844396744e-05 4.02401456085499e-05 4.08167506975587e-05 4.13933594245464e-05 4.19699645135552e-05 4.25465732405428e-05 4.31231819675304e-05 4.36997870565392e-05 4.43141616415232e-05 4.50418410764541e-05 4.57695205113851e-05 4.64971963083372e-05 4.72248757432681e-05 4.7952555178199e-05 4.86802346131299e-05
2.95901299978141e-05 3.02056560030906e-05 3.0821182008367e-05 3.14367061946541e-05 3.18519523716532e-05 3.16663645207882e-05 3.14807766699232e-05 3.12951888190582e-05 3.11096009681933e-05 3.09240131173283e-05 3.07384252664633e-05 3.05528374155983e-05 3.10006616928149e-05 3.16596197080798e-05 3.23185813613236e-05 3.29775393765885e-05 3.36365010298323e-05 3.42954590450972e-05 3.49544170603622e-05 3.55987904185895e-05 3.61994025297463e-05 3.68000110029243e-05 3.74006194761023e-05 3.80012315872591e-05 3.86018400604371e-05 3.92024521715939e-05 3.98030606447719e-05 4.03908488806337e-05 4.0974366129376e-05 4.15578797401395e-05 4.21413969888818e-05 4.27249105996452e-05 4.33084278483875e-05 4.38919450971298e-05 4.45285440946463e-05 4.53243956144433e-05 4.61202507722192e-05 4.69161022920161e-05 4.77119538118131e-05 4.8507808969589e-05 4.9303660489386e-05
2.9696380806854e-05 3.03164761135122e-05 3.09365714201704e-05 3.15566649078391e-05 3.19695282087196e-05 3.1760679121362e-05 3.15518336719833e-05 3.13429882226046e-05 3.11341391352471e-05 3.09252936858684e-05 3.07164482364897e-05 3.05076009681216e-05 3.09616261802148e-05 3.16366058541462e-05 3.23115855280776e-05 3.29865652020089e-05 3.36615448759403e-05 3.43365245498717e-05 3.50115078617819e-05 3.56704404111952e-05 3.62812425009906e-05 3.68920409528073e-05 3.7502839404624e-05 3.81136414944194e-05 3.87244399462361e-05 3.93352383980528e-05 3.99460368498694e-05 4.05415557906963e-05 4.11319815611932e-05 4.17224036937114e-05 4.23128294642083e-05 4.29032515967265e-05 4.34936737292446e-05 4.40840994997416e-05 4.47429229097907e-05 4.56069501524325e-05 4.64709810330532e-05 4.73350082756951e-05 4.8199035518337e-05 4.90630627609789e-05 4.99270900036208e-05
2.98026297969045e-05 3.04272962239338e-05 3.10519608319737e-05 3.1676627259003e-05 3.20871004078072e-05 3.18549937219359e-05 3.16228906740434e-05 3.13907839881722e-05 3.11586809402797e-05 3.09265742544085e-05 3.0694471206516e-05 3.04623645206448e-05 3.09225906676147e-05 3.16135883622337e-05 3.23045896948315e-05 3.29955910274293e-05 3.36865923600271e-05 3.43775936926249e-05 3.50685950252227e-05 3.57420940417796e-05 3.6363082472235e-05 3.69840709026903e-05 3.76050593331456e-05 3.82260477636009e-05 3.88470361940563e-05 3.94680282624904e-05 4.00890166929457e-05 4.06922627007589e-05 4.12895933550317e-05 4.18869276472833e-05 4.24842583015561e-05 4.30815925938077e-05 4.36789232480805e-05 4.42762539023533e-05 4.49573053629138e-05 4.58895083284006e-05 4.68217112938873e-05 4.77539106213953e-05 4.86861135868821e-05 4.96183165523689e-05 5.05505195178557e-05
2.99088806059444e-05 3.05381181533448e-05 3.1167350243777e-05 3.1796585972188e-05 3.22046726068947e-05 3.19493083225098e-05 3.16939476761036e-05 3.14385833917186e-05 3.11832191073336e-05 3.09278548229486e-05 3.06724905385636e-05 3.0417128073168e-05 3.08835515170358e-05 3.15905745083e-05 3.22975974995643e-05 3.30046168528497e-05 3.3711639844114e-05 3.44186591973994e-05 3.51256821886636e-05 3.58137440343853e-05 3.64449224434793e-05 3.70761008525733e-05 3.77072792616673e-05 3.83384576707613e-05 3.89696360798553e-05 3.96008144889493e-05 4.02319928980432e-05 4.08429696108215e-05 4.14472087868489e-05 4.20514479628764e-05 4.26556907768827e-05 4.32599299529102e-05 4.38641691289376e-05 4.44684119429439e-05 4.51716878160369e-05 4.61720628663898e-05 4.71724415547214e-05 4.81728166050743e-05 4.91731916554272e-05 5.01735703437589e-05 5.11739453941118e-05
2.98624563583871e-05 3.04827990476042e-05 3.11031399178319e-05 3.17234844260383e-05 3.21237312164158e-05 3.18637030432001e-05 3.16036712320056e-05 3.13436394208111e-05 3.10836076096166e-05 3.08235794364009e-05 3.05635476252064e-05 3.03035176330013e-05 3.07656300719827e-05 3.14684584736824e-05 3.21712868753821e-05 3.28741116391029e-05 3.35769400408026e-05 3.42797684425022e-05 3.49825968442019e-05 3.56713899236638e-05 3.63180879503489e-05 3.69647823390551e-05 3.76114767277613e-05 3.82581747544464e-05 3.89048691431526e-05 3.95515635318588e-05 4.01982579205651e-05 4.08327432523947e-05 4.14631540479604e-05 4.20935648435261e-05 4.27239756390918e-05 4.33543864346575e-05 4.39847972302232e-05 4.46152080257889e-05 4.53723987448029e-05 4.65099255961832e-05 4.76474488095846e-05 4.87849756609648e-05 4.99225025123451e-05 5.10600257257465e-05 5.21975525771268e-05
2.96633570542326e-05 3.02613443636801e-05 3.08593298541382e-05 3.14573153445963e-05 3.18442762363702e-05 3.15981706080493e-05 3.13520649797283e-05 3.11059593514074e-05 3.08598500851076e-05 3.06137444567867e-05 3.03676388284657e-05 3.01215313811554e-05 3.05688190564979e-05 3.12472402583808e-05 3.19256578222848e-05 3.26040790241677e-05 3.32824965880718e-05 3.39609177899547e-05 3.46393389918376e-05 3.5315035347594e-05 3.59825753548648e-05 3.66501153621357e-05 3.73176553694066e-05 3.79851953766774e-05 3.86527353839483e-05 3.93202753912192e-05 3.99878153984901e-05 4.06615836254787e-05 4.13374255003873e-05 4.20132710132748e-05 4.26891165261623e-05 4.33649584010709e-05 4.40408039139584e-05 4.47166494268458e-05 4.55594454251695e-05 4.6903092879802e-05 4.82467403344344e-05 4.95903877890669e-05 5.09340352436993e-05 5.22776826983318e-05 5.3621333790943e-05
2.94642595690675e-05 3.00398878607666e-05 3.06155161524657e-05 3.11911462631542e-05 3.15648212563246e-05 3.13326418108772e-05 3.1100458727451e-05 3.08682756440248e-05 3.06360925605986e-05 3.04039112961618e-05 3.0171730031725e-05 2.99395469482988e-05 3.03720098600024e-05 3.10260220430791e-05 3.16800324071664e-05 3.23340427712537e-05 3.29880567733198e-05 3.36420671374071e-05 3.42960775014944e-05 3.49586844095029e-05 3.56470663973596e-05 3.63354520231951e-05 3.70238340110518e-05 3.77122196368873e-05 3.8400601624744e-05 3.90889872505795e-05 3.97773692384362e-05 4.04904239985626e-05 4.1211700590793e-05 4.19329771830235e-05 4.26542574132327e-05 4.33755340054631e-05 4.40968105976935e-05 4.4818087189924e-05 4.57464884675574e-05 4.72962601634208e-05 4.88460282213055e-05 5.03957999171689e-05 5.19455716130324e-05 5.34953433088958e-05 5.50451113667805e-05
2.9265160264913e-05 2.98184331768425e-05 3.0371706088772e-05 3.09249771817122e-05 3.12853699142579e-05 3.10671093757264e-05 3.08488524751738e-05 3.06305955746211e-05 3.0412336855079e-05 3.0194078135537e-05 2.99758194159949e-05 2.97575625154423e-05 3.0175200663507e-05 3.08048038277775e-05 3.1434406992048e-05 3.20640101563185e-05 3.26936133205891e-05 3.33232164848596e-05 3.39528196491301e-05 3.4602329833433e-05 3.53115574398544e-05 3.60207850462757e-05 3.6730012652697e-05 3.74392402591184e-05 3.81484678655397e-05 3.8857695471961e-05 3.95669267163612e-05 4.03192643716466e-05 4.10859756811988e-05 4.1852686990751e-05 4.26193946623243e-05 4.33861059718765e-05 4.41528172814287e-05 4.49195285909809e-05 4.59335315099452e-05 4.76894274470396e-05 4.94453197461553e-05 5.1201212045271e-05 5.29571079823654e-05 5.47130002814811e-05 5.64688925805967e-05
2.90660609607585e-05 2.9596976673929e-05 3.0127894206089e-05 3.06588081002701e-05 3.10059149342123e-05 3.08015805785544e-05 3.05972462228965e-05 3.03929118672386e-05 3.01885793305701e-05 2.99842449749121e-05 2.97799106192542e-05 2.95755780825857e-05 2.99783896480221e-05 3.05835856124759e-05 3.11887815769296e-05 3.17939739034045e-05 3.23991698678583e-05 3.3004365832312e-05 3.3609558158787e-05 3.42459752573632e-05 3.49760448443703e-05 3.57061180693563e-05 3.64361912943423e-05 3.71662645193283e-05 3.78963377443142e-05 3.86264073313214e-05 3.93564805563074e-05 4.01481047447305e-05 4.09602507716045e-05 4.17723931604996e-05 4.25845355493948e-05 4.33966815762687e-05 4.42088239651639e-05 4.50209663540591e-05 4.61205781903118e-05 4.80825947306585e-05 5.00446112710051e-05 5.2006624173373e-05 5.39686407137197e-05 5.59306572540663e-05 5.7892673794413e-05
2.8866961656604e-05 2.93755219900049e-05 2.98840823234059e-05 3.03926408378175e-05 3.07264599541668e-05 3.05360481434036e-05 3.03456399706192e-05 3.01552299788455e-05 2.99648199870717e-05 2.97744118142873e-05 2.95840018225135e-05 2.93935918307398e-05 2.97815804515267e-05 3.03623673971742e-05 3.09431525238324e-05 3.15239412884694e-05 3.21047264151275e-05 3.26855151797645e-05 3.32663003064226e-05 3.38896206812933e-05 3.46405358868651e-05 3.53914547304157e-05 3.61423699359875e-05 3.68932851415593e-05 3.76442039851099e-05 3.83951191906817e-05 3.91460343962535e-05 3.99769487557933e-05 4.08345222240314e-05 4.16920993302483e-05 4.25496764364652e-05 4.34072535426822e-05 4.42648306488991e-05 4.51224041171372e-05 4.63076212326996e-05 4.84757620142773e-05 5.06438991578761e-05 5.28120399394538e-05 5.49801770830527e-05 5.71483142266516e-05 5.93164550082292e-05
2.86466311081313e-05 2.91441356239375e-05 2.96416419587331e-05 3.01391464745393e-05 3.04664645227604e-05 3.02832195302472e-05 3.00999727187445e-05 2.99167277262313e-05 2.97334809147287e-05 2.95502359222155e-05 2.93669909297023e-05 2.91837441181997e-05 2.95629251922946e-05 3.01295822282555e-05 3.06962392642163e-05 3.12628944811877e-05 3.18295533361379e-05 3.23962085531093e-05 3.29628674080595e-05 3.3578780858079e-05 3.43424726452213e-05 3.51061607943848e-05 3.58698525815271e-05 3.66335443686694e-05 3.73972325178329e-05 3.81609243049752e-05 3.89246160921175e-05 3.98006523028016e-05 4.07141415053047e-05 4.1627627069829e-05 4.25411162723321e-05 4.34546054748353e-05 4.43680910393596e-05 4.52815802418627e-05 4.65386074210983e-05 4.88262521685101e-05 5.11138969159219e-05 5.34015453013126e-05 5.56891900487244e-05 5.79768347961362e-05 6.02644795435481e-05
2.8405067496351e-05 2.89028212137055e-05 2.94005731120706e-05 2.98983268294251e-05 3.02259322779719e-05 3.00430892821169e-05 2.98602462862618e-05 2.96774032904068e-05 2.94945602945518e-05 2.93117191176862e-05 2.91288761218311e-05 2.89460331259761e-05 2.93224256893154e-05 2.98852301057195e-05 3.0448036341113e-05 3.10108407575171e-05 3.15736469929107e-05 3.21364495903254e-05 3.26992558257189e-05 3.33134557877202e-05 3.408185148146e-05 3.48502471751999e-05 3.5618639230961e-05 3.63870349247009e-05 3.71554306184407e-05 3.79238226742018e-05 3.86922183679417e-05 3.96192226617131e-05 4.05991013394669e-05 4.15789800172206e-05 4.25588550569955e-05 4.35387337347493e-05 4.45186087745242e-05 4.54984874522779e-05 4.68135294795502e-05 4.91340651933569e-05 5.14546045451425e-05 5.37751402589492e-05 5.60956796107348e-05 5.84162153245416e-05 6.07367546763271e-05
2.81635038845707e-05 2.86615049844841e-05 2.91595060843974e-05 2.96575071843108e-05 2.9985398214194e-05 2.98029590339866e-05 2.96205198537791e-05 2.94380806735717e-05 2.92556396743748e-05 2.90732004941674e-05 2.889076131396e-05 2.87083221337525e-05 2.90819261863362e-05 2.9640879802173e-05 3.01998315990204e-05 3.07587870338466e-05 3.13177370117046e-05 3.18766906275414e-05 3.24356442433782e-05 3.30481343553402e-05 3.38212303176988e-05 3.45943299180362e-05 3.53674295183737e-05 3.61405254807323e-05 3.69136250810698e-05 3.76867210434284e-05 3.84598206437659e-05 3.94377966586035e-05 4.0484061173629e-05 4.15303293266334e-05 4.25765938416589e-05 4.36228619946633e-05 4.46691265096888e-05 4.57153946626931e-05 4.70884515380021e-05 4.94418818561826e-05 5.17953085363843e-05 5.41487388545647e-05 5.65021691727452e-05 5.88555994909257e-05 6.12090298091061e-05
2.79219402727904e-05 2.84201887552626e-05 2.89184390567243e-05 2.94166875391966e-05 2.97448659694055e-05 2.95628287858563e-05 2.9380791602307e-05 2.91987562377471e-05 2.90167190541979e-05 2.8834683689638e-05 2.86526465060888e-05 2.84706093225395e-05 2.8841426683357e-05 2.93965276796371e-05 2.99516286759172e-05 3.05067296721973e-05 3.10618306684773e-05 3.16169316647574e-05 3.21720326610375e-05 3.27828092849813e-05 3.35606127919164e-05 3.43384126608726e-05 3.51162161678076e-05 3.58940160367638e-05 3.66718195436988e-05 3.7449619412655e-05 3.822742291959e-05 3.9256367017515e-05 4.03690210077912e-05 4.14816786360461e-05 4.25943326263223e-05 4.37069902545772e-05 4.48196442448534e-05 4.59323018731084e-05 4.7363373596454e-05 4.97496948810294e-05 5.21360161656048e-05 5.45223374501802e-05 5.69086587347556e-05 5.9294980019331e-05 6.16812976659276e-05
2.76803766610101e-05 2.81788743450306e-05 2.86773702100618e-05 2.91758678940823e-05 2.95043319056276e-05 2.9322698537726e-05 2.91410651698243e-05 2.89594318019226e-05 2.8777798434021e-05 2.85961650661193e-05 2.84145316982176e-05 2.8232898330316e-05 2.86009271803778e-05 2.91521773760905e-05 2.97034257528139e-05 3.02546759485267e-05 3.08059243252501e-05 3.13571727019735e-05 3.19084247166757e-05 3.25174878526013e-05 3.32999916281551e-05 3.40824990416877e-05 3.48650028172415e-05 3.56475102307741e-05 3.64300140063278e-05 3.72125214198604e-05 3.79950251954142e-05 3.90749373764265e-05 4.02539808419533e-05 4.14330279454589e-05 4.26120714109857e-05 4.37911185144912e-05 4.49701656179968e-05 4.61492090835236e-05 4.7638295654906e-05 5.00575079058763e-05 5.24767237948254e-05 5.48959360457957e-05 5.7315148296766e-05 5.97343605477363e-05 6.21535727987066e-05
2.74388130492298e-05 2.79375581158092e-05 2.84363031823887e-05 2.89350482489681e-05 2.92637996608391e-05 2.90825682895957e-05 2.89013387373416e-05 2.87201091850875e-05 2.8538877813844e-05 2.83576482615899e-05 2.81764168903464e-05 2.79951873380924e-05 2.83604276773985e-05 2.89078252535546e-05 2.94552228297107e-05 3.00026204058668e-05 3.05500179820228e-05 3.10974137391895e-05 3.1644813134335e-05 3.22521627822425e-05 3.30393704643939e-05 3.3826581784524e-05 3.46137894666754e-05 3.54010007868055e-05 3.61882084689569e-05 3.6975419789087e-05 3.77626274712384e-05 3.88935077353381e-05 4.01389406761155e-05 4.13843772548717e-05 4.2629810195649e-05 4.38752467744052e-05 4.51206833531614e-05 4.63661162939388e-05 4.79132177133579e-05 5.03653245687019e-05 5.28174277860671e-05 5.52695346414112e-05 5.77216378587764e-05 6.01737410761416e-05 -9999
