data/working_set_collections/6091692-Cassins_Sparrow-M2/2015/prectotcorr_avg.asc
NCOLS 265 
NROWS 230 
XLLCORNER -115.5625 
YLLCORNER 24.8333333333333 
CELLSIZE 0.0833333333333333 
NODATA_value -9999 
[rows 126 to 143 of 230, columns 164 to 204 of 265]
1.65722321980866e-05 1.67670914379414e-05 1.69619506777963e-05 1.71568099176511e-05 1.7351669157506e-05 1.75465283973608e-05 1.77413876372157e-05 1.79362468770705e-05 1.81738741957815e-05 1.84257569344481e-05 1.86776396731148e-05 1.89295224117814e-05 1.9181405150448e-05 1.94332878891146e-05 1.96851706277812e-05 1.99528767552692e-05 2.02680566872004e-05 2.05832366191316e-05 2.08984147320734e-05 2.12135946640046e-05 2.15287745959358e-05 2.1843954527867e-05 2.21591326408088e-05 2.25520871026674e-05 2.2970963982516e-05 2.33898408623645e-05 2.3808717742213e-05 2.42275946220616e-05 2.46464715019101e-05 2.50653483817587e-05 2.54881724686129e-05 2.59228381764842e-05 2.63575020653661e-05 2.67921677732375e-05 2.72268316621194e-05 2.76614973699907e-05 2.80961612588726e-05 2.85308269667439e-05 2.90423540718621e-05 2.95795016427292e-05 3.01166492135962e-05
1.65203236974776e-05 1.67279413290089e-05 1.69355589605402e-05 1.71431765920715e-05 1.73507942236029e-05 1.75584118551342e-05 1.77660276676761e-05 1.79736452992074e-05 1.82211479113903e-05 1.84819436981343e-05 1.87427394848783e-05 1.90035370906116e-05 1.92643328773556e-05 1.95251286640996e-05 1.9785926269833e-05 2.00646409211913e-05 2.0397113985382e-05 2.07295852305833e-05 2.1062058294774e-05 2.13945295399753e-05 2.1727002604166e-05 2.20594738493674e-05 2.23919469135581e-05 2.27817163249711e-05 2.31905851251213e-05 2.35994539252715e-05 2.40083227254217e-05 2.4417191525572e-05 2.48260603257222e-05 2.52349291258724e-05 2.56435432675062e-05 2.60513934335904e-05 2.64592454186641e-05 2.68670974037377e-05 2.7274947569822e-05 2.76827995548956e-05 2.80906497209799e-05 2.84985017060535e-05 2.89963445538888e-05 2.95241861749673e-05 3.00520277960459e-05
1.6468417015858e-05 1.66887930390658e-05 1.69091672432842e-05 1.7129543266492e-05 1.73499192896998e-05 1.75702934939181e-05 1.77906695171259e-05 1.80110437213443e-05 1.82684198080096e-05 1.85381304618204e-05 1.88078411156312e-05 1.90775517694419e-05 1.93472606042633e-05 1.9616971258074e-05 1.98866819118848e-05 2.01764050871134e-05 2.05261694645742e-05 2.08759356610244e-05 2.12257000384852e-05 2.1575464415946e-05 2.19252287934069e-05 2.22749949898571e-05 2.26247593673179e-05 2.30113455472747e-05 2.34102062677266e-05 2.38090669881785e-05 2.42079277086305e-05 2.4606786610093e-05 2.50056473305449e-05 2.54045080509968e-05 2.579891224741e-05 2.6179950509686e-05 2.6560988771962e-05 2.69420252152486e-05 2.73230634775246e-05 2.77041017398005e-05 2.80851381830871e-05 2.84661764453631e-05 2.89503368549049e-05 2.94688707072055e-05 2.99874045595061e-05
1.64165103342384e-05 1.66496447491227e-05 1.68827773450175e-05 1.71159099409124e-05 1.73490425368072e-05 1.75821769516915e-05 1.78153095475864e-05 1.80484421434812e-05 1.83156935236184e-05 1.85943172255065e-05 1.88729409273947e-05 1.91515646292828e-05 1.94301901501603e-05 1.97088138520485e-05 1.99874375539366e-05 2.02881692530354e-05 2.06552267627558e-05 2.10222842724761e-05 2.13893417821964e-05 2.17563992919168e-05 2.21234568016371e-05 2.24905143113574e-05 2.28575718210777e-05 2.32409747695783e-05 2.36298274103319e-05 2.40186800510855e-05 2.44075308728497e-05 2.47963835136034e-05 2.5185236154357e-05 2.55740887951106e-05 2.59542830463033e-05 2.63085075857816e-05 2.66627321252599e-05 2.70169548457488e-05 2.73711793852272e-05 2.77254039247055e-05 2.80796266451944e-05 2.84338511846727e-05 2.89043273369316e-05 2.94135552394437e-05 2.99227813229663e-05
1.63646036526188e-05 1.66104946401902e-05 1.68563856277615e-05 1.71022766153328e-05 1.73481676029041e-05 1.75940585904755e-05 1.78399495780468e-05 1.80858405656181e-05 1.83629672392271e-05 1.86505039891927e-05 1.89380425581476e-05 1.92255793081131e-05 1.9513117877068e-05 1.98006546270335e-05 2.00881931959884e-05 2.03999334189575e-05 2.07842840609374e-05 2.11686347029172e-05 2.15529835259076e-05 2.19373341678875e-05 2.23216848098673e-05 2.27060336328577e-05 2.30903842748376e-05 2.34706039918819e-05 2.38494485529372e-05 2.42282931139925e-05 2.46071358560584e-05 2.49859804171138e-05 2.53648231591797e-05 2.5743667720235e-05 2.61096538451966e-05 2.64370628428878e-05 2.67644736595685e-05 2.70918844762491e-05 2.74192952929297e-05 2.77467061096104e-05 2.80741151073016e-05 2.84015259239823e-05 2.88583196379477e-05 2.93582397716818e-05 2.98581580864266e-05
1.63126969709992e-05 1.6571346350247e-05 1.68299957294948e-05 1.70886432897532e-05 1.7347292669001e-05 1.76059420482488e-05 1.78645896085072e-05 1.8123238987755e-05 1.84102391358465e-05 1.87066907528788e-05 1.90031423699111e-05 1.92995939869434e-05 1.95960456039757e-05 1.98924972210079e-05 2.01889488380402e-05 2.05116975848796e-05 2.09133413591189e-05 2.13149833143689e-05 2.17166252696188e-05 2.21182690438582e-05 2.25199109991081e-05 2.29215547733475e-05 2.33231967285974e-05 2.3700235033175e-05 2.40690696955426e-05 2.44379061768996e-05 2.48067408392671e-05 2.51755773206241e-05 2.55444119829917e-05 2.59132466453593e-05 2.62650228251005e-05 2.65656199189834e-05 2.68662170128664e-05 2.71668141067494e-05 2.74674112006323e-05 2.77680082945153e-05 2.80686035694089e-05 2.83692006632918e-05 2.88123101199744e-05 2.93029224849306e-05 2.97935366688762e-05
1.62581127369776e-05 1.65315395861398e-05 1.68049646163126e-05 1.70783896464854e-05 1.73518164956477e-05 1.76252415258205e-05 1.78986665559933e-05 1.81720934051555e-05 1.84727396117523e-05 1.87824589374941e-05 1.90921782632358e-05 1.94018957699882e-05 1.97116150957299e-05 2.00213344214717e-05 2.03310537472134e-05 2.06660151889082e-05 2.10766993404832e-05 2.14873834920581e-05 2.18980676436331e-05 2.23087517952081e-05 2.2719435946783e-05 2.3130120098358e-05 2.3540804249933e-05 2.39067703660112e-05 2.42578280449379e-05 2.46088857238647e-05 2.49599452217808e-05 2.53110029007075e-05 2.56620605796343e-05 2.6013118258561e-05 2.63467973127263e-05 2.66283332166495e-05 2.69098709395621e-05 2.71914068434853e-05 2.74729445663979e-05 2.77544804703211e-05 2.80360163742444e-05 2.8317554097157e-05 2.8757798645529e-05 2.92509466817137e-05 2.9744092898909e-05
1.62008527695434e-05 1.64910743478686e-05 1.67812959261937e-05 1.70715175045189e-05 1.7361739082844e-05 1.76519606611691e-05 1.79421822394943e-05 1.82324038178194e-05 1.85504632099764e-05 1.88778049050597e-05 1.92051466001431e-05 1.9532486476237e-05 1.98598281713203e-05 2.01871698664036e-05 2.05145097424975e-05 2.0862884412054e-05 2.12743598240195e-05 2.1685835235985e-05 2.20973088289611e-05 2.25087842409266e-05 2.29202596528921e-05 2.33317332458682e-05 2.37432086578337e-05 2.409021180938e-05 2.44157236011233e-05 2.47412353928667e-05 2.506674718461e-05 2.53922589763533e-05 2.57177707680967e-05 2.604328255984e-05 2.63549736700952e-05 2.6625202735886e-05 2.68954336206662e-05 2.71656645054463e-05 2.74358935712371e-05 2.77061244560173e-05 2.7976353521808e-05 2.82465844065882e-05 2.86947833956219e-05 2.92023069050629e-05 2.97098304145038e-05
1.61435909831198e-05 1.64506091095973e-05 1.67576254170854e-05 1.70646435435629e-05 1.73716616700403e-05 1.76786779775284e-05 1.79856961040059e-05 1.8292712411494e-05 1.862818862719e-05 1.89731526916148e-05 1.93181149370503e-05 1.96630771824857e-05 2.00080412469106e-05 2.0353003492346e-05 2.06979675567709e-05 2.10597554541891e-05 2.14720203075558e-05 2.18842851609224e-05 2.22965500142891e-05 2.27088166866452e-05 2.31210815400118e-05 2.35333463933785e-05 2.39456112467451e-05 2.42736514337594e-05 2.45736173383193e-05 2.48735832428792e-05 2.51735491474392e-05 2.54735132330097e-05 2.57734791375697e-05 2.60734450421296e-05 2.63631500274641e-05 2.66220740741119e-05 2.68809963017702e-05 2.71399203484179e-05 2.73988443950657e-05 2.7657766622724e-05 2.79166906693717e-05 2.81756147160195e-05 2.86317699647043e-05 2.91536689474015e-05 2.96755679300986e-05
1.60863310156856e-05 1.6410143871326e-05 1.67339567269664e-05 1.70577695826069e-05 1.73815824382473e-05 1.77053971128771e-05 1.80292099685175e-05 1.8353022824158e-05 1.87059140444035e-05 1.90684986591805e-05 1.94310832739575e-05 1.97936678887345e-05 2.01562543225009e-05 2.05188389372779e-05 2.08814235520549e-05 2.12566246773349e-05 2.16696807910921e-05 2.20827369048493e-05 2.24957930186065e-05 2.29088473133743e-05 2.33219034271315e-05 2.37349595408887e-05 2.41480156546459e-05 2.44570928771282e-05 2.47315128945047e-05 2.50059310928918e-05 2.52803511102684e-05 2.55547693086555e-05 2.58291893260321e-05 2.61036075244192e-05 2.63713263848331e-05 2.66189435933484e-05 2.68665608018637e-05 2.7114178010379e-05 2.73617933999049e-05 2.76094106084201e-05 2.78570278169354e-05 2.81046450254507e-05 2.85687547147973e-05 2.910503098974e-05 2.96413054456934e-05
1.6029069229262e-05 1.63696786330547e-05 1.67102880368475e-05 1.70508956216509e-05 1.73915050254436e-05 1.77321144292364e-05 1.80727238330292e-05 1.84133332368219e-05 1.8783639461617e-05 1.91638464457355e-05 1.95440534298541e-05 1.99242585949833e-05 2.03044655791018e-05 2.06846725632204e-05 2.10648795473389e-05 2.14534957194701e-05 2.18673412746284e-05 2.22811868297867e-05 2.26950342039345e-05 2.31088797590928e-05 2.35227253142511e-05 2.39365726883989e-05 2.43504182435572e-05 2.4640534320497e-05 2.48894066317007e-05 2.51382807618938e-05 2.53871530730976e-05 2.56360253843013e-05 2.58848976955051e-05 2.61337718256982e-05 2.6379502742202e-05 2.66158131125849e-05 2.68521234829677e-05 2.70884338533506e-05 2.73247442237334e-05 2.75610545941163e-05 2.77973649644991e-05 2.8033675334882e-05 2.85057412838796e-05 2.90563912130892e-05 2.96070429612882e-05
1.59718074428383e-05 1.63292133947834e-05 1.66866175277391e-05 1.70440234796843e-05 1.740142761264e-05 1.77588335645851e-05 1.81162376975408e-05 1.84736436494859e-05 1.88613648788305e-05 1.92591942322906e-05 1.96570217667613e-05 2.0054849301232e-05 2.04526786546921e-05 2.08505061891628e-05 2.1248335542623e-05 2.16503649426159e-05 2.20650017581647e-05 2.24796385737136e-05 2.28942753892625e-05 2.33089122048113e-05 2.37235490203602e-05 2.41381840169197e-05 2.45528208324686e-05 2.48239757638657e-05 2.50473021878861e-05 2.52706286119064e-05 2.54939550359268e-05 2.57172814599471e-05 2.59406078839675e-05 2.61639343079878e-05 2.63876809185604e-05 2.66126844508108e-05 2.68376879830612e-05 2.70626915153116e-05 2.7287695047562e-05 2.75126985798124e-05 2.77377021120628e-05 2.79627056443132e-05 2.84427260339726e-05 2.90077532554278e-05 2.95727804768831e-05
1.59007558977464e-05 1.62755186465802e-05 1.66502795764245e-05 1.70250423252583e-05 1.73998032551026e-05 1.77745660039363e-05 1.81493269337807e-05 1.85240896826144e-05 1.89267993846443e-05 1.9338825950399e-05 1.97508525161538e-05 2.01628790819086e-05 2.05749074666528e-05 2.09869340324076e-05 2.13989605981624e-05 2.18093446164858e-05 2.22148009925149e-05 2.26202573685441e-05 2.30257137445733e-05 2.34311719395919e-05 2.38366283156211e-05 2.42420846916502e-05 2.46475410676794e-05 2.48966189246858e-05 2.50935700023547e-05 2.52905210800236e-05 2.54874721576925e-05 2.56844232353615e-05 2.58813743130304e-05 2.60783253906993e-05 2.6281910322723e-05 2.6505393179832e-05 2.67288760369411e-05 2.69523588940501e-05 2.71758435701486e-05 2.73993264272576e-05 2.76228092843667e-05 2.78462939604651e-05 2.83364825008903e-05 2.89155723294243e-05 2.94946621579584e-05
1.58159127749968e-05 1.62085925694555e-05 1.66012723639142e-05 1.69939521583728e-05 1.73866319528315e-05 1.77793117472902e-05 1.81719915417489e-05 1.85646713362075e-05 1.89799429790583e-05 1.94027452380396e-05 1.98255456780316e-05 2.0248347937013e-05 2.06711501959944e-05 2.10939524549758e-05 2.15167547139572e-05 2.19304329220904e-05 2.2316738977679e-05 2.27030450332677e-05 2.30893510888563e-05 2.3475657144445e-05 2.3861965019023e-05 2.42482710746117e-05 2.46345771302003e-05 2.4858463802957e-05 2.50282100751065e-05 2.51979581662454e-05 2.53677044383949e-05 2.55374507105444e-05 2.57071969826939e-05 2.58769450738328e-05 2.60621909546899e-05 2.6293941118638e-05 2.65256912825862e-05 2.6757439627545e-05 2.69891897914931e-05 2.72209399554413e-05 2.74526883004e-05 2.76844384643482e-05 2.81870070466539e-05 2.87798484350787e-05 2.93726898235036e-05
1.57310696522472e-05 1.61416683113202e-05 1.65522651514038e-05 1.69628638104768e-05 1.73734606505604e-05 1.77840593096334e-05 1.8194656149717e-05 1.86052529898006e-05 1.90330865734722e-05 1.94666627066908e-05 1.99002406588988e-05 2.03338167921174e-05 2.07673947443254e-05 2.1200970877544e-05 2.1634548829752e-05 2.20515194087056e-05 2.24186769628432e-05 2.27858326979913e-05 2.31529884331394e-05 2.35201441682875e-05 2.3887301722425e-05 2.42544574575732e-05 2.46216131927213e-05 2.48203086812282e-05 2.49628519668477e-05 2.51053934334777e-05 2.52479367190972e-05 2.53904781857273e-05 2.55330214713467e-05 2.56755629379768e-05 2.58424734056462e-05 2.6082489057444e-05 2.63225047092419e-05 2.65625203610398e-05 2.68025360128377e-05 2.70425534836249e-05 2.72825691354228e-05 2.75225847872207e-05 2.80375315924175e-05 2.86441245407332e-05 2.92507156700594e-05
1.56462265294977e-05 1.60747422341956e-05 1.65032579388935e-05 1.69317736435914e-05 1.73602893482894e-05 1.77888050529873e-05 1.82173207576852e-05 1.86458364623832e-05 1.90862283488968e-05 1.95305819943314e-05 1.99749338207766e-05 2.04192856472218e-05 2.0863637473667e-05 2.13079893001122e-05 2.17523411265574e-05 2.21726077143103e-05 2.25206131290179e-05 2.28686203627149e-05 2.32166257774225e-05 2.356463119213e-05 2.3912638425827e-05 2.42606438405346e-05 2.46086492552422e-05 2.47821553784888e-05 2.48974920395995e-05 2.50128305196995e-05 2.51281689997995e-05 2.52435056609102e-05 2.53588441410102e-05 2.54741826211102e-05 2.56227558566025e-05 2.587103699625e-05 2.6119319954887e-05 2.63676010945346e-05 2.66158840531716e-05 2.68641651928192e-05 2.71124481514562e-05 2.73607292911038e-05 2.78880579571705e-05 2.85084006463876e-05 2.91287433356047e-05
1.55613852257375e-05 1.60078179760603e-05 1.64542507263832e-05 1.69006852956954e-05 1.73471180460183e-05 1.77935507963412e-05 1.82399853656534e-05 1.86864181159763e-05 1.91393719433108e-05 1.95944994629826e-05 2.00496269826544e-05 2.05047545023263e-05 2.09598820219981e-05 2.14150077226805e-05 2.18701352423523e-05 2.22936960199149e-05 2.2622551114182e-05 2.2951406208449e-05 2.32802631217055e-05 2.36091182159726e-05 2.3937975129229e-05 2.42668302234961e-05 2.45956871367525e-05 2.474400025676e-05 2.48321339313406e-05 2.49202676059213e-05 2.50084012805019e-05 2.50965331360931e-05 2.51846668106737e-05 2.52728004852543e-05 2.54030383075587e-05 2.56595867540454e-05 2.59161333815427e-05 2.61726818280295e-05 2.64292302745162e-05 2.66857787210029e-05 2.69423271674896e-05 2.71988756139763e-05 2.77385825029342e-05 2.83726749330526e-05 2.90067691821605e-05
1.54765421029879e-05 1.59408937179251e-05 1.64052435138728e-05 1.686959512881e-05 1.73339467437472e-05 1.77982983586844e-05 1.82626499736216e-05 1.87270015885588e-05 1.91925155377248e-05 1.96584169316338e-05 2.01243201445322e-05 2.05902233574307e-05 2.10561247513397e-05 2.15220279642381e-05 2.19879293581471e-05 2.24147825065302e-05 2.27244890993461e-05 2.30341938731726e-05 2.33439004659886e-05 2.36536052398151e-05 2.3963311832631e-05 2.42730166064575e-05 2.45827231992735e-05 2.47058451350313e-05 2.47667740040924e-05 2.4827704692143e-05 2.48886335612042e-05 2.49495624302654e-05 2.50104912993265e-05 2.50714201683877e-05 2.51833189395256e-05 2.54481346928515e-05 2.57129486271879e-05 2.59777625615243e-05 2.62425783148501e-05 2.65073922491865e-05 2.67722061835229e-05 2.70370201178594e-05 2.75891070486978e-05 2.8236951038707e-05 2.88847950287163e-05
