data/working_set_collections/6091692-Cassins_Sparrow-M2/2015/prevtot_avg.asc
NCOLS 265 
NROWS 230 
XLLCORNER -115.5625 
YLLCORNER 24.8333333333333 
CELLSIZE 0.0833333333333333 
NODATA_value -9999 
[rows 108 to 125 of 230, columns 82 to 122 of 265]
1.67538273672108e-05 1.6821873941808e-05 1.68899205164053e-05 1.69579689099919e-05 1.70260154845892e-05 1.70940620591864e-05 1.7162110452773e-05 1.71854626387358e-05 1.70747352967737e-05 1.69640061358223e-05 1.68532769748708e-05 1.67425478139194e-05 1.66318204719573e-05 1.65210913110059e-05 1.64103621500544e-05 1.62455216923263e-05 1.60626423166832e-05 1.58797647600295e-05 1.56968853843864e-05 1.55140078277327e-05 1.53311284520896e-05 1.51482508954359e-05 1.50352097989526e-05 1.51316799019696e-05 1.52281509144814e-05 1.53246219269931e-05 1.54210920300102e-05 1.55175621330272e-05 1.56140322360443e-05 1.57105023390613e-05 1.56105998030398e-05 1.54452409333317e-05 1.52798802446341e-05 1.51145195559366e-05 1.49491597767337e-05 1.47837990880362e-05 1.46184393088333e-05 1.44902314787032e-05 1.44734831337701e-05 1.44567347888369e-05 1.44399864439038e-05
1.69220911629964e-05 1.70014100149274e-05 1.70807288668584e-05 1.71600458998e-05 1.7239364751731e-05 1.73186817846727e-05 1.73980006366037e-05 1.74262513610302e-05 1.73013049789006e-05 1.71763567777816e-05 1.70514085766627e-05 1.69264603755437e-05 1.68015121744247e-05 1.66765657922952e-05 1.65516175911762e-05 1.63588629220612e-05 1.61435073096072e-05 1.59281516971532e-05 1.57127960846992e-05 1.54974404722452e-05 1.52820848597912e-05 1.50667292473372e-05 1.49332036016858e-05 1.50451696754317e-05 1.51571357491775e-05 1.52691009134287e-05 1.53810669871746e-05 1.54930330609204e-05 1.56049991346663e-05 1.57169652084121e-05 1.56189707922749e-05 1.54509889398469e-05 1.52830070874188e-05 1.51150252349908e-05 1.49470433825627e-05 1.47790615301346e-05 1.46110796777066e-05 1.44854966492858e-05 1.44871100928867e-05 1.4488722626993e-05 1.44903351610992e-05
1.70903567777714e-05 1.71809460880468e-05 1.72715353983222e-05 1.73621247085975e-05 1.74527121998835e-05 1.75433015101589e-05 1.76338908204343e-05 1.76670400833245e-05 1.75278746610275e-05 1.7388707419741e-05 1.72495401784545e-05 1.7110372937168e-05 1.69712056958815e-05 1.6832038454595e-05 1.66928712133085e-05 1.64722059707856e-05 1.62243723025313e-05 1.5976538634277e-05 1.5728706785012e-05 1.54808731167577e-05 1.52330403579981e-05 1.49852066897438e-05 1.48311974044191e-05 1.49586594488937e-05 1.50861205838737e-05 1.52135826283484e-05 1.53410437633283e-05 1.5468505807803e-05 1.55959660332883e-05 1.57234280777629e-05 1.562734178151e-05 1.54567369463621e-05 1.52861339302035e-05 1.51155309140449e-05 1.49449269883917e-05 1.47743239722331e-05 1.46037209560745e-05 1.44807618198683e-05 1.45007361425087e-05 1.4520710465149e-05 1.45406847877894e-05
1.72586223925464e-05 1.73604821611661e-05 1.74623419297859e-05 1.75642016984057e-05 1.76660614670254e-05 1.77679212356452e-05 1.7869781004265e-05 1.79078288056189e-05 1.77544443431543e-05 1.76010580617003e-05 1.74476717802463e-05 1.72942854987923e-05 1.71408992173383e-05 1.69875129358843e-05 1.68341266544303e-05 1.65855472005205e-05 1.63052372954553e-05 1.60249273903901e-05 1.57446156663354e-05 1.54643057612702e-05 1.5183995856205e-05 1.49036850416451e-05 1.4729192116647e-05 1.48721492223558e-05 1.50151054185699e-05 1.51580625242786e-05 1.53010205394821e-05 1.54439767356962e-05 1.55869329319103e-05 1.57298909471137e-05 1.56357109517558e-05 1.54624867718667e-05 1.52892607729882e-05 1.51160365930991e-05 1.49428115037153e-05 1.47695864143316e-05 1.45963613249478e-05 1.44760260809562e-05 1.45143621921306e-05 1.45526973938104e-05 1.45910335049848e-05
1.7426886188332e-05 1.75400182342855e-05 1.76531484612497e-05 1.77662786882138e-05 1.78794107341673e-05 1.79925409611315e-05 1.81056711880956e-05 1.81486193469027e-05 1.79810140252812e-05 1.78134087036597e-05 1.76458033820381e-05 1.74781980604166e-05 1.73105927387951e-05 1.71429874171736e-05 1.6975382095552e-05 1.66988884302555e-05 1.63861022883793e-05 1.60733143275138e-05 1.57605263666483e-05 1.54477384057827e-05 1.51349513544119e-05 1.48221633935464e-05 1.46271859193803e-05 1.47856380863232e-05 1.49440911627607e-05 1.51025433297036e-05 1.52609954966465e-05 1.54194476635894e-05 1.55779016495217e-05 1.57363538164645e-05 1.56440819409909e-05 1.54682347783819e-05 1.52923876157729e-05 1.51165413626586e-05 1.49406951095443e-05 1.476484885643e-05 1.4589001693821e-05 1.44712912515388e-05 1.45279882417526e-05 1.45846852319664e-05 1.46413822221803e-05
1.7595151803107e-05 1.77195543074049e-05 1.78439549927134e-05 1.79683574970113e-05 1.80927581823198e-05 1.82171606866177e-05 1.83415613719262e-05 1.83894080691971e-05 1.8207583707408e-05 1.80257575266296e-05 1.78439331648406e-05 1.76621088030515e-05 1.74802844412625e-05 1.72984600794734e-05 1.71166357176844e-05 1.68122314789798e-05 1.6466965462314e-05 1.61217012646375e-05 1.57764370669611e-05 1.54311710502952e-05 1.50859068526188e-05 1.47406417454476e-05 1.45251797221135e-05 1.46991278597852e-05 1.48730759974569e-05 1.50470241351286e-05 1.52209722728003e-05 1.5394920410472e-05 1.55688685481437e-05 1.57428166858153e-05 1.56524511112366e-05 1.54739827848971e-05 1.52955144585576e-05 1.51170470417128e-05 1.49385787153733e-05 1.47601103890338e-05 1.4581642972189e-05 1.44665564221214e-05 1.45416142913746e-05 1.46166730701225e-05 1.46917309393757e-05
1.78601949301083e-05 1.79698636202374e-05 1.8079534129356e-05 1.81892046384746e-05 1.82988751475932e-05 1.84085456567118e-05 1.8518214346841e-05 1.8559589079814e-05 1.83960746653611e-05 1.82325584319187e-05 1.80690440174658e-05 1.79055296030128e-05 1.77420133695705e-05 1.75784989551175e-05 1.74149845406646e-05 1.71012979990337e-05 1.67375528690172e-05 1.63738095579902e-05 1.60100662469631e-05 1.56463211169466e-05 1.52825778059196e-05 1.49188335853978e-05 1.4687680049974e-05 1.48542949318653e-05 1.50209107232513e-05 1.51875256051426e-05 1.53541404870339e-05 1.55207562784199e-05 1.56873720698059e-05 1.58539878611919e-05 1.57614867930533e-05 1.55826164700557e-05 1.54037443280686e-05 1.52248730955762e-05 1.50460018630838e-05 1.48671306305914e-05 1.46882584886043e-05 1.45731228258228e-05 1.46491920531844e-05 1.47252621900407e-05 1.48013314174023e-05
1.82220137503464e-05 1.8290949810762e-05 1.83598858711775e-05 1.84288219315931e-05 1.84977579920087e-05 1.85666940524243e-05 1.86356301128399e-05 1.86591641977429e-05 1.85464868991403e-05 1.84338096005376e-05 1.8321132301935e-05 1.82084568223218e-05 1.80957795237191e-05 1.79831022251165e-05 1.78704249265138e-05 1.75660879904171e-05 1.71978626894997e-05 1.68296392075717e-05 1.64614139066543e-05 1.60931886057369e-05 1.57249651238089e-05 1.53567398228915e-05 1.51146850839723e-05 1.52511402120581e-05 1.53875953401439e-05 1.55240486492403e-05 1.56605037773261e-05 1.57969589054119e-05 1.59334122145083e-05 1.60698673425941e-05 1.59711889864411e-05 1.57941321958788e-05 1.56170754053164e-05 1.54400204337435e-05 1.52629636431811e-05 1.50859068526188e-05 1.49088509715511e-05 1.47909913721378e-05 1.4850721527182e-05 1.4910452591721e-05 1.49701827467652e-05
1.85838325705845e-05 1.86120341822971e-05 1.86402357940096e-05 1.86684392247116e-05 1.86966408364242e-05 1.87248442671262e-05 1.87530458788387e-05 1.87587374966824e-05 1.86968991329195e-05 1.86350607691566e-05 1.85732224053936e-05 1.85113840416307e-05 1.84495438588783e-05 1.83877054951154e-05 1.83258671313524e-05 1.80308779818006e-05 1.76581725099823e-05 1.72854670381639e-05 1.6912763385335e-05 1.65400579135166e-05 1.61673524416983e-05 1.579464696988e-05 1.55416910274653e-05 1.56479854922509e-05 1.57542781380471e-05 1.58605726028327e-05 1.59668670676183e-05 1.60731597134145e-05 1.61794541782001e-05 1.62857486429857e-05 1.61808893608395e-05 1.60056497406913e-05 1.58304083015537e-05 1.56551668624161e-05 1.54799254232785e-05 1.53046839841409e-05 1.51294425450033e-05 1.50088590089581e-05 1.50522510011797e-05 1.50956429934013e-05 1.51390349856229e-05
1.89456513908226e-05 1.89331185538322e-05 1.89205875358311e-05 1.89080565178301e-05 1.88955236808397e-05 1.88829926628387e-05 1.88704616448376e-05 1.88583126146113e-05 1.88473113666987e-05 1.88363119377755e-05 1.88253106898628e-05 1.88143112609396e-05 1.88033100130269e-05 1.87923087651143e-05 1.8781309336191e-05 1.84956697921734e-05 1.81184823304648e-05 1.77412966877455e-05 1.73641110450262e-05 1.6986925402307e-05 1.66097379405983e-05 1.6232552297879e-05 1.59686969709583e-05 1.60448289534543e-05 1.61209627549397e-05 1.61970947374357e-05 1.62732285389211e-05 1.63493623404065e-05 1.64254943229025e-05 1.65016281243879e-05 1.63905915542273e-05 1.62171654665144e-05 1.60437393788015e-05 1.58703132910887e-05 1.56968872033758e-05 1.55234611156629e-05 1.53500350279501e-05 1.52267275552731e-05 1.52537804751773e-05 1.52808333950816e-05 1.53078872244805e-05
1.93074702110607e-05 1.92542047443567e-05 1.92009392776527e-05 1.91476738109486e-05 1.90944083442446e-05 1.90411428775406e-05 1.89878774108365e-05 1.89578877325403e-05 1.89977254194673e-05 1.90375631063944e-05 1.90774007933214e-05 1.91172384802485e-05 1.91570761671755e-05 1.91969138541026e-05 1.92367515410297e-05 1.89604597835569e-05 1.85787939699367e-05 1.81971263373271e-05 1.78154587047175e-05 1.74337928910973e-05 1.70521252584876e-05 1.66704594448674e-05 1.63957010954618e-05 1.64416742336471e-05 1.64876473718323e-05 1.65336186910281e-05 1.65795918292133e-05 1.66255631484091e-05 1.66715362865943e-05 1.67175076057902e-05 1.66002937476151e-05 1.64286811923375e-05 1.62570704560494e-05 1.60854597197613e-05 1.59138489834731e-05 1.57422364281956e-05 1.55706256919075e-05 1.54445970110828e-05 1.54553108586697e-05 1.54660247062566e-05 1.54767385538435e-05
1.96692890312988e-05 1.95752891158918e-05 1.94812892004848e-05 1.93872911040671e-05 1.92932911886601e-05 1.9199291273253e-05 1.9105291357846e-05 1.90574610314798e-05 1.91481376532465e-05 1.92388124560239e-05 1.93294890777906e-05 1.9420163880568e-05 1.95108405023348e-05 1.96015171241015e-05 1.96921919268789e-05 1.94252497749403e-05 1.90391037904192e-05 1.86529559869086e-05 1.82668081833981e-05 1.78806603798876e-05 1.7494512576377e-05 1.71083647728665e-05 1.68227070389548e-05 1.68385195138399e-05 1.68543301697355e-05 1.68701426446205e-05 1.68859533005161e-05 1.69017657754011e-05 1.69175764312968e-05 1.69333889061818e-05 1.68099941220134e-05 1.66401987371501e-05 1.64704015332973e-05 1.63006061484339e-05 1.61308107635705e-05 1.59610135597177e-05 1.57912181748543e-05 1.56624646479031e-05 1.56568403326673e-05 1.56512141984422e-05 1.56455898832064e-05
1.99952228285838e-05 1.98880861717043e-05 1.97809513338143e-05 1.96738146769349e-05 1.95666798390448e-05 1.94595431821654e-05 1.93524065252859e-05 1.92966617760248e-05 1.93950909306295e-05 1.94935200852342e-05 1.95919492398389e-05 1.96903783944435e-05 1.97888075490482e-05 1.98872367036529e-05 1.99856658582576e-05 1.96982218767516e-05 1.92821553355316e-05 1.88660869753221e-05 1.8450020434102e-05 1.80339520738926e-05 1.76178855326725e-05 1.72018171724631e-05 1.68923634191742e-05 1.69027498486685e-05 1.69131362781627e-05 1.6923522707657e-05 1.69339073181618e-05 1.6944293747656e-05 1.69546801771503e-05 1.69650647876551e-05 1.68632377608446e-05 1.6724006854929e-05 1.65847759490134e-05 1.64455450430978e-05 1.63063123181928e-05 1.61670814122772e-05 1.60278505063616e-05 1.59180544869741e-05 1.58965667651501e-05 1.58750772243366e-05 1.58535895025125e-05
2.0285273421905e-05 2.01925977307837e-05 2.00999220396625e-05 2.00072481675306e-05 1.99145724764094e-05 1.98218967852881e-05 1.97292210941669e-05 1.96754899661755e-05 1.97385870706057e-05 1.98016841750359e-05 1.98647812794661e-05 1.99278802028857e-05 1.99909773073159e-05 2.00540744117461e-05 2.01171715161763e-05 1.97793760889908e-05 1.93079504242633e-05 1.88365229405463e-05 1.83650972758187e-05 1.78936697921017e-05 1.74222441273741e-05 1.69508184626466e-05 1.66046720551094e-05 1.66343670571223e-05 1.66640620591352e-05 1.66937588801375e-05 1.67234538821504e-05 1.67531488841632e-05 1.67828438861761e-05 1.6812538888189e-05 1.6760026483098e-05 1.66801091836533e-05 1.66001918842085e-05 1.65202745847637e-05 1.64403572853189e-05 1.63604399858741e-05 1.62805226864293e-05 1.62113647093065e-05 1.61744883371284e-05 1.61376137839397e-05 1.61007374117617e-05
2.05753221962368e-05 2.04971074708737e-05 2.04188945645001e-05 2.0340679839137e-05 2.02624651137739e-05 2.01842503884109e-05 2.01060356630478e-05 2.00543163373368e-05 2.00820832105819e-05 2.01098482648376e-05 2.01376151380828e-05 2.01653801923385e-05 2.01931452465942e-05 2.02209121198393e-05 2.02486771740951e-05 1.986053030123e-05 1.93337455129949e-05 1.88069589057704e-05 1.82801741175354e-05 1.77533875103109e-05 1.72266027220758e-05 1.66998179338407e-05 1.63169788720552e-05 1.63659842655761e-05 1.6414989659097e-05 1.6463995052618e-05 1.65129986271495e-05 1.65620040206704e-05 1.66110094141914e-05 1.66600129887229e-05 1.6656813386362e-05 1.66362096933881e-05 1.66156060004141e-05 1.65950041264296e-05 1.65744004334556e-05 1.65537967404816e-05 1.65331930475077e-05 1.65046749316389e-05 1.64524117280962e-05 1.64001485245535e-05 1.63478835020214e-05
2.0865372789558e-05 2.08016190299531e-05 2.07378652703483e-05 2.06741115107434e-05 2.06103577511385e-05 2.05466039915336e-05 2.04828502319288e-05 2.04331445274875e-05 2.04255793505581e-05 2.04180123546394e-05 2.041044717771e-05 2.04028801817913e-05 2.03953150048619e-05 2.03877498279326e-05 2.03801828320138e-05 1.99416845134692e-05 1.93595387827372e-05 1.87773948709946e-05 1.8195250959252e-05 1.761310522852e-05 1.70309613167774e-05 1.64488174050348e-05 1.60292875079904e-05 1.60976014740299e-05 1.61659154400695e-05 1.62342312250985e-05 1.6302545191138e-05 1.63708591571776e-05 1.64391731232172e-05 1.65074870892568e-05 1.6553600289626e-05 1.65923102031229e-05 1.66310219356092e-05 1.66697336680954e-05 1.67084435815923e-05 1.67471553140786e-05 1.67858652275754e-05 1.67979869729606e-05 1.6730335119064e-05 1.66626832651673e-05 1.65950314112706e-05
2.11554233828792e-05 2.11061305890325e-05 2.10568377951859e-05 2.10075450013392e-05 2.09582522074925e-05 2.09089594136458e-05 2.08596666197991e-05 2.08119708986487e-05 2.07690736715449e-05 2.07261764444411e-05 2.06832792173373e-05 2.06403819902334e-05 2.05974847631296e-05 2.05545875360258e-05 2.0511690308922e-05 2.0022836906719e-05 1.93853338714689e-05 1.87478308362188e-05 1.81103278009687e-05 1.74728229467291e-05 1.6835319911479e-05 1.61978168762289e-05 1.57415943249362e-05 1.58292186824838e-05 1.59168430400314e-05 1.6004467397579e-05 1.60920899361372e-05 1.61797142936848e-05 1.62673386512324e-05 1.63549611897906e-05 1.645038719289e-05 1.65484125318471e-05 1.66464378708042e-05 1.67444613907719e-05 1.6842486729729e-05 1.69405120686861e-05 1.70385374076432e-05 1.7091297195293e-05 1.70082585100317e-05 1.69252180057811e-05 1.68421793205198e-05
2.1445472157211e-05 2.14106403291225e-05 2.1375808501034e-05 2.13409766729455e-05 2.1306144844857e-05 2.12713130167685e-05 2.123648118868e-05 2.11907990887994e-05 2.11125698115211e-05 2.10343405342428e-05 2.09561112569645e-05 2.08778819796862e-05 2.07996527024079e-05 2.0721425244119e-05 2.06431959668407e-05 2.01039911189582e-05 1.94111289602006e-05 1.8718266801443e-05 1.80254046426853e-05 1.73325406649383e-05 1.66396785061806e-05 1.5946816347423e-05 1.54539029608713e-05 1.55608358909376e-05 1.56677688210038e-05 1.57747035700595e-05 1.58816365001258e-05 1.5988569430192e-05 1.60955023602583e-05 1.62024352903245e-05 1.6347174096154e-05 1.6504513041582e-05 1.66618519870099e-05 1.68191909324378e-05 1.69765316968551e-05 1.7133870642283e-05 1.72912095877109e-05 1.73846074176254e-05 1.72861800820101e-05 1.71877527463948e-05 1.70893254107796e-05
