data/working_set_collections/6091692-Cassins_Sparrow-M2/2015/prevtot_avg.asc
NCOLS 265 
NROWS 230 
XLLCORNER -115.5625 
YLLCORNER 24.8333333333333 
CELLSIZE 0.0833333333333333 
NODATA_value -9999 
[rows 72 to 89 of 230, columns 164 to 204 of 265]
1.60892832354875e-05 1.61127518367721e-05 1.6136222257046e-05 1.61596908583306e-05 1.61831594596151e-05 1.62066298798891e-05 1.62300984811736e-05 1.62535689014476e-05 1.63152017194079e-05 1.63895565492567e-05 1.64639113791054e-05 1.65382662089542e-05 1.66126192198135e-05 1.66869740496622e-05 1.6761328879511e-05 1.68498172570253e-05 1.6980700820568e-05 1.71115843841108e-05 1.72424697666429e-05 1.73733533301856e-05 1.75042368937284e-05 1.76351222762605e-05 1.77660058398033e-05 1.7925016436493e-05 1.80934002855793e-05 1.82617859536549e-05 1.84301716217306e-05 1.85985572898062e-05 1.87669411388924e-05 1.89353268069681e-05 1.91119361261372e-05 1.93132145795971e-05 1.95144930330571e-05 1.9715771486517e-05 1.9917049939977e-05 2.0118328393437e-05 2.03196068468969e-05 2.05208853003569e-05 2.07480152312201e-05 2.09837598958984e-05 2.12195063795662e-05
1.61206462507835e-05 1.61404877871973e-05 1.61603293236112e-05 1.61801708600251e-05 1.6200012396439e-05 1.62198539328529e-05 1.62396954692667e-05 1.62595370056806e-05 1.63267959578661e-05 1.64098619279684e-05 1.64929278980708e-05 1.65759956871625e-05 1.66590616572648e-05 1.67421276273672e-05 1.68251935974695e-05 1.69211125466973e-05 1.70555922522908e-05 1.7190070138895e-05 1.73245480254991e-05 1.74590277310926e-05 1.75935056176968e-05 1.77279835043009e-05 1.78624613909051e-05 1.80241404450499e-05 1.81948871613713e-05 1.83656320587033e-05 1.85363787750248e-05 1.87071236723568e-05 1.88778703886783e-05 1.90486152860103e-05 1.92273619177286e-05 1.94301101146266e-05 1.96328583115246e-05 1.98356046894332e-05 2.00383528863313e-05 2.02411010832293e-05 2.04438492801273e-05 2.06465974770254e-05 2.08742985705612e-05 2.11103160836501e-05 2.13463354157284e-05
1.61520092660794e-05 1.61682237376226e-05 1.61844363901764e-05 1.62006508617196e-05 1.62168635142734e-05 1.62330779858166e-05 1.62492906383704e-05 1.62655032909242e-05 1.63383901963243e-05 1.64301691256696e-05 1.65219462360255e-05 1.66137251653709e-05 1.67055022757268e-05 1.67972812050721e-05 1.6889058315428e-05 1.69924096553586e-05 1.71304818650242e-05 1.72685558936791e-05 1.74066281033447e-05 1.75447003130103e-05 1.76827725226758e-05 1.78208465513308e-05 1.79589187609963e-05 1.81232662725961e-05 1.82963722181739e-05 1.84694781637518e-05 1.8642585928319e-05 1.88156918738969e-05 1.89887978194747e-05 1.91619037650526e-05 1.934278770932e-05 1.95470056496561e-05 1.97512217710027e-05 1.99554397113388e-05 2.01596558326855e-05 2.03638737730216e-05 2.05680898943683e-05 2.07723078347044e-05 2.1000580090913e-05 2.12368740903912e-05 2.147316627088e-05
1.61833741003647e-05 1.61959596880479e-05 1.6208545275731e-05 1.62211308634141e-05 1.62337164510973e-05 1.6246300219791e-05 1.62588858074741e-05 1.62714713951573e-05 1.63499862537719e-05 1.64504745043814e-05 1.65509645739803e-05 1.66514546435792e-05 1.67519428941887e-05 1.68524329637876e-05 1.69529230333865e-05 1.706370676402e-05 1.7205373296747e-05 1.73470398294739e-05 1.74887063622009e-05 1.76303747139173e-05 1.77720412466442e-05 1.79137077793712e-05 1.80553743120981e-05 1.82223921001423e-05 1.8397859093966e-05 1.85733242688002e-05 1.87487912626239e-05 1.89242582564475e-05 1.90997252502711e-05 1.92751922440948e-05 1.94582135009114e-05 1.96639011846855e-05 1.98695870494703e-05 2.0075272914255e-05 2.02809587790398e-05 2.04866446438245e-05 2.06923323275987e-05 2.08980181923835e-05 2.11268634302542e-05 2.13634302781429e-05 2.15999953070423e-05
1.62147371156607e-05 1.62236938194837e-05 1.62326523422962e-05 1.62416090461193e-05 1.62505675689317e-05 1.62595242727548e-05 1.62684827955673e-05 1.62774394993903e-05 1.63615804922301e-05 1.64707817020826e-05 1.65799829119351e-05 1.66891841217875e-05 1.679838533164e-05 1.69075865414925e-05 1.7016787751345e-05 1.71350038726814e-05 1.72802647284698e-05 1.74255255842581e-05 1.75707864400465e-05 1.77160472958349e-05 1.78613081516232e-05 1.80065690074116e-05 1.81518298632e-05 1.83215161086991e-05 1.84993441507686e-05 1.8677172192838e-05 1.88549984159181e-05 1.90328264579875e-05 1.9210654500057e-05 1.9388480723137e-05 1.95736411114922e-05 1.9780796719715e-05 1.99879505089484e-05 2.01951061171712e-05 2.04022617253941e-05 2.06094173336169e-05 2.08165729418397e-05 2.10237285500625e-05 2.12531467695953e-05 2.14899864658946e-05 2.17268261621939e-05
1.62461001309566e-05 1.6251429769909e-05 1.62567594088614e-05 1.62620890478138e-05 1.62674186867662e-05 1.62727483257186e-05 1.6278077964671e-05 1.62834076036233e-05 1.63731747306883e-05 1.64910870807944e-05 1.66090012498898e-05 1.67269135999959e-05 1.6844825950102e-05 1.6962738300208e-05 1.70806524693035e-05 1.72063009813428e-05 1.73551561601926e-05 1.75040113390423e-05 1.76528665178921e-05 1.78017216967419e-05 1.79505768755917e-05 1.80994320544414e-05 1.82482872332912e-05 1.84206419362454e-05 1.86008292075712e-05 1.87810182978865e-05 1.89612055692123e-05 1.91413928405382e-05 1.93215819308534e-05 1.95017692021793e-05 1.96890669030836e-05 1.98976922547445e-05 2.0106315787416e-05 2.03149411390768e-05 2.05235646717483e-05 2.07321900234092e-05 2.09408135560807e-05 2.11494389077416e-05 2.13794301089365e-05 2.16165426536463e-05 2.18536570173455e-05
1.62366704898886e-05 1.62396900122985e-05 1.6242707715719e-05 1.62457254191395e-05 1.624874312256e-05 1.62517608259805e-05 1.62547803483903e-05 1.62577980518108e-05 1.63504846568685e-05 1.64730627147947e-05 1.65956407727208e-05 1.67182170116575e-05 1.68407950695837e-05 1.69633713085204e-05 1.70859493664466e-05 1.72157815541141e-05 1.73673761310056e-05 1.75189725268865e-05 1.76705689227674e-05 1.78221634996589e-05 1.79737598955398e-05 1.81253544724314e-05 1.82769508683123e-05 1.84557593456702e-05 1.86436391231837e-05 1.88315189006971e-05 1.90193986782106e-05 1.92072802747134e-05 1.93951600522269e-05 1.95830398297403e-05 1.97765366465319e-05 1.99868845811579e-05 2.01972343347734e-05 2.04075822693994e-05 2.06179320230149e-05 2.08282799576409e-05 2.10386297112564e-05 2.12489776458824e-05 2.14786487049423e-05 2.17147626244696e-05 2.19508747250075e-05
1.61864500114461e-05 1.61884727276629e-05 1.61904954438796e-05 1.61925181600964e-05 1.61945408763131e-05 1.61965635925299e-05 1.61985863087466e-05 1.62006090249633e-05 1.629351208976e-05 1.6416706785094e-05 1.65399014804279e-05 1.66630961757619e-05 1.67862908710958e-05 1.69094855664298e-05 1.70326802617637e-05 1.71634474099847e-05 1.73169282788876e-05 1.747041096678e-05 1.76238936546724e-05 1.77773763425648e-05 1.79308572114678e-05 1.80843398993602e-05 1.82378225872526e-05 1.84268701559631e-05 1.86277738976059e-05 1.88286776392488e-05 1.90295795619022e-05 1.9230483303545e-05 1.94313870451879e-05 1.96322907868307e-05 1.98360503418371e-05 2.00483773369342e-05 2.02607061510207e-05 2.04730331461178e-05 2.06853619602043e-05 2.08976889553014e-05 2.11100177693879e-05 2.1322344764485e-05 2.15508061955916e-05 2.17846427403856e-05 2.2018481104169e-05
1.61362277140142e-05 1.61372554430272e-05 1.61382831720402e-05 1.61393109010532e-05 1.61403386300663e-05 1.61413663590793e-05 1.61423940880923e-05 1.61434218171053e-05 1.62365377036622e-05 1.63603490364039e-05 1.64841621881351e-05 1.66079735208768e-05 1.6731786672608e-05 1.68555980053497e-05 1.69794111570809e-05 1.71111114468658e-05 1.72664804267697e-05 1.74218494066736e-05 1.75772183865774e-05 1.77325873664813e-05 1.78879563463852e-05 1.8043325326289e-05 1.81986943061929e-05 1.8397980966256e-05 1.86119068530388e-05 1.8825834558811e-05 1.90397604455939e-05 1.92536881513661e-05 1.94676140381489e-05 1.96815417439211e-05 1.98955622181529e-05 2.01098700927105e-05 2.03241761482786e-05 2.05384840228362e-05 2.07527918973938e-05 2.09670979529619e-05 2.11814058275195e-05 2.13957118830876e-05 2.16229618672514e-05 2.1854524675291e-05 2.20860874833306e-05
1.60860072355717e-05 1.60860381583916e-05 1.60860709002009e-05 1.60861036420101e-05 1.60861363838194e-05 1.60861673066393e-05 1.60862000484485e-05 1.60862327902578e-05 1.61795633175643e-05 1.63039931067033e-05 1.64284228958422e-05 1.65528526849812e-05 1.66772824741201e-05 1.68017122632591e-05 1.69261420523981e-05 1.70587773027364e-05 1.72160325746518e-05 1.73732878465671e-05 1.75305431184825e-05 1.76877983903978e-05 1.78450536623131e-05 1.80023107532179e-05 1.81595660251332e-05 1.83690917765489e-05 1.85960416274611e-05 1.88229914783733e-05 1.90499413292855e-05 1.92768911801977e-05 1.95038410311099e-05 1.97307927010115e-05 1.99550759134581e-05 2.01713628484868e-05 2.0387647964526e-05 2.06039348995546e-05 2.08202218345832e-05 2.10365069506224e-05 2.1252793885651e-05 2.14690790016903e-05 2.16951175389113e-05 2.19244066101965e-05 2.21536938624922e-05
1.60357849381398e-05 1.6034820873756e-05 1.60338586283615e-05 1.6032896382967e-05 1.60319323185831e-05 1.60309700731887e-05 1.60300060088048e-05 1.60290437634103e-05 1.61225889314665e-05 1.62476353580132e-05 1.63726836035494e-05 1.64977300300961e-05 1.66227782756323e-05 1.67478247021791e-05 1.68728729477152e-05 1.7006443158607e-05 1.71655847225338e-05 1.73247262864606e-05 1.74838696693769e-05 1.76430112333037e-05 1.78021527972305e-05 1.79612943611573e-05 1.81204359250842e-05 1.83402025868418e-05 1.85801764018834e-05 1.88201483979356e-05 1.90601222129771e-05 1.93000960280187e-05 1.95400698430603e-05 1.97800418391125e-05 2.00145896087633e-05 2.02328537852736e-05 2.04511197807733e-05 2.0669385776273e-05 2.08876499527832e-05 2.11059159482829e-05 2.13241819437826e-05 2.15424479392823e-05 2.17672732105711e-05 2.19942867261125e-05 2.22213020606432e-05
1.59855626407079e-05 1.59836054081097e-05 1.59816463565221e-05 1.59796891239239e-05 1.59777300723363e-05 1.59757710207487e-05 1.59738137881504e-05 1.59718547365628e-05 1.60656145453686e-05 1.61912794283126e-05 1.63169443112565e-05 1.64426091942005e-05 1.65682740771445e-05 1.66939389600884e-05 1.68196038430324e-05 1.69541090144776e-05 1.71151368704159e-05 1.72761665453436e-05 1.74371944012819e-05 1.75982222572202e-05 1.77592519321479e-05 1.79202797880862e-05 1.80813076440245e-05 1.83113133971347e-05 1.85643093573162e-05 1.88173071364872e-05 1.90703030966688e-05 1.93232990568504e-05 1.95762968360214e-05 1.98292927962029e-05 2.00741014850792e-05 2.02943465410499e-05 2.05145915970206e-05 2.07348366529914e-05 2.09550798899727e-05 2.11753249459434e-05 2.13955700019142e-05 2.16158150578849e-05 2.18394307012204e-05 2.20641686610179e-05 2.22889084398048e-05
1.58838483912405e-05 1.58890798047651e-05 1.58943112182897e-05 1.58995426318143e-05 1.59047740453389e-05 1.5910003639874e-05 1.59152350533986e-05 1.59204664669232e-05 1.60241161211161e-05 1.61605694302125e-05 1.62970227393089e-05 1.64334778673947e-05 1.65699311764911e-05 1.67063863045769e-05 1.68428396136733e-05 1.6986114133033e-05 1.71498522831826e-05 1.73135904333321e-05 1.74773267644923e-05 1.76410649146419e-05 1.78048030647915e-05 1.79685393959517e-05 1.81322775461012e-05 1.83657593879616e-05 1.8622491552378e-05 1.88792218978051e-05 1.91359522432322e-05 1.93926844076486e-05 1.96494147530757e-05 1.99061450985027e-05 2.01546099560801e-05 2.03782765311189e-05 2.06019431061577e-05 2.08256078622071e-05 2.10492744372459e-05 2.12729410122847e-05 2.14966057683341e-05 2.17202723433729e-05 2.19482571992557e-05 2.21776845137356e-05 2.2407110009226e-05
1.5730640370748e-05 1.57512458827114e-05 1.57718513946747e-05 1.57924569066381e-05 1.58130624186015e-05 1.58336679305648e-05 1.58542734425282e-05 1.58748789544916e-05 1.59980918397196e-05 1.61555071827024e-05 1.63129225256853e-05 1.64703360496787e-05 1.66277513926616e-05 1.67851667356445e-05 1.69425820786273e-05 1.71024603332626e-05 1.72697291418444e-05 1.74369997694157e-05 1.76042685779976e-05 1.77715373865794e-05 1.79388061951613e-05 1.81060750037432e-05 1.82733456313144e-05 1.85035441973014e-05 1.875471934909e-05 1.9005896319868e-05 1.92570714716567e-05 1.95082466234453e-05 1.97594235942233e-05 2.0010598746012e-05 2.02561132027768e-05 2.04846437554806e-05 2.07131724891951e-05 2.0941703041899e-05 2.11702317756135e-05 2.1398760509328e-05 2.16272910620319e-05 2.18558197957464e-05 2.20937581616454e-05 2.23348324652761e-05 2.25759049499175e-05
1.55774305312661e-05 1.56134119606577e-05 1.56493915710598e-05 1.5685371181462e-05 1.57213507918641e-05 1.57573304022662e-05 1.57933100126684e-05 1.58292914420599e-05 1.5972067558323e-05 1.6150443116203e-05 1.63288204930723e-05 1.65071960509522e-05 1.66855716088321e-05 1.68639489857014e-05 1.70423245435813e-05 1.72188065334922e-05 1.73896078194957e-05 1.75604072865099e-05 1.77312085725134e-05 1.7902009858517e-05 1.80728111445205e-05 1.82436124305241e-05 1.84144118975382e-05 1.86413290066412e-05 1.88869489647914e-05 1.91325689229416e-05 1.93781907000812e-05 1.96238106582314e-05 1.9869432435371e-05 2.01150523935212e-05 2.03576164494734e-05 2.0591009160853e-05 2.0824403691222e-05 2.10577964026015e-05 2.12911891139811e-05 2.15245818253607e-05 2.17579763557296e-05 2.19913690671092e-05 2.22392573050456e-05 2.24919804168167e-05 2.27447017095983e-05
1.54242225107737e-05 1.54755762196146e-05 1.55269317474449e-05 1.55782854562858e-05 1.56296391651267e-05 1.5680994692957e-05 1.57323484017979e-05 1.57837021106388e-05 1.59460432769265e-05 1.61453808686929e-05 1.63447184604593e-05 1.65440560522256e-05 1.67433918250026e-05 1.6942729416769e-05 1.71420670085354e-05 1.73351527337218e-05 1.75094846781576e-05 1.76838166225934e-05 1.78581503860187e-05 1.80324823304545e-05 1.82068142748903e-05 1.83811480383156e-05 1.85554799827514e-05 1.87791119969916e-05 1.90191785804927e-05 1.92592433450045e-05 1.94993099285057e-05 1.97393746930175e-05 1.99794412765186e-05 2.02195060410304e-05 2.04591196961701e-05 2.06973763852147e-05 2.09356330742594e-05 2.1173889763304e-05 2.14121464523487e-05 2.16504031413933e-05 2.1888659830438e-05 2.21269165194826e-05 2.23847582674352e-05 2.26491283683572e-05 2.29134984692791e-05
1.52710144902812e-05 1.53377422975609e-05 1.540447192383e-05 1.54711997311097e-05 1.55379293573787e-05 1.56046571646584e-05 1.56713849719381e-05 1.57381145982072e-05 1.59200208145194e-05 1.61403186211828e-05 1.63606164278463e-05 1.65809142345097e-05 1.68012120411731e-05 1.70215098478366e-05 1.72418094734894e-05 1.74514989339514e-05 1.76293633558089e-05 1.7807225958677e-05 1.79850903805345e-05 1.8162954802392e-05 1.83408192242496e-05 1.85186836461071e-05 1.86965480679646e-05 1.89168968063314e-05 1.91514063772047e-05 1.93859177670674e-05 1.96204273379408e-05 1.98549387278035e-05 2.00894501176663e-05 2.03239596885396e-05 2.05606229428668e-05 2.08037436095765e-05 2.10468642762862e-05 2.12899831240065e-05 2.15331037907163e-05 2.1776224457426e-05 2.20193451241357e-05 2.22624657908455e-05 2.25302592298249e-05 2.28062763198977e-05 2.30822934099706e-05
1.51178064697888e-05 1.51999092850019e-05 1.52820121002151e-05 1.53641140059335e-05 1.54462177306414e-05 1.55283196363598e-05 1.56104233610677e-05 1.56925270857755e-05 1.58939965331228e-05 1.61352545546833e-05 1.63765143952332e-05 1.66177742357831e-05 1.68590322573436e-05 1.71002920978935e-05 1.73415519384434e-05 1.7567845134181e-05 1.77492402144708e-05 1.79306352947606e-05 1.81120321940398e-05 1.82934272743296e-05 1.84748223546194e-05 1.86562192538986e-05 1.88376143341884e-05 1.90546797966817e-05 1.92836359929061e-05 1.9512590370141e-05 1.97415465663653e-05 1.99705027625896e-05 2.01994571398245e-05 2.04284133360488e-05 2.06621261895634e-05 2.09101090149488e-05 2.11580936593236e-05 2.14060783036985e-05 2.16540611290839e-05 2.19020457734587e-05 2.21500285988441e-05 2.23980132432189e-05 2.26757583732251e-05 2.29634242714383e-05 2.32510901696514e-05
