data/working_set_collections/6091692-Cassins_Sparrow-M2/2015/prevtot_avg.asc
NCOLS 265 
NROWS 230 
XLLCORNER -115.5625 
YLLCORNER 24.8333333333333 
CELLSIZE 0.0833333333333333 
NODATA_value -9999 
[rows 180 to 197 of 230, columns 82 to 122 of 265]
2.60139313468244e-05 2.60155447904253e-05 2.60171582340263e-05 2.60187716776272e-05 2.60203851212282e-05 2.60219985648291e-05 2.60236120084301e-05 2.59952630585758e-05 2.58770232903771e-05 2.57587835221784e-05 2.56405455729691e-05 2.55223058047704e-05 2.54040660365717e-05 2.52858262683731e-05 2.51675883191638e-05 2.5036912120413e-05 2.49020886258222e-05 2.47672669502208e-05 2.46324452746194e-05 2.4497623599018e-05 2.43628001044272e-05 2.42279784288257e-05 2.41017314692726e-05 2.40012122958433e-05 2.39006913034245e-05 2.38001721299952e-05 2.36996511375764e-05 2.35991301451577e-05 2.34986109717283e-05 2.33980899793096e-05 2.29954730457393e-05 2.24921586777782e-05 2.19888424908277e-05 2.14855281228665e-05 2.0982211935916e-05 2.04788957489654e-05 1.99755813810043e-05 1.95489792531589e-05 1.93525211216183e-05 1.91560611710884e-05 1.89596030395478e-05
2.62431713053957e-05 2.6238922146149e-05 2.62346729869023e-05 2.62304238276556e-05 2.62261746684089e-05 2.62219273281517e-05 2.6217678168905e-05 2.6178282496403e-05 2.6033447284135e-05 2.58886120718671e-05 2.57437768595992e-05 2.55989416473312e-05 2.54541064350633e-05 2.53092712227954e-05 2.51644360105274e-05 2.50290395342745e-05 2.48967880907003e-05 2.47645384661155e-05 2.46322888415307e-05 2.45000373979565e-05 2.43677877733717e-05 2.42355381487869e-05 2.41072139033349e-05 2.39906676142709e-05 2.38741231441963e-05 2.37575768551324e-05 2.36410323850578e-05 2.35244860959938e-05 2.34079416259192e-05 2.32913953368552e-05 2.29014585784171e-05 2.24203922698507e-05 2.19393241422949e-05 2.14582578337286e-05 2.09771897061728e-05 2.04961233976064e-05 2.00150552700507e-05 1.96069631783757e-05 1.94177937373752e-05 1.92286242963746e-05 1.90394548553741e-05
2.64724112639669e-05 2.64622995018726e-05 2.64521877397783e-05 2.64420777966734e-05 2.64319660345791e-05 2.64218542724848e-05 2.64117425103905e-05 2.63613019342301e-05 2.61898694589036e-05 2.60184388025664e-05 2.58470081462292e-05 2.5675577489892e-05 2.55041450145654e-05 2.53327143582283e-05 2.51612837018911e-05 2.50211669481359e-05 2.48914875555784e-05 2.47618099820102e-05 2.46321305894526e-05 2.45024530158844e-05 2.43727736233268e-05 2.42430960497586e-05 2.41126945184078e-05 2.39801229326986e-05 2.38475531659788e-05 2.37149833992589e-05 2.35824118135497e-05 2.34498420468299e-05 2.33172704611206e-05 2.31847006944008e-05 2.28074441110948e-05 2.23486258619232e-05 2.18898057937622e-05 2.14309875445906e-05 2.0972169295419e-05 2.0513349227258e-05 2.00545309780864e-05 1.96649471035926e-05 1.94830681721214e-05 1.93011874216609e-05 1.91193084901897e-05
2.67016512225382e-05 2.66856768575963e-05 2.66697043116437e-05 2.66537299467018e-05 2.66377555817598e-05 2.66217812168179e-05 2.6605806851876e-05 2.65443195530679e-05 2.63462934526615e-05 2.61482655332657e-05 2.59502394328592e-05 2.57522133324528e-05 2.5554185413057e-05 2.53561593126506e-05 2.51581313932547e-05 2.50132943619974e-05 2.48861870204564e-05 2.47590814979048e-05 2.46319741563639e-05 2.45048668148229e-05 2.43777612922713e-05 2.42506539507303e-05 2.41181751334807e-05 2.39695800701156e-05 2.38209831877612e-05 2.36723881243961e-05 2.3523793061031e-05 2.3375197997666e-05 2.32266011153115e-05 2.30780060519464e-05 2.27134296437725e-05 2.22768594539957e-05 2.18402874452295e-05 2.14037172554526e-05 2.09671470656758e-05 2.0530576875899e-05 2.00940048671328e-05 1.97229310288094e-05 1.95483407878783e-05 1.93737523659365e-05 1.91991621250054e-05
2.69308911811095e-05 2.69090560323093e-05 2.68872190645197e-05 2.68653820967302e-05 2.68435451289406e-05 2.68217099801404e-05 2.67998730123509e-05 2.67273389908951e-05 2.65027174464194e-05 2.62780940829543e-05 2.60534707194893e-05 2.58288473560242e-05 2.56042258115485e-05 2.53796024480835e-05 2.51549790846184e-05 2.50054217758588e-05 2.48808883043239e-05 2.47563530137995e-05 2.46318177232752e-05 2.45072824327508e-05 2.43827471422264e-05 2.42582118517021e-05 2.41236557485536e-05 2.39590353885433e-05 2.3794415028533e-05 2.36297946685227e-05 2.34651743085124e-05 2.33005521295127e-05 2.31359317695023e-05 2.2971311409492e-05 2.26194151764503e-05 2.22050930460682e-05 2.17907690966967e-05 2.13764469663147e-05 2.09621248359326e-05 2.05478027055506e-05 2.01334805751685e-05 1.97809131350368e-05 1.96136152226245e-05 1.94463154912228e-05 1.9279015759821e-05
2.71601329586701e-05 2.7132433388033e-05 2.71047338173958e-05 2.70770342467586e-05 2.70493364951108e-05 2.70216369244736e-05 2.69939373538364e-05 2.69103584287222e-05 2.66591396211879e-05 2.64079208136536e-05 2.61567020061193e-05 2.5905483198585e-05 2.56542643910507e-05 2.54030455835164e-05 2.5151826775982e-05 2.49975510087097e-05 2.4875587769202e-05 2.47536245296942e-05 2.46316612901865e-05 2.45096980506787e-05 2.4387734811171e-05 2.42657715716632e-05 2.41291363636265e-05 2.39484907069709e-05 2.37678450503154e-05 2.35871993936598e-05 2.34065537370043e-05 2.32259080803487e-05 2.30452624236932e-05 2.28646167670377e-05 2.25253988901386e-05 2.21333248191513e-05 2.1741250748164e-05 2.13491766771767e-05 2.09571026061894e-05 2.05650285352021e-05 2.01729544642149e-05 1.98388970602537e-05 1.96788878383813e-05 1.9518878616509e-05 1.93588693946367e-05
2.72438574029366e-05 2.72266242973274e-05 2.72093930107076e-05 2.71921599050984e-05 2.71749267994892e-05 2.715769369388e-05 2.71404624072602e-05 2.70585405814927e-05 2.67825507762609e-05 2.65065609710291e-05 2.62305711657973e-05 2.59545813605655e-05 2.56785933743231e-05 2.54026035690913e-05 2.51266137638595e-05 2.49670010816772e-05 2.48461801675148e-05 2.47253592533525e-05 2.46045401581796e-05 2.44837192440173e-05 2.43628983298549e-05 2.4242079234682e-05 2.41016896325164e-05 2.390259578533e-05 2.37035037571331e-05 2.35044099099468e-05 2.33053160627605e-05 2.31062240345636e-05 2.29071301873773e-05 2.2708036340191e-05 2.23831248149509e-05 2.20162710320437e-05 2.1649419068126e-05 2.12825652852189e-05 2.09157133213012e-05 2.0548859538394e-05 2.01820075744763e-05 1.98683519556653e-05 1.9714292648132e-05 1.95602315216092e-05 1.94061722140759e-05
2.71820681518875e-05 2.71916305791819e-05 2.72011930064764e-05 2.72107572527602e-05 2.72203196800547e-05 2.72298821073491e-05 2.72394445346436e-05 2.71718836302171e-05 2.68729472736595e-05 2.65740127360914e-05 2.62750781985233e-05 2.59761436609551e-05 2.5677209123387e-05 2.53782727668295e-05 2.50793382292613e-05 2.49137738137506e-05 2.47926673182519e-05 2.46715608227532e-05 2.45504543272546e-05 2.44293478317559e-05 2.43082413362572e-05 2.41871348407585e-05 2.40413137362339e-05 2.38213506236207e-05 2.36013875110075e-05 2.33814243983943e-05 2.31614612857811e-05 2.29414981731679e-05 2.27215350605547e-05 2.25015719479416e-05 2.21925874939188e-05 2.18539280467667e-05 2.15152704186039e-05 2.11766127904411e-05 2.0837953343289e-05 2.04992957151262e-05 2.0160636267974e-05 1.98692796402611e-05 1.9719827832887e-05 1.95703760255128e-05 1.94209242181387e-05
2.71202789008385e-05 2.71566368610365e-05 2.71929948212346e-05 2.72293527814327e-05 2.72657107416308e-05 2.73020687018288e-05 2.73384284810163e-05 2.72852266789414e-05 2.69633455900475e-05 2.66414645011537e-05 2.63195852312492e-05 2.59977041423554e-05 2.56758230534615e-05 2.5353943783557e-05 2.50320626946632e-05 2.48605483648134e-05 2.47391562879784e-05 2.4617762392154e-05 2.44963703153189e-05 2.43749764194945e-05 2.42535843426595e-05 2.41321922658244e-05 2.39809378399514e-05 2.37401054619113e-05 2.34992730838712e-05 2.32584388868418e-05 2.30176065088017e-05 2.27767723117722e-05 2.25359399337322e-05 2.22951075556921e-05 2.20020501728868e-05 2.1691586880479e-05 2.13811217690818e-05 2.1070658476674e-05 2.07601933652768e-05 2.0449730072869e-05 2.01392649614718e-05 1.98702073248569e-05 1.97253630176419e-05 1.9580518710427e-05 1.94356762222014e-05
2.70584896497894e-05 2.71216431428911e-05 2.71847966359928e-05 2.72479501290945e-05 2.73111036221962e-05 2.7374257115298e-05 2.74374106083997e-05 2.73985697276657e-05 2.70537439064356e-05 2.67089180852054e-05 2.63640922639752e-05 2.6019266442745e-05 2.56744388025254e-05 2.53296129812952e-05 2.4984787160065e-05 2.48073210968869e-05 2.46856434387155e-05 2.45639639615547e-05 2.44422844843939e-05 2.43206068262225e-05 2.41989273490617e-05 2.40772478719009e-05 2.39205637626583e-05 2.36588603002019e-05 2.33971568377456e-05 2.31354533752892e-05 2.28737517318223e-05 2.26120482693659e-05 2.23503448069096e-05 2.20886413444532e-05 2.18115146708442e-05 2.15292438952019e-05 2.12469749385491e-05 2.09647041629069e-05 2.0682435206254e-05 2.04001644306118e-05 2.01178954739589e-05 1.98711331904633e-05 1.97308982023969e-05 1.95906632143306e-05 1.94504282262642e-05
2.6996698579751e-05 2.70866476057563e-05 2.71765966317616e-05 2.7266545657767e-05 2.73564946837723e-05 2.74464437097777e-05 2.7536392735783e-05 2.75119127763901e-05 2.71441404038342e-05 2.67763698502677e-05 2.64085974777117e-05 2.60408269241452e-05 2.56730545515893e-05 2.53052839980228e-05 2.49375116254669e-05 2.47540956479497e-05 2.46321305894526e-05 2.45101655309554e-05 2.43882004724583e-05 2.42662354139611e-05 2.4144270355464e-05 2.40223052969668e-05 2.38601878663758e-05 2.35776151384925e-05 2.32950424106093e-05 2.30124678637367e-05 2.27298951358534e-05 2.24473224079702e-05 2.2164749680087e-05 2.18821769522037e-05 2.16209773498122e-05 2.13669009099249e-05 2.1112826289027e-05 2.08587516681291e-05 2.06046752282418e-05 2.0350600607344e-05 2.00965241674567e-05 1.98720608750591e-05 1.97364333871519e-05 1.96008077182341e-05 1.9465180230327e-05
2.69349093287019e-05 2.70516538876109e-05 2.71683984465199e-05 2.72851430054288e-05 2.74018875643378e-05 2.75186321232468e-05 2.76353766821558e-05 2.76252558251144e-05 2.72345387202222e-05 2.68438216153299e-05 2.64531045104377e-05 2.60623874055455e-05 2.56716703006532e-05 2.5280953195761e-05 2.48902360908687e-05 2.47008683800232e-05 2.45786177401897e-05 2.44563671003561e-05 2.43341146415332e-05 2.42118640016997e-05 2.40896115428768e-05 2.39673609030433e-05 2.37998119700933e-05 2.34963681577938e-05 2.31929261644837e-05 2.28894841711735e-05 2.2586040358874e-05 2.22825983655639e-05 2.19791545532644e-05 2.16757125599543e-05 2.14304400287801e-05 2.12045597436372e-05 2.09786776395049e-05 2.0752797354362e-05 2.05269152502296e-05 2.03010349650867e-05 2.00751528609544e-05 1.98729885596549e-05 1.97419685719069e-05 1.96109504031483e-05 1.94799322343897e-05
2.68711410171818e-05 2.70119671768043e-05 2.71527933364268e-05 2.72936194960494e-05 2.74344456556719e-05 2.75752718152944e-05 2.77160979749169e-05 2.77208146144403e-05 2.73172008746769e-05 2.69135871349135e-05 2.65099715761608e-05 2.61063578363974e-05 2.5702744096634e-05 2.52991303568706e-05 2.48955166171072e-05 2.46958607021952e-05 2.45641895162407e-05 2.44325183302863e-05 2.43008471443318e-05 2.41691759583773e-05 2.40375047724228e-05 2.39058335864684e-05 2.37303975154646e-05 2.3423663151334e-05 2.31169287872035e-05 2.2810194423073e-05 2.25034600589424e-05 2.21967256948119e-05 2.18899913306814e-05 2.15832569665508e-05 2.1351377654355e-05 2.11444494198076e-05 2.09375230042497e-05 2.07305947697023e-05 2.05236683541443e-05 2.03167401195969e-05 2.01098118850496e-05 1.99222868104698e-05 1.97929639398353e-05 1.96636428881902e-05 1.95343200175557e-05
2.680539546418e-05 2.6967589292326e-05 2.7129783120472e-05 2.7291976948618e-05 2.74541707767639e-05 2.76163646049099e-05 2.77785584330559e-05 2.77985873253783e-05 2.7392125048209e-05 2.69856627710396e-05 2.65792004938703e-05 2.6172738216701e-05 2.57662759395316e-05 2.53598136623623e-05 2.49533513851929e-05 2.4739068976487e-05 2.45888440986164e-05 2.44386192207457e-05 2.42883961618645e-05 2.41381712839939e-05 2.39879464061232e-05 2.3837723347242e-05 2.36519426835002e-05 2.33594946621452e-05 2.30670484597795e-05 2.27746004384244e-05 2.24821542360587e-05 2.21897062147036e-05 2.18972600123379e-05 2.16048119909829e-05 2.13837902265368e-05 2.11865753954044e-05 2.09893605642719e-05 2.07921457331395e-05 2.0594930902007e-05 2.03977160708746e-05 2.02005012397422e-05 2.00199556275038e-05 1.98894194909371e-05 1.97588815353811e-05 1.96283453988144e-05
2.67396480921889e-05 2.69232095888583e-05 2.71067710855277e-05 2.72903325821972e-05 2.74738940788666e-05 2.7657455575536e-05 2.78410170722054e-05 2.78763618553057e-05 2.74670510407304e-05 2.70577402261551e-05 2.66484294115799e-05 2.62391185970046e-05 2.58298077824293e-05 2.5420496967854e-05 2.50111861532787e-05 2.47822754317895e-05 2.46134986809921e-05 2.44447219301946e-05 2.42759433604078e-05 2.41071666096104e-05 2.39383880398236e-05 2.37696112890262e-05 2.35734878515359e-05 2.32953279919457e-05 2.30171681323554e-05 2.27390082727652e-05 2.2460848413175e-05 2.21826867345953e-05 2.19045268750051e-05 2.16263670154149e-05 2.14162009797292e-05 2.12286995520117e-05 2.10411963053048e-05 2.08536948775873e-05 2.06661934498698e-05 2.04786920221522e-05 2.02911905944347e-05 2.01176244445378e-05 1.99858732230496e-05 1.98541220015613e-05 1.97223689610837e-05
2.66739007201977e-05 2.68788298853906e-05 2.70837608695729e-05 2.72886900347658e-05 2.74936191999586e-05 2.76985483651515e-05 2.79034775303444e-05 2.79541345662437e-05 2.75419752142625e-05 2.71298176812707e-05 2.67176583292894e-05 2.63054989773082e-05 2.58933396253269e-05 2.54811802733457e-05 2.50690227403538e-05 2.48254837060813e-05 2.46381532633677e-05 2.44508228206541e-05 2.42634923779406e-05 2.4076161935227e-05 2.38888314925134e-05 2.37014992308104e-05 2.34950330195716e-05 2.32311613217462e-05 2.29672878049314e-05 2.27034142881166e-05 2.24395407713018e-05 2.21756690734765e-05 2.19117955566617e-05 2.16479220398469e-05 2.14486117329216e-05 2.1270823708619e-05 2.1093033865327e-05 2.09152458410244e-05 2.07374559977325e-05 2.05596679734299e-05 2.03818781301379e-05 2.02152950805612e-05 2.00823287741514e-05 1.99493606487522e-05 1.98163943423424e-05
2.66081551671959e-05 2.68344520009123e-05 2.70607488346286e-05 2.72870456683449e-05 2.75133425020613e-05 2.7739641154767e-05 2.79659379884833e-05 2.80319090961711e-05 2.7616901206784e-05 2.72018933173968e-05 2.6786887246999e-05 2.63718793576118e-05 2.59568714682246e-05 2.55418635788374e-05 2.51268575084396e-05 2.48686919803731e-05 2.46628078457434e-05 2.44569237111136e-05 2.42510413954733e-05 2.40451572608436e-05 2.38392731262138e-05 2.36333889915841e-05 2.34165800065966e-05 2.31669928325573e-05 2.29174074775074e-05 2.26678221224574e-05 2.24182349484181e-05 2.21686495933682e-05 2.19190642383182e-05 2.16694770642789e-05 2.14810243051033e-05 2.13129478652263e-05 2.11448714253493e-05 2.09767949854722e-05 2.08087185455952e-05 2.06406439247075e-05 2.04725674848305e-05 2.03129638975952e-05 2.01787825062638e-05 2.00446011149324e-05 1.99104197236011e-05
2.65424077952048e-05 2.67900722974446e-05 2.70377367996844e-05 2.72854031209135e-05 2.75330676231533e-05 2.77807321253931e-05 2.80283984466223e-05 2.81096818071092e-05 2.76918271993054e-05 2.72739707725123e-05 2.68561143457191e-05 2.64382597379154e-05 2.60204033111222e-05 2.56025468843291e-05 2.51846922765253e-05 2.49119002546649e-05 2.4687462428119e-05 2.44630264205625e-05 2.42385885940166e-05 2.40141525864601e-05 2.37897147599142e-05 2.35652769333683e-05 2.33381251746323e-05 2.31028261623578e-05 2.28675271500833e-05 2.26322281378089e-05 2.23969291255344e-05 2.21616301132599e-05 2.19263311009854e-05 2.16910320887109e-05 2.15134350582957e-05 2.13550720218336e-05 2.11967089853715e-05 2.10383459489094e-05 2.08799829124473e-05 2.07216180569958e-05 2.05632550205337e-05 2.04106345336186e-05 2.02752362383762e-05 2.01398397621233e-05 2.00044432858704e-05
