data/working_set_collections/6091692-Cassins_Sparrow-M2/2015/prmc_avg.asc
NCOLS 265 
NROWS 230 
XLLCORNER -115.5625 
YLLCORNER 24.8333333333333 
CELLSIZE 0.0833333333333333 
NODATA_value -9999 
[rows 60 to 79 of 230, columns 132 to 175 of 265]
0.174968913197517 0.174956813454628 0.174916625022888 0.174792125821114 0.174667626619339 0.174543127417564 0.17441862821579 0.174294129014015 0.174169629812241 0.174045130610466 0.173796251416206 0.173505902290344 0.173215553164482 0.17292520403862 0.172634854912758 0.172344505786896 0.172054156661034 0.171299830079079 0.169153615832329 0.167007401585579 0.164861172437668 0.162714958190918 0.160568743944168 0.158422514796257 0.156276300549507 0.157739400863647 0.160405620932579 0.163071826100349 0.165738046169281 0.168404251337051 0.171070456504822 0.173736676573753 0.175885081291199 0.176480084657669 0.177075088024139 0.17767009139061 0.17826509475708 0.17886009812355 0.179455101490021 0.180050104856491 0.180738687515259 0.181458473205566 0.182178258895874 0.182898044586182
0.174646079540253 0.174629524350166 0.174573436379433 0.174398705363274 0.174223974347115 0.174049243330956 0.173874527215958 0.173699796199799 0.17352506518364 0.17335033416748 0.173120051622391 0.172871261835098 0.172622457146645 0.172373667359352 0.172124862670898 0.171876057982445 0.171627268195152 0.170896008610725 0.168717369437218 0.166538745164871 0.164360105991364 0.162181481719017 0.160002842545509 0.157824203372002 0.155645579099655 0.157186284661293 0.159966766834259 0.162747263908386 0.165527760982513 0.168308243155479 0.171088740229607 0.173869222402573 0.17609179019928 0.176640585064888 0.177189365029335 0.177738159894943 0.178286954760551 0.178835734724998 0.179384529590607 0.179933324456215 0.180656373500824 0.181437522172928 0.182218655943871 0.182999804615974
0.174323260784149 0.174302235245705 0.174230247735977 0.174005284905434 0.17378032207489 0.173555374145508 0.173330411314964 0.173105463385582 0.172880500555038 0.172655537724495 0.172443866729736 0.172236621379852 0.172029376029968 0.171822130680084 0.1716148853302 0.171407625079155 0.171200379729271 0.170492187142372 0.168281137943268 0.166070088744164 0.163859039545059 0.161647990345955 0.159436941146851 0.157225891947746 0.155014842748642 0.156633168458939 0.1595279276371 0.162422701716423 0.165317475795746 0.168212234973907 0.17110700905323 0.174001783132553 0.176298499107361 0.176801070570946 0.177303656935692 0.177806228399277 0.178308799862862 0.178811386227608 0.179313957691193 0.179816529154778 0.180574059486389 0.181416556239128 0.182259067893028 0.183101564645767
0.174000427126884 0.173974946141243 0.17388704419136 0.173611864447594 0.173336684703827 0.173061490058899 0.172786310315132 0.172511115670204 0.172235935926437 0.171960756182671 0.171767681837082 0.171601980924606 0.171436294913292 0.171270594000816 0.171104893088341 0.170939192175865 0.170773506164551 0.170088365674019 0.167844906449318 0.165601432323456 0.163357973098755 0.161114513874054 0.158871039748192 0.156627580523491 0.15438412129879 0.156080037355423 0.159089088439941 0.16209813952446 0.165107190608978 0.168116241693497 0.171125277876854 0.174134328961372 0.176505208015442 0.176961570978165 0.177417933940887 0.17787429690361 0.178330659866333 0.178787022829056 0.179243385791779 0.179699748754501 0.180491745471954 0.18139560520649 0.182299464941025 0.18320332467556
0.17367759346962 0.173647657036781 0.173543855547905 0.173218443989754 0.172893032431602 0.172567620873451 0.172242194414139 0.171916782855988 0.171591371297836 0.171265959739685 0.171091496944427 0.17096734046936 0.170843198895454 0.170719057321548 0.170594915747643 0.170470759272575 0.170346617698669 0.169684544205666 0.167408660054207 0.165132775902748 0.162856906652451 0.160581022500992 0.158305153250694 0.156029269099236 0.153753399848938 0.155526921153069 0.158650249242783 0.161773577332497 0.164896905422211 0.168020233511925 0.171143561601639 0.174266889691353 0.176711916923523 0.177122071385384 0.177532210946083 0.177942365407944 0.178352519869804 0.178762659430504 0.179172813892365 0.179582968354225 0.180409416556358 0.18137463927269 0.182339861989021 0.183305084705353
0.173354759812355 0.17332036793232 0.173200666904449 0.172825023531914 0.172449380159378 0.172073736786842 0.171698093414307 0.171322450041771 0.170946806669235 0.1705711632967 0.170415312051773 0.170332714915276 0.170250117778778 0.170167520642281 0.170084923505783 0.170002326369286 0.169919729232788 0.169280707836151 0.166972428560257 0.164664134383202 0.162355840206146 0.160047546029091 0.157739251852036 0.15543095767498 0.153122663497925 0.154973804950714 0.158211410045624 0.161449015140533 0.164686620235443 0.167924225330353 0.171161830425262 0.174399435520172 0.176918625831604 0.177282556891441 0.17764650285244 0.178010433912277 0.178374364972115 0.178738310933113 0.17910224199295 0.179466173052788 0.180327102541924 0.181353688240051 0.182380273938179 0.183406844735146
0.174080148339272 0.174157708883286 0.174153432250023 0.173903629183769 0.173653826117516 0.173404023051262 0.173154219985008 0.172904416918755 0.172654613852501 0.172404810786247 0.172143787145615 0.171879023313522 0.171614274382591 0.171349510550499 0.171084746718407 0.170819997787476 0.170555233955383 0.16980829834938 0.167614802718163 0.165421307086945 0.163227826356888 0.16103433072567 0.158840835094452 0.156647339463234 0.154453858733177 0.155897498130798 0.158553510904312 0.161209538578987 0.163865551352501 0.166521564126015 0.16917759180069 0.171833604574203 0.17389452457428 0.174170136451721 0.174445748329163 0.174721345305443 0.174996957182884 0.175272569060326 0.175548180937767 0.175823777914047 0.176715508103371 0.177812606096268 0.178909704089165 0.180006802082062
0.175853744149208 0.176159679889679 0.176402166485786 0.17645426094532 0.176506370306015 0.176558464765549 0.176610574126244 0.176662668585777 0.176714777946472 0.176766887307167 0.176276937127113 0.175606295466423 0.174935668706894 0.174265027046204 0.173594400286674 0.172923758625984 0.172253131866455 0.171267285943031 0.169335812330246 0.167404323816299 0.165472850203514 0.163541376590729 0.161609902977943 0.159678429365158 0.157746940851212 0.158298000693321 0.159676566720009 0.161055132746696 0.162433698773384 0.163812264800072 0.165190830826759 0.166569396853447 0.16763961315155 0.167784780263901 0.167929947376251 0.168075114488602 0.168220281600952 0.168365448713303 0.168510615825653 0.168655782938004 0.169574648141861 0.1707514077425 0.17192816734314 0.173104926943779
0.177627339959145 0.178161650896072 0.178650885820389 0.179004892706871 0.179358914494514 0.179712921380997 0.180066928267479 0.180420935153961 0.180774942040443 0.181128963828087 0.180410072207451 0.179333567619324 0.178257063031197 0.177180543541908 0.176104038953781 0.175027519464493 0.173951014876366 0.172726273536682 0.171056807041168 0.169387340545654 0.167717888951302 0.166048422455788 0.164378955960274 0.162709504365921 0.161040037870407 0.160698503255844 0.160799622535706 0.160900741815567 0.161001846194267 0.161102965474129 0.161204069852829 0.16130518913269 0.161384701728821 0.16139942407608 0.16141414642334 0.161428883671761 0.16144360601902 0.16145832836628 0.161473050713539 0.161487773060799 0.16243377327919 0.163690209388733 0.164946630597115 0.166203066706657
0.179400935769081 0.180163621902466 0.180899620056152 0.181555524468422 0.182211443781853 0.182867363095284 0.183523282408714 0.184179201722145 0.184835121035576 0.185491040349007 0.18454322218895 0.183060839772224 0.181578457355499 0.180096060037613 0.178613677620888 0.177131295204163 0.175648897886276 0.174185246229172 0.17277780175209 0.171370357275009 0.169962912797928 0.168555468320847 0.167148023843765 0.165740579366684 0.164333134889603 0.163099020719528 0.161922678351402 0.160746335983276 0.15956999361515 0.158393651247025 0.15721732378006 0.156040981411934 0.155129790306091 0.155014082789421 0.15489836037159 0.154782637953758 0.154666915535927 0.154551208019257 0.154435485601425 0.154319763183594 0.15529291331768 0.156628996133804 0.157965093851089 0.159301191568375
0.181174531579018 0.182165592908859 0.183148339390755 0.184106171131134 0.185063987970352 0.186021819710732 0.18697963654995 0.187937468290329 0.188895285129547 0.189853116869926 0.188676372170448 0.186788111925125 0.184899851679802 0.183011576533318 0.181123316287994 0.179235056042671 0.177346795797348 0.175644233822823 0.174498811364174 0.173353374004364 0.172207951545715 0.171062514185905 0.169917091727257 0.168771654367447 0.167626231908798 0.165499523282051 0.163045734167099 0.160591945052147 0.158138141036034 0.155684351921082 0.153230562806129 0.150776773691177 0.148874878883362 0.148628726601601 0.148382559418678 0.148136407136917 0.147890239953995 0.147644087672234 0.147397920489311 0.14715176820755 0.148152038455009 0.149567797780037 0.150983557105064 0.152399316430092
0.182948127388954 0.184167563915253 0.185397073626518 0.186656802892685 0.187916532158852 0.189176261425018 0.190435990691185 0.191695719957352 0.192955449223518 0.194215193390846 0.192809522151947 0.190515384078026 0.188221246004105 0.185927093029022 0.183632954955101 0.18133881688118 0.179044678807259 0.177103221416473 0.176219806075096 0.175336390733719 0.174452975392342 0.173569560050964 0.172686144709587 0.17180272936821 0.170919314026833 0.167900025844574 0.164168789982796 0.160437539219856 0.156706288456917 0.152975052595139 0.149243801832199 0.14551255106926 0.142619967460632 0.14224337041378 0.141866773366928 0.141490161418915 0.141113564372063 0.140736967325211 0.140360355377197 0.139983758330345 0.1410111784935 0.14250659942627 0.144002020359039 0.14549745619297
0.184848636388779 0.186308965086937 0.187776878476143 0.189267560839653 0.190758228302002 0.192248910665512 0.193739578127861 0.195230260491371 0.19672092795372 0.19821161031723 0.196589320898056 0.193929374217987 0.191269442439079 0.18860949575901 0.185949563980103 0.183289617300034 0.180629670619965 0.178439304232597 0.177657648921013 0.17687600851059 0.176094353199005 0.175312697887421 0.174531042575836 0.173749387264252 0.172967731952667 0.169619292020798 0.1654152572155 0.161211222410202 0.157007172703743 0.152803137898445 0.148599103093147 0.144395068287849 0.141161546111107 0.14083956182003 0.140517592430115 0.140195623040199 0.139873653650284 0.139551669359207 0.139229699969292 0.138907730579376 0.139958158135414 0.141466051340103 0.142973929643631 0.14448182284832
0.186876058578491 0.188589811325073 0.190287783741951 0.191938444972038 0.193589091300964 0.195239752531052 0.196890398859978 0.198541060090065 0.200191706418991 0.201842367649078 0.200015783309937 0.197030112147331 0.194044440984726 0.191058784723282 0.188073113560677 0.185087442398071 0.182101771235466 0.179652482271194 0.178812339901924 0.177972197532654 0.177132055163383 0.176291912794113 0.175451770424843 0.174611628055573 0.173771485686302 0.170657321810722 0.166785150766373 0.162912964820862 0.159040793776512 0.155168622732162 0.151296451687813 0.147424280643463 0.144499585032463 0.144417315721512 0.144335031509399 0.144252762198448 0.144170492887497 0.144088223576546 0.144005954265594 0.143923684954643 0.144992977380753 0.146446123719215 0.147899284958839 0.149352431297302
0.188903480768204 0.19087065756321 0.192798689007759 0.194609329104424 0.196419954299927 0.198230594396591 0.200041219592094 0.201851859688759 0.203662484884262 0.205473124980927 0.203442245721817 0.200130850076675 0.196819454431534 0.193508058786392 0.190196663141251 0.186885267496109 0.183573871850967 0.180865675210953 0.179967030882835 0.179068401455879 0.178169772028923 0.177271127700806 0.17637249827385 0.175473853945732 0.174575224518776 0.171695336699486 0.168155029416084 0.164614722132683 0.161074414849281 0.15753410756588 0.153993800282478 0.150453492999077 0.147837623953819 0.147995054721832 0.148152485489845 0.148309916257858 0.14846733212471 0.148624762892723 0.148782193660736 0.148939624428749 0.150027796626091 0.151426210999489 0.152824625372887 0.154223054647446
0.190930902957916 0.193151488900185 0.195309594273567 0.197280198335648 0.199250817298889 0.201221436262131 0.203192040324211 0.205162659287453 0.207133278250694 0.209103882312775 0.206868693232536 0.203231573104858 0.19959445297718 0.195957332849503 0.192320212721825 0.188683092594147 0.185045972466469 0.18207885324955 0.181121721863747 0.180164605379105 0.179207473993301 0.178250342607498 0.177293226122856 0.176336094737053 0.17537896335125 0.172733351588249 0.169524922966957 0.166316479444504 0.16310803592205 0.159899592399597 0.156691148877144 0.153482705354691 0.151175662875175 0.151572793722153 0.15196992456913 0.152367055416107 0.152764186263084 0.153161317110062 0.153558447957039 0.153955578804016 0.155062615871429 0.156406298279762 0.157749980688095 0.159093663096428
0.192958310246468 0.195432335138321 0.197820499539375 0.199951082468033 0.202081680297852 0.20421227812767 0.206342861056328 0.208473458886147 0.210604056715965 0.212734639644623 0.210295155644417 0.206332311034203 0.202369466423988 0.198406621813774 0.194443762302399 0.190480917692184 0.18651807308197 0.183292031288147 0.182276412844658 0.181260794401169 0.18024517595768 0.179229557514191 0.178213953971863 0.177198335528374 0.176182717084885 0.173771381378174 0.170894801616669 0.168018221855164 0.16514165699482 0.162265077233315 0.159388497471809 0.156511932611465 0.154513701796532 0.155150532722473 0.155787363648415 0.156424194574356 0.157061025500298 0.157697856426239 0.15833468735218 0.158971518278122 0.160097435116768 0.161386385560036 0.162675336003304 0.16396427154541
0.19498573243618 0.197713166475296 0.200331404805183 0.202621966600418 0.204912543296814 0.20720311999321 0.209493681788445 0.21178425848484 0.214074835181236 0.216365396976471 0.213721618056297 0.209433048963547 0.205144464969635 0.200855895876884 0.196567311882973 0.192278742790222 0.187990173697472 0.184505209326744 0.183431103825569 0.182356998324394 0.181282892823219 0.180208787322044 0.179134666919708 0.178060561418533 0.176986455917358 0.174809396266937 0.172264695167542 0.169719979166985 0.167175278067589 0.164630562067032 0.162085860967636 0.159541144967079 0.157851740717888 0.158728286623955 0.15960481762886 0.160481348633766 0.161357879638672 0.162234410643578 0.163110941648483 0.163987472653389 0.165132269263268 0.166366472840309 0.167600676417351 0.168834879994392
0.195109516382217 0.197725564241409 0.20030389726162 0.202769085764885 0.205234289169312 0.207699477672577 0.210164666175842 0.212629854679108 0.215095043182373 0.2175602465868 0.215144231915474 0.211101159453392 0.207058101892471 0.203015029430389 0.198971956968307 0.194928884506226 0.190885812044144 0.187501132488251 0.186091586947441 0.184682041406631 0.183272510766983 0.181862965226173 0.180453434586525 0.179043889045715 0.177634343504906 0.175661340355873 0.173500522971153 0.171339705586433 0.169178873300552 0.167018055915833 0.164857238531113 0.162696406245232 0.161298379302025 0.162188693881035 0.163079023361206 0.163969337940216 0.164859667420387 0.165749981999397 0.166640311479568 0.167530626058578 0.168634429574013 0.169809386134148 0.170984342694283 0.172159314155579
0.193329647183418 0.195469498634338 0.197737991809845 0.200392454862595 0.203046903014183 0.205701351165771 0.20835579931736 0.211010247468948 0.213664710521698 0.216319158673286 0.214563012123108 0.211336687207222 0.208110347390175 0.204884007573128 0.201657682657242 0.198431342840195 0.195205003023148 0.192279770970345 0.190257862210274 0.188235953450203 0.186214044690132 0.1841921210289 0.182170212268829 0.180148303508759 0.178126394748688 0.176327228546143 0.174602314829826 0.172877386212349 0.171152472496033 0.169427558779716 0.1677026450634 0.165977731347084 0.16485358774662 0.165531784296036 0.166209995746613 0.166888192296028 0.167566388845444 0.16824460029602 0.168922796845436 0.169600993394852 0.170603945851326 0.171715140342712 0.172826334834099 0.173937544226646
