data/working_set_collections/6091692-Cassins_Sparrow-M2/2015/prmc_avg.asc
NCOLS 265 
NROWS 230 
XLLCORNER -115.5625 
YLLCORNER 24.8333333333333 
CELLSIZE 0.0833333333333333 
NODATA_value -9999 
[rows 180 to 199 of 230, columns 44 to 87 of 265]
0.211752310395241 0.206477344036102 0.201202392578125 0.195927441120148 0.19065248966217 0.185377538204193 0.180102586746216 0.174827620387077 0.173829138278961 0.174256160855293 0.174683168530464 0.175110176205635 0.175537183880806 0.175964191555977 0.176391214132309 0.176482990384102 0.175569131970406 0.174655258655548 0.173741385340691 0.172827512025833 0.171913638710976 0.170999780297279 0.170085906982422 0.169791907072067 0.169704541563988 0.169617176055908 0.169529810547829 0.169442445039749 0.16935507953167 0.16926771402359 0.169505909085274 0.170720756053925 0.171935588121414 0.173150435090065 0.174365282058716 0.175580114126205 0.176794961094856 0.178009808063507 0.179398655891418 0.180845513939857 0.182292357087135 0.183739215135574 0.185186058282852 0.186632916331291
0.213062524795532 0.207399651408195 0.201736778020859 0.196073904633522 0.190411031246185 0.18474817276001 0.179085299372673 0.173422425985336 0.173075303435326 0.174500092864037 0.175924897193909 0.17734968662262 0.178774476051331 0.180199280381203 0.181624069809914 0.182253748178482 0.180498078465462 0.178742408752441 0.176986739039421 0.175231084227562 0.173475414514542 0.171719744801521 0.169964075088501 0.169546872377396 0.169575825333595 0.169604763388634 0.169633716344833 0.169662669301033 0.169691622257233 0.169720560312271 0.170156538486481 0.171813607215881 0.173470675945282 0.175127744674683 0.176784813404083 0.178441882133484 0.180098950862885 0.181756019592285 0.183182209730148 0.184531450271606 0.185880675911903 0.187229916453362 0.188579142093658 0.189928382635117
0.214372739195824 0.208321943879128 0.202271163463593 0.196220368146896 0.190169587731361 0.184118807315826 0.17806801199913 0.172017231583595 0.17232146859169 0.174744039773941 0.177166625857353 0.179589197039604 0.182011768221855 0.184434354305267 0.186856925487518 0.188024491071701 0.185427024960518 0.182829573750496 0.180232107639313 0.17763464152813 0.175037175416946 0.172439709305763 0.169842258095741 0.169301837682724 0.169447094202042 0.169592350721359 0.169737622141838 0.169882878661156 0.170028150081635 0.170173406600952 0.170807182788849 0.172906473278999 0.17500576376915 0.1771050542593 0.179204344749451 0.181303650140762 0.183402940630913 0.185502231121063 0.186965763568878 0.188217386603355 0.189468994736671 0.190720617771149 0.191972225904465 0.193223848938942
0.215682953596115 0.209244251251221 0.202805548906326 0.196366846561432 0.189928144216537 0.183489441871643 0.177050739526749 0.170612037181854 0.171567633748055 0.174987986683846 0.178408354520798 0.181828707456589 0.18524906039238 0.188669428229332 0.192089781165123 0.19379523396492 0.190355986356735 0.186916723847389 0.183477461338043 0.180038198828697 0.176598936319351 0.173159688711166 0.16972042620182 0.169056788086891 0.169318363070488 0.169579952955246 0.169841527938843 0.17010310292244 0.170364677906036 0.170626252889633 0.171457812190056 0.173999339342117 0.176540851593018 0.179082363843918 0.181623890995979 0.18416540324688 0.186706930398941 0.189248442649841 0.190749317407608 0.191903322935104 0.193057328462601 0.194211319088936 0.195365324616432 0.196519315242767
-9999 0.210166543722153 0.203339919447899 0.196513310074806 0.189686685800552 0.18286007642746 0.176033452153206 0.169206842780113 0.170813784003258 0.17523193359375 0.179650068283081 0.184068217873573 0.188486367464066 0.192904502153397 0.197322651743889 0.1995659917593 0.195284932851791 0.191003873944283 0.186722815036774 0.182441771030426 0.178160712122917 0.173879653215408 0.169598594307899 0.16881175339222 0.169189646840096 0.169567540287971 0.169945418834686 0.170323312282562 0.170701205730438 0.171079099178314 0.172108456492424 0.175092190504074 0.178075939416885 0.181059688329697 0.184043422341347 0.187027171254158 0.190010905265808 0.192994654178619 0.194532871246338 0.195589259266853 0.196645647287369 0.197702020406723 0.198758408427238 0.199814781546593
-9999 -9999 0.203874304890633 0.196659773588181 0.189445242285728 0.182230710983276 0.175016179680824 0.167801633477211 0.170059949159622 0.175475880503654 0.180891796946526 0.186307728290558 0.19172365963459 0.197139576077461 0.202555507421494 0.205336734652519 0.200213879346848 0.195091038942337 0.189968183636665 0.184845328330994 0.179722473025322 0.17459961771965 0.16947677731514 0.168566703796387 0.169060915708542 0.169555127620697 0.170049324631691 0.170543536543846 0.17103773355484 0.171531945466995 0.172759085893631 0.176185056567192 0.179611027240753 0.183036997914314 0.186462968587875 0.189888924360275 0.193314895033836 0.196740865707397 0.198316439986229 0.199275195598602 0.200233966112137 0.20119272172451 0.202151492238045 0.203110262751579
-9999 -9999 -9999 0.197223007678986 0.190559208393097 0.183895409107208 0.17723160982132 0.170567810535431 0.173026859760284 0.178526848554611 0.184026852250099 0.189526841044426 0.195026844739914 0.200526848435402 0.206026837229729 0.208830028772354 0.20354275405407 0.198255479335785 0.1929682046175 0.187680944800377 0.182393670082092 0.177106395363808 0.171819120645523 0.170706480741501 0.170985355973244 0.171264246106148 0.171543136239052 0.171822026371956 0.17210091650486 0.172379806637764 0.173563227057457 0.177460268139839 0.181357309222221 0.185254350304604 0.189151391386986 0.193048447370529 0.196945488452911 0.200842529535294 0.202359035611153 0.203082039952278 0.203805029392242 0.204528033733368 0.205251023173332 0.205974027514458
-9999 -9999 -9999 -9999 -9999 0.187854185700417 0.182679757475853 0.177505329251289 0.179714500904083 0.184384852647781 0.189055219292641 0.193725571036339 0.198395937681198 0.203066289424896 0.207736656069756 0.210045844316483 0.205271527171135 0.200497224926949 0.195722907781601 0.190948605537415 0.186174288392067 0.181399971246719 0.176625669002533 0.175231039524078 0.174962982535362 0.174694925546646 0.174426853656769 0.174158796668053 0.173890739679337 0.173622667789459 0.174520865082741 0.178917840123177 0.183314800262451 0.187711760401726 0.192108735442162 0.196505695581436 0.200902670621872 0.205299630761147 0.206660687923431 0.207009762525558 0.207358852028847 0.207707926630974 0.208057016134262 0.20840610563755
-9999 -9999 -9999 -9999 -9999 -9999 0.188127905130386 0.184442862868309 0.186402142047882 0.190242871642113 0.194083586335182 0.197924301028252 0.201765030622482 0.205605745315552 0.209446460008621 0.211261674761772 0.207000315189362 0.202738970518112 0.198477610945702 0.194216266274452 0.189954906702042 0.185693547129631 0.181432202458382 0.179755613207817 0.17894059419632 0.178125590085983 0.177310571074486 0.176495566964149 0.175680562853813 0.174865543842316 0.175478518009186 0.180375397205353 0.185272291302681 0.190169185400009 0.195066064596176 0.199962958693504 0.204859837889671 0.209756731987 0.210962325334549 0.2109375 0.21091265976429 0.210887834429741 0.210862994194031 0.210838168859482
-9999 -9999 -9999 -9999 -9999 -9999 -9999 0.191380396485329 0.193089783191681 0.196100875735283 0.199111953377724 0.202123031020164 0.205134108662605 0.208145201206207 0.211156278848648 0.212477490305901 0.208729103207588 0.204980701208115 0.201232314109802 0.19748392701149 0.193735525012016 0.189987137913704 0.18623873591423 0.184280171990395 0.182918220758438 0.18155625462532 0.180194303393364 0.178832337260246 0.17747038602829 0.176108419895172 0.17643615603447 0.18183296918869 0.187229782342911 0.192626595497131 0.198023408651352 0.203420206904411 0.208817020058632 0.214213833212852 0.215263977646828 0.214865237474442 0.214466482400894 0.214067742228508 0.213668987154961 0.213270232081413
-9999 -9999 -9999 -9999 -9999 -9999 -9999 -9999 0.199777439236641 0.201958879828453 0.204140320420265 0.206321761012077 0.208503201603889 0.210684642195702 0.212866097688675 0.21369332075119 0.210457876324654 0.207222446799278 0.203987017273903 0.200751572847366 0.197516143321991 0.194280713796616 0.19104528427124 0.188804745674133 0.186895832419395 0.184986919164658 0.183078020811081 0.181169107556343 0.179260209202766 0.177351295948029 0.177393794059753 0.183290526270866 0.189187273383141 0.195084005594254 0.200980737805367 0.20687747001648 0.212774202227592 0.218670934438705 0.219565629959106 0.218792960047722 0.218020305037498 0.217247635126114 0.21647498011589 0.215702310204506
-9999 -9999 -9999 -9999 -9999 -9999 -9999 -9999 -9999 0.207816883921623 0.209168687462807 0.21052049100399 0.211872294545174 0.213224098086357 0.214575901627541 0.214909136295319 0.21218666434288 0.209464192390442 0.206741720438004 0.204019233584404 0.201296761631966 0.198574289679527 0.195851817727089 0.193329304456711 0.190873444080353 0.188417598605156 0.185961738228798 0.18350587785244 0.181050017476082 0.178594172000885 0.178351446986198 0.184748098254204 0.191144749522209 0.197541415691376 0.203938066959381 0.210334733128548 0.216731384396553 0.22312805056572 0.223867282271385 0.222720697522163 0.221574112772942 0.220427542924881 0.219280958175659 0.218134373426437
-9999 -9999 -9999 -9999 -9999 -9999 -9999 -9999 -9999 -9999 0.211965754628181 0.212832435965538 0.213699132204056 0.214565813541412 0.215432494878769 0.21548056602478 0.213072746992111 0.210664927959442 0.208257108926773 0.205849289894104 0.203441485762596 0.201033666729927 0.198625847697258 0.196012184023857 0.19332991540432 0.190647631883621 0.187965348362923 0.185283079743385 0.182600796222687 0.179918512701988 0.179532393813133 0.186034694314003 0.192537009716034 0.199039310216904 0.205541625618935 0.212043926119804 0.218546241521835 0.225048542022705 0.225786879658699 0.224603891372681 0.223420917987823 0.222237929701805 0.221054941415787 0.219871953129768
-9999 -9999 -9999 -9999 -9999 -9999 -9999 -9999 -9999 -9999 -9999 -9999 -9999 -9999 -9999 0.215407580137253 0.213116124272346 0.21082466840744 0.208533212542534 0.206241756677628 0.203950300812721 0.201658844947815 0.199367389082909 0.196853384375572 0.194265216588974 0.191677033901215 0.189088866114616 0.186500698328018 0.183912515640259 0.181324347853661 0.180936634540558 0.187150329351425 0.193364009261131 0.199577689170837 0.205791383981705 0.212005063891411 0.218218743801117 0.224432438611984 0.22532445192337 0.224442571401596 0.223560690879822 0.222678810358047 0.221796929836273 0.220915049314499
-9999 -9999 -9999 -9999 -9999 -9999 -9999 -9999 -9999 -9999 -9999 -9999 -9999 -9999 -9999 0.215334594249725 0.213159501552582 0.210984393954277 0.208809301257133 0.20663420855999 0.204459100961685 0.202284008264542 0.200108915567398 0.197694584727287 0.195200517773628 0.192706450819969 0.19021238386631 0.187718316912651 0.185224249958992 0.182730183005333 0.182340890169144 0.188265949487686 0.194191008806229 0.200116083025932 0.206041142344475 0.211966201663017 0.21789126098156 0.223816320300102 0.22486200928688 0.22428123652935 0.22370046377182 0.223119676113129 0.222538903355598 0.221958130598068
-9999 -9999 -9999 -9999 -9999 -9999 -9999 -9999 -9999 -9999 -9999 -9999 -9999 -9999 -9999 0.215261608362198 0.213202878832817 0.211144134402275 0.209085389971733 0.207026660442352 0.20496791601181 0.20290918648243 0.200850442051888 0.198535785079002 0.196135818958282 0.193735852837563 0.191335901618004 0.188935935497284 0.186535969376564 0.184136003255844 0.18374514579773 0.189381584525108 0.195018023252487 0.200654461979866 0.206290900707245 0.211927339434624 0.217563778162003 0.223200216889381 0.224399566650391 0.224119901657104 0.223840236663818 0.223560556769371 0.223280891776085 0.223001211881638
-9999 -9999 -9999 -9999 -9999 -9999 -9999 -9999 -9999 -9999 -9999 -9999 -9999 -9999 -9999 0.21518862247467 0.213246241211891 0.211303874850273 0.209361493587494 0.207419112324715 0.205476731061935 0.203534349799156 0.201591968536377 0.199376985430717 0.197071135044098 0.194765269756317 0.192459404468536 0.190153554081917 0.187847688794136 0.185541838407516 0.185149386525154 0.190497204661369 0.195845022797585 0.2011928409338 0.206540659070015 0.21188847720623 0.217236295342445 0.222584113478661 0.223937138915062 0.223958566784859 0.223980009555817 0.224001437425613 0.22402286529541 0.224044308066368
-9999 -9999 -9999 -9999 -9999 -9999 -9999 -9999 -9999 -9999 -9999 -9999 -9999 -9999 -9999 0.215115636587143 0.213289618492126 0.21146360039711 0.209637582302094 0.207811564207077 0.205985546112061 0.204159528017044 0.202333509922028 0.200218185782433 0.198006436228752 0.195794671773911 0.19358292222023 0.19137117266655 0.189159423112869 0.186947658658028 0.18655364215374 0.191612839698792 0.196672037243843 0.201731219887733 0.206790417432785 0.211849614977837 0.216908797621727 0.221967995166779 0.223474696278572 0.223797231912613 0.224119767546654 0.224442318081856 0.224764853715897 0.225087389349937
-9999 -9999 -9999 -9999 -9999 -9999 -9999 -9999 -9999 -9999 -9999 -9999 -9999 -9999 -9999 -9999 0.213678821921349 0.212115973234177 0.210553109645844 0.20899024605751 0.207427397370338 0.205864533782005 0.204301685094833 0.202456340193748 0.20051683485508 0.198577344417572 0.196637839078903 0.194698348641396 0.192758843302727 0.190819352865219 0.190458700060844 0.194834589958191 0.199210479855537 0.203586369752884 0.207962274551392 0.212338164448738 0.216714054346085 0.221089944243431 0.22259533405304 0.22314390540123 0.223692461848259 0.224241018295288 0.224789589643478 0.225338146090508
-9999 -9999 -9999 -9999 -9999 -9999 -9999 -9999 -9999 -9999 -9999 -9999 -9999 -9999 -9999 -9999 -9999 0.213260963559151 0.212108060717583 0.210955172777176 0.209802284836769 0.208649381995201 0.207496494054794 0.206091448664665 0.204602360725403 0.20311327278614 0.201624169945717 0.200135082006454 0.198645994067192 0.197156891226768 0.196864560246468 0.200162470340729 0.20346038043499 0.206758290529251 0.210056200623512 0.213354125618935 0.216652035713196 0.219949945807457 0.221299052238464 0.221998557448387 0.22269806265831 0.223397567868233 0.224097073078156 0.224796578288078
