data/working_set_collections/6091692-Cassins_Sparrow-M2/2015/prmc_avg.asc
NCOLS 265 
NROWS 230 
XLLCORNER -115.5625 
YLLCORNER 24.8333333333333 
CELLSIZE 0.0833333333333333 
NODATA_value -9999 
[rows 80 to 99 of 230, columns 220 to 263 of 265]
0.224988490343094 0.224959373474121 0.224930256605148 0.224901154637337 0.225490227341652 0.227933898568153 0.230377569794655 0.232821226119995 0.235264897346497 0.237708568572998 0.240152224898338 0.24259589612484 0.248212978243828 0.254887849092484 0.2615627348423 0.268237620592117 0.274912476539612 0.281587362289429 0.288262248039246 0.293517202138901 0.294512391090393 0.295507550239563 0.296502739191055 0.297497928142548 0.298493087291718 0.29948827624321 0.300483465194702 0.302361190319061 0.304533123970032 0.306705057621002 0.308876991271973 0.311048924922943 0.313220858573914 0.315392792224884 0.317867577075958 0.321250975131989 0.324634343385696 0.328017741441727 0.331401139497757 0.334784507751465 0.338167905807495 0.341551303863525 0.340305894613266 0.337517559528351
0.222591295838356 0.222705602645874 0.222819894552231 0.222934201359749 0.223657369613647 0.226207166910172 0.228756964206696 0.23130676150322 0.233856558799744 0.236406356096268 0.238956153392792 0.241505950689316 0.247206002473831 0.253956168889999 0.260706305503845 0.267456471920013 0.274206638336182 0.280956774950027 0.287706941366196 0.293098628520966 0.29441487789154 0.295731127262115 0.29704737663269 0.298363626003265 0.29967987537384 0.300996154546738 0.302312403917313 0.304277718067169 0.306459426879883 0.308641135692596 0.310822814702988 0.313004523515701 0.315186202526093 0.317367911338806 0.319792330265045 0.32294499874115 0.326097667217255 0.329250335693359 0.332403004169464 0.335555642843246 0.338708311319351 0.341860979795456 0.340479493141174 0.337586611509323
0.220194101333618 0.220451816916466 0.220709532499313 0.220967248082161 0.221824511885643 0.22448043525219 0.227136373519897 0.229792296886444 0.232448220252991 0.235104143619537 0.237760066986084 0.240415990352631 0.246199041604996 0.253024488687515 0.259849905967712 0.26667532324791 0.273500770330429 0.280326187610626 0.287151634693146 0.292680025100708 0.294317364692688 0.295954704284668 0.297592014074326 0.299229353666306 0.300866693258286 0.302504003047943 0.304141342639923 0.3061942756176 0.308385729789734 0.310577183961868 0.312768638134003 0.31496012210846 0.317151576280594 0.319343030452728 0.321717113256454 0.324639052152634 0.327560991048813 0.330482929944992 0.333404868841171 0.336326777935028 0.339248716831207 0.342170655727386 0.34065306186676 0.337655633687973
0.217796921730042 0.218198046088219 0.218599170446396 0.219000294804573 0.219991654157639 0.222753718495369 0.225515767931938 0.228277817368507 0.231039881706238 0.233801931142807 0.236563980579376 0.239326044917107 0.24519208073616 0.252092778682709 0.25899350643158 0.265894204378128 0.272794902324677 0.279695600271225 0.286596298217773 0.292261451482773 0.294219851493835 0.296178251504898 0.298136651515961 0.300095081329346 0.302053481340408 0.304011881351471 0.305970281362534 0.308110803365707 0.310312032699585 0.312513262033463 0.31471449136734 0.316915720701218 0.319116950035095 0.32131814956665 0.323641896247864 0.326333105564117 0.329024314880371 0.331715524196625 0.334406733512878 0.337097942829132 0.339789152145386 0.342480361461639 0.340826660394669 0.337724685668945
0.216145098209381 0.21666969358921 0.217194303870201 0.217718899250031 0.218905791640282 0.222079485654831 0.225253194570541 0.228426903486252 0.231600597500801 0.234774306416512 0.237948000431061 0.241121709346771 0.246873497962952 0.253484666347504 0.260095804929733 0.266706943511963 0.273318111896515 0.279929250478745 0.286540418863297 0.292071670293808 0.294363260269165 0.2966548204422 0.298946410417557 0.301237970590591 0.303529560565948 0.305821150541306 0.30811271071434 0.310324341058731 0.312509328126907 0.314694315195084 0.31687930226326 0.319064289331436 0.321249276399612 0.323434263467789 0.325640082359314 0.327908426523209 0.330176740884781 0.332445085048676 0.33471342921257 0.336981743574142 0.339250087738037 0.341518431901932 0.339732557535172 0.336595326662064
0.215238630771637 0.215866774320602 0.216494917869568 0.217123061418533 0.21856689453125 0.222457766532898 0.226348638534546 0.230239510536194 0.234130382537842 0.23802125453949 0.241912126541138 0.245802998542786 0.25124329328537 0.257200062274933 0.263156831264496 0.269113600254059 0.275070399045944 0.281027168035507 0.28698393702507 0.292110711336136 0.294747561216354 0.297384411096573 0.300021260976791 0.302658081054688 0.305294930934906 0.307931780815125 0.310568600893021 0.312834888696671 0.314977616071701 0.317120373249054 0.319263100624084 0.321405857801437 0.32354861497879 0.325691342353821 0.32771173119545 0.32936504483223 0.331018328666687 0.332671642303467 0.334324955940247 0.335978269577026 0.337631553411484 0.339284867048264 0.337370753288269 0.334267526865005
0.214332163333893 0.215063855051994 0.215795531868935 0.216527223587036 0.218227997422218 0.222836047410965 0.22744408249855 0.232052117586136 0.236660167574883 0.241268202662468 0.245876252651215 0.2504842877388 0.255613088607788 0.260915488004684 0.266217887401581 0.271520256996155 0.276822656393051 0.282125055789948 0.287427455186844 0.292149782180786 0.295131891965866 0.298113971948624 0.301096081733704 0.304078191518784 0.307060301303864 0.310042411088943 0.313024520874023 0.315345406532288 0.317445904016495 0.319546401500702 0.321646928787231 0.323747426271439 0.325847923755646 0.327948421239853 0.329783380031586 0.330821663141251 0.331859916448593 0.332898199558258 0.333936482667923 0.334974765777588 0.336013048887253 0.337051331996918 0.335008978843689 0.331939727067947
0.213425695896149 0.214260920882225 0.215096160769463 0.215931385755539 0.217889115214348 0.223214328289032 0.228539526462555 0.233864739537239 0.239189952611923 0.244515150785446 0.24984036386013 0.255165576934814 0.259982883930206 0.264630913734436 0.269278913736343 0.273926913738251 0.27857494354248 0.283222943544388 0.287870973348618 0.292188823223114 0.295516192913055 0.298843562602997 0.302170932292938 0.30549830198288 0.308825671672821 0.312153041362762 0.315480411052704 0.317855954170227 0.319914191961288 0.321972459554672 0.324030727148056 0.32608899474144 0.328147232532501 0.330205500125885 0.331854999065399 0.332278251647949 0.332701504230499 0.333124756813049 0.333548009395599 0.333971261978149 0.334394514560699 0.33481776714325 0.332647174596786 0.329611957073212
0.212519228458405 0.213458001613617 0.214396774768829 0.215335547924042 0.217550218105316 0.223592594265938 0.229634970426559 0.235677346587181 0.241719737648964 0.247762113809586 0.253804475069046 0.259846866130829 0.264352679252625 0.268346309661865 0.272339940071106 0.276333570480347 0.28032723069191 0.28432086110115 0.288314491510391 0.292227864265442 0.295900493860245 0.299573123455048 0.303245782852173 0.306918412446976 0.310591042041779 0.314263671636581 0.317936301231384 0.320366472005844 0.322382479906082 0.324398517608643 0.326414525508881 0.328430533409119 0.330446571111679 0.332462579011917 0.333926647901535 0.33373486995697 0.333543092012405 0.333351314067841 0.333159565925598 0.332967787981033 0.332776010036469 0.332584232091904 0.330285370349884 0.327284157276154
0.21161276102066 0.212655082345009 0.213697388768196 0.214739710092545 0.217211335897446 0.223970875144005 0.230730429291725 0.237489968538284 0.244249507784843 0.251009047031403 0.257768601179123 0.264528155326843 0.268722474575043 0.272061735391617 0.275400996208191 0.278740227222443 0.282079488039017 0.285418748855591 0.288758009672165 0.292266935110092 0.296284824609756 0.300302714109421 0.304320603609085 0.308338493108749 0.312356412410736 0.3163743019104 0.320392191410065 0.322876989841461 0.324850767850876 0.32682454586029 0.328798323869705 0.33077210187912 0.332745879888535 0.334719657897949 0.335998296737671 0.335191488265991 0.334384679794312 0.333577901124954 0.332771092653275 0.331964284181595 0.331157475709915 0.330350667238235 0.327923566102982 0.324956387281418
0.211691707372665 0.212770044803619 0.213848382234573 0.214926734566689 0.217525199055672 0.224684074521065 0.231842935085297 0.23900181055069 0.246160686016083 0.253319561481476 0.260478407144547 0.26763728260994 0.271617263555527 0.274537622928619 0.27745795249939 0.280378311872482 0.283298641443253 0.286219000816345 0.289139330387115 0.292373269796371 0.29654785990715 0.300722479820251 0.304897099733353 0.309071719646454 0.313246339559555 0.317420929670334 0.321595549583435 0.324119359254837 0.326092928647995 0.328066468238831 0.330040007829666 0.332013547420502 0.33398711681366 0.335960656404495 0.337096750736237 0.335720479488373 0.334344208240509 0.332967936992645 0.331591635942459 0.330215364694595 0.328839093446732 0.327462822198868 0.325050830841064 0.3222935795784
0.212756052613258 0.21380290389061 0.214849755167961 0.215896606445312 0.218491822481155 0.225732177495956 0.232972532510757 0.240212887525558 0.247453227639198 0.254693597555161 0.261933922767639 0.26917427778244 0.273037046194077 0.275773972272873 0.278510868549347 0.281247764825821 0.283984690904617 0.286721587181091 0.289458483457565 0.29254686832428 0.296689659357071 0.300832450389862 0.304975241422653 0.309118032455444 0.313260793685913 0.317403584718704 0.321546375751495 0.324093580245972 0.326108902692795 0.328124225139618 0.330139547586441 0.332154870033264 0.334170192480087 0.336185544729233 0.33722198009491 0.335321813821793 0.333421617746353 0.331521421670914 0.329621255397797 0.327721059322357 0.32582089304924 0.323920696973801 0.32166713476181 0.319295763969421
0.213820412755013 0.2148357629776 0.215851128101349 0.216866478323936 0.2194584608078 0.226780295372009 0.234102115035057 0.241423949599266 0.248745784163475 0.256067603826523 0.263389438390732 0.270711272954941 0.274456828832626 0.277010321617126 0.279563784599304 0.282117247581482 0.28467071056366 0.287224173545837 0.289777666330338 0.29272049665451 0.296831458806992 0.300942420959473 0.305053353309631 0.309164315462112 0.313275277614594 0.317386239767075 0.321497201919556 0.324067771434784 0.326124876737595 0.328181982040405 0.330239087343216 0.332296192646027 0.334353297948837 0.33641043305397 0.337347239255905 0.33492311835289 0.332499027252197 0.330074936151505 0.327650845050812 0.325226753950119 0.322802662849426 0.320378541946411 0.318283438682556 0.316297948360443
0.214884757995605 0.21586862206459 0.216852486133575 0.217836365103722 0.220425084233284 0.227828398346901 0.235231712460518 0.242635026574135 0.250038325786591 0.257441639900208 0.264844954013824 0.272248268127441 0.275876641273499 0.27824667096138 0.280616700649261 0.282986730337143 0.285356760025024 0.287726789712906 0.290096819400787 0.292894124984741 0.29697322845459 0.301052361726761 0.305131494998932 0.309210628271103 0.313289761543274 0.317368894815445 0.321448028087616 0.324041962623596 0.326140850782394 0.328239738941193 0.330338627099991 0.332437515258789 0.334536403417587 0.336635291576385 0.337472468614578 0.33452445268631 0.331576466560364 0.328628450632095 0.325680434703827 0.322732418775558 0.319784432649612 0.316836416721344 0.31489971280098 0.313300132751465
0.21594911813736 0.216901481151581 0.217853859066963 0.218806236982346 0.221391707658768 0.228876501321793 0.236361294984818 0.243846088647842 0.251330882310867 0.258815675973892 0.266300469636917 0.273785263299942 0.277296423912048 0.279482990503311 0.281669586896896 0.283856183290482 0.286042779684067 0.288229376077652 0.290415972471237 0.29306772351265 0.29711502790451 0.301162332296371 0.305209636688232 0.309256941080093 0.313304245471954 0.317351549863815 0.321398854255676 0.324016153812408 0.326156824827194 0.32829749584198 0.330438166856766 0.332578837871552 0.334719508886337 0.336860179901123 0.337597697973251 0.33412578701973 0.330653876066208 0.327181965112686 0.323710024356842 0.32023811340332 0.316766202449799 0.313294291496277 0.311516016721725 0.310302317142487
0.217013463377953 0.217934340238571 0.218855232000351 0.21977610886097 0.222358345985413 0.229924619197845 0.237490892410278 0.245057165622711 0.252623438835144 0.260189712047577 0.26775598526001 0.275322258472443 0.278716206550598 0.280719339847565 0.282722502946854 0.284725666046143 0.286728799343109 0.288731962442398 0.290735125541687 0.29324135184288 0.297256827354431 0.301272302865982 0.305287778377533 0.309303253889084 0.313318729400635 0.317334175109863 0.321349650621414 0.323990374803543 0.326172828674316 0.32835528254509 0.330537706613541 0.332720160484314 0.334902614355087 0.337085068225861 0.337722957134247 0.333727121353149 0.329731285572052 0.325735449790955 0.32173964381218 0.317743808031082 0.313747972249985 0.309752136468887 0.308132320642471 0.307304501533508
0.21924714744091 0.2205511033535 0.221855044364929 0.223159000277519 0.225961744785309 0.233260825276375 0.240559905767441 0.247859001159668 0.255158096551895 0.2624571621418 0.269756257534027 0.277055352926254 0.280259758234024 0.282099306583405 0.283938854932785 0.285778373479843 0.287617921829224 0.289457470178604 0.291297018527985 0.293601542711258 0.297301054000854 0.301000535488129 0.304700046777725 0.308399558067322 0.312099069356918 0.315798550844193 0.319498062133789 0.321989119052887 0.324077397584915 0.326165646314621 0.328253895044327 0.330342143774033 0.332430392503738 0.334518641233444 0.335096895694733 0.331145077943802 0.327193289995193 0.323241502046585 0.319289684295654 0.315337896347046 0.311386078596115 0.307434290647507 0.306057065725327 0.305538028478622
0.222650155425072 0.224751740694046 0.22685332596302 0.228954911231995 0.232201904058456 0.238885134458542 0.245568364858627 0.252251595258713 0.258934825658798 0.265618056058884 0.272301286458969 0.278984516859055 0.281927138566971 0.283622890710831 0.285318642854691 0.287014365196228 0.288710117340088 0.290405869483948 0.292101621627808 0.294148296117783 0.297247678041458 0.300347089767456 0.303446471691132 0.30654588341713 0.309645265340805 0.312744647264481 0.315844058990479 0.318012475967407 0.31987053155899 0.321728616952896 0.323586702346802 0.325444757938385 0.327302843332291 0.329160928726196 0.329719513654709 0.326379686594009 0.32303985953331 0.31970003247261 0.316360205411911 0.313020378351212 0.309680551290512 0.306340724229813 0.305290222167969 0.305002868175507
0.226053178310394 0.228952392935753 0.231851607561111 0.23475082218647 0.238442063331604 0.244509443640709 0.250576823949814 0.256644189357758 0.262711554765701 0.268778920173645 0.274846315383911 0.280913680791855 0.283594489097595 0.285146445035934 0.286698400974274 0.288250356912613 0.289802342653275 0.291354298591614 0.292906254529953 0.294695049524307 0.297194331884384 0.299693614244461 0.302192896604538 0.304692178964615 0.307191461324692 0.309690773487091 0.312190055847168 0.314035803079605 0.315663695335388 0.317291587591171 0.318919479846954 0.32054740190506 0.322175294160843 0.323803186416626 0.324342161417007 0.321614295244217 0.318886429071426 0.316158592700958 0.313430726528168 0.310702860355377 0.307974994182587 0.305247157812119 0.304523408412933 0.304467707872391
0.229456201195717 0.233153030276299 0.236849874258041 0.240546718239784 0.244682237505913 0.250133752822876 0.255585253238678 0.261036783456802 0.266488283872604 0.271939814090729 0.277391314506531 0.282842844724655 0.28526183962822 0.286670029163361 0.288078188896179 0.289486348628998 0.290894538164139 0.292302697896957 0.293710887432098 0.295241802930832 0.29714098572731 0.299040168523788 0.300939321517944 0.302838504314423 0.304737687110901 0.306636869907379 0.308536022901535 0.310059130191803 0.311456859111786 0.312854558229446 0.314252287149429 0.315650016069412 0.317047744989395 0.318445473909378 0.318964779376984 0.316848903894424 0.314732998609543 0.312617123126984 0.310501247644424 0.308385342359543 0.306269466876984 0.304153591394424 0.303756594657898 0.303932547569275
