data/working_set_collections/6091692-Cassins_Sparrow-M2/2015/prmc_avg.asc
NCOLS 265 
NROWS 230 
XLLCORNER -115.5625 
YLLCORNER 24.8333333333333 
CELLSIZE 0.0833333333333333 
NODATA_value -9999 
[rows 160 to 179 of 230, columns 0 to 43 of 265]
0.162313625216484 0.164873853325844 0.167434081435204 0.169994309544563 0.172554537653923 0.175114765763283 0.177674993872643 0.175938710570335 0.172770261764526 0.169601812958717 0.166433349251747 0.163264900445938 -9999 -9999 -9999 -9999 -9999 -9999 -9999 -9999 -9999 -9999 -9999 -9999 -9999 -9999 -9999 -9999 -9999 -9999 0.198706910014153 0.194456845521927 0.19020676612854 0.185956701636314 0.181706637144089 0.177456557750702 0.173206493258476 0.171905681490898 0.171587973833084 0.171270251274109 0.170952543616295 0.17063482105732 0.170317113399506 0.16999939084053
0.1617661267519 0.165070652961731 0.168375179171562 0.171679705381393 0.174984231591225 0.178288757801056 0.181593284010887 0.179637879133224 0.17592915892601 0.172220438718796 0.168511718511581 0.164802998304367 -9999 -9999 -9999 -9999 -9999 -9999 -9999 -9999 -9999 -9999 -9999 -9999 -9999 -9999 -9999 -9999 -9999 -9999 -9999 0.196527659893036 0.192056596279144 0.187585532665253 0.1831144541502 0.178643390536308 0.174172326922417 0.17273485660553 0.172308579087257 0.171882316470146 0.171456038951874 0.171029761433601 0.17060349881649 0.170177221298218
0.160826683044434 0.164234384894371 0.167642086744308 0.171049788594246 0.174457490444183 0.177865192294121 0.181272879242897 0.1794213950634 0.175816848874092 0.172212287783623 0.168607741594315 0.165003195405006 -9999 -9999 -9999 -9999 -9999 -9999 -9999 -9999 -9999 -9999 -9999 -9999 -9999 -9999 -9999 -9999 -9999 -9999 -9999 -9999 0.193301275372505 0.189079239964485 0.184857204556465 0.180635169148445 0.176413118839264 0.174858838319778 0.174193784594536 0.173528745770454 0.172863706946373 0.17219865322113 0.171533614397049 0.170868560671806
0.159495279192924 0.162365034222603 0.165234789252281 0.168104529380798 0.170974284410477 0.173844024538994 0.176713779568672 0.175289258360863 0.172433316707611 0.169577360153198 0.166721418499947 0.163865476846695 -9999 -9999 -9999 -9999 -9999 -9999 -9999 -9999 -9999 -9999 -9999 -9999 -9999 -9999 -9999 -9999 -9999 -9999 -9999 -9999 0.193940818309784 0.190437838435173 0.186934858560562 0.183431878685951 0.17992889881134 0.178277626633644 0.177243590354919 0.176209554076195 0.175175532698631 0.174141496419907 0.173107460141182 0.172073423862457
0.158163890242577 0.160495683550835 0.162827476859093 0.165159285068512 0.16749107837677 0.169822871685028 0.172154679894447 0.171157121658325 0.16904978454113 0.166942432522774 0.164835095405579 0.162727758288383 -9999 -9999 -9999 -9999 -9999 -9999 -9999 -9999 -9999 -9999 -9999 -9999 -9999 -9999 -9999 -9999 -9999 -9999 -9999 -9999 0.194580361247063 0.191796436905861 0.189012512564659 0.186228588223457 0.183444663882256 0.18169641494751 0.180293396115303 0.178890377283096 0.17748735845089 0.176084324717522 0.174681305885315 0.173278287053108
0.156832486391068 0.158626332879066 0.160420179367065 0.162214025855064 0.164007872343063 0.165801718831062 0.167595565319061 0.167024984955788 0.165666237473488 0.164307504892349 0.162948772311211 0.161590039730072 -9999 -9999 -9999 -9999 -9999 -9999 -9999 -9999 -9999 -9999 -9999 -9999 -9999 -9999 -9999 -9999 -9999 -9999 -9999 -9999 0.195219904184341 0.193155035376549 0.191090166568756 0.189025297760963 0.186960428953171 0.185115203261375 0.183343186974525 0.181571185588837 0.179799184203148 0.178027167916298 0.176255166530609 0.174483150243759
0.155501082539558 0.156756982207298 0.158012881875038 0.159268766641617 0.160524666309357 0.161780565977097 0.163036465644836 0.16289284825325 0.162282705307007 0.161672577261925 0.161062449216843 0.160452321171761 -9999 -9999 -9999 -9999 -9999 -9999 -9999 -9999 -9999 -9999 -9999 -9999 -9999 -9999 -9999 -9999 -9999 -9999 -9999 -9999 0.195859432220459 0.194513633847237 0.193167820572853 0.19182200729847 0.190476194024086 0.188533991575241 0.186392992734909 0.184251993894577 0.182111009955406 0.179970011115074 0.177829012274742 0.17568801343441
0.154169678688049 0.15488763153553 0.15560556948185 0.15632352232933 0.15704146027565 0.157759413123131 0.158477365970612 0.158760696649551 0.158899173140526 0.1590376496315 0.159176126122475 0.159314602613449 -9999 -9999 -9999 -9999 -9999 -9999 -9999 -9999 -9999 -9999 -9999 -9999 -9999 -9999 -9999 -9999 -9999 -9999 -9999 -9999 -9999 0.195872217416763 0.19524547457695 0.194618716835976 0.193991959095001 0.191952779889107 0.189442798495293 0.186932817101479 0.184422835707664 0.181912839412689 0.179402858018875 0.176892876625061
0.15305595099926 0.153468564152718 0.153881192207336 0.154293805360794 0.154706433415413 0.155119046568871 0.155531659722328 0.156034126877785 0.15656653046608 0.157098934054375 0.15763133764267 0.158163741230965 0.15869614481926 0.159228548407555 -9999 -9999 -9999 -9999 -9999 -9999 -9999 -9999 -9999 -9999 -9999 -9999 -9999 -9999 -9999 -9999 -9999 -9999 -9999 -9999 0.196039035916328 0.196150869131088 0.196262702345848 0.194237366318703 0.191499650478363 0.188761949539185 0.186024233698845 0.183286517858505 0.180548802018166 0.177811101078987
0.15215989947319 0.152499809861183 0.152839720249176 0.153179630637169 0.153519555926323 0.153859466314316 0.154199376702309 0.154713094234467 0.155284762382507 0.155856415629387 0.156428068876266 0.156999737024307 0.157571390271187 0.158143043518066 0.158423095941544 -9999 -9999 -9999 -9999 -9999 -9999 -9999 -9999 -9999 -9999 -9999 -9999 -9999 -9999 -9999 -9999 -9999 -9999 -9999 -9999 0.196418449282646 0.197288408875465 0.19538776576519 0.192563578486443 0.189739391207695 0.186915218830109 0.184091031551361 0.181266859173775 0.178442671895027
0.151263847947121 0.151531055569649 0.151798263192177 0.152065470814705 0.152332678437233 0.152599886059761 0.152867093682289 0.15339207649231 0.154002994298935 0.154613897204399 0.155224815011024 0.15583573281765 0.156446635723114 0.157057553529739 0.157403036952019 0.15695221722126 0.156501397490501 -9999 -9999 -9999 -9999 -9999 -9999 -9999 -9999 -9999 -9999 -9999 -9999 -9999 -9999 -9999 -9999 -9999 -9999 0.196686044335365 0.198314115405083 0.196538150310516 0.193627491593361 0.190716847777367 0.187806203961372 0.184895545244217 0.181984901428223 0.179074242711067
0.150367796421051 0.150562286376953 0.150756791234016 0.15095129609108 0.151145800948143 0.151340305805206 0.15153481066227 0.152071058750153 0.152721226215363 0.153371393680573 0.154021561145782 0.154671713709831 0.155321881175041 0.155972048640251 0.156382963061333 0.156076118350029 0.155769273638725 0.155462428927422 -9999 -9999 -9999 -9999 -9999 -9999 -9999 -9999 -9999 -9999 -9999 -9999 -9999 -9999 -9999 -9999 -9999 -9999 0.199339836835861 0.197688534855843 0.19469141960144 0.191694304347038 0.188697174191475 0.185700058937073 0.182702943682671 0.179705828428268
-9999 0.149593532085419 0.149715334177017 0.149837121367455 0.149958923459053 0.150080725550652 0.15020252764225 0.150750041007996 0.15143945813179 0.152128875255585 0.152818292379379 0.153507709503174 0.154197126626968 0.154886558651924 0.155362904071808 0.155200019478798 0.155037134885788 0.154874265193939 0.154711380600929 0.15454851090908 -9999 -9999 -9999 -9999 -9999 -9999 -9999 -9999 -9999 -9999 -9999 -9999 -9999 -9999 -9999 -9999 0.200365543365479 0.19883893430233 0.19575534760952 0.192671746015549 0.189588159322739 0.186504572629929 0.183420985937119 0.180337399244308
-9999 -9999 -9999 0.148722961544991 0.148772045969963 0.148821145296097 0.148870229721069 0.149429008364677 0.150157690048218 0.150886356830597 0.151615038514137 0.152343705296516 0.153072386980057 0.153801053762436 0.154342830181122 0.154323920607567 0.154305011034012 0.154286101460457 0.154267191886902 0.154248282313347 0.154229372739792 -9999 -9999 0.158614084124565 0.161133140325546 0.163652196526527 -9999 -9999 -9999 -9999 -9999 -9999 -9999 -9999 -9999 -9999 0.201391249895096 0.199989318847656 0.196819260716438 0.19364920258522 0.190479144454002 0.187309086322784 0.184139028191566 0.180968970060349
-9999 -9999 -9999 -9999 0.148154601454735 0.148168087005615 0.148181572556496 0.148714751005173 0.149421170353889 0.150127604603767 0.150834023952484 0.151540443301201 0.152246862649918 0.152953281998634 0.153506457805634 0.15359990298748 0.153693333268166 0.153786778450012 0.153880208730698 0.153973653912544 0.15406708419323 -9999 -9999 0.157757475972176 0.15979953110218 0.161841571331024 0.163883626461029 -9999 -9999 -9999 -9999 -9999 -9999 -9999 -9999 -9999 -9999 0.200535774230957 0.197740226984024 0.194944679737091 0.192149147391319 0.189353600144386 0.186558052897453 0.18376250565052
-9999 -9999 -9999 -9999 -9999 -9999 -9999 0.14860725402832 0.149229928851128 0.149852588772774 0.15047524869442 0.151097923517227 0.151720583438873 0.152343258261681 0.152853786945343 0.153027951717377 0.15320211648941 0.153376281261444 0.153550446033478 0.153724610805511 0.153898775577545 0.154072940349579 0.155381947755814 0.157069236040115 0.158756509423256 0.160443797707558 0.162131085991859 0.163818359375 0.165505647659302 -9999 -9999 -9999 -9999 -9999 -9999 -9999 -9999 -9999 0.198518246412277 0.196558192372322 0.194598153233528 0.192638099193573 0.190678045153618 0.188717991113663
-9999 -9999 -9999 -9999 -9999 -9999 -9999 -9999 0.149038672447205 0.149577587842941 0.150116488337517 0.150655403733253 0.151194304227829 0.151733219623566 0.152201130986214 0.152456015348434 0.152710899710655 0.152965798974037 0.153220683336258 0.15347558259964 0.153730466961861 0.153985351324081 0.155048459768295 0.156380981206894 -9999 0.159046024084091 0.160378530621529 0.161711052060127 0.163043573498726 0.165283665060997 -9999 -9999 -9999 -9999 -9999 -9999 -9999 0.200420826673508 0.19929626584053 0.198171705007553 0.197047159075737 0.19592259824276 0.194798037409782 0.193673476576805
-9999 -9999 -9999 -9999 -9999 -9999 -9999 -9999 -9999 0.149302572011948 0.149757727980614 0.15021288394928 0.150668025016785 0.151123180985451 0.151548460125923 0.151884064078331 0.1522196829319 0.152555301785469 0.152890920639038 0.153226539492607 0.153562158346176 0.153897777199745 0.154714986681938 0.155692741274834 -9999 -9999 0.158625990152359 0.159603744745255 0.16058149933815 0.162623643875122 -9999 -9999 -9999 -9999 -9999 -9999 0.199271306395531 0.200363352894783 0.200074285268784 0.199785232543945 0.199496164917946 0.199207097291946 0.198918029665947 0.198628976941109
-9999 -9999 -9999 -9999 -9999 -9999 -9999 -9999 -9999 -9999 -9999 0.149770349264145 0.15014174580574 0.150513142347336 0.150895789265633 0.151312127709389 0.151728466153145 0.152144819498062 0.152561157941818 0.152977496385574 0.153393849730492 0.153810188174248 0.154381513595581 0.155004501342773 -9999 -9999 -9999 0.157496422529221 0.158119410276413 -9999 -9999 -9999 -9999 -9999 -9999 0.193011149764061 0.198519080877304 0.200305879116058 0.200852304697037 0.201398745179176 0.201945170760155 0.202491596341133 0.203038021922112 0.203584462404251
-9999 -9999 -9999 -9999 -9999 -9999 -9999 -9999 -9999 -9999 -9999 -9999 0.149615481495857 0.149903118610382 0.150243118405342 0.150740176439285 0.15123724937439 0.151734322309494 0.152231395244598 0.152728468179703 0.153225526213646 0.15372259914875 0.154048025608063 0.154316246509552 0.154584467411041 0.154852688312531 -9999 -9999 -9999 -9999 -9999 -9999 -9999 -9999 -9999 0.191986382007599 0.197766840457916 0.200248405337334 0.20163032412529 0.203012257814407 -9999 0.20577609539032 0.207158029079437 0.208539947867393
