data/working_set_collections/6091692-Cassins_Sparrow-M2/2015/qinfil_avg.asc
NCOLS 265 
NROWS 230 
XLLCORNER -115.5625 
YLLCORNER 24.8333333333333 
CELLSIZE 0.0833333333333333 
NODATA_value -9999 
[rows 54 to 71 of 230, columns 164 to 204 of 265]
1.50310561366496e-05 1.51671520143282e-05 1.53032488015015e-05 1.54393455886748e-05 1.55754405568587e-05 1.5711537344032e-05 1.58476341312053e-05 1.59837309183786e-05 1.61563693836797e-05 1.63411896210164e-05 1.65260098583531e-05 1.67108300956897e-05 1.68956503330264e-05 1.70804705703631e-05 1.72652889887104e-05 1.7460228264099e-05 1.76855173776858e-05 1.79108083102619e-05 1.81360992428381e-05 1.83613901754143e-05 1.85866811079904e-05 1.88119720405666e-05 1.90372629731428e-05 1.92448624147801e-05 1.94465646927711e-05 1.96482669707621e-05 1.9849969248753e-05 2.0051671526744e-05 2.0253373804735e-05 2.04550779017154e-05 2.06585955311311e-05 2.08675628527999e-05 2.10765301744686e-05 2.12854974961374e-05 2.14944648178061e-05 2.17034303204855e-05 2.19123976421542e-05 2.2121364963823e-05 2.23245206143474e-05 2.25257390411571e-05 2.27269574679667e-05
1.50301602843683e-05 1.51704753079684e-05 1.53107903315686e-05 1.54511053551687e-05 1.55914203787688e-05 1.57317372213583e-05 1.58720522449585e-05 1.60123672685586e-05 1.61896077770507e-05 1.63791573868366e-05 1.65687069966225e-05 1.67582566064084e-05 1.69478062161943e-05 1.71373558259802e-05 1.73269054357661e-05 1.75270015461138e-05 1.77587407961255e-05 1.79904800461372e-05 1.8222219296149e-05 1.84539585461607e-05 1.86856959771831e-05 1.89174352271948e-05 1.91491744772065e-05 1.93502964975778e-05 1.95412139873952e-05 1.97321314772125e-05 1.99230471480405e-05 2.01139646378579e-05 2.03048821276752e-05 2.04957977985032e-05 2.06880595214898e-05 2.08843484870158e-05 2.10806374525419e-05 2.12769282370573e-05 2.14732172025833e-05 2.16695061681094e-05 2.18657969526248e-05 2.20620859181508e-05 2.22640501306159e-05 2.24679060920607e-05 2.26717620535055e-05
1.50292644320871e-05 1.51737986016087e-05 1.53183318616357e-05 1.5462866940652e-05 1.56074020196684e-05 1.57519352796953e-05 1.58964703587117e-05 1.60410036187386e-05 1.62228461704217e-05 1.64171251526568e-05 1.66114059538813e-05 1.68056849361164e-05 1.69999639183516e-05 1.71942429005867e-05 1.73885218828218e-05 1.75937766471179e-05 1.78319642145652e-05 1.80701517820125e-05 1.83083375304705e-05 1.85465250979178e-05 1.87847126653651e-05 1.9022898413823e-05 1.92610859812703e-05 1.94557305803755e-05 1.96358632820193e-05 1.98159941646736e-05 1.9996125047328e-05 2.01762577489717e-05 2.0356388631626e-05 2.05365195142804e-05 2.0717521692859e-05 2.09011341212317e-05 2.10847465496045e-05 2.12683589779772e-05 2.14519695873605e-05 2.16355820157332e-05 2.1819194444106e-05 2.20028068724787e-05 2.22035796468845e-05 2.24100731429644e-05 2.26165666390443e-05
1.50283685798058e-05 1.5177121895249e-05 1.53258752106922e-05 1.54746285261353e-05 1.56233818415785e-05 1.57721351570217e-05 1.59208884724649e-05 1.6069641787908e-05 1.62560863827821e-05 1.64550947374664e-05 1.66541030921508e-05 1.68531114468351e-05 1.70521198015194e-05 1.72511281562038e-05 1.74501365108881e-05 1.76605517481221e-05 1.7905187633005e-05 1.81498216988984e-05 1.83944575837813e-05 1.86390934686642e-05 1.88837275345577e-05 1.91283634194406e-05 1.93729974853341e-05 1.95611664821627e-05 1.97305125766434e-05 1.98998586711241e-05 2.00692047656048e-05 2.02385490410961e-05 2.04078951355768e-05 2.05772412300576e-05 2.07469838642282e-05 2.09179197554477e-05 2.10888538276777e-05 2.12597878999077e-05 2.14307237911271e-05 2.16016578633571e-05 2.17725919355871e-05 2.19435278268065e-05 2.2143109163153e-05 2.23522401938681e-05 2.25613730435725e-05
1.50274727275246e-05 1.51804442793946e-05 1.53334167407593e-05 1.54863882926293e-05 1.56393616634887e-05 1.57923332153587e-05 1.59453065862181e-05 1.60982781380881e-05 1.62893247761531e-05 1.64930625032866e-05 1.66968002304202e-05 1.69005379575538e-05 1.71042775036767e-05 1.73080152308103e-05 1.75117529579438e-05 1.77273268491263e-05 1.79784110514447e-05 1.82294934347738e-05 1.84805776370922e-05 1.87316600204213e-05 1.89827442227397e-05 1.92338266060688e-05 1.94849108083872e-05 1.96666005649604e-05 1.98251618712675e-05 1.99837213585852e-05 2.01422826648923e-05 2.030084215221e-05 2.0459403458517e-05 2.06179629458347e-05 2.07764478545869e-05 2.09347053896636e-05 2.10929629247403e-05 2.12512186408276e-05 2.14094761759043e-05 2.1567733710981e-05 2.17259912460577e-05 2.18842487811344e-05 2.20826386794215e-05 2.22944090637611e-05 2.25061776291113e-05
1.50265768752433e-05 1.51837675730349e-05 1.53409582708264e-05 1.54981498781126e-05 1.56553414853988e-05 1.5812533092685e-05 1.59697228809819e-05 1.61269144882681e-05 1.63225631695241e-05 1.65310302691069e-05 1.6739499187679e-05 1.69479662872618e-05 1.71564333868446e-05 1.73649004864274e-05 1.75733675860101e-05 1.77941019501304e-05 1.8051632650895e-05 1.83091651706491e-05 1.85666958714137e-05 1.88242283911677e-05 1.90817590919323e-05 1.93392897926969e-05 1.9596822312451e-05 1.97720364667475e-05 1.99198111658916e-05 2.00675858650357e-05 2.02153605641797e-05 2.03631352633238e-05 2.05109099624678e-05 2.06586846616119e-05 2.08059100259561e-05 2.09514910238795e-05 2.10970702028135e-05 2.12426493817475e-05 2.13882303796709e-05 2.15338095586048e-05 2.16793887375388e-05 2.18249679164728e-05 2.202216819569e-05 2.22365761146648e-05 2.24509822146501e-05
1.49512407006114e-05 1.51221538544632e-05 1.52930679178098e-05 1.54639819811564e-05 1.56348942255136e-05 1.58058082888601e-05 1.59767223522067e-05 1.61476345965639e-05 1.63528238772415e-05 1.65694364113733e-05 1.67860507644946e-05 1.70026632986264e-05 1.72192776517477e-05 1.74358901858795e-05 1.76525027200114e-05 1.78804693860002e-05 1.81424966285704e-05 1.84045238711406e-05 1.86665511137107e-05 1.89285783562809e-05 1.91906037798617e-05 1.94526310224319e-05 1.97146582650021e-05 1.98826419364195e-05 2.00192771444563e-05 2.0155912352493e-05 2.02925475605298e-05 2.04291827685665e-05 2.05658179766033e-05 2.070245318464e-05 2.08386863960186e-05 2.09737136174226e-05 2.11087408388266e-05 2.12437680602307e-05 2.13787952816347e-05 2.15138225030387e-05 2.16488497244427e-05 2.17838769458467e-05 2.19824742089259e-05 2.22022590605775e-05 2.24220457312185e-05
1.48014642036287e-05 1.49956040331745e-05 1.51897429532255e-05 1.53838827827713e-05 1.55780217028223e-05 1.57721606228733e-05 1.59662995429244e-05 1.61604402819648e-05 1.63801050803158e-05 1.6608280930086e-05 1.68364567798562e-05 1.7064630810637e-05 1.72928066604072e-05 1.75209825101774e-05 1.77491565409582e-05 1.79864309757249e-05 1.82510011654813e-05 1.85155695362482e-05 1.87801397260046e-05 1.90447099157609e-05 1.93092801055172e-05 1.95738502952736e-05 1.98384186660405e-05 1.99984169739764e-05 2.01235598069616e-05 2.02487008209573e-05 2.03738418349531e-05 2.04989828489488e-05 2.06241238629445e-05 2.07492666959297e-05 2.08747715078061e-05 2.10013713513035e-05 2.11279730137903e-05 2.12545728572877e-05 2.13811727007851e-05 2.15077725442825e-05 2.16343723877799e-05 2.17609722312773e-05 2.19635530811502e-05 2.21914597204886e-05 2.24193681788165e-05
1.4651687706646e-05 1.4869053302391e-05 1.50864179886412e-05 1.53037835843861e-05 1.5521149180131e-05 1.57385129568866e-05 1.59558785526315e-05 1.61732441483764e-05 1.64073881023796e-05 1.66471254487988e-05 1.68868627952179e-05 1.7126600141637e-05 1.73663374880562e-05 1.76060730154859e-05 1.7845810361905e-05 1.80923925654497e-05 1.83595038834028e-05 1.86266170203453e-05 1.88937301572878e-05 1.91608414752409e-05 1.94279546121834e-05 1.96950677491259e-05 1.9962179067079e-05 2.01141938305227e-05 2.02278406504774e-05 2.03414892894216e-05 2.04551361093763e-05 2.05687847483205e-05 2.06824315682752e-05 2.07960802072193e-05 2.09108584385831e-05 2.10290309041739e-05 2.11472033697646e-05 2.12653776543448e-05 2.13835501199355e-05 2.15017225855263e-05 2.16198950511171e-05 2.17380675167078e-05 2.19446319533745e-05 2.21806603803998e-05 2.24166888074251e-05
1.45019121191581e-05 1.47425025716075e-05 1.49830939335516e-05 1.5223684386001e-05 1.54642748384504e-05 1.57048671098892e-05 1.59454575623386e-05 1.6186048014788e-05 1.64346711244434e-05 1.66859699675115e-05 1.69372688105796e-05 1.71885676536476e-05 1.74398664967157e-05 1.76911653397838e-05 1.79424641828518e-05 1.81983523361851e-05 1.84680084203137e-05 1.87376645044424e-05 1.90073187695816e-05 1.92769748537103e-05 1.95466291188495e-05 1.98162852029782e-05 2.00859412871068e-05 2.0229970687069e-05 2.03321233129827e-05 2.04342777578859e-05 2.0536432202789e-05 2.06385848287027e-05 2.07407392736059e-05 2.0842893718509e-05 2.094694536936e-05 2.10566904570442e-05 2.11664355447283e-05 2.12761824514018e-05 2.1385927539086e-05 2.14956726267701e-05 2.16054177144542e-05 2.17151646211278e-05 2.19257126445882e-05 2.21698628593003e-05 2.24140112550231e-05
1.43521356221754e-05 1.4615951840824e-05 1.48797689689673e-05 1.51435851876158e-05 1.54074023157591e-05 1.56712194439024e-05 1.59350365720456e-05 1.61988518811995e-05 1.64619523275178e-05 1.67248126672348e-05 1.69876748259412e-05 1.72505351656582e-05 1.75133955053752e-05 1.77762576640816e-05 1.80391180037986e-05 1.83043139259098e-05 1.85765111382352e-05 1.884871016955e-05 1.91209092008648e-05 1.93931064131903e-05 1.96653054445051e-05 1.99375026568305e-05 2.02097016881453e-05 2.03457457246259e-05 2.0436405975488e-05 2.05270662263501e-05 2.06177264772123e-05 2.07083867280744e-05 2.07990469789365e-05 2.08897072297987e-05 2.0983032300137e-05 2.10843500099145e-05 2.1185667719692e-05 2.12869872484589e-05 2.13883049582364e-05 2.14896226680139e-05 2.15909421967808e-05 2.16922599065583e-05 2.19067915168125e-05 2.21590635192115e-05 2.2411333702621e-05
1.42023591251927e-05 1.44894020195352e-05 1.47764440043829e-05 1.50634868987254e-05 1.53505297930678e-05 1.56375717779156e-05 1.59246137627633e-05 1.62116575666005e-05 1.64892353495816e-05 1.67636571859475e-05 1.70380808413029e-05 1.73125026776688e-05 1.75869263330242e-05 1.78613499883795e-05 1.81357718247455e-05 1.84102755156346e-05 1.86850156751461e-05 1.89597576536471e-05 1.92344978131587e-05 1.95092397916596e-05 1.97839799511712e-05 2.00587219296722e-05 2.03334620891837e-05 2.04615225811722e-05 2.05406886379933e-05 2.06198546948144e-05 2.06990207516355e-05 2.07781886274461e-05 2.08573546842672e-05 2.09365207410883e-05 2.10191174119245e-05 2.11120095627848e-05 2.12048998946557e-05 2.1297792045516e-05 2.13906823773868e-05 2.14835727092577e-05 2.1576464860118e-05 2.16693551919889e-05 2.18878722080262e-05 2.21482641791226e-05 2.2408656150219e-05
1.40661959449062e-05 1.4372963050846e-05 1.46797292472911e-05 1.49864954437362e-05 1.5293262549676e-05 1.56000278366264e-05 1.59067949425662e-05 1.6213562048506e-05 1.65047222253634e-05 1.67906800925266e-05 1.70766379596898e-05 1.73625958268531e-05 1.76485536940163e-05 1.79345115611795e-05 1.82204712473322e-05 1.85039134521503e-05 1.87798086699331e-05 1.90557057067053e-05 1.93316009244882e-05 1.96074979612604e-05 1.98833931790432e-05 2.01592902158154e-05 2.04351854335982e-05 2.05581873160554e-05 2.0630224753404e-05 2.07022603717633e-05 2.07742978091119e-05 2.08463352464605e-05 2.09183708648197e-05 2.09904083021684e-05 2.10678645089502e-05 2.11615770240314e-05 2.12552895391127e-05 2.1349002054194e-05 2.14427163882647e-05 2.1536428903346e-05 2.16301414184272e-05 2.17238539335085e-05 2.19515823118854e-05 2.22239796130452e-05 2.24963787331944e-05
1.39436460813158e-05 1.42666349347564e-05 1.45896237881971e-05 1.4912611732143e-05 1.52356005855836e-05 1.55585894390242e-05 1.58815782924648e-05 1.62045671459055e-05 1.65084129548632e-05 1.68058795679826e-05 1.71033461811021e-05 1.74008127942216e-05 1.7698279407341e-05 1.79957460204605e-05 1.829321263358e-05 1.85852295544464e-05 1.88608919415856e-05 1.91365561477141e-05 1.94122185348533e-05 1.96878827409819e-05 1.9963545128121e-05 2.02392093342496e-05 2.05148717213888e-05 2.0635741748265e-05 2.07050125027308e-05 2.07742832571967e-05 2.08435558306519e-05 2.09128265851177e-05 2.09820973395836e-05 2.10513699130388e-05 2.11292681342456e-05 2.12330523936544e-05 2.13368366530631e-05 2.14406209124718e-05 2.15444051718805e-05 2.16481894312892e-05 2.17519736906979e-05 2.18557579501066e-05 2.20979218283901e-05 2.23862116399687e-05 2.26745032705367e-05
1.38210971272201e-05 1.41603077281616e-05 1.4499518329103e-05 1.48387289300445e-05 1.51779395309859e-05 1.55171492224326e-05 1.58563598233741e-05 1.61955704243155e-05 1.65121055033524e-05 1.68210808624281e-05 1.71300562215038e-05 1.74390315805795e-05 1.77480069396552e-05 1.80569804797415e-05 1.83659558388172e-05 1.86665456567425e-05 1.8941975213238e-05 1.9217406588723e-05 1.94928361452185e-05 1.97682675207034e-05 2.00436970771989e-05 2.03191284526838e-05 2.05945598281687e-05 2.07132961804746e-05 2.0779802071047e-05 2.08463079616195e-05 2.09128138521919e-05 2.09793179237749e-05 2.10458238143474e-05 2.11123297049198e-05 2.11906735785306e-05 2.13045277632773e-05 2.14183837670134e-05 2.15322397707496e-05 2.16460939554963e-05 2.17599499592325e-05 2.18738041439792e-05 2.19876601477154e-05 2.22442613448948e-05 2.25484454858815e-05 2.28526278078789e-05
1.36985472636297e-05 1.4053979612072e-05 1.4409412870009e-05 1.47648452184512e-05 1.51202775668935e-05 1.54757108248305e-05 1.58311431732727e-05 1.6186575521715e-05 1.65157980518416e-05 1.68362803378841e-05 1.7156764442916e-05 1.7477248547948e-05 1.77977326529799e-05 1.81182149390224e-05 1.84386990440544e-05 1.87478617590386e-05 1.90230584848905e-05 1.92982570297318e-05 1.9573455574573e-05 1.98486523004249e-05 2.01238508452661e-05 2.0399047571118e-05 2.06742461159592e-05 2.07908506126842e-05 2.08545898203738e-05 2.09183308470529e-05 2.09820700547425e-05 2.10458110814216e-05 2.11095521081006e-05 2.11732913157903e-05 2.12520790228155e-05 2.13760049518896e-05 2.14999308809638e-05 2.1623856810038e-05 2.17477845581016e-05 2.18717104871757e-05 2.19956364162499e-05 2.21195623453241e-05 2.23906008613994e-05 2.2710677512805e-05 2.30307523452211e-05
1.35759974000393e-05 1.39476524054771e-05 1.43193065014202e-05 1.4690961506858e-05 1.50626165122958e-05 1.54342724272283e-05 1.58059265231714e-05 1.61775806191145e-05 1.65194887813414e-05 1.68514816323295e-05 1.71834726643283e-05 1.75154655153165e-05 1.78474583663046e-05 1.81794493983034e-05 1.85114422492916e-05 1.88291778613348e-05 1.9104141756543e-05 1.93791074707406e-05 1.96540731849382e-05 1.99290370801464e-05 2.0204002794344e-05 2.04789666895522e-05 2.07539324037498e-05 2.08684050448937e-05 2.092937938869e-05 2.09903537324863e-05 2.10513280762825e-05 2.11123024200788e-05 2.11732785828644e-05 2.12342529266607e-05 2.1313482648111e-05 2.14474803215126e-05 2.15814779949142e-05 2.17154756683158e-05 2.18494733417174e-05 2.1983471015119e-05 2.21174686885206e-05 2.22514663619222e-05 2.25369403779041e-05 2.28729095397284e-05 2.32088768825633e-05
1.34534475364489e-05 1.38413242893876e-05 1.42292010423262e-05 1.46170787047595e-05 1.50049554576981e-05 1.53928322106367e-05 1.578070987307e-05 1.61685857165139e-05 1.65231813298305e-05 1.68666811077856e-05 1.721018270473e-05 1.7553682482685e-05 1.78971840796294e-05 1.82406838575844e-05 1.85841854545288e-05 1.89104939636309e-05 1.91852250281954e-05 1.94599579117494e-05 1.97346907953033e-05 2.00094218598679e-05 2.02841547434218e-05 2.05588858079864e-05 2.08336186915403e-05 2.09459594771033e-05 2.10041671380168e-05 2.10623766179197e-05 2.11205860978225e-05 2.11787955777254e-05 2.12370050576283e-05 2.12952145375311e-05 2.13748880923958e-05 2.15189556911355e-05 2.16630251088645e-05 2.18070945265936e-05 2.19511621253332e-05 2.20952315430623e-05 2.22392991418019e-05 2.23833685595309e-05 2.26832817133982e-05 2.30351415666519e-05 2.33870014199056e-05
