data/working_set_collections/6091692-Cassins_Sparrow-M2/2015/qinfil_avg.asc
NCOLS 265 
NROWS 230 
XLLCORNER -115.5625 
YLLCORNER 24.8333333333333 
CELLSIZE 0.0833333333333333 
NODATA_value -9999 
[rows 36 to 53 of 230, columns 82 to 122 of 265]
6.82946483721025e-06 7.14708176019485e-06 7.46469868317945e-06 7.7823151514167e-06 8.09993252914865e-06 8.41754899738589e-06 8.73516637511784e-06 9.10873131942935e-06 9.65014078246895e-06 1.01915493360138e-05 1.07329587990534e-05 1.1274368262093e-05 1.18157777251326e-05 1.23571871881722e-05 1.28985966512118e-05 1.28951842270908e-05 1.27101648104144e-05 1.25251453937381e-05 1.23401259770617e-05 1.21551065603853e-05 1.1970087143709e-05 1.17850677270326e-05 1.16531728053815e-05 1.16806504593114e-05 1.17081272037467e-05 1.17356048576767e-05 1.17630825116066e-05 1.17905592560419e-05 1.18180369099719e-05 1.18455145639018e-05 1.1798835657828e-05 1.17274385047494e-05 1.16560413516709e-05 1.1584645108087e-05 1.15132479550084e-05 1.14418508019298e-05 1.13704536488513e-05 1.13095438791788e-05 1.12800971692195e-05 1.12506504592602e-05 1.12212028398062e-05
6.96825236445875e-06 7.29505245544715e-06 7.62185254643555e-06 7.94865263742395e-06 8.2754531831597e-06 8.60225281940075e-06 8.9290533651365e-06 9.31327849684749e-06 9.8697773864842e-06 1.04262753666262e-05 1.09827742562629e-05 1.15392731458996e-05 1.20957720355364e-05 1.26522709251731e-05 1.32087698148098e-05 1.31798606162192e-05 1.29558166008792e-05 1.27317725855391e-05 1.25077285701991e-05 1.22836845548591e-05 1.20596396300243e-05 1.18355956146843e-05 1.16759174488834e-05 1.17093359222054e-05 1.17427543955273e-05 1.17761728688492e-05 1.18095913421712e-05 1.18430098154931e-05 1.18764282888151e-05 1.1909846762137e-05 1.18442321763723e-05 1.17456056614174e-05 1.16469800559571e-05 1.15483544504968e-05 1.14497279355419e-05 1.13511023300816e-05 1.12524767246214e-05 1.11756162368692e-05 1.11640501927468e-05 1.11524850581191e-05 1.11409199234913e-05
7.10703943695989e-06 7.44302315069945e-06 7.77900640969165e-06 8.1149901234312e-06 8.45097383717075e-06 8.7869575509103e-06 9.12294035515515e-06 9.51782567426562e-06 1.00894139904995e-05 1.06610013972386e-05 1.12325897134724e-05 1.18041780297062e-05 1.23757663459401e-05 1.29473546621739e-05 1.3518942068913e-05 1.34645379148424e-05 1.3201468391344e-05 1.29383997773402e-05 1.26753302538418e-05 1.24122616398381e-05 1.21491921163397e-05 1.1886123502336e-05 1.16986611828906e-05 1.17380213850993e-05 1.17773806778132e-05 1.18167399705271e-05 1.18561001727358e-05 1.18954594654497e-05 1.19348187581636e-05 1.19741789603722e-05 1.18896277854219e-05 1.17637728180853e-05 1.16379187602433e-05 1.15120637929067e-05 1.13862088255701e-05 1.12603547677281e-05 1.11344998003915e-05 1.1041687685065e-05 1.10480041257688e-05 1.10543205664726e-05 1.10606370071764e-05
7.24582696420839e-06 7.59099384595174e-06 7.9361607276951e-06 8.28132760943845e-06 8.6264944911818e-06 8.97166137292515e-06 9.31682825466851e-06 9.72237285168376e-06 1.03090505945147e-05 1.08957274278509e-05 1.14824051706819e-05 1.20690829135128e-05 1.26557606563438e-05 1.324243748968e-05 1.3829115232511e-05 1.37492143039708e-05 1.34471201818087e-05 1.31450260596466e-05 1.28429328469792e-05 1.25408387248171e-05 1.22387446026551e-05 1.19366513899877e-05 1.17214058263926e-05 1.17667068479932e-05 1.18120069600991e-05 1.18573079816997e-05 1.19026090033003e-05 1.19479091154062e-05 1.19932101370068e-05 1.20385111586074e-05 1.19350233944715e-05 1.17819399747532e-05 1.16288565550349e-05 1.14757731353166e-05 1.13226897155982e-05 1.11696062958799e-05 1.10165228761616e-05 1.09077600427554e-05 1.09319571492961e-05 1.09561551653314e-05 1.09803531813668e-05
7.38461403670954e-06 7.73896408645669e-06 8.09331504569855e-06 8.4476650954457e-06 8.80201514519285e-06 9.15636519494001e-06 9.51071524468716e-06 9.92692002910189e-06 1.052868719853e-05 1.11304534584633e-05 1.17322206278914e-05 1.23339877973194e-05 1.29357540572528e-05 1.35375212266808e-05 1.41392883961089e-05 1.40338906930992e-05 1.36927719722735e-05 1.33516532514477e-05 1.3010534530622e-05 1.26694158097962e-05 1.23282970889704e-05 1.19871783681447e-05 1.17441504698945e-05 1.17953923108871e-05 1.18466341518797e-05 1.18978759928723e-05 1.19491178338649e-05 1.20003596748575e-05 1.20516015158501e-05 1.21028433568426e-05 1.19804199130158e-05 1.18001071314211e-05 1.16197952593211e-05 1.14394824777264e-05 1.12591706056264e-05 1.10788578240317e-05 1.08985459519317e-05 1.07738314909511e-05 1.08159110823181e-05 1.0857990673685e-05 1.09000702650519e-05
7.52340156395803e-06 7.88693523645634e-06 8.25046845420729e-06 8.61400258145295e-06 8.97753579920391e-06 9.34106901695486e-06 9.70460314420052e-06 1.013146720652e-05 1.07483238025452e-05 1.13651794890757e-05 1.19820360851008e-05 1.2598892681126e-05 1.32157483676565e-05 1.38326049636817e-05 1.44494615597068e-05 1.43185679917224e-05 1.39384237627382e-05 1.35582804432488e-05 1.31781371237594e-05 1.27979928947752e-05 1.24178495752858e-05 1.20377062557964e-05 1.17668942039018e-05 1.1824077773781e-05 1.18812604341656e-05 1.19384430945502e-05 1.19956266644294e-05 1.2052809324814e-05 1.21099928946933e-05 1.21671755550778e-05 1.20258155220654e-05 1.1818274288089e-05 1.16107330541126e-05 1.14031918201363e-05 1.11956514956546e-05 1.09881102616782e-05 1.07805690277019e-05 1.06399029391469e-05 1.06998641058453e-05 1.07598252725438e-05 1.08197864392423e-05
7.65915319789201e-06 8.025476745388e-06 8.3918012023787e-06 8.7581247498747e-06 9.12444829737069e-06 9.49077275436139e-06 9.85709630185738e-06 1.02818703453522e-05 1.08819967863383e-05 1.14821232273243e-05 1.20822487588157e-05 1.26823751998018e-05 1.32825016407878e-05 1.38826271722792e-05 1.44827536132652e-05 1.43473598654964e-05 1.39667927214759e-05 1.35862255774555e-05 1.3205658433435e-05 1.28250912894146e-05 1.24445241453941e-05 1.20639570013736e-05 1.17909385153325e-05 1.18405669127242e-05 1.18901962196105e-05 1.19398246170022e-05 1.19894530143938e-05 1.20390814117854e-05 1.20887098091771e-05 1.21383391160634e-05 1.19919141070568e-05 1.17801391752437e-05 1.15683642434306e-05 1.13565884021227e-05 1.11448134703096e-05 1.09330376290018e-05 1.07212626971886e-05 1.05804365375661e-05 1.06524594229995e-05 1.07244823084329e-05 1.07965051938663e-05
7.79186939325882e-06 8.15459043224109e-06 8.51731147122337e-06 8.88003251020564e-06 9.24275354918791e-06 9.60547458817018e-06 9.96819562715245e-06 1.03781303550932e-05 1.09297070594039e-05 1.14812837637146e-05 1.20328604680253e-05 1.25844362628413e-05 1.31360129671521e-05 1.36875896714628e-05 1.42391654662788e-05 1.41202681334107e-05 1.37778779389919e-05 1.34354886540677e-05 1.30930993691436e-05 1.27507091747248e-05 1.24083198898006e-05 1.20659306048765e-05 1.18162824946921e-05 1.18448615467059e-05 1.18734396892251e-05 1.19020187412389e-05 1.1930596883758e-05 1.19591759357718e-05 1.19877540782909e-05 1.20163331303047e-05 1.18787165774847e-05 1.16857017928851e-05 1.14926870082854e-05 1.12996722236858e-05 1.11066574390861e-05 1.09136417449918e-05 1.07206269603921e-05 1.0595432286209e-05 1.06736970337806e-05 1.07519617813523e-05 1.0830226528924e-05
7.92458558862563e-06 8.28370411909418e-06 8.64282174006803e-06 9.00194027053658e-06 9.36105880100513e-06 9.72017733147368e-06 1.00792949524475e-05 1.04743903648341e-05 1.09774173324695e-05 1.14804443001049e-05 1.19834712677402e-05 1.24864973258809e-05 1.29895242935163e-05 1.34925512611517e-05 1.39955782287871e-05 1.38931754918303e-05 1.35889640660025e-05 1.328475173068e-05 1.29805393953575e-05 1.26763279695297e-05 1.23721156342071e-05 1.20679042083793e-05 1.18416273835464e-05 1.1849155271193e-05 1.18566840683343e-05 1.18642128654756e-05 1.18717416626168e-05 1.18792704597581e-05 1.18867983474047e-05 1.1894327144546e-05 1.1765518138418e-05 1.15912644105265e-05 1.14170097731403e-05 1.12427551357541e-05 1.10685004983679e-05 1.08942458609818e-05 1.07199921330903e-05 1.06104280348518e-05 1.0694933735067e-05 1.0779440344777e-05 1.08639469544869e-05
8.05730178399244e-06 8.41281689645257e-06 8.7683329184074e-06 9.12384803086752e-06 9.47936405282235e-06 9.83487916528247e-06 1.01903951872373e-05 1.05706503745751e-05 1.10251276055351e-05 1.14796048364951e-05 1.19340820674552e-05 1.23885583889205e-05 1.28430356198805e-05 1.32975128508406e-05 1.37519900818006e-05 1.36660837597447e-05 1.34000492835185e-05 1.31340148072923e-05 1.28679803310661e-05 1.26019458548399e-05 1.23359113786137e-05 1.20698778118822e-05 1.1866971362906e-05 1.18534499051748e-05 1.18399284474435e-05 1.18264069897123e-05 1.1812885531981e-05 1.17993640742498e-05 1.17858426165185e-05 1.17723211587872e-05 1.16523206088459e-05 1.14968261186732e-05 1.13413325379952e-05 1.11858380478225e-05 1.10303444671445e-05 1.08748508864664e-05 1.07193563962937e-05 1.06254228739999e-05 1.07161713458481e-05 1.08069189082016e-05 1.08976673800498e-05
8.19001797935925e-06 8.54193058330566e-06 8.89384318725206e-06 9.24575579119846e-06 9.59766839514486e-06 9.94958190858597e-06 1.03014945125324e-05 1.0666910384316e-05 1.10728378786007e-05 1.14787653728854e-05 1.18846928671701e-05 1.22906203614548e-05 1.26965469462448e-05 1.31024744405295e-05 1.35084019348142e-05 1.34389911181643e-05 1.32111345010344e-05 1.29832778839045e-05 1.27554212667746e-05 1.25275646496448e-05 1.22997080325149e-05 1.2071851415385e-05 1.18923153422656e-05 1.18577445391566e-05 1.18231728265528e-05 1.1788601113949e-05 1.17540303108399e-05 1.17194585982361e-05 1.16848868856323e-05 1.16503151730285e-05 1.15391221697791e-05 1.14023887363146e-05 1.12656553028501e-05 1.11289218693855e-05 1.0992188435921e-05 1.08554550024564e-05 1.07187206594972e-05 1.06404186226428e-05 1.07374080471345e-05 1.0834398381121e-05 1.09313878056128e-05
8.32273417472607e-06 8.67104427015875e-06 9.01935436559143e-06 9.3676635515294e-06 9.71597364696208e-06 1.00642837423948e-05 1.04125938378274e-05 1.07631703940569e-05 1.11205481516663e-05 1.14779259092757e-05 1.1835303666885e-05 1.21926814244944e-05 1.25500591821037e-05 1.29074360302184e-05 1.32648137878277e-05 1.32118993860786e-05 1.30222197185503e-05 1.28325409605168e-05 1.26428622024832e-05 1.2453182534955e-05 1.22635037769214e-05 1.20738250188879e-05 1.191766023112e-05 1.18620382636436e-05 1.1806417205662e-05 1.17507952381857e-05 1.1695174180204e-05 1.16395522127277e-05 1.15839311547461e-05 1.15283100967645e-05 1.14259246402071e-05 1.1307951353956e-05 1.11899780677049e-05 1.10720047814539e-05 1.09540314952028e-05 1.08360591184464e-05 1.07180858321954e-05 1.06554134617909e-05 1.07586456579156e-05 1.08618769445457e-05 1.09651082311757e-05
8.4538714872906e-06 8.80055449670181e-06 9.14723750611302e-06 9.49392051552422e-06 9.84060352493543e-06 1.01872865343466e-05 1.05339686342631e-05 1.08718759292969e-05 1.11834551717038e-05 1.14950344141107e-05 1.18066127470229e-05 1.21181919894298e-05 1.24297712318366e-05 1.27413495647488e-05 1.30529288071557e-05 1.30109865494887e-05 1.28512047012919e-05 1.2691422853095e-05 1.25316400954034e-05 1.23718582472065e-05 1.2212075489515e-05 1.20522936413181e-05 1.19111218737089e-05 1.18257839858416e-05 1.17404460979742e-05 1.16551082101068e-05 1.15697694127448e-05 1.14844315248774e-05 1.13990936370101e-05 1.13137557491427e-05 1.12188236016664e-05 1.11206945803133e-05 1.10225655589602e-05 1.09244365376071e-05 1.0826307516254e-05 1.07281775854062e-05 1.06300485640531e-05 1.05850594991352e-05 1.06994912130176e-05 1.08139229269e-05 1.09283546407823e-05
8.58342900755815e-06 8.93046126293484e-06 9.27749260881683e-06 9.62452486419352e-06 9.9715562100755e-06 1.03185884654522e-05 1.06656207208289e-05 1.0993026990036e-05 1.12615580292186e-05 1.15300899778958e-05 1.17986210170784e-05 1.2067152056261e-05 1.23356840049382e-05 1.26042150441208e-05 1.28727460833034e-05 1.28362544273841e-05 1.26980885397643e-05 1.25599226521445e-05 1.24217558550299e-05 1.22835899674101e-05 1.21454240797902e-05 1.20072572826757e-05 1.18727029985166e-05 1.17489817057503e-05 1.16252595034894e-05 1.15015382107231e-05 1.13778169179568e-05 1.12540956251905e-05 1.11303734229296e-05 1.10066521301633e-05 1.09178208731464e-05 1.08406193248811e-05 1.07634177766158e-05 1.06862153188558e-05 1.06090137705905e-05 1.05318122223252e-05 1.045461067406e-05 1.04293567346758e-05 1.05599456219352e-05 1.06905354186893e-05 1.08211243059486e-05
8.71298743732041e-06 9.06036802916788e-06 9.40774862101534e-06 9.75512921286281e-06 1.01025098047103e-05 1.04498913060525e-05 1.07972718978999e-05 1.11141780507751e-05 1.1339661796228e-05 1.1565145541681e-05 1.17906292871339e-05 1.20161130325869e-05 1.22415967780398e-05 1.24670805234928e-05 1.26925642689457e-05 1.26615223052795e-05 1.25449723782367e-05 1.24284224511939e-05 1.23118725241511e-05 1.21953216876136e-05 1.20787717605708e-05 1.1962221833528e-05 1.18342832138296e-05 1.16721785161644e-05 1.15100738184992e-05 1.1347969120834e-05 1.11858635136741e-05 1.10237588160089e-05 1.08616541183437e-05 1.06995494206785e-05 1.06168172351317e-05 1.05605431599542e-05 1.05042690847768e-05 1.04479950095993e-05 1.03917209344218e-05 1.03354468592443e-05 1.02791727840668e-05 1.02736530607217e-05 1.04204009403475e-05 1.05671479104785e-05 1.07138948806096e-05
8.84254495758796e-06 9.19027479540091e-06 9.53800463321386e-06 9.88573356153211e-06 1.02334633993451e-05 1.0581193237158e-05 1.0928923074971e-05 1.12353291115141e-05 1.14177655632375e-05 1.16002011054661e-05 1.17826375571894e-05 1.19650730994181e-05 1.21475095511414e-05 1.23299460028647e-05 1.25123815450934e-05 1.24867901831749e-05 1.23918562167091e-05 1.22969222502434e-05 1.22019882837776e-05 1.21070543173118e-05 1.20121203508461e-05 1.19171863843803e-05 1.17958634291426e-05 1.15953753265785e-05 1.13948872240144e-05 1.11943991214503e-05 1.09939110188861e-05 1.0793422916322e-05 1.05929348137579e-05 1.03924467111938e-05 1.03158145066118e-05 1.02804679045221e-05 1.02451213024324e-05 1.02097747003427e-05 1.01744271887583e-05 1.01390805866686e-05 1.01037339845789e-05 1.01179502962623e-05 1.0280855349265e-05 1.04437604022678e-05 1.06066654552706e-05
8.97210247785551e-06 9.32018156163394e-06 9.66825973591767e-06 1.00163388196961e-05 1.03644169939798e-05 1.07124951682636e-05 1.1060574252042e-05 1.13564801722532e-05 1.14958684207522e-05 1.16352566692512e-05 1.1774645827245e-05 1.1914034075744e-05 1.2053422324243e-05 1.2192810572742e-05 1.2332198821241e-05 1.23120580610703e-05 1.22387400551816e-05 1.21654220492928e-05 1.20921040434041e-05 1.20187860375154e-05 1.19454680316267e-05 1.18721500257379e-05 1.17574445539503e-05 1.15185730464873e-05 1.12797015390242e-05 1.10408300315612e-05 1.08019585240982e-05 1.05630870166351e-05 1.03242155091721e-05 1.00853430922143e-05 1.00148108685971e-05 1.00003917395952e-05 9.98597261059331e-06 9.9715534815914e-06 9.95713435258949e-06 9.94271522358758e-06 9.92829609458568e-06 9.96224753180286e-06 1.01413106676773e-05 1.03203728940571e-05 1.04994360299315e-05
9.10166090761777e-06 9.45008832786698e-06 9.79851574811619e-06 1.01469431683654e-05 1.04953705886146e-05 1.08437980088638e-05 1.1192225429113e-05 1.14776312329923e-05 1.15739721877617e-05 1.16703131425311e-05 1.17666540973005e-05 1.18629941425752e-05 1.19593350973446e-05 1.2055676052114e-05 1.21520170068834e-05 1.21373259389657e-05 1.2085623893654e-05 1.20339218483423e-05 1.19822198030306e-05 1.19305186672136e-05 1.18788166219019e-05 1.18271145765902e-05 1.17190247692633e-05 1.14417698569014e-05 1.11645149445394e-05 1.08872600321774e-05 1.06100051198155e-05 1.03327502074535e-05 1.00554952950915e-05 9.77824038272956e-06 9.71380814007716e-06 9.72031648416305e-06 9.72682482824894e-06 9.73333317233482e-06 9.73984151642071e-06 9.7463498605066e-06 9.75285729509778e-06 9.80654385784874e-06 1.00017650765949e-05 1.0196986295341e-05 1.03922066045925e-05
