data/working_set_collections/6091692-Cassins_Sparrow-M2/2015/qinfil_avg.asc
NCOLS 265 
NROWS 230 
XLLCORNER -115.5625 
YLLCORNER 24.8333333333333 
CELLSIZE 0.0833333333333333 
NODATA_value -9999 
[rows 144 to 161 of 230, columns 82 to 122 of 265]
8.71266365720658e-06 8.5904293882777e-06 8.46819602884352e-06 8.34596175991464e-06 8.22372840048047e-06 8.10149413155159e-06 7.97926077211741e-06 7.86845703260042e-06 7.79194488131907e-06 7.71543273003772e-06 7.63892057875637e-06 7.56240797272767e-06 7.48589582144632e-06 7.40938367016497e-06 7.33287151888362e-06 7.28534087102162e-06 7.24747087588185e-06 7.20960088074207e-06 7.1717308856023e-06 7.13386089046253e-06 7.09599089532276e-06 7.05812090018298e-06 7.0361979851441e-06 7.06211767464993e-06 7.08803736415575e-06 7.11395705366158e-06 7.13987674316741e-06 7.16579643267323e-06 7.19171612217906e-06 7.21763581168489e-06 7.28719032849767e-06 7.37128902983386e-06 7.4553881859174e-06 7.53948734200094e-06 7.62358649808448e-06 7.70768565416802e-06 7.79178481025156e-06 7.88461147749331e-06 8.0036206782097e-06 8.12262987892609e-06 8.24163907964248e-06
8.776647518971e-06 8.65642869030125e-06 8.53621077112621e-06 8.41599285195116e-06 8.29577493277611e-06 8.17555610410636e-06 8.05533818493132e-06 7.94590232544579e-06 7.86881264502881e-06 7.79172387410654e-06 7.71463419368956e-06 7.63754451327259e-06 7.56045528760296e-06 7.48336606193334e-06 7.40627683626371e-06 7.35339563107118e-06 7.30858346287278e-06 7.26377174942172e-06 7.21896003597067e-06 7.17414832251961e-06 7.12933615432121e-06 7.08452444087015e-06 7.05644379195292e-06 7.07855724613182e-06 7.10067070031073e-06 7.12278415448964e-06 7.14489760866854e-06 7.16701106284745e-06 7.18912451702636e-06 7.21123797120526e-06 7.28313989384333e-06 7.37163782105199e-06 7.46013574826065e-06 7.54863413021667e-06 7.63713251217268e-06 7.725629984634e-06 7.81412836659001e-06 7.91038291936275e-06 8.02990689408034e-06 8.14943177829264e-06 8.26895575301023e-06
8.84063047124073e-06 8.72242799232481e-06 8.60422551340889e-06 8.48602303449297e-06 8.36782055557705e-06 8.24961807666114e-06 8.13141559774522e-06 8.02334761829115e-06 7.94568131823326e-06 7.86801410868065e-06 7.79034780862276e-06 7.71268150856486e-06 7.63501520850696e-06 7.55734845370171e-06 7.47968169889646e-06 7.42144993637339e-06 7.36969650461106e-06 7.31794261810137e-06 7.26618918633903e-06 7.21443529982935e-06 7.16268186806701e-06 7.11092843630468e-06 7.07669005350908e-06 7.09499681761372e-06 7.11330403646571e-06 7.13161125531769e-06 7.14991847416968e-06 7.16822523827432e-06 7.1865324571263e-06 7.20483967597829e-06 7.27908900444163e-06 7.37198615752277e-06 7.46488376535126e-06 7.5577809184324e-06 7.65067761676619e-06 7.74357522459468e-06 7.83647192292847e-06 7.93615527072689e-06 8.05619401944568e-06 8.17623367765918e-06 8.29627242637798e-06
8.90461433300516e-06 8.78842729434837e-06 8.67224116518628e-06 8.55605412652949e-06 8.4398670878727e-06 8.32368095871061e-06 8.20749392005382e-06 8.10079291113652e-06 8.022549081943e-06 7.94430525274947e-06 7.86606142355595e-06 7.78781759436242e-06 7.7095746746636e-06 7.63133084547007e-06 7.55308701627655e-06 7.4895042416756e-06 7.43080909160199e-06 7.37211348678102e-06 7.3134183367074e-06 7.25472273188643e-06 7.19602758181281e-06 7.13733197699185e-06 7.0969358603179e-06 7.11143638909562e-06 7.12593737262068e-06 7.14043835614575e-06 7.15493888492347e-06 7.16943986844853e-06 7.18394039722625e-06 7.19844138075132e-06 7.27503856978728e-06 7.3723349487409e-06 7.46963132769451e-06 7.56692725190078e-06 7.66422363085439e-06 7.76151955506066e-06 7.85881638876162e-06 7.96192671259632e-06 8.08248114481103e-06 8.20303466753103e-06 8.32358909974573e-06
8.96859819476958e-06 8.85442659637192e-06 8.74025590746896e-06 8.626085218566e-06 8.51191362016834e-06 8.39774293126538e-06 8.28357133286772e-06 8.17823820398189e-06 8.09941684565274e-06 8.02059639681829e-06 7.94177503848914e-06 7.86295458965469e-06 7.78413323132554e-06 7.70531278249109e-06 7.62649187890929e-06 7.55755900172517e-06 7.49192167859292e-06 7.42628435546067e-06 7.36064748707577e-06 7.29501016394352e-06 7.22937284081127e-06 7.16373597242637e-06 7.11718166712672e-06 7.12787596057751e-06 7.13857070877566e-06 7.14926500222646e-06 7.1599597504246e-06 7.1706540438754e-06 7.18134879207355e-06 7.19204308552435e-06 7.27098813513294e-06 7.37268373995903e-06 7.47437889003777e-06 7.57607404011651e-06 7.6777696449426e-06 7.77946479502134e-06 7.88115994510008e-06 7.98769906396046e-06 8.10876736068167e-06 8.22983656689757e-06 8.35090577311348e-06
9.03258205653401e-06 8.92042589839548e-06 8.80827064975165e-06 8.69611540110782e-06 8.58396015246399e-06 8.47180490382016e-06 8.35964965517633e-06 8.25568349682726e-06 8.17628551885718e-06 8.09688754088711e-06 8.01748956291704e-06 7.93809158494696e-06 7.85869269748218e-06 7.77929471951211e-06 7.69989674154203e-06 7.62561330702738e-06 7.55303426558385e-06 7.48045522414031e-06 7.40787663744413e-06 7.3352975960006e-06 7.26271855455707e-06 7.19013951311354e-06 7.13742747393553e-06 7.14431553205941e-06 7.15120404493064e-06 7.15809210305451e-06 7.16498016117839e-06 7.17186867404962e-06 7.1787567321735e-06 7.18564479029737e-06 7.26693770047859e-06 7.37303207642981e-06 7.47912645238102e-06 7.58522082833224e-06 7.69131565903081e-06 7.79741003498202e-06 7.90350441093324e-06 8.0134705058299e-06 8.13505448604701e-06 8.25663846626412e-06 8.37822244648123e-06
9.21170612855349e-06 9.0996782091679e-06 8.98765028978232e-06 8.87562146090204e-06 8.76359354151646e-06 8.65156471263617e-06 8.53953679325059e-06 8.43450925458455e-06 8.35048285807716e-06 8.26645737106446e-06 8.18243097455706e-06 8.09840548754437e-06 8.01437909103697e-06 7.93035360402428e-06 7.84632720751688e-06 7.76775141275721e-06 7.69099187891698e-06 7.61423325457145e-06 7.53747417547856e-06 7.46071509638568e-06 7.3839560172928e-06 7.30719693819992e-06 7.24886558600701e-06 7.24581650501932e-06 7.24276742403163e-06 7.23971834304393e-06 7.23666926205624e-06 7.23362018106855e-06 7.23057110008085e-06 7.22752201909316e-06 7.30471583665349e-06 7.4086574386456e-06 7.51259904063772e-06 7.61654064262984e-06 7.72048224462196e-06 7.82442384661408e-06 7.9283645391115e-06 8.03699640528066e-06 8.15969906398095e-06 8.28240081318654e-06 8.40510347188683e-06
9.50597222981742e-06 9.3921826191945e-06 9.27839300857158e-06 9.16460339794867e-06 9.05081287783105e-06 8.93702326720813e-06 8.82323365658522e-06 8.71471547725378e-06 8.62201068230206e-06 8.52930588735035e-06 8.43660109239863e-06 8.34389629744692e-06 8.2511915024952e-06 8.15848761703819e-06 8.06578282208648e-06 7.9839728641673e-06 7.905795428087e-06 7.82761799200671e-06 7.74944055592641e-06 7.67126311984612e-06 7.59308568376582e-06 7.51490779293817e-06 7.45149554859381e-06 7.4323784247099e-06 7.41326084607863e-06 7.39414372219471e-06 7.3750265983108e-06 7.35590901967953e-06 7.33679189579561e-06 7.3176747719117e-06 7.38432299840497e-06 7.47955982660642e-06 7.57479620006052e-06 7.67003257351462e-06 7.76526940171607e-06 7.86050622991752e-06 7.95574305811897e-06 8.05827676231274e-06 8.18270018498879e-06 8.30712451715954e-06 8.43154793983558e-06
9.80023833108135e-06 9.6846870292211e-06 9.56913572736084e-06 9.45358442550059e-06 9.33803312364034e-06 9.22248182178009e-06 9.10693051991984e-06 8.994921699923e-06 8.89353850652697e-06 8.79215440363623e-06 8.6907712102402e-06 8.58938801684417e-06 8.48800482344814e-06 8.3866216300521e-06 8.28523752716137e-06 8.20019522507209e-06 8.12059897725703e-06 8.04100272944197e-06 7.96140739112161e-06 7.88181114330655e-06 7.80221489549149e-06 7.72261864767643e-06 7.65412551118061e-06 7.61893988965312e-06 7.58375472287298e-06 7.54856910134549e-06 7.513383479818e-06 7.47819831303786e-06 7.44301269151038e-06 7.40782706998289e-06 7.4639297054091e-06 7.55046175981988e-06 7.63699335948331e-06 7.7235254138941e-06 7.81005746830488e-06 7.89658952271566e-06 7.98312157712644e-06 8.07955620985013e-06 8.20570221549133e-06 8.33184731163783e-06 8.45799240778433e-06
1.00945035228506e-05 9.97719052975299e-06 9.8598784461501e-06 9.74256545305252e-06 9.62525336944964e-06 9.50794037635205e-06 9.39062738325447e-06 9.27512792259222e-06 9.16506542125717e-06 9.05500382941682e-06 8.94494132808177e-06 8.83487973624142e-06 8.72481723490637e-06 8.61475564306602e-06 8.50469314173097e-06 8.41641667648219e-06 8.33540252642706e-06 8.25438837637194e-06 8.17337331682211e-06 8.09235916676698e-06 8.01134410721716e-06 7.93032995716203e-06 7.85675547376741e-06 7.8055018093437e-06 7.75424814491998e-06 7.70299448049627e-06 7.65174081607256e-06 7.60048715164885e-06 7.54923348722514e-06 7.49797982280143e-06 7.54353686716058e-06 7.62136369303335e-06 7.69919097365346e-06 7.77701825427357e-06 7.85484553489368e-06 7.9326719060191e-06 8.01049918663921e-06 8.10083656688221e-06 8.22870333649917e-06 8.35657010611612e-06 8.48443778522778e-06
1.03887696241145e-05 1.02696949397796e-05 1.01506211649394e-05 1.00315473900991e-05 9.91247270576423e-06 9.79339893092401e-06 9.6743242465891e-06 9.55533414526144e-06 9.43659324548207e-06 9.3178523457027e-06 9.19911144592334e-06 9.08037054614397e-06 8.9616305558593e-06 8.84288965607993e-06 8.72414875630056e-06 8.63263903738698e-06 8.55020607559709e-06 8.4677731138072e-06 8.38534015201731e-06 8.30290719022742e-06 8.22047422843752e-06 8.13804126664763e-06 8.0593854363542e-06 7.99206372903427e-06 7.92474202171434e-06 7.8574203143944e-06 7.79009769757977e-06 7.72277599025983e-06 7.6554542829399e-06 7.58813257561997e-06 7.62314357416471e-06 7.69226608099416e-06 7.7613885878236e-06 7.83051018515835e-06 7.89963269198779e-06 7.96875519881723e-06 8.03787770564668e-06 8.12211692391429e-06 8.2517053670017e-06 8.38129381008912e-06 8.51088225317653e-06
1.06830348158837e-05 1.05621993498062e-05 1.04413638837286e-05 1.03205284176511e-05 1.01996929515735e-05 1.0078857485496e-05 9.95802110992372e-06 9.83553945843596e-06 9.70812016021227e-06 9.58070086198859e-06 9.4532815637649e-06 9.32586226554122e-06 9.19844296731753e-06 9.07102366909385e-06 8.94360437087016e-06 8.84886048879707e-06 8.76500962476712e-06 8.68115785124246e-06 8.5973060777178e-06 8.51345521368785e-06 8.42960344016319e-06 8.34575166663853e-06 8.262015398941e-06 8.17862564872485e-06 8.09523589850869e-06 8.01184523879783e-06 7.92845548858168e-06 7.84506482887082e-06 7.76167507865466e-06 7.6782853284385e-06 7.7027507359162e-06 7.76316846895497e-06 7.82358529249905e-06 7.88400302553782e-06 7.9444207585766e-06 8.00483849161537e-06 8.06525531515945e-06 8.14339637145167e-06 8.27470648800954e-06 8.40601660456741e-06 8.53732672112528e-06
1.10584051071783e-05 1.09275515569607e-05 1.07966989162378e-05 1.06658453660202e-05 1.05349927252973e-05 1.04041391750798e-05 1.02732865343569e-05 1.01395689853234e-05 9.99725943984231e-06 9.8549498943612e-06 9.71263943938538e-06 9.57032989390427e-06 9.42802034842316e-06 9.28571080294205e-06 9.14340034796624e-06 9.04793341760524e-06 8.96808069228427e-06 8.88822796696331e-06 8.80837524164235e-06 8.72852342581609e-06 8.64867070049513e-06 8.56881797517417e-06 8.48527633934282e-06 8.3906707004644e-06 8.29606415209128e-06 8.20145760371815e-06 8.10685105534503e-06 8.01224541646661e-06 7.91763886809349e-06 7.82303231972037e-06 7.8337716331589e-06 7.87962562753819e-06 7.92547871242277e-06 7.97133270680206e-06 8.01718670118134e-06 8.06304069556063e-06 8.10889468993992e-06 8.17569161881693e-06 8.30532007967122e-06 8.43494854052551e-06 8.5645760918851e-06
1.15148795885034e-05 1.13657524707378e-05 1.12166262624669e-05 1.10674991447013e-05 1.09183729364304e-05 1.07692458186648e-05 1.06201196103939e-05 1.04674209069344e-05 1.03040092653828e-05 1.01405976238311e-05 9.97718598227948e-06 9.81377343123313e-06 9.65036178968148e-06 9.48695014812984e-06 9.32353850657819e-06 9.22985782381147e-06 9.15942109713797e-06 9.08898437046446e-06 9.01854764379095e-06 8.94811182661215e-06 8.87767509993864e-06 8.80723837326514e-06 8.72916825755965e-06 8.62819797475822e-06 8.5272276919568e-06 8.42625649966067e-06 8.32528621685924e-06 8.22431593405781e-06 8.12334565125639e-06 8.02237536845496e-06 8.01620626589283e-06 8.04163755674381e-06 8.06706884759478e-06 8.09250013844576e-06 8.11793051980203e-06 8.143361810653e-06 8.16879310150398e-06 8.21900266601006e-06 8.34354523249203e-06 8.46808779897401e-06 8.59263127495069e-06
1.19713540698285e-05 1.18039533845149e-05 1.1636553608696e-05 1.14691529233824e-05 1.13017531475634e-05 1.11343524622498e-05 1.09669517769362e-05 1.07952737380401e-05 1.06107600004179e-05 1.04262453533011e-05 1.02417316156789e-05 1.00572178780567e-05 9.8727032309398e-06 9.68818949331762e-06 9.50367575569544e-06 9.41178223001771e-06 9.35076150199166e-06 9.2897407739656e-06 9.22872004593955e-06 9.1677002274082e-06 9.10667949938215e-06 9.0456587713561e-06 8.97306017577648e-06 8.86572524905205e-06 8.75839032232761e-06 8.65105630509788e-06 8.54372137837345e-06 8.43638736114372e-06 8.32905243441928e-06 8.22171750769485e-06 8.19864089862676e-06 8.20364948594943e-06 8.20865807327209e-06 8.21366666059475e-06 8.21867524791742e-06 8.22368383524008e-06 8.22869242256274e-06 8.26231280370848e-06 8.38177038531285e-06 8.50122796691721e-06 8.62068554852158e-06
1.24278285511537e-05 1.2242154298292e-05 1.20564800454304e-05 1.18708067020634e-05 1.16851324492018e-05 1.14994591058348e-05 1.13137848529732e-05 1.11231256596511e-05 1.09175098259584e-05 1.07118939922657e-05 1.05062772490783e-05 1.03006614153855e-05 1.00950455816928e-05 9.88942974800011e-06 9.68381300481269e-06 9.59370572672924e-06 9.54210190684535e-06 9.49049717746675e-06 9.43889244808815e-06 9.38728862820426e-06 9.33568389882566e-06 9.28407916944707e-06 9.21695118449861e-06 9.10325252334587e-06 8.98955386219313e-06 8.8758552010404e-06 8.76215653988766e-06 8.64845787873492e-06 8.53475921758218e-06 8.42106055642944e-06 8.38107553136069e-06 8.36566141515505e-06 8.3502472989494e-06 8.33483318274375e-06 8.3194190665381e-06 8.30400495033246e-06 8.28859174362151e-06 8.30562385090161e-06 8.41999553813366e-06 8.53436813486042e-06 8.64873982209247e-06
1.28843021229841e-05 1.26803552120691e-05 1.24764073916594e-05 1.22724604807445e-05 1.20685126603348e-05 1.18645657494199e-05 1.16606179290102e-05 1.14509775812621e-05 1.12242596514989e-05 1.09975417217356e-05 1.07708237919724e-05 1.05441049527144e-05 1.03173870229512e-05 1.00906690931879e-05 9.86395116342464e-06 9.77563013293548e-06 9.73344140220433e-06 9.6912535809679e-06 9.64906485023675e-06 9.60687702900032e-06 9.56468829826917e-06 9.52249956753803e-06 9.46084310271544e-06 9.3407797976397e-06 9.22071740205865e-06 9.10065409698291e-06 8.98059170140186e-06 8.86052839632612e-06 8.74046600074507e-06 8.62040269566933e-06 8.56351016409462e-06 8.52767334436066e-06 8.49183652462671e-06 8.45600061438745e-06 8.42016379465349e-06 8.38432697491953e-06 8.34849015518557e-06 8.34893489809474e-06 8.45822160044918e-06 8.56750739330892e-06 8.67679409566335e-06
1.33407766043092e-05 1.31185561258462e-05 1.28963347378885e-05 1.26741142594256e-05 1.24518928714679e-05 1.22296723930049e-05 1.20074510050472e-05 1.17788304123678e-05 1.1531010386534e-05 1.12831894512055e-05 1.10353694253718e-05 1.0787549399538e-05 1.05397284642095e-05 1.02919084383757e-05 1.00440884125419e-05 9.95755362964701e-06 9.92478180705803e-06 9.89200998446904e-06 9.85923725238536e-06 9.82646542979637e-06 9.79369269771269e-06 9.7609208751237e-06 9.70473502093228e-06 9.57830798142822e-06 9.45188094192417e-06 9.32545390242012e-06 9.19902686291607e-06 9.07259982341202e-06 8.94617278390797e-06 8.81974574440392e-06 8.74594479682855e-06 8.68968527356628e-06 8.63342575030401e-06 8.57716713653645e-06 8.52090761327418e-06 8.46464899950661e-06 8.40838947624434e-06 8.39224503579317e-06 8.49644675326999e-06 8.60064756125212e-06 8.70484927872894e-06
