data/working_set_collections/6091692-Cassins_Sparrow-M2/2015/qinfil_avg.asc
NCOLS 265 
NROWS 230 
XLLCORNER -115.5625 
YLLCORNER 24.8333333333333 
CELLSIZE 0.0833333333333333 
NODATA_value -9999 
[rows 126 to 143 of 230, columns 41 to 81 of 265]
6.98011081112782e-06 7.21342939868919e-06 7.44674798625056e-06 7.65552704251604e-06 7.79068977863062e-06 7.9258525147452e-06 8.06101525085978e-06 8.19617889646906e-06 8.33134163258364e-06 8.46650436869822e-06 8.6016671048128e-06 8.86024554347387e-06 9.15996224648552e-06 9.45967894949717e-06 9.75939656200353e-06 1.00591132650152e-05 1.03588299680268e-05 1.06585475805332e-05 1.08991725937813e-05 1.09625225377386e-05 1.10258724816958e-05 1.10892224256531e-05 1.11525723696104e-05 1.1215921404073e-05 1.12792713480303e-05 1.13426212919876e-05 1.1351647117408e-05 1.13425649033161e-05 1.13334826892242e-05 1.13244004751323e-05 1.13153191705351e-05 1.13062369564432e-05 1.12971547423513e-05 1.12722536869114e-05 1.11998970169225e-05 1.11275403469335e-05 1.10551836769446e-05 1.09828270069556e-05 1.09104703369667e-05 1.08381136669777e-05 1.07657569969888e-05
6.87096007823129e-06 7.10371296008816e-06 7.33646538719768e-06 7.54030679672724e-06 7.65741606301162e-06 7.77452441980131e-06 7.8916336860857e-06 8.00874204287538e-06 8.12585130915977e-06 8.24295966594946e-06 8.36006893223384e-06 8.62246633914765e-06 8.93329251994146e-06 9.24411870073527e-06 9.55494488152908e-06 9.86577106232289e-06 1.01765972431167e-05 1.04874243334052e-05 1.07415835373104e-05 1.08257436295389e-05 1.09099037217675e-05 1.09940629045013e-05 1.10782229967299e-05 1.11623830889584e-05 1.1246543181187e-05 1.13307032734156e-05 1.13406877062516e-05 1.13259466161253e-05 1.13112064354937e-05 1.12964653453673e-05 1.12817251647357e-05 1.12669849841041e-05 1.12522438939777e-05 1.12256548163714e-05 1.11635217763251e-05 1.1101387826784e-05 1.1039253877243e-05 1.09771208371967e-05 1.09149868876557e-05 1.08528529381147e-05 1.07907189885736e-05
6.76180980008212e-06 6.99399606673978e-06 7.2261827881448e-06 7.42508609619108e-06 7.52414098315057e-06 7.62319632485742e-06 7.72225121181691e-06 7.8213060987764e-06 7.9203609857359e-06 8.01941587269539e-06 8.11847075965488e-06 8.38468622532673e-06 8.7066218839027e-06 9.02855754247867e-06 9.35049320105463e-06 9.6724288596306e-06 9.99436451820657e-06 1.03163001767825e-05 1.05839944808395e-05 1.06889647213393e-05 1.07939349618391e-05 1.08989042928442e-05 1.10038745333441e-05 1.11088447738439e-05 1.1213814104849e-05 1.13187843453488e-05 1.13297273856006e-05 1.13093283289345e-05 1.12889292722684e-05 1.12685302156024e-05 1.12481311589363e-05 1.12277321022702e-05 1.12073339550989e-05 1.11790568553261e-05 1.1127145626233e-05 1.10752353066346e-05 1.10233240775415e-05 1.09714137579431e-05 1.091950252885e-05 1.08675922092516e-05 1.08156818896532e-05
6.6526590671856e-06 6.88427962813876e-06 7.11590018909192e-06 7.30986585040228e-06 7.39086681278422e-06 7.47186777516617e-06 7.55286873754812e-06 7.63387015467742e-06 7.71487066231202e-06 7.79587207944132e-06 7.87687349657062e-06 8.14690702100052e-06 8.47995215735864e-06 8.81299729371676e-06 9.14604243007489e-06 9.47908756643301e-06 9.81213270279113e-06 1.01451769296546e-05 1.04264063338633e-05 1.05521858131397e-05 1.06779662019107e-05 1.08037456811871e-05 1.09295260699582e-05 1.10553055492346e-05 1.11810859380057e-05 1.13068654172821e-05 1.13187670649495e-05 1.12927100417437e-05 1.12666530185379e-05 1.12405950858374e-05 1.12145380626316e-05 1.11884801299311e-05 1.11624231067253e-05 1.1132457984786e-05 1.10907703856356e-05 1.10490827864851e-05 1.10073942778399e-05 1.09657066786895e-05 1.0924019079539e-05 1.08823314803885e-05 1.08406438812381e-05
6.54350833428907e-06 6.77456273479038e-06 7.00561759003904e-06 7.19464514986612e-06 7.25759218767053e-06 7.32053922547493e-06 7.38348671802669e-06 7.4464337558311e-06 7.5093807936355e-06 7.57232828618726e-06 7.63527532399166e-06 7.9091278166743e-06 8.25328243081458e-06 8.59743704495486e-06 8.94159074960044e-06 9.28574536374072e-06 9.629899977881e-06 9.97405368252657e-06 1.02688172773924e-05 1.041540690494e-05 1.05619974419824e-05 1.070858706953e-05 1.08551766970777e-05 1.10017672341201e-05 1.11483568616677e-05 1.12949464892154e-05 1.13078076537931e-05 1.12760917545529e-05 1.12443758553127e-05 1.12126599560725e-05 1.11809440568322e-05 1.1149228157592e-05 1.11175122583518e-05 1.10858600237407e-05 1.10543951450381e-05 1.10229302663356e-05 1.09914653876331e-05 1.09600005089305e-05 1.0928535630228e-05 1.08970707515255e-05 1.08656058728229e-05
6.43435760139255e-06 6.66484629618935e-06 6.89533499098616e-06 7.07942444932996e-06 7.12431756255683e-06 7.16921113053104e-06 7.2141042437579e-06 7.25899781173212e-06 7.30389092495898e-06 7.34878403818584e-06 7.39367760616005e-06 7.67134861234808e-06 8.02661270427052e-06 8.38187588669825e-06 8.73713997862069e-06 9.09240316104842e-06 9.44766725297086e-06 9.80293043539859e-06 1.01112282209215e-05 1.02786279967404e-05 1.0446028682054e-05 1.06134284578729e-05 1.07808282336919e-05 1.09482280095108e-05 1.11156277853297e-05 1.12830284706433e-05 1.12968473331421e-05 1.12594734673621e-05 1.12220986920875e-05 1.11847248263075e-05 1.11473509605275e-05 1.11099761852529e-05 1.10726023194729e-05 1.10392611532006e-05 1.1018018994946e-05 1.09967768366914e-05 1.09755355879315e-05 1.09542934296769e-05 1.09330512714223e-05 1.09118100226624e-05 1.08905678644078e-05
6.49846833766787e-06 6.7304308686289e-06 6.96239339958993e-06 7.14371026333538e-06 7.1730910349288e-06 7.20247180652223e-06 7.23185257811565e-06 7.26123334970907e-06 7.2906141213025e-06 7.31999489289592e-06 7.34937566448934e-06 7.62120725994464e-06 7.97385655459948e-06 8.32650493975962e-06 8.67915423441445e-06 9.03180261957459e-06 9.38445100473473e-06 9.73710029938957e-06 1.00465867944877e-05 1.02265858004102e-05 1.04065857158275e-05 1.05865847217501e-05 1.07665837276727e-05 1.094658364309e-05 1.11265826490126e-05 1.13065816549351e-05 1.13138166852877e-05 1.12634643301135e-05 1.12131110654445e-05 1.11627578007756e-05 1.11124045361066e-05 1.10620512714377e-05 1.10116980067687e-05 1.09672391772619e-05 1.0940462743747e-05 1.09136863102322e-05 1.0886910786212e-05 1.08601343526971e-05 1.08333579191822e-05 1.0806582395162e-05 1.07798059616471e-05
6.73584054311505e-06 6.97131690685637e-06 7.2067932705977e-06 7.38750304662972e-06 7.40391260478646e-06 7.42032216294319e-06 7.43673172109993e-06 7.45314127925667e-06 7.46955083741341e-06 7.48596039557015e-06 7.50236995372688e-06 7.75870466895867e-06 8.09501398180146e-06 8.43132420413895e-06 8.76763351698173e-06 9.10394373931922e-06 9.44025305216201e-06 9.77656236500479e-06 1.00748920885962e-05 1.02592803159496e-05 1.04436685433029e-05 1.06280558611616e-05 1.08124440885149e-05 1.09968323158682e-05 1.11812205432216e-05 1.13656087705749e-05 1.13587157102302e-05 1.12880634333123e-05 1.12174111563945e-05 1.1146757969982e-05 1.10761056930642e-05 1.10054525066516e-05 1.09348002297338e-05 1.08697940959246e-05 1.08217263914412e-05 1.07736586869578e-05 1.07255909824744e-05 1.0677523277991e-05 1.06294555735076e-05 1.05813878690242e-05 1.05333201645408e-05
6.97321274856222e-06 7.21220294508385e-06 7.45119314160547e-06 7.6312953751767e-06 7.63473326514941e-06 7.63817206461681e-06 7.64160995458951e-06 7.64504875405692e-06 7.64848664402962e-06 7.65192544349702e-06 7.65536333346972e-06 7.896201168478e-06 8.21617231849814e-06 8.53614255902357e-06 8.85611370904371e-06 9.17608394956915e-06 9.49605509958928e-06 9.81602534011472e-06 1.01031973827048e-05 1.02919739219942e-05 1.04807513707783e-05 1.06695279100677e-05 1.08583044493571e-05 1.10470818981412e-05 1.12358584374306e-05 1.142463497672e-05 1.14036147351726e-05 1.13126634460059e-05 1.12217112473445e-05 1.11307590486831e-05 1.10398068500217e-05 1.09488546513603e-05 1.08579024526989e-05 1.07723490145872e-05 1.07029891296406e-05 1.06336301541887e-05 1.05642711787368e-05 1.04949112937902e-05 1.04255523183383e-05 1.03561933428864e-05 1.02868334579398e-05
7.21058495400939e-06 7.45308898331132e-06 7.69559301261324e-06 7.87508724897634e-06 7.86555483500706e-06 7.85602242103778e-06 7.8464890975738e-06 7.83695668360451e-06 7.82742336014053e-06 7.81789094617125e-06 7.80835762270726e-06 8.03369857749203e-06 8.33732974570012e-06 8.6409618234029e-06 8.94459299161099e-06 9.24822506931378e-06 9.55185623752186e-06 9.85548831522465e-06 1.01315026768134e-05 1.03246684375335e-05 1.05178341982537e-05 1.07109999589738e-05 1.09041648101993e-05 1.10973305709194e-05 1.12904963316396e-05 1.1483661182865e-05 1.14485146696097e-05 1.13372625492048e-05 1.12260113382945e-05 1.11147592178895e-05 1.10035080069792e-05 1.08922558865743e-05 1.0781004675664e-05 1.06749030237552e-05 1.05842527773348e-05 1.04936016214197e-05 1.04029504655045e-05 1.03123002190841e-05 1.0221649063169e-05 1.01309988167486e-05 1.00403476608335e-05
7.44795670470921e-06 7.69397502153879e-06 7.93999242887367e-06 8.11888003227068e-06 8.09637640486471e-06 8.07387186796404e-06 8.05136824055808e-06 8.02886370365741e-06 8.00636007625144e-06 7.98385553935077e-06 7.9613519119448e-06 8.17119507701136e-06 8.4584880823968e-06 8.74578017828753e-06 9.03307318367297e-06 9.3203652795637e-06 9.60765828494914e-06 9.89495038083987e-06 1.01598088804167e-05 1.03573629530729e-05 1.05549170257291e-05 1.07524710983853e-05 1.09500251710415e-05 1.11475792436977e-05 1.13451342258486e-05 1.15426882985048e-05 1.14934136945521e-05 1.13618625618983e-05 1.12303114292445e-05 1.10987602965906e-05 1.09672091639368e-05 1.08356580312829e-05 1.07041068986291e-05 1.05774579424178e-05 1.04655155155342e-05 1.03535730886506e-05 1.0241630661767e-05 1.01296882348834e-05 1.00177467174944e-05 9.90580429061083e-06 9.79386186372722e-06
7.68532936490374e-06 7.93486105976626e-06 8.18439275462879e-06 8.36267281556502e-06 8.32719706522767e-06 8.29172222438501e-06 8.25624647404766e-06 8.220771633205e-06 8.18529679236235e-06 8.149821042025e-06 8.11434620118234e-06 8.30869248602539e-06 8.57964550959878e-06 8.85059944266686e-06 9.12155246624025e-06 9.39250639930833e-06 9.66345942288171e-06 9.9344133559498e-06 1.01881141745253e-05 1.03900565591175e-05 1.05919998532045e-05 1.07939431472914e-05 1.09958855318837e-05 1.11978288259706e-05 1.13997712105629e-05 1.16017145046499e-05 1.15383127194946e-05 1.13864616650972e-05 1.12346115201944e-05 1.1082760465797e-05 1.09309103208943e-05 1.07790592664969e-05 1.06272091215942e-05 1.04800128610805e-05 1.03467791632283e-05 1.02135445558815e-05 1.00803108580294e-05 9.94707716017729e-06 9.81384346232517e-06 9.68060976447305e-06 9.54737515712623e-06
7.91708407632541e-06 8.16586180008017e-06 8.41463861434022e-06 8.59219835547265e-06 8.55610505823279e-06 8.52001085149823e-06 8.48391755425837e-06 8.44782425701851e-06 8.41173005028395e-06 8.37563675304409e-06 8.33954345580423e-06 8.51638105814345e-06 8.76419562700903e-06 9.01201019587461e-06 9.25982476474019e-06 9.50763933360577e-06 9.75545481196605e-06 1.00032693808316e-05 1.02383874036605e-05 1.04354176073684e-05 1.06324469015817e-05 1.0829476195795e-05 1.10265054900083e-05 1.12235356937163e-05 1.14205649879295e-05 1.16175942821428e-05 1.15471193566918e-05 1.13874766611843e-05 1.12278330561821e-05 1.10681903606746e-05 1.09085467556724e-05 1.07489040601649e-05 1.05892604551627e-05 1.04317741715931e-05 1.0280758033332e-05 1.01297418950708e-05 9.97872575680958e-06 9.8277096185484e-06 9.67669348028721e-06 9.52567825152073e-06 9.37466211325955e-06
8.14322265796363e-06 8.3869772424805e-06 8.63073182699736e-06 8.80745847098297e-06 8.78309856489068e-06 8.7587395682931e-06 8.73438057169551e-06 8.71002066560322e-06 8.68566166900564e-06 8.66130267240806e-06 8.63694367581047e-06 8.79426079336554e-06 9.01213752513286e-06 9.23001334740547e-06 9.44789007917279e-06 9.66576590144541e-06 9.88364263321273e-06 1.010151936498e-05 1.0310629477317e-05 1.04934433693415e-05 1.06762572613661e-05 1.08590720628854e-05 1.104188595491e-05 1.12246998469345e-05 1.14075137389591e-05 1.15903276309837e-05 1.15198345156386e-05 1.13649057311704e-05 1.12099769467022e-05 1.1055048162234e-05 1.09001193777658e-05 1.07451905932976e-05 1.05902618088294e-05 1.04327427834505e-05 1.02674539448344e-05 1.01021651062183e-05 9.9368762676022e-06 9.77158651949139e-06 9.60629768087529e-06 9.44100884225918e-06 9.27572000364307e-06
8.36936033010716e-06 8.60809268488083e-06 8.8468250396545e-06 9.02271767699858e-06 9.01009298104327e-06 8.99746828508796e-06 8.98484267963795e-06 8.97221798368264e-06 8.95959328772733e-06 8.94696859177202e-06 8.93434389581671e-06 9.07214052858762e-06 9.26007851376198e-06 9.44801649893634e-06 9.6359544841107e-06 9.82389246928506e-06 1.00118304544594e-05 1.01997684396338e-05 1.03828715509735e-05 1.05514700408094e-05 1.07200685306452e-05 1.08886670204811e-05 1.10572655103169e-05 1.12258640001528e-05 1.13944624899887e-05 1.15630609798245e-05 1.14925496745855e-05 1.13423348011565e-05 1.11921208372223e-05 1.10419059637934e-05 1.08916919998592e-05 1.07414771264303e-05 1.05912622530013e-05 1.04337113953079e-05 1.02541498563369e-05 1.00745874078711e-05 9.89502586890012e-06 9.71546432992909e-06 9.53590188146336e-06 9.35634034249233e-06 9.1767788035213e-06
8.59549800225068e-06 8.82920812728116e-06 9.06291825231165e-06 9.2379777925089e-06 9.23708739719586e-06 9.23619609238813e-06 9.23530569707509e-06 9.23441530176206e-06 9.23352490644902e-06 9.23263451113598e-06 9.23174411582295e-06 9.35002117330441e-06 9.50802041188581e-06 9.66601965046721e-06 9.8240197985433e-06 9.9820190371247e-06 1.01400191852008e-05 1.02980184237822e-05 1.045511362463e-05 1.06094967122772e-05 1.07638797999243e-05 1.09182628875715e-05 1.10726450657239e-05 1.12270281533711e-05 1.13814112410182e-05 1.15357943286654e-05 1.14652648335323e-05 1.13197647806373e-05 1.11742647277424e-05 1.10287637653528e-05 1.08832637124578e-05 1.07377636595629e-05 1.0592263606668e-05 1.04346800071653e-05 1.02408448583446e-05 1.00470106190187e-05 9.85317547019804e-06 9.65934123087209e-06 9.46550608205143e-06 9.27167184272548e-06 9.07783669390483e-06
8.8216365838889e-06 9.0503235696815e-06 9.27901055547409e-06 9.45323699852452e-06 9.46408090385376e-06 9.47492480918299e-06 9.48576871451223e-06 9.49661261984147e-06 9.50745652517071e-06 9.51830043049995e-06 9.52914433582919e-06 9.6279009085265e-06 9.75596231000964e-06 9.88402280199807e-06 1.00120842034812e-05 1.01401456049643e-05 1.02682070064475e-05 1.03962684079306e-05 1.05273556982866e-05 1.0667523383745e-05 1.08076901597087e-05 1.09478578451672e-05 1.10880255306256e-05 1.12281923065893e-05 1.13683599920478e-05 1.15085276775062e-05 1.14379799924791e-05 1.12971938506234e-05 1.11564077087678e-05 1.10156224764069e-05 1.08748363345512e-05 1.07340501926956e-05 1.05932649603346e-05 1.04356486190227e-05 1.02275407698471e-05 1.00194329206715e-05 9.81132507149596e-06 9.60321813181508e-06 9.39511028263951e-06 9.18700243346393e-06 8.97889458428835e-06
9.04777425603243e-06 9.27143901208183e-06 9.49510376813123e-06 9.66849711403484e-06 9.69107532000635e-06 9.71365352597786e-06 9.73623173194937e-06 9.75880993792089e-06 9.7813881438924e-06 9.80396634986391e-06 9.82654455583543e-06 9.90578064374859e-06 1.00039032986388e-05 1.01020268630236e-05 1.02001495179138e-05 1.0298272172804e-05 1.03963948276942e-05 1.04945174825843e-05 1.05995977719431e-05 1.07255500552128e-05 1.08515014289878e-05 1.09774537122576e-05 1.11034050860326e-05 1.12293573693023e-05 1.13553087430773e-05 1.14812601168524e-05 1.14106951514259e-05 1.12746229206095e-05 1.11385515992879e-05 1.10024802779662e-05 1.08664089566446e-05 1.07303367258282e-05 1.05942654045066e-05 1.04366163213854e-05 1.02142366813496e-05 9.99185613181908e-06 9.76947558228858e-06 9.54709503275808e-06 9.32471448322758e-06 9.10233393369708e-06 8.87995338416658e-06
