data/working_set_collections/6091692-Cassins_Sparrow-M2/2015/qv2m_avg.asc
NCOLS 265 
NROWS 230 
XLLCORNER -115.5625 
YLLCORNER 24.8333333333333 
CELLSIZE 0.0833333333333333 
NODATA_value -9999 
[rows 209 to 227 of 230, columns 126 to 167 of 265]
0.00728186219930649 0.00732086645439267 0.00736504141241312 0.00740921637043357 0.00745339132845402 0.00749756628647447 0.00754174124449492 0.00758591666817665 0.00763074122369289 0.00767751503735781 0.00772428885102272 0.00777106219902635 0.00781783647835255 0.00786461029201746 0.0079113831743598 0.00795815698802471 0.00798056367784739 0.00799484644085169 0.00800912920385599 0.00802341289818287 0.00803769566118717 0.00805197935551405 0.00806626211851835 0.00809193029999733 0.00815175101161003 0.00821157172322273 0.00827139243483543 0.00833121314644814 0.00839103385806084 0.00845085456967354 0.00851067528128624 0.00854844786226749 0.00857887044548988 0.00860929302871227 0.00863971561193466 0.00867013819515705 0.00870056077837944 0.00873098336160183 0.00877728406339884 0.0088712191209197 0.00896515417844057 0.00905908923596144
0.00726996036246419 0.00730861630290747 0.00735220685601234 0.00739579740911722 0.0074393879622221 0.00748297851532698 0.00752656860277057 0.00757015915587544 0.00761473970487714 0.00766229024156928 0.00770984077826142 0.00775739131495357 0.00780494138598442 0.00785249192267656 0.00790004245936871 0.00794759299606085 0.00797223299741745 0.0079892361536622 0.00800623930990696 0.00802324153482914 0.0080402446910739 0.00805724784731865 0.0080742510035634 0.00810263678431511 0.00816517043858767 0.00822770316153765 0.0082902368158102 0.00835277047008276 0.00841530412435532 0.0084778368473053 0.00854037050157785 0.0085708275437355 0.00859059207141399 0.00861035659909248 0.00863012205809355 0.00864988658577204 0.00866965111345053 0.00868941564112902 0.00872707460075617 0.00881841592490673 0.00890975631773472 0.00900109764188528
0.00726430956274271 0.00730029307305813 0.007340541575104 0.00738079054281116 0.00742103904485703 0.00746128801256418 0.00750153651461005 0.00754178548231721 0.00758424447849393 0.00763333356007934 0.00768242310732603 0.00773151265457273 0.00778060220181942 0.00782969128340483 0.00787878129631281 0.00792787037789822 0.00795730575919151 0.00798019114881754 0.00800307560712099 0.00802596006542444 0.00804884545505047 0.00807172991335392 0.00809461437165737 0.00812800228595734 0.00819290056824684 0.00825779791921377 0.00832269620150328 0.00838759448379278 0.00845249183475971 0.00851739011704922 0.00858228746801615 0.00860479101538658 0.0086131626740098 0.00862153433263302 0.00862990599125624 0.00863827764987946 0.00864664930850267 0.00865502096712589 0.0086832819506526 0.00877120811492205 0.00885913427919149 0.00894706044346094
0.00725865876302123 0.0072919693775475 0.00732887675985694 0.00736578367650509 0.00740269059315324 0.00743959750980139 0.00747650442644954 0.00751341134309769 0.00755374878644943 0.00760437734425068 0.00765500590205193 0.00770563399419188 0.00775626255199313 0.00780689110979438 0.00785751920193434 0.00790814775973558 0.00794237945228815 0.00797114614397287 0.00799991190433502 0.00802867859601974 0.00805744528770447 0.00808621104806662 0.00811497773975134 0.00815336778759956 0.00822063069790602 0.0082878926768899 0.00835515558719635 0.00842241756618023 0.00848968047648668 0.00855694245547056 0.00862420443445444 0.00863875448703766 0.00863573327660561 0.00863271206617355 0.0086296908557415 0.00862666871398687 0.00862364750355482 0.00862062629312277 0.00863948836922646 0.00872400030493736 0.00880851224064827 0.00889302417635918
0.00725300796329975 0.00728364614769816 0.00731721147894859 0.00735077681019902 0.00738434214144945 0.00741790700703859 0.00745147233828902 0.00748503766953945 0.00752325356006622 0.00757542066276073 0.00762758823111653 0.00767975579947233 0.00773192290216684 0.00778409047052264 0.00783625803887844 0.00788842514157295 0.00792745314538479 0.00796210113912821 0.00799674913287163 0.00803139712661505 0.00806604512035847 0.00810069311410189 0.00813534110784531 0.00817873422056437 0.00824836082756519 0.00831798743456602 0.00838761404156685 0.00845724157989025 0.00852686818689108 0.00859649479389191 0.00866612233221531 0.00867271795868874 0.00865830387920141 0.00864388886839151 0.00862947478890419 0.00861506070941687 0.00860064569860697 0.00858623161911964 0.00859569478780031 0.00867679249495268 0.00875788927078247 0.00883898697793484
0.00724735716357827 0.00727532291784883 0.00730554619804025 0.00733576994389296 0.00736599322408438 0.00739621696993709 0.00742644025012851 0.00745666399598122 0.00749275786802173 0.00754646444693208 0.00760017056018114 0.00765387713909149 0.00770758371800184 0.00776128983125091 0.00781499594449997 0.00786870252341032 0.00791252683848143 0.00795305613428354 0.00799358543008566 0.00803411565721035 0.00807464495301247 0.00811517518013716 0.00815570447593927 0.00820409972220659 0.00827609095722437 0.00834808219224215 0.00842007342725992 0.0084920646622777 0.00856405589729548 0.00863604806363583 0.0087080392986536 0.00870668143033981 0.00868087355047464 0.00865506660193205 0.00862925872206688 0.00860345177352428 0.00857764389365911 0.00855183694511652 0.00855190213769674 0.008629584684968 0.00870726723223925 0.0087849497795105
0.00724170636385679 0.0072669992223382 0.0072938809171319 0.00732076307758689 0.00734764477238059 0.00737452646717429 0.00740140816196799 0.00742828985676169 0.00746226264163852 0.00751750776544213 0.00757275335490704 0.00762799847871065 0.00768324406817555 0.00773848919197917 0.00779373478144407 0.00784897990524769 0.00789759960025549 0.00794401112943888 0.00799042265862226 0.00803683418780565 0.00808324478566647 0.00812965631484985 0.00817606784403324 0.00822946522384882 0.00830382108688354 0.00837817694991827 0.008452532812953 0.00852688867598772 0.00860124453902245 0.00867560040205717 0.0087499562650919 0.00874064490199089 0.00870344415307045 0.00866624340415001 0.00862904358655214 0.0085918428376317 0.00855464208871126 0.0085174422711134 0.0085081085562706 0.00858237687498331 0.00865664426237345 0.00873091258108616
0.00723878527060151 0.0072619472630322 0.00728620355948806 0.00731045985594392 0.00733471615239978 0.00735897198319435 0.00738322827965021 0.00740748457610607 0.00743936561048031 0.00749412178993225 0.00754887796938419 0.00760363368317485 0.00765838986262679 0.00771314604207873 0.00776790175586939 0.00782265793532133 0.00787332002073526 0.00792261771857738 0.00797191541641951 0.00802121311426163 0.00807051081210375 0.00811980944126844 0.00816910713911057 0.00822398718446493 0.00829561706632376 0.00836724694818258 0.00843887683004141 0.00851050671190023 0.00858213659375906 0.00865376647561789 0.00872539635747671 0.00871286075562239 0.00867226999253035 0.00863168016076088 0.00859108939766884 0.0085504986345768 0.00850990787148476 0.00846931803971529 0.00845612771809101 0.00852513872087002 0.00859414972364902 0.00866316072642803
0.00723859434947371 0.00726016703993082 0.00728251412510872 0.00730486074462533 0.00732720736414194 0.00734955398365855 0.00737190106883645 0.00739424768835306 0.00742406724020839 0.00747630558907986 0.00752854393795133 0.00758078275248408 0.00763302110135555 0.00768525945022702 0.00773749779909849 0.00778973614796996 0.00783968716859818 0.00788887683302164 0.00793806556612253 0.00798725429922342 0.00803644396364689 0.00808563269674778 0.00813482142984867 0.0081876665353775 0.00825147982686758 0.00831529311835766 0.00837910640984774 0.00844291970133781 0.00850673299282789 0.00857054628431797 0.00863435957580805 0.00862332992255688 0.00858735200017691 0.00855137407779694 0.00851539708673954 0.00847941916435957 0.0084434412419796 0.00840746331959963 0.0083959586918354 0.00845787022262812 0.0085197826847434 0.00858169421553612
0.00723840342834592 0.00725838681682944 0.00727882422506809 0.00729926163330674 0.00731969904154539 0.00734013598412275 0.0073605733923614 0.00738101080060005 0.00740876886993647 0.00745848985388875 0.00750821037217975 0.00755793135613203 0.00760765234008431 0.00765737285837531 0.0077070938423276 0.00775681482627988 0.00780605478212237 0.00785513501614332 0.00790421571582556 0.00795329548418522 0.00800237618386745 0.00805145595222712 0.00810053572058678 0.00815134588629007 0.0082073425874114 0.00826333928853273 0.00831933598965406 0.0083753326907754 0.00843132939189672 0.00848732609301805 0.00854332279413939 0.00853379908949137 0.00850243400782347 0.00847106892615557 0.00843970384448767 0.00840833969414234 0.00837697461247444 0.00834560953080654 0.00833578873425722 0.00839060172438622 0.00844541471451521 0.0085002277046442
0.00723821204155684 0.00725660659372807 0.00727513479068875 0.00729366252198815 0.00731219025328755 0.00733071798458695 0.00734924571588635 0.00736777391284704 0.00739347049966455 0.00744067365303636 0.00748787680640817 0.00753507995977998 0.00758228311315179 0.00762948673218489 0.0076766898855567 0.00772389303892851 0.00777242239564657 0.00782139413058758 0.00787036493420601 0.00791933666914701 0.00796830840408802 0.00801727920770645 0.00806625094264746 0.00811502430588007 0.00816320441663265 0.00821138545870781 0.00825956556946039 0.00830774568021297 0.00835592579096556 0.00840410590171814 0.0084522869437933 0.00844426732510328 0.00841751601547003 0.0083907637745142 0.00836401153355837 0.00833725929260254 0.00831050798296928 0.00828375574201345 0.00827561970800161 0.00832333322614431 0.00837104767560959 0.00841876119375229
0.00723802112042904 0.00725482637062669 0.00727144489064813 0.00728806341066957 0.00730468146502972 0.00732129998505116 0.00733791850507259 0.00735453655943274 0.00737817212939262 0.00742285745218396 0.00746754324063659 0.00751222902908921 0.00755691435188055 0.00760160014033318 0.00764628546312451 0.00769097125157714 0.00773878954350948 0.00778765231370926 0.00783651508390903 0.00788537785410881 0.00793424062430859 0.00798310246318579 0.00803196523338556 0.00807870365679264 0.00811906717717648 0.00815943069756031 0.00819979514926672 0.00824015866965055 0.00828052219003439 0.0083208866417408 0.00836125016212463 0.00835473649203777 0.00833259709179401 0.00831045862287283 0.00828831922262907 0.00826617982238531 0.00824404042214155 0.00822190195322037 0.00821545068174601 0.00825606565922499 0.00829667970538139 0.00833729468286037
0.00723783019930124 0.00725304614752531 0.0072677549906075 0.00728246429935098 0.00729717314243317 0.00731188198551536 0.00732659082859755 0.00734129967167974 0.0073628737591207 0.00740504171699286 0.00744720967486501 0.00748937763273716 0.00753154559060931 0.00757371354848146 0.00761588150635362 0.00765804946422577 0.00770515715703368 0.00775391096249223 0.00780266476795077 0.00785141903907061 0.00790017284452915 0.0079489266499877 0.00799768045544624 0.00804238207638264 0.0080749299377203 0.00810747686773539 0.00814002472907305 0.00817257165908813 0.00820511858910322 0.00823766645044088 0.00827021338045597 0.00826520565897226 0.00824767909944057 0.00823015253990889 0.00821262691169977 0.00819510035216808 0.0081775737926364 0.00816004723310471 0.0081552816554904 0.00818879716098309 0.00822231266647577 0.00825582724064589
0.00723925558850169 0.0072536445222795 0.00726746441796422 0.00728128477931023 0.00729510467499495 0.00730892503634095 0.00732274539768696 0.00733656529337168 0.00735659385100007 0.00739524606615305 0.00743389874696732 0.0074725509621203 0.00751120364293456 0.00754985632374883 0.00758850853890181 0.00762716121971607 0.00767210498452187 0.00771914608776569 0.00776618765667081 0.00781322829425335 0.00786026939749718 0.007907310500741 0.00795435253530741 0.0079968748614192 0.00802584085613489 0.00805480685085058 0.00808377284556627 0.00811273884028196 0.00814170576632023 0.00817067176103592 0.00819963775575161 0.0081961564719677 0.00818185973912477 0.00816756300628185 0.00815326627343893 0.00813896860927343 0.00812467187643051 0.00811037514358759 0.00810693576931953 0.00813606753945351 0.00816519930958748 0.00819433201104403
0.00724229775369167 0.00725662056356668 0.007270572707057 0.00728452485054731 0.00729847699403763 0.00731242913752794 0.00732638128101826 0.00734033342450857 0.00735933240503073 0.00739347143098712 0.00742761045694351 0.0074617494828999 0.0074958885088563 0.00753002753481269 0.00756416656076908 0.00759830558672547 0.00763963395729661 0.00768335862085223 0.00772708281874657 0.00777080748230219 0.00781453214585781 0.00785825680941343 0.00790198147296906 0.00794217921793461 0.00797179993242025 0.0080014206469059 0.00803104043006897 0.00806066114455462 0.00809028185904026 0.00811990164220333 0.00814952235668898 0.00814758986234665 0.00813513901084661 0.00812268815934658 0.00811023730784655 0.00809778645634651 0.00808533560484648 0.00807288475334644 0.00807041302323341 0.00809787772595882 0.00812534242868423 0.00815280713140965
0.00724534038454294 0.00725959707051516 0.00727368146181107 0.00728776538744569 0.00730184931308031 0.00731593370437622 0.00733001763001084 0.00734410155564547 0.00736207095906138 0.00739169679582119 0.00742132216691971 0.00745094800367951 0.00748057384043932 0.00751019921153784 0.00753982504829764 0.00756945041939616 0.00760716293007135 0.00764757068827748 0.00768797844648361 0.00772838667035103 0.00776879442855716 0.00780920218676329 0.0078496104106307 0.00788748450577259 0.00791775900870562 0.00794803444296122 0.00797830894589424 0.00800858344882727 0.00803885795176029 0.00806913245469332 0.00809940695762634 0.00809902232140303 0.00808841735124588 0.00807781331241131 0.00806720834225416 0.00805660337209702 0.00804599840193987 0.0080353943631053 0.00803389027714729 0.00805968698114157 0.00808548461645842 0.00811128132045269
0.00724838254973292 0.00726257357746363 0.00727678975090384 0.00729100592434406 0.00730522163212299 0.00731943780556321 0.00733365397900343 0.00734786968678236 0.00736480997875333 0.00738992216065526 0.00741503434255719 0.00744014652445912 0.00746525870636106 0.00749037088826299 0.00751548307016492 0.00754059525206685 0.00757469143718481 0.00761178275570273 0.00764887407422066 0.00768596539273858 0.0077230567112565 0.00776014802977443 0.00779723934829235 0.00783278979361057 0.00786371901631355 0.00789464730769396 0.00792557653039694 0.00795650575309992 0.00798743404448032 0.0080183632671833 0.00804929248988628 0.00805045571178198 0.00804169662296772 0.00803293846547604 0.00802417937666178 0.00801542121917009 0.00800666213035583 0.00799790397286415 0.00799736753106117 0.00802149716764688 0.0080456268042326 0.00806975644081831
0.0072514247149229 0.0072655500844121 0.00727989803999662 0.00729424599558115 0.00730859395116568 0.0073229419067502 0.00733728986233473 0.00735163781791925 0.00736754853278399 0.00738814752548933 0.00740874605253339 0.00742934504523873 0.00744994357228279 0.00747054209932685 0.00749114109203219 0.00751173961907625 0.00754222040995955 0.00757599528878927 0.0076097697019577 0.00764354411512613 0.00767731899395585 0.00771109340712428 0.007744868285954 0.00777809508144855 0.00780967809259892 0.00784126110374928 0.00787284411489964 0.00790442712605 0.00793601013720036 0.00796759407967329 0.00799917709082365 0.00800188817083836 0.00799497589468956 0.00798806361854076 0.00798115041106939 0.0079742381349206 0.0079673258587718 0.00796041265130043 0.00796084385365248 0.00798330642282963 0.00800576899200678 0.00802823156118393
0.00725446688011289 0.00726852659136057 0.0072830063290894 0.00729748653247952 0.00731196627020836 0.00732644600793719 0.00734092621132731 0.00735540594905615 0.00737028708681464 0.00738637242466211 0.00740245776250958 0.00741854310035706 0.00743462843820453 0.007450713776052 0.00746679911389947 0.00748288445174694 0.0075097493827343 0.00754020735621452 0.00757066532969475 0.00760112330317497 0.0076315812766552 0.00766203925013542 0.00769249722361565 0.00772339990362525 0.00775563716888428 0.00778787489980459 0.00782011169940233 0.00785234943032265 0.00788458716124296 0.0079168239608407 0.00794906169176102 0.00795332156121731 0.0079482551664114 0.00794318784028292 0.00793812144547701 0.0079330550506711 0.00792798865586519 0.00792292226105928 0.00792432110756636 0.00794511660933495 0.00796591117978096 0.00798670668154955
