data/working_set_collections/6091692-Cassins_Sparrow-M2/2015/qv2m_avg.asc
NCOLS 265 
NROWS 230 
XLLCORNER -115.5625 
YLLCORNER 24.8333333333333 
CELLSIZE 0.0833333333333333 
NODATA_value -9999 
[rows 95 to 113 of 230, columns 210 to 251 of 265]
0.00889346189796925 0.00892181508243084 0.00895016919821501 0.0089785223826766 0.0090068755671382 0.00903522968292236 0.00906358286738396 0.00909732654690742 0.0091328676789999 0.0091684078797698 0.0092039480805397 0.00923948921263218 0.00927502941340208 0.00931057054549456 0.00934559945017099 0.00937909353524446 0.00941258762031794 0.00944608170539141 0.00947957579046488 0.00951306987553835 0.00954656396061182 0.00958005804568529 0.00960708037018776 0.00963194575160742 0.00965681113302708 0.00968167558312416 0.00970654096454382 0.00973140634596348 0.00975627172738314 0.0097703393548727 0.00975201558321714 0.00973369181156158 0.00971536803990602 0.00969704426825047 0.00967872142791748 0.00966039765626192 0.00964207388460636 0.00961344223469496 0.0095813749358058 0.00954930763691664 0.00951724126935005 0.00948517397046089
0.00892168655991554 0.00895137526094913 0.00898106303066015 0.00901075080037117 0.00904043950140476 0.00907012727111578 0.0090998150408268 0.00913429539650679 0.00917037297040224 0.0092064505442977 0.00924252811819315 0.00927860662341118 0.00931468419730663 0.00935076177120209 0.00938594155013561 0.0094184298068285 0.00945091899484396 0.00948340725153685 0.00951589550822973 0.00954838376492262 0.00958087295293808 0.00961336120963097 0.00964006874710321 0.00966485030949116 0.00968963094055653 0.00971441250294447 0.00973919313400984 0.00976397469639778 0.00978875532746315 0.00980295054614544 0.00978538859635592 0.00976782664656639 0.00975026469677687 0.00973270274698734 0.00971514079719782 0.0096975788474083 0.00968001689761877 0.0096530644223094 0.00962298270314932 0.00959290098398924 0.00956281833350658 0.0095327366143465
0.0089546823874116 0.008984399959445 0.0090141175314784 0.00904383510351181 0.00907355360686779 0.0091032711789012 0.0091329887509346 0.00916829332709312 0.00920546054840088 0.00924262776970863 0.00927979405969381 0.00931696128100157 0.00935412850230932 0.00939129572361708 0.00942703615874052 0.00945849902927876 0.00948996189981699 0.00952142477035522 0.00955288670957088 0.00958434958010912 0.00961581245064735 0.00964727532118559 0.00967412628233433 0.00969944056123495 0.00972475484013557 0.0097500691190362 0.00977538339793682 0.00980069767683744 0.00982601195573807 0.00984137319028378 0.00982687529176474 0.00981237832456827 0.00979788042604923 0.00978338345885277 0.00976888556033373 0.00975438766181469 0.00973989069461823 0.0097167082130909 0.00969063024967909 0.00966455228626728 0.00963847525417805 0.00961239729076624
0.00898767728358507 0.00901742465794086 0.00904717203229666 0.00907691940665245 0.00910666678100824 0.00913641415536404 0.00916616152971983 0.00920229125767946 0.00924054719507694 0.009278804063797 0.00931706000119448 0.00935531686991453 0.00939357280731201 0.00943182967603207 0.00946813076734543 0.00949856825172901 0.00952900480479002 0.00955944135785103 0.00958987884223461 0.00962031539529562 0.00965075194835663 0.00968118943274021 0.00970818381756544 0.00973403174430132 0.00975987873971462 0.0097857266664505 0.0098115736618638 0.00983742065727711 0.00986326858401299 0.00987979583442211 0.00986836291849613 0.00985692907124758 0.0098454961553216 0.00983406323939562 0.00982263032346964 0.00981119740754366 0.0097997635602951 0.00978035107254982 0.00975827779620886 0.0097362045198679 0.00971413124352694 0.00969205889850855
0.00902067311108112 0.0090504502877593 0.00908022746443748 0.00911000464111567 0.00913978088647127 0.00916955806314945 0.00919933523982763 0.0092362891882658 0.00927563477307558 0.00931498035788536 0.00935432594269514 0.00939367152750492 0.00943301804363728 0.00947236362844706 0.00950922537595034 0.00953863654285669 0.00956804770976305 0.00959745887666941 0.00962687004357576 0.00965628121048212 0.00968569237738848 0.00971510354429483 0.00974224135279655 0.00976862199604511 0.00979500263929367 0.00982138328254223 0.00984776392579079 0.00987414456903934 0.0099005252122879 0.00991821847856045 0.00990984961390495 0.00990148074924946 0.00989311188459396 0.00988474301993847 0.00987637508660555 0.00986800622195005 0.00985963735729456 0.00984399393200874 0.00982592534273863 0.00980785675346851 0.0097897881641984 0.00977171957492828
0.00905366893857718 0.00908347498625517 0.00911328196525574 0.00914308894425631 0.0091728949919343 0.00920270197093487 0.00923250894993544 0.00927028618752956 0.00931072141975164 0.00935115665197372 0.0093915918841958 0.00943202711641788 0.00947246234863997 0.00951289758086205 0.00955031998455524 0.00957870576530695 0.00960709061473608 0.00963547639548779 0.00966386124491692 0.00969224702566862 0.00972063187509775 0.00974901765584946 0.00977629888802767 0.00980321317911148 0.00983012653887272 0.00985703989863396 0.00988395418971777 0.00991086754947901 0.00993778090924025 0.00995664019137621 0.00995133630931377 0.00994603242725134 0.00994072761386633 0.00993542373180389 0.00993011984974146 0.00992481503635645 0.00991951115429401 0.00990763679146767 0.0098935728892684 0.00987950898706913 0.00986544508486986 0.00985138025134802
0.00908666383475065 0.00911650061607361 0.00914633646607399 0.00917617324739695 0.00920600909739733 0.00923584587872028 0.00926568172872066 0.0093042841181159 0.00934580899775028 0.00938733294606209 0.00942885782569647 0.00947038270533085 0.00951190665364265 0.00955343153327703 0.00959141459316015 0.00961877405643463 0.00964613351970911 0.00967349298298359 0.00970085337758064 0.00972821284085512 0.0097555723041296 0.00978293176740408 0.00981035642325878 0.00983780343085527 0.00986525043845177 0.00989269744604826 0.00992014445364475 0.00994759052991867 0.00997503753751516 0.00999506283551455 0.0099928230047226 0.00999058317393064 0.0099883433431387 0.00998610351234674 0.00998386368155479 0.00998162478208542 0.00997938495129347 0.00997127965092659 0.00996122043579817 0.00995116122066975 0.00994110107421875 0.00993104185909033
0.00912573933601379 0.00915522128343582 0.00918470229953527 0.0092141842469573 0.00924366526305676 0.00927314721047878 0.00930262822657824 0.00934129487723112 0.00938302371650934 0.00942475162446499 0.00946648046374321 0.00950820930302143 0.00954993721097708 0.0095916660502553 0.00962963607162237 0.00965633057057858 0.00968302600085735 0.00970972143113613 0.00973641593009233 0.00976311136037111 0.00978980679064989 0.00981650128960609 0.00984292663633823 0.00986926071345806 0.00989559572190046 0.00992193073034286 0.00994826480746269 0.00997459981590509 0.0100009348243475 0.0100202057510614 0.0100182862952352 0.0100163677707314 0.0100144483149052 0.0100125297904015 0.0100106103345752 0.0100086908787489 0.0100067723542452 0.0100001823157072 0.00999203510582447 0.00998388789594173 0.009975740686059 0.00996759347617626
0.0091708954423666 0.00919963791966438 0.00922838039696217 0.00925712194293737 0.00928586442023516 0.00931460689753294 0.00934334937483072 0.0093813193961978 0.0094223665073514 0.00946341268718243 0.00950445979833603 0.00954550690948963 0.00958655308932066 0.00962760020047426 0.00966498348861933 0.00969137530773878 0.00971776712685823 0.00974415894597769 0.00977055076509714 0.00979694351553917 0.00982333533465862 0.00984972715377808 0.00987400859594345 0.00989758502691984 0.00992116238921881 0.00994473975151777 0.00996831711381674 0.0099918944761157 0.0100154718384147 0.0100320689380169 0.010027727112174 0.0100233843550086 0.0100190425291657 0.0100147007033229 0.0100103579461575 0.0100060161203146 0.0100016742944717 0.00999434385448694 0.0099860168993473 0.00997768994420767 0.00996936392039061 0.00996103696525097
0.00921605154871941 0.00924405455589294 0.00927205756306648 0.00930006057024002 0.00932806357741356 0.0093560665845871 0.00938406959176064 0.00942134391516447 0.00946170929819345 0.00950207374989986 0.00954243913292885 0.00958280451595783 0.00962316896766424 0.00966353435069323 0.00970033090561628 0.00972641911357641 0.00975250825285912 0.00977859739214182 0.00980468653142452 0.00983077473938465 0.00985686387866735 0.00988295301795006 0.00990509055554867 0.0099259102717042 0.00994672998785973 0.00996754970401525 0.00998836942017078 0.0100091891363263 0.0100300088524818 0.0100439321249723 0.0100371669977903 0.0100304018706083 0.0100236367434263 0.0100168716162443 0.0100101064890623 0.0100033413618803 0.0099965762346983 0.00998850539326668 0.00997999869287014 0.00997149292379618 0.00996298622339964 0.00995448045432568
0.00926120765507221 0.00928847119212151 0.0093157347291708 0.00934299919754267 0.00937026273459196 0.00939752627164125 0.00942478980869055 0.00946136843413115 0.00950105115771294 0.0095407348126173 0.00958041846752167 0.00962010212242603 0.0096597857773304 0.00969946850091219 0.00973567832261324 0.00976146385073662 0.00978724937886 0.00981303583830595 0.00983882136642933 0.00986460689455271 0.00989039335399866 0.00991617888212204 0.00993617158383131 0.00995423458516598 0.00997229665517807 0.00999035872519016 0.0100084207952023 0.0100264828652143 0.010044545866549 0.0100557953119278 0.0100466068834066 0.0100374184548855 0.0100282309576869 0.0100190425291657 0.0100098541006446 0.0100006656721234 0.00999147817492485 0.00998266600072384 0.00997398048639297 0.00996529497206211 0.00995660852640867 0.00994792301207781
0.00930636376142502 0.00933288782835007 0.00935941282659769 0.00938593689352274 0.00941246096044779 0.00943898595869541 0.00946551002562046 0.00950139202177525 0.00954039394855499 0.00957939587533474 0.00961839780211449 0.00965739972889423 0.00969640165567398 0.00973540358245373 0.00977102480828762 0.00979650765657425 0.00982199050486088 0.00984747335314751 0.00987295620143414 0.00989843904972076 0.00992392189800739 0.00994940474629402 0.00996725354343653 0.00998255889862776 0.00999786332249641 0.0100131677463651 0.0100284731015563 0.010043777525425 0.0100590819492936 0.0100676584988832 0.0100560467690229 0.0100444359704852 0.0100328242406249 0.0100212134420872 0.0100096017122269 0.00999799091368914 0.0099863801151514 0.00997682753950357 0.00996796227991581 0.00995909702032804 0.00995023176074028 0.00994136650115252
0.00935151986777782 0.0093773053959012 0.00940308999270201 0.00942887552082539 0.00945466011762619 0.00948044564574957 0.00950623024255037 0.00954141654074192 0.00957973673939705 0.00961805693805218 0.00965637713670731 0.00969469733536243 0.00973301753401756 0.00977133773267269 0.00980637222528458 0.00983155239373446 0.00985673163086176 0.00988191179931164 0.00990709103643894 0.00993227120488882 0.00995745044201612 0.009982630610466 0.00999833550304174 0.0100108832120895 0.0100234299898148 0.0100359776988626 0.0100485244765878 0.0100610721856356 0.0100736189633608 0.0100795216858387 0.0100654866546392 0.0100514525547624 0.0100374184548855 0.0100233843550086 0.0100093502551317 0.00999531615525484 0.00998128205537796 0.00997098907828331 0.00996194407343864 0.00995289906859398 0.00994385406374931 0.00993480905890465
0.00939644128084183 0.00942126102745533 0.00944608077406883 0.00947090145200491 0.00949572119861841 0.00952054187655449 0.00954536162316799 0.0095799108967185 0.00961770210415125 0.009655493311584 0.00969328451901674 0.00973107665777206 0.00976886786520481 0.00980665907263756 0.00984126888215542 0.00986633449792862 0.00989140011370182 0.00991646572947502 0.0099415322765708 0.009966597892344 0.0099916635081172 0.0100167291238904 0.0100300814956427 0.0100395306944847 0.0100489789620042 0.0100584281608462 0.0100678764283657 0.0100773256272078 0.0100867738947272 0.0100901126861572 0.0100751193240285 0.0100601259618998 0.0100451335310936 0.0100301401689649 0.0100151477381587 0.01000015437603 0.00998516194522381 0.00997481029480696 0.00996600650250912 0.00995720364153385 0.00994839984923601 0.00993959605693817
0.00944112706929445 0.0094647565856576 0.00948838610202074 0.00951201561838388 0.00953564513474703 0.00955927558243275 0.00958290509879589 0.00961687415838242 0.00965429004281759 0.0096917049959302 0.00972912088036537 0.00976653676480055 0.00980395264923573 0.00984136760234833 0.00987571477890015 0.00990085583180189 0.00992599595338106 0.00995113700628281 0.00997627805918455 0.0100014181807637 0.0100265592336655 0.0100517002865672 0.0100624924525619 0.0100685013458133 0.0100745102390647 0.0100805191323161 0.0100865280255675 0.010092536918819 0.0100985458120704 0.0100994314998388 0.0100849438458681 0.0100704561918974 0.0100559694692492 0.0100414818152785 0.0100269941613078 0.0100125074386597 0.00999801978468895 0.00998829212039709 0.0099801504984498 0.00997200887650251 0.00996386725455523 0.00995572563260794
0.00948581285774708 0.00950825214385986 0.00953069142997265 0.00955312978476286 0.00957556907087564 0.00959800835698843 0.00962044764310122 0.00965383742004633 0.00969087705016136 0.00972791761159897 0.009764957241714 0.00980199687182903 0.00983903650194407 0.00987607706338167 0.00991016067564487 0.00993537623435259 0.00996059272438288 0.00998580828309059 0.0100110238417983 0.010036239400506 0.0100614558905363 0.010086671449244 0.0100949024781585 0.0100974719971418 0.0101000415161252 0.010102610103786 0.0101051796227694 0.0101077491417527 0.0101103186607361 0.0101087503135204 0.0100947683677077 0.010080786421895 0.0100668044760823 0.0100528234615922 0.0100388415157795 0.0100248595699668 0.0100108776241541 0.0100017730146646 0.00999429356306791 0.00998681411147118 0.00997933559119701 0.00997185613960028
0.0095304986461997 0.00955174770206213 0.00957299582660198 0.00959424488246441 0.00961549300700426 0.00963674206286669 0.00965799111872911 0.00969080068171024 0.0097274649888277 0.00976412929594517 0.00980079360306263 0.00983745697885752 0.00987412128597498 0.00991078559309244 0.0099446065723896 0.00996989756822586 0.00999518856406212 0.0100204795598984 0.0100457696244121 0.0100710606202483 0.0100963516160846 0.0101216426119208 0.0101273125037551 0.0101264426484704 0.0101255718618631 0.0101247020065784 0.0101238312199712 0.0101229613646865 0.0101220905780792 0.010118069127202 0.0101045928895473 0.0100911166518927 0.010077640414238 0.0100641641765833 0.0100506879389286 0.0100372117012739 0.0100237354636192 0.0100152539089322 0.010008436627686 0.0100016202777624 0.00999480299651623 0.00998798571527004
0.00957518443465233 0.00959524232894182 0.00961530115455389 0.00963535904884338 0.00965541694313288 0.00967547576874495 0.00969553366303444 0.00972776394337416 0.00976405292749405 0.00980034098029137 0.00983662903308868 0.00987291801720858 0.00990920607000589 0.00994549412280321 0.00997905246913433 0.0100044179707766 0.0100297844037414 0.0100551499053836 0.0100805163383484 0.0101058818399906 0.0101312482729554 0.0101566137745976 0.0101597234606743 0.010155413299799 0.0101511031389236 0.0101467929780483 0.010142482817173 0.0101381726562977 0.0101338624954224 0.0101273879408836 0.010114417411387 0.0101014468818903 0.0100884763523936 0.010075505822897 0.0100625352934003 0.0100495647639036 0.0100365942344069 0.0100287348031998 0.0100225806236267 0.0100164255127311 0.0100102704018354 0.0100041162222624
0.00961987022310495 0.00963873788714409 0.00965760555118322 0.00967647321522236 0.00969534087926149 0.00971420854330063 0.00973307620733976 0.00976472813636065 0.00980064086616039 0.00983655266463757 0.00987246539443731 0.00990837812423706 0.00994429085403681 0.00998020358383656 0.0100134974345565 0.0100389393046498 0.0100643802434206 0.0100898211821914 0.0101152621209621 0.0101407030597329 0.0101661439985037 0.010191585868597 0.0101921334862709 0.0101843839511275 0.0101766344159842 0.0101688839495182 0.0101611344143748 0.0101533848792315 0.0101456353440881 0.0101367067545652 0.0101242419332266 0.0101117771118879 0.0100993113592267 0.010086846537888 0.0100743817165494 0.0100619168952107 0.0100494520738721 0.0100422166287899 0.0100367236882448 0.0100312307476997 0.0100257387384772 0.0100202457979321
