data/working_set_collections/6091692-Cassins_Sparrow-M2/2015/qv2m_avg.asc
NCOLS 265 
NROWS 230 
XLLCORNER -115.5625 
YLLCORNER 24.8333333333333 
CELLSIZE 0.0833333333333333 
NODATA_value -9999 
[rows 76 to 94 of 230, columns 0 to 41 of 265]
0.00400100136175752 0.00402383878827095 0.00404667668044567 0.0040695141069591 0.00409235153347254 0.00411518942564726 0.00413802685216069 0.00415840838104486 0.00417797081172466 0.00419753277674317 0.00421709520742297 0.00423665763810277 0.00425622006878257 0.00427578249946237 0.0042957398109138 0.00431688223034143 0.00433802511543036 0.00435916753485799 0.00438030995428562 0.00440145237371325 0.00442259479314089 0.00444373767822981 0.00444986904039979 0.00445099687203765 0.00445212470367551 0.00445325253531337 0.00445437990128994 0.0044555077329278 0.00445663556456566 0.00445375964045525 0.00443887151777744 0.00442398339509964 0.00440909527242184 0.00439420761540532 0.00437931949272752 0.00436443137004972 0.0043495437130332 0.0043407236225903 0.00433392589911819 0.00432712864130735 0.00432033091783524 0.0043135336600244
0.00401585549116135 0.00403858721256256 0.00406131893396378 0.0040840501897037 0.00410678191110492 0.00412951363250613 0.00415224488824606 0.00417333049699664 0.00419386709108949 0.00421440415084362 0.00423494074493647 0.00425547733902931 0.00427601439878345 0.00429655099287629 0.00431721797212958 0.00433827517554164 0.0043593323789537 0.00438038958236575 0.00440144632011652 0.00442250352352858 0.00444356072694063 0.00446461793035269 0.00446898769587278 0.00446779513731599 0.00446660257875919 0.0044654100202024 0.00446421699598432 0.00446302443742752 0.00446183187887073 0.00445765163749456 0.00444450788199902 0.00443136412650347 0.00441822037100792 0.00440507708117366 0.00439193332567811 0.00437878957018256 0.00436564581468701 0.00435872096568346 0.004353869240731 0.00434901751577854 0.00434416579082608 0.00433931406587362
0.00403400883078575 0.00405652169138193 0.00407903455197811 0.00410154741257429 0.00412405980750918 0.00414657266810536 0.00416908552870154 0.00419197650626302 0.00421499321237206 0.00423800991848111 0.00426102662459016 0.00428404333069921 0.00430706003680825 0.00433007720857859 0.00435257237404585 0.00437350431457162 0.0043944357894361 0.00441536772996187 0.00443629920482635 0.00445723114535213 0.0044781630858779 0.00449909456074238 0.00450240820646286 0.0044998493976891 0.00449729012325406 0.0044947313144803 0.00449217250570655 0.00448961323127151 0.00448705442249775 0.00448200851678848 0.0044695008546114 0.0044569936580956 0.0044444864615798 0.004431979265064 0.00441947160288692 0.00440696440637112 0.00439445720985532 0.00438792956992984 0.00438339542597532 0.00437886128202081 0.00437432760372758 0.00436979345977306
0.00405546044930816 0.00407764175906777 0.00409982353448868 0.0041220048442483 0.00414418615400791 0.00416636792942882 0.00418854923918843 0.00421434640884399 0.00424134870991111 0.00426835101097822 0.00429535331204534 0.00432235561311245 0.00434935791417956 0.00437636021524668 0.00440180348232388 0.00442256964743137 0.00444333627820015 0.00446410244330764 0.00448486860841513 0.0045056352391839 0.00452640140429139 0.00454716756939888 0.00455013103783131 0.004547159653157 0.00454418826848269 0.00454121688380837 0.00453824549913406 0.00453527458012104 0.00453230319544673 0.00452682981267571 0.00451385090127587 0.00450087198987603 0.00448789307847619 0.00447491416707635 0.00446193525567651 0.00444895634427667 0.00443597743287683 0.00442834943532944 0.00442250492051244 0.00441666040569544 0.00441081635653973 0.00440497184172273
0.00407691206783056 0.0040987622924149 0.00412061251699924 0.0041424622759223 0.00416431250050664 0.00418616272509098 0.00420801248401403 0.00423671631142497 0.00426770374178886 0.00429869163781404 0.00432967953383923 0.00436066742986441 0.00439165532588959 0.00442264322191477 0.00445103412494063 0.00447163544595242 0.00449223630130291 0.0045128371566534 0.0045334380120039 0.00455403886735439 0.00457464018836617 0.00459524104371667 0.00459785340353847 0.00459446990862489 0.00459108641371131 0.00458770245313644 0.00458431895822287 0.00458093546330929 0.00457755196839571 0.00457165157422423 0.00455820094794035 0.00454475032165647 0.00453129969537258 0.0045178490690887 0.00450439844280481 0.00449094781652093 0.00447749719023705 0.00446876883506775 0.00446161394938827 0.00445445952937007 0.00444730510935187 0.00444015022367239
0.00409836368635297 0.00411988236010075 0.00414140149950981 0.00416292017325759 0.00418443884700537 0.00420595752075315 0.00422747619450092 0.00425908574834466 0.00429405923932791 0.00432903273031116 0.0043640062212944 0.00439897971227765 0.00443395273759961 0.00446892622858286 0.00450026523321867 0.00452070077881217 0.00454113632440567 0.00456157186999917 0.00458200741559267 0.00460244296118617 0.00462287850677967 0.00464331405237317 0.00464557623490691 0.00464178016409278 0.00463798409327865 0.0046341884881258 0.00463039241731167 0.00462659634649754 0.00462280074134469 0.00461647287011147 0.00460255099460483 0.0045886286534369 0.00457470631226897 0.00456078397110105 0.00454686162993312 0.00453293928876519 0.00451901741325855 0.00450918823480606 0.00450072344392538 0.0044922586530447 0.00448379386216402 0.00447532860562205
0.00411981530487537 0.00414100289344788 0.00416219001635909 0.00418337760493159 0.0042045651935041 0.00422575231641531 0.00424693990498781 0.00428145565092564 0.00432041473686695 0.00435937382280827 0.00439833244308829 0.00443729152902961 0.00447625061497092 0.00451520923525095 0.00454949587583542 0.00456976611167192 0.00459003634750843 0.00461030658334494 0.00463057681918144 0.00465084705501795 0.00467111682519317 0.00469138706102967 0.00469329860061407 0.00468909041956067 0.00468488223850727 0.00468067405745387 0.00467646587640047 0.00467225769534707 0.00466804951429367 0.00466129463165998 0.00464690057560802 0.00463250698521733 0.00461811292916536 0.00460371887311339 0.00458932528272271 0.00457493122667074 0.00456053717061877 0.00454960763454437 0.00453983247280121 0.00453005731105804 0.00452028261497617 0.004510507453233
0.00414126738905907 0.00416212342679501 0.00418297899886966 0.0042038350366056 0.00422469107434154 0.00424554711207747 0.00426640314981341 0.00430382555350661 0.00434677023440599 0.00438971444964409 0.00443265913054347 0.00447560334578156 0.00451854802668095 0.00456149224191904 0.00459872698411345 0.00461883191019297 0.00463893637061119 0.0046590412966907 0.00467914622277021 0.00469925068318844 0.00471935560926795 0.00473946053534746 0.00474102096632123 0.00473640067502856 0.00473177991807461 0.00472715962678194 0.00472253886982799 0.00471791857853532 0.00471329782158136 0.0047061163932085 0.00469125062227249 0.00467638531699777 0.00466151954606175 0.00464665377512574 0.00463178846985102 0.004616922698915 0.00460205739364028 0.00459002703428268 0.00457894150167704 0.00456785643473268 0.00455677136778831 0.00454568583518267
0.00415548449382186 0.00417803879827261 0.00420059310272336 0.00422314740717411 0.00424570171162486 0.00426825601607561 0.00429081032052636 0.00433079386129975 0.00437658745795488 0.00442238105461001 0.00446817465126514 0.00451396778225899 0.00455976137891412 0.00460555497556925 0.00464436504989862 0.00466222455725074 0.00468008406460285 0.00469794310629368 0.00471580261364579 0.00473366212099791 0.00475152162835002 0.00476938113570213 0.00477034691721201 0.00476568099111319 0.00476101553067565 0.00475635007023811 0.00475168460980058 0.00474701868370175 0.00474235322326422 0.00473521836102009 0.00472067622467875 0.00470613408833742 0.00469159195199609 0.00467704934999347 0.00466250721365213 0.0046479650773108 0.00463342247530818 0.00462083565071225 0.00460890075191855 0.00459696538746357 0.00458503048866987 0.00457309512421489
0.00416246708482504 0.00418874947354198 0.00421503186225891 0.00424131425097585 0.0042675961740315 0.00429387856274843 0.00432016095146537 0.00436236103996634 0.00440986687317491 0.00445737317204475 0.00450487900525331 0.00455238483846188 0.00459989113733172 0.00464739697054029 0.00468641007319093 0.00469994405284524 0.00471347849816084 0.00472701247781515 0.00474054692313075 0.00475408090278506 0.00476761534810066 0.00478114932775497 0.00478127552196383 0.00477693183347583 0.00477258861064911 0.00476824538782239 0.00476390169933438 0.00475955847650766 0.00475521478801966 0.00474860146641731 0.0047351773828268 0.0047217532992363 0.00470832968130708 0.00469490559771657 0.00468148151412606 0.00466805743053555 0.00465463334694505 0.00464203394949436 0.00462970929220319 0.00461738463491201 0.00460506044328213 0.00459273578599095
0.00416945014148951 0.00419946014881134 0.00422947062179446 0.0042594806291163 0.00428949110209942 0.00431950110942125 0.00434951158240438 0.00439392775297165 0.00444314628839493 0.00449236482381821 0.00454158335924149 0.00459080189466476 0.00464002043008804 0.00468923896551132 0.00472845509648323 0.00473766401410103 0.00474687293171883 0.00475608184933662 0.00476529076695442 0.00477450015023351 0.0047837090678513 0.0047929179854691 0.00479220412671566 0.00478818314149976 0.00478416169062257 0.00478014023974538 0.00477611925452948 0.00477209780365229 0.00476807681843638 0.00476198410615325 0.00474967854097486 0.00473737297579646 0.00472506741061807 0.00471276137977839 0.00470045581459999 0.0046881502494216 0.00467584421858191 0.00466323224827647 0.00465051829814911 0.00463780434802175 0.0046250899322331 0.00461237598210573
0.00417643273249269 0.00421017128974199 0.00424390938133001 0.00427764747291803 0.00431138556450605 0.00434512365609407 0.00437886221334338 0.00442549493163824 0.00447642570361495 0.00452735694125295 0.00457828771322966 0.00462921895086765 0.00468014972284436 0.00473108096048236 0.00477050011977553 0.00477538397535682 0.0047802678309381 0.0047851512208581 0.00479003507643938 0.00479491893202066 0.00479980232194066 0.00480468617752194 0.00480313273146749 0.0047994339838624 0.00479573477059603 0.00479203555732965 0.00478833634406328 0.0047846375964582 0.00478093838319182 0.00477536721155047 0.00476417969912291 0.00475299218669534 0.00474180513992906 0.00473061762750149 0.00471943011507392 0.00470824260264635 0.00469705509021878 0.00468443054705858 0.00467132683843374 0.00465822359547019 0.00464511988684535 0.00463201617822051
0.00418341578915715 0.00422088196501136 0.00425834814086556 0.00429581431671977 0.00433328049257398 0.00437074666842818 0.00440821284428239 0.00445706164464355 0.00450970511883497 0.00456234905868769 0.00461499253287911 0.00466763600707054 0.00472027948126197 0.0047729229554534 0.00481254514306784 0.00481310347095132 0.00481366226449609 0.00481422059237957 0.00481477938592434 0.00481533771380782 0.0048158960416913 0.00481645483523607 0.0048140618018806 0.00481068482622504 0.00480730785056949 0.00480393087491393 0.00480055389925838 0.00479717692360282 0.00479379994794726 0.00478874985128641 0.00477868085727096 0.0047686118632555 0.00475854286924005 0.0047484734095633 0.00473840441554785 0.00472833542153239 0.00471826596185565 0.00470562884584069 0.00469213584437966 0.00467864284291863 0.00466514984145761 0.00465165637433529
0.00419039838016033 0.00423159264028072 0.00427278690040112 0.00431398069486022 0.00435517495498061 0.004396369215101 0.00443756300956011 0.00448862882331014 0.00454298499971628 0.00459734071046114 0.00465169688686728 0.00470605306327343 0.00476040877401829 0.00481476495042443 0.00485459016636014 0.00485082343220711 0.00484705669805408 0.00484328996390104 0.00483952322974801 0.00483575649559498 0.00483198976144195 0.00482822302728891 0.00482499040663242 0.00482193566858768 0.00481888093054295 0.00481582619249821 0.00481277145445347 0.00480971671640873 0.0048066615127027 0.00480213295668364 0.00479318201541901 0.00478423107415438 0.00477528059855103 0.00476632965728641 0.00475737871602178 0.00474842777475715 0.00473947683349252 0.0047268271446228 0.00471294485032558 0.00469906209036708 0.00468517933040857 0.00467129657045007
0.00420846696943045 0.00425066845491529 0.00429286994040012 0.00433507142588496 0.0043772729113698 0.00441947439685464 0.00446167588233948 0.00451544392853975 0.00457306718453765 0.00463069090619683 0.00468831462785602 0.00474593788385391 0.0048035616055131 0.00486118532717228 0.00490240333601832 0.00489440513774753 0.00488640740513802 0.00487840920686722 0.00487041100859642 0.00486241327598691 0.00485441507771611 0.00484641687944531 0.00484166480600834 0.00483799446374178 0.00483432412147522 0.00483065377920866 0.0048269834369421 0.00482331309467554 0.00481964275240898 0.00481492793187499 0.00480707874521613 0.00479922955855727 0.00479138037189841 0.00478353118523955 0.00477568199858069 0.00476783281192183 0.00475998362526298 0.00474743451923132 0.00473331892862916 0.004719203338027 0.00470508774742484 0.00469097215682268
0.0042376215569675 0.00427810940891504 0.00431859772652388 0.00435908557847142 0.00439957389608026 0.00444006221368909 0.00448055006563663 0.00453750696033239 0.00459995307028294 0.00466239918023348 0.00472484529018402 0.00478729140013456 0.00484973797574639 0.00491218408569694 0.00495598465204239 0.00494384905323386 0.00493171392008662 0.0049195783212781 0.00490744272246957 0.00489530758932233 0.0048831719905138 0.00487103639170527 0.00486408500000834 0.00485886121168733 0.0048536378890276 0.00484841410070658 0.00484319077804685 0.00483796698972583 0.0048327436670661 0.00482713477686048 0.00482037058100104 0.00481360638514161 0.00480684218928218 0.00480007799342275 0.00479331379756331 0.00478654960170388 0.00477978540584445 0.00476745050400496 0.00475325854495168 0.00473906612023711 0.00472487416118383 0.00471068220213056
0.00426677567884326 0.0043055503629148 0.00434432551264763 0.00438310019671917 0.00442187488079071 0.00446065003052354 0.00449942471459508 0.00455956999212503 0.00462683895602822 0.00469410745427012 0.00476137641817331 0.00482864491641521 0.0048959138803184 0.0049631823785603 0.00500956596806645 0.0049932929687202 0.00497702043503523 0.00496074743568897 0.00494447443634272 0.00492820143699646 0.00491192890331149 0.00489565590396523 0.00488650519400835 0.00487972842529416 0.00487295165657997 0.00486617442220449 0.0048593976534903 0.00485262088477612 0.00484584411606193 0.00483934162184596 0.00483366241678596 0.00482798321172595 0.00482230400666595 0.00481662526726723 0.00481094606220722 0.00480526685714722 0.00479958765208721 0.00478746648877859 0.0047731981612742 0.00475892936810851 0.00474466104060411 0.00473039224743843
0.00429592980071902 0.00433299131691456 0.00437005283311009 0.00440711434930563 0.00444417586550117 0.00448123784735799 0.00451829936355352 0.00458163302391768 0.00465372437611222 0.00472581572830677 0.00479790708050132 0.00486999843269587 0.00494208978489041 0.00501418113708496 0.00506314728409052 0.00504273688420653 0.00502232694998384 0.00500191655009985 0.00498150615021586 0.00496109575033188 0.00494068581610918 0.0049202754162252 0.00490892538800836 0.00490059517323971 0.00489226495847106 0.0048839352093637 0.00487560499459505 0.0048672747798264 0.00485894456505775 0.00485154846683145 0.00484695471823215 0.00484236050397158 0.004837766289711 0.00483317207545042 0.00482857786118984 0.00482398364692926 0.00481938989832997 0.00480748247355223 0.00479313731193542 0.00477879261597991 0.00476444745436311 0.00475010275840759
0.00432508392259479 0.00436043227091432 0.00439578061923385 0.00443112896755338 0.00446647731587291 0.00450182519853115 0.00453717354685068 0.00460369605571032 0.00468061026185751 0.00475752400234342 0.00483443820849061 0.00491135194897652 0.00498826615512371 0.00506517989560962 0.00511672860011458 0.00509218079969287 0.00506763299927115 0.00504308566451073 0.00501853786408901 0.0049939900636673 0.00496944272890687 0.00494489492848516 0.00493134558200836 0.00492146192118526 0.00491157872602344 0.00490169553086162 0.00489181187003851 0.00488192867487669 0.00487204547971487 0.00486375577747822 0.00486024655401707 0.00485673733055592 0.00485322810709476 0.00484971888363361 0.00484621012583375 0.0048427009023726 0.00483919167891145 0.00482749845832586 0.00481307692825794 0.00479865539819002 0.00478423433378339 0.00476981280371547
