data/working_set_collections/6091692-Cassins_Sparrow-M2/2015/rzmc_avg.asc
NCOLS 265 
NROWS 230 
XLLCORNER -115.5625 
YLLCORNER 24.8333333333333 
CELLSIZE 0.0833333333333333 
NODATA_value -9999 
[rows 140 to 159 of 230, columns 220 to 263 of 265]
0.311016082763672 0.311725705862045 0.312435328960419 0.313144952058792 0.31295844912529 0.310083597898483 0.307208746671677 0.30433389544487 0.301459044218063 0.298584192991257 0.295709371566772 0.292834520339966 0.292516559362411 0.293050915002823 0.293585300445557 0.294119656085968 0.294654011726379 0.295188367366791 0.295722723007202 0.296270042657852 0.296856194734573 0.297442317008972 0.298028469085693 0.298614621162415 0.299200743436813 0.299786895513535 0.300373047590256 0.301665604114532 0.303193598985672 0.304721623659134 0.306249648332596 0.307777673006058 0.30930569767952 0.310833692550659 0.311415821313858 0.309160232543945 0.306904643774033 0.30464905500412 0.30239349603653 0.300137907266617 0.297882318496704 0.295626729726791 0.296716272830963 0.29892086982727
0.310302406549454 0.311081409454346 0.311860412359238 0.312639385461807 0.312494516372681 0.309578031301498 0.306661546230316 0.303745031356812 0.300828546285629 0.297912061214447 0.294995576143265 0.292079091072083 0.291848182678223 0.292512476444244 0.293176770210266 0.29384109377861 0.294505387544632 0.295169681310654 0.295833975076675 0.296478658914566 0.297064423561096 0.297650218009949 0.298235982656479 0.298821777105331 0.299407541751862 0.299993336200714 0.300579100847244 0.301923960447311 0.303521811962128 0.305119663476944 0.30671751499176 0.308315366506577 0.309913218021393 0.311511069536209 0.312153935432434 0.309931844472885 0.307709723711014 0.305487602949142 0.303265511989594 0.301043391227722 0.298821270465851 0.296599179506302 0.297533333301544 0.299519568681717
0.309588730335236 0.310437113046646 0.311285495758057 0.312133848667145 0.312030583620071 0.309072464704514 0.306114315986633 0.303156197071075 0.300198048353195 0.297239929437637 0.294281780719757 0.291323661804199 0.291179805994034 0.291974037885666 0.292768269777298 0.29356250166893 0.294356763362885 0.295150995254517 0.295945227146149 0.29668727517128 0.297272682189941 0.297858089208603 0.298443526029587 0.299028933048248 0.29961434006691 0.300199776887894 0.300785183906555 0.30218231678009 0.303849995136261 0.305517703294754 0.307185381650925 0.308853060007095 0.310520768165588 0.312188446521759 0.312892079353333 0.310703426599503 0.308514803647995 0.306326150894165 0.304137527942657 0.301948875188828 0.29976025223732 0.297571629285812 0.298350393772125 0.300118267536163
0.308875054121017 0.309792816638947 0.310710549354553 0.311628311872482 0.311566680669785 0.308566898107529 0.305567115545273 0.302567332983017 0.299567550420761 0.296567767858505 0.293568015098572 0.290568232536316 0.290511399507523 0.291435599327087 0.29235976934433 0.293283939361572 0.294208109378815 0.29513230919838 0.296056479215622 0.296895861625671 0.297480940818787 0.298065990209579 0.298651039600372 0.299236088991165 0.299821138381958 0.300406187772751 0.300991237163544 0.302440673112869 0.304178178310394 0.305915713310242 0.307653248310089 0.309390783309937 0.311128318309784 0.312865823507309 0.313630193471909 0.311475038528442 0.309319883584976 0.307164698839188 0.305009543895721 0.302854388952255 0.300699234008789 0.298544049263 0.299167424440384 0.30071696639061
0.307249367237091 0.307890117168427 0.30853083729744 0.309171587228775 0.308975905179977 0.306270897388458 0.303565889596939 0.30086088180542 0.298155874013901 0.295450896024704 0.292745888233185 0.290040880441666 0.290094196796417 0.291067004203796 0.292039781808853 0.29301255941391 0.293985337018967 0.294958114624023 0.29593089222908 0.296819627285004 0.297456204891205 0.298092782497406 0.298729360103607 0.299365937709808 0.30000251531601 0.300639122724533 0.301275700330734 0.302781879901886 0.304577946662903 0.306373983621597 0.308170050382614 0.309966117143631 0.311762183904648 0.313558250665665 0.314432352781296 0.312540590763092 0.310648828744888 0.308757066726685 0.306865304708481 0.3049735724926 0.303081810474396 0.301190048456192 0.301528096199036 0.302609443664551
0.304711610078812 0.304728984832764 0.304746359586716 0.304763734340668 0.304258286952972 0.302184492349625 0.300110667943954 0.298036873340607 0.295963048934937 0.293889224529266 0.291815429925919 0.289741605520248 0.289928197860718 0.290868252515793 0.291808307170868 0.292748332023621 0.293688386678696 0.294628441333771 0.295568495988846 0.296458542346954 0.297198534011841 0.297938525676727 0.298678517341614 0.2994185090065 0.300158500671387 0.300898492336273 0.30163848400116 0.303205966949463 0.305049240589142 0.306892514228821 0.308735817670822 0.310579091310501 0.31242236495018 0.314265668392181 0.315298527479172 0.313900113105774 0.312501668930054 0.311103254556656 0.309704840183258 0.30830642580986 0.306908011436462 0.305509597063065 0.30543240904808 0.305795639753342
0.302173882722855 0.301567852497101 0.300961852073669 0.300355851650238 0.29954069852829 0.298098057508469 0.29665544629097 0.295212835073471 0.29377019405365 0.292327582836151 0.290884971618652 0.289442330598831 0.289762169122696 0.290669500827789 0.291576832532883 0.292484134435654 0.293391466140747 0.294298768043518 0.295206099748611 0.296097427606583 0.296940863132477 0.297784268856049 0.29862767457962 0.299471080303192 0.300314486026764 0.301157891750336 0.302001297473907 0.30363005399704 0.305520534515381 0.307411044836044 0.309301555156708 0.311192065477371 0.313082575798035 0.314973086118698 0.316164702177048 0.315259605646133 0.314354538917542 0.313449442386627 0.312544375658035 0.311639279127121 0.310734212398529 0.309829115867615 0.309336692094803 0.308981865644455
0.299636125564575 0.29840674996376 0.297177374362946 0.295947968959808 0.294823080301285 0.294011652469635 0.293200224637985 0.292388796806335 0.291577368974686 0.290765941143036 0.289954513311386 0.289143085479736 0.289596170186996 0.290470749139786 0.291345328092575 0.292219936847687 0.293094515800476 0.293969094753265 0.294843703508377 0.295736342668533 0.29668316245079 0.297629982233047 0.298576831817627 0.299523651599884 0.300470471382141 0.301417291164398 0.302364110946655 0.304054111242294 0.305991858243942 0.307929575443268 0.309867322444916 0.311805039644241 0.313742786645889 0.315680503845215 0.317030876874924 0.316619127988815 0.316207379102707 0.315795630216599 0.31538388133049 0.314972132444382 0.314560383558273 0.314148634672165 0.313241004943848 0.312168061733246
0.297098398208618 0.295245617628098 0.293392866849899 0.291540116071701 0.29010546207428 0.289925247430801 0.289745002985001 0.2895647585392 0.289384514093399 0.289204299449921 0.28902405500412 0.288843810558319 0.289430141448975 0.290271997451782 0.29111385345459 0.291955709457397 0.292797595262527 0.293639451265335 0.294481307268143 0.295375257730484 0.296425491571426 0.297475725412369 0.298525959253311 0.299576193094254 0.300626456737518 0.301676690578461 0.302726924419403 0.304478198289871 0.306463152170181 0.308448106050491 0.310433059930801 0.312418013811111 0.314402967691422 0.316387921571732 0.3178970515728 0.317978650331497 0.318060219287872 0.31814181804657 0.318223416805267 0.318304985761642 0.31838658452034 0.318468183279037 0.317145317792892 0.315354287624359
0.294560641050339 0.292084515094757 0.289608359336853 0.287132233381271 0.285387873649597 0.285838812589645 0.286289781332016 0.286740720272064 0.287191689014435 0.287642627954483 0.288093596696854 0.288544565439224 0.289264142513275 0.290073275566101 0.290882378816605 0.291691511869431 0.292500644922256 0.293309777975082 0.294118911027908 0.295014142990112 0.296167820692062 0.29732146859169 0.298475116491318 0.299628764390945 0.300782412290573 0.301936089992523 0.303089737892151 0.304902285337448 0.30693444609642 0.308966636657715 0.310998827219009 0.313030987977982 0.315063178539276 0.317095369100571 0.318763226270676 0.319338142871857 0.31991308927536 0.320488005876541 0.321062922477722 0.321637868881226 0.322212785482407 0.322787702083588 0.321049600839615 0.31854048371315
0.292700111865997 0.289795279502869 0.286890476942062 0.283985674381256 0.282040655612946 0.282975107431412 0.283909529447556 0.284843951463699 0.285778403282166 0.286712825298309 0.287647277116776 0.288581699132919 0.289409756660461 0.290202349424362 0.290994942188263 0.291787534952164 0.292580127716064 0.293372720479965 0.294165313243866 0.295050710439682 0.296214491128922 0.297378301620483 0.298542082309723 0.299705892801285 0.300869673490524 0.302033454179764 0.303197264671326 0.305039942264557 0.307108938694 0.309177935123444 0.311246931552887 0.31331592798233 0.315384894609451 0.317453891038895 0.31927165389061 0.32033571600914 0.32139977812767 0.322463840246201 0.323527932167053 0.324591994285583 0.325656056404114 0.326720118522644 0.324995845556259 0.322342127561569
0.291516751050949 0.288377970457077 0.285239189863205 0.282100409269333 0.28006386756897 0.281334072351456 0.282604277133942 0.283874481916428 0.285144686698914 0.286414861679077 0.287685066461563 0.288955271244049 0.289867013692856 0.29065927863121 0.291451543569565 0.292243778705597 0.293036043643951 0.293828308582306 0.29462057352066 0.295484930276871 0.296565562486649 0.297646224498749 0.298726886510849 0.299807548522949 0.300888180732727 0.301968842744827 0.303049504756927 0.30489119887352 0.306986600160599 0.309082001447678 0.311177372932434 0.313272774219513 0.315368175506592 0.317463546991348 0.319422334432602 0.320971339941025 0.32252037525177 0.324069380760193 0.325618356466293 0.327167391777039 0.328716367483139 0.330265402793884 0.328984022140503 0.326759189367294
0.290333390235901 0.286960631608963 0.283587872982025 0.28021514415741 0.278087079524994 0.2796930372715 0.281298995018005 0.282904982566833 0.284510940313339 0.286116927862167 0.287722885608673 0.289328843355179 0.29032427072525 0.291116207838058 0.291908115148544 0.292700052261353 0.293491959571838 0.294283896684647 0.295075803995132 0.295919120311737 0.296916633844376 0.297914147377014 0.298911690711975 0.299909204244614 0.300906717777252 0.301904231309891 0.302901744842529 0.304742455482483 0.306864261627197 0.308986037969589 0.311107844114304 0.313229620456696 0.31535142660141 0.317473202943802 0.319573044776917 0.321606993675232 0.323640942573547 0.325674891471863 0.327708810567856 0.329742759466171 0.331776708364487 0.333810657262802 0.332972198724747 0.331176251173019
0.289150029420853 0.285543322563171 0.281936585903168 0.278329879045486 0.276110291481018 0.278052002191544 0.279993742704391 0.281935483217239 0.283877223730087 0.285818964242935 0.287760704755783 0.289702415466309 0.290781557559967 0.291573137044907 0.292364716529846 0.293156296014786 0.293947875499725 0.294739454984665 0.295531064271927 0.296353340148926 0.297267705202103 0.298182100057602 0.299096465110779 0.300010859966278 0.300925225019455 0.301839619874954 0.302753984928131 0.304593712091446 0.306741923093796 0.308890104293823 0.311038285493851 0.313186496496201 0.315334677696228 0.317482858896255 0.319723725318909 0.322242617607117 0.324761509895325 0.327280402183533 0.329799264669418 0.332318156957626 0.334837049245834 0.337355941534042 0.33696037530899 0.335593312978745
0.287966668605804 0.284125983715057 0.28028529882431 0.276444613933563 0.27413347363472 0.27641099691391 0.278688490390778 0.280965983867645 0.283243507146835 0.285521000623703 0.287798494100571 0.290075987577438 0.291238814592361 0.292030066251755 0.292821317911148 0.293612539768219 0.294403791427612 0.295195043087006 0.295986294746399 0.296787530183792 0.29761877655983 0.298450022935867 0.299281269311905 0.300112515687943 0.300943732261658 0.301774978637695 0.302606225013733 0.304444968700409 0.306619554758072 0.308794170618057 0.31096875667572 0.313143342733383 0.315317928791046 0.317492514848709 0.319874405860901 0.322878241539001 0.325882077217102 0.328885912895203 0.331889718770981 0.334893554449081 0.337897390127182 0.340901225805283 0.340948551893234 0.340010404586792
0.286783307790756 0.282708644866943 0.278634011745453 0.27455934882164 0.272156685590744 0.274769961833954 0.277383238077164 0.279996484518051 0.282609760761261 0.285223037004471 0.287836313247681 0.290449559688568 0.291696071624756 0.292486995458603 0.293277889490128 0.294068813323975 0.294859707355499 0.295650631189346 0.296441555023193 0.297221750020981 0.297969847917557 0.298717945814133 0.299466073513031 0.300214171409607 0.300962269306183 0.301710367202759 0.302458465099335 0.304296225309372 0.30649721622467 0.308698207139969 0.310899198055267 0.313100188970566 0.315301179885864 0.317502170801163 0.320025116205215 0.323513865470886 0.327002644538879 0.330491423606873 0.333980172872543 0.337468951940536 0.34095773100853 0.3444464802742 0.344936728477478 0.344427466392517
0.286384761333466 0.282228916883469 0.278073042631149 0.273917198181152 0.27149486541748 0.274273097515106 0.277051359415054 0.27982959151268 0.282607823610306 0.285386085510254 0.28816431760788 0.290942579507828 0.292366445064545 0.293338865041733 0.294311285018921 0.295283704996109 0.296256095170975 0.297228515148163 0.298200935125351 0.299135535955429 0.299956619739532 0.300777733325958 0.301598817110062 0.302419900894165 0.303241014480591 0.304062098264694 0.30488321185112 0.306608259677887 0.308634638786316 0.310661017894745 0.312687367200851 0.31471374630928 0.316740125417709 0.318766504526138 0.321240216493607 0.325055986642838 0.328871756792068 0.332687526941299 0.33650329709053 0.340319097042084 0.344134867191315 0.347950637340546 0.348730951547623 0.348499476909637
0.286771059036255 0.282686740159988 0.278602421283722 0.274518132209778 0.272147983312607 0.274920403957367 0.277692854404449 0.28046527504921 0.28323769569397 0.28601011633873 0.28878253698349 0.291554987430573 0.293249905109406 0.294585675001144 0.295921444892883 0.297257214784622 0.298592954874039 0.299928724765778 0.301264494657516 0.302528858184814 0.303579092025757 0.304629325866699 0.305679529905319 0.306729763746262 0.307779997587204 0.308830201625824 0.309880435466766 0.311381042003632 0.313031792640686 0.31468254327774 0.316333264112473 0.317984014749527 0.319634765386581 0.321285516023636 0.323519766330719 0.327504605054855 0.331489443778992 0.335474282503128 0.339459121227264 0.343443959951401 0.347428798675537 0.351413637399673 0.352331221103668 0.352226436138153
0.287157326936722 0.283144563436508 0.279131799936295 0.275119036436081 0.272801131010056 0.27556774020195 0.278334349393845 0.281100958585739 0.283867567777634 0.286634176969528 0.289400786161423 0.292167395353317 0.294133365154266 0.295832484960556 0.297531604766846 0.299230694770813 0.300929814577103 0.302628934383392 0.304328054189682 0.305922210216522 0.307201564311981 0.30848091840744 0.309760272502899 0.311039596796036 0.312318950891495 0.313598304986954 0.314877659082413 0.316153824329376 0.317428946495056 0.318704068660736 0.319979161024094 0.321254283189774 0.322529405355453 0.323804497718811 0.325799316167831 0.329953223466873 0.334107130765915 0.338261008262634 0.342414915561676 0.346568822860718 0.35072273015976 0.354876607656479 0.355931520462036 0.355953395366669
0.287543594837189 0.283602386713028 0.279661178588867 0.275719970464706 0.273454248905182 0.276215046644211 0.27897584438324 0.281736642122269 0.284497439861298 0.287258207798004 0.290019005537033 0.292779803276062 0.29501685500145 0.297079294919968 0.299141764640808 0.301204204559326 0.303266674280167 0.305329144001007 0.307391583919525 0.30931556224823 0.310824036598206 0.312332510948181 0.313840985298157 0.315349459648132 0.316857933998108 0.318366408348083 0.319874882698059 0.320926606655121 0.321826100349426 0.322725594043732 0.323625057935715 0.32452455163002 0.325424015522003 0.326323509216309 0.328078866004944 0.332401841878891 0.336724787950516 0.341047763824463 0.34537073969841 0.349693685770035 0.354016661643982 0.358339607715607 0.359531790018082 0.359680354595184
