data/working_set_collections/6091692-Cassins_Sparrow-M2/2015/rzmc_avg.asc
NCOLS 265 
NROWS 230 
XLLCORNER -115.5625 
YLLCORNER 24.8333333333333 
CELLSIZE 0.0833333333333333 
NODATA_value -9999 
[rows 180 to 199 of 230, columns 88 to 131 of 265]
0.185611054301262 0.186114326119423 0.185367673635483 0.184621021151543 0.183874353766441 0.183127701282501 0.1823810338974 0.18163438141346 0.180887714028358 0.181749790906906 0.183148100972176 0.184546411037445 0.185944736003876 0.187343046069145 0.188741356134415 0.190139681100845 0.192203149199486 0.196262091398239 0.200321048498154 0.204379990696907 0.208438947796822 0.212497889995575 0.216556832194328 0.220615789294243 0.217986881732941 0.213128685951233 0.208270490169525 0.203412294387817 0.19855409860611 0.193695902824402 0.188837707042694 0.184304445981979 0.180746018886566 0.177187591791153 0.173629149794579 0.170070722699165 0.166512295603752 0.162953868508339 0.159395426511765 0.161097407341003 0.164552852511406 0.168008297681808 0.171463742852211 0.174919173121452
0.188641592860222 0.188961625099182 0.187965556979179 0.186969488859177 0.185973405838013 0.18497733771801 0.183981269598007 0.182985201478004 0.181989133358002 0.18291175365448 0.184473931789398 0.186036124825478 0.187598302960396 0.189160495996475 0.190722674131393 0.192284852266312 0.194424793124199 0.198297992348671 0.202171191573143 0.206044390797615 0.209917590022087 0.213790774345398 0.21766397356987 0.221537172794342 0.218999862670898 0.214325711131096 0.209651559591293 0.204977422952652 0.200303271412849 0.195629119873047 0.190954983234406 0.186480283737183 0.182603985071182 0.178727686405182 0.174851387739182 0.170975089073181 0.167098790407181 0.163222476840019 0.159346178174019 0.160663291811943 0.16371151804924 0.166759759187698 0.169808000326157 0.172856241464615
0.191672146320343 0.19180890917778 0.190563425421715 0.189317956566811 0.188072472810745 0.18682698905468 0.185581505298615 0.18433603644371 0.183090552687645 0.184073716402054 0.185799777507782 0.187525823712349 0.189251884818077 0.190977931022644 0.192703992128372 0.194430038332939 0.196646437048912 0.200333893299103 0.204021334648132 0.207708775997162 0.211396232247353 0.215083673596382 0.218771114945412 0.222458556294441 0.220012843608856 0.21552275121212 0.211032643914223 0.206542551517487 0.202052444219589 0.197562351822853 0.193072244524956 0.188656136393547 0.18446196615696 0.180267795920372 0.176073625683784 0.171879440546036 0.167685270309448 0.163491100072861 0.159296929836273 0.160229161381721 0.162870198488235 0.165511220693588 0.168152257800102 0.170793294906616
0.194702684879303 0.194656193256378 0.193161308765411 0.191666424274445 0.190171524882317 0.18867664039135 0.187181755900383 0.185686856508255 0.184191972017288 0.185235694050789 0.187125608325005 0.189015537500381 0.190905451774597 0.192795380949974 0.19468529522419 0.196575224399567 0.198868080973625 0.202369779348373 0.205871477723122 0.20937317609787 0.212874874472618 0.216376557946205 0.219878256320953 0.223379954695702 0.221025839447975 0.216719791293144 0.212413728237152 0.208107680082321 0.20380163192749 0.199495583772659 0.195189520716667 0.19083197414875 0.186319932341576 0.181807890534401 0.177295848727226 0.172783806920052 0.168271765112877 0.163759723305702 0.159247681498528 0.159795045852661 0.16202886402607 0.164262697100639 0.166496515274048 0.168730348348618
0.197733238339424 0.197503492236137 0.195759192109108 0.194014891982079 0.192270591855049 0.19052629172802 0.18878199160099 0.187037691473961 0.185293391346931 0.186397656798363 0.188451454043388 0.190505236387253 0.192559033632278 0.194612815976143 0.196666613221169 0.198720410466194 0.2010897397995 0.204405680298805 0.207721620798111 0.211037561297417 0.214353501796722 0.217669457197189 0.220985397696495 0.224301338195801 0.222038820385933 0.217916816473007 0.213794812560081 0.209672808647156 0.20555080473423 0.201428800821304 0.197306796908379 0.193007826805115 0.188177913427353 0.183348000049591 0.178518086671829 0.173688173294067 0.168858259916306 0.164028346538544 0.159198433160782 0.15936091542244 0.161187544465065 0.163014158606529 0.164840787649155 0.166667401790619
0.200763776898384 0.200350776314735 0.198357060551643 0.196363359689713 0.19436964392662 0.192375928163528 0.190382227301598 0.188388511538506 0.186394810676575 0.187559619545937 0.189777284860611 0.191994950175285 0.194212600588799 0.196430265903473 0.198647931218147 0.20086558163166 0.203311383724213 0.206441566348076 0.2095717638731 0.212701961398125 0.215832144021988 0.218962341547012 0.222092539072037 0.225222736597061 0.223051816225052 0.219113856554031 0.215175896883011 0.21123793721199 0.207299992442131 0.203362032771111 0.19942407310009 0.195183664560318 0.190035879611969 0.18488809466362 0.179740309715271 0.174592524766922 0.169444739818573 0.164296954870224 0.159149184823036 0.158926799893379 0.160346210002899 0.161765620112419 0.1631850451231 0.16460445523262
0.203265711665154 0.20257756114006 0.200358405709267 0.198139250278473 0.195920094847679 0.193700939416885 0.191481783986092 0.189262628555298 0.187043473124504 0.188237607479095 0.190569505095482 0.192901402711868 0.195233300328255 0.197565197944641 0.199897095561028 0.202228993177414 0.204665660858154 0.207416579127312 0.21016751229763 0.212918430566788 0.215669363737106 0.218420296907425 0.221171215176582 0.223922148346901 0.221958339214325 0.218422949314117 0.214887544512749 0.211352154612541 0.207816764712334 0.204281374812126 0.200745984911919 0.19678395986557 0.191542074084282 0.186300203204155 0.181058317422867 0.175816431641579 0.170574545860291 0.165332674980164 0.160090789198875 0.159612134099007 0.160721212625504 0.161830291152 0.162939384579659 0.164048463106155
0.205239057540894 0.204183846712112 0.201763197779655 0.19934256374836 0.196921929717064 0.194501295685768 0.192080661654472 0.189660012722015 0.18723937869072 0.188431605696678 0.190828114748001 0.193224608898163 0.195621117949486 0.198017627000809 0.200414136052132 0.202810645103455 0.205152556300163 0.207330703735352 0.20950885117054 0.211686998605728 0.213865146040916 0.216043293476105 0.218221440911293 0.220399588346481 0.218758389353752 0.215844079852104 0.212929770350456 0.210015445947647 0.207101136445999 0.204186826944351 0.201272502541542 0.197808727622032 0.192696511745453 0.187584295868874 0.182472094893456 0.177359879016876 0.172247678041458 0.167135462164879 0.1620232462883 0.161416918039322 0.162312537431717 0.163208171725273 0.164103791117668 0.164999410510063
0.207212388515472 0.205790132284164 0.203168004751205 0.200545892119408 0.197923764586449 0.195301651954651 0.192679524421692 0.190057411789894 0.187435284256935 0.188625603914261 0.191086709499359 0.193547829985619 0.196008950471878 0.198470056056976 0.200931176543236 0.203392297029495 0.205639466643333 0.207244843244553 0.208850204944611 0.210455566644669 0.212060943245888 0.213666304945946 0.215271666646004 0.216877043247223 0.21555845439434 0.213265210390091 0.210971981287003 0.208678752183914 0.206385508179665 0.204092279076576 0.201799035072327 0.198833480477333 0.193850949406624 0.188868403434753 0.183885872364044 0.178903326392174 0.173920795321465 0.168938249349594 0.163955718278885 0.163221701979637 0.163903877139091 0.164586037397385 0.165268212556839 0.165950372815132
0.209185719490051 0.207396402955055 0.204572811722755 0.201749205589294 0.198925599455833 0.196102008223534 0.193278402090073 0.190454795956612 0.187631204724312 0.188819587230682 0.191345319151878 0.193871036171913 0.196396768093109 0.198922485113144 0.20144821703434 0.203973934054375 0.206126376986504 0.207158967852592 0.208191558718681 0.209224134683609 0.210256725549698 0.211289316415787 0.212321892380714 0.213354483246803 0.212358504533768 0.210686355829239 0.209014192223549 0.20734204351902 0.20566987991333 0.203997731208801 0.202325567603111 0.199858233332634 0.195005372166634 0.190152511000633 0.185299649834633 0.180446773767471 0.175593912601471 0.170741051435471 0.16588819026947 0.165026500821114 0.165495201945305 0.165963917970657 0.166432619094849 0.16690132021904
0.21115905046463 0.209002688527107 0.205977603793144 0.202952519059181 0.199927449226379 0.196902364492416 0.193877279758453 0.19085219502449 0.187827110290527 0.189013585448265 0.191603928804398 0.194194257259369 0.19678458571434 0.199374914169312 0.201965257525444 0.204555585980415 0.206613287329674 0.207073092460632 0.207532897591591 0.207992702722549 0.208452507853508 0.208912312984467 0.209372118115425 0.209831923246384 0.209158569574356 0.208107486367226 0.207056418061256 0.206005334854126 0.204954251646996 0.203903183341026 0.202852100133896 0.200883001089096 0.196159809827805 0.191436618566513 0.186713427305222 0.181990221142769 0.177267029881477 0.172543838620186 0.167820647358894 0.166831284761429 0.167086541652679 0.167341783642769 0.167597025632858 0.167852282524109
0.213132381439209 0.210608974099159 0.207382410764694 0.204155847430229 0.200929284095764 0.197702720761299 0.194476157426834 0.191249579191208 0.188023015856743 0.189207583665848 0.191862523555756 0.194517463445663 0.197172403335571 0.199827343225479 0.202482298016548 0.205137237906456 0.207100197672844 0.206987217068672 0.206874251365662 0.20676127076149 0.206648290157318 0.206535324454308 0.206422343850136 0.206309378147125 0.205958634614944 0.205528631806374 0.205098628997803 0.204668626189232 0.204238638281822 0.203808635473251 0.20337863266468 0.201907753944397 0.197314232587814 0.192720711231232 0.188127189874649 0.183533683419228 0.178940162062645 0.174346640706062 0.16975311934948 0.168636083602905 0.168677866458893 0.16871964931488 0.168761447072029 0.168803229928017
0.214781209826469 0.212204203009605 0.208903178572655 0.205602154135704 0.202301144599915 0.199000120162964 0.195699110627174 0.192398086190224 0.189097076654434 0.190239295363426 0.192862614989281 0.195485919713974 0.198109224438667 0.200732544064522 0.203355848789215 0.205979153513908 0.207782492041588 0.207125887274742 0.206469282507896 0.205812677741051 0.205156072974205 0.204499468207359 0.203842848539352 0.203186243772507 0.202972993254662 0.202907517552376 0.20284204185009 0.202776566147804 0.20271110534668 0.202645629644394 0.202580153942108 0.201534867286682 0.197550177574158 0.193565487861633 0.189580798149109 0.185596093535423 0.181611403822899 0.177626714110374 0.173642009496689 0.172642961144447 0.172639116644859 0.172635272145271 0.172631427645683 0.172627583146095
0.216105550527573 0.213788345456123 0.210539907217026 0.207291468977928 0.204043030738831 0.200794592499733 0.197546139359474 0.194297701120377 0.191049262881279 0.192108735442162 0.19460417330265 0.197099611163139 0.199595049023628 0.202090486884117 0.204585924744606 0.207081362605095 0.208660170435905 0.20748907327652 0.206317991018295 0.205146908760071 0.203975826501846 0.202804729342461 0.201633647084236 0.200462564826012 0.200201660394669 0.200244158506393 0.200286656618118 0.200329154729843 0.200371652841568 0.200414150953293 0.200456649065018 0.199764341115952 0.196867629885674 0.193970918655396 0.191074207425117 0.188177496194839 0.1852807700634 0.182384058833122 0.179487347602844 0.178851932287216 0.178970277309418 0.179088622331619 0.179206967353821 0.179325312376022
0.217429891228676 0.215372502803802 0.212176650762558 0.208980783820152 0.205784916877747 0.202589049935341 0.199393182992935 0.196197316050529 0.193001449108124 0.193978160619736 0.19634573161602 0.198713302612305 0.201080858707428 0.203448429703712 0.205816000699997 0.20818355679512 0.209537848830223 0.207852274179459 0.206166714429855 0.204481139779091 0.202795580029488 0.201110005378723 0.19942444562912 0.197738870978355 0.197430327534676 0.197580799460411 0.197731271386147 0.197881743311882 0.198032215237617 0.198182687163353 0.198333159089088 0.197993829846382 0.196185082197189 0.194376349449158 0.192567616701126 0.190758883953094 0.188950151205063 0.187141418457031 0.185332685709 0.185060903429985 0.185301437973976 0.185541972517967 0.18578252196312 0.186023056507111
0.218754231929779 0.216956660151482 0.213813379406929 0.210670083761215 0.207526803016663 0.204383507370949 0.201240226626396 0.198096930980682 0.19495365023613 0.195847600698471 0.19808728992939 0.200326979160309 0.202566683292389 0.204806372523308 0.207046061754227 0.209285765886307 0.210415527224541 0.208215475082397 0.206015422940254 0.203815370798111 0.201615333557129 0.199415281414986 0.197215229272842 0.19501519203186 0.194659009575844 0.194917440414429 0.195175886154175 0.195434331893921 0.195692777633667 0.195951208472252 0.196209654211998 0.196223303675652 0.195502549409866 0.194781795144081 0.194061025977135 0.19334027171135 0.192619517445564 0.191898763179779 0.191178008913994 0.191269874572754 0.191632598638535 0.191995337605476 0.192358061671257 0.192720800638199
0.220078572630882 0.218540817499161 0.2154501080513 0.212359398603439 0.209268689155579 0.206177979707718 0.203087270259857 0.199996545910835 0.196905836462975 0.197717025876045 0.19982884824276 0.201940670609474 0.204052492976189 0.206164315342903 0.208276137709618 0.210387960076332 0.211293205618858 0.208578675985336 0.205864146351814 0.203149616718292 0.20043508708477 0.197720557451248 0.195006027817726 0.192291498184204 0.191887676715851 0.192254096269608 0.192620500922203 0.19298692047596 0.193353325128555 0.193719744682312 0.194086164236069 0.194452777504921 0.194820001721382 0.195187225937843 0.195554450154305 0.195921674370766 0.196288898587227 0.196656122803688 0.197023347020149 0.197478845715523 0.197963759303093 0.198448687791824 0.198933616280556 0.199418529868126
0.221402898430824 0.22012497484684 0.217086836695671 0.214048713445663 0.211010575294495 0.207972437143326 0.204934298992157 0.201896160840988 0.198858037590981 0.199586465954781 0.201570406556129 0.20355436205864 0.20553831756115 0.207522258162498 0.209506213665009 0.211490169167519 0.212170869112015 0.208941861987114 0.205712854862213 0.202483847737312 0.199254840612411 0.196025833487511 0.19279682636261 0.189567804336548 0.189116343855858 0.189590737223625 0.190065115690231 0.190539509057999 0.191013887524605 0.191488280892372 0.191962659358978 0.19268225133419 0.194137454032898 0.195592656731606 0.197047859430313 0.198503062129021 0.199958264827728 0.201413467526436 0.202868670225143 0.203687816858292 0.204294934868813 0.204902037978172 0.205509155988693 0.206116273999214
0.222114086151123 0.221128165721893 0.21838915348053 0.215650141239166 0.212911128997803 0.210172116756439 0.207433104515076 0.204694077372551 0.201955065131187 0.202447384595871 0.204016804695129 0.205586239695549 0.207155659794807 0.208725079894066 0.210294514894485 0.211863934993744 0.212212920188904 0.208900600671768 0.205588266253471 0.202275931835175 0.198963612318039 0.195651277899742 0.192338958382607 0.18902662396431 0.188540950417519 0.188997477293015 0.189454019069672 0.189910560846329 0.190367102622986 0.190823644399643 0.191280171275139 0.192096948623657 0.193994387984276 0.195891827344894 0.197789266705513 0.199686706066132 0.20158414542675 0.203481584787369 0.205379039049149 0.206479161977768 0.207313537597656 0.208147898316383 0.208982273936272 0.209816634654999
0.222212105989456 0.221550390124321 0.219357043504715 0.217163696885109 0.214970350265503 0.212777003645897 0.21058364212513 0.208390295505524 0.206196948885918 0.206299796700478 0.20716804265976 0.208036288619041 0.208904534578323 0.209772780537605 0.210641026496887 0.211509272456169 0.211419343948364 0.208454847335815 0.205490365624428 0.20252588391304 0.199561387300491 0.196596905589104 0.193632423877716 0.190667942166328 0.190161466598511 0.190474346280098 0.190787211060524 0.191100090742111 0.191412970423698 0.191725835204124 0.192038714885712 0.19269685447216 0.194390788674355 0.196084722876549 0.197778671979904 0.199472606182098 0.201166540384293 0.202860474586487 0.204554408788681 0.205852910876274 0.207019582390785 0.208186268806458 0.20935295522213 0.210519626736641
