data/working_set_collections/6091692-Cassins_Sparrow-M2/2015/rzmc_avg.asc
NCOLS 265 
NROWS 230 
XLLCORNER -115.5625 
YLLCORNER 24.8333333333333 
CELLSIZE 0.0833333333333333 
NODATA_value -9999 
[rows 40 to 59 of 230, columns 220 to 263 of 265]
0.213988840579987 0.218554824590683 0.223120808601379 0.227686777710915 0.232384234666824 0.237476125359535 0.242568016052246 0.247659906744957 0.252751797437668 0.25784370303154 0.26293557882309 0.268027484416962 0.267967045307159 0.266189157962799 0.264411270618439 0.262633383274078 0.260855495929718 0.259077608585358 0.257299721240997 0.25625541806221 0.257411867380142 0.258568316698074 0.259724766016006 0.260881215333939 0.262037664651871 0.263194113969803 0.264350563287735 0.268414586782455 0.273447841405869 0.278481066226959 0.28351429104805 0.288547545671463 0.293580770492554 0.298613995313644 0.302332818508148 0.302108347415924 0.301883906126022 0.301659435033798 0.301434993743896 0.301210552453995 0.300986081361771 0.300761640071869 0.300421476364136 0.300042778253555
0.212404802441597 0.216673672199249 0.22094252705574 0.225211396813393 0.229758515954018 0.2351403683424 0.240522220730782 0.245904073119164 0.251285910606384 0.256667762994766 0.262049645185471 0.267431497573853 0.26743546128273 0.26564684510231 0.263858199119568 0.262069582939148 0.260280966758728 0.258492320775986 0.256703704595566 0.255633294582367 0.256717562675476 0.257801830768585 0.258886098861694 0.259970366954803 0.261054635047913 0.262138903141022 0.263223171234131 0.267366498708725 0.272529512643814 0.277692526578903 0.28285551071167 0.288018524646759 0.293181538581848 0.298344552516937 0.302177608013153 0.302020877599716 0.301864147186279 0.301707446575165 0.301550716161728 0.301393985748291 0.301237255334854 0.301080524921417 0.300808787345886 0.300498694181442
0.2116689234972 0.215662762522697 0.219656616449356 0.223650455474854 0.228071764111519 0.233775466680527 0.239479154348373 0.245182856917381 0.250886559486389 0.256590247154236 0.262293934822083 0.267997622489929 0.268186300992966 0.266536593437195 0.264886915683746 0.263237237930298 0.261587530374527 0.259937852621078 0.25828817486763 0.25729164481163 0.258254587650299 0.259217530488968 0.260180503129959 0.261143445968628 0.262106388807297 0.263069331645966 0.264032304286957 0.268001019954681 0.27297168970108 0.277942329645157 0.282912969589233 0.287883639335632 0.292854279279709 0.297824949026108 0.3015276491642 0.301426470279694 0.30132532119751 0.301224142313004 0.30112299323082 0.301021814346313 0.300920635461807 0.300819486379623 0.30060938000679 0.300362944602966
0.211781218647957 0.21552212536335 0.219263046979904 0.223003968596458 0.22732400894165 0.233381420373917 0.239438831806183 0.245496243238449 0.251553654670715 0.257611066102982 0.26366850733757 0.269725918769836 0.270219475030899 0.268858432769775 0.267497360706329 0.266136318445206 0.264775276184082 0.263414204120636 0.262053161859512 0.261230498552322 0.262022972106934 0.262815475463867 0.263607949018478 0.264400452375412 0.265192925930023 0.265985399484634 0.266777902841568 0.270318150520325 0.274774342775345 0.279230505228043 0.28368666768074 0.28814285993576 0.292599022388458 0.297055214643478 0.300382882356644 0.300325125455856 0.300267338752747 0.300209581851959 0.30015179514885 0.300094038248062 0.300036251544952 0.299978494644165 0.299823254346848 0.299635499715805
0.211893513798714 0.215381488204002 0.218869477510452 0.222357466816902 0.226576238870621 0.232987374067307 0.239398509263992 0.245809644460678 0.252220779657364 0.25863191485405 0.265043050050735 0.271454185247421 0.272252649068832 0.271180242300034 0.270107835531235 0.269035398960114 0.267962992191315 0.266890585422516 0.265818148851395 0.265169352293015 0.265791356563568 0.266413390636444 0.26703542470932 0.267657428979874 0.26827946305275 0.268901467323303 0.269523501396179 0.272635281085968 0.276576966047287 0.280518680810928 0.284460365772247 0.288402080535889 0.292343765497208 0.296285480260849 0.29923814535141 0.299223750829697 0.299209386110306 0.299194991588593 0.299180626869202 0.299166232347488 0.299151867628098 0.299137473106384 0.299037098884583 0.298908084630966
0.212005794048309 0.215240851044655 0.218475908041 0.221710965037346 0.225828468799591 0.232593327760696 0.239358186721802 0.246123045682907 0.252887904644012 0.259652763605118 0.266417622566223 0.273182481527328 0.274285852909088 0.273502051830292 0.272718280553818 0.271934509277344 0.271150708198547 0.270366936922073 0.269583165645599 0.269108206033707 0.269559770822525 0.270011305809021 0.270462870597839 0.270914435386658 0.271366000175476 0.271817535161972 0.27226909995079 0.274952411651611 0.278379619121552 0.281806856393814 0.285234063863754 0.288661301136017 0.292088508605957 0.29551574587822 0.298093408346176 0.298122406005859 0.298151433467865 0.298180431127548 0.298209458589554 0.298238456249237 0.29826745390892 0.298296481370926 0.29825097322464 0.298180639743805
0.212118089199066 0.215100213885307 0.21808235347271 0.221064478158951 0.225080713629723 0.232199281454086 0.239317864179611 0.246436446905136 0.253555029630661 0.260673582553864 0.267792165279388 0.274910748004913 0.276319026947021 0.275823891162872 0.275328725576401 0.274833589792252 0.274338454008102 0.273843288421631 0.273348152637482 0.273047059774399 0.27332815527916 0.27360925078392 0.273890346288681 0.274171441793442 0.27445250749588 0.274733603000641 0.275014698505402 0.277269542217255 0.280182272195816 0.2830950319767 0.286007761955261 0.288920521736145 0.291833251714706 0.294745981693268 0.29694864153862 0.297021061182022 0.297093451023102 0.297165870666504 0.297238260507584 0.297310680150986 0.297383069992065 0.297455489635468 0.297464847564697 0.297453224658966
0.212230384349823 0.21495957672596 0.217688784003258 0.220417976379395 0.224332943558693 0.231805250048637 0.239277541637421 0.246749833226204 0.254222124814987 0.261694431304932 0.269166737794876 0.276639014482498 0.278352230787277 0.27814570069313 0.277939200401306 0.277732670307159 0.277526170015335 0.277319639921188 0.277113139629364 0.276985913515091 0.277096539735794 0.277207165956497 0.2773177921772 0.277428418397903 0.277539044618607 0.27764967083931 0.277760297060013 0.279586672782898 0.281984925270081 0.284383207559586 0.286781460046768 0.289179712533951 0.291577994823456 0.293976247310638 0.295803904533386 0.295919686555862 0.296035498380661 0.296151280403137 0.296267092227936 0.296382874250412 0.296498686075211 0.296614468097687 0.296678721904755 0.296725779771805
0.212261155247688 0.214841157197952 0.217421159148216 0.220001146197319 0.223779022693634 0.23115049302578 0.238521963357925 0.245893433690071 0.253264904022217 0.260636359453201 0.268007844686508 0.275379329919815 0.277449488639832 0.277752578258514 0.278055638074875 0.278358727693558 0.278661787509918 0.278964877128601 0.279267936944962 0.279508233070374 0.27956011891365 0.27961203455925 0.279663920402527 0.279715836048126 0.279767721891403 0.279819637537003 0.27987152338028 0.28139990568161 0.283420473337173 0.285441011190414 0.287461578845978 0.289482116699219 0.29150265455246 0.293523222208023 0.295052498579025 0.295108020305634 0.295163542032242 0.29521906375885 0.295274585485458 0.295330107212067 0.295385628938675 0.295441150665283 0.295475453138351 0.295502692461014
0.212210401892662 0.214744940400124 0.217279464006424 0.219813987612724 0.223418921232224 0.230235010385513 0.237051114439964 0.243867218494415 0.250683307647705 0.257499396800995 0.264315515756607 0.271131604909897 0.273610860109329 0.274644464254379 0.275678098201752 0.276711702346802 0.277745336294174 0.278778940439224 0.279812574386597 0.280614018440247 0.280718922615051 0.280823826789856 0.280928730964661 0.281033635139465 0.28113853931427 0.281243443489075 0.281348347663879 0.282709270715714 0.284488886594772 0.286268472671509 0.288048088550568 0.289827674627304 0.291607290506363 0.293386876583099 0.294694483280182 0.294586062431335 0.294477641582489 0.294369220733643 0.294260799884796 0.29415237903595 0.294043958187103 0.293935537338257 0.29385507106781 0.293783932924271
0.212159663438797 0.214648723602295 0.217137783765793 0.219626843929291 0.223058819770813 0.229319542646408 0.235580265522003 0.241841003298759 0.248101726174355 0.254362463951111 0.260623186826706 0.266883909702301 0.269772201776505 0.271536380052567 0.273300528526306 0.275064706802368 0.276828855276108 0.27859303355217 0.280357182025909 0.28171980381012 0.28187769651413 0.282035619020462 0.282193541526794 0.282351434230804 0.282509356737137 0.282667279243469 0.282825171947479 0.284018635749817 0.285557299852371 0.287095934152603 0.288634598255157 0.290173232555389 0.291711896657944 0.293250530958176 0.294336438179016 0.294064074754715 0.293791711330414 0.293519347906113 0.293247014284134 0.292974650859833 0.292702287435532 0.29242992401123 0.292234688997269 0.292065173387527
0.212108910083771 0.214552506804466 0.216996088624001 0.219439685344696 0.222698718309402 0.228404074907303 0.234109431505203 0.239814773201942 0.245520129799843 0.251225501298904 0.256930828094482 0.262636184692383 0.265933573246002 0.268428266048431 0.270922988653183 0.273417681455612 0.275912404060364 0.278407096862793 0.280901819467545 0.28282555937767 0.28303650021553 0.283247411251068 0.283458322286606 0.283669263124466 0.283880174160004 0.284091085195541 0.284302026033401 0.285328030586243 0.28662571310997 0.28792342543602 0.289221107959747 0.290518820285797 0.291816502809525 0.293114215135574 0.29397839307785 0.293542116880417 0.293105810880661 0.292669504880905 0.292233198881149 0.291796892881393 0.291360586881638 0.290924310684204 0.290614306926727 0.290346413850784
0.212058156728745 0.214456275105476 0.216854408383369 0.219252526760101 0.222338616847992 0.227488592267036 0.232638582587242 0.237788558006287 0.242938548326492 0.248088523745537 0.253238499164581 0.258388489484787 0.262094914913177 0.265320181846619 0.268545418977737 0.271770685911179 0.274995923042297 0.278221189975739 0.281446427106857 0.283931344747543 0.284195274114609 0.284459203481674 0.28472313284874 0.284987062215805 0.28525099158287 0.285514920949936 0.285778850317001 0.286637395620346 0.287694126367569 0.288750886917114 0.289807617664337 0.290864378213882 0.291921108961105 0.292977869510651 0.293620377779007 0.293020129203796 0.292419880628586 0.291819632053375 0.291219413280487 0.290619164705276 0.290018916130066 0.289418667554855 0.288993924856186 0.288627654314041
0.212007403373718 0.214360058307648 0.216712713241577 0.219065368175507 0.221978515386581 0.226573124527931 0.231167733669281 0.235762342810631 0.240356951951981 0.24495156109333 0.24954617023468 0.254140794277191 0.258256286382675 0.262212067842484 0.266167879104614 0.270123660564423 0.274079471826553 0.278035253286362 0.281991064548492 0.285037130117416 0.28535407781601 0.28567099571228 0.285987943410873 0.286304861307144 0.286621809005737 0.286938726902008 0.287255674600601 0.287946760654449 0.288762539625168 0.289578348398209 0.290394127368927 0.291209936141968 0.292025744915009 0.292841523885727 0.293262332677841 0.292498141527176 0.291733950376511 0.290969789028168 0.290205597877502 0.289441406726837 0.288677245378494 0.287913054227829 0.287373542785645 0.286908894777298
0.211602210998535 0.213878303766251 0.216154381632805 0.21843047440052 0.221189573407173 0.225397706031799 0.229605853557587 0.233813986182213 0.238022118806839 0.242230251431465 0.246438384056091 0.250646531581879 0.255068153142929 0.259560972452164 0.264053761959076 0.268546581268311 0.273039370775223 0.277532190084457 0.28202497959137 0.285485565662384 0.285849392414093 0.286213248968124 0.286577105522156 0.286940932273865 0.287304788827896 0.287668645381927 0.288032501935959 0.288593411445618 0.289220005273819 0.289846628904343 0.290473252534866 0.291099846363068 0.291726469993591 0.292353063821793 0.292621314525604 0.291814476251602 0.2910076379776 0.290200799703598 0.289393961429596 0.288587093353271 0.287780255079269 0.286973416805267 0.286514014005661 0.286170452833176
0.210842564702034 0.213010981678963 0.215179413557053 0.217347845435143 0.219971805810928 0.223962351679802 0.227952912449837 0.231943473219872 0.235934033989906 0.239924594759941 0.243915140628815 0.24790570139885 0.252530544996262 0.257366836071014 0.262203127145767 0.267039388418198 0.27187567949295 0.276711940765381 0.281548231840134 0.285276621580124 0.285681277513504 0.286085933446884 0.286490619182587 0.286895275115967 0.287299960851669 0.287704616785049 0.288109302520752 0.288577347993851 0.289066553115845 0.289555728435516 0.29004493355751 0.290534108877182 0.291023313999176 0.29151251912117 0.291697353124619 0.290969103574753 0.29024088382721 0.289512664079666 0.288784444332123 0.288056224584579 0.287327975034714 0.28659975528717 0.28641539812088 0.286412328481674
0.210082903504372 0.212143674492836 0.2142044454813 0.216265201568604 0.218754023313522 0.222527012228966 0.226299986243248 0.23007296025753 0.233845949172974 0.237618923187256 0.241391912102699 0.245164886116982 0.249992951750755 0.255172699689865 0.260352462530136 0.265532225370407 0.270711958408356 0.275891721248627 0.281071484088898 0.285067677497864 0.285513162612915 0.285958647727966 0.286404132843018 0.286849617958069 0.28729510307312 0.287740617990494 0.288186103105545 0.288561284542084 0.288913071155548 0.289264857769012 0.289616614580154 0.289968401193619 0.290320158004761 0.290671944618225 0.29077336192131 0.290123760700226 0.289474159479141 0.288824528455734 0.28817492723465 0.287525326013565 0.286875694990158 0.286226093769073 0.286316752433777 0.286654204130173
0.20932325720787 0.211276367306709 0.213229462504387 0.215182572603226 0.217536255717278 0.221091657876968 0.224647060036659 0.22820246219635 0.231757864356041 0.235313266515732 0.238868668675423 0.242424070835114 0.247455343604088 0.252978563308716 0.258501797914505 0.264025032520294 0.269548267126083 0.275071501731873 0.280594736337662 0.284858733415604 0.285345047712326 0.285831362009048 0.286317646503448 0.286803960800171 0.287290275096893 0.287776589393616 0.288262903690338 0.288545250892639 0.288759589195251 0.288973957300186 0.289188295602798 0.289402663707733 0.289617031812668 0.28983137011528 0.289849400520325 0.289278388023376 0.288707405328751 0.288136422634125 0.287565410137177 0.286994427442551 0.286423414945602 0.285852432250977 0.286218136548996 0.286896049976349
0.208563610911369 0.210409045219421 0.212254494428635 0.214099943637848 0.216318473219872 0.219656303524971 0.222994118928909 0.226331949234009 0.229669779539108 0.233007594943047 0.236345425248146 0.239683255553246 0.24491773545742 0.250784456729889 0.256651163101196 0.262517869472504 0.268384575843811 0.274251282215118 0.280117988586426 0.284649789333344 0.285176903009415 0.285704046487808 0.286231189966202 0.286758303642273 0.287285447120667 0.287812560796738 0.288339704275131 0.288529187440872 0.288606107234955 0.28868305683136 0.288760006427765 0.288836926221848 0.288913875818253 0.288990795612335 0.288925409317017 0.28843304514885 0.28794065117836 0.287448287010193 0.286955893039703 0.286463528871536 0.285971164703369 0.28547877073288 0.286119490861893 0.287137925624847
0.207803964614868 0.209541738033295 0.211279526352882 0.213017299771309 0.215100705623627 0.218220949172974 0.221341192722321 0.224461451172829 0.227581694722176 0.230701938271523 0.233822181820869 0.236942440271378 0.242380127310753 0.24859032034874 0.254800498485565 0.261010676622391 0.267220854759216 0.273431032896042 0.279641211032867 0.284440845251083 0.285008788108826 0.28557676076889 0.286144703626633 0.286712646484375 0.287280589342117 0.287848562002182 0.288416504859924 0.288513123989105 0.288452655076981 0.288392156362534 0.288331687450409 0.288271188735962 0.288210719823837 0.288150250911713 0.288001447916031 0.287587672472 0.287173926830292 0.286760151386261 0.286346405744553 0.285932630300522 0.285518884658813 0.285105109214783 0.286020874977112 0.287379801273346
