data/working_set_collections/6091692-Cassins_Sparrow-M2/2015/rzmc_avg.asc
NCOLS 265 
NROWS 230 
XLLCORNER -115.5625 
YLLCORNER 24.8333333333333 
CELLSIZE 0.0833333333333333 
NODATA_value -9999 
[rows 180 to 199 of 230, columns 44 to 87 of 265]
0.211127921938896 0.205970391631126 0.200812876224518 0.195655345916748 0.190497830510139 0.18534030020237 0.1801827698946 0.175025254487991 0.174142360687256 0.174684330821037 0.17522631585598 0.175768285989761 0.176310271024704 0.176852241158485 0.177394211292267 0.177579894661903 0.17669665813446 0.175813421607018 0.174930185079575 0.174046948552132 0.173163712024689 0.172280475497246 0.171397238969803 0.171054571866989 0.17089207470417 0.170729592442513 0.170567110180855 0.170404627919197 0.170242145657539 0.170079663395882 0.170272588729858 0.1715317517519 0.172790929675102 0.174050092697144 0.175309255719185 0.176568433642387 0.177827596664429 0.179086774587631 0.180091500282288 0.181011438369751 0.181931361556053 0.182851284742355 0.183771207928658 0.18469113111496
0.212476015090942 0.206901997327805 0.201327979564667 0.195753961801529 0.190179944038391 0.184605926275253 0.179031908512115 0.173457890748978 0.173231169581413 0.174786880612373 0.176342576742172 0.177898287773132 0.179453998804092 0.181009709835052 0.182565420866013 0.183299273252487 0.181567564606667 0.179835855960846 0.178104162216187 0.176372453570366 0.174640744924545 0.172909036278725 0.171177327632904 0.170725986361504 0.170701429247856 0.170676857233047 0.1706523001194 0.170627743005753 0.170603185892105 0.170578628778458 0.170992210507393 0.172720208764076 0.174448221921921 0.176176220178604 0.177904233336449 0.179632231593132 0.181360244750977 0.18308824300766 0.184089288115501 0.184848010540009 0.185606718063354 0.186365440487862 0.187124162912369 0.187882885336876
0.213824108242989 0.207833603024483 0.201843082904816 0.19585257768631 0.189862057566643 0.183871552348137 0.17788103222847 0.171890527009964 0.172319978475571 0.174889415502548 0.177458852529526 0.180028289556503 0.182597741484642 0.18516717851162 0.187736615538597 0.189018651843071 0.186438485980034 0.183858305215836 0.181278124451637 0.1786979585886 0.176117777824402 0.173537597060204 0.170957431197166 0.170397400856018 0.170510768890381 0.170624136924744 0.170737490057945 0.170850858092308 0.170964226126671 0.171077594161034 0.171711817383766 0.173908665776253 0.176105514168739 0.178302347660065 0.180499196052551 0.182696029543877 0.184892877936363 0.18708972632885 0.188087061047554 0.188684582710266 0.189282089471817 0.189879611134529 0.19047711789608 0.191074624657631
0.215172216296196 0.208765208721161 0.202358201146126 0.195951193571091 0.189544185996056 0.183137163519859 0.176730155944824 0.170323148369789 0.171408787369728 0.174991950392723 0.178575128316879 0.182158306241035 0.18574146926403 0.189324647188187 0.192907825112343 0.194738030433655 0.19130939245224 0.187880739569664 0.184452101588249 0.181023448705673 0.177594810724258 0.174166157841682 0.170737519860268 0.170068815350533 0.170320108532906 0.170571401715279 0.170822694897652 0.171073973178864 0.171325266361237 0.17157655954361 0.172431439161301 0.175097122788429 0.177762806415558 0.180428475141525 0.183094158768654 0.185759842395782 0.18842551112175 0.191091194748878 0.192084848880768 0.192521154880524 0.19295746088028 0.193393766880035 0.193830072879791 0.194266378879547
-9999 0.209696814417839 0.202873304486275 0.19604979455471 0.189226299524307 0.182402789592743 0.17557929456234 0.168755784630775 0.170497596263885 0.175094500184059 0.179691404104233 0.184288308024406 0.18888521194458 0.193482115864754 0.198079019784927 0.2004574239254 0.196180298924446 0.191903188824654 0.187626078724861 0.183348953723907 0.179071843624115 0.174794718623161 0.170517608523369 0.169740244746208 0.17012944817543 0.170518666505814 0.170907884836197 0.171297088265419 0.171686306595802 0.172075524926186 0.173151060938835 0.176285579800606 0.179420083761215 0.182554602622986 0.185689121484756 0.188823640346527 0.191958159208298 0.195092663168907 0.19608262181282 0.196357727050781 0.196632832288742 0.196907922625542 0.197183027863503 0.197458133101463
-9999 -9999 0.203388407826424 0.196148410439491 0.188908413052559 0.181668415665627 0.174428418278694 0.167188420891762 0.169586405158043 0.175197035074234 0.180807664990425 0.186418309807777 0.192028939723969 0.197639584541321 0.203250214457512 0.206176802515984 0.201051220297813 0.195925623178482 0.190800040960312 0.185674458742142 0.180548876523972 0.175423294305801 0.17029769718647 0.169411659240723 0.169938802719116 0.170465931296349 0.170993074774742 0.171520218253136 0.172047346830368 0.172574490308762 0.17387068271637 0.177474036812782 0.181077376008034 0.184680730104446 0.188284084200859 0.191887438297272 0.195490792393684 0.199094146490097 0.200080394744873 0.200194299221039 0.200308188796043 0.200422093272209 0.200535982847214 0.20064988732338
-9999 -9999 -9999 0.196675106883049 0.189968258142471 0.183261424303055 0.176554575562477 0.169847741723061 0.172441735863686 0.178136005997658 0.18383027613163 0.189524546265602 0.195218816399574 0.200913086533546 0.206607356667519 0.20955516397953 0.204263523221016 0.198971897363663 0.193680256605148 0.188388630747795 0.183096989989281 0.177805364131927 0.172513723373413 0.171446681022644 0.171787828207016 0.172128990292549 0.172470137476921 0.172811284661293 0.173152431845665 0.173493579030037 0.174773335456848 0.178868874907494 0.1829644292593 0.187059968709946 0.191155523061752 0.195251062512398 0.199346616864204 0.20344215631485 0.204332679510117 0.204154849052429 0.203977018594742 0.203799203038216 0.203621372580528 0.203443542122841
-9999 -9999 -9999 -9999 -9999 0.187181815505028 0.18195778131485 0.176733747124672 0.179063588380814 0.183911398053169 0.188759207725525 0.193607017397881 0.198454827070236 0.203302636742592 0.208150446414948 0.210592493414879 0.205817237496376 0.201041981577873 0.196266710758209 0.191491454839706 0.186716198921204 0.181940943002701 0.177165687084198 0.175845310091972 0.175676554441452 0.175507813692093 0.175339058041573 0.175170317292213 0.175001561641693 0.174832820892334 0.175859034061432 0.180470123887062 0.185081228613853 0.189692318439484 0.194303423166275 0.198914512991905 0.203525617718697 0.208136707544327 0.208839446306229 0.208239376544952 0.207639306783676 0.207039251923561 0.206439182162285 0.205839112401009
-9999 -9999 -9999 -9999 -9999 -9999 0.187360972166061 0.183619752526283 0.185685455799103 0.189686805009842 0.193688154220581 0.197689488530159 0.201690837740898 0.205692186951637 0.209693536162376 0.211629822850227 0.207370936870575 0.203112065792084 0.198853179812431 0.194594293832779 0.190335407853127 0.186076521873474 0.181817635893822 0.180243939161301 0.179565280675888 0.178886637091637 0.178207993507385 0.177529335021973 0.176850691437721 0.17617204785347 0.176944717764854 0.182071372866631 0.187198027968407 0.192324668169022 0.197451323270798 0.202577963471413 0.207704618573189 0.212831273674965 0.21334619820118 0.212323904037476 0.21130159497261 0.210279300808907 0.209256991744041 0.208234682679176
-9999 -9999 -9999 -9999 -9999 -9999 -9999 0.190505757927895 0.192307308316231 0.195462197065353 0.198617085814476 0.201771974563599 0.20492684841156 0.208081737160683 0.211236625909805 0.212667167186737 0.208924651145935 0.205182150006294 0.201439633965492 0.19769711792469 0.193954616785049 0.190212100744247 0.186469599604607 0.184642553329468 0.183454006910324 0.18226546049118 0.181076914072037 0.179888367652893 0.178699821233749 0.177511274814606 0.178030416369438 0.183672621846199 0.189314812421799 0.19495701789856 0.20059922337532 0.206241428852081 0.211883619427681 0.217525824904442 0.217852964997292 0.216408431529999 0.214963883161545 0.213519349694252 0.212074801325798 0.210630252957344
-9999 -9999 -9999 -9999 -9999 -9999 -9999 -9999 0.19892917573452 0.201237589120865 0.203546017408371 0.205854445695877 0.208162859082222 0.210471287369728 0.212779715657234 0.213704496622086 0.210478365421295 0.207252219319344 0.204026088118553 0.200799956917763 0.197573825716972 0.194347694516182 0.19112154841423 0.189041182398796 0.18734273314476 0.185644298791885 0.183945849537849 0.182247400283813 0.180548951029778 0.178850501775742 0.179116114974022 0.185273855924606 0.191431611776352 0.197589367628098 0.203747123479843 0.209904879331589 0.216062620282173 0.222220376133919 0.222359731793404 0.220492959022522 0.218626171350479 0.216759398579597 0.214892610907555 0.213025823235512
-9999 -9999 -9999 -9999 -9999 -9999 -9999 -9999 -9999 0.207012996077538 0.208474949002266 0.209936916828156 0.211398869752884 0.212860837578773 0.214322805404663 0.214741826057434 0.212032064795494 0.209322303533554 0.206612557172775 0.203902795910835 0.201193034648895 0.198483273386955 0.195773512125015 0.193439811468124 0.191231459379196 0.189023122191429 0.186814770102501 0.184606432914734 0.182398080825806 0.180189743638039 0.180201798677444 0.186875104904175 0.193548411130905 0.200221717357635 0.206895023584366 0.213568329811096 0.220241636037827 0.226914942264557 0.226866498589516 0.224577471613884 0.222288459539413 0.219999447464943 0.217710420489311 0.215421408414841
-9999 -9999 -9999 -9999 -9999 -9999 -9999 -9999 -9999 -9999 0.211193680763245 0.212153792381287 0.213113903999329 0.214074030518532 0.215034142136574 0.215158209204674 0.212774127721786 0.210390046238899 0.208005949854851 0.205621868371964 0.203237786889076 0.200853705406189 0.198469623923302 0.196063920855522 0.193651020526886 0.191238105297089 0.188825204968452 0.186412289738655 0.183999389410019 0.181586489081383 0.181469142436981 0.188238516449928 0.195007890462875 0.201777264475822 0.208546653389931 0.215316027402878 0.222085401415825 0.228854775428772 0.228795349597931 0.226459667086601 0.22412396967411 0.221788287162781 0.21945258975029 0.21711690723896
-9999 -9999 -9999 -9999 -9999 -9999 -9999 -9999 -9999 -9999 -9999 -9999 -9999 -9999 -9999 0.214953616261482 0.212704509496689 0.210455417633057 0.208206310868263 0.205957219004631 0.203708112239838 0.201459005475044 0.199209913611412 0.196913540363312 0.194601401686668 0.192289263010025 0.189977139234543 0.187665000557899 0.185352876782417 0.183040738105774 0.182918131351471 0.189364105463028 0.195810064673424 0.20225602388382 0.208701997995377 0.215147957205772 0.221593931317329 0.228039890527725 0.228146284818649 0.22613950073719 0.224132716655731 0.222125917673111 0.220119133591652 0.218112349510193
-9999 -9999 -9999 -9999 -9999 -9999 -9999 -9999 -9999 -9999 -9999 -9999 -9999 -9999 -9999 0.214749038219452 0.212634906172752 0.210520789027214 0.208406671881676 0.206292554736137 0.204178422689438 0.2020643055439 0.199950188398361 0.19776314496994 0.195551782846451 0.193340420722961 0.191129073500633 0.188917711377144 0.186706349253654 0.184495002031326 0.184367120265961 0.190489679574966 0.196612238883972 0.202734783291817 0.208857342600822 0.214979901909828 0.221102461218834 0.227225005626678 0.227497234940529 0.22581934928894 0.224141448736191 0.222463563084602 0.220785677433014 0.219107776880264
-9999 -9999 -9999 -9999 -9999 -9999 -9999 -9999 -9999 -9999 -9999 -9999 -9999 -9999 -9999 0.21454444527626 0.212565302848816 0.210586160421371 0.208607032895088 0.206627890467644 0.204648748040199 0.202669605612755 0.20069046318531 0.198612749576569 0.196502164006233 0.194391578435898 0.192281007766724 0.190170422196388 0.188059836626053 0.185949251055717 0.18581610918045 0.191615253686905 0.197414398193359 0.203213542699814 0.209012687206268 0.214811831712723 0.220610991120338 0.226410135626793 0.226848170161247 0.225499182939529 0.224150195717812 0.222801208496094 0.221452206373215 0.220103219151497
-9999 -9999 -9999 -9999 -9999 -9999 -9999 -9999 -9999 -9999 -9999 -9999 -9999 -9999 -9999 0.214339852333069 0.212495699524879 0.21065154671669 0.208807379007339 0.20696322619915 0.205119073390961 0.20327490568161 0.201430752873421 0.199462354183197 0.197452545166016 0.195442736148834 0.193432942032814 0.191423133015633 0.189413323998451 0.18740351498127 0.18726509809494 0.192740827798843 0.198216572403908 0.203692302107811 0.209168046712875 0.214643776416779 0.220119506120682 0.225595250725746 0.226199120283127 0.225179016590118 0.224158927798271 0.223138839006424 0.222118750214577 0.22109866142273
-9999 -9999 -9999 -9999 -9999 -9999 -9999 -9999 -9999 -9999 -9999 -9999 -9999 -9999 -9999 0.214135274291039 0.212426096200943 0.210716918110847 0.209007740020752 0.207298561930656 0.205589383840561 0.203880205750465 0.20217102766037 0.200311958789825 0.198402926325798 0.196493893861771 0.194584876298904 0.192675843834877 0.19076681137085 0.188857778906822 0.18871408700943 0.193866416811943 0.199018731713295 0.204171061515808 0.209323391318321 0.214475721120834 0.219628036022186 0.224780365824699 0.225550055503845 0.224858865141869 0.224167674779892 0.223476484417915 0.222785294055939 0.222094103693962
-9999 -9999 -9999 -9999 -9999 -9999 -9999 -9999 -9999 -9999 -9999 -9999 -9999 -9999 -9999 -9999 0.212758779525757 0.211326107382774 0.209893435239792 0.208460748195648 0.207028076052666 0.205595403909683 0.204162731766701 0.20257180929184 0.200928136706352 0.199284464120865 0.197640806436539 0.195997133851051 0.194353461265564 0.192709803581238 0.192588627338409 0.19703496992588 0.20148129761219 0.205927640199661 0.210373967885971 0.214820310473442 0.219266638159752 0.223712980747223 0.224523395299911 0.22412183880806 0.223720297217369 0.223318740725517 0.222917184233665 0.222515642642975
-9999 -9999 -9999 -9999 -9999 -9999 -9999 -9999 -9999 -9999 -9999 -9999 -9999 -9999 -9999 -9999 -9999 0.21247909963131 0.211464449763298 0.210449799895287 0.209435150027275 0.208420485258102 0.207405835390091 0.206241890788078 0.205028176307678 0.203814446926117 0.202600732445717 0.201387017965317 0.200173303484917 0.198959589004517 0.19888873398304 0.202246502041817 0.205604255199432 0.208962023258209 0.212319791316986 0.215677544474602 0.219035312533379 0.222393065690994 0.223119124770164 0.222967952489853 0.222816795110703 0.222665622830391 0.222514450550079 0.222363278269768
