data/working_set_collections/6091692-Cassins_Sparrow-M2/2015/speed_avg.asc
NCOLS 265 
NROWS 230 
XLLCORNER -115.5625 
YLLCORNER 24.8333333333333 
CELLSIZE 0.0833333333333333 
NODATA_value -9999 
[rows 0 to 19 of 230, columns 92 to 137 of 265]
5.44188117980957 5.41022109985352 5.37856101989746 5.34690141677856 5.31524133682251 5.41002559661865 5.54695749282837 5.68388986587524 5.82082176208496 5.95775413513184 6.09468650817871 6.23161840438843 6.34864377975464 6.40594911575317 6.46325445175171 6.52055931091309 6.57786464691162 6.63516998291016 6.69247484207153 6.74978017807007 6.78942346572876 6.82317924499512 6.85693550109863 6.89069128036499 6.92444705963135 6.95820331573486 6.99195909500122 7.02381706237793 7.04998207092285 7.07614660263062 7.10231113433838 7.12847566604614 7.15464067459106 7.18080520629883 7.20696973800659 7.14661645889282 7.05742359161377 6.96823120117188 6.87903833389282 6.78984546661377 6.70065259933472 6.61146020889282 6.53207492828369 6.48211240768433 6.43214988708496 6.3821873664856
5.52834272384644 5.51695775985718 5.50557279586792 5.49418830871582 5.48280334472656 5.57654762268066 5.70533466339111 5.83412170410156 5.96290874481201 6.09169578552246 6.22048330307007 6.34927034378052 6.4574179649353 6.50364780426025 6.54987812042236 6.59610795974731 6.64233827590942 6.68856811523438 6.73479795455933 6.78102827072144 6.82212400436401 6.8615083694458 6.90089321136475 6.94027757644653 6.97966241836548 7.01904678344727 7.05843114852905 7.09278011322021 7.11202049255371 7.13126087188721 7.1505012512207 7.16974210739136 7.18898248672485 7.20822286605835 7.22746324539185 7.16811037063599 7.08255958557129 6.99700927734375 6.91145849227905 6.82590770721436 6.74035692214966 6.65480613708496 6.57863187789917 6.53058767318726 6.48254346847534 6.43449878692627
5.61480379104614 5.62369441986084 5.63258457183838 5.64147520065308 5.65036582946777 5.74307012557983 5.86371183395386 5.98435401916504 6.10499572753906 6.22563791275024 6.34627962112427 6.46692180633545 6.56619215011597 6.60134696960449 6.63650178909302 6.67165660858154 6.70681142807007 6.74196624755859 6.77712106704712 6.81227588653564 6.85482454299927 6.89983797073364 6.94485092163086 6.98986387252808 7.03487730026245 7.07989025115967 7.12490367889404 7.16174268722534 7.17405891418457 7.1863751411438 7.19869184494019 7.21100807189941 7.22332429885864 7.23564052581787 7.24795722961426 7.18960475921631 7.10769605636597 7.02578687667847 6.94387817382812 6.86196947097778 6.78006076812744 6.6981520652771 6.62518882751465 6.57906293869019 6.53293657302856 6.48681020736694
5.70126485824585 5.73043060302734 5.75959634780884 5.78876209259033 5.81792831420898 5.90959215164185 6.0220890045166 6.13458585739136 6.24708271026611 6.35957956314087 6.47207641601562 6.58457326889038 6.67496585845947 6.69904565811157 6.72312545776367 6.74720525741577 6.77128458023071 6.79536437988281 6.81944417953491 6.84352397918701 6.88752508163452 6.93816709518433 6.98880863189697 7.03945064544678 7.09009218215942 7.14073419570923 7.19137573242188 7.23070526123047 7.23609733581543 7.24148941040039 7.24688196182251 7.25227403640747 7.25766611099243 7.26305866241455 7.26845073699951 7.21109867095947 7.13283205032349 7.05456495285034 6.97629833221436 6.89803171157837 6.81976509094238 6.74149799346924 6.67174577713013 6.62753772735596 6.58332967758179 6.53912162780762
5.78772640228271 5.83716726303101 5.8866081237793 5.93604946136475 5.98549032211304 6.07611465454102 6.18046617507935 6.28481817245483 6.38916969299316 6.49352169036865 6.59787321090698 6.70222520828247 6.78374004364014 6.79674434661865 6.80974912643433 6.82275342941284 6.83575820922852 6.84876251220703 6.8617672920227 6.87477159500122 6.92022562026978 6.97649621963501 7.03276634216309 7.08903694152832 7.1453070640564 7.20157766342163 7.25784778594971 7.2996678352356 7.29813575744629 7.29660415649414 7.29507207870483 7.29354000091553 7.29200839996338 7.29047632217407 7.28894424438477 7.23259258270264 7.15796804428101 7.08334302902222 7.00871849060059 6.9340934753418 6.85946893692017 6.78484392166138 6.71830320358276 6.67601299285889 6.63372325897217 6.59143352508545
5.87418746948242 5.94390392303467 6.01361989974976 6.083336353302 6.15305280685425 6.24263668060303 6.33884334564209 6.43505001068115 6.53125667572021 6.62746334075928 6.72367000579834 6.8198766708374 6.89251375198364 6.89444351196289 6.89637279510498 6.89830207824707 6.90023136138916 6.90216112136841 6.9040904045105 6.90601968765259 6.95292615890503 7.01482534408569 7.0767240524292 7.13862323760986 7.20052194595337 7.26242113113403 7.3243203163147 7.36863040924072 7.36017417907715 7.35171842575073 7.34326219558716 7.33480596542358 7.32635021209717 7.31789398193359 7.30943775177002 7.25408697128296 7.18310403823853 7.11212110519409 7.04113864898682 6.97015571594238 6.89917278289795 6.82819032669067 6.76486015319824 6.72448825836182 6.68411636352539 6.64374494552612
5.97845125198364 6.06206035614014 6.14566946029663 6.22927808761597 6.31288719177246 6.39876699447632 6.4854040145874 6.57204055786133 6.65867757797241 6.7453145980835 6.83195161819458 6.91858816146851 6.98334217071533 6.98244571685791 6.98154926300049 6.98065280914307 6.97975635528564 6.97886037826538 6.97796392440796 6.97706747055054 7.02509784698486 7.08943748474121 7.15377712249756 7.21811628341675 7.2824559211731 7.34679508209229 7.41113471984863 7.45557022094727 7.44029378890991 7.42501735687256 7.4097409248352 7.39446449279785 7.3791880607605 7.36391162872314 7.34863471984863 7.29562425613403 7.23003482818604 7.1644458770752 7.09885692596436 7.03326797485352 6.96767902374268 6.90209007263184 6.84292650222778 6.80303907394409 6.76315212249756 6.72326469421387
6.10051822662354 6.19163703918457 6.2827558517456 6.37387466430664 6.46499347686768 6.54450511932373 6.62014770507812 6.69579029083252 6.77143287658691 6.84707498550415 6.92271757125854 6.99836015701294 7.05622386932373 7.06075143814087 7.06527853012085 7.06980609893799 7.07433319091797 7.07886075973511 7.08338785171509 7.08791542053223 7.13674116134644 7.20033264160156 7.26392459869385 7.32751655578613 7.39110803604126 7.45469999313354 7.51829195022583 7.56048727035522 7.53849411010742 7.51650094985962 7.49450778961182 7.47251462936401 7.45052146911621 7.42852830886841 7.4065351486206 7.35720443725586 7.29876089096069 7.24031734466553 7.18187379837036 7.12343072891235 7.06498718261719 7.00654363632202 6.95250177383423 6.91166591644287 6.87082958221436 6.82999324798584
6.22258520126343 6.321213722229 6.41984272003174 6.51847124099731 6.61710023880005 6.69024324417114 6.75489139556885 6.81953954696655 6.88418769836426 6.94883584976196 7.01348400115967 7.07813215255737 7.12910604476929 7.13905715942383 7.14900779724121 7.15895891189575 7.16891002655029 7.17886114120483 7.18881225585938 7.19876337051392 7.24838399887085 7.31122827529907 7.37407207489014 7.43691635131836 7.49976062774658 7.56260442733765 7.62544870376587 7.66540431976318 7.63669443130493 7.60798454284668 7.57927465438843 7.55056524276733 7.52185535430908 7.49314546585083 7.46443557739258 7.41878461837769 7.36748695373535 7.31618881225586 7.26489114761353 7.21359300613403 7.1622953414917 7.11099720001221 7.06207752227783 7.02029228210449 6.97850704193115 6.93672227859497
6.34465217590332 6.4507908821106 6.55692958831787 6.66306781768799 6.76920652389526 6.83598136901855 6.88963508605957 6.94328880310059 6.9969425201416 7.05059623718262 7.10424995422363 7.15790367126465 7.20198774337769 7.21736240386963 7.23273754119873 7.24811220169067 7.26348686218262 7.27886152267456 7.2942361831665 7.30961084365845 7.36002683639526 7.42212343215942 7.48422002792358 7.54631614685059 7.60841274261475 7.67050933837891 7.73260545730591 7.77032136917114 7.73489475250244 7.6994686126709 7.6640419960022 7.6286153793335 7.5931887626648 7.55776262283325 7.52233600616455 7.48036527633667 7.43621253967285 7.39206027984619 7.34790802001953 7.30375576019287 7.25960302352905 7.21545076370239 7.17165327072144 7.12891912460327 7.08618497848511 7.04345083236694
6.46671915054321 6.58036756515503 6.69401597976685 6.80766439437866 6.92131328582764 6.98171997070312 7.02437925338745 7.06703853607178 7.1096978187561 7.15235710144043 7.19501638412476 7.23767566680908 7.27486991882324 7.29566812515259 7.31646680831909 7.33726501464844 7.35806369781494 7.37886190414429 7.39966058731079 7.42045879364014 7.47167015075684 7.53301858901978 7.59436750411987 7.65571641921997 7.71706533432007 7.77841377258301 7.8397626876831 7.8752384185791 7.83309507369995 7.79095220565796 7.74880886077881 7.70666599273682 7.66452264785767 7.62237930297852 7.58023643493652 7.5419454574585 7.50493860244751 7.46793174743652 7.43092489242554 7.39391803741455 7.35691118240356 7.31990432739258 7.28122854232788 7.23754549026489 7.1938624382019 7.15017938613892
6.58878564834595 6.70994424819946 6.83110284805298 6.95226097106934 7.07341957092285 7.12745809555054 7.15912294387817 7.19078779220581 7.22245264053345 7.25411748886108 7.28578281402588 7.31744766235352 7.34775161743164 7.37397384643555 7.40019607543945 7.42641830444336 7.45264053344727 7.47886228561401 7.50508451461792 7.53130674362183 7.58331298828125 7.64391422271729 7.70451545715332 7.7651162147522 7.82571744918823 7.88631868362427 7.94691944122314 7.98015546798706 7.93129587173462 7.88243579864502 7.83357620239258 7.78471612930298 7.73585653305054 7.68699645996094 7.63813638687134 7.60352563858032 7.57366466522217 7.54380321502686 7.51394176483154 7.48408079147339 7.45421934127808 7.42435836791992 7.39080429077148 7.34617233276367 7.3015398979187 7.25690793991089
6.7161111831665 6.83134269714355 6.9465742111206 7.06180572509766 7.17703771591187 7.22383785247803 7.24782800674438 7.27181816101074 7.2958083152771 7.31979846954346 7.34378862380981 7.36777877807617 7.39422035217285 7.42801523208618 7.46181011199951 7.49560499191284 7.52939987182617 7.5631947517395 7.59698963165283 7.63078451156616 7.6866397857666 7.74984836578369 7.81305694580078 7.87626552581787 7.93947410583496 8.00268268585205 8.06589126586914 8.09869003295898 8.04025840759277 7.9818263053894 7.92339468002319 7.86496305465698 7.80653095245361 7.7480993270874 7.68966770172119 7.65318155288696 7.62401056289673 7.59484004974365 7.56566905975342 7.53649854660034 7.50732755661011 7.47815656661987 7.44584655761719 7.40411806106567 7.36238956451416 7.3206615447998
6.84869480133057 6.9445629119873 7.04043054580688 7.13629865646362 7.23216676712036 7.27086019515991 7.29049491882324 7.31013011932373 7.32976484298706 7.34939956665039 7.36903476715088 7.38866949081421 7.4142746925354 7.45779180526733 7.50130844116211 7.54482507705688 7.58834218978882 7.63185882568359 7.67537546157837 7.71889209747314 7.78165006637573 7.85082101821899 7.91999244689941 7.98916387557983 8.05833530426025 8.12750625610352 8.19667720794678 8.23084163665771 8.15998268127441 8.08912372589111 8.01826477050781 7.94740581512451 7.87654685974121 7.80568790435791 7.73482894897461 7.69091272354126 7.65597724914551 7.62104177474976 7.58610677719116 7.55117130279541 7.51623582839966 7.48130035400391 7.44635581970215 7.41138362884521 7.37641143798828 7.34143924713135
6.98127841949463 7.0577826499939 7.13428735733032 7.21079158782959 7.28729629516602 7.31788206100464 7.3331618309021 7.34844160079956 7.36372089385986 7.37900066375732 7.39428043365479 7.40956020355225 7.43432950973511 7.48756837844849 7.54080677032471 7.59404563903809 7.64728403091431 7.70052289962769 7.75376129150391 7.80700016021729 7.87666034698486 7.95179414749146 8.02692794799805 8.1020622253418 8.17719650268555 8.25232982635498 8.32746410369873 8.36299324035645 8.27970695495605 8.19642066955566 8.11313533782959 8.0298490524292 7.94656276702881 7.86327695846558 7.77999067306519 7.72864437103271 7.68794393539429 7.64724397659302 7.60654401779175 7.56584405899048 7.52514362335205 7.48444366455078 7.44686460494995 7.41864919662476 7.3904333114624 7.36221742630005
7.11386203765869 7.17100286483765 7.2281436920166 7.28528451919556 7.34242534637451 7.36490392684937 7.37582874298096 7.38675308227539 7.39767742156982 7.40860176086426 7.41952610015869 7.43045091629028 7.45438432693481 7.51734495162964 7.5803050994873 7.64326572418213 7.70622634887695 7.76918697357178 7.8321475982666 7.89510774612427 7.97167062759399 8.05276679992676 8.13386344909668 8.2149600982666 8.29605674743652 8.37715339660645 8.45825004577637 8.49514484405518 8.3994312286377 8.30371856689453 8.20800495147705 8.11229228973389 8.01657867431641 7.92086553573608 7.82515239715576 7.76637554168701 7.71991062164307 7.67344617843628 7.62698125839233 7.58051681518555 7.5340518951416 7.48758697509766 7.44737386703491 7.42591428756714 7.40445518493652 7.38299560546875
7.2464451789856 7.28422260284424 7.32200002670288 7.35977745056152 7.39755487442017 7.41192626953125 7.41849517822266 7.42506456375122 7.43163394927979 7.43820285797119 7.44477224349976 7.45134162902832 7.47443914413452 7.54712152481079 7.61980390548706 7.69248628616333 7.7651686668396 7.83785104751587 7.91053342819214 7.98321580886841 8.06668090820312 8.15373992919922 8.24079895019531 8.32785892486572 8.41491794586182 8.50197696685791 8.58903694152832 8.62729644775391 8.51915550231934 8.41101551055908 8.30287551879883 8.19473457336426 8.086594581604 7.97845411300659 7.87031412124634 7.80410671234131 7.75187730789185 7.69964790344238 7.64741897583008 7.59518957138062 7.54296016693115 7.49073076248169 7.44788265228271 7.43317985534668 7.41847658157349 7.40377378463745
7.37902879714966 7.39744281768799 7.41585636138916 7.43427038192749 7.45268440246582 7.45894813537598 7.46116209030151 7.46337604522705 7.46559000015259 7.46780395507812 7.47001791000366 7.4722318649292 7.49449348449707 7.57689809799194 7.65930223464966 7.74170637130737 7.82411050796509 7.90651512145996 7.98891925811768 8.07132339477539 8.1616907119751 8.25471305847168 8.34773540496826 8.44075679779053 8.53377914428711 8.62680149078369 8.71982288360596 8.75944805145264 8.63888072967529 8.51831245422363 8.39774513244629 8.27717781066895 8.1566104888916 8.03604316711426 7.91547536849976 7.84183835983276 7.78384399414062 7.72585010528564 7.66785621643066 7.60986232757568 7.55186796188354 7.49387407302856 7.44839191436768 7.44044542312622 7.43249845504761 7.42455196380615
7.46359777450562 7.47346448898315 7.48333120346069 7.49319744110107 7.50306415557861 7.50603818893433 7.50671482086182 7.50739145278931 7.5080680847168 7.50874471664429 7.50942134857178 7.51009798049927 7.53109312057495 7.6130428314209 7.69499254226685 7.77694225311279 7.8588924407959 7.94084215164185 8.02279186248779 8.1047420501709 8.19813346862793 8.2953405380249 8.39254665374756 8.48975276947021 8.58695888519287 8.68416500091553 8.78137111663818 8.82321166992188 8.69895458221436 8.57469749450684 8.45044040679932 8.3261833190918 8.20192623138428 8.07766914367676 7.9534125328064 7.87432098388672 7.81028413772583 7.7462477684021 7.68221092224121 7.61817455291748 7.55413818359375 7.49010133743286 7.44041776657104 7.43379354476929 7.42716884613037 7.42054462432861
7.50015211105347 7.5122880935669 7.52442359924316 7.53655910491943 7.5486946105957 7.5531964302063 7.55515384674072 7.55711078643799 7.55906820297241 7.56102514266968 7.5629825592041 7.56493949890137 7.58423709869385 7.65555620193481 7.72687530517578 7.79819440841675 7.86951351165771 7.94083261489868 8.01215171813965 8.08347034454346 8.17600917816162 8.27562141418457 8.3752326965332 8.47484493255615 8.5744571685791 8.67406940460205 8.77368068695068 8.81858730316162 8.69937896728516 8.58016967773438 8.46096038818359 8.34175205230713 8.22254276275635 8.10333347320557 7.98412466049194 7.90155458450317 7.83119773864746 7.76084041595459 7.69048357009888 7.62012672424316 7.54976940155029 7.47941255569458 7.42396068572998 7.41322422027588 7.40248823165894 7.39175176620483
