data/working_set_collections/6091692-Cassins_Sparrow-M2/2015/speed_avg.asc
NCOLS 265 
NROWS 230 
XLLCORNER -115.5625 
YLLCORNER 24.8333333333333 
CELLSIZE 0.0833333333333333 
NODATA_value -9999 
[rows 20 to 39 of 230, columns 46 to 91 of 265]
4.54674673080444 4.60666942596436 4.66659212112427 4.72651481628418 4.78643751144409 4.846360206604 4.9264178276062 5.01318693161011 5.09995555877686 5.18672466278076 5.27349376678467 5.36026287078857 5.44703197479248 5.53048467636108 5.60398960113525 5.67749452590942 5.75099897384644 5.8245038986206 5.89800834655762 5.97151327133179 6.0450177192688 6.11152410507202 6.17569732666016 6.23987102508545 6.30404424667358 6.36821794509888 6.43239116668701 6.4965648651123 6.57838487625122 6.7131462097168 6.84790706634521 6.98266839981079 7.11742973327637 7.25219058990479 7.38695192337036 7.52171277999878 7.54885196685791 7.54011678695679 7.53138208389282 7.52264738082886 7.51391220092773 7.50517749786377 7.49644231796265 7.49349212646484 7.507896900177 7.52230167388916
4.57972097396851 4.65755558013916 4.73539018630981 4.81322479248047 4.89105892181396 4.96889352798462 5.05172157287598 5.13621377944946 5.22070598602295 5.30519819259644 5.38969039916992 5.47418260574341 5.55867433547974 5.63831615447998 5.7034068107605 5.76849746704102 5.83358812332153 5.89867877960205 5.96376943588257 6.02886009216309 6.0939507484436 6.1532187461853 6.21054601669312 6.26787328720093 6.3252010345459 6.38252830505371 6.43985557556152 6.49718284606934 6.57291507720947 6.70386266708374 6.83481025695801 6.96575736999512 7.09670495986938 7.22765254974365 7.35859966278076 7.48954725265503 7.52196264266968 7.52153444290161 7.52110576629639 7.52067756652832 7.52024936676025 7.51982069015503 7.51939249038696 7.52323961257935 7.53991317749023 7.55658721923828
4.61269521713257 4.70844125747681 4.8041877746582 4.8999342918396 4.995680809021 5.09142732620239 5.17702531814575 5.25924062728882 5.34145593643188 5.42367124557495 5.50588655471802 5.58810186386108 5.67031717300415 5.74614763259888 5.8028244972229 5.85950088500977 5.91617727279663 5.9728536605835 6.02953052520752 6.08620691299438 6.14288330078125 6.19491338729858 6.24539470672607 6.29587602615356 6.34635734558105 6.39683866500854 6.44731998443604 6.49780130386353 6.56744575500488 6.69457912445068 6.82171297073364 6.9488468170166 7.07598066329956 7.20311403274536 7.33024787902832 7.45738172531128 7.4950737953186 7.50295162200928 7.51082992553711 7.51870775222778 7.52658605575562 7.53446435928345 7.54234218597412 7.55298662185669 7.57192945480347 7.59087228775024
4.64566946029663 4.75932741165161 4.87298583984375 4.98664426803589 5.10030221939087 5.21396064758301 5.30232906341553 5.38226747512817 5.46220588684082 5.54214429855347 5.62208271026611 5.70202112197876 5.78196001052856 5.85397911071777 5.90224170684814 5.95050382614136 5.99876642227173 6.0470290184021 6.09529113769531 6.14355373382568 6.19181632995605 6.23660802841187 6.28024339675903 6.3238787651062 6.36751365661621 6.41114902496338 6.45478439331055 6.49841928482056 6.56197595596313 6.68529605865479 6.80861616134644 6.93193578720093 7.05525588989258 7.17857599258423 7.30189609527588 7.42521619796753 7.46818447113037 7.4843692779541 7.50055360794067 7.5167384147644 7.53292274475098 7.54910755157471 7.56529235839844 7.58273363113403 7.6039457321167 7.62515735626221
4.64887142181396 4.77821731567383 4.90756273269653 5.0369086265564 5.1662540435791 5.29559993743896 5.39381504058838 5.48165273666382 5.56949090957642 5.65732908248901 5.74516677856445 5.83300495147705 5.92084312438965 5.99627590179443 6.03449487686157 6.07271337509155 6.11093187332153 6.14915084838867 6.18736934661865 6.22558784484863 6.26380681991577 6.29843425750732 6.33186435699463 6.36529493331909 6.3987250328064 6.43215560913086 6.46558570861816 6.49901628494263 6.55406284332275 6.67395687103271 6.79385137557983 6.9137454032898 7.03363990783691 7.15353441238403 7.27342844009399 7.39332294464111 7.43654537200928 7.45420980453491 7.4718747138977 7.4895396232605 7.50720453262329 7.52486896514893 7.54253387451172 7.56186485290527 7.58619499206543 7.61052513122559
4.62230205535889 4.76511096954346 4.90791940689087 5.05072784423828 5.19353628158569 5.33634471893311 5.45148229598999 5.55739641189575 5.66331052780151 5.76922464370728 5.87513875961304 5.98105239868164 6.0869665145874 6.17303848266602 6.19958353042603 6.22612857818604 6.2526741027832 6.27921915054321 6.30576419830322 6.33230972290039 6.3588547706604 6.38039112091064 6.40025806427002 6.42012453079224 6.43999147415161 6.45985794067383 6.4797248840332 6.49959182739258 6.54370594024658 6.66056251525879 6.777419090271 6.8942756652832 7.01113224029541 7.12798929214478 7.24484586715698 7.36170244216919 7.40015554428101 7.41247415542603 7.42479276657104 7.43711185455322 7.44943046569824 7.46174907684326 7.47406768798828 7.49038076400757 7.51867771148682 7.54697465896606
4.59573268890381 4.75200414657593 4.90827560424805 5.06454706192017 5.22081851959229 5.37708950042725 5.50915002822876 5.63314008712769 5.75713014602661 5.88112020492554 6.00511026382446 6.12910032272339 6.25309038162231 6.34980058670044 6.36467266082764 6.37954425811768 6.39441585540771 6.40928745269775 6.42415952682495 6.43903112411499 6.45390272140503 6.46234798431396 6.46865129470825 6.47495460510254 6.48125743865967 6.48756074905396 6.49386358261108 6.50016689300537 6.53334903717041 6.64716815948486 6.76098680496216 6.87480592727661 6.98862504959106 7.10244417190552 7.21626281738281 7.33008193969727 7.36376619338989 7.37073850631714 7.37771129608154 7.38468360900879 7.39165639877319 7.39862871170044 7.40560150146484 7.41889667510986 7.4511604309082 7.48342418670654
4.56916332244873 4.73889780044556 4.90863180160522 5.07836627960205 5.24810028076172 5.41783475875854 5.56681776046753 5.70888376235962 5.85094976425171 5.9930157661438 6.13508176803589 6.27714776992798 6.41921377182007 6.52656316757202 6.52976131439209 6.53295946121216 6.53615808486938 6.53935623168945 6.54255437850952 6.54575252532959 6.54895114898682 6.54430532455444 6.53704452514648 6.52978420257568 6.52252388000488 6.51526308059692 6.50800275802612 6.50074243545532 6.52299213409424 6.63377332687378 6.74455499649048 6.85533618927002 6.96611738204956 7.0768985748291 7.1876802444458 7.29846143722534 7.32737636566162 7.32900285720825 7.33062934875488 7.33225584030151 7.33388233184814 7.33550882339478 7.33713531494141 7.34741258621216 7.38364315032959 7.41987371444702
4.54259395599365 4.72579097747803 4.9089879989624 5.09218549728394 5.27538251876831 5.45857954025269 5.6244854927063 5.78462743759155 5.94476938247681 6.10491132736206 6.26505327224731 6.42519569396973 6.58533763885498 6.70332527160645 6.69484996795654 6.6863751411438 6.6778998374939 6.66942453384399 6.66094970703125 6.65247440338135 6.64399909973145 6.62626218795776 6.60543823242188 6.58461427688599 6.56378984451294 6.54296588897705 6.52214193344116 6.50131750106812 6.51263523101807 6.62037897109985 6.72812271118164 6.83586645126343 6.94361019134521 7.05135345458984 7.15909719467163 7.26684093475342 7.29098701477051 7.28726720809937 7.28354787826538 7.27982807159424 7.2761082649231 7.27238845825195 7.26866912841797 7.27592849731445 7.31612586975098 7.3563232421875
4.51602458953857 4.71268463134766 4.90934467315674 5.10600471496582 5.30266427993774 5.49932432174683 5.68215274810791 5.86037111282349 6.0385890007019 6.21680688858032 6.3950252532959 6.57324314117432 6.75146102905273 6.88008737564087 6.85993909835815 6.83979034423828 6.81964159011841 6.79949331283569 6.77934455871582 6.75919580459595 6.73904752731323 6.70821952819824 6.67383146286011 6.63944387435913 6.60505628585815 6.57066822052002 6.53628063201904 6.50189304351807 6.50227880477905 6.60698461532593 6.7116904258728 6.81639671325684 6.92110252380371 7.02580833435059 7.13051414489746 7.23522043228149 7.2545976638794 7.24553155899048 7.23646593093872 7.22740030288696 7.21833419799805 7.20926856994629 7.20020294189453 7.20444440841675 7.24860858917236 7.29277276992798
4.49034738540649 4.68730211257935 4.8842568397522 5.08121156692505 5.2781662940979 5.47512102127075 5.66195631027222 5.84541845321655 6.02888059616089 6.21234273910522 6.39580488204956 6.5792670249939 6.76272869110107 6.89531755447388 6.87528562545776 6.85525369644165 6.8352222442627 6.81519031524658 6.79515838623047 6.77512645721436 6.7550950050354 6.72010660171509 6.68013334274292 6.64015960693359 6.60018587112427 6.56021213531494 6.52023887634277 6.48026514053345 6.47411060333252 6.56941270828247 6.66471481323242 6.76001739501953 6.85531949996948 6.95062160491943 7.04592418670654 7.14122629165649 7.15717697143555 7.14667654037476 7.13617658615112 7.12567663192749 7.11517667770386 7.10467672348022 7.09417676925659 7.09724044799805 7.14099550247192 7.1847505569458
4.46556186676025 4.6496434211731 4.83372497558594 5.01780652999878 5.20188808441162 5.3859691619873 5.5638952255249 5.73976945877075 5.9156436920166 6.09151792526245 6.2673921585083 6.44326639175415 6.619140625 6.74901533126831 6.74089050292969 6.73276567459106 6.72464084625244 6.71651601791382 6.7083911895752 6.70026636123657 6.69214153289795 6.66192436218262 6.62434244155884 6.58676099777222 6.54917907714844 6.51159763336182 6.47401571273804 6.43643426895142 6.42813110351562 6.50766372680664 6.5871958732605 6.66672849655151 6.74626111984253 6.82579374313354 6.90532636642456 6.98485851287842 6.99872493743896 6.99070262908936 6.98268032073975 6.97465753555298 6.96663522720337 6.95861291885376 6.95059061050415 6.95431613922119 6.9932861328125 7.03225612640381
4.44077682495117 4.611985206604 4.78319311141968 4.95440149307251 5.12560939788818 5.29681777954102 5.46583461761475 5.63412094116211 5.80240726470947 5.97069358825684 6.1389799118042 6.30726623535156 6.47555255889893 6.60271263122559 6.60649490356445 6.61027717590332 6.61405944824219 6.61784172058105 6.62162399291992 6.62540626525879 6.62918853759766 6.60374212265015 6.56855201721191 6.53336238861084 6.49817276000977 6.46298265457153 6.42779302597046 6.39260339736938 6.38215160369873 6.44591426849365 6.50967741012573 6.57344007492065 6.63720273971558 6.7009654045105 6.76472806930542 6.8284912109375 6.84027338027954 6.8347282409668 6.82918357849121 6.82363891601562 6.81809425354004 6.8125491142273 6.80700445175171 6.81139230728149 6.84557723999023 6.87976217269897
4.41599178314209 4.57432651519775 4.73266124725342 4.89099597930908 5.0493311882019 5.20766592025757 5.36777353286743 5.52847194671631 5.68917036056519 5.84986877441406 6.01056718826294 6.17126560211182 6.33196401596069 6.45641040802002 6.47209978103638 6.48778867721558 6.50347805023193 6.51916742324829 6.53485679626465 6.55054616928101 6.56623554229736 6.54555940628052 6.51276159286499 6.47996377944946 6.44716596603394 6.41436815261841 6.38157033920288 6.34877252578735 6.33617210388184 6.38416528701782 6.43215847015381 6.48015117645264 6.52814435958862 6.57613754272461 6.62413024902344 6.67212343215942 6.68182134628296 6.6787543296814 6.67568683624268 6.67261981964111 6.66955280303955 6.66648578643799 6.66341829299927 6.66846799850464 6.69786834716797 6.72726821899414
4.39120626449585 4.5366678237915 4.68212938308716 4.82759094238281 4.97305250167847 5.11851406097412 5.26971244812012 5.42282295227051 5.5759334564209 5.72904396057129 5.88215446472168 6.03526544570923 6.18837594985962 6.3101077079773 6.33770418167114 6.36530065536499 6.39289712905884 6.42049312591553 6.44808959960938 6.47568607330322 6.50328254699707 6.48737716674805 6.45697116851807 6.42656517028809 6.3961591720581 6.36575317382812 6.33534717559814 6.30494117736816 6.29019260406494 6.32241582870483 6.35463953018188 6.38686275482178 6.41908597946167 6.45130920410156 6.48353242874146 6.51575565338135 6.52336931228638 6.52277994155884 6.5221905708313 6.5216007232666 6.52101135253906 6.52042198181152 6.51983213424683 6.52554416656494 6.55015897750854 6.57477426528931
4.36642122268677 4.49900960922241 4.6315975189209 4.76418590545654 4.89677429199219 5.02936267852783 5.1716513633728 5.31717443466187 5.46269702911377 5.60821962356567 5.75374221801758 5.89926481246948 6.04478740692139 6.16380548477173 6.20330858230591 6.24281215667725 6.28231573104858 6.32181930541992 6.3613224029541 6.40082597732544 6.44032955169678 6.42919445037842 6.40118074417114 6.37316656112671 6.34515237808228 6.317138671875 6.28912448883057 6.26111030578613 6.24421310424805 6.260666847229 6.27712059020996 6.29357385635376 6.31002759933472 6.32648134231567 6.34293460845947 6.35938835144043 6.36491775512695 6.36680603027344 6.36869382858276 6.37058210372925 6.37246990203857 6.37435817718506 6.37624645233154 6.38261985778809 6.40245008468628 6.42228031158447
4.34004497528076 4.45767593383789 4.57530641555786 4.69293737411499 4.81056833267212 4.92819881439209 5.06050252914429 5.19769763946533 5.33489227294922 5.47208690643311 5.60928153991699 5.74647617340088 5.88367080688477 5.99681949615479 6.03782939910889 6.07883930206299 6.11984920501709 6.16085910797119 6.20186901092529 6.2428789138794 6.2838888168335 6.27741098403931 6.25510454177856 6.23279809951782 6.21049118041992 6.18818473815918 6.16587781906128 6.14357137680054 6.12996530532837 6.14246129989624 6.15495681762695 6.16745281219482 6.17994832992554 6.19244432449341 6.20494031906128 6.21743583679199 6.22630262374878 6.2339596748352 6.24161720275879 6.24927425384521 6.25693130493164 6.26458835601807 6.27224540710449 6.2815580368042 6.29583692550659 6.31011629104614
4.31207752227783 4.41266679763794 4.51325607299805 4.61384534835815 4.71443462371826 4.81502389907837 4.93626594543457 5.06439256668091 5.19251918792725 5.32064580917358 5.44877243041992 5.57689905166626 5.7050256729126 5.80914974212646 5.84126567840576 5.87338161468506 5.9054970741272 5.93761301040649 5.96972894668579 6.00184488296509 6.03396081924438 6.03202676773071 6.01874303817749 6.00545930862427 5.99217510223389 5.97889137268066 5.96560764312744 5.95232391357422 5.94744873046875 5.96779870986938 5.98814868927002 6.00849866867065 6.02884912490845 6.04919910430908 6.06954908370972 6.08989906311035 6.10752487182617 6.12424230575562 6.14095973968506 6.1576771736145 6.17439460754395 6.19111204147339 6.20782947540283 6.22235822677612 6.23031997680664 6.23828172683716
4.2841100692749 4.36765766143799 4.45120525360107 4.53475332260132 4.6183009147644 4.70184850692749 4.81202936172485 4.93108797073364 5.05014657974243 5.16920518875122 5.28826379776001 5.4073224067688 5.52638101577759 5.6214804649353 5.64470195770264 5.66792392730713 5.69114542007446 5.71436738967896 5.73758888244629 5.76081085205078 5.78403234481812 5.78664207458496 5.78238105773926 5.77812051773071 5.77385950088501 5.76959848403931 5.7653374671936 5.7610764503479 5.76493215560913 5.79313611984253 5.82134056091309 5.84954500198364 5.8777494430542 5.9059534072876 5.93415784835815 5.96236228942871 5.98874664306641 6.01452445983887 6.04030227661133 6.06608009338379 6.09185791015625 6.11763572692871 6.14341354370117 6.16315793991089 6.16480255126953 6.16644716262817
4.25614261627197 4.32264852523804 4.38915491104126 4.45566082000732 4.52216720581055 4.58867311477661 4.68779277801514 4.79778337478638 4.90777397155762 5.01776456832886 5.12775468826294 5.23774528503418 5.34773588180542 5.43381071090698 5.44813823699951 5.4624662399292 5.47679376602173 5.49112129211426 5.50544881820679 5.51977682113647 5.534104347229 5.54125785827637 5.54601955413818 5.55078172683716 5.55554342269897 5.56030559539795 5.56506729125977 5.56982946395874 5.58241558074951 5.61847400665283 5.65453243255615 5.69059133529663 5.72664976119995 5.76270818710327 5.79876661300659 5.83482551574707 5.8699688911438 5.90480661392212 5.9396448135376 5.97448301315308 6.00932121276855 6.04415941238403 6.07899761199951 6.10395812988281 6.09928512573242 6.09461259841919
