data/working_set_collections/6091692-Cassins_Sparrow-M2/2015/speed_avg.asc
NCOLS 265 
NROWS 230 
XLLCORNER -115.5625 
YLLCORNER 24.8333333333333 
CELLSIZE 0.0833333333333333 
NODATA_value -9999 
[rows 60 to 79 of 230, columns 92 to 137 of 265]
4.27196836471558 4.21325540542603 4.15454292297363 4.09582996368408 4.03711700439453 4.07748222351074 4.15087366104126 4.22426509857178 4.29765605926514 4.37104749679565 4.44443845748901 4.51782989501953 4.62133979797363 4.8152060508728 5.00907182693481 5.20293807983398 5.39680433273315 5.59067010879517 5.78453636169434 5.97840261459351 6.04469966888428 6.06847429275513 6.09224843978882 6.11602306365967 6.13979721069336 6.16357183456421 6.1873459815979 6.2019624710083 6.18910455703735 6.17624711990356 6.16338968276978 6.15053176879883 6.13767433166504 6.12481641769409 6.1119589805603 6.14046287536621 6.1827540397644 6.22504472732544 6.26733589172363 6.30962705612183 6.35191822052002 6.39420890808105 6.43102550506592 6.45141696929932 6.47180843353271 6.49220037460327
4.35772037506104 4.30286264419556 4.24800443649292 4.19314670562744 4.1382884979248 4.18409395217896 4.26345443725586 4.34281444549561 4.42217445373535 4.5015344619751 4.580894947052 4.66025495529175 4.76286268234253 4.93521404266357 5.10756540298462 5.27991676330566 5.45226812362671 5.62461948394775 5.79697036743164 5.96932172775269 6.02629709243774 6.04481363296509 6.06332969665527 6.08184623718262 6.10036277770996 6.11887884140015 6.13739538192749 6.14967012405396 6.14321994781494 6.13676977157593 6.13031959533691 6.1238694190979 6.11741924285889 6.11096858978271 6.1045184135437 6.12817001342773 6.16185522079468 6.19553995132446 6.22922515869141 6.26291036605835 6.29659557342529 6.33028078079224 6.36023664474487 6.37900495529175 6.39777374267578 6.41654205322266
4.44347286224365 4.39246940612793 4.34146642684937 4.29046297073364 4.23945999145508 4.29070568084717 4.3760347366333 4.46136379241943 4.54669284820557 4.6320219039917 4.71735095977783 4.80268001556396 4.90438556671143 5.05522203445435 5.20605850219727 5.35689544677734 5.50773191452026 5.65856838226318 5.8094048500061 5.96024131774902 6.00789403915405 6.02115249633789 6.03441095352173 6.04766941070557 6.0609278678894 6.07418632507324 6.08744478225708 6.09737825393677 6.09733533859253 6.09729242324829 6.09724950790405 6.09720659255981 6.09716367721558 6.09712076187134 6.09707832336426 6.1158766746521 6.14095640182495 6.16603565216064 6.19111490249634 6.21619415283203 6.24127340316772 6.26635265350342 6.28944826126099 6.30659341812134 6.32373857498169 6.34088373184204
4.52922487258911 4.48207664489746 4.43492794036865 4.387779712677 4.34063100814819 4.39731740951538 4.4886155128479 4.57991313934326 4.67121124267578 4.76250886917114 4.85380697250366 4.94510459899902 5.04590845108032 5.17523050308228 5.30455207824707 5.43387365341187 5.56319570541382 5.69251728057861 5.82183885574341 5.95116090774536 5.98949146270752 5.99749183654785 6.00549221038818 6.01349306106567 6.02149343490601 6.02949380874634 6.03749418258667 6.04508590698242 6.05145025253296 6.05781507492065 6.06417942047119 6.07054424285889 6.07690858840942 6.08327341079712 6.08963775634766 6.10358381271362 6.12005710601807 6.13653087615967 6.15300416946411 6.16947746276855 6.185950756073 6.2024245262146 6.2186598777771 6.23418188095093 6.2497034072876 6.26522541046143
4.61497688293457 4.57168340682983 4.5283899307251 4.48509645462036 4.44180250167847 4.50392913818359 4.60119581222534 4.69846296310425 4.795729637146 4.89299631118774 4.99026298522949 5.08752965927124 5.18743133544922 5.29523849487305 5.40304517745972 5.51085233688354 5.61865949630737 5.72646617889404 5.83427333831787 5.94208002090454 5.97108888626099 5.97383117675781 5.9765739440918 5.97931623458862 5.98205852508545 5.98480129241943 5.98754358291626 5.99279356002808 6.00556564331055 6.01833772659302 6.03110933303833 6.0438814163208 6.05665349960327 6.06942558288574 6.08219718933105 6.09129095077515 6.09915828704834 6.10702610015869 6.11489343643188 6.12276077270508 6.13062858581543 6.13849592208862 6.14787149429321 6.16176986694336 6.17566823959351 6.18956708908081
4.70072937011719 4.66129064559937 4.62185144424438 4.58241271972656 4.54297399520874 4.61054086685181 4.71377658843994 4.81701231002808 4.92024803161621 5.02348327636719 5.12671899795532 5.22995471954346 5.32895421981812 5.41524648666382 5.50153875350952 5.58783102035522 5.67412281036377 5.76041507720947 5.84670734405518 5.93299961090088 5.9526858329773 5.95017051696777 5.94765520095825 5.94513940811157 5.94262409210205 5.94010877609253 5.93759298324585 5.94050168991089 5.95968103408813 5.97886037826538 5.99803972244263 6.01721906661987 6.03639841079712 6.05557775497437 6.07475709915161 6.07899808883667 6.07825946807861 6.07752132415771 6.07678270339966 6.07604455947876 6.0753059387207 6.0745677947998 6.07708263397217 6.08935832977295 6.10163354873657 6.1139087677002
4.75301933288574 4.71457052230835 4.67612218856812 4.63767337799072 4.59922456741333 4.6716947555542 4.78113746643066 4.89058065414429 5.00002336502075 5.10946655273438 5.218909740448 5.32835245132446 5.42901515960693 5.50333738327026 5.57765913009644 5.65198087692261 5.72630310058594 5.80062484741211 5.87494659423828 5.94926881790161 5.95914697647095 5.94754409790039 5.93594074249268 5.92433786392212 5.9127345085144 5.90113162994385 5.88952875137329 5.88906383514404 5.92201471328735 5.95496559143066 5.98791646957397 6.02086734771729 6.05381774902344 6.08676862716675 6.11971950531006 6.12290048599243 6.11615800857544 6.10941553115845 6.10267305374146 6.09593057632446 6.08918809890747 6.08244562149048 6.07979583740234 6.08942413330078 6.09905242919922 6.10868072509766
4.77184772491455 4.73152446746826 4.69120073318481 4.65087747573853 4.61055421829224 4.68738985061646 4.80327892303467 4.91916799545288 5.03505659103394 5.15094566345215 5.26683473587036 5.38272333145142 5.48761415481567 5.55951070785522 5.63140678405762 5.70330286026001 5.77519941329956 5.84709548950195 5.91899156570435 5.99088764190674 5.99047183990479 5.96595144271851 5.94143104553223 5.91691064834595 5.89239025115967 5.86787033081055 5.84334993362427 5.83848142623901 5.89256763458252 5.94665384292603 6.00074005126953 6.05482625961304 6.10891246795654 6.16299915313721 6.21708536148071 6.22299814224243 6.21285343170166 6.20270824432373 6.19256353378296 6.18241882324219 6.17227363586426 6.16212892532349 6.15600967407227 6.16196727752686 6.1679253578186 6.17388296127319
4.7906756401062 4.74847793579102 4.70627975463867 4.66408205032349 4.62188386917114 4.70308542251587 4.82542037963867 4.94775533676147 5.07008981704712 5.19242477416992 5.31475973129272 5.43709468841553 5.54621315002441 5.61568355560303 5.6851544380188 5.75462484359741 5.82409524917603 5.8935661315918 5.96303653717041 6.03250694274902 6.02179622650146 5.98435878753662 5.94692134857178 5.90948390960693 5.87204647064209 5.83460855484009 5.79717111587524 5.78789854049683 5.86312007904053 5.93834209442139 6.01356363296509 6.08878564834595 6.16400718688965 6.23922920227051 6.31445074081421 6.32309579849243 6.30954885482788 6.29600143432617 6.28245401382446 6.26890707015991 6.2553596496582 6.24181222915649 6.23222398757935 6.23451089859009 6.23679828643799 6.23908519744873
4.80950403213501 4.76543140411377 4.72135877609253 4.67728614807129 4.63321352005005 4.71878099441528 4.84756183624268 4.97634267807007 5.1051230430603 5.2339038848877 5.36268472671509 5.49146556854248 5.60481214523315 5.67185688018799 5.73890209197998 5.80594682693481 5.87299156188965 5.94003629684448 6.00708103179932 6.07412624359131 6.0531210899353 6.0027666091919 5.95241165161133 5.90205669403076 5.85170221328735 5.80134725570679 5.75099229812622 5.73731565475464 5.83367300033569 5.93003034591675 6.0263876914978 6.1227445602417 6.21910190582275 6.31545925140381 6.41181659698486 6.42319345474243 6.40624380111694 6.38929462432861 6.37234497070312 6.35539531707764 6.33844566345215 6.32149600982666 6.30843782424927 6.30705451965332 6.30567121505737 6.30428743362427
4.82833194732666 4.78238487243652 4.73643779754639 4.69049072265625 4.64454364776611 4.7344765663147 4.86970329284668 5.00493001937866 5.14015626907349 5.27538299560547 5.41060972213745 5.54583644866943 5.6634111404419 5.72803020477295 5.792649269104 5.85726881027222 5.92188787460327 5.98650693893433 6.05112600326538 6.11574506759644 6.08444595336914 6.02117395401001 5.95790195465088 5.89462995529175 5.83135795593262 5.76808595657349 5.70481395721436 5.68673276901245 5.8042254447937 5.92171859741211 6.03921127319336 6.15670394897461 6.27419662475586 6.39168930053711 6.50918197631836 6.52329158782959 6.50293922424316 6.4825873374939 6.46223545074463 6.44188356399536 6.42153167724609 6.40117931365967 6.38465213775635 6.37959814071655 6.37454414367676 6.36949014663696
4.84715986251831 4.79933834075928 4.75151681900024 4.70369482040405 4.65587329864502 4.75017213821411 4.89184474945068 5.03351736068726 5.17518949508667 5.31686210632324 5.45853471755981 5.60020732879639 5.72201013565063 5.78420352935791 5.84639692306519 5.90859031677246 5.97078371047974 6.03297758102417 6.09517097473145 6.15736436843872 6.11577081680298 6.03958129882812 5.96339225769043 5.88720273971558 5.81101369857788 5.73482418060303 5.65863513946533 5.63615036010742 5.77477836608887 5.91340684890747 6.05203485488892 6.19066333770752 6.32929134368896 6.46791982650757 6.60654783248901 6.62338924407959 6.59963464736938 6.57588052749634 6.55212593078613 6.52837181091309 6.50461721420288 6.48086309432983 6.46086597442627 6.45214128494263 6.44341707229614 6.4346923828125
4.87485408782959 4.82431983947754 4.77378606796265 4.72325229644775 4.6727180480957 4.76355075836182 4.90150499343872 5.03945970535278 5.17741394042969 5.31536865234375 5.45332288742065 5.59127759933472 5.71117401123047 5.77689599990845 5.84261798858643 5.90834045410156 5.97406244277954 6.03978490829468 6.10550689697266 6.17122888565063 6.12582397460938 6.04337692260742 5.96092939376831 5.8784818649292 5.79603481292725 5.71358728408813 5.63113975524902 5.60753154754639 5.76044082641602 5.91335010528564 6.06625938415527 6.2191686630249 6.37207794189453 6.52498769760132 6.67789697647095 6.70096158981323 6.68074464797974 6.66052770614624 6.64031076431274 6.62009382247925 6.59987688064575 6.57965993881226 6.56231260299683 6.55357456207275 6.54483652114868 6.53609848022461
4.91141366958618 4.85732984542847 4.80324602127075 4.74916219711304 4.69507837295532 4.77461194992065 4.89868450164795 5.02275705337524 5.14682912826538 5.27090167999268 5.39497423171997 5.51904678344727 5.63090229034424 5.70610761642456 5.78131294250488 5.8565182685852 5.93172359466553 6.00692892074585 6.08213424682617 6.15733957290649 6.11460590362549 6.03255987167358 5.95051336288452 5.86846733093262 5.78642082214355 5.70437431335449 5.62232828140259 5.60087728500366 5.7612133026123 5.92154932022095 6.08188533782959 6.24222135543823 6.40255689620972 6.56289291381836 6.723228931427 6.75600814819336 6.74626874923706 6.7365288734436 6.7267894744873 6.71704959869385 6.70731019973755 6.69757032394409 6.68899202346802 6.68389749526978 6.67880344390869 6.67370891571045
4.94797277450562 4.89033937454224 4.83270597457886 4.77507257461548 4.7174391746521 4.78567361831665 4.89586400985718 5.0060544013977 5.11624479293823 5.22643518447876 5.33662557601929 5.44681596755981 5.55063104629517 5.63531923294067 5.72000789642334 5.80469608306885 5.88938474655151 5.97407293319702 6.05876159667969 6.1434497833252 6.1033878326416 6.02174282073975 5.94009780883789 5.85845232009888 5.77680730819702 5.69516181945801 5.61351680755615 5.5942234992981 5.76198577880859 5.92974853515625 6.09751081466675 6.2652735710144 6.4330358505249 6.60079860687256 6.76856136322021 6.81105518341064 6.81179285049438 6.81253004074097 6.81326770782471 6.81400537490845 6.81474304199219 6.81548070907593 6.81567144393921 6.8142204284668 6.81276988983154 6.81131887435913
4.98453235626221 4.92334938049316 4.86216592788696 4.80098247528076 4.73979949951172 4.79673480987549 4.89304304122925 4.98935174942017 5.08565998077393 5.18196868896484 5.2782769203186 5.37458515167236 5.47035932540894 5.56453084945679 5.65870237350464 5.75287389755249 5.8470458984375 5.94121742248535 6.0353889465332 6.12956047058105 6.09217023849487 6.01092576980591 5.9296817779541 5.84843730926514 5.76719331741333 5.68594932556152 5.60470485687256 5.58756923675537 5.76275825500488 5.9379472732544 6.11313676834106 6.28832578659058 6.46351480484009 6.63870429992676 6.81389331817627 6.86610174179077 6.87731647491455 6.88853168487549 6.89974641799927 6.91096115112305 6.92217636108398 6.93339109420776 6.94235038757324 6.94454336166382 6.9467363357544 6.94892930984497
5.0210919380188 4.95635890960693 4.89162588119507 4.8268928527832 4.76215982437134 4.80779600143433 4.89022254943848 4.97264909744263 5.05507516860962 5.13750171661377 5.21992826461792 5.30235433578491 5.39008808135986 5.4937424659729 5.5973973274231 5.70105218887329 5.80470657348633 5.90836143493652 6.01201581954956 6.11567068099976 6.08095216751099 6.00010871887207 5.91926574707031 5.83842277526855 5.7575798034668 5.67673635482788 5.59589338302612 5.58091497421265 5.76353073120117 5.9461464881897 6.12876224517822 6.31137800216675 6.49399375915527 6.6766095161438 6.85922527313232 6.92114877700806 6.94284057617188 6.96453285217285 6.98622512817383 7.0079174041748 7.02960920333862 7.0513014793396 7.06902980804443 7.07486629486084 7.08070278167725 7.08653974533081
5.05765151977539 4.98936891555786 4.92108583450317 4.85280323028564 4.78452014923096 4.81885766983032 4.8874020576477 4.95594644546509 5.02449083328247 5.09303522109985 5.16157960891724 5.23012399673462 5.30981636047363 5.42295455932617 5.53609228134155 5.64923000335693 5.76236772537231 5.8755054473877 5.98864316940308 6.10178136825562 6.0697340965271 5.98929214477539 5.90885019302368 5.82840776443481 5.7479658126831 5.6675238609314 5.58708190917969 5.57426071166992 5.76430320739746 5.954345703125 6.14438819885254 6.33443021774292 6.52447271347046 6.714515209198 6.90455770492554 6.97619533538818 7.0083646774292 7.04053401947021 7.07270383834839 7.1048731803894 7.13704252243042 7.16921186447144 7.19570922851562 7.20518922805786 7.21466970443726 7.22414970397949
5.09194564819336 5.0228123664856 4.95367908477783 4.88454627990723 4.81541299819946 4.83852529525757 4.89238595962524 4.94624662399292 5.00010681152344 5.05396747589111 5.10782814025879 5.16168880462646 5.23198175430298 5.35157155990601 5.47116136550903 5.59075117111206 5.71034049987793 5.82993030548096 5.94952011108398 6.06910991668701 6.04175806045532 5.96542596817017 5.88909339904785 5.8127613067627 5.73642921447754 5.66009664535522 5.58376455307007 5.57476282119751 5.76775455474854 5.9607458114624 6.15373706817627 6.34672832489014 6.539719581604 6.73271083831787 6.92570209503174 7.00266027450562 7.04094076156616 7.07922124862671 7.11750173568726 7.1557822227478 7.19406318664551 7.23234367370605 7.26520013809204 7.28178548812866 7.29837083816528 7.31495666503906
5.12397384643555 5.0566897392273 4.9894061088562 4.92212247848511 4.85483837127686 4.86679887771606 4.90517377853394 4.94354915618896 4.98192405700684 5.02029943466187 5.05867433547974 5.09704923629761 5.15658330917358 5.27959394454956 5.40260457992554 5.52561473846436 5.64862537384033 5.77163600921631 5.89464664459229 6.01765727996826 5.99702453613281 5.92851066589355 5.8599967956543 5.79148292541504 5.72296905517578 5.65445518493652 5.58594131469727 5.58242177963257 5.77388429641724 5.9653468132019 6.15680932998657 6.34827136993408 6.53973388671875 6.73119640350342 6.92265892028809 7.00054359436035 7.04056930541992 7.08059453964233 7.12061977386475 7.16064548492432 7.20067071914673 7.24069595336914 7.27750301361084 7.30465507507324 7.3318076133728 7.3589596748352
