data/working_set_collections/6091692-Cassins_Sparrow-M2/2015/speed_avg.asc
NCOLS 265 
NROWS 230 
XLLCORNER -115.5625 
YLLCORNER 24.8333333333333 
CELLSIZE 0.0833333333333333 
NODATA_value -9999 
[rows 100 to 119 of 230, columns 46 to 91 of 265]
5.7036018371582 5.68370819091797 5.66381454467773 5.6439208984375 5.62402725219727 5.60413360595703 5.5977611541748 5.59589624404907 5.59403085708618 5.59216594696045 5.59030103683472 5.58843564987183 5.58657073974609 5.60191822052002 5.66890335083008 5.7358889579773 5.80287408828735 5.86985969543457 5.93684482574463 6.00382995605469 6.0708155632019 6.09638977050781 6.1081600189209 6.11993026733398 6.13170051574707 6.14347076416016 6.15524101257324 6.16701126098633 6.18276405334473 6.21046447753906 6.2381649017334 6.26586580276489 6.29356622695923 6.32126665115356 6.3489670753479 6.37666749954224 6.37112760543823 6.35450792312622 6.33788776397705 6.32126760482788 6.30464744567871 6.28802728652954 6.27140760421753 6.2661337852478 6.29489994049072 6.32366609573364
5.84585285186768 5.81895685195923 5.79206085205078 5.76516485214233 5.73826932907104 5.7113733291626 5.68397808074951 5.65641641616821 5.62885427474976 5.60129261016846 5.57373094558716 5.54616928100586 5.51860761642456 5.51554775238037 5.58599281311035 5.65643835067749 5.72688388824463 5.79732894897461 5.86777448654175 5.93821954727173 6.00866508483887 6.03875684738159 6.05539798736572 6.0720386505127 6.08867931365967 6.1053204536438 6.12196111679077 6.13860177993774 6.15871477127075 6.18924474716187 6.21977472305298 6.25030517578125 6.28083515167236 6.31136512756348 6.34189510345459 6.3724250793457 6.37481498718262 6.36782550811768 6.36083602905273 6.35384654998779 6.34685659408569 6.33986711502075 6.33287763595581 6.3338885307312 6.3589015007019 6.38391447067261
5.88274526596069 5.86515283584595 5.8475604057312 5.8299674987793 5.81237506866455 5.7947826385498 5.7590503692627 5.71727180480957 5.67549324035645 5.63371419906616 5.59193563461304 5.55015707015991 5.50837850570679 5.49324655532837 5.5580563545227 5.62286567687988 5.68767499923706 5.75248432159424 5.81729412078857 5.88210344314575 5.94691276550293 5.9783821105957 5.9987382888794 6.01909399032593 6.03945016860962 6.05980587005615 6.08016204833984 6.10051822662354 6.12424659729004 6.15809297561646 6.19193983078003 6.22578620910645 6.25963258743286 6.29347896575928 6.32732534408569 6.36117219924927 6.37132787704468 6.37358713150024 6.37584638595581 6.37810611724854 6.3803653717041 6.38262462615967 6.38488388061523 6.39160823822021 6.41172885894775 6.43184947967529
5.81427955627441 5.82229566574097 5.83031225204468 5.83832836151123 5.84634494781494 5.85436105728149 5.82297849655151 5.77846240997314 5.73394680023193 5.68943071365356 5.64491510391235 5.60039901733398 5.55588293075562 5.53501558303833 5.58509302139282 5.63517093658447 5.68524837493896 5.73532629013062 5.78540372848511 5.8354811668396 5.88555908203125 5.91526508331299 5.93818092346191 5.96109676361084 5.98401260375977 6.00692844390869 6.02984380722046 6.05275964736938 6.07935905456543 6.11700916290283 6.15465879440308 6.19230890274048 6.22995901107788 6.26760911941528 6.30525875091553 6.34290885925293 6.36066627502441 6.37179279327393 6.38291931152344 6.39404582977295 6.40517282485962 6.41629934310913 6.42742586135864 6.43929290771484 6.45338201522827 6.46747064590454
5.74581336975098 5.77943897247314 5.81306409835815 5.84668922424316 5.88031482696533 5.91393995285034 5.88690662384033 5.83965349197388 5.79240036010742 5.74514722824097 5.69789409637451 5.65064096450806 5.6033878326416 5.57678461074829 5.6121301651001 5.64747619628906 5.68282175064087 5.71816778182983 5.75351333618164 5.7888593673706 5.82420539855957 5.85214853286743 5.87762403488159 5.90309953689575 5.92857503890991 5.95405054092407 5.97952604293823 6.00500154495239 6.03447151184082 6.07592487335205 6.11737823486328 6.15883207321167 6.2002854347229 6.24173879623413 6.28319215774536 6.32464599609375 6.35000467300415 6.36999845504761 6.38999223709106 6.40998601913452 6.42998027801514 6.44997406005859 6.46996784210205 6.48697757720947 6.49503469467163 6.50309228897095
5.6773476600647 5.73658180236816 5.79581594467163 5.8550500869751 5.91428470611572 5.97351884841919 5.95083475112915 5.90084409713745 5.85085391998291 5.80086374282837 5.75087308883667 5.70088291168213 5.65089273452759 5.61855316162109 5.63916730880737 5.65978145599365 5.68039512634277 5.70100927352905 5.72162342071533 5.74223756790161 5.76285123825073 5.78903150558472 5.81706666946411 5.84510183334351 5.8731369972229 5.90117263793945 5.92920780181885 5.95724296569824 5.98958396911621 6.03484058380127 6.08009767532349 6.1253547668457 6.17061185836792 6.21586894989014 6.2611255645752 6.30638265609741 6.33934307098389 6.36820411682129 6.39706516265869 6.42592620849609 6.45478773117065 6.48364877700806 6.51250982284546 6.5346622467041 6.53668785095215 6.5387134552002
5.60888147354126 5.69372463226318 5.77856779098511 5.86341094970703 5.94825410842896 6.03309726715088 6.01476240158081 5.96203517913818 5.9093074798584 5.85657978057861 5.80385255813599 5.7511248588562 5.69839715957642 5.66032218933105 5.66620445251465 5.67208671569824 5.67796897888184 5.68385076522827 5.68973302841187 5.69561529159546 5.70149755477905 5.725914478302 5.75650930404663 5.78710460662842 5.81769943237305 5.84829473495483 5.87888956069946 5.90948486328125 5.94469594955444 5.99375677108765 6.04281711578369 6.09187746047974 6.14093828201294 6.18999862670898 6.23905897140503 6.28811979293823 6.32868099212646 6.36640977859497 6.40413808822632 6.44186639785767 6.47959518432617 6.51732349395752 6.55505228042603 6.58234691619873 6.57834053039551 6.57433462142944
5.54041576385498 5.65086793899536 5.76132011413574 5.87177228927612 5.98222398757935 6.09267616271973 6.07869052886963 6.02322578430176 5.96776103973389 5.91229629516602 5.85683155059814 5.80136680603027 5.7459020614624 5.70209121704102 5.69324159622192 5.68439197540283 5.67554235458374 5.66669273376465 5.65784311294556 5.64899349212646 5.64014387130737 5.66279745101929 5.69595241546631 5.72910690307617 5.76226186752319 5.79541683197021 5.82857131958008 5.8617262840271 5.89980840682983 5.95267248153687 6.0055365562439 6.05840063095093 6.11126470565796 6.16412830352783 6.21699237823486 6.2698564529419 6.3180193901062 6.36461544036865 6.41121101379395 6.45780658721924 6.50440263748169 6.55099821090698 6.59759426116943 6.63003158569336 6.61999368667603 6.60995578765869
5.47264289855957 5.58739709854126 5.70215129852295 5.81690549850464 5.93165969848633 6.04641389846802 6.04111623764038 5.99580097198486 5.95048570632935 5.90517044067383 5.85985517501831 5.81453990936279 5.76922464370728 5.73135423660278 5.71581840515137 5.70028209686279 5.68474626541138 5.66921043395996 5.65367412567139 5.63813829421997 5.62260246276855 5.6449179649353 5.67985153198242 5.71478462219238 5.74971771240234 5.7846508026123 5.81958389282227 5.85451698303223 5.89367389678955 5.94550228118896 5.99733066558838 6.04915904998779 6.10098743438721 6.15281581878662 6.20464372634888 6.25647211074829 6.30780124664307 6.35896348953247 6.41012620925903 6.46128845214844 6.512451171875 6.5636134147644 6.61477613449097 6.6499228477478 6.63702392578125 6.6241250038147
5.40556240081787 5.50331211090088 5.60106182098389 5.6988115310669 5.7965612411499 5.89431095123291 5.90203905105591 5.87976026535034 5.85748100280762 5.83520221710205 5.81292343139648 5.79064464569092 5.76836538314819 5.74811220169067 5.73393487930298 5.71975803375244 5.7055811882019 5.69140434265137 5.67722749710083 5.66305017471313 5.6488733291626 5.67227649688721 5.70820665359497 5.74413633346558 5.78006649017334 5.8159966468811 5.85192632675171 5.88785648345947 5.92629241943359 5.97224569320679 6.01819944381714 6.06415271759033 6.11010646820068 6.15605974197388 6.20201349258423 6.24796676635742 6.29802656173706 6.34945487976074 6.40088367462158 6.45231199264526 6.50374031066895 6.55516862869263 6.60659742355347 6.64202117919922 6.6294322013855 6.61684274673462
5.33848190307617 5.4192271232605 5.49997234344482 5.58071756362915 5.66146230697632 5.74220752716064 5.76296186447144 5.76371955871582 5.76447677612305 5.76523399353027 5.76599168777466 5.76674890518188 5.76750612258911 5.76486968994141 5.75205183029175 5.73923397064209 5.72641611099243 5.71359825134277 5.70078039169312 5.6879620552063 5.67514419555664 5.69963502883911 5.73656177520752 5.77348852157593 5.81041526794434 5.84734201431274 5.88426923751831 5.92119598388672 5.95891046524048 5.99898910522461 6.0390682220459 6.07914686203003 6.11922550201416 6.15930414199829 6.19938278198242 6.23946142196655 6.28825187683105 6.33994626998901 6.39164066314697 6.44333505630493 6.49502944946289 6.54672431945801 6.59841871261597 6.63411951065063 6.62184000015259 6.60956048965454
5.27140188217163 5.33514213562012 5.39888286590576 5.46262311935425 5.52636384963989 5.59010457992554 5.62388467788696 5.64767837524414 5.67147207260132 5.6952657699585 5.71905946731567 5.74285316467285 5.76664686203003 5.7816276550293 5.77016878128052 5.75870990753174 5.74725103378296 5.73579216003418 5.7243332862854 5.71287441253662 5.70141553878784 5.72699356079102 5.76491689682007 5.80284070968628 5.84076452255249 5.87868785858154 5.91661167144775 5.95453548431396 5.99152898788452 6.02573299407959 6.05993700027466 6.09414052963257 6.12834453582764 6.1625485420227 6.19675207138062 6.23095607757568 6.27847766876221 6.33043766021729 6.38239812850952 6.43435859680176 6.48631906509399 6.53827953338623 6.59024000167847 6.62621784210205 6.61424827575684 6.60227823257446
5.20432138442993 5.25105714797974 5.2977933883667 5.3445291519165 5.39126539230347 5.43800115585327 5.48480749130249 5.53163766860962 5.57846784591675 5.62529754638672 5.67212772369385 5.71895790100098 5.76578760147095 5.79838514328003 5.78828525543213 5.77818536758423 5.76808595657349 5.75798606872559 5.74788618087769 5.73778629302979 5.72768640518188 5.75435161590576 5.79327249526978 5.83219289779663 5.87111330032349 5.91003370285034 5.9489541053772 5.98787498474121 6.02414751052856 6.05247640609741 6.08080530166626 6.10913467407227 6.13746356964111 6.16579246520996 6.19412183761597 6.22245073318481 6.2687029838562 6.32092905044556 6.37315559387207 6.42538213729858 6.47760820388794 6.52983474731445 6.58206129074097 6.61831569671631 6.60665607452393 6.59499597549438
5.13724088668823 5.16697263717651 5.19670391082764 5.22643518447876 5.25616645812988 5.28589820861816 5.34573078155518 5.4155969619751 5.48546314239502 5.55532932281494 5.62519598007202 5.69506216049194 5.76492834091187 5.81514310836792 5.8064022064209 5.79766130447388 5.78892040252686 5.78017997741699 5.77143907546997 5.76269817352295 5.75395727157593 5.78171014785767 5.82162761688232 5.86154508590698 5.90146207809448 5.94137954711914 5.9812970161438 6.02121448516846 6.05676603317261 6.07921981811523 6.10167407989502 6.1241283416748 6.14658260345459 6.16903686523438 6.19149112701416 6.21394538879395 6.2589282989502 6.31142044067383 6.36391305923462 6.41640520095825 6.46889781951904 6.52138996124268 6.57388257980347 6.61041402816772 6.59906387329102 6.58771371841431
5.06983613967896 5.08591175079346 5.10198736190796 5.11806297302246 5.13413858413696 5.15021419525146 5.21564865112305 5.29753589630127 5.37942314147949 5.46131038665771 5.54319763183594 5.62508487701416 5.70697212219238 5.76795244216919 5.76621294021606 5.76447343826294 5.76273441314697 5.76099491119385 5.75925540924072 5.7575159072876 5.75577640533447 5.7853479385376 5.82535648345947 5.86536502838135 5.90537309646606 5.94538164138794 5.98539018630981 6.02539873123169 6.06008625030518 6.07881021499634 6.09753465652466 6.11625909805298 6.13498306274414 6.15370750427246 6.17243146896362 6.19115591049194 6.23476886749268 6.28667783737183 6.33858680725098 6.39049577713013 6.44240474700928 6.49431371688843 6.54622268676758 6.58319568634033 6.57536125183105 6.56752681732178
5.00210618972778 5.00787496566772 5.01364374160767 5.01941204071045 5.02518081665039 5.03094959259033 5.0945611000061 5.17745399475098 5.26034688949585 5.34323978424072 5.4261326789856 5.50902509689331 5.59191799163818 5.656813621521 5.66771793365479 5.67862224578857 5.68952655792236 5.70043087005615 5.71133518218994 5.72223949432373 5.73314380645752 5.76526498794556 5.80445909500122 5.84365272521973 5.88284635543823 5.9220404624939 5.9612340927124 6.00042819976807 6.03410816192627 6.05124711990356 6.06838655471802 6.08552551269531 6.10266494750977 6.11980390548706 6.13694286346436 6.15408229827881 6.19622421264648 6.24670076370239 6.29717683792114 6.34765338897705 6.3981294631958 6.44860601425171 6.49908256530762 6.53666114807129 6.53554821014404 6.5344352722168
4.93437671661377 4.92983818054199 4.92530012130737 4.9207615852356 4.91622304916382 4.91168451309204 4.97347402572632 5.05737209320068 5.14127063751221 5.22516918182373 5.30906772613525 5.39296579360962 5.47686433792114 5.54567527770996 5.56922292709351 5.59277105331421 5.61631917953491 5.63986682891846 5.66341495513916 5.6869626045227 5.71051073074341 5.74518203735352 5.78356122970581 5.8219404220581 5.8603196144104 5.8986988067627 5.93707799911499 5.97545719146729 6.00813055038452 6.02368450164795 6.03923845291138 6.0547924041748 6.07034635543823 6.08590030670166 6.10145473480225 6.11700868606567 6.15768003463745 6.20672369003296 6.25576734542847 6.30481100082397 6.35385465621948 6.40289831161499 6.4519419670105 6.49012660980225 6.49573516845703 6.50134325027466
4.86664724349976 4.85180187225342 4.83695650100708 4.82211065292358 4.80726528167725 4.79241991043091 4.85238647460938 4.93729066848755 5.02219486236572 5.10709857940674 5.19200277328491 5.27690649032593 5.3618106842041 5.43453645706177 5.47072792053223 5.50691986083984 5.5431113243103 5.57930278778076 5.61549472808838 5.65168619155884 5.6878776550293 5.72509908676147 5.76266384124756 5.80022859573364 5.83779287338257 5.87535762786865 5.91292238235474 5.95048666000366 5.98215246200562 5.99612140655518 6.01009035110474 6.0240592956543 6.03802824020386 6.05199718475342 6.06596612930298 6.07993507385254 6.11913537979126 6.16674661636353 6.21435737609863 6.2619686126709 6.30957937240601 6.35719060897827 6.40480136871338 6.4435920715332 6.45592164993286 6.46825122833252
4.79891729354858 4.77376508712769 4.74861240386963 4.72346019744873 4.69830799102783 4.67315530776978 4.73129940032959 4.81720876693726 4.90311861038208 4.98902797698975 5.07493782043457 5.16084718704224 5.2467565536499 5.32339763641357 5.37223291397095 5.42106819152832 5.46990346908569 5.51873922348022 5.5675745010376 5.61640977859497 5.66524505615234 5.70501613616943 5.74176645278931 5.77851629257202 5.81526613235474 5.85201597213745 5.88876628875732 5.92551612854004 5.95617437362671 5.9685583114624 5.9809422492981 5.99332618713379 6.00570964813232 6.01809358596802 6.03047752380371 6.0428614616394 6.08059120178223 6.12676954269409 6.17294788360596 6.21912622451782 6.26530456542969 6.31148290634155 6.35766124725342 6.39705753326416 6.41610860824585 6.43515968322754
4.73118782043457 4.69572830200195 4.66026878356934 4.62480974197388 4.58935022354126 4.55389070510864 4.6102123260498 4.69712734222412 4.78404235839844 4.87095737457275 4.95787286758423 5.04478788375854 5.13170289993286 5.21225929260254 5.27373790740967 5.33521699905396 5.39669609069824 5.45817518234253 5.51965427398682 5.58113288879395 5.64261198043823 5.68493318557739 5.7208685874939 5.7568039894104 5.7927393913269 5.82867479324341 5.86461019515991 5.90054559707642 5.93019676208496 5.94099521636963 5.95179414749146 5.96259260177612 5.97339153289795 5.98418998718262 5.99498891830444 6.00578737258911 6.04204654693604 6.0867919921875 6.13153791427612 6.17628383636475 6.22102928161621 6.26577520370483 6.3105206489563 6.35052299499512 6.37629556655884 6.4020676612854
