data/working_set_collections/6091692-Cassins_Sparrow-M2/2015/tautot_avg.asc
NCOLS 265 
NROWS 230 
XLLCORNER -115.5625 
YLLCORNER 24.8333333333333 
CELLSIZE 0.0833333333333333 
NODATA_value -9999 
[rows 140 to 159 of 230, columns 138 to 183 of 265]
10.9773378372192 10.9431343078613 10.9089298248291 10.8747262954712 10.8451242446899 10.8170576095581 10.788990020752 10.7609224319458 10.7328548431396 10.7047882080078 10.6767206192017 10.6776990890503 10.7658128738403 10.8539276123047 10.942042350769 11.0301570892334 11.1182718276978 11.2063865661621 11.2945013046265 11.3763008117676 11.4559965133667 11.5356922149658 11.6153879165649 11.6950826644897 11.7747783660889 11.854474067688 11.9555263519287 12.1206474304199 12.2857685089111 12.4508895874023 12.6160106658936 12.7811317443848 12.946252822876 13.1113739013672 13.2721061706543 13.4313745498657 13.5906429290771 13.7499122619629 13.9091806411743 14.0684490203857 14.2277183532715 14.3958950042725 14.5907955169678 14.7856960296631 14.9805965423584 15.1754970550537
10.9906482696533 10.9479732513428 10.9052982330322 10.862624168396 10.8245964050293 10.7881183624268 10.7516403198242 10.7151622772217 10.6786842346191 10.6422061920166 10.6057281494141 10.6040906906128 10.7069759368896 10.8098611831665 10.9127464294434 11.0156326293945 11.1185178756714 11.2214031219482 11.3242883682251 11.4096355438232 11.4891357421875 11.5686359405518 11.6481370925903 11.7276372909546 11.8071384429932 11.8866386413574 11.9898376464844 12.1641302108765 12.3384237289429 12.512716293335 12.687008857727 12.8613023757935 13.0355949401855 13.209888458252 13.3738298416138 13.5343208312988 13.6948127746582 13.8553037643433 14.0157957077026 14.1762866973877 14.3367786407471 14.5054273605347 14.6985483169556 14.8916692733765 15.0847902297974 15.2779121398926
11.0039577484131 10.9528121948242 10.9016666412354 10.8505210876465 10.8040685653687 10.7591800689697 10.7142906188965 10.6694021224976 10.6245126724243 10.5796241760254 10.5347356796265 10.5304822921753 10.648138999939 10.7657947540283 10.883451461792 11.0011072158813 11.118763923645 11.2364196777344 11.3540754318237 11.4429693222046 11.5222749710083 11.601580619812 11.6808862686157 11.7601919174194 11.8394975662231 11.9188032150269 12.02414894104 12.207612991333 12.3910779953003 12.5745429992676 12.7580080032349 12.9414730072021 13.1249370574951 13.3084020614624 13.4755535125732 13.6372680664062 13.7989826202393 13.960696220398 14.122410774231 14.2841243743896 14.4458389282227 14.6149597167969 14.8063011169434 14.9976434707642 15.1889848709106 15.3803262710571
11.0172672271729 10.9576511383057 10.8980350494385 10.8384189605713 10.783540725708 10.7302408218384 10.6769409179688 10.6236419677734 10.5703420639038 10.5170421600342 10.4637422561646 10.4568748474121 10.589301109314 10.7217283248901 10.8541555404663 10.9865827560425 11.1190090179443 11.2514362335205 11.3838634490967 11.4763031005859 11.5554141998291 11.634524345398 11.7136354446411 11.7927465438843 11.8718566894531 11.9509677886963 12.0584602355957 12.2510967254639 12.443733215332 12.6363697052002 12.8290061950684 13.0216426849365 13.2142791748047 13.4069166183472 13.577278137207 13.7402153015137 13.903151512146 14.0660886764526 14.2290258407593 14.3919630050659 14.5548992156982 14.7244930267334 14.9140548706055 15.1036167144775 15.2931785583496 15.4827404022217
11.0294036865234 10.9636917114258 10.8979797363281 10.8322668075562 10.7737188339233 10.7175569534302 10.6613960266113 10.6052350997925 10.5490741729736 10.4929132461548 10.4367523193359 10.4278230667114 10.5605897903442 10.693356513977 10.8261241912842 10.958890914917 11.0916576385498 11.2244253158569 11.3571920394897 11.4590330123901 11.5505647659302 11.6420965194702 11.7336292266846 11.8251609802246 11.9166927337646 12.0082244873047 12.1260948181152 12.3229808807373 12.5198678970337 12.7167539596558 12.9136400222778 13.1105260848999 13.307412147522 13.504298210144 13.6742248535156 13.8351640701294 13.9961042404175 14.1570444107056 14.3179845809937 14.4789247512817 14.6398649215698 14.806206703186 14.9887523651123 15.1712980270386 15.3538446426392 15.5363903045654
11.0403661727905 10.9709329605103 10.9014987945557 10.8320655822754 10.7746019363403 10.7211294174194 10.6676559448242 10.614182472229 10.5607099533081 10.5072364807129 10.4537630081177 10.4433279037476 10.5620040893555 10.6806802749634 10.7993564605713 10.9180335998535 11.0367097854614 11.1553859710693 11.2740621566772 11.3911590576172 11.5077276229858 11.6242971420288 11.7408666610718 11.8574352264404 11.9740047454834 12.0905742645264 12.2270545959473 12.423267364502 12.619481086731 12.8156938552856 13.0119075775146 13.2081212997437 13.4043340682983 13.6005477905273 13.766393661499 13.9221172332764 14.0778408050537 14.2335643768311 14.3892879486084 14.5450115203857 14.7007350921631 14.8601007461548 15.0303945541382 15.2006874084473 15.3709812164307 15.5412740707397
11.0513286590576 10.9781742095947 10.9050188064575 10.8318634033203 10.7754859924316 10.7247009277344 10.6739158630371 10.6231298446655 10.5723447799683 10.521559715271 10.4707746505737 10.4588317871094 10.5634174346924 10.6680040359497 10.7725896835327 10.8771753311157 10.9817609786987 11.0863466262817 11.1909332275391 11.3232841491699 11.4648904800415 11.6064977645874 11.748104095459 11.8897104263306 12.0313167572021 12.172924041748 12.328013420105 12.5235538482666 12.7190942764282 12.9146347045898 13.1101751327515 13.3057155609131 13.5012559890747 13.6967964172363 13.8585624694824 14.009069442749 14.1595764160156 14.3100833892822 14.4605903625488 14.6110973358154 14.761604309082 14.9139947891235 15.0720357894897 15.230076789856 15.3881177902222 15.5461587905884
11.062292098999 10.9854154586792 10.9085388183594 10.8316621780396 10.776370048523 10.7282724380493 10.6801748275757 10.6320781707764 10.5839805603027 10.5358829498291 10.4877862930298 10.4743366241455 10.5648317337036 10.6553268432617 10.7458219528198 10.8363180160522 10.9268131256104 11.0173082351685 11.1078033447266 11.255410194397 11.4220542907715 11.5886974334717 11.7553415298462 11.9219856262207 12.0886297225952 12.2552728652954 12.428973197937 12.6238403320312 12.8187084197998 13.013575553894 13.2084436416626 13.4033107757568 13.5981788635254 13.7930459976196 13.9507312774658 14.0960216522217 14.2413120269775 14.3866024017334 14.5318937301636 14.6771841049194 14.8224744796753 14.9678897857666 15.1136779785156 15.2594661712646 15.4052543640137 15.551043510437
11.0732545852661 10.9926567077637 10.9120578765869 10.8314599990845 10.7772531509399 10.7318439483643 10.6864347457886 10.6410255432129 10.5956163406372 10.5502061843872 10.5047969818115 10.4898414611816 10.5662460327148 10.642650604248 10.7190551757812 10.7954597473145 10.8718643188477 10.9482688903809 11.0246734619141 11.1875352859497 11.3792171478271 11.5708980560303 11.7625789642334 11.9542608261108 12.145941734314 12.3376226425171 12.5299320220947 12.7241268157959 12.9183216094971 13.1125164031982 13.3067111968994 13.5009059906006 13.6951007843018 13.8892955780029 14.0429000854492 14.1829738616943 14.3230485916138 14.4631223678589 14.603196144104 14.7432699203491 14.8833446502686 15.0217838287354 15.1553201675415 15.2888555526733 15.4223918914795 15.5559272766113
11.0842170715332 10.9998979568481 10.9155778884888 10.8312578201294 10.7781372070312 10.7354154586792 10.6926946640015 10.6499729156494 10.6072511672974 10.5645294189453 10.5218086242676 10.5053453445435 10.5676593780518 10.6299734115601 10.6922874450684 10.7546014785767 10.816915512085 10.8792295455933 10.9415435791016 11.1196613311768 11.3363800048828 11.5530986785889 11.7698163986206 11.9865350723267 12.2032537460327 12.4199724197388 12.6308917999268 12.8244132995605 13.0179357528687 13.2114572525024 13.4049797058105 13.5985012054443 13.7920236587524 13.9855451583862 14.1350688934326 14.269926071167 14.4047842025757 14.5396413803101 14.6744995117188 14.8093566894531 14.9442148208618 15.0756788253784 15.1969614028931 15.318244934082 15.439528465271 15.56081199646
11.1806564331055 11.094723701477 11.0087909698486 10.9228582382202 10.864408493042 10.8151206970215 10.7658319473267 10.7165431976318 10.667254447937 10.6179666519165 10.5686779022217 10.5452280044556 10.5992937088013 10.653359413147 10.7074251174927 10.7614908218384 10.8155565261841 10.8696222305298 10.9236879348755 11.1131448745728 11.347731590271 11.5823192596436 11.8169059753418 12.0514936447144 12.2860803604126 12.5206680297852 12.7463626861572 12.9453792572021 13.1443967819214 13.3434133529663 13.5424308776855 13.7414474487305 13.9404649734497 14.1394815444946 14.2892866134644 14.4226875305176 14.5560884475708 14.689489364624 14.8228902816772 14.9562911987305 15.0896921157837 15.2183084487915 15.3325719833374 15.4468355178833 15.5610990524292 15.6753625869751
11.3625707626343 11.2771339416504 11.1916971206665 11.1062602996826 11.0360679626465 10.9709577560425 10.9058475494385 10.8407373428345 10.7756261825562 10.7105159759521 10.6454057693481 10.6094875335693 10.6611471176147 10.7128067016602 10.7644662857056 10.816125869751 10.8677854537964 10.9194450378418 10.9711046218872 11.1679859161377 11.413272857666 11.6585607528687 11.903847694397 12.1491346359253 12.3944225311279 12.6397094726562 12.8763456344604 13.087025642395 13.2977056503296 13.5083856582642 13.7190656661987 13.9297456741333 14.1404256820679 14.3511056900024 14.5055541992188 14.6412572860718 14.7769613265991 14.9126653671265 15.0483684539795 15.1840724945068 15.3197765350342 15.4496736526489 15.5621500015259 15.6746273040771 15.7871036529541 15.8995809555054
11.5444860458374 11.459545135498 11.3746032714844 11.289662361145 11.207727432251 11.1267948150635 11.0458631515503 10.9649305343628 10.8839979171753 10.8030652999878 10.7221336364746 10.6737480163574 10.7230014801025 10.7722549438477 10.8215084075928 10.8707618713379 10.920015335083 10.9692687988281 11.0185222625732 11.2228260040283 11.478814125061 11.7348012924194 11.9907894134521 12.2467765808105 12.5027647018433 12.7587518692017 13.0063285827637 13.2286710739136 13.4510145187378 13.673357963562 13.8957004547119 14.1180438995361 14.340386390686 14.5627298355103 14.7218208312988 14.859827041626 14.9978342056274 15.1358413696289 15.2738475799561 15.4118547439575 15.5498609542847 15.6810388565063 15.7917289733887 15.902419090271 16.0131092071533 16.1237983703613
11.7264013290405 11.6419553756714 11.5575094223022 11.4730634689331 11.3793869018555 11.2826328277588 11.1858777999878 11.0891237258911 10.9923696517944 10.8956155776978 10.7988615036011 10.7380075454712 10.784854888916 10.8317022323608 10.8785495758057 10.9253969192505 10.9722442626953 11.0190925598145 11.0659399032593 11.2776670455933 11.5443553924561 11.8110427856445 12.077730178833 12.3444185256958 12.6111059188843 12.8777933120728 13.1363115310669 13.3703174591064 13.604323387146 13.8383293151855 14.0723352432251 14.3063411712646 14.5403480529785 14.7743539810181 14.9380874633789 15.0783977508545 15.2187070846558 15.359016418457 15.4993267059326 15.6396360397339 15.7799463272095 15.9124040603638 16.0213069915771 16.1302108764648 16.2391128540039 16.3480167388916
11.9083166122437 11.824366569519 11.7404155731201 11.6564655303955 11.55104637146 11.4384698867798 11.3258934020996 11.2133178710938 11.1007413864136 10.9881649017334 10.8755893707275 10.802267074585 10.8467082977295 10.891149520874 10.9355916976929 10.9800329208374 11.0244741439819 11.0689153671265 11.113356590271 11.3325080871582 11.6098957061768 11.8872842788696 12.1646718978882 12.4420595169067 12.7194480895996 12.9968357086182 13.2662935256958 13.511962890625 13.7576322555542 14.0033016204834 14.2489700317383 14.4946393966675 14.7403087615967 14.9859781265259 15.154354095459 15.2969675064087 15.4395799636841 15.5821924209595 15.7248058319092 15.8674182891846 16.01003074646 16.1437702178955 16.2508850097656 16.3580017089844 16.4651184082031 16.5722351074219
12.0902318954468 12.0067768096924 11.923321723938 11.8398675918579 11.7227048873901 11.5943069458008 11.4659090042114 11.3375110626221 11.2091131210327 11.0807151794434 10.9523162841797 10.8665266036987 10.9085626602173 10.9505977630615 10.9926328659058 11.03466796875 11.0767030715942 11.1187391281128 11.160774230957 11.3873491287231 11.6754369735718 11.9635248184204 12.2516136169434 12.539701461792 12.8277893066406 13.1158781051636 13.396276473999 13.6536092758179 13.9109411239624 14.1682729721069 14.4256048202515 14.6829376220703 14.9402694702148 15.1976013183594 15.3706216812134 15.5155372619629 15.6604528427124 15.8053684234619 15.9502840042114 16.0951995849609 16.2401161193848 16.3751354217529 16.4804649353027 16.5857944488525 16.6911220550537 16.7964515686035
12.2619543075562 12.1884756088257 12.1149959564209 12.0415163040161 11.9316930770874 11.8097553253174 11.6878175735474 11.565878868103 11.443941116333 11.322003364563 11.200065612793 11.1181011199951 11.1560544967651 11.1940088272095 11.2319631576538 11.2699174880981 11.3078708648682 11.3458251953125 11.3837795257568 11.6006927490234 11.8772592544556 12.153826713562 12.4303932189941 12.7069597244263 12.9835262298584 13.2600927352905 13.5333423614502 13.7966403961182 14.0599384307861 14.3232364654541 14.5865345001221 14.8498334884644 15.1131315231323 15.3764295578003 15.5503005981445 15.6943635940552 15.8384275436401 15.9824905395508 16.1265525817871 16.2706165313721 16.4146785736084 16.5490760803223 16.6544704437256 16.7598648071289 16.8652591705322 16.9706535339355
12.4234857559204 12.3694610595703 12.3154363632202 12.2614116668701 12.1780090332031 12.0848140716553 11.9916181564331 11.8984222412109 11.8052272796631 11.7120313644409 11.6188364028931 11.5569887161255 11.589186668396 11.6213846206665 11.6535816192627 11.6857795715332 11.7179775238037 11.7501754760742 11.7823734283447 11.9725399017334 12.2153635025024 12.4581871032715 12.7010107040405 12.9438352584839 13.1866588592529 13.429482460022 13.6774911880493 13.9410581588745 14.2046251296997 14.4681921005249 14.7317590713501 14.9953260421753 15.2588930130005 15.5224599838257 15.6933927536011 15.8334484100342 15.973503112793 16.1135578155518 16.2536125183105 16.3936672210693 16.5337219238281 16.6655921936035 16.7729034423828 16.8802146911621 16.9875259399414 17.0948371887207
12.5850172042847 12.5504474639893 12.5158777236938 12.4813079833984 12.4243249893188 12.3598718643188 12.2954187393188 12.2309656143188 12.1665124893188 12.1020593643188 12.0376062393188 11.9958772659302 12.0223178863525 12.0487594604492 12.0752010345459 12.1016426086426 12.1280841827393 12.1545248031616 12.1809663772583 12.3443870544434 12.5534677505493 12.7625484466553 12.9716291427612 13.1807098388672 13.3897905349731 13.5988712310791 13.8216409683228 14.0854768753052 14.3493118286133 14.6131477355957 14.8769836425781 15.1408195495605 15.404655456543 15.6684913635254 15.8364849090576 15.9725322723389 16.1085777282715 16.2446250915527 16.380672454834 16.5167179107666 16.6527652740479 16.7821063995361 16.89133644104 17.0005645751953 17.1097927093506 17.2190227508545
12.7465486526489 12.7314329147339 12.7163181304932 12.7012033462524 12.6706418991089 12.6349306106567 12.5992202758789 12.5635089874268 12.5277986526489 12.4920873641968 12.4563770294189 12.4347648620605 12.4554500579834 12.4761352539062 12.4968204498291 12.5175046920776 12.5381898880005 12.5588750839233 12.5795602798462 12.7162342071533 12.8915719985962 13.0669097900391 13.2422475814819 13.4175853729248 13.5929222106934 13.7682600021362 13.9657897949219 14.2298946380615 14.4939985275269 14.7581033706665 15.0222082138062 15.2863130569458 15.5504179000854 15.8145227432251 15.9795770645142 16.1116161346436 16.2436542510986 16.3756923675537 16.5077304840088 16.6397705078125 16.7718086242676 16.8986225128174 17.0097694396973 17.1209144592285 17.2320613861084 17.3432064056396
