data/working_set_collections/6091692-Cassins_Sparrow-M2/2015/tautot_avg.asc
NCOLS 265 
NROWS 230 
XLLCORNER -115.5625 
YLLCORNER 24.8333333333333 
CELLSIZE 0.0833333333333333 
NODATA_value -9999 
[rows 40 to 59 of 230, columns 138 to 183 of 265]
10.4647760391235 10.4392766952515 10.4137773513794 10.3882789611816 10.3920087814331 10.4054822921753 10.4189558029175 10.4324293136597 10.4459028244019 10.459376335144 10.4728498458862 10.5014839172363 10.5755987167358 10.6497135162354 10.7238283157349 10.7979431152344 10.8720579147339 10.9461727142334 11.0202875137329 11.0316343307495 11.0220594406128 11.0124845504761 11.002908706665 10.9933338165283 10.9837589263916 10.9741840362549 10.9802532196045 11.0332565307617 11.0862607955933 11.1392641067505 11.192268371582 11.2452716827393 11.2982749938965 11.351279258728 11.4048852920532 11.4586915969849 11.5124988555908 11.5663051605225 11.6201124191284 11.6739187240601 11.727725982666 11.7906303405762 11.8808288574219 11.9710273742676 12.0612268447876 12.1514253616333
10.3165369033813 10.291111946106 10.2656860351562 10.2402601242065 10.2482442855835 10.2673654556274 10.2864866256714 10.3056077957153 10.3247289657593 10.3438501358032 10.3629703521729 10.3984060287476 10.4827861785889 10.5671663284302 10.6515455245972 10.7359256744385 10.8203048706055 10.9046850204468 10.9890651702881 11.0013837814331 10.9896831512451 10.9779825210571 10.9662818908691 10.9545812606812 10.9428806304932 10.9311800003052 10.9354028701782 10.9873962402344 11.0393896102905 11.0913820266724 11.1433753967285 11.1953687667847 11.2473621368408 11.299355506897 11.3526229858398 11.4063148498535 11.4600067138672 11.5136985778809 11.5673904418945 11.6210823059082 11.6747751235962 11.7385816574097 11.8327331542969 11.9268846511841 12.0210361480713 12.1151876449585
10.2106819152832 10.1844253540039 10.1581678390503 10.1319103240967 10.1428318023682 10.166145324707 10.1894598007202 10.2127742767334 10.2360887527466 10.2594022750854 10.2827167510986 10.3223476409912 10.410927772522 10.4995079040527 10.5880880355835 10.6766691207886 10.7652492523193 10.8538293838501 10.9424095153809 10.9558668136597 10.9442825317383 10.9326992034912 10.9211149215698 10.9095306396484 10.8979473114014 10.88636302948 10.8906927108765 10.9427623748779 10.9948320388794 11.0469017028809 11.0989713668823 11.1510410308838 11.2031106948853 11.2551803588867 11.3088483810425 11.3630504608154 11.4172515869141 11.471453666687 11.5256547927856 11.5798568725586 11.6340579986572 11.698561668396 11.7939710617065 11.8893814086914 11.984790802002 12.0802001953125
10.1472101211548 10.1192169189453 10.0912227630615 10.0632286071777 10.0757703781128 10.1018238067627 10.1278762817383 10.1539297103882 10.1799821853638 10.2060356140137 10.2320890426636 10.273307800293 10.3600234985352 10.4467401504517 10.5334568023682 10.6201725006104 10.7068891525269 10.7936058044434 10.8803224563599 10.8950824737549 10.8858575820923 10.8766326904297 10.8674077987671 10.8581829071045 10.8489570617676 10.839732170105 10.8461217880249 10.8993549346924 10.9525880813599 11.0058212280273 11.0590543746948 11.1122875213623 11.1655197143555 11.218752861023 11.2735633850098 11.3288984298706 11.3842334747314 11.4395694732666 11.4949045181274 11.5502405166626 11.6055755615234 11.6705703735352 11.7645435333252 11.8585166931152 11.952488899231 12.046462059021
10.0837383270264 10.0540084838867 10.0242776870728 9.9945478439331 10.0087089538574 10.037501335144 10.0662927627563 10.095085144043 10.1238765716553 10.1526689529419 10.1814603805542 10.2242670059204 10.3091201782227 10.3939723968506 10.4788246154785 10.5636768341064 10.6485300064087 10.7333822250366 10.8182344436646 10.8342981338501 10.827431678772 10.8205661773682 10.81369972229 10.8068342208862 10.7999677658081 10.7931022644043 10.8015518188477 10.8559484481812 10.9103441238403 10.9647407531738 11.0191373825073 11.0735340118408 11.1279296875 11.1823263168335 11.2382774353027 11.2947463989258 11.3512163162231 11.4076852798462 11.4641542434692 11.5206241607666 11.5770931243896 11.6425790786743 11.7351150512695 11.8276519775391 11.9201879501343 12.0127239227295
10.0202674865723 9.98880004882812 9.9573335647583 9.92586708068848 9.94164752960205 9.97317886352539 10.0047092437744 10.0362396240234 10.0677709579468 10.0993013381958 10.1308317184448 10.1752271652222 10.2582159042358 10.3412046432495 10.4241924285889 10.5071811676025 10.5901699066162 10.6731586456299 10.7561464309692 10.7735137939453 10.769006729126 10.7644996643066 10.7599925994873 10.755485534668 10.7509784698486 10.7464714050293 10.7569808959961 10.8125410079956 10.8681011199951 10.9236602783203 10.9792203903198 11.034779548645 11.0903396606445 11.145899772644 11.2029914855957 11.2605953216553 11.3181982040405 11.3758010864258 11.433403968811 11.4910078048706 11.5486106872559 11.6145877838135 11.7056875228882 11.7967872619629 11.8878860473633 11.978985786438
9.95679569244385 9.92359161376953 9.89038848876953 9.85718536376953 9.874587059021 9.90885639190674 9.94312572479248 9.97739505767822 10.011664390564 10.045934677124 10.0802040100098 10.1261873245239 10.207311630249 10.2884359359741 10.3695611953735 10.4506855010986 10.5318098068237 10.6129350662231 10.6940593719482 10.7127294540405 10.71058177948 10.7084331512451 10.7062854766846 10.704137802124 10.7019891738892 10.6998414993286 10.7124109268188 10.7691345214844 10.8258571624756 10.8825807571411 10.9393033981323 10.9960260391235 11.0527496337891 11.1094722747803 11.167706489563 11.2264432907104 11.2851800918579 11.3439168930054 11.4026536941528 11.4613914489746 11.5201282501221 11.5865964889526 11.6762590408325 11.7659225463867 11.8555850982666 11.9452476501465
9.89332389831543 9.85838413238525 9.82344436645508 9.7885046005249 9.80752563476562 9.84453392028809 9.88154220581055 9.91855049133301 9.95555877685547 9.99256706237793 10.0295753479004 10.0771474838257 10.1564073562622 10.235668182373 10.3149290084839 10.3941898345947 10.4734506607056 10.5527114868164 10.6319713592529 10.6519451141357 10.6521558761597 10.6523666381836 10.6525783538818 10.6527891159058 10.6529998779297 10.6532106399536 10.6678409576416 10.7257270812988 10.7836132049561 10.8415002822876 10.8993864059448 10.957272529602 11.0151596069336 11.0730457305908 11.132420539856 11.1922912597656 11.2521619796753 11.312032699585 11.3719043731689 11.4317750930786 11.4916458129883 11.5586051940918 11.6468315124512 11.7350578308105 11.8232831954956 11.911509513855
9.89011669158936 9.85443019866943 9.81874370574951 9.78305721282959 9.8012113571167 9.83731174468994 9.87341213226318 9.90951251983643 9.94561290740967 9.98171329498291 10.0178146362305 10.0635547637939 10.1382141113281 10.2128734588623 10.2875328063965 10.3621921539307 10.4368515014648 10.511510848999 10.5861701965332 10.6076517105103 10.6114063262939 10.6151609420776 10.6189165115356 10.6226711273193 10.626425743103 10.6301803588867 10.6476469039917 10.7062463760376 10.7648468017578 10.8234462738037 10.8820457458496 10.9406461715698 10.9992456436157 11.0578451156616 11.1184015274048 11.1796102523804 11.240818977356 11.3020267486572 11.3632354736328 11.4244441986084 11.485652923584 11.5531578063965 11.6395540237427 11.7259502410889 11.8123464584351 11.8987426757812
9.94717502593994 9.9117317199707 9.87628841400146 9.84084415435791 9.8556432723999 9.88718891143799 9.91873550415039 9.95028114318848 9.98182773590088 10.013373374939 10.0449199676514 10.085410118103 10.1527309417725 10.2200517654419 10.2873725891113 10.3546934127808 10.4220142364502 10.4893350601196 10.5566558837891 10.5798492431641 10.5883331298828 10.5968160629272 10.605299949646 10.6137838363647 10.6222667694092 10.6307506561279 10.6518297195435 10.7106924057007 10.7695560455322 10.8284187316895 10.887282371521 10.9461450576782 11.0050086975098 11.063871383667 11.1256494522095 11.1883993148804 11.2511491775513 11.3138990402222 11.3766489028931 11.439398765564 11.5021486282349 11.5702543258667 11.6544275283813 11.738600730896 11.8227739334106 11.9069471359253
10.0042333602905 9.96903228759766 9.9338321685791 9.89863204956055 9.9100751876831 9.93706703186035 9.9640588760376 9.99105072021484 10.0180416107178 10.045033454895 10.0720252990723 10.1072645187378 10.1672468185425 10.2272291183472 10.2872123718262 10.3471946716309 10.4071769714355 10.4671592712402 10.5271415710449 10.5520467758179 10.5652589797974 10.5784711837769 10.5916833877563 10.6048965454102 10.6181087493896 10.6313209533691 10.6560115814209 10.7151384353638 10.7742652893066 10.8333911895752 10.8925180435181 10.9516448974609 11.0107717514038 11.0698976516724 11.1328983306885 11.1971893310547 11.2614803314209 11.3257713317871 11.3900632858276 11.4543542861938 11.5186452865601 11.5873517990112 11.66930103302 11.7512512207031 11.8332014083862 11.915150642395
10.0612916946411 10.0263338088989 9.99137592315674 9.95641899108887 9.96450710296631 9.98694515228271 10.0093822479248 10.0318193435669 10.054256439209 10.0766935348511 10.0991306304932 10.1291198730469 10.1817636489868 10.2344074249268 10.2870512008667 10.3396949768066 10.3923397064209 10.4449834823608 10.4976272583008 10.5242443084717 10.5421848297119 10.5601263046265 10.578067779541 10.5960083007812 10.6139497756958 10.6318912506104 10.6601943969727 10.7195844650269 10.7789745330811 10.8383646011353 10.8977546691895 10.9571437835693 11.0165338516235 11.0759239196777 11.1401462554932 11.2059783935547 11.2718114852905 11.337643623352 11.4034767150879 11.4693098068237 11.5351419448853 11.6044483184814 11.6841745376587 11.7639017105103 11.8436288833618 11.9233551025391
10.1183490753174 10.0836353302002 10.0489206314087 10.0142059326172 10.0189399719238 10.0368223190308 10.054705619812 10.0725879669189 10.0904712677002 10.1083536148071 10.1262369155884 10.150975227356 10.1962804794312 10.2415857315063 10.2868909835815 10.3321962356567 10.3775014877319 10.4228067398071 10.4681119918823 10.4964408874512 10.5191116333008 10.5417814254761 10.5644512176514 10.5871210098267 10.609790802002 10.6324615478516 10.6643772125244 10.7240304946899 10.7836837768555 10.843337059021 10.9029903411865 10.962643623352 11.0222969055176 11.0819501876831 11.1473941802979 11.214768409729 11.2821426391602 11.349515914917 11.4168901443481 11.4842643737793 11.5516386032104 11.6215448379517 11.6990489959717 11.7765522003174 11.8540554046631 11.9315595626831
10.175407409668 10.1409358978271 10.1064643859863 10.0719928741455 10.073371887207 10.0867004394531 10.1000289916992 10.113356590271 10.1266851425171 10.1400136947632 10.1533422470093 10.172830581665 10.2107973098755 10.2487640380859 10.2867307662964 10.3246974945068 10.3626642227173 10.4006309509277 10.4385976791382 10.468638420105 10.4960374832153 10.5234365463257 10.5508346557617 10.5782337188721 10.6056327819824 10.6330308914185 10.6685590744019 10.728476524353 10.7883930206299 10.8483095169067 10.9082260131836 10.9681434631348 11.0280599594116 11.0879764556885 11.1546421051025 11.223557472229 11.2924728393555 11.3613882064819 11.4303045272827 11.4992198944092 11.5681352615356 11.6386413574219 11.7139225006104 11.7892026901245 11.8644828796387 11.9397640228271
10.253246307373 10.2127313613892 10.1722164154053 10.1317024230957 10.1275854110718 10.1356000900269 10.1436157226562 10.1516313552856 10.1596460342407 10.1676616668701 10.1756772994995 10.1897583007812 10.22203540802 10.2543125152588 10.2865896224976 10.3188667297363 10.3511438369751 10.3834209442139 10.4156980514526 10.4469184875488 10.4777870178223 10.5086555480957 10.5395231246948 10.5703916549683 10.6012601852417 10.6321277618408 10.6697626113892 10.7276983261108 10.7856330871582 10.8435678482056 10.9015026092529 10.9594373703003 11.017373085022 11.0753078460693 11.1420602798462 11.2117519378662 11.2814435958862 11.3511352539062 11.420825958252 11.490517616272 11.560209274292 11.6308174133301 11.704174041748 11.777530670166 11.850887298584 11.924243927002
10.3518648147583 10.2990207672119 10.2461767196655 10.1933326721191 10.1815795898438 10.1835231781006 10.1854667663574 10.1874103546143 10.1893539428711 10.1912975311279 10.1932411193848 10.2017583847046 10.2299947738647 10.2582311630249 10.2864675521851 10.3147039413452 10.3429403305054 10.3711767196655 10.3994131088257 10.4312810897827 10.4643602371216 10.4974384307861 10.5305166244507 10.5635948181152 10.5966730117798 10.6297521591187 10.6679878234863 10.7216958999634 10.7754039764404 10.8291120529175 10.8828191757202 10.9365272521973 10.9902353286743 11.0439434051514 11.1096477508545 11.179349899292 11.2490520477295 11.3187551498413 11.3884572982788 11.4581594467163 11.5278625488281 11.598072052002 11.6698045730591 11.7415370941162 11.8132696151733 11.8850021362305
10.4504833221436 10.3853101730347 10.3201360702515 10.2549629211426 10.2355737686157 10.2314453125 10.2273178100586 10.2231893539429 10.2190618515015 10.2149333953857 10.2108058929443 10.2137584686279 10.2379541397095 10.2621507644653 10.2863464355469 10.3105421066284 10.33473777771 10.3589334487915 10.383129119873 10.4156446456909 10.4509325027466 10.4862213134766 10.5215101242065 10.5567979812622 10.5920867919922 10.6273756027222 10.6662120819092 10.7156934738159 10.7651739120483 10.8146553039551 10.8641366958618 10.9136171340942 10.963098526001 11.0125799179077 11.0772352218628 11.1469478607178 11.2166614532471 11.2863750457764 11.3560886383057 11.4258012771606 11.4955148696899 11.5653266906738 11.6354351043701 11.7055435180664 11.7756509780884 11.8457593917847
10.5491018295288 10.4715995788574 10.3940963745117 10.316593170166 10.2895679473877 10.2793684005737 10.2691688537598 10.2589693069458 10.2487697601318 10.2385702133179 10.2283706665039 10.2257595062256 10.2459144592285 10.2660694122314 10.2862243652344 10.3063793182373 10.3265342712402 10.3466892242432 10.3668441772461 10.4000072479248 10.4375057220459 10.475004196167 10.5125026702881 10.5500020980835 10.5875005722046 10.6249990463257 10.664436340332 10.7096910476685 10.7549448013306 10.8001985549927 10.8454532623291 10.8907070159912 10.9359617233276 10.9812154769897 11.0448226928711 11.1145467758179 11.1842708587646 11.2539949417114 11.3237190246582 11.393443107605 11.4631681442261 11.53258228302 11.6010656356812 11.6695489883423 11.7380332946777 11.8065166473389
10.6477203369141 10.5578880310059 10.4680557250977 10.3782234191895 10.3435621261597 10.3272905349731 10.3110198974609 10.2947483062744 10.2784767150879 10.2622060775757 10.2459344863892 10.2377595901489 10.2538738250732 10.2699880599976 10.2861022949219 10.3022165298462 10.3183307647705 10.3344449996948 10.3505592346191 10.3843698501587 10.4240789413452 10.4637870788574 10.5034961700439 10.5432052612305 10.5829133987427 10.6226224899292 10.6626615524292 10.703688621521 10.7447156906128 10.7857427597046 10.8267698287964 10.8677968978882 10.90882396698 10.9498510360718 11.0124092102051 11.0821447372437 11.1518802642822 11.2216148376465 11.2913503646851 11.3610849380493 11.4308204650879 11.4998369216919 11.5666961669922 11.6335554122925 11.7004146575928 11.7672739028931
10.7463397979736 10.6441774368286 10.5420160293579 10.4398536682129 10.3975563049316 10.3752136230469 10.3528709411621 10.330527305603 10.3081846237183 10.2858419418335 10.2634992599487 10.2497606277466 10.2618341445923 10.273907661438 10.2859811782837 10.2980546951294 10.3101282119751 10.3222017288208 10.3342752456665 10.3687324523926 10.4106512069702 10.4525699615479 10.4944896697998 10.5364084243774 10.5783271789551 10.6202459335327 10.660885810852 10.6976861953735 10.734486579895 10.7712860107422 10.8080863952637 10.8448867797852 10.8816871643066 10.9184875488281 10.9799966812134 11.0497426986694 11.1194887161255 11.1892347335815 11.2589807510376 11.3287267684937 11.3984727859497 11.4670915603638 11.5323266983032 11.5975618362427 11.6627969741821 11.7280321121216
