data/working_set_collections/6091692-Cassins_Sparrow-M2/2015/tautot_avg.asc
NCOLS 265 
NROWS 230 
XLLCORNER -115.5625 
YLLCORNER 24.8333333333333 
CELLSIZE 0.0833333333333333 
NODATA_value -9999 
[rows 60 to 79 of 230, columns 92 to 137 of 265]
11.6599950790405 11.78870677948 11.9174184799194 12.0461301803589 12.174840927124 12.3973236083984 12.6510629653931 12.9048013687134 13.158540725708 13.4122800827026 13.666018486023 13.9197578430176 14.0489463806152 13.8044815063477 13.5600175857544 13.3155536651611 13.0710887908936 12.8266248703003 12.582160949707 12.3376960754395 12.2287445068359 12.1649618148804 12.1011800765991 12.0373983383179 11.9736166000366 11.9098339080811 11.8460521697998 11.805983543396 11.8370552062988 11.8681259155273 11.8991966247559 11.9302682876587 11.9613389968872 11.99241065979 12.0234813690186 11.9486408233643 11.8384962081909 11.7283515930176 11.6182069778442 11.5080623626709 11.3979177474976 11.2877731323242 11.1780672073364 11.0696811676025 10.9612941741943 10.8529071807861
11.5993232727051 11.7535448074341 11.9077663421631 12.0619878768921 12.2162094116211 12.3981695175171 12.5893774032593 12.7805843353271 12.971791267395 13.1629981994629 13.3542051315308 13.5454120635986 13.6433038711548 13.4612474441528 13.2791910171509 13.0971336364746 12.9150772094727 12.7330207824707 12.5509643554688 12.3689079284668 12.272349357605 12.2042903900146 12.1362323760986 12.0681734085083 12.000114440918 11.9320554733276 11.8639965057373 11.818058013916 11.8384799957275 11.8589029312134 11.8793249130249 11.8997478485107 11.9201707839966 11.9405927658081 11.9610157012939 11.8798503875732 11.7648239135742 11.6497964859009 11.5347700119019 11.4197435379028 11.3047161102295 11.1896896362305 11.0762920379639 10.9677858352661 10.859278678894 10.750771522522
11.5386514663696 11.7183828353882 11.8981142044067 12.0778455734253 12.2575769424438 12.3990163803101 12.5276918411255 12.6563663482666 12.785041809082 12.9137163162231 13.0423917770386 13.171067237854 13.2376613616943 13.1180124282837 12.998363494873 12.8787145614624 12.7590656280518 12.6394166946411 12.5197677612305 12.4001197814941 12.3159551620483 12.2436199188232 12.1712837219238 12.0989475250244 12.0266122817993 11.9542760848999 11.8819408416748 11.830132484436 11.8399057388306 11.8496799468994 11.8594541549683 11.8692274093628 11.8790016174316 11.8887758255005 11.898549079895 11.8110609054565 11.6911516189575 11.5712423324585 11.4513330459595 11.3314237594604 11.2115154266357 11.0916061401367 10.9745168685913 10.8658905029297 10.7572631835938 10.6486358642578
11.4779806137085 11.6832218170166 11.8884630203247 12.0937042236328 12.2989454269409 12.3998622894287 12.4660062789917 12.5321493148804 12.598292350769 12.6644353866577 12.7305784225464 12.7967214584351 12.8320188522339 12.7747774124146 12.7175359725952 12.6602954864502 12.6030540466309 12.5458126068115 12.4885721206665 12.4313306808472 12.3595609664917 12.2829484939575 12.206335067749 12.1297225952148 12.0531101226807 11.9764976501465 11.899884223938 11.8422060012817 11.8413314819336 11.8404569625854 11.8395824432373 11.8387069702148 11.8378324508667 11.8369579315186 11.8360834121704 11.7422714233398 11.6174793243408 11.4926881790161 11.3678970336914 11.2431049346924 11.1183137893677 10.993522644043 10.8727416992188 10.7639951705933 10.6552476882935 10.5465002059937
11.417308807373 11.6480598449707 11.8788108825684 12.109561920166 12.3403129577637 12.4007091522217 12.4043197631836 12.4079313278198 12.4115428924561 12.415153503418 12.4187650680542 12.4223756790161 12.4263763427734 12.4315423965454 12.4367094039917 12.4418754577637 12.44704246521 12.4522085189819 12.4573755264282 12.4625425338745 12.4031667709351 12.3222770690918 12.2413873672485 12.1604976654053 12.079607963562 11.9987182617188 11.9178285598755 11.8542804718018 11.8427572250366 11.8312339782715 11.8197107315063 11.8081874847412 11.7966642379761 11.7851409912109 11.7736177444458 11.6734809875488 11.5438070297241 11.4141340255737 11.284460067749 11.1547861099243 11.0251131057739 10.8954391479492 10.7709665298462 10.6620998382568 10.5532321929932 10.4443645477295
11.3566370010376 11.6128978729248 11.869158744812 12.1254196166992 12.3816804885864 12.4015550613403 12.3426342010498 12.2837142944336 12.2247934341431 12.1658725738525 12.106951713562 12.0480308532715 12.020733833313 12.0883073806763 12.1558818817139 12.2234563827515 12.2910308837891 12.3586053848267 12.4261789321899 12.4937534332275 12.4467725753784 12.3616056442261 12.2764387130737 12.1912727355957 12.1061058044434 12.020938873291 11.935772895813 11.8663549423218 11.8441829681396 11.8220109939575 11.7998390197754 11.7776670455933 11.7554950714111 11.733323097229 11.7111511230469 11.6046915054321 11.4701356887817 11.335578918457 11.2010231018066 11.0664672851562 10.9319114685059 10.7973556518555 10.6691913604736 10.5602045059204 10.4512166976929 10.3422288894653
11.4956016540527 11.7401332855225 11.9846649169922 12.2291965484619 12.4737281799316 12.4690408706665 12.3812818527222 12.2935228347778 12.2057638168335 12.1180047988892 12.0302448272705 11.9424858093262 11.8964033126831 11.9753503799438 12.0542974472046 12.1332445144653 12.2121915817261 12.2911386489868 12.3700857162476 12.4490327835083 12.4070892333984 12.3248500823975 12.2426099777222 12.1603698730469 12.0781297683716 11.9958906173706 11.9136505126953 11.845627784729 11.8202590942383 11.7948904037476 11.7695217132568 11.7441530227661 11.7187843322754 11.6934156417847 11.6680469512939 11.5568742752075 11.4170999526978 11.2773265838623 11.1375532150269 10.9977788925171 10.8580055236816 10.7182321548462 10.5857439041138 10.4751129150391 10.3644819259644 10.2538499832153
11.8342037200928 12.0297660827637 12.2253284454346 12.4208908081055 12.6164531707764 12.6031665802002 12.5202627182007 12.4373588562012 12.3544549942017 12.2715501785278 12.1886463165283 12.1057424545288 12.0533857345581 12.0926704406738 12.1319561004639 12.1712408065796 12.2105255126953 12.249810218811 12.2890949249268 12.3283796310425 12.2841186523438 12.2120094299316 12.1399002075195 12.0677900314331 11.995680809021 11.9235715866089 11.8514614105225 11.7921009063721 11.7709865570068 11.7498731613159 11.7287588119507 11.7076454162598 11.6865310668945 11.6654176712036 11.6443033218384 11.530029296875 11.3847026824951 11.2393760681152 11.094048500061 10.9487218856812 10.8033952713013 10.6580677032471 10.5206232070923 10.4068250656128 10.2930269241333 10.1792297363281
12.1728057861328 12.3193988800049 12.465991973877 12.6125860214233 12.7591791152954 12.7372913360596 12.6592426300049 12.5811939239502 12.5031452178955 12.4250965118408 12.3470478057861 12.2689990997314 12.2103681564331 12.2099914550781 12.2096138000488 12.2092361450195 12.2088594436646 12.2084817886353 12.208104133606 12.207727432251 12.1611480712891 12.0991697311401 12.0371904373169 11.9752111434937 11.9132318496704 11.8512525558472 11.7892732620239 11.7385740280151 11.7217149734497 11.7048559188843 11.6879968643188 11.6711368560791 11.6542778015137 11.6374187469482 11.6205596923828 11.5031852722168 11.3523044586182 11.2014245986938 11.0505447387695 10.8996639251709 10.7487840652466 10.5979042053223 10.4555025100708 10.3385381698608 10.2215728759766 10.1046085357666
12.5114068984985 12.6090316772461 12.7066564559937 12.8042812347412 12.9019050598145 12.8714160919189 12.7982234954834 12.7250299453735 12.6518363952637 12.5786428451538 12.5054492950439 12.4322557449341 12.3673515319824 12.3273115158081 12.2872724533081 12.2472324371338 12.2071933746338 12.1671533584595 12.1271142959595 12.0870742797852 12.0381774902344 11.9863290786743 11.9344797134399 11.8826313018799 11.8307819366455 11.7789335250854 11.7270841598511 11.6850471496582 11.6724424362183 11.6598377227783 11.6472339630127 11.6346292495728 11.6220254898071 11.6094207763672 11.5968160629272 11.4763402938843 11.3199071884155 11.1634740829468 11.0070400238037 10.850606918335 10.6941738128662 10.5377397537231 10.3903818130493 10.2702503204346 10.1501188278198 10.0299873352051
12.8500089645386 12.8986644744873 12.947319984436 12.9959754943848 13.0446310043335 13.0055418014526 12.9372034072876 12.8688650131226 12.8005275726318 12.7321891784668 12.6638507843018 12.5955123901367 12.5243339538574 12.4446315765381 12.3649301528931 12.285228729248 12.2055263519287 12.1258249282837 12.0461235046387 11.9664220809937 11.9152069091797 11.8734884262085 11.8317699432373 11.7900514602661 11.7483329772949 11.7066144943237 11.6648960113525 11.631519317627 11.6231698989868 11.6148204803467 11.6064710617065 11.5981216430664 11.5897722244263 11.5814228057861 11.573073387146 11.4494962692261 11.2875089645386 11.1255226135254 10.9635362625122 10.8015489578247 10.6395626068115 10.4775762557983 10.3252620697021 10.2019634246826 10.0786647796631 9.95536613464355
13.1886110305786 13.1882972717285 13.1879844665527 13.1876707077026 13.1873569488525 13.139666557312 13.0761833190918 13.0127010345459 12.9492177963257 12.8857355117798 12.8222522735596 12.7587690353394 12.6813163757324 12.5619525909424 12.4425888061523 12.323224067688 12.203860282898 12.0844964981079 11.9651327133179 11.8457689285278 11.792236328125 11.760648727417 11.7290601730347 11.6974716186523 11.6658840179443 11.634295463562 11.6027069091797 11.57799243927 11.5738973617554 11.569803237915 11.5657081604004 11.5616140365601 11.5575189590454 11.5534248352051 11.5493297576904 11.4226512908936 11.2551116943359 11.087571144104 10.9200315475464 10.7524919509888 10.5849523544312 10.4174127578735 10.2601413726807 10.1336755752563 10.0072107315063 9.88074493408203
13.3743782043457 13.345211982727 13.3160448074341 13.2868776321411 13.2577114105225 13.2084312438965 13.1524467468262 13.0964622497559 13.0404777526855 12.9844932556152 12.9285097122192 12.8725252151489 12.7954540252686 12.6551218032837 12.5147895812988 12.374457359314 12.2341251373291 12.0937929153442 11.9534606933594 11.8131284713745 11.7518701553345 11.7169694900513 11.6820688247681 11.6471691131592 11.612268447876 11.5773677825928 11.5424671173096 11.5179815292358 11.5247411727905 11.5315008163452 11.5382595062256 11.5450191497803 11.551778793335 11.5585374832153 11.56529712677 11.4385738372803 11.26735496521 11.096137046814 10.924919128418 10.753701210022 10.5824823379517 10.4112644195557 10.25119972229 10.1245946884155 9.99798965454102 9.8713846206665
13.4073123931885 13.3694076538086 13.3315029144287 13.2935981750488 13.2556934356689 13.2118349075317 13.1659927368164 13.1201496124268 13.0743074417114 13.0284643173218 12.9826221466064 12.9367790222168 12.8667459487915 12.724139213562 12.5815324783325 12.4389266967773 12.2963199615479 12.1537132263184 12.0111074447632 11.8685007095337 11.7941074371338 11.74245262146 11.6907968521118 11.639142036438 11.5874862670898 11.5358304977417 11.4841756820679 11.4514875411987 11.4756994247437 11.4999122619629 11.5241250991821 11.5483379364014 11.5725498199463 11.5967626571655 11.6209754943848 11.4972620010376 11.3242406845093 11.151219367981 10.9781980514526 10.80517578125 10.6321544647217 10.4591331481934 10.2984371185303 10.1747198104858 10.0510025024414 9.92728424072266
13.4402456283569 13.3936033248901 13.3469610214233 13.3003177642822 13.2536754608154 13.2152395248413 13.1795387268066 13.143837928772 13.108136177063 13.0724353790283 13.0367345809937 13.001033782959 12.9380378723145 12.7931575775146 12.6482763290405 12.5033960342407 12.3585147857666 12.2136344909668 12.0687532424927 11.9238729476929 11.8363447189331 11.7679347991943 11.6995248794556 11.6311149597168 11.5627040863037 11.4942941665649 11.4258842468262 11.3849925994873 11.4266586303711 11.4683246612549 11.5099906921387 11.5516557693481 11.5933218002319 11.6349878311157 11.6766538619995 11.5559511184692 11.3811264038086 11.2063007354736 11.031476020813 10.8566513061523 10.6818265914917 10.5070009231567 10.3456745147705 10.2248449325562 10.1040143966675 9.98318481445312
13.4731788635254 13.4177989959717 13.3624181747437 13.3070383071899 13.2516574859619 13.2186431884766 13.1930847167969 13.1675252914429 13.1419658660889 13.1164064407349 13.0908479690552 13.0652885437012 13.0093297958374 12.862174987793 12.7150201797485 12.5678653717041 12.4207096099854 12.2735548019409 12.1263999938965 11.979245185852 11.8785820007324 11.7934169769287 11.708251953125 11.6230878829956 11.5379228591919 11.4527578353882 11.3675928115845 11.3184986114502 11.3776178359985 11.4367361068726 11.4958553314209 11.5549745559692 11.6140937805176 11.6732130050659 11.7323312759399 11.6146402359009 11.4380111694336 11.2613830566406 11.0847549438477 10.9081268310547 10.7314977645874 10.5548696517944 10.3929128646851 10.2749700546265 10.1570272445679 10.0390844345093
13.5061130523682 13.4419946670532 13.3778762817383 13.3137578964233 13.2496404647827 13.2220478057861 13.2066297531128 13.1912126541138 13.1757955551147 13.1603775024414 13.1449604034424 13.1295433044434 13.0806226730347 12.9311933517456 12.7817640304565 12.6323347091675 12.4829053878784 12.3334760665894 12.1840467453003 12.0346174240112 11.9208202362061 11.8189001083374 11.7169799804688 11.6150608062744 11.5131406784058 11.4112205505371 11.3093013763428 11.2520036697388 11.3285760879517 11.4051485061646 11.4817209243774 11.5582933425903 11.6348648071289 11.7114372253418 11.7880096435547 11.6733293533325 11.4948968887329 11.3164653778076 11.1380338668823 10.9596014022827 10.7811698913574 10.6027383804321 10.4401502609253 10.3250951766968 10.2100400924683 10.0949850082397
13.5390462875366 13.4661903381348 13.3933343887329 13.3204784393311 13.2476224899292 13.2254514694214 13.220175743103 13.2149000167847 13.2096242904663 13.204348564148 13.1990728378296 13.1937971115112 13.1519145965576 13.0002107620239 12.8485069274902 12.6968040466309 12.5451002120972 12.3933963775635 12.2416925430298 12.0899887084961 11.9630575180054 11.8443822860718 11.7257080078125 11.6070337295532 11.4883584976196 11.3696842193604 11.2510089874268 11.1855096817017 11.2795352935791 11.3735609054565 11.467586517334 11.5616111755371 11.6556367874146 11.749662399292 11.8436880111694 11.7320175170898 11.5517826080322 11.3715476989746 11.1913118362427 11.0110769271851 10.8308410644531 10.6506061553955 10.4873876571655 10.3752202987671 10.2630519866943 10.1508846282959
13.3627424240112 13.2982320785522 13.2337226867676 13.1692132949829 13.1047029495239 13.0997657775879 13.1146860122681 13.1296062469482 13.1445264816284 13.1594467163086 13.1743669509888 13.1892871856689 13.1658496856689 13.0273370742798 12.8888235092163 12.7503108978271 12.611798286438 12.4732847213745 12.3347721099854 12.1962594985962 12.0633392333984 11.9322843551636 11.8012294769287 11.6701745986938 11.5391187667847 11.4080638885498 11.2770090103149 11.2053985595703 11.3121252059937 11.418851852417 11.525577545166 11.6323041915894 11.7390308380127 11.8457565307617 11.9524831771851 11.8465576171875 11.6697473526001 11.492938041687 11.3161277770996 11.1393175125122 10.9625082015991 10.7856979370117 10.6251564025879 10.5134210586548 10.4016847610474 10.2899494171143
12.9772005081177 12.93812084198 12.8990421295166 12.8599624633789 12.8208827972412 12.8449907302856 12.8901615142822 12.9353322982788 12.9805021286011 13.0256729125977 13.0708436965942 13.1160135269165 13.1224269866943 13.0125703811646 12.9027128219604 12.7928562164307 12.6829986572266 12.5731410980225 12.4632844924927 12.3534269332886 12.2216672897339 12.0826053619385 11.9435443878174 11.8044834136963 11.6654214859009 11.5263605117798 11.3872995376587 11.3116722106934 11.4263467788696 11.5410213470459 11.6556968688965 11.7703714370728 11.885046005249 11.9997215270996 12.1143960952759 12.0169477462769 11.8487920761108 11.6806364059448 11.5124807357788 11.3443250656128 11.1761693954468 11.0080137252808 10.8534564971924 10.7396974563599 10.625937461853 10.5121774673462
