data/working_set_collections/6091692-Cassins_Sparrow-M2/2015/tautot_avg.asc
NCOLS 265 
NROWS 230 
XLLCORNER -115.5625 
YLLCORNER 24.8333333333333 
CELLSIZE 0.0833333333333333 
NODATA_value -9999 
[rows 160 to 179 of 230, columns 184 to 229 of 265]
17.5804538726807 17.6935176849365 17.8065795898438 17.932710647583 18.0631980895996 18.1936836242676 18.3241710662842 18.4546585083008 18.5851459503174 18.7156314849854 18.8320026397705 18.9060287475586 18.980052947998 19.0540771484375 19.1281032562256 19.202127456665 19.2761516571045 19.3501758575439 19.4752254486084 19.6172828674316 19.7593402862549 19.9013957977295 20.0434532165527 20.185510635376 20.3275680541992 20.4291801452637 20.4094619750977 20.389741897583 20.370023727417 20.3503036499023 20.3305854797363 20.3108654022217 20.2911472320557 20.3412742614746 20.4146823883057 20.4880924224854 20.5615005493164 20.6349105834961 20.7083206176758 20.7817287445068 20.8678398132324 20.9920520782471 21.1162643432617 21.2404766082764 21.3646907806396 21.4889030456543
17.7065563201904 17.8215351104736 17.9365158081055 18.0691051483154 18.2075653076172 18.3460254669189 18.4844856262207 18.6229457855225 18.7614059448242 18.899866104126 19.0205631256104 19.0879669189453 19.1553707122803 19.2227745056152 19.2901782989502 19.3575820922852 19.4249858856201 19.4923915863037 19.6059017181396 19.7347812652588 19.8636627197266 19.9925422668457 20.1214218139648 20.250301361084 20.3791828155518 20.4701881408691 20.4475746154785 20.4249610900879 20.4023456573486 20.379732131958 20.3571186065674 20.3345031738281 20.3118896484375 20.3714866638184 20.4584865570068 20.5454845428467 20.6324844360352 20.7194843292236 20.8064842224121 20.8934841156006 20.9880695343018 21.1054191589355 21.2227687835693 21.3401184082031 21.4574680328369 21.5748176574707
17.9020824432373 18.0305290222168 18.1589736938477 18.300048828125 18.4453353881836 18.5906219482422 18.7359085083008 18.8811931610107 19.0264797210693 19.1717662811279 19.2971267700195 19.3627128601074 19.4283008575439 19.4938869476318 19.5594730377197 19.6250610351562 19.6906471252441 19.756233215332 19.8540592193604 19.9626293182373 20.0712013244629 20.1797733306885 20.2883434295654 20.396915435791 20.505485534668 20.5804042816162 20.5543575286865 20.5283126831055 20.5022678375244 20.4762210845947 20.4501762390137 20.4241313934326 20.3980846405029 20.4622745513916 20.5565433502197 20.6508102416992 20.7450790405273 20.8393478393555 20.933614730835 21.0278835296631 21.126989364624 21.2406120300293 21.3542346954346 21.4678573608398 21.5814800262451 21.6951007843018
18.1670360565186 18.3204956054688 18.4739551544189 18.6255435943604 18.7765064239502 18.9274711608887 19.0784358978271 19.229398727417 19.3803634643555 19.5313282012939 19.6616954803467 19.7302684783936 19.7988414764404 19.8674144744873 19.9359874725342 20.0045604705811 20.0731334686279 20.1417064666748 20.2196979522705 20.3008270263672 20.3819580078125 20.4630889892578 20.5442199707031 20.6253509521484 20.7064800262451 20.7598247528076 20.7298126220703 20.6997985839844 20.6697845458984 20.6397724151611 20.6097583770752 20.5797462463379 20.549732208252 20.613639831543 20.708854675293 20.804069519043 20.899284362793 20.994499206543 21.089714050293 21.184928894043 21.2845973968506 21.3976287841797 21.5106620788574 21.6236934661865 21.7367248535156 21.8497562408447
18.4319896697998 18.6104621887207 18.7889366149902 18.9510364532471 19.1076774597168 19.2643203735352 19.4209632873535 19.5776062011719 19.7342472076416 19.89089012146 20.0262622833252 20.0978221893311 20.1693801879883 20.2409400939941 20.3125 20.3840599060059 20.4556179046631 20.5271778106689 20.585334777832 20.6390247344971 20.6927146911621 20.7464046478271 20.8000946044922 20.8537845611572 20.9074745178223 20.9392471313477 20.9052658081055 20.8712844848633 20.8373031616211 20.8033218383789 20.7693405151367 20.7353610992432 20.701379776001 20.7650051116943 20.8611660003662 20.9573287963867 21.0534896850586 21.1496505737305 21.245813369751 21.3419742584229 21.4422054290771 21.5546474456787 21.6670875549316 21.7795295715332 21.8919696807861 22.0044116973877
18.6969432830811 18.9004287719727 19.1039161682129 19.2765293121338 19.438850402832 19.6011695861816 19.7634906768799 19.9258117675781 20.0881328582764 20.250452041626 20.3908290863037 20.4653759002686 20.5399208068848 20.6144676208496 20.6890125274658 20.7635593414307 20.8381042480469 20.9126510620117 20.9509735107422 20.977222442627 21.0034713745117 21.0297222137451 21.0559711456299 21.0822200775146 21.1084690093994 21.1186695098877 21.0807209014893 21.0427703857422 21.0048217773438 20.9668731689453 20.9289245605469 20.8909759521484 20.8530254364014 20.9163703918457 21.0134792327881 21.1105861663818 21.2076950073242 21.3048038482666 21.4019107818604 21.4990196228027 21.5998134613037 21.7116641998291 21.8235149383545 21.9353656768799 22.0472164154053 22.1590671539307
18.9618968963623 19.1903972625732 19.4188976287842 19.6020221710205 19.7700214385986 19.9380187988281 20.1060180664062 20.2740173339844 20.4420166015625 20.6100158691406 20.7553977966309 20.8329296112061 20.9104614257812 20.9879932403564 21.0655250549316 21.1430587768555 21.2205905914307 21.2981224060059 21.3166122436523 21.3154201507568 21.31422996521 21.3130378723145 21.3118457794189 21.3106555938721 21.3094635009766 21.2980918884277 21.2561740875244 21.2142581939697 21.1723403930664 21.1304244995117 21.0885066986084 21.0465908050537 21.0046730041504 21.0677356719971 21.1657905578613 21.2638454437256 21.3619003295898 21.4599552154541 21.5580101013184 21.6560649871826 21.7574214935303 21.8686809539795 21.9799423217773 22.0912017822266 22.2024612426758 22.3137226104736
19.2268486022949 19.4803638458252 19.7338790893555 19.9275150299072 20.1011924743652 20.2748699188232 20.4485454559326 20.6222229003906 20.7959003448486 20.9695777893066 21.1199645996094 21.2004833221436 21.2810020446777 21.3615207672119 21.4420394897461 21.5225582122803 21.6030750274658 21.68359375 21.6822509765625 21.6536178588867 21.6249866485596 21.5963535308838 21.5677223205566 21.5390911102295 21.5104579925537 21.4775123596191 21.4316291809082 21.3857440948486 21.3398590087891 21.2939739227295 21.2480888366699 21.202205657959 21.1563205718994 21.2191009521484 21.3181018829346 21.4171047210693 21.5161056518555 21.6151065826416 21.7141094207764 21.8131103515625 21.9150295257568 22.0256996154785 22.1363677978516 22.2470378875732 22.3577079772949 22.468376159668
19.3125286102295 19.5839233398438 19.855318069458 20.0559024810791 20.2328853607178 20.4098663330078 20.5868492126465 20.7638301849365 20.9408130645752 21.1177959442139 21.2712745666504 21.354248046875 21.4372234344482 21.5201969146729 21.6031703948975 21.6861438751221 21.7691173553467 21.8520908355713 21.8431453704834 21.8035583496094 21.763973236084 21.72438621521 21.6848011016846 21.6452140808105 21.6056270599365 21.5658855438232 21.5256805419922 21.4854736328125 21.4452667236328 21.4050598144531 21.3648548126221 21.3246479034424 21.2844409942627 21.3538017272949 21.4596824645996 21.5655651092529 21.6714477539062 21.7773303985596 21.8832111358643 21.9890937805176 22.0951843261719 22.2019004821777 22.3086185455322 22.4153347015381 22.5220508575439 22.6287689208984
19.2189311981201 19.5010719299316 19.7832145690918 19.9871845245361 20.1650981903076 20.3430118560791 20.5209255218506 20.6988391876221 20.8767547607422 21.0546684265137 21.2093276977539 21.294225692749 21.3791236877441 21.4640216827393 21.5489196777344 21.6338176727295 21.7187156677246 21.8036136627197 21.7992973327637 21.7652435302734 21.7311878204346 21.6971340179443 21.6630802154541 21.6290264129639 21.5949726104736 21.56321144104 21.538330078125 21.5134468078613 21.4885654449463 21.4636821746826 21.4388008117676 21.4139194488525 21.3890361785889 21.4718379974365 21.5905342102051 21.7092304229736 21.8279266357422 21.9466228485107 22.0653171539307 22.1840133666992 22.2978858947754 22.397289276123 22.4966907501221 22.5960922241211 22.6954936981201 22.7948951721191
19.1253356933594 19.4182224273682 19.7111110687256 19.9184665679932 20.0973129272461 20.2761573791504 20.4550037384033 20.6338500976562 20.8126945495605 20.9915409088135 21.1473808288574 21.2342014312744 21.32102394104 21.4078464508057 21.4946689605713 21.5814895629883 21.6683120727539 21.7551345825195 21.7554473876953 21.7269268035889 21.6984043121338 21.6698818206787 21.6413612365723 21.6128387451172 21.5843162536621 21.5605354309082 21.5509777069092 21.5414199829102 21.5318622589111 21.5223045349121 21.5127468109131 21.5031890869141 21.493631362915 21.5898742675781 21.7213840484619 21.8528938293457 21.9844036102295 22.1159133911133 22.2474250793457 22.3789348602295 22.5005893707275 22.5926761627197 22.6847629547119 22.7768497467041 22.8689365386963 22.9610233306885
19.03173828125 19.3353729248047 19.6390075683594 19.8497486114502 20.0295257568359 20.2093029022217 20.3890819549561 20.5688591003418 20.7486362457275 20.9284133911133 21.0854320526123 21.1741790771484 21.2629241943359 21.3516712188721 21.4404182434082 21.5291633605957 21.6179103851318 21.7066555023193 21.7115993499756 21.6886100769043 21.665620803833 21.6426315307617 21.6196403503418 21.5966510772705 21.5736618041992 21.557861328125 21.563627243042 21.569393157959 21.5751609802246 21.5809268951416 21.5866928100586 21.5924606323242 21.5982265472412 21.7079105377197 21.8522357940674 21.9965591430664 22.1408824920654 22.2852058410645 22.4295310974121 22.5738544464111 22.7032909393311 22.7880630493164 22.8728351593018 22.9576072692871 23.0423793792725 23.1271514892578
18.9381427764893 19.2525234222412 19.5669040679932 19.7810306549072 19.9617404937744 20.142448425293 20.3231582641602 20.5038681030273 20.6845760345459 20.8652858734131 21.0234851837158 21.1141548156738 21.2048263549805 21.2954959869385 21.3861656188965 21.4768371582031 21.5675067901611 21.6581764221191 21.6677513122559 21.6502933502197 21.6328372955322 21.6153793334961 21.59792137146 21.5804634094238 21.5630054473877 21.5551853179932 21.5762767791748 21.5973663330078 21.6184577941895 21.6395492553711 21.6606407165527 21.6817302703857 21.7028217315674 21.8259468078613 21.9830856323242 22.1402225494385 22.2973613739014 22.4544982910156 22.6116371154785 22.7687740325928 22.9059925079346 22.9834499359131 23.0609073638916 23.1383647918701 23.2158203125 23.2932777404785
18.8445453643799 19.1696739196777 19.494800567627 19.7123126983643 19.8939533233643 20.0755958557129 20.2572364807129 20.4388771057129 20.6205177307129 20.8021583557129 20.9615383148193 21.0541324615479 21.1467266082764 21.2393207550049 21.3319149017334 21.4245090484619 21.5171051025391 21.6096992492676 21.6239032745361 21.6119785308838 21.6000518798828 21.5881271362305 21.5762023925781 21.5642757415771 21.5523509979248 21.55251121521 21.5889263153076 21.6253414154053 21.6617565155029 21.6981716156006 21.7345867156982 21.7710018157959 21.8074169158936 21.9439849853516 22.1139354705811 22.2838878631592 22.4538402557373 22.6237907409668 22.7937431335449 22.963695526123 23.1086940765381 23.1788368225098 23.2489795684814 23.3191204071045 23.3892631530762 23.4594058990479
18.6568851470947 18.9743537902832 19.2918224334717 19.5094223022461 19.693733215332 19.878044128418 20.0623550415039 20.2466659545898 20.4309768676758 20.6152877807617 20.7787799835205 20.8798179626465 20.9808559417725 21.0818939208984 21.1829319000244 21.2839698791504 21.3850078582764 21.486047744751 21.5145378112793 21.5188465118408 21.5231552124023 21.5274639129639 21.5317726135254 21.5360813140869 21.5403900146484 21.5581874847412 21.6164531707764 21.6747188568115 21.7329845428467 21.7912483215332 21.8495140075684 21.9077796936035 21.9660453796387 22.1095542907715 22.2814769744873 22.4534015655518 22.6253242492676 22.7972469329834 22.9691715240479 23.1410942077637 23.2854385375977 23.3470401763916 23.4086418151855 23.4702415466309 23.5318431854248 23.5934448242188
18.3751583099365 18.6665649414062 18.9579696655273 19.1723594665527 19.3610782623291 19.5497970581055 19.7385158538818 19.9272346496582 20.1159534454346 20.3046722412109 20.475212097168 20.5912132263184 20.7072143554688 20.8232154846191 20.9392166137695 21.0552196502686 21.1712207794189 21.2872219085693 21.3396549224854 21.3709011077881 21.4021453857422 21.4333896636963 21.4646339416504 21.4958782196045 21.5271244049072 21.5722179412842 21.6588592529297 21.7455005645752 21.8321418762207 21.9187831878662 22.0054244995117 22.0920658111572 22.1787071228027 22.3226566314697 22.485710144043 22.6487617492676 22.8118152618408 22.9748687744141 23.1379203796387 23.3009738922119 23.436222076416 23.48805809021 23.5398921966553 23.5917282104492 23.6435623168945 23.6953983306885
18.093433380127 18.3587741851807 18.6241149902344 18.8352966308594 19.0284233093262 19.221549987793 19.4146766662598 19.6078033447266 19.8009300231934 19.9940567016602 20.1716423034668 20.3026065826416 20.433572769165 20.5645370483398 20.6955013275146 20.8264675140381 20.9574317932129 21.0883960723877 21.16477394104 21.2229537963867 21.281135559082 21.3393154144287 21.3974952697754 21.4556770324707 21.5138568878174 21.5862464904785 21.701265335083 21.8162822723389 21.9312992095947 22.0463161468506 22.1613349914551 22.2763519287109 22.3913688659668 22.5357608795166 22.68994140625 22.844123840332 22.9983062744141 23.1524887084961 23.3066711425781 23.4608516693115 23.5870056152344 23.6290760040283 23.6711444854736 23.7132129669189 23.7552814483643 23.7973499298096
17.8117084503174 18.0509853363037 18.29026222229 18.498233795166 18.6957683563232 18.8933029174805 19.0908374786377 19.2883720397949 19.4859066009521 19.6834411621094 19.8680744171143 20.0140018463135 20.1599311828613 20.3058586120605 20.4517860412598 20.5977153778076 20.7436428070068 20.8895721435547 20.9898910522461 21.075008392334 21.1601238250732 21.2452411651611 21.330358505249 21.4154739379883 21.5005912780762 21.6002769470215 21.7436714172363 21.8870639801025 22.0304565429688 22.1738510131836 22.3172435760498 22.4606380462646 22.6040306091309 22.7488632202148 22.8941745758057 23.0394859313965 23.1847972869873 23.3301086425781 23.4754199981689 23.6207313537598 23.7377910614014 23.7700939178467 23.8023948669434 23.8346977233887 23.867000579834 23.8993034362793
17.5299816131592 17.7431964874268 17.9564094543457 18.161169052124 18.3631114959717 18.565055847168 18.7669982910156 18.9689407348633 19.1708831787109 19.3728256225586 19.5645046234131 19.7253971099854 19.886287689209 20.0471801757812 20.2080726623535 20.3689632415771 20.5298557281494 20.690746307373 20.8150081634521 20.9270610809326 21.0391139984131 21.1511669158936 21.263219833374 21.3752727508545 21.487325668335 21.6143074035645 21.786075592041 21.9578456878662 22.1296157836914 22.301383972168 22.4731540679932 22.6449241638184 22.8166942596436 22.9619655609131 23.0984077453613 23.2348480224609 23.3712882995605 23.5077285766602 23.6441688537598 23.780611038208 23.8885746002197 23.911111831665 23.9336471557617 23.9561824798584 23.9787197113037 24.0012550354004
17.2482566833496 17.4354057312012 17.6225566864014 17.8241062164307 18.0304565429688 18.2368068695068 18.4431591033936 18.6495094299316 18.8558597564697 19.0622100830078 19.2609367370605 19.4367923736572 19.6126461029053 19.788501739502 19.9643573760986 20.1402111053467 20.3160667419434 20.49192237854 20.6401271820068 20.7791156768799 20.9181041717529 21.057092666626 21.196081161499 21.3350696563721 21.4740581512451 21.6283359527588 21.8284816741943 22.0286273956299 22.2287731170654 22.428918838501 22.6290645599365 22.8292102813721 23.0293560028076 23.17506980896 23.3026390075684 23.4302101135254 23.5577793121338 23.6853485107422 23.8129196166992 23.9404888153076 24.0393600463867 24.0521297454834 24.0648994445801 24.0776691436768 24.0904388427734 24.1032085418701
