data/working_set_collections/6091692-Cassins_Sparrow-M2/2015/ts_avg.asc
NCOLS 265 
NROWS 230 
XLLCORNER -115.5625 
YLLCORNER 24.8333333333333 
CELLSIZE 0.0833333333333333 
NODATA_value -9999 
[rows 60 to 79 of 230, columns 92 to 137 of 265]
278.639465332031 278.171844482422 277.704254150391 277.236663818359 276.769073486328 276.123687744141 275.419067382812 274.714447021484 274.009796142578 273.30517578125 272.600555419922 271.895935058594 271.437744140625 271.718902587891 272.000061035156 272.281219482422 272.562377929688 272.843536376953 273.124694824219 273.405853271484 273.950225830078 274.582305908203 275.214385986328 275.846496582031 276.478576660156 277.110656738281 277.742736816406 278.320556640625 278.735565185547 279.150543212891 279.565551757812 279.980560302734 280.395568847656 280.810546875 281.225555419922 281.572143554688 281.895935058594 282.2197265625 282.543518066406 282.867309570312 283.191101074219 283.514892578125 283.798004150391 283.959075927734 284.120147705078 284.28125
278.812835693359 278.3212890625 277.829711914062 277.338165283203 276.846588134766 276.286193847656 275.702880859375 275.119537353516 274.536224365234 273.952880859375 273.369567871094 272.786254882812 272.40234375 272.616729736328 272.831115722656 273.045501708984 273.259857177734 273.474243164062 273.688629150391 273.903015136719 274.406280517578 275.005859375 275.605438232422 276.205017089844 276.804565429688 277.404144287109 278.003723144531 278.560760498047 278.990173339844 279.419616699219 279.849029541016 280.278442382812 280.707885742188 281.137298583984 281.566741943359 281.920196533203 282.248352050781 282.576507568359 282.904663085938 283.232849121094 283.561004638672 283.88916015625 284.172180175781 284.319793701172 284.467407226562 284.615020751953
278.986236572266 278.470703125 277.955169677734 277.439636230469 276.924102783203 276.448699951172 275.986694335938 275.524658203125 275.062622070312 274.600616455078 274.138580322266 273.676574707031 273.366943359375 273.514556884766 273.662139892578 273.809753417969 273.957366943359 274.104949951172 274.252563476562 274.400177001953 274.862365722656 275.429412841797 275.996459960938 276.563537597656 277.130584716797 277.697631835938 278.264709472656 278.800964355469 279.244812011719 279.688659667969 280.132507324219 280.576354980469 281.020202636719 281.464050292969 281.907897949219 282.268249511719 282.600769042969 282.933319091797 283.265838623047 283.598358154297 283.930877685547 284.263397216797 284.546325683594 284.680480957031 284.814636230469 284.948760986328
279.159637451172 278.6201171875 278.080627441406 277.541137695312 277.001647949219 276.611206054688 276.2705078125 275.929779052734 275.589050292969 275.248321533203 274.907592773438 274.56689453125 274.33154296875 274.412384033203 274.493194580078 274.574005126953 274.654846191406 274.735656738281 274.816497802734 274.897308349609 275.318420410156 275.852966308594 276.387512207031 276.922058105469 277.456604003906 277.991149902344 278.525665283203 279.041168212891 279.499420166016 279.957702636719 280.415985107422 280.874237060547 281.33251953125 281.790802001953 282.249084472656 282.616302490234 282.953216552734 283.290100097656 283.626983642578 283.9638671875 284.30078125 284.637664794922 284.920501708984 285.041198730469 285.161865234375 285.282531738281
279.3330078125 278.769561767578 278.206085205078 277.642639160156 277.079162597656 276.773742675781 276.554321289062 276.334899902344 276.115478515625 275.896057128906 275.676635742188 275.457214355469 275.296142578125 275.310211181641 275.324249267578 275.338287353516 275.352325439453 275.366363525391 275.380432128906 275.394470214844 275.774505615234 276.276519775391 276.778533935547 277.280578613281 277.782592773438 278.284637451172 278.786651611328 279.281341552734 279.754058837891 280.226745605469 280.699462890625 281.172149658203 281.644836425781 282.117553710938 282.590240478516 282.96435546875 283.305633544922 283.646881103516 283.988159179688 284.329406738281 284.670654296875 285.011932373047 285.294677734375 285.401885986328 285.509094238281 285.616302490234
279.506408691406 278.918975830078 278.33154296875 277.744110107422 277.156677246094 276.936248779297 276.838104248047 276.739990234375 276.641876220703 276.543762207031 276.445648193359 276.347534179688 276.2607421875 276.2080078125 276.1552734375 276.1025390625 276.0498046875 275.9970703125 275.9443359375 275.8916015625 276.230560302734 276.700073242188 277.169586181641 277.639099121094 278.108612060547 278.578125 279.047637939453 279.521545410156 280.008666992188 280.495788574219 280.98291015625 281.470031738281 281.957183837891 282.444305419922 282.931427001953 283.312408447266 283.658050537109 284.003662109375 284.349304199219 284.694915771484 285.040557861328 285.386169433594 285.668823242188 285.762573242188 285.856323242188 285.950073242188
279.188842773438 278.586547851562 277.984252929688 277.381958007812 276.779663085938 276.620910644531 276.610015869141 276.59912109375 276.588226318359 276.577331542969 276.56640625 276.555511474609 276.5390625 276.505950927734 276.472839355469 276.439727783203 276.406646728516 276.37353515625 276.340423583984 276.307312011719 276.626373291016 277.062805175781 277.499237060547 277.935668945312 278.372131347656 278.808563232422 279.244995117188 279.694732666016 280.184356689453 280.673980712891 281.163604736328 281.653228759766 282.142852783203 282.632476806641 283.122100830078 283.513519287109 283.872161865234 284.230804443359 284.589477539062 284.948120117188 285.306762695312 285.665435791016 285.956420898438 286.044464111328 286.132507324219 286.220520019531
278.380279541016 277.772247314453 277.164215087891 276.55615234375 275.948120117188 275.827789306641 275.870025634766 275.912261962891 275.954467773438 275.996704101562 276.038940429688 276.081176757812 276.131072998047 276.204010009766 276.276947021484 276.349853515625 276.422790527344 276.495697021484 276.568634033203 276.641571044922 276.961883544922 277.364715576172 277.767517089844 278.170318603516 278.573120117188 278.975952148438 279.378753662109 279.800903320312 280.281097412109 280.761322021484 281.241516113281 281.721710205078 282.201904296875 282.68212890625 283.162322998047 283.567626953125 283.947967529297 284.328308105469 284.708648681641 285.088989257812 285.469329833984 285.849670410156 286.157440185547 286.247528076172 286.337585449219 286.427673339844
277.571716308594 276.957946777344 276.344146728516 275.730346679688 275.116577148438 275.034637451172 275.130004882812 275.225372314453 275.320739746094 275.416107177734 275.511474609375 275.606842041016 275.723114013672 275.902069091797 276.081024169922 276.259979248047 276.438934326172 276.617889404297 276.796844482422 276.975799560547 277.297424316406 277.666595458984 278.035797119141 278.404968261719 278.774139404297 279.143310546875 279.512512207031 279.907073974609 280.377868652344 280.8486328125 281.319427490234 281.790191650391 282.260986328125 282.731750488281 283.202545166016 283.621765136719 284.023773193359 284.425811767578 284.827850341797 285.229858398438 285.631896972656 286.033935546875 286.358459472656 286.450592041016 286.542694091797 286.634796142578
276.76318359375 276.143646240234 275.524108886719 274.904571533203 274.285034179688 274.241516113281 274.390014648438 274.538513183594 274.68701171875 274.835510253906 274.984008789062 275.132507324219 275.315124511719 275.600128173828 275.885101318359 276.170104980469 276.455078125 276.740081787109 277.025054931641 277.31005859375 277.632965087891 277.968505859375 278.304046630859 278.639617919922 278.975158691406 279.310699462891 279.646240234375 280.013244628906 280.474609375 280.935974121094 281.397308349609 281.858673095703 282.320037841797 282.781402587891 283.242736816406 283.675872802734 284.099578857422 284.523315429688 284.947021484375 285.370727539062 285.794464111328 286.218170166016 286.559478759766 286.653625488281 286.747772216797 286.841918945312
275.954620361328 275.329345703125 274.704040527344 274.078765869141 273.453460693359 273.448364257812 273.649993896484 273.851623535156 274.053253173828 274.254913330078 274.45654296875 274.658172607422 274.907135009766 275.298156738281 275.689178466797 276.080200195312 276.471252441406 276.862274169922 277.253295898438 277.644317626953 277.968505859375 278.270416259766 278.572326660156 278.874237060547 279.176177978516 279.478088378906 279.779998779297 280.119415283203 280.571350097656 281.023284912109 281.475219726562 281.927154541016 282.379089355469 282.831024169922 283.282958984375 283.72998046875 284.175384521484 284.620788574219 285.066192626953 285.511596679688 285.957000732422 286.402404785156 286.760498046875 286.856689453125 286.952880859375 287.049072265625
275.146087646484 274.515045166016 273.884002685547 273.252960205078 272.621917724609 272.655242919922 272.910003662109 273.164764404297 273.419525146484 273.674285888672 273.929046630859 274.183837890625 274.499176025391 274.996215820312 275.493286132812 275.990325927734 276.487396240234 276.984436035156 277.481506347656 277.978546142578 278.304046630859 278.572326660156 278.840606689453 279.10888671875 279.377166748047 279.645446777344 279.913757324219 280.2255859375 280.668090820312 281.110595703125 281.553131103516 281.995635986328 282.438140869141 282.880645751953 283.323181152344 283.784118652344 284.251220703125 284.718292236328 285.185394287109 285.652465820312 286.119567871094 286.586669921875 286.961517333984 287.059753417969 287.157958984375 287.256195068359
274.861785888672 274.249725341797 273.6376953125 273.025665283203 272.413604736328 272.462799072266 272.732421875 273.002014160156 273.271636962891 273.541229248047 273.810821533203 274.080444335938 274.416656494141 274.952697753906 275.488739013672 276.024780273438 276.560852050781 277.096893310547 277.632934570312 278.168975830078 278.492431640625 278.744995117188 278.99755859375 279.250152587891 279.502716064453 279.755310058594 280.007873535156 280.300659179688 280.713989257812 281.127349853516 281.540679931641 281.954040527344 282.367370605469 282.780731201172 283.194061279297 283.665283203125 284.155792236328 284.646301269531 285.136810302734 285.627319335938 286.117828369141 286.608337402344 287.002014160156 287.105316162109 287.208618164062 287.311920166016
275.101684570312 274.533416748047 273.965118408203 273.396820068359 272.828521728516 272.87109375 273.117248535156 273.363403320312 273.609558105469 273.855712890625 274.101867675781 274.348022460938 274.659637451172 275.167633056641 275.675598144531 276.18359375 276.691589355469 277.199584960938 277.707580566406 278.215576171875 278.533660888672 278.788452148438 279.043243408203 279.298034667969 279.552825927734 279.8076171875 280.062408447266 280.344604492188 280.709045410156 281.073455810547 281.437896728516 281.802337646484 282.166778564453 282.531219482422 282.895660400391 283.373504638672 283.88916015625 284.404815673828 284.920440673828 285.436096191406 285.951751708984 286.467407226562 286.881988525391 286.993408203125 287.104827880859 287.216217041016
275.341613769531 274.817077636719 274.292541503906 273.768005371094 273.243469238281 273.279357910156 273.502044677734 273.724761962891 273.947479248047 274.170166015625 274.392883300781 274.615600585938 274.902587890625 275.382537841797 275.862457275391 276.342407226562 276.822326660156 277.302276611328 277.7822265625 278.262145996094 278.574890136719 278.831878662109 279.088897705078 279.345886230469 279.602905273438 279.859893798828 280.116912841797 280.388549804688 280.704071044922 281.019592285156 281.335113525391 281.650665283203 281.966186523438 282.281707763672 282.597229003906 283.081726074219 283.622528076172 284.163299560547 284.7041015625 285.244903564453 285.785705566406 286.326507568359 286.761962890625 286.881500244141 287.001007080078 287.120544433594
275.58154296875 275.100769042969 274.619964599609 274.139190673828 273.658386230469 273.687622070312 273.886871337891 274.086151123047 274.285400390625 274.484649658203 274.683898925781 274.883148193359 275.145568847656 275.597442626953 276.04931640625 276.501220703125 276.953094482422 277.404968261719 277.856842041016 278.308746337891 278.616119384766 278.875335693359 279.134552001953 279.393768310547 279.652984619141 279.912200927734 280.171417236328 280.432495117188 280.699127197266 280.965728759766 281.232360839844 281.498962402344 281.765594482422 282.032196044922 282.298828125 282.789916992188 283.355865478516 283.921813964844 284.487762451172 285.0537109375 285.61962890625 286.185577392578 286.641937255859 286.769592285156 286.897216796875 287.024841308594
275.821472167969 275.384429931641 274.947387695312 274.510345458984 274.073303222656 274.095916748047 274.271697998047 274.447509765625 274.623321533203 274.799133300781 274.974914550781 275.150726318359 275.388549804688 275.812377929688 276.236206054688 276.660003662109 277.083831787109 277.507659912109 277.931488037109 278.355316162109 278.657348632812 278.918792724609 279.180206298828 279.441650390625 279.703094482422 279.964508056641 280.225952148438 280.476440429688 280.694152832031 280.911865234375 281.129577636719 281.347290039062 281.565002441406 281.782684326172 282.000396728516 282.498138427734 283.089233398438 283.680328369141 284.271392822266 284.862487792969 285.453582763672 286.044677734375 286.521911621094 286.657653808594 286.793395996094 286.929138183594
276.061401367188 275.668121337891 275.274810791016 274.881530761719 274.488250732422 274.504180908203 274.656524658203 274.808898925781 274.961242675781 275.113586425781 275.265960693359 275.418304443359 275.631500244141 276.027282714844 276.423065185547 276.818817138672 277.214599609375 277.6103515625 278.006134033203 278.401916503906 278.698577880859 278.962219238281 279.225860595703 279.489532470703 279.753173828125 280.016815185547 280.280456542969 280.520385742188 280.689208984375 280.858001708984 281.026794433594 281.195587158203 281.364379882812 281.533203125 281.701995849609 282.206359863281 282.822601318359 283.438812255859 284.055053710938 284.671295166016 285.287536621094 285.903747558594 286.401885986328 286.545745849609 286.689605712891 286.833465576172
276.75146484375 276.391326904297 276.031219482422 275.671081542969 275.310974121094 275.299163818359 275.403442382812 275.507720947266 275.612030029297 275.71630859375 275.820587158203 275.924896240234 276.084350585938 276.409362792969 276.734405517578 277.059417724609 277.384429931641 277.709442138672 278.034484863281 278.359497070312 278.644744873047 278.916748046875 279.188751220703 279.460754394531 279.732757568359 280.004760742188 280.276763916016 280.515686035156 280.6552734375 280.794830322266 280.934417724609 281.074005126953 281.213592529297 281.353179931641 281.492767333984 281.989868164062 282.606140136719 283.222412109375 283.838684082031 284.454956054688 285.071228027344 285.6875 286.187805175781 286.340240478516 286.492645263672 286.645080566406
277.891632080078 277.554107666016 277.216583251953 276.879028320312 276.54150390625 276.480834960938 276.512420654297 276.544036865234 276.575653076172 276.607238769531 276.638854980469 276.670471191406 276.7470703125 276.958648681641 277.170196533203 277.381774902344 277.593353271484 277.804931640625 278.016510009766 278.228088378906 278.495849609375 278.782348632812 279.068878173828 279.355377197266 279.641876220703 279.928375244141 280.214874267578 280.462280273438 280.592346191406 280.722412109375 280.852478027344 280.982543945312 281.112609863281 281.24267578125 281.372741699219 281.848663330078 282.439849853516 283.031066894531 283.622283935547 284.213500976562 284.8046875 285.395904541016 285.879669189453 286.041107177734 286.202545166016 286.363983154297
