data/working_set_collections/6091692-Cassins_Sparrow-M2/2015/ts_avg.asc
NCOLS 265 
NROWS 230 
XLLCORNER -115.5625 
YLLCORNER 24.8333333333333 
CELLSIZE 0.0833333333333333 
NODATA_value -9999 
[rows 100 to 119 of 230, columns 92 to 137 of 265]
284.418579101562 284.372650146484 284.326721191406 284.280792236328 284.23486328125 284.309875488281 284.425231933594 284.540588378906 284.655914306641 284.771270751953 284.886596679688 285.001953125 285.066802978516 284.980133056641 284.893493652344 284.806823730469 284.720184326172 284.633514404297 284.546875 284.460235595703 284.353881835938 284.240997314453 284.128112792969 284.015228271484 283.90234375 283.789459228516 283.676574707031 283.659820556641 283.931427001953 284.203033447266 284.474609375 284.746215820312 285.017822265625 285.289428710938 285.56103515625 285.874603271484 286.202178955078 286.529754638672 286.857330322266 287.184906005859 287.512481689453 287.840057373047 288.112457275391 288.219390869141 288.326324462891 288.433227539062
284.372253417969 284.336608886719 284.300964355469 284.265319824219 284.229675292969 284.362030029297 284.550384521484 284.738739013672 284.927062988281 285.115417480469 285.303771972656 285.492126464844 285.614074707031 285.536773681641 285.459503173828 285.382232666016 285.304931640625 285.227661132812 285.150390625 285.073089599609 284.9609375 284.837127685547 284.713348388672 284.589538574219 284.465759277344 284.341949462891 284.218139648438 284.19140625 284.455780029297 284.720184326172 284.984558105469 285.248931884766 285.513336181641 285.777709960938 286.042114257812 286.346527099609 286.664306640625 286.982116699219 287.299896240234 287.61767578125 287.935455322266 288.253234863281 288.515441894531 288.610900878906 288.706390380859 288.801849365234
284.442840576172 284.432342529297 284.421875 284.411376953125 284.40087890625 284.565368652344 284.788208007812 285.011016845703 285.233856201172 285.456665039062 285.679504394531 285.902313232422 286.047515869141 285.959869384766 285.872192382812 285.784545898438 285.696899414062 285.609222412109 285.521575927734 285.433929443359 285.323791503906 285.206146240234 285.088531494141 284.970916748047 284.853302001953 284.735656738281 284.618041992188 284.595062255859 284.856018066406 285.116973876953 285.3779296875 285.638885498047 285.899841308594 286.160797119141 286.421752929688 286.710296630859 287.008087158203 287.305847167969 287.603607177734 287.901397705078 288.199157714844 288.496948242188 288.741729736328 288.827545166016 288.913360595703 288.999176025391
284.630340576172 284.659881591797 284.689392089844 284.718933105469 284.748474121094 284.919921875 285.138702392578 285.357452392578 285.576232910156 285.794982910156 286.013763427734 286.232543945312 286.367156982422 286.249389648438 286.131591796875 286.013824462891 285.896026611328 285.778228759766 285.660461425781 285.542663574219 285.442443847656 285.348083496094 285.253723144531 285.159362792969 285.065002441406 284.970611572266 284.876251220703 284.870819091797 285.132110595703 285.393402099609 285.654724121094 285.916015625 286.177337646484 286.438629150391 286.699920654297 286.965911865234 287.233459472656 287.501007080078 287.768524169922 288.036071777344 288.303619384766 288.571166992188 288.791290283203 288.869262695312 288.947235107422 289.025207519531
284.817840576172 284.887390136719 284.956939697266 285.026489257812 285.096038818359 285.274475097656 285.489196777344 285.703887939453 285.918609619141 286.133331298828 286.348022460938 286.562744140625 286.686798095703 286.538879394531 286.390991210938 286.243072509766 286.095153808594 285.947265625 285.799346923828 285.651428222656 285.561126708984 285.490020751953 285.418914794922 285.347808837891 285.276672363281 285.20556640625 285.134460449219 285.146545410156 285.408203125 285.669860839844 285.931518554688 286.193176269531 286.454803466797 286.716461181641 286.978118896484 287.221527099609 287.458831787109 287.696136474609 287.933441162109 288.170745849609 288.408081054688 288.645385742188 288.840881347656 288.911010742188 288.981140136719 289.05126953125
285.005340576172 285.114929199219 285.224487304688 285.334075927734 285.443634033203 285.629028320312 285.839691162109 286.050323486328 286.260986328125 286.471649169922 286.682312011719 286.892944335938 287.006439208984 286.828399658203 286.650360107422 286.472320556641 286.294281005859 286.116271972656 285.938232421875 285.760192871094 285.679779052734 285.631927490234 285.584075927734 285.536224365234 285.488372802734 285.440521240234 285.392669677734 285.422302246094 285.684295654297 285.9462890625 286.208312988281 286.470306396484 286.732299804688 286.994323730469 287.256317138672 287.477142333984 287.684204101562 287.891296386719 288.098358154297 288.305450439453 288.512512207031 288.719604492188 288.890472412109 288.952758789062 289.015045166016 289.077301025391
285.192840576172 285.342437744141 285.492034912109 285.641632080078 285.791229248047 285.983581542969 286.190185546875 286.396759033203 286.603363037109 286.809967041016 287.016571044922 287.223175048828 287.326080322266 287.117919921875 286.909759521484 286.701599121094 286.493438720703 286.285278320312 286.077117919922 285.868957519531 285.798461914062 285.773864746094 285.749267578125 285.724670410156 285.700073242188 285.675476074219 285.65087890625 285.698028564453 285.960388183594 286.222747802734 286.485107421875 286.747436523438 287.009796142578 287.272155761719 287.534515380859 287.732727050781 287.909576416016 288.08642578125 288.263275146484 288.440124511719 288.616973876953 288.793823242188 288.940063476562 288.994506835938 289.048919677734 289.103363037109
285.380340576172 285.569946289062 285.759582519531 285.949188232422 286.138824462891 286.338134765625 286.540679931641 286.743225097656 286.945739746094 287.148284912109 287.350830078125 287.553375244141 287.645721435547 287.407409667969 287.169128417969 286.930847167969 286.692565917969 286.454284667969 286.216003417969 285.977722167969 285.917144775391 285.915802001953 285.914459228516 285.913116455078 285.911773681641 285.910430908203 285.909118652344 285.973785400391 286.236480712891 286.499176025391 286.761901855469 287.024597167969 287.287292480469 287.549987792969 287.812713623047 287.988342285156 288.134948730469 288.281585693359 288.428192138672 288.574798583984 288.721435546875 288.868041992188 288.989654541016 289.036224365234 289.082824707031 289.12939453125
285.492095947266 285.705413818359 285.918701171875 286.131988525391 286.345275878906 286.553131103516 286.759155273438 286.965179443359 287.171234130859 287.377258300781 287.583282470703 287.789306640625 287.879455566406 287.621856689453 287.364288330078 287.106689453125 286.84912109375 286.591522216797 286.333953857422 286.076354980469 286.021667480469 286.034576416016 286.047515869141 286.060424804688 286.073364257812 286.086303710938 286.099212646484 286.173614501953 286.432434082031 286.691253662109 286.950073242188 287.208862304688 287.467681884766 287.726501464844 287.985321044922 288.150024414062 288.283386230469 288.416717529297 288.550079345703 288.683410644531 288.816772460938 288.950103759766 289.058715820312 289.093109130859 289.127502441406 289.161895751953
285.528137207031 285.748779296875 285.969390869141 286.190002441406 286.410614013672 286.628570556641 286.845642089844 287.062713623047 287.27978515625 287.496856689453 287.713928222656 287.930999755859 288.027282714844 287.76123046875 287.495178222656 287.229125976562 286.963073730469 286.696990966797 286.430938720703 286.164886474609 286.112030029297 286.130218505859 286.1484375 286.166625976562 286.184844970703 286.203033447266 286.221221923828 286.297546386719 286.548248291016 286.798919677734 287.049621582031 287.30029296875 287.550994873047 287.801666259766 288.052368164062 288.217803955078 288.354827880859 288.491882324219 288.62890625 288.765960693359 288.902984619141 289.040008544922 289.147247314453 289.165100097656 289.182952880859 289.200805664062
285.564178466797 285.792144775391 286.020080566406 286.248016357422 286.475952148438 286.704010009766 286.93212890625 287.160217285156 287.388336181641 287.616455078125 287.844543457031 288.072662353516 288.175109863281 287.900604248047 287.626068115234 287.351531982422 287.077026367188 286.802490234375 286.527954101562 286.253448486328 286.202392578125 286.225891113281 286.249359130859 286.272827148438 286.296295166016 286.319763183594 286.34326171875 286.421508789062 286.6640625 286.906616210938 287.149169921875 287.391723632812 287.63427734375 287.876831054688 288.119384765625 288.285583496094 288.426300048828 288.567016601562 288.707763671875 288.848480224609 288.989196777344 289.129943847656 289.235809326172 289.237121582031 289.238433837891 289.23974609375
285.600219726562 285.835510253906 286.070770263672 286.306030273438 286.541290283203 286.779449462891 287.018615722656 287.257751464844 287.496887207031 287.736053466797 287.975189208984 288.21435546875 288.322967529297 288.039947509766 287.756958007812 287.473968505859 287.190948486328 286.907958984375 286.624969482422 286.341979980469 286.292785644531 286.321533203125 286.350280761719 286.379028320312 286.407775878906 286.4365234375 286.465270996094 286.545440673828 286.779876708984 287.014282226562 287.248718261719 287.483154296875 287.717590332031 287.951995849609 288.186431884766 288.353363037109 288.497772216797 288.642181396484 288.786590576172 288.930999755859 289.075439453125 289.219848632812 289.324340820312 289.309112548828 289.293884277344 289.278656005859
285.636260986328 285.878845214844 286.121429443359 286.364013671875 286.606597900391 286.854888916016 287.105072021484 287.355285644531 287.60546875 287.855651855469 288.105834960938 288.356018066406 288.470794677734 288.179321289062 287.887847900391 287.596374511719 287.304901123047 287.013458251953 286.721984863281 286.430511474609 286.383148193359 286.417175292969 286.451202392578 286.485229492188 286.519256591797 286.553253173828 286.587280273438 286.669372558594 286.895660400391 287.121978759766 287.348266601562 287.574584960938 287.800872802734 288.027160644531 288.253479003906 288.421142578125 288.569244384766 288.717346191406 288.865447998047 289.013549804688 289.161651611328 289.309753417969 289.412902832031 289.381134033203 289.349365234375 289.317596435547
285.672332763672 285.922210693359 286.172119140625 286.422027587891 286.671936035156 286.930328369141 287.191558837891 287.452789306641 287.714019775391 287.975250244141 288.236450195312 288.497680664062 288.618621826172 288.318695068359 288.018737792969 287.718811035156 287.418853759766 287.118927001953 286.819000244141 286.51904296875 286.473541259766 286.512817382812 286.552124023438 286.591430664062 286.630706787109 286.670013427734 286.709289550781 286.793304443359 287.011474609375 287.229644775391 287.447814941406 287.666015625 287.884185791016 288.102355957031 288.320526123047 288.488891601562 288.640686035156 288.79248046875 288.944274902344 289.096069335938 289.247863769531 289.399658203125 289.501434326172 289.453125 289.404815673828 289.356506347656
285.654174804688 285.898590087891 286.143005371094 286.387420654297 286.6318359375 286.902160644531 287.181091308594 287.460052490234 287.739013671875 288.017944335938 288.296905517578 288.575866699219 288.71142578125 288.416839599609 288.122253417969 287.827667236328 287.533081054688 287.238494873047 286.943939208984 286.649353027344 286.600128173828 286.632690429688 286.665283203125 286.697875976562 286.730438232422 286.763031005859 286.795593261719 286.875183105469 287.095733642578 287.316314697266 287.536895751953 287.757446289062 287.97802734375 288.198608398438 288.419158935547 288.591400146484 288.747528076172 288.903656005859 289.059783935547 289.215911865234 289.372039794922 289.528198242188 289.630493164062 289.571319580078 289.512145996094 289.452941894531
285.581817626953 285.807922363281 286.034027099609 286.260131835938 286.486267089844 286.770324707031 287.073669433594 287.377044677734 287.680419921875 287.983795166016 288.287170410156 288.590515136719 288.749206542969 288.473815917969 288.198394775391 287.923004150391 287.647583007812 287.372192382812 287.096801757812 286.821380615234 286.762939453125 286.776794433594 286.790679931641 286.804565429688 286.818420410156 286.832305908203 286.846160888672 286.914947509766 287.1484375 287.381958007812 287.615447998047 287.848937988281 288.082427978516 288.31591796875 288.549438476562 288.728637695312 288.889739990234 289.050872802734 289.211975097656 289.373077392578 289.534210205078 289.6953125 289.800048828125 289.735687255859 289.671295166016 289.606903076172
285.509460449219 285.717254638672 285.925079345703 286.132873535156 286.340698242188 286.638488769531 286.966278076172 287.294036865234 287.621826171875 287.949615478516 288.277404785156 288.605194091797 288.786987304688 288.53076171875 288.274536132812 288.018310546875 287.762084960938 287.505859375 287.249664306641 286.993438720703 286.925750732422 286.9208984375 286.916076660156 286.911254882812 286.906402587891 286.901580810547 286.896759033203 286.954711914062 287.201141357422 287.447570800781 287.694000244141 287.9404296875 288.186859130859 288.433258056641 288.6796875 288.865875244141 289.031982421875 289.198059082031 289.364166259766 289.5302734375 289.696350097656 289.862457275391 289.969635009766 289.900054931641 289.830444335938 289.760864257812
285.437103271484 285.626586914062 285.816101074219 286.005615234375 286.195129394531 286.506652832031 286.858856201172 287.211059570312 287.563262939453 287.915466308594 288.267669677734 288.619873046875 288.824768066406 288.587707519531 288.350677490234 288.113647460938 287.876586914062 287.639556884766 287.402526855469 287.165466308594 287.088562011719 287.065002441406 287.041473388672 287.017944335938 286.994384765625 286.970855712891 286.947326660156 286.994506835938 287.253845214844 287.513214111328 287.772552490234 288.031890869141 288.291259765625 288.550598144531 288.809967041016 289.003112792969 289.174194335938 289.345275878906 289.516357421875 289.687438964844 289.858520507812 290.029602050781 290.139190673828 290.064422607422 289.989624023438 289.914825439453
285.36474609375 285.535949707031 285.707153320312 285.878356933594 286.049560546875 286.374816894531 286.751434326172 287.128051757812 287.504669189453 287.881286621094 288.257904052734 288.634521484375 288.862518310547 288.644683837891 288.426818847656 288.208953857422 287.991088867188 287.773223876953 287.555389404297 287.337524414062 287.251373291016 287.209106445312 287.166870117188 287.124633789062 287.082397460938 287.040130615234 286.997894287109 287.034271240234 287.306549072266 287.578826904297 287.851104736328 288.123382568359 288.395660400391 288.667938232422 288.940216064453 289.140319824219 289.31640625 289.492462158203 289.668518066406 289.844604492188 290.020660400391 290.196716308594 290.308776855469 290.228790283203 290.148773193359 290.068786621094
285.292388916016 285.445281982422 285.598175048828 285.751068115234 285.903961181641 286.242980957031 286.644012451172 287.045043945312 287.446075439453 287.847106933594 288.248168945312 288.649200439453 288.900299072266 288.701629638672 288.502960205078 288.304260253906 288.105590820312 287.906921386719 287.708251953125 287.509552001953 287.414184570312 287.353210449219 287.292266845703 287.231323242188 287.170379638672 287.109405517578 287.048461914062 287.074066162109 287.359252929688 287.644470214844 287.929656982422 288.214874267578 288.500061035156 288.785278320312 289.070465087891 289.277557373047 289.458618164062 289.639678955078 289.820709228516 290.001770019531 290.182800292969 290.363861083984 290.478332519531 290.393157958984 290.307952880859 290.222747802734
