data/working_set_collections/6091692-Cassins_Sparrow-M2/2015/ts_avg.asc
NCOLS 265 
NROWS 230 
XLLCORNER -115.5625 
YLLCORNER 24.8333333333333 
CELLSIZE 0.0833333333333333 
NODATA_value -9999 
[rows 40 to 59 of 230, columns 0 to 45 of 265]
280.751861572266 280.722290039062 280.692718505859 280.663146972656 280.633575439453 280.60400390625 280.574432373047 280.762634277344 281.0234375 281.284240722656 281.545043945312 281.805816650391 282.066619873047 282.327392578125 282.598327636719 282.899597167969 283.200866699219 283.502136230469 283.803405761719 284.104675292969 284.405944824219 284.707214355469 284.784301757812 284.78662109375 284.788970947266 284.791290283203 284.793640136719 284.795989990234 284.798309326172 284.777496337891 284.687164306641 284.596832275391 284.506530761719 284.416198730469 284.325866699219 284.235565185547 284.145233154297 283.900787353516 283.604949951172 283.309112548828 283.013305664062 282.717468261719 282.421630859375 282.125823974609 281.728088378906 281.024688720703
280.793731689453 280.769653320312 280.74560546875 280.721527099609 280.697479248047 280.673400878906 280.649353027344 280.843627929688 281.110687255859 281.377746582031 281.644805908203 281.911865234375 282.178924560547 282.445983886719 282.724060058594 283.035247802734 283.346435546875 283.657623291016 283.968780517578 284.279968261719 284.591156005859 284.90234375 284.968475341797 284.952941894531 284.937408447266 284.921844482422 284.906311035156 284.890777587891 284.875244140625 284.828063964844 284.685974121094 284.543884277344 284.401763916016 284.259674072266 284.117584228516 283.975494384766 283.833374023438 283.626983642578 283.399139404297 283.171295166016 282.943450927734 282.715606689453 282.487762451172 282.259918212891 281.901336669922 281.150512695312
280.859008789062 280.837280273438 280.815551757812 280.793792724609 280.772064208984 280.750335693359 280.728576660156 280.922424316406 281.188140869141 281.453826904297 281.719543457031 281.985260009766 282.250946044922 282.516662597656 282.793426513672 283.103393554688 283.413330078125 283.723297119141 284.033233642578 284.343200683594 284.653167724609 284.963104248047 285.027099609375 285.009063720703 284.991058349609 284.973052978516 284.955017089844 284.93701171875 284.919006347656 284.861297607422 284.684478759766 284.507690429688 284.330902099609 284.154083251953 283.977294921875 283.800506591797 283.623687744141 283.442962646484 283.260894775391 283.078857421875 282.896789550781 282.714721679688 282.532684326172 282.350616455078 282.023529052734 281.261383056641
280.947723388672 280.925140380859 280.902557373047 280.879943847656 280.857360839844 280.834777832031 280.812194824219 280.999084472656 281.255828857422 281.512542724609 281.769256591797 282.026000976562 282.28271484375 282.539428710938 282.806365966797 283.103973388672 283.401580810547 283.699188232422 283.996765136719 284.294372558594 284.591979980469 284.889556884766 284.960144042969 284.955047607422 284.949951171875 284.944854736328 284.939758300781 284.934661865234 284.929565429688 284.877136230469 284.682708740234 284.48828125 284.293853759766 284.099426269531 283.904998779297 283.710571289062 283.516143798828 283.348693847656 283.190246582031 283.031768798828 282.873321533203 282.71484375 282.556396484375 282.397918701172 282.0947265625 281.357299804688
281.036407470703 281.012969970703 280.989532470703 280.966125488281 280.942687988281 280.919250488281 280.895812988281 281.075744628906 281.323486328125 281.571228027344 281.818969726562 282.066711425781 282.314483642578 282.562225341797 282.8193359375 283.104583740234 283.389801025391 283.675048828125 283.960296630859 284.245544433594 284.530792236328 284.816009521484 284.893188476562 284.901031494141 284.908843994141 284.916687011719 284.924499511719 284.932312011719 284.940155029297 284.893005371094 284.680938720703 284.468902587891 284.2568359375 284.044769287109 283.832733154297 283.620666503906 283.408630371094 283.254455566406 283.119598388672 282.984710693359 282.849853515625 282.714965820312 282.580108642578 282.445220947266 282.165893554688 281.453216552734
281.125122070312 281.100830078125 281.076538085938 281.052276611328 281.027984619141 281.003692626953 280.979400634766 281.152404785156 281.391174316406 281.629943847656 281.868713378906 282.107452392578 282.346221923828 282.584991455078 282.832275390625 283.105163574219 283.378051757812 283.650939941406 283.923828125 284.196716308594 284.469604492188 284.742462158203 284.826263427734 284.846984863281 284.867736816406 284.888488769531 284.909240722656 284.929962158203 284.950714111328 284.908843994141 284.679168701172 284.449493408203 284.219818115234 283.990142822266 283.760437011719 283.53076171875 283.301086425781 283.160217285156 283.048919677734 282.937652587891 282.826354980469 282.715087890625 282.603820800781 282.492523193359 282.237091064453 281.549133300781
281.213806152344 281.188690185547 281.163543701172 281.138427734375 281.11328125 281.088134765625 281.063018798828 281.229064941406 281.458862304688 281.688629150391 281.918426513672 282.148193359375 282.377990722656 282.607757568359 282.845245361328 283.105773925781 283.366302490234 283.626831054688 283.887359619141 284.147888183594 284.408416748047 284.6689453125 284.759307861328 284.79296875 284.826629638672 284.860290527344 284.893951416016 284.927642822266 284.961303710938 284.924713134766 284.677398681641 284.430084228516 284.182800292969 283.935485839844 283.688171386719 283.440856933594 283.193542480469 283.065948486328 282.978271484375 282.890594482422 282.802886962891 282.715209960938 282.627532958984 282.539825439453 282.308258056641 281.645050048828
281.302520751953 281.276550292969 281.250549316406 281.224578857422 281.198577880859 281.172607421875 281.146636962891 281.305725097656 281.526519775391 281.747344970703 281.968139648438 282.188934326172 282.409729003906 282.630554199219 282.858184814453 283.106353759766 283.354522705078 283.602691650391 283.850860595703 284.099029541016 284.347229003906 284.595397949219 284.692352294922 284.738952636719 284.785522460938 284.832122802734 284.878692626953 284.92529296875 284.971862792969 284.940582275391 284.675628662109 284.410705566406 284.145751953125 283.880828857422 283.615875244141 283.350952148438 283.085998535156 282.971710205078 282.907623291016 282.843505859375 282.779418945312 282.71533203125 282.651245117188 282.587127685547 282.379455566406 281.740966796875
281.402435302734 281.373291015625 281.344146728516 281.315002441406 281.285858154297 281.256683349609 281.2275390625 281.371185302734 281.572387695312 281.773620605469 281.974853515625 282.176086425781 282.377288818359 282.578521728516 282.790435791016 283.034393310547 283.278381347656 283.522338867188 283.766326904297 284.010284423828 284.254241943359 284.498229980469 284.603942871094 284.663604736328 284.723236083984 284.782897949219 284.842529296875 284.902160644531 284.961822509766 284.942749023438 284.687591552734 284.432464599609 284.177307128906 283.922149658203 283.6669921875 283.411834716797 283.156677246094 283.045928955078 282.983367919922 282.920776367188 282.858184814453 282.795593261719 282.733032226562 282.670440673828 282.465393066406 281.832946777344
281.513610839844 281.478973388672 281.4443359375 281.409698486328 281.375061035156 281.340423583984 281.305786132812 281.425384521484 281.596435546875 281.767486572266 281.938537597656 282.109588623047 282.280639648438 282.451690673828 282.641967773438 282.889892578125 283.137817382812 283.3857421875 283.633666992188 283.881591796875 284.129516601562 284.37744140625 284.494079589844 284.566925048828 284.639770507812 284.712615966797 284.785461425781 284.858306884766 284.93115234375 284.931274414062 284.713317871094 284.495361328125 284.277374267578 284.059417724609 283.841461181641 283.623474121094 283.405517578125 283.288665771484 283.205505371094 283.122344970703 283.039215087891 282.9560546875 282.872894287109 282.789733886719 282.566101074219 281.921020507812
281.624755859375 281.584625244141 281.544494628906 281.504364013672 281.464263916016 281.424133300781 281.384002685547 281.479614257812 281.620513916016 281.761383056641 281.902252197266 282.043121337891 282.183990478516 282.324890136719 282.493499755859 282.745391845703 282.997283935547 283.249145507812 283.501037597656 283.7529296875 284.004791259766 284.256683349609 284.384185791016 284.470245361328 284.556274414062 284.642333984375 284.728363037109 284.814422607422 284.900482177734 284.919799804688 284.739044189453 284.558258056641 284.377471923828 284.196716308594 284.015930175781 283.835144042969 283.654357910156 283.531372070312 283.427673339844 283.323944091797 283.22021484375 283.116485595703 283.012756347656 282.909027099609 282.666809082031 282.009063720703
281.735900878906 281.690307617188 281.644683837891 281.599060058594 281.553466796875 281.507843017578 281.462219238281 281.533843994141 281.644561767578 281.755249023438 281.865966796875 281.976654052734 282.087341308594 282.198059082031 282.345031738281 282.600891113281 282.856719970703 283.112548828125 283.368408203125 283.624237060547 283.880065917969 284.135925292969 284.274322509766 284.373565673828 284.472808837891 284.572052001953 284.671295166016 284.770538330078 284.869812011719 284.908325195312 284.764739990234 284.621154785156 284.477569580078 284.333984375 284.190399169922 284.046813964844 283.903228759766 283.774108886719 283.649810791016 283.525512695312 283.401214599609 283.276916503906 283.152618408203 283.028350830078 282.767517089844 282.097106933594
281.847045898438 281.795959472656 281.744873046875 281.693756103516 281.642669677734 281.591552734375 281.540466308594 281.588073730469 281.668609619141 281.749114990234 281.829650878906 281.910186767578 281.990692138672 282.071228027344 282.196563720703 282.456359863281 282.716156005859 282.975952148438 283.235748291016 283.495544433594 283.755340576172 284.01513671875 284.164428710938 284.276885986328 284.389343261719 284.501770019531 284.614227294922 284.726684570312 284.839111328125 284.896850585938 284.790466308594 284.684051513672 284.577667236328 284.471282958984 284.364868164062 284.258483886719 284.152069091797 284.016815185547 283.871948242188 283.727081298828 283.582214355469 283.437377929688 283.292510986328 283.147644042969 282.868225097656 282.185180664062
281.958221435547 281.901611328125 281.845031738281 281.788452148438 281.731872558594 281.67529296875 281.618682861328 281.642303466797 281.692657470703 281.743011474609 281.793365478516 281.843719482422 281.89404296875 281.944396972656 282.048095703125 282.311859130859 282.575622558594 282.83935546875 283.103118896484 283.366882324219 283.630615234375 283.894378662109 284.054534912109 284.180206298828 284.305847167969 284.431488037109 284.557159423828 284.682800292969 284.808441162109 284.885375976562 284.816192626953 284.746978759766 284.677764892578 284.608551025391 284.539337158203 284.470123291016 284.400909423828 284.259552001953 284.094116210938 283.928680419922 283.763244628906 283.597808837891 283.432373046875 283.266937255859 282.968933105469 282.273223876953
282.062774658203 282.006744384766 281.95068359375 281.894653320312 281.838623046875 281.782562255859 281.726531982422 281.733489990234 281.761444091797 281.789398193359 281.817352294922 281.845306396484 281.873260498047 281.901214599609 281.988220214844 282.252349853516 282.516448974609 282.780578613281 283.044708251953 283.308837890625 283.572967529297 283.837066650391 284.004547119141 284.139801025391 284.275085449219 284.410339355469 284.545593261719 284.680847167969 284.816131591797 284.904235839844 284.850921630859 284.797607421875 284.744323730469 284.691009521484 284.6376953125 284.584381103516 284.531066894531 284.380157470703 284.196685791016 284.013244628906 283.829772949219 283.646331787109 283.462860107422 283.279418945312 282.974975585938 282.307556152344
282.160736083984 282.111297607422 282.061828613281 282.012359619141 281.962921142578 281.913452148438 281.863983154297 281.861633300781 281.874969482422 281.888305664062 281.901641845703 281.914978027344 281.928344726562 281.941680908203 282.016906738281 282.277801513672 282.538726806641 282.799621582031 283.060546875 283.321441650391 283.582336425781 283.84326171875 284.014434814453 284.155731201172 284.296997070312 284.438293457031 284.579559326172 284.720855712891 284.862121582031 284.953430175781 284.894714355469 284.836029052734 284.777313232422 284.718627929688 284.659912109375 284.601226806641 284.542510986328 284.378631591797 284.179718017578 283.980773925781 283.781860351562 283.582916259766 283.384002685547 283.18505859375 282.886322021484 282.288116455078
282.258728027344 282.215850830078 282.172973632812 282.130096435547 282.087219238281 282.044342041016 282.00146484375 281.989776611328 281.988494873047 281.987213134766 281.985961914062 281.984680175781 281.9833984375 281.982116699219 282.045593261719 282.303283691406 282.560974121094 282.818664550781 283.076354980469 283.334045410156 283.591735839844 283.849426269531 284.024322509766 284.171630859375 284.318939208984 284.466247558594 284.613555908203 284.760833740234 284.908142089844 285.002593994141 284.938507080078 284.874420166016 284.810333251953 284.746246337891 284.68212890625 284.618041992188 284.553955078125 284.377136230469 284.162719726562 283.948333740234 283.733917236328 283.51953125 283.305114746094 283.090728759766 282.797668457031 282.268676757812
282.356689453125 282.320404052734 282.284088134766 282.247802734375 282.211517333984 282.175201416016 282.138916015625 282.117919921875 282.102020263672 282.086151123047 282.070251464844 282.054351806641 282.038452148438 282.022583007812 282.074279785156 282.328765869141 282.583221435547 282.837707519531 283.092193603516 283.346649169922 283.601135253906 283.855621337891 284.034240722656 284.187561035156 284.340881347656 284.494201660156 284.647521972656 284.800842285156 284.954162597656 285.051788330078 284.982299804688 284.912811279297 284.843322753906 284.773834228516 284.704376220703 284.634887695312 284.565399169922 284.375640869141 284.145751953125 283.915893554688 283.686004638672 283.456146240234 283.226257324219 282.996398925781 282.709045410156 282.249267578125
282.454681396484 282.424957275391 282.395233154297 282.365509033203 282.335815429688 282.306091308594 282.2763671875 282.246063232422 282.215545654297 282.18505859375 282.154541015625 282.1240234375 282.093536376953 282.063018798828 282.102966308594 282.354217529297 282.605499267578 282.856750488281 283.108001708984 283.359283447266 283.610534667969 283.861785888672 284.044128417969 284.203460693359 284.36279296875 284.522155761719 284.681488037109 284.8408203125 285.000183105469 285.100952148438 285.026092529297 284.951202392578 284.876342773438 284.801452636719 284.726593017578 284.651733398438 284.576843261719 284.374114990234 284.128784179688 283.883422851562 283.638092041016 283.392730712891 283.147399902344 282.902038574219 282.620391845703 282.229827880859
282.552642822266 282.529510498047 282.506378173828 282.483245849609 282.460113525391 282.436981201172 282.413818359375 282.374206542969 282.329071044922 282.283966064453 282.238830566406 282.193725585938 282.148590087891 282.103485107422 282.131652832031 282.379699707031 282.627746582031 282.875793457031 283.123840332031 283.371887207031 283.619934082031 283.867980957031 284.054016113281 284.219360351562 284.384735107422 284.550109863281 284.715454101562 284.880828857422 285.046173095703 285.150146484375 285.069885253906 284.989593505859 284.909332275391 284.829071044922 284.748809814453 284.668548583984 284.588287353516 284.372619628906 284.111785888672 283.850982666016 283.590148925781 283.329345703125 283.068511962891 282.807708740234 282.53173828125 282.210388183594
