data/working_set_collections/6091692-Cassins_Sparrow-M2/2015/ts_avg.asc
NCOLS 265 
NROWS 230 
XLLCORNER -115.5625 
YLLCORNER 24.8333333333333 
CELLSIZE 0.0833333333333333 
NODATA_value -9999 
[rows 100 to 119 of 230, columns 46 to 91 of 265]
285.276062011719 285.686645507812 286.097198486328 286.507781982422 286.918365478516 287.328918457031 287.431121826172 287.430480957031 287.429870605469 287.429260253906 287.428619384766 287.428009033203 287.427398681641 287.393646240234 287.260467529297 287.127288818359 286.994140625 286.860961914062 286.727783203125 286.594635009766 286.461456298828 286.310699462891 286.154113769531 285.997528076172 285.840911865234 285.684326171875 285.527709960938 285.371124267578 285.239227294922 285.181427001953 285.123626708984 285.065826416016 285.008026123047 284.950225830078 284.892456054688 284.834655761719 284.794952392578 284.761322021484 284.727661132812 284.694000244141 284.660369873047 284.626708984375 284.593048095703 284.556335449219 284.510406494141 284.464477539062
285.1416015625 285.606170654297 286.070739746094 286.535308837891 286.999877929688 287.464447021484 287.588195800781 287.598297119141 287.608428955078 287.618530273438 287.628631591797 287.638763427734 287.648864746094 287.621551513672 287.482025146484 287.342498779297 287.202941894531 287.063415527344 286.923858642578 286.784332275391 286.644775390625 286.491638183594 286.333984375 286.176300048828 286.018646240234 285.860961914062 285.703308105469 285.545623779297 285.407043457031 285.325744628906 285.244445800781 285.163177490234 285.081878662109 285.000579833984 284.919281005859 284.837982177734 284.784698486328 284.740783691406 284.696838378906 284.652893066406 284.608947753906 284.565002441406 284.521057128906 284.479187011719 284.443542480469 284.407897949219
285.036346435547 285.4921875 285.948028564453 286.403869628906 286.859710693359 287.315582275391 287.4638671875 287.509613037109 287.555389404297 287.601135253906 287.646911621094 287.692657470703 287.738433837891 287.739410400391 287.606079101562 287.472747802734 287.339416503906 287.206085205078 287.072784423828 286.939453125 286.806121826172 286.658325195312 286.505676269531 286.353057861328 286.200439453125 286.047821044922 285.895202636719 285.742584228516 285.602416992188 285.499725341797 285.397003173828 285.294311523438 285.191589355469 285.0888671875 284.986175537109 284.883453369141 284.819702148438 284.768920898438 284.718139648438 284.667358398438 284.616577148438 284.565826416016 284.515045166016 284.474334716797 284.463836669922 284.453338623047
284.960266113281 285.344665527344 285.729064941406 286.113464355469 286.497863769531 286.882263183594 287.05810546875 287.164428710938 287.270751953125 287.377075195312 287.483428955078 287.589752197266 287.696075439453 287.747192382812 287.632659912109 287.518096923828 287.403564453125 287.289031982422 287.174499511719 287.059967041016 286.945434570312 286.810699462891 286.669250488281 286.527801513672 286.386322021484 286.244873046875 286.103424072266 285.961975097656 285.825347900391 285.703308105469 285.581268310547 285.459228515625 285.337188720703 285.215118408203 285.093078613281 284.971038818359 284.89990234375 284.845764160156 284.791595458984 284.737457275391 284.683288574219 284.629150390625 284.574981689453 284.541748046875 284.5712890625 284.600830078125
284.884216308594 285.197174072266 285.510101318359 285.823059082031 286.135986328125 286.448944091797 286.65234375 286.819244384766 286.986145019531 287.153045654297 287.319915771484 287.48681640625 287.653717041016 287.754943847656 287.659210205078 287.5634765625 287.467712402344 287.371978759766 287.276245117188 287.180480957031 287.084747314453 286.963104248047 286.832794189453 286.702514648438 286.572235107422 286.441925048828 286.311645507812 286.181365966797 286.048309326172 285.906921386719 285.765533447266 285.624145507812 285.482757568359 285.341369628906 285.199981689453 285.058624267578 284.980133056641 284.922576904297 284.865051269531 284.807525634766 284.75 284.692474365234 284.634948730469 284.609191894531 284.678741455078 284.748291015625
284.808166503906 285.049652099609 285.291137695312 285.532653808594 285.774139404297 286.015625 286.246612548828 286.474060058594 286.701507568359 286.928985595703 287.156433105469 287.383911132812 287.611358642578 287.762725830078 287.685760498047 287.608825683594 287.531860351562 287.454925537109 287.377960205078 287.300994873047 287.224060058594 287.115478515625 286.996368408203 286.877227783203 286.758117675781 286.639007568359 286.519866943359 286.400756835938 286.271240234375 286.110504150391 285.949798583984 285.7890625 285.628356933594 285.467620849609 285.306915283203 285.146179199219 285.060333251953 284.999420166016 284.938507080078 284.877624511719 284.816711425781 284.755798339844 284.694915771484 284.676605224609 284.786193847656 284.895782470703
284.732086181641 284.902130126953 285.072174072266 285.242218017578 285.412261962891 285.582305908203 285.840850830078 286.128875732422 286.416900634766 286.704925537109 286.992950439453 287.280975341797 287.569000244141 287.7705078125 287.712341308594 287.654174804688 287.596008300781 287.537841796875 287.479705810547 287.421539306641 287.363372802734 287.267852783203 287.159912109375 287.051971435547 286.944000244141 286.836059570312 286.728088378906 286.620147705078 286.494171142578 286.314117431641 286.134063720703 285.953979492188 285.77392578125 285.593872070312 285.413818359375 285.233764648438 285.140533447266 285.076263427734 285.011993408203 284.947692871094 284.883422851562 284.819152832031 284.754852294922 284.744049072266 284.893646240234 285.043243408203
284.656036376953 284.754638671875 284.853210449219 284.951812744141 285.050415039062 285.148986816406 285.435089111328 285.78369140625 286.132293701172 286.480865478516 286.829467773438 287.178070068359 287.526672363281 287.778259277344 287.738891601562 287.699523925781 287.66015625 287.620788574219 287.581420898438 287.542053222656 287.502685546875 287.420257568359 287.323455810547 287.226684570312 287.1298828125 287.033111572266 286.936309814453 286.839538574219 286.717102050781 286.517700195312 286.318298339844 286.118927001953 285.919525146484 285.720123291016 285.520721435547 285.321350097656 285.220764160156 285.153106689453 285.08544921875 285.017791748047 284.950134277344 284.882476806641 284.814819335938 284.811492919922 285.001098632812 285.190704345703
284.884826660156 284.881683349609 284.878570556641 284.875427246094 284.872283935547 284.869171142578 285.141723632812 285.506134033203 285.870574951172 286.235015869141 286.599456787109 286.9638671875 287.328308105469 287.597473144531 287.580871582031 287.564270019531 287.547668457031 287.531066894531 287.514465332031 287.497863769531 287.481262207031 287.412261962891 287.325805664062 287.239349365234 287.152893066406 287.066467285156 286.980010986328 286.8935546875 286.778625488281 286.578308105469 286.377990722656 286.177673339844 285.977355957031 285.777038574219 285.576721191406 285.376403808594 285.273559570312 285.203247070312 285.132934570312 285.062622070312 284.992279052734 284.921966552734 284.851654052734 284.852233886719 285.065521240234 285.27880859375
285.418426513672 285.283294677734 285.148193359375 285.013061523438 284.8779296875 284.742828369141 284.960693359375 285.296234130859 285.631774902344 285.967346191406 286.302886962891 286.638427734375 286.973968505859 287.228179931641 287.238311767578 287.248443603516 287.258575439453 287.268707275391 287.278839111328 287.288970947266 287.299102783203 287.243927001953 287.166961669922 287.089996337891 287.013061523438 286.936096191406 286.859130859375 286.782165527344 286.678741455078 286.495910644531 286.313079833984 286.130249023438 285.947418212891 285.764587402344 285.581756591797 285.39892578125 285.299011230469 285.226715087891 285.154449462891 285.082183837891 285.009918212891 284.937622070312 284.865356445312 284.866302490234 285.0869140625 285.307525634766
285.952056884766 285.684936523438 285.417816162109 285.150695800781 284.883575439453 284.616455078125 284.779693603516 285.086334228516 285.393005371094 285.699645996094 286.006317138672 286.31298828125 286.61962890625 286.858856201172 286.895721435547 286.932586669922 286.969451904297 287.006317138672 287.043212890625 287.080078125 287.116943359375 287.075561523438 287.008117675781 286.940643310547 286.873168945312 286.805725097656 286.738250732422 286.670806884766 286.578857421875 286.413513183594 286.248168945312 286.082824707031 285.91748046875 285.752136230469 285.586791992188 285.421447753906 285.324432373047 285.250213623047 285.175964355469 285.101745605469 285.027526855469 284.953277587891 284.879058837891 284.88037109375 285.108306884766 285.336242675781
286.485656738281 286.086547851562 285.687438964844 285.288330078125 284.889221191406 284.490112304688 284.598663330078 284.876434326172 285.154205322266 285.431976318359 285.709747314453 285.987518310547 286.265289306641 286.489532470703 286.553131103516 286.616729736328 286.680358886719 286.743957519531 286.807556152344 286.871185302734 286.934783935547 286.907196044922 286.849243164062 286.791290283203 286.733337402344 286.675354003906 286.617401123047 286.559448242188 286.47900390625 286.331146240234 286.183288574219 286.035400390625 285.887542724609 285.739685058594 285.591827392578 285.443969726562 285.349853515625 285.273681640625 285.197509765625 285.121307373047 285.045135498047 284.968963623047 284.892761230469 284.894439697266 285.129699707031 285.364959716797
287.019287109375 286.488159179688 285.957061767578 285.425964355469 284.894866943359 284.36376953125 284.417663574219 284.666534423828 284.915435791016 285.164306640625 285.413177490234 285.662078857422 285.910949707031 286.120208740234 286.210540771484 286.300903320312 286.391235351562 286.481567382812 286.571929931641 286.662261962891 286.752624511719 286.738861083984 286.690399169922 286.641937255859 286.593444824219 286.544982910156 286.496520996094 286.448059082031 286.379119873047 286.248748779297 286.118377685547 285.988006591797 285.857604980469 285.727233886719 285.596862792969 285.466491699219 285.375305175781 285.297149658203 285.219024658203 285.140899658203 285.062744140625 284.984619140625 284.906494140625 284.908508300781 285.151092529297 285.393676757812
287.552886962891 286.889801025391 286.226715087891 285.563598632812 284.900512695312 284.237426757812 284.236633300781 284.456634521484 284.676635742188 284.896636962891 285.116607666016 285.336608886719 285.556610107422 285.750885009766 285.867950439453 285.985046386719 286.102111816406 286.219207763672 286.336303710938 286.453369140625 286.570465087891 286.570495605469 286.531524658203 286.492553710938 286.45361328125 286.414642333984 286.375671386719 286.336700439453 286.279235839844 286.166351318359 286.053466796875 285.940582275391 285.827697753906 285.714782714844 285.601898193359 285.489013671875 285.400726318359 285.320648193359 285.240539550781 285.160461425781 285.080352783203 285.000274658203 284.920196533203 284.922607421875 285.172515869141 285.422424316406
288.116119384766 287.40576171875 286.695434570312 285.985076904297 285.274749755859 284.564392089844 284.511413574219 284.677551269531 284.843688964844 285.009826660156 285.175964355469 285.342071533203 285.508209228516 285.659454345703 285.765991210938 285.87255859375 285.979095458984 286.085632324219 286.192169189453 286.298706054688 286.405242919922 286.390411376953 286.335144042969 286.279846191406 286.224548339844 286.169250488281 286.113952636719 286.058685302734 285.995635986328 285.909362792969 285.823089599609 285.73681640625 285.650512695312 285.564239501953 285.477966308594 285.391693115234 285.319091796875 285.251037597656 285.183013916016 285.114959716797 285.046936035156 284.978881835938 284.910827636719 284.9208984375 285.165313720703 285.409759521484
288.708953857422 288.036102294922 287.363250732422 286.690399169922 286.017547607422 285.344696044922 285.241973876953 285.329254150391 285.416564941406 285.503875732422 285.591186523438 285.678497314453 285.765777587891 285.845947265625 285.904663085938 285.963409423828 286.022125244141 286.080841064453 286.139556884766 286.198272705078 286.257019042969 286.198608398438 286.101196289062 286.003753662109 285.906311035156 285.808868408203 285.711456298828 285.614013671875 285.528289794922 285.477752685547 285.427215576172 285.376678466797 285.326141357422 285.275604248047 285.225067138672 285.174530029297 285.130401611328 285.088409423828 285.046417236328 285.004425048828 284.962432861328 284.920440673828 284.878448486328 284.903472900391 285.129577636719 285.355682373047
289.301818847656 288.666442871094 288.031097412109 287.395721435547 286.760345458984 286.125 285.972503662109 285.980987548828 285.989471435547 285.997924804688 286.006408691406 286.014892578125 286.023345947266 286.032440185547 286.043334960938 286.054260253906 286.065155029297 286.076049804688 286.086944580078 286.097869873047 286.108764648438 286.006805419922 285.867218017578 285.727661132812 285.588073730469 285.448516845703 285.308929443359 285.169342041016 285.060974121094 285.046173095703 285.031372070312 285.016571044922 285.001770019531 284.986968994141 284.97216796875 284.957366943359 284.941680908203 284.925750732422 284.909790039062 284.893859863281 284.8779296875 284.861968994141 284.846038818359 284.886016845703 285.093841552734 285.301635742188
289.894653320312 289.296783447266 288.698913574219 288.101043701172 287.503173828125 286.905303955078 286.703063964844 286.632720947266 286.562347412109 286.492004394531 286.421630859375 286.351287841797 286.280914306641 286.218933105469 286.182006835938 286.145111083984 286.108184814453 286.071258544922 286.034362792969 285.997436523438 285.960510253906 285.815002441406 285.633270263672 285.451568603516 285.269836425781 285.088134765625 284.906402587891 284.724700927734 284.593627929688 284.614562988281 284.635498046875 284.656433105469 284.677368164062 284.698303222656 284.71923828125 284.740173339844 284.752990722656 284.763092041016 284.773193359375 284.783294677734 284.793426513672 284.803527832031 284.813629150391 284.868591308594 285.058074951172 285.247589111328
290.487518310547 289.927124023438 289.366729736328 288.806365966797 288.245971679688 287.685607910156 287.433624267578 287.284423828125 287.13525390625 286.986053466797 286.836853027344 286.687683105469 286.538482666016 286.405426025391 286.320678710938 286.235961914062 286.151214599609 286.066467285156 285.981750488281 285.897003173828 285.812255859375 285.623199462891 285.399322509766 285.175476074219 284.951599121094 284.727752685547 284.50390625 284.280029296875 284.126312255859 284.182983398438 284.239654541016 284.296325683594 284.352996826172 284.40966796875 284.466339111328 284.523010253906 284.564300537109 284.600433349609 284.636596679688 284.672760009766 284.708923339844 284.745056152344 284.781219482422 284.851135253906 285.022338867188 285.193542480469
291.080352783203 290.557464599609 290.034576416016 289.511688232422 288.988800048828 288.465911865234 288.164154052734 287.936157226562 287.708129882812 287.480102539062 287.252105712891 287.024078369141 286.796051025391 286.591918945312 286.459350585938 286.326812744141 286.194244384766 286.061676025391 285.929138183594 285.796569824219 285.664031982422 285.431365966797 285.165374755859 284.899383544922 284.633361816406 284.367370605469 284.101379394531 283.835357666016 283.658966064453 283.751373291016 283.843780517578 283.936187744141 284.028594970703 284.121032714844 284.213439941406 284.305847167969 284.375579833984 284.437805175781 284.5 284.562194824219 284.624420166016 284.686614990234 284.748809814453 284.833679199219 284.986602783203 285.139495849609
