data/working_set_collections/6091692-Cassins_Sparrow-M2/2015/tsat_avg.asc
NCOLS 265 
NROWS 230 
XLLCORNER -115.5625 
YLLCORNER 24.8333333333333 
CELLSIZE 0.0833333333333333 
NODATA_value -9999 
[rows 60 to 79 of 230, columns 0 to 45 of 265]
281.599304199219 281.594787597656 281.590301513672 281.585784912109 281.581268310547 281.576782226562 281.572265625 281.543060302734 281.505645751953 281.468200683594 281.430755615234 281.393341064453 281.355895996094 281.318481445312 281.334899902344 281.512969970703 281.691070556641 281.869140625 282.047210693359 282.225280761719 282.403350830078 282.581420898438 282.73779296875 282.886962890625 283.0361328125 283.185272216797 283.334442138672 283.483581542969 283.632751464844 283.729034423828 283.666656494141 283.604278564453 283.541931152344 283.479553222656 283.417175292969 283.354827880859 283.292449951172 283.119873046875 282.910552978516 282.701202392578 282.491882324219 282.282562255859 282.0732421875 281.863922119141 281.653991699219 281.442291259766
281.909729003906 281.893585205078 281.87744140625 281.861267089844 281.845123291016 281.828948974609 281.812805175781 281.768463134766 281.714691162109 281.660949707031 281.607177734375 281.553436279297 281.499664306641 281.445922851562 281.444427490234 281.599731445312 281.755004882812 281.910308837891 282.065612792969 282.220916748047 282.376190185547 282.531494140625 282.676391601562 282.817840576172 282.959289550781 283.100738525391 283.242156982422 283.383605957031 283.525054931641 283.604888916016 283.499847412109 283.394836425781 283.289794921875 283.184783935547 283.079772949219 282.974731445312 282.869720458984 282.674591064453 282.449401855469 282.224243164062 281.999053955078 281.773864746094 281.548706054688 281.323516845703 281.128570556641 281.024230957031
282.220153808594 282.192352294922 282.16455078125 282.136749267578 282.108947753906 282.081146240234 282.053344726562 281.993835449219 281.923767089844 281.853668212891 281.783599853516 281.713531494141 281.643432617188 281.573364257812 281.553955078125 281.686462402344 281.818969726562 281.951507568359 282.084014892578 282.216522216797 282.349060058594 282.481567382812 282.614990234375 282.748718261719 282.882446289062 283.016174316406 283.14990234375 283.283630371094 283.417358398438 283.480743408203 283.333038330078 283.185363769531 283.037689208984 282.890014648438 282.742340087891 282.594665527344 282.446990966797 282.229278564453 281.988250732422 281.747253417969 281.506225585938 281.265197753906 281.024169921875 280.783142089844 280.603118896484 280.606170654297
282.530609130859 282.491149902344 282.451690673828 282.412231445312 282.372802734375 282.333343505859 282.293884277344 282.219207763672 282.1328125 282.046417236328 281.960021972656 281.873626708984 281.787231445312 281.700805664062 281.663452148438 281.773193359375 281.882934570312 281.99267578125 282.102416992188 282.212158203125 282.321899414062 282.431640625 282.553588867188 282.679595947266 282.805603027344 282.931610107422 283.057647705078 283.183654785156 283.309661865234 283.356567382812 283.166259765625 282.975921630859 282.785583496094 282.595245361328 282.404907226562 282.214569091797 282.024230957031 281.783996582031 281.527130126953 281.270263671875 281.013366699219 280.756500244141 280.499633789062 280.242736816406 280.077697753906 280.188110351562
282.841033935547 282.789916992188 282.738830566406 282.687713623047 282.636627197266 282.585510253906 282.534423828125 282.444610595703 282.341888427734 282.239166259766 282.136444091797 282.033721923828 281.930999755859 281.828277587891 281.772979736328 281.859924316406 281.946899414062 282.033874511719 282.120819091797 282.207794189453 282.294769287109 282.381713867188 282.4921875 282.610473632812 282.728790283203 282.847076416016 282.965362548828 283.083648681641 283.201965332031 283.232421875 282.999450683594 282.766448974609 282.533477783203 282.300476074219 282.067474365234 281.834503173828 281.601501464844 281.338714599609 281.065979003906 280.793273925781 280.520538330078 280.247802734375 279.97509765625 279.702362060547 279.552276611328 279.770050048828
283.151458740234 283.088714599609 283.025970458984 282.963195800781 282.900451660156 282.837707519531 282.774963378906 282.669982910156 282.550933837891 282.431884765625 282.312866210938 282.193817138672 282.074768066406 281.955718994141 281.882476806641 281.946685791016 282.010864257812 282.075042724609 282.139221191406 282.203430175781 282.267608642578 282.331787109375 282.430786132812 282.541351318359 282.651947021484 282.762512207031 282.873107910156 282.983673095703 283.094268798828 283.108276367188 282.832641601562 282.557006835938 282.281341552734 282.005706787109 281.730072021484 281.454406738281 281.178771972656 280.893432617188 280.604858398438 280.316284179688 280.027709960938 279.739135742188 279.450561523438 279.161987304688 279.026824951172 279.351989746094
283.321868896484 283.270080566406 283.218292236328 283.16650390625 283.11474609375 283.062957763672 283.011169433594 282.901702880859 282.773010253906 282.644348144531 282.515655517578 282.386962890625 282.258270263672 282.129577636719 282.04443359375 282.089904785156 282.135345458984 282.180816650391 282.226287841797 282.271759033203 282.317230224609 282.362701416016 282.4501953125 282.551727294922 282.653289794922 282.754821777344 282.856353759766 282.957885742188 283.059417724609 283.060516357422 282.760345458984 282.460144042969 282.159942626953 281.859771728516 281.5595703125 281.259399414062 280.959197998047 280.671630859375 280.388244628906 280.104888916016 279.821502685547 279.538146972656 279.254760742188 278.971405029297 278.852569580078 279.227294921875
283.352203369141 283.334014892578 283.315826416016 283.297637939453 283.279449462891 283.261260986328 283.243072509766 283.139770507812 283.008117675781 282.87646484375 282.744812011719 282.613159179688 282.481506347656 282.349822998047 282.2587890625 282.289581298828 282.320404052734 282.351196289062 282.381988525391 282.412780761719 282.443603515625 282.474395751953 282.550476074219 282.641632080078 282.732788085938 282.823944091797 282.915100097656 283.006256103516 283.097412109375 283.089141845703 282.782531738281 282.475891113281 282.169281005859 281.862670898438 281.556060791016 281.249420166016 280.942810058594 280.673309326172 280.416198730469 280.159088134766 279.901977539062 279.644866943359 279.387756347656 279.130645751953 279.029449462891 279.39599609375
283.382568359375 283.397979736328 283.413360595703 283.428771972656 283.444183349609 283.459564208984 283.474975585938 283.377838134766 283.243225097656 283.108612060547 282.973968505859 282.83935546875 282.704711914062 282.570098876953 282.47314453125 282.489288330078 282.505432128906 282.521545410156 282.537689208984 282.553833007812 282.569976806641 282.586090087891 282.650726318359 282.731506347656 282.812286376953 282.89306640625 282.973876953125 283.054656982422 283.135437011719 283.117767333984 282.804718017578 282.491668701172 282.178619384766 281.865570068359 281.552520751953 281.239471435547 280.926422119141 280.675018310547 280.444152832031 280.213317871094 279.982452392578 279.751586914062 279.520751953125 279.289886474609 279.206329345703 279.564666748047
283.412933349609 283.4619140625 283.510925292969 283.559906005859 283.60888671875 283.657867431641 283.706878662109 283.615905761719 283.478332519531 283.340728759766 283.203125 283.065551757812 282.927947998047 282.790344238281 282.687530517578 282.688995361328 282.690460205078 282.691925048828 282.693389892578 282.694854736328 282.696319580078 282.697814941406 282.7509765625 282.821380615234 282.891784667969 282.962219238281 283.032623291016 283.10302734375 283.173431396484 283.146392822266 282.826904296875 282.507415771484 282.187957763672 281.868469238281 281.548980712891 281.2294921875 280.910034179688 280.676696777344 280.472106933594 280.267517089844 280.062927246094 279.858306884766 279.653717041016 279.449127197266 279.383209228516 279.733367919922
283.443298339844 283.52587890625 283.608459472656 283.691040039062 283.773620605469 283.856201171875 283.938781738281 283.85400390625 283.713439941406 283.572875976562 283.432312011719 283.291748046875 283.151184082031 283.010620117188 282.901885986328 282.888702392578 282.87548828125 282.8623046875 282.849090576172 282.835906982422 282.822692871094 282.809509277344 282.851226806641 282.911254882812 282.971313476562 283.031341552734 283.091369628906 283.151428222656 283.211456298828 283.174987792969 282.849090576172 282.523193359375 282.197265625 281.871368408203 281.545440673828 281.219543457031 280.893646240234 280.678405761719 280.500061035156 280.321716308594 280.143371582031 279.965057373047 279.786712646484 279.608367919922 279.560089111328 279.902038574219
283.473663330078 283.589813232422 283.705993652344 283.822174072266 283.938323974609 284.054504394531 284.170654296875 284.092071533203 283.948516845703 283.804992675781 283.661468505859 283.517944335938 283.374389648438 283.230865478516 283.116241455078 283.08837890625 283.060516357422 283.032653808594 283.004791259766 282.976928710938 282.949066162109 282.921203613281 282.951477050781 283.001159667969 283.050811767578 283.100463867188 283.150146484375 283.199798583984 283.249450683594 283.20361328125 282.871276855469 282.538940429688 282.206604003906 281.874267578125 281.541931152344 281.209594726562 280.877227783203 280.680084228516 280.528015136719 280.375946044922 280.223846435547 280.07177734375 279.919677734375 279.767608642578 279.736968994141 280.070739746094
283.600738525391 283.733581542969 283.866424560547 283.999298095703 284.132141113281 284.264984130859 284.397827148438 284.322631835938 284.178070068359 284.033508300781 283.888946533203 283.744384765625 283.599822998047 283.455261230469 283.336975097656 283.297454833984 283.257934570312 283.218444824219 283.178924560547 283.139404296875 283.099884033203 283.060394287109 283.060089111328 283.072875976562 283.085662841797 283.098449707031 283.111236572266 283.1240234375 283.136810302734 283.068481445312 282.7568359375 282.445190429688 282.133514404297 281.821868896484 281.510223388672 281.198547363281 280.886901855469 280.726226806641 280.615875244141 280.505523681641 280.395172119141 280.284820556641 280.174468994141 280.064117431641 280.061614990234 280.382598876953
283.824523925781 283.957153320312 284.089782714844 284.222412109375 284.355041503906 284.487670898438 284.620300292969 284.545715332031 284.402038574219 284.258392333984 284.11474609375 283.971099853516 283.827453613281 283.683807373047 283.564025878906 283.515869140625 283.467742919922 283.419586181641 283.371459960938 283.323333740234 283.275177001953 283.22705078125 283.177062988281 283.12646484375 283.075866699219 283.025299072266 282.974700927734 282.924102783203 282.87353515625 282.769622802734 282.505767822266 282.241912841797 281.97802734375 281.714172363281 281.450317382812 281.186462402344 280.922607421875 280.816772460938 280.763641357422 280.710510253906 280.657348632812 280.604217529297 280.551055908203 280.497924804688 280.533966064453 280.837585449219
284.048309326172 284.180725097656 284.313110351562 284.445526123047 284.577911376953 284.710327148438 284.842742919922 284.768768310547 284.626037597656 284.483306884766 284.340545654297 284.197814941406 284.055053710938 283.912322998047 283.791076660156 283.734313964844 283.677551269531 283.620758056641 283.563995361328 283.507232666016 283.450469970703 283.393676757812 283.294036865234 283.180053710938 283.066101074219 282.952117919922 282.838165283203 282.724182128906 282.610229492188 282.470733642578 282.254669189453 282.038604736328 281.822570800781 281.606506347656 281.390441894531 281.174377441406 280.958312988281 280.907348632812 280.911407470703 280.915466308594 280.919525146484 280.923583984375 280.927642822266 280.931701660156 281.006317138672 281.292572021484
284.272094726562 284.404296875 284.536468505859 284.668640136719 284.800811767578 284.933013916016 285.065185546875 284.991851806641 284.850006103516 284.708190917969 284.566345214844 284.424530029297 284.282684326172 284.140869140625 284.018127441406 283.952728271484 283.887329101562 283.821929931641 283.756530761719 283.691131591797 283.625732421875 283.560333251953 283.410980224609 283.233642578125 283.056304931641 282.878967285156 282.701629638672 282.524261474609 282.346923828125 282.171875 282.003601074219 281.835327148438 281.667083740234 281.498809814453 281.330535888672 281.162292480469 280.994018554688 280.997924804688 281.059173583984 281.120452880859 281.181701660156 281.242980957031 281.304229736328 281.365509033203 281.478698730469 281.747589111328
284.495880126953 284.627838134766 284.759796142578 284.891754150391 285.023712158203 285.155670166016 285.287628173828 285.214935302734 285.074005126953 284.933074951172 284.792144775391 284.651245117188 284.510314941406 284.369384765625 284.245178222656 284.171173095703 284.097137451172 284.023101806641 283.949066162109 283.875061035156 283.801025390625 283.726989746094 283.527954101562 283.287231445312 283.046508789062 282.805786132812 282.565063476562 282.324371337891 282.083648681641 281.872985839844 281.752532958984 281.632049560547 281.511596679688 281.39111328125 281.270660400391 281.150207519531 281.029724121094 281.088470458984 281.206939697266 281.325408935547 281.443878173828 281.562347412109 281.680847167969 281.79931640625 281.951049804688 282.202575683594
284.719696044922 284.851409912109 284.983154296875 285.114868164062 285.246612548828 285.378356933594 285.510070800781 285.43798828125 285.297973632812 285.157958984375 285.017944335938 284.8779296875 284.737945556641 284.597930908203 284.472229003906 284.389587402344 284.306915283203 284.224273681641 284.141632080078 284.058959960938 283.976318359375 283.893646240234 283.644897460938 283.3408203125 283.036712646484 282.732635498047 282.428527832031 282.124450683594 281.820343017578 281.574096679688 281.501434326172 281.428771972656 281.356109619141 281.283447265625 281.210784912109 281.138122558594 281.0654296875 281.179046630859 281.354705810547 281.530395507812 281.7060546875 281.881744384766 282.057434082031 282.233093261719 282.423400878906 282.657562255859
285.000213623047 285.129241943359 285.258270263672 285.387268066406 285.516296386719 285.645294189453 285.774322509766 285.721435546875 285.60791015625 285.494384765625 285.380859375 285.267333984375 285.15380859375 285.040283203125 284.933654785156 284.847778320312 284.761871337891 284.675994873047 284.590087890625 284.504211425781 284.418334960938 284.332427978516 284.057830810547 283.720306396484 283.382781982422 283.045257568359 282.707733154297 282.370208740234 282.032684326172 281.763244628906 281.698059082031 281.632873535156 281.567687988281 281.502502441406 281.437316894531 281.372131347656 281.306945800781 281.436248779297 281.63037109375 281.824493408203 282.018615722656 282.212738037109 282.406829833984 282.600952148438 282.801239013672 283.019927978516
285.337493896484 285.461303710938 285.585113525391 285.708953857422 285.832763671875 285.956573486328 286.080383300781 286.065216064453 286.003753662109 285.942291259766 285.880828857422 285.819366455078 285.757904052734 285.696441650391 285.629425048828 285.545684814453 285.461975097656 285.378234863281 285.294525146484 285.210815429688 285.127075195312 285.043365478516 284.766662597656 284.425659179688 284.084655761719 283.74365234375 283.402648925781 283.061645507812 282.720642089844 282.440368652344 282.342376708984 282.244354248047 282.146331787109 282.048309326172 281.950317382812 281.852294921875 281.754272460938 281.860107421875 282.033905029297 282.207702636719 282.381500244141 282.555297851562 282.729095458984 282.902893066406 283.084503173828 283.289642333984
