data/working_set_collections/6091692-Cassins_Sparrow-M2/2015/tsat_avg.asc
NCOLS 265 
NROWS 230 
XLLCORNER -115.5625 
YLLCORNER 24.8333333333333 
CELLSIZE 0.0833333333333333 
NODATA_value -9999 
[rows 160 to 179 of 230, columns 184 to 229 of 265]
290.671203613281 290.681457519531 290.691680908203 290.727905273438 290.772796630859 290.817687988281 290.862548828125 290.907440185547 290.952331542969 290.997222900391 291.043670654297 291.094787597656 291.145904541016 291.197052001953 291.248168945312 291.29931640625 291.350433349609 291.401580810547 291.455780029297 291.511016845703 291.566253662109 291.621490478516 291.676727294922 291.731994628906 291.787231445312 291.848602294922 291.928344726562 292.008087158203 292.087829589844 292.167572021484 292.247314453125 292.327087402344 292.406829833984 292.435760498047 292.44775390625 292.459716796875 292.471710205078 292.483703613281 292.495697021484 292.507690429688 292.521301269531 292.539764404297 292.558258056641 292.576721191406 292.595184326172 292.613647460938
290.712860107422 290.716705322266 290.720581054688 290.75146484375 290.791381835938 290.831268310547 290.871185302734 290.911102294922 290.951019287109 290.990905761719 291.033874511719 291.085906982422 291.137969970703 291.190032958984 291.242095947266 291.294158935547 291.34619140625 291.398254394531 291.460968017578 291.527252197266 291.593536376953 291.659790039062 291.72607421875 291.792358398438 291.858642578125 291.928039550781 292.006805419922 292.085571289062 292.164337158203 292.243103027344 292.321868896484 292.400634765625 292.479400634766 292.505035400391 292.512939453125 292.520874023438 292.528778076172 292.536712646484 292.544647216797 292.552551269531 292.563720703125 292.584533691406 292.605346679688 292.626190185547 292.647003173828 292.667816162109
290.764831542969 290.760711669922 290.756561279297 290.783020019531 290.819641113281 290.856292724609 290.892913818359 290.929565429688 290.966186523438 291.002838134766 291.04345703125 291.096099853516 291.148742675781 291.201385498047 291.253997802734 291.306640625 291.359283447266 291.411926269531 291.480651855469 291.554748535156 291.628845214844 291.702941894531 291.777038574219 291.851135253906 291.925231933594 292.000518798828 292.079345703125 292.158203125 292.237030029297 292.315856933594 292.394714355469 292.473541259766 292.552398681641 292.576110839844 292.581451416016 292.586791992188 292.592102050781 292.597442626953 292.602783203125 292.608123779297 292.617492675781 292.638977050781 292.660461425781 292.681915283203 292.703399658203 292.724884033203
290.827117919922 290.813415527344 290.799682617188 290.822570800781 290.857635498047 290.892700195312 290.927764892578 290.962829589844 290.997894287109 291.032958984375 291.072479248047 291.125335693359 291.17822265625 291.231079101562 291.283935546875 291.336822509766 291.389678955078 291.442565917969 291.514801025391 291.593505859375 291.672210693359 291.750915527344 291.829620361328 291.908325195312 291.987030029297 292.066040039062 292.146026611328 292.225982666016 292.305938720703 292.385925292969 292.465881347656 292.545837402344 292.625793457031 292.648986816406 292.653228759766 292.657470703125 292.661712646484 292.665924072266 292.670166015625 292.674407958984 292.682708740234 292.703125 292.723541259766 292.743957519531 292.764404296875 292.784820556641
290.889373779297 290.866088867188 290.842803955078 290.862121582031 290.895599365234 290.929107666016 290.962585449219 290.99609375 291.029602050781 291.063079833984 291.101470947266 291.154571533203 291.207672119141 291.260772705078 291.313873291016 291.366973876953 291.420104980469 291.473205566406 291.548950195312 291.632263183594 291.715576171875 291.798889160156 291.882202148438 291.965515136719 292.048828125 292.131591796875 292.212677001953 292.293762207031 292.374847412109 292.455963134766 292.537048339844 292.618133544922 292.69921875 292.721862792969 292.725006103516 292.728149414062 292.731262207031 292.734405517578 292.737548828125 292.740692138672 292.747894287109 292.767272949219 292.786651611328 292.805999755859 292.825378417969 292.844757080078
290.95166015625 290.918792724609 290.885955810547 290.901672363281 290.93359375 290.965515136719 290.997436523438 291.029357910156 291.061279296875 291.093200683594 291.130493164062 291.183807373047 291.237152099609 291.290496826172 291.343811035156 291.397155761719 291.450500488281 291.503814697266 291.583099365234 291.671020507812 291.758941650391 291.846862792969 291.934783935547 292.022705078125 292.110626220703 292.197113037109 292.279327392578 292.361541748047 292.443756103516 292.526000976562 292.608215332031 292.6904296875 292.772644042969 292.794738769531 292.796783447266 292.798828125 292.800842285156 292.802886962891 292.804931640625 292.806976318359 292.813110351562 292.831420898438 292.849731445312 292.868041992188 292.886352539062 292.904693603516
291.013946533203 290.971496582031 290.929077148438 290.941223144531 290.971557617188 291.001922607422 291.032287597656 291.062622070312 291.092987060547 291.123321533203 291.159484863281 291.213043212891 291.266632080078 291.320190429688 291.373748779297 291.427337646484 291.480895996094 291.534454345703 291.617248535156 291.709777832031 291.802307128906 291.894836425781 291.987365722656 292.079895019531 292.172424316406 292.262664794922 292.346008300781 292.429351806641 292.5126953125 292.596038818359 292.679382324219 292.762725830078 292.846069335938 292.867614746094 292.868560791016 292.869506835938 292.870422363281 292.871368408203 292.872314453125 292.873260498047 292.878295898438 292.895568847656 292.912811279297 292.930084228516 292.947357177734 292.964630126953
291.076232910156 291.024200439453 290.972198486328 290.980773925781 291.009552001953 291.038330078125 291.067108154297 291.095886230469 291.124664306641 291.153442382812 291.1884765625 291.242279052734 291.296081542969 291.349884033203 291.403686523438 291.457489013672 291.511291503906 291.565093994141 291.651397705078 291.74853515625 291.845672607422 291.942810058594 292.039947509766 292.137084960938 292.234222412109 292.328186035156 292.412658691406 292.497131347656 292.581604003906 292.666076660156 292.750549316406 292.835021972656 292.919494628906 292.940490722656 292.940338134766 292.940185546875 292.940002441406 292.939849853516 292.939697265625 292.939544677734 292.943481445312 292.959716796875 292.975921630859 292.992126464844 293.008331298828 293.024566650391
291.230529785156 291.17431640625 291.118103027344 291.12451171875 291.151763916016 291.179016113281 291.206268310547 291.233551025391 291.260803222656 291.288055419922 291.321441650391 291.373199462891 291.424957275391 291.476715087891 291.528472900391 291.580230712891 291.631988525391 291.683715820312 291.767242431641 291.861358642578 291.955474853516 292.049591064453 292.143707275391 292.237823486328 292.331909179688 292.423309326172 292.506530761719 292.589721679688 292.672943115234 292.756134033203 292.83935546875 292.922546386719 293.005767822266 293.025268554688 293.023529052734 293.021789550781 293.020050048828 293.018341064453 293.0166015625 293.014862060547 293.017517089844 293.033416748047 293.049285888672 293.065185546875 293.0810546875 293.096954345703
291.476898193359 291.421844482422 291.366821289062 291.372406005859 291.398193359375 291.423980712891 291.449768066406 291.475555419922 291.501342773438 291.527130126953 291.558349609375 291.605773925781 291.653198242188 291.700622558594 291.748046875 291.795471191406 291.842926025391 291.890350341797 291.964782714844 292.048248291016 292.131713867188 292.215179443359 292.298614501953 292.382080078125 292.465545654297 292.548034667969 292.627563476562 292.707153320312 292.786682128906 292.866271972656 292.94580078125 293.025390625 293.104919433594 293.121978759766 293.1181640625 293.114379882812 293.110565185547 293.106781005859 293.102966308594 293.099182128906 293.100402832031 293.116668701172 293.132965087891 293.149230957031 293.16552734375 293.181793212891
291.723236083984 291.669372558594 291.615539550781 291.620300292969 291.644622802734 291.6689453125 291.693267822266 291.717590332031 291.741882324219 291.766204833984 291.795227050781 291.838348388672 291.881439208984 291.924530029297 291.967651367188 292.0107421875 292.053863525391 292.096954345703 292.162322998047 292.235137939453 292.307952880859 292.380737304688 292.453552246094 292.526336669922 292.599151611328 292.672729492188 292.748657226562 292.824554443359 292.900451660156 292.976379394531 293.052276611328 293.128173828125 293.2041015625 293.218688964844 293.212829589844 293.206939697266 293.201080322266 293.195220947266 293.189361572266 293.183502197266 293.183258056641 293.199951171875 293.216613769531 293.233306884766 293.249969482422 293.266662597656
291.969573974609 291.916900634766 291.864227294922 291.868194580078 291.891052246094 291.913909912109 291.936737060547 291.959594726562 291.982452392578 292.005279541016 292.032135009766 292.070892333984 292.109680175781 292.148468017578 292.187225341797 292.226013183594 292.264801025391 292.303558349609 292.35986328125 292.422027587891 292.484161376953 292.546325683594 292.608459472656 292.670623779297 292.732757568359 292.797454833984 292.869689941406 292.941955566406 293.014221191406 293.086486816406 293.158752441406 293.231018066406 293.303253173828 293.315368652344 293.307464599609 293.299530029297 293.291595458984 293.283660888672 293.275756835938 293.267822265625 293.266143798828 293.283233642578 293.30029296875 293.3173828125 293.334442138672 293.351531982422
292.215942382812 292.164428710938 292.112945556641 292.116088867188 292.137481689453 292.158843994141 292.180236816406 292.201629638672 292.222991943359 292.244384765625 292.269012451172 292.303466796875 292.337921142578 292.372375488281 292.406829833984 292.441284179688 292.475738525391 292.510192871094 292.557403564453 292.608917236328 292.660400390625 292.7119140625 292.763397216797 292.814880371094 292.866394042969 292.922149658203 292.990783691406 293.059387207031 293.127990722656 293.196594238281 293.265197753906 293.333801269531 293.402435302734 293.412078857422 293.402099609375 293.39208984375 293.382110595703 293.372131347656 293.362121582031 293.352142333984 293.349029541016 293.366485595703 293.383972167969 293.401428222656 293.418914794922 293.436370849609
292.462280273438 292.411956787109 292.361663818359 292.364013671875 292.383911132812 292.40380859375 292.423736572266 292.443634033203 292.463531494141 292.483459472656 292.505920410156 292.536041259766 292.566162109375 292.596282958984 292.626403808594 292.656555175781 292.686676025391 292.716796875 292.754943847656 292.795806884766 292.836639404297 292.877471923828 292.918304443359 292.959167480469 293 293.046875 293.11181640625 293.176788330078 293.241760253906 293.306701660156 293.371673583984 293.436645507812 293.501586914062 293.5087890625 293.496734619141 293.484680175781 293.472625732422 293.460571289062 293.448516845703 293.436462402344 293.431884765625 293.449768066406 293.467620849609 293.485504150391 293.503356933594 293.521240234375
292.699645996094 292.655090332031 292.610534667969 292.612213134766 292.629333496094 292.646453857422 292.66357421875 292.6806640625 292.697784423828 292.714904785156 292.733947753906 292.758728027344 292.783508300781 292.808288574219 292.833068847656 292.857849121094 292.882659912109 292.907440185547 292.937805175781 292.970062255859 293.002319335938 293.034576416016 293.066833496094 293.099090576172 293.13134765625 293.170379638672 293.229705810547 293.289031982422 293.348327636719 293.407653808594 293.466979980469 293.526306152344 293.585632324219 293.592163085938 293.581085205078 293.570037841797 293.558959960938 293.547882080078 293.536804199219 293.525756835938 293.521484375 293.537689208984 293.553894042969 293.570098876953 293.586303710938 293.602478027344
292.928009033203 292.893798828125 292.859558105469 292.860748291016 292.873748779297 292.886749267578 292.899749755859 292.912750244141 292.925750732422 292.938751220703 292.953094482422 292.971527099609 292.989959716797 293.008392333984 293.026824951172 293.045227050781 293.063659667969 293.082092285156 293.106018066406 293.131744384766 293.157470703125 293.183227539062 293.208953857422 293.234680175781 293.260437011719 293.292663574219 293.344360351562 293.396057128906 293.44775390625 293.499450683594 293.551177978516 293.602874755859 293.654571533203 293.662231445312 293.655181884766 293.648132324219 293.64111328125 293.634063720703 293.627014160156 293.619964599609 293.617797851562 293.630279541016 293.642761230469 293.655212402344 293.667694091797 293.680145263672
293.156372070312 293.132476806641 293.108581542969 293.109283447266 293.1181640625 293.127044677734 293.135925292969 293.144805908203 293.153686523438 293.162567138672 293.172241210938 293.184326171875 293.196411132812 293.208465576172 293.220550537109 293.232635498047 293.244689941406 293.256774902344 293.274200439453 293.293426513672 293.312622070312 293.331848144531 293.35107421875 293.370269775391 293.389495849609 293.414916992188 293.459014892578 293.503112792969 293.547180175781 293.591278076172 293.635345458984 293.679443359375 293.723510742188 293.732269287109 293.729278564453 293.726257324219 293.723236083984 293.72021484375 293.717224121094 293.714202880859 293.714141845703 293.722869873047 293.731597900391 293.740356445312 293.749084472656 293.7578125
293.384765625 293.371185302734 293.357635498047 293.357818603516 293.362579345703 293.367340087891 293.372100830078 293.376861572266 293.381622314453 293.386413574219 293.391418457031 293.397125244141 293.40283203125 293.408569335938 293.414276123047 293.420013427734 293.425720214844 293.431427001953 293.4423828125 293.455078125 293.4677734375 293.48046875 293.493194580078 293.505889892578 293.518585205078 293.537200927734 293.573669433594 293.610137939453 293.646606445312 293.683074951172 293.719512939453 293.755981445312 293.792449951172 293.802337646484 293.803344726562 293.804351806641 293.805389404297 293.806396484375 293.807434082031 293.808441162109 293.810455322266 293.815460205078 293.820465087891 293.825469970703 293.830474853516 293.835479736328
293.613128662109 293.609893798828 293.606658935547 293.606323242188 293.606994628906 293.607635498047 293.608276367188 293.608947753906 293.609588623047 293.610229492188 293.610565185547 293.609924316406 293.609283447266 293.608642578125 293.608001708984 293.607391357422 293.606750488281 293.606109619141 293.610595703125 293.616760253906 293.622924804688 293.629119873047 293.635284423828 293.641479492188 293.647644042969 293.659484863281 293.688323974609 293.717163085938 293.746032714844 293.774871826172 293.8037109375 293.832550048828 293.861389160156 293.872375488281 293.87744140625 293.882476806641 293.887512207031 293.892578125 293.897613525391 293.902679443359 293.906768798828 293.908050537109 293.909332275391 293.910614013672 293.911865234375 293.913146972656
293.841491699219 293.848602294922 293.855682373047 293.854858398438 293.851409912109 293.847930908203 293.844451904297 293.841003417969 293.837524414062 293.834075927734 293.829711914062 293.822723388672 293.815734863281 293.808746337891 293.8017578125 293.794769287109 293.787780761719 293.780792236328 293.778778076172 293.778442382812 293.778076171875 293.777740478516 293.777404785156 293.777069091797 293.776733398438 293.781768798828 293.803009033203 293.82421875 293.845428466797 293.866668701172 293.887878417969 293.909118652344 293.930328369141 293.942443847656 293.951507568359 293.960601806641 293.969665527344 293.978759765625 293.987823486328 293.996887207031 294.003082275391 294.000640869141 293.998199462891 293.995727539062 293.993286132812 293.990814208984
