data/working_set_collections/6091692-Cassins_Sparrow-M2/2015/tsat_avg.asc
NCOLS 265 
NROWS 230 
XLLCORNER -115.5625 
YLLCORNER 24.8333333333333 
CELLSIZE 0.0833333333333333 
NODATA_value -9999 
[rows 160 to 179 of 230, columns 46 to 91 of 265]
293.513061523438 293.399261474609 293.285461425781 293.171661376953 293.057830810547 292.944030761719 292.706024169922 292.426635742188 292.147216796875 291.867828369141 291.588409423828 291.308990478516 291.029602050781 290.803161621094 290.735687255859 290.668212890625 290.600738525391 290.533264160156 290.465789794922 290.398315429688 290.330841064453 290.320434570312 290.329040527344 290.337646484375 290.346282958984 290.354888916016 290.363494873047 290.372100830078 290.323089599609 290.101196289062 289.879272460938 289.657348632812 289.435455322266 289.213531494141 288.991638183594 288.769714355469 288.691955566406 288.662231445312 288.632537841797 288.602844238281 288.573120117188 288.543426513672 288.513702392578 288.535247802734 288.710479736328 288.885711669922
293.653411865234 293.559539794922 293.465667724609 293.371795654297 293.277893066406 293.184020996094 292.956268310547 292.683898925781 292.411499023438 292.139129638672 291.866729736328 291.594360351562 291.321990966797 291.100769042969 291.033050537109 290.96533203125 290.897644042969 290.829925537109 290.76220703125 290.694488525391 290.626800537109 290.600738525391 290.588562011719 290.576385498047 290.564208984375 290.552032470703 290.539855957031 290.527709960938 290.456634521484 290.208984375 289.961303710938 289.713623046875 289.465942382812 289.218292236328 288.970611572266 288.722930908203 288.629516601562 288.587524414062 288.545562744141 288.503570556641 288.461578369141 288.419586181641 288.377624511719 288.394958496094 288.590270996094 288.785552978516
293.685882568359 293.606964111328 293.528045654297 293.449096679688 293.370178222656 293.291259765625 293.082305908203 292.829986572266 292.577697753906 292.325378417969 292.073089599609 291.820770263672 291.568481445312 291.361938476562 291.292663574219 291.223419189453 291.154144287109 291.084869384766 291.015625 290.946350097656 290.877075195312 290.844665527344 290.824554443359 290.804443359375 290.784332275391 290.764190673828 290.744079589844 290.723968505859 290.638244628906 290.355773925781 290.073303222656 289.790802001953 289.508331298828 289.225860595703 288.943359375 288.660888671875 288.543792724609 288.481842041016 288.419891357422 288.35791015625 288.295959472656 288.234008789062 288.172027587891 288.179931640625 288.397399902344 288.614868164062
293.610473632812 293.541534423828 293.472564697266 293.403625488281 293.334655761719 293.265686035156 293.084075927734 292.864929199219 292.645751953125 292.426605224609 292.207458496094 291.98828125 291.769134521484 291.586700439453 291.514556884766 291.442413330078 291.370269775391 291.298126220703 291.225982666016 291.153839111328 291.081695556641 291.05224609375 291.037017822266 291.021820068359 291.006591796875 290.991363525391 290.976135253906 290.9609375 290.867919921875 290.541595458984 290.215270996094 289.888916015625 289.562591552734 289.236267089844 288.909942626953 288.583587646484 288.434783935547 288.345153808594 288.255523681641 288.165893554688 288.076263427734 287.986633300781 287.897003173828 287.890197753906 288.131927490234 288.373626708984
293.535095214844 293.476104736328 293.417114257812 293.358123779297 293.299133300781 293.240142822266 293.085876464844 292.899871826172 292.713836669922 292.52783203125 292.341796875 292.155792236328 291.969757080078 291.811492919922 291.736480712891 291.661437988281 291.58642578125 291.511383056641 291.436370849609 291.361358642578 291.286315917969 291.259826660156 291.24951171875 291.239166259766 291.228851318359 291.218536376953 291.208221435547 291.197875976562 291.097595214844 290.727416992188 290.357238769531 289.987030029297 289.616851806641 289.246673583984 288.876495361328 288.506317138672 288.325775146484 288.208465576172 288.091156005859 287.973876953125 287.856567382812 287.7392578125 287.621948242188 287.600463867188 287.866424560547 288.132415771484
293.459686279297 293.410675048828 293.361663818359 293.312622070312 293.263610839844 293.214599609375 293.087677001953 292.934783935547 292.781921386719 292.629028320312 292.476165771484 292.323272705078 292.17041015625 292.036254882812 291.958374023438 291.880462646484 291.802551269531 291.724670410156 291.646759033203 291.56884765625 291.490936279297 291.467407226562 291.461975097656 291.45654296875 291.451110839844 291.445709228516 291.440277099609 291.434844970703 291.327270507812 290.913238525391 290.499176025391 290.085144042969 289.671112060547 289.257080078125 288.843048095703 288.429016113281 288.216766357422 288.07177734375 287.926818847656 287.781829833984 287.636871337891 287.491882324219 287.346923828125 287.310729980469 287.600952148438 287.891174316406
293.38427734375 293.345245361328 293.306182861328 293.267150878906 293.228088378906 293.189025878906 293.089477539062 292.9697265625 292.850006103516 292.730255126953 292.610504150391 292.490783691406 292.371032714844 292.261047363281 292.180267333984 292.099487304688 292.018707275391 291.937927246094 291.857147216797 291.7763671875 291.695587158203 291.674987792969 291.674438476562 291.673919677734 291.673400878906 291.6728515625 291.672332763672 291.671813964844 291.556915283203 291.099029541016 290.641143798828 290.183258056641 289.725372314453 289.267486572266 288.809600830078 288.351715087891 288.107757568359 287.935119628906 287.762451171875 287.589813232422 287.417175292969 287.244506835938 287.071868896484 287.02099609375 287.335479736328 287.649932861328
293.308898925781 293.279815673828 293.250732421875 293.221649169922 293.192565917969 293.163482666016 293.091278076172 293.004669189453 292.918060302734 292.831481933594 292.744873046875 292.658264160156 292.571685791016 292.485809326172 292.402160644531 292.318481445312 292.234832763672 292.151184082031 292.067504882812 291.983856201172 291.900207519531 291.882568359375 291.886932373047 291.891296386719 291.895660400391 291.900024414062 291.904388427734 291.908752441406 291.786590576172 291.284851074219 290.783111572266 290.281372070312 289.779632568359 289.277893066406 288.776153564453 288.2744140625 287.998748779297 287.798431396484 287.598114013672 287.397796630859 287.197479248047 286.997131347656 286.796813964844 286.731262207031 287.069976806641 287.40869140625
293.403045654297 293.378692626953 293.354339599609 293.329986572266 293.305633544922 293.281280517578 293.227874755859 293.164825439453 293.101745605469 293.038696289062 292.975616455078 292.912567138672 292.849517822266 292.779815673828 292.690246582031 292.600677490234 292.511108398438 292.421508789062 292.331939697266 292.242370605469 292.152801513672 292.135375976562 292.142028808594 292.148651123047 292.155303955078 292.161926269531 292.168579101562 292.175201416016 292.048522949219 291.521881103516 290.995208740234 290.468566894531 289.94189453125 289.415252685547 288.888610839844 288.361938476562 288.050201416016 287.810119628906 287.570037841797 287.329956054688 287.089874267578 286.849792480469 286.609710693359 286.513488769531 286.848846435547 287.184234619141
293.666778564453 293.641906738281 293.617004394531 293.592132568359 293.567260742188 293.542388916016 293.499328613281 293.4501953125 293.401062011719 293.351928710938 293.302795410156 293.253662109375 293.204528808594 293.143035888672 293.044525146484 292.945983886719 292.847473144531 292.748962402344 292.650421142578 292.551910400391 292.453399658203 292.433471679688 292.439758300781 292.446044921875 292.452331542969 292.458587646484 292.464874267578 292.471160888672 292.342712402344 291.810089111328 291.277435302734 290.744812011719 290.212188720703 289.679534912109 289.146911621094 288.614288330078 288.262145996094 287.97021484375 287.678283691406 287.386322021484 287.094390869141 286.802429199219 286.510498046875 286.367645263672 286.672058105469 286.976501464844
293.930480957031 293.905090332031 293.879699707031 293.854309082031 293.828918457031 293.803527832031 293.770782470703 293.735565185547 293.700347900391 293.665161132812 293.629943847656 293.5947265625 293.559539794922 293.506256103516 293.398773193359 293.291320800781 293.183868408203 293.076385498047 292.968933105469 292.861450195312 292.753997802734 292.731567382812 292.737487792969 292.743408203125 292.749328613281 292.755279541016 292.761199951172 292.767120361328 292.636901855469 292.098297119141 291.559692382812 291.021057128906 290.482452392578 289.94384765625 289.405212402344 288.866607666016 288.474090576172 288.130310058594 287.786499023438 287.442687988281 287.098876953125 286.755096435547 286.411285400391 286.221801757812 286.495300292969 286.768768310547
294.194213867188 294.168304443359 294.142364501953 294.116455078125 294.090545654297 294.064636230469 294.042205810547 294.020935058594 293.999664306641 293.978363037109 293.957092285156 293.935821533203 293.91455078125 293.869476318359 293.753051757812 293.636657714844 293.520233154297 293.40380859375 293.287414550781 293.170989990234 293.054565429688 293.029663085938 293.035217285156 293.040802001953 293.046356201172 293.051940917969 293.057495117188 293.063079833984 292.931091308594 292.386505126953 291.841918945312 291.297302246094 290.752716064453 290.208129882812 289.663543701172 289.118957519531 288.68603515625 288.290374755859 287.894714355469 287.499053955078 287.103393554688 286.707733154297 286.312072753906 286.075958251953 286.318511962891 286.561065673828
294.457916259766 294.431488037109 294.405059814453 294.378631591797 294.352203369141 294.325775146484 294.313659667969 294.306304931641 294.298950195312 294.291595458984 294.284240722656 294.276916503906 294.269561767578 294.232696533203 294.107330322266 293.981964111328 293.856628417969 293.731262207031 293.605895996094 293.480529785156 293.355163574219 293.327728271484 293.332946777344 293.338165283203 293.343383789062 293.348602294922 293.353820800781 293.359008789062 293.225280761719 292.674713134766 292.124145507812 291.573577880859 291.023010253906 290.472412109375 289.921844482422 289.371276855469 288.897979736328 288.450469970703 288.002960205078 287.555419921875 287.10791015625 286.660400390625 286.212860107422 285.930114746094 286.141723632812 286.353332519531
294.721618652344 294.694671630859 294.667755126953 294.640808105469 294.613861083984 294.5869140625 294.585083007812 294.591674804688 294.598266601562 294.604827880859 294.611419677734 294.617980957031 294.624572753906 294.595916748047 294.461608886719 294.327301025391 294.192993164062 294.058685302734 293.924377441406 293.790069580078 293.65576171875 293.625823974609 293.630676269531 293.635528564453 293.640411376953 293.645263671875 293.650115966797 293.654968261719 293.519470214844 292.962921142578 292.406372070312 291.849822998047 291.293273925781 290.736724853516 290.18017578125 289.623626708984 289.109924316406 288.610565185547 288.111175537109 287.611785888672 287.112426757812 286.613037109375 286.113647460938 285.784301757812 285.964935302734 286.145599365234
294.943939208984 294.921478271484 294.899017333984 294.876556396484 294.854095458984 294.831634521484 294.831451416016 294.838684082031 294.845916748047 294.853149414062 294.860382080078 294.867614746094 294.874847412109 294.846160888672 294.709838867188 294.573486328125 294.437133789062 294.30078125 294.164459228516 294.028106689453 293.891754150391 293.854705810547 293.850799560547 293.846862792969 293.842926025391 293.838989257812 293.835052490234 293.831115722656 293.690277099609 293.138732910156 292.587188720703 292.035614013672 291.484069824219 290.932525634766 290.380950927734 289.829406738281 289.294006347656 288.763977050781 288.233947753906 287.703918457031 287.173919677734 286.643890380859 286.113861083984 285.754791259766 285.908630371094 286.062469482422
295.124816894531 295.111846923828 295.098907470703 295.0859375 295.072967529297 295.060028076172 295.052734375 295.047332763672 295.041931152344 295.036560058594 295.031158447266 295.025756835938 295.020355224609 294.983459472656 294.851989746094 294.720520019531 294.589050292969 294.457550048828 294.326080322266 294.194610595703 294.063140869141 294.014404296875 293.993255615234 293.972106933594 293.950958251953 293.929809570312 293.908630371094 293.887481689453 293.737731933594 293.2021484375 292.666564941406 292.130981445312 291.595397949219 291.059814453125 290.524230957031 289.988647460938 289.450164794922 288.910736083984 288.371276855469 287.831817626953 287.292358398438 286.752899169922 286.213470458984 285.841644287109 285.972778320312 286.103912353516
295.305694580078 295.302215576172 295.298767089844 295.295318603516 295.291839599609 295.288391113281 295.274017333984 295.255981445312 295.237976074219 295.219940185547 295.201934814453 295.183929443359 295.165893554688 295.120727539062 294.994140625 294.867523193359 294.740936279297 294.614349365234 294.487731933594 294.361145019531 294.234558105469 294.174102783203 294.1357421875 294.097351074219 294.058990478516 294.020599365234 293.982208251953 293.94384765625 293.78515625 293.265563964844 292.745941162109 292.226348876953 291.706726074219 291.187133789062 290.667510986328 290.147918701172 289.606353759766 289.057464599609 288.508575439453 287.959716796875 287.410827636719 286.861938476562 286.313049316406 285.928497314453 286.036926269531 286.145355224609
295.486572265625 295.492614746094 295.498657226562 295.504669189453 295.510711669922 295.516754150391 295.495269775391 295.464630126953 295.433990478516 295.403350830078 295.372711181641 295.342071533203 295.311431884766 295.258026123047 295.136291503906 295.014556884766 294.892852783203 294.771118164062 294.649383544922 294.527648925781 294.405944824219 294.333801269531 294.278198242188 294.222595214844 294.1669921875 294.111419677734 294.055816650391 294.000213623047 293.832580566406 293.328948974609 292.825317382812 292.321685791016 291.818054199219 291.314422607422 290.810791015625 290.307159423828 289.762542724609 289.204223632812 288.645904541016 288.087585449219 287.529296875 286.970977783203 286.412658691406 286.015350341797 286.10107421875 286.186828613281
295.667449951172 295.682983398438 295.698516845703 295.714050292969 295.729583740234 295.7451171875 295.716552734375 295.673278808594 295.630035400391 295.586761474609 295.543487548828 295.500213623047 295.456970214844 295.395294189453 295.278442382812 295.161590576172 295.044738769531 294.927886962891 294.81103515625 294.694183349609 294.577331542969 294.493499755859 294.420684814453 294.347869873047 294.275024414062 294.202209472656 294.12939453125 294.056549072266 293.880035400391 293.392364501953 292.904724121094 292.417053222656 291.929412841797 291.441741943359 290.954071044922 290.466430664062 289.918701171875 289.350952148438 288.783233642578 288.215484619141 287.647735595703 287.080017089844 286.512268066406 286.102203369141 286.165222167969 286.228271484375
295.848327636719 295.873352050781 295.898406982422 295.923431396484 295.948455810547 295.973480224609 295.937835693359 295.881927490234 295.826049804688 295.770172119141 295.714263916016 295.658386230469 295.602478027344 295.532562255859 295.420593261719 295.308624267578 295.196624755859 295.084655761719 294.972686767578 294.860717773438 294.748718261719 294.653198242188 294.563140869141 294.473114013672 294.383056640625 294.292999267578 294.202972412109 294.112915039062 293.927459716797 293.455780029297 292.984100341797 292.512420654297 292.040740966797 291.569061279297 291.097351074219 290.625671386719 290.074890136719 289.497711181641 288.920532226562 288.343383789062 287.766204833984 287.189025878906 286.611877441406 286.189056396484 286.229400634766 286.269714355469
