data/working_set_collections/6091692-Cassins_Sparrow-M2/2015/tsurf_avg.asc
NCOLS 265 
NROWS 230 
XLLCORNER -115.5625 
YLLCORNER 24.8333333333333 
CELLSIZE 0.0833333333333333 
NODATA_value -9999 
[rows 200 to 219 of 230, columns 138 to 183 of 265]
294.355285644531 294.4169921875 294.478668212891 294.540374755859 294.582244873047 294.617523193359 294.652801513672 294.688079833984 294.723327636719 294.758605957031 294.793884277344 294.745788574219 294.447570800781 294.149353027344 293.851135253906 293.552917480469 293.254730224609 292.956512451172 292.658294677734 292.779113769531 293.039581298828 293.300079345703 293.560546875 293.821044921875 294.081512451172 294.342010498047 294.613586425781 294.918487548828 295.223388671875 295.528259277344 295.833160400391 296.138061523438 296.442932128906 296.747833251953 296.888732910156 296.974975585938 297.061218261719 297.147430419922 297.233673095703 297.319915771484 297.406158447266 297.491973876953 297.576568603516 297.661163330078 297.745727539062 297.830322265625
294.522827148438 294.592834472656 294.662841796875 294.732849121094 294.761444091797 294.776214599609 294.791015625 294.805786132812 294.820556640625 294.835357666016 294.850128173828 294.788604736328 294.498199462891 294.207763671875 293.917358398438 293.626922607422 293.336517333984 293.046112060547 292.755676269531 292.890869140625 293.16796875 293.445037841797 293.722106933594 293.999176025391 294.276245117188 294.553314208984 294.826965332031 295.090301513672 295.353607177734 295.616943359375 295.880279541016 296.143615722656 296.406951904297 296.670288085938 296.795837402344 296.87548828125 296.955108642578 297.034729003906 297.114379882812 297.194000244141 297.273651123047 297.359497070312 297.463989257812 297.568481445312 297.672973632812 297.777496337891
294.690368652344 294.768676757812 294.847015380859 294.925323486328 294.940643310547 294.934906005859 294.92919921875 294.923492431641 294.917785644531 294.912078857422 294.906372070312 294.831420898438 294.548797607422 294.266174316406 293.983551025391 293.700927734375 293.418304443359 293.135681152344 292.853057861328 293.002655029297 293.296325683594 293.589996337891 293.883636474609 294.177307128906 294.470977783203 294.764617919922 295.040313720703 295.262084960938 295.483856201172 295.705657958984 295.927429199219 296.149200439453 296.370971679688 296.592742919922 296.702972412109 296.776000976562 296.849029541016 296.922058105469 296.995056152344 297.068084716797 297.14111328125 297.226989746094 297.351409912109 297.475830078125 297.600250244141 297.724670410156
294.85791015625 294.944549560547 295.031188964844 295.117828369141 295.119812011719 295.093627929688 295.067413330078 295.041198730469 295.015014648438 294.988800048828 294.962585449219 294.874237060547 294.599426269531 294.324584960938 294.049774169922 293.774932861328 293.500122070312 293.225280761719 292.950469970703 293.114440917969 293.424682617188 293.734954833984 294.045196533203 294.355438232422 294.665679931641 294.975921630859 295.253662109375 295.433898925781 295.614105224609 295.794342041016 295.974548339844 296.154754638672 296.334991455078 296.515197753906 296.610076904297 296.676513671875 296.742919921875 296.809326171875 296.875762939453 296.942169189453 297.008605957031 297.094512939453 297.238830566406 297.383178710938 297.527496337891 297.671813964844
294.977478027344 295.066833496094 295.156219482422 295.245574951172 295.235992431641 295.193450927734 295.15087890625 295.108337402344 295.065765380859 295.023193359375 294.980651855469 294.88720703125 294.641082763672 294.394927978516 294.148803710938 293.902679443359 293.656555175781 293.410430908203 293.164306640625 293.315338134766 293.598754882812 293.882171630859 294.165588378906 294.449005126953 294.732421875 295.015838623047 295.265960693359 295.416168212891 295.566375732422 295.716583251953 295.866821289062 296.017028808594 296.167236328125 296.317443847656 296.410888671875 296.485412597656 296.559906005859 296.634429931641 296.708923339844 296.783447265625 296.857940673828 296.953002929688 297.109741210938 297.266448974609 297.423156738281 297.579864501953
295.049133300781 295.135620117188 295.222106933594 295.30859375 295.289154052734 295.234375 295.179595947266 295.124847412109 295.070068359375 295.015289306641 294.960510253906 294.870300292969 294.673767089844 294.477233886719 294.280700683594 294.084167480469 293.887634277344 293.691101074219 293.494567871094 293.605316162109 293.818481445312 294.031646728516 294.244812011719 294.457977294922 294.671142578125 294.884307861328 295.077117919922 295.208892822266 295.340667724609 295.472442626953 295.604187011719 295.735961914062 295.867736816406 295.999481201172 296.105407714844 296.202697753906 296.299987792969 296.397277832031 296.494567871094 296.591888427734 296.689178466797 296.802520751953 296.964080810547 297.125640869141 297.287200927734 297.448791503906
295.120758056641 295.204376220703 295.288024902344 295.371643066406 295.342315673828 295.275329589844 295.208343505859 295.141357421875 295.074340820312 295.007354736328 294.940368652344 294.853393554688 294.706481933594 294.559539794922 294.41259765625 294.265655517578 294.118713378906 293.971801757812 293.824859619141 293.895294189453 294.038208007812 294.181121826172 294.324066162109 294.466979980469 294.609893798828 294.752807617188 294.888305664062 295.001617431641 295.114959716797 295.228271484375 295.341583251953 295.454895019531 295.568206787109 295.681518554688 295.799926757812 295.919982910156 296.040069580078 296.16015625 296.280212402344 296.400299072266 296.520385742188 296.652038574219 296.818450927734 296.98486328125 297.151275634766 297.317687988281
295.1923828125 295.273162841797 295.353912353516 295.434661865234 295.395446777344 295.316253662109 295.237060546875 295.157836914062 295.078643798828 294.999450683594 294.920227050781 294.836517333984 294.739166259766 294.641815185547 294.544494628906 294.447143554688 294.349822998047 294.252471923828 294.155120849609 294.185302734375 294.257965087891 294.330627441406 294.403289794922 294.475952148438 294.548614501953 294.621276855469 294.699493408203 294.794372558594 294.889221191406 294.984100341797 295.078979492188 295.173828125 295.268707275391 295.363555908203 295.494415283203 295.637298583984 295.780151367188 295.923004150391 296.065887451172 296.208740234375 296.351593017578 296.501556396484 296.672821044922 296.844085693359 297.015350341797 297.186584472656
295.264007568359 295.341918945312 295.419799804688 295.497711181641 295.448608398438 295.357208251953 295.265777587891 295.174377441406 295.082946777344 294.991516113281 294.900115966797 294.819610595703 294.771850585938 294.72412109375 294.676391601562 294.628631591797 294.580902099609 294.533142089844 294.485412597656 294.475280761719 294.477691650391 294.480102539062 294.482513427734 294.484924316406 294.487365722656 294.489776611328 294.510681152344 294.587097167969 294.663513183594 294.739929199219 294.816345214844 294.892761230469 294.969177246094 295.045593261719 295.188934326172 295.354583740234 295.520233154297 295.685882568359 295.851531982422 296.017150878906 296.182800292969 296.35107421875 296.527191162109 296.703277587891 296.87939453125 297.055511474609
295.335662841797 295.410675048828 295.485717773438 295.560729980469 295.501770019531 295.398132324219 295.294494628906 295.190856933594 295.087249755859 294.983612060547 294.879974365234 294.802703857422 294.804565429688 294.806427001953 294.808258056641 294.810119628906 294.811981201172 294.813842773438 294.815673828125 294.765258789062 294.697448730469 294.629608154297 294.561767578125 294.493927001953 294.426086425781 294.358245849609 294.321868896484 294.379821777344 294.437805175781 294.495758056641 294.553741455078 294.611694335938 294.669677734375 294.727630615234 294.883453369141 295.071868896484 295.260314941406 295.44873046875 295.637176513672 295.825592041016 296.014038085938 296.200592041016 296.381530761719 296.5625 296.743469238281 296.924407958984
295.322387695312 295.408752441406 295.495147705078 295.581512451172 295.529754638672 295.431945800781 295.334136962891 295.236358642578 295.138549804688 295.040740966797 294.942932128906 294.874389648438 294.893524169922 294.912658691406 294.931793212891 294.950927734375 294.970062255859 294.989196777344 295.008331298828 294.934661865234 294.830017089844 294.725402832031 294.620788574219 294.516143798828 294.411529541016 294.306884765625 294.240570068359 294.289123535156 294.337677001953 294.38623046875 294.434783935547 294.483337402344 294.531890869141 294.580444335938 294.742492675781 294.942352294922 295.142211914062 295.342071533203 295.541931152344 295.741790771484 295.941650390625 296.135650634766 296.312072753906 296.488525390625 296.664947509766 296.841400146484
295.224243164062 295.336181640625 295.448089599609 295.560028076172 295.532562255859 295.458648681641 295.384704589844 295.310791015625 295.236877441406 295.162933349609 295.089019775391 295.034606933594 295.038726806641 295.042816162109 295.046936035156 295.051055908203 295.055145263672 295.059265136719 295.063354492188 294.983428955078 294.875457763672 294.767517089844 294.659576416016 294.551605224609 294.443664550781 294.335693359375 294.266784667969 294.314971923828 294.363128662109 294.411315917969 294.459503173828 294.507690429688 294.555847167969 294.604034423828 294.766021728516 294.965972900391 295.165893554688 295.365844726562 295.565795898438 295.765716552734 295.965667724609 296.15625 296.318786621094 296.481323242188 296.643859863281 296.806396484375
295.126098632812 295.263580322266 295.401031494141 295.538513183594 295.535369873047 295.485321044922 295.435272216797 295.385223388672 295.335205078125 295.28515625 295.235107421875 295.194854736328 295.183929443359 295.173004150391 295.162078857422 295.151153564453 295.140228271484 295.129302978516 295.118377685547 295.032196044922 294.920928955078 294.809631347656 294.698364257812 294.587066650391 294.475799560547 294.364501953125 294.292999267578 294.340789794922 294.388610839844 294.436401367188 294.484222412109 294.532012939453 294.579833984375 294.627624511719 294.789581298828 294.989593505859 295.189605712891 295.389617919922 295.589630126953 295.789642333984 295.989685058594 296.176849365234 296.325500488281 296.474151611328 296.622802734375 296.771423339844
295.027954101562 295.190979003906 295.35400390625 295.517028808594 295.538177490234 295.511993408203 295.48583984375 295.459686279297 295.433502197266 295.407348632812 295.381195068359 295.355072021484 295.329132080078 295.303161621094 295.277221679688 295.251281738281 295.225311279297 295.199371337891 295.173431396484 295.080963134766 294.966369628906 294.851745605469 294.737152099609 294.622528076172 294.507934570312 294.393310546875 294.319213867188 294.366638183594 294.4140625 294.461486816406 294.508941650391 294.556365966797 294.603790283203 294.651214599609 294.813140869141 295.013214111328 295.213317871094 295.413421630859 295.613494873047 295.813598632812 296.013671875 296.197448730469 296.332183837891 296.466949462891 296.601715087891 296.736450195312
294.929779052734 295.118377685547 295.306945800781 295.495544433594 295.540954589844 295.538696289062 295.536407470703 295.534118652344 295.531829833984 295.529541015625 295.527282714844 295.515319824219 295.474334716797 295.433349609375 295.392364501953 295.351379394531 295.310394287109 295.269439697266 295.228454589844 295.129760742188 295.011810302734 294.893859863281 294.775939941406 294.657989501953 294.540069580078 294.422119140625 294.345428466797 294.392486572266 294.439544677734 294.486602783203 294.533630371094 294.580688476562 294.627746582031 294.6748046875 294.836700439453 295.036865234375 295.237030029297 295.437194824219 295.637359619141 295.837524414062 296.037689208984 296.218048095703 296.338897705078 296.459777832031 296.580627441406 296.701477050781
294.831634521484 295.045776367188 295.259918212891 295.474029541016 295.543762207031 295.565368652344 295.586975097656 295.608551025391 295.630157470703 295.651763916016 295.67333984375 295.675537109375 295.619537353516 295.563537597656 295.507507324219 295.451507568359 295.3955078125 295.339477539062 295.283477783203 295.178527832031 295.057250976562 294.936004638672 294.814727783203 294.693450927734 294.572204589844 294.450927734375 294.371643066406 294.418334960938 294.464996337891 294.511688232422 294.558349609375 294.605041503906 294.651702880859 294.698394775391 294.860229492188 295.060485839844 295.2607421875 295.460968017578 295.661224365234 295.861480712891 296.061706542969 296.238647460938 296.345611572266 296.452575683594 296.559539794922 296.66650390625
294.768829345703 294.994171142578 295.219512939453 295.444854736328 295.530639648438 295.569915771484 295.609191894531 295.648468017578 295.687744140625 295.727020263672 295.766265869141 295.779602050781 295.715057373047 295.650512695312 295.585968017578 295.521423339844 295.456878662109 295.392303466797 295.327758789062 295.216979980469 295.090789794922 294.964599609375 294.838409423828 294.712188720703 294.585998535156 294.459808349609 294.373474121094 294.406799316406 294.440093994141 294.473419189453 294.506744384766 294.5400390625 294.573364257812 294.606689453125 294.740570068359 294.907989501953 295.075408935547 295.242828369141 295.410247802734 295.577667236328 295.745086669922 295.903930664062 296.037078857422 296.170227050781 296.303375244141 296.4365234375
294.741333007812 294.963531494141 295.185760498047 295.407958984375 295.501586914062 295.552337646484 295.603057861328 295.65380859375 295.704559326172 295.755310058594 295.806060791016 295.827453613281 295.760864257812 295.694274902344 295.627685546875 295.561096191406 295.494506835938 295.427917480469 295.361328125 295.245147705078 295.112396240234 294.979675292969 294.846954345703 294.714202880859 294.581481933594 294.44873046875 294.350921630859 294.357879638672 294.364837646484 294.371826171875 294.378784179688 294.3857421875 294.392700195312 294.399658203125 294.477661132812 294.579345703125 294.681060791016 294.782745361328 294.884429931641 294.986114501953 295.087799072266 295.213897705078 295.413299560547 295.612701416016 295.812103271484 296.011505126953
294.713836669922 294.932922363281 295.152008056641 295.37109375 295.472534179688 295.534729003906 295.596954345703 295.6591796875 295.721374511719 295.783599853516 295.845825195312 295.875335693359 295.806701660156 295.738067626953 295.66943359375 295.600799560547 295.532165527344 295.463531494141 295.394927978516 295.273315429688 295.134033203125 294.994750976562 294.855499267578 294.716217041016 294.576934814453 294.437652587891 294.328369140625 294.308990478516 294.289581298828 294.270202636719 294.250823974609 294.231414794922 294.212036132812 294.192657470703 294.214782714844 294.250732421875 294.286682128906 294.322631835938 294.358612060547 294.394561767578 294.430511474609 294.523895263672 294.78955078125 295.055206298828 295.320831298828 295.586486816406
294.686340332031 294.902282714844 295.118255615234 295.334197998047 295.443450927734 295.517150878906 295.590850830078 295.664520263672 295.738220214844 295.811889648438 295.885589599609 295.923187255859 295.852508544922 295.781860351562 295.711181640625 295.640502929688 295.56982421875 295.499145507812 295.428497314453 295.301452636719 295.155639648438 295.009826660156 294.864044189453 294.718231201172 294.572418212891 294.426605224609 294.305816650391 294.260070800781 294.214324951172 294.168579101562 294.122863769531 294.077117919922 294.031372070312 293.985656738281 293.951873779297 293.922088623047 293.892333984375 293.862548828125 293.832763671875 293.803009033203 293.773223876953 293.833862304688 294.165771484375 294.497680664062 294.82958984375 295.161499023438
