data/working_set_collections/6091692-Cassins_Sparrow-M2/2015/tsurf_avg.asc
NCOLS 265 
NROWS 230 
XLLCORNER -115.5625 
YLLCORNER 24.8333333333333 
CELLSIZE 0.0833333333333333 
NODATA_value -9999 
[rows 120 to 139 of 230, columns 0 to 45 of 265]
295.868316650391 296.053649902344 296.238952636719 296.424285888672 296.609588623047 296.794921875 296.980224609375 297.070190429688 297.128356933594 297.186553955078 297.244720458984 297.302886962891 297.361083984375 297.419250488281 297.412567138672 297.211364746094 297.010131835938 296.808929443359 296.607696533203 296.406494140625 296.205261230469 296.004058837891 295.793212890625 295.579132080078 295.365051269531 295.151000976562 294.936920166016 294.722839355469 294.508758544922 294.327117919922 294.242736816406 294.158355712891 294.073974609375 293.989562988281 293.905181884766 293.82080078125 293.736419677734 293.625732421875 293.506256103516 293.386810302734 293.267364501953 293.147888183594 293.028442382812 292.908996582031 292.695953369141 292.202270507812
296.026550292969 296.197875976562 296.369171142578 296.540466308594 296.711761474609 296.883056640625 297.054351806641 297.134582519531 297.184448242188 297.234313964844 297.284210205078 297.334075927734 297.383941650391 297.433807373047 297.423309326172 297.231689453125 297.0400390625 296.848419189453 296.656799316406 296.465148925781 296.273529052734 296.081909179688 295.912811279297 295.751251220703 295.589660644531 295.428100585938 295.266510009766 295.104949951172 294.943359375 294.806060791016 294.741577148438 294.677093505859 294.612609863281 294.548126220703 294.483612060547 294.419128417969 294.354644775391 294.248657226562 294.128845214844 294.009033203125 293.889221191406 293.769409179688 293.649597167969 293.52978515625 293.321899414062 292.849884033203
296.184814453125 296.342071533203 296.499359130859 296.656646728516 296.813934326172 296.971221923828 297.128479003906 297.198974609375 297.240539550781 297.282104492188 297.323669433594 297.365234375 297.406799316406 297.448364257812 297.434051513672 297.251983642578 297.069946289062 296.887908935547 296.705871582031 296.523834228516 296.341796875 296.159759521484 296.032440185547 295.92333984375 295.814270019531 295.705200195312 295.596099853516 295.487030029297 295.377960205078 295.285003662109 295.240417480469 295.195831298828 295.151245117188 295.106658935547 295.062072753906 295.017486572266 294.972900390625 294.871612548828 294.751434326172 294.631256103516 294.511108398438 294.390930175781 294.270751953125 294.150573730469 293.947875976562 293.497528076172
296.343048095703 296.486297607422 296.629577636719 296.772827148438 296.916107177734 297.059356689453 297.20263671875 297.263397216797 297.296630859375 297.329895019531 297.363159179688 297.396423339844 297.4296875 297.462951660156 297.444763183594 297.272308349609 297.099853515625 296.927398681641 296.754943847656 296.582489013672 296.410034179688 296.237579345703 296.152038574219 296.095458984375 296.038879394531 295.982299804688 295.925720214844 295.869140625 295.812530517578 295.763946533203 295.7392578125 295.714569091797 295.689880371094 295.665191650391 295.640502929688 295.615814208984 295.591125488281 295.494567871094 295.3740234375 295.253479003906 295.132965087891 295.012420654297 294.891906738281 294.771362304688 294.573822021484 294.145141601562
296.501281738281 296.630523681641 296.759765625 296.889007568359 297.018249511719 297.147521972656 297.276763916016 297.327789306641 297.352722167969 297.377685546875 297.402648925781 297.427612304688 297.452545166016 297.477508544922 297.455505371094 297.292633056641 297.129760742188 296.966918945312 296.804046630859 296.641174316406 296.478302001953 296.3154296875 296.271667480469 296.267578125 296.263488769531 296.259399414062 296.255310058594 296.251220703125 296.247131347656 296.242889404297 296.238098144531 296.233306884766 296.228515625 296.223724365234 296.218933105469 296.214141845703 296.209350585938 296.117492675781 295.996612548828 295.875732421875 295.754821777344 295.633941650391 295.513061523438 295.392181396484 295.199768066406 294.792755126953
296.659515380859 296.774749755859 296.889984130859 297.005187988281 297.120422363281 297.235656738281 297.350891113281 297.392181396484 297.408843994141 297.425476074219 297.442138671875 297.458770751953 297.475433349609 297.492065429688 297.466247558594 297.312957763672 297.15966796875 297.006408691406 296.853118896484 296.699829101562 296.546569824219 296.393280029297 296.391265869141 296.439666748047 296.488098144531 296.536499023438 296.584899902344 296.633331298828 296.681732177734 296.721801757812 296.736938476562 296.752044677734 296.767150878906 296.782257080078 296.79736328125 296.812469482422 296.827606201172 296.740447998047 296.619201660156 296.497955322266 296.376708984375 296.255462646484 296.134216308594 296.012969970703 295.825714111328 295.440399169922
296.862426757812 296.953308105469 297.044189453125 297.135070800781 297.225921630859 297.316802978516 297.407684326172 297.443878173828 297.461853027344 297.479827880859 297.497802734375 297.515808105469 297.533782958984 297.5517578125 297.530700683594 297.392578125 297.254455566406 297.116333007812 296.978210449219 296.840087890625 296.701934814453 296.563812255859 296.5810546875 296.650085449219 296.719116210938 296.788146972656 296.857147216797 296.926177978516 296.995208740234 297.049621582031 297.060272216797 297.070922851562 297.08154296875 297.092193603516 297.102844238281 297.113464355469 297.124114990234 297.040802001953 296.926177978516 296.811553955078 296.696929931641 296.582305908203 296.467681884766 296.353057861328 296.177368164062 295.818450927734
297.110046386719 297.166229248047 297.222412109375 297.278594970703 297.334777832031 297.390930175781 297.447113037109 297.482879638672 297.511810302734 297.540771484375 297.569702148438 297.598663330078 297.627593994141 297.656555175781 297.648895263672 297.531494140625 297.414093017578 297.296691894531 297.179290771484 297.061859130859 296.944458007812 296.827056884766 296.841033935547 296.898773193359 296.95654296875 297.014282226562 297.072052001953 297.129821777344 297.187561035156 297.226348876953 297.208129882812 297.18994140625 297.171722412109 297.153533935547 297.135314941406 297.117126464844 297.098907470703 297.018585205078 296.917572021484 296.816558837891 296.715545654297 296.614532470703 296.513488769531 296.412475585938 296.254760742188 295.926940917969
297.357666015625 297.379150390625 297.400634765625 297.422119140625 297.443603515625 297.465087890625 297.486572265625 297.521881103516 297.561798095703 297.601684570312 297.6416015625 297.681518554688 297.721435546875 297.761352539062 297.767120361328 297.67041015625 297.57373046875 297.47705078125 297.38037109375 297.283660888672 297.186981201172 297.090301513672 297.100982666016 297.147491455078 297.193969726562 297.240478515625 297.286956787109 297.333435058594 297.379943847656 297.403045654297 297.355987548828 297.308959960938 297.261901855469 297.21484375 297.167816162109 297.120758056641 297.073699951172 296.996398925781 296.908966064453 296.821563720703 296.734130859375 296.646728515625 296.559295654297 296.471893310547 296.332153320312 296.035400390625
297.605255126953 297.592041015625 297.578857421875 297.565643310547 297.552429199219 297.539215087891 297.526000976562 297.560882568359 297.611755371094 297.662628173828 297.713500976562 297.764373779297 297.815277099609 297.866149902344 297.885314941406 297.809356689453 297.733367919922 297.657409667969 297.581451416016 297.505462646484 297.429504394531 297.353546142578 297.360961914062 297.396179199219 297.431396484375 297.466644287109 297.501861572266 297.537078857422 297.572296142578 297.579742431641 297.503845214844 297.427978515625 297.352081298828 297.276184082031 297.200286865234 297.124389648438 297.048522949219 296.974182128906 296.900360107422 296.826538085938 296.752746582031 296.678924560547 296.605102539062 296.531311035156 296.409515380859 296.143890380859
297.852874755859 297.804962158203 297.757080078125 297.709167480469 297.661254882812 297.613372802734 297.565460205078 297.599853515625 297.661712646484 297.723571777344 297.785400390625 297.847259521484 297.909088134766 297.970947265625 298.003509521484 297.948272705078 297.893005371094 297.837768554688 297.782531738281 297.727264404297 297.672027587891 297.616760253906 297.620910644531 297.644897460938 297.668823242188 297.692810058594 297.716735839844 297.74072265625 297.7646484375 297.756439208984 297.651702880859 297.546966552734 297.442260742188 297.337524414062 297.232788085938 297.128051757812 297.023315429688 296.951965332031 296.891754150391 296.83154296875 296.771331787109 296.711120605469 296.650909423828 296.590698242188 296.486907958984 296.252380371094
298.100494384766 298.017883300781 297.935302734375 297.852691650391 297.770080566406 297.6875 297.604888916016 297.638854980469 297.711669921875 297.784484863281 297.857299804688 297.930114746094 298.0029296875 298.075744628906 298.121704101562 298.087188720703 298.052642822266 298.018127441406 297.983612060547 297.949066162109 297.91455078125 297.880004882812 297.880889892578 297.893585205078 297.906280517578 297.918975830078 297.931640625 297.9443359375 297.95703125 297.933135986328 297.799560546875 297.665985107422 297.532409667969 297.398834228516 297.265258789062 297.131683349609 296.998107910156 296.929779052734 296.883148193359 296.836547851562 296.789947509766 296.743316650391 296.696716308594 296.650115966797 296.564300537109 296.36083984375
298.188873291016 298.1015625 298.014221191406 297.926910400391 297.839569091797 297.752227783203 297.664916992188 297.691345214844 297.755706787109 297.820098876953 297.884460449219 297.948822021484 298.01318359375 298.077545166016 298.119293212891 298.093231201172 298.067169189453 298.041107177734 298.015045166016 297.988983154297 297.962921142578 297.936859130859 297.936492919922 297.944702148438 297.952911376953 297.961120605469 297.969299316406 297.977508544922 297.985717773438 297.954620361328 297.8056640625 297.656707763672 297.507751464844 297.358795166016 297.209808349609 297.060852050781 296.911895751953 296.847930908203 296.812255859375 296.776611328125 296.740966796875 296.705322265625 296.669647216797 296.634002685547 296.562408447266 296.382965087891
298.118103027344 298.055999755859 297.993896484375 297.931793212891 297.869689941406 297.807586669922 297.745483398438 297.75732421875 297.793853759766 297.830352783203 297.866851806641 297.903350830078 297.939880371094 297.976379394531 297.996276855469 297.966430664062 297.936584472656 297.90673828125 297.876892089844 297.847045898438 297.817199707031 297.787353515625 297.787750244141 297.798248291016 297.808746337891 297.819244384766 297.829742431641 297.840209960938 297.850708007812 297.820861816406 297.669982910156 297.519104003906 297.368194580078 297.217315673828 297.066436767578 296.915557861328 296.764678955078 296.706451416016 296.679107666016 296.651763916016 296.624420166016 296.597076416016 296.569732666016 296.542388916016 296.481231689453 296.318664550781
298.047302246094 298.010406494141 297.973541259766 297.936676025391 297.899810791016 297.862915039062 297.826049804688 297.823333740234 297.831970214844 297.840606689453 297.849273681641 297.85791015625 297.866546630859 297.875213623047 297.873260498047 297.839630126953 297.805999755859 297.772369384766 297.738739013672 297.705078125 297.671447753906 297.637817382812 297.639007568359 297.651794433594 297.664581298828 297.677368164062 297.690155029297 297.702941894531 297.715728759766 297.687103271484 297.534301757812 297.381500244141 297.228668212891 297.075866699219 296.923065185547 296.770233154297 296.617431640625 296.56494140625 296.545928955078 296.526885986328 296.507873535156 296.488830566406 296.469818115234 296.450775146484 296.400085449219 296.25439453125
297.976501464844 297.96484375 297.953216552734 297.941558837891 297.929931640625 297.918273925781 297.906616210938 297.889312744141 297.870086669922 297.850891113281 297.831665039062 297.812438964844 297.793243408203 297.774017333984 297.750244140625 297.712829589844 297.675415039062 297.637969970703 297.600555419922 297.563140869141 297.525726318359 297.48828125 297.490234375 297.505310058594 297.520416259766 297.535491943359 297.550567626953 297.565643310547 297.580718994141 297.553344726562 297.398620605469 297.243865966797 297.089141845703 296.934417724609 296.779663085938 296.624938964844 296.470184326172 296.423461914062 296.412750244141 296.402038574219 296.391326904297 296.380584716797 296.369873046875 296.359161376953 296.318908691406 296.190124511719
297.905700683594 297.919281005859 297.932861328125 297.946441650391 297.960021972656 297.973602294922 297.987182617188 297.955291748047 297.908203125 297.861145019531 297.814056396484 297.766998291016 297.719909667969 297.6728515625 297.627227783203 297.586029052734 297.544830322266 297.503601074219 297.46240234375 297.421173095703 297.379974365234 297.338775634766 297.341491699219 297.358856201172 297.376251220703 297.393615722656 297.410980224609 297.428344726562 297.445739746094 297.419586181641 297.262939453125 297.106262207031 296.949615478516 296.792938232422 296.636291503906 296.479614257812 296.322967529297 296.281982421875 296.279571533203 296.277191162109 296.274780273438 296.272369384766 296.269958496094 296.267547607422 296.237762451172 296.125854492188
297.834899902344 297.873718261719 297.912536621094 297.951324462891 297.990142822266 298.028961181641 298.067779541016 298.021270751953 297.946350097656 297.871398925781 297.796478271484 297.721527099609 297.646606445312 297.571685791016 297.504211425781 297.459228515625 297.414215087891 297.369232177734 297.32421875 297.279235839844 297.234222412109 297.189239501953 297.192749023438 297.21240234375 297.232086181641 297.251739501953 297.271392822266 297.291076660156 297.310729980469 297.285827636719 297.127258300781 296.968658447266 296.810089111328 296.651489257812 296.492889404297 296.334320068359 296.175720214844 296.140502929688 296.146423339844 296.152313232422 296.158233642578 296.164123535156 296.170013427734 296.175933837891 296.156585693359 296.061553955078
297.640899658203 297.720031738281 297.799163818359 297.878265380859 297.957397460938 298.036529541016 298.115661621094 298.062408447266 297.965026855469 297.867645263672 297.770263671875 297.672882080078 297.575500488281 297.478118896484 297.394653320312 297.352874755859 297.311126708984 297.269378662109 297.227630615234 297.185882568359 297.144104003906 297.102355957031 297.105651855469 297.123931884766 297.142242431641 297.160522460938 297.178833007812 297.197143554688 297.215423583984 297.189758300781 297.032165527344 296.874572753906 296.717010498047 296.559417724609 296.401824951172 296.244232177734 296.086639404297 296.046081542969 296.044555664062 296.043029785156 296.041473388672 296.039947509766 296.038391113281 296.036865234375 296.013000488281 295.922210693359
297.323638916016 297.458190917969 297.592742919922 297.727264404297 297.86181640625 297.996368408203 298.130920410156 298.078735351562 297.964294433594 297.849884033203 297.735473632812 297.621032714844 297.506622314453 297.392181396484 297.298492431641 297.267028808594 297.235534667969 297.204071044922 297.172576904297 297.141082763672 297.109619140625 297.078125 297.080200195312 297.093475341797 297.106750488281 297.119995117188 297.133270263672 297.146545410156 297.159820556641 297.13134765625 296.977691650391 296.824035644531 296.670349121094 296.516693115234 296.363037109375 296.209381103516 296.055725097656 295.998748779297 295.974029541016 295.949279785156 295.924530029297 295.899810791016 295.875061035156 295.850341796875 295.806976318359 295.707763671875
