data/working_set_collections/6091692-Cassins_Sparrow-M2/2015/tsurf_avg.asc
NCOLS 265 
NROWS 230 
XLLCORNER -115.5625 
YLLCORNER 24.8333333333333 
CELLSIZE 0.0833333333333333 
NODATA_value -9999 
[rows 160 to 179 of 230, columns 0 to 45 of 265]
293.435791015625 293.862030029297 294.288238525391 294.714447021484 295.140686035156 295.56689453125 295.993103027344 296.582244873047 297.225646972656 297.869079589844 298.512512207031 299.155944824219 -9999 -9999 -9999 -9999 -9999 -9999 -9999 -9999 -9999 -9999 -9999 -9999 -9999 -9999 -9999 -9999 -9999 -9999 297.329132080078 297.298553466797 297.267944335938 297.237335205078 297.206726074219 297.176116943359 297.1455078125 297.038269042969 296.905487060547 296.772705078125 296.639923095703 296.507110595703 296.374328613281 296.241546630859 296.113159179688 295.998016357422
293.730987548828 294.090789794922 294.450622558594 294.810424804688 295.170227050781 295.530029296875 295.889831542969 296.501892089844 297.197998046875 297.894104003906 298.590209960938 299.286315917969 -9999 -9999 -9999 -9999 -9999 -9999 -9999 -9999 -9999 -9999 -9999 -9999 -9999 -9999 -9999 -9999 -9999 -9999 -9999 297.330780029297 297.29833984375 297.265899658203 297.233459472656 297.201019287109 297.168579101562 297.068634033203 296.946136474609 296.823669433594 296.701202392578 296.578704833984 296.456237792969 296.333770751953 296.218353271484 296.124206542969
293.885192871094 294.200439453125 294.515716552734 294.830963134766 295.146240234375 295.461486816406 295.776733398438 296.376220703125 297.070404052734 297.764617919922 298.458831787109 299.153015136719 -9999 -9999 -9999 -9999 -9999 -9999 -9999 -9999 -9999 -9999 -9999 -9999 -9999 -9999 -9999 -9999 -9999 -9999 -9999 -9999 297.346374511719 297.310028076172 297.273681640625 297.2373046875 297.200958251953 297.098022460938 296.972869873047 296.847717285156 296.722564697266 296.597442626953 296.472290039062 296.347137451172 296.233642578125 296.155181884766
293.898376464844 294.190948486328 294.483520507812 294.776092529297 295.068664550781 295.361236572266 295.65380859375 296.205261230469 296.842956542969 297.480682373047 298.118377685547 298.756103515625 -9999 -9999 -9999 -9999 -9999 -9999 -9999 -9999 -9999 -9999 -9999 -9999 -9999 -9999 -9999 -9999 -9999 -9999 -9999 -9999 297.412017822266 297.369689941406 297.327331542969 297.284973144531 297.242645263672 297.12646484375 296.985656738281 296.844879150391 296.704071044922 296.563293457031 296.422485351562 296.281677246094 296.159057617188 296.090850830078
293.911560058594 294.181457519531 294.451354980469 294.721221923828 294.991119384766 295.261016845703 295.530883789062 296.034301757812 296.615509033203 297.196746826172 297.777954101562 298.359191894531 -9999 -9999 -9999 -9999 -9999 -9999 -9999 -9999 -9999 -9999 -9999 -9999 -9999 -9999 -9999 -9999 -9999 -9999 -9999 -9999 297.477661132812 297.429351806641 297.381011962891 297.332672119141 297.284332275391 297.154907226562 296.998474121094 296.842010498047 296.685577392578 296.529144287109 296.372680664062 296.216247558594 296.084442138672 296.026519775391
293.924743652344 294.171966552734 294.419158935547 294.666351318359 294.91357421875 295.160766601562 295.407958984375 295.863311767578 296.388061523438 296.912780761719 297.437530517578 297.962249755859 -9999 -9999 -9999 -9999 -9999 -9999 -9999 -9999 -9999 -9999 -9999 -9999 -9999 -9999 -9999 -9999 -9999 -9999 -9999 -9999 297.543334960938 297.488983154297 297.434661865234 297.380340576172 297.325988769531 297.183349609375 297.011260986328 296.839172363281 296.667083740234 296.494995117188 296.322875976562 296.150787353516 296.009826660156 295.962219238281
293.937927246094 294.162445068359 294.386962890625 294.611480712891 294.835998535156 295.060516357422 295.285034179688 295.692352294922 296.160614013672 296.628845214844 297.097076416016 297.565338134766 -9999 -9999 -9999 -9999 -9999 -9999 -9999 -9999 -9999 -9999 -9999 -9999 -9999 -9999 -9999 -9999 -9999 -9999 -9999 -9999 297.608978271484 297.548645019531 297.488342285156 297.428009033203 297.36767578125 297.211791992188 297.024047851562 296.836303710938 296.648559570312 296.460815429688 296.273101806641 296.085357666016 295.935211181641 295.897888183594
293.951110839844 294.152954101562 294.354797363281 294.556610107422 294.758453369141 294.960296630859 295.162109375 295.521392822266 295.933135986328 296.344909667969 296.756652832031 297.168395996094 -9999 -9999 -9999 -9999 -9999 -9999 -9999 -9999 -9999 -9999 -9999 -9999 -9999 -9999 -9999 -9999 -9999 -9999 -9999 -9999 -9999 297.608306884766 297.5419921875 297.475677490234 297.409362792969 297.240234375 297.036834716797 296.833465576172 296.630065917969 296.426666259766 296.223297119141 296.019897460938 295.860595703125 295.833587646484
294.101379394531 294.268737792969 294.436096191406 294.603454589844 294.770812988281 294.938171386719 295.105529785156 295.417266845703 295.777130126953 296.136993408203 296.496856689453 296.856719970703 297.216583251953 297.576446533203 -9999 -9999 -9999 -9999 -9999 -9999 -9999 -9999 -9999 -9999 -9999 -9999 -9999 -9999 -9999 -9999 -9999 -9999 -9999 -9999 297.734954833984 297.671203613281 297.607421875 297.429595947266 297.213745117188 296.997894287109 296.782043457031 296.566192626953 296.350341796875 296.134490966797 295.967224121094 295.945678710938
294.388671875 294.509765625 294.630859375 294.751953125 294.873046875 294.994140625 295.115234375 295.379943847656 295.692535400391 296.005096435547 296.317687988281 296.630249023438 296.942840576172 297.255432128906 297.567596435547 -9999 -9999 -9999 -9999 -9999 -9999 -9999 -9999 -9999 -9999 -9999 -9999 -9999 -9999 -9999 -9999 -9999 -9999 -9999 -9999 298.014556884766 297.961883544922 297.779876708984 297.554748535156 297.329620361328 297.104522705078 296.87939453125 296.654266357422 296.429138183594 296.255065917969 296.234191894531
294.675964355469 294.750793457031 294.825622558594 294.900451660156 294.975280761719 295.050140380859 295.124969482422 295.342651367188 295.607940673828 295.873229980469 296.138519287109 296.40380859375 296.669097900391 296.934387207031 297.217010498047 297.551696777344 297.886352539062 -9999 -9999 -9999 -9999 -9999 -9999 -9999 -9999 -9999 -9999 -9999 -9999 -9999 -9999 -9999 -9999 -9999 -9999 298.35791015625 298.316345214844 298.130157470703 297.895782470703 297.661376953125 297.426971435547 297.192565917969 296.958160400391 296.723754882812 296.542907714844 296.522705078125
294.963256835938 294.991821289062 295.020385742188 295.048950195312 295.077545166016 295.106109619141 295.134674072266 295.305328369141 295.523345947266 295.741333007812 295.959350585938 296.177337646484 296.395355224609 296.613342285156 296.866455078125 297.224853515625 297.583251953125 297.941650390625 -9999 -9999 -9999 -9999 -9999 -9999 -9999 -9999 -9999 -9999 -9999 -9999 -9999 -9999 -9999 -9999 -9999 -9999 298.670837402344 298.480438232422 298.236785888672 297.993103027344 297.749420166016 297.505737304688 297.262084960938 297.018402099609 296.830749511719 296.811218261719
-9999 295.232849121094 295.215148925781 295.197479248047 295.179779052734 295.162078857422 295.144409179688 295.268005371094 295.438720703125 295.609466552734 295.780181884766 295.950897216797 296.121612548828 296.292327880859 296.515899658203 296.898040771484 297.280151367188 297.662292480469 298.04443359375 298.426574707031 -9999 -9999 -9999 -9999 -9999 -9999 -9999 -9999 -9999 -9999 -9999 -9999 -9999 -9999 -9999 -9999 299.025299072266 298.830749511719 298.577789306641 298.324829101562 298.071899414062 297.818939208984 297.565979003906 297.313049316406 297.118591308594 297.099731445312
-9999 -9999 -9999 295.345977783203 295.282012939453 295.218078613281 295.154113769531 295.230712890625 295.354125976562 295.477569580078 295.601013183594 295.724426269531 295.847869873047 295.971282958984 296.165344238281 296.571197509766 296.977081298828 297.382934570312 297.788818359375 298.194671630859 298.600555419922 -9999 -9999 299.185302734375 299.229522705078 299.273773193359 -9999 -9999 -9999 -9999 -9999 -9999 -9999 -9999 -9999 -9999 299.379760742188 299.181030273438 298.918792724609 298.656555175781 298.394348144531 298.132110595703 297.869903564453 297.607666015625 297.406463623047 297.388244628906
-9999 -9999 -9999 -9999 295.297912597656 295.201416015625 295.104919433594 295.159545898438 295.264556884766 295.369537353516 295.474517822266 295.579528808594 295.684509277344 295.789489746094 295.967254638672 296.363311767578 296.759368896484 297.155456542969 297.551513671875 297.947570800781 298.343627929688 -9999 -9999 299.004974365234 299.099975585938 299.194976806641 299.289978027344 -9999 -9999 -9999 -9999 -9999 -9999 -9999 -9999 -9999 -9999 299.432678222656 299.165069580078 298.8974609375 298.629852294922 298.362274169922 298.094665527344 297.827056884766 297.622680664062 297.608032226562
-9999 -9999 -9999 -9999 -9999 -9999 -9999 295.054565429688 295.169952392578 295.285339355469 295.400756835938 295.516143798828 295.631561279297 295.746948242188 295.921691894531 296.274383544922 296.627105712891 296.979797363281 297.332489013672 297.685211181641 298.037902832031 298.390625 298.580963134766 298.717193603516 298.853424072266 298.989654541016 299.125885009766 299.262115478516 299.398345947266 -9999 -9999 -9999 -9999 -9999 -9999 -9999 -9999 -9999 299.316650390625 299.047546386719 298.778442382812 298.509368896484 298.240264892578 297.97119140625 297.767303466797 297.759094238281
-9999 -9999 -9999 -9999 -9999 -9999 -9999 -9999 295.075378417969 295.201171875 295.326965332031 295.452789306641 295.578582763672 295.704406738281 295.876098632812 296.185455322266 296.494812011719 296.804138183594 297.113494873047 297.4228515625 297.732208251953 298.041564941406 298.251983642578 298.429443359375 -9999 298.784332275391 298.961791992188 299.139221191406 299.316680908203 299.466156005859 -9999 -9999 -9999 -9999 -9999 -9999 -9999 299.73876953125 299.468200683594 299.197631835938 298.927032470703 298.656463623047 298.385894775391 298.115325927734 297.911926269531 297.910125732422
-9999 -9999 -9999 -9999 -9999 -9999 -9999 -9999 -9999 295.117004394531 295.253204345703 295.389434814453 295.525634765625 295.661865234375 295.830505371094 296.096527099609 296.362518310547 296.628509521484 296.894500732422 297.160491943359 297.426513671875 297.692504882812 297.923004150391 298.141662597656 -9999 -9999 298.797668457031 299.016357421875 299.235015869141 299.422241210938 -9999 -9999 -9999 -9999 -9999 -9999 300.072631835938 299.891815185547 299.619750976562 299.347686767578 299.075622558594 298.803558349609 298.531494140625 298.259429931641 298.056549072266 298.061187744141
-9999 -9999 -9999 -9999 -9999 -9999 -9999 -9999 -9999 -9999 -9999 295.326049804688 295.472686767578 295.619293212891 295.784942626953 296.007568359375 296.230224609375 296.452850341797 296.675506591797 296.898162841797 297.120788574219 297.343444824219 297.594024658203 297.853912353516 -9999 -9999 -9999 298.893463134766 299.153350830078 -9999 -9999 -9999 -9999 -9999 -9999 300.099731445312 300.219970703125 300.044860839844 299.771301269531 299.497772216797 299.224212646484 298.950653076172 298.677124023438 298.403564453125 298.201171875 298.212219238281
-9999 -9999 -9999 -9999 -9999 -9999 -9999 -9999 -9999 -9999 -9999 -9999 295.419708251953 295.576751708984 295.739349365234 295.918640136719 296.097930908203 296.277221679688 296.456512451172 296.635803222656 296.815093994141 296.994384765625 297.265045166016 297.566131591797 297.867248535156 298.168365478516 -9999 -9999 -9999 -9999 -9999 -9999 -9999 -9999 -9999 300.2197265625 300.367279052734 300.197906494141 299.922882080078 299.647827148438 -9999 299.097778320312 298.822723388672 298.547698974609 298.345794677734 298.363250732422
