data/working_set_collections/6091692-Cassins_Sparrow-M2/2015/tsurf_avg.asc
NCOLS 265 
NROWS 230 
XLLCORNER -115.5625 
YLLCORNER 24.8333333333333 
CELLSIZE 0.0833333333333333 
NODATA_value -9999 
[rows 20 to 39 of 230, columns 184 to 229 of 265]
283.136596679688 283.128509521484 283.120422363281 283.105194091797 283.087585449219 283.069976806641 283.052368164062 283.034759521484 283.017120361328 282.99951171875 282.987152099609 282.990478515625 282.993835449219 282.997192382812 283.000518798828 283.003875732422 283.007232666016 283.010559082031 283.004302978516 282.994812011719 282.985321044922 282.975860595703 282.966369628906 282.956878662109 282.947387695312 282.933868408203 282.908233642578 282.882629394531 282.856994628906 282.831359863281 282.805725097656 282.780090332031 282.754455566406 282.75732421875 282.769653320312 282.782012939453 282.794342041016 282.806701660156 282.819030761719 282.831390380859 282.840393066406 282.839477539062 282.838562011719 282.837646484375 282.836730957031 282.835815429688
283.177520751953 283.170928955078 283.164367675781 283.149047851562 283.130798339844 283.112548828125 283.094329833984 283.076080322266 283.057861328125 283.039611816406 283.026458740234 283.028564453125 283.030670166016 283.032775878906 283.034912109375 283.037017822266 283.039123535156 283.041229248047 283.030090332031 283.014556884766 282.998992919922 282.983459472656 282.967926025391 282.952362060547 282.936828613281 282.920806884766 282.903442382812 282.886047363281 282.86865234375 282.851287841797 282.833892822266 282.816528320312 282.799133300781 282.802093505859 282.811828613281 282.821563720703 282.831298828125 282.841033935547 282.850769042969 282.860504150391 282.869018554688 282.873870849609 282.878753662109 282.883605957031 282.888488769531 282.893341064453
283.218444824219 283.213348388672 283.208282470703 283.19287109375 283.174011230469 283.155151367188 283.136291503906 283.117431640625 283.098571777344 283.079711914062 283.065765380859 283.066650390625 283.067535400391 283.068389892578 283.069274902344 283.070129394531 283.071014404297 283.071868896484 283.055877685547 283.034271240234 283.012664794922 282.991058349609 282.969451904297 282.947845458984 282.926239013672 282.907745361328 282.898620605469 282.889495849609 282.880340576172 282.871215820312 282.862060546875 282.852935791016 282.843780517578 282.846862792969 282.853973388672 282.861114501953 282.868225097656 282.875366210938 282.882476806641 282.889617919922 282.897613525391 282.908264160156 282.918914794922 282.929565429688 282.940216064453 282.950866699219
283.259368896484 283.255767822266 283.252197265625 283.236694335938 283.217224121094 283.197723388672 283.178253173828 283.158782958984 283.139282226562 283.119812011719 283.105102539062 283.104736328125 283.104370117188 283.10400390625 283.103637695312 283.103271484375 283.102905273438 283.1025390625 283.081695556641 283.054016113281 283.026336669922 282.998687744141 282.971008300781 282.943328857422 282.915679931641 282.894683837891 282.893798828125 282.892913818359 282.892028808594 282.891143798828 282.890228271484 282.889343261719 282.888458251953 282.891632080078 282.896148681641 282.900665283203 282.905181884766 282.909698486328 282.914215087891 282.918731689453 282.926239013672 282.942657470703 282.959106445312 282.975524902344 282.991973876953 283.008392333984
283.296173095703 283.291229248047 283.286285400391 283.271362304688 283.253082275391 283.234802246094 283.216522216797 283.1982421875 283.179962158203 283.161682128906 283.147888183594 283.1474609375 283.147033691406 283.146606445312 283.146179199219 283.145751953125 283.145324707031 283.144897460938 283.123565673828 283.095245361328 283.066955566406 283.038665771484 283.010345458984 282.982055664062 282.953765869141 282.933746337891 282.938659667969 282.943542480469 282.948425292969 282.953308105469 282.958190917969 282.963104248047 282.967987060547 282.970611572266 282.972503662109 282.974365234375 282.976226806641 282.978118896484 282.97998046875 282.981872558594 282.987762451172 283.005767822266 283.023773193359 283.041748046875 283.059753417969 283.077758789062
283.328857421875 283.319702148438 283.310546875 283.296813964844 283.281585693359 283.266326904297 283.251098632812 283.235870361328 283.220611572266 283.205383300781 283.194122314453 283.19482421875 283.195495605469 283.196197509766 283.196868896484 283.197570800781 283.1982421875 283.198944091797 283.181488037109 283.157989501953 283.134490966797 283.110992431641 283.087493896484 283.063995361328 283.040496826172 283.024932861328 283.033142089844 283.041351318359 283.049560546875 283.057769775391 283.065979003906 283.074188232422 283.082397460938 283.083831787109 283.083038330078 283.082214355469 283.081420898438 283.080627441406 283.079803466797 283.079010009766 283.082244873047 283.097564697266 283.112915039062 283.128234863281 283.1435546875 283.158905029297
283.361541748047 283.348175048828 283.334777832031 283.322296142578 283.310089111328 283.297882080078 283.285675048828 283.273468017578 283.261291503906 283.249084472656 283.240386962891 283.2421875 283.243988037109 283.245788574219 283.247589111328 283.249389648438 283.251190185547 283.252990722656 283.239410400391 283.220733642578 283.202026367188 283.183349609375 283.164642333984 283.145965576172 283.127258300781 283.116119384766 283.127655029297 283.13916015625 283.150695800781 283.162231445312 283.173736572266 283.185272216797 283.196807861328 283.197052001953 283.193572998047 283.190093994141 283.186614990234 283.183135986328 283.179656982422 283.176147460938 283.176727294922 283.189392089844 283.202056884766 283.214721679688 283.227386474609 283.240051269531
283.394256591797 283.376647949219 283.359039306641 283.347747802734 283.338592529297 283.329437255859 283.320251464844 283.311096191406 283.301940917969 283.292755126953 283.28662109375 283.28955078125 283.292449951172 283.295379638672 283.298278808594 283.301208496094 283.304107666016 283.307037353516 283.297332763672 283.283447265625 283.269561767578 283.255676269531 283.241790771484 283.227905273438 283.214019775391 283.207305908203 283.222137451172 283.236999511719 283.251831054688 283.266662597656 283.281524658203 283.296356201172 283.311187744141 283.310302734375 283.304138183594 283.297973632812 283.291809082031 283.28564453125 283.279479980469 283.273315429688 283.271179199219 283.281188964844 283.291198730469 283.301177978516 283.311187744141 283.321197509766
283.426940917969 283.405090332031 283.383270263672 283.373229980469 283.367095947266 283.360961914062 283.354827880859 283.348724365234 283.342590332031 283.336456298828 283.332885742188 283.3369140625 283.340942382812 283.344970703125 283.348999023438 283.35302734375 283.357055664062 283.361083984375 283.355255126953 283.34619140625 283.337097167969 283.328002929688 283.318939208984 283.309844970703 283.300750732422 283.298492431641 283.316650390625 283.334808349609 283.352966308594 283.371124267578 283.389282226562 283.407440185547 283.425598144531 283.423522949219 283.414672851562 283.405822753906 283.39697265625 283.388153076172 283.379302978516 283.370452880859 283.365661621094 283.372985839844 283.380340576172 283.387664794922 283.39501953125 283.40234375
283.459625244141 283.433563232422 283.407531738281 283.398681640625 283.395599365234 283.392517089844 283.389404296875 283.386322021484 283.383239746094 283.380157470703 283.379119873047 283.38427734375 283.389404296875 283.394561767578 283.399688720703 283.404846191406 283.409973144531 283.415130615234 283.413208007812 283.408905029297 283.404632568359 283.400360107422 283.396057128906 283.391784667969 283.387512207031 283.389678955078 283.4111328125 283.4326171875 283.4541015625 283.4755859375 283.4970703125 283.518524169922 283.540008544922 283.536743164062 283.525207519531 283.513702392578 283.502166748047 283.490661621094 283.479125976562 283.467590332031 283.460144042969 283.464813232422 283.469482421875 283.474151611328 283.478820800781 283.483489990234
283.525787353516 283.497222900391 283.468627929688 283.460052490234 283.458160400391 283.456298828125 283.454406738281 283.452514648438 283.450622558594 283.44873046875 283.448760986328 283.454467773438 283.460205078125 283.465911865234 283.471649169922 283.477355957031 283.483093261719 283.488800048828 283.488525390625 283.486206054688 283.48388671875 283.481597900391 283.479278564453 283.476959228516 283.474670410156 283.478546142578 283.501007080078 283.523468017578 283.545928955078 283.568359375 283.5908203125 283.61328125 283.6357421875 283.632781982422 283.621337890625 283.609893798828 283.598449707031 283.587005615234 283.575592041016 283.564147949219 283.556365966797 283.5595703125 283.562805175781 283.566040039062 283.569244384766 283.572479248047
283.625427246094 283.596008300781 283.566589355469 283.557342529297 283.554809570312 283.552307128906 283.549774169922 283.547271728516 283.544738769531 283.542236328125 283.541778564453 283.547546386719 283.553314208984 283.55908203125 283.564849853516 283.570617675781 283.576385498047 283.582153320312 283.581207275391 283.578063964844 283.574890136719 283.571716308594 283.568542480469 283.565399169922 283.562225341797 283.565124511719 283.586212158203 283.607330322266 283.62841796875 283.649505615234 283.670623779297 283.691711425781 283.712799072266 283.711639404297 283.703033447266 283.694427490234 283.685852050781 283.67724609375 283.668640136719 283.660064697266 283.654357910156 283.657348632812 283.660339355469 283.663330078125 283.666290283203 283.669281005859
283.725067138672 283.69482421875 283.66455078125 283.654632568359 283.651458740234 283.648315429688 283.645172119141 283.642028808594 283.638885498047 283.635711669922 283.634826660156 283.640625 283.646423339844 283.652252197266 283.658050537109 283.663848876953 283.669677734375 283.675476074219 283.673919677734 283.669891357422 283.665863037109 283.661865234375 283.657836914062 283.65380859375 283.649780273438 283.651702880859 283.671447753906 283.691192626953 283.710906982422 283.730651855469 283.750396728516 283.770141601562 283.789855957031 283.790496826172 283.784729003906 283.778991699219 283.773223876953 283.767486572266 283.76171875 283.755981445312 283.752349853516 283.755096435547 283.757843017578 283.760589599609 283.763366699219 283.76611328125
283.82470703125 283.793609619141 283.762512207031 283.751892089844 283.748107910156 283.744323730469 283.740570068359 283.736785888672 283.733001708984 283.729217529297 283.727844238281 283.733703613281 283.739562988281 283.745391845703 283.751251220703 283.757110595703 283.762969970703 283.768798828125 283.7666015625 283.761749267578 283.756866455078 283.751983642578 283.747100830078 283.742218017578 283.737335205078 283.73828125 283.756652832031 283.775054931641 283.793426513672 283.811798095703 283.830169677734 283.848541259766 283.866912841797 283.869354248047 283.866424560547 283.863525390625 283.860626220703 283.857696533203 283.854797363281 283.851898193359 283.850341796875 283.852844238281 283.855377197266 283.857879638672 283.860412597656 283.862915039062
283.924346923828 283.892425537109 283.860473632812 283.849182128906 283.844757080078 283.840362548828 283.8359375 283.83154296875 283.827117919922 283.822692871094 283.820861816406 283.826782226562 283.832672119141 283.838562011719 283.844451904297 283.850341796875 283.856262207031 283.862152099609 283.859313964844 283.853576660156 283.847839355469 283.842102050781 283.836364746094 283.830657958984 283.824920654297 283.824859619141 283.841888427734 283.85888671875 283.875915527344 283.892944335938 283.909942626953 283.926971435547 283.944000244141 283.948181152344 283.948120117188 283.948059082031 283.947998046875 283.947937011719 283.947875976562 283.947814941406 283.948333740234 283.950622558594 283.952880859375 283.955169677734 283.957458496094 283.959716796875
284.023986816406 283.9912109375 283.958435058594 283.946441650391 283.94140625 283.936370849609 283.931335449219 283.92626953125 283.921234130859 283.916198730469 283.913909912109 283.919830322266 283.92578125 283.931732177734 283.937652587891 283.943603515625 283.949523925781 283.955474853516 283.952026367188 283.945434570312 283.938842773438 283.932250976562 283.925659179688 283.919067382812 283.912475585938 283.911437988281 283.927093505859 283.942749023438 283.958404541016 283.974060058594 283.98974609375 284.005401611328 284.021057128906 284.027038574219 284.029815673828 284.032623291016 284.035400390625 284.038177490234 284.040954589844 284.043731689453 284.046325683594 284.048370361328 284.050415039062 284.052459716797 284.054504394531 284.056549072266
284.131042480469 284.098968505859 284.066925048828 284.053924560547 284.047271728516 284.040618896484 284.033966064453 284.027313232422 284.020660400391 284.014007568359 284.010223388672 284.014984130859 284.019744873047 284.024536132812 284.029296875 284.034057617188 284.038818359375 284.043609619141 284.040100097656 284.033813476562 284.027557373047 284.021301269531 284.015014648438 284.008758544922 284.002502441406 284.001495361328 284.016357421875 284.031219482422 284.046081542969 284.060943603516 284.075836181641 284.090698242188 284.105560302734 284.112213134766 284.116119384766 284.120025634766 284.123962402344 284.127868652344 284.131774902344 284.135681152344 284.139068603516 284.140777587891 284.142486572266 284.144195556641 284.145904541016 284.147613525391
284.245483398438 284.215698242188 284.185943603516 284.171569824219 284.162322998047 284.153106689453 284.143859863281 284.134643554688 284.125396728516 284.116149902344 284.109832763672 284.112213134766 284.114593505859 284.116973876953 284.119354248047 284.121765136719 284.124145507812 284.126525878906 284.12353515625 284.118774414062 284.114013671875 284.109252929688 284.1044921875 284.099731445312 284.094970703125 284.095062255859 284.109680175781 284.124328613281 284.138946533203 284.153594970703 284.168212890625 284.182861328125 284.197479248047 284.203643798828 284.207000732422 284.210327148438 284.213684082031 284.217010498047 284.220336914062 284.223693847656 284.226531982422 284.227813720703 284.229095458984 284.230377197266 284.231658935547 284.232940673828
284.359924316406 284.332427978516 284.304931640625 284.289215087891 284.277404785156 284.265563964844 284.253753662109 284.241943359375 284.230133056641 284.218322753906 284.209442138672 284.209442138672 284.209442138672 284.209442138672 284.209442138672 284.209442138672 284.209442138672 284.209442138672 284.207000732422 284.203735351562 284.200469970703 284.197204589844 284.193969726562 284.190704345703 284.187438964844 284.188598632812 284.203002929688 284.217407226562 284.231811523438 284.246215820312 284.260620117188 284.275024414062 284.289428710938 284.295104980469 284.2978515625 284.300628662109 284.303405761719 284.30615234375 284.308929443359 284.311676025391 284.31396484375 284.314819335938 284.315673828125 284.316558837891 284.317413330078 284.318267822266
284.474365234375 284.449157714844 284.423950195312 284.406860351562 284.392456054688 284.378051757812 284.363647460938 284.349243164062 284.334869384766 284.320465087891 284.309051513672 284.306671142578 284.304290771484 284.301910400391 284.299499511719 284.297119140625 284.294738769531 284.292358398438 284.290435791016 284.288696289062 284.286926269531 284.285186767578 284.283416748047 284.281677246094 284.279907226562 284.282135009766 284.296325683594 284.310485839844 284.324645996094 284.338836669922 284.352996826172 284.3671875 284.38134765625 284.386535644531 284.388732910156 284.390930175781 284.393127441406 284.395294189453 284.397491455078 284.399688720703 284.401428222656 284.40185546875 284.402282714844 284.402709960938 284.403137207031 284.403594970703
