data/working_set_collections/6091692-Cassins_Sparrow-M2/2015/wchange_avg.asc
NCOLS 265 
NROWS 230 
XLLCORNER -115.5625 
YLLCORNER 24.8333333333333 
CELLSIZE 0.0833333333333333 
NODATA_value -9999 
[rows 0 to 17 of 230, columns 41 to 81 of 265]
-2.32364513408356e-07 -2.39416010572313e-07 -2.46467521947125e-07 -2.69166747557392e-07 -3.38809172717447e-07 -4.08451597877502e-07 -4.78094023037556e-07 -5.47736419775902e-07 -6.17378873357666e-07 -6.87021270096011e-07 -7.56663723677775e-07 -7.52785808799672e-07 -7.24401104434946e-07 -6.96016400070221e-07 -6.67631695705495e-07 -6.39247048184188e-07 -6.10862343819463e-07 -5.82477639454737e-07 -5.54431551336165e-07 -5.27401311956055e-07 -5.00371129419364e-07 -4.73340890039253e-07 -4.46310679080852e-07 -4.19280468122452e-07 -3.92250228742341e-07 -3.6522001778394e-07 -3.2075689659905e-07 -2.70482786390858e-07 -2.20208676182665e-07 -1.69934580185327e-07 -1.19660469977134e-07 -6.93863739797962e-08 -1.9112269100674e-08 2.02069241339586e-08 2.66613895405499e-08 3.31158531707842e-08 3.95703203537323e-08 4.60247839839667e-08 5.24792511669148e-08 5.89337147971492e-08 6.53881784273835e-08
-2.16798369478965e-07 -2.21565343849761e-07 -2.26332318220557e-07 -2.49647143846232e-07 -3.28605608501675e-07 -4.07564073157118e-07 -4.86522537812561e-07 -5.65480945624586e-07 -6.44439410280029e-07 -7.23397874935472e-07 -8.02356339590915e-07 -7.95162975464336e-07 -7.59252429816115e-07 -7.23341827324475e-07 -6.87431224832835e-07 -6.51520622341195e-07 -6.15610076692974e-07 -5.79699474201334e-07 -5.46910371213016e-07 -5.23485880421504e-07 -5.00061332786572e-07 -4.7663681357335e-07 -4.53212294360128e-07 -4.29787775146906e-07 -4.06363255933684e-07 -3.82938736720462e-07 -3.39508829938495e-07 -2.8941047958142e-07 -2.39312157646054e-07 -1.89213807288979e-07 -1.39115456931904e-07 -8.90171136802564e-08 -3.89187704286087e-08 7.54662887736401e-10 9.15336784146348e-09 1.75520735723467e-08 2.59507793032299e-08 3.43494832577562e-08 4.27481907649963e-08 5.11468947195226e-08 5.9545598674049e-08
-2.0123221133872e-07 -2.03714662916354e-07 -2.06197114493989e-07 -2.30127568556782e-07 -3.18402044285904e-07 -4.06676520015026e-07 -4.94950995744148e-07 -5.8322547147327e-07 -6.71499947202392e-07 -7.59774479774933e-07 -8.48048955504055e-07 -8.3754019897242e-07 -7.94103698353865e-07 -7.5066725457873e-07 -7.07230753960175e-07 -6.63794253341621e-07 -6.20357809566485e-07 -5.76921308947931e-07 -5.39389247933286e-07 -5.19570392043534e-07 -4.997515929972e-07 -4.79932737107447e-07 -4.60113909639404e-07 -4.4029508217136e-07 -4.20476254703317e-07 -4.00657427235274e-07 -3.58260791699649e-07 -3.08338201193692e-07 -2.58415610687734e-07 -2.08493034392632e-07 -1.58570443886674e-07 -1.08647860486144e-07 -5.87252735329002e-08 -1.86975999127981e-08 -8.35465385762291e-09 1.98829219755225e-09 1.23312382527274e-08 2.26741843079026e-08 3.30171303630777e-08 4.33600746418961e-08 5.37030189207144e-08
-1.85666053198474e-07 -1.85863981982948e-07 -1.86061910767421e-07 -2.10607979056476e-07 -3.08198480070132e-07 -4.05788995294643e-07 -5.03379510519153e-07 -6.00969997321954e-07 -6.98560540968174e-07 -7.96151027770975e-07 -8.93741514573776e-07 -8.79917365637084e-07 -8.28955023735034e-07 -7.77992624989565e-07 -7.27030283087515e-07 -6.76067884342046e-07 -6.25105485596578e-07 -5.74143143694528e-07 -5.31868067810137e-07 -5.15654960508982e-07 -4.99441796364408e-07 -4.83228689063253e-07 -4.67015524918679e-07 -4.50802389195815e-07 -4.3458925347295e-07 -4.18376117750086e-07 -3.77012725039094e-07 -3.27265894384254e-07 -2.77519092151124e-07 -2.27772247285429e-07 -1.78025430841444e-07 -1.28278600186604e-07 -7.85317766371918e-08 -3.81498601598196e-08 -2.58626755567093e-08 -1.35754891772422e-08 -1.28830301981964e-09 1.09988826935137e-08 2.32860699611592e-08 3.55732545642695e-08 4.78604427200935e-08
-1.70099895058229e-07 -1.68013301049541e-07 -1.65926707040853e-07 -1.91088403767026e-07 -2.9799494427607e-07 -4.04901470574259e-07 -5.11808025294158e-07 -6.18714523170638e-07 -7.25621077890537e-07 -8.32527632610436e-07 -9.39434130486916e-07 -9.22294589145167e-07 -8.63806292272784e-07 -8.0531805224382e-07 -7.46829755371436e-07 -6.88341515342472e-07 -6.29853218470089e-07 -5.71364978441125e-07 -5.24346887686988e-07 -5.11739472131012e-07 -4.99132056575036e-07 -4.8652458417564e-07 -4.73917140197955e-07 -4.61309724641978e-07 -4.48702280664293e-07 -4.36094836686607e-07 -3.95764686800248e-07 -3.46193615996526e-07 -2.96622545192804e-07 -2.47051474389082e-07 -1.97480417796214e-07 -1.47909346992492e-07 -9.83382761887697e-08 -5.76021221831979e-08 -4.33706972557957e-08 -2.91392705520366e-08 -1.49078438482775e-08 -6.76417533096441e-10 1.35550086710623e-08 2.7786434486643e-08 4.20178629667589e-08
-1.54533736917983e-07 -1.50162620116134e-07 -1.45791503314285e-07 -1.7156881426672e-07 -2.87791380060298e-07 -4.04013945853876e-07 -5.20236483225744e-07 -6.36459049019322e-07 -7.526816148129e-07 -8.68904180606478e-07 -9.85126803243475e-07 -9.6467181265325e-07 -8.98657617653953e-07 -8.32643479498074e-07 -7.66629284498777e-07 -7.00615146342898e-07 -6.346009513436e-07 -5.68586813187721e-07 -5.16825764407258e-07 -5.07823983753042e-07 -4.98822259942244e-07 -4.89820536131447e-07 -4.8081875547723e-07 -4.71817031666433e-07 -4.62815279433926e-07 -4.53813527201419e-07 -4.14516620139693e-07 -3.65121309187089e-07 -3.15725998234484e-07 -2.66330715703589e-07 -2.16935390540129e-07 -1.6754009379838e-07 -1.18144782845775e-07 -7.705438775929e-08 -6.08787189548821e-08 -4.47030501504742e-08 -2.85273848987799e-08 -1.23517178707289e-08 3.82394871323299e-09 1.99996161853733e-08 3.61752832134243e-08
-1.22530309454305e-07 -1.13235628873554e-07 -1.0394095539823e-07 -1.29693859207691e-07 -2.60589501976938e-07 -3.91485116324475e-07 -5.22380730672012e-07 -6.53276401862968e-07 -7.84172016210505e-07 -9.15067630558042e-07 -1.04596324490558e-06 -1.02541605428996e-06 -9.54387928686629e-07 -8.83359746239876e-07 -8.12331563793123e-07 -7.4130338134637e-07 -6.70275255743036e-07 -5.99247073296283e-07 -5.43448493317555e-07 -5.33338550212648e-07 -5.23228663951159e-07 -5.1311877768967e-07 -5.03008834584762e-07 -4.92898948323273e-07 -4.82789062061784e-07 -4.72679147378585e-07 -4.32913935810575e-07 -3.83263596859251e-07 -3.33613286329637e-07 -2.83962975800023e-07 -2.34312636848699e-07 -1.84662326319085e-07 -1.35012001578616e-07 -9.3281919077981e-08 -7.53125632968477e-08 -5.73432039630006e-08 -3.93738481818673e-08 -2.14044906243771e-08 -3.43513417710994e-09 1.45342227142464e-08 3.25035784953798e-08
-7.40895842454847e-08 -5.72323202163716e-08 -4.03750561872585e-08 -6.54635385899383e-08 -2.16389281604279e-07 -3.67315038829474e-07 -5.1824076763296e-07 -6.69166524858156e-07 -8.20092282083351e-07 -9.71018039308547e-07 -1.12194379653374e-06 -1.10452742774214e-06 -1.03099716852739e-06 -9.57466909312643e-07 -8.83936650097894e-07 -8.10406334039726e-07 -7.36876074824977e-07 -6.63345758766809e-07 -6.0421507441788e-07 -5.88283171509829e-07 -5.72351268601778e-07 -5.56419308850309e-07 -5.40487405942258e-07 -5.24555503034208e-07 -5.08623543282738e-07 -4.92691640374687e-07 -4.50956576969475e-07 -4.00620479013014e-07 -3.50284352634844e-07 -2.99948254678384e-07 -2.49612156721923e-07 -1.99276044554608e-07 -1.48939932387293e-07 -1.06284730350126e-07 -8.66722302816925e-08 -6.70597302132592e-08 -4.74472336975396e-08 -2.78347371818199e-08 -8.22223977792191e-09 1.13902576259761e-08 3.10027559180526e-08
-2.56488679184486e-08 -1.22901044896651e-09 2.31908465764263e-08 -1.23322296818884e-09 -1.72189075442475e-07 -3.43144932912764e-07 -5.14100804593909e-07 -6.85056647853344e-07 -8.56012491112779e-07 -1.02696833437221e-06 -1.19792423447507e-06 -1.18363891488116e-06 -1.10760652205499e-06 -1.03157401554199e-06 -9.55541622715828e-07 -8.79509286733082e-07 -8.03476893906918e-07 -7.27444501080754e-07 -6.64981712361623e-07 -6.43227735963592e-07 -6.2147381640898e-07 -5.99719896854367e-07 -5.77965920456336e-07 -5.56212000901724e-07 -5.34458081347111e-07 -5.12704161792499e-07 -4.68999218128374e-07 -4.17977332745068e-07 -3.66955447361761e-07 -3.15933561978454e-07 -2.64911648173438e-07 -2.13889762790131e-07 -1.6286786319597e-07 -1.19287534516843e-07 -9.80318972665373e-08 -7.67762600162314e-08 -5.55206192132118e-08 -3.4264981962906e-08 -1.30093447126001e-08 8.24629342588423e-09 2.95019315643685e-08
2.27918501849445e-08 5.47743006507062e-08 8.67567493401111e-08 6.29970955401404e-08 -1.27988869280671e-07 -3.18974826996055e-07 -5.09960784711438e-07 -7.00946770848532e-07 -8.91932700142206e-07 -1.08291874312272e-06 -1.27390467241639e-06 -1.26275028833334e-06 -1.18421576189576e-06 -1.10568123545818e-06 -1.0271467090206e-06 -9.4861218258302e-07 -8.70077712988859e-07 -7.9154318655128e-07 -7.25748293461947e-07 -6.98172357260773e-07 -6.70596421059599e-07 -6.43020428015006e-07 -6.15444491813832e-07 -5.87868555612658e-07 -5.60292562568065e-07 -5.32716626366891e-07 -4.87041859287274e-07 -4.3533421489883e-07 -3.83626513666968e-07 -3.31918840856815e-07 -2.80211168046662e-07 -2.28503481025655e-07 -1.76795794004647e-07 -1.32290338683561e-07 -1.09391564251382e-07 -8.64927827137763e-08 -6.35940082815978e-08 -4.06952302967056e-08 -1.77964505354566e-08 5.10232789352472e-09 2.80011072106845e-08
7.12325700646943e-08 1.10777612860602e-07 1.50322648551082e-07 1.27227409052466e-07 -8.37886560134393e-08 -2.94804721079345e-07 -5.05820821672387e-07 -7.1683689384372e-07 -9.27852966015053e-07 -1.13886903818639e-06 -1.34988511035772e-06 -1.34186166178552e-06 -1.26082500173652e-06 -1.17978834168753e-06 -1.09875179532537e-06 -1.01771513527638e-06 -9.366785320708e-07 -8.55641872021806e-07 -7.86514931405691e-07 -7.53116921714536e-07 -7.197189688668e-07 -6.86321016019065e-07 -6.52923063171329e-07 -6.19525053480174e-07 -5.86127100632439e-07 -5.52729147784703e-07 -5.05084528867883e-07 -4.52691068630884e-07 -4.00297608393885e-07 -3.47904148156886e-07 -2.95510659498177e-07 -2.43117199261178e-07 -1.90723724813324e-07 -1.45293142850278e-07 -1.207512241308e-07 -9.62093125167485e-08 -7.166739379727e-08 -4.71254750777916e-08 -2.25835563583132e-08 1.95836302729901e-09 2.65002810806436e-08
1.19673288168087e-07 1.66780921517784e-07 2.13888554867481e-07 1.91457729670219e-07 -3.95884498516352e-08 -2.70634643584344e-07 -5.01680801789917e-07 -7.32727016838908e-07 -9.63773231887899e-07 -1.19481933325005e-06 -1.42586554829904e-06 -1.42097303523769e-06 -1.33743435526412e-06 -1.25389556160371e-06 -1.1703567679433e-06 -1.08681808796973e-06 -1.00327929430932e-06 -9.19740557492332e-07 -8.47281512506015e-07 -8.08061543011718e-07 -7.6884157351742e-07 -7.29621547179704e-07 -6.90401577685407e-07 -6.51181608191109e-07 -6.11961638696812e-07 -5.72741612359096e-07 -5.23127198448492e-07 -4.70047922362937e-07 -4.16968674699092e-07 -3.63889427035247e-07 -3.10810179371401e-07 -2.57730931707556e-07 -2.04651669832856e-07 -1.5829596122785e-07 -1.32110898221072e-07 -1.05925842319721e-07 -7.97407793129423e-08 -5.35557198588776e-08 -2.7370660404813e-08 -1.18560183892669e-09 2.49994567269596e-08
1.36917293502847e-07 1.80531401383632e-07 2.24145523475272e-07 1.99998439143201e-07 -2.74322253801529e-08 -2.54862897008934e-07 -4.82293557979574e-07 -7.09724190528505e-07 -9.37154879920854e-07 -1.1645855693132e-06 -1.39201620186213e-06 -1.39225915063435e-06 -1.31677279568976e-06 -1.24128655443201e-06 -1.16580019948742e-06 -1.09031395822967e-06 -1.01482760328508e-06 -9.39341305183916e-07 -8.7237549450947e-07 -8.30971032428351e-07 -7.89566570347233e-07 -7.48162108266115e-07 -7.06757703028416e-07 -6.65353240947297e-07 -6.23948778866179e-07 -5.82544316785061e-07 -5.31835667061387e-07 -4.78025526717829e-07 -4.2421544321769e-07 -3.70405331295842e-07 -3.16595219373994e-07 -2.62785135873855e-07 -2.08975023952007e-07 -1.61941599685633e-07 -1.35238195753118e-07 -1.08534777609748e-07 -8.18313665718051e-08 -5.51279590865761e-08 -2.84245498249902e-08 -1.7211392311367e-09 2.49822704745384e-08
1.22964578963547e-07 1.52029059563574e-07 1.81093540163602e-07 1.52849523260556e-07 -4.73199825989923e-08 -2.47489481353114e-07 -4.47659004976231e-07 -6.47828528599348e-07 -8.47998023800756e-07 -1.04816751900216e-06 -1.24833707104699e-06 -1.25571989428863e-06 -1.19884066407394e-06 -1.14196132017241e-06 -1.08508197627089e-06 -1.02820274605619e-06 -9.71323402154667e-07 -9.14444115096558e-07 -8.61796763729217e-07 -8.21845389964437e-07 -7.81894016199658e-07 -7.41942699278297e-07 -7.01991325513518e-07 -6.62039951748739e-07 -6.22088577983959e-07 -5.8213720421918e-07 -5.31209877863148e-07 -4.76623881695559e-07 -4.22037857106261e-07 -3.67451860938672e-07 -3.12865836349374e-07 -2.58279840181785e-07 -2.03693829803342e-07 -1.56230072434482e-07 -1.30133102516083e-07 -1.04036132597685e-07 -7.79391626792858e-08 -5.1842192760887e-08 -2.57452210661313e-08 3.51750933935691e-10 2.644872232338e-08
1.09011857318819e-07 1.23526703532661e-07 1.38041556851931e-07 1.05700614483339e-07 -6.7207736265118e-08 -2.40116094119003e-07 -4.13024451972888e-07 -5.85932809826772e-07 -7.58841167680657e-07 -9.31749468691123e-07 -1.10465782654501e-06 -1.11918075162976e-06 -1.08090841877129e-06 -1.04263608591282e-06 -1.00436375305435e-06 -9.6609142019588e-07 -9.2781914418083e-07 -8.8954686816578e-07 -8.51218032948964e-07 -8.12719804343942e-07 -7.74221518895502e-07 -7.35723233447061e-07 -6.9722494799862e-07 -6.5872666255018e-07 -6.20228433945158e-07 -5.81730148496717e-07 -5.30584145508328e-07 -4.7522220825158e-07 -4.19860299416541e-07 -3.64498362159793e-07 -3.09136453324754e-07 -2.53774544489715e-07 -1.98412621443822e-07 -1.50518545183331e-07 -1.25028023489904e-07 -9.95374875856214e-08 -7.40469587867665e-08 -4.85564228824842e-08 -2.30658905309156e-08 2.42464115451924e-09 2.79151741722217e-08
9.50591427795189e-08 9.50243617126034e-08 9.4989580645688e-08 5.85516986006951e-08 -8.70954934839574e-08 -2.32742692674037e-07 -3.78389898969544e-07 -5.24037091054197e-07 -6.6968425471714e-07 -8.15331475223502e-07 -9.60978695729864e-07 -9.82641495284042e-07 -9.62976173468633e-07 -9.43310851653223e-07 -9.23645529837813e-07 -9.03980264865822e-07 -8.84314943050413e-07 -8.64649621235003e-07 -8.4063935901213e-07 -8.03594161880028e-07 -7.66548964747926e-07 -7.29503767615824e-07 -6.92458570483723e-07 -6.5541343019504e-07 -6.18368233062938e-07 -5.81323035930836e-07 -5.2995835631009e-07 -4.73820534807601e-07 -4.17682713305112e-07 -3.61544891802623e-07 -3.05407070300134e-07 -2.49269248797646e-07 -1.93131427295157e-07 -1.44807032143035e-07 -1.19922930252869e-07 -9.50388425735582e-08 -7.01547477888198e-08 -4.52706565567951e-08 -2.03865617720567e-08 4.4975312363249e-09 2.93816242447065e-08
8.11064282402185e-08 6.65220198925454e-08 5.19376044394448e-08 1.1402785382586e-08 -1.06983250702797e-07 -2.25369291229072e-07 -3.43755345966201e-07 -4.62141372281621e-07 -5.80527398597042e-07 -6.98913424912462e-07 -8.17299508071301e-07 -8.46102238938329e-07 -8.45043928165978e-07 -8.43985617393628e-07 -8.42927306621277e-07 -8.41868995848927e-07 -8.40810685076576e-07 -8.39752374304226e-07 -8.30060628231877e-07 -7.94468519416114e-07 -7.5887646744377e-07 -7.23284358628007e-07 -6.87692249812244e-07 -6.52100140996481e-07 -6.16508032180718e-07 -5.80915923364955e-07 -5.2933262395527e-07 -4.72418889785331e-07 -4.15505155615392e-07 -3.58591421445453e-07 -3.01677687275514e-07 -2.44763953105576e-07 -1.87850218935637e-07 -1.39095504891884e-07 -1.1481785122669e-07 -9.0540197561495e-08 -6.62625438963005e-08 -4.19848866783923e-08 -1.77072330131978e-08 6.57042154017518e-09 3.08480743171913e-08
6.71537137009182e-08 3.80196709670599e-08 8.88562645684488e-09 -3.57461260591663e-08 -1.26871015027064e-07 -2.17995889784106e-07 -3.09120764541149e-07 -4.00245653509046e-07 -4.91370542476943e-07 -5.8249543144484e-07 -6.73620320412738e-07 -7.09563039436034e-07 -7.27111739706743e-07 -7.44660439977451e-07 -7.62209083404741e-07 -7.7975778367545e-07 -7.97306483946159e-07 -8.14855184216867e-07 -8.19481954295043e-07 -7.85342933795619e-07 -7.51203913296195e-07 -7.1706489279677e-07 -6.82925872297346e-07 -6.48786851797922e-07 -6.14647831298498e-07 -5.80508810799074e-07 -5.28706834757031e-07 -4.71017216341352e-07 -4.13327569503963e-07 -3.55637922666574e-07 -2.97948304250895e-07 -2.40258657413506e-07 -1.82569010576117e-07 -1.33383977640733e-07 -1.09712765095082e-07 -8.60415525494318e-08 -6.23703328983538e-08 -3.86991203527032e-08 -1.50279042543389e-08 8.64331184402545e-09 3.23145279423898e-08
