data/working_set_collections/6091692-Cassins_Sparrow-M2/2015/wchange_avg.asc
NCOLS 265 
NROWS 230 
XLLCORNER -115.5625 
YLLCORNER 24.8333333333333 
CELLSIZE 0.0833333333333333 
NODATA_value -9999 
[rows 36 to 53 of 230, columns 123 to 163 of 265]
-1.7559885634455e-07 -1.94099939676562e-07 -2.12601037219429e-07 -2.31102120551441e-07 -2.37996133023444e-07 -2.41021126612395e-07 -2.44046134412201e-07 -2.47071113790298e-07 -2.50096121590104e-07 -2.53121100968201e-07 -2.56146108768007e-07 -2.58316191548147e-07 -2.57921499269287e-07 -2.57526806990427e-07 -2.57132114711567e-07 -2.56737450854416e-07 -2.56342758575556e-07 -2.55948066296696e-07 -2.55553402439546e-07 -2.47537343511794e-07 -2.36980838508316e-07 -2.26424333504838e-07 -2.15867828501359e-07 -2.05311323497881e-07 -1.94754818494403e-07 -1.84198313490924e-07 -1.71357086742319e-07 -1.51661737390896e-07 -1.31966373828618e-07 -1.1227101026634e-07 -9.25756467040628e-08 -7.28802902472125e-08 -5.31849266849349e-08 -3.3489566675371e-08 -2.9407534185566e-08 -3.05299465708231e-08 -3.16523554033665e-08 -3.27747677886236e-08 -3.38971766211671e-08 -3.50195854537105e-08 -3.61419978389677e-08
-1.82517624125467e-07 -2.013020719005e-07 -2.20086519675533e-07 -2.38870967450566e-07 -2.47795412633423e-07 -2.53433199759456e-07 -2.5907098688549e-07 -2.64708774011524e-07 -2.70346561137558e-07 -2.75984348263592e-07 -2.81622135389625e-07 -2.85261251065094e-07 -2.82904437653997e-07 -2.80547624242899e-07 -2.78190782410093e-07 -2.75833968998995e-07 -2.73477127166188e-07 -2.71120313755091e-07 -2.68763471922284e-07 -2.60295649923137e-07 -2.49790815587403e-07 -2.39285981251669e-07 -2.28781146915935e-07 -2.18276312580201e-07 -2.07771478244467e-07 -1.97266643908733e-07 -1.83823303245845e-07 -1.61564415179782e-07 -1.39305512902865e-07 -1.17046624836803e-07 -9.47877367707406e-08 -7.25288487046782e-08 -5.02699570859022e-08 -2.80110654671262e-08 -2.23648992658809e-08 -2.22563052432179e-08 -2.21477129969117e-08 -2.20391189742486e-08 -2.19305267279424e-08 -2.18219327052793e-08 -2.17133386826163e-08
-1.89436391906384e-07 -2.08504204124438e-07 -2.27572002131637e-07 -2.46639814349692e-07 -2.57594706454256e-07 -2.65845272906517e-07 -2.74095839358779e-07 -2.8234643423275e-07 -2.90597000685011e-07 -2.98847567137273e-07 -3.07098162011243e-07 -3.12206339003751e-07 -3.07887376038707e-07 -3.03568413073663e-07 -2.99249450108618e-07 -2.94930487143574e-07 -2.90611495756821e-07 -2.86292532791776e-07 -2.81973569826732e-07 -2.73053956334479e-07 -2.6260079266649e-07 -2.521476289985e-07 -2.41694465330511e-07 -2.31241315873376e-07 -2.20788152205387e-07 -2.10334988537397e-07 -1.96289505538516e-07 -1.71467092968669e-07 -1.46644666187967e-07 -1.21822239407265e-07 -9.69998268374184e-08 -7.21774071621439e-08 -4.73549839341558e-08 -2.25325660352382e-08 -1.5322262569839e-08 -1.39826656919695e-08 -1.26430688140999e-08 -1.13034719362304e-08 -9.96387505836083e-09 -8.62427818049127e-09 -7.28468174671093e-09
-1.963551596873e-07 -2.15706322137521e-07 -2.35057498798596e-07 -2.54408661248817e-07 -2.6739397185338e-07 -2.78257346053579e-07 -2.89120720253777e-07 -2.99984066032266e-07 -3.10847440232465e-07 -3.21710814432663e-07 -3.32574160211152e-07 -3.39151426942408e-07 -3.32870314423417e-07 -3.26589201904426e-07 -3.20308089385435e-07 -3.14026976866444e-07 -3.07745892769162e-07 -3.01464780250171e-07 -2.9518366773118e-07 -2.85812262745821e-07 -2.75410769745577e-07 -2.65009276745332e-07 -2.54607783745087e-07 -2.44206319166551e-07 -2.33804811955451e-07 -2.23403318955206e-07 -2.08755722042042e-07 -1.81369770757556e-07 -1.53983819473069e-07 -1.26597868188583e-07 -9.92119169040961e-08 -7.18259656196096e-08 -4.44400143351231e-08 -1.70540648269935e-08 -8.27962676197558e-09 -5.70902614072111e-09 -3.13842551946664e-09 -5.67825175767922e-10 2.0027752789531e-09 4.57337590020757e-09 7.14397607737283e-09
-2.03273927468217e-07 -2.22908454361459e-07 -2.42542995465556e-07 -2.62177508147943e-07 -2.77193265674214e-07 -2.9066941920064e-07 -3.04145572727066e-07 -3.17621726253492e-07 -3.31097879779918e-07 -3.44574033306344e-07 -3.5805018683277e-07 -3.66096486459355e-07 -3.57853252808127e-07 -3.49609990735189e-07 -3.41366757083961e-07 -3.33123495011023e-07 -3.24880261359795e-07 -3.16636999286857e-07 -3.08393765635628e-07 -2.98570597578873e-07 -2.88220775246373e-07 -2.77870952913872e-07 -2.67521130581372e-07 -2.57171308248871e-07 -2.46821485916371e-07 -2.3647166358387e-07 -2.21221924334714e-07 -1.91272448546442e-07 -1.61322958547316e-07 -1.31373482759045e-07 -1.01424006970774e-07 -7.14745240770753e-08 -4.15250447360904e-08 -1.15755636187487e-08 -1.23699051002291e-09 2.56461363257188e-09 6.36621777516666e-09 1.0167822139806e-08 1.3969425616267e-08 1.77710308690848e-08 2.15726334573674e-08
-2.10192695249134e-07 -2.30110586585397e-07 -2.5002847792166e-07 -2.69946355047068e-07 -2.86992531073338e-07 -3.03081492347701e-07 -3.19170425200355e-07 -3.35259386474718e-07 -3.51348319327371e-07 -3.67437280601735e-07 -3.83526213454388e-07 -3.93041574398012e-07 -3.82836191192837e-07 -3.72630807987662e-07 -3.62425396360777e-07 -3.52220013155602e-07 -3.42014629950427e-07 -3.31809246745252e-07 -3.21603863540076e-07 -3.11328903990216e-07 -3.0103075232546e-07 -2.90732600660704e-07 -2.80434448995948e-07 -2.70136297331192e-07 -2.59838145666436e-07 -2.4953999400168e-07 -2.33688126627385e-07 -2.01175126335329e-07 -1.68662111832418e-07 -1.36149097329508e-07 -1.03636089932024e-07 -7.1123082534541e-08 -3.8610071584344e-08 -6.0970628545931e-09 5.80564574192977e-09 1.08382529617757e-08 1.58708601816215e-08 2.09034691778243e-08 2.59360763976701e-08 3.09686853938729e-08 3.60012926137188e-08
-2.11765438962175e-07 -2.31699004871189e-07 -2.51632570780203e-07 -2.71566108267507e-07 -2.89949724674443e-07 -3.07816691247353e-07 -3.25683629398554e-07 -3.43550595971465e-07 -3.61417562544375e-07 -3.79284500695576e-07 -3.97151467268486e-07 -4.07797841717183e-07 -3.96782439793242e-07 -3.85767009447591e-07 -3.74751607523649e-07 -3.63736205599707e-07 -3.52720803675766e-07 -3.41705373330115e-07 -3.30689971406173e-07 -3.2078486356113e-07 -3.1124986321629e-07 -3.01714891293159e-07 -2.92179890948319e-07 -2.82644890603478e-07 -2.73109890258638e-07 -2.63574889913798e-07 -2.48175552997054e-07 -2.15183121099471e-07 -1.82190703412743e-07 -1.49198271515161e-07 -1.16205853828433e-07 -8.32134290362774e-08 -5.02210077968357e-08 -1.7228586557394e-08 -2.96620461526231e-09 5.05282971019483e-09 1.30718644797412e-08 2.10908996933767e-08 2.91099340188339e-08 3.71289665679342e-08 4.51480026697482e-08
-2.0799215860734e-07 -2.27673709218834e-07 -2.47355245619474e-07 -2.67036796230968e-07 -2.8606481805582e-07 -3.04875015899597e-07 -3.23685213743374e-07 -3.42495383165442e-07 -3.61305581009219e-07 -3.80115778852996e-07 -3.98925976696773e-07 -4.1036528841687e-07 -3.99691970187632e-07 -3.89018651958395e-07 -3.78345362150867e-07 -3.6767204392163e-07 -3.56998725692392e-07 -3.46325407463155e-07 -3.35652117655627e-07 -3.26938504713326e-07 -3.18878164762282e-07 -3.10817796389529e-07 -3.02757428016776e-07 -2.94697088065732e-07 -2.86636719692979e-07 -2.78576351320226e-07 -2.64684160811157e-07 -2.33296447049725e-07 -2.01908733288292e-07 -1.70521005316004e-07 -1.39133291554572e-07 -1.07745570687712e-07 -7.63578498208517e-08 -4.4970136059419e-08 -2.75525415815991e-08 -1.47916567883044e-08 -2.03077243909888e-09 1.07301119101066e-08 2.3490995815223e-08 3.62518797203393e-08 4.90127654018124e-08
-2.04218892463359e-07 -2.2364841356648e-07 -2.43077948880455e-07 -2.6250745577272e-07 -2.82179911437197e-07 -3.01933340551841e-07 -3.21686769666485e-07 -3.41440198781129e-07 -3.61193599474063e-07 -3.80947028588707e-07 -4.00700457703351e-07 -4.12932735116556e-07 -4.02601529003732e-07 -3.92270294469199e-07 -3.81939088356376e-07 -3.71607882243552e-07 -3.61276676130728e-07 -3.50945470017905e-07 -3.40614235483372e-07 -3.33092145865521e-07 -3.26506437886565e-07 -3.19920701485898e-07 -3.13334993506942e-07 -3.06749285527985e-07 -3.00163549127319e-07 -2.93577841148362e-07 -2.8119279704697e-07 -2.51409772999978e-07 -2.2162676316384e-07 -1.91843739116848e-07 -1.62060729280711e-07 -1.32277719444573e-07 -1.02494695397581e-07 -7.2711685561444e-08 -5.21388763274899e-08 -3.46361446190713e-08 -1.71334093579389e-08 3.69325209303994e-10 1.78720593879689e-08 3.53747928727444e-08 5.28775281338767e-08
-2.00445612108524e-07 -2.19623117914125e-07 -2.38800623719726e-07 -2.57978143736182e-07 -2.78295004818574e-07 -2.98991665204085e-07 -3.19688325589595e-07 -3.40384985975106e-07 -3.61081646360617e-07 -3.81778306746128e-07 -4.02474967131639e-07 -4.15500181816242e-07 -4.05511059398123e-07 -3.95521936980003e-07 -3.85532842983594e-07 -3.75543720565474e-07 -3.65554598147355e-07 -3.55565504150945e-07 -3.45576381732826e-07 -3.39245787017717e-07 -3.34134711010847e-07 -3.29023635003978e-07 -3.23912558997108e-07 -3.18801454568529e-07 -3.1369037856166e-07 -3.0857930255479e-07 -2.97701404861073e-07 -2.69523098950231e-07 -2.41344793039389e-07 -2.13166472917692e-07 -1.8498816700685e-07 -1.56809846885153e-07 -1.28631540974311e-07 -1.00453227958042e-07 -7.67252146260944e-08 -5.44806297853029e-08 -3.22360449445114e-08 -9.99146188007671e-09 1.22531229607148e-08 3.44977060251495e-08 5.6742290865941e-08
-1.96672345964544e-07 -2.15597836472625e-07 -2.34523312769852e-07 -2.53448803277934e-07 -2.74410098199951e-07 -2.96049989856328e-07 -3.17689881512706e-07 -3.39329773169084e-07 -3.60969664825461e-07 -3.82609556481839e-07 -4.04249448138216e-07 -4.18067628515928e-07 -4.08420618214222e-07 -3.98773579490808e-07 -3.89126569189102e-07 -3.79479558887397e-07 -3.69832548585691e-07 -3.60185538283986e-07 -3.5053852798228e-07 -3.45399428169912e-07 -3.4176298413513e-07 -3.38126540100347e-07 -3.34490096065565e-07 -3.30853652030783e-07 -3.27217207996e-07 -3.23580763961218e-07 -3.14210041096885e-07 -2.87636424900484e-07 -2.61062808704082e-07 -2.34489206718536e-07 -2.07915604732989e-07 -1.81341988536587e-07 -1.54768386551041e-07 -1.28194784565494e-07 -1.01311549371985e-07 -7.43251149515345e-08 -4.73386840837975e-08 -2.035224788699e-08 6.6341860893715e-09 3.36206191775545e-08 6.06070571507189e-08
-1.92899065609708e-07 -2.11572540820271e-07 -2.30246001819978e-07 -2.48919491241395e-07 -2.70525191581328e-07 -2.93108314508572e-07 -3.15691437435817e-07 -3.38274560363061e-07 -3.60857683290305e-07 -3.83440834639259e-07 -4.06023957566504e-07 -4.20635075215614e-07 -4.11330148608613e-07 -4.02025222001612e-07 -3.9272032381632e-07 -3.83415397209319e-07 -3.74110499024027e-07 -3.64805572417026e-07 -3.55500645810025e-07 -3.51553069322108e-07 -3.49391257259413e-07 -3.47229473618427e-07 -3.45067661555731e-07 -3.42905849493036e-07 -3.40744037430341e-07 -3.38582225367645e-07 -3.30718648910988e-07 -3.05749750850737e-07 -2.80780852790485e-07 -2.55811926308525e-07 -2.30843042459128e-07 -2.05874130188022e-07 -1.8090523212777e-07 -1.55936334067519e-07 -1.25897884117876e-07 -9.41696072231935e-08 -6.24413161176562e-08 -3.07130356702601e-08 1.0152489959836e-09 3.27435323299596e-08 6.44718198827832e-08
-1.95924286572335e-07 -2.12652224718113e-07 -2.2938016286389e-07 -2.46108101009668e-07 -2.66315822727847e-07 -2.876834912513e-07 -3.09051159774754e-07 -3.30418799876497e-07 -3.51786468399951e-07 -3.73154108501694e-07 -3.94521777025147e-07 -4.08467855095296e-07 -4.00149190227239e-07 -3.91830553780892e-07 -3.83511888912835e-07 -3.75193252466488e-07 -3.66874587598431e-07 -3.58555922730375e-07 -3.50237286284028e-07 -3.47220662888503e-07 -3.4597135822878e-07 -3.44722081990767e-07 -3.43472777331044e-07 -3.42223501093031e-07 -3.40974196433308e-07 -3.39724920195295e-07 -3.32900441435413e-07 -3.09350468796765e-07 -2.85800467736408e-07 -2.6225049509776e-07 -2.38700494037403e-07 -2.151505071879e-07 -1.91600520338397e-07 -1.68050533488895e-07 -1.3725997405345e-07 -1.04055899896593e-07 -7.08518186343099e-08 -3.76477338193126e-08 -4.44365344520747e-09 2.87604287052545e-08 6.19645064148244e-08
-2.05748008852424e-07 -2.18836902377006e-07 -2.31925795901589e-07 -2.45014689426171e-07 -2.61782020061219e-07 -2.79775520084513e-07 -2.97768991686098e-07 -3.15762463287683e-07 -3.33755963310978e-07 -3.51749434912563e-07 -3.69742906514148e-07 -3.81565968154973e-07 -3.74877743070101e-07 -3.68189517985229e-07 -3.61501292900357e-07 -3.54813067815485e-07 -3.48124842730613e-07 -3.41436617645741e-07 -3.34748392560869e-07 -3.32402152025679e-07 -3.31503258621524e-07 -3.30604365217368e-07 -3.29705471813213e-07 -3.28806578409058e-07 -3.27907685004902e-07 -3.27008791600747e-07 -3.2075541867016e-07 -2.9843855031686e-07 -2.76121710385269e-07 -2.53804842031968e-07 -2.31487987889523e-07 -2.09171119536222e-07 -1.86854265393777e-07 -1.64537411251331e-07 -1.35397826284134e-07 -1.03984000077162e-07 -7.257017387019e-08 -4.11563476632182e-08 -9.74252145624632e-09 2.16713047507255e-08 5.30851309576974e-08
-2.15571731132513e-07 -2.250215800359e-07 -2.34471428939287e-07 -2.43921277842674e-07 -2.5724821739459e-07 -2.71867520496016e-07 -2.86486823597443e-07 -3.01106126698869e-07 -3.15725458222005e-07 -3.30344761323431e-07 -3.44964064424857e-07 -3.54664081214651e-07 -3.49606295912963e-07 -3.44548482189566e-07 -3.39490696887879e-07 -3.34432883164482e-07 -3.29375097862794e-07 -3.24317312561107e-07 -3.1925949883771e-07 -3.17583669584565e-07 -3.17035187435977e-07 -3.16486676865679e-07 -3.15938194717091e-07 -3.15389684146794e-07 -3.14841173576497e-07 -3.14292691427909e-07 -3.08610395904907e-07 -2.87526660258663e-07 -2.6644292461242e-07 -2.45359188966177e-07 -2.24275467530788e-07 -2.03191731884544e-07 -1.82108010449156e-07 -1.61024274802912e-07 -1.33535664303963e-07 -1.0391210025773e-07 -7.42885291060702e-08 -4.46649579544101e-08 -1.50413885791068e-08 1.45821807961966e-08 4.42057519478567e-08
-2.25395453412602e-07 -2.31206257694794e-07 -2.37017061976985e-07 -2.42827866259177e-07 -2.52714414727961e-07 -2.63959549329229e-07 -2.75204683930497e-07 -2.86449818531764e-07 -2.97694924711323e-07 -3.0894005931259e-07 -3.20185193913858e-07 -3.27762194274328e-07 -3.24334848755825e-07 -3.20907474815613e-07 -3.174801008754e-07 -3.14052726935188e-07 -3.10625352994975e-07 -3.07197979054763e-07 -3.03770605114551e-07 -3.0276518714345e-07 -3.0256708782872e-07 -3.0236898851399e-07 -3.0217088919926e-07 -3.0197278988453e-07 -3.017746905698e-07 -3.0157659125507e-07 -2.96465344717944e-07 -2.76614741778758e-07 -2.56764138839571e-07 -2.3691355011124e-07 -2.17062947172053e-07 -1.97212358443721e-07 -1.77361755504535e-07 -1.57511152565348e-07 -1.31673516534647e-07 -1.03840200438299e-07 -7.60068843419504e-08 -4.81735717983156e-08 -2.0340257478324e-08 7.49305772984599e-09 3.5326372938016e-08
-2.35219175692691e-07 -2.37390935353687e-07 -2.39562695014683e-07 -2.41734454675679e-07 -2.48180612061333e-07 -2.56051549740732e-07 -2.63922515841841e-07 -2.7179348194295e-07 -2.7966441962235e-07 -2.87535385723459e-07 -2.95406351824568e-07 -3.00860335755715e-07 -2.99063373176978e-07 -2.9726643901995e-07 -2.95469504862922e-07 -2.93672542284185e-07 -2.91875608127157e-07 -2.90078673970129e-07 -2.88281711391392e-07 -2.87946704702335e-07 -2.88098988221464e-07 -2.88251300162301e-07 -2.88403583681429e-07 -2.88555867200557e-07 -2.88708179141395e-07 -2.88860462660523e-07 -2.84320321952691e-07 -2.65702851720562e-07 -2.47085381488432e-07 -2.28467911256303e-07 -2.09850441024173e-07 -1.91232970792043e-07 -1.72615500559914e-07 -1.53998030327784e-07 -1.29811354554477e-07 -1.03768300618867e-07 -7.77252466832579e-08 -5.16821856422212e-08 -2.56391246011844e-08 4.03933747561425e-10 2.64469921518184e-08
-2.45042883761926e-07 -2.43575613012581e-07 -2.42108313841527e-07 -2.40641043092182e-07 -2.43646809394704e-07 -2.48143578573945e-07 -2.52640347753186e-07 -2.57137145354136e-07 -2.61633914533377e-07 -2.66130712134327e-07 -2.70627481313568e-07 -2.73958448815392e-07 -2.7379192601984e-07 -2.73625403224287e-07 -2.73458908850444e-07 -2.73292386054891e-07 -2.73125863259338e-07 -2.72959340463785e-07 -2.72792817668233e-07 -2.73128222261221e-07 -2.73630917035916e-07 -2.74133611810612e-07 -2.74636278163598e-07 -2.75138972938294e-07 -2.75641667712989e-07 -2.76144362487685e-07 -2.72175299187438e-07 -2.54790961662366e-07 -2.37406609926438e-07 -2.20022258190511e-07 -2.02637920665438e-07 -1.85253583140366e-07 -1.67869231404438e-07 -1.50484893879366e-07 -1.27949206785161e-07 -1.03696400799436e-07 -7.9443601919138e-08 -5.5190795933413e-08 -3.09379935004017e-08 -6.68518973512278e-09 1.75676131419777e-08
