data/working_set_collections/6091692-Cassins_Sparrow-M2/2015/wchange_avg.asc
NCOLS 265 
NROWS 230 
XLLCORNER -115.5625 
YLLCORNER 24.8333333333333 
CELLSIZE 0.0833333333333333 
NODATA_value -9999 
[rows 54 to 71 of 230, columns 82 to 122 of 265]
-2.00336089051234e-07 -1.9044327359552e-07 -1.80550458139805e-07 -1.70657628473236e-07 -1.60764813017522e-07 -1.50871997561808e-07 -1.40979167895239e-07 -1.34770971271791e-07 -1.39616645356e-07 -1.44462319440208e-07 -1.49307993524417e-07 -1.54153667608625e-07 -1.58999341692834e-07 -1.63845015777042e-07 -1.68690689861251e-07 -1.95962797988614e-07 -2.30710384130361e-07 -2.65457970272109e-07 -3.00205584835567e-07 -3.34953170977315e-07 -3.69700757119062e-07 -4.0444834326081e-07 -4.31561289815363e-07 -4.35770232343202e-07 -4.39979203292751e-07 -4.4418814582059e-07 -4.48397116770138e-07 -4.52606087719687e-07 -4.56815030247526e-07 -4.61024001197075e-07 -4.4181348357597e-07 -4.14796488712454e-07 -3.87779493848939e-07 -3.60762498985423e-07 -3.33745504121907e-07 -3.06728509258392e-07 -2.79711485973166e-07 -2.58460545410344e-07 -2.54507767749601e-07 -2.50554990088858e-07 -2.46602212428115e-07
-1.91988263509302e-07 -1.81914046493148e-07 -1.71839843687849e-07 -1.61765626671695e-07 -1.51691423866396e-07 -1.41617206850242e-07 -1.31543004044943e-07 -1.25821387086944e-07 -1.3315757030341e-07 -1.40493739309022e-07 -1.47829922525489e-07 -1.55166105741955e-07 -1.62502288958422e-07 -1.69838472174888e-07 -1.771746411805e-07 -2.03545496901825e-07 -2.36261243458102e-07 -2.68977004225235e-07 -3.01692750781513e-07 -3.3440849733779e-07 -3.67124243894068e-07 -3.99839990450346e-07 -4.25209492505019e-07 -4.28540261054877e-07 -4.31871029604736e-07 -4.35201769732885e-07 -4.38532538282743e-07 -4.41863306832602e-07 -4.4519407538246e-07 -4.48524843932319e-07 -4.29471668894621e-07 -4.02957169853835e-07 -3.76442699234758e-07 -3.49928200193972e-07 -3.23413729574895e-07 -2.96899230534109e-07 -2.70384759915032e-07 -2.4917770247157e-07 -2.4389299824179e-07 -2.38608265590301e-07 -2.33323561360521e-07
-1.8364043796737e-07 -1.73384833601631e-07 -1.63129229235892e-07 -1.52873624870153e-07 -1.42618020504415e-07 -1.32362430349531e-07 -1.22106825983792e-07 -1.16871788691242e-07 -1.26698481039966e-07 -1.36525173388691e-07 -1.4635185152656e-07 -1.56178543875285e-07 -1.66005236224009e-07 -1.75831914361879e-07 -1.85658606710604e-07 -2.1112821002589e-07 -2.41812102785843e-07 -2.72496009756651e-07 -3.03179916727458e-07 -3.33863823698266e-07 -3.64547702247364e-07 -3.95231609218172e-07 -4.18857695194674e-07 -4.21310261344843e-07 -4.23762827495011e-07 -4.2621539364518e-07 -4.28667988217057e-07 -4.31120554367226e-07 -4.33573120517394e-07 -4.36025686667563e-07 -4.17129854213272e-07 -3.91117879416925e-07 -3.65105904620577e-07 -3.3909392982423e-07 -3.13081955027883e-07 -2.87069980231536e-07 -2.61058005435189e-07 -2.39894859532797e-07 -2.3327820031227e-07 -2.26661541091744e-07 -2.20044896082072e-07
-1.75292598214583e-07 -1.64855606499259e-07 -1.54418614783935e-07 -1.43981623068612e-07 -1.33544631353288e-07 -1.23107639637965e-07 -1.12670647922641e-07 -1.07922197400967e-07 -1.20239391776522e-07 -1.32556593257505e-07 -1.44873780527632e-07 -1.57190982008615e-07 -1.69508183489597e-07 -1.81825370759725e-07 -1.94142572240708e-07 -2.18710908939102e-07 -2.47362976324439e-07 -2.76015015288067e-07 -3.04667082673404e-07 -3.33319150058742e-07 -3.6197118902237e-07 -3.90623256407707e-07 -4.1250589788433e-07 -4.14080261634808e-07 -4.15654653806996e-07 -4.17229017557474e-07 -4.18803409729662e-07 -4.20377773480141e-07 -4.21952165652328e-07 -4.23526529402807e-07 -4.04788039531923e-07 -3.79278560558305e-07 -3.53769110006397e-07 -3.28259631032779e-07 -3.02750180480871e-07 -2.77240701507253e-07 -2.51731250955345e-07 -2.30612002383168e-07 -2.22663416593605e-07 -2.14714816593187e-07 -2.06766230803623e-07
-1.6694477267265e-07 -1.56326393607742e-07 -1.45708000331979e-07 -1.3508962126707e-07 -1.24471242202162e-07 -1.13852848926399e-07 -1.03234469861491e-07 -9.89726061106921e-08 -1.13780309618505e-07 -1.28588013126318e-07 -1.43395709528704e-07 -1.58203420141945e-07 -1.7301111654433e-07 -1.87818827157571e-07 -2.02626523559957e-07 -2.26293607852313e-07 -2.52913821441325e-07 -2.79534049241192e-07 -3.0615424861935e-07 -3.32774476419218e-07 -3.59394675797375e-07 -3.86014875175533e-07 -4.06154100573985e-07 -4.06850290346483e-07 -4.07546451697272e-07 -4.08242641469769e-07 -4.08938831242267e-07 -4.09635021014765e-07 -4.10331210787263e-07 -4.1102740055976e-07 -3.92446224850573e-07 -3.67439270121395e-07 -3.42432315392216e-07 -3.17425360663037e-07 -2.92418405933859e-07 -2.6741145120468e-07 -2.42404496475501e-07 -2.2132914523354e-07 -2.12048618664085e-07 -2.0276809209463e-07 -1.93487565525174e-07
-1.58596947130718e-07 -1.4779716650537e-07 -1.36997385880022e-07 -1.26197619465529e-07 -1.15397838840181e-07 -1.0459806532026e-07 -9.37982918003399e-08 -9.00230148204173e-08 -1.07321227460488e-07 -1.24619432995132e-07 -1.41917652740631e-07 -1.59215858275275e-07 -1.76514063809918e-07 -1.93812283555417e-07 -2.11110489090061e-07 -2.33876320976378e-07 -2.58464694979921e-07 -2.83053054772608e-07 -3.07641414565296e-07 -3.32229774357984e-07 -3.56818162572381e-07 -3.81406522365069e-07 -3.99802303263641e-07 -3.99620290636449e-07 -3.99438278009256e-07 -3.99256265382064e-07 -3.99074252754872e-07 -3.9889224012768e-07 -3.98710255922197e-07 -3.98528243295004e-07 -3.80104410169224e-07 -3.55599951262775e-07 -3.31095520778035e-07 -3.06591061871586e-07 -2.82086631386846e-07 -2.57582200902107e-07 -2.33077756206512e-07 -2.12046302294766e-07 -2.01433834945419e-07 -1.90821367596072e-07 -1.80208900246726e-07
-1.5662737951061e-07 -1.45013984820253e-07 -1.33400590129895e-07 -1.21787195439538e-07 -1.10173793643753e-07 -9.85603989533956e-08 -8.69470042630383e-08 -8.30602218115928e-08 -1.02353276076883e-07 -1.21646323236746e-07 -1.40939377502036e-07 -1.60232431767326e-07 -1.79525486032617e-07 -1.98818540297907e-07 -2.18111580352343e-07 -2.40586331301529e-07 -2.64121638338111e-07 -2.87656945374692e-07 -3.11192223989565e-07 -3.34727531026147e-07 -3.58262838062728e-07 -3.8179814509931e-07 -3.98823289060601e-07 -3.96317943796021e-07 -3.93812626953149e-07 -3.91307281688569e-07 -3.88801964845698e-07 -3.86296619581117e-07 -3.83791302738246e-07 -3.81285957473665e-07 -3.62987037760831e-07 -3.39423593231913e-07 -3.15860120281286e-07 -2.92296675752368e-07 -2.68733202801741e-07 -2.45169758272823e-07 -2.2160629953305e-07 -2.01246152187196e-07 -1.90495967444804e-07 -1.79745768491557e-07 -1.68995583749165e-07
-1.61036084023181e-07 -1.47976848552389e-07 -1.34917598870743e-07 -1.21858349189097e-07 -1.08799099507451e-07 -9.57398569312318e-08 -8.26806072495856e-08 -7.80842270842186e-08 -9.88764554676891e-08 -1.1966868385116e-07 -1.4046091223463e-07 -1.61253140618101e-07 -1.82045369001571e-07 -2.02837597385042e-07 -2.23629825768512e-07 -2.46423638827764e-07 -2.69884651515895e-07 -2.93345664204026e-07 -3.16806705313866e-07 -3.40267718001996e-07 -3.63728730690127e-07 -3.87189743378258e-07 -4.03217057964866e-07 -3.96943278246908e-07 -3.9066949852895e-07 -3.84395718810993e-07 -3.78121939093035e-07 -3.71848159375077e-07 -3.65574379657119e-07 -3.59300599939161e-07 -3.41094136047104e-07 -3.18910139185391e-07 -2.96726142323678e-07 -2.74542145461965e-07 -2.52358148600251e-07 -2.30174137527683e-07 -2.0799014066597e-07 -1.88928709121683e-07 -1.79235016162238e-07 -1.69541308991938e-07 -1.59847616032494e-07
-1.65444802746606e-07 -1.50939698073671e-07 -1.36434607611591e-07 -1.21929502938656e-07 -1.07424405371148e-07 -9.29193078036405e-08 -7.84142102361329e-08 -7.31082394622717e-08 -9.53996419639225e-08 -1.17691044465573e-07 -1.39982446967224e-07 -1.62273849468875e-07 -1.84565251970525e-07 -2.06856654472176e-07 -2.29148056973827e-07 -2.52260946353999e-07 -2.75647693115388e-07 -2.99034411455068e-07 -3.22421158216457e-07 -3.45807876556137e-07 -3.69194623317526e-07 -3.92581341657205e-07 -4.07610855290841e-07 -3.97568612697796e-07 -3.87526370104752e-07 -3.77484127511707e-07 -3.67441913340372e-07 -3.57399670747327e-07 -3.47357428154282e-07 -3.37315213982947e-07 -3.19201234333377e-07 -2.98396685138869e-07 -2.77592164366069e-07 -2.56787615171561e-07 -2.35983065977052e-07 -2.15178516782544e-07 -1.9437398179889e-07 -1.7661126605617e-07 -1.67974064879672e-07 -1.5933684949232e-07 -1.50699634104967e-07
-1.69853507259177e-07 -1.53902561805808e-07 -1.37951616352439e-07 -1.22000656688215e-07 -1.06049711234846e-07 -9.00987657814767e-08 -7.41478132226803e-08 -6.81322447348975e-08 -9.19228213547285e-08 -1.15713397974559e-07 -1.39503981699818e-07 -1.63294558319649e-07 -1.8708513493948e-07 -2.10875711559311e-07 -2.34666288179142e-07 -2.58098253880235e-07 -2.81410706293173e-07 -3.04723158706111e-07 -3.28035611119049e-07 -3.51348063531987e-07 -3.74660515944925e-07 -3.97972968357863e-07 -4.12004624195106e-07 -3.98193947148684e-07 -3.84383241680553e-07 -3.70572564634131e-07 -3.56761887587709e-07 -3.42951182119577e-07 -3.29140505073156e-07 -3.15329828026734e-07 -2.9730833261965e-07 -2.77883259514056e-07 -2.58458157986752e-07 -2.39033084881157e-07 -2.19607997564708e-07 -2.00182910248259e-07 -1.8075782293181e-07 -1.64293822990658e-07 -1.56713099386252e-07 -1.49132389992701e-07 -1.41551666388295e-07
-1.74262211771747e-07 -1.5686541132709e-07 -1.39468610882432e-07 -1.22071810437774e-07 -1.04675017098543e-07 -8.72782166538855e-08 -6.98814162092276e-08 -6.31562571129507e-08 -8.84460078509619e-08 -1.13735758588973e-07 -1.39025516432412e-07 -1.64315267170423e-07 -1.89605017908434e-07 -2.14894768646445e-07 -2.40184505173602e-07 -2.63935589828179e-07 -2.87173747892666e-07 -3.10411905957153e-07 -3.3365006402164e-07 -3.56888222086127e-07 -3.80126408572323e-07 -4.0336456663681e-07 -4.16398393099371e-07 -3.98819253177862e-07 -3.81240113256354e-07 -3.63661001756554e-07 -3.46081861835046e-07 -3.28502721913537e-07 -3.10923581992029e-07 -2.9334444207052e-07 -2.75415430905923e-07 -2.57369805467533e-07 -2.39324180029143e-07 -2.21278554590754e-07 -2.03232914941509e-07 -1.85187289503119e-07 -1.67141664064729e-07 -1.51976379925145e-07 -1.45452148103686e-07 -1.38927916282228e-07 -1.32403698671624e-07
-1.78670930495173e-07 -1.59828275059226e-07 -1.4098561962328e-07 -1.22142978398188e-07 -1.03300322962241e-07 -8.44576675262942e-08 -6.5615019195775e-08 -5.81802623855765e-08 -8.49691872417679e-08 -1.11758119203387e-07 -1.38547036954151e-07 -1.65335961810342e-07 -1.92124900877388e-07 -2.1891382573358e-07 -2.45702750589771e-07 -2.69772897354414e-07 -2.9293676107045e-07 -3.16100653208196e-07 -3.39264516924231e-07 -3.62428409061977e-07 -3.85592301199722e-07 -4.08756164915758e-07 -4.20792190425345e-07 -3.9944458762875e-07 -3.78097013253864e-07 -3.56749410457269e-07 -3.35401836082383e-07 -3.14054233285788e-07 -2.92706658910902e-07 -2.71359056114306e-07 -2.53522529192196e-07 -2.36856365631866e-07 -2.2019018786068e-07 -2.0352402430035e-07 -1.86857846529165e-07 -1.7019166875798e-07 -1.53525505197649e-07 -1.39658936859632e-07 -1.34191196821121e-07 -1.28723456782609e-07 -1.23255716744097e-07
-1.76320597233826e-07 -1.59121483989111e-07 -1.41922356533541e-07 -1.24723243288827e-07 -1.07524122938685e-07 -9.03250025885427e-08 -7.31258822384007e-08 -6.66179502673003e-08 -9.21835905387525e-08 -1.17749223704777e-07 -1.43314863976229e-07 -1.68880490036827e-07 -1.94446130308279e-07 -2.20011770579731e-07 -2.45577410851183e-07 -2.68455266905221e-07 -2.90437242256303e-07 -3.12419189185675e-07 -3.34401164536757e-07 -3.5638311146613e-07 -3.78365086817212e-07 -4.00347033746584e-07 -4.1158179442391e-07 -3.90574911079966e-07 -3.69568027736022e-07 -3.48561144392079e-07 -3.27554261048135e-07 -3.06547377704192e-07 -2.85540494360248e-07 -2.64533611016304e-07 -2.47147198706443e-07 -2.30967614811561e-07 -2.14788016705825e-07 -1.98608418600088e-07 -1.82428820494351e-07 -1.66249222388615e-07 -1.50069624282878e-07 -1.36643166115391e-07 -1.31476085130089e-07 -1.26309018355641e-07 -1.21141937370339e-07
-1.6721125462027e-07 -1.54745038116744e-07 -1.42278835824072e-07 -1.29812633531401e-07 -1.17346424133302e-07 -1.04880214735203e-07 -9.24140124425321e-08 -8.84693278635496e-08 -1.10089203531061e-07 -1.31709086303999e-07 -1.53328954866083e-07 -1.74948837639022e-07 -1.9656872041196e-07 -2.18188588974044e-07 -2.39808457536128e-07 -2.59982755324017e-07 -2.79675163028514e-07 -2.99367542311302e-07 -3.19059950015799e-07 -3.38752357720296e-07 -3.58444765424792e-07 -3.78137173129289e-07 -3.88767233516774e-07 -3.72210223531511e-07 -3.55653213546248e-07 -3.39096175139275e-07 -3.22539165154012e-07 -3.05982155168749e-07 -2.89425145183486e-07 -2.72868135198223e-07 -2.56289439448665e-07 -2.3970355300662e-07 -2.23117652353721e-07 -2.06531751700822e-07 -1.89945851047923e-07 -1.73359950395024e-07 -1.56774049742125e-07 -1.42929053481566e-07 -1.37306827241446e-07 -1.3168458679047e-07 -1.26062346339495e-07
-1.58101897795859e-07 -1.50368606455231e-07 -1.42635315114603e-07 -1.34902023773975e-07 -1.27168718222492e-07 -1.19435426881864e-07 -1.11702135541236e-07 -1.10320698354371e-07 -1.27994823628796e-07 -1.45668934692367e-07 -1.63343059966792e-07 -1.81017185241217e-07 -1.98691296304787e-07 -2.16365421579212e-07 -2.34039546853637e-07 -2.51510215321105e-07 -2.68913055379016e-07 -2.86315923858638e-07 -3.0371876391655e-07 -3.21121603974461e-07 -3.38524472454083e-07 -3.55927312511994e-07 -3.65952672609637e-07 -3.53845535983055e-07 -3.41738370934763e-07 -3.29631234308181e-07 -3.17524069259889e-07 -3.05416932633307e-07 -2.93309796006724e-07 -2.81202630958433e-07 -2.65431708612596e-07 -2.48439476990825e-07 -2.31447288001618e-07 -2.14455070590702e-07 -1.97462867390641e-07 -1.8047066419058e-07 -1.63478460990518e-07 -1.49214955058596e-07 -1.43137555141948e-07 -1.37060155225299e-07 -1.30982755308651e-07
-1.48992540971449e-07 -1.45992160582864e-07 -1.42991780194279e-07 -1.39991399805695e-07 -1.3699101941711e-07 -1.33990639028525e-07 -1.3099025863994e-07 -1.32172075950621e-07 -1.45900429515677e-07 -1.59628797291589e-07 -1.733571650675e-07 -1.87085518632557e-07 -2.00813886408469e-07 -2.1454225418438e-07 -2.28270607749437e-07 -2.43037675318192e-07 -2.58150976151228e-07 -2.73264276984264e-07 -2.883775778173e-07 -3.03490878650337e-07 -3.18604151061663e-07 -3.337174518947e-07 -3.43138111702501e-07 -3.35480848434599e-07 -3.27823556744988e-07 -3.20166265055377e-07 -3.12509001787475e-07 -3.04851710097864e-07 -2.97194418408253e-07 -2.89537155140351e-07 -2.74573949354817e-07 -2.57175429396739e-07 -2.3977690943866e-07 -2.22378403691437e-07 -2.04979897944213e-07 -1.87581377986135e-07 -1.70182872238911e-07 -1.55500842424772e-07 -1.4896828304245e-07 -1.42435723660128e-07 -1.35903164277806e-07
-1.39883198357893e-07 -1.41615728921352e-07 -1.4334825948481e-07 -1.45080790048269e-07 -1.46813320611727e-07 -1.48545865386041e-07 -1.50278395949499e-07 -1.54023439336015e-07 -1.63806049613413e-07 -1.73588659890811e-07 -1.83371255957354e-07 -1.93153866234752e-07 -2.0293647651215e-07 -2.12719072578693e-07 -2.22501682856091e-07 -2.34565135315279e-07 -2.47388896923439e-07 -2.60212630109891e-07 -2.73036363296342e-07 -2.85860124904502e-07 -2.98683858090953e-07 -3.11507591277405e-07 -3.20323550795365e-07 -3.17116132464434e-07 -3.13908714133504e-07 -3.10701324224283e-07 -3.07493905893352e-07 -3.04286487562422e-07 -3.01079069231491e-07 -2.97871650900561e-07 -2.83716190097039e-07 -2.65911381802653e-07 -2.48106545086557e-07 -2.30301736792171e-07 -2.1249691428693e-07 -1.94692105992544e-07 -1.76887283487304e-07 -1.61786744001802e-07 -1.54799010942952e-07 -1.47811292094957e-07 -1.40823573246962e-07
-1.30773841533482e-07 -1.37239297259839e-07 -1.43704738775341e-07 -1.50170180290843e-07 -1.56635621806345e-07 -1.63101077532701e-07 -1.69566519048203e-07 -1.75874816932264e-07 -1.81711669711149e-07 -1.87548508279178e-07 -1.93385361058063e-07 -1.99222213836947e-07 -2.05059052404977e-07 -2.10895905183861e-07 -2.16732757962745e-07 -2.26092609523221e-07 -2.36626789273942e-07 -2.47160983235517e-07 -2.57695177197093e-07 -2.68229371158668e-07 -2.78763565120244e-07 -2.89297759081819e-07 -2.97508989888229e-07 -2.98751444915979e-07 -2.99993899943729e-07 -3.01236354971479e-07 -3.02478809999229e-07 -3.03721265026979e-07 -3.0496372005473e-07 -3.0620614666077e-07 -2.9285843083926e-07 -2.74647305786857e-07 -2.56436180734454e-07 -2.38225069892906e-07 -2.20013944840503e-07 -2.01802819788099e-07 -1.83591694735696e-07 -1.68072631367977e-07 -1.60629753054309e-07 -1.53186860529786e-07 -1.45743968005263e-07
