resources/Exp000_Example-Run/Run01_M2/TimeSeries/2010/model/2010_biasfile.asc
NCOLS 265 
NROWS 230 
XLLCORNER -115.5625 
YLLCORNER 24.8333333333333 
CELLSIZE 0.0833333333333333 
NODATA_value -9999 
[rows 72 to 89 of 230, columns 84 to 125 of 265]
0.000448183973886025 0.000478870611350264 0.00051033822578911 0.000542499505891912 0.000575293836726232 0.000608665087215382 0.00064256332035151 0.000676946533630767 0.000711821735690841 0.00074717205551338 0.000782961528135689 0.000819214722401053 0.00085597474382149 0.000893304312330119 0.00093128666860894 0.000970047873482553 0.00100988533013992 0.00105084208799075 0.00109310618523262 0.0011368852993563 0.00118240534527787 0.00122990880457713 0.00127965278746855 0.00133232072894308 0.0013880214529922 0.00144692758968355 0.00150932228756712 0.00157548272888625 0.00164567625784511 0.00172015642067955 0.00179951867641022 0.00188420271117787 0.00197385975779842 0.00206861059596244 0.00216853625871842 0.00227367483961929 0.0023840185589392 0.00249954992838762 0.00262096969790969 0.00274714909094799 0.00287782463401008 0.00301267836764895
0.000479409280747845 0.00051199936363275 0.000545360447781312 0.000579389805451116 0.000614010738456449 0.000649150258597346 0.000684740911801509 0.000720722643788807 0.000757071557950942 0.000793745059511448 0.000830699646084765 0.00086794178486947 0.000905497078645265 0.000943411539794363 0.000981752694052746 0.00102062609935324 0.00106027749588389 0.00110077942044803 0.00114231211508243 0.00118507765455229 0.00122929867583919 0.00127521682332198 0.0013230909106754 0.00137357045409536 0.00142680254079728 0.00148298419067754 0.00154241330087226 0.00160538435954711 0.00167218447272957 0.0017430892811225 0.00181870935847932 0.00189951560161527 0.00198520582769298 0.00207593129057476 0.00217180440253192 0.00227289526397373 0.00237922844612972 0.00249081971540898 0.00260842804187813 0.00273094286969241 0.00285813017315879 0.00298969992818861
0.000512092611631185 0.000546699163560272 0.000582071926638527 0.000618092349698792 0.000654667338176274 0.000691706676219159 0.000729124963961477 0.000766843607946879 0.000804807422280966 0.000842947253532743 0.000881211105258988 0.000919586578840851 0.000958080959505346 0.000996722689441129 0.0010355626721056 0.00107468490793174 0.00111428158521358 0.00115445422916685 0.00119537422384311 0.00123723696431996 0.00128026072313867 0.0013246852172432 0.00137076987584348 0.0014191272587523 0.00146994259716781 0.00152343684301278 0.00157992167790293 0.00163970798207898 0.00170310176806746 0.00177039998271154 0.00184222611325176 0.00191908077529498 0.00200071006439984 0.0020872953938901 0.00217898036779398 0.00227586704172887 0.00237801243025444 0.00248546564338988 0.00259904101977808 0.00271765061944568 0.00284109076385777 0.00296910044020854
0.000546199835013271 0.000582933492953865 0.000620433961957558 0.000658566489610084 0.000697221304895367 0.000736290625889591 0.0007756707090246 0.000815263963464231 0.000854983595117969 0.00089473309098485 0.00093445098633345 0.000974105269056364 0.00101368410519807 0.00105319751387109 0.00109267887516499 0.00113218959141152 0.00117186647550583 0.00121183945487401 0.0012522699830241 0.00129334568456624 0.0013352793643874 0.00137830770237335 0.00142268963349733 0.00146899774711602 0.00151745522864174 0.00156830645925845 0.0016218759110316 0.00167848991158308 0.00173847249302247 0.00180214108782895 0.00187012987058728 0.00194296764386798 0.00202045042632114 0.00210278944245994 0.00219015926682485 0.00228269382455744 0.00238048263157601 0.00248360819453838 0.00259293729978746 0.00270740900098988 0.00282685082909483 0.00295103182070287
0.000581688470367934 0.000620656520306355 0.000660397539536413 0.000700760230044532 0.000741617900964883 0.00078284490202107 0.000824318783290651 0.000865922532381822 0.000907537498260045 0.000949039049095042 0.000990355267121811 0.00103143380207887 0.00107224291915953 0.00111277337828787 0.0011530401485608 0.00119308101616629 0.00123297567692147 0.00127288178823597 0.00131294979753303 0.0013533584621021 0.00139431400695535 0.00143604895352962 0.00147882061844632 0.00152315865364459 0.00156932393705031 0.00161758373332563 0.00166827428725153 0.00172173640408701 0.00177831122233632 0.00183833581221807 0.00190245280020167 0.00197121761379204 0.00204447777568601 0.00212247394091953 0.0022054113997346 0.00229345582627364 0.00238672925961792 0.0024853476183221 0.00259022716518831 0.00270033827458434 0.00281554050439222 0.0029356339318084
0.000618507969310191 0.000659813349965705 0.000701903545275326 0.000744610405190501 0.000787790115992899 0.000831298897094759 0.000874995269461485 0.000918742414083242 0.000962389649585385 0.00100578351588275 0.00104884065465168 0.00109148768281509 0.00113367221031086 0.00117536492610749 0.00121656152196105 0.00125727518165123 0.0012975268416217 0.00133750113255366 0.00137733642560735 0.00141720151613543 0.00145729493627859 0.00149784392397091 0.00153910304695613 0.00158155612479402 0.00162550139260757 0.00167122841155724 0.00171908416398344 0.00176942294376277 0.00182260206154531 0.00187897735459392 0.00193919767221459 0.00200384348405938 0.00207281531854207 0.00214638284879271 0.00222478179201019 0.00230820941455614 0.00239682026173595 0.00249076363895489 0.00259100228223767 0.00269654212869449 0.00280727552727368 0.00292303453034071
0.000656697180855739 0.000700444787387487 0.000744995295421063 0.000790163421543832 0.000835788061540035 0.000881707073710751 0.000927759653548523 0.000973788811458626 0.00101961174258964 0.00106504546076946 0.00110999410728873 0.00115436255985228 0.00119807699942901 0.00124108720532181 0.00128336869102044 0.00132490902144572 0.00136566873786037 0.00140585853073123 0.00144560355595127 0.00148506147781041 0.00152442194293905 0.0015639056965291 0.00160376333881577 0.0016444298450968 0.00168624035735136 0.00172950605319306 0.00177458352161696 0.00182183946116839 0.00187164632699198 0.00192437776151843 0.00198068645546159 0.00204117619754463 0.00210580203156892 0.00217486216628188 0.00224862239318647 0.00232731135675131 0.00241111604121602 0.00250021906094838 0.00259562636490525 0.00269638389397435 0.00280241754065393 0.00291359226380848
0.000696121509027812 0.000742404243872915 0.000789513973795828 0.000837248066908187 0.00088542802298357 0.000933873174504803 0.000982403164886655 0.00103084054307899 0.00107897038957106 0.00112657960235927 0.00117355882668106 0.00121979057788505 0.00126517891824518 0.00130965196299619 0.0013531642306665 0.00139567675561594 0.00143708827769612 0.00147763458338855 0.0015174265522808 0.00155660962403442 0.00159536343998244 0.00163390111317833 0.00167246812425313 0.00171144786926159 0.00175121187831533 0.0017920922525565 0.00183445410167796 0.00187867548421415 0.0019251430052829 0.00197424717710795 0.00202664229960897 0.00208295383067721 0.00214319264243002 0.00220768498148364 0.00227672633505498 0.00235057647436681 0.00242945470614161 0.0025135768253163 0.00260398888131565 0.00269978088460857 0.0028009129084722 0.00290728362003025
0.000736664973554583 0.000785564732198186 0.000835321369073453 0.000885714750260099 0.000936548931814797 0.000987624617204956 0.00103874173609803 0.00108970215317679 0.00114025893814161 0.00119016838407015 0.0012393067040846 0.00128753350551796 0.00133473012032359 0.00138080232359426 0.00142568290037112 0.00146930553990687 0.00151150598742172 0.00155254411395452 0.00159251553331711 0.00163155243607776 0.00166982340482089 0.00170753284434268 0.00174492002350333 0.00178231427752202 0.00182012293990206 0.00185869832782595 0.00189841302425332 0.00193965543605139 0.0019828253509134 0.00202832923628609 0.00207682090091045 0.00212894588325692 0.0021847720137118 0.00224465306105308 0.00230891380197923 0.00237784484526811 0.00245169765512295 0.00253072102882812 0.00261599812861448 0.00270666676153427 0.00280272171185094 0.0029040960371869
0.000778248523506286 0.000829838388684992 0.000882320729297964 0.000935457813194452 0.000989036261240409 0.00104283810329259 0.00109664345422622 0.00115023333392769 0.00120332900224453 0.00125565574657922 0.00130707444855929 0.00135742132572969 0.00140655443097337 0.00145435658465855 0.00150073815956141 0.00154560476196121 0.00158872813160171 0.00163039114011864 0.00167067319245627 0.00170969224847335 0.00174760481770278 0.0017846055558565 0.00182092645915013 0.00185684050814865 0.00189279017290338 0.00192914724500753 0.00196629074294545 0.00200461841510462 0.00204454226419575 0.00208648379298292 0.00213109429180579 0.00217903780677913 0.00223044010188527 0.0022856819181701 0.00234511687465238 0.00240906608053813 0.00247781293733532 0.00255163900966761 0.00263166162377635 0.00271706987399754 0.00280789369240916 0.00290410110809074
0.000820788477835682 0.000875131672584654 0.000930408523811942 0.000986363666608026 0.00104276635477246 0.00109937996257386 0.00115596475435026 0.00121228081228313 0.00126801788876456 0.00132286996228177 0.00137668173057379 0.00142926561184566 0.00148045590286278 0.00153011192544337 0.00157812103071529 0.00162436009192145 0.0016685360347151 0.00171095357918516 0.00175167503504782 0.00179080320290809 0.00182848155410302 0.00186489399943964 0.0019002642422446 0.0019348068300714 0.00196899861878384 0.00200323010027174 0.00203788570674711 0.00207337153156748 0.00211011082927491 0.00214853921630923 0.00218930352545772 0.00223308476068958 0.00228006742186643 0.00233065863677903 0.00238524037615819 0.00244416386099109 0.00250774415008211 0.00257629527894781 0.00265096584252579 0.00273099944225266 0.00281646149194303 0.00290735546142049
0.000864197499332389 0.000921346357172472 0.000979475449730329 0.00103831181057574 0.0010976074572844 0.00115710719296118 0.00121655146542269 0.00127567939900209 0.00133414964642755 0.00139162468053694 0.00144793222027374 0.00150286055543915 0.00155621983012367 0.0016078454037789 0.00165760107555003 0.00170533443445935 0.00175068700513776 0.00179398414074174 0.00183527023655087 0.00187463206873271 0.00191219916451102 0.0019481437487342 0.00198268026159206 0.00201596298199762 0.00204850231547136 0.0020807066493261 0.00211296482981346 0.00214569031427332 0.00217931665465303 0.00221429266112533 0.00225125887226672 0.00229091173033888 0.00233349508213112 0.00237944181940001 0.00242916172785231 0.00248303569636608 0.00254141009645167 0.00260463107190352 0.00267387565836112 0.00274844487974672 0.0028284398533478 0.00291389983729748
0.000908385651155915 0.000968380612752685 0.00102940754021054 0.00109117596640117 0.00115342086905755 0.00121586863443653 0.00127824000178401 0.00134025319507579 0.00140153628394258 0.00146172015400326 0.00152061481856286 0.00157798419852746 0.00163361397787191 0.00168731517898588 0.00173892760728259 0.00178826912613449 0.00183491551265875 0.00187921148001046 0.00192118276734259 0.00196089933479929 0.00199847592881667 0.00203407221170254 0.00206789244956244 0.00210002908627803 0.0021310251542638 0.00216130610244052 0.00219126421955663 0.00222131936666826 0.00225191445169867 0.00228351056358416 0.00231674022634129 0.00235231383785218 0.00239053499395195 0.00243186168859022 0.00247673093682847 0.00252555279254524 0.00257870452605292 0.0026365639559416 0.00270033381091462 0.00276937511618796 0.00284382479318988 0.00292375810465203
0.000953325465753032 0.00101619558438302 0.00108015473231096 0.00114489514249679 0.00121013505318173 0.0012755826937105 0.00134093930916841 0.00140590238712299 0.00147007012190954 0.00153304187234692 0.0015946092378343 0.0016545116219727 0.00171251002747368 0.00176839084471307 0.00182196951609871 0.00187303383778983 0.00192109377131172 0.00196651191813901 0.00200929464762233 0.00204949433002806 0.00208721010164427 0.00212258818247999 0.00215582173993091 0.0021869400089562 0.00221651752078288 0.00224499582998193 0.00227276963387995 0.00230026416563842 0.00232793066780236 0.00235624150500672 0.00238581944022091 0.00241738723809044 0.0024513084125686 0.00248806527722422 0.00252812136492656 0.00257191526108517 0.00261985458615303 0.00267234826135132 0.00273062177948284 0.00279409857374782 0.0028629513230858 0.00293729136308377
0.000998847250366082 0.00106460350397694 0.00113151028718886 0.00119924280043217 0.00126750289343052 0.00133598095924746 0.00140435903415896 0.00147231411456536 0.00153941528896944 0.00160523059068159 0.00166953266174604 0.00173203636974425 0.00179247795324893 0.00185061902188682 0.00190625043924867 0.00195912976990164 0.00200870140507751 0.00205534444848684 0.0020990453607941 0.00213983832418233 0.00217780621080509 0.00221308109256335 0.00224584428487544 0.00227606092200288 0.00230433591143123 0.00233112601713937 0.00235682745010808 0.00238186991247115 0.00240671207684706 0.00243183668449617 0.00245785530872093 0.00248550169171073 0.00251519914863664 0.00254745355386144 0.00258275425059918 0.0026215677059285 0.00266433130416967 0.00271148445995616 0.00276427288461915 0.00282218416454093 0.00288542654065735 0.00295414731781631
0.00104485628123592 0.00111349460080127 0.00118334892173273 0.00125407775747218 0.00132536699040949 0.0013968895748629 0.00146830870704893 0.00153928122707642 0.00160934799774882 0.00167804606724667 0.00174512868259046 0.00181028626975533 0.00187323033626769 0.00193369768037186 0.00199145449053099 0.00204622807939405 0.00209739780691831 0.0021453578663947 0.0021900743846532 0.00223156286742929 0.00226988937393385 0.00230517122191506 0.00233757721516542 0.00236700785010796 0.00239409720758719 0.00241931634843876 0.00244306215511308 0.0024657679381058 0.00248789892738739 0.00250994736245018 0.00253251236463402 0.00255633732960985 0.00258190499590445 0.0026097440000507 0.00264036873509015 0.00267427283344653 0.00271192277705642 0.00275378778357955 0.00280113137199843 0.00285350658529973 0.00291115688568538 0.00297426528608999
0.00109126497269379 0.00116276564205929 0.00123555126857667 0.0013092641055685 0.00138357456228885 0.00145813863187878 0.00153260112609317 0.00160659915702574 0.00167964635705057 0.00175124927469612 0.00182114143498403 0.00188898903479601 0.0019544790047658 0.00201732342438478 0.00207726383535264 0.00213399742821819 0.00218683937640563 0.00223619752235732 0.00228201735186402 0.002324295319476 0.00236308023113276 0.00239847414690869 0.00243063279510465 0.00245939186262466 0.00248541331461731 0.0025091815764942 0.00253109341141062 0.00255158491807168 0.00257112704011238 0.00259022065404646 0.00260945133244175 0.00262957086053804 0.00265112075002686 0.00267465155506735 0.00270070189854436 0.00272979178882613 0.00276241605251155 0.00279907293196928 0.00284104146899955 0.00288794101772228 0.00294004976988495 0.00299758602246687
0.00113798956051632 0.00121231651868899 0.00128800033512501 0.00136466751261157 0.0014419735549414 0.00151955805265494 0.00159704797701406 0.00167406123587216 0.001750085340892 0.00182459697612911 0.00189730973677876 0.00196786592627538 0.00203592817915282 0.0021011840781246 0.00216335067770525 0.00222209533341036 0.0022766701928181 0.00232749528731769 0.00237449528011825 0.00241764732116346 0.00245698263884751 0.00249258764195071 0.00252460452229477 0.00255280436756951 0.00257787565366474 0.00260031522105754 0.002620518978812 0.00263892503800811 0.00265600924443343 0.00267228026999905 0.00268830921564173 0.00270485505648992 0.00272251714440944 0.00274186705960301 0.00276346677360967 0.0027878618059568 0.00281557448542465 0.0028471312101372 0.00288382439396941 0.00292534008949116 0.00297199057092401 0.00302402882792442
