resources/Exp000_Example-Run/Run01_M2/TimeSeries/2010/model/2010_biasfile.asc
NCOLS 265 
NROWS 230 
XLLCORNER -115.5625 
YLLCORNER 24.8333333333333 
CELLSIZE 0.0833333333333333 
NODATA_value -9999 
[rows 54 to 71 of 230, columns 42 to 83 of 265]
3.15289123689153e-07 3.85964486340396e-07 4.70724403128199e-07 5.71936952006134e-07 6.92279350989915e-07 8.34764276251712e-07 1.0065435911787e-06 1.21134833750489e-06 1.45210704559014e-06 1.73393622884527e-06 2.06247751912495e-06 2.44392576736669e-06 2.88505672740846e-06 3.39748697913087e-06 3.99799793192785e-06 4.68697007073155e-06 5.47444649575702e-06 6.37122454017016e-06 7.38888316126444e-06 8.53981222971647e-06 9.83724401159973e-06 1.13270767271599e-05 1.300242876996e-05 1.48781745082089e-05 1.69724670383744e-05 1.93047126414548e-05 2.18956843141503e-05 2.4767651544878e-05 2.79807839474798e-05 3.15626745292551e-05 3.55186237273511e-05 3.9881447041902e-05 4.46870436822273e-05 4.99747625084578e-05 5.57877963304437e-05 6.21985540448642e-05 6.93461502723228e-05 7.72086038738347e-05 8.5855556518375e-05 9.53638716098754e-05 0.000105818190064437 0.000117311475196427
3.54793683250747e-07 4.33876763989434e-07 5.28670249264583e-07 6.41808884529319e-07 7.76269817960786e-07 9.35401331678582e-07 1.12715550046867e-06 1.35566496672955e-06 1.62416441047467e-06 1.93831542028338e-06 2.30435224237859e-06 2.72911018715725e-06 3.22005311618096e-06 3.78998248098224e-06 4.45735357480928e-06 5.22243789903955e-06 6.09616308804577e-06 7.0902339448235e-06 8.21715131772198e-06 9.49023167490299e-06 1.09236276495143e-05 1.25669011086097e-05 1.44118107182996e-05 1.64737726408403e-05 1.87715743482823e-05 2.1325134260214e-05 2.41555923458161e-05 2.72854160203874e-05 3.07766809916979e-05 3.46560490007816e-05 3.89266133709642e-05 4.36201381950097e-05 4.87711302016011e-05 5.44171812313074e-05 6.05993405041173e-05 6.73876309095025e-05 7.49176213648417e-05 8.31623119949265e-05 9.21870636703276e-05 0.000102064005905835 0.000112872601612642 0.000124700206037253
3.98634136059853e-07 4.86936702404337e-07 5.92723112850204e-07 7.18918744971115e-07 8.6882771069923e-07 1.04616424365177e-06 1.259753220796e-06 1.51416567342849e-06 1.81297081895564e-06 2.16242569472332e-06 2.569412258898e-06 3.0414662165614e-06 3.58680438752267e-06 4.21952457214364e-06 4.95991468808241e-06 5.80813201112993e-06 6.77607638608018e-06 7.8764514459459e-06 9.12277441853627e-06 1.05293853358596e-05 1.21114558956853e-05 1.39225840240314e-05 1.5953057312266e-05 1.82189088401663e-05 2.07396492915557e-05 2.35357913232335e-05 2.66289155014383e-05 3.00417504973228e-05 3.38385485572449e-05 3.80450251182681e-05 4.26619051872853e-05 4.77198813479997e-05 5.32520237537857e-05 5.92940971413379e-05 6.58849091449586e-05 7.30920268184697e-05 8.10474165556537e-05 8.97185848731785e-05 9.91663524436766e-05 0.00010945781933302 0.000120666938593378 0.00013287508941265
4.4726631044195e-07 5.45658496364712e-07 6.63463494665196e-07 8.03922462187038e-07 9.70694855569761e-07 1.16789273423464e-06 1.40529011464273e-06 1.68793511646844e-06 2.01976140644024e-06 2.40767456747456e-06 2.85926240082777e-06 3.38282430566388e-06 3.98739862533271e-06 4.68849736229162e-06 5.50840908249349e-06 6.44717205760032e-06 7.51775174069182e-06 8.73394813459161e-06 1.01103959811168e-05 1.1662562961481e-05 1.34067461314944e-05 1.54009777002984e-05 1.76339591378982e-05 2.01224237945457e-05 2.28867042475506e-05 2.59479997471401e-05 2.9328415727392e-05 3.3051016452816e-05 3.71825317007704e-05 4.17477268566317e-05 4.67447961102482e-05 5.22033526551188e-05 5.81549983083126e-05 6.4633613020705e-05 7.16756772708942e-05 7.93462554025348e-05 8.77736996845387e-05 9.6919522316993e-05 0.00010683975615344 0.000117596187727638 0.000129256939498059 0.000141897057307076
5.01880675416723e-07 6.11408377384675e-07 7.4246065726953e-07 8.98623829819085e-07 1.08394587092371e-06 1.3029739456674e-06 1.56652063975359e-06 1.88015648896305e-06 2.24821470560188e-06 2.67831176696593e-06 3.17880965004099e-06 3.75884593994883e-06 4.42836128963459e-06 5.20442076024803e-06 6.11151179684447e-06 7.14954899608882e-06 8.33267436004896e-06 9.67590039538542e-06 1.11951000904357e-05 1.29069934014927e-05 1.48291304438541e-05 1.70244526066439e-05 1.94799430205284e-05 2.22131384360385e-05 2.52453155412133e-05 2.8598475920068e-05 3.22953571527789e-05 3.63594558263433e-05 4.08603525590237e-05 4.58218731682701e-05 5.12394991503647e-05 5.71417713101589e-05 6.35588037382212e-05 7.05225434839956e-05 7.80670647757412e-05 8.62549065042389e-05 9.52108515289494e-05 0.000104889828500776 0.00011534282215496 0.000126626004176641 0.000138801323799062 0.000151937109591778
5.62533957920691e-07 6.84209721001896e-07 8.29694168004657e-07 1.00294625895765e-06 1.20843354559229e-06 1.45117322007004e-06 1.74310038147927e-06 2.09035049279018e-06 2.49768928213371e-06 2.97350276747566e-06 3.52699144587421e-06 4.168201312918e-06 4.9080515818e-06 5.76529144237044e-06 6.76679458039664e-06 7.91234838582803e-06 9.21737696172401e-06 1.06982160625619e-05 1.23720923426486e-05 1.42570975108156e-05 1.6372157556672e-05 1.87855765831572e-05 2.14824976115729e-05 2.44813626372016e-05 2.78045132457085e-05 3.14748688991577e-05 3.55159078261662e-05 3.99516585021003e-05 4.48549216460783e-05 5.02486067306895e-05 5.61253193282873e-05 6.25125489298183e-05 6.94389195482583e-05 7.69344174019456e-05 8.50306548762401e-05 9.37876524686061e-05 0.000103326717064311 0.000113595637338015 0.000124640131212218 0.000136510499638197 0.000149262225185064 0.000162956588073861
6.29934284149173e-07 7.64843136265659e-07 9.26024285229699e-07 1.11783771783361e-06 1.34520264618436e-06 1.6136423885229e-06 1.93630153443729e-06 2.31992445578629e-06 2.76974355680727e-06 3.29497526126797e-06 3.90572543330833e-06 4.61302151330599e-06 5.42884066603484e-06 6.37375269954344e-06 7.47721288540327e-06 8.73887854100801e-06 1.01755665707761e-05 1.1805052356804e-05 1.36460377819412e-05 1.57181124538031e-05 1.80417082623488e-05 2.069096925922e-05 2.36490743556203e-05 2.69354810242933e-05 3.05737265542859e-05 3.45877744215133e-05 3.90019631587276e-05 4.38409643959891e-05 4.91811989931265e-05 5.50446963679814e-05 6.14210237415299e-05 6.83366542807653e-05 7.58187337962094e-05 8.38952742262449e-05 9.25953851953835e-05 0.000101976601571444 0.000112156897158858 0.000123076340175542 0.000134775177462639 0.000147297597426942 0.000160692336154434 0.000175013307498574
7.04902015141318e-07 8.54207677449553e-07 1.0324355609497e-06 1.24437582233647e-06 1.49543229932184e-06 1.79167155021641e-06 2.14753733304301e-06 2.57042817313966e-06 3.06607834092085e-06 3.64459750790071e-06 4.31706599731848e-06 5.0955682659547e-06 5.99322167579279e-06 7.0325580853092e-06 8.24581702126711e-06 9.63252358688759e-06 1.12110030125185e-05 1.3000592001357e-05 1.50215950543183e-05 1.72952321868837e-05 1.9843578135462e-05 2.274711655873e-05 2.59869366325863e-05 2.95836298238461e-05 3.35620698193247e-05 3.79474007569554e-05 4.27649522597635e-05 4.80401621175386e-05 5.38535016404373e-05 6.02261699822669e-05 6.71445351876038e-05 7.46341033942369e-05 8.27205687745475e-05 9.14299705523201e-05 0.000100788889947543 0.000110852435253921 0.000121735440271108 0.000133369649414369 0.00014578964939279 0.000159033289122393 0.00017314229277854 0.000188162903621758
7.88391788680112e-07 9.53344173558555e-07 1.15006140792443e-06 1.38379356831182e-06 1.66046279165113e-06 1.98671681483576e-06 2.37839055511204e-06 2.84358295365126e-06 3.38856617673222e-06 4.02440767633822e-06 4.76323326643888e-06 5.61826220503567e-06 6.60383680938141e-06 7.7445967949714e-06 9.0757751480501e-06 1.05967633951237e-05 1.23275150422203e-05 1.42890547201175e-05 1.6503422366085e-05 1.89936068842185e-05 2.17834693442385e-05 2.49603534984651e-05 2.8503132219137e-05 3.24336575840457e-05 3.67782900357818e-05 4.15635013615171e-05 4.68157540754445e-05 5.25613868184395e-05 5.88853811227946e-05 6.58081695434542e-05 7.33127626022054e-05 8.14237633296513e-05 9.0165455916752e-05 9.95619239340109e-05 0.000109637210384241 0.000120444082797748 0.00013209447867293 0.000144511193936428 0.000157722982131295 0.000171761141408015 0.000186660133795121 0.000202458242304454
8.81518566512688e-07 1.06346285256334e-06 1.28021325837856e-06 1.53750995886293e-06 1.84182757377624e-06 2.20043356221294e-06 2.63064785953115e-06 3.14131681849191e-06 3.73928714887687e-06 4.4366499751558e-06 5.24664921861103e-06 6.18371855920633e-06 7.2635121408778e-06 8.51292705466899e-06 9.97040456239446e-06 1.163520208051e-05 1.35290252892405e-05 1.56747177844349e-05 1.80961927035549e-05 2.08183518120181e-05 2.3866992069423e-05 2.73368567131487e-05 3.12044755565014e-05 3.54930957380376e-05 4.02307241526759e-05 4.54453172900405e-05 5.11646231568003e-05 5.7416027473437e-05 6.42895101084004e-05 7.18048148650997e-05 7.9941439827541e-05 8.87231637180634e-05 9.81729178336863e-05 0.000108312863074624 0.000119164510755272 0.000130778400540824 0.000143263868112187 0.000156534116763045 0.000170611910663946 0.00018552180242922 0.000201290757734577 0.000217948825085873
9.85926464032262e-07 1.1863565097549e-06 1.42484365975733e-06 1.707649408142e-06 2.04183625186702e-06 2.43533131798305e-06 2.90703736443602e-06 3.46659683305646e-06 4.12146898372412e-06 4.88483729781142e-06 5.77113960221362e-06 6.79610722534695e-06 7.97679707435189e-06 9.34252024182243e-06 1.09351516196551e-05 1.27538148897452e-05 1.48220986948825e-05 1.71648042134787e-05 1.98078638450748e-05 2.27782452303378e-05 2.61038405818533e-05 2.9887363991085e-05 3.41028727597269e-05 3.877515502793e-05 4.39340375164379e-05 4.96091329009011e-05 5.58296424324914e-05 6.26241609697504e-05 7.00881962795256e-05 7.82408985763225e-05 8.70580991726465e-05 9.65628492862147e-05 0.000106776802519763 0.000117720248174864 0.000129412190331416 0.00014190108552328 0.00015529402344128 0.000169493935222659 0.000184517453928584 0.000200382205001267 0.000217107435158562 0.000234714694009892
1.10413939224083e-06 1.32478133515487e-06 1.58695922626047e-06 1.89748890020367e-06 2.26405820649182e-06 2.69529628317803e-06 3.21179314438851e-06 3.8240388536618e-06 4.54014550749055e-06 5.37446226548753e-06 6.34270190869648e-06 7.46198255357509e-06 8.75086143265121e-06 1.02412318474411e-05 1.19786447423098e-05 1.39620915490612e-05 1.62171855374767e-05 1.87708359657346e-05 2.16511534679668e-05 2.48873385371731e-05 2.85095530333728e-05 3.26291031897993e-05 3.72174386997198e-05 4.23010515226277e-05 4.7911781647096e-05 5.40810903710809e-05 6.08398216991279e-05 6.82179641542763e-05 7.63171437054001e-05 8.51560350847033e-05 9.4706646194136e-05 0.00010499142124882 0.000116030834700067 0.000127843378088223 0.00014044559466754 0.00015388404359001 0.00016826400488271 0.000183477401113612 0.000199534606285197 0.000216446148210158 0.000234223340334261 0.000252878974108204
1.23706805085286e-06 1.47966037389826e-06 1.76748173845123e-06 2.10793235444308e-06 2.50935955274964e-06 2.98113309671504e-06 3.54562636828121e-06 4.21422394753223e-06 4.99572747111753e-06 5.90571918876601e-06 6.96126149019924e-06 8.18094154020631e-06 9.58490709834785e-06 1.12077893965364e-05 1.30990402662392e-05 1.52575212740947e-05 1.77110026450852e-05 2.04886426405327e-05 2.36208793698045e-05 2.71393033553162e-05 3.10765107312149e-05 3.55529825905524e-05 4.05374397123602e-05 4.60582345096974e-05 5.21494063406757e-05 5.88444512661742e-05 6.61760404926811e-05 7.4175737105326e-05 8.29518525291484e-05 9.25227104723934e-05 0.000102856358903584 0.000113974762206885 0.000125897323625448 0.000138640823063471 0.000152219404674397 0.000166677930460446 0.000182120325234651 0.000198426813953223 0.000215601415009915 0.000233647422798437 0.000252568041011607 0.000272367084542881
1.38693431363982e-06 1.65337662818004e-06 1.96895910442143e-06 2.34169574230773e-06 2.78062682596716e-06 3.29590067306871e-06 3.91176945966413e-06 4.6405582073924e-06 5.49179407326264e-06 6.48235920982336e-06 7.63073975376845e-06 8.95707377153615e-06 1.04831894823293e-05 1.22466115512294e-05 1.43009176353314e-05 1.66448427799852e-05 1.93084474893358e-05 2.23232813563229e-05 2.5722261072677e-05 2.95395267490047e-05 3.38102763726559e-05 3.86647554061309e-05 4.40688382671085e-05 5.0052900100295e-05 5.66533724362776e-05 6.39059798827087e-05 7.18454139263019e-05 8.0505002767696e-05 9.00003302319228e-05 0.000100349508022263 0.000111516495959543 0.00012352292071504 0.000136387238241943 0.000150124619882503 0.000164746890269394 0.000180297441286927 0.00019687934471708 0.000214360431837774 0.000232738289343392 0.000252008862861112 0.000272167090067037 0.000293207610672115
1.55635358799791e-06 1.84873101205786e-06 2.19438105058713e-06 2.60195997188787e-06 3.08123347682454e-06 3.64316529316785e-06 4.31398038669573e-06 5.10698865566221e-06 6.03247762188197e-06 7.10869496798264e-06 8.35562357043507e-06 9.79503317133487e-06 1.14505213978605e-05 1.33626604600374e-05 1.55893772357598e-05 1.81292845556917e-05 2.10148666187864e-05 2.42802071499995e-05 2.79608534393546e-05 3.20936561491238e-05 3.67165846608264e-05 4.19702413664211e-05 4.78175418502567e-05 5.42910511400535e-05 6.14297915175796e-05 6.92719166834866e-05 7.78543392871244e-05 8.72123520944367e-05 9.74694149880003e-05 0.000108643581066962 0.000120694603392613 0.000133643927725195 0.000147509202490008 0.000162304110497588 0.000178038254445131 0.000194753809398687 0.000212553542342229 0.000231292191751509 0.000250960857855622 0.000271548043607185 0.000293040285739715 0.000315422871163355
1.74840170566301e-06 2.06901380444333e-06 2.44725518777792e-06 2.89245158968106e-06 3.41512520045382e-06 4.02709051885757e-06 4.75663706726654e-06 5.61810199721491e-06 6.62256645238273e-06 7.78970745330065e-06 9.1410757834148e-06 1.0700151828723e-05 1.24923898156973e-05 1.45615609574271e-05 1.6970161429405e-05 1.97166871089212e-05 2.28361784163902e-05 2.63653954668457e-05 3.03426680299361e-05 3.48077186203113e-05 3.98014584307066e-05 4.54754383245421e-05 5.17895087268331e-05 5.87785957036601e-05 6.64845155988511e-05 7.49480575119353e-05 8.42085629908244e-05 9.43034968259698e-05 0.000105364811987741 0.000117410670456916 0.000130396510858805 0.000144343769143456 0.000159269441567124 0.000175185859293726 0.000192100518727438 0.000210054656949963 0.000229151328340661 0.000249231480749785 0.000270279695352294 0.000292276960967844 0.000315201300960515 0.000339028494132301
1.96669099073948e-06 2.31808594407966e-06 2.73169360471067e-06 3.21753471502282e-06 3.78691722261812e-06 4.45253980736685e-06 5.24484523728408e-06 6.1792376174996e-06 7.2676228914877e-06 8.5311687249421e-06 9.99306241982123e-06 1.1678571389211e-05 1.36150910645786e-05 1.58497391170347e-05 1.84497958806758e-05 2.14136464752947e-05 2.47790181263068e-05 2.85854879625252e-05 3.28743188542576e-05 3.76882656519708e-05 4.30713514749469e-05 4.91866617991165e-05 5.59908829302389e-05 6.35214761651699e-05 7.18232587921681e-05 8.09398662507755e-05 9.09132825004865e-05 0.000101783358808535 0.000113691167931718 0.000126655161880336 0.00014062636946384 0.000155626401706862 0.000171671773279696 0.000188773617219734 0.000206937457279917 0.000226203895976808 0.000246676908722011 0.0002681829609547 0.000290700105209424 0.0003142017681733 0.00033865737110193 0.00036403305305562
2.2173733436155e-06 2.60255938956126e-06 3.0547830154049e-06 3.58478457572755e-06 4.20468608762321e-06 4.92810287509431e-06 5.78771993402669e-06 6.8000463999826e-06 7.97784293546223e-06 9.34382882203236e-06 1.09228964261352e-05 1.27421768297169e-05 1.48310919137032e-05 1.72402550582482e-05 2.00419490056271e-05 2.32344556461228e-05 2.68583231322306e-05 3.09560906014744e-05 3.557210992455e-05 4.07523350319827e-05 4.65440784020802e-05 5.31225662577418e-05 6.04412261688501e-05 6.85402403351052e-05 7.74676474498241e-05 8.72701552465976e-05 9.79926200779535e-05 0.000109677512073462 0.000122475690096339 0.000136406101572827 0.000151415280256761 0.000167525221592828 0.000184752154710652 0.0002031061943383 0.000222591052161989 0.000243247041751362 0.000265179769736077 0.000288200502891501 0.000312280781460298 0.000337386446622542 0.00036347825172329 0.000390512585308083
