resources/Exp000_Example-Run/Run01_M2/TimeSeries/2010/model/2010_biasfile.asc
NCOLS 265 
NROWS 230 
XLLCORNER -115.5625 
YLLCORNER 24.8333333333333 
CELLSIZE 0.0833333333333333 
NODATA_value -9999 
[rows 18 to 35 of 230, columns 84 to 125 of 265]
3.0154832760228e-05 3.55153242402781e-05 4.16860993123224e-05 4.8732908553429e-05 5.67457155670686e-05 6.58186332071923e-05 7.60494664217117e-05 8.7539172380943e-05 0.000100527556668743 0.000115163478679498 0.00013142017158032 0.000149400538842468 0.000169204129389079 0.000190925752178847 0.000214654022440387 0.000240520494360357 0.000268913925131848 0.000299541377460263 0.000332435568007248 0.000367612264479123 0.000405068795185696 0.000444782651724945 0.00048671019396654 0.000531071054593683 0.000577524494460051 0.000625841255147881 0.000675861405571618 0.000727400952731781 0.000780252524976821 0.000834186327504845 0.000888986325641137 0.000944303347923883 0.000999748402646761 0.00105501165826784 0.00110977585889059 0.00116371964924936 0.00121652104153887 0.00126784668615015 0.00131699971375603 0.0013639553343051 0.00140844724431497 0.0014502326930257
3.21542427960575e-05 3.78652407667292e-05 4.44391289434053e-05 5.19459209634799e-05 6.04814197615785e-05 7.01458520593234e-05 8.10433828456531e-05 9.32815419013089e-05 0.000107115741770631 0.000122704568127415 0.000140019578872773 0.000159170445549419 0.000180263288931319 0.000203399206112384 0.000228672724820194 0.000256224155360588 0.000286467947154533 0.00031909228891162 0.000354132346327765 0.000391605275029568 0.000431508633740734 0.000473818896070312 0.000518490070659982 0.00056575725612329 0.000615257913936909 0.000666748321657837 0.000720058781897829 0.00077499397972785 0.000831333700680215 0.000888833837567668 0.00094726560098579 0.00100625816144539 0.00106539672973509 0.00112435167029427 0.00118278532440494 0.00124035553262871 0.0012967193082319 0.00135152146451033 0.00140402081386826 0.00145418831897596 0.00150173926589181 0.00154641376676251
3.41980845491752e-05 4.02662161605021e-05 4.72507618336715e-05 5.52260738185124e-05 6.42938987663712e-05 7.45606880533296e-05 8.61370836911649e-05 9.91373109696276e-05 0.000113832677228279 0.000130391684864981 0.000148784204646668 0.000169126819230166 0.000191532365624896 0.000216108373672612 0.000242955427241861 0.000272222799476069 0.000304351194563964 0.000339009622551156 0.000376235814189682 0.000416048417952675 0.000458445315122946 0.000503402039006307 0.000550870308576899 0.000601101226367547 0.000653710130765572 0.000708438665199131 0.000765107323659837 0.000823509401685635 0.000883411748236066 0.000944555823100238 0.00100670013918959 0.0010694520600295 0.0011323704402579 0.0011951055841628 0.00125729914735558 0.00131858785747188 0.00137860739515926 0.0014369803826768 0.00149292091428227 0.00154639512142318 0.0015970994464013 0.00164475641683782
3.62798692140571e-05 4.27103674495555e-05 5.0111494888302e-05 5.85619998856138e-05 6.8169652621866e-05 7.90472144626373e-05 9.13118952630909e-05 0.000105084712043455 0.000120653090647509 0.000138195602641367 0.000157680430026882 0.000179231184931013 0.00020296754190459 0.000229003587107618 0.000257446085630757 0.000288453451607092 0.000322493115322099 0.000359214687947188 0.000398658582464779 0.000440845051868698 0.000485772404886368 0.000533415331299948 0.00058372334774662 0.000636964074143157 0.000692730503050864 0.000750749547394939 0.000810831911007105 0.000872759499922751 0.000936286206919332 0.00100113901835479 0.00106706390315811 0.0011336463958958 0.00120041852984898 0.00126701039159377 0.00133304276733245 0.00139813106152365 0.0014618893852155 0.00152391791598802 0.00158338588354608 0.00164025394870726 0.00169419934515064 0.00174492662728236
3.83927618066013e-05 4.51893644578776e-05 5.30112588336581e-05 6.19416273528824e-05 7.20943169720216e-05 8.35884568674615e-05 9.65478872781671e-05 0.000111100484338345 0.000127549946813644 0.00014608502679717 0.000166672226913345 0.000189442280402916 0.000214521795676572 0.000242031515980302 0.000272084492567671 0.000304848427729806 0.000340817850381486 0.000379622843712963 0.000421306621120494 0.000465891158804491 0.000513375311262531 0.000563733041788584 0.000616911779431551 0.000673196147469383 0.000732156678568727 0.000793505537938307 0.000857043722703313 0.000922541821787864 0.000989740831543143 0.00105835331040148 0.00112811293998128 0.00119858353976021 0.00126926995756462 0.00133978201051351 0.00140971953813345 0.00147867651736435 0.00154624535676282 0.00161200364359652 0.00167507586831002 0.00173541652423603 0.00179268334601657 0.00184656259039219
4.0529684222719e-05 4.76945456008512e-05 5.59395482440942e-05 6.53523256867074e-05 7.60528264998072e-05 8.81665760717096e-05 0.000101824077328062 0.0001171601020681 0.000134494702348687 0.000154026878222012 0.000175721474059689 0.000199716407285559 0.000226145289747905 0.000255135598127965 0.000286806753193899 0.000321335859360665 0.000359244810937675 0.000400144131241926 0.000444079953142709 0.000491076101982129 0.000541132110427676 0.000594221353630875 0.000650289316714882 0.000709638082040484 0.000771815724012803 0.000836519727021292 0.000903541533751867 0.000972640565052706 0.00104354506469656 0.00111595329975571 0.00118958702985259 0.00126398861709044 0.00133863546786587 0.00141311719047466 0.00148701271364731 0.00155989459509378 0.00163133351877806 0.00170088445103724 0.0017676275565242 0.00183151040514568 0.00189217102207655 0.00194927711125794
4.26843272165682e-05 5.02178276742856e-05 5.8886195127326e-05 6.87815064183888e-05 8.00298029870567e-05 9.27630003109129e-05 0.000107118261119621 0.000123237253894446 0.000141456378375046 0.000161984900832971 0.000184786045275565 0.000210004946186731 0.000237782261156584 0.000268252252934443 0.000301540775653516 0.000337834418499168 0.00037768259923037 0.0004206763690229 0.00046686491134727 0.000516274047336837 0.000568904150115359 0.000624728184562418 0.000683689885101769 0.000746109252482259 0.000811512050232578 0.000879581260737283 0.00095009902494183 0.00102281385461111 0.00109744150361115 0.00117366621111596 0.00125119834987424 0.00132955928654353 0.00140819884263733 0.00148668662497307 0.00156458083279215 0.0016414327551457 0.00171679146653291 0.00179018942354143 0.00186066327847477 0.00192815277901158 0.00199227611211241 0.00205268223810135
4.48474841418913e-05 5.27480560438631e-05 6.18377816269766e-05 7.22131475779483e-05 8.40062445513231e-05 9.73553356548813e-05 0.000112404202975087 0.000129301374132125 0.000148399499005714 0.000169918072304998 0.00019381874754682 0.000220253871266445 0.000249371152850477 0.000281311659676759 0.000316207711763092 0.000354255418591297 0.000396031736599091 0.000441108447504321 0.000489537908344317 0.000541348081331426 0.000596540348315992 0.000655087455612523 0.000716931602325532 0.00078241109629039 0.000851029670784042 0.000922456076618116 0.000996463472909539 0.00107278979775952 0.00115113866315318 0.00123118063772248 0.00131261533843812 0.00139494374330841 0.00147758808991021 0.00156009831518693 0.00164201219730378 0.00172286003594341 0.00180216954031957 0.00187945090309434 0.00195369837635036 0.00202484297903712 0.00209248304027411 0.00215624868655185
4.70118898476336e-05 5.527620470845e-05 6.47832231261422e-05 7.5633783901096e-05 8.79659503718949e-05 0.000101924256734299 0.000117659028910046 0.000135325580295305 0.000155292627694605 0.000177789805183047 0.000202777258428988 0.000230414507250577 0.000260856287061564 0.000294250459080014 0.000330735815414355 0.000370517981205454 0.000414201341013414 0.000461338720337863 0.000511985770822543 0.000566172746084236 0.000623902217477724 0.000685146924900043 0.000749847776307804 0.000818361729300669 0.000890170897371528 0.000964930162708002 0.00104240409547851 0.00112232047728493 0.00120437121640161 0.00128821366633789 0.00137353743074739 0.00145982385932732 0.00154646773434118 0.00163299977819921 0.0017189377816791 0.0018037914598695 0.00188706752519482 0.00196825428156573 0.00204630500375088 0.00212114103078566 0.00219234091018368 0.00225951592984445
4.91709847056509e-05 5.77939508333225e-05 6.77121264879683e-05 7.90306197205834e-05 9.18933560657334e-05 0.000106451029126681 0.000122860397052018 0.00014128344888045 0.000162104697126214 0.000185563773854912 0.000211619393290608 0.000240438175739622 0.000272181825011393 0.000307004956245296 0.000345052814035077 0.000386540494871774 0.00043209957477682 0.000481264351216332 0.000534093891853146 0.000590620899804472 0.000650849332391384 0.000714752159307764 0.000782269274401937 0.000853776588504645 0.000928735141316702 0.00100678640713832 0.00108768683906562 0.00117115456742104 0.00125687033162151 0.00134447883024202 0.0014336605190088 0.00152387804442813 0.00161449899016223 0.00170503544939472 0.0017949857902959 0.00188383967891847 0.00197108332839179 0.00205618366313984 0.00213805473495987 0.00221660719105749 0.00229139996955832 0.00236202559939231
5.13187758516868e-05 6.02935534264577e-05 7.06146914090748e-05 8.2391458585234e-05 9.57734976107422e-05 0.000110917514035956 0.000127986549891989 0.00014714912230475 0.000168805178848384 0.000193204155009275 0.000220303423890234 0.000250276598895171 0.000283292262202888 0.000319511713334603 0.000359086603511436 0.000402241415923895 0.000449634553206132 0.000500782329645213 0.000555747350586921 0.000614564934472041 0.00067724063677132 0.000743747917376743 0.000814025966140567 0.000888469910054091 0.000966520398244982 0.00104780605670274 0.00113207577293355 0.00121903861994307 0.00130836480058849 0.00139968702430026 0.00149267758766927 0.0015867815250156 0.00168133960804722 0.00177584601712545 0.00186978039486997 0.00196261302587639 0.00205381025175979 0.0021428182621789 0.00222851397407232 0.00231079627135467 0.00238920475251611 0.00246331335313098
5.34500314655301e-05 6.27680724492816e-05 7.34819573111114e-05 8.57049810803187e-05 9.95923235263732e-05 0.000115306518559287 0.000133016706667328 0.000152897747746153 0.000175364573686904 0.000200676175191298 0.000228788688496532 0.00025988257784189 0.000294133181097461 0.000331708382768939 0.000372766168376701 0.000417540282496147 0.000466715460374763 0.000519790695331879 0.000576832252176063 0.00063787823809656 0.000702936034500126 0.00077197987595036 0.000844948591374336 0.00092225674528607 0.00100332541713911 0.00108777104316423 0.0011753355762144 0.00126571971452048 0.00135858385394877 0.00145354948599472 0.00155028185954623 0.00164820965310761 0.00174664734368049 0.00184507204617295 0.00194294550689591 0.00203971942855052 0.00213484103933629 0.0022277365743806 0.00231724823665564 0.00240326201766436 0.00248529854417494 0.00256291341081809
5.55603230582927e-05 6.5211357332582e-05 7.63057256332203e-05 8.89605873782399e-05 0.000103336442757244 0.000119601432542052 0.000137930571374138 0.000158504837045188 0.000181753600785289 0.000207945104271828 0.00023703436581762 0.000269208521944399 0.000304649509627015 0.000343531668034019 0.000386019217338926 0.000432354996144869 0.000483249444223398 0.000538185019185786 0.000597231767858751 0.000660430768254878 0.00072779147256016 0.000799289200429198 0.000874862798197743 0.000954946447840685 0.00103894262429774 0.00112645633654175 0.00121722331754558 0.00131093666663886 0.00140724780462739 0.00150576788709377 0.00160615635637744 0.00170782696540382 0.00181006854906556 0.0019123421412029 0.00201409255922265 0.0021147538613128 0.00221375505629659 0.00231050334632839 0.00240380899046214 0.00249354389531503 0.00257921018552064 0.00266034545686177
5.76439602255748e-05 6.76148176987504e-05 7.90739357828123e-05 9.21421285973355e-05 0.000106984936129266 0.000123775818692346 0.000142695373554617 0.000163930403461192 0.000187924011309658 0.000214953290477374 0.000244972288570454 0.000278174576005245 0.000314748477311234 0.0003548746070146 0.000398723278434398 0.000446546191168582 0.000499078643436483 0.000555787561286845 0.000616746908075205 0.000682000941475241 0.000751561471789512 0.000825405273231751 0.000903471664199796 0.000986214589917731 0.00107301914613744 0.00116347987039098 0.0012573271552061 0.00135424745837828 0.00145388425489545 0.0015558394583493 0.00165976821202061 0.00176507110982669 0.00187101221834791 0.00197703772710014 0.00208257674419962 0.00218704686981907 0.00228986003045048 0.00239040556875692 0.00248746523583294 0.00258089547933643 0.00267018055565816 0.00275484054249066
5.97020103493486e-05 6.99792603516722e-05 8.17870589138727e-05 9.52496573741984e-05 0.000110537344728523 0.000127828602764166 0.000147309308535796 0.000169171784943442 0.000193872132291797 0.000221695878098737 0.000252596246373226 0.000286772989128668 0.000324420592744291 0.000365725753465962 0.00041086472181177 0.000460097804780743 0.000514184258369099 0.000572576506982439 0.000635352551424891 0.000702560024787198 0.000774213370364246 0.000850291174670186 0.000930733671944202 0.00101601465509254 0.00110550309021875 0.00119878400852637 0.0012955833369617 0.0013955818463268 0.00149841609409972 0.00160367984690893 0.00171102543251167 0.00181984204815581 0.0019293699179139 0.00203904163731374 0.00214827184145586 0.00225646287887085 0.00236301075399356 0.00246728814854532 0.00256805174439314 0.00266514123848454 0.00275802369425983 0.00284620219739261
6.17349195490589e-05 7.23038994834559e-05 8.44427957152525e-05 9.82790542721893e-05 0.000113987389289828 0.000131750971805467 0.000151760620821243 0.000174213839009853 0.00019957890607724 0.00022814931581422 0.000259877627906887 0.000294969490991521 0.000333625296991041 0.00037603760222158 0.000422388413561608 0.000472946353732882 0.00052849361552643 0.000588469259519008 0.000652955444073103 0.000722003379349712 0.000795630429558343 0.000873817371850146 0.000956505828582787 0.00104418948177965 0.00113622254221052 0.00123218158846326 0.00133178902637757 0.0014347209719598 0.00154060817880827 0.00164903745413073 0.00175965989809979 0.00187185521738088 0.00198484083914902 0.00209803713070125 0.00221084560710349 0.00232265468841172 0.0024328457329299 0.00254077608030316 0.00264518107074771 0.00274588231814811 0.00284233045832622 0.00293401219184623
6.37450563426759e-05 7.45900567850527e-05 8.70411550394765e-05 0.000101228724983105 0.000117331550131004 0.000135537125635374 0.000156040840897629 0.000179045003724396 0.000205029175048309 0.000234294298701335 0.00026679244061298 0.000302734829647341 0.000342327477530685 0.000385768552038096 0.000433245611580024 0.000485035266299033 0.00054194150943892 0.000603391278366138 0.00066947100794862 0.000740235692243194 0.000815705916215156 0.000895865045025707 0.000980656587910227 0.0010705941146345 0.00116501857328669 0.00126349922718524 0.00136575597068634 0.00147146136990739 0.00158024156811103 0.00169167768730403 0.00180542128461119 0.00192084461638175 0.00203714347275334 0.00215372746689934 0.00226998645646506 0.0023852963660094 0.00249902529248325 0.00261051666556759 0.00271848848077043 0.00282274290222708 0.00292271498919062 0.00301787574137005
6.5736934423297e-05 7.68414112182957e-05 8.95847336309738e-05 0.000104099913143502 0.000120569416443533 0.000139184666257369 0.000160145218686339 0.000183657779374378 0.000210212216423554 0.000240116361437677 0.000273321967398642 0.00031004549707617 0.000350498268209598 0.000394883785701503 0.000443394931740237 0.000496315940693437 0.000554471360448524 0.000617277342495327 0.000684824715565333 0.000757172468744869 0.000834344718177716 0.00091632783160192 0.00100306772799453 0.0010950978209687 0.00119174739930864 0.00129257962619425 0.00139731295404282 0.00150561757090991 0.00161711627685813 0.00173138586277094 0.00184808011479262 0.00196656600225912 0.00208601894583676 0.00220583937878598 0.00232540706532864 0.00244408696916481 0.00256123541158093 0.00267618344939483 0.00278763597704405 0.00289537431504795 0.00299881887773775 0.00309742572138621
