resources/Exp000_Example-Run/Run01_M2/TimeSeries/2010/model/2010_biasfile.asc
NCOLS 265 
NROWS 230 
XLLCORNER -115.5625 
YLLCORNER 24.8333333333333 
CELLSIZE 0.0833333333333333 
NODATA_value -9999 
[rows 36 to 53 of 230, columns 0 to 41 of 265]
3.95432489661406e-13 5.19177250524934e-13 6.81308707620707e-13 8.93422545912879e-13 1.18513164612774e-12 1.57689332120871e-12 2.09849838060253e-12 2.79209389750626e-12 3.7126518018471e-12 4.93137500916037e-12 6.5397772707615e-12 8.71701440488747e-12 1.16997539648422e-11 1.56766846031167e-11 2.09604082118466e-11 2.79525185949573e-11 3.71651651709066e-11 4.92464926605081e-11 6.51021607188441e-11 8.68830798842339e-11 1.155387459345e-10 1.53059668530149e-10 2.01946629496897e-10 2.65320166601212e-10 3.47047385038534e-10 4.51887177032267e-10 5.91164188353785e-10 7.72543542151018e-10 1.00509305538298e-09 1.30176615684754e-09 1.67836153878769e-09 2.15403586097755e-09 2.75188290645572e-09 3.51337445293755e-09 4.49503605671107e-09 5.72590796086852e-09 7.2622933920208e-09 9.17151589903156e-09 1.15337151913451e-08 1.44438657793228e-08 1.80161845228507e-08 2.25733643155603e-08
5.08380209734016e-13 6.64112271665585e-13 8.67066256803961e-13 1.13122340007634e-12 1.49231994358063e-12 1.97463867700517e-12 2.61361720815624e-12 3.45935371843548e-12 4.57705112529382e-12 6.05100915762213e-12 7.98940411799911e-12 1.060406410664e-11 1.41739369341111e-11 1.8920358970274e-11 2.52107389222582e-11 3.35166688798715e-11 4.44391045736704e-11 5.8738060232403e-11 7.74751117559487e-11 1.03171575896953e-10 1.36934581198881e-10 1.8109143416879e-10 2.38564281734344e-10 3.12997259690705e-10 4.08903634192689e-10 5.31834167345961e-10 6.94999285598798e-10 9.07313237986068e-10 1.17931469071126e-09 1.52605490762432e-09 1.96587240894376e-09 2.52097948034976e-09 3.21812333617956e-09 4.10532200823274e-09 5.24788140448916e-09 6.67907772020288e-09 8.46363208368868e-09 1.0678771444929e-08 1.34162205463845e-08 1.6784431761813e-08 2.09135341835284e-08 2.61714808297441e-08
6.57608158076071e-13 8.54787650127671e-13 1.11034719670932e-12 1.44119639194046e-12 1.89059892864936e-12 2.48740703644023e-12 3.27383176231299e-12 4.30949620215679e-12 5.67181057229563e-12 7.46064695375405e-12 9.80393397067204e-12 1.29522541300042e-11 1.72343969631801e-11 2.29098101885168e-11 3.04101650123004e-11 4.02890007975613e-11 5.32511023908898e-11 7.01871323626014e-11 9.23406673712348e-11 1.22665575353883e-10 1.62451405892009e-10 2.14417330759029e-10 2.81975498298005e-10 3.69378653854439e-10 4.81890838308056e-10 6.25982569673001e-10 8.17055650581158e-10 1.06547263136906e-09 1.38347767524505e-09 1.78855514188452e-09 2.30198843942253e-09 2.94953180095223e-09 3.76216614423297e-09 4.79549598182264e-09 6.12499692481164e-09 7.78883923241198e-09 9.86148167863616e-09 1.24316015083285e-08 1.5604310772432e-08 1.95036273206517e-08 2.42780462850089e-08 3.03477754778623e-08
8.51145314906172e-13 1.10118064539093e-12 1.42349958325772e-12 1.83856342342776e-12 2.3987784422003e-12 3.13838924949588e-12 4.10763492105207e-12 5.37741251243165e-12 7.03952209203614e-12 9.21212621690602e-12 1.20462807098572e-11 1.58379732424179e-11 2.09740106997149e-11 2.77577426381045e-11 3.66952195803576e-11 4.84346722480568e-11 6.38006936560508e-11 8.38345227469458e-11 1.09989390791514e-10 1.45717664747669e-10 1.92517089571438e-10 2.53556692672603e-10 3.3281082880432e-10 4.35230210104528e-10 5.66939538877193e-10 7.35463346415318e-10 9.58716008257868e-10 1.24871687152568e-09 1.61966136635048e-09 2.09181837116212e-09 2.68984071875981e-09 3.44353426049365e-09 4.38872173318763e-09 5.58968467096737e-09 7.1335247884689e-09 9.06399575642696e-09 1.14666776659465e-08 1.44433202199715e-08 1.81143132046286e-08 2.26214302570669e-08 2.81341078170289e-08 3.51321501142888e-08
1.10205219106698e-12 1.4195595466623e-12 1.82671118274735e-12 2.34828502682864e-12 3.04781504209385e-12 3.9659126074738e-12 5.16234011216814e-12 6.72134911693774e-12 8.7517096457525e-12 1.13930694692503e-11 1.48235574045199e-11 1.93923509578794e-11 2.555373392873e-11 3.36615174027198e-11 4.43077087217373e-11 5.82497651876231e-11 7.64502601284259e-11 1.0012361576458e-10 1.30964056364512e-10 1.72997260633871e-10 2.27957759403497e-10 2.99529673846984e-10 3.92330703992575e-10 5.12109849913378e-10 6.65975751758441e-10 8.62657477618076e-10 1.12294255124433e-09 1.46074011912161e-09 1.89247170887486e-09 2.44158402658214e-09 3.1365743960471e-09 4.01187056581467e-09 5.10881748722349e-09 6.5015943635431e-09 8.2905589135017e-09 1.05258189076281e-08 1.33056243955819e-08 1.6746613443626e-08 2.09865702403952e-08 2.61874772528232e-08 3.25425971708423e-08 4.05995561657986e-08
1.42712730067028e-12 1.83082696766376e-12 2.34589051910066e-12 3.0023537382328e-12 3.87732458779078e-12 5.01893788802513e-12 6.49826649210054e-12 8.41539815332591e-12 1.08991306259808e-11 1.41143602484929e-11 1.82709110084982e-11 2.37802804114407e-11 3.11751864869809e-11 4.08673232302327e-11 5.35479037638767e-11 7.01001833062014e-11 9.16453657558807e-11 1.19596674228342e-10 1.55924795560334e-10 2.05313495799195e-10 2.69765654563166e-10 3.53553707514554e-10 4.62029649230195e-10 6.01853098162168e-10 7.81254544039302e-10 1.01033586294354e-09 1.31316141889403e-09 1.70578964174709e-09 2.20717444339669e-09 2.84437911457583e-09 3.65027533018293e-09 4.66454870719604e-09 5.93482512270856e-09 7.54654322305975e-09 9.61513466761783e-09 1.21979197644779e-08 1.5407545827332e-08 1.93775650405442e-08 2.42655177550077e-08 3.02563329948168e-08 3.75703202843526e-08 4.68321118349351e-08
1.84792610374268e-12 2.36178066658057e-12 3.01421990269066e-12 3.84169850129461e-12 4.93792048739717e-12 6.35992100277864e-12 8.19222563810791e-12 1.05537271487071e-11 1.3596884911987e-11 1.75162882660976e-11 2.25588831249742e-11 2.92092201969024e-11 3.80911630796126e-11 4.96826763748372e-11 6.47893463693573e-11 8.44391179920777e-11 1.09935281751296e-10 1.42918867856806e-10 1.85677132821804e-10 2.43647918825349e-10 3.1913712259288e-10 4.17087496402641e-10 5.43687033534855e-10 7.06631428005241e-10 9.15426888077316e-10 1.18173567902051e-09 1.53334980388282e-09 1.98876494022329e-09 2.5698075714571e-09 3.30764545062975e-09 4.24011364114552e-09 5.41286250613766e-09 6.88064205383293e-09 8.74166460567271e-09 1.11284566154912e-08 1.41065035128701e-08 1.78047697920163e-08 2.23759737594992e-08 2.80000379710998e-08 3.48878827680979e-08 4.3290447172892e-08 5.39195883630765e-08
2.39204027687821e-12 3.04669627061805e-12 3.87410467692356e-12 4.9185745486426e-12 6.29414746568123e-12 8.06840271306571e-12 1.03418943198775e-11 1.32558822896185e-11 1.69908188551328e-11 2.17762497084053e-11 2.79026303825303e-11 3.59402155329425e-11 4.66187882445449e-11 6.04920568290977e-11 7.84973576542964e-11 1.01828869738375e-10 1.31998611157843e-10 1.70908247052792e-10 2.21206925932022e-10 2.89195201104155e-10 3.77519860283233e-10 4.9188562723045e-10 6.39429973022776e-10 8.29024447009082e-10 1.07162220504292e-09 1.38065443838269e-09 1.7881429573811e-09 2.31533913312574e-09 2.98731858005299e-09 3.83989427488211e-09 4.91651735948239e-09 6.26958603452294e-09 7.96190841190738e-09 1.01061487511781e-08 1.28541671836623e-08 1.62806672726991e-08 2.0533057288745e-08 2.57857164484888e-08 3.22438591809616e-08 4.01477714599599e-08 4.97829931982837e-08 6.19599374574957e-08
3.10711965949159e-12 3.94477832834715e-12 4.99880857361741e-12 6.32328658986685e-12 8.05758408958393e-12 1.02819369205141e-11 1.31162625497591e-11 1.67287907454565e-11 2.1333522804443e-11 2.72016658174185e-11 3.46752680932868e-11 4.44263206718197e-11 5.73089582220226e-11 7.39640611091131e-11 9.54820392437263e-11 1.2324960026899e-10 1.59019848109364e-10 2.04994786434961e-10 2.64240170557857e-10 3.44050652994409e-10 4.47457738545317e-10 5.81037300480448e-10 7.53011171980251e-10 9.73592604518121e-10 1.25538455703302e-09 1.61383389163307e-09 2.08578789236688e-09 2.69562790213429e-09 3.47212178064079e-09 4.45636513232125e-09 5.69819420708132e-09 7.2576774412615e-09 9.20678092997887e-09 1.1674598769235e-08 1.48349619499135e-08 1.87730287961446e-08 2.36571553080829e-08 2.96863194752962e-08 3.70944546106706e-08 4.61551874107784e-08 5.71933382911795e-08 7.11312328461931e-08
4.04565733833981e-12 5.12114382049755e-12 6.46876602548964e-12 8.15477790841335e-12 1.03501817245492e-11 1.31504385211398e-11 1.66989157019759e-11 2.11964403280326e-11 2.68973071432995e-11 3.41224651844181e-11 4.32752290416366e-11 5.51485431588356e-11 7.07426207004744e-11 9.07984861012816e-11 1.16584302802829e-10 1.49709555063804e-10 1.92205451687595e-10 2.4661953508933e-10 3.16496324996612e-10 4.10274150853322e-10 5.31416517594199e-10 6.87492534776835e-10 8.87958841087952e-10 1.14455496560101e-09 1.47175902231558e-09 1.88730723509078e-09 2.43353508508725e-09 3.13836563784339e-09 4.03474719290875e-09 5.1697616714026e-09 6.60047900247146e-09 8.39565526480072e-09 1.06376273515956e-08 1.34741022172578e-08 1.71037903224703e-08 2.16236633613916e-08 2.72257851042277e-08 3.41369709921304e-08 4.26236517140107e-08 5.29971783165849e-08 6.5626813501763e-08 8.15615355126797e-08
5.25996607782903e-12 6.64059792159678e-12 8.36390436816588e-12 1.0511200655336e-11 1.32926649314473e-11 1.68219571161313e-11 2.1270659727617e-11 2.68787461786182e-11 3.39485999593943e-11 4.28601878583591e-11 5.4089120339331e-11 6.85712399613475e-11 8.74772431451412e-11 1.11662306695954e-10 1.42599556868035e-10 1.82154389712023e-10 2.32676435679756e-10 2.97107745102513e-10 3.79538788989753e-10 4.89713624896012e-10 6.31575940579542e-10 8.13817777859282e-10 1.04728993893578e-09 1.3454532642758e-09 1.7248986520882e-09 2.20593978914503e-09 2.83710036933068e-09 3.65027452854476e-09 4.68310092122005e-09 5.9893845091481e-09 7.63431677399927e-09 9.69640546744681e-09 1.22696262208447e-08 1.55225835214012e-08 1.96819087308839e-08 2.4857800933374e-08 3.12689154717353e-08 3.91732894032931e-08 4.88737995126981e-08 6.07241030712883e-08 7.51433014593798e-08 9.33224447119399e-08
6.82764209186894e-12 8.59931659039023e-12 1.08029115482491e-11 1.35384021889963e-11 1.70645690979806e-11 2.15168753806281e-11 2.71009328463317e-11 3.41038375982963e-11 4.28854967146447e-11 5.38960501788673e-11 6.76965848817714e-11 8.53921042161656e-11 1.08352535862552e-10 1.37563064255974e-10 1.7473324189168e-10 2.22022443801056e-10 2.82144762541139e-10 3.58492372887645e-10 4.55777821772478e-10 5.85234946536608e-10 7.51338721378265e-10 9.64048365185221e-10 1.23578551747659e-09 1.58194797342946e-09 2.02150155506825e-09 2.57765461702928e-09 3.30589273131469e-09 4.24254881504215e-09 5.43050840657306e-09 6.93110570503973e-09 8.81862467086101e-09 1.11824876569066e-08 1.41296942375968e-08 1.7852245380633e-08 2.26080166770482e-08 2.8521971261769e-08 3.58425040330649e-08 4.4862568010851e-08 5.5925797129544e-08 6.94331578754136e-08 8.58594838202754e-08 1.06554747891864e-07
8.8468971739117e-12 1.11189847581127e-11 1.39358966696355e-11 1.74207612040517e-11 2.18927417967319e-11 2.75134845681861e-11 3.45297404344442e-11 4.32854654999872e-11 5.42095399940972e-11 6.78357321858527e-11 8.4826405193793e-11 1.06487250196174e-10 1.34421399679542e-10 1.69762015082839e-10 2.14491559085509e-10 2.71107226452015e-10 3.42740257696142e-10 4.33296223132878e-10 5.48196122895768e-10 7.00372962266915e-10 8.9488668195016e-10 1.14312401310268e-09 1.4592731096925e-09 1.86090682471302e-09 2.36965458665396e-09 3.01196796427877e-09 3.85114824033069e-09 4.92847466407795e-09 6.29268493670425e-09 8.01352202787799e-09 1.01754207497599e-08 1.28799848945374e-08 1.62487461807908e-08 2.04998266839283e-08 2.59259652739221e-08 3.26685515181438e-08 4.1009143694442e-08 5.12796289016784e-08 6.38690874177176e-08 7.92312373916115e-08 9.79030569468379e-08 1.21411791633899e-07
1.14416637547912e-11 1.43531087337026e-11 1.79521595595878e-11 2.23907076947756e-11 2.80630210569805e-11 3.51622630181764e-11 4.39850341553078e-11 5.4944061509852e-11 6.85511260334979e-11 8.54398968191484e-11 1.06393008529336e-10 1.32954796355575e-10 1.67001877001366e-10 2.09835789456683e-10 2.63754340484369e-10 3.31643174741843e-10 4.17111118664736e-10 5.24649265996442e-10 6.60485264802393e-10 8.39489995920541e-10 1.06736411691906e-09 1.35710005776193e-09 1.72486907000595e-09 2.19068168432456e-09 2.77914838741045e-09 3.52034626208008e-09 4.48633352980467e-09 5.7238844100076e-09 7.28824475868614e-09 9.25852300510482e-09 1.1730454902415e-08 1.48192012246226e-08 1.86624624367968e-08 2.35074431291416e-08 2.96856732653081e-08 3.7356758751182e-08 4.68391314097859e-08 5.850796648372e-08 7.28028720477211e-08 9.023621617129e-08 1.11414072111013e-07 1.38060867603418e-07
1.47678618169905e-11 1.84947647466115e-11 2.30897273729312e-11 2.87404072865462e-11 3.59345676871658e-11 4.49033983851782e-11 5.60040376327803e-11 6.97325773624662e-11 8.67006760448724e-11 1.0766163115981e-10 1.33541248253875e-10 1.66168325094165e-10 2.07740870633941e-10 2.59752011109812e-10 3.24864410213464e-10 4.06410811147641e-10 5.08547149381439e-10 6.36432467510523e-10 7.97212944225314e-10 1.00797013755196e-09 1.27510253799414e-09 1.61340634121523e-09 2.04127555105667e-09 2.58144782195819e-09 3.26186338196664e-09 4.11664350739155e-09 5.22764007888609e-09 6.6477129765615e-09 8.43932466842413e-09 1.06919866533239e-08 1.35139815486975e-08 1.70355158858598e-08 2.14122288868448e-08 2.6923616571381e-08 3.39442486671381e-08 4.26538650935675e-08 5.34117768069317e-08 6.66411476620654e-08 8.28375993024421e-08 1.02578517702758e-07 1.2654657654906e-07 1.56684909665526e-07
1.91238113326204e-11 2.39134484468704e-11 2.98042390691018e-11 3.70292984733318e-11 4.61953556784932e-11 5.75804356583587e-11 7.1616758843137e-11 8.89036136333722e-11 1.10175486276829e-10 1.36331825029643e-10 1.68472216238393e-10 2.08771251882317e-10 2.59811478860453e-10 3.23306731316967e-10 4.02348456260919e-10 5.00791609931025e-10 6.23427583183463e-10 7.76187325250074e-10 9.67276176879966e-10 1.21633046677809e-09 1.53050899985646e-09 1.92665349703053e-09 2.4256716096988e-09 3.05337773024079e-09 3.84146119803237e-09 4.82858918341022e-09 6.10765847751351e-09 7.73830708674698e-09 9.79104796606614e-09 1.23670237274537e-08 1.55885362183439e-08 1.96025949385526e-08 2.45848649776202e-08 3.08509269006649e-08 3.88234008602411e-08 4.87043938429644e-08 6.08988077892441e-08 7.58833237501982e-08 9.42160289597198e-08 1.16546817203432e-07 1.43643791570587e-07 1.77694151351489e-07
2.47383124298737e-11 3.08922151986071e-11 3.84442824530708e-11 4.76847562112329e-11 5.93700195380914e-11 7.38353272698783e-11 9.16052330392661e-11 1.13405713598596e-10 1.40121140879917e-10 1.72828225062199e-10 2.12836047345497e-10 2.62736646476864e-10 3.25569807566207e-10 4.03301970934095e-10 4.99525490401466e-10 6.18701596598563e-10 7.66355214281682e-10 9.49303710828179e-10 1.17696594561839e-09 1.47191208215902e-09 1.84211903341973e-09 2.30673106478367e-09 2.88947679443176e-09 3.61961464771087e-09 4.53302149301731e-09 5.67343263874543e-09 7.14610315207661e-09 9.01815134128742e-09 1.1368990371557e-08 1.43126536837801e-08 1.79869699469006e-08 2.25575482191023e-08 2.82222107893286e-08 3.53365077221352e-08 4.43762272553721e-08 5.55680886448138e-08 6.93673819110872e-08 8.63099328589211e-08 1.07022861285307e-07 1.32236192124961e-07 1.62812445415972e-07 2.01208749950799e-07
3.19111821277427e-11 3.98020195521756e-11 4.94667552738953e-11 6.1267031196957e-11 7.61464421742938e-11 9.45099745642952e-11 1.16995353618131e-10 1.44483591210526e-10 1.78041464118198e-10 2.18960173150454e-10 2.6880083404078e-10 3.30658377189403e-10 4.08115414922108e-10 5.0342684297134e-10 6.20769290099381e-10 7.65306698900116e-10 9.43409197429829e-10 1.16290997882775e-09 1.43461525649549e-09 1.78445745422305e-09 2.22128487028802e-09 2.76682465022897e-09 3.44795939173421e-09 4.29778721851882e-09 5.3568423422029e-09 6.67448527817253e-09 8.36974286737848e-09 1.05179412171298e-08 1.32082789866939e-08 1.6569002692495e-08 2.07550470244431e-08 2.59524993848556e-08 3.23835650842743e-08 4.04478343338997e-08 5.06796088103552e-08 6.3332523086187e-08 7.89172473498903e-08 9.80346070249023e-08 1.21387585780294e-07 1.49794269552173e-07 1.84220945354623e-07 2.27421637090156e-07
