resources/Exp000_Example-Run/Run01_M2/TimeSeries/1985/model_set/evptrns_avg.asc
NCOLS 265 
NROWS 230 
XLLCORNER -115.5625 
YLLCORNER 24.8333333333333 
CELLSIZE 0.0833333333333333 
NODATA_value -9999 
[rows 0 to 19 of 230, columns 135 to 179 of 265]
1.70198440551758 2.16355299949646 2.62512135505676 3.08668971061707 3.54825830459595 4.00982666015625 4.47139501571655 4.27481412887573 3.85885000228882 3.44288563728333 3.02692151069641 2.6109573841095 2.194993019104 1.77902889251709 1.4511581659317 1.38756835460663 1.32397842407227 1.2603884935379 1.19679856300354 1.13320875167847 1.0696188211441 1.00602889060974 1.12606704235077 1.30731439590454 1.48856174945831 1.66980922222137 1.85105657577515 2.03230404853821 2.21355128288269 2.44210624694824 2.81258320808411 3.18306016921997 3.55353713035583 3.92401432991028 4.29449129104614 4.66496849060059 5.03544521331787 5.23981046676636 5.38880443572998 5.53779888153076 5.68679285049438 5.83578729629517 5.98478174209595 6.13377571105957 6.26850509643555
1.5253130197525 1.94263446331024 2.35995578765869 2.77727723121643 3.19459867477417 3.61192011833191 4.02924156188965 3.85901403427124 3.4929370880127 3.12686014175415 2.76078319549561 2.39470624923706 2.02862906455994 1.66255211830139 1.37380540370941 1.31704950332642 1.26029360294342 1.20353758335114 1.14678168296814 1.09002566337585 1.03326976299286 0.976513803005219 1.19113838672638 1.49622309207916 1.80130791664124 2.10639262199402 2.4114773273468 2.71656203269958 3.02164673805237 3.33147478103638 3.65553188323975 3.97958898544312 4.30364608764648 4.62770366668701 4.95176076889038 5.27581787109375 5.59987497329712 5.75254964828491 5.84809732437134 5.9436445236206 6.03919172286987 6.1347393989563 6.23028659820557 6.32583379745483 6.42681932449341
1.34864163398743 1.72171604633331 2.0947904586792 2.4678647518158 2.84093904495239 3.21401333808899 3.58708763122559 3.44321393966675 3.12702417373657 2.8108344078064 2.49464464187622 2.17845511436462 1.86226522922516 1.54607546329498 1.29645264148712 1.2465306520462 1.19660866260529 1.14668667316437 1.09676468372345 1.04684269428253 0.996920704841614 0.946998715400696 1.25620985031128 1.68513190746307 2.11405396461487 2.54297614097595 2.97189807891846 3.40082025527954 3.82974219322205 4.22084331512451 4.49848079681396 4.77611780166626 5.05375528335571 5.33139276504517 5.60903024673462 5.88666725158691 6.16430473327637 6.26528930664062 6.30738973617554 6.34949016571045 6.39159059524536 6.43369102478027 6.47579145431519 6.5178918838501 6.58513355255127
1.17197024822235 1.50079751014709 1.82962489128113 2.15845203399658 2.48727941513062 2.81610679626465 3.1449339389801 3.02741384506226 2.76111149787903 2.49480891227722 2.22850632667542 1.9622038602829 1.69590139389038 1.42959880828857 1.21909987926483 1.17601191997528 1.13292384147644 1.0898357629776 1.04674780368805 1.00365972518921 0.960571646690369 0.917483627796173 1.32128119468689 1.8740406036377 2.4268000125885 2.97955942153931 3.53231883049011 4.08507823944092 4.6378378868103 5.11021184921265 5.34142923355103 5.5726466178894 5.80386447906494 6.03508186340332 6.26629972457886 6.49751710891724 6.72873449325562 6.77802896499634 6.7666826248169 6.75533628463745 6.74398946762085 6.73264312744141 6.7212963104248 6.70994997024536 6.74344730377197
0.995298862457275 1.27987909317017 1.56445932388306 1.84903955459595 2.13361978530884 2.41820001602173 2.70278024673462 2.61161398887634 2.39519858360291 2.17878341674805 1.96236801147461 1.74595272541046 1.52953743934631 1.31312215328217 1.14174711704254 1.10549306869507 1.0692390203476 1.03298485279083 0.996730804443359 0.960476696491241 0.924222648143768 0.88796854019165 1.3863525390625 2.06294941902161 2.73954606056213 3.41614294052124 4.09273958206177 4.76933670043945 5.44593334197998 5.99958038330078 6.18437814712524 6.36917591094971 6.55397367477417 6.73877096176147 6.92356872558594 7.1083664894104 7.29316425323486 7.29076862335205 7.22597551345825 7.1611819267273 7.09638833999634 7.03159475326538 6.96680164337158 6.90200805664062 6.90176153182983
0.8186274766922 1.05896067619324 1.29929387569427 1.53962707519531 1.77996027469635 2.02029347419739 2.26062655448914 2.19581389427185 2.02928566932678 1.86275768280029 1.6962296962738 1.52970159053802 1.36317348480225 1.19664549827576 1.06439435482025 1.03497421741486 1.00555408000946 0.97613400220871 0.946713864803314 0.917293727397919 0.887873589992523 0.858453452587128 1.4514240026474 2.25185799598694 3.05229234695435 3.85272645950317 4.653160572052 5.45359468460083 6.25402879714966 6.88894891738892 7.0273265838623 7.16570472717285 7.30408239364624 7.44246053695679 7.58083820343018 7.71921634674072 7.85759401321411 7.80350828170776 7.68526792526245 7.56702756881714 7.44878721237183 7.33054685592651 7.2123064994812 7.09406614303589 7.0600757598877
0.72902524471283 0.931773602962494 1.13452196121216 1.33727037906647 1.54001879692078 1.7427670955658 1.9455155134201 1.90022444725037 1.77225351333618 1.644282579422 1.51631164550781 1.38834083080292 1.26036989688873 1.13239896297455 1.04693651199341 1.0889995098114 1.13106250762939 1.17312562465668 1.21518862247467 1.25725162029266 1.29931461811066 1.34137761592865 1.97074544429779 2.79588150978088 3.62101769447327 4.44615364074707 5.27128982543945 6.09642601013184 6.92156171798706 7.57129287719727 7.69480895996094 7.81832551956177 7.94184160232544 8.06535720825195 8.18887329101562 8.3123893737793 8.43590545654297 8.37214660644531 8.24596214294434 8.11977863311768 7.9935941696167 7.86740970611572 7.7412257194519 7.61504125595093 7.57356214523315
0.726492166519165 0.898317992687225 1.07014381885529 1.2419695854187 1.41379547119141 1.58562123775482 1.75744712352753 1.72484564781189 1.62410187721252 1.52335798740387 1.42261409759521 1.32187032699585 1.22112643718719 1.12038254737854 1.08937358856201 1.2675689458847 1.4457643032074 1.62395966053009 1.80215501785278 1.98035037517548 2.15854573249817 2.33674120903015 2.94431686401367 3.69501972198486 4.4457221031189 5.19642496109009 5.94712781906128 6.69783020019531 7.4485330581665 8.04661273956299 8.1868257522583 8.3270378112793 8.46724987030029 8.6074628829956 8.7476749420166 8.8878870010376 9.02810001373291 8.99668407440186 8.90805912017822 8.81943416595459 8.73080921173096 8.64218425750732 8.55355930328369 8.46493434906006 8.44222068786621
0.723959028720856 0.864862322807312 1.00576555728912 1.14666891098022 1.28757214546204 1.42847537994385 1.56937873363495 1.5494669675827 1.47595012187958 1.40243339538574 1.32891654968262 1.25539982318878 1.18188297748566 1.10836625099182 1.13181054592133 1.44613826274872 1.76046597957611 2.07479381561279 2.38912153244019 2.70344924926758 3.01777696609497 3.33210468292236 3.91788840293884 4.59415769577026 5.27042675018311 5.9466962814331 6.62296533584595 7.29923486709595 7.97550392150879 8.52193260192871 8.67884159088135 8.83575057983398 8.9926586151123 9.14956760406494 9.30647659301758 9.4633846282959 9.62029361724854 9.6212215423584 9.57015514373779 9.5190896987915 9.46802425384521 9.41695785522461 9.36589241027832 9.31482601165771 9.31087875366211
0.721425950527191 0.831406652927399 0.941387414932251 1.05136811733246 1.16134881973267 1.27132964134216 1.38131034374237 1.37408816814423 1.32779848575592 1.28150880336761 1.23521900177002 1.18892931938171 1.14263963699341 1.09634983539581 1.17424762248993 1.62470769882202 2.07516765594482 2.52562785148621 2.97608780860901 3.42654800415039 3.87700796127319 4.327467918396 4.89145994186401 5.49329566955566 6.09513187408447 6.69696760177612 7.29880332946777 7.90063905715942 8.50247478485107 8.99725341796875 9.17085838317871 9.34446239471436 9.51806735992432 9.69167232513428 9.86527729034424 10.0388822555542 10.2124872207642 10.2457580566406 10.2322521209717 10.2187452316284 10.2052383422852 10.1917324066162 10.178225517273 10.1647186279297 10.1795377731323
0.718892812728882 0.79795104265213 0.877009212970734 0.956067383289337 1.0351254940033 1.11418378353119 1.19324195384979 1.19870948791504 1.17964684963226 1.1605840921402 1.14152145385742 1.12245881557465 1.10339617729187 1.08433353900909 1.21668457984924 1.80327701568604 2.38986945152283 2.97646188735962 3.56305432319641 4.1496467590332 4.73623895645142 5.32283163070679 5.86503171920776 6.39243412017822 6.91983652114868 7.44723892211914 7.9746413230896 8.50204372406006 9.02944564819336 9.47257328033447 9.66287422180176 9.85317516326904 10.0434761047363 10.2337779998779 10.4240789413452 10.6143798828125 10.8046808242798 10.8702955245972 10.8943481445312 10.9184007644653 10.9424533843994 10.9665060043335 10.9905586242676 11.0146112442017 11.0481958389282
0.716359734535217 0.764495372772217 0.812631011009216 0.860766589641571 0.90890222787857 0.95703786611557 1.00517344474792 1.02333068847656 1.03149509429932 1.03965950012207 1.04782390594482 1.05598831176758 1.06415271759033 1.07231712341309 1.25912165641785 1.98184645175934 2.70457124710083 3.42729592323303 4.15002059936523 4.87274551391602 5.5954704284668 6.31819534301758 6.83860301971436 7.29157209396362 7.74454116821289 8.197509765625 8.65047931671143 9.10344791412354 9.55641746520996 9.9478931427002 10.1548900604248 10.3618879318237 10.5688848495483 10.7758827209473 10.9828796386719 11.1898775100708 11.3968744277954 11.4948329925537 11.5564451217651 11.6180562973022 11.6796684265137 11.7412805557251 11.8028917312622 11.8645038604736 11.9168548583984
0.878786206245422 0.909974634647369 0.941163122653961 0.972351551055908 1.0035400390625 1.03472852706909 1.06591689586639 1.08967423439026 1.11095440387726 1.13223469257355 1.15351486206055 1.17479503154755 1.19607532024384 1.21735548973083 1.43337786197662 2.2336266040802 3.03387522697449 3.83412408828735 4.63437271118164 5.43462133407593 6.23487043380737 7.03511905670166 7.5661997795105 8.00755786895752 8.44891548156738 8.89027309417725 9.33163166046143 9.77298927307129 10.2143468856812 10.5956773757935 10.7969217300415 10.9981670379639 11.1994123458862 11.4006567001343 11.6019020080566 11.803147315979 12.0043926239014 12.1220254898071 12.2117891311646 12.3015518188477 12.3913154602051 12.4810781478882 12.5708417892456 12.6606044769287 12.7343788146973
1.2061722278595 1.23438894748688 1.26260554790497 1.29082226753235 1.31903886795044 1.34725558757782 1.37547218799591 1.39774000644684 1.41802477836609 1.43830955028534 1.45859432220459 1.47887909412384 1.49916386604309 1.51944863796234 1.73945319652557 2.55861759185791 3.37778186798096 4.196946144104 5.01611042022705 5.8352746963501 6.65443897247314 7.47360324859619 8.04782104492188 8.54039001464844 9.03295993804932 9.52552890777588 10.0180978775024 10.5106678009033 11.0032367706299 11.4159240722656 11.5889682769775 11.7620124816895 11.9350566864014 12.1081008911133 12.2811450958252 12.4541893005371 12.627233505249 12.7518739700317 12.8603811264038 12.9688873291016 13.0773944854736 13.1859006881714 13.2944068908691 13.4029140472412 13.5007696151733
1.53355824947357 1.55880308151245 1.58404803276062 1.6092928647995 1.63453781604767 1.65978264808655 1.68502759933472 1.70580577850342 1.72509503364563 1.74438440799713 1.76367366313934 1.78296303749084 1.80225229263306 1.82154166698456 2.04552865028381 2.88360834121704 3.72168827056885 4.55976819992065 5.39784812927246 6.23592758178711 7.07400751113892 7.91208744049072 8.52944278717041 9.07322311401367 9.61700344085693 10.1607847213745 10.7045650482178 11.248345375061 11.7921257019043 12.2361717224121 12.3810157775879 12.5258588790894 12.6707019805908 12.8155450820923 12.9603881835938 13.1052312850952 13.2500743865967 13.3817224502563 13.5089731216431 13.6362228393555 13.7634725570679 13.8907222747803 14.017972946167 14.1452226638794 14.2671604156494
1.86094427108765 1.88321733474731 1.90549051761627 1.92776358127594 1.95003664493561 1.97230970859528 1.99458289146423 2.01387143135071 2.03216528892517 2.05045914649963 2.0687530040741 2.08704710006714 2.1053409576416 2.12363481521606 2.35160398483276 3.20859932899475 4.06559467315674 4.9225902557373 5.77958536148071 6.63658094406128 7.49357652664185 8.35057163238525 9.01106452941895 9.60605621337891 10.2010478973389 10.7960395812988 11.3910312652588 11.9860239028931 12.581015586853 13.0564193725586 13.1730623245239 13.2897043228149 13.406346321106 13.522988319397 13.6396312713623 13.7562732696533 13.8729152679443 14.011570930481 14.157564163208 14.3035583496094 14.4495515823364 14.5955448150635 14.7415380477905 14.8875322341919 15.0335512161255
2.18833041191101 2.20763158798218 2.22693300247192 2.24623417854309 2.26553559303284 2.284836769104 2.30413818359375 2.32193732261658 2.33923578262329 2.35653400421143 2.37383246421814 2.39113092422485 2.40842938423157 2.42572784423828 2.65767931938171 3.53359031677246 4.40950107574463 5.28541231155396 6.16132307052612 7.03723430633545 7.91314506530762 8.78905582427979 9.49268627166748 10.1388893127441 10.7850923538208 11.4312953948975 12.0774984359741 12.7237014770508 13.3699045181274 13.8766670227051 13.96510887146 14.0535497665405 14.1419916152954 14.230432510376 14.3188743591309 14.4073152542114 14.495756149292 14.6414194107056 14.8061561584473 14.970892906189 15.135630607605 15.3003673553467 15.4651041030884 15.6298408508301 15.7999420166016
2.5157163143158 2.53204584121704 2.54837536811829 2.56470489501953 2.58103442192078 2.59736394882202 2.61369347572327 2.63000297546387 2.64630603790283 2.66260886192322 2.67891192436218 2.69521498680115 2.71151781082153 2.7278208732605 2.96375465393066 3.85858130455017 4.75340795516968 5.6482343673706 6.54306077957153 7.43788719177246 8.33271408081055 9.22754001617432 9.97430801391602 10.6717224121094 11.3691368103027 12.0665512084961 12.7639656066895 13.4613800048828 14.1587944030762 14.6969146728516 14.757155418396 14.8173961639404 14.8776359558105 14.937876701355 14.9981164932251 15.0583572387695 15.118597984314 15.2712678909302 15.4547481536865 15.6382284164429 15.8217086791992 16.0051898956299 16.1886692047119 16.3721504211426 16.5663318634033
2.73764181137085 2.76969170570374 2.8017418384552 2.83379197120667 2.86584210395813 2.89789199829102 2.92994213104248 2.95225191116333 2.9713146686554 2.99037766456604 3.00944042205811 3.02850341796875 3.04756617546082 3.06662917137146 3.3157320022583 4.25495433807373 5.19417715072632 6.13339948654175 7.07262229919434 8.01184463500977 8.9510669708252 9.89029026031494 10.623330116272 11.2876424789429 11.9519548416138 12.6162672042847 13.2805795669556 13.9448919296265 14.6092042922974 15.1160478591919 15.150484085083 15.1849203109741 15.2193565368652 15.2537927627563 15.2882289886475 15.3226642608643 15.3571004867554 15.5190114974976 15.7234144210815 15.9278173446655 16.1322193145752 16.3366222381592 16.5410251617432 16.7454280853271 16.9691143035889
2.85410642623901 2.92056941986084 2.98703241348267 3.05349540710449 3.11995840072632 3.18642139434814 3.25288438796997 3.28868365287781 3.31426191329956 3.33983993530273 3.36541819572449 3.39099621772766 3.41657447814941 3.44215273857117 3.71361112594604 4.72271013259888 5.73180913925171 6.74090814590454 7.75000715255737 8.75910663604736 9.7682056427002 10.777304649353 11.4397525787354 11.9866495132446 12.5335474014282 13.0804443359375 13.6273422241211 14.1742391586304 14.721137046814 15.1340665817261 15.145094871521 15.1561241149902 15.1671524047852 15.1781806945801 15.189208984375 15.2002372741699 15.2112655639648 15.384651184082 15.6121549606323 15.8396596908569 16.0671634674072 16.2946681976318 16.5221729278564 16.7496757507324 17.0082893371582
