resources/Exp000_Example-Run/Run01_M2/TimeSeries/1985/model_set/evptrns_avg.asc
NCOLS 265 
NROWS 230 
XLLCORNER -115.5625 
YLLCORNER 24.8333333333333 
CELLSIZE 0.0833333333333333 
NODATA_value -9999 
[rows 180 to 199 of 230, columns 90 to 134 of 265]
14.0494089126587 12.7202844619751 11.3911609649658 10.0620365142822 8.73291206359863 7.40378761291504 6.0746636390686 5.33384656906128 4.78913164138794 4.24441719055176 3.69970226287842 3.15498781204224 2.61027312278748 2.06555843353271 1.62906110286713 1.51721632480621 1.4053715467453 1.2935266494751 1.18168187141418 1.06983709335327 0.957992255687714 0.8461474776268 0.764941930770874 0.693949520587921 0.622957110404968 0.551964700222015 0.480972290039062 0.40997987985611 0.338987469673157 0.285503476858139 0.284544676542282 0.283585906028748 0.282627105712891 0.281668335199356 0.280709534883499 0.279750764369965 0.27879199385643 0.268664807081223 0.255481481552124 0.242298170924187 0.229114860296249 0.215931534767151 0.202748224139214 0.189564913511276 0.17740623652935
14.3517389297485 13.1498107910156 11.947883605957 10.7459554672241 9.54402828216553 8.34210109710693 7.14017295837402 6.33072137832642 5.65209484100342 4.97346878051758 4.29484224319458 3.61621570587158 2.93758940696716 2.25896286964417 1.72106516361237 1.60535323619843 1.4896411895752 1.37392926216125 1.25821721553802 1.14250528812408 1.02679324150085 0.911081314086914 0.826127052307129 0.751425385475159 0.676723659038544 0.602021992206573 0.527320325374603 0.452618628740311 0.377916932106018 0.321743607521057 0.321155339479446 0.320567071437836 0.319978803396225 0.319390535354614 0.318802297115326 0.318214029073715 0.317625761032104 0.306484907865524 0.291826546192169 0.277168184518814 0.262509822845459 0.247851461172104 0.233193099498749 0.218534737825394 0.204998284578323
14.6540679931641 13.5793371200562 12.5046062469482 11.4298753738403 10.3551445007324 9.28041362762451 8.2056827545166 7.32759666442871 6.51505851745605 5.7025203704834 4.88998222351074 4.07744407653809 3.26490569114685 2.45236754417419 1.8130692243576 1.69349002838135 1.57391095161438 1.45433175563812 1.33475255966187 1.2151734828949 1.09559428691864 0.976015150547028 0.887312173843384 0.808901190757751 0.730490267276764 0.652079284191132 0.573668301105499 0.495257347822189 0.416846394538879 0.357983738183975 0.357766002416611 0.357548266649246 0.357330501079559 0.357112765312195 0.35689502954483 0.356677263975143 0.356459528207779 0.344305038452148 0.328171610832214 0.312038213014603 0.295904785394669 0.279771387577057 0.263637959957123 0.247504562139511 0.232590332627296
14.9563980102539 14.0088634490967 13.0613288879395 12.1137952804565 11.1662607192993 10.2187271118164 9.27119255065918 8.32447147369385 7.37802171707153 6.43157196044922 5.48512172698975 4.53867197036743 3.59222221374512 2.64577221870422 1.90507328510284 1.78162693977356 1.65818059444427 1.53473424911499 1.411288022995 1.28784167766571 1.16439533233643 1.04094898700714 0.948497235774994 0.866377055644989 0.784256815910339 0.70213657617569 0.62001633644104 0.53789609670639 0.455775856971741 0.394223898649216 0.394376665353775 0.394529432058334 0.394682198762894 0.394834965467453 0.394987761974335 0.395140528678894 0.395293295383453 0.38212513923645 0.36451667547226 0.346908211708069 0.329299747943878 0.31169131398201 0.294082850217819 0.276474386453629 0.26018238067627
15.2587270736694 14.4383897781372 13.618052482605 12.7977142333984 11.9773769378662 11.157039642334 10.3367023468018 9.32134628295898 8.24098491668701 7.16062355041504 6.08026170730591 4.99990034103394 3.9195384979248 2.83917689323425 1.99707734584808 1.86976385116577 1.74245035648346 1.61513686180115 1.48782336711884 1.36050987243652 1.23319637775421 1.1058828830719 1.00968241691589 0.923852860927582 0.838023364543915 0.752193868160248 0.666364371776581 0.580534815788269 0.494705319404602 0.430464029312134 0.430987328290939 0.431510597467422 0.432033896446228 0.432557195425034 0.433080494403839 0.433603793382645 0.434127062559128 0.419945269823074 0.400861740112305 0.381778240203857 0.36269474029541 0.34361121058464 0.324527710676193 0.305444210767746 0.287774413824081
15.561056137085 14.8679161071777 14.1747751235962 13.4816341400146 12.7884931564331 12.0953531265259 11.4022121429443 10.3182220458984 9.10394859313965 7.88967514038086 6.67540168762207 5.46112823486328 4.24685478210449 3.03258156776428 2.08908128738403 1.95790064334869 1.82671999931335 1.69553935527802 1.56435871124268 1.43317806720734 1.301997423172 1.17081665992737 1.07086741924286 0.981328666210175 0.89178991317749 0.802251160144806 0.712712347507477 0.623173594474792 0.533634781837463 0.466704159975052 0.467597991228104 0.468491792678833 0.469385594129562 0.470279425382614 0.471173226833344 0.472067028284073 0.472960859537125 0.457765370607376 0.43720680475235 0.416648268699646 0.39608970284462 0.375531136989594 0.354972571134567 0.334414035081863 0.315366446971893
16.338472366333 15.7734136581421 15.2083530426025 14.6432933807373 14.0782337188721 13.5131740570068 12.9481143951416 11.7528820037842 10.3475904464722 8.94229984283447 7.53700923919678 6.13171815872192 4.72642707824707 3.32113647460938 2.23217821121216 2.09221768379211 1.95225715637207 1.81229662895203 1.67233610153198 1.53237557411194 1.39241504669189 1.25245463848114 1.14734733104706 1.05385780334473 0.96036833524704 0.866878807544708 0.773389339447021 0.67989981174469 0.586410343647003 0.516013979911804 0.514897108078003 0.513780176639557 0.512663304805756 0.511546432971954 0.510429501533508 0.509312629699707 0.508195757865906 0.491678267717361 0.470027238130569 0.448376208543777 0.426725178956985 0.405074179172516 0.383423149585724 0.361772119998932 0.341485798358917
17.5909767150879 17.1548824310303 16.7187881469727 16.282693862915 15.8465986251831 15.4105043411255 14.9744100570679 13.6253261566162 11.9719123840332 10.3184976577759 8.66508388519287 7.0116696357727 5.3582558631897 3.70484161376953 2.42636799812317 2.27271485328674 2.11906170845032 1.96540868282318 1.81175565719604 1.65810263156891 1.50444948673248 1.35079646110535 1.23912191390991 1.14144027233124 1.04375863075256 0.946076929569244 0.84839528799057 0.750713586807251 0.653031945228577 0.578393459320068 0.572884678840637 0.567375838756561 0.56186705827713 0.556358218193054 0.550849378108978 0.545340597629547 0.539831757545471 0.521683871746063 0.499323010444641 0.476962089538574 0.45460119843483 0.432240307331085 0.409879416227341 0.387518525123596 0.366132438182831
18.8434791564941 18.5363502502441 18.2292213439941 17.9220924377441 17.6149635314941 17.3078346252441 17.0007057189941 15.4977703094482 13.5962333679199 11.6946964263916 9.79315853118896 7.89162158966064 5.99008417129517 4.08854675292969 2.6205575466156 2.45321202278137 2.28586649894714 2.11852073669434 1.95117521286011 1.78382956981659 1.61648392677307 1.44913840293884 1.33089661598206 1.22902274131775 1.12714886665344 1.02527511119843 0.923401236534119 0.821527361869812 0.71965354681015 0.640772998332977 0.630872249603271 0.620971500873566 0.61107075214386 0.601170003414154 0.591269254684448 0.581368565559387 0.571467816829681 0.551689565181732 0.52861875295639 0.505548000335693 0.482477217912674 0.459406435489655 0.436335682868958 0.413264900445938 0.390779078006744
20.095983505249 19.9178199768066 19.7396564483643 19.5614929199219 19.3833293914795 19.2051658630371 19.0270023345947 17.3702144622803 15.220555305481 13.070894241333 10.9212341308594 8.77157306671143 6.62191295623779 4.472252368927 2.81474733352661 2.633709192276 2.45267105102539 2.27163290977478 2.09059476852417 1.90955650806427 1.72851836681366 1.54748022556305 1.42267119884491 1.31660521030426 1.21053922176361 1.10447311401367 0.998407185077667 0.892341136932373 0.786275148391724 0.703152477741241 0.688859820365906 0.67456716299057 0.660274505615234 0.645981848239899 0.631689131259918 0.617396473884583 0.603103816509247 0.581695199012756 0.557914555072784 0.534133911132812 0.510353207588196 0.486572593450546 0.462791949510574 0.439011305570602 0.415425717830658
21.3484859466553 21.2992877960205 21.2500896453857 21.200891494751 21.1516933441162 21.1024951934814 21.0532970428467 19.2426605224609 16.8448753356934 14.4470920562744 12.0493087768555 9.65152454376221 7.25374126434326 4.85595750808716 3.00893712043762 2.81420636177063 2.61947560310364 2.42474484443665 2.23001432418823 2.03528356552124 1.84055280685425 1.64582216739655 1.51444578170776 1.40418767929077 1.29392945766449 1.18367123603821 1.07341313362122 0.963154911994934 0.852896749973297 0.765531957149506 0.74684739112854 0.72816276550293 0.709478199481964 0.690793633460999 0.672109007835388 0.653424441814423 0.634739875793457 0.61170083284378 0.587210297584534 0.562719762325287 0.53822922706604 0.513738751411438 0.489248216152191 0.464757680892944 0.440072357654572
22.6009883880615 22.6807556152344 22.7605247497559 22.8402919769287 22.9200592041016 22.9998264312744 23.0795936584473 21.115104675293 18.4691982269287 15.8232908248901 13.1773834228516 10.5314769744873 7.88556957244873 5.23966264724731 3.20312666893005 2.99470353126526 2.78628015518188 2.57785701751709 2.36943364143372 2.16101050376892 1.95258724689484 1.74416399002075 1.60622048377991 1.49177002906799 1.37731969356537 1.26286935806274 1.14841902256012 1.0339686870575 0.919518351554871 0.82791143655777 0.804834961891174 0.781758427619934 0.758681952953339 0.735605418682098 0.712528884410858 0.689452409744263 0.666375875473022 0.641706466674805 0.616506040096283 0.591305673122406 0.566105246543884 0.540904879570007 0.515704452991486 0.490504056215286 0.464718997478485
23.5177040100098 23.6770267486572 23.8363513946533 23.9956741333008 24.1549968719482 24.3143196105957 24.4736423492432 22.4183940887451 19.6249542236328 16.8315162658691 14.0380764007568 11.2446374893188 8.45119762420654 5.6577582359314 3.50454449653625 3.27200770378113 3.03947067260742 2.80693364143372 2.57439661026001 2.34185981750488 2.10932278633118 1.87678587436676 1.72755420207977 1.60609102249146 1.48462772369385 1.36316454410553 1.24170136451721 1.1202380657196 0.998774886131287 0.900550663471222 0.872043490409851 0.84353631734848 0.815029084682465 0.786521911621094 0.758014738559723 0.729507505893707 0.701000332832336 0.673407137393951 0.646118581295013 0.618829965591431 0.591541409492493 0.564252853393555 0.536964297294617 0.509675741195679 0.481695145368576
24.0986309051514 24.2881011962891 24.4775695800781 24.6670398712158 24.8565082550049 25.0459785461426 25.2354488372803 23.152530670166 20.3121490478516 17.4717674255371 14.631386756897 11.7910060882568 8.9506254196167 6.1102442741394 3.91319060325623 3.64611864089966 3.37904691696167 3.1119749546051 2.84490323066711 2.57783126831055 2.31075954437256 2.04368758201599 1.87844705581665 1.74715030193329 1.61585354804993 1.48455667495728 1.35325992107391 1.22196316719055 1.09066641330719 0.983449637889862 0.94847297668457 0.913496375083923 0.878519713878632 0.843543112277985 0.808566451072693 0.773589849472046 0.738613188266754 0.706802785396576 0.676047742366791 0.64529275894165 0.614537715911865 0.583782732486725 0.55302768945694 0.522272646427155 0.491000831127167
24.679557800293 24.8991737365723 25.1187896728516 25.3384056091309 25.5580215454102 25.7776374816895 25.9972534179688 23.8866653442383 20.9993419647217 18.1120204925537 15.2246971130371 12.3373746871948 9.45005226135254 6.56272983551025 4.32183647155762 4.02022981643677 3.71862292289734 3.41701626777649 3.11540961265564 2.81380295753479 2.51219606399536 2.21058940887451 2.02934002876282 1.88820958137512 1.74707925319672 1.60594892501831 1.4648185968399 1.32368814945221 1.1825578212738 1.06634855270386 1.02490246295929 0.983456432819366 0.942010343074799 0.900564312934875 0.859118223190308 0.81767213344574 0.776226103305817 0.7401984333992 0.705976963043213 0.671755492687225 0.637534022331238 0.60331255197525 0.569091081619263 0.534869611263275 0.500306487083435
25.2604846954346 25.5102481842041 25.760009765625 26.0097713470459 26.2595329284668 26.5092964172363 26.7590579986572 24.6208000183105 21.6865367889404 18.7522716522217 15.8180084228516 12.8837442398071 9.9494800567627 7.01521587371826 4.73048257827759 4.39434099197388 4.05819940567017 3.72205758094788 3.38591599464417 3.04977440834045 2.71363282203674 2.37749123573303 2.18023300170898 2.02926898002625 1.8783050775528 1.72734105587006 1.57637715339661 1.42541325092316 1.27444934844971 1.1492475271225 1.10133194923401 1.05341649055481 1.00550103187561 0.957585453987122 0.909669995307922 0.861754477024078 0.813838958740234 0.77359414100647 0.735906183719635 0.698218286037445 0.66053032875061 0.62284243106842 0.585154473781586 0.547466516494751 0.509612202644348
25.8414115905762 26.1213207244873 26.4012298583984 26.6811370849609 26.9610462188721 27.2409534454346 27.5208625793457 25.3549346923828 22.3737297058105 19.3925247192383 16.4113178253174 13.4301128387451 10.4489078521729 7.46770191192627 5.1391282081604 4.76845169067383 4.39777565002441 4.02709913253784 3.65642237663269 3.2857460975647 2.91506958007812 2.54439306259155 2.33112573623657 2.17032837867737 2.00953078269958 1.84873330593109 1.6879358291626 1.52713823318481 1.36634075641632 1.23214638233185 1.17776143550873 1.12337648868561 1.06899154186249 1.01460671424866 0.960221707820892 0.905836760997772 0.851451814174652 0.806989789009094 0.765835404396057 0.72468101978302 0.683526635169983 0.642372250556946 0.601217865943909 0.560063481330872 0.518917858600616
26.4223384857178 26.7323932647705 27.0424480438232 27.352502822876 27.6625576019287 27.9726123809814 28.2826671600342 26.0890712738037 23.0609245300293 20.0327758789062 17.0046291351318 13.9764823913574 10.9483346939087 7.92018747329712 5.54777431488037 5.14256286621094 4.7373514175415 4.33214044570923 3.9269289970398 3.52171754837036 3.11650609970093 2.71129488945007 2.48201870918274 2.31138753890991 2.14075660705566 1.97012543678284 1.7994943857193 1.62886333465576 1.45823228359222 1.31504535675049 1.25419104099274 1.1933366060257 1.13248217105865 1.0716278553009 1.01077342033386 0.949919104576111 0.889064729213715 0.840385496616364 0.795764625072479 0.75114381313324 0.706522941589355 0.661902070045471 0.617281258106232 0.572660386562347 0.528223514556885
26.4892997741699 26.8304786682129 27.1716575622559 27.5128364562988 27.8540153503418 28.1951942443848 28.5363731384277 26.434965133667 23.5193614959717 20.6037578582764 17.6881542205811 14.7725515365601 11.8569488525391 8.94134521484375 6.62494039535522 6.10613107681274 5.58732223510742 5.06851291656494 4.54970359802246 4.03089427947998 3.5120849609375 2.9932758808136 2.71980452537537 2.52811288833618 2.33642101287842 2.14472913742065 1.95303750038147 1.76134562492371 1.56965386867523 1.40911054611206 1.34201276302338 1.2749148607254 1.20781707763672 1.14071929454803 1.07362151145935 1.00652360916138 0.939425826072693 0.885535299777985 0.836047232151031 0.786559164524078 0.737071096897125 0.687583029270172 0.638094961643219 0.588606894016266 0.539978265762329
26.0422954559326 26.4155750274658 26.788854598999 27.1621360778809 27.5354156494141 27.9086971282959 28.2819766998291 26.3926162719727 23.7490425109863 21.10546875 18.4618949890137 15.8183221817017 13.1747484207153 10.531174659729 8.37062644958496 7.65915679931641 6.94768667221069 6.23621654510498 5.52474641799927 4.81327629089355 4.10180616378784 3.39033603668213 3.04448366165161 2.82050395011902 2.59652423858643 2.37254452705383 2.14856481552124 1.92458522319794 1.70060551166534 1.51434195041656 1.44122672080994 1.36811149120331 1.29499626159668 1.22188091278076 1.14876568317413 1.0756504535675 1.00253522396088 0.942439317703247 0.886683225631714 0.830927133560181 0.775171101093292 0.719415009021759 0.663658916950226 0.607902824878693 0.554182052612305
