resources/Exp000_Example-Run/Run01_M2/TimeSeries/1985/model_set/evptrns_avg.asc
NCOLS 265 
NROWS 230 
XLLCORNER -115.5625 
YLLCORNER 24.8333333333333 
CELLSIZE 0.0833333333333333 
NODATA_value -9999 
[rows 20 to 39 of 230, columns 135 to 179 of 265]
2.97057127952576 3.07144713401794 3.17232298851013 3.27319884300232 3.37407469749451 3.47495055198669 3.57582640647888 3.62511539459229 3.65720891952515 3.68930244445801 3.72139573097229 3.75348925590515 3.78558278083801 3.8176760673523 4.11149024963379 5.19046592712402 6.2694411277771 7.34841680526733 8.42739295959473 9.50636863708496 10.5853433609009 11.6643190383911 12.2561750411987 12.6856575012207 13.1151399612427 13.5446214675903 13.9741039276123 14.4035863876343 14.8330688476562 15.1520853042603 15.1397066116333 15.127326965332 15.1149482727051 15.1025686264038 15.0901899337769 15.0778102874756 15.0654315948486 15.2502908706665 15.5008964538574 15.7515020370483 16.0021076202393 16.2527122497559 16.5033187866211 16.7539234161377 17.0474643707275
3.0870361328125 3.22232484817505 3.3576135635376 3.49290227890015 3.6281909942627 3.76347970962524 3.89876842498779 3.96154737472534 4.00015592575073 4.03876495361328 4.07737350463867 4.11598205566406 4.15459108352661 4.193199634552 4.50936937332153 5.65822124481201 6.80707359313965 7.95592546463013 9.10477828979492 10.2536296844482 11.4024820327759 12.5513343811035 13.0725975036621 13.3846645355225 13.6967315673828 14.0087995529175 14.3208665847778 14.6329336166382 14.9450006484985 15.1701040267944 15.1343173980713 15.0985307693481 15.062744140625 15.0269565582275 14.9911699295044 14.9553833007812 14.9195966720581 15.1159296035767 15.3896369934082 15.6633443832397 15.937050819397 16.2107582092285 16.4844646453857 16.7581729888916 17.0866394042969
3.20350074768066 3.37320256233215 3.54290413856506 3.71260571479797 3.88230729103088 4.05200910568237 4.22171068191528 4.29797887802124 4.34310293197632 4.3882269859314 4.43335103988647 4.47847509384155 4.52359914779663 4.56872320175171 4.90724849700928 6.12597703933716 7.34470558166504 8.56343460083008 9.7821626663208 11.0008916854858 12.2196207046509 13.4383487701416 13.8890199661255 14.0836725234985 14.2783241271973 14.4729766845703 14.667628288269 14.8622808456421 15.0569324493408 15.1881227493286 15.1289281845093 15.0697336196899 15.0105400085449 14.9513454437256 14.8921508789062 14.8329563140869 14.7737617492676 14.9815692901611 15.278377532959 15.5751867294312 15.871994972229 16.1688022613525 16.465612411499 16.7624206542969 17.1258144378662
3.31996560096741 3.52408003807068 3.72819471359253 3.9323091506958 4.13642358779907 4.34053802490234 4.54465293884277 4.6344108581543 4.68605041503906 4.73768949508667 4.78932857513428 4.84096813201904 4.89260721206665 4.94424676895142 5.30512762069702 6.5937328338623 7.88233804702759 9.17094326019287 10.459547996521 11.7481536865234 13.0367584228516 14.325364112854 14.7054433822632 14.7826795578003 14.8599166870117 14.9371538162231 15.0143909454346 15.091628074646 15.1688642501831 15.2061414718628 15.1235399246216 15.0409374237061 14.9583358764648 14.8757333755493 14.7931308746338 14.7105293273926 14.627926826477 14.8472089767456 15.1671190261841 15.4870281219482 15.8069381713867 16.1268482208252 16.4467582702637 16.7666683197021 17.1649894714355
3.31432008743286 3.52209496498108 3.7298698425293 3.93764472007751 4.14541959762573 4.35319471359253 4.56096935272217 4.67094326019287 4.74831676483154 4.82569074630737 4.90306425094604 4.98043775558472 5.05781126022339 5.13518524169922 5.51113891601562 6.78283452987671 8.05453014373779 9.32622528076172 10.5979204177856 11.8696165084839 13.1413116455078 14.4130067825317 14.7442121505737 14.7619199752808 14.7796277999878 14.7973365783691 14.8150444030762 14.8327522277832 14.8504600524902 14.8572578430176 14.8313226699829 14.8053874969482 14.7794523239136 14.7535171508789 14.7275819778442 14.7016468048096 14.6757116317749 14.9058866500854 15.221432685852 15.5369787216187 15.8525238037109 16.1680698394775 16.4836158752441 16.7991619110107 17.1929950714111
3.18656420707703 3.3672468662262 3.54792976379395 3.72861242294312 3.90929508209229 4.08997774124146 4.27066040039062 4.40757656097412 4.52990341186523 4.65223073959351 4.77455759048462 4.89688444137573 5.01921129226685 5.14153861999512 5.5252833366394 6.69328260421753 7.86128187179565 9.02928161621094 10.1972808837891 11.3652801513672 12.5332794189453 13.7012786865234 14.0053272247314 14.0213928222656 14.0374584197998 14.053524017334 14.0695896148682 14.085654258728 14.1017198562622 14.1414709091187 14.2522773742676 14.3630828857422 14.4738893508911 14.58469581604 14.695502281189 14.8063087463379 14.9171142578125 15.157603263855 15.4413194656372 15.7250356674194 16.008752822876 16.2924690246582 16.5761852264404 16.8599014282227 17.2098293304443
3.05880832672119 3.21239900588989 3.36598944664001 3.51958012580872 3.67317056655884 3.82676124572754 3.98035168647766 4.14420986175537 4.31149005889893 4.47877025604248 4.64605093002319 4.81333112716675 4.98061180114746 5.14789199829102 5.53942775726318 6.60373115539551 7.66803407669067 8.73233699798584 9.79664039611816 10.8609437942505 11.9252462387085 12.9895496368408 13.2664422988892 13.2808656692505 13.2952880859375 13.3097114562988 13.3241338729858 13.3385572433472 13.3529796600342 13.4256839752197 13.6732320785522 13.9207792282104 14.168327331543 14.4158744812012 14.6634225845337 14.9109697341919 15.1585178375244 15.4093198776245 15.6612062454224 15.9130935668945 16.1649799346924 16.4168663024902 16.6687526702881 16.9206409454346 17.2266635894775
2.93105268478394 3.05755090713501 3.18404936790466 3.31054782867432 3.43704605102539 3.56354451179504 3.6900429725647 3.88084292411804 4.09307670593262 4.30531024932861 4.51754426956177 4.72977781295776 4.94201183319092 5.15424537658691 5.55357265472412 6.51417922973633 7.47478628158569 8.43539333343506 9.39599990844727 10.3566064834595 11.317214012146 12.2778205871582 12.5275573730469 12.5403385162354 12.5531187057495 12.5658988952637 12.5786790847778 12.591459274292 12.6042394638062 12.7098970413208 13.0941867828369 13.4784755706787 13.8627643585205 14.2470541000366 14.6313428878784 15.0156316757202 15.3999214172363 15.661036491394 15.8810939788818 16.1011505126953 16.3212070465088 16.5412654876709 16.7613220214844 16.9813785552979 17.2434978485107
2.8032968044281 2.90270304679871 3.00210928916931 3.10151553153992 3.20092177391052 3.30032801628113 3.39973425865173 3.61747598648071 3.87466311454773 4.13185024261475 4.38903760910034 4.64622449874878 4.90341186523438 5.16059875488281 5.5677170753479 6.42462778091431 7.28153848648071 8.13844871520996 8.99535942077637 9.85227012634277 10.7091808319092 11.5660915374756 11.7886734008789 11.7998104095459 11.8109483718872 11.8220863342285 11.8332242965698 11.8443613052368 11.8554992675781 11.9941101074219 12.5151405334473 13.036171913147 13.5572023391724 14.0782327651978 14.5992631912231 15.1202936172485 15.6413240432739 15.9127531051636 16.100980758667 16.2892074584961 16.4774360656738 16.6656627655029 16.8538913726807 17.0421180725098 17.2603321075439
2.67554092407227 2.74785494804382 2.82016897201538 2.89248299598694 2.96479725837708 3.03711128234863 3.10942530632019 3.35410928726196 3.65624976158142 3.95839023590088 4.26053094863892 4.5626711845398 4.86481189727783 5.16695213317871 5.58186149597168 6.33507585525513 7.08829021453857 7.84150505065918 8.59471988677979 9.34793376922607 10.1011486053467 10.8543634414673 11.0497884750366 11.0592832565308 11.0687789916992 11.0782737731934 11.0877685546875 11.097264289856 11.1067590713501 11.278323173523 11.9360952377319 12.5938673019409 13.2516393661499 13.9094114303589 14.5671834945679 15.2249555587769 15.8827276229858 16.1644687652588 16.3208675384521 16.4772663116455 16.6336631774902 16.7900619506836 16.946460723877 17.1028575897217 17.2771663665771
2.61920857429504 2.68454456329346 2.74988031387329 2.8152163028717 2.88055229187012 2.94588804244995 3.01122403144836 3.26720666885376 3.5867383480072 3.90626978874207 4.22580146789551 4.54533290863037 4.86486482620239 5.18439626693726 5.60851144790649 6.3463773727417 7.0842432975769 7.82210922241211 8.55997467041016 9.29784107208252 10.0357065200806 10.7735729217529 10.9183731079102 10.8654851913452 10.8125972747803 10.759708404541 10.7068204879761 10.6539325714111 10.6010437011719 10.7365856170654 11.4374179840088 12.1382503509521 12.8390827178955 13.5399150848389 14.2407474517822 14.9415798187256 15.6424121856689 15.9579906463623 16.1451511383057 16.3323097229004 16.5194702148438 16.7066307067871 16.8937911987305 17.0809516906738 17.2598190307617
2.63429975509644 2.71277165412903 2.79124331474304 2.86971497535706 2.94818663597107 3.02665853500366 3.10513019561768 3.35676836967468 3.66612887382507 3.97548937797546 4.28484964370728 4.59421014785767 4.90357065200806 5.21293115615845 5.6476674079895 6.45853233337402 7.26939725875854 8.08026218414307 8.89112663269043 9.70199108123779 10.5128555297852 11.3237209320068 11.3944272994995 11.2184152603149 11.0424032211304 10.8663911819458 10.6903791427612 10.5143661499023 10.3383541107178 10.3688983917236 11.0191097259521 11.6693210601807 12.3195323944092 12.9697437286377 13.6199560165405 14.270167350769 14.9203786849976 15.2933168411255 15.5738296508789 15.8543434143066 16.1348571777344 16.4153709411621 16.6958827972412 16.9763965606689 17.208288192749
2.64939117431641 2.74099850654602 2.83260607719421 2.92421364784241 3.0158212184906 3.10742878913879 3.19903635978699 3.44633030891418 3.74551939964294 4.04470872879028 4.34389781951904 4.64308738708496 4.94227647781372 5.24146604537964 5.68682384490967 6.57068729400635 7.45455074310303 8.33841419219971 9.22227764129639 10.1061410903931 10.9900045394897 11.8738679885864 11.8704824447632 11.571346282959 11.2722091674805 10.9730730056763 10.6739368438721 10.3748006820679 10.0756645202637 10.0012102127075 10.6008005142212 11.2003908157349 11.7999820709229 12.3995723724365 12.9991636276245 13.5987539291382 14.1983451843262 14.6286420822144 15.0025091171265 15.3763761520386 15.7502422332764 16.1241092681885 16.4979763031006 16.8718433380127 17.1567573547363
2.6644823551178 2.76922559738159 2.87396907806396 2.97871232032776 3.08345580101013 3.1881992816925 3.2929425239563 3.53589200973511 3.82491016387939 4.11392831802368 4.40294647216797 4.6919641494751 4.98098230361938 5.27000045776367 5.72597980499268 6.68284225463867 7.63970422744751 8.59656715393066 9.55342960357666 10.5102910995483 11.4671535491943 12.4240159988403 12.3465366363525 11.9242763519287 11.5020160675049 11.0797557830811 10.6574954986572 10.2352352142334 9.81297492980957 9.63352203369141 10.1824913024902 10.7314615249634 11.2804317474365 11.8294010162354 12.3783712387085 12.9273414611816 13.4763107299805 13.9639682769775 14.431188583374 14.8984088897705 15.3656282424927 15.8328485488892 16.30006980896 16.7672882080078 17.1052265167236
2.67957353591919 2.79745268821716 2.91533184051514 3.03321123123169 3.15109038352966 3.26896953582764 3.38684868812561 3.62545371055603 3.90430068969727 4.18314743041992 4.46199464797974 4.74084138870239 5.01968860626221 5.29853534698486 5.76513576507568 6.794997215271 7.82485818862915 8.8547191619873 9.88458061218262 10.9144420623779 11.9443025588989 12.9741640090942 12.8225908279419 12.2772064208984 11.731822013855 11.1864376068115 10.6410531997681 10.0956687927246 9.55028438568115 9.26583385467529 9.76418304443359 10.2625312805176 10.7608804702759 11.2592296600342 11.7575788497925 12.2559280395508 12.7542772293091 13.2992944717407 13.8598680496216 14.4204416275024 14.981014251709 15.5415878295898 16.1021614074707 16.6627349853516 17.0536956787109
2.69466471672058 2.82567977905273 2.95669484138489 3.08770990371704 3.21872496604919 3.34973978996277 3.48075485229492 3.71501541137695 3.98369121551514 4.25236701965332 4.5210428237915 4.78971862792969 5.05839443206787 5.32707023620605 5.80429172515869 6.90715169906616 8.01001167297363 9.11287212371826 10.2157316207886 11.3185920715332 12.4214515686035 13.5243120193481 13.2986459732056 12.6301374435425 11.9616289138794 11.2931203842163 10.6246118545532 9.95610332489014 9.28759479522705 8.89814567565918 9.34587383270264 9.79360198974609 10.2413301467896 10.689058303833 11.1367864608765 11.5845146179199 12.0322427749634 12.6346206665039 13.2885475158691 13.9424743652344 14.5964002609253 15.2503271102905 15.9042539596558 16.5581817626953 17.0021629333496
2.87288689613342 2.99986338615417 3.12684011459351 3.25381660461426 3.38079333305359 3.50776982307434 3.63474655151367 3.90488696098328 4.22274875640869 4.54061031341553 4.85847187042236 5.17633390426636 5.49419546127319 5.81205701828003 6.29805040359497 7.28843832015991 8.27882671356201 9.26921463012695 10.2596025466919 11.2499904632568 12.2403783798218 13.2307662963867 13.0012445449829 12.3650856018066 11.7289266586304 11.0927686691284 10.4566097259521 9.82045078277588 9.18429183959961 8.80510520935059 9.19683456420898 9.5885648727417 9.9802942276001 10.3720235824585 10.7637529373169 11.1554822921753 11.5472116470337 12.1587018966675 12.8434448242188 13.52818775177 14.2129306793213 14.8976736068726 15.5824165344238 16.2671604156494 16.7318820953369
3.21423983573914 3.32000374794006 3.42576766014099 3.53153157234192 3.63729548454285 3.74305939674377 3.8488233089447 4.19506788253784 4.62147283554077 5.04787731170654 5.47428226470947 5.9006872177124 6.32709217071533 6.7534966468811 7.24641180038452 7.93885660171509 8.63130187988281 9.32374668121338 10.0161924362183 10.7086372375488 11.4010820388794 12.0935277938843 11.9303874969482 11.4820528030396 11.0337171554565 10.5853824615479 10.1370468139648 9.68871212005615 9.24037647247314 8.98671340942383 9.31706619262695 9.64741897583008 9.9777717590332 10.3081245422363 10.6384773254395 10.9688301086426 11.2991828918457 11.8715381622314 12.5245599746704 13.1775827407837 13.8306045532227 14.4836273193359 15.1366491317749 15.7896718978882 16.242847442627
3.55559277534485 3.64014387130737 3.72469520568848 3.80924654006958 3.8937976360321 3.97834897041321 4.06290006637573 4.48524904251099 5.02019691467285 5.55514478683472 6.09009265899658 6.62504053115845 7.15998840332031 7.69493627548218 8.19477272033691 8.58927536010742 8.98377704620361 9.37827968597412 9.77278232574463 10.1672840118408 10.5617866516113 10.9562883377075 10.8595304489136 10.5990190505981 10.3385076522827 10.0779962539673 9.81748485565186 9.55697345733643 9.29646110534668 9.16832160949707 9.43729782104492 9.70627403259277 9.97525024414062 10.2442264556885 10.5132026672363 10.7821779251099 11.0511541366577 11.5843744277954 12.2056760787964 12.8269777297974 13.4482793807983 14.069580078125 14.690881729126 15.312183380127 15.7538146972656
3.89694571495056 3.96028423309326 4.02362298965454 4.08696126937866 4.15030002593994 4.21363830566406 4.27697706222534 4.77542972564697 5.41892099380493 6.06241178512573 6.70590305328369 7.34939384460449 7.99288463592529 8.63637542724609 9.14313411712646 9.2396936416626 9.33625316619873 9.43281269073486 9.52937126159668 9.62593078613281 9.72249031066895 9.81904983520508 9.78867340087891 9.71598625183105 9.64329814910889 9.57061004638672 9.49792194366455 9.42523384094238 9.35254573822021 9.34992980957031 9.55752944946289 9.76512908935547 9.97272777557373 10.1803274154663 10.3879270553589 10.5955266952515 10.8031253814697 11.2972106933594 11.8867921829224 12.476372718811 13.0659532546997 13.6555337905884 14.245114326477 14.8346948623657 15.26478099823
