resources/Exp000_Example-Run/Run01_M2/TimeSeries/1985/model_set/frwlt_avg.asc
NCOLS 265 
NROWS 230 
XLLCORNER -115.5625 
YLLCORNER 24.8333333333333 
CELLSIZE 0.0833333333333333 
NODATA_value -9999 
[rows 20 to 39 of 230, columns 0 to 43 of 265]
0.547571778297424 0.558963656425476 0.570355594158173 0.581747472286224 0.593139410018921 0.604531288146973 0.615923225879669 0.625341296195984 0.634101510047913 0.642861664295197 0.65162181854248 0.660382032394409 0.669142186641693 0.677902340888977 0.683494329452515 0.679581642150879 0.675668954849243 0.671756267547607 0.667843580245972 0.663930892944336 0.6600182056427 0.656105518341064 0.638013005256653 0.615193903446198 0.592374801635742 0.569555699825287 0.546736598014832 0.523917496204376 0.501098453998566 0.478936433792114 0.458745807409286 0.438555181026459 0.418364524841309 0.398173898458481 0.377983242273331 0.357792615890503 0.337601989507675 0.312237948179245 0.285149484872818 0.258061021566391 0.230972528457642 0.203884050250053 0.176795572042465 0.149707108736038
0.516325235366821 0.529817461967468 0.543309688568115 0.556801915168762 0.570294141769409 0.583786427974701 0.597278654575348 0.608147025108337 0.618140816688538 0.628134608268738 0.638128399848938 0.648122191429138 0.658115923404694 0.668109714984894 0.674719572067261 0.671177506446838 0.667635440826416 0.664093375205994 0.660551309585571 0.657009243965149 0.653467178344727 0.649925112724304 0.632403194904327 0.61022138595581 0.588039577007294 0.565857708454132 0.543675899505615 0.521494090557098 0.499312251806259 0.479122310876846 0.46490803360939 0.450693756341934 0.436479479074478 0.422265201807022 0.408050924539566 0.39383664727211 0.379622370004654 0.35346531867981 0.323327392339706 0.293189436197281 0.263051480054855 0.232913538813591 0.202775597572327 0.172637641429901
0.485078722238541 0.50067126750946 0.516263842582703 0.531856417655945 0.547448933124542 0.563041508197784 0.578634083271027 0.590952754020691 0.602180123329163 0.613407552242279 0.624634921550751 0.635862350463867 0.647089719772339 0.65831708908081 0.665944814682007 0.662773370742798 0.659601926803589 0.65643048286438 0.653259038925171 0.650087594985962 0.646916151046753 0.643744707107544 0.626793444156647 0.605248868465424 0.5837042927742 0.562159776687622 0.540615200996399 0.519070625305176 0.497526079416275 0.479308187961578 0.471070259809494 0.462832361459732 0.454594433307648 0.446356505155563 0.438118577003479 0.429880648851395 0.421642750501633 0.394692689180374 0.361505270004272 0.328317850828171 0.295130431652069 0.261943012475967 0.228755608201027 0.195568189024925
0.453832179307938 0.471525073051453 0.489217966794968 0.506910860538483 0.524603724479675 0.542296648025513 0.559989511966705 0.573758482933044 0.586219489574432 0.59868049621582 0.611141502857208 0.623602509498596 0.636063516139984 0.648524522781372 0.657170057296753 0.654369235038757 0.651568412780762 0.648767590522766 0.64596676826477 0.643165946006775 0.640365123748779 0.637564301490784 0.621183633804321 0.600276350975037 0.579369068145752 0.558461785316467 0.537554502487183 0.516647219657898 0.495739907026291 0.47949406504631 0.477232486009598 0.474970936775208 0.472709387540817 0.470447808504105 0.468186259269714 0.465924680233002 0.463663130998611 0.435920059680939 0.399683177471161 0.363446295261383 0.327209383249283 0.290972501039505 0.254735618829727 0.218498721718788
0.416600316762924 0.437895357608795 0.459190428256989 0.48048546910286 0.50178050994873 0.523075580596924 0.544370591640472 0.56063038110733 0.575211703777313 0.589793026447296 0.604374349117279 0.618955731391907 0.63353705406189 0.648118376731873 0.65862774848938 0.656921088695526 0.655214488506317 0.653507888317108 0.651801228523254 0.650094628334045 0.648387968540192 0.646681368350983 0.631449580192566 0.611709475517273 0.591969311237335 0.572229146957397 0.552489042282104 0.532748878002167 0.513008713722229 0.497511953115463 0.494745194911957 0.491978466510773 0.489211708307266 0.48644495010376 0.483678221702576 0.480911463499069 0.478144705295563 0.451546132564545 0.417003571987152 0.382461041212082 0.347918510437012 0.313375979661942 0.278833419084549 0.244290888309479
0.3733831346035 0.39978215098381 0.426181197166443 0.452580243349075 0.478979289531708 0.505378305912018 0.531777381896973 0.551568388938904 0.56915682554245 0.586745202541351 0.604333579540253 0.621922016143799 0.6395103931427 0.657098770141602 0.670317828655243 0.670428991317749 0.670540153980255 0.670651316642761 0.670762419700623 0.670873582363129 0.670984745025635 0.671095907688141 0.657591342926025 0.639548182487488 0.621505081653595 0.603461921215057 0.585418820381165 0.567375719547272 0.549332559108734 0.533361852169037 0.523608386516571 0.513854920864105 0.504101455211639 0.494347959756851 0.484594464302063 0.474840998649597 0.465087532997131 0.44157087802887 0.413466513156891 0.385362148284912 0.357257783412933 0.329153418540955 0.301049023866653 0.272944658994675
0.330165922641754 0.361668944358826 0.39317199587822 0.424675017595291 0.456178039312363 0.487681090831757 0.519184112548828 0.542506456375122 0.563101887702942 0.583697378635406 0.604292809963226 0.624888241291046 0.645483732223511 0.666079163551331 0.682007968425751 0.683936893939972 0.685865819454193 0.687794744968414 0.689723670482635 0.691652536392212 0.693581461906433 0.695510387420654 0.68373304605484 0.667386949062347 0.651040852069855 0.634694695472717 0.618348598480225 0.602002501487732 0.585656404495239 0.569211781024933 0.552471578121185 0.535731375217438 0.51899117231369 0.502250969409943 0.485510736703873 0.468770533800125 0.452030330896378 0.431595653295517 0.40992945432663 0.388263255357742 0.366597056388855 0.344930857419968 0.32326465845108 0.301598459482193
0.286948710680008 0.323555737733841 0.360162764787674 0.396769791841507 0.43337681889534 0.469983845949173 0.506590902805328 0.53344452381134 0.557047009468079 0.580649554729462 0.6042520403862 0.627854526042938 0.651457071304321 0.67505955696106 0.693698108196259 0.697444796562195 0.701191484928131 0.704938173294067 0.708684861660004 0.71243155002594 0.716178238391876 0.719924926757812 0.709874749183655 0.695225656032562 0.68057656288147 0.665927469730377 0.651278376579285 0.636629283428192 0.6219801902771 0.605061650276184 0.581334710121155 0.557607769966125 0.533880889415741 0.510153949260712 0.486427009105682 0.462700068950653 0.438973158597946 0.421620398759842 0.406392365694046 0.39116433262825 0.375936299562454 0.360708296298981 0.345480263233185 0.330252230167389
0.243731513619423 0.285442531108856 0.327153563499451 0.368864566087723 0.410575598478317 0.452286630868912 0.493997633457184 0.524382591247559 0.550992131233215 0.577601671218872 0.604211270809174 0.63082081079483 0.657430410385132 0.684039950370789 0.705388247966766 0.710952699184418 0.716517150402069 0.72208160161972 0.727646052837372 0.733210504055023 0.738774955272675 0.744339406490326 0.73601645231247 0.723064422607422 0.71011233329773 0.697160243988037 0.684208154678345 0.671256124973297 0.658304035663605 0.64091157913208 0.610197901725769 0.579484224319458 0.548770606517792 0.518056929111481 0.487343281507492 0.456629604101181 0.425915956497192 0.411645144224167 0.402855306863785 0.39406543970108 0.385275572538376 0.376485735177994 0.367695868015289 0.358906000852585
0.200514316558838 0.247329324483871 0.294144332408905 0.340959370136261 0.387774378061295 0.434589385986328 0.481404393911362 0.515320599079132 0.544937252998352 0.574553847312927 0.604170501232147 0.633787095546722 0.663403689861298 0.693020343780518 0.717078387737274 0.724460601806641 0.731842815876007 0.739225029945374 0.74660724401474 0.753989458084106 0.761371731758118 0.768753945827484 0.762158215045929 0.750903129577637 0.739648103713989 0.728393018245697 0.717137932777405 0.705882906913757 0.694627821445465 0.676761448383331 0.639061093330383 0.60136067867279 0.563660323619843 0.52595990896225 0.488259524106979 0.450559139251709 0.412858754396439 0.401669919490814 0.399318218231201 0.39696654677391 0.394614845514297 0.392263174057007 0.389911472797394 0.387559801340103
0.191597908735275 0.240187734365463 0.288777559995651 0.337367415428162 0.38595724105835 0.434547066688538 0.483136892318726 0.518780171871185 0.550107896327972 0.58143562078476 0.612763345241547 0.644091069698334 0.675418794155121 0.706746518611908 0.732291758060455 0.740489482879639 0.748687207698822 0.756884932518005 0.765082657337189 0.773280441761017 0.7814781665802 0.789675891399384 0.783856093883514 0.773363828659058 0.762871563434601 0.752379238605499 0.741886973381042 0.731394708156586 0.720902383327484 0.702913343906403 0.662434041500092 0.62195473909378 0.58147543668747 0.540996134281158 0.500516831874847 0.460037529468536 0.419558227062225 0.409222066402435 0.408933579921722 0.408645123243332 0.408356636762619 0.408068180084229 0.407779693603516 0.407491236925125
0.216982275247574 0.264017760753632 0.311053246259689 0.358088731765747 0.405124217271805 0.45215967297554 0.499195158481598 0.534761190414429 0.566504061222076 0.598246932029724 0.629989862442017 0.661732733249664 0.693475604057312 0.72521847486496 0.75102835893631 0.759039342403412 0.767050325870514 0.775061309337616 0.783072292804718 0.79108327627182 0.799094259738922 0.807105243206024 0.801110208034515 0.79044646024704 0.779782712459564 0.769118964672089 0.758455216884613 0.747791469097137 0.737127721309662 0.719367325305939 0.680316865444183 0.641266465187073 0.602216064929962 0.563165605068207 0.524115204811096 0.485064774751663 0.446014374494553 0.434301614761353 0.431701391935349 0.429101198911667 0.426500976085663 0.423900753259659 0.421300560235977 0.418700337409973
0.242366656661034 0.2878477871418 0.333328902721405 0.378810048103333 0.424291163682938 0.469772309064865 0.51525342464447 0.550742208957672 0.582900285720825 0.615058302879333 0.647216320037842 0.679374396800995 0.711532413959503 0.743690431118011 0.769765019416809 0.77758926153183 0.785413503646851 0.793237745761871 0.801061928272247 0.808886170387268 0.816710412502289 0.82453465461731 0.818364262580872 0.807529091835022 0.796693861484528 0.785858631134033 0.775023460388184 0.764188230037689 0.753352999687195 0.73582124710083 0.698199689388275 0.660578191280365 0.62295663356781 0.585335075855255 0.547713577747345 0.51009202003479 0.472470492124557 0.459381133317947 0.454469203948975 0.449557244777679 0.444645315408707 0.439733356237411 0.434821397066116 0.429909467697144
0.267751038074493 0.311677813529968 0.355604588985443 0.399531364440918 0.443458139896393 0.487384915351868 0.531311690807343 0.56672328710556 0.599296450614929 0.631869673728943 0.664442837238312 0.697016060352325 0.729589223861694 0.762162387371063 0.788501679897308 0.796139180660248 0.803776621818542 0.811414122581482 0.819051563739777 0.826689064502716 0.834326565265656 0.84196400642395 0.835618376731873 0.824611723423004 0.813605010509491 0.802598357200623 0.791591703891754 0.780584990978241 0.769578337669373 0.752275168895721 0.716082513332367 0.679889857769012 0.643697202205658 0.607504546642303 0.571311891078949 0.535119295120239 0.498926609754562 0.484460681676865 0.477237015962601 0.470013320446014 0.462789624929428 0.455565959215164 0.448342263698578 0.441118568181992
0.293135404586792 0.335507839918137 0.377880245447159 0.420252680778503 0.462625116109848 0.504997551441193 0.547369956970215 0.582704305648804 0.615692675113678 0.648680984973907 0.681669354438782 0.714657664299011 0.747646033763885 0.78063440322876 0.807238340377808 0.814689040184021 0.822139739990234 0.829590499401093 0.837041199207306 0.844491958618164 0.851942658424377 0.859393417835236 0.852872490882874 0.841694355010986 0.830516219139099 0.819338083267212 0.808159947395325 0.796981811523438 0.78580367565155 0.768729090690613 0.733965337276459 0.699201583862305 0.664437830448151 0.629674017429352 0.594910264015198 0.560146510601044 0.52538275718689 0.509540259838104 0.500004827976227 0.490469396114349 0.480933964252472 0.471398532390594 0.461863130331039 0.452327698469162
0.318519800901413 0.359337866306305 0.400155931711197 0.440973997116089 0.481792062520981 0.522610127925873 0.563428223133087 0.598685383796692 0.632088840007782 0.665492355823517 0.698895871639252 0.732299327850342 0.765702843666077 0.799106359481812 0.825974941253662 0.833238959312439 0.840502917766571 0.847766876220703 0.855030834674835 0.862294852733612 0.869558811187744 0.876822769641876 0.87012654542923 0.858776986598969 0.847427368164062 0.836077749729156 0.82472813129425 0.813378572463989 0.802028954029083 0.785183012485504 0.75184816122055 0.718513250350952 0.685178399085999 0.6518434882164 0.618508636951447 0.585173726081848 0.551838874816895 0.534619808197021 0.52277261018753 0.510925471782684 0.499078303575516 0.487231135368347 0.475383967161179 0.46353679895401
0.347334146499634 0.386030226945877 0.42472630739212 0.463422387838364 0.502118468284607 0.540814578533173 0.579510688781738 0.613778412342072 0.646570086479187 0.679361760616302 0.712153434753418 0.744945108890533 0.777736783027649 0.810528457164764 0.83682769536972 0.843649685382843 0.850471615791321 0.857293605804443 0.864115536212921 0.870937526226044 0.877759456634521 0.884581446647644 0.877898573875427 0.866714060306549 0.855529546737671 0.844345033168793 0.83316045999527 0.821975946426392 0.810791432857513 0.794466018676758 0.762717962265015 0.730969846248627 0.699221730232239 0.667473614215851 0.635725498199463 0.603977382183075 0.572229266166687 0.55368834733963 0.539549827575684 0.525411248207092 0.511272728443146 0.497134178876877 0.482995629310608 0.468857079744339
0.379578471183777 0.415584951639175 0.451591402292252 0.48759788274765 0.523604333400726 0.559610843658447 0.595617294311523 0.627983570098877 0.659136414527893 0.690289258956909 0.721442103385925 0.752595007419586 0.783747851848602 0.814900696277618 0.839796543121338 0.845921218395233 0.852045893669128 0.858170628547668 0.864295303821564 0.870419979095459 0.876544713973999 0.882669389247894 0.876188397407532 0.865505516529083 0.854822635650635 0.844139814376831 0.833456933498383 0.822774052619934 0.812091171741486 0.796578109264374 0.766574680805206 0.736571252346039 0.706567764282227 0.676564335823059 0.646560907363892 0.616557419300079 0.586553990840912 0.566745936870575 0.550336360931396 0.533926784992218 0.517517268657684 0.501107692718506 0.484698116779327 0.468288540840149
0.41182279586792 0.445139646530151 0.478456497192383 0.511773347854614 0.545090198516846 0.578407049179077 0.611723899841309 0.642188668251038 0.671702742576599 0.701216757297516 0.730730831623077 0.760244846343994 0.789758920669556 0.819272994995117 0.842765390872955 0.848192811012268 0.853620231151581 0.859047651290894 0.864475071430206 0.869902491569519 0.875329911708832 0.880757331848145 0.874478280544281 0.864297032356262 0.854115784168243 0.843934595584869 0.833753347396851 0.823572099208832 0.813390851020813 0.79869019985199 0.770431458950043 0.742172658443451 0.713913857936859 0.685655057430267 0.657396256923676 0.629137456417084 0.600878655910492 0.57980352640152 0.561122953891754 0.542442381381989 0.523761749267578 0.505081176757812 0.486400574445724 0.467720001935959
0.444067120552063 0.47469437122345 0.505321621894836 0.535948812961578 0.566576063632965 0.597203314304352 0.627830564975739 0.656393766403198 0.68426901102066 0.712144255638123 0.740019500255585 0.767894744873047 0.795769989490509 0.823645234107971 0.845734179019928 0.850464344024658 0.855194509029388 0.859924674034119 0.864654839038849 0.869385004043579 0.874115169048309 0.87884533405304 0.87276816368103 0.863088548183441 0.853408932685852 0.843729376792908 0.834049761295319 0.82437014579773 0.81469053030014 0.800802290439606 0.774288177490234 0.747774064540863 0.721259891986847 0.694745779037476 0.668231666088104 0.641717493534088 0.615203380584717 0.592861115932465 0.571909546852112 0.550957918167114 0.530006289482117 0.509054660797119 0.488103061914444 0.467151433229446
