resources/Exp000_Example-Run/Run01_M2/TimeSeries/1985/model_set/frwlt_avg.asc
NCOLS 265 
NROWS 230 
XLLCORNER -115.5625 
YLLCORNER 24.8333333333333 
CELLSIZE 0.0833333333333333 
NODATA_value -9999 
[rows 40 to 59 of 230, columns 44 to 87 of 265]
0.448665678501129 0.446664661169052 0.444663673639297 0.44266265630722 0.440661668777466 0.438660651445389 0.436659663915634 0.434658646583557 0.42231023311615 0.406512677669525 0.3907151222229 0.374917566776276 0.359120041131973 0.343322485685349 0.327524930238724 0.322816699743271 0.351376444101334 0.379936188459396 0.408495932817459 0.437055677175522 0.465615391731262 0.494175136089325 0.522734880447388 0.551567137241364 0.580490231513977 0.609413325786591 0.638336420059204 0.667259514331818 0.696182608604431 0.725105702877045 0.745701968669891 0.741317629814148 0.736933290958405 0.732548952102661 0.728164613246918 0.723780333995819 0.719395995140076 0.715011656284332 0.696941137313843 0.674308598041534 0.651676058769226 0.629043519496918 0.606410980224609 0.583778440952301
0.446309417486191 0.443970650434494 0.44163191318512 0.439293146133423 0.436954379081726 0.434615641832352 0.432276874780655 0.42993813753128 0.420488238334656 0.408668011426926 0.396847754716873 0.385027498006821 0.373207241296768 0.361386984586716 0.349566727876663 0.347650915384293 0.375448346138 0.403245776891708 0.431043237447739 0.458840668201447 0.486638098955154 0.514435529708862 0.542232990264893 0.569232106208801 0.595965087413788 0.622698068618774 0.649431049823761 0.676164090633392 0.702897071838379 0.729630053043365 0.748062252998352 0.741592109203339 0.73512202501297 0.728651881217957 0.722181737422943 0.71571159362793 0.709241449832916 0.702771306037903 0.68249386548996 0.657613933086395 0.632734000682831 0.607854068279266 0.582974135875702 0.558094203472137
0.449345111846924 0.447726428508759 0.446107715368271 0.444489032030106 0.44287034869194 0.441251635551453 0.439632952213287 0.438014268875122 0.430556982755661 0.421153545379639 0.411750108003616 0.402346670627594 0.392943203449249 0.383539766073227 0.374136328697205 0.373735338449478 0.400341689586639 0.426948040723801 0.453554391860962 0.480160742998123 0.506767094135284 0.533373415470123 0.559979796409607 0.584524095058441 0.608381032943726 0.63223797082901 0.656094908714294 0.679951846599579 0.703808844089508 0.727665781974792 0.743355393409729 0.734543025493622 0.72573059797287 0.716918230056763 0.708105862140656 0.699293494224548 0.690481066703796 0.681668698787689 0.660535991191864 0.635296523571014 0.610057055950165 0.584817588329315 0.559578120708466 0.534338653087616
0.457772761583328 0.457931935787201 0.458091139793396 0.458250313997269 0.458409488201141 0.458568662405014 0.458727836608887 0.458887010812759 0.452516466379166 0.443969339132309 0.435422211885452 0.426875084638596 0.418327957391739 0.409780830144882 0.401233702898026 0.401069968938828 0.426056444644928 0.451042920351028 0.476029396057129 0.501015841960907 0.52600234746933 0.550988793373108 0.575975298881531 0.597443103790283 0.61773806810379 0.638033032417297 0.658327996730804 0.678622961044312 0.698917925357819 0.719212830066681 0.731581330299377 0.720170259475708 0.708759188652039 0.697348117828369 0.685936987400055 0.674525916576385 0.663114845752716 0.651703774929047 0.631067633628845 0.607356429100037 0.583645284175873 0.559934079647064 0.536222875118256 0.512511670589447
0.466200441122055 0.468137472867966 0.470074534416199 0.472011595964432 0.473948627710342 0.475885689258575 0.477822750806808 0.479759782552719 0.47447595000267 0.466785132884979 0.459094315767288 0.451403498649597 0.443712681531906 0.436021894216537 0.428331077098846 0.428404599428177 0.451771199703217 0.475137799978256 0.498504400253296 0.521871030330658 0.545237600803375 0.568604171276093 0.591970801353455 0.61036217212677 0.627095103263855 0.643828094005585 0.66056102514267 0.677294015884399 0.694026947021484 0.710759937763214 0.719807207584381 0.705797433853149 0.691787719726562 0.677777945995331 0.663768172264099 0.649758398532867 0.63574868440628 0.621738910675049 0.601599276065826 0.579416394233704 0.557233452796936 0.535050570964813 0.512867629528046 0.490684747695923
0.47462809085846 0.47834300994873 0.482057929039001 0.485772848129272 0.489487797021866 0.493202716112137 0.496917635202408 0.500632584095001 0.496435433626175 0.48960092663765 0.482766419649124 0.475931942462921 0.469097435474396 0.46226292848587 0.455428451299667 0.455739259719849 0.477485984563828 0.499232679605484 0.520979404449463 0.542726159095764 0.564472854137421 0.586219608783722 0.607966303825378 0.623281240463257 0.636452198028564 0.649623155593872 0.66279411315918 0.675965070724487 0.689136028289795 0.702307045459747 0.70803314447403 0.691424667835236 0.674816250801086 0.658207774162292 0.641599357128143 0.624990880489349 0.6083824634552 0.591773986816406 0.572130918502808 0.551476299762726 0.530821681022644 0.510167062282562 0.489512413740158 0.468857795000076
0.483055740594864 0.488548547029495 0.494041323661804 0.499534130096436 0.505026936531067 0.510519742965698 0.51601254940033 0.521505355834961 0.518394887447357 0.51241672039032 0.506438553333282 0.500460386276245 0.494482189416885 0.488503992557526 0.482525825500488 0.483073890209198 0.503200709819794 0.523327589035034 0.54345440864563 0.56358128786087 0.583708107471466 0.603834986686707 0.623961806297302 0.636200249195099 0.645809233188629 0.655418217182159 0.66502720117569 0.674636125564575 0.684245109558105 0.693854093551636 0.696259021759033 0.677051901817322 0.65784478187561 0.638637661933899 0.619430482387543 0.600223362445831 0.58101624250412 0.561809122562408 0.542662560939789 0.523536205291748 0.504409849643707 0.485283523797989 0.46615719795227 0.44703084230423
0.491483390331268 0.498754054307938 0.506024718284607 0.513295412063599 0.52056610584259 0.527836740016937 0.535107433795929 0.542378127574921 0.540354371070862 0.535232484340668 0.530110657215118 0.524988770484924 0.519866943359375 0.514745056629181 0.509623169898987 0.510408520698547 0.528915524482727 0.547422468662262 0.565929412841797 0.584436416625977 0.602943360805511 0.621450364589691 0.639957308769226 0.649119317531586 0.655166268348694 0.661213278770447 0.667260229587555 0.673307240009308 0.679354190826416 0.685401201248169 0.684484958648682 0.662679135799408 0.640873312950134 0.619067490100861 0.597261667251587 0.575455844402313 0.55365002155304 0.531844198703766 0.51319420337677 0.495596140623093 0.477998077869415 0.460400015115738 0.442801952362061 0.425203889608383
0.498998492956161 0.505744338035583 0.512490153312683 0.519236028194427 0.525981843471527 0.532727658748627 0.539473474025726 0.546219348907471 0.546344935894012 0.544263780117035 0.542182624340057 0.54010146856308 0.538020312786102 0.535939157009125 0.533858001232147 0.536314964294434 0.552386522293091 0.568458020687103 0.584529519081116 0.600601017475128 0.616672515869141 0.632744014263153 0.64881557226181 0.655712187290192 0.659550607204437 0.663388967514038 0.667227387428284 0.671065747737885 0.67490416765213 0.678742527961731 0.676021218299866 0.653620839118958 0.631220400333405 0.608820021152496 0.586419582366943 0.564019203186035 0.541618824005127 0.519218385219574 0.501063704490662 0.484324187040329 0.467584729194641 0.450845241546631 0.434105783700943 0.417366296052933
0.505601048469543 0.509519338607788 0.513437628746033 0.517355918884277 0.521274209022522 0.525192439556122 0.529110729694366 0.533029019832611 0.536366581916809 0.539510488510132 0.542654454708099 0.545798361301422 0.54894232749939 0.552086234092712 0.55523020029068 0.560793280601501 0.573613703250885 0.586434185504913 0.599254667758942 0.612075090408325 0.624895572662354 0.637715995311737 0.650536477565765 0.655978977680206 0.658962190151215 0.661945402622223 0.664928615093231 0.667911767959595 0.670894980430603 0.673878192901611 0.67086786031723 0.64987701177597 0.628886103630066 0.607895195484161 0.586904346942902 0.565913438796997 0.544922590255737 0.523931682109833 0.506271004676819 0.489720404148102 0.473169833421707 0.45661923289299 0.440068632364273 0.423518031835556
0.512203633785248 0.513294339179993 0.514385044574738 0.515475809574127 0.516566514968872 0.517657279968262 0.518747985363007 0.519838750362396 0.526388168334961 0.534757196903229 0.543126285076141 0.551495313644409 0.559864342212677 0.568233370780945 0.576602399349213 0.585271537303925 0.594840943813324 0.604410350322723 0.613979756832123 0.623549163341522 0.633118569850922 0.642688035964966 0.652257442474365 0.656245768070221 0.658373773097992 0.660501778125763 0.662629783153534 0.664757788181305 0.666885793209076 0.669013857841492 0.665714502334595 0.646133124828339 0.626551747322083 0.606970429420471 0.587389051914215 0.567807674407959 0.548226356506348 0.528644979000092 0.511478364467621 0.495116621255875 0.478754907846451 0.462393194437027 0.446031481027603 0.429669767618179
0.518806159496307 0.517069339752197 0.515332520008087 0.513595700263977 0.511858880519867 0.510122060775757 0.508385241031647 0.506648421287537 0.516409814357758 0.53000396490097 0.543598055839539 0.557192206382751 0.570786356925964 0.584380507469177 0.597974598407745 0.609749794006348 0.616068184375763 0.622386515140533 0.628704905509949 0.635023236274719 0.641341626644135 0.64766001701355 0.65397834777832 0.656512558460236 0.657785356044769 0.659058213233948 0.660331010818481 0.661603808403015 0.662876665592194 0.664149463176727 0.660561144351959 0.642389297485352 0.624217450618744 0.606045603752136 0.587873756885529 0.569701910018921 0.551530122756958 0.53335827589035 0.516685664653778 0.500512838363647 0.484340012073517 0.468167185783386 0.451994359493256 0.435821503400803
0.525408744812012 0.520844340324402 0.516279995441437 0.511715590953827 0.507151246070862 0.502586841583252 0.498022466897964 0.493458092212677 0.506431460380554 0.525250673294067 0.544069886207581 0.562889158725739 0.581708371639252 0.600527584552765 0.619346857070923 0.634228110313416 0.637295424938202 0.640362739562988 0.643430054187775 0.646497368812561 0.649564683437347 0.652631998062134 0.65569931268692 0.65677934885025 0.657196998596191 0.657614588737488 0.658032238483429 0.65844988822937 0.658867478370667 0.659285128116608 0.655407786369324 0.638645470142365 0.621883153915405 0.605120837688446 0.588358521461487 0.571596205234528 0.554833889007568 0.538071572780609 0.52189302444458 0.505909025669098 0.489925116300583 0.473941147327423 0.457957208156586 0.441973268985748
0.532011270523071 0.524619340896606 0.517227411270142 0.509835481643677 0.502443552017212 0.495051652193069 0.487659722566605 0.48026779294014 0.496453076601028 0.520497381687164 0.544541716575623 0.568586051464081 0.592630386352539 0.616674721240997 0.640719056129456 0.658706367015839 0.658522605895996 0.658338904380798 0.658155143260956 0.657971441745758 0.657787680625916 0.657603979110718 0.657420217990875 0.657046139240265 0.656608581542969 0.656171023845673 0.655733466148376 0.65529590845108 0.654858291149139 0.654420733451843 0.650254368782043 0.634901583194733 0.619548797607422 0.604196012020111 0.5888432264328 0.57349044084549 0.558137655258179 0.542784810066223 0.527100324630737 0.511305272579193 0.495510190725327 0.479715138673782 0.463920056819916 0.448125004768372
0.535313189029694 0.5274298787117 0.519546568393707 0.511663317680359 0.503780007362366 0.495896697044373 0.488013416528702 0.480130106210709 0.498156934976578 0.524820506572723 0.551484048366547 0.57814759016037 0.604811131954193 0.631474673748016 0.65813821554184 0.677821695804596 0.676565051078796 0.675308406352997 0.674051761627197 0.672795176506042 0.671538531780243 0.670281887054443 0.669025242328644 0.667799115180969 0.666583120822906 0.665367186069489 0.664151191711426 0.662935256958008 0.661719262599945 0.660503327846527 0.655892074108124 0.641095101833344 0.626298129558563 0.611501097679138 0.596704125404358 0.581907153129578 0.567110121250153 0.552313148975372 0.537337899208069 0.522303283214569 0.507268607616425 0.492233961820602 0.47719931602478 0.462164670228958
0.535314440727234 0.529275953769684 0.523237466812134 0.517198979854584 0.511160492897034 0.505122005939484 0.499083518981934 0.493045032024384 0.511543095111847 0.538219928741455 0.564896821975708 0.591573655605316 0.618250548839569 0.644927382469177 0.67160427570343 0.691574096679688 0.691422700881958 0.691271305084229 0.691119909286499 0.69096851348877 0.69081711769104 0.69066572189331 0.690514326095581 0.689038276672363 0.687120676040649 0.68520313501358 0.683285534381866 0.681367933750153 0.679450333118439 0.677532732486725 0.67232084274292 0.657225906848907 0.64213103055954 0.627036094665527 0.61194121837616 0.596846342086792 0.58175140619278 0.566656529903412 0.552605748176575 0.538903057575226 0.525200366973877 0.511497676372528 0.497794985771179 0.484092265367508
0.535315752029419 0.531122028827667 0.52692836523056 0.522734701633453 0.518541038036346 0.514347314834595 0.510153651237488 0.505959987640381 0.524929165840149 0.551619410514832 0.578309595584869 0.604999780654907 0.631689965724945 0.658380150794983 0.685070335865021 0.705326437950134 0.706280291080475 0.707234144210815 0.708187997341156 0.709141850471497 0.710095703601837 0.711049556732178 0.712003409862518 0.710277438163757 0.707658231258392 0.705039024353027 0.702419817447662 0.699800610542297 0.697181403636932 0.694562196731567 0.688749611377716 0.673356771469116 0.657963931560516 0.642571151256561 0.627178311347961 0.611785471439362 0.596392691135406 0.580999851226807 0.567873597145081 0.555502831935883 0.543132126331329 0.530761361122131 0.518390595912933 0.50601989030838
0.535317003726959 0.532968103885651 0.530619263648987 0.528270363807678 0.525921523571014 0.523572623729706 0.521223783493042 0.518874883651733 0.538315296173096 0.565018832683563 0.591722369194031 0.618425846099854 0.645129382610321 0.671832919120789 0.698536396026611 0.719078838825226 0.721137940883636 0.723197042942047 0.725256085395813 0.727315187454224 0.729374289512634 0.731433391571045 0.733492493629456 0.731516659259796 0.728195786476135 0.724874973297119 0.721554160118103 0.718233287334442 0.714912474155426 0.71159166097641 0.705178320407867 0.689487636089325 0.673796892166138 0.65810614824295 0.642415404319763 0.626724660396576 0.611033976078033 0.595343232154846 0.583141446113586 0.572102665901184 0.561063885688782 0.550025045871735 0.538986265659332 0.52794748544693
0.5353182554245 0.534814238548279 0.534310162067413 0.533806085586548 0.533302009105682 0.532797932624817 0.532293915748596 0.531789839267731 0.551701426506042 0.57841831445694 0.605135142803192 0.631851971149445 0.658568799495697 0.685285687446594 0.712002515792847 0.732831239700317 0.735995531082153 0.739159882068634 0.742324233055115 0.745488584041595 0.748652875423431 0.751817226409912 0.754981577396393 0.75275582075119 0.748733341693878 0.744710922241211 0.740688443183899 0.736666023731232 0.73264354467392 0.728621125221252 0.721607089042664 0.705618441104889 0.689629793167114 0.67364114522934 0.657652497291565 0.64166384935379 0.625675201416016 0.609686553478241 0.598409295082092 0.588702440261841 0.578995585441589 0.569288790225983 0.559581935405731 0.54987508058548
0.535319566726685 0.536660313606262 0.53800106048584 0.539341807365417 0.540682554244995 0.542023241519928 0.543363988399506 0.544704735279083 0.565087556838989 0.591817736625671 0.618547916412354 0.645278096199036 0.672008275985718 0.698738396167755 0.725468575954437 0.746583580970764 0.750853180885315 0.755122780799866 0.759392321109772 0.763661921024323 0.767931520938873 0.772201061248779 0.77647066116333 0.773994982242584 0.769270896911621 0.764546871185303 0.75982278585434 0.755098700523376 0.750374615192413 0.74565052986145 0.73803585767746 0.721749305725098 0.705462753772736 0.689176201820374 0.672889590263367 0.656603038311005 0.640316486358643 0.62402993440628 0.613677144050598 0.605302214622498 0.596927344799042 0.588552474975586 0.58017760515213 0.57180267572403
