resources/Exp000_Example-Run/Run01_M2/TimeSeries/1985/model_set/frwlt_avg.asc
NCOLS 265 
NROWS 230 
XLLCORNER -115.5625 
YLLCORNER 24.8333333333333 
CELLSIZE 0.0833333333333333 
NODATA_value -9999 
[rows 100 to 119 of 230, columns 44 to 87 of 265]
0.43578115105629 0.469738483428955 0.503695785999298 0.537653148174286 0.571610450744629 0.605567753314972 0.63952511548996 0.673482418060303 0.691168248653412 0.70343029499054 0.715692281723022 0.72795432806015 0.740216314792633 0.752478361129761 0.764740347862244 0.77353835105896 0.771944105625153 0.770349860191345 0.768755614757538 0.76716136932373 0.765567183494568 0.76397293806076 0.762378692626953 0.758439540863037 0.753718793392181 0.748997986316681 0.74427717924118 0.739556431770325 0.734835624694824 0.730114817619324 0.726997435092926 0.728690207004547 0.730382919311523 0.7320756316185 0.733768403530121 0.735461115837097 0.737153887748718 0.738846600055695 0.730862021446228 0.719651639461517 0.708441257476807 0.697230875492096 0.686020493507385 0.674810171127319
0.381080240011215 0.417883425951004 0.454686611890793 0.491489797830582 0.528293013572693 0.565096199512482 0.60189938545227 0.638702571392059 0.659654438495636 0.675322592258453 0.690990746021271 0.706658899784088 0.722327053546906 0.737995207309723 0.75366336107254 0.765176475048065 0.764224708080292 0.763272941112518 0.762321174144745 0.761369407176971 0.760417640209198 0.759465873241425 0.758514106273651 0.754862725734711 0.750311553478241 0.745760321617126 0.741209089756012 0.736657857894897 0.732106626033783 0.727555394172668 0.724373400211334 0.725299119949341 0.726224839687347 0.727150559425354 0.728076279163361 0.729001998901367 0.729927718639374 0.73085343837738 0.723201394081116 0.712690055370331 0.702178716659546 0.691667437553406 0.681156098842621 0.670644760131836
0.366201162338257 0.397921144962311 0.429641097784042 0.461361050605774 0.493081003427505 0.524800956249237 0.556520938873291 0.588240921497345 0.610814452171326 0.63033926486969 0.649864077568054 0.669388830661774 0.688913643360138 0.708438456058502 0.727963209152222 0.74247795343399 0.741962671279907 0.741447329521179 0.740931987762451 0.740416646003723 0.739901304244995 0.739385962486267 0.738870620727539 0.735699415206909 0.73164290189743 0.727586388587952 0.723529815673828 0.719473302364349 0.715416789054871 0.711360275745392 0.708619952201843 0.70982837677002 0.711036860942841 0.712245285511017 0.713453710079193 0.714662134647369 0.715870559215546 0.717078983783722 0.710642457008362 0.701657593250275 0.692672669887543 0.683687806129456 0.674702882766724 0.665718019008636
0.391143977642059 0.409851610660553 0.428559243679047 0.44726687669754 0.465974539518356 0.48468217253685 0.503389835357666 0.52209746837616 0.544648349285126 0.568480253219604 0.592312216758728 0.616144180297852 0.639976143836975 0.663808107376099 0.687640011310577 0.705442786216736 0.705157816410065 0.704872906208038 0.704587996006012 0.704303026199341 0.704018115997314 0.703733205795288 0.703448295593262 0.700949549674988 0.69771283864975 0.694476127624512 0.691239476203918 0.68800276517868 0.684766113758087 0.681529402732849 0.679737091064453 0.682277977466583 0.684818863868713 0.687359750270844 0.689900636672974 0.692441523075104 0.694982409477234 0.697523295879364 0.693185210227966 0.686554133892059 0.679923057556152 0.673291981220245 0.666660964488983 0.660029888153076
0.416086763143539 0.421782076358795 0.427477389574051 0.433172732591629 0.438868045806885 0.44456335902214 0.450258672237396 0.455954015254974 0.478482156991959 0.506621301174164 0.534760415554047 0.562899529933929 0.591038644313812 0.619177758693695 0.647316873073578 0.668407559394836 0.668353021144867 0.668298482894897 0.668244004249573 0.668189465999603 0.668134927749634 0.668080449104309 0.66802591085434 0.666199624538422 0.663782775402069 0.661365926265717 0.658949077129364 0.656532287597656 0.654115438461304 0.651698589324951 0.650854289531708 0.654727578163147 0.658600926399231 0.662474274635315 0.666347563266754 0.670220911502838 0.674094200134277 0.677967548370361 0.675727963447571 0.671450734138489 0.667173445224762 0.66289621591568 0.658618986606598 0.654341697692871
0.44102954864502 0.433712542057037 0.426395535469055 0.419078558683395 0.411761552095413 0.404444545507431 0.397127568721771 0.389810562133789 0.412316024303436 0.444762289524078 0.47720855474472 0.509654819965363 0.542101085186005 0.574547410011292 0.606993675231934 0.631372332572937 0.631548225879669 0.631724119186401 0.631900012493134 0.632075905799866 0.632251739501953 0.632427632808685 0.632603526115417 0.6314497590065 0.629852771759033 0.628255724906921 0.626658737659454 0.625061750411987 0.623464703559875 0.621867716312408 0.621971428394318 0.627177178859711 0.632382988929749 0.637588739395142 0.642794489860535 0.648000299930573 0.653206050395966 0.658411800861359 0.658270716667175 0.656347274780273 0.654423832893372 0.652500450611115 0.650577008724213 0.648653566837311
0.4659723341465 0.44564300775528 0.425313711166382 0.404984384775162 0.384655058383942 0.364325731992722 0.343996435403824 0.323667109012604 0.346149861812592 0.382903307676315 0.419656723737717 0.45641016960144 0.493163615465164 0.529917061328888 0.566670477390289 0.594337105751038 0.594743430614471 0.59514969587326 0.595556020736694 0.595962285995483 0.596368610858917 0.596774876117706 0.597181141376495 0.596699893474579 0.595922708511353 0.595145523548126 0.594368398189545 0.593591213226318 0.592814028263092 0.59203690290451 0.593088567256927 0.599626779556274 0.606164991855621 0.612703204154968 0.619241416454315 0.625779688358307 0.632317900657654 0.638856112957001 0.64081346988678 0.641243815422058 0.641674220561981 0.642104625701904 0.642535030841827 0.64296543598175
0.49091511964798 0.457573473453522 0.424231857061386 0.390890210866928 0.35754856467247 0.324206948280334 0.290865302085876 0.257523655891418 0.279983699321747 0.32104429602623 0.362104892730713 0.403165489435196 0.444226086139679 0.485286682844162 0.526347279548645 0.557301938533783 0.557938635349274 0.558575332164764 0.559212028980255 0.559848725795746 0.560485422611237 0.561122119426727 0.561758816242218 0.561949968338013 0.561992645263672 0.562035322189331 0.56207799911499 0.562120676040649 0.562163352966309 0.562206029891968 0.564205706119537 0.572076380252838 0.579947054386139 0.58781772851944 0.59568840265274 0.603559017181396 0.611429691314697 0.619300365447998 0.623356223106384 0.626140415668488 0.628924608230591 0.631708860397339 0.634493052959442 0.637277245521545
0.496903538703918 0.459588974714279 0.42227441072464 0.384959846735001 0.347645282745361 0.310330748558044 0.273016184568405 0.235701620578766 0.254776477813721 0.292647808790207 0.330519139766693 0.368390470743179 0.406261831521988 0.444133162498474 0.48200449347496 0.510672330856323 0.511729717254639 0.512787044048309 0.513844430446625 0.51490181684494 0.515959143638611 0.517016530036926 0.518073856830597 0.518992364406586 0.519864499568939 0.520736634731293 0.521608829498291 0.522480964660645 0.523353159427643 0.524225294589996 0.5273397564888 0.537181258201599 0.547022759914398 0.556864202022552 0.566705703735352 0.576547205448151 0.586388647556305 0.596230149269104 0.602093696594238 0.606631219387054 0.611168801784515 0.615706384181976 0.620243966579437 0.624781489372253
0.483937591314316 0.45168948173523 0.419441401958466 0.387193322181702 0.354945212602615 0.322697132825851 0.290449053049088 0.258200943470001 0.270528167486191 0.297713816165924 0.324899464845657 0.352085113525391 0.379270762205124 0.406456410884857 0.43364205956459 0.454448372125626 0.456116676330566 0.457784980535507 0.459453254938126 0.461121559143066 0.462789833545685 0.464458137750626 0.466126441955566 0.467826962471008 0.469538241624832 0.471249520778656 0.47296079993248 0.474672079086304 0.476383358240128 0.478094637393951 0.482490748167038 0.494941413402557 0.507392108440399 0.519842743873596 0.532293438911438 0.544744074344635 0.557194769382477 0.569645404815674 0.577025890350342 0.582716345787048 0.588406801223755 0.594097256660461 0.599787712097168 0.60547810792923
0.470971614122391 0.443790018558502 0.416608393192291 0.38942676782608 0.362245142459869 0.335063517093658 0.30788192152977 0.280700296163559 0.286279857158661 0.302779823541641 0.319279789924622 0.335779756307602 0.352279722690582 0.368779689073563 0.385279655456543 0.39822444319725 0.400503665208817 0.402782887220383 0.405062109231949 0.407341301441193 0.409620523452759 0.411899745464325 0.414178967475891 0.416661590337753 0.419211983680725 0.421762377023697 0.424312770366669 0.426863193511963 0.429413586854935 0.431963980197906 0.437641739845276 0.452701598405838 0.467761427164078 0.48282128572464 0.497881144285202 0.512941002845764 0.528000831604004 0.543060660362244 0.55195814371109 0.558801472187042 0.565644800662994 0.572488129138947 0.579331398010254 0.586174726486206
0.458005666732788 0.435890525579453 0.413775384426117 0.391660213470459 0.369545072317123 0.347429931163788 0.325314790010452 0.303199619054794 0.302031546831131 0.307845830917358 0.313660115003586 0.319474399089813 0.325288683176041 0.331102937459946 0.336917221546173 0.342000484466553 0.344890624284744 0.347780764102936 0.35067093372345 0.353561073541641 0.356451243162155 0.359341382980347 0.362231522798538 0.365496218204498 0.368885725736618 0.372275233268738 0.37566477060318 0.3790542781353 0.382443815469742 0.385833323001862 0.392792731523514 0.410461753606796 0.428130775690079 0.445799827575684 0.463468849658966 0.481137901544571 0.498806923627853 0.516475975513458 0.526890337467194 0.534886538982391 0.542882740497589 0.550878942012787 0.558875143527985 0.566871345043182
0.445039719343185 0.427991032600403 0.410942375659943 0.39389368891716 0.376845002174377 0.359796315431595 0.342747658491135 0.325698971748352 0.317783236503601 0.312911838293076 0.30804044008255 0.303169041872025 0.298297613859177 0.293426215648651 0.288554817438126 0.285776525735855 0.289277613162994 0.292778670787811 0.296279758214951 0.29978084564209 0.303281933069229 0.306782990694046 0.310284078121185 0.314330816268921 0.318559467792511 0.322788119316101 0.327016741037369 0.331245392560959 0.335474014282227 0.339702665805817 0.347943693399429 0.368221908807755 0.38850012421608 0.408778369426727 0.429056584835052 0.449334800243378 0.469613015651703 0.489891231060028 0.501822590827942 0.510971665382385 0.520120739936829 0.529269814491272 0.538418889045715 0.547567963600159
0.432073771953583 0.420091569423676 0.408109337091446 0.396127134561539 0.384144932031631 0.372162729501724 0.360180526971817 0.348198294639587 0.333534926176071 0.317977845668793 0.302420765161514 0.286863654851913 0.271306574344635 0.255749493837357 0.240192398428917 0.229552581906319 0.233664587140083 0.237776592373848 0.241888597607613 0.246000602841377 0.250112622976303 0.254224628210068 0.258336633443832 0.263165444135666 0.268233209848404 0.273300975561142 0.27836874127388 0.283436477184296 0.288504242897034 0.293572008609772 0.303094685077667 0.325982093811035 0.348869472742081 0.371756881475449 0.394644290208817 0.417531698942184 0.440419107675552 0.46330651640892 0.476754814386368 0.487056791782379 0.497358739376068 0.507660686969757 0.517962634563446 0.528264582157135
0.441986262798309 0.432040750980377 0.422095268964767 0.412149786949158 0.402204275131226 0.392258793115616 0.382313311100006 0.372367799282074 0.354145497083664 0.333164215087891 0.31218296289444 0.291201680898666 0.270220428705215 0.249239161610603 0.228257894515991 0.213271588087082 0.216270208358765 0.219268813729286 0.222267434000969 0.225266054272652 0.228264659643173 0.231263279914856 0.234261885285378 0.237814575433731 0.241551950573921 0.245289325714111 0.249026715755463 0.252764075994492 0.256501466035843 0.260238856077194 0.268857210874557 0.292118579149246 0.315379947423935 0.338641285896301 0.36190265417099 0.385164022445679 0.408425360918045 0.431686729192734 0.446425586938858 0.458323627710342 0.470221668481827 0.482119709253311 0.494017720222473 0.505915760993958
0.474777191877365 0.463838666677475 0.452900111675262 0.441961586475372 0.431023061275482 0.420084536075592 0.409146010875702 0.398207485675812 0.379614889621735 0.358470976352692 0.337327033281326 0.316183090209961 0.295039176940918 0.273895233869553 0.25275132060051 0.236933588981628 0.237094476819038 0.23725537955761 0.23741626739502 0.237577170133591 0.237738072872162 0.237898960709572 0.238059863448143 0.238278210163116 0.238515704870224 0.238753199577332 0.238990694284439 0.239228188991547 0.239465683698654 0.239703178405762 0.245231315493584 0.26663139462471 0.288031488656998 0.309431552886963 0.33083164691925 0.352231740951538 0.373631834983826 0.395031899213791 0.410834908485413 0.42477223277092 0.438709527254105 0.452646851539612 0.466584175825119 0.480521470308304
0.507568120956421 0.49563655257225 0.48370498418808 0.471773415803909 0.459841847419739 0.447910279035568 0.435978710651398 0.424047142267227 0.405084311962128 0.38377770781517 0.362471103668213 0.341164529323578 0.31985792517662 0.298551321029663 0.277244716882706 0.260595560073853 0.257918745279312 0.255241930484772 0.252565115690231 0.249888300895691 0.247211471199989 0.244534656405449 0.241857841610909 0.238741844892502 0.235479444265366 0.232217058539391 0.228954672813416 0.225692272186279 0.222429886460304 0.219167500734329 0.221605405211449 0.241144225001335 0.26068302989006 0.280221849679947 0.299760639667511 0.319299459457397 0.338838279247284 0.358377069234848 0.375244230031967 0.391220808029175 0.407197415828705 0.423173993825912 0.439150601625443 0.45512717962265
0.540359020233154 0.527434408664703 0.514509856700897 0.501585245132446 0.488660633563995 0.475736021995544 0.462811410427094 0.449886828660965 0.430553704500198 0.409084439277649 0.387615203857422 0.366145938634872 0.344676673412323 0.323207408189774 0.301738142967224 0.284257560968399 0.278743028640747 0.273228496313095 0.267713963985443 0.262199431657791 0.256684869527817 0.251170337200165 0.245655804872513 0.239205464720726 0.232443198561668 0.22568091750145 0.218918651342392 0.212156370282173 0.205394104123116 0.198631823062897 0.197979509830475 0.215657040476799 0.233334571123123 0.251012116670609 0.268689662218094 0.286367177963257 0.304044723510742 0.321722269058228 0.339653551578522 0.357669413089752 0.375685274600983 0.393701165914536 0.411717027425766 0.429732888936996
0.573149979114532 0.559232354164124 0.54531466960907 0.531397044658661 0.517479419708252 0.503561735153198 0.489644110202789 0.47572648525238 0.456023126840591 0.43439120054245 0.412759274244308 0.391127347946167 0.369495421648026 0.347863495349884 0.326231569051743 0.307919561862946 0.299567312002182 0.291215032339096 0.282862782478333 0.274510532617569 0.266158282756805 0.257806032896042 0.249453783035278 0.239669099450111 0.229406952857971 0.21914479136467 0.208882629871368 0.198620468378067 0.188358306884766 0.178096145391464 0.17435359954834 0.190169855952263 0.205986127257347 0.22180238366127 0.237618654966354 0.253434926271439 0.2692511677742 0.285067439079285 0.304062873125076 0.32411801815033 0.344173163175583 0.364228308200836 0.38428345322609 0.404338598251343
0.605940878391266 0.591030240058899 0.576119542121887 0.561208844184875 0.546298205852509 0.531387507915497 0.516476809978485 0.501566171646118 0.481492549180984 0.459697932004929 0.437903344631195 0.416108757257462 0.394314169883728 0.372519582509995 0.350724965333939 0.33158153295517 0.320391565561295 0.309201598167419 0.298011630773544 0.286821663379669 0.275631695985794 0.264441728591919 0.253251761198044 0.240132734179497 0.226370692253113 0.212608650326729 0.198846608400345 0.185084566473961 0.171322524547577 0.157560482621193 0.150727689266205 0.164682686328888 0.17863766849041 0.192592665553093 0.206547647714615 0.220502629876137 0.23445762693882 0.248412609100342 0.268472194671631 0.290566593408585 0.312661021947861 0.334755450487137 0.356849879026413 0.378944307565689
