resources/Exp000_Example-Run/Run01_M2/TimeSeries/1985/model_set/frwlt_avg.asc
NCOLS 265 
NROWS 230 
XLLCORNER -115.5625 
YLLCORNER 24.8333333333333 
CELLSIZE 0.0833333333333333 
NODATA_value -9999 
[rows 100 to 119 of 230, columns 132 to 175 of 265]
0.495695888996124 0.485065907239914 0.470469653606415 0.443974524736404 0.417479395866394 0.390984237194061 0.364489108324051 0.33799397945404 0.31149885058403 0.28500372171402 0.265560001134872 0.248466774821281 0.231373533606529 0.214280292391777 0.197187051177025 0.180093809962273 0.16300056874752 0.152377665042877 0.161165729165077 0.169953793287277 0.178741872310638 0.187529936432838 0.1963180154562 0.2051060795784 0.213894158601761 0.223392590880394 0.233127802610397 0.242863014340401 0.252598226070404 0.262333452701569 0.272068679332733 0.281803876161575 0.290170282125473 0.294430166482925 0.298690050840378 0.30294993519783 0.30720978975296 0.311469674110413 0.315729558467865 0.319989442825317 0.329696178436279 0.341218501329422 0.352740854024887 0.36426317691803
0.49040150642395 0.480008274316788 0.465188384056091 0.437088429927826 0.408988505601883 0.38088858127594 0.352788656949997 0.324688702821732 0.296588778495789 0.268488854169846 0.245427310466766 0.224045246839523 0.20266318321228 0.181281104683876 0.159899041056633 0.13851697742939 0.117134898900986 0.103768467903137 0.114448957145214 0.12512943148613 0.135809928178787 0.146490409970284 0.15717089176178 0.167851373553276 0.178531855344772 0.190600007772446 0.203130722045898 0.215661436319351 0.228192150592804 0.240722849965096 0.253253579139709 0.26578426361084 0.276577353477478 0.28215754032135 0.2877376973629 0.293317884206772 0.298898071050644 0.304478228092194 0.310058414936066 0.315638601779938 0.327599942684174 0.341688364744186 0.355776786804199 0.369865208864212
0.476077646017075 0.46496993303299 0.449544280767441 0.421164959669113 0.392785608768463 0.364406287670135 0.336026966571808 0.307647615671158 0.27926829457283 0.25088894367218 0.227678403258324 0.206190779805183 0.184703156352043 0.163215532898903 0.141727924346924 0.120240293443203 0.0987526774406433 0.0856170579791069 0.0975374653935432 0.109457865357399 0.121378265321255 0.13329866528511 0.145219072699547 0.157139480113983 0.169059872627258 0.181666254997253 0.194501280784607 0.20733630657196 0.220171332359314 0.233006358146667 0.245841398835182 0.258676409721375 0.26999843120575 0.276781350374222 0.283564269542694 0.290347218513489 0.297130137681961 0.303913086652756 0.310696005821228 0.3174789249897 0.330176889896393 0.344846546649933 0.359516203403473 0.374185860157013
0.452724307775497 0.439950823783875 0.423537403345108 0.396204054355621 0.368870705366135 0.34153738617897 0.314204037189484 0.286870688199997 0.25953733921051 0.232204005122185 0.212313249707222 0.194903358817101 0.177493467926979 0.160083577036858 0.142673686146736 0.125263795256615 0.107853896915913 0.0979234278202057 0.110431253910065 0.122939079999924 0.135446906089783 0.147954732179642 0.160462558269501 0.17297038435936 0.185478210449219 0.196591287851334 0.207239463925362 0.21788763999939 0.228535801172256 0.239183977246284 0.249832153320312 0.260480314493179 0.270433485507965 0.278301626443863 0.286169767379761 0.294037908315659 0.301906049251556 0.309774190187454 0.317642331123352 0.32551047205925 0.337427049875259 0.350693076848984 0.363959103822708 0.377225130796432
0.42937096953392 0.414931744337082 0.397530496120453 0.37124314904213 0.344955801963806 0.318668454885483 0.292381107807159 0.266093760728836 0.239806428551674 0.213519081473351 0.196948111057281 0.183615952730179 0.170283779501915 0.156951606273651 0.143619447946548 0.130287274718285 0.116955116391182 0.110229797661304 0.123325049877167 0.136420294642448 0.149515554308891 0.162610799074173 0.175706043839455 0.188801288604736 0.201896548271179 0.211516335606575 0.219977661967278 0.228438973426819 0.23690028488636 0.245361596345901 0.253822922706604 0.262284219264984 0.270868539810181 0.279821902513504 0.288775265216827 0.297728598117828 0.306681960821152 0.315635323524475 0.324588656425476 0.333542019128799 0.344677180051804 0.356539577245712 0.368402004241943 0.380264401435852
0.406017661094666 0.389912664890289 0.37152361869812 0.346282243728638 0.321040898561478 0.295799553394318 0.270558208227158 0.245316848158836 0.220075488090515 0.194834142923355 0.181582972407341 0.172328531742096 0.163074091076851 0.153819650411606 0.144565209746361 0.135310769081116 0.126056328415871 0.122536167502403 0.136218845844269 0.149901509284973 0.163584187626839 0.177266865968704 0.190949529409409 0.204632207751274 0.218314871191978 0.226441383361816 0.232715845108032 0.238990306854248 0.245264753699303 0.251539200544357 0.257813662290573 0.264088124036789 0.271303623914719 0.281342178583145 0.291380733251572 0.301419317722321 0.311457872390747 0.321496427059174 0.331535011529922 0.341573566198349 0.351927310228348 0.362386107444763 0.372844904661179 0.383303672075272
0.382664322853088 0.364893585443497 0.345516711473465 0.321321368217468 0.297125995159149 0.272930651903152 0.248735278844833 0.224539920687675 0.200344562530518 0.17614920437336 0.1662178337574 0.161041110754013 0.155864402651787 0.150687694549561 0.145510971546173 0.140334263443947 0.135157555341721 0.134842544794083 0.149112641811371 0.163382738828659 0.177652820944786 0.191922917962074 0.206193014979362 0.220463111996651 0.234733209013939 0.241366431117058 0.245454028248787 0.249541625380516 0.253629237413406 0.257716834545135 0.261804431676865 0.265892028808594 0.271738678216934 0.282862454652786 0.293986231088638 0.30511000752449 0.316233783960342 0.327357560396194 0.338481336832047 0.349605113267899 0.359177440404892 0.368232607841492 0.377287775278091 0.386342972517014
0.359310984611511 0.339874505996704 0.319509834051132 0.296360462903976 0.273211091756821 0.250061720609665 0.22691236436367 0.203762993216515 0.18061363697052 0.157464265823364 0.150852680206299 0.149753704667091 0.148654714226723 0.147555723786354 0.146456748247147 0.145357757806778 0.144258767366409 0.147148907184601 0.162006422877312 0.176863953471184 0.191721469163895 0.206578984856606 0.221436500549316 0.236294016242027 0.251151531934738 0.256291478872299 0.258192211389542 0.260092973709106 0.261993706226349 0.263894438743591 0.265795201063156 0.267695933580399 0.27217373251915 0.284382730722427 0.296591699123383 0.30880069732666 0.321009695529938 0.333218693733215 0.345427662134171 0.357636660337448 0.366427570581436 0.374079138040543 0.381730675697327 0.389382243156433
0.343540191650391 0.322964280843735 0.301996320486069 0.279852211475372 0.257708132266998 0.235564053058624 0.21341997385025 0.191275879740715 0.169131800532341 0.146987706422806 0.143251925706863 0.145652234554291 0.148052543401718 0.150452852249146 0.152853175997734 0.155253484845161 0.157653793692589 0.162970915436745 0.177038446068764 0.191105991601944 0.205173522233963 0.219241067767143 0.233308613300323 0.247376143932343 0.261443674564362 0.265408664941788 0.266006082296371 0.266603529453278 0.267200976610184 0.26779842376709 0.268395870923996 0.268993318080902 0.272391796112061 0.284193366765976 0.295994937419891 0.307796508073807 0.319598078727722 0.331399649381638 0.343201220035553 0.355002790689468 0.362569630146027 0.368724912405014 0.374880194664001 0.381035476922989
0.335351973772049 0.314162880182266 0.292976170778275 0.271796643733978 0.250617146492004 0.229437619447708 0.208258092403412 0.187078580260277 0.165899068117142 0.144719541072845 0.143415540456772 0.148736730217934 0.154057905077934 0.159379079937935 0.164700254797935 0.170021444559097 0.175342619419098 0.182308539748192 0.194208696484566 0.20610885322094 0.218009009957314 0.229909166693687 0.241809323430061 0.253709465265274 0.265609622001648 0.26871794462204 0.268895655870438 0.269073367118835 0.269251078367233 0.269428759813309 0.269606471061707 0.269784182310104 0.272392839193344 0.282294362783432 0.29219588637352 0.302097409963608 0.311998903751373 0.321900427341461 0.331801950931549 0.341703474521637 0.347603619098663 0.352169960737228 0.356736302375793 0.361302644014359
0.327163726091385 0.305361479520798 0.283956050872803 0.263741075992584 0.243526130914688 0.223311185836792 0.203096225857735 0.182881280779839 0.162666320800781 0.142451375722885 0.143579170107841 0.151821210980415 0.16006326675415 0.168305307626724 0.176547348499298 0.184789389371872 0.193031445145607 0.201646164059639 0.211378946900368 0.221111714839935 0.230844497680664 0.240577265620232 0.250310033559799 0.260042816400528 0.269775599241257 0.272027254104614 0.271785229444504 0.271543174982071 0.27130115032196 0.271059095859528 0.270817071199417 0.270575046539307 0.272393882274628 0.280395358800888 0.288396835327148 0.296398282051086 0.304399758577347 0.312401235103607 0.320402711629868 0.328404188156128 0.3326376080513 0.335615009069443 0.338592410087585 0.341569840908051
0.318975508213043 0.296560078859329 0.274935901165009 0.25568550825119 0.236435130238533 0.217184752225876 0.197934359312057 0.1786839812994 0.159433588385582 0.140183210372925 0.143742799758911 0.154905706644058 0.166068613529205 0.177231535315514 0.188394442200661 0.199557349085808 0.210720270872116 0.220983803272247 0.22854919731617 0.236114576458931 0.243679970502853 0.251245379447937 0.258810758590698 0.266376137733459 0.273941546678543 0.275336563587189 0.274674773216248 0.274013012647629 0.273351222276688 0.272689461708069 0.272027671337128 0.271365910768509 0.272394925355911 0.278496354818344 0.284597754478455 0.290699183940887 0.29680061340332 0.302902042865753 0.309003472328186 0.315104871988297 0.317671597003937 0.319060057401657 0.3204485476017 0.32183700799942
0.310787260532379 0.287758678197861 0.265915781259537 0.247629955410957 0.229344129562378 0.21105831861496 0.19277249276638 0.174486681818962 0.156200855970383 0.137915030121803 0.14390641450882 0.157990202307701 0.172073975205421 0.186157748103142 0.200241535902023 0.214325308799744 0.228409096598625 0.240321427583694 0.245719432830811 0.251117438077927 0.256515443325043 0.261913478374481 0.267311483621597 0.272709488868713 0.278107494115829 0.278645873069763 0.277564346790314 0.276482820510864 0.275401324033737 0.274319797754288 0.273238271474838 0.272156774997711 0.272395968437195 0.2765973508358 0.280798703432083 0.285000085830688 0.289201468229294 0.293402850627899 0.297604203224182 0.301805585622787 0.302705585956573 0.302505105733871 0.302304655313492 0.30210417509079
0.302599042654037 0.278957277536392 0.256895631551743 0.239574387669563 0.222253128886223 0.204931885004044 0.187610626220703 0.170289367437363 0.152968123555183 0.135646864771843 0.144070044159889 0.161074683070183 0.178079336881638 0.195083975791931 0.212088629603386 0.22909326851368 0.246097922325134 0.259659051895142 0.262889683246613 0.266120314598083 0.269350945949554 0.272581577301025 0.275812178850174 0.279042810201645 0.282273441553116 0.281955152750015 0.280453890562057 0.278952658176422 0.277451395988464 0.275950133800507 0.274448871612549 0.272947609424591 0.272397011518478 0.274698346853256 0.276999652385712 0.27930098772049 0.281602323055267 0.283903628587723 0.286204963922501 0.288506299257278 0.28773957490921 0.285950154066086 0.284160763025284 0.282371371984482
0.297187387943268 0.274108737707138 0.252622067928314 0.235911339521408 0.219200626015663 0.202489897608757 0.185779184103012 0.169068455696106 0.152357742190361 0.135647028684616 0.145184427499771 0.163471192121506 0.181757971644402 0.200044736266136 0.218331515789032 0.236618280410767 0.254905045032501 0.269151091575623 0.271274954080582 0.273398816585541 0.2755226790905 0.277646571397781 0.27977043390274 0.2818942964077 0.284018158912659 0.283181309700012 0.281357556581497 0.279533803462982 0.277710050344467 0.275886327028275 0.27406257390976 0.272238820791245 0.271183878183365 0.272435426712036 0.273686945438385 0.274938464164734 0.276190012693405 0.277441531419754 0.278693079948425 0.279944598674774 0.278511613607407 0.276183754205704 0.273855924606323 0.271528095006943
0.29455229640007 0.273213028907776 0.253095030784607 0.236640825867653 0.220186606049538 0.203732386231422 0.187278166413307 0.170823946595192 0.154369726777077 0.137915506958961 0.147249564528465 0.165179714560509 0.183109879493713 0.201040029525757 0.218970194458961 0.236900344491005 0.25483050942421 0.268797546625137 0.27087527513504 0.272953003644943 0.275030732154846 0.277108430862427 0.27918615937233 0.281263887882233 0.283341616392136 0.282324284315109 0.28027531504631 0.278226315975189 0.276177316904068 0.274128317832947 0.272079348564148 0.270030349493027 0.268756598234177 0.26980859041214 0.270860582590103 0.271912574768066 0.272964537143707 0.274016529321671 0.275068521499634 0.276120513677597 0.27502167224884 0.273205906152725 0.271390110254288 0.269574344158173
0.291917234659195 0.272317349910736 0.253568023443222 0.237370297312737 0.221172571182251 0.204974859952927 0.188777133822441 0.172579422593117 0.156381696462631 0.140183970332146 0.149314701557159 0.166888251900673 0.184461787343025 0.202035322785378 0.219608873128891 0.237182408571243 0.254755944013596 0.268444001674652 0.270475596189499 0.272507160902023 0.27453875541687 0.276570320129395 0.278601914644241 0.280633479356766 0.282665073871613 0.281467288732529 0.279193043708801 0.276918828487396 0.274644583463669 0.272370338439941 0.270096093416214 0.267821878194809 0.266329318284988 0.267181754112244 0.268034189939499 0.268886655569077 0.269739091396332 0.270591527223587 0.271443992853165 0.27229642868042 0.271531760692596 0.270228028297424 0.268924295902252 0.267620593309402
0.289282143115997 0.271421670913696 0.254040986299515 0.23809976875782 0.222158551216125 0.206217333674431 0.190276116132736 0.174334898591042 0.158393681049347 0.142452448606491 0.151379838585854 0.168596774339676 0.185813695192337 0.203030630946159 0.22024755179882 0.237464472651482 0.254681408405304 0.268090456724167 0.270075887441635 0.272061347961426 0.274046778678894 0.276032209396362 0.278017640113831 0.280003100633621 0.28198853135109 0.280610293149948 0.278110802173615 0.275611311197281 0.27311185002327 0.270612359046936 0.268112868070602 0.265613406896591 0.263902008533478 0.264554917812347 0.265207827091217 0.265860736370087 0.266513645648956 0.267166525125504 0.267819434404373 0.268472343683243 0.26804181933403 0.267250150442123 0.266458511352539 0.265666842460632
0.286647081375122 0.270525962114334 0.25451397895813 0.238829255104065 0.22314453125 0.207459807395935 0.191775098443031 0.176090374588966 0.160405650734901 0.144720926880836 0.153444990515709 0.170305296778679 0.187165603041649 0.20402592420578 0.22088623046875 0.23774653673172 0.25460684299469 0.267736911773682 0.269676208496094 0.271615505218506 0.273554801940918 0.27549409866333 0.277433395385742 0.279372692108154 0.281311988830566 0.279753267765045 0.277028560638428 0.274303823709488 0.271579086780548 0.268854379653931 0.266129642724991 0.263404935598373 0.26147472858429 0.261928081512451 0.262381434440613 0.262834817171097 0.263288170099258 0.26374152302742 0.264194905757904 0.264648258686066 0.264551907777786 0.264272302389145 0.263992697000504 0.263713091611862
0.284011989831924 0.269630283117294 0.254986941814423 0.239558726549149 0.224130511283875 0.2087022960186 0.193274065852165 0.177845850586891 0.162417635321617 0.146989405155182 0.155510127544403 0.172013819217682 0.188517525792122 0.205021217465401 0.22152490913868 0.238028600811958 0.254532307386398 0.267383366823196 0.269276529550552 0.271169662475586 0.273062825202942 0.274955987930298 0.276849150657654 0.278742283582687 0.280635446310043 0.278896272182465 0.275946289300919 0.272996336221695 0.270046353340149 0.267096400260925 0.264146417379379 0.261196464300156 0.259047418832779 0.259301245212555 0.259555071592331 0.259808897972107 0.260062724351883 0.260316550731659 0.260570347309113 0.260824173688889 0.26106196641922 0.261294424533844 0.261526882648468 0.261759340763092
