resources/Exp000_Example-Run/Run01_M2/TimeSeries/1985/model_set/swgnt_avg.asc
NCOLS 265 
NROWS 230 
XLLCORNER -115.5625 
YLLCORNER 24.8333333333333 
CELLSIZE 0.0833333333333333 
NODATA_value -9999 
[rows 20 to 39 of 230, columns 0 to 45 of 265]
174.400833129883 174.092742919922 173.784652709961 173.476547241211 173.16845703125 172.860366821289 172.552276611328 172.490600585938 172.511077880859 172.531539916992 172.552017211914 172.572494506836 172.592956542969 172.613433837891 172.605072021484 172.510208129883 172.41535949707 172.320495605469 172.225631713867 172.130783081055 172.035919189453 171.941055297852 171.83283996582 171.720153808594 171.607482910156 171.49479675293 171.382125854492 171.269439697266 171.156768798828 171.020660400391 170.814254760742 170.607864379883 170.401458740234 170.195053100586 169.988662719727 169.782257080078 169.575866699219 169.466735839844 169.390045166016 169.313354492188 169.23664855957 169.159957885742 169.083267211914 169.006561279297 168.976959228516 169.088592529297
174.902862548828 174.679428100586 174.455993652344 174.232559204102 174.009124755859 173.785690307617 173.562255859375 173.526626586914 173.553588867188 173.580551147461 173.607513427734 173.634475708008 173.661437988281 173.688400268555 173.671768188477 173.524383544922 173.377014160156 173.229629516602 173.082244873047 172.934860229492 172.787475585938 172.640090942383 172.477905273438 172.310775756836 172.143630981445 171.976501464844 171.809371948242 171.642242431641 171.47509765625 171.291473388672 171.058380126953 170.825271606445 170.592163085938 170.35905456543 170.125961303711 169.892852783203 169.659744262695 169.607345581055 169.615173339844 169.623001098633 169.630844116211 169.638671875 169.646499633789 169.654342651367 169.683258056641 169.775421142578
175.404876708984 175.26611328125 175.127334594727 174.988555908203 174.849792480469 174.711013793945 174.572235107422 174.562637329102 174.596099853516 174.629547119141 174.662994384766 174.69645690918 174.729904174805 174.763366699219 174.738479614258 174.53857421875 174.338668823242 174.138763427734 173.938842773438 173.73893737793 173.539031982422 173.339126586914 173.122970581055 172.901382446289 172.679794311523 172.458206176758 172.236618041992 172.015029907227 171.793441772461 171.562301635742 171.302490234375 171.042678833008 170.782867431641 170.523056030273 170.263244628906 170.003448486328 169.743637084961 169.747955322266 169.840316772461 169.932662963867 170.025024414062 170.117385864258 170.209747314453 170.302108764648 170.389556884766 170.462249755859
175.90690612793 175.852783203125 175.798675537109 175.744567871094 175.690444946289 175.636337280273 175.582229614258 175.598663330078 175.638595581055 175.67854309082 175.718490600586 175.758438110352 175.798385620117 175.838333129883 175.80517578125 175.552749633789 175.300323486328 175.047882080078 174.795455932617 174.543029785156 174.290588378906 174.038162231445 173.768020629883 173.491989135742 173.215942382812 172.939895629883 172.663864135742 172.387817382812 172.111770629883 171.833114624023 171.546600341797 171.26008605957 170.973571777344 170.687057495117 170.400543212891 170.114028930664 169.827514648438 169.888549804688 170.065444946289 170.242324829102 170.419219970703 170.596099853516 170.772994995117 170.94987487793 171.095855712891 171.149078369141
176.175811767578 176.200256347656 176.224700927734 176.249130249023 176.273574829102 176.29801940918 176.322448730469 176.354782104492 176.389739990234 176.424697875977 176.459655761719 176.494613647461 176.529571533203 176.564529418945 176.499862670898 176.136291503906 175.772735595703 175.409164428711 175.045608520508 174.682037353516 174.318481445312 173.95491027832 173.661544799805 173.391586303711 173.121612548828 172.851654052734 172.581680297852 172.311721801758 172.041763305664 171.788452148438 171.585144042969 171.3818359375 171.178527832031 170.975219726562 170.771911621094 170.568603515625 170.365295410156 170.459686279297 170.6533203125 170.846954345703 171.040573120117 171.23420715332 171.427841186523 171.621459960938 171.771759033203 171.792098999023
176.211639404297 176.308517456055 176.405395507812 176.50227355957 176.599151611328 176.696029663086 176.792907714844 176.831008911133 176.849502563477 176.86799621582 176.886489868164 176.904983520508 176.923477172852 176.941970825195 176.822525024414 176.289215087891 175.755905151367 175.222595214844 174.689300537109 174.155990600586 173.622680664062 173.089370727539 172.803527832031 172.600173950195 172.396820068359 172.193466186523 171.990112304688 171.786743164062 171.583389282227 171.428329467773 171.41813659668 171.407928466797 171.397735595703 171.387542724609 171.377349853516 171.367156982422 171.356964111328 171.461349487305 171.603942871094 171.746520996094 171.889114379883 172.031692504883 172.174270629883 172.316864013672 172.417297363281 172.391296386719
176.247451782227 176.416778564453 176.586090087891 176.755416870117 176.924728393555 177.094055175781 177.263381958008 177.307235717773 177.309265136719 177.311294555664 177.313323974609 177.315353393555 177.3173828125 177.319412231445 177.145172119141 176.442123413086 175.739074707031 175.036026000977 174.332992553711 173.629943847656 172.926895141602 172.223846435547 171.945510864258 171.80876159668 171.672027587891 171.535278320312 171.398529052734 171.261779785156 171.125030517578 171.06819152832 171.251113891602 171.434036254883 171.616958618164 171.799865722656 171.982788085938 172.165710449219 172.3486328125 172.463012695312 172.554550170898 172.646102905273 172.737640380859 172.829177856445 172.920715332031 173.012268066406 173.062835693359 172.990493774414
176.283264160156 176.525024414062 176.766784667969 177.008560180664 177.25032043457 177.492080688477 177.733840942383 177.783462524414 177.769027709961 177.754592895508 177.740158081055 177.725723266602 177.711288452148 177.696853637695 177.467834472656 176.59504699707 175.722259521484 174.849472045898 173.976669311523 173.103881835938 172.231094360352 171.358306884766 171.087509155273 171.017364501953 170.947219848633 170.877075195312 170.806945800781 170.736801147461 170.666656494141 170.708068847656 171.084091186523 171.46012878418 171.836166381836 172.212188720703 172.588226318359 172.964263916016 173.340286254883 173.46467590332 173.505172729492 173.545669555664 173.586166381836 173.626663208008 173.66716003418 173.707656860352 173.708374023438 173.589691162109
176.319076538086 176.633285522461 176.947494506836 177.261688232422 177.575897216797 177.890106201172 178.204299926758 178.259689331055 178.228790283203 178.197891235352 178.1669921875 178.136093139648 178.105194091797 178.074295043945 177.790496826172 176.747970581055 175.705429077148 174.662902832031 173.620361328125 172.577835083008 171.535308837891 170.492767333984 170.2294921875 170.225952148438 170.222427368164 170.218887329102 170.215362548828 170.211822509766 170.208297729492 170.347930908203 170.917083740234 171.486221313477 172.055374145508 172.624526977539 173.193664550781 173.762817382812 174.331954956055 174.466339111328 174.455795288086 174.445251464844 174.434707641602 174.42414855957 174.413604736328 174.403060913086 174.353897094727 174.188903808594
176.354904174805 176.741546630859 177.128189086914 177.514831542969 177.901473999023 178.288116455078 178.674774169922 178.735916137695 178.688552856445 178.641189575195 178.593826293945 178.546463012695 178.499099731445 178.451736450195 178.113159179688 176.90087890625 175.688598632812 174.476333618164 173.264053344727 172.051788330078 170.839508056641 169.627227783203 169.371475219727 169.434555053711 169.497619628906 169.560699462891 169.623779296875 169.686859130859 169.749923706055 169.987808227539 170.750061035156 171.512329101562 172.27458190918 173.036849975586 173.799102783203 174.561370849609 175.323623657227 175.468002319336 175.40641784668 175.344818115234 175.283233642578 175.221649169922 175.160049438477 175.09846496582 174.999435424805 174.788101196289
176.579132080078 176.966232299805 177.35334777832 177.740463256836 178.127563476562 178.514678955078 178.901779174805 178.943496704102 178.870086669922 178.796661376953 178.723251342773 178.649826049805 178.576416015625 178.503005981445 178.099700927734 176.706726074219 175.313751220703 173.920776367188 172.527801513672 171.134811401367 169.741836547852 168.348861694336 168.116912841797 168.27197265625 168.427032470703 168.582092285156 168.73713684082 168.892196655273 169.047256469727 169.415985107422 170.425765991211 171.435546875 172.4453125 173.455093383789 174.464859008789 175.474639892578 176.484405517578 176.620620727539 176.465637207031 176.310653686523 176.155670166016 176.000701904297 175.845718383789 175.690734863281 175.517807006836 175.291076660156
176.991775512695 177.307373046875 177.622970581055 177.938568115234 178.254150390625 178.569747924805 178.885345458984 178.882446289062 178.773391723633 178.664321899414 178.555267333984 178.446197509766 178.337142944336 178.228073120117 177.750122070312 176.165481567383 174.580856323242 172.996215820312 171.411575317383 169.826950073242 168.242309570312 166.657669067383 166.4658203125 166.738235473633 167.010635375977 167.283050537109 167.555450439453 167.827865600586 168.100280761719 168.632507324219 169.944183349609 171.255874633789 172.567565917969 173.879241943359 175.190933227539 176.50260925293 177.814300537109 177.924179077148 177.63346862793 177.342742919922 177.052032470703 176.761322021484 176.470596313477 176.179885864258 175.909042358398 175.697814941406
177.404434204102 177.648513793945 177.892593383789 178.136672973633 178.380752563477 178.62483215332 178.868911743164 178.821395874023 178.676696777344 178.531982421875 178.387268066406 178.242568969727 178.097854614258 177.953155517578 177.400543212891 175.624252319336 173.847961425781 172.071655273438 170.295364379883 168.519073486328 166.742782592773 164.96647644043 164.814727783203 165.204483032227 165.594253540039 165.984008789062 166.373764038086 166.763534545898 167.153289794922 167.849014282227 169.462615966797 171.076202392578 172.689804077148 174.303405761719 175.917007446289 177.53059387207 179.144195556641 179.227752685547 178.801300048828 178.374847412109 177.948394775391 177.521942138672 177.095474243164 176.669021606445 176.300262451172 176.104553222656
177.817077636719 177.989639282227 178.162216186523 178.334777832031 178.507339477539 178.679901123047 178.852478027344 178.760345458984 178.580001831055 178.399642944336 178.219284057617 178.038925170898 177.858581542969 177.67822265625 177.050964355469 175.0830078125 173.11506652832 171.147109985352 169.179153442383 167.211196899414 165.243240356445 163.275283813477 163.163635253906 163.670745849609 164.177856445312 164.684967041016 165.192077636719 165.699203491211 166.206314086914 167.065521240234 168.981033325195 170.896545410156 172.812057495117 174.727554321289 176.64306640625 178.558578491211 180.474090576172 180.531326293945 179.969131469727 179.406936645508 178.844741821289 178.28254699707 177.720367431641 177.158172607422 176.691482543945 176.511291503906
178.229721069336 178.330780029297 178.431823730469 178.53288269043 178.633941650391 178.734985351562 178.836044311523 178.699295043945 178.483306884766 178.267303466797 178.051300048828 177.835296630859 177.619293212891 177.403289794922 176.701385498047 174.541778564453 172.382171630859 170.222549438477 168.062942504883 165.9033203125 163.743713378906 161.584091186523 161.512542724609 162.137008666992 162.761474609375 163.385940551758 164.010406494141 164.634857177734 165.259323120117 166.282028198242 168.499450683594 170.716873168945 172.934295654297 175.151718139648 177.369140625 179.586563110352 181.803985595703 181.834899902344 181.136962890625 180.439041137695 179.741104125977 179.043167114258 178.345245361328 177.647308349609 177.082702636719 176.918029785156
178.642379760742 178.671920776367 178.701446533203 178.730987548828 178.760528564453 178.790069580078 178.819595336914 178.638244628906 178.386611938477 178.134963989258 177.883316040039 177.63166809082 177.380020141602 177.128372192383 176.351821899414 174.000549316406 171.649276733398 169.297988891602 166.946716308594 164.595443725586 162.244171142578 159.89289855957 159.861450195312 160.603271484375 161.345077514648 162.086898803711 162.828720092773 163.570526123047 164.312347412109 165.49853515625 168.017883300781 170.537216186523 173.056549072266 175.575881958008 178.09521484375 180.614547729492 183.133880615234 183.138458251953 182.304794311523 181.471130371094 180.637466430664 179.803787231445 178.970123291016 178.136459350586 177.473922729492 177.324768066406
178.938995361328 178.929885864258 178.920791625977 178.911682128906 178.902572631836 178.893463134766 178.884368896484 178.653610229492 178.348983764648 178.044357299805 177.739715576172 177.435089111328 177.130462646484 176.825820922852 175.985855102539 173.539825439453 171.093795776367 168.64778137207 166.201751708984 163.755722045898 161.309707641602 158.863677978516 158.858306884766 159.66650390625 160.474685668945 161.28288269043 162.091064453125 162.899261474609 163.707443237305 164.971237182617 167.601867675781 170.232482910156 172.863098144531 175.493713378906 178.124328613281 180.754943847656 183.385559082031 183.439682006836 182.634979248047 181.830276489258 181.02555847168 180.220855712891 179.416137695312 178.611434936523 177.963821411133 177.787506103516
179.119583129883 179.104705810547 179.089828491211 179.074951171875 179.060073852539 179.045196533203 179.030319213867 178.745391845703 178.37043762207 177.995483398438 177.620529174805 177.245574951172 176.870620727539 176.495666503906 175.603485107422 173.159622192383 170.715759277344 168.271881103516 165.828018188477 163.384155273438 160.940277099609 158.49641418457 158.503128051758 159.326721191406 160.150299072266 160.973876953125 161.797470092773 162.621047973633 163.444625854492 164.700134277344 167.251403808594 169.802673339844 172.353958129883 174.905227661133 177.456497192383 180.007766723633 182.559036254883 182.738571166992 182.127517700195 181.516448974609 180.905395507812 180.294342041016 179.683288574219 179.072235107422 178.552398681641 178.306274414062
179.300170898438 179.279525756836 179.258880615234 179.238220214844 179.217575073242 179.196929931641 179.17626953125 178.837158203125 178.391891479492 177.94660949707 177.501342773438 177.056060791016 176.610794067383 176.165512084961 175.221130371094 172.779418945312 170.337707519531 167.89599609375 165.454284667969 163.012573242188 160.570861816406 158.129150390625 158.14794921875 158.986923217773 159.825912475586 160.664886474609 161.503860473633 162.342834472656 163.18180847168 164.42903137207 166.900955200195 169.37287902832 171.844802856445 174.316741943359 176.788665771484 179.260589599609 181.732513427734 182.037445068359 181.620040893555 181.20263671875 180.785232543945 180.367828369141 179.950439453125 179.53303527832 179.140991210938 178.82502746582
179.480758666992 179.454345703125 179.427917480469 179.401504516602 179.375076293945 179.348648071289 179.322235107422 178.928924560547 178.413330078125 177.897735595703 177.382141113281 176.866546630859 176.350952148438 175.835357666016 174.838775634766 172.399215698242 169.959671020508 167.520111083984 165.080551147461 162.640991210938 160.201446533203 157.76188659668 157.792770385742 158.64714050293 159.501510620117 160.355880737305 161.210250854492 162.06462097168 162.918991088867 164.157913208008 166.550506591797 168.943084716797 171.335662841797 173.728256225586 176.120834350586 178.513412475586 180.905990600586 181.336334228516 181.112579345703 180.888824462891 180.665084838867 180.441329956055 180.217575073242 179.99382019043 179.729568481445 179.343795776367
