resources/Exp000_Example-Run/Run01_M2/TimeSeries/1985/model_set/swgnt_avg.asc
NCOLS 265 
NROWS 230 
XLLCORNER -115.5625 
YLLCORNER 24.8333333333333 
CELLSIZE 0.0833333333333333 
NODATA_value -9999 
[rows 0 to 19 of 230, columns 184 to 229 of 265]
156.173309326172 156.073669433594 155.974044799805 155.859970092773 155.741088867188 155.622192382812 155.503311157227 155.384429931641 155.265533447266 155.14665222168 154.963516235352 154.587615966797 154.211730957031 153.835845947266 153.459945678711 153.084060668945 152.70817565918 152.332275390625 152.222473144531 152.201354980469 152.180221557617 152.159103393555 152.137985229492 152.11686706543 152.095748901367 152.054244995117 151.951583862305 151.848922729492 151.74626159668 151.643600463867 151.540954589844 151.438293457031 151.335632324219 151.307556152344 151.304336547852 151.301116943359 151.297912597656 151.294692993164 151.291473388672 151.28825378418 151.244354248047 151.078414916992 150.912475585938 150.746536254883 150.580596923828 150.414657592773
156.332580566406 156.218734741211 156.104873657227 155.998321533203 155.894180297852 155.790054321289 155.685928344727 155.581787109375 155.477661132812 155.37353515625 155.206344604492 154.849990844727 154.493637084961 154.137283325195 153.78092956543 153.424591064453 153.068237304688 152.711883544922 152.586837768555 152.538909912109 152.490966796875 152.44303894043 152.395095825195 152.34716796875 152.299240112305 152.244720458984 152.170455932617 152.09619140625 152.021942138672 151.947677612305 151.873413085938 151.79914855957 151.724899291992 151.689315795898 151.666610717773 151.643920898438 151.621231079102 151.598526000977 151.575836181641 151.553146362305 151.494613647461 151.328582763672 151.162567138672 150.996536254883 150.830505371094 150.664489746094
156.491851806641 156.363784790039 156.235717773438 156.136657714844 156.047286987305 155.957916259766 155.868545532227 155.779159545898 155.689788818359 155.60041809082 155.449172973633 155.112365722656 154.77555847168 154.438735961914 154.101928710938 153.765106201172 153.428298950195 153.09147644043 152.951217651367 152.87646484375 152.801712036133 152.726959228516 152.652221679688 152.57746887207 152.502716064453 152.435195922852 152.38932800293 152.343475341797 152.297607421875 152.251739501953 152.20588684082 152.160018920898 152.114151000977 152.071060180664 152.028884887695 151.986709594727 151.944549560547 151.902374267578 151.860198974609 151.818023681641 151.744857788086 151.578750610352 151.412643432617 151.246536254883 151.080429077148 150.914306640625
156.651123046875 156.508834838867 156.366546630859 156.275009155273 156.200393676758 156.125778198242 156.051147460938 155.976531982422 155.901916503906 155.827301025391 155.692016601562 155.374740600586 155.057464599609 154.740188598633 154.422912597656 154.10563659668 153.788360595703 153.471084594727 153.315582275391 153.214019775391 153.112457275391 153.010894775391 152.909332275391 152.807769775391 152.706207275391 152.625671386719 152.608200073242 152.590744018555 152.573272705078 152.555816650391 152.538345336914 152.520889282227 152.50341796875 152.452819824219 152.391159057617 152.329513549805 152.267868041992 152.206207275391 152.144561767578 152.082901000977 151.9951171875 151.828918457031 151.662719726562 151.496536254883 151.330337524414 151.164138793945
156.810409545898 156.653884887695 156.497375488281 156.413360595703 156.353500366211 156.29362487793 156.233764648438 156.173904418945 156.114044189453 156.054183959961 155.934844970703 155.637115478516 155.339370727539 155.041625976562 154.743896484375 154.446151733398 154.148422241211 153.850677490234 153.679962158203 153.551574707031 153.423202514648 153.294830322266 153.166442871094 153.038070678711 152.909698486328 152.816146850586 152.827072143555 152.838012695312 152.848937988281 152.859878540039 152.870819091797 152.881744384766 152.892684936523 152.834564208984 152.753433227539 152.672302246094 152.591186523438 152.510055541992 152.428924560547 152.347793579102 152.245376586914 152.079086303711 151.912811279297 151.746536254883 151.58024597168 151.413970947266
156.969680786133 156.798950195312 156.628219604492 156.551696777344 156.506591796875 156.461486816406 156.416381835938 156.371276855469 156.326171875 156.281066894531 156.177688598633 155.899490356445 155.621276855469 155.343078613281 155.064880371094 154.786682128906 154.508483886719 154.230270385742 154.044326782227 153.889144897461 153.733947753906 153.578750610352 153.423568725586 153.268371582031 153.113174438477 153.006622314453 153.045944213867 153.08528137207 153.124618530273 153.163940429688 153.203277587891 153.242614746094 153.281951904297 153.216323852539 153.115707397461 153.015106201172 152.914505004883 152.813888549805 152.713287353516 152.612670898438 152.495620727539 152.329254150391 152.162887573242 151.996520996094 151.830154418945 151.663803100586
157.104797363281 156.920852661133 156.736923217773 156.661254882812 156.621688842773 156.582122802734 156.542556762695 156.502990722656 156.463424682617 156.423858642578 156.334930419922 156.097915649414 155.860916137695 155.623901367188 155.38688659668 155.149871826172 154.912857055664 154.675857543945 154.488708496094 154.318176269531 154.147644042969 153.977127075195 153.806594848633 153.636077880859 153.465545654297 153.348510742188 153.391952514648 153.435409545898 153.478851318359 153.522308349609 153.56575012207 153.60920715332 153.652648925781 153.580993652344 153.470993041992 153.360977172852 153.250961303711 153.14094543457 153.03092956543 152.920913696289 152.793151855469 152.612152099609 152.43115234375 152.250152587891 152.06916809082 151.888168334961
157.215759277344 157.019622802734 156.823501586914 156.742034912109 156.698791503906 156.655548095703 156.6123046875 156.569061279297 156.525817871094 156.482574462891 156.406585693359 156.232421875 156.058258056641 155.884078979492 155.709915161133 155.535736083984 155.361572265625 155.187408447266 155.013076782227 154.83869934082 154.664306640625 154.489929199219 154.315551757812 154.141174316406 153.966796875 153.841827392578 153.865112304688 153.888381958008 153.911666870117 153.934951782227 153.958236694336 153.981506347656 154.004791259766 153.928604125977 153.819259643555 153.709899902344 153.600555419922 153.4912109375 153.381866455078 153.272506713867 153.137954711914 152.927780151367 152.71760559082 152.507415771484 152.297241210938 152.087066650391
157.326721191406 157.118392944336 156.910079956055 156.822814941406 156.775894165039 156.728973388672 156.682037353516 156.635116577148 156.588195800781 156.541275024414 156.478256225586 156.366928100586 156.255599975586 156.144271850586 156.032943725586 155.921615600586 155.810287475586 155.698959350586 155.537445068359 155.35920715332 155.18098449707 155.002746582031 154.824508666992 154.646270751953 154.468032836914 154.335144042969 154.338256835938 154.341369628906 154.344482421875 154.347595214844 154.350708007812 154.353820800781 154.35693359375 154.27619934082 154.167526245117 154.058837890625 153.950164794922 153.84147644043 153.732788085938 153.624114990234 153.482757568359 153.243408203125 153.004043579102 152.764694213867 152.525329589844 152.28596496582
157.43766784668 157.217163085938 156.996658325195 156.903594970703 156.852981567383 156.802383422852 156.75178527832 156.701187133789 156.650588989258 156.599975585938 156.549911499023 156.501419067383 156.452941894531 156.404449462891 156.355972290039 156.307479858398 156.258987426758 156.210510253906 156.061813354492 155.879730224609 155.697647094727 155.515548706055 155.333465576172 155.151382446289 154.969284057617 154.828460693359 154.811401367188 154.794342041016 154.777297973633 154.760238647461 154.743194580078 154.726135253906 154.709075927734 154.623809814453 154.51579284668 154.407775878906 154.299758911133 154.191741943359 154.083724975586 153.975708007812 153.827560424805 153.559020996094 153.290496826172 153.021957397461 152.75341796875 152.484878540039
157.548629760742 157.315933227539 157.083251953125 156.984359741211 156.930084228516 156.87580871582 156.821533203125 156.767242431641 156.712966918945 156.65869140625 156.621566772461 156.635925292969 156.650283813477 156.664642333984 156.678985595703 156.693344116211 156.707702636719 156.722061157227 156.586196899414 156.400253295898 156.214309692383 156.028366088867 155.842422485352 155.656478881836 155.47053527832 155.32177734375 155.284545898438 155.247329711914 155.210113525391 155.172882080078 155.135665893555 155.098449707031 155.061218261719 154.971405029297 154.864059448242 154.756713867188 154.649353027344 154.542007446289 154.434661865234 154.32731628418 154.17236328125 153.874649047852 153.576934814453 153.279220581055 152.981506347656 152.683776855469
157.659591674805 157.414703369141 157.169830322266 157.065139770508 157.007186889648 156.94921875 156.891265869141 156.833312988281 156.775360107422 156.717391967773 156.693222045898 156.770431518555 156.847625732422 156.924819946289 157.002014160156 157.079208374023 157.15641784668 157.233612060547 157.110565185547 156.920761108398 156.730972290039 156.541168212891 156.351379394531 156.161575317383 155.971786499023 155.815093994141 155.757705688477 155.700317382812 155.642929077148 155.585525512695 155.528137207031 155.470748901367 155.413360595703 155.319000244141 155.212326049805 155.10563659668 154.998962402344 154.892272949219 154.785598754883 154.678909301758 154.517181396484 154.190277099609 153.863372802734 153.536483764648 153.209579467773 152.882690429688
157.937927246094 157.691986083984 157.446029663086 157.328399658203 157.253540039062 157.178680419922 157.103820800781 157.028961181641 156.9541015625 156.879241943359 156.845123291016 156.933258056641 157.021392822266 157.109512329102 157.197647094727 157.285781860352 157.373901367188 157.462036132812 157.35627746582 157.185882568359 157.015502929688 156.845108032227 156.674713134766 156.504333496094 156.333938598633 156.185089111328 156.100830078125 156.016571044922 155.932312011719 155.848052978516 155.763809204102 155.679550170898 155.595291137695 155.498565673828 155.397705078125 155.296829223633 155.195953369141 155.095077514648 154.994201660156 154.893325805664 154.73551940918 154.406875610352 154.078231811523 153.749603271484 153.420959472656 153.092315673828
158.383636474609 158.147750854492 157.911865234375 157.774139404297 157.669158935547 157.564163208008 157.459182739258 157.354187011719 157.249206542969 157.14421081543 157.077270507812 157.124420166016 157.171569824219 157.218719482422 157.265869140625 157.313034057617 157.36018371582 157.407333374023 157.323333740234 157.195617675781 157.067901611328 156.940170288086 156.812454223633 156.68473815918 156.557006835938 156.431762695312 156.313949584961 156.19612121582 156.07829284668 155.960464477539 155.842636108398 155.724822998047 155.606994628906 155.510101318359 155.420181274414 155.330261230469 155.240341186523 155.150421142578 155.060501098633 154.970581054688 154.827407836914 154.524459838867 154.22151184082 153.918563842773 153.615615844727 153.31266784668
158.829330444336 158.603515625 158.377685546875 158.21989440918 158.084777832031 157.949661254883 157.814544677734 157.679428100586 157.544311523438 157.409194946289 157.30940246582 157.315582275391 157.321746826172 157.327926635742 157.334106445312 157.340286254883 157.346466064453 157.352630615234 157.290390014648 157.205337524414 157.12028503418 157.035232543945 156.9501953125 156.865142822266 156.780090332031 156.678451538086 156.527053833008 156.37565612793 156.224273681641 156.072875976562 155.921478271484 155.770095825195 155.618698120117 155.521621704102 155.442657470703 155.363693237305 155.284729003906 155.205749511719 155.12678527832 155.047821044922 154.919281005859 154.642028808594 154.364776611328 154.087524414062 153.810272216797 153.533020019531
159.275039672852 159.059280395508 158.843505859375 158.665634155273 158.500396728516 158.335144042969 158.169906616211 158.004653930664 157.839416503906 157.674163818359 157.541534423828 157.506744384766 157.471939086914 157.437133789062 157.40234375 157.367538452148 157.332733154297 157.297943115234 157.257446289062 157.215072631836 157.17268371582 157.130310058594 157.087921142578 157.045532226562 157.003158569336 156.92512512207 156.740173339844 156.555206298828 156.370239257812 156.185287475586 156.00032043457 155.815368652344 155.630401611328 155.533142089844 155.465133666992 155.397125244141 155.3291015625 155.261093139648 155.193084716797 155.125061035156 155.011169433594 154.759613037109 154.508056640625 154.256500244141 154.004943847656 153.753387451172
159.720748901367 159.515045166016 159.309341430664 159.111373901367 158.916000366211 158.720642089844 158.525268554688 158.329895019531 158.134521484375 157.939147949219 157.773666381836 157.697891235352 157.622116088867 157.546340942383 157.470565795898 157.394790649414 157.31901550293 157.243240356445 157.224502563477 157.224792480469 157.225082397461 157.225372314453 157.225662231445 157.225936889648 157.226226806641 157.171813964844 156.953277587891 156.734756469727 156.516220092773 156.297698974609 156.079162597656 155.860626220703 155.642105102539 155.544677734375 155.487609863281 155.430557250977 155.373489379883 155.316436767578 155.259368896484 155.20231628418 155.103042602539 154.877182006836 154.651321411133 154.42546081543 154.199600219727 153.973739624023
160.166458129883 159.970809936523 159.775161743164 159.55712890625 159.331619262695 159.10612487793 158.880630493164 158.655120849609 158.429626464844 158.204116821289 158.005813598633 157.889053344727 157.772308349609 157.655548095703 157.538803100586 157.42204284668 157.305297851562 157.188537597656 157.191558837891 157.234527587891 157.277481079102 157.320434570312 157.363388061523 157.406341552734 157.449295043945 157.418487548828 157.166397094727 156.914291381836 156.662200927734 156.410095214844 156.158004760742 155.905899047852 155.65380859375 155.556198120117 155.510101318359 155.463989257812 155.417877197266 155.371765136719 155.325668334961 155.279556274414 155.194931030273 154.994766235352 154.79460144043 154.594421386719 154.394256591797 154.194091796875
160.486068725586 160.296646118164 160.107223510742 159.88362121582 159.648620605469 159.413619995117 159.178619384766 158.943618774414 158.708633422852 158.4736328125 158.261474609375 158.117858886719 157.974243164062 157.830642700195 157.687026977539 157.543411254883 157.399795532227 157.25617980957 157.247497558594 157.283782958984 157.320083618164 157.356369018555 157.392654418945 157.428939819336 157.465240478516 157.430480957031 157.182601928711 156.934722900391 156.68684387207 156.438949584961 156.191070556641 155.94319152832 155.6953125 155.59733581543 155.549346923828 155.501358032227 155.453353881836 155.405364990234 155.357360839844 155.309371948242 155.23274230957 155.070251464844 154.907775878906 154.74528503418 154.582794189453 154.420303344727
160.679595947266 160.492568969727 160.305541992188 160.090881347656 159.86701965332 159.643142700195 159.41926574707 159.195404052734 158.971527099609 158.747650146484 158.540664672852 158.384307861328 158.227951049805 158.071594238281 157.915252685547 157.758895874023 157.6025390625 157.446182250977 157.392318725586 157.372604370117 157.352890014648 157.33317565918 157.313461303711 157.293746948242 157.274032592773 157.207778930664 157.001892089844 156.796020507812 156.590133666992 156.384262084961 156.178375244141 155.97248840332 155.766616821289 155.668106079102 155.605377197266 155.54264831543 155.479919433594 155.417190551758 155.354476928711 155.291748046875 155.216491699219 155.103668212891 154.990844726562 154.878021240234 154.765197753906 154.652374267578
