resources/Exp000_Example-Run/Run01_M2/TimeSeries/1985/model_set/swgnt_avg.asc
NCOLS 265 
NROWS 230 
XLLCORNER -115.5625 
YLLCORNER 24.8333333333333 
CELLSIZE 0.0833333333333333 
NODATA_value -9999 
[rows 0 to 19 of 230, columns 92 to 137 of 265]
165.514556884766 166.476791381836 167.439010620117 168.401229858398 169.363464355469 169.538711547852 169.451644897461 169.364562988281 169.277496337891 169.190414428711 169.10334777832 169.01628112793 168.894180297852 168.667007446289 168.439849853516 168.212677001953 167.98551940918 167.758346557617 167.531173706055 167.304016113281 167.028244018555 166.736251831055 166.444274902344 166.152297973633 165.860321044922 165.568328857422 165.276351928711 165.127807617188 165.409576416016 165.691345214844 165.973129272461 166.254898071289 166.536666870117 166.818435668945 167.100204467773 167.424072265625 167.761947631836 168.099838256836 168.437728881836 168.775619506836 169.113510131836 169.451400756836 169.842666625977 170.39404296875 170.945404052734 171.496780395508
165.926498413086 166.743362426758 167.560241699219 168.377105712891 169.193969726562 169.36149597168 169.312591552734 169.263656616211 169.214752197266 169.165832519531 169.116912841797 169.067993164062 168.975204467773 168.750869750977 168.52653503418 168.302200317383 168.077865600586 167.853530883789 167.629196166992 167.404861450195 167.138381958008 166.857849121094 166.57731628418 166.296798706055 166.016265869141 165.735733032227 165.455200195312 165.306365966797 165.552612304688 165.798858642578 166.045104980469 166.291351318359 166.53759765625 166.783843994141 167.030090332031 167.317520141602 167.618682861328 167.919845581055 168.221008300781 168.522171020508 168.823333740234 169.124496459961 169.486145019531 170.029235839844 170.572326660156 171.115417480469
166.338424682617 167.009948730469 167.681457519531 168.352981567383 169.024490356445 169.184295654297 169.173522949219 169.16276550293 169.151992797852 169.141235351562 169.130462646484 169.119689941406 169.056243896484 168.834732055664 168.613235473633 168.391738891602 168.170227050781 167.94873046875 167.72721862793 167.505722045898 167.24853515625 166.979446411133 166.710372924805 166.441284179688 166.172210693359 165.903121948242 165.634048461914 165.484909057617 165.69563293457 165.906356811523 166.117080688477 166.32780456543 166.538528442383 166.749252319336 166.959976196289 167.210983276367 167.47541809082 167.739852905273 168.004287719727 168.26872253418 168.533157348633 168.797576904297 169.129608154297 169.664428710938 170.199249267578 170.734069824219
166.750366210938 167.27653503418 167.802688598633 168.328857421875 168.855010986328 169.007095336914 169.034469604492 169.061859130859 169.089248657227 169.116638183594 169.144012451172 169.171401977539 169.137268066406 168.918594360352 168.699935913086 168.481262207031 168.262588500977 168.043914794922 167.825241088867 167.606567382812 167.358673095703 167.101043701172 166.843414306641 166.585784912109 166.328155517578 166.070526123047 165.812881469727 165.663467407227 165.838668823242 166.013870239258 166.189071655273 166.364273071289 166.539474487305 166.71467590332 166.889877319336 167.104446411133 167.332153320312 167.559860229492 167.787567138672 168.015258789062 168.242965698242 168.470672607422 168.773086547852 169.29963684082 169.826171875 170.352722167969
167.162307739258 167.543106079102 167.923919677734 168.304718017578 168.685531616211 168.829879760742 168.895416259766 168.960952758789 169.026489257812 169.092041015625 169.157577514648 169.223114013672 169.218307495117 169.002456665039 168.78662109375 168.570785522461 168.354934692383 168.139099121094 167.923263549805 167.707427978516 167.468826293945 167.222640991211 166.976455688477 166.730285644531 166.484100341797 166.237915039062 165.991729736328 165.842010498047 165.981689453125 166.121368408203 166.261047363281 166.400726318359 166.540405273438 166.680084228516 166.819763183594 166.997909545898 167.188888549805 167.379867553711 167.570831298828 167.761810302734 167.952789306641 168.143768310547 168.416564941406 168.934829711914 169.453094482422 169.97135925293
167.574234008789 167.809692382812 168.045150756836 168.28059387207 168.516052246094 168.652679443359 168.756362915039 168.860061645508 168.963745117188 169.067443847656 169.171127319336 169.274810791016 169.299331665039 169.086318969727 168.873321533203 168.660308837891 168.447296142578 168.234283447266 168.021286010742 167.80827331543 167.578979492188 167.34423828125 167.109512329102 166.874771118164 166.640045166016 166.405303955078 166.17057800293 166.020568847656 166.124725341797 166.228866577148 166.333023071289 166.43717956543 166.54133605957 166.645492553711 166.749649047852 166.891372680664 167.045623779297 167.199859619141 167.354110717773 167.508361816406 167.662612915039 167.816848754883 168.060043334961 168.570022583008 169.080017089844 169.59001159668
167.793960571289 167.95768737793 168.12141418457 168.28515625 168.448883056641 168.577697753906 168.694885253906 168.812057495117 168.929244995117 169.046432495117 169.163604736328 169.280792236328 169.32048034668 169.127700805664 168.934921264648 168.742126464844 168.549346923828 168.356567382812 168.163787841797 167.971008300781 167.753265380859 167.527221679688 167.301162719727 167.075119018555 166.849060058594 166.623016357422 166.396957397461 166.245529174805 166.317962646484 166.390411376953 166.462844848633 166.535278320312 166.607711791992 166.680145263672 166.752578735352 166.869415283203 167.001052856445 167.132690429688 167.26432800293 167.395965576172 167.527603149414 167.659225463867 167.873291015625 168.334625244141 168.795959472656 169.257293701172
167.82145690918 167.987106323242 168.152740478516 168.318389892578 168.484024047852 168.604949951172 168.710968017578 168.816970825195 168.922988891602 169.029006958008 169.135009765625 169.241027832031 169.281753540039 169.126586914062 168.971420288086 168.816253662109 168.661102294922 168.505935668945 168.350769042969 168.195617675781 167.991714477539 167.771575927734 167.55143737793 167.331314086914 167.111175537109 166.891036987305 166.6708984375 166.51692199707 166.561447143555 166.60595703125 166.650482177734 166.695007324219 166.739517211914 166.784042358398 166.828567504883 166.932052612305 167.055191040039 167.178329467773 167.301467895508 167.424621582031 167.547760009766 167.6708984375 167.856323242188 168.228622436523 168.60090637207 168.973205566406
167.84895324707 168.016510009766 168.184066772461 168.351623535156 168.519180297852 168.632202148438 168.72705078125 168.821884155273 168.916732788086 169.011581420898 169.106414794922 169.201263427734 169.243011474609 169.125473022461 169.007934570312 168.890380859375 168.772842407227 168.655303955078 168.53776550293 168.420227050781 168.230163574219 168.01594543457 167.801727294922 167.587493896484 167.373275756836 167.159042358398 166.94482421875 166.788314819336 166.804916381836 166.821517944336 166.838119506836 166.854736328125 166.871337890625 166.887939453125 166.904541015625 166.994689941406 167.109329223633 167.223983764648 167.338623046875 167.453277587891 167.567916870117 167.682571411133 167.839370727539 168.122619628906 168.405868530273 168.689117431641
167.87646484375 168.045928955078 168.215393066406 168.384857177734 168.554321289062 168.659454345703 168.743118286133 168.826797485352 168.91047668457 168.994155883789 169.077835083008 169.161499023438 169.204284667969 169.124359130859 169.04443359375 168.964508056641 168.88459777832 168.804672241211 168.724746704102 168.644836425781 168.468612670898 168.260299682617 168.052001953125 167.843688964844 167.635375976562 167.427062988281 167.21875 167.059692382812 167.048385620117 167.037078857422 167.025772094727 167.014450073242 167.003143310547 166.991836547852 166.980529785156 167.057312011719 167.163467407227 167.269622802734 167.375778198242 167.48193359375 167.588088989258 167.694229125977 167.822402954102 168.016616821289 168.210815429688 168.405029296875
167.903961181641 168.075332641602 168.246719360352 168.418090820312 168.589477539062 168.686706542969 168.759201049805 168.83171081543 168.904220581055 168.97673034668 169.049240112305 169.121734619141 169.165542602539 169.123245239258 169.080947875977 169.038635253906 168.996337890625 168.954040527344 168.911743164062 168.869445800781 168.707061767578 168.504669189453 168.302276611328 168.099884033203 167.897476196289 167.695083618164 167.492691040039 167.331085205078 167.291854858398 167.252639770508 167.213409423828 167.174179077148 167.134963989258 167.095733642578 167.056503295898 167.11994934082 167.21760559082 167.31526184082 167.412933349609 167.510589599609 167.608245849609 167.705902099609 167.805435180664 167.910598754883 168.015777587891 168.120941162109
167.931457519531 168.104751586914 168.278045654297 168.45133972168 168.624618530273 168.713943481445 168.775283813477 168.836624145508 168.897964477539 168.95930480957 169.020645141602 169.081985473633 169.126815795898 169.122131347656 169.117446899414 169.112762451172 169.108093261719 169.103408813477 169.098724365234 169.094055175781 168.945510864258 168.749038696289 168.552551269531 168.356063842773 168.159576416016 167.963104248047 167.766616821289 167.602462768555 167.53532409668 167.468185424805 167.40104675293 167.333908081055 167.26676940918 167.199630737305 167.13249206543 167.182586669922 167.271743774414 167.360916137695 167.450073242188 167.539245605469 167.628402709961 167.717575073242 167.788482666016 167.804595947266 167.820724487305 167.836853027344
167.890029907227 168.073089599609 168.256149291992 168.439208984375 168.622268676758 168.714385986328 168.776168823242 168.837966918945 168.899765014648 168.961547851562 169.023345947266 169.085144042969 169.136199951172 169.15510559082 169.17399597168 169.192886352539 169.211776733398 169.230667114258 169.249557495117 169.268447875977 169.169738769531 169.031829833984 168.893920898438 168.756011962891 168.618103027344 168.480194091797 168.34228515625 168.213439941406 168.111801147461 168.010147094727 167.908493041992 167.806854248047 167.705200195312 167.603561401367 167.501907348633 167.513854980469 167.563659667969 167.613464355469 167.663269042969 167.713073730469 167.762893676758 167.812698364258 167.844604492188 167.822845458984 167.801071166992 167.779296875
167.779663085938 167.980346679688 168.181030273438 168.381729125977 168.582412719727 168.68798828125 168.761856079102 168.835739135742 168.909606933594 168.983474731445 169.057342529297 169.131225585938 169.193725585938 169.222152709961 169.250564575195 169.27897644043 169.307403564453 169.335815429688 169.364242553711 169.392654418945 169.379745483398 169.353073120117 169.326400756836 169.299728393555 169.273040771484 169.246368408203 169.219696044922 169.164001464844 169.021255493164 168.878509521484 168.735748291016 168.593002319336 168.450256347656 168.307510375977 168.164764404297 168.113754272461 168.093338012695 168.072937011719 168.052520751953 168.032104492188 168.011688232422 167.991271972656 167.973831176758 167.965316772461 167.956802368164 167.948287963867
167.669296264648 167.887603759766 168.105926513672 168.324234008789 168.542556762695 168.661590576172 168.747543334961 168.83349609375 168.919448852539 169.005401611328 169.091354370117 169.177307128906 169.251251220703 169.289199829102 169.327133178711 169.365081787109 169.403030395508 169.440963745117 169.478912353516 169.516860961914 169.589752197266 169.67431640625 169.758865356445 169.84342956543 169.927993774414 170.012542724609 170.097106933594 170.114562988281 169.930709838867 169.746856689453 169.563003540039 169.379165649414 169.1953125 169.011459350586 168.827606201172 168.713668823242 168.623031616211 168.53239440918 168.441757202148 168.351119995117 168.260482788086 168.169845581055 168.103057861328 168.107788085938 168.112533569336 168.117263793945
167.558929443359 167.794876098633 168.030807495117 168.266754150391 168.502700805664 168.635208129883 168.73323059082 168.831268310547 168.929290771484 169.027328491211 169.125350952148 169.223388671875 169.308776855469 169.356246948242 169.403717041016 169.451187133789 169.498657226562 169.546112060547 169.59358215332 169.641052246094 169.799758911133 169.995559692383 170.191345214844 170.387130737305 170.582931518555 170.778717041016 170.974517822266 171.06510925293 170.84016418457 170.615219116211 170.390258789062 170.165313720703 169.940353393555 169.715408325195 169.490463256836 169.313583374023 169.152725219727 168.991851806641 168.830993652344 168.670135498047 168.50927734375 168.348419189453 168.232284545898 168.250274658203 168.268249511719 168.286239624023
167.44856262207 167.702133178711 167.955703735352 168.209274291992 168.462844848633 168.608810424805 168.71891784668 168.829025268555 168.939147949219 169.049255371094 169.159362792969 169.269470214844 169.366302490234 169.423294067383 169.480285644531 169.53727722168 169.594268798828 169.651275634766 169.708267211914 169.765258789062 170.009765625 170.316802978516 170.623825073242 170.930847167969 171.237869262695 171.544891357422 171.851913452148 172.015670776367 171.749618530273 171.48356628418 171.217514038086 170.951461791992 170.685409545898 170.419357299805 170.153305053711 169.913482666016 169.682403564453 169.451324462891 169.220245361328 168.989166259766 168.758087158203 168.527008056641 168.36149597168 168.39274597168 168.423980712891 168.455230712891
167.338195800781 167.609390258789 167.880584716797 168.151779174805 168.422973632812 168.582427978516 168.704605102539 168.826797485352 168.948989868164 169.071182250977 169.193359375 169.315551757812 169.423828125 169.490341186523 169.556869506836 169.623382568359 169.689895629883 169.756423950195 169.822937011719 169.889450073242 170.219772338867 170.638031005859 171.056289672852 171.474548339844 171.892807006836 172.311065673828 172.72932434082 172.966232299805 172.659072875977 172.351928710938 172.044769287109 171.73762512207 171.430465698242 171.123306274414 170.816162109375 170.513397216797 170.212097167969 169.910781860352 169.609481811523 169.308181762695 169.006881713867 168.705581665039 168.49072265625 168.535217285156 168.579711914062 168.624206542969
167.124298095703 167.376052856445 167.627807617188 167.87956237793 168.131301879883 168.327651977539 168.50553894043 168.683410644531 168.861297607422 169.039169311523 169.217041015625 169.394927978516 169.543197631836 169.602630615234 169.662063598633 169.72151184082 169.780944824219 169.840377807617 169.899810791016 169.959259033203 170.315490722656 170.770645141602 171.225814819336 171.680969238281 172.136138916016 172.59130859375 173.046463012695 173.311904907227 173.008193969727 172.704498291016 172.400787353516 172.097076416016 171.793365478516 171.489654541016 171.185943603516 170.853866577148 170.512329101562 170.170791625977 169.829254150391 169.487716674805 169.146179199219 168.804641723633 168.559951782227 168.605758666992 168.651580810547 168.697402954102
166.806869506836 167.00212097168 167.197357177734 167.392593383789 167.587829589844 167.844512939453 168.121688842773 168.398880004883 168.676055908203 168.953231811523 169.230407714844 169.507583618164 169.724411010742 169.760162353516 169.7958984375 169.831649780273 169.867401123047 169.90315246582 169.938903808594 169.974655151367 170.296890258789 170.714630126953 171.132369995117 171.550109863281 171.967849731445 172.385589599609 172.803329467773 173.052703857422 172.796981811523 172.541259765625 172.285552978516 172.029830932617 171.774108886719 171.51838684082 171.262664794922 170.934906005859 170.583114624023 170.231338500977 169.87956237793 169.527770996094 169.175994873047 168.824203491211 168.56916809082 168.604385375977 168.639587402344 168.674789428711
