resources/Exp000_Example-Run/Run01_M2/TimeSeries/1985/model_set/swgnt_avg.asc
NCOLS 265 
NROWS 230 
XLLCORNER -115.5625 
YLLCORNER 24.8333333333333 
CELLSIZE 0.0833333333333333 
NODATA_value -9999 
[rows 200 to 219 of 230, columns 46 to 91 of 265]
-9999 -9999 -9999 -9999 -9999 -9999 -9999 -9999 -9999 -9999 -9999 -9999 -9999 -9999 -9999 -9999 218.842269897461 217.062255859375 215.282241821289 213.502227783203 211.722213745117 211.059387207031 210.768951416016 210.478500366211 210.188064575195 209.89762878418 209.607192993164 209.316741943359 209.164199829102 209.425308227539 209.686416625977 209.947525024414 210.208633422852 210.469741821289 210.730850219727 210.991958618164 211.10026550293 211.157638549805 211.214996337891 211.272369384766 211.329742431641 211.387115478516 211.444473266602 211.610107421875 212.100540161133 212.590972900391
-9999 -9999 -9999 -9999 -9999 -9999 -9999 -9999 -9999 -9999 -9999 -9999 -9999 -9999 -9999 -9999 -9999 218.393188476562 216.632583618164 214.871963500977 213.111358642578 212.290161132812 211.782089233398 211.274017333984 210.76594543457 210.257888793945 209.749816894531 209.241744995117 208.922317504883 209.168807983398 209.415298461914 209.66178894043 209.908279418945 210.154769897461 210.401260375977 210.647750854492 210.751281738281 210.807174682617 210.863067626953 210.918960571289 210.974853515625 211.030746459961 211.086624145508 211.247695922852 211.724273681641 212.200836181641
-9999 -9999 -9999 -9999 -9999 -9999 -9999 -9999 -9999 -9999 -9999 -9999 -9999 -9999 -9999 -9999 -9999 -9999 -9999 216.241714477539 214.500503540039 213.520935058594 212.795227050781 212.069534301758 211.343841552734 210.618133544922 209.892440795898 209.166748046875 208.680435180664 208.912307739258 209.144180297852 209.376052856445 209.607925415039 209.839782714844 210.071655273438 210.303527832031 210.402297973633 210.45671081543 210.511123657227 210.565536499023 210.61994934082 210.674362182617 210.728775024414 210.885269165039 211.347991943359 211.81071472168
-9999 -9999 -9999 -9999 -9999 -9999 -9999 -9999 -9999 -9999 -9999 -9999 -9999 -9999 -9999 -9999 -9999 -9999 -9999 -9999 215.8896484375 214.751693725586 213.808364868164 212.865051269531 211.921722412109 210.978393554688 210.035064697266 209.091735839844 208.438568115234 208.655807495117 208.873062133789 209.090316772461 209.307556152344 209.524810791016 209.742065429688 209.959320068359 210.053329467773 210.106262207031 210.159194946289 210.212127685547 210.265060424805 210.317993164062 210.37092590332 210.522857666016 210.971725463867 211.420593261719
-9999 -9999 -9999 -9999 -9999 -9999 -9999 -9999 -9999 -9999 -9999 -9999 -9999 -9999 -9999 -9999 -9999 -9999 -9999 -9999 -9999 216.227996826172 215.121017456055 214.014038085938 212.90705871582 211.800079345703 210.693099975586 209.586120605469 208.783935546875 208.896087646484 209.008239746094 209.120391845703 209.232543945312 209.344696044922 209.45686340332 209.56901550293 209.6416015625 209.70100402832 209.760406494141 209.819808959961 209.879211425781 209.938613891602 209.998016357422 210.149108886719 210.575256347656 211.001403808594
233.046768188477 -9999 -9999 -9999 -9999 -9999 -9999 -9999 -9999 -9999 -9999 -9999 -9999 -9999 -9999 -9999 -9999 -9999 -9999 -9999 -9999 -9999 216.733154296875 215.516510009766 214.299850463867 213.083206176758 211.866546630859 210.64990234375 209.716552734375 209.63313293457 209.549713134766 209.466293334961 209.382873535156 209.299453735352 209.216033935547 209.132614135742 209.167129516602 209.240951538086 209.314758300781 209.388580322266 209.46240234375 209.536224365234 209.61003112793 209.764038085938 210.158584594727 210.553146362305
232.252319335938 232.67008972168 -9999 -9999 -9999 -9999 -9999 -9999 -9999 -9999 -9999 -9999 -9999 -9999 -9999 -9999 -9999 -9999 -9999 -9999 -9999 -9999 -9999 217.018966674805 215.692642211914 214.366317749023 213.039993286133 211.713668823242 210.649185180664 210.370193481445 210.091201782227 209.812194824219 209.533203125 209.254211425781 208.975219726562 208.696228027344 208.692657470703 208.780883789062 208.869125366211 208.95735168457 209.045593261719 209.133819580078 209.222045898438 209.378967285156 209.741928100586 210.104888916016
231.457855224609 232.078689575195 -9999 -9999 -9999 -9999 -9999 -9999 -9999 -9999 -9999 -9999 -9999 -9999 -9999 -9999 -9999 -9999 -9999 -9999 -9999 -9999 -9999 -9999 217.085433959961 215.649444580078 214.213439941406 212.777450561523 211.581802368164 211.107238769531 210.632675170898 210.158111572266 209.683532714844 209.208969116211 208.734405517578 208.259841918945 208.218185424805 208.320831298828 208.423477172852 208.526123046875 208.628768920898 208.731414794922 208.834075927734 208.993896484375 209.325271606445 209.656631469727
230.663391113281 231.487289428711 -9999 -9999 -9999 -9999 -9999 -9999 -9999 -9999 -9999 -9999 -9999 -9999 -9999 -9999 -9999 -9999 -9999 -9999 -9999 -9999 -9999 -9999 -9999 -9999 -9999 -9999 212.514419555664 211.844284057617 211.17414855957 210.504013061523 209.833877563477 209.163726806641 208.493591308594 207.823455810547 207.743713378906 207.860778808594 207.977844238281 208.09489440918 208.211959838867 208.329025268555 208.446090698242 208.608825683594 208.908599853516 209.208374023438
229.868942260742 230.895889282227 231.922836303711 -9999 -9999 -9999 -9999 -9999 -9999 -9999 -9999 -9999 -9999 -9999 -9999 -9999 -9999 -9999 -9999 -9999 -9999 -9999 -9999 -9999 -9999 -9999 -9999 -9999 213.447052001953 212.581344604492 211.715621948242 210.849914550781 209.98420715332 209.11848449707 208.252777099609 207.387069702148 207.269241333008 207.400726318359 207.532196044922 207.663665771484 207.795150756836 207.926620483398 208.05810546875 208.223754882812 208.491943359375 208.760131835938
229.378311157227 230.510452270508 231.642608642578 232.774765014648 -9999 -9999 -9999 -9999 -9999 -9999 -9999 -9999 -9999 -9999 -9999 -9999 -9999 -9999 -9999 -9999 -9999 -9999 -9999 -9999 -9999 -9999 -9999 -9999 214.205749511719 213.178573608398 212.151382446289 211.124206542969 210.097015380859 209.06982421875 208.04264831543 207.01545715332 206.850387573242 206.972671508789 207.094970703125 207.217254638672 207.339553833008 207.461853027344 207.584136962891 207.740493774414 207.9990234375 208.257553100586
229.191497802734 230.330993652344 231.470489501953 232.609985351562 233.749481201172 -9999 -9999 -9999 -9999 -9999 -9999 -9999 -9999 -9999 -9999 -9999 -9999 -9999 -9999 -9999 -9999 -9999 -9999 -9999 -9999 -9999 -9999 -9999 214.790542602539 213.635986328125 212.481430053711 211.326873779297 210.172317504883 209.01774597168 207.863189697266 206.708633422852 206.487121582031 206.576644897461 206.666152954102 206.755661010742 206.845184326172 206.934692382812 207.024200439453 207.159042358398 207.42985534668 207.700653076172
229.004699707031 230.15153503418 231.298370361328 232.445205688477 233.592041015625 -9999 -9999 -9999 -9999 -9999 -9999 -9999 -9999 -9999 -9999 -9999 -9999 -9999 -9999 -9999 -9999 -9999 -9999 -9999 -9999 -9999 -9999 -9999 215.375335693359 214.093399047852 212.811477661133 211.529541015625 210.247604370117 208.965667724609 207.683746337891 206.401809692383 206.123870849609 206.180603027344 206.237335205078 206.294067382812 206.350814819336 206.40754699707 206.464279174805 206.577590942383 206.86067199707 207.143753051758
228.817901611328 229.972076416016 231.126251220703 232.280426025391 233.434600830078 -9999 -9999 -9999 -9999 -9999 -9999 -9999 -9999 -9999 -9999 -9999 -9999 -9999 -9999 -9999 -9999 -9999 -9999 -9999 -9999 -9999 -9999 -9999 215.96012878418 214.550827026367 213.141510009766 211.732208251953 210.322906494141 208.913604736328 207.504287719727 206.094985961914 205.760620117188 205.784576416016 205.808532714844 205.832473754883 205.856430053711 205.880386352539 205.904342651367 205.996139526367 206.29150390625 206.586868286133
228.631088256836 229.792617797852 230.954132080078 232.115646362305 233.27717590332 -9999 -9999 -9999 -9999 -9999 -9999 -9999 -9999 -9999 -9999 -9999 -9999 -9999 -9999 -9999 -9999 -9999 -9999 -9999 -9999 -9999 -9999 218.191818237305 216.544921875 215.008239746094 213.471557617188 211.934875488281 210.398193359375 208.861526489258 207.324844360352 205.788162231445 205.397369384766 205.388549804688 205.37971496582 205.370880126953 205.362060546875 205.353225708008 205.34440612793 205.414688110352 205.722320556641 206.029968261719
228.444290161133 229.613159179688 230.782012939453 231.950881958008 233.119735717773 -9999 -9999 234.572738647461 -9999 -9999 -9999 -9999 -9999 -9999 -9999 -9999 -9999 -9999 -9999 -9999 -9999 -9999 -9999 -9999 -9999 -9999 220.481781005859 218.80403137207 217.129699707031 215.46565246582 213.801605224609 212.137542724609 210.473495483398 208.809448242188 207.145401000977 205.481338500977 205.034118652344 204.99250793457 204.950897216797 204.909286499023 204.867691040039 204.826080322266 204.784469604492 204.833236694336 205.15315246582 205.473068237305
227.824600219727 229.008636474609 230.192687988281 231.376739501953 232.560791015625 -9999 -9999 -9999 -9999 -9999 -9999 -9999 -9999 -9999 -9999 -9999 -9999 -9999 -9999 -9999 -9999 -9999 -9999 -9999 -9999 -9999 221.107452392578 219.470840454102 217.814331054688 216.098098754883 214.381866455078 212.665634155273 210.949401855469 209.233169555664 207.516937255859 205.800704956055 205.273574829102 205.142822265625 205.012069702148 204.881317138672 204.750564575195 204.619812011719 204.489059448242 204.466674804688 204.769424438477 205.072158813477
226.772003173828 227.979080200195 229.186157226562 230.39323425293 231.600326538086 -9999 233.302764892578 -9999 -9999 -9999 -9999 -9999 -9999 -9999 -9999 -9999 -9999 -9999 -9999 -9999 -9999 -9999 -9999 -9999 -9999 -9999 -9999 220.192260742188 218.598785400391 216.905563354492 215.212341308594 213.519134521484 211.825912475586 210.132690429688 208.439468383789 206.746246337891 206.115737915039 205.839477539062 205.563217163086 205.286956787109 205.010696411133 204.734436035156 204.45817565918 204.315017700195 204.571136474609 204.827255249023
225.71940612793 226.949523925781 228.179626464844 229.409744262695 230.639862060547 -9999 -9999 -9999 -9999 -9999 -9999 -9999 -9999 -9999 -9999 -9999 -9999 -9999 -9999 -9999 -9999 -9999 -9999 -9999 -9999 -9999 -9999 -9999 219.383255004883 217.713043212891 216.042831420898 214.372619628906 212.702407836914 211.032211303711 209.361999511719 207.691787719727 206.957916259766 206.536148071289 206.114379882812 205.692611694336 205.270843505859 204.849075317383 204.427307128906 204.163345336914 204.372848510742 204.582336425781
224.666809082031 225.919952392578 227.173110961914 228.426254272461 229.679397583008 230.932540893555 231.667404174805 -9999 -9999 -9999 -9999 -9999 -9999 -9999 -9999 -9999 -9999 -9999 -9999 -9999 -9999 -9999 -9999 -9999 -9999 -9999 -9999 -9999 -9999 218.5205078125 216.873321533203 215.226119995117 213.578918457031 211.931732177734 210.284530639648 208.637329101562 207.800079345703 207.232803344727 206.66552734375 206.098251342773 205.530975341797 204.96369934082 204.396423339844 204.011688232422 204.174560546875 204.337432861328
