resources/Exp000_Example-Run/Run01_M2/TimeSeries/1985/model_set/tsurf_avg.asc
NCOLS 265 
NROWS 230 
XLLCORNER -115.5625 
YLLCORNER 24.8333333333333 
CELLSIZE 0.0833333333333333 
NODATA_value -9999 
[rows 140 to 159 of 230, columns 138 to 183 of 265]
290.866516113281 290.932891845703 290.999267578125 291.065612792969 291.062164306641 291.035430908203 291.008728027344 290.981994628906 290.955261230469 290.928558349609 290.901824951172 290.876281738281 290.854309082031 290.832336425781 290.810333251953 290.788360595703 290.766387939453 290.744415283203 290.722442626953 290.726409912109 290.739074707031 290.751708984375 290.764373779297 290.777008056641 290.789642333984 290.802307128906 290.825805664062 290.881896972656 290.93798828125 290.994079589844 291.050170898438 291.106262207031 291.162353515625 291.218444824219 291.235809326172 291.240264892578 291.244720458984 291.249176025391 291.253631591797 291.258087158203 291.262542724609 291.265960693359 291.266235351562 291.266479492188 291.266754150391 291.266998291016
290.992126464844 291.078918457031 291.165710449219 291.252502441406 291.254211425781 291.2275390625 291.200897216797 291.174255371094 291.147583007812 291.120941162109 291.094268798828 291.065307617188 291.029479980469 290.993621826172 290.957794189453 290.921936035156 290.886108398438 290.850250244141 290.814422607422 290.814056396484 290.825561523438 290.837036132812 290.848510742188 290.859985351562 290.871459960938 290.882934570312 290.903991699219 290.953765869141 291.003540039062 291.053314208984 291.103088378906 291.152862548828 291.20263671875 291.252410888672 291.269226074219 291.275085449219 291.280944824219 291.286804199219 291.292663574219 291.298492431641 291.304351806641 291.308990478516 291.309997558594 291.311004638672 291.311981201172 291.31298828125
291.117736816406 291.224945068359 291.332183837891 291.439392089844 291.446258544922 291.419677734375 291.39306640625 291.366485595703 291.339904785156 291.313323974609 291.286712646484 291.254364013672 291.204650878906 291.154937744141 291.105224609375 291.055541992188 291.005828857422 290.956115722656 290.906402587891 290.901702880859 290.912017822266 290.922332763672 290.932647705078 290.942962646484 290.953277587891 290.963592529297 290.982177734375 291.025634765625 291.069091796875 291.112548828125 291.156005859375 291.199462890625 291.242919921875 291.286376953125 291.302673339844 291.309906005859 291.317169189453 291.324401855469 291.331665039062 291.338897705078 291.346160888672 291.352020263672 291.353759765625 291.355499267578 291.357238769531 291.358978271484
291.243347167969 291.370971679688 291.498626708984 291.626281738281 291.638305664062 291.611785888672 291.585266113281 291.558746337891 291.5322265625 291.505706787109 291.479187011719 291.443389892578 291.379821777344 291.316253662109 291.252685546875 291.189117431641 291.125549316406 291.061981201172 290.998382568359 290.989349365234 290.998504638672 291.007659912109 291.016784667969 291.025939941406 291.035095214844 291.044219970703 291.060363769531 291.097503662109 291.134643554688 291.171783447266 291.208923339844 291.246063232422 291.283172607422 291.3203125 291.336090087891 291.3447265625 291.353363037109 291.362030029297 291.370666503906 291.379302978516 291.387969970703 291.395050048828 291.397521972656 291.399993896484 291.402496337891 291.404968261719
291.369903564453 291.513336181641 291.65673828125 291.800170898438 291.818420410156 291.794952392578 291.771484375 291.748016357422 291.724578857422 291.701110839844 291.677642822266 291.642181396484 291.57080078125 291.499389648438 291.428009033203 291.356597900391 291.285217285156 291.213806152344 291.142425537109 291.1240234375 291.123291015625 291.12255859375 291.121826171875 291.12109375 291.120361328125 291.11962890625 291.127410888672 291.160736083984 291.194061279297 291.227386474609 291.2607421875 291.294067382812 291.327392578125 291.360717773438 291.376861572266 291.387268066406 291.397644042969 291.408050537109 291.41845703125 291.428863525391 291.439239501953 291.448211669922 291.452911376953 291.457580566406 291.462249755859 291.466949462891
291.497406005859 291.651977539062 291.806518554688 291.961059570312 291.986633300781 291.969207763672 291.951782226562 291.934356689453 291.916931152344 291.899505615234 291.882080078125 291.850738525391 291.777557373047 291.704376220703 291.631195068359 291.558013916016 291.484832763672 291.411651611328 291.338470458984 291.3056640625 291.286346435547 291.267028808594 291.247711181641 291.228393554688 291.209075927734 291.189758300781 291.183288574219 291.21533203125 291.247375488281 291.279418945312 291.311462402344 291.343505859375 291.375549316406 291.407592773438 291.424987792969 291.4375 291.450012207031 291.462524414062 291.475036621094 291.487518310547 291.500030517578 291.511505126953 291.519866943359 291.528198242188 291.536560058594 291.544891357422
291.624938964844 291.790618896484 291.956298828125 292.121978759766 292.154846191406 292.143463134766 292.132080078125 292.120697021484 292.109313964844 292.097930908203 292.086547851562 292.059265136719 291.984283447266 291.909332275391 291.834381103516 291.759399414062 291.684448242188 291.609466552734 291.534515380859 291.487335205078 291.449432373047 291.411529541016 291.373626708984 291.335693359375 291.297790527344 291.259887695312 291.239135742188 291.269897460938 291.300659179688 291.331420898438 291.362182617188 291.392944335938 291.423706054688 291.454467773438 291.473114013672 291.487731933594 291.502349853516 291.516967773438 291.531585693359 291.546203613281 291.560821533203 291.574798583984 291.586822509766 291.598846435547 291.61083984375 291.622863769531
291.75244140625 291.929260253906 292.106079101562 292.282867431641 292.323059082031 292.317718505859 292.312377929688 292.307037353516 292.301696777344 292.296356201172 292.290985107422 292.267791748047 292.191040039062 292.114288330078 292.037567138672 291.960815429688 291.884063720703 291.807312011719 291.730560302734 291.669006347656 291.612518310547 291.555999755859 291.49951171875 291.443023681641 291.386505126953 291.330017089844 291.295013427734 291.324493408203 291.353973388672 291.383422851562 291.412902832031 291.4423828125 291.471832275391 291.501312255859 291.521240234375 291.537963867188 291.5546875 291.571411132812 291.588165283203 291.604888916016 291.621612548828 291.638092041016 291.653778076172 291.669464111328 291.685150146484 291.700836181641
291.879943847656 292.067901611328 292.255828857422 292.443786621094 292.491302490234 292.491973876953 292.49267578125 292.493377685547 292.494049072266 292.494750976562 292.495452880859 292.476348876953 292.397796630859 292.319274902344 292.240753173828 292.162200927734 292.083679199219 292.005126953125 291.926605224609 291.850646972656 291.775573730469 291.700500488281 291.625396728516 291.550323486328 291.475250244141 291.400146484375 291.350891113281 291.379058837891 291.407257080078 291.435424804688 291.463623046875 291.491821289062 291.519989013672 291.548187255859 291.569366455078 291.588195800781 291.607025146484 291.625885009766 291.644714355469 291.66357421875 291.682403564453 291.701385498047 291.720733642578 291.740081787109 291.759460449219 291.77880859375
292.007476806641 292.20654296875 292.405609130859 292.604675292969 292.659515380859 292.666229248047 292.672973632812 292.679718017578 292.686431884766 292.693176269531 292.699920654297 292.684875488281 292.604553222656 292.524230957031 292.443939208984 292.363616943359 292.283294677734 292.202972412109 292.122650146484 292.032318115234 291.938659667969 291.844970703125 291.751312255859 291.657623291016 291.56396484375 291.470275878906 291.406768798828 291.433654785156 291.460540771484 291.487457275391 291.514343261719 291.541229248047 291.568145751953 291.595031738281 291.617462158203 291.638427734375 291.659393310547 291.680328369141 291.701293945312 291.722259521484 291.743194580078 291.764678955078 291.787689208984 291.810729980469 291.833740234375 291.856781005859
292.021179199219 292.225158691406 292.429138183594 292.633117675781 292.696533203125 292.713104248047 292.729675292969 292.746246337891 292.762817382812 292.779388427734 292.795959472656 292.789123535156 292.711944580078 292.634796142578 292.557647705078 292.48046875 292.4033203125 292.326171875 292.248992919922 292.154235839844 292.053588867188 291.952911376953 291.852264404297 291.751617431641 291.650970458984 291.550323486328 291.480560302734 291.503509521484 291.526428222656 291.549377441406 291.572296142578 291.595245361328 291.6181640625 291.64111328125 291.660766601562 291.679290771484 291.697845458984 291.716400146484 291.734954833984 291.753479003906 291.772033691406 291.791809082031 291.815216064453 291.838653564453 291.862091064453 291.885498046875
291.921142578125 292.123779296875 292.326416015625 292.529052734375 292.602355957031 292.632568359375 292.662780761719 292.692993164062 292.723205566406 292.75341796875 292.783630371094 292.789031982422 292.719970703125 292.650939941406 292.581878662109 292.512817382812 292.443756103516 292.374725341797 292.3056640625 292.216369628906 292.120361328125 292.024322509766 291.928314208984 291.832275390625 291.736267089844 291.640228271484 291.572296142578 291.588592529297 291.604888916016 291.621185302734 291.637512207031 291.65380859375 291.670104980469 291.686401367188 291.699188232422 291.710815429688 291.722442626953 291.734069824219 291.745697021484 291.757293701172 291.768920898438 291.782775878906 291.803344726562 291.823883056641 291.844451904297 291.864990234375
291.821075439453 292.022369384766 292.223693847656 292.424987792969 292.508209228516 292.552062988281 292.595886230469 292.639739990234 292.68359375 292.727447509766 292.771301269531 292.788970947266 292.727996826172 292.667053222656 292.606109619141 292.545166015625 292.484222412109 292.423278808594 292.3623046875 292.278533935547 292.187133789062 292.095733642578 292.004333496094 291.912963867188 291.821563720703 291.730163574219 291.664031982422 291.673706054688 291.683349609375 291.693023681641 291.702697753906 291.712371826172 291.722015380859 291.731689453125 291.737640380859 291.742340087891 291.747039794922 291.751739501953 291.756439208984 291.761138916016 291.765838623047 291.773773193359 291.791442871094 291.809112548828 291.826812744141 291.844482421875
291.721008300781 291.920989990234 292.120941162109 292.320922851562 292.414031982422 292.471527099609 292.529022216797 292.586517333984 292.643981933594 292.701477050781 292.758972167969 292.788879394531 292.736053466797 292.683197021484 292.630340576172 292.577514648438 292.524658203125 292.471801757812 292.418975830078 292.340698242188 292.25390625 292.167144775391 292.080383300781 291.993621826172 291.906860351562 291.820098876953 291.755767822266 291.7587890625 291.761840820312 291.764862060547 291.767883300781 291.770904541016 291.773956298828 291.776977539062 291.776062011719 291.773834228516 291.771606445312 291.769378662109 291.767181396484 291.764953613281 291.762725830078 291.764739990234 291.779541015625 291.794372558594 291.809173583984 291.823974609375
291.620941162109 291.819580078125 292.018218994141 292.216857910156 292.319854736328 292.390991210938 292.462127685547 292.533264160156 292.604400634766 292.675506591797 292.746643066406 292.788818359375 292.744079589844 292.699340820312 292.654602050781 292.609832763672 292.565093994141 292.520355224609 292.475616455078 292.40283203125 292.320709228516 292.238555908203 292.156433105469 292.074279785156 291.992156982422 291.910003662109 291.847503662109 291.843902587891 291.840301513672 291.836700439453 291.833068847656 291.829467773438 291.825866699219 291.822265625 291.814514160156 291.805358886719 291.796203613281 291.787048339844 291.777893066406 291.768768310547 291.759613037109 291.755737304688 291.767669677734 291.779602050781 291.791534423828 291.803466796875
291.520904541016 291.718200683594 291.915496826172 292.11279296875 292.225708007812 292.310455322266 292.395233154297 292.480010986328 292.564788818359 292.649536132812 292.734313964844 292.788726806641 292.752105712891 292.715454101562 292.678833007812 292.642181396484 292.605560302734 292.568908691406 292.532287597656 292.464996337891 292.387481689453 292.309967041016 292.232452392578 292.154937744141 292.077453613281 291.999938964844 291.939239501953 291.928985595703 291.918762207031 291.908508300781 291.898284912109 291.888031005859 291.877807617188 291.867553710938 291.852935791016 291.836853027344 291.82080078125 291.804718017578 291.788635253906 291.772583007812 291.756500244141 291.746704101562 291.755767822266 291.764831542969 291.773895263672 291.782928466797
291.389099121094 291.570373535156 291.751617431641 291.932861328125 292.045135498047 292.134399414062 292.223663330078 292.312927246094 292.402191162109 292.491455078125 292.580718994141 292.642974853516 292.624206542969 292.605438232422 292.586639404297 292.56787109375 292.549102783203 292.530334472656 292.511566162109 292.46142578125 292.400817871094 292.340209960938 292.279602050781 292.218994140625 292.158386230469 292.097778320312 292.049194335938 292.03662109375 292.024078369141 292.011505126953 291.998962402344 291.986389160156 291.973846435547 291.961273193359 291.939849853516 291.915435791016 291.891021728516 291.866638183594 291.842224121094 291.817810058594 291.793426513672 291.775939941406 291.779205322266 291.782501220703 291.785766601562 291.789031982422
291.225616455078 291.376098632812 291.526580810547 291.677062988281 291.778167724609 291.862762451172 291.947387695312 292.031982421875 292.116607666016 292.201232910156 292.285827636719 292.351501464844 292.3603515625 292.369201660156 292.378082275391 292.386932373047 292.395782470703 292.404632568359 292.413482666016 292.392150878906 292.360717773438 292.329284667969 292.2978515625 292.266418457031 292.234985351562 292.203582763672 292.177368164062 292.166809082031 292.15625 292.145690917969 292.135131835938 292.124572753906 292.114013671875 292.103454589844 292.075225830078 292.041076660156 292.006927490234 291.972778320312 291.938629150391 291.904479980469 291.870361328125 291.843383789062 291.837982177734 291.832580566406 291.827178955078 291.82177734375
291.062103271484 291.181823730469 291.301544189453 291.421295166016 291.511199951172 291.591156005859 291.671112060547 291.751068115234 291.831024169922 291.910980224609 291.990936279297 292.060028076172 292.096527099609 292.132995605469 292.169494628906 292.205963134766 292.242462158203 292.278930664062 292.3154296875 292.322845458984 292.320617675781 292.318359375 292.316101074219 292.313842773438 292.311614990234 292.309356689453 292.305541992188 292.296966552734 292.288421630859 292.279876708984 292.271301269531 292.262756347656 292.254180908203 292.245635986328 292.210571289062 292.166687011719 292.122833251953 292.078948974609 292.035064697266 291.991180419922 291.947296142578 291.910858154297 291.896759033203 291.882659912109 291.868560791016 291.8544921875
290.898590087891 290.987548828125 291.076538085938 291.165496826172 291.244201660156 291.319519042969 291.394836425781 291.470153808594 291.545440673828 291.620758056641 291.696075439453 291.768585205078 291.832672119141 291.896789550781 291.960906982422 292.025024414062 292.089141845703 292.153228759766 292.217346191406 292.253570556641 292.280517578125 292.307434082031 292.334350585938 292.361297607422 292.388214111328 292.415130615234 292.433715820312 292.427154541016 292.420593261719 292.414031982422 292.407470703125 292.400909423828 292.394378662109 292.387817382812 292.345947265625 292.292327880859 292.238708496094 292.185089111328 292.131469726562 292.077850341797 292.024230957031 291.978302001953 291.955535888672 291.932769775391 291.909973144531 291.88720703125
