resources/Exp000_Example-Run/Run01_M2/TimeSeries/1985/model_set/tsurf_avg.asc
NCOLS 265 
NROWS 230 
XLLCORNER -115.5625 
YLLCORNER 24.8333333333333 
CELLSIZE 0.0833333333333333 
NODATA_value -9999 
[rows 20 to 39 of 230, columns 0 to 45 of 265]
282.071075439453 282.099365234375 282.127655029297 282.155944824219 282.184204101562 282.212493896484 282.240783691406 282.230804443359 282.208099365234 282.185394287109 282.162658691406 282.139953613281 282.117248535156 282.094512939453 282.052398681641 281.951965332031 281.851531982422 281.751098632812 281.650695800781 281.550262451172 281.449829101562 281.349395751953 281.273468017578 281.205718994141 281.137969970703 281.070220947266 281.002471923828 280.934692382812 280.866943359375 280.786254882812 280.666778564453 280.547271728516 280.427795410156 280.308319091797 280.188842773438 280.0693359375 279.949859619141 279.734344482422 279.48681640625 279.239288330078 278.991790771484 278.744262695312 278.496734619141 278.249206542969 277.982788085938 277.65966796875
281.471130371094 281.504455566406 281.537780761719 281.571075439453 281.604400634766 281.637725830078 281.671020507812 281.686859130859 281.696868896484 281.706878662109 281.716888427734 281.726867675781 281.736877441406 281.746887207031 281.732666015625 281.645843505859 281.559020996094 281.47216796875 281.385345458984 281.298492431641 281.211669921875 281.124847412109 281.074920654297 281.037353515625 280.999755859375 280.962158203125 280.924560546875 280.886962890625 280.849365234375 280.798919677734 280.709899902344 280.620880126953 280.531860351562 280.44287109375 280.353851318359 280.264831542969 280.175811767578 279.971862792969 279.729644775391 279.487396240234 279.245147705078 279.002899169922 278.760650634766 278.518402099609 278.257843017578 277.942321777344
280.871185302734 280.909545898438 280.947875976562 280.986236572266 281.024597167969 281.062927246094 281.101287841797 281.142913818359 281.185638427734 281.228363037109 281.271087646484 281.313812255859 281.356506347656 281.399230957031 281.412963867188 281.339721679688 281.266479492188 281.193237304688 281.119995117188 281.046752929688 280.973510742188 280.900268554688 280.876373291016 280.868957519531 280.861511230469 280.854095458984 280.846649169922 280.839202880859 280.831787109375 280.811584472656 280.753021240234 280.694488525391 280.635955810547 280.577392578125 280.518859863281 280.460296630859 280.401763916016 280.209411621094 279.972442626953 279.735473632812 279.498504638672 279.261535644531 279.024566650391 278.78759765625 278.532897949219 278.224975585938
280.271240234375 280.314605712891 280.358001708984 280.401397705078 280.444763183594 280.488159179688 280.531555175781 280.598968505859 280.674407958984 280.749847412109 280.825286865234 280.900726318359 280.976165771484 281.051605224609 281.09326171875 281.033599853516 280.973968505859 280.914306640625 280.854644775391 280.795013427734 280.7353515625 280.675689697266 280.677825927734 280.700561523438 280.723297119141 280.746032714844 280.768737792969 280.791473388672 280.814208984375 280.82421875 280.796173095703 280.768096923828 280.740020751953 280.711944580078 280.683868408203 280.655792236328 280.627716064453 280.446929931641 280.215240478516 279.983551025391 279.751861572266 279.520172119141 279.288482666016 279.056823730469 278.807952880859 278.507659912109
279.856262207031 279.917236328125 279.978240966797 280.039245605469 280.100219726562 280.161224365234 280.222229003906 280.311767578125 280.410827636719 280.509887695312 280.608947753906 280.7080078125 280.807037353516 280.906097412109 280.971405029297 280.935363769531 280.899353027344 280.863311767578 280.827270507812 280.791259765625 280.755218505859 280.719207763672 280.742614746094 280.785888671875 280.829132080078 280.872375488281 280.915618896484 280.958892822266 281.002136230469 281.030670166016 281.015106201172 280.99951171875 280.983947753906 280.968383789062 280.952789306641 280.937225341797 280.921661376953 280.724334716797 280.466461181641 280.208557128906 279.95068359375 279.692810058594 279.434906005859 279.177032470703 278.911407470703 278.622589111328
279.626251220703 279.717437744141 279.80859375 279.899780273438 279.990936279297 280.082122802734 280.173309326172 280.281280517578 280.394866943359 280.508453369141 280.622039794922 280.735626220703 280.849182128906 280.962768554688 281.04736328125 281.044982910156 281.042633056641 281.040252685547 281.037872314453 281.035491943359 281.033142089844 281.03076171875 281.070770263672 281.124908447266 281.179016113281 281.233154296875 281.287292480469 281.341430664062 281.395568847656 281.430908203125 281.409851074219 281.388793945312 281.367767333984 281.346710205078 281.325653076172 281.304595947266 281.283569335938 281.041625976562 280.72607421875 280.410491943359 280.094940185547 279.779388427734 279.463806152344 279.148254394531 278.843231201172 278.569763183594
279.396240234375 279.517608642578 279.638946533203 279.760314941406 279.881683349609 280.003021240234 280.124389648438 280.250793457031 280.37890625 280.507019042969 280.635131835938 280.763244628906 280.891326904297 281.019439697266 281.123352050781 281.154632568359 281.185913085938 281.217193603516 281.248474121094 281.279754638672 281.31103515625 281.342315673828 281.398895263672 281.463897705078 281.528930664062 281.593933105469 281.658966064453 281.723968505859 281.789001464844 281.831115722656 281.804595947266 281.778076171875 281.751556396484 281.725036621094 281.698516845703 281.671997070312 281.645477294922 281.358917236328 280.985656738281 280.612426757812 280.239196777344 279.865966796875 279.492736816406 279.119476318359 278.775024414062 278.516937255859
279.166229248047 279.317779541016 279.469329833984 279.620849609375 279.772399902344 279.923919677734 280.075469970703 280.220306396484 280.362945556641 280.505584716797 280.648223876953 280.790863037109 280.933471679688 281.076110839844 281.199310302734 281.264251708984 281.329193115234 281.394134521484 281.459075927734 281.523986816406 281.588928222656 281.653869628906 281.727020263672 281.802917480469 281.878814697266 281.954742431641 282.030639648438 282.106536865234 282.182434082031 282.231353759766 282.199371337891 282.167358398438 282.135375976562 282.103363037109 282.071380615234 282.039367675781 282.007385253906 281.676177978516 281.245269775391 280.814361572266 280.383453369141 279.952545166016 279.521636962891 279.090728759766 278.706848144531 278.464111328125
278.936248779297 279.117950439453 279.299682617188 279.481384277344 279.663116455078 279.844818115234 280.026550292969 280.189849853516 280.346984863281 280.504150390625 280.661315917969 280.818481445312 280.975616455078 281.132781982422 281.275299072266 281.373870849609 281.472473144531 281.571075439453 281.669647216797 281.768249511719 281.866821289062 281.965423583984 282.05517578125 282.141937255859 282.228729248047 282.315521240234 282.402282714844 282.489074707031 282.575866699219 282.631591796875 282.594116210938 282.556640625 282.519165039062 282.481689453125 282.444213867188 282.406768798828 282.369293212891 281.993469238281 281.5048828125 281.016296386719 280.527709960938 280.039123535156 279.550537109375 279.061950683594 278.638671875 278.411254882812
278.706237792969 278.918121337891 279.130035400391 279.341918945312 279.553833007812 279.765716552734 279.977630615234 280.159362792969 280.3310546875 280.502716064453 280.674407958984 280.846099853516 281.017761230469 281.189453125 281.351257324219 281.483520507812 281.615753173828 281.748016357422 281.880249023438 282.012481689453 282.144744873047 282.276977539062 282.38330078125 282.48095703125 282.578643798828 282.676300048828 282.773956298828 282.871643066406 282.969299316406 283.031799316406 282.988861083984 282.945922851562 282.902984619141 282.860015869141 282.817077636719 282.774139404297 282.731201171875 282.310760498047 281.764495849609 281.218231201172 280.671966552734 280.125701904297 279.579437255859 279.033172607422 278.570465087891 278.358459472656
278.72705078125 278.938659667969 279.150268554688 279.361877441406 279.573486328125 279.785095214844 279.996734619141 280.18798828125 280.372467041016 280.556945800781 280.741424560547 280.925903320312 281.110412597656 281.294891357422 281.471893310547 281.626434326172 281.780975341797 281.935516357422 282.090057373047 282.24462890625 282.399169921875 282.5537109375 282.664031982422 282.759582519531 282.855163574219 282.950714111328 283.046295166016 283.141845703125 283.237426757812 283.297882080078 283.253021240234 283.208160400391 283.163299560547 283.118438720703 283.073577880859 283.028717041016 282.983856201172 282.542663574219 281.969329833984 281.39599609375 280.822662353516 280.249328613281 279.676025390625 279.102691650391 278.616333007812 278.390838623047
278.998718261719 279.179565429688 279.360412597656 279.541259765625 279.722106933594 279.902954101562 280.083831787109 280.275695800781 280.471282958984 280.666839599609 280.862396240234 281.057952880859 281.253509521484 281.449096679688 281.637145996094 281.802642822266 281.968139648438 282.133636474609 282.299133300781 282.464630126953 282.630126953125 282.795623779297 282.897338867188 282.977844238281 283.058319091797 283.138793945312 283.219268798828 283.299743652344 283.380249023438 283.429779052734 283.386566162109 283.343353271484 283.300140380859 283.256927490234 283.213714599609 283.170501708984 283.127288818359 282.689147949219 282.119384765625 281.549591064453 280.979827880859 280.410034179688 279.840270996094 279.270477294922 278.776214599609 278.508422851562
279.270355224609 279.420440673828 279.570556640625 279.720642089844 279.870727539062 280.020812988281 280.170928955078 280.363433837891 280.570068359375 280.776702880859 280.983367919922 281.190002441406 281.396636962891 281.603271484375 281.802368164062 281.978820800781 282.1552734375 282.331726074219 282.508178710938 282.684631347656 282.861083984375 283.037506103516 283.130676269531 283.196075439453 283.261474609375 283.326873779297 283.392272949219 283.457641601562 283.523040771484 283.561706542969 283.520141601562 283.478576660156 283.43701171875 283.395446777344 283.353851318359 283.312286376953 283.270721435547 282.835662841797 282.269439697266 281.703216552734 281.136962890625 280.570739746094 280.004516601562 279.438262939453 278.936096191406 278.626007080078
279.5419921875 279.661346435547 279.780670166016 279.900024414062 280.019348144531 280.138671875 280.258026123047 280.451141357422 280.668884277344 280.886596679688 281.104309082031 281.322052001953 281.539764404297 281.757476806641 281.967620849609 282.155029296875 282.342437744141 282.529815673828 282.717224121094 282.904632568359 283.092010498047 283.279418945312 283.364013671875 283.414306640625 283.464630126953 283.514923095703 283.565246582031 283.615539550781 283.665863037109 283.693603515625 283.653686523438 283.61376953125 283.573852539062 283.533935546875 283.494018554688 283.454071044922 283.414154052734 282.982177734375 282.419494628906 281.856811523438 281.294128417969 280.7314453125 280.168762207031 279.606079101562 279.095977783203 278.743591308594
279.813659667969 279.902221679688 279.990814208984 280.079376220703 280.16796875 280.256530761719 280.345123291016 280.538879394531 280.767669677734 280.996490478516 281.225280761719 281.454071044922 281.682891845703 281.911682128906 282.132873535156 282.331237792969 282.529571533203 282.727935791016 282.92626953125 283.124633789062 283.322967529297 283.521331787109 283.597320556641 283.632537841797 283.667785644531 283.703002929688 283.738220214844 283.773468017578 283.808685302734 283.825531005859 283.787261962891 283.748962402344 283.710693359375 283.672424316406 283.634155273438 283.595886230469 283.557586669922 283.128662109375 282.569549560547 282.010406494141 281.451263427734 280.892150878906 280.3330078125 279.773864746094 279.255859375 278.861175537109
280.085296630859 280.143127441406 280.200927734375 280.258758544922 280.316589355469 280.374389648438 280.432220458984 280.626586914062 280.866485595703 281.106353759766 281.346252441406 281.586120605469 281.826019287109 282.065887451172 282.298126220703 282.507415771484 282.716735839844 282.926025390625 283.135314941406 283.344635009766 283.553924560547 283.763214111328 283.830657958984 283.850799560547 283.870941162109 283.891082763672 283.911224365234 283.931365966797 283.951507568359 283.957427978516 283.920806884766 283.884185791016 283.847564697266 283.810913085938 283.774291992188 283.737670898438 283.701019287109 283.275177001953 282.719604492188 282.164001464844 281.608428955078 281.052825927734 280.497253417969 279.941650390625 279.415740966797 278.978790283203
280.239379882812 280.280181884766 280.321014404297 280.36181640625 280.402618408203 280.443420410156 280.484222412109 280.681091308594 280.929962158203 281.178802490234 281.427673339844 281.676544189453 281.925415039062 282.174255371094 282.414733886719 282.630035400391 282.845306396484 283.060607910156 283.275909423828 283.491180419922 283.706481933594 283.921783447266 283.982818603516 283.992431640625 284.002044677734 284.011657714844 284.021301269531 284.030914306641 284.04052734375 284.035064697266 283.984405517578 283.933715820312 283.883056640625 283.832397460938 283.781707763672 283.731048583984 283.680358886719 283.272033691406 282.744445800781 282.216888427734 281.689331054688 281.161743164062 280.634185791016 280.106628417969 279.589569091797 279.104095458984
280.275909423828 280.313446044922 280.350982666016 280.388549804688 280.426086425781 280.463623046875 280.501159667969 280.702331542969 280.958099365234 281.213836669922 281.469573974609 281.725311279297 281.981079101562 282.23681640625 282.482696533203 282.699035644531 282.915344238281 283.131683349609 283.347991943359 283.564331054688 283.780670166016 283.996978759766 284.053802490234 284.057464599609 284.061126708984 284.064788818359 284.068450927734 284.072113037109 284.075775146484 284.058441162109 283.97802734375 283.897613525391 283.817230224609 283.73681640625 283.656402587891 283.576019287109 283.49560546875 283.119201660156 282.644134521484 282.169036865234 281.693969726562 281.218872070312 280.743804931641 280.268737792969 279.77734375 279.237121582031
280.312469482422 280.346710205078 280.380981445312 280.415252685547 280.449523925781 280.483795166016 280.51806640625 280.723602294922 280.986236572266 281.248840332031 281.511474609375 281.774108886719 282.036743164062 282.299346923828 282.550659179688 282.768035888672 282.985382080078 283.202758789062 283.420104980469 283.637481689453 283.854827880859 284.072174072266 284.124816894531 284.122497558594 284.120208740234 284.117919921875 284.115631103516 284.113342285156 284.111022949219 284.081787109375 283.971649169922 283.861511230469 283.751373291016 283.641265869141 283.531127929688 283.420989990234 283.310852050781 282.966369628906 282.543792724609 282.121185302734 281.698608398438 281.276000976562 280.853424072266 280.430847167969 279.965148925781 279.370147705078
280.348999023438 280.380004882812 280.410980224609 280.441986083984 280.472991943359 280.503997802734 280.534973144531 280.744873046875 281.014373779297 281.283874511719 281.553375244141 281.822906494141 282.092407226562 282.361907958984 282.618621826172 282.837036132812 283.055419921875 283.273803710938 283.492218017578 283.710601806641 283.928985595703 284.147399902344 284.19580078125 284.187561035156 284.179290771484 284.171051025391 284.162811279297 284.154541015625 284.146301269531 284.105133056641 283.965270996094 283.825408935547 283.685546875 283.545684814453 283.405822753906 283.265960693359 283.126098632812 282.813568115234 282.443450927734 282.073364257812 281.703247070312 281.333160400391 280.963043212891 280.592956542969 280.152923583984 279.503173828125
