resources/Exp000_Example-Run/Run01_M2/TimeSeries/1985/model_set/tsurf_avg.asc
NCOLS 265 
NROWS 230 
XLLCORNER -115.5625 
YLLCORNER 24.8333333333333 
CELLSIZE 0.0833333333333333 
NODATA_value -9999 
[rows 120 to 139 of 230, columns 184 to 229 of 265]
290.597076416016 290.651519775391 290.705932617188 290.704040527344 290.683319091797 290.662628173828 290.641937255859 290.621246337891 290.600555419922 290.579833984375 290.554962158203 290.517547607422 290.480133056641 290.442687988281 290.4052734375 290.367858886719 290.330444335938 290.292999267578 290.280090332031 290.275329589844 290.270568847656 290.265808105469 290.261047363281 290.256286621094 290.251525878906 290.240539550781 290.210845947266 290.18115234375 290.151458740234 290.121765136719 290.092071533203 290.062377929688 290.032684326172 290.000610351562 289.967742919922 289.934875488281 289.902008056641 289.869140625 289.836273193359 289.803405761719 289.771697998047 289.743499755859 289.715270996094 289.687072753906 289.658843994141 289.630645751953
290.664520263672 290.718322753906 290.772155761719 290.771209716797 290.752014160156 290.732818603516 290.713623046875 290.694427490234 290.675231933594 290.656036376953 290.632995605469 290.598388671875 290.563812255859 290.529205322266 290.49462890625 290.460021972656 290.425445556641 290.390869140625 290.37841796875 290.373352050781 290.368286132812 290.363220214844 290.358154296875 290.353088378906 290.348022460938 290.336639404297 290.306304931641 290.275939941406 290.24560546875 290.215240478516 290.184906005859 290.154541015625 290.124176025391 290.092803955078 290.061096191406 290.029357910156 289.997619628906 289.965911865234 289.934173583984 289.902465820312 289.871551513672 289.843109130859 289.814666748047 289.786224365234 289.757781982422 289.729339599609
290.73193359375 290.78515625 290.83837890625 290.838409423828 290.820709228516 290.803009033203 290.785308837891 290.767608642578 290.749908447266 290.732208251953 290.710998535156 290.679260253906 290.647491455078 290.61572265625 290.583984375 290.552215576172 290.520477294922 290.488708496094 290.476745605469 290.471374511719 290.466003417969 290.460632324219 290.455261230469 290.449890136719 290.444549560547 290.432769775391 290.401763916016 290.370727539062 290.339721679688 290.308715820312 290.277709960938 290.246704101562 290.215698242188 290.184997558594 290.154418945312 290.123840332031 290.09326171875 290.062683105469 290.032104492188 290.001525878906 289.971405029297 289.942718505859 289.9140625 289.885375976562 289.856689453125 289.828033447266
290.799346923828 290.851959228516 290.904571533203 290.905578613281 290.889404296875 290.873199462891 290.856994628906 290.840789794922 290.824584960938 290.808410644531 290.789031982422 290.760101318359 290.731170654297 290.702239990234 290.67333984375 290.644409179688 290.615478515625 290.586547851562 290.575073242188 290.569396972656 290.563720703125 290.558044433594 290.552368164062 290.546722412109 290.541046142578 290.528869628906 290.497192382812 290.465545654297 290.433868408203 290.402191162109 290.370544433594 290.3388671875 290.307189941406 290.277221679688 290.247772216797 290.218322753906 290.188903808594 290.159454345703 290.130004882812 290.1005859375 290.071258544922 290.042358398438 290.013427734375 289.984527587891 289.955627441406 289.926696777344
290.866760253906 290.918792724609 290.970794677734 290.972778320312 290.958068847656 290.943389892578 290.928680419922 290.913970947266 290.899291992188 290.884582519531 290.867034912109 290.840942382812 290.814849853516 290.788757324219 290.762664794922 290.736572265625 290.710479736328 290.684387207031 290.673400878906 290.667419433594 290.661437988281 290.655456542969 290.649505615234 290.643524169922 290.637542724609 290.624969482422 290.592651367188 290.560333251953 290.528015136719 290.495697021484 290.463348388672 290.431030273438 290.398712158203 290.369415283203 290.341125488281 290.312805175781 290.284515380859 290.256225585938 290.227935791016 290.199615478516 290.171112060547 290.141967773438 290.112823486328 290.083679199219 290.054534912109 290.025390625
290.934204101562 290.985595703125 291.037017822266 291.039947509766 291.026763916016 291.013549804688 291.000366210938 290.987182617188 290.973968505859 290.960784912109 290.945068359375 290.921813964844 290.898559570312 290.875274658203 290.852020263672 290.828765869141 290.805511474609 290.782257080078 290.771728515625 290.765441894531 290.759155273438 290.752868652344 290.746612548828 290.740325927734 290.734039306641 290.721069335938 290.688110351562 290.655120849609 290.622131347656 290.589172363281 290.556182861328 290.523193359375 290.490234375 290.461608886719 290.434448242188 290.407287597656 290.380157470703 290.352996826172 290.325836181641 290.298675537109 290.270965576172 290.241607666016 290.212219238281 290.182830810547 290.153472900391 290.124084472656
290.991149902344 291.040130615234 291.089111328125 291.0927734375 291.081359863281 291.069946289062 291.058502197266 291.047088623047 291.035675048828 291.024230957031 291.010528564453 290.989990234375 290.969451904297 290.948883056641 290.928344726562 290.907806396484 290.887237548828 290.86669921875 290.857818603516 290.852844238281 290.847839355469 290.842864990234 290.837890625 290.832885742188 290.827911376953 290.816070556641 290.783599853516 290.751159667969 290.718719482422 290.686248779297 290.65380859375 290.621368408203 290.588897705078 290.561401367188 290.535522460938 290.509643554688 290.483764648438 290.457885742188 290.432006835938 290.406127929688 290.379211425781 290.349212646484 290.319213867188 290.289215087891 290.259246826172 290.229248046875
291.037689208984 291.082397460938 291.127105712891 291.131256103516 291.121887207031 291.112518310547 291.103118896484 291.09375 291.084381103516 291.074981689453 291.0634765625 291.045501708984 291.027557373047 291.009582519531 290.991638183594 290.973693847656 290.955718994141 290.937774658203 290.931701660156 290.929595947266 290.927520751953 290.925415039062 290.92333984375 290.921234130859 290.919128417969 290.909881591797 290.879150390625 290.848419189453 290.817687988281 290.786956787109 290.756225585938 290.725494384766 290.694763183594 290.668731689453 290.644287109375 290.619812011719 290.595336914062 290.570861816406 290.546417236328 290.521942138672 290.495849609375 290.46484375 290.433837890625 290.402862548828 290.371856689453 290.340881347656
291.084197998047 291.124664306641 291.165100097656 291.169738769531 291.162384033203 291.155059814453 291.147735595703 291.140411376953 291.133087158203 291.125732421875 291.116394042969 291.101043701172 291.085662841797 291.0703125 291.054931640625 291.03955078125 291.024200439453 291.008819580078 291.005584716797 291.006378173828 291.007171630859 291.007965087891 291.0087890625 291.009582519531 291.010375976562 291.003723144531 290.974700927734 290.945709228516 290.916687011719 290.887664794922 290.858673095703 290.829650878906 290.800659179688 290.776092529297 290.753051757812 290.72998046875 290.706939697266 290.683868408203 290.660797119141 290.637756347656 290.612457275391 290.580474853516 290.548461914062 290.516479492188 290.484497070312 290.452514648438
291.130706787109 291.166931152344 291.203125 291.208190917969 291.202911376953 291.197631835938 291.192352294922 291.187072753906 291.181793212891 291.176513671875 291.169342041016 291.156555175781 291.143768310547 291.131011962891 291.118225097656 291.105438232422 291.092651367188 291.079895019531 291.079467773438 291.083160400391 291.086853027344 291.090545654297 291.09423828125 291.097930908203 291.101623535156 291.097564697266 291.070251464844 291.04296875 291.015686035156 290.988403320312 290.961090087891 290.933807373047 290.906524658203 290.883453369141 290.86181640625 290.840148925781 290.818511962891 290.796875 290.775207519531 290.753570556641 290.729095458984 290.696105957031 290.663116455078 290.630126953125 290.597106933594 290.564117431641
291.17724609375 291.209167480469 291.241119384766 291.246673583984 291.243438720703 291.240203857422 291.236968994141 291.233734130859 291.230499267578 291.227264404297 291.222290039062 291.212097167969 291.201904296875 291.191711425781 291.181518554688 291.171325683594 291.1611328125 291.150939941406 291.1533203125 291.159912109375 291.16650390625 291.173095703125 291.1796875 291.186248779297 291.192840576172 291.19140625 291.165832519531 291.140258789062 291.114685058594 291.089111328125 291.063537597656 291.037963867188 291.012390136719 290.990814208984 290.970581054688 290.950347900391 290.930084228516 290.909851074219 290.889617919922 290.869384765625 290.845703125 290.811706542969 290.777740478516 290.743743896484 290.709747314453 290.675750732422
291.223754882812 291.251434326172 291.279113769531 291.28515625 291.283966064453 291.282775878906 291.281585693359 291.280395507812 291.279205322266 291.278015136719 291.275207519531 291.267608642578 291.260009765625 291.252410888672 291.244812011719 291.237213134766 291.229614257812 291.221984863281 291.227203369141 291.236694335938 291.246154785156 291.255645751953 291.26513671875 291.274597167969 291.284088134766 291.285217285156 291.261383056641 291.237518310547 291.213653564453 291.189819335938 291.165954589844 291.14208984375 291.118255615234 291.098175048828 291.079345703125 291.060516357422 291.041687011719 291.022857666016 291.004028320312 290.985198974609 290.962341308594 290.927337646484 290.892364501953 290.857360839844 290.822387695312 290.787384033203
291.238983154297 291.262268066406 291.285552978516 291.292572021484 291.294189453125 291.295806884766 291.297424316406 291.299041748047 291.300689697266 291.302307128906 291.302581787109 291.298828125 291.295043945312 291.291290283203 291.287536621094 291.283782958984 291.280029296875 291.276275634766 291.283721923828 291.294860839844 291.306030273438 291.317199707031 291.328338623047 291.339508056641 291.350677490234 291.353637695312 291.331970214844 291.310333251953 291.288696289062 291.267028808594 291.245391845703 291.223754882812 291.202087402344 291.183868408203 291.166748046875 291.149658203125 291.132537841797 291.115447998047 291.098327636719 291.081237792969 291.059997558594 291.026458740234 290.992889404297 290.959320068359 290.925750732422 290.892211914062
291.222869873047 291.241638183594 291.260406494141 291.268981933594 291.274169921875 291.279357910156 291.284545898438 291.289733886719 291.294921875 291.300109863281 291.304351806641 291.305694580078 291.307037353516 291.308410644531 291.309753417969 291.311096191406 291.312438964844 291.313781738281 291.322845458984 291.33447265625 291.346099853516 291.357727050781 291.369354248047 291.380981445312 291.392608642578 291.396575927734 291.377624511719 291.358673095703 291.339721679688 291.320770263672 291.301818847656 291.282867431641 291.263916015625 291.247894287109 291.232818603516 291.217742919922 291.202697753906 291.187622070312 291.172546386719 291.157501220703 291.138763427734 291.109039306641 291.079315185547 291.049621582031 291.019897460938 290.990173339844
291.206787109375 291.221038818359 291.235260009766 291.245391845703 291.254150390625 291.262908935547 291.271667480469 291.280426025391 291.289184570312 291.297943115234 291.30615234375 291.312591552734 291.319030761719 291.325500488281 291.331939697266 291.338409423828 291.344848632812 291.351318359375 291.361999511719 291.374084472656 291.386169433594 291.398254394531 291.410369873047 291.422454833984 291.434539794922 291.439544677734 291.423278808594 291.407043457031 291.390777587891 291.37451171875 291.358276367188 291.342010498047 291.325775146484 291.311920166016 291.298889160156 291.285858154297 291.272827148438 291.259796142578 291.246765136719 291.233734130859 291.217498779297 291.191619873047 291.165771484375 291.139892578125 291.114013671875 291.088165283203
291.190673828125 291.200408935547 291.210113525391 291.221801757812 291.234130859375 291.246459960938 291.2587890625 291.271118164062 291.283447265625 291.295776367188 291.307922363281 291.319488525391 291.331024169922 291.342590332031 291.354156494141 291.365692138672 291.377258300781 291.388824462891 291.401123046875 291.413696289062 291.426239013672 291.438812255859 291.451354980469 291.463928222656 291.476470947266 291.482513427734 291.468933105469 291.455383300781 291.441833496094 291.428283691406 291.414703369141 291.401153564453 291.387603759766 291.375946044922 291.364959716797 291.353973388672 291.342987060547 291.332000732422 291.320983886719 291.309997558594 291.296264648438 291.274230957031 291.252197265625 291.230194091797 291.208160400391 291.186126708984
291.174591064453 291.179779052734 291.184997558594 291.198211669922 291.214111328125 291.230010986328 291.245910644531 291.261810302734 291.277709960938 291.293609619141 291.309692382812 291.326354980469 291.343017578125 291.359680175781 291.376342773438 291.393005371094 291.40966796875 291.426330566406 291.440277099609 291.453277587891 291.46630859375 291.479339599609 291.492370605469 291.505401611328 291.518402099609 291.525482177734 291.514617919922 291.503753662109 291.492889404297 291.482025146484 291.471160888672 291.460296630859 291.449432373047 291.440002441406 291.431030273438 291.422088623047 291.413116455078 291.404174804688 291.395202636719 291.386260986328 291.375 291.356811523438 291.338653564453 291.320465087891 291.302276611328 291.284118652344
291.158508300781 291.1591796875 291.159851074219 291.174621582031 291.194091796875 291.213562011719 291.233032226562 291.252502441406 291.27197265625 291.291442871094 291.311492919922 291.333251953125 291.355010986328 291.376770019531 291.398559570312 291.420318603516 291.442077636719 291.463836669922 291.479400634766 291.492889404297 291.506378173828 291.519866943359 291.533355712891 291.546875 291.560363769531 291.568420410156 291.560272216797 291.552093505859 291.543914794922 291.535766601562 291.527587890625 291.519409179688 291.511260986328 291.504028320312 291.497100830078 291.490173339844 291.483276367188 291.476348876953 291.469421386719 291.462524414062 291.453735351562 291.439422607422 291.425079345703 291.410766601562 291.396423339844 291.382080078125
291.173828125 291.172607421875 291.17138671875 291.186279296875 291.206573486328 291.226837158203 291.247131347656 291.267425537109 291.287689208984 291.307983398438 291.328521728516 291.349822998047 291.371124267578 291.392425537109 291.413726806641 291.435028076172 291.456329345703 291.477630615234 291.494110107422 291.508972167969 291.523834228516 291.538696289062 291.553558349609 291.568450927734 291.583312988281 291.59375 291.590881347656 291.588012695312 291.585144042969 291.582305908203 291.579437255859 291.576568603516 291.573699951172 291.568084716797 291.561553955078 291.555023193359 291.548492431641 291.541931152344 291.535400390625 291.528869628906 291.521179199219 291.510009765625 291.498840332031 291.487670898438 291.476501464844 291.46533203125
291.220550537109 291.220062255859 291.219573974609 291.233215332031 291.251556396484 291.269866943359 291.288208007812 291.306549072266 291.324890136719 291.343231201172 291.360778808594 291.376068115234 291.391326904297 291.406585693359 291.421875 291.437133789062 291.452392578125 291.467651367188 291.484344482422 291.501495361328 291.518646240234 291.535797119141 291.552947998047 291.570129394531 291.587280273438 291.601409912109 291.6064453125 291.611511230469 291.616577148438 291.621612548828 291.626678466797 291.631713867188 291.636779785156 291.632202148438 291.624389648438 291.616577148438 291.608764648438 291.600952148438 291.593139648438 291.585327148438 291.577301025391 291.568603515625 291.559906005859 291.551208496094 291.542541503906 291.533843994141
