resources/Exp000_Example-Run/Run01_M2/TimeSeries/1985/model_set/tsurf_avg.asc
NCOLS 265 
NROWS 230 
XLLCORNER -115.5625 
YLLCORNER 24.8333333333333 
CELLSIZE 0.0833333333333333 
NODATA_value -9999 
[rows 140 to 159 of 230, columns 46 to 91 of 265]
294.158752441406 294.021789550781 293.884826660156 293.747863769531 293.610900878906 293.473937988281 293.150787353516 292.765563964844 292.380340576172 291.995147705078 291.609924316406 291.224700927734 290.839477539062 290.512390136719 290.359619140625 290.206878662109 290.054138183594 289.9013671875 289.748626708984 289.595886230469 289.443145751953 289.413208007812 289.424224853516 289.435211181641 289.446228027344 289.457244873047 289.468231201172 289.479248046875 289.467864990234 289.389404296875 289.310913085938 289.232421875 289.153961181641 289.075469970703 288.996978759766 288.918487548828 288.882720947266 288.861145019531 288.839599609375 288.818054199219 288.796508789062 288.774932861328 288.753387451172 288.770080566406 288.901550292969 289.033020019531
293.952514648438 293.8095703125 293.666595458984 293.523651123047 293.380676269531 293.237731933594 292.929870605469 292.567077636719 292.204254150391 291.841461181641 291.478637695312 291.115844726562 290.753051757812 290.445648193359 290.304443359375 290.163238525391 290.022064208984 289.880859375 289.739654541016 289.598480224609 289.457275390625 289.411804199219 289.398254394531 289.384704589844 289.371154785156 289.357574462891 289.344024658203 289.330474853516 289.308044433594 289.259063720703 289.210113525391 289.1611328125 289.112152099609 289.063171386719 289.014190673828 288.965209960938 288.959442138672 288.968078613281 288.976715087891 288.9853515625 288.993957519531 289.002593994141 289.01123046875 289.047912597656 289.168731689453 289.28955078125
293.746276855469 293.597320556641 293.448364257812 293.299407958984 293.150451660156 293.001495361328 292.708984375 292.368591308594 292.028167724609 291.687774658203 291.347381591797 291.006988525391 290.666595458984 290.37890625 290.249267578125 290.11962890625 289.989990234375 289.8603515625 289.730712890625 289.60107421875 289.471435546875 289.410430908203 289.372314453125 289.334197998047 289.296051025391 289.257934570312 289.219818115234 289.181701660156 289.148223876953 289.128753662109 289.109283447266 289.089813232422 289.070343017578 289.050872802734 289.031372070312 289.011901855469 289.036163330078 289.074981689453 289.113800048828 289.152618408203 289.191436767578 289.230255126953 289.269073486328 289.325744628906 289.435913085938 289.546081542969
293.540069580078 293.385101318359 293.230163574219 293.0751953125 292.920257568359 292.765289306641 292.488067626953 292.170074462891 291.852111816406 291.534118652344 291.216125488281 290.898132324219 290.580169677734 290.312164306641 290.194061279297 290.075988769531 289.957916259766 289.839813232422 289.721740722656 289.603668212891 289.485565185547 289.409027099609 289.346343994141 289.283660888672 289.220977783203 289.158294677734 289.095611572266 289.032928466797 288.988403320312 288.998443603516 289.008483886719 289.018493652344 289.028533935547 289.03857421875 289.048583984375 289.058624267578 289.112884521484 289.181884765625 289.250885009766 289.319915771484 289.388916015625 289.457916259766 289.526947021484 289.603576660156 289.703094482422 289.802612304688
293.382446289062 293.217315673828 293.052185058594 292.887084960938 292.721954345703 292.556823730469 292.289123535156 291.987182617188 291.685272216797 291.383331298828 291.081420898438 290.779479980469 290.477569580078 290.224182128906 290.116455078125 290.008697509766 289.900970458984 289.793212890625 289.685485839844 289.577728271484 289.470001220703 289.394012451172 289.328643798828 289.263244628906 289.197875976562 289.132476806641 289.067108154297 289.001708984375 288.957214355469 288.975372314453 288.993499755859 289.011657714844 289.02978515625 289.047943115234 289.066070556641 289.084197998047 289.155487060547 289.244506835938 289.33349609375 289.422485351562 289.511505126953 289.600494384766 289.689483642578 289.780578613281 289.877899169922 289.975250244141
293.2734375 293.093963623047 292.914520263672 292.735046386719 292.555603027344 292.376129150391 292.112091064453 291.819885253906 291.527679443359 291.235473632812 290.943267822266 290.651031494141 290.358825683594 290.115020751953 290.016387939453 289.917785644531 289.819152832031 289.720550537109 289.621917724609 289.523284912109 289.424682617188 289.365356445312 289.319152832031 289.27294921875 289.226715087891 289.180511474609 289.134307861328 289.088073730469 289.054656982422 289.059509277344 289.064361572266 289.069244384766 289.074096679688 289.078979492188 289.083831787109 289.088684082031 289.164001464844 289.262786865234 289.361602783203 289.460388183594 289.559173583984 289.657958984375 289.756744384766 289.856750488281 289.960357666016 290.06396484375
293.164428710938 292.970642089844 292.776824951172 292.583038330078 292.389221191406 292.195434570312 291.935089111328 291.652587890625 291.370086669922 291.087585449219 290.805084228516 290.522583007812 290.240081787109 290.005828857422 289.916351318359 289.826843261719 289.737365722656 289.647857666016 289.558349609375 289.468872070312 289.379364013672 289.336700439453 289.309661865234 289.282623291016 289.255584716797 289.228546142578 289.201507568359 289.174468994141 289.152069091797 289.143646240234 289.13525390625 289.126831054688 289.118408203125 289.110015869141 289.101593017578 289.093170166016 289.172515869141 289.281097412109 289.389678955078 289.498260498047 289.606842041016 289.715423583984 289.824035644531 289.932922363281 290.042785644531 290.152679443359
293.055419921875 292.847290039062 292.639129638672 292.430999755859 292.222869873047 292.014709472656 291.758087158203 291.485290527344 291.212524414062 290.939727783203 290.666931152344 290.394134521484 290.121337890625 289.896667480469 289.816284179688 289.735931396484 289.655548095703 289.575164794922 289.494812011719 289.414428710938 289.334045410156 289.308074951172 289.300201416016 289.292327880859 289.284454345703 289.276580810547 289.268707275391 289.260833740234 289.249481201172 289.227813720703 289.206115722656 289.184417724609 289.162719726562 289.141052246094 289.119354248047 289.09765625 289.181030273438 289.299407958984 289.417785644531 289.536163330078 289.654541015625 289.772918701172 289.891296386719 290.009094238281 290.125244140625 290.241363525391
292.946441650391 292.723937988281 292.50146484375 292.278991699219 292.056488037109 291.834014892578 291.581085205078 291.317993164062 291.054931640625 290.791839599609 290.528778076172 290.265686035156 290.002624511719 289.787506103516 289.716247558594 289.644989013672 289.57373046875 289.502502441406 289.431243896484 289.359985351562 289.288757324219 289.279418945312 289.290710449219 289.302001953125 289.313293457031 289.324584960938 289.335876464844 289.347198486328 289.346923828125 289.311950683594 289.276977539062 289.242004394531 289.207061767578 289.172088623047 289.137115478516 289.102142333984 289.189544677734 289.317718505859 289.445861816406 289.574035644531 289.702209472656 289.830383300781 289.958557128906 290.085266113281 290.207672119141 290.330078125
292.837432861328 292.6005859375 292.36376953125 292.126953125 291.89013671875 291.653289794922 291.404083251953 291.150695800781 290.897338867188 290.643981933594 290.390594482422 290.137237548828 289.883880615234 289.678314208984 289.616180419922 289.554077148438 289.491943359375 289.429809570312 289.36767578125 289.305572509766 289.243438720703 289.250762939453 289.281219482422 289.311676025391 289.342163085938 289.372619628906 289.403076171875 289.433563232422 289.4443359375 289.396087646484 289.347839355469 289.299621582031 289.251373291016 289.203125 289.154876708984 289.106628417969 289.198028564453 289.335998535156 289.473968505859 289.611938476562 289.749908447266 289.887847900391 290.025817871094 290.161468505859 290.290130615234 290.418792724609
292.905700683594 292.66015625 292.414611816406 292.169097900391 291.923553466797 291.678009033203 291.423522949219 291.166015625 290.908508300781 290.651031494141 290.393524169922 290.136016845703 289.878540039062 289.670257568359 289.609558105469 289.548889160156 289.488220214844 289.427551269531 289.366851806641 289.306182861328 289.245513916016 289.264678955078 289.310485839844 289.356262207031 289.402038574219 289.447845458984 289.493621826172 289.539428710938 289.558990478516 289.499908447266 289.440826416016 289.381713867188 289.322631835938 289.263549804688 289.204467773438 289.145385742188 289.233337402344 289.370330810547 289.50732421875 289.644317626953 289.781311035156 289.918304443359 290.055297851562 290.191101074219 290.323272705078 290.455413818359
293.151214599609 292.902618408203 292.653991699219 292.405364990234 292.156768798828 291.908142089844 291.639404296875 291.363922119141 291.088470458984 290.81298828125 290.537536621094 290.262054443359 289.986602783203 289.763275146484 289.696380615234 289.629486083984 289.562561035156 289.495666503906 289.428771972656 289.361877441406 289.294982910156 289.321197509766 289.378479003906 289.435729980469 289.492980957031 289.550262451172 289.607513427734 289.664794921875 289.690856933594 289.623352050781 289.555877685547 289.488372802734 289.420867919922 289.353363037109 289.285858154297 289.218383789062 289.295440673828 289.420715332031 289.545959472656 289.671234130859 289.796478271484 289.921752929688 290.046997070312 290.174163818359 290.307067871094 290.439971923828
293.396759033203 293.145050048828 292.893371582031 292.641662597656 292.389984130859 292.138275146484 291.855285644531 291.561828613281 291.268402099609 290.974975585938 290.681518554688 290.388092041016 290.094635009766 289.856292724609 289.783172607422 289.710052490234 289.636932373047 289.563812255859 289.490692138672 289.417572021484 289.344451904297 289.377716064453 289.446472167969 289.515197753906 289.583923339844 289.652679443359 289.721405029297 289.790161132812 289.822723388672 289.746826171875 289.6708984375 289.595001220703 289.519104003906 289.443176269531 289.367279052734 289.291381835938 289.357543945312 289.471069335938 289.584594726562 289.698120117188 289.811645507812 289.925170898438 290.038726806641 290.157257080078 290.290893554688 290.424530029297
293.642272949219 293.387512207031 293.132720947266 292.877960205078 292.623168945312 292.368408203125 292.071166992188 291.759735107422 291.448333740234 291.136932373047 290.825531005859 290.514099121094 290.202697753906 289.949310302734 289.869964599609 289.790618896484 289.711273193359 289.631958007812 289.552612304688 289.473266601562 289.393920898438 289.434234619141 289.514465332031 289.594665527344 289.674865722656 289.755096435547 289.835296630859 289.91552734375 289.95458984375 289.870269775391 289.785949707031 289.70166015625 289.617340087891 289.533020019531 289.448699951172 289.364379882812 289.419647216797 289.521423339844 289.623229980469 289.725036621094 289.826812744141 289.928619384766 290.030426025391 290.140350341797 290.274719238281 290.409057617188
293.887817382812 293.629943847656 293.372100830078 293.1142578125 292.856384277344 292.598541259766 292.287048339844 291.957672119141 291.628265380859 291.298889160156 290.969512939453 290.64013671875 290.310760498047 290.042327880859 289.956787109375 289.871215820312 289.78564453125 289.700073242188 289.614501953125 289.528961181641 289.443389892578 289.490753173828 289.582458496094 289.674133300781 289.765808105469 289.857513427734 289.949188232422 290.040893554688 290.086456298828 289.993743896484 289.901000976562 289.808288574219 289.715545654297 289.622833251953 289.530090332031 289.437377929688 289.481750488281 289.571807861328 289.661865234375 289.751922607422 289.841979980469 289.932067871094 290.022125244141 290.123443603516 290.258514404297 290.393615722656
294.133331298828 293.872406005859 293.611480712891 293.350524902344 293.089599609375 292.828674316406 292.5029296875 292.155578613281 291.808227539062 291.460876464844 291.113525390625 290.766174316406 290.418823242188 290.135375976562 290.043579101562 289.951782226562 289.860015869141 289.768218994141 289.676422119141 289.584655761719 289.492858886719 289.547271728516 289.650451660156 289.753601074219 289.856750488281 289.959930419922 290.063079833984 290.166259765625 290.218322753906 290.1171875 290.016052246094 289.914916992188 289.813781738281 289.712646484375 289.611511230469 289.510375976562 289.543823242188 289.622161865234 289.700500488281 289.778839111328 289.857177734375 289.935485839844 290.013824462891 290.106536865234 290.242340087891 290.378143310547
294.33642578125 294.083038330078 293.829650878906 293.576293945312 293.322906494141 293.069519042969 292.742584228516 292.39111328125 292.039672851562 291.688201904297 291.336730957031 290.985260009766 290.633819580078 290.346282958984 290.250549316406 290.15478515625 290.059051513672 289.963317871094 289.867584228516 289.771850585938 289.676116943359 289.723937988281 289.819610595703 289.915313720703 290.010986328125 290.106658935547 290.202331542969 290.298034667969 290.339263916016 290.217132568359 290.095031738281 289.972900390625 289.850769042969 289.728668212891 289.606536865234 289.484436035156 289.502532958984 289.5673828125 289.632232666016 289.697113037109 289.761962890625 289.826812744141 289.891662597656 289.977569580078 290.126586914062 290.275573730469
294.497009277344 294.261840820312 294.026672363281 293.791473388672 293.556304931641 293.321136474609 293.006042480469 292.664306640625 292.322601318359 291.980895996094 291.63916015625 291.297454833984 290.955718994141 290.675079345703 290.577667236328 290.480255126953 290.3828125 290.285400390625 290.18798828125 290.090576171875 289.9931640625 290.020751953125 290.089996337891 290.159240722656 290.228485107422 290.297729492188 290.366973876953 290.436218261719 290.44921875 290.293548583984 290.137878417969 289.982208251953 289.826538085938 289.670867919922 289.515197753906 289.359527587891 289.357818603516 289.407470703125 289.457092285156 289.506744384766 289.556365966797 289.606018066406 289.655639648438 289.736541748047 289.911224365234 290.085906982422
294.657623291016 294.440643310547 294.223663330078 294.006683349609 293.789703369141 293.572723388672 293.269500732422 292.937530517578 292.605529785156 292.273559570312 291.941589355469 291.609619140625 291.277648925781 291.003875732422 290.90478515625 290.805694580078 290.706604003906 290.607482910156 290.508392333984 290.409301757812 290.310211181641 290.317535400391 290.3603515625 290.403167724609 290.445983886719 290.48876953125 290.531585693359 290.574401855469 290.559204101562 290.369995117188 290.180755615234 289.991516113281 289.802307128906 289.613067626953 289.423858642578 289.234619140625 289.213134765625 289.247528076172 289.281951904297 289.316375732422 289.350799560547 289.385192871094 289.419616699219 289.495513916016 289.695892333984 289.896240234375
294.818237304688 294.619445800781 294.420654296875 294.221893310547 294.023101806641 293.824310302734 293.532958984375 293.210723876953 292.888488769531 292.566253662109 292.244018554688 291.921783447266 291.599548339844 291.332672119141 291.231903076172 291.131134033203 291.030364990234 290.929565429688 290.828796386719 290.72802734375 290.627258300781 290.614349365234 290.630706787109 290.647094726562 290.663452148438 290.679840087891 290.696228027344 290.712585449219 290.669189453125 290.446411132812 290.2236328125 290.000823974609 289.778045654297 289.555267333984 289.332489013672 289.109710693359 289.068420410156 289.087615966797 289.106811523438 289.126007080078 289.145202636719 289.164398193359 289.18359375 289.254516601562 289.480529785156 289.706573486328
