resources/Exp000_Example-Run/Run01_M2/TimeSeries/2000/selection_set/qinfil_avg.asc
NCOLS 265 
NROWS 230 
XLLCORNER -115.5625 
YLLCORNER 24.8333333333333 
CELLSIZE 0.0833333333333333 
NODATA_value -9999 
[rows 126 to 143 of 230, columns 0 to 40 of 265]
2.64167033492413e-06 2.54381257036584e-06 2.44595480580756e-06 2.3480968138756e-06 2.25023904931732e-06 2.15238128475903e-06 2.05452352020075e-06 2.17222668652539e-06 2.3617835722689e-06 2.55134023063874e-06 2.74089711638226e-06 2.93045400212577e-06 3.12001066049561e-06 3.30956754623912e-06 3.4869324281317e-06 3.62772107109777e-06 3.76850971406384e-06 3.90929835702991e-06 4.05008722736966e-06 4.19087609770941e-06 4.3316645133018e-06 4.47245338364155e-06 4.52770837000571e-06 4.5544525164587e-06 4.58119620816433e-06 4.60794035461731e-06 4.63468404632295e-06 4.66142819277593e-06 4.68817188448156e-06 4.73740419693058e-06 4.85410191686242e-06 4.97079963679425e-06 5.08749735672609e-06 5.20419507665792e-06 5.32089279658976e-06 5.43759006177424e-06 5.55428778170608e-06 5.67800907447236e-06 5.80407095185365e-06 5.93013328398229e-06 6.05619561611093e-06
2.68336134467972e-06 2.57666283687286e-06 2.46996455643966e-06 2.36326627600647e-06 2.25656799557328e-06 2.14986971514008e-06 2.04317120733322e-06 2.1565713268501e-06 2.34333742810122e-06 2.53010352935235e-06 2.71686963060347e-06 2.90363573185459e-06 3.09040183310572e-06 3.27716793435684e-06 3.45066973750363e-06 3.5843788737111e-06 3.71808800991857e-06 3.85179737349972e-06 3.98550628233352e-06 4.11921564591466e-06 4.25292455474846e-06 4.38663391832961e-06 4.43826729679131e-06 4.46254216512898e-06 4.4868165787193e-06 4.51109144705697e-06 4.53536631539464e-06 4.55964118373231e-06 4.58391559732263e-06 4.63030892206007e-06 4.74305807074415e-06 4.85580721942824e-06 4.96855636811233e-06 5.08130551679642e-06 5.19405466548051e-06 5.30680335941724e-06 5.41955250810133e-06 5.54254438611679e-06 5.66895096199005e-06 5.79535708311596e-06 5.92176320424187e-06
2.72505212706164e-06 2.60951333075354e-06 2.49397453444544e-06 2.37843573813734e-06 2.26289671445556e-06 2.14735791814746e-06 2.03181912183936e-06 2.14091596717481e-06 2.32489128393354e-06 2.50886660069227e-06 2.69284214482468e-06 2.87681746158341e-06 3.06079277834215e-06 3.24476832247456e-06 3.41440704687557e-06 3.54103667632444e-06 3.66766630577331e-06 3.79429593522218e-06 3.92092533729738e-06 4.04755519411992e-06 4.17418459619512e-06 4.30081445301767e-06 4.34882576882956e-06 4.37063135905191e-06 4.39243694927427e-06 4.41424299424398e-06 4.43604858446633e-06 4.45785417468869e-06 4.47965976491105e-06 4.5232141019369e-06 4.63201422462589e-06 4.74081480206223e-06 4.84961537949857e-06 4.95841595693491e-06 5.06721653437125e-06 5.17601665706025e-06 5.28481723449659e-06 5.40708015250857e-06 5.5338305173791e-06 5.66058088224963e-06 5.78733124712016e-06
2.76674313681724e-06 2.64236382463423e-06 2.51798428507755e-06 2.39360497289454e-06 2.26922566071153e-06 2.14484612115484e-06 2.02046680897183e-06 2.12526060749951e-06 2.30644513976586e-06 2.48762989940587e-06 2.66881443167222e-06 2.84999919131224e-06 3.03118395095225e-06 3.2123684832186e-06 3.37814458362118e-06 3.49769470631145e-06 3.61724460162804e-06 3.73679472431832e-06 3.85634484700859e-06 3.97589474232518e-06 4.09544463764178e-06 4.21499498770572e-06 4.25938469561515e-06 4.2787210077222e-06 4.29805777457659e-06 4.31739408668363e-06 4.33673039879068e-06 4.35606716564507e-06 4.37540347775212e-06 4.41611882706638e-06 4.52097083325498e-06 4.62582238469622e-06 4.73067439088481e-06 4.83552639707341e-06 4.940378403262e-06 5.04522995470325e-06 5.15008196089184e-06 5.27161591890035e-06 5.39871007276815e-06 5.52580468138331e-06 5.65289928999846e-06
2.80843414657284e-06 2.67521409114124e-06 2.54199426308332e-06 2.40877443502541e-06 2.27555437959381e-06 2.1423345515359e-06 2.00911472347798e-06 2.10960502045054e-06 2.28799899559817e-06 2.4663929707458e-06 2.64478694589343e-06 2.82318092104106e-06 3.00157489618869e-06 3.17996887133631e-06 3.34188189299311e-06 3.45435250892479e-06 3.56682289748278e-06 3.67929328604077e-06 3.79176390197244e-06 3.90423429053044e-06 4.01670467908843e-06 4.12917506764643e-06 4.1699431676534e-06 4.18681065639248e-06 4.20367814513156e-06 4.22054517912329e-06 4.23741266786237e-06 4.25428015660145e-06 4.27114719059318e-06 4.30902355219587e-06 4.40992698713671e-06 4.51083042207756e-06 4.61173340227106e-06 4.7126368372119e-06 4.81354027215275e-06 4.91444325234625e-06 5.01534668728709e-06 5.13615123054478e-06 5.26359008290456e-06 5.39102848051698e-06 5.5184668781294e-06
2.85012492895476e-06 2.70806458502193e-06 2.5660042410891e-06 2.4239436697826e-06 2.28188332584978e-06 2.13982275454327e-06 1.99776241061045e-06 2.09394966077525e-06 2.26955307880417e-06 2.4451562694594e-06 2.62075946011464e-06 2.79636265076988e-06 2.97196606879879e-06 3.14756925945403e-06 3.30561942973873e-06 3.41101031153812e-06 3.51640119333751e-06 3.62179207513691e-06 3.7271829569363e-06 3.8325738387357e-06 3.93796472053509e-06 4.04335560233449e-06 4.080502094439e-06 4.09490030506277e-06 4.10929851568653e-06 4.1236967263103e-06 4.13809493693407e-06 4.15249314755783e-06 4.1668913581816e-06 4.20192827732535e-06 4.29888314101845e-06 4.39583800471155e-06 4.4927924136573e-06 4.5897472773504e-06 4.6867021410435e-06 4.78365654998925e-06 4.88061141368235e-06 5.00068699693657e-06 5.12846963829361e-06 5.25625227965065e-06 5.3840349210077e-06
2.91429910248553e-06 2.76730997939012e-06 2.62032062892104e-06 2.47333150582563e-06 2.32634215535654e-06 2.17935280488746e-06 2.03236368179205e-06 2.12220902540139e-06 2.29099919124565e-06 2.45978958446358e-06 2.62857975030784e-06 2.79737014352577e-06 2.96616030937003e-06 3.13495047521428e-06 3.28719920617004e-06 3.38982340508664e-06 3.49244760400325e-06 3.59507180291985e-06 3.69769600183645e-06 3.80032020075305e-06 3.90294417229597e-06 4.00556837121258e-06 4.04299498768523e-06 4.05868831876433e-06 4.07438210459077e-06 4.09007589041721e-06 4.1057692214963e-06 4.12146300732275e-06 4.13715679314919e-06 4.17320688939071e-06 4.27032728111953e-06 4.36744767284836e-06 4.46456806457718e-06 4.561688456306e-06 4.65880884803482e-06 4.75592878501629e-06 4.85304917674512e-06 4.97572000313085e-06 5.10690733790398e-06 5.23809512742446e-06 5.36928246219759e-06
3.00095643979148e-06 2.85295004687214e-06 2.70494388132647e-06 2.55693748840713e-06 2.40893109548779e-06 2.26092470256845e-06 2.1129183096491e-06 2.19438288695528e-06 2.35233801504364e-06 2.51029291575833e-06 2.66824781647301e-06 2.82620294456137e-06 2.98415784527606e-06 3.14211274599074e-06 3.28662167703442e-06 3.39079201694403e-06 3.49496212947997e-06 3.59913246938959e-06 3.7033028092992e-06 3.80747292183514e-06 3.91164303437108e-06 4.0158133742807e-06 4.05742139264476e-06 4.07817515224451e-06 4.09892891184427e-06 4.11968267144402e-06 4.14043643104378e-06 4.16119019064354e-06 4.18194395024329e-06 4.22285938839195e-06 4.32425940743997e-06 4.42565942648798e-06 4.52705990028335e-06 4.62845991933136e-06 4.72985993837938e-06 4.83125995742739e-06 4.93266043122276e-06 5.06125024912762e-06 5.19890363648301e-06 5.3365570238384e-06 5.47421041119378e-06
3.08761377709743e-06 2.93859034172783e-06 2.78956690635823e-06 2.64054347098863e-06 2.49152003561903e-06 2.34249637287576e-06 2.19347293750616e-06 2.26655697588285e-06 2.41367661146796e-06 2.56079624705308e-06 2.70791611001187e-06 2.85503574559698e-06 3.00215538118209e-06 3.14927524414088e-06 3.28604414789879e-06 3.39176040142775e-06 3.4974766549567e-06 3.60319313585933e-06 3.70890938938828e-06 3.81462587029091e-06 3.92034235119354e-06 4.02605837734882e-06 4.07184779760428e-06 4.0976619857247e-06 4.12347571909777e-06 4.14928945247084e-06 4.17510364059126e-06 4.20091737396433e-06 4.2267311073374e-06 4.27251143264584e-06 4.3781915337604e-06 4.48387163487496e-06 4.58955128124217e-06 4.69523138235672e-06 4.80091148347128e-06 4.90659112983849e-06 5.01227123095305e-06 5.1467804951244e-06 5.29089993506204e-06 5.43501892025233e-06 5.57913790544262e-06
3.17427111440338e-06 3.02423063658352e-06 2.87418993138999e-06 2.72414945357013e-06 2.5741087483766e-06 2.42406827055675e-06 2.27402756536321e-06 2.33873083743674e-06 2.47501520789228e-06 2.6112998057215e-06 2.74758417617704e-06 2.88386854663258e-06 3.0201531444618e-06 3.15643751491734e-06 3.28546639138949e-06 3.39272878591146e-06 3.4999914078071e-06 3.60725380232907e-06 3.71451619685104e-06 3.821778591373e-06 3.92904121326865e-06 4.03630338041694e-06 4.08627465731115e-06 4.11714881920489e-06 4.14802252635127e-06 4.178896688245e-06 4.20977039539139e-06 4.24064455728512e-06 4.27151826443151e-06 4.32216393164708e-06 4.43212366008083e-06 4.54208338851458e-06 4.65204311694833e-06 4.76200284538209e-06 4.87196257381584e-06 4.98192275699694e-06 5.09188248543069e-06 5.23231074112118e-06 5.38289577889373e-06 5.53348081666627e-06 5.68406585443881e-06
3.26092845170933e-06 3.10987093143922e-06 2.95881318379543e-06 2.80775543615164e-06 2.65669768850785e-06 2.50563994086406e-06 2.35458219322027e-06 2.41090469899063e-06 2.53635403169028e-06 2.66180313701625e-06 2.78725224234222e-06 2.91270134766819e-06 3.03815068036783e-06 3.1635997856938e-06 3.28488886225387e-06 3.39369739776885e-06 3.50250593328383e-06 3.61131446879881e-06 3.72012300431379e-06 3.8289313124551e-06 3.93774007534375e-06 4.04654838348506e-06 4.10070106227067e-06 4.13663519793772e-06 4.17256933360477e-06 4.20850346927182e-06 4.24443760493887e-06 4.28037174060591e-06 4.31630587627296e-06 4.37181597590097e-06 4.48605578640127e-06 4.60029514215421e-06 4.7145349526545e-06 4.8287747631548e-06 4.94301411890774e-06 5.05725392940803e-06 5.17149328516098e-06 5.31784144186531e-06 5.47489207747276e-06 5.63194271308021e-06 5.78899334868765e-06
3.34758578901528e-06 3.19551099892124e-06 3.04343620882719e-06 2.89136141873314e-06 2.73928662863909e-06 2.58721183854504e-06 2.435137048451e-06 2.4830787879182e-06 2.5976926281146e-06 2.712306468311e-06 2.8269203085074e-06 2.94153437607747e-06 3.05614821627387e-06 3.17076205647027e-06 3.28431110574456e-06 3.39466578225256e-06 3.50502045876055e-06 3.61537513526855e-06 3.72572958440287e-06 3.83608448828454e-06 3.94643893741886e-06 4.05679338655318e-06 4.11512792197755e-06 4.15612203141791e-06 4.19711614085827e-06 4.23811025029863e-06 4.27910435973899e-06 4.32009892392671e-06 4.36109303336707e-06 4.42146847490221e-06 4.5399879127217e-06 4.65850735054119e-06 4.77702678836067e-06 4.89554622618016e-06 5.01406566399965e-06 5.13258510181913e-06 5.25110453963862e-06 5.40337168786209e-06 5.56688792130444e-06 5.73040460949414e-06 5.89392129768385e-06
3.45855892192048e-06 3.30636112266802e-06 3.15416309604188e-06 3.00196529678942e-06 2.84976727016328e-06 2.69756947091082e-06 2.54537144428468e-06 2.58170553024684e-06 2.68088365373842e-06 2.78006177723e-06 2.87923990072159e-06 2.97841802421317e-06 3.07759614770475e-06 3.17677427119634e-06 3.27776342601283e-06 3.38418567480403e-06 3.49060792359523e-06 3.59703017238644e-06 3.70345242117764e-06 3.80987466996885e-06 3.91629691876005e-06 4.02271916755126e-06 4.08742562285624e-06 4.13822726841317e-06 4.18902891397011e-06 4.23983055952704e-06 4.29063220508397e-06 4.3414338506409e-06 4.39223504145048e-06 4.46213880422874e-06 4.58934846392367e-06 4.7165581236186e-06 4.84376778331352e-06 4.97097744300845e-06 5.09818710270338e-06 5.2253967623983e-06 5.35260642209323e-06 5.51319999431144e-06 5.68492123420583e-06 5.85664201935288e-06 6.02836325924727e-06
3.59384785042494e-06 3.44242084793223e-06 3.29099384543952e-06 3.13956684294681e-06 2.9881398404541e-06 2.83671283796139e-06 2.68528583546868e-06 2.70678538072389e-06 2.78592710856174e-06 2.86506906377326e-06 2.94421079161111e-06 3.02335274682264e-06 3.10249470203416e-06 3.18163642987201e-06 3.26524559568497e-06 3.36225707542326e-06 3.45926832778787e-06 3.55627958015248e-06 3.65329105989076e-06 3.75030231225537e-06 3.84731356461998e-06 3.94432481698459e-06 4.01759507440147e-06 4.08295136367087e-06 4.14830765294028e-06 4.21366394220968e-06 4.27901977673173e-06 4.34437606600113e-06 4.40973235527053e-06 4.49382741862792e-06 4.63413789475453e-06 4.7744479161338e-06 4.91475839226041e-06 5.05506886838702e-06 5.19537934451364e-06 5.33568982064025e-06 5.47600029676687e-06 5.64732636121335e-06 5.82899065193487e-06 6.01065539740375e-06 6.19231968812528e-06
3.72913655155571e-06 3.57848057319643e-06 3.42782436746347e-06 3.27716838910419e-06 3.12651218337123e-06 2.97585620501195e-06 2.82519999927899e-06 2.83186523120094e-06 2.89097079075873e-06 2.95007635031652e-06 3.00918190987431e-06 3.06828746943211e-06 3.1273930289899e-06 3.18649858854769e-06 3.25272776535712e-06 3.34032824866881e-06 3.4279287319805e-06 3.51552921529219e-06 3.60312969860388e-06 3.69072995454189e-06 3.77833043785358e-06 3.86593092116527e-06 3.94776407119934e-06 4.02767500418122e-06 4.10758593716309e-06 4.18749687014497e-06 4.26740780312684e-06 4.34731873610872e-06 4.42722966909059e-06 4.52551557827974e-06 4.67892687083804e-06 4.83233816339634e-06 4.9857490012073e-06 5.1391602937656e-06 5.2925715863239e-06 5.44598242413485e-06 5.59939371669316e-06 5.78145272811526e-06 5.97306052441127e-06 6.16466832070728e-06 6.35627657175064e-06
3.86442525268649e-06 3.71454029846063e-06 3.5646551168611e-06 3.41476993526157e-06 3.26488475366205e-06 3.11499957206252e-06 2.96511439046299e-06 2.95694508167799e-06 2.99601424558205e-06 3.03508363685978e-06 3.07415280076384e-06 3.11322219204158e-06 3.15229135594564e-06 3.19136074722337e-06 3.24021016240295e-06 3.31839964928804e-06 3.39658913617313e-06 3.47477862305823e-06 3.55296810994332e-06 3.63115782420209e-06 3.70934731108719e-06 3.78753679797228e-06 3.87793352274457e-06 3.97239909943892e-06 4.06686467613326e-06 4.16133025282761e-06 4.25579582952196e-06 4.3502614062163e-06 4.44472698291065e-06 4.55720419267891e-06 4.7237163016689e-06 4.89022795591154e-06 5.05674006490153e-06 5.22325171914417e-06 5.38976337338681e-06 5.5562754823768e-06 5.72278713661944e-06 5.91557864026981e-06 6.11713039688766e-06 6.31868169875816e-06 6.52023300062865e-06
3.99971440856461e-06 3.85060002372484e-06 3.70148563888506e-06 3.55237148141896e-06 3.40325709657918e-06 3.25414293911308e-06 3.1050285542733e-06 3.08202470478136e-06 3.10105770040536e-06 3.12009069602937e-06 3.13912391902704e-06 3.15815691465104e-06 3.17718991027505e-06 3.19622290589905e-06 3.22769233207509e-06 3.29647082253359e-06 3.36524954036577e-06 3.43402825819794e-06 3.50280674865644e-06 3.57158546648861e-06 3.64036418432079e-06 3.70914267477929e-06 3.80810251954244e-06 3.91712273994926e-06 4.02614341510343e-06 4.13516363551025e-06 4.24418385591707e-06 4.35320407632389e-06 4.46222429673071e-06 4.58889280707808e-06 4.76850527775241e-06 4.94811774842674e-06 5.12773067384842e-06 5.30734314452275e-06 5.48695561519708e-06 5.6665680858714e-06 5.84618101129308e-06 6.04970500717172e-06 6.2611998146167e-06 6.47269462206168e-06 6.68418942950666e-06
4.13500310969539e-06 3.98665952161537e-06 3.83831638828269e-06 3.68997302757634e-06 3.54162966686999e-06 3.39328630616365e-06 3.2449429454573e-06 3.20710455525841e-06 3.20610138260236e-06 3.20509798257262e-06 3.20409480991657e-06 3.20309140988684e-06 3.20208823723078e-06 3.20108506457473e-06 3.21517450174724e-06 3.27454222315282e-06 3.3339099445584e-06 3.39327766596398e-06 3.45264538736956e-06 3.51201310877514e-06 3.57138083018071e-06 3.63074877895997e-06 3.73827174371399e-06 3.86184683520696e-06 3.98542169932625e-06 4.10899656344554e-06 4.23257188231219e-06 4.35614674643148e-06 4.47972161055077e-06 4.62058142147725e-06 4.81329470858327e-06 5.00600799568929e-06 5.1987212827953e-06 5.39143456990132e-06 5.58414785700734e-06 5.77686114411335e-06 5.96957443121937e-06 6.18383137407363e-06 6.4052696870931e-06 6.62670800011256e-06 6.84814631313202e-06
