resources/Exp000_Example-Run/Run01_M2/TimeSeries/2000/selection_set/qinfil_avg.asc
NCOLS 265 
NROWS 230 
XLLCORNER -115.5625 
YLLCORNER 24.8333333333333 
CELLSIZE 0.0833333333333333 
NODATA_value -9999 
[rows 36 to 53 of 230, columns 0 to 40 of 265]
9.31544946070062e-06 9.23722564039053e-06 9.15900182008045e-06 9.08077709027566e-06 9.00255326996557e-06 8.92432854016079e-06 8.8461047198507e-06 8.48905710881809e-06 8.039069143706e-06 7.58908072384656e-06 7.13909230398713e-06 6.68910388412769e-06 6.2391159190156e-06 5.78912749915617e-06 5.42053066965309e-06 5.29610997546115e-06 5.17168882652186e-06 5.04726767758257e-06 4.92284652864328e-06 4.79842537970399e-06 4.67400468551205e-06 4.54958353657275e-06 4.63693231722573e-06 4.79487107440946e-06 4.95281028634054e-06 5.11074904352427e-06 5.26868780070799e-06 5.42662655789172e-06 5.5845657698228e-06 5.8173841352982e-06 6.2748422351433e-06 6.73230078973575e-06 7.18975888958084e-06 7.64721698942594e-06 8.10467554401839e-06 8.56213318911614e-06 9.01959174370859e-06 9.36544893193059e-06 9.67410596786067e-06 9.98276391328545e-06 1.02914209492155e-05
9.21526134334272e-06 9.14875909074908e-06 9.08225683815544e-06 9.01575367606711e-06 8.94925142347347e-06 8.88274826138513e-06 8.8162460087915e-06 8.46354760142276e-06 8.01544956630096e-06 7.56735198592651e-06 7.11925440555206e-06 6.6711568251776e-06 6.22305924480315e-06 5.7749616644287e-06 5.4110482778924e-06 5.29968701812322e-06 5.18832575835404e-06 5.07696495333221e-06 4.96560369356303e-06 4.85424288854119e-06 4.74288162877201e-06 4.63152036900283e-06 4.71600333185052e-06 4.86576755065471e-06 5.0155317694589e-06 5.1652959882631e-06 5.31506066181464e-06 5.46482488061883e-06 5.61458909942303e-06 5.83900919082225e-06 6.28739690000657e-06 6.73578460919089e-06 7.1841723183752e-06 7.63256048230687e-06 8.08094773674384e-06 8.5293359006755e-06 8.97772315511247e-06 9.31936756387586e-06 9.62543072091648e-06 9.93149387795711e-06 1.02375570349977e-05
9.11507322598482e-06 9.06029254110763e-06 9.00551094673574e-06 8.95073026185855e-06 8.89594957698137e-06 8.84116798260948e-06 8.78638729773229e-06 8.43803718453273e-06 7.99182998889592e-06 7.54562324800645e-06 7.09941650711698e-06 6.65320931148017e-06 6.2070025705907e-06 5.76079582970124e-06 5.40156543138437e-06 5.3032640607853e-06 5.20496314493357e-06 5.10666222908185e-06 5.00836085848277e-06 4.91005994263105e-06 4.81175857203198e-06 4.71345765618025e-06 4.7950743464753e-06 4.93666402689996e-06 5.07825370732462e-06 5.21984338774928e-06 5.36143306817394e-06 5.5030227485986e-06 5.64461242902325e-06 5.86063379159896e-06 6.29995111012249e-06 6.73926842864603e-06 7.17858574716956e-06 7.6179030656931e-06 8.05721992946928e-06 8.49653770274017e-06 8.93585456651635e-06 9.27328619582113e-06 9.5767545644776e-06 9.88022384262877e-06 1.01836931207799e-05
9.01488510862691e-06 8.97182599146618e-06 8.92876596481074e-06 8.88570684765e-06 8.84264773048926e-06 8.79958770383382e-06 8.75652858667308e-06 8.4125267676427e-06 7.96821041149087e-06 7.52389451008639e-06 7.07957815393456e-06 6.63526225253008e-06 6.19094589637825e-06 5.74662999497377e-06 5.39208258487633e-06 5.30684155819472e-06 5.22160007676575e-06 5.13635905008414e-06 5.05111802340252e-06 4.96587699672091e-06 4.88063597003929e-06 4.79539448861033e-06 4.87414581584744e-06 5.00756050314521e-06 5.14097564519034e-06 5.27439078723546e-06 5.40780592928058e-06 5.54122061657836e-06 5.67463575862348e-06 5.88225884712301e-06 6.31250532023842e-06 6.74275224810117e-06 7.17299917596392e-06 7.60324610382668e-06 8.03349303168943e-06 8.46373950480483e-06 8.89398688741494e-06 9.2272048277664e-06 9.52807931753341e-06 9.82895380730042e-06 1.01298292065621e-05
8.91469699126901e-06 8.88335944182472e-06 8.85202098288573e-06 8.82068343344145e-06 8.78934588399716e-06 8.75800742505817e-06 8.72666987561388e-06 8.38701635075267e-06 7.94459083408583e-06 7.50216577216634e-06 7.05974025549949e-06 6.61731473883265e-06 6.17488967691315e-06 5.73246416024631e-06 5.3825997383683e-06 5.31041860085679e-06 5.23823746334529e-06 5.16605632583378e-06 5.09387518832227e-06 5.02169405081077e-06 4.94951291329926e-06 4.87733177578775e-06 4.95321683047223e-06 5.07845697939047e-06 5.20369758305606e-06 5.32893773197429e-06 5.45417833563988e-06 5.57941893930547e-06 5.70465908822371e-06 5.90388344789972e-06 6.32505998510169e-06 6.74623606755631e-06 7.16741260475828e-06 7.58858914196026e-06 8.00976522441488e-06 8.4309422163642e-06 8.85211829881882e-06 9.18112255021697e-06 9.47940316109452e-06 9.77768468146678e-06 1.00759652923443e-05
8.81450887391111e-06 8.79489198268857e-06 8.77527600096073e-06 8.75566001923289e-06 8.73604403750505e-06 8.71642714628251e-06 8.69681116455467e-06 8.36150593386265e-06 7.92097125668079e-06 7.48043703424628e-06 7.03990235706442e-06 6.59936767988256e-06 6.1588330027007e-06 5.71829832551884e-06 5.37311689186026e-06 5.31399564351887e-06 5.25487484992482e-06 5.19575360158342e-06 5.13663235324202e-06 5.07751110490062e-06 5.01838985655922e-06 4.95926906296518e-06 5.03228784509702e-06 5.14935345563572e-06 5.26641952092177e-06 5.38348513146047e-06 5.50055119674653e-06 5.61761680728523e-06 5.73468241782393e-06 5.92550850342377e-06 6.33761419521761e-06 6.7497203417588e-06 7.16182603355264e-06 7.57393218009383e-06 7.98603832663503e-06 8.39814401842887e-06 8.81024971022271e-06 9.13504118216224e-06 9.43072791415034e-06 9.72641464613844e-06 1.00221013781265e-05
8.70457733981311e-06 8.69707400852349e-06 8.68957067723386e-06 8.68206734594423e-06 8.67456401465461e-06 8.66706068336498e-06 8.65955826157006e-06 8.34481852507452e-06 7.92766695667524e-06 7.51051538827596e-06 7.09336427462404e-06 6.67621270622476e-06 6.25906113782548e-06 5.84191002417356e-06 5.51385573999141e-06 5.45309330846067e-06 5.39233087692992e-06 5.33156844539917e-06 5.27080601386842e-06 5.21004358233768e-06 5.14928115080693e-06 5.08851871927618e-06 5.15131114298129e-06 5.25528867001412e-06 5.35926619704696e-06 5.4632437240798e-06 5.56722125111264e-06 5.67119877814548e-06 5.77517675992567e-06 5.95264873481938e-06 6.35060541753774e-06 6.7485621002561e-06 7.1465183282271e-06 7.54447501094546e-06 7.94243169366382e-06 8.34038837638218e-06 8.73834505910054e-06 9.05780416360358e-06 9.35109801503131e-06 9.64439186645905e-06 9.93768480839208e-06
8.58490329846973e-06 8.58990460983478e-06 8.59490501170512e-06 8.59990632307017e-06 8.60490763443522e-06 8.60990894580027e-06 8.61491025716532e-06 8.33695321489358e-06 7.96467793406919e-06 7.59240174375009e-06 7.22012600817834e-06 6.84785027260659e-06 6.47557453703484e-06 6.1032988014631e-06 5.8048158280144e-06 5.72771114093484e-06 5.65060599910794e-06 5.57350085728103e-06 5.49639617020148e-06 5.41929102837457e-06 5.34218634129502e-06 5.26508119946811e-06 5.31028672412504e-06 5.39626262252568e-06 5.48223806617898e-06 5.56821396457963e-06 5.65418986298027e-06 5.74016530663357e-06 5.82614120503422e-06 5.98530505158124e-06 6.36403319731471e-06 6.74276134304819e-06 7.12148948878166e-06 7.50021808926249e-06 7.87894623499596e-06 8.25767438072944e-06 8.63640252646292e-06 8.94941149454098e-06 9.24051346373744e-06 9.5316154329339e-06 9.82271740213037e-06
8.46522925712634e-06 8.48273430165136e-06 8.50024025567109e-06 8.51774530019611e-06 8.53525125421584e-06 8.55275629874086e-06 8.57026225276059e-06 8.32908790471265e-06 8.00168800196843e-06 7.67428809922421e-06 7.34688819648e-06 7.01948783898843e-06 6.69208793624421e-06 6.36468803349999e-06 6.09577591603738e-06 6.00232851866167e-06 5.90888112128596e-06 5.81543372391025e-06 5.72198632653453e-06 5.62853892915882e-06 5.53509153178311e-06 5.44164367966005e-06 5.46926230526878e-06 5.53723612028989e-06 5.60521039005835e-06 5.67318420507945e-06 5.74115802010056e-06 5.80913183512166e-06 5.87710610489012e-06 6.01796136834309e-06 6.37746097709169e-06 6.73696104058763e-06 7.09646110408357e-06 7.45596071283217e-06 7.81546077632811e-06 8.1749603850767e-06 8.53445999382529e-06 8.84101791598368e-06 9.12992891244357e-06 9.41883899940876e-06 9.70774999586865e-06
8.34555521578295e-06 8.37556490296265e-06 8.40557459014235e-06 8.43558427732205e-06 8.46559396450175e-06 8.49560365168145e-06 8.52561424835585e-06 8.32122259453172e-06 8.03869897936238e-06 7.75617445469834e-06 7.4736499300343e-06 7.19112586011761e-06 6.90860133545357e-06 6.62607726553688e-06 6.38673645880772e-06 6.27694635113585e-06 6.16715624346398e-06 6.05736613579211e-06 5.94757648286759e-06 5.83778637519572e-06 5.72799626752385e-06 5.61820661459933e-06 5.62823788641253e-06 5.67821007280145e-06 5.72818225919036e-06 5.77815444557928e-06 5.82812617722084e-06 5.87809836360975e-06 5.92807054999867e-06 6.05061768510495e-06 6.39088921161601e-06 6.73116073812707e-06 7.07143226463813e-06 7.41170379114919e-06 7.75197531766025e-06 8.09224638942396e-06 8.43251837068237e-06 8.73262524692109e-06 9.01934436114971e-06 9.30606347537832e-06 9.59278258960694e-06
8.22588117443956e-06 8.26839459477924e-06 8.31090892461361e-06 8.35342325444799e-06 8.39593758428236e-06 8.43845191411674e-06 8.48096624395112e-06 8.31335819384549e-06 8.07570904726163e-06 7.83806081017246e-06 7.60041211833595e-06 7.36276342649944e-06 7.12511473466293e-06 6.88746604282642e-06 6.6776965468307e-06 6.55156418361003e-06 6.425431365642e-06 6.29929900242132e-06 6.17316663920064e-06 6.04703382123262e-06 5.92090145801194e-06 5.79476909479126e-06 5.78721346755628e-06 5.81918402531301e-06 5.85115412832238e-06 5.88312423133175e-06 5.91509478908847e-06 5.94706489209784e-06 5.97903499510721e-06 6.08327354711946e-06 6.40431699139299e-06 6.72535998091917e-06 7.04640342519269e-06 7.36744641471887e-06 7.6884898589924e-06 8.00953330326593e-06 8.33057583804475e-06 8.62423257785849e-06 8.90875980985584e-06 9.19328704185318e-06 9.47781427385053e-06
8.10620622360148e-06 8.16122519609053e-06 8.21624325908488e-06 8.27126223157393e-06 8.32628029456828e-06 8.38129926705733e-06 8.43631823954638e-06 8.30549288366456e-06 8.11272002465557e-06 7.91994716564659e-06 7.72717430663761e-06 7.53440099288127e-06 7.34162813387229e-06 7.14885527486331e-06 6.96865663485369e-06 6.82618156133685e-06 6.68370648782002e-06 6.54123186905053e-06 6.3987567955337e-06 6.25628172201687e-06 6.11380664850003e-06 5.9713315749832e-06 5.94618904870003e-06 5.96015752307721e-06 5.97412599745439e-06 5.98809447183157e-06 6.00206294620875e-06 6.01603142058593e-06 6.02999989496311e-06 6.11592986388132e-06 6.41774477116996e-06 6.71955967845861e-06 7.02137458574725e-06 7.3231894930359e-06 7.62500440032454e-06 7.92681930761319e-06 8.22863421490183e-06 8.5158399087959e-06 8.79817525856197e-06 9.08051151782274e-06 9.36284686758881e-06
8.00277848611586e-06 8.07174092187779e-06 8.14070244814502e-06 8.20966488390695e-06 8.27862731966889e-06 8.34758884593612e-06 8.41655128169805e-06 8.30983208288671e-06 8.14455324871233e-06 7.97927441453794e-06 7.81399558036355e-06 7.64871674618917e-06 7.48343745726743e-06 7.31815816834569e-06 7.15636042514234e-06 7.0050059548521e-06 6.8536510298145e-06 6.70229655952426e-06 6.55094163448666e-06 6.39958716419642e-06 6.24823223915882e-06 6.09687776886858e-06 6.061620752007e-06 6.06506318945321e-06 6.06850517215207e-06 6.07194760959828e-06 6.07539004704449e-06 6.0788324844907e-06 6.08227492193691e-06 6.15616909271921e-06 6.44141891825711e-06 6.72666874379502e-06 7.01191856933292e-06 7.29716839487082e-06 7.58241822040873e-06 7.86766850069398e-06 8.15291787148453e-06 8.43227007862879e-06 8.70965595822781e-06 8.98704183782684e-06 9.26442862692056e-06
7.91559796198271e-06 7.99994268163573e-06 8.08428649179405e-06 8.16863121144706e-06 8.25297593110008e-06 8.3373206507531e-06 8.42166537040612e-06 8.32637579151196e-06 8.17120962892659e-06 8.01604255684651e-06 7.86087548476644e-06 7.70570932218106e-06 7.55054225010099e-06 7.39537563276826e-06 7.24080791769666e-06 7.08803645466105e-06 6.93526453687809e-06 6.78249307384249e-06 6.62972161080688e-06 6.47695014777128e-06 6.32417868473567e-06 6.17140722170006e-06 6.13350812272984e-06 6.1339001149463e-06 6.13429210716276e-06 6.13468409937923e-06 6.13507563684834e-06 6.13546762906481e-06 6.13585962128127e-06 6.20399077888578e-06 6.47533897790709e-06 6.74668717692839e-06 7.01803537594969e-06 7.289383574971e-06 7.5607317739923e-06 7.83207997301361e-06 8.10342862678226e-06 8.37352399685187e-06 8.64320190885337e-06 8.91287982085487e-06 9.18255864235107e-06
7.82841652835486e-06 7.92814353189897e-06 8.02787053544307e-06 8.12759753898717e-06 8.22732454253128e-06 8.32705154607538e-06 8.42677945911419e-06 8.34292040963192e-06 8.19786509964615e-06 8.05281069915509e-06 7.90775629866403e-06 7.76270189817296e-06 7.6176474976819e-06 7.47259309719084e-06 7.32525495550362e-06 7.17106695447001e-06 7.01687849868904e-06 6.86269004290807e-06 6.7085015871271e-06 6.55431313134613e-06 6.40012513031252e-06 6.24593667453155e-06 6.20539549345267e-06 6.20273704043939e-06 6.2000785874261e-06 6.19742013441282e-06 6.19476168139954e-06 6.19210322838626e-06 6.18944477537298e-06 6.25181246505235e-06 6.50925903755706e-06 6.76670561006176e-06 7.02415218256647e-06 7.28159875507117e-06 7.53904532757588e-06 7.79649235482793e-06 8.05393847258529e-06 8.31477791507496e-06 8.57674785947893e-06 8.8387178038829e-06 9.10068865778157e-06
7.74123509472702e-06 7.85634529165691e-06 7.9714545790921e-06 8.08656386652729e-06 8.20167406345718e-06 8.31678335089236e-06 8.43189354782226e-06 8.35946411825716e-06 8.22452147986041e-06 8.08957975095836e-06 7.95463711256161e-06 7.81969447416486e-06 7.68475274526281e-06 7.54981056161341e-06 7.40970244805794e-06 7.25409699953161e-06 7.09849200575263e-06 6.94288701197365e-06 6.78728156344732e-06 6.63167656966834e-06 6.47607112114201e-06 6.32046612736303e-06 6.27728331892285e-06 6.27157442067983e-06 6.26586506768945e-06 6.26015616944642e-06 6.25444727120339e-06 6.24873837296036e-06 6.24302947471733e-06 6.29963415121892e-06 6.54317909720703e-06 6.78672404319514e-06 7.03026898918324e-06 7.27381393517135e-06 7.51735888115945e-06 7.76090382714756e-06 8.00444831838831e-06 8.25603183329804e-06 8.51029381010449e-06 8.76455578691093e-06 9.01881867321208e-06
7.65405457059387e-06 7.78454614192015e-06 7.91503862274112e-06 8.0455311035621e-06 8.17602267488837e-06 8.30651515570935e-06 8.43700763653032e-06 8.37600782688241e-06 8.25117786007468e-06 8.12634789326694e-06 8.0015179264592e-06 7.87668795965146e-06 7.75185799284372e-06 7.62702757128864e-06 7.49414948586491e-06 7.33712749934057e-06 7.18010551281623e-06 7.02308352629188e-06 6.86606153976754e-06 6.7090395532432e-06 6.55201756671886e-06 6.39499558019452e-06 6.34917068964569e-06 6.34041134617291e-06 6.33165200270014e-06 6.32289265922736e-06 6.31413331575459e-06 6.30537397228181e-06 6.29661462880904e-06 6.3474558373855e-06 6.577099156857e-06 6.80674247632851e-06 7.03638579580002e-06 7.26602911527152e-06 7.49567243474303e-06 7.72531529946718e-06 7.95495907368604e-06 8.19728575152112e-06 8.44383976073004e-06 8.69039467943367e-06 8.93694868864259e-06
7.56687313696602e-06 7.71274790167809e-06 7.85862266639015e-06 8.00449743110221e-06 8.15037219581427e-06 8.29624696052633e-06 8.44212172523839e-06 8.39255153550766e-06 8.27783424028894e-06 8.16311603557551e-06 8.04839874035679e-06 7.93368053564336e-06 7.81896324042464e-06 7.70424503571121e-06 7.57859697841923e-06 7.42015799914952e-06 7.26171947462717e-06 7.10328049535747e-06 6.94484151608776e-06 6.78640299156541e-06 6.62796401229571e-06 6.469525033026e-06 6.42105806036852e-06 6.409248271666e-06 6.39743848296348e-06 6.38562869426096e-06 6.37381890555844e-06 6.36200911685592e-06 6.35019978290075e-06 6.39527752355207e-06 6.61101921650697e-06 6.82676090946188e-06 7.04250260241679e-06 7.2582442953717e-06 7.4739859883266e-06 7.68972768128151e-06 7.90546891948907e-06 8.1385396697442e-06 8.3773857113556e-06 8.6162326624617e-06 8.85507870407309e-06
