resources/Exp000_Example-Run/Run01_M2/TimeSeries/2000/selection_set/qinfil_avg.asc
NCOLS 265 
NROWS 230 
XLLCORNER -115.5625 
YLLCORNER 24.8333333333333 
CELLSIZE 0.0833333333333333 
NODATA_value -9999 
[rows 54 to 71 of 230, columns 0 to 40 of 265]
7.43425607652171e-06 7.58823398427921e-06 7.74221189203672e-06 7.89618934504688e-06 8.05016679805703e-06 8.20414516056189e-06 8.35812261357205e-06 8.31780107546365e-06 8.2127135101473e-06 8.10762594483094e-06 8.00253837951459e-06 7.89745081419824e-06 7.79236324888188e-06 7.68727568356553e-06 7.56956160330446e-06 7.41396752346191e-06 7.2583738983667e-06 7.10277981852414e-06 6.94718573868158e-06 6.79159211358638e-06 6.63599803374382e-06 6.48040440864861e-06 6.43415614831611e-06 6.4243572523992e-06 6.41455790173495e-06 6.4047585510707e-06 6.39495920040645e-06 6.3851598497422e-06 6.37536095382529e-06 6.42151553620351e-06 6.63553237245651e-06 6.84954966345686e-06 7.06356649970985e-06 7.27758333596285e-06 7.49160017221584e-06 7.70561746321619e-06 7.91963429946918e-06 8.14322265796363e-06 8.37000243336661e-06 8.59678220876958e-06 8.82356107467785e-06
7.25620384400827e-06 7.41100484447088e-06 7.56580629968084e-06 7.7206068453961e-06 7.87540830060607e-06 8.03020975581603e-06 8.18501030153129e-06 8.15175644675037e-06 8.05581657914445e-06 7.95987762103323e-06 7.86393775342731e-06 7.76799879531609e-06 7.67205892771017e-06 7.5761195148516e-06 7.46704336052062e-06 7.31855607227772e-06 7.17006878403481e-06 7.02158195053926e-06 6.87309466229635e-06 6.72460737405345e-06 6.5761205405579e-06 6.42763325231499e-06 6.38846540823579e-06 6.38573783362517e-06 6.3830098042672e-06 6.38028177490924e-06 6.37755420029862e-06 6.37482617094065e-06 6.37209814158268e-06 6.42616942059249e-06 6.65063862470561e-06 6.87510782881873e-06 7.09957703293185e-06 7.32404623704497e-06 7.54851544115809e-06 7.77298464527121e-06 7.99745339463698e-06 8.21133562567411e-06 8.42168901726836e-06 8.63204240886262e-06 8.84239580045687e-06
7.07815161149483e-06 7.2337761594099e-06 7.38940070732497e-06 7.54502525524003e-06 7.7006498031551e-06 7.85627435107017e-06 8.01189889898524e-06 7.98571181803709e-06 7.8989205576363e-06 7.81212929723551e-06 7.72533803683473e-06 7.63854586693924e-06 7.5517550612858e-06 7.46496380088502e-06 7.36452511773678e-06 7.22314462109352e-06 7.08176412445027e-06 6.94038362780702e-06 6.79900358591112e-06 6.65762308926787e-06 6.51624259262462e-06 6.37486209598137e-06 6.34277466815547e-06 6.34711796010379e-06 6.35146170679945e-06 6.35580499874777e-06 6.36014874544344e-06 6.36449203739176e-06 6.36883578408742e-06 6.43082375972881e-06 6.6657448769547e-06 6.90066644892795e-06 7.1355880209012e-06 7.37050913812709e-06 7.60543071010034e-06 7.84035182732623e-06 8.07527339929948e-06 8.27944950287929e-06 8.47337651066482e-06 8.66730351845035e-06 8.86123143573059e-06
6.90009892423404e-06 7.05654701960157e-06 7.21299511496909e-06 7.36944321033661e-06 7.52589130570414e-06 7.68233894632431e-06 7.83878749643918e-06 7.81966718932381e-06 7.74202362663345e-06 7.6643800639431e-06 7.5867369560001e-06 7.50909384805709e-06 7.43145074011409e-06 7.35380763217108e-06 7.26200687495293e-06 7.12773316990933e-06 6.99345946486574e-06 6.85918575982214e-06 6.72491205477854e-06 6.59063834973495e-06 6.45636464469135e-06 6.32209093964775e-06 6.29708392807515e-06 6.30849854132975e-06 6.31991360933171e-06 6.33132867733366e-06 6.34274329058826e-06 6.35415835859021e-06 6.36557297184481e-06 6.43547764411778e-06 6.6808511292038e-06 6.92622506903717e-06 7.17159855412319e-06 7.41697203920921e-06 7.66234552429523e-06 7.90771900938125e-06 8.15309340396198e-06 8.34756247058976e-06 8.52506400406128e-06 8.70256462803809e-06 8.8800661615096e-06
6.72204669172061e-06 6.87931787979323e-06 7.03658952261321e-06 7.19386116543319e-06 7.35113235350582e-06 7.5084039963258e-06 7.66567518439842e-06 7.65362165111583e-06 7.58512669563061e-06 7.51663174014539e-06 7.44813678466016e-06 7.37964182917494e-06 7.31114641894237e-06 7.24265146345715e-06 7.15948863216909e-06 7.03232171872514e-06 6.9051548052812e-06 6.77798789183726e-06 6.65082097839331e-06 6.52365406494937e-06 6.39648715150543e-06 6.26932023806148e-06 6.25139318799484e-06 6.26987912255572e-06 6.28836551186396e-06 6.3068519011722e-06 6.32533783573308e-06 6.34382422504132e-06 6.36231061434955e-06 6.44013152850675e-06 6.6959573814529e-06 6.95178323439904e-06 7.20760908734519e-06 7.46343494029134e-06 7.71926079323748e-06 7.97508710093098e-06 8.23091249912977e-06 8.41567543830024e-06 8.57675058796303e-06 8.73782573762583e-06 8.89890088728862e-06
6.54399400445982e-06 6.70208919473225e-06 6.86018393025734e-06 7.01827866578242e-06 7.17637385605485e-06 7.33446859157993e-06 7.49256332710502e-06 7.48757702240255e-06 7.42823021937511e-06 7.36888341634767e-06 7.30953615857288e-06 7.25018935554544e-06 7.19084255251801e-06 7.13149529474322e-06 7.05697038938524e-06 6.93691026754095e-06 6.81684969094931e-06 6.69678956910502e-06 6.57672944726073e-06 6.45666932541644e-06 6.33660920357215e-06 6.21654908172786e-06 6.20570199316717e-06 6.23125970378169e-06 6.25681741439621e-06 6.28237512501073e-06 6.30793283562525e-06 6.33349054623977e-06 6.35904825685429e-06 6.44478586764308e-06 6.711063633702e-06 6.97734185450827e-06 7.24362007531454e-06 7.50989784137346e-06 7.77617606217973e-06 8.042454282986e-06 8.30873250379227e-06 8.48378840601072e-06 8.62843808135949e-06 8.77308684721356e-06 8.91773652256234e-06
6.34119896858465e-06 6.50241554467357e-06 6.66363166601514e-06 6.8248477873567e-06 6.98606436344562e-06 7.14728048478719e-06 7.30849660612876e-06 7.31091267880402e-06 7.26039570508874e-06 7.20987827662611e-06 7.15936130291084e-06 7.10884387444821e-06 7.05832690073294e-06 7.00780947227031e-06 6.94233176545822e-06 6.83197276885039e-06 6.72161422698991e-06 6.61125523038208e-06 6.50089623377426e-06 6.39053723716643e-06 6.2801782405586e-06 6.16981969869812e-06 6.16588522461825e-06 6.19742513663368e-06 6.22896550339647e-06 6.26050587015925e-06 6.29204623692203e-06 6.32358614893747e-06 6.35512651570025e-06 6.44527608528733e-06 6.71125417284202e-06 6.97723180564935e-06 7.24320989320404e-06 7.50918752601137e-06 7.77516561356606e-06 8.04114370112075e-06 8.30712087918073e-06 8.4723424151889e-06 8.60397813085001e-06 8.73561384651111e-06 8.86724956217222e-06
6.1136615840951e-06 6.28029692961718e-06 6.44693272988661e-06 6.61356807540869e-06 6.78020387567813e-06 6.94683922120021e-06 7.11347502146964e-06 7.12362907506758e-06 7.0816231527715e-06 7.03961723047541e-06 6.99761130817933e-06 6.95560538588325e-06 6.91359946358716e-06 6.87159354129108e-06 6.81557321513537e-06 6.71751013214816e-06 6.61944704916095e-06 6.52138396617374e-06 6.42332088318653e-06 6.32525780019932e-06 6.22719471721211e-06 6.1291316342249e-06 6.13194151810603e-06 6.16837587585906e-06 6.20480977886473e-06 6.24124413661775e-06 6.27767803962342e-06 6.31411239737645e-06 6.35054630038212e-06 6.44160309093422e-06 6.69652854412561e-06 6.95145354256965e-06 7.20637899576104e-06 7.46130399420508e-06 7.71622944739647e-06 7.97115444584051e-06 8.22607944428455e-06 8.3813374658348e-06 8.50337164592929e-06 8.62540582602378e-06 8.74744091561297e-06
5.8861237448582e-06 6.05817876930814e-06 6.23023379375809e-06 6.40228836346068e-06 6.57434338791063e-06 6.74639795761323e-06 6.91845298206317e-06 6.9363459260785e-06 6.90285105520161e-06 6.86935618432472e-06 6.83586176819517e-06 6.80236689731828e-06 6.76887248118874e-06 6.73537761031184e-06 6.68881511955988e-06 6.60304749544594e-06 6.51728032607934e-06 6.43151315671275e-06 6.34574598734616e-06 6.25997836323222e-06 6.17421119386563e-06 6.08844402449904e-06 6.09799826634116e-06 6.13932616033708e-06 6.18065405433299e-06 6.2219819483289e-06 6.26331029707217e-06 6.30463819106808e-06 6.34596608506399e-06 6.43793009658111e-06 6.68180291540921e-06 6.92567527948995e-06 7.16954809831805e-06 7.41342046239879e-06 7.65729328122688e-06 7.90116610005498e-06 8.14503800938837e-06 8.290331606986e-06 8.40276516100857e-06 8.51519871503115e-06 8.62763226905372e-06
5.65858636036864e-06 5.83606015425175e-06 6.01353440288221e-06 6.19100865151267e-06 6.36848290014314e-06 6.5459571487736e-06 6.7234309426567e-06 6.74906232234207e-06 6.72407895763172e-06 6.69909559292137e-06 6.67411222821102e-06 6.64912886350066e-06 6.62414549879031e-06 6.59916213407996e-06 6.56205656923703e-06 6.48858485874371e-06 6.41511360299774e-06 6.34164189250441e-06 6.26817063675844e-06 6.19469892626512e-06 6.12122767051915e-06 6.04775641477318e-06 6.06405455982895e-06 6.1102764448151e-06 6.15649832980125e-06 6.2027202147874e-06 6.24894209977356e-06 6.29516398475971e-06 6.34138586974586e-06 6.434257102228e-06 6.6670772866928e-06 6.89989701641025e-06 7.13271720087505e-06 7.3655369305925e-06 7.5983571150573e-06 7.83117684477475e-06 8.06399657449219e-06 8.1993257481372e-06 8.30215867608786e-06 8.40499069454381e-06 8.50782271299977e-06
5.43104852113174e-06 5.61394199394272e-06 5.79683546675369e-06 5.97972893956467e-06 6.16262241237564e-06 6.34551588518661e-06 6.52840935799759e-06 6.56177871860564e-06 6.54530640531448e-06 6.52883454677067e-06 6.51236223347951e-06 6.4958903749357e-06 6.47941806164454e-06 6.46294620310073e-06 6.43529801891418e-06 6.37412222204148e-06 6.31294687991613e-06 6.25177108304342e-06 6.19059528617072e-06 6.12941994404537e-06 6.06824414717266e-06 6.00706835029996e-06 6.03011130806408e-06 6.08122718404047e-06 6.13234260526951e-06 6.18345848124591e-06 6.2345743572223e-06 6.28568977845134e-06 6.33680565442774e-06 6.43058410787489e-06 6.6523516579764e-06 6.87411875333055e-06 7.09588630343205e-06 7.31765339878621e-06 7.53942094888771e-06 7.76118849898921e-06 7.98295513959602e-06 8.1083207987831e-06 8.20155219116714e-06 8.29478267405648e-06 8.38801406644052e-06
5.20351113664219e-06 5.39182383363368e-06 5.58013653062517e-06 5.76844922761666e-06 5.95676192460814e-06 6.14507462159963e-06 6.33338731859112e-06 6.3744951148692e-06 6.36653430774459e-06 6.35857350061997e-06 6.35061269349535e-06 6.34265188637073e-06 6.33469107924611e-06 6.3267302721215e-06 6.30853946859133e-06 6.25965958533925e-06 6.21077970208717e-06 6.16190027358243e-06 6.11302039033035e-06 6.06414050707826e-06 6.01526062382618e-06 5.9663807405741e-06 5.99616805629921e-06 6.05217746851849e-06 6.10818688073778e-06 6.16419674770441e-06 6.22020615992369e-06 6.27621557214297e-06 6.33222543910961e-06 6.42691111352178e-06 6.63762602925999e-06 6.84834049025085e-06 7.05905540598906e-06 7.26976986697991e-06 7.48048478271812e-06 7.69119924370898e-06 7.90191370469984e-06 8.0173149399343e-06 8.10094570624642e-06 8.18457556306385e-06 8.26820541988127e-06
5.05013986185077e-06 5.23959852216649e-06 5.42905718248221e-06 5.61851584279793e-06 5.80797450311366e-06 5.99743316342938e-06 6.18689227849245e-06 6.2379585870076e-06 6.24289486950147e-06 6.24783069724799e-06 6.25276652499451e-06 6.25770235274103e-06 6.26263863523491e-06 6.26757446298143e-06 6.26285782345803e-06 6.22918241788284e-06 6.195507467055e-06 6.16183251622715e-06 6.12815756539931e-06 6.09448215982411e-06 6.06080720899627e-06 6.02713225816842e-06 6.06865160079906e-06 6.1352361626632e-06 6.20182072452735e-06 6.2684052863915e-06 6.3349893935083e-06 6.40157395537244e-06 6.46815851723659e-06 6.56752308714204e-06 6.76522859066608e-06 6.96293363944278e-06 7.16063914296683e-06 7.35834419174353e-06 7.55604969526757e-06 7.75375519879162e-06 7.95146024756832e-06 8.04538376542041e-06 8.10471374279587e-06 8.16404281067662e-06 8.22337278805207e-06
4.97093515150482e-06 5.15726651428849e-06 5.34359787707217e-06 5.52992923985585e-06 5.71626060263952e-06 5.9025919654232e-06 6.08892332820687e-06 6.15216958976816e-06 6.17438809058513e-06 6.19660613665474e-06 6.21882418272435e-06 6.24104268354131e-06 6.26326072961092e-06 6.28547877568053e-06 6.29825217401958e-06 6.28269071967225e-06 6.26712972007226e-06 6.25156826572493e-06 6.23600681137759e-06 6.22044581177761e-06 6.20488435743027e-06 6.18932290308294e-06 6.24756285105832e-06 6.3304032664746e-06 6.41324368189089e-06 6.49608409730718e-06 6.57892451272346e-06 6.66176492813975e-06 6.74460488880868e-06 6.85242002873565e-06 7.03515934219467e-06 7.2178986556537e-06 7.40063751436537e-06 7.5833768278244e-06 7.76611614128342e-06 7.94885545474244e-06 8.13159476820147e-06 8.19252636574674e-06 8.21285630081547e-06 8.2331862358842e-06 8.25351617095293e-06
4.89173089590622e-06 5.07493496115785e-06 5.25813857166213e-06 5.44134263691376e-06 5.62454670216539e-06 5.80775076741702e-06 5.9909543779213e-06 6.06638104727608e-06 6.10588131166878e-06 6.14538157606148e-06 6.18488184045418e-06 6.22438255959423e-06 6.26388282398693e-06 6.30338308837963e-06 6.33364652458113e-06 6.33619902146165e-06 6.33875151834218e-06 6.3413040152227e-06 6.34385651210323e-06 6.34640900898376e-06 6.34896150586428e-06 6.35151400274481e-06 6.42647410131758e-06 6.525570370286e-06 6.62466663925443e-06 6.72376290822285e-06 6.82285917719128e-06 6.9219554461597e-06 7.02105171512812e-06 7.13731697032927e-06 7.30509009372327e-06 7.47286321711726e-06 7.64063679525862e-06 7.80840946390526e-06 7.97618304204661e-06 8.14395571069326e-06 8.31172837933991e-06 8.33966987556778e-06 8.32099976832978e-06 8.30232966109179e-06 8.2836595538538e-06
4.81252618556027e-06 4.99260295327986e-06 5.17267926625209e-06 5.35275603397167e-06 5.53283280169126e-06 5.71290911466349e-06 5.89298588238307e-06 5.98059205003665e-06 6.03737453275244e-06 6.09415701546823e-06 6.15093995293137e-06 6.20772243564716e-06 6.26450491836295e-06 6.32128740107873e-06 6.36904087514267e-06 6.38970732325106e-06 6.41037377135945e-06 6.43103976472048e-06 6.45170621282887e-06 6.4723722061899e-06 6.49303865429829e-06 6.51370464765932e-06 6.60538535157684e-06 6.7207374740974e-06 6.83608959661797e-06 6.95144171913853e-06 7.06679384165909e-06 7.18214596417965e-06 7.29749808670022e-06 7.42221391192288e-06 7.57502129999921e-06 7.72782823332818e-06 7.88063516665716e-06 8.03344209998613e-06 8.18624903331511e-06 8.33905596664408e-06 8.49186289997306e-06 8.48681247589411e-06 8.42914323584409e-06 8.37147308629937e-06 8.31380384624936e-06
4.73332192996168e-06 4.91027094540186e-06 5.0872204155894e-06 5.26416943102959e-06 5.44111844646977e-06 5.61806791665731e-06 5.7950169320975e-06 5.89480305279722e-06 5.96886775383609e-06 6.04293245487497e-06 6.1169976106612e-06 6.19106231170008e-06 6.26512701273896e-06 6.33919216852519e-06 6.40443568045157e-06 6.44321562504047e-06 6.48199556962936e-06 6.52077551421826e-06 6.55955545880715e-06 6.5983358581434e-06 6.6371158027323e-06 6.67589574732119e-06 6.7842966018361e-06 6.9159045779088e-06 7.04751300872886e-06 7.17912098480156e-06 7.31072896087426e-06 7.44233693694696e-06 7.57394491301966e-06 7.7071108535165e-06 7.8449520515278e-06 7.9827932495391e-06 8.1206335380557e-06 8.258474736067e-06 8.3963159340783e-06 8.5341562225949e-06 8.6719974206062e-06 8.63395507622045e-06 8.5372857938637e-06 8.44061651150696e-06 8.34394722915022e-06
4.65411721961573e-06 4.82793893752387e-06 5.00176111017936e-06 5.1755828280875e-06 5.34940454599564e-06 5.52322671865113e-06 5.69704843655927e-06 5.80901405555778e-06 5.90036097491975e-06 5.99170834902907e-06 6.08305526839104e-06 6.174402187753e-06 6.26574910711497e-06 6.35709648122429e-06 6.43983003101312e-06 6.49672392682987e-06 6.55361782264663e-06 6.61051126371603e-06 6.66740515953279e-06 6.72429905534955e-06 6.7811929511663e-06 6.83808639223571e-06 6.96320785209537e-06 7.1110716817202e-06 7.2589359660924e-06 7.40679979571723e-06 7.55466362534207e-06 7.70252790971426e-06 7.8503917393391e-06 7.99200824985746e-06 8.11488280305639e-06 8.23775735625532e-06 8.36063281894894e-06 8.48350737214787e-06 8.6063819253468e-06 8.72925647854572e-06 8.85213194123935e-06 8.78109858604148e-06 8.64542926137801e-06 8.50975993671454e-06 8.37409061205108e-06
