resources/Exp000_Example-Run/Run01_M2/TimeSeries/2000/selection_set/t2m_avg.asc
NCOLS 265 
NROWS 230 
XLLCORNER -115.5625 
YLLCORNER 24.8333333333333 
CELLSIZE 0.0833333333333333 
NODATA_value -9999 
[rows 160 to 179 of 230, columns 184 to 229 of 265]
291.775238037109 291.756591796875 291.737915039062 291.743194580078 291.756439208984 291.769683837891 291.782958984375 291.796203613281 291.809448242188 291.822692871094 291.843078613281 291.884887695312 291.926696777344 291.968505859375 292.010314941406 292.052124023438 292.093933105469 292.1357421875 292.192230224609 292.253601074219 292.314971923828 292.376342773438 292.437713623047 292.499084472656 292.560455322266 292.619171142578 292.669921875 292.720672607422 292.771423339844 292.822174072266 292.872924804688 292.923675537109 292.974426269531 292.986328125 292.985290527344 292.984252929688 292.983215332031 292.982177734375 292.981140136719 292.980102539062 292.975433349609 292.9599609375 292.944488525391 292.929016113281 292.913513183594 292.898040771484
291.782867431641 291.757537841797 291.732177734375 291.732635498047 291.74169921875 291.750762939453 291.759826660156 291.768890380859 291.777954101562 291.787017822266 291.804901123047 291.849273681641 291.893646240234 291.938018798828 291.982391357422 292.026763916016 292.071136474609 292.115509033203 292.181427001953 292.254516601562 292.327606201172 292.400695800781 292.473785400391 292.546905517578 292.619995117188 292.687469482422 292.738037109375 292.788635253906 292.839202880859 292.889801025391 292.940368652344 292.990936279297 293.041534423828 293.051666259766 293.048309326172 293.044921875 293.041564941406 293.038208007812 293.034851074219 293.031494140625 293.025543212891 293.011840820312 292.998138427734 292.984436035156 292.970733642578 292.95703125
291.804443359375 291.770324707031 291.736175537109 291.732238769531 291.738403320312 291.744567871094 291.750732421875 291.756866455078 291.763031005859 291.769195556641 291.785217285156 291.830871582031 291.876525878906 291.922210693359 291.967864990234 292.013519287109 292.059173583984 292.104827880859 292.177551269531 292.259307861328 292.341033935547 292.422790527344 292.504547119141 292.586273193359 292.668029785156 292.742218017578 292.793792724609 292.845367431641 292.896911621094 292.948486328125 293.000030517578 293.051605224609 293.103149414062 293.112609863281 293.108062744141 293.103485107422 293.098907470703 293.094329833984 293.089782714844 293.085205078125 293.078643798828 293.066162109375 293.053680419922 293.041198730469 293.028717041016 293.016204833984
291.839996337891 291.794952392578 291.749877929688 291.742034912109 291.746551513672 291.751098632812 291.755645751953 291.760162353516 291.764709472656 291.769256591797 291.784088134766 291.829742431641 291.875396728516 291.921081542969 291.966735839844 292.012390136719 292.058074951172 292.103729248047 292.180633544922 292.267944335938 292.355285644531 292.442596435547 292.529907226562 292.617248535156 292.704559326172 292.783477783203 292.837158203125 292.890869140625 292.944549560547 292.998229980469 293.051940917969 293.105621337891 293.159301757812 293.169250488281 293.16455078125 293.159912109375 293.155242919922 293.150573730469 293.145874023438 293.141235351562 293.134765625 293.122924804688 293.111083984375 293.099243164062 293.08740234375 293.075592041016
291.875549316406 291.819580078125 291.763610839844 291.751800537109 291.754699707031 291.757629394531 291.760559082031 291.763488769531 291.766387939453 291.769317626953 291.782928466797 291.82861328125 291.874267578125 291.919952392578 291.965606689453 292.011291503906 292.056945800781 292.102630615234 292.183715820312 292.276611328125 292.369506835938 292.46240234375 292.555297851562 292.648193359375 292.741088867188 292.824737548828 292.880554199219 292.936370849609 292.9921875 293.048004150391 293.103820800781 293.159637451172 293.215454101562 293.225860595703 293.221069335938 293.21630859375 293.211547851562 293.206787109375 293.201995849609 293.197235107422 293.190856933594 293.1796875 293.168487548828 293.157318115234 293.146118164062 293.134948730469
291.911102294922 291.844207763672 291.777313232422 291.761566162109 291.762878417969 291.76416015625 291.765472412109 291.766784667969 291.76806640625 291.769378662109 291.781768798828 291.827453613281 291.873138427734 291.918823242188 291.964477539062 292.010162353516 292.055847167969 292.101531982422 292.186798095703 292.285278320312 292.383758544922 292.482208251953 292.580688476562 292.679168701172 292.777648925781 292.865966796875 292.923919677734 292.981872558594 293.039825439453 293.097778320312 293.155731201172 293.213684082031 293.271636962891 293.282470703125 293.277587890625 293.272735595703 293.267852783203 293.263000488281 293.258117675781 293.253265380859 293.246978759766 293.236450195312 293.225921630859 293.215362548828 293.204833984375 293.194305419922
291.946655273438 291.868835449219 291.791015625 291.771331787109 291.771026611328 291.770721435547 291.770385742188 291.770080566406 291.769775390625 291.769439697266 291.780639648438 291.826324462891 291.872009277344 291.917694091797 291.96337890625 292.009063720703 292.054748535156 292.100433349609 292.189880371094 292.2939453125 292.397979736328 292.502014160156 292.606079101562 292.710113525391 292.814178466797 292.9072265625 292.967315673828 293.027374267578 293.087463378906 293.147552490234 293.207611083984 293.267700195312 293.327789306641 293.339080810547 293.334106445312 293.329132080078 293.324157714844 293.319213867188 293.314239501953 293.309265136719 293.303070068359 293.293212890625 293.283325195312 293.2734375 293.263549804688 293.253662109375
291.982208251953 291.893493652344 291.804748535156 291.781097412109 291.779174804688 291.777252197266 291.775299072266 291.773376464844 291.771453857422 291.769500732422 291.779479980469 291.825164794922 291.870880126953 291.916564941406 291.962249755859 292.007934570312 292.053619384766 292.099334716797 292.192962646484 292.302581787109 292.412200927734 292.521820068359 292.631469726562 292.741088867188 292.850708007812 292.948486328125 293.010681152344 293.072875976562 293.135101318359 293.197296142578 293.259521484375 293.321716308594 293.383941650391 293.395690917969 293.390625 293.385559082031 293.380493164062 293.375427246094 293.370361328125 293.365295410156 293.359191894531 293.349945068359 293.340728759766 293.331512451172 293.322265625 293.313049316406
292.124603271484 292.030914306641 291.937255859375 291.910827636719 291.906829833984 291.902862548828 291.898864746094 291.894866943359 291.890869140625 291.886871337891 291.894622802734 291.937652587891 291.980712890625 292.023742675781 292.066772460938 292.109802246094 292.15283203125 292.195892333984 292.286804199219 292.393707275391 292.500610351562 292.607513427734 292.714385986328 292.8212890625 292.928192138672 293.023681640625 293.084930419922 293.146209716797 293.207489013672 293.268737792969 293.330017089844 293.391265869141 293.452545166016 293.463409423828 293.457458496094 293.451538085938 293.445587158203 293.439666748047 293.433715820312 293.427795410156 293.421356201172 293.413482666016 293.405609130859 293.397735595703 293.389862060547 293.381988525391
292.373809814453 292.281188964844 292.188568115234 292.160522460938 292.154022216797 292.147521972656 292.141021728516 292.134521484375 292.128021240234 292.121520996094 292.126068115234 292.163787841797 292.201507568359 292.239227294922 292.276947021484 292.314666748047 292.352386474609 292.390106201172 292.471435546875 292.567291259766 292.663146972656 292.759033203125 292.854888916016 292.950775146484 293.046630859375 293.132843017578 293.190093994141 293.247344970703 293.304595947266 293.361846923828 293.419128417969 293.476379394531 293.533630371094 293.542236328125 293.53466796875 293.527099609375 293.519500732422 293.511932373047 293.504333496094 293.496765136719 293.489624023438 293.483795166016 293.477966308594 293.472137451172 293.466339111328 293.460510253906
292.623016357422 292.531433105469 292.439849853516 292.410217285156 292.401184082031 292.392181396484 292.383178710938 292.374176025391 292.365173339844 292.356170654297 292.357513427734 292.389892578125 292.422302246094 292.454711914062 292.487091064453 292.519500732422 292.551910400391 292.584289550781 292.656036376953 292.740875244141 292.825714111328 292.910552978516 292.995391845703 293.080230712891 293.165069580078 293.242004394531 293.295257568359 293.348480224609 293.401733398438 293.454986572266 293.508209228516 293.561462402344 293.614685058594 293.62109375 293.611877441406 293.602630615234 293.593414306641 293.584197998047 293.574981689453 293.565734863281 293.557891845703 293.554107666016 293.550323486328 293.546569824219 293.542785644531 293.539031982422
292.872222900391 292.781677246094 292.691162109375 292.659881591797 292.648376464844 292.636871337891 292.625335693359 292.613830566406 292.602325439453 292.5908203125 292.588958740234 292.616027832031 292.643096923828 292.670196533203 292.697265625 292.724365234375 292.751434326172 292.778503417969 292.840637207031 292.914459228516 292.988250732422 293.062072753906 293.135894775391 293.209686279297 293.283508300781 293.351165771484 293.400390625 293.449645996094 293.498870849609 293.548095703125 293.597320556641 293.646545410156 293.695770263672 293.699920654297 293.689056396484 293.678192138672 293.667327880859 293.656463623047 293.645599365234 293.634735107422 293.626129150391 293.624420166016 293.622711181641 293.620971679688 293.619262695312 293.617523193359
293.121429443359 293.031951904297 292.942443847656 292.909576416016 292.895538330078 292.881530761719 292.867523193359 292.853485107422 292.839477539062 292.825469970703 292.820373535156 292.842132568359 292.863922119141 292.885681152344 292.907440185547 292.92919921875 292.950958251953 292.972717285156 293.025238037109 293.088043212891 293.150817871094 293.213592529297 293.276397705078 293.339172363281 293.401947021484 293.460327148438 293.505554199219 293.55078125 293.595977783203 293.641204833984 293.686431884766 293.731628417969 293.77685546875 293.778778076172 293.766265869141 293.753753662109 293.741241455078 293.728729248047 293.716217041016 293.703704833984 293.694396972656 293.694732666016 293.695068359375 293.695404052734 293.695709228516 293.696044921875
293.370635986328 293.282196044922 293.193756103516 293.159240722656 293.142730712891 293.126190185547 293.109680175781 293.093139648438 293.076629638672 293.060089111328 293.051818847656 293.068267822266 293.084716796875 293.101165771484 293.117614746094 293.134033203125 293.150482177734 293.166931152344 293.209869384766 293.261627197266 293.313385009766 293.365112304688 293.416870117188 293.468627929688 293.520385742188 293.569519042969 293.610717773438 293.651916503906 293.693115234375 293.734313964844 293.775512695312 293.816711425781 293.857940673828 293.857604980469 293.843444824219 293.829284667969 293.815155029297 293.800994873047 293.786834716797 293.772674560547 293.762664794922 293.765045166016 293.767425537109 293.769805908203 293.772186279297 293.774566650391
293.612670898438 293.530029296875 293.447387695312 293.412078857422 293.392578125 293.373077392578 293.353576660156 293.334045410156 293.314544677734 293.295043945312 293.283081054688 293.293762207031 293.304443359375 293.315124511719 293.325836181641 293.336517333984 293.347198486328 293.357879638672 293.392791748047 293.435791015625 293.478759765625 293.521759033203 293.564758300781 293.607727050781 293.650726318359 293.691650390625 293.726318359375 293.760986328125 293.795654296875 293.830322265625 293.864990234375 293.899658203125 293.934326171875 293.933349609375 293.920440673828 293.907531738281 293.894653320312 293.881744384766 293.868835449219 293.85595703125 293.84716796875 293.850677490234 293.854187011719 293.857727050781 293.861236572266 293.864776611328
293.847503662109 293.775421142578 293.703338623047 293.668090820312 293.645111083984 293.622161865234 293.599182128906 293.576202392578 293.553253173828 293.5302734375 293.51416015625 293.518646240234 293.523132324219 293.527618408203 293.532104492188 293.536590576172 293.541076660156 293.545562744141 293.574035644531 293.610534667969 293.647003173828 293.683502197266 293.720001220703 293.756469726562 293.79296875 293.826751708984 293.852355957031 293.877990722656 293.903594970703 293.929229736328 293.954833984375 293.98046875 294.006103515625 294.005950927734 293.997222900391 293.988464355469 293.979736328125 293.971008300781 293.962249755859 293.953521728516 293.947906494141 293.95166015625 293.955413818359 293.959136962891 293.962890625 293.966644287109
294.082366943359 294.020812988281 293.959289550781 293.924072265625 293.897644042969 293.871215820312 293.844787597656 293.818359375 293.791931152344 293.765502929688 293.745269775391 293.743560791016 293.741821289062 293.740112304688 293.738403320312 293.736663818359 293.734954833984 293.733245849609 293.755279541016 293.785278320312 293.815277099609 293.845245361328 293.875244140625 293.905212402344 293.935211181641 293.961853027344 293.978424072266 293.994995117188 294.011566162109 294.028137207031 294.044708251953 294.061279296875 294.077850341797 294.078552246094 294.073974609375 294.069396972656 294.064819335938 294.060241699219 294.055694580078 294.051116943359 294.048675537109 294.052642822266 294.056610107422 294.060577392578 294.064544677734 294.068511962891
294.317199707031 294.266204833984 294.215240478516 294.180084228516 294.150177001953 294.120300292969 294.090423583984 294.060516357422 294.030639648438 294.000762939453 293.976348876953 293.968444824219 293.960510253906 293.952606201172 293.944671630859 293.936737060547 293.928833007812 293.9208984375 293.936553955078 293.960021972656 293.983520507812 294.006988525391 294.030487060547 294.053955078125 294.077453613281 294.096954345703 294.104461669922 294.111999511719 294.119506835938 294.127044677734 294.134552001953 294.142059326172 294.149597167969 294.151153564453 294.150756835938 294.150329589844 294.149932861328 294.149505615234 294.149108886719 294.148681640625 294.1494140625 294.153625488281 294.157806396484 294.161987304688 294.166198730469 294.170379638672
294.552032470703 294.511627197266 294.47119140625 294.436065673828 294.402709960938 294.369384765625 294.336029052734 294.302673339844 294.269348144531 294.235992431641 294.207458496094 294.193328857422 294.17919921875 294.165069580078 294.150939941406 294.136840820312 294.122711181641 294.108581542969 294.117797851562 294.134765625 294.151763916016 294.168731689453 294.185729980469 294.202697753906 294.219696044922 294.232055664062 294.230529785156 294.22900390625 294.227447509766 294.225921630859 294.224395751953 294.222869873047 294.221343994141 294.223785400391 294.227508544922 294.231262207031 294.235015869141 294.23876953125 294.242523193359 294.246246337891 294.250183105469 294.254577636719 294.259002685547 294.263427734375 294.267852783203 294.272247314453
294.786895751953 294.757019042969 294.727142333984 294.692077636719 294.6552734375 294.618438720703 294.581634521484 294.544830322266 294.508026123047 294.471221923828 294.438537597656 294.418212890625 294.397888183594 294.377563476562 294.357238769531 294.3369140625 294.316589355469 294.296264648438 294.299041748047 294.309539794922 294.320007324219 294.330474853516 294.340972900391 294.351440429688 294.361938476562 294.367156982422 294.356567382812 294.345977783203 294.335418701172 294.324829101562 294.314239501953 294.303680419922 294.293090820312 294.29638671875 294.304290771484 294.312194824219 294.320098876953 294.328002929688 294.3359375 294.343841552734 294.350921630859 294.355560302734 294.360198974609 294.364837646484 294.369476318359 294.374145507812
