resources/Exp000_Example-Run/Run01_M2/TimeSeries/2000/selection_set/t2m_avg.asc
NCOLS 265 
NROWS 230 
XLLCORNER -115.5625 
YLLCORNER 24.8333333333333 
CELLSIZE 0.0833333333333333 
NODATA_value -9999 
[rows 80 to 99 of 230, columns 0 to 45 of 265]
287.044158935547 287.179412841797 287.314666748047 287.449920654297 287.585174560547 287.720428466797 287.855682373047 287.882843017578 287.873992919922 287.865142822266 287.856292724609 287.847442626953 287.838592529297 287.829742431641 287.798919677734 287.702087402344 287.605255126953 287.508422851562 287.411560058594 287.314727783203 287.217895507812 287.121063232422 286.815368652344 286.440032958984 286.064697265625 285.689392089844 285.314056396484 284.938720703125 284.563385009766 284.234619140625 284.045471191406 283.856323242188 283.667144775391 283.477996826172 283.288848876953 283.099700927734 282.910552978516 283.020935058594 283.231170654297 283.44140625 283.651641845703 283.861877441406 284.072113037109 284.282348632812 284.501892089844 284.749359130859
287.417236328125 287.546875 287.676483154297 287.806091308594 287.935729980469 288.065338134766 288.194976806641 288.264099121094 288.313049316406 288.361999511719 288.410980224609 288.459930419922 288.508880615234 288.557861328125 288.571990966797 288.481597900391 288.391204833984 288.300842285156 288.21044921875 288.120086669922 288.029693603516 287.939300537109 287.630035400391 287.247772216797 286.865509033203 286.483245849609 286.100982666016 285.718719482422 285.336456298828 284.994049072266 284.771118164062 284.548187255859 284.325286865234 284.102355957031 283.879455566406 283.656524658203 283.43359375 283.518157958984 283.705169677734 283.892181396484 284.079193115234 284.266204833984 284.453247070312 284.640258789062 284.837585449219 285.065887451172
287.790344238281 287.914306640625 288.038299560547 288.162292480469 288.286285400391 288.410278320312 288.534271240234 288.645324707031 288.752105712891 288.85888671875 288.965637207031 289.072418212891 289.17919921875 289.285949707031 289.345062255859 289.261138916016 289.177185058594 289.09326171875 289.009338378906 288.925415039062 288.841491699219 288.757537841797 288.444671630859 288.055480957031 287.666290283203 287.277099609375 286.887908935547 286.498718261719 286.109527587891 285.753479003906 285.496795654297 285.240081787109 284.9833984375 284.726715087891 284.470031738281 284.213348388672 283.956665039062 284.015350341797 284.179138183594 284.342956542969 284.506744384766 284.670562744141 284.834350585938 284.998168945312 285.173278808594 285.382415771484
288.163421630859 288.281768798828 288.400115966797 288.518493652344 288.636840820312 288.755187988281 288.873565673828 289.026580810547 289.191162109375 289.355743408203 289.520324707031 289.684906005859 289.849487304688 290.014068603516 290.118133544922 290.040649414062 289.963165283203 289.885681152344 289.808227539062 289.730743408203 289.653259277344 289.575775146484 289.259338378906 288.863189697266 288.467071533203 288.070953369141 287.674835205078 287.278717041016 286.882598876953 286.512908935547 286.222442626953 285.931976318359 285.641540527344 285.35107421875 285.060607910156 284.770172119141 284.479705810547 284.512542724609 284.653137207031 284.793701171875 284.934295654297 285.074890136719 285.215484619141 285.356048583984 285.508972167969 285.698913574219
288.330200195312 288.464691162109 288.599182128906 288.733703613281 288.868194580078 289.002685546875 289.137176513672 289.323303222656 289.526641845703 289.729949951172 289.933288574219 290.136627197266 290.339935302734 290.543273925781 290.668365478516 290.558715820312 290.449066162109 290.339416503906 290.229797363281 290.120147705078 290.010498046875 289.90087890625 289.581726074219 289.192749023438 288.803802490234 288.414825439453 288.02587890625 287.636901855469 287.247924804688 286.881439208984 286.582397460938 286.283355712891 285.984313964844 285.685241699219 285.386199951172 285.087158203125 284.788116455078 284.802215576172 284.920684814453 285.039184570312 285.157653808594 285.276123046875 285.394622802734 285.513092041016 285.643798828125 285.811187744141
288.290679931641 288.463073730469 288.635498046875 288.807922363281 288.980346679688 289.152770996094 289.325164794922 289.535522460938 289.758544921875 289.981567382812 290.204559326172 290.427581787109 290.650573730469 290.873596191406 290.995727539062 290.815307617188 290.634887695312 290.454467773438 290.274047851562 290.093627929688 289.913208007812 289.732788085938 289.411895751953 289.044158935547 288.676422119141 288.308715820312 287.940979003906 287.5732421875 287.205535888672 286.859130859375 286.57666015625 286.294189453125 286.01171875 285.729248046875 285.446807861328 285.164337158203 284.881866455078 284.884368896484 284.981842041016 285.079315185547 285.176818847656 285.274291992188 285.371765136719 285.469268798828 285.577728271484 285.719177246094
288.251159667969 288.461486816406 288.671813964844 288.882141113281 289.092498779297 289.302825927734 289.513153076172 289.747772216797 289.990447998047 290.233154296875 290.475830078125 290.718536376953 290.961212158203 291.203918457031 291.323120117188 291.071929931641 290.820739746094 290.569519042969 290.318328857422 290.067108154297 289.81591796875 289.564727783203 289.242034912109 288.895568847656 288.549072265625 288.202575683594 287.856109619141 287.509613037109 287.163116455078 286.836791992188 286.570892333984 286.305023193359 286.039154052734 285.773254394531 285.507385253906 285.241485595703 284.975616455078 284.966522216797 285.042999267578 285.119476318359 285.195983886719 285.2724609375 285.348937988281 285.425415039062 285.511657714844 285.627166748047
288.211608886719 288.459869384766 288.708129882812 288.956390380859 289.204620361328 289.452880859375 289.701141357422 289.959991455078 290.222351074219 290.484741210938 290.747100830078 291.009490966797 291.271850585938 291.534240722656 291.650512695312 291.328521728516 291.006561279297 290.6845703125 290.362579345703 290.040588378906 289.718627929688 289.396636962891 289.072204589844 288.746948242188 288.421722412109 288.096466064453 287.771209716797 287.445953369141 287.120697021484 286.814453125 286.565155029297 286.315856933594 286.066558837891 285.817260742188 285.567962646484 285.318664550781 285.069366455078 285.048675537109 285.104156494141 285.159637451172 285.215118408203 285.270629882812 285.326110839844 285.381591796875 285.445587158203 285.53515625
288.172088623047 288.458251953125 288.744445800781 289.030609130859 289.316772460938 289.602966308594 289.889129638672 290.172210693359 290.454284667969 290.736328125 291.018371582031 291.300445556641 291.582489013672 291.864562988281 291.977905273438 291.585144042969 291.1923828125 290.799621582031 290.406860351562 290.014099121094 289.621337890625 289.228576660156 288.902374267578 288.598358154297 288.294342041016 287.990325927734 287.686309814453 287.38232421875 287.078308105469 286.792114257812 286.559417724609 286.326690673828 286.093994140625 285.861267089844 285.628540039062 285.395843505859 285.163116455078 285.130828857422 285.165313720703 285.199798583984 285.234283447266 285.268768310547 285.303283691406 285.337768554688 285.379547119141 285.443145751953
288.132568359375 288.456665039062 288.78076171875 289.104827880859 289.428924560547 289.753021240234 290.077117919922 290.384429931641 290.686187744141 290.987915039062 291.289642333984 291.591400146484 291.893127441406 292.194885253906 292.305297851562 291.841735839844 291.378204345703 290.914672851562 290.451110839844 289.987579345703 289.524017333984 289.060485839844 288.732513427734 288.449737548828 288.1669921875 287.884216308594 287.601440429688 287.318664550781 287.035888671875 286.769775390625 286.553649902344 286.337524414062 286.121398925781 285.9052734375 285.689147949219 285.473022460938 285.256896972656 285.212982177734 285.226470947266 285.239959716797 285.253448486328 285.266937255859 285.280426025391 285.2939453125 285.3134765625 285.351135253906
288.269927978516 288.625457763672 288.980987548828 289.336547851562 289.692077636719 290.047607421875 290.403167724609 290.704986572266 290.988952636719 291.272888183594 291.556854248047 291.840789794922 292.124755859375 292.40869140625 292.497741699219 292.002044677734 291.50634765625 291.010650634766 290.514923095703 290.019226074219 289.523529052734 289.02783203125 288.694732666016 288.415863037109 288.136962890625 287.858062744141 287.579193115234 287.30029296875 287.021392822266 286.7607421875 286.554840087891 286.348907470703 286.142974853516 285.937042236328 285.731109619141 285.525207519531 285.319274902344 285.267761230469 285.267700195312 285.267669677734 285.267608642578 285.267547607422 285.267517089844 285.267456054688 285.278259277344 285.321502685547
288.584167480469 288.964691162109 289.345184326172 289.725708007812 290.106231689453 290.486724853516 290.867248535156 291.133911132812 291.362579345703 291.591278076172 291.819976806641 292.048645019531 292.27734375 292.506042480469 292.555236816406 292.066009521484 291.576782226562 291.087554931641 290.598297119141 290.109069824219 289.619842529297 289.130615234375 288.789031982422 288.496673583984 288.204284667969 287.911926269531 287.619567871094 287.327209472656 287.034820556641 286.765045166016 286.562927246094 286.360809326172 286.158721923828 285.956604003906 285.754486083984 285.552398681641 285.350280761719 285.295166015625 285.289031982422 285.282897949219 285.276763916016 285.270629882812 285.264495849609 285.258361816406 285.273864746094 285.354278564453
288.898406982422 289.303894042969 289.709381103516 290.114868164062 290.520355224609 290.925872802734 291.331359863281 291.562805175781 291.736236572266 291.909637451172 292.083068847656 292.256500244141 292.429931640625 292.603363037109 292.612762451172 292.129974365234 291.647216796875 291.164459228516 290.681671142578 290.198913574219 289.716156005859 289.233367919922 288.88330078125 288.577453613281 288.271636962891 287.965789794922 287.659942626953 287.354095458984 287.048248291016 286.769317626953 286.571014404297 286.372741699219 286.174438476562 285.976165771484 285.777862548828 285.57958984375 285.381317138672 285.322570800781 285.310363769531 285.298126220703 285.285919189453 285.273712158203 285.261505126953 285.249267578125 285.269500732422 285.387023925781
289.212646484375 289.643096923828 290.073577880859 290.504058837891 290.934509277344 291.364990234375 291.795440673828 291.99169921875 292.10986328125 292.22802734375 292.34619140625 292.46435546875 292.58251953125 292.700714111328 292.670257568359 292.193939208984 291.717651367188 291.241363525391 290.765045166016 290.288757324219 289.812469482422 289.336151123047 288.977600097656 288.658264160156 288.338958740234 288.019653320312 287.700317382812 287.381011962891 287.061676025391 286.773590087891 286.579132080078 286.384643554688 286.190185546875 285.995727539062 285.801239013672 285.606781005859 285.412322998047 285.349975585938 285.331695556641 285.313385009766 285.295074462891 285.276794433594 285.258483886719 285.240173339844 285.26513671875 285.419799804688
289.526885986328 289.982330322266 290.437774658203 290.893218994141 291.348663330078 291.804107666016 292.259552001953 292.420593261719 292.483489990234 292.546417236328 292.609313964844 292.672210693359 292.735137939453 292.798034667969 292.727752685547 292.257934570312 291.7880859375 291.318267822266 290.848419189453 290.378601074219 289.908752441406 289.438934326172 289.071868896484 288.739074707031 288.406280517578 288.073486328125 287.740692138672 287.407897949219 287.075103759766 286.777862548828 286.587219238281 286.396575927734 286.205932617188 286.015289306641 285.824615478516 285.633972167969 285.443328857422 285.377380371094 285.352996826172 285.32861328125 285.304229736328 285.279846191406 285.255462646484 285.231079101562 285.2607421875 285.452545166016
289.841125488281 290.321533203125 290.801971435547 291.282379150391 291.762817382812 292.243225097656 292.7236328125 292.849487304688 292.857116699219 292.864776611328 292.872436523438 292.880065917969 292.887725830078 292.895355224609 292.785247802734 292.321899414062 291.858520507812 291.395172119141 290.931793212891 290.468444824219 290.005065917969 289.541717529297 289.166168212891 288.819885253906 288.4736328125 288.127349853516 287.781097412109 287.434814453125 287.088531494141 286.782135009766 286.595306396484 286.408477783203 286.221649169922 286.034820556641 285.847991943359 285.661193847656 285.474365234375 285.40478515625 285.374328613281 285.343872070312 285.313385009766 285.282928466797 285.252471923828 285.221984863281 285.256378173828 285.485321044922
290.000946044922 290.457946777344 290.914978027344 291.371978759766 291.828979492188 292.285980224609 292.743011474609 292.857177734375 292.857086181641 292.856964111328 292.856872558594 292.856750488281 292.856658935547 292.856567382812 292.743103027344 292.289581298828 291.836059570312 291.382537841797 290.929016113281 290.475463867188 290.021942138672 289.568420410156 289.1923828125 288.842163085938 288.491912841797 288.141693115234 287.791473388672 287.441223144531 287.091003417969 286.782836914062 286.600891113281 286.418975830078 286.237030029297 286.055084228516 285.873138427734 285.691192626953 285.509246826172 285.422332763672 285.367034912109 285.311767578125 285.256500244141 285.201232910156 285.145965576172 285.090667724609 285.116027832031 285.383270263672
290.00634765625 290.391571044922 290.776794433594 291.161987304688 291.547210693359 291.932403564453 292.317626953125 292.443664550781 292.483337402344 292.522979736328 292.562622070312 292.602294921875 292.641937255859 292.681579589844 292.601257324219 292.160949707031 291.720642089844 291.280334472656 290.840026855469 290.399719238281 289.959411621094 289.519104003906 289.150543212891 288.805847167969 288.461181640625 288.116516113281 287.771820068359 287.427154541016 287.082489013672 286.779968261719 286.60400390625 286.428009033203 286.252014160156 286.076019287109 285.900024414062 285.724060058594 285.548065185547 285.429962158203 285.331146240234 285.232360839844 285.133544921875 285.034759521484 284.935943603516 284.837127685547 284.839721679688 285.146423339844
290.011779785156 290.3251953125 290.638610839844 290.952026367188 291.265441894531 291.578826904297 291.892242431641 292.030181884766 292.109588623047 292.188995361328 292.268402099609 292.347808837891 292.427215576172 292.506622314453 292.459411621094 292.032318115234 291.605255126953 291.178161621094 290.751068115234 290.323974609375 289.896881103516 289.469787597656 289.108673095703 288.769561767578 288.430450439453 288.09130859375 287.752197265625 287.4130859375 287.073974609375 286.777099609375 286.607086181641 286.437042236328 286.266998291016 286.096954345703 285.926940917969 285.756896972656 285.586853027344 285.437591552734 285.295257568359 285.152923583984 285.010589599609 284.868255615234 284.725921630859 284.583587646484 284.563385009766 284.909576416016
290.017181396484 290.2587890625 290.500427246094 290.742034912109 290.983642578125 291.225250244141 291.466888427734 291.616668701172 291.73583984375 291.855010986328 291.974182128906 292.093322753906 292.212493896484 292.331665039062 292.317596435547 291.903717041016 291.489837646484 291.075958251953 290.662078857422 290.248229980469 289.834350585938 289.420471191406 289.066833496094 288.733276367188 288.399688720703 288.066131591797 287.732574462891 287.399017333984 287.0654296875 286.774230957031 286.610168457031 286.446075439453 286.281982421875 286.117889404297 285.953826904297 285.789733886719 285.625640869141 285.445220947266 285.259368896484 285.073516845703 284.887634277344 284.701782226562 284.515930175781 284.330047607422 284.287078857422 284.672729492188
