resources/Exp000_Example-Run/Run01_M2/TimeSeries/2000/selection_set/t2m_avg.asc
NCOLS 265 
NROWS 230 
XLLCORNER -115.5625 
YLLCORNER 24.8333333333333 
CELLSIZE 0.0833333333333333 
NODATA_value -9999 
[rows 180 to 199 of 230, columns 138 to 183 of 265]
292.535217285156 292.656341552734 292.777465820312 292.898620605469 293.048919677734 293.208923339844 293.368957519531 293.528961181641 293.688995361328 293.848999023438 294.009033203125 294.020477294922 293.586212158203 293.151947021484 292.717681884766 292.283416748047 291.849151611328 291.414916992188 290.980651855469 290.914123535156 290.970153808594 291.026214599609 291.082275390625 291.138305664062 291.194366455078 291.250427246094 291.396240234375 291.811340332031 292.226440429688 292.641540527344 293.056640625 293.471740722656 293.886840820312 294.301940917969 294.470703125 294.557312011719 294.643951416016 294.730590820312 294.817199707031 294.903839111328 294.990478515625 295.050476074219 295.030578613281 295.010711669922 294.990814208984 294.970916748047
292.40478515625 292.512603759766 292.620422363281 292.728240966797 292.873657226562 293.031646728516 293.189636230469 293.347625732422 293.505615234375 293.663604736328 293.821594238281 293.834533691406 293.412414550781 292.990295410156 292.568176269531 292.146057128906 291.723907470703 291.301788330078 290.879669189453 290.842346191406 290.933319091797 291.024261474609 291.115234375 291.206176757812 291.297119140625 291.388092041016 291.554779052734 291.948638916016 292.342498779297 292.736389160156 293.130249023438 293.524139404297 293.917999267578 294.311859130859 294.479248046875 294.571136474609 294.663024902344 294.754913330078 294.846801757812 294.938690185547 295.030578613281 295.096862792969 295.086395263672 295.075927734375 295.065460205078 295.054992675781
292.274353027344 292.368835449219 292.463348388672 292.557830810547 292.698425292969 292.854400634766 293.010345458984 293.166290283203 293.322265625 293.478210449219 293.634155273438 293.648620605469 293.238647460938 292.828643798828 292.418670654297 292.008666992188 291.598663330078 291.188690185547 290.778686523438 290.770599365234 290.896453857422 291.022308349609 291.148162841797 291.274017333984 291.399871826172 291.525756835938 291.713287353516 292.0859375 292.458587646484 292.831237792969 293.203857421875 293.576507568359 293.949157714844 294.321807861328 294.487823486328 294.5849609375 294.682098388672 294.779235839844 294.876373291016 294.973510742188 295.070678710938 295.143249511719 295.142211914062 295.141143798828 295.140106201172 295.139068603516
292.143890380859 292.22509765625 292.306274414062 292.387451171875 292.523193359375 292.677124023438 292.8310546875 292.984954833984 293.138885498047 293.292816162109 293.446716308594 293.462707519531 293.064849853516 292.6669921875 292.269134521484 291.871276855469 291.473419189453 291.075561523438 290.677734375 290.698822021484 290.859588623047 291.020355224609 291.181121826172 291.341888427734 291.502655029297 291.663391113281 291.871826171875 292.223236083984 292.574645996094 292.926055908203 293.277496337891 293.62890625 293.980316162109 294.331726074219 294.496368408203 294.598785400391 294.701171875 294.803558349609 294.905975341797 295.008361816406 295.110778808594 295.189666748047 295.198028564453 295.206390380859 295.214752197266 295.223114013672
292.013458251953 292.081329345703 292.149200439453 292.217071533203 292.347961425781 292.499847412109 292.651733398438 292.803619384766 292.955505371094 293.107421875 293.259307861328 293.276794433594 292.891052246094 292.505340576172 292.11962890625 291.733917236328 291.348175048828 290.962463378906 290.576751708984 290.627075195312 290.822723388672 291.018402099609 291.214050292969 291.409729003906 291.605407714844 291.801055908203 292.030364990234 292.360534667969 292.690734863281 293.020904541016 293.351104736328 293.681274414062 294.011474609375 294.341644287109 294.504943847656 294.612579345703 294.720245361328 294.827911376953 294.935546875 295.043212890625 295.15087890625 295.236053466797 295.253845214844 295.271606445312 295.289398193359 295.307189941406
291.883026123047 291.937591552734 291.992126464844 292.046691894531 292.172729492188 292.322570800781 292.472442626953 292.622283935547 292.772155761719 292.921997070312 293.071868896484 293.090850830078 292.71728515625 292.343688964844 291.970123291016 291.596527099609 291.222930908203 290.849365234375 290.475769042969 290.555297851562 290.785858154297 291.016448974609 291.247009277344 291.477569580078 291.708160400391 291.938720703125 292.188903808594 292.497833251953 292.806793212891 293.115753173828 293.424713134766 293.733673095703 294.042633056641 294.3515625 294.513488769531 294.626403808594 294.739318847656 294.852233886719 294.965148925781 295.078063964844 295.190979003906 295.282440185547 295.309661865234 295.336853027344 295.364044189453 295.391235351562
291.838562011719 291.885284423828 291.932037353516 291.978759765625 292.095123291016 292.234710693359 292.374298095703 292.513854980469 292.653442382812 292.793029785156 292.9326171875 292.948303222656 292.592346191406 292.236358642578 291.880401611328 291.524444580078 291.168487548828 290.812530517578 290.45654296875 290.551025390625 290.795593261719 291.040191650391 291.284790039062 291.529388427734 291.773986816406 292.018585205078 292.278594970703 292.5849609375 292.891296386719 293.197631835938 293.503997802734 293.810333251953 294.116668701172 294.423034667969 294.579803466797 294.686737060547 294.793670654297 294.900573730469 295.007507324219 295.114440917969 295.221343994141 295.310485839844 295.346282958984 295.382049560547 295.417816162109 295.453582763672
291.880065917969 291.924468994141 291.968872070312 292.013275146484 292.115173339844 292.236236572266 292.357299804688 292.478332519531 292.599395751953 292.720458984375 292.841522216797 292.849090576172 292.516235351562 292.183380126953 291.850524902344 291.517669677734 291.184814453125 290.851959228516 290.519104003906 290.614196777344 290.851928710938 291.089660644531 291.327392578125 291.565155029297 291.802886962891 292.040618896484 292.299499511719 292.621856689453 292.944213867188 293.266571044922 293.588928222656 293.911285400391 294.233642578125 294.555999755859 294.703857421875 294.793548583984 294.883270263672 294.972961425781 295.062652587891 295.15234375 295.242034912109 295.320190429688 295.363708496094 295.407196044922 295.450714111328 295.494201660156
291.921569824219 291.963653564453 292.005737304688 292.047821044922 292.135223388672 292.237762451172 292.340301513672 292.442810058594 292.545349121094 292.647888183594 292.750427246094 292.749877929688 292.440124511719 292.130401611328 291.820648193359 291.510894775391 291.201141357422 290.891387939453 290.581665039062 290.677368164062 290.908264160156 291.139129638672 291.370025634766 291.600891113281 291.831787109375 292.062652587891 292.320404052734 292.658782958984 292.997161865234 293.335510253906 293.673889160156 294.012237548828 294.350616455078 294.68896484375 294.827911376953 294.900390625 294.972869873047 295.045318603516 295.117797851562 295.190277099609 295.262725830078 295.329895019531 295.381134033203 295.432373046875 295.483581542969 295.534820556641
291.963073730469 292.002807617188 292.042572021484 292.082336425781 292.1552734375 292.239288330078 292.323303222656 292.407287597656 292.491302490234 292.575317382812 292.659332275391 292.650665283203 292.364044189453 292.077392578125 291.790740966797 291.504119873047 291.217468261719 290.930847167969 290.644195556641 290.740570068359 290.964569091797 291.188598632812 291.412628173828 291.636657714844 291.860687255859 292.084716796875 292.34130859375 292.695709228516 293.050079345703 293.404449462891 293.758819580078 294.113189697266 294.467590332031 294.821960449219 294.951965332031 295.007202148438 295.062469482422 295.117706298828 295.172943115234 295.228179931641 295.283416748047 295.339599609375 295.398559570312 295.45751953125 295.516479492188 295.575439453125
292.004577636719 292.0419921875 292.079437255859 292.116851806641 292.175323486328 292.240814208984 292.306304931641 292.371765136719 292.437255859375 292.502746582031 292.568237304688 292.551452636719 292.287933349609 292.0244140625 291.760864257812 291.497344970703 291.233795166016 290.970275878906 290.706756591797 290.803741455078 291.020904541016 291.238067626953 291.455261230469 291.672424316406 291.889587402344 292.106750488281 292.362213134766 292.732604980469 293.102996826172 293.473388671875 293.843780517578 294.214141845703 294.584533691406 294.954925537109 295.076019287109 295.114044189453 295.152069091797 295.190063476562 295.228088378906 295.266082763672 295.304107666016 295.349304199219 295.415985107422 295.482666015625 295.549377441406 295.616058349609
292.046081542969 292.081176757812 292.116271972656 292.1513671875 292.195373535156 292.242340087891 292.289306640625 292.336242675781 292.383209228516 292.43017578125 292.477142333984 292.452270507812 292.211822509766 291.971405029297 291.730987548828 291.490570068359 291.250152587891 291.009704589844 290.769287109375 290.866912841797 291.077239990234 291.287536621094 291.497863769531 291.708160400391 291.918487548828 292.128784179688 292.383117675781 292.76953125 293.155914306641 293.542327880859 293.9287109375 294.315124511719 294.701507568359 295.087890625 295.200103759766 295.220886230469 295.241668701172 295.262451171875 295.283233642578 295.304016113281 295.324798583984 295.358978271484 295.433410644531 295.507843017578 295.582244873047 295.656677246094
292.060943603516 292.096649169922 292.132385253906 292.168121337891 292.209930419922 292.253784179688 292.297607421875 292.341461181641 292.385314941406 292.429138183594 292.472991943359 292.447174072266 292.21240234375 291.977600097656 291.742797851562 291.507995605469 291.273223876953 291.038421630859 290.803619384766 290.899871826172 291.1064453125 291.31298828125 291.519561767578 291.726135253906 291.932708740234 292.139282226562 292.394256591797 292.794311523438 293.194396972656 293.594482421875 293.994567871094 294.394653320312 294.794738769531 295.19482421875 295.308502197266 295.326690673828 295.344909667969 295.363128662109 295.381317138672 295.399536132812 295.417724609375 295.449401855469 295.521362304688 295.593353271484 295.665344238281 295.737335205078
292.049163818359 292.088439941406 292.127746582031 292.167053222656 292.218994140625 292.275115966797 292.331268310547 292.387390136719 292.443511962891 292.499664306641 292.555786132812 292.536254882812 292.289611816406 292.04296875 291.796325683594 291.549682617188 291.303039550781 291.056396484375 290.809753417969 290.902557373047 291.108489990234 291.314453125 291.520385742188 291.726348876953 291.932281494141 292.138244628906 292.395568847656 292.807006835938 293.218444824219 293.629913330078 294.041351318359 294.452789306641 294.864227294922 295.275695800781 295.401245117188 295.431549072266 295.461822509766 295.492095947266 295.522369384766 295.552642822266 295.582946777344 295.620483398438 295.679870605469 295.7392578125 295.798645019531 295.858032226562
292.037384033203 292.080230712891 292.123107910156 292.165985107422 292.22802734375 292.296478271484 292.364898681641 292.433319091797 292.501739501953 292.570159912109 292.638610839844 292.625305175781 292.366821289062 292.108306884766 291.849822998047 291.591339111328 291.332855224609 291.074371337891 290.815887451172 290.905242919922 291.110565185547 291.315887451172 291.521209716797 291.726531982422 291.931854248047 292.137176513672 292.396881103516 292.819702148438 293.242492675781 293.665313720703 294.088134765625 294.510925292969 294.933746337891 295.356536865234 295.494018554688 295.536376953125 295.578735351562 295.621063232422 295.663421630859 295.705780029297 295.748138427734 295.791595458984 295.83837890625 295.885162353516 295.931945800781 295.978729248047
292.025604248047 292.072052001953 292.118499755859 292.164947509766 292.237091064453 292.317810058594 292.398529052734 292.479248046875 292.559967041016 292.640686035156 292.721405029297 292.71435546875 292.444030761719 292.173675537109 291.903350830078 291.633026123047 291.362670898438 291.092346191406 290.821990966797 290.907958984375 291.112640380859 291.317352294922 291.522033691406 291.726745605469 291.931427001953 292.136138916016 292.398193359375 292.832366943359 293.266540527344 293.700714111328 294.134887695312 294.569061279297 295.003234863281 295.437408447266 295.586761474609 295.641204833984 295.695617675781 295.750061035156 295.804473876953 295.85888671875 295.913330078125 295.962677001953 295.996856689453 296.031036376953 296.065216064453 296.099395751953
292.013793945312 292.063842773438 292.113861083984 292.163879394531 292.246154785156 292.339172363281 292.432159423828 292.525177001953 292.618194580078 292.711181640625 292.80419921875 292.803405761719 292.521240234375 292.239044189453 291.956878662109 291.674682617188 291.392486572266 291.110321044922 290.828125 290.91064453125 291.114715576172 291.318786621094 291.522857666016 291.726928710938 291.930999755859 292.135070800781 292.399536132812 292.845062255859 293.290588378906 293.736145019531 294.181671142578 294.627197265625 295.07275390625 295.518280029297 295.679534912109 295.746032714844 295.812530517578 295.879028320312 295.945526123047 296.012023925781 296.078521728516 296.1337890625 296.155364990234 296.176940917969 296.198516845703 296.220092773438
292.002014160156 292.055633544922 292.109222412109 292.162841796875 292.255218505859 292.360504150391 292.4658203125 292.571105957031 292.676391601562 292.781707763672 292.886993408203 292.892486572266 292.598449707031 292.304412841797 292.010375976562 291.716339111328 291.422332763672 291.128295898438 290.834259033203 290.913330078125 291.116790771484 291.320220947266 291.523681640625 291.727142333984 291.930572509766 292.134033203125 292.400848388672 292.857757568359 293.314636230469 293.771545410156 294.228454589844 294.685333251953 295.142242431641 295.599151611328 295.772308349609 295.850860595703 295.929443359375 296.007995605469 296.086578369141 296.165161132812 296.243713378906 296.304901123047 296.313873291016 296.322845458984 296.331817626953 296.340789794922
292.084564208984 292.146697998047 292.208801269531 292.270935058594 292.360931396484 292.460235595703 292.559539794922 292.658843994141 292.758117675781 292.857421875 292.956726074219 292.957214355469 292.661224365234 292.365234375 292.069274902344 291.773284912109 291.477325439453 291.181335449219 290.885375976562 290.970825195312 291.183441162109 291.396057128906 291.608673095703 291.8212890625 292.033905029297 292.246551513672 292.51611328125 292.956512451172 293.396942138672 293.837341308594 294.277770996094 294.718200683594 295.158599853516 295.599029541016 295.770416259766 295.852172851562 295.933898925781 296.015625 296.097351074219 296.179107666016 296.260833740234 296.325531005859 296.339172363281 296.352783203125 296.366424560547 296.380065917969
292.261413574219 292.337005615234 292.412628173828 292.488220214844 292.563385009766 292.638366699219 292.71337890625 292.788360595703 292.863342285156 292.938354492188 293.013336181641 292.997589111328 292.709564208984 292.421539306641 292.133544921875 291.845520019531 291.557495117188 291.269470214844 290.9814453125 291.083129882812 291.314697265625 291.546295166016 291.777862548828 292.009429931641 292.241027832031 292.472595214844 292.745300292969 293.141387939453 293.537475585938 293.933563232422 294.329650878906 294.725738525391 295.121826171875 295.517913818359 295.673919677734 295.749908447266 295.825897216797 295.901916503906 295.977905273438 296.053894042969 296.1298828125 296.195739746094 296.231292724609 296.266815185547 296.302368164062 296.337890625
