resources/Exp000_Example-Run/Run01_M2/TimeSeries/2000/selection_set/t2m_avg.asc
NCOLS 265 
NROWS 230 
XLLCORNER -115.5625 
YLLCORNER 24.8333333333333 
CELLSIZE 0.0833333333333333 
NODATA_value -9999 
[rows 60 to 79 of 230, columns 46 to 91 of 265]
281.680603027344 281.44189453125 281.203155517578 280.964447021484 280.725708007812 280.486999511719 280.818023681641 281.338928222656 281.859832763672 282.380767822266 282.901672363281 283.422607421875 283.943511962891 284.361328125 284.469909667969 284.578460693359 284.68701171875 284.795593261719 284.904144287109 285.0126953125 285.121276855469 285.058044433594 284.937530517578 284.817047119141 284.696533203125 284.576049804688 284.455535888672 284.335021972656 284.208343505859 284.063049316406 283.917785644531 283.772491455078 283.627227783203 283.48193359375 283.336669921875 283.191375732422 282.966064453125 282.714080810547 282.462066650391 282.210083007812 281.958099365234 281.706085205078 281.4541015625 281.176513671875 280.822113037109 280.467712402344
281.361785888672 281.250152587891 281.138519287109 281.026885986328 280.915283203125 280.803649902344 281.145721435547 281.639038085938 282.132354736328 282.625640869141 283.118957519531 283.612274169922 284.105560302734 284.503295898438 284.614318847656 284.725341796875 284.836364746094 284.947387695312 285.058410644531 285.16943359375 285.280456542969 285.203063964844 285.062896728516 284.922698974609 284.782501220703 284.642333984375 284.502136230469 284.361938476562 284.212432861328 284.034851074219 283.857299804688 283.679718017578 283.502166748047 283.324584960938 283.147033691406 282.969451904297 282.777893066406 282.581695556641 282.385467529297 282.189270019531 281.993041992188 281.796844482422 281.600616455078 281.356903076172 280.970611572266 280.584320068359
281.04296875 281.058410644531 281.073883056641 281.08935546875 281.104827880859 281.120300292969 281.473449707031 281.939147949219 282.404846191406 282.870544433594 283.336242675781 283.801940917969 284.267639160156 284.645294189453 284.758758544922 284.872253417969 284.985717773438 285.099212646484 285.212677001953 285.326171875 285.439636230469 285.348114013672 285.188232421875 285.028350830078 284.868499755859 284.708618164062 284.548736572266 284.388854980469 284.216491699219 284.006652832031 283.796783447266 283.586944580078 283.377105712891 283.167236328125 282.957397460938 282.747528076172 282.589752197266 282.449310302734 282.308868408203 282.16845703125 282.028015136719 281.887573242188 281.747161865234 281.537292480469 281.119110107422 280.700958251953
280.72412109375 280.86669921875 281.009246826172 281.151824951172 281.294372558594 281.436950683594 281.801147460938 282.239227294922 282.677337646484 283.115417480469 283.553527832031 283.991607666016 284.4296875 284.787261962891 284.903198242188 285.019134521484 285.135070800781 285.251007080078 285.366943359375 285.482879638672 285.598815917969 285.493133544922 285.313568115234 285.134033203125 284.954467773438 284.77490234375 284.595336914062 284.415771484375 284.220581054688 283.978454589844 283.736297607422 283.494171142578 283.252044677734 283.009887695312 282.767761230469 282.525604248047 282.401580810547 282.316955566406 282.232299804688 282.147644042969 282.06298828125 281.978332519531 281.893676757812 281.717681884766 281.267639160156 280.817565917969
280.405303955078 280.674957275391 280.944610595703 281.214263916016 281.483917236328 281.753570556641 282.128875732422 282.539337158203 282.949829101562 283.360321044922 283.770782470703 284.181274414062 284.591766357422 284.929229736328 285.047637939453 285.166015625 285.284423828125 285.40283203125 285.521209716797 285.639617919922 285.758026123047 285.63818359375 285.438934326172 285.239685058594 285.040435791016 284.841186523438 284.641937255859 284.442687988281 284.224670410156 283.950225830078 283.675811767578 283.401397705078 283.126953125 282.8525390625 282.578125 282.3037109375 282.213439941406 282.1845703125 282.155700683594 282.126831054688 282.097961425781 282.069061279297 282.040191650391 281.898071289062 281.416137695312 280.934204101562
280.086486816406 280.483245849609 280.879974365234 281.276733398438 281.673492431641 282.070220947266 282.456573486328 282.839447021484 283.222320556641 283.605194091797 283.988067626953 284.370941162109 284.753814697266 285.071197509766 285.192047119141 285.312927246094 285.433776855469 285.554626464844 285.675476074219 285.796356201172 285.917205810547 285.783203125 285.564270019531 285.345336914062 285.126403808594 284.907470703125 284.688537597656 284.469604492188 284.228729248047 283.922027587891 283.615325927734 283.308624267578 283.001892089844 282.695190429688 282.388488769531 282.081787109375 282.025268554688 282.052185058594 282.0791015625 282.106018066406 282.132904052734 282.159820556641 282.186737060547 282.078460693359 281.564636230469 281.050842285156
280.022033691406 280.481872558594 280.941711425781 281.401519775391 281.861358642578 282.321197509766 282.707366943359 283.069000244141 283.430633544922 283.792236328125 284.153869628906 284.515502929688 284.877105712891 285.173767089844 285.275543212891 285.377288818359 285.479064941406 285.580810546875 285.682586669922 285.784362792969 285.886108398438 285.737213134766 285.504791259766 285.272338867188 285.039916992188 284.807464599609 284.575042724609 284.342590332031 284.093505859375 283.794525146484 283.495513916016 283.196502685547 282.897521972656 282.598510742188 282.299530029297 282.000518798828 281.9287109375 281.932647705078 281.936614990234 281.940551757812 281.944488525391 281.948425292969 281.952362060547 281.822052001953 281.288970947266 280.755920410156
280.211944580078 280.670867919922 281.129760742188 281.588684082031 282.047576904297 282.506469726562 282.881256103516 283.227996826172 283.57470703125 283.921447753906 284.268157958984 284.614898681641 284.961639404297 285.236938476562 285.298065185547 285.359191894531 285.420288085938 285.481414794922 285.542510986328 285.603637695312 285.664764404297 285.500213623047 285.260437011719 285.020690917969 284.780914306641 284.541137695312 284.301391601562 284.061614990234 283.818969726562 283.567687988281 283.316375732422 283.065093994141 282.813781738281 282.5625 282.311218261719 282.059906005859 281.923767089844 281.825988769531 281.728210449219 281.630432128906 281.532653808594 281.434875488281 281.337097167969 281.128845214844 280.589172363281 280.049468994141
280.401885986328 280.85986328125 281.317840576172 281.775817871094 282.233795166016 282.691772460938 283.055145263672 283.386962890625 283.718811035156 284.050628662109 284.382476806641 284.714294433594 285.046142578125 285.300140380859 285.320587158203 285.341064453125 285.361541748047 285.381988525391 285.402465820312 285.422912597656 285.443389892578 285.26318359375 285.01611328125 284.769012451172 284.521911621094 284.274841308594 284.027740478516 283.780639648438 283.54443359375 283.340850830078 283.137268066406 282.933654785156 282.730072021484 282.526489257812 282.322906494141 282.119293212891 281.918792724609 281.719299316406 281.519805908203 281.3203125 281.120819091797 280.921325683594 280.721832275391 280.435638427734 279.889343261719 279.343048095703
280.591796875 281.048828125 281.505889892578 281.962951660156 282.420013427734 282.877044677734 283.22900390625 283.545959472656 283.862884521484 284.179840087891 284.496765136719 284.813720703125 285.130645751953 285.363311767578 285.343109130859 285.322937011719 285.302764892578 285.282592773438 285.262390136719 285.242218017578 285.222045898438 285.026184082031 284.771759033203 284.517333984375 284.262939453125 284.008514404297 283.754089355469 283.499694824219 283.269897460938 283.114013671875 282.958129882812 282.80224609375 282.646362304688 282.490478515625 282.334594726562 282.1787109375 281.913818359375 281.612609863281 281.311401367188 281.010192871094 280.708984375 280.407806396484 280.106597900391 279.742462158203 279.189514160156 278.636596679688
280.781707763672 281.237823486328 281.693969726562 282.150085449219 282.606201171875 283.062347412109 283.402893066406 283.704956054688 284.006988525391 284.309020996094 284.611083984375 284.913116455078 285.215148925781 285.426483154297 285.365661621094 285.304809570312 285.243988037109 285.183166503906 285.122344970703 285.061492919922 285.000671386719 284.789154052734 284.527404785156 284.265686035156 284.003936767578 283.7421875 283.48046875 283.218719482422 282.995361328125 282.887176513672 282.778991699219 282.670806884766 282.562622070312 282.454467773438 282.346282958984 282.238098144531 281.908843994141 281.505920410156 281.10302734375 280.700103759766 280.297180175781 279.894256591797 279.491333007812 279.049255371094 278.489685058594 277.930145263672
280.971618652344 281.426818847656 281.882019042969 282.337219238281 282.792419433594 283.247619628906 283.576782226562 283.863922119141 284.151092529297 284.438232421875 284.725372314453 285.012512207031 285.299652099609 285.489654541016 285.38818359375 285.286712646484 285.185211181641 285.083740234375 284.982269287109 284.880798339844 284.779327392578 284.552154541016 284.283081054688 284.014007568359 283.744934082031 283.475891113281 283.206817626953 282.937744140625 282.720825195312 282.660339355469 282.599884033203 282.539398193359 282.478912353516 282.418426513672 282.357971191406 282.297485351562 281.903900146484 281.399261474609 280.894622802734 280.389984130859 279.885345458984 279.380706787109 278.876068115234 278.356048583984 277.789886474609 277.223693847656
281.332153320312 281.773620605469 282.215087890625 282.656555175781 283.097991943359 283.539459228516 283.851654052734 284.120727539062 284.389831542969 284.658935546875 284.928039550781 285.197113037109 285.466217041016 285.635955810547 285.507629394531 285.379302978516 285.251007080078 285.122680664062 284.994354248047 284.866027832031 284.737731933594 284.516357421875 284.263977050781 284.011627197266 283.759246826172 283.506866455078 283.254486083984 283.002105712891 282.798522949219 282.741271972656 282.684020996094 282.626770019531 282.569519042969 282.512268066406 282.455017089844 282.397766113281 281.961944580078 281.39990234375 280.837890625 280.275848388672 279.713806152344 279.151763916016 278.589752197266 278.030975341797 277.482086181641 276.933166503906
281.863311767578 282.278228759766 282.693115234375 283.108032226562 283.52294921875 283.937866210938 284.227478027344 284.475372314453 284.723266601562 284.971130371094 285.219024658203 285.466918945312 285.714782714844 285.865386962891 285.724029541016 285.582672119141 285.441314697266 285.299957275391 285.158599853516 285.017242431641 284.875885009766 284.681823730469 284.470153808594 284.258483886719 284.046813964844 283.835144042969 283.623504638672 283.411834716797 283.228454589844 283.129974365234 283.031463623047 282.932983398438 282.83447265625 282.735961914062 282.637481689453 282.538970947266 282.0830078125 281.507904052734 280.932800292969 280.357666015625 279.782562255859 279.207458496094 278.63232421875 278.074066162109 277.566284179688 277.058532714844
282.394470214844 282.782836914062 283.171173095703 283.559539794922 283.947875976562 284.336242675781 284.603332519531 284.830017089844 285.056701660156 285.283355712891 285.510040283203 285.736694335938 285.96337890625 286.094787597656 285.940399169922 285.786010742188 285.631622314453 285.477233886719 285.322845458984 285.16845703125 285.014068603516 284.847259521484 284.676300048828 284.50537109375 284.334411621094 284.163452148438 283.992492675781 283.821533203125 283.658386230469 283.518646240234 283.37890625 283.239166259766 283.099426269531 282.959686279297 282.819915771484 282.68017578125 282.2041015625 281.615905761719 281.027709960938 280.439514160156 279.851318359375 279.263122558594 278.674926757812 278.117126464844 277.650512695312 277.183898925781
282.925628662109 283.287414550781 283.649230957031 284.011016845703 284.372833251953 284.734649658203 284.979187011719 285.184661865234 285.390106201172 285.595581054688 285.801025390625 286.006500244141 286.211975097656 286.32421875 286.156799316406 285.989349365234 285.821929931641 285.654510498047 285.487091064453 285.319671630859 285.152252197266 285.012725830078 284.882476806641 284.752227783203 284.621978759766 284.491729736328 284.361511230469 284.231262207031 284.088317871094 283.907348632812 283.726348876953 283.545349121094 283.364349365234 283.183380126953 283.002380371094 282.821380615234 282.3251953125 281.723907470703 281.122619628906 280.521362304688 279.920074462891 279.318786621094 278.717529296875 278.160186767578 277.734741210938 277.309265136719
283.456787109375 283.792022705078 284.127288818359 284.462524414062 284.797790527344 285.133026123047 285.355041503906 285.539276123047 285.723541259766 285.907775878906 286.092041015625 286.276306152344 286.460540771484 286.553619384766 286.373168945312 286.192718505859 286.012268066406 285.831787109375 285.651336669922 285.470886230469 285.290435791016 285.178161621094 285.088623046875 284.999114990234 284.909576416016 284.820037841797 284.730499267578 284.640960693359 284.518249511719 284.296020507812 284.073791503906 283.851531982422 283.629302978516 283.407073974609 283.184814453125 282.962585449219 282.446258544922 281.831909179688 281.217529296875 280.603179931641 279.988830566406 279.374481201172 278.760101318359 278.203247070312 277.818939208984 277.434631347656
283.987915039062 284.296630859375 284.605316162109 284.914031982422 285.222717285156 285.531433105469 285.730865478516 285.893920898438 286.056976318359 286.220001220703 286.383056640625 286.546081542969 286.709136962891 286.783050537109 286.589538574219 286.396057128906 286.202575683594 286.009094238281 285.815582275391 285.622100830078 285.428619384766 285.343627929688 285.294799804688 285.245971679688 285.197143554688 285.148315429688 285.099517822266 285.050689697266 284.948211669922 284.684722900391 284.421234130859 284.157745361328 283.894256591797 283.630767822266 283.367279052734 283.103790283203 282.567352294922 281.939910888672 281.312469482422 280.685028076172 280.057586669922 279.430145263672 278.802703857422 278.246337890625 277.903167724609 277.559997558594
284.402160644531 284.688018798828 284.973846435547 285.259674072266 285.545501708984 285.831329345703 285.998229980469 286.125457763672 286.252685546875 286.379913330078 286.507141113281 286.634368896484 286.761596679688 286.812408447266 286.634033203125 286.455657958984 286.277252197266 286.098876953125 285.920501708984 285.742095947266 285.563720703125 285.499450683594 285.473205566406 285.446960449219 285.420715332031 285.394470214844 285.368225097656 285.341979980469 285.253448486328 284.978118896484 284.702758789062 284.427398681641 284.152069091797 283.876708984375 283.601348876953 283.326019287109 282.811370849609 282.216949462891 281.62255859375 281.028137207031 280.433746337891 279.839324951172 279.244934082031 278.721984863281 278.413421630859 278.104888916016
284.699523925781 284.966156005859 285.232818603516 285.499481201172 285.76611328125 286.032775878906 286.157043457031 286.233856201172 286.310668945312 286.387481689453 286.464294433594 286.541107177734 286.617919921875 286.641723632812 286.506591796875 286.371459960938 286.236328125 286.101196289062 285.966033935547 285.830902099609 285.695770263672 285.645629882812 285.623840332031 285.60205078125 285.580230712891 285.558441162109 285.536651611328 285.514831542969 285.434051513672 285.176208496094 284.918365478516 284.660552978516 284.402709960938 284.144897460938 283.887054443359 283.629241943359 283.178344726562 282.6630859375 282.147827148438 281.632568359375 281.117309570312 280.60205078125 280.086791992188 279.630218505859 279.349761962891 279.069305419922
