resources/Exp000_Example-Run/Run01_M2/TimeSeries/2000/selection_set/ts_avg.asc
NCOLS 265 
NROWS 230 
XLLCORNER -115.5625 
YLLCORNER 24.8333333333333 
CELLSIZE 0.0833333333333333 
NODATA_value -9999 
[rows 0 to 19 of 230, columns 92 to 137 of 265]
281.637268066406 281.273010253906 280.908752441406 280.544494628906 280.180236816406 279.846710205078 279.523376464844 279.200073242188 278.876770019531 278.553466796875 278.230133056641 277.906829833984 277.830413818359 278.494689941406 279.158966064453 279.823272705078 280.487548828125 281.151824951172 281.816101074219 282.480407714844 282.567718505859 282.462707519531 282.357696533203 282.252655029297 282.147644042969 282.042633056641 281.937622070312 281.866302490234 281.896057128906 281.925811767578 281.955535888672 281.985290527344 282.015045166016 282.044799804688 282.074523925781 281.971099853516 281.8232421875 281.675415039062 281.527587890625 281.379760742188 281.231903076172 281.084075927734 280.938110351562 280.797698974609 280.657287597656 280.516876220703
281.636169433594 281.30029296875 280.964416503906 280.628509521484 280.292633056641 280.001678466797 279.725677490234 279.44970703125 279.173736572266 278.897735595703 278.621765136719 278.345764160156 278.286041259766 278.875061035156 279.464050292969 280.053070068359 280.64208984375 281.231109619141 281.820129394531 282.409149169922 282.487701416016 282.396118164062 282.304534912109 282.212951660156 282.121398925781 282.029815673828 281.938232421875 281.881164550781 281.927612304688 281.974060058594 282.0205078125 282.066986083984 282.113433837891 282.159881591797 282.206329345703 282.130493164062 282.013885498047 281.897308349609 281.780700683594 281.664093017578 281.547485351562 281.430877685547 281.311767578125 281.185180664062 281.058563232422 280.931945800781
281.635101318359 281.327575683594 281.020050048828 280.712554931641 280.405029296875 280.156646728516 279.927978515625 279.699340820312 279.470672607422 279.242034912109 279.013366699219 278.784698486328 278.741638183594 279.255401611328 279.769134521484 280.282897949219 280.796661376953 281.310394287109 281.824157714844 282.337890625 282.40771484375 282.329559326172 282.251403808594 282.173278808594 282.095123291016 282.016967773438 281.938812255859 281.89599609375 281.959167480469 282.022308349609 282.085479736328 282.148651123047 282.211822509766 282.274993896484 282.338165283203 282.289916992188 282.204528808594 282.119171142578 282.033813476562 281.948425292969 281.863067626953 281.777679443359 281.685455322266 281.572631835938 281.459838867188 281.347015380859
281.634033203125 281.354858398438 281.075714111328 280.796569824219 280.517395019531 280.311614990234 280.130279541016 279.948974609375 279.767639160156 279.586303710938 279.404968261719 279.223663330078 279.197265625 279.6357421875 280.074249267578 280.512725830078 280.951202392578 281.389678955078 281.828155517578 282.266632080078 282.327728271484 282.263000488281 282.198272705078 282.133544921875 282.06884765625 282.004119873047 281.939392089844 281.910827636719 281.990692138672 282.070587158203 282.150451660156 282.230346679688 282.310211181641 282.390075683594 282.469970703125 282.449310302734 282.395172119141 282.341033935547 282.286895751953 282.232757568359 282.178619384766 282.124481201172 282.059143066406 281.960113525391 281.861083984375 281.762084960938
281.632934570312 281.382141113281 281.131378173828 280.880584716797 280.629791259766 280.466583251953 280.332580566406 280.198577880859 280.064605712891 279.930603027344 279.796600341797 279.66259765625 279.652893066406 280.01611328125 280.379333496094 280.742523193359 281.105743408203 281.468963623047 281.832183837891 282.195404052734 282.247741699219 282.196441650391 282.145141601562 282.093872070312 282.042572021484 281.991271972656 281.940002441406 281.925659179688 282.022247314453 282.118835449219 282.215423583984 282.31201171875 282.408599853516 282.505187988281 282.601776123047 282.608734130859 282.585815429688 282.562927246094 282.540008544922 282.517120361328 282.494201660156 282.471282958984 282.432800292969 282.347595214844 282.262359619141 282.177154541016
281.631866455078 281.409454345703 281.18701171875 280.964599609375 280.7421875 280.621551513672 280.534881591797 280.448211669922 280.361541748047 280.274871826172 280.188201904297 280.101531982422 280.108520507812 280.396453857422 280.684417724609 280.972351074219 281.260284423828 281.548248291016 281.836181640625 282.124145507812 282.167724609375 282.1298828125 282.092010498047 282.054138183594 282.016296386719 281.978424072266 281.940582275391 281.940490722656 282.053802490234 282.167083740234 282.280395507812 282.393676757812 282.506988525391 282.620269775391 282.733581542969 282.768157958984 282.776458740234 282.784790039062 282.793121337891 282.801452636719 282.809783935547 282.818115234375 282.806488037109 282.735046386719 282.663635253906 282.592193603516
281.613372802734 281.405639648438 281.197937011719 280.990234375 280.782501220703 280.694305419922 280.645935058594 280.597564697266 280.549194335938 280.500823974609 280.452453613281 280.404083251953 280.427154541016 280.664489746094 280.901824951172 281.13916015625 281.376525878906 281.613861083984 281.851196289062 282.088531494141 282.130310058594 282.10693359375 282.083526611328 282.060150146484 282.036743164062 282.013366699219 281.989959716797 282.001892089844 282.119781494141 282.237640380859 282.355529785156 282.473388671875 282.591247558594 282.709136962891 282.826995849609 282.874786376953 282.899200439453 282.923645019531 282.948059082031 282.972473144531 282.996887207031 283.021331787109 283.026062011719 282.971801757812 282.917541503906 282.863311767578
281.577453613281 281.370788574219 281.164123535156 280.957458496094 280.750793457031 280.684783935547 280.665710449219 280.646636962891 280.627532958984 280.608459472656 280.589385986328 280.570281982422 280.608825683594 280.820220947266 281.031616210938 281.243011474609 281.454376220703 281.665771484375 281.877166748047 282.088562011719 282.135498046875 282.127624511719 282.119720458984 282.111846923828 282.103942871094 282.096069335938 282.088195800781 282.109832763672 282.220153808594 282.330474853516 282.440795898438 282.551116943359 282.661437988281 282.771728515625 282.882049560547 282.928680419922 282.954040527344 282.979431152344 283.004821777344 283.030181884766 283.055572509766 283.080963134766 283.091552734375 283.057861328125 283.024139404297 282.990417480469
281.54150390625 281.335906982422 281.130279541016 280.924682617188 280.719055175781 280.67529296875 280.685485839844 280.695678710938 280.705902099609 280.716094970703 280.726287841797 280.736480712891 280.790496826172 280.975952148438 281.161376953125 281.346832275391 281.532257080078 281.717712402344 281.903137207031 282.088592529297 282.140686035156 282.148284912109 282.155914306641 282.163543701172 282.171142578125 282.178771972656 282.186401367188 282.217803955078 282.320556640625 282.423309326172 282.526062011719 282.628845214844 282.731597900391 282.834350585938 282.937103271484 282.982543945312 283.008880615234 283.035217285156 283.061584472656 283.087921142578 283.1142578125 283.140594482422 283.157043457031 283.143890380859 283.130706787109 283.117553710938
281.505584716797 281.301025390625 281.096466064453 280.891906738281 280.687316894531 280.665802001953 280.705261230469 280.744750976562 280.784240722656 280.82373046875 280.863189697266 280.902679443359 280.97216796875 281.131652832031 281.291137695312 281.450653076172 281.610137939453 281.769622802734 281.929138183594 282.088623046875 282.145843505859 282.168975830078 282.192108154297 282.215209960938 282.238342285156 282.261474609375 282.284606933594 282.325744628906 282.420959472656 282.516143798828 282.611358642578 282.70654296875 282.8017578125 282.89697265625 282.992156982422 283.036437988281 283.063720703125 283.091033935547 283.118316650391 283.145629882812 283.172912597656 283.200225830078 283.222534179688 283.229919433594 283.2373046875 283.244659423828
281.469665527344 281.266143798828 281.062622070312 280.859130859375 280.655609130859 280.656280517578 280.725067138672 280.793823242188 280.862579345703 280.931335449219 281.000122070312 281.068878173828 281.153839111328 281.287384033203 281.420928955078 281.554473876953 281.688018798828 281.821563720703 281.955108642578 282.088653564453 282.151031494141 282.189666748047 282.228271484375 282.266906738281 282.305541992188 282.344177246094 282.3828125 282.433685302734 282.521331787109 282.608978271484 282.696624755859 282.784271240234 282.871917724609 282.959564208984 283.047210693359 283.090301513672 283.118560791016 283.146820068359 283.175079345703 283.203338623047 283.231597900391 283.259857177734 283.288024902344 283.315948486328 283.343872070312 283.371795654297
281.433746337891 281.231262207031 281.02880859375 280.826354980469 280.623870849609 280.646789550781 280.744842529297 280.842895507812 280.94091796875 281.038970947266 281.137023925781 281.235076904297 281.335510253906 281.443115234375 281.550689697266 281.658294677734 281.765899658203 281.873504638672 281.981079101562 282.088684082031 282.156188964844 282.210327148438 282.264465332031 282.318603515625 282.372741699219 282.426879882812 282.481018066406 282.541656494141 282.621734619141 282.701812744141 282.781921386719 282.861999511719 282.942077636719 283.022186279297 283.102264404297 283.144195556641 283.173400878906 283.20263671875 283.231842041016 283.261047363281 283.290283203125 283.319488525391 283.353515625 283.401977539062 283.450439453125 283.498901367188
281.328979492188 281.146026611328 280.963073730469 280.780120849609 280.59716796875 280.63525390625 280.747039794922 280.858795166016 280.970581054688 281.082336425781 281.194091796875 281.305877685547 281.40673828125 281.474914550781 281.543121337891 281.611297607422 281.679473876953 281.747650146484 281.815826416016 281.884033203125 281.9501953125 282.015716552734 282.081207275391 282.146728515625 282.212249755859 282.277740478516 282.34326171875 282.417205810547 282.516387939453 282.615570068359 282.714752197266 282.813934326172 282.913116455078 283.012298583984 283.111480712891 283.157684326172 283.186218261719 283.214782714844 283.243316650391 283.271881103516 283.300445556641 283.328979492188 283.364624023438 283.421478271484 283.478363037109 283.535247802734
281.155364990234 281.010406494141 280.865447998047 280.720489501953 280.575500488281 280.621704101562 280.731628417969 280.841583251953 280.951507568359 281.061431884766 281.171356201172 281.281280517578 281.367553710938 281.382843017578 281.398162841797 281.413452148438 281.428741455078 281.444061279297 281.459350585938 281.474639892578 281.533020019531 281.605773925781 281.678527832031 281.751281738281 281.824035644531 281.896789550781 281.969543457031 282.060363769531 282.205291748047 282.350219726562 282.495147705078 282.640075683594 282.785003662109 282.929931640625 283.074859619141 283.130767822266 283.157043457031 283.183288574219 283.209533691406 283.235809326172 283.262054443359 283.288330078125 283.3212890625 283.374450683594 283.427612304688 283.480773925781
280.981781005859 280.874786376953 280.767822265625 280.660827636719 280.553833007812 280.608154296875 280.716247558594 280.824340820312 280.932434082031 281.04052734375 281.148620605469 281.256713867188 281.328369140625 281.290771484375 281.253204345703 281.215606689453 281.178039550781 281.140441894531 281.102844238281 281.065277099609 281.115875244141 281.195861816406 281.275848388672 281.355865478516 281.435852050781 281.515838623047 281.595855712891 281.703521728516 281.894195556641 282.084869384766 282.275543212891 282.466217041016 282.656860351562 282.847534179688 283.038208007812 283.103851318359 283.127838134766 283.151794433594 283.175750732422 283.199737548828 283.223693847656 283.247650146484 283.277984619141 283.327423095703 283.376861572266 283.426330566406
280.808166503906 280.739166259766 280.670166015625 280.601165771484 280.532165527344 280.594604492188 280.700866699219 280.807098388672 280.913360595703 281.019622802734 281.125854492188 281.232116699219 281.289184570312 281.198699951172 281.108245849609 281.017761230469 280.927307128906 280.836822509766 280.746368408203 280.655883789062 280.698699951172 280.785949707031 280.873168945312 280.960418701172 281.047668457031 281.134887695312 281.222137451172 281.3466796875 281.583099365234 281.819519042969 282.055938720703 282.292327880859 282.528747558594 282.765167236328 283.001586914062 283.076934814453 283.0986328125 283.120300292969 283.141967773438 283.163635253906 283.185333251953 283.207000732422 283.234680175781 283.280395507812 283.326141357422 283.371856689453
280.634582519531 280.603576660156 280.572540283203 280.541534423828 280.510498046875 280.5810546875 280.685485839844 280.789886474609 280.894287109375 280.998718261719 281.103118896484 281.20751953125 281.25 281.106628417969 280.963287353516 280.819946289062 280.676574707031 280.533233642578 280.389862060547 280.246520996094 280.281524658203 280.376007080078 280.470489501953 280.564971923828 280.659454345703 280.753936767578 280.848419189453 280.989837646484 281.272003173828 281.554168701172 281.836303710938 282.118469238281 282.400634765625 282.682800292969 282.964965820312 283.050048828125 283.069427490234 283.088806152344 283.108184814453 283.127563476562 283.146942138672 283.166351318359 283.191375732422 283.233367919922 283.275390625 283.3173828125
280.460968017578 280.467956542969 280.474914550781 280.481872558594 280.488830566406 280.567504882812 280.670074462891 280.772644042969 280.875213623047 280.977783203125 281.080383300781 281.182952880859 281.210815429688 281.014556884766 280.818328857422 280.622100830078 280.425842285156 280.229614257812 280.033386230469 279.837127685547 279.864379882812 279.966094970703 280.067810058594 280.169555664062 280.271270751953 280.372985839844 280.474731445312 280.632995605469 280.960906982422 281.288818359375 281.61669921875 281.944610595703 282.272521972656 282.600433349609 282.928344726562 283.023132324219 283.040222167969 283.057312011719 283.074401855469 283.091491699219 283.108581542969 283.125671386719 283.148071289062 283.186340332031 283.224639892578 283.262939453125
280.383972167969 280.404632568359 280.42529296875 280.445922851562 280.466583251953 280.539916992188 280.630798339844 280.721710205078 280.812591552734 280.903503417969 280.994384765625 281.085296630859 281.099029541016 280.88134765625 280.663665771484 280.445983886719 280.228302001953 280.010589599609 279.792907714844 279.575225830078 279.603454589844 279.713653564453 279.823852539062 279.934051513672 280.044250488281 280.154449462891 280.2646484375 280.435546875 280.788543701172 281.141540527344 281.494537353516 281.847534179688 282.200531005859 282.553527832031 282.906555175781 283.016235351562 283.044830322266 283.073425292969 283.102020263672 283.130615234375 283.1591796875 283.187774658203 283.216979980469 283.247985839844 283.278991699219 283.309997558594
280.403564453125 280.413604736328 280.423645019531 280.433685302734 280.443725585938 280.498291015625 280.567657470703 280.637054443359 280.706420898438 280.775817871094 280.845184326172 280.914581298828 280.914672851562 280.706970214844 280.499267578125 280.291564941406 280.083892822266 279.876190185547 279.668487548828 279.460784912109 279.498779296875 279.618682861328 279.738586425781 279.858489990234 279.978393554688 280.098297119141 280.218200683594 280.3974609375 280.754913330078 281.112365722656 281.469818115234 281.827270507812 282.184692382812 282.542144775391 282.899597167969 283.029357910156 283.083251953125 283.137115478516 283.191009521484 283.244903564453 283.298767089844 283.352661132812 283.398101806641 283.418273925781 283.438415527344 283.458587646484
