resources/Exp000_Example-Run/Run01_M2/TimeSeries/2000/selection_set/ts_avg.asc
NCOLS 265 
NROWS 230 
XLLCORNER -115.5625 
YLLCORNER 24.8333333333333 
CELLSIZE 0.0833333333333333 
NODATA_value -9999 
[rows 120 to 139 of 230, columns 0 to 45 of 265]
295.22998046875 295.419281005859 295.608612060547 295.797912597656 295.987243652344 296.176544189453 296.365875244141 296.446929931641 296.491912841797 296.536895751953 296.581878662109 296.626861572266 296.671844482422 296.716827392578 296.703155517578 296.513519287109 296.323913574219 296.13427734375 295.944641113281 295.755004882812 295.565368652344 295.375732421875 295.191192626953 295.008361816406 294.825531005859 294.642669677734 294.459838867188 294.277008056641 294.094177246094 293.935760498047 293.850616455078 293.765472412109 293.680297851562 293.595153808594 293.510009765625 293.424865722656 293.339691162109 293.226318359375 293.103515625 292.980712890625 292.85791015625 292.735107421875 292.6123046875 292.489501953125 292.274719238281 291.783905029297
295.361450195312 295.5390625 295.716705322266 295.894348144531 296.071990966797 296.249633789062 296.427276611328 296.49853515625 296.534362792969 296.570159912109 296.605987548828 296.641815185547 296.677642822266 296.713439941406 296.694885253906 296.513244628906 296.331573486328 296.14990234375 295.96826171875 295.786590576172 295.604919433594 295.423248291016 295.277648925781 295.144073486328 295.010467529297 294.876861572266 294.743286132812 294.609680175781 294.476104736328 294.359771728516 294.295227050781 294.230651855469 294.166107177734 294.1015625 294.037017822266 293.972473144531 293.907897949219 293.802124023438 293.6826171875 293.563110351562 293.443603515625 293.324066162109 293.204559326172 293.085052490234 292.877532958984 292.406005859375
295.492889404297 295.658874511719 295.824829101562 295.990783691406 296.15673828125 296.322692871094 296.488647460938 296.550140380859 296.576782226562 296.603424072266 296.630096435547 296.65673828125 296.683410644531 296.710052490234 296.686614990234 296.512939453125 296.339233398438 296.165557861328 295.991851806641 295.818176269531 295.644470214844 295.470794677734 295.364105224609 295.279754638672 295.195404052734 295.111053466797 295.026702880859 294.942352294922 294.858001708984 294.783752441406 294.739807128906 294.695861816406 294.651916503906 294.607971191406 294.564025878906 294.520050048828 294.476104736328 294.377960205078 294.26171875 294.145477294922 294.029266357422 293.913024902344 293.796813964844 293.680572509766 293.480346679688 293.028076171875
295.624359130859 295.778656005859 295.932922363281 296.087188720703 296.241485595703 296.395751953125 296.550048828125 296.601715087891 296.619201660156 296.63671875 296.654205322266 296.671691894531 296.689178466797 296.706665039062 296.678344726562 296.512634277344 296.346923828125 296.181213378906 296.015472412109 295.849761962891 295.684051513672 295.518310546875 295.450561523438 295.415466308594 295.38037109375 295.345245361328 295.310150146484 295.275054931641 295.239929199219 295.207763671875 295.184417724609 295.161071777344 295.137725830078 295.114379882812 295.091003417969 295.067657470703 295.044311523438 294.953765869141 294.8408203125 294.727874755859 294.614929199219 294.501983642578 294.389038085938 294.276092529297 294.083160400391 293.650177001953
295.755828857422 295.8984375 296.041046142578 296.183624267578 296.326232910156 296.468811035156 296.611419677734 296.6533203125 296.661651611328 296.669982910156 296.678283691406 296.686614990234 296.694946289062 296.703277587891 296.670074462891 296.512329101562 296.354583740234 296.196838378906 296.039093017578 295.88134765625 295.723602294922 295.565856933594 295.537017822266 295.551177978516 295.565307617188 295.579437255859 295.593566894531 295.607727050781 295.621856689453 295.631774902344 295.629028320312 295.626281738281 295.62353515625 295.620758056641 295.618011474609 295.615264892578 295.612518310547 295.529602050781 295.419921875 295.310272216797 295.200622558594 295.090942382812 294.981292724609 294.871643066406 294.685943603516 294.272247314453
295.887298583984 296.018218994141 296.149139404297 296.280059814453 296.410980224609 296.541900634766 296.672821044922 296.704895019531 296.704071044922 296.703247070312 296.702392578125 296.701568603516 296.700714111328 296.699890136719 296.661804199219 296.512023925781 296.362274169922 296.212493896484 296.062713623047 295.912933349609 295.763153076172 295.613403320312 295.623474121094 295.686859130859 295.750244140625 295.813629150391 295.877014160156 295.940399169922 296.003784179688 296.055786132812 296.073638916016 296.091491699219 296.109313964844 296.127166748047 296.14501953125 296.162872314453 296.180725097656 296.105407714844 295.9990234375 295.892669677734 295.786285400391 295.679901123047 295.573516845703 295.467163085938 295.288757324219 294.894348144531
296.069427490234 296.176910400391 296.284393310547 296.391906738281 296.499389648438 296.606872558594 296.71435546875 296.740783691406 296.740203857422 296.739593505859 296.739013671875 296.738403320312 296.737823486328 296.737213134766 296.702972412109 296.567749023438 296.432525634766 296.297332763672 296.162109375 296.026885986328 295.891693115234 295.756469726562 295.785186767578 295.868591308594 295.951965332031 296.035339355469 296.118713378906 296.202087402344 296.285491943359 296.351654052734 296.366149902344 296.380676269531 296.395202636719 296.409698486328 296.424224853516 296.438720703125 296.453247070312 296.383056640625 296.28466796875 296.186248779297 296.087829589844 295.989410400391 295.890991210938 295.792602539062 295.626159667969 295.255615234375
296.302185058594 296.37451171875 296.446807861328 296.519134521484 296.591461181641 296.663757324219 296.736083984375 296.760955810547 296.77001953125 296.779052734375 296.788116455078 296.797180175781 296.806213378906 296.815277099609 296.793548583984 296.679473876953 296.565399169922 296.451354980469 296.337280273438 296.223205566406 296.109161376953 295.995086669922 296.022155761719 296.096313476562 296.170440673828 296.244567871094 296.318695068359 296.392822265625 296.466949462891 296.519378662109 296.506622314453 296.493865966797 296.481109619141 296.468353271484 296.455596923828 296.442840576172 296.430084228516 296.362579345703 296.276794433594 296.191040039062 296.105255126953 296.019470214844 295.933715820312 295.847930908203 295.698089599609 295.356079101562
296.534942626953 296.572082519531 296.609222412109 296.646362304688 296.683532714844 296.720672607422 296.7578125 296.781127929688 296.799835205078 296.818511962891 296.837219238281 296.855926513672 296.874633789062 296.893310546875 296.884124755859 296.791198730469 296.698303222656 296.605377197266 296.512451171875 296.419525146484 296.326629638672 296.233703613281 296.259124755859 296.324035644531 296.388916015625 296.453796386719 296.518676757812 296.583557128906 296.6484375 296.687103271484 296.647064208984 296.607055664062 296.567016601562 296.527008056641 296.486968994141 296.446960449219 296.406921386719 296.342071533203 296.268951416016 296.19580078125 296.122680664062 296.049560546875 295.976409912109 295.903289794922 295.770050048828 295.45654296875
296.767700195312 296.769683837891 296.771636962891 296.773620605469 296.775604248047 296.777557373047 296.779541015625 296.801300048828 296.829620361328 296.857971191406 296.886322021484 296.914672851562 296.943023681641 296.971374511719 296.974700927734 296.902923583984 296.831176757812 296.759399414062 296.687622070312 296.615844726562 296.544097900391 296.472320556641 296.49609375 296.5517578125 296.607391357422 296.663024902344 296.718658447266 296.774291992188 296.829925537109 296.854827880859 296.787536621094 296.720245361328 296.652954101562 296.585662841797 296.518371582031 296.451080322266 296.3837890625 296.321594238281 296.261077880859 296.200592041016 296.140106201172 296.079620361328 296.019134521484 295.958618164062 295.842010498047 295.557006835938
297.000457763672 296.967254638672 296.934051513672 296.900848388672 296.867645263672 296.834442138672 296.801239013672 296.821441650391 296.859436035156 296.8974609375 296.935455322266 296.973449707031 297.011444091797 297.049438476562 297.065277099609 297.0146484375 296.964050292969 296.913421630859 296.86279296875 296.812194824219 296.761566162109 296.7109375 296.733093261719 296.779479980469 296.825866699219 296.872253417969 296.918640136719 296.965026855469 297.011413574219 297.022552490234 296.927978515625 296.833435058594 296.738861083984 296.644317626953 296.549743652344 296.455200195312 296.360626220703 296.301086425781 296.253234863281 296.205383300781 296.157531738281 296.109680175781 296.061828613281 296.013977050781 295.913970947266 295.657470703125
297.233215332031 297.164855957031 297.096466064453 297.028106689453 296.959716796875 296.891357421875 296.822967529297 296.841613769531 296.889251708984 296.936920166016 296.984558105469 297.032196044922 297.079833984375 297.127502441406 297.155853271484 297.126373291016 297.096923828125 297.067443847656 297.037963867188 297.008514404297 296.979034423828 296.949554443359 296.970062255859 297.007202148438 297.044342041016 297.081481933594 297.118621826172 297.15576171875 297.192901611328 297.190277099609 297.068450927734 296.946624755859 296.824798583984 296.702972412109 296.581115722656 296.459289550781 296.337463378906 296.280609130859 296.245391845703 296.210174560547 296.174957275391 296.139739990234 296.104522705078 296.069305419922 295.985900878906 295.757934570312
297.331695556641 297.255065917969 297.178436279297 297.101806640625 297.025177001953 296.948547363281 296.871917724609 296.881591796875 296.920074462891 296.958526611328 296.996978759766 297.035461425781 297.073913574219 297.112365722656 297.13623046875 297.116271972656 297.096313476562 297.076324462891 297.056365966797 297.036407470703 297.016418457031 296.996459960938 297.017211914062 297.051544189453 297.085876464844 297.120208740234 297.154541015625 297.188873291016 297.223205566406 297.214813232422 297.078369140625 296.94189453125 296.805419921875 296.6689453125 296.532470703125 296.396026611328 296.259552001953 296.206909179688 296.182189941406 296.157501220703 296.132781982422 296.108093261719 296.083404541016 296.058685302734 295.988555908203 295.782165527344
297.295837402344 297.237884521484 297.179901123047 297.121948242188 297.06396484375 297.006011962891 296.948059082031 296.94140625 296.951843261719 296.962310791016 296.972747802734 296.983184814453 296.99365234375 297.004089355469 297.006408691406 296.984313964844 296.962188720703 296.940093994141 296.91796875 296.895843505859 296.873748779297 296.851623535156 296.874572753906 296.912536621094 296.950500488281 296.988464355469 297.026428222656 297.064361572266 297.102325439453 297.09619140625 296.957702636719 296.819244384766 296.680755615234 296.542297363281 296.40380859375 296.265319824219 296.126861572266 296.079986572266 296.063690185547 296.04736328125 296.031036376953 296.014739990234 295.998413085938 295.982086181641 295.921905517578 295.730163574219
297.259979248047 297.220703125 297.181396484375 297.14208984375 297.102783203125 297.0634765625 297.024200439453 297.001190185547 296.983642578125 296.966064453125 296.948516845703 296.930938720703 296.913391113281 296.895812988281 296.876586914062 296.852325439453 296.828094482422 296.803833007812 296.779571533203 296.755310058594 296.731079101562 296.706817626953 296.73193359375 296.773529052734 296.815124511719 296.856719970703 296.898284912109 296.939880371094 296.981475830078 296.9775390625 296.837066650391 296.696594238281 296.556091308594 296.415618896484 296.275146484375 296.134643554688 295.994171142578 295.953094482422 295.945159912109 295.937225341797 295.929290771484 295.921356201172 295.913421630859 295.905487060547 295.855255126953 295.678131103516
297.224151611328 297.203491210938 297.182861328125 297.162231445312 297.1416015625 297.120971679688 297.100311279297 297.060974121094 297.015411376953 296.969848632812 296.924255371094 296.878692626953 296.833129882812 296.787536621094 296.746765136719 296.720367431641 296.693969726562 296.667572021484 296.641174316406 296.614776611328 296.58837890625 296.561981201172 296.589294433594 296.634521484375 296.679748535156 296.724945068359 296.770172119141 296.815399169922 296.860626220703 296.858917236328 296.716430664062 296.573913574219 296.431427001953 296.288940429688 296.146453857422 296.003967285156 295.861480712891 295.826202392578 295.82666015625 295.827087402344 295.827545166016 295.828002929688 295.828430175781 295.828887939453 295.788604736328 295.626129150391
297.188293457031 297.186309814453 297.184356689453 297.182373046875 297.180419921875 297.178436279297 297.176452636719 297.120788574219 297.047210693359 296.973602294922 296.900024414062 296.826446533203 296.752838134766 296.679260253906 296.616943359375 296.588409423828 296.559875488281 296.531311035156 296.502777099609 296.474243164062 296.445709228516 296.417175292969 296.446655273438 296.495513916016 296.544372558594 296.593200683594 296.642059326172 296.69091796875 296.73974609375 296.740264892578 296.595764160156 296.451263427734 296.306793212891 296.162292480469 296.017791748047 295.873291015625 295.728790283203 295.699310302734 295.708129882812 295.716949462891 295.725799560547 295.734619140625 295.743469238281 295.752288818359 295.721954345703 295.574127197266
297.152435302734 297.169128417969 297.185821533203 297.202514648438 297.219207763672 297.235900878906 297.252593994141 297.180572509766 297.078979492188 296.977386474609 296.875793457031 296.774169921875 296.672576904297 296.570983886719 296.487121582031 296.456420898438 296.425750732422 296.395080566406 296.364379882812 296.333709716797 296.303009033203 296.272338867188 296.304016113281 296.356506347656 296.408966064453 296.461456298828 296.513946533203 296.56640625 296.618896484375 296.621612548828 296.475128173828 296.32861328125 296.18212890625 296.035614013672 295.889099121094 295.742614746094 295.596099853516 295.572387695312 295.589599609375 295.606811523438 295.624053955078 295.641265869141 295.658477783203 295.675689697266 295.655303955078 295.522094726562
296.980163574219 297.033966064453 297.087799072266 297.141632080078 297.195465087891 297.249267578125 297.303100585938 297.223846435547 297.100189208984 296.9765625 296.852935791016 296.729309082031 296.605682373047 296.482055664062 296.382965087891 296.357513427734 296.332061767578 296.306610107422 296.281158447266 296.255706787109 296.230255126953 296.204803466797 296.236083984375 296.286285400391 296.336486816406 296.386657714844 296.436859130859 296.487060546875 296.537261962891 296.538513183594 296.392852783203 296.247192382812 296.101531982422 295.955871582031 295.810211181641 295.66455078125 295.518890380859 295.489501953125 295.498870849609 295.508239746094 295.517639160156 295.527008056641 295.536376953125 295.545776367188 295.520568847656 295.3916015625
296.671417236328 296.780822753906 296.890258789062 296.999694824219 297.109100341797 297.218536376953 297.327941894531 297.250549316406 297.110870361328 296.971160888672 296.831481933594 296.691802978516 296.552124023438 296.412414550781 296.304443359375 296.291595458984 296.278747558594 296.265899658203 296.253051757812 296.240203857422 296.227355957031 296.214508056641 296.242797851562 296.284820556641 296.326843261719 296.368835449219 296.410858154297 296.452880859375 296.494873046875 296.490905761719 296.348937988281 296.206970214844 296.065002441406 295.923004150391 295.781036376953 295.639068603516 295.497100830078 295.450592041016 295.435913085938 295.421234130859 295.406555175781 295.391906738281 295.377227783203 295.362548828125 295.317749023438 295.182647705078
