resources/Exp000_Example-Run/Run01_M2/TimeSeries/2000/selection_set/ts_avg.asc
NCOLS 265 
NROWS 230 
XLLCORNER -115.5625 
YLLCORNER 24.8333333333333 
CELLSIZE 0.0833333333333333 
NODATA_value -9999 
[rows 140 to 159 of 230, columns 0 to 45 of 265]
296.362670898438 296.527679443359 296.692718505859 296.857727050781 297.022766113281 297.187774658203 297.352813720703 297.277252197266 297.121520996094 296.965789794922 296.810028076172 296.654296875 296.498565673828 296.342803955078 296.225952148438 296.225708007812 296.225463867188 296.225219726562 296.224975585938 296.224731445312 296.224487304688 296.224243164062 296.249542236328 296.283386230469 296.317199707031 296.351013183594 296.384857177734 296.418670654297 296.452514648438 296.443298339844 296.305023193359 296.166748046875 296.028442382812 295.890167236328 295.751892089844 295.613616943359 295.475311279297 295.411712646484 295.372985839844 295.334228515625 295.295501708984 295.256774902344 295.218048095703 295.179321289062 295.114959716797 294.973693847656
296.053924560547 296.274536132812 296.495178222656 296.715789794922 296.936401367188 297.157043457031 297.377655029297 297.303955078125 297.132171630859 296.960388183594 296.78857421875 296.616790771484 296.445007324219 296.273193359375 296.147430419922 296.159790039062 296.172180175781 296.184539794922 296.196899414062 296.209259033203 296.221618652344 296.233978271484 296.256286621094 296.281921386719 296.307556152344 296.333190917969 296.358856201172 296.384490966797 296.410125732422 296.395690917969 296.261108398438 296.126525878906 295.991912841797 295.857330322266 295.722747802734 295.588134765625 295.453552246094 295.372802734375 295.310028076172 295.247222900391 295.184448242188 295.121643066406 295.058868408203 294.996063232422 294.912139892578 294.764739990234
295.745178222656 296.021392822266 296.297637939453 296.573852539062 296.850067138672 297.126281738281 297.402496337891 297.330688476562 297.142822265625 296.954986572266 296.767120361328 296.579284667969 296.391448974609 296.203582763672 296.068939208984 296.093902587891 296.118865966797 296.143829345703 296.168792724609 296.193756103516 296.218719482422 296.243682861328 296.263031005859 296.280487060547 296.297943115234 296.315368652344 296.332824707031 296.350280761719 296.367736816406 296.348114013672 296.217193603516 296.086303710938 295.955383300781 295.824493408203 295.693572998047 295.562683105469 295.431762695312 295.333923339844 295.2470703125 295.160217285156 295.073364257812 294.986541748047 294.899688720703 294.812835693359 294.709320068359 294.555786132812
295.436431884766 295.768249511719 296.10009765625 296.431915283203 296.763732910156 297.095550537109 297.427368164062 297.357391357422 297.153472900391 296.949584960938 296.745666503906 296.541778564453 296.337860107422 296.133972167969 295.990447998047 296.028015136719 296.065582275391 296.103149414062 296.140716552734 296.178283691406 296.215850830078 296.25341796875 296.269775390625 296.279022216797 296.288299560547 296.297546386719 296.306823730469 296.316101074219 296.325347900391 296.300506591797 296.173278808594 296.046081542969 295.918853759766 295.791656494141 295.664428710938 295.537200927734 295.410003662109 295.295013427734 295.184112548828 295.073211669922 294.962310791016 294.851409912109 294.740509033203 294.629608154297 294.506500244141 294.346801757812
295.098266601562 295.481658935547 295.865081787109 296.248474121094 296.631896972656 297.015289306641 297.398681640625 297.343597412109 297.142364501953 296.941101074219 296.739868164062 296.538604736328 296.337341308594 296.136108398438 295.995178222656 296.035186767578 296.075225830078 296.115234375 296.155242919922 296.195281982422 296.235290527344 296.275329589844 296.288238525391 296.292144775391 296.296051025391 296.299926757812 296.303833007812 296.307708740234 296.311614990234 296.284118652344 296.162414550781 296.040710449219 295.919006347656 295.797332763672 295.675628662109 295.553924560547 295.432220458984 295.3017578125 295.168334960938 295.034942626953 294.901519775391 294.768127441406 294.634704589844 294.501281738281 294.358978271484 294.189910888672
294.730621337891 295.16162109375 295.592590332031 296.023559570312 296.454559326172 296.885528564453 297.316497802734 297.289337158203 297.109436035156 296.929534912109 296.749664306641 296.569763183594 296.389862060547 296.209991455078 296.083160400391 296.115478515625 296.147796630859 296.180114746094 296.212432861328 296.244750976562 296.277069091797 296.309387207031 296.318481445312 296.31982421875 296.321136474609 296.322479248047 296.323822021484 296.325164794922 296.326507568359 296.298919677734 296.1845703125 296.070220947266 295.955871582031 295.841522216797 295.727172851562 295.612823486328 295.498474121094 295.354095458984 295.199737548828 295.045379638672 294.890991210938 294.736633300781 294.582275390625 294.427886962891 294.266693115234 294.085052490234
294.363006591797 294.841552734375 295.320098876953 295.798645019531 296.277221679688 296.755767822266 297.234313964844 297.235046386719 297.076507568359 296.917999267578 296.759460449219 296.600921630859 296.4423828125 296.283874511719 296.171112060547 296.195739746094 296.220367431641 296.244964599609 296.269592285156 296.294219970703 296.31884765625 296.343444824219 296.348693847656 296.347473144531 296.346252441406 296.345062255859 296.343841552734 296.342620849609 296.341400146484 296.313751220703 296.206726074219 296.099731445312 295.992736816406 295.885711669922 295.778717041016 295.671722412109 295.564697265625 295.406463623047 295.231140136719 295.055816650391 294.880462646484 294.705139160156 294.529815673828 294.3544921875 294.174438476562 293.980163574219
293.995391845703 294.521514892578 295.047637939453 295.573760986328 296.099884033203 296.626007080078 297.152130126953 297.180786132812 297.043609619141 -9999 296.769256591797 -9999 -9999 296.357757568359 296.259094238281 296.276000976562 296.292938232422 296.309844970703 296.326751708984 296.343688964844 296.360595703125 296.377502441406 296.37890625 296.375152587891 296.371368408203 296.367614746094 296.363830566406 296.360076904297 296.356292724609 296.328552246094 296.228912353516 296.129241943359 296.029571533203 295.929931640625 295.830261230469 295.730590820312 295.630950927734 295.458801269531 295.262512207031 295.066253662109 294.869964599609 294.673675537109 294.477386474609 294.281097412109 294.082153320312 293.875305175781
293.627746582031 294.201446533203 294.775146484375 295.348846435547 295.922546386719 296.496246337891 297.069946289062 297.126495361328 297.010681152344 -9999 -9999 -9999 -9999 -9999 296.347076416016 296.356292724609 296.365509033203 296.374725341797 296.383941650391 296.393157958984 296.402374267578 296.411590576172 296.409149169922 296.40283203125 296.396484375 296.390167236328 296.383850097656 296.377532958984 296.371185302734 296.343383789062 296.251068115234 296.158752441406 296.066436767578 295.97412109375 295.881805419922 295.789489746094 295.697174072266 295.511169433594 295.293914794922 295.07666015625 294.859436035156 294.642181396484 294.424926757812 294.207702636719 293.989898681641 293.770446777344
293.260131835938 293.881378173828 294.502655029297 295.123931884766 295.745208740234 296.366485595703 296.987731933594 297.072204589844 296.977752685547 -9999 -9999 -9999 -9999 -9999 -9999 -9999 296.438079833984 296.439575195312 296.441101074219 -9999 -9999 296.445648193359 296.439361572266 296.430480957031 296.421600341797 296.412719726562 296.403839111328 296.394958496094 296.386108398438 296.358184814453 296.273223876953 296.188262939453 296.103302001953 296.018310546875 295.933349609375 295.848388671875 295.763427734375 295.563537597656 295.325317382812 295.087097167969 294.848907470703 294.610687255859 294.372497558594 294.13427734375 293.897613525391 293.665588378906
292.921051025391 293.573547363281 294.226013183594 294.878479003906 295.530944824219 296.183441162109 296.835906982422 296.947662353516 296.879211425781 -9999 -9999 -9999 -9999 -9999 -9999 -9999 -9999 -9999 -9999 -9999 -9999 -9999 296.445922851562 296.439910888672 296.433868408203 296.427825927734 296.421813964844 296.415771484375 296.409729003906 296.386260986328 296.310546875 296.234832763672 296.159118652344 296.083404541016 296.007690429688 295.931976318359 295.856231689453 295.65673828125 295.415985107422 295.175201416016 294.934448242188 294.693664550781 294.452911376953 294.212127685547 293.971771240234 293.732574462891
292.610565185547 293.277893066406 293.945190429688 294.612487792969 295.279815673828 295.947113037109 296.614410400391 296.752868652344 296.715026855469 -9999 -9999 -9999 -9999 -9999 -9999 -9999 -9999 -9999 -9999 -9999 -9999 -9999 -9999 296.431060791016 296.433258056641 296.435485839844 296.437683105469 296.439910888672 296.442108154297 296.427612304688 296.363067626953 296.298492431641 296.233917236328 296.169372558594 296.104797363281 296.040222167969 295.975646972656 295.790832519531 295.565887451172 295.340972900391 295.116027832031 294.89111328125 294.666168212891 294.441253662109 294.212310791016 293.971435546875
292.300079345703 292.982208251953 293.664367675781 294.346496582031 295.028656005859 295.710784912109 296.392944335938 296.558044433594 296.550811767578 -9999 -9999 -9999 -9999 -9999 -9999 -9999 -9999 -9999 -9999 -9999 -9999 -9999 -9999 -9999 -9999 296.443115234375 296.453582763672 296.464019775391 296.474487304688 296.468963623047 296.415557861328 296.362152099609 296.308715820312 296.255310058594 296.201904296875 296.148498535156 296.095062255859 295.924896240234 295.7158203125 295.506713867188 295.297637939453 295.088531494141 294.879425048828 294.670349121094 294.452880859375 294.210296630859
291.989593505859 292.686553955078 293.383544921875 294.080535888672 294.777496337891 295.474487304688 296.171447753906 296.363250732422 296.386627197266 -9999 -9999 -9999 -9999 -9999 -9999 -9999 -9999 -9999 -9999 -9999 -9999 -9999 -9999 -9999 -9999 -9999 -9999 -9999 -9999 296.510314941406 296.468048095703 296.42578125 296.383544921875 296.341278076172 296.299011230469 296.256744384766 296.214477539062 296.058990478516 295.86572265625 295.672485351562 295.479217529297 295.285949707031 295.092712402344 294.899444580078 294.693450927734 294.449157714844
291.679107666016 292.390899658203 293.102722167969 293.814544677734 294.526336669922 295.238159179688 295.949981689453 296.168426513672 296.222412109375 -9999 -9999 -9999 -9999 -9999 -9999 -9999 -9999 -9999 -9999 -9999 -9999 -9999 -9999 -9999 -9999 -9999 -9999 -9999 -9999 296.551666259766 296.520568847656 296.489440917969 296.458343505859 296.427215576172 296.396118164062 296.365020751953 296.333892822266 296.193054199219 296.015655517578 295.838226318359 295.660797119141 295.4833984375 295.305969238281 295.128540039062 294.933990478516 294.688018798828
291.368591308594 292.095245361328 292.821899414062 293.548553466797 294.275207519531 295.001831054688 295.728485107422 295.973602294922 296.058227539062 -9999 -9999 -9999 -9999 -9999 -9999 -9999 -9999 -9999 -9999 -9999 -9999 -9999 -9999 -9999 -9999 -9999 -9999 -9999 -9999 296.593017578125 296.573059082031 296.553100585938 296.533142089844 296.51318359375 296.493225097656 296.473266601562 296.453308105469 296.3271484375 296.165557861328 296.003967285156 295.842407226562 295.680816650391 295.519226074219 295.357666015625 295.174560546875 294.926879882812
291.354766845703 292.054412841797 292.754028320312 293.453643798828 294.153259277344 294.852874755859 295.552520751953 295.814086914062 295.929656982422 296.045196533203 -9999 -9999 -9999 -9999 -9999 -9999 -9999 -9999 -9999 -9999 -9999 -9999 -9999 -9999 -9999 -9999 -9999 -9999 -9999 296.603088378906 296.591735839844 296.580352783203 296.569000244141 296.557647705078 296.546264648438 296.534912109375 296.523559570312 296.409820556641 296.261962890625 296.114105224609 295.966247558594 295.818420410156 295.670562744141 295.522705078125 295.351867675781 295.111999511719
291.637634277344 292.268371582031 292.899078369141 293.529815673828 294.160552978516 294.791290283203 295.422027587891 295.689849853516 295.836669921875 295.983520507812 -9999 -9999 -9999 -9999 -9999 -9999 -9999 -9999 -9999 -9999 -9999 -9999 -9999 -9999 -9999 -9999 -9999 -9999 -9999 296.581878662109 296.576568603516 296.571228027344 296.565887451172 296.560577392578 296.555236816406 296.549926757812 296.544586181641 296.441070556641 296.304840087891 296.168609619141 296.032379150391 295.896148681641 295.759918212891 295.623687744141 295.465881347656 295.243347167969
291.920471191406 292.482299804688 293.044158935547 293.606018066406 294.167846679688 294.729705810547 295.291534423828 295.565612792969 295.743713378906 295.921844482422 296.099975585938 -9999 -9999 -9999 -9999 -9999 -9999 -9999 -9999 -9999 -9999 -9999 -9999 -9999 -9999 -9999 -9999 -9999 -9999 296.560699462891 296.561401367188 296.562103271484 296.562805175781 296.563507080078 296.564208984375 296.564910888672 296.565612792969 296.472351074219 296.347747802734 296.223114013672 296.098510742188 295.973907470703 295.849304199219 295.724700927734 295.579925537109 295.374664306641
292.203308105469 292.696258544922 293.189239501953 293.682189941406 294.175140380859 294.668090820312 295.161071777344 295.441345214844 295.650756835938 295.860168457031 296.069549560547 296.278961181641 -9999 -9999 -9999 -9999 -9999 -9999 -9999 -9999 -9999 -9999 -9999 -9999 -9999 -9999 -9999 -9999 -9999 296.539489746094 296.546234130859 296.552978515625 296.559722900391 296.566436767578 296.573181152344 296.579925537109 296.586669921875 296.503601074219 296.390625 296.277648925781 296.164642333984 296.051666259766 295.938690185547 295.82568359375 295.693969726562 295.506011962891
