resources/Exp000_Example-Run/Run01_M2/TimeSeries/2000/selection_set/tsat_avg.asc
NCOLS 265 
NROWS 230 
XLLCORNER -115.5625 
YLLCORNER 24.8333333333333 
CELLSIZE 0.0833333333333333 
NODATA_value -9999 
[rows 100 to 119 of 230, columns 92 to 137 of 265]
282.501556396484 282.455810546875 282.410064697266 282.364318847656 282.318572998047 282.421813964844 282.574676513672 282.7275390625 282.880401611328 283.033264160156 283.186126708984 283.338989257812 283.440704345703 283.388977050781 283.337280273438 283.285552978516 283.233825683594 283.18212890625 283.130401611328 283.078674316406 282.981323242188 282.868713378906 282.756103515625 282.643524169922 282.530914306641 282.418304443359 282.305725097656 282.267791748047 282.453857421875 282.639953613281 282.826019287109 283.012084960938 283.198181152344 283.384246826172 283.570343017578 283.806762695312 284.059967041016 284.313171386719 284.566375732422 284.819580078125 285.072784423828 285.325988769531 285.541534423828 285.644073486328 285.74658203125 285.84912109375
282.401306152344 282.362152099609 282.322998046875 282.283843994141 282.244689941406 282.399658203125 282.619323730469 282.838958740234 283.058624267578 283.278289794922 283.497955322266 283.717620849609 283.870880126953 283.825012207031 283.779144287109 283.733276367188 283.687408447266 283.641540527344 283.595642089844 283.549774169922 283.449554443359 283.331207275391 283.212890625 283.094543457031 282.976196289062 282.857849121094 282.739532470703 282.696502685547 282.879425048828 283.062377929688 283.245300292969 283.428253173828 283.611175537109 283.794128417969 283.97705078125 284.204742431641 284.447357177734 284.689971923828 284.932586669922 285.175170898438 285.417785644531 285.660400390625 285.865905761719 285.960021972656 286.054168701172 286.148315429688
282.404479980469 282.385925292969 282.367370605469 282.348815917969 282.330261230469 282.516693115234 282.771423339844 283.026184082031 283.280914306641 283.53564453125 283.790405273438 284.045135498047 284.22119140625 284.161254882812 284.101318359375 284.041381835938 283.9814453125 283.921478271484 283.861541748047 283.801605224609 283.703033447266 283.591613769531 283.480194091797 283.368774414062 283.257354736328 283.145935058594 283.034515380859 282.996887207031 283.180633544922 283.364349365234 283.548095703125 283.731811523438 283.915557861328 284.099304199219 284.283020019531 284.498626708984 284.724822998047 284.951019287109 285.177215576172 285.403411865234 285.629608154297 285.855804443359 286.046966552734 286.133087158203 286.219177246094 286.305267333984
282.511077880859 282.527130126953 282.543182373047 282.559234619141 282.575286865234 282.772888183594 283.031005859375 283.289123535156 283.547241210938 283.805328369141 284.063446044922 284.321563720703 284.491668701172 284.397735595703 284.303802490234 284.209869384766 284.115936279297 284.022003173828 283.928070068359 283.834136962891 283.741760253906 283.649932861328 283.558074951172 283.466247558594 283.374389648438 283.282562255859 283.190704345703 283.1689453125 283.357421875 283.5458984375 283.734375 283.922821044922 284.111297607422 284.299774169922 284.488250732422 284.688354492188 284.892303466797 285.096282958984 285.300262451172 285.504241943359 285.708221435547 285.912200927734 286.084777832031 286.163177490234 286.241607666016 286.320007324219
282.61767578125 282.668334960938 282.718994140625 282.769653320312 282.8203125 283.029083251953 283.290588378906 283.552062988281 283.813537597656 284.075042724609 284.336517333984 284.597991943359 284.762145996094 284.634216308594 284.506286621094 284.378356933594 284.250427246094 284.122497558594 283.994598388672 283.866668701172 283.780487060547 283.708221435547 283.635955810547 283.563690185547 283.491424560547 283.419189453125 283.346923828125 283.341003417969 283.534210205078 283.727416992188 283.920623779297 284.113830566406 284.307037353516 284.500244140625 284.693450927734 284.878082275391 285.059814453125 285.241577148438 285.42333984375 285.605072021484 285.786834716797 285.968566894531 286.12255859375 286.193298339844 286.264007568359 286.334716796875
282.724273681641 282.809539794922 282.894805908203 282.980072021484 283.065338134766 283.285308837891 283.550170898438 283.815002441406 284.079864501953 284.3447265625 284.609588623047 284.874420166016 285.032592773438 284.870666503906 284.708770751953 284.546844482422 284.384948730469 284.223022460938 284.061096191406 283.899200439453 283.819213867188 283.766510009766 283.713836669922 283.661163330078 283.608459472656 283.555786132812 283.503112792969 283.513092041016 283.711029052734 283.908966064453 284.106903076172 284.304840087891 284.502777099609 284.700714111328 284.898681640625 285.067810058594 285.227325439453 285.386871337891 285.54638671875 285.705902099609 285.865447998047 286.024963378906 286.160369873047 286.223388671875 286.286437988281 286.349456787109
282.830871582031 282.950744628906 283.070617675781 283.190490722656 283.310363769531 283.54150390625 283.809722900391 284.077972412109 284.34619140625 284.614410400391 284.882629394531 285.15087890625 285.303070068359 285.107147216797 284.911254882812 284.71533203125 284.519439697266 284.323516845703 284.127624511719 283.931732177734 283.85791015625 283.824829101562 283.791717529297 283.758605957031 283.725524902344 283.692413330078 283.659301757812 283.685150146484 283.887817382812 284.090515136719 284.293182373047 284.495849609375 284.698516845703 284.901214599609 285.103881835938 285.257537841797 285.394836425781 285.532135009766 285.66943359375 285.806762695312 285.944061279297 286.081359863281 286.198181152344 286.253509521484 286.308837890625 286.364166259766
282.937438964844 283.091949462891 283.246429443359 283.400909423828 283.555389404297 283.797729492188 284.069305419922 284.340911865234 284.612518310547 284.884094238281 285.155700683594 285.427307128906 285.573516845703 285.343627929688 285.113739013672 284.883819580078 284.653930664062 284.424041748047 284.194152832031 283.964263916016 283.896636962891 283.883117675781 283.869598388672 283.856079101562 283.842559814453 283.829040527344 283.815521240234 283.857208251953 284.064636230469 284.272033691406 284.479461669922 284.686859130859 284.894256591797 285.101684570312 285.30908203125 285.447265625 285.562347412109 285.677429199219 285.792510986328 285.907592773438 286.022674560547 286.137756347656 286.235961914062 286.283630371094 286.331268310547 286.37890625
282.999450683594 283.174133300781 283.348846435547 283.523529052734 283.6982421875 283.950042724609 284.2275390625 284.505065917969 284.782562255859 285.060089111328 285.337585449219 285.615081787109 285.760467529297 285.509429931641 285.258422851562 285.007385253906 284.75634765625 284.505340576172 284.254302978516 284.003265380859 283.938415527344 283.935607910156 283.932800292969 283.929992675781 283.927185058594 283.924377441406 283.921600341797 283.971221923828 284.178192138672 284.385162353516 284.592132568359 284.799102783203 285.006072998047 285.213043212891 285.420013427734 285.553039550781 285.661437988281 285.769805908203 285.878204345703 285.986572265625 286.094970703125 286.203338623047 286.294097900391 286.332000732422 286.369903564453 286.407806396484
283.016845703125 283.197357177734 283.377868652344 283.558380126953 283.738891601562 283.998474121094 284.284454345703 284.570404052734 284.856353759766 285.142333984375 285.428283691406 285.714233398438 285.863891601562 285.604583740234 285.345306396484 285.085998535156 284.826690673828 284.5673828125 284.308074951172 284.048797607422 283.983245849609 283.982299804688 283.981353759766 283.980407714844 283.979431152344 283.978485107422 283.9775390625 284.027160644531 284.228515625 284.429870605469 284.631225585938 284.832580566406 285.033935546875 285.235290527344 285.436645507812 285.574920654297 285.692108154297 285.809326171875 285.926513671875 286.043731689453 286.160949707031 286.278137207031 286.372589111328 286.398681640625 286.424774169922 286.450866699219
283.034210205078 283.220550537109 283.406890869141 283.593200683594 283.779541015625 284.046936035156 284.341339111328 284.6357421875 284.93017578125 285.224578857422 285.518981933594 285.813415527344 285.967315673828 285.699737548828 285.432159423828 285.164611816406 284.897033691406 284.629455566406 284.361877441406 284.094299316406 284.028076171875 284.028991699219 284.029876708984 284.030792236328 284.031707763672 284.032592773438 284.033508300781 284.083099365234 284.278839111328 284.474609375 284.670349121094 284.866088867188 285.061828613281 285.257568359375 285.453308105469 285.596771240234 285.722808837891 285.848815917969 285.974853515625 286.100891113281 286.226928710938 286.352966308594 286.451049804688 286.465362548828 286.479644775391 286.493957519531
283.051605224609 283.243743896484 283.435913085938 283.628051757812 283.820190429688 284.095367431641 284.398223876953 284.701110839844 285.003967285156 285.306823730469 285.609680175781 285.912567138672 286.070739746094 285.794891357422 285.51904296875 285.243194580078 284.967346191406 284.691497802734 284.415679931641 284.139831542969 284.072937011719 284.07568359375 284.078430175781 284.081176757812 284.083953857422 284.086700439453 284.089447021484 284.139068603516 284.329193115234 284.519317626953 284.709442138672 284.899566650391 285.089691162109 285.279815673828 285.469940185547 285.618621826172 285.753479003906 285.888336181641 286.023193359375 286.158050537109 286.292907714844 286.427764892578 286.529510498047 286.532012939453 286.534515380859 286.537017822266
283.069000244141 283.266967773438 283.464904785156 283.662872314453 283.86083984375 284.143798828125 284.455139160156 284.766448974609 285.077758789062 285.389068603516 285.700408935547 286.01171875 286.174163818359 285.890045166016 285.605926513672 285.321807861328 285.037689208984 284.753570556641 284.469451904297 284.185333251953 284.117767333984 284.122375488281 284.126983642578 284.131591796875 284.136199951172 284.140808105469 284.145416259766 284.195007324219 284.379516601562 284.564025878906 284.74853515625 284.933044433594 285.117553710938 285.302062988281 285.486572265625 285.640472412109 285.784149169922 285.927825927734 286.071533203125 286.215209960938 286.35888671875 286.502563476562 286.608001708984 286.598693847656 286.589385986328 286.580108642578
283.086395263672 283.290161132812 283.493927001953 283.697723388672 283.901489257812 284.192260742188 284.512023925781 284.831787109375 285.151550292969 285.471343994141 285.791107177734 286.110870361328 286.277587890625 285.985198974609 285.692810058594 285.400421142578 285.108032226562 284.815643310547 284.523254394531 284.230834960938 284.16259765625 284.169067382812 284.175537109375 284.181976318359 284.188446044922 284.194915771484 284.201385498047 284.250946044922 284.429840087891 284.608734130859 284.787628173828 284.966522216797 285.145446777344 285.324340820312 285.503234863281 285.662322998047 285.814849853516 285.967346191406 286.119842529297 286.272338867188 286.424865722656 286.577362060547 286.686462402344 286.665374755859 286.644256591797 286.623168945312
283.08642578125 283.281616210938 283.476776123047 283.671936035156 283.867126464844 284.163482666016 284.493560791016 284.823638916016 285.153717041016 285.483795166016 285.813903808594 286.143981933594 286.320495605469 286.036376953125 285.752227783203 285.468078613281 285.183929443359 284.899810791016 284.615661621094 284.331512451172 284.261444091797 284.262756347656 284.264038085938 284.265350341797 284.266632080078 284.267944335938 284.269226074219 284.315490722656 284.496551513672 284.677612304688 284.858673095703 285.039703369141 285.220764160156 285.401824951172 285.582885742188 285.746368408203 285.903961181641 286.061553955078 286.219146728516 286.376739501953 286.534332275391 286.691925048828 286.802734375 286.773254394531 286.743774414062 286.714294433594
283.069122314453 283.241271972656 283.413421630859 283.585571289062 283.757720947266 284.057464599609 284.399719238281 284.741973876953 285.084259033203 285.426513671875 285.768768310547 286.111053466797 286.302886962891 286.043518066406 285.7841796875 285.524810791016 285.265441894531 285.006072998047 284.746704101562 284.487335205078 284.414337158203 284.403442382812 284.392547607422 284.381683349609 284.370788574219 284.359893798828 284.349029541016 284.388610839844 284.57958984375 284.770599365234 284.961608886719 285.152587890625 285.343597412109 285.534606933594 285.7255859375 285.892547607422 286.051483154297 286.21044921875 286.369384765625 286.5283203125 286.687286376953 286.846221923828 286.956817626953 286.922332763672 286.887878417969 286.853424072266
283.051818847656 283.200958251953 283.35009765625 283.499206542969 283.648345947266 283.951446533203 284.305908203125 284.660339355469 285.014770507812 285.369232177734 285.723663330078 286.078094482422 286.285278320312 286.050689697266 285.816101074219 285.581512451172 285.346923828125 285.112335205078 284.877746582031 284.643157958984 284.567230224609 284.544158935547 284.521087646484 284.498016357422 284.474945068359 284.451873779297 284.428802490234 284.461730957031 284.662658691406 284.863586425781 285.064544677734 285.265472412109 285.466430664062 285.667358398438 285.868286132812 286.038757324219 286.199035644531 286.359344482422 286.519622802734 286.679931640625 286.840209960938 287.000518798828 287.110870361328 287.071441650391 287.032012939453 286.992553710938
283.034515380859 283.16064453125 283.286743164062 283.412841796875 283.538940429688 283.845458984375 284.212066650391 284.578674316406 284.9453125 285.311920166016 285.678558349609 286.045166015625 286.267669677734 286.057861328125 285.848052978516 285.638244628906 285.428436279297 285.218627929688 285.0087890625 284.798980712891 284.720092773438 284.684844970703 284.649597167969 284.614318847656 284.579071044922 284.543823242188 284.508575439453 284.534851074219 284.745727539062 284.956604003906 285.16748046875 285.378356933594 285.589233398438 285.800109863281 286.010986328125 286.184936523438 286.346588134766 286.508239746094 286.669891357422 286.831512451172 286.9931640625 287.154815673828 287.264953613281 287.220550537109 287.176116943359 287.131713867188
283.017211914062 283.120300292969 283.223388671875 283.326477050781 283.429565429688 283.739440917969 284.118225097656 284.497039794922 284.875823974609 285.254638671875 285.633422851562 286.012237548828 286.250061035156 286.065032958984 285.880004882812 285.694946289062 285.509918212891 285.324890136719 285.139862060547 284.954803466797 284.872985839844 284.825531005859 284.778106689453 284.730651855469 284.683227539062 284.635772705078 284.588348388672 284.607971191406 284.828796386719 285.049591064453 285.270416259766 285.491241455078 285.712066650391 285.932861328125 286.153686523438 286.331146240234 286.494140625 286.657135009766 286.820129394531 286.983123779297 287.146118164062 287.309112548828 287.419006347656 287.36962890625 287.320251464844 287.270843505859
282.999908447266 283.079986572266 283.160034179688 283.240112304688 283.320190429688 283.633422851562 284.0244140625 284.415374755859 284.806365966797 285.197326660156 285.588317871094 285.979278564453 286.232452392578 286.072204589844 285.911926269531 285.751678466797 285.591430664062 285.43115234375 285.270904541016 285.110626220703 285.025848388672 284.966247558594 284.906616210938 284.846984863281 284.787353515625 284.727752685547 284.668121337891 284.681091308594 284.911834716797 285.142608642578 285.373352050781 285.604125976562 285.834869384766 286.065643310547 286.29638671875 286.477325439453 286.641693115234 286.806030273438 286.970367431641 287.134735107422 287.299072265625 287.463409423828 287.573089599609 287.518737792969 287.46435546875 287.410003662109
