resources/Exp000_Example-Run/Run01_M2/TimeSeries/2000/selection_set/tsat_avg.asc
NCOLS 265 
NROWS 230 
XLLCORNER -115.5625 
YLLCORNER 24.8333333333333 
CELLSIZE 0.0833333333333333 
NODATA_value -9999 
[rows 180 to 199 of 230, columns 138 to 183 of 265]
290.959899902344 291.082855224609 291.205780029297 291.328735351562 291.498962402344 291.684906005859 291.870880126953 292.056823730469 292.242797851562 292.428771972656 292.614715576172 292.651702880859 292.241760253906 291.831787109375 291.421844482422 291.011871337891 290.601928710938 290.191955566406 289.782012939453 289.700042724609 289.727416992188 289.754760742188 289.782135009766 289.809509277344 289.836853027344 289.864227294922 289.982513427734 290.373596191406 290.764678955078 291.155792236328 291.546875 291.937957763672 292.329040527344 292.720123291016 292.891723632812 292.990173339844 293.088623046875 293.187072753906 293.285491943359 293.383941650391 293.482391357422 293.556396484375 293.55712890625 293.557830810547 293.558563232422 293.559265136719
290.833099365234 290.943908691406 291.054718017578 291.16552734375 291.331024169922 291.514739990234 291.698455810547 291.882171630859 292.065887451172 292.249603271484 292.433319091797 292.472015380859 292.075592041016 291.679168701172 291.282745361328 290.886322021484 290.489898681641 290.093475341797 289.697052001953 289.646636962891 289.711547851562 289.776458740234 289.841369628906 289.906280517578 289.97119140625 290.036102294922 290.177124023438 290.546508789062 290.915863037109 291.285247802734 291.654602050781 292.023986816406 292.393341064453 292.762725830078 292.929870605469 293.029632568359 293.129364013672 293.229125976562 293.328857421875 293.428619384766 293.528350830078 293.605163574219 293.613189697266 293.621185302734 293.629211425781 293.63720703125
290.706329345703 290.804992675781 290.903686523438 291.002349853516 291.163116455078 291.344573974609 291.526062011719 291.70751953125 291.888977050781 292.070465087891 292.251922607422 292.292297363281 291.909423828125 291.526519775391 291.143646240234 290.7607421875 290.377868652344 289.994964599609 289.612091064453 289.593200683594 289.695678710938 289.798126220703 289.900604248047 290.003051757812 290.105529785156 290.207977294922 290.371734619141 290.719390869141 291.067047119141 291.414703369141 291.762359619141 292.110015869141 292.457672119141 292.805328369141 292.968017578125 293.069061279297 293.170135498047 293.271179199219 293.372222900391 293.473266601562 293.574340820312 293.653961181641 293.669250488281 293.684539794922 293.699829101562 293.715148925781
290.579559326172 290.666076660156 290.752624511719 290.839141845703 290.995178222656 291.174407958984 291.353637695312 291.532867431641 291.712066650391 291.891296386719 292.070526123047 292.112609863281 291.743255615234 291.373901367188 291.004547119141 290.635192871094 290.265838623047 289.896484375 289.527130126953 289.539794921875 289.679809570312 289.81982421875 289.959808349609 290.099822998047 290.239837646484 290.379852294922 290.566345214844 290.892272949219 291.218231201172 291.544158935547 291.870086669922 292.196044921875 292.52197265625 292.847900390625 293.006164550781 293.108520507812 293.210876464844 293.313232421875 293.415588378906 293.517944335938 293.620300292969 293.702728271484 293.725311279297 293.747894287109 293.770477294922 293.793060302734
290.452758789062 290.527160644531 290.6015625 290.675933837891 290.827270507812 291.004241943359 291.181213378906 291.358184814453 291.53515625 291.712158203125 291.889129638672 291.932891845703 291.577087402344 291.221252441406 290.865447998047 290.509613037109 290.15380859375 289.797973632812 289.442169189453 289.486358642578 289.663940429688 289.841491699219 290.01904296875 290.196624755859 290.374176025391 290.551727294922 290.760955810547 291.065185546875 291.369384765625 291.673614501953 291.977844238281 292.282073974609 292.586273193359 292.890502929688 293.044311523438 293.147979736328 293.251617431641 293.355285644531 293.458953857422 293.562622070312 293.666290283203 293.751495361328 293.781372070312 293.811248779297 293.841125488281 293.871002197266
290.325988769531 290.388244628906 290.450500488281 290.512756347656 290.659362792969 290.834075927734 291.008819580078 291.183532714844 291.358276367188 291.532989501953 291.707733154297 291.753204345703 291.410919189453 291.068634033203 290.726348876953 290.384063720703 290.041778564453 289.699493408203 289.357208251953 289.432952880859 289.648071289062 289.863159179688 290.078277587891 290.293395996094 290.508483886719 290.723602294922 290.95556640625 291.238067626953 291.520568847656 291.803070068359 292.085571289062 292.368103027344 292.650604248047 292.93310546875 293.082458496094 293.187408447266 293.292388916016 293.397338867188 293.502319335938 293.607299804688 293.712249755859 293.800262451172 293.837432861328 293.874603271484 293.911773681641 293.948913574219
290.287506103516 290.341979980469 290.396484375 290.450988769531 290.587585449219 290.751586914062 290.915557861328 291.079559326172 291.243530273438 291.407531738281 291.571502685547 291.613494873047 291.289520263672 290.965545654297 290.641571044922 290.317596435547 289.993621826172 289.669647216797 289.345672607422 289.437713623047 289.668426513672 289.899139404297 290.129852294922 290.360565185547 290.591278076172 290.821990966797 291.065032958984 291.345092773438 291.625122070312 291.905181884766 292.185241699219 292.465270996094 292.745330810547 293.025390625 293.168762207031 293.266632080078 293.364471435547 293.462310791016 293.560150146484 293.657989501953 293.755828857422 293.839813232422 293.882232666016 293.924652099609 293.967071533203 294.009490966797
290.337280273438 290.388397216797 290.439514160156 290.490631103516 290.611968994141 290.756744384766 290.901489257812 291.046234130859 291.190979003906 291.335754394531 291.480499267578 291.513854980469 291.212951660156 290.912048339844 290.611145019531 290.310241699219 290.009338378906 289.708435058594 289.407531738281 289.500610351562 289.724975585938 289.949371337891 290.173736572266 290.398101806641 290.622497558594 290.846862792969 291.08935546875 291.38623046875 291.683074951172 291.979919433594 292.276794433594 292.573638916016 292.870483398438 293.167327880859 293.303283691406 293.385559082031 293.467864990234 293.550170898438 293.632446289062 293.714752197266 293.797058105469 293.870178222656 293.915802001953 293.96142578125 294.007049560547 294.052673339844
290.387084960938 290.434814453125 290.482543945312 290.530303955078 290.636352539062 290.761871337891 290.887390136719 291.012939453125 291.138458251953 291.263977050781 291.389495849609 291.414184570312 291.136352539062 290.858520507812 290.580718994141 290.302886962891 290.025085449219 289.747253417969 289.469421386719 289.563507080078 289.781555175781 289.999603271484 290.217620849609 290.435668945312 290.653717041016 290.871765136719 291.113708496094 291.427368164062 291.741027832031 292.054656982422 292.368316650391 292.681976318359 292.995635986328 293.309295654297 293.437774658203 293.504516601562 293.571258544922 293.638000488281 293.704742431641 293.771514892578 293.838256835938 293.900512695312 293.949340820312 293.998199462891 294.047027587891 294.095855712891
290.436859130859 290.481231689453 290.525604248047 290.569946289062 290.660766601562 290.767028808594 290.873321533203 290.979614257812 291.085906982422 291.192199707031 291.298461914062 291.314514160156 291.059753417969 290.805023193359 290.55029296875 290.295532226562 290.040802001953 289.786071777344 289.531311035156 289.626403808594 289.838104248047 290.049835205078 290.261535644531 290.473236083984 290.684936523438 290.896636962891 291.138031005859 291.468505859375 291.798950195312 292.129425048828 292.459869384766 292.790344238281 293.120819091797 293.451263427734 293.572265625 293.623474121094 293.674682617188 293.725860595703 293.777069091797 293.828247070312 293.879455566406 293.930847167969 293.98291015625 294.034942626953 294.087005615234 294.139038085938
290.486663818359 290.527648925781 290.568634033203 290.609619140625 290.685150146484 290.772186279297 290.859252929688 290.9462890625 291.033355712891 291.120422363281 291.207458496094 291.21484375 290.983184814453 290.751525878906 290.519866943359 290.288177490234 290.056518554688 289.824859619141 289.593200683594 289.689331054688 289.894683837891 290.100067138672 290.305419921875 290.510772705078 290.716156005859 290.921508789062 291.162353515625 291.509643554688 291.856903076172 292.204162597656 292.551422119141 292.898681640625 293.245971679688 293.593231201172 293.706787109375 293.742431640625 293.778076171875 293.813720703125 293.849365234375 293.885009765625 293.920654296875 293.961212158203 294.016448974609 294.071716308594 294.126983642578 294.182220458984
290.536468505859 290.574066162109 290.611663818359 290.649261474609 290.709533691406 290.77734375 290.845153808594 290.912994384766 290.980804443359 291.048614501953 291.116455078125 291.115173339844 290.906585693359 290.697998046875 290.489410400391 290.280853271484 290.072265625 289.863677978516 289.655090332031 289.752227783203 289.951263427734 290.150299072266 290.349304199219 290.54833984375 290.747375488281 290.946411132812 291.186706542969 291.55078125 291.914825439453 292.278900146484 292.642974853516 293.007049560547 293.371124267578 293.735198974609 293.841278076172 293.861389160156 293.881469726562 293.901580810547 293.921661376953 293.941772460938 293.961853027344 293.991546630859 294.050018310547 294.108489990234 294.166961669922 294.225433349609
290.566955566406 290.604705810547 290.642456054688 290.680206298828 290.735992431641 290.797760009766 290.859558105469 290.921325683594 290.983123779297 291.044891357422 291.106689453125 291.102416992188 290.900024414062 290.697601318359 290.495178222656 290.292785644531 290.090362548828 289.887939453125 289.685546875 289.783020019531 289.980499267578 290.177978515625 290.375457763672 290.572906494141 290.770385742188 290.967864990234 291.210754394531 291.589965820312 291.969146728516 292.348358154297 292.7275390625 293.106750488281 293.485931396484 293.865142822266 293.971221923828 293.986297607422 294.001403808594 294.016479492188 294.031555175781 294.046630859375 294.061706542969 294.086273193359 294.139404296875 294.192535400391 294.245666503906 294.298797607422
290.578125 290.619567871094 290.660980224609 290.702423095703 290.764495849609 290.833435058594 290.902374267578 290.971343994141 291.040283203125 291.109222412109 291.178192138672 291.176605224609 290.963439941406 290.750305175781 290.537139892578 290.323974609375 290.11083984375 289.897674560547 289.684509277344 289.78173828125 289.982421875 290.183135986328 290.383819580078 290.584503173828 290.785186767578 290.985900878906 291.234558105469 291.627197265625 292.019836425781 292.412475585938 292.805114746094 293.19775390625 293.590393066406 293.983032226562 294.096649169922 294.117218017578 294.137817382812 294.158416748047 294.178985595703 294.199584960938 294.220184326172 294.245422363281 294.284637451172 294.323883056641 294.363128662109 294.40234375
290.589324951172 290.634429931641 290.679534912109 290.724639892578 290.792999267578 290.869110107422 290.945220947266 291.021331787109 291.097442626953 291.173553466797 291.249664306641 291.250793457031 291.026885986328 290.802978515625 290.5791015625 290.355194091797 290.131286621094 289.907409667969 289.683502197266 289.780456542969 289.984375 290.188262939453 290.392181396484 290.596099853516 290.800018310547 291.00390625 291.258361816406 291.664459228516 292.070526123047 292.476623535156 292.882690429688 293.288787841797 293.694854736328 294.100952148438 294.222045898438 294.248138427734 294.274230957031 294.300354003906 294.326446533203 294.3525390625 294.378631591797 294.404541015625 294.429901123047 294.455230712891 294.480560302734 294.505889892578
290.600494384766 290.649291992188 290.698059082031 290.746856689453 290.821502685547 290.90478515625 290.988067626953 291.071319580078 291.154602050781 291.237884521484 291.321166992188 291.324951171875 291.09033203125 290.855682373047 290.621032714844 290.386413574219 290.151763916016 289.917114257812 289.682495117188 289.779174804688 289.986297607422 290.193420410156 290.400543212891 290.607696533203 290.814819335938 291.021942138672 291.282165527344 291.701690673828 292.121215820312 292.540740966797 292.960266113281 293.379821777344 293.799346923828 294.218872070312 294.347442626953 294.379058837891 294.410675048828 294.442291259766 294.473907470703 294.505493164062 294.537109375 294.563690185547 294.575134277344 294.586578369141 294.598022460938 294.609466552734
290.611694335938 290.664154052734 290.716613769531 290.769073486328 290.850006103516 290.940460205078 291.030883789062 291.121337890625 291.211761474609 291.302215576172 291.392639160156 291.399139404297 291.153747558594 290.908386230469 290.662994384766 290.417602539062 290.172241210938 289.926849365234 289.681457519531 289.777893066406 289.988220214844 290.198577880859 290.408935546875 290.619262695312 290.829620361328 291.039978027344 291.305969238281 291.738952636719 292.171905517578 292.604888916016 293.037872314453 293.470825195312 293.90380859375 294.336761474609 294.472869873047 294.509979248047 294.547088623047 294.584228515625 294.621337890625 294.658477783203 294.695587158203 294.722808837891 294.720367431641 294.717926025391 294.715454101562 294.713012695312
290.622863769531 290.679016113281 290.735137939453 290.791290283203 290.878540039062 290.976135253906 291.07373046875 291.171325683594 291.268951416016 291.366546630859 291.464141845703 291.473327636719 291.217193603516 290.961059570312 290.704956054688 290.448822021484 290.192687988281 289.936584472656 289.680450439453 289.776580810547 289.990142822266 290.203735351562 290.417297363281 290.630859375 290.844421386719 291.057983398438 291.329772949219 291.776184082031 292.222595214844 292.669036865234 293.115447998047 293.561859130859 294.008270263672 294.454681396484 294.598266601562 294.640899658203 294.683532714844 294.726165771484 294.768798828125 294.811431884766 294.854064941406 294.881958007812 294.865600585938 294.849273681641 294.832916259766 294.816558837891
290.713439941406 290.776916503906 290.840393066406 290.903900146484 290.987182617188 291.077117919922 291.167022705078 291.256958007812 291.346893310547 291.436798095703 291.526733398438 291.530029296875 291.273590087891 291.017120361328 290.760650634766 290.504180908203 290.247711181641 289.991241455078 289.734771728516 289.838439941406 290.062164306641 290.285888671875 290.509613037109 290.733337402344 290.95703125 291.180755615234 291.456481933594 291.88818359375 292.319885253906 292.751556396484 293.183258056641 293.614959716797 294.046661376953 294.478363037109 294.61962890625 294.6640625 294.70849609375 294.752960205078 294.797393798828 294.841827392578 294.886291503906 294.916168212891 294.902313232422 294.888458251953 294.874603271484 294.860748291016
290.883392333984 290.957885742188 291.032379150391 291.106872558594 291.176025390625 291.243408203125 291.310821533203 291.378204345703 291.445587158203 291.513000488281 291.580383300781 291.5693359375 291.322906494141 291.076507568359 290.830108642578 290.583679199219 290.337280273438 290.090881347656 289.844451904297 289.963470458984 290.204254150391 290.445068359375 290.685852050781 290.926666259766 291.16748046875 291.408264160156 291.686065673828 292.074890136719 292.463714599609 292.8525390625 293.241363525391 293.630157470703 294.018981933594 294.407806396484 294.536926269531 294.579467773438 294.622039794922 294.664581298828 294.707153320312 294.749694824219 294.792236328125 294.825439453125 294.830474853516 294.835510253906 294.840545654297 294.845581054688
