resources/Exp000_Example-Run/Run01_M2/TimeSeries/2000/selection_set/tsat_avg.asc
NCOLS 265 
NROWS 230 
XLLCORNER -115.5625 
YLLCORNER 24.8333333333333 
CELLSIZE 0.0833333333333333 
NODATA_value -9999 
[rows 140 to 159 of 230, columns 138 to 183 of 265]
289.303985595703 289.365264892578 289.426574707031 289.487884521484 289.481048583984 289.451538085938 289.422027587891 289.392486572266 289.362976074219 289.333435058594 289.303924560547 289.279113769531 289.268432617188 289.257751464844 289.2470703125 289.236358642578 289.225677490234 289.214996337891 289.204315185547 289.211181640625 289.223846435547 289.236541748047 289.249237060547 289.261932373047 289.274627685547 289.287322998047 289.30712890625 289.348297119141 289.389434814453 289.430603027344 289.471771240234 289.512908935547 289.554077148438 289.595245361328 289.616027832031 289.630065917969 289.644104003906 289.658111572266 289.672149658203 289.686157226562 289.7001953125 289.713684082031 289.725524902344 289.737365722656 289.749237060547 289.761077880859
289.384490966797 289.466979980469 289.549468994141 289.631958007812 289.631713867188 289.603881835938 289.576080322266 289.548248291016 289.520416259766 289.492584228516 289.464752197266 289.438201904297 289.415405273438 289.392608642578 289.369812011719 289.347015380859 289.32421875 289.301422119141 289.278625488281 289.279968261719 289.289306640625 289.298675537109 289.308044433594 289.317413330078 289.326751708984 289.336120605469 289.352508544922 289.389923095703 289.427337646484 289.464752197266 289.502166748047 289.539581298828 289.576995849609 289.614410400391 289.637512207031 289.655883789062 289.674224853516 289.692565917969 289.7109375 289.729278564453 289.747619628906 289.764617919922 289.777557373047 289.790466308594 289.803375244141 289.816284179688
289.465026855469 289.568695068359 289.672393798828 289.776062011719 289.782379150391 289.756256103516 289.730133056641 289.704010009766 289.677856445312 289.651733398438 289.625610351562 289.597290039062 289.562377929688 289.527465820312 289.492553710938 289.457672119141 289.422760009766 289.387847900391 289.352935791016 289.348754882812 289.354766845703 289.360809326172 289.366821289062 289.372863769531 289.37890625 289.384948730469 289.397888183594 289.431549072266 289.465209960938 289.498901367188 289.532562255859 289.566223144531 289.599914550781 289.633575439453 289.658996582031 289.681671142578 289.704345703125 289.72705078125 289.749725341797 289.772399902344 289.795074462891 289.815582275391 289.829559326172 289.843536376953 289.857513427734 289.871520996094
289.545562744141 289.67041015625 289.795288085938 289.920166015625 289.933044433594 289.908599853516 289.884185791016 289.859741210938 289.835327148438 289.810882568359 289.786437988281 289.756378173828 289.709350585938 289.662322998047 289.615325927734 289.568298339844 289.521301269531 289.474273681641 289.42724609375 289.417541503906 289.420227050781 289.422943115234 289.425628662109 289.428344726562 289.431030273438 289.433746337891 289.443237304688 289.473175048828 289.503112792969 289.533020019531 289.562957763672 289.592895507812 289.622802734375 289.652740478516 289.680480957031 289.707489013672 289.734497070312 289.761505126953 289.788513183594 289.815521240234 289.842529296875 289.866546630859 289.881591796875 289.896636962891 289.911682128906 289.926727294922
289.6220703125 289.763732910156 289.905364990234 290.047027587891 290.067810058594 290.048309326172 290.02880859375 290.00927734375 289.989776611328 289.970275878906 289.950775146484 289.922668457031 289.868804931641 289.814910888672 289.761016845703 289.707153320312 289.653259277344 289.599395751953 289.545501708984 289.526611328125 289.519409179688 289.512176513672 289.504943847656 289.497711181641 289.490509033203 289.483276367188 289.484680175781 289.512023925781 289.539367675781 289.566711425781 289.594055175781 289.621398925781 289.648742675781 289.676086425781 289.706359863281 289.737640380859 289.768890380859 289.800170898438 289.831420898438 289.862701416016 289.893951416016 289.921783447266 289.939331054688 289.956878662109 289.974395751953 289.991943359375
289.694610595703 289.8486328125 290.002655029297 290.156677246094 290.186676025391 290.175323486328 290.163970947266 290.152648925781 290.141296386719 290.129943847656 290.118591308594 290.09619140625 290.040710449219 289.985198974609 289.9296875 289.874206542969 289.818695068359 289.763214111328 289.707702636719 289.676025390625 289.652282714844 289.628509521484 289.604766845703 289.581024169922 289.557281494141 289.533538818359 289.522216796875 289.548126220703 289.574035644531 289.599945068359 289.625854492188 289.651763916016 289.677673339844 289.703582763672 289.736663818359 289.772125244141 289.807556152344 289.843017578125 289.878479003906 289.913940429688 289.949401855469 289.981353759766 290.002807617188 290.024291992188 290.045745849609 290.067199707031
289.767150878906 289.933563232422 290.099945068359 290.266357421875 290.305572509766 290.302368164062 290.299163818359 290.295989990234 290.292785644531 290.289581298828 290.286376953125 290.269714355469 290.212585449219 290.155487060547 290.098358154297 290.041259765625 289.984130859375 289.927001953125 289.869903564453 289.825408935547 289.78515625 289.744873046875 289.704620361328 289.664337158203 289.624084472656 289.583801269531 289.559722900391 289.584197998047 289.608703613281 289.633178710938 289.657653808594 289.68212890625 289.706604003906 289.731109619141 289.766937255859 289.806610107422 289.846252441406 289.885894775391 289.925537109375 289.965179443359 290.004821777344 290.040893554688 290.066284179688 290.091674804688 290.117065429688 290.142456054688
289.839691162109 290.018463134766 290.197235107422 290.376007080078 290.424438476562 290.429382324219 290.434356689453 290.439331054688 290.444274902344 290.449249267578 290.454193115234 290.443237304688 290.384490966797 290.325775146484 290.267028808594 290.208282470703 290.149566650391 290.0908203125 290.032073974609 289.974822998047 289.918029785156 289.861236572266 289.804443359375 289.747650146484 289.690856933594 289.634063720703 289.597229003906 289.620300292969 289.643341064453 289.666381835938 289.689453125 289.712493896484 289.735565185547 289.758605957031 289.797241210938 289.841064453125 289.884918212891 289.928741455078 289.972595214844 290.016418457031 290.060241699219 290.100463867188 290.129760742188 290.159088134766 290.188415527344 290.217712402344
289.912231445312 290.103393554688 290.294525146484 290.485687255859 290.543304443359 290.556427001953 290.569549560547 290.582672119141 290.595764160156 290.60888671875 290.622009277344 290.616760253906 290.556396484375 290.496032714844 290.435699462891 290.375335693359 290.315002441406 290.254638671875 290.194274902344 290.124206542969 290.050903320312 289.977569580078 289.904266357422 289.830963134766 289.757659912109 289.684326171875 289.634765625 289.656372070312 289.678009033203 289.699615478516 289.721252441406 289.742858886719 289.764495849609 289.786102294922 289.827545166016 289.875549316406 289.923583984375 289.971618652344 290.019622802734 290.067657470703 290.115692138672 290.160003662109 290.193237304688 290.226501464844 290.259735107422 290.29296875
289.984771728516 290.188293457031 290.391815185547 290.595336914062 290.662170410156 290.683441162109 290.704711914062 290.726013183594 290.747283935547 290.7685546875 290.789825439453 290.790283203125 290.728302001953 290.666320800781 290.604370117188 290.542388916016 290.480407714844 290.41845703125 290.356475830078 290.273590087891 290.183776855469 290.093933105469 290.004089355469 289.914276123047 289.824432373047 289.734588623047 289.672271728516 289.692474365234 289.712646484375 289.732849121094 289.753051757812 289.773223876953 289.793426513672 289.813629150391 289.857818603516 289.910034179688 289.962249755859 290.014465332031 290.066680908203 290.118896484375 290.171112060547 290.219573974609 290.256744384766 290.293884277344 290.3310546875 290.368225097656
289.960876464844 290.169616699219 290.378356933594 290.587097167969 290.663757324219 290.696350097656 290.728973388672 290.761566162109 290.794189453125 290.826782226562 290.859405517578 290.868865966797 290.808898925781 290.748931884766 290.688995361328 290.629028320312 290.569061279297 290.509094238281 290.449127197266 290.362823486328 290.267700195312 290.172576904297 290.077453613281 289.982330322266 289.88720703125 289.792083740234 289.724914550781 289.741485595703 289.758056640625 289.774627685547 289.791198730469 289.807769775391 289.824371337891 289.840942382812 289.883636474609 289.93505859375 289.986450195312 290.037872314453 290.089263916016 290.140686035156 290.192077636719 290.240234375 290.278533935547 290.316864013672 290.355194091797 290.393493652344
289.840515136719 290.047332763672 290.254150390625 290.460968017578 290.548004150391 290.595153808594 290.642272949219 290.689392089844 290.736511230469 290.783630371094 290.830749511719 290.8525390625 290.798217773438 290.743896484375 290.689575195312 290.63525390625 290.580932617188 290.526611328125 290.472290039062 290.391815185547 290.302642822266 290.213500976562 290.124328613281 290.03515625 289.945983886719 289.856842041016 289.792633056641 289.803405761719 289.814178466797 289.824951171875 289.835723876953 289.846496582031 289.857269287109 289.868041992188 289.904937744141 289.950561523438 289.996185302734 290.041778564453 290.08740234375 290.132995605469 290.178619384766 290.221984863281 290.258697509766 290.29541015625 290.332122802734 290.368804931641
289.720153808594 289.925048828125 290.129943847656 290.334838867188 290.432281494141 290.493927001953 290.555572509766 290.6171875 290.678833007812 290.740478515625 290.802124023438 290.836181640625 290.787506103516 290.738830566406 290.690124511719 290.641448974609 290.5927734375 290.544097900391 290.495422363281 290.420837402344 290.337615966797 290.25439453125 290.171203613281 290.087982177734 290.004760742188 289.921569824219 289.860382080078 289.865356445312 289.870330810547 289.875305175781 289.880279541016 289.885223388672 289.890197753906 289.895172119141 289.92626953125 289.966064453125 290.005889892578 290.045715332031 290.085510253906 290.125335693359 290.165130615234 290.203765869141 290.238861083984 290.273956298828 290.309020996094 290.344116210938
289.599792480469 289.802764892578 290.005737304688 290.208679199219 290.316558837891 290.392700195312 290.468872070312 290.545013427734 290.621185302734 290.697326660156 290.773498535156 290.819854736328 290.776794433594 290.733764648438 290.690704345703 290.647674560547 290.604644775391 290.561584472656 290.5185546875 290.449829101562 290.372589111328 290.295318603516 290.218078613281 290.140808105469 290.063568115234 289.986297607422 289.928131103516 289.927307128906 289.926483154297 289.925628662109 289.9248046875 289.923950195312 289.923126220703 289.922271728516 289.947570800781 289.981597900391 290.015594482422 290.049621582031 290.083618164062 290.117645263672 290.151672363281 290.185546875 290.218994140625 290.252471923828 290.285949707031 290.319427490234
289.479431152344 289.680480957031 289.881500244141 290.082550048828 290.200805664062 290.291473388672 290.382141113281 290.472839355469 290.563507080078 290.654174804688 290.744842529297 290.803497314453 290.76611328125 290.728698730469 290.691284179688 290.653900146484 290.616485595703 290.5791015625 290.541687011719 290.478851318359 290.407562255859 290.336242675781 290.264953613281 290.193634033203 290.122344970703 290.051025390625 289.995880126953 289.9892578125 289.982604980469 289.975952148438 289.969329833984 289.962677001953 289.9560546875 289.949401855469 289.968902587891 289.997100830078 290.025329589844 290.053527832031 290.081756591797 290.109954833984 290.13818359375 290.167297363281 290.199157714844 290.231018066406 290.262878417969 290.294738769531
289.359100341797 289.558197021484 289.757293701172 289.956420898438 290.085083007812 290.190277099609 290.295440673828 290.400634765625 290.505828857422 290.611022949219 290.716217041016 290.787170410156 290.755401611328 290.7236328125 290.691864013672 290.660095214844 290.628356933594 290.596588134766 290.564819335938 290.507873535156 290.442504882812 290.377166748047 290.311828613281 290.246459960938 290.181121826172 290.115753173828 290.063629150391 290.051177978516 290.038757324219 290.026306152344 290.013854980469 290.001403808594 289.988952636719 289.976501464844 289.990203857422 290.012634277344 290.035034179688 290.057464599609 290.079864501953 290.102294921875 290.124694824219 290.149078369141 290.179321289062 290.209564208984 290.239776611328 290.27001953125
289.228393554688 289.412719726562 289.597076416016 289.781402587891 289.909698486328 290.019348144531 290.128967285156 290.238586425781 290.348205566406 290.457824707031 290.567474365234 290.645568847656 290.629058837891 290.612579345703 290.596099853516 290.579620361328 290.563110351562 290.546630859375 290.530151367188 290.490020751953 290.442016601562 290.393981933594 290.345977783203 290.297973632812 290.249969482422 290.201965332031 290.162414550781 290.148284912109 290.134155273438 290.120025634766 290.105895996094 290.091735839844 290.077606201172 290.0634765625 290.069976806641 290.083374023438 290.096771240234 290.110168457031 290.12353515625 290.136932373047 290.150329589844 290.166931152344 290.193237304688 290.219543457031 290.245849609375 290.272155761719
289.087341308594 289.244079589844 289.400817871094 289.557556152344 289.674713134766 289.778717041016 289.882690429688 289.986663818359 290.090637207031 290.194641113281 290.298614501953 290.378692626953 290.387115478516 290.395538330078 290.403961181641 290.412384033203 290.420806884766 290.429229736328 290.437652587891 290.42529296875 290.406005859375 290.386749267578 290.367462158203 290.348175048828 290.328887939453 290.309631347656 290.292236328125 290.280517578125 290.268829345703 290.257110595703 290.245422363281 290.233703613281 290.221984863281 290.210296630859 290.208221435547 290.209350585938 290.210510253906 290.211639404297 290.212768554688 290.213928222656 290.215057373047 290.220916748047 290.240966796875 290.261016845703 290.281036376953 290.301086425781
288.9462890625 289.075408935547 289.204559326172 289.333679199219 289.439727783203 289.538055419922 289.636413574219 289.734741210938 289.833099365234 289.931427001953 290.029754638672 290.111846923828 290.145172119141 290.178497314453 290.211822509766 290.245178222656 290.278503417969 290.311828613281 290.345153808594 290.360565185547 290.370025634766 290.379486083984 290.388916015625 290.398376464844 290.407836914062 290.417297363281 290.422058105469 290.412780761719 290.403503417969 290.394226074219 290.384948730469 290.375640869141 290.366363525391 290.357086181641 290.346435546875 290.335327148438 290.32421875 290.313110351562 290.302001953125 290.290893554688 290.27978515625 290.27490234375 290.288696289062 290.302459716797 290.316253662109 290.330017089844
288.805236816406 288.906768798828 289.00830078125 289.109832763672 289.204742431641 289.297424316406 289.39013671875 289.482818603516 289.575531005859 289.668212890625 289.760925292969 289.845001220703 289.903228759766 289.961486816406 290.019714355469 290.077941894531 290.136169433594 290.194427490234 290.252655029297 290.295837402344 290.334045410156 290.372222900391 290.410400390625 290.448577880859 290.486755371094 290.524963378906 290.551879882812 290.545013427734 290.538177490234 290.531311035156 290.524475097656 290.517608642578 290.5107421875 290.50390625 290.484680175781 290.461303710938 290.437957763672 290.414581298828 290.391235351562 290.367889404297 290.344512939453 290.328887939453 290.336395263672 290.343933105469 290.351440429688 290.358978271484
