resources/Exp000_Example-Run/Run01_M2/TimeSeries/2000/selection_set/tsat_avg.asc
NCOLS 265 
NROWS 230 
XLLCORNER -115.5625 
YLLCORNER 24.8333333333333 
CELLSIZE 0.0833333333333333 
NODATA_value -9999 
[rows 40 to 59 of 230, columns 138 to 183 of 265]
283.18603515625 283.205230712891 283.224456787109 283.24365234375 283.242462158203 283.234436035156 283.226440429688 283.218414306641 283.210418701172 283.202392578125 283.194396972656 283.190582275391 283.199432373047 283.208251953125 283.217102050781 283.225952148438 283.234771728516 283.243621826172 283.25244140625 283.272796630859 283.296997070312 283.321166992188 283.345336914062 283.369537353516 283.393707275391 283.417907714844 283.438140869141 283.446533203125 283.454956054688 283.463348388672 283.471740722656 283.480163574219 283.488555908203 283.496948242188 283.504577636719 283.511932373047 283.519287109375 283.526641845703 283.534027099609 283.541381835938 283.548736572266 283.552551269531 283.545684814453 283.538818359375 283.531951904297 283.525115966797
283.386535644531 283.393402099609 283.400299072266 283.407196044922 283.391510009766 283.368347167969 283.345153808594 283.321960449219 283.298797607422 283.275604248047 283.252410888672 283.236572265625 283.242736816406 283.248901367188 283.255065917969 283.26123046875 283.267395019531 283.273559570312 283.279724121094 283.304077148438 283.334503173828 283.364929199219 283.395324707031 283.425750732422 283.456146240234 283.486572265625 283.511596679688 283.520477294922 283.529357910156 283.538238525391 283.547119140625 283.555969238281 283.564849853516 283.57373046875 283.582489013672 283.591156005859 283.599853515625 283.608551025391 283.617248535156 283.625946044922 283.634643554688 283.6396484375 283.633697509766 283.627716064453 283.621734619141 283.615753173828
283.495819091797 283.498840332031 283.501831054688 283.504852294922 283.48095703125 283.448059082031 283.415191650391 283.38232421875 283.349456787109 283.316558837891 283.28369140625 283.26123046875 283.27001953125 283.27880859375 283.28759765625 283.29638671875 283.30517578125 283.31396484375 283.32275390625 283.351165771484 283.386108398438 283.421020507812 283.455963134766 283.490905761719 283.525848388672 283.560791015625 283.589202880859 283.598022460938 283.606842041016 283.615661621094 283.624481201172 283.63330078125 283.642120361328 283.650939941406 283.660552978516 283.670440673828 283.680328369141 283.690216064453 283.700103759766 283.709991455078 283.719879150391 283.726135253906 283.721557617188 283.716949462891 283.712371826172 283.707763671875
283.513916015625 283.521484375 283.529052734375 283.536651611328 283.510711669922 283.4736328125 283.436553955078 283.399444580078 283.362365722656 283.325286865234 283.288177490234 283.264556884766 283.28125 283.297973632812 283.314697265625 283.331390380859 283.348114013672 283.364807128906 283.381530761719 283.414031982422 283.451782226562 283.489532470703 283.527282714844 283.565032958984 283.602783203125 283.640533447266 283.6708984375 283.679138183594 283.687377929688 283.695617675781 283.703857421875 283.712097167969 283.720336914062 283.728576660156 283.738830566406 283.749755859375 283.760711669922 283.771667480469 283.782592773438 283.793548583984 283.804473876953 283.81201171875 283.809265136719 283.806549072266 283.803833007812 283.801086425781
283.532012939453 283.544158935547 283.556304931641 283.568420410156 283.540496826172 283.499206542969 283.457885742188 283.416595458984 283.375305175781 283.333984375 283.292694091797 283.267883300781 283.292510986328 283.317138671875 283.341766357422 283.366394042969 283.391021728516 283.415649414062 283.440277099609 283.476867675781 283.517456054688 283.558013916016 283.598571777344 283.63916015625 283.679718017578 283.720275878906 283.752624511719 283.760284423828 283.767913818359 283.775573730469 283.783233642578 283.790893554688 283.798522949219 283.806182861328 283.817077636719 283.8291015625 283.841094970703 283.853088378906 283.865081787109 283.877075195312 283.889068603516 283.897857666016 283.897003173828 283.896148681641 283.895294189453 283.894439697266
283.550109863281 283.566802978516 283.583526611328 283.600219726562 283.570281982422 283.524749755859 283.479248046875 283.433746337891 283.388214111328 283.342712402344 283.297210693359 283.271209716797 283.303741455078 283.336303710938 283.368865966797 283.401397705078 283.433959960938 283.466491699219 283.499053955078 283.539733886719 283.583129882812 283.626495361328 283.669891357422 283.713256835938 283.756652832031 283.800048828125 283.834350585938 283.841400146484 283.848480224609 283.855529785156 283.862609863281 283.869659423828 283.876739501953 283.8837890625 283.895355224609 283.908416748047 283.921447753906 283.934509277344 283.947570800781 283.960632324219 283.973663330078 283.983703613281 283.984741210938 283.985748291016 283.986755371094 283.987762451172
283.568206787109 283.589477539062 283.610748291016 283.632019042969 283.600036621094 283.550323486328 283.500579833984 283.450866699219 283.401153564453 283.351409912109 283.301696777344 283.274536132812 283.315002441406 283.35546875 283.395935058594 283.436401367188 283.476867675781 283.517364501953 283.557830810547 283.602600097656 283.648803710938 283.694976806641 283.741180419922 283.787384033203 283.833587646484 283.879791259766 283.916046142578 283.922546386719 283.929016113281 283.935485839844 283.941986083984 283.948455810547 283.954956054688 283.96142578125 283.9736328125 283.987731933594 284.001831054688 284.015930175781 284.030059814453 284.044158935547 284.058258056641 284.069580078125 284.072448730469 284.075347900391 284.078216552734 284.081115722656
283.586303710938 283.612152099609 283.637969970703 283.663818359375 283.629821777344 283.575866699219 283.521942138672 283.468017578125 283.4140625 283.360137939453 283.306213378906 283.27783203125 283.326232910156 283.374633789062 283.423034667969 283.471405029297 283.519805908203 283.568206787109 283.616577148438 283.665435791016 283.714447021484 283.763488769531 283.8125 283.861511230469 283.910522460938 283.959533691406 283.997772216797 284.003662109375 284.009552001953 284.015472412109 284.021362304688 284.027252197266 284.033142089844 284.039031982422 284.051879882812 284.067047119141 284.082214355469 284.097381591797 284.112548828125 284.127716064453 284.142852783203 284.155426025391 284.160186767578 284.164916992188 284.169677734375 284.174438476562
283.535858154297 283.563079833984 283.59033203125 283.617584228516 283.587097167969 283.537353515625 283.487609863281 283.437866210938 283.388122558594 283.33837890625 283.288635253906 283.264831542969 283.31884765625 283.372863769531 283.426879882812 283.480895996094 283.534912109375 283.588928222656 283.642944335938 283.693084716797 283.741912841797 283.790771484375 283.839599609375 283.888458251953 283.937316894531 283.986145019531 284.024536132812 284.031494140625 284.038482666016 284.045440673828 284.052429199219 284.059387207031 284.066375732422 284.073333740234 284.087554931641 284.104217529297 284.120880126953 284.137512207031 284.154174804688 284.170837402344 284.187469482422 284.201873779297 284.20947265625 284.217071533203 284.224700927734 284.232299804688
283.416839599609 283.442321777344 283.467834472656 283.493316650391 283.471832275391 283.434692382812 283.397552490234 283.360412597656 283.323272705078 283.286102294922 283.248962402344 283.235443115234 283.292785644531 283.350128173828 283.407470703125 283.464813232422 283.522155761719 283.579498291016 283.636840820312 283.685455322266 283.731170654297 283.77685546875 283.822540283203 283.868255615234 283.913940429688 283.959625244141 283.996337890625 284.006042480469 284.015747070312 284.025482177734 284.035186767578 284.044891357422 284.054595947266 284.064300537109 284.080657958984 284.099243164062 284.117797851562 284.136383056641 284.154937744141 284.173522949219 284.192108154297 284.208892822266 284.220336914062 284.231811523438 284.243255615234 284.254699707031
283.297821044922 283.321563720703 283.345336914062 283.369079589844 283.356597900391 283.332061767578 283.307495117188 283.282958984375 283.258422851562 283.233856201172 283.209320068359 283.2060546875 283.266754150391 283.327423095703 283.388092041016 283.448760986328 283.509429931641 283.570098876953 283.630767822266 283.677856445312 283.720397949219 283.762939453125 283.805480957031 283.848022460938 283.890563964844 283.933135986328 283.968139648438 283.980590820312 283.993041992188 284.005493164062 284.017944335938 284.030395507812 284.042816162109 284.055267333984 284.073760986328 284.09423828125 284.11474609375 284.135223388672 284.155731201172 284.176239013672 284.196716308594 284.215911865234 284.231201171875 284.246520996094 284.261810302734 284.277130126953
283.178802490234 283.200805664062 283.222808837891 283.244812011719 283.241363525391 283.229400634766 283.217468261719 283.205505371094 283.193542480469 283.181610107422 283.169647216797 283.176696777344 283.240692138672 283.3046875 283.368682861328 283.432708740234 283.496704101562 283.560699462891 283.624694824219 283.670257568359 283.709655761719 283.7490234375 283.788421630859 283.827819824219 283.867218017578 283.906616210938 283.93994140625 283.955139160156 283.970306396484 283.985504150391 284.000701904297 284.015869140625 284.031066894531 284.046234130859 284.066864013672 284.089263916016 284.111694335938 284.134094238281 284.156524658203 284.178924560547 284.201324462891 284.222930908203 284.242095947266 284.26123046875 284.280364990234 284.299530029297
283.059814453125 283.080047607422 283.100311279297 283.120574951172 283.126129150391 283.126770019531 283.127410888672 283.128051757812 283.128692626953 283.129364013672 283.130004882812 283.147308349609 283.214660644531 283.281982421875 283.349304199219 283.416625976562 283.483978271484 283.551300048828 283.618621826172 283.662628173828 283.698883056641 283.735137939453 283.771362304688 283.8076171875 283.843841552734 283.880096435547 283.911743164062 283.9296875 283.947601318359 283.965515136719 283.983459472656 284.001373291016 284.019287109375 284.037200927734 284.059936523438 284.084289550781 284.108612060547 284.132965087891 284.157287597656 284.181610107422 284.205963134766 284.229949951172 284.252960205078 284.275939941406 284.298950195312 284.321929931641
282.940795898438 282.959289550781 282.977813720703 282.996307373047 283.010864257812 283.024108886719 283.037353515625 283.050598144531 283.063842773438 283.077087402344 283.09033203125 283.117950439453 283.188598632812 283.259246826172 283.329925537109 283.400573730469 283.471221923828 283.541900634766 283.612548828125 283.655029296875 283.688110351562 283.721221923828 283.754302978516 283.787384033203 283.820495605469 283.853576660156 283.883544921875 283.904205322266 283.924865722656 283.945526123047 283.966186523438 283.986846923828 284.007507324219 284.028167724609 284.053039550781 284.079284667969 284.105560302734 284.131805419922 284.158081054688 284.184326171875 284.210571289062 284.236999511719 284.263824462891 284.290649414062 284.317504882812 284.344329833984
282.862976074219 282.890899658203 282.918823242188 282.946746826172 282.969604492188 282.990783691406 283.011962890625 283.033172607422 283.054351806641 283.075531005859 283.096710205078 283.129760742188 283.198333740234 283.266906738281 283.335510253906 283.404083251953 283.472686767578 283.541259765625 283.609832763672 283.651153564453 283.683349609375 283.715545654297 283.747741699219 283.779968261719 283.812164306641 283.844360351562 283.874694824219 283.899383544922 283.924072265625 283.948760986328 283.973449707031 283.998138427734 284.022827148438 284.047485351562 284.07421875 284.101593017578 284.128967285156 284.156372070312 284.183746337891 284.211120605469 284.238525390625 284.266174316406 284.294677734375 284.323181152344 284.351684570312 284.380187988281
282.826324462891 282.874847412109 282.92333984375 282.971832275391 283.002288818359 283.026763916016 283.051239013672 283.075714111328 283.100189208984 283.124664306641 283.149108886719 283.182739257812 283.243865966797 283.304962158203 283.366058349609 283.427185058594 283.48828125 283.549407958984 283.610504150391 283.650970458984 283.684539794922 283.718139648438 283.751708984375 283.785308837891 283.818908691406 283.852478027344 283.885162353516 283.915161132812 283.945159912109 283.975158691406 284.005157470703 284.03515625 284.065155029297 284.095153808594 284.123443603516 284.151184082031 284.178894042969 284.206604003906 284.234313964844 284.262054443359 284.289764404297 284.317565917969 284.345550537109 284.37353515625 284.401519775391 284.429534912109
282.789703369141 282.858764648438 282.927856445312 282.996917724609 283.035003662109 283.062744140625 283.090515136719 283.118255615234 283.146026611328 283.173767089844 283.201507568359 283.235748291016 283.289367675781 283.343017578125 283.396636962891 283.450256347656 283.50390625 283.557525634766 283.611145019531 283.650787353516 283.685760498047 283.720733642578 283.755676269531 283.790649414062 283.825622558594 283.860595703125 283.895629882812 283.930969238281 283.966278076172 284.001586914062 284.036895751953 284.072204589844 284.107513427734 284.142822265625 284.172698974609 284.200744628906 284.228790283203 284.256866455078 284.284912109375 284.312957763672 284.341003417969 284.368927001953 284.396392822266 284.423889160156 284.451385498047 284.478851318359
282.753082275391 282.842712402344 282.932373046875 283.022003173828 283.067687988281 283.098724365234 283.129760742188 283.160797119141 283.191833496094 283.222900390625 283.253936767578 283.288757324219 283.334899902344 283.381042480469 283.427215576172 283.473358154297 283.519500732422 283.565673828125 283.61181640625 283.650604248047 283.686950683594 283.723297119141 283.759643554688 283.796020507812 283.832366943359 283.868713378906 283.906127929688 283.946746826172 283.987365722656 284.027984619141 284.068603515625 284.109252929688 284.149871826172 284.190490722656 284.221923828125 284.250335693359 284.278717041016 284.307098388672 284.335479736328 284.363861083984 284.392272949219 284.420288085938 284.447265625 284.474243164062 284.501220703125 284.528198242188
282.716430664062 282.82666015625 282.936889648438 283.047088623047 283.100402832031 283.134704589844 283.169036865234 283.203369140625 283.237670898438 283.272003173828 283.306335449219 283.341735839844 283.380401611328 283.419097900391 283.457763671875 283.496459960938 283.535125732422 283.573791503906 283.612487792969 283.650451660156 283.688171386719 283.725891113281 283.763610839844 283.801361083984 283.839080810547 283.876800537109 283.916595458984 283.962524414062 284.008453369141 284.054412841797 284.100341796875 284.146270751953 284.192199707031 284.238159179688 284.271179199219 284.299896240234 284.32861328125 284.357330322266 284.386077880859 284.414794921875 284.443511962891 284.4716796875 284.498138427734 284.524597167969 284.551055908203 284.577514648438
282.679809570312 282.810607910156 282.94140625 283.072174072266 283.133087158203 283.170684814453 283.208312988281 283.245910644531 283.283508300781 283.321136474609 283.358734130859 283.394744873047 283.425933837891 283.457122802734 283.488342285156 283.51953125 283.550750732422 283.581939697266 283.613128662109 283.650268554688 283.689361572266 283.728485107422 283.767578125 283.806701660156 283.845825195312 283.884918212891 283.927062988281 283.978302001953 284.029571533203 284.080810546875 284.132049560547 284.183319091797 284.234558105469 284.285797119141 284.320404052734 284.349487304688 284.378540039062 284.407592773438 284.436645507812 284.465698242188 284.494750976562 284.523040771484 284.548980712891 284.574951171875 284.600891113281 284.626831054688
