resources/Exp000_Example-Run/Run01_M2/TimeSeries/2000/selection_set/tsurf_avg.asc
NCOLS 265 
NROWS 230 
XLLCORNER -115.5625 
YLLCORNER 24.8333333333333 
CELLSIZE 0.0833333333333333 
NODATA_value -9999 
[rows 200 to 219 of 230, columns 138 to 183 of 265]
294.022613525391 294.115264892578 294.207916259766 294.300567626953 294.346557617188 294.376953125 294.407379150391 294.437805175781 294.468200683594 294.498626708984 294.529022216797 294.473754882812 294.161407470703 293.849060058594 293.536712646484 293.224365234375 292.912017822266 292.599670410156 292.287322998047 292.380981445312 292.609954833984 292.838958740234 293.067932128906 293.296936035156 293.525909423828 293.7548828125 294.019134521484 294.389190673828 294.759246826172 295.129272460938 295.499328613281 295.869384765625 296.239410400391 296.609466552734 296.762969970703 296.844329833984 296.925659179688 297.006988525391 297.088317871094 297.169677734375 297.251007080078 297.321624755859 297.360168457031 297.398681640625 297.437194824219 297.475708007812
294.186309814453 294.288879394531 294.391418457031 294.493957519531 294.526489257812 294.53564453125 294.544799804688 294.553955078125 294.563079833984 294.572235107422 294.581390380859 294.512512207031 294.209411621094 293.906341552734 293.603271484375 293.300170898438 292.997100830078 292.694030761719 292.390930175781 292.500091552734 292.746643066406 292.993194580078 293.23974609375 293.486297607422 293.732849121094 293.979400634766 294.246215820312 294.573822021484 294.901458740234 295.229064941406 295.556701660156 295.884307861328 296.2119140625 296.53955078125 296.677276611328 296.751739501953 296.826202392578 296.900634765625 296.97509765625 297.049560546875 297.123992919922 297.194763183594 297.25439453125 297.314056396484 297.373687744141 297.433349609375
294.350006103516 294.462463378906 294.574920654297 294.687377929688 294.706390380859 294.694305419922 294.682189941406 294.670104980469 294.657989501953 294.645874023438 294.6337890625 294.551239013672 294.257446289062 293.963623046875 293.669799804688 293.376007080078 293.082183837891 292.788360595703 292.494537353516 292.619171142578 292.88330078125 293.147430419922 293.411529541016 293.675659179688 293.939788818359 294.203887939453 294.473297119141 294.758483886719 295.043670654297 295.328857421875 295.614044189453 295.899230957031 296.184448242188 296.469635009766 296.591613769531 296.6591796875 296.726745605469 296.794311523438 296.861877441406 296.929443359375 296.997009277344 297.06787109375 297.148651123047 297.229431152344 297.310180664062 297.390960693359
294.513732910156 294.636077880859 294.758422851562 294.880767822266 294.886322021484 294.852966308594 294.819610595703 294.786254882812 294.752868652344 294.719512939453 294.686157226562 294.589996337891 294.305450439453 294.020904541016 293.736358642578 293.451812744141 293.167266845703 292.882720947266 292.598175048828 292.73828125 293.019989013672 293.301666259766 293.583343505859 293.865020751953 294.146728515625 294.428405761719 294.700378417969 294.943115234375 295.185882568359 295.428649902344 295.671417236328 295.914184570312 296.156951904297 296.399719238281 296.505920410156 296.566589355469 296.627258300781 296.687957763672 296.748626708984 296.809326171875 296.869995117188 296.940979003906 297.042877197266 297.144805908203 297.246704101562 297.348602294922
294.627105712891 294.752868652344 294.878631591797 295.00439453125 294.998687744141 294.949157714844 294.899627685547 294.85009765625 294.800567626953 294.751037597656 294.701507568359 294.600982666016 294.347351074219 294.09375 293.840148925781 293.586547851562 293.332946777344 293.079315185547 292.825714111328 292.952758789062 293.206695556641 293.460601806641 293.714538574219 293.968475341797 294.222381591797 294.476318359375 294.7197265625 294.931549072266 295.143402099609 295.355255126953 295.567108154297 295.778961181641 295.990783691406 296.20263671875 296.307739257812 296.377227783203 296.446716308594 296.516235351562 296.585723876953 296.655212402344 296.724700927734 296.805816650391 296.921813964844 297.037811279297 297.15380859375 297.269775390625
294.690216064453 294.812896728516 294.935577392578 295.058258056641 295.043487548828 294.982879638672 294.922271728516 294.861663818359 294.801086425781 294.740478515625 294.679870605469 294.584167480469 294.383178710938 294.182189941406 293.981201171875 293.780212402344 293.579223632812 293.378234863281 293.17724609375 293.262603759766 293.443450927734 293.624267578125 293.805114746094 293.985961914062 294.166778564453 294.347625732422 294.531341552734 294.723785400391 294.916229248047 295.108673095703 295.301116943359 295.493560791016 295.686004638672 295.878448486328 295.9970703125 296.091064453125 296.185089111328 296.279083251953 296.373107910156 296.467132568359 296.561126708984 296.662414550781 296.785430908203 296.908477783203 297.031494140625 297.154541015625
294.753295898438 294.872924804688 294.992523193359 295.112152099609 295.088287353516 295.0166015625 294.944915771484 294.873260498047 294.801574707031 294.729888916016 294.658203125 294.567352294922 294.418975830078 294.270629882812 294.122253417969 293.973876953125 293.825500488281 293.677124023438 293.528747558594 293.572479248047 293.680206298828 293.787963867188 293.895690917969 294.00341796875 294.111175537109 294.218902587891 294.342987060547 294.516021728516 294.689056396484 294.862091064453 295.035125732422 295.208160400391 295.381195068359 295.554229736328 295.686401367188 295.804931640625 295.923461914062 296.041961669922 296.160491943359 296.279022216797 296.397552490234 296.518981933594 296.649047851562 296.779113769531 296.909210205078 297.039276123047
294.81640625 294.932922363281 295.049468994141 295.166015625 295.133087158203 295.050323486328 294.967590332031 294.884826660156 294.802062988281 294.719329833984 294.636566162109 294.550567626953 294.454803466797 294.359039306641 294.263305664062 294.167541503906 294.07177734375 293.976013183594 293.880279541016 293.88232421875 293.916961669922 293.951629638672 293.986267089844 294.020904541016 294.055572509766 294.090209960938 294.154602050781 294.308227539062 294.461883544922 294.615509033203 294.769134521484 294.922760009766 295.076385498047 295.230041503906 295.375732421875 295.518768310547 295.661804199219 295.804840087891 295.947906494141 296.090942382812 296.233978271484 296.375549316406 296.512664794922 296.649780273438 296.786895751953 296.924011230469
294.879486083984 294.992950439453 295.106414794922 295.219879150391 295.177886962891 295.084045410156 294.990234375 294.896392822266 294.802581787109 294.708740234375 294.614898681641 294.533752441406 294.490631103516 294.447479248047 294.404327392578 294.361206054688 294.318054199219 294.274932861328 294.231781005859 294.192169189453 294.153717041016 294.115295410156 294.076843261719 294.038391113281 293.999969482422 293.961517333984 293.966247558594 294.100463867188 294.234680175781 294.368927001953 294.503143310547 294.637359619141 294.771606445312 294.905822753906 295.065063476562 295.232604980469 295.400177001953 295.567718505859 295.735290527344 295.902862548828 296.070404052734 296.232116699219 296.376281738281 296.520446777344 296.664611816406 296.808776855469
294.942596435547 295.052978515625 295.163360595703 295.273773193359 295.222686767578 295.117767333984 295.012878417969 294.907958984375 294.803070068359 294.698150634766 294.59326171875 294.516937255859 294.526428222656 294.535919189453 294.545379638672 294.554870605469 294.564331054688 294.573822021484 294.583312988281 294.502014160156 294.390472412109 294.278961181641 294.167419433594 294.055877685547 293.944366455078 293.832824707031 293.777862548828 293.892700195312 294.007507324219 294.122344970703 294.237152099609 294.351989746094 294.466796875 294.581634521484 294.75439453125 294.946472167969 295.138549804688 295.330596923828 295.522674560547 295.714752197266 295.906829833984 296.088684082031 296.239898681641 296.39111328125 296.542297363281 296.693511962891
294.919067382812 295.039611816406 295.16015625 295.280700683594 295.237762451172 295.140319824219 295.042877197266 294.945434570312 294.847961425781 294.750518798828 294.653076171875 294.586822509766 294.614166259766 294.641510009766 294.668823242188 294.696166992188 294.723510742188 294.750823974609 294.778167724609 294.673065185547 294.523773193359 294.37451171875 294.225250244141 294.075988769531 293.926727294922 293.777435302734 293.691528320312 293.795684814453 293.899810791016 294.003967285156 294.108093261719 294.212249755859 294.316375732422 294.420532226562 294.599761962891 294.804016113281 295.008239746094 295.212493896484 295.416748046875 295.621002197266 295.825256347656 296.015960693359 296.165924072266 296.315887451172 296.465850830078 296.615814208984
294.808898925781 294.952850341797 295.096801757812 295.240753173828 295.22314453125 295.151672363281 295.080200195312 295.008758544922 294.937286376953 294.865844726562 294.794372558594 294.743377685547 294.753814697266 294.764251708984 294.774688720703 294.785125732422 294.795532226562 294.805969238281 294.81640625 294.705261230469 294.553619384766 294.401977539062 294.250335693359 294.098693847656 293.947052001953 293.79541015625 293.707214355469 293.809417724609 293.911590576172 294.013793945312 294.115966796875 294.218170166016 294.320343017578 294.422515869141 294.601135253906 294.805236816406 295.009338378906 295.213409423828 295.417510986328 295.621612548828 295.82568359375 296.013885498047 296.154327392578 296.294769287109 296.435241699219 296.57568359375
294.69873046875 294.866088867188 295.033416748047 295.200775146484 295.20849609375 295.163024902344 295.117553710938 295.072082519531 295.026611328125 294.981140136719 294.935668945312 294.899963378906 294.893463134766 294.886993408203 294.880523681641 294.874053955078 294.867584228516 294.861114501953 294.854614257812 294.737487792969 294.583465576172 294.429443359375 294.275421142578 294.121398925781 293.967407226562 293.813385009766 293.722930908203 293.823150634766 293.923370361328 294.023620605469 294.123840332031 294.224060058594 294.324310302734 294.424530029297 294.6025390625 294.806457519531 295.010406494141 295.214324951172 295.418243408203 295.622192382812 295.826110839844 296.011810302734 296.142730712891 296.273681640625 296.404602050781 296.535552978516
294.588592529297 294.779327392578 294.970062255859 295.160797119141 295.193878173828 295.174377441406 295.154907226562 295.135406494141 295.115936279297 295.096466064453 295.076965332031 295.056518554688 295.033142089844 295.009765625 294.986389160156 294.962982177734 294.939605712891 294.916229248047 294.892852783203 294.769714355469 294.613311767578 294.456909179688 294.300537109375 294.144134521484 293.987731933594 293.831329345703 293.738616943359 293.836883544922 293.935150146484 294.033447265625 294.131713867188 294.22998046875 294.328247070312 294.426544189453 294.603942871094 294.807708740234 295.011474609375 295.215240478516 295.419006347656 295.622772216797 295.826538085938 296.009735107422 296.131164550781 296.252563476562 296.373992919922 296.495422363281
294.478424072266 294.692565917969 294.906677246094 295.120819091797 295.179229736328 295.185729980469 295.192230224609 295.198760986328 295.205261230469 295.211761474609 295.21826171875 295.213073730469 295.172790527344 295.132507324219 295.092224121094 295.051940917969 295.011657714844 294.971374511719 294.931091308594 294.801940917969 294.643157958984 294.484375 294.325622558594 294.166839599609 294.008056640625 293.849304199219 293.754302978516 293.850616455078 293.946929931641 294.043273925781 294.139587402344 294.235900878906 294.332214355469 294.428527832031 294.605316162109 294.808929443359 295.012542724609 295.216156005859 295.419769287109 295.623352050781 295.826965332031 296.007659912109 296.119567871094 296.231475830078 296.343383789062 296.455291748047
294.368255615234 294.605804443359 294.843322753906 295.080841064453 295.164611816406 295.197082519531 295.229583740234 295.262084960938 295.294586181641 295.327056884766 295.359558105469 295.36962890625 295.312438964844 295.255249023438 295.198059082031 295.140869140625 295.083679199219 295.026489257812 294.969299316406 294.834167480469 294.673004150391 294.511840820312 294.350708007812 294.189544677734 294.028411865234 293.867248535156 293.769989013672 293.864349365234 293.958709716797 294.053070068359 294.1474609375 294.241821289062 294.336181640625 294.430541992188 294.606719970703 294.810180664062 295.013610839844 295.217071533203 295.420501708984 295.623962402344 295.827392578125 296.005584716797 296.107971191406 296.210388183594 296.312774658203 296.415161132812
294.294616699219 294.543487548828 294.792358398438 295.041259765625 295.141265869141 295.191650390625 295.242034912109 295.292419433594 295.342834472656 295.393218994141 295.443603515625 295.464508056641 295.39697265625 295.329467773438 295.261932373047 295.194396972656 295.126892089844 295.059356689453 294.991821289062 294.851806640625 294.687652587891 294.523468017578 294.359313964844 294.195129394531 294.030975341797 293.866790771484 293.763549804688 293.843048095703 293.922546386719 294.002014160156 294.081512451172 294.161010742188 294.240509033203 294.320007324219 294.467956542969 294.638702392578 294.809448242188 294.980194091797 295.150970458984 295.321716308594 295.492462158203 295.653198242188 295.783935546875 295.914672851562 296.045379638672 296.176116943359
294.257507324219 294.505676269531 294.753845214844 295.002014160156 295.109191894531 295.169403076172 295.229583740234 295.289794921875 295.350006103516 295.410186767578 295.470397949219 295.497711181641 295.426422119141 295.355102539062 295.283813476562 295.212524414062 295.141204833984 295.069915771484 294.998626708984 294.854919433594 294.687072753906 294.519256591797 294.351409912109 294.183563232422 294.015747070312 293.847900390625 293.734954833984 293.786682128906 293.83837890625 293.890075683594 293.941802978516 293.993499755859 294.045227050781 294.096923828125 294.188995361328 294.294525146484 294.400054931641 294.505584716797 294.611114501953 294.716644287109 294.822174072266 294.950531005859 295.147430419922 295.344329833984 295.541229248047 295.738128662109
294.220397949219 294.467864990234 294.71533203125 294.962768554688 295.0771484375 295.147155761719 295.217163085938 295.287170410156 295.357177734375 295.427154541016 295.497161865234 295.530914306641 295.455841064453 295.380767822266 295.305694580078 295.230621337891 295.155548095703 295.080474853516 295.005432128906 294.858032226562 294.6865234375 294.515014648438 294.343536376953 294.172027587891 294.000518798828 293.829010009766 293.706359863281 293.730285644531 293.754211425781 293.778137207031 293.802062988281 293.825988769531 293.849914550781 293.873840332031 293.910064697266 293.950347900391 293.990661621094 294.030975341797 294.071258544922 294.111572265625 294.151885986328 294.247863769531 294.510955810547 294.774017333984 295.037078857422 295.300170898438
294.183319091797 294.430053710938 294.676788330078 294.923553466797 295.045104980469 295.124908447266 295.204711914062 295.284515380859 295.364349365234 295.444152832031 295.523956298828 295.564086914062 295.485260009766 295.406433105469 295.327575683594 295.248748779297 295.169891357422 295.091064453125 295.01220703125 294.861145019531 294.685974121094 294.510803222656 294.335632324219 294.160461425781 293.985290527344 293.810119628906 293.677795410156 293.673919677734 293.670074462891 293.666198730469 293.662353515625 293.658477783203 293.654632568359 293.650756835938 293.631103515625 293.606201171875 293.581268310547 293.556335449219 293.531433105469 293.506500244141 293.481567382812 293.545196533203 293.874450683594 294.203704833984 294.532928466797 294.862182617188
