resources/Exp000_Example-Run/Run01_M2/TimeSeries/2000/selection_set/tsurf_avg.asc
NCOLS 265 
NROWS 230 
XLLCORNER -115.5625 
YLLCORNER 24.8333333333333 
CELLSIZE 0.0833333333333333 
NODATA_value -9999 
[rows 100 to 119 of 230, columns 0 to 45 of 265]
290.582641601562 290.782897949219 290.983184814453 291.183471679688 291.383758544922 291.584045410156 291.784332275391 291.919952392578 292.034027099609 292.148132324219 292.26220703125 292.376281738281 292.490386962891 292.604461669922 292.583953857422 292.159637451172 291.735321044922 291.311004638672 290.886688232422 290.462371826172 290.038055419922 289.613739013672 289.273773193359 288.961883544922 288.650024414062 288.338165283203 288.026306152344 287.714416503906 287.402557373047 287.128692626953 286.968841552734 286.808959960938 286.649078369141 286.489227294922 286.329345703125 286.169494628906 286.009613037109 285.805206298828 285.585968017578 285.366760253906 285.147521972656 284.928283691406 284.709045410156 284.489807128906 284.433166503906 284.864288330078
290.612518310547 290.740997314453 290.869445800781 290.997924804688 291.126403808594 291.2548828125 291.383331298828 291.528686523438 291.679626464844 291.830596923828 291.981567382812 292.132507324219 292.283477783203 292.434448242188 292.445434570312 292.036499023438 291.627593994141 291.218688964844 290.809783935547 290.400848388672 289.991943359375 289.583038330078 289.253204345703 288.949768066406 288.646301269531 288.342864990234 288.039398193359 287.735961914062 287.432525634766 287.16650390625 287.012786865234 286.859069824219 286.705352783203 286.551666259766 286.39794921875 286.244232177734 286.090515136719 285.852966308594 285.587463378906 285.321960449219 285.056457519531 284.790924072266 284.525421142578 284.259918212891 284.178863525391 284.651092529297
290.716613769531 290.814086914062 290.911560058594 291.009033203125 291.106475830078 291.203948974609 291.301422119141 291.453216552734 291.623107910156 291.79296875 291.962860107422 292.132751464844 292.302642822266 292.472534179688 292.498901367188 292.094665527344 291.6904296875 291.286193847656 290.881958007812 290.477722167969 290.073486328125 289.669281005859 289.342559814453 289.041687011719 288.740814208984 288.439971923828 288.139099121094 287.838226318359 287.537353515625 287.274597167969 287.126129150391 286.977661132812 286.829193115234 286.680725097656 286.532257080078 286.3837890625 286.235321044922 285.975372314453 285.678253173828 285.381134033203 285.084014892578 284.786895751953 284.489776611328 284.192657470703 284.084289550781 284.542175292969
290.894927978516 291.002197265625 291.109466552734 291.216735839844 291.324005126953 291.431274414062 291.538543701172 291.693511962891 291.864410400391 292.035278320312 292.206146240234 292.377044677734 292.547912597656 292.718780517578 292.744384765625 292.334106445312 291.923828125 291.513549804688 291.103271484375 290.692993164062 290.28271484375 289.872436523438 289.541778564453 289.237670898438 288.933563232422 288.629455566406 288.325347900391 288.021240234375 287.717102050781 287.453002929688 287.308868408203 287.164733886719 287.020568847656 286.876434326172 286.732299804688 286.588165283203 286.444030761719 286.172454833984 285.858367919922 285.544281005859 285.230224609375 284.916137695312 284.602081298828 284.287994384766 284.149444580078 284.537506103516
291.073272705078 291.190338134766 291.307403564453 291.424468994141 291.541534423828 291.658599853516 291.775695800781 291.933837890625 292.105712890625 292.277587890625 292.449432373047 292.621307373047 292.793151855469 292.965026855469 292.989837646484 292.573516845703 292.157196044922 291.740875244141 291.324584960938 290.908264160156 290.491943359375 290.075622558594 289.741027832031 289.433654785156 289.126312255859 288.818939208984 288.511596679688 288.204223632812 287.896850585938 287.631408691406 287.491577148438 287.351776123047 287.211975097656 287.072143554688 286.932342529297 286.792541503906 286.652740478516 286.369506835938 286.038482666016 285.707458496094 285.376434326172 285.04541015625 284.714385986328 284.383331298828 284.214630126953 284.532867431641
291.251586914062 291.378448486328 291.505340576172 291.632202148438 291.759063720703 291.885955810547 292.012817382812 292.174163818359 292.347015380859 292.519866943359 292.692718505859 292.865570068359 293.038421630859 293.211273193359 293.235321044922 292.812957763672 292.390594482422 291.968231201172 291.545867919922 291.123504638672 290.701141357422 290.27880859375 289.940246582031 289.629638671875 289.319030761719 289.008422851562 288.697814941406 288.387237548828 288.076629638672 287.809783935547 287.67431640625 287.538818359375 287.403350830078 287.267883300781 287.132385253906 286.996917724609 286.861419677734 286.566589355469 286.218597412109 285.87060546875 285.522644042969 285.174652099609 284.82666015625 284.478698730469 284.279815673828 284.528228759766
291.429901123047 291.566589355469 291.703247070312 291.839935302734 291.976593017578 292.11328125 292.249938964844 292.414489746094 292.588317871094 292.762176513672 292.936004638672 293.109832763672 293.283660888672 293.457489013672 293.480773925781 293.052368164062 292.623962402344 292.195587158203 291.767181396484 291.338775634766 290.910369873047 290.481964111328 290.139495849609 289.825622558594 289.511779785156 289.197937011719 288.884063720703 288.570220947266 288.256378173828 287.988189697266 287.857055664062 287.725891113281 287.5947265625 287.463592529297 287.332427978516 287.201293945312 287.070129394531 286.763641357422 286.398712158203 286.033782958984 285.668853759766 285.303894042969 284.93896484375 284.574035644531 284.344970703125 284.523559570312
291.608245849609 291.754699707031 291.901184082031 292.047668457031 292.194122314453 292.340606689453 292.487091064453 292.654815673828 292.829650878906 293.004455566406 293.179290771484 293.354095458984 293.528930664062 293.703735351562 293.726257324219 293.291809082031 292.857360839844 292.422912597656 291.988464355469 291.554016113281 291.119598388672 290.685150146484 290.338714599609 290.021606445312 289.704528808594 289.387420654297 289.0703125 288.753234863281 288.436126708984 288.166595458984 288.039764404297 287.912933349609 287.7861328125 287.659301757812 287.532470703125 287.405670166016 287.278839111328 286.960723876953 286.578826904297 286.196929931641 285.815063476562 285.433166503906 285.05126953125 284.669372558594 284.41015625 284.518920898438
292.003936767578 292.138122558594 292.272308349609 292.406494140625 292.540679931641 292.674865722656 292.809051513672 292.970184326172 293.140289306641 293.310394287109 293.480499267578 293.650634765625 293.820739746094 293.990844726562 294.013214111328 293.592376708984 293.171508789062 292.750671386719 292.329833984375 291.908996582031 291.488128662109 291.067291259766 290.722290039062 290.402557373047 290.082824707031 289.763092041016 289.443359375 289.123596191406 288.803863525391 288.525177001953 288.369567871094 288.213928222656 288.058319091797 287.902709960938 287.7470703125 287.591461181641 287.435852050781 287.138977050781 286.795043945312 286.451110839844 286.107177734375 285.763214111328 285.419281005859 285.075347900391 284.819580078125 284.828308105469
292.617065429688 292.716857910156 292.816650390625 292.916442871094 293.016265869141 293.116058349609 293.215850830078 293.360595703125 293.520294189453 293.679992675781 293.839691162109 293.999420166016 294.159118652344 294.318817138672 294.341705322266 293.954071044922 293.566467285156 293.178863525391 292.791229248047 292.403625488281 292.016021728516 291.62841796875 291.290191650391 290.968414306641 290.646667480469 290.324920654297 290.003143310547 289.681396484375 289.359649658203 289.063934326172 288.846405029297 288.628845214844 288.411315917969 288.193786621094 287.976226806641 287.758697509766 287.541168212891 287.298461914062 287.04736328125 286.796295166016 286.545196533203 286.294097900391 286.043029785156 285.791931152344 285.5732421875 285.451751708984
293.230163574219 293.295593261719 293.360992431641 293.426422119141 293.491821289062 293.557250976562 293.622650146484 293.7509765625 293.900299072266 294.049591064453 294.198883056641 294.348205566406 294.497497558594 294.646789550781 294.670166015625 294.315795898438 293.96142578125 293.607025146484 293.252655029297 292.898284912109 292.543884277344 292.189514160156 291.858093261719 291.534301757812 291.210510253906 290.886749267578 290.562957763672 290.239166259766 289.915405273438 289.602691650391 289.3232421875 289.043762207031 288.764312744141 288.48486328125 288.205413818359 287.925933837891 287.646484375 287.457946777344 287.299713134766 287.141448974609 286.983215332031 286.824981689453 286.666748046875 286.508514404297 286.326904296875 286.075164794922
293.84326171875 293.874298095703 293.905334472656 293.936370849609 293.967407226562 293.998443603516 294.029479980469 294.141387939453 294.280303955078 294.419189453125 294.558074951172 294.696990966797 294.835876464844 294.974761962891 294.998657226562 294.677520751953 294.356353759766 294.035217285156 293.714080810547 293.392913818359 293.07177734375 292.750640869141 292.425994873047 292.100189208984 291.774383544922 291.448577880859 291.122772216797 290.796966552734 290.471160888672 290.141448974609 289.800079345703 289.458679199219 289.117309570312 288.775939941406 288.4345703125 288.093170166016 287.751800537109 287.617401123047 287.552032470703 287.486633300781 287.421264648438 287.355865478516 287.290466308594 287.22509765625 287.08056640625 286.698608398438
294.456390380859 294.453033447266 294.449676513672 294.446319580078 294.442962646484 294.439636230469 294.436279296875 294.531799316406 294.660278320312 294.788787841797 294.917266845703 295.045745849609 295.174255371094 295.302734375 295.327117919922 295.039215087891 294.751312255859 294.463409423828 294.175476074219 293.887573242188 293.599670410156 293.311737060547 292.993896484375 292.666076660156 292.338226318359 292.010406494141 291.682586669922 291.354736328125 291.026916503906 290.680206298828 290.276916503906 289.873626708984 289.470306396484 289.067016601562 288.663726806641 288.260406494141 287.857116699219 287.776885986328 287.804351806641 287.831817626953 287.859283447266 287.886749267578 287.914215087891 287.941680908203 287.834228515625 287.322021484375
295.069488525391 295.03173828125 294.994018554688 294.956268310547 294.918548583984 294.880798339844 294.843078613281 294.922210693359 295.040283203125 295.158386230469 295.276458740234 295.39453125 295.512634277344 295.630706787109 295.655609130859 295.400939941406 295.146240234375 294.891571044922 294.636901855469 294.382232666016 294.127532958984 293.872863769531 293.561798095703 293.23193359375 292.902099609375 292.572235107422 292.242370605469 291.912536621094 291.582672119141 291.218963623047 290.753753662109 290.288543701172 289.823303222656 289.358093261719 288.892883300781 288.427642822266 287.962432861328 287.936370849609 288.056671142578 288.177001953125 288.297302246094 288.417633056641 288.537933349609 288.658264160156 288.587890625 287.945434570312
295.358520507812 295.324401855469 295.290313720703 295.256225585938 295.222137451172 295.188049316406 295.153930664062 295.226165771484 295.333801269531 295.441436767578 295.549102783203 295.65673828125 295.764373779297 295.872039794922 295.894165039062 295.659759521484 295.425384521484 295.190979003906 294.956573486328 294.722198486328 294.48779296875 294.253387451172 293.954345703125 293.633758544922 293.313140869141 292.992553710938 292.671966552734 292.351379394531 292.03076171875 291.674621582031 291.211853027344 290.749053955078 290.286254882812 289.823486328125 289.360687255859 288.897918701172 288.435119628906 288.42626953125 288.568725585938 288.711181640625 288.853637695312 288.99609375 289.138549804688 289.281005859375 289.215270996094 288.524932861328
295.323455810547 295.331024169922 295.338592529297 295.346160888672 295.353729248047 295.361297607422 295.368865966797 295.443634033203 295.540802001953 295.638000488281 295.735168457031 295.832336425781 295.929504394531 296.026672363281 296.042785644531 295.815734863281 295.588653564453 295.361602783203 295.134521484375 294.907470703125 294.680419921875 294.453338623047 294.171539306641 293.871490478516 293.571441650391 293.271392822266 292.971313476562 292.671264648438 292.371215820312 292.047180175781 291.651184082031 291.255187988281 290.859161376953 290.463165283203 290.067169189453 289.671173095703 289.275177001953 289.24658203125 289.340484619141 289.434387207031 289.528259277344 289.622161865234 289.716064453125 289.809936523438 289.716369628906 289.060424804688
295.288391113281 295.337615966797 295.386871337891 295.436096191406 295.485321044922 295.534576416016 295.583801269531 295.6611328125 295.747833251953 295.834533691406 295.921234130859 296.007934570312 296.094604492188 296.181304931641 296.19140625 295.9716796875 295.751953125 295.5322265625 295.312469482422 295.092742919922 294.873016357422 294.653289794922 294.388732910156 294.109222412109 293.829711914062 293.550201416016 293.270690917969 292.991180419922 292.711669921875 292.419738769531 292.090515136719 291.761291503906 291.432067871094 291.102874755859 290.773651123047 290.444427490234 290.115234375 290.066925048828 290.112243652344 290.157562255859 290.202911376953 290.248229980469 290.293548583984 290.338897705078 290.217498779297 289.595947265625
295.253326416016 295.34423828125 295.435119628906 295.526031494141 295.616943359375 295.707824707031 295.798736572266 295.878631591797 295.954833984375 296.031066894531 296.107299804688 296.183502197266 296.259735107422 296.335968017578 296.340026855469 296.127624511719 295.915222167969 295.702819824219 295.490447998047 295.278045654297 295.065643310547 294.853240966797 294.605926513672 294.346954345703 294.087982177734 293.829010009766 293.570037841797 293.311096191406 293.052124023438 292.792297363281 292.529846191406 292.267425537109 292.005004882812 291.742553710938 291.480133056641 291.217712402344 290.955261230469 290.887237548828 290.884002685547 290.880767822266 290.877532958984 290.874298095703 290.871063232422 290.867828369141 290.718597412109 290.131469726562
295.21826171875 295.350830078125 295.4833984375 295.615966796875 295.74853515625 295.881103515625 296.013671875 296.096130371094 296.161865234375 296.227600097656 296.293365478516 296.359100341797 296.424865722656 296.490600585938 296.488647460938 296.283599853516 296.078521728516 295.873443603516 295.668395996094 295.463317871094 295.258270263672 295.053192138672 294.823120117188 294.584686279297 294.346252441406 294.107849121094 293.869415283203 293.630981445312 293.392578125 293.164825439453 292.969177246094 292.773529052734 292.577911376953 292.382263183594 292.186614990234 291.990966796875 291.795318603516 291.707550048828 291.65576171875 291.603942871094 291.552154541016 291.500366210938 291.448547363281 291.396759033203 291.2197265625 290.666961669922
295.183197021484 295.357421875 295.531677246094 295.705902099609 295.880126953125 296.054351806641 296.228607177734 296.313598632812 296.368896484375 296.424163818359 296.479431152344 296.534698486328 296.589965820312 296.645263671875 296.637268066406 296.439544677734 296.241821289062 296.044067382812 295.846343994141 295.648620605469 295.450866699219 295.253143310547 295.040283203125 294.822418212891 294.604522705078 294.386657714844 294.168762207031 293.950897216797 293.733001708984 293.537384033203 293.408538818359 293.279663085938 293.150817871094 293.021942138672 292.893096923828 292.764221191406 292.635375976562 292.527893066406 292.427520751953 292.3271484375 292.226776123047 292.126434326172 292.026062011719 291.925689697266 291.720825195312 291.202484130859
