resources/Exp000_Example-Run/Run01_M2/TimeSeries/2000/selection_set/tsurf_avg.asc
NCOLS 265 
NROWS 230 
XLLCORNER -115.5625 
YLLCORNER 24.8333333333333 
CELLSIZE 0.0833333333333333 
NODATA_value -9999 
[rows 160 to 179 of 230, columns 46 to 91 of 265]
295.466613769531 295.295959472656 295.125305175781 294.954650878906 294.783966064453 294.613311767578 294.343292236328 294.040161132812 293.737030029297 293.433898925781 293.130767822266 292.82763671875 292.524505615234 292.275604248047 292.189331054688 292.103057861328 292.016784667969 291.930511474609 291.84423828125 291.757965087891 291.671691894531 291.651702880859 291.653839111328 291.655975341797 291.658111572266 291.660247802734 291.662384033203 291.664520263672 291.610290527344 291.387023925781 291.163726806641 290.940460205078 290.717163085938 290.493865966797 290.270599365234 290.047302246094 290.016662597656 290.050231933594 290.083801269531 290.117401123047 290.150970458984 290.184539794922 290.218109130859 290.308837890625 290.570953369141 290.833068847656
295.615295410156 295.461944580078 295.30859375 295.155242919922 295.001892089844 294.848541259766 294.591186523438 294.299224853516 294.007232666016 293.715240478516 293.423248291016 293.131256103516 292.839263916016 292.597381591797 292.505798339844 292.414245605469 292.322662353516 292.231109619141 292.139526367188 292.047973632812 291.956390380859 291.914337158203 291.888793945312 291.863250732422 291.837707519531 291.812164306641 291.78662109375 291.761077880859 291.678924560547 291.426971435547 291.175018310547 290.923065185547 290.671081542969 290.419128417969 290.167175292969 289.915222167969 289.868591308594 289.890441894531 289.912261962891 289.934112548828 289.955932617188 289.977752685547 289.999603271484 290.088073730469 290.376525878906 290.664978027344
295.659484863281 295.520294189453 295.381103515625 295.241882324219 295.102691650391 294.963500976562 294.726531982422 294.456970214844 294.187438964844 293.917877197266 293.648315429688 293.378784179688 293.109222412109 292.882537841797 292.784423828125 292.686340332031 292.588226318359 292.490142822266 292.392028808594 292.2939453125 292.195831298828 292.143737792969 292.107025146484 292.070281982422 292.033538818359 291.996795654297 291.960052490234 291.923309326172 291.822174072266 291.527862548828 291.233520507812 290.939178466797 290.644866943359 290.350524902344 290.056213378906 289.761871337891 289.689270019531 289.690551757812 289.691833496094 289.693115234375 289.694427490234 289.695709228516 289.696990966797 289.77685546875 290.092468261719 290.408081054688
295.599182128906 295.471008300781 295.342803955078 295.214630126953 295.08642578125 294.958221435547 294.749328613281 294.513488769531 294.277679443359 294.041839599609 293.806030273438 293.570190429688 293.334381103516 293.131042480469 293.025177001953 292.919311523438 292.813446044922 292.707580566406 292.601715087891 292.495849609375 292.389984130859 292.339935302734 292.308502197266 292.277038574219 292.24560546875 292.214141845703 292.182678222656 292.151245117188 292.040069580078 291.689666748047 291.339263916016 290.988861083984 290.638488769531 290.2880859375 289.937683105469 289.587280273438 289.478637695312 289.450592041016 289.422546386719 289.394470214844 289.366424560547 289.338348388672 289.310302734375 289.375152587891 289.718780517578 290.062377929688
295.538909912109 295.421722412109 295.304534912109 295.187347412109 295.070159912109 294.952972412109 294.772094726562 294.570007324219 294.367889404297 294.165802001953 293.963714599609 293.761627197266 293.559509277344 293.379547119141 293.265930175781 293.152282714844 293.038665771484 292.925048828125 292.811401367188 292.697784423828 292.584167480469 292.5361328125 292.509979248047 292.483795166016 292.457641601562 292.431488037109 292.405334472656 292.379180908203 292.257934570312 291.851470947266 291.445007324219 291.038543701172 290.632080078125 290.225646972656 289.819183349609 289.412719726562 289.268035888672 289.210632324219 289.153228759766 289.095825195312 289.038421630859 288.981018066406 288.923614501953 288.973449707031 289.345062255859 289.716674804688
295.478607177734 295.372436523438 295.266235351562 295.160064697266 295.053894042969 294.947692871094 294.794860839844 294.626495361328 294.458129882812 294.289764404297 294.121398925781 293.953033447266 293.78466796875 293.628051757812 293.506652832031 293.38525390625 293.263885498047 293.142486572266 293.021087646484 292.899719238281 292.7783203125 292.732299804688 292.711456298828 292.690582275391 292.669708251953 292.648834228516 292.627960205078 292.607086181641 292.475799560547 292.013275146484 291.550750732422 291.088226318359 290.625701904297 290.163177490234 289.700653076172 289.238128662109 289.057434082031 288.970672607422 288.883941650391 288.797180175781 288.710418701172 288.623687744141 288.536926269531 288.571746826172 288.971343994141 289.370971679688
295.418334960938 295.323150634766 295.227966308594 295.132781982422 295.03759765625 294.942413330078 294.817657470703 294.683013916016 294.548370361328 294.413726806641 294.279113769531 294.144470214844 294.009826660156 293.876556396484 293.747406005859 293.618255615234 293.489105224609 293.359924316406 293.230773925781 293.101623535156 292.972473144531 292.928497314453 292.912933349609 292.897338867188 292.881774902344 292.866180419922 292.8505859375 292.835021972656 292.693695068359 292.175109863281 291.656494140625 291.137908935547 290.619323730469 290.100738525391 289.582153320312 289.063537597656 288.846832275391 288.730712890625 288.614624023438 288.49853515625 288.382415771484 288.266326904297 288.150238037109 288.170043945312 288.59765625 289.025268554688
295.358032226562 295.273864746094 295.189697265625 295.105499267578 295.021331787109 294.937164306641 294.840423583984 294.739532470703 294.638610839844 294.537689208984 294.436798095703 294.335876464844 294.234985351562 294.125061035156 293.988159179688 293.851226806641 293.714294433594 293.577392578125 293.440460205078 293.303558349609 293.166625976562 293.124694824219 293.114410400391 293.104095458984 293.093811035156 293.083526611328 293.0732421875 293.062957763672 292.911560058594 292.3369140625 291.762237548828 291.187591552734 290.612945556641 290.038269042969 289.463623046875 288.888977050781 288.63623046875 288.490783691406 288.345336914062 288.199890136719 288.054443359375 287.908996582031 287.763549804688 287.768341064453 288.223937988281 288.679534912109
295.474487304688 295.397491455078 295.320495605469 295.243499755859 295.16650390625 295.089508056641 295.010925292969 294.931854248047 294.852752685547 294.773681640625 294.694580078125 294.615478515625 294.536407470703 294.440673828125 294.294982910156 294.149322509766 294.003662109375 293.858001708984 293.712341308594 293.566680908203 293.421020507812 293.378570556641 293.370574951172 293.362548828125 293.354522705078 293.346527099609 293.338500976562 293.330474853516 293.172454833984 292.564392089844 291.956329345703 291.348266601562 290.740203857422 290.132141113281 289.524078369141 288.916015625 288.619567871094 288.426940917969 288.234344482422 288.041748046875 287.84912109375 287.656524658203 287.463928222656 287.432678222656 287.885498046875 288.338317871094
295.767639160156 295.694000244141 295.620361328125 295.546752929688 295.473114013672 295.399475097656 295.329162597656 295.259979248047 295.190795898438 295.121643066406 295.052459716797 294.983276367188 294.914093017578 294.823364257812 294.66796875 294.512573242188 294.357177734375 294.201782226562 294.04638671875 293.890991210938 293.735595703125 293.690185546875 293.681427001953 293.672668457031 293.663909912109 293.655151367188 293.646392822266 293.637634277344 293.476348876953 292.857543945312 292.238739013672 291.619934082031 291.001159667969 290.382354736328 289.763549804688 289.144744873047 288.796844482422 288.539276123047 288.281707763672 288.024108886719 287.766540527344 287.508941650391 287.251373291016 287.162994384766 287.582275390625 288.001525878906
296.060821533203 295.990539550781 295.920257568359 295.849975585938 295.779693603516 295.709442138672 295.647399902344 295.588134765625 295.528869628906 295.469604492188 295.410308837891 295.351043701172 295.291778564453 295.206024169922 295.040924072266 294.875793457031 294.710662841797 294.545562744141 294.380432128906 294.215301513672 294.050201416016 294.001800537109 293.992279052734 293.982788085938 293.973266601562 293.963775634766 293.954254150391 293.944763183594 293.780242919922 293.150695800781 292.521179199219 291.891632080078 291.262084960938 290.632537841797 290.002990722656 289.373443603516 288.974151611328 288.651611328125 288.329040527344 288.006500244141 287.683929443359 287.361358642578 287.038818359375 286.893341064453 287.279052734375 287.664764404297
296.353973388672 296.287048339844 296.220153808594 296.153228759766 296.086303710938 296.019378662109 295.965637207031 295.916290283203 295.866912841797 295.817565917969 295.768188476562 295.718811035156 295.669464111328 295.588714599609 295.413879394531 295.239044189453 295.064178466797 294.889343261719 294.714477539062 294.539642333984 294.364776611328 294.313385009766 294.303131103516 294.292907714844 294.282653808594 294.272399902344 294.262145996094 294.251892089844 294.084136962891 293.443878173828 292.803588867188 292.163299560547 291.523010253906 290.882751464844 290.242462158203 289.602172851562 289.151458740234 288.763916015625 288.376403808594 287.988861083984 287.601318359375 287.213806152344 286.826263427734 286.623657226562 286.975830078125 287.328002929688
296.647155761719 296.583587646484 296.52001953125 296.456481933594 296.392913818359 296.329345703125 296.283874511719 296.244415283203 296.204956054688 296.16552734375 296.126068115234 296.086608886719 296.047149658203 295.971405029297 295.786834716797 295.602264404297 295.417694091797 295.233123779297 295.048522949219 294.863952636719 294.679382324219 294.625 294.614013671875 294.602996826172 294.592010498047 294.581024169922 294.570037841797 294.559051513672 294.388061523438 293.737030029297 293.085998535156 292.434967041016 291.783966064453 291.132934570312 290.481903076172 289.830871582031 289.328735351562 288.876251220703 288.423736572266 287.971221923828 287.518737792969 287.066223144531 286.613708496094 286.35400390625 286.672607421875 286.991241455078
296.940307617188 296.880126953125 296.819915771484 296.759704589844 296.699523925781 296.639312744141 296.602111816406 296.572570800781 296.543029785156 296.513488769531 296.483917236328 296.454376220703 296.424835205078 296.354095458984 296.159790039062 295.965484619141 295.771179199219 295.576873779297 295.382568359375 295.188262939453 294.993957519531 294.936584472656 294.924865722656 294.913116455078 294.901397705078 294.8896484375 294.8779296875 294.866180419922 294.691955566406 294.030181884766 293.368408203125 292.706665039062 292.044891357422 291.383117675781 290.721374511719 290.059600830078 289.506042480469 288.988555908203 288.471099853516 287.95361328125 287.436126708984 286.918640136719 286.401153564453 286.084320068359 286.369384765625 286.654449462891
297.161071777344 297.105712890625 297.050354003906 296.994995117188 296.939636230469 296.88427734375 296.849426269531 296.821380615234 296.793334960938 296.765319824219 296.737274169922 296.709228515625 296.681213378906 296.610992431641 296.414215087891 296.217468261719 296.020721435547 295.823974609375 295.627227783203 295.430450439453 295.233703613281 295.167785644531 295.145446777344 295.123107910156 295.100799560547 295.078460693359 295.056121826172 295.033813476562 294.852630615234 294.194976806641 293.537322998047 292.879638671875 292.221984863281 291.564331054688 290.906646728516 290.248992919922 289.665740966797 289.107330322266 288.548889160156 287.990478515625 287.432037353516 286.873596191406 286.315185546875 285.960388183594 286.216491699219 286.472625732422
297.309448242188 297.260406494141 297.211364746094 297.162322998047 297.11328125 297.064270019531 297.025817871094 296.990875244141 296.955932617188 296.921020507812 296.886077880859 296.851165771484 296.816223144531 296.742034912109 296.550109863281 296.358215332031 296.166290283203 295.974365234375 295.782440185547 295.590515136719 295.398590087891 295.318542480469 295.275756835938 295.233001708984 295.190216064453 295.147430419922 295.104675292969 295.061889648438 294.870147705078 294.231414794922 293.592681884766 292.953948974609 292.315246582031 291.676513671875 291.037780761719 290.399047851562 289.807861328125 289.232513427734 288.657165527344 288.081817626953 287.506469726562 286.931121826172 286.355773925781 285.982177734375 286.213928222656 286.445678710938
297.457794189453 297.415069580078 297.372375488281 297.329650878906 297.286956787109 297.244232177734 297.202178955078 297.160369873047 297.118530273438 297.076721191406 297.034881591797 296.993072509766 296.951232910156 296.873107910156 296.686004638672 296.498931884766 296.311828613281 296.124755859375 295.937652587891 295.750579833984 295.5634765625 295.469299316406 295.406066894531 295.342864990234 295.279632568359 295.216430664062 295.153198242188 295.089996337891 294.887634277344 294.267852783203 293.648071289062 293.028259277344 292.408477783203 291.788696289062 291.168914794922 290.549133300781 289.949981689453 289.357696533203 288.765441894531 288.173156738281 287.580902099609 286.988616943359 286.396331787109 286.003967285156 286.211364746094 286.418731689453
297.606140136719 297.569763183594 297.533386230469 297.496978759766 297.460601806641 297.424224853516 297.378570556641 297.329864501953 297.281158447266 297.232421875 297.183715820312 297.134979248047 297.086273193359 297.004150390625 296.821899414062 296.6396484375 296.457397460938 296.275146484375 296.092895507812 295.91064453125 295.728363037109 295.620056152344 295.536407470703 295.452728271484 295.369079589844 295.285400390625 295.201751708984 295.118072509766 294.905120849609 294.304260253906 293.703430175781 293.102569580078 292.501739501953 291.90087890625 291.300048828125 290.699188232422 290.092102050781 289.48291015625 288.873687744141 288.264495849609 287.655303955078 287.046112060547 286.436920166016 286.025787353516 286.208801269531 286.391815185547
297.754516601562 297.724456787109 297.694396972656 297.664306640625 297.634246826172 297.604187011719 297.554962158203 297.499359130859 297.443756103516 297.388122558594 297.33251953125 297.276916503906 297.221282958984 297.135223388672 296.957794189453 296.780364990234 296.602966308594 296.425537109375 296.248107910156 296.070678710938 295.893249511719 295.770812988281 295.666717529297 295.562591552734 295.45849609375 295.354400634766 295.250274658203 295.146179199219 294.922607421875 294.340698242188 293.7587890625 293.176879882812 292.595001220703 292.013092041016 291.431182861328 290.849273681641 290.234222412109 289.608093261719 288.981964111328 288.355865478516 287.729736328125 287.103607177734 286.477508544922 286.047576904297 286.206237792969 286.364868164062
297.902862548828 297.879119873047 297.855377197266 297.831665039062 297.807922363281 297.7841796875 297.731353759766 297.668853759766 297.606353759766 297.543823242188 297.481323242188 297.418823242188 297.356323242188 297.266296386719 297.093688964844 296.921112060547 296.748504638672 296.575927734375 296.4033203125 296.230743408203 296.058166503906 295.921600341797 295.797027587891 295.672485351562 295.547912597656 295.423370361328 295.298797607422 295.174255371094 294.940093994141 294.377136230469 293.814178466797 293.251190185547 292.688232421875 292.125274658203 291.562316894531 290.999328613281 290.376312255859 289.733276367188 289.090240478516 288.447204589844 287.804168701172 287.1611328125 286.51806640625 286.069366455078 286.203643798828 286.337951660156
