resources/Exp000_Example-Run/Run01_M2/TimeSeries/1995/model/1995_biasfile.asc
NCOLS 265 
NROWS 230 
XLLCORNER -115.5625 
YLLCORNER 24.8333333333333 
CELLSIZE 0.0833333333333333 
NODATA_value -9999 
[rows 198 to 215 of 230, columns 0 to 41 of 265]
4.66369392810261e-06 5.35725618907537e-06 6.13679358279079e-06 7.01043397520176e-06 8.00445968061296e-06 9.11818288333867e-06 1.03578894398855e-05 1.17337497731442e-05 1.32562661891983e-05 1.49362317433569e-05 1.6784683719077e-05 1.88295115372095e-05 2.10888989345039e-05 2.35559005816212e-05 2.6241694554197e-05 2.91572082293954e-05 3.23130175751084e-05 3.5719241620025e-05 3.93903412046127e-05 4.33777188331927e-05 4.76447064554281e-05 5.21973037425948e-05 5.70402412751582e-05 6.21768542054578e-05 6.76089579556484e-05 7.33367263745097e-05 7.93980803632568e-05 8.5761332200079e-05 9.24046459650161e-05 9.93184234982095e-05 0.00010649080872279 0.00011390764212785 0.000121552428118323 0.000129418904420037 0.000137486334521955 0.000145705027741669 0.000154047276730184 0.000162483306268975 0.00017098139411777 0.00017950800851911 0.000188027826855479 0.000196485763521829
4.0605904561149e-06 4.66445251002859e-06 5.34316912488154e-06 6.10381672194426e-06 6.96927784418417e-06 7.93895341909097e-06 9.0183160052251e-06 1.0216220217909e-05 1.15418095781811e-05 1.30044806930036e-05 1.46138427445551e-05 1.63941768942737e-05 1.83613139369427e-05 2.05092063907356e-05 2.2847585560662e-05 2.53859643467067e-05 2.81335495449817e-05 3.10991499522246e-05 3.42953541619487e-05 3.77669116987793e-05 4.14818970285262e-05 4.54455313276553e-05 4.96619305446438e-05 5.41339953834397e-05 5.88633030591916e-05 6.38500011951669e-05 6.91270959202929e-05 7.46669952933659e-05 8.04506842728002e-05 8.64698004633155e-05 9.27140151675885e-05 9.91709937557757e-05 0.000105826367241461 0.000112674669529599 0.000119697831495802 0.00012685259063299 0.000134114814555369 0.000141458570226488 0.00014885622923494 0.000156278587580049 0.000163694881579821 0.000171057110412125
3.53129717046151e-06 4.05643874603894e-06 4.64667575977705e-06 5.30816194041617e-06 6.06079633185991e-06 6.90405778590364e-06 7.84270518186363e-06 8.88443847730776e-06 1.00372088290782e-05 1.13091874381655e-05 1.27087303147218e-05 1.42569522758238e-05 1.59676194176715e-05 1.78354722790802e-05 1.98689726914625e-05 2.20763924442909e-05 2.4465737007515e-05 2.70446656037231e-05 2.98241241177681e-05 3.28430243730377e-05 3.60736027851788e-05 3.95203977766028e-05 4.31869863909629e-05 4.70758886024418e-05 5.11884731664721e-05 5.55248653327967e-05 6.01137598723089e-05 6.49311596577633e-05 6.99605257512885e-05 7.51945811925081e-05 8.06243387028391e-05 8.62390662210454e-05 9.20262621874514e-05 9.79811615433208e-05 0.000104088038471093 0.000110309271454556 0.000116623866872383 0.000123009265000152 0.000129441431611979 0.000135894962207145 0.000142343095564506 0.000148744055105551
3.06252659827239e-06 3.51795051346292e-06 4.02982702140923e-06 4.6034927196805e-06 5.25620445343176e-06 5.98751012015153e-06 6.80153659043567e-06 7.7049612832875e-06 8.70467943078381e-06 9.80777705490741e-06 1.1021500405753e-05 1.23641602614552e-05 1.38476943251689e-05 1.54675410921909e-05 1.72310382607356e-05 1.91453586240348e-05 2.12174439094681e-05 2.34539354514373e-05 2.58643245765994e-05 2.8482353743574e-05 3.12839452976196e-05 3.4273033339745e-05 3.74527180250845e-05 4.08251825619063e-05 4.43916115475825e-05 4.81521109198974e-05 5.21315585785618e-05 5.6309141393965e-05 6.06705137626782e-05 6.52093607596963e-05 6.99178839012616e-05 7.47867712556692e-05 7.98051760112579e-05 8.4968955791513e-05 9.02644620031589e-05 9.56590687348636e-05 0.000101134563269812 0.000106671374541608 0.000112248652619124 0.000117844359146118 0.0001234352788575 0.000128985152838906
2.64826076206046e-06 3.04207440836188e-06 3.48470302153774e-06 3.98076112329431e-06 4.54517069755679e-06 5.17754068601702e-06 5.88143948897742e-06 6.66264095343033e-06 7.52710724243059e-06 8.4809654640479e-06 9.53048124004333e-06 1.06914875469429e-05 1.19743064666535e-05 1.33749933354074e-05 1.4899892576305e-05 1.65552059364467e-05 1.83469352677555e-05 2.02808225693403e-05 2.23650740000629e-05 2.46288643992388e-05 2.70513733775723e-05 2.96360012911303e-05 3.23854271944192e-05 3.53015370554416e-05 3.83853531269952e-05 4.16369647149947e-05 4.5077877929697e-05 4.86900936426587e-05 5.24612048822457e-05 5.63857475233352e-05 6.04569743167597e-05 6.46668290433532e-05 6.9005927983514e-05 7.34706806092706e-05 7.80492756510501e-05 8.27135016567379e-05 8.74476043870303e-05 9.22346548732104e-05 9.70566181884392e-05 0.000101894431697082 0.000106728014809686 0.000111525989189363
2.28327267489832e-06 2.62280573686959e-06 3.00442490558607e-06 3.43210855812584e-06 3.91872165880297e-06 4.46392695450612e-06 5.07080085170093e-06 5.74432116976747e-06 6.48962806208981e-06 7.31200386321826e-06 8.21685029724809e-06 9.21781745374268e-06 1.03238041286495e-05 1.15314091566633e-05 1.28461019682992e-05 1.4273228915659e-05 1.58179639324404e-05 1.74852568324641e-05 1.9282181708186e-05 2.12338897007038e-05 2.33224301506361e-05 2.5550733427496e-05 2.7921107869161e-05 3.04351778804076e-05 3.30938230284447e-05 3.58971183430937e-05 3.88636003381015e-05 4.19777493458401e-05 4.522886670514e-05 4.86122384296025e-05 5.2122044037698e-05 5.57513342690769e-05 5.94920151102154e-05 6.33409836036586e-05 6.72880486671278e-05 7.13088879507181e-05 7.53899140534788e-05 7.95165266430917e-05 8.36731717829588e-05 8.78434094356263e-05 9.20099217005128e-05 9.61456341561043e-05
1.96268233971083e-06 2.25453845864371e-06 2.58257054847665e-06 2.95019825597137e-06 3.36847983351433e-06 3.83712530691351e-06 4.35877897378107e-06 4.93771950870401e-06 5.57836510398888e-06 6.28525614401642e-06 7.06303561107254e-06 7.92343638539411e-06 8.87410723786726e-06 9.91212441717215e-06 1.10421889074822e-05 1.22688958393218e-05 1.35966920713264e-05 1.50298317417035e-05 1.65743947775793e-05 1.82519985767093e-05 2.00472130685857e-05 2.1962556037034e-05 2.40000104506536e-05 2.61609712440193e-05 2.84461929559908e-05 3.08557384036691e-05 3.34055366882453e-05 3.60822461680377e-05 3.88766689399076e-05 4.17847503812559e-05 4.48014845499446e-05 4.79208950295423e-05 5.11360211998304e-05 5.44441895520573e-05 5.78366333437627e-05 6.12924460449297e-05 6.47999442169051e-05 6.83465736237975e-05 7.19189602596545e-05 7.55029684080451e-05 7.90837075769105e-05 8.26378871115039e-05
1.68195524464395e-06 1.93206345107118e-06 2.2131725580195e-06 2.52821298354924e-06 2.88666099454552e-06 3.28826803247382e-06 3.73530004772002e-06 4.23142354813038e-06 4.78042458448935e-06 5.3861939009171e-06 6.05271014099793e-06 6.79002749164005e-06 7.60470024030804e-06 8.49422271016751e-06 9.46262308376679e-06 1.05138387825293e-05 1.16516801104799e-05 1.28797921577275e-05 1.42033844693923e-05 1.5640980526195e-05 1.71793573784831e-05 1.88206717248012e-05 2.05666218392343e-05 2.24184019569218e-05 2.43766573941678e-05 2.64414405561905e-05 2.86263981677778e-05 3.09200959429407e-05 3.33146503465983e-05 3.58065845436732e-05 3.8391606288421e-05 4.10645915095463e-05 4.38195725461784e-05 4.66542529685353e-05 4.95611143402135e-05 5.25222410477527e-05 5.55276174825947e-05 5.85664817149489e-05 6.1627369249059e-05 6.46981628086651e-05 6.77660981566421e-05 7.08112008579658e-05
1.43753115946808e-06 1.65129081765353e-06 1.89154568711899e-06 2.16080024621255e-06 2.46715341772136e-06 2.81039271605043e-06 3.19245469823688e-06 3.61647290672197e-06 4.08568303899602e-06 4.603410254188e-06 5.17305481774017e-06 5.80320941324835e-06 6.49947547400686e-06 7.25971135380185e-06 8.08735951874989e-06 8.98578482296363e-06 9.95824343112035e-06 1.10078502533828e-05 1.21390571511231e-05 1.33676941548022e-05 1.46824599757319e-05 1.60851970939023e-05 1.7577356093876e-05 1.91599566723919e-05 2.08335492738853e-05 2.25981774847586e-05 2.44655015191212e-05 2.6425747929452e-05 2.84721777724948e-05 3.06018176439351e-05 3.28109970874901e-05 3.50953345655842e-05 3.74497274063984e-05 3.98722083990322e-05 4.23563469287577e-05 4.48868313795391e-05 4.74550988339202e-05 5.00519484457846e-05 5.26675788604422e-05 5.52916307918295e-05 5.79131918934798e-05 6.05151776832621e-05
1.22744880615614e-06 1.40996744606991e-06 1.61510879236877e-06 1.84501124835993e-06 2.10658996452522e-06 2.39966347117292e-06 2.72588523516789e-06 3.08793074778455e-06 3.48856271379005e-06 3.9306202115932e-06 4.41700643419094e-06 4.95505799529467e-06 5.54955743176688e-06 6.19867599992533e-06 6.90535281309312e-06 7.67246068173177e-06 8.50277957390744e-06 9.39896880526199e-06 1.03648291342117e-05 1.14138758968268e-05 1.25364594385818e-05 1.37341523223046e-05 1.50081924125326e-05 1.63594495758707e-05 1.77883929175597e-05 1.92950586660002e-05 2.08894002681453e-05 2.25630718944848e-05 2.43103185564451e-05 2.61285998753229e-05 2.80147801729014e-05 2.99651164925184e-05 3.19752500165763e-05 3.40434973129965e-05 3.61643636036591e-05 3.83247752877553e-05 4.05174185271553e-05 4.27344347307235e-05 4.49674525258972e-05 4.72076241365201e-05 4.94456294584074e-05 5.16668702523956e-05
1.04497455305981e-06 1.20035813377743e-06 1.3750009220722e-06 1.57072336892235e-06 1.7934124588404e-06 2.04291367034601e-06 2.32063459981346e-06 2.62885290639603e-06 2.96992048723547e-06 3.34625424782821e-06 3.76032566402893e-06 4.2183804149668e-06 4.72448981759222e-06 5.27709692465417e-06 5.87870369790884e-06 6.53175562497195e-06 7.23861912191667e-06 8.00155785402903e-06 8.82380713731844e-06 9.71687204606597e-06 1.06725374872707e-05 1.16921416956899e-05 1.27767379004774e-05 1.3927065971033e-05 1.51435245193997e-05 1.64261435543682e-05 1.77833945410735e-05 1.9208171759423e-05 2.06955750093303e-05 2.22434402859883e-05 2.38490966840178e-05 2.55093561994826e-05 2.72205064244562e-05 2.89811110457403e-05 3.0786488803422e-05 3.26255099154432e-05 3.44919458593119e-05 3.63791043000449e-05 3.82798563265025e-05 4.01866674414274e-05 4.20916009614861e-05 4.3982219968625e-05
8.86957680114983e-07 1.01884349903854e-06 1.1670759242045e-06 1.33320008212083e-06 1.52221263143404e-06 1.73398239371018e-06 1.96970406346283e-06 2.23131080964409e-06 2.52079880490059e-06 2.84021939054699e-06 3.19167021577838e-06 3.58045230145123e-06 4.01002112111908e-06 4.4790551066102e-06 4.98967770440392e-06 5.54396440312781e-06 6.14392355042775e-06 6.79147625139555e-06 7.48936824713658e-06 8.24736399517774e-06 9.05849067029371e-06 9.92388368652395e-06 1.08444364951049e-05 1.18207765137096e-05 1.28532414432418e-05 1.39418560529773e-05 1.50938088746689e-05 1.63030681738483e-05 1.75654740923586e-05 1.88791887720193e-05 2.02419440207227e-05 2.16510326566995e-05 2.31033023088318e-05 2.45975312039054e-05 2.61297431345932e-05 2.76904915344297e-05 2.92744880617415e-05 3.08760506625086e-05 3.24891267036835e-05 3.41073192948005e-05 3.57238901160681e-05 3.73282754360149e-05
7.50535943158394e-07 8.62135560218551e-07 9.87567294983697e-07 1.12813858615407e-06 1.28807746852877e-06 1.46727292205811e-06 1.66673584683964e-06 1.88810201696924e-06 2.13306051298293e-06 2.40334709102675e-06 2.70073668393054e-06 3.02971480075345e-06 3.39320527646427e-06 3.79008976446833e-06 4.22216496172352e-06 4.69118696395595e-06 5.19885503064287e-06 5.74679457265161e-06 6.33732873027613e-06 6.9787193947426e-06 7.66506622370602e-06 8.39732961318593e-06 9.17626516591171e-06 1.0002403319229e-05 1.08760293009893e-05 1.17971634818089e-05 1.27718871419322e-05 1.37950958373979e-05 1.48632689804067e-05 1.59748504747091e-05 1.71279200067974e-05 1.83201857216579e-05 1.95489789775902e-05 2.0813263686002e-05 2.21096728274814e-05 2.34302129617799e-05 2.47704077255501e-05 2.61254475701628e-05 2.7490209350575e-05 2.8859278614053e-05 3.02269519455114e-05 3.15842841305308e-05
6.33119514988838e-07 7.27259284711021e-07 8.33067038613288e-07 9.5164564856849e-07 1.08656162669223e-06 1.2377213074125e-06 1.40597741071163e-06 1.59270975988022e-06 1.7993431397682e-06 2.02734170254605e-06 2.27820264108649e-06 2.55570960173282e-06 2.86232887907383e-06 3.19711704534867e-06 3.56158959863765e-06 3.95722777110028e-06 4.38546483175016e-06 4.84767173335327e-06 5.34580794509341e-06 5.8868422615867e-06 6.46579740393417e-06 7.08348320369312e-06 7.74053669828579e-06 8.43740494287689e-06 9.17432809895681e-06 9.95132285733544e-06 1.07735177980627e-05 1.16366066537742e-05 1.25376191401926e-05 1.34752418303754e-05 1.44478539979166e-05 1.5453521438697e-05 1.64899920471226e-05 1.75563899471586e-05 1.86498728587945e-05 1.97636979850558e-05 2.08940880672432e-05 2.20369847622341e-05 2.31880651787701e-05 2.43427606929475e-05 2.54962588873543e-05 2.6641008715321e-05
5.32374243348519e-07 6.11533353680618e-07 7.00503629272127e-07 8.00212426667025e-07 9.13658678121322e-07 1.04076361203251e-06 1.18224423474247e-06 1.33926077004659e-06 1.51301124441902e-06 1.70472678231933e-06 1.91566628558093e-06 2.14901122124106e-06 2.4068353344055e-06 2.68834528790916e-06 2.99481533135251e-06 3.32749088723562e-06 3.68757703153942e-06 4.07622642267383e-06 4.49508654040165e-06 4.95001679903348e-06 5.43683191770931e-06 5.95621260110491e-06 6.50869422230905e-06 7.09465236710485e-06 7.71428861095462e-06 8.36761657722573e-06 9.05894766304281e-06 9.78466051079418e-06 1.05422570850339e-05 1.133063231001e-05 1.21484226573243e-05 1.29940009509719e-05 1.3865472648272e-05 1.4762099675351e-05 1.56814903449421e-05 1.66179748987984e-05 1.75683761317932e-05 1.85292804628601e-05 1.949705185042e-05 2.04678476258519e-05 2.14376200919123e-05 2.24000153826291e-05
4.46796038236362e-07 5.13229961046802e-07 5.87897808432564e-07 6.71577850530146e-07 7.66786902801213e-07 8.73458848236646e-07 9.92195417290064e-07 1.12397030345172e-06 1.26978892275455e-06 1.43068446482304e-06 1.607713426945e-06 1.80354577974165e-06 2.01992183998852e-06 2.25617577150508e-06 2.51337691609003e-06 2.79257041108362e-06 3.0947675201919e-06 3.42093550124776e-06 3.77245685390914e-06 4.15424872864146e-06 4.56279860455402e-06 4.99867755119358e-06 5.46233464057893e-06 5.9540848129775e-06 6.4740969380035e-06 7.02238211178526e-06 7.60255779064069e-06 8.21158446913909e-06 8.84736533452482e-06 9.50897241537542e-06 1.01952607898589e-05 1.09048642260297e-05 1.16361920612696e-05 1.23886235731108e-05 1.31601501446912e-05 1.39460134846167e-05 1.47435462890792e-05 1.55498828604073e-05 1.63619707946536e-05 1.71765842802249e-05 1.7990325413617e-05 1.87978581161503e-05
3.74524351001648e-07 4.3021184337746e-07 4.92801293263701e-07 5.62945069970215e-07 6.42752847913796e-07 7.32169199279524e-07 8.31698507765468e-07 9.42156947030457e-07 1.06438727933478e-06 1.19925554492022e-06 1.34764731798117e-06 1.51180062552339e-06 1.69317421939194e-06 1.89120994460817e-06 2.10680411327971e-06 2.34083273913194e-06 2.59414343114245e-06 2.8675468989285e-06 3.16220189631461e-06 3.48222990454505e-06 3.82468655354409e-06 4.19005036806014e-06 4.5786975862568e-06 4.99089198640694e-06 5.42677487733525e-06 5.88635528677583e-06 6.37266481112559e-06 6.88315537261206e-06 7.4160690554157e-06 7.97062755621318e-06 8.54587067826649e-06 9.14065267710027e-06 9.75363964530929e-06 1.03843102139742e-05 1.10309795386088e-05 1.16896590503655e-05 1.23581122194743e-05 1.30339362022151e-05 1.37145716457087e-05 1.43973138442936e-05 1.50793138221202e-05 1.57560957403342e-05
3.12986221478914e-07 3.59523400019741e-07 4.11828409896984e-07 4.70446421037653e-07 5.37140442583209e-07 6.11864150013704e-07 6.95039041498341e-07 7.87347170294432e-07 8.89492807393287e-07 1.0021996745064e-06 1.1262078148086e-06 1.26338747765712e-06 1.41495768104291e-06 1.58045196282296e-06 1.76061931606885e-06 1.9561917631451e-06 2.16787758025863e-06 2.39635419748032e-06 2.6425898776385e-06 2.91002866544983e-06 3.19620996111085e-06 3.50153352238479e-06 3.82631360800895e-06 4.17077047439009e-06 4.53502200916107e-06 4.91907553016061e-06 5.32546392319733e-06 5.75205759097336e-06 6.1973872304612e-06 6.66080205790066e-06 7.14149925284929e-06 7.63852090447668e-06 8.15075182661437e-06 8.67775544294209e-06 9.21812280371759e-06 9.76852073150068e-06 1.03270796168724e-05 1.08917908547724e-05 1.1460515045006e-05 1.20309913232575e-05 1.26008382494591e-05 1.31663130165771e-05
