resources/Exp000_Example-Run/Run01_M2/TimeSeries/1995/model/1995_model_prediction.asc
NCOLS 265 
NROWS 230 
XLLCORNER -115.5625 
YLLCORNER 24.8333333333333 
CELLSIZE 0.0833333333333333 
NODATA_value -9999 
[rows 200 to 219 of 230, columns 88 to 131 of 265]
0.00338558480143547 0.00275021605193615 0.00229474809020758 0.00190642161760479 0.00157695321831852 0.0012987864902243 0.00106506503652781 0.000869634153787047 0.000706998805981129 0.00123800861183554 0.00267043686471879 0.00545022683218122 0.0105199534446001 0.0191903505474329 0.0330559350550175 0.0537164434790611 0.0789017602801323 0.0982138216495514 0.118929222226143 0.140161782503128 0.160859912633896 0.179901212453842 0.196196839213371 0.208788856863976 0.22205938398838 0.233890101313591 0.242371335625648 0.247168749570847 0.248094215989113 0.245111361145973 0.238337114453316 0.230445757508278 0.228180319070816 0.22535765171051 0.221995949745178 0.218116864562035 0.213745191693306 0.208909124135971 0.203639715909958 0.199453860521317 0.195548474788666 0.191464871168137 0.187215894460678 0.182814657688141
0.00345957209356129 0.00278177135623991 0.00225376500748098 0.00181637308560312 0.00145617662928998 0.00116128392983228 0.000921257422305644 0.000727013451978564 0.000570722622796893 0.000935205316636711 0.00188673532102257 0.00364228338003159 0.00672637298703194 0.0118786934763193 0.0200502593070269 0.0323280058801174 0.0480846539139748 0.0623446218669415 0.0786629244685173 0.0966051742434502 0.115512005984783 0.134537264704704 0.152715384960175 0.1690474152565 0.188283070921898 0.206893652677536 0.222166880965233 0.233276918530464 0.239622205495834 0.240860253572464 0.236924484372139 0.230619817972183 0.229807153344154 0.228179216384888 0.225750714540482 0.222543627023697 0.218586966395378 0.213916599750519 0.208574876189232 0.204294219613075 0.20024411380291 0.195918321609497 0.191335782408714 0.186516284942627
0.00351989921182394 0.0027996189892292 0.00220299209468067 0.00172237807419151 0.00133798096794635 0.00103271706029773 0.000792000209912658 0.000603510357905179 0.00045694291475229 0.000699381926096976 0.00131493364460766 0.00238807103596628 0.00418875506147742 0.00709468731656671 0.0116006415337324 0.0183060858398676 0.0272378772497177 0.0367136299610138 0.0481874048709869 0.061587780714035 0.0766573175787926 0.0929396376013756 0.109793357551098 0.126433223485947 0.149039641022682 0.173030868172646 0.194668903946877 0.212448582053185 0.225105941295624 0.231736123561859 0.231865718960762 0.228116244077682 0.229207083582878 0.229202777147293 0.228103309869766 0.225922092795372 0.222685590386391 0.218433022499084 0.213216170668602 0.208953455090523 0.204829230904579 0.200303435325623 0.195402726531029 0.190155819058418
0.0035658054985106 0.0028034895658493 0.00214312900789082 0.00162550818640739 0.00122328219003975 0.000913408061023802 0.000676721276249737 0.000497466593515128 0.000362851569661871 0.000517782813403755 0.000904011016245931 0.00153627607505769 0.00254100724123418 0.00409021461382508 0.00640680128708482 0.00976405758410692 0.0143599361181259 0.0200769044458866 0.0273531600832939 0.0363120697438717 0.0469693504273891 0.0591991543769836 0.0727124586701393 0.0870541036128998 0.109777092933655 0.136447325348854 0.162728786468506 0.186452388763428 0.205525085330009 0.218214735388756 0.223358675837517 0.223008885979652 0.226394817233086 0.228407621383667 0.229015782475471 0.228209808468819 0.226002186536789 0.222427606582642 0.21754215657711 0.213416486978531 0.20929279923439 0.204612150788307 0.199410393834114 0.193727299571037
0.00361883477307856 0.00280628888867795 0.00208543613553047 0.00153525278437883 0.00111966347321868 0.000808960059657693 0.000579033337999135 0.000410603330237791 0.000288459850708023 0.00038695300463587 0.000633144343737513 0.00101380643900484 0.00158855027984828 0.00243570795282722 0.00365431001409888 0.00536431837826967 0.00773480162024498 0.0110274003818631 0.0153473615646362 0.0208494588732719 0.0276456922292709 0.0357780829071999 0.0451928488910198 0.0557206347584724 0.0754817053675652 0.101319871842861 0.129202038049698 0.156718820333481 0.181114718317986 0.199758499860764 0.210574448108673 0.21446518599987 0.220293909311295 0.224586874246597 0.227263361215591 0.228273540735245 0.227598160505295 0.225250020623207 0.221273183822632 0.217699706554413 0.213923335075378 0.209418877959251 0.204228684306145 0.198401674628258
0.00368324434384704 0.00281181838363409 0.00203230744227767 0.00145273108500987 0.00102703296579421 0.000718114722985774 0.000496616994496435 0.00033968169009313 0.000229798955842853 0.00029223583987914 0.000452664447948337 0.00068888976238668 0.00103002565447241 0.00151308695785701 0.00218366226181388 0.00309601565822959 0.00436281273141503 0.00624023703858256 0.00873556826263666 0.0119676953181624 0.0160447675734758 0.0210494268685579 0.0270220991224051 0.033944595605135 0.0494260899722576 0.0719959661364555 0.098701611161232 0.127476155757904 0.155350878834724 0.178994491696358 0.195373117923737 0.203803360462189 0.211941912770271 0.218517050147057 0.223389178514481 0.226455360651016 0.227650329470634 0.22694905102253 0.224366173148155 0.221736386418343 0.218655079603195 0.214668184518814 0.209819853305817 0.204163730144501
0.00373796257190406 0.00280831288546324 0.00197433261200786 0.00137017166707665 0.000938689860049635 0.000634852331131697 0.000423869438236579 0.000279387662885711 0.000181803552550264 0.000218820146983489 0.000320121849654242 0.000461651827208698 0.000656269083265215 0.000919633253943175 0.00127030396834016 0.00172964413650334 0.00237023155204952 0.00339746451936662 0.00477690529078245 0.00658789929002523 0.00891124922782183 0.0118223708122969 0.0153826251626015 0.0196293499320745 0.0308832749724388 0.0491983480751514 0.0730550661683083 0.10116782784462 0.130828365683556 0.158314183354378 0.17969536781311 0.192529737949371 0.202894240617752 0.211725100874901 0.218812808394432 0.22398866713047 0.227129459381104 0.22816076874733 0.227057978510857 0.225461453199387 0.223154738545418 0.219747349619865 0.215283021330833 0.209819376468658
0.0037825251929462 0.00279581733047962 0.00191200687550008 0.00128809991292655 0.000854875252116472 0.000558935862500221 0.000360026548150927 0.000228469638386741 0.000142838995088823 0.00016245007282123 0.000223935567191802 0.000305109075270593 0.000410879758419469 0.00054689246462658 0.000719471252523363 0.000935510499402881 0.00124060688540339 0.0017803031951189 0.00251080957241356 0.00348002719692886 0.00474011758342385 0.00634485576301813 0.0083458200097084 0.0107874777168036 0.0184306837618351 0.0323479175567627 0.052396759390831 0.0783247426152229 0.108144477009773 0.138177961111069 0.163813441991806 0.180790036916733 0.193254366517067 0.204279169440269 0.213573843240738 0.220891758799553 0.226038917899132 0.228878498077393 0.229335233569145 0.228859677910805 0.227406486868858 0.224640652537346 0.220602825284004 0.215353175997734
0.00381655269302428 0.00277444091625512 0.00184585247188807 0.00120700057595968 0.000775755499489605 0.000490074919071048 0.000304319808492437 0.000185752913239412 0.000111450885015074 0.000119573182018939 0.000154953813762404 0.000198873356566764 0.000252787576755509 0.000318229867843911 0.000396763090975583 0.000489920959807932 0.000625711982138455 0.000898103055078536 0.00126893888227642 0.00176486989948899 0.00241620955057442 0.00325611862353981 0.0043191690929234 0.00563934724777937 0.0105146458372474 0.0204771682620049 0.0364267192780972 0.0591571405529976 0.087731271982193 0.118990190327168 0.147991552948952 0.168733075261116 0.183131635189056 0.196253329515457 0.207717537879944 0.217188000679016 0.224385678768158 0.229098305106163 0.231187015771866 0.231916978955269 0.231395527720451 0.229333028197289 0.225764274597168 0.220749646425247
0.00383975217118859 0.00274439877830446 0.00177640782203525 0.00112732744310051 0.000701436656527221 0.000427931605372578 0.000255987251875922 0.000150151463458315 8.63596651470289e-05 8.72625314514153e-05 0.000106060339021496 0.000127844148664735 0.000152830863953568 0.000181194554897957 0.000213050268939696 0.000248439668212086 0.000304129411233589 0.000436234433436766 0.000616770295891911 0.000859538617078215 0.00118070829194039 0.00159864127635956 0.00213346467353404 0.00280635617673397 0.005738640204072 0.0124881369993091 0.0245569031685591 0.0435942001640797 0.0698436424136162 0.101082071661949 0.1324772387743 0.156507670879364 0.172639548778534 0.187727272510529 0.201294660568237 0.212904721498489 0.222180336713791 0.228818997740746 0.232604488730431 0.234620690345764 0.235107749700546 0.23381008207798 0.230752497911453 0.225993692874908
0.00444474862888455 0.00313709396868944 0.00200246018357575 0.0012511198874563 0.000765168399084359 0.000458098686067387 0.000268483418039978 0.000154042383655906 8.65238180267625e-05 8.25562456157058e-05 9.38195880735293e-05 0.000105864812212531 0.000118610769277439 0.000131950218928978 0.000145750935189426 0.000159855379024521 0.000186114964890294 0.000261947890976444 0.000363902683602646 0.000498989422339946 0.00067535403650254 0.00090220250422135 0.00118961464613676 0.00154823204502463 0.00336946966126561 0.007952562533319 0.0168618895113468 0.0320844426751137 0.0547468326985836 0.0837994441390038 0.115283936262131 0.141195058822632 0.158617049455643 0.175431162118912 0.191089734435081 0.205065250396729 0.216878265142441 0.22611990571022 0.232470169663429 0.236053645610809 0.237682089209557 0.23737034201622 0.23512490093708 0.230991899967194
0.00589391868561506 0.00412859302014112 0.00263485033065081 0.00164480332750827 0.00100440916139632 0.000600024941377342 0.000350678630638868 0.00020051293540746 0.000112169902422465 0.000101554971479345 0.000107873100205325 0.000113896458060481 0.000119534430268686 0.000124698446597904 0.000129304738948122 0.000133276480482891 0.000146813545143232 0.00019911838171538 0.00026694088592194 0.000353734008967876 0.000463335425592959 0.000599888619035482 0.000767715973779559 0.00097114680102095 0.00217453902587295 0.00537673057988286 0.0119368992745876 0.0237712468951941 0.0424243696033955 0.0678450092673302 0.0973389148712158 0.123475462198257 0.141530990600586 0.159578904509544 0.177049398422241 0.193359285593033 0.207944750785828 0.220292180776596 0.229963198304176 0.235347419977188 0.238223269581795 0.239110112190247 0.237989097833633 0.234884083271027
0.00774745736271143 0.00538913439959288 0.0034401232842356 0.00214645639061928 0.0013092034496367 0.000780658738221973 0.000455100554972887 0.000259395077591762 0.000144555568112992 0.000124356403830461 0.00012362988491077 0.000122241035569459 0.000120211851026397 0.000117575167678297 0.000114372167445254 0.00011065279977629 0.000115172908408567 0.000150432315422222 0.000194448279216886 0.000248735683271661 0.000314878299832344 0.00039447337621823 0.000489060301333666 0.000600034720264375 0.00138229283038527 0.00358276604674757 0.00833250768482685 0.0173732675611973 0.0324433967471123 0.0542373694479465 0.0812205374240875 0.106812581419945 0.125016316771507 0.14380669593811 0.162625655531883 0.180862829089165 0.197891846299171 0.213107511401176 0.225959211587906 0.233132302761078 0.237278297543526 0.239397823810577 0.239444777369499 0.237418338656425
0.0100946547463536 0.00697692204266787 0.00445665558800101 0.00278046657331288 0.00169451045803726 0.00100886088330299 0.000586825131904334 0.000333501491695642 0.000185187062015757 0.000151583284605294 0.000141229771543294 0.000130879576317966 0.000120638731459621 0.000110604509245604 0.000100862322142348 9.14861084311269e-05 8.985312160803e-05 0.000112955007352866 0.000140654316055588 0.000173491032910533 0.000211971171665937 0.000256538187386468 0.000307540030917153 0.000365197367500514 0.000865539535880089 0.00235318718478084 0.00573626672849059 0.0125276520848274 0.0244891885668039 0.0428192317485809 0.0669756829738617 0.0913935229182243 0.109307050704956 0.128368720412254 0.148066580295563 0.167796432971954 0.186896592378616 0.204690232872963 0.220525607466698 0.229444146156311 0.234861806035042 0.238229304552078 0.239470273256302 0.238557040691376
0.0130370361730456 0.0089582484215498 0.0057286536321044 0.00357515062205493 0.00217780121602118 0.00129502778872848 0.000751819286961108 0.000426137441536412 0.000235832572798245 0.000183928976184689 0.000160812618560158 0.000139789248351008 0.000120812641398516 0.000103808830317575 8.86829220689833e-05 7.53233980503865e-05 6.97134746587835e-05 8.42953886603937e-05 0.000101033241662662 0.000120031640108209 0.000141351585625671 0.000164997356478125 0.000190909006050788 0.000218951681745239 0.000533885031472892 0.00152358924970031 0.00389500823803246 0.00891436450183392 0.01824901252985 0.0333886966109276 0.0545836836099625 0.0773471221327782 0.0945935174822807 0.113492250442505 0.133610472083092 0.154384613037109 0.175150886178017 0.195185825228691 0.21375398337841 0.224342882633209 0.231011867523193 0.235622093081474 0.238065078854561 0.238283142447472
0.0166876390576363 0.0114072188735008 0.00730622047558427 0.00456293486058712 0.00277923094108701 0.00165120197925717 0.000957016658503562 0.000541147484909743 0.000298547354759648 0.000222159695113078 0.000182518197107129 0.000148944542161189 0.000120732038340066 9.72071793512441e-05 7.77416935306974e-05 6.17572368355468e-05 5.37897867616266e-05 6.25227694399655e-05 7.20669559086673e-05 8.23750233394094e-05 9.33719638851471e-05 0.000104953731351998 0.00011698788148351 0.000129313615616411 0.000324411579640582 0.000972477253526449 0.00260890321806073 0.0062604583799839 0.013427373021841 0.0257182884961367 0.0439677871763706 0.0647447928786278 0.0810185372829437 0.0993714928627014 0.119478076696396 0.140850141644478 0.16285602748394 0.184757709503174 0.205758899450302 0.217911541461945 0.225788787007332 0.231616452336311 0.235250279307365 0.236600741744041
0.0220951717346907 0.0149424327537417 0.00957139115780592 0.00597289996221662 0.00363218248821795 0.0021528322249651 0.00124387501273304 0.000700668490026146 0.000384810846298933 0.000274350313702598 0.000213030580198392 0.000164123310241848 0.000125455422676168 9.51483743847348e-05 7.15988135198131e-05 5.34566352143884e-05 4.40435251221061e-05 4.95238273288123e-05 5.52284000150394e-05 6.10838396823965e-05 6.70046792947687e-05 7.28952800272964e-05 7.86518139648251e-05 8.41654327814467e-05 0.000214588653761894 0.000664606224745512 0.00184286956209689 0.00457316776737571 0.0101495618000627 0.0201294682919979 0.0356526598334312 0.0542305260896683 0.0694037228822708 0.0869872197508812 0.106777869164944 0.128387600183487 0.151248335838318 0.174638986587524 0.19773106276989 0.211091458797455 0.219828695058823 0.226560175418854 0.231113895773888 0.233373716473579
0.0302426032721996 0.0201445259153843 0.0128887975588441 0.00802616216242313 0.00486631784588099 0.00287348218262196 0.00165280362125486 0.000926186563447118 0.00050568615552038 0.000346752407494932 0.00025589409051463 0.00018714640464168 0.00013563824177254 9.7423697297927e-05 6.93473848514259e-05 4.89189333165996e-05 3.83380065613892e-05 4.196876034257e-05 4.5563905587187e-05 4.90584570798092e-05 5.23847775184549e-05 5.54746693524066e-05 5.82616012252402e-05 6.06831890763715e-05 0.000155363231897354 0.000488949590362608 0.00138005800545216 0.0034922210033983 0.00791841000318527 0.0160763897001743 0.0292052142322063 0.0455842390656471 0.0596374832093716 0.0763501673936844 0.095647819340229 0.117258600890636 0.14070188999176 0.165300905704498 0.190220892429352 0.204453945159912 0.213698208332062 0.221005797386169 0.226186349987984 0.229105204343796
0.040980339050293 0.0269453953951597 0.0172349400818348 0.0107175353914499 0.00648261047899723 0.00381537550128996 0.00218561221845448 0.00121882127132267 0.000661751779261976 0.000436867179814726 0.000306699745124206 0.000213060091482475 0.000146459671668708 9.96237431536429e-05 6.70560330036096e-05 4.46625854237936e-05 3.32660565618426e-05 3.54345611413009e-05 3.7429177609738e-05 3.92058100260329e-05 4.07238039770164e-05 4.19472526118625e-05 4.2846590076806e-05 4.33997229265515e-05 0.000111620560346637 0.000357196462573484 0.00102669943589717 0.00264995568431914 0.00613893568515778 0.0127563355490565 0.0237600244581699 0.0380465090274811 0.0509155988693237 0.066621758043766 0.0852251648902893 0.106586523354053 0.130336835980415 0.155872151255608 0.182378679513931 0.197376146912575 0.207056894898415 0.214875116944313 0.220623031258583 0.22414818406105
0.054954506456852 0.0357525236904621 0.0228825360536575 0.0142202470451593 0.00858607050031424 0.00503942836076021 0.00287623889744282 0.00159674510359764 0.000862357090227306 0.000548649055417627 0.000366774911526591 0.000242176553001627 0.000157941642100923 0.00010174086492043 6.47335255052894e-05 4.06819490308408e-05 2.87738075712696e-05 2.98069553537061e-05 3.06147630908526e-05 3.11772455461323e-05 3.14801254717167e-05 3.15157485601958e-05 3.12832380586769e-05 3.07884984067641e-05 7.95786909293383e-05 0.000259115768130869 0.000758820213377476 0.0019981989171356 0.00472966721281409 0.0100570321083069 0.0191990733146667 0.0315331853926182 0.0431910939514637 0.0577938593924046 0.0755368247628212 0.0964244082570076 0.120220273733139 0.146421104669571 0.174263194203377 0.189911693334579 0.199956029653549 0.208216547966003 0.214469134807587 0.218543916940689
