resources/Exp000_Example-Run/Run01_M2/TimeSeries/1995/model/1995_model_prediction.asc
NCOLS 265 
NROWS 230 
XLLCORNER -115.5625 
YLLCORNER 24.8333333333333 
CELLSIZE 0.0833333333333333 
NODATA_value -9999 
[rows 100 to 119 of 230, columns 132 to 175 of 265]
0.738347113132477 0.750711500644684 0.7571662068367 0.765197217464447 0.771206498146057 0.775239288806915 0.777328133583069 0.777490675449371 0.775728523731232 0.772026538848877 0.767210602760315 0.759864449501038 0.749511897563934 0.736058950424194 0.71940940618515 0.699482202529907 0.676232039928436 0.661414682865143 0.679815053939819 0.696942210197449 0.712779641151428 0.727324306964874 0.740584790706635 0.752578735351562 0.763330817222595 0.769808769226074 0.774830996990204 0.779531359672546 0.783914983272552 0.787986516952515 0.791751086711884 0.795213282108307 0.79813951253891 0.800192892551422 0.802171409130096 0.804075717926025 0.805906534194946 0.807664513587952 0.809350311756134 0.810964345932007 0.812146663665771 0.813027799129486 0.813713431358337 0.814204335212708
0.751828849315643 0.761898338794708 0.766557931900024 0.774303317070007 0.779809296131134 0.783127129077911 0.78428989648819 0.783309280872345 0.780175268650055 0.774856746196747 0.768079042434692 0.757814168930054 0.743461072444916 0.724863409996033 0.701882600784302 0.674440026283264 0.64256352186203 0.622289001941681 0.647055447101593 0.670146524906158 0.691486716270447 0.711033761501312 0.728773951530457 0.744717717170715 0.758894860744476 0.76757287979126 0.774351179599762 0.780647873878479 0.786472141742706 0.791833162307739 0.796740353107452 0.801203012466431 0.80481743812561 0.806962490081787 0.808996379375458 0.810920357704163 0.812735497951508 0.814442932605743 0.816043734550476 0.817538797855377 0.818552255630493 0.819175720214844 0.819513201713562 0.819565236568451
0.762114346027374 0.770075023174286 0.773374319076538 0.780498802661896 0.785412788391113 0.788164734840393 0.788783431053162 0.7872753739357 0.783624649047852 0.777793943881989 0.770309150218964 0.759385466575623 0.744499266147614 0.725495100021362 0.702239632606506 0.674661576747894 0.642795264720917 0.622926712036133 0.648791909217834 0.672800183296204 0.694868981838226 0.714954972267151 0.733048677444458 0.749168634414673 0.763354480266571 0.771942853927612 0.778642117977142 0.784871757030487 0.790640830993652 0.795958757400513 0.800834834575653 0.805278539657593 0.808938503265381 0.81127256155014 0.813467502593994 0.815524935722351 0.81744647026062 0.81923371553421 0.820887982845306 0.822410821914673 0.823280334472656 0.82371461391449 0.823870062828064 0.823747038841248
0.769662201404572 0.775866329669952 0.778252899646759 0.784274816513062 0.788372576236725 0.790583252906799 0.790927648544312 0.789409041404724 0.786012887954712 0.780708193778992 0.77410078048706 0.765183925628662 0.753583133220673 0.739205598831177 0.721962988376617 0.70178633928299 0.678642332553864 0.664898633956909 0.686015665531158 0.705357253551483 0.722907721996307 0.738674759864807 0.752684772014618 0.764977514743805 0.775601387023926 0.781903982162476 0.786848545074463 0.791503489017487 0.795873522758484 0.799963533878326 0.803778290748596 0.807322442531586 0.810473203659058 0.813043355941772 0.815456390380859 0.81771445274353 0.819819629192352 0.821773648262024 0.823578536510468 0.825235903263092 0.826122045516968 0.82662045955658 0.826935589313507 0.827067732810974
0.775864541530609 0.780337572097778 0.781779229640961 0.786916613578796 0.790371000766754 0.792170584201813 0.79233056306839 0.790852189064026 0.787723124027252 0.782917439937592 0.777374625205994 0.770512223243713 0.761976838111877 0.751720905303955 0.739696264266968 0.725858390331268 0.710171282291412 0.701578795909882 0.718171775341034 0.733156442642212 0.746552765369415 0.758391976356506 0.76871258020401 0.777557075023651 0.784968733787537 0.789422154426575 0.793041884899139 0.796503961086273 0.799810528755188 0.802963614463806 0.805965185165405 0.808817327022552 0.811581492424011 0.814352691173553 0.816939115524292 0.819343566894531 0.821568548679352 0.82361650466919 0.825489819049835 0.827190637588501 0.828219830989838 0.828957080841064 0.829576373100281 0.830078303813934
0.780752658843994 0.78351366519928 0.783974230289459 0.788438498973846 0.791417598724365 0.792933464050293 0.792997419834137 0.791610062122345 0.788760781288147 0.784428775310516 0.780137598514557 0.775377810001373 0.769692242145538 0.76306140422821 0.755464792251587 0.746881425380707 0.73729145526886 0.732762694358826 0.745211243629456 0.75625342130661 0.765921890735626 0.7742520570755 0.781279981136322 0.787039875984192 0.791563093662262 0.79457676410675 0.79727965593338 0.79991340637207 0.802478432655334 0.80497545003891 0.807405054569244 0.80976802110672 0.81226634979248 0.815204381942749 0.817920565605164 0.820418238639832 0.82270073890686 0.824771165847778 0.826632380485535 0.8282870054245 0.829584956169128 0.830733895301819 0.831800282001495 0.83278489112854
0.784353137016296 0.785413086414337 0.784851670265198 0.788848876953125 0.791517496109009 0.792875111103058 0.792930841445923 0.791685223579407 0.789129614830017 0.785247147083282 0.782395720481873 0.779788374900818 0.776742696762085 0.773253202438354 0.769313514232635 0.764917433261871 0.760058045387268 0.75848925113678 0.76725560426712 0.774814009666443 0.781194925308228 0.78642725944519 0.790536761283875 0.793544948101044 0.795468509197235 0.797427654266357 0.799604535102844 0.801760613918304 0.803895950317383 0.806010544300079 0.808104455471039 0.810177743434906 0.812529563903809 0.815601170063019 0.818404018878937 0.820942640304565 0.823221147060394 0.825243294239044 0.827012598514557 0.828532159328461 0.830224931240082 0.831958413124084 0.833614110946655 0.835193037986755
0.786686837673187 0.786047399044037 0.784416794776917 0.788150072097778 0.790671169757843 0.791995286941528 0.792130589485168 0.79107791185379 0.788830697536469 0.785375416278839 0.784153997898102 0.783751368522644 0.78314220905304 0.782325744628906 0.781301379203796 0.780067920684814 0.778624355792999 0.778959810733795 0.784527540206909 0.789057612419128 0.792571187019348 0.795085549354553 0.79661375284195 0.797163665294647 0.796738386154175 0.79800933599472 0.800040483474731 0.802061855792999 0.80407327413559 0.806074857711792 0.808066487312317 0.810047924518585 0.812371850013733 0.815544068813324 0.81839120388031 0.820918798446655 0.823131918907166 0.825035154819489 0.826632618904114 0.827927649021149 0.83014327287674 0.832635641098022 0.835023403167725 0.837308168411255
0.787770390510559 0.78636622428894 0.784398913383484 0.787985742092133 0.790448188781738 0.79179984331131 0.792048335075378 0.791195213794708 0.789235472679138 0.78615814447403 0.786353707313538 0.787694871425629 0.788830816745758 0.789762616157532 0.790491223335266 0.791017353534698 0.791341662406921 0.79236513376236 0.795476973056793 0.797737658023834 0.799157440662384 0.799742996692657 0.799496948719025 0.79841810464859 0.796501517295837 0.797550320625305 0.799740374088287 0.801904320716858 0.804042279720306 0.806154370307922 0.808240592479706 0.810301184654236 0.812666773796082 0.815829336643219 0.818699061870575 0.821280896663666 0.823579430580139 0.825598895549774 0.827343165874481 0.828815639019012 0.831485688686371 0.834477066993713 0.837317526340485 0.840009868144989
0.7881019115448 0.787025988101959 0.785584986209869 0.789073169231415 0.791496276855469 0.792867183685303 0.793193280696869 0.79247635602951 0.790712535381317 0.787892282009125 0.789024412631989 0.791433274745941 0.793544769287109 0.795361876487732 0.796887457370758 0.798123717308044 0.799072623252869 0.800051987171173 0.801453948020935 0.80218893289566 0.802259802818298 0.801666796207428 0.800407707691193 0.798477590084076 0.795869469642639 0.796989977359772 0.799453020095825 0.801867306232452 0.804233253002167 0.806551098823547 0.808821320533752 0.811044216156006 0.813491702079773 0.816617548465729 0.819555997848511 0.822309851646423 0.82488226890564 0.827275991439819 0.829493701457977 0.831538021564484 0.834416091442108 0.837426841259003 0.840234398841858 0.842842698097229
0.787844121456146 0.787300944328308 0.78650826215744 0.790005564689636 0.79245913028717 0.793881833553314 0.794281303882599 0.793659746646881 0.792013823986053 0.7893345952034 0.791242778301239 0.794492363929749 0.797285556793213 0.799628734588623 0.801527500152588 0.8029865026474 0.804009318351746 0.804609656333923 0.804743528366089 0.8043372631073 0.803389489650726 0.801897287368774 0.799855887889862 0.797259032726288 0.79409909248352 0.795418918132782 0.798279583454132 0.801059782505035 0.803760349750519 0.80638188123703 0.808925271034241 0.811391294002533 0.813999950885773 0.817166864871979 0.820221781730652 0.823166191577911 0.826001763343811 0.828729808330536 0.831352114677429 0.833870112895966 0.836852133274078 0.839768886566162 0.842414915561676 0.844795644283295
0.786996245384216 0.787191689014435 0.787169814109802 0.790783584117889 0.793337106704712 0.794844090938568 0.795312881469727 0.794746041297913 0.793140411376953 0.790487170219421 0.79301381111145 0.796882450580597 0.800071477890015 0.8025923371315 0.804454207420349 0.8056640625 0.806226551532745 0.806116938591003 0.805395841598511 0.80421108007431 0.802559554576874 0.800436675548553 0.79783695936203 0.794753730297089 0.791179478168488 0.792828500270844 0.796214401721954 0.79947829246521 0.80262166261673 0.805646002292633 0.80855268239975 0.811343312263489 0.814192712306976 0.81747829914093 0.820697486400604 0.823850989341736 0.826939284801483 0.829962909221649 0.832922458648682 0.835818529129028 0.838802933692932 0.841514468193054 0.843872427940369 0.845883429050446
0.78555566072464 0.786697924137115 0.787570595741272 0.791407823562622 0.794130563735962 0.795754194259644 0.796288132667542 0.795735657215118 0.794093370437622 0.791351795196533 0.794341504573822 0.798611760139465 0.80191695690155 0.804274082183838 0.80569589138031 0.806190133094788 0.805759608745575 0.804600715637207 0.803420782089233 0.801808714866638 0.799760341644287 0.797270894050598 0.794334471225739 0.790944516658783 0.78709352016449 0.789204955101013 0.793247222900391 0.797115802764893 0.800812840461731 0.804341018199921 0.807702600955963 0.810900032520294 0.814070224761963 0.817552089691162 0.820983707904816 0.824365079402924 0.827696144580841 0.830977141857147 0.834208071231842 0.837389171123505 0.840276181697845 0.842672407627106 0.844616115093231 0.846114575862885
0.783518373966217 0.785818755626678 0.787711083889008 0.791878879070282 0.794839918613434 0.79661238193512 0.797207474708557 0.796629130840302 0.794873535633087 0.791929543018341 0.795228898525238 0.799686670303345 0.802831530570984 0.804686307907104 0.805264890193939 0.804571509361267 0.802600979804993 0.800033986568451 0.798788070678711 0.797098398208618 0.794960737228394 0.79237025976181 0.789320945739746 0.785806000232697 0.781818211078644 0.784529805183411 0.789364337921143 0.793962240219116 0.798327088356018 0.80246251821518 0.806372404098511 0.810060441493988 0.813632249832153 0.817388594150543 0.82108074426651 0.824708938598633 0.828273296356201 0.831774175167084 0.83521181344986 0.838586628437042 0.841277539730072 0.84324836730957 0.844650506973267 0.84549081325531
0.782850921154022 0.7854443192482 0.787709534168243 0.792273283004761 0.795587182044983 0.797672212123871 0.798542141914368 0.798202753067017 0.796651780605316 0.793878972530365 0.797347068786621 0.801827907562256 0.804826974868774 0.806369483470917 0.806468486785889 0.805125117301941 0.802327632904053 0.799115657806396 0.798257052898407 0.79695588350296 0.795208990573883 0.793012320995331 0.790360808372498 0.787248432636261 0.783668518066406 0.786621630191803 0.791620135307312 0.796358525753021 0.800841152667999 0.805072247982025 0.809056341648102 0.812797725200653 0.816361010074615 0.819969773292542 0.823504269123077 0.826965034008026 0.830352783203125 0.833667874336243 0.836911201477051 0.840083360671997 0.842558264732361 0.844272017478943 0.84537273645401 0.845866322517395
0.783893465995789 0.785729289054871 0.787575960159302 0.792510211467743 0.796224594116211 0.798742175102234 0.800078928470612 0.80024379491806 0.799237668514252 0.797054052352905 0.800649702548981 0.805141568183899 0.808205604553223 0.80986738204956 0.810141086578369 0.809029042720795 0.806521713733673 0.803689897060394 0.803346574306488 0.802602648735046 0.801456451416016 0.799905240535736 0.797945618629456 0.795573174953461 0.792782783508301 0.795557856559753 0.800062119960785 0.804325461387634 0.808352112770081 0.812146186828613 0.815711677074432 0.819052755832672 0.822179138660431 0.825201988220215 0.828162968158722 0.83106255531311 0.833901524543762 0.836680233478546 0.839399456977844 0.842059671878815 0.844384968280792 0.846100926399231 0.847241818904877 0.847813665866852
0.784788727760315 0.785834014415741 0.7871955037117 0.792486429214478 0.796581923961639 0.799506425857544 0.801278173923492 0.801908612251282 0.801401913166046 0.799754738807678 0.803459048271179 0.80795294046402 0.811069190502167 0.812833487987518 0.813260793685913 0.812354743480682 0.81010764837265 0.807623445987701 0.807763814926147 0.807539224624634 0.806949198246002 0.805992305278778 0.804666519165039 0.802968919277191 0.800895929336548 0.803551971912384 0.80765962600708 0.811538219451904 0.815191745758057 0.818624258041382 0.821839690208435 0.824841797351837 0.827587366104126 0.83007949590683 0.832517147064209 0.834900856018066 0.837231278419495 0.839508891105652 0.841734230518341 0.84390789270401 0.846099972724915 0.847828567028046 0.849015653133392 0.849667191505432
0.785537302494049 0.78575849533081 0.786567687988281 0.792201995849609 0.796659588813782 0.799966216087341 0.802142024040222 0.803200840950012 0.803149461746216 0.801987528800964 0.805782556533813 0.810269951820374 0.81342613697052 0.815276920795441 0.815837681293488 0.815113306045532 0.813097596168518 0.810929775238037 0.811524391174316 0.811783373355865 0.811707437038422 0.811296343803406 0.810549259185791 0.809464633464813 0.808040022850037 0.810634255409241 0.814439535140991 0.818020284175873 0.82138055562973 0.824524343013763 0.827455580234528 0.830177962779999 0.832596778869629 0.834611475467682 0.83657431602478 0.838485777378082 0.840346574783325 0.842157125473022 0.843918085098267 0.845629870891571 0.847704887390137 0.849456369876862 0.850695610046387 0.851428270339966
0.786139726638794 0.785502672195435 0.785691797733307 0.79165655374527 0.796457707881927 0.800122320652008 0.802672207355499 0.804123163223267 0.804484486579895 0.803758323192596 0.807626664638519 0.81209933757782 0.815283834934235 0.817205548286438 0.817880511283875 0.817314267158508 0.815502047538757 0.813620865345001 0.814642071723938 0.81535130739212 0.815750002861023 0.815839052200317 0.815618634223938 0.815088272094727 0.814246773719788 0.816834628582001 0.820428311824799 0.823795020580292 0.82693886756897 0.829864084720612 0.832574605941772 0.835074305534363 0.837218463420868 0.838806927204132 0.840341627597809 0.841823101043701 0.843251824378967 0.8446284532547 0.845953464508057 0.847227334976196 0.849201083183289 0.850985705852509 0.852282822132111 0.853098213672638
0.786596357822418 0.785066306591034 0.784566760063171 0.790849268436432 0.795976042747498 0.799975097179413 0.80286967754364 0.804677546024323 0.805409967899323 0.805071592330933 0.808996498584747 0.813446581363678 0.816648006439209 0.818625867366791 0.819396257400513 0.818965375423431 0.817329823970795 0.815706670284271 0.817128956317902 0.818257212638855 0.819093704223633 0.819640100002289 0.819897413253784 0.819866180419922 0.819546401500702 0.822181582450867 0.825651466846466 0.828884899616241 0.831886470317841 0.834660708904266 0.837211668491364 0.839543521404266 0.841463148593903 0.842674732208252 0.843826293945312 0.844918310642242 0.84595137834549 0.846926033496857 0.847842752933502 0.848701894283295 0.8505899310112 0.852417826652527 0.853778600692749 0.854678332805634
