resources/Exp000_Example-Run/Run01_M2/TimeSeries/1995/model/1995_biasfile.asc
NCOLS 265 
NROWS 230 
XLLCORNER -115.5625 
YLLCORNER 24.8333333333333 
CELLSIZE 0.0833333333333333 
NODATA_value -9999 
[rows 0 to 17 of 230, columns 42 to 83 of 265]
1.74849959434021e-06 1.67664634120279e-06 1.60395080792414e-06 1.53084543096459e-06 1.45776046040929e-06 1.38512301642114e-06 1.31353271635015e-06 1.24348377424906e-06 1.17533094853076e-06 1.10948998230365e-06 1.04637982925354e-06 9.86425879935912e-07 9.30063739157463e-07 8.77997461503513e-07 8.31214661995231e-07 7.89708183434829e-07 7.54055089633152e-07 7.24887717394664e-07 7.02903766950869e-07 6.88877131201778e-07 6.83669468722935e-07 6.90230665941166e-07 7.08394266142495e-07 7.39385136156294e-07 7.84730202436725e-07 8.46146503176604e-07 9.25559755438807e-07 1.02512351236891e-06 1.15004082955246e-06 1.30345583111097e-06 1.48678700690799e-06 1.70363923085218e-06 1.95798383497511e-06 2.25417877928841e-06 2.59698815937525e-06 2.99390192850492e-06 3.45877062339087e-06 3.99042411420176e-06 4.59587047762033e-06 5.28260969576598e-06 6.0586346383567e-06 6.9324285267908e-06
2.07356537341396e-06 1.98828957043653e-06 1.90199994209223e-06 1.81520594960265e-06 1.72841379022429e-06 1.64212517216231e-06 1.55704022233365e-06 1.47373725120512e-06 1.39262977893975e-06 1.31419970625771e-06 1.23893074399994e-06 1.167311954401e-06 1.0998419183179e-06 1.0373256461588e-06 9.80887978002609e-07 9.30505811364711e-07 8.86826084955099e-07 8.50555492359743e-07 8.22471761263749e-07 8.03435758744752e-07 7.9440442770075e-07 7.98688083761575e-07 8.16064514184141e-07 8.47886911259988e-07 8.95845759492854e-07 9.61841895462769e-07 1.04800721292015e-06 1.15672601967774e-06 1.29378528524887e-06 1.462661163402e-06 1.66490665244177e-06 1.90451594736247e-06 2.18588999707433e-06 2.51385893798226e-06 2.89370378744014e-06 3.3337359615704e-06 3.84933369642295e-06 4.4391729082411e-06 5.11102621274502e-06 5.87321245867148e-06 6.73459783158177e-06 7.7045930536007e-06
2.45157689309042e-06 2.35068575673696e-06 2.24857962154971e-06 2.14585712378522e-06 2.04311230318596e-06 1.94093303789514e-06 1.84013505288765e-06 1.74139352968452e-06 1.64518946627884e-06 1.55208038098074e-06 1.46262373669116e-06 1.37738081462732e-06 1.29692129778874e-06 1.22216405747549e-06 1.15438802456965e-06 1.09354980535433e-06 1.04037316022073e-06 9.95646128373304e-07 9.60233607839271e-07 9.35090857067366e-07 9.21277923206859e-07 9.22501982427981e-07 9.3847301119943e-07 9.7068162990599e-07 1.02099423987027e-06 1.09150933701424e-06 1.18458054683338e-06 1.30284037719321e-06 1.45270931792217e-06 1.63801963676639e-06 1.86046537577973e-06 2.12446009590284e-06 2.43486765988356e-06 2.79702712068976e-06 3.21677678450909e-06 3.70331547714053e-06 4.27367352208466e-06 4.92635525670748e-06 5.66995833008256e-06 6.51368537073758e-06 7.46734522186351e-06 8.54134985523726e-06
2.89074877436225e-06 2.77170898118624e-06 2.6512186492024e-06 2.52997958710672e-06 2.40868737215498e-06 2.28802937629004e-06 2.16895423005631e-06 2.05224865095704e-06 1.93847109755211e-06 1.82826550403959e-06 1.72227332285591e-06 1.62113774766028e-06 1.525508739819e-06 1.4364335905675e-06 1.35536426344214e-06 1.2822318747318e-06 1.21784459093336e-06 1.1630793612999e-06 1.11889591987017e-06 1.08635181355061e-06 1.06661846126505e-06 1.06383977602278e-06 1.07764369436236e-06 1.10966760451781e-06 1.16196667900347e-06 1.23685148374263e-06 1.33691354900317e-06 1.46505172857711e-06 1.62837280897056e-06 1.83109000193489e-06 2.07504440431928e-06 2.36510032276569e-06 2.70661933945164e-06 3.1054878582275e-06 3.56814373197157e-06 4.10474260855877e-06 4.73409817838583e-06 5.45452356362134e-06 6.27550493070751e-06 7.20719683156816e-06 8.26042358000187e-06 9.44667585661398e-06
3.40619757336604e-06 3.26584937844036e-06 3.12377207842994e-06 2.9807880647288e-06 2.8377114754868e-06 2.6953457255909e-06 2.55479378680754e-06 2.41697208807797e-06 2.28252889180873e-06 2.152207854869e-06 2.02674699722019e-06 1.90688329091528e-06 1.79335815839142e-06 1.6873650364627e-06 1.5905518742128e-06 1.50281759039813e-06 1.42506366943867e-06 1.35826477217293e-06 1.30348430097782e-06 1.26189110582016e-06 1.23477733603937e-06 1.22677063112112e-06 1.23739876042361e-06 1.2684560660758e-06 1.32220075439626e-06 1.40117144216602e-06 1.50821550111572e-06 1.64651826584005e-06 1.82393301068172e-06 2.04508113649467e-06 2.31195637599088e-06 2.62990877800106e-06 3.00483650145364e-06 3.44321625000737e-06 3.95213268507376e-06 4.54277642645781e-06 5.23589282085498e-06 6.02958018066524e-06 6.93428440418412e-06 7.96118843838699e-06 9.12221380675989e-06 1.04300168782616e-05
4.00084862010298e-06 3.83591097930522e-06 3.66892084615628e-06 3.50083922918012e-06 3.33261645094952e-06 3.16518908973185e-06 2.99983657761523e-06 2.83762381994151e-06 2.6793015986417e-06 2.52572695973551e-06 2.37774737276283e-06 2.23620569922954e-06 2.10194618825259e-06 1.97632642217621e-06 1.86121353873882e-06 1.7564670814182e-06 1.66309059077806e-06 1.58216498246528e-06 1.51486581235176e-06 1.46248180760653e-06 1.42643466812494e-06 1.41188197034199e-06 1.41823213136402e-06 1.447445645433e-06 1.5019968948912e-06 1.58466726376273e-06 1.69857648417834e-06 1.8472149256744e-06 2.03923954541487e-06 2.27970471389474e-06 2.57076078684344e-06 2.91827599163182e-06 3.32872112092429e-06 3.80920307440996e-06 4.3674972668536e-06 5.01590250042144e-06 5.77723520196688e-06 6.64935521371077e-06 7.6437346047777e-06 8.77265609203432e-06 1.00492147280725e-05 1.1487313807895e-05
4.68472252010234e-06 4.49149932614365e-06 4.29584963670968e-06 4.09889335285521e-06 3.90173678537307e-06 3.70546890284192e-06 3.51157038624521e-06 3.3212756542092e-06 3.13545223633744e-06 2.9550858208876e-06 2.78114767007764e-06 2.6145999793347e-06 2.45640239493056e-06 2.30809653848153e-06 2.17179427880498e-06 2.04730749361191e-06 1.93575113410219e-06 1.83832142902501e-06 1.75631499502323e-06 1.69114934864475e-06 1.64438482388815e-06 1.62175854268397e-06 1.62253760924329e-06 1.64885772174057e-06 1.70342265908227e-06 1.78927136682394e-06 1.90981254540923e-06 2.06886026488384e-06 2.27593455808461e-06 2.5365473450335e-06 2.85300837574845e-06 3.23173688763841e-06 3.67981284824034e-06 4.20501383031156e-06 4.81585063130687e-06 5.52580516645889e-06 6.35990817763279e-06 7.3157551753645e-06 8.40591210856506e-06 9.64383423581364e-06 1.10438679813788e-05 1.26212464515111e-05
5.46876535317339e-06 5.24310729400504e-06 5.01459179777099e-06 4.78452037958477e-06 4.55417752155293e-06 4.32482610759085e-06 4.09817576725251e-06 3.87565394469232e-06 3.65826079108344e-06 3.44712761504299e-06 3.24336540078694e-06 3.04807056703119e-06 2.86233203000226e-06 2.6878973911365e-06 2.52715131367818e-06 2.37984848822871e-06 2.24722527431706e-06 2.13060279991913e-06 2.03140807062792e-06 1.95119662760196e-06 1.89167675737745e-06 1.8592183002676e-06 1.85292202908474e-06 1.87510765590008e-06 1.92872156355733e-06 2.01707502732336e-06 2.14388229628591e-06 2.31329978882184e-06 2.53577209586524e-06 2.81729283876274e-06 3.16033249519927e-06 3.57189434425476e-06 4.05970434374452e-06 4.63225157203509e-06 5.29882728179272e-06 6.07417284111151e-06 6.98567984374372e-06 8.03065124687246e-06 9.2228155286154e-06 1.05768743087625e-05 1.21085043796004e-05 1.38343528017091e-05
6.36488226607816e-06 6.10214736299908e-06 5.83606027811022e-06 5.56812952098454e-06 5.29984251381034e-06 5.03266007761895e-06 4.76855165243496e-06 4.50916390609958e-06 4.25564726873538e-06 4.00929751582314e-06 3.77138299866111e-06 3.54315080880143e-06 3.32583440819606e-06 3.121411523736e-06 2.93257038497677e-06 2.75899761943072e-06 2.60206166270077e-06 2.46321866790546e-06 2.34403577592023e-06 2.24621609353445e-06 2.17162538156765e-06 2.12732310384927e-06 2.11221533064425e-06 2.12881425379332e-06 2.18032195559447e-06 2.27033667093681e-06 2.40289462460778e-06 2.58251307404675e-06 2.82062461666786e-06 3.1237280547805e-06 3.49445425426137e-06 3.94042355651096e-06 4.47004477188601e-06 5.09255942807059e-06 5.81808448673068e-06 6.662698177263e-06 7.65630222412681e-06 8.79587628517704e-06 1.00963805988024e-05 1.15738376326091e-05 1.32453342943692e-05 1.51290165750341e-05
7.3859639408579e-06 7.08097707636323e-06 6.77207206642496e-06 6.4609926731623e-06 6.14945682554287e-06 5.839150004552e-06 5.53233574382783e-06 5.23090903506763e-06 4.93619016932658e-06 4.64966025109697e-06 4.37276449261178e-06 4.10691878624989e-06 3.85351792155858e-06 3.61479626412097e-06 3.39377928264238e-06 3.19007318215508e-06 3.00518983871623e-06 2.84073110736851e-06 2.69841442448206e-06 2.5801002898422e-06 2.48782162918341e-06 2.42938833581271e-06 2.40347974818476e-06 2.41280855134382e-06 2.46084540547276e-06 2.55148987716571e-06 2.68911630670059e-06 2.87862097564331e-06 3.13248976423592e-06 3.45774920415221e-06 3.85718829074092e-06 4.33907721161516e-06 4.912544295421e-06 5.58762431237211e-06 6.37530508751223e-06 7.29307982134689e-06 8.3735117826728e-06 9.61322389154543e-06 1.10284775737659e-05 1.26366908893469e-05 1.44564409271066e-05 1.65074579602079e-05
8.55213643805142e-06 8.19889028384472e-06 7.84107727758763e-06 7.48070919841237e-06 7.11976643337055e-06 6.76019008279185e-06 6.40457744214721e-06 6.05510549004175e-06 5.71328699508472e-06 5.38081244534354e-06 5.05932634794933e-06 4.75043420769752e-06 4.45571134882952e-06 4.17767910760311e-06 3.91973858358375e-06 3.68140094550963e-06 3.46433411584584e-06 3.27029736628193e-06 3.10116943976605e-06 2.95897873805708e-06 2.84593557378891e-06 2.77066793891113e-06 2.7315908046412e-06 2.73162506705147e-06 2.77452300086143e-06 2.86450003368168e-06 3.00628494043155e-06 3.20517143626296e-06 3.47476839833399e-06 3.82265222836601e-06 4.2517653339045e-06 4.77106132703324e-06 5.39042569353717e-06 6.12072840650982e-06 6.97387468394467e-06 7.96885427079553e-06 9.1410510704575e-06 1.04866933710517e-05 1.20234157592112e-05 1.37701094310052e-05 1.5746924771462e-05 1.79752649836685e-05
9.88571109891989e-06 9.47727650543007e-06 9.06353087128988e-06 8.64679174805137e-06 8.22933878655463e-06 7.81340435431416e-06 7.40196513484627e-06 6.997518795943e-06 6.60179654502887e-06 6.21672582388174e-06 5.84417609942162e-06 5.4859662413497e-06 5.14387396372415e-06 4.82074207547052e-06 4.52039082985869e-06 4.24221919827276e-06 3.98806504312196e-06 3.75985781493034e-06 3.55964939833319e-06 3.38964722457204e-06 3.25224964734252e-06 3.15697760057934e-06 3.101937757297e-06 3.09026637115861e-06 3.12601025041636e-06 3.21371505725765e-06 3.3584801489951e-06 3.56601491886495e-06 3.85112495358276e-06 4.22195759390117e-06 4.68160089041013e-06 5.23972565285424e-06 5.90701248795444e-06 6.69520900025026e-06 7.61718495366263e-06 8.69351066038701e-06 9.96255571355687e-06 1.14201110670505e-05 1.30852579446609e-05 1.49784399126866e-05 1.71214656426055e-05 1.95375019700641e-05
1.13924484697222e-05 1.0921660284589e-05 1.04447181387636e-05 9.96428436931929e-06 9.48297591101887e-06 9.00335320861322e-06 8.52881940875012e-06 8.06223277523511e-06 7.60556968418535e-06 7.1610228826212e-06 6.73071314511477e-06 6.31669703831622e-06 5.92097699267813e-06 5.54675252798384e-06 5.19830736535654e-06 4.87491024094954e-06 4.57858272779396e-06 4.31143696008176e-06 4.07570940316267e-06 3.87379710594328e-06 3.70829642994002e-06 3.58969569498301e-06 3.51574734930631e-06 3.48980876875299e-06 3.51623269472185e-06 3.5999076805254e-06 3.74631788849943e-06 3.96160449005045e-06 4.26183982005977e-06 4.65575980823851e-06 5.14658795252554e-06 5.74474259889251e-06 6.46173369116057e-06 7.31022481782702e-06 8.30409302196619e-06 9.46556676207786e-06 1.08361549514612e-05 1.24111679695708e-05 1.42112008341106e-05 1.62583219752817e-05 1.85760761766161e-05 2.1189477019709e-05
1.30895144980026e-05 1.25485002809167e-05 1.20003807550195e-05 1.14482058869818e-05 1.08949716382524e-05 1.03436069319296e-05 9.79799301683765e-06 9.26139249555787e-06 8.73605617339147e-06 8.2244731097354e-06 7.72904416061518e-06 7.25209011224935e-06 6.79586238938662e-06 6.36395553628879e-06 5.96116479317168e-06 5.58660855551735e-06 5.24250667819229e-06 4.93116706871011e-06 4.65502259049067e-06 4.41667068006805e-06 4.2189156693773e-06 4.07329230300082e-06 3.9771478539139e-06 3.9340656216235e-06 3.94871496046346e-06 4.02633914288436e-06 4.17282043209186e-06 4.3947468626478e-06 4.709528660044e-06 5.12650583736972e-06 5.64902409285261e-06 6.28827832630973e-06 7.05664066803267e-06 7.96772763262766e-06 9.03646482306626e-06 1.02868153285658e-05 1.17635801491155e-05 1.3461542428736e-05 1.54028764639269e-05 1.76113463167863e-05 2.01123089254193e-05 2.29327058867086e-05
1.49950133235979e-05 1.43751556404216e-05 1.37471227147205e-05 1.31143990285571e-05 1.24804052398952e-05 1.18484829391209e-05 1.1223047938135e-05 1.0607814960894e-05 1.0005341163959e-05 9.41844572298572e-06 8.84984090227955e-06 8.30214053331144e-06 7.77787136178229e-06 7.28106450265426e-06 6.81707868885157e-06 6.38485966527554e-06 5.98684096014719e-06 5.62553993241343e-06 5.30359802677632e-06 5.0238239905922e-06 4.7892400400661e-06 4.61251112274685e-06 4.49052304851717e-06 4.42708875525803e-06 4.42720404690302e-06 4.49647777469972e-06 4.6412025151625e-06 4.86842706211832e-06 5.1969715856401e-06 5.63679322433563e-06 6.19134331142517e-06 6.87262073059906e-06 7.69389099310954e-06 8.66975876105015e-06 9.81623769190294e-06 1.11591004468183e-05 1.27465912596842e-05 1.45729157970199e-05 1.66618909851557e-05 1.90390450695825e-05 2.17316208822993e-05 2.47685669110586e-05
1.71279298220153e-05 1.64198311529458e-05 1.5702358155594e-05 1.49794809537043e-05 1.42550946914934e-05 1.35330017890205e-05 1.28182141504329e-05 1.21149506343321e-05 1.14261094539881e-05 1.07548766349333e-05 1.01043098492403e-05 9.47734720813122e-06 8.87681924507621e-06 8.3072385733795e-06 7.77458348995381e-06 7.27760244112094e-06 6.81895885726581e-06 6.40139381674975e-06 6.02776988044837e-06 5.7011181531926e-06 5.42468855518685e-06 5.21236488656763e-06 5.06050956669219e-06 4.9731676774139e-06 4.95567034314627e-06 5.01400174622543e-06 5.15487574982388e-06 5.38581444154569e-06 5.72712070375487e-06 6.18937909693493e-06 6.77612644528553e-06 7.5001911934625e-06 8.37576148652679e-06 9.41846332560387e-06 1.06454357989039e-05 1.20843340883728e-05 1.3786994430502e-05 1.5746991040517e-05 1.79898442314496e-05 2.05429122781106e-05 2.34353948242425e-05 2.66983231825157e-05
1.95080529126226e-05 1.87015040031999e-05 1.7884241618053e-05 1.70607770720586e-05 1.62355340825601e-05 1.54128282057152e-05 1.45983342657968e-05 1.37968316734774e-05 1.30115972972706e-05 1.22462237979743e-05 1.15041510372247e-05 1.07886751460551e-05 1.01029611360731e-05 9.45205156548925e-06 8.84260462592777e-06 8.27314435060244e-06 7.74658115170622e-06 7.26589468365747e-06 6.83418149405268e-06 6.45470618441303e-06 6.13095605873144e-06 5.87812740705722e-06 5.69199140517994e-06 5.57682645593281e-06 5.53830678871107e-06 5.58280042529552e-06 5.71745209688804e-06 5.95026818817611e-06 6.3031075733374e-06 6.78718949884142e-06 7.40611230695592e-06 8.17355746660455e-06 9.10466278588257e-06 1.02161064626866e-05 1.1526187946926e-05 1.30645154531748e-05 1.48866628559762e-05 1.69855150760111e-05 1.93883535227876e-05 2.21244291595917e-05 2.5224966028376e-05 2.87231507203294e-05
2.21753196223682e-05 2.12584704353634e-05 2.03294064481631e-05 1.9393244667692e-05 1.8455000175556e-05 1.75195623741025e-05 1.65933465969083e-05 1.56817581993902e-05 1.47884962296664e-05 1.3917606038653e-05 1.30729522074977e-05 1.22582278424975e-05 1.14769677993526e-05 1.07348004276233e-05 1.0039133209552e-05 9.38823388064243e-06 8.78527903923684e-06 8.23350343345684e-06 7.73625169165796e-06 7.29703386547538e-06 6.91958475755621e-06 6.62051885602329e-06 6.39493663109718e-06 6.24734941341987e-06 6.18378146803165e-06 6.21099216159322e-06 6.33656555649677e-06 6.56900213724575e-06 6.93179530184833e-06 7.43680295490902e-06 8.08765473791556e-06 8.89890747372995e-06 9.88667461873997e-06 1.10687164872679e-05 1.24645270036567e-05 1.41057393639097e-05 1.60518160328807e-05 1.82948863668068e-05 2.08640504602698e-05 2.37905146433894e-05 2.71075950947907e-05 3.0850706413147e-05
