resources/Exp000_Example-Run/Run01_M2/TimeSeries/1995/model/1995_model_prediction.asc
NCOLS 265 
NROWS 230 
XLLCORNER -115.5625 
YLLCORNER 24.8333333333333 
CELLSIZE 0.0833333333333333 
NODATA_value -9999 
[rows 0 to 19 of 230, columns 88 to 131 of 265]
0.123803183436394 0.126777246594429 0.142743274569511 0.15603418648243 0.165691509842873 0.171002939343452 0.171572417020798 0.167357370257378 0.158672481775284 0.146784573793411 0.134476512670517 0.122137777507305 0.109962575137615 0.0981278195977211 0.0867877379059792 0.0760709047317505 0.071444645524025 0.0840812996029854 0.09811832010746 0.113530844449997 0.130253940820694 0.148180350661278 0.167160004377365 0.187002390623093 0.182214871048927 0.169340804219246 0.156828984618187 0.14473332464695 0.133101135492325 0.121972091495991 0.111378617584705 0.10541644692421 0.111969761550426 0.118647426366806 0.125425577163696 0.132278650999069 0.139179557561874 0.146099895238876 0.153010070323944 0.153856173157692 0.15198490023613 0.149335935711861 0.145947143435478 0.141866683959961
0.130849540233612 0.134463414549828 0.147913366556168 0.158756956458092 0.166329011321068 0.170157477259636 0.170001819729805 0.165871754288673 0.158026859164238 0.14722903072834 0.136128589510918 0.125113114714622 0.114295274019241 0.103777535259724 0.0936503186821938 0.0839907079935074 0.0797706693410873 0.0910763218998909 0.103299424052238 0.116392344236374 0.130284667015076 0.144883319735527 0.160073712468147 0.175721168518066 0.1715487241745 0.160915061831474 0.150560766458511 0.1405169069767 0.130810469388962 0.121465042233467 0.112500041723251 0.107668772339821 0.114311292767525 0.12111634761095 0.128065899014473 0.135140493512154 0.14231912791729 0.149579405784607 0.156897500157356 0.159032717347145 0.158786535263062 0.157805994153023 0.156103402376175 0.153700023889542
0.137147054076195 0.141218438744545 0.151748716831207 0.159787178039551 0.164915472269058 0.166864216327667 0.165530279278755 0.160984367132187 0.153465524315834 0.144195064902306 0.134953528642654 0.125824779272079 0.116864942014217 0.108125202357769 0.0996517986059189 0.0914853438735008 0.0879352390766144 0.0976841673254967 0.107939831912518 0.118643991649151 0.129726737737656 0.141107246279716 0.152694955468178 0.164390981197357 0.160879746079445 0.15245009958744 0.144215807318687 0.13619302213192 0.128395989537239 0.120837301015854 0.113527856767178 0.109857365489006 0.116553567349911 0.123443350195885 0.130514085292816 0.137751594185829 0.145140573382378 0.152664005756378 0.160303935408592 0.163681909441948 0.165050446987152 0.165757164359093 0.165794417262077 0.165161862969398
0.142564028501511 0.146875306963921 0.154147773981094 0.159094572067261 0.161497741937637 0.161250829696655 0.15836463868618 0.152967065572739 0.145295605063438 0.137878060340881 0.13101826608181 0.1242366284132 0.11755558103323 0.110996223986149 0.104577988386154 0.0983187928795815 0.0957153216004372 0.103751294314861 0.111950002610683 0.12025061994791 0.12858721613884 0.136890307068825 0.145087271928787 0.153104171156883 0.150282204151154 0.143993601202965 0.137823179364204 0.131778210401535 0.12586535513401 0.120090678334236 0.114459574222565 0.111976809799671 0.118689477443695 0.125619187951088 0.132758021354675 0.140096545219421 0.147624090313911 0.155328795313835 0.163197576999664 0.167753636837006 0.170699298381805 0.173078268766403 0.174868062138557 0.176052004098892
0.146985664963722 0.151291996240616 0.155046671628952 0.15669958293438 0.156188890337944 0.153533607721329 0.148833110928535 0.142261758446693 0.134060755372047 0.128681167960167 0.124546371400356 0.120429061353207 0.116335950791836 0.11227361112833 0.108248323202133 0.104266077280045 0.102885626256466 0.10913161188364 0.115251384675503 0.121186956763268 0.126880392432213 0.132274687290192 0.137314781546593 0.141948312520981 0.139826655387878 0.135591477155685 0.131411254405975 0.12728875875473 0.123226553201675 0.119227223098278 0.115292839705944 0.114021778106689 0.120711959898472 0.12763512134552 0.134786784648895 0.142161399126053 0.1497523188591 0.157551869750023 0.165551200509071 0.171203762292862 0.175662636756897 0.179664999246597 0.183178722858429 0.186175435781479
0.150316968560219 0.154356464743614 0.154421478509903 0.152671650052071 0.14916305243969 0.1440070271492 0.137366339564323 0.129447430372238 0.120491988956928 0.117179974913597 0.115899868309498 0.11459331959486 0.113261304795742 0.111905120313168 0.11052580922842 0.109124675393105 0.109228692948818 0.113691918551922 0.117778137326241 0.121438227593899 0.124627344310284 0.127306059002876 0.129441067576408 0.1310054063797 0.129578858613968 0.127287328243256 0.125007838010788 0.122741229832172 0.120488114655018 0.118249356746674 0.116025537252426 0.11598701775074 0.12261451035738 0.129482761025429 0.136590152978897 0.143933832645416 0.151510328054428 0.159315198659897 0.167342856526375 0.173994645476341 0.17987810075283 0.185422897338867 0.190591216087341 0.195347219705582
0.150831550359726 0.154118999838829 0.153133258223534 0.150582045316696 0.146536856889725 0.141110077500343 0.134451285004616 0.126741379499435 0.11818516254425 0.11592049151659 0.115870542824268 0.115792594850063 0.115686737000942 0.115553043782711 0.115391597151756 0.115202501416206 0.115931414067745 0.11923286318779 0.12210114300251 0.12450347840786 0.126411974430084 0.127804517745972 0.128664940595627 0.12898300588131 0.128045812249184 0.126806363463402 0.125569805502892 0.124336272478104 0.12310591340065 0.121878854930401 0.120655320584774 0.121197529137135 0.127147704362869 0.133289590477943 0.13962259888649 0.146145835518837 0.152857914566994 0.159756705164909 0.166839957237244 0.17357411980629 0.179975777864456 0.186140432953835 0.192032754421234 0.197618424892426
0.148821860551834 0.151056438684464 0.151592656970024 0.150744304060936 0.148532584309578 0.145012140274048 0.140269860625267 0.134421661496162 0.127608716487885 0.125526130199432 0.12517224252224 0.124790795147419 0.124382026493549 0.123946189880371 0.12348348647356 0.122994348406792 0.123355723917484 0.126152768731117 0.128638401627541 0.130793377757072 0.13260118663311 0.134047642350197 0.135121330618858 0.13581395149231 0.135185748338699 0.134181931614876 0.13316048681736 0.132121920585632 0.131066724658012 0.12999539077282 0.128908514976501 0.129190966486931 0.13368247449398 0.138271391391754 0.142957001924515 0.147738486528397 0.1526148468256 0.157584950327873 0.162647530436516 0.168683543801308 0.174909800291061 0.180977955460548 0.186859741806984 0.192527204751968
0.146073713898659 0.147246748209 0.14910900592804 0.149783998727798 0.1492570489645 0.147539526224136 0.144669026136398 0.140707910060883 0.135741725564003 0.133951172232628 0.133383631706238 0.132783308625221 0.132150784134865 0.13148644566536 0.130790665745735 0.130064114928246 0.130142286419868 0.132596120238304 0.13485212624073 0.136899635195732 0.138728946447372 0.140331298112869 0.141698986291885 0.142825484275818 0.142520755529404 0.141719803214073 0.14083981513977 0.139882251620293 0.138848483562469 0.137740239500999 0.136559367179871 0.136321827769279 0.139112293720245 0.141919687390327 0.144742861390114 0.147580578923225 0.150431632995605 0.153294637799263 0.156168520450592 0.161590814590454 0.167804062366486 0.173930779099464 0.179947271943092 0.185829877853394
0.142625570297241 0.14274474978447 0.145725160837173 0.147720649838448 0.148693114519119 0.148624107241631 0.147514879703522 0.145386636257172 0.142279922962189 0.14088973402977 0.140226662158966 0.139518350362778 0.138765320181847 0.137968435883522 0.137128338217735 0.136245757341385 0.136149451136589 0.138460353016853 0.140669763088226 0.142772242426872 0.144762277603149 0.146634876728058 0.148385360836983 0.150009036064148 0.15004026889801 0.149401262402534 0.14857429265976 0.147561997175217 0.146368101239204 0.1449965685606 0.143452316522598 0.142410695552826 0.143292009830475 0.144130632281303 0.144925981760025 0.145677179098129 0.146383732557297 0.147044956684113 0.147660151124001 0.15255980193615 0.158894672989845 0.165207728743553 0.171478047966957 0.177684336900711
0.138525307178497 0.137614473700523 0.141498938202858 0.144595891237259 0.146854221820831 0.148236751556396 0.148720428347588 0.148297175765038 0.146974071860313 0.146084278821945 0.145464733242989 0.144778937101364 0.14402762055397 0.14321181178093 0.142332628369331 0.141391068696976 0.14124920964241 0.143650233745575 0.146022081375122 0.148362100124359 0.150667995214462 0.1529371291399 0.155167013406754 0.157355144619942 0.157732829451561 0.157206177711487 0.156328350305557 0.155104830861092 0.153543010354042 0.151652231812477 0.14944414794445 0.147301316261292 0.146108403801918 0.144840955734253 0.143500760197639 0.14208996295929 0.14061065018177 0.13906517624855 0.137455686926842 0.141921624541283 0.148474037647247 0.155064657330513 0.161673724651337 0.168281212449074
0.133829444646835 0.131928324699402 0.136502310633659 0.140472680330276 0.14378347992897 0.146387830376625 0.148248463869095 0.149338558316231 0.149642631411552 0.149339273571968 0.148913949728012 0.14839306473732 0.147777527570724 0.147068426012993 0.14626707136631 0.1453747600317 0.145331561565399 0.1480802744627 0.15084408223629 0.153621971607208 0.156412914395332 0.159215837717056 0.162029668688774 0.164853349328041 0.165585696697235 0.165112718939781 0.164065465331078 0.16245374083519 0.160292625427246 0.157602518796921 0.154408380389214 0.150866612792015 0.147484824061394 0.144030123949051 0.140510559082031 0.136934220790863 0.133309304714203 0.129643931984901 0.125946208834648 0.130058020353317 0.136877730488777 0.143794104456902 0.150787755846977 0.15783828496933
0.129240691661835 0.126578956842422 0.130938768386841 0.134887844324112 0.138384088873863 0.141390055418015 0.143873259425163 0.145806729793549 0.147169157862663 0.14752085506916 0.147547706961632 0.147449523210526 0.147226542234421 0.146879285573959 0.146408542990685 0.145815387368202 0.14588774740696 0.148277446627617 0.150670811533928 0.153066799044609 0.155464425683022 0.157862693071365 0.160260528326035 0.162656933069229 0.163597390055656 0.163374722003937 0.162379816174507 0.160625502467155 0.15813410282135 0.154937386512756 0.151075601577759 0.146817043423653 0.142957463860512 0.139040321111679 0.135075241327286 0.131071850657463 0.127039581537247 0.122988022863865 0.118926405906677 0.122943080961704 0.129763603210449 0.136692360043526 0.143708631396294 0.150790274143219
0.124983631074429 0.121789820492268 0.125334620475769 0.128638193011284 0.131677910685539 0.13443312048912 0.136884599924088 0.139015480875969 0.140810698270798 0.141781851649284 0.14242248237133 0.142915308475494 0.143259078264236 0.143452703952789 0.143495574593544 0.143387690186501 0.143532812595367 0.144783362746239 0.145954132080078 0.147043377161026 0.148049131035805 0.14896984398365 0.149804055690765 0.150550216436386 0.15140226483345 0.151527792215347 0.150760307908058 0.14911225438118 0.146610081195831 0.143293559551239 0.139215379953384 0.135073870420456 0.132547378540039 0.129958242177963 0.127311587333679 0.124612674117088 0.121866747736931 0.119079127907753 0.11625512689352 0.120452009141445 0.127076521515846 0.133771821856499 0.140513390302658 0.147275388240814
0.120508886873722 0.116835363209248 0.11974660307169 0.12252651900053 0.125163450837135 0.127646431326866 0.129964828491211 0.132109016180038 0.134069666266441 0.135588258504868 0.136856570839882 0.137958064675331 0.138888984918594 0.139645889401436 0.140226200222969 0.140627950429916 0.14091482758522 0.141197010874748 0.141265571117401 0.141120240092278 0.140761658549309 0.140191256999969 0.139411434531212 0.138425424695015 0.139028087258339 0.139326006174088 0.138617813587189 0.136917620897293 0.134258911013603 0.130694165825844 0.12629309296608 0.122206658124924 0.121013723313808 0.119752742350101 0.118425935506821 0.117035605013371 0.115584209561348 0.114074297249317 0.112508341670036 0.116963975131512 0.123489812016487 0.130048051476479 0.136608585715294 0.143139809370041
0.115847952663898 0.111748777329922 0.114193215966225 0.116560652852058 0.118844613432884 0.121038787066936 0.123137056827545 0.125133529305458 0.12702251970768 0.129014104604721 0.130911275744438 0.132627785205841 0.134156450629234 0.135490864515305 0.136625349521637 0.137555152177811 0.138048484921455 0.137528732419014 0.1366116553545 0.135304421186447 0.133617535233498 0.131564512848854 0.129161432385445 0.12642739713192 0.126660346984863 0.126984342932701 0.126201376318932 0.124330259859562 0.121416099369526 0.117528595030308 0.112759806215763 0.108698137104511 0.10876540094614 0.108766689896584 0.108702063560486 0.108571514487267 0.108375333249569 0.108113884925842 0.107787534594536 0.112563140690327 0.119077682495117 0.125586912035942 0.132052734494209 0.13843597471714
0.111033268272877 0.106563530862331 0.108692169189453 0.110747665166855 0.112724810838699 0.114618226885796 0.116422973573208 0.118134319782257 0.119747534394264 0.122136645019054 0.124650992453098 0.126977503299713 0.129104688763618 0.13102214038372 0.132720276713371 0.134190514683723 0.134949445724487 0.133788734674454 0.131998419761658 0.129602119326591 0.126631259918213 0.123124562203884 0.119127228856087 0.114690341055393 0.114473789930344 0.114708788692951 0.113752856850624 0.111633792519569 0.108412839472294 0.104182131588459 0.0990607663989067 0.0950246527791023 0.0962139070034027 0.0973525047302246 0.0984384641051292 0.0994699373841286 0.100444935262203 0.101361826062202 0.102218829095364 0.107354052364826 0.113930188119411 0.120466001331806 0.12691342830658 0.133223205804825
0.106097407639027 0.101312518119812 0.103260278701782 0.105093903839588 0.106806427240372 0.108391433954239 0.109842769801617 0.111154951155186 0.112322770059109 0.115034595131874 0.118142031133175 0.121062345802784 0.123779088258743 0.12627649307251 0.12854029238224 0.130557134747505 0.13163486123085 0.129987344145775 0.127431929111481 0.124019160866737 0.11981575936079 0.114903226494789 0.109375283122063 0.103335030376911 0.102627359330654 0.102689810097218 0.101498745381832 0.0990952402353287 0.0955614373087883 0.0910163000226021 0.0856100097298622 0.0816270709037781 0.0837495625019073 0.0858531147241592 0.0879337191581726 0.0899875089526176 0.0920103713870049 0.0939984545111656 0.0959476679563522 0.101458169519901 0.108150698244572 0.114773467183113 0.121265798807144 0.127566054463387
0.104305684566498 0.0998042747378349 0.101293914020061 0.102670855820179 0.10393013805151 0.105067238211632 0.106078207492828 0.106959350407124 0.107707493007183 0.11088502407074 0.114746689796448 0.118408486247063 0.121844783425331 0.125031501054764 0.127945825457573 0.130566701292992 0.132153376936913 0.13079446554184 0.128406643867493 0.125042662024498 0.120776243507862 0.115699760615826 0.109921470284462 0.103561975061893 0.102432556450367 0.101996496319771 0.100262172520161 0.0972921252250671 0.0931921079754829 0.0881058946251869 0.082207553088665 0.0779701545834541 0.0803828239440918 0.0827966555953026 0.0852075815200806 0.0876112878322601 0.0900035351514816 0.0923799574375153 0.094736211001873 0.100600495934486 0.107645079493523 0.114636942744255 0.121508777141571 0.128191888332367
0.104765862226486 0.10115110874176 0.101975806057453 0.102750167250633 0.103472955524921 0.104143187403679 0.1047597900033 0.105321817100048 0.105828404426575 0.109656803309917 0.114426575601101 0.118954390287399 0.123198993504047 0.127121046185493 0.130683496594429 0.133852481842041 0.13601154088974 0.135649904608727 0.134340301156044 0.132108017802238 0.128995954990387 0.125063553452492 0.120385199785233 0.11504815518856 0.113679528236389 0.112531557679176 0.110023133456707 0.106240168213844 0.101310707628727 0.0953983813524246 0.0886946022510529 0.0838220044970512 0.0860174894332886 0.0882106125354767 0.0903982892632484 0.0925776660442352 0.0947456285357475 0.0968991369009018 0.0990351811051369 0.105245366692543 0.112873509526253 0.120507322251797 0.128080680966377 0.135524854063988
