resources/Exp000_Example-Run/Run01_M2/TimeSeries/1995/model/1995_biasfile.asc
NCOLS 265 
NROWS 230 
XLLCORNER -115.5625 
YLLCORNER 24.8333333333333 
CELLSIZE 0.0833333333333333 
NODATA_value -9999 
[rows 72 to 89 of 230, columns 168 to 209 of 265]
0.00607245487735322 0.00592354337629023 0.00577170467747619 0.00561745023686351 0.00546128317660276 0.00530362032295338 0.00514509984847671 0.00498629041973086 0.00482761595557206 0.0046694778460193 0.00451225359335022 0.00435629564182516 0.00420198624380495 0.00404994616572363 0.00390016995828356 0.00375287825135579 0.00360826494254181 0.00346649784950765 0.00332771951472781 0.00319204815737098 0.00306006472087856 0.00293150000466724 0.00280626661139591 0.00268438562597444 0.00256586336809074 0.00245069301701473 0.00233885622948373 0.00223058604361212 0.00212591505330744 0.00202444563299109 0.00192612749048978 0.00183090808413374 0.00173873361273029 0.00164954990558928 0.00156334041595617 0.00148050168192879 0.00140047502350511 0.00132321380043734 0.00124867381451673 0.00117681328837871 0.00110759277638807 0.00104097501082329
0.00614923410264283 0.00599900289404219 0.00584575741884746 0.00569001791173833 0.00553229627616687 0.00537301332410357 0.00521281891038853 0.00505229526016779 0.00489187411326245 0.00473196432638645 0.00457295048065708 0.00441519168231424 0.00425907646266721 0.0041052329284966 0.003953661253126 0.00380458644700535 0.00365820631923316 0.00351469214174614 0.00337418946904012 0.00323681910802358 0.00310316859058728 0.00297296777702049 0.0028461293902501 0.00272267544224216 0.00260261293580274 0.00248593551931765 0.00237262513421507 0.00226291764293066 0.00215684646834968 0.00205401027315721 0.0019543585808551 0.00185783864234721 0.00176439644168834 0.00167397759989813 0.00158656579750477 0.00150256256042315 0.00142140349296044 0.00134304190415015 0.00126743358392468 0.00119453677881082 0.0011243120985781 0.00105672235712626
0.00622106254211562 0.00606962061631924 0.00591507833342017 0.0057579642109306 0.00559879846234442 0.00543800535033655 0.00527624588653941 0.00511411555845613 0.00495205362819202 0.00479047616257417 0.00462977460786967 0.00447031456188353 0.00431249063642374 0.00415693786531493 0.00400366241754771 0.00385289371207356 0.00370483353110663 0.00355965669318549 0.00341751188467831 0.00327852264421686 0.00314328301288444 0.00301152235381613 0.00288315378080517 0.0027582004333341 0.00263667019713637 0.00251855738546923 0.00240384441291481 0.0022927701224169 0.0021853689677991 0.00208123608114549 0.00198032091282881 0.0018825705960611 0.00178793096763808 0.0016963474850434 0.00160780408053175 0.00152270729071745 0.0014404869250802 0.00136109618027014 0.00128449075453389 0.00121062882194511 0.00113947093657889 0.00107097986997386
0.00628779686009905 0.00613526235706448 0.00597954224689777 0.00582117277667351 0.00566068194550718 0.00549849684937918 0.00533528907738491 0.00517166707680879 0.00500807730510106 0.004844942759834 0.00468266152139414 0.00452160549677368 0.00436217515951179 0.0042050119952815 0.00405012862456829 0.00389775891413532 0.00374810869612038 0.00360135644662656 0.00345765412544551 0.0033171281712993 0.00318037903584566 0.00304713610201404 0.00291731318906113 0.00279093479539378 0.00266800992052759 0.00254853376915345 0.00243248944771846 0.00232011895795978 0.00221145802087494 0.00210609845759799 0.00200398977998205 0.00190507911472058 0.00180931223821448 0.00171663450640024 0.00162703014340062 0.00154091074255552 0.00145770024212926 0.00137735167147687 0.00129982056214748 0.0012250649224033 0.00115304514080174 0.00108372382223146
0.00634932661055039 0.00619582667252485 0.00603905655248874 0.00587955961769981 0.00571787107662319 0.0055544201579952 0.00538988839708673 0.00522489689542831 0.00505989895181765 0.0048953241935436 0.0047315770877812 0.00456903565731399 0.00440810599876196 0.00424943551158592 0.00409304380931486 0.00393916925765632 0.00378802183101062 0.00363978379289619 0.00349461053996139 0.00335263160388753 0.0032144537271878 0.00307980690587812 0.00294860602376914 0.00282087720058118 0.0026966308115764 0.00257586321035534 0.00245855844435254 0.002344961873818 0.00223511075761103 0.00212859386580192 0.00202536093034053 0.00192535920471239 0.00182853451196389 0.00173483218661866 0.00164423680145458 0.00155716507629944 0.00147303500698456 0.00139179940876368 0.0013134135777059 0.00123783526735392 0.00116502459370245 0.00109494387192326
0.00640557705326836 0.006251247582474 0.00609356383642221 0.00593307563898446 0.00577032478177669 0.00560574184257981 0.00544001762215146 0.00527378557148403 0.00510750545124573 0.00494161319720183 0.00477651940099288 0.00461260799793908 0.00445029044990989 0.00429021946885568 0.00413242229099589 0.00397714184434249 0.00382459235369899 0.00367496001888714 0.00352840385876805 0.00338505671530081 0.00324553147950464 0.00310955943087038 0.00297705692148255 0.00284805198553171 0.00272255666691399 0.00260056875638689 0.00248207352182372 0.002367319902316 0.00225634699963104 0.00214874083428277 0.00204445154134959 0.00194342665708967 0.00184561217906957 0.00175095351946378 0.0016594356739775 0.00157148058290314 0.00148650023596322 0.00140444719693167 0.0013252764652451 0.00124894545673598 0.00117541391208973 0.00110464373647592
0.00645608385443545 0.00630108146584881 0.00614264096851252 0.00598131786607951 0.00581765980178038 0.00565209775983956 0.00548533101754108 0.00531800505185615 0.0051505856480708 0.00498351468199614 0.00481720857079497 0.00465205693292095 0.00448847629577715 0.00432712396081317 0.00416803557195193 0.00401145870263594 0.00385761196352487 0.00370668567379123 0.00355884270014235 0.00341421945777223 0.00327343480441482 0.00313622211722157 0.00300249970439446 0.00287229786655541 0.00274563066811663 0.00262249768374146 0.0025028857385529 0.00238704761128484 0.00227502461572 0.0021664003983202 0.00206112572373397 0.00195914860635206 0.00186041538129795 0.00176487166826881 0.00167250298739395 0.00158373662957392 0.00149797852129207 0.00141518094702463 0.00133529855409795 0.00125828833967021 0.00118410956500837 0.00111272360052114
0.00650110855079582 0.00634559200101058 0.00618655346968455 0.00602455334306919 0.0058601443668289 0.00569375693896979 0.00552609801146576 0.00535782478866855 0.00518940863861535 0.00502129700654976 0.00485391183635173 0.00468764820254569 0.00452292739233209 0.00436041053499523 0.00420014253592694 0.00404237570807935 0.00388733319566159 0.00373520963363896 0.00358617197661797 0.00344036049130437 0.00329839979969401 0.00316002624186307 0.00302516059807964 0.00289383580529507 0.00276606831849711 0.00264185986134824 0.00252119917147513 0.0024043431373213 0.00229133567525534 0.00218175846598874 0.00207556314818934 0.00197269842750119 0.00187311115711469 0.00177674731126724 0.00168359305296074 0.0015940811761857 0.00150761150369328 0.0014241360277885 0.00134360900258295 0.00126598693936481 0.00119122852900443 0.00111929449485298
0.00654088748705924 0.00638501798713187 0.00622554230073548 0.00606302488014096 0.00589802280745047 0.00573096485332913 0.00556256483036588 0.00539349139610859 0.00522422105506569 0.00505520644920062 0.0048868747504168 0.00471962626445771 0.00455388672660327 0.00439032029440781 0.00422898205527995 0.00407012916621533 0.00391398946436133 0.00376076210972858 0.00361061839867939 0.00346370274238659 0.00332064530395897 0.00318118630132398 0.00304524952998887 0.00291287095038519 0.00278406979563003 0.00265885032114275 0.00253720355007528 0.00241939075918372 0.002305458878557 0.00219498806359502 0.0020879310887933 0.00198423758128771 0.00188385510968078 0.00178673016628077 0.00169284969166435 0.00160265215608469 0.00151553125491029 0.00143143868974598 0.00135032829416757 0.00127215603958853 0.00119687996807212 0.00112446005553033
0.0065755219913086 0.00641946748021382 0.00625972193502153 0.006096853018176 0.00593142134677395 0.00576385294831283 0.00559486764994197 0.00542514530684776 0.00525516709846829 0.00508539047961638 0.00491624754438015 0.0047481436016234 0.00458150850916757 0.00441700859471842 0.00425471013897777 0.00409487526057025 0.00393773666461198 0.00378349826339801 0.00363233596898577 0.00348439865189828 0.00334032176594739 0.00319985039494742 0.00306291193380381 0.00292954578047267 0.00279977436091797 0.0026736048723086 0.00255103102346006 0.00243231877310356 0.00231751850697819 0.00220620933953656 0.00209834546695858 0.00199387769115092 0.00189275451543042 0.0017949231345158 0.00170037142104607 0.00160954371927629 0.00152182759092744 0.00143717446302589 0.00135553773466532 0.00127687279549692 0.00120113697125032 0.00112828939969652
0.00660515738489231 0.00644909185641823 0.00628924946990679 0.00612620020763168 0.00596050738934159 0.00579259311270734 0.00562318234657219 0.00545296591094726 0.00528242918630497 0.00511203404778283 0.00494221720076145 0.00477338872755714 0.00460598227074778 0.00444066541384028 0.00427751673141955 0.00411680343418959 0.00395876328541432 0.00380360519413014 0.00365150998110065 0.00350263131179165 0.00335760965222305 0.00321619601063575 0.00307832200463389 0.00294403090901707 0.00281334878289513 0.0026862862008999 0.00256283998335053 0.00244328107784995 0.0023276637969383 0.00221556674220654 0.00210694584085975 0.00200175334554991 0.00189993893544625 0.00180145071293076 0.00170627765721003 0.00161487020841602 0.00152660980809509 0.00144144764057677 0.00135933667117092 0.0012802316794089 0.00120408921958025 0.00113086751193276
0.00662998292814898 0.00647408570021063 0.0063143244604344 0.00615127059119109 0.0059854892564803 0.0058173973711783 0.00564772415152775 0.00547717117615577 0.00530622754329032 0.00513535914973609 0.00496500699828877 0.00479558571509414 0.00462753237904211 0.00446151486152288 0.00429762521863212 0.00413613589606838 0.00397728991984445 0.00382130145639459 0.00366835654599751 0.00351861400387235 0.00337271900084913 0.00323042959542562 0.00309168228813405 0.00295652469331884 0.00282498696726815 0.00269708352174153 0.00257281473844407 0.00245245687193226 0.00233606866006847 0.00222322876296106 0.00211389517093126 0.00200802188554907 0.0019055600245534 0.00180645882414124 0.00171070856472814 0.00161876602765787 0.00153000656994677 0.00144438118193482 0.00136184241173053 0.00128234441531183 0.00120584293437045 0.00113229520521038
0.00665023119105802 0.00649468612677502 0.00633518819736404 0.00617230924154411 0.00600661538816325 0.00583851705516185 0.00566874679595456 0.00549801677166749 0.0053268193085846 0.00515562392286105 0.00498487559982653 0.00481499328137029 0.00464641712513804 0.00447981427185915 0.0043152915306263 0.00415312673686419 0.00399356839736781 0.00383683621153188 0.0036831217661993 0.00353258939859029 0.00338588864718369 0.00324278581004854 0.00310322296522881 0.00296725255053062 0.00283490930507405 0.00270621195934008 0.00258116492844493 0.00246005010088017 0.00234293116359703 0.00222938744927277 0.00211937936528849 0.00201286298185861 0.00190979113920107 0.00181011445424967 0.0017138247234123 0.00162138533709016 0.00153216562813556 0.00144611645945368 0.00136318999562582 0.00128333977194001 0.00120652069179896 0.00113268895574464
0.00666574883722874 0.00651076398301213 0.00635173506452775 0.0061892333099219 0.00602382482040563 0.00585591199498376 0.00568622970417368 0.00551550053704144 0.00534421950163914 0.00517285928660788 0.00500186851230036 0.00483167018734944 0.00466270714303635 0.00449564460416632 0.00433060563721402 0.00416787365177367 0.00400770289146332 0.00385031890976564 0.00369591921949685 0.00354467411049703 0.00339723707807994 0.00325338404821309 0.0031130634834614 0.00297633320349947 0.00284323309119152 0.00271378675266819 0.0025880031832325 0.00246617027483976 0.00234835727102312 0.00223414490783361 0.00212349642681094 0.00201637034601532 0.00191272156760526 0.00181250238760466 0.00171570638058918 0.00162280386829369 0.00153315825989364 0.00144672038754137 0.00136344209190407 0.00128327631234203 0.00120617710630532 0.00113209960110244
0.006677322251372 0.00652308975987644 0.00636471944353164 0.00620278093692631 0.0060378394007118 0.00587028777813648 0.00570086232493896 0.00553029595722449 0.00535908586780282 0.00518770751291599 0.00501661283500401 0.00484622868758086 0.00467700020045274 0.00450958955673995 0.00434413752935752 0.00418093328010429 0.00402023703347921 0.00386228050115962 0.00370726747985525 0.00355537461728868 0.00340725895667295 0.00326270737288143 0.00312167547709291 0.00298422699568198 0.00285040748299661 0.0027202459455466 0.00259375647491305 0.00247123330579356 0.00235275181233616 0.00223789484350708 0.00212662887561027 0.0020189152410468 0.00191471123456454 0.00181397112477041 0.00171669052462845 0.00162334700158905 0.00153329816667615 0.00144649493123472 0.00136288888791696 0.00128243242393038 0.00120507876453474 0.0011307819498419
0.00668534269868036 0.00653205523813993 0.00637453325935243 0.00621334382124473 0.00604905023306471 0.00588203451416113 0.00571303338129941 0.005542790015026 0.00537180330154929 0.00520055106579747 0.00502948826555816 0.00485904538370465 0.00468966947089657 0.00452201851013251 0.00435625248726708 0.0041926665007317 0.00403152700637559 0.00387307218464852 0.00371751248065474 0.00356503131201018 0.00341628882990003 0.00327108421773495 0.00312938101794772 0.00299124939723161 0.00285674111860862 0.00272589112387554 0.00259871912794656 0.00247552604487826 0.00235639396615235 0.00224090859842123 0.0021290400686553 0.00202075290625828 0.00191600714621271 0.00181475934097606 0.00171700741989642 0.00162323652565946 0.00153279863037764 0.00144564485481769 0.00136172663994965 0.0012809958850644 0.00120340501735797 0.00112890699592417
0.00669020652266379 0.00653805766951223 0.0063815742952014 0.00622131990084687 0.00605785503454008 0.00589154929028052 0.00572313892789981 0.00555337736768286 0.00538276470233585 0.00521178073132291 0.00504088312602834 0.00487050578830593 0.00470109730773313 0.00453331027225771 0.00436732544627745 0.00420344405471251 0.00404193904076369 0.00388305536991688 0.00372701050606994 0.00357399505491985 0.00342467180064173 0.00327885363573283 0.00313651283592382 0.00299772655068507 0.0028625532985393 0.00273103450197383 0.00260319603770136 0.00247934583189967 0.00235957329320255 0.00224346776927985 0.00213100346996215 0.0020221485215663 0.00191686606511053 0.0018151152671724 0.00171689667036457 0.00162270333675904 0.0015318817965405 0.00144438353180928 0.00136015995001999 0.00127916254863657 0.00120134301265782 0.00112665324783052
0.00669234011458874 0.00654152349168568 0.00638626867476351 0.00622713463029825 0.00606467824137465 0.00589925514947911 0.00573160025007416 0.00556247721595881 0.00539238686565214 0.00522181058489489 0.00505120846241543 0.00488101761372544 0.00471168778156853 0.00454386493073018 0.0043777522203718 0.00421365719471297 0.00405185954302654 0.00389261133468303 0.00373613742533378 0.00358263602959902 0.00343277205277454 0.00328637353132166 0.00314342229137669 0.00300400301289761 0.00286818152291861 0.00273600627723769 0.00260750986117028 0.00248300753820876 0.0023625966435372 0.0022458709865923 0.00213280930688369 0.00202338374346218 0.00191756092632987 0.00181530298477471 0.0017166133898436 0.0016219934788986 0.00153078457860651 0.00144293870674921 0.00135840737825278 0.00127714179789335 0.00119909298746114 0.00112421185006336
