resources/Exp000_Example-Run/Run01_M2/TimeSeries/1980/model_set/cldtot_avg.asc
NCOLS 265 
NROWS 230 
XLLCORNER -115.5625 
YLLCORNER 24.8333333333333 
CELLSIZE 0.0833333333333333 
NODATA_value -9999 
[rows 0 to 19 of 230, columns 132 to 175 of 265]
0.479766428470612 0.480823874473572 0.481922626495361 0.483145326375961 0.484368056058884 0.485590755939484 0.486813485622406 0.488036185503006 0.489258885383606 0.490481615066528 0.487019866704941 0.48199662566185 0.476973384618759 0.471950143575668 0.4669269323349 0.461903691291809 0.456880450248718 0.453783363103867 0.456464678049088 0.459145992994308 0.461827307939529 0.464508652687073 0.467189967632294 0.469871282577515 0.472552627325058 0.471957892179489 0.470271170139313 0.468584418296814 0.466897696256638 0.465210944414139 0.463524222373962 0.461837470531464 0.46093276143074 0.462374150753021 0.463815540075302 0.465256929397583 0.466698318719864 0.468139708042145 0.469581097364426 0.471022486686707 0.47163525223732 0.471971839666367 0.472308397293091 0.472644984722137
0.476162970066071 0.476880192756653 0.477682650089264 0.478740811347961 0.479798972606659 0.480857133865356 0.481915324926376 0.482973486185074 0.484031647443771 0.485089808702469 0.482090890407562 0.477739602327347 0.473388314247131 0.469037026166916 0.4646857380867 0.460334450006485 0.45598316192627 0.453319221735001 0.455717384815216 0.458115518093109 0.460513681173325 0.462911814451218 0.465309947729111 0.467708110809326 0.470106244087219 0.469638139009476 0.468214571475983 0.466791033744812 0.465367496013641 0.463943958282471 0.462520390748978 0.461096853017807 0.460399240255356 0.461879432201385 0.463359594345093 0.4648397564888 0.46631994843483 0.467800110578537 0.469280302524567 0.470760464668274 0.47124394774437 0.471395224332809 0.471546500921249 0.471697747707367
0.472559541463852 0.472936511039734 0.473442643880844 0.474336266517639 0.475229889154434 0.476123541593552 0.477017164230347 0.477910786867142 0.478804409503937 0.479698032140732 0.477161943912506 0.473482578992844 0.469803243875504 0.466123908758163 0.462444573640823 0.458765208721161 0.455085873603821 0.452855110168457 0.454970091581345 0.45708504319191 0.459200024604797 0.461314976215363 0.46342995762825 0.465544909238815 0.467659890651703 0.46731835603714 0.466158002614975 0.46499764919281 0.463837295770645 0.46267694234848 0.461516588926315 0.46035623550415 0.459865719079971 0.461384683847427 0.462903648614883 0.46442261338234 0.465941578149796 0.467460542917252 0.468979507684708 0.470498472452164 0.470852673053741 0.470818608999252 0.470784574747086 0.470750510692596
0.468956112861633 0.468992859125137 0.469202667474747 0.469931751489639 0.470660835504532 0.471389919519424 0.472119003534317 0.47284808754921 0.473577171564102 0.474306255578995 0.472232967615128 0.469225585460663 0.466218173503876 0.463210791349411 0.460203379392624 0.457195997238159 0.454188585281372 0.452390998601913 0.454222768545151 0.45605456829071 0.45788636803627 0.459718137979507 0.461549937725067 0.463381737470627 0.465213507413864 0.464998602867126 0.464101433753967 0.463204264640808 0.462307095527649 0.461409956216812 0.460512787103653 0.459615617990494 0.459332197904587 0.460889935493469 0.462447702884674 0.464005440473557 0.465563207864761 0.467120945453644 0.468678712844849 0.470236450433731 0.470461368560791 0.470241993665695 0.470022648572922 0.469803273677826
0.465352684259415 0.465049177408218 0.464962691068649 0.465527206659317 0.466091752052307 0.466656297445297 0.467220842838287 0.467785388231277 0.468349903821945 0.468914449214935 0.467303991317749 0.46496856212616 0.462633103132248 0.460297644138336 0.457962214946747 0.455626755952835 0.453291296958923 0.451926857233047 0.453475475311279 0.455024093389511 0.456572711467743 0.458121329545975 0.459669917821884 0.461218535900116 0.462767153978348 0.462678819894791 0.46204486489296 0.461410880088806 0.460776925086975 0.460142940282822 0.459508955478668 0.458875000476837 0.45879864692688 0.460395187139511 0.461991727352142 0.463588267564774 0.465184807777405 0.466781347990036 0.468377888202667 0.469974428415298 0.470070064067841 0.46966540813446 0.469260722398758 0.468856036663055
0.461749255657196 0.461105495691299 0.46072268486023 0.461122691631317 0.461522698402405 0.46192267537117 0.462322682142258 0.462722688913345 0.463122665882111 0.463522672653198 0.462375044822693 0.460711538791656 0.45904803276062 0.457384526729584 0.455721020698547 0.454057514667511 0.452394008636475 0.451462745666504 0.452728182077408 0.453993618488312 0.455259054899216 0.45652449131012 0.457789927721024 0.459055364131927 0.460320800542831 0.460359066724777 0.459988296031952 0.459617495536804 0.459246724843979 0.458875954151154 0.458505153656006 0.458134382963181 0.458265125751495 0.459900468587875 0.461535781621933 0.463171124458313 0.464806437492371 0.466441780328751 0.468077093362808 0.469712436199188 0.469678789377213 0.469088792800903 0.468498796224594 0.467908799648285
0.460209965705872 0.45933535695076 0.458740770816803 0.458986341953278 0.45923188328743 0.459477424621582 0.459722995758057 0.459968537092209 0.460214078426361 0.460459619760513 0.459572404623032 0.458307594060898 0.457042783498764 0.45577797293663 0.454513132572174 0.45324832201004 0.451983511447906 0.451303660869598 0.45237872004509 0.453453809022903 0.454528868198395 0.455603927373886 0.456678986549377 0.457754075527191 0.458829134702682 0.458955496549606 0.458765625953674 0.45857572555542 0.458385854959488 0.458195984363556 0.458006113767624 0.45781621336937 0.458066433668137 0.459636986255646 0.461207538843155 0.462778061628342 0.464348614215851 0.465919137001038 0.467489689588547 0.469060212373734 0.469012051820755 0.468424320220947 0.467836558818817 0.467248827219009
0.460734874010086 0.459738731384277 0.45901694893837 0.459118157625198 0.459219336509705 0.459320545196533 0.459421753883362 0.459522932767868 0.459624141454697 0.459725350141525 0.458896100521088 0.457756727933884 0.456617325544357 0.455477952957153 0.454338550567627 0.453199177980423 0.452059775590897 0.451449632644653 0.452427119016647 0.453404635190964 0.45438215136528 0.455359667539597 0.456337153911591 0.457314670085907 0.458292186260223 0.458468109369278 0.458376854658127 0.458285570144653 0.458194315433502 0.458103060722351 0.4580118060112 0.457920521497726 0.458202630281448 0.459604799747467 0.461006969213486 0.462409108877182 0.463811278343201 0.465213447809219 0.466615617275238 0.468017786741257 0.46806988120079 0.46767196059227 0.467274039983749 0.466876119375229
0.461259752511978 0.460142135620117 0.459293097257614 0.459249943494797 0.459206819534302 0.459163665771484 0.459120512008667 0.45907735824585 0.459034204483032 0.458991050720215 0.458219796419144 0.457205832004547 0.456191897392273 0.455177932977676 0.45416396856308 0.453150004148483 0.452136069536209 0.451595574617386 0.452475517988205 0.453355491161346 0.454235434532166 0.455115377902985 0.455995321273804 0.456875264644623 0.457755237817764 0.45798072218895 0.457988083362579 0.457995444536209 0.458002775907516 0.458010137081146 0.458017498254776 0.458024829626083 0.458338797092438 0.459572583436966 0.460806399583817 0.462040185928345 0.463273972272873 0.464507758617401 0.465741574764252 0.46697536110878 0.467127710580826 0.466919600963593 0.466711491346359 0.466503381729126
0.461784660816193 0.460545510053635 0.459569275379181 0.459381759166718 0.459194272756577 0.459006756544113 0.458819270133972 0.458631783723831 0.458444267511368 0.458256781101227 0.4575434923172 0.456654965877533 0.455766439437866 0.454877912998199 0.453989386558533 0.453100860118866 0.452212333679199 0.451741546392441 0.452523916959763 0.453306317329407 0.454088717699051 0.454871088266373 0.455653488636017 0.456435889005661 0.457218289375305 0.457493335008621 0.457599312067032 0.457705289125443 0.457811236381531 0.457917213439941 0.458023190498352 0.45812913775444 0.458474963903427 0.459540396928787 0.460605829954147 0.461671233177185 0.462736666202545 0.463802099227905 0.464867502450943 0.465932935476303 0.466185569763184 0.466167271137238 0.466148972511292 0.466130673885345
0.462309539318085 0.460948884487152 0.459845423698425 0.459513574838638 0.459181725978851 0.458849877119064 0.458518028259277 0.45818617939949 0.457854330539703 0.457522481679916 0.456867188215256 0.456104099750519 0.455341011285782 0.454577893018723 0.453814804553986 0.453051716089249 0.452288597822189 0.451887488365173 0.45257231593132 0.453257143497467 0.453942000865936 0.454626828432083 0.45531165599823 0.455996483564377 0.456681311130524 0.457005977630615 0.457210540771484 0.457415133714676 0.457619696855545 0.457824289798737 0.458028882741928 0.458233445882797 0.458611160516739 0.459508210420609 0.460405260324478 0.461302310228348 0.462199360132217 0.463096410036087 0.463993459939957 0.464890509843826 0.465243399143219 0.46541491150856 0.465586423873901 0.465757936239243
0.462834417819977 0.46135225892067 0.460121601819992 0.459645390510559 0.459169179201126 0.458692997694016 0.458216786384583 0.457740604877472 0.457264393568039 0.456788182258606 0.456190884113312 0.455553233623505 0.454915553331375 0.454277873039246 0.453640222549438 0.453002542257309 0.452364891767502 0.452033460140228 0.452620714902878 0.45320799946785 0.453795284032822 0.454382538795471 0.454969823360443 0.455557107925415 0.456144362688065 0.456518590450287 0.456821769475937 0.457124978303909 0.457428157329559 0.457731366157532 0.458034574985504 0.458337754011154 0.458747327327728 0.459475994110107 0.460204690694809 0.460933357477188 0.461662024259567 0.462390720844269 0.463119387626648 0.46384808421135 0.464301228523254 0.464662551879883 0.465023905038834 0.465385228395462
0.463118344545364 0.461727142333984 0.460537880659103 0.45995444059372 0.459371030330658 0.458787590265274 0.45820415019989 0.457620710134506 0.457037299871445 0.456453859806061 0.455832242965698 0.455197900533676 0.454563558101654 0.453929215669632 0.45329487323761 0.452660530805588 0.452026188373566 0.451684683561325 0.452221691608429 0.452758699655533 0.453295707702637 0.453832745552063 0.454369753599167 0.454906761646271 0.455443769693375 0.455828607082367 0.456162720918655 0.456496834754944 0.456830978393555 0.457165092229843 0.457499206066132 0.45783331990242 0.458241373300552 0.458871275186539 0.459501147270203 0.460131049156189 0.460760921239853 0.461390823125839 0.462020695209503 0.46265059709549 0.463141322135925 0.463585644960403 0.464029997587204 0.464474350214005
0.463161289691925 0.462073504924774 0.461094290018082 0.460440754890442 0.459787219762802 0.45913365483284 0.4584801197052 0.45782658457756 0.457173019647598 0.456519484519958 0.455791264772415 0.455038130283356 0.454284995794296 0.453531891107559 0.4527787566185 0.45202562212944 0.451272487640381 0.450841158628464 0.451375216245651 0.451909273862839 0.452443331480026 0.452977389097214 0.453511416912079 0.454045474529266 0.454579532146454 0.454936057329178 0.45523339509964 0.455530732870102 0.455828100442886 0.456125438213348 0.45642277598381 0.456720143556595 0.457093298435211 0.457693994045258 0.458294659852982 0.458895355463028 0.459496021270752 0.460096716880798 0.460697382688522 0.461298078298569 0.461763650178909 0.462184190750122 0.462604731321335 0.46302530169487
0.463204234838486 0.462419897317886 0.461650729179382 0.460927069187164 0.460203409194946 0.459479749202728 0.45875608921051 0.458032429218292 0.457308769226074 0.456585109233856 0.45575025677681 0.454878360033035 0.454006433486938 0.453134536743164 0.45226263999939 0.451390743255615 0.450518816709518 0.449997663497925 0.450528770685196 0.451059848070145 0.451590925455093 0.452122032642365 0.452653110027313 0.453184217214584 0.453715294599533 0.454043507575989 0.454304069280624 0.45456463098526 0.454825222492218 0.455085784196854 0.455346375703812 0.455606937408447 0.455945253372192 0.456516712903976 0.45708817243576 0.457659661769867 0.458231121301651 0.458802610635757 0.459374070167542 0.459945529699326 0.460385978221893 0.460782736539841 0.461179494857788 0.461576253175735
0.463247150182724 0.462766259908676 0.462207138538361 0.461413353681564 0.46061959862709 0.459825813770294 0.459032028913498 0.458238273859024 0.457444489002228 0.456650704145432 0.455709248781204 0.454718589782715 0.453727900981903 0.452737212181091 0.45174652338028 0.450755834579468 0.449765145778656 0.449154168367386 0.449682295322418 0.450210422277451 0.450738549232483 0.451266676187515 0.451794803142548 0.45232293009758 0.452851057052612 0.453150928020477 0.453374743461609 0.453598529100418 0.45382234454155 0.454046159982681 0.45426994562149 0.454493761062622 0.454797178506851 0.455339431762695 0.455881714820862 0.456423968076706 0.45696622133255 0.457508474588394 0.458050757646561 0.458593010902405 0.459008306264877 0.459381252527237 0.459754228591919 0.460127204656601
0.463290095329285 0.463112622499466 0.462763547897339 0.461899667978287 0.461035788059235 0.460171908140182 0.459307998418808 0.458444118499756 0.457580238580704 0.456716328859329 0.455668270587921 0.454558789730072 0.453449338674545 0.452339887619019 0.451230406761169 0.450120955705643 0.449011474847794 0.448310673236847 0.44883581995964 0.449360996484756 0.44988614320755 0.450411319732666 0.450936496257782 0.451461642980576 0.451986819505692 0.452258378267288 0.452445417642593 0.452632427215576 0.452819466590881 0.453006505966187 0.453193545341492 0.453380584716797 0.45364910364151 0.454162150621414 0.454675227403641 0.455188274383545 0.455701321363449 0.456214368343353 0.456727415323257 0.457240492105484 0.457630634307861 0.457979798316956 0.458328992128372 0.458678156137466
0.463333040475845 0.463459014892578 0.46331998705864 0.462385982275009 0.461451977491379 0.460517972707748 0.459583967924118 0.458649963140488 0.457715958356857 0.456781953573227 0.455627262592316 0.454399019479752 0.453170776367188 0.451942533254623 0.450714290142059 0.449486047029495 0.448257803916931 0.447467178106308 0.447989374399185 0.448511570692062 0.44903376698494 0.449555963277817 0.450078159570694 0.450600355863571 0.451122552156448 0.451365798711777 0.451516062021255 0.451666325330734 0.451816588640213 0.451966851949692 0.452117115259171 0.452267378568649 0.452501058578491 0.452984899282455 0.45346873998642 0.453952580690384 0.454436421394348 0.454920262098312 0.455404102802277 0.455887943506241 0.456252962350845 0.456578344106674 0.456903725862503 0.457229107618332
0.462873667478561 0.463012754917145 0.462885051965714 0.461956828832626 0.461028605699539 0.460100412368774 0.459172189235687 0.4582439661026 0.457315742969513 0.456387549638748 0.455229163169861 0.453994035720825 0.452758938074112 0.451523810625076 0.450288712978363 0.449053585529327 0.447818487882614 0.447006225585938 0.447462528944016 0.447918862104416 0.448375165462494 0.448831498622894 0.449287801980972 0.449744135141373 0.450200438499451 0.450454860925674 0.450641930103302 0.450829029083252 0.45101609826088 0.451203197240829 0.451390266418457 0.451577365398407 0.451827585697174 0.452267199754715 0.452706843614578 0.453146457672119 0.453586101531982 0.454025715589523 0.454465359449387 0.454904973506927 0.455253303050995 0.455571174621582 0.455889046192169 0.456206917762756
0.46191194653511 0.461773902177811 0.461458742618561 0.460612207651138 0.459765702486038 0.458919167518616 0.458072662353516 0.457226127386093 0.456379622220993 0.455533087253571 0.454473912715912 0.453343838453293 0.452213764190674 0.451083689928055 0.449953615665436 0.448823571205139 0.44769349694252 0.446927815675735 0.447255343198776 0.447582870721817 0.447910368442535 0.448237895965576 0.448565423488617 0.448892951011658 0.449220478534698 0.449525475502014 0.44982299208641 0.450120478868484 0.450417995452881 0.450715482234955 0.451012998819351 0.451310515403748 0.451628744602203 0.45200914144516 0.452389538288116 0.452769935131073 0.45315033197403 0.453530758619308 0.453911155462265 0.454291552305222 0.45463165640831 0.454958289861679 0.455284953117371 0.45561158657074
