resources/Exp000_Example-Run/Run01_M2/TimeSeries/1980/model_set/cldtot_avg.asc
NCOLS 265 
NROWS 230 
XLLCORNER -115.5625 
YLLCORNER 24.8333333333333 
CELLSIZE 0.0833333333333333 
NODATA_value -9999 
[rows 140 to 159 of 230, columns 132 to 175 of 265]
0.383955210447311 0.383524388074875 0.383402049541473 0.384205102920532 0.385008156299591 0.385811179876328 0.386614233255386 0.387417286634445 0.388220310211182 0.38902336359024 0.388915777206421 0.388504654169083 0.388093531131744 0.387682408094406 0.387271285057068 0.38686016201973 0.386449038982391 0.386587709188461 0.388375729322433 0.390163749456406 0.391951769590378 0.39373978972435 0.395527809858322 0.397315829992294 0.399103879928589 0.399455189704895 0.399327635765076 0.399200081825256 0.399072527885437 0.398944944143295 0.398817390203476 0.398689836263657 0.398914963006973 0.400198131799698 0.401481300592422 0.402764469385147 0.404047638177872 0.405330806970596 0.406613975763321 0.407897144556046 0.408369034528732 0.408570468425751 0.408771902322769 0.408973336219788
0.384606629610062 0.384343922138214 0.384319007396698 0.385007441043854 0.385695904493332 0.386384338140488 0.387072771787643 0.387761205434799 0.388449639081955 0.389138102531433 0.388929575681686 0.388422071933746 0.387914597988129 0.387407094240189 0.386899590492249 0.386392116546631 0.385884612798691 0.385984718799591 0.387907683849335 0.389830619096756 0.3917535841465 0.393676549196243 0.395599484443665 0.397522449493408 0.399445414543152 0.399784207344055 0.399594932794571 0.399405688047409 0.399216443300247 0.399027168750763 0.398837924003601 0.398648679256439 0.398847132921219 0.400208681821823 0.401570200920105 0.402931749820709 0.404293298721313 0.405654847621918 0.407016396522522 0.408377945423126 0.4088334441185 0.408986955881119 0.409140437841415 0.409293919801712
0.385258048772812 0.385163456201553 0.385235965251923 0.385809808969498 0.386383652687073 0.386957466602325 0.3875313103199 0.388105154037476 0.388678997755051 0.389252841472626 0.388943374156952 0.388339519500732 0.387735635042191 0.387131780385971 0.386527925729752 0.38592404127121 0.38532018661499 0.385381758213043 0.387439638376236 0.389497518539429 0.391555398702621 0.393613278865814 0.395671159029007 0.3977290391922 0.399786919355392 0.400113195180893 0.399862259626389 0.399611294269562 0.399360358715057 0.399109423160553 0.398858457803726 0.398607522249222 0.398779273033142 0.400219202041626 0.40165913105011 0.403099060058594 0.404538989067078 0.405978888273239 0.407418817281723 0.408858746290207 0.40929788351059 0.409403443336487 0.409509003162384 0.409614533185959
0.38590943813324 0.38598296046257 0.386152923107147 0.386612147092819 0.387071400880814 0.387530624866486 0.387989848852158 0.388449102640152 0.388908326625824 0.389367550611496 0.38895720243454 0.388256937265396 0.387556701898575 0.386856466531754 0.386156231164932 0.385455995798111 0.384755730628967 0.384778767824173 0.386971592903137 0.389164388179779 0.391357213258743 0.393550008535385 0.395742833614349 0.397935658693314 0.400128453969955 0.400442183017731 0.400129556655884 0.399816900491714 0.399504274129868 0.399191647768021 0.398878991603851 0.398566365242004 0.398711442947388 0.400229752063751 0.401748031377792 0.403266340494156 0.404784649610519 0.406302928924561 0.407821238040924 0.409339547157288 0.409762322902679 0.409819930791855 0.40987753868103 0.409935146570206
0.386726081371307 0.386864811182022 0.387054592370987 0.387397408485413 0.387740254402161 0.388083100318909 0.388425916433334 0.388768762350082 0.389111578464508 0.389454424381256 0.389034628868103 0.388360649347305 0.387686640024185 0.387012660503387 0.386338651180267 0.38566467165947 0.38499066233635 0.385010749101639 0.387113064527512 0.389215379953384 0.391317695379257 0.39342001080513 0.395522326231003 0.397624641656876 0.399726957082748 0.400085508823395 0.399862796068192 0.399640083312988 0.399417400360107 0.399194687604904 0.398971974849701 0.39874929189682 0.398953288793564 0.400437474250793 0.401921659708023 0.403405845165253 0.404890030622482 0.406374216079712 0.407858371734619 0.409342557191849 0.409762144088745 0.409826874732971 0.409891575574875 0.409956306219101
0.387707948684692 0.387809008359909 0.387940973043442 0.3881656229496 0.388390243053436 0.388614863157272 0.388839513063431 0.389064133167267 0.389288783073425 0.389513403177261 0.389175713062286 0.388650596141815 0.388125479221344 0.387600362300873 0.387075215578079 0.386550098657608 0.386024981737137 0.386077731847763 0.387864112854004 0.389650493860245 0.391436874866486 0.393223255872726 0.395009636878967 0.396796017885208 0.398582398891449 0.399043142795563 0.399062007665634 0.399080872535706 0.399099707603455 0.399118572473526 0.399137437343597 0.399156272411346 0.399504810571671 0.400842398405075 0.402179956436157 0.403517544269562 0.404855132102966 0.406192690134048 0.407530277967453 0.408867835998535 0.409297376871109 0.409424275159836 0.40955114364624 0.409678012132645
0.388689786195755 0.388753205537796 0.388827353715897 0.388933807611465 0.389040231704712 0.389146655797958 0.389253109693527 0.389359533786774 0.38946595788002 0.389572381973267 0.38931679725647 0.388940542936325 0.38856428861618 0.388188034296036 0.387811779975891 0.387435525655746 0.387059271335602 0.387144684791565 0.388615131378174 0.390085607767105 0.391556054353714 0.393026500940323 0.394496947526932 0.395967394113541 0.39743784070015 0.398000776767731 0.398261189460754 0.3985216319561 0.398782044649124 0.399042457342148 0.399302870035172 0.399563282728195 0.4000563621521 0.401247322559357 0.402438282966614 0.403629243373871 0.404820203781128 0.406011193990707 0.407202154397964 0.408393114805222 0.408832639455795 0.4090216755867 0.409210711717606 0.409399747848511
0.389671623706818 0.389697372913361 0.389713764190674 0.389701992273331 0.389690220355988 0.389678448438644 0.389666676521301 0.389654904603958 0.389643132686615 0.389631390571594 0.389457881450653 0.389230519533157 0.389003127813339 0.388775736093521 0.388548344373703 0.388320952653885 0.388093560934067 0.388211667537689 0.389366179704666 0.390520691871643 0.391675233840942 0.392829746007919 0.393984258174896 0.395138770341873 0.396293312311172 0.396958410739899 0.397460401058197 0.397962391376495 0.398464351892471 0.39896634221077 0.399468332529068 0.399970293045044 0.400607883930206 0.401652246713638 0.402696579694748 0.40374094247818 0.404785305261612 0.405829668045044 0.406874030828476 0.407918393611908 0.408367872238159 0.408619076013565 0.408870249986649 0.409121453762054
0.390653491020203 0.390641570091248 0.390600144863129 0.390470176935196 0.390340209007263 0.39021024107933 0.390080273151398 0.389950305223465 0.389820337295532 0.3896903693676 0.389598965644836 0.389520466327667 0.389441937208176 0.389363437891006 0.389284908771515 0.389206379652023 0.389127880334854 0.389278620481491 0.390117198228836 0.390955805778503 0.391794383525848 0.392632991075516 0.393471568822861 0.394310146570206 0.395148754119873 0.395916044712067 0.396659582853317 0.39740315079689 0.398146688938141 0.398890227079391 0.399633765220642 0.400377303361893 0.401159405708313 0.402057141065598 0.402954906225204 0.403852641582489 0.404750406742096 0.405648171901703 0.406545907258987 0.407443672418594 0.407903105020523 0.40821647644043 0.408529818058014 0.408843159675598
0.391635328531265 0.391585767269135 0.391486525535583 0.391238361597061 0.390990197658539 0.390742033720016 0.390493869781494 0.390245676040649 0.389997512102127 0.389749348163605 0.389740079641342 0.389810413122177 0.389880776405334 0.389951109886169 0.390021473169327 0.390091806650162 0.390162169933319 0.390345603227615 0.390868246555328 0.391390919685364 0.391913563013077 0.392436236143112 0.392958879470825 0.393481552600861 0.394004195928574 0.394873678684235 0.39585879445076 0.396843910217285 0.397828996181488 0.398814111948013 0.399799197912216 0.400784313678741 0.40171092748642 0.402462065219879 0.403213202953339 0.40396437048912 0.40471550822258 0.405466645956039 0.406217783689499 0.406968921422958 0.407438337802887 0.407813847064972 0.408189356327057 0.408564865589142
0.393046349287033 0.393031567335129 0.392917394638062 0.39250510931015 0.392092823982239 0.391680538654327 0.391268253326416 0.390855967998505 0.390443682670593 0.390031397342682 0.390007644891739 0.390113413333893 0.390219181776047 0.390324950218201 0.390430718660355 0.390536487102509 0.39064222574234 0.390807092189789 0.391149282455444 0.391491442918777 0.391833603382111 0.392175793647766 0.392517954111099 0.392860114574432 0.393202275037766 0.394170939922333 0.395348429679871 0.396525919437408 0.397703438997269 0.398880928754807 0.400058418512344 0.401235908269882 0.402291119098663 0.402979493141174 0.403667867183685 0.404356211423874 0.405044585466385 0.405732959508896 0.406421333551407 0.407109707593918 0.407610088586807 0.408047825098038 0.408485591411591 0.408923327922821
0.394886523485184 0.394979000091553 0.394892752170563 0.394270449876785 0.393648117780685 0.393025785684586 0.392403453588486 0.391781121492386 0.391158819198608 0.390536487102509 0.390401691198349 0.390429437160492 0.390457153320312 0.390484899282455 0.390512645244598 0.390540361404419 0.390568107366562 0.390663176774979 0.390960305929184 0.391257405281067 0.391554534435272 0.391851633787155 0.39214876294136 0.392445892095566 0.392742991447449 0.393807828426361 0.395128518342972 0.396449238061905 0.397769957780838 0.399090647697449 0.400411367416382 0.401732087135315 0.402899980545044 0.403609395027161 0.404318809509277 0.405028253793716 0.405737668275833 0.406447112560272 0.407156527042389 0.407865941524506 0.408418357372284 0.408918380737305 0.409418433904648 0.409918487071991
0.396726697683334 0.396926403045654 0.396868109703064 0.396035760641098 0.39520338177681 0.394371032714844 0.393538653850555 0.39270630478859 0.391873955726624 0.391041576862335 0.390795767307281 0.390745460987091 0.390695154666901 0.39064484834671 0.39059454202652 0.390544265508652 0.390493959188461 0.390519231557846 0.390771299600601 0.391023367643356 0.391275435686111 0.391527503728867 0.391779571771622 0.392031639814377 0.392283707857132 0.393444687128067 0.394908607006073 0.396372526884079 0.397836476564407 0.399300396442413 0.400764316320419 0.402228266000748 0.403508812189102 0.404239296913147 0.404969781637192 0.405700266361237 0.406430751085281 0.407161235809326 0.407891720533371 0.408622205257416 0.409226596355438 0.409788936376572 0.410351306200027 0.410913676023483
0.398566842079163 0.398873835802078 0.398843467235565 0.397801071405411 0.396758675575256 0.395716279745102 0.394673883914948 0.393631488084793 0.392589092254639 0.391546666622162 0.391189813613892 0.39106148481369 0.390933156013489 0.390804827213287 0.390676468610764 0.390548139810562 0.390419811010361 0.390375316143036 0.390582323074341 0.390789359807968 0.390996366739273 0.391203373670578 0.391410410404205 0.39161741733551 0.391824424266815 0.393081545829773 0.394688695669174 0.396295845508575 0.397902995347977 0.399510145187378 0.401117295026779 0.402724415063858 0.404117673635483 0.404869198799133 0.405620753765106 0.406372308731079 0.40712383389473 0.407875388860703 0.408626914024353 0.409378468990326 0.410034835338593 0.410659521818161 0.411284178495407 0.411908835172653
0.400407016277313 0.400821268558502 0.400818824768066 0.399566382169724 0.398313969373703 0.39706152677536 0.395809084177017 0.394556641578674 0.393304198980331 0.392051786184311 0.391583889722824 0.391377508640289 0.391171157360077 0.390964776277542 0.390758395195007 0.390552043914795 0.39034566283226 0.390231370925903 0.39039334654808 0.390555322170258 0.390717267990112 0.390879243612289 0.391041219234467 0.391203194856644 0.391365170478821 0.392718434333801 0.394468784332275 0.39621913433075 0.397969514131546 0.39971986413002 0.401470243930817 0.403220593929291 0.404726535081863 0.405499130487442 0.406271725893021 0.407044321298599 0.407816916704178 0.408589512109756 0.409362107515335 0.410134702920914 0.410843104124069 0.411530077457428 0.412217020988464 0.412903994321823
0.402247190475464 0.402768671512604 0.402794182300568 0.401331722736359 0.399869233369827 0.398406773805618 0.396944284439087 0.395481824874878 0.394019335508347 0.392556875944138 0.391977965831757 0.391693532466888 0.391409128904343 0.391124725341797 0.390840321779251 0.390555918216705 0.39027151465416 0.390087455511093 0.39020437002182 0.390321284532547 0.390438199043274 0.390555113554001 0.390672028064728 0.390788942575455 0.390905886888504 0.392355293035507 0.394248872995377 0.396142452955246 0.398036032915115 0.399929612874985 0.401823192834854 0.403716772794724 0.405335366725922 0.406129032373428 0.406922698020935 0.407716333866119 0.408509999513626 0.409303665161133 0.410097301006317 0.410890966653824 0.411651343107224 0.412400633096695 0.413149893283844 0.413899183273315
0.403245568275452 0.403853893280029 0.40394538640976 0.402486532926559 0.401027679443359 0.399568796157837 0.398109942674637 0.396651059389114 0.395192205905914 0.393733352422714 0.393181562423706 0.392932116985321 0.392682671546936 0.392433226108551 0.392183810472488 0.391934365034103 0.391684919595718 0.391500681638718 0.39151206612587 0.391523420810699 0.391534775495529 0.391546159982681 0.391557514667511 0.391568899154663 0.391580253839493 0.392938584089279 0.394745916128159 0.39655327796936 0.39836061000824 0.400167942047119 0.401975274085999 0.403782606124878 0.405348479747772 0.406190007925034 0.407031536102295 0.407873064279556 0.408714592456818 0.409556120634079 0.41039764881134 0.411239176988602 0.412051022052765 0.412852972745895 0.413654923439026 0.414456874132156
0.403402179479599 0.404076874256134 0.404272496700287 0.403030872344971 0.401789247989655 0.400547653436661 0.399306029081345 0.398064404726028 0.396822810173035 0.395581185817719 0.395194679498672 0.395093202590942 0.394991755485535 0.394890278577805 0.394788801670074 0.394687324762344 0.394585877656937 0.394471108913422 0.394316405057907 0.394161731004715 0.3940070271492 0.393852353096008 0.393697649240494 0.393542975187302 0.393388271331787 0.39446833729744 0.395959973335266 0.39745157957077 0.398943215608597 0.400434851646423 0.401926457881927 0.403418093919754 0.404765874147415 0.40568208694458 0.406598269939423 0.407514482736588 0.408430695533752 0.409346878528595 0.41026309132576 0.411179304122925 0.412042111158371 0.412887126207352 0.41373211145401 0.414577126502991
0.403558760881424 0.404299855232239 0.404599577188492 0.403575211763382 0.402550846338272 0.401526480913162 0.400502115488052 0.399477750062943 0.398453384637833 0.397429019212723 0.397207796573639 0.397254317998886 0.397300809621811 0.397347301244736 0.397393822669983 0.397440314292908 0.397486805915833 0.397441506385803 0.397120773792267 0.39680004119873 0.396479278802872 0.396158546209335 0.395837813615799 0.39551705121994 0.395196318626404 0.395998060703278 0.397174000740051 0.398349910974503 0.399525821208954 0.400701761245728 0.401877671480179 0.40305358171463 0.404183268547058 0.405174136161804 0.406165033578873 0.407155901193619 0.408146798610687 0.409137666225433 0.410128563642502 0.411119431257248 0.412033200263977 0.412921249866486 0.413809329271317 0.414697378873825
0.403715372085571 0.404522836208344 0.404926657676697 0.404119551181793 0.403312414884567 0.402505308389664 0.40169820189476 0.400891095399857 0.400083988904953 0.399276852607727 0.399220943450928 0.399415403604507 0.39960989356041 0.399804353713989 0.399998813867569 0.400193303823471 0.400387763977051 0.400411933660507 0.399925142526627 0.399438321590424 0.398951530456543 0.398464739322662 0.397977948188782 0.397491157054901 0.397004336118698 0.397527813911438 0.398388028144836 0.399248242378235 0.400108456611633 0.400968670845032 0.40182888507843 0.402689099311829 0.403600633144379 0.404666185379028 0.405731767416 0.40679731965065 0.4078628718853 0.408928453922272 0.409994006156921 0.411059558391571 0.412024289369583 0.412955403327942 0.413886517286301 0.414817631244659
