resources/Exp000_Example-Run/Run01_M2/TimeSeries/1980/model_set/cldtot_avg.asc
NCOLS 265 
NROWS 230 
XLLCORNER -115.5625 
YLLCORNER 24.8333333333333 
CELLSIZE 0.0833333333333333 
NODATA_value -9999 
[rows 160 to 179 of 230, columns 176 to 219 of 265]
0.41591203212738 0.416886210441589 0.417860358953476 0.41881799697876 0.419726014137268 0.420634031295776 0.421542048454285 0.422450065612793 0.423358112573624 0.424266129732132 0.42517414689064 0.426108300685883 0.427051186561584 0.427994072437286 0.428936958312988 0.42987984418869 0.430822730064392 0.431765615940094 0.432601302862167 0.433115392923355 0.43362945318222 0.434143543243408 0.434657603502274 0.435171693563461 0.435685783624649 0.436199843883514 0.436587393283844 0.436932742595673 0.437278121709824 0.437623471021652 0.437968820333481 0.438314199447632 0.43865954875946 0.438866883516312 0.438660174608231 0.43845346570015 0.438246756792068 0.438040047883987 0.437833338975906 0.437626630067825 0.437419921159744 0.437848657369614 0.438489258289337 0.439129829406738
0.416075348854065 0.417092561721802 0.418109774589539 0.419117867946625 0.420098632574081 0.421079397201538 0.422060161828995 0.423040926456451 0.424021691083908 0.425002455711365 0.425983220338821 0.427017152309418 0.42806875705719 0.429120391607285 0.430172026157379 0.431223630905151 0.432275265455246 0.433326900005341 0.434245824813843 0.434766680002213 0.435287535190582 0.435808420181274 0.436329275369644 0.436850130558014 0.437370985746384 0.437891840934753 0.438162595033646 0.438349992036819 0.438537389039993 0.438724786043167 0.438912153244019 0.439099550247192 0.439286947250366 0.439365595579147 0.439117968082428 0.438870340585709 0.438622742891312 0.438375115394592 0.438127517700195 0.437879890203476 0.437632292509079 0.43809512257576 0.438794791698456 0.439494460821152
0.416223257780075 0.417335838079453 0.41844841837883 0.419556021690369 0.420648753643036 0.421741485595703 0.42283421754837 0.423926949501038 0.425019681453705 0.426112413406372 0.427205145359039 0.428324788808823 0.429453432559967 0.430582076311111 0.431710690259933 0.432839334011078 0.433967977762222 0.435096621513367 0.436079055070877 0.436622977256775 0.437166899442673 0.437710821628571 0.438254743814468 0.438798666000366 0.439342558383942 0.43988648056984 0.440042704343796 0.440069705247879 0.440096706151962 0.440123707056046 0.440150678157806 0.44017767906189 0.440204679965973 0.44015508890152 0.439875811338425 0.43959653377533 0.439317226409912 0.439037948846817 0.438758671283722 0.438479363918304 0.438200086355209 0.438664734363556 0.43937736749649 0.440089970827103
0.416355758905411 0.417616009712219 0.41887629032135 0.420132458209991 0.421376377344131 0.422620296478271 0.423864215612411 0.425108104944229 0.426352024078369 0.427595943212509 0.428839862346649 0.430031269788742 0.431205183267593 0.432379096746445 0.433553010225296 0.434726923704147 0.435900866985321 0.437074780464172 0.438101023435593 0.43868425488472 0.439267516136169 0.439850777387619 0.440434008836746 0.441017270088196 0.441600501537323 0.442183762788773 0.442227691411972 0.442091882228851 0.441956043243408 0.441820234060287 0.441684395074844 0.441548585891724 0.44141274690628 0.441235452890396 0.440933704376221 0.440631985664368 0.440330266952515 0.440028518438339 0.439726799726486 0.439425051212311 0.439123332500458 0.439557492733002 0.440236926078796 0.440916389226913
0.416488260030746 0.417896211147308 0.41930416226387 0.420708894729614 0.422104001045227 0.423499077558517 0.42489418387413 0.426289290189743 0.427684396505356 0.429079473018646 0.430474579334259 0.431737750768661 0.43295693397522 0.4341761469841 0.435395330190659 0.436614543199539 0.437833726406097 0.439052939414978 0.440122961997986 0.440745562314987 0.441368132829666 0.441990703344345 0.442613303661346 0.443235874176025 0.443858444690704 0.444481045007706 0.444412708282471 0.444114059209824 0.443815410137177 0.443516761064529 0.443218111991882 0.442919462919235 0.442620813846588 0.44231578707695 0.441991627216339 0.441667437553406 0.441343277692795 0.441019088029861 0.44069492816925 0.440370738506317 0.440046578645706 0.440450221300125 0.441096514463425 0.441742777824402
0.416620790958405 0.418176412582397 0.41973203420639 0.421285331249237 0.422831624746323 0.424377888441086 0.425924181938171 0.427470445632935 0.42901673913002 0.430563002824783 0.432109296321869 0.433444231748581 0.434708714485168 0.435973167419434 0.437237650156021 0.438502132892609 0.439766615629196 0.441031098365784 0.442144930362701 0.442806839942932 0.443468749523163 0.444130659103394 0.444792568683624 0.445454478263855 0.446116387844086 0.446778297424316 0.446597695350647 0.446136206388474 0.445674747228622 0.445213288068771 0.44475182890892 0.444290369749069 0.443828880786896 0.443396151065826 0.443049520254135 0.442702889442444 0.442356288433075 0.442009657621384 0.441663056612015 0.441316425800323 0.440969794988632 0.441342979669571 0.441956102848053 0.442569196224213
0.41675329208374 0.418456614017487 0.42015990614891 0.42186176776886 0.423559218645096 0.425256699323654 0.42695415019989 0.428651630878448 0.430349081754684 0.432046562433243 0.433744013309479 0.4351507127285 0.436460465192795 0.437770217657089 0.439079970121384 0.440389722585678 0.441699475049973 0.443009257316589 0.444166868925095 0.444868117570877 0.44556936621666 0.446270614862442 0.446971863508224 0.447673082351685 0.448374330997467 0.44907557964325 0.448782682418823 0.448158383369446 0.447534114122391 0.446909815073013 0.446285545825958 0.445661246776581 0.445036977529526 0.44447648525238 0.444107413291931 0.443738371133804 0.443369299173355 0.443000227212906 0.442631185054779 0.44226211309433 0.441893041133881 0.442235738039017 0.442815661430359 0.443395614624023
0.416885793209076 0.418736785650253 0.420587778091431 0.422438204288483 0.424286842346191 0.4261354804039 0.427984148263931 0.42983278632164 0.431681454181671 0.43353009223938 0.435378730297089 0.436857163906097 0.438212215900421 0.439567267894745 0.440922290086746 0.44227734208107 0.443632364273071 0.444987416267395 0.44618883728981 0.446929395198822 0.447669982910156 0.448410540819168 0.449151128530502 0.449891716241837 0.450632274150848 0.451372861862183 0.450967669487 0.450180560350418 0.449393451213837 0.448606342077255 0.447819262742996 0.447032153606415 0.446245044469833 0.445556819438934 0.44516533613205 0.444773823022842 0.444382309913635 0.443990796804428 0.443599313497543 0.443207800388336 0.442816287279129 0.443128496408463 0.443675249814987 0.444222003221512
0.416488826274872 0.418421059846878 0.420353323221207 0.42228439450264 0.424212008714676 0.42613959312439 0.428067207336426 0.429994821548462 0.431922405958176 0.433850020170212 0.435777634382248 0.437276691198349 0.438632905483246 0.43998908996582 0.441345304250717 0.442701518535614 0.444057732820511 0.445413917303085 0.446620106697083 0.447376221418381 0.448132336139679 0.448888421058655 0.449644535779953 0.450400620698929 0.451156735420227 0.451912850141525 0.451496183872223 0.450688600540161 0.449881017208099 0.449073433876038 0.448265850543976 0.447458267211914 0.44665065407753 0.4459547996521 0.445594131946564 0.445233434438705 0.44487276673317 0.444512069225311 0.444151401519775 0.443790704011917 0.443430006504059 0.443760454654694 0.444321274757385 0.444882094860077
0.415562391281128 0.417509436607361 0.419456481933594 0.421400368213654 0.423334687948227 0.425269037485123 0.427203357219696 0.429137706756592 0.431072026491165 0.433006346225739 0.434940695762634 0.436409205198288 0.437722474336624 0.43903574347496 0.440349012613297 0.441662281751633 0.442975550889969 0.444288820028305 0.445460736751556 0.446208566427231 0.446956396102905 0.44770422577858 0.448452055454254 0.449199885129929 0.449947714805603 0.450695544481277 0.450368195772171 0.449682474136353 0.448996752500534 0.448311030864716 0.447625309228897 0.446939587593079 0.44625386595726 0.445670425891876 0.445393800735474 0.445117235183716 0.444840639829636 0.444564044475555 0.444287449121475 0.444010853767395 0.443734258413315 0.444131672382355 0.444753736257553 0.445375829935074
0.414635926485062 0.416597813367844 0.418559670448303 0.420516341924667 0.4224573969841 0.424398452043533 0.426339507102966 0.428280562162399 0.430221617221832 0.432162672281265 0.434103757143021 0.435541749000549 0.436812072992325 0.4380823969841 0.439352750778198 0.440623074769974 0.441893398761749 0.443163722753525 0.44430136680603 0.445040911436081 0.445780456066132 0.446520030498505 0.447259575128555 0.447999119758606 0.448738694190979 0.44947823882103 0.449240237474442 0.448676347732544 0.448112487792969 0.447548627853394 0.446984767913818 0.446420907974243 0.445857048034668 0.44538602232933 0.445193499326706 0.445001006126404 0.444808483123779 0.444615989923477 0.444423496723175 0.444230973720551 0.444038480520248 0.444502860307693 0.445186227560043 0.445869565010071
0.413709491491318 0.415686160326004 0.417662858963013 0.419632315635681 0.421580106019974 0.423527896404266 0.425475656986237 0.427423447370529 0.429371237754822 0.431319028139114 0.433266788721085 0.434674292802811 0.435901671648026 0.437129080295563 0.438356459140778 0.439583837985992 0.44081124663353 0.442038625478745 0.443141967058182 0.443873256444931 0.44460454583168 0.445335805416107 0.446067094802856 0.446798384189606 0.447529643774033 0.448260933160782 0.44811224937439 0.447670251131058 0.447228252887726 0.446786224842072 0.44634422659874 0.445902228355408 0.445460230112076 0.445101618766785 0.444993197917938 0.444884777069092 0.444776356220245 0.444667935371399 0.444559544324875 0.444451123476028 0.444342702627182 0.444874048233032 0.445618689060211 0.44636332988739
0.412783026695251 0.414774537086487 0.416766047477722 0.418748289346695 0.420702785253525 0.422657310962677 0.424611806869507 0.426566332578659 0.428520828485489 0.430475354194641 0.432429850101471 0.433806836605072 0.434991270303726 0.436175733804703 0.437360167503357 0.438544631004333 0.439729064702988 0.440913528203964 0.441982597112656 0.442705601453781 0.443428605794907 0.444151610136032 0.444874614477158 0.445597618818283 0.446320623159409 0.447043627500534 0.446984261274338 0.446664124727249 0.44634398818016 0.446023851633072 0.445703685283661 0.445383548736572 0.445063412189484 0.444817215204239 0.444792896509171 0.44476854801178 0.444744229316711 0.444719910621643 0.444695591926575 0.444671243429184 0.444646924734116 0.445245265960693 0.446051150560379 0.446857064962387
0.411856591701508 0.41386291384697 0.415869206190109 0.417864263057709 0.419825494289398 0.421786725521088 0.423747956752777 0.425709217786789 0.427670449018478 0.429631680250168 0.431592911481857 0.432939350605011 0.434080868959427 0.435222387313843 0.436363875865936 0.437505394220352 0.438646912574768 0.439788401126862 0.44082322716713 0.441537946462631 0.442252695560455 0.442967414855957 0.443682134151459 0.44439685344696 0.445111602544785 0.445826321840286 0.445856302976608 0.445657998323441 0.445459723472595 0.44526144862175 0.445063173770905 0.444864869117737 0.444666594266891 0.444532811641693 0.444592595100403 0.44465234875679 0.444712102413177 0.444771856069565 0.444831609725952 0.444891393184662 0.444951146841049 0.445616453886032 0.446483641862869 0.447350800037384
0.411471307277679 0.413411140441895 0.415350943803787 0.41728138923645 0.419183731079102 0.421086043119431 0.42298835515976 0.424890667200089 0.42679300904274 0.428695321083069 0.430597633123398 0.431903749704361 0.433011114597321 0.434118509292603 0.435225874185562 0.436333239078522 0.437440603971481 0.438547998666763 0.439554959535599 0.440260738134384 0.44096651673317 0.441672265529633 0.442378044128418 0.443083822727203 0.443789571523666 0.444495350122452 0.444626539945602 0.444566160440445 0.44450581073761 0.444445461034775 0.444385081529617 0.444324731826782 0.444264382123947 0.444264680147171 0.444446921348572 0.444629162549973 0.444811403751373 0.444993644952774 0.445175915956497 0.445358157157898 0.445540398359299 0.446240723133087 0.447113752365112 0.447986781597137
0.41162720322609 0.413419216871262 0.415211260318756 0.416999727487564 0.418777465820312 0.420555233955383 0.422333002090454 0.424110740423203 0.425888508558273 0.427666276693344 0.429444015026093 0.4307000041008 0.43178203701973 0.43286406993866 0.433946132659912 0.435028165578842 0.436110198497772 0.437192261219025 0.438177824020386 0.438873946666718 0.439570069313049 0.440266191959381 0.440962314605713 0.441658467054367 0.442354589700699 0.443050712347031 0.44329497218132 0.443388611078262 0.443482220172882 0.443575859069824 0.443669497966766 0.443763107061386 0.443856745958328 0.444012761116028 0.444355875253677 0.444699019193649 0.445042163133621 0.445385277271271 0.445728421211243 0.446071565151215 0.446414679288864 0.447118073701859 0.447941511869431 0.448764950037003
0.4117830991745 0.413427323102951 0.415071547031403 0.416718035936356 0.418371230363846 0.420024424791336 0.421677619218826 0.423330813646317 0.424984008073807 0.426637202501297 0.428290396928787 0.429496228694916 0.430552959442139 0.431609660387039 0.43266636133194 0.433723092079163 0.434779793024063 0.435836493968964 0.43680065870285 0.437487155199051 0.438173651695251 0.43886011838913 0.43954661488533 0.440233111381531 0.440919578075409 0.44160607457161 0.441963404417038 0.442211031913757 0.442458659410477 0.442706257104874 0.442953884601593 0.443201512098312 0.443449109792709 0.443760842084885 0.444264858961105 0.444768875837326 0.445272892713547 0.445776909589767 0.446280926465988 0.446784943342209 0.447288990020752 0.447995394468307 0.448769271373749 0.44954314827919
0.41193899512291 0.41343542933464 0.414931863546371 0.416436344385147 0.417964994907379 0.419493615627289 0.421022266149521 0.422550886869431 0.424079537391663 0.425608158111572 0.427136778831482 0.428292483091354 0.429323852062225 0.430355250835419 0.43138661980629 0.432417988777161 0.433449387550354 0.434480756521225 0.435423493385315 0.436100363731384 0.436777204275131 0.437454044818878 0.438130915164948 0.438807755708694 0.439484596252441 0.440161436796188 0.440631866455078 0.441033452749252 0.441435068845749 0.441836684942245 0.44223827123642 0.442639887332916 0.443041503429413 0.443508923053741 0.444173812866211 0.444838732481003 0.445503652095795 0.446168541908264 0.446833461523056 0.447498351335526 0.448163270950317 0.448872715234756 0.449597030878067 0.450321346521378
0.412094861268997 0.413443505764008 0.414792150259018 0.416154652833939 0.41755872964859 0.418962806463242 0.420366883277893 0.421770960092545 0.423175036907196 0.424579113721848 0.425983190536499 0.427088737487793 0.428094774484634 0.429100841283798 0.43010687828064 0.431112915277481 0.432118982076645 0.433125019073486 0.434046357870102 0.434713572263718 0.435380756855011 0.436047971248627 0.436715185642242 0.437382400035858 0.438049614429474 0.438716799020767 0.439300298690796 0.43985590338707 0.440411478281021 0.440967082977295 0.441522687673569 0.44207826256752 0.442633867263794 0.443257004022598 0.444082796573639 0.44490858912468 0.44573438167572 0.446560174226761 0.447385966777802 0.448211759328842 0.449037551879883 0.449750065803528 0.450424790382385 0.451099514961243
0.412250757217407 0.413451611995697 0.414652466773987 0.415872991085052 0.417152494192123 0.418431997299194 0.419711530208588 0.420991033315659 0.42227053642273 0.4235500395298 0.424829572439194 0.425884962081909 0.426865696907043 0.427846401929855 0.42882713675499 0.429807841777802 0.430788546800613 0.431769281625748 0.432669192552567 0.433326780796051 0.433984339237213 0.434641897678375 0.43529948592186 0.435957044363022 0.436614602804184 0.437272161245346 0.437968760728836 0.438678324222565 0.439387917518616 0.440097481012344 0.440807074308395 0.441516637802124 0.442226231098175 0.443005084991455 0.443991780281067 0.444978445768356 0.445965111255646 0.446951806545258 0.447938472032547 0.448925167322159 0.449911832809448 0.450627386569977 0.451252549886703 0.45187771320343
