resources/Exp000_Example-Run/Run01_M2/TimeSeries/1980/model_set/qv2m_avg.asc
NCOLS 265 
NROWS 230 
XLLCORNER -115.5625 
YLLCORNER 24.8333333333333 
CELLSIZE 0.0833333333333333 
NODATA_value -9999 
[rows 57 to 75 of 230, columns 126 to 167 of 265]
0.00443852972239256 0.00449095014482737 0.00453986832872033 0.00458878604695201 0.00463770423084497 0.00468662194907665 0.00473554013296962 0.00478445831686258 0.00482896249741316 0.00486022606492043 0.00489148963242769 0.00492275319993496 0.00495401723310351 0.00498528080061078 0.00501654436811805 0.00504780793562531 0.00507932482287288 0.00511092599481344 0.00514252763241529 0.00517412880435586 0.00520572997629642 0.00523733114823699 0.00526893232017756 0.00530067970976233 0.00533286528661847 0.00536505086347461 0.00539723644033074 0.00542942201718688 0.00546160759404302 0.00549379270523787 0.005525978282094 0.00555478315800428 0.00558246159926057 0.00561013957485557 0.00563781755045056 0.00566549599170685 0.00569317396730185 0.00572085194289684 0.00574658904224634 0.00576650397852063 0.00578641844913363 0.00580633291974664
0.00441632280126214 0.00446886196732521 0.00451933965086937 0.00456981780007482 0.00462029548361897 0.00467077316716313 0.00472125085070729 0.00477172853425145 0.00481770653277636 0.00485018501058221 0.00488266348838806 0.0049151424318552 0.00494762090966105 0.00498009938746691 0.00501257786527276 0.00504505634307861 0.00507692201063037 0.00510858278721571 0.00514024356380105 0.00517190480604768 0.00520356558263302 0.00523522682487965 0.00526688760146499 0.00529858050867915 0.00533036887645721 0.00536215770989656 0.00539394607767463 0.00542573444545269 0.00545752281323075 0.0054893116466701 0.00552110001444817 0.0055499617010355 0.00557784829288721 0.00560573441907763 0.00563362101092935 0.00566150713711977 0.00568939372897148 0.0057172798551619 0.00574335549026728 0.00576399872079492 0.00578464195132256 0.0058052851818502
0.00439411634579301 0.00444677378982306 0.0044988114386797 0.00455084908753633 0.00460288673639297 0.00465492391958833 0.00470696156844497 0.00475899921730161 0.00480645056813955 0.00484014395624399 0.00487383734434843 0.00490753119811416 0.0049412245862186 0.00497491797432303 0.00500861136242747 0.00504230475053191 0.00507451873272657 0.00510623957961798 0.00513795996084809 0.0051696808077395 0.0052014016546309 0.00523312203586102 0.00526484288275242 0.00529648130759597 0.00532787246629596 0.00535926409065723 0.00539065571501851 0.00542204733937979 0.00545343849807978 0.00548483012244105 0.00551622174680233 0.00554514024406672 0.00557323498651385 0.00560132972896099 0.00562942400574684 0.00565751874819398 0.00568561349064112 0.00571370776742697 0.00574012193828821 0.00576149392873049 0.00578286545351148 0.00580423744395375
0.00439302111044526 0.00444592023268342 0.00449885101988912 0.0045517822727561 0.0046047130599618 0.00465764431282878 0.00471057556569576 0.00476350635290146 0.00481162592768669 0.00484531046822667 0.00487899500876665 0.00491267954930663 0.00494636408984661 0.00498004863038659 0.00501373317092657 0.00504741771146655 0.00507944403216243 0.00511091714724898 0.00514239072799683 0.00517386384308338 0.00520533742383122 0.00523681053891778 0.00526828411966562 0.00529961241409183 0.00533050578087568 0.00536139868199825 0.00539229204878211 0.00542318541556597 0.00545407831668854 0.0054849716834724 0.00551586505025625 0.00554464943706989 0.0055727306753397 0.0056008119136095 0.0056288936175406 0.0056569748558104 0.0056850565597415 0.0057131377980113 0.00573958363384008 0.00576112326234579 0.0057826628908515 0.0058042025193572
0.0044130370952189 0.00446630083024502 0.00451945932582021 0.00457261735573411 0.00462577538564801 0.0046789338812232 0.0047320919111371 0.00478525040671229 0.00483323214575648 0.00486568361520767 0.00489813555032015 0.00493058748543262 0.0049630394205451 0.00499549135565758 0.00502794282510877 0.00506039476022124 0.00509169697761536 0.0051226164214313 0.00515353539958596 0.00518445437774062 0.00521537335589528 0.00524629233404994 0.0052772113122046 0.00530797429382801 0.00533826788887382 0.00536856148391962 0.00539885507896543 0.00542914867401123 0.00545944273471832 0.00548973632976413 0.00552002992480993 0.00554848834872246 0.00557633535936475 0.00560418237000704 0.00563202891498804 0.00565987592563033 0.00568772293627262 0.00571556948125362 0.00574174104258418 0.00576288718730211 0.00578403333202004 0.00580517947673798
0.00443305307999253 0.00448668142780662 0.00454006716609001 0.00459345243871212 0.00464683771133423 0.00470022344961762 0.00475360872223973 0.00480699446052313 0.00485483836382627 0.00488605722784996 0.00491727655753493 0.00494849542155862 0.00497971475124359 0.00501093361526728 0.00504215294495225 0.00507337227463722 0.00510395038872957 0.00513431522995234 0.0051646800711751 0.00519504444673657 0.00522540928795934 0.0052557741291821 0.00528613897040486 0.0053163361735642 0.00534602999687195 0.00537572428584099 0.00540541857481003 0.00543511239811778 0.00546480668708682 0.00549450097605586 0.00552419479936361 0.00555232772603631 0.0055799400433898 0.00560755236074328 0.00563516467809677 0.00566277699545026 0.00569038931280375 0.00571800163015723 0.00574389891698956 0.00576465157791972 0.00578540423884988 0.00580615689978004
0.00445306953042746 0.00450706202536821 0.00456067500635982 0.00461428752169013 0.00466790003702044 0.00472151301801205 0.00477512553334236 0.00482873851433396 0.00487644458189607 0.00490643084049225 0.00493641709908843 0.0049664038233459 0.00499639008194208 0.00502637634053826 0.00505636306479573 0.00508634932339191 0.00511620379984379 0.00514601403847337 0.00517582474276423 0.00520563498139381 0.00523544522002339 0.00526525592431426 0.00529506616294384 0.00532469758763909 0.00535379257053137 0.00538288708776236 0.00541198160499334 0.00544107612222433 0.00547017063945532 0.00549926562234759 0.00552836013957858 0.00555616710335016 0.00558354472741485 0.00561092235147953 0.00563829997554421 0.0056656775996089 0.00569305568933487 0.00572043331339955 0.00574605632573366 0.00576641550287604 0.00578677514567971 0.00580713432282209
0.00447308551520109 0.00452744262292981 0.00458128284662962 0.00463512260466814 0.00468896236270666 0.00474280258640647 0.00479664234444499 0.00485048210248351 0.00489805079996586 0.00492680445313454 0.00495555810630322 0.00498431175947189 0.00501306541264057 0.00504181906580925 0.00507057271897793 0.00509932637214661 0.005128457210958 0.00515771331265569 0.00518696941435337 0.00521622551605105 0.00524548161774874 0.00527473771944642 0.0053039938211441 0.00533305946737528 0.0053615546785295 0.00539004988968372 0.00541854463517666 0.00544703984633088 0.0054755350574851 0.00550402980297804 0.00553252501413226 0.00556000601500273 0.0055871494114399 0.00561429234221578 0.00564143573865294 0.00566857866942883 0.00569572206586599 0.00572286499664187 0.00574821373447776 0.00576817989349365 0.00578814558684826 0.00580811174586415
0.00449310196563601 0.0045478236861527 0.00460189068689942 0.00465595768764615 0.00471002468839288 0.00476409215480089 0.00481815915554762 0.00487222615629435 0.00491965701803565 0.00494717806577682 0.00497469864785671 0.00500221969559789 0.00502974074333906 0.00505726179108024 0.00508478283882141 0.00511230388656259 0.00514071015641093 0.00516941212117672 0.00519811408594251 0.00522681558504701 0.00525551754981279 0.00528421951457858 0.00531292101368308 0.00534142134711146 0.00536931678652763 0.0053972122259438 0.00542510813102126 0.00545300357043743 0.0054808990098536 0.00550879444926977 0.00553668988868594 0.00556384539231658 0.00559075409546494 0.00561766279861331 0.00564457103610039 0.00567147973924875 0.00569838844239712 0.0057252966798842 0.00575037160888314 0.00576994381844997 0.00578951649367809 0.00580908916890621
0.00450403755530715 0.00455896509811282 0.00461362767964602 0.0046682907268405 0.00472295377403498 0.00477761635556817 0.00483227940276265 0.00488694244995713 0.00493471510708332 0.00496181799098849 0.00498892134055495 0.00501602422446012 0.00504312757402658 0.00507023045793176 0.00509733334183693 0.00512443669140339 0.00515218684449792 0.00518015306442976 0.00520811881870031 0.00523608503863215 0.005264051258564 0.00529201701283455 0.00531998323276639 0.00534781906753778 0.00537526467815042 0.00540270982310176 0.00543015543371439 0.00545760057866573 0.00548504618927836 0.00551249133422971 0.00553993694484234 0.00556708313524723 0.00559412920847535 0.00562117574736476 0.00564822182059288 0.00567526835948229 0.00570231443271041 0.00572936097159982 0.00575442472472787 0.00577354244887829 0.00579265970736742 0.00581177743151784
0.00450589321553707 0.00456086732447147 0.00461649475619197 0.00467212172225118 0.00472774868831038 0.00478337565436959 0.00483900308609009 0.0048946300521493 0.00494322553277016 0.00497072516009212 0.00499822525307536 0.00502572534605861 0.00505322497338057 0.00508072506636381 0.00510822515934706 0.00513572478666902 0.00516288680955768 0.00518993567675352 0.00521698454394937 0.00524403341114521 0.00527108227834105 0.0052981311455369 0.00532518047839403 0.00535225309431553 0.00537939788773656 0.0054065422154963 0.00543368700891733 0.00546083133667707 0.0054879761300981 0.00551512092351913 0.00554226525127888 0.00556971877813339 0.0055972752161324 0.00562483118847013 0.00565238762646914 0.00567994406446815 0.00570750050246716 0.00573505647480488 0.00576037401333451 0.00577897531911731 0.00579757615923882 0.00581617699936032
0.0045077484101057 0.00456277001649141 0.00461936136707664 0.00467595271766186 0.00473254406824708 0.0047891354188323 0.00484572676941752 0.00490231812000275 0.00495173549279571 0.00497963232919574 0.00500752916559577 0.0050354260019958 0.00506332283839583 0.00509121967479587 0.0051191165111959 0.00514701334759593 0.00517358630895615 0.00519971828907728 0.00522585026919842 0.00525198178365827 0.0052781137637794 0.00530424527823925 0.00533037725836039 0.00535668712109327 0.0053835310973227 0.00541037460789084 0.00543721858412027 0.0054640625603497 0.00549090607091784 0.00551775004714727 0.00554459355771542 0.00557235442101955 0.00560042075812817 0.00562848709523678 0.00565655343234539 0.005684619769454 0.00571268610656261 0.00574075244367123 0.00576632330194116 0.00578440772369504 0.00580249261111021 0.00582057703286409
0.00450960407033563 0.00456467224285007 0.0046222279779613 0.00467978324741125 0.00473733898252249 0.00479489471763372 0.00485244998708367 0.00491000572219491 0.00496024591848254 0.00498853949829936 0.00501683307811618 0.00504512712359428 0.0050734207034111 0.00510171428322792 0.00513000832870603 0.00515830190852284 0.0051842862740159 0.00520950090140104 0.00523471552878618 0.00525993015617132 0.00528514478355646 0.0053103594109416 0.00533557450398803 0.00536112114787102 0.00538766430690885 0.00541420700028539 0.00544075015932322 0.00546729331836104 0.00549383601173759 0.00552037917077541 0.00554692232981324 0.00557499006390572 0.00560356676578522 0.00563214300200343 0.00566071923822165 0.00568929594010115 0.00571787217631936 0.00574644841253757 0.0057722725905478 0.00578984059393406 0.00580740859732032 0.00582497660070658
0.00451145926490426 0.00456657446920872 0.00462509458884597 0.00468361424282193 0.0047421338967979 0.00480065401643515 0.00485917367041111 0.00491769332438707 0.00496875587850809 0.00499744666740298 0.00502613745629787 0.00505482777953148 0.00508351856842637 0.00511220889165998 0.00514089968055487 0.00516959046944976 0.00519498623907566 0.0052192835137248 0.00524358125403523 0.00526787852868438 0.00529217626899481 0.00531647400930524 0.00534077128395438 0.00536555517464876 0.0053917970508337 0.00541803939267993 0.00544428173452616 0.00547052407637239 0.00549676641821861 0.00552300829440355 0.00554925063624978 0.00557762617245317 0.00560671230778098 0.00563579890877008 0.0056648850440979 0.005693971645087 0.00572305824607611 0.00575214438140392 0.00577822187915444 0.00579527346417308 0.00581232504919171 0.00582937616854906
0.00451331492513418 0.00456847716122866 0.00462796119973063 0.00468744523823261 0.00474692927673459 0.00480641331523657 0.00486589735373855 0.00492538139224052 0.00497726630419493 0.0050063538365066 0.00503544136881828 0.00506452890112996 0.00509361643344164 0.00512270396575332 0.00515179103240371 0.00518087856471539 0.00520568573847413 0.00522906612604856 0.005252446513623 0.00527582690119743 0.00529920728877187 0.00532258814200759 0.00534596852958202 0.00536998920142651 0.00539593026041985 0.00542187178507447 0.0054478133097291 0.00547375483438373 0.00549969635903835 0.00552563788369298 0.00555157894268632 0.00558026181533933 0.00560985831543803 0.00563945481553674 0.00566905084997416 0.00569864735007286 0.00572824385017157 0.00575784035027027 0.00578417116776109 0.0058007063344121 0.00581724103540182 0.00583377573639154
0.00450922595337033 0.00456379866227508 0.00462378282099962 0.00468376697972417 0.00474375067278743 0.00480373483151197 0.00486371899023652 0.00492370268329978 0.00497606582939625 0.00500556640326977 0.00503506697714329 0.00506456708535552 0.00509406765922904 0.00512356823310256 0.00515306834131479 0.00518256891518831 0.00520712044090033 0.00523002212867141 0.00525292381644249 0.00527582550421357 0.00529872672632337 0.00532162841409445 0.00534453010186553 0.00536826392635703 0.00539449322968721 0.0054207225330174 0.00544695230200887 0.00547318160533905 0.00549941090866923 0.00552564021199942 0.0055518695153296 0.00558109302073717 0.00561131443828344 0.00564153585582972 0.00567175727337599 0.00570197869092226 0.00573219964280725 0.00576242106035352 0.00578929716721177 0.00580613734200597 0.00582297751680017 0.00583981769159436
0.004499192815274 0.00455253990367055 0.00461255945265293 0.00467257900163531 0.00473259901627898 0.00479261856526136 0.00485263811424375 0.00491265812888741 0.00496515491977334 0.00499508436769247 0.0050250138156116 0.00505494326353073 0.00508487271144986 0.00511480215936899 0.00514473160728812 0.00517466105520725 0.00519928941503167 0.00522215059027076 0.00524501176550984 0.00526787340641022 0.0052907345816493 0.00531359575688839 0.00533645693212748 0.00536037934944034 0.00538748549297452 0.0054145916365087 0.00544169778004289 0.00546880392357707 0.00549591006711125 0.00552301621064544 0.00555012235417962 0.0055801197886467 0.0056110811419785 0.00564204202964902 0.00567300338298082 0.00570396473631263 0.00573492562398314 0.00576588697731495 0.00579359941184521 0.00581156695261598 0.00582953449338675 0.00584750203415751
0.00448916014283895 0.00454128067940474 0.00460133608430624 0.00466139148920774 0.00472144689410925 0.00478150229901075 0.00484155770391226 0.00490161310881376 0.00495424401015043 0.00498460233211517 0.0050149611197412 0.00504531944170594 0.00507567776367068 0.00510603608563542 0.00513639487326145 0.00516675319522619 0.00519145838916302 0.0052142795175314 0.00523710018023849 0.00525992130860686 0.00528274197131395 0.00530556309968233 0.00532838376238942 0.00535249523818493 0.00538047822192311 0.0054084612056613 0.00543644372373819 0.00546442670747638 0.00549240969121456 0.00552039220929146 0.00554837519302964 0.00557914655655622 0.00561084784567356 0.00564254866912961 0.00567424949258566 0.005705950781703 0.00573765160515904 0.00576935242861509 0.00579790212213993 0.00581699656322598 0.00583609100431204 0.00585518591105938
0.00447912700474262 0.00453002192080021 0.00459011271595955 0.00465020397678018 0.00471029477193952 0.00477038603276014 0.00483047682791948 0.00489056808874011 0.00494333310052752 0.00497412076219916 0.00500490795820951 0.00503569561988115 0.0050664828158915 0.00509727047756314 0.00512805767357349 0.00515884533524513 0.00518362736329436 0.00520640797913074 0.00522918859496713 0.00525196921080351 0.00527474982663989 0.00529753044247627 0.00532031059265137 0.00534461112692952 0.00537347048521042 0.0054023303091526 0.0054311896674335 0.00546004949137568 0.00548890884965658 0.00551776820793748 0.00554662803187966 0.00557817332446575 0.00561061408370733 0.0056430553086102 0.00567549606785178 0.00570793682709336 0.00574037758633494 0.00577281834557652 0.00580220436677337 0.00582242617383599 0.00584264798089862 0.00586286978796124
