resources/Exp000_Example-Run/Run01_M2/TimeSeries/1980/model_set/qv2m_avg.asc
NCOLS 265 
NROWS 230 
XLLCORNER -115.5625 
YLLCORNER 24.8333333333333 
CELLSIZE 0.0833333333333333 
NODATA_value -9999 
[rows 19 to 37 of 230, columns 210 to 251 of 265]
0.00598076451569796 0.00600033486261964 0.00601990474388003 0.00603947509080172 0.0060590454377234 0.00607861578464508 0.00609818613156676 0.00611547194421291 0.00613199593499303 0.00614851992577314 0.00616504438221455 0.00618156837299466 0.00619809236377478 0.00621461682021618 0.00622985931113362 0.00624125730246305 0.0062526548281312 0.00626405281946063 0.00627545081079006 0.00628684880211949 0.00629824679344893 0.00630964478477836 0.00631561689078808 0.0063197803683579 0.00632394384592772 0.00632810732349753 0.00633227080106735 0.00633643427863717 0.00634059775620699 0.00634542526677251 0.00635224487632513 0.00635906448587775 0.00636588409543037 0.006372703704983 0.00637952331453562 0.00638634292408824 0.00639316253364086 0.00640026200562716 0.00640745460987091 0.00641464674845338 0.00642183935269713 0.00642903195694089
0.00599890248849988 0.0060193557292223 0.00603980850428343 0.00606026174500585 0.00608071452006698 0.00610116729512811 0.00612162053585052 0.00613948423415422 0.00615648552775383 0.00617348635569215 0.00619048718363047 0.00620748801156878 0.0062244888395071 0.00624148966744542 0.00625720527023077 0.00626906473189592 0.00628092419356108 0.00629278365522623 0.00630464311689138 0.00631650257855654 0.00632836204022169 0.00634022150188684 0.00634650234133005 0.00635092379525304 0.00635534571483731 0.0063597671687603 0.00636418862268329 0.00636861007660627 0.00637303153052926 0.00637770444154739 0.00638313218951225 0.00638855947181582 0.0063939867541194 0.00639941403642297 0.00640484178438783 0.0064102690666914 0.00641569634899497 0.00642281770706177 0.0064305029809475 0.00643818872049451 0.00644587399438024 0.00645355926826596
0.00601704092696309 0.00603837659582496 0.00605971226468682 0.00608104793354869 0.00610238360241055 0.00612371927127242 0.00614505494013429 0.00616349698975682 0.00618097465485334 0.00619845231994987 0.00621592998504639 0.00623340765014291 0.00625088531523943 0.00626836298033595 0.0062845516949892 0.00629687262699008 0.00630919355899096 0.00632151449099183 0.00633383542299271 0.00634615635499358 0.00635847728699446 0.00637079821899533 0.00637738825753331 0.00638206768780947 0.00638674758374691 0.00639142701402307 0.00639610644429922 0.00640078587457538 0.00640546577051282 0.00640998408198357 0.00641401903703809 0.0064180544577539 0.00642208941280842 0.00642612483352423 0.00643015978857875 0.00643419520929456 0.00643823016434908 0.00644537294283509 0.00645355181768537 0.00646173022687435 0.00646990863606334 0.00647808704525232
0.0060351793654263 0.00605739746242762 0.00607961602509022 0.00610183412209153 0.00612405268475413 0.00614627124741673 0.00616848934441805 0.00618750974535942 0.00620546424761415 0.00622341874986887 0.00624137325212359 0.00625932728871703 0.00627728179097176 0.00629523629322648 0.00631189765408635 0.00632468005642295 0.00633746292442083 0.00635024532675743 0.00636302772909403 0.00637581013143063 0.00638859253376722 0.00640137540176511 0.00640827417373657 0.0064132115803659 0.00641814945265651 0.00642308685928583 0.00642802426591516 0.00643296213820577 0.00643789954483509 0.00644226325675845 0.00644490635022521 0.00644754944369197 0.00645019253715873 0.0064528351649642 0.00645547825843096 0.00645812135189772 0.00646076444536448 0.0064679286442697 0.00647660018876195 0.00648527173325419 0.00649394327774644 0.00650261482223868
0.00605331733822823 0.00607641832903028 0.00609951978549361 0.00612262077629566 0.00614572176709771 0.00616882275789976 0.00619192374870181 0.00621152250096202 0.00622995384037495 0.00624838471412659 0.00626681605353951 0.00628524692729115 0.00630367826670408 0.00632210960611701 0.00633924407884479 0.0063524879515171 0.00636573182418942 0.00637897616252303 0.00639222003519535 0.00640546390786767 0.00641870824620128 0.0064319521188736 0.00643916008993983 0.00644435547292233 0.00644955085590482 0.0064547467045486 0.00645994208753109 0.00646513793617487 0.00647033331915736 0.00647454289719462 0.00647579366341233 0.00647704442963004 0.00647829519584775 0.00647954596206546 0.00648079672828317 0.00648204749450088 0.00648329826071858 0.00649048434570432 0.00649964855983853 0.00650881323963404 0.00651797791942954 0.00652714259922504
0.00607567001134157 0.00609906762838364 0.00612246477976441 0.00614586193114519 0.00616925908252597 0.00619265669956803 0.00621605385094881 0.0062361340969801 0.0062551093287766 0.00627408409491181 0.00629305886104703 0.00631203362718225 0.00633100839331746 0.00634998315945268 0.00636755768209696 0.00638093147426844 0.00639430480077863 0.00640767812728882 0.0064210519194603 0.00643442524597049 0.00644779857248068 0.00646117236465216 0.00646839337423444 0.00647356361150742 0.00647873384878039 0.00648390408605337 0.00648907478898764 0.00649424502626061 0.00649941526353359 0.00650342693552375 0.00650396337732673 0.0065044998191297 0.00650503626093268 0.00650557223707438 0.00650610867887735 0.00650664512068033 0.00650718156248331 0.00651427172124386 0.00652354676276445 0.00653282133862376 0.00654209638014436 0.00655137142166495
0.00610223691910505 0.00612534396350384 0.00614845100790262 0.00617155805230141 0.00619466509670019 0.00621777214109898 0.00624087918549776 0.00626134499907494 0.0062809307128191 0.00630051596090198 0.00632010120898485 0.00633968692272902 0.00635927217081189 0.00637885741889477 0.00639683939516544 0.00641001015901566 0.00642318092286587 0.00643635215237737 0.00644952291622758 0.00646269368007779 0.006475864443928 0.00648903520777822 0.00649597449228168 0.00650083599612117 0.00650569796562195 0.00651055946946144 0.00651542097330093 0.00652028294280171 0.00652514444664121 0.00652891583740711 0.00652941549196839 0.00652991514652967 0.00653041526675224 0.00653091492131352 0.0065314145758748 0.00653191423043609 0.00653241388499737 0.00653929077088833 0.00654829340055585 0.00655729603022337 0.00656629865989089 0.00657530128955841
0.00612880429252982 0.00615162076428533 0.00617443770170212 0.00619725463911891 0.00622007111087441 0.00624288804829121 0.006265704985708 0.00628655590116978 0.0063067520968616 0.00632694782689214 0.00634714402258396 0.00636734021827579 0.00638753594830632 0.00640773214399815 0.00642612110823393 0.00643908930942416 0.0064520575106144 0.00646502571180463 0.00647799391299486 0.0064909621141851 0.00650393031537533 0.00651689851656556 0.00652355514466763 0.00652810838073492 0.00653266161680222 0.00653721485286951 0.00654176762327552 0.00654632085934281 0.00655087409541011 0.00655440473929048 0.00655486807227135 0.00655533093959093 0.0065557942725718 0.00655625713989139 0.00655672047287226 0.00655718380585313 0.00655764667317271 0.00656431028619409 0.00657304050400853 0.00658177072182298 0.00659050093963742 0.00659923115745187
0.0061553712002933 0.00617789756506681 0.00620042439550161 0.00622295076027513 0.00624547712504864 0.00626800395548344 0.00629053032025695 0.00631176680326462 0.0063325734809041 0.00635338015854359 0.00637418683618307 0.00639499304816127 0.00641579972580075 0.00643660640344024 0.00645540282130241 0.00646816845983267 0.00648093363270164 0.00649369927123189 0.00650646490976214 0.0065192305482924 0.00653199618682265 0.00654476135969162 0.00655113626271486 0.00655538076534867 0.00655962526798248 0.00656386977061629 0.0065681142732501 0.00657235877588391 0.00657660327851772 0.00657989364117384 0.00658032018691301 0.00658074673265219 0.00658117327839136 0.00658159982413054 0.00658202636986971 0.00658245291560888 0.00658287946134806 0.00658932980149984 0.00659778760746121 0.00660624541342258 0.00661470321938396 0.00662316149100661
0.00618193810805678 0.0062041743658483 0.00622641062363982 0.00624864688143134 0.00627088313922286 0.00629311939701438 0.0063153556548059 0.00633697770535946 0.0063583948649466 0.00637981202453375 0.00640122918412089 0.00642264634370804 0.00644406350329518 0.00646548066288233 0.0064846845343709 0.00649724714457989 0.00650981022045016 0.00652237329632044 0.00653493590652943 0.0065474989823997 0.00656006159260869 0.00657262466847897 0.0065787173807621 0.00658265314996243 0.00658658938482404 0.00659052515402436 0.00659446092322469 0.0065983971580863 0.00660233292728662 0.0066053825430572 0.00660577230155468 0.00660616252571344 0.00660655228421092 0.0066069420427084 0.00660733226686716 0.00660772202536464 0.0066081122495234 0.00661434885114431 0.0066225347109139 0.00663072010502219 0.00663890549913049 0.00664709135890007
0.00620850501582026 0.00623045116662979 0.00625239731743932 0.00627434300258756 0.00629628915339708 0.00631823530420661 0.00634018145501614 0.0063621886074543 0.0063842162489891 0.00640624389052391 0.00642827199772 0.00645029963925481 0.00647232728078961 0.00649435492232442 0.00651396624743938 0.00652632629498839 0.0065386863425374 0.0065510468557477 0.00656340690329671 0.00657576741650701 0.00658812746405602 0.00660048797726631 0.00660629849880934 0.00660992553457618 0.0066135530360043 0.00661718053743243 0.00662080757319927 0.0066244350746274 0.00662806257605553 0.00663087097927928 0.00663122441619635 0.00663157785311341 0.00663193129003048 0.00663228472694755 0.00663263816386461 0.00663299160078168 0.00663334503769875 0.00663936836645007 0.00664728134870529 0.0066551947966218 0.00666310777887702 0.00667102122679353
0.00623234175145626 0.006254140753299 0.00627593975514174 0.00629773922264576 0.0063195382244885 0.00634133722633123 0.00636313622817397 0.0063853170722723 0.00640762504190207 0.00642993254587054 0.00645224051550031 0.00647454848513007 0.00649685645475984 0.0065191644243896 0.00653898809105158 0.00655136024579406 0.00656373286619782 0.0065761050209403 0.00658847717568278 0.00660084979608655 0.00661322195082903 0.00662559410557151 0.00663162209093571 0.00663553550839424 0.00663944892585278 0.00664336234331131 0.00664727576076984 0.00665118917822838 0.00665510259568691 0.00665814895182848 0.00665859365835786 0.00665903883054852 0.0066594835370779 0.00665992870926857 0.00666037341579795 0.00666081858798862 0.00666126329451799 0.00666700955480337 0.00667452299967408 0.0066820359788835 0.00668954942375422 0.00669706240296364
0.00625344784930348 0.00627524359151721 0.00629703886806965 0.00631883461028337 0.00634062988683581 0.00636242562904954 0.00638422090560198 0.00640636309981346 0.00642862031236291 0.00645087799057364 0.00647313566878438 0.00649539288133383 0.00651765055954456 0.0065399082377553 0.00655975099653006 0.00657234992831945 0.00658494886010885 0.00659754779189825 0.00661014672368765 0.00662274565547705 0.00663534458726645 0.00664794351905584 0.0066546886228025 0.00665948307141662 0.00666427705436945 0.00666907103732228 0.0066738654859364 0.00667865946888924 0.00668345345184207 0.00668721552938223 0.00668788002803922 0.0066885445266962 0.00668920902535319 0.00668987398967147 0.00669053848832846 0.00669120298698545 0.00669186795130372 0.0066972728818655 0.0067042582668364 0.0067112441174686 0.0067182295024395 0.0067252148874104
0.00627455394715071 0.00629634596407413 0.00631813798099756 0.00633992999792099 0.00636172154918313 0.00638351356610656 0.00640530558302999 0.00642740912735462 0.00644961604848504 0.00647182343527675 0.00649403035640717 0.00651623774319887 0.00653844466432929 0.00656065158545971 0.00658051343634725 0.00659333914518356 0.00660616485401988 0.0066189905628562 0.00663181627169251 0.00664464151486754 0.00665746722370386 0.00667029293254018 0.00667775562033057 0.0066834301687777 0.00668910518288612 0.00669478019699454 0.00670045474544168 0.0067061297595501 0.00671180477365851 0.00671628164127469 0.00671716593205929 0.00671805068850517 0.00671893497928977 0.00671981927007437 0.00672070356085896 0.00672158785164356 0.00672247214242816 0.00672753667458892 0.00673399399966002 0.0067404517903924 0.00674690958112478 0.00675336737185717
0.00629566051065922 0.00631744880229235 0.00633923709392548 0.0063610253855586 0.00638281367719173 0.00640460196882486 0.00642639026045799 0.0064484546892345 0.00647061178460717 0.00649276841431856 0.00651492504402995 0.00653708213940263 0.00655923876911402 0.00658139539882541 0.00660127634182572 0.00661432836204767 0.00662738084793091 0.00664043333381414 0.00665348535403609 0.00666653783991933 0.00667958986014128 0.00669264234602451 0.00670082215219736 0.00670737773180008 0.0067139333114028 0.00672048889100552 0.00672704447060823 0.00673360005021095 0.00674015562981367 0.00674534821882844 0.00674645230174065 0.00674755638465285 0.00674866046756506 0.00674976455047727 0.00675086863338947 0.00675197271630168 0.0067530763335526 0.00675780000165105 0.00676372973248363 0.00676965992897749 0.00677558965981007 0.00678151939064264
0.00631676660850644 0.00633855117484927 0.0063603357411921 0.00638212077319622 0.00640390533953905 0.00642569037154317 0.006447474937886 0.00646950071677566 0.0064916075207293 0.00651371385902166 0.00653582019731402 0.00655792653560638 0.00658003287389874 0.0066021392121911 0.00662203878164291 0.00663531804457307 0.00664859684184194 0.0066618756391108 0.00667515490204096 0.00668843369930983 0.00670171296223998 0.00671499175950885 0.00672388868406415 0.00673132482916117 0.00673876143991947 0.00674619758501649 0.00675363373011351 0.00676107034087181 0.00676850648596883 0.00677441479638219 0.006775738671422 0.00677706208080053 0.00677838595584035 0.00677970983088017 0.00678103324025869 0.00678235711529851 0.00678368099033833 0.00678806332871318 0.00679346546530724 0.00679886760190129 0.00680426973849535 0.00680967187508941
0.00633787270635366 0.00635965401306748 0.00638143485412002 0.00640321616083384 0.00642499746754766 0.00644677830860019 0.00646855961531401 0.00649054674431682 0.00651260279119015 0.00653465883806348 0.00655671488493681 0.00657877093181014 0.00660082697868347 0.0066228830255568 0.00664280168712139 0.00665630726143718 0.00666981283575296 0.00668331841006875 0.00669682398438454 0.00671033002436161 0.0067238355986774 0.00673734117299318 0.00674695521593094 0.00675527239218354 0.00676358956843615 0.00677190627902746 0.00678022345528007 0.00678854063153267 0.00679685780778527 0.00680348137393594 0.00680502457544208 0.0068065682426095 0.00680811144411564 0.00680965511128306 0.0068111983127892 0.00681274197995663 0.00681428518146276 0.0068183271214366 0.00682320119813085 0.00682807574048638 0.00683294981718063 0.00683782435953617
0.00635921815410256 0.00638044066727161 0.00640166271477938 0.00642288522794843 0.00644410727545619 0.00646532978862524 0.006486551836133 0.00650827493518591 0.00653016474097967 0.00655205454677343 0.0065739443525672 0.00659583415836096 0.00661772442981601 0.00663961423560977 0.00665950635448098 0.00667340494692326 0.00668730353936553 0.0067012021318078 0.00671510072425008 0.00672899931669235 0.00674289790913463 0.0067567965015769 0.00676727434620261 0.00677661225199699 0.00678595015779138 0.00679528806358576 0.00680462550371885 0.00681396340951324 0.00682330131530762 0.0068307789042592 0.00683267647400498 0.00683457357808948 0.00683647114783525 0.00683836825191975 0.00684026582166553 0.00684216292575002 0.0068440604954958 0.00684806890785694 0.0068527814000845 0.00685749389231205 0.0068622063845396 0.00686691887676716
0.00638080295175314 0.00640091113746166 0.00642101932317019 0.00644112750887871 0.00646123569458723 0.00648134388029575 0.00650145206600428 0.00652268528938293 0.00654429290443659 0.00656590098515153 0.00658750860020518 0.00660911668092012 0.00663072429597378 0.00665233191102743 0.0066721523180604 0.00668661016970873 0.00670106802135706 0.00671552587300539 0.00672998372465372 0.00674444157630205 0.00675889942795038 0.00677335727959871 0.00678484560921788 0.00679534440860152 0.00680584320798516 0.0068163420073688 0.00682684034109116 0.0068373391404748 0.00684783793985844 0.00685630831867456 0.00685869343578815 0.00686107901856303 0.00686346460133791 0.00686585018411279 0.00686823530122638 0.00687062088400126 0.00687300646677613 0.00687729008495808 0.00688220607116818 0.00688712252303958 0.00689203897491097 0.00689695542678237
