resources/Exp000_Example-Run/Run01_M2/TimeSeries/1980/model_set/qv2m_avg.asc
NCOLS 265 
NROWS 230 
XLLCORNER -115.5625 
YLLCORNER 24.8333333333333 
CELLSIZE 0.0833333333333333 
NODATA_value -9999 
[rows 0 to 18 of 230, columns 126 to 167 of 265]
0.00461578974500299 0.00461926683783531 0.00462018838152289 0.00462110945954919 0.00462203100323677 0.00462295208126307 0.00462387362495065 0.00462479470297694 0.00462579261511564 0.00462702056393027 0.0046282485127449 0.00462947599589825 0.00463070394471288 0.00463193142786622 0.00463315937668085 0.00463438732549548 0.00467498740181327 0.00472871167585254 0.00478243594989181 0.00483616022393107 0.00488988449797034 0.00494360877200961 0.00499733304604888 0.00504405098035932 0.00506975082680583 0.00509545067325234 0.00512115005403757 0.00514684990048409 0.0051725497469306 0.00519824912771583 0.00522394897416234 0.00523518398404121 0.00524159707129002 0.00524801015853882 0.00525442324578762 0.00526083679869771 0.00526724988594651 0.00527366297319531 0.00527993123978376 0.00528576318174601 0.00529159512370825 0.00529742753133178
0.00461524911224842 0.00462155276909471 0.00462571857497096 0.00462988438084722 0.00463405018672347 0.00463821645826101 0.00464238226413727 0.00464654807001352 0.00465034879744053 0.00465305522084236 0.00465576117858291 0.00465846760198474 0.00466117355972528 0.00466387998312712 0.00466658594086766 0.0046692923642695 0.00470858160406351 0.00476006558164954 0.00481154909357429 0.00486303260549903 0.00491451658308506 0.0049660000950098 0.00501748407259583 0.00506217777729034 0.00508650252595544 0.00511082727462053 0.00513515202328563 0.00515947677195072 0.00518380105495453 0.00520812580361962 0.00523245055228472 0.00524113420397043 0.00524460477754474 0.00524807535111904 0.00525154545903206 0.00525501603260636 0.00525848660618067 0.00526195671409369 0.00526645919308066 0.00527405785396695 0.00528165604919195 0.00528925471007824
0.00461470847949386 0.00462383823469281 0.00463124876841903 0.00463865930214524 0.00464606983587146 0.00465348036959767 0.00466089090332389 0.00466830097138882 0.00467490497976542 0.00467908987775445 0.0046832743100822 0.00468745920807123 0.00469164364039898 0.00469582807272673 0.00470001297071576 0.00470419740304351 0.00474217580631375 0.00479141902178526 0.00484066223725677 0.00488990545272827 0.00493914866819978 0.00498839188367128 0.00503763509914279 0.00508030503988266 0.00510325469076633 0.00512620387598872 0.0051491535268724 0.00517210317775607 0.00519505282863975 0.00521800247952342 0.0052409521304071 0.00524708488956094 0.00524761248379946 0.00524814007803798 0.0052486676722765 0.00524919526651502 0.00524972286075354 0.00525025045499206 0.00525298761203885 0.00526235206052661 0.00527171697467566 0.0052810818888247
0.00461416784673929 0.00462612416595221 0.00463677942752838 0.00464743422344327 0.00465808948501945 0.00466874428093433 0.00467939954251051 0.0046900543384254 0.0046994611620903 0.00470512453466654 0.00471078744158149 0.00471645034849644 0.00472211325541139 0.00472777662798762 0.00473343953490257 0.00473910244181752 0.004775770008564 0.00482277292758226 0.00486977538093925 0.00491677829995751 0.0049637807533145 0.00501078367233276 0.00505778612568974 0.00509843183681369 0.00512000638991594 0.0051415809430182 0.00516315549612045 0.00518473004922271 0.00520630460232496 0.00522787915542722 0.00524945370852947 0.00525303557515144 0.00525062065571547 0.0052482052706182 0.00524578988552094 0.00524337496608496 0.00524095958098769 0.00523854419589043 0.00523951556533575 0.00525064673274755 0.00526177790015936 0.00527290906757116
0.00461362721398473 0.0046284100972116 0.00464230962097645 0.0046562091447413 0.00467010866850615 0.00468400819227099 0.00469790771603584 0.00471180770546198 0.00472401781007648 0.00473115919157863 0.00473830057308078 0.00474544195458293 0.00475258333608508 0.00475972471758723 0.00476686609908938 0.00477400748059154 0.00480936467647552 0.00485412683337927 0.00489888899028301 0.00494365068152547 0.00498841283842921 0.00503317499533296 0.0050779371522367 0.00511655863374472 0.00513675808906555 0.00515695754438639 0.00517715699970722 0.00519735645502806 0.00521755591034889 0.00523775536566973 0.00525795482099056 0.00525898626074195 0.00525362836197019 0.00524826999753714 0.00524291209876537 0.00523755419999361 0.00523219583556056 0.0052268379367888 0.00522604398429394 0.0052389414049685 0.00525183882564306 0.00526473624631763
0.00461308704689145 0.00463069556280971 0.00464783981442451 0.00466498406603932 0.00468212831765413 0.00469927256926894 0.00471641635522246 0.00473356060683727 0.00474857399240136 0.00475719384849072 0.00476581370458007 0.00477443309500813 0.00478305295109749 0.00479167280718684 0.0048002926632762 0.00480891251936555 0.00484295887872577 0.00488548027351499 0.00492800213396549 0.00497052352875471 0.00501304538920522 0.00505556678399444 0.00509808817878366 0.00513468589633703 0.00515351025387645 0.00517233461141586 0.00519115896895528 0.00520998332649469 0.00522880768403411 0.00524763204157352 0.00526645639911294 0.00526493694633245 0.00525663606822491 0.00524833519011736 0.00524003431200981 0.00523173343390226 0.00522343255579472 0.00521513167768717 0.00521257193759084 0.00522723561152816 0.00524189928546548 0.00525656342506409
0.00461270706728101 0.0046322257257998 0.00465146545320749 0.00467070518061519 0.00468994490802288 0.00470918463543057 0.00472842436283827 0.00474766409024596 0.00476483954116702 0.00477582355961204 0.00478680711239576 0.00479779113084078 0.00480877468362451 0.00481975870206952 0.00483074225485325 0.00484172580763698 0.00487437192350626 0.00491423858329654 0.00495410524308681 0.00499397190287709 0.00503383856266737 0.00507370522245765 0.00511357188224792 0.00514754513278604 0.00516383815556765 0.00518013117834926 0.00519642373546958 0.00521271675825119 0.00522900931537151 0.00524530233815312 0.00526159536093473 0.00525951525196433 0.00525131030008197 0.00524310581386089 0.00523490132763982 0.00522669684141874 0.00521849235519767 0.00521028786897659 0.00520796608179808 0.00522329425439239 0.00523862242698669 0.005253950599581
0.00461248774081469 0.00463300058618188 0.00465318653732538 0.00467337295413017 0.00469355890527368 0.00471374485641718 0.00473393127322197 0.00475411722436547 0.00477281538769603 0.00478704832494259 0.00480128172785044 0.004815514665097 0.00482974806800485 0.00484398100525141 0.00485821440815926 0.00487244734540582 0.004903603810817 0.00494040129706264 0.00497719878330827 0.0050139962695539 0.00505079329013824 0.00508759077638388 0.00512438826262951 0.00515513774007559 0.00516774225980043 0.00518034724518657 0.00519295176491141 0.00520555675029755 0.00521816127002239 0.00523076625540853 0.00524337124079466 0.005242720246315 0.00523765152320266 0.00523258233442903 0.00522751314565539 0.00522244395688176 0.00521737523376942 0.00521230604499578 0.00521222688257694 0.00522711733356118 0.00524200731888413 0.00525689776986837
0.00461226841434836 0.00463377498090267 0.00465490762144327 0.00467604026198387 0.00469717290252447 0.00471830554306507 0.00473943818360567 0.00476057082414627 0.00478079076856375 0.00479827355593443 0.00481575634330511 0.00483323866501451 0.00485072145238519 0.00486820377409458 0.00488568656146526 0.00490316888317466 0.00493283569812775 0.00496656401082873 0.00500029185786843 0.00503402017056942 0.00506774848327041 0.00510147633031011 0.00513520464301109 0.00516272988170385 0.00517164636403322 0.00518056331202388 0.00518947979435325 0.0051983967423439 0.00520731322467327 0.00521623017266393 0.0052251466549933 0.00522592570632696 0.00522399228066206 0.00522205885499716 0.00522012496367097 0.00521819153800607 0.00521625764667988 0.00521432422101498 0.00521648721769452 0.00523093994706869 0.00524539267644286 0.00525984540581703
0.00461204908788204 0.00463454937562346 0.00465662870556116 0.00467870756983757 0.00470078689977527 0.00472286622971296 0.00474494509398937 0.00476702442392707 0.00478876661509275 0.00480949878692627 0.0048302304930985 0.00485096266493201 0.00487169437110424 0.00489242654293776 0.00491315871477127 0.0049338904209435 0.00496206758543849 0.00499272672459483 0.00502338539808989 0.00505404407158494 0.00508470321074128 0.00511536188423634 0.00514602102339268 0.00517032202333212 0.0051755509339273 0.00518077937886119 0.00518600828945637 0.00519123673439026 0.00519646517932415 0.00520169408991933 0.00520692253485322 0.00520913116633892 0.00521033303812146 0.005211534909904 0.00521273678168654 0.00521393865346909 0.00521514052525163 0.00521634239703417 0.0052207475528121 0.0052347625605762 0.0052487775683403 0.0052627925761044
0.00461182976141572 0.00463532423600554 0.00465834978967905 0.00468137534335256 0.00470440089702606 0.00472742645069957 0.00475045200437307 0.00477347755804658 0.00479674199596047 0.00482072355225682 0.00484470510855317 0.00486868666484952 0.00489266775548458 0.00491664931178093 0.00494063086807728 0.00496461195871234 0.00499129947274923 0.00501888943836093 0.00504647893831134 0.00507406843826175 0.00510165793821216 0.00512924743816257 0.00515683693811297 0.00517791463062167 0.00517945503816009 0.0051809954456985 0.0051825363188982 0.00518407672643661 0.00518561713397503 0.00518715800717473 0.00518869841471314 0.00519233662635088 0.00519667426124215 0.00520101143047214 0.00520534859970212 0.00520968623459339 0.00521402340382338 0.00521836103871465 0.00522500835359097 0.005238585639745 0.00525216292589903 0.00526574021205306
0.0046116104349494 0.00463609863072634 0.00466007087379694 0.00468404265120625 0.00470801489427686 0.00473198713734746 0.00475595891475677 0.00477993115782738 0.00480471784248948 0.00483194878324866 0.00485917925834656 0.00488641019910574 0.00491364113986492 0.0049408720806241 0.00496810302138329 0.00499533349648118 0.00502053136005998 0.00504505168646574 0.0050695720128715 0.00509409233927727 0.00511861266568303 0.0051431329920888 0.00516765331849456 0.00518550677224994 0.00518335914239287 0.0051812119781971 0.00517906434834003 0.00517691671848297 0.00517476908862591 0.00517262192443013 0.00517047429457307 0.00517554208636284 0.00518301501870155 0.00519048795104027 0.0051979604177177 0.00520543335005641 0.00521290628239512 0.00522037921473384 0.00522926868870854 0.00524240825325251 0.00525554781779647 0.00526868738234043
0.00460487371310592 0.004630281124264 0.00465484848245978 0.00467941584065557 0.00470398319885135 0.00472855055704713 0.00475311744958162 0.0047776848077774 0.00480318674817681 0.0048314924351871 0.00485979812219739 0.00488810334354639 0.00491640903055668 0.00494471471756697 0.00497302040457726 0.00500132609158754 0.0050256559625268 0.00504866056144238 0.00507166516035795 0.00509467022493482 0.00511767482385039 0.00514067942276597 0.00516368448734283 0.00518025038763881 0.00517750065773726 0.0051747509278357 0.00517200119793415 0.0051692514680326 0.00516650127246976 0.00516375154256821 0.00516100181266665 0.00516719417646527 0.00517636723816395 0.00518554029986262 0.0051947133615613 0.00520388642325997 0.00521305948495865 0.00522223254665732 0.00523238722234964 0.00524548720568419 0.00525858718901873 0.00527168717235327
0.00459161959588528 0.00461787171661854 0.00464268308132887 0.0046674944460392 0.00469230534508824 0.00471711670979857 0.00474192807450891 0.00476673897355795 0.00479214917868376 0.00481935450807214 0.0048465603031218 0.00487376609817147 0.00490097189322114 0.00492817768827081 0.00495538301765919 0.00498258881270885 0.00500667234882712 0.00502971513196826 0.00505275838077068 0.00507580116391182 0.00509884394705296 0.00512188719585538 0.00514492997899652 0.00516214547678828 0.00516187911853194 0.0051616127602756 0.00516134640201926 0.00516108050942421 0.00516081415116787 0.00516054779291153 0.00516028143465519 0.00516729336231947 0.00517673091962934 0.00518616894260049 0.00519560696557164 0.00520504452288151 0.00521448254585266 0.00522392056882381 0.00523436348885298 0.00524782203137875 0.00526128057390451 0.00527473911643028
0.00457836501300335 0.00460546230897307 0.00463051721453667 0.00465557258576155 0.00468062795698643 0.00470568286255002 0.0047307382337749 0.00475579360499978 0.00478111114352942 0.00480721704661846 0.00483332294970751 0.00485942885279655 0.00488553429022431 0.00491164019331336 0.00493774609640241 0.00496385199949145 0.00498768920078874 0.00501077016815543 0.00503385113552213 0.00505693210288882 0.0050800135359168 0.0051030945032835 0.0051261754706502 0.00514404056593776 0.00514625757932663 0.00514847505837679 0.00515069207176566 0.00515290955081582 0.00515512656420469 0.00515734357759356 0.00515956105664372 0.00516739208251238 0.00517709506675601 0.00518679758533835 0.0051965001039207 0.00520620308816433 0.00521590560674667 0.00522560812532902 0.00523633975535631 0.00525015685707331 0.0052639739587903 0.0052777910605073
0.00456511089578271 0.00459305290132761 0.00461835181340575 0.00464365119114518 0.00466895010322332 0.00469424948096275 0.0047195483930409 0.00474484777078032 0.00477007357403636 0.00479507958516479 0.00482008513063192 0.00484509114176035 0.00487009715288877 0.0048951031640172 0.00492010870948434 0.00494511472061276 0.00496870558708906 0.00499182473868132 0.00501494389027357 0.00503806350752711 0.00506118265911937 0.00508430181071162 0.00510742096230388 0.00512593565508723 0.0051306365057826 0.00513533689081669 0.00514003774151206 0.00514473812654614 0.00514943897724152 0.00515413982793689 0.00515884021297097 0.00516749126836658 0.0051774587482214 0.00518742622807622 0.00519739370793104 0.00520736118778586 0.00521732866764069 0.00522729614749551 0.00523831602185965 0.00525249168276787 0.00526666734367609 0.00528084300458431
0.00455185677856207 0.00458064302802086 0.00460618641227484 0.00463172933086753 0.00465727271512151 0.0046828156337142 0.00470835901796818 0.00473390193656087 0.0047590360045433 0.00478294165804982 0.00480684777721763 0.00483075389638543 0.00485465954989195 0.00487856566905975 0.00490247178822756 0.00492637790739536 0.00494972243905067 0.00497287977486849 0.0049960371106863 0.00501919444650412 0.00504235178232193 0.00506550911813974 0.00508866645395756 0.00510783074423671 0.00511501496657729 0.00512219918891788 0.00512938341125846 0.00513656716793776 0.00514375139027834 0.00515093561261892 0.00515811983495951 0.00516758998855948 0.00517782242968678 0.00518805487081409 0.00519828731194139 0.00520851975306869 0.00521875219419599 0.005228984169662 0.00524029228836298 0.00525482650846243 0.00526936072856188 0.00528389494866133
0.00453860219568014 0.0045682336203754 0.00459402054548264 0.00461980793625116 0.0046455948613584 0.00467138225212693 0.00469716917723417 0.00472295610234141 0.00474799796938896 0.00477080419659615 0.00479361042380333 0.00481641618534923 0.00483922241255641 0.00486202863976359 0.00488483440130949 0.00490764062851667 0.004930738825351 0.00495393434539437 0.00497712986543775 0.00500032538548112 0.00502352090552449 0.00504671689122915 0.00506991241127253 0.00508972583338618 0.00509939342737198 0.00510906102135777 0.00511872861534357 0.00512839620932937 0.00513806380331516 0.00514773186296225 0.00515739945694804 0.00516768917441368 0.00517818611115217 0.00518868351355195 0.00519918091595173 0.00520967785269022 0.00522017525509 0.00523067219182849 0.00524226855486631 0.00525716133415699 0.00527205411344767 0.00528694689273834
0.00453168991953135 0.00456233974546194 0.00458912411704659 0.00461590848863125 0.0046426928602159 0.00466947723180056 0.00469626160338521 0.00472304644063115 0.00474870065227151 0.00477096438407898 0.00479322765022516 0.00481549138203263 0.0048377551138401 0.00486001884564757 0.00488228257745504 0.00490454630926251 0.00492733949795365 0.0049503087066114 0.00497327791526914 0.00499624758958817 0.00501921679824591 0.00504218600690365 0.00506515568122268 0.00508504826575518 0.00509571190923452 0.00510637555271387 0.00511703919619322 0.00512770283967257 0.00513836648315191 0.00514903012663126 0.00515969330444932 0.00517052970826626 0.00518142338842154 0.00519231706857681 0.00520321074873209 0.00521410396322608 0.00522499764338136 0.00523589132353663 0.00524778617545962 0.00526268500834703 0.00527758430689573 0.00529248313978314
