resources/Exp000_Example-Run/Run01_M2/TimeSeries/1980/model_set/swgnt_avg.asc
NCOLS 265 
NROWS 230 
XLLCORNER -115.5625 
YLLCORNER 24.8333333333333 
CELLSIZE 0.0833333333333333 
NODATA_value -9999 
[rows 100 to 119 of 230, columns 0 to 45 of 265]
193.367645263672 193.758087158203 194.148513793945 194.538955688477 194.929382324219 195.31982421875 195.710250854492 195.770843505859 195.721481323242 195.672103881836 195.622741699219 195.573379516602 195.524017333984 195.474655151367 195.453536987305 195.517135620117 195.580749511719 195.64436340332 195.707962036133 195.771575927734 195.835189819336 195.898803710938 196.093017578125 196.330764770508 196.568511962891 196.806259155273 197.044006347656 197.281753540039 197.519515991211 197.680328369141 197.610321044922 197.540328979492 197.470321655273 197.400329589844 197.330337524414 197.260330200195 197.190338134766 197.453552246094 197.827850341797 198.2021484375 198.576446533203 198.950744628906 199.325042724609 199.699325561523 199.663436889648 198.396987915039
193.53141784668 193.954376220703 194.377319335938 194.800262451172 195.223220825195 195.64616394043 196.069122314453 196.070953369141 195.932403564453 195.793869018555 195.655319213867 195.516784667969 195.378234863281 195.239685058594 195.159027099609 195.252014160156 195.345001220703 195.43798828125 195.530975341797 195.623962402344 195.716949462891 195.809936523438 196.040679931641 196.317352294922 196.594024658203 196.870681762695 197.147354125977 197.424026489258 197.700698852539 197.899291992188 197.863677978516 197.828079223633 197.792465209961 197.756851196289 197.721237182617 197.685638427734 197.650024414062 197.982543945312 198.437759399414 198.892990112305 199.348220825195 199.803436279297 200.258666992188 200.713897705078 200.812103271484 199.839233398438
193.476272583008 193.873992919922 194.271713256836 194.66943359375 195.067153930664 195.464859008789 195.862579345703 195.860778808594 195.725784301758 195.590805053711 195.455825805664 195.320831298828 195.185852050781 195.050872802734 194.978881835938 195.095916748047 195.212936401367 195.329971313477 195.446990966797 195.564025878906 195.681060791016 195.798080444336 196.065719604492 196.383560180664 196.701416015625 197.019256591797 197.337097167969 197.654937744141 197.972793579102 198.213439941406 198.22248840332 198.231552124023 198.240600585938 198.249649047852 198.258712768555 198.267761230469 198.276824951172 198.644973754883 199.132827758789 199.620666503906 200.108520507812 200.596374511719 201.084228515625 201.572067260742 201.736755371094 200.931900024414
193.202209472656 193.516952514648 193.831695556641 194.146438598633 194.461166381836 194.775909423828 195.09065246582 195.140319824219 195.101623535156 195.062942504883 195.02424621582 194.985549926758 194.946868896484 194.908172607422 194.9130859375 195.048828125 195.1845703125 195.320297241211 195.456039428711 195.591766357422 195.727508544922 195.863250732422 196.16813659668 196.529418945312 196.890686035156 197.251968383789 197.613235473633 197.974517822266 198.335800170898 198.622756958008 198.686752319336 198.750747680664 198.814743041992 198.87873840332 198.942733764648 199.006729125977 199.070724487305 199.440856933594 199.913024902344 200.385192871094 200.857360839844 201.329528808594 201.801712036133 202.273880004883 202.437393188477 201.674957275391
192.928146362305 193.159912109375 193.391677856445 193.623428344727 193.855194091797 194.086959838867 194.318710327148 194.419860839844 194.477462768555 194.535064697266 194.592666625977 194.650268554688 194.707885742188 194.765487670898 194.847305297852 195.001739501953 195.156188964844 195.310638427734 195.465072631836 195.619522094727 195.773956298828 195.928405761719 196.270553588867 196.675262451172 197.079971313477 197.484680175781 197.889389038086 198.294082641602 198.698791503906 199.03205871582 199.151000976562 199.269943237305 199.388885498047 199.507827758789 199.626770019531 199.745697021484 199.864639282227 200.236740112305 200.693237304688 201.149719238281 201.606216430664 202.062698364258 202.519180297852 202.975677490234 203.138046264648 202.418029785156
192.654098510742 192.802871704102 192.95166015625 193.100433349609 193.249221801758 193.397994995117 193.546783447266 193.699401855469 193.853302001953 194.007202148438 194.161102294922 194.315002441406 194.468887329102 194.622787475586 194.781509399414 194.954650878906 195.127807617188 195.300964355469 195.47412109375 195.647262573242 195.820419311523 195.993576049805 196.372955322266 196.821105957031 197.269241333008 197.717376708984 198.16552734375 198.613662719727 199.061798095703 199.441375732422 199.615264892578 199.789138793945 199.963027954102 200.136901855469 200.310791015625 200.484680175781 200.658554077148 201.032638549805 201.473434448242 201.914245605469 202.355056762695 202.795867919922 203.236663818359 203.677474975586 203.838684082031 203.161102294922
192.380035400391 192.445831298828 192.511642456055 192.577438354492 192.64323425293 192.709045410156 192.774841308594 192.978942871094 193.229141235352 193.47932434082 193.729522705078 193.979721069336 194.229904174805 194.480102539062 194.715713500977 194.907577514648 195.099426269531 195.291290283203 195.483154296875 195.675018310547 195.86686706543 196.058731079102 196.475372314453 196.966949462891 197.458526611328 197.950088500977 198.441665649414 198.933242797852 199.4248046875 199.850692749023 200.079513549805 200.308349609375 200.537170410156 200.765991210938 200.994812011719 201.223648071289 201.45246887207 201.828521728516 202.253646850586 202.678771972656 203.103897094727 203.529022216797 203.954147338867 204.379272460938 204.539337158203 203.904159545898
192.105972290039 192.088790893555 192.07160949707 192.054443359375 192.037261962891 192.020095825195 192.002914428711 192.258483886719 192.604965209961 192.951461791992 193.297943115234 193.644439697266 193.990921020508 194.337417602539 194.649917602539 194.860488891602 195.071060180664 195.281616210938 195.4921875 195.702758789062 195.913330078125 196.123901367188 196.577789306641 197.11279296875 197.647796630859 198.182800292969 198.717803955078 199.252807617188 199.787811279297 200.260009765625 200.54377746582 200.827545166016 201.111312866211 201.395080566406 201.678848266602 201.962615966797 202.246383666992 202.624404907227 203.03385925293 203.443298339844 203.852737426758 204.262191772461 204.671630859375 205.081085205078 205.239974975586 204.647232055664
191.53498840332 191.470275878906 191.405578613281 191.340881347656 191.276168823242 191.211471557617 191.146759033203 191.471786499023 191.926712036133 192.381637573242 192.836563110352 193.291488647461 193.74641418457 194.20133972168 194.600326538086 194.831527709961 195.062713623047 195.293899536133 195.525085449219 195.756286621094 195.98747253418 196.218658447266 196.687164306641 197.234786987305 197.78239440918 198.330017089844 198.877639770508 199.425247192383 199.972869873047 200.460464477539 200.767990112305 201.075531005859 201.383071899414 201.690612792969 201.998138427734 202.305679321289 202.613220214844 202.992645263672 203.396026611328 203.799407958984 204.20280456543 204.606185913086 205.009567260742 205.412963867188 205.587432861328 205.075134277344
190.667083740234 190.590301513672 190.513519287109 190.436737060547 190.359970092773 190.283187866211 190.206405639648 190.618835449219 191.194351196289 191.76985168457 192.345367431641 192.920867919922 193.496383666992 194.071884155273 194.566955566406 194.820678710938 195.074401855469 195.328125 195.581848144531 195.835571289062 196.089309692383 196.343032836914 196.803512573242 197.332916259766 197.862335205078 198.391738891602 198.921142578125 199.450546264648 199.979965209961 200.452041625977 200.752182006836 201.052307128906 201.352447509766 201.652572631836 201.952713012695 202.252838134766 202.552978515625 202.933227539062 203.34016418457 203.747116088867 204.154067993164 204.561019897461 204.967971801758 205.374923706055 205.581680297852 205.187866210938
189.799179077148 189.710327148438 189.621475219727 189.532608032227 189.443756103516 189.354888916016 189.266036987305 189.765899658203 190.461990356445 191.158081054688 191.85417175293 192.550262451172 193.246353149414 193.942443847656 194.533569335938 194.809829711914 195.086090087891 195.362350463867 195.638610839844 195.91487121582 196.191131591797 196.467391967773 196.919860839844 197.431060791016 197.942260742188 198.453460693359 198.964660644531 199.475860595703 199.987060546875 200.443634033203 200.736358642578 201.029098510742 201.321823120117 201.614547729492 201.907272338867 202.200012207031 202.492736816406 202.873809814453 203.284317016602 203.69482421875 204.105346679688 204.515853881836 204.926361083984 205.336883544922 205.575927734375 205.300582885742
188.931289672852 188.830352783203 188.729415893555 188.628479003906 188.527542114258 188.426605224609 188.325668334961 188.912948608398 189.729614257812 190.546295166016 191.36296081543 192.179641723633 192.996307373047 193.81298828125 194.500198364258 194.798980712891 195.097778320312 195.396575927734 195.695373535156 195.994171142578 196.29296875 196.591766357422 197.036209106445 197.529190063477 198.022186279297 198.515182495117 199.008163452148 199.501159667969 199.994155883789 200.43522644043 200.720550537109 201.005874633789 201.291198730469 201.576522827148 201.861846923828 202.147171020508 202.432495117188 202.814392089844 203.228454589844 203.642532348633 204.056610107422 204.470687866211 204.884765625 205.298828125 205.570175170898 205.413314819336
188.063385009766 187.950378417969 187.837356567383 187.724349975586 187.611343383789 187.498321533203 187.385314941406 188.059997558594 188.997253417969 189.934509277344 190.871765136719 191.809020996094 192.746276855469 193.683532714844 194.466812133789 194.788146972656 195.109481811523 195.430801391602 195.752136230469 196.073471069336 196.394805908203 196.71614074707 197.152557373047 197.627334594727 198.102111816406 198.576904296875 199.051681518555 199.526458740234 200.001251220703 200.426803588867 200.704727172852 200.982650756836 201.26057434082 201.538497924805 201.816421508789 202.094329833984 202.372253417969 202.754959106445 203.172607421875 203.590240478516 204.007873535156 204.425521850586 204.843154907227 205.260787963867 205.564422607422 205.52604675293
187.19548034668 187.070388793945 186.9453125 186.820220947266 186.695129394531 186.570037841797 186.444946289062 187.207061767578 188.264892578125 189.322738647461 190.380569458008 191.438415527344 192.496246337891 193.554092407227 194.43342590332 194.777297973633 195.121170043945 195.465026855469 195.808898925781 196.152770996094 196.496627807617 196.84049987793 197.268905639648 197.725479125977 198.182052612305 198.638626098633 199.095199584961 199.551773071289 200.008346557617 200.418395996094 200.688919067383 200.959426879883 201.229949951172 201.500473022461 201.770980834961 202.04150390625 202.31201171875 202.695541381836 203.116744995117 203.537948608398 203.95915222168 204.380355834961 204.801544189453 205.222747802734 205.558670043945 205.638778686523
186.688659667969 186.560470581055 186.43229675293 186.304122924805 186.17594909668 186.047775268555 185.91960144043 186.696899414062 187.776031494141 188.855163574219 189.934295654297 191.013427734375 192.092559814453 193.171691894531 194.065567016602 194.403671264648 194.741775512695 195.079879760742 195.417999267578 195.756103515625 196.094207763672 196.432327270508 196.837417602539 197.264846801758 197.692260742188 198.119689941406 198.547119140625 198.974548339844 199.401977539062 199.803268432617 200.126205444336 200.449127197266 200.772064208984 201.094985961914 201.417922973633 201.740844726562 202.063781738281 202.459442138672 202.879348754883 203.299255371094 203.719161987305 204.139053344727 204.558959960938 204.978866577148 205.336868286133 205.509155273438
186.542892456055 186.420623779297 186.29833984375 186.176071166992 186.053802490234 185.931533813477 185.809265136719 186.529541015625 187.530670166016 188.531814575195 189.532943725586 190.534072875977 191.535202026367 192.536331176758 193.363204956055 193.667251586914 193.971313476562 194.275360107422 194.57942199707 194.88346862793 195.187530517578 195.491592407227 195.858108520508 196.24543762207 196.632781982422 197.020126342773 197.407455444336 197.794799804688 198.182144165039 198.581436157227 199.016586303711 199.451751708984 199.886917114258 200.322067260742 200.757232666016 201.1923828125 201.627548217773 202.046646118164 202.460403442383 202.874145507812 203.287902832031 203.701644897461 204.11540222168 204.529144287109 204.899002075195 205.137176513672
186.397125244141 186.28076171875 186.164398193359 186.04801940918 185.931655883789 185.815292358398 185.698928833008 186.362182617188 187.28532409668 188.208450317383 189.131591796875 190.054718017578 190.97785949707 191.900985717773 192.660842895508 192.930847167969 193.200836181641 193.470840454102 193.740844726562 194.010848999023 194.280853271484 194.550857543945 194.878799438477 195.226043701172 195.573303222656 195.920547485352 196.267807006836 196.615051269531 196.962310791016 197.359588623047 197.906982421875 198.454376220703 199.001754760742 199.54914855957 200.096542358398 200.643920898438 201.191314697266 201.633865356445 202.041458129883 202.44905090332 202.856643676758 203.264236450195 203.671829223633 204.07942199707 204.461135864258 204.765197753906
186.251358032227 186.140899658203 186.03044128418 185.919967651367 185.809509277344 185.69905090332 185.588592529297 186.19482421875 187.039962768555 187.885101318359 188.730224609375 189.57536315918 190.420501708984 191.265640258789 191.958480834961 192.194427490234 192.430374145508 192.666320800781 192.902267456055 193.138229370117 193.374176025391 193.610122680664 193.899475097656 194.206649780273 194.513809204102 194.820983886719 195.128143310547 195.435317993164 195.742477416992 196.137756347656 196.797378540039 197.457000732422 198.116607666016 198.776229858398 199.435852050781 200.095458984375 200.755081176758 201.221069335938 201.622512817383 202.023941040039 202.425384521484 202.82682800293 203.228271484375 203.629699707031 204.02326965332 204.393218994141
186.105590820312 186.001037597656 185.896484375 185.791915893555 185.687362670898 185.582809448242 185.478256225586 186.027465820312 186.79460144043 187.561737060547 188.328872680664 189.096008300781 189.863159179688 190.630294799805 191.256118774414 191.4580078125 191.659912109375 191.861801147461 192.063705444336 192.265594482422 192.467483520508 192.669387817383 192.920166015625 193.187255859375 193.454330444336 193.721405029297 193.988494873047 194.255569458008 194.522644042969 194.915924072266 195.687759399414 196.459609985352 197.231460571289 198.003311157227 198.775161743164 199.546997070312 200.31884765625 200.80827331543 201.203567504883 201.598846435547 201.994125366211 202.389419555664 202.784698486328 203.179977416992 203.585403442383 204.021240234375
185.959838867188 185.861175537109 185.76252746582 185.663879394531 185.565216064453 185.466567993164 185.367919921875 185.860107421875 186.549240112305 187.238388061523 187.927520751953 188.616668701172 189.305801391602 189.994934082031 190.553756713867 190.721603393555 190.889434814453 191.057281494141 191.225128173828 191.392974853516 191.560806274414 191.728652954102 191.940856933594 192.167846679688 192.39485168457 192.621841430664 192.848831176758 193.075820922852 193.302810668945 193.694076538086 194.578155517578 195.46223449707 196.346313476562 197.230392456055 198.114471435547 198.99853515625 199.882614135742 200.395492553711 200.784622192383 201.173736572266 201.562866210938 201.951995849609 202.341125488281 202.730255126953 203.147537231445 203.649261474609
