resources/Exp000_Example-Run/Run01_M2/TimeSeries/1980/model_set/swgnt_avg.asc
NCOLS 265 
NROWS 230 
XLLCORNER -115.5625 
YLLCORNER 24.8333333333333 
CELLSIZE 0.0833333333333333 
NODATA_value -9999 
[rows 180 to 199 of 230, columns 138 to 183 of 265]
201.608474731445 201.944396972656 202.280319213867 202.616256713867 202.317535400391 201.807281494141 201.297027587891 200.786773681641 200.276519775391 199.766265869141 199.256011962891 199.012710571289 199.570281982422 200.127868652344 200.685440063477 201.243011474609 201.800598144531 202.358169555664 202.915740966797 203.114318847656 203.193222045898 203.27214050293 203.351043701172 203.429946899414 203.508850097656 203.587753295898 203.472320556641 202.773880004883 202.075424194336 201.376983642578 200.678527832031 199.980087280273 199.281631469727 198.583190917969 197.780364990234 196.942764282227 196.10514831543 195.267532348633 194.429931640625 193.592315673828 192.75471496582 192.14924621582 192.240219116211 192.331192016602 192.422164916992 192.513137817383
201.796844482422 202.106628417969 202.416412353516 202.726196289062 202.412521362305 201.891021728516 201.369537353516 200.848052978516 200.326568603516 199.805068969727 199.283584594727 199.025329589844 199.556793212891 200.088256835938 200.619705200195 201.151168823242 201.682632446289 202.214080810547 202.745544433594 203.013900756836 203.194564819336 203.375213623047 203.555862426758 203.736526489258 203.917175292969 204.097839355469 204.039291381836 203.263122558594 202.486953735352 201.710784912109 200.934616088867 200.158447265625 199.382278442383 198.606109619141 197.779846191406 196.936874389648 196.09391784668 195.250946044922 194.407989501953 193.565017700195 192.722045898438 192.110473632812 192.193069458008 192.275665283203 192.358261108398 192.440872192383
201.985214233398 202.268844604492 202.552490234375 202.836135864258 202.50749206543 201.97477722168 201.442047119141 200.909332275391 200.376602172852 199.843887329102 199.311157226562 199.037948608398 199.54328918457 200.048629760742 200.553985595703 201.059326171875 201.564666748047 202.070007324219 202.575347900391 202.913482666016 203.195892333984 203.478286743164 203.760696411133 204.043106079102 204.325500488281 204.60791015625 204.606246948242 203.752349853516 202.898468017578 202.044586181641 201.190689086914 200.336807250977 199.482925415039 198.629043579102 197.779327392578 196.930999755859 196.08268737793 195.234359741211 194.386047363281 193.537719726562 192.689392089844 192.071716308594 192.145935058594 192.220153808594 192.294372558594 192.368591308594
202.173583984375 202.431076049805 202.688568115234 202.946075439453 202.602478027344 202.058517456055 201.514556884766 200.970611572266 200.426651000977 199.882690429688 199.338745117188 199.050582885742 199.529800415039 200.009017944336 200.488250732422 200.967468261719 201.446701049805 201.925918579102 202.405136108398 202.813064575195 203.197219848633 203.58137512207 203.965530395508 204.349670410156 204.733825683594 205.117980957031 205.173202514648 204.241592407227 203.309982299805 202.378387451172 201.44677734375 200.515167236328 199.583572387695 198.651962280273 197.77880859375 196.92512512207 196.071441650391 195.2177734375 194.36408996582 193.51042175293 192.65673828125 192.032943725586 192.098785400391 192.164642333984 192.230484008789 192.296325683594
202.361953735352 202.593307495117 202.824661254883 203.056015014648 202.697448730469 202.14225769043 201.58708190918 201.031890869141 200.476699829102 199.921508789062 199.366317749023 199.063201904297 199.516311645508 199.96940612793 200.422515869141 200.875625610352 201.328720092773 201.781829833984 202.234939575195 202.712646484375 203.198547363281 203.684448242188 204.170349121094 204.65625 205.142150878906 205.628067016602 205.740158081055 204.730834960938 203.72151184082 202.712188720703 201.702865600586 200.69352722168 199.684204101562 198.674880981445 197.778274536133 196.919250488281 196.060211181641 195.201187133789 194.342147827148 193.483123779297 192.624084472656 191.994186401367 192.051651000977 192.109115600586 192.166595458984 192.224060058594
202.550323486328 202.755523681641 202.960739135742 203.165954589844 202.792434692383 202.226013183594 201.659591674805 201.093170166016 200.526733398438 199.960311889648 199.393890380859 199.075820922852 199.502807617188 199.929794311523 200.356781005859 200.783767700195 201.210754394531 201.637741088867 202.064727783203 202.612213134766 203.19987487793 203.787521362305 204.375183105469 204.962829589844 205.550491333008 206.138137817383 206.307113647461 205.220077514648 204.133026123047 203.045989990234 201.958938598633 200.87190246582 199.784851074219 198.697814941406 197.777755737305 196.913375854492 196.048980712891 195.184600830078 194.320205688477 193.455825805664 192.591430664062 191.955413818359 192.004516601562 192.053604125977 192.10270690918 192.151794433594
202.737014770508 202.879272460938 203.021530151367 203.163787841797 202.73567199707 202.117416381836 201.499176025391 200.880920410156 200.262680053711 199.644424438477 199.026184082031 198.677978515625 199.139907836914 199.601837158203 200.063781738281 200.52571105957 200.987640380859 201.449569702148 201.911514282227 202.508529663086 203.15055847168 203.792602539062 204.434631347656 205.076675415039 205.718704223633 206.360748291016 206.564666748047 205.454223632812 204.343780517578 203.233337402344 202.122894287109 201.012451171875 199.902008056641 198.791564941406 197.874725341797 197.022415161133 196.170120239258 195.317810058594 194.46549987793 193.613204956055 192.760894775391 192.130996704102 192.168304443359 192.205612182617 192.242919921875 192.280227661133
202.92204284668 202.964538574219 203.007034301758 203.049545288086 202.527160644531 201.816497802734 201.105834960938 200.395172119141 199.684494018555 198.973831176758 198.263168334961 197.869644165039 198.427597045898 198.985534667969 199.543487548828 200.101425170898 200.659378051758 201.217315673828 201.775268554688 202.401550292969 203.050598144531 203.699661254883 204.348724365234 204.997787475586 205.646835327148 206.2958984375 206.512817382812 205.433288574219 204.353759765625 203.274230957031 202.194717407227 201.115188598633 200.035659790039 198.956146240234 198.06916809082 197.246383666992 196.423614501953 195.600830078125 194.778045654297 193.955261230469 193.132476806641 192.520919799805 192.543029785156 192.565139770508 192.587249755859 192.609359741211
203.107055664062 203.0498046875 202.992538452148 202.935287475586 202.318664550781 201.515579223633 200.712493896484 199.909408569336 199.106323242188 198.303237915039 197.500152587891 197.061325073242 197.715286254883 198.369232177734 199.023193359375 199.677154541016 200.331115722656 200.985061645508 201.639022827148 202.294570922852 202.950653076172 203.606735229492 204.262802124023 204.918884277344 205.574966430664 206.231048583984 206.460952758789 205.412353515625 204.363739013672 203.315139770508 202.266540527344 201.217926025391 200.169326782227 199.120727539062 198.263626098633 197.470367431641 196.677108764648 195.883850097656 195.090576171875 194.297317504883 193.504058837891 192.910842895508 192.917755126953 192.924667358398 192.931594848633 192.938507080078
203.292068481445 203.135055541992 202.978042602539 202.821029663086 202.110153198242 201.214660644531 200.319152832031 199.423645019531 198.528137207031 197.63264465332 196.73713684082 196.253005981445 197.002975463867 197.752944946289 198.502914428711 199.252868652344 200.002838134766 200.752807617188 201.502777099609 202.187591552734 202.850692749023 203.513793945312 204.176895141602 204.839996337891 205.50309753418 206.166198730469 206.409103393555 205.391418457031 204.373733520508 203.356048583984 202.338363647461 201.320678710938 200.302993774414 199.285308837891 198.458068847656 197.6943359375 196.930603027344 196.166854858398 195.403121948242 194.639389038086 193.875640869141 193.300765991211 193.292495727539 193.284210205078 193.275924682617 193.267639160156
203.477096557617 203.220321655273 202.963562011719 202.706787109375 201.901657104492 200.913726806641 199.925811767578 198.937896728516 197.949966430664 196.962051391602 195.97412109375 195.444686889648 196.290664672852 197.136642456055 197.982620239258 198.828598022461 199.674575805664 200.520553588867 201.36653137207 202.080627441406 202.750747680664 203.420867919922 204.09098815918 204.761108398438 205.431228637695 206.101348876953 206.357238769531 205.370483398438 204.383712768555 203.396942138672 202.410186767578 201.423416137695 200.436645507812 199.44987487793 198.652526855469 197.918304443359 197.184097290039 196.44987487793 195.715667724609 194.9814453125 194.247222900391 193.690704345703 193.667221069336 193.643737792969 193.620254516602 193.596771240234
203.662109375 203.305587768555 202.949066162109 202.592529296875 201.693145751953 200.612808227539 199.532470703125 198.452133178711 197.371795654297 196.291458129883 195.211120605469 194.636352539062 195.578353881836 196.52033996582 197.462326049805 198.404312133789 199.346313476562 200.288299560547 201.230285644531 201.973648071289 202.650787353516 203.327926635742 204.005065917969 204.682205200195 205.359344482422 206.036499023438 206.305389404297 205.349548339844 204.393692016602 203.437850952148 202.481994628906 201.526153564453 200.5703125 199.614456176758 198.846984863281 198.142288208008 197.437591552734 196.732894897461 196.028198242188 195.323501586914 194.61882019043 194.080627441406 194.041946411133 194.003265380859 193.964584350586 193.925903320312
203.660766601562 203.262557983398 202.864364624023 202.466156005859 201.542083740234 200.442718505859 199.343353271484 198.243988037109 197.144622802734 196.045257568359 194.945892333984 194.365081787109 195.339950561523 196.314819335938 197.289688110352 198.264556884766 199.239440917969 200.214309692383 201.189178466797 201.90087890625 202.524871826172 203.148864746094 203.772857666016 204.396850585938 205.020843505859 205.644836425781 205.880798339844 204.952713012695 204.024627685547 203.096542358398 202.16845703125 201.240371704102 200.312286376953 199.384185791016 198.679641723633 198.049621582031 197.419586181641 196.789566040039 196.159530639648 195.529510498047 194.899475097656 194.412811279297 194.356185913086 194.299575805664 194.242950439453 194.186340332031
203.473037719727 203.091247558594 202.709442138672 202.327651977539 201.448455810547 200.403457641602 199.358459472656 198.313446044922 197.268447875977 196.223449707031 195.178451538086 194.630844116211 195.575469970703 196.520095825195 197.464706420898 198.409332275391 199.353942871094 200.298568725586 201.243194580078 201.862350463867 202.373016357422 202.883682250977 203.394348144531 203.905029296875 204.41569519043 204.926361083984 205.08349609375 204.18000793457 203.276519775391 202.373031616211 201.469543457031 200.566055297852 199.662567138672 198.759078979492 198.150543212891 197.640319824219 197.130096435547 196.619888305664 196.109664916992 195.599456787109 195.089233398438 194.687240600586 194.609954833984 194.532653808594 194.455352783203 194.378051757812
203.285308837891 202.919921875 202.554534912109 202.189147949219 201.354827880859 200.364196777344 199.373550415039 198.382919311523 197.392288208008 196.401641845703 195.411010742188 194.896621704102 195.810989379883 196.725357055664 197.639724731445 198.554092407227 199.468460083008 200.382827758789 201.29719543457 201.823806762695 202.221145629883 202.618499755859 203.015853881836 203.413192749023 203.810546875 204.207885742188 204.286178588867 203.407287597656 202.528396606445 201.649505615234 200.770614624023 199.891723632812 199.012847900391 198.13395690918 197.621429443359 197.231018066406 196.840606689453 196.450210571289 196.059799194336 195.669387817383 195.278991699219 194.961685180664 194.863708496094 194.765731811523 194.667755126953 194.569778442383
203.097579956055 202.748611450195 202.399627685547 202.050659179688 201.261199951172 200.324935913086 199.388656616211 198.452392578125 197.51611328125 196.579833984375 195.643569946289 195.162384033203 196.046508789062 196.930633544922 197.814743041992 198.698867797852 199.582977294922 200.467102050781 201.351211547852 201.785263061523 202.069290161133 202.353317260742 202.637344360352 202.921371459961 203.20539855957 203.48942565918 203.488861083984 202.634582519531 201.780288696289 200.925994873047 200.071701049805 199.217407226562 198.363128662109 197.508834838867 197.092315673828 196.821716308594 196.551116943359 196.280517578125 196.00993347168 195.739334106445 195.468734741211 195.236129760742 195.117462158203 194.998809814453 194.880142211914 194.761489868164
202.909851074219 202.577285766602 202.244720458984 201.912155151367 201.167572021484 200.285675048828 199.403762817383 198.521850585938 197.639938354492 196.758041381836 195.876129150391 195.428161621094 196.282028198242 197.135894775391 197.989761352539 198.843627929688 199.697494506836 200.551361083984 201.405227661133 201.746719360352 201.917434692383 202.088134765625 202.258834838867 202.429534912109 202.600250244141 202.770950317383 202.691558837891 201.861862182617 201.032165527344 200.202484130859 199.372787475586 198.543090820312 197.713409423828 196.883712768555 196.563201904297 196.412414550781 196.261627197266 196.11083984375 195.960052490234 195.809280395508 195.658493041992 195.510559082031 195.371231079102 195.231887817383 195.092544555664 194.953216552734
202.722122192383 202.405975341797 202.089813232422 201.773651123047 201.073959350586 200.24641418457 199.418869018555 198.591323852539 197.763778686523 196.936233520508 196.108688354492 195.693939208984 196.517547607422 197.341156005859 198.164779663086 198.988388061523 199.81201171875 200.635620117188 201.459243774414 201.70817565918 201.765563964844 201.822952270508 201.880325317383 201.937713623047 201.995101928711 202.052474975586 201.894241333008 201.089157104492 200.284057617188 199.478958129883 198.673873901367 197.868774414062 197.063690185547 196.258590698242 196.034088134766 196.003112792969 195.972137451172 195.941162109375 195.910186767578 195.879211425781 195.848236083984 195.785003662109 195.624984741211 195.464965820312 195.304946899414 195.144927978516
202.108444213867 201.750137329102 201.391845703125 201.033538818359 200.432540893555 199.750671386719 199.068786621094 198.386901855469 197.705017089844 197.023132324219 196.341247558594 196.028305053711 196.822219848633 197.616149902344 198.410064697266 199.203979492188 199.997894287109 200.791809082031 201.585723876953 201.756484985352 201.719512939453 201.682556152344 201.645584106445 201.608627319336 201.571670532227 201.534698486328 201.320816040039 200.576141357422 199.831466674805 199.086791992188 198.34211730957 197.597442626953 196.852767944336 196.108108520508 195.96321105957 196.01823425293 196.073257446289 196.128280639648 196.183319091797 196.238342285156 196.293365478516 196.28547668457 196.088821411133 195.892166137695 195.695510864258 195.49885559082
201.068801879883 200.609802246094 200.150802612305 199.691802978516 199.243362426758 198.798431396484 198.353515625 197.908584594727 197.463653564453 197.01872253418 196.573806762695 196.431289672852 197.196060180664 197.960830688477 198.725601196289 199.490371704102 200.255142211914 201.019912719727 201.784683227539 201.891616821289 201.779281616211 201.666946411133 201.554611206055 201.442276000977 201.329940795898 201.21760559082 200.971252441406 200.322830200195 199.674392700195 199.025970458984 198.377532958984 197.729110717773 197.080673217773 196.432250976562 196.350555419922 196.457778930664 196.564987182617 196.672210693359 196.779434204102 196.886642456055 196.993865966797 197.011978149414 196.762725830078 196.513488769531 196.264251708984 196.014999389648
