resources/Exp000_Example-Run/Run01_M2/TimeSeries/1980/model_set/swgnt_avg.asc
NCOLS 265 
NROWS 230 
XLLCORNER -115.5625 
YLLCORNER 24.8333333333333 
CELLSIZE 0.0833333333333333 
NODATA_value -9999 
[rows 160 to 179 of 230, columns 138 to 183 of 265]
196.829559326172 196.864639282227 196.89973449707 196.934814453125 196.334136962891 195.521545410156 194.708953857422 193.896362304688 193.083770751953 192.271179199219 191.458587646484 190.833038330078 190.768615722656 190.704193115234 190.639770507812 190.57536315918 190.510940551758 190.446517944336 190.382095336914 190.459487915039 190.58415222168 190.70881652832 190.833480834961 190.958145141602 191.082794189453 191.207458496094 191.371932983398 191.655792236328 191.939651489258 192.223526000977 192.507385253906 192.791259765625 193.075119018555 193.358978271484 193.389175415039 193.334823608398 193.280456542969 193.226104736328 193.171737670898 193.117385864258 193.063018798828 193.044830322266 193.135116577148 193.225402832031 193.315704345703 193.405990600586
197.743209838867 197.806655883789 197.8701171875 197.933563232422 197.345611572266 196.540512084961 195.735427856445 194.930328369141 194.125228881836 193.32014465332 192.515045166016 191.883316040039 191.771621704102 191.659942626953 191.548248291016 191.436569213867 191.32487487793 191.213195800781 191.101501464844 191.141204833984 191.231369018555 191.321517944336 191.411682128906 191.501846313477 191.591995239258 191.682159423828 191.81510925293 192.076431274414 192.337753295898 192.599090576172 192.860412597656 193.121734619141 193.383071899414 193.644393920898 193.673110961914 193.624282836914 193.575469970703 193.526641845703 193.477828979492 193.429000854492 193.380187988281 193.37223815918 193.486938476562 193.601638793945 193.716323852539 193.831024169922
198.27653503418 198.332580566406 198.388641357422 198.444686889648 197.885818481445 197.121948242188 196.358093261719 195.59423828125 194.830383300781 194.066528320312 193.302673339844 192.692749023438 192.544616699219 192.396484375 192.24836730957 192.100234985352 191.952117919922 191.803985595703 191.655853271484 191.624801635742 191.632781982422 191.640747070312 191.648712158203 191.656692504883 191.664657592773 191.672622680664 191.746948242188 192.020324707031 192.293685913086 192.56706237793 192.840423583984 193.113800048828 193.387176513672 193.660537719727 193.720596313477 193.709533691406 193.698486328125 193.687423706055 193.676376342773 193.665313720703 193.654266357422 193.678100585938 193.806610107422 193.935104370117 194.063613891602 194.192123413086
198.429534912109 198.442428588867 198.455307006836 198.468200683594 197.95475769043 197.265869140625 196.57698059082 195.888107299805 195.19921875 194.510330200195 193.821441650391 193.261337280273 193.087600708008 192.913864135742 192.740112304688 192.566375732422 192.392639160156 192.218887329102 192.045150756836 191.910293579102 191.788391113281 191.666488647461 191.544586181641 191.42268371582 191.30078125 191.17887878418 191.167449951172 191.487457275391 191.80744934082 192.12744140625 192.447448730469 192.767440795898 193.087432861328 193.407440185547 193.531631469727 193.590576171875 193.649505615234 193.708450317383 193.767395019531 193.826324462891 193.885269165039 193.96240234375 194.094116210938 194.225830078125 194.357559204102 194.489273071289
198.582534790039 198.552261352539 198.521987915039 198.49169921875 198.023696899414 197.409790039062 196.795867919922 196.18196105957 195.56803894043 194.954132080078 194.340209960938 193.829940795898 193.630584716797 193.431228637695 193.231872558594 193.032516479492 192.833160400391 192.6337890625 192.434432983398 192.195770263672 191.944000244141 191.692230224609 191.440444946289 191.188674926758 190.936904907227 190.685134887695 190.587966918945 190.95458984375 191.321212768555 191.687835693359 192.054458618164 192.421081542969 192.787704467773 193.154327392578 193.342681884766 193.471618652344 193.600540161133 193.729476928711 193.8583984375 193.987335205078 194.116256713867 194.246688842773 194.381622314453 194.516571044922 194.651504516602 194.786437988281
198.735549926758 198.662109375 198.588653564453 198.515213012695 198.092651367188 197.553695678711 197.014755249023 196.475814819336 195.936874389648 195.397933959961 194.858993530273 194.398544311523 194.173568725586 193.948593139648 193.723617553711 193.498641967773 193.273681640625 193.048706054688 192.82373046875 192.481246948242 192.099609375 191.717956542969 191.336318969727 190.954681396484 190.573028564453 190.191390991211 190.00846862793 190.421722412109 190.8349609375 191.24821472168 191.661468505859 192.074722290039 192.487976074219 192.901214599609 193.153732299805 193.352645874023 193.551574707031 193.75048828125 193.949417114258 194.148330688477 194.347259521484 194.530990600586 194.669143676758 194.80729675293 194.945434570312 195.083587646484
198.888549804688 198.771942138672 198.655334472656 198.538726806641 198.161590576172 197.697616577148 197.233642578125 196.769683837891 196.305709838867 195.841735839844 195.37776184082 194.967132568359 194.716552734375 194.465957641602 194.215377807617 193.964782714844 193.714202880859 193.463607788086 193.213012695312 192.766738891602 192.255218505859 191.743698120117 191.232192993164 190.720672607422 190.20915222168 189.697647094727 189.428970336914 189.888854980469 190.348724365234 190.808609008789 191.268478393555 191.728363037109 192.188232421875 192.64811706543 192.964767456055 193.233688354492 193.502593994141 193.771514892578 194.040435791016 194.309341430664 194.578262329102 194.815292358398 194.956649780273 195.098022460938 195.239379882812 195.380752563477
199.041564941406 198.881774902344 198.72200012207 198.562225341797 198.230529785156 197.841537475586 197.452529907227 197.063537597656 196.674530029297 196.285537719727 195.896530151367 195.535736083984 195.259536743164 194.983322143555 194.707122802734 194.430923461914 194.154724121094 193.878509521484 193.602310180664 193.052215576172 192.410827636719 191.769439697266 191.128051757812 190.486663818359 189.845275878906 189.203887939453 188.849472045898 189.355987548828 189.862487792969 190.368988037109 190.87548828125 191.38200378418 191.88850402832 192.395004272461 192.775817871094 193.114715576172 193.453628540039 193.792541503906 194.131439208984 194.470352172852 194.809265136719 195.099578857422 195.244155883789 195.388748168945 195.533325195312 195.67790222168
199.145736694336 198.962142944336 198.778549194336 198.594955444336 198.301834106445 197.972198486328 197.642562866211 197.312927246094 196.983291625977 196.653656005859 196.324020385742 196.011108398438 195.748321533203 195.485549926758 195.222778320312 194.959991455078 194.697219848633 194.434432983398 194.171661376953 193.594604492188 192.912780761719 192.23095703125 191.549133300781 190.867309570312 190.185485839844 189.503662109375 189.106552124023 189.563522338867 190.020492553711 190.477462768555 190.934448242188 191.391418457031 191.848388671875 192.305374145508 192.686813354492 193.043075561523 193.399337768555 193.755599975586 194.111862182617 194.468124389648 194.82438659668 195.127593994141 195.271697998047 195.415802001953 195.55989074707 195.703994750977
199.201095581055 199.013031005859 198.824981689453 198.636917114258 198.37548828125 198.089614868164 197.803741455078 197.517868041992 197.231979370117 196.946105957031 196.660232543945 196.393249511719 196.18293762207 195.972625732422 195.762313842773 195.552001953125 195.341705322266 195.131393432617 194.921081542969 194.393890380859 193.76106262207 193.12825012207 192.495422363281 191.862609863281 191.229782104492 190.596969604492 190.200164794922 190.511459350586 190.82275390625 191.134048461914 191.445327758789 191.756622314453 192.067916870117 192.379211425781 192.69775390625 193.018737792969 193.339721679688 193.660690307617 193.981674194336 194.302642822266 194.623626708984 194.899337768555 195.039260864258 195.179168701172 195.319091796875 195.459014892578
199.256454467773 199.063934326172 198.871398925781 198.678863525391 198.449142456055 198.20703125 197.964904785156 197.722793579102 197.480682373047 197.238555908203 196.996444702148 196.775390625 196.617553710938 196.459701538086 196.301864624023 196.144027709961 195.986175537109 195.828338623047 195.670486450195 195.193176269531 194.609344482422 194.025527954102 193.441711425781 192.857894897461 192.274078369141 191.69026184082 191.293792724609 191.459411621094 191.625015258789 191.790618896484 191.95622253418 192.121826171875 192.28742980957 192.453033447266 192.708709716797 192.994400024414 193.280090332031 193.565795898438 193.851486206055 194.137176513672 194.422866821289 194.67106628418 194.80680847168 194.94255065918 195.07829284668 195.214019775391
199.311813354492 199.114822387695 198.917816162109 198.720825195312 198.522796630859 198.324447631836 198.126083374023 197.927719116211 197.729370117188 197.531005859375 197.332641601562 197.157531738281 197.052154541016 196.946792602539 196.841415405273 196.736038208008 196.630661010742 196.525283813477 196.419906616211 195.992446899414 195.457641601562 194.922821044922 194.388000488281 193.85319519043 193.318374633789 192.783554077148 192.387420654297 192.407348632812 192.427261352539 192.447189331055 192.467102050781 192.487030029297 192.506958007812 192.526870727539 192.719665527344 192.970062255859 193.220474243164 193.470886230469 193.721298217773 193.971710205078 194.222106933594 194.442810058594 194.574371337891 194.705932617188 194.837478637695 194.969039916992
199.367172241211 199.165710449219 198.964248657227 198.762771606445 198.596466064453 198.441864013672 198.287261962891 198.132659912109 197.978057861328 197.823455810547 197.668853759766 197.539672851562 197.486770629883 197.433868408203 197.380950927734 197.328048706055 197.275146484375 197.222229003906 197.169326782227 196.791732788086 196.305923461914 195.820114135742 195.334289550781 194.848480224609 194.362670898438 193.876846313477 193.481048583984 193.355285644531 193.229522705078 193.103759765625 192.977996826172 192.852233886719 192.726470947266 192.600708007812 192.730606079102 192.945739746094 193.160858154297 193.3759765625 193.591110229492 193.806228637695 194.021362304688 194.214538574219 194.341918945312 194.469299316406 194.5966796875 194.724060058594
199.42253112793 199.216598510742 199.010665893555 198.804733276367 198.670120239258 198.559280395508 198.448425292969 198.337585449219 198.226745605469 198.115905761719 198.005065917969 197.921829223633 197.92138671875 197.920944213867 197.920501708984 197.920059204102 197.919616699219 197.919174194336 197.918746948242 197.591018676758 197.154205322266 196.717391967773 196.280578613281 195.843780517578 195.406967163086 194.970153808594 194.574676513672 194.303237915039 194.031784057617 193.760330200195 193.488891601562 193.217437744141 192.945983886719 192.674545288086 192.741561889648 192.921401977539 193.10124206543 193.28108215332 193.460922241211 193.640762329102 193.820602416992 193.986282348633 194.109481811523 194.232681274414 194.355880737305 194.479080200195
199.622222900391 199.460479736328 199.298751831055 199.137008666992 199.003875732422 198.880264282227 198.75666809082 198.633056640625 198.509460449219 198.385864257812 198.262252807617 198.187347412109 198.258544921875 198.329742431641 198.400939941406 198.472137451172 198.543334960938 198.614532470703 198.685729980469 198.421813964844 198.046203613281 197.670593261719 197.294967651367 196.919357299805 196.543746948242 196.168121337891 195.79377746582 195.423202514648 195.052642822266 194.682067871094 194.311508178711 193.940948486328 193.570373535156 193.199813842773 193.16650390625 193.24560546875 193.32470703125 193.40380859375 193.48291015625 193.562026977539 193.641128540039 193.730194091797 193.849136352539 193.968078613281 194.087036132812 194.205978393555
199.966232299805 199.897354125977 199.828475952148 199.75959777832 199.597717285156 199.404846191406 199.211959838867 199.019073486328 198.826187133789 198.633316040039 198.4404296875 198.336273193359 198.498275756836 198.660278320312 198.822280883789 198.984283447266 199.146286010742 199.308288574219 199.470291137695 199.284133911133 198.981903076172 198.6796875 198.377456665039 198.075225830078 197.773010253906 197.470779418945 197.138336181641 196.715209960938 196.292098999023 195.868988037109 195.445861816406 195.022750854492 194.599639892578 194.176528930664 194.005432128906 193.918350219727 193.831268310547 193.744186401367 193.657089233398 193.570007324219 193.482925415039 193.446273803711 193.560897827148 193.675521850586 193.790130615234 193.904754638672
200.310241699219 200.334228515625 200.358215332031 200.382202148438 200.19157409668 199.929412841797 199.667251586914 199.405090332031 199.142929077148 198.880767822266 198.618606567383 198.48518371582 198.737991333008 198.990814208984 199.243621826172 199.496429443359 199.749237060547 200.002059936523 200.254867553711 200.146438598633 199.917602539062 199.688766479492 199.459930419922 199.231109619141 199.00227355957 198.7734375 198.482894897461 198.007232666016 197.531555175781 197.055892944336 196.580230712891 196.104568481445 195.62890625 195.153228759766 194.844360351562 194.591094970703 194.337814331055 194.084548950195 193.831268310547 193.578002929688 193.324722290039 193.162353515625 193.272644042969 193.382949829102 193.493240356445 193.603546142578
200.654251098633 200.771102905273 200.887954711914 201.004791259766 200.785415649414 200.453979492188 200.122543334961 199.791107177734 199.459655761719 199.128219604492 198.796783447266 198.63410949707 198.977722167969 199.321334838867 199.664962768555 200.008575439453 200.352203369141 200.695816040039 201.039428710938 201.008758544922 200.853302001953 200.697860717773 200.542419433594 200.386978149414 200.231536865234 200.076080322266 199.827453613281 199.299240112305 198.771026611328 198.242797851562 197.714584350586 197.186370849609 196.658157348633 196.129943847656 195.683303833008 195.26383972168 194.844375610352 194.424911499023 194.005447387695 193.585998535156 193.166534423828 192.878433227539 192.984405517578 193.090377807617 193.196350097656 193.302322387695
200.998275756836 201.207977294922 201.417678833008 201.627380371094 201.379272460938 200.978561401367 200.577835083008 200.177108764648 199.776397705078 199.375671386719 198.974960327148 198.783020019531 199.21745300293 199.651870727539 200.086303710938 200.520721435547 200.955154418945 201.389572143555 201.824005126953 201.871063232422 201.789016723633 201.706954956055 201.624908447266 201.542846679688 201.460800170898 201.37873840332 201.172012329102 200.591247558594 200.010482788086 199.429718017578 198.84895324707 198.268188476562 197.687423706055 197.106658935547 196.522232055664 195.936584472656 195.350936889648 194.765289306641 194.179626464844 193.593978881836 193.008331298828 192.594512939453 192.696151733398 192.797805786133 192.899444580078 193.001098632812
201.34228515625 201.64485168457 201.947418212891 202.249984741211 201.973129272461 201.503128051758 201.033126831055 200.563125610352 200.093124389648 199.623123168945 199.153137207031 198.931945800781 199.457168579102 199.982406616211 200.507629394531 201.032867431641 201.55810546875 202.08332824707 202.60856628418 202.733383178711 202.724716186523 202.716049194336 202.707382202148 202.698715209961 202.690063476562 202.681396484375 202.516571044922 201.883255004883 201.249938964844 200.616622924805 199.983306884766 199.350006103516 198.716690063477 198.083374023438 197.36116027832 196.609329223633 195.857482910156 195.105651855469 194.353805541992 193.601974487305 192.850128173828 192.310592651367 192.407913208008 192.505233764648 192.602554321289 192.69987487793
