resources/Exp000_Example-Run/Run01_M2/TimeSeries/1980/model_set/swgnt_avg.asc
NCOLS 265 
NROWS 230 
XLLCORNER -115.5625 
YLLCORNER 24.8333333333333 
CELLSIZE 0.0833333333333333 
NODATA_value -9999 
[rows 140 to 159 of 230, columns 46 to 91 of 265]
193.609451293945 193.771148681641 193.932846069336 194.09455871582 194.256256103516 194.417953491211 195.023178100586 195.776245117188 196.529296875 197.282363891602 198.035430908203 198.788482666016 199.541549682617 200.025726318359 199.703247070312 199.380752563477 199.05827331543 198.735794067383 198.413299560547 198.0908203125 197.768325805664 197.474533081055 197.190292358398 196.906036376953 196.621795654297 196.337554931641 196.053314208984 195.769073486328 195.523696899414 195.394943237305 195.266189575195 195.137435913086 195.008666992188 194.879913330078 194.751159667969 194.622406005859 194.329772949219 193.982513427734 193.635269165039 193.288009643555 192.94075012207 192.593490600586 192.246231079102 191.998245239258 192.048080444336 192.097915649414
194.322875976562 194.454406738281 194.5859375 194.717468261719 194.848999023438 194.980529785156 195.512390136719 196.177703857422 196.843017578125 197.508331298828 198.17366027832 198.838973999023 199.504287719727 199.916763305664 199.570755004883 199.224746704102 198.87873840332 198.532730102539 198.186721801758 197.840713500977 197.494705200195 197.228958129883 196.989974975586 196.750991821289 196.511993408203 196.273010253906 196.034027099609 195.795028686523 195.580627441406 195.43994140625 195.299255371094 195.158569335938 195.01789855957 194.877212524414 194.736526489258 194.595840454102 194.255630493164 193.848922729492 193.442199707031 193.035491943359 192.628768920898 192.222061157227 191.815338134766 191.504348754883 191.480529785156 191.45671081543
195.036285400391 195.137649536133 195.239013671875 195.340377807617 195.44172668457 195.543090820312 196.001602172852 196.579177856445 197.15673828125 197.734313964844 198.311874389648 198.889450073242 199.467010498047 199.807815551758 199.438278198242 199.068740844727 198.69921875 198.329681396484 197.960144042969 197.590621948242 197.221084594727 196.9833984375 196.789672851562 196.595932006836 196.402206420898 196.208465576172 196.014739990234 195.820999145508 195.637542724609 195.484939575195 195.332336425781 195.179718017578 195.027114868164 194.874496459961 194.721893310547 194.569290161133 194.181503295898 193.715316772461 193.249145507812 192.782974243164 192.316802978516 191.850616455078 191.38444519043 191.010452270508 190.912979125977 190.815505981445
195.749710083008 195.820892333984 195.89208984375 195.963272094727 196.034469604492 196.105667114258 196.490829467773 196.98063659668 197.470458984375 197.96028137207 198.450103759766 198.939926147461 199.429748535156 199.698852539062 199.305801391602 198.912734985352 198.519683837891 198.12663269043 197.73356628418 197.340515136719 196.947463989258 196.737838745117 196.58935546875 196.440887451172 196.292404174805 196.143920898438 195.995452880859 195.846969604492 195.694473266602 195.529937744141 195.36540222168 195.200866699219 195.036331176758 194.871795654297 194.707260131836 194.542724609375 194.107360839844 193.581726074219 193.056091308594 192.530456542969 192.004821777344 191.479187011719 190.953552246094 190.516540527344 190.345428466797 190.174301147461
196.326950073242 196.423599243164 196.520263671875 196.616912841797 196.713577270508 196.81022644043 197.146102905273 197.561706542969 197.977310180664 198.392913818359 198.808517456055 199.22412109375 199.639724731445 199.849746704102 199.443054199219 199.036361694336 198.629669189453 198.22297668457 197.816284179688 197.409591674805 197.002899169922 196.817825317383 196.706619262695 196.595428466797 196.484237670898 196.373031616211 196.261840820312 196.150650024414 196.021438598633 195.838226318359 195.654998779297 195.471771240234 195.288558959961 195.105331420898 194.922103881836 194.738876342773 194.26985168457 193.70556640625 193.141265869141 192.57698059082 192.012680053711 191.448394775391 190.884094238281 190.401596069336 190.164489746094 189.927398681641
196.768005371094 196.945770263672 197.123519897461 197.301284790039 197.479034423828 197.656799316406 197.967422485352 198.322341918945 198.677261352539 199.032180786133 199.387100219727 199.74201965332 200.096939086914 200.260513305664 199.850067138672 199.43962097168 199.029174804688 198.618728637695 198.208282470703 197.797836303711 197.387390136719 197.223358154297 197.141479492188 197.059585571289 196.977691650391 196.895812988281 196.813919067383 196.732040405273 196.618453979492 196.409790039062 196.201110839844 195.992446899414 195.783767700195 195.575103759766 195.366439819336 195.157760620117 194.668991088867 194.086837768555 193.504684448242 192.92253112793 192.340377807617 191.758224487305 191.176071166992 190.665603637695 190.370193481445 190.074783325195
197.209060668945 197.467926025391 197.726791381836 197.985641479492 198.244506835938 198.503372192383 198.788757324219 199.082992553711 199.377227783203 199.671463012695 199.965682983398 200.259918212891 200.554153442383 200.671279907227 200.257080078125 199.842880249023 199.428680419922 199.01448059082 198.600280761719 198.186080932617 197.771881103516 197.628890991211 197.576324462891 197.523742675781 197.471160888672 197.418579101562 197.365997314453 197.313430786133 197.215454101562 196.981338500977 196.747222900391 196.513107299805 196.278991699219 196.044876098633 195.810760498047 195.576644897461 195.068115234375 194.468109130859 193.868103027344 193.268081665039 192.668075561523 192.068069458008 191.468063354492 190.929626464844 190.575897216797 190.22216796875
197.650115966797 197.990081787109 198.330047607422 198.670013427734 199.009979248047 199.349945068359 199.610092163086 199.843643188477 200.077178955078 200.310729980469 200.544281005859 200.777816772461 201.011367797852 201.08203125 200.664077758789 200.246139526367 199.828186035156 199.410232543945 198.992279052734 198.574325561523 198.156372070312 198.034439086914 198.011169433594 197.987899780273 197.964630126953 197.941360473633 197.918090820312 197.894821166992 197.812469482422 197.55290222168 197.293350219727 197.033782958984 196.774215698242 196.514663696289 196.255096435547 195.995529174805 195.467239379883 194.849380493164 194.231506347656 193.613647460938 192.99577331543 192.377914428711 191.760040283203 191.193634033203 190.781585693359 190.369552612305
198.091186523438 198.512252807617 198.933319091797 199.354385375977 199.775451660156 200.196517944336 200.431427001953 200.604278564453 200.777145385742 200.949996948242 201.122863769531 201.295715332031 201.46858215332 201.492797851562 201.071090698242 200.649383544922 200.227691650391 199.80598449707 199.38427734375 198.96257019043 198.540863037109 198.439971923828 198.446014404297 198.452041625977 198.458084106445 198.464126586914 198.470169067383 198.476196289062 198.409484863281 198.124465942383 197.839462280273 197.554458618164 197.269439697266 196.984436035156 196.699417114258 196.414413452148 195.866363525391 195.230651855469 194.594924926758 193.959197998047 193.323471069336 192.687744140625 192.052032470703 191.457641601562 190.987289428711 190.516937255859
198.532241821289 199.034408569336 199.536575317383 200.03874206543 200.540908813477 201.043090820312 201.25276184082 201.364929199219 201.477096557617 201.589279174805 201.701446533203 201.813629150391 201.925796508789 201.903564453125 201.478103637695 201.052642822266 200.627182006836 200.201736450195 199.776275634766 199.350814819336 198.925354003906 198.845504760742 198.880859375 198.916198730469 198.951553344727 198.986892700195 199.022247314453 199.057586669922 199.006484985352 198.696029663086 198.38557434082 198.075119018555 197.764663696289 197.454208374023 197.143753051758 196.833297729492 196.265502929688 195.611923217773 194.95832824707 194.304748535156 193.651168823242 192.997589111328 192.344009399414 191.721649169922 191.192993164062 190.664321899414
198.863998413086 199.403793334961 199.943572998047 200.483352661133 201.023147583008 201.562927246094 201.76155090332 201.846450805664 201.931350708008 202.016235351562 202.101135253906 202.18603515625 202.270935058594 202.233169555664 201.827423095703 201.421661376953 201.015914916992 200.610153198242 200.204406738281 199.79866027832 199.39289855957 199.341613769531 199.408493041992 199.475372314453 199.542236328125 199.609115600586 199.675994873047 199.742858886719 199.701110839844 199.333480834961 198.965850830078 198.598236083984 198.230606079102 197.862976074219 197.495346069336 197.127731323242 196.548873901367 195.899597167969 195.250335693359 194.601058959961 193.951797485352 193.302520751953 192.653259277344 192.039947509766 191.534515380859 191.029083251953
199.086471557617 199.620391845703 200.154296875 200.688217163086 201.222122192383 201.756042480469 201.957794189453 202.048828125 202.139862060547 202.230895996094 202.32194519043 202.412979125977 202.504013061523 202.481643676758 202.119049072266 201.756454467773 201.393859863281 201.031265258789 200.668670654297 200.306076049805 199.943481445312 199.928298950195 200.028915405273 200.129547119141 200.230163574219 200.330780029297 200.431396484375 200.532012939453 200.493347167969 200.036819458008 199.580307006836 199.123779296875 198.667266845703 198.210739135742 197.754211425781 197.297698974609 196.71647644043 196.093688964844 195.470901489258 194.848114013672 194.225326538086 193.6025390625 192.979751586914 192.412506103516 192.011856079102 191.611206054688
199.308959960938 199.836990356445 200.365036010742 200.89306640625 201.421112060547 201.949142456055 202.154037475586 202.251205444336 202.348388671875 202.445556640625 202.542739868164 202.639907836914 202.737091064453 202.730102539062 202.410675048828 202.091247558594 201.77180480957 201.452377319336 201.132949829102 200.813507080078 200.494079589844 200.514984130859 200.649353027344 200.783706665039 200.918075561523 201.052444458008 201.186798095703 201.321166992188 201.285583496094 200.740158081055 200.194747924805 199.649337768555 199.103912353516 198.558502197266 198.013092041016 197.467666625977 196.884094238281 196.287780761719 195.691482543945 195.095169067383 194.498870849609 193.902572631836 193.306259155273 192.785064697266 192.489196777344 192.193328857422
199.531433105469 200.053588867188 200.575759887695 201.097930908203 201.620086669922 202.14225769043 202.350280761719 202.453598022461 202.556915283203 202.660217285156 202.763534545898 202.866851806641 202.970153808594 202.978576660156 202.702301025391 202.426025390625 202.149749755859 201.873489379883 201.597213745117 201.320938110352 201.044662475586 201.101669311523 201.269775390625 201.437881469727 201.605987548828 201.77409362793 201.942199707031 202.110305786133 202.077819824219 201.443496704102 200.809188842773 200.174880981445 199.540573120117 198.906265258789 198.271957397461 197.637634277344 197.051696777344 196.481872558594 195.912048339844 195.342239379883 194.772415161133 194.202590942383 193.632766723633 193.157638549805 192.966552734375 192.775466918945
199.75390625 200.27018737793 200.786483764648 201.302780151367 201.819076538086 202.335372924805 202.546524047852 202.655975341797 202.765426635742 202.874877929688 202.984329223633 203.093780517578 203.203231811523 203.227035522461 202.993927001953 202.760818481445 202.527694702148 202.294586181641 202.061477661133 201.828369140625 201.595260620117 201.688369750977 201.890213012695 202.092056274414 202.293914794922 202.495758056641 202.697616577148 202.899459838867 202.870056152344 202.146850585938 201.423645019531 200.700439453125 199.977233886719 199.254028320312 198.530822753906 197.8076171875 197.219314575195 196.675964355469 196.132629394531 195.589294433594 195.045944213867 194.50260925293 193.959274291992 193.530197143555 193.443893432617 193.35758972168
199.976379394531 200.486801147461 200.997222900391 201.50764465332 202.01806640625 202.52848815918 202.742782592773 202.858367919922 202.97395324707 203.089538574219 203.205123901367 203.320709228516 203.436294555664 203.475509643555 203.285552978516 203.095596313477 202.905654907227 202.715698242188 202.525741577148 202.335800170898 202.145843505859 202.275054931641 202.510650634766 202.746231079102 202.981826782227 203.217422485352 203.453018188477 203.688613891602 203.66227722168 202.850189208984 202.0380859375 201.225982666016 200.413879394531 199.601791381836 198.789688110352 197.977584838867 197.386917114258 196.870056152344 196.353210449219 195.836349487305 195.319488525391 194.802627563477 194.285781860352 193.902755737305 193.921234130859 193.939712524414
200.054077148438 200.538024902344 201.02197265625 201.505920410156 201.989868164062 202.473815917969 202.716567993164 202.878921508789 203.041275024414 203.203643798828 203.365997314453 203.528350830078 203.690704345703 203.77751159668 203.637664794922 203.497817993164 203.357971191406 203.218124389648 203.078277587891 202.938430786133 202.798583984375 202.922790527344 203.135025024414 203.347244262695 203.559463500977 203.771697998047 203.983917236328 204.196151733398 204.156784057617 203.362640380859 202.568496704102 201.774353027344 200.980209350586 200.186065673828 199.39192199707 198.597778320312 198.015884399414 197.504760742188 196.993637084961 196.482498168945 195.971374511719 195.460235595703 194.949111938477 194.570266723633 194.588302612305 194.606353759766
199.987014770508 200.423889160156 200.860748291016 201.297622680664 201.734481811523 202.171356201172 202.467895507812 202.717651367188 202.967407226562 203.217178344727 203.466934204102 203.716690063477 203.966461181641 204.133071899414 204.050277709961 203.967483520508 203.884689331055 203.801879882812 203.719085693359 203.636291503906 203.553497314453 203.631607055664 203.76335144043 203.895080566406 204.026824951172 204.158569335938 204.290313720703 204.422058105469 204.353530883789 203.684204101562 203.014862060547 202.345520019531 201.676193237305 201.006851196289 200.337524414062 199.668182373047 199.106231689453 198.580062866211 198.053909301758 197.527740478516 197.001586914062 196.47541809082 195.949264526367 195.532730102539 195.445114135742 195.357482910156
199.919952392578 200.309753417969 200.69953918457 201.089324951172 201.479110717773 201.868896484375 202.219223022461 202.556381225586 202.893539428711 203.230712890625 203.56787109375 203.905029296875 204.242202758789 204.488632202148 204.462890625 204.437133789062 204.411392211914 204.385635375977 204.359893798828 204.33415222168 204.308395385742 204.340408325195 204.391662597656 204.442932128906 204.494186401367 204.545455932617 204.596710205078 204.647979736328 204.55029296875 204.005752563477 203.461227416992 202.916702270508 202.372177124023 201.827651977539 201.283111572266 200.738586425781 200.196563720703 199.655364990234 199.114181518555 198.572982788086 198.031799316406 197.490600585938 196.949417114258 196.495193481445 196.301910400391 196.108612060547
199.852905273438 200.195602416992 200.538314819336 200.88102722168 201.223739624023 201.566452026367 201.970550537109 202.395111083984 202.819671630859 203.244247436523 203.668807983398 204.093368530273 204.517944335938 204.844192504883 204.87548828125 204.906799316406 204.938095092773 204.96940612793 205.000701904297 205.031997680664 205.06330871582 205.049209594727 205.019989013672 204.990768432617 204.961547851562 204.932327270508 204.903106689453 204.873886108398 204.747039794922 204.32731628418 203.907592773438 203.487884521484 203.068161010742 202.6484375 202.228713989258 201.808990478516 201.286895751953 200.730682373047 200.174453735352 199.618240356445 199.06201171875 198.505798339844 197.949569702148 197.457672119141 197.158706665039 196.859756469727
