data/working_set_collections/6091692-Cassins_Sparrow-MC/2010/bio18.asc
NCOLS 265 
NROWS 230 
XLLCORNER -115.5625 
YLLCORNER 24.8333333333333 
CELLSIZE 0.0833333333333333 
NODATA_value -9999 
[rows 60 to 79 of 230, columns 184 to 229 of 265]
246.353279113769 247.753649393717 249.154019673665 250.092842992147 250.877817323472 251.662791654798 252.447765986124 253.23274031745 254.017714648776 254.802688980102 256.086310958862 258.865875879923 261.645440800984 264.425005722045 267.204570643106 269.984135564168 272.763700485229 275.54326540629 276.785768381754 277.515917375353 278.24606636895 278.976215362549 279.706364356147 280.436513349745 281.166662343343 282.119405534532 283.739931318495 285.360457102457 286.98098288642 288.601508670383 290.222034454345 291.842560238308 293.463086022271 294.562223307292 295.487564425998 296.412905544705 297.338246663411 298.263587782118 299.188928900825 300.114270019531 299.921578216554 296.37478764852 292.827997080486 289.281206512452 285.734415944419 282.187625376384
247.487138366699 249.018465677897 250.549792989094 251.476401901245 252.201438013712 252.92647412618 253.651510238647 254.376546351115 255.101582463582 255.82661857605 257.031321589151 259.675025304158 262.318729019164 264.962432734171 267.606136449177 270.249840164184 272.89354387919 275.537247594197 276.798564910889 277.599086761474 278.39960861206 279.200130462646 280.000652313232 280.801174163818 281.601696014404 282.58222173055 284.102759043375 285.623296356201 287.143833669026 288.664370981852 290.184908294677 291.705445607503 293.225982920328 294.132019042969 294.833221435547 295.534423828125 296.235626220703 296.936828613281 297.638031005859 298.339233398438 297.9796333313 294.437625885011 290.895618438722 287.353610992433 283.811603546144 280.269596099854
248.620997619628 250.283281962076 251.945566304524 252.859960810343 253.525058703952 254.190156597561 254.85525449117 255.520352384779 256.185450278388 256.850548171997 257.976332219441 260.484174728393 262.992017237345 265.499859746297 268.007702255248 270.5155447642 273.023387273152 275.531229782104 276.811361440023 277.682256147596 278.55315085517 279.424045562744 280.294940270318 281.165834977891 282.036729685465 283.045037926568 284.465586768256 285.886135609944 287.306684451633 288.727233293321 290.14778213501 291.568330976698 292.988879818386 293.701814778646 294.178878445095 294.655942111545 295.133005777995 295.610069444445 296.087133110894 296.564196777344 296.037688446046 292.500464121502 288.963239796957 285.426015472413 281.888791147869 278.351566823324
249.754856872558 251.548098246256 253.341339619954 254.243519719441 254.848679394192 255.453839068942 256.058998743693 256.664158418443 257.269318093194 257.874477767944 258.921342849731 261.293324152628 263.665305455525 266.037286758422 268.409268061319 270.781249364217 273.153230667114 275.525211970011 276.824157969157 277.765425533718 278.70669309828 279.647960662842 280.589228227403 281.530495791965 282.471763356526 283.507854122585 284.828414493137 286.148974863688 287.469535234239 288.79009560479 290.110655975342 291.431216345893 292.751776716444 293.271610514323 293.524535454644 293.777460394965 294.030385335287 294.283310275608 294.536235215929 294.78916015625 294.095743560792 290.563302357993 287.030861155193 283.498419952394 279.965978749594 276.433537546794
250.888716125488 252.812914530436 254.737112935383 255.62707862854 256.172300084432 256.717521540324 257.262742996216 257.807964452107 258.353185907999 258.898407363891 259.86635348002 262.102473576863 264.338593673706 266.574713770548 268.81083386739 271.046953964233 273.283074061075 275.519194157918 276.836954498291 277.84859491984 278.86023534139 279.871875762939 280.883516184489 281.895156606038 282.906797027588 283.970670318603 285.191242218017 286.411814117431 287.632386016845 288.852957916259 290.073529815674 291.294101715088 292.514673614502 292.84140625 292.870192464193 292.898978678386 292.927764892578 292.956551106771 292.985337320964 293.014123535157 292.153798675538 288.626140594484 285.098482513429 281.570824432374 278.04316635132 274.515508270265
252.022575378417 254.077730814615 256.132886250813 257.010637537638 257.495920774671 257.981204011705 258.466487248738 258.951770485772 259.437053722805 259.922336959839 260.81136411031 262.911623001098 265.011881891886 267.112140782674 269.212399673461 271.312658564249 273.412917455037 275.513176345825 276.849751027425 277.931764305962 279.013777584499 280.095790863037 281.177804141574 282.259817420111 283.341830698649 284.433486514621 285.554069942898 286.674653371175 287.795236799452 288.915820227729 290.036403656006 291.156987084282 292.277570512559 292.411201985677 292.215849473741 292.020496961806 291.82514444987 291.629791937934 291.434439425999 291.239086914063 290.211853790284 286.688978830975 283.166103871664 279.643228912355 276.120353953045 272.597478993735
252.138163503011 254.425012800428 256.711862097846 257.676470947266 258.200332980686 258.724195014106 259.248057047526 259.771919080946 260.295781114366 260.819643147786 261.720274013943 263.751211378309 265.782148742675 267.813086107042 269.844023471408 271.874960835774 273.90589820014 275.936835564507 277.178642018636 278.157404836019 279.136167653401 280.114930470784 281.093693288167 282.07245610555 283.051218922933 284.085099283854 285.28433227539 286.483565266927 287.682798258463 288.88203125 290.081264241536 291.280497233073 292.479730224609 292.519198608398 292.172078789605 291.824958970812 291.477839152018 291.130719333225 290.783599514432 290.436479695638 289.313209194608 285.861486646865 282.409764099122 278.958041551379 275.506319003636 272.054596455892
251.235480499267 253.854760487874 256.47404047648 257.624578857422 258.285536702474 258.946494547526 259.607452392578 260.26841023763 260.929368082682 261.590325927734 262.593083190917 264.621238708495 266.649394226074 268.677549743652 270.70570526123 272.733860778808 274.762016296386 276.790171813964 277.823627471924 278.52551651001 279.227405548095 279.929294586182 280.631183624267 281.333072662353 282.03496170044 282.925508626302 284.382029215495 285.838549804687 287.29507039388 288.751590983073 290.208111572265 291.664632161458 293.12115275065 293.165396118164 292.738880411784 292.312364705404 291.885848999023 291.459333292643 291.032817586263 290.606301879883 289.45786488851 286.143664042156 282.829463195801 279.515262349447 276.201061503093 272.886860656739
250.332797495524 253.28450817532 256.236218855115 257.572686767578 258.370740424262 259.168794080946 259.96684773763 260.764901394314 261.562955050998 262.361008707682 263.465892367892 265.491266038682 267.516639709472 269.542013380262 271.567387051052 273.592760721842 275.618134392632 277.643508063422 278.468612925211 278.893628184 279.31864344279 279.743658701579 280.168673960368 280.593689219157 281.018704477946 281.76591796875 283.479726155599 285.193534342448 286.907342529297 288.621150716145 290.334958902995 292.048767089843 293.762575276692 293.81159362793 293.305682033963 292.799770439996 292.293858846029 291.787947252062 291.282035658095 290.776124064128 289.602520582412 286.425841437447 283.249162292481 280.072483147516 276.895804002551 273.719124857585
249.43011449178 252.714255862765 255.99839723375 257.520794677734 258.45594414605 259.391093614366 260.326243082682 261.261392550998 262.196542019314 263.13169148763 264.338701544867 266.361293368869 268.383885192871 270.406477016872 272.429068840874 274.451660664876 276.474252488877 278.496844312879 279.113598378499 279.261739857991 279.409881337484 279.558022816976 279.706164296468 279.85430577596 280.002447255453 280.606327311198 282.577423095703 284.548518880208 286.519614664713 288.490710449218 290.461806233724 292.432902018229 294.403997802734 294.457791137695 293.872483656142 293.287176174588 292.701868693034 292.11656121148 291.531253729926 290.945946248372 289.747176276314 286.708018832737 283.668861389161 280.629703945584 277.590546502008 274.551389058431
248.527431488037 252.144003550211 255.760575612385 257.46890258789 258.541147867838 259.613393147786 260.685638427734 261.757883707682 262.83012898763 263.902374267578 265.211510721842 267.231320699055 269.251130676269 271.270940653482 273.290750630696 275.31056060791 277.330370585123 279.350180562337 279.758583831787 279.629851531982 279.501119232178 279.372386932373 279.243654632568 279.114922332764 278.986190032959 279.446736653646 281.675120035807 283.903503417968 286.13188680013 288.360270182291 290.588653564453 292.817036946614 295.045420328775 295.103988647461 294.43928527832 293.77458190918 293.109878540039 292.445175170899 291.780471801758 291.115768432617 289.891831970215 286.990196228028 284.08856048584 281.186924743653 278.285289001466 275.383653259278
247.624748484293 251.573751237657 255.52275399102 257.417010498047 258.626351589626 259.835692681206 261.045033772786 262.254374864366 263.463715955946 264.673057047526 266.084319898817 268.101348029242 270.118376159667 272.135404290093 274.152432420518 276.169460550944 278.186488681369 280.203516811794 280.403569285075 279.997963205973 279.592357126872 279.18675104777 278.781144968669 278.375538889567 277.969932810466 278.287145996093 280.772816975911 283.258487955729 285.744158935546 288.229829915364 290.715500895182 293.201171874999 295.686842854817 295.750186157227 295.006086900499 294.261987643772 293.517888387044 292.773789130317 292.02968987359 291.285590616862 290.036487664117 287.272373623319 284.50825958252 281.744145541721 278.980031500923 276.215917460124
246.324478403727 250.651215871174 254.977953338622 257.069769668579 258.416612286038 259.763454903496 261.110297520955 262.457140138414 263.803982755873 265.150825373331 266.636027781168 268.536309560139 270.436591339111 272.336873118082 274.237154897054 276.137436676025 278.037718454996 279.938000233968 279.963199106852 279.363370344374 278.763541581896 278.163712819418 277.563884056939 276.964055294461 276.364226531983 276.564537472195 279.16526752048 281.765997568766 284.366727617052 286.967457665337 289.568187713623 292.168917761908 294.769647810194 294.934661865235 294.287770589193 293.640879313151 292.99398803711 292.347096761068 291.700205485026 291.053314208985 289.919211832683 287.3234761556 284.727740478516 282.132004801433 279.53626912435 276.940533447266
244.626621246337 249.376397450764 254.126173655191 256.427180099487 257.911929957072 259.396679814656 260.881429672241 262.366179529826 263.85092938741 265.335679244995 266.866634368896 268.536205291748 270.205776214599 271.875347137451 273.544918060302 275.214488983154 276.884059906006 278.553630828857 278.43747329712 277.726072947185 277.01467259725 276.303272247315 275.59187189738 274.880471547445 274.16907119751 274.27891108195 276.852471669515 279.42603225708 281.999592844645 284.57315343221 287.146714019775 289.72027460734 292.293835194905 292.657415771485 292.284336344401 291.911256917318 291.538177490235 291.165098063151 290.792018636068 290.418939208985 289.540004475912 287.14350382487 284.747003173828 282.350502522787 279.954001871745 277.557501220703
242.928764088948 248.101579030354 253.27439397176 255.784590530395 257.407247628106 259.029904725816 260.652561823527 262.275218921237 263.897876018948 265.520533116658 267.097240956624 268.536101023356 269.974961090088 271.413821156819 272.852681223551 274.291541290283 275.730401357015 277.169261423747 276.911747487386 276.088775549995 275.265803612604 274.442831675212 273.619859737821 272.796887800429 271.973915863038 271.993284691704 274.539675818549 277.086066945394 279.632458072238 282.178849199083 284.725240325928 287.271631452772 289.818022579617 290.380169677735 290.28090209961 290.181634521485 290.08236694336 289.983099365235 289.88383178711 289.784564208984 289.160797119141 286.963531494141 284.766265869141 282.569000244141 280.371734619141 278.174468994141
241.230906931558 246.826760609944 252.422614288329 255.142000961303 256.90256529914 258.663129636976 260.423693974813 262.184258312649 263.944822650485 265.705386988322 267.327847544352 268.535996754964 269.744145965576 270.952295176188 272.1604443868 273.368593597412 274.576742808024 275.784892018636 275.386021677653 274.451478152805 273.516934627957 272.582391103109 271.647847578261 270.713304053413 269.778760528565 269.707658301459 272.226879967583 274.746101633707 277.265323299831 279.784544965955 282.30376663208 284.822988298204 287.342209964328 288.102923583985 288.277467854818 288.452012125651 288.626556396484 288.801100667318 288.975644938151 289.150189208984 288.78158976237 286.783559163412 284.785528564453 282.787497965495 280.789467366537 278.791436767578
239.533049774169 245.551942189533 251.570834604897 254.499411392212 256.397882970174 258.296354548136 260.194826126098 262.09329770406 263.991769282023 265.890240859985 267.55845413208 268.535892486572 269.513330841064 270.490769195556 271.468207550049 272.445645904541 273.423084259033 274.400522613525 273.86029586792 272.814180755616 271.768065643311 270.721950531006 269.675835418702 268.629720306397 267.583605194092 267.422031911214 269.914084116618 272.406136322021 274.898188527425 277.390240732828 279.882292938232 282.374345143636 284.866397349039 285.825677490235 286.274033610026 286.722389729818 287.17074584961 287.619101969401 288.067458089193 288.515814208984 288.402382405599 286.603586832683 284.804791259766 283.005995686849 281.207200113933 279.408404541016
237.83519261678 244.277123769123 250.719054921466 253.85682182312 255.893200641208 257.929579459296 259.965958277384 262.002337095472 264.03871591356 266.075094731648 267.789060719808 268.53578821818 269.282515716553 270.029243214925 270.775970713297 271.52269821167 272.269425710042 273.016153208415 272.334570058187 271.176883358426 270.019196658665 268.861509958903 267.703823259142 266.546136559381 265.38844985962 265.136405520969 267.601288265652 270.066171010335 272.531053755018 274.995936499701 277.460819244385 279.925701989068 282.390584733751 283.548431396485 284.270599365234 284.992767333984 285.714935302734 286.437103271484 287.159271240234 287.881439208984 288.023175048829 286.423614501954 284.824053955078 283.224493408204 281.624932861328 280.025372314453
235.587037277221 242.280346976385 248.973656675549 252.27129427592 254.43704117669 256.60278807746 258.768534978231 260.934281879001 263.100028779771 265.265775680542 267.020647303263 267.542893091838 268.065138880412 268.587384668986 269.10963045756 269.631876246135 270.154122034709 270.676367823283 269.995339965821 268.913220893013 267.831101820205 266.748982747396 265.666863674588 264.58474460178 263.502625528972 263.257135221693 265.521531211005 267.785927200317 270.050323189629 272.314719178941 274.579115168254 276.843511157566 279.107907146878 280.375453440349 281.310716501872 282.245979563395 283.181242624919 284.116505686442 285.051768747966 285.987031809489 286.338064999051 284.936408572728 283.534752146404 282.13309572008 280.731439293756 279.329782867432
232.788583755493 239.561611811319 246.334639867145 249.74282875061 252.029404576619 254.315980402628 256.602556228638 258.889132054647 261.175707880656 263.462283706665 265.253213882447 265.557207107544 265.861200332642 266.16519355774 266.469186782837 266.773180007935 267.077173233033 267.38116645813 266.842605590821 266.023193359376 265.20378112793 264.384368896485 263.56495666504 262.745544433594 261.926132202149 261.784221013387 263.674812952677 265.565404891968 267.455996831258 269.346588770548 271.237180709839 273.127772649129 275.01836458842 276.306743621827 277.394385019939 278.48202641805 279.569667816163 280.657309214274 281.744950612386 282.832592010498 283.347052256267 282.141969045004 280.936885833741 279.731802622478 278.526719411215 277.321636199952
