data/working_set_collections/6091692-Cassins_Sparrow-MC/2010/bio15.asc
NCOLS 265 
NROWS 230 
XLLCORNER -115.5625 
YLLCORNER 24.8333333333333 
CELLSIZE 0.0833333333333333 
NODATA_value -9999 
[rows 60 to 79 of 230, columns 46 to 91 of 265]
46.8180572191869 48.3493290477323 49.8806008762779 51.4118727048233 52.9431445333687 54.4744163619143 55.1331960360206 55.5011449919803 55.8690939479401 56.2370429038999 56.6049918598596 56.9729408158194 57.3408897717792 57.7855192608301 58.4601903491548 59.1348614374795 59.8095325258041 60.4842036141288 61.1588747024535 61.8335457907781 62.5082168791028 61.6121796607974 60.1925730069482 58.7729663530987 57.3533596992495 55.9337530454003 54.5141463915509 53.0945397377016 51.6132312350806 49.9468171861438 48.2804031372073 46.6139890882707 44.9475750393339 43.2811609903974 41.6147469414608 39.948332892524 39.6888297398884 39.8982968860201 40.1077640321519 40.3172311782836 40.5266983244153 40.7361654705471 40.9456326166788 40.8722682423063 39.9504093064203 39.0285503705343
49.3000617027276 50.8206197420748 52.3411777814223 53.8617358207696 55.3822938601168 56.9028518994643 57.4283707618709 57.6222098986304 57.8160490353899 58.0098881721493 58.2037273089088 58.3975664456683 58.5914055824277 58.868692843119 59.3963244756061 59.923956108093 60.45158774058 60.9792193730671 61.506851005554 62.034482638041 62.5621142705281 61.6483927726748 60.2542202313744 58.8600476900738 57.4658751487734 56.071702607473 54.6775300661724 53.283357524872 51.8335957845055 50.2170664469402 48.6005371093752 46.9840077718102 45.3674784342449 43.7509490966799 42.1344197591149 40.5178904215496 40.2624372482299 40.4606761296589 40.6589150110879 40.857153892517 41.055392773946 41.253631655375 41.4518705368041 41.3834261258444 40.5149318377177 39.6464375495911
51.7820661862685 53.2919104364176 54.801754686567 56.3115989367161 57.8214431868652 59.3312874370146 59.7235454877214 59.7432748052806 59.7630041228398 59.7827334403989 59.8024627579581 59.8221920755172 59.8419213930764 59.951866425408 60.3324586020574 60.7130507787067 61.093642955356 61.4742351320054 61.8548273086547 62.235419485304 62.6160116619534 61.6846058845522 60.3158674558007 58.9471290270489 57.5783905982973 56.2096521695458 54.840913740794 53.4721753120424 52.0539603339304 50.4873157077367 48.9206710815432 47.3540264553497 45.7873818291559 44.2207372029624 42.6540925767689 41.0874479505752 40.8360447565713 41.0230553732977 41.210065990024 41.3970766067504 41.5840872234767 41.7710978402031 41.9581084569294 41.8945840093826 41.0794543690152 40.2643247286479
54.2640706698094 55.7632011307604 57.2623315917116 58.7614620526626 60.2605925136136 61.7597229745649 62.018720213572 61.8643397119308 61.7099592102896 61.5555787086485 61.4011982070074 61.2468177053662 61.0924372037251 61.035040007697 61.2685927285087 61.5021454493203 61.735698170132 61.9692508909437 62.2028036117553 62.4363563325669 62.6699090533786 61.7208189964297 60.377514680227 59.034210364024 57.6909060478213 56.3476017316185 55.0042974154156 53.6609930992129 52.2743248833553 50.7575649685331 49.2408050537112 47.7240451388892 46.207285224067 44.690525309245 43.173765394423 41.6570054796008 41.4096522649128 41.5854346169365 41.7612169689602 41.9369993209838 42.1127816730074 42.2885640250311 42.4643463770548 42.4057418929207 41.6439769003127 40.8822119077047
56.7460751533502 58.234491825103 59.7229084968561 61.211325168609 62.6997418403618 64.1881585121149 64.3138949394223 63.9854046185809 63.6569142977394 63.3284239768979 62.9999336560565 62.671443335215 62.3429530143736 62.118213589986 62.20472685496 62.2912401199339 62.3777533849079 62.4642666498819 62.5507799148559 62.6372931798299 62.7238064448039 61.7570321083071 60.4391619046532 59.1212917009991 57.8034214973452 56.4855512936913 55.1676810900372 53.8498108863833 52.4946894327802 51.0278142293295 49.5609390258791 48.0940638224287 46.627188618978 45.1603134155275 43.6934382120771 42.2265630086264 41.9832597732543 42.1478138605752 42.3123679478962 42.4769220352172 42.6414761225381 42.8060302098591 42.9705842971801 42.9168997764588 42.2084994316101 41.5000990867615
59.2280796368911 60.7057825194458 62.1834854020008 63.6611882845555 65.1388911671102 66.6165940496652 66.6090696652728 66.1064695252311 65.6038693851893 65.1012692451475 64.5986691051058 64.096068965064 63.5934688250223 63.201387172275 63.1408609814113 63.0803347905476 63.0198085996839 62.9592824088202 62.8987562179565 62.8382300270928 62.7777038362291 61.7932452201845 60.5008091290795 59.2083730379742 57.9159369468691 56.623500855764 55.3310647646587 54.0386286735537 52.7150539822052 51.298063490126 49.8810729980471 48.4640825059682 47.047092013889 45.6301015218101 44.2131110297311 42.796120537652 42.5568672815958 42.710193104214 42.8635189268323 43.0168447494506 43.1701705720688 43.3234963946871 43.4768222173054 43.428057659997 42.7730219629076 42.1179862658183
61.4933967590327 62.8567958407927 64.2201949225528 65.5835940043128 66.9469930860727 68.3103921678328 68.2235202471415 67.6532246589661 67.0829290707906 66.5126334826151 65.9423378944397 65.3720423062642 64.8017467180888 64.3224906391567 64.116353087955 63.9102155367533 63.7040779855516 63.4979404343499 63.2918028831482 63.0856653319465 62.8795277807448 61.8700064977012 60.5926906373769 59.3153747770523 58.0380589167279 56.7607430564035 55.483427196079 54.2061113357546 52.9102985911902 51.5589951939054 50.2076917966209 48.8563883993363 47.5050850020516 46.153781604767 44.8024782074825 43.4511748101977 43.1719066937764 43.2499836709764 43.3280606481764 43.4061376253763 43.4842146025763 43.5622915797763 43.6403685569763 43.5497456338672 42.9530230098301 42.3563003857932
63.5420265197749 64.6875317891433 65.833037058512 66.9785423278804 68.1240475972489 69.2695528666175 69.157246685028 68.6256700197855 68.0940933545429 67.5625166893005 67.030940024058 66.4993633588154 65.9677866935729 65.481523990631 65.1312031745909 64.7808823585509 64.4305615425109 64.0802407264709 63.7299199104309 63.3795990943909 63.0292782783508 61.9873159408571 60.7148064295454 59.4422969182334 58.1697874069216 56.8972778956098 55.6247683842978 54.352258872986 53.0804232597354 51.8106093406678 50.5407954216005 49.2709815025332 48.0011675834656 46.7313536643983 45.461539745331 44.1917258262634 43.828378009796 43.7671855608621 43.7059931119282 43.6448006629944 43.5836082140605 43.5224157651266 43.4612233161927 43.2819636980694 42.7485025723776 42.2150414466859
65.5906562805171 66.5182677374941 67.4458791944712 68.3734906514482 69.3011021084252 70.2287135654023 70.0909731229146 69.598115380605 69.1052576382954 68.6123998959858 68.1195421536763 67.6266844113667 67.1338266690571 66.6405573421054 66.146053261227 65.6515491803487 65.1570450994704 64.662541018592 64.1680369377137 63.6735328568353 63.1790287759569 62.104625384013 60.8369222217139 59.5692190594145 58.3015158971153 57.0338127348161 55.7661095725167 54.4984064102175 53.2505479282806 52.0622234874302 50.8738990465802 49.6855746057301 48.4972501648798 47.3089257240297 46.1206012831796 44.9322768423293 44.4848493258158 44.284387450748 44.0839255756802 43.8834637006124 43.6830018255446 43.4825399504768 43.282078075409 43.0141817622716 42.5439821349251 42.0737825075786
67.6392860412594 68.3490036858449 69.0587213304305 69.768438975016 70.4781566196015 71.1878742641871 71.0246995608012 70.5705607414246 70.1164219220479 69.6622831026713 69.2081442832947 68.754005463918 68.2998666445414 67.7995906935798 67.160903347863 66.5222160021464 65.8835286564298 65.244841310713 64.6061539649964 63.9674666192798 63.328779273563 62.221934827169 60.9590380138824 59.6961412005956 58.433244387309 57.1703475740224 55.9074507607355 54.6445539474489 53.4206725968257 52.3138376341927 51.2070026715598 50.1001677089269 48.9933327462939 47.886497783661 46.7796628210281 45.6728278583951 45.1413206418355 44.8015893406338 44.4618580394321 44.1221267382304 43.7823954370287 43.442664135827 43.1029328346253 42.7463998264738 42.3394616974725 41.9325235684714
69.6879158020015 70.1797396341955 70.6715634663896 71.1633872985837 71.6552111307777 72.1470349629718 71.9584259986876 71.543006102244 71.1275862058003 70.7121663093566 70.2967464129129 69.8813265164692 69.4659066200255 68.9586240450541 68.175753434499 67.3928828239441 66.6100122133891 65.8271416028341 65.0442709922791 64.2614003817242 63.4785297711691 62.3392442703249 61.0811538060509 59.8230633417767 58.5649728775026 57.3068824132286 56.0487919489544 54.7907014846804 53.5907972653709 52.5654517809551 51.5401062965394 50.5147608121238 49.489415327708 48.4640698432923 47.4387243588767 46.4133788744608 45.7977919578552 45.3187912305196 44.839790503184 44.3607897758484 43.8817890485129 43.4027883211772 42.9237875938417 42.478617890676 42.13494126002 41.7912646293641
71.7365455627438 72.0104755825463 72.2844056023489 72.5583356221514 72.832265641954 73.1061956617566 72.8921524365742 72.5154514630635 72.1387504895527 71.762049516042 71.3853485425312 71.0086475690205 70.6319465955098 70.1176573965285 69.1906035211351 68.2635496457418 67.3364957703486 66.4094418949551 65.4823880195619 64.5553341441686 63.6282802687752 62.4565537134808 61.2032695982194 59.9499854829578 58.6967013676963 57.4434172524349 56.1901331371732 54.9368490219118 53.7609219339161 52.8170659277175 51.8732099215191 50.9293539153207 49.9854979091221 49.0416419029237 48.0977858967252 47.1539298905267 46.4542632738749 45.8359931204055 45.2177229669359 44.5994528134665 43.981182659997 43.3629125065274 42.744642353058 42.2108359548782 41.9304208225675 41.6500056902568
72.8981859842936 73.0138253953721 73.1294648064507 73.2451042175293 73.3607436286078 73.4763830396864 73.2617266337077 72.9369716220433 72.6122166103787 72.2874615987142 71.9627065870498 71.6379515753852 71.3131965637207 70.8198453691273 69.8207056257461 68.821565882365 67.822426138984 66.8232863956028 65.8241466522218 64.8250069088408 63.8258671654596 62.6485329310101 61.4118005328711 60.1750681347318 58.9383357365928 57.7016033384538 56.4648709403145 55.2281385421755 54.0754020055137 53.1746530532837 52.273904101054 51.3731551488242 50.4724061965943 49.5716572443645 48.6709082921348 47.7701593399048 47.0372292836508 46.3602388593887 45.6832484351264 45.0062580108643 44.3292675866022 43.65227716234 42.9752867380778 42.4018358124627 42.1390033827887 41.8761709531148
73.1728370666503 73.1897890726725 73.2067410786946 73.2236930847168 73.240645090739 73.2575970967611 73.067148590088 72.807566579183 72.547984568278 72.2884025573731 72.0288205464681 71.7692385355632 71.5096565246582 71.0651879628501 70.0660597483318 69.0669315338136 68.0678033192954 67.0686751047771 66.0695468902589 65.0704186757407 64.0712904612224 62.9151819229128 61.7067466100059 60.4983112970989 59.289875984192 58.0814406712852 56.8730053583782 55.6645700454713 54.5342374801637 53.6382131576538 52.7421888351441 51.8461645126344 50.9501401901245 50.0541158676148 49.1580915451051 48.2620672225952 47.5466899871826 46.8915284474691 46.2363669077555 45.581205368042 44.9260438283285 44.2708822886149 43.6157207489014 43.0516174634297 42.7606889406839 42.4697604179382
73.4474881490071 73.3657527499729 73.2840173509386 73.2022819519043 73.12054655287 73.0388111538358 72.8725705464682 72.6781615363228 72.4837525261773 72.2893435160319 72.0949345058865 71.9005254957411 71.7061164855957 71.310530556573 70.3114138709175 69.3122971852622 68.3131804996069 67.3140638139514 66.314947128296 65.3158304426407 64.3167137569852 63.1818309148154 62.0016926871408 60.821554459466 59.6414162317913 58.4612780041167 57.2811397764419 56.1010015487672 54.9930729548138 54.101773262024 53.2104735692343 52.3191738764446 51.4278741836548 50.5365744908652 49.6452747980755 48.7539751052857 48.0561506907146 47.4228180355497 46.7894853803846 46.1561527252197 45.5228200700549 44.8894874148898 44.256154759725 43.7013991143968 43.3823744985792 43.0633498827616
73.7221392313639 73.5417164272732 73.3612936231825 73.1808708190918 73.0004480150012 72.8200252109104 72.6779925028483 72.5487564934625 72.4195204840766 72.2902844746908 72.1610484653049 72.0318124559191 71.9025764465332 71.5558731502959 70.5567679935032 69.5576628367108 68.5585576799183 67.5594525231256 66.5603473663332 65.5612422095407 64.562137052748 63.4484799067181 62.2966387642757 61.144797621833 59.9929564793906 58.8411153369482 57.6892741945056 56.5374330520631 55.4519084294638 54.5653333663941 53.6787583033245 52.7921832402549 51.9056081771851 51.0190331141155 50.1324580510459 49.2458829879761 48.5656113942465 47.9541076236302 47.3426038530138 46.7311000823975 46.1195963117812 45.5080925411648 44.8965887705485 44.3511807653639 44.0040600564744 43.656939347585
73.9967903137207 73.7176801045736 73.4385698954265 73.1594596862793 72.8803494771322 72.6012392679851 72.4834144592286 72.4193514506022 72.3552884419759 72.2912254333496 72.2271624247233 72.163099416097 72.0990364074707 71.8012157440187 70.8021221160889 69.8030284881593 68.8039348602297 67.8048412322999 66.8057476043703 65.8066539764406 64.8075603485108 63.7151288986207 62.5915848414105 61.4680407842001 60.3444967269899 59.2209526697797 58.0974086125692 56.973864555359 55.9107439041139 55.0288934707642 54.1470430374146 53.2651926040651 52.3833421707153 51.5014917373658 50.6196413040162 49.7377908706665 49.0750720977783 48.4853972117107 47.8957223256429 47.3060474395752 46.7163725535075 46.1266976674397 45.5370227813721 45.0009624163309 44.6257456143696 44.2505288124084
74.2714413960775 73.893643781874 73.5158461676704 73.1380485534669 72.7602509392634 72.3824533250598 72.2888364156088 72.289946407742 72.2910563998752 72.2921663920085 72.2932763841417 72.2943863762749 72.2954963684082 72.0465583377416 71.0474762386747 70.0483941396079 69.0493120405411 68.0502299414741 67.0511478424074 66.0520657433406 65.0529836442736 63.9817778905234 62.8865309185454 61.7912839465672 60.6960369745892 59.6007900026111 58.5055430306329 57.4102960586549 56.369579378764 55.4924535751343 54.6153277715048 53.7382019678753 52.8610761642456 51.9839503606161 51.1068245569866 50.229698753357 49.5845328013102 49.0166867997912 48.448840798272 47.8809947967529 47.3131487952339 46.7453027937147 46.1774567921956 45.650744067298 45.2474311722649 44.8441182772318
74.3898168563844 73.9665450837878 73.5432733111912 73.1200015385946 72.6967297659981 72.2734579934015 72.1794349034627 72.19516137441 72.2108878453573 72.2266143163045 72.2423407872518 72.2580672581991 72.2737937291463 72.0475060780846 71.0951760609946 70.1428460439048 69.190516026815 68.238186009725 67.2858559926352 66.3335259755454 65.3811959584555 64.3386342684429 63.2659953541228 62.1933564398025 61.1207175254823 60.0480786111622 58.9754396968418 57.9028007825217 56.8805867195131 56.0096472104391 55.1387077013652 54.2677681922914 53.3968286832174 52.5258891741436 51.6549496650697 50.7840101559957 50.1794184684754 49.6636093881395 49.1478003078036 48.6319912274678 48.116182147132 47.6003730667961 47.0845639864603 46.595091787974 46.1846302350361 45.7741686820983
74.3519166946412 73.936384010315 73.5208513259888 73.1053186416627 72.6897859573365 72.2742532730103 72.1552099227905 72.1349963506063 72.1147827784221 72.0945692062378 72.0743556340536 72.0541420618693 72.0339284896851 71.8040589650474 70.9452215830486 70.08638420105 69.2275468190513 68.3687094370525 67.5098720550538 66.6510346730552 65.7921972910563 64.7856980323792 63.7299781481427 62.6742582639059 61.6185383796693 60.5628184954327 59.5070986111959 58.4513787269593 57.4437659263612 56.5804743766785 55.7171828269959 54.8538912773133 53.9905997276306 53.127308177948 52.2640166282655 51.4007250785828 50.8597290992736 50.4261649767557 49.9926008542378 49.5590367317199 49.125472609202 48.691908486684 48.2583443641661 47.8340055783588 47.4373428026833 47.0406800270079
