data/working_set_collections/6091692-Cassins_Sparrow-MC/2010/bio14.asc
NCOLS 265 
NROWS 230 
XLLCORNER -115.5625 
YLLCORNER 24.8333333333333 
CELLSIZE 0.0833333333333333 
NODATA_value -9999 
[rows 180 to 199 of 230, columns 135 to 179 of 265]
1.68223248918851 1.73302657405536 1.7838206589222 1.83461474378903 1.88540882865588 1.93620291352272 1.98699699838956 2.03899481693904 2.09139388004939 2.14379294315974 2.19619200627009 2.24859106938044 2.30099013249079 2.35338919560115 2.49432907832985 2.90089141991393 3.30745376149808 3.71401610308215 4.12057844466623 4.52714078625038 4.93370312783445 5.34026546941853 5.51730069319407 5.61782687769996 5.71835306220584 5.81887924671175 5.91940543121764 6.01993161572352 6.12045780022942 6.19681134753763 6.20064698325268 6.20448261896774 6.2083182546828 6.21215389039786 6.21598952611292 6.21982516182798 6.22366079754304 6.35113359689714 6.51981878413095 6.68850397136476 6.8571891585986 7.02587434583241 7.19455953306622 7.36324472030006 7.65673062139077
1.62737978498141 1.67598800063133 1.72459621628125 1.77320443193117 1.8218126475811 1.87042086323102 1.91902907888094 1.97178777456284 2.02592996358871 2.08007215261459 2.13421434164047 2.18835653066635 2.24249871969222 2.29664090871811 2.43856980601938 2.84385882814715 3.24914785027498 3.65443687240275 4.05972589453051 4.46501491665834 4.87030393878611 5.27559296091387 5.43060176372528 5.50218382676443 5.57376588980357 5.64534795284273 5.71693001588187 5.78851207892102 5.86009414196018 5.91679668426518 5.92886066436772 5.94092464447026 5.9529886245728 5.96505260467533 5.97711658477787 5.98918056488041 6.00124454498294 6.12881659269334 6.29489132960637 6.46096606651941 6.62704080343248 6.79311554034551 6.95919027725855 7.12526501417161 7.42130305369683
1.5725270807743 1.61894942720731 1.66537177364031 1.71179412007331 1.75821646650632 1.80463881293932 1.85106115937233 1.90458073218664 1.96046604712804 2.01635136206944 2.07223667701085 2.12812199195226 2.18400730689366 2.23989262183507 2.38281053370891 2.78682623638036 3.19084193905188 3.59485764172334 3.99887334439479 4.40288904706631 4.80690474973776 5.21092045240921 5.3439028342565 5.3865407758289 5.4291787174013 5.47181665897371 5.51445460054611 5.55709254211852 5.59973048369093 5.63678202099274 5.65707434548275 5.67736666997277 5.69765899446279 5.7179513189528 5.73824364344282 5.75853596793283 5.77882829242285 5.90649958848954 6.0699638750818 6.23342816167406 6.39689244826635 6.56035673485861 6.72382102145088 6.88728530804317 7.1858754860029
1.5176743765672 1.56191085378329 1.60614733099938 1.65038380821546 1.69462028543155 1.73885676264763 1.78309323986371 1.83737368981044 1.89500213066737 1.9526305715243 2.01025901238124 2.06788745323817 2.1255158940951 2.18314433495204 2.32705126139845 2.72979364461359 3.1325360278288 3.53527841104394 3.93802079425908 4.34076317747428 4.74350556068942 5.14624794390456 5.25720390478771 5.27089772489338 5.28459154499904 5.29828536510471 5.31197918521037 5.32567300531603 5.3393668254217 5.35676735772032 5.38528802659781 5.41380869547531 5.4423293643528 5.47085003323029 5.49937070210779 5.52789137098528 5.55641203986277 5.68418258428575 5.84503642055724 6.00589025682873 6.16674409310025 6.32759792937174 6.48845176564323 6.64930560191474 6.95044791830899
1.4628216723601 1.50487228035927 1.54692288835843 1.5889734963576 1.63102410435677 1.67307471235593 1.7151253203551 1.77016664743424 1.82953821420669 1.88890978097915 1.94828134775162 2.00765291452408 2.06702448129653 2.126396048069 2.27129198908798 2.6727610528468 3.0742301166057 3.47569918036453 3.87716824412335 4.27863730788225 4.68010637164108 5.08157543539991 5.17050497531893 5.15525467395785 5.14000437259677 5.12475407123569 5.10950376987461 5.09425346851353 5.07900316715245 5.07675269444787 5.11350170771285 5.15025072097782 5.18699973424279 5.22374874750776 5.26049776077274 5.29724677403771 5.33399578730268 5.46186558008195 5.62010896603267 5.77835235198338 5.93659573793412 6.09483912388484 6.25308250983556 6.4113258957863 6.71502035061506
1.407968968153 1.44783370693525 1.48769844571749 1.52756318449974 1.56742792328199 1.60729266206423 1.64715740084648 1.70295960505803 1.76407429774602 1.825188990434 1.886303683122 1.94741837580998 2.00853306849797 2.06964776118596 2.21553271677751 2.61572846108002 3.0159242053826 3.41611994968512 3.81631569398764 4.21651143829022 4.61670718259273 5.01690292689525 5.08380604585014 5.03961162302232 4.9954172001945 4.95122277736667 4.90702835453885 4.86283393171103 4.8186395088832 4.79673803117543 4.84171538882788 4.88669274648034 4.93167010413278 4.97664746178523 5.02162481943769 5.06660217709014 5.11157953474259 5.23954857587815 5.39518151150809 5.55081444713803 5.706447382768 5.86208031839794 6.01771325402789 6.17334618965785 6.47959278292112
1.38171508742702 1.41875229974587 1.45578951206471 1.49282672438356 1.52986393670241 1.56690114902125 1.60393836134009 1.66136190692583 1.72558089693386 1.78979988694189 1.85401887694994 1.91823786695797 1.982456856966 2.04667584697404 2.19190392891557 2.58015928665786 2.96841464440022 3.35667000214251 3.7449253598848 4.13318071762716 4.52143607536945 4.90969143311175 4.96320124864582 4.905129216777 4.84705718490817 4.78898515303934 4.73091312117051 4.67284108930169 4.61476905743285 4.58336995575165 4.63198964463341 4.68060933351519 4.72922902239695 4.77784871127872 4.82646840016049 4.87508808904226 4.92370777792402 5.05917178789775 5.22358390490213 5.38799602190651 5.55240813891092 5.7168202559153 5.88123237291968 6.04564448992409 6.35733719666782
1.38406003018219 1.41762805879116 1.45119608740011 1.48476411600907 1.51833214461803 1.55190017322699 1.58546820183594 1.64537355303763 1.71405801177023 1.78274247050284 1.85142692923545 1.92011138796805 1.98879584670065 2.05748030543326 2.20040562550218 2.56605352958033 2.93170143365854 3.29734933773669 3.66299724181484 4.02864514589305 4.3942930499712 4.75994095404935 4.80869058370594 4.75180745522185 4.69492432673776 4.63804119825367 4.58115806976958 4.52427494128549 4.4673918128014 4.43664846817654 4.48432447512946 4.53200048208238 4.5796764890353 4.62735249598822 4.67502850294115 4.72270450989407 4.77038051684699 4.92073521614074 5.10531614621478 5.28989707628882 5.4744780063629 5.65905893643694 5.84363986651098 6.02822079658505 6.3482535918552
1.38640497293736 1.41650381783644 1.44660266273551 1.47670150763458 1.50680035253365 1.53689919743273 1.5669980423318 1.62938519914944 1.70253512660661 1.77568505406378 1.84883498152096 1.92198490897813 1.9951348364353 2.06828476389248 2.2089073220888 2.5519477725028 2.89498822291687 3.23802867333087 3.58106912374488 3.92410957415894 4.26715002457295 4.61019047498695 4.65417991876605 4.5984856936667 4.54279146856736 4.487097243468 4.43140301836865 4.3757087932693 4.32001456816994 4.28992698060143 4.3366593056255 4.38339163064958 4.43012395567365 4.47685628069772 4.52358860572181 4.57032093074588 4.61705325576995 4.78229864438373 4.98704838752744 5.19179813067114 5.39654787381488 5.60129761695858 5.80604736010228 6.01079710324602 6.33916998704259
1.38874991569253 1.41537957688172 1.44200923807091 1.46863889926009 1.49526856044928 1.52189822163846 1.54852788282765 1.61339684526125 1.69101224144298 1.76862763762472 1.84624303380647 1.92385842998821 2.00147382616994 2.07908922235169 2.21740901867541 2.53784201542528 2.8582750121752 3.17870800892506 3.49914100567492 3.81957400242484 4.14000699917471 4.46043999592457 4.49966925382618 4.44516393211157 4.39065861039696 4.33615328868234 4.28164796696773 4.22714264525312 4.1726373235385 4.14320549302633 4.18899413612156 4.23478277921679 4.28057142231201 4.32636006540724 4.37214870850247 4.4179373515977 4.46372599469293 4.64386207262674 4.8687806288401 5.09369918505346 5.31861774126686 5.54353629748022 5.76845485369359 5.99337340990699 6.33008638222997
1.3910948584477 1.41425533592701 1.4374158134063 1.4605762908856 1.4837367683649 1.5068972458442 1.5300577233235 1.59740849137305 1.67948935627936 1.76157022118566 1.84365108609198 1.92573195099829 2.00781281590459 2.08989368081091 2.22591071526203 2.52373625834775 2.82156180143352 3.11938734451924 3.41721288760496 3.71503843069073 4.01286397377645 4.31068951686217 4.3451585888863 4.29184217055642 4.23852575222655 4.18520933389667 4.1318929155668 4.07857649723693 4.02526007890705 3.99648400545122 4.0413289666176 4.08617392778398 4.13101888895036 4.17586385011674 4.22070881128313 4.26555377244951 4.31039873361589 4.50542550086973 4.75051287015276 4.99560023943578 5.24068760871884 5.48577497800187 5.73086234728489 5.97594971656795 6.32100277741736
1.39343980120287 1.41313109497229 1.4328223887417 1.45251368251111 1.47220497628053 1.49189627004994 1.51158756381935 1.58142013748486 1.66796647111573 1.7545128047466 1.84105913837749 1.92760547200837 2.01415180563924 2.10069813927013 2.23441241184864 2.50963050127022 2.78484859069184 3.06006668011342 3.335284769535 3.61050285895662 3.8857209483782 4.16093903779978 4.19064792394641 4.13852040900128 4.08639289405614 4.034265379111 3.98213786416587 3.93001034922074 3.87788283427559 3.84976251787611 3.89366379711364 3.93756507635118 3.98146635558871 4.02536763482625 4.06926891406379 4.11317019330132 4.15707147253885 4.36698892911273 4.63224511146541 4.89750129381809 5.16275747617082 5.42801365852351 5.69326984087619 5.95852602322892 6.31191917260474
1.39968444075849 1.41599383850892 1.43230323625935 1.44861263400978 1.46492203176021 1.48123142951064 1.49754082726107 1.57098079820472 1.66346429354613 1.75594778888753 1.84843128422894 1.94091477957034 2.03339827491174 2.12588177025316 2.2598002665572 2.51802376574932 2.77624726494149 3.0344707641336 3.29269426332572 3.55091776251789 3.80914126171001 4.06736476090213 4.099368061622 4.05596462951767 4.01256119741335 3.96915776530902 3.9257543332047 3.88235090110037 3.83894746899604 3.81690082947411 3.8589245676994 3.90094830592471 3.94297204415001 3.98499578237531 4.02701952060062 4.06904325882592 4.11106699705122 4.32905226945871 4.60569138659364 4.88233050372856 5.15896962086354 5.43560873799846 5.71224785513339 5.98888697226836 6.34368678728725
1.40982877711454 1.4228435665369 1.43585835595925 1.44887314538161 1.46188793480396 1.47490272422631 1.48791751364867 1.56609047353266 1.66598282357055 1.76587517360843 1.86576752364633 1.96565987368422 2.06555222372211 2.16544457376001 2.30207427938773 2.54891605178508 2.79575782418246 3.04259959657981 3.28944136897716 3.53628314137455 3.7831249137719 4.02996668616924 4.07131900191308 4.04417483210564 4.01703066229821 3.98988649249077 3.96274232268333 3.9355981528759 3.90845398306846 3.89789894024529 3.93711127837497 3.97632361650465 4.01553595463433 4.054748292764 4.09396063089369 4.13317296902337 4.17238530715304 4.39161552190775 4.67085169553749 4.95008786916724 5.22932404279703 5.50856021642677 5.78779639005652 6.06703256368631 6.41630562146491
1.4199731134706 1.42969329456488 1.43941347565916 1.44913365675343 1.45885383784771 1.46857401894198 1.47829420003626 1.5612001488606 1.66850135359497 1.77580255832934 1.88310376306373 1.9904049677981 2.09770617253247 2.20500737726686 2.34434829221825 2.57980833782083 2.81526838342344 3.05072842902602 3.28618847462859 3.52164852023121 3.75710856583378 3.99256861143636 4.04326994220416 4.03238503469362 4.02150012718307 4.01061521967252 3.99973031216197 3.98884540465143 3.97796049714088 3.97889705101647 4.01529798905053 4.05169892708459 4.08809986511864 4.1245008031527 4.16090174118676 4.19730267922082 4.23370361725487 4.45417877435678 4.73601200448135 5.01784523460591 5.29967846473052 5.58151169485509 5.86334492497965 6.14517815510426 6.48892445564257
1.43011744982666 1.43654302259286 1.44296859535906 1.44939416812526 1.45581974089146 1.46224531365765 1.46867088642385 1.55630982418853 1.67101988361939 1.78572994305024 1.90044000248112 2.01515006191198 2.12986012134283 2.24457018077371 2.38662230504878 2.61070062385658 2.83477894266442 3.05885726147223 3.28293558028003 3.50701389908787 3.73109221789567 3.95517053670348 4.01522088249525 4.02059523728159 4.02596959206793 4.03134394685427 4.03671830164061 4.04209265642695 4.04746701121329 4.05989516178764 4.09348469972608 4.12707423766452 4.16066377560295 4.19425331354139 4.22784285147983 4.26143238941826 4.2950219273567 4.51674202680582 4.8011723134252 5.08560260004458 5.37003288666401 5.65446317328339 5.93889345990277 6.2233237465222 6.56154328982023
1.44026178618272 1.44339275062084 1.44652371505896 1.44965467949708 1.4527856439352 1.45591660837332 1.45904757281145 1.55141949951647 1.67353841364381 1.79565732777115 1.91777624189851 2.03989515602585 2.1620140701532 2.28413298428056 2.4288963178793 2.64159290989233 2.8542895019054 3.06698609391843 3.27968268593146 3.49237927794453 3.70507586995756 3.91777246197059 3.98717182278633 4.00880543986956 4.03043905695279 4.05207267403602 4.07370629111925 4.09533990820247 4.11697352528571 4.14089327255883 4.17167141040164 4.20244954824446 4.23322768608727 4.26400582393008 4.2947839617729 4.32556209961571 4.35634023745853 4.57930527925485 4.86633262236905 5.15335996548325 5.4403873085975 5.7274146517117 6.0144419948259 6.30146933794015 6.63416212399789
1.45040612253878 1.45024247864882 1.45007883475886 1.44991519086891 1.44975154697895 1.44958790308899 1.44942425919904 1.5465291748444 1.67605694366823 1.80558471249206 1.93511248131591 2.06464025013973 2.19416801896356 2.32369578778741 2.47117033070983 2.67248519592809 2.87380006114638 3.07511492636464 3.2764297915829 3.47774465680119 3.67905952201945 3.88037438723771 3.95912276307742 3.99701564245753 4.03490852183765 4.07280140121777 4.11069428059788 4.148587159978 4.18648003935812 4.22189138333001 4.2498581210772 4.2778248588244 4.30579159657159 4.33375833431878 4.36172507206597 4.38969180981317 4.41765854756036 4.64186853170389 4.93149293131291 5.22111733092193 5.510741730531 5.80036613014002 6.08999052974904 6.3796149293581 6.70678095817555
1.4788164794445 1.46928595900535 1.45975543856621 1.45022491812706 1.44069439768792 1.43116387724877 1.42163335680963 1.51915654738743 1.65236430830424 1.78557206922105 1.91877983013788 2.05198759105468 2.18519535197149 2.31840311288832 2.4681791219446 2.66765987541936 2.86714062889414 3.0666213823689 3.26610213584365 3.46558288931843 3.66506364279319 3.86454439626794 3.95363762577374 4.00593501395648 4.05823240213922 4.11052979032197 4.16282717850471 4.21512456668745 4.2674219548702 4.31283513704933 4.33759570121762 4.36235626538592 4.38711682955422 4.41187739372251 4.43663795789081 4.4613985220591 4.4861590862274 4.70585962533945 4.99054015609946 5.27522068685947 5.55990121761952 5.84458174837953 6.12926227913954 6.4139428098996 6.73340497414262
1.5254928568999 1.50052319169044 1.475553526481 1.45058386127155 1.4256141960621 1.40064453085265 1.3756748656432 1.46930161714552 1.60246050755181 1.73561939795809 1.8687782883644 2.00193717877068 2.13509606917696 2.26825495958327 2.4199226915836 2.62711694836611 2.83431120514867 3.04150546193119 3.2486997187137 3.45589397549626 3.66308823227878 3.8702824890613 3.97071641087531 4.03556355436641 4.10041069785751 4.16525784134863 4.23010498483973 4.29495212833083 4.35979927182195 4.41372453371682 4.43488415082293 4.45604376792906 4.47720338503518 4.4983630021413 4.51952261924742 4.54068223635354 4.56184185345966 4.77127856016153 5.0434742967287 5.31567003329586 5.58786576986308 5.86006150643024 6.13225724299741 6.40445297956462 6.71403417189907
