data/working_set_collections/6091692-Cassins_Sparrow-MC/2010/bio14.asc
NCOLS 265 
NROWS 230 
XLLCORNER -115.5625 
YLLCORNER 24.8333333333333 
CELLSIZE 0.0833333333333333 
NODATA_value -9999 
[rows 20 to 39 of 230, columns 90 to 134 of 265]
11.16920987765 11.0279335816702 10.8866572856904 10.7453809897106 10.6041046937307 10.4628283977509 10.3215521017711 10.4955593347549 10.7746610773934 11.0537628200319 11.3328645626703 11.6119663053088 11.8910680479472 12.1701697905857 12.5883183797198 13.4236075083413 14.2588966369626 15.094185765584 15.9294748942055 16.7647640228269 17.6000531514483 18.4353422800698 18.4421830018361 18.1728742546505 17.9035655074649 17.6342567602793 17.3649480130937 17.0956392659081 16.8263305187225 16.4091779020099 15.5484936767156 14.6878094514212 13.8271252261269 12.9664410008326 12.1057567755382 11.245072550244 10.3843883249497 9.84284726381305 9.4076872573959 8.97252725097876 8.53736724456154 8.1022072381444 7.66704723172725 7.23188722531003 6.87504136562345
10.7060898939769 10.5914986769359 10.4769074598949 10.3623162428539 10.2477250258128 10.1331338087718 10.0185425917308 10.3070103406906 10.7298310783173 11.1526518159442 11.575472553571 11.9982932911977 12.4211140288246 12.8439347664514 13.3663727442421 14.187662442525 15.0089521408079 15.8302418390907 16.6515315373737 17.4728212356565 18.2941109339394 19.1154006322223 19.1039727369944 18.814972310596 18.5259718841976 18.2369714577993 17.9479710314009 17.6589706050025 17.3699701786041 16.9303922706182 16.0390819178689 15.1477715651195 14.2564612123703 13.365150859621 12.4738405068717 11.5825301541224 10.6912198013732 10.1469187140465 9.71828738186101 9.2896560496755 8.86102471748992 8.4323933853044 8.0037620531189 7.57513072093331 7.2137877702713
10.2429699103038 10.1550637722016 10.0671576340994 9.97925149599719 9.89134535789497 9.80343921979276 9.71553308169053 10.1184613466262 10.6850010792413 11.2515408118565 11.8180805444716 12.3846202770867 12.9511600097019 13.517699742317 14.1444271087643 14.9517173767088 15.7590076446531 16.5662979125973 17.3735881805418 18.1808784484861 18.9881687164304 19.7954589843748 19.7657624721526 19.4570703665415 19.1483782609303 18.8396861553192 18.530994049708 18.2223019440968 17.9136098384857 17.4516066392264 16.5296701590222 15.6077336788178 14.6857971986136 13.7638607184094 12.841924238205 11.9199877580008 10.9980512777966 10.45099016428 10.0288875063261 9.60678484837221 9.18468219041826 8.76257953246438 8.34047687451051 7.91837421655656 7.55253417491912
9.77984992663073 9.71862886746732 9.6574078083039 9.59618674914048 9.53496568997707 9.47374463081366 9.41252357165024 9.92991235256186 10.6401710801653 11.3504298077688 12.0606885353723 12.7709472629757 13.4812059905792 14.1914647181827 14.9224814732867 15.7157723108925 16.5090631484983 17.302353986104 18.0956448237099 18.8889356613157 19.6822264989214 20.4755173365273 20.427552207311 20.099168422487 19.7707846376631 19.4424008528391 19.1140170680152 18.7856332831912 18.4572494983673 17.9728210078347 17.0202584001755 16.0676957925162 15.115133184857 14.1625705771978 13.2100079695385 12.2574453618793 11.3048827542201 10.7550616145134 10.3394876307912 9.92391364706894 9.50833966334663 9.09276567962439 8.67719169590215 8.26161771217984 7.89128057956696
9.50256664223143 9.47065865993501 9.4387506776386 9.40684269534217 9.37493471304576 9.34302673074934 9.31111874845292 9.88085757096594 10.6511453284156 11.4214330858654 12.191720843315 12.9620086007646 13.7322963582144 14.502584115664 15.2734111176595 16.0458558532926 16.8183005889256 17.5907453245585 18.3631900601916 19.1356347958246 19.9080795314575 20.6805242670906 20.6580820878347 20.3706776036157 20.0832731193967 19.7958686351777 19.5084641509586 19.2210596667396 18.9336551825206 18.4711549467512 17.4833674563304 16.4955799659094 15.5077924754886 14.5200049850678 13.5322174946468 12.544430004226 11.5566425138052 11.0073079188665 10.6041242890888 10.2009406593112 9.79775702953343 9.39457339975575 8.99138976997807 8.58820614020033 8.21969748073156
9.41112005710603 9.41115314960481 9.41118624210358 9.41121933460236 9.41125242710113 9.4112855195999 9.41131861209868 9.97129700183854 10.7179238239922 11.464550646146 12.2111774682997 12.9578042904534 13.7044311126072 14.4510579347609 15.1972160418827 15.9419680039087 16.6867199659346 17.4314719279606 18.1762238899866 18.9209758520125 19.6657278140385 20.4104797760645 20.4573521137238 20.2715979099274 20.085843706131 19.9000895023346 19.7143352985382 19.5285810947418 19.3428268909454 18.946608455976 17.9189973274869 16.8913861989976 15.8637750705085 14.8361639420194 13.8085528135301 12.780941685041 11.7533305565519 11.2077290773392 10.822797481219 10.4378658850988 10.0529342889786 9.66800269285842 9.28307109673824 8.89813950061799 8.53778487841289
9.31967347198064 9.3516476392746 9.38362180656857 9.41559597386254 9.4475701411565 9.47954430845047 9.51151847574444 10.0617364327111 10.7847023195689 11.5076682064267 12.2306340932845 12.9535999801422 13.6765658670001 14.3995317538578 15.1210209661058 15.8380801545248 16.5551393429437 17.2721985313626 17.9892577197816 18.7063169082005 19.4233760966194 20.1404352850384 20.2566221396129 20.1725182162391 20.0884142928653 20.0043103694916 19.9202064461178 19.836102522744 19.7519985993703 19.4220619652008 18.3546271986434 17.2871924320858 16.2197576655284 15.152322898971 14.0848881324134 13.017453365856 11.9500185992985 11.4081502358119 11.0414706733492 10.6747911108865 10.3081115484238 9.94143198596111 9.57475242349843 9.20807286103568 8.85587227609425
9.22822688685524 9.29214212894439 9.35605737103355 9.41997261312272 9.48388785521188 9.54780309730104 9.61171833939021 10.1521758635838 10.8514808151455 11.5507857667074 12.2500907182692 12.949395669831 13.6487006213929 14.3480055729547 15.044825890329 15.734192305141 16.4235587199528 17.1129251347646 17.8022915495766 18.4916579643884 19.1810243792003 19.8703907940122 20.0558921655019 20.0734385225508 20.0909848795997 20.1085312366485 20.1260775936974 20.1436239507463 20.1611703077952 19.8975154744256 18.7902570697999 17.682998665174 16.5757402605483 15.4684818559226 14.3612234512966 13.2539650466709 12.1467066420452 11.6085713942846 11.2601438654794 10.9117163366742 10.563288807869 10.2148612790638 9.86643375025862 9.51800622145337 9.1739596737756
9.13678030172984 9.23263661861419 9.32849293549854 9.4243492523829 9.52020556926725 9.6160618861516 9.71191820303596 10.2426152944564 10.9182593107222 11.5939033269881 12.269547343254 12.9451913595198 13.6208353757858 14.2964793920516 14.9686308145522 15.6303044557571 16.2919780969619 16.9536517381667 17.6153253793716 18.2769990205764 18.9386726617812 19.6003463029861 19.855162191391 19.9743588288625 20.093555466334 20.2127521038055 20.331948741277 20.4511453787485 20.57034201622 20.3729689836504 19.2258869409564 18.0788048982622 16.9317228555681 15.7846408128741 14.6375587701799 13.4904767274859 12.3433946847919 11.8089925527573 11.4788170576096 11.1486415624619 10.8184660673142 10.4882905721665 10.1581150770188 9.82793958187104 9.49204707145694
9.04533371660444 9.17313110828398 9.30092849996352 9.42872589164308 9.55652328332262 9.68432067500217 9.81211806668173 10.333054725329 10.9850378062988 11.6370208872688 12.2890039682387 12.9409870492086 13.5929701301786 14.2449532111485 14.8924357387753 15.5264166063732 16.160397473971 16.7943783415687 17.4283592091666 18.0623400767643 18.6963209443621 19.33030181196 19.6544322172801 19.8752791351742 20.0961260530683 20.3169729709625 20.5378198888566 20.7586668067508 20.9795137246449 20.8484224928752 19.6615168121129 18.4746111313503 17.287705450588 16.1007997698257 14.9138940890632 13.7269884083008 12.5400827275385 12.00941371123 11.6974902497398 11.3855667882496 11.0736433267594 10.7617198652692 10.449796403779 10.1378729422887 9.81013446913829
8.99627212683358 9.14117527802783 9.28607842922207 9.43098158041635 9.57588473161059 9.72078788280484 9.86569103399911 10.3734360535938 11.0021283626555 11.6308206717173 12.2595129807789 12.8882052898406 13.5168975989023 14.145589907964 14.771150694953 15.387316915724 16.0034831364949 16.6196493572658 17.2358155780368 17.8519817988077 18.4681480195786 19.0843142403496 19.4892840067545 19.8238549550374 20.1584259033203 20.4929968516031 20.8275677998859 21.1621387481689 21.4967096964517 21.4409330553481 20.2141136460837 18.9872942368191 17.7604748275547 16.5336554182903 15.3068360090257 14.0800165997613 12.853197190497 12.312995727857 12.0016669140922 11.6903381003274 11.3790092865626 11.0676804727978 10.7563516590331 10.4450228452683 10.1121141764853
8.98959553241728 9.13676912784574 9.2839427232742 9.43111631870268 9.57828991413114 9.7254635095596 9.87263710498808 10.363759279251 10.9695309797921 11.5753026803334 12.1810743808745 12.7868460814157 13.3926177819569 13.9983894824981 14.604775683085 15.2130053838094 15.8212350845336 16.4294647852579 17.0376944859822 17.6459241867065 18.2541538874307 18.8623835881551 19.3597175598144 19.820086288452 20.2804550170898 20.7408237457274 21.2011924743651 21.6615612030028 22.1219299316404 22.150500671069 20.8836774428688 19.6168542146684 18.3500309864682 17.083207758268 15.8163845300676 14.5495613018674 13.2827380736672 12.7197386026382 12.3913470506668 12.0629554986954 11.7345639467239 11.4061723947525 11.0777808427811 10.7493892908096 10.397986193498
8.98291893800098 9.13236297766365 9.28180701732632 9.43125105698902 9.58069509665169 9.73013913631436 9.87958317597705 10.3540825049081 10.9369335969288 11.5197846889495 12.1026357809702 12.6854868729908 13.2683379650115 13.8511890570322 14.4384006712171 15.0386938518948 15.6389870325724 16.2392802132499 16.8395733939276 17.4398665746052 18.0401597552828 18.6404529359605 19.2301511128743 19.8163176218667 20.4024841308593 20.9886506398518 21.5748171488442 22.1609836578368 22.7471501668292 22.86006828679 21.553241239654 20.2464141925177 18.9395871453817 17.6327600982457 16.3259330511095 15.0191060039734 13.7122789568374 13.1264814774195 12.7810271872415 12.4355728970634 12.0901186068853 11.7446643167072 11.3992100265292 11.053755736351 10.6838582105107
8.97624234358468 9.12795682748156 9.27967131137845 9.43138579527535 9.58310027917224 9.73481476306912 9.88652924696603 10.3444057305653 10.9043362140654 11.4642666975657 12.0241971810658 12.5841276645659 13.1440581480662 13.7039886315663 14.2720256593491 14.8643823199801 15.4567389806111 16.049095641242 16.6414523018731 17.233808962504 17.8261656231349 18.418522283766 19.1005846659341 19.8125489552814 20.5245132446288 21.2364775339761 21.9484418233234 22.6604061126708 23.372370402018 23.569635902511 22.2228050364391 20.8759741703671 19.5291433042952 18.1823124382234 16.8354815721514 15.4886507060795 14.1418198400077 13.5332243522008 13.1707073238161 12.8081902954314 12.4456732670466 12.0831562386619 11.7206392102772 11.3581221818924 10.9697302275235
8.96956574916838 9.12355067729947 9.27753560543057 9.43152053356169 9.58550546169278 9.73949038982388 9.893475317955 10.3347289562224 10.8717388312021 11.4087487061818 11.9457585811614 12.482768456141 13.0197783311208 13.5567882061004 14.1056506474812 14.6900707880656 15.2744909286498 15.8589110692341 16.4433312098185 17.0277513504028 17.612171490987 18.1965916315714 18.971018218994 19.8087802886961 20.6465423583983 21.4843044281004 22.3220664978025 23.1598285675047 23.9975906372068 24.2792035182319 22.8923688332243 21.5055341482164 20.1186994632087 18.7318647782011 17.3450300931932 15.9581954081856 14.5713607231779 13.9399672269821 13.5603874603907 13.1808076937994 12.801227927208 12.4216481606166 12.0420683940252 11.6624886274338 11.2556022445361
8.96288915475208 9.11914452711738 9.27539989948269 9.43165527184802 9.58791064421333 9.74416601657864 9.90042138894397 10.3250521818796 10.8391414483387 11.3532307147979 11.867319981257 12.3814092477162 12.8954985141754 13.4095877806345 13.9392756356132 14.5157592561509 15.0922428766886 15.6687264972262 16.2452101177639 16.8216937383015 17.3981773588391 17.9746609793769 18.8414517720539 19.8050116221108 20.7685714721678 21.7321313222247 22.6956911722816 23.6592510223387 24.6228108723956 24.9887711339529 23.5619326300094 22.1350941260657 20.7082556221223 19.2814171181788 17.8545786142351 16.4277401102916 15.0009016063482 14.3467101017634 13.9500675969654 13.5534250921674 13.1567825873693 12.7601400825713 12.3634975777733 11.9668550729752 11.5414742615489
8.90722534391615 9.06197010676065 9.21671486960515 9.37145963244967 9.52620439529418 9.68094915813868 9.83569392098321 10.2482158581415 10.7466635200711 11.2451111820009 11.7435588439305 12.2420065058601 12.7404541677898 13.2389018297195 13.7582117901907 14.3401086462868 14.9220055023828 15.5039023584789 16.085799214575 16.667696070671 17.249592926767 17.8314897828631 18.7428334236143 19.7639926592507 20.7851518948872 21.8063111305235 22.8274703661599 23.8486296017964 24.8697888374327 25.2844498263468 23.8796160750923 22.4747823238375 21.069948572583 19.6651148213284 18.2602810700737 16.8554473188191 15.4506135675646 14.7934731245041 14.3855637841755 13.9776544438469 13.5697451035182 13.1618357631896 12.753926422861 12.3460170825323 11.9020184291734
8.80257431666056 8.95202741622924 9.10148051579792 9.25093361536662 9.4003867149353 9.54983981450398 9.69929291407268 10.1042199850082 10.5943050463993 11.0843901077906 11.5744751691818 12.0645602305729 12.5546452919642 13.0447303533554 13.5624591112136 14.1631189584732 14.7637788057327 15.3644386529921 15.9650985002517 16.5657583475112 17.1664181947707 17.7670780420303 18.6751631736754 19.6857234001157 20.6962836265563 21.7068438529967 22.717404079437 23.7279643058776 24.738524532318 25.1662395954135 23.8454191684727 22.5245987415316 21.2037783145907 19.8829578876499 18.5621374607088 17.2413170337679 15.9204966068271 15.2802562952042 14.866876022021 14.4534957488378 14.0401154756546 13.6267352024714 13.2133549292883 12.799974656105 12.3372347474099
8.69792328940497 8.84208472569783 8.98624616199068 9.13040759828356 9.27456903457641 9.41873047086926 9.56289190716214 9.96022411187483 10.4419465727275 10.9236690335803 11.405391494433 11.8871139552857 12.3688364161385 12.8505588769912 13.3667064322365 13.9861292706595 14.6055521090825 15.2249749475054 15.8443977859285 16.4638206243514 17.0832434627744 17.7026663011974 18.6074929237364 19.6074541409808 20.6074153582254 21.6073765754698 22.6073377927142 23.6072990099588 24.6072602272032 25.0480293644802 23.811222261853 22.5744151592257 21.3376080565985 20.1008009539713 18.863993851344 17.6271867487168 16.3903796460896 15.7670394659042 15.3481882598665 14.9293370538288 14.510485847791 14.0916346417533 13.6727834357156 13.2539322296778 12.7724510656464
8.59327226214938 8.73214203516641 8.87101180818344 9.00988158120049 9.14875135421752 9.28762112723455 9.4264909002516 9.81622823874149 10.2895880990557 10.76294795937 11.2363078196843 11.7096676799985 12.1830275403128 12.6563874006271 13.1709537532593 13.8091395828458 14.4473254124323 15.0855112420187 15.7236970716052 16.3618829011916 17.000068730778 17.6382545603646 18.5398226737974 19.5291848818459 20.5185470898945 21.507909297943 22.4972715059914 23.48663371404 24.4759959220885 24.9298191335469 23.7770253552334 22.6242315769197 21.4714377986063 20.3186440202928 19.1658502419791 18.0130564636656 16.8602626853522 16.2538226366043 15.8295004977121 15.4051783588198 14.9808562199275 14.5565340810352 14.132211942143 13.7078898032507 13.2076673838829
