data/working_set_collections/6091692-Cassins_Sparrow-MC/2010/bio12.asc
NCOLS 265 
NROWS 230 
XLLCORNER -115.5625 
YLLCORNER 24.8333333333333 
CELLSIZE 0.0833333333333333 
NODATA_value -9999 
[rows 40 to 59 of 230, columns 92 to 137 of 265]
357.50532226562 378.613543701169 399.721765136715 420.829986572261 441.93820800781 468.08315505981 495.907010650628 523.730866241452 551.55472183227 579.378577423089 607.202433013912 635.02628860473 656.869739786782 660.771977742511 664.67421569824 668.576453653969 672.478691609698 676.380929565427 680.283167521156 684.185405476885 671.285162353517 652.784092203778 634.283022054037 615.781951904298 597.28088175456 578.779811604818 560.27874145508 543.877669016521 533.776589711509 523.675510406495 513.574431101482 503.47335179647 493.372272491456 483.271193186443 473.170113881431 467.465731811523 463.226915486654 458.988099161784 454.749282836914 450.510466512045 446.271650187175 442.032833862305 437.356865183513 431.369439442954 425.382013702393 419.394587961834
358.503463406028 379.26587456597 400.028285725908 420.790696885846 441.553108045788 468.355753835037 497.171811167392 525.987868499752 554.803925832107 583.619983164462 612.436040496822 641.252097829177 664.060100979273 668.843941582572 673.62778218587 678.411622789169 683.195463392468 687.979303995766 692.763144599064 697.546985202363 684.308949788413 665.063622368709 645.818294949002 626.572967529299 607.327640109595 588.082312689888 568.836985270184 551.765592363147 541.216002994115 530.666413625082 520.116824256051 509.567234887019 499.017645517986 488.468056148955 477.918466779923 471.942483520508 467.491035630968 463.039587741429 458.588139851888 454.136691962349 449.685244072809 445.233796183269 440.214704301623 433.492680443659 426.770656585694 420.04863272773
360.721792178679 380.949612341984 401.177432505286 421.405252668588 441.633072831893 468.326900736486 497.176064554844 526.025228373207 554.874392191564 583.723556009922 612.572719828285 641.421883646643 664.40463833279 669.788165622287 675.171692911784 680.55522020128 685.938747490777 691.322274780273 696.705802069769 702.089329359266 688.827736918135 669.351104566791 649.874472215443 630.397839864099 610.921207512754 591.444575161407 571.967942810062 554.690594567196 544.01109864977 533.331602732343 522.652106814917 511.972610897491 501.293114980064 490.613619062638 479.934123145213 473.986793009441 469.616851467557 465.246909925674 460.87696838379 456.507026841906 452.137085300023 447.767143758139 442.695175849068 435.517128838435 428.339081827801 421.161034817167
364.160308583572 383.664757029213 403.16920547485 422.673653920487 442.178102366127 467.996595764155 495.919770812982 523.842945861814 551.76612091064 579.689295959467 607.612471008298 635.535646057125 657.90335184733 663.604649861654 669.305947875977 675.007245890299 680.708543904623 686.409841918945 692.111139933268 697.812437947591 684.84152374268 665.646538798019 646.451553853356 627.256568908695 608.061583964035 588.866599019371 569.671614074711 552.652675628665 542.16187667847 531.671077728274 521.180278778079 510.689479827884 500.198680877688 489.707881927493 479.217082977298 473.598660278321 469.60436299642 465.610065714519 461.615768432618 457.621471150717 453.627173868816 449.632876586914 444.798279825848 437.44278462728 430.087289428712 422.731794230145
367.598824988466 386.379901716442 405.160978444414 423.942055172386 442.723131900361 467.666290791825 494.66347707112 521.66066335042 548.657849629716 575.655035909011 602.652222188311 629.649408467607 651.40206536187 657.42113410102 663.440202840169 669.459271579318 675.478340318468 681.497409057617 687.516477796766 693.535546535916 680.855310567224 661.941973029247 643.028635491268 624.115297953291 605.201960415315 586.288622877335 567.375285339359 550.614756690134 540.31265470717 530.010552724204 519.708450741241 509.406348758277 499.104246775311 488.802144792347 478.500042809383 473.210527547201 469.591874525283 465.973221503365 462.354568481446 458.735915459528 455.117262437609 451.49860941569 446.901383802627 439.368440416126 431.835497029623 424.302553643122
371.03734139336 389.095046403671 407.152751413978 425.210456424285 443.268161434595 467.335985819494 493.407183329259 519.478380839027 545.549578348791 571.620775858556 597.691973368324 623.763170878089 644.90077887641 651.237618340386 657.574457804362 663.911297268337 670.248136732313 676.584976196289 682.921815660264 689.25865512424 676.869097391768 658.237407260476 639.60571712918 620.974026997888 602.342336866595 583.7106467353 565.078956604007 548.576837751603 538.46343273587 528.350027720135 518.236622704402 508.123217688669 498.009812672935 487.896407657202 477.783002641469 472.822394816081 469.579386054146 466.33637729221 463.093368530274 459.850359768338 456.607351006403 453.364342244466 449.004487779407 441.294096204972 433.583704630535 425.8733130561
374.475857798254 391.810191090899 409.144524383542 426.478857676184 443.813190968829 467.005680847164 492.150889587397 517.296098327634 542.441307067867 567.5865158081 592.731724548338 617.876933288571 638.39949239095 645.054102579753 651.708712768555 658.363322957356 665.017933146159 671.672543334961 678.327153523762 684.981763712565 672.882884216312 654.532841491704 636.182798767093 617.832756042484 599.482713317876 581.132670593264 562.782627868656 546.538918813072 536.61421076457 526.689502716066 516.764794667564 506.840086619062 496.915378570559 486.990670522056 477.065962473554 472.434262084961 469.566897583008 466.699533081055 463.832168579102 460.964804077149 458.097439575196 455.230075073242 451.107591756186 443.219751993817 435.331912231446 427.444072469077
377.914374203148 394.525335778128 411.136297353106 427.747258928083 444.358220503063 466.675375874833 490.894595845535 515.113815816241 539.333035786943 563.552255757645 587.771475728351 611.990695699053 631.89820590549 638.870586819119 645.842967732747 652.815348646375 659.787729560004 666.760110473632 673.73249138726 680.70487230089 668.896671040856 650.828275722932 632.759880405005 614.69148508708 596.623089769156 578.554694451229 560.486299133304 544.500999874541 534.76498879327 525.028977711997 515.292966630726 505.556955549455 495.820944468182 486.084933386911 476.34892230564 472.046129353842 469.554409111871 467.062688869901 464.57096862793 462.07924838596 459.587528143989 457.095807902018 453.210695732966 445.145407782663 437.080119832358 429.014831882055
381.004705895314 396.980149756535 412.955593617754 428.931037478973 444.906481340194 466.267678070064 489.424125756153 512.580573442245 535.737021128333 558.893468814421 582.049916500514 605.206364186602 624.313973151312 631.275065951877 638.236158752441 645.197251553005 652.15834435357 659.119437154134 666.080529954698 673.041622755263 662.094698079431 645.178434244796 628.262170410159 611.345906575524 594.42964274089 577.513378906252 560.597115071617 545.406950717504 535.395084804961 525.383218892417 515.371352979874 505.359487067331 495.347621154787 485.335755242244 475.323889329701 470.753256225587 467.996367390951 465.239478556316 462.482589721681 459.725700887046 456.96881205241 454.211923217775 450.212573157419 442.485839419898 434.759105682375 427.032371944854
383.746852874752 399.174633026121 414.602413177487 430.030193328854 445.457973480223 465.782587432858 487.73947931925 509.696371205646 531.653263092038 553.61015497843 575.567046864826 597.523938751218 615.646794128418 622.267539978028 628.888285827637 635.509031677246 642.129777526856 648.750523376465 655.371269226074 661.992015075685 652.476965332035 637.583317057296 622.689668782555 607.796020507816 592.902372233076 578.008723958335 563.115075683596 549.256771341961 538.504498799644 527.752226257326 516.999953715009 506.247681172692 495.495408630373 484.743136088056 473.990863545739 468.555642700196 464.892772420249 461.229902140301 457.567031860353 453.904161580406 450.241291300458 446.57842102051 442.113224029544 435.241046905521 428.368869781496 421.496692657473
386.48899985419 401.369116295707 416.24923273722 431.129349178735 446.009465620251 465.297496795651 486.054832882347 506.812168969046 527.569505055742 548.326841142439 569.084177229138 589.841513315834 606.979615105523 613.260014004178 619.540412902832 625.820811801487 632.101210700142 638.381609598796 644.66200849745 650.942407396105 642.859232584639 629.988199869796 617.11716715495 604.246134440107 591.375101725264 578.504069010418 565.633036295575 553.106591966419 541.613912794328 530.121233622235 518.628554450143 507.135875278052 495.643196105959 484.150516933868 472.657837761776 466.358029174806 461.789177449546 457.220325724286 452.651473999025 448.082622273765 443.513770548505 438.944918823244 434.013874901668 427.996254391143 421.978633880617 415.961013370092
389.231146833628 403.563599565292 417.896052296954 432.228505028615 446.560957760279 464.812406158444 484.370186445444 503.927966732447 523.485747019447 543.043527306447 562.60130759345 582.15908788045 598.312436082628 604.252488030328 610.192539978027 616.132591925727 622.072643873427 628.012695821126 633.952747768826 639.892799716526 633.241499837242 622.393082682295 611.544665527346 600.696248372398 589.84783121745 578.999414062501 568.150996907554 556.956412590877 544.723326789011 532.490240987144 520.257155185278 508.024069383413 495.790983581545 483.55789777968 471.324811977814 464.160415649415 458.685582478843 453.21074930827 447.735916137697 442.261082967124 436.786249796552 431.311416625978 425.914525773792 420.751461876766 415.588397979738 410.425334082711
391.973293813066 405.758082834878 419.542871856687 433.327660878496 447.112449900308 464.327315521237 482.685540008541 501.043764495848 519.401988983152 537.760213470456 556.118437957763 574.476662445067 589.645257059733 595.244962056479 600.844667053223 606.444372049968 612.044077046713 617.643782043458 623.243487040202 628.843192036948 623.623767089847 614.797965494795 605.972163899742 597.14636230469 588.320560709638 579.494759114584 570.668957519532 560.806233215334 547.832740783694 534.859248352053 521.885755920413 508.912263488773 495.938771057131 482.965278625491 469.991786193852 461.962802124025 455.58198750814 449.201172892255 442.820358276369 436.439543660484 430.058729044599 423.677914428713 417.815176645917 413.506669362388 409.198162078859 404.889654795331
394.715440792504 407.952566104463 421.18969141642 434.426816728377 447.663942040336 463.84222488403 481.000893571638 498.159562259249 515.318230946856 532.476899634464 549.635568322075 566.794237009683 580.978078036838 586.237436082629 591.496794128418 596.756152174208 602.015510219999 607.274868265788 612.534226311578 617.793584357369 614.00603434245 607.202848307294 600.399662272137 593.596476236981 586.793290201825 579.990104166667 573.186918131511 564.656053839792 550.942154778378 537.228255716962 523.514356655548 509.800457594133 496.086558532717 482.372659471303 468.658760409889 459.765188598634 452.478392537437 445.19159647624 437.904800415041 430.618004353844 423.331208292646 416.044412231448 409.715827518041 406.261876848011 402.80792617798 399.35397550795
396.246245066322 408.92723973592 421.608234405516 434.289229075111 446.970223744709 462.171791585284 478.213550482853 494.255309380424 510.297068277993 526.338827175561 542.380586073133 558.422344970701 571.58240729438 576.097379896377 580.612352498373 585.12732510037 589.642297702367 594.157270304363 598.672242906359 603.187215508357 599.816577402754 593.817402394616 587.818227386477 581.81905237834 575.819877370202 569.820702362064 563.821527353926 556.012419382737 542.773512522386 529.534605662032 516.295698801681 503.05679194133 489.817885080977 476.578978220626 463.340071360275 454.445314534507 446.998607720272 439.551900906036 432.105194091799 424.658487277563 417.211780463327 409.76507364909 403.363297780356 400.09631474813 396.829331715903 393.562348683677
396.565706634519 408.682103729247 420.798500823973 432.914897918699 445.031295013427 459.316015624998 474.323510742185 489.331005859374 504.338500976561 519.345996093748 534.353491210937 549.360986328124 561.458244832358 564.824793497723 568.191342163087 571.557890828452 574.924439493817 578.290988159182 581.657536824546 585.024085489911 581.055396270756 574.641627756759 568.227859242761 561.814090728764 555.400322214767 548.986553700769 542.572785186772 534.875329844163 523.326814015713 511.778298187261 500.229782358811 488.68126653036 477.132750701908 465.584234873458 454.035719045008 446.003179931643 439.142633056644 432.282086181644 425.421539306643 418.560992431643 411.700445556644 404.839898681643 398.757587432863 395.009983062746 391.262378692629 387.514774322512
396.885168202715 408.436967722574 419.98876724243 431.540566762286 443.092366282144 456.460239664712 470.433471001516 484.406702338324 498.379933675129 512.353165011934 526.326396348741 540.299627685546 551.334082370335 553.552207099068 555.770331827801 557.988456556534 560.206581285267 562.424706013999 564.642830742732 566.860955471465 562.294215138757 555.465853118901 548.637491099043 541.809129079187 534.980767059331 528.152405039473 521.324043019617 513.738240305588 503.880115509039 494.021990712488 484.163865915939 474.30574111939 464.447616322839 454.58949152629 444.73136672974 437.561045328778 431.286658393015 425.012271457251 418.737884521486 412.463497585723 406.189110649959 399.914723714194 394.151877085369 389.923651377362 385.695425669354 381.467199961346
397.204629770912 408.1918317159 419.179033660887 430.166235605873 441.153437550862 453.604463704425 466.543431260848 479.482398817273 492.421366373696 505.360333930119 518.299301486545 531.238269042968 541.209919908313 542.279620700413 543.349321492514 544.419022284615 545.488723076716 546.558423868817 547.628124660917 548.697825453018 543.533034006758 536.290078481042 529.047122955325 521.80416742961 514.561211903894 507.318256378177 500.075300852461 492.601150767013 484.433417002365 476.265683237715 468.097949473067 459.930215708419 451.762481943769 443.594748179121 435.427014414473 429.118910725913 423.430683729386 417.742456732858 412.05422973633 406.366002739802 400.677775743275 394.989548746746 389.546166737876 384.837319691978 380.128472646079 375.419625600181
397.524091339109 407.946695709227 418.369300079344 428.791904449461 439.214508819579 450.748687744139 462.65339152018 474.558095296223 486.462799072265 498.367502848306 510.272206624349 522.17691040039 531.085757446291 531.00703430176 530.928311157229 530.849588012698 530.770864868167 530.692141723635 530.613418579104 530.534695434573 524.77185287476 517.114303843185 509.456754811609 501.799205780034 494.141656748459 486.484107716883 478.826558685308 471.464061228439 464.986718495692 458.509375762944 452.032033030196 445.554690297449 439.0773475647 432.600004831953 426.122662099206 420.676776123049 415.574709065758 410.472642008466 405.370574951174 400.268507893882 395.166440836591 390.064373779299 384.940456390383 379.750988006594 374.561519622805 369.372051239016
397.843552907306 407.701559702554 417.559566497801 427.417573293048 437.275580088297 447.892911783853 458.763351779512 469.633791775173 480.504231770832 491.374671766492 502.245111762153 513.115551757812 520.961594984268 519.734447903105 518.507300821942 517.280153740779 516.053006659616 514.825859578453 513.59871249729 512.371565416127 506.010671742761 497.938529205327 489.866386667891 481.794244130457 473.722101593022 465.649959055587 457.577816518152 450.326971689864 445.540019989018 440.753068288171 435.966116587324 431.179164886478 426.392213185631 421.605261484785 416.818309783938 412.234641520184 407.718734402129 403.202827284073 398.686920166017 394.171013047962 389.655105929907 385.13919881185 380.334746042889 374.66465632121 368.99456659953 363.32447687785
