data/working_set_collections/6091692-Cassins_Sparrow-MC/2010/bio16.asc
NCOLS 265 
NROWS 230 
XLLCORNER -115.5625 
YLLCORNER 24.8333333333333 
CELLSIZE 0.0833333333333333 
NODATA_value -9999 
[rows 140 to 159 of 230, columns 138 to 183 of 265]
164.118466016982 159.896194966635 155.673923916288 151.451652865941 147.958465003968 144.708304871454 141.45814473894 138.207984606426 134.957824473912 131.707664341398 128.457504208883 126.138054063585 126.610733879937 127.083413696289 127.556093512641 128.028773328993 128.501453145345 128.974132961697 129.446812778049 131.597423108419 134.307343610127 137.017264111836 139.727184613545 142.437105115254 145.147025616963 147.856946118672 150.0049372779 150.467140409682 150.929343541463 151.391546673245 151.853749805027 152.315952936808 152.77815606859 153.240359200372 155.769316482544 158.987191814846 162.205067147148 165.422942479451 168.640817811753 171.858693144056 175.076568476358 178.199154154459 181.035870869953 183.872587585449 186.709304300943 189.546021016438
165.095707363554 160.759722391765 156.423737419977 152.087752448189 148.418795585633 144.972181426155 141.525567266677 138.078953107199 134.632338947721 131.185724788243 127.739110628764 125.244610934787 125.606454637316 125.968298339844 126.330142042372 126.6919857449 127.053829447428 127.415673149957 127.777516852485 129.966240374247 132.763923835754 135.561607297261 138.359290758768 141.156974220275 143.954657681782 146.75234114329 148.958607949151 149.390624788072 149.822641626994 150.254658465915 150.686675304837 151.118692143758 151.55070898268 151.982725821601 154.706188583374 158.193466652763 161.680744722153 165.168022791544 168.655300860934 172.142578930324 175.629856999715 178.995375061034 181.995613098144 184.995851135253 187.996089172362 190.996327209472
166.072948710125 161.623249816895 157.173550923666 152.723852030437 148.879126167298 145.236057980856 141.592989794414 137.949921607972 134.30685342153 130.663785235088 127.020717048646 124.35116780599 124.602175394694 124.853182983399 125.104190572103 125.355198160807 125.606205749512 125.857213338216 126.108220926921 128.335057640075 131.220504061381 134.105950482686 136.991396903991 139.876843325297 142.762289746602 145.647736167907 147.912278620402 148.314109166463 148.715939712525 149.117770258586 149.519600804647 149.921431350708 150.323261896769 150.72509244283 153.643060684204 157.399741490681 161.156422297159 164.913103103637 168.669783910115 172.426464716592 176.183145523071 179.79159596761 182.955355326334 186.119114685058 189.282874043782 192.446633402505
167.050190056696 162.486777242025 157.923364427356 153.359951612686 149.339456748963 145.499934535557 141.660412322151 137.820890108745 133.981367895339 130.141845681933 126.302323468527 123.457724677192 123.597896152073 123.738067626953 123.878239101834 124.018410576715 124.158582051595 124.298753526476 124.438925001357 126.703874905904 129.677084287007 132.650293668111 135.623503049214 138.596712430318 141.569921811421 144.543131192525 146.865949291653 147.237593544854 147.609237798055 147.980882051256 148.352526304457 148.724170557658 149.095814810859 149.46745906406 152.579932785034 156.606016328599 160.632099872164 164.65818341573 168.684266959295 172.710350502861 176.736434046427 180.587816874185 183.915097554524 187.242378234863 190.569658915201 193.896939595539
166.930772103205 162.369458389283 157.808144675362 153.246830961441 149.187329101563 145.295097859701 141.40286661784 137.510635375977 133.618404134116 129.726172892254 125.833941650391 122.92731751336 122.977514690823 123.027711868286 123.077909045749 123.128106223212 123.178303400676 123.228500578139 123.278697755602 125.578935241699 128.629186164008 131.679437086316 134.729688008626 137.779938930935 140.830189853244 143.880440775553 146.244508149889 146.550024880303 146.855541610718 147.161058341132 147.466575071547 147.772091801961 148.077608532376 148.38312526279 151.610695648193 155.812283918592 160.013872188991 164.215460459391 168.41704872979 172.618637000189 176.820225270589 180.815071105956 184.18968963623 187.564308166503 190.938926696777 194.31354522705
165.714694849652 161.271293258668 156.827891667685 152.384490076702 148.422743225098 144.621547953289 140.820352681479 137.019157409669 133.217962137859 129.416766866049 125.615571594239 122.759946314494 122.741031010946 122.722115707398 122.703200403849 122.684285100301 122.665369796753 122.646454493205 122.627539189657 124.960238647461 128.076809692382 131.193380737304 134.309951782226 137.426522827148 140.543093872069 143.659664916992 146.047955195109 146.251403172811 146.454851150513 146.658299128215 146.861747105916 147.065195083618 147.26864306132 147.472091039022 150.735349273681 155.01854426066 159.301739247639 163.584934234619 167.868129221597 172.151324208576 176.434519195556 180.473358662922 183.779131571451 187.08490447998 190.390677388508 193.696450297037
164.498617596098 160.173128128053 155.847638660008 151.522149191964 147.658157348634 143.947998046876 140.237838745118 136.52767944336 132.817520141602 129.107360839845 125.397201538087 122.592575115628 122.504547331068 122.416519546509 122.328491761949 122.24046397739 122.15243619283 122.064408408271 121.976380623712 124.341542053222 127.524433220757 130.707324388291 133.890215555826 137.073106723361 140.255997890895 143.43888905843 145.851402240329 145.952781465318 146.054160690308 146.155539915297 146.256919140286 146.358298365275 146.459677590264 146.561056815253 149.860002899169 154.224804602728 158.589606306287 162.954408009846 167.319209713405 171.684011416964 176.048813120523 180.131646219889 183.368573506672 186.605500793457 189.84242808024 193.079355367024
163.282540342544 159.074962997437 154.867385652331 150.659808307225 146.893571472169 143.274448140463 139.655324808758 136.036201477051 132.417078145346 128.79795481364 125.178831481934 122.425203916762 122.268063651191 122.11092338562 121.953783120049 121.796642854479 121.639502588908 121.482362323337 121.325222057766 123.722845458984 126.972056749131 130.221268039279 133.470479329427 136.719690619574 139.968901909721 143.218113199869 145.65484928555 145.654159757826 145.653470230103 145.652780702379 145.652091174656 145.651401646932 145.650712119209 145.650022591485 148.984656524658 153.431064944796 157.877473364935 162.323881785074 166.770290205213 171.216698625351 175.663107045491 179.789933776855 182.958015441894 186.126097106933 189.294178771972 192.462260437011
162.066463088991 157.976797866822 153.887132644654 149.797467422487 146.128985595704 142.60089823405 139.072810872397 135.544723510743 132.016636149089 128.488548787436 124.960461425782 122.257832717896 122.031579971314 121.805327224732 121.57907447815 121.352821731568 121.126568984985 120.900316238403 120.674063491821 123.104148864746 126.419680277506 129.735211690266 133.050743103027 136.366274515787 139.681805928547 142.997337341308 145.45829633077 145.355538050334 145.252779769898 145.150021489461 145.047263209025 144.944504928589 144.841746648153 144.738988367717 148.109310150146 152.637325286864 157.165340423583 161.693355560302 166.221370697021 170.749385833739 175.277400970458 179.448221333821 182.547457377115 185.64669342041 188.745929463704 191.845165506998
160.850385835437 156.878632736207 152.906879636977 148.935126537748 145.364399719239 141.927348327638 138.490296936036 135.053245544434 131.616194152833 128.179142761232 124.74209136963 122.09046151903 121.795096291436 121.499731063843 121.20436583625 120.909000608656 120.613635381063 120.31827015347 120.022904925876 122.485452270507 125.86730380588 129.249155341253 132.631006876627 136.012858412 139.394709947373 142.776561482747 145.26174337599 145.056916342841 144.852089309692 144.647262276544 144.442435243395 144.237608210246 144.032781177097 143.827954143948 147.233963775634 151.843585628932 156.453207482231 161.06282933553 165.672451188828 170.282073042127 174.891694895426 179.106508890787 182.136899312336 185.167289733886 188.197680155436 191.228070576985
160.066860749988 156.371929550172 152.676998350356 148.982067150541 145.550006548564 142.205569479201 138.861132409838 135.516695340475 132.172258271112 128.827821201749 125.483384132385 122.861147732205 122.405513339572 121.94987894694 121.494244554308 121.038610161675 120.582975769043 120.127341376411 119.671706983778 122.111610476175 125.516693263583 128.921776050991 132.326858838399 135.731941625806 139.137024413214 142.542107200622 145.02073618571 144.720003763835 144.41927134196 144.118538920085 143.81780649821 143.517074076335 143.21634165446 142.915609232585 146.312809371948 150.942653698391 155.572498024833 160.202342351277 164.83218667772 169.462031004163 174.091875330607 178.294441986084 181.215175628662 184.13590927124 187.056642913818 189.977376556396
159.715887832643 156.456688308716 153.197488784791 149.938289260865 146.68580608368 143.435561688742 140.185317293804 136.935072898865 133.684828503927 130.434584108989 127.184339714051 124.569891357422 123.862831115723 123.155770874023 122.448710632324 121.741650390625 121.034590148926 120.327529907227 119.620469665528 121.98262348175 125.367848650614 128.753073819477 132.138298988342 135.523524157205 138.908749326069 142.293974494934 144.735274759929 144.344800313314 143.954325866699 143.563851420085 143.17337697347 142.782902526856 142.392428080241 142.001953633627 145.345846939086 149.934529495238 154.52321205139 159.111894607543 163.700577163695 168.289259719848 172.877942276 177.01202061971 179.78228632609 182.55255203247 185.322817738851 188.093083445231
159.364914915298 156.541447067261 153.717979219225 150.894511371189 147.821605618795 144.665553898282 141.509502177769 138.353450457255 135.197398736742 132.041347016229 128.885295295716 126.278634982639 125.320148891873 124.361662801107 123.403176710341 122.444690619575 121.486204528809 120.527718438043 119.569232347277 121.853636487324 125.219004037644 128.584371587964 131.949739138285 135.315106688605 138.680474238925 142.045841789245 144.449813334147 143.969596862793 143.489380391439 143.009163920085 142.528947448731 142.048730977376 141.568514506022 141.088298034668 144.378884506225 148.926405292086 153.473926077948 158.02144686381 162.568967649671 167.116488435532 171.664009221394 175.729599253336 178.349397023518 180.969194793701 183.588992563883 186.208790334065
159.013941997953 156.626205825806 154.23846965366 151.850733481514 148.957405153911 145.895546107822 142.833687061734 139.771828015646 136.709968969557 133.648109923469 130.586250877381 127.987378607856 126.777466668023 125.56755472819 124.357642788357 123.147730848525 121.937818908692 120.727906968859 119.517995029026 121.724649492899 125.070159424675 128.415669356451 131.761179288228 135.106689220004 138.45219915178 141.797709083557 144.164351908366 143.594393412272 143.024434916179 142.454476420085 141.884517923991 141.314559427897 140.744600931804 140.17464243571 143.411922073364 147.918281088934 152.424640104505 156.930999120076 161.437358135646 165.943717151217 170.450076166788 174.447177886963 176.916507720947 179.385837554932 181.855167388916 184.3244972229
158.662969080608 156.710964584351 154.758960088094 152.806955591838 150.093204689026 147.125538317363 144.1578719457 141.190205574036 138.222539202373 135.254872830709 132.287206459046 129.696122233073 128.234784444173 126.773446655273 125.312108866374 123.850771077474 122.389433288574 120.928095499675 119.466757710775 121.595662498474 124.921314811706 128.246967124938 131.572619438171 134.898271751403 138.223924064635 141.549576377868 143.878890482585 143.219189961752 142.559489440918 141.899788920085 141.240088399252 140.580387878418 139.920687357585 139.260986836752 142.444959640502 146.910156885782 151.375354131062 155.840551376342 160.305748621622 164.770945866902 169.236143112182 173.164756520589 175.483618418375 177.802480316162 180.121342213948 182.440204111735
158.311996163263 156.795723342896 155.279450522529 153.763177702162 151.229004224142 148.355530526903 145.482056829665 142.608583132426 139.735109435188 136.86163573795 133.988162040711 131.40486585829 129.692102220324 127.979338582357 126.26657494439 124.553811306424 122.841047668457 121.128284030491 119.415520392524 121.466675504048 124.772470198737 128.078264893425 131.384059588114 134.689854282802 137.995648977491 141.30144367218 143.593429056804 142.843986511231 142.094543965658 141.345101420085 140.595658874512 139.846216328939 139.096773783366 138.347331237793 141.477997207641 145.90203268263 150.326068157619 154.750103632608 159.174139107597 163.598174582586 168.022210057576 171.882335154215 174.050729115804 176.219123077392 178.387517038981 180.555911000569
158.122869915433 156.988334019979 155.853798124525 154.719262229072 152.305512873332 149.46535903083 146.625205188328 143.785051345825 140.944897503323 138.104743660821 135.264589818319 132.642104996576 130.672627237108 128.703149477641 126.733671718174 124.764193958707 122.79471619924 120.825238439772 118.855760680305 120.799936993917 124.048664665222 127.297392336527 130.546120007833 133.794847679138 137.043575350443 140.292303021749 142.533110597399 141.750157886082 140.967205174765 140.184252463447 139.40129975213 138.618347040813 137.835394329495 137.052441618178 140.151805241902 144.545274310641 148.93874337938 153.33221244812 157.725681516859 162.119150585598 166.512619654337 170.331835089789 172.42828962538 174.52474416097 176.62119869656 178.71765323215
158.095590337118 157.288796615601 156.482002894084 155.675209172567 153.322730636597 150.455023829143 147.587317021688 144.719610214234 141.851903406779 138.984196599325 136.11648979187 133.407839647929 131.176359494528 128.944879341126 126.713399187724 124.481919034323 122.250438880921 120.018958727519 117.787478574118 119.595446968078 122.749898211161 125.904349454243 129.058800697326 132.213251940409 135.367703183491 138.522154426574 140.697935104371 139.937704086304 139.177473068238 138.417242050171 137.657011032105 136.896780014038 136.136548995972 135.376317977906 138.466383743286 142.839881769815 147.213379796345 151.586877822876 155.960375849405 160.333873875935 164.707371902465 168.513256327311 170.616299947103 172.719343566894 174.822387186686 176.925430806478
158.068310758803 157.589259211222 157.110207663642 156.631156116062 154.339948399862 151.444688627455 148.549428855049 145.654169082642 142.758909310235 139.863649537829 136.968389765422 134.173574299283 131.680091751947 129.186609204611 126.693126657275 124.199644109939 121.706161562602 119.212679015266 116.71919646793 118.39095694224 121.4511317571 124.51130657196 127.57148138682 130.63165620168 133.69183101654 136.7520058314 138.862759611342 138.125250286527 137.387740961711 136.650231636896 135.91272231208 135.175212987264 134.437703662449 133.700194337633 136.780962244669 141.13448922899 145.48801621331 149.841543197631 154.195070181952 158.548597166272 162.902124150594 166.694677564833 168.804310268826 170.913942972819 173.023575676812 175.133208380805
158.041031180488 157.889721806844 157.7384124332 157.587103059557 155.357166163127 152.434353425768 149.511540688409 146.58872795105 143.665915213691 140.743102476333 137.820289738973 134.939308950637 132.183824009366 129.428339068095 126.672854126825 123.917369185555 121.161884244284 118.406399303013 115.650914361743 117.186466916402 120.152365303039 123.118263689676 126.084162076314 129.050060462951 132.015958849589 134.981857236226 137.027584118314 136.312796486749 135.598008855184 134.88322122362 134.168433592055 133.45364596049 132.738858328926 132.024070697361 135.095540746053 139.429096688164 143.762652630275 148.096208572387 152.429764514499 156.76332045661 161.096876398722 164.876098802354 166.992320590549 169.108542378743 171.224764166938 173.340985955132
