data/working_set_collections/6091692-Cassins_Sparrow-MC/2010/bio11.asc
NCOLS 265 
NROWS 230 
XLLCORNER -115.5625 
YLLCORNER 24.8333333333333 
CELLSIZE 0.0833333333333333 
NODATA_value -9999 
[rows 80 to 99 of 230, columns 138 to 183 of 265]
2.3161124570502 2.45377018551032 2.59142791397041 2.7290856424305 2.79903033773105 2.84640402197838 2.89377770622571 2.94115139047304 2.98852507472037 3.0358987589677 3.08327244321503 3.12385788295002 3.14407858914797 3.16429929534592 3.18452000154387 3.20474070774182 3.22496141393977 3.24518212013772 3.26540282633567 3.27949591080346 3.29154645469452 3.30359699858558 3.31564754247664 3.3276980863677 3.33974863025876 3.35179917414982 3.35276053282949 3.32045433587498 3.28814813892046 3.25584194196595 3.22353574501143 3.19122954805691 3.1589233511024 3.12661715414789 3.0927012960116 3.05824888414806 3.02379647228452 2.98934406042098 2.95489164855744 2.9204392366939 2.88598682483036 2.85489685469202 2.83389420972929 2.81289156476655 2.79188891980381 2.77088627484108
2.1308858649598 2.28040193219979 2.42991799943975 2.57943406667972 2.67724026640256 2.75780984361966 2.83837942083675 2.91894899805386 2.99951857527095 3.08008815248805 3.16065772970515 3.22648606763944 3.24809068772526 3.26969530781109 3.29129992789691 3.31290454798273 3.33450916806855 3.35611378815437 3.37771840824019 3.38771843512852 3.39385026428433 3.39998209344015 3.40611392259597 3.41224575175178 3.4183775809076 3.42450941006342 3.42153558399942 3.39124479227596 3.36095400055249 3.33066320882903 3.30037241710557 3.2700816253821 3.23979083365864 3.20950004193518 3.18108291228612 3.15329033666186 3.12549776103761 3.09770518541335 3.0699126097891 3.04212003416485 3.01432745854059 2.98980865544742 2.97511116994751 2.96041368444759 2.94571619894768 2.93101871344777
1.94565927286941 2.10703367888928 2.26840808490911 2.42978249092895 2.55545019507408 2.66921566526094 2.7829811354478 2.89674660563467 3.01051207582153 3.12427754600839 3.23804301619526 3.32911425232885 3.35210278630254 3.37509132027624 3.39807985424993 3.42106838822362 3.44405692219732 3.46704545617101 3.4900339901447 3.49594095945356 3.49615407387414 3.49636718829471 3.49658030271529 3.49679341713586 3.49700653155643 3.49721964597701 3.49031063516934 3.46203524867693 3.43375986218452 3.40548447569211 3.3772090891997 3.34893370270728 3.32065831621487 3.29238292972246 3.26946452856063 3.24833178917566 3.22719904979069 3.20606631040572 3.18493357102075 3.16380083163578 3.14266809225081 3.1247204562028 3.11632813016571 3.10793580412862 3.09954347809153 3.09115115205444
1.76043268077901 1.93366542557875 2.10689817037846 2.28013091517817 2.43366012374559 2.58062148690222 2.72758285005884 2.87454421321549 3.02150557637211 3.16846693952874 3.31542830268538 3.43174243701827 3.45611488487983 3.4804873327414 3.50485978060296 3.52923222846453 3.5536046763261 3.57797712418766 3.60234957204922 3.60416348377862 3.59845788346395 3.59275228314928 3.58704668283461 3.58134108251994 3.57563548220528 3.5699298818906 3.55908568633927 3.53282570507791 3.50656572381655 3.48030574255519 3.45404576129383 3.42778578003247 3.40152579877111 3.37526581750975 3.35784614483514 3.34337324168946 3.32890033854378 3.31442743539809 3.2999545322524 3.28548162910672 3.27100872596103 3.2596322569582 3.25754509038393 3.25545792380967 3.2533707572354 3.25128359066113
1.70026145312516 1.87054947813349 2.04083750314178 2.21112552815009 2.37724846402801 2.54198303686244 2.70671760969687 2.87145218253133 3.03618675536576 3.20092132820019 3.36565590103464 3.49593287176555 3.52283703618578 3.54974120060602 3.57664536502625 3.60354952944648 3.63045369386672 3.65735785828695 3.68426202270718 3.68515081405639 3.67736781438191 3.66958481470743 3.66180181503295 3.65401881535847 3.646235815684 3.63845281600952 3.62662762204806 3.60267584522565 3.57872406840324 3.55477229158083 3.53082051475843 3.50686873793601 3.48291696111361 3.4589651842912 3.44232143362362 3.42811369167433 3.41390594972504 3.39969820777575 3.38549046582646 3.37128272387716 3.35707498192787 3.34662549694379 3.34745078285535 3.34827606876691 3.34910135467847 3.34992664059003
1.76514558990791 1.91768583655354 2.07022608319914 2.22276632984475 2.38621521592137 2.55330031514164 2.7203854143619 2.8874705135822 3.05455561280246 3.22164071202273 3.38872581124303 3.52168555657068 3.55226924022037 3.58285292387008 3.61343660751977 3.64402029116947 3.67460397481917 3.70518765846887 3.73577134211856 3.73890295028686 3.732883866628 3.72686478296915 3.72084569931029 3.71482661565144 3.70880753199259 3.70278844833373 3.6929364422957 3.67158566912015 3.65023489594459 3.62888412276903 3.60753334959347 3.58618257641791 3.56483180324236 3.5434810300668 3.52289039492606 3.50255313913027 3.48221588333447 3.46187862753867 3.44154137174288 3.42120411594708 3.40086686015129 3.38570017615953 3.38604520757992 3.38639023900031 3.3867352704207 3.38708030184109
1.83002972669067 1.9648221949736 2.0996146632565 2.23440713153941 2.39518196781473 2.56461759342084 2.73405321902694 2.90348884463307 3.07292447023917 3.24236009584528 3.41179572145141 3.54743824137581 3.58170144425497 3.61596464713413 3.6502278500133 3.68449105289246 3.71875425577162 3.75301745865079 3.78728066152995 3.79265508651733 3.7883999188741 3.78414475123087 3.77988958358764 3.77563441594441 3.77137924830118 3.76712408065795 3.75924526254336 3.74049549301465 3.72174572348594 3.70299595395723 3.68424618442853 3.66549641489982 3.64674664537111 3.62799687584241 3.6034593562285 3.57699258658621 3.55052581694391 3.52405904730161 3.49759227765931 3.47112550801701 3.44465873837471 3.42477485537528 3.4246396323045 3.42450440923372 3.42436918616294 3.42423396309216
1.89491386347343 2.01195855339366 2.12900324331387 2.24604793323407 2.40414871970809 2.57593487170003 2.74772102369197 2.91950717568394 3.09129332767588 3.26307947966782 3.43486563165979 3.57319092618093 3.61113364828956 3.64907637039819 3.68701909250682 3.72496181461545 3.76290453672408 3.8008472588327 3.83878998094133 3.8464072227478 3.84391597112019 3.84142471949259 3.83893346786498 3.83644221623738 3.83395096460978 3.83145971298217 3.82555408279101 3.80940531690915 3.79325655102729 3.77710778514544 3.76095901926358 3.74481025338172 3.72866148749987 3.71251272161801 3.68402831753095 3.65143203404215 3.61883575055334 3.58623946706454 3.55364318357574 3.52104690008694 3.48845061659813 3.46384953459103 3.46323405702908 3.46261857946713 3.46200310190518 3.46138762434323
1.95979800025618 2.05909491181371 2.15839182337122 2.25768873492874 2.41311547160146 2.58725214997923 2.76138882835701 2.93552550673482 3.10966218511259 3.28379886349037 3.45793554186818 3.59894361098606 3.64056585232415 3.68218809366225 3.72381033500034 3.76543257633843 3.80705481767653 3.84867705901462 3.89029930035271 3.90015935897826 3.89943202336628 3.8987046877543 3.89797735214232 3.89725001653034 3.89652268091837 3.89579534530639 3.89186290303865 3.87831514080365 3.86476737856864 3.85121961633363 3.83767185409863 3.82412409186362 3.81057632962862 3.79702856739361 3.76459727883338 3.72587148149808 3.68714568416277 3.64841988682746 3.60969408949216 3.57096829215686 3.53224249482155 3.50292421380678 3.50182848175366 3.50073274970054 3.49963701764742 3.4985412855943
2.02468213703894 2.10623127023377 2.18778040342858 2.2693295366234 2.42208222349482 2.59856942825843 2.77505663302204 2.95154383778569 3.1280310425493 3.30451824731292 3.48100545207656 3.62469629579119 3.66999805635874 3.71529981692631 3.76060157749386 3.80590333806142 3.85120509862898 3.89650685919654 3.9418086197641 3.95391149520873 3.95494807561238 3.95598465601602 3.95702123641967 3.95805781682331 3.95909439722696 3.96013097763061 3.9581717232863 3.94722496469815 3.93627820610999 3.92533144752184 3.91438468893368 3.90343793034553 3.89249117175737 3.88154441316922 3.84516624013582 3.80031092895402 3.75545561777221 3.7106003065904 3.66574499540859 3.62088968422678 3.57603437304497 3.54199889302253 3.54042290647824 3.53884691993395 3.53727093338966 3.53569494684537
2.16559951007362 2.24312947690483 2.32065944373603 2.39818941056723 2.54178241491312 2.70739643176391 2.87301044861469 3.0386244654655 3.20423848231628 3.36985249916706 3.53546651601788 3.6707833793428 3.71520878209006 3.75963418483733 3.80405958758459 3.84848499033184 3.89291039307911 3.93733579582637 3.98176119857363 3.99321782191594 3.99368485212326 3.99415188233057 3.99461891253789 3.99508594274521 3.99555297295252 3.99602000315984 3.99458220203718 3.98742990692457 3.98027761181195 3.97312531669935 3.96597302158674 3.95882072647412 3.95166843136151 3.9445161362489 3.90985045234362 3.86601363884078 3.82217682533794 3.7783400118351 3.73450319833226 3.69066638482942 3.64682957132657 3.61303731467988 3.60937872860166 3.60572014252344 3.60206155644522 3.598402970367
2.38255011936023 2.46978953182692 2.5570289442936 2.64426835676028 2.77221604585641 2.91373316049569 3.05525027513497 3.19676738977427 3.33828450441355 3.47980161905283 3.62131873369213 3.73720486164091 3.77619802951811 3.81519119739531 3.8541843652725 3.8931775331497 3.9321707010269 3.9711638689041 4.0101570367813 4.01807833909988 4.01564235289891 4.01320636669795 4.01077038049698 4.00833439429601 4.00589840809504 4.00346242189407 4.00109433929125 3.99892996748288 3.99676559567451 3.99460122386614 3.99243685205777 3.9902724802494 3.98810810844103 3.98594373663266 3.95864991545677 3.92297961115837 3.88730930685997 3.85163900256156 3.81596869826316 3.78029839396476 3.74462808966636 3.71603947877882 3.70869594812392 3.70135241746901 3.6940088868141 3.6866653561592
2.59950072864686 2.69644958674903 2.79339844485118 2.89034730295334 3.00264967679972 3.12006988922749 3.23749010165526 3.35491031408306 3.47233052651083 3.5897507389386 3.70717095136639 3.80362634393902 3.83718727694616 3.87074820995329 3.90430914296043 3.93787007596756 3.9714310089747 4.00499194198183 4.03855287498897 4.04293885628382 4.03759985367457 4.03226085106532 4.02692184845606 4.02158284584681 4.01624384323756 4.01090484062831 4.00760647654533 4.0104300280412 4.01325357953707 4.01607713103294 4.01890068252881 4.02172423402468 4.02454778552055 4.02737133701642 4.00744937856992 3.97994558347596 3.952441788382 3.92493799328803 3.89743419819407 3.86993040310011 3.84242660800615 3.81904164287778 3.80801316764619 3.79698469241459 3.785956217183 3.7749277419514
2.81645133793349 2.92310964167114 3.02976794540877 3.1364262491464 3.23308330774303 3.3264066179593 3.41972992817556 3.51305323839184 3.60637654860811 3.69969985882437 3.79302316904065 3.87004782623713 3.8981765243742 3.92630522251128 3.95443392064835 3.98256261878542 4.0106913169225 4.03882001505957 4.06694871319664 4.06779937346776 4.05955735445022 4.05131533543269 4.04307331641515 4.03483129739761 4.02658927838008 4.01834725936254 4.01411861379941 4.02193008859952 4.02974156339963 4.03755303819974 4.04536451299985 4.05317598779996 4.06098746260007 4.06879893740018 4.05624884168307 4.03691155579355 4.01757426990403 3.99823698401451 3.97889969812499 3.95956241223547 3.94022512634594 3.92204380697673 3.90733038716845 3.89261696736017 3.87790354755189 3.86319012774361
3.0334019472201 3.14976969659323 3.26613744596634 3.38250519533945 3.46351693868632 3.53274334669108 3.60196975469584 3.67119616270061 3.74042257070538 3.80964897871014 3.87887538671491 3.93646930853524 3.95916577180225 3.98186223506926 4.00455869833627 4.02725516160328 4.04995162487029 4.0726480881373 4.09534455140431 4.0926598906517 4.08151485522588 4.07036981980006 4.05922478437424 4.04807974894842 4.03693471352259 4.02578967809677 4.02063075105349 4.03343014915784 4.04622954726219 4.05902894536653 4.07182834347088 4.08462774157523 4.09742713967958 4.11022653778393 4.10504830479621 4.09387752811113 4.08270675142605 4.07153597474097 4.06036519805589 4.04919442137081 4.03802364468573 4.02504597107568 4.00664760669071 3.98824924230574 3.96985087792077 3.95145251353581
3.25035255650673 3.37642975151533 3.50250694652392 3.62858414153251 3.69395056962963 3.73908007542288 3.78420958121614 3.8293390870094 3.87446859280265 3.91959809859591 3.96472760438917 4.00289079083335 4.0201550192303 4.03741924762725 4.05468347602419 4.07194770442114 4.08921193281809 4.10647616121503 4.12374038961198 4.11752040783564 4.10347235600154 4.08942430416743 4.07537625233332 4.06132820049922 4.04728014866511 4.033232096831 4.02714288830757 4.04493020971615 4.06271753112475 4.08050485253333 4.09829217394192 4.11607949535051 4.1338668167591 4.15165413816769 4.15384776790936 4.15084350042872 4.14783923294808 4.14483496546744 4.1418306979868 4.13882643050616 4.13582216302552 4.12804813517464 4.10596482621298 4.08388151725132 4.06179820828967 4.03971489932801
3.49077356391476 3.61473979155218 3.73870601918957 3.86267224682696 3.91376971403755 3.94057759443916 3.96738547484077 3.99419335524239 4.021001235644 4.04780911604561 4.07461699644722 4.09825607538222 4.11238874991733 4.12652142445245 4.14065409898756 4.15478677352268 4.16891944805779 4.18305212259291 4.19718479712802 4.18836409648258 4.17189227077695 4.15542044507132 4.13894861936568 4.12247679366005 4.10600496795442 4.08953314224878 4.08138435019386 4.09820465909109 4.11502496798832 4.13184527688555 4.14866558578278 4.16548589468001 4.18230620357724 4.19912651247447 4.20407924254735 4.2050761130121 4.20607298347684 4.20706985394159 4.20806672440634 4.20906359487109 4.21006046533584 4.20559208525552 4.18472795353995 4.16386382182439 4.14299969010883 4.12213555839326
3.7546649694442 3.86469981670373 3.97473466396325 4.08476951122277 4.12297437191006 4.13723590373989 4.15149743556973 4.16575896739957 4.1800204992294 4.19428203105924 4.20854356288907 4.22256516218183 4.23586696386335 4.24916876554487 4.26247056722639 4.2757723689079 4.28907417058942 4.30237597227094 4.31567777395246 4.30519095659254 4.28677459955214 4.26835824251174 4.24994188547133 4.23152552843092 4.21310917139052 4.19469281435011 4.18335513671237 4.19325349728264 4.20315185785292 4.21305021842319 4.22294857899346 4.23284693956374 4.24274530013401 4.25264366070428 4.25574272871017 4.25657536586125 4.25740800301233 4.25824064016341 4.2590732773145 4.25990591446558 4.26073855161666 4.2576778213183 4.24293698867162 4.22819615602493 4.21345532337824 4.19871449073155
4.01855637497366 4.11465984185532 4.21076330873696 4.3068667756186 4.33217902978258 4.33389421304064 4.3356093962987 4.33732457955676 4.33903976281482 4.34075494607287 4.34247012933093 4.34687424898145 4.35934517780938 4.3718161066373 4.38428703546522 4.39675796429314 4.40922889312106 4.42169982194899 4.43417075077691 4.42201781670251 4.40165692832734 4.38129603995216 4.36093515157698 4.34057426320181 4.32021337482663 4.29985248645145 4.2853259232309 4.28830233547421 4.29127874771753 4.29425515996084 4.29723157220415 4.30020798444747 4.30318439669078 4.3061608089341 4.30740621487299 4.3080746187104 4.30874302254782 4.30941142638524 4.31007983022265 4.31074823406007 4.31141663789748 4.30976355738109 4.30114602380328 4.29252849022547 4.28391095664765 4.27529342306984
4.28244778050311 4.3646198670069 4.44679195351066 4.52896404001443 4.54138368765511 4.53055252234139 4.51972135702767 4.50889019171395 4.49805902640023 4.48722786108651 4.47639669577279 4.47118333578108 4.4828233917554 4.49446344772973 4.50610350370405 4.51774355967838 4.5293836156527 4.54102367162703 4.55266372760135 4.53884467681248 4.51653925710253 4.49423383739259 4.47192841768264 4.44962299797269 4.42731757826275 4.4050121585528 4.38729670974942 4.38335117366578 4.37940563758213 4.37546010149849 4.37151456541485 4.3675690293312 4.36362349324756 4.35967795716391 4.35906970103581 4.35957387155956 4.36007804208331 4.36058221260706 4.36108638313081 4.36159055365456 4.36209472417831 4.36184929344389 4.35935505893495 4.35686082442601 4.35436658991707 4.35187235540813
