data/working_set_collections/6091692-Cassins_Sparrow-MC/2010/bio1.asc
NCOLS 265 
NROWS 230 
XLLCORNER -115.5625 
YLLCORNER 24.8333333333333 
CELLSIZE 0.0833333333333333 
NODATA_value -9999 
[rows 20 to 39 of 230, columns 184 to 229 of 265]
11.0662086804708 11.0639225112067 11.0616363419427 11.0461645921071 11.0262976487478 11.0064307053884 10.986563762029 10.9666968186696 10.9468298753103 10.9269629319509 10.9122918023003 10.9132081137763 10.9141244252523 10.9150407367282 10.9159570482042 10.9168733596802 10.9177896711561 10.9187059826321 10.9117298920949 10.9021230008867 10.8925161096785 10.8829092184703 10.873302327262 10.8636954360538 10.8540885448456 10.8385188500087 10.8050607442856 10.7716026385625 10.7381445328395 10.7046864271164 10.6712283213933 10.6377702156703 10.6043121099472 10.5981054147084 10.6009825229645 10.6038596312205 10.6067367394765 10.6096138477325 10.6124909559886 10.6153680642446 10.6143404881159 10.6015988588333 10.5888572295507 10.576115600268 10.5633739709854 10.5506323417028
11.1055961290995 11.1047138108147 11.10383149253 11.0874940077464 11.0660048007965 11.0445155938466 11.0230263868968 11.0015371799469 10.980047972997 10.9585587660472 10.9422211752997 10.9413384331597 10.9404556910197 10.9395729488797 10.9386902067396 10.9378074645996 10.9369247224596 10.9360419803196 10.9255585829417 10.9118749671512 10.8981913513607 10.8845077355703 10.8708241197798 10.8571405039893 10.8434568881989 10.8268445571264 10.8014460802078 10.7760476032893 10.7506491263708 10.7252506494522 10.6998521725337 10.6744536956151 10.6490552186966 10.6432405630747 10.6439538478851 10.6446671326955 10.6453804175059 10.6460937023163 10.6468069871267 10.647520271937 10.6463171720505 10.639364918073 10.6324126640956 10.6254604101181 10.6185081561406 10.6115559021632
11.1449835777283 11.1455051104228 11.1460266431173 11.1288234233856 11.1057119528453 11.0826004823049 11.0594890117645 11.0363775412242 11.0132660706838 10.9901546001434 10.9721505482991 10.9694687525431 10.9667869567871 10.9641051610311 10.9614233652751 10.958741569519 10.956059773763 10.953377978007 10.9393872737885 10.9216269334157 10.903866593043 10.8861062526703 10.8683459122976 10.8505855719249 10.8328252315521 10.8151702642441 10.7978314161301 10.7804925680161 10.763153719902 10.745814871788 10.728476023674 10.71113717556 10.693798327446 10.688375711441 10.6869251728058 10.6854746341705 10.6840240955353 10.6825735569 10.6811230182648 10.6796724796295 10.678293855985 10.6771309773127 10.6759680986404 10.6748052199682 10.6736423412959 10.6724794626236
11.184371026357 11.1862964100308 11.1882217937046 11.1701528390249 11.145419104894 11.1206853707631 11.0959516366323 11.0712179025014 11.0464841683706 11.0217504342397 11.0020799212986 10.9975990719265 10.9931182225545 10.9886373731825 10.9841565238105 10.9796756744385 10.9751948250665 10.9707139756944 10.9532159646352 10.9313788996802 10.9095418347253 10.8877047697703 10.8658677048153 10.8440306398604 10.8221935749054 10.8034959713618 10.7942167520523 10.7849375327428 10.7756583134333 10.7663790941238 10.7570998748143 10.7478206555049 10.7385414361954 10.7335108598073 10.7298964977264 10.7262821356455 10.7226677735647 10.7190534114838 10.7154390494029 10.711824687322 10.7102705399195 10.7148970365524 10.7195235331853 10.7241500298182 10.7287765264511 10.733403023084
11.2183927297592 11.2195516029994 11.2207104762395 11.2031159877777 11.1792703787486 11.1554247697194 11.1315791606903 11.1077335516612 11.083887942632 11.0600423336029 11.0408865080939 11.0358000331455 11.030713558197 11.0256270832486 11.0205406083001 11.0154541333516 11.0103676584032 11.0052811834547 10.9875727732976 10.9656570514043 10.943741329511 10.9218256076177 10.8999098857244 10.8779941638311 10.8560784419378 10.8386133088006 10.8344999419318 10.8303865750631 10.8262732081943 10.8221598413255 10.8180464744568 10.813933107588 10.8098197407193 10.8045591115951 10.7989160617192 10.7932730118434 10.7876299619675 10.7819869120916 10.7763438622157 10.7707008123398 10.7682100640403 10.77517622047 10.7821423768997 10.7891085333294 10.7960746897591 10.8030408461889
11.2470486879349 11.2452706893285 11.2434926907221 11.2277128696442 11.207265774409 11.1868186791738 11.1663715839386 11.1459244887034 11.1254773934682 11.105030298233 11.0885703086853 11.0840716361999 11.0795729637146 11.0750742912292 11.0705756187439 11.0660769462585 11.0615782737732 11.0570796012878 11.0424576997757 11.0244613885879 11.0064650774002 10.9884687662125 10.9704724550247 10.952476143837 10.9344798326492 10.9205222765605 10.9186809857686 10.9168396949768 10.914998404185 10.9131571133931 10.9113158226013 10.9094745318095 10.9076332410176 10.9015204668045 10.8939838647842 10.886447262764 10.8789106607437 10.8713740587234 10.8638374567032 10.8563008546829 10.8521124283473 10.8579685290654 10.8638246297836 10.8696807305018 10.87553683122 10.8813929319382
11.2757046461105 11.2709897756577 11.2662749052048 11.2523097515106 11.2352611700694 11.2182125886281 11.2011640071869 11.1841154257456 11.1670668443044 11.1500182628632 11.1362541092767 11.1323432392544 11.1284323692322 11.1245214992099 11.1206106291877 11.1166997591654 11.1127888891432 11.108878019121 11.0973426262538 11.0832657257716 11.0691888252894 11.0551119248072 11.041035024325 11.0269581238429 11.0128812233607 11.0024312443203 11.0028620296054 11.0032928148905 11.0037236001756 11.0041543854607 11.0045851707458 11.0050159560309 11.005446741316 10.9984818220138 10.9890516678492 10.9796215136846 10.9701913595199 10.9607612053553 10.9513310511907 10.9419008970261 10.9360147926542 10.9407608376609 10.9455068826675 10.9502529276742 10.9549989726808 10.9597450176875
11.3043606042862 11.2967088619868 11.2890571196874 11.2769066333771 11.2632565657298 11.2496064980825 11.2359564304352 11.2223063627879 11.2086562951406 11.1950062274933 11.183937909868 11.1806148423089 11.1772917747498 11.1739687071906 11.1706456396315 11.1673225720723 11.1639995045132 11.1606764369541 11.1522275527318 11.1420700629552 11.1319125731786 11.121755083402 11.1115975936254 11.1014401038488 11.0912826140722 11.0843402120802 11.0870430734422 11.0897459348043 11.0924487961663 11.0951516575283 11.0978545188904 11.1005573802524 11.1032602416144 11.0954431772232 11.0841194709142 11.0727957646052 11.0614720582962 11.0501483519872 11.0388246456782 11.0275009393692 11.0199171569612 11.0235531462563 11.0271891355514 11.0308251248466 11.0344611141417 11.0380971034368
11.3330165624619 11.3224279483159 11.31183933417 11.3015035152435 11.2912519613902 11.2810004075368 11.2707488536835 11.2604972998301 11.2502457459768 11.2399941921234 11.2316217104594 11.2288864453634 11.2261511802673 11.2234159151713 11.2206806500753 11.2179453849792 11.2152101198832 11.2124748547872 11.2071124792099 11.2008744001388 11.1946363210678 11.1883982419968 11.1821601629257 11.1759220838547 11.1696840047836 11.1662491798401 11.171224117279 11.176199054718 11.181173992157 11.1861489295959 11.1911238670349 11.1960988044739 11.2010737419128 11.1924045324325 11.1791872739792 11.1659700155258 11.1527527570724 11.1395354986191 11.1263182401657 11.1131009817123 11.1038195212682 11.1063454548518 11.1088713884353 11.1113973220189 11.1139232556025 11.1164491891861
11.3616725206375 11.3481470346451 11.3346215486527 11.32610039711 11.3192473570506 11.3123943169912 11.3055412769318 11.2986882368724 11.2918351968129 11.2849821567535 11.2793055110507 11.2771580484178 11.2750105857849 11.272863123152 11.2707156605191 11.2685681978861 11.2664207352532 11.2642732726203 11.261997405688 11.2596787373225 11.257360068957 11.2550414005915 11.252722732226 11.2504040638606 11.2480853954951 11.2481581475999 11.2554051611158 11.2626521746317 11.2698991881476 11.2771462016635 11.2843932151794 11.2916402286953 11.2988872422112 11.2893658876419 11.2742550770442 11.2591442664464 11.2440334558487 11.2289226452509 11.2138118346532 11.1987010240555 11.1877218855752 11.1891377634472 11.1905536413193 11.1919695191913 11.1933853970633 11.1948012749354
11.4205544869105 11.4050209654702 11.3894874440299 11.3813464562098 11.3756696462631 11.3699928363164 11.3643160263697 11.358639216423 11.3529624064763 11.3472855965296 11.3425406561957 11.3405913247002 11.3386419932047 11.3366926617092 11.3347433302138 11.3327939987183 11.3308446672228 11.3288953357273 11.3281530380249 11.3278130849202 11.3274731318156 11.3271331787109 11.3267932256063 11.3264532725016 11.326113319397 11.3276577340232 11.3348552518421 11.3420527696609 11.3492502874798 11.3564478052987 11.3636453231176 11.3708428409364 11.3780403587553 11.3695727030436 11.3558833228217 11.3421939425998 11.3285045623779 11.314815182156 11.3011258019341 11.2874364217122 11.2773689746857 11.2781673272451 11.2789656798045 11.2797640323639 11.2805623849233 11.2813607374827
11.5096624612808 11.4930497407913 11.4764370203018 11.467241692543 11.4605188290278 11.4537959655126 11.4470731019974 11.4403502384821 11.4336273749669 11.4269045114517 11.4213271458944 11.4191862742106 11.4170454025268 11.4149045308431 11.4127636591593 11.4106227874756 11.4084819157918 11.4063410441081 11.4055793762207 11.4052774429321 11.4049755096435 11.404673576355 11.4043716430664 11.4040697097778 11.4037677764892 11.4047479391098 11.4095743894577 11.4144008398056 11.4192272901535 11.4240537405014 11.4288801908493 11.4337066411972 11.4385330915451 11.4330249786377 11.4240720113118 11.415119043986 11.4061660766601 11.3972131093343 11.3882601420085 11.3793071746826 11.3727607885996 11.3734341462453 11.374107503891 11.3747808615366 11.3754542191823 11.376127576828
11.5987704356511 11.5810785161124 11.5633865965737 11.5531369288762 11.5453680117925 11.5375990947088 11.529830177625 11.5220612605413 11.5142923434575 11.5065234263738 11.500113635593 11.497781223721 11.4954488118489 11.4931163999769 11.4907839881049 11.4884515762329 11.4861191643609 11.4837867524889 11.4830057144165 11.482741800944 11.4824778874715 11.482213973999 11.4819500605265 11.481686147054 11.4814222335815 11.4818381441964 11.4842935270733 11.4867489099502 11.4892042928272 11.4916596757041 11.494115058581 11.496570441458 11.4990258243349 11.4964772542318 11.492260699802 11.4880441453722 11.4838275909424 11.4796110365126 11.4753944820828 11.471177927653 11.4681526025136 11.4687009652456 11.4692493279775 11.4697976907094 11.4703460534414 11.4708944161733
11.6878784100215 11.6691072914335 11.6503361728456 11.6390321652094 11.6302171945572 11.6214022239049 11.6125872532527 11.6037722826004 11.5949573119481 11.5861423412959 11.5789001252916 11.5763761732313 11.5738522211711 11.5713282691108 11.5688043170505 11.5662803649902 11.56375641293 11.5612324608697 11.5604320526123 11.5602061589559 11.5599802652995 11.5597543716431 11.5595284779866 11.5593025843302 11.5590766906738 11.558928349283 11.5590126646889 11.5590969800949 11.5591812955009 11.5592656109068 11.5593499263128 11.5594342417187 11.5595185571247 11.5599295298258 11.5604493882921 11.5609692467583 11.5614891052246 11.5620089636909 11.5625288221571 11.5630486806234 11.5635444164276 11.5639677842458 11.564391152064 11.5648145198822 11.5652378877004 11.5656612555186
11.7769863843918 11.7571360667546 11.7372857491175 11.7249274015427 11.7150663773219 11.7052053531011 11.6953443288803 11.6854833046595 11.6756222804387 11.6657612562179 11.6576866149902 11.6549711227417 11.6522556304932 11.6495401382446 11.6468246459961 11.6441091537475 11.641393661499 11.6386781692505 11.6378583908081 11.6376705169678 11.6374826431274 11.6372947692871 11.6371068954468 11.6369190216064 11.6367311477661 11.6360185543696 11.6337318023046 11.6314450502396 11.6291582981745 11.6268715461095 11.6245847940445 11.6222980419795 11.6200112899144 11.6233818054199 11.6286380767822 11.6338943481445 11.6391506195068 11.6444068908691 11.6496631622314 11.6549194335937 11.6589362303416 11.659234603246 11.6595329761505 11.659831349055 11.6601297219594 11.6604280948639
11.8660943587621 11.8451648420758 11.8242353253894 11.8108226378759 11.7999155600866 11.7890084822973 11.7781014045079 11.7671943267186 11.7562872489293 11.74538017114 11.7364731046888 11.7335660722521 11.7306590398153 11.7277520073785 11.7248449749417 11.7219379425049 11.7190309100681 11.7161238776313 11.7152847290039 11.7151348749796 11.7149850209554 11.7148351669311 11.7146853129069 11.7145354588826 11.7143856048584 11.7131087594562 11.7084509399202 11.7037931203842 11.6991353008482 11.6944774813122 11.6898196617762 11.6851618422402 11.6805040227042 11.686834081014 11.6968267652723 11.7068194495307 11.716812133789 11.7268048180474 11.7367975023058 11.7467901865641 11.7543280442556 11.7545014222463 11.754674800237 11.7548481782277 11.7550215562185 11.7551949342092
11.9684548298518 11.9469994571474 11.925544084443 11.9102500359217 11.8970097621282 11.8837694883346 11.8705292145411 11.8572889407476 11.844048666954 11.8308083931605 11.8196242252986 11.8146083752314 11.8095925251643 11.8045766750971 11.79956082503 11.7945449749629 11.7895291248957 11.7845132748286 11.7833277463913 11.7834189918306 11.7835102372699 11.7836014827092 11.7836927281486 11.7837839735879 11.7838752190272 11.7826490031348 11.7774704032474 11.77229180336 11.7671132034726 11.7619346035851 11.7567560036977 11.7515774038103 11.7463988039229 11.7548600355784 11.7678678777483 11.7808757199181 11.793883562088 11.8068914042579 11.8198992464277 11.8329070885976 11.8426066981421 11.8423816098107 11.8421565214793 11.8419314331478 11.8417063448164 11.841481256485
12.0840677976608 12.0626399119695 12.0412120262782 12.0232095956802 12.0063489834467 11.9894883712133 11.9726277589798 11.9557671467463 11.9389065345128 11.9220459222793 11.9071399768193 11.8980980316798 11.8890560865402 11.8800141414006 11.8709721962611 11.8619302511215 11.8528883059819 11.8438463608424 11.8419874429703 11.8425228675206 11.843058292071 11.8435937166214 11.8441291411718 11.8446645657221 11.8451999902725 11.8446392854055 11.8407901922862 11.8369410991669 11.8330920060476 11.8292429129283 11.8253938198089 11.8215447266896 11.8176956335703 11.8274596691131 11.84176141421 11.8560631593068 11.8703649044037 11.8846666495005 11.8989683945974 11.9132701396942 11.9237721920013 11.9228751659393 11.9219781398773 11.9210811138153 11.9201840877533 11.9192870616913
12.1996807654699 12.1782803667916 12.1568799681134 12.1361691554387 12.1156882047653 12.0952072540919 12.0747263034185 12.054245352745 12.0337644020716 12.0132834513982 11.9946557283401 11.9815876881281 11.9685196479161 11.9554516077042 11.9423835674922 11.9293155272802 11.9162474870682 11.9031794468562 11.9006471395492 11.9016267432107 11.9026063468721 11.9035859505335 11.904565554195 11.9055451578564 11.9065247615178 11.9066295676761 11.9041099813249 11.9015903949737 11.8990708086226 11.8965512222714 11.8940316359202 11.891512049569 11.8889924632178 11.9000593026479 11.9156549506717 11.9312505986955 11.9468462467193 11.9624418947432 11.978037542767 11.9936331907908 12.0049376858605 12.0033687220679 12.0017997582753 12.0002307944827 11.9986618306902 11.9970928668976
12.3152937332789 12.2939208216137 12.2725479099486 12.2491287151972 12.2250274260839 12.2009261369705 12.1768248478571 12.1527235587438 12.1286222696304 12.1045209805171 12.0821714798609 12.0650773445765 12.0479832092921 12.0308890740077 12.0137949387232 11.9967008034388 11.9796066681544 11.96251253287 11.9593068361282 11.9607306189007 11.9621544016732 11.9635781844457 11.9650019672182 11.9664257499907 11.9678495327632 11.9686198499468 11.9674297703637 11.9662396907806 11.9650496111976 11.9638595316145 11.9626694520314 11.9614793724484 11.9602892928653 11.9726589361826 11.9895484871334 12.0064380380842 12.023327589035 12.0402171399858 12.0571066909366 12.0739962418874 12.0861031797197 12.0838622781965 12.0816213766734 12.0793804751502 12.077139573627 12.0748986721039
