data/working_set_collections/6091692-Cassins_Sparrow-MC/2010/bio16.asc
NCOLS 265 
NROWS 230 
XLLCORNER -115.5625 
YLLCORNER 24.8333333333333 
CELLSIZE 0.0833333333333333 
NODATA_value -9999 
[rows 100 to 119 of 230, columns 46 to 91 of 265]
188.332913780212 184.953358777363 181.573803774514 178.194248771666 174.814693768818 171.435138765969 165.542159843444 158.811372947693 152.08058605194 145.349799156189 138.619012260437 131.888225364685 125.157438468934 119.530674616496 117.215979894002 114.901285171509 112.586590449016 110.271895726522 107.957201004029 105.642506281535 103.327811559042 104.651600837707 107.18821811676 109.724835395813 112.261452674865 114.798069953918 117.334687232971 119.871304512024 122.830443636575 127.057148297627 131.283852958678 135.51055761973 139.737262280781 143.963966941832 148.190671602884 152.417376263935 154.741049957275 156.430379994709 158.119710032145 159.809040069579 161.498370107014 163.187700144449 164.877030181884 166.010324478149 165.475511550903 164.940698623657
196.841468493143 194.380675527784 191.919882562424 189.459089597065 186.998296631706 184.537503666346 177.839299964904 169.728626018101 161.617952071295 153.507278124492 145.396604177688 137.285930230883 129.175256284079 122.429812579685 119.780059602525 117.130306625366 114.480553648207 111.830800671048 109.181047693889 106.53129471673 103.88154173957 105.047538820902 107.485452588399 109.923366355896 112.361280123392 114.799193890889 117.237107658386 119.675021425883 122.64663435618 127.219344774881 131.792055193582 136.364765612283 140.937476030985 145.510186449686 150.082896868387 154.655607287088 157.143785858154 158.937120480007 160.73045510186 162.523789723713 164.317124345567 166.11045896742 167.903793589273 169.131653637356 168.663089964124 168.194526290893
202.989034144084 200.987731552124 198.986428960164 196.985126368205 194.983823776245 192.982521184285 185.991442171734 177.337104352317 168.682766532898 160.028428713482 151.374090894065 142.719753074646 134.06541525523 126.83316684299 123.867186652289 120.901206461588 117.935226270888 114.969246080186 112.003265889486 109.037285698785 106.071305508084 107.058549308776 109.363534439934 111.668519571092 113.973504702249 116.278489833407 118.583474964565 120.888460095723 123.81517478095 128.60707812839 133.398981475829 138.190884823268 142.982788170708 147.774691518147 152.566594865586 157.358498213025 159.893875376383 161.677077145046 163.460278913709 165.243480682372 167.026682451036 168.809884219699 170.593085988362 171.827895482381 171.417528152466 171.00716082255
206.775610733032 204.774526850382 202.773442967732 200.772359085083 198.771275202433 196.770191319783 189.998586463929 181.636807950339 173.275029436747 164.913250923157 156.551472409567 148.189693895976 139.827915382386 132.740737406412 129.477361043294 126.213984680175 122.950608317057 119.687231953938 116.42385559082 113.160479227702 109.897102864583 110.68463230133 112.822463671365 114.960295041401 117.098126411437 119.235957781473 121.373789151509 123.511620521545 126.336064910887 131.220348358153 136.104631805419 140.988915252684 145.87319869995 150.757482147215 155.641765594481 160.526049041747 162.991318511962 164.650249989827 166.309181467691 167.968112945556 169.62704442342 171.285975901285 172.94490737915 174.099050013224 173.738826115926 173.378602218628
210.562187321981 208.561322148641 206.560456975301 204.559591801961 202.558726628621 200.557861455281 194.005730756125 185.936511548361 177.867292340597 169.798073132834 161.72885392507 153.659634717306 145.590415509542 138.648307969835 135.087535434299 131.526762898763 127.965990363227 124.405217827691 120.844445292155 117.283672756619 113.722900221083 114.310715293883 116.281392902797 118.252070511711 120.222748120625 122.193425729539 124.164103338453 126.134780947367 128.856955040824 133.833618587917 138.810282135009 143.7869456821 148.763609229193 153.740272776285 158.716936323376 163.693599870469 166.088761647542 167.623422834608 169.158084021674 170.69274520874 172.227406395806 173.762067582872 175.296728769938 176.370204544067 176.060124079386 175.750043614705
214.348763910929 212.348117446899 210.347470982869 208.346824518839 206.34617805481 204.345531590779 198.01287504832 190.236215146384 182.459555244446 174.68289534251 166.906235440573 159.129575538636 151.352915636699 144.555878533258 140.697709825304 136.83954111735 132.981372409397 129.123203701443 125.26503499349 121.406866285536 117.548697577582 117.936798286437 119.740322134229 121.543845982021 123.347369829813 125.150893677605 126.954417525397 128.757941373189 131.377845170761 136.44688881768 141.515932464598 146.584976111517 151.654019758435 156.723063405354 161.792107052272 166.861150699191 169.186204783121 170.596595679388 172.006986575656 173.417377471923 174.827768368191 176.238159264458 177.648550160725 178.64135907491 178.381422042846 178.121485010783
218.135340499878 216.134912745158 214.134484990437 212.134057235717 210.133629480998 208.133201726277 202.020019340516 194.535918744406 187.051818148295 179.567717552185 172.083616956076 164.599516359965 157.115415763855 150.46344909668 146.307884216308 142.152319335937 137.996754455567 133.841189575195 129.685624694824 125.530059814453 121.374494934082 121.562881278991 123.199251365661 124.835621452331 126.471991539001 128.10836162567 129.744731712341 131.381101799011 133.898735300698 139.060159047444 144.221582794188 149.383006540933 154.544430287678 159.705854034422 164.867277781167 170.028701527912 172.2836479187 173.569768524169 174.855889129638 176.142009735107 177.428130340575 178.714250946044 180.000371551513 180.912513605753 180.702720006307 180.49292640686
221.921917088826 219.921708043416 217.921498998006 215.921289952596 213.921080907186 211.920871861775 206.027163632711 198.835622342429 191.644081052145 184.452539761862 177.260998471579 170.069457181295 162.877915891012 156.371019660102 151.918058607313 147.465097554525 143.012136501736 138.559175448947 134.106214396159 129.653253343371 125.200292290582 125.188964271545 126.658180597093 128.127396922641 129.596613248189 131.065829573736 132.535045899285 134.004262224833 136.419625430635 141.673429277207 146.927233123778 152.181036970349 157.434840816921 162.688644663492 167.942448510062 173.196252356634 175.38109105428 176.54294136895 177.70479168362 178.86664199829 180.028492312961 181.190342627631 182.352192942301 183.183668136596 183.024017969767 182.864367802938
221.530119450888 219.724104944866 217.918090438843 216.112075932821 214.306061426799 212.500046920777 207.229744338991 200.804679065282 194.379613791572 187.954548517864 181.529483244155 175.104417970446 168.679352696737 162.745725101895 158.286410543653 153.827095985413 149.367781427172 144.90846686893 140.449152310689 135.989837752448 131.530523194207 131.42516740163 132.77113119761 134.11709499359 135.46305878957 136.80902258555 138.15498638153 139.500950177509 141.791462156506 146.915618684555 152.039775212604 157.163931740653 162.288088268702 167.412244796751 172.5364013248 177.66055785285 179.716651407877 180.750057305229 181.783463202582 182.816869099934 183.850274997287 184.883680894639 185.917086791991 186.650679270426 186.484831492106 186.318983713785
216.959947586061 215.542103449505 214.124259312948 212.706415176392 211.288571039836 209.87072690328 205.627761459352 200.443088912965 195.258416366578 190.073743820191 184.889071273804 179.704398727417 174.51972618103 169.587565422058 165.412940025329 161.2383146286 157.063689231872 152.889063835143 148.714438438415 144.539813041687 140.365187644957 140.271490669249 141.538103167214 142.80471566518 144.071328163145 145.337940661111 146.604553159076 147.871165657042 150.01424547831 154.786727269489 159.559209060667 164.331690851845 169.104172643024 173.876654434202 178.64913622538 183.421618016559 185.290328979491 186.191116333007 187.091903686522 187.992691040038 188.893478393554 189.794265747069 190.695053100585 191.313547007242 191.085160573323 190.856774139404
212.389775721233 211.360101954143 210.330428187053 209.300754419963 208.271080652873 207.241406885783 204.025778579713 200.081498760648 196.137218941583 192.192939122518 188.248659303454 184.304379484388 180.360099665324 176.429405742221 172.539469507005 168.649533271789 164.759597036573 160.869660801357 156.979724566141 153.089788330926 149.199852095709 149.117813936868 150.305075136819 151.49233633677 152.679597536721 153.866858736672 155.054119936624 156.241381136575 158.237028800114 162.657835854423 167.07864290873 171.499449963038 175.920257017346 180.341064071654 184.761871125961 189.182678180269 190.864006551106 191.632175360785 192.400344170464 193.168512980142 193.936681789821 194.7048505995 195.473019409179 195.976414744059 195.68548965454 195.394564565022
207.819603856405 207.178100458782 206.536597061158 205.895093663534 205.25359026591 204.612086868286 202.423795700074 199.719908608331 197.016021516588 194.312134424846 191.608247333103 188.90436024136 186.200473149617 183.271246062385 179.665998988681 176.060751914978 172.455504841275 168.850257767571 165.245010693868 161.639763620165 158.034516546461 157.964137204487 159.072047106424 160.179957008361 161.287866910298 162.395776812234 163.503686714171 164.611596616108 166.459812121919 170.528944439357 174.598076756794 178.667209074231 182.736341391668 186.805473709105 190.874606026542 194.943738343979 196.437684122721 197.073234388563 197.708784654405 198.344334920247 198.979885186089 199.615435451931 200.250985717773 200.639282480875 200.285818735758 199.932354990641
203.249431991578 202.99609896342 202.742765935263 202.489432907105 202.236099878948 201.98276685079 200.821812820435 199.358318456014 197.894824091593 196.431329727173 194.967835362752 193.504340998331 192.04084663391 190.113086382548 186.792528470356 183.471970558166 180.151412645975 176.830854733784 173.510296821593 170.189738909403 166.869180997212 166.810460472105 167.839019076028 168.86757767995 169.896136283873 170.924694887795 171.953253491718 172.98181209564 174.682595443723 178.40005302429 182.117510604856 185.834968185423 189.55242576599 193.269883346556 196.987340927122 200.704798507689 202.011361694335 202.51429341634 203.017225138345 203.520156860351 204.023088582356 204.526020304361 205.028952026366 205.302150217691 204.886147816975 204.470145416259
198.67926012675 198.814097468059 198.948934809367 199.083772150676 199.218609491984 199.353446833293 199.219829940796 198.996728303697 198.773626666599 198.5505250295 198.327423392401 198.104321755303 197.881220118204 196.954926702711 193.919057952032 190.883189201354 187.847320450676 184.811451699998 181.77558294932 178.739714198642 175.703845447963 175.656783739724 176.605991045632 177.555198351541 178.504405657449 179.453612963357 180.402820269265 181.352027575174 182.905378765528 186.271161609224 189.63694445292 193.002727296616 196.368510140312 199.734292984007 203.100075827703 206.465858671399 207.58503926595 207.955352444118 208.325665622287 208.695978800455 209.066291978623 209.436605156792 209.80691833496 209.965017954508 209.486476898193 209.007935841878
193.022126515707 193.591448889839 194.160771263971 194.730093638103 195.299416012235 195.868738386367 196.502586110433 197.157942284478 197.813298458523 198.468654632569 199.124010806614 199.779366980659 200.434723154704 200.324575508966 197.917916403877 195.511257298788 193.104598193699 190.697939088609 188.29127998352 185.884620878431 183.477961773342 183.671438217162 184.731626510619 185.791814804076 186.852003097533 187.91219139099 188.972379684447 190.032567977904 191.584933302136 194.613829718694 197.642726135252 200.67162255181 203.700518968369 206.729415384927 209.758311801485 212.787208218044 213.740228144327 214.001289240518 214.26235033671 214.523411432901 214.784472529093 215.045533625284 215.306594721476 215.374538124932 214.863128450181 214.351718775431
186.278031158448 187.328153228761 188.378275299073 189.428397369385 190.478519439698 191.52864151001 192.670081329346 193.841960398356 195.013839467367 196.185718536377 197.357597605387 198.529476674398 199.701355743408 200.222032801311 198.789103825887 197.356174850464 195.923245875041 194.490316899617 193.057387924194 191.62445894877 190.191529973347 190.854423904418 192.215925470986 193.577427037555 194.938928604124 196.300430170693 197.661931737262 199.023433303831 200.721259053546 203.4280573527 206.134855651854 208.841653951007 211.548452250161 214.255250549315 216.962048848468 219.668847147622 220.476928329467 220.652103805541 220.827279281615 221.002454757689 221.177630233764 221.352805709838 221.527981185912 221.530710728962 221.01610247294 220.501494216918
179.533935801189 181.064857567682 182.595779334175 184.126701100668 185.657622867161 187.188544633654 188.837576548259 190.525978512234 192.21438047621 193.902782440186 195.591184404161 197.279586368137 198.967988332112 200.119490093655 199.660291247898 199.20109240214 198.741893556383 198.282694710625 197.823495864868 197.36429701911 196.905098173352 198.037409591674 199.700224431354 201.363039271035 203.025854110716 204.688668950397 206.351483790078 208.014298629759 209.857584804957 212.242284986706 214.626985168455 217.011685350204 219.396385531954 221.781085713703 224.165785895452 226.550486077201 227.213628514607 227.302918370564 227.392208226521 227.481498082478 227.570787938435 227.660077794392 227.749367650349 227.686883332994 227.1690764957 226.651269658406
172.789840443929 174.801561906603 176.813283369277 178.82500483195 180.836726294624 182.848447757297 185.005071767171 187.209996626112 189.414921485053 191.619846343994 193.824771202935 196.029696061876 198.234620920817 200.016947386 200.531478669908 201.046009953816 201.560541237725 202.075072521633 202.589603805541 203.10413508945 203.618666373358 205.22039527893 207.184523391722 209.148651504515 211.112779617308 213.076907730101 215.041035842894 217.005163955687 218.993910556368 221.056512620713 223.119114685057 225.181716749402 227.244318813747 229.306920878091 231.369522942436 233.432125006781 233.950328699747 233.953732935587 233.957137171427 233.960541407267 233.963945643106 233.967349878946 233.970754114786 233.843055937025 233.322050518459 232.801045099894
166.045745086671 168.538266245525 171.030787404379 173.523308563233 176.015829722087 178.508350880941 181.172566986084 183.89401473999 186.615462493897 189.336910247803 192.058358001709 194.779805755615 197.501253509521 199.914404678344 201.402666091919 202.890927505493 204.379188919067 205.867450332641 207.355711746215 208.843973159789 210.332234573363 212.403380966185 214.66882235209 216.934263737995 219.1997051239 221.465146509804 223.73058789571 225.996029281614 228.130236307778 229.870740254718 231.611244201658 233.351748148598 235.092252095539 236.832756042479 238.573259989419 240.313763936359 240.687028884887 240.604547500609 240.522066116332 240.439584732055 240.357103347777 240.2746219635 240.192140579223 239.999228541055 239.475024541218 238.950820541381
159.301649729411 162.274970584446 165.248291439481 168.221612294515 171.19493314955 174.168254004585 177.340062204997 180.578032853868 183.81600350274 187.053974151611 190.291944800482 193.529915449354 196.767886098225 199.811861970689 202.273853513929 204.735845057169 207.197836600409 209.659828143649 212.121819686889 214.583811230128 217.045802773368 219.586366653441 222.153121312458 224.719875971475 227.286630630492 229.853385289508 232.420139948526 234.986894607542 237.266562059189 238.684967888725 240.10337371826 241.521779547796 242.940185377332 244.358591206867 245.776997036403 247.195402865939 247.423729070027 247.255362065632 247.086995061238 246.918628056843 246.750261052449 246.581894048054 246.41352704366 246.155401145087 245.627998563978 245.100595982869
