data/working_set_collections/6091692-Cassins_Sparrow-MC/2010/bio18.asc
NCOLS 265 
NROWS 230 
XLLCORNER -115.5625 
YLLCORNER 24.8333333333333 
CELLSIZE 0.0833333333333333 
NODATA_value -9999 
[rows 180 to 199 of 230, columns 184 to 229 of 265]
103.427393404643 104.434925397237 105.442457389832 106.246060307821 106.981686867608 107.717313427395 108.452939987183 109.18856654697 109.924193106757 110.659819666545 111.363473807441 111.971210691664 112.578947575887 113.18668446011 113.794421344333 114.402158228556 115.00989511278 115.617631997003 115.5356174469 115.223685752021 114.911754057143 114.599822362264 114.287890667386 113.975958972507 113.664027277629 113.871504720052 115.637209574381 117.402914428711 119.16861928304 120.93432413737 122.700028991699 124.465733846028 126.231438700358 130.659365018208 135.974698490566 141.290031962923 146.605365435281 151.920698907639 157.236032379997 162.551365852355 168.059248140122 174.144776874117 180.230305608112 186.315834342107 192.401363076102 198.486891810098
102.31210269928 103.128949165344 103.945795631409 104.655788040161 105.33016242981 106.004536819458 106.678911209107 107.353285598755 108.027659988403 108.702034378052 109.38572883606 110.097383499146 110.809038162232 111.520692825317 112.232347488403 112.944002151489 113.655656814575 114.367311477661 114.309183883667 113.99446220398 113.679740524292 113.365018844605 113.050297164917 112.73557548523 112.420853805542 112.635649108887 114.438995361328 116.242341613769 118.045687866211 119.849034118652 121.652380371094 123.455726623535 125.259072875976 129.864804649352 135.404664929707 140.944525210061 146.484385490417 152.024245770771 157.564106051125 163.103966331481 168.773813756305 174.833622614541 180.893431472777 186.953240331013 193.013049189248 199.072858047484
101.196811993917 101.822972933451 102.449133872986 103.065515772502 103.678637992011 104.291760211521 104.90488243103 105.51800465054 106.131126870049 106.744249089559 107.407983864678 108.223556306627 109.039128748576 109.854701190525 110.670273632473 111.485846074422 112.301418516371 113.11699095832 113.082750320435 112.765238655938 112.447726991442 112.130215326945 111.812703662449 111.495191997952 111.177680333456 111.399793497721 113.240781148274 115.081768798828 116.922756449381 118.763744099935 120.604731750488 122.445719401041 124.286707051595 129.070244280496 134.834631368848 140.599018457199 146.363405545552 152.127792633903 157.892179722254 163.656566810607 169.488379372489 175.522468354965 181.556557337442 187.590646319918 193.624735302394 199.65882428487
100.081521288554 100.516996701559 100.952472114563 101.475243504842 102.027113554213 102.578983603584 103.130853652954 103.682723702325 104.234593751696 104.786463801066 105.430238893297 106.349729114109 107.26921933492 108.188709555732 109.108199776544 110.027689997355 110.947180218167 111.866670438978 111.856316757202 111.536015107897 111.215713458591 110.895411809286 110.57511015998 110.254808510675 109.934506861369 110.163937886556 112.042566935221 113.921195983887 115.799825032552 117.678454081217 119.557083129883 121.435712178548 123.314341227213 128.275683911641 134.264597807989 140.253511704337 146.242425600687 152.231339497035 158.220253393383 164.209167289733 170.202944988673 176.211314095389 182.219683202107 188.228052308823 194.236421415539 200.244790522256
98.966230583191 99.2110204696657 99.4558103561403 99.8849712371828 100.375589116415 100.866206995646 101.356824874878 101.84744275411 102.338060633342 102.828678512573 103.452493921916 104.47590192159 105.499309921265 106.522717920939 107.546125920614 108.569533920288 109.592941919963 110.616349919637 110.62988319397 110.306791559855 109.983699925741 109.660608291626 109.337516657512 109.014425023397 108.691333389282 108.92808227539 110.844352722168 112.760623168945 114.676893615722 116.5931640625 118.509434509277 120.425704956054 122.341975402832 127.481123542785 133.69456424713 139.908004951475 146.121445655822 152.334886360167 158.548327064512 164.761767768859 170.917510604857 176.900159835814 182.882809066771 188.865458297728 194.848107528685 200.830756759642
97.8509398778281 97.9050442377728 97.9591485977175 98.2946989695233 98.7240646786161 99.153430387709 99.5827960968019 100.012161805895 100.441527514988 100.870893224081 101.474748950534 102.602074729072 103.729400507609 104.856726286146 105.984052064684 107.111377843221 108.238703621758 109.366029400296 109.403449630738 109.077568011814 108.75168639289 108.425804773967 108.099923155043 107.77404153612 107.448159917196 107.692226664225 109.646138509114 111.600050354004 113.553962198893 115.507874043782 117.461785888672 119.415697733561 121.36960957845 126.686563173929 133.124530686271 139.562498198613 146.000465710957 152.438433223299 158.876400735641 165.314368247985 171.632076221041 177.589005576238 183.545934931436 189.502864286633 195.45979364183 -9999
96.8803009668988 96.7452472050987 96.6101934432986 96.8520906448366 97.2196381674874 97.5871856901383 97.9547332127891 98.32228073544 98.6898282580908 99.0573757807416 99.6417098787096 100.87640370263 102.11109752655 103.345791350471 104.580485174391 105.815178998311 107.049872822232 108.284566646152 108.36908232371 108.070205285814 107.771328247918 107.472451210022 107.173574172126 106.87469713423 106.575820096334 106.817659484015 108.68164814843 110.545636812846 112.409625477261 114.273614141676 116.137602806091 118.001591470506 119.865580134921 125.683086522419 132.818432150945 139.953777779471 147.089123407998 154.224469036524 161.35981466505 168.495160293577 175.350211588539 181.364379882809 187.378548177081 193.392716471351 199.406884765622 205.421053059893
96.054313850403 95.7316293716433 95.4089448928836 95.5571462631227 95.8623095830283 96.1674729029339 96.4726362228396 96.7777995427452 97.0829628626507 97.3881261825564 97.9533767064412 99.2988888422647 100.644400978088 101.989913113912 103.335425249735 104.680937385559 106.026449521383 107.371961657206 107.526781272888 107.284703381856 107.042625490825 106.800547599793 106.558469708761 106.316391817729 106.074313926697 106.304380734761 107.950881640116 109.597382545471 111.243883450826 112.890384356181 114.536885261536 116.18338616689 117.829887072245 124.470693588256 132.776268641152 141.081843694049 149.387418746946 157.692993799843 165.998568852739 174.304143905637 182.071916707354 188.226282755531 194.380648803709 200.535014851885 206.689380900062 -9999
95.2283267339073 94.7180115381879 94.2076963424686 94.2622018814089 94.5049809985692 94.7477601157296 94.99053923289 95.2333183500504 95.4760974672107 95.7188765843711 96.2650435341728 97.7213739818995 99.1777044296264 100.634034877353 102.09036532508 103.546695772807 105.003026220533 106.45935666826 106.684480222066 106.499201477899 106.313922733731 106.128643989563 105.943365245395 105.758086501228 105.57280775706 105.791101985507 107.220115131802 108.649128278096 110.078141424391 111.507154570685 112.93616771698 114.365180863274 115.794194009569 123.258300654092 132.734105131359 142.209909608626 151.685714085895 161.161518563162 170.637323040429 180.113127517698 188.793621826169 195.088185628252 201.382749430336 207.677313232419 213.971877034502 -9999
94.4023396174116 93.7043937047326 93.0064477920537 92.9672574996951 93.1476524141102 93.3280473285253 93.5084422429405 93.6888371573557 93.8692320717708 94.049626986186 94.5767103619045 96.1438591215344 97.7110078811646 99.2781566407945 100.845305400424 102.412454160054 103.979602919684 105.546751679314 105.842179171244 105.713699573941 105.585219976637 105.456740379334 105.32826078203 105.199781184726 105.071301587423 105.277823236253 106.489348623487 107.700874010722 108.912399397956 110.12392478519 111.335450172424 112.546975559659 113.758500946893 122.045907719928 132.691941621566 143.337975523204 153.984009424843 164.630043326481 175.276077228118 185.922111129758 195.515326944984 201.950088500973 208.384850056964 -9999 -9999 -9999
93.5763525009158 92.6907758712772 91.8051992416386 91.6723131179812 91.7903238296511 91.908334541321 92.026345252991 92.1443559646609 92.2623666763308 92.3803773880007 92.8883771896361 94.5663442611692 96.2443113327026 97.9222784042357 99.6002454757688 101.278212547302 102.956179618835 104.634146690368 104.999878120423 104.928197669983 104.856517219544 104.784836769104 104.713156318665 104.641475868225 104.569795417786 104.764544486999 105.758582115173 106.752619743347 107.746657371521 108.740694999695 109.734732627869 110.728770256043 111.722807884216 120.833514785765 132.649778111773 144.466041437781 156.282304763792 168.0985680898 179.914831415808 191.731094741818 202.237032063799 208.811991373695 -9999 -9999 -9999 -9999
92.75036538442 91.6771580378218 90.6039506912236 90.3773687362673 90.432995245192 90.4886217541167 90.5442482630414 90.5998747719661 90.6555012808908 90.7111277898155 91.2000440173677 92.988829400804 94.7776147842406 96.5664001676769 98.3551855511132 100.14397093455 101.932756317986 103.721541701422 104.157577069601 104.142695766025 104.12781446245 104.112933158875 104.098051855299 104.083170551724 104.068289248149 104.251265737745 105.027815606859 105.804365475973 106.580915345086 107.357465214199 108.134015083313 108.910564952427 109.68711482154 119.621121851601 132.60761460198 145.594107352359 158.58060010274 171.567092853119 -9999 -9999 -9999 -9999 -9999 -9999 -9999 -9999
92.5882489522299 91.4729838901097 90.3577188279895 90.1183069229124 90.1708460701835 90.2233852174545 90.2759243647256 90.3284635119966 90.3810026592676 90.4335418065387 90.9250332514439 92.733381589253 94.5417299270625 96.3500782648716 98.1584266026808 99.9667749404903 101.775123278299 103.583471616109 104.081047693888 104.141699684991 104.202351676093 104.263003667195 104.323655658298 104.3843076494 104.444959640503 104.631183730231 105.194124115838 105.757064501444 106.320004887051 106.882945272657 107.445885658264 108.008826043871 108.571766429477 119.037652333575 132.804520077172 146.57138782077 160.338255564369 174.105123307966 -9999 -9999 -9999 -9999 -9999 -9999 -9999 -9999
93.0900032043458 92.0782534281414 91.066503651937 90.8951276779173 91.0038763046263 91.1126249313353 91.2213735580443 91.3301221847532 91.4388708114622 91.5476194381712 92.0633448918655 93.8000008265171 95.536656761169 97.2733126958206 99.0099686304722 100.746624565124 102.483280499776 104.219936434427 104.770289993286 104.92520942688 105.080128860473 105.235048294067 105.389967727661 105.544887161255 105.699806594848 105.904298464457 106.25750764211 106.610716819763 106.963925997416 107.317135175069 107.670344352722 108.023553530375 108.376762708028 119.083106231687 133.24049453735 147.397882843013 161.555271148679 -9999 -9999 -9999 -9999 -9999 -9999 -9999 -9999 -9999
93.5917574564617 92.6835229661731 91.7752884758845 91.6719484329222 91.8369065390691 92.001864645216 92.166822751363 92.3317808575099 92.4967389636568 92.6616970698037 93.2016565322871 94.8666200637811 96.5315835952754 98.1965471267695 99.8615106582636 101.526474189758 103.191437721252 104.856401252746 105.459532292684 105.708719168769 105.957906044854 106.207092920939 106.456279797024 106.705466673109 106.954653549194 107.177413198683 107.320891168382 107.464369138082 107.607847107781 107.751325077481 107.89480304718 108.03828101688 108.181758986579 119.128560129799 133.676468997528 148.224377865257 -9999 -9999 -9999 -9999 -9999 -9999 -9999 -9999 -9999 -9999
94.0935117085775 93.2887925042047 92.4840732998319 92.448769187927 92.6699367735119 92.8911043590967 93.1122719446816 93.3334395302664 93.5546071158512 93.7757747014361 94.3399681727086 95.9332393010451 97.5265104293819 99.1197815577184 100.713052686055 102.306323814392 103.899594942728 105.492866071065 106.148774592082 106.492228910658 106.835683229234 107.179137547811 107.522591866387 107.866046184963 108.20950050354 108.450527932909 108.384274694654 108.3180214564 108.251768218146 108.185514979892 108.119261741638 108.053008503384 107.98675526513 119.174014027911 134.112443457706 -9999 -9999 -9999 -9999 -9999 -9999 -9999 -9999 -9999 -9999 -9999
94.5952659606934 93.8940620422364 93.1928581237794 93.225589942932 93.5029670079547 93.7803440729775 94.0577211380003 94.335098203023 94.6124752680458 94.8898523330686 95.4782798131302 96.9998585383091 98.5214372634884 100.043015988667 101.564594713846 103.086173439025 104.607752164204 106.129330889383 106.838016891479 107.275738652547 107.713460413615 108.151182174682 108.58890393575 109.026625696818 109.464347457885 109.723642667134 109.447658220927 109.171673774719 108.895689328512 108.619704882304 108.343720436096 108.067735989889 107.791751543681 119.219467926023 134.548417917884 -9999 165.206317901609 -9999 -9999 -9999 -9999 -9999 -9999 -9999 -9999 -9999
95.0970202128093 94.4993315802681 93.9016429477269 94.0024106979369 94.3359972423976 94.6695837868582 95.003170331319 95.3367568757797 95.6703434202404 96.0039299647011 96.6165914535517 98.0664777755732 99.5163640975948 100.966250419616 102.416136741638 103.866023063659 105.315909385681 106.765795707702 107.527259190877 108.059248394436 108.591237597995 109.123226801554 109.655216005113 110.187205208672 110.719194412231 110.99675740136 110.511041747199 110.025326093038 109.539610438877 109.053894784715 108.568179130554 108.082463476393 107.596747822232 119.264921824135 134.984392378062 -9999 -9999 -9999 -9999 -9999 -9999 -9999 -9999 -9999 -9999 -9999
96.5328829447425 96.0995716518822 95.6662603590219 95.7800816853835 96.076280551486 96.3724794175884 96.6686782836909 96.9648771497933 97.2610760158958 97.5572748819982 98.1038492838535 99.401550292968 100.699251302083 101.996952311197 103.294653320312 104.592354329427 105.890055338541 107.187756347656 107.921899477641 108.468189981249 109.014480484856 109.560770988464 110.107061492072 110.65335199568 111.199642499288 111.480257203844 110.963844511244 110.447431818644 109.931019126044 109.414606433445 108.898193740845 108.381781048245 107.865368355645 119.61492532094 135.45313883887 151.2913523568 -9999 -9999 -9999 -9999 -9999 -9999 -9999 -9999 -9999 -9999
98.9028541564938 98.6947822570797 98.4867103576656 98.5586029052729 98.7238169352209 98.8890309651688 99.0542449951167 99.2194590250647 99.3846730550126 99.5498870849606 99.9400533040359 101.005076090494 102.070098876953 103.135121663411 104.200144449869 105.265167236328 106.330190022786 107.395212809244 108.02193775177 108.502563412984 108.983189074198 109.463814735413 109.944440396627 110.425066057841 110.905691719055 111.174142074585 110.806066513062 110.437990951538 110.069915390015 109.701839828491 109.333764266968 108.965688705444 108.597613143921 120.26947841644 135.95465730031 -9999 -9999 -9999 -9999 -9999 -9999 -9999 -9999 -9999 -9999 -9999
