data/working_set_collections/6091692-Cassins_Sparrow-MC/2010/bio16.asc
NCOLS 265 
NROWS 230 
XLLCORNER -115.5625 
YLLCORNER 24.8333333333333 
CELLSIZE 0.0833333333333333 
NODATA_value -9999 
[rows 140 to 159 of 230, columns 0 to 45 of 265]
54.8166358206009 51.2887506802881 47.7608655399753 44.2329803996619 40.7050952593491 37.1772101190363 33.6493249787229 35.153909238179 38.3359832975593 41.51805735694 44.7001314163203 47.8822054757006 51.0642795350813 54.2463535944616 57.4347421222256 60.6420740551416 63.849405988057 67.0567379209724 70.2640698538884 73.4714017868038 76.6787337197192 79.8860656526351 82.6685137430823 85.30933388604 87.9501540289981 90.5909741719557 93.2317943149134 95.8726144578715 98.5134346008292 101.270869615342 104.378149244519 107.485428873697 110.592708502874 113.699988132052 116.807267761229 119.914547390406 123.021827019584 125.393736457823 127.520522499083 129.647308540343 131.774094581603 133.900880622862 136.027666664122 138.154452705382 141.158310317991 146.793382644652
56.6151720152963 52.7742425600692 48.9333131048422 45.0923836496145 41.2514541943874 37.4105247391603 33.5695952839326 34.9623566309606 38.0996815787414 41.2370065265228 44.3743314743037 47.5116564220846 50.648981369866 53.7863063176468 56.925540267096 60.0705012215505 63.2154621760046 66.3604231304586 69.5053840849132 72.6503450393672 75.7953059938213 78.9402669482758 82.159852345784 85.4043125576436 88.6487727695037 91.8932329813632 95.1376931932228 98.3821534050829 101.626613616942 104.923611789278 108.378223843044 111.832835896809 115.287447950574 118.742060004339 122.196672058104 125.651284111869 129.105896165635 131.717619895934 134.048380851744 136.379141807555 138.709902763366 141.040663719176 143.371424674987 145.702185630797 148.837951787311 154.388733545938
58.4137082099916 54.2597344398503 50.105760669709 45.951786899567 41.7978131294257 37.6438393592844 33.4898655891423 34.7708040237422 37.8633798599237 40.9559556961056 44.0485315322871 47.1411073684686 50.2336832046506 53.3262590408321 56.4163384119663 59.4989283879595 62.5815183639522 65.6641083399449 68.7466983159381 71.8292882919308 74.9118782679234 77.9944682439167 81.6511909484858 85.4992912292472 89.3473915100092 93.1954917907706 97.043592071532 100.891692352294 104.739792633055 108.576353963215 112.378298441568 116.18024291992 119.982187398273 123.784131876626 127.586076354979 131.388020833331 135.189965311685 138.041503334044 140.576239204405 143.110975074767 145.645710945128 148.180446815489 150.715182685851 153.249918556212 156.51759325663 161.984084447223
60.2122444046871 55.7452263196315 51.2782082345759 46.8111901495196 42.344172064464 37.8771539794084 33.4101358943521 34.5792514165238 37.6270781411058 40.6749048656884 43.7227315902705 46.7705583148526 49.8183850394352 52.8662117640173 55.9071365568367 58.9273555543685 61.9475745518998 64.9677935494311 67.9880125469629 71.0082315444942 74.0284505420255 77.0486695395574 81.1425295511875 85.5942699008507 90.0460102505148 94.4977506001781 98.9494909498414 103.401231299505 107.852971649169 112.229096137151 116.378373040092 120.527649943033 124.676926845973 128.826203748914 132.975480651854 137.124757554794 141.274034457735 144.365386772154 147.104097557066 149.842808341979 152.581519126891 155.320229911803 158.058940696715 160.797651481627 164.19723472595 169.579435348509
61.7698898845253 56.9960287412015 52.2221675978777 47.448306454553 42.6744453112292 37.9005841679054 33.1267230245808 34.2975500424698 37.4499397807644 40.6023295190596 43.7547192573542 46.9071089956488 50.0594987339439 53.2118884722385 56.3215719434942 59.3031366136334 62.2847012837721 65.2662659539108 68.2478306240501 71.2293952941888 74.2109599643275 77.1925246344668 81.5649277369172 86.4009436501384 91.2369595633605 96.0729754765818 100.908991389803 105.745007303025 110.581023216246 115.33022412194 119.818980005052 124.307735888162 128.796491771273 133.285247654384 137.774003537495 142.262759420605 146.751515303717 150.129321416218 153.136810938516 156.144300460814 159.151789983112 162.15927950541 165.166769027709 168.174258550007 171.792201444836 177.24150445726
63.086644649506 58.01214170456 52.9376387596141 47.8631358146673 42.7886328697213 37.7141299247754 32.6396269798285 33.9256999015803 37.3319647788994 40.7382296562191 44.1444945335382 47.5507594108573 50.957024288177 54.363289165496 57.6596445719392 60.6262715657546 63.5928985595696 66.5595255533845 69.5261525472 72.4927795410149 75.4594065348298 78.4260335286453 82.9183855056752 87.9193124771104 92.9202394485465 97.9211664199817 102.922093391417 107.923020362853 112.923947334288 117.879737917581 122.700119336445 127.520500755309 132.340882174172 137.161263593037 141.9816450119 146.802026430764 151.622407849628 155.333307266234 158.674379348753 162.015451431273 165.356523513792 168.697595596312 172.038667678831 175.379739761351 179.302493413287 184.970291773476
64.4033994144868 59.0282546679187 53.6531099213505 48.2779651747815 42.9028204282134 37.5276756816453 32.1525309350762 33.5538497606908 37.2139897770344 40.8741297933786 44.5342698097222 48.1944098260658 51.8545498424101 55.5146898587537 58.9977172003843 61.949406517876 64.9010958353671 67.8527851528583 70.80447447035 73.7561637878411 76.7078531053323 79.6595424228239 84.2718432744333 89.4376813040825 94.6035193337326 99.7693573633818 104.935195393031 110.101033422681 115.26687145233 120.429251713221 125.581258667839 130.733265622456 135.885272577072 141.03727953169 146.189286486306 151.341293440923 156.49330039554 160.53729311625 164.211947758991 167.886602401732 171.561257044473 175.235911687213 178.910566329955 182.585220972695 186.812785381739 192.699079089693
65.7201541794676 60.0443676312773 54.368581083087 48.6927945348958 43.0170079867055 37.3412214385152 31.6654348903239 33.1819996198012 37.0960147751693 41.0100299305381 44.9240450859063 48.8380602412744 52.7520753966432 56.6660905520113 60.3357898288295 63.2725414699973 66.2092931111647 69.1460447523321 72.0827963935 75.0195480346673 77.9562996758347 80.8930513170026 85.6253010431915 90.9560501310547 96.2867992189187 101.617548306782 106.948297394645 112.279046482509 117.609795570372 122.978765508862 128.462397999233 133.946030489602 139.429662979972 144.913295470343 150.396927960712 155.880560451082 161.364192941453 165.741278966267 169.749516169229 173.757753372191 177.765990575153 181.774227778115 185.782464981078 189.79070218404 194.32307735019 200.427866405909
67.0369089444483 61.0604805946359 55.0840522448234 49.10762389501 43.1311955451975 37.1547671953851 31.1783388455716 32.8101494789117 36.9780397733043 -9999 -9999 -9999 -9999 57.8174912452689 61.6738624572745 64.5956764221186 67.5174903869622 70.4393043518058 73.3611183166499 76.2829322814934 79.204746246337 82.1265602111811 86.9787588119495 92.4744189580267 97.9700791041047 103.465739250182 108.961399396259 114.457059542337 119.952719688414 125.528279304503 131.343537330626 137.158795356749 142.974053382872 148.789311408995 154.604569435118 160.419827461241 166.235085487364 170.945264816283 175.287084579466 179.62890434265 183.970724105833 188.312543869016 192.6543636322 196.996183395384 201.833369318642 208.156653722125
68.3536637094291 62.0765935579945 55.7995234065599 49.5224532551242 43.2453831036896 36.968312952255 30.6912428008193 32.4382993380222 36.8600647714393 -9999 -9999 -9999 -9999 -9999 63.0119350857196 65.9188113742399 68.8256876627597 71.7325639512795 74.6394402397999 77.5463165283196 80.4531928168394 83.3600691053597 88.3322165807077 93.9927877849988 99.6533589892908 105.313930193582 110.974501397873 116.635072602165 122.295643806456 128.077793100143 134.22467666202 140.371560223896 146.518443785771 152.665327347648 158.812210909524 164.9590944714 171.105978033276 176.149250666299 180.824652989704 185.500055313109 190.175457636514 194.850859959918 199.526262283324 204.201664606728 209.343661287093 215.885441038342
69.3096282217244 62.8691477139801 56.4286672062358 49.9881866984904 43.547706190746 37.1072256830017 30.6667451752563 32.1934665679925 36.3759219275573 -9999 -9999 -9999 -9999 -9999 -9999 -9999 67.3253563880924 70.3921635627748 -9999 -9999 -9999 82.6593922615053 87.8563227335606 93.7632943047408 99.670265875922 105.577237447102 111.484209018282 117.391180589463 123.298152160644 129.355255042181 135.86275185479 142.370248667398 148.877745480006 155.385242292615 161.892739105223 168.400235917831 174.90773273044 180.259706370034 185.226505618623 190.193304867213 195.160104115802 200.126903364392 205.093702612981 210.06050186157 215.482561832002 222.270403967962
69.904802481334 63.4381430625926 56.9714836438511 50.5048242251085 44.038164806367 37.5715053876255 31.1048459688829 32.0756511688227 35.5256112416579 -9999 -9999 -9999 -9999 -9999 -9999 -9999 -9999 -9999 -9999 -9999 -9999 -9999 85.5510772705071 91.7859385172515 98.020799763997 104.255661010741 110.490522257486 116.725383504231 122.960244750976 129.360665130614 136.257762908935 143.154860687255 150.051958465574 156.949056243895 163.846154022215 170.743251800535 177.640349578856 183.276631927489 188.492642466225 193.708653004963 198.9246635437 204.140674082436 209.356684621174 214.57269515991 220.250070953367 227.311542510985
70.4999767409437 64.007138411205 57.5143000814664 51.0214617517266 44.5286234219879 38.0357850922493 31.5429467625095 31.9578357696529 34.6753005557585 -9999 -9999 -9999 -9999 -9999 -9999 -9999 -9999 -9999 -9999 -9999 -9999 -9999 -9999 89.8085827297622 96.371333652072 102.934084574381 109.496835496689 116.059586418999 122.622337341308 129.366075219047 136.65277396308 143.939472707111 151.226171451143 158.512870195176 165.799568939207 173.086267683239 180.372966427272 186.293557484943 191.758779313828 197.224001142713 202.689222971597 208.154444800481 213.619666629366 219.08488845825 225.017580074732 232.352681054008
71.0951510005533 64.5761337598175 58.0571165190816 51.5380992783447 45.0190820376088 38.500064796873 31.981047556136 31.8400203704831 33.8249898698592 -9999 -9999 -9999 -9999 -9999 -9999 -9999 -9999 -9999 -9999 -9999 -9999 -9999 -9999 -9999 -9999 101.61250813802 108.503148735893 115.393789333767 122.28442993164 129.37148530748 137.047785017225 144.724084726968 152.400384436711 160.076684146456 167.752983856199 175.429283565943 183.105583275688 189.310483042398 195.024916161429 200.739349280462 206.453782399494 212.168215518525 217.882648637558 223.59708175659 229.785089196097 237.39381959703
71.690325260163 65.14512910843 58.599932956697 52.0547368049628 45.5095406532298 38.9643445014968 32.4191483497626 31.7222049713133 32.9746791839598 -9999 -9999 -9999 -9999 -9999 -9999 -9999 -9999 -9999 -9999 -9999 -9999 -9999 -9999 -9999 -9999 -9999 -9999 -9999 -9999 129.376895395913 137.442796071369 145.508696746825 153.57459742228 161.640498097736 169.706398773192 177.772299448647 185.838200124103 192.327408599852 198.291053009031 204.254697418212 210.218341827391 216.18198623657 222.145630645751 228.10927505493 234.552598317462 242.434958140054
72.2854995197727 65.7141244570425 59.1427493943123 52.5713743315809 45.9999992688507 39.4286242061205 32.8572491433892 31.6043895721435 32.1243684980604 -9999 -9999 -9999 -9999 -9999 -9999 -9999 -9999 -9999 -9999 -9999 -9999 -9999 -9999 -9999 -9999 -9999 -9999 -9999 -9999 129.382305484346 137.837807125514 146.293308766681 154.748810407848 163.204312049017 171.659813690184 180.115315331351 188.570816972519 195.344334157306 201.557189856633 207.770045555961 213.982901255288 220.195756954615 226.408612653943 232.62146835327 239.320107438827 247.476096683077
72.4292416572579 65.9285258928946 59.4278101285313 52.927094364167 46.4263785998037 39.9256628354404 33.424947071076 31.8918944040933 32.0147294362385 32.1375644683837 -9999 -9999 -9999 -9999 -9999 -9999 -9999 -9999 -9999 -9999 -9999 -9999 -9999 -9999 -9999 -9999 -9999 -9999 -9999 127.589015748764 136.58425924513 145.579502741495 154.574746237859 163.569989734225 172.565233230589 181.560476726954 190.55572022332 197.61604639689 204.031400129528 210.446753862168 216.862107594806 223.277461327445 229.692815060085 236.108168792723 242.956190702648 251.102217144435
72.1215516726184 65.7883334159862 59.455115159354 53.1218969027208 46.7886786460887 40.4554603894565 34.1222421328233 32.584719467163 32.6457619984943 32.7068045298257 -9999 -9999 -9999 -9999 -9999 -9999 -9999 -9999 -9999 -9999 -9999 -9999 -9999 -9999 -9999 -9999 -9999 -9999 -9999 123.997026189167 133.682152430216 143.367278671263 153.052404912311 162.73753115336 172.422657394408 182.107783635455 191.792909876504 199.142545318602 205.713683827716 212.284822336832 218.855960845946 225.42709935506 231.998237864175 238.56937637329 245.460848108925 253.313319524128
71.8138616879788 65.6481409390778 59.4824201901768 53.3166994412747 47.1509786923736 40.9852579434726 34.8195371945705 33.2775445302327 33.2767945607502 33.2760445912678 -9999 -9999 -9999 -9999 -9999 -9999 -9999 -9999 -9999 -9999 -9999 -9999 -9999 -9999 -9999 -9999 -9999 -9999 -9999 120.405036629569 130.780045615301 141.155054601032 151.530063586763 161.905072572495 172.280081558226 182.655090543956 193.030099529689 200.669044240314 207.395967525904 214.122890811495 220.849814097085 227.576737382675 234.303660668266 241.030583953856 247.965505515202 255.524421903821
71.5061717033394 65.5079484621694 59.5097252209995 53.5115019798285 47.5132787386586 41.5150554974886 35.5168322563177 33.9703695933023 33.9078271230061 33.8452846527099 33.7827421824136 33.7201997121174 -9999 -9999 -9999 -9999 -9999 -9999 -9999 -9999 -9999 -9999 -9999 -9999 -9999 -9999 -9999 -9999 -9999 116.813047069972 127.877938800387 138.942830530801 150.007722261215 161.07261399163 172.137505722044 183.202397452458 194.267289182873 202.195543162027 209.078251224092 215.960959286159 222.843667348224 229.72637541029 236.609083472357 243.491791534422 250.47016292148 257.735524283514
