data/working_set_collections/6091692-Cassins_Sparrow-MC/2010/bio1.asc
NCOLS 265 
NROWS 230 
XLLCORNER -115.5625 
YLLCORNER 24.8333333333333 
CELLSIZE 0.0833333333333333 
NODATA_value -9999 
[rows 100 to 119 of 230, columns 138 to 183 of 265]
15.3293993155161 15.446912908554 15.5644265015919 15.6819400946298 15.7374037027359 15.7721839825312 15.8069642623265 15.8417445421218 15.8765248219172 15.9113051017125 15.9460853815078 15.9852552731831 16.0375940004984 16.0899327278137 16.142271455129 16.1946101824442 16.2469489097595 16.2992876370748 16.35162636439 16.3733201265335 16.3847989002863 16.3962776740392 16.407756447792 16.4192352215449 16.4307139952977 16.4421927690506 16.4529452006022 16.4615186055501 16.470092010498 16.478665415446 16.4872388203939 16.4958122253418 16.5043856302897 16.5129590352376 16.5272406578064 16.5434250195821 16.5596093813578 16.5757937431335 16.5919781049093 16.608162466685 16.6243468284607 16.6439000288645 16.6735597451528 16.703219461441 16.7328791777293 16.7625388940175
15.635104311837 15.7400352954864 15.8449662791357 15.9498972627851 15.99146519502 16.0119121101167 16.0323590252134 16.0528059403101 16.0732528554068 16.0936997705035 16.1141466856003 16.1415380583869 16.1897628042433 16.2379875500997 16.2862122959561 16.3344370418124 16.3826617876688 16.4308865335252 16.4791112793816 16.4964516083399 16.5034971316655 16.5105426549911 16.5175881783167 16.5246337016423 16.5316792249679 16.5387247482935 16.54370964898 16.5425126817491 16.5413157145182 16.5401187472873 16.5389217800564 16.5377248128255 16.5365278455946 16.5353308783637 16.5458798408508 16.5603441132439 16.5748083856371 16.5892726580302 16.6037369304233 16.6182012028164 16.6326654752095 16.6529345141517 16.6906178527408 16.7283011913299 16.7659845299191 16.8036678685082
15.7904562499788 15.8851220846176 15.9797879192564 16.0744537538952 16.1077485402425 16.1205863104926 16.1334240807427 16.1462618509928 16.1590996212429 16.1719373914931 16.1847751617432 16.2049422529009 16.2470973067813 16.2892523606618 16.3314074145423 16.3735624684228 16.4157175223033 16.4578725761837 16.5000276300642 16.5171589215597 16.5259489589267 16.5347389962938 16.5435290336609 16.552319071028 16.561109108395 16.5698991457621 16.5765300697751 16.5766836537255 16.576837237676 16.5769908216265 16.5771444055769 16.5772979895274 16.5774515734778 16.5776051574283 16.5917715708415 16.6106089274088 16.6294462839762 16.6482836405436 16.667120997111 16.6859583536784 16.7047957102457 16.7294354862637 16.7714825206332 16.8135295550028 16.8555765893724 16.897623623742
15.7954551299413 15.8821732759476 15.9688914219538 16.0556095679601 16.0862537384033 16.0982065836589 16.1101594289144 16.1221122741699 16.1340651194255 16.146017964681 16.1579708099365 16.1754678567251 16.2095975081126 16.2437271595001 16.2778568108877 16.3119864622752 16.3461161136627 16.3802457650503 16.4143754164378 16.4354420661926 16.4521543820699 16.4688666979472 16.4855790138245 16.5022913297017 16.519003645579 16.5357159614563 16.5514064629873 16.5640315214793 16.5766565799713 16.5892816384633 16.6019066969554 16.6145317554474 16.6271568139394 16.6397818724314 16.6649158477783 16.6942194620768 16.7235230763753 16.7528266906738 16.7821303049723 16.8114339192708 16.8407375335693 16.8734029452006 16.9161537488301 16.9589045524597 17.0016553560892 17.0444061597188
15.8004540099038 15.8792244672775 15.9579949246512 16.036765382025 16.0647589365641 16.0758268568251 16.086894777086 16.097962697347 16.109030617608 16.1200985378689 16.1311664581299 16.1459934605492 16.1720977094438 16.1982019583384 16.224306207233 16.2504104561276 16.2765147050222 16.3026189539168 16.3287232028114 16.3537252108256 16.3783598052131 16.4029943996006 16.427628993988 16.4522635883755 16.476898182763 16.5015327771505 16.5262828561995 16.5513793892331 16.5764759222666 16.6015724553002 16.6266689883338 16.6517655213674 16.676862054401 16.7019585874345 16.7380601247152 16.7778299967448 16.8175998687744 16.857369740804 16.8971396128336 16.9369094848632 16.9766793568929 17.0173704041375 17.060824977027 17.1042795499166 17.1477341228061 17.1911886956956
15.8054528898663 15.8762756586075 15.9470984273487 16.0179211960898 16.0432641347249 16.0534471299913 16.0636301252577 16.0738131205241 16.0839961157905 16.0941791110569 16.1043621063232 16.1165190643734 16.1345979107751 16.1526767571767 16.1707556035784 16.18883444998 16.2069132963816 16.2249921427833 16.2430709891849 16.2720083554586 16.3045652283563 16.3371221012539 16.3696789741516 16.4022358470493 16.434792719947 16.4673495928446 16.5011592494117 16.5387272569868 16.576295264562 16.6138632721371 16.6514312797122 16.6889992872874 16.7265672948625 16.7641353024377 16.811204401652 16.8614405314127 16.9116766611735 16.9619127909342 17.012148920695 17.0623850504557 17.1126211802164 17.1613378630744 17.2054962052239 17.2496545473734 17.293812889523 17.3379712316725
15.8104517698288 15.8733268499374 15.9362019300461 15.9990770101547 16.0217693328857 16.0310674031576 16.0403654734294 16.0496635437012 16.058961613973 16.0682596842448 16.0775577545166 16.0870446681976 16.0970981121063 16.107151556015 16.1172049999237 16.1272584438324 16.1373118877411 16.1473653316498 16.1574187755585 16.1902915000916 16.2307706514994 16.2712498029073 16.3117289543152 16.3522081057231 16.3926872571309 16.4331664085388 16.4760356426239 16.5260751247406 16.5761146068573 16.626154088974 16.6761935710907 16.7262330532074 16.7762725353241 16.8263120174408 16.8843486785888 16.9450510660807 17.0057534535726 17.0664558410644 17.1271582285563 17.1878606160481 17.24856300354 17.3053053220113 17.3501674334208 17.3950295448303 17.4398916562398 17.4847537676493
15.8154506497913 15.8703780412674 15.9253054327435 15.9802328242196 16.0002745310466 16.0086876763238 16.017100821601 16.0255139668783 16.0339271121555 16.0423402574327 16.05075340271 16.0575702720218 16.0595983134376 16.0616263548533 16.0636543962691 16.0656824376848 16.0677104791006 16.0697385205163 16.071766561932 16.1085746447245 16.1569760746426 16.2053775045607 16.2537789344788 16.3021803643968 16.3505817943149 16.398983224233 16.4509120358361 16.5134229924944 16.5759339491526 16.6384449058109 16.7009558624691 16.7634668191274 16.8259777757856 16.8884887324439 16.9574929555257 17.0286616007487 17.0998302459716 17.1709988911946 17.2421675364176 17.3133361816406 17.3845048268636 17.4492727809482 17.4948386616177 17.5404045422872 17.5859704229566 17.6315363036261
15.8288910124037 15.8726030985514 15.9163151846992 15.9600272708469 15.9777880589167 15.9868984142939 15.9960087696711 16.0051191250483 16.0142294804255 16.0233398358027 16.0324501911799 16.0400074270036 16.042905304167 16.0458031813304 16.0487010584937 16.0515989356571 16.0544968128204 16.0573946899838 16.0602925671471 16.0995069980621 16.1508269468943 16.2021468957265 16.2534668445587 16.3047867933909 16.3561067422231 16.4074266910553 16.464385371738 16.5382602479722 16.6121351242065 16.6860100004408 16.759884876675 16.8337597529093 16.9076346291436 16.9815095053778 17.0602140108744 17.1405283927917 17.220842774709 17.3011571566264 17.3814715385437 17.461785920461 17.5421003023783 17.6132848951551 17.6570801205105 17.7008753458659 17.7446705712212 17.7884657965766
15.850772857666 15.8800020217895 15.9092311859131 15.9384603500366 15.9543099164963 15.965699617068 15.9770893176397 15.9884790182114 15.9998687187831 16.0112584193548 16.0226481199265 16.0343561331431 16.0470190842946 16.0596820354462 16.0723449865977 16.0850079377492 16.0976708889007 16.1103338400523 16.1229967912038 16.1630885601044 16.2123232682546 16.2615579764048 16.310792684555 16.3600273927053 16.4092621008555 16.4584968090057 16.5164556503296 16.6005868911743 16.684718132019 16.7688493728637 16.8529806137085 16.9371118545532 17.0212430953979 17.1053743362426 17.192511844635 17.2806514422098 17.3687910397847 17.4569306373596 17.5450702349344 17.6332098325093 17.7213494300842 17.7973416646321 17.8368918100992 17.8764419555664 17.9159921010335 17.9555422465006
15.8726547029283 15.8874009450277 15.902147187127 15.9168934292263 15.9308317740758 15.944500819842 15.9581698656082 15.9718389113744 15.9855079571406 15.9991770029068 16.012846048673 16.0287048392826 16.0511328644223 16.073560889562 16.0959889147017 16.1184169398414 16.1408449649811 16.1632729901208 16.1857010152605 16.2266701221466 16.2738195896148 16.3209690570831 16.3681185245514 16.4152679920196 16.4624174594879 16.5095669269562 16.5685259289211 16.6629135343763 16.7573011398315 16.8516887452867 16.9460763507419 17.0404639561971 17.1348515616523 17.2292391671074 17.3248096783956 17.420774491628 17.5167393048604 17.6127041180928 17.7086689313252 17.8046337445576 17.9005985577901 17.9813984341091 18.016703499688 18.0520085652669 18.0873136308458 18.1226186964247
15.8945365481906 15.8947998682658 15.8950631883409 15.8953265084161 15.9073536316554 15.9233020226161 15.9392504135768 15.9551988045375 15.9711471954981 15.9870955864588 16.0030439774195 16.023053545422 16.0552466445499 16.0874397436778 16.1196328428056 16.1518259419335 16.1840190410614 16.2162121401893 16.2484052393171 16.2902516841888 16.3353159109751 16.3803801377614 16.4254443645477 16.470508591334 16.5155728181203 16.5606370449066 16.6205962075127 16.7252401775784 16.829884147644 16.9345281177097 17.0391720877753 17.143816057841 17.2484600279066 17.3531039979722 17.4571075121561 17.5608975410461 17.6646875699361 17.7684775988261 17.872267627716 17.976057656606 18.079847685496 18.1654552035861 18.1965151892768 18.2275751749674 18.2586351606581 18.2896951463487
15.916418393453 15.9021987915039 15.8879791895549 15.8737595876058 15.8838754892349 15.9021032253901 15.9203309615453 15.9385586977005 15.9567864338557 15.9750141700109 15.9932419061661 16.0174022515615 16.0593604246775 16.1013185977936 16.1432767709096 16.1852349440257 16.2271931171417 16.2691512902578 16.3111094633738 16.3538332462311 16.3968122323354 16.4397912184397 16.482770204544 16.5257491906484 16.5687281767527 16.611707162857 16.6726664861043 16.7875668207804 16.9024671554565 17.0173674901326 17.1322678248087 17.2471681594848 17.3620684941609 17.476968828837 17.5894053459167 17.7010205904642 17.8126358350117 17.9242510795593 18.0358663241068 18.1474815686543 18.2590968132019 18.3495119730631 18.3763268788655 18.4031417846679 18.4299566904703 18.4567715962727
15.9383002387153 15.909597714742 15.8808951907688 15.8521926667955 15.8603973468145 15.8809044281642 15.9014115095139 15.9219185908635 15.9424256722132 15.9629327535629 15.9834398349126 16.0117509577009 16.0634742048051 16.1151974519094 16.1669206990136 16.2186439461178 16.270367193222 16.3220904403262 16.3738136874305 16.4174148082733 16.4583085536957 16.499202299118 16.5400960445404 16.5809897899628 16.6218835353851 16.6627772808075 16.7247367646959 16.8498934639824 16.975050163269 17.1002068625556 17.2253635618421 17.3505202611287 17.4756769604153 17.6008336597018 17.7217031796773 17.8411436398824 17.9605841000874 18.0800245602925 18.1994650204976 18.3189054807027 18.4383459409078 18.5335687425401 18.5561385684543 18.5787083943685 18.6012782202826 18.6238480461968
16.0179127984577 15.9791128238042 15.9403128491508 15.9015128744973 15.9077595790227 15.9290218432744 15.9502841075261 15.9715463717778 15.9928086360295 16.0140709002813 16.035333164533 16.0650500774383 16.1201309363047 16.1752117951711 16.2302926540374 16.2853735129038 16.3404543717702 16.3955352306366 16.4506160895029 16.493435716629 16.5321682665083 16.5709008163876 16.6096333662669 16.6483659161462 16.6870984660254 16.7258310159047 16.7862579027811 16.911767800649 17.0372776985168 17.1627875963847 17.2882974942525 17.4138073921203 17.5393172899882 17.664827187856 17.7903706391652 17.9159252749549 18.0414799107445 18.1670345465342 18.2925891823239 18.4181438181135 18.5436984539032 18.6438550366296 18.6678174601661 18.6917798837026 18.7157423072391 18.7397047307756
16.1552560726801 16.1107441186905 16.0662321647008 16.0217202107112 16.0259621858597 16.0464554707209 16.0669487555821 16.0874420404434 16.1079353253046 16.1284286101659 16.1489218950271 16.1772996107737 16.2293306191762 16.2813616275787 16.3333926359812 16.3854236443837 16.4374546527862 16.4894856611887 16.5415166695912 16.5818959712982 16.6183913707733 16.6548867702484 16.6913821697235 16.7278775691986 16.7643729686737 16.8008683681488 16.8572299003601 16.97318983078 17.0891497611999 17.2051096916198 17.3210696220398 17.4370295524597 17.5529894828796 17.6689494132995 17.7954077243805 17.9253654956817 18.055323266983 18.1852810382843 18.3152388095855 18.4451965808868 18.5751543521881 18.6803708553314 18.7113635540008 18.7423562526703 18.7733489513397 18.8043416500091
16.2925993469026 16.2423754135768 16.1921514802509 16.141927546925 16.1441647926966 16.1638890981674 16.1836134036382 16.203337709109 16.2230620145798 16.2427863200505 16.2625106255213 16.2895491441091 16.3385303020477 16.3875114599863 16.436492617925 16.4854737758636 16.5344549338023 16.5834360917409 16.6324172496795 16.6703562259674 16.7046144750383 16.7388727241092 16.7731309731801 16.807389222251 16.8416474713219 16.8759057203928 16.928201897939 17.034611860911 17.141021823883 17.247431786855 17.353841749827 17.460251712799 17.566661675771 17.6730716387431 17.8004448095957 17.9348057164086 18.0691666232215 18.2035275300344 18.3378884368472 18.4722493436601 18.606610250473 18.7168866740333 18.7549096478356 18.792932621638 18.8309555954403 18.8689785692427
16.4299426211251 16.374006708463 16.318070795801 16.2621348831389 16.2623673995336 16.2813227256139 16.3002780516942 16.3192333777745 16.3381887038549 16.3571440299352 16.3760993560155 16.4017986774444 16.4477299849192 16.493661292394 16.5395925998688 16.5855239073435 16.6314552148183 16.6773865222931 16.7233178297678 16.7588164806366 16.7908375793033 16.82285867797 16.8548797766367 16.8869008753035 16.9189219739702 16.9509430726369 16.999173895518 17.096033891042 17.1928938865661 17.2897538820902 17.3866138776143 17.4834738731384 17.5803338686625 17.6771938641866 17.805481894811 17.9442459371355 18.0830099794599 18.2217740217844 18.3605380641089 18.4993021064334 18.6380661487579 18.7534024927351 18.7984557416704 18.8435089906057 18.8885622395409 18.9336154884762
16.5672858953476 16.5056380033493 16.443990111351 16.3823422193527 16.3805700063705 16.3987563530604 16.4169426997502 16.4351290464401 16.45331539313 16.4715017398198 16.4896880865097 16.5140482107798 16.5569296677907 16.5998111248016 16.6426925818125 16.6855740388234 16.7284554958343 16.7713369528452 16.8142184098561 16.8472767353058 16.8770606835683 16.9068446318308 16.9366285800934 16.9664125283559 16.9961964766184 17.025980424881 17.0701458930969 17.1574559211731 17.2447659492492 17.3320759773254 17.4193860054016 17.5066960334778 17.5940060615539 17.6813160896301 17.8105189800262 17.9536861578623 18.0968533356984 18.2400205135345 18.3831876913706 18.5263548692067 18.6695220470428 18.789918311437 18.8420018355051 18.8940853595733 18.9461688836415 18.9982524077097
16.7046291695701 16.6372692982356 16.5699094269011 16.5025495555666 16.4987726132075 16.5161899805069 16.5336073478063 16.5510247151057 16.5684420824051 16.5858594497045 16.6032768170039 16.6262977441152 16.6661293506622 16.7059609572092 16.7457925637563 16.7856241703033 16.8254557768504 16.8652873833974 16.9051189899444 16.935736989975 16.9632837878333 16.9908305856916 17.01837738355 17.0459241814083 17.0734709792667 17.101017777125 17.1411178906758 17.2188779513041 17.2966380119324 17.3743980725606 17.4521581331889 17.5299181938171 17.6076782544454 17.6854383150736 17.8155560652415 17.9631263785892 18.1106966919369 18.2582670052846 18.4058373186323 18.55340763198 18.7009779453277 18.8264341301388 18.8855479293399 18.944661728541 19.0037755277422 19.0628893269433
