data/working_set_collections/6091692-Cassins_Sparrow-MC/2010/bio11.asc
NCOLS 265 
NROWS 230 
XLLCORNER -115.5625 
YLLCORNER 24.8333333333333 
CELLSIZE 0.0833333333333333 
NODATA_value -9999 
[rows 140 to 159 of 230, columns 92 to 137 of 265]
6.9690794812308 7.03208296828797 7.09508645534512 7.15808994240228 7.22109342945944 7.23722008864083 7.23772113853029 7.23822218841975 7.23872323830921 7.23922428819867 7.23972533808813 7.24022638797759 7.23455315430959 7.21035706996917 7.18616098562876 7.16196490128835 7.13776881694793 7.11357273260752 7.0893766482671 7.06518056392669 6.95123232603074 6.80736670361626 6.66350108120176 6.51963545878728 6.37576983637281 6.2319042139583 6.08803859154383 6.0092895481321 6.12589024172883 6.24249093532558 6.35909162892231 6.47569232251904 6.59229301611579 6.70889370971252 6.82549440330925 6.98699837923046 7.16347011592648 7.3399418526225 7.51641358931856 7.69288532601458 7.8693570627106 8.04582879940665 8.18071415026982 8.19084034363428 8.20096653699874 8.2110927303632
7.12787143124471 7.18250100082819 7.23713057041166 7.29176013999512 7.3463897095786 7.35524321397144 7.3488380299674 7.34243284596336 7.33602766195932 7.32962247795528 7.32321729395124 7.3168121099472 7.3067601442337 7.28576783339182 7.26477552254994 7.24378321170806 7.22279090086618 7.20179859002431 7.18080627918243 7.15981396834055 7.06051098108293 6.93510443502004 6.80969788895713 6.68429134289424 6.55888479683135 6.43347825076844 6.30807170470555 6.23791650401217 6.33351533942747 6.4291141748428 6.5247130102581 6.62031184567341 6.71591068108873 6.81150951650404 6.90710835191935 7.05682643651959 7.22458427084812 7.39234210517666 7.56009993950523 7.72785777383376 7.8956156081623 8.06337344249087 8.19706894159316 8.22857743501662 8.26008592844008 8.29159442186354
7.28666338125861 7.3329190333684 7.37917468547818 7.42543033758796 7.47168598969775 7.47326633930204 7.4599549214045 7.44664350350696 7.43333208560942 7.42002066771188 7.40670924981434 7.3933978319168 7.37896713415781 7.36117859681446 7.34339005947112 7.32560152212778 7.30781298478443 7.29002444744109 7.27223591009775 7.2544473727544 7.1697896361351 7.0628421664238 6.95589469671248 6.84894722700118 6.74199975728988 6.63505228757856 6.52810481786726 6.46654345989222 6.5411404371261 6.61573741436 6.69033439159389 6.76493136882777 6.83952834606167 6.91412532329556 6.98872230052944 7.12665449380871 7.28569842576976 7.44474235773081 7.60378628969189 7.76283022165294 7.92187415361399 8.08091808557507 8.2134237329165 8.26631452639896 8.31920531988142 8.37209611336388
7.44545533127252 7.48333706590862 7.52121880054471 7.5591005351808 7.5969822698169 7.59128946463266 7.57107181284162 7.55085416105057 7.53063650925953 7.51041885746849 7.49020120567745 7.46998355388641 7.45117412408192 7.43658936023711 7.4220045963923 7.4074198325475 7.39283506870269 7.37825030485788 7.36366554101307 7.34908077716826 7.27906829118729 7.19057989782757 7.10209150446785 7.01360311110814 6.92511471774842 6.8366263243887 6.74813793102899 6.69517041577229 6.74876553482475 6.80236065387722 6.85595577292969 6.90955089198215 6.96314601103462 7.01674113008708 7.07033624913955 7.19648255109783 7.3468125806914 7.49714261028497 7.64747263987856 7.79780266947213 7.94813269906569 8.09846272865928 8.22977852423984 8.30405161778129 8.37832471132276 8.45259780486422
7.56439443959128 7.60048575666214 7.636577073733 7.67266839080385 7.70875970787471 7.69919942220051 7.6744219356113 7.64964444902207 7.62486696243286 7.60008947584364 7.57531198925441 7.5505345026652 7.52874599165386 7.51592440737618 7.50310282309849 7.49028123882081 7.47745965454313 7.46463807026544 7.45181648598776 7.43899490171008 7.3785274942716 7.30217814577951 7.22582879728741 7.14947944879532 7.07313010030323 6.99678075181113 6.92043140331904 6.87301092412734 6.91237705283692 6.95174318154651 6.99110931025609 7.03047543896567 7.06984156767526 7.10920769638484 7.14857382509441 7.26840213537213 7.41505117283923 7.56170021030633 7.70834924777345 7.85499828524056 8.00164732270765 8.14829636017478 8.28151216771865 8.37442828549275 8.46734440326688 8.56026052104099
7.64348070621488 7.68436510562895 7.72524950504301 7.76613390445707 7.80701830387113 7.7969962120056 7.77000528971353 7.74301436742146 7.71602344512938 7.68903252283731 7.66204160054524 7.63505067825316 7.61168273687362 7.59918373823165 7.58668473958968 7.57418574094771 7.56168674230574 7.54918774366378 7.53668874502181 7.52418974637984 7.46816724538803 7.39763691027959 7.32710657517114 7.25657624006271 7.18604590495427 7.11551556984582 7.04498523473739 7.00006498495735 7.03197499116259 7.06388499736783 7.09579500357307 7.12770500977831 7.15961501598356 7.1915250221888 7.22343502839404 7.34241324663158 7.49041420221324 7.6384151577949 7.78641611337658 7.93441706895823 8.08241802453989 8.23041898012157 8.36862466335293 8.47744452953334 8.58626439571377 8.69508426189418
7.72256697283848 7.76824445459576 7.81392193635303 7.85959941811029 7.90527689986757 7.8947930018107 7.86558864381577 7.83638428582085 7.80717992782592 7.777975569831 7.74877121183606 7.71956685384114 7.69461948209338 7.68244306908712 7.67026665608087 7.65809024307462 7.64591383006837 7.63373741706211 7.62156100405586 7.60938459104961 7.55780699650446 7.49309567477968 7.42838435305489 7.3636730313301 7.29896170960532 7.23425038788053 7.16953906615575 7.12711904578736 7.15157292948826 7.17602681318917 7.20048069689007 7.22493458059097 7.24938846429187 7.27384234799277 7.29829623169367 7.41642435789105 7.56577723158726 7.71513010528347 7.86448297897971 8.01383585267592 8.16318872637214 8.31254160006837 8.45573715898722 8.58046077357393 8.70518438816067 8.82990800274738
7.80165323946209 7.85212380356257 7.90259436766305 7.95306493176352 8.003535495864 7.9925897916158 7.96117199791802 7.92975420422024 7.89833641052246 7.86691861682468 7.83550082312689 7.80408302942911 7.77755622731314 7.7657023999426 7.75384857257206 7.74199474520153 7.73014091783099 7.71828709046045 7.70643326308991 7.69457943571938 7.6474467476209 7.58855443927977 7.52966213093863 7.4707698225975 7.41187751425637 7.35298520591523 7.2940928975741 7.25417310661738 7.27117086781394 7.2881686290105 7.30516639020706 7.32216415140362 7.33916191260019 7.35615967379675 7.37315743499331 7.49043546915051 7.64114026096128 7.79184505277205 7.94254984458284 8.09325463639361 8.24395942820438 8.39466422001517 8.54284965462151 8.68347701761452 8.82410438060757 8.96473174360058
7.88073950608569 7.93600315252938 7.99126679897306 8.04653044541674 8.10179409186043 8.09038658142089 8.05675535202025 8.02312412261962 7.98949289321898 7.95586166381835 7.92223043441771 7.88859920501708 7.8604929725329 7.84896173079807 7.83743048906325 7.82589924732843 7.8143680055936 7.80283676385878 7.79130552212396 7.77977428038914 7.73708649873733 7.68401320377985 7.63093990882237 7.57786661386489 7.52479331890741 7.47172002394993 7.41864672899245 7.38122716744738 7.3907688061396 7.40031044483183 7.40985208352405 7.41939372221627 7.42893536090849 7.43847699960071 7.44801863829293 7.56444658040996 7.71650329033529 7.86856000026061 8.02061671018597 8.17267342011129 8.32473013003661 8.47678683996197 8.62996215025579 8.78649326165511 8.94302437305446 9.09955548445378
7.95982577270929 8.01988250149619 8.07993923028308 8.13999595906997 8.20005268785687 8.18818337122598 8.1523387061225 8.11649404101901 8.08064937591552 8.04480471081203 8.00896004570854 7.97311538060506 7.94342971775266 7.93222106165355 7.92101240555444 7.90980374945534 7.89859509335623 7.88738643725712 7.87617778115801 7.8649691250589 7.82672624985377 7.77947196827994 7.73221768670611 7.68496340513229 7.63770912355846 7.59045484198463 7.54320056041081 7.5082812282774 7.51036674446528 7.51245226065316 7.51453777684104 7.51662329302892 7.5187088092168 7.52079432540468 7.52287984159257 7.63845769166943 7.79186631970931 7.94527494774919 8.0986835757891 8.25209220382898 8.40550083186886 8.55890945990877 8.71707464589008 8.8895095056957 9.06194436550136 9.23437922530698
8.05059839487072 8.11103783845899 8.17147728204724 8.2319167256355 8.29235616922376 8.28311485846836 8.25064662959839 8.21817840072842 8.18571017185845 8.15324194298848 8.12077371411851 8.08830548524854 8.06037030484939 8.04603426986268 8.03169823487597 8.01736219988927 8.00302616490256 7.98869012991585 7.97435409492915 7.96001805994244 7.92487844228743 7.88280429707632 7.8407301518652 7.79865600665409 7.75658186144297 7.71450771623186 7.67243357102074 7.64064552916418 7.63971579737131 7.63878606557843 7.63785633378556 7.63692660199268 7.63599687019981 7.63506713840694 7.63413740661406 7.73995836973185 7.88136289781989 8.02276742590793 8.16417195399599 8.30557648208402 8.44698101017206 8.58838553826012 8.74026038116876 8.92354616853921 9.1068319559097 9.29011774328016
8.15305737257001 8.20946916341779 8.26588095426557 8.32229274511334 8.37870453596113 8.37518104314803 8.35167912244796 8.32817720174788 8.3046752810478 8.28117336034773 8.25767143964765 8.23416951894758 8.21131473382312 8.19040135542549 8.16948797702787 8.14857459863025 8.12766122023263 8.10674784183501 8.08583446343738 8.06492108503976 8.03154307603835 7.99401019016901 7.95647730429966 7.91894441843031 7.88141153256097 7.84387864669162 7.80634576082228 7.77832007010775 7.77881596485771 7.77931185960767 7.77980775435763 7.78030364910759 7.78079954385755 7.78129543860751 7.78179133335747 7.86894861459728 7.98499302466706 8.10103743473684 8.21708184480664 8.33312625487642 8.4491706649462 8.56521507501601 8.69951935609178 8.8886032501856 9.07768714427945 9.26677103837327
8.25551635026929 8.3079004883766 8.3602846264839 8.41266876459119 8.4650529026985 8.4672472278277 8.45271161529752 8.43817600276734 8.42364039023716 8.40910477770698 8.3945691651768 8.38003355264662 8.36225916279685 8.33476844098831 8.30727771917977 8.27978699737124 8.2522962755627 8.22480555375416 8.19731483194562 8.16982411013708 8.13820770978927 8.1052160832617 8.07222445673412 8.03923283020654 8.00624120367897 7.97324957715139 7.94025795062382 7.91599461105133 7.91791613234412 7.91983765363691 7.9217591749297 7.9236806962225 7.92560221751529 7.92752373880808 7.92944526010087 7.9979388594627 8.08862315151423 8.17930744356575 8.2699917356173 8.36067602766882 8.45136031972035 8.54204461177189 8.65877833101481 8.85366033183199 9.0485423326492 9.24342433346638
8.35797532796857 8.40633181333539 8.45468829870221 8.50304478406903 8.55140126943586 8.55931341250736 8.55374410814707 8.54817480378679 8.5426054994265 8.53703619506622 8.53146689070593 8.52589758634564 8.51320359177057 8.47913552655112 8.44506746133166 8.41099939611221 8.37693133089275 8.3428632656733 8.30879520045385 8.27472713523439 8.24487234354018 8.21642197635437 8.18797160916856 8.15952124198276 8.13107087479695 8.10262050761115 8.07417014042534 8.05366915199489 8.05701629983052 8.06036344766614 8.06371059550176 8.06705774333739 8.07040489117302 8.07375203900864 8.07709918684426 8.12692910432812 8.19225327836139 8.25757745239466 8.32290162642795 8.38822580046122 8.45354997449449 8.51887414852778 8.61803730593783 8.81871741347838 9.01939752101895 9.22007762855949
8.46043430566785 8.5047631382942 8.54909197092054 8.59342080354688 8.63774963617323 8.65137959718703 8.65477660099664 8.65817360480625 8.66157060861585 8.66496761242546 8.66836461623507 8.67176162004468 8.66414802074431 8.62350261211393 8.58285720348356 8.5422117948532 8.50156638622282 8.46092097759245 8.42027556896209 8.37963016033171 8.35153697729109 8.32762786944706 8.30371876160302 8.27980965375899 8.25590054591495 8.23199143807091 8.20808233022688 8.19134369293846 8.19611646731692 8.20088924169538 8.20566201607384 8.2104347904523 8.21520756483076 8.21998033920921 8.22475311358767 8.25591934919354 8.29588340520856 8.33584746122358 8.3758115172386 8.41577557325362 8.45573962926863 8.49570368528366 8.57729628086086 8.78377449512476 8.9902527093887 9.1967309236526
8.56289328336713 8.603194463253 8.64349564313886 8.68379682302473 8.7240980029106 8.74344578186669 8.7558090938462 8.7681724058257 8.78053571780521 8.79289902978471 8.80526234176422 8.81762565374372 8.81509244971804 8.76786969767675 8.72064694563547 8.67342419359418 8.62620144155289 8.57897868951161 8.53175593747033 8.48453318542903 8.45820161104201 8.43883376253975 8.41946591403748 8.40009806553521 8.38073021703295 8.36136236853068 8.34199452002842 8.32901823388204 8.33521663480333 8.34141503572462 8.34761343664591 8.3538118375672 8.36001023848849 8.36620863940979 8.37240704033108 8.38490959405897 8.39951353205573 8.41411747005249 8.42872140804925 8.44332534604602 8.45792928404278 8.47253322203954 8.53655525578389 8.74883157677115 8.96110789775845 9.17338421874572
8.63792120880549 8.68633576763999 8.73475032647448 8.78316488530897 8.83157944414348 8.85846187273658 8.87816692458255 8.89787197642853 8.9175770282745 8.93728208012048 8.95698713196645 8.97669218381242 8.97850910557639 8.92666163709426 8.87481416861214 8.82296670013002 8.77111923164789 8.71927176316577 8.66742429468365 8.61557682620152 8.58891461690264 8.57064749399818 8.55238037109372 8.53411324818926 8.51584612528481 8.49757900238034 8.47931187947589 8.46783430576322 8.47672537962593 8.48561645348864 8.49450752735135 8.50339860121406 8.51228967507677 8.52118074893948 8.53007182280219 8.5257359186808 8.51699102189803 8.50824612511527 8.4995012283325 8.49075633154974 8.48201143476697 8.47326653798421 8.51738494767078 8.72009327676556 8.92280160586037 9.12550993495514
8.68551808198291 8.75418705145516 8.8228560209274 8.89152499039965 8.9601939598719 8.99642786979672 9.02185009320574 9.04727231661476 9.07269454002377 9.09811676343279 9.12353898684181 9.14896121025082 9.15439798831938 9.09987843036649 9.04535887241362 8.99083931446074 8.93631975650785 8.88180019855497 8.8272806406021 8.77276108264921 8.74367599487302 8.72306906382241 8.70246213277179 8.68185520172117 8.66124827067055 8.64064133961993 8.62003440856931 8.60779190858202 8.62064270178474 8.63349349498746 8.64634428819018 8.6591950813929 8.67204587459561 8.68489666779833 8.69774746100105 8.67839832305906 8.6483158747355 8.61823342641194 8.58815097808837 8.55806852976481 8.52798608144125 8.49790363311768 8.51978535652156 8.69755959510799 8.87533383369444 9.05310807228086
8.73311495516032 8.82203833527033 8.91096171538032 8.99988509549031 9.08880847560032 9.13439386685687 9.16553326182892 9.19667265680099 9.22781205177304 9.2589514467451 9.29009084171716 9.32123023668922 9.33028687106237 9.27309522363873 9.21590357621509 9.15871192879146 9.10152028136782 9.04432863394418 8.98713698652055 8.9299453390969 8.89843737284341 8.87549063364663 8.85254389444985 8.82959715525308 8.8066504160563 8.78370367685952 8.76075693766274 8.74774951140084 8.76456002394356 8.78137053648628 8.79818104902901 8.81499156157173 8.83180207411446 8.84861258665718 8.8654230991999 8.83106072743732 8.77964072757296 8.7282207277086 8.67680072784423 8.62538072797987 8.57396072811551 8.52254072825114 8.52218576537235 8.67502591345041 8.8278660615285 8.98070620960657
8.78071182833774 8.8898896190855 8.99906740983324 9.10824520058097 9.21742299132873 9.272359863917 9.3092164304521 9.3460729969872 9.3829295635223 9.4197861300574 9.45664269659251 9.4934992631276 9.50617575380535 9.44631201691095 9.38644828001656 9.32658454312217 9.26672080622776 9.20685706933337 9.14699333243898 9.08712959554458 9.05319875081378 9.02791220347084 9.0026256561279 8.97733910878497 8.95205256144203 8.9267660140991 8.90147946675616 8.88770711421963 8.90847734610236 8.9292475779851 8.95001780986782 8.97078804175055 8.99155827363329 9.01232850551601 9.03309873739874 8.98372313181557 8.91096558041042 8.83820802900526 8.76545047760009 8.69269292619494 8.61993537478978 8.54717782338461 8.52458617422313 8.65249223179284 8.78039828936258 8.90830434693229
