data/working_set_collections/6091692-Cassins_Sparrow-MC/2010/bio10.asc
NCOLS 265 
NROWS 230 
XLLCORNER -115.5625 
YLLCORNER 24.8333333333333 
CELLSIZE 0.0833333333333333 
NODATA_value -9999 
[rows 20 to 39 of 230, columns 0 to 45 of 265]
22.5930619239808 22.5888679186504 22.58467391332 22.5804799079896 22.5762859026592 22.5720918973288 22.5678978919984 22.5599163055421 22.5506721920438 22.5414280785455 22.5321839650473 22.522939851549 22.5136957380507 22.5044516245525 22.4753253248004 22.3865524662866 22.2977796077729 22.2090067492592 22.1202338907454 22.0314610322317 21.942688173718 21.8539153152042 21.797274462382 21.7513442781237 21.7054140938653 21.659483909607 21.6135537253486 21.5676235410902 21.5216933568319 21.471052731408 21.4062807824877 21.3415088335673 21.276736884647 21.2119649357266 21.1471929868062 21.0824210378859 21.0176490889655 20.854367907842 20.6582503159841 20.4621327241262 20.2660151322683 20.0698975404104 19.8737799485524 19.6776623566945 19.4564097722372 19.1597522099813
21.9932831128439 21.9815128644308 21.9697426160177 21.9579723676046 21.9462021191916 21.9344318707785 21.9226616223654 21.9375469207764 21.9613174014622 21.985087882148 22.0088583628337 22.0326288435195 22.0563993242052 22.080169804891 22.080495203866 22.0104853577084 21.940475511551 21.8704656653935 21.800455819236 21.7304459730785 21.660436126921 21.5904262807635 21.5644912083944 21.5532477272882 21.5420042461819 21.5307607650757 21.5195172839695 21.5082738028632 21.497030321757 21.4798940764533 21.4450795385573 21.4102650006612 21.3754504627652 21.3406359248691 21.305821386973 21.271006849077 21.2361923111809 21.0800633589427 20.8834962685903 20.6869291782379 20.4903620878856 20.2937949975332 20.0972279071808 19.9006608168284 19.6807327906291 19.3907219568888
21.3935043017071 21.3741578102113 21.3548113187155 21.3354648272198 21.316118335724 21.2967718442282 21.2774253527325 21.3151775360108 21.3719626108806 21.4287476857504 21.4855327606202 21.54231783549 21.5991029103598 21.6558879852296 21.6856650829316 21.6344182491303 21.583171415329 21.5319245815278 21.4806777477265 21.4294309139252 21.378184080124 21.3269372463227 21.3317079544068 21.3551511764527 21.3785943984986 21.4020376205445 21.4254808425903 21.4489240646362 21.4723672866821 21.4887354214986 21.4838782946269 21.4790211677551 21.4741640408834 21.4693069140116 21.4644497871399 21.4595926602681 21.4547355333964 21.3057588100433 21.1087422211965 20.9117256323496 20.7147090435028 20.517692454656 20.3206758658091 20.1236592769623 19.905055809021 19.6216917037964
20.7937254905702 20.7668027559917 20.7398800214133 20.7129572868348 20.6860345522564 20.6591118176779 20.6321890830995 20.6928081512452 20.782607820299 20.8724074893528 20.9622071584066 21.0520068274604 21.1418064965143 21.2316061655681 21.2908349619972 21.2583511405522 21.2258673191071 21.1933834976621 21.160899676217 21.128415854772 21.0959320333269 21.0634482118819 21.0989247004191 21.1570546256171 21.2151845508152 21.2733144760132 21.3314444012112 21.3895743264092 21.4477042516073 21.4975767665439 21.5226770506965 21.547777334849 21.5728776190016 21.5979779031541 21.6230781873067 21.6481784714593 21.6732787556118 21.531454261144 21.3339881738027 21.1365220864614 20.9390559991201 20.7415899117788 20.5441238244375 20.3466577370962 20.129378827413 19.8526614507039
20.3967741860284 20.3790258407593 20.3612774954902 20.3435291502211 20.325780804952 20.3080324596829 20.2902841144138 20.3692894617716 20.4805460400051 20.5918026182386 20.7030591964721 20.8143157747056 20.9255723529392 21.0368289311727 21.1194041252136 21.1159351666768 21.11246620814 21.1089972496033 21.1055282910665 21.1020593325297 21.0985903739929 21.0951214154561 21.1556104660034 21.237418852912 21.3192272398206 21.4010356267293 21.4828440136379 21.5646524005465 21.6464607874552 21.7161338064405 21.7494007216559 21.7826676368713 21.8159345520867 21.8492014673021 21.8824683825175 21.9157352977328 21.9490022129482 21.7951138178508 21.5788403193156 21.3625668207804 21.1462933222453 20.9300198237102 20.713746325175 20.4974728266398 20.2659622298347 19.9887403382196
20.2026503880819 20.2108270645142 20.2190037409465 20.2271804173788 20.235357093811 20.2435337702433 20.2517104466756 20.3446214675903 20.4657772699992 20.586933072408 20.7080888748169 20.8292446772257 20.9504004796346 21.0715562820434 21.171372572581 21.2071703275045 21.242968082428 21.2787658373514 21.3145635922749 21.3503613471984 21.3861591021219 21.4219568570454 21.5017652511596 21.5962438583373 21.6907224655151 21.7852010726928 21.8796796798705 21.9741582870483 22.068636894226 22.1444065411885 22.1640493075052 22.183692073822 22.2033348401387 22.2229776064554 22.2426203727722 22.2622631390889 22.2819059054056 22.0967374801636 21.8432986577352 21.5898598353068 21.3364210128784 21.0829821904501 20.8295433680217 20.5761045455933 20.3148060162863 20.0299283663432
20.0085265901354 20.0426282882691 20.0767299864027 20.1108316845364 20.1449333826701 20.1790350808038 20.2131367789374 20.319953473409 20.4510084999932 20.5820635265774 20.7131185531616 20.8441735797458 20.97522860633 21.1062836329142 21.2233410199483 21.2984054883321 21.3734699567159 21.4485344250996 21.5235988934834 21.5986633618672 21.673727830251 21.7487922986348 21.8479200363159 21.9550688637627 22.0622176912095 22.1693665186563 22.2765153461032 22.38366417355 22.4908130009968 22.5726792759365 22.5786978933546 22.5847165107726 22.5907351281907 22.5967537456088 22.6027723630269 22.608790980445 22.614809597863 22.3983611424764 22.1077569961548 21.8171528498332 21.5265487035116 21.23594455719 20.9453404108683 20.6547362645468 20.3636498027378 20.0711163944669
19.8144027921889 19.8744295120239 19.934456231859 19.9944829516941 20.0545096715291 20.1145363913642 20.1745631111993 20.2952854792277 20.4362397299872 20.5771939807468 20.7181482315063 20.8591024822659 21.0000567330254 21.141010983785 21.2753094673156 21.3896406491597 21.5039718310038 21.6183030128479 21.7326341946919 21.846965376536 21.9612965583801 22.0756277402241 22.1940748214721 22.313893869188 22.433712916904 22.5535319646199 22.6733510123358 22.7931700600518 22.9129891077677 23.0009520106845 22.9933464792039 22.9857409477233 22.9781354162428 22.9705298847622 22.9629243532816 22.955318821801 22.9477132903205 22.6999848047892 22.3722153345744 22.0444458643596 21.7166763941447 21.3889069239299 21.061137453715 20.7333679835002 20.4124935891894 20.1123044225905
19.6202789942424 19.7062307357788 19.7921824773153 19.8781342188517 19.9640859603882 20.0500377019246 20.1359894434611 20.2706174850464 20.4214709599813 20.5723244349162 20.723177909851 20.8740313847859 21.0248848597208 21.1757383346557 21.327277914683 21.4808758099874 21.6344737052917 21.788071600596 21.9416694959004 22.0952673912048 22.2488652865091 22.4024631818135 22.5402296066283 22.6727188746134 22.8052081425984 22.9376974105834 23.0701866785684 23.2026759465535 23.3351652145385 23.4292247454325 23.4079950650532 23.386765384674 23.3655357042948 23.3443060239155 23.3230763435363 23.3018466631571 23.2806169827779 23.0016084671021 22.636673672994 22.2717388788859 21.9068040847779 21.5418692906698 21.1769344965617 20.8119997024537 20.4613373756409 20.1534924507141
19.4261551962959 19.5380319595337 19.6499087227715 19.7617854860094 19.8736622492472 19.9855390124851 20.0974157757229 20.245949490865 20.4067021899753 20.5674548890855 20.7282075881958 20.888960287306 21.0497129864163 21.2104656855265 21.3792463620503 21.572110970815 21.7649755795796 21.9578401883443 22.1507047971089 22.3435694058735 22.5364340146382 22.7292986234028 22.8863843917846 23.0315438800387 23.1767033682928 23.321862856547 23.4670223448011 23.6121818330552 23.7573413213093 23.8574974801805 23.8226436509026 23.7877898216247 23.7529359923468 23.7180821630689 23.683228333791 23.6483745045132 23.6135206752353 23.3032321294149 22.9011320114136 22.4990318934123 22.096931775411 21.6948316574097 21.2927315394084 20.8906314214071 20.5101811620925 20.1946804788378
19.4623937076992 19.5727050463358 19.6830163849724 19.793327723609 19.9036390622457 20.0139504008823 20.1242617395189 20.2793663342793 20.4494020144144 20.6194376945495 20.7894733746846 20.9595090548197 21.1295447349548 21.2995804150899 21.4806143124898 21.6946428616841 21.9086714108784 22.1226999600728 22.3367285092671 22.5507570584614 22.7647856076558 22.9788141568501 23.1407597700754 23.2853444046444 23.4299290392134 23.5745136737823 23.7190983083513 23.8636829429202 24.0082675774892 24.1092544979519 24.0794482760959 24.0496420542399 24.0198358323839 23.9900296105279 23.9602233886719 23.9304171668158 23.9006109449598 23.5716880639395 23.1430596298642 22.7144311957889 22.2858027617137 21.8571743276385 21.4285458935632 20.999917459488 20.5949973106385 20.2612020174663
19.7289945284525 19.8102499961852 19.891505463918 19.9727609316508 20.0540163993835 20.1352718671163 20.216527334849 20.3708680152893 20.5495704332987 20.7282728513081 20.9069752693176 21.085677687327 21.2643801053365 21.4430825233459 21.6313817660013 21.8484714825948 22.0655611991882 22.2826509157816 22.499740632375 22.7168303489684 22.9339200655618 23.1510097821553 23.3033557415008 23.4341204484303 23.5648851553599 23.6956498622894 23.8264145692189 23.9571792761484 24.087943983078 24.1844957987467 24.1784089406331 24.1723220825195 24.1662352244059 24.1601483662923 24.1540615081787 24.1479746500651 24.1418877919515 23.8069762706757 23.3624565283458 22.9179367860158 22.473417043686 22.0288973013561 21.5843775590261 21.1398578166962 20.715785821279 20.3530570665996
19.9955953492058 20.0477949460347 20.0999945428636 20.1521941396925 20.2043937365214 20.2565933333503 20.3087929301792 20.4623696962992 20.649738852183 20.8371080080668 21.0244771639506 21.2118463198343 21.3992154757181 21.5865846316019 21.7821492195129 22.0023001035054 22.2224509874979 22.4426018714904 22.6627527554829 22.8829036394754 23.1030545234679 23.3232054074605 23.4659517129262 23.5828964922163 23.6998412715064 23.8167860507965 23.9337308300866 24.0506756093767 24.1676203886668 24.2597370995415 24.2773696051703 24.2950021107991 24.3126346164279 24.3302671220567 24.3478996276855 24.3655321333143 24.3831646389431 24.042264477412 23.5818534268274 23.1214423762428 22.6610313256582 22.2006202750737 21.740209224489 21.2797981739045 20.8365743319194 20.4449121157329
20.2621961699591 20.2853398958842 20.3084836218092 20.3316273477342 20.3547710736592 20.3779147995843 20.4010585255093 20.5538713773091 20.7499072710672 20.9459431648254 21.1419790585835 21.3380149523417 21.5340508460998 21.7300867398579 21.9329166730244 22.1561287244161 22.3793407758076 22.6025528271992 22.8257648785909 23.0489769299824 23.272188981374 23.4954010327657 23.6285476843516 23.7316725360022 23.8347973876529 23.9379222393036 24.0410470909542 24.1441719426049 24.2472967942555 24.3349784003364 24.3763302697076 24.4176821390788 24.45903400845 24.5003858778212 24.5417377471924 24.5830896165636 24.6244414859348 24.2775526841482 23.801250325309 23.3249479664697 22.8486456076305 22.3723432487913 21.896040889952 21.4197385311127 20.9573628425599 20.5367671648662
20.5287969907124 20.5228848457336 20.5169727007548 20.5110605557759 20.5051484107971 20.4992362658183 20.4933241208394 20.645373058319 20.8500756899515 21.054778321584 21.2594809532165 21.464183584849 21.6688862164815 21.873588848114 22.083684126536 22.3099573453267 22.5362305641174 22.762503782908 22.9887770016988 23.2150502204894 23.4413234392801 23.6675966580708 23.7911436557769 23.8804485797882 23.9697535037994 24.0590584278106 24.1483633518219 24.2376682758331 24.3269731998443 24.4102197011312 24.4752909342448 24.5403621673584 24.605433400472 24.6705046335856 24.7355758666992 24.8006470998128 24.8657183329264 24.5128408908844 24.0206472237906 23.5284535566966 23.0362598896027 22.5440662225088 22.0518725554149 21.559678888321 21.0781513532004 20.6286222139995
20.7953978114658 20.7604297955831 20.7254617797004 20.6904937638177 20.655525747935 20.6205577320523 20.5855897161696 20.736874739329 20.9502441088358 21.1636134783427 21.3769828478495 21.5903522173563 21.8037215868632 22.01709095637 22.2344515800475 22.4637859662373 22.6931203524271 22.9224547386169 23.1517891248067 23.3811235109964 23.6104578971862 23.839792283376 23.9537396272023 24.0292246235741 24.1047096199459 24.1801946163177 24.2556796126895 24.3311646090613 24.4066496054331 24.485461001926 24.574251598782 24.663042195638 24.751832792494 24.84062338935 24.929413986206 25.018204583062 25.106995179918 24.7481290976207 24.2400441222722 23.7319591469235 23.223874171575 22.7157891962264 22.2077042208778 21.6996192455292 21.1989398638408 20.7204772631328
20.9258845382267 20.8782781124115 20.8306716865964 20.7830652607812 20.735458834966 20.6878524091509 20.6402459833357 20.7943082968394 21.0155935234493 21.2368787500593 21.4581639766693 21.6794492032792 21.9007344298892 22.1220196564992 22.3467875427669 22.5820034080081 22.8172192732493 23.0524351384904 23.2876510037316 23.5228668689727 23.7580827342139 23.993298599455 24.0983792940775 24.1600815984938 24.22178390291 24.2834862073262 24.3451885117425 24.4068908161587 24.4685931205749 24.5348081906636 24.6145615577698 24.6943149248759 24.774068291982 24.8538216590881 24.9335750261943 25.0133283933004 25.0930817604065 24.7485220750174 24.2625247054631 23.7765273359087 23.2905299663545 22.8045325968002 22.3185352272458 21.8325378576915 21.3403733783299 20.8297075695462
20.9202571709951 20.8764297962189 20.8326024214427 20.7887750466665 20.7449476718903 20.7011202971141 20.6572929223379 20.8176737308502 21.0461239337921 21.274574136734 21.5030243396759 21.7314745426177 21.9599247455597 22.1883749485015 22.4206920146941 22.664609670639 22.9085273265838 23.1524449825286 23.3963626384735 23.6402802944183 23.8841979503631 24.1281156063079 24.2250626564026 24.2730195045471 24.3209763526916 24.3689332008362 24.4168900489807 24.4648468971252 24.5128037452698 24.5582612673441 24.5962208112081 24.634180355072 24.672139898936 24.7100994427999 24.7480589866638 24.7860185305278 24.8239780743917 24.5140198230745 24.0880889733634 23.6621581236522 23.2362272739411 22.81029642423 22.3843655745189 21.9584347248078 21.5024518966676 20.9563131332398
20.9146298037635 20.8745814800263 20.834533156289 20.7944848325517 20.7544365088145 20.7143881850773 20.67433986134 20.841039164861 21.0766543441348 21.3122695234086 21.5478847026824 21.7834998819562 22.0191150612301 22.2547302405039 22.4945964866214 22.7472159332699 22.9998353799184 23.2524548265668 23.5050742732154 23.7576937198638 24.0103131665123 24.2629326131608 24.3517460187276 24.3859574106004 24.4201688024733 24.4543801943461 24.4885915862189 24.5228029780918 24.5570143699646 24.5817143440247 24.5778800646464 24.5740457852682 24.5702115058899 24.5663772265117 24.5625429471334 24.5587086677552 24.5548743883769 24.2795175711315 23.9136532412636 23.5477889113957 23.1819245815278 22.8160602516599 22.450195921792 22.0843315919241 21.6645304150053 21.0829186969334
20.9090024365319 20.8727331638336 20.8364638911353 20.800194618437 20.7639253457387 20.7276560730404 20.6913868003421 20.8644045988718 21.1071847544775 21.3499649100833 21.592745065689 21.8355252212948 22.0783053769005 22.3210855325063 22.5685009585486 22.8298221959008 23.0911434332529 23.3524646706051 23.6137859079572 23.8751071453094 24.1364283826615 24.3977496200137 24.4784293810526 24.4988953166538 24.5193612522549 24.539827187856 24.5602931234572 24.5807590590583 24.6012249946594 24.6051674207052 24.5595393180847 24.5139112154643 24.4682831128438 24.4226550102234 24.377026907603 24.3313988049825 24.2857707023621 24.0450153191885 23.7392175091638 23.4334196991391 23.1276218891144 22.8218240790898 22.516026269065 22.2102284590404 21.826608933343 21.209524260627
