data/working_set_collections/6091692-Cassins_Sparrow-MC/2010/bio13.asc
NCOLS 265 
NROWS 230 
XLLCORNER -115.5625 
YLLCORNER 24.8333333333333 
CELLSIZE 0.0833333333333333 
NODATA_value -9999 
[rows 100 to 119 of 230, columns 184 to 229 of 265]
63.6868822097779 63.7522096633912 63.8175371170045 64.7084712028503 65.8746074994404 67.0407437960306 68.2068800926209 69.373016389211 70.5391526858012 71.7052889823915 73.1888011296588 75.6244408289588 78.0600805282592 80.4957202275592 82.9313599268592 85.3669996261596 87.8026393254596 90.2382790247595 91.9661052703858 93.4579936981201 94.9498821258544 96.4417705535889 97.9336589813232 99.4255474090575 100.917435836792 102.15633691152 102.636275927226 103.116214942932 103.596153958639 104.076092974345 104.556031990051 105.035971005758 105.515910021464 104.900117301941 103.919080670675 102.938044039409 101.957007408142 100.975970776876 99.9949341456097 99.0138975143433 98.6328136444087 100.051588058471 101.470362472534 102.889136886596 104.307911300659 105.726685714721
63.2441643397014 63.097391234504 62.9506181293065 63.6861140886942 64.7156997362772 65.7452853838602 66.7748710314433 67.8044566790263 68.8340423266093 69.8636279741924 71.2501787185666 73.7076247533158 76.1650707880654 78.6225168228147 81.0799628575638 83.5374088923135 85.9948549270627 88.4523009618119 90.1583916982015 91.6140306684705 93.0696696387396 94.5253086090088 95.9809475792778 97.4365865495469 98.8922255198161 100.154879400465 100.838578012255 101.522276624044 102.205975235833 102.889673847622 103.573372459412 104.257071071201 104.94076968299 104.504594357809 103.695127720303 102.885661082798 102.076194445292 101.266727807787 100.457261170281 99.647794532776 99.4081958770748 100.878201166788 102.348206456502 103.818211746215 105.288217035929 106.758222325643
63.5677706082661 63.2748280101352 62.9818854120042 63.5797579129535 64.474568780263 65.3693796475725 66.2641905148822 67.1590013821917 68.0538122495013 68.948623116811 70.2306487613249 72.6743187374532 75.117988713582 77.5616586897103 80.0053286658386 82.4489986419674 84.8926686180957 87.3363385942241 89.0247853597003 90.4614910549585 91.8981967502167 93.3349024454751 94.7716081407332 96.2083138359914 97.6450195312498 98.9274649302163 99.7471294403074 100.566793950399 101.38645846049 102.206122970581 103.025787480672 103.845451990763 104.665116500854 104.401230494181 103.77616098192 103.151091469659 102.526021957397 101.900952445136 101.275882932875 100.650813420614 100.568524826897 102.114578988816 103.660633150736 105.206687312655 106.752741474575 108.298795636494
64.6577010154723 64.2845199902851 63.911338965098 64.3894026756284 65.1512146313982 65.9130265871681 66.674838542938 67.4366504987079 68.1984624544777 68.9602744102477 70.130211257934 72.5245227813714 74.9188343048092 77.3131458282466 79.7074573516839 82.1017688751217 84.4960803985591 86.8903919219965 88.5652862548826 90.0003748575844 91.4354634602861 92.8705520629881 94.3056406656899 95.7407292683916 97.1758178710936 98.474093500773 99.3619302113849 100.249766921997 101.137603632609 102.025440343221 102.913277053833 103.801113764445 104.688950475057 104.59002571106 104.162180455526 103.734335199992 103.306489944458 102.878644688924 102.45079943339 102.022954177856 102.113800493876 103.760721524556 105.407642555236 107.054563585916 108.701484616597 110.348405647277
65.7476314226786 65.2942119704352 64.8407925181919 65.1990474383034 65.8278604825335 66.4566735267637 67.0854865709939 67.714299615224 68.3431126594541 68.9719257036844 70.0297737545432 72.3747268252896 74.7196798960364 77.0646329667828 79.4095860375292 81.754539108276 84.0994921790224 86.4444452497688 88.1057871500649 89.5392586602103 90.9727301703556 92.4062016805011 93.8396731906464 95.2731447007918 96.7066162109373 98.0207220713296 98.9767309824623 99.9327398935953 100.888748804728 101.844757715861 102.800766626994 103.756775538126 104.712784449259 104.778820927938 104.548199929131 104.317578930325 104.086957931518 103.856336932712 103.625715933906 103.395094935099 103.659076160854 105.406864060295 107.154651959737 108.902439859178 110.650227758619 112.39801565806
66.8375618298848 66.3039039505853 65.7702460712857 66.0086922009784 66.5045063336688 67.0003204663593 67.4961345990498 67.9919487317402 68.4877628644306 68.9835769971211 69.9293362511524 72.2249308692078 74.5205254872636 76.8161201053191 79.1117147233745 81.4073093414303 83.7029039594858 85.9984985775412 87.6462880452472 89.0781424628361 90.509996880425 91.9418512980141 93.373705715603 94.8055601331919 96.2374145507811 97.5673506418862 98.5915317535398 99.6157128651935 100.639893976847 101.664075088501 102.688256200154 103.712437311808 104.736618423462 104.967616144816 104.934219402737 104.900822660658 104.867425918579 104.8340291765 104.800632434421 104.767235692342 105.204351827833 107.053006596035 108.901661364237 110.750316132439 112.598970900641 114.447625668843
67.927492237091 67.3135959307352 66.6996996243795 66.8183369636534 67.1811521848041 67.5439674059548 67.9067826271056 68.2695978482563 68.632413069407 68.9952282905578 69.8288987477615 72.075134913126 74.3213710784909 76.5676072438553 78.8138434092198 81.0600795745846 83.3063157399491 85.5525519053136 87.1867889404295 88.617026265462 90.0472635904945 91.4775009155272 92.9077382405597 94.3379755655921 95.7682128906249 97.1139792124429 98.2063325246173 99.2986858367918 100.391039148966 101.483392461141 102.575745773315 103.66809908549 104.760452397664 105.156411361694 105.320238876343 105.484066390991 105.64789390564 105.811721420288 105.975548934936 106.139376449585 106.749627494811 108.699149131774 110.648670768737 112.5981924057 114.547714042663 116.497235679626
69.0174226442972 68.3232879108853 67.6291531774733 67.6279817263284 67.8577980359394 68.0876143455504 68.3174306551614 68.5472469647725 68.7770632743835 69.0068795839945 69.7284612443707 71.9253389570442 74.1222166697181 76.3190943823916 78.5159720950651 80.7128498077389 82.9097275204124 85.1066052330859 86.7272898356118 88.1559100680878 89.5845303005639 91.0131505330402 92.4417707655162 93.8703909979923 95.2990112304686 96.6606077829995 97.8211332956947 98.9816588083901 100.142184321085 101.302709833781 102.463235346476 103.623760859171 104.784286371867 105.345206578573 105.706258349948 106.067310121324 106.4283618927 106.789413664076 107.150465435452 107.511517206828 108.29490316179 110.345291667514 112.395680173238 114.446068678961 116.496457184685 118.546845690409
69.736424446106 69.0233494440716 68.3102744420371 68.2170741399129 68.330498737759 68.4439233356051 68.5573479334513 68.6707725312974 68.7841971291436 68.8976217269898 69.4970916324187 71.5546974605979 73.6123032887774 75.6699091169566 77.7275149451357 79.7851207733153 81.8427266014944 83.9003324296736 85.45315062205 86.8377062691582 88.2222619162664 89.6068175633749 90.9913732104831 92.3759288575913 93.7604845046998 95.1144664764404 96.3767274220784 97.6389883677165 98.9012493133545 100.163510258992 101.425771204631 102.688032150268 103.950293095906 104.705748621623 105.292269007365 105.878789393107 106.465309778849 107.051830164591 107.638350550334 108.224870936076 109.203929011027 111.360600153604 113.517271296183 115.673942438761 117.830613581339 119.987284723917
70.0844976425171 69.4137805302939 68.7430634180706 68.5856142044067 68.5992542902628 68.612894376119 68.6265344619751 68.6401745478312 68.6538146336873 68.6674547195435 69.1347899119056 70.963210423787 72.7916309356688 74.6200514475502 76.4484719594317 78.2768924713134 80.1053129831949 81.9337334950763 83.3643712997438 84.6624148686728 85.9604584376017 87.2585020065309 88.5565455754599 89.8545891443889 91.1526327133181 92.4755552927654 93.8731149037679 95.2706745147707 96.6682341257732 98.0657937367757 99.4633533477784 100.860912958781 102.258472569783 103.238037490845 104.078270848592 104.918504206339 105.758737564087 106.598970921834 107.439204279582 108.279437637329 109.476705042521 111.745074590046 114.013444137573 116.281813685099 118.550183232625 120.818552780151
70.4325708389283 69.8042116165162 69.1758523941041 68.9541542689005 68.8680098427666 68.7818654166328 68.6957209904989 68.609576564365 68.5234321382311 68.4372877120972 68.7724881913924 70.3717233869761 71.9709585825601 73.5701937781438 75.1694289737275 76.7686641693115 78.3678993648952 79.9671345604789 81.2755919774374 82.4871234681871 83.6986549589369 84.9101864496868 86.1217179404365 87.3332494311863 88.5447809219362 89.8366441090902 91.3695023854573 92.9023606618246 94.4352189381917 95.9680772145588 97.5009354909261 99.0337937672932 100.56665204366 101.770326360067 102.864272689819 103.958219019572 105.052165349324 106.146111679077 107.240058008829 108.334004338582 109.749481074015 112.129549026489 114.509616978963 116.889684931437 119.26975288391 121.649820836385
70.7806440353394 70.1946427027385 69.6086413701376 69.3226943333944 69.1367653952705 68.9508364571466 68.7649075190226 68.5789785808988 68.3930496427749 68.207120704651 68.4101864708792 69.7802363501652 71.1502862294514 72.5203361087373 73.8903859880233 75.2604358673095 76.6304857465955 78.0005356258815 79.1868126551311 80.3118320677015 81.436851480272 82.5618708928427 83.6868903054132 84.8119097179836 85.9369291305543 87.197732925415 88.8658898671466 90.5340468088786 92.2022037506102 93.8703606923419 95.5385176340738 97.2066745758055 98.8748315175372 100.302615229289 101.650274531046 102.997933832804 104.345593134562 105.69325243632 107.040911738077 108.388571039835 110.022257105509 112.514023462931 115.005789820353 117.497556177774 119.989322535196 122.481088892618
71.1287172317505 70.5850737889608 70.0414303461711 69.6912343978882 69.4055209477743 69.1198074976604 68.8340940475464 68.5483805974325 68.2626671473186 67.9769536972047 68.047884750366 69.1887493133543 70.3296138763427 71.470478439331 72.6113430023192 73.7522075653077 74.8930721282959 76.0339366912842 77.0980333328249 78.1365406672161 79.1750480016074 80.2135553359988 81.25206267039 82.2905700047812 83.3290773391726 84.5588217417399 86.3622773488362 88.1657329559327 89.9691885630289 91.7726441701252 93.5760997772217 95.3795553843179 97.1830109914142 98.8349040985107 100.436276372274 102.037648646036 103.6390209198 105.240393193563 106.841765467325 108.443137741089 110.295033137003 112.898497899373 115.501962661743 118.105427424112 120.708892186482 123.312356948852
71.4767904281616 70.9755048751832 70.4742193222047 70.059774462382 69.6742765002781 69.2887785381742 68.9032805760702 68.5177826139663 68.1322846518624 67.7467866897584 67.6855830298528 68.5972622765433 69.508941523234 70.4206207699245 71.332300016615 72.2439792633057 73.1556585099962 74.0673377566868 75.0092540105185 75.9612492667305 76.9132445229425 77.8652397791546 78.8172350353666 79.7692302915786 80.7212255477907 81.9199105580647 83.8586648305255 85.7974191029867 87.7361733754474 89.6749276479083 91.6136819203694 93.5524361928302 95.491190465291 97.3671929677326 99.2222782135007 101.077363459269 102.932448705037 104.787533950805 106.642619196573 108.497704442342 110.567809168497 113.282972335815 115.998135503133 118.71329867045 121.428461837768 124.143625005086
71.502812576294 71.0438590579564 70.5849055396188 70.1285302480063 69.6730143653023 69.2174984825984 68.7619825998943 68.3064667171903 67.8509508344864 67.3954349517823 67.241349114312 67.9915534125433 68.7417577107747 69.491962009006 70.2421663072373 70.9923706054687 71.7425749037 72.4927792019313 73.33207766215 74.2010741763644 75.0700706905788 75.9390672047933 76.8080637190077 77.677060233222 78.5460567474366 79.7044420242307 81.7309935887651 83.7575451532998 85.7840967178342 87.8106482823686 89.8371998469033 91.8637514114377 93.8903029759721 95.9230792999266 97.9579305436873 99.992781787448 102.027633031209 104.06248427497 106.097335518731 108.132186762492 110.344918865627 113.091293546888 115.837668228149 118.58404290941 121.33041759067 124.076792271932
71.2067836761476 70.7901363372804 70.3734889984133 69.8975017547609 69.4017345428468 68.9059673309328 68.4102001190187 67.9144329071047 67.4186656951906 66.9228984832765 66.7151830037434 67.3716227213541 68.0280624389649 68.6845021565755 69.3409418741862 69.9973815917969 70.6538213094076 71.3102610270182 72.0665042877198 72.8560153961182 73.6455265045166 74.4350376129152 75.2245487213136 76.014059829712 76.8035709381105 77.9124161402383 79.9792636235552 82.0461111068725 84.1129585901894 86.1798060735064 88.2466535568236 90.3135010401406 92.3803485234575 94.5025630950927 96.6432333628334 98.7839036305741 100.924573898315 103.065244166056 105.205914433797 107.346584701538 109.626362228393 112.323461532592 115.020560836792 117.717660140991 120.41475944519 123.111858749389
70.9107547760011 70.5364136166044 70.1620724572077 69.6664732615154 69.1304547203913 68.5944361792672 68.058417638143 67.522399097019 66.9863805558949 66.4503620147707 66.1890168931749 66.7516920301649 67.3143671671549 67.877042304145 68.439717441135 69.002392578125 69.565067715115 70.127742852105 70.8009309132894 71.5109566158719 72.2209823184543 72.9310080210369 73.6410337236193 74.3510594262017 75.0610851287843 76.1203902562457 78.2275336583452 80.334677060445 82.4418204625445 84.548963864644 86.6561072667438 88.7632506688433 90.8703940709428 93.0820468902586 95.3285361819794 97.5750254737002 99.8215147654213 102.068004057142 104.314493348863 106.560982640584 108.907805591159 111.555629518296 114.203453445434 116.851277372572 119.499101299709 122.146925226847
70.6147258758546 70.2826908959284 69.9506559160022 69.43544476827 68.8591748979358 68.2829050276017 67.7066351572674 67.1303652869332 66.5540954165991 65.9778255462648 65.6628507826063 66.1317613389756 66.600671895345 67.0695824517144 67.5384930080837 68.0074035644532 68.4763141208225 68.9452246771918 69.5353575388591 70.1658978356256 70.796438132392 71.4269784291586 72.0575187259251 72.6880590226915 73.3185993194581 74.3283643722531 76.4758036931352 78.6232430140176 80.7706823348996 82.9181216557816 85.065560976664 87.2130002975461 89.3604396184281 91.6615306854246 94.0138390011254 96.3661473168262 98.7184556325274 101.070763948228 103.423072263929 105.77538057963 108.189248953925 110.787797504001 113.386346054077 115.984894604153 118.583443154228 121.181991704305
70.3186969757081 70.0289681752524 69.7392393747967 69.2044162750246 68.5878950754803 67.9713738759361 67.3548526763918 66.7383314768475 66.1218102773033 65.505289077759 65.1366846720378 65.5118306477865 65.8869766235352 66.2621225992839 66.6372685750326 67.0124145507814 67.38756052653 67.7627065022787 68.2697841644288 68.8208390553793 69.3718939463298 69.9229488372804 70.4740037282309 71.0250586191815 71.576113510132 72.5363384882607 74.7240737279253 76.9118089675902 79.0995442072548 81.2872794469194 83.4750146865844 85.662749926249 87.8504851659135 90.2410144805906 92.6991418202715 95.1572691599523 97.6153964996335 100.073523839314 102.531651178995 104.989778518676 107.470692316691 110.019965489705 112.569238662719 115.118511835734 117.667785008748 120.217058181762
70.0226680755616 69.7752454545764 69.5278228335911 68.9733877817791 68.3166152530248 67.6598427242705 67.0030701955161 66.3462976667618 65.6895251380075 65.0327526092531 64.6105185614692 64.8918999565972 65.1732813517253 65.4546627468534 65.7360441419814 66.0174255371095 66.2988069322375 66.5801883273655 67.0042107899985 67.475780275133 67.9473497602675 68.4189192454022 68.8904887305367 69.3620582156712 69.8336277008058 70.7443126042682 72.9723437627153 75.2003749211628 77.4284060796099 79.656437238057 81.8844683965046 84.1124995549517 86.3405307133988 88.8204982757566 91.3844446394175 93.9483910030783 96.5123373667396 99.0762837304005 101.640230094061 104.204176457723 106.752135679456 109.252133475409 111.752131271362 114.252129067315 116.752126863267 119.25212465922
