data/working_set_collections/6091692-Cassins_Sparrow-MC/2010/bio19.asc
NCOLS 265 
NROWS 230 
XLLCORNER -115.5625 
YLLCORNER 24.8333333333333 
CELLSIZE 0.0833333333333333 
NODATA_value -9999 
[rows 200 to 219 of 230, columns 138 to 183 of 265]
9.95939839680986 10.1847410837809 10.4100837707519 10.6354264577229 11.1264338970184 11.7059962537553 12.2855586104922 12.8651209672292 13.444683323966 14.0242456807029 14.6038080374399 15.1987698607974 15.8399300840165 16.4810903072357 17.1222505304548 17.7634107536738 18.404570976893 19.0457312001121 19.6868914233312 20.1345324993133 20.5176671928829 20.9008018864525 21.2839365800221 21.6670712735917 22.0502059671613 22.433340660731 22.7218652990129 22.7265597714318 22.7312542438507 22.7359487162696 22.7406431886885 22.7453376611074 22.7500321335263 22.7547266059452 23.6342058658598 24.8052800549398 25.9763542440199 27.1474284331002 28.3185026221802 29.4895768112603 30.6606510003405 32.1022055731874 34.3552012973354 36.6081970214839 38.861192745632 41.11418846978
9.78111508687335 10.0019673665365 10.2228196461995 10.4436719258626 10.9125282764434 11.4640526506635 12.0155770248836 12.5671013991038 13.1186257733238 13.6701501475439 14.2216745217641 14.7979966110653 15.4487118456098 16.0994270801544 16.7501423146989 17.4008575492434 18.051572783788 18.7022880183325 19.353003252877 19.8256906986236 20.2390355481041 20.6523803975846 21.0657252470652 21.4790700965457 21.8924149460262 22.3057597955068 22.6164125813378 22.6189891762204 22.6215657711029 22.6241423659855 22.626718960868 22.6292955557506 22.6318721506331 22.6344487455156 23.5582538127897 24.7891350375279 26.020016262266 27.2508974870044 28.4817787117425 29.7126599364807 30.943541161219 32.4683871799039 34.87512758043 37.2818679809565 39.6886083814826 42.0953487820087
9.60283177693682 9.81919364929199 10.0355555216471 10.2519173940023 10.6986226558685 11.2221090475717 11.745595439275 12.2690818309784 12.7925682226816 13.3160546143849 13.8395410060882 14.3972233613331 15.057493607203 15.7177638530731 16.378034098943 17.0383043448129 17.6985745906829 18.3588448365528 19.0191150824228 19.5168488979339 19.9604039033253 20.4039589087168 20.8475139141082 21.2910689194997 21.7346239248911 22.1781789302825 22.5109598636627 22.5114185810089 22.5118772983551 22.5123360157013 22.5127947330475 22.5132534503937 22.5137121677399 22.5141708850861 23.4823017597196 24.7729900201159 26.0636782805121 27.3543665409086 28.6450548013048 29.9357430617011 31.2264313220975 32.8345687866205 35.3950538635246 37.9555389404291 40.5160240173333 43.0765090942374
9.42454846700029 9.63641993204752 9.8482913970947 10.0601628621419 10.4847170352935 10.98016544448 11.4756138536664 11.9710622628529 12.4665106720394 12.9619590812258 13.4574074904124 13.996450111601 14.6662753687963 15.3361006259918 16.0059258831871 16.6757511403824 17.3455763975779 18.0154016547732 18.6852269119685 19.2080070972442 19.6817722585465 20.1555374198489 20.6293025811513 21.1030677424536 21.5768329037559 22.0505980650583 22.4055071459876 22.4038479857975 22.4021888256073 22.4005296654172 22.398870505227 22.3972113450368 22.3955521848467 22.3938930246565 23.4063497066496 24.7568450027039 26.1073402987582 27.4578355948128 28.8083308908671 30.1588261869214 31.509321482976 33.200750393337 35.9149801466192 38.6292098999018 41.3434396531839 44.0576694064661
9.29258840613891 9.49855275948841 9.70451711283787 9.91048146618733 10.3108845392862 10.7761005189683 11.2413164986504 11.7065324783325 12.1717484580145 12.6369644376966 13.1021804173787 13.6210937447017 14.3010991149477 14.9811044851938 15.6611098554398 16.3411152256858 17.021120595932 17.7011259661779 18.3811313364239 18.947707192103 19.4764732095929 20.0052392270829 20.5340052445729 21.0627712620628 21.5915372795527 22.1203032970427 22.5130830446878 22.4979039827982 22.4827249209086 22.4675458590189 22.4523667971293 22.4371877352396 22.42200867335 22.4068296114603 23.4774267832435 24.9099493662512 26.3424719492589 27.7749945322669 29.2075171152746 30.6400396982823 32.0725622812903 33.8498204867037 36.6612855593354 39.4727506319675 42.2842157045992 45.0956807772308
9.20695159435268 9.40559213161467 9.60423266887662 9.80287320613857 10.1771251678466 10.6099142710367 11.0427033742268 11.475492477417 11.908281580607 12.3410706837971 12.7738597869873 13.2711542606353 13.9619648456572 14.6527754306793 15.3435860157012 16.0343966007231 16.7252071857452 17.4160177707671 18.106828355789 18.7359491825103 19.3445067564645 19.9530643304187 20.5616219043731 21.1701794783273 21.7787370522815 22.3872946262358 22.8336875597635 22.7935865720113 22.753485584259 22.7133845965067 22.6732836087545 22.6331826210022 22.5930816332499 22.5529806454976 23.6955329895017 25.2323031107581 26.7690732320145 28.3058433532711 29.8426134745275 31.3793835957839 32.9161537170406 34.7817790667208 37.6339701016734 40.4861611366265 43.3383521715792 46.1905432065318
9.12131478256645 9.31263150374093 9.50394822491537 9.69526494608981 10.043365796407 10.4437280231051 10.8440902498032 11.2444524765014 11.6448147031995 12.0451769298977 12.4455391565958 12.9212147765688 13.6228305763667 14.3244463761647 15.0260621759625 15.7276779757604 16.4292937755584 17.1309095753563 17.8325253751541 18.5241911729176 19.2125403033361 19.9008894337546 20.5892385641733 21.2775876945918 21.9659368250103 22.6542859554289 23.1542920748392 23.0892691612243 23.0242462476094 22.9592233339945 22.8942004203796 22.8291775067647 22.7641545931498 22.6991316795349 23.9136391957598 25.5546568552649 27.19567451477 28.8366921742754 30.4777098337805 32.1187274932856 33.7597451527909 35.7137376467379 38.6066546440115 41.4995716412856 44.3924886385592 47.2854056358328
9.03567797078023 9.2196708758672 9.40366378095413 9.58765668604106 9.90960642496741 10.2775417751736 10.6454771253797 11.0134124755859 11.3813478257921 11.7492831759982 12.1172185262044 12.5712752925024 13.2836963070762 13.9961173216501 14.7085383362239 15.4209593507977 16.1333803653716 16.8458013799454 17.5582223945192 18.3124331633249 19.0805738502077 19.8487145370905 20.6168552239735 21.3849959108563 22.1531365977391 22.921277284622 23.4748965899149 23.3849517504374 23.2950069109598 23.2050620714823 23.1151172320048 23.0251723925272 22.9352275530497 22.8452827135722 24.1317454020179 25.8770105997717 27.6222757975255 29.3675409952795 31.1128061930333 32.8580713907871 34.6033365885412 36.6456962267549 39.5793391863495 42.5129821459445 45.4466251055391 48.3802680651336
8.950041158994 9.12671024799345 9.30337933699288 9.4800484259923 9.7758470535278 10.111355527242 10.4468640009562 10.7823724746704 11.1178809483846 11.4533894220988 11.788897895813 12.221335808436 12.9445620377857 13.6677882671356 14.3910144964853 15.114240725835 15.8374669551849 16.5606931845346 17.2839194138843 18.1006751537322 18.9486073970793 19.7965396404264 20.6444718837737 21.4924041271208 22.3403363704679 23.1882686138151 23.7955011049906 23.6806343396505 23.5657675743103 23.4509008089701 23.33603404363 23.2211672782898 23.1063005129496 22.9914337476095 24.349851608276 26.1993643442785 28.048877080281 29.8983898162838 31.7479025522863 33.5974152882887 35.4469280242915 37.577654806772 40.5520237286876 43.5263926506036 46.5007615725191 49.4751304944346
8.86440434720778 9.03374962011972 9.20309489303163 9.37244016594354 9.64208768208818 9.94516927931039 10.2482508765326 10.5513324737549 10.8544140709771 11.1574956681993 11.4605772654215 11.8713963243695 12.6054277684952 13.339459212621 14.0734906567466 14.8075221008723 15.5415535449981 16.2755849891237 17.0096164332494 17.8889171441395 18.8166409439509 19.7443647437623 20.6720885435739 21.5998123433853 22.5275361431967 23.4552599430082 24.1161056200663 23.9763169288635 23.8365282376607 23.6967395464579 23.5569508552551 23.4171621640523 23.2773734728495 23.1375847816468 24.5679578145341 26.5217180887853 28.4754783630365 30.429238637288 32.3829989115392 34.3367591857903 36.2905194600419 38.5096133867891 41.5247082710256 44.5398031552626 47.5548980394991 50.5699929237356
8.7114430281851 8.87680487235389 9.04216671652265 9.20752856069141 9.46385266780853 9.75049752924175 10.037142390675 10.3237872521083 10.6104321135415 10.8970769749747 11.183721836408 11.5853124035728 12.3317400879328 13.078167772293 13.824595456653 14.5710231410131 15.3174508253732 16.0638785097333 16.8103061940933 17.7617671966551 18.7815726386174 19.8013780805796 20.8211835225421 21.8409889645044 22.8607944064666 23.8805998484291 24.6012660291459 24.4245144261254 24.2477628231048 24.0710112200842 23.8942596170637 23.7175080140431 23.5407564110226 23.364004808002 24.8723376274105 26.9423652542956 29.0123928811808 31.0824205080663 33.1524481349515 35.2224757618366 37.2925033887222 39.5993423991724 42.6166155603186 45.6338887214653 48.6511618826115 51.6684350437577
8.4911572019259 8.6558760046959 8.82059480746587 8.98531361023584 9.24114201068877 9.527340277036 9.81353854338324 10.0997368097305 10.3859350760778 10.672133342425 10.9583316087723 11.3630840460458 12.1234989960987 12.8839139461516 13.6443288962045 14.4047438462573 15.1651587963103 15.9255737463632 16.685988696416 17.7192253112791 18.8434024810788 19.9675796508786 21.0917568206785 22.2159339904782 23.3401111602779 24.4642883300778 25.2509823322296 25.0252268314361 24.7994713306426 24.5737158298492 24.3479603290558 24.1222048282623 23.8964493274689 23.6706938266754 25.2629910469051 27.4613058408096 29.659620634714 31.8579354286189 34.0562502225234 36.2545650164278 38.4528798103327 40.846841843922 43.8277455965667 46.8086493492119 49.7895531018566 52.7704568545013
8.27087137566671 8.43494713703792 8.5990228984091 8.76309865978028 9.01843135356901 9.30418302483026 9.5899346960915 9.87568636735279 10.161438038614 10.4471897098753 10.7329413811366 11.1408556885188 11.9152579042645 12.6896601200103 13.4640623357559 14.2384645515016 15.0128667672474 15.7872689829931 16.5616711987387 17.6766834259031 18.9052323235403 20.1337812211775 21.3623301188149 22.590879016452 23.8194279140892 25.0479768117266 25.9006986353132 25.6259392367469 25.3511798381805 25.0764204396142 24.8016610410479 24.5269016424815 24.2521422439151 23.9773828453488 25.6536444663997 27.9802464273235 30.3068483882473 32.6334503491715 34.9600523100952 37.286654271019 39.6132562319432 42.0943412886717 45.0388756328149 47.9834099769586 50.9279443211017 53.8724786652449
8.05058554940751 8.21401826937993 8.37745098935232 8.54088370932471 8.79572069644926 9.0810257726245 9.36633084879976 9.65163592497505 9.9369410011503 10.2222460773256 10.5075511535009 10.9186273309918 11.7070168124303 12.4954062938689 13.2837957753074 14.0721852567459 14.8605747381845 15.648964219623 16.4373537010615 17.6341415405271 18.9670621660017 20.2999827914764 21.6329034169512 22.9658240424259 24.2987446679005 25.6316652933754 26.5504149383969 26.2266516420577 25.9028883457184 25.5791250493792 25.2553617530399 24.9315984567007 24.6078351603614 24.2840718640222 26.0442978858943 28.4991870138374 30.9540761417805 33.408965269724 35.8638543976671 38.3187435256102 40.7736326535537 43.3418407334214 46.250005669063 49.1581706047052 52.0663355403468 54.9745004759885
7.83029972314834 7.99308940172196 8.15587908029556 8.31866875886916 8.57301003932952 8.85786852041878 9.14272700150803 9.42758548259734 9.7124439636866 9.99730244477586 10.2821609258652 10.6963989734648 11.4987757205961 12.3011524677276 13.1035292148589 13.9059059619902 14.7082827091216 15.5106594562529 16.3130362033842 17.5915996551511 19.0288920084632 20.4661843617753 21.9034767150876 23.3407690683997 24.7780614217117 26.2153537750241 27.2001312414805 26.8273640473684 26.4545968532562 26.0818296591441 25.709062465032 25.3362952709198 24.9635280768077 24.5907608826956 26.4349513053889 29.0181276003513 31.6013038953137 34.1844801902765 36.7676564852389 39.3508327802013 41.9340090751642 44.5893401781709 47.4611357053111 50.3329312324517 53.2047267595918 56.076522286732
7.61001389688916 7.772160534064 7.93430717123881 8.09645380841362 8.35029938220978 8.63471126821305 8.91912315421631 9.20353504021963 9.48794692622289 9.77235881222616 10.0567706982295 10.4741706159378 11.290534628762 12.1068986415862 12.9232626544103 13.7396266672344 14.5559906800587 15.3723546928828 16.1887187057069 17.5490577697751 19.0907218509247 20.6323859320742 22.174050013224 23.7157140943735 25.257378175523 26.7990422566728 27.8498475445641 27.4280764526791 27.006305360794 26.584534268909 26.162763177024 25.7409920851389 25.3192209932539 24.8974499013689 26.8256047248835 29.5370681868652 32.2485316488469 34.959995110829 37.6714585728107 40.3829220347924 43.0943854967746 45.8368396229205 48.6722657415591 51.5076918601982 54.3431179788368 57.1785440974755
7.40612012280356 7.57053997516631 7.73495982752904 7.89937967989177 8.1638091365496 8.46157512797244 8.75934111939529 9.05710711081818 9.35487310224103 9.65263909366387 9.95040508508677 10.3804164091744 11.2071637312569 12.0339110533395 12.860658375422 13.6874056975044 14.514153019587 15.3409003416695 16.167647663752 17.5885533650713 19.2075118594696 20.8264703538678 22.4454288482663 24.0643873426645 25.6833458370628 27.3023043314613 28.4010497358111 27.9391558700138 27.4772620042165 27.0153681384193 26.5534742726221 26.0915804068248 25.6296865410276 25.1677926752303 27.3469571431472 30.4064743889694 33.4659916347917 36.5255088806144 39.5850261264367 42.6445433722589 45.7040606180817 48.6384325875166 51.1973687277888 53.7563048680615 56.3152410083338 58.874177148606
7.2186184008916 7.38822772502899 7.55783704916635 7.72744637330371 8.01353930234906 8.33846009969706 8.66338089704506 8.98830169439312 9.31322249174111 9.63814328908911 9.96306408643717 10.4151363531746 11.248663028081 12.0821897029875 12.9157163778939 13.7492430528002 14.5827697277068 15.4162964026131 16.2498230775195 17.7100864410397 19.3792620340979 21.0484376271561 22.7176132202145 24.3867888132727 26.0559644063308 27.7251399993893 28.8537378152212 28.3606022993724 27.8674667835236 27.3743312676748 26.881195751826 26.3880602359772 25.8949247201284 25.4017892042797 27.9990085601799 31.626346206664 35.2536838531481 38.8810214996328 42.5083591461168 46.1356967926009 49.7630344390856 52.9941190719592 55.0364446640002 57.0787702560416 59.1210958480825 61.1634214401235
7.03111667897965 7.20591547489167 7.38071427080367 7.55551306671565 7.86326946814852 8.21534507142168 8.56742067469483 8.91949627796804 9.2715718812412 9.62364748451435 9.97572308778756 10.4498562971749 11.2901623249051 12.1304683526355 12.9707743803658 13.8110804080961 14.6513864358265 15.4916924635567 16.331998491287 17.8316195170081 19.5510122087262 21.2704049004443 22.9897975921627 24.7091902838808 26.4285829755989 28.1479756673173 29.3064258946313 28.782048728731 28.2576715628306 27.7332943969303 27.20891723103 26.6845400651296 26.1601628992293 25.635785733329 28.6510599772127 32.8462180243586 37.0413760715045 41.2365341186511 45.431692165797 49.6268502129429 53.8220082600895 57.3498055564019 58.8755206002116 60.4012356440216 61.9269506878313 63.452665731641
6.84361495706767 7.02360322475432 7.20359149244094 7.38357976012757 7.71299963394796 8.09223004314627 8.47146045234459 8.85069086154296 9.22992127074128 9.60915167993959 9.98838208913796 10.4845762411751 11.3316616217293 12.1787470022836 13.0258323828377 13.8729177633919 14.7200031439462 15.5670885245003 16.4141739050545 17.9531525929766 19.7227623833546 21.4923721737327 23.261981964111 25.031591754489 26.8012015448671 28.5708113352454 29.7591139740415 29.2034951580896 28.6478763421377 28.0922575261859 27.536638710234 26.9810198942821 26.4254010783302 25.8697822623784 29.3031113942455 34.0660898420534 38.8290682898612 43.5920467376698 48.3550251854776 53.1180036332855 57.8809820810941 61.7054920408454 62.7145965364237 63.7237010320022 64.7328055275806 65.7419100231589
